Gaia/vari_eclipsing_binary/VariEclipsingBinary_459935-459946.csv
# %ECSV 1.0
# ---
# delimiter: ','
# meta: !!omap
# - RELEASE: Gaia DR3
# - TABLE: vari_eclipsing_binary
# - DESCRIPTION: >
#     This table describes the properties of the eclipsing binaries resulting from the variability analysis. 
# - CITATION: >
#     How to cite and acknowledge Gaia: 
#     https://gea.esac.esa.int/archive/documentation/credits.html 
# - KNOWN_ISSUES: >
#     Known issues: 
#     https://www.cosmos.esa.int/web/gaia-users/known-issues 
# - DOCUMENTATION: >
#     Tutorials and documentation: 
#     https://www.cosmos.esa.int/web/gaia-users/archive 
# datatype:
# - 
#   name: solution_id
#   datatype: int64
#   description: Solution Identifier
#   meta:
#     ucd: meta.version
# - 
#   name: source_id
#   datatype: int64
#   description: Unique source identifier
#   meta:
#     ucd: meta.id;meta.main
# - 
#   name: global_ranking
#   datatype: float32
#   description: Number between 0 (worst) and 1 (best)
#   meta:
#     ucd: stat.param
# - 
#   name: reference_time
#   datatype: float64
#   unit: d
#   description: Reference time used for the geometric model fit
#   meta:
#     ucd: time.epoch
# - 
#   name: frequency
#   datatype: float64
#   unit: d**-1
#   description: Frequency of geometric model of the eclipsing binary light curve
#   meta:
#     ucd: src.orbital
# - 
#   name: frequency_error
#   datatype: float32
#   unit: d**-1
#   description: "Uncertainty of \\texttt{frequency}"
#   meta:
#     ucd: stat.error
# - 
#   name: geom_model_reference_level
#   datatype: float32
#   unit: mag
#   description: Magnitude reference level of geometric model
#   meta:
#     ucd: phot.mag;em.opt
# - 
#   name: geom_model_reference_level_error
#   datatype: float32
#   unit: mag
#   description: "Uncertainty of \\texttt{geomModelReferenceLevel}"
#   meta:
#     ucd: stat.error;phot.mag;em.opt
# - 
#   name: geom_model_gaussian1_phase
#   datatype: float32
#   description: Phase of the Gaussian 1 component
#   meta:
#     ucd: time.phase
# - 
#   name: geom_model_gaussian1_phase_error
#   datatype: float32
#   description: "Uncertainty of \\texttt{geomModelGaussian1Phase}"
#   meta:
#     ucd: stat.error;time.phase
# - 
#   name: geom_model_gaussian1_sigma
#   datatype: float32
#   description: "Standard deviation [phase] of Gaussian 1 component"
#   meta:
#     ucd: stat.stdev
# - 
#   name: geom_model_gaussian1_sigma_error
#   datatype: float32
#   description: "Uncertainty of \\texttt{geomModelGaussian1Sigma}"
#   meta:
#     ucd: stat.error
# - 
#   name: geom_model_gaussian1_depth
#   datatype: float32
#   unit: mag
#   description: Magnitude depth of Gaussian 1 component
#   meta:
#     ucd: src.var.amplitude
# - 
#   name: geom_model_gaussian1_depth_error
#   datatype: float32
#   unit: mag
#   description: "Uncertainty of \\texttt{geomModelGaussian1Depth}"
#   meta:
#     ucd: stat.error;src.var.amplitude
# - 
#   name: geom_model_gaussian2_phase
#   datatype: float32
#   description: Phase of Gaussian 2 component
#   meta:
#     ucd: time.phase
# - 
#   name: geom_model_gaussian2_phase_error
#   datatype: float32
#   description: "Uncertainty of \\texttt{geomModelGaussian2Phase}"
#   meta:
#     ucd: stat.error;time.phase
# - 
#   name: geom_model_gaussian2_sigma
#   datatype: float32
[...]
#   datatype: float32
#   description: "Secondary eclipse: uncertainty of \\texttt{derivedSecondaryEclDuration}"
#   meta:
#     ucd: stat.error;time.duration
# - 
#   name: derived_secondary_ecl_depth
#   datatype: float32
#   unit: mag
#   description: "Secondary eclipse: depth"
#   meta:
#     ucd: src.var.amplitude
# - 
#   name: derived_secondary_ecl_depth_error
#   datatype: float32
#   unit: mag
#   description: "Secondary eclipse: uncertainty of \\texttt{derivedSecondaryEclDepth}"
#   meta:
#     ucd: stat.error;src.var.amplitude
solution_id,source_id,global_ranking,reference_time,frequency,frequency_error,geom_model_reference_level,geom_model_reference_level_error,geom_model_gaussian1_phase,geom_model_gaussian1_phase_error,geom_model_gaussian1_sigma,geom_model_gaussian1_sigma_error,geom_model_gaussian1_depth,geom_model_gaussian1_depth_error,geom_model_gaussian2_phase,geom_model_gaussian2_phase_error,geom_model_gaussian2_sigma,geom_model_gaussian2_sigma_error,geom_model_gaussian2_depth,geom_model_gaussian2_depth_error,geom_model_cosine_half_period_amplitude,geom_model_cosine_half_period_amplitude_error,geom_model_cosine_half_period_phase,geom_model_cosine_half_period_phase_error,model_type,num_model_parameters,reduced_chi2,derived_primary_ecl_phase,derived_primary_ecl_phase_error,derived_primary_ecl_duration,derived_primary_ecl_duration_error,derived_primary_ecl_depth,derived_primary_ecl_depth_error,derived_secondary_ecl_phase,derived_secondary_ecl_phase_error,derived_secondary_ecl_duration,derived_secondary_ecl_duration_error,derived_secondary_ecl_depth,derived_secondary_ecl_depth_error
[from data line 265]
375316653866487564,4045664446150319360,0.4297282,2282.6679109257966,1.0246501045837157,3.6985337E-5,18.30176,0.007443574,0.32533354,0.041795544,0.05370184,0.039267756,0.061868202,178.1205,0.697873,0.0035882087,0.054299198,0.0068485844,0.105568655,0.0076406836,null,null,null,null,"TWOGAUSSIANS",8,3.2144032,0.697873,0.0035882087,0.3040755,0.038352072,0.10556865,0.007640673,0.32533354,0.041795544,0.30073032,0.21989943,0.061868194,178.1205
375316653866487564,4045664480513418752,0.43301407,2334.86936588693,0.9369233383960912,1.775554E-4,19.235641,0.06340846,0.32458404,0.017281165,0.059791695,0.042112645,0.2671433,0.08684878,0.80415994,0.02937431,0.06960816,0.045713693,0.25999394,0.11788196,null,null,null,null,"TWOGAUSSIANS",8,4.334034,0.32458404,0.017281165,0.3348335,0.13663249,0.26698193,0.09232167,0.80415994,0.02937431,0.3898057,0.21793224,0.25983253,0.117871925
375316653866487564,4045664514874821120,0.53106755,2356.8854732162167,3.0978576344718083,4.332168E-5,19.073282,0.028029054,0.19303465,0.0073734885,0.08181807,0.012283901,0.40327,0.026218968,0.6899346,0.007121621,0.08841327,0.018328102,0.3554879,0.05382573,null,null,null,null,"TWOGAUSSIANS",8,2.8194845,0.19303465,0.0073734885,0.4,0.0,0.39369977,0.020633757,0.6899346,0.007121621,0.4,0.0,0.34591758,0.06360312
375316653866487564,4045664549234413568,0.5016816,2377.557064204257,1.3520505551094886,5.3278367E-5,19.503185,0.038477764,0.33142442,0.008842625,0.14194146,0.031600993,0.26920387,0.0292864,0.76578397,0.027055237,0.043831673,0.037996955,0.096451156,5.6825137,null,null,null,null,"TWOGAUSSIANS",8,1.5236766,0.33142442,0.008842625,0.4,0.0,0.2655789,0.019794574,0.76578397,0.027055237,0.24545737,0.21278295,0.09541451,5.685903
375316653866487564,4045664583592421376,0.47307155,2320.929211380315,3.382424755543505,2.9125658E-5,18.21015,0.0036806841,0.32128102,0.0044819852,0.05855141,0.007470383,0.080329455,0.009566454,0.7017421,0.016439961,0.09267671,0.021853957,0.036351692,0.011711173,null,null,null,null,"TWOGAUSSIANS",8,1.2169473,0.321301,0.004484359,0.3278879,0.041834142,0.08031582,0.009568919,0.7017421,0.016439961,0.4,0.0,0.0363301,0.011763032
375316653866487564,4045664686668223104,0.562307,2289.0486420227026,2.8656129508150308,1.0339061E-5,15.815508,0.015368505,0.21196507,0.0025027373,0.08742615,0.009261237,0.2824393,0.012751493,0.7105241,0.0026910412,0.09905449,0.007949709,0.29043585,0.01369504,null,null,null,null,"TWOGAUSSIANS",8,35.177505,0.7105241,0.0026910412,0.4,0.0,0.27504113,0.010879231,0.21196507,0.0025027373,0.4,0.0,0.26704627,0.017355815
375316653866487564,4045664721027934848,0.45299485,2337.916264293393,0.9154051570871002,1.3505959E-5,18.618977,0.022753464,0.122997165,9.113986E-5,0.00901423,5.641293E-4,0.8954155,0.051560402,0.54990214,0.0034366637,0.047911804,0.0060647973,0.9230393,0.25287795,null,null,null,null,"TWOGAUSSIANS",8,4.046291,0.54990214,0.0034366637,0.2683061,0.033962864,0.9230393,0.25287795,0.122997165,9.113986E-5,0.050479688,0.0031591242,0.8954155,0.051560402
375316653866487564,4045664755387714304,0.55829674,2312.040115518036,2.2785115144335175,2.5314534E-5,18.516577,0.010810783,0.15173078,0.007270238,0.031291373,0.018701967,0.23384431,0.5936233,0.65292907,0.015111773,0.034254022,0.01076736,0.29370308,0.09278945,0.14667372,0.023641026,0.15173078,0.007270238,"TWOGAUSSIANS_WITH_ELLIPSOIDAL_ON_ECLIPSE1",9,10.9717655,0.65292907,0.012381573,0.19182253,0.06029722,0.58703357,0.11592617,0.15173078,0.007270238,0.1752317,0.10473101,0.5271914,0.59515727
375316653866487564,4045664858467189248,0.45345595,2328.2550935608165,4.97993757534487,1.8447816E-5,18.397547,0.37241298,0.2610514,0.033509728,0.19866149,0.13594723,0.3074541,0.35478124,0.74573,0.021954523,0.1683786,0.07271355,0.32210875,0.32448417,null,null,null,null,"TWOGAUSSIANS",8,2.8017087,0.74573,0.021954523,0.4,0.0,0.11579339,0.019198852,0.2670214,0.028587876,0.4,0.0,0.08302241,0.01781747
375316653866487564,4045664858471948672,0.48570073,2369.5927750701467,0.5493675855242084,9.046717E-5,19.401546,0.008671509,0.37678444,0.011683204,0.0627923,0.0124361655,0.21877386,0.053566813,0.664227,0.04152422,0.0076696724,0.02659224,0.5102523,32.187675,null,null,null,null,"TWOGAUSSIANS",8,1.34957,0.664227,0.04152422,0.042950165,0.14891654,0.5102585,32.187668,0.37678444,0.011683204,0.3516369,0.06964253,0.21877386,0.053566813
375316653866487564,4045664927190093056,0.5015432,2307.120272391087,2.9395914902597013,3.9900322E-5,18.883854,0.022559203,0.23201486,0.0040494064,0.071457066,0.006372407,0.3864747,0.02062595,0.7171685,0.005404823,0.0825651,0.015963769,0.28056887,0.031836472,null,null,null,null,"TWOGAUSSIANS",8,7.737716,0.23201486,0.0040494064,0.4,0.021911204,0.3840477,0.018217942,0.7171685,0.005404823,0.4,0.0,0.27814186,0.0328032
375316653866487564,4045664927191373696,0.45685005,2359.0896222040615,3.9536254065968404,7.35492E-5,19.117226,0.0169515,0.26883942,0.018634876,0.08377292,0.017359154,0.19841148,0.028092047,0.7511424,0.010368493,0.10372841,0.012221808,0.22133,0.019467104,null,null,null,null,"TWOGAUSSIANS",8,2.70031,0.7511424,0.010368493,0.4,0.0,0.21206236,0.015090253,0.26884943,0.018654866,0.4,0.0,0.18914914,0.026240058
375316653866487564,4045664961546640384,0.5901303,2333.7308543489357,3.091290774337779,8.021662E-6,19.558252,0.035777073,0.17046715,0.0030852365,0.08524895,0.008725268,0.47693026,0.03250178,0.68588,0.0031458333,0.08277996,0.0050826613,0.60808855,0.038088325,null,null,null,null,"TWOGAUSSIANS",8,1.0075796,0.68588,0.0031458333,0.4,0.0,0.5983647,0.032251507,0.17046715,0.0030852365,0.4,0.0,0.4672064,0.029017437
375316653866487564,4045665064630151296,0.4690795,2346.0074393254704,0.9578445738510786,6.1419945E-5,19.197886,0.047904346,0.28087047,0.008437031,0.092867516,0.025352255,0.21897706,0.038224116,0.78459966,0.06467951,0.05014145,0.059153084,0.1642951,0.10543022,null,null,null,null,"TWOGAUSSIANS",8,3.9451518,0.28087047,0.008431403,0.4,0.0,0.21821254,0.023720512,0.78459966,0.06467951,0.28079212,0.16145892,0.16353081,0.09885656
375316653866487564,4045665064750708480,0.52222705,2280.57427341209,2.4397903981068536,1.4575621E-5,18.069925,0.08321153,0.22745995,0.00698665,0.11719066,0.025218789,0.20963526,0.08065633,0.72161794,0.008893076,0.12538026,0.037020553,0.20258476,0.08214529,null,null,null,null,"TWOGAUSSIANS",8,1.600366,0.22750996,0.0065812673,0.4,0.0,0.16299483,0.007878059,0.72161794,0.008893076,0.4,0.0,0.15584709,0.012204021
375316653866487564,4045665094678723584,0.52660745,2291.2364505989613,2.4197000862436786,5.4393848E-5,16.553127,0.0060181483,0.22496115,0.012527735,0.1370463,0.01943801,0.043947063,0.010198888,0.5926093,0.005074601,0.021291105,0.004011736,0.17577295,0.024337377,null,null,null,null,"TWOGAUSSIANS",8,9.707799,0.5926093,0.005074601,0.119230196,0.02246572,0.17686369,0.024424078,0.22496115,0.012527735,0.4,0.0,0.043833937,0.01016122
375316653866487564,4045665133440095616,0.5698336,2257.013865424507,1.4986849849650155,6.4356864E-6,17.498861,0.009103639,0.20487739,0.0016073703,0.09095233,0.0055877673,0.18449293,0.0075345347,0.7119043,0.014575293,0.08333452,0.013968741,0.14068358,0.021112764,null,null,null,null,"TWOGAUSSIANS",8,1.5015749,0.20487739,0.0016073703,0.4,0.0,0.1797907,0.0048670243,0.7119043,0.014575293,0.4,0.0,0.13598146,0.020918723
375316653866487564,4045665232156841856,0.4580999,2281.8760616847508,0.17169274760823383,4.8940743E-5,18.921785,0.046647727,0.32214797,0.012954323,0.029640948,0.022194395,0.091941155,0.07233129,0.810827,0.011142614,0.032638535,0.14949732,0.16584772,0.08612418,null,null,null,null,"TWOGAUSSIANS",8,1.8888696,0.810827,0.011142614,0.1827758,0.21069227,0.16584772,0.099953316,0.32214797,0.012965775,0.16598931,0.12428861,0.091941155,0.068953015
375316653866487564,4045665300828766208,0.469563,2277.892152248035,0.3707740199024279,3.1009768E-5,18.171782,0.010495354,0.43816632,0.011936278,0.08172929,0.009873919,0.21676613,0.01929917,0.82899475,0.006175334,0.05941942,0.006428338,0.29553992,0.037779573,null,null,null,null,"TWOGAUSSIANS",8,13.034693,0.82899475,0.006175334,0.33274877,0.035998695,0.29549834,0.03778706,0.43816632,0.011936278,0.4,0.0,0.21672222,0.019302651
375316653866487564,4045665442569699840,0.5062663,2345.9745755863364,0.08961494304333513,6.8932015E-5,19.31129,0.018104069,0.25369844,0.021509746,0.04298921,0.045210965,0.17438014,0.024893582,0.72647554,0.023166101,0.07894026,0.019917058,0.25913092,0.4085442,null,null,null,null,"TWOGAUSSIANS",8,1.4112984,0.72647554,0.023166101,0.4,0.036697175,0.25909337,0.40879264,0.25369844,0.021509746,0.24073958,0.23527636,0.17434259,0.02400431
375316653866487564,4045665683104390016,0.5352657,2335.219687076805,2.9527040949502323,2.6858905E-5,18.840994,0.01910455,0.2770326,0.011453902,0.0996135,0.010341959,0.37991652,0.01972972,0.7629053,0.003559284,0.0950113,0.010907661,0.34169015,0.027948806,null,null,null,null,"TWOGAUSSIANS",8,4.1417327,0.2770326,0.011453902,0.4,0.0,0.35789827,0.011219051,0.7629053,0.003559284,0.4,0.0,0.31967425,0.031540256
375316653866487564,4045665683104461184,0.4421443,2313.951423268524,2.7556919868637193,7.2880255E-5,18.461329,0.1371397,0.2957791,0.019336957,0.13975874,0.094237804,0.18736626,0.11712217,0.7527329,0.021443373,0.11357082,0.042689715,0.17078114,0.1371624,null,null,null,null,"TWOGAUSSIANS",8,6.171802,0.2959691,0.019015908,0.4,0.0,0.1514998,0.03816979,0.7527329,0.021443373,0.4,0.0,0.1358532,0.07623044
375316653866487564,4045665923619748096,0.47110474,2360.2055268626696,1.9318573770364116,4.9119983E-5,19.53974,0.073100634,0.27601677,0.009286925,0.11668032,0.033810966,0.21113147,0.070124134,0.6599154,0.025007024,0.08927788,0.022440378,0.092577174,0.0781249,null,null,null,null,"TWOGAUSSIANS",8,2.350986,0.27604678,0.009189578,0.4,0.0,0.20781894,0.048878413,0.6599154,0.025007024,0.4,0.0,0.09019751,0.06215265
375316653866487564,4045665957984736896,0.55154866,2363.19334059327,2.8775631404329833,1.1651231E-4,19.249788,0.014374483,0.28823018,0.005529058,0.08710397,0.0058776084,0.45267037,0.025446923,0.77715504,0.010940931,0.07362174,0.011286564,0.4763962,0.042137455,null,null,null,null,"TWOGAUSSIANS",8,3.4534678,0.77715504,0.010940931,0.4,0.029351981,0.47051343,0.042642493,0.28823018,0.005529058,0.4,0.0,0.4467875,0.024499843
375316653866487564,4045665992343061632,0.5038439,2333.1487212298575,3.4379413194340827,4.203609E-5,19.150276,0.020278098,0.24541561,0.009519125,0.073986374,0.009355561,0.28452376,0.053904217,0.74638045,0.016170716,0.05643731,0.020530336,0.21321195,0.023946397,null,null,null,null,"TWOGAUSSIANS",8,3.128816,0.24541561,0.009519125,0.4,0.006790275,0.28421238,0.053709622,0.74638045,0.016170716,0.31604892,0.11496988,0.21290058,0.023675485
375316653866487564,4045666164138287232,0.46685064,2326.3849295376963,1.0431646751665542,5.8457823E-5,18.927795,0.007852929,0.18077317,0.015420944,0.047030903,0.014366861,0.18467075,0.06944686,0.73145247,0.03391139,0.07263994,0.036361873,0.106940985,0.32627222,null,null,null,null,"TWOGAUSSIANS",8,2.159553,0.18077317,0.015420944,0.26337305,0.080454424,0.18466425,0.0694643,0.73145247,0.03391139,0.4,0.17173192,0.10693449,0.32628617
375316653866487564,4045666297269459712,0.5958948,2306.296442028325,1.2984753992980997,1.0365042E-5,17.147263,0.013331782,0.27184707,0.0035308714,0.09202827,0.00619982,0.1799988,0.012977399,0.77152973,0.010333713,0.107239686,0.014759056,0.14668325,0.015704727,null,null,null,null,"TWOGAUSSIANS",8,3.4211018,0.27184707,0.003527145,0.4,0.0,0.16629481,0.0054164445,0.77152973,0.010333713,0.4,0.0,0.1329738,0.011456367
375316653866487564,4045666400388374912,0.5140341,2303.540504961677,2.3406099681564227,3.398691E-5,15.585553,0.16833012,0.2592488,0.015176683,0.07188653,0.03786055,0.335191,0.11609245,0.7194362,0.01742078,0.10631308,0.10224507,0.48947865,0.09209129,null,null,null,null,"TWOGAUSSIANS",8,307.46936,0.7194362,0.01742078,0.4,0.0,0.48109072,0.1961714,0.2592788,0.0132078435,0.4,0.04966222,0.32684612,0.08576597
375316653866487564,4045666469059534208,0.6020837,2307.6049615109846,3.393311221259272,1.3699294E-5,17.226858,0.012685925,0.3534971,0.025953766,0.06312649,0.013051174,0.7856804,0.13852662,0.8433345,0.005318394,0.06157451,0.011330899,0.62968516,0.2069589,null,null,null,null,"TWOGAUSSIANS",8,8.160599,0.3534971,0.025953766,0.35350832,0.073086575,0.7853535,0.13814345,0.8433345,0.005318394,0.34481725,0.056489374,0.62935823,0.2076747
375316653866487564,4045666542191235200,0.6446113,2315.231464497403,0.279534228218246,3.904677E-5,16.245775,0.0042927684,0.32664943,0.002051814,0.007856361,0.0021231761,0.057376143,0.0050849793,0.79795635,0.015028143,0.030476674,0.0061182277,0.30709863,0.14776017,0.027980365,0.0032283266,0.79795635,0.015028143,"TWOGAUSSIANS_WITH_ELLIPSOIDAL_ON_ECLIPSE2",9,3.7163174,0.79795635,0.015028143,0.17066938,0.034262076,0.36305934,0.15249398,0.32651943,0.0021056389,0.043995623,0.011889786,0.11154586,0.0025192564
375316653866487564,4045666679524279936,0.43559992,2368.727080710731,3.4963499125582023,9.6047086E-5,18.825792,0.026370198,0.24531427,0.0341637,0.03404426,0.014304243,0.36155802,0.24824697,0.71445495,0.023128761,0.087537184,0.040802874,0.1905273,0.092210025,null,null,null,null,"TWOGAUSSIANS",8,6.7654123,0.24531427,0.0341637,0.19064784,0.08010376,0.36152864,0.24761137,0.71445495,0.023128761,0.4,0.06396711,0.1904978,0.092314675
375316653866487564,4045666679629383936,0.45698318,2281.4294684804145,1.4767561453950275,3.2067903E-5,18.234207,0.14708069,0.24431227,0.014693846,0.08334199,0.052253347,0.08339771,0.0625781,0.7217314,0.007087541,0.180987,0.111450575,0.15069048,0.1382728,null,null,null,null,"TWOGAUSSIANS",8,2.8153358,0.7217314,0.007087541,0.4,0.0,0.117451176,0.015467654,0.24718226,0.012292125,0.4,0.123082176,0.057180323,0.019069172
375316653866487564,4045667126306080512,0.582594,2306.136470407766,0.13050971141372736,9.68766E-6,19.465664,0.111951016,0.32136592,0.0060478603,0.19835985,0.034030776,0.5132066,0.10637246,0.79201263,0.002536359,0.08649781,0.00756617,0.5427824,0.055692405,null,null,null,null,"TWOGAUSSIANS",8,0.3193188,0.79201263,0.002536359,0.4,0.0,0.41968474,0.024447346,0.32136592,0.0060478603,0.4,0.0,0.34478098,0.008155661
375316653866487564,4045667328053445632,0.5710171,2349.2519769361766,1.4614150394214969,1.2177796E-5,16.617695,0.0018747043,0.13468163,0.0071741813,0.06453179,0.009958368,0.050856665,0.0067402185,0.49471524,0.0055543855,0.0320423,0.0048801256,0.41960445,0.11850204,null,null,null,null,"TWOGAUSSIANS",8,3.5396929,0.49471524,0.0055543855,0.17943688,0.027328704,0.41960445,0.118502036,0.13468163,0.0071741813,0.361378,0.051121127,0.050856665,0.006740219
375316653866487564,4045667469811516160,0.46533373,2392.909622148389,2.1952753877153177,8.742707E-5,19.583475,0.12255768,0.28265166,0.013069818,0.076131165,0.03538185,0.37559596,0.24667662,0.78777105,0.014552019,0.118470475,0.045178626,0.41700423,0.111912645,null,null,null,null,"TWOGAUSSIANS",8,2.5208044,0.78777105,0.014552019,0.4,0.0,0.3901498,0.0567922,0.28264165,0.013094997,0.4,0.0811047,0.34885636,0.25957566
375316653866487564,4045667504158592896,0.6024078,2345.3501027022585,2.6888729694685978,1.7644417E-5,18.868807,0.008983813,0.18118708,0.0028783442,0.073144235,0.0039905836,0.54642653,0.01520463,0.6898924,0.0053019677,0.073258564,0.0051934663,0.4731018,0.031877473,null,null,null,null,"TWOGAUSSIANS",8,1.7140715,0.18118708,0.0028783442,0.4,0.0,0.54399717,0.015303212,0.6898924,0.0053019677,0.4,0.011114746,0.47067243,0.031814516
375316653866487564,4045667847756698752,0.46659696,2366.835302550231,4.579698937626997,1.4151333E-4,17.891335,0.006342878,0.86916953,0.09659751,0.037888538,0.036674477,0.032442722,0.6309617,0.51763153,0.019913903,0.1216569,0.021719757,0.081082284,0.010701122,null,null,null,null,"TWOGAUSSIANS",8,2.179553,0.51763153,0.01988425,0.4,0.0,0.08104059,0.010697721,0.86781955,0.11401651,0.21217582,0.20537706,0.033667885,0.6300764
