Gaia/vari_eclipsing_binary/VariEclipsingBinary_688447-688487.csv
# %ECSV 1.0
# ---
# delimiter: ','
# meta: !!omap
# - RELEASE: Gaia DR3
# - TABLE: vari_eclipsing_binary
# - DESCRIPTION: >
#     This table describes the properties of the eclipsing binaries resulting from the variability analysis. 
# - CITATION: >
#     How to cite and acknowledge Gaia: 
#     https://gea.esac.esa.int/archive/documentation/credits.html 
# - KNOWN_ISSUES: >
#     Known issues: 
#     https://www.cosmos.esa.int/web/gaia-users/known-issues 
# - DOCUMENTATION: >
#     Tutorials and documentation: 
#     https://www.cosmos.esa.int/web/gaia-users/archive 
# datatype:
# - 
#   name: solution_id
#   datatype: int64
#   description: Solution Identifier
#   meta:
#     ucd: meta.version
# - 
#   name: source_id
#   datatype: int64
#   description: Unique source identifier
#   meta:
#     ucd: meta.id;meta.main
# - 
#   name: global_ranking
#   datatype: float32
#   description: Number between 0 (worst) and 1 (best)
#   meta:
#     ucd: stat.param
# - 
#   name: reference_time
#   datatype: float64
#   unit: d
#   description: Reference time used for the geometric model fit
#   meta:
#     ucd: time.epoch
# - 
#   name: frequency
#   datatype: float64
#   unit: d**-1
#   description: Frequency of geometric model of the eclipsing binary light curve
#   meta:
#     ucd: src.orbital
# - 
#   name: frequency_error
#   datatype: float32
#   unit: d**-1
#   description: "Uncertainty of \\texttt{frequency}"
#   meta:
#     ucd: stat.error
# - 
#   name: geom_model_reference_level
#   datatype: float32
#   unit: mag
#   description: Magnitude reference level of geometric model
#   meta:
#     ucd: phot.mag;em.opt
# - 
#   name: geom_model_reference_level_error
#   datatype: float32
#   unit: mag
#   description: "Uncertainty of \\texttt{geomModelReferenceLevel}"
#   meta:
#     ucd: stat.error;phot.mag;em.opt
# - 
#   name: geom_model_gaussian1_phase
#   datatype: float32
#   description: Phase of the Gaussian 1 component
#   meta:
#     ucd: time.phase
# - 
#   name: geom_model_gaussian1_phase_error
#   datatype: float32
#   description: "Uncertainty of \\texttt{geomModelGaussian1Phase}"
#   meta:
#     ucd: stat.error;time.phase
# - 
#   name: geom_model_gaussian1_sigma
#   datatype: float32
#   description: "Standard deviation [phase] of Gaussian 1 component"
#   meta:
#     ucd: stat.stdev
# - 
#   name: geom_model_gaussian1_sigma_error
#   datatype: float32
#   description: "Uncertainty of \\texttt{geomModelGaussian1Sigma}"
#   meta:
#     ucd: stat.error
# - 
#   name: geom_model_gaussian1_depth
#   datatype: float32
#   unit: mag
#   description: Magnitude depth of Gaussian 1 component
#   meta:
#     ucd: src.var.amplitude
# - 
#   name: geom_model_gaussian1_depth_error
#   datatype: float32
#   unit: mag
#   description: "Uncertainty of \\texttt{geomModelGaussian1Depth}"
#   meta:
#     ucd: stat.error;src.var.amplitude
# - 
#   name: geom_model_gaussian2_phase
#   datatype: float32
#   description: Phase of Gaussian 2 component
#   meta:
#     ucd: time.phase
# - 
#   name: geom_model_gaussian2_phase_error
#   datatype: float32
#   description: "Uncertainty of \\texttt{geomModelGaussian2Phase}"
#   meta:
#     ucd: stat.error;time.phase
# - 
#   name: geom_model_gaussian2_sigma
#   datatype: float32
[...]
#   datatype: float32
#   description: "Secondary eclipse: uncertainty of \\texttt{derivedSecondaryEclDuration}"
#   meta:
#     ucd: stat.error;time.duration
# - 
#   name: derived_secondary_ecl_depth
#   datatype: float32
#   unit: mag
#   description: "Secondary eclipse: depth"
#   meta:
#     ucd: src.var.amplitude
# - 
#   name: derived_secondary_ecl_depth_error
#   datatype: float32
#   unit: mag
#   description: "Secondary eclipse: uncertainty of \\texttt{derivedSecondaryEclDepth}"
#   meta:
#     ucd: stat.error;src.var.amplitude
solution_id,source_id,global_ranking,reference_time,frequency,frequency_error,geom_model_reference_level,geom_model_reference_level_error,geom_model_gaussian1_phase,geom_model_gaussian1_phase_error,geom_model_gaussian1_sigma,geom_model_gaussian1_sigma_error,geom_model_gaussian1_depth,geom_model_gaussian1_depth_error,geom_model_gaussian2_phase,geom_model_gaussian2_phase_error,geom_model_gaussian2_sigma,geom_model_gaussian2_sigma_error,geom_model_gaussian2_depth,geom_model_gaussian2_depth_error,geom_model_cosine_half_period_amplitude,geom_model_cosine_half_period_amplitude_error,geom_model_cosine_half_period_phase,geom_model_cosine_half_period_phase_error,model_type,num_model_parameters,reduced_chi2,derived_primary_ecl_phase,derived_primary_ecl_phase_error,derived_primary_ecl_duration,derived_primary_ecl_duration_error,derived_primary_ecl_depth,derived_primary_ecl_depth_error,derived_secondary_ecl_phase,derived_secondary_ecl_phase_error,derived_secondary_ecl_duration,derived_secondary_ecl_duration_error,derived_secondary_ecl_depth,derived_secondary_ecl_depth_error
[from data line 500]
375316653866487564,6055907774356934144,0.57053787,2212.2783931564145,0.4319356885064251,1.1032456E-5,15.498338,0.0035505148,0.20513366,0.0022058694,0.03338081,0.0022522563,0.15794128,0.010426948,0.7034963,0.0013334093,0.026471023,0.0016823382,1.9797086,0.18662867,null,null,null,null,"TWOGAUSSIANS",8,253.8892,0.7034963,0.0013334093,0.14823774,0.009421093,1.9797086,0.18662867,0.20513366,0.0022058694,0.18693253,0.012612634,0.15794128,0.010426948
375316653866487564,6055907980515382912,0.5991535,2221.924458613172,3.101987986768561,7.2256557E-6,17.848524,0.011755746,0.2547743,0.0017169584,0.056361806,0.0040051877,0.30243048,0.026295885,0.76505536,0.009990864,0.047101066,0.010556962,0.18337356,0.030264083,0.09474059,0.015194967,0.2547743,0.0017169584,"TWOGAUSSIANS_WITH_ELLIPSOIDAL_ON_ECLIPSE1",9,10.713399,0.2547743,0.0017169584,0.3156261,0.02242905,0.49189457,0.011049325,0.76505536,0.009990864,0.26376596,0.05911899,0.37204808,0.01784148
375316653866487564,6055908117937398272,0.46519908,2248.9963525565236,3.2598440567818585,1.6567554E-5,18.331184,0.06752543,0.21845208,0.003969345,0.17117997,0.01783922,0.38485038,0.056185234,0.7171433,0.004594446,0.1823933,0.022628186,0.38222474,0.064713374,null,null,null,null,"TWOGAUSSIANS",8,2.21518,0.21892208,0.004013842,0.4,0.0,0.12218759,0.006984119,0.7171433,0.004594446,0.4,0.0,0.11252229,0.0070336936
375316653866487564,6055908427192013824,0.46694744,2203.304127272233,2.7136123885536896,9.117815E-6,19.187538,0.0116968965,0.2711704,0.0071102134,0.084908456,0.011731457,0.2589578,0.02967067,0.7696786,0.0044670952,0.09122253,0.0073957806,0.23663929,0.015293497,null,null,null,null,"TWOGAUSSIANS",8,4.942819,0.2711704,0.0071102134,0.4,0.0,0.2503845,0.032215968,0.7696786,0.0044670952,0.4,0.0,0.22806588,0.014531096
375316653866487564,6055908560284896256,0.54172045,2259.980382550891,0.8782724736640185,1.37721645E-5,18.405157,0.0025735097,0.2835728,0.002068217,0.025336554,0.008166836,0.28687844,0.0494498,0.78155875,0.013908024,0.02742774,0.011394054,0.43430117,0.40492696,null,null,null,null,"TWOGAUSSIANS",8,3.2394853,0.78155875,0.013908024,0.15359536,0.063806705,0.43430117,0.40492696,0.2835728,0.002068217,0.1418847,0.04573428,0.28687844,0.0494498
375316653866487564,6055909075681043584,0.48228434,2263.088307353918,2.251381936518046,5.0377953E-6,18.711788,0.00390359,0.2527174,9.535367E-4,0.003413745,0.0011121663,0.116482414,0.16680233,0.78786373,0.002414857,0.064242855,0.029910147,0.0021557338,0.017712647,0.11553259,0.006045777,0.78786373,0.002414857,"TWOGAUSSIANS_WITH_ELLIPSOIDAL_ON_ECLIPSE2",9,6.890225,0.2527774,9.874696E-4,0.019116972,0.0062281312,0.33647922,0.16820174,0.78786373,0.002414857,0.35976,0.15911789,0.23321955,0.014418393
375316653866487564,6055909251808930560,0.55779934,2255.610731661115,2.900771180261533,8.919024E-6,18.501379,0.0077786027,0.26216656,0.0030590128,0.083631776,0.0053607393,0.27414498,0.0064409357,0.7553296,0.0023821252,0.08644166,0.0037638643,0.31929877,0.009552445,null,null,null,null,"TWOGAUSSIANS",8,2.566601,0.7553296,0.0023821252,0.4,0.0,0.31231612,0.008644349,0.26216656,0.0030590128,0.4,0.0,0.26716232,0.0049446886
375316653866487564,6055909526703688448,0.58678377,2207.3306279846656,0.26888106132018047,4.0681043E-6,13.442604,3.832525E-4,0.40070778,0.001833578,0.013668051,0.0023413429,0.20246978,0.1698846,0.6889783,9.687382E-4,0.013094979,0.0010758573,0.13407497,0.0086256685,null,null,null,null,"TWOGAUSSIANS",8,12.44527,0.40070778,0.001833578,0.07654108,0.01311152,0.20246978,0.1698846,0.6889783,9.687382E-4,0.073331885,0.006024801,0.13407497,0.0086256685
375316653866487564,6055909698485757440,0.52569956,2222.48194440867,1.1936485547981024,3.5137113E-5,19.56365,0.0066333935,0.14438766,0.04822707,0.07915226,0.030994166,0.02290167,0.010418614,0.8784642,9.808392E-4,0.023426678,0.0012017236,1.0244046,0.04297423,null,null,null,null,"TWOGAUSSIANS",8,2.8886683,0.8784642,9.805833E-4,0.13118939,0.006729652,1.0244857,0.042964794,0.14438766,0.04822707,0.4,0.00636038,0.022901667,0.010418625
375316653866487564,6055910553150872960,0.45787737,2249.6362294207206,2.7883199850008817,4.3807002E-5,18.844595,0.010181695,0.32663897,0.006697966,0.02951805,0.0067948056,0.21124023,0.043916807,0.82423043,0.008778782,0.02735924,0.008794346,0.11083024,0.034888968,0.03105485,0.020163765,0.32663897,0.006697966,"TWOGAUSSIANS_WITH_ELLIPSOIDAL_ON_ECLIPSE1",9,8.184111,0.32663897,0.006697966,0.16530107,0.038050912,0.2733499,0.035696484,0.8243104,0.008473488,0.15321174,0.049248338,0.17292617,0.0350056
375316653866487564,6055910626215400704,0.56867105,2195.3654321932213,0.8816046677907854,6.456435E-6,16.777205,0.0065593165,0.25256267,0.0072041,0.046923775,0.01359185,0.077759326,0.011569668,0.74704313,0.002696606,0.038342383,0.005155806,0.06784603,0.018128661,0.09683858,0.007807911,0.74704313,0.002696606,"TWOGAUSSIANS_WITH_ELLIPSOIDAL_ON_ECLIPSE2",9,11.322596,0.2508927,0.0040793098,0.26277316,0.07611436,0.2712739,0.008862936,0.74704313,0.002696606,0.21471736,0.028872512,0.26152313,0.008664037
375316653866487564,6055910828036510720,0.51195,2187.396754348956,2.7740315714352355,1.8430725E-5,19.104008,0.02063157,0.1731545,0.0049759126,0.099387325,0.008297017,0.3232903,0.021188812,0.6607359,0.0044497238,0.09337339,0.009416106,0.31950584,0.018153345,null,null,null,null,"TWOGAUSSIANS",8,4.019266,0.1731545,0.0049759126,0.4,0.0,0.304523,0.013842346,0.6607359,0.0044497238,0.4,0.0,0.30074054,0.013197197
375316653866487564,6055911107251697920,0.55779874,2194.192503522958,1.9007812662041226,6.418037E-6,15.25747,0.019503202,0.22500281,0.0035294127,0.05425898,0.006011193,0.22880925,0.05108097,0.72906095,0.0023567616,0.061300557,0.00886766,0.20271064,0.04211145,0.121991865,0.025351986,0.72906095,0.0023567616,"TWOGAUSSIANS_WITH_ELLIPSOIDAL_ON_ECLIPSE2",9,148.96222,0.22581281,0.0025968696,0.3038503,0.033662684,0.47261074,0.021741938,0.72906095,0.0023567616,0.34328312,0.049658895,0.44663924,0.012667607
375316653866487564,6055911244674303616,0.5105252,2198.485712424941,2.047279435886555,5.8949845E-6,15.235819,0.055881556,0.23339683,0.0020261304,0.268885,0.024779964,0.8376942,0.056191035,0.7352611,0.0016956761,0.15700705,0.012904493,0.5895653,0.1293853,null,null,null,null,"TWOGAUSSIANS",8,35.4304,0.7366211,0.0017272861,0.4,0.0,0.16330874,0.004112888,0.23279683,0.0021944018,0.4,0.0,0.1231388,0.010247546
375316653866487564,6055912825238638592,0.60995233,2245.356864263884,0.9467714738268687,2.785949E-6,18.120966,0.002112027,0.25362238,7.115003E-4,0.025951121,4.7899826E-4,0.66018623,0.021639587,0.7517009,5.8891485E-4,0.028746089,7.7892945E-4,0.31574523,0.005421937,null,null,null,null,"TWOGAUSSIANS",8,3.1489668,0.25362238,7.115003E-4,0.14532629,0.0026823902,0.66018623,0.021639587,0.7517009,5.8891485E-4,0.1609781,0.004362005,0.31574523,0.005421937
375316653866487564,6055913409354422784,0.47497827,2265.6980676637127,1.732164288620952,1.8099408E-5,17.728746,0.02332112,0.24570219,0.008040988,0.11166757,0.027093735,0.08531963,0.019482668,0.74050766,0.004408813,0.12146408,0.023042975,0.094398595,0.021775777,null,null,null,null,"TWOGAUSSIANS",8,2.44047,0.74050766,0.004408813,0.4,0.0,0.07723177,0.004522778,0.24573219,0.008029284,0.4,0.0,0.06818516,0.007916014
375316653866487564,6055914538879905664,0.6347813,2234.622663104127,0.5069245640259383,2.7875735E-6,17.58998,0.0013737245,0.21450529,0.0011395785,0.018965343,7.215133E-4,0.60704297,0.017101903,0.7138439,3.1880147E-4,0.019911738,4.1192878E-4,0.50754434,0.006561294,null,null,null,null,"TWOGAUSSIANS",8,2.342025,0.21450529,0.0011395785,0.106205925,0.0040404745,0.60704297,0.017101903,0.7138439,3.1880147E-4,0.11150573,0.0023068013,0.50754434,0.006561294
375316653866487564,6055914710678647808,0.5463369,2222.5458253006,1.8805173412635545,5.61115E-6,17.971071,0.0043088975,0.2532171,0.001621118,0.03970129,0.0021335057,0.38799894,0.013003671,0.7463056,5.9119903E-4,0.04217276,0.0010215942,0.40942177,0.0073814886,null,null,null,null,"TWOGAUSSIANS",8,10.482018,0.7463056,5.9119903E-4,0.23616746,0.0057209274,0.40942177,0.0073814886,0.2532171,0.001621118,0.22232722,0.011947632,0.38799894,0.0130036725
375316653866487564,6055914813766243840,0.508949,2196.9287341432528,2.4571089306797256,1.37192665E-5,17.734035,0.001944396,null,null,null,null,null,null,null,null,null,null,null,null,0.07040204,0.002561179,0.24915479,0.0032530108,"ELLIPSOIDAL",4,5.4069924,null,null,null,null,null,null,null,null,null,null,null,null
375316653866487564,6055915024246020224,0.52382547,2188.1950639712036,3.09223727474851,9.589593E-6,19.802673,0.013706147,0.24210264,0.0025833629,0.07884561,0.0037122238,0.5051212,0.016332585,0.7502759,0.005388011,0.09844777,0.006276657,0.46208546,0.014695339,null,null,null,null,"TWOGAUSSIANS",8,2.0227277,0.24210264,0.0025833629,0.4,0.0,0.4894351,0.014996076,0.7502759,0.005388011,0.4,0.0,0.4463969,0.012174185
375316653866487564,6055915574001790464,0.51792514,2232.221895335429,3.50938152537949,1.0312412E-5,18.403109,0.47369388,0.29345372,0.010173895,0.13585238,0.01770462,0.5286582,0.2842339,0.766739,0.0097009,0.20109172,0.10285255,0.4220261,0.4698811,null,null,null,null,"TWOGAUSSIANS",8,3.2080219,0.2990137,0.003921045,0.4,0.0,0.30885914,0.010307206,0.766739,0.0097009,0.4,0.0,0.16325831,0.0130850645
375316653866487564,6055915608377657984,0.56534845,2207.6392502127583,1.2242035273905711,5.232287E-6,16.456766,0.022539496,0.23242266,0.0026484772,0.11572498,0.009587733,0.25939488,0.021483768,0.7240684,0.0017317933,0.10147376,0.00740053,0.2554852,0.021242814,null,null,null,null,"TWOGAUSSIANS",8,13.303828,0.23242266,0.0026484772,0.4,0.0,0.22618619,0.007608937,0.7240684,0.0017317933,0.4,0.0,0.22232154,0.007121289
375316653866487564,6055915780160216064,0.49355438,2178.8746538200135,3.740384132138812,9.930456E-6,19.768742,0.008838388,0.26141322,0.002869333,0.08350352,0.0042605936,0.32128912,0.010768719,0.7797934,0.008385952,0.09016347,0.0100002885,0.23881863,0.01243565,null,null,null,null,"TWOGAUSSIANS",8,1.395393,0.26141322,0.002869333,0.4,0.0,0.3149056,0.010132314,0.7797934,0.008385952,0.4,0.0,0.23243499,0.012355071
375316653866487564,6055916226837064448,0.46351716,2189.8621124554024,4.0022932674569365,3.4341472E-6,19.659313,0.0048119724,0.16775022,0.042565987,0.046360597,0.030909829,0.05386854,0.03984136,0.79185456,3.7806717E-4,0.015106521,4.7572528E-4,0.47732168,0.0061517563,null,null,null,null,"TWOGAUSSIANS",8,1.9847217,0.79185456,3.7806717E-4,0.084596515,0.0026640615,0.47732168,0.0061517563,0.16775022,0.042565987,0.25961933,0.17309503,0.05386854,0.03984136
375316653866487564,6055916570450772096,0.5560327,2223.687310905266,2.6708009664560333,7.941594E-6,18.107588,0.009036281,0.19292943,0.0033296421,0.0802253,0.0047901245,0.2985456,0.010287998,0.6934611,0.0031116526,0.08891043,0.0044998867,0.2992744,0.009625131,null,null,null,null,"TWOGAUSSIANS",8,5.3021655,0.6934611,0.0031116526,0.4,0.0,0.29178777,0.0082139615,0.19292943,0.0033296421,0.4,0.0,0.29105905,0.00915843
375316653866487564,6055916707889735936,0.55305547,2213.304996966659,0.4034171711716867,6.9829803E-6,16.572912,0.0020593896,0.2926559,0.024690555,0.025491653,0.018805329,0.20951289,1.2511632,0.791197,0.0010500663,0.027123997,0.0013058139,0.20906852,0.0058997455,null,null,null,null,"TWOGAUSSIANS",8,7.242927,0.2926559,0.024690555,0.14275326,0.105309844,0.20951289,1.2511632,0.791197,0.0010500663,0.15189439,0.0073125577,0.20906852,0.0058997455
375316653866487564,6055916810968830976,0.6401953,2209.6374290143513,2.618204994776171,2.2071888E-6,15.120107,0.0045157517,0.2755939,9.0897287E-4,0.048148807,0.0018819778,0.31393984,0.013827527,0.7700599,0.0016888169,0.046354704,0.0022192732,0.25792107,0.012346037,0.11904133,0.0074034976,0.2755939,9.0897287E-4,"TWOGAUSSIANS_WITH_ELLIPSOIDAL_ON_ECLIPSE1",9,53.52359,0.2755939,9.0897287E-4,0.26963332,0.010539075,0.5520218,0.011609228,0.7708098,0.0014787297,0.25958633,0.012427931,0.49575418,0.0064966218
375316653866487564,6055917047146603648,0.4966389,2216.8684217492982,0.27611584777170695,1.184995E-5,18.461777,0.004291205,0.15064877,0.004293967,0.024267163,0.0051913904,0.23325038,0.022732288,0.65457153,0.0019699973,0.027827663,0.0042213746,0.21004495,0.007771172,null,null,null,null,"TWOGAUSSIANS",8,6.337109,0.15064877,0.004293967,0.1358961,0.029071786,0.23325038,0.022732288,0.65457153,0.0019699973,0.15583491,0.0236397,0.21004495,0.007771172
375316653866487564,6055918013559693440,0.50159127,2212.992917198752,0.9027646962252243,8.1840895E-5,14.920204,0.0016171973,0.43221745,0.012349707,0.0056445226,0.01731248,3.419286,4.461837,null,null,null,null,null,null,0.0028555493,0.0022407884,0.43221745,0.012349707,"ONEGAUSSIAN_WITH_ELLIPSOIDAL",6,83.34879,0.43221745,0.012349707,0.031609327,0.09694988,3.424997,4.4644356,null,null,null,null,null,null
375316653866487564,6055918082279179648,0.5483743,2197.4316981148895,0.4840840422973074,1.613176E-5,12.016617,0.052893486,0.35834783,0.004379802,0.28279838,0.038150262,0.40590838,0.051303577,0.86469316,0.0042308006,0.16677359,0.021456605,0.19636329,0.07268038,null,null,null,null,"TWOGAUSSIANS",8,41.419155,0.3561178,0.0040370966,0.4,0.0,0.07042896,0.0017952038,0.87601316,0.0060188854,0.4,0.0,0.02523377,0.002331397
375316653866487564,6055918597675409280,0.4706653,2237.1085026603537,0.6126162707300552,5.857114E-6,17.696577,0.0030705107,0.5885748,0.0014016732,0.021345282,0.0022602375,0.15007474,0.014046546,0.77140844,0.04476678,0.033838466,0.032761946,0.024550915,0.0737642,null,null,null,null,"TWOGAUSSIANS",8,7.0638914,0.5885748,0.0014016732,0.119533576,0.01265733,0.15007474,0.014046553,0.77140844,0.04476678,0.18949541,0.1834669,0.024550915,0.0737642
375316653866487564,6055919009992282752,0.48297474,2215.840592115909,0.46213336654012915,5.8345217E-6,11.327323,4.5542413E-4,0.21546689,0.0010829995,0.02906672,0.0072606388,0.041804634,0.0038269854,0.7153095,0.0025524467,0.027538735,0.0018275059,0.031091195,0.0022747272,0.0101342825,8.0123084E-4,0.21546689,0.0010829995,"TWOGAUSSIANS_WITH_ELLIPSOIDAL_ON_ECLIPSE1",9,6.4259696,0.21546689,0.0010829995,0.16277362,0.040659577,0.062073197,0.004755706,0.7153195,0.0024635612,0.15421692,0.010234033,0.05135974,0.0021486
375316653866487564,6055919284856443008,0.5102165,2194.40360407324,3.9261165582350475,1.1566303E-5,19.365614,0.020974379,0.31098512,0.0038613407,0.076736435,0.006853865,0.43176106,0.022287501,0.79562885,0.0040212045,0.09463503,0.008620038,0.41204682,0.022261867,null,null,null,null,"TWOGAUSSIANS",8,3.5912151,0.31098512,0.0038613407,0.4,0.0,0.42267382,0.019338792,0.79562885,0.0040212045,0.4,0.0,0.4029586,0.021434208
375316653866487564,6055919456654237312,0.5374852,2240.1381321696194,1.1747858655774015,1.7791437E-5,18.754097,0.005160525,0.29808375,0.0058170883,0.041074686,0.0039122393,0.8710464,0.147696,0.81844544,0.0072636013,0.042463694,0.005466182,0.09158937,0.00833112,null,null,null,null,"TWOGAUSSIANS",8,6.3571744,0.29808375,0.0058170883,0.23001823,0.02190854,0.8710464,0.14769602,0.81844544,0.0072636013,0.23779668,0.030610617,0.09158937,0.008331119
375316653866487564,6055919765891907456,0.5400083,2203.315728407729,2.8383900489153064,6.740427E-6,19.777924,0.0088305175,0.28498155,0.0023732574,0.07258204,0.002982832,0.47380185,0.022471776,0.7733774,0.0026577623,0.06889507,0.0033178427,0.42114082,0.017944057,null,null,null,null,"TWOGAUSSIANS",8,2.0287743,0.28498155,0.0023732574,0.4,0.0034207085,0.47250763,0.022525406,0.7733774,0.0026577623,0.38581237,0.018579919,0.4198466,0.018014507
