Gaia/vari_eclipsing_binary/VariEclipsingBinary_014046-015369.csv
# %ECSV 1.0
# ---
# delimiter: ','
# meta: !!omap
# - RELEASE: Gaia DR3
# - TABLE: vari_eclipsing_binary
# - DESCRIPTION: >
#     This table describes the properties of the eclipsing binaries resulting from the variability analysis. 
# - CITATION: >
#     How to cite and acknowledge Gaia: 
#     https://gea.esac.esa.int/archive/documentation/credits.html 
# - KNOWN_ISSUES: >
#     Known issues: 
#     https://www.cosmos.esa.int/web/gaia-users/known-issues 
# - DOCUMENTATION: >
#     Tutorials and documentation: 
#     https://www.cosmos.esa.int/web/gaia-users/archive 
# datatype:
# - 
#   name: solution_id
#   datatype: int64
#   description: Solution Identifier
#   meta:
#     ucd: meta.version
# - 
#   name: source_id
#   datatype: int64
#   description: Unique source identifier
#   meta:
#     ucd: meta.id;meta.main
# - 
#   name: global_ranking
#   datatype: float32
#   description: Number between 0 (worst) and 1 (best)
#   meta:
#     ucd: stat.param
# - 
#   name: reference_time
#   datatype: float64
#   unit: d
#   description: Reference time used for the geometric model fit
#   meta:
#     ucd: time.epoch
# - 
#   name: frequency
#   datatype: float64
#   unit: d**-1
#   description: Frequency of geometric model of the eclipsing binary light curve
#   meta:
#     ucd: src.orbital
# - 
#   name: frequency_error
#   datatype: float32
#   unit: d**-1
#   description: "Uncertainty of \\texttt{frequency}"
#   meta:
#     ucd: stat.error
# - 
#   name: geom_model_reference_level
#   datatype: float32
#   unit: mag
#   description: Magnitude reference level of geometric model
#   meta:
#     ucd: phot.mag;em.opt
# - 
#   name: geom_model_reference_level_error
#   datatype: float32
#   unit: mag
#   description: "Uncertainty of \\texttt{geomModelReferenceLevel}"
#   meta:
#     ucd: stat.error;phot.mag;em.opt
# - 
#   name: geom_model_gaussian1_phase
#   datatype: float32
#   description: Phase of the Gaussian 1 component
#   meta:
#     ucd: time.phase
# - 
#   name: geom_model_gaussian1_phase_error
#   datatype: float32
#   description: "Uncertainty of \\texttt{geomModelGaussian1Phase}"
#   meta:
#     ucd: stat.error;time.phase
# - 
#   name: geom_model_gaussian1_sigma
#   datatype: float32
#   description: "Standard deviation [phase] of Gaussian 1 component"
#   meta:
#     ucd: stat.stdev
# - 
#   name: geom_model_gaussian1_sigma_error
#   datatype: float32
#   description: "Uncertainty of \\texttt{geomModelGaussian1Sigma}"
#   meta:
#     ucd: stat.error
# - 
#   name: geom_model_gaussian1_depth
#   datatype: float32
#   unit: mag
#   description: Magnitude depth of Gaussian 1 component
#   meta:
#     ucd: src.var.amplitude
# - 
#   name: geom_model_gaussian1_depth_error
#   datatype: float32
#   unit: mag
#   description: "Uncertainty of \\texttt{geomModelGaussian1Depth}"
#   meta:
#     ucd: stat.error;src.var.amplitude
# - 
#   name: geom_model_gaussian2_phase
#   datatype: float32
#   description: Phase of Gaussian 2 component
#   meta:
#     ucd: time.phase
# - 
#   name: geom_model_gaussian2_phase_error
#   datatype: float32
#   description: "Uncertainty of \\texttt{geomModelGaussian2Phase}"
#   meta:
#     ucd: stat.error;time.phase
# - 
#   name: geom_model_gaussian2_sigma
#   datatype: float32
[...]
#   datatype: float32
#   description: "Secondary eclipse: uncertainty of \\texttt{derivedSecondaryEclDuration}"
#   meta:
#     ucd: stat.error;time.duration
# - 
#   name: derived_secondary_ecl_depth
#   datatype: float32
#   unit: mag
#   description: "Secondary eclipse: depth"
#   meta:
#     ucd: src.var.amplitude
# - 
#   name: derived_secondary_ecl_depth_error
#   datatype: float32
#   unit: mag
#   description: "Secondary eclipse: uncertainty of \\texttt{derivedSecondaryEclDepth}"
#   meta:
#     ucd: stat.error;src.var.amplitude
solution_id,source_id,global_ranking,reference_time,frequency,frequency_error,geom_model_reference_level,geom_model_reference_level_error,geom_model_gaussian1_phase,geom_model_gaussian1_phase_error,geom_model_gaussian1_sigma,geom_model_gaussian1_sigma_error,geom_model_gaussian1_depth,geom_model_gaussian1_depth_error,geom_model_gaussian2_phase,geom_model_gaussian2_phase_error,geom_model_gaussian2_sigma,geom_model_gaussian2_sigma_error,geom_model_gaussian2_depth,geom_model_gaussian2_depth_error,geom_model_cosine_half_period_amplitude,geom_model_cosine_half_period_amplitude_error,geom_model_cosine_half_period_phase,geom_model_cosine_half_period_phase_error,model_type,num_model_parameters,reduced_chi2,derived_primary_ecl_phase,derived_primary_ecl_phase_error,derived_primary_ecl_duration,derived_primary_ecl_duration_error,derived_primary_ecl_depth,derived_primary_ecl_depth_error,derived_secondary_ecl_phase,derived_secondary_ecl_phase_error,derived_secondary_ecl_duration,derived_secondary_ecl_duration_error,derived_secondary_ecl_depth,derived_secondary_ecl_depth_error
[from data line 75]
375316653866487564,124596215278792192,0.5358636,2185.937482048077,4.9237579786440735,3.576707E-5,19.791878,0.014361034,0.26292002,0.0077657457,0.07635177,0.015681123,0.06808073,0.014738345,0.6159219,8.197222E-4,0.02106554,0.0014061732,0.9565156,0.14267918,null,null,null,null,"TWOGAUSSIANS",8,1.064503,0.6159219,8.197222E-4,0.117967024,0.00787457,0.95651716,0.14266852,0.26292002,0.0077657457,0.4,0.0,0.06808073,0.01473831
375316653866487564,124597825890988544,0.5135618,2147.520467333104,2.7242563882744886,3.733879E-5,19.026512,0.007411237,0.3089059,0.014266006,0.029117506,0.0067184228,0.47740057,0.15726018,0.80733496,0.00733107,0.01851033,0.0039059857,0.39416867,0.6678766,null,null,null,null,"TWOGAUSSIANS",8,2.7797086,0.3089059,0.014266006,0.16305803,0.037623167,0.47740057,0.15726018,0.80733496,0.00733107,0.10365785,0.02187352,0.39416867,0.6678766
375316653866487564,124605625551709184,0.5183669,2107.2349408371556,1.6616271045682778,2.1713657E-5,17.499083,0.059673145,0.2904633,0.005156329,0.12896721,0.052943964,0.070505545,0.05812831,0.77788645,0.008957168,0.12106272,0.04282592,0.10086221,0.05250772,null,null,null,null,"TWOGAUSSIANS",8,1.447007,0.77788645,0.008957168,0.4,0.0,0.08058668,0.0051768855,0.2905933,0.0050454396,0.4,0.0,0.050191462,0.004356284
375316653866487564,124606626280201984,0.56141824,2139.34207494759,2.017969639426247,8.450591E-5,17.094004,0.0056715254,0.272612,0.004618873,0.034989335,0.0036103497,0.4913457,0.07928499,0.81215364,0.02713538,0.045562737,0.03721745,0.6918744,null,null,null,null,null,"TWOGAUSSIANS",8,24.717241,0.81215364,0.02713538,0.25515133,0.20841773,0.6918744,null,0.272612,0.004618873,0.19594027,0.020217959,0.4913457,0.07928499
375316653866487564,124608344267099520,0.5607025,2133.793852805194,2.321756681003276,2.9127414E-5,17.323576,0.056722596,0.30509698,0.0068597905,0.046629876,0.039997317,0.18450756,0.12148654,0.7960066,0.015530878,0.059691824,0.023030518,0.18254131,0.10903135,0.107382074,0.059545897,0.30509698,0.0068597905,"TWOGAUSSIANS_WITH_ELLIPSOIDAL_ON_ECLIPSE1",9,20.314127,0.30509698,0.0068597905,0.2611273,0.20119411,0.39925674,0.101824366,0.79826665,0.0101989135,0.3342742,0.1023767,0.3967644,0.028064743
375316653866487564,124640019649938816,0.5615358,2125.8115101355443,3.002146764302998,1.3092559E-5,19.237522,0.0102553405,0.23837368,0.0025116028,0.07939749,0.0052055703,0.3095268,0.010952382,0.7303656,0.0035817863,0.071742356,0.0060832687,0.3490257,0.04576524,null,null,null,null,"TWOGAUSSIANS",8,1.3636994,0.7303656,0.0035817863,0.4,0.020385025,0.34672177,0.046397597,0.23837368,0.0025116028,0.4,0.0,0.30722284,0.010720986
375316653866487564,124647033332337792,0.47487387,2174.9814744112223,0.8106198153299566,1.9782181E-5,17.673609,0.009411255,0.17728819,0.008909487,0.050329138,0.00968449,0.19878358,0.011805454,0.86466783,0.0038104646,0.024326917,0.006992337,0.66214514,2.0891724,null,null,null,null,"TWOGAUSSIANS",8,17.647188,0.86466783,0.0038104646,0.13623074,0.039157085,0.66214514,2.0891724,0.17728819,0.008909487,0.28184316,0.054233145,0.19878358,0.011805454
375316653866487564,124668091556367360,0.6045206,2099.1341637855253,2.9051711461113574,9.701206E-6,17.4127,0.008429878,0.25788307,0.0014564988,0.07543304,0.0023281216,0.48385268,0.009845131,0.76144487,0.0017995435,0.07598666,0.0028457027,0.45504117,0.015979836,null,null,null,null,"TWOGAUSSIANS",8,8.174921,0.25788307,0.0014564988,0.4,0.0,0.48013076,0.00944504,0.76144487,0.0017995435,0.4,0.0,0.45131925,0.016216524
375316653866487564,124685859836720128,0.603965,2114.314786573443,3.765035042193794,4.3468995E-6,16.918802,0.013803822,0.35648856,0.0017804194,0.04807396,0.0064478773,0.33845764,0.10184951,0.8459913,0.0010278783,0.04857853,0.0068144337,0.30900002,0.017922994,0.11645402,0.02317478,0.35648856,0.0017804194,"TWOGAUSSIANS_WITH_ELLIPSOIDAL_ON_ECLIPSE1",9,12.065069,0.35648856,0.0017804194,0.26921418,0.036108114,0.5713637,0.099350266,0.84728134,8.06467E-4,0.27203977,0.038160827,0.54101855,0.04202671
375316653866487564,124688642974200832,0.5265837,2146.4417128028804,4.273237316032784,3.4602537E-5,19.150751,0.038935877,0.28838822,0.0045329086,0.0884401,0.009674539,0.54045814,0.038959887,0.8133367,0.008907193,0.09313378,0.013677992,0.43616834,0.066705406,null,null,null,null,"TWOGAUSSIANS",8,6.846068,0.28838822,0.0045329086,0.4,0.0,0.5256557,0.031891927,0.8133367,0.008907193,0.4,0.0,0.42136517,0.06669624
375316653866487564,124693242884991744,0.5458423,2152.3779779387582,4.438662576288822,2.0588592E-5,19.295834,0.02128422,0.2474337,0.0093132835,0.082383156,0.010547538,0.4277102,0.0374948,0.7534479,0.0035155925,0.08828615,0.0065999785,0.3573531,0.023290915,null,null,null,null,"TWOGAUSSIANS",8,2.4588425,0.2474337,0.0093132835,0.4,0.0,0.41810992,0.037345923,0.7534479,0.0035155925,0.4,0.0,0.34775275,0.018708898
375316653866487564,124704757693056256,0.44414926,2153.8301638325374,2.4496270601803563,4.460952E-5,18.259647,0.023559913,0.21225895,0.012158249,0.073965944,0.0112718595,0.116160624,0.026966231,0.44655725,0.053131565,0.16638471,0.08495436,0.054281764,0.017371673,null,null,null,null,"TWOGAUSSIANS",8,8.58529,0.22060895,0.0101096,0.4,0.025769046,0.13569883,0.029573334,0.44655725,0.053131565,0.4,0.0,0.053738493,0.017164394
375316653866487564,124718016256656000,0.667687,2161.565125566445,2.8055667009297247,2.4627216E-6,16.030323,0.0064881057,0.27939972,0.019051801,0.023466723,0.0077221617,1.5057229,7.3159738,0.79281515,0.002348099,0.04073108,0.016920999,0.4043283,0.11444403,0.14797519,0.006380502,0.79281515,0.002348099,"TWOGAUSSIANS_WITH_ELLIPSOIDAL_ON_ECLIPSE2",9,18.549835,0.27950972,0.018867422,0.13141365,0.043244105,1.7995925,7.316208,0.79281515,0.002348099,0.22809404,0.094757594,0.70027804,0.12348557
375316653866487564,124725236097010816,0.5312407,2148.385947874728,0.46483485661723695,4.8764356E-5,14.811441,0.0027550939,0.16616179,0.012634774,0.045008156,0.007420814,0.12530951,0.03559967,0.635953,0.013535408,0.048793536,0.020621797,0.45857477,0.38255695,null,null,null,null,"TWOGAUSSIANS",8,24.164152,0.635953,0.013535408,0.2732438,0.11548206,0.4585747,0.38256145,0.16616179,0.012634774,0.25204566,0.04155656,0.12530947,0.035599593
375316653866487564,124734886887153792,0.59129995,2122.1321465491737,1.5010702100948954,1.490193E-5,17.787268,0.0026153696,0.23276491,0.0059208404,0.05184183,0.007466969,0.115623266,0.0079678595,0.7259605,0.0023010154,0.046443578,0.002597246,0.35189402,0.027648233,null,null,null,null,"TWOGAUSSIANS",8,2.7555602,0.7259605,0.0023010154,0.26008403,0.014544578,0.35189337,0.027648456,0.23276491,0.0059208404,0.29031423,0.041815028,0.11562261,0.00796796
375316653866487564,124765952386995584,0.44817412,2101.5613812194274,0.9631797221297815,4.1142062E-5,17.857292,0.0065793684,0.25171074,0.035958853,0.053459063,0.034219876,0.16640444,0.2918578,0.620934,0.008147731,0.040161896,0.0044551482,0.20500618,0.053669658,null,null,null,null,"TWOGAUSSIANS",8,14.986506,0.620934,0.008147731,0.22490662,0.02494883,0.20500618,0.053669658,0.25171074,0.035958853,0.29937077,0.1916313,0.16640444,0.2918578
375316653866487564,124771724823029248,0.510057,2149.0751271757886,3.2988653583133543,1.0459297E-4,18.041084,0.016956693,0.16915807,0.031793658,0.07027763,0.040814642,0.120285735,0.07274805,0.69183743,0.00409812,0.07682412,0.004822164,0.25951147,0.021674221,null,null,null,null,"TWOGAUSSIANS",8,14.26353,0.69183743,0.00409812,0.4,0.0,0.25886348,0.020920077,0.16915807,0.031793658,0.39355475,0.19966441,0.11963775,0.07355871
375316653866487564,124777939639456000,0.65248615,2157.0902274464447,4.502834665913429,6.0804914E-6,18.627304,0.010105671,0.15621611,0.003961751,0.03216974,0.0066135614,0.6571858,0.3130931,0.66069514,0.0015271957,0.052933168,0.0023579518,0.4557706,0.022597095,0.12955137,0.013755489,0.15621611,0.003961751,"TWOGAUSSIANS_WITH_ELLIPSOIDAL_ON_ECLIPSE1",9,1.8230622,0.15621611,0.003961751,0.18015054,0.037035946,0.9162837,0.31930912,0.66069514,0.0015271957,0.29642576,0.01320453,0.7146634,0.00887046
375316653866487564,124792787342613376,0.5789498,2158.330669141307,3.453782183128444,8.628978E-6,18.596987,0.02148611,0.25556478,0.0064779967,0.08818999,0.013430133,0.394283,0.02845406,0.7682439,0.002733436,0.08919409,0.0060845534,0.38586327,0.02159128,null,null,null,null,"TWOGAUSSIANS",8,2.6172848,0.25556478,0.0064779967,0.4,0.0,0.382309,0.037588745,0.7682439,0.002733436,0.4,0.0,0.37388924,0.014243291
375316653866487564,124805019409453952,0.49263802,2110.503789502527,3.3762226310734493,2.3025876E-5,17.088728,0.0058748247,null,null,null,null,null,null,null,null,null,null,null,null,0.15389848,0.0077684047,0.26801258,0.0048504765,"ELLIPSOIDAL",4,75.785446,null,null,null,null,null,null,null,null,null,null,null,null
375316653866487564,124805191208135040,0.5249175,2105.5624134582235,1.3467845082000054,1.4668287E-5,13.600166,0.005459643,null,null,null,null,null,null,null,null,null,null,null,null,0.07711329,0.009133068,0.29091072,0.007460989,"ELLIPSOIDAL",4,389.09534,null,null,null,null,null,null,null,null,null,null,null,null
375316653866487564,124810242089647360,0.48710606,2127.7179728697693,1.780069602003208,2.8063147E-5,14.168988,0.063428976,0.30443427,0.010795747,0.11735945,0.05565348,0.045280404,0.06004943,0.78736615,0.012562274,0.111942016,0.06281309,0.043140806,0.060112305,null,null,null,null,"TWOGAUSSIANS",8,22.00491,0.30446428,0.01058457,0.4,0.0,0.038328823,0.0017280637,0.78736615,0.012562274,0.4,0.0,0.036196586,0.004586795
375316653866487564,124812333737811712,0.47829807,2145.1470438417086,3.9335095687422195,1.8689916E-5,19.48797,0.03921246,0.3167927,0.0052126045,0.09703041,0.01852503,0.273287,0.045816604,0.8031219,0.008004305,0.08145332,0.024242036,0.3082515,0.06198577,null,null,null,null,"TWOGAUSSIANS",8,2.1102722,0.8031219,0.008004305,0.4,0.0,0.29911855,0.07428373,0.3167927,0.005212329,0.4,0.0,0.26415285,0.042270284
375316653866487564,124821065407262976,0.6108127,2150.818016337358,2.4737488874130493,4.55989E-6,14.070444,0.015075064,0.1493158,0.0026011027,0.1107127,0.010243262,0.15433796,0.0125953695,0.6550309,0.0015974103,0.10931701,0.0077426773,0.1592236,0.014530613,null,null,null,null,"TWOGAUSSIANS",8,13.047036,0.65504086,0.0015992866,0.4,0.0,0.1368951,0.0038305277,0.1493058,0.002605448,0.4,0.0,0.13200705,0.0044067604
375316653866487564,124830067657365632,0.5803581,2179.6566127438928,4.04808958656647,2.4300496E-5,17.864391,0.0070638936,0.26657444,0.0035083578,0.076670356,0.0040717847,0.44373152,0.02531025,0.7677232,0.008221081,0.07666636,0.01011254,0.45537558,0.030124249,null,null,null,null,"TWOGAUSSIANS",8,6.668209,0.7677232,0.008221081,0.4,0.015932873,0.45106736,0.03250458,0.26657444,0.0035083578,0.4,0.0,0.43942326,0.025945192
375316653866487564,124849171673986688,0.6049624,2140.6967225138997,2.1044604466217636,1.6367274E-5,14.44586,0.006171931,0.2358819,0.0031865055,0.092087105,0.0051830714,0.1394369,0.007707918,0.7341566,0.0033217182,0.103017405,0.0059182714,0.1362709,0.0067073433,null,null,null,null,"TWOGAUSSIANS",8,17.859629,0.2358819,0.0031865055,0.4,0.0,0.12936288,0.006298806,0.7341566,0.0033217182,0.4,0.0,0.1261949,0.0034500693
375316653866487564,124855218987900160,0.6000457,2145.5204196098316,2.3949303044176258,1.7550761E-5,16.189491,0.033578955,0.2654219,0.002070734,0.1176125,0.017223299,0.19111782,0.031256575,0.7733771,0.0055023273,0.12203208,0.017794171,0.17668061,0.033308085,null,null,null,null,"TWOGAUSSIANS",8,4.108426,0.2653719,0.0020992756,0.4,0.0,0.15237722,0.003862776,0.7734171,0.0054807533,0.4,0.0,0.13790461,0.0060162665
375316653866487564,124858826760424576,0.55656224,2136.252560142467,2.0464322351406072,2.281914E-5,15.14963,0.007672734,0.21094938,0.0039413194,0.048336208,0.0058333683,0.6758502,0.10669523,0.71751213,0.005584012,0.05318764,0.003895922,0.6274599,0.067342095,null,null,null,null,"TWOGAUSSIANS",8,435.08072,0.21094938,0.0039413194,0.27068278,0.032666862,0.6758451,0.106708705,0.71751213,0.005584012,0.2978508,0.021817164,0.62745476,0.06734396
375316653866487564,124860991423925760,0.6496091,2147.708178976443,2.152632568775274,6.351937E-6,16.29876,0.014261728,0.31636685,0.008880365,0.108962975,0.006818027,0.37044123,0.015853697,0.7852638,0.013381749,0.08579369,0.007886737,0.40776187,0.03570877,null,null,null,null,"TWOGAUSSIANS",8,8.336486,0.7852638,0.013381749,0.4,0.0,0.38920996,0.034735736,0.31636685,0.008880365,0.4,0.0,0.35185158,0.010456077
375316653866487564,124861231942089600,0.5743964,2154.223870709374,2.6513052692477332,8.654417E-6,15.783098,0.10076837,0.2573969,0.0039340514,0.12451436,0.025589969,0.31889415,0.09775262,0.7512613,0.003103672,0.12962046,0.028891787,0.2973201,0.096748985,null,null,null,null,"TWOGAUSSIANS",8,19.541342,0.2574869,0.004023923,0.4,0.0,0.23461531,0.009366154,0.7512613,0.003103672,0.4,0.0,0.21289115,0.009018374
375316653866487564,124894659671527168,0.55635715,2145.416172911606,3.651918204661329,5.3631025E-5,18.004124,0.06593279,0.25181106,0.006587307,0.07596866,0.015289972,0.3980925,0.061748393,0.735489,0.028330749,0.07156574,0.045223873,0.666678,0.25462595,null,null,null,null,"TWOGAUSSIANS",8,13.757343,0.735489,0.028330749,0.4,0.014484224,0.66444755,0.27965954,0.25181106,0.0065506776,0.4,0.0,0.39586207,0.03912259
375316653866487564,124898130005134208,0.50512975,2138.0732218850317,2.1112314481796264,3.5617475E-5,17.489767,0.009377689,0.22074318,0.0015882822,0.020697277,8.98966E-4,0.28686938,0.011031773,0.73897797,0.010623074,0.029502539,0.0053687715,0.20226516,0.033395387,null,null,null,null,"TWOGAUSSIANS",8,19.825214,0.22074318,0.0015882822,0.11590475,0.0050342097,0.28686938,0.011031773,0.73897797,0.010623074,0.16521423,0.030065121,0.20226516,0.033395387
375316653866487564,124937884221797120,0.4850727,2127.8656270375354,0.06920662101281652,2.9095849E-5,18.936413,0.006750258,0.23693866,0.01138429,0.049676873,0.0215535,0.17551634,0.049749848,0.75168043,0.0045529297,0.07773104,0.0055801864,0.19631661,0.022525031,null,null,null,null,"TWOGAUSSIANS",8,1.8605065,0.75168043,0.0045529297,0.4,0.0,0.19621198,0.022517849,0.23693866,0.01138429,0.2781905,0.1206996,0.17541172,0.050328918
375316653866487564,124944726106248448,0.65251315,2127.5217937072616,2.5136403357562815,4.7242675E-6,14.5418825,0.009000531,0.21405917,0.0014051256,0.045796424,0.002579327,0.36286974,0.018801693,0.7053195,0.0020860499,0.054346632,0.0034645007,0.38567674,0.02731163,0.13945094,0.011702194,0.7053195,0.0020860499,"TWOGAUSSIANS_WITH_ELLIPSOIDAL_ON_ECLIPSE2",9,114.102516,0.7053195,0.0020860499,0.30434114,0.019401204,0.6645681,0.022641795,0.21306917,0.0011547911,0.25645998,0.014444231,0.64101565,0.008553562
375316653866487564,124963452163493376,0.4727079,2148.7465214523554,1.0291817555882536,3.2657106E-5,17.205547,0.071937114,0.21417132,0.011441038,0.109905586,0.034102246,0.10903928,0.06871545,0.69910216,0.010861746,0.12705132,0.0453569,0.10951758,0.069229335,null,null,null,null,"TWOGAUSSIANS",8,7.0010834,0.69910216,0.010861746,0.4,0.0,0.089003704,0.014616609,0.21432132,0.01106315,0.4,0.0,0.088621914,0.010815477
375316653866487564,124964306860656896,0.5460626,2155.859081499994,3.190933962354004,2.044979E-5,17.936466,0.011998321,0.21467365,0.003553203,0.091393836,0.008422457,0.25922552,0.013974697,0.7053776,0.0040276293,0.078516506,0.0064533115,0.29852182,0.018279215,null,null,null,null,"TWOGAUSSIANS",8,6.694662,0.7053776,0.0040276293,0.4,0.0,0.2923524,0.018238809,0.21467365,0.003553203,0.4,0.0,0.2530559,0.01426205
