Gaia/vari_eclipsing_binary/VariEclipsingBinary_468789-468802.csv
# %ECSV 1.0
# ---
# delimiter: ','
# meta: !!omap
# - RELEASE: Gaia DR3
# - TABLE: vari_eclipsing_binary
# - DESCRIPTION: >
#     This table describes the properties of the eclipsing binaries resulting from the variability analysis. 
# - CITATION: >
#     How to cite and acknowledge Gaia: 
#     https://gea.esac.esa.int/archive/documentation/credits.html 
# - KNOWN_ISSUES: >
#     Known issues: 
#     https://www.cosmos.esa.int/web/gaia-users/known-issues 
# - DOCUMENTATION: >
#     Tutorials and documentation: 
#     https://www.cosmos.esa.int/web/gaia-users/archive 
# datatype:
# - 
#   name: solution_id
#   datatype: int64
#   description: Solution Identifier
#   meta:
#     ucd: meta.version
# - 
#   name: source_id
#   datatype: int64
#   description: Unique source identifier
#   meta:
#     ucd: meta.id;meta.main
# - 
#   name: global_ranking
#   datatype: float32
#   description: Number between 0 (worst) and 1 (best)
#   meta:
#     ucd: stat.param
# - 
#   name: reference_time
#   datatype: float64
#   unit: d
#   description: Reference time used for the geometric model fit
#   meta:
#     ucd: time.epoch
# - 
#   name: frequency
#   datatype: float64
#   unit: d**-1
#   description: Frequency of geometric model of the eclipsing binary light curve
#   meta:
#     ucd: src.orbital
# - 
#   name: frequency_error
#   datatype: float32
#   unit: d**-1
#   description: "Uncertainty of \\texttt{frequency}"
#   meta:
#     ucd: stat.error
# - 
#   name: geom_model_reference_level
#   datatype: float32
#   unit: mag
#   description: Magnitude reference level of geometric model
#   meta:
#     ucd: phot.mag;em.opt
# - 
#   name: geom_model_reference_level_error
#   datatype: float32
#   unit: mag
#   description: "Uncertainty of \\texttt{geomModelReferenceLevel}"
#   meta:
#     ucd: stat.error;phot.mag;em.opt
# - 
#   name: geom_model_gaussian1_phase
#   datatype: float32
#   description: Phase of the Gaussian 1 component
#   meta:
#     ucd: time.phase
# - 
#   name: geom_model_gaussian1_phase_error
#   datatype: float32
#   description: "Uncertainty of \\texttt{geomModelGaussian1Phase}"
#   meta:
#     ucd: stat.error;time.phase
# - 
#   name: geom_model_gaussian1_sigma
#   datatype: float32
#   description: "Standard deviation [phase] of Gaussian 1 component"
#   meta:
#     ucd: stat.stdev
# - 
#   name: geom_model_gaussian1_sigma_error
#   datatype: float32
#   description: "Uncertainty of \\texttt{geomModelGaussian1Sigma}"
#   meta:
#     ucd: stat.error
# - 
#   name: geom_model_gaussian1_depth
#   datatype: float32
#   unit: mag
#   description: Magnitude depth of Gaussian 1 component
#   meta:
#     ucd: src.var.amplitude
# - 
#   name: geom_model_gaussian1_depth_error
#   datatype: float32
#   unit: mag
#   description: "Uncertainty of \\texttt{geomModelGaussian1Depth}"
#   meta:
#     ucd: stat.error;src.var.amplitude
# - 
#   name: geom_model_gaussian2_phase
#   datatype: float32
#   description: Phase of Gaussian 2 component
#   meta:
#     ucd: time.phase
# - 
#   name: geom_model_gaussian2_phase_error
#   datatype: float32
#   description: "Uncertainty of \\texttt{geomModelGaussian2Phase}"
#   meta:
#     ucd: stat.error;time.phase
# - 
#   name: geom_model_gaussian2_sigma
#   datatype: float32
[...]
#   datatype: float32
#   description: "Secondary eclipse: uncertainty of \\texttt{derivedSecondaryEclDuration}"
#   meta:
#     ucd: stat.error;time.duration
# - 
#   name: derived_secondary_ecl_depth
#   datatype: float32
#   unit: mag
#   description: "Secondary eclipse: depth"
#   meta:
#     ucd: src.var.amplitude
# - 
#   name: derived_secondary_ecl_depth_error
#   datatype: float32
#   unit: mag
#   description: "Secondary eclipse: uncertainty of \\texttt{derivedSecondaryEclDepth}"
#   meta:
#     ucd: stat.error;src.var.amplitude
solution_id,source_id,global_ranking,reference_time,frequency,frequency_error,geom_model_reference_level,geom_model_reference_level_error,geom_model_gaussian1_phase,geom_model_gaussian1_phase_error,geom_model_gaussian1_sigma,geom_model_gaussian1_sigma_error,geom_model_gaussian1_depth,geom_model_gaussian1_depth_error,geom_model_gaussian2_phase,geom_model_gaussian2_phase_error,geom_model_gaussian2_sigma,geom_model_gaussian2_sigma_error,geom_model_gaussian2_depth,geom_model_gaussian2_depth_error,geom_model_cosine_half_period_amplitude,geom_model_cosine_half_period_amplitude_error,geom_model_cosine_half_period_phase,geom_model_cosine_half_period_phase_error,model_type,num_model_parameters,reduced_chi2,derived_primary_ecl_phase,derived_primary_ecl_phase_error,derived_primary_ecl_duration,derived_primary_ecl_duration_error,derived_primary_ecl_depth,derived_primary_ecl_depth_error,derived_secondary_ecl_phase,derived_secondary_ecl_phase_error,derived_secondary_ecl_duration,derived_secondary_ecl_duration_error,derived_secondary_ecl_depth,derived_secondary_ecl_depth_error
[from data line 336]
375316653866487564,4123575801453547136,0.6244147,2389.281579033344,1.6312486179972212,2.8933157E-6,17.563812,0.00481432,0.2842151,0.001822476,0.08220765,0.0023602757,0.33976614,0.0054325555,0.7862799,8.881165E-4,0.08907723,0.0018873337,0.27451184,0.0052410234,null,null,null,null,"TWOGAUSSIANS",8,1.9553921,0.2842151,0.001822476,0.4,0.0,0.3314971,0.004731531,0.7862799,8.881165E-4,0.4,0.0,0.26624274,0.0045644944
375316653866487564,4123575840143588352,0.5269032,2382.7882695545104,2.3911955521310135,8.53433E-6,18.825125,0.023777338,0.3391486,0.0072492287,0.085218415,0.008282012,0.60940015,0.032746803,0.84778434,0.002559037,0.07553949,0.008417148,0.28693187,0.020025892,null,null,null,null,"TWOGAUSSIANS",8,7.4388885,0.3391486,0.0072492287,0.4,0.0,0.60370904,0.03045978,0.84778434,0.002559037,0.4,0.0066998573,0.2812408,0.01752655
375316653866487564,4123575840143665792,0.42867696,2404.4652384927504,0.12877957091534561,9.655346E-5,19.220167,0.0942423,0.26145864,0.05157956,0.057435233,0.10439651,0.08616074,0.09681791,0.6993117,0.021681057,0.08388497,0.033621114,0.14930274,0.0911093,null,null,null,null,"TWOGAUSSIANS",8,3.4432437,0.6993117,0.021681057,0.4,0.0,0.14921673,0.032944437,0.26145864,0.051532455,0.3216373,0.11178356,0.08607492,0.026600853
375316653866487564,4123575938880868096,0.44425046,2387.4232818533974,2.490769454477847,4.5935172E-5,18.91163,0.0031520224,null,null,null,null,null,null,null,null,null,null,null,null,0.054449175,0.00448255,0.2758824,0.008631121,"ELLIPSOIDAL",4,2.2155004,null,null,null,null,null,null,null,null,null,null,null,null
375316653866487564,4123575977614664704,0.42196152,2401.1347454513593,1.5422888265970371,3.685109E-5,17.661797,0.0026029956,null,null,null,null,null,null,null,null,null,null,null,null,0.023459332,0.0042106835,0.27173105,0.010428013,"ELLIPSOIDAL",4,7.4925694,null,null,null,null,null,null,null,null,null,null,null,null
375316653866487564,4123576115020194688,0.45542026,2398.647085185028,2.189738130833417,5.622008E-5,18.72654,0.0096709225,0.22552906,0.0074533196,0.019673282,0.010672119,0.12717141,0.1167866,0.79563564,0.041624635,0.030668149,0.026438018,0.06859511,0.1761885,0.10483811,0.012743652,0.22552906,0.0074533196,"TWOGAUSSIANS_WITH_ELLIPSOIDAL_ON_ECLIPSE1",9,15.46582,0.22552906,0.0074533196,0.11017038,0.059763867,0.3368476,0.11676356,0.79563564,0.041624635,0.17174163,0.1480529,0.24015129,0.17197399
375316653866487564,4123576351176477184,0.60034853,2401.0686678933153,0.05945680360152139,2.8917414E-6,16.285105,0.002521472,0.029793866,3.4103446E-6,0.0021424473,2.169911E-5,0.32027715,3.9265637E-4,0.42588225,0.028728975,0.18361112,0.049023166,0.014732764,0.0028037769,null,null,null,null,"TWOGAUSSIANS",8,4.4479246,0.029793866,3.4103446E-6,0.011997705,1.2151502E-4,0.3210583,9.1060484E-4,0.42588225,0.028728975,0.4,0.0,0.014009916,0.0028146808
375316653866487564,4123576389898242816,0.54670006,2371.5136949222324,1.2436964678595206,3.1808664E-5,18.335266,0.018170483,0.27280667,0.016060952,0.030840522,0.026511496,0.2019856,9.2638445,0.76395404,0.0025365285,0.035043415,0.0029986813,0.88142264,0.12891415,0.035611916,0.024711462,0.27280667,0.016060952,"TWOGAUSSIANS_WITH_ELLIPSOIDAL_ON_ECLIPSE1",9,5.406849,0.764024,0.0024989268,0.1962431,0.016792616,0.9524279,0.13403729,0.27280667,0.016060952,0.17270692,0.14846437,0.2732093,9.309096
375316653866487564,4123576699137633280,0.5003814,2409.3089163064565,1.1016723630005982,1.468048E-5,18.80439,0.013744649,0.25597373,0.004919966,0.06332699,0.005745151,0.46865433,0.044224765,0.75729114,0.005370723,0.059678495,0.0068791155,0.24227194,0.027366102,null,null,null,null,"TWOGAUSSIANS",8,7.326657,0.25597373,0.004919966,0.3546312,0.032172844,0.46848658,0.044255804,0.75729114,0.005370723,0.33419958,0.038523044,0.2421042,0.027360631
375316653866487564,4123576767857292160,0.560576,2394.2510207477576,0.7235968766828753,2.5942521E-5,18.829536,0.0025994463,0.09098498,0.030265598,0.036331788,0.046219166,0.011203423,0.014502178,0.5522228,0.016130699,0.016378867,0.003244008,1.2614346,2.6101463,null,null,null,null,"TWOGAUSSIANS",8,0.9679175,0.5522228,0.016130699,0.091721654,0.018166445,1.2614346,2.6101463,0.09098498,0.030265598,0.20345801,0.25882733,0.011203423,0.014502178
375316653866487564,4123576767857360000,0.5396151,2442.058806768035,2.1601891317260504,1.7975282E-5,18.965958,0.024426157,0.2378176,0.005609586,0.05431851,0.01208257,0.5686858,0.09588608,0.7255095,0.005403031,0.027016737,0.0060016355,0.30452713,0.137472,0.13753366,0.027849033,0.2378176,0.005609586,"TWOGAUSSIANS_WITH_ELLIPSOIDAL_ON_ECLIPSE1",9,12.098916,0.2378176,0.005609586,0.30418366,0.067662396,0.8437384,0.10427488,0.7261195,0.0056506814,0.15129372,0.033609156,0.5780187,0.0968237
375316653866487564,4123576866574124800,0.52409494,2390.976057770964,1.2683376520136511,2.2225784E-5,18.049334,0.0035033065,0.28711042,0.0077355844,0.057590384,0.0060191597,0.1706203,0.010193941,0.7972343,0.014357539,0.066636376,0.017680695,0.036947854,0.008338205,null,null,null,null,"TWOGAUSSIANS",8,1.8803608,0.28711042,0.0077355844,0.32250616,0.033707295,0.17058834,0.0101707475,0.7972343,0.014357539,0.3731637,0.088626735,0.0369159,0.008332728
375316653866487564,4123576939687517440,0.40244237,2389.8934807371797,2.1653082186066954,3.9146587E-5,19.22174,0.009952311,0.37727335,0.0061491877,0.028306253,0.007966564,0.9950195,2.6921995,0.7688118,0.008935099,0.049096737,0.004569576,0.7896788,0.21737434,null,null,null,null,"TWOGAUSSIANS",8,5.352555,0.37727335,0.0061491877,0.15851502,0.044612758,0.9950195,2.6921995,0.7688118,0.008935099,0.2749417,0.025589626,0.7896788,0.21737434
375316653866487564,4123577008407039488,0.44314393,2394.397739037097,1.6450041755216178,4.4205575E-5,17.23538,0.0031459532,null,null,null,null,null,null,null,null,null,null,null,null,0.033249415,0.004416446,0.25013787,0.010607211,"ELLIPSOIDAL",4,13.322294,null,null,null,null,null,null,null,null,null,null,null,null
375316653866487564,4123577111452869632,0.50889957,2401.082266926408,2.5080921567737264,3.0604002E-5,18.756817,0.010464015,0.26997757,0.006541599,0.0921713,0.009236741,0.16645989,0.0135421045,0.7910349,0.0060706087,0.08617396,0.010186814,0.17440793,0.01131312,null,null,null,null,"TWOGAUSSIANS",8,2.4879873,0.7910349,0.0060706087,0.4,0.0,0.16964102,0.011661553,0.26997757,0.006541599,0.4,0.0,0.16169277,0.011958815
375316653866487564,4123577145814526080,0.49657443,2393.945788348466,2.650433344043471,1.457864E-5,19.245525,0.03957274,0.203846,0.019325197,0.10060173,0.02728046,0.19079438,0.036708236,0.7068868,0.0059703398,0.108423054,0.018280549,0.2289382,0.03998145,null,null,null,null,"TWOGAUSSIANS",8,1.7463106,0.7068868,0.0059786723,0.4,0.0,0.20578934,0.016215218,0.203846,0.019330576,0.4,0.0,0.16765496,0.020031756
375316653866487564,4123577519409280896,0.45106193,2382.284971201968,4.668708967003881,6.0788483E-5,18.958878,0.0043270565,0.19366685,0.01618252,0.016888838,0.011610471,0.10458994,0.05180345,0.4850292,0.0010928354,0.021795027,8.902002E-4,0.24549165,0.0060566687,null,null,null,null,"TWOGAUSSIANS",8,3.312989,0.4850292,0.0010928354,0.12205215,0.004985121,0.24549165,0.0060566687,0.19366685,0.01618252,0.0945775,0.06501864,0.10458994,0.05180345
375316653866487564,4123577661241682304,0.55744576,2410.4460583207574,3.13817587397291,1.0621407E-5,17.170315,0.025205402,0.17926891,0.0036296858,0.104352124,0.007725231,0.42630297,0.025655212,0.6681808,0.0048278407,0.10097385,0.008757715,0.43492863,0.024956014,null,null,null,null,"TWOGAUSSIANS",8,23.786613,0.6681808,0.0048278407,0.4,0.0,0.3960771,0.013402583,0.17926891,0.0036286165,0.4,0.0,0.38744622,0.017814763
375316653866487564,4123577867369668608,0.42647007,2428.388423740567,1.4544564031965108,1.3223461E-5,19.148462,0.0090531325,0.30493212,0.0033250153,0.02309933,0.0036816916,0.102986746,0.009418746,0.5739341,0.0023558775,0.027468298,0.0055237166,0.4713497,0.54229504,null,null,null,null,"TWOGAUSSIANS",8,4.741751,0.5739341,0.0023558775,0.15382247,0.030932814,0.4713497,0.54229504,0.30493212,0.0033250153,0.12935624,0.020617472,0.102986746,0.009418746
375316653866487564,4123578176607184512,0.5520227,2409.6390183442522,2.451066977177172,1.30531635E-5,18.637152,0.010128845,0.23318738,0.00545866,0.07751069,0.005291682,0.35195827,0.01398631,0.72970706,0.00506253,0.08093341,0.011595536,0.33775207,0.045857213,null,null,null,null,"TWOGAUSSIANS",8,2.7941945,0.23318738,0.00545866,0.4,0.0,0.34753627,0.011842635,0.72970706,0.00506253,0.4,0.0,0.33333007,0.04936217
375316653866487564,4123578314077117568,0.4535223,2380.269347916236,1.4961647607689197,2.3097458E-5,17.33186,0.0040597953,null,null,null,null,null,null,null,null,null,null,null,null,0.06187078,0.006088887,0.22326353,0.0067217313,"ELLIPSOIDAL",4,22.625338,null,null,null,null,null,null,null,null,null,null,null,null
375316653866487564,4123578485845380096,0.5496522,2380.3510452520673,0.9419435951934333,1.2808897E-5,19.024614,0.0077744876,0.22271913,0.0015711975,0.04226112,0.004081899,0.5742496,0.040106233,0.72530055,0.011407393,0.052089583,0.0077333185,0.14860502,0.027532913,null,null,null,null,"TWOGAUSSIANS",8,4.9730315,0.22271913,0.0015711975,0.23666227,0.022858635,0.57424927,0.040107112,0.72530055,0.011407393,0.29170167,0.04330658,0.14860465,0.027532862
375316653866487564,4123578756362431744,0.6161933,2389.155970217334,1.669783192523194,1.2648797E-5,16.634312,0.0070089446,0.2570665,0.0014338491,0.053584903,0.0054022074,0.14379881,0.016275523,0.7652028,0.0069176843,0.053071536,0.007913642,0.07388319,0.016848149,0.0770894,0.008766121,0.2570665,0.0014338491,"TWOGAUSSIANS_WITH_ELLIPSOIDAL_ON_ECLIPSE1",9,5.533055,0.2570665,0.0014338491,0.30007544,0.03025236,0.29797325,0.009599265,0.7652028,0.0069176843,0.2972006,0.044316392,0.22765505,0.0047393055
375316653866487564,4123579035631245696,0.5251282,2397.8303179390123,3.260203987326986,1.9159523E-5,16.763847,0.045074392,0.26954338,0.0060224994,0.12090034,0.018395234,0.3161998,0.042399522,0.7737094,0.003522609,0.095830716,0.012135426,0.39035854,0.036090367,null,null,null,null,"TWOGAUSSIANS",8,30.689562,0.77371943,0.0035227966,0.4,0.0,0.344654,0.024647499,0.26954338,0.0060224994,0.4,0.0,0.27037287,0.015997078
375316653866487564,4123579173040801408,0.53906053,2396.471385112433,2.4123390553450323,9.995713E-6,18.754263,0.019959122,0.2366495,0.0028318493,0.08431201,0.005324268,0.4247811,0.01715249,0.7405854,0.006678976,0.09144216,0.007843019,0.41136268,0.037539635,null,null,null,null,"TWOGAUSSIANS",8,4.242294,0.2366495,0.0028318493,0.4,0.0,0.4110958,0.011749137,0.7405854,0.006678976,0.4,0.0,0.39767712,0.037102494
375316653866487564,4123579344839491200,0.50583947,2375.366508191646,2.41484037944678,1.6977037E-5,18.853989,0.029298725,0.2705826,0.010600612,0.11007746,0.026721722,0.1677559,0.02499793,0.74656695,0.005477471,0.10426004,0.015810309,0.17060597,0.027135354,null,null,null,null,"TWOGAUSSIANS",8,1.7389708,0.74656695,0.005477471,0.4,0.0,0.15359527,0.008967514,0.2705926,0.01059642,0.4,0.0,0.15073423,0.014885634
375316653866487564,4123579409200103424,0.48019964,2384.698849148129,0.927166912850079,4.4793993E-5,18.371065,0.0034854687,0.21150404,0.014255113,0.04211501,0.0065639773,0.19737156,0.041833304,0.7249036,0.009263255,0.040722195,0.01111669,0.035077494,0.00665981,null,null,null,null,"TWOGAUSSIANS",8,1.9772639,0.21150404,0.014255113,0.23584406,0.036758274,0.19737156,0.041833274,0.7249036,0.009263255,0.22804429,0.062253464,0.035077494,0.006659808
375316653866487564,4123579585357900800,0.5581849,2395.2347950068975,4.141766434336582,5.4891234E-6,19.660435,0.013847051,0.28005746,0.0036596737,0.06914408,0.004392878,0.6318602,0.03965874,0.77563155,0.017522844,0.07415177,0.012416672,0.58868223,0.106999874,null,null,null,null,"TWOGAUSSIANS",8,1.566025,0.28005746,0.0036596737,0.38720685,0.024600117,0.62937945,0.04005228,0.77563155,0.017522844,0.4,0.0,0.5862015,0.1078806
375316653866487564,4123579791546033664,0.57928807,2383.0001079256604,3.145671177545646,8.966343E-6,16.362593,0.008928518,0.28156504,0.0030757503,0.07884368,0.0046907836,0.3119284,0.018993394,0.796166,0.0024654137,0.07857626,0.003869932,0.28000405,0.011168371,null,null,null,null,"TWOGAUSSIANS",8,30.754925,0.28156504,0.0030757503,0.4,0.0,0.3091025,0.019147033,0.796166,0.0024654137,0.4,0.0,0.27717817,0.01056946
375316653866487564,4123580306911690624,0.4319077,2370.99808247882,3.0383200485194295,3.366419E-5,19.729136,0.08198917,0.1966982,0.024583535,0.11197391,0.050381005,0.15299056,0.0793574,0.6475107,0.010989782,0.121152654,0.02461115,0.29805973,0.08184463,null,null,null,null,"TWOGAUSSIANS",8,4.311323,0.6475107,0.010989782,0.4,0.0,0.2713972,0.031826425,0.19741821,0.024577675,0.4,0.0,0.12658787,0.02801274
375316653866487564,4123580336906968960,0.49241257,2363.286836380684,2.411960920510822,1.8299184E-5,17.547907,0.008135331,0.28739163,0.006621752,0.039718755,0.038079698,0.12348902,0.5244338,0.77066517,0.030699437,0.014883135,0.021498783,0.20183338,88.80733,0.0693685,0.012425778,0.28739163,0.006621752,"TWOGAUSSIANS_WITH_ELLIPSOIDAL_ON_ECLIPSE1",9,15.123416,0.77086514,0.030245809,0.083345555,0.12039318,0.33906147,88.828415,0.28739163,0.006621752,0.22242503,0.1981968,0.2622259,0.52880067
375316653866487564,4123580341271467776,0.55442816,2386.411689317442,2.395745401614928,8.761035E-6,19.35553,0.012733535,0.20434998,0.0027443147,0.07686522,0.0043729856,0.4403039,0.012166382,0.69277847,0.005066738,0.07507874,0.0074919243,0.50221455,0.06312271,null,null,null,null,"TWOGAUSSIANS",8,1.6446708,0.69277847,0.005066738,0.4,0.0,0.49896783,0.06484655,0.20434998,0.0027443147,0.4,0.0,0.4370572,0.010306036
375316653866487564,4123580409987909248,0.45487103,2418.0889299368705,0.04010734546750519,1.5626707E-5,18.860352,1.0835106,0.049409702,0.01004857,0.08308914,0.02193874,0.71824026,0.25027743,0.5238678,0.00781373,0.25251913,0.106773034,1.7704314,1.0271481,null,null,null,null,"TWOGAUSSIANS",8,9.088653,0.5238678,0.00781373,0.4,0.0,0.96335423,0.08992773,0.0565797,0.0071734716,0.4,0.0,0.4179036,0.13207735
375316653866487564,4123580474366154496,0.45297328,2389.0533848010314,0.7068496358938698,3.0797393E-5,17.961378,0.005655729,0.21167816,0.030619761,0.05978621,0.045329656,0.03184991,0.025226759,0.73786056,0.008542543,0.07261632,0.015203786,0.07488823,0.009935632,null,null,null,null,"TWOGAUSSIANS",8,3.8272674,0.73786056,0.008542543,0.4,0.047119603,0.07485068,0.009894308,0.21167816,0.030619761,0.33480278,0.23388463,0.031812362,0.02522998
375316653866487564,4123580680505264000,0.48349398,2387.3954177705373,3.2917631196225594,1.4319311E-5,18.343496,0.023379117,0.26425144,0.0075847185,0.106922075,0.014062663,0.12595712,0.023561586,0.7969134,0.0071420064,0.114536,0.022674778,0.101563334,0.021810682,null,null,null,null,"TWOGAUSSIANS",8,2.3919754,0.26418144,0.007493404,0.4,0.0,0.11352457,0.010609221,0.79695344,0.007103236,0.4,0.0,0.08911355,0.008697424
375316653866487564,4123580684870139776,0.54893595,2416.4807430988562,3.1264077531327352,2.5969483E-5,19.701702,0.013083508,0.2609527,0.0039209025,0.07374051,0.006092519,0.59133095,0.02236794,0.7607027,0.007823025,0.06574728,0.0073547065,0.618486,0.14972407,null,null,null,null,"TWOGAUSSIANS",8,1.8635849,0.7607027,0.007823025,0.3681848,0.041186355,0.61654365,0.15051536,0.2609527,0.0039209025,0.4,0.0057233027,0.58938855,0.022470564
375316653866487564,4123580787977986560,0.56043065,2383.041460255246,0.44946065091787796,3.4804933E-5,18.029991,0.0026574868,0.22212781,0.0012779158,0.030177845,0.0019436113,0.32685298,0.016938217,0.7161556,0.010866023,0.038724657,0.013133231,0.07665201,0.023886528,null,null,null,null,"TWOGAUSSIANS",8,3.1869636,0.22212781,0.0012779158,0.16899593,0.0108842235,0.32685298,0.016938217,0.7161556,0.010866023,0.21685807,0.07354609,0.07665201,0.023886528
