Gaia/vari_eclipsing_binary/VariEclipsingBinary_608322-608356.csv
# %ECSV 1.0
# ---
# delimiter: ','
# meta: !!omap
# - RELEASE: Gaia DR3
# - TABLE: vari_eclipsing_binary
# - DESCRIPTION: >
#     This table describes the properties of the eclipsing binaries resulting from the variability analysis. 
# - CITATION: >
#     How to cite and acknowledge Gaia: 
#     https://gea.esac.esa.int/archive/documentation/credits.html 
# - KNOWN_ISSUES: >
#     Known issues: 
#     https://www.cosmos.esa.int/web/gaia-users/known-issues 
# - DOCUMENTATION: >
#     Tutorials and documentation: 
#     https://www.cosmos.esa.int/web/gaia-users/archive 
# datatype:
# - 
#   name: solution_id
#   datatype: int64
#   description: Solution Identifier
#   meta:
#     ucd: meta.version
# - 
#   name: source_id
#   datatype: int64
#   description: Unique source identifier
#   meta:
#     ucd: meta.id;meta.main
# - 
#   name: global_ranking
#   datatype: float32
#   description: Number between 0 (worst) and 1 (best)
#   meta:
#     ucd: stat.param
# - 
#   name: reference_time
#   datatype: float64
#   unit: d
#   description: Reference time used for the geometric model fit
#   meta:
#     ucd: time.epoch
# - 
#   name: frequency
#   datatype: float64
#   unit: d**-1
#   description: Frequency of geometric model of the eclipsing binary light curve
#   meta:
#     ucd: src.orbital
# - 
#   name: frequency_error
#   datatype: float32
#   unit: d**-1
#   description: "Uncertainty of \\texttt{frequency}"
#   meta:
#     ucd: stat.error
# - 
#   name: geom_model_reference_level
#   datatype: float32
#   unit: mag
#   description: Magnitude reference level of geometric model
#   meta:
#     ucd: phot.mag;em.opt
# - 
#   name: geom_model_reference_level_error
#   datatype: float32
#   unit: mag
#   description: "Uncertainty of \\texttt{geomModelReferenceLevel}"
#   meta:
#     ucd: stat.error;phot.mag;em.opt
# - 
#   name: geom_model_gaussian1_phase
#   datatype: float32
#   description: Phase of the Gaussian 1 component
#   meta:
#     ucd: time.phase
# - 
#   name: geom_model_gaussian1_phase_error
#   datatype: float32
#   description: "Uncertainty of \\texttt{geomModelGaussian1Phase}"
#   meta:
#     ucd: stat.error;time.phase
# - 
#   name: geom_model_gaussian1_sigma
#   datatype: float32
#   description: "Standard deviation [phase] of Gaussian 1 component"
#   meta:
#     ucd: stat.stdev
# - 
#   name: geom_model_gaussian1_sigma_error
#   datatype: float32
#   description: "Uncertainty of \\texttt{geomModelGaussian1Sigma}"
#   meta:
#     ucd: stat.error
# - 
#   name: geom_model_gaussian1_depth
#   datatype: float32
#   unit: mag
#   description: Magnitude depth of Gaussian 1 component
#   meta:
#     ucd: src.var.amplitude
# - 
#   name: geom_model_gaussian1_depth_error
#   datatype: float32
#   unit: mag
#   description: "Uncertainty of \\texttt{geomModelGaussian1Depth}"
#   meta:
#     ucd: stat.error;src.var.amplitude
# - 
#   name: geom_model_gaussian2_phase
#   datatype: float32
#   description: Phase of Gaussian 2 component
#   meta:
#     ucd: time.phase
# - 
#   name: geom_model_gaussian2_phase_error
#   datatype: float32
#   description: "Uncertainty of \\texttt{geomModelGaussian2Phase}"
#   meta:
#     ucd: stat.error;time.phase
# - 
#   name: geom_model_gaussian2_sigma
#   datatype: float32
[...]
#   datatype: float32
#   description: "Secondary eclipse: uncertainty of \\texttt{derivedSecondaryEclDuration}"
#   meta:
#     ucd: stat.error;time.duration
# - 
#   name: derived_secondary_ecl_depth
#   datatype: float32
#   unit: mag
#   description: "Secondary eclipse: depth"
#   meta:
#     ucd: src.var.amplitude
# - 
#   name: derived_secondary_ecl_depth_error
#   datatype: float32
#   unit: mag
#   description: "Secondary eclipse: uncertainty of \\texttt{derivedSecondaryEclDepth}"
#   meta:
#     ucd: stat.error;src.var.amplitude
solution_id,source_id,global_ranking,reference_time,frequency,frequency_error,geom_model_reference_level,geom_model_reference_level_error,geom_model_gaussian1_phase,geom_model_gaussian1_phase_error,geom_model_gaussian1_sigma,geom_model_gaussian1_sigma_error,geom_model_gaussian1_depth,geom_model_gaussian1_depth_error,geom_model_gaussian2_phase,geom_model_gaussian2_phase_error,geom_model_gaussian2_sigma,geom_model_gaussian2_sigma_error,geom_model_gaussian2_depth,geom_model_gaussian2_depth_error,geom_model_cosine_half_period_amplitude,geom_model_cosine_half_period_amplitude_error,geom_model_cosine_half_period_phase,geom_model_cosine_half_period_phase_error,model_type,num_model_parameters,reduced_chi2,derived_primary_ecl_phase,derived_primary_ecl_phase_error,derived_primary_ecl_duration,derived_primary_ecl_duration_error,derived_primary_ecl_depth,derived_primary_ecl_depth_error,derived_secondary_ecl_phase,derived_secondary_ecl_phase_error,derived_secondary_ecl_duration,derived_secondary_ecl_duration_error,derived_secondary_ecl_depth,derived_secondary_ecl_depth_error
[from data line 329]
375316653866487564,5350981973238737536,0.65238196,2262.153638023472,2.9868228195484736,3.7489265E-6,15.9953785,0.004150751,0.28254932,0.0015253435,0.050562132,0.0028063115,0.17231014,0.008800562,0.7737695,0.0011859249,0.053617492,0.0037260724,0.1772033,0.012151373,0.10457402,0.005847826,0.7737695,0.0011859249,"TWOGAUSSIANS_WITH_ELLIPSOIDAL_ON_ECLIPSE2",9,7.667591,0.7737695,0.0011859249,0.30025795,0.020866007,0.38634714,0.007482353,0.28081933,0.0011329933,0.28314793,0.015715344,0.38094306,0.004178483
375316653866487564,5350982041958202368,0.51682687,2262.556419843472,0.6076333464915421,9.9810595E-6,11.295524,6.8011123E-4,0.6860309,0.0031807804,0.021969674,0.013693004,0.030365195,0.060787875,null,null,null,null,null,null,0.025874596,0.0012567842,0.6860309,0.0031807804,"ONEGAUSSIAN_WITH_ELLIPSOIDAL",6,13.120309,0.6860309,0.0031807804,0.12303017,0.076680824,0.08211437,0.060872734,null,null,null,null,null,null
375316653866487564,5350982213718983424,0.50065184,2282.3985374489876,0.7842541103666049,1.9727751E-5,17.811167,0.0030475922,0.31676197,8.430393E-4,0.023965381,0.002541929,5.0672274,4.5895057,0.70176023,4.7208412E-4,0.01010271,0.0011972672,0.05073748,8.977753E-4,null,null,null,null,"TWOGAUSSIANS",8,4.785775,0.31676197,8.430393E-4,0.13420613,0.014234802,5.0672274,4.5895057,0.70176023,4.7208412E-4,0.056575175,0.0067046965,0.05073748,8.977753E-4
375316653866487564,5350982591714116608,0.43559432,2246.8759330583157,1.3204631371550506,4.0744388E-5,19.372026,0.026500152,0.30839145,0.015998077,0.11132355,0.01349524,0.3171648,0.047832515,0.7289724,0.01500744,0.04012754,0.00872973,0.20027114,0.07598861,null,null,null,null,"TWOGAUSSIANS",8,10.867933,0.30839145,0.015998077,0.4,0.0,0.31683305,0.047881074,0.7289724,0.01500744,0.2247142,0.048886485,0.20019208,0.075915
375316653866487564,5350982729116625280,0.52443576,2268.211377223923,2.634461910365292,1.959487E-5,19.44016,0.024662469,0.23753971,0.0049750693,0.080729865,0.008965265,0.30863076,0.026390076,0.7298652,0.0054254015,0.08008878,0.008014018,0.39750502,0.02407087,null,null,null,null,"TWOGAUSSIANS",8,1.662631,0.7298652,0.0054254015,0.4,0.0,0.39270926,0.021456955,0.23753971,0.0049750693,0.4,0.0,0.30383497,0.024442077
375316653866487564,5350983308938807808,0.5795057,2256.480759199681,3.581911973132453,8.363351E-6,17.693039,0.06492002,0.25932685,0.0026808062,0.13171598,0.020056209,0.26239967,0.062538825,0.74829364,0.004556243,0.11777261,0.014975362,0.3340919,0.062347315,null,null,null,null,"TWOGAUSSIANS",8,2.867731,0.74829364,0.004556243,0.4,0.0,0.26277444,0.014132184,0.25939685,0.002619285,0.4,0.0,0.19076157,0.0062099127
375316653866487564,5350983313268765056,0.48620605,2243.6093074146224,3.270773838729167,1.7424156E-5,17.995192,0.041747738,0.29206586,0.009721937,0.082215615,0.018681778,0.33611006,0.039166085,0.80807537,0.01089279,0.080843456,0.020919241,0.27800608,0.03805244,null,null,null,null,"TWOGAUSSIANS",8,27.848448,0.29206586,0.009721937,0.4,0.0070576514,0.33201882,0.034020755,0.80807537,0.01089279,0.4,0.015568172,0.27391484,0.03345332
375316653866487564,5350984721979343104,0.48553368,2224.11476793986,0.12242209119332874,5.3529686E-5,19.900011,0.019876095,0.20786019,0.008198917,0.085673526,0.01493597,0.36067593,0.056618076,0.7594803,0.10706446,0.07022645,0.049207885,0.5451769,0.97566193,null,null,null,null,"TWOGAUSSIANS",8,1.8695593,0.7594803,0.1070836,0.39326814,0.26518065,0.54353094,0.97672856,0.20786019,0.008198917,0.4,0.0,0.3590295,0.057993416
375316653866487564,5350985134296690688,0.5310222,2295.3208934747076,2.8280133874388906,2.8607617E-5,18.677248,0.015792787,0.2507698,0.0037000482,0.07953456,0.00592981,0.3420986,0.026034078,0.7533841,0.0054064407,0.09823381,0.007623614,0.28768957,0.02050393,null,null,null,null,"TWOGAUSSIANS",8,4.3222075,0.2507698,0.0037000482,0.4,0.0,0.3307703,0.025715841,0.7533841,0.0054064407,0.4,0.0,0.27635995,0.01881891
375316653866487564,5350985512291862528,0.5588317,2278.4045726347053,0.7882683157084758,2.3263461E-5,16.586512,0.0030362022,0.26112852,0.0036413725,0.03908273,0.0076524233,0.110754,0.01090011,0.7596595,3.870218E-4,0.03523923,0.003780758,0.14003038,0.013109615,0.016863456,0.0043976097,0.26112852,0.0036413725,"TWOGAUSSIANS_WITH_ELLIPSOIDAL_ON_ECLIPSE1",9,6.196898,0.7596895,3.481431E-4,0.1973397,0.021172246,0.17375447,0.009257609,0.26112852,0.0036413725,0.2188633,0.04285357,0.1444809,0.012061601
375316653866487564,5350985752809901440,0.48538342,2270.296866916486,2.281268387448285,2.8674991E-5,16.567114,0.007322832,0.2834556,0.0028629396,0.08115042,0.008488269,0.13317445,0.0071282582,0.799782,0.02365595,0.045314457,0.024530385,0.07750655,0.023931405,null,null,null,null,"TWOGAUSSIANS",8,15.962705,0.2834556,0.0028629396,0.4,0.0,0.13312387,0.0070537217,0.799782,0.02365595,0.25376096,0.13737015,0.077455975,0.024126751
375316653866487564,5350985851562667392,0.4958951,2214.602669651885,2.246326786897171,3.8659235E-4,19.506815,0.006674747,0.63671297,0.03871333,0.050811667,0.047833435,0.41027433,0.32684994,null,null,null,null,null,null,null,null,null,null,"ONEGAUSSIAN",5,1.4978776,0.63671297,0.03871333,0.28454533,0.139879,0.41027433,0.0,null,null,null,null,null,null
375316653866487564,5350985885920068608,0.64285123,2232.5017023687883,1.0234133510249122,1.00857E-5,18.999577,0.0031798044,0.18641424,0.0077659464,0.03650691,0.004788623,0.09958713,0.015094293,0.6717448,0.00145027,0.03457406,0.0010476211,0.9965881,0.0075422,null,null,null,null,"TWOGAUSSIANS",8,1.1681998,0.6717448,0.00145027,0.19361474,0.0058666784,0.9965881,0.0075422,0.18641424,0.0077659464,0.2044387,0.02681629,0.09958713,0.015094293
375316653866487564,5350985958930099072,0.50039655,2286.3453563253183,2.370650619782805,5.7220503E-5,19.540447,0.0129769845,0.19430469,0.00969055,0.045399357,0.007061332,0.44345814,0.07361982,0.7084191,0.009295977,0.06297099,0.021845615,0.38895857,0.21281512,null,null,null,null,"TWOGAUSSIANS",8,2.8634927,0.19430469,0.00969055,0.2542364,0.03954346,0.44344762,0.07360674,0.7084191,0.009295977,0.35263753,0.06507876,0.38894808,0.21302076
375316653866487564,5350986165126828928,0.6776645,2271.0891817228703,0.909729241792166,7.661647E-6,15.964035,0.0043178676,0.29503128,0.004842389,0.030625558,0.0035089154,0.83035177,0.06308261,0.7987832,0.0026940173,0.028927801,0.003727828,0.093190424,0.011189415,0.015968306,0.0054726005,0.29503128,0.004842389,"TWOGAUSSIANS_WITH_ELLIPSOIDAL_ON_ECLIPSE1",9,18.561377,0.29503128,0.004842389,0.17150313,0.019649927,0.8622884,0.06215615,0.7987832,0.0026940173,0.1619957,0.020875836,0.12510929,0.007971253
375316653866487564,5350986195156833792,0.63939756,2260.7929280276962,2.6975755813539632,5.6536055E-6,17.473322,0.0071474193,0.2729355,0.0011058999,0.0467976,0.0022623825,0.35416535,0.017848821,0.7769744,0.00174312,0.051221307,0.0031314623,0.37126374,0.016186194,0.11480836,0.010211925,0.2729355,0.0011058999,"TWOGAUSSIANS_WITH_ELLIPSOIDAL_ON_ECLIPSE1",9,5.8294272,0.7769744,0.00174312,0.28683934,0.017536188,0.6007292,0.010474811,0.2729355,0.0011058999,0.26206654,0.012669343,0.5837787,0.010446471
375316653866487564,5350986401335173248,0.57884103,2288.040681085087,2.599080802525824,7.994081E-6,19.282402,0.018336643,0.23604654,0.007771869,0.033740237,0.02649693,0.44747528,4.47595447E17,0.72528684,0.0029183354,0.052225728,0.0032326924,0.5504657,0.054703187,0.08862076,0.029229933,0.23604654,0.007771869,"TWOGAUSSIANS_WITH_ELLIPSOIDAL_ON_ECLIPSE1",9,3.5985932,0.72598684,0.0024252324,0.29246408,0.018103076,0.72694844,0.035063032,0.23604654,0.007771869,0.18894532,0.14838281,0.6247146,4.47595447E17
375316653866487564,5350986852283921408,0.5867202,2270.982392522666,3.120522288950309,1.2084688E-5,18.70072,0.008772484,0.29780272,0.0026011807,0.06846488,0.003236655,0.43190432,0.01666398,0.8013169,0.0055697192,0.06789716,0.006296104,0.37076938,0.009275527,null,null,null,null,"TWOGAUSSIANS",8,2.7288928,0.29780272,0.0026011807,0.38340336,0.018125268,0.43102774,0.016609456,0.8013169,0.0055697192,0.3802241,0.031502843,0.3698928,0.009090455
375316653866487564,5350987333358148608,0.4581569,2221.2221992323616,1.1790765711495,4.8525577E-5,18.132254,0.004795412,0.278891,0.013005418,0.036836203,0.0353874,0.008884332,0.025567591,null,null,null,null,null,null,0.03579264,0.0068275724,0.278891,0.013005418,"ONEGAUSSIAN_WITH_ELLIPSOIDAL",6,2.4614694,0.278891,0.013005418,0.20628273,0.19816945,0.080469556,0.02934452,null,null,null,null,null,null
375316653866487564,5350987608236045312,0.49828172,2236.8807081574346,1.5589097034987447,3.764461E-5,17.337547,0.2656852,0.2051256,0.014451231,0.13356373,0.074103706,0.17149025,0.2561918,0.7198564,0.007821668,0.14600427,0.04275442,0.21734671,0.22897483,null,null,null,null,"TWOGAUSSIANS",8,5.858515,0.7201964,0.007645096,0.4,0.0,0.14656244,0.011296553,0.2040956,0.013700219,0.4,0.0,0.101677306,0.011994572
375316653866487564,5350987779996775424,0.56138366,2285.7732766709623,3.3816871121938425,5.221996E-6,19.251287,0.011093534,0.29894772,0.0012688253,0.0687128,0.0021024526,0.595952,0.022376074,0.79727936,0.004566786,0.06915643,0.004092799,0.5123877,0.016148036,null,null,null,null,"TWOGAUSSIANS",8,2.1837587,0.29894772,0.0012688253,0.38479167,0.011773733,0.59447914,0.022277225,0.79727936,0.004566786,0.387276,0.022919675,0.51091486,0.015788425
375316653866487564,5350988123599376512,0.45371103,2267.9595253855327,2.2014818134225607,3.632358E-5,19.377918,0.011882885,0.3011647,0.014440974,0.09226116,0.018896036,0.10512857,0.015465948,0.8038428,0.01667989,0.06346319,0.015493761,0.1292099,0.022609139,null,null,null,null,"TWOGAUSSIANS",8,2.6098874,0.8038428,0.01667989,0.35539386,0.086765066,0.12798744,0.022253448,0.3011647,0.014440974,0.4,0.0,0.10390603,0.014531967
375316653866487564,5350988226711435392,0.5348802,2271.823853187332,1.254529858988157,1.1235221E-5,17.643944,0.007856997,0.2746157,0.003696188,0.08940102,0.0047443756,0.24665402,0.0103751365,0.77443504,0.00649235,0.08889819,0.009616076,0.17773934,0.009863663,null,null,null,null,"TWOGAUSSIANS",8,5.7080097,0.2746157,0.003696188,0.4,0.0,0.23847932,0.008108824,0.77443504,0.00649235,0.4,0.0,0.16956466,0.009251111
375316653866487564,5350988325461100544,0.61467814,2249.450771637129,2.3765719381145183,6.3414295E-6,17.509806,0.0066350694,0.24307618,0.002489809,0.087962575,0.0041573388,0.3466937,0.01027103,0.7401716,0.0015549654,0.08707159,0.0033410776,0.34546384,0.010393417,null,null,null,null,"TWOGAUSSIANS",8,3.044617,0.24307618,0.002489809,0.4,0.0,0.3355338,0.011541128,0.7401716,0.0015549654,0.4,0.0,0.33430395,0.011206713
375316653866487564,5350988497260269440,0.59641916,2262.7722931368316,2.8438339624314617,8.655659E-6,18.605791,0.012638964,0.28121147,0.0019186162,0.04612863,0.01804009,0.256992,0.07644838,0.7901622,0.0041653416,0.037781343,0.0068675564,0.19170907,0.032769684,0.13817571,0.015127914,0.28121147,0.0019186162,"TWOGAUSSIANS_WITH_ELLIPSOIDAL_ON_ECLIPSE1",9,2.1636808,0.28121147,0.0019186162,0.25832033,0.10102451,0.533343,0.09763347,0.7901622,0.0041653416,0.21157552,0.038458314,0.46718693,0.03309196
375316653866487564,5350988535949011584,0.6163379,2254.8713528797975,3.092709085878382,6.344073E-6,16.504091,0.029197253,0.27350867,0.003997491,0.044755142,0.010424833,0.49004892,0.08061123,0.76820993,0.001939964,0.041832887,0.004726182,0.5304246,0.057047717,0.12078681,0.03279988,0.76820993,0.001939964,"TWOGAUSSIANS_WITH_ELLIPSOIDAL_ON_ECLIPSE2",9,41.465405,0.76820993,0.001939964,0.23426417,0.026466621,0.7719978,0.02370363,0.2731287,0.0037009835,0.2506288,0.058379065,0.7313738,0.10976575
375316653866487564,5350989188746512128,0.58157575,2248.7891799179692,3.502392077628936,7.698707E-6,18.686956,0.015081798,0.22633302,0.003117672,0.044114284,0.006707237,0.27711812,0.039020717,0.7263612,0.0028197432,0.04642671,0.003814731,0.4251538,0.038373318,0.120641276,0.01963558,0.22633302,0.003117672,"TWOGAUSSIANS_WITH_ELLIPSOIDAL_ON_ECLIPSE1",9,3.6052186,0.7263612,0.002703614,0.25998956,0.021362493,0.6664359,0.022469217,0.22633302,0.003117672,0.24703999,0.03756053,0.51840025,0.021974426
375316653866487564,5350989394905188352,0.45353177,2214.5617604902804,4.142597802120917,1.6648402E-5,19.092907,0.004666772,0.15722945,0.0016525731,0.03541799,0.0021083942,0.44708997,0.11445694,0.6462968,0.0010219094,0.021157347,0.004956268,0.29739848,0.111119226,null,null,null,null,"TWOGAUSSIANS",8,2.54824,0.15722945,0.0016525731,0.19834073,0.011807007,0.44708997,0.11445694,0.6462968,0.0010219094,0.118481144,0.0277551,0.29739848,0.111119226
375316653866487564,5350990288295887488,0.53871435,2279.467886518982,2.300524737204693,1.6086062E-5,19.064625,0.007609697,0.31038317,0.0039011894,0.08036865,0.006335121,0.31721857,0.013278552,0.8094058,0.0048056385,0.060614254,0.008577052,0.20004591,0.03379319,null,null,null,null,"TWOGAUSSIANS",8,1.7316569,0.31038317,0.0039011894,0.4,0.0,0.31628543,0.013306686,0.8094058,0.0048056385,0.3394398,0.048031487,0.19911279,0.034329657
375316653866487564,5350990352685270528,0.52914333,2275.1915320271773,0.6296554521022591,1.3428162E-5,17.420942,0.0024703164,0.22692072,0.003199446,0.024690779,0.0039461283,0.07547524,0.010370372,null,null,null,null,null,null,0.0350429,0.0035016453,0.22692072,0.003199446,"ONEGAUSSIAN_WITH_ELLIPSOIDAL",6,2.2814343,0.22692072,0.003199446,0.13826835,0.022098318,0.14556104,0.010123577,null,null,null,null,null,null
375316653866487564,5350990700575424768,0.5379697,2280.678970948201,3.0098790368956085,2.2267737E-5,19.836327,0.014466405,0.22149843,0.0016843687,0.06582096,0.0047996747,0.6272419,0.03727787,0.7235359,0.0049156854,0.063961565,0.0051306975,0.62203026,0.04330994,null,null,null,null,"TWOGAUSSIANS",8,2.582614,0.22149843,0.0016843687,0.3685974,0.026878178,0.6265381,0.03756218,0.7235359,0.0049156854,0.35818475,0.028731905,0.62132645,0.043496333
375316653866487564,5350991353410575872,0.48789832,2271.7423560289526,3.147896372841121,1.862821E-5,19.332058,0.02215853,0.2292767,0.0053529995,0.079289384,0.013418952,0.2297851,0.02530175,0.74067944,0.018722903,0.07620884,0.02117635,0.21378706,0.046139326,null,null,null,null,"TWOGAUSSIANS",8,2.958379,0.2292767,0.0053529995,0.4,0.0,0.22779813,0.024877056,0.74067944,0.018722903,0.4,0.04119172,0.2118001,0.04620703
375316653866487564,5350991624022978048,0.60109645,2265.058638573199,4.1726898085045905,8.244436E-6,19.401869,0.012488985,0.25847584,0.001830325,0.044270527,0.0034457901,0.43564266,0.031354476,0.73937863,0.011115244,0.028520882,0.018845195,0.32019252,0.03635911,0.15780899,0.019036792,0.25847584,0.001830325,"TWOGAUSSIANS_WITH_ELLIPSOIDAL_ON_ECLIPSE1",9,2.3007202,0.25847584,0.001830325,0.24791494,0.019296424,0.7512606,0.018823093,0.7405086,0.011301585,0.15971693,0.10553309,0.6315539,0.03092984
375316653866487564,5350991830157329408,0.51236206,2297.646381095475,3.073596370386298,3.4670837E-5,18.380058,0.020558884,0.269306,0.008841381,0.0924259,0.012423659,0.18210788,0.020775808,0.7588691,0.00929241,0.09032007,0.019106,0.20995158,0.016878283,null,null,null,null,"TWOGAUSSIANS",8,5.277903,0.7588691,0.00929241,0.4,0.0,0.20205325,0.00948999,0.269306,0.008841381,0.4,0.0,0.17420948,0.012424271
375316653866487564,5350992487329318528,0.46775013,2260.464455302066,0.9707873858775118,1.4565304E-4,18.736141,0.01042993,0.27708584,0.074046284,0.044474248,0.07191228,0.6261526,0.6265522,0.8294696,0.0027821683,0.018219085,0.006247122,0.11462266,0.097836666,null,null,null,null,"TWOGAUSSIANS",8,2.3930113,0.27708584,0.074046284,0.24905577,0.16058983,0.6261526,0.62656033,0.8294696,0.0027844952,0.10202688,0.034983885,0.11462266,0.09780747
