Gaia/vari_eclipsing_binary/VariEclipsingBinary_073888-075228.csv
# %ECSV 1.0
# ---
# delimiter: ','
# meta: !!omap
# - RELEASE: Gaia DR3
# - TABLE: vari_eclipsing_binary
# - DESCRIPTION: >
#     This table describes the properties of the eclipsing binaries resulting from the variability analysis. 
# - CITATION: >
#     How to cite and acknowledge Gaia: 
#     https://gea.esac.esa.int/archive/documentation/credits.html 
# - KNOWN_ISSUES: >
#     Known issues: 
#     https://www.cosmos.esa.int/web/gaia-users/known-issues 
# - DOCUMENTATION: >
#     Tutorials and documentation: 
#     https://www.cosmos.esa.int/web/gaia-users/archive 
# datatype:
# - 
#   name: solution_id
#   datatype: int64
#   description: Solution Identifier
#   meta:
#     ucd: meta.version
# - 
#   name: source_id
#   datatype: int64
#   description: Unique source identifier
#   meta:
#     ucd: meta.id;meta.main
# - 
#   name: global_ranking
#   datatype: float32
#   description: Number between 0 (worst) and 1 (best)
#   meta:
#     ucd: stat.param
# - 
#   name: reference_time
#   datatype: float64
#   unit: d
#   description: Reference time used for the geometric model fit
#   meta:
#     ucd: time.epoch
# - 
#   name: frequency
#   datatype: float64
#   unit: d**-1
#   description: Frequency of geometric model of the eclipsing binary light curve
#   meta:
#     ucd: src.orbital
# - 
#   name: frequency_error
#   datatype: float32
#   unit: d**-1
#   description: "Uncertainty of \\texttt{frequency}"
#   meta:
#     ucd: stat.error
# - 
#   name: geom_model_reference_level
#   datatype: float32
#   unit: mag
#   description: Magnitude reference level of geometric model
#   meta:
#     ucd: phot.mag;em.opt
# - 
#   name: geom_model_reference_level_error
#   datatype: float32
#   unit: mag
#   description: "Uncertainty of \\texttt{geomModelReferenceLevel}"
#   meta:
#     ucd: stat.error;phot.mag;em.opt
# - 
#   name: geom_model_gaussian1_phase
#   datatype: float32
#   description: Phase of the Gaussian 1 component
#   meta:
#     ucd: time.phase
# - 
#   name: geom_model_gaussian1_phase_error
#   datatype: float32
#   description: "Uncertainty of \\texttt{geomModelGaussian1Phase}"
#   meta:
#     ucd: stat.error;time.phase
# - 
#   name: geom_model_gaussian1_sigma
#   datatype: float32
#   description: "Standard deviation [phase] of Gaussian 1 component"
#   meta:
#     ucd: stat.stdev
# - 
#   name: geom_model_gaussian1_sigma_error
#   datatype: float32
#   description: "Uncertainty of \\texttt{geomModelGaussian1Sigma}"
#   meta:
#     ucd: stat.error
# - 
#   name: geom_model_gaussian1_depth
#   datatype: float32
#   unit: mag
#   description: Magnitude depth of Gaussian 1 component
#   meta:
#     ucd: src.var.amplitude
# - 
#   name: geom_model_gaussian1_depth_error
#   datatype: float32
#   unit: mag
#   description: "Uncertainty of \\texttt{geomModelGaussian1Depth}"
#   meta:
#     ucd: stat.error;src.var.amplitude
# - 
#   name: geom_model_gaussian2_phase
#   datatype: float32
#   description: Phase of Gaussian 2 component
#   meta:
#     ucd: time.phase
# - 
#   name: geom_model_gaussian2_phase_error
#   datatype: float32
#   description: "Uncertainty of \\texttt{geomModelGaussian2Phase}"
#   meta:
#     ucd: stat.error;time.phase
# - 
#   name: geom_model_gaussian2_sigma
#   datatype: float32
[...]
#   datatype: float32
#   description: "Secondary eclipse: uncertainty of \\texttt{derivedSecondaryEclDuration}"
#   meta:
#     ucd: stat.error;time.duration
# - 
#   name: derived_secondary_ecl_depth
#   datatype: float32
#   unit: mag
#   description: "Secondary eclipse: depth"
#   meta:
#     ucd: src.var.amplitude
# - 
#   name: derived_secondary_ecl_depth_error
#   datatype: float32
#   unit: mag
#   description: "Secondary eclipse: uncertainty of \\texttt{derivedSecondaryEclDepth}"
#   meta:
#     ucd: stat.error;src.var.amplitude
solution_id,source_id,global_ranking,reference_time,frequency,frequency_error,geom_model_reference_level,geom_model_reference_level_error,geom_model_gaussian1_phase,geom_model_gaussian1_phase_error,geom_model_gaussian1_sigma,geom_model_gaussian1_sigma_error,geom_model_gaussian1_depth,geom_model_gaussian1_depth_error,geom_model_gaussian2_phase,geom_model_gaussian2_phase_error,geom_model_gaussian2_sigma,geom_model_gaussian2_sigma_error,geom_model_gaussian2_depth,geom_model_gaussian2_depth_error,geom_model_cosine_half_period_amplitude,geom_model_cosine_half_period_amplitude_error,geom_model_cosine_half_period_phase,geom_model_cosine_half_period_phase_error,model_type,num_model_parameters,reduced_chi2,derived_primary_ecl_phase,derived_primary_ecl_phase_error,derived_primary_ecl_duration,derived_primary_ecl_duration_error,derived_primary_ecl_depth,derived_primary_ecl_depth_error,derived_secondary_ecl_phase,derived_secondary_ecl_phase_error,derived_secondary_ecl_duration,derived_secondary_ecl_duration_error,derived_secondary_ecl_depth,derived_secondary_ecl_depth_error
[from data line 146]
375316653866487564,652512017388627968,0.5690226,2152.3299583150347,1.5993725579212008,1.0365082E-5,15.348597,0.02628688,0.31382164,0.0034978846,0.11966691,0.011254531,0.2524151,0.023674723,0.79206663,0.005839363,0.10902333,0.013162543,0.2451282,0.023434188,null,null,null,null,"TWOGAUSSIANS",8,26.510563,0.31385162,0.0034712246,0.4,0.0,0.21559851,0.007102105,0.79206663,0.005839363,0.4,0.0,0.20839743,0.011472489
375316653866487564,652521019640054784,0.4448872,2134.100470185875,2.733568135230882,4.6307166E-5,15.132243,0.4147557,0.24827641,0.022502346,0.13343395,0.167277,0.18482761,0.39687416,0.7300078,0.009942642,0.089684434,0.019192955,0.26657102,0.13712932,null,null,null,null,"TWOGAUSSIANS",8,72.28039,0.7300078,0.009942642,0.4,0.0,0.2390783,0.029435687,0.24827641,0.022496162,0.4,0.0,0.15696393,0.041496374
375316653866487564,652591938140035072,0.5581414,2131.4583547298835,1.3079240434893478,9.883204E-6,14.376907,0.006459045,0.22893555,0.009920028,0.039924018,0.014482394,0.08757489,0.046743102,0.72689664,8.983255E-4,0.036503185,0.0011002206,0.7321373,0.025825838,0.010289326,0.011844677,0.22893555,0.009920028,"TWOGAUSSIANS_WITH_ELLIPSOIDAL_ON_ECLIPSE1",9,288.02628,0.72690666,8.922841E-4,0.20441782,0.0061612357,0.7527126,0.02392371,0.22893555,0.009920028,0.22357449,0.0811014,0.108153544,0.043526452
375316653866487564,652622067334951296,0.56421846,2167.7536689170747,3.277185983692028,8.865995E-6,14.8481045,0.0117992135,0.22282156,0.0024584376,0.07254865,0.0032685327,0.47228196,0.016004914,0.72229654,0.006495816,0.07922564,0.005112929,0.47888407,0.030923096,null,null,null,null,"TWOGAUSSIANS",8,135.83766,0.72229654,0.006495816,0.4,0.0,0.4747502,0.031093635,0.22282156,0.0024584376,0.4,0.0016225054,0.46814808,0.014811584
375316653866487564,652678696479347200,0.48998693,2137.121023577723,2.5058151710805343,2.2001288E-5,16.466988,0.0296058,0.28061786,0.01752298,0.122173265,0.039283928,0.156671,0.034821525,0.75555164,0.005254015,0.08374275,0.011724001,0.28231305,0.029480478,null,null,null,null,"TWOGAUSSIANS",8,66.73763,0.75555164,0.005254015,0.4,0.0,0.26755306,0.022775706,0.28061786,0.01752298,0.4,0.0,0.14181381,0.03500994
375316653866487564,652697246441691392,0.5573256,2111.24587216701,3.410447499267359,1.0086557E-5,18.983961,0.010001483,0.29907945,0.009505591,0.05405968,0.011211015,0.3755049,0.044937026,0.7934918,7.909668E-4,0.04163036,0.0011207138,0.6686804,0.013084763,null,null,null,null,"TWOGAUSSIANS",8,4.3108077,0.7934918,7.909668E-4,0.23313002,0.006275997,0.6686796,0.013083501,0.29907945,0.009505591,0.3027342,0.062781684,0.37550408,0.044940785
375316653866487564,652724257492394880,0.60503703,2174.7387994079572,3.268584430575697,8.633745E-6,16.340775,0.007084742,0.24331525,0.0012579714,0.05513465,0.0060219783,0.22613513,0.016192494,null,null,null,null,null,null,0.12160031,0.008193019,0.24331525,0.0012579714,"ONEGAUSSIAN_WITH_ELLIPSOIDAL",6,21.67024,0.24331525,0.0012579714,0.30875406,0.03372308,0.4693278,0.01744582,null,null,null,null,null,null
375316653866487564,652746763122463744,0.64242,2051.6818673843454,1.1929153208332075,4.5522634E-6,11.582367,0.004408863,0.18592197,0.00103439,0.048415035,0.0015699099,0.2823758,0.00954814,0.6757716,0.01068486,0.0493039,0.011970354,0.020885138,0.010823974,0.044294197,0.0053793653,0.18592197,0.00103439,"TWOGAUSSIANS_WITH_ELLIPSOIDAL_ON_ECLIPSE1",9,38.65895,0.18592197,0.00103439,0.27112418,0.008791495,0.37096372,0.0029241894,0.6803316,0.0061722435,0.27610183,0.067033984,0.10927466,0.0055237743
375316653866487564,652763118357928960,0.52468485,2014.5859698698064,3.419258413301776,1.7697294E-5,16.798914,0.02086445,0.30038646,0.0057506617,0.10585964,0.013246783,0.25200677,0.017327162,0.80937564,0.0047457903,0.09502633,0.009173971,0.27474743,0.02009361,null,null,null,null,"TWOGAUSSIANS",8,28.220924,0.80937564,0.004751956,0.4,0.0,0.25361148,0.010097252,0.30038646,0.0057506617,0.4,0.0,0.23086365,0.0102119865
375316653866487564,652771845731440896,0.59688663,2023.3944717013271,2.496950446693431,9.128293E-6,13.642246,0.01201373,0.2673883,0.0032207028,0.08821716,0.009036131,0.14281972,0.012515072,0.75160384,0.0024685496,0.1023508,0.0061042844,0.27158552,0.010530923,null,null,null,null,"TWOGAUSSIANS",8,73.41204,0.75160384,0.0024685496,0.4,0.0,0.26131144,0.0068786405,0.2673983,0.003220869,0.4,0.0,0.13255018,0.011227361
375316653866487564,652773804237086080,0.6791853,2054.5043241644025,0.15240982097736872,9.624522E-5,10.53425,0.0047519063,0.50459456,0.08128267,0.24851023,0.23533024,0.003969205,0.0043435614,0.87977153,8.9166185E-4,0.010374195,5.662912E-4,0.50929105,0.029614646,null,null,null,null,"TWOGAUSSIANS",8,8.194794,0.87977153,8.9166185E-4,0.05809549,0.0031712307,0.50968045,0.029602282,0.50459456,0.08128267,0.4,0.0,0.0029228034,0.0011725753
375316653866487564,652810053760427264,0.53468966,2060.88375019174,3.728505664947744,1.0649948E-5,15.608565,0.56228036,0.27051458,0.009202268,0.16681685,0.060548555,0.39356372,0.5188173,0.75544876,0.008112532,0.16323116,0.054512132,0.38686368,0.49888685,null,null,null,null,"TWOGAUSSIANS",8,23.892122,0.27336457,0.0051240334,0.4,0.0,0.1699959,0.009114918,0.75544876,0.008112532,0.4,0.0,0.16499852,0.0047552106
375316653866487564,652835617405727616,0.5317278,2078.3256321500535,3.26200707514796,1.6468375E-5,16.740116,0.02780246,0.2954224,0.0033946254,0.069700226,0.009020276,0.37077597,0.020438895,0.7826491,0.0049523623,0.071990006,0.0071236445,0.3920338,0.028932355,null,null,null,null,"TWOGAUSSIANS",8,89.25721,0.7826491,0.0049523623,0.4,0.0065473528,0.39094114,0.026669933,0.2954224,0.0033946254,0.39032128,0.018705444,0.3696833,0.018384505
375316653866487564,652851629043768960,0.459291,2023.544980288222,0.0689370840925813,5.9888953E-6,14.209979,0.002228864,0.33058667,0.010414637,0.028659074,0.0086009065,0.061354894,0.008725893,0.8625635,0.0013254879,0.020271104,0.003924146,0.10454373,0.00896489,null,null,null,null,"TWOGAUSSIANS",8,16.453999,0.8625635,0.0013254879,0.11351818,0.021975216,0.10454373,0.00896489,0.33058667,0.010414637,0.16049081,0.048165075,0.061354894,0.008725893
375316653866487564,652865128123261568,0.49943778,2053.924565417797,1.60085637238737,2.178873E-5,19.453014,0.00673273,0.2841861,0.05603909,0.025227975,0.039856493,0.06943158,0.04948421,0.73603475,0.009894417,0.0060672695,0.0062390184,1.5762582,5247.4536,null,null,null,null,"TWOGAUSSIANS",8,2.5382702,0.73603475,0.009894417,0.03397671,0.034938503,1.5762582,5247.4536,0.2841861,0.05603909,0.14127666,0.22319637,0.06943158,0.04948421
375316653866487564,652867400163658496,0.6227202,2043.391481853866,1.1713852428124922,3.2754156E-6,11.43384,0.007890201,0.26615778,0.0017038786,0.043808196,0.0013258385,0.6729742,0.024447411,0.7620714,0.0036389476,0.039239187,0.007947331,0.0724431,0.0210859,0.073833965,0.01076725,0.7620714,0.0036389476,"TWOGAUSSIANS_WITH_ELLIPSOIDAL_ON_ECLIPSE2",9,53.566944,0.26602778,0.0015773845,0.2453259,0.0074246954,0.82054794,0.0109311035,0.7620714,0.0036389476,0.21973944,0.044505056,0.22011097,0.011207548
375316653866487564,652869118150513664,0.46573743,2042.464737969046,0.372033858447261,2.132921E-5,16.784716,0.016854871,0.22395913,0.025018794,0.08873954,0.021011468,0.0555663,0.029510034,0.83204377,0.0032968458,0.01474673,0.03897484,0.38942868,0.30869308,null,null,null,null,"TWOGAUSSIANS",8,63.79498,0.83204377,0.0032402577,0.08258169,0.2182591,0.3894319,0.3087268,0.22395913,0.025018794,0.4,0.0,0.055566285,0.029473135
375316653866487564,652941033082389248,0.6826076,2110.5401591850327,4.361379022662129,2.62206E-6,16.73423,0.0031181932,0.2411647,6.856825E-4,0.04604453,0.0012401036,0.50556564,0.021171808,0.7383411,0.0013436817,0.04618375,0.0016671355,0.32786685,0.009162018,0.14216322,0.005335452,0.2411647,6.856825E-4,"TWOGAUSSIANS_WITH_ELLIPSOIDAL_ON_ECLIPSE1",9,4.20081,0.2411647,6.856825E-4,0.25784937,0.00694458,0.7898915,0.020632213,0.73870105,0.0011511889,0.258629,0.009335959,0.61211455,0.0068770037
375316653866487564,652957079080174336,0.6210132,2018.438623160858,4.240240905067091,3.789317E-6,17.518904,0.0073227845,0.254852,0.0012165393,0.043196823,0.0019501635,0.5356338,0.017389707,0.75595,0.0016097275,0.041760955,0.0023403573,0.4557235,0.022825971,0.13561662,0.00986394,0.254852,0.0012165393,"TWOGAUSSIANS_WITH_ELLIPSOIDAL_ON_ECLIPSE1",9,11.849412,0.254852,0.0012165393,0.2419022,0.010920916,0.80686677,0.012896131,0.75595,0.0016097275,0.23386134,0.013106001,0.7269435,0.022611815
375316653866487564,652966253130291200,0.5313538,2019.873058375299,3.4189026525064543,4.3943382E-5,15.500821,0.008808686,0.2500742,0.0043239687,0.096084036,0.005833447,0.20733976,0.0098909205,0.7434073,0.0041973474,0.089743935,0.0053850473,0.21139698,0.011030385,null,null,null,null,"TWOGAUSSIANS",8,67.52169,0.7434073,0.0041973474,0.4,0.0,0.20123062,0.00903821,0.2500742,0.0043239687,0.4,0.0,0.1971729,0.007870637
375316653866487564,652987964188086784,0.44841945,2090.3125284650628,0.07727744559984377,2.5073792E-5,18.382788,0.51235324,0.23484284,0.008069508,0.09583159,0.04850612,0.28474188,0.32318527,0.7328973,0.01983692,0.09719154,0.19605383,0.16913721,0.47848272,null,null,null,null,"TWOGAUSSIANS",8,7.5813584,0.23484284,0.0075150314,0.4,0.0,0.2699358,0.045187313,0.7328973,0.01983692,0.4,0.0,0.15433122,0.05909043
375316653866487564,653024866549490432,0.55810726,2156.2343852519625,3.520063115229137,8.964325E-6,19.116179,0.009921282,0.20311882,0.0042465464,0.07162968,0.0042002434,0.34733513,0.014689267,0.70391756,0.0100441845,0.076152466,0.009435596,0.39874822,0.009411894,null,null,null,null,"TWOGAUSSIANS",8,1.725778,0.70391756,0.0100441845,0.4,0.0,0.39635554,0.008854153,0.20311882,0.0042465464,0.4,0.010870967,0.34494248,0.01399561
375316653866487564,653040740745685632,0.6325424,2092.762413305928,4.721715044287956,3.7044751E-6,17.680124,0.010289529,0.27107373,0.0025797933,0.04184974,0.0024490778,0.2818453,0.023166994,0.76281846,0.003299819,0.045522083,0.003996306,0.40823713,0.037439883,0.13610472,0.015045473,0.27107373,0.0025797933,"TWOGAUSSIANS_WITH_ELLIPSOIDAL_ON_ECLIPSE1",9,7.0597396,0.7636284,0.0028308178,0.25492367,0.022379313,0.67978656,0.036857955,0.27107373,0.0025797933,0.23435855,0.013714836,0.5540547,0.018070282
375316653866487564,653067270762918912,0.5290082,2071.7448179841263,0.08169025431535874,1.1346479E-4,16.054707,0.0038763823,0.1528191,0.0041137002,0.02211111,0.006219723,0.10707136,0.08564964,0.45735484,0.007444735,0.030832648,0.014013718,0.85959727,39.807983,0.0057026353,0.0033073018,0.45735484,0.007444735,"TWOGAUSSIANS_WITH_ELLIPSOIDAL_ON_ECLIPSE2",9,82.564186,0.45735484,0.007444735,0.17266284,0.078476824,0.8710025,39.808887,0.1526091,0.004282564,0.12382222,0.034830447,0.10836357,0.08542114
375316653866487564,653079464171174912,0.546764,2150.2297196999616,4.0723837078720395,9.785404E-6,17.09274,0.011640534,0.2627873,0.0036332598,0.080325924,0.0041681714,0.3992249,0.015106573,0.74073225,0.0060651572,0.08875405,0.005178004,0.38511243,0.017587686,null,null,null,null,"TWOGAUSSIANS",8,29.582912,0.2627873,0.0036332598,0.4,0.0,0.39256844,0.013756996,0.74073225,0.0060651572,0.4,0.0,0.37845576,0.015197181
375316653866487564,653083282400823424,0.5084117,2089.7078867826426,0.14349032401983394,2.5856365E-5,16.310507,0.004226409,0.40195817,0.016545344,0.056011613,0.02555992,0.045606453,0.0071565765,0.73766744,0.0046341694,0.008577061,0.003366394,0.22918199,0.07206065,0.021254579,0.0076066465,0.73766744,0.0046341694,"TWOGAUSSIANS_WITH_ELLIPSOIDAL_ON_ECLIPSE2",9,32.65042,0.73766744,0.0046341694,0.04803154,0.018851807,0.27169096,0.07449417,0.38315818,0.022068074,0.31366503,0.11970828,0.058950275,0.008948006
375316653866487564,653100634068605056,0.62083715,2131.7699568315634,1.373875588024613,6.3887405E-6,12.154608,0.004370361,0.3099785,0.0022139084,0.09992478,0.0032832935,0.18531413,0.0045674327,0.8002172,0.0015097257,0.0848034,0.0017148709,0.369118,0.005144332,null,null,null,null,"TWOGAUSSIANS",8,50.761234,0.8002172,0.0015097257,0.4,0.0,0.3580161,0.0038422225,0.3099785,0.0022139084,0.4,0.0,0.17421073,0.0034327293
375316653866487564,653102592573872128,0.5340354,2102.2737140034146,3.216805826483398,1.0055802E-5,15.736946,0.067533076,0.2657568,0.005175013,0.10967828,0.03719986,0.17322305,0.04720072,0.7512242,0.005819475,0.120848075,0.026041431,0.1851083,0.06435967,null,null,null,null,"TWOGAUSSIANS",8,21.856335,0.7512242,0.005819475,0.4,0.0,0.15544234,0.0073683485,0.26583678,0.004945583,0.4,0.0,0.14362401,0.02565255
375316653866487564,653102936171239168,0.552475,2138.905070054048,3.5181165647166255,1.00391035E-5,18.431067,0.019493558,0.21134777,0.0055582565,0.09217008,0.010241504,0.33765683,0.02105868,0.7134096,0.0031775474,0.09663564,0.0092815,0.33710513,0.015920363,null,null,null,null,"TWOGAUSSIANS",8,5.260979,0.21134777,0.0055582565,0.4,0.0,0.31799984,0.02075698,0.7134096,0.0031775474,0.4,0.0,0.3174474,0.012503065
375316653866487564,653109150985258496,0.5505533,2101.7851146866,3.239241690590292,1.5420857E-5,19.32469,0.008463063,0.20690772,0.0060816,0.07914734,0.005380413,0.40729573,0.02243142,0.7267263,0.0039308486,0.07175674,0.0051229172,0.34853268,0.013413671,null,null,null,null,"TWOGAUSSIANS",8,1.3218642,0.20690772,0.0060816,0.4,0.0,0.4052931,0.02236625,0.7267263,0.0039308486,0.4,0.016845271,0.34653005,0.013148326
375316653866487564,653120356558410752,0.6366168,2096.115362566768,3.973686846653033,6.8695053E-6,16.670359,0.009905171,0.19950324,0.001363751,0.04586833,0.007936267,0.24608913,0.04814207,0.6988718,0.00456366,0.044672463,0.0045636487,0.2833547,0.024421457,0.12408786,0.012453168,0.19950324,0.001363751,"TWOGAUSSIANS_WITH_ELLIPSOIDAL_ON_ECLIPSE1",9,10.097374,0.69895184,0.004430372,0.2501658,0.025556432,0.53152686,0.0147755835,0.19950324,0.001363751,0.25686264,0.044443097,0.4942647,0.061714936
375316653866487564,653126262135128832,0.5963189,2131.666883419956,2.9988089881851208,6.744237E-6,17.303661,0.0076879836,0.23134495,0.0038313556,0.08581045,0.0051252083,0.35453814,0.00880514,0.7220918,0.0035612457,0.09296389,0.0046428684,0.3239492,0.01103117,null,null,null,null,"TWOGAUSSIANS",8,6.2654886,0.23134495,0.0038313556,0.4,0.0,0.34285086,0.006641154,0.7220918,0.0035612457,0.4,0.0,0.31226155,0.010123778
375316653866487564,653132348107243264,0.4759703,2174.772938746494,0.06838526073143956,3.227272E-5,15.612901,0.0022293774,0.3147071,0.008069745,0.08949504,0.006242195,0.09812386,0.011711667,0.69335467,0.005637424,0.056091666,0.009029394,0.046399724,0.0084862625,null,null,null,null,"TWOGAUSSIANS",8,9.459849,0.3147071,0.008069745,0.4,0.0,0.098108,0.011720972,0.69335467,0.005637424,0.31411332,0.050564606,0.04639658,0.00850334
375316653866487564,653133889996343296,0.59764004,2105.8246414255896,1.74421482508783,5.4530985E-5,12.378082,0.0018647376,0.71919763,0.2087012,0.15230541,0.15918061,0.007185559,0.0014882757,0.8305242,1.41907885E-5,0.011617229,1.2663301E-4,0.45656225,0.0028858723,null,null,null,null,"TWOGAUSSIANS",8,76.09491,0.8305242,1.41907885E-5,0.06505649,7.091448E-4,0.46199763,0.0025952987,0.71919763,0.2087012,0.4,0.32542825,0.007119909,0.0016491226
375316653866487564,653134027437491968,0.5808587,2086.407305051059,4.014567809749238,6.2980066E-6,18.70671,0.009862817,0.18643604,0.0035697164,0.078587316,0.004118027,0.45531198,0.023121389,0.67717904,0.0023127797,0.08032881,0.003682463,0.41100577,0.011761655,null,null,null,null,"TWOGAUSSIANS",8,2.7258334,0.18643604,0.0035697164,0.4,0.0,0.45022085,0.023353837,0.67717904,0.0023127797,0.4,0.0,0.40591466,0.011108337
