Gaia/vari_eclipsing_binary/VariEclipsingBinary_479534-479834.csv
# %ECSV 1.0
# ---
# delimiter: ','
# meta: !!omap
# - RELEASE: Gaia DR3
# - TABLE: vari_eclipsing_binary
# - DESCRIPTION: >
#     This table describes the properties of the eclipsing binaries resulting from the variability analysis. 
# - CITATION: >
#     How to cite and acknowledge Gaia: 
#     https://gea.esac.esa.int/archive/documentation/credits.html 
# - KNOWN_ISSUES: >
#     Known issues: 
#     https://www.cosmos.esa.int/web/gaia-users/known-issues 
# - DOCUMENTATION: >
#     Tutorials and documentation: 
#     https://www.cosmos.esa.int/web/gaia-users/archive 
# datatype:
# - 
#   name: solution_id
#   datatype: int64
#   description: Solution Identifier
#   meta:
#     ucd: meta.version
# - 
#   name: source_id
#   datatype: int64
#   description: Unique source identifier
#   meta:
#     ucd: meta.id;meta.main
# - 
#   name: global_ranking
#   datatype: float32
#   description: Number between 0 (worst) and 1 (best)
#   meta:
#     ucd: stat.param
# - 
#   name: reference_time
#   datatype: float64
#   unit: d
#   description: Reference time used for the geometric model fit
#   meta:
#     ucd: time.epoch
# - 
#   name: frequency
#   datatype: float64
#   unit: d**-1
#   description: Frequency of geometric model of the eclipsing binary light curve
#   meta:
#     ucd: src.orbital
# - 
#   name: frequency_error
#   datatype: float32
#   unit: d**-1
#   description: "Uncertainty of \\texttt{frequency}"
#   meta:
#     ucd: stat.error
# - 
#   name: geom_model_reference_level
#   datatype: float32
#   unit: mag
#   description: Magnitude reference level of geometric model
#   meta:
#     ucd: phot.mag;em.opt
# - 
#   name: geom_model_reference_level_error
#   datatype: float32
#   unit: mag
#   description: "Uncertainty of \\texttt{geomModelReferenceLevel}"
#   meta:
#     ucd: stat.error;phot.mag;em.opt
# - 
#   name: geom_model_gaussian1_phase
#   datatype: float32
#   description: Phase of the Gaussian 1 component
#   meta:
#     ucd: time.phase
# - 
#   name: geom_model_gaussian1_phase_error
#   datatype: float32
#   description: "Uncertainty of \\texttt{geomModelGaussian1Phase}"
#   meta:
#     ucd: stat.error;time.phase
# - 
#   name: geom_model_gaussian1_sigma
#   datatype: float32
#   description: "Standard deviation [phase] of Gaussian 1 component"
#   meta:
#     ucd: stat.stdev
# - 
#   name: geom_model_gaussian1_sigma_error
#   datatype: float32
#   description: "Uncertainty of \\texttt{geomModelGaussian1Sigma}"
#   meta:
#     ucd: stat.error
# - 
#   name: geom_model_gaussian1_depth
#   datatype: float32
#   unit: mag
#   description: Magnitude depth of Gaussian 1 component
#   meta:
#     ucd: src.var.amplitude
# - 
#   name: geom_model_gaussian1_depth_error
#   datatype: float32
#   unit: mag
#   description: "Uncertainty of \\texttt{geomModelGaussian1Depth}"
#   meta:
#     ucd: stat.error;src.var.amplitude
# - 
#   name: geom_model_gaussian2_phase
#   datatype: float32
#   description: Phase of Gaussian 2 component
#   meta:
#     ucd: time.phase
# - 
#   name: geom_model_gaussian2_phase_error
#   datatype: float32
#   description: "Uncertainty of \\texttt{geomModelGaussian2Phase}"
#   meta:
#     ucd: stat.error;time.phase
# - 
#   name: geom_model_gaussian2_sigma
#   datatype: float32
[...]
#   datatype: float32
#   description: "Secondary eclipse: uncertainty of \\texttt{derivedSecondaryEclDuration}"
#   meta:
#     ucd: stat.error;time.duration
# - 
#   name: derived_secondary_ecl_depth
#   datatype: float32
#   unit: mag
#   description: "Secondary eclipse: depth"
#   meta:
#     ucd: src.var.amplitude
# - 
#   name: derived_secondary_ecl_depth_error
#   datatype: float32
#   unit: mag
#   description: "Secondary eclipse: uncertainty of \\texttt{derivedSecondaryEclDepth}"
#   meta:
#     ucd: stat.error;src.var.amplitude
solution_id,source_id,global_ranking,reference_time,frequency,frequency_error,geom_model_reference_level,geom_model_reference_level_error,geom_model_gaussian1_phase,geom_model_gaussian1_phase_error,geom_model_gaussian1_sigma,geom_model_gaussian1_sigma_error,geom_model_gaussian1_depth,geom_model_gaussian1_depth_error,geom_model_gaussian2_phase,geom_model_gaussian2_phase_error,geom_model_gaussian2_sigma,geom_model_gaussian2_sigma_error,geom_model_gaussian2_depth,geom_model_gaussian2_depth_error,geom_model_cosine_half_period_amplitude,geom_model_cosine_half_period_amplitude_error,geom_model_cosine_half_period_phase,geom_model_cosine_half_period_phase_error,model_type,num_model_parameters,reduced_chi2,derived_primary_ecl_phase,derived_primary_ecl_phase_error,derived_primary_ecl_duration,derived_primary_ecl_duration_error,derived_primary_ecl_depth,derived_primary_ecl_depth_error,derived_secondary_ecl_phase,derived_secondary_ecl_phase_error,derived_secondary_ecl_duration,derived_secondary_ecl_duration_error,derived_secondary_ecl_depth,derived_secondary_ecl_depth_error
[from data line 144]
375316653866487564,4219046125480122880,0.61492705,2180.3051291090405,2.291090462362108,7.434959E-6,15.617229,0.012939478,0.2860301,0.0035013547,0.08177769,0.0058842395,0.45527768,0.014673069,0.8002056,0.0022132979,0.07839424,0.00594718,0.22742818,0.012726299,null,null,null,null,"TWOGAUSSIANS",8,31.699594,0.2860301,0.0035013547,0.4,0.0,0.45154962,0.012947566,0.8002056,0.0022132979,0.4,0.0,0.22370012,0.011333144
375316653866487564,4219047048897484416,0.552934,2087.2787058195263,2.0969613643149847,7.703963E-5,19.357126,0.008607443,0.2816582,0.03950285,0.11336971,0.058242474,0.07123771,0.007339282,0.7335398,0.002901154,0.028802758,0.0046784,0.9002365,0.17979886,null,null,null,null,"TWOGAUSSIANS",8,1.3101872,0.7335398,0.002901154,0.16129544,0.02619904,0.90015405,0.18014379,0.2816582,0.03950285,0.4,0.0,0.07112939,0.009137061
375316653866487564,4219049149137112192,0.66826326,2150.5776963826556,0.7086473761281665,9.209954E-5,17.588135,0.002070219,0.22115111,0.03280599,0.039722703,0.010161593,1.559891,1.3474518,0.7030858,0.052055195,0.07700079,0.041804254,0.016160907,0.0037653637,null,null,null,null,"TWOGAUSSIANS",8,1.7115201,0.22115111,0.03280599,0.22244714,0.05690492,1.5598844,1.3474522,0.7030858,0.052055195,0.4,0.15837929,0.01615431,0.003765832
375316653866487564,4219056051146840832,0.47857094,2169.5223261338692,2.4178585565842607,5.6495992E-5,19.8537,0.014402027,0.27293527,0.031530023,0.028834615,0.021177106,0.21932867,0.032775737,0.77925956,0.003886761,0.038489055,0.007771748,0.27465618,0.055754352,null,null,null,null,"TWOGAUSSIANS",8,1.8273258,0.77925956,0.003886761,0.21553871,0.043521788,0.27465618,0.055754352,0.27293527,0.031530023,0.16147384,0.118591785,0.21932867,0.032775737
375316653866487564,4219062755590775296,0.55612355,2168.983836470365,4.053353135720671,1.1068491E-5,19.110315,0.011732069,0.308759,0.0035861125,0.07033156,0.0040965,0.56681406,0.03490705,0.8113411,0.0045115585,0.07374511,0.006682769,0.5042701,0.06085001,null,null,null,null,"TWOGAUSSIANS",8,3.7879417,0.308759,0.0035861125,0.39385673,0.018155893,0.56438184,0.03510098,0.8113411,0.0045115585,0.4,1.9518954E-4,0.50183785,0.061903697
375316653866487564,4219067153640409216,0.56470007,2192.7185352051492,2.9757009190278803,1.6814347E-5,16.024765,0.025712421,0.28321028,0.004113691,0.10549632,0.014466967,0.18343112,0.022994408,0.7838677,0.005616087,0.11751541,0.018376293,0.14938895,0.024993723,null,null,null,null,"TWOGAUSSIANS",8,10.995367,0.28321028,0.00411928,0.4,0.0,0.15709217,0.0064158924,0.7838677,0.005615594,0.4,0.0,0.12301984,0.0027250282
375316653866487564,4219070314736369280,0.43070546,2150.641095398272,1.470875439964174,3.7534926E-5,14.972567,0.35309675,0.21926671,0.023252219,0.15864252,0.14415449,0.15990376,0.34311783,0.74557835,0.017997213,0.13007061,0.053654816,0.17660412,0.24465252,null,null,null,null,"TWOGAUSSIANS",8,235.64258,0.7477983,0.012285323,0.4,0.0,0.11624077,0.018491374,0.21845672,0.021085562,0.4,0.0,0.097296506,0.02494574
375316653866487564,4219073338393312512,0.62134564,2186.612023889682,3.376666085435942,1.26129335E-5,13.684917,0.034124784,0.21692245,0.0038555898,0.05409384,0.011327618,0.27157867,0.06462575,0.7215583,0.0058383676,0.06976873,0.013190959,0.30154625,0.0622254,0.08535142,0.03823701,0.7215583,0.0058383676,"TWOGAUSSIANS_WITH_ELLIPSOIDAL_ON_ECLIPSE2",9,285.6436,0.7215583,0.0058383676,0.39070487,0.051560998,0.47177365,0.03295344,0.21751244,0.003111657,0.30292553,0.06343466,0.44167963,0.019492315
375316653866487564,4219093438840382848,0.61080825,2162.7715019662205,3.742271339634116,5.5052706E-6,16.845726,0.021585442,0.17868944,0.0030111186,0.06742647,0.008532987,0.2898216,0.107759185,0.68068385,0.011185916,0.053201817,0.010262481,0.5381177,0.06726961,0.09345652,0.025354978,0.17868944,0.0030111186,"TWOGAUSSIANS_WITH_ELLIPSOIDAL_ON_ECLIPSE1",9,15.716624,0.68068385,0.011167586,0.29793018,0.057469897,0.72470176,0.04764601,0.17868944,0.0030111186,0.37758824,0.047708716,0.476435,0.09365657
375316653866487564,4219094297833856128,0.5543318,2175.2872922500546,3.4019005173738286,1.295915E-5,16.267107,0.0060720686,0.28643832,0.047116045,0.031237362,0.026406107,0.2504045,0.5876804,0.7678308,0.0039042712,0.041629497,0.028370554,0.064434156,0.019696228,0.096016936,0.008026804,0.7678308,0.0039042712,"TWOGAUSSIANS_WITH_ELLIPSOIDAL_ON_ECLIPSE2",9,20.238802,0.28540832,0.027538724,0.17492922,0.14787419,0.43996918,0.59383863,0.7678308,0.0039042712,0.23312518,0.15887511,0.25646776,0.02346775
375316653866487564,4219099829751276032,0.55332285,2115.2183680020644,1.422074654493859,8.443127E-6,16.46799,0.0028943717,0.2843322,0.0017254174,0.038650546,0.0032641087,0.16395688,0.008245678,0.7852999,0.0030081256,0.03955819,0.0037672934,0.062091257,0.009902773,0.01360006,0.007192036,0.2843322,0.0017254174,"TWOGAUSSIANS_WITH_ELLIPSOIDAL_ON_ECLIPSE1",9,5.924072,0.2843322,0.0017254174,0.21644305,0.018279009,0.19115695,0.0067403247,0.7852999,0.0029915012,0.22152586,0.021096844,0.08929033,0.006927768
375316653866487564,4219104571391828864,0.57184356,2131.083821111388,0.8203634334851833,7.2793424E-5,19.817797,0.006673058,0.094329365,0.023125056,0.032448713,0.011334132,0.10278704,0.037207972,0.7032003,0.0049083345,0.038484406,0.0037673342,1.0106729,0.43471786,null,null,null,null,"TWOGAUSSIANS",8,0.9107524,0.7032003,0.0049083345,0.21551266,0.021097071,1.0106729,0.43471786,0.094329365,0.023125056,0.18171278,0.06347114,0.10278704,0.037207972
375316653866487564,4219109656636481152,0.5652903,2172.565740798176,0.8026595327479172,5.526458E-6,15.127702,0.084342465,0.30679977,0.002944108,0.21612509,0.026886564,0.34420857,0.0824754,0.80628747,0.0033531478,0.16384622,0.013278354,0.30740532,0.052764684,null,null,null,null,"TWOGAUSSIANS",8,5.6680355,0.80628747,0.0035480266,0.4,0.0,0.08224219,0.0045488817,0.30696976,0.0029193682,0.4,0.0,0.077517256,0.002181325
375316653866487564,4219110137672798720,0.48159635,2180.87471019471,1.6805566773698903,2.4918987E-5,15.989043,0.012492495,0.2664539,0.007205429,0.11440109,0.025832685,0.062229164,0.010400709,0.7585057,0.011983927,0.09965403,0.020804845,0.068543084,0.014518091,null,null,null,null,"TWOGAUSSIANS",8,7.613705,0.7585057,0.011983927,0.4,0.0,0.06078732,0.010703583,0.2664539,0.007205429,0.4,0.0,0.05446466,0.0046027573
375316653866487564,4219110859227533568,0.66614383,2178.0899587499403,3.172171102506986,4.6880523E-6,14.04334,0.011508052,0.22663334,8.608128E-4,0.050014175,0.0028470496,0.37438646,0.025737906,0.7275641,0.0057376376,0.053068675,0.0055517587,0.2837319,0.03344173,0.107673444,0.0132364305,0.22663334,8.608128E-4,"TWOGAUSSIANS_WITH_ELLIPSOIDAL_ON_ECLIPSE1",9,105.15886,0.22663334,8.608128E-4,0.2800794,0.015943477,0.58972776,0.01780144,0.7275641,0.0051825624,0.2971846,0.031089848,0.49906588,0.025718464
375316653866487564,4219114982396148736,0.6282016,2155.5443844101605,2.982179993623869,5.5086693E-6,14.87973,0.0065233815,0.2080989,0.0035873195,0.03312739,0.0041779983,0.22789593,0.016601978,0.7535098,0.001997499,0.044956647,0.0032465889,0.31568727,0.034996413,0.11727162,0.0109037645,0.7535098,0.001997499,"TWOGAUSSIANS_WITH_ELLIPSOIDAL_ON_ECLIPSE2",9,51.521786,0.7535098,0.001997499,0.2517572,0.018180897,0.55023044,0.03365823,0.21167889,0.0041264216,0.18551338,0.02339679,0.44527954,0.010149981
375316653866487564,4219125217301740288,0.54303724,2121.821832006302,2.804035234555786,2.0975893E-5,17.844868,0.02231376,0.36885297,0.012710709,0.09787905,0.01671308,0.30192274,0.023117742,0.8798963,0.009783573,0.09096373,0.011926402,0.31421524,0.026845107,null,null,null,null,"TWOGAUSSIANS",8,10.966882,0.8798963,0.009783573,0.4,0.0,0.29841828,0.015060296,0.36885297,0.012710709,0.4,0.0,0.28612447,0.017027317
375316653866487564,4219131990466539136,0.469377,2165.187550289358,4.213168650520292,2.1060754E-5,16.414583,0.0085955,0.15090792,0.0027441385,0.013697871,0.008120511,3.890277,4.4110456,0.7429596,0.015437012,0.069486134,0.01494721,0.052568484,0.026629126,null,null,null,null,"TWOGAUSSIANS",8,65.146576,0.15090792,0.0027441385,0.07670808,0.04547486,3.890277,4.4110456,0.7429596,0.015437012,0.38912237,0.07064714,0.052568484,0.026629126
375316653866487564,4219132608941838976,0.4653863,2159.3009741536375,2.063037193970149,8.64907E-5,17.895105,0.008637189,0.29481202,0.004213019,0.053114135,0.008752919,0.25371614,0.05942898,0.7455728,0.011727853,0.071277514,0.018497733,0.061402913,0.022501156,null,null,null,null,"TWOGAUSSIANS",8,9.097691,0.29481202,0.004213019,0.29743916,0.049016345,0.2537034,0.05947082,0.7455728,0.011727853,0.39915407,0.05614585,0.061390154,0.022515597
375316653866487564,4219133120040440192,0.54746413,2130.8689094852975,0.8118751523643067,1.6043891E-4,17.762087,0.0021498937,0.46756154,0.008821415,0.044526033,0.007849317,0.32209328,0.13492449,null,null,null,null,null,null,null,null,null,null,"ONEGAUSSIAN",5,2.16379,0.46756154,0.008821415,0.2493458,0.043956175,0.32209328,0.0,null,null,null,null,null,null
375316653866487564,4219134395648576128,0.5552763,2198.594382342625,3.8061688179692847,1.3431416E-5,17.189241,0.012229577,0.290574,0.008689294,0.08288,0.01051173,0.34420708,0.042195003,0.7815591,0.0038749888,0.07623026,0.005705616,0.29856455,0.012514476,null,null,null,null,"TWOGAUSSIANS",8,16.065216,0.290574,0.008689294,0.4,0.0,0.3403566,0.04379115,0.7815591,0.0038749888,0.4,0.0,0.29471406,0.009303945
375316653866487564,4219140202444416768,0.5696294,2154.259197466256,3.153118126642419,9.00658E-6,16.201454,0.0051207272,0.20368081,0.004314659,0.066227436,0.0045952485,0.351987,0.027214853,0.6992548,0.0017787509,0.065127864,0.0024924683,0.46259472,0.008897899,null,null,null,null,"TWOGAUSSIANS",8,47.82514,0.6992548,0.0017787509,0.36471602,0.013957823,0.46208912,0.008896582,0.20368081,0.004314659,0.37087366,0.02573339,0.3514814,0.027399229
375316653866487564,4219140855279433600,0.587109,2160.1240472083336,3.3585407669523297,2.0395055E-5,16.4341,0.010601531,0.22115052,0.0066154874,0.04873867,0.0076540275,0.33680436,0.02215391,0.7376588,0.0069884793,0.05223072,0.011372954,0.30330363,0.049197268,0.11038197,0.0127580315,0.7376588,0.0069884793,"TWOGAUSSIANS_WITH_ELLIPSOIDAL_ON_ECLIPSE2",9,36.98501,0.22295052,0.005929683,0.27293655,0.042862553,0.555455,0.01671714,0.7376588,0.0069884793,0.29249203,0.06368854,0.524064,0.045448434
375316653866487564,4219146215398603264,0.4752894,2170.9817730999052,0.042937423427742094,1.1328777E-5,16.885057,0.003154528,0.4855795,0.0150123555,0.08432339,0.010919694,0.1590058,0.024903938,0.8707435,0.0044069276,0.005869342,0.0043835444,0.037811644,0.008263319,null,null,null,null,"TWOGAUSSIANS",8,6.626223,0.4855795,0.0150123555,0.4,0.0,0.1590058,0.02490395,0.8707435,0.0044069276,0.032868315,0.024547849,0.037816323,0.008263297
375316653866487564,4219150132408801792,0.6636992,2206.437579783234,0.4680143588850895,3.1274252E-5,16.127827,0.0011212222,0.7131774,7.287703E-5,0.019876136,3.87182E-4,0.2617754,0.002497638,0.8915545,0.007330402,0.045645274,0.01564955,0.0075229444,0.0016010666,null,null,null,null,"TWOGAUSSIANS",8,1.3965914,0.7131774,7.287703E-5,0.111306354,0.002168219,0.26177904,0.0025156173,0.8915545,0.007330402,0.25561354,0.08763748,0.0075229444,0.0016010666
375316653866487564,4219160577769296512,0.5012296,2118.181694674963,2.169998613529984,6.597835E-5,18.831127,0.0096109295,0.33171558,0.006449451,0.0620681,0.009392114,0.18637085,0.016372535,0.7817073,8.5728726E-4,0.017130354,0.0038246023,1.6829809,0.94775206,null,null,null,null,"TWOGAUSSIANS",8,5.746583,0.7817073,8.5728726E-4,0.09592999,0.021417772,1.6829809,0.94775206,0.33171558,0.006449451,0.34758136,0.052595843,0.18637085,0.016372535
375316653866487564,4219163086030211200,0.56803435,2139.525125917213,1.2360201996821802,1.13873375E-5,14.499574,9.680372E-4,0.20949955,0.0053656828,0.02591165,0.005824524,0.026332425,0.0030488737,0.70593196,0.022609873,0.051864285,0.050634593,0.09226755,0.0696078,0.0149049675,0.0019461676,0.20949955,0.0053656828,"TWOGAUSSIANS_WITH_ELLIPSOIDAL_ON_ECLIPSE1",9,8.684723,0.706162,0.02230643,0.29044,0.107080385,0.12206265,0.06748283,0.20949955,0.0053656828,0.14510523,0.032617334,0.05614154,0.0028857428
375316653866487564,4219166998742886016,0.6130722,2155.481095794639,3.218461531585435,1.5710897E-5,15.188287,0.07577482,0.2581989,0.0020062246,0.0646513,0.01297661,0.4751449,0.13715471,0.75352323,0.013114778,0.06105419,0.020905431,0.39035776,0.15609184,0.075357296,0.07970551,0.2581989,0.0020062246,"TWOGAUSSIANS_WITH_ELLIPSOIDAL_ON_ECLIPSE1",9,106.900566,0.2581989,0.0020062246,0.3620473,0.072083235,0.62553,0.049051017,0.7540032,0.011929432,0.34190345,0.117070414,0.5406261,0.017015979
375316653866487564,4219178066874879488,0.55733055,2172.1236655459197,2.723856974919583,1.4488227E-5,15.730896,0.05616091,0.33365437,0.007285793,0.046092536,0.057720628,0.007647152,0.10266104,0.7908796,0.038131878,0.06873819,0.0494828,0.050972555,0.09130865,0.07307311,0.04595061,0.33365437,0.007285793,"TWOGAUSSIANS_WITH_ELLIPSOIDAL_ON_ECLIPSE1",9,27.322042,0.8134496,0.014687096,0.3849339,0.08439035,0.1920943,0.010958986,0.33365437,0.007270561,0.2581182,0.19306828,0.1537866,0.013203441
375316653866487564,4219178887211527424,0.7085388,2168.7800516654506,2.479139485297075,1.2146098E-6,14.043175,0.0020882147,0.25674516,0.0011374669,0.05280932,0.0017685281,0.09686614,0.0046708584,0.7511196,5.6189176E-4,0.056091495,0.0019836342,0.14993113,0.006106539,0.12222708,0.0027185872,0.7511196,5.6189176E-4,"TWOGAUSSIANS_WITH_ELLIPSOIDAL_ON_ECLIPSE2",9,6.664348,0.7511196,5.6189176E-4,0.31411237,0.011108352,0.39437702,0.0054911575,0.25473517,5.955186E-4,0.2957322,0.009903758,0.34111574,0.0016568649
375316653866487564,4219183633152565376,0.64571136,2185.595837567418,1.5816483188144117,4.362343E-6,15.950079,0.002634242,0.36914888,0.0017895586,0.057431847,0.0024891708,0.20039289,0.0073602768,0.8674107,0.0055775167,0.05275763,0.007490171,0.034630664,0.006824944,0.047401078,0.004545742,0.36914888,0.0017895586,"TWOGAUSSIANS_WITH_ELLIPSOIDAL_ON_ECLIPSE1",9,3.104071,0.36914888,0.0017895586,0.32161835,0.013939356,0.29517928,0.004604729,0.8680607,0.00443484,0.29544273,0.04194496,0.12941,0.0029020526
375316653866487564,4219183873670748160,0.6290826,2176.42191682925,4.136839473528795,7.674365E-6,15.254233,0.02304974,0.2282474,0.004205197,0.044453107,0.0062953793,0.4330871,0.05340881,0.7220804,0.004384178,0.048134442,0.0095156,0.36276194,0.059621666,0.119728655,0.028417112,0.7220804,0.004384178,"TWOGAUSSIANS_WITH_ELLIPSOIDAL_ON_ECLIPSE2",9,112.54868,0.22775741,0.0038958783,0.24893738,0.035254125,0.6722129,0.016688677,0.7220804,0.004384178,0.2695529,0.05328736,0.6022186,0.03795449
375316653866487564,4219198339120627712,0.55493855,2165.24974959668,2.825781108151986,1.34157945E-5,16.983837,0.0016178761,null,null,null,null,null,null,null,null,null,null,null,null,0.05697164,0.002042766,0.21153997,0.00348735,"ELLIPSOIDAL",4,3.8128371,null,null,null,null,null,null,null,null,null,null,null,null
375316653866487564,4219204180276261632,0.42655075,2135.05870352909,0.08821978669810811,7.844654E-5,18.79518,0.007796666,0.28438783,0.007541048,0.018788524,0.014271601,0.1369814,0.019569738,0.831852,0.014871009,0.084977604,0.02127877,0.0970147,0.015239255,null,null,null,null,"TWOGAUSSIANS",8,4.90349,0.28438783,0.007541048,0.105215736,0.07992096,0.13698132,0.019571213,0.831852,0.014871009,0.4,0.0,0.097014554,0.0152396895
375316653866487564,4219204970550030976,0.5622877,2173.669000519077,2.6243946423653246,7.5006765E-6,15.407583,0.012225338,0.28775004,0.0022339392,0.1000273,0.005934209,0.22881137,0.011242932,0.7859028,0.005414146,0.096139796,0.009214324,0.22510508,0.018911261,null,null,null,null,"TWOGAUSSIANS",8,18.960833,0.28775004,0.0022339392,0.4,0.0,0.21160163,0.0066954847,0.7859028,0.005414146,0.4,0.0,0.20789646,0.01962731
