Gaia/vari_eclipsing_binary/VariEclipsingBinary_667159-667193.csv
# %ECSV 1.0
# ---
# delimiter: ','
# meta: !!omap
# - RELEASE: Gaia DR3
# - TABLE: vari_eclipsing_binary
# - DESCRIPTION: >
#     This table describes the properties of the eclipsing binaries resulting from the variability analysis. 
# - CITATION: >
#     How to cite and acknowledge Gaia: 
#     https://gea.esac.esa.int/archive/documentation/credits.html 
# - KNOWN_ISSUES: >
#     Known issues: 
#     https://www.cosmos.esa.int/web/gaia-users/known-issues 
# - DOCUMENTATION: >
#     Tutorials and documentation: 
#     https://www.cosmos.esa.int/web/gaia-users/archive 
# datatype:
# - 
#   name: solution_id
#   datatype: int64
#   description: Solution Identifier
#   meta:
#     ucd: meta.version
# - 
#   name: source_id
#   datatype: int64
#   description: Unique source identifier
#   meta:
#     ucd: meta.id;meta.main
# - 
#   name: global_ranking
#   datatype: float32
#   description: Number between 0 (worst) and 1 (best)
#   meta:
#     ucd: stat.param
# - 
#   name: reference_time
#   datatype: float64
#   unit: d
#   description: Reference time used for the geometric model fit
#   meta:
#     ucd: time.epoch
# - 
#   name: frequency
#   datatype: float64
#   unit: d**-1
#   description: Frequency of geometric model of the eclipsing binary light curve
#   meta:
#     ucd: src.orbital
# - 
#   name: frequency_error
#   datatype: float32
#   unit: d**-1
#   description: "Uncertainty of \\texttt{frequency}"
#   meta:
#     ucd: stat.error
# - 
#   name: geom_model_reference_level
#   datatype: float32
#   unit: mag
#   description: Magnitude reference level of geometric model
#   meta:
#     ucd: phot.mag;em.opt
# - 
#   name: geom_model_reference_level_error
#   datatype: float32
#   unit: mag
#   description: "Uncertainty of \\texttt{geomModelReferenceLevel}"
#   meta:
#     ucd: stat.error;phot.mag;em.opt
# - 
#   name: geom_model_gaussian1_phase
#   datatype: float32
#   description: Phase of the Gaussian 1 component
#   meta:
#     ucd: time.phase
# - 
#   name: geom_model_gaussian1_phase_error
#   datatype: float32
#   description: "Uncertainty of \\texttt{geomModelGaussian1Phase}"
#   meta:
#     ucd: stat.error;time.phase
# - 
#   name: geom_model_gaussian1_sigma
#   datatype: float32
#   description: "Standard deviation [phase] of Gaussian 1 component"
#   meta:
#     ucd: stat.stdev
# - 
#   name: geom_model_gaussian1_sigma_error
#   datatype: float32
#   description: "Uncertainty of \\texttt{geomModelGaussian1Sigma}"
#   meta:
#     ucd: stat.error
# - 
#   name: geom_model_gaussian1_depth
#   datatype: float32
#   unit: mag
#   description: Magnitude depth of Gaussian 1 component
#   meta:
#     ucd: src.var.amplitude
# - 
#   name: geom_model_gaussian1_depth_error
#   datatype: float32
#   unit: mag
#   description: "Uncertainty of \\texttt{geomModelGaussian1Depth}"
#   meta:
#     ucd: stat.error;src.var.amplitude
# - 
#   name: geom_model_gaussian2_phase
#   datatype: float32
#   description: Phase of Gaussian 2 component
#   meta:
#     ucd: time.phase
# - 
#   name: geom_model_gaussian2_phase_error
#   datatype: float32
#   description: "Uncertainty of \\texttt{geomModelGaussian2Phase}"
#   meta:
#     ucd: stat.error;time.phase
# - 
#   name: geom_model_gaussian2_sigma
#   datatype: float32
[...]
#   datatype: float32
#   description: "Secondary eclipse: uncertainty of \\texttt{derivedSecondaryEclDuration}"
#   meta:
#     ucd: stat.error;time.duration
# - 
#   name: derived_secondary_ecl_depth
#   datatype: float32
#   unit: mag
#   description: "Secondary eclipse: depth"
#   meta:
#     ucd: src.var.amplitude
# - 
#   name: derived_secondary_ecl_depth_error
#   datatype: float32
#   unit: mag
#   description: "Secondary eclipse: uncertainty of \\texttt{derivedSecondaryEclDepth}"
#   meta:
#     ucd: stat.error;src.var.amplitude
solution_id,source_id,global_ranking,reference_time,frequency,frequency_error,geom_model_reference_level,geom_model_reference_level_error,geom_model_gaussian1_phase,geom_model_gaussian1_phase_error,geom_model_gaussian1_sigma,geom_model_gaussian1_sigma_error,geom_model_gaussian1_depth,geom_model_gaussian1_depth_error,geom_model_gaussian2_phase,geom_model_gaussian2_phase_error,geom_model_gaussian2_sigma,geom_model_gaussian2_sigma_error,geom_model_gaussian2_depth,geom_model_gaussian2_depth_error,geom_model_cosine_half_period_amplitude,geom_model_cosine_half_period_amplitude_error,geom_model_cosine_half_period_phase,geom_model_cosine_half_period_phase_error,model_type,num_model_parameters,reduced_chi2,derived_primary_ecl_phase,derived_primary_ecl_phase_error,derived_primary_ecl_duration,derived_primary_ecl_duration_error,derived_primary_ecl_depth,derived_primary_ecl_depth_error,derived_secondary_ecl_phase,derived_secondary_ecl_phase_error,derived_secondary_ecl_duration,derived_secondary_ecl_duration_error,derived_secondary_ecl_depth,derived_secondary_ecl_depth_error
[from data line 177]
375316653866487564,5868459218114983424,0.50179476,2184.947229554661,2.1226137191899155,1.4202276E-5,19.180977,0.016876027,0.24856542,0.0052173412,0.08818091,0.014573507,0.23022947,0.02171124,0.7484892,0.0074960645,0.08994079,0.012860716,0.24045825,0.03161086,null,null,null,null,"TWOGAUSSIANS",8,2.6034496,0.7484892,0.0074960645,0.4,0.0,0.23131362,0.033510063,0.24856542,0.0052173412,0.4,0.0,0.22108488,0.024565453
375316653866487564,5868459218130795648,0.63256913,2194.731352907177,1.455082889571224,2.773351E-6,17.18055,0.004897295,0.26263356,0.002138993,0.04222701,0.0075763096,0.04626282,0.012569017,0.76214284,0.0014685461,0.05472927,0.001833952,0.2563832,0.010814424,0.08408404,0.0063301562,0.26263356,0.002138993,"TWOGAUSSIANS_WITH_ELLIPSOIDAL_ON_ECLIPSE1",9,4.437904,0.7622129,0.0012118268,0.30648392,0.010270131,0.424542,0.0039261496,0.26263356,0.002138993,0.23647127,0.042427335,0.21442302,0.004931929
375316653866487564,5868459493008921856,0.56279004,2187.182276100127,0.31026802509158297,1.5460757E-4,16.016699,9.802831E-4,0.5903778,0.06436844,0.08945803,0.053574454,0.014688048,0.005955059,0.7835372,0.00495345,0.009903933,0.003839268,0.56049496,0.84933084,null,null,null,null,"TWOGAUSSIANS",8,6.818851,0.7835372,0.00495345,0.055462025,0.021499902,0.5619225,0.8496839,0.5903778,0.06436844,0.4,0.17308281,0.014688043,0.0059551043
375316653866487564,5868459527368507904,0.49234396,2232.4347569613487,0.2781070329799498,2.3678082E-5,18.071064,0.004744953,0.6188945,0.010044764,0.053569894,0.017280988,0.037570864,0.01470148,0.8478708,0.0016687369,0.0022440765,6.77513E-4,1.6310197,2.1666362,null,null,null,null,"TWOGAUSSIANS",8,10.144419,0.8478708,0.0016687369,0.012566828,0.003794073,1.6310238,2.1666353,0.6188945,0.010044764,0.2999914,0.096773535,0.037570864,0.01470148
375316653866487564,5868459802246350208,0.49685073,2175.550738134012,0.2063075594120097,6.3846834E-5,15.798935,8.140403E-4,0.36659402,0.00841299,0.022960497,0.0053364323,0.101758145,0.024053343,0.74520683,0.0060381633,0.029504959,0.0047997963,0.01779062,0.0017132437,null,null,null,null,"TWOGAUSSIANS",8,7.5155926,0.36659402,0.00841299,0.12857878,0.02988402,0.101758145,0.024053343,0.74520683,0.0060381633,0.16522777,0.026878858,0.01779062,0.0017132437
375316653866487564,5868459939685359872,0.57969147,2215.151964581892,3.8992208766364973,6.0255857E-6,17.473892,0.0058026873,0.29488036,0.0022818663,0.07516965,0.0025103767,0.4986982,0.01357705,0.7951723,0.0022479806,0.072439335,0.0025407732,0.449234,0.010729341,null,null,null,null,"TWOGAUSSIANS",8,13.369978,0.29488036,0.0022818663,0.4,0.0,0.49566394,0.013596082,0.7951723,0.0022479806,0.4,0.0,0.44619974,0.010658645
375316653866487564,5868459974028478848,0.5313923,2218.720788550147,2.3557117222273596,7.653425E-6,18.64327,0.0098045245,0.2787135,0.003208965,0.089256875,0.0050518773,0.31746316,0.016144881,0.7775907,0.0026514565,0.0908259,0.004990961,0.27780002,0.010632658,null,null,null,null,"TWOGAUSSIANS",8,2.7036893,0.2787135,0.003208965,0.4,0.0,0.3051087,0.016128618,0.7775907,0.0026514565,0.4,0.0,0.2654455,0.009381722
375316653866487564,5868460042748803328,0.557621,2206.3309225053495,4.250790175272813,1.0279376E-5,19.807318,0.013850637,0.23455134,0.0025608335,0.039409403,0.0036188317,0.47518834,0.075054534,0.7376132,0.0028323713,0.04002759,0.0036422368,0.64870346,0.059267603,0.14253624,0.015376864,0.23455134,0.0025608335,"TWOGAUSSIANS_WITH_ELLIPSOIDAL_ON_ECLIPSE1",9,2.7330723,0.7376132,0.0028323713,0.2241545,0.020396527,0.9336704,0.04941485,0.23455134,0.0025608335,0.22069266,0.020265458,0.76026076,0.070961304
375316653866487564,5868460283266399616,0.58803517,2221.867229098237,2.3450532723787703,4.1141793E-6,18.10122,0.005429007,0.23731302,0.0020754857,0.07746269,0.0025160639,0.33821762,0.009039865,0.7403115,0.0011055098,0.08073576,0.0017836047,0.3510995,0.0071671726,null,null,null,null,"TWOGAUSSIANS",8,2.8864207,0.7403115,0.0011055098,0.4,0.0,0.34670222,0.006747111,0.23731302,0.0020754857,0.4,0.0,0.33382037,0.008834264
375316653866487564,5868461657656818560,0.4887779,2191.9961405951494,2.7086176489923717,1.6485747E-5,19.624922,0.015626546,0.25510064,0.0040492355,0.09558848,0.009074973,0.2334473,0.014859037,0.7827545,0.01057439,0.08958747,0.016584836,0.22029608,0.030800212,null,null,null,null,"TWOGAUSSIANS",8,1.261503,0.25510064,0.0040492355,0.4,0.0,0.22561885,0.010896377,0.7827545,0.01057439,0.4,0.0,0.21246865,0.037453692
375316653866487564,5868461722041951104,0.54560876,2210.617892904254,3.3624463578816486,8.717134E-6,16.776289,0.0061475155,0.26347798,0.0031139823,0.056503337,0.010155866,0.09130149,0.012331754,0.7615166,0.0063842484,0.042414118,0.005682355,0.077584475,0.016679354,0.031879116,0.007851612,0.26347798,0.0031139823,"TWOGAUSSIANS_WITH_ELLIPSOIDAL_ON_ECLIPSE1",9,7.46504,0.26347798,0.0031139823,0.31641868,0.05687285,0.15505461,0.008435478,0.76172656,0.005958906,0.23751906,0.031821188,0.14132893,0.006731319
375316653866487564,5868461760751723648,0.6099125,2219.3427254507646,2.3910376478522317,4.1319E-6,17.266945,0.0029666955,0.27067298,0.001556409,0.04955141,0.010558398,0.052957326,0.0067657987,0.7645838,0.0048400797,0.031785853,0.0060461564,0.046304777,0.0076736924,0.0990992,0.004103749,0.27067298,0.001556409,"TWOGAUSSIANS_WITH_ELLIPSOIDAL_ON_ECLIPSE1",9,2.4059381,0.27067298,0.001556409,0.2774879,0.05912703,0.25115538,0.003010428,0.7661338,0.0034530517,0.1780008,0.033858474,0.24428664,0.006068453
375316653866487564,5868461932550250240,0.46223184,2195.9301371306046,0.30377769161223467,3.435168E-5,16.10071,0.0012064193,0.48419642,0.054126546,0.07061758,0.037549756,0.008146218,0.0031034367,0.7532003,0.0067523066,0.051563427,0.0052389735,0.105425276,0.026592903,null,null,null,null,"TWOGAUSSIANS",8,5.603837,0.7532003,0.0067523066,0.28875518,0.029338254,0.10543103,0.02659249,0.4842064,0.054141518,0.39545843,0.08856493,0.008146347,0.0031048288
375316653866487564,5868462031279579136,0.64991814,2231.0843567102097,1.664416629964027,3.3734807E-6,17.858849,0.0054806746,0.23837493,0.0017273937,0.047298662,0.0035770459,0.18310148,0.01607755,0.7361252,0.0017760813,0.045744125,0.001441408,0.65300137,0.014519019,0.113071546,0.0060265386,0.23837493,0.0017273937,"TWOGAUSSIANS_WITH_ELLIPSOIDAL_ON_ECLIPSE1",9,2.906222,0.73624516,0.001636177,0.25616708,0.0080718845,0.87910116,0.009173031,0.23837493,0.0017273937,0.26487252,0.020031458,0.409244,0.011681508
375316653866487564,5868462310491229824,0.46750134,2208.770949561432,0.7059183422386964,3.317784E-5,19.719833,0.0031628986,0.37499073,0.0063377996,0.027441306,0.0039096843,0.3455543,0.03237691,0.52434665,0.008507454,0.017157517,0.036174707,0.04219983,0.07432982,null,null,null,null,"TWOGAUSSIANS",8,2.1446326,0.37499073,0.006336963,0.15367131,0.021894231,0.3455543,0.032378625,0.52434665,0.008507454,0.0960821,0.20257837,0.04219996,0.07432981
375316653866487564,5868462860247745792,0.49560523,2194.621384233016,2.1066040923063007,1.1905101E-5,19.160276,0.006949084,0.2666635,0.0067068436,0.091485314,0.009056945,0.1342983,0.011244501,0.76260704,0.0038507846,0.076385275,0.006862415,0.22019936,0.012474052,null,null,null,null,"TWOGAUSSIANS",8,1.523849,0.76260704,0.0038507846,0.4,0.0,0.21653262,0.013086777,0.2666635,0.0067068436,0.4,0.0,0.13063148,0.01103187
375316653866487564,5868463371311439232,0.63411057,2245.5186790247567,2.183113641303191,4.2111506E-6,17.73547,0.003604369,0.25877872,0.0012293085,0.04333605,0.0038036646,0.10015392,0.008655698,0.75478745,0.0037715316,0.051022623,0.004349696,0.102760136,0.00997842,0.106116645,0.0042265854,0.25877872,0.0012293085,"TWOGAUSSIANS_WITH_ELLIPSOIDAL_ON_ECLIPSE1",9,1.7538996,0.75597745,0.0025525196,0.28572667,0.024358299,0.31489888,0.0069016907,0.25877872,0.0012293085,0.24268188,0.02130052,0.31238633,0.0057439967
375316653866487564,5868463508755731328,0.45323053,2234.170042330606,0.136695950198189,3.6888585E-5,18.925377,0.015339563,0.09562684,0.0035867393,0.0062807673,0.003564089,0.7695539,0.6963806,0.738241,0.10560379,0.07564109,0.10388805,0.14942549,0.40118074,null,null,null,null,"TWOGAUSSIANS",8,5.9657016,0.09562684,0.0035867393,0.035172295,0.019958898,0.76955605,0.6963809,0.738241,0.10560379,0.4,0.48079097,0.14942549,0.40118074
375316653866487564,5868464131559543296,0.49807373,2242.726208670157,0.2276043211031129,1.4863173E-5,18.52861,0.0032266513,0.21234584,0.0029325162,0.014237483,0.0019471749,0.55130357,0.3223585,0.5262417,0.024763925,0.045770433,0.01859135,0.052511714,0.025399059,null,null,null,null,"TWOGAUSSIANS",8,4.8528175,0.21234584,0.0029325162,0.0797299,0.010904179,0.55130357,0.3223585,0.5262417,0.024763925,0.25631443,0.10411156,0.052511714,0.025399059
375316653866487564,5868464402103710976,0.59738195,2235.125609298936,1.349097440402356,6.6060834E-6,18.397438,0.002559946,0.24104045,0.002596694,0.045177005,0.0027918955,0.14196084,0.004496925,0.7404545,0.0018187098,0.040009774,0.0016059702,0.49531427,0.014780726,null,null,null,null,"TWOGAUSSIANS",8,2.1219332,0.7404545,0.0018187098,0.22405474,0.008993433,0.49531424,0.01478073,0.24104045,0.002596694,0.25299123,0.015634615,0.14196083,0.0044969264
375316653866487564,5868464612610446720,0.638542,2247.5629408004056,0.705899367322098,3.927959E-6,16.915329,0.0029673055,0.22073181,0.0074215024,0.029116929,0.006407879,0.06979683,0.01538592,0.7199644,7.254185E-4,0.031904135,7.3242805E-4,0.7976147,0.016428795,0.017648457,0.00416481,0.22073181,0.0074215024,"TWOGAUSSIANS_WITH_ELLIPSOIDAL_ON_ECLIPSE1",9,7.509697,0.7199644,7.2261714E-4,0.17866315,0.004101597,0.83291066,0.016844518,0.22073181,0.0074215024,0.1630548,0.03588412,0.105093665,0.014847463
375316653866487564,5868464921848255488,0.6536136,2217.852951883032,0.6458865030102179,4.83193E-6,14.591703,8.1707304E-4,0.28302747,0.001505711,0.031312846,0.0021692798,0.07502035,0.00300306,0.78194726,0.002230039,0.031074438,0.0012220826,0.24845691,0.0038768006,0.019671127,0.0012205205,0.28302747,0.001505711,"TWOGAUSSIANS_WITH_ELLIPSOIDAL_ON_ECLIPSE1",9,7.202252,0.78195727,0.0022069477,0.17401685,0.006843663,0.28779736,0.002913806,0.28302747,0.001505711,0.17535195,0.012147968,0.114362605,0.0023751825
375316653866487564,5868465196712960128,0.58782893,2252.6086114045384,2.6668268623788567,7.419607E-6,18.606874,0.007322079,0.34362832,0.0051995106,0.07202936,0.0053040707,0.42171574,0.014317775,0.84386796,0.002084539,0.070693575,0.0022833224,0.42718267,0.012296198,null,null,null,null,"TWOGAUSSIANS",8,2.776692,0.84386796,0.002084539,0.395884,0.012786605,0.42535797,0.012178058,0.34362832,0.0051995106,0.4,0.005735895,0.41989103,0.014606174
375316653866487564,5868465643389728256,0.46298918,2237.0503234050634,0.9876792547922522,1.1887371E-5,18.950335,0.014011301,0.21471073,0.008400291,0.058491524,0.0072305882,0.20885085,0.04275746,0.7145247,0.003114006,0.049157824,0.012993213,0.70696354,0.24404377,null,null,null,null,"TWOGAUSSIANS",8,13.424943,0.7145247,0.003114006,0.2752838,0.07276199,0.7069488,0.24415393,0.21471073,0.008400291,0.32755253,0.040491294,0.20883611,0.042750057
375316653866487564,5868465712122435456,0.58147126,2253.987655659578,0.8427499758932138,2.2545073E-5,16.902927,0.0010837112,0.31176493,0.0010872474,0.019694356,6.905303E-4,0.29492134,0.0156023195,0.8129083,0.007816722,0.027900746,0.009316226,0.044158746,0.006478814,null,null,null,null,"TWOGAUSSIANS",8,2.1691976,0.31176493,0.0010872474,0.1102884,0.0038669696,0.29492134,0.0156023195,0.8129083,0.007816722,0.15624417,0.05217086,0.044158746,0.006478814
375316653866487564,5868466021346887296,0.4598658,2249.234192586058,2.844081640160575,2.2870923E-5,18.729849,0.15653886,0.22301644,0.006492248,0.13567986,0.026803851,0.24248351,0.14152637,0.70654094,0.009208641,0.15576348,0.049614318,0.2504868,0.1529521,null,null,null,null,"TWOGAUSSIANS",8,2.7915733,0.70654094,0.009208641,0.4,0.0,0.14874981,0.010939591,0.22455643,0.0048333453,0.4,0.0,0.14321521,0.011778047
375316653866487564,5868466227505464704,0.484849,2219.739068924846,2.0216186738898165,1.3230733E-5,19.481747,0.024687551,0.23439422,0.0043057157,0.08929441,0.010444996,0.32648653,0.021530768,0.73083436,0.006269786,0.099383295,0.012767577,0.2764982,0.023325661,null,null,null,null,"TWOGAUSSIANS",8,2.76005,0.23439422,0.0043057157,0.4,0.0,0.3095487,0.018286536,0.73083436,0.006269786,0.4,0.0,0.25955868,0.018029584
375316653866487564,5868466605475458048,0.4887315,2225.020166368036,1.587182273555489,1.5613577E-5,19.757624,0.015266685,0.31733668,0.008244801,0.049250476,0.01102582,0.30721012,0.06626908,0.80442774,0.001974314,0.041913163,0.0022415859,1.0998335,0.066583954,null,null,null,null,"TWOGAUSSIANS",8,9.576791,0.80442774,0.001974314,0.2347137,0.012552882,1.0998334,0.06658396,0.31733668,0.008244801,0.27580267,0.06174459,0.30720997,0.06626949
375316653866487564,5868466777274172160,0.5669089,2239.058626960155,0.4804456940374188,1.940894E-6,15.09997,0.0031021861,0.20220868,0.021121277,0.017979404,0.01797396,0.015335597,59.075127,0.70844185,7.365601E-4,0.036713418,0.0014132009,0.23668754,0.0064823707,0.010743088,0.0044573103,0.20220868,0.021121277,"TWOGAUSSIANS_WITH_ELLIPSOIDAL_ON_ECLIPSE1",9,57.191593,0.70844185,7.365601E-4,0.20559515,0.007913925,0.2581407,0.0059999726,0.20220868,0.021121277,0.100684665,0.10065417,0.036821723,59.07592
375316653866487564,5868466979089505024,0.50387025,2231.9117310977654,0.612236255781394,1.4725318E-5,19.2103,0.004875628,0.1331955,0.0052534644,0.035167288,0.0037919478,0.3172873,0.026664047,0.62880296,0.05411526,0.035209388,0.021910647,0.40243378,1.4919999,null,null,null,null,"TWOGAUSSIANS",8,2.855712,0.62880296,0.05411526,0.19717257,0.122699626,0.40243378,1.4919999,0.1331955,0.0052534644,0.19693682,0.02123491,0.3172873,0.026664047
375316653866487564,5868467395749235200,0.5671187,2205.963958002454,0.7285370366539856,5.1062736E-5,16.687057,0.0021279722,0.12759149,0.034715,0.054248113,0.052194387,0.009258636,0.004087057,0.41177616,2.7420348E-4,0.030330373,4.5130413E-4,0.29282954,0.008387861,null,null,null,null,"TWOGAUSSIANS",8,2.3592374,0.41177616,2.7420348E-4,0.16985008,0.002527303,0.29282954,0.00839053,0.12759149,0.034715,0.30378944,0.25319213,0.009258636,0.0040870574
375316653866487564,5868467773692655872,0.49197012,2229.637801766642,3.1650120345775563,5.7676007E-6,19.71663,0.008008155,0.19473739,0.0026659316,0.054862488,0.003076583,0.5202528,0.036589958,0.69077724,0.0027566988,0.06483197,0.0027079138,0.5879838,0.026272383,null,null,null,null,"TWOGAUSSIANS",8,2.100578,0.69077724,0.0027566988,0.36305904,0.015164318,0.587827,0.026287764,0.19473739,0.0026659316,0.30722994,0.017228864,0.52009606,0.036621258
375316653866487564,5868467803717960704,0.56171775,2244.227336981166,0.6206683826861806,1.8542005E-5,17.793774,0.0019044654,0.26212195,0.0039425762,0.02681946,0.004536615,0.06891421,0.005740896,0.7649048,8.116994E-4,0.02643536,6.309728E-4,0.41529775,0.008043218,0.012075694,0.002742713,0.26212195,0.0039425762,"TWOGAUSSIANS_WITH_ELLIPSOIDAL_ON_ECLIPSE1",9,3.397756,0.7649048,8.116994E-4,0.14803801,0.0035334476,0.43944174,0.008040214,0.26212195,0.0039425762,0.15018898,0.025405046,0.09306559,0.0051524327
375316653866487564,5868468048584351232,0.5542898,2220.8538088602377,3.3296306232587787,7.6134925E-6,19.666735,0.016544798,0.26775464,0.0017842394,0.048157934,0.0031551286,0.44082332,0.04587101,0.76865476,0.004469995,0.041163553,0.0059626987,0.3491297,0.04188197,0.11875962,0.026692703,0.26775464,0.0017842394,"TWOGAUSSIANS_WITH_ELLIPSOIDAL_ON_ECLIPSE1",9,2.2705886,0.26775464,0.0017842394,0.26968443,0.01766872,0.6783414,0.022708202,0.76865476,0.00421123,0.2305159,0.033391114,0.5866402,0.021471847
