Gaia/vari_eclipsing_binary/VariEclipsingBinary_356344-356711.csv
# %ECSV 1.0
# ---
# delimiter: ','
# meta: !!omap
# - RELEASE: Gaia DR3
# - TABLE: vari_eclipsing_binary
# - DESCRIPTION: >
#     This table describes the properties of the eclipsing binaries resulting from the variability analysis. 
# - CITATION: >
#     How to cite and acknowledge Gaia: 
#     https://gea.esac.esa.int/archive/documentation/credits.html 
# - KNOWN_ISSUES: >
#     Known issues: 
#     https://www.cosmos.esa.int/web/gaia-users/known-issues 
# - DOCUMENTATION: >
#     Tutorials and documentation: 
#     https://www.cosmos.esa.int/web/gaia-users/archive 
# datatype:
# - 
#   name: solution_id
#   datatype: int64
#   description: Solution Identifier
#   meta:
#     ucd: meta.version
# - 
#   name: source_id
#   datatype: int64
#   description: Unique source identifier
#   meta:
#     ucd: meta.id;meta.main
# - 
#   name: global_ranking
#   datatype: float32
#   description: Number between 0 (worst) and 1 (best)
#   meta:
#     ucd: stat.param
# - 
#   name: reference_time
#   datatype: float64
#   unit: d
#   description: Reference time used for the geometric model fit
#   meta:
#     ucd: time.epoch
# - 
#   name: frequency
#   datatype: float64
#   unit: d**-1
#   description: Frequency of geometric model of the eclipsing binary light curve
#   meta:
#     ucd: src.orbital
# - 
#   name: frequency_error
#   datatype: float32
#   unit: d**-1
#   description: "Uncertainty of \\texttt{frequency}"
#   meta:
#     ucd: stat.error
# - 
#   name: geom_model_reference_level
#   datatype: float32
#   unit: mag
#   description: Magnitude reference level of geometric model
#   meta:
#     ucd: phot.mag;em.opt
# - 
#   name: geom_model_reference_level_error
#   datatype: float32
#   unit: mag
#   description: "Uncertainty of \\texttt{geomModelReferenceLevel}"
#   meta:
#     ucd: stat.error;phot.mag;em.opt
# - 
#   name: geom_model_gaussian1_phase
#   datatype: float32
#   description: Phase of the Gaussian 1 component
#   meta:
#     ucd: time.phase
# - 
#   name: geom_model_gaussian1_phase_error
#   datatype: float32
#   description: "Uncertainty of \\texttt{geomModelGaussian1Phase}"
#   meta:
#     ucd: stat.error;time.phase
# - 
#   name: geom_model_gaussian1_sigma
#   datatype: float32
#   description: "Standard deviation [phase] of Gaussian 1 component"
#   meta:
#     ucd: stat.stdev
# - 
#   name: geom_model_gaussian1_sigma_error
#   datatype: float32
#   description: "Uncertainty of \\texttt{geomModelGaussian1Sigma}"
#   meta:
#     ucd: stat.error
# - 
#   name: geom_model_gaussian1_depth
#   datatype: float32
#   unit: mag
#   description: Magnitude depth of Gaussian 1 component
#   meta:
#     ucd: src.var.amplitude
# - 
#   name: geom_model_gaussian1_depth_error
#   datatype: float32
#   unit: mag
#   description: "Uncertainty of \\texttt{geomModelGaussian1Depth}"
#   meta:
#     ucd: stat.error;src.var.amplitude
# - 
#   name: geom_model_gaussian2_phase
#   datatype: float32
#   description: Phase of Gaussian 2 component
#   meta:
#     ucd: time.phase
# - 
#   name: geom_model_gaussian2_phase_error
#   datatype: float32
#   description: "Uncertainty of \\texttt{geomModelGaussian2Phase}"
#   meta:
#     ucd: stat.error;time.phase
# - 
#   name: geom_model_gaussian2_sigma
#   datatype: float32
[...]
#   datatype: float32
#   description: "Secondary eclipse: uncertainty of \\texttt{derivedSecondaryEclDuration}"
#   meta:
#     ucd: stat.error;time.duration
# - 
#   name: derived_secondary_ecl_depth
#   datatype: float32
#   unit: mag
#   description: "Secondary eclipse: depth"
#   meta:
#     ucd: src.var.amplitude
# - 
#   name: derived_secondary_ecl_depth_error
#   datatype: float32
#   unit: mag
#   description: "Secondary eclipse: uncertainty of \\texttt{derivedSecondaryEclDepth}"
#   meta:
#     ucd: stat.error;src.var.amplitude
solution_id,source_id,global_ranking,reference_time,frequency,frequency_error,geom_model_reference_level,geom_model_reference_level_error,geom_model_gaussian1_phase,geom_model_gaussian1_phase_error,geom_model_gaussian1_sigma,geom_model_gaussian1_sigma_error,geom_model_gaussian1_depth,geom_model_gaussian1_depth_error,geom_model_gaussian2_phase,geom_model_gaussian2_phase_error,geom_model_gaussian2_sigma,geom_model_gaussian2_sigma_error,geom_model_gaussian2_depth,geom_model_gaussian2_depth_error,geom_model_cosine_half_period_amplitude,geom_model_cosine_half_period_amplitude_error,geom_model_cosine_half_period_phase,geom_model_cosine_half_period_phase_error,model_type,num_model_parameters,reduced_chi2,derived_primary_ecl_phase,derived_primary_ecl_phase_error,derived_primary_ecl_duration,derived_primary_ecl_duration_error,derived_primary_ecl_depth,derived_primary_ecl_depth_error,derived_secondary_ecl_phase,derived_secondary_ecl_phase_error,derived_secondary_ecl_duration,derived_secondary_ecl_duration_error,derived_secondary_ecl_depth,derived_secondary_ecl_depth_error
[from data line 767]
375316653866487564,3137568584345180416,0.44514728,2023.4889756307148,1.2668882076542407,1.1875058E-5,18.843515,0.0074432557,0.15708664,0.0034084243,0.037040945,0.004608779,0.14021876,0.012379214,0.65165055,0.011267015,0.044661116,0.0064150123,0.13705984,0.016549382,null,null,null,null,"TWOGAUSSIANS",8,6.8660946,0.15708664,0.0034084243,0.2074293,0.025809165,0.14021876,0.012379213,0.65165055,0.011267015,0.25010225,0.03592407,0.13705984,0.01654938
375316653866487564,3137569988794133632,0.58120435,2106.714725632588,0.8902766152732455,1.2427478E-5,11.8771925,9.1880927E-4,0.2642335,0.006009371,0.04941667,0.00938395,0.0718121,0.0042970437,0.77574503,0.0033506735,0.012050632,0.013724621,0.029346535,0.007062654,0.020318525,8.204119E-4,0.77574503,0.0033506735,"TWOGAUSSIANS_WITH_ELLIPSOIDAL_ON_ECLIPSE2",9,26.87573,0.26536348,0.004952496,0.27673334,0.05255012,0.112257585,0.004532906,0.77574503,0.0033506735,0.067483544,0.07685788,0.069983445,0.0073488336
375316653866487564,3137572707509699200,0.5689402,2054.4139377994384,1.0416539462229242,7.796589E-6,12.717722,0.010335547,0.26455164,0.0019879974,0.105993874,0.0054810997,0.24270639,0.009093917,0.7576311,0.0026131915,0.09522312,0.004639111,0.25529918,0.011388033,null,null,null,null,"TWOGAUSSIANS",8,72.27872,0.7576311,0.0026131915,0.4,0.0,0.23453532,0.008767455,0.26455164,0.0019879974,0.4,0.0,0.22193561,0.004517104
375316653866487564,3137598855274586880,0.6300274,2047.041517453217,1.684532456723985,1.8575669E-6,13.882922,0.011231096,0.23373882,0.0011830542,0.06629479,0.005203923,0.18474233,0.021895006,0.73427045,0.0033330175,0.0578981,0.0047729383,0.20398778,0.025013046,0.08740501,0.013989567,0.23373882,0.0011830542,"TWOGAUSSIANS_WITH_ELLIPSOIDAL_ON_ECLIPSE1",9,42.06858,0.73427045,0.0030628345,0.32422936,0.026728455,0.3786289,0.0067618513,0.23373882,0.0011830542,0.37125084,0.02914197,0.3593854,0.008247422
375316653866487564,3137605241886695424,0.5193836,2044.661227741652,3.1526421912047886,1.1906587E-5,14.381694,0.21571916,0.26420772,0.0030551152,0.1525703,0.012196013,0.4772321,0.08091656,0.7615095,0.0031070174,0.252365,0.035924766,0.6518697,0.2125292,null,null,null,null,"TWOGAUSSIANS",8,47.914032,0.26608774,0.003610999,0.4,0.0,0.133655,0.0071865185,0.7615095,0.0031070174,0.4,0.0,0.13004833,0.0055364505
375316653866487564,3137607269110276480,0.5181539,2019.0769708499322,2.5159203835869666,1.39781105E-5,17.946833,0.026571933,0.23968002,0.009121175,0.1180109,0.032111254,0.12059178,0.021301713,0.7340905,0.0030799091,0.06486212,0.005698115,0.35260966,0.026729671,null,null,null,null,"TWOGAUSSIANS",8,9.8695965,0.7340905,0.0030799091,0.36322787,0.031909447,0.34556338,0.020746086,0.23968002,0.009121175,0.4,0.0,0.11351442,0.016220221
375316653866487564,3137610400146863872,0.57003105,2033.3946155494007,0.7180446763263556,6.161344E-6,15.899033,0.0017058512,0.90252936,0.07388722,0.09271014,0.080660045,0.0044203606,0.0017578424,0.31206754,0.0014612005,0.023985714,0.0023691438,0.40298402,0.06885504,null,null,null,null,"TWOGAUSSIANS",8,19.964766,0.31206754,0.0014612005,0.13432,0.013267205,0.40298423,0.06885428,0.90252936,0.07388722,0.4,0.119879864,0.004420314,0.0017595064
375316653866487564,3137611942036258944,0.56818104,2008.7605374521352,3.177827507330842,7.3224433E-6,18.895105,0.0042840675,0.1986116,0.0014947476,0.047028583,0.005075692,0.12318388,0.013702116,0.6931472,0.0070168204,0.034567438,0.008769191,0.081253186,0.018836731,0.10888352,0.010563746,0.1986116,0.0014947476,"TWOGAUSSIANS_WITH_ELLIPSOIDAL_ON_ECLIPSE1",9,1.5463492,0.1986116,0.0014947476,0.26336005,0.028423877,0.3409506,0.010581689,0.6942472,0.005975298,0.19357765,0.04910747,0.29881507,0.014425299
375316653866487564,3137613767401174912,0.48055083,2036.9701724454137,0.16847306385398747,1.9568826E-5,12.460851,0.0012620784,0.21831648,0.0036626088,0.0033360072,0.0041514477,0.052908756,1.67829002E10,0.7149327,0.005306,0.0285593,0.0075581144,0.049525924,0.017582009,0.019052759,0.0016326446,0.21831648,0.0036626088,"TWOGAUSSIANS_WITH_ELLIPSOIDAL_ON_ECLIPSE1",9,62.702507,0.21831648,0.0036626088,0.01868164,0.023248108,0.09101424,1.67829002E10,0.7150927,0.005073949,0.15993208,0.04232544,0.087615,0.018529326
375316653866487564,3137619230599711872,0.50389963,2054.8196040779076,1.3354551101324958,1.49747075E-5,16.69454,0.0048384517,0.5188373,0.022722455,0.010523893,0.010561304,0.25627893,279.3823,0.83850896,0.003191242,0.023800442,0.0031255756,1.4831465,0.5655861,0.0076776273,0.007197025,0.5188373,0.022722455,"TWOGAUSSIANS_WITH_ELLIPSOIDAL_ON_ECLIPSE1",9,57.002254,0.83853894,0.0032140901,0.13328247,0.017503224,1.4859068,0.56531066,0.5188373,0.022722455,0.058933802,0.059143305,0.27163407,279.3824
375316653866487564,3137626239986283136,0.68553805,2069.289113537359,0.8408988004954435,6.6388035E-5,14.302304,4.393971E-4,0.7194979,0.0017596786,0.028498584,0.0012608697,0.5337885,0.023301745,null,null,null,null,null,null,null,null,null,null,"ONEGAUSSIAN",5,9.98453,0.7194979,0.0017596786,0.15959208,0.0070608705,0.5337885,0.0,null,null,null,null,null,null
375316653866487564,3137628061052380672,0.6501388,2050.6579083302413,1.2895508872737627,3.123586E-6,13.29151,0.004009565,0.21296161,0.0041226223,0.042091444,0.0055627213,0.08096181,0.015961234,0.71883386,0.0010759021,0.051282927,0.0030853318,0.28348058,0.01146747,0.06632952,0.005097052,0.71883386,0.0010759021,"TWOGAUSSIANS_WITH_ELLIPSOIDAL_ON_ECLIPSE2",9,56.843967,0.71883386,0.0010759021,0.2871844,0.01727786,0.41613758,0.012168651,0.21405162,0.0036420703,0.2357121,0.031151239,0.21347193,0.012397196
375316653866487564,3137629916478225792,0.58969235,2034.2594033672838,2.847550639659245,7.623272E-6,15.242829,0.006595925,0.28645363,0.0030645933,0.09802885,0.0052257488,0.2660708,0.011055571,0.77980065,0.0017929671,0.08969544,0.0042768694,0.2611478,0.0061234077,null,null,null,null,"TWOGAUSSIANS",8,34.130993,0.28645363,0.0030645933,0.4,0.0,0.25226852,0.012332948,0.77980065,0.0017929671,0.4,0.0,0.24734667,0.005979327
375316653866487564,3137630053917165568,0.5334431,2040.1154390961806,0.49526508232139427,1.3340808E-5,14.838698,4.2410402E-4,0.1446927,0.0041074213,0.013302303,0.013274512,0.07822554,5812661.5,0.6866729,0.0015400271,0.010401733,0.0014426322,0.050016485,0.001693959,0.008651251,8.6563115E-4,0.6866729,0.0015400271,"TWOGAUSSIANS_WITH_ELLIPSOIDAL_ON_ECLIPSE2",9,3.5135264,0.1448127,0.0042859144,0.074492894,0.07433727,0.094355226,5812661.5,0.6866729,0.0015400271,0.05824971,0.00807874,0.067318946,0.001570404
375316653866487564,3137641701868396800,0.5282867,2009.0063718882604,2.0218432861367335,6.742314E-6,16.570827,0.0018479222,0.27230772,0.0028311287,0.033570852,0.0028506352,0.076735124,0.005812357,0.7690132,0.0015314376,0.04154501,0.002199835,0.1553188,0.010956865,0.021764832,0.0026663225,0.27230772,0.0028311287,"TWOGAUSSIANS_WITH_ELLIPSOIDAL_ON_ECLIPSE1",9,5.3361216,0.76913327,0.0014530898,0.23265207,0.012319076,0.19883041,0.010878328,0.27230772,0.0028311287,0.18799677,0.015963556,0.1202647,0.0059507117
375316653866487564,3137651421375569792,0.43358833,2006.6526240646754,0.03854978581510291,1.11307745E-4,17.913733,0.017281504,0.071451254,4.906936E-4,0.0042067016,0.0014644904,0.42289764,0.23878399,0.91663957,0.010041683,0.06801489,0.023679635,0.07767171,0.014456941,null,null,null,null,"TWOGAUSSIANS",8,14.834329,0.07144125,4.8433838E-4,0.023557529,0.0082011465,0.4287229,0.2400734,0.91663957,0.010041683,0.3808834,0.122459635,0.07767171,0.014456941
375316653866487564,3137662661309053568,0.45741782,2006.3394925505434,0.4520096536674534,4.9006874E-5,17.420643,0.0029056869,0.39531428,0.014135449,0.020311078,0.008574234,0.21280915,0.5363012,0.21361826,0.018118756,0.08122967,0.020111304,0.020872576,0.0057353154,null,null,null,null,"TWOGAUSSIANS",8,8.527933,0.39522427,0.014210421,0.11374204,0.048015714,0.21452175,0.5360854,0.21361826,0.018118756,0.4,0.0,0.020872576,0.0057353163
