Gaia/vari_eclipsing_binary/VariEclipsingBinary_484913-484926.csv
# %ECSV 1.0
# ---
# delimiter: ','
# meta: !!omap
# - RELEASE: Gaia DR3
# - TABLE: vari_eclipsing_binary
# - DESCRIPTION: >
#     This table describes the properties of the eclipsing binaries resulting from the variability analysis. 
# - CITATION: >
#     How to cite and acknowledge Gaia: 
#     https://gea.esac.esa.int/archive/documentation/credits.html 
# - KNOWN_ISSUES: >
#     Known issues: 
#     https://www.cosmos.esa.int/web/gaia-users/known-issues 
# - DOCUMENTATION: >
#     Tutorials and documentation: 
#     https://www.cosmos.esa.int/web/gaia-users/archive 
# datatype:
# - 
#   name: solution_id
#   datatype: int64
#   description: Solution Identifier
#   meta:
#     ucd: meta.version
# - 
#   name: source_id
#   datatype: int64
#   description: Unique source identifier
#   meta:
#     ucd: meta.id;meta.main
# - 
#   name: global_ranking
#   datatype: float32
#   description: Number between 0 (worst) and 1 (best)
#   meta:
#     ucd: stat.param
# - 
#   name: reference_time
#   datatype: float64
#   unit: d
#   description: Reference time used for the geometric model fit
#   meta:
#     ucd: time.epoch
# - 
#   name: frequency
#   datatype: float64
#   unit: d**-1
#   description: Frequency of geometric model of the eclipsing binary light curve
#   meta:
#     ucd: src.orbital
# - 
#   name: frequency_error
#   datatype: float32
#   unit: d**-1
#   description: "Uncertainty of \\texttt{frequency}"
#   meta:
#     ucd: stat.error
# - 
#   name: geom_model_reference_level
#   datatype: float32
#   unit: mag
#   description: Magnitude reference level of geometric model
#   meta:
#     ucd: phot.mag;em.opt
# - 
#   name: geom_model_reference_level_error
#   datatype: float32
#   unit: mag
#   description: "Uncertainty of \\texttt{geomModelReferenceLevel}"
#   meta:
#     ucd: stat.error;phot.mag;em.opt
# - 
#   name: geom_model_gaussian1_phase
#   datatype: float32
#   description: Phase of the Gaussian 1 component
#   meta:
#     ucd: time.phase
# - 
#   name: geom_model_gaussian1_phase_error
#   datatype: float32
#   description: "Uncertainty of \\texttt{geomModelGaussian1Phase}"
#   meta:
#     ucd: stat.error;time.phase
# - 
#   name: geom_model_gaussian1_sigma
#   datatype: float32
#   description: "Standard deviation [phase] of Gaussian 1 component"
#   meta:
#     ucd: stat.stdev
# - 
#   name: geom_model_gaussian1_sigma_error
#   datatype: float32
#   description: "Uncertainty of \\texttt{geomModelGaussian1Sigma}"
#   meta:
#     ucd: stat.error
# - 
#   name: geom_model_gaussian1_depth
#   datatype: float32
#   unit: mag
#   description: Magnitude depth of Gaussian 1 component
#   meta:
#     ucd: src.var.amplitude
# - 
#   name: geom_model_gaussian1_depth_error
#   datatype: float32
#   unit: mag
#   description: "Uncertainty of \\texttt{geomModelGaussian1Depth}"
#   meta:
#     ucd: stat.error;src.var.amplitude
# - 
#   name: geom_model_gaussian2_phase
#   datatype: float32
#   description: Phase of Gaussian 2 component
#   meta:
#     ucd: time.phase
# - 
#   name: geom_model_gaussian2_phase_error
#   datatype: float32
#   description: "Uncertainty of \\texttt{geomModelGaussian2Phase}"
#   meta:
#     ucd: stat.error;time.phase
# - 
#   name: geom_model_gaussian2_sigma
#   datatype: float32
[...]
#   datatype: float32
#   description: "Secondary eclipse: uncertainty of \\texttt{derivedSecondaryEclDuration}"
#   meta:
#     ucd: stat.error;time.duration
# - 
#   name: derived_secondary_ecl_depth
#   datatype: float32
#   unit: mag
#   description: "Secondary eclipse: depth"
#   meta:
#     ucd: src.var.amplitude
# - 
#   name: derived_secondary_ecl_depth_error
#   datatype: float32
#   unit: mag
#   description: "Secondary eclipse: uncertainty of \\texttt{derivedSecondaryEclDepth}"
#   meta:
#     ucd: stat.error;src.var.amplitude
solution_id,source_id,global_ranking,reference_time,frequency,frequency_error,geom_model_reference_level,geom_model_reference_level_error,geom_model_gaussian1_phase,geom_model_gaussian1_phase_error,geom_model_gaussian1_sigma,geom_model_gaussian1_sigma_error,geom_model_gaussian1_depth,geom_model_gaussian1_depth_error,geom_model_gaussian2_phase,geom_model_gaussian2_phase_error,geom_model_gaussian2_sigma,geom_model_gaussian2_sigma_error,geom_model_gaussian2_depth,geom_model_gaussian2_depth_error,geom_model_cosine_half_period_amplitude,geom_model_cosine_half_period_amplitude_error,geom_model_cosine_half_period_phase,geom_model_cosine_half_period_phase_error,model_type,num_model_parameters,reduced_chi2,derived_primary_ecl_phase,derived_primary_ecl_phase_error,derived_primary_ecl_duration,derived_primary_ecl_duration_error,derived_primary_ecl_depth,derived_primary_ecl_depth_error,derived_secondary_ecl_phase,derived_secondary_ecl_phase_error,derived_secondary_ecl_duration,derived_secondary_ecl_duration_error,derived_secondary_ecl_depth,derived_secondary_ecl_depth_error
[from data line 188]
375316653866487564,4265393942316234240,0.49974188,2246.324289973903,3.997925945677852,2.4021238E-5,19.428232,0.66090184,0.33066952,0.019239645,0.12248434,0.05332672,0.8525461,0.614252,0.8053353,0.014459725,0.13963604,0.088804565,0.63434094,0.63515884,null,null,null,null,"TWOGAUSSIANS",8,4.904471,0.33126953,0.018104265,0.4,0.0,0.6614226,0.099352114,0.8053353,0.014459725,0.4,0.0,0.44126153,0.06680515
375316653866487564,4265393976597748096,0.474862,2317.2370223035055,0.4722857498789796,2.4699473E-5,19.204273,0.71269965,0.12360842,0.010511638,0.18917207,0.10468995,0.7933859,0.6980083,0.66820276,0.007834978,0.06554048,0.026145313,1.053239,0.38293782,null,null,null,null,"TWOGAUSSIANS",8,5.6742196,0.66974276,0.011174388,0.3670267,0.0987988,0.9593442,0.21087274,0.12360842,0.010511638,0.4,0.0,0.6428706,0.23521593
375316653866487564,4265394285898984832,0.74379647,2215.6064104944307,0.22596899627103986,3.7917132E-5,14.959293,6.6905806E-4,0.26330614,0.0096830195,0.029487047,0.00791393,0.53044355,0.18855387,0.77164114,0.013093135,0.028892064,0.0111982,0.006557362,7.0515124E-4,null,null,null,null,"TWOGAUSSIANS",8,3.0322404,0.26330614,0.0096830195,0.16512747,0.044318013,0.53044355,0.18855387,0.77164114,0.013093135,0.16179557,0.06270992,0.006557362,7.0515124E-4
375316653866487564,4265394766935409152,0.5877785,2201.6464656964176,2.713571866938652,6.931709E-6,17.128433,0.005268607,0.26129997,0.0032316314,0.09732393,0.005409312,0.17520657,0.007314456,0.75383353,0.0042459746,0.09052071,0.005199656,0.16743419,0.0058087483,null,null,null,null,"TWOGAUSSIANS",8,1.5078537,0.26129997,0.0032316314,0.4,0.0,0.16629404,0.0073582,0.75383353,0.0042459746,0.4,0.0,0.15852226,0.0035174596
375316653866487564,4265394938669460608,0.4645406,2268.722035188793,0.5109867392150069,1.06569E-4,19.585596,0.06963444,0.49497554,0.056888808,0.08150138,0.056206185,0.5225525,0.9401193,0.21603785,0.12992725,0.08673493,0.07230698,0.20048524,0.06734586,null,null,null,null,"TWOGAUSSIANS",8,6.505865,0.49442554,0.05518778,0.4,0.10887871,0.5236374,0.95764965,0.21863785,0.27909717,0.4,0.09208292,0.20199671,0.5398575
375316653866487564,4265395144828240384,0.56773263,2240.8314327441794,3.101824070540173,2.0886746E-5,19.54144,0.021380754,0.19388486,0.0030877455,0.07828707,0.006699339,0.35545662,0.0253325,0.6903631,0.006993444,0.07646555,0.007387507,0.5117729,0.029863326,null,null,null,null,"TWOGAUSSIANS",8,1.5967734,0.6903631,0.006993444,0.4,0.0014775556,0.50750405,0.028216878,0.19388486,0.0030877455,0.4,0.0,0.3511878,0.023921423
375316653866487564,4265395179188028672,0.5572587,2211.9857442968723,1.111947423525697,5.148778E-5,18.993351,0.008614597,0.2085307,0.0073538665,0.04350869,0.007288283,0.34592864,0.026803141,0.7317042,0.018968593,0.06604411,0.0243744,0.15089454,0.07503428,null,null,null,null,"TWOGAUSSIANS",8,1.1698731,0.2085307,0.0073538665,0.24364865,0.040814385,0.3459241,0.026795316,0.7317042,0.018968593,0.36984697,0.07859515,0.15089,0.07512122
375316653866487564,4265395179266898560,0.5388786,2164.3634440362002,2.978705172889799,1.2138998E-5,18.8062,0.041943192,0.31143683,0.004731591,0.071065314,0.011710037,0.47713462,0.05894279,0.8243607,0.014179941,0.08622576,0.02743511,0.34852087,0.051331174,null,null,null,null,"TWOGAUSSIANS",8,4.898818,0.31143683,0.004731591,0.39796576,0.03243021,0.47322336,0.05970561,0.8243607,0.014179941,0.4,0.0,0.34460956,0.058622006
375316653866487564,4265396274374198784,0.5358881,2233.874138054173,1.3543195194007087,2.6051435E-5,18.615322,0.0070926785,0.16258706,5.2205665E-4,0.02432856,8.2774577E-4,0.41577014,0.008384827,0.6717041,0.03176929,0.027113644,0.022457082,0.43271935,0.28554097,null,null,null,null,"TWOGAUSSIANS",8,4.8340044,0.6717041,0.03176929,0.15183641,0.12575966,0.43271935,0.28554097,0.16258706,5.2205665E-4,0.13623993,0.0046353764,0.41577014,0.008384827
375316653866487564,4265396514892443392,0.5454681,2186.1300724849207,0.2928894011979732,4.489565E-5,17.486351,0.008536372,0.47461,0.025810022,0.035204522,0.021198623,1.3929056,1.2103943,0.7242454,0.029021414,0.010399622,0.019333716,0.08797877,0.6579174,0.014211683,0.011186232,0.7242454,0.029021414,"TWOGAUSSIANS_WITH_ELLIPSOIDAL_ON_ECLIPSE2",9,19.281927,0.47461,0.026014477,0.19714531,0.11871229,1.3929056,1.2101219,0.7242454,0.029021414,0.058237884,0.10826882,0.11640205,0.67495555
375316653866487564,4265396691016934016,0.51829183,2241.8911051753103,2.468227651628494,2.7631955E-5,19.642143,0.023207003,0.28027856,0.051469687,0.07891406,0.040493276,0.47743353,0.14461228,0.7655397,0.00474375,0.07719412,0.007284263,0.43594036,0.08407987,null,null,null,null,"TWOGAUSSIANS",8,2.6671414,0.28027856,0.051469687,0.4,0.0,0.47345725,0.15052794,0.7655397,0.00474375,0.4,0.0,0.43196407,0.08363063
375316653866487564,4265397030285181952,0.7899982,2180.688331226548,0.5698125837776845,8.989271E-5,14.475149,8.484245E-4,0.31007105,8.701668E-5,0.041223854,1.5453977E-4,0.58701915,0.0010443152,0.53198737,0.036057707,0.090329796,0.033998016,0.0065472624,0.0011429171,null,null,null,null,"TWOGAUSSIANS",8,4.216865,0.31010103,4.4165383E-5,0.23085359,8.6542265E-4,0.58733946,8.849674E-4,0.53198737,0.036057707,0.4,0.0068096453,0.0065475586,0.0011424966
375316653866487564,4265397309555773824,0.6092251,2163.844309122026,0.8720541954403618,9.048095E-6,17.49695,0.004510752,0.24227817,0.0016517576,0.049060117,0.0016115496,0.5062376,0.009848748,0.73570806,0.01983522,0.047359012,0.013723242,0.63645405,0.7490476,null,null,null,null,"TWOGAUSSIANS",8,8.480726,0.73570806,0.01983522,0.26521048,0.07685015,0.63645285,0.7490486,0.24227817,0.0016517576,0.27473667,0.009024678,0.5062365,0.009848709
375316653866487564,4265397515645102720,0.6297091,2196.5508352261872,0.45660936403502317,5.225768E-6,18.531918,0.0047090263,0.37714252,0.0010980831,0.021333551,0.0019333437,0.50967634,0.028976064,0.8765095,1.7061019E-4,0.020483814,6.6130323E-4,0.55472237,0.01115295,null,null,null,null,"TWOGAUSSIANS",8,2.3626065,0.8765095,1.7061019E-4,0.11470936,0.003703298,0.55472237,0.01115295,0.37714252,0.0010980831,0.11946789,0.010826725,0.50967634,0.028976064
375316653866487564,4265397790592442112,0.5700402,2238.7116733919693,2.417402814251772,1.2301244E-5,16.804085,0.0038317128,0.23153874,0.0031179227,0.0280317,0.0050695874,0.06877046,0.024653532,null,null,null,null,null,null,0.1007214,0.007091384,0.23153874,0.0031179227,"ONEGAUSSIAN_WITH_ELLIPSOIDAL",6,8.585011,0.23153874,0.0031179227,0.15697752,0.028389689,0.27021322,0.023703326,null,null,null,null,null,null
375316653866487564,4265398202840224512,0.5312299,2165.5081361989196,2.207173203312624,3.2259024E-5,19.075706,0.019122513,0.31054035,0.005356055,0.07396996,0.0076136896,0.61432433,0.032957263,0.8214396,0.0028553328,0.058840346,0.004351899,0.8198423,0.08001688,null,null,null,null,"TWOGAUSSIANS",8,11.615203,0.8214396,0.0028553328,0.32950592,0.024370633,0.81899554,0.080363266,0.31054035,0.005356055,0.4,0.023083596,0.6134776,0.033077966
375316653866487564,4265398271559426048,0.5877183,2228.2635739216225,2.8085516507435995,1.3429713E-5,18.713018,0.005062526,0.3216399,0.002954149,0.0741136,0.0042073634,0.63931763,0.09242778,0.85055727,0.0037487205,0.08359205,0.003497163,0.31309098,0.009867468,null,null,null,null,"TWOGAUSSIANS",8,1.246059,0.3216399,0.002954149,0.4,0.0,0.636188,0.09337805,0.85055727,0.0037487205,0.4,0.0,0.30996132,0.009384906
375316653866487564,4265398340279162752,0.50601476,2244.642230491229,0.9983196901342256,7.5596225E-5,19.238733,0.019808993,0.20609118,0.0025820453,0.022597376,0.0027159401,0.28853697,0.05220273,0.6254564,0.047015347,0.094467066,0.09898368,0.067446835,0.016865902,null,null,null,null,"TWOGAUSSIANS",8,2.8467793,0.20609118,0.0025723476,0.12654531,0.015209264,0.28853986,0.05211529,0.6254564,0.047015347,0.4,0.0,0.06744619,0.010227504
375316653866487564,4265398546437899776,0.52349263,2297.7300130886942,2.5593254004905006,1.7233364E-5,19.39281,0.007259695,0.295555,0.009677663,0.071085475,0.01199926,0.18896265,0.023982633,0.6005301,0.049812187,0.08611619,0.024219697,0.04530079,0.03417111,null,null,null,null,"TWOGAUSSIANS",8,0.56123865,0.295645,0.009456592,0.39807865,0.033015806,0.18903883,0.024093335,0.6005301,0.049812187,0.4,0.0136877755,0.04531019,0.034174625
375316653866487564,4265398580866155520,0.47748026,2210.626374951686,2.4557926259532215,4.430339E-5,17.2985,0.6152736,0.26795003,0.02434274,0.115517445,0.05395674,0.32996258,0.19621176,0.76891154,0.0072454154,0.28164756,0.18767633,0.5731821,0.6074889,null,null,null,null,"TWOGAUSSIANS",8,13.649414,0.76892155,0.0072824513,0.4,0.0,0.15185927,0.01822864,0.26761,0.025325036,0.4,0.05040181,0.14360861,0.024880322
375316653866487564,4265398713915720448,0.49873102,2210.762234872608,3.0997721438993184,3.833727E-5,18.221079,0.006460391,0.17967011,0.025021052,0.043716416,0.024630778,0.14385395,0.17857347,0.7460661,0.006920609,0.06978081,0.007336316,0.12974098,0.008353012,null,null,null,null,"TWOGAUSSIANS",8,3.9862404,0.17967011,0.025021052,0.24481192,0.13793235,0.14385292,0.17857485,0.7460661,0.006920609,0.39077255,0.032884676,0.12973996,0.008352234
375316653866487564,4265399229311697408,0.48769385,2224.978748561528,1.209282002800711,4.578778E-5,19.21306,0.08958406,0.22075853,0.017640412,0.12193307,0.044540092,0.23046413,0.086685635,0.73390573,0.017496658,0.106634945,0.03382228,0.29634762,0.08162585,null,null,null,null,"TWOGAUSSIANS",8,2.630666,0.7339657,0.017497228,0.4,0.0,0.2550455,0.055012275,0.22073852,0.0176231,0.4,0.0,0.18906114,0.027750613
375316653866487564,4265399298031229824,0.54983205,2262.0000948889215,4.001697543000001,2.920114E-4,18.50026,0.00739261,0.3155575,0.02776478,0.043014754,0.028283607,1.316921,1.5490026,0.7003045,0.056052543,0.11821504,0.046945754,0.024445517,0.008695042,null,null,null,null,"TWOGAUSSIANS",8,1.2071744,0.3155575,0.027772773,0.24088262,0.1583882,1.3169687,1.5493281,0.7003045,0.056052543,0.4,0.0,0.024370715,0.008311365
375316653866487564,4265399405436831872,0.5469421,2224.7029465306823,1.5889181422073775,1.9608959E-5,18.807863,0.023998313,0.19338578,0.004254902,0.091070324,0.0127095105,0.2211006,0.019826222,0.71106136,0.008207781,0.11256473,0.022427816,0.1425461,0.024374463,null,null,null,null,"TWOGAUSSIANS",8,1.1721776,0.19336577,0.004282669,0.4,0.0,0.20761728,0.008792252,0.71106136,0.00820865,0.4,0.0,0.12904465,0.02156716
375316653866487564,4265399474219605120,0.5793716,2193.2428766792796,0.3996861892813155,6.905294E-5,17.150671,0.029223748,0.23800215,0.037636913,0.030246869,0.027475193,1.2789097,null,null,null,null,null,null,null,0.03196369,0.031291295,0.23800215,0.037636913,"ONEGAUSSIAN_WITH_ELLIPSOIDAL",6,13.084787,0.23800215,0.037636913,0.16938247,0.15386108,1.3428371,null,null,null,null,null,null,null
375316653866487564,4265400230073238912,0.5763223,2230.626029677692,2.3315381638767554,9.516017E-6,17.94884,0.015140013,0.24192122,0.019061364,0.082317285,0.016026001,0.49448457,0.12250183,0.741828,0.0036180462,0.08002342,0.005652115,0.49323878,0.024236398,null,null,null,null,"TWOGAUSSIANS",8,8.988249,0.24192122,0.019061364,0.4,0.020495981,0.48589486,0.12582672,0.741828,0.0036180462,0.4,0.0,0.4846491,0.02575058
375316653866487564,4265400298853399168,0.6244873,2218.2257176506,2.536086562936458,9.0097155E-6,16.726486,0.005883453,0.21536614,0.0031014765,0.088973075,0.0044345115,0.2388753,0.0061345114,0.717211,0.0031368018,0.09037208,0.004861503,0.24211149,0.016415576,null,null,null,null,"TWOGAUSSIANS",8,2.7948842,0.717211,0.0031368018,0.4,0.0,0.23252021,0.017390845,0.21536614,0.0031014765,0.4,0.0,0.22928405,0.00384555
375316653866487564,4265400466259367424,0.52777004,2226.348060846433,1.0963638949990628,3.1076306E-5,16.378635,0.021338644,0.29657465,0.011074321,0.07011029,0.016920779,0.14695762,0.0650403,0.7987664,0.016891059,0.04917119,0.06476339,0.8584904,0.80943036,null,null,null,null,"TWOGAUSSIANS",8,22.95864,0.7987664,0.016891059,0.27535868,0.13297471,0.8584082,0.8173374,0.29657465,0.011073802,0.3926176,0.051969234,0.14687546,0.06400328
375316653866487564,4265400741137832960,0.74626994,2242.5908000565655,1.9187273680228607,3.338234E-6,16.971088,0.0070350543,0.29653445,0.0016463175,0.054233223,0.0039974987,0.35658184,0.017862206,0.7926929,0.0014599272,0.053544026,0.0023940783,0.253591,0.016839167,0.07901233,0.009973249,0.29653445,0.0016463175,"TWOGAUSSIANS_WITH_ELLIPSOIDAL_ON_ECLIPSE1",9,1.4867048,0.29653445,0.0016463175,0.30370605,0.022385994,0.5145932,0.006570021,0.7931629,0.0012000367,0.29984656,0.013406838,0.4115217,0.004586672
375316653866487564,4265400882906353920,0.4505768,2230.4599716017115,1.0877787613048808,1.2370224E-4,18.949469,0.0059230784,0.28058225,0.045623794,0.065542854,0.027843473,0.11074816,0.043862954,0.7474437,7.938273E-4,0.03169002,0.0017647574,0.30080962,0.027049888,null,null,null,null,"TWOGAUSSIANS",8,2.6667366,0.7474437,7.938273E-4,0.1774641,0.009882642,0.30080953,0.027053287,0.28058225,0.045623794,0.36703998,0.08350503,0.110748075,0.04388228
375316653866487564,4265400981669613440,0.531534,2224.9080140006668,1.055920198594162,2.0279429E-5,18.160387,0.018180303,0.22205612,0.0029962326,0.053383343,0.0047532003,0.36148885,0.046146203,0.7903773,0.016016046,0.24199753,0.06252176,0.05067345,0.018417062,null,null,null,null,"TWOGAUSSIANS",8,1.3419269,0.22169612,0.0031401452,0.2989467,0.026617924,0.35774946,0.048080552,0.7903773,0.016016046,0.4,0.0,0.033407785,0.005320664
375316653866487564,4265401501390797056,0.5395457,2250.2448513010027,2.6615402619913158,3.0244475E-5,19.318811,0.025324995,0.23372298,0.0061641503,0.05654063,0.009520418,0.50185686,0.06276735,0.7353832,0.006656485,0.06681576,0.006262143,0.49586853,0.044667054,null,null,null,null,"TWOGAUSSIANS",8,8.347796,0.23372298,0.0061641503,0.31662753,0.05331434,0.5016022,0.06293011,0.7353832,0.006656485,0.37416825,0.035068,0.49561384,0.04449218
375316653866487564,4265401531421140352,0.53822136,2228.652634723711,1.2956242410503434,3.909637E-5,18.371347,0.018565793,0.29343724,0.039998524,0.106670745,0.043200362,0.09481976,0.020107383,0.723586,0.0033918147,0.042982034,0.0051906356,0.4992425,0.07142764,null,null,null,null,"TWOGAUSSIANS",8,8.468934,0.723586,0.0033918147,0.24069938,0.02906756,0.4990817,0.07156222,0.29343724,0.039998524,0.4,0.0,0.09463096,0.020058738
375316653866487564,4265402016850375552,0.4343979,2275.752921814796,1.0217486722364197,3.5851655E-5,19.81231,0.03530557,0.35183212,0.0064852475,0.06761482,0.0326771,0.08377463,0.056051567,null,null,null,null,null,null,0.10582304,0.064443305,0.35183212,0.0064852475,"ONEGAUSSIAN_WITH_ELLIPSOIDAL",6,2.7662096,0.35183212,0.0064852475,0.378643,0.11506208,0.29532972,0.08431422,null,null,null,null,null,null
375316653866487564,4265402321695172864,0.40230462,2262.21629612135,0.437175308759339,4.401445E-5,18.79536,0.04505608,null,null,null,null,null,null,null,null,null,null,null,null,0.08256095,0.06779553,0.31630823,0.013669648,"ELLIPSOIDAL",4,30.996817,null,null,null,null,null,null,null,null,null,null,null,null
375316653866487564,4265402360442568448,0.6807965,2269.902196501815,0.5052998449962246,1.5832951E-6,15.740873,0.00105357,0.25232437,1.0344885E-4,0.018352434,1.9401552E-4,0.2353865,0.0010020677,0.7531601,0.016033234,0.015076511,0.0045909304,0.6500734,0.42972162,null,null,null,null,"TWOGAUSSIANS",8,4.127107,0.7531601,0.016033234,0.08442846,0.025709212,0.6500734,0.42972162,0.25232437,1.0344885E-4,0.10277363,0.001086487,0.2353865,0.0010020677
