Gaia/vari_eclipsing_binary/VariEclipsingBinary_667130-667158.csv
# %ECSV 1.0
# ---
# delimiter: ','
# meta: !!omap
# - RELEASE: Gaia DR3
# - TABLE: vari_eclipsing_binary
# - DESCRIPTION: >
#     This table describes the properties of the eclipsing binaries resulting from the variability analysis. 
# - CITATION: >
#     How to cite and acknowledge Gaia: 
#     https://gea.esac.esa.int/archive/documentation/credits.html 
# - KNOWN_ISSUES: >
#     Known issues: 
#     https://www.cosmos.esa.int/web/gaia-users/known-issues 
# - DOCUMENTATION: >
#     Tutorials and documentation: 
#     https://www.cosmos.esa.int/web/gaia-users/archive 
# datatype:
# - 
#   name: solution_id
#   datatype: int64
#   description: Solution Identifier
#   meta:
#     ucd: meta.version
# - 
#   name: source_id
#   datatype: int64
#   description: Unique source identifier
#   meta:
#     ucd: meta.id;meta.main
# - 
#   name: global_ranking
#   datatype: float32
#   description: Number between 0 (worst) and 1 (best)
#   meta:
#     ucd: stat.param
# - 
#   name: reference_time
#   datatype: float64
#   unit: d
#   description: Reference time used for the geometric model fit
#   meta:
#     ucd: time.epoch
# - 
#   name: frequency
#   datatype: float64
#   unit: d**-1
#   description: Frequency of geometric model of the eclipsing binary light curve
#   meta:
#     ucd: src.orbital
# - 
#   name: frequency_error
#   datatype: float32
#   unit: d**-1
#   description: "Uncertainty of \\texttt{frequency}"
#   meta:
#     ucd: stat.error
# - 
#   name: geom_model_reference_level
#   datatype: float32
#   unit: mag
#   description: Magnitude reference level of geometric model
#   meta:
#     ucd: phot.mag;em.opt
# - 
#   name: geom_model_reference_level_error
#   datatype: float32
#   unit: mag
#   description: "Uncertainty of \\texttt{geomModelReferenceLevel}"
#   meta:
#     ucd: stat.error;phot.mag;em.opt
# - 
#   name: geom_model_gaussian1_phase
#   datatype: float32
#   description: Phase of the Gaussian 1 component
#   meta:
#     ucd: time.phase
# - 
#   name: geom_model_gaussian1_phase_error
#   datatype: float32
#   description: "Uncertainty of \\texttt{geomModelGaussian1Phase}"
#   meta:
#     ucd: stat.error;time.phase
# - 
#   name: geom_model_gaussian1_sigma
#   datatype: float32
#   description: "Standard deviation [phase] of Gaussian 1 component"
#   meta:
#     ucd: stat.stdev
# - 
#   name: geom_model_gaussian1_sigma_error
#   datatype: float32
#   description: "Uncertainty of \\texttt{geomModelGaussian1Sigma}"
#   meta:
#     ucd: stat.error
# - 
#   name: geom_model_gaussian1_depth
#   datatype: float32
#   unit: mag
#   description: Magnitude depth of Gaussian 1 component
#   meta:
#     ucd: src.var.amplitude
# - 
#   name: geom_model_gaussian1_depth_error
#   datatype: float32
#   unit: mag
#   description: "Uncertainty of \\texttt{geomModelGaussian1Depth}"
#   meta:
#     ucd: stat.error;src.var.amplitude
# - 
#   name: geom_model_gaussian2_phase
#   datatype: float32
#   description: Phase of Gaussian 2 component
#   meta:
#     ucd: time.phase
# - 
#   name: geom_model_gaussian2_phase_error
#   datatype: float32
#   description: "Uncertainty of \\texttt{geomModelGaussian2Phase}"
#   meta:
#     ucd: stat.error;time.phase
# - 
#   name: geom_model_gaussian2_sigma
#   datatype: float32
[...]
#   datatype: float32
#   description: "Secondary eclipse: uncertainty of \\texttt{derivedSecondaryEclDuration}"
#   meta:
#     ucd: stat.error;time.duration
# - 
#   name: derived_secondary_ecl_depth
#   datatype: float32
#   unit: mag
#   description: "Secondary eclipse: depth"
#   meta:
#     ucd: src.var.amplitude
# - 
#   name: derived_secondary_ecl_depth_error
#   datatype: float32
#   unit: mag
#   description: "Secondary eclipse: uncertainty of \\texttt{derivedSecondaryEclDepth}"
#   meta:
#     ucd: stat.error;src.var.amplitude
solution_id,source_id,global_ranking,reference_time,frequency,frequency_error,geom_model_reference_level,geom_model_reference_level_error,geom_model_gaussian1_phase,geom_model_gaussian1_phase_error,geom_model_gaussian1_sigma,geom_model_gaussian1_sigma_error,geom_model_gaussian1_depth,geom_model_gaussian1_depth_error,geom_model_gaussian2_phase,geom_model_gaussian2_phase_error,geom_model_gaussian2_sigma,geom_model_gaussian2_sigma_error,geom_model_gaussian2_depth,geom_model_gaussian2_depth_error,geom_model_cosine_half_period_amplitude,geom_model_cosine_half_period_amplitude_error,geom_model_cosine_half_period_phase,geom_model_cosine_half_period_phase_error,model_type,num_model_parameters,reduced_chi2,derived_primary_ecl_phase,derived_primary_ecl_phase_error,derived_primary_ecl_duration,derived_primary_ecl_duration_error,derived_primary_ecl_depth,derived_primary_ecl_depth_error,derived_secondary_ecl_phase,derived_secondary_ecl_phase_error,derived_secondary_ecl_duration,derived_secondary_ecl_duration_error,derived_secondary_ecl_depth,derived_secondary_ecl_depth_error
375316653866487564,5868137709705373440,0.54718614,2210.3332325296515,2.558465817869549,1.4311216E-5,18.68857,0.010627661,0.27545723,0.0030080723,0.07774832,0.004091359,0.66336316,0.029531863,0.7861011,0.004153752,0.074683055,0.003699654,0.38115376,0.02286301,null,null,null,null,"TWOGAUSSIANS",8,6.6285915,0.27545723,0.0030080723,0.4,0.0,0.65967786,0.029937029,0.7861011,0.004153752,0.4,0.0,0.37746844,0.022756353
375316653866487564,5868138504321363712,0.609859,2235.416054439653,1.4642160562037883,6.983213E-6,14.694939,0.019250197,0.28561607,0.0024500391,0.114246294,0.010085878,0.15948021,0.018647274,0.7910766,0.0024812375,0.122150965,0.015719851,0.13362385,0.016378935,null,null,null,null,"TWOGAUSSIANS",8,9.035816,0.28558606,0.0024463509,0.4,0.0,0.13002111,0.0020491793,0.7910966,0.0024804247,0.4,0.0,0.104124874,0.006732602
375316653866487564,5868138538661901568,0.5118568,2179.045262453376,2.7799419840401396,1.0999479E-5,19.821978,0.011966926,0.2695434,0.003075524,0.06874141,0.0053144097,0.57294834,0.065758295,0.77351856,0.0029040491,0.06641887,0.00460388,0.734486,0.070237085,null,null,null,null,"TWOGAUSSIANS",8,2.5793676,0.77351856,0.0029040491,0.3719457,0.025781726,0.73324776,0.070754856,0.2695434,0.003075524,0.3849519,0.029029137,0.57171017,0.06620385
375316653866487564,5868139225875875968,0.650653,2195.8769418898087,0.7255252114574301,2.8033114E-6,16.178705,0.0023469713,0.24504592,6.163323E-4,0.049556196,9.261585E-4,0.32817662,0.005919881,0.7558912,0.0075426036,0.034697644,0.008262491,0.08473568,0.056838986,0.041286737,0.0036246765,0.24504592,6.163323E-4,"TWOGAUSSIANS_WITH_ELLIPSOIDAL_ON_ECLIPSE1",9,5.286089,0.24504592,6.163323E-4,0.2775147,0.005186488,0.4107491,0.0038106367,0.7558912,0.0075426036,0.1943068,0.04626995,0.16692534,0.05728517
375316653866487564,5868139397674586496,0.4975005,2208.638096639189,2.6422392077150723,3.184599E-5,18.021101,0.30458972,0.23448253,0.00655444,0.15657441,0.08701854,0.26865843,0.29781282,0.7394739,0.0058236015,0.12541257,0.040773485,0.27701926,0.25316644,null,null,null,null,"TWOGAUSSIANS",8,6.6026664,0.73985386,0.005473186,0.4,0.0,0.17177829,0.010702733,0.23439252,0.0065314835,0.4,0.0,0.16031942,0.013146709
375316653866487564,5868139908729297152,0.46019194,2152.7533798012673,0.18174196878678733,4.0997664E-5,19.305338,0.10654465,0.1823277,0.013167531,0.050243706,0.037620354,0.18346323,0.069176815,0.6651664,0.042127825,0.048933014,0.16608833,0.6329036,0.69537324,null,null,null,null,"TWOGAUSSIANS",8,4.6629834,0.6651664,0.042127825,0.27402487,0.17181164,0.63290274,0.7481466,0.1823277,0.012813916,0.28136477,0.1582747,0.1834624,0.024714846
375316653866487564,5868140772044282368,0.46818525,2150.00986161335,2.9290051321790855,2.9664785E-5,19.606876,0.023208067,0.25950122,0.0072216876,0.1142928,0.017389057,0.21597825,0.025356857,0.7446326,0.006468486,0.07819029,0.012388863,0.1940092,0.022385936,null,null,null,null,"TWOGAUSSIANS",8,1.6164175,0.25950122,0.0072216876,0.4,0.0,0.20464025,0.02207664,0.7446326,0.006468486,0.4,0.0,0.1827061,0.01727037
375316653866487564,5868141356159960192,0.533006,2146.8389690562153,3.0321276659785537,1.401481E-5,19.735992,0.011075837,0.1927106,0.0037819962,0.0695938,0.004336395,0.40749937,0.0189159,0.6949402,0.0025411807,0.0689308,0.006990178,0.4884886,0.03939155,null,null,null,null,"TWOGAUSSIANS",8,2.1258476,0.6949402,0.0025411807,0.38601246,0.027427007,0.4872415,0.04022307,0.1927106,0.0037819962,0.38972527,0.024283811,0.40625224,0.018707158
375316653866487564,5868142043374218368,0.5619617,2188.219458737624,2.7762404193121983,1.8191398E-5,17.771814,0.0088341655,0.26317823,0.002560003,0.074658535,0.0032469253,0.46910954,0.02094389,0.77013075,0.0048658834,0.07303402,0.005394582,0.39045906,0.017046323,null,null,null,null,"TWOGAUSSIANS",8,13.060243,0.26317823,0.002560003,0.4,0.0,0.46674183,0.02105557,0.77013075,0.0048658834,0.4,0.015203989,0.38809133,0.017375434
375316653866487564,5868142176490856576,0.52585894,2178.066107033805,3.581359992649778,1.3378409E-5,19.196896,0.023374654,0.27016056,0.008727294,0.08755212,0.013531445,0.30542105,0.023807898,0.76830274,0.0077276286,0.08400805,0.010315707,0.3334221,0.025418906,null,null,null,null,"TWOGAUSSIANS",8,2.7739856,0.76830274,0.0077276286,0.4,0.0,0.3245869,0.020358602,0.27016056,0.008727294,0.4,0.0,0.2965858,0.02006777
375316653866487564,5868142593130284800,0.465246,2203.3800346980684,3.407612916200049,1.7697748E-5,19.1096,0.0232774,0.23373272,0.007833569,0.07687752,0.010281656,0.45382324,0.04932562,0.71215796,0.0059467554,0.06484148,0.0117602395,0.51447487,0.097252615,null,null,null,null,"TWOGAUSSIANS",8,16.183409,0.71215796,0.0059467554,0.36311227,0.063102536,0.5133792,0.09867051,0.23373272,0.007833569,0.4,0.0,0.45272762,0.04947827
375316653866487564,5868142868008212608,0.5996957,2169.8748645473866,2.4947466536749023,8.354313E-6,15.580023,0.0061255507,0.3049758,0.0024899966,0.09207649,0.00367777,0.3490651,0.009944572,0.8059939,0.0016653318,0.09925238,0.0038390113,0.22911234,0.0062302556,null,null,null,null,"TWOGAUSSIANS",8,27.63114,0.3049758,0.0024899966,0.4,0.0,0.33097455,0.010550507,0.8059939,0.0016653318,0.4,0.0,0.21102065,0.0055378466
375316653866487564,5868143417744205184,0.5503193,2164.995878127796,3.427331965764741,5.905931E-6,19.757175,0.0076399934,0.2736383,0.0022233275,0.065767474,0.0029536611,0.53753775,0.024076972,0.7756242,0.0032253785,0.064657725,0.0044658775,0.49591708,0.054527923,null,null,null,null,"TWOGAUSSIANS",8,1.5787413,0.2736383,0.0022233275,0.36829785,0.016540501,0.53691065,0.02416606,0.7756242,0.0032253785,0.36208326,0.025008913,0.49528998,0.05478397
375316653866487564,5868143589562525824,0.5405063,2163.5224547444045,2.2178893830214106,9.115137E-6,14.446897,0.0068811364,0.2637271,0.0030699673,0.042376373,0.011782985,0.04117862,0.01512608,0.7739409,0.015468109,0.046258252,0.039300893,0.03482615,0.009223968,0.060563836,0.007037527,0.2637271,0.0030699673,"TWOGAUSSIANS_WITH_ELLIPSOIDAL_ON_ECLIPSE1",9,25.071558,0.2637271,0.0030699673,0.23730768,0.06598472,0.16230607,0.0069461507,0.7739409,0.013547256,0.25904623,0.15183727,0.15545543,0.008196703
375316653866487564,5868143967500183040,0.490805,2166.130726349789,1.6048792865702726,1.9806075E-5,19.654108,0.026076622,0.27698588,0.020421872,0.10302183,0.03430022,0.15112852,0.021848097,0.7528288,0.007394454,0.069197424,0.01098715,0.36701068,0.03230069,null,null,null,null,"TWOGAUSSIANS",8,2.6746633,0.7528288,0.007394454,0.38750556,0.047229685,0.36298534,0.029247621,0.27698588,0.020421872,0.4,0.0,0.1470993,0.017019294
375316653866487564,5868144272416641536,0.63311034,2196.2399425736885,1.8265241512221873,5.6556228E-6,17.602844,0.007813308,0.30633375,0.0013539124,0.050260447,0.0033434157,0.2586762,0.019572953,0.8053815,0.0027104197,0.052737284,0.0032652635,0.3046783,0.022601409,0.09603601,0.010736674,0.30633375,0.0013539124,"TWOGAUSSIANS_WITH_ELLIPSOIDAL_ON_ECLIPSE1",9,3.7719278,0.80550146,0.002437661,0.2953288,0.018285476,0.49673882,0.014867752,0.30633375,0.0013539124,0.2814585,0.018723127,0.45074278,0.011870962
375316653866487564,5868145032653033344,0.4217714,2198.2394395159777,1.924676816528206,5.6496756E-5,18.701,0.10698291,0.28109017,0.017481856,0.10768735,0.05129929,0.16199024,0.101595856,0.81100816,0.021132674,0.096847296,0.07353782,0.08984261,0.1019618,null,null,null,null,"TWOGAUSSIANS",8,7.40919,0.28109017,0.017323187,0.4,0.0,0.15350163,0.023335852,0.81105816,0.020897208,0.4,0.0,0.08136597,0.03923898
375316653866487564,5868145307549695616,0.6551748,2209.0775526161697,1.1553189933332053,4.581318E-6,16.043936,7.514047E-4,0.26462784,0.021189239,0.015630493,0.012433792,0.016785601,0.014499756,0.4621141,0.0046374765,0.044937354,0.0052827084,0.5505848,0.13549374,0.0010489102,0.0012781299,0.26462784,0.021189239,"TWOGAUSSIANS_WITH_ELLIPSOIDAL_ON_ECLIPSE1",9,2.7293878,0.4621141,0.0046374765,0.2516492,0.029583165,0.55080503,0.13548668,0.26467785,0.022097731,0.087530755,0.06962924,0.01891873,0.014680014
375316653866487564,5868145616768662656,0.5018646,2153.137895855239,3.089612899359428,1.5085997E-5,19.763004,0.017165378,0.26038775,0.0060146386,0.08399349,0.008896258,0.29797092,0.021425026,0.75421035,0.0033489843,0.09208214,0.006383537,0.32007086,0.018068999,null,null,null,null,"TWOGAUSSIANS",8,1.643175,0.75421035,0.0033489843,0.4,0.0,0.31015208,0.014584268,0.26038775,0.0060146386,0.4,0.0,0.28805238,0.019766929
375316653866487564,5868146853720908416,0.54792637,2187.7626628971,3.3046910984191467,9.0532085E-6,19.24711,0.010238926,0.16560997,0.0042604245,0.071082614,0.0046691247,0.49306375,0.016888207,0.6635577,0.005970362,0.07072709,0.004770563,0.54294467,0.036204144,null,null,null,null,"TWOGAUSSIANS",8,2.719098,0.6635577,0.005970362,0.39607167,0.017548826,0.540981,0.036219515,0.16560997,0.0042604245,0.39806265,0.019521436,0.49110007,0.016379222
375316653866487564,5868147880189719296,0.51716936,2167.375023471178,2.776316948194834,9.892661E-6,18.736046,0.020966014,0.23398282,0.00431166,0.08696494,0.009503117,0.26805887,0.019401798,0.74152136,0.0063178483,0.11245931,0.013452748,0.26243603,0.020965237,null,null,null,null,"TWOGAUSSIANS",8,2.5702198,0.23397282,0.0043109544,0.4,0.0,0.24751489,0.0136003075,0.74152136,0.0063178483,0.4,0.0,0.24186419,0.017615933
375316653866487564,5868148051990331392,0.5124597,2148.444975798356,0.6209589639576767,7.6308424E-5,19.046276,0.0044438974,0.2351516,0.015997835,0.042486735,0.010613037,0.07078404,0.030764062,0.7330616,0.024314193,0.03809937,0.012108149,0.3449693,0.063270845,null,null,null,null,"TWOGAUSSIANS",8,1.916873,0.7330616,0.024314193,0.21335647,0.06780563,0.3449693,0.0632708,0.2351516,0.015997835,0.23792571,0.059433006,0.07078404,0.030764064
375316653866487564,5868148155067802880,0.49116507,2132.297051448762,1.231401511798268,1.2470245E-5,19.189249,0.0079761585,0.20555684,0.0066742306,0.041321244,0.0063200193,0.23555933,0.0223094,0.72448546,0.021547046,0.04938724,0.016285695,0.09811106,0.015822027,null,null,null,null,"TWOGAUSSIANS",8,2.4933267,0.20555684,0.0066742306,0.23139897,0.03539211,0.2355593,0.022309477,0.72448546,0.021547046,0.27656853,0.09119989,0.09811104,0.01582131
375316653866487564,5868148709164039680,0.55655086,2141.38957884625,1.0025677123068704,1.4948265E-5,17.749832,0.01353459,0.1304738,0.003099238,0.10776477,0.010882188,0.1615821,0.011454537,0.61641276,0.0032217745,0.10193307,0.0050671943,0.26161277,0.014360174,null,null,null,null,"TWOGAUSSIANS",8,2.9632382,0.61641276,0.0032217745,0.4,0.0,0.2415342,0.008003444,0.13048379,0.003100688,0.4,0.0,0.14149928,0.009717253
375316653866487564,5868149430718619136,0.50144553,2159.949311806032,0.35740022893505485,6.937559E-5,16.631195,7.947956E-4,0.27681336,0.001965253,0.01260922,0.008567354,0.13948275,0.79932183,0.4447747,0.006403457,0.012534793,0.008045168,0.013993009,0.029592287,null,null,null,null,"TWOGAUSSIANS",8,2.5482748,0.27681336,0.001965253,0.07061163,0.047977183,0.13948275,0.79932183,0.4447747,0.006403457,0.07019484,0.04505294,0.013993009,0.029592287
375316653866487564,5868149636860019328,0.4476301,2155.14668641231,2.7556528492188606,2.989523E-5,19.320055,0.03407723,0.17962064,0.01390038,0.073996656,0.038492694,0.14828523,0.047124755,0.6846542,0.014709752,0.11801015,0.03911623,0.1636096,0.029251669,null,null,null,null,"TWOGAUSSIANS",8,3.381959,0.6846542,0.014709752,0.4,0.0,0.15398467,0.02156825,0.17961064,0.013905292,0.4,0.18111354,0.1387023,0.052452132
375316653866487564,5868149739956261632,0.48392275,2157.940380348764,1.9035188054458225,2.8541144E-5,19.331884,0.06724735,0.2719702,0.00772386,0.1186578,0.04236894,0.24438792,0.05156391,0.7897356,0.0055824313,0.10222462,0.02534389,0.20743293,0.061881986,null,null,null,null,"TWOGAUSSIANS",8,1.2937464,0.2719602,0.007736843,0.4,0.0,0.21543187,0.013344119,0.7898156,0.005544744,0.4,0.0,0.17855458,0.014131451
375316653866487564,5868149774299113728,0.5685015,2135.4779820206004,2.355616252200188,9.2667715E-6,19.160223,0.0125777135,0.28571844,0.0029143663,0.084197246,0.004849497,0.39020774,0.013795099,0.7809501,0.0029678831,0.08238072,0.0030669067,0.57657635,0.023144502,null,null,null,null,"TWOGAUSSIANS",8,2.8786063,0.7809501,0.0029678831,0.4,0.0,0.5670015,0.022260273,0.28571844,0.0029143663,0.4,0.0,0.3806329,0.012909235
375316653866487564,5868150014817537024,0.46539354,2153.959579516507,3.132706794363017,4.7678986E-5,19.863714,0.027712725,0.24966721,0.008684552,0.08446953,0.009987251,0.29281753,0.033686195,0.7741412,0.016452136,0.1018926,0.029937232,0.19430023,0.02905119,null,null,null,null,"TWOGAUSSIANS",8,2.6933506,0.24966721,0.008683642,0.4,0.0,0.2839958,0.026195593,0.7741412,0.016452136,0.4,0.0,0.18547457,0.027076552
375316653866487564,5868150117896769792,0.5501725,2168.6514286269335,2.1826611540835126,8.013255E-6,19.023779,0.008599309,0.26978382,0.0039972654,0.06773577,0.006595287,0.31919244,0.07613074,0.7721074,0.0018585433,0.060207717,0.0017710271,0.88748276,0.03632346,null,null,null,null,"TWOGAUSSIANS",8,4.301517,0.7721074,0.0018585433,0.3371632,0.009917752,0.8870243,0.036356058,0.26978382,0.0039972654,0.3793203,0.03693361,0.31873396,0.07635906
375316653866487564,5868150628969587328,0.56776816,2189.8038036726157,3.308875310423948,5.465462E-6,17.939648,0.0120587535,0.19200544,0.0019342368,0.094349794,0.0053834985,0.23286797,0.011216173,0.68720645,0.0029269427,0.0987575,0.006988247,0.2548312,0.011579954,null,null,null,null,"TWOGAUSSIANS",8,2.5862806,0.68720645,0.0029269427,0.4,0.0,0.23882927,0.009048931,0.19200544,0.0019342368,0.4,0.0,0.21686707,0.0067023053
375316653866487564,5868150770731269632,0.4696256,2176.2226285601505,1.2994358905749346,3.9090886E-5,19.351881,0.024209674,0.27344403,0.032105766,0.098363176,0.03931475,0.16312258,0.042587977,0.7700749,0.0067065996,0.0797713,0.015259869,0.22357687,0.018473169,null,null,null,null,"TWOGAUSSIANS",8,2.7677054,0.7700749,0.0067065996,0.4,0.0,0.21671546,0.011597203,0.27344403,0.032105766,0.4,0.04252985,0.15626033,0.04329402
375316653866487564,5868151492302964992,0.6521523,2172.5257250235377,1.4657364226641334,3.3577394E-6,15.205785,0.01572292,0.2759662,9.283486E-4,0.12319001,0.005185646,0.29131728,0.014771185,0.7835407,0.001255632,0.115278505,0.0058555203,0.2614378,0.0138064595,null,null,null,null,"TWOGAUSSIANS",8,7.453609,0.2759462,9.33645E-4,0.4,0.0,0.23399709,0.0019304078,0.78360075,0.0012712578,0.4,0.0,0.20423175,0.004748788
375316653866487564,5868151865919701760,0.46903083,2128.772756486538,2.6924983796506994,1.2882523E-5,19.723274,0.024525965,0.32897475,0.017409412,0.09126206,0.027866745,0.23295647,0.027069414,0.8296457,0.002689052,0.080274425,0.008682671,0.24232665,0.022402383,null,null,null,null,"TWOGAUSSIANS",8,1.9033445,0.8296457,0.0026866088,0.4,0.0,0.23563817,0.015207506,0.32897475,0.017409412,0.4,0.0,0.22626787,0.0314065
375316653866487564,5868151870243220864,0.53554654,2168.9711506671874,2.344976694417928,1.1034539E-5,18.14785,0.01161439,0.19517487,0.004964355,0.09622086,0.0068381145,0.2799831,0.0117823705,0.707662,0.0037091817,0.08915637,0.0071017044,0.20489892,0.012551439,null,null,null,null,"TWOGAUSSIANS",8,2.6229455,0.19517487,0.004964355,0.4,0.0,0.26944962,0.008354232,0.707662,0.0037091817,0.4,0.0,0.1943663,0.010761846
375316653866487564,5868151904619773312,0.49668592,2155.7464783550026,3.9163094659526925,1.6454927E-5,19.61409,0.042543434,0.31026673,0.004807613,0.100696415,0.01464749,0.376922,0.038571894,0.79057163,0.0058091907,0.10992418,0.01604731,0.28770563,0.03940474,null,null,null,null,"TWOGAUSSIANS",8,1.4007462,0.31028673,0.004795953,0.4,0.0,0.3458838,0.03725915,0.79057163,0.0058091907,0.4,0.0,0.25664777,0.011289698
375316653866487564,5868152385639582592,0.42160177,2161.9997462371866,0.24960517285045045,4.913305E-5,19.484852,0.044866093,0.22293505,0.018852495,0.123576745,0.036412764,0.16279492,0.045049284,0.7328853,0.008053617,0.028486703,0.012486747,0.4164066,0.15603867,null,null,null,null,"TWOGAUSSIANS",8,4.875937,0.7328853,0.008060367,0.15952553,0.06992578,0.4154063,0.1571506,0.22293505,0.018852495,0.4,0.0,0.1616993,0.04272907
