Gaia/vari_eclipsing_binary/VariEclipsingBinary_665996-666017.csv
# %ECSV 1.0
# ---
# delimiter: ','
# meta: !!omap
# - RELEASE: Gaia DR3
# - TABLE: vari_eclipsing_binary
# - DESCRIPTION: >
#     This table describes the properties of the eclipsing binaries resulting from the variability analysis. 
# - CITATION: >
#     How to cite and acknowledge Gaia: 
#     https://gea.esac.esa.int/archive/documentation/credits.html 
# - KNOWN_ISSUES: >
#     Known issues: 
#     https://www.cosmos.esa.int/web/gaia-users/known-issues 
# - DOCUMENTATION: >
#     Tutorials and documentation: 
#     https://www.cosmos.esa.int/web/gaia-users/archive 
# datatype:
# - 
#   name: solution_id
#   datatype: int64
#   description: Solution Identifier
#   meta:
#     ucd: meta.version
# - 
#   name: source_id
#   datatype: int64
#   description: Unique source identifier
#   meta:
#     ucd: meta.id;meta.main
# - 
#   name: global_ranking
#   datatype: float32
#   description: Number between 0 (worst) and 1 (best)
#   meta:
#     ucd: stat.param
# - 
#   name: reference_time
#   datatype: float64
#   unit: d
#   description: Reference time used for the geometric model fit
#   meta:
#     ucd: time.epoch
# - 
#   name: frequency
#   datatype: float64
#   unit: d**-1
#   description: Frequency of geometric model of the eclipsing binary light curve
#   meta:
#     ucd: src.orbital
# - 
#   name: frequency_error
#   datatype: float32
#   unit: d**-1
#   description: "Uncertainty of \\texttt{frequency}"
#   meta:
#     ucd: stat.error
# - 
#   name: geom_model_reference_level
#   datatype: float32
#   unit: mag
#   description: Magnitude reference level of geometric model
#   meta:
#     ucd: phot.mag;em.opt
# - 
#   name: geom_model_reference_level_error
#   datatype: float32
#   unit: mag
#   description: "Uncertainty of \\texttt{geomModelReferenceLevel}"
#   meta:
#     ucd: stat.error;phot.mag;em.opt
# - 
#   name: geom_model_gaussian1_phase
#   datatype: float32
#   description: Phase of the Gaussian 1 component
#   meta:
#     ucd: time.phase
# - 
#   name: geom_model_gaussian1_phase_error
#   datatype: float32
#   description: "Uncertainty of \\texttt{geomModelGaussian1Phase}"
#   meta:
#     ucd: stat.error;time.phase
# - 
#   name: geom_model_gaussian1_sigma
#   datatype: float32
#   description: "Standard deviation [phase] of Gaussian 1 component"
#   meta:
#     ucd: stat.stdev
# - 
#   name: geom_model_gaussian1_sigma_error
#   datatype: float32
#   description: "Uncertainty of \\texttt{geomModelGaussian1Sigma}"
#   meta:
#     ucd: stat.error
# - 
#   name: geom_model_gaussian1_depth
#   datatype: float32
#   unit: mag
#   description: Magnitude depth of Gaussian 1 component
#   meta:
#     ucd: src.var.amplitude
# - 
#   name: geom_model_gaussian1_depth_error
#   datatype: float32
#   unit: mag
#   description: "Uncertainty of \\texttt{geomModelGaussian1Depth}"
#   meta:
#     ucd: stat.error;src.var.amplitude
# - 
#   name: geom_model_gaussian2_phase
#   datatype: float32
#   description: Phase of Gaussian 2 component
#   meta:
#     ucd: time.phase
# - 
#   name: geom_model_gaussian2_phase_error
#   datatype: float32
#   description: "Uncertainty of \\texttt{geomModelGaussian2Phase}"
#   meta:
#     ucd: stat.error;time.phase
# - 
#   name: geom_model_gaussian2_sigma
#   datatype: float32
[...]
#   datatype: float32
#   description: "Secondary eclipse: uncertainty of \\texttt{derivedSecondaryEclDuration}"
#   meta:
#     ucd: stat.error;time.duration
# - 
#   name: derived_secondary_ecl_depth
#   datatype: float32
#   unit: mag
#   description: "Secondary eclipse: depth"
#   meta:
#     ucd: src.var.amplitude
# - 
#   name: derived_secondary_ecl_depth_error
#   datatype: float32
#   unit: mag
#   description: "Secondary eclipse: uncertainty of \\texttt{derivedSecondaryEclDepth}"
#   meta:
#     ucd: stat.error;src.var.amplitude
solution_id,source_id,global_ranking,reference_time,frequency,frequency_error,geom_model_reference_level,geom_model_reference_level_error,geom_model_gaussian1_phase,geom_model_gaussian1_phase_error,geom_model_gaussian1_sigma,geom_model_gaussian1_sigma_error,geom_model_gaussian1_depth,geom_model_gaussian1_depth_error,geom_model_gaussian2_phase,geom_model_gaussian2_phase_error,geom_model_gaussian2_sigma,geom_model_gaussian2_sigma_error,geom_model_gaussian2_depth,geom_model_gaussian2_depth_error,geom_model_cosine_half_period_amplitude,geom_model_cosine_half_period_amplitude_error,geom_model_cosine_half_period_phase,geom_model_cosine_half_period_phase_error,model_type,num_model_parameters,reduced_chi2,derived_primary_ecl_phase,derived_primary_ecl_phase_error,derived_primary_ecl_duration,derived_primary_ecl_duration_error,derived_primary_ecl_depth,derived_primary_ecl_depth_error,derived_secondary_ecl_phase,derived_secondary_ecl_phase_error,derived_secondary_ecl_duration,derived_secondary_ecl_duration_error,derived_secondary_ecl_depth,derived_secondary_ecl_depth_error
[from data line 147]
375316653866487564,5858204412440178176,0.5494131,2277.1669720568048,3.668835063552741,1.025111E-5,19.976118,0.004074667,0.110411845,0.037214402,0.00919755,0.0055246493,0.09939561,0.08822271,0.45232716,0.03346728,0.046159394,0.013073165,0.776442,0.34331122,null,null,null,null,"TWOGAUSSIANS",8,1.1464193,0.45232716,0.03346728,0.2584926,0.073209725,0.776442,0.34331122,0.110411845,0.037214402,0.051506277,0.030938035,0.09939561,0.08822271
375316653866487564,5858205030922437632,0.51517916,2250.6787238405896,3.197414778762527,2.1540105E-5,18.961058,0.009693858,0.2502426,0.0032576586,0.058713824,0.008246892,0.28624645,0.056559052,0.71615905,0.030040162,0.03822603,0.010761045,0.22017996,0.042536084,0.11898663,0.010736564,0.2502426,0.0032576586,"TWOGAUSSIANS_WITH_ELLIPSOIDAL_ON_ECLIPSE1",9,10.180756,0.2502426,0.0032576586,0.32879743,0.046182595,0.5241867,0.06485218,0.7198691,0.026908362,0.21406578,0.06026185,0.4485231,0.04534976
375316653866487564,5858205275712027648,0.44833696,2226.207205324482,0.6263180455312761,7.499266E-5,19.710869,0.005855637,0.51565385,0.011790871,0.058825053,0.014448168,0.19896047,0.04070878,null,null,null,null,null,null,null,null,null,null,"ONEGAUSSIAN",5,2.055261,0.51565385,0.011790871,0.3294203,0.08017402,0.19896047,0.0,null,null,null,null,null,null
375316653866487564,5858205413207637504,0.52830297,2254.5814284109047,1.2123943106404091,1.3675749E-5,16.407131,0.0019325202,0.1527429,0.01097838,0.033645008,0.012912722,0.01949925,0.0036596174,0.641709,0.0036223875,0.044846863,0.0054626665,0.12725765,0.0077994103,null,null,null,null,"TWOGAUSSIANS",8,7.078738,0.641709,0.0036223875,0.2511424,0.030590933,0.12725765,0.0077994103,0.1527429,0.01097838,0.18841204,0.072311245,0.01949925,0.0036596179
375316653866487564,5858205443233015552,0.49225444,2266.567619897632,3.2424467308485134,2.0022151E-5,19.674343,0.022470377,0.2141644,0.0057305107,0.07050536,0.0095067425,0.36396864,0.051095385,0.6907146,0.010034569,0.08237722,0.015152669,0.4126799,0.050975356,null,null,null,null,"TWOGAUSSIANS",8,3.1190012,0.6907146,0.010034569,0.4,0.011981978,0.41046858,0.052004226,0.2141644,0.0057305107,0.39483,0.046176612,0.3617573,0.051862407
375316653866487564,5858205649372162560,0.5972476,2245.466373744251,1.0843475051027336,6.0007596E-6,16.021322,0.002232636,0.2726845,0.0013259742,0.05615575,0.0019624794,0.09392386,0.0021271943,0.7747512,0.0022794902,0.050906043,0.003201432,0.35369667,0.031611513,null,null,null,null,"TWOGAUSSIANS",8,7.3659234,0.7747512,0.0022794902,0.28507385,0.01792802,0.35369083,0.031615898,0.2726845,0.0013259742,0.3144722,0.010989885,0.09391802,0.0021247782
375316653866487564,5858205894244073856,0.53095347,2233.3324670677785,1.0603313935934882,1.3115386E-5,16.3403,0.0035261735,0.2834797,0.005874511,0.044191297,0.0053460225,0.059766605,0.0058588525,0.7823901,0.015888592,0.03777389,0.015337854,0.3436835,0.073758334,null,null,null,null,"TWOGAUSSIANS",8,16.57029,0.7823901,0.015888592,0.21153377,0.08589198,0.3436835,0.07375861,0.2834797,0.005874511,0.24747126,0.029937726,0.059766605,0.0058587627
375316653866487564,5858205962906732288,0.5662958,2204.3347042268633,0.7542693711713846,9.752671E-6,19.829319,0.0046507632,0.32806456,0.02330773,0.028004253,0.011804721,0.4515292,0.23186748,0.83329654,0.0035196636,0.022830129,0.002524351,0.7203926,0.06813407,null,null,null,null,"TWOGAUSSIANS",8,0.98607045,0.83329654,0.0035196636,0.12784871,0.014136366,0.7203926,0.06813407,0.32806456,0.02330773,0.15682381,0.06610644,0.4515292,0.23186748
375316653866487564,5858206340864163584,0.4873709,2275.6608475088397,0.28790684125197785,2.620693E-4,18.800524,0.0072507295,0.21364598,2.2097614E-5,0.009268612,8.880064E-5,0.47370434,0.0028124813,0.5048009,0.045579985,0.15192126,0.06985543,0.025394773,0.010338014,null,null,null,null,"TWOGAUSSIANS",8,2.8540356,0.21365598,1.8638748E-5,0.051904224,4.972836E-4,0.4775267,0.0063554514,0.5048009,0.045579985,0.4,0.0,0.025169002,0.009918101
375316653866487564,5858206821904543744,0.5761611,2203.1448794641956,3.791653914943437,4.6053733E-6,19.110424,0.018978627,0.30224046,0.0015768774,0.038690034,0.0041730898,0.4405519,0.036099803,0.79973304,0.006302562,0.04687034,0.008219082,0.4653708,0.052478243,0.15552655,0.022917235,0.30224046,0.0015768774,"TWOGAUSSIANS_WITH_ELLIPSOIDAL_ON_ECLIPSE1",9,1.6950148,0.79999304,0.0058681783,0.2624739,0.04602686,0.776354,0.036546838,0.30224046,0.0015768774,0.2166642,0.023369303,0.7516043,0.028037751
375316653866487564,5858207096784361472,0.4756255,2239.140504288213,3.1297827479793647,2.2360273E-5,19.102423,0.09417295,0.29532373,0.0083653815,0.11235451,0.038313817,0.23940375,0.08755138,0.791924,0.00909205,0.107911766,0.03857019,0.23033278,0.08542699,null,null,null,null,"TWOGAUSSIANS",8,4.9189553,0.29532373,0.0083917985,0.4,0.0,0.2049247,0.018499091,0.791924,0.009086551,0.4,0.0,0.19586776,0.022002311
375316653866487564,5858207096835302912,0.4597359,2227.7658409303917,2.0736036051276416,3.7286616E-5,17.260086,0.013707855,0.11497277,0.047614098,0.05885999,0.075940736,0.018380405,0.013453238,0.61651236,0.01207445,0.09830153,0.028170293,0.06380889,0.011891791,null,null,null,null,"TWOGAUSSIANS",8,6.180052,0.61651236,0.01207445,0.4,0.0,0.06333552,0.006171158,0.11497277,0.04789024,0.32961592,0.15840992,0.017907351,0.007342493
375316653866487564,5858207577871710464,0.7374923,2245.010831750005,1.70018105556167,1.2410108E-6,14.326399,0.0021166806,0.30746973,4.13295E-4,0.050693985,7.9099974E-4,0.37415615,0.0045686364,0.80976576,4.4669674E-4,0.046935186,0.0024245917,0.09192627,0.0060934024,0.0772614,0.0027311293,0.80976576,4.4669674E-4,"TWOGAUSSIANS_WITH_ELLIPSOIDAL_ON_ECLIPSE2",9,10.096525,0.30764973,3.705631E-4,0.2838863,0.0044295983,0.52864736,0.00394674,0.80976576,4.4669674E-4,0.26283705,0.013577714,0.24644716,0.005737513
375316653866487564,5858207814059011200,0.53417075,2236.2731460645678,2.6412414943574123,1.5507821E-5,18.961666,0.0058309264,0.2734779,0.003398342,0.08682469,0.0053640855,0.25062257,0.018161487,0.79168135,0.0046745455,0.07356014,0.005761482,0.23676418,0.010361642,null,null,null,null,"TWOGAUSSIANS",8,2.0834687,0.2734779,0.003398342,0.4,0.0,0.24799056,0.018769702,0.79168135,0.0046745455,0.4,0.0061781593,0.23413223,0.01000028
375316653866487564,5858207848418895744,0.496222,2248.381917931695,3.275014418438404,1.2249185E-5,19.798685,0.02300323,0.24670982,0.015847208,0.059109356,0.011562057,0.6596852,0.14268784,0.7571968,0.008666495,0.06296122,0.009121633,0.46253097,0.05294684,null,null,null,null,"TWOGAUSSIANS",8,3.4113023,0.24670982,0.015847208,0.3310124,0.06474752,0.6595103,0.14270256,0.7571968,0.008666495,0.3525828,0.051081143,0.46235612,0.05296185
375316653866487564,5858207990188543744,0.5183555,2260.2388854757287,0.3186106273381308,2.0323108E-5,16.977743,0.0017294174,0.12778714,0.0012021291,0.013610918,9.959437E-4,0.1255561,0.006293962,0.3977958,1.6643759E-4,0.006861171,6.17863E-4,0.030995594,0.0026457582,null,null,null,null,"TWOGAUSSIANS",8,5.0033917,0.12778714,0.0012021291,0.076221146,0.0055772844,0.1255561,0.006293962,0.3977958,1.6643759E-4,0.03842256,0.0034600329,0.030995594,0.0026457582
375316653866487564,5858208265013820672,0.5648855,2256.1041556961477,3.861379135717841,6.3415187E-6,19.267328,0.007822371,0.25032473,0.001328527,0.06802436,0.0023833602,0.5958917,0.023803707,0.74495065,0.004315692,0.07166096,0.0047702636,0.53565896,0.03915033,null,null,null,null,"TWOGAUSSIANS",8,2.7575877,0.25032473,0.001328527,0.3809364,0.013346817,0.5942701,0.024048483,0.74495065,0.004315692,0.4,0.018216463,0.53403735,0.039488614
375316653866487564,5858208299426227840,0.5244905,2233.9784346146403,2.872338048928528,1.4512224E-5,17.620878,0.025300277,0.23441637,0.0035744845,0.10873733,0.007986962,0.3077803,0.024562826,0.7403327,0.005286766,0.10337495,0.011422842,0.26198637,0.02549381,null,null,null,null,"TWOGAUSSIANS",8,12.393967,0.23441637,0.0035739804,0.4,0.0,0.2747039,0.012397777,0.74034274,0.0052945856,0.4,0.0,0.2289217,0.014315197
375316653866487564,5858208329431810560,0.5978206,2261.3325238964885,2.7117035207716973,5.2240803E-6,17.008448,0.005601243,0.32405064,0.002290904,0.07965353,0.0026884305,0.44104794,0.009894918,0.8212,0.001768207,0.08097027,0.0020657943,0.40847734,0.008242442,null,null,null,null,"TWOGAUSSIANS",8,11.930726,0.32405064,0.002290904,0.4,0.0,0.43473145,0.009601743,0.8212,0.001768207,0.4,0.0,0.40216085,0.007835492
375316653866487564,5858208849129820160,0.44842544,2220.937087906626,1.5595462761557994,3.8217957E-5,18.928085,0.015345451,0.29638156,0.014474737,0.13891248,0.017720558,0.19732015,0.017394288,0.8567908,0.007985604,0.0624469,0.008950775,0.08608023,0.016353538,null,null,null,null,"TWOGAUSSIANS",8,5.0371976,0.29638156,0.014474737,0.4,0.0,0.19141485,0.013914153,0.8581208,0.007982164,0.34970263,0.05012434,0.08157161,0.013783701
375316653866487564,5858209635130251904,0.53888255,2208.7762741518995,0.4420151637395333,4.180349E-6,18.86864,0.0047004893,0.19740644,0.001457426,0.016666181,0.0011795566,0.35318488,0.010285554,null,null,null,null,null,null,null,null,null,null,"ONEGAUSSIAN",5,2.766091,0.19740644,0.001457426,0.09333062,0.006605517,0.35318488,0.0,null,null,null,null,null,null
375316653866487564,5858210429678037120,0.59307975,2199.6595861531205,3.5179278840399983,1.0285802E-5,18.965631,0.012701533,0.2699477,0.0026777862,0.05465847,0.003877019,0.481697,0.030590244,0.7752042,0.0030237322,0.038692947,0.0058626635,0.2095493,0.031556174,0.10541856,0.014238327,0.2699477,0.0026777862,"TWOGAUSSIANS_WITH_ELLIPSOIDAL_ON_ECLIPSE1",9,3.0895712,0.2699477,0.0026777862,0.30608743,0.021711307,0.6925202,0.018453157,0.7752042,0.0030237322,0.2166805,0.032830916,0.42014256,0.028586818
375316653866487564,5858210906415062400,0.59147936,2193.3412913412326,1.1352427805954006,4.1381427E-6,16.68065,0.0059804213,0.24398446,0.0025769414,0.10134926,0.004479886,0.18703051,0.0066809217,0.73216146,0.0014097276,0.08632556,0.002948139,0.3697906,0.011092783,null,null,null,null,"TWOGAUSSIANS",8,8.870994,0.73216146,0.0014097276,0.4,0.0,0.3575801,0.01211798,0.24398446,0.0025769414,0.4,0.0,0.17481779,0.0056965705
375316653866487564,5858211048149723136,0.5501096,2203.67333311698,0.6212758297514376,4.2134366E-6,19.007935,0.004831828,0.20358421,0.0012138935,0.02597576,0.0012047293,0.54828936,0.028604127,0.70685416,0.0020169558,0.02446013,0.0019310515,0.5045805,0.031363115,null,null,null,null,"TWOGAUSSIANS",8,3.6070886,0.20358421,0.0012138935,0.14546426,0.006746484,0.54828936,0.028604127,0.70685416,0.0020169558,0.13697672,0.010813889,0.5045805,0.031363115
375316653866487564,5858211151227408768,0.4617953,2213.6056618846974,2.977432014881586,2.5271715E-5,19.613459,0.012281205,0.2181305,0.006168733,0.073118955,0.008694252,0.26758024,0.01911191,0.718664,0.0072057154,0.08281426,0.01212765,0.18118447,0.023235435,null,null,null,null,"TWOGAUSSIANS",8,3.2125041,0.2181305,0.006168733,0.4,0.014794858,0.26507527,0.01896134,0.718664,0.0072057154,0.4,0.0,0.1786795,0.023648746
375316653866487564,5858211357442926848,0.53986925,2235.3754307969025,1.9591844360656099,1.1160419E-5,18.689096,0.007916011,0.15303986,0.00489287,0.087037764,0.0071615768,0.1720054,0.009844768,0.656023,0.004135222,0.08041893,0.0051517296,0.28378454,0.014126258,null,null,null,null,"TWOGAUSSIANS",8,1.8385284,0.656023,0.004135222,0.4,0.0,0.279006,0.014412653,0.15303986,0.00489287,0.4,0.0,0.16722685,0.009344716
375316653866487564,5858211529184813312,0.47543633,2225.6218178931995,4.465245619788852,1.5483285E-5,19.288364,0.0033777428,null,null,null,null,null,null,null,null,null,null,null,null,0.09283438,0.0057131206,0.2642789,0.0033981497,"ELLIPSOIDAL",4,2.5582256,null,null,null,null,null,null,null,null,null,null,null,null
375316653866487564,5858212078946141440,0.47280702,2217.733624040347,3.7710182842249793,6.733617E-5,19.896673,0.011642253,0.26470682,0.0077667325,0.076781094,0.006466906,0.29601333,0.02046277,0.7451566,0.011933667,0.06019606,0.019032983,0.27222326,0.05568303,null,null,null,null,"TWOGAUSSIANS",8,1.6214178,0.26470682,0.0077667325,0.4,0.0,0.2955877,0.020177573,0.7451566,0.011933667,0.33709794,0.106584705,0.27179763,0.056372974
375316653866487564,5858212285155699328,0.59040004,2227.4286465733144,0.9312666156204216,8.339299E-6,16.3045,7.432216E-4,0.34714645,1.2706839E-4,0.0065414202,1.0913856E-4,0.21419807,0.0052826363,0.484236,0.050357554,0.099895604,0.028726142,0.00409295,0.0016711873,null,null,null,null,"TWOGAUSSIANS",8,1.5077499,0.34714645,1.270271E-4,0.036631953,6.111759E-4,0.21579424,0.0053384798,0.484236,0.050357554,0.4,0.0,0.00409292,0.0016710354
375316653866487564,5858212353875174400,0.4761399,2249.508536990185,0.8563253994407719,2.5422796E-5,16.36171,0.0050850916,0.28241274,0.0065139346,0.12054346,0.022591008,0.02786538,0.004840664,0.776471,0.0061744363,0.08877432,0.013864427,0.044697158,0.004521033,null,null,null,null,"TWOGAUSSIANS",8,2.7001057,0.776471,0.0061744363,0.4,0.0,0.041134775,0.002576261,0.28241274,0.0065139346,0.4,0.0,0.024292568,0.0022799466
375316653866487564,5858212353875181312,0.5220744,2266.5156734341303,2.7209688312941207,1.1802146E-5,17.368675,0.021721443,0.23972057,0.007810678,0.10644766,0.01186336,0.21194886,0.023537697,0.74416983,0.0034875628,0.102864005,0.014529634,0.21597485,0.0153242005,null,null,null,null,"TWOGAUSSIANS",8,7.6576552,0.74416983,0.0034940112,0.4,0.0,0.1925427,0.017671824,0.23972057,0.007810701,0.4,0.0,0.18851298,0.009410085
375316653866487564,5858212663112831232,0.5491765,2246.9991237675035,1.9634803165162993,8.679573E-6,17.273556,0.011112248,0.2651347,0.0052671814,0.08688819,0.008349434,0.17080887,0.013608946,0.75496,0.002415302,0.09562184,0.0061948583,0.24334194,0.010138289,null,null,null,null,"TWOGAUSSIANS",8,7.4097934,0.75496,0.002415302,0.4,0.0,0.23509507,0.00613816,0.2651347,0.0052671814,0.4,0.0,0.16256262,0.011881854
375316653866487564,5858213041070326784,0.5036755,2215.7556987205344,1.4532851513249776,1.518842E-5,17.204773,0.0073146774,0.14419173,0.0023230768,0.013634145,0.004254521,0.2781518,0.06122522,0.6447917,0.00221665,0.030200604,0.0023085335,0.6884954,0.059686434,null,null,null,null,"TWOGAUSSIANS",8,64.13132,0.6447917,0.00221665,0.16912338,0.012927787,0.6884954,0.059686434,0.14419173,0.0023230768,0.07635121,0.023825318,0.2781518,0.06122522
375316653866487564,5858213247228754944,0.6218854,2214.2577789679412,2.698960996916058,4.5909574E-6,16.091183,0.010154022,0.2209713,0.0014134498,0.05105967,0.0067083207,0.1886041,0.022554375,0.70697415,0.010635003,0.048378896,0.010020028,0.2081641,0.03179231,0.11692373,0.014139197,0.2209713,0.0014134498,"TWOGAUSSIANS_WITH_ELLIPSOIDAL_ON_ECLIPSE1",9,33.747753,0.7093741,0.0088029625,0.27092183,0.056112155,0.44051486,0.024681194,0.2209713,0.0014134498,0.28593415,0.037566595,0.4224503,0.014427368
375316653866487564,5858213414675955712,0.5871736,2199.8190893401074,3.1100615794140998,9.479085E-6,17.855583,0.028597143,0.28781015,0.0035686048,0.05988458,0.012949521,0.37166777,0.0797855,0.7851546,0.003804884,0.051920827,0.007619049,0.36223432,0.06537934,0.10606535,0.034910217,0.28781015,0.0035686048,"TWOGAUSSIANS_WITH_ELLIPSOIDAL_ON_ECLIPSE1",9,5.836479,0.28781015,0.0035686048,0.33535367,0.07251731,0.58373344,0.10862847,0.78544456,0.003321044,0.29075664,0.042666674,0.5742475,0.05404809
375316653866487564,5858213689571229824,0.5385144,2201.61132530959,3.2304066204644744,9.2014625E-6,19.26873,0.012109991,0.23200127,0.007158817,0.07318034,0.007996847,0.35657153,0.017051537,0.72912407,0.0024652744,0.07453579,0.003914281,0.43157223,0.0154775465,null,null,null,null,"TWOGAUSSIANS",8,2.9643347,0.72912407,0.0024652744,0.4,0.0,0.42918336,0.014821367,0.23200127,0.007158817,0.4,0.01868427,0.35418266,0.016524302
