Gaia/vari_eclipsing_binary/VariEclipsingBinary_227664-227769.csv
# %ECSV 1.0
# ---
# delimiter: ','
# meta: !!omap
# - RELEASE: Gaia DR3
# - TABLE: vari_eclipsing_binary
# - DESCRIPTION: >
#     This table describes the properties of the eclipsing binaries resulting from the variability analysis. 
# - CITATION: >
#     How to cite and acknowledge Gaia: 
#     https://gea.esac.esa.int/archive/documentation/credits.html 
# - KNOWN_ISSUES: >
#     Known issues: 
#     https://www.cosmos.esa.int/web/gaia-users/known-issues 
# - DOCUMENTATION: >
#     Tutorials and documentation: 
#     https://www.cosmos.esa.int/web/gaia-users/archive 
# datatype:
# - 
#   name: solution_id
#   datatype: int64
#   description: Solution Identifier
#   meta:
#     ucd: meta.version
# - 
#   name: source_id
#   datatype: int64
#   description: Unique source identifier
#   meta:
#     ucd: meta.id;meta.main
# - 
#   name: global_ranking
#   datatype: float32
#   description: Number between 0 (worst) and 1 (best)
#   meta:
#     ucd: stat.param
# - 
#   name: reference_time
#   datatype: float64
#   unit: d
#   description: Reference time used for the geometric model fit
#   meta:
#     ucd: time.epoch
# - 
#   name: frequency
#   datatype: float64
#   unit: d**-1
#   description: Frequency of geometric model of the eclipsing binary light curve
#   meta:
#     ucd: src.orbital
# - 
#   name: frequency_error
#   datatype: float32
#   unit: d**-1
#   description: "Uncertainty of \\texttt{frequency}"
#   meta:
#     ucd: stat.error
# - 
#   name: geom_model_reference_level
#   datatype: float32
#   unit: mag
#   description: Magnitude reference level of geometric model
#   meta:
#     ucd: phot.mag;em.opt
# - 
#   name: geom_model_reference_level_error
#   datatype: float32
#   unit: mag
#   description: "Uncertainty of \\texttt{geomModelReferenceLevel}"
#   meta:
#     ucd: stat.error;phot.mag;em.opt
# - 
#   name: geom_model_gaussian1_phase
#   datatype: float32
#   description: Phase of the Gaussian 1 component
#   meta:
#     ucd: time.phase
# - 
#   name: geom_model_gaussian1_phase_error
#   datatype: float32
#   description: "Uncertainty of \\texttt{geomModelGaussian1Phase}"
#   meta:
#     ucd: stat.error;time.phase
# - 
#   name: geom_model_gaussian1_sigma
#   datatype: float32
#   description: "Standard deviation [phase] of Gaussian 1 component"
#   meta:
#     ucd: stat.stdev
# - 
#   name: geom_model_gaussian1_sigma_error
#   datatype: float32
#   description: "Uncertainty of \\texttt{geomModelGaussian1Sigma}"
#   meta:
#     ucd: stat.error
# - 
#   name: geom_model_gaussian1_depth
#   datatype: float32
#   unit: mag
#   description: Magnitude depth of Gaussian 1 component
#   meta:
#     ucd: src.var.amplitude
# - 
#   name: geom_model_gaussian1_depth_error
#   datatype: float32
#   unit: mag
#   description: "Uncertainty of \\texttt{geomModelGaussian1Depth}"
#   meta:
#     ucd: stat.error;src.var.amplitude
# - 
#   name: geom_model_gaussian2_phase
#   datatype: float32
#   description: Phase of Gaussian 2 component
#   meta:
#     ucd: time.phase
# - 
#   name: geom_model_gaussian2_phase_error
#   datatype: float32
#   description: "Uncertainty of \\texttt{geomModelGaussian2Phase}"
#   meta:
#     ucd: stat.error;time.phase
# - 
#   name: geom_model_gaussian2_sigma
#   datatype: float32
[...]
#   datatype: float32
#   description: "Secondary eclipse: uncertainty of \\texttt{derivedSecondaryEclDuration}"
#   meta:
#     ucd: stat.error;time.duration
# - 
#   name: derived_secondary_ecl_depth
#   datatype: float32
#   unit: mag
#   description: "Secondary eclipse: depth"
#   meta:
#     ucd: src.var.amplitude
# - 
#   name: derived_secondary_ecl_depth_error
#   datatype: float32
#   unit: mag
#   description: "Secondary eclipse: uncertainty of \\texttt{derivedSecondaryEclDepth}"
#   meta:
#     ucd: stat.error;src.var.amplitude
solution_id,source_id,global_ranking,reference_time,frequency,frequency_error,geom_model_reference_level,geom_model_reference_level_error,geom_model_gaussian1_phase,geom_model_gaussian1_phase_error,geom_model_gaussian1_sigma,geom_model_gaussian1_sigma_error,geom_model_gaussian1_depth,geom_model_gaussian1_depth_error,geom_model_gaussian2_phase,geom_model_gaussian2_phase_error,geom_model_gaussian2_sigma,geom_model_gaussian2_sigma_error,geom_model_gaussian2_depth,geom_model_gaussian2_depth_error,geom_model_cosine_half_period_amplitude,geom_model_cosine_half_period_amplitude_error,geom_model_cosine_half_period_phase,geom_model_cosine_half_period_phase_error,model_type,num_model_parameters,reduced_chi2,derived_primary_ecl_phase,derived_primary_ecl_phase_error,derived_primary_ecl_duration,derived_primary_ecl_duration_error,derived_primary_ecl_depth,derived_primary_ecl_depth_error,derived_secondary_ecl_phase,derived_secondary_ecl_phase_error,derived_secondary_ecl_duration,derived_secondary_ecl_duration_error,derived_secondary_ecl_depth,derived_secondary_ecl_depth_error
[from data line 395]
375316653866487564,2002988028901549440,0.5111056,2175.1423124883377,0.32958712014325703,3.284357E-5,18.34904,0.003437957,0.21093842,0.008086551,0.020358358,0.008641719,0.5732792,0.16869015,0.3902187,0.07591225,0.022898648,0.028694319,0.0053650164,0.20871766,null,null,null,null,"TWOGAUSSIANS",8,5.199225,0.21093842,0.008086551,0.114006795,0.048393626,0.5732792,0.16869015,0.3902187,0.07591225,0.12823242,0.16068819,0.0053650164,0.2087177
375316653866487564,2002988406866052864,0.5218307,2152.400662667045,0.7681244876904538,5.269746E-6,18.714094,0.0040538767,0.5264498,0.0020254697,0.03817088,0.0018444904,0.40084967,0.024552789,0.21825935,0.03922929,0.097376876,0.05567708,0.011893309,0.008358247,null,null,null,null,"TWOGAUSSIANS",8,1.6004175,0.52643985,0.0020212915,0.21375693,0.010329146,0.40092903,0.024599882,0.21825935,0.03922929,0.4,0.0,0.011893185,0.00835861
375316653866487564,2002988681737141888,0.56735134,2156.8994956774195,1.860231766409832,3.287811E-6,18.009916,0.004658517,0.2591872,0.0017402114,0.04019328,0.0022302417,0.31871694,0.014350347,0.75509655,0.0024050984,0.032739,0.0023540177,0.24222274,0.013400872,0.058120765,0.0070413663,0.2591872,0.0017402114,"TWOGAUSSIANS_WITH_ELLIPSOIDAL_ON_ECLIPSE1",9,6.6792607,0.2591872,0.0017402114,0.22508235,0.012489353,0.4349583,0.01191965,0.75525653,0.002311142,0.18333839,0.0131824985,0.35839033,0.012154238
375316653866487564,2002989540730051072,0.571226,2143.366795341699,3.882067872639234,6.2647546E-6,17.606627,0.0063782344,0.20881775,0.0034240684,0.06963769,0.0044595897,0.2467647,0.011231323,0.71320033,0.0025275727,0.07422874,0.0027910867,0.29784438,0.010022067,null,null,null,null,"TWOGAUSSIANS",8,6.6383843,0.71320033,0.0025275727,0.4,0.0,0.29667988,0.009823484,0.20881775,0.0034240684,0.38997108,0.024473518,0.24560021,0.011260634
375316653866487564,2002992190737376896,0.56090975,2132.525491258698,0.3926102968337512,1.3985222E-5,16.328285,0.0039474615,0.24697539,0.0049913293,0.038052447,0.0068991384,0.08848132,0.02788879,0.7407836,0.0026870044,0.047732774,0.0035546615,0.20719087,0.0144394245,0.024658957,0.0049392665,0.24697539,0.0049913293,"TWOGAUSSIANS_WITH_ELLIPSOIDAL_ON_ECLIPSE1",9,10.506499,0.7410336,0.002551927,0.26730353,0.019906104,0.25643712,0.013215876,0.24697539,0.0049913293,0.2130937,0.038635176,0.13779911,0.028975977
375316653866487564,2002992190737377152,0.5935717,2168.267793474083,4.068470160011992,4.294389E-6,18.649239,0.0077150417,0.27160692,0.00220536,0.04155096,0.0033439917,0.49669138,0.020643927,0.76809675,0.0022751917,0.047898356,0.0028073792,0.48641416,0.027868714,0.14710996,0.013086197,0.27160692,0.00220536,"TWOGAUSSIANS_WITH_ELLIPSOIDAL_ON_ECLIPSE1",9,3.0377617,0.27160692,0.00220536,0.23268539,0.018726354,0.7909103,0.014676821,0.76844674,0.001977048,0.2682308,0.015721325,0.78050417,0.027238566
375316653866487564,2002992358229013760,0.4305581,2178.1787860146715,0.03187392768082371,4.3356133E-5,18.157055,0.00686679,0.2557284,0.01080061,0.082767755,0.010838364,0.14348511,0.030921813,0.6930138,0.014091589,0.08670597,0.0117312465,0.12795492,0.016826153,null,null,null,null,"TWOGAUSSIANS",8,7.4441805,0.2557284,0.01080061,0.4,0.0,0.14239368,0.031122632,0.6930138,0.014091589,0.4,0.0,0.12686323,0.016981125
375316653866487564,2002992392588772352,0.49110797,2118.337580693165,3.7441018551942276,1.0953601E-5,19.480982,0.010492879,0.33269858,0.012287235,0.07840938,0.01268982,0.25861767,0.021796977,0.82044715,0.0039908593,0.07008217,0.005871576,0.20668429,0.012299568,null,null,null,null,"TWOGAUSSIANS",8,1.4585938,0.33269858,0.012287235,0.4,0.016791161,0.25740746,0.021653272,0.82044715,0.0039908593,0.39246014,0.028513815,0.20547408,0.011627215
375316653866487564,2002993255889258368,0.51471883,2152.0135753135924,1.2288718559690455,4.940349E-6,18.283628,0.0089213075,0.34164882,0.001657948,0.045052305,0.0045563607,0.42863438,0.036215078,0.6241122,0.05821948,0.15567598,0.07424108,0.036856897,0.010637105,null,null,null,null,"TWOGAUSSIANS",8,8.012825,0.3420388,0.0015048035,0.2522929,0.025515618,0.43533024,0.03894328,0.6241122,0.05821948,0.4,0.0,0.03642942,0.010541022
375316653866487564,2002993427687948160,0.4164766,2158.593943172076,0.10328558965184385,1.8849396E-5,14.994683,0.0020869973,0.55452,0.023287961,0.09380465,0.016211485,0.07138995,0.012082555,0.7904497,0.0072433027,0.01916826,0.006286983,0.060158554,0.029872546,null,null,null,null,"TWOGAUSSIANS",8,18.142317,0.55452,0.023287961,0.4,0.0,0.071389854,0.012082854,0.7904497,0.0072433027,0.10734225,0.035207104,0.063178435,0.030131929
375316653866487564,2002994832129614336,0.44762093,2137.9338698011843,0.10315391867870156,1.9131612E-5,18.189844,0.11512873,0.18625481,0.004845664,0.033035982,0.012282115,0.23914544,0.03604657,0.67850876,0.017520737,0.188232,0.059897594,0.32676622,0.105175644,null,null,null,null,"TWOGAUSSIANS",8,15.475501,0.67850876,0.017520737,0.4,0.0,0.29091668,0.024797354,0.18637481,0.0049734134,0.1850015,0.06877984,0.22258624,0.026089573
375316653866487564,2002994832129614464,0.5220788,2140.50616864885,3.1614493295664263,8.856084E-6,18.749992,0.00589123,0.27880973,0.002984761,0.08269267,0.0069313613,0.24226247,0.0149214845,0.7774929,0.002692806,0.07727159,0.004012501,0.25305724,0.011107228,null,null,null,null,"TWOGAUSSIANS",8,1.5158226,0.7774929,0.002692806,0.4,0.0,0.24941446,0.011270143,0.27880973,0.002984761,0.4,0.0,0.23861969,0.016038511
375316653866487564,2002997099872560128,0.5646769,2172.6774339584204,3.4518667798822724,9.411071E-6,18.150742,0.011497771,0.16622517,0.0028990908,0.069481365,0.0035950027,0.4328735,0.013973894,0.66712856,0.0045335577,0.074159466,0.004498467,0.5350994,0.027446032,null,null,null,null,"TWOGAUSSIANS",8,10.566087,0.66712856,0.0045335577,0.4,0.0,0.53289104,0.027496707,0.16622517,0.0028990908,0.38909563,0.020069188,0.43066514,0.0135437725
375316653866487564,2002997202953818496,0.5579892,2150.854200756603,3.4239220048885946,8.403943E-6,19.672222,0.015126393,0.24156748,0.0025988559,0.028025733,0.009934374,0.47953248,0.14785582,0.7399253,0.013054766,0.036802188,0.011914552,0.25481886,0.042978685,0.15492566,0.021511171,0.24156748,0.0025988559,"TWOGAUSSIANS_WITH_ELLIPSOIDAL_ON_ECLIPSE1",9,1.9406066,0.24156748,0.0025988559,0.1569441,0.055632494,0.78938377,0.17205751,0.74011534,0.012412683,0.20609225,0.06672149,0.56464094,0.04091132
375316653866487564,2002998203690937344,0.50392705,2141.2453812347853,2.2410564430550153,1.2339376E-5,16.099474,0.025768513,0.21382163,0.0055538663,0.041452385,0.06381139,0.06733853,0.028862363,0.64931333,0.030736813,0.06737193,0.021139996,0.10514864,0.05454426,0.08522384,0.021836344,0.21382163,0.0055538663,"TWOGAUSSIANS_WITH_ELLIPSOIDAL_ON_ECLIPSE1",9,80.483215,0.6733134,0.011311649,0.3772828,0.08303754,0.25832438,0.032948676,0.21382163,0.0055538663,0.23213336,0.24263678,0.23778413,0.01893471
375316653866487564,2002998306757995008,0.53243214,2181.867971214767,2.609679033006125,6.9646194E-6,18.155546,0.009044176,0.27963415,0.0034055524,0.08240229,0.00786387,0.36699918,0.039019868,0.7825367,0.0040462213,0.07022192,0.006126427,0.22536984,0.0077482914,null,null,null,null,"TWOGAUSSIANS",8,4.114278,0.27963415,0.0034055524,0.4,0.0,0.36443657,0.04061849,0.7825367,0.0040462213,0.39324278,0.02983202,0.22280724,0.0072461637
375316653866487564,2002999097044132864,0.599931,2158.217490061455,3.249797968223247,4.2682495E-6,17.404093,0.017534515,0.22970942,0.001719596,0.064939,0.0062714443,0.29283324,0.03328324,0.7284695,0.0018867037,0.04668569,0.0077131307,0.2190856,0.030835751,0.09939073,0.018639065,0.22970942,0.001719596,"TWOGAUSSIANS_WITH_ELLIPSOIDAL_ON_ECLIPSE1",9,8.845243,0.22970942,0.001719596,0.36365837,0.03512009,0.49144077,0.014908952,0.7286395,0.0015975462,0.26143986,0.04319353,0.41768268,0.009676679
375316653866487564,2003000059116901248,0.48409197,2160.9046105145303,2.104167840416387,1.3217821E-5,18.200476,0.007081315,0.14569202,0.0059316694,0.0738561,0.009165446,0.10771515,0.011972365,0.66809916,0.008991421,0.087761946,0.009290809,0.16868436,0.01075393,null,null,null,null,"TWOGAUSSIANS",8,5.046371,0.66809916,0.008991421,0.4,0.0,0.16721112,0.009986352,0.14569202,0.0059316694,0.4,0.009911114,0.106241964,0.011902053
375316653866487564,2003000299635283456,0.49489966,2170.392170143089,0.5038340225789953,1.0038781E-6,18.389244,0.0066247294,0.122581325,0.0012140237,0.025119282,0.0022924254,0.27897796,0.040057972,0.844322,2.5086156E-5,0.0017496425,1.9550413E-5,1.509437,0.014935774,null,null,null,null,"TWOGAUSSIANS",8,15.500078,0.844322,2.5086156E-5,0.009797999,1.0948231E-4,1.509437,0.014935774,0.122581325,0.0012140237,0.14066797,0.012837582,0.27897796,0.040057972
375316653866487564,2003000604568063232,0.5444985,2116.428614549961,3.5867267019044693,5.482964E-6,19.249249,0.009024471,0.26087257,0.0016248781,0.058422975,0.002613346,0.63942295,0.025609417,0.7681124,0.003080355,0.05942967,0.0028459467,0.67055726,0.034129634,null,null,null,null,"TWOGAUSSIANS",8,2.458221,0.7681124,0.003080355,0.33280614,0.015937302,0.67043287,0.03414514,0.26087257,0.0016248781,0.32716867,0.014634738,0.63929856,0.025634361
375316653866487564,2003001536585833984,0.5979353,2155.281488461505,1.381268246981762,7.6912675E-6,18.063593,0.0025963576,0.36877665,0.0048156083,0.02359177,0.0041767093,0.4586218,0.025814513,0.8705828,0.010837496,0.022893913,0.005236484,0.61294657,0.23223034,null,null,null,null,"TWOGAUSSIANS",8,4.1902347,0.8705828,0.010837496,0.12820591,0.029324312,0.61294657,0.23223034,0.36877665,0.0048156083,0.1321139,0.023389572,0.4586218,0.025814513
375316653866487564,2003005346212278016,0.5690908,2203.3929399321532,2.756944765690243,6.8473637E-6,18.708944,0.005938078,0.27960387,0.004930856,0.07665366,0.0042505865,0.47206533,0.03300982,0.78240585,0.0024831328,0.06698669,0.004318462,0.4373241,0.02481573,null,null,null,null,"TWOGAUSSIANS",8,2.8892736,0.27960387,0.004930856,0.4,0.0,0.47007975,0.03307676,0.78240585,0.0024831328,0.37512544,0.024183389,0.43533853,0.025412453
375316653866487564,2003006175139625600,0.4353311,2124.8698498634108,4.140594104046526,5.9611622E-5,19.765776,0.024282137,0.24322322,0.0071505248,0.088876106,0.0097160665,0.3161501,0.02821556,0.7327995,0.012235517,0.090175174,0.01784076,0.26239997,0.039008718,null,null,null,null,"TWOGAUSSIANS",8,4.2046056,0.24322322,0.0071505248,0.4,0.0,0.30626014,0.022306401,0.7327995,0.012235517,0.4,0.0,0.25250998,0.04093354
375316653866487564,2003007068503724288,0.6156873,2119.737913088903,0.2342851285774372,6.8627587E-6,14.108622,0.0025106738,0.72714734,0.0031406146,0.02902532,0.00201082,0.5451101,0.041170996,null,null,null,null,null,null,0.023600373,0.0037653956,0.72714734,0.0031406146,"ONEGAUSSIAN_WITH_ELLIPSOIDAL",6,84.80631,0.72714734,0.0031406146,0.16254179,0.011260591,0.5923108,0.0422751,null,null,null,null,null,null
375316653866487564,2003007446461017984,0.48668784,2164.0304090300356,0.2689705412151618,1.3008041E-5,15.370595,0.0012172225,0.21358326,0.0044735386,0.06330215,0.0061156056,0.046857864,0.0045096134,0.713839,0.01128082,0.045301735,0.011044583,0.046098758,0.008011514,null,null,null,null,"TWOGAUSSIANS",8,12.637849,0.21358326,0.0044735386,0.35449207,0.03424739,0.046855595,0.0045112493,0.713839,0.01128082,0.25368974,0.061849665,0.046096493,0.008013531
375316653866487564,2003007824418125184,0.6157453,2137.421644031931,0.49340958578414124,2.8382742E-6,16.162046,0.0018443338,0.28990027,6.933676E-4,0.015648875,5.197863E-4,0.5784762,0.011963532,0.7905409,0.003965242,0.014855942,0.0017622558,0.6754788,0.286192,null,null,null,null,"TWOGAUSSIANS",8,13.623322,0.7905409,0.003965242,0.08319327,0.009868633,0.6754788,0.286192,0.28990027,6.933676E-4,0.0876337,0.0029108035,0.5784762,0.011963532
375316653866487564,2003008477253146880,0.62222874,2142.7994675713803,2.4506700997765476,3.0603064E-6,13.755585,0.009300482,0.2467119,0.0018392585,0.053559538,0.0067379624,0.17751023,0.019092357,0.7463242,0.0034931814,0.053342126,0.005028812,0.15444578,0.027959697,0.11275498,0.011181159,0.2467119,0.0018392585,"TWOGAUSSIANS_WITH_ELLIPSOIDAL_ON_ECLIPSE1",9,134.9045,0.2467119,0.0018392585,0.29993343,0.03773259,0.40301377,0.0047672666,0.7464242,0.0027563889,0.29871592,0.028161347,0.3799483,0.019495482
375316653866487564,2003009194510379520,0.47947383,2163.751619125439,0.0636331345202828,1.9969315E-5,18.269814,0.0028952365,0.28637093,0.0077695707,0.10150223,0.007798706,0.103436485,0.0062806387,0.5831823,0.0019072705,0.014148651,0.0026713682,0.11524113,0.024858207,null,null,null,null,"TWOGAUSSIANS",8,2.2285552,0.5831823,0.0019072705,0.07923245,0.014959662,0.11667842,0.024963276,0.28637093,0.0077695707,0.4,0.0,0.103435375,0.0062807347
375316653866487564,2003011088582343680,0.48187745,2187.5104730065145,3.236695298250006,2.6768783E-5,19.842913,0.029011963,0.25787175,0.010963905,0.08641735,0.016186392,0.25278816,0.027529696,0.7455902,0.006342544,0.09673099,0.015004264,0.26552868,0.026692808,null,null,null,null,"TWOGAUSSIANS",8,1.8167095,0.7455902,0.006342544,0.4,0.0,0.2551665,0.020313429,0.25787175,0.0109638255,0.4,0.0,0.24242696,0.018222978
375316653866487564,2003013287617185536,0.6570684,2153.7405889572374,0.3171534788352314,2.3696564E-6,16.281542,5.28548E-4,0.4291016,2.2261118E-5,0.0052211876,1.3704029E-4,0.06685192,4.89817E-4,0.6716284,7.9682195E-6,0.009551433,1.4917425E-5,0.38729784,6.093513E-4,null,null,null,null,"TWOGAUSSIANS",8,1.4239677,0.6716284,7.9682195E-6,0.053488024,8.353758E-5,0.38729784,6.093513E-4,0.4291016,2.2261118E-5,0.029238649,7.674256E-4,0.06685192,4.89817E-4
375316653866487564,2003015138740900480,0.6254912,2145.9125688328354,0.42780062590448104,4.2084944E-6,17.812641,5.5504527,0.43532643,4.9981225E-4,0.0192115,4.997869E-4,0.5788717,0.02121085,0.83758104,0.042882483,0.45745274,0.32502705,0.1008905,3.5630019,null,null,null,null,"TWOGAUSSIANS",8,1.5374686,0.43532643,4.9949E-4,0.1075844,0.0027988066,0.5917792,0.023556309,0.83758104,0.042882483,0.4,0.0,0.011326728,0.007820433
375316653866487564,2003015624079224704,0.668944,2145.998019577268,0.24897578255121433,1.973753E-6,16.093151,0.0035201213,0.23268783,5.685318E-4,0.0309364,0.0014366002,0.9791753,0.13958591,0.7323054,9.0777065E-4,0.032655686,0.0024555002,0.13317834,0.0072967755,0.03195925,0.005219644,0.23268783,5.685318E-4,"TWOGAUSSIANS_WITH_ELLIPSOIDAL_ON_ECLIPSE1",9,11.716723,0.23268783,5.685318E-4,0.17324384,0.008044962,1.0430937,0.14548579,0.73231536,8.665043E-4,0.18287183,0.013750802,0.19709638,0.004219272
375316653866487564,2003016483072812160,0.61214364,2162.9495611573784,1.6383910325891937,4.9621176E-6,18.276667,0.0024424042,0.22139008,0.009631501,0.05253047,0.011065509,0.12584496,0.050481558,0.724491,4.8414714E-4,0.04788992,8.366194E-4,0.6446782,0.016746884,null,null,null,null,"TWOGAUSSIANS",8,1.7291507,0.724491,4.8414714E-4,0.26818356,0.0046850685,0.64467627,0.016747199,0.22139008,0.009631501,0.29417065,0.06196685,0.12584303,0.050483756
375316653866487564,2003016620511629440,0.5665799,2163.776362506295,1.2358487956123099,3.3427132E-6,18.427715,0.0037151715,0.2272732,0.001399732,0.031067008,0.0019505324,0.5567108,0.018250788,0.7282859,0.0010363692,0.031501643,0.0010477338,0.38475734,0.014423097,null,null,null,null,"TWOGAUSSIANS",8,4.327852,0.2272732,0.001399732,0.17397524,0.010922981,0.5567108,0.018250788,0.7282859,0.0010363692,0.1764092,0.005867309,0.38475734,0.014423097
375316653866487564,2003016723590841984,0.6489009,2143.0088811292435,0.22377472679914376,3.446485E-6,15.371815,9.232904E-4,0.328793,4.0220923E-4,0.012721984,4.179509E-4,0.35450834,0.01074722,0.46905345,0.011945813,0.056910004,0.011781974,0.011676614,0.0021874786,null,null,null,null,"TWOGAUSSIANS",8,8.068097,0.328803,4.0243604E-4,0.07124311,0.0023405252,0.35506865,0.010843988,0.46905345,0.011945813,0.31869602,0.065979056,0.011676614,0.0021874786
