Gaia/vari_eclipsing_binary/VariEclipsingBinary_466514-466531.csv
# %ECSV 1.0
# ---
# delimiter: ','
# meta: !!omap
# - RELEASE: Gaia DR3
# - TABLE: vari_eclipsing_binary
# - DESCRIPTION: >
#     This table describes the properties of the eclipsing binaries resulting from the variability analysis. 
# - CITATION: >
#     How to cite and acknowledge Gaia: 
#     https://gea.esac.esa.int/archive/documentation/credits.html 
# - KNOWN_ISSUES: >
#     Known issues: 
#     https://www.cosmos.esa.int/web/gaia-users/known-issues 
# - DOCUMENTATION: >
#     Tutorials and documentation: 
#     https://www.cosmos.esa.int/web/gaia-users/archive 
# datatype:
# - 
#   name: solution_id
#   datatype: int64
#   description: Solution Identifier
#   meta:
#     ucd: meta.version
# - 
#   name: source_id
#   datatype: int64
#   description: Unique source identifier
#   meta:
#     ucd: meta.id;meta.main
# - 
#   name: global_ranking
#   datatype: float32
#   description: Number between 0 (worst) and 1 (best)
#   meta:
#     ucd: stat.param
# - 
#   name: reference_time
#   datatype: float64
#   unit: d
#   description: Reference time used for the geometric model fit
#   meta:
#     ucd: time.epoch
# - 
#   name: frequency
#   datatype: float64
#   unit: d**-1
#   description: Frequency of geometric model of the eclipsing binary light curve
#   meta:
#     ucd: src.orbital
# - 
#   name: frequency_error
#   datatype: float32
#   unit: d**-1
#   description: "Uncertainty of \\texttt{frequency}"
#   meta:
#     ucd: stat.error
# - 
#   name: geom_model_reference_level
#   datatype: float32
#   unit: mag
#   description: Magnitude reference level of geometric model
#   meta:
#     ucd: phot.mag;em.opt
# - 
#   name: geom_model_reference_level_error
#   datatype: float32
#   unit: mag
#   description: "Uncertainty of \\texttt{geomModelReferenceLevel}"
#   meta:
#     ucd: stat.error;phot.mag;em.opt
# - 
#   name: geom_model_gaussian1_phase
#   datatype: float32
#   description: Phase of the Gaussian 1 component
#   meta:
#     ucd: time.phase
# - 
#   name: geom_model_gaussian1_phase_error
#   datatype: float32
#   description: "Uncertainty of \\texttt{geomModelGaussian1Phase}"
#   meta:
#     ucd: stat.error;time.phase
# - 
#   name: geom_model_gaussian1_sigma
#   datatype: float32
#   description: "Standard deviation [phase] of Gaussian 1 component"
#   meta:
#     ucd: stat.stdev
# - 
#   name: geom_model_gaussian1_sigma_error
#   datatype: float32
#   description: "Uncertainty of \\texttt{geomModelGaussian1Sigma}"
#   meta:
#     ucd: stat.error
# - 
#   name: geom_model_gaussian1_depth
#   datatype: float32
#   unit: mag
#   description: Magnitude depth of Gaussian 1 component
#   meta:
#     ucd: src.var.amplitude
# - 
#   name: geom_model_gaussian1_depth_error
#   datatype: float32
#   unit: mag
#   description: "Uncertainty of \\texttt{geomModelGaussian1Depth}"
#   meta:
#     ucd: stat.error;src.var.amplitude
# - 
#   name: geom_model_gaussian2_phase
#   datatype: float32
#   description: Phase of Gaussian 2 component
#   meta:
#     ucd: time.phase
# - 
#   name: geom_model_gaussian2_phase_error
#   datatype: float32
#   description: "Uncertainty of \\texttt{geomModelGaussian2Phase}"
#   meta:
#     ucd: stat.error;time.phase
# - 
#   name: geom_model_gaussian2_sigma
#   datatype: float32
[...]
#   datatype: float32
#   description: "Secondary eclipse: uncertainty of \\texttt{derivedSecondaryEclDuration}"
#   meta:
#     ucd: stat.error;time.duration
# - 
#   name: derived_secondary_ecl_depth
#   datatype: float32
#   unit: mag
#   description: "Secondary eclipse: depth"
#   meta:
#     ucd: src.var.amplitude
# - 
#   name: derived_secondary_ecl_depth_error
#   datatype: float32
#   unit: mag
#   description: "Secondary eclipse: uncertainty of \\texttt{derivedSecondaryEclDepth}"
#   meta:
#     ucd: stat.error;src.var.amplitude
solution_id,source_id,global_ranking,reference_time,frequency,frequency_error,geom_model_reference_level,geom_model_reference_level_error,geom_model_gaussian1_phase,geom_model_gaussian1_phase_error,geom_model_gaussian1_sigma,geom_model_gaussian1_sigma_error,geom_model_gaussian1_depth,geom_model_gaussian1_depth_error,geom_model_gaussian2_phase,geom_model_gaussian2_phase_error,geom_model_gaussian2_sigma,geom_model_gaussian2_sigma_error,geom_model_gaussian2_depth,geom_model_gaussian2_depth_error,geom_model_cosine_half_period_amplitude,geom_model_cosine_half_period_amplitude_error,geom_model_cosine_half_period_phase,geom_model_cosine_half_period_phase_error,model_type,num_model_parameters,reduced_chi2,derived_primary_ecl_phase,derived_primary_ecl_phase_error,derived_primary_ecl_duration,derived_primary_ecl_duration_error,derived_primary_ecl_depth,derived_primary_ecl_depth_error,derived_secondary_ecl_phase,derived_secondary_ecl_phase_error,derived_secondary_ecl_duration,derived_secondary_ecl_duration_error,derived_secondary_ecl_depth,derived_secondary_ecl_depth_error
[from data line 418]
375316653866487564,4103617230200474368,0.6592167,2213.3284611206504,1.3906914498442862,9.612984E-6,15.120876,0.0050446065,0.2379737,8.7852887E-4,0.085656196,0.0027127326,0.3836507,0.011619678,0.73945993,0.001594318,0.09297358,0.0022165484,0.3747349,0.0074460353,null,null,null,null,"TWOGAUSSIANS",8,10.45095,0.2379737,8.7852887E-4,0.4,0.0,0.36893645,0.013389353,0.73945993,0.001594318,0.4,0.0,0.3600203,0.006711615
375316653866487564,4103619424859850368,0.5189745,2184.039269547066,0.9673655493720779,3.8245693E-5,18.118673,0.011099076,0.30357316,0.012294517,0.08044556,0.011647616,0.09839776,0.018477658,0.81629354,0.0038248152,0.0712951,0.007569305,0.17881563,0.018315343,null,null,null,null,"TWOGAUSSIANS",8,2.9885788,0.81629354,0.0038248152,0.39925256,0.0322852,0.1779581,0.018298712,0.30357316,0.012294517,0.4,0.0,0.09754024,0.018394947
375316653866487564,4103619837184290688,0.5213667,2172.4329525084945,0.7400207511818727,5.5116576E-5,19.285114,0.03613568,0.32286784,0.01256779,0.109187566,0.025673345,0.20075355,0.031497017,0.79563785,0.011721748,0.0817728,0.025904762,0.26030737,0.1795755,null,null,null,null,"TWOGAUSSIANS",8,1.4962561,0.79563785,0.011721748,0.4,0.049459755,0.25055692,0.18681361,0.32286784,0.01256779,0.4,0.0,0.19098435,0.015254691
375316653866487564,4103620425656649344,0.4903394,2185.91273010818,2.7391046565648796,1.905686E-5,17.87864,0.040050723,0.28255665,0.0046403715,0.096150115,0.020125646,0.17837669,0.037277363,0.7707805,0.0077267676,0.10360676,0.023375217,0.20019315,0.03967985,null,null,null,null,"TWOGAUSSIANS",8,5.407406,0.7707805,0.0077267676,0.4,0.0,0.18597938,0.023184964,0.28255665,0.0046440056,0.4,0.0,0.16416638,0.02138901
375316653866487564,4103621147211158016,0.6790922,2174.169418379214,1.029033529891618,2.242103E-6,16.724056,0.00725701,0.2820696,0.0029749947,0.04839863,0.009192509,0.105427735,0.028150426,0.782235,0.0023808358,0.048675325,0.0030962909,0.5070159,0.032209855,0.07921015,0.012758902,0.2820696,0.0029749947,"TWOGAUSSIANS_WITH_ELLIPSOIDAL_ON_ECLIPSE1",9,4.218254,0.782235,0.0023284056,0.27258182,0.01733923,0.66543484,0.033401035,0.2820696,0.0029749947,0.27103233,0.051478047,0.26384687,0.022907846
375316653866487564,4103621765669197824,0.55572945,2184.040068426067,1.3256734217196857,5.436465E-5,19.404243,0.008806486,0.15968373,0.004735531,0.020393634,0.005882996,0.38185272,0.15150002,0.56786275,0.014993637,0.079400234,0.00482904,1.3127632,0.22550882,null,null,null,null,"TWOGAUSSIANS",8,3.1857467,0.56786275,0.014993637,0.4,0.0,1.3127632,0.22550842,0.15968373,0.004735531,0.114204355,0.03294478,0.38185507,0.15149948
375316653866487564,4103623243138665088,0.46590546,2186.205500790514,0.7890987729562128,4.3384865E-5,19.615437,0.18393388,0.32533425,0.013454187,0.11096757,0.048826616,0.3402831,0.16781744,0.8352556,0.004000133,0.118122175,0.06937489,0.32058188,0.09764273,null,null,null,null,"TWOGAUSSIANS",8,2.9602866,0.32529426,0.013453347,0.4,0.0,0.28500223,0.07113046,0.83527565,0.004030991,0.4,0.044961255,0.26524222,0.0631069
375316653866487564,4103623689864496000,0.46622393,2260.0777314040365,0.07488625283285183,1.7957743E-4,17.570423,0.012141129,0.16675366,0.02007436,0.04355678,0.015310139,0.12893598,0.035634603,0.6782325,0.012080823,0.11149025,0.022461133,0.1448672,0.01866158,null,null,null,null,"TWOGAUSSIANS",8,3.9511497,0.6782325,0.012080823,0.4,0.0,0.14377388,0.019310268,0.16675366,0.020073297,0.24391796,0.08573678,0.12785637,0.03564564
375316653866487564,4103623788550326656,0.57172835,2298.2180573522596,1.7229955389242229,1.8726158E-5,18.140188,0.03701019,0.43141517,0.007977978,0.10031372,0.017669162,0.20941573,0.037116684,0.9425164,0.005772298,0.121538416,0.021778688,0.1755181,0.038039755,null,null,null,null,"TWOGAUSSIANS",8,1.6126776,0.43137518,0.008060049,0.4,0.0,0.18295689,0.008179656,0.9425164,0.00575283,0.4,0.0,0.14898203,0.008123441
375316653866487564,4103623964653646592,0.57517666,2354.253461977901,4.443651886420191,9.889854E-6,18.62615,0.0041296906,0.32176608,0.0064448933,0.028805392,0.005503516,0.063087896,0.008228414,0.6537047,0.008495179,0.08157222,0.008409134,0.12183911,0.005156684,null,null,null,null,"TWOGAUSSIANS",8,0.3205579,0.6537047,0.008495179,0.4,0.0,0.121839106,0.0051566777,0.32178608,0.0064439485,0.1613102,0.03081969,0.063118815,0.008237076
375316653866487564,4103624097787996288,0.5989563,2271.3679149747727,1.8578639942176476,1.48110375E-5,17.541248,0.014364629,0.26918423,0.00778908,0.11032819,0.014080063,0.19996008,0.014176654,0.75563097,0.0024938148,0.096577674,0.0048233974,0.2629303,0.0142956,null,null,null,null,"TWOGAUSSIANS",8,3.1700764,0.75563097,0.0024938148,0.4,0.0,0.2421953,0.005598562,0.26918423,0.00778908,0.4,0.0,0.17921011,0.00925029
375316653866487564,4103624132147756160,0.63352907,2256.535737284056,1.3502896361639676,7.291313E-6,15.848433,0.0065367566,0.29969078,0.0022614514,0.07360685,0.0032484208,0.3044333,0.0053724484,0.79541904,0.00801406,0.08375639,0.009273182,0.10862865,0.009261524,null,null,null,null,"TWOGAUSSIANS",8,8.390789,0.29969078,0.0022614514,0.4,0.00271802,0.30240193,0.0040190816,0.79541904,0.00801406,0.4,0.0,0.10659731,0.008431426
375316653866487564,4103624411329948160,0.45489627,2279.926137646513,2.661300435097752,2.9436358E-5,18.871666,0.007654099,0.2233529,0.0058865165,0.042519752,0.0055804127,0.18047106,0.019173129,0.8029241,0.02300311,0.0591607,0.009025469,0.3145371,0.102766976,null,null,null,null,"TWOGAUSSIANS",8,4.4568057,0.8029241,0.02300311,0.3312999,0.05054263,0.31453708,0.102767006,0.2233529,0.0058865165,0.2381106,0.031250313,0.18047102,0.019173209
375316653866487564,4103624441385433472,0.5963221,2320.292641009864,1.7814111975090012,9.2058835E-6,16.779985,0.010827576,0.30250576,0.005012487,0.08626781,0.009742664,0.24286194,0.036314648,0.80549407,0.0031611768,0.10080671,0.006591218,0.21056803,0.011707459,null,null,null,null,"TWOGAUSSIANS",8,3.8650558,0.30250576,0.005012487,0.4,0.0,0.23080987,0.039482225,0.80549407,0.0031611768,0.4,0.0,0.19851403,0.008747786
375316653866487564,4103624613207858560,0.64322364,2309.2610352668635,3.338286574087271,1.5142331E-5,18.53525,0.028848624,0.25033492,0.0075770533,0.051202595,0.009213222,0.28195107,0.0611957,0.7827186,0.009354246,0.051951002,0.0154171735,0.4358506,0.036689296,0.13325758,0.029311776,0.7827186,0.009354246,"TWOGAUSSIANS_WITH_ELLIPSOIDAL_ON_ECLIPSE2",9,4.5350375,0.7827186,0.009354246,0.29092562,0.08633617,0.7023613,0.025451755,0.2555749,0.00623488,0.28673452,0.051594045,0.53931195,0.026098369
375316653866487564,4103624651848378368,0.4966479,2318.5224233610147,2.193337345008468,2.110711E-5,17.904425,0.02009303,0.25013545,0.010321124,0.08779607,0.027319267,0.21222657,0.016654598,0.74348694,0.011550471,0.090772554,0.014896997,0.1660421,0.022163088,null,null,null,null,"TWOGAUSSIANS",8,9.484726,0.25013545,0.010321124,0.4,0.0,0.20554434,0.030533357,0.74348694,0.011550471,0.4,0.0,0.15935981,0.014624506
375316653866487564,4103624716269369344,0.61927164,2282.0907819857184,0.6951706476852728,5.085505E-6,16.10304,0.0016962814,0.45559818,0.017722791,0.056121122,0.019057838,0.22057137,0.0653953,0.764969,0.002075494,0.011638956,0.006137468,0.06769234,0.095926076,null,null,null,null,"TWOGAUSSIANS",8,2.4972832,0.45559818,0.017722791,0.31427827,0.105231695,0.22057137,0.0653953,0.764969,0.002075494,0.065178156,0.034369823,0.0676924,0.09592325
375316653866487564,4103624720572639360,0.51858807,2334.0718085912517,0.2639151958149675,1.6430578E-5,19.094248,0.039365076,0.25098577,0.005989113,0.103965,0.005866779,0.3545367,0.03911691,0.7298797,0.027369456,0.14221819,0.028374309,0.29994348,0.042998094,null,null,null,null,"TWOGAUSSIANS",8,1.5323762,0.25145575,0.0060192556,0.4,0.0,0.28877956,0.012586039,0.7298797,0.027369456,0.4,0.0,0.23279352,0.013571423
375316653866487564,4103624857990836352,0.57994205,2258.7944792022176,1.3216398419949809,2.9907528E-6,18.726635,0.006610403,0.290345,3.105029E-5,0.0103425095,1.6433599E-4,0.78547245,0.008852299,0.4583177,0.015073637,0.13974813,0.025688745,0.05894482,0.0082356185,null,null,null,null,"TWOGAUSSIANS",8,2.5581317,0.290375,3.167082E-5,0.057918053,9.202815E-4,0.8139046,0.01426194,0.4583177,0.015073637,0.4,0.0,0.058749046,0.00828465
375316653866487564,4103624858012981760,0.5447849,2316.1218122718105,2.8161865945060387,8.3898885E-5,19.511124,0.04055123,0.17482507,0.007541066,0.07586792,0.011964145,0.5432062,0.042644925,0.6782299,0.013717404,0.08282815,0.026842814,0.51742095,0.2604331,null,null,null,null,"TWOGAUSSIANS",8,2.988165,0.17482507,0.007541066,0.4,0.021710228,0.5362972,0.038811214,0.6782299,0.013717404,0.4,0.018767262,0.51051193,0.27011654
375316653866487564,4103625132868790656,0.5778855,2266.6961165327557,2.0092674592375404,1.5067788E-5,18.744076,0.009155495,0.23363934,0.0024459886,0.08759414,0.0049889414,0.3677218,0.012629131,0.7219366,0.0019466083,0.090940475,0.0038015256,0.33227044,0.009558243,null,null,null,null,"TWOGAUSSIANS",8,1.2406836,0.23363934,0.0024459886,0.4,0.0,0.35623756,0.013829145,0.7219366,0.0019466083,0.4,0.0,0.32078606,0.008620883
375316653866487564,4103626056316988032,0.58002853,2273.223326120719,2.9185691403058738,2.4079234E-5,18.573984,0.012303426,0.22327784,0.004442119,0.04217696,0.009862884,0.4120213,0.1257822,0.72646403,0.006443227,0.045374237,0.0042356136,0.3401763,0.03772989,0.13461885,0.020518044,0.22327784,0.004442119,"TWOGAUSSIANS_WITH_ELLIPSOIDAL_ON_ECLIPSE1",9,9.252978,0.22327784,0.004442119,0.23619096,0.05523215,0.68125856,0.1245624,0.72646403,0.006068805,0.25409573,0.023719437,0.6093056,0.022552941
375316653866487564,4103626129406005632,0.49267024,2311.547224234265,2.5047192347525105,2.2525905E-5,17.566797,0.030120648,0.41263252,0.019802812,0.110695206,0.029857267,0.10922532,0.02982466,0.8733908,0.013436899,0.12466832,0.031042576,0.13745019,0.026601214,null,null,null,null,"TWOGAUSSIANS",8,4.941793,0.8733908,0.013436899,0.4,0.0,0.1196265,0.007506317,0.4130825,0.019131117,0.4,0.0,0.09154338,0.010562308
375316653866487564,4103626369822177536,0.54830515,2276.7172923174976,3.1141907979948056,4.3434393E-5,18.830654,0.012277936,0.25715277,0.0031919135,0.06523313,0.007314599,0.44001642,0.0443993,0.7559095,0.014355677,0.064759634,0.011725629,0.5685652,0.079737306,null,null,null,null,"TWOGAUSSIANS",8,6.553437,0.7559095,0.014355677,0.36265397,0.06566352,0.5679749,0.07997112,0.25715277,0.0031919135,0.3653055,0.040961754,0.4394261,0.044794355
375316653866487564,4103626369924212480,0.5070138,2308.8779190458295,2.4599881506452395,2.289291E-5,18.230309,0.029741948,0.2768015,0.0077880486,0.07345259,0.065573424,0.1967224,2.99562303E11,0.80497766,0.010989462,0.09795716,0.018788835,0.20522872,0.03145379,null,null,null,null,"TWOGAUSSIANS",8,6.393238,0.80497766,0.010989462,0.4,0.0,0.20177074,0.021562483,0.2768015,0.007769422,0.4,0.31276247,0.19326642,2.99562303E11
375316653866487564,4103626709152043392,0.5007276,2286.0770291116314,0.026413686653298126,5.871702E-5,18.457712,0.0041797925,0.18419059,0.007258919,0.05635224,0.01217566,0.11157437,0.016553465,0.56924284,0.030563729,0.095151626,0.017510302,0.05927347,0.015976578,null,null,null,null,"TWOGAUSSIANS",8,1.3673574,0.18421058,0.0072544687,0.31557253,0.06818369,0.11155284,0.016585428,0.56924284,0.030563729,0.4,0.0,0.059235465,0.0159581
375316653866487564,4103626713418832896,0.52061576,2275.8004371384604,0.6367764816317736,1.7345948E-4,19.56932,0.0075859902,0.3861383,0.0105682565,0.113224365,0.019829452,0.3246586,0.05847266,0.735074,7.232015E-4,0.015070686,0.002137425,0.15902828,0.019655082,null,null,null,null,"TWOGAUSSIANS",8,1.609753,0.3861383,0.0105682565,0.4,0.0,0.32462078,0.05866831,0.735074,7.232015E-4,0.08439584,0.011969579,0.16180278,0.024468413
375316653866487564,4103626747778755456,0.5816304,2280.4882758043523,0.2053480714504122,2.1746662E-5,17.871334,0.003420563,0.29594252,0.0022566232,0.07288967,0.0054921503,0.14887851,0.0068029063,0.7506066,0.0023013689,0.042529553,0.004687605,0.11307409,0.008806148,null,null,null,null,"TWOGAUSSIANS",8,1.2483815,0.29594252,0.0022566232,0.4,0.0070264474,0.14887482,0.0068044956,0.7506066,0.0023013689,0.23816548,0.026250586,0.1130704,0.00880772
375316653866487564,4103626816498439040,0.5930657,2248.9934112372257,0.20536040814791626,1.0361387E-6,18.95831,0.006424458,0.19039476,1.8668864E-8,0.0033478688,5.9092465E-5,2.3660264,0.12922849,0.76728445,0.005217679,0.0675683,0.012697565,0.23633839,0.02212578,null,null,null,null,"TWOGAUSSIANS",8,1.7586995,0.19039476,1.8668864E-8,0.018748065,3.309178E-4,2.3660264,0.12922849,0.76728445,0.005217679,0.3783825,0.05657164,0.23633839,0.022125782
375316653866487564,4103626816600821632,0.48859102,2327.573470706941,2.1716063346828913,4.3953933E-5,18.157888,0.0064431345,0.1376462,0.012367119,0.032386422,0.028781675,0.15596224,4.4419628E7,0.83072066,0.0061903372,0.10666369,0.006447993,0.22909957,0.017733373,null,null,null,null,"TWOGAUSSIANS",8,2.504463,0.83072066,0.0061903372,0.4,0.0,0.22909182,0.017735472,0.1369762,0.012764775,0.18136397,0.16117737,0.15963541,4.4419628E7
375316653866487564,4103626880927240704,0.58232725,2242.414700600544,0.9339659832324744,4.4643664E-5,18.096851,0.01506943,0.28321958,0.00124394,0.0151014775,9.731208E-4,1.2068261,0.06708002,0.7386489,0.0032850788,0.018833673,0.011723257,1.3129181,6028.1313,0.057734344,0.019798592,0.7386489,0.0032850788,"TWOGAUSSIANS_WITH_ELLIPSOIDAL_ON_ECLIPSE2",9,24.459766,0.7386489,0.0032850788,0.105468564,0.06565024,1.4283866,6028.129,0.28314957,0.0012242283,0.08456828,0.0054494767,1.3134872,0.03356813
375316653866487564,4103627327603794816,0.4673778,2293.5021088854664,0.17087859436323555,2.236517E-5,16.154562,0.013893686,0.42917842,0.10131337,0.047638632,0.017132916,0.6388506,0.59080195,0.624858,0.0054217046,0.035224043,0.00866114,0.11904616,0.037393533,null,null,null,null,"TWOGAUSSIANS",8,123.145966,0.42917842,0.1031246,0.26677632,0.09594432,0.6388506,0.5898315,0.624858,0.0054217046,0.19725464,0.048502386,0.11918472,0.037601985
375316653866487564,4103627469335503872,0.49584994,2275.1112559887197,1.425053211520366,2.8654984E-5,19.144672,0.03235923,0.2102901,0.0035948334,0.07013019,0.01081042,0.2007989,0.031060727,0.70649374,0.019532105,0.09926549,0.028611805,0.20932427,0.03596355,null,null,null,null,"TWOGAUSSIANS",8,3.4884193,0.70649374,0.019532105,0.4,0.0,0.20446475,0.034429293,0.2102901,0.003592477,0.3927291,0.046892215,0.19594069,0.024447225
375316653866487564,4103627641133341312,0.516404,2238.3248301732783,0.33313035266092655,5.3591888E-5,19.189243,0.031063603,0.059825305,0.021831004,0.075845905,0.012471026,0.21618712,0.035900768,0.42945212,0.011799288,0.15501615,0.018210191,0.39871448,0.032444187,null,null,null,null,"TWOGAUSSIANS",8,1.1996553,0.42945212,0.011799288,0.4,0.0,0.3835822,0.025314774,0.07077531,0.023272272,0.4,0.020387301,0.22631216,0.035841104
375316653866487564,4103627847393015936,0.54527,2247.6465319150698,1.3860711752582802,1.6294227E-5,15.103055,0.015497012,0.29628268,0.01295663,0.11489225,0.03449438,0.050457142,0.014229211,0.79752815,0.0035980518,0.11580375,0.018565796,0.06912206,0.015187533,null,null,null,null,"TWOGAUSSIANS",8,6.6025634,0.79752815,0.0035984179,0.4,0.0,0.05801072,0.0024788473,0.29627267,0.013011015,0.4,0.0,0.039350394,0.003990599
375316653866487564,4103627984731025536,0.5162373,2246.658398221568,1.337565966488253,1.4006543E-5,18.802757,0.005015931,null,null,null,null,null,null,null,null,null,null,null,null,0.11611529,0.006644615,0.26704535,0.0028306956,"ELLIPSOIDAL",4,2.5965116,null,null,null,null,null,null,null,null,null,null,null,null
