Gaia/vari_eclipsing_binary/VariEclipsingBinary_252719-253015.csv
# %ECSV 1.0
# ---
# delimiter: ','
# meta: !!omap
# - RELEASE: Gaia DR3
# - TABLE: vari_eclipsing_binary
# - DESCRIPTION: >
#     This table describes the properties of the eclipsing binaries resulting from the variability analysis. 
# - CITATION: >
#     How to cite and acknowledge Gaia: 
#     https://gea.esac.esa.int/archive/documentation/credits.html 
# - KNOWN_ISSUES: >
#     Known issues: 
#     https://www.cosmos.esa.int/web/gaia-users/known-issues 
# - DOCUMENTATION: >
#     Tutorials and documentation: 
#     https://www.cosmos.esa.int/web/gaia-users/archive 
# datatype:
# - 
#   name: solution_id
#   datatype: int64
#   description: Solution Identifier
#   meta:
#     ucd: meta.version
# - 
#   name: source_id
#   datatype: int64
#   description: Unique source identifier
#   meta:
#     ucd: meta.id;meta.main
# - 
#   name: global_ranking
#   datatype: float32
#   description: Number between 0 (worst) and 1 (best)
#   meta:
#     ucd: stat.param
# - 
#   name: reference_time
#   datatype: float64
#   unit: d
#   description: Reference time used for the geometric model fit
#   meta:
#     ucd: time.epoch
# - 
#   name: frequency
#   datatype: float64
#   unit: d**-1
#   description: Frequency of geometric model of the eclipsing binary light curve
#   meta:
#     ucd: src.orbital
# - 
#   name: frequency_error
#   datatype: float32
#   unit: d**-1
#   description: "Uncertainty of \\texttt{frequency}"
#   meta:
#     ucd: stat.error
# - 
#   name: geom_model_reference_level
#   datatype: float32
#   unit: mag
#   description: Magnitude reference level of geometric model
#   meta:
#     ucd: phot.mag;em.opt
# - 
#   name: geom_model_reference_level_error
#   datatype: float32
#   unit: mag
#   description: "Uncertainty of \\texttt{geomModelReferenceLevel}"
#   meta:
#     ucd: stat.error;phot.mag;em.opt
# - 
#   name: geom_model_gaussian1_phase
#   datatype: float32
#   description: Phase of the Gaussian 1 component
#   meta:
#     ucd: time.phase
# - 
#   name: geom_model_gaussian1_phase_error
#   datatype: float32
#   description: "Uncertainty of \\texttt{geomModelGaussian1Phase}"
#   meta:
#     ucd: stat.error;time.phase
# - 
#   name: geom_model_gaussian1_sigma
#   datatype: float32
#   description: "Standard deviation [phase] of Gaussian 1 component"
#   meta:
#     ucd: stat.stdev
# - 
#   name: geom_model_gaussian1_sigma_error
#   datatype: float32
#   description: "Uncertainty of \\texttt{geomModelGaussian1Sigma}"
#   meta:
#     ucd: stat.error
# - 
#   name: geom_model_gaussian1_depth
#   datatype: float32
#   unit: mag
#   description: Magnitude depth of Gaussian 1 component
#   meta:
#     ucd: src.var.amplitude
# - 
#   name: geom_model_gaussian1_depth_error
#   datatype: float32
#   unit: mag
#   description: "Uncertainty of \\texttt{geomModelGaussian1Depth}"
#   meta:
#     ucd: stat.error;src.var.amplitude
# - 
#   name: geom_model_gaussian2_phase
#   datatype: float32
#   description: Phase of Gaussian 2 component
#   meta:
#     ucd: time.phase
# - 
#   name: geom_model_gaussian2_phase_error
#   datatype: float32
#   description: "Uncertainty of \\texttt{geomModelGaussian2Phase}"
#   meta:
#     ucd: stat.error;time.phase
# - 
#   name: geom_model_gaussian2_sigma
#   datatype: float32
[...]
#   datatype: float32
#   description: "Secondary eclipse: uncertainty of \\texttt{derivedSecondaryEclDuration}"
#   meta:
#     ucd: stat.error;time.duration
# - 
#   name: derived_secondary_ecl_depth
#   datatype: float32
#   unit: mag
#   description: "Secondary eclipse: depth"
#   meta:
#     ucd: src.var.amplitude
# - 
#   name: derived_secondary_ecl_depth_error
#   datatype: float32
#   unit: mag
#   description: "Secondary eclipse: uncertainty of \\texttt{derivedSecondaryEclDepth}"
#   meta:
#     ucd: stat.error;src.var.amplitude
solution_id,source_id,global_ranking,reference_time,frequency,frequency_error,geom_model_reference_level,geom_model_reference_level_error,geom_model_gaussian1_phase,geom_model_gaussian1_phase_error,geom_model_gaussian1_sigma,geom_model_gaussian1_sigma_error,geom_model_gaussian1_depth,geom_model_gaussian1_depth_error,geom_model_gaussian2_phase,geom_model_gaussian2_phase_error,geom_model_gaussian2_sigma,geom_model_gaussian2_sigma_error,geom_model_gaussian2_depth,geom_model_gaussian2_depth_error,geom_model_cosine_half_period_amplitude,geom_model_cosine_half_period_amplitude_error,geom_model_cosine_half_period_phase,geom_model_cosine_half_period_phase_error,model_type,num_model_parameters,reduced_chi2,derived_primary_ecl_phase,derived_primary_ecl_phase_error,derived_primary_ecl_duration,derived_primary_ecl_duration_error,derived_primary_ecl_depth,derived_primary_ecl_depth_error,derived_secondary_ecl_phase,derived_secondary_ecl_phase_error,derived_secondary_ecl_duration,derived_secondary_ecl_duration_error,derived_secondary_ecl_depth,derived_secondary_ecl_depth_error
[from data line 144]
375316653866487564,2223377231950040832,0.57833636,2181.36954293295,2.66699331935862,1.0650071E-5,18.35893,0.0071593965,0.2805806,0.005587782,0.08857157,0.0089494465,0.29770118,0.027586326,0.78278935,0.0021870772,0.08208666,0.003729925,0.3064304,0.006796794,null,null,null,null,"TWOGAUSSIANS",8,2.4335995,0.78278935,0.0021870772,0.4,0.0,0.29848757,0.0047878986,0.2805806,0.005587782,0.4,0.0,0.2897583,0.0316083
375316653866487564,2223380839722613632,0.54837644,2179.7468778227294,2.721769268168522,8.802515E-6,17.608793,0.0052604754,0.25175434,0.0041124616,0.08753376,0.0055406014,0.17680903,0.0059047965,0.75729793,0.0032816597,0.07054985,0.006276716,0.10160189,0.0070521734,null,null,null,null,"TWOGAUSSIANS",8,2.0794032,0.25175434,0.0041124616,0.4,0.0,0.17515989,0.005444346,0.75729793,0.0032816597,0.3950792,0.028785083,0.09995277,0.006653966
375316653866487564,2223382111033010816,0.45236835,2189.539613714571,3.738081592459161,3.076769E-5,19.648949,0.024558479,0.28070235,0.0069205426,0.08756026,0.013145763,0.19652486,0.03409667,0.77951765,0.011558907,0.0976285,0.024211783,0.20810379,0.03125695,null,null,null,null,"TWOGAUSSIANS",8,1.9419079,0.77951765,0.011558907,0.4,0.0,0.19771768,0.035700314,0.28070235,0.006918174,0.4,0.0,0.18613955,0.02864296
375316653866487564,2223388781116264576,0.57080775,2118.383405232722,3.510402845342966,1.2982817E-5,19.65011,0.010778681,0.13718514,0.0031846766,0.041110553,0.004091561,0.418226,0.060768727,0.6405663,0.004137926,0.039347738,0.0057850806,0.31423113,0.034805756,0.1381731,0.014890438,0.13718514,0.0031846766,"TWOGAUSSIANS_WITH_ELLIPSOIDAL_ON_ECLIPSE1",9,1.6677724,0.13718514,0.0031846766,0.2302191,0.022912743,0.6945718,0.0554259,0.6405663,0.004137926,0.22034734,0.03239645,0.5904522,0.03589765
375316653866487564,2223392659472845824,0.538813,2213.2105598690187,3.867954792574708,1.1368338E-5,19.117546,0.017642021,0.26141465,0.0087264,0.07841942,0.007321825,0.3358127,0.02258739,0.74809545,0.0031399466,0.0790655,0.0109677445,0.48862475,0.052476916,null,null,null,null,"TWOGAUSSIANS",8,2.9126909,0.74809545,0.0031399466,0.4,0.0,0.48463312,0.056388065,0.26141465,0.0087264,0.4,0.0,0.33182105,0.020006793
375316653866487564,2223396340262418048,0.5934255,2198.200493356524,3.9434450852679994,6.2320078E-6,16.998495,0.0044069802,0.2661236,0.0017564669,0.07100959,0.0016471327,0.59423983,0.010588417,0.76329255,0.0023291362,0.06859193,0.0018403771,0.5592098,0.013785658,null,null,null,null,"TWOGAUSSIANS",8,10.608044,0.2661236,0.0017564669,0.39765373,0.009085935,0.5924829,0.010537196,0.76329255,0.0023291362,0.3841148,0.010306112,0.55745286,0.01373759
375316653866487564,2223398848519584768,0.53559107,2176.4535307863307,2.2797965378500176,1.2610659E-5,18.407215,0.0071013654,0.31783813,0.0055834395,0.08979561,0.006787917,0.18953595,0.007268222,0.82356066,0.004516286,0.07844265,0.0052459748,0.1999775,0.0088042505,null,null,null,null,"TWOGAUSSIANS",8,1.6367446,0.82356066,0.004516286,0.4,0.0,0.19574867,0.0073477286,0.31783813,0.0055834395,0.4,0.0,0.18530704,0.0056673377
375316653866487564,2223413240958785792,0.5355761,2251.5734514932115,3.586707508919811,4.1371204E-5,19.873331,0.016887447,0.2608294,0.006310661,0.06071501,0.0068804948,0.7200317,0.14544299,0.76564807,0.010456497,0.059638757,0.006823861,0.62327886,0.03580415,null,null,null,null,"TWOGAUSSIANS",8,2.4042687,0.2608294,0.006310661,0.34000406,0.03853077,0.71982896,0.14556687,0.76564807,0.010456497,0.33397704,0.03821362,0.62307614,0.035623055
375316653866487564,2223415856594460800,0.48060653,2221.978684486396,0.06350068671726378,4.3501677E-5,14.905858,0.0030939092,0.3467225,0.027273567,0.050645933,0.019000595,0.12964936,0.040395375,0.73977363,0.007925222,0.045491632,0.008348369,0.2744496,0.06777191,0.0118459705,0.0033556332,0.3467225,0.027273567,"TWOGAUSSIANS_WITH_ELLIPSOIDAL_ON_ECLIPSE1",9,11.925599,0.7408636,0.008272787,0.25475314,0.04675087,0.2890379,0.06970097,0.3467225,0.027273567,0.28361723,0.10640333,0.15334049,0.036246385
375316653866487564,2223417093545061504,0.45679632,2211.3807102246933,1.441115624275649,1.014059E-6,13.988406,0.009764712,0.3818885,1.7724896E-6,1.7213302E-4,1.280269E-5,0.6679052,0.046943154,0.76329553,0.03367644,0.047066197,0.03597171,0.06822925,0.10654548,0.010695283,0.013036982,0.76329553,0.03367644,"TWOGAUSSIANS_WITH_ELLIPSOIDAL_ON_ECLIPSE2",9,715.9752,0.3818885,1.7724896E-6,9.639449E-4,7.169507E-5,0.6794606,0.06647315,0.76329553,0.03367644,0.2635707,0.20144156,0.08961972,0.105856344
375316653866487564,2223417712020356864,0.48338002,2226.280597935839,0.5788326505944368,1.2028973E-5,16.039309,0.0013295265,null,null,null,null,null,null,null,null,null,null,null,null,0.041535646,0.0019981428,0.21571682,0.003699906,"ELLIPSOIDAL",4,12.046974,null,null,null,null,null,null,null,null,null,null,null,null
375316653866487564,2223419631868736896,0.5567146,2248.6324626317296,2.9714238497564476,1.2524825E-5,18.861238,0.015407043,0.1405436,0.0059848004,0.0853911,0.007869933,0.503592,0.035540193,0.6412839,0.0025913548,0.07588456,0.0037427638,0.499673,0.025619967,null,null,null,null,"TWOGAUSSIANS",8,3.1038752,0.1405436,0.0059848004,0.4,0.0,0.49551296,0.037962798,0.6412839,0.0025913548,0.4,0.0,0.491594,0.02499664
375316653866487564,2223424339152814976,0.542611,2215.3283460876596,2.4687985297388617,1.0703859E-5,18.44462,0.0147996545,0.30740625,0.008927864,0.084830105,0.010430565,0.43554103,0.06201963,0.8058636,0.00409501,0.08299303,0.005515844,0.43962786,0.03258946,null,null,null,null,"TWOGAUSSIANS",8,5.6605916,0.8058636,0.00409501,0.4,0.0,0.42956635,0.03317529,0.30740625,0.008927864,0.4,0.0,0.42547953,0.06542214
375316653866487564,2223431829575302528,0.5020867,2202.6947454042047,0.7829596168035311,3.5753012E-6,17.65051,0.0045496873,0.28797212,0.0015518237,0.014589314,0.0015201136,0.26282936,0.013959875,0.79182076,0.0011620095,0.013572932,0.0020176636,0.44130027,0.228524,null,null,null,null,"TWOGAUSSIANS",8,12.334358,0.79182076,0.0011620095,0.07600842,0.011298915,0.44130027,0.228524,0.28797212,0.0015518237,0.08170016,0.008512636,0.26282936,0.013959875
375316653866487564,2223440041552934016,0.4717607,2204.3269170186245,2.9543874068844524,4.2368087E-5,17.923355,0.018974714,0.26807272,0.011731652,0.07078157,0.04234026,0.03392328,0.043934755,0.7187261,0.013848944,0.02621837,0.021656763,0.26229066,701.86005,0.042411063,0.021916637,0.26807272,0.011731652,"TWOGAUSSIANS_WITH_ELLIPSOIDAL_ON_ECLIPSE1",9,9.590346,0.71952605,0.013727803,0.14682287,0.121277876,0.33927494,701.86554,0.26807272,0.011731652,0.39637682,0.13430654,0.11867989,0.011397146
375316653866487564,2223441141064578048,0.52613455,2184.6711831550742,3.2621010183889907,1.2505974E-5,19.335897,0.011236312,0.22276616,0.0046499157,0.07983463,0.005501364,0.35929632,0.018200083,0.7162106,0.0029234372,0.072633296,0.0049952175,0.40930778,0.028111015,null,null,null,null,"TWOGAUSSIANS",8,2.2501144,0.7162106,0.0029234372,0.4,9.766811E-4,0.40624696,0.028793076,0.22276616,0.0046499157,0.4,0.0,0.3562355,0.017869994
375316653866487564,2223443821123418880,0.5935197,2175.4258581838817,2.633999420127861,3.2090488E-6,19.43467,0.008769285,0.2681161,0.002023117,0.082354136,0.0042037386,0.24949731,0.013135467,0.7650957,9.5960853E-4,0.074247465,0.0020261337,0.5110899,0.015398701,null,null,null,null,"TWOGAUSSIANS",8,0.61466,0.7650957,9.5960853E-4,0.4,0.0,0.5071007,0.015371034,0.2681161,0.002023117,0.4,0.0,0.24550806,0.013122115
375316653866487564,2223445951427160576,0.63888294,2218.483228236781,2.6560938877128972,5.98244E-6,18.021818,0.009832847,0.22316682,0.003105227,0.040984664,0.004895016,0.46906304,0.028301103,0.71969485,0.0019130014,0.046641327,0.0032549242,0.5601785,0.050186347,0.119766414,0.017266361,0.22316682,0.003105227,"TWOGAUSSIANS_WITH_ELLIPSOIDAL_ON_ECLIPSE1",9,6.195768,0.7199349,0.001749641,0.26119143,0.018227575,0.7996046,0.04790722,0.22316682,0.003105227,0.22951412,0.02741209,0.7085953,0.020432316
375316653866487564,2223446024444039296,0.5336448,2225.637085775879,0.42726466567376337,1.947151E-5,16.702696,8.522999E-4,0.09690717,0.0033247652,0.012959369,0.0026600652,0.0056514083,0.0017019219,0.69161975,0.0072675366,0.03213863,0.0034657817,0.08675715,0.00921431,null,null,null,null,"TWOGAUSSIANS",8,1.3864107,0.69161975,0.0072675366,0.17997633,0.019408379,0.08675715,0.00921431,0.09690717,0.0033247652,0.07257247,0.014896365,0.0056514083,0.0017019219
375316653866487564,2223446707339798656,0.54479694,2187.8923627299255,2.58626216516972,3.4042983E-5,19.130297,0.022668941,0.3244712,0.014294434,0.06512388,0.016307965,0.4535861,0.036080565,0.8300703,0.006302465,0.078221835,0.016849566,0.121744424,0.020035286,null,null,null,null,"TWOGAUSSIANS",8,2.6210723,0.3244712,0.014294434,0.3646937,0.068512544,0.45273048,0.035391964,0.8300703,0.006302465,0.4,0.012505939,0.120888785,0.017561963
375316653866487564,2223446810419017472,0.51298255,2212.6815442269585,2.707820880003365,1.6927379E-5,18.367798,0.012986892,0.2668507,0.0034714965,0.07497862,0.006852049,0.30666706,0.024328254,0.76028925,0.0049796905,0.08798567,0.0071220645,0.28006324,0.018479204,null,null,null,null,"TWOGAUSSIANS",8,5.2345634,0.2668507,0.0034714965,0.4,0.0,0.3020272,0.02486162,0.76028925,0.0049796905,0.4,0.0,0.27542332,0.017900366
375316653866487564,2223450181972433024,0.5438288,2200.396799415137,1.0232226595682332,1.1251264E-5,14.111582,4.9512216E-4,null,null,null,null,null,null,null,null,null,null,null,null,0.02235079,6.7556166E-4,0.25837925,0.0026572172,"ELLIPSOIDAL",4,10.433589,null,null,null,null,null,null,null,null,null,null,null,null
375316653866487564,2223455267214027904,0.54150814,2214.9906127071504,4.189067053995742,8.562494E-6,17.828114,0.019013138,0.24016725,0.00391283,0.094661325,0.009376129,0.2178024,0.018201636,0.73443437,0.0055381376,0.09471661,0.008813674,0.26076016,0.021143919,null,null,null,null,"TWOGAUSSIANS",8,5.145545,0.73443437,0.0055381376,0.4,0.0,0.24729224,0.015417184,0.24016725,0.00391283,0.4,0.0,0.20433456,0.01090605
375316653866487564,2223458905046940032,0.7204339,2227.3036490446652,2.3977918599460635,2.6224257E-6,16.42636,0.0027701643,0.24523605,5.9448543E-4,0.048124894,0.0024052789,0.12999532,0.0072504706,0.7416711,0.0027000734,0.04515746,0.0026034412,0.1526188,0.008107338,0.11837365,0.0047945487,0.24523605,5.9448543E-4,"TWOGAUSSIANS_WITH_ELLIPSOIDAL_ON_ECLIPSE1",9,1.5972329,0.7423811,0.0021536746,0.25288177,0.014579271,0.38927034,0.0052493983,0.24523605,5.9448543E-4,0.2694994,0.013469562,0.36674187,0.0031563884
375316653866487564,2223463547906613248,0.49737734,2239.2068727218466,0.08630493462162435,1.7912855E-5,18.86823,0.0024459457,0.38729152,0.010444534,0.024546444,0.0032257037,0.16650467,0.06995366,0.86304975,2.0910238E-5,0.0063676448,1.03170816E-4,0.24169317,0.0024477786,null,null,null,null,"TWOGAUSSIANS",8,1.5113174,0.86304975,2.0910238E-5,0.03565881,5.7775655E-4,0.24169317,0.0024477786,0.38729152,0.010444534,0.1374601,0.01806394,0.16650467,0.06995366
375316653866487564,2223464922300092032,0.54454565,2226.69882883741,1.2702247200001895,3.8120597E-6,17.36924,0.0067477054,0.25383788,0.0010463289,0.024181169,0.0011857505,0.38408718,0.02473143,0.7570461,0.0025314447,0.018314041,0.010853929,1.0830809,46.403316,null,null,null,null,"TWOGAUSSIANS",8,22.420897,0.7570461,0.0025314447,0.10255863,0.060782004,1.0830809,46.403316,0.25383788,0.0010463289,0.13541454,0.006640203,0.38408718,0.02473143
375316653866487564,2223471003974122112,0.63221,2187.4242527760207,0.5156762006672175,9.25039E-6,16.694813,5.999525E-4,0.42432252,0.009030407,0.013853505,0.0050602066,0.0070245997,0.006698723,0.6606967,0.0022018123,0.016517516,0.0010525485,0.22524805,0.00597027,null,null,null,null,"TWOGAUSSIANS",8,0.83820695,0.6606967,0.0022018123,0.09249809,0.0058942717,0.22524805,0.00597027,0.42432252,0.009030407,0.07757963,0.028337158,0.0070245997,0.006698723
375316653866487564,2223471588086241152,0.54562306,2181.5800947847556,3.0746063153147887,1.1071261E-5,18.830702,0.011683684,0.22509858,0.0041686636,0.08279764,0.006030354,0.48551536,0.020718552,0.71382594,0.003495134,0.06662599,0.0038168447,0.38588116,0.018925035,null,null,null,null,"TWOGAUSSIANS",8,5.191598,0.22509858,0.0041686636,0.4,0.0,0.48301515,0.021009,0.71382594,0.003495134,0.37310553,0.02137433,0.38338095,0.01847642
375316653866487564,2223473958911558016,0.57525265,2184.328719894557,3.113113375966679,9.635678E-6,16.617697,0.072375886,0.18914373,0.002738738,0.10522163,0.012536311,0.4130411,0.06881414,0.6889436,0.0047333236,0.117765896,0.021488916,0.39102423,0.071018115,null,null,null,null,"TWOGAUSSIANS",8,19.733603,0.18914373,0.0027456381,0.4,0.0,0.34845972,0.014561274,0.6889436,0.004744628,0.4,0.0,0.32635793,0.010483986
375316653866487564,2223474474307664896,0.4152899,2165.486732803759,0.17168239426661205,1.2649353E-4,15.694419,0.0011471756,0.12449202,0.014316152,0.023190452,0.014041761,0.004327398,0.002580157,0.5030644,0.008781846,0.05490421,0.038726036,0.19203202,3.77156,null,null,null,null,"TWOGAUSSIANS",8,279.68854,0.5030644,0.008781846,0.3074636,0.2168658,0.19203202,3.77156,0.12449202,0.014316152,0.12986654,0.07863386,0.004327398,0.0025801568
375316653866487564,2223480036286373504,0.58501035,2199.3226306085103,2.9749392494176754,1.0422646E-5,18.934479,0.016652454,0.26286742,0.005347481,0.09636522,0.007703856,0.37767553,0.01866012,0.76447815,0.004247297,0.08413585,0.006578495,0.4269858,0.014785108,null,null,null,null,"TWOGAUSSIANS",8,2.111574,0.76447815,0.004247297,0.4,0.0,0.41021824,0.0085600335,0.26286742,0.005347481,0.4,0.0,0.3609069,0.013309303
375316653866487564,2223481586773639040,0.6514087,2212.1702216668355,2.094934203087195,2.6004727E-6,14.520744,0.008670168,0.26800865,0.0021403723,0.04527779,0.0043083793,0.15507452,0.017432394,0.7752923,0.0016224709,0.0633144,0.0050272075,0.27740672,0.017459204,0.087182246,0.009221576,0.7752923,0.0016224709,"TWOGAUSSIANS_WITH_ELLIPSOIDAL_ON_ECLIPSE2",9,41.858,0.7752923,0.0016224709,0.35456064,0.028152362,0.45165837,0.017111534,0.26912865,0.0016913348,0.25355563,0.024126925,0.32901734,0.0038448812
375316653866487564,2223484163753985024,0.5018322,2159.635063347155,2.1130152222197904,1.6137536E-5,17.504023,0.004936762,0.23849617,0.0018252304,0.021782307,0.0016007781,0.1813755,0.009466234,0.7617085,0.008417948,0.037097067,0.008649324,0.23663485,0.0150157735,null,null,null,null,"TWOGAUSSIANS",8,18.748024,0.7617085,0.008417948,0.20774357,0.048436217,0.23663485,0.0150157735,0.23849617,0.0018252304,0.12198091,0.008964357,0.1813755,0.009466234
375316653866487564,2223486912533126272,0.6933008,2192.1920769488493,2.4756516651621485,2.0052614E-6,15.41935,0.0051059257,0.267979,8.6201035E-4,0.060202815,0.010768706,0.053183507,0.008251772,0.76876926,0.0017908032,0.05478919,0.004957661,0.073733106,0.010383431,0.097579785,0.00565723,0.267979,8.6201035E-4,"TWOGAUSSIANS_WITH_ELLIPSOIDAL_ON_ECLIPSE1",9,4.229477,0.76876926,0.0017161352,0.30681947,0.027762901,0.2688759,0.0018429526,0.267979,8.6201035E-4,0.33713576,0.060304757,0.24833108,0.005366929
375316653866487564,2223489072897808000,0.53332514,2209.544583673645,3.564451979348543,9.173747E-6,18.740173,0.008301696,0.23276298,0.0045053274,0.08463253,0.005792399,0.27513364,0.011292472,0.73624665,0.0034554799,0.0900234,0.0055241906,0.24978499,0.009152158,null,null,null,null,"TWOGAUSSIANS",8,2.2593825,0.23276298,0.0045053274,0.4,0.0,0.2669295,0.010101765,0.73624665,0.0034554799,0.4,0.0,0.24158077,0.007948342
