Gaia/vari_eclipsing_binary/VariEclipsingBinary_463008-463024.csv
# %ECSV 1.0
# ---
# delimiter: ','
# meta: !!omap
# - RELEASE: Gaia DR3
# - TABLE: vari_eclipsing_binary
# - DESCRIPTION: >
#     This table describes the properties of the eclipsing binaries resulting from the variability analysis. 
# - CITATION: >
#     How to cite and acknowledge Gaia: 
#     https://gea.esac.esa.int/archive/documentation/credits.html 
# - KNOWN_ISSUES: >
#     Known issues: 
#     https://www.cosmos.esa.int/web/gaia-users/known-issues 
# - DOCUMENTATION: >
#     Tutorials and documentation: 
#     https://www.cosmos.esa.int/web/gaia-users/archive 
# datatype:
# - 
#   name: solution_id
#   datatype: int64
#   description: Solution Identifier
#   meta:
#     ucd: meta.version
# - 
#   name: source_id
#   datatype: int64
#   description: Unique source identifier
#   meta:
#     ucd: meta.id;meta.main
# - 
#   name: global_ranking
#   datatype: float32
#   description: Number between 0 (worst) and 1 (best)
#   meta:
#     ucd: stat.param
# - 
#   name: reference_time
#   datatype: float64
#   unit: d
#   description: Reference time used for the geometric model fit
#   meta:
#     ucd: time.epoch
# - 
#   name: frequency
#   datatype: float64
#   unit: d**-1
#   description: Frequency of geometric model of the eclipsing binary light curve
#   meta:
#     ucd: src.orbital
# - 
#   name: frequency_error
#   datatype: float32
#   unit: d**-1
#   description: "Uncertainty of \\texttt{frequency}"
#   meta:
#     ucd: stat.error
# - 
#   name: geom_model_reference_level
#   datatype: float32
#   unit: mag
#   description: Magnitude reference level of geometric model
#   meta:
#     ucd: phot.mag;em.opt
# - 
#   name: geom_model_reference_level_error
#   datatype: float32
#   unit: mag
#   description: "Uncertainty of \\texttt{geomModelReferenceLevel}"
#   meta:
#     ucd: stat.error;phot.mag;em.opt
# - 
#   name: geom_model_gaussian1_phase
#   datatype: float32
#   description: Phase of the Gaussian 1 component
#   meta:
#     ucd: time.phase
# - 
#   name: geom_model_gaussian1_phase_error
#   datatype: float32
#   description: "Uncertainty of \\texttt{geomModelGaussian1Phase}"
#   meta:
#     ucd: stat.error;time.phase
# - 
#   name: geom_model_gaussian1_sigma
#   datatype: float32
#   description: "Standard deviation [phase] of Gaussian 1 component"
#   meta:
#     ucd: stat.stdev
# - 
#   name: geom_model_gaussian1_sigma_error
#   datatype: float32
#   description: "Uncertainty of \\texttt{geomModelGaussian1Sigma}"
#   meta:
#     ucd: stat.error
# - 
#   name: geom_model_gaussian1_depth
#   datatype: float32
#   unit: mag
#   description: Magnitude depth of Gaussian 1 component
#   meta:
#     ucd: src.var.amplitude
# - 
#   name: geom_model_gaussian1_depth_error
#   datatype: float32
#   unit: mag
#   description: "Uncertainty of \\texttt{geomModelGaussian1Depth}"
#   meta:
#     ucd: stat.error;src.var.amplitude
# - 
#   name: geom_model_gaussian2_phase
#   datatype: float32
#   description: Phase of Gaussian 2 component
#   meta:
#     ucd: time.phase
# - 
#   name: geom_model_gaussian2_phase_error
#   datatype: float32
#   description: "Uncertainty of \\texttt{geomModelGaussian2Phase}"
#   meta:
#     ucd: stat.error;time.phase
# - 
#   name: geom_model_gaussian2_sigma
#   datatype: float32
[...]
#   datatype: float32
#   description: "Secondary eclipse: uncertainty of \\texttt{derivedSecondaryEclDuration}"
#   meta:
#     ucd: stat.error;time.duration
# - 
#   name: derived_secondary_ecl_depth
#   datatype: float32
#   unit: mag
#   description: "Secondary eclipse: depth"
#   meta:
#     ucd: src.var.amplitude
# - 
#   name: derived_secondary_ecl_depth_error
#   datatype: float32
#   unit: mag
#   description: "Secondary eclipse: uncertainty of \\texttt{derivedSecondaryEclDepth}"
#   meta:
#     ucd: stat.error;src.var.amplitude
solution_id,source_id,global_ranking,reference_time,frequency,frequency_error,geom_model_reference_level,geom_model_reference_level_error,geom_model_gaussian1_phase,geom_model_gaussian1_phase_error,geom_model_gaussian1_sigma,geom_model_gaussian1_sigma_error,geom_model_gaussian1_depth,geom_model_gaussian1_depth_error,geom_model_gaussian2_phase,geom_model_gaussian2_phase_error,geom_model_gaussian2_sigma,geom_model_gaussian2_sigma_error,geom_model_gaussian2_depth,geom_model_gaussian2_depth_error,geom_model_cosine_half_period_amplitude,geom_model_cosine_half_period_amplitude_error,geom_model_cosine_half_period_phase,geom_model_cosine_half_period_phase_error,model_type,num_model_parameters,reduced_chi2,derived_primary_ecl_phase,derived_primary_ecl_phase_error,derived_primary_ecl_duration,derived_primary_ecl_duration_error,derived_primary_ecl_depth,derived_primary_ecl_depth_error,derived_secondary_ecl_phase,derived_secondary_ecl_phase_error,derived_secondary_ecl_duration,derived_secondary_ecl_duration_error,derived_secondary_ecl_depth,derived_secondary_ecl_depth_error
[from data line 417]
375316653866487564,4072774073595187328,0.48075253,2252.1038271578855,0.16250355696518212,3.4915465E-5,19.081295,0.011999141,0.22540298,0.01224184,0.093973055,0.027059276,0.13448738,0.026373921,0.51051766,0.0131250955,0.042079277,0.012885079,0.08829234,0.014265962,null,null,null,null,"TWOGAUSSIANS",8,1.6086844,0.22540298,0.01224184,0.4,0.0,0.13448709,0.026374884,0.51051766,0.0131250955,0.23564397,0.072156444,0.08964041,0.015818872
375316653866487564,4072774790805631232,0.46738958,2252.033032881473,0.13855422657387584,1.1268331E-4,18.661188,0.0076928204,0.32998267,0.004288148,0.02674221,0.007876891,0.09804074,0.022908513,0.81545794,0.02055755,0.035880674,0.0086801825,2.87513,4.967845,null,null,null,null,"TWOGAUSSIANS",8,3.7821786,0.81545794,0.02055755,0.20093177,0.048609022,2.87513,4.967845,0.32998267,0.004288148,0.14975639,0.04411059,0.09804074,0.022908513
375316653866487564,4072774790836127488,0.57236403,2259.4808506308163,0.9117717020143604,5.744519E-5,17.85567,0.010905639,0.22714897,0.021679727,0.081302434,0.013490796,0.27511466,0.061311245,0.6302399,0.071192004,0.096934736,0.12029653,0.02917307,0.009706821,null,null,null,null,"TWOGAUSSIANS",8,2.03415,0.22715896,0.021261724,0.4,0.0,0.2745661,0.06143032,0.6302399,0.071192004,0.4,0.06366694,0.028620664,0.009991724
375316653866487564,4072774863869486720,0.4974,2250.2136386162188,0.04003548262194978,5.295952E-6,19.209085,0.031585135,0.39036444,0.011034888,0.07100465,0.012057848,0.28697097,0.03395873,0.9562495,0.08714662,0.018372713,0.029892594,0.20409973,1.387597,null,null,null,null,"TWOGAUSSIANS",8,3.4010508,0.39036444,0.011034888,0.39762607,0.03555335,0.28697097,0.03383475,0.9562495,0.08714662,0.10288719,0.16739853,0.20409973,1.3874102
375316653866487564,4072775276186503552,0.46670568,2255.5109281171863,0.06922533368476895,4.1012765E-5,18.938446,0.03236793,0.30158588,0.011946973,0.07593173,0.016567865,0.30690423,0.084937185,0.77249074,0.005278405,0.0939018,0.017501956,0.26077044,0.02622656,null,null,null,null,"TWOGAUSSIANS",8,5.6548443,0.30158588,0.011947478,0.4,0.022121407,0.30255893,0.0861107,0.77249074,0.005278405,0.4,0.0,0.25642422,0.021171939
375316653866487564,4072775276214035584,0.60269696,2241.6698555106263,0.7432040720605048,5.43962E-6,13.265565,0.0048685824,0.2632674,7.1749574E-4,0.010998581,2.8869577E-4,5.479378,0.7622766,0.7516565,0.1277679,0.03888692,0.013668386,0.15219344,0.19505943,null,null,null,null,"TWOGAUSSIANS",8,680.5768,0.2632674,7.1749574E-4,0.06159205,0.0016166962,5.479378,0.7622766,0.7516565,0.1277679,0.21776675,0.076542966,0.15219344,0.19505943
375316653866487564,4072775306199681920,0.5882983,2180.060525386011,1.5006891281439472,2.7364423E-4,18.217726,0.0017641109,0.39347956,0.002477958,0.04210681,0.0027317768,0.5478808,0.069083914,null,null,null,null,null,null,0.005720307,0.0031986462,0.39347956,0.002477958,"ONEGAUSSIAN_WITH_ELLIPSOIDAL",6,1.4884247,0.39347956,0.002477958,0.23579815,0.01529795,0.5593214,0.06977593,null,null,null,null,null,null
375316653866487564,4072775409279472000,0.5991941,2217.212114261782,3.5205893945295994,6.7212463E-6,17.540747,0.010854418,0.22346605,0.0038378253,0.09941288,0.0055451295,0.28590077,0.011965506,0.71837634,0.00555094,0.0895974,0.009640427,0.2510302,0.008649448,null,null,null,null,"TWOGAUSSIANS",8,2.8270714,0.22346605,0.0038378253,0.4,0.0,0.27079254,0.009892882,0.71837634,0.00555094,0.4,0.0,0.2359238,0.0101529695
375316653866487564,4072775516705332992,0.45088884,2220.3257390154276,1.1184209674706562,7.893716E-5,19.361849,0.060255088,0.047230504,0.02756386,0.08205155,0.020789988,0.1841221,0.047725078,0.42188162,0.022844745,0.15209611,0.031609014,0.4171442,0.06292595,null,null,null,null,"TWOGAUSSIANS",8,6.266154,0.42188162,0.022844745,0.4,0.0,0.4000203,0.040519636,0.061800502,0.028720628,0.4,0.010199194,0.18947747,0.041100156
375316653866487564,4072775757223672576,0.5185495,2248.1831903213642,2.7461056014214864,3.254969E-5,19.488697,0.029042086,0.26731455,0.0072904336,0.08242825,0.020035388,0.34476104,0.035199,0.7272627,0.018679764,0.09666384,0.025108641,0.24670489,0.03122597,null,null,null,null,"TWOGAUSSIANS",8,2.3223393,0.26731455,0.007298504,0.4,0.0,0.3387026,0.041748382,0.7272627,0.018679764,0.4,0.0,0.24064346,0.024419008
375316653866487564,4072775860330160640,0.7052186,2236.5303603776633,0.9074319154441558,1.15481635E-5,16.870619,0.0033500295,0.17445433,0.0030684136,0.0326202,0.0055044238,0.0765842,0.008937492,0.67438394,7.498172E-4,0.033754274,6.231967E-4,0.94627076,0.011916777,0.014788913,0.0045186114,0.17445433,0.0030684136,"TWOGAUSSIANS_WITH_ELLIPSOIDAL_ON_ECLIPSE1",9,4.066761,0.67438394,7.498172E-4,0.18902394,0.0034899015,0.9758486,0.009783333,0.17445433,0.0030684136,0.18267313,0.030824773,0.10616202,0.0064014615
375316653866487564,4072776238256167168,0.49846393,2178.296352938299,2.558770652718064,2.6611428E-5,18.404207,0.023335688,0.19733442,0.022646861,0.11048237,0.036509864,0.14769219,0.020834096,0.7046328,0.0037022335,0.07581141,0.007097556,0.30028236,0.023886878,null,null,null,null,"TWOGAUSSIANS",8,4.101319,0.7046328,0.0037018508,0.4,0.0,0.29098827,0.016189156,0.19733442,0.022646861,0.4,0.0,0.1383871,0.012625908
375316653866487564,4072776405745147392,0.48957643,2195.8174905612495,1.056119336612583,5.8271482E-5,19.136333,0.005377251,0.5080566,0.0181054,0.047815707,0.011642174,0.29486623,0.08457693,0.20530471,0.04007677,0.089808725,0.027229136,0.04099668,0.013478606,null,null,null,null,"TWOGAUSSIANS",8,1.2473048,0.5080166,0.018082045,0.26776797,0.06519618,0.2950056,0.085019946,0.20530471,0.040075783,0.4,0.0,0.04099628,0.013479368
375316653866487564,4072776478773736960,0.58760285,2190.0673230383704,2.6728064727077996,1.012012E-5,18.965706,0.0105487965,0.28893507,0.0020548122,0.07121218,0.0027487257,0.61667097,0.03113649,0.79087204,0.0066693923,0.07112101,0.004509099,0.5757686,0.032731324,null,null,null,null,"TWOGAUSSIANS",8,1.9323162,0.28893507,0.0020548122,0.3987882,0.010027347,0.61429566,0.031267088,0.79087204,0.0066693923,0.39827764,0.013779933,0.5733932,0.032221552
375316653866487564,4072776611869669248,0.5878873,2133.4421511854657,2.9028230940162936,8.972136E-6,18.010433,0.0088955425,0.2184355,0.0075160665,0.06298539,0.0074207764,0.59279126,0.020721914,0.7254207,0.0017262243,0.06618969,0.0034835464,0.61400074,0.054383248,null,null,null,null,"TWOGAUSSIANS",8,5.4297156,0.7254207,0.0017262243,0.37066227,0.01950786,0.6134553,0.054544836,0.2184355,0.0075160665,0.35271817,0.041556347,0.5922458,0.020786313
375316653866487564,4072776616213093120,0.4367846,2188.975112755457,0.10652281514185463,1.4734249E-5,18.735735,0.03442458,0.35178488,0.005755266,0.09226182,0.026092786,0.26014686,0.05926368,0.85271215,0.00527939,0.09060944,0.022779074,0.21455094,0.06790558,null,null,null,null,"TWOGAUSSIANS",8,2.8118281,0.35178488,0.005755266,0.4,0.0,0.24905065,0.07143142,0.85271215,0.00527939,0.4,0.0,0.20345485,0.07229247
375316653866487564,4072776994171141504,0.50353354,2185.6609133592747,0.20656575318239853,7.842259E-5,18.291391,0.06750018,0.27602395,0.020062774,0.16059378,0.068383224,0.20469147,0.056624312,0.7810121,0.0034901425,0.04681772,0.0070312372,0.23403989,0.051476885,null,null,null,null,"TWOGAUSSIANS",8,5.8429465,0.7810621,0.0035272578,0.26217923,0.03937493,0.21912345,0.025903475,0.27602395,0.020062774,0.4,0.0,0.18654624,0.029860957
375316653866487564,4072777299064480768,0.45554247,2169.66197689984,0.5955828659341685,4.865198E-5,18.39996,0.08660993,0.16001081,0.022366315,0.03191606,0.022724846,0.26076502,0.06964113,0.7647379,0.014629319,0.16115578,0.047303777,0.2983522,0.08830437,null,null,null,null,"TWOGAUSSIANS",8,3.7757764,0.7647379,0.014629319,0.4,0.0,0.29309478,0.066246696,0.15915081,0.021905288,0.17872994,0.12725914,0.27059928,0.07397573
375316653866487564,4072777543927157632,0.48182455,2186.92444483355,0.20389557931142668,2.5054725E-5,18.780312,0.007582698,null,null,null,null,null,null,null,null,null,null,null,null,0.08897112,0.008553439,0.24300943,0.009616939,"ELLIPSOIDAL",4,4.508352,null,null,null,null,null,null,null,null,null,null,null,null
375316653866487564,4072777780134483968,0.51232946,2195.3571339352416,0.20654359712804574,4.8296763E-5,18.80809,0.01790822,0.26344362,0.013884476,0.10883925,0.022749504,0.19501421,0.017985923,0.7669751,0.0062418417,0.049668565,0.010494634,0.18354341,0.019010874,null,null,null,null,"TWOGAUSSIANS",8,3.4065678,0.26344362,0.013884476,0.4,0.0,0.19273432,0.016628604,0.7669751,0.0062422957,0.27814397,0.05876995,0.18127382,0.016672965
375316653866487564,4072778024993654912,0.5912508,2179.494472420887,2.0229552308770953,1.655704E-5,18.303669,0.01277399,0.2751279,0.0063486043,0.047277834,0.004569115,0.26347932,0.04124459,0.76573545,0.010872759,0.03421297,0.008528707,0.2667858,0.029969525,0.13129678,0.014979636,0.2751279,0.0063486043,"TWOGAUSSIANS_WITH_ELLIPSOIDAL_ON_ECLIPSE1",9,5.3264527,0.76651543,0.009931964,0.19159263,0.04776076,0.5285415,0.01715214,0.2751279,0.0063486043,0.26475587,0.025587045,0.52607256,0.03790697
375316653866487564,4072778024993663232,0.5502497,2222.766454475496,0.7214120551136061,7.1327304E-5,17.79866,0.0058555235,0.1929,0.009742718,0.055535387,0.010371936,0.49412066,0.6764766,0.6823862,0.018699316,0.021035537,0.024113901,0.43695036,0.3441377,null,null,null,null,"TWOGAUSSIANS",8,7.1016846,0.1929,0.009742718,0.31099817,0.058082838,0.49412066,0.67647666,0.6823862,0.018699316,0.117799014,0.13503785,0.43695036,0.3441387
375316653866487564,4072778089338521600,0.46690956,2166.9710550151417,2.3093681249631026,3.561303E-5,18.24121,0.42386854,0.27433702,0.009659996,0.14598918,0.06630487,0.3910765,0.353153,0.7758069,0.012476113,0.20141575,0.13198082,0.4297198,0.40334994,null,null,null,null,"TWOGAUSSIANS",8,4.707591,0.7759769,0.012450182,0.4,0.0,0.14522484,0.03211519,0.27378702,0.008906196,0.4,0.0,0.14381582,0.010348124
375316653866487564,4072778093713158144,0.5281721,2226.395011447849,1.15827390618078,8.9264606E-5,16.964851,0.0023411794,0.17940147,0.029498732,0.047990613,0.019641606,0.026121374,0.010750054,0.65058595,0.012375413,0.0574393,0.0071541755,0.10831165,0.0128644705,null,null,null,null,"TWOGAUSSIANS",8,5.07401,0.65058595,0.012375413,0.32166007,0.040063385,0.108311266,0.012863755,0.17940147,0.029498732,0.26874745,0.10999299,0.026120987,0.010750309
375316653866487564,4072778299840399744,0.45728898,2195.3121969929775,0.06930273064051651,4.3233664E-5,19.111898,0.043136712,0.22597711,0.025039712,0.106172495,0.035557732,0.24488571,0.051405493,0.6731595,0.017671384,0.0945028,0.031980783,0.22651893,0.05097919,null,null,null,null,"TWOGAUSSIANS",8,4.846276,0.2259871,0.024988769,0.4,0.0,0.23428597,0.06603225,0.6731595,0.017671384,0.4,0.0,0.2159508,0.053105254
375316653866487564,4072778501658575872,0.58878165,2203.642938277313,2.2576345066464873,8.774834E-6,16.786476,0.008009807,0.25817478,0.0022823394,0.07785749,0.004719681,0.3532569,0.026112378,0.7373222,0.0041397028,0.071282975,0.0047034575,0.41266057,0.0151995765,null,null,null,null,"TWOGAUSSIANS",8,14.306242,0.7373222,0.0041397028,0.39918467,0.020080753,0.41095364,0.015271561,0.25817478,0.0022823394,0.4,0.0,0.35154995,0.026506534
375316653866487564,4072778505999062656,0.47637984,2178.5480795305216,0.4132761169082619,4.7332327E-5,19.128965,0.055454116,0.4760447,0.022170007,0.14960235,0.029194117,0.3814057,0.061087497,0.91406983,0.022163989,0.06661502,0.03176845,0.098720826,0.04357524,null,null,null,null,"TWOGAUSSIANS",8,3.1749516,0.4760447,0.022170007,0.4,0.0,0.36545676,0.04095931,0.91406983,0.022163989,0.37304413,0.1069146,0.08834698,0.021390472
375316653866487564,4072778505999135744,0.5434095,2160.8181021920077,2.5197626123723325,1.5076807E-5,18.24385,0.02174177,0.19909212,0.0029015096,0.07763144,0.0075188507,0.29251698,0.034704342,0.7076108,0.009238175,0.09879296,0.016457459,0.25827098,0.021526163,null,null,null,null,"TWOGAUSSIANS",8,2.9454978,0.19909212,0.0029009345,0.4,0.0,0.28403142,0.033441294,0.7076108,0.009238175,0.4,0.0,0.24978386,0.018767828
375316653866487564,4072779120164531968,0.4899501,2150.2464644481556,1.1916897674198377,1.2267838E-5,18.884417,0.009605214,0.41304427,0.0073512513,0.028572308,0.01303315,0.42009187,4.3367686,0.7653652,0.004127995,0.048315056,0.00813612,0.23173298,0.04928297,null,null,null,null,"TWOGAUSSIANS",8,2.7819128,0.41304427,0.0073512513,0.16000493,0.07298564,0.42009187,4.3367686,0.7653652,0.004127995,0.27056432,0.045562267,0.23173298,0.04928297
375316653866487564,4072779227562633984,0.49852017,2239.8859926374935,0.20651703664950977,6.079264E-5,19.635096,0.020464135,0.29161054,0.0108825015,0.092911445,0.015466919,0.25279677,0.035015542,0.778101,0.0034945654,0.05955413,0.009787485,0.28174993,0.034497067,null,null,null,null,"TWOGAUSSIANS",8,1.4018837,0.778101,0.0034945654,0.33350313,0.054809917,0.27998433,0.034769487,0.29161054,0.0108825015,0.4,0.0,0.25103083,0.03463586
375316653866487564,4072779399353070464,0.51657015,2198.8005074042812,3.3869211065025016,2.5606398E-5,19.411528,0.037468873,0.23224701,0.0053050667,0.07478518,0.0123796705,0.44534186,0.041984674,0.7305937,0.01015407,0.0685668,0.025672827,0.5563452,0.12287157,null,null,null,null,"TWOGAUSSIANS",8,3.764869,0.7305937,0.01015407,0.38397405,0.067954905,0.5541782,0.13180605,0.23224701,0.0053050667,0.4,0.017025754,0.4431748,0.037772853
375316653866487564,4072779742950224768,0.48243025,2211.418397059134,0.203970304068886,3.777958E-5,18.978292,0.087366335,0.24724731,0.011238128,0.12189446,0.018151103,0.5122158,0.09051384,0.7092553,0.013837324,0.11018139,0.019432217,0.57387763,0.09410663,null,null,null,null,"TWOGAUSSIANS",8,4.8576,0.7092553,0.013837324,0.4,0.0,0.50086737,0.07023071,0.24733731,0.011128353,0.4,0.0,0.4388776,0.024707321
375316653866487564,4072779880389170176,0.47334427,2220.512820774606,0.20649464408351723,2.3082577E-5,19.116405,0.009247114,0.2925931,0.008473243,0.090457045,0.016033124,0.12991098,0.019527063,0.7765335,0.01069746,0.08013184,0.014412854,0.15286742,0.024256887,null,null,null,null,"TWOGAUSSIANS",8,2.067255,0.7765335,0.01069746,0.4,0.0,0.14998794,0.025537428,0.2925931,0.008473243,0.4,0.0,0.1270314,0.020362215
375316653866487564,4072780017828815232,0.59949106,2175.830535283382,2.740644645474858,1.4931684E-5,17.966228,0.027730193,0.20810339,0.008989283,0.105209954,0.019111237,0.19895203,0.026833382,0.6921676,0.0026141568,0.09429759,0.007868112,0.39437142,0.025062911,null,null,null,null,"TWOGAUSSIANS",8,2.4086769,0.6921676,0.0026141568,0.4,0.0,0.37526006,0.01453706,0.20810339,0.008994809,0.4,0.0,0.17983532,0.0117688645
375316653866487564,4072780327066642688,0.51675516,2199.463874190312,3.3520639821345815,2.88711E-5,19.57565,0.040810935,0.19776446,0.010514852,0.07320247,0.021216255,0.36313874,0.030022418,0.7124567,0.008972774,0.081326336,0.010549779,0.51427954,0.03931611,null,null,null,null,"TWOGAUSSIANS",8,4.0977983,0.7124567,0.008972774,0.4,0.0,0.5108852,0.033555537,0.19776446,0.010514852,0.4,0.043568347,0.3597444,0.027616601
375316653866487564,4072780597601576832,0.42828113,2190.4604291342707,0.512226714801018,5.969361E-5,17.48733,0.024531806,0.23848668,0.014814062,0.057970047,0.026323874,0.0665627,0.027651092,0.5920193,0.023124214,0.16172472,0.089135565,0.049402043,0.022485562,null,null,null,null,"TWOGAUSSIANS",8,4.4010935,0.24166667,0.012775826,0.32463226,0.13138898,0.06981319,0.029108513,0.5920193,0.023124214,0.4,0.0,0.04800937,0.0057413597
375316653866487564,4072780705024866304,0.48122963,2168.1458432869576,1.9785607646476635,1.7807604E-5,19.494247,0.013715296,0.10737702,0.0055176388,0.059883274,0.0049947267,0.280928,0.015556345,0.42918336,0.0112445885,0.06064214,0.009646377,0.2999813,0.047513057,null,null,null,null,"TWOGAUSSIANS",8,3.6753993,0.42918336,0.0112445885,0.339596,0.05401971,0.29998136,0.047513235,0.10737702,0.0055176388,0.33534634,0.02797047,0.28092813,0.015556158
