Gaia/vari_eclipsing_binary/VariEclipsingBinary_641211-641376.csv
# %ECSV 1.0
# ---
# delimiter: ','
# meta: !!omap
# - RELEASE: Gaia DR3
# - TABLE: vari_eclipsing_binary
# - DESCRIPTION: >
#     This table describes the properties of the eclipsing binaries resulting from the variability analysis. 
# - CITATION: >
#     How to cite and acknowledge Gaia: 
#     https://gea.esac.esa.int/archive/documentation/credits.html 
# - KNOWN_ISSUES: >
#     Known issues: 
#     https://www.cosmos.esa.int/web/gaia-users/known-issues 
# - DOCUMENTATION: >
#     Tutorials and documentation: 
#     https://www.cosmos.esa.int/web/gaia-users/archive 
# datatype:
# - 
#   name: solution_id
#   datatype: int64
#   description: Solution Identifier
#   meta:
#     ucd: meta.version
# - 
#   name: source_id
#   datatype: int64
#   description: Unique source identifier
#   meta:
#     ucd: meta.id;meta.main
# - 
#   name: global_ranking
#   datatype: float32
#   description: Number between 0 (worst) and 1 (best)
#   meta:
#     ucd: stat.param
# - 
#   name: reference_time
#   datatype: float64
#   unit: d
#   description: Reference time used for the geometric model fit
#   meta:
#     ucd: time.epoch
# - 
#   name: frequency
#   datatype: float64
#   unit: d**-1
#   description: Frequency of geometric model of the eclipsing binary light curve
#   meta:
#     ucd: src.orbital
# - 
#   name: frequency_error
#   datatype: float32
#   unit: d**-1
#   description: "Uncertainty of \\texttt{frequency}"
#   meta:
#     ucd: stat.error
# - 
#   name: geom_model_reference_level
#   datatype: float32
#   unit: mag
#   description: Magnitude reference level of geometric model
#   meta:
#     ucd: phot.mag;em.opt
# - 
#   name: geom_model_reference_level_error
#   datatype: float32
#   unit: mag
#   description: "Uncertainty of \\texttt{geomModelReferenceLevel}"
#   meta:
#     ucd: stat.error;phot.mag;em.opt
# - 
#   name: geom_model_gaussian1_phase
#   datatype: float32
#   description: Phase of the Gaussian 1 component
#   meta:
#     ucd: time.phase
# - 
#   name: geom_model_gaussian1_phase_error
#   datatype: float32
#   description: "Uncertainty of \\texttt{geomModelGaussian1Phase}"
#   meta:
#     ucd: stat.error;time.phase
# - 
#   name: geom_model_gaussian1_sigma
#   datatype: float32
#   description: "Standard deviation [phase] of Gaussian 1 component"
#   meta:
#     ucd: stat.stdev
# - 
#   name: geom_model_gaussian1_sigma_error
#   datatype: float32
#   description: "Uncertainty of \\texttt{geomModelGaussian1Sigma}"
#   meta:
#     ucd: stat.error
# - 
#   name: geom_model_gaussian1_depth
#   datatype: float32
#   unit: mag
#   description: Magnitude depth of Gaussian 1 component
#   meta:
#     ucd: src.var.amplitude
# - 
#   name: geom_model_gaussian1_depth_error
#   datatype: float32
#   unit: mag
#   description: "Uncertainty of \\texttt{geomModelGaussian1Depth}"
#   meta:
#     ucd: stat.error;src.var.amplitude
# - 
#   name: geom_model_gaussian2_phase
#   datatype: float32
#   description: Phase of Gaussian 2 component
#   meta:
#     ucd: time.phase
# - 
#   name: geom_model_gaussian2_phase_error
#   datatype: float32
#   description: "Uncertainty of \\texttt{geomModelGaussian2Phase}"
#   meta:
#     ucd: stat.error;time.phase
# - 
#   name: geom_model_gaussian2_sigma
#   datatype: float32
[...]
#   datatype: float32
#   description: "Secondary eclipse: uncertainty of \\texttt{derivedSecondaryEclDuration}"
#   meta:
#     ucd: stat.error;time.duration
# - 
#   name: derived_secondary_ecl_depth
#   datatype: float32
#   unit: mag
#   description: "Secondary eclipse: depth"
#   meta:
#     ucd: src.var.amplitude
# - 
#   name: derived_secondary_ecl_depth_error
#   datatype: float32
#   unit: mag
#   description: "Secondary eclipse: uncertainty of \\texttt{derivedSecondaryEclDepth}"
#   meta:
#     ucd: stat.error;src.var.amplitude
solution_id,source_id,global_ranking,reference_time,frequency,frequency_error,geom_model_reference_level,geom_model_reference_level_error,geom_model_gaussian1_phase,geom_model_gaussian1_phase_error,geom_model_gaussian1_sigma,geom_model_gaussian1_sigma_error,geom_model_gaussian1_depth,geom_model_gaussian1_depth_error,geom_model_gaussian2_phase,geom_model_gaussian2_phase_error,geom_model_gaussian2_sigma,geom_model_gaussian2_sigma_error,geom_model_gaussian2_depth,geom_model_gaussian2_depth_error,geom_model_cosine_half_period_amplitude,geom_model_cosine_half_period_amplitude_error,geom_model_cosine_half_period_phase,geom_model_cosine_half_period_phase_error,model_type,num_model_parameters,reduced_chi2,derived_primary_ecl_phase,derived_primary_ecl_phase_error,derived_primary_ecl_duration,derived_primary_ecl_duration_error,derived_primary_ecl_depth,derived_primary_ecl_depth_error,derived_secondary_ecl_phase,derived_secondary_ecl_phase_error,derived_secondary_ecl_duration,derived_secondary_ecl_duration_error,derived_secondary_ecl_depth,derived_secondary_ecl_depth_error
[from data line 601]
375316653866487564,5641096289512721920,0.5388143,2188.3679795699322,3.2286786080625585,1.110721E-5,18.63122,0.054534774,0.23448206,0.0040568933,0.121686935,0.016464153,0.3333948,0.052805316,0.73171985,0.0020927938,0.11502828,0.011598512,0.35250273,0.053372223,null,null,null,null,"TWOGAUSSIANS",8,2.5701487,0.73171985,0.0020927938,0.4,0.0,0.2808952,0.007185748,0.23449206,0.004073099,0.4,0.0,0.26169878,0.00904937
375316653866487564,5641099042592793728,0.5605955,2180.2419080935647,1.6536999149735605,6.8864965E-6,16.594507,0.005878396,0.27887523,0.0023280669,0.09801874,0.00478587,0.13831446,0.005708125,0.77885705,0.0034784721,0.10236944,0.008055785,0.12262061,0.0051793978,null,null,null,null,"TWOGAUSSIANS",8,3.6816704,0.27887523,0.0023280669,0.4,0.0,0.1267604,0.003040223,0.77885705,0.0034784721,0.4,0.0,0.11106557,0.0037847136
375316653866487564,5641101031156866176,0.49889636,2202.790415833326,0.8882213581856437,6.1046503E-6,18.107157,0.0028805565,0.24978656,0.0027286585,0.013633076,0.0022313322,0.12762617,0.036164664,0.7525251,0.0021370985,0.016064478,0.0018556808,0.34291437,0.05197863,0.011448128,0.003809365,0.24978656,0.0027286585,"TWOGAUSSIANS_WITH_ELLIPSOIDAL_ON_ECLIPSE1",9,5.584153,0.7525251,0.0021370985,0.08996108,0.010391813,0.3658038,0.052350834,0.24978656,0.0027286585,0.07634523,0.012495461,0.15052238,0.035874188
375316653866487564,5641106464296129152,0.5395589,2202.9267585021776,2.6906588890799195,8.447061E-6,17.096434,0.0023588992,0.78502804,0.0022634896,0.012302601,0.0070483615,0.049411554,0.020109342,null,null,null,null,null,null,0.116820715,0.0033826877,0.78502804,0.0022634896,"ONEGAUSSIAN_WITH_ELLIPSOIDAL",6,13.68751,0.78502804,0.0022634896,0.068894565,0.039470825,0.28305298,0.01973328,null,null,null,null,null,null
375316653866487564,5641108177982660480,0.52578825,2184.481796050815,1.3855870879613015,1.0955819E-5,18.148539,0.0050386866,0.3291058,0.015885513,0.027340448,0.04032071,0.18835592,7.028435,0.8173161,0.0023317835,0.024594128,0.0038695964,0.34260628,0.019287493,null,null,null,null,"TWOGAUSSIANS",8,10.592777,0.8173161,0.0023317835,0.13772713,0.02166974,0.34260628,0.019287493,0.3291058,0.015885513,0.15310651,0.22579598,0.18835592,7.028435
375316653866487564,5641109002616527104,0.5587913,2217.14412005186,1.928148439414765,1.2853318E-5,17.914026,0.006450446,0.60219485,0.0016520851,0.018492991,0.0011510021,0.5701898,0.034434043,0.722149,0.106495015,0.157785,0.11343093,0.015853696,0.007444142,null,null,null,null,"TWOGAUSSIANS",8,5.623285,0.6022248,0.0016500336,0.10356075,0.0064456123,0.58185637,0.032787547,0.722149,0.106495015,0.4,0.0,0.015644465,0.0064132507
375316653866487564,5641110243860601216,0.4867514,2195.1445352108935,3.602098423477642,1.8780913E-5,18.663616,0.027279546,0.20782435,0.0070698145,0.10227209,0.015684623,0.23647436,0.027102211,0.7337457,0.0076128338,0.09618542,0.0145398835,0.21737579,0.028662916,null,null,null,null,"TWOGAUSSIANS",8,6.0436425,0.20782435,0.007062671,0.4,0.0,0.2229264,0.017971361,0.7337557,0.0076187938,0.4,0.0,0.20383212,0.021346979
375316653866487564,5641111343379796352,0.7013533,2230.4734428353604,0.4197090013804512,3.875249E-6,12.850532,0.0012770294,0.26731133,6.674334E-4,0.023978036,5.209513E-4,0.6561053,0.012975017,0.7385191,6.4101303E-4,0.017150216,4.3395814E-4,0.73318803,0.006878508,0.0043196105,0.0019459565,0.7385191,6.4101303E-4,"TWOGAUSSIANS_WITH_ELLIPSOIDAL_ON_ECLIPSE2",9,66.94214,0.7385191,6.4101303E-4,0.09604121,0.0024301654,0.74182725,0.008173389,0.2672913,6.5946113E-4,0.134277,0.0029173272,0.664465,0.012967481
375316653866487564,5641115707066577536,0.49007702,2191.157621749533,2.452657244402709,1.6333986E-5,17.992605,0.0053011156,0.15075476,0.0023347472,0.040623892,0.0032981702,0.14533897,0.016705656,0.66987485,0.0038468542,0.02418376,0.016148932,0.086725734,0.04248558,0.05089962,0.0109135555,0.66987485,0.0038468542,"TWOGAUSSIANS_WITH_ELLIPSOIDAL_ON_ECLIPSE2",9,9.169289,0.15234476,0.002055111,0.22749381,0.018469753,0.24579689,0.011367643,0.66987485,0.0038468542,0.13542905,0.090434015,0.18852495,0.04713743
375316653866487564,5641121823099924992,0.59165466,2196.884135549327,2.2938293108373804,5.4123047E-6,16.2968,7.907205E-4,0.2566668,8.6554297E-4,0.04848044,0.0013419703,0.078323655,0.0021329196,0.7689922,0.004284399,0.023074156,0.004881807,0.016383115,0.0024814354,0.024355212,0.0012706425,0.2566668,8.6554297E-4,"TWOGAUSSIANS_WITH_ELLIPSOIDAL_ON_ECLIPSE1",9,1.5958334,0.2566668,8.6554297E-4,0.27149045,0.0075150332,0.12703389,0.0014939461,0.7689922,0.004284399,0.12921527,0.02733812,0.06480181,0.0023666706
375316653866487564,5641124331360603264,0.5271072,2202.878342212046,0.43461415901561545,2.0043253E-5,15.669987,0.0016790841,0.25517976,0.012971497,0.05259304,0.013841409,0.02657676,0.004823296,0.78207755,0.0051898034,0.032338478,0.0071001337,0.09922666,0.036154736,0.021320125,0.0025379078,0.78207755,0.0051898034,"TWOGAUSSIANS_WITH_ELLIPSOIDAL_ON_ECLIPSE2",9,10.723318,0.78207755,0.0051898034,0.18109548,0.039760746,0.14186653,0.038478725,0.26214975,0.009389804,0.29452103,0.07751189,0.06831925,0.0038163702
375316653866487564,5641125052915161856,0.5373963,2188.8132093243216,2.2132431533758856,7.0877095E-6,16.821005,0.009156158,0.24341461,0.0025244576,0.088456094,0.0036549321,0.37600383,0.010427147,0.7426714,0.002375638,0.087368354,0.004425811,0.34843254,0.012334503,null,null,null,null,"TWOGAUSSIANS",8,21.471699,0.24341461,0.0025244576,0.4,0.0,0.36345783,0.008834635,0.7426714,0.002375638,0.4,0.0,0.33588657,0.012511913
375316653866487564,5641128931262420608,0.50393015,2181.585440699794,3.006687975130326,1.4283008E-5,19.388088,0.010524205,0.28483918,0.006119721,0.08664956,0.0101780705,0.25030306,0.017354535,0.7790493,0.0047739446,0.083363004,0.006744186,0.2556534,0.012876713,null,null,null,null,"TWOGAUSSIANS",8,2.14455,0.7790493,0.0047739446,0.4,0.0,0.24960022,0.011831448,0.28483918,0.006119721,0.4,0.0,0.24424985,0.018572811
375316653866487564,5641132474618797056,0.43838003,2138.1344073706955,2.6465172695164707,5.924165E-5,17.184645,0.016493537,0.18595903,0.021109931,0.06050339,0.07992061,0.0597505,0.14717689,0.66223484,0.012048758,0.094648845,0.025180286,0.14864796,0.022079993,null,null,null,null,"TWOGAUSSIANS",8,31.50728,0.66223484,0.012048758,0.4,0.0,0.14796728,0.023805974,0.18595903,0.021122808,0.338819,0.43233496,0.059070326,0.14802319
375316653866487564,5641133844708069888,0.60307235,2173.3900984654465,3.772260845081638,5.2684477E-6,17.821173,0.015233782,0.19540495,9.67841E-4,0.048434287,0.0045676366,0.43639025,0.025989238,0.6873856,0.003863198,0.051856965,0.0073227487,0.3474085,0.030502358,0.12915777,0.023335788,0.19540495,9.67841E-4,"TWOGAUSSIANS_WITH_ELLIPSOIDAL_ON_ECLIPSE1",9,7.2869515,0.19540495,9.67841E-4,0.271232,0.025578763,0.69470143,0.030109858,0.6884756,0.0031607787,0.29039901,0.041007392,0.60515356,0.034262165
375316653866487564,5641135429551357312,0.44686514,2193.900211381423,1.0611623577353182,1.7002176E-5,19.770487,0.01384353,0.27302903,0.004577585,0.023829855,0.0041825394,0.35293776,0.09830426,0.7493667,0.02757196,0.021610696,0.019910155,0.2871662,0.13514878,0.050620433,0.02152321,0.27302903,0.004577585,"TWOGAUSSIANS_WITH_ELLIPSOIDAL_ON_ECLIPSE1",9,7.511595,0.27302903,0.004577585,0.13344719,0.02342222,0.45417863,0.086291626,0.7496667,0.027243938,0.1210199,0.11149687,0.38621357,0.122390024
375316653866487564,5641138620709268992,0.5268007,2225.6691612110653,1.5548426313185888,8.427097E-6,18.250679,0.0042995648,0.2319722,9.2347997E-4,0.030658303,0.0012904742,0.56232065,0.027419506,0.73258305,0.0020658572,0.031023579,0.0018442483,0.69138145,0.08232228,null,null,null,null,"TWOGAUSSIANS",8,10.416886,0.73258305,0.0020658572,0.17373204,0.010327791,0.69138145,0.08232228,0.2319722,9.2347997E-4,0.17168649,0.0072266557,0.56232065,0.027419506
375316653866487564,5641143194856998016,0.67277884,2231.2799713513573,0.4798092507565886,6.9598623E-6,16.084692,0.0029253399,0.6781111,5.038001E-4,0.0266558,4.9112487E-4,1.3488181,0.023933636,null,null,null,null,null,null,0.017610712,0.004352662,0.6781111,5.038001E-4,"ONEGAUSSIAN_WITH_ELLIPSOIDAL",6,33.42161,0.6781111,5.038001E-4,0.14927249,0.0027502994,1.3840395,0.024340093,null,null,null,null,null,null
375316653866487564,5641143435375131904,0.4864213,2226.1006439251682,1.3415273183125038,9.856626E-6,15.423691,0.0025568139,0.4241153,0.013824966,0.03837566,0.008202945,0.029806327,0.009068884,0.75678843,0.0027067277,0.037221607,0.0034309756,0.11481623,0.01024574,0.035130974,0.003609992,0.75678843,0.0027067277,"TWOGAUSSIANS_WITH_ELLIPSOIDAL_ON_ECLIPSE2",9,61.06343,0.75678843,0.0027067277,0.208441,0.019213464,0.18507804,0.009345416,0.3961053,0.23515795,0.21490371,0.04593649,0.05168072,0.032660287
375316653866487564,5641143744612774272,0.6846296,2248.8497207502337,1.415353293488299,2.0110554E-6,13.995161,0.0027122782,0.24425055,5.95693E-4,0.04342486,9.415054E-4,0.25703976,0.0064652693,0.74496675,0.0011530468,0.03946061,0.0013373432,0.38052058,0.0063715,0.060510144,0.0034881635,0.24425055,5.95693E-4,"TWOGAUSSIANS_WITH_ELLIPSOIDAL_ON_ECLIPSE1",9,35.65943,0.74496675,0.0011530468,0.22097942,0.0074891225,0.5015381,0.0042820075,0.24425055,5.95693E-4,0.24317922,0.0052724304,0.37805974,0.0028324341
375316653866487564,5641147695983509760,0.67567044,2206.3216224938346,0.61555155878358,1.5233883E-6,13.493464,5.9864315E-4,0.2331361,7.854566E-4,0.025063738,5.264859E-4,0.38747087,0.0063815983,0.7332989,3.4672566E-4,0.025933286,2.8071567E-4,0.3511068,0.0041925455,0.0051339474,0.0010330038,0.2331361,7.854566E-4,"TWOGAUSSIANS_WITH_ELLIPSOIDAL_ON_ECLIPSE1",9,29.933966,0.2331361,7.854566E-4,0.14035694,0.0029483212,0.39773875,0.00607978,0.7332989,3.4672566E-4,0.1452264,0.0015720078,0.36137468,0.0038967058
375316653866487564,5641147902142026880,0.5283074,2199.67851987697,3.4457108844530415,1.719891E-5,15.929709,0.0134310685,0.26073542,0.0047296383,0.100243665,0.0070154243,0.2915339,0.014296062,0.7546767,0.004026472,0.079565756,0.0060736164,0.36957115,0.016353596,null,null,null,null,"TWOGAUSSIANS",8,117.44927,0.7546767,0.004026472,0.4,0.0,0.3573632,0.015344996,0.26073542,0.0047296383,0.4,0.0,0.27932352,0.011009726
375316653866487564,5641152227167247744,0.4873195,2203.7994874843607,4.247737175109997,1.8396877E-5,17.390032,0.047842186,0.3050338,0.010792699,0.14044748,0.024637632,0.16688211,0.04448527,0.75410604,0.00813624,0.124570645,0.018279515,0.20598893,0.039866194,null,null,null,null,"TWOGAUSSIANS",8,8.404803,0.75410604,0.00813624,0.4,0.0,0.16485506,0.010914184,0.30607378,0.009652756,0.4,0.0,0.12499319,0.006962203
375316653866487564,5641155216464655744,0.53138065,2194.2269878512466,3.1480403444596874,9.842148E-6,18.110657,0.008142648,0.23955448,0.0043261396,0.08617599,0.0057404847,0.29184583,0.011472399,0.7548357,0.0039047878,0.08893139,0.0048280996,0.25712034,0.012508774,null,null,null,null,"TWOGAUSSIANS",8,5.4803205,0.23955448,0.0043261396,0.4,0.0,0.2846398,0.010556115,0.7548357,0.0039047878,0.4,0.0,0.24991427,0.011835061
375316653866487564,5641158721158610816,0.41105542,2194.5412059614528,1.941470820074795,2.7577971E-5,18.08112,0.0178196,0.3468601,0.017371781,0.16107884,0.031177938,0.1395961,0.018407146,0.743862,0.008171954,0.039595883,0.008815599,0.10632514,0.022214383,null,null,null,null,"TWOGAUSSIANS",8,29.196926,0.3468601,0.017371781,0.4,0.0,0.13663144,0.017078552,0.743862,0.008171954,0.22173694,0.04936735,0.11018297,0.02354576
375316653866487564,5641160477806017920,0.6126927,2238.9373010489194,2.2281428198467963,3.8098085E-6,15.181095,0.003270491,0.24268042,8.2990696E-4,0.08608116,0.0016604076,0.27186096,0.0039303843,0.74544644,0.0018537622,0.097851135,0.003959089,0.1909524,0.0034150581,null,null,null,null,"TWOGAUSSIANS",8,14.315521,0.24268042,8.2990696E-4,0.4,0.0,0.26118344,0.0035838,0.74544644,0.0018537622,0.4,0.0,0.18027408,0.003869369
375316653866487564,5641160920181936512,0.4901625,2222.7805715399845,0.9634179365392406,2.9389994E-5,17.25093,0.0039893244,0.11094231,3.4309126E-4,0.021455247,0.0016974462,0.635771,0.06650603,0.6349143,0.02054536,0.01151261,0.0079010585,0.24445055,0.48339543,0.0144345155,0.0074382075,0.6349143,0.02054536,"TWOGAUSSIANS_WITH_ELLIPSOIDAL_ON_ECLIPSE2",9,24.659,0.110982314,3.343001E-4,0.12014939,0.009505698,0.66399103,0.07066413,0.6349143,0.02054536,0.06447061,0.04424593,0.27331957,0.48237246
375316653866487564,5641160958838674304,0.5286539,2231.3620721567295,1.7732152733359752,4.2477204E-6,19.603144,0.0061165374,0.21043149,0.004329616,0.032078363,0.0033405963,0.37246284,0.04919121,0.7104006,0.0035281042,0.028247664,0.0019262284,0.7428991,0.07384951,null,null,null,null,"TWOGAUSSIANS",8,3.0347393,0.7104006,0.0035281042,0.15818691,0.010786879,0.7428991,0.07384951,0.21043149,0.004329616,0.17963883,0.018707339,0.37246284,0.04919121
375316653866487564,5641161160699653376,0.5077687,2246.1218941970583,3.8355267023959048,7.16339E-6,19.207386,0.019350182,0.29307163,0.0022483338,0.04470446,0.0052667386,0.3518436,0.053617697,0.7959901,0.007977322,0.03689376,0.02251261,0.20134936,0.05704002,0.12020645,0.03059924,0.29307163,0.0022483338,"TWOGAUSSIANS_WITH_ELLIPSOIDAL_ON_ECLIPSE1",9,5.946382,0.29307163,0.0022483338,0.25034496,0.029493738,0.5922564,0.04001096,0.7959901,0.007947225,0.20660505,0.12607062,0.44168136,0.094193995
375316653866487564,5641163291001578112,0.53236043,2209.0163997157933,3.1993685174136752,1.2953228E-5,17.953684,0.012381184,0.27888224,0.002302879,0.10569596,0.007860218,0.23296425,0.010033471,0.7863805,0.0045740018,0.09317098,0.007778714,0.21297264,0.0152128115,null,null,null,null,"TWOGAUSSIANS",8,3.743611,0.27888224,0.002302879,0.4,0.0,0.215784,0.008652063,0.7863805,0.0045741196,0.4,0.0,0.19579892,0.015475398
375316653866487564,5641163909476935552,0.4869035,2235.3805126264833,3.944596005889563,2.7111739E-5,19.791958,0.015156779,0.19228977,0.009409521,0.076506674,0.010507995,0.28761488,0.025817024,0.6932337,0.004543111,0.057740342,0.004095445,0.45892987,0.02603221,null,null,null,null,"TWOGAUSSIANS",8,4.5165343,0.6932337,0.004543111,0.3233459,0.02293449,0.4582737,0.025815738,0.19228977,0.009409521,0.4,0.0,0.2869587,0.025789948
375316653866487564,5641164631031469696,0.5660104,2231.9857075902323,3.424042959825145,6.701434E-6,19.190634,0.012426096,0.2369825,0.0030097323,0.07934216,0.004524555,0.4375768,0.024923144,0.7446976,0.002255731,0.070780635,0.0039035687,0.56718296,0.014168717,null,null,null,null,"TWOGAUSSIANS",8,3.117021,0.7446976,0.002255731,0.39637154,0.02072221,0.5639463,0.014225364,0.2369825,0.0030097323,0.4,0.0,0.43434012,0.025100937
375316653866487564,5641164802830148224,0.4695047,2216.0392818880173,4.264276869158777,1.1079956E-4,19.033953,0.006553065,0.17811674,0.018256662,0.01945738,0.00877962,0.71347827,3.791023,0.5095915,0.026671557,0.06156259,0.023815485,0.05914293,0.0239799,null,null,null,null,"TWOGAUSSIANS",8,4.4332633,0.17811674,0.018256662,0.10896132,0.04916587,0.71347827,3.791023,0.5095915,0.026671557,0.3447505,0.13336672,0.05914293,0.0239799
375316653866487564,5641165494327945984,0.5454385,2210.4480824410934,1.0026191745985882,9.206954E-6,17.655005,0.005202779,0.38478142,0.0032182522,0.019632401,0.0022359246,0.939877,0.189456,0.8888327,0.012806515,0.016334137,0.0046734903,0.44286653,0.26993614,null,null,null,null,"TWOGAUSSIANS",8,25.624447,0.38478142,0.0032182522,0.10994144,0.012521178,0.939877,0.189456,0.8888327,0.012806515,0.091471165,0.026171545,0.44286653,0.26993614
375316653866487564,5641171163681706368,0.62905645,2205.009496538485,1.5733739455659943,1.7136804E-6,18.592257,0.0056251534,0.27550143,0.0065541347,0.03408957,0.005786376,0.11915595,0.015712528,0.77343094,7.809982E-4,0.035195928,6.032622E-4,1.1105717,0.020463329,0.035014298,0.008011575,0.27550143,0.0065541347,"TWOGAUSSIANS_WITH_ELLIPSOIDAL_ON_ECLIPSE1",9,3.1988533,0.77344096,7.6849567E-4,0.1970972,0.0033782686,1.1805886,0.016203877,0.27550143,0.0065541347,0.19090159,0.032403704,0.18918455,0.010972234
