Gaia/vari_eclipsing_binary/VariEclipsingBinary_622839-623577.csv
# %ECSV 1.0
# ---
# delimiter: ','
# meta: !!omap
# - RELEASE: Gaia DR3
# - TABLE: vari_eclipsing_binary
# - DESCRIPTION: >
#     This table describes the properties of the eclipsing binaries resulting from the variability analysis. 
# - CITATION: >
#     How to cite and acknowledge Gaia: 
#     https://gea.esac.esa.int/archive/documentation/credits.html 
# - KNOWN_ISSUES: >
#     Known issues: 
#     https://www.cosmos.esa.int/web/gaia-users/known-issues 
# - DOCUMENTATION: >
#     Tutorials and documentation: 
#     https://www.cosmos.esa.int/web/gaia-users/archive 
# datatype:
# - 
#   name: solution_id
#   datatype: int64
#   description: Solution Identifier
#   meta:
#     ucd: meta.version
# - 
#   name: source_id
#   datatype: int64
#   description: Unique source identifier
#   meta:
#     ucd: meta.id;meta.main
# - 
#   name: global_ranking
#   datatype: float32
#   description: Number between 0 (worst) and 1 (best)
#   meta:
#     ucd: stat.param
# - 
#   name: reference_time
#   datatype: float64
#   unit: d
#   description: Reference time used for the geometric model fit
#   meta:
#     ucd: time.epoch
# - 
#   name: frequency
#   datatype: float64
#   unit: d**-1
#   description: Frequency of geometric model of the eclipsing binary light curve
#   meta:
#     ucd: src.orbital
# - 
#   name: frequency_error
#   datatype: float32
#   unit: d**-1
#   description: "Uncertainty of \\texttt{frequency}"
#   meta:
#     ucd: stat.error
# - 
#   name: geom_model_reference_level
#   datatype: float32
#   unit: mag
#   description: Magnitude reference level of geometric model
#   meta:
#     ucd: phot.mag;em.opt
# - 
#   name: geom_model_reference_level_error
#   datatype: float32
#   unit: mag
#   description: "Uncertainty of \\texttt{geomModelReferenceLevel}"
#   meta:
#     ucd: stat.error;phot.mag;em.opt
# - 
#   name: geom_model_gaussian1_phase
#   datatype: float32
#   description: Phase of the Gaussian 1 component
#   meta:
#     ucd: time.phase
# - 
#   name: geom_model_gaussian1_phase_error
#   datatype: float32
#   description: "Uncertainty of \\texttt{geomModelGaussian1Phase}"
#   meta:
#     ucd: stat.error;time.phase
# - 
#   name: geom_model_gaussian1_sigma
#   datatype: float32
#   description: "Standard deviation [phase] of Gaussian 1 component"
#   meta:
#     ucd: stat.stdev
# - 
#   name: geom_model_gaussian1_sigma_error
#   datatype: float32
#   description: "Uncertainty of \\texttt{geomModelGaussian1Sigma}"
#   meta:
#     ucd: stat.error
# - 
#   name: geom_model_gaussian1_depth
#   datatype: float32
#   unit: mag
#   description: Magnitude depth of Gaussian 1 component
#   meta:
#     ucd: src.var.amplitude
# - 
#   name: geom_model_gaussian1_depth_error
#   datatype: float32
#   unit: mag
#   description: "Uncertainty of \\texttt{geomModelGaussian1Depth}"
#   meta:
#     ucd: stat.error;src.var.amplitude
# - 
#   name: geom_model_gaussian2_phase
#   datatype: float32
#   description: Phase of Gaussian 2 component
#   meta:
#     ucd: time.phase
# - 
#   name: geom_model_gaussian2_phase_error
#   datatype: float32
#   description: "Uncertainty of \\texttt{geomModelGaussian2Phase}"
#   meta:
#     ucd: stat.error;time.phase
# - 
#   name: geom_model_gaussian2_sigma
#   datatype: float32
[...]
#   datatype: float32
#   description: "Secondary eclipse: uncertainty of \\texttt{derivedSecondaryEclDuration}"
#   meta:
#     ucd: stat.error;time.duration
# - 
#   name: derived_secondary_ecl_depth
#   datatype: float32
#   unit: mag
#   description: "Secondary eclipse: depth"
#   meta:
#     ucd: src.var.amplitude
# - 
#   name: derived_secondary_ecl_depth_error
#   datatype: float32
#   unit: mag
#   description: "Secondary eclipse: uncertainty of \\texttt{derivedSecondaryEclDepth}"
#   meta:
#     ucd: stat.error;src.var.amplitude
solution_id,source_id,global_ranking,reference_time,frequency,frequency_error,geom_model_reference_level,geom_model_reference_level_error,geom_model_gaussian1_phase,geom_model_gaussian1_phase_error,geom_model_gaussian1_sigma,geom_model_gaussian1_sigma_error,geom_model_gaussian1_depth,geom_model_gaussian1_depth_error,geom_model_gaussian2_phase,geom_model_gaussian2_phase_error,geom_model_gaussian2_sigma,geom_model_gaussian2_sigma_error,geom_model_gaussian2_depth,geom_model_gaussian2_depth_error,geom_model_cosine_half_period_amplitude,geom_model_cosine_half_period_amplitude_error,geom_model_cosine_half_period_phase,geom_model_cosine_half_period_phase_error,model_type,num_model_parameters,reduced_chi2,derived_primary_ecl_phase,derived_primary_ecl_phase_error,derived_primary_ecl_duration,derived_primary_ecl_duration_error,derived_primary_ecl_depth,derived_primary_ecl_depth_error,derived_secondary_ecl_phase,derived_secondary_ecl_phase_error,derived_secondary_ecl_duration,derived_secondary_ecl_duration_error,derived_secondary_ecl_depth,derived_secondary_ecl_depth_error
[from data line 110]
375316653866487564,5479990073372107008,0.4390056,2225.5602936366377,0.3777579322871361,3.1112144E-5,18.38479,0.0059330366,0.06798836,0.015069482,0.0664565,0.023488374,0.038650833,0.007410808,0.33055642,0.0038279446,0.019427896,0.010995369,0.15615565,0.0883211,null,null,null,null,"TWOGAUSSIANS",8,3.6543913,0.33055642,0.0038279446,0.10879621,0.061574068,0.1561714,0.08832291,0.06798836,0.015069482,0.37215638,0.10601353,0.038650833,0.007410808
375316653866487564,5480039349534487168,0.44282633,2153.202519788841,2.012596569501113,2.553651E-5,17.489042,0.008098966,0.17196687,0.0060982346,0.028321099,0.0063245394,0.18656598,0.027671522,0.6721272,0.01125471,0.03812588,0.01538068,0.065938495,0.018172055,null,null,null,null,"TWOGAUSSIANS",8,21.591534,0.17196687,0.0060982346,0.15859815,0.03541742,0.18656598,0.027671522,0.6721272,0.01125471,0.21350493,0.0861318,0.065938495,0.018172055
375316653866487564,5480048214346993408,0.6300301,2201.782815990547,1.8466781532436616,4.0231403E-6,14.813293,0.0036717986,0.20913458,0.004178507,0.037432153,0.01980316,0.02029322,0.24445862,0.7058321,8.524298E-4,0.049205985,0.0015026748,0.48514026,0.01958427,0.04093695,0.004180706,0.20913458,0.004178507,"TWOGAUSSIANS_WITH_ELLIPSOIDAL_ON_ECLIPSE1",9,40.274704,0.70593214,7.757316E-4,0.2755535,0.008414978,0.56697905,0.021614548,0.20913458,0.004178507,0.20962004,0.1108977,0.10216615,0.24444853
375316653866487564,5480055047638444288,0.4680762,2205.5809980942463,1.5598244604776081,3.5338264E-5,16.927626,0.004363191,0.26839557,0.00931393,0.042178366,0.007964692,0.05889552,0.024067614,0.7609044,0.01179988,0.06897061,0.011970861,0.11915278,0.021008175,null,null,null,null,"TWOGAUSSIANS",8,13.353992,0.7609044,0.01179988,0.38623545,0.044259775,0.11914751,0.021018315,0.26839557,0.00931393,0.23619886,0.04460228,0.058890257,0.02407072
375316653866487564,5480062130040939776,0.60051817,2208.8627210921636,2.9576861603582936,1.0899462E-5,16.04675,0.039657257,0.20263205,0.00468832,0.055081066,0.011196586,0.24964264,0.08752479,0.7004794,0.0041083824,0.06370023,0.014347966,0.30137354,0.0667751,0.06458112,0.04508046,0.20263205,0.00468832,"TWOGAUSSIANS_WITH_ELLIPSOIDAL_ON_ECLIPSE1",9,35.27898,0.7007394,0.0032991092,0.3567213,0.08034861,0.43038893,0.039979544,0.20263205,0.00468832,0.30845398,0.06270088,0.3786788,0.012284258
375316653866487564,5480076144517700736,0.46321806,2230.1072508669313,1.1596178167777482,3.4790843E-5,19.132812,0.0059930836,0.2427751,0.0058733323,0.031945966,0.009607773,0.07579026,0.08836855,0.76056474,6.1638835E-5,0.010430798,3.4706478E-4,0.4292774,0.0016574305,null,null,null,null,"TWOGAUSSIANS",8,2.7991605,0.76056474,6.1638835E-5,0.05841247,0.0019435628,0.4292774,0.0016574305,0.2427751,0.0058733323,0.17889741,0.05380353,0.07579026,0.08836855
375316653866487564,5480107652397608576,0.61174315,2220.757038689877,3.503774904753068,6.765819E-6,18.497143,0.014755532,0.24593179,0.0023708628,0.04507701,0.0056899386,0.3159772,0.03260803,0.74170375,0.0043405825,0.050258875,0.0065621855,0.341572,0.029721964,0.12449963,0.018833159,0.24593179,0.0023708628,"TWOGAUSSIANS_WITH_ELLIPSOIDAL_ON_ECLIPSE1",9,4.312738,0.7422437,0.0038299926,0.2814497,0.036748238,0.5904168,0.015880298,0.24593179,0.0023708628,0.25243127,0.031863656,0.5649754,0.011343044
375316653866487564,5480153763166204032,0.6109147,2197.951408926863,2.149646883489521,8.921136E-6,15.2790785,0.008195845,0.3192214,0.001567369,0.10376147,0.0042059324,0.21920718,0.007800819,0.8256896,0.0046398407,0.095681444,0.008443793,0.14676039,0.0076238355,null,null,null,null,"TWOGAUSSIANS",8,14.424621,0.3192214,0.001567369,0.4,0.0,0.20486476,0.004253035,0.8256896,0.0046398407,0.4,0.0,0.13242175,0.0067996564
375316653866487564,5480164998800668672,0.53109384,2190.517975502064,4.722246714459113,1.14062805E-5,18.981623,0.016438568,0.28055912,0.002888055,0.084985666,0.0063875094,0.30595702,0.0152550135,0.7833225,0.0066033513,0.09215945,0.014114014,0.2608512,0.061940707,null,null,null,null,"TWOGAUSSIANS",8,1.4315306,0.28055912,0.002888055,0.4,0.0,0.29593956,0.010884251,0.7833225,0.0066033513,0.4,0.0,0.25083354,0.06583595
375316653866487564,5480174211507233408,0.58551365,2220.342438474327,2.569402746166443,5.7903694E-6,14.9863825,0.0067405524,0.29029426,0.019490298,0.027776295,0.012749417,0.14997241,0.055423416,0.80735815,0.0024275933,0.05126014,0.0051493268,0.18889098,0.02028604,0.10495179,0.011323358,0.80735815,0.0024275933,"TWOGAUSSIANS_WITH_ELLIPSOIDAL_ON_ECLIPSE2",9,118.87999,0.80735815,0.0024275933,0.28705677,0.02883623,0.39879292,0.013918087,0.29162425,0.017892828,0.15554725,0.07139674,0.3576578,0.04769885
375316653866487564,5480177132085193344,0.5425924,2218.132193884702,3.3149277055128543,1.4504833E-5,15.203607,0.020532675,0.30009538,0.0026287972,0.094387755,0.007100937,0.46085972,0.018990388,0.8187332,0.0054825395,0.08715941,0.0058801896,0.41940913,0.029076919,null,null,null,null,"TWOGAUSSIANS",8,151.32822,0.30009538,0.0026287972,0.4,0.0,0.4459842,0.017218215,0.8187332,0.0054825395,0.4,0.0,0.4045347,0.02406488
375316653866487564,5480182732722528768,0.48377645,2197.5787084356048,1.630930056627003,4.5523477E-5,19.613075,0.012500229,0.29382,0.04184672,0.080428004,0.078598194,0.060439643,0.03592323,0.7045883,0.0019551967,0.018554997,0.00275505,0.44287264,0.23353493,null,null,null,null,"TWOGAUSSIANS",8,2.133998,0.7045883,0.0019551967,0.10390799,0.01542828,0.44287276,0.23353168,0.29382,0.04184672,0.4,0.19515955,0.060439643,0.03595294
375316653866487564,5480184308973009536,0.42092508,2169.32927886723,1.0554251834001673,6.957389E-5,18.197311,0.005986901,0.2544549,0.051908825,0.01732322,0.012782958,0.36855817,0.3778041,0.8542836,0.004367455,0.0142851425,0.0067592436,0.43658066,218.38484,0.029966917,0.009796175,0.8542836,0.004367455,"TWOGAUSSIANS_WITH_ELLIPSOIDAL_ON_ECLIPSE2",9,16.48781,0.8542836,0.004367455,0.079996794,0.037851766,0.4965144,218.38464,0.25474492,0.058185373,0.09701004,0.07158457,0.4078987,0.36891922
375316653866487564,5480210873348327296,0.4967232,2230.0296431681895,4.8657850208607725,5.3279484E-5,15.662795,0.015111075,0.16933246,0.012722009,0.04970115,0.05372208,0.053659584,0.2725519,0.49504727,0.0013881108,0.027176183,0.0018535512,0.50347567,0.026764544,null,null,null,null,"TWOGAUSSIANS",8,221.31543,0.49504727,0.0013881108,0.15218662,0.010379886,0.50347567,0.026764542,0.16933246,0.012722009,0.27832645,0.30084366,0.053659584,0.2725519
375316653866487564,5480225952976625536,0.55518425,2186.7320985434017,3.939140808124249,2.0023832E-5,19.171902,0.02377129,0.21696691,0.0075337547,0.09169204,0.0077790697,0.44152617,0.028127965,0.710274,0.0052391626,0.09185078,0.007008636,0.5599196,0.025808742,null,null,null,null,"TWOGAUSSIANS",8,2.7942116,0.710274,0.0052391626,0.4,0.0,0.53792644,0.020743582,0.21696691,0.0075337547,0.4,0.0,0.4195331,0.02337477
375316653866487564,5480257327714621568,0.49249297,2195.1456845009334,3.169067334525844,2.6628459E-5,16.165625,0.39755797,0.28043497,0.00834911,0.15916538,0.056156266,0.44795555,0.29777682,0.78055257,0.004755318,0.22839868,0.09652758,0.56362396,0.3898135,null,null,null,null,"TWOGAUSSIANS",8,17.072222,0.78058255,0.0045757093,0.4,0.0,0.12901273,0.0061160224,0.28034496,0.009044619,0.4,0.0,0.109470494,0.008360274
375316653866487564,5480287839161966080,0.54071087,2205.08926822701,3.453903723665143,1.596355E-5,14.186259,0.034906495,0.24740885,0.004043565,0.085462734,0.009511231,0.47003394,0.02973839,0.7758095,0.010786329,0.07201839,0.01619279,0.42625922,0.04141746,null,null,null,null,"TWOGAUSSIANS",8,938.03955,0.24740885,0.004043565,0.4,0.0,0.46681678,0.025061477,0.7758095,0.010786329,0.4,0.021505693,0.42304215,0.038887136
375316653866487564,5480303129245532800,0.5080404,2168.931282829434,0.74311728883888,9.413175E-5,14.106764,0.002826211,0.30887842,0.0061272355,0.023452068,0.015187326,0.025833372,2.117722,0.73565704,0.025092108,0.035802595,0.012843266,0.2281814,0.09958737,null,null,null,null,"TWOGAUSSIANS",8,145.57225,0.73565704,0.025092108,0.20049453,0.07192229,0.2281814,0.09958737,0.30887842,0.0061272355,0.13133158,0.085049026,0.025833372,2.117722
375316653866487564,5480327627739399552,0.64519376,2203.8794845326106,3.3200780688352927,7.4938935E-6,16.207918,0.008779768,0.24800831,8.8613754E-4,0.044839583,0.0020557297,0.37562534,0.018477019,0.74626255,0.0021472962,0.04870711,0.0033083416,0.50783443,0.03100388,0.11551476,0.01113526,0.24800831,8.8613754E-4,"TWOGAUSSIANS_WITH_ELLIPSOIDAL_ON_ECLIPSE1",9,21.098518,0.7464025,0.0019723268,0.2727598,0.018526712,0.7388375,0.033179022,0.24800831,8.8613754E-4,0.25110167,0.011512087,0.606654,0.007302651
375316653866487564,5480336801789454208,0.5933186,2212.8206728834148,2.892715844977261,6.3420475E-6,15.061617,0.009686665,0.23958513,0.0051742666,0.048689455,0.008281758,0.2942484,0.026148979,0.74300885,0.0034047489,0.04668322,0.0046285167,0.21023889,0.02644516,0.1082214,0.014167277,0.23958513,0.0051742666,"TWOGAUSSIANS_WITH_ELLIPSOIDAL_ON_ECLIPSE1",9,149.1136,0.23958513,0.0051742666,0.27266094,0.046377845,0.5106905,0.019475894,0.74300885,0.0034047489,0.26142603,0.025919694,0.42658082,0.014609349
375316653866487564,5480376693445821056,0.5435499,2198.202834207657,0.48991078063393406,2.7306127E-5,14.551848,0.0014230959,0.12432328,0.004188218,0.025370227,0.007300576,0.4301113,0.09235524,null,null,null,null,null,null,null,null,null,null,"ONEGAUSSIAN",5,87.575966,0.12432328,0.004188218,0.14207327,0.04088323,0.4301113,0.0,null,null,null,null,null,null
375316653866487564,5480391605572125056,0.5653699,2221.5278406472676,3.302093950966265,1.3164298E-5,15.619467,0.0085727,0.20064099,0.0045678024,0.08464638,0.005427944,0.39238778,0.013135501,0.706767,0.0026164886,0.07836102,0.0035430742,0.4216753,0.013670606,null,null,null,null,"TWOGAUSSIANS",8,102.0584,0.706767,0.0026164886,0.4,0.0,0.4151305,0.01340184,0.20064099,0.0045678024,0.4,0.0,0.38584295,0.012950386
375316653866487564,5480425892294184576,0.580337,2212.7951017085,1.132629689590801,2.2007482E-6,17.727589,0.0018606215,0.23942299,7.62105E-4,0.03298268,7.523276E-4,0.3082413,0.006319249,0.7392407,8.806031E-4,0.032164358,0.0012708969,0.4130686,0.025613995,null,null,null,null,"TWOGAUSSIANS",8,2.535386,0.7392407,8.806031E-4,0.1801204,0.0071170223,0.4130686,0.025613995,0.23942299,7.62105E-4,0.184703,0.0042130346,0.3082413,0.006319249
375316653866487564,5480454926273659008,0.488863,2222.0229164548873,3.3754910235263442,1.3909284E-5,17.549732,0.0039193355,null,null,null,null,null,null,null,null,null,null,null,null,0.10540251,0.0059469882,0.30145782,0.0038524559,"ELLIPSOIDAL",4,15.677496,null,null,null,null,null,null,null,null,null,null,null,null
375316653866487564,5480455372950255872,0.5860659,2244.8819457407108,3.292333282401339,9.3842455E-6,18.860785,0.011977007,0.22235693,0.004245974,0.08019631,0.0052680927,0.5201142,0.020026276,0.72056836,0.0065895547,0.07568096,0.0069202576,0.5052116,0.022511236,null,null,null,null,"TWOGAUSSIANS",8,3.4201982,0.22235693,0.004245974,0.4,0.0,0.5143516,0.020060634,0.72056836,0.0065895547,0.4,0.0,0.49944904,0.021865742
375316653866487564,5480456820355325056,0.58204186,2193.202356476707,2.6392027056341876,9.517339E-6,16.269655,0.01271001,0.24545997,0.0023352446,0.044996966,0.0034570172,0.41297895,0.028140126,0.7428874,0.0038338136,0.052307833,0.0043251542,0.5358683,0.027712828,0.02414201,0.015207119,0.24545997,0.0023352446,"TWOGAUSSIANS_WITH_ELLIPSOIDAL_ON_ECLIPSE1",9,56.382385,0.7429374,0.0037736082,0.29292387,0.024220865,0.5841349,0.015239257,0.24545997,0.0023352446,0.25198302,0.019359298,0.46125793,0.015255185
375316653866487564,5480462043036113024,0.5522749,2165.9190155022,2.6223066087717712,1.4526918E-5,13.91328,0.032286208,0.24641849,0.0032474592,0.10332814,0.01464085,0.36285344,0.035744656,0.7430669,0.007134488,0.09677634,0.013225896,0.42247736,0.028948264,null,null,null,null,"TWOGAUSSIANS",8,486.94202,0.7430669,0.007134488,0.4,0.0,0.38952044,0.015765676,0.24641849,0.0032474592,0.4,0.0,0.32989186,0.042216185
375316653866487564,5480463176907462528,0.61363757,2140.975469474758,3.0856304154870307,9.606353E-6,15.239758,0.02169778,0.27211365,0.0047687893,0.061453536,0.01044905,0.1795125,0.043459713,0.7786778,0.0022716913,0.06162432,0.01034095,0.16075498,0.045238327,0.067952715,0.02530812,0.7786778,0.0022716913,"TWOGAUSSIANS_WITH_ELLIPSOIDAL_ON_ECLIPSE2",9,29.894466,0.27332366,0.004018803,0.34413978,0.05851468,0.31515703,0.014323203,0.7786778,0.0022716913,0.34509617,0.057909325,0.29658806,0.008565546
375316653866487564,5480466819039730560,0.5891131,2182.933374714462,0.965853395851205,4.115672E-5,16.797586,0.005444916,0.3485646,0.0027284499,0.0063236705,0.0034069768,0.66291493,0.9267854,0.8509946,0.041848313,0.009638678,0.01250972,0.34310368,6.4441285,null,null,null,null,"TWOGAUSSIANS",8,26.736498,0.3485646,0.0027284499,0.035412554,0.01907907,0.66291493,0.9267854,0.8509946,0.041848313,0.0539766,0.070054434,0.34310368,6.4441285
375316653866487564,5480475404676670592,0.56070054,2189.1313876664017,3.3298055245867526,1.28514E-5,18.63546,0.008093049,0.22298704,0.0043007666,0.070650324,0.0040000807,0.49542674,0.019936772,0.7193279,0.004722137,0.07994658,0.010937792,0.3140122,0.036238253,null,null,null,null,"TWOGAUSSIANS",8,4.0313883,0.22298704,0.0043007666,0.3956418,0.013231748,0.4925459,0.019886814,0.7193279,0.004722137,0.4,0.0,0.3111314,0.038153216
375316653866487564,5480525707334206592,0.51334894,2166.8474905877356,3.417089782585679,2.2325006E-5,17.92846,0.004168478,null,null,null,null,null,null,null,null,null,null,null,null,0.07103505,0.0062268376,0.22811991,0.005199183,"ELLIPSOIDAL",4,5.5666676,null,null,null,null,null,null,null,null,null,null,null,null
375316653866487564,5480532377420639360,0.4521323,2212.732754121394,0.09942816294368055,2.1456204E-5,18.931814,0.004267803,0.82639664,0.0058468096,0.056441963,0.04245899,0.0118546225,0.013267057,null,null,null,null,null,null,0.060890485,0.008616141,0.82639664,0.0058468096,"ONEGAUSSIAN_WITH_ELLIPSOIDAL",6,3.5941136,0.82639664,0.0058468096,0.316075,0.23777035,0.13363478,0.013882683,null,null,null,null,null,null
375316653866487564,5480537428302008448,0.4846619,2190.915693056972,1.0382793010754223,2.5834184E-5,15.215948,0.005856604,0.18284366,0.0042472323,0.026547471,0.0055904724,0.2530564,0.05883635,0.6866095,0.005849196,0.015872153,0.008569362,0.21574567,0.43113083,0.0043500136,0.0080642635,0.6866095,0.005849196,"TWOGAUSSIANS_WITH_ELLIPSOIDAL_ON_ECLIPSE2",9,281.37222,0.18285365,0.0042420635,0.14866583,0.031306647,0.26175156,0.060387302,0.6866095,0.005849196,0.088884056,0.047988426,0.22444569,0.4338345
375316653866487564,5480539215006960128,0.49925616,2171.4997555339082,3.490005592101742,4.6880195E-5,19.342144,0.0155866295,0.16912828,0.07028503,0.026108531,0.07978733,0.0860274,0.30318812,0.845842,0.002689602,0.059892572,0.00415674,0.39808032,0.018428402,null,null,null,null,"TWOGAUSSIANS",8,4.9171524,0.845842,0.0026710124,0.3353984,0.023277745,0.39808032,0.018630244,0.16912828,0.07054103,0.14620776,0.35851046,0.08602759,0.30318385
375316653866487564,5480540486318659840,0.48503533,2186.2163616597036,3.3320682438710927,3.491484E-5,17.328001,0.018003523,0.23168784,0.015692357,0.10696016,0.028933642,0.08533007,0.01794729,0.7221368,0.009781123,0.098562695,0.019606495,0.09785797,0.017435675,null,null,null,null,"TWOGAUSSIANS",8,5.577475,0.7221368,0.009781123,0.4,0.0,0.08944696,0.008281415,0.23168784,0.015692357,0.4,0.0,0.07691631,0.0056424565
