Gaia/vari_eclipsing_binary/VariEclipsingBinary_676645-676664.csv
# %ECSV 1.0
# ---
# delimiter: ','
# meta: !!omap
# - RELEASE: Gaia DR3
# - TABLE: vari_eclipsing_binary
# - DESCRIPTION: >
#     This table describes the properties of the eclipsing binaries resulting from the variability analysis. 
# - CITATION: >
#     How to cite and acknowledge Gaia: 
#     https://gea.esac.esa.int/archive/documentation/credits.html 
# - KNOWN_ISSUES: >
#     Known issues: 
#     https://www.cosmos.esa.int/web/gaia-users/known-issues 
# - DOCUMENTATION: >
#     Tutorials and documentation: 
#     https://www.cosmos.esa.int/web/gaia-users/archive 
# datatype:
# - 
#   name: solution_id
#   datatype: int64
#   description: Solution Identifier
#   meta:
#     ucd: meta.version
# - 
#   name: source_id
#   datatype: int64
#   description: Unique source identifier
#   meta:
#     ucd: meta.id;meta.main
# - 
#   name: global_ranking
#   datatype: float32
#   description: Number between 0 (worst) and 1 (best)
#   meta:
#     ucd: stat.param
# - 
#   name: reference_time
#   datatype: float64
#   unit: d
#   description: Reference time used for the geometric model fit
#   meta:
#     ucd: time.epoch
# - 
#   name: frequency
#   datatype: float64
#   unit: d**-1
#   description: Frequency of geometric model of the eclipsing binary light curve
#   meta:
#     ucd: src.orbital
# - 
#   name: frequency_error
#   datatype: float32
#   unit: d**-1
#   description: "Uncertainty of \\texttt{frequency}"
#   meta:
#     ucd: stat.error
# - 
#   name: geom_model_reference_level
#   datatype: float32
#   unit: mag
#   description: Magnitude reference level of geometric model
#   meta:
#     ucd: phot.mag;em.opt
# - 
#   name: geom_model_reference_level_error
#   datatype: float32
#   unit: mag
#   description: "Uncertainty of \\texttt{geomModelReferenceLevel}"
#   meta:
#     ucd: stat.error;phot.mag;em.opt
# - 
#   name: geom_model_gaussian1_phase
#   datatype: float32
#   description: Phase of the Gaussian 1 component
#   meta:
#     ucd: time.phase
# - 
#   name: geom_model_gaussian1_phase_error
#   datatype: float32
#   description: "Uncertainty of \\texttt{geomModelGaussian1Phase}"
#   meta:
#     ucd: stat.error;time.phase
# - 
#   name: geom_model_gaussian1_sigma
#   datatype: float32
#   description: "Standard deviation [phase] of Gaussian 1 component"
#   meta:
#     ucd: stat.stdev
# - 
#   name: geom_model_gaussian1_sigma_error
#   datatype: float32
#   description: "Uncertainty of \\texttt{geomModelGaussian1Sigma}"
#   meta:
#     ucd: stat.error
# - 
#   name: geom_model_gaussian1_depth
#   datatype: float32
#   unit: mag
#   description: Magnitude depth of Gaussian 1 component
#   meta:
#     ucd: src.var.amplitude
# - 
#   name: geom_model_gaussian1_depth_error
#   datatype: float32
#   unit: mag
#   description: "Uncertainty of \\texttt{geomModelGaussian1Depth}"
#   meta:
#     ucd: stat.error;src.var.amplitude
# - 
#   name: geom_model_gaussian2_phase
#   datatype: float32
#   description: Phase of Gaussian 2 component
#   meta:
#     ucd: time.phase
# - 
#   name: geom_model_gaussian2_phase_error
#   datatype: float32
#   description: "Uncertainty of \\texttt{geomModelGaussian2Phase}"
#   meta:
#     ucd: stat.error;time.phase
# - 
#   name: geom_model_gaussian2_sigma
#   datatype: float32
[...]
#   datatype: float32
#   description: "Secondary eclipse: uncertainty of \\texttt{derivedSecondaryEclDuration}"
#   meta:
#     ucd: stat.error;time.duration
# - 
#   name: derived_secondary_ecl_depth
#   datatype: float32
#   unit: mag
#   description: "Secondary eclipse: depth"
#   meta:
#     ucd: src.var.amplitude
# - 
#   name: derived_secondary_ecl_depth_error
#   datatype: float32
#   unit: mag
#   description: "Secondary eclipse: uncertainty of \\texttt{derivedSecondaryEclDepth}"
#   meta:
#     ucd: stat.error;src.var.amplitude
solution_id,source_id,global_ranking,reference_time,frequency,frequency_error,geom_model_reference_level,geom_model_reference_level_error,geom_model_gaussian1_phase,geom_model_gaussian1_phase_error,geom_model_gaussian1_sigma,geom_model_gaussian1_sigma_error,geom_model_gaussian1_depth,geom_model_gaussian1_depth_error,geom_model_gaussian2_phase,geom_model_gaussian2_phase_error,geom_model_gaussian2_sigma,geom_model_gaussian2_sigma_error,geom_model_gaussian2_depth,geom_model_gaussian2_depth_error,geom_model_cosine_half_period_amplitude,geom_model_cosine_half_period_amplitude_error,geom_model_cosine_half_period_phase,geom_model_cosine_half_period_phase_error,model_type,num_model_parameters,reduced_chi2,derived_primary_ecl_phase,derived_primary_ecl_phase_error,derived_primary_ecl_duration,derived_primary_ecl_duration_error,derived_primary_ecl_depth,derived_primary_ecl_depth_error,derived_secondary_ecl_phase,derived_secondary_ecl_phase_error,derived_secondary_ecl_duration,derived_secondary_ecl_duration_error,derived_secondary_ecl_depth,derived_secondary_ecl_depth_error
375316653866487564,5951832470398441216,0.5456395,2224.056161546429,2.823343256763453,2.236952E-5,18.471441,0.017389886,0.2274596,0.0032205295,0.08903386,0.005407748,0.388233,0.01736065,0.7249855,0.0072220513,0.08567882,0.0058464822,0.41437575,0.03193061,null,null,null,null,"TWOGAUSSIANS",8,5.8723927,0.7249855,0.0072220513,0.4,0.0,0.40156022,0.029311731,0.2274596,0.0032205295,0.4,0.0,0.37541738,0.012412936
375316653866487564,5951832676598228352,0.59052885,2216.2375451902794,2.4479003585230528,7.261978E-6,16.237938,0.004635172,0.29114982,0.0037201657,0.03595568,0.012724185,0.033395804,0.009215467,0.7875815,0.009273287,0.043923866,0.014819244,0.036502838,0.00972285,0.059584647,0.005791171,0.29114982,0.0037201657,"TWOGAUSSIANS_WITH_ELLIPSOIDAL_ON_ECLIPSE1",9,8.113566,0.7887715,0.00524573,0.24597365,0.08298776,0.15563206,0.01083137,0.29114982,0.0037201657,0.2013518,0.07125544,0.15256505,0.003790457
375316653866487564,5951832676598228992,0.49941152,2231.716895800594,2.686691366400792,4.2428415E-5,16.813759,0.022315493,0.25530782,0.005874892,0.10171108,0.025058072,0.08984358,0.019866033,0.75143933,0.018015252,0.11381876,0.031768087,0.11819333,0.020714123,null,null,null,null,"TWOGAUSSIANS",8,6.292345,0.75143933,0.018015252,0.4,0.0,0.104716465,0.00836697,0.25531784,0.005897164,0.4,0.0,0.07638109,0.006243291
375316653866487564,5951832710913563392,0.5229925,2213.057487508213,2.924850007261037,2.5104055E-5,18.874445,0.011470646,0.26655805,0.004639724,0.09758012,0.0075816684,0.24461499,0.011862768,0.78173846,0.0046864315,0.08558124,0.007072422,0.22264935,0.013738045,null,null,null,null,"TWOGAUSSIANS",8,1.7842761,0.26655805,0.004639724,0.4,0.0,0.23567052,0.010009338,0.78173846,0.0046864315,0.4,0.0,0.21370615,0.013282001
375316653866487564,5951833398152796032,0.5341086,2201.465503652063,1.388804454928101,1.464116E-5,17.204775,0.005124843,0.3226758,0.0031150293,0.050636422,0.0030903656,0.32776067,0.03031953,0.8189533,0.0057638856,0.053452194,0.0076658586,0.057059553,0.017158158,null,null,null,null,"TWOGAUSSIANS",8,10.431482,0.3226758,0.0031150293,0.28356397,0.017306047,0.32775852,0.030320056,0.8189533,0.0057638856,0.2993323,0.042928807,0.057057396,0.017158566
375316653866487564,5951833741705954432,0.44737017,2223.4167586774024,3.0219058585023495,4.0187384E-5,19.743322,0.012116913,0.25223118,0.040665288,0.061722223,0.03146154,0.45122877,0.32726693,0.7175769,0.008281679,0.0640265,0.010344471,0.4379509,0.04825162,null,null,null,null,"TWOGAUSSIANS",8,9.17779,0.25223118,0.040665288,0.34564444,0.17618464,0.45112324,0.32740274,0.7175769,0.008281679,0.35854837,0.057929035,0.4378454,0.04832365
375316653866487564,5951833840505834240,0.4459038,2218.102693972678,0.03934819581503371,4.1147025E-5,19.035873,0.4449609,0.19378668,0.03022656,0.12500933,0.042338405,0.27558315,0.2219702,0.66866106,0.030784093,0.1829872,0.1371354,0.3370279,0.43944645,null,null,null,null,"TWOGAUSSIANS",8,3.3061993,0.66866106,0.030784093,0.4,0.0,0.19468966,0.013507557,0.19924667,0.026665322,0.4,0.0,0.1503248,0.030485742
375316653866487564,5951834287161065472,0.51002985,2229.960913474399,3.628201349163606,3.357444E-5,17.641968,0.0871741,0.199389,0.007035269,0.12695505,0.023577541,0.20321102,0.08291392,0.72214895,0.006862032,0.13697192,0.030641582,0.21421444,0.08170734,null,null,null,null,"TWOGAUSSIANS",8,4.470955,0.72248894,0.0063682217,0.4,0.0,0.15573034,0.011508633,0.198689,0.0064735706,0.4,0.0,0.14515574,0.010602512
375316653866487564,5951834360225555328,0.5700313,2239.510367060669,0.4411233757006351,4.1071435E-6,18.36321,0.01052265,0.053776797,1.9829546E-4,0.009587357,5.349492E-4,0.8326323,0.08549205,0.5526259,0.06827321,0.021924105,0.12137602,0.45556593,0.44315425,null,null,null,null,"TWOGAUSSIANS",8,3.311517,0.053776797,1.9829546E-4,0.0536892,0.0029957155,0.8326323,0.08547429,0.5526259,0.06827321,0.12277499,0.29273877,0.45556593,0.443416
375316653866487564,5951834497623793792,0.5050945,2233.0951998069436,2.152769356915025,2.4017812E-5,18.433083,0.10227389,0.31254166,0.005278414,0.09619922,0.02082867,0.4147837,0.07738613,0.8103771,0.008584721,0.13706127,0.042776026,0.22754236,0.10044438,null,null,null,null,"TWOGAUSSIANS",8,6.5500436,0.31256166,0.0052947844,0.4,0.0,0.36041266,0.04628136,0.8103771,0.008584721,0.4,0.0,0.172585,0.016517848
375316653866487564,5951834836933774464,0.50013727,2218.9080447882116,1.3759785017372672,2.6967686E-5,18.339436,0.005558996,0.16862889,0.0013475443,0.037335582,0.0025298689,0.24023846,0.009757181,0.6572349,0.057569902,0.04603525,0.053489245,0.104285754,10.830887,null,null,null,null,"TWOGAUSSIANS",8,5.5860434,0.16862889,0.0013475443,0.20907927,0.014167266,0.24023846,0.009757214,0.6572349,0.057569902,0.2577974,0.29953977,0.104285754,10.830887
375316653866487564,5951835116139697920,0.5953757,2196.5034802381,3.1247959740481255,6.818112E-6,19.003252,0.012445596,0.24803928,0.002165315,0.046601515,0.0037191422,0.43887135,0.046403974,0.74866635,0.0031687818,0.045472164,0.004859784,0.36911738,0.033693064,0.12366582,0.015973443,0.24803928,0.002165315,"TWOGAUSSIANS_WITH_ELLIPSOIDAL_ON_ECLIPSE1",9,1.6926587,0.24803928,0.002165315,0.2609685,0.020827197,0.6862026,0.042125743,0.74866635,0.0029568186,0.25464413,0.027214792,0.61644477,0.031123588
375316653866487564,5951835214874119680,0.56981117,2191.5194469016424,2.7441847620932824,8.68963E-6,17.728003,0.017006855,0.18763846,0.004088744,0.10358317,0.008092572,0.25461197,0.016725518,0.6856906,0.0012107337,0.09178056,0.0062257363,0.26743495,0.014950419,null,null,null,null,"TWOGAUSSIANS",8,2.68208,0.6856906,0.0012107337,0.4,0.0,0.24827808,0.008404974,0.18763846,0.004088744,0.4,0.0,0.23545083,0.009804175
375316653866487564,5951836215610628480,0.5239295,2217.6679471946222,3.718416961128152,1.3763855E-5,18.755808,0.016617185,0.23619597,0.0037247303,0.078622214,0.008624257,0.3294118,0.030039383,0.7480119,0.003371959,0.08230036,0.0066540535,0.4082273,0.02852726,null,null,null,null,"TWOGAUSSIANS",8,5.8971505,0.7480119,0.003371959,0.4,0.0,0.4035543,0.029366221,0.23619597,0.0037247303,0.4,0.0,0.32473883,0.03177491
375316653866487564,5951836486200943872,0.54559517,2232.28936625756,3.0341518216366508,1.225657E-5,18.34156,0.018711897,0.2876435,0.002436592,0.07896478,0.004767402,0.3636624,0.017397087,0.7835337,0.0026268684,0.07892487,0.0056393193,0.43228593,0.028767,null,null,null,null,"TWOGAUSSIANS",8,5.2407928,0.7835337,0.0026268684,0.4,0.0,0.4274387,0.02861637,0.2876435,0.002436592,0.4,0.0,0.35881516,0.014919503
375316653866487564,5951836937165130752,0.5821579,2217.644615241004,2.897141819601095,6.201053E-6,18.658394,0.006272684,0.25070372,0.0034680094,0.077552244,0.0050568176,0.25135267,0.00751221,0.74540716,0.0024500482,0.07729533,0.0022916852,0.45456254,0.015635017,null,null,null,null,"TWOGAUSSIANS",8,2.2957547,0.74540716,0.0024500482,0.4,0.0,0.45128495,0.015691025,0.25070372,0.0034680094,0.4,0.0,0.24807508,0.0073188944
375316653866487564,5951837070299890944,0.5950321,2224.093167676052,0.9559309993193283,2.2465965E-5,17.523018,0.0023354492,0.26936126,0.0028679776,0.028558442,0.0019125076,0.26151302,0.02403179,0.7712698,0.012654361,0.03300949,0.011520079,0.08956842,0.03097017,0.019571206,0.002858574,0.26936126,0.0028679776,"TWOGAUSSIANS_WITH_ELLIPSOIDAL_ON_ECLIPSE1",9,1.7320586,0.26936126,0.0028679776,0.15992728,0.010710042,0.3006554,0.025008425,0.7712698,0.012641726,0.18485315,0.06451245,0.12870517,0.0334759
375316653866487564,5951837315122315776,0.5151451,2210.990462581027,3.6898071524883354,2.8287954E-5,19.387743,0.010622797,0.2540856,0.00930097,0.07439793,0.009666089,0.30416542,0.014495688,0.7345835,0.007257196,0.07770104,0.0065277894,0.31633177,0.020099927,null,null,null,null,"TWOGAUSSIANS",8,2.2644315,0.7345835,0.007257196,0.4,0.0,0.31451416,0.019550167,0.2540856,0.00930097,0.4,0.0,0.3023478,0.0135850925
375316653866487564,5951837452602056704,0.5174468,2224.738041569935,0.16145900998860338,1.9655912E-5,16.423628,0.01921241,0.3030482,0.03197772,0.014192293,0.11971127,0.3839199,1.3228434,0.7956643,0.0289435,0.036871206,0.01436985,0.9020558,1.1754857,null,null,null,null,"TWOGAUSSIANS",8,23.53165,0.7956643,0.028946009,0.20647874,0.08047116,0.9020558,1.1763008,0.3030482,0.03197772,0.07947684,0.31393117,0.3839199,1.3235066
375316653866487564,5951837693079793792,0.5402538,2200.2679307309677,3.2643266497364345,2.675546E-5,18.904774,0.03859925,0.29606515,0.008208783,0.09626644,0.017390009,0.3881124,0.044551812,0.80725455,0.0048606833,0.08682263,0.008084053,0.66761136,0.056162838,null,null,null,null,"TWOGAUSSIANS",8,4.9549108,0.80725455,0.0048606833,0.4,0.0,0.6474257,0.052213132,0.29606515,0.008208783,0.4,0.0,0.36792558,0.046196338
375316653866487564,5951837796199501440,0.5473981,2216.343353465587,3.086001936226182,2.481854E-5,18.706785,0.010165117,0.25370422,0.005789231,0.0907999,0.007955236,0.2957019,0.015050972,0.7602115,0.0021670999,0.077243246,0.0044763717,0.27455708,0.010762336,null,null,null,null,"TWOGAUSSIANS",8,2.431893,0.25370422,0.005789231,0.4,0.0,0.2896364,0.01486256,0.7602115,0.0021670999,0.4,0.0,0.26849177,0.00919709
375316653866487564,5951837963653190016,0.6228893,2215.92912812112,3.0259222910608585,1.1118683E-5,15.952293,0.007558632,0.15582584,0.0030715005,0.04926278,0.004319646,0.22176139,0.020895319,0.66047204,0.0016630981,0.047702245,0.0029763791,0.31580925,0.025527714,0.09745942,0.01220782,0.66047204,0.0016630981,"TWOGAUSSIANS_WITH_ELLIPSOIDAL_ON_ECLIPSE2",9,28.992405,0.66047204,0.0016630981,0.26713258,0.016667722,0.5107274,0.019941768,0.15649584,0.00258988,0.27587157,0.024190016,0.41653737,0.015949128
375316653866487564,5951838930030944896,0.5260642,2225.1467660550134,2.7837271028925894,1.2631602E-5,18.161907,0.026419187,0.29690868,0.004923257,0.10055749,0.009473236,0.43103945,0.029577902,0.8044595,0.0039349077,0.09702134,0.008509384,0.46937186,0.034991693,null,null,null,null,"TWOGAUSSIANS",8,9.828155,0.8044595,0.0039349077,0.4,0.0,0.4362207,0.03497665,0.29690868,0.004923257,0.4,0.0,0.3978861,0.025854338
375316653866487564,5951839170589035008,0.63290834,2232.426696648621,0.9775717847129406,1.2642173E-5,16.853981,0.018914795,0.3616677,0.01563458,0.03764695,0.008255434,0.8860076,0.15206341,0.86490387,0.009715922,0.029057192,0.009124442,0.09264812,0.04312341,0.01917441,0.021455934,0.86490387,0.009715922,"TWOGAUSSIANS_WITH_ELLIPSOIDAL_ON_ECLIPSE2",9,45.193546,0.36168772,0.015584433,0.21082291,0.04623043,0.92434055,0.1370395,0.86490387,0.009715922,0.16272028,0.051096875,0.13099687,0.020208687
375316653866487564,5951840166983506688,0.5717581,2232.3103264856213,3.4325336476348456,1.1333933E-5,19.21529,0.010831517,0.2172059,0.002813234,0.07081634,0.0034107629,0.5276576,0.020556394,0.7161973,0.004369792,0.06794155,0.009100699,0.4395514,0.06296725,null,null,null,null,"TWOGAUSSIANS",8,2.0208693,0.2172059,0.002813234,0.3965715,0.016966429,0.5262339,0.020439329,0.7161973,0.004369792,0.38047266,0.025215743,0.4381277,0.06433999
375316653866487564,5951840476219127936,0.5486358,2230.513036265689,3.304552936478719,1.2333605E-5,18.908558,0.028888525,0.22017457,0.011647219,0.0897506,0.017653279,0.31714877,0.032872528,0.71584237,0.0041997395,0.07872076,0.009229447,0.37605244,0.03662497,null,null,null,null,"TWOGAUSSIANS",8,2.7329707,0.71584237,0.0041997395,0.4,0.0,0.36830133,0.03449623,0.22017457,0.011647219,0.4,0.0,0.30939755,0.028778862
375316653866487564,5951841438288014080,0.55867344,2208.3177579639428,2.4778577215087267,1.0788296E-5,19.352983,0.012421414,0.26279336,0.008040957,0.06390651,0.006958829,0.5263994,0.056249946,0.765423,0.003134574,0.07003242,0.0040574083,0.7025226,0.043475408,null,null,null,null,"TWOGAUSSIANS",8,2.6769109,0.765423,0.003134574,0.39218152,0.021082226,0.7014528,0.043712903,0.26279336,0.008040957,0.35787645,0.038969442,0.52532953,0.056515507
375316653866487564,5951841743224116352,0.542686,2219.9820021922073,2.2304629350508858,1.4979997E-5,15.609657,0.06052064,0.21420096,0.004676437,0.12193084,0.02855949,0.17522097,0.055618927,0.7122525,0.0033744285,0.12290998,0.026724635,0.1801109,0.05824726,null,null,null,null,"TWOGAUSSIANS",8,17.057127,0.7122525,0.0033744285,0.4,0.0,0.13674267,0.0049992544,0.21422097,0.0047234297,0.4,0.0,0.13186641,0.009256777
375316653866487564,5951841816289643648,0.5131285,2206.0598818573494,1.5414149458320046,1.6181586E-5,17.749315,0.009831889,0.2567271,0.0034549006,0.09850201,0.0073333126,0.17387307,0.012018689,0.74595994,0.007624411,0.0865295,0.011878863,0.15613647,0.013191723,null,null,null,null,"TWOGAUSSIANS",8,4.485803,0.2567271,0.0034549006,0.4,0.0,0.16656427,0.010859738,0.74595994,0.007624411,0.4,0.0,0.14882867,0.01374942
375316653866487564,5951841919324475904,0.51807684,2229.762131901012,2.564235999255416,2.3759121E-5,19.634575,0.008525053,0.26017675,0.0070241624,0.06565327,0.00929969,0.3155481,0.021566719,0.7636195,0.008801753,0.06426811,0.010886846,0.33852994,0.040932953,null,null,null,null,"TWOGAUSSIANS",8,1.777522,0.7636195,0.008801753,0.35990143,0.06096634,0.33817136,0.04111045,0.26017675,0.0070241624,0.36765832,0.05172422,0.31518948,0.021674823
375316653866487564,5951842018103264896,0.59167373,2254.4257068639554,2.174078170879275,6.3268276E-6,17.729778,0.009384506,0.10676513,0.0020574003,0.075921305,0.0033171808,0.25323102,0.00950213,0.59844905,0.0039975904,0.07627098,0.005572124,0.2610707,0.00954351,null,null,null,null,"TWOGAUSSIANS",8,3.2409918,0.59844905,0.0039975904,0.4,0.0,0.25912592,0.009038444,0.10676513,0.0020574003,0.4,0.0,0.25128624,0.008579539
375316653866487564,5951842469080564096,0.5486294,2218.303464997149,1.963015908671351,1.605198E-5,16.60818,0.042178545,0.29027268,0.0034724458,0.12558562,0.03318352,0.115555346,0.04028302,0.78820604,0.007870786,0.11813064,0.032392897,0.10502351,0.039384864,null,null,null,null,"TWOGAUSSIANS",8,2.5286167,0.2902827,0.003478846,0.4,0.0,0.089161105,0.0038996276,0.78820604,0.007874448,0.4,0.0,0.078685835,0.007012576
375316653866487564,5951842881397538560,0.5153911,2230.503362076346,3.801753884259591,1.37624975E-5,19.439234,0.053034496,0.20972888,0.0030281504,0.10503282,0.015849017,0.41478914,0.040527303,0.6947554,0.004619878,0.1095563,0.014926918,0.39888266,0.047603976,null,null,null,null,"TWOGAUSSIANS",8,2.1754143,0.20974888,0.0030423263,0.4,0.0,0.36916512,0.028172223,0.6947554,0.004619878,0.4,0.0,0.35324237,0.016147515
375316653866487564,5951843667370775808,0.5112201,2211.550702416585,0.3488800356929849,1.3846268E-4,18.504848,0.016829327,0.3185411,0.06166181,0.040041488,0.09192331,0.5541103,0.56927896,0.8206335,0.060081713,0.046132218,0.12575974,0.014821052,0.012219672,null,null,null,null,"TWOGAUSSIANS",8,1.2190802,0.3185411,0.06169356,0.22423233,0.23779042,0.5541103,0.5744889,0.8206335,0.06027743,0.25834042,0.4635327,0.014821046,0.0075919856
375316653866487564,5951843809110372864,0.47833046,2211.2375109817667,1.7153515538886253,2.3495453E-5,17.379503,0.2288949,0.30984914,0.017582342,0.103927396,0.1348996,0.08479579,0.22772916,0.81233186,0.00851213,0.09287088,0.04897972,0.09659634,0.15676486,null,null,null,null,"TWOGAUSSIANS",8,5.858953,0.81233186,0.008513259,0.4,0.0,0.089692295,0.008404655,0.30984914,0.017937366,0.4,0.0,0.07789025,0.013064138
375316653866487564,5951843912189466112,0.46568158,2228.458604715114,3.219997159692751,9.4026494E-5,19.141424,0.059411164,0.34097806,0.03014955,0.08648437,0.05487495,0.18262412,0.063580245,0.83506006,0.019052053,0.08178938,0.027003042,0.18481909,0.059658132,null,null,null,null,"TWOGAUSSIANS",8,4.8084965,0.83506006,0.01899453,0.4,0.02647699,0.18081889,0.028713807,0.34097806,0.030157337,0.4,0.0017868191,0.17862388,0.039024625
375316653866487564,5951843980953209728,0.584098,2213.484166375826,2.8872389632891533,1.5697891E-5,18.159513,0.01276164,0.1962622,0.0036328505,0.083208874,0.0065185297,0.33440185,0.02210472,0.69243973,0.0039432957,0.08584811,0.005450142,0.44896105,0.015907593,null,null,null,null,"TWOGAUSSIANS",8,4.6877775,0.69243973,0.0039432957,0.4,0.0,0.4398161,0.0147283105,0.1962622,0.0036328505,0.4,0.0,0.3252569,0.02338423
