Gaia/vari_eclipsing_binary/VariEclipsingBinary_234405-234462.csv
# %ECSV 1.0
# ---
# delimiter: ','
# meta: !!omap
# - RELEASE: Gaia DR3
# - TABLE: vari_eclipsing_binary
# - DESCRIPTION: >
#     This table describes the properties of the eclipsing binaries resulting from the variability analysis. 
# - CITATION: >
#     How to cite and acknowledge Gaia: 
#     https://gea.esac.esa.int/archive/documentation/credits.html 
# - KNOWN_ISSUES: >
#     Known issues: 
#     https://www.cosmos.esa.int/web/gaia-users/known-issues 
# - DOCUMENTATION: >
#     Tutorials and documentation: 
#     https://www.cosmos.esa.int/web/gaia-users/archive 
# datatype:
# - 
#   name: solution_id
#   datatype: int64
#   description: Solution Identifier
#   meta:
#     ucd: meta.version
# - 
#   name: source_id
#   datatype: int64
#   description: Unique source identifier
#   meta:
#     ucd: meta.id;meta.main
# - 
#   name: global_ranking
#   datatype: float32
#   description: Number between 0 (worst) and 1 (best)
#   meta:
#     ucd: stat.param
# - 
#   name: reference_time
#   datatype: float64
#   unit: d
#   description: Reference time used for the geometric model fit
#   meta:
#     ucd: time.epoch
# - 
#   name: frequency
#   datatype: float64
#   unit: d**-1
#   description: Frequency of geometric model of the eclipsing binary light curve
#   meta:
#     ucd: src.orbital
# - 
#   name: frequency_error
#   datatype: float32
#   unit: d**-1
#   description: "Uncertainty of \\texttt{frequency}"
#   meta:
#     ucd: stat.error
# - 
#   name: geom_model_reference_level
#   datatype: float32
#   unit: mag
#   description: Magnitude reference level of geometric model
#   meta:
#     ucd: phot.mag;em.opt
# - 
#   name: geom_model_reference_level_error
#   datatype: float32
#   unit: mag
#   description: "Uncertainty of \\texttt{geomModelReferenceLevel}"
#   meta:
#     ucd: stat.error;phot.mag;em.opt
# - 
#   name: geom_model_gaussian1_phase
#   datatype: float32
#   description: Phase of the Gaussian 1 component
#   meta:
#     ucd: time.phase
# - 
#   name: geom_model_gaussian1_phase_error
#   datatype: float32
#   description: "Uncertainty of \\texttt{geomModelGaussian1Phase}"
#   meta:
#     ucd: stat.error;time.phase
# - 
#   name: geom_model_gaussian1_sigma
#   datatype: float32
#   description: "Standard deviation [phase] of Gaussian 1 component"
#   meta:
#     ucd: stat.stdev
# - 
#   name: geom_model_gaussian1_sigma_error
#   datatype: float32
#   description: "Uncertainty of \\texttt{geomModelGaussian1Sigma}"
#   meta:
#     ucd: stat.error
# - 
#   name: geom_model_gaussian1_depth
#   datatype: float32
#   unit: mag
#   description: Magnitude depth of Gaussian 1 component
#   meta:
#     ucd: src.var.amplitude
# - 
#   name: geom_model_gaussian1_depth_error
#   datatype: float32
#   unit: mag
#   description: "Uncertainty of \\texttt{geomModelGaussian1Depth}"
#   meta:
#     ucd: stat.error;src.var.amplitude
# - 
#   name: geom_model_gaussian2_phase
#   datatype: float32
#   description: Phase of Gaussian 2 component
#   meta:
#     ucd: time.phase
# - 
#   name: geom_model_gaussian2_phase_error
#   datatype: float32
#   description: "Uncertainty of \\texttt{geomModelGaussian2Phase}"
#   meta:
#     ucd: stat.error;time.phase
# - 
#   name: geom_model_gaussian2_sigma
#   datatype: float32
[...]
#   datatype: float32
#   description: "Secondary eclipse: uncertainty of \\texttt{derivedSecondaryEclDuration}"
#   meta:
#     ucd: stat.error;time.duration
# - 
#   name: derived_secondary_ecl_depth
#   datatype: float32
#   unit: mag
#   description: "Secondary eclipse: depth"
#   meta:
#     ucd: src.var.amplitude
# - 
#   name: derived_secondary_ecl_depth_error
#   datatype: float32
#   unit: mag
#   description: "Secondary eclipse: uncertainty of \\texttt{derivedSecondaryEclDepth}"
#   meta:
#     ucd: stat.error;src.var.amplitude
solution_id,source_id,global_ranking,reference_time,frequency,frequency_error,geom_model_reference_level,geom_model_reference_level_error,geom_model_gaussian1_phase,geom_model_gaussian1_phase_error,geom_model_gaussian1_sigma,geom_model_gaussian1_sigma_error,geom_model_gaussian1_depth,geom_model_gaussian1_depth_error,geom_model_gaussian2_phase,geom_model_gaussian2_phase_error,geom_model_gaussian2_sigma,geom_model_gaussian2_sigma_error,geom_model_gaussian2_depth,geom_model_gaussian2_depth_error,geom_model_cosine_half_period_amplitude,geom_model_cosine_half_period_amplitude_error,geom_model_cosine_half_period_phase,geom_model_cosine_half_period_phase_error,model_type,num_model_parameters,reduced_chi2,derived_primary_ecl_phase,derived_primary_ecl_phase_error,derived_primary_ecl_duration,derived_primary_ecl_duration_error,derived_primary_ecl_depth,derived_primary_ecl_depth_error,derived_secondary_ecl_phase,derived_secondary_ecl_phase_error,derived_secondary_ecl_duration,derived_secondary_ecl_duration_error,derived_secondary_ecl_depth,derived_secondary_ecl_depth_error
[from data line 74]
375316653866487564,2061884988481442048,0.62225014,2219.6821288735573,0.6191908755965767,1.0423798E-4,17.409489,0.0014479621,0.48504892,0.036804985,0.015399342,0.013303998,0.013039202,6.871568,0.8720761,2.8411268E-5,0.016176932,7.177319E-5,0.4547524,0.0013352402,null,null,null,null,"TWOGAUSSIANS",8,2.3149247,0.8720761,2.8411268E-5,0.09059082,4.0192986E-4,0.4547524,0.0013352402,0.48504892,0.036804985,0.08623632,0.074502386,0.013039202,6.871568
375316653866487564,2061885228980144512,0.5419024,2243.742778369915,3.4481056164738084,2.4215E-5,18.722322,0.007939016,0.23608549,0.004582844,0.07305195,0.0048852596,0.3661754,0.019860497,0.74380285,0.007400499,0.07598715,0.0070528304,0.29465726,0.012258065,null,null,null,null,"TWOGAUSSIANS",8,3.967037,0.23608549,0.004582844,0.4,0.0013540081,0.36419713,0.020011723,0.74380285,0.007400499,0.4,0.0,0.29267898,0.011961028
375316653866487564,2061885465194320256,0.50270414,2224.827706510812,3.3677572816439794,1.7161148E-5,19.337664,0.014281517,0.20617461,0.0033565122,0.09382086,0.01049441,0.25427675,0.012695853,0.710538,0.009324976,0.07893895,0.013371137,0.33078736,0.024229253,null,null,null,null,"TWOGAUSSIANS",8,2.0228894,0.710538,0.009324976,0.4,0.0,0.3227558,0.026532985,0.20617461,0.0033565122,0.4,0.0,0.24624485,0.014112136
375316653866487564,2061885808794641920,0.56980765,2204.4391581079267,1.2730648669368503,7.172363E-6,18.682188,0.019390637,0.24713778,0.0030075195,0.088300616,0.00793026,0.30114633,0.015634485,0.72995746,0.0054610567,0.07996264,0.007965513,0.5240467,0.02554306,null,null,null,null,"TWOGAUSSIANS",8,3.1112056,0.72995746,0.0054610567,0.4,0.0,0.51713705,0.02548689,0.24713778,0.0030075195,0.4,0.0,0.29423657,0.011821952
375316653866487564,2061885881833890048,0.6284107,2197.9963715574645,1.3461554970655392,6.5596723E-6,17.30691,0.0057312413,0.24473217,0.0017765135,0.085018754,0.0052611614,0.3701888,0.030884694,0.7430052,0.0013998501,0.08094917,0.0022785452,0.39419308,0.008047951,null,null,null,null,"TWOGAUSSIANS",8,2.8293371,0.7430052,0.0013998501,0.4,0.0,0.38628367,0.00808361,0.24473217,0.0017765135,0.4,0.0,0.36227936,0.033213723
375316653866487564,2061887148822002560,0.61337173,2224.1361346425056,2.2784109001987565,3.6285069E-6,18.608068,0.011495097,0.14550327,9.374445E-4,0.050484423,0.0032383467,0.33804625,0.0242079,0.6427184,0.0012538866,0.050009202,0.0030687163,0.35239416,0.023526719,0.10024572,0.014410421,0.14550327,9.374445E-4,"TWOGAUSSIANS_WITH_ELLIPSOIDAL_ON_ECLIPSE1",9,1.5694959,0.64299834,0.0011123667,0.28005153,0.01718481,0.552827,0.012510672,0.14550327,9.374445E-4,0.28271276,0.018134741,0.5385343,0.015561086
375316653866487564,2061887221863700736,0.6493975,2223.170048356745,2.874615537669728,5.0622207E-6,14.941895,0.00852203,0.28886184,0.0026712008,0.049688045,0.0029901676,0.48753762,0.028054103,0.79331017,0.0010762139,0.04587038,0.0022217904,0.42078725,0.02026119,0.12728201,0.01328463,0.79331017,0.0010762139,"TWOGAUSSIANS_WITH_ELLIPSOIDAL_ON_ECLIPSE2",9,102.95949,0.28927183,0.0024189344,0.27825305,0.016744938,0.7419195,0.024945416,0.79331017,0.0010762139,0.2568741,0.012442026,0.6753496,0.008582783
375316653866487564,2061887599802135552,0.5409472,2239.2462804192046,2.628080381711413,1.507879E-5,19.154964,0.01036885,0.2780281,0.0018742662,0.08078941,0.004943275,0.25357163,0.010896845,0.77599907,0.00809675,0.08065172,0.009316966,0.2448715,0.014423028,null,null,null,null,"TWOGAUSSIANS",8,1.0718118,0.2780281,0.0018742662,0.4,0.0,0.24961115,0.009888988,0.77599907,0.00809675,0.4,0.0,0.24091104,0.013480282
375316653866487564,2061888901168225152,0.4727897,2223.7077555534934,3.1835845122694013,2.9507304E-5,18.754383,0.003456682,null,null,null,null,null,null,null,null,null,null,null,null,0.063269675,0.0036846444,0.20175092,0.00756729,"ELLIPSOIDAL",4,2.646401,null,null,null,null,null,null,null,null,null,null,null,null
375316653866487564,2061889146009840512,0.67806774,2246.994069308664,1.3518194578980771,3.5752078E-6,15.735158,0.0077760494,0.27197734,0.001143178,0.05161689,0.005191046,0.26402313,0.021409065,0.76539314,0.0024222464,0.06181385,0.003263135,0.2253696,0.017663868,0.11960039,0.009530615,0.27197734,0.001143178,"TWOGAUSSIANS_WITH_ELLIPSOIDAL_ON_ECLIPSE1",9,12.4618635,0.27197734,0.001143178,0.28905457,0.029069858,0.50318104,0.0199475,0.76699317,0.0017239563,0.34615755,0.018273557,0.46421748,0.0073305382
375316653866487564,2061889450927504256,0.52030975,2230.2743308383647,0.8756564569678,2.2343753E-5,18.50098,0.004030417,0.18773347,0.0038932613,0.0725796,0.0056074727,0.14790684,0.00697451,0.67841226,0.004153375,0.050915066,0.004111401,0.16594093,0.01661049,null,null,null,null,"TWOGAUSSIANS",8,1.8937191,0.67841226,0.004153375,0.28512436,0.023023844,0.16587918,0.016621504,0.18773347,0.0038932613,0.4,0.008790875,0.14784507,0.006988378
375316653866487564,2061889691442655744,0.51406884,2234.2557031073634,2.635172180004706,1.13270025E-5,18.220263,0.0029444029,0.17010859,0.0038678015,0.042690057,0.004136966,0.17074019,0.016463667,0.6825404,0.0032879526,0.03721529,0.0040581953,0.17579766,0.011773574,null,null,null,null,"TWOGAUSSIANS",8,2.895815,0.6825404,0.0032879526,0.20840561,0.022725895,0.17579766,0.011773575,0.17010859,0.0038678015,0.23906432,0.02316701,0.17074019,0.016463667
375316653866487564,2061889970642814336,0.5335149,2244.7765792288287,0.6109438105445493,9.4915624E-5,17.386877,0.005182407,0.12769131,0.010302789,0.018861797,0.008260119,0.03054354,0.025588486,0.4562117,0.062293496,0.032449048,0.14115956,0.3138082,0.30624193,null,null,null,null,"TWOGAUSSIANS",8,2.9003346,0.4562117,0.062293496,0.18171467,0.21481505,0.3138082,0.30681273,0.12769131,0.010299537,0.10562606,0.046256665,0.03054354,0.02560424
375316653866487564,2061890142422832256,0.4868473,2250.512633382042,3.769511515781748,6.6836647E-6,18.176054,0.6902206,0.2336782,0.006597461,0.25902626,0.09701415,0.99861974,0.68065727,0.7475838,0.013825733,0.15547407,0.026558027,0.70646936,0.38484004,null,null,null,null,"TWOGAUSSIANS",8,2.3032508,0.7581038,0.007906299,0.4,0.0,0.21338326,0.009420004,0.22988822,0.0038518994,0.4,0.0,0.20298985,0.00357841
375316653866487564,2061891001440190336,0.45773873,2243.5300417193002,0.6945378782493186,4.1149422E-5,16.355598,0.0043742983,0.25580928,0.015995303,0.09828698,0.016830316,0.03030067,0.005912759,0.7062639,0.008309849,0.043485332,0.008830902,0.09156201,0.008618396,null,null,null,null,"TWOGAUSSIANS",8,12.909596,0.7062639,0.008309849,0.24351786,0.049453054,0.09152093,0.008625068,0.25580928,0.015995303,0.4,0.0,0.030258749,0.0058646267
375316653866487564,2061891448093152384,0.52150476,2256.1080643508653,2.732762628105797,1.0307412E-5,19.162025,0.016333148,0.19656113,0.0022123216,0.039218225,0.0054804394,0.4325053,0.12824447,0.69531083,0.0067151906,0.04248312,0.008598978,0.48965234,0.085645035,0.13283333,0.02387166,0.19656113,0.0022123216,"TWOGAUSSIANS_WITH_ELLIPSOIDAL_ON_ECLIPSE1",9,6.32845,0.69540083,0.006098469,0.23790549,0.048154276,0.7553036,0.089344874,0.19656113,0.0022123216,0.21962206,0.030690461,0.6981718,0.13585405
375316653866487564,2061891929147968640,0.5905714,2236.0282332859097,2.7984333297083475,1.369297E-5,17.707966,0.008789044,0.23794156,0.0032567382,0.07561639,0.0035006073,0.43234834,0.013898318,0.73428124,0.004057076,0.09212098,0.004565179,0.4102454,0.016458765,null,null,null,null,"TWOGAUSSIANS",8,8.783001,0.23794156,0.0032567382,0.4,0.0,0.42314383,0.013477766,0.73428124,0.004057076,0.4,0.0,0.40104055,0.016399978
375316653866487564,2061891993546025472,0.5170377,2230.9807079795078,2.203401808760718,1.6511649E-5,19.191042,0.03552306,0.24356161,0.004240129,0.10402986,0.013535636,0.2786848,0.03176544,0.7405906,0.0086857965,0.10715426,0.018719861,0.23335844,0.03281823,null,null,null,null,"TWOGAUSSIANS",8,1.3472338,0.24356161,0.0042386977,0.4,0.0,0.24885687,0.00922605,0.7405906,0.0086857965,0.4,0.0,0.20352712,0.009314764
375316653866487564,2061892100928185344,0.48615795,2203.504022139659,1.6281548944242066,1.8941766E-5,18.522005,0.23507494,0.17367299,0.008929518,0.11499569,0.016258083,0.2854312,0.10761774,0.7029853,0.009541425,0.2055238,0.09474964,0.29274684,0.23072876,null,null,null,null,"TWOGAUSSIANS",8,1.8696644,0.16790299,0.0048264796,0.4,0.0,0.17677829,0.015204359,0.7032853,0.0092167165,0.4,0.0,0.15199058,0.0103786085
375316653866487564,2061892238366428416,0.5037285,2209.2802890620205,2.5185193900110923,2.4853975E-5,19.395435,0.0056437207,0.23962882,0.00325294,0.04048862,0.0045780037,0.28932917,0.017915241,0.73477715,0.021356367,0.059563924,0.020692248,0.28488412,0.054482967,null,null,null,null,"TWOGAUSSIANS",8,2.550078,0.23962882,0.00325294,0.22673626,0.025636822,0.28932753,0.017914928,0.73477715,0.021356367,0.33355796,0.115876585,0.28488246,0.054479226
375316653866487564,2061892646378825856,0.5598795,2208.4264564570044,2.8522450733184783,8.52089E-6,19.52998,0.010469771,0.28779012,0.0024419131,0.04315689,0.004157089,0.4044097,0.042465594,0.7965321,0.0034268606,0.038786966,0.005504738,0.3956162,0.09658659,0.1253302,0.016415201,0.28779012,0.0024419131,"TWOGAUSSIANS_WITH_ELLIPSOIDAL_ON_ECLIPSE1",9,1.8809773,0.28779012,0.0024419131,0.24167858,0.0232797,0.6550695,0.03669564,0.7965321,0.0034268606,0.21720701,0.030826533,0.6455205,0.09930416
375316653866487564,2061893200458815872,0.5422224,2220.7308384510247,3.3704425529008972,1.738788E-5,17.469501,0.007343073,0.23503318,0.0035369927,0.08205098,0.006297876,0.24084346,0.011556893,0.72289187,0.0017326014,0.07808316,0.0034452912,0.22749583,0.0071729994,null,null,null,null,"TWOGAUSSIANS",8,7.276359,0.23503318,0.0035369927,0.4,0.0,0.23802811,0.0119007705,0.72289187,0.0017326014,0.4,0.0,0.22468048,0.0062839207
375316653866487564,2061893475336026496,0.5681197,2182.9424652909224,0.7136333940430105,8.34381E-6,17.991346,0.0051317583,0.30225468,0.0017202671,0.01779844,0.0020516021,0.4921742,0.050835684,0.8008817,0.0010500376,0.018937234,9.962219E-4,0.7294177,0.053700883,0.013555009,0.009110851,0.30225468,0.0017202671,"TWOGAUSSIANS_WITH_ELLIPSOIDAL_ON_ECLIPSE1",9,14.292375,0.8008817,0.0010500376,0.10604851,0.005578843,0.75652564,0.054679915,0.30225468,0.0017202671,0.09967127,0.011488972,0.5192842,0.055037383
375316653866487564,2061893745890978304,0.5211569,2203.332761996552,1.0202977627253216,7.736285E-6,17.931087,0.0070320843,0.278459,0.0029421027,0.034782358,0.0025598926,0.42815793,0.03218486,0.7811216,0.0025707067,0.038846903,0.0035938993,0.37046897,0.042015254,null,null,null,null,"TWOGAUSSIANS",8,19.728693,0.278459,0.0029421027,0.1947812,0.014335399,0.42815793,0.03218486,0.7811216,0.0025707067,0.21754266,0.020125836,0.37046897,0.042015254
375316653866487564,2061893887653589248,0.5662144,2217.67222866546,0.5254750610083225,1.1982933E-5,14.051254,0.009753441,0.25386238,0.0020408137,0.106881626,0.006849735,0.17162746,0.009001166,0.7389972,0.0027349624,0.086446546,0.005200903,0.22740154,0.009341636,null,null,null,null,"TWOGAUSSIANS",8,94.24957,0.7389972,0.0027349624,0.4,0.0,0.21630098,0.0056972113,0.25386238,0.0020408137,0.4,0.0,0.1605196,0.005682195
375316653866487564,2061893956373117312,0.7218607,2233.249757755252,0.2902249767195573,1.1254359E-6,16.476782,0.0017490841,0.29527056,2.6459934E-4,0.030775128,3.1741566E-4,0.9193175,0.012267099,0.7968187,0.0027218468,0.030785501,0.0024832713,0.11320521,0.006229444,0.027504098,0.0020910015,0.29527056,2.6459934E-4,"TWOGAUSSIANS_WITH_ELLIPSOIDAL_ON_ECLIPSE1",9,3.7110748,0.29527056,2.6459934E-4,0.17234072,0.0017775277,0.97432554,0.012462584,0.7968187,0.0026944822,0.1723988,0.013906319,0.16820809,0.0063290247
375316653866487564,2061894574848419328,0.63803345,2251.7188780416695,0.44053006708397624,7.8594785E-6,14.604171,0.005424926,0.2939717,9.573055E-4,0.041445807,0.0011981557,0.61627746,0.017323019,0.79163605,0.0027086968,0.03675429,0.00337103,0.25091735,0.017692393,0.053935938,0.0063433847,0.2939717,9.573055E-4,"TWOGAUSSIANS_WITH_ELLIPSOIDAL_ON_ECLIPSE1",9,61.041634,0.2939717,9.573055E-4,0.23209652,0.0067096716,0.7241493,0.014521376,0.79173607,0.0026022568,0.20582403,0.018877769,0.35876697,0.017081458
375316653866487564,2061894643551119232,0.4657463,2207.7132786700104,2.3537616428232013,4.25225E-5,18.287588,0.013841106,0.23305522,0.09242127,0.022833033,0.020994537,0.14935578,747538.6,0.79939234,0.012266711,0.049678493,0.054137774,0.03561917,0.09671175,0.08962013,0.020640586,0.79939234,0.012266711,"TWOGAUSSIANS_WITH_ELLIPSOIDAL_ON_ECLIPSE2",9,14.218675,0.23589522,0.09243979,0.12786499,0.1175694,0.30039674,747538.56,0.79939234,0.012266711,0.27819955,0.30317155,0.21485913,0.090316504
375316653866487564,2061894712270736768,0.41439706,2229.338199384084,0.6618045772931338,5.3649714E-5,17.822155,0.008143741,0.23955216,0.013699192,0.054758698,0.13009287,0.023227083,0.025954807,null,null,null,null,null,null,0.036078032,0.014289277,0.23955216,0.013699192,"ONEGAUSSIAN_WITH_ELLIPSOIDAL",6,9.559305,0.23955216,0.013699192,0.3066487,0.38511655,0.09538244,0.02474422,null,null,null,null,null,null
375316653866487564,2061895090228531328,0.52532804,2224.5901402585505,0.6383523195136347,1.6718419E-5,16.375624,0.007436063,0.33226293,0.011501821,0.09007443,0.017846934,0.11335316,0.015898915,0.81705755,0.0023497974,0.09949836,0.01186405,0.07813192,0.005859353,null,null,null,null,"TWOGAUSSIANS",8,3.910636,0.33226293,0.011501826,0.4,0.0,0.10873659,0.021016177,0.81705755,0.0023497974,0.4,0.0,0.07351476,0.0036768704
375316653866487564,2061895124604385408,0.44600797,2263.7790214576125,3.7268508448095274,1.4383708E-4,19.28072,0.009816461,0.2325071,2.0313557E-5,0.0037999365,3.05953E-4,0.123492904,0.0058337892,0.5348621,0.027427051,0.1248315,0.028296608,0.17748469,0.012234343,null,null,null,null,"TWOGAUSSIANS",8,4.921851,0.5348621,0.027427051,0.4,0.0,0.17736815,0.012258948,0.2325271,1.7669992E-5,0.021279644,0.0017133368,0.13282432,0.009400402
375316653866487564,2061896224100162688,0.5378509,2264.6125610152826,3.4265848127659213,8.887507E-6,19.431263,0.009667521,0.23185407,0.003973895,0.0711489,0.004613226,0.47731495,0.021185573,0.7338751,0.0046131117,0.061822806,0.0042729108,0.55242634,0.028242745,null,null,null,null,"TWOGAUSSIANS",8,3.2865756,0.7338751,0.0046131117,0.3462077,0.0239283,0.55160815,0.028252982,0.23185407,0.003973895,0.39843386,0.013546909,0.47649676,0.02127883
375316653866487564,2061896357234910080,0.5387383,2238.778431418026,3.2312511596678117,1.5796051E-5,17.874598,0.01982549,0.29766065,0.0042421515,0.09691447,0.005166864,0.42138854,0.021918586,0.79761803,0.003611271,0.09406564,0.010113636,0.406009,0.03157108,null,null,null,null,"TWOGAUSSIANS",8,11.50372,0.29766065,0.0042421515,0.4,0.0,0.3945311,0.013495133,0.79761803,0.003611271,0.4,0.0,0.37915233,0.038250733
375316653866487564,2061897323611264512,0.48300436,2225.5954594402256,0.2094981510295118,1.46716775E-5,17.745941,0.016436499,0.34280485,0.07630931,0.11219581,0.124898404,0.03670938,0.042583518,0.9004147,0.007804793,0.021222228,0.009775808,0.27221483,0.04573493,null,null,null,null,"TWOGAUSSIANS",8,14.339045,0.9004147,0.0077772564,0.11884448,0.054744523,0.27221814,0.04515003,0.34280485,0.07630931,0.4,0.034386165,0.036697097,0.042505022
375316653866487564,2061897357987349248,0.53721553,2226.4255225360143,0.3578805098620303,8.512868E-6,17.321238,0.002358846,0.28364196,0.003747383,0.009492596,0.0022800064,0.025054894,0.0046038083,0.7833587,0.0030224193,0.023067767,0.002861403,0.18496954,0.012142806,0.018233417,0.0031703033,0.28364196,0.003747383,"TWOGAUSSIANS_WITH_ELLIPSOIDAL_ON_ECLIPSE1",9,4.544301,0.7833587,0.0030148213,0.1291795,0.016023856,0.22143625,0.01265457,0.28364196,0.003747383,0.053158537,0.012768037,0.061521713,0.003281193
