Gaia/vari_eclipsing_binary/VariEclipsingBinary_251439-251654.csv
# %ECSV 1.0
# ---
# delimiter: ','
# meta: !!omap
# - RELEASE: Gaia DR3
# - TABLE: vari_eclipsing_binary
# - DESCRIPTION: >
#     This table describes the properties of the eclipsing binaries resulting from the variability analysis. 
# - CITATION: >
#     How to cite and acknowledge Gaia: 
#     https://gea.esac.esa.int/archive/documentation/credits.html 
# - KNOWN_ISSUES: >
#     Known issues: 
#     https://www.cosmos.esa.int/web/gaia-users/known-issues 
# - DOCUMENTATION: >
#     Tutorials and documentation: 
#     https://www.cosmos.esa.int/web/gaia-users/archive 
# datatype:
# - 
#   name: solution_id
#   datatype: int64
#   description: Solution Identifier
#   meta:
#     ucd: meta.version
# - 
#   name: source_id
#   datatype: int64
#   description: Unique source identifier
#   meta:
#     ucd: meta.id;meta.main
# - 
#   name: global_ranking
#   datatype: float32
#   description: Number between 0 (worst) and 1 (best)
#   meta:
#     ucd: stat.param
# - 
#   name: reference_time
#   datatype: float64
#   unit: d
#   description: Reference time used for the geometric model fit
#   meta:
#     ucd: time.epoch
# - 
#   name: frequency
#   datatype: float64
#   unit: d**-1
#   description: Frequency of geometric model of the eclipsing binary light curve
#   meta:
#     ucd: src.orbital
# - 
#   name: frequency_error
#   datatype: float32
#   unit: d**-1
#   description: "Uncertainty of \\texttt{frequency}"
#   meta:
#     ucd: stat.error
# - 
#   name: geom_model_reference_level
#   datatype: float32
#   unit: mag
#   description: Magnitude reference level of geometric model
#   meta:
#     ucd: phot.mag;em.opt
# - 
#   name: geom_model_reference_level_error
#   datatype: float32
#   unit: mag
#   description: "Uncertainty of \\texttt{geomModelReferenceLevel}"
#   meta:
#     ucd: stat.error;phot.mag;em.opt
# - 
#   name: geom_model_gaussian1_phase
#   datatype: float32
#   description: Phase of the Gaussian 1 component
#   meta:
#     ucd: time.phase
# - 
#   name: geom_model_gaussian1_phase_error
#   datatype: float32
#   description: "Uncertainty of \\texttt{geomModelGaussian1Phase}"
#   meta:
#     ucd: stat.error;time.phase
# - 
#   name: geom_model_gaussian1_sigma
#   datatype: float32
#   description: "Standard deviation [phase] of Gaussian 1 component"
#   meta:
#     ucd: stat.stdev
# - 
#   name: geom_model_gaussian1_sigma_error
#   datatype: float32
#   description: "Uncertainty of \\texttt{geomModelGaussian1Sigma}"
#   meta:
#     ucd: stat.error
# - 
#   name: geom_model_gaussian1_depth
#   datatype: float32
#   unit: mag
#   description: Magnitude depth of Gaussian 1 component
#   meta:
#     ucd: src.var.amplitude
# - 
#   name: geom_model_gaussian1_depth_error
#   datatype: float32
#   unit: mag
#   description: "Uncertainty of \\texttt{geomModelGaussian1Depth}"
#   meta:
#     ucd: stat.error;src.var.amplitude
# - 
#   name: geom_model_gaussian2_phase
#   datatype: float32
#   description: Phase of Gaussian 2 component
#   meta:
#     ucd: time.phase
# - 
#   name: geom_model_gaussian2_phase_error
#   datatype: float32
#   description: "Uncertainty of \\texttt{geomModelGaussian2Phase}"
#   meta:
#     ucd: stat.error;time.phase
# - 
#   name: geom_model_gaussian2_sigma
#   datatype: float32
[...]
#   datatype: float32
#   description: "Secondary eclipse: uncertainty of \\texttt{derivedSecondaryEclDuration}"
#   meta:
#     ucd: stat.error;time.duration
# - 
#   name: derived_secondary_ecl_depth
#   datatype: float32
#   unit: mag
#   description: "Secondary eclipse: depth"
#   meta:
#     ucd: src.var.amplitude
# - 
#   name: derived_secondary_ecl_depth_error
#   datatype: float32
#   unit: mag
#   description: "Secondary eclipse: uncertainty of \\texttt{derivedSecondaryEclDepth}"
#   meta:
#     ucd: stat.error;src.var.amplitude
solution_id,source_id,global_ranking,reference_time,frequency,frequency_error,geom_model_reference_level,geom_model_reference_level_error,geom_model_gaussian1_phase,geom_model_gaussian1_phase_error,geom_model_gaussian1_sigma,geom_model_gaussian1_sigma_error,geom_model_gaussian1_depth,geom_model_gaussian1_depth_error,geom_model_gaussian2_phase,geom_model_gaussian2_phase_error,geom_model_gaussian2_sigma,geom_model_gaussian2_sigma_error,geom_model_gaussian2_depth,geom_model_gaussian2_depth_error,geom_model_cosine_half_period_amplitude,geom_model_cosine_half_period_amplitude_error,geom_model_cosine_half_period_phase,geom_model_cosine_half_period_phase_error,model_type,num_model_parameters,reduced_chi2,derived_primary_ecl_phase,derived_primary_ecl_phase_error,derived_primary_ecl_duration,derived_primary_ecl_duration_error,derived_primary_ecl_depth,derived_primary_ecl_depth_error,derived_secondary_ecl_phase,derived_secondary_ecl_phase_error,derived_secondary_ecl_duration,derived_secondary_ecl_duration_error,derived_secondary_ecl_depth,derived_secondary_ecl_depth_error
[from data line 293]
375316653866487564,2212346248404350720,0.5946378,2180.123050354314,1.4257603934843195,6.247478E-6,15.818245,0.559308,0.17265669,0.005382695,0.19939917,0.14140832,0.2918504,0.55325466,0.65643334,0.0068857465,0.1338096,0.020534314,0.31868768,0.23380415,null,null,null,null,"TWOGAUSSIANS",8,3.7721741,0.65643334,0.0068857465,0.4,0.0,0.16864106,0.0051131463,0.17368668,0.0041846004,0.4,0.0,0.116851136,0.0045331945
375316653866487564,2212348992884837376,0.49762997,2129.5540349620987,3.596607488783919,9.067612E-6,18.718788,0.0042221565,0.37846452,0.0036391784,0.055869535,0.0054558143,0.18863961,0.016026337,0.72836226,4.5441257E-6,0.0035223335,4.655034E-4,0.074768506,0.010178277,null,null,null,null,"TWOGAUSSIANS",8,2.8070025,0.37846452,0.0036391784,0.3128694,0.03055256,0.18863961,0.016026337,0.72836226,4.5441257E-6,0.019725068,0.0026068192,0.07476851,0.010178276
375316653866487564,2212350676511968896,0.52975357,2119.5695944587546,0.26570475,1.0591581E-6,18.603218,0.0034480148,0.12787256,0.035686173,0.069116905,0.030828852,0.015317228,0.008111254,0.73580134,9.017036E-7,9.181745E-4,5.8117253E-6,0.39724997,0.0034880936,null,null,null,null,"TWOGAUSSIANS",8,2.0861154,0.73580134,9.017036E-7,0.0051417775,3.254566E-5,0.39724997,0.0034881304,0.12787256,0.035686173,0.38705465,0.15222238,0.015317228,0.008111254
375316653866487564,2212352158275701248,0.51182,2163.47204275091,4.299634859590509,8.468137E-5,18.226902,0.009681376,0.53784776,0.03852525,0.07647316,0.035452794,0.08246845,0.060685966,0.8638208,0.00827961,0.027939826,0.008090983,2.0597358,81.493706,null,null,null,null,"TWOGAUSSIANS",8,19.733627,0.8638208,0.00827961,0.15646303,0.045309506,2.059745,81.493706,0.53784776,0.03852525,0.4,0.15683755,0.08246845,0.060685966
375316653866487564,2212352364437854720,0.55556923,2187.4179397051366,0.06374871335204368,7.001574E-6,15.794134,6.376217E-4,0.1312197,7.9217214E-5,0.001659605,5.7953483E-5,0.26277393,0.009317401,0.7541305,0.0128199635,0.013427711,0.008681238,0.084830396,0.09203025,null,null,null,null,"TWOGAUSSIANS",8,6.6453023,0.1312197,7.9217214E-5,0.009293788,3.2453952E-4,0.26277393,0.009317401,0.7541305,0.0128199635,0.07519518,0.04861493,0.084830396,0.09203025
375316653866487564,2212356350167435776,0.56297,2176.264689962537,2.0701447953470535,8.739175E-6,17.483856,0.010290575,0.29923907,0.002670076,0.09276959,0.0068173567,0.18618453,0.00939587,0.8049225,0.0050943666,0.10146031,0.011365576,0.11183989,0.009412336,null,null,null,null,"TWOGAUSSIANS",8,2.2713943,0.29923907,0.002670076,0.4,0.0,0.17664313,0.006186157,0.8049225,0.0050943666,0.4,0.0,0.10229745,0.0041371477
375316653866487564,2212362466201512320,0.56249416,2169.5130951724186,3.6756312081827245,1.0724155E-5,16.522182,0.077644795,0.27933607,0.003770543,0.05236177,0.027088929,0.1117942,0.14847761,0.77678275,0.011888911,0.05675574,0.026098955,0.17734404,0.15002018,0.076026864,0.07625704,0.27933607,0.003770543,"TWOGAUSSIANS_WITH_ELLIPSOIDAL_ON_ECLIPSE1",9,20.703104,0.7772427,0.009461469,0.31783214,0.093615785,0.32935476,0.021358484,0.27933607,0.003770543,0.2932259,0.11889235,0.26383704,0.012092447
375316653866487564,2212367860680452352,0.47433323,2156.3507077714867,1.282352012662464,2.5355903E-5,17.870056,0.0056346133,0.5262788,9.260759E-4,0.013676009,8.318711E-4,0.6289813,0.07322632,0.34192482,0.0569871,0.13531612,0.030587861,0.029409736,0.012023785,null,null,null,null,"TWOGAUSSIANS",8,11.050565,0.5262488,9.2010084E-4,0.07658565,0.0046584783,0.6405457,0.07319125,0.34192482,0.0569871,0.4,0.0,0.02934595,0.012016644
375316653866487564,2212375763419694464,0.5972085,2206.673787109851,1.2159541944227825,2.0696312E-5,17.526722,0.0025053944,0.26743385,0.00350729,0.054378856,0.0036026195,0.09202272,0.0071750754,0.76066506,0.006033662,0.047188837,0.0036564614,0.43554288,0.016848015,null,null,null,null,"TWOGAUSSIANS",8,5.0756016,0.76066506,0.006033662,0.2642575,0.020476185,0.43554142,0.016848013,0.26743385,0.00350729,0.3045216,0.02017467,0.09202125,0.0071751904
375316653866487564,2212376759852597120,0.6780081,2203.854757559093,1.0617065901492921,4.3416603E-6,16.438503,0.0019841825,0.76418316,0.05595844,0.114663824,0.073060565,0.007522801,0.0034092728,0.4071765,5.458369E-4,0.03814013,8.5947517E-4,0.41591433,0.0047330493,null,null,null,null,"TWOGAUSSIANS",8,2.4453366,0.40718648,5.439515E-4,0.21358474,0.004813061,0.4159688,0.004773424,0.76418316,0.05595844,0.4,0.15436023,0.00751821,0.0034070245
375316653866487564,2212384727013092224,0.47527865,2160.2369294624054,1.4765944262692825,6.13022E-6,17.987366,0.004073491,0.21325956,0.001328397,0.032387488,0.0020471502,0.14483766,0.0086687235,0.7167576,0.009551586,0.0673533,0.019110888,0.056370217,0.010321249,null,null,null,null,"TWOGAUSSIANS",8,4.461591,0.21325956,0.001328397,0.18136993,0.011464041,0.14483725,0.008668139,0.7167576,0.009551586,0.37717846,0.08543767,0.0563698,0.0103231715
375316653866487564,2212385448567633408,0.50460774,2171.084378758417,3.5023232200102687,1.3484197E-5,16.663261,0.002080841,0.2500025,0.0032705055,0.07480912,0.004810159,0.05694476,0.0024512494,0.7340391,0.011951043,0.07831774,0.010280419,0.04487165,0.0059441226,null,null,null,null,"TWOGAUSSIANS",8,2.3142264,0.2500025,0.0032705055,0.4,0.0,0.056599878,0.0023443915,0.7340391,0.011951043,0.4,0.0034368476,0.044526767,0.005988656
375316653866487564,2212385792165016192,0.56119716,2124.5728181925856,2.210963545306523,8.841098E-6,18.176203,0.020229513,0.3268546,0.00941441,0.08784395,0.014521287,0.31110638,0.0203828,0.8210335,0.0025740636,0.07862639,0.009425559,0.2185326,0.01703396,null,null,null,null,"TWOGAUSSIANS",8,3.9318774,0.3268546,0.00941441,0.4,0.0,0.3059109,0.019669747,0.8210335,0.0025740636,0.4,0.0,0.21333715,0.009042456
375316653866487564,2212389296858350720,0.54936856,2179.0578742380635,2.335513953809111,1.31875295E-5,18.311152,0.008380495,0.26574424,0.0038964062,0.083101116,0.006156613,0.36518985,0.01864747,0.7647321,0.0023788644,0.08856747,0.0048414352,0.39881125,0.015582295,null,null,null,null,"TWOGAUSSIANS",8,4.248424,0.7647321,0.0023788644,0.4,0.0,0.3880086,0.016999269,0.26574424,0.0038964062,0.4,0.0,0.35438728,0.019872434
375316653866487564,2212392835911457664,0.60690606,2123.5021260120757,0.4440582716233493,1.3239629E-5,18.550085,0.0024265137,0.31774396,0.003059544,0.018699571,0.0015301465,0.26469126,0.040810894,0.79678,0.0073662857,0.017104594,0.003842118,0.6728608,0.53984326,null,null,null,null,"TWOGAUSSIANS",8,1.5694499,0.79678,0.0073662857,0.09578573,0.021515861,0.6728608,0.53984326,0.31774396,0.003059544,0.104717605,0.008568821,0.26469126,0.040810894
375316653866487564,2212393110790483840,0.50496095,2188.190037292885,1.1887705672889084,1.0132953E-6,19.227842,0.0068243095,0.30293256,3.8313416E-8,5.686031E-4,5.248346E-6,0.58185685,0.005938441,0.8279012,0.023595473,0.027849533,0.021271205,0.12113027,0.5608121,null,null,null,null,"TWOGAUSSIANS",8,3.5956466,0.30293256,3.8313416E-8,0.0031841774,2.939074E-5,0.58185685,0.005938441,0.8279012,0.023595473,0.15595739,0.11911875,0.12113027,0.5608121
375316653866487564,2212393557464753664,0.52153295,2211.3066335633453,1.6705536793584892,2.5359697E-5,19.441744,0.008346124,0.4997338,0.004347959,0.071794435,0.0054140207,0.33543694,0.01671689,0.87679917,0.021341518,0.023793757,0.009083973,0.05756213,0.16425844,null,null,null,null,"TWOGAUSSIANS",8,2.1913686,0.4997338,0.004347959,0.4,0.011336591,0.33543694,0.01671689,0.87679917,0.021341518,0.13324504,0.05087025,0.057562478,0.16425839
375316653866487564,2212395241091145088,0.5449962,2208.31704105387,1.1830101179829036,6.3595144E-6,18.299433,0.002205896,0.2979211,7.263027E-5,0.006746814,7.467311E-5,0.4140005,0.0033111637,0.83688813,0.0019511607,0.021745356,0.0022324675,0.024894947,0.0025277045,null,null,null,null,"TWOGAUSSIANS",8,1.6888572,0.2979211,7.263027E-5,0.03778216,4.181694E-4,0.4140005,0.0033111637,0.83688813,0.0019511607,0.12177399,0.012501818,0.024894947,0.0025277045
375316653866487564,2212395515974095104,0.44242066,2254.873328539903,2.816260826981192,4.7468653E-5,18.947552,0.0068433546,null,null,null,null,null,null,null,null,null,null,null,null,0.08197,0.009781768,0.22099969,0.010138196,"ELLIPSOIDAL",4,6.183368,null,null,null,null,null,null,null,null,null,null,null,null
375316653866487564,2212395623347172736,0.6535296,2236.7634732560455,2.9499941019546316,3.0304493E-6,14.284597,0.0067116995,0.23780648,7.982249E-4,0.046141405,0.00195941,0.32143003,0.0143573955,0.73183966,8.4230915E-4,0.045450103,0.0022477254,0.3526141,0.020870717,0.13399242,0.0075108004,0.23780648,7.982249E-4,"TWOGAUSSIANS_WITH_ELLIPSOIDAL_ON_ECLIPSE1",9,73.712456,0.73249966,7.659063E-4,0.25452057,0.012587262,0.6202634,0.021841055,0.23780648,7.982249E-4,0.25839186,0.010972696,0.58941436,0.009151871
375316653866487564,2212400193188700928,0.4360186,2242.7426392261787,0.4153387791298818,1.0517836E-6,16.430365,0.001959034,0.5757588,0.014285825,0.0070100892,0.013053339,0.19674847,0.13606907,0.93157613,3.228568E-5,0.006513705,3.1334735E-4,2.393864,0.7782005,null,null,null,null,"TWOGAUSSIANS",8,12.142703,0.93157613,3.228568E-5,0.036476746,0.0017547453,2.393864,0.7782005,0.5757588,0.014285825,0.0392565,0.0730987,0.19674847,0.13606907
375316653866487564,2212400291972780416,0.4940319,2196.3355062486694,0.3108232478420614,5.606665E-5,18.742353,0.00719967,0.24184453,0.011203925,0.04654101,0.008935882,0.17620982,0.017729217,0.7399726,0.01401906,0.06834877,0.031314693,0.04265223,0.018465504,null,null,null,null,"TWOGAUSSIANS",8,2.2910852,0.24184453,0.011203925,0.26062965,0.050040934,0.17619935,0.017713148,0.7399726,0.01401906,0.38275313,0.15551817,0.042641755,0.018474188
375316653866487564,2212406579804955392,0.578126,2191.643501516225,0.30812940915261666,1.1962353E-5,16.137682,0.0012590184,0.31709942,0.0016510157,0.010500256,0.0017510019,0.3054093,0.093636796,0.8147888,0.0060665994,0.017700866,0.0040015182,0.09332123,0.017130371,null,null,null,null,"TWOGAUSSIANS",8,4.8968973,0.31709942,0.0016510157,0.05880143,0.009805611,0.3054093,0.093636796,0.8147888,0.0060665994,0.09912485,0.022408502,0.09332123,0.017130371
375316653866487564,2212406854682887424,0.5010363,2189.2905958769543,0.21918388331116814,2.7943395E-5,18.50906,0.0067497347,0.17015684,0.034679342,0.014144011,0.04499906,1.189357,1.4295985,0.5352402,0.0065126154,0.026291754,0.0107942205,0.2626328,0.49625608,null,null,null,null,"TWOGAUSSIANS",8,2.206979,0.17015684,0.034679342,0.07920647,0.25199473,1.189357,1.4295985,0.5352402,0.0065126154,0.14723383,0.060447637,0.2626328,0.49625608
375316653866487564,2212406957762126208,0.49133748,2153.901493194523,0.21165013008640973,1.901854E-4,19.098047,0.027281694,0.17388095,0.01598566,0.020122759,0.0060330015,2.4161854,3.3020072,0.6927968,0.1302912,0.13342732,0.15337814,0.14673488,1.1028911,null,null,null,null,"TWOGAUSSIANS",8,25.351334,0.17388095,0.01598566,0.112687446,0.033784807,2.415522,3.3020716,0.6927968,0.1302912,0.4,0.3684149,0.14577472,1.1041076
375316653866487564,2212408370810037248,0.49651986,2170.2917516712805,2.4873690184307886,3.2869895E-5,18.080933,0.28317678,0.24151456,0.0093708085,0.11207432,0.04298357,0.2537638,0.22928645,0.7376787,0.006270099,0.15677229,0.096706435,0.23929392,0.27885088,null,null,null,null,"TWOGAUSSIANS",8,5.8924828,0.24173456,0.00945256,0.4,0.0,0.1737883,0.010928891,0.7376787,0.006270099,0.4,0.0,0.15637511,0.009341201
375316653866487564,2212408778828335488,0.46058297,2166.3791300347243,0.5206426453802632,3.1039268E-5,15.147973,0.0036494934,0.22683682,0.15642181,0.06734273,0.073264,0.06737861,0.63758487,0.83823633,0.0010748669,0.010404891,7.423136E-4,0.11265584,0.0076405597,null,null,null,null,"TWOGAUSSIANS",8,8.446534,0.83823633,0.0010748669,0.058267392,0.0041569564,0.11265584,0.00764081,0.22683682,0.15642181,0.37711927,0.35398656,0.06737861,0.63758487
375316653866487564,2212409813916390272,0.5400779,2153.06383550841,3.007125883975055,9.564635E-6,19.430317,0.028432334,0.30442554,0.007429481,0.08476258,0.012581279,0.5326281,0.024241777,0.7993765,0.0032236767,0.06994524,0.0045378506,0.58755696,0.036376085,null,null,null,null,"TWOGAUSSIANS",8,4.9352794,0.7993765,0.0032236767,0.39169335,0.02369149,0.5821848,0.034551814,0.30442554,0.007429481,0.4,0.0,0.5272559,0.022501988
375316653866487564,2212410737333656320,0.55091184,2185.9199579211813,2.6653974611007833,1.12089765E-5,19.325024,0.006430223,0.26731753,0.003095221,0.0767865,0.0029010072,0.34107235,0.012993328,0.7701326,0.0025255666,0.076253034,0.0026349835,0.43751547,0.010338787,null,null,null,null,"TWOGAUSSIANS",8,1.5107807,0.7701326,0.0025255666,0.4,0.0,0.43402103,0.010137705,0.26731753,0.003095221,0.4,0.0,0.3375779,0.012829959
375316653866487564,2212410977851384448,0.521254,2199.647858426718,3.6407652028201714,2.383575E-5,17.983519,0.017460018,0.21491577,0.0055431654,0.104735985,0.013858124,0.194634,0.017003132,0.70680726,0.0068953913,0.097331546,0.015474636,0.18350713,0.014711139,null,null,null,null,"TWOGAUSSIANS",8,3.3719583,0.21491577,0.0055431654,0.4,0.0,0.17861597,0.015288048,0.70680726,0.0068953913,0.4,0.0,0.16749302,0.01040595
375316653866487564,2212418571353957504,0.62406796,2151.005097925451,0.9625373771136373,3.3240318E-5,18.240988,0.0013548364,0.39365667,4.0603892E-4,0.04308632,4.4256117E-4,0.605081,2.8306758E-4,null,null,null,null,null,null,null,null,null,null,"ONEGAUSSIAN",5,0.8208987,0.39365667,4.0603892E-4,0.24128339,0.0024783427,0.605081,0.0,null,null,null,null,null,null
375316653866487564,2212419705225120000,0.44809955,2161.7932079383722,3.7266534663358515,4.0077874E-5,18.56044,0.1452705,0.29726404,0.012498212,0.09593497,0.041191455,0.1277513,0.107999854,0.75093526,0.019955175,0.102065526,0.13360672,0.08263821,0.13572887,null,null,null,null,"TWOGAUSSIANS",8,4.4687676,0.29727402,0.009554302,0.4,0.0,0.1232429,0.019564984,0.75093526,0.019955175,0.4,0.0,0.07812731,0.015592515
375316653866487564,2212419980103782912,0.4730711,2189.614802603662,2.88710474106397,1.8355593E-5,19.83884,0.04512652,0.30585545,0.011129758,0.0912458,0.019918978,0.28063366,0.046162356,0.8019182,0.0062019643,0.08512145,0.0218273,0.36815512,0.03225863,null,null,null,null,"TWOGAUSSIANS",8,2.9843304,0.8019182,0.0062019643,0.4,0.0,0.3573886,0.03943427,0.30585545,0.011129758,0.4,0.0,0.269867,0.03544817
375316653866487564,2212420534153719680,0.5197222,2135.9054928019514,2.8276534332600334,5.967613E-6,19.576714,0.02077209,0.26083776,0.002390446,0.09553799,0.0058183228,0.3861913,0.019353116,0.7606845,0.002438047,0.10860627,0.008881407,0.3822331,0.017782733,null,null,null,null,"TWOGAUSSIANS",8,0.9668555,0.26083776,0.002390446,0.4,0.0,0.3481092,0.010069954,0.7606845,0.002438047,0.4,0.0,0.34413275,0.018109271
375316653866487564,2212421766809687040,0.5789382,2157.5711522587685,2.3064150261912704,8.34058E-6,18.99203,0.004870726,0.26313323,0.0025055718,0.07172783,0.005038788,0.37416947,0.04222587,0.76215583,0.0016989774,0.07382155,0.0024588634,0.4278034,0.0132866865,null,null,null,null,"TWOGAUSSIANS",8,1.6951907,0.76215583,0.0016989774,0.4,0.0,0.42566046,0.013423314,0.26313323,0.0025055718,0.4,0.013076274,0.37202653,0.04295877
375316653866487564,2212422007327785728,0.5107856,2180.147699097993,2.7805241477965823,1.6288694E-5,18.878778,0.013430855,0.24208084,0.0046644867,0.09858504,0.008992007,0.19484343,0.013205706,0.73449564,0.0054578898,0.1047441,0.009561286,0.19013345,0.014435155,null,null,null,null,"TWOGAUSSIANS",8,1.3409119,0.24208084,0.004672551,0.4,0.0,0.1777976,0.008127938,0.73449564,0.0054578898,0.4,0.0,0.17308418,0.009970706
375316653866487564,2212423454735529984,0.5127571,2201.017223983569,2.758785634743975,7.307914E-6,17.090014,0.0015137214,null,null,null,null,null,null,null,null,null,null,null,null,0.061697923,0.0028706826,0.26943734,0.0023610378,"ELLIPSOIDAL",4,4.996739,null,null,null,null,null,null,null,null,null,null,null,null
