Gaia/vari_eclipsing_binary/VariEclipsingBinary_116224-118619.csv
# %ECSV 1.0
# ---
# delimiter: ','
# meta: !!omap
# - RELEASE: Gaia DR3
# - TABLE: vari_eclipsing_binary
# - DESCRIPTION: >
#     This table describes the properties of the eclipsing binaries resulting from the variability analysis. 
# - CITATION: >
#     How to cite and acknowledge Gaia: 
#     https://gea.esac.esa.int/archive/documentation/credits.html 
# - KNOWN_ISSUES: >
#     Known issues: 
#     https://www.cosmos.esa.int/web/gaia-users/known-issues 
# - DOCUMENTATION: >
#     Tutorials and documentation: 
#     https://www.cosmos.esa.int/web/gaia-users/archive 
# datatype:
# - 
#   name: solution_id
#   datatype: int64
#   description: Solution Identifier
#   meta:
#     ucd: meta.version
# - 
#   name: source_id
#   datatype: int64
#   description: Unique source identifier
#   meta:
#     ucd: meta.id;meta.main
# - 
#   name: global_ranking
#   datatype: float32
#   description: Number between 0 (worst) and 1 (best)
#   meta:
#     ucd: stat.param
# - 
#   name: reference_time
#   datatype: float64
#   unit: d
#   description: Reference time used for the geometric model fit
#   meta:
#     ucd: time.epoch
# - 
#   name: frequency
#   datatype: float64
#   unit: d**-1
#   description: Frequency of geometric model of the eclipsing binary light curve
#   meta:
#     ucd: src.orbital
# - 
#   name: frequency_error
#   datatype: float32
#   unit: d**-1
#   description: "Uncertainty of \\texttt{frequency}"
#   meta:
#     ucd: stat.error
# - 
#   name: geom_model_reference_level
#   datatype: float32
#   unit: mag
#   description: Magnitude reference level of geometric model
#   meta:
#     ucd: phot.mag;em.opt
# - 
#   name: geom_model_reference_level_error
#   datatype: float32
#   unit: mag
#   description: "Uncertainty of \\texttt{geomModelReferenceLevel}"
#   meta:
#     ucd: stat.error;phot.mag;em.opt
# - 
#   name: geom_model_gaussian1_phase
#   datatype: float32
#   description: Phase of the Gaussian 1 component
#   meta:
#     ucd: time.phase
# - 
#   name: geom_model_gaussian1_phase_error
#   datatype: float32
#   description: "Uncertainty of \\texttt{geomModelGaussian1Phase}"
#   meta:
#     ucd: stat.error;time.phase
# - 
#   name: geom_model_gaussian1_sigma
#   datatype: float32
#   description: "Standard deviation [phase] of Gaussian 1 component"
#   meta:
#     ucd: stat.stdev
# - 
#   name: geom_model_gaussian1_sigma_error
#   datatype: float32
#   description: "Uncertainty of \\texttt{geomModelGaussian1Sigma}"
#   meta:
#     ucd: stat.error
# - 
#   name: geom_model_gaussian1_depth
#   datatype: float32
#   unit: mag
#   description: Magnitude depth of Gaussian 1 component
#   meta:
#     ucd: src.var.amplitude
# - 
#   name: geom_model_gaussian1_depth_error
#   datatype: float32
#   unit: mag
#   description: "Uncertainty of \\texttt{geomModelGaussian1Depth}"
#   meta:
#     ucd: stat.error;src.var.amplitude
# - 
#   name: geom_model_gaussian2_phase
#   datatype: float32
#   description: Phase of Gaussian 2 component
#   meta:
#     ucd: time.phase
# - 
#   name: geom_model_gaussian2_phase_error
#   datatype: float32
#   description: "Uncertainty of \\texttt{geomModelGaussian2Phase}"
#   meta:
#     ucd: stat.error;time.phase
# - 
#   name: geom_model_gaussian2_sigma
#   datatype: float32
[...]
#   datatype: float32
#   description: "Secondary eclipse: uncertainty of \\texttt{derivedSecondaryEclDuration}"
#   meta:
#     ucd: stat.error;time.duration
# - 
#   name: derived_secondary_ecl_depth
#   datatype: float32
#   unit: mag
#   description: "Secondary eclipse: depth"
#   meta:
#     ucd: src.var.amplitude
# - 
#   name: derived_secondary_ecl_depth_error
#   datatype: float32
#   unit: mag
#   description: "Secondary eclipse: uncertainty of \\texttt{derivedSecondaryEclDepth}"
#   meta:
#     ucd: stat.error;src.var.amplitude
solution_id,source_id,global_ranking,reference_time,frequency,frequency_error,geom_model_reference_level,geom_model_reference_level_error,geom_model_gaussian1_phase,geom_model_gaussian1_phase_error,geom_model_gaussian1_sigma,geom_model_gaussian1_sigma_error,geom_model_gaussian1_depth,geom_model_gaussian1_depth_error,geom_model_gaussian2_phase,geom_model_gaussian2_phase_error,geom_model_gaussian2_sigma,geom_model_gaussian2_sigma_error,geom_model_gaussian2_depth,geom_model_gaussian2_depth_error,geom_model_cosine_half_period_amplitude,geom_model_cosine_half_period_amplitude_error,geom_model_cosine_half_period_phase,geom_model_cosine_half_period_phase_error,model_type,num_model_parameters,reduced_chi2,derived_primary_ecl_phase,derived_primary_ecl_phase_error,derived_primary_ecl_duration,derived_primary_ecl_duration_error,derived_primary_ecl_depth,derived_primary_ecl_depth_error,derived_secondary_ecl_phase,derived_secondary_ecl_phase_error,derived_secondary_ecl_duration,derived_secondary_ecl_duration_error,derived_secondary_ecl_depth,derived_secondary_ecl_depth_error
[from data line 392]
375316653866487564,1040781420336906880,0.5214175,2245.7891988584165,2.2720311280754335,1.2187665E-5,17.890131,0.0056438665,0.20753615,0.009256411,0.023508608,0.02228017,0.060635213,2185.5625,0.7239483,0.0025155474,0.031938568,0.0037040652,0.39042878,0.019897051,0.028020695,0.008158623,0.20753615,0.009256411,"TWOGAUSSIANS_WITH_ELLIPSOIDAL_ON_ECLIPSE1",9,12.500718,0.7239483,0.0025155474,0.17885599,0.020742765,0.44587633,0.020683749,0.20753615,0.009256411,0.1316482,0.12476895,0.11667659,2185.5693
375316653866487564,1040806507243433728,0.6747532,2236.042113366191,3.868993285978505,1.319002E-6,16.79098,0.0042394698,0.28703082,6.7731255E-4,0.048207987,0.0013227969,0.3639838,0.010893577,0.7843273,0.0013227096,0.048673023,0.0017077081,0.3154664,0.0106690535,0.12134725,0.006390544,0.28703082,6.7731255E-4,"TWOGAUSSIANS_WITH_ELLIPSOIDAL_ON_ECLIPSE1",9,6.3429723,0.28703082,6.7731255E-4,0.26996472,0.007407663,0.60667735,0.0072150975,0.7846674,0.0011386862,0.2725689,0.009563166,0.55809873,0.006458796
375316653866487564,1040843203444045440,0.5042629,2223.564743310227,3.120875027599715,1.2832645E-5,19.54642,0.004632786,0.30560908,0.0052920496,0.0060621803,0.0052013686,0.06558246,4295175.0,0.5254477,0.008616675,0.021487022,0.01216027,0.37148303,0.04803759,null,null,null,null,"TWOGAUSSIANS",8,2.0133858,0.5254477,0.008616675,0.120327316,0.06809751,0.37148303,0.04803759,0.30560908,0.0052920496,0.03394821,0.029127665,0.06558246,4295175.0
375316653866487564,1041118802904391168,0.6723161,2199.797798950234,1.3265267841603312,3.7117536E-6,13.105308,0.0044332403,0.23087232,0.002337831,0.049782403,0.004263013,0.09286688,0.008977462,0.72907233,0.0012812862,0.043820187,0.0013123766,0.6062805,0.01845659,0.012751161,0.0054752417,0.23087232,0.002337831,"TWOGAUSSIANS_WITH_ELLIPSOIDAL_ON_ECLIPSE1",9,80.93777,0.72908235,0.00126977,0.24539304,0.0073493086,0.63177925,0.0208484,0.23087232,0.002337831,0.27878144,0.023872875,0.11836884,0.00348829
375316653866487564,1041168551509635072,0.532005,2234.0435721287154,4.8690595355166,1.2580008E-5,18.370667,0.0053916434,0.2647866,0.0055356403,0.04270481,0.0073021217,0.078133754,0.016956361,0.7552665,0.0020234596,0.04147577,0.0062211896,0.22359036,0.019895166,0.047093604,0.007991547,0.2647866,0.0055356403,"TWOGAUSSIANS_WITH_ELLIPSOIDAL_ON_ECLIPSE1",9,3.4132729,0.7557765,0.0017536014,0.23226431,0.03483866,0.31745893,0.019477876,0.2647866,0.0055356403,0.23914693,0.040891882,0.17232077,0.009895563
375316653866487564,1041189034209621248,0.53129274,2257.7056221819084,3.307564193143404,1.2116902E-5,16.539162,0.01401016,0.271509,0.0032734443,0.08990292,0.009045509,0.18589267,0.012462682,0.7823129,0.0038416036,0.10531576,0.010005636,0.18917596,0.012630401,null,null,null,null,"TWOGAUSSIANS",8,18.242918,0.7823129,0.0038416036,0.4,0.0,0.1769811,0.00834705,0.271509,0.0032805658,0.4,0.0,0.1737031,0.006580033
375316653866487564,1041243082078027520,0.47616613,2218.9245157252362,0.7215114191739368,3.6360427E-6,11.375411,6.358997E-4,0.33402604,0.051624905,0.026791466,0.053029165,0.0028519605,0.026684588,0.68810576,0.0016677148,0.022729628,0.001569473,0.0850463,0.009311206,9.298475E-4,9.28757E-4,0.33402604,0.051624905,"TWOGAUSSIANS_WITH_ELLIPSOIDAL_ON_ECLIPSE1",9,15.818897,0.68817574,0.0016643052,0.12728591,0.0087890485,0.08573489,0.00937267,0.33402604,0.051624905,0.15003222,0.29696333,0.0047116554,0.02653104
375316653866487564,1041297920220421888,0.580628,2231.585193666852,2.953793440157778,8.20807E-6,14.363839,0.026773926,0.25602233,0.0023347663,0.057692982,0.005625783,0.32980072,0.06528693,0.76481545,0.0016152187,0.053876102,0.006630432,0.3414925,0.061299574,0.0829488,0.038757015,0.76481545,0.0016152187,"TWOGAUSSIANS_WITH_ELLIPSOIDAL_ON_ECLIPSE2",9,349.844,0.76481545,0.0016152187,0.30170617,0.03713042,0.5073681,0.0194136,0.25705233,0.0018091549,0.3230807,0.031504385,0.49522933,0.021545053
375316653866487564,1041397249927902080,0.53122234,2219.355014951503,4.870498727709379,1.8169087E-5,19.654215,0.011186802,0.29303697,0.0051149707,0.06845829,0.006357366,0.61901146,0.04404539,0.7885978,0.005664014,0.07216847,0.00587638,0.5658979,0.0165545,null,null,null,null,"TWOGAUSSIANS",8,3.859088,0.29303697,0.0051149707,0.38336644,0.03560125,0.6171129,0.044837788,0.7885978,0.005664014,0.4,0.016232053,0.5639993,0.016499083
375316653866487564,1041411960191929856,0.52112895,2192.074940476476,0.9217623308242324,2.7983942E-5,17.35685,0.00417915,0.3108195,0.0024652448,0.012551547,0.0019612384,0.22437914,0.013362396,0.805614,2.1175504E-6,0.010524281,1.08236236E-4,0.61671054,0.007842649,0.014579245,0.006410383,0.3108195,0.0024652448,"TWOGAUSSIANS_WITH_ELLIPSOIDAL_ON_ECLIPSE1",9,27.751968,0.805614,2.1175504E-6,0.058935978,6.0612295E-4,0.6458378,0.0068169455,0.3108195,0.0024652448,0.070288666,0.010982934,0.25353757,0.01370576
375316653866487564,1041515687946175104,0.4661607,2222.5819115781055,3.268675009818692,1.3603893E-5,18.975468,0.0066330926,0.20977718,0.0164874,0.04666737,0.013494442,0.10294692,0.012985806,0.71555686,0.0026466998,0.031586725,0.0032884905,0.3987523,0.03855327,null,null,null,null,"TWOGAUSSIANS",8,6.624803,0.71555686,0.0026466998,0.17688566,0.018415546,0.3987523,0.03855327,0.20977718,0.0164874,0.26133728,0.07556888,0.10294692,0.012985806
375316653866487564,1041603928051412864,0.585577,2238.962986146599,2.435991156419743,3.104244E-6,18.330025,0.008100613,0.28253442,0.0011886293,0.048729103,0.0025764008,0.35580462,0.016020019,0.79101145,0.002141181,0.066231996,0.01400031,0.051468696,0.018330965,0.084689625,0.010340694,0.79101145,0.002141181,"TWOGAUSSIANS_WITH_ELLIPSOIDAL_ON_ECLIPSE2",9,2.4425242,0.2832244,0.0010171022,0.27288297,0.014427844,0.5247009,0.005980727,0.79101145,0.002141181,0.37089917,0.078191996,0.22080581,0.0053631878
375316653866487564,1041615507283192704,0.6131299,2258.6908582701008,2.936479514545719,4.0928976E-6,13.647994,0.0069105825,0.23604551,0.01432158,0.03432729,0.008961815,0.31009704,0.53702146,0.7250305,0.0011495083,0.049615912,0.0029564656,0.31672075,0.016129453,0.11861797,0.0092927925,0.7250305,0.0011495083,"TWOGAUSSIANS_WITH_ELLIPSOIDAL_ON_ECLIPSE2",9,297.31982,0.7250305,0.0011495083,0.2778491,0.016556207,0.5539557,0.012704765,0.23531552,0.013634425,0.19223283,0.050186165,0.5462725,0.5399592
375316653866487564,1041665255893096832,0.529659,2256.388466022566,0.04249705570662572,1.0114461E-6,17.616884,0.0016107111,0.42940998,2.8828135E-6,0.0022736185,1.18328935E-5,0.38199803,0.0012042074,null,null,null,null,null,null,null,null,null,null,"ONEGAUSSIAN",5,4.227223,0.42940998,2.8828135E-6,0.012732264,6.62642E-5,0.38199803,0.0,null,null,null,null,null,null
375316653866487564,1041689720020787840,0.5037456,2204.6505232378763,1.6158078559401508,1.2500337E-5,17.715822,0.0014263004,null,null,null,null,null,null,null,null,null,null,null,null,0.056473885,0.0017946286,0.14463603,0.0030856966,"ELLIPSOIDAL",4,2.9518435,null,null,null,null,null,null,null,null,null,null,null,null
375316653866487564,1041705873394970752,0.56481004,2230.3345585057386,0.9014985472874522,3.417006E-5,10.556822,7.518158E-4,0.23199736,0.01944352,0.011748958,0.005423032,0.006951497,0.0065194718,0.74801093,3.8891466E-4,0.00878889,0.0010310479,0.08706549,0.0043315375,0.008923536,0.0012347101,0.74801093,3.8891466E-4,"TWOGAUSSIANS_WITH_ELLIPSOIDAL_ON_ECLIPSE2",9,16.213074,0.74801093,3.8891466E-4,0.049217787,0.0057738684,0.10491256,0.004235591,0.23242736,0.018300718,0.06579416,0.03036898,0.024623355,0.006272725
375316653866487564,1041759057972611072,0.6114096,2165.7457127949706,0.6671044873036316,1.3641471E-5,19.339725,0.0037119973,0.33931255,0.0013937227,0.032958932,0.0012600279,1.5321918,0.061559267,0.8440147,0.0039176024,0.039967388,0.0049923356,0.18749791,0.02680373,null,null,null,null,"TWOGAUSSIANS",8,2.0525298,0.33931255,0.0013937227,0.18457001,0.007056156,1.5321918,0.061559267,0.8440147,0.0039176024,0.22381738,0.027957078,0.18749791,0.02680373
375316653866487564,1041771019458798976,0.40886644,2133.069762444032,0.05710091731381854,9.1136906E-5,17.823189,0.005475626,0.101025514,0.006652408,0.034423508,0.0072409417,0.2377544,0.11179751,0.6717363,0.02064269,0.025271373,0.026240546,0.24895787,0.2726457,null,null,null,null,"TWOGAUSSIANS",8,7.4002,0.6717363,0.02064269,0.14151968,0.14694706,0.24895787,0.2726457,0.101025514,0.006652408,0.19277164,0.040549275,0.2377544,0.11179751
375316653866487564,1041794551582618880,0.5635326,2228.26653869002,3.83331063616111,7.1161858E-6,17.745804,0.005542686,0.21087208,0.0020185455,0.084997654,0.004043748,0.21254262,0.006342771,0.7168813,0.002784137,0.086883284,0.004512142,0.24074194,0.01289438,null,null,null,null,"TWOGAUSSIANS",8,2.6635666,0.7168813,0.002784137,0.4,0.0,0.23480256,0.013666949,0.21087208,0.0020185455,0.4,0.0,0.20660326,0.0061229724
375316653866487564,1041902308019321728,0.58395797,2233.4943338263333,0.8160586477232056,4.1559215E-5,13.446513,0.0030348948,0.1574725,0.04656797,0.056169286,0.020812145,0.044467118,0.020132737,0.73941994,0.0029774383,0.019763732,0.0016350558,0.71997917,0.015459723,0.005227798,0.0044378615,0.73941994,0.0029774383,"TWOGAUSSIANS_WITH_ELLIPSOIDAL_ON_ECLIPSE2",9,507.2225,0.73941994,0.0029774383,0.1106769,0.009156312,0.7304348,0.014399507,0.16135252,0.046947423,0.31454802,0.11654801,0.052496504,0.019740995
375316653866487564,1042044797853575808,0.45293337,2229.424207889615,1.0255091961809166,2.5350544E-5,15.960232,0.0047838106,0.3948715,0.01007664,0.020839559,0.012681572,0.3100327,1.7835666,0.8910101,0.015618089,0.012621965,0.0065138973,0.31684545,0.39254737,null,null,null,null,"TWOGAUSSIANS",8,135.97719,0.8910101,0.015618089,0.070683,0.036477827,0.31684545,0.39254737,0.3948715,0.01007664,0.11670153,0.0710168,0.3100327,1.7835666
375316653866487564,1042146051705800832,0.40471816,2207.7933905512473,2.879070025188421,5.4224165E-5,13.432032,0.023946876,0.29977074,0.016741114,0.083268024,0.02550627,0.39174622,0.03958382,0.79186225,0.0114360005,0.0689061,0.008706474,0.38892835,0.04952046,null,null,null,null,"TWOGAUSSIANS",8,1823.6577,0.29977074,0.016741114,0.4,0.0,0.38878506,0.04364048,0.79186225,0.0114360005,0.38587415,0.0423506,0.3859672,0.046328314
375316653866487564,1042149148378888192,0.4774308,2239.5176516126617,2.4794935153255904,2.1646201E-5,18.474197,0.002629624,0.2164212,0.006161223,0.054985043,0.015502425,0.021495389,0.01003185,null,null,null,null,null,null,0.042904004,0.003291596,0.2164212,0.006161223,"ONEGAUSSIAN_WITH_ELLIPSOIDAL",6,2.128333,0.2164212,0.006161223,0.30791622,0.08681358,0.107302696,0.008282216,null,null,null,null,null,null
375316653866487564,1042159452004039296,0.5658726,2213.2669494706715,3.528029513225936,7.726056E-6,17.264818,0.03358526,0.2648195,0.004839798,0.06423461,0.005720945,0.3177088,0.07707058,0.75337523,0.003933529,0.060077097,0.007781524,0.4474981,0.06439236,0.079820074,0.03937727,0.2648195,0.004839798,"TWOGAUSSIANS_WITH_ELLIPSOIDAL_ON_ECLIPSE1",9,35.730854,0.7544252,0.0032013964,0.33643174,0.043576535,0.60619384,0.024240553,0.2648195,0.004839798,0.3597138,0.03203729,0.4771528,0.016640384
375316653866487564,1042194434513967872,0.4456379,2204.1530518333298,0.2712331790704773,2.6956764E-5,16.065018,0.0068457965,0.22922286,0.019780945,0.063618295,0.03418471,0.03432621,0.010190042,0.71973515,0.011045478,0.0975533,0.012679675,0.15331635,0.01448456,null,null,null,null,"TWOGAUSSIANS",8,7.373891,0.71973515,0.011045478,0.4,0.0,0.15221056,0.01500936,0.22922286,0.019792957,0.35626248,0.14089581,0.033221092,0.010916364
375316653866487564,1042195323571002112,0.49045703,2230.8738524938226,4.310851933628855,4.8511247E-5,19.15585,0.023417026,0.25712597,0.011006234,0.028366545,0.01245341,0.41065225,0.15285641,0.77610886,0.011349722,0.04264504,0.007879331,0.4723784,0.107044704,0.12733269,0.0411879,0.25712597,0.011006234,"TWOGAUSSIANS_WITH_ELLIPSOIDAL_ON_ECLIPSE1",9,24.687706,0.77610886,0.011349722,0.23881222,0.044124253,0.7234377,0.098988004,0.25712597,0.011006234,0.15885265,0.069739096,0.6653173,0.14545757
375316653866487564,1042212645175276544,0.5916268,2213.510053158062,1.828335029424407,6.818164E-6,14.300151,0.02225533,0.29160637,0.0018457186,0.12002408,0.009559041,0.17367034,0.021172522,0.7841371,0.0019400017,0.13291262,0.014291441,0.14098519,0.020898346,null,null,null,null,"TWOGAUSSIANS",8,14.705668,0.29171637,0.0018299842,0.4,0.0,0.13253117,0.0023651365,0.7841371,0.0019400017,0.4,0.0,0.09966372,0.0028827777
375316653866487564,1042260645729762816,0.46061838,2218.8563274455546,0.10671891339159868,1.8367444E-5,17.29237,0.003391304,0.48229215,0.007980807,0.08238994,0.016423209,0.110519946,0.029244283,0.85909545,1.2316121E-5,0.0025754406,3.5453566E-5,0.30409375,0.0034668874,null,null,null,null,"TWOGAUSSIANS",8,14.203988,0.85909545,1.2316121E-5,0.014422467,1.9853997E-4,0.3040969,0.0034724833,0.48229215,0.007980807,0.4,0.0,0.110519946,0.029244324
375316653866487564,1042368329149849728,0.52909833,2201.680840956263,0.9367518229775962,4.844467E-6,18.626589,0.0037010252,0.28553525,5.872496E-4,0.030772895,9.3784963E-4,0.7448119,0.036104906,0.78589803,0.0028877791,0.031790238,0.0038884303,0.12068871,0.018391076,null,null,null,null,"TWOGAUSSIANS",8,3.1181712,0.28553525,5.872496E-4,0.1723282,0.005251958,0.7448119,0.036104906,0.78589803,0.0028877791,0.17802534,0.02177521,0.12068871,0.018391076
375316653866487564,1042497757987908736,0.44383734,2231.016216062016,2.1582493142524504,2.8266515E-5,18.919651,0.012794755,0.33140466,0.022903137,0.16469109,0.030820826,0.08458685,0.013901919,0.66859627,0.005597665,0.055300508,0.0066382596,0.23553196,0.021358654,null,null,null,null,"TWOGAUSSIANS",8,7.7288227,0.66859627,0.005597665,0.30968285,0.03717425,0.24357423,0.02279139,0.33140466,0.022903137,0.4,0.0,0.08220329,0.012453211
375316653866487564,1042498552558566400,0.56446254,2226.9551400845453,3.8015711955896716,1.1803037E-5,15.599407,0.0066582686,0.22376575,0.0026425465,0.09035368,0.0043773297,0.2948863,0.005867078,0.73762846,0.002288668,0.09106804,0.0047418186,0.23455657,0.0076221363,null,null,null,null,"TWOGAUSSIANS",8,49.228935,0.22376575,0.0026425465,0.4,0.0,0.2853738,0.0048123584,0.73762846,0.002288668,0.4,0.0,0.2250441,0.006989248
375316653866487564,1042503839661949952,0.42563096,2220.8871141370337,0.1534352922314837,2.2679433E-5,19.123524,0.01023034,0.42682734,0.0074660447,0.03403844,0.00671972,0.4127092,0.052104063,0.7575194,0.005087906,0.011784594,0.0058731264,0.8577127,1.0549619,0.06004683,0.011601467,0.7575194,0.005087906,"TWOGAUSSIANS_WITH_ELLIPSOIDAL_ON_ECLIPSE2",9,19.86505,0.7575194,0.005087906,0.065993726,0.032889508,0.9778052,1.0598915,0.42499736,0.007912295,0.19061527,0.03763043,0.44160688,0.053756595
375316653866487564,1042513189807200256,0.617877,2218.6864940591,2.779616666698249,4.0579016E-6,14.42657,0.006638172,0.23982705,0.0026155296,0.045218594,0.003950414,0.16643044,0.015355325,0.7341523,0.0013156255,0.054074313,0.004081748,0.21412636,0.014063896,0.10994071,0.008921665,0.7341523,0.0013156255,"TWOGAUSSIANS_WITH_ELLIPSOIDAL_ON_ECLIPSE2",9,76.98511,0.7341523,0.0013156255,0.30281615,0.022857789,0.43400255,0.006352748,0.23882706,0.002107829,0.25322413,0.022122316,0.3860763,0.00646534
375316653866487564,1042558441582491264,0.44138002,2211.0240234164266,1.7648486012816285,1.5450221E-5,17.853746,0.0075515094,0.28483406,0.026046041,0.03464602,0.017186198,0.120249495,0.11797102,0.78159076,0.0023786032,0.04061618,0.0047664,0.3021701,0.03255384,null,null,null,null,"TWOGAUSSIANS",8,38.813038,0.78159076,0.0023786032,0.22745061,0.026691841,0.3021701,0.03255384,0.28483406,0.026046041,0.19401771,0.09624271,0.120249495,0.11797102
