Gaia/vari_eclipsing_binary/VariEclipsingBinary_218807-219318.csv
# %ECSV 1.0
# ---
# delimiter: ','
# meta: !!omap
# - RELEASE: Gaia DR3
# - TABLE: vari_eclipsing_binary
# - DESCRIPTION: >
#     This table describes the properties of the eclipsing binaries resulting from the variability analysis. 
# - CITATION: >
#     How to cite and acknowledge Gaia: 
#     https://gea.esac.esa.int/archive/documentation/credits.html 
# - KNOWN_ISSUES: >
#     Known issues: 
#     https://www.cosmos.esa.int/web/gaia-users/known-issues 
# - DOCUMENTATION: >
#     Tutorials and documentation: 
#     https://www.cosmos.esa.int/web/gaia-users/archive 
# datatype:
# - 
#   name: solution_id
#   datatype: int64
#   description: Solution Identifier
#   meta:
#     ucd: meta.version
# - 
#   name: source_id
#   datatype: int64
#   description: Unique source identifier
#   meta:
#     ucd: meta.id;meta.main
# - 
#   name: global_ranking
#   datatype: float32
#   description: Number between 0 (worst) and 1 (best)
#   meta:
#     ucd: stat.param
# - 
#   name: reference_time
#   datatype: float64
#   unit: d
#   description: Reference time used for the geometric model fit
#   meta:
#     ucd: time.epoch
# - 
#   name: frequency
#   datatype: float64
#   unit: d**-1
#   description: Frequency of geometric model of the eclipsing binary light curve
#   meta:
#     ucd: src.orbital
# - 
#   name: frequency_error
#   datatype: float32
#   unit: d**-1
#   description: "Uncertainty of \\texttt{frequency}"
#   meta:
#     ucd: stat.error
# - 
#   name: geom_model_reference_level
#   datatype: float32
#   unit: mag
#   description: Magnitude reference level of geometric model
#   meta:
#     ucd: phot.mag;em.opt
# - 
#   name: geom_model_reference_level_error
#   datatype: float32
#   unit: mag
#   description: "Uncertainty of \\texttt{geomModelReferenceLevel}"
#   meta:
#     ucd: stat.error;phot.mag;em.opt
# - 
#   name: geom_model_gaussian1_phase
#   datatype: float32
#   description: Phase of the Gaussian 1 component
#   meta:
#     ucd: time.phase
# - 
#   name: geom_model_gaussian1_phase_error
#   datatype: float32
#   description: "Uncertainty of \\texttt{geomModelGaussian1Phase}"
#   meta:
#     ucd: stat.error;time.phase
# - 
#   name: geom_model_gaussian1_sigma
#   datatype: float32
#   description: "Standard deviation [phase] of Gaussian 1 component"
#   meta:
#     ucd: stat.stdev
# - 
#   name: geom_model_gaussian1_sigma_error
#   datatype: float32
#   description: "Uncertainty of \\texttt{geomModelGaussian1Sigma}"
#   meta:
#     ucd: stat.error
# - 
#   name: geom_model_gaussian1_depth
#   datatype: float32
#   unit: mag
#   description: Magnitude depth of Gaussian 1 component
#   meta:
#     ucd: src.var.amplitude
# - 
#   name: geom_model_gaussian1_depth_error
#   datatype: float32
#   unit: mag
#   description: "Uncertainty of \\texttt{geomModelGaussian1Depth}"
#   meta:
#     ucd: stat.error;src.var.amplitude
# - 
#   name: geom_model_gaussian2_phase
#   datatype: float32
#   description: Phase of Gaussian 2 component
#   meta:
#     ucd: time.phase
# - 
#   name: geom_model_gaussian2_phase_error
#   datatype: float32
#   description: "Uncertainty of \\texttt{geomModelGaussian2Phase}"
#   meta:
#     ucd: stat.error;time.phase
# - 
#   name: geom_model_gaussian2_sigma
#   datatype: float32
[...]
#   datatype: float32
#   description: "Secondary eclipse: uncertainty of \\texttt{derivedSecondaryEclDuration}"
#   meta:
#     ucd: stat.error;time.duration
# - 
#   name: derived_secondary_ecl_depth
#   datatype: float32
#   unit: mag
#   description: "Secondary eclipse: depth"
#   meta:
#     ucd: src.var.amplitude
# - 
#   name: derived_secondary_ecl_depth_error
#   datatype: float32
#   unit: mag
#   description: "Secondary eclipse: uncertainty of \\texttt{derivedSecondaryEclDepth}"
#   meta:
#     ucd: stat.error;src.var.amplitude
solution_id,source_id,global_ranking,reference_time,frequency,frequency_error,geom_model_reference_level,geom_model_reference_level_error,geom_model_gaussian1_phase,geom_model_gaussian1_phase_error,geom_model_gaussian1_sigma,geom_model_gaussian1_sigma_error,geom_model_gaussian1_depth,geom_model_gaussian1_depth_error,geom_model_gaussian2_phase,geom_model_gaussian2_phase_error,geom_model_gaussian2_sigma,geom_model_gaussian2_sigma_error,geom_model_gaussian2_depth,geom_model_gaussian2_depth_error,geom_model_cosine_half_period_amplitude,geom_model_cosine_half_period_amplitude_error,geom_model_cosine_half_period_phase,geom_model_cosine_half_period_phase_error,model_type,num_model_parameters,reduced_chi2,derived_primary_ecl_phase,derived_primary_ecl_phase_error,derived_primary_ecl_duration,derived_primary_ecl_duration_error,derived_primary_ecl_depth,derived_primary_ecl_depth_error,derived_secondary_ecl_phase,derived_secondary_ecl_phase_error,derived_secondary_ecl_duration,derived_secondary_ecl_duration_error,derived_secondary_ecl_depth,derived_secondary_ecl_depth_error
[from data line 562]
375316653866487564,1929106452449955584,0.6224935,2221.767553871887,3.076022919780489,3.4545724E-6,15.727412,0.0057590897,0.24789876,0.0013548394,0.043335438,0.003286925,0.17756735,0.014129194,0.7508279,0.0017766523,0.049758706,0.003811178,0.24784973,0.013704806,0.10025722,0.008871847,0.24789876,0.0013548394,"TWOGAUSSIANS_WITH_ELLIPSOIDAL_ON_ECLIPSE1",9,32.199463,0.7508279,0.0017766523,0.27864876,0.021342596,0.4482951,0.010131399,0.24789876,0.0013548394,0.24267845,0.01840678,0.3780806,0.006244694
375316653866487564,1929107856901885440,0.46548325,2185.354056487571,0.3310630271765786,2.8639806E-6,11.698286,0.0010599061,0.3091338,0.0019528135,0.011023083,0.0013463394,0.11467186,0.006886364,0.8100304,0.003127591,0.01051231,0.0034559818,0.057738524,0.018389216,0.0031331866,0.0015293064,0.3091338,0.0019528135,"TWOGAUSSIANS_WITH_ELLIPSOIDAL_ON_ECLIPSE1",9,102.84331,0.3091338,0.0019528135,0.061729264,0.0075395005,0.120938234,0.006741668,0.8100304,0.003127591,0.058868937,0.0193535,0.0640047,0.018456917
375316653866487564,1929107861196269952,0.456988,2231.598770669428,2.979579631863851,1.6868666E-5,15.746765,0.013266856,0.26667923,0.0022673,0.02742334,0.003419271,0.87879026,0.3055171,null,null,null,null,null,null,0.08700756,0.0207578,0.26667923,0.0022673,"ONEGAUSSIAN_WITH_ELLIPSOIDAL",6,464.15372,0.26667923,0.0022673,0.1535707,0.019147918,1.0528052,0.32063806,null,null,null,null,null,null
375316653866487564,1929109132509540096,0.5337264,2236.115881201239,1.0318236032065067,5.254695E-6,12.150738,0.0018182705,0.23728102,0.0050819004,0.023587842,0.022560285,0.009317364,1.298152,0.72828573,0.001285738,0.04124588,0.002264421,0.14391834,0.006520325,0.02676391,0.0028145777,0.23728102,0.0050819004,"TWOGAUSSIANS_WITH_ELLIPSOIDAL_ON_ECLIPSE1",9,65.79661,0.7287157,0.0011424699,0.23097694,0.012680757,0.19728336,0.0067531057,0.23728102,0.0050819004,0.13209192,0.1263376,0.06284509,1.2983842
375316653866487564,1929109506169515008,0.5898784,2224.181324849986,4.120811542602529,1.078801E-5,19.089901,0.020212237,0.25730586,0.0024149287,0.03857094,0.0048862435,0.41315618,0.044192128,0.7597194,0.0033369195,0.04050401,0.009118983,0.5647209,0.09725276,0.16092278,0.027510367,0.25730586,0.0024149287,"TWOGAUSSIANS_WITH_ELLIPSOIDAL_ON_ECLIPSE1",9,3.2572665,0.7597194,0.0033351383,0.22682245,0.051066305,0.88649195,0.13266188,0.25730586,0.0024149287,0.21599726,0.027362963,0.7350012,0.019784827
375316653866487564,1929116893513353856,0.5885591,2192.1210871969597,3.8976941660636544,7.4337186E-6,18.779797,0.009804979,0.2915419,0.002099848,0.053433977,0.0030779087,0.43339264,0.03308635,0.7933221,0.0012738556,0.047302563,0.0024404395,0.45096838,0.019948298,0.11487811,0.012217787,0.2915419,0.002099848,"TWOGAUSSIANS_WITH_ELLIPSOIDAL_ON_ECLIPSE1",9,5.0054145,0.7933221,0.0012707587,0.26489437,0.013666462,0.6806879,0.016191121,0.2915419,0.002099848,0.29923028,0.017236289,0.6631409,0.02888304
375316653866487564,1929131702559572736,0.6336887,2216.5924325664964,1.9534225284024793,2.195617E-6,16.695484,0.002928865,0.30498475,4.691565E-4,0.046490967,0.0010536758,0.34049186,0.0073778844,0.80463386,0.0028186925,0.04121853,0.0043458124,0.058756817,0.00823363,0.017234495,0.0044116247,0.30498475,4.691565E-4,"TWOGAUSSIANS_WITH_ELLIPSOIDAL_ON_ECLIPSE1",9,3.686766,0.30498475,4.691565E-4,0.26034942,0.0059005846,0.37496066,0.0064707,0.80466384,0.0026917062,0.23082376,0.024336549,0.093225464,0.0054332535
