Gaia/vari_eclipsing_binary/VariEclipsingBinary_691044-691184.csv
# %ECSV 1.0
# ---
# delimiter: ','
# meta: !!omap
# - RELEASE: Gaia DR3
# - TABLE: vari_eclipsing_binary
# - DESCRIPTION: >
#     This table describes the properties of the eclipsing binaries resulting from the variability analysis. 
# - CITATION: >
#     How to cite and acknowledge Gaia: 
#     https://gea.esac.esa.int/archive/documentation/credits.html 
# - KNOWN_ISSUES: >
#     Known issues: 
#     https://www.cosmos.esa.int/web/gaia-users/known-issues 
# - DOCUMENTATION: >
#     Tutorials and documentation: 
#     https://www.cosmos.esa.int/web/gaia-users/archive 
# datatype:
# - 
#   name: solution_id
#   datatype: int64
#   description: Solution Identifier
#   meta:
#     ucd: meta.version
# - 
#   name: source_id
#   datatype: int64
#   description: Unique source identifier
#   meta:
#     ucd: meta.id;meta.main
# - 
#   name: global_ranking
#   datatype: float32
#   description: Number between 0 (worst) and 1 (best)
#   meta:
#     ucd: stat.param
# - 
#   name: reference_time
#   datatype: float64
#   unit: d
#   description: Reference time used for the geometric model fit
#   meta:
#     ucd: time.epoch
# - 
#   name: frequency
#   datatype: float64
#   unit: d**-1
#   description: Frequency of geometric model of the eclipsing binary light curve
#   meta:
#     ucd: src.orbital
# - 
#   name: frequency_error
#   datatype: float32
#   unit: d**-1
#   description: "Uncertainty of \\texttt{frequency}"
#   meta:
#     ucd: stat.error
# - 
#   name: geom_model_reference_level
#   datatype: float32
#   unit: mag
#   description: Magnitude reference level of geometric model
#   meta:
#     ucd: phot.mag;em.opt
# - 
#   name: geom_model_reference_level_error
#   datatype: float32
#   unit: mag
#   description: "Uncertainty of \\texttt{geomModelReferenceLevel}"
#   meta:
#     ucd: stat.error;phot.mag;em.opt
# - 
#   name: geom_model_gaussian1_phase
#   datatype: float32
#   description: Phase of the Gaussian 1 component
#   meta:
#     ucd: time.phase
# - 
#   name: geom_model_gaussian1_phase_error
#   datatype: float32
#   description: "Uncertainty of \\texttt{geomModelGaussian1Phase}"
#   meta:
#     ucd: stat.error;time.phase
# - 
#   name: geom_model_gaussian1_sigma
#   datatype: float32
#   description: "Standard deviation [phase] of Gaussian 1 component"
#   meta:
#     ucd: stat.stdev
# - 
#   name: geom_model_gaussian1_sigma_error
#   datatype: float32
#   description: "Uncertainty of \\texttt{geomModelGaussian1Sigma}"
#   meta:
#     ucd: stat.error
# - 
#   name: geom_model_gaussian1_depth
#   datatype: float32
#   unit: mag
#   description: Magnitude depth of Gaussian 1 component
#   meta:
#     ucd: src.var.amplitude
# - 
#   name: geom_model_gaussian1_depth_error
#   datatype: float32
#   unit: mag
#   description: "Uncertainty of \\texttt{geomModelGaussian1Depth}"
#   meta:
#     ucd: stat.error;src.var.amplitude
# - 
#   name: geom_model_gaussian2_phase
#   datatype: float32
#   description: Phase of Gaussian 2 component
#   meta:
#     ucd: time.phase
# - 
#   name: geom_model_gaussian2_phase_error
#   datatype: float32
#   description: "Uncertainty of \\texttt{geomModelGaussian2Phase}"
#   meta:
#     ucd: stat.error;time.phase
# - 
#   name: geom_model_gaussian2_sigma
#   datatype: float32
[...]
#   datatype: float32
#   description: "Secondary eclipse: uncertainty of \\texttt{derivedSecondaryEclDuration}"
#   meta:
#     ucd: stat.error;time.duration
# - 
#   name: derived_secondary_ecl_depth
#   datatype: float32
#   unit: mag
#   description: "Secondary eclipse: depth"
#   meta:
#     ucd: src.var.amplitude
# - 
#   name: derived_secondary_ecl_depth_error
#   datatype: float32
#   unit: mag
#   description: "Secondary eclipse: uncertainty of \\texttt{derivedSecondaryEclDepth}"
#   meta:
#     ucd: stat.error;src.var.amplitude
solution_id,source_id,global_ranking,reference_time,frequency,frequency_error,geom_model_reference_level,geom_model_reference_level_error,geom_model_gaussian1_phase,geom_model_gaussian1_phase_error,geom_model_gaussian1_sigma,geom_model_gaussian1_sigma_error,geom_model_gaussian1_depth,geom_model_gaussian1_depth_error,geom_model_gaussian2_phase,geom_model_gaussian2_phase_error,geom_model_gaussian2_sigma,geom_model_gaussian2_sigma_error,geom_model_gaussian2_depth,geom_model_gaussian2_depth_error,geom_model_cosine_half_period_amplitude,geom_model_cosine_half_period_amplitude_error,geom_model_cosine_half_period_phase,geom_model_cosine_half_period_phase_error,model_type,num_model_parameters,reduced_chi2,derived_primary_ecl_phase,derived_primary_ecl_phase_error,derived_primary_ecl_duration,derived_primary_ecl_duration_error,derived_primary_ecl_depth,derived_primary_ecl_depth_error,derived_secondary_ecl_phase,derived_secondary_ecl_phase_error,derived_secondary_ecl_duration,derived_secondary_ecl_duration_error,derived_secondary_ecl_depth,derived_secondary_ecl_depth_error
[from data line 357]
375316653866487564,6079330838017560832,0.5442462,2180.4801297552854,2.7673723993772916,7.2561784E-6,18.286798,0.008738308,0.19741535,0.0045938524,0.081860766,0.0046045324,0.37735546,0.012196807,0.69007987,0.0019937837,0.079035096,0.0033723142,0.47681886,0.0199992,null,null,null,null,"TWOGAUSSIANS",8,6.666064,0.69007987,0.0019937837,0.4,0.0,0.47095504,0.020631252,0.19741535,0.0045938524,0.4,0.0,0.37149167,0.011992966
375316653866487564,6079336198138599936,0.4867153,2172.075847366731,0.6340842998712003,1.149573E-5,19.024593,0.0030561092,0.4096625,0.0478025,0.10663781,0.03256629,0.039921332,0.013658781,0.69656473,8.623892E-4,0.017757673,0.0012699962,0.61615485,0.07257976,null,null,null,null,"TWOGAUSSIANS",8,4.3148785,0.69656473,8.623892E-4,0.09944297,0.0071119787,0.61722356,0.073064536,0.4096625,0.0478025,0.4,0.0,0.039919987,0.013664476
375316653866487564,6079336713532532608,0.5944302,2174.887776116404,3.8427539101874686,5.781006E-6,18.495565,0.009983122,0.24658932,0.0027001824,0.039845735,0.0074304463,0.34403563,0.04003725,0.74504083,0.001576809,0.04661398,0.0026490246,0.34981546,0.026440704,0.13227938,0.016568683,0.24658932,0.0027001824,"TWOGAUSSIANS_WITH_ELLIPSOIDAL_ON_ECLIPSE1",9,4.4166603,0.74522084,0.0012740156,0.26103827,0.014834537,0.61435175,0.014941995,0.24658932,0.0027001824,0.22313611,0.041610498,0.60859406,0.0409465
375316653866487564,6079336988410508032,0.49928305,2184.141442167313,2.976436466932411,3.2322034E-5,17.469465,0.0784541,0.26676962,0.016337452,0.10680125,0.029768614,0.28419295,0.07652996,0.767767,0.00776409,0.10501849,0.030251525,0.277398,0.075009555,null,null,null,null,"TWOGAUSSIANS",8,30.310202,0.26676962,0.016334191,0.4,0.0,0.2499503,0.024684528,0.767767,0.0077900984,0.4,0.0,0.2431586,0.013427706
375316653866487564,6079343143106827392,0.6330161,2117.2419134490387,2.9378827664407834,2.896034E-6,16.421076,0.00745109,0.20734912,0.0012411162,0.047082625,0.0022105463,0.3337148,0.018671378,0.708228,0.0019275829,0.05209588,0.0020725632,0.38383484,0.020856613,0.10687141,0.012781656,0.20734912,0.0012411162,"TWOGAUSSIANS_WITH_ELLIPSOIDAL_ON_ECLIPSE1",9,19.308369,0.708228,0.0018904298,0.2917369,0.011606354,0.59756726,0.009799198,0.20734912,0.0012411162,0.2636627,0.01237906,0.5474537,0.010920179
375316653866487564,6079343486704248832,0.56876725,2105.1760916702497,0.02667783727506365,1.0999472E-5,14.967112,0.0024508012,0.10084208,4.1965923E-5,0.006050819,1.3028983E-4,0.7773741,0.031211179,0.5986205,2.6690705E-5,0.004624524,5.6524983E-5,3.21683,0.13492316,null,null,null,null,"TWOGAUSSIANS",8,110.321915,0.5986205,2.6690705E-5,0.025897335,3.165399E-4,3.21683,0.13492316,0.10084208,4.1965923E-5,0.033884585,7.29623E-4,0.7773741,0.031211179
375316653866487564,6079343795941926784,0.51281524,2143.317346364999,4.370453322579168,1.5417336E-5,18.601158,0.013551553,0.27755925,0.0065892194,0.08351571,0.0089107165,0.29882059,0.016953114,0.77906793,0.0031690581,0.08092515,0.00555241,0.29648915,0.01356146,null,null,null,null,"TWOGAUSSIANS",8,6.7971835,0.27755925,0.0065892194,0.4,0.0,0.29313174,0.015948767,0.77906793,0.0031690581,0.4,0.0,0.29080033,0.011229376
375316653866487564,6079348430204316928,0.55487305,2101.8501084138848,2.5087389980068084,1.0569337E-5,16.927727,0.13961512,0.2566543,0.0038751042,0.06684435,0.025989456,0.25873464,0.267143,0.7616166,0.008141849,0.06511636,0.027798854,0.23450592,0.27106646,0.10789322,0.13432874,0.2566543,0.0038751042,"TWOGAUSSIANS_WITH_ELLIPSOIDAL_ON_ECLIPSE1",9,48.503872,0.2566543,0.0038751042,0.37432837,0.08358069,0.4741729,0.018120406,0.7616166,0.008045045,0.36465162,0.09761336,0.44973448,0.01436245
375316653866487564,6079351423803725952,0.51786864,2189.6540143861766,3.9052883313070827,2.0785745E-5,16.088701,0.003572475,0.5461843,0.004148767,0.039910194,0.0027319812,0.27421868,0.019569349,0.8128404,0.031304985,0.07161198,0.018549064,0.01759193,0.0050630583,null,null,null,null,"TWOGAUSSIANS",8,26.57853,0.54619426,0.004154521,0.2234971,0.015299095,0.27423584,0.019564424,0.8128404,0.031304985,0.4,0.06401906,0.01759193,0.005063058
375316653866487564,6079351733041360896,0.6932872,2160.8625066931104,0.389600475216718,4.2722218E-6,15.2266245,0.0010353411,0.2455536,0.0016387285,0.014826681,0.0017546023,0.6068883,0.14473645,0.7460766,0.0028064942,0.015560425,0.0015006065,0.6033811,0.009594474,0.0022596319,0.0017417704,0.2455536,0.0016387285,"TWOGAUSSIANS_WITH_ELLIPSOIDAL_ON_ECLIPSE1",9,6.908532,0.2455536,0.0016387285,0.08302941,0.009825773,0.6114075,0.14665326,0.7460766,0.0028064942,0.08713838,0.008403396,0.6079003,0.00915783
375316653866487564,6079352695114051968,0.43742344,2144.8216336372716,0.42294035904066957,1.2299599E-5,18.337208,0.011935295,0.3806844,0.011476694,0.04505625,0.008383177,0.21519871,0.072256304,0.5964499,0.0039644665,0.027234593,0.0029648778,0.27691507,0.029767564,null,null,null,null,"TWOGAUSSIANS",8,8.406619,0.5964499,0.0039644665,0.15251373,0.016603315,0.27691734,0.02976822,0.3806844,0.011476694,0.252315,0.04694579,0.21519871,0.072256304
375316653866487564,6079353313589402624,0.5042601,2125.1815868959725,3.1620165429192,1.2833024E-5,14.31041,0.1235208,0.20740698,0.0048619816,0.052139286,0.03259661,0.24242024,0.24557145,0.6966889,0.0053612203,0.052128326,0.022731492,0.32178205,0.23700812,0.12892683,0.13317887,0.20740698,0.0048619816,"TWOGAUSSIANS_WITH_ELLIPSOIDAL_ON_ECLIPSE1",9,829.3326,0.69825894,0.003906485,0.29191864,0.12458119,0.5786332,0.042790744,0.20740698,0.0048619816,0.29198,0.1624878,0.5002682,0.04985211
375316653866487564,6079353446725863552,0.58221716,2147.1775941705914,3.2215139254060183,4.553174E-6,18.535452,0.0075932066,0.26357138,0.0016286036,0.047310874,0.0035016215,0.2441688,0.017868267,0.7635137,0.0012741723,0.044980068,0.002921409,0.34348327,0.022642493,0.12150104,0.010085852,0.26357138,0.0016286036,"TWOGAUSSIANS_WITH_ELLIPSOIDAL_ON_ECLIPSE1",9,2.8957958,0.7635237,0.0011648348,0.2518884,0.01635989,0.586485,0.02169282,0.26357138,0.0016286036,0.2649409,0.01960908,0.48717058,0.008226998
375316653866487564,6079353687244208256,0.50556225,2118.046052123978,2.3216627241204955,1.0505919E-5,19.185808,0.03077643,0.28205475,0.0058022663,0.095603,0.01621346,0.20035943,0.030261999,0.7725681,0.0037909197,0.101550475,0.011825712,0.3050991,0.028837584,null,null,null,null,"TWOGAUSSIANS",8,1.9034259,0.7725681,0.0037909197,0.4,0.0,0.28750715,0.016347224,0.28205475,0.0057999287,0.4,0.0,0.18277062,0.021251274
375316653866487564,6079354997216788352,0.65874404,2195.605621004833,0.37232619556958507,1.4134738E-5,12.202233,4.9920456E-4,0.41603222,0.004774109,0.01808062,0.0035114342,0.24385788,0.124873586,0.92012393,7.334201E-4,0.014091771,8.497538E-4,0.3148109,0.011585549,null,null,null,null,"TWOGAUSSIANS",8,19.794117,0.92012393,7.334201E-4,0.07891391,0.004758621,0.3148109,0.011585549,0.41603222,0.004774109,0.101251476,0.01966403,0.24385788,0.124873586
375316653866487564,6079356337246391296,0.54910666,2148.67784189244,0.021240211493993577,1.1643795E-6,16.252186,0.001449891,0.22374402,0.016766684,0.03074228,0.011058293,0.00739645,0.0038305712,0.83560234,3.4241675E-4,7.439226E-4,1.1136692E-4,0.44607314,0.15345268,0.002392982,0.0017669599,0.83560234,3.4241675E-4,"TWOGAUSSIANS_WITH_ELLIPSOIDAL_ON_ECLIPSE2",9,7.3755083,0.83560234,3.4241675E-4,0.0041659665,6.2365475E-4,0.4508591,0.15372983,0.22752401,0.013943605,0.17215677,0.061926443,0.010238757,0.0037685763
375316653866487564,6079356882699943552,0.5884972,2099.219102804908,2.202969977783335,7.935446E-6,18.795704,0.004623572,0.17132336,0.0083260955,0.05274594,0.010138798,0.16040052,0.014261175,0.666558,0.0013909709,0.032798454,8.0995203E-4,0.8734638,0.022971353,null,null,null,null,"TWOGAUSSIANS",8,3.5839102,0.666558,0.0013909709,0.18367134,0.0045357314,0.8734638,0.022971332,0.17132336,0.0083260955,0.29537725,0.05677727,0.16040051,0.014261299
375316653866487564,6079360249954532480,0.47930074,2148.7870464305365,0.7387135285395235,3.4641685E-5,18.628792,0.005071209,0.16106279,0.013896946,0.019759985,0.014117446,0.09398811,68.32193,0.7150822,7.2176845E-5,0.005345498,2.103978E-4,0.53475404,0.015288171,null,null,null,null,"TWOGAUSSIANS",8,5.3263445,0.7150822,7.2176845E-5,0.029934788,0.0011782277,0.53475404,0.015288171,0.16106279,0.013896946,0.11065591,0.07905769,0.09398811,68.32193
375316653866487564,6079360804012501376,0.4694277,2101.3293712353093,0.5796653805328001,2.0593325E-5,17.150768,0.002360491,0.25615296,0.005311601,0.056192733,0.03769512,0.0073800595,0.0054280264,null,null,null,null,null,null,0.028390335,0.0031543798,0.25615296,0.005311601,"ONEGAUSSIAN_WITH_ELLIPSOIDAL",6,3.6963387,0.25615296,0.005311601,0.31467932,0.2012514,0.06416032,0.0029587247,null,null,null,null,null,null
375316653866487564,6079362380262935424,0.48164216,2122.7320279342484,3.387031117156722,5.9880554E-6,18.636688,0.003484257,0.59591407,0.0011234004,0.0036591473,4.250119E-4,0.5170295,0.110931665,0.8887702,0.0077708573,0.035541877,0.0058711725,0.09027911,0.019735523,null,null,null,null,"TWOGAUSSIANS",8,4.348132,0.59591407,0.0011234004,0.020491224,0.0023800666,0.5170295,0.110931665,0.8887702,0.0077708573,0.19903451,0.032878567,0.09027911,0.019735523
375316653866487564,6079366434707884544,0.49773544,2122.768141484174,2.3478297636456253,2.3959039E-5,18.579084,0.0668605,0.21960032,0.0074450253,0.121857986,0.034628343,0.17155614,0.062061563,0.69317776,0.005329462,0.1274618,0.025834119,0.23447286,0.06329709,null,null,null,null,"TWOGAUSSIANS",8,2.2545657,0.69317776,0.005329462,0.4,0.0,0.19137612,0.011378993,0.22007032,0.0070859855,0.4,0.0,0.12863751,0.012859324
375316653866487564,6079366473369388288,0.4757954,2104.101454315058,0.0265098479311101,4.132935E-5,14.259233,0.0011056667,0.37727958,0.025164904,0.117571026,0.023657255,0.109514005,0.044056777,0.6772449,0.023592118,0.04666353,0.04055417,0.06516077,0.015910085,null,null,null,null,"TWOGAUSSIANS",8,7.031152,0.37727958,0.025129503,0.4,0.0,0.10948395,0.044053223,0.6772449,0.023592118,0.26131576,0.22116314,0.069357105,0.019770062
375316653866487564,6079367607241045760,0.48078632,2229.700236198298,4.509128763893276,1.1563643E-5,18.496803,0.004760804,0.7694351,0.0040705833,0.05568138,0.01313472,0.045625206,0.014506433,null,null,null,null,null,null,0.090404056,0.00979348,0.7694351,0.0040705833,"ONEGAUSSIAN_WITH_ELLIPSOIDAL",6,5.6039815,0.7694351,0.0040705833,0.31181574,0.073554434,0.22643134,0.015454445,null,null,null,null,null,null
375316653866487564,6079368191356596864,0.4781657,2210.8395585391777,0.3938734866222086,1.1189442E-4,16.446861,0.009528024,0.35781035,0.0047041615,0.049474582,0.0043369243,0.55828285,0.13021958,0.6639196,0.012584289,0.045866378,0.009510315,0.13806148,0.034231476,0.017036026,0.015732892,0.35781035,0.0047041615,"TWOGAUSSIANS_WITH_ELLIPSOIDAL_ON_ECLIPSE1",9,153.8506,0.35781035,0.0047041615,0.27705768,0.024286777,0.5923531,0.13015412,0.6660996,0.013217932,0.2568517,0.053257763,0.14227335,0.03463428
375316653866487564,6079368260065991936,0.42905167,2255.559884336634,0.4993153739597428,1.6149754E-5,17.58885,0.0131738195,0.20039865,0.004531622,0.0059804786,0.001572849,0.52260506,0.27995807,0.8520691,0.002876451,0.012574758,0.00552657,0.766874,7.611713,null,null,null,null,"TWOGAUSSIANS",8,10.774142,0.8520691,0.002876451,0.07041864,0.030948794,0.766874,7.611713,0.20039865,0.004531622,0.03349068,0.008807954,0.52260506,0.27995807
375316653866487564,6079372074007059328,0.6611661,2175.428457629223,3.097030454308988,2.71378E-6,15.993836,0.0063727763,0.2544971,7.511709E-4,0.045522112,0.0014519773,0.5275343,0.0150437215,0.75278753,0.001046897,0.04459988,0.0023931735,0.4207028,0.018691344,0.127915,0.008579707,0.2544971,7.511709E-4,"TWOGAUSSIANS_WITH_ELLIPSOIDAL_ON_ECLIPSE1",9,26.354944,0.2544971,7.511709E-4,0.25492385,0.008131073,0.78336406,0.010035769,0.75293756,9.5025176E-4,0.24975932,0.013401772,0.6765056,0.019004377
375316653866487564,6079378464918504960,0.6295845,2180.3398850892577,1.561501547914514,3.7996763E-6,17.517656,0.0017841286,0.3039691,8.1274746E-4,0.047935903,8.560382E-4,0.37285212,0.005588371,0.8196773,0.00589276,0.036980573,0.0055268668,0.030818125,0.006165789,0.031009417,0.0029937364,0.3039691,8.1274746E-4,"TWOGAUSSIANS_WITH_ELLIPSOIDAL_ON_ECLIPSE1",9,1.6190258,0.3039691,8.1274746E-4,0.26844105,0.004793814,0.43487045,0.0044781845,0.8196773,0.00589276,0.20709121,0.030950453,0.09223429,0.0045626387
375316653866487564,6079378533637981952,0.6137117,2151.0992976154066,3.6596983170573325,3.4148009E-6,17.079521,0.01408422,0.30836383,0.0026289336,0.052807704,0.0045781764,0.5529394,0.03703927,0.80456954,0.0012087333,0.04229035,0.0023962162,0.48016867,0.032413006,0.13251247,0.017405305,0.30836383,0.0026289336,"TWOGAUSSIANS_WITH_ELLIPSOIDAL_ON_ECLIPSE1",9,23.155088,0.30836383,0.0026289336,0.29572314,0.025637789,0.81795657,0.03713969,0.8048395,0.0010764915,0.23682596,0.01341881,0.7450461,0.020091793
375316653866487564,6079379663206194944,0.48695585,2155.4184136729527,4.233165947393814,1.8923616E-5,19.846508,0.009002073,0.18354498,0.005702291,0.07918404,0.007759148,0.3339299,0.032041345,0.68743294,0.0067353174,0.08091404,0.006931553,0.33108285,0.017775413,null,null,null,null,"TWOGAUSSIANS",8,1.5588796,0.18354498,0.005702291,0.4,0.0,0.32923374,0.03435149,0.68743294,0.0067353174,0.4,0.0,0.32638666,0.017579826
375316653866487564,6079379766285477504,0.55128354,2153.6105942829004,2.6946841393964274,4.761562E-6,19.340647,0.0053746267,0.2573039,0.0025524392,0.08498777,0.002785068,0.4685087,0.0077746063,0.76417613,0.0016936836,0.08476703,0.001970193,0.4135597,0.008154677,null,null,null,null,"TWOGAUSSIANS",8,1.0588325,0.2573039,0.0025524392,0.4,0.0,0.4583078,0.007713153,0.76417613,0.0016936836,0.4,0.0,0.40335882,0.007785297
375316653866487564,6079380487842088448,0.49682254,2231.356695815385,2.519549431735601,1.6005595E-5,17.65696,0.027101982,0.26988915,0.008290913,0.04747685,0.023208281,0.1400628,0.0671021,0.7728473,0.01437521,0.04460068,0.044524428,0.13403416,0.34180573,0.11375354,0.037542295,0.26988915,0.008290913,"TWOGAUSSIANS_WITH_ELLIPSOIDAL_ON_ECLIPSE1",9,43.068867,0.26988915,0.008290913,0.26587036,0.12996638,0.36756957,0.026075263,0.7728473,0.013791232,0.2497638,0.2493368,0.36146235,0.39195645
375316653866487564,6079386569515780096,0.4376518,2170.3746502572003,0.0724620478324501,5.775598E-5,17.709843,0.01504331,0.20866159,0.016827047,0.13966428,0.04279147,0.047696177,0.014677266,0.7746254,0.026051784,0.024444727,0.011475422,0.21959268,0.13477726,null,null,null,null,"TWOGAUSSIANS",8,4.065342,0.7746454,0.026048135,0.13689047,0.06426237,0.21973205,0.13451284,0.20866159,0.016827047,0.4,0.0,0.04744117,0.0125865545
375316653866487564,6079386608176428416,0.5239859,2161.620476304805,2.7502628636680178,1.3096837E-5,14.832143,0.08403828,0.25309366,0.0041705845,0.12035445,0.022996683,0.26240996,0.07997226,0.74695385,0.0036384445,0.13295013,0.024003612,0.27970356,0.08212736,null,null,null,null,"TWOGAUSSIANS",8,101.512566,0.74695385,0.0036384445,0.4,0.0,0.20617552,0.0067740222,0.25321364,0.0040889247,0.4,0.0,0.18926765,0.00920878
375316653866487564,6079389833691006080,0.47925636,2172.388091818215,3.5064885601751246,1.4691001E-5,19.650515,0.020629693,0.21024717,0.006622665,0.085059114,0.008744669,0.285364,0.024860835,0.7169913,0.0045847027,0.08387048,0.008010942,0.32557008,0.02020396,null,null,null,null,"TWOGAUSSIANS",8,1.9868114,0.7169913,0.0045847027,0.4,0.0,0.31879762,0.016854867,0.21024717,0.006622665,0.4,0.0,0.2785915,0.022235973
375316653866487564,6079397117955041024,0.55004203,2196.600135945264,2.627271439230903,6.3720354E-6,18.499855,0.01198221,0.3077844,0.005262019,0.08618879,0.0044066883,0.27757603,0.013944108,0.80935943,0.003014249,0.087783135,0.0058242735,0.26544982,0.011372293,null,null,null,null,"TWOGAUSSIANS",8,2.3839574,0.3077844,0.005262019,0.4,0.0,0.2690721,0.010891552,0.80935943,0.003014249,0.4,0.0,0.25694585,0.008435426
