Gaia/vari_eclipsing_binary/VariEclipsingBinary_677327-677341.csv
# %ECSV 1.0
# ---
# delimiter: ','
# meta: !!omap
# - RELEASE: Gaia DR3
# - TABLE: vari_eclipsing_binary
# - DESCRIPTION: >
#     This table describes the properties of the eclipsing binaries resulting from the variability analysis. 
# - CITATION: >
#     How to cite and acknowledge Gaia: 
#     https://gea.esac.esa.int/archive/documentation/credits.html 
# - KNOWN_ISSUES: >
#     Known issues: 
#     https://www.cosmos.esa.int/web/gaia-users/known-issues 
# - DOCUMENTATION: >
#     Tutorials and documentation: 
#     https://www.cosmos.esa.int/web/gaia-users/archive 
# datatype:
# - 
#   name: solution_id
#   datatype: int64
#   description: Solution Identifier
#   meta:
#     ucd: meta.version
# - 
#   name: source_id
#   datatype: int64
#   description: Unique source identifier
#   meta:
#     ucd: meta.id;meta.main
# - 
#   name: global_ranking
#   datatype: float32
#   description: Number between 0 (worst) and 1 (best)
#   meta:
#     ucd: stat.param
# - 
#   name: reference_time
#   datatype: float64
#   unit: d
#   description: Reference time used for the geometric model fit
#   meta:
#     ucd: time.epoch
# - 
#   name: frequency
#   datatype: float64
#   unit: d**-1
#   description: Frequency of geometric model of the eclipsing binary light curve
#   meta:
#     ucd: src.orbital
# - 
#   name: frequency_error
#   datatype: float32
#   unit: d**-1
#   description: "Uncertainty of \\texttt{frequency}"
#   meta:
#     ucd: stat.error
# - 
#   name: geom_model_reference_level
#   datatype: float32
#   unit: mag
#   description: Magnitude reference level of geometric model
#   meta:
#     ucd: phot.mag;em.opt
# - 
#   name: geom_model_reference_level_error
#   datatype: float32
#   unit: mag
#   description: "Uncertainty of \\texttt{geomModelReferenceLevel}"
#   meta:
#     ucd: stat.error;phot.mag;em.opt
# - 
#   name: geom_model_gaussian1_phase
#   datatype: float32
#   description: Phase of the Gaussian 1 component
#   meta:
#     ucd: time.phase
# - 
#   name: geom_model_gaussian1_phase_error
#   datatype: float32
#   description: "Uncertainty of \\texttt{geomModelGaussian1Phase}"
#   meta:
#     ucd: stat.error;time.phase
# - 
#   name: geom_model_gaussian1_sigma
#   datatype: float32
#   description: "Standard deviation [phase] of Gaussian 1 component"
#   meta:
#     ucd: stat.stdev
# - 
#   name: geom_model_gaussian1_sigma_error
#   datatype: float32
#   description: "Uncertainty of \\texttt{geomModelGaussian1Sigma}"
#   meta:
#     ucd: stat.error
# - 
#   name: geom_model_gaussian1_depth
#   datatype: float32
#   unit: mag
#   description: Magnitude depth of Gaussian 1 component
#   meta:
#     ucd: src.var.amplitude
# - 
#   name: geom_model_gaussian1_depth_error
#   datatype: float32
#   unit: mag
#   description: "Uncertainty of \\texttt{geomModelGaussian1Depth}"
#   meta:
#     ucd: stat.error;src.var.amplitude
# - 
#   name: geom_model_gaussian2_phase
#   datatype: float32
#   description: Phase of Gaussian 2 component
#   meta:
#     ucd: time.phase
# - 
#   name: geom_model_gaussian2_phase_error
#   datatype: float32
#   description: "Uncertainty of \\texttt{geomModelGaussian2Phase}"
#   meta:
#     ucd: stat.error;time.phase
# - 
#   name: geom_model_gaussian2_sigma
#   datatype: float32
[...]
#   datatype: float32
#   description: "Secondary eclipse: uncertainty of \\texttt{derivedSecondaryEclDuration}"
#   meta:
#     ucd: stat.error;time.duration
# - 
#   name: derived_secondary_ecl_depth
#   datatype: float32
#   unit: mag
#   description: "Secondary eclipse: depth"
#   meta:
#     ucd: src.var.amplitude
# - 
#   name: derived_secondary_ecl_depth_error
#   datatype: float32
#   unit: mag
#   description: "Secondary eclipse: uncertainty of \\texttt{derivedSecondaryEclDepth}"
#   meta:
#     ucd: stat.error;src.var.amplitude
solution_id,source_id,global_ranking,reference_time,frequency,frequency_error,geom_model_reference_level,geom_model_reference_level_error,geom_model_gaussian1_phase,geom_model_gaussian1_phase_error,geom_model_gaussian1_sigma,geom_model_gaussian1_sigma_error,geom_model_gaussian1_depth,geom_model_gaussian1_depth_error,geom_model_gaussian2_phase,geom_model_gaussian2_phase_error,geom_model_gaussian2_sigma,geom_model_gaussian2_sigma_error,geom_model_gaussian2_depth,geom_model_gaussian2_depth_error,geom_model_cosine_half_period_amplitude,geom_model_cosine_half_period_amplitude_error,geom_model_cosine_half_period_phase,geom_model_cosine_half_period_phase_error,model_type,num_model_parameters,reduced_chi2,derived_primary_ecl_phase,derived_primary_ecl_phase_error,derived_primary_ecl_duration,derived_primary_ecl_duration_error,derived_primary_ecl_depth,derived_primary_ecl_depth_error,derived_secondary_ecl_phase,derived_secondary_ecl_phase_error,derived_secondary_ecl_duration,derived_secondary_ecl_duration_error,derived_secondary_ecl_depth,derived_secondary_ecl_depth_error
[from data line 262]
375316653866487564,5957888683591195776,0.5343414,2361.0143335142147,1.9905657640580576,1.3099121E-5,17.242044,0.005480683,0.2566499,0.005380123,0.101109356,0.007996774,0.15593535,0.008188285,0.7561827,0.0031857735,0.08020592,0.0047086813,0.18401594,0.006176046,null,null,null,null,"TWOGAUSSIANS",8,4.1557064,0.7561827,0.0031857735,0.4,0.0,0.17665134,0.005549153,0.2566499,0.005380123,0.4,0.0,0.14856921,0.008445134
375316653866487564,5957888713605308032,0.4682207,2384.035707887232,2.2996220681036466,1.8540875E-5,19.108925,0.7528832,0.2401707,0.02160916,0.13664396,0.09768037,0.675085,0.7493914,0.74817216,0.005492251,0.10383243,0.03365193,0.8182526,0.63219947,null,null,null,null,"TWOGAUSSIANS",8,12.317691,0.74829215,0.005297966,0.4,0.0,0.6650474,0.071273625,0.2401607,0.02158445,0.4,0.0,0.5201889,0.069421954
375316653866487564,5957888855333755648,0.5733794,2367.9734873344187,3.026341745530076,6.215974E-6,18.006971,0.009004725,0.30029315,0.003482444,0.09175862,0.008545912,0.23429455,0.02132066,0.806425,0.0016066411,0.09091115,0.0036027872,0.2353249,0.008971446,null,null,null,null,"TWOGAUSSIANS",8,1.2779756,0.806425,0.0016066411,0.4,0.0,0.22521628,0.0062100217,0.30029315,0.003482444,0.4,0.0,0.22418588,0.02373716
375316653866487564,5957888924109387136,0.61881804,2380.6568868695654,0.4001793833901321,3.9381866E-5,14.584191,0.0010607115,0.3516444,0.047584753,0.06876396,0.053361516,0.01085414,0.0038981065,0.84791285,2.1217548E-4,0.006880743,1.0097368E-4,0.6451902,0.02863849,null,null,null,null,"TWOGAUSSIANS",8,9.7304325,0.84791285,2.1217548E-4,0.03853216,5.654526E-4,0.6451902,0.028638497,0.3516444,0.047584753,0.38507816,0.14823784,0.01085414,0.0038982206
375316653866487564,5957889130211301632,0.42206946,2364.4723422204665,0.9084937650968244,6.40486E-5,19.652245,0.017726092,0.25996575,0.018925156,0.100616276,0.0154716,0.14255424,0.02455508,0.6322643,0.036786336,0.054161634,0.028714344,0.18288158,0.08747197,null,null,null,null,"TWOGAUSSIANS",8,5.162383,0.6322643,0.036786336,0.30330515,0.16080032,0.18295398,0.08786455,0.25996575,0.018925156,0.4,0.0,0.14247495,0.024276538
375316653866487564,5957889435159854976,0.4266827,2384.2652993788265,2.2034201346931073,7.004542E-5,18.106108,0.01786385,0.3221643,0.07910136,0.08407327,0.11776125,0.042038538,0.060873847,0.6472746,0.030226856,0.10461907,0.04099203,0.11294747,0.024488153,null,null,null,null,"TWOGAUSSIANS",8,8.728228,0.6472746,0.030226856,0.4,0.036636375,0.112731636,0.023902502,0.3273443,0.071100906,0.4,0.46222717,0.042771608,0.06396594
375316653866487564,5957889881836401536,0.5332638,2359.1064399948546,1.7853067724592016,7.0545607E-6,18.341473,0.0025771018,0.11720665,7.5406797E-4,0.032131616,0.0010366192,0.26145145,0.0041564256,0.25942352,0.013480025,0.015157844,0.011890902,0.0734572,0.024205586,null,null,null,null,"TWOGAUSSIANS",8,1.7819934,0.11720665,7.5406797E-4,0.17993705,0.0058050677,0.26145145,0.0041564316,0.25942352,0.013480025,0.08488393,0.06658905,0.07347177,0.024226211
375316653866487564,5957890053611252480,0.4461677,2377.4730733788797,0.5906452009618561,5.067673E-5,18.141846,0.017923146,0.19304788,0.009091609,0.10395416,0.019540427,0.1145759,0.018075354,0.6839002,0.015700655,0.07513564,0.025252838,0.1131279,0.017643146,null,null,null,null,"TWOGAUSSIANS",8,7.5189033,0.19304788,0.009091609,0.4,0.0,0.1106282,0.012375409,0.6839002,0.015700655,0.4,0.023973282,0.10918256,0.013705528
375316653866487564,5957890092285304064,0.5216905,2391.907102704136,0.03879724317721398,3.937654E-5,19.033699,0.016822707,0.29195717,0.03868058,0.027059644,0.049593445,0.28281307,0.04605467,0.8438825,0.013600542,0.06509141,0.007924567,0.32428026,0.024604749,null,null,null,null,"TWOGAUSSIANS",8,3.4061005,0.8438825,0.013600542,0.36451188,0.044377573,0.32428023,0.023837928,0.29195717,0.03868058,0.151534,0.2426814,0.28281307,0.044471245
375316653866487564,5957890328489282560,0.64512175,2405.7103468593505,1.5098865977490994,1.718347E-5,16.908014,0.0060311924,0.21639936,0.016889965,0.0680955,0.021507613,0.14704786,0.027312607,0.7278154,0.0038820803,0.06359607,0.0035893247,0.4189009,0.00749371,null,null,null,null,"TWOGAUSSIANS",8,5.935119,0.7278154,0.0038820803,0.356138,0.02010022,0.4186449,0.0069036153,0.21639936,0.016889965,0.38133478,0.03525896,0.14679186,0.028619321
375316653866487564,5957890397232571008,0.6079573,2386.40096856957,3.542296861422178,5.6022027E-6,18.899803,0.009909423,0.19015877,0.0029257843,0.043114536,0.005540545,0.3567094,0.025699204,0.694193,0.0014283399,0.050213475,0.0023506738,0.4489822,0.026509758,0.10497945,0.016473541,0.19015877,0.0029257843,"TWOGAUSSIANS_WITH_ELLIPSOIDAL_ON_ECLIPSE1",9,1.5966554,0.694193,0.0014283399,0.28119546,0.013163773,0.6588043,0.018524718,0.19015877,0.0029257843,0.24144138,0.03102705,0.56666636,0.01466152
375316653866487564,5957891226161010816,0.45585373,2380.8834055214134,3.318937747917263,1.7536857E-5,18.194305,0.009119015,0.2535464,0.00567074,0.024937721,0.0033122948,0.17839642,0.03459732,0.5030072,0.038089957,0.064202726,0.023814127,0.28430125,0.12389229,null,null,null,null,"TWOGAUSSIANS",8,11.670915,0.5030072,0.038089957,0.35953525,0.1333591,0.28430125,0.12389229,0.25357637,0.005676072,0.13965124,0.018548852,0.17854634,0.03461891
375316653866487564,5957891256202248192,0.4662692,2400.691998008567,2.2163899356758425,5.8995545E-5,17.940622,0.060587265,0.30048373,0.0100855585,0.098362364,0.030802893,0.30530387,0.06476338,0.7941323,0.0057670427,0.09668526,0.01877746,0.29436868,0.056159645,null,null,null,null,"TWOGAUSSIANS",8,16.902954,0.30048373,0.0100855585,0.4,0.0,0.2846768,0.061721917,0.7941323,0.0057670427,0.4,0.0,0.2737422,0.024133217
375316653866487564,5957891329291283840,0.42663768,2369.341560341714,0.23668946880938713,3.070553E-5,18.117622,0.025274787,0.22473694,0.011214129,0.04563125,0.014159012,0.1315036,0.029455526,0.75951105,0.01631524,0.09875813,0.04518319,0.18741193,0.08250551,null,null,null,null,"TWOGAUSSIANS",8,6.9931474,0.75951105,0.01631524,0.4,0.0,0.187084,0.08347087,0.22473694,0.011219249,0.255535,0.079290465,0.13117859,0.028536966
375316653866487564,5957891329291292160,0.59513336,2364.7079336385204,2.1100457827002908,9.0400035E-6,17.277338,0.0038466323,0.25293094,0.0016528454,0.07517603,0.0021808797,0.30200946,0.007001555,0.7442786,0.0072804764,0.10165365,0.007832015,0.12966105,0.005434278,null,null,null,null,"TWOGAUSSIANS",8,2.5305176,0.25293094,0.0016528454,0.4,0.0,0.29627007,0.0068728356,0.7442786,0.0072804764,0.4,0.0,0.12392012,0.0049854266
375316653866487564,5957891393641292928,0.56082386,2359.2956437100465,3.1870439750965684,2.6850877E-5,17.351822,0.015373028,0.26424474,0.0034191753,0.055447243,0.014565163,0.24864613,0.040371545,0.7743473,0.010007036,0.04700594,0.025684776,0.14508957,0.027906455,0.08458365,0.01891133,0.26424474,0.0034191753,"TWOGAUSSIANS_WITH_ELLIPSOIDAL_ON_ECLIPSE1",9,13.919443,0.26424474,0.0034191753,0.31050456,0.08156492,0.41780353,0.037150804,0.7743473,0.010007036,0.26323327,0.14383474,0.31356627,0.021322064
375316653866487564,5957891466679437824,0.43852806,2367.042708909553,2.1346851479461377,1.3037499E-5,19.502625,0.011855243,0.2281953,0.031230403,0.043435324,0.089904204,0.07065509,0.7178632,0.7178066,0.009103425,0.035299595,0.0070058014,0.29248366,0.06434092,null,null,null,null,"TWOGAUSSIANS",8,2.5292192,0.7178066,0.009103425,0.19767773,0.03923249,0.29248366,0.06433277,0.2281953,0.031230403,0.24323781,0.31377444,0.07065509,0.71788
375316653866487564,5957891702896944512,0.43181023,2385.7391460983526,0.2860868887531562,1.8173386E-4,19.08457,0.0076132366,0.27413744,2.041216E-4,0.021272646,0.002695468,0.23471321,0.04012358,0.75874877,0.012577457,0.05601795,0.008182579,0.19511752,0.0062975097,null,null,null,null,"TWOGAUSSIANS",8,2.9276042,0.27413744,2.041216E-4,0.11912683,0.015094621,0.23471321,0.04012358,0.75874877,0.012577457,0.31370053,0.04582244,0.19511752,0.006297508
375316653866487564,5957891741557558144,0.468858,2362.726881380031,3.044489840776264,8.597385E-5,19.389702,0.006853844,0.25247088,0.003504447,0.012615003,0.004102843,0.27547908,0.1014125,0.6745504,0.022128562,0.021309927,0.050170343,0.35830492,0.40598312,null,null,null,null,"TWOGAUSSIANS",8,1.8731965,0.6745504,0.022128562,0.11933559,0.2809539,0.35830492,0.40598312,0.25247088,0.003504447,0.07064401,0.02297592,0.27547908,0.1014125
375316653866487564,5957891879047168000,0.4547128,2386.8148326729406,0.027697061275570884,5.5070166E-5,18.794243,0.012567416,0.29590276,0.044712964,0.09578204,0.0731947,0.061399322,0.03779895,0.7117622,0.0100192465,0.08695273,0.011209355,0.1992339,0.0461945,null,null,null,null,"TWOGAUSSIANS",8,2.969112,0.7117622,0.0100192465,0.4,0.0,0.19796963,0.045772,0.29592276,0.044851013,0.4,0.024239697,0.06013225,0.03880136
375316653866487564,5957892012116620544,0.5738579,2368.5928182311227,0.6905020510899874,6.9160116E-5,16.539598,0.0017646794,0.3323221,0.0012552582,0.032157242,0.0014114118,0.39784056,0.03844516,0.79845136,0.01193486,0.035049472,0.03451042,0.028320502,5.299924E30,0.013539506,0.0039834976,0.79845136,0.01193486,"TWOGAUSSIANS_WITH_ELLIPSOIDAL_ON_ECLIPSE2",9,6.4724975,0.33214208,0.0012289258,0.18008056,0.0079039065,0.42371792,0.03982627,0.79845136,0.01193486,0.19627704,0.19325835,0.055399504,5.299924E30
375316653866487564,5957892222594163200,0.47260323,2360.746052616459,4.236832791999718,2.0577307E-5,19.730143,0.031547442,0.33312413,0.0038245413,0.07359835,0.008362036,0.2809548,0.03205687,0.8102414,0.012995732,0.059351616,0.0274242,0.516274,0.2400257,null,null,null,null,"TWOGAUSSIANS",8,2.617646,0.8102414,0.012995732,0.33236903,0.08495077,0.515955,0.24329926,0.33312413,0.0038245413,0.4,0.0,0.28063577,0.030107826
375316653866487564,5957892394392801408,0.47876415,2408.6607128913665,1.3492920417895653,2.4023986E-5,18.610443,0.011821393,0.3283465,0.013602605,0.0782614,0.013894504,0.1585678,0.029324641,0.82314456,0.003277353,0.07083111,0.008280653,0.19539902,0.012391482,null,null,null,null,"TWOGAUSSIANS",8,4.417869,0.82314456,0.003277353,0.39665422,0.031157415,0.19427691,0.0122841,0.3283465,0.013602605,0.4,0.0054286052,0.1574457,0.029650921
375316653866487564,5957892600551336064,0.53288126,2384.742883618221,1.7222480823547808,2.402736E-5,18.107882,0.009023506,0.23671149,0.0060485085,0.07042495,0.006204962,0.2182494,0.025047963,0.7407298,0.006347088,0.10074022,0.012564196,0.09816354,0.0084272055,null,null,null,null,"TWOGAUSSIANS",8,2.1404147,0.23671149,0.0060485085,0.39437973,0.030312011,0.2148056,0.025191633,0.7407298,0.006347088,0.4,0.0,0.09471886,0.006451863
375316653866487564,5957892772400391040,0.51926774,2364.5296698554803,1.5428169439678605,1.2889726E-5,16.910772,0.0072655086,0.29148778,0.0033395488,0.0772195,0.003995717,0.23013765,0.011089093,0.792768,0.005671031,0.080842435,0.00810564,0.21105742,0.017117318,null,null,null,null,"TWOGAUSSIANS",8,19.559177,0.29148778,0.0033395488,0.4,0.0,0.22725649,0.010753496,0.792768,0.005671031,0.4,0.0,0.20817627,0.017759781
375316653866487564,5957892836750551040,0.6531075,2400.4158874704203,2.4698972854902044,5.414419E-6,15.5389185,0.005697482,0.20292838,0.0038198833,0.08741845,0.004276203,0.3798688,0.010616973,0.7048427,0.0018810224,0.08167559,0.0021072489,0.4275109,0.008395172,null,null,null,null,"TWOGAUSSIANS",8,13.731692,0.7048427,0.0018810224,0.4,0.0,0.41769856,0.0071028965,0.20292838,0.0038198833,0.4,0.0,0.37005645,0.008526326
375316653866487564,5957892974188419840,0.48886943,2343.5946474151438,0.12788568073919884,3.4237444E-5,17.031082,0.046638552,0.44446024,0.04217695,0.23173857,0.18434054,0.032854054,0.043750405,0.59263927,0.027007027,0.01700064,0.009049287,0.16985641,0.18720253,null,null,null,null,"TWOGAUSSIANS",8,10.036899,0.59263927,0.027007027,0.095203586,0.050676007,0.19026616,0.18513559,0.44446024,0.04217695,0.4,0.0,0.02645164,0.0071165725
375316653866487564,5957893008573500672,0.5803336,2303.387088541375,0.9196980776420631,4.0011142E-5,18.610165,0.0045124656,0.2592824,0.0100197205,0.015362539,0.013078102,0.018122079,0.0096872905,0.76409334,0.0051715956,0.029556032,0.004854264,1.0793433,0.4636217,0.0323234,0.006970148,0.76409334,0.0051715956,"TWOGAUSSIANS_WITH_ELLIPSOIDAL_ON_ECLIPSE2",9,3.5776968,0.76409334,0.0051715956,0.16551378,0.02718388,1.1439902,0.46785718,0.25958243,0.00949625,0.08603022,0.07323737,0.08271349,0.0068367515
375316653866487564,5957893803137474560,0.47959617,2329.929542243941,3.3920108716610167,3.966572E-5,19.741127,0.025418824,0.34949183,0.01069679,0.08629216,0.018160818,0.32973653,0.062153973,0.8511836,0.005347027,0.080784634,0.011035271,0.3457687,0.048926555,null,null,null,null,"TWOGAUSSIANS",8,3.7722912,0.8511836,0.005347027,0.4,0.0,0.3383397,0.05028714,0.34949183,0.01069679,0.4,0.0,0.32230753,0.06632105
375316653866487564,5957894039340393472,0.46204823,2342.574430165116,1.823082238217471,3.1815063E-5,17.788416,0.006235201,0.22097266,0.0046181628,0.011438076,0.010293071,0.09618434,3.7111077,0.75282896,0.01185762,0.07334037,0.014467785,0.19286501,0.034619212,null,null,null,null,"TWOGAUSSIANS",8,23.29358,0.75282896,0.01185762,0.4,0.05698879,0.19286501,0.03461922,0.22097266,0.0046181628,0.06405323,0.057641197,0.09618434,3.7111077
375316653866487564,5957894112375156224,0.43549648,2385.8089207962844,4.114480171703576,2.853338E-5,19.623125,0.025142185,0.18957464,0.010752529,0.02226617,0.013263001,0.13862015,0.117199115,0.45770556,0.021152565,0.08345438,0.019659985,0.3972418,0.044748425,null,null,null,null,"TWOGAUSSIANS",8,7.335847,0.45770556,0.021152565,0.4,0.0,0.3972418,0.044748135,0.18989465,0.010605736,0.124690555,0.07427281,0.14091176,0.118402556
375316653866487564,5957894146790532992,0.4805189,2350.8932836265485,2.4617919754186612,1.2350959E-5,18.021555,0.8839057,0.21999836,0.0050212233,0.13010755,0.037429392,0.720197,0.49422508,0.7276669,0.008836297,0.24604982,0.16641136,0.86396617,0.8736368,null,null,null,null,"TWOGAUSSIANS",8,12.158933,0.21721835,0.003207059,0.4,0.0,0.3204196,0.038899522,0.7280869,0.008682048,0.4,0.0,0.24590734,0.036424503
375316653866487564,5957894352893967616,0.5327259,2330.2948927902266,3.984822744882665,1.6830616E-5,19.378231,0.029082906,0.21372363,0.002821922,0.08519711,0.010203256,0.31178918,0.021885099,0.7055916,0.013956239,0.08751155,0.019181883,0.32351547,0.047336366,null,null,null,null,"TWOGAUSSIANS",8,1.9111167,0.7055916,0.013956239,0.4,0.0,0.31513378,0.04099185,0.21372363,0.002821922,0.4,0.0,0.30340752,0.008969997
375316653866487564,5957894589121560704,0.5063701,2340.146889271335,3.572908372070485,1.5335781E-5,19.088373,0.06949757,0.25618005,0.014825511,0.102509916,0.04861676,0.22544381,0.035160873,0.76637733,0.0044354843,0.09757593,0.01850243,0.24121244,0.06629023,null,null,null,null,"TWOGAUSSIANS",8,1.9000447,0.76637733,0.004434263,0.4,0.0,0.22317514,0.01332206,0.25618005,0.014825511,0.4,0.0,0.20740417,0.052834265
375316653866487564,5957895211886088576,0.4684965,2430.894661323156,0.9219837886625846,3.603113E-5,17.242123,0.004216732,0.20042497,0.0050515523,0.03520555,0.005294835,0.13590725,0.02705347,0.61927193,0.004919792,0.05085195,0.005575004,0.10707675,0.006597098,null,null,null,null,"TWOGAUSSIANS",8,5.6490045,0.20042497,0.0050515523,0.19715108,0.029651077,0.13590725,0.02705347,0.61927193,0.004919792,0.2847709,0.03122002,0.10707675,0.006597098
375316653866487564,5957895452404939136,0.50619465,2402.464102778602,3.098803939827714,2.043893E-5,19.689487,0.023553565,0.28038254,0.0056783794,0.10220386,0.008988237,0.39739573,0.03911576,0.7843957,0.003357697,0.08116624,0.004658724,0.57828516,0.028733086,null,null,null,null,"TWOGAUSSIANS",8,2.8539128,0.7843957,0.003357697,0.4,0.0,0.5571047,0.022755953,0.28038254,0.0056783794,0.4,0.0,0.37621012,0.038485516
