Gaia/vari_eclipsing_binary/VariEclipsingBinary_681787-681864.csv
# %ECSV 1.0
# ---
# delimiter: ','
# meta: !!omap
# - RELEASE: Gaia DR3
# - TABLE: vari_eclipsing_binary
# - DESCRIPTION: >
#     This table describes the properties of the eclipsing binaries resulting from the variability analysis. 
# - CITATION: >
#     How to cite and acknowledge Gaia: 
#     https://gea.esac.esa.int/archive/documentation/credits.html 
# - KNOWN_ISSUES: >
#     Known issues: 
#     https://www.cosmos.esa.int/web/gaia-users/known-issues 
# - DOCUMENTATION: >
#     Tutorials and documentation: 
#     https://www.cosmos.esa.int/web/gaia-users/archive 
# datatype:
# - 
#   name: solution_id
#   datatype: int64
#   description: Solution Identifier
#   meta:
#     ucd: meta.version
# - 
#   name: source_id
#   datatype: int64
#   description: Unique source identifier
#   meta:
#     ucd: meta.id;meta.main
# - 
#   name: global_ranking
#   datatype: float32
#   description: Number between 0 (worst) and 1 (best)
#   meta:
#     ucd: stat.param
# - 
#   name: reference_time
#   datatype: float64
#   unit: d
#   description: Reference time used for the geometric model fit
#   meta:
#     ucd: time.epoch
# - 
#   name: frequency
#   datatype: float64
#   unit: d**-1
#   description: Frequency of geometric model of the eclipsing binary light curve
#   meta:
#     ucd: src.orbital
# - 
#   name: frequency_error
#   datatype: float32
#   unit: d**-1
#   description: "Uncertainty of \\texttt{frequency}"
#   meta:
#     ucd: stat.error
# - 
#   name: geom_model_reference_level
#   datatype: float32
#   unit: mag
#   description: Magnitude reference level of geometric model
#   meta:
#     ucd: phot.mag;em.opt
# - 
#   name: geom_model_reference_level_error
#   datatype: float32
#   unit: mag
#   description: "Uncertainty of \\texttt{geomModelReferenceLevel}"
#   meta:
#     ucd: stat.error;phot.mag;em.opt
# - 
#   name: geom_model_gaussian1_phase
#   datatype: float32
#   description: Phase of the Gaussian 1 component
#   meta:
#     ucd: time.phase
# - 
#   name: geom_model_gaussian1_phase_error
#   datatype: float32
#   description: "Uncertainty of \\texttt{geomModelGaussian1Phase}"
#   meta:
#     ucd: stat.error;time.phase
# - 
#   name: geom_model_gaussian1_sigma
#   datatype: float32
#   description: "Standard deviation [phase] of Gaussian 1 component"
#   meta:
#     ucd: stat.stdev
# - 
#   name: geom_model_gaussian1_sigma_error
#   datatype: float32
#   description: "Uncertainty of \\texttt{geomModelGaussian1Sigma}"
#   meta:
#     ucd: stat.error
# - 
#   name: geom_model_gaussian1_depth
#   datatype: float32
#   unit: mag
#   description: Magnitude depth of Gaussian 1 component
#   meta:
#     ucd: src.var.amplitude
# - 
#   name: geom_model_gaussian1_depth_error
#   datatype: float32
#   unit: mag
#   description: "Uncertainty of \\texttt{geomModelGaussian1Depth}"
#   meta:
#     ucd: stat.error;src.var.amplitude
# - 
#   name: geom_model_gaussian2_phase
#   datatype: float32
#   description: Phase of Gaussian 2 component
#   meta:
#     ucd: time.phase
# - 
#   name: geom_model_gaussian2_phase_error
#   datatype: float32
#   description: "Uncertainty of \\texttt{geomModelGaussian2Phase}"
#   meta:
#     ucd: stat.error;time.phase
# - 
#   name: geom_model_gaussian2_sigma
#   datatype: float32
[...]
#   datatype: float32
#   description: "Secondary eclipse: uncertainty of \\texttt{derivedSecondaryEclDuration}"
#   meta:
#     ucd: stat.error;time.duration
# - 
#   name: derived_secondary_ecl_depth
#   datatype: float32
#   unit: mag
#   description: "Secondary eclipse: depth"
#   meta:
#     ucd: src.var.amplitude
# - 
#   name: derived_secondary_ecl_depth_error
#   datatype: float32
#   unit: mag
#   description: "Secondary eclipse: uncertainty of \\texttt{derivedSecondaryEclDepth}"
#   meta:
#     ucd: stat.error;src.var.amplitude
solution_id,source_id,global_ranking,reference_time,frequency,frequency_error,geom_model_reference_level,geom_model_reference_level_error,geom_model_gaussian1_phase,geom_model_gaussian1_phase_error,geom_model_gaussian1_sigma,geom_model_gaussian1_sigma_error,geom_model_gaussian1_depth,geom_model_gaussian1_depth_error,geom_model_gaussian2_phase,geom_model_gaussian2_phase_error,geom_model_gaussian2_sigma,geom_model_gaussian2_sigma_error,geom_model_gaussian2_depth,geom_model_gaussian2_depth_error,geom_model_cosine_half_period_amplitude,geom_model_cosine_half_period_amplitude_error,geom_model_cosine_half_period_phase,geom_model_cosine_half_period_phase_error,model_type,num_model_parameters,reduced_chi2,derived_primary_ecl_phase,derived_primary_ecl_phase_error,derived_primary_ecl_duration,derived_primary_ecl_duration_error,derived_primary_ecl_depth,derived_primary_ecl_depth_error,derived_secondary_ecl_phase,derived_secondary_ecl_phase_error,derived_secondary_ecl_duration,derived_secondary_ecl_duration_error,derived_secondary_ecl_depth,derived_secondary_ecl_depth_error
[from data line 403]
375316653866487564,5997667777270702080,0.45876774,2068.061577286099,0.3210782734683288,4.0044026E-5,19.429653,0.008001392,0.25391075,0.0033440986,0.033645876,0.0045524817,0.29451075,0.021869028,0.7499293,0.0070289443,0.045612585,0.010923631,0.1208638,0.01600381,null,null,null,null,"TWOGAUSSIANS",8,2.7462804,0.25391075,0.0033440986,0.18841691,0.025493897,0.29451075,0.021869028,0.7499293,0.0070289443,0.25543046,0.06117233,0.1208638,0.016003812
375316653866487564,5997668636259188992,0.5867007,2063.8394444322694,3.4821373729594423,1.3216444E-5,18.535883,0.05072884,0.27010214,0.0018156556,0.049145114,0.012359319,0.2670648,0.11262938,0.76992553,0.005383438,0.061243247,0.02740707,0.32393816,0.043136414,0.10070572,0.060925163,0.27010214,0.0018156556,"TWOGAUSSIANS_WITH_ELLIPSOIDAL_ON_ECLIPSE1",9,4.945543,0.7699555,0.0047103507,0.34296218,0.15347959,0.52527124,0.102329776,0.27010214,0.0018156556,0.27521265,0.06921218,0.46839806,0.023526814
375316653866487564,5997670590458225024,0.5189925,2056.528718181428,2.175747549513719,2.414003E-5,19.054113,0.3012667,0.28550893,0.0031428777,0.10560111,0.028319094,0.29591006,0.17786852,0.7988945,0.009745749,0.16144776,0.12998958,0.20447418,0.2983512,null,null,null,null,"TWOGAUSSIANS",8,1.4840248,0.28491893,0.0023778514,0.4,0.0,0.22830608,0.021107182,0.7989245,0.0097669605,0.4,0.0,0.1333949,0.02262894
375316653866487564,5997672106597393280,0.429518,2090.8767171745194,2.021065079314588,7.923976E-6,19.761114,0.009709657,0.16786729,0.005062612,0.030714516,0.0076572183,0.2550373,0.044846833,0.8182129,0.009104708,0.043040447,0.008135332,0.21316968,0.048053462,null,null,null,null,"TWOGAUSSIANS",8,5.6070104,0.16786729,0.005062612,0.17200129,0.042880423,0.2550373,0.044846833,0.8182129,0.009104708,0.2410265,0.04555786,0.21316968,0.048053462
375316653866487564,5997672587633775872,0.6539927,2071.6670821776665,2.088461202913143,3.6596225E-6,16.354303,0.0063538565,0.2774016,0.001208003,0.08998899,0.0019503683,0.43807748,0.008015363,0.7803764,0.0010255623,0.09773703,0.0023602932,0.36058867,0.007124718,null,null,null,null,"TWOGAUSSIANS",8,7.606607,0.2774016,0.001208003,0.4,0.0,0.41626573,0.0073884577,0.7803764,0.0010255623,0.4,0.0,0.33877558,0.0064385566
375316653866487564,5997675263382895488,0.5359018,2056.7246003489695,2.6330604652895535,2.0040738E-5,18.892822,0.00949479,0.29140672,0.0023056227,0.052645378,0.0065585338,0.12925164,0.03758055,0.7589853,0.0048617916,0.02347617,0.004879323,0.16071773,0.02634214,0.15425639,0.0145713575,0.29140672,0.0023056227,"TWOGAUSSIANS_WITH_ELLIPSOIDAL_ON_ECLIPSE1",9,5.6166663,0.7614453,0.0044071293,0.13146655,0.027324207,0.45754382,0.019305956,0.29140672,0.0023056227,0.2948141,0.03672779,0.4377626,0.030489149
375316653866487564,5997676161046618496,0.51112294,2078.5080224058365,2.521849562139905,1.9881767E-5,19.42573,0.14792253,0.3066397,0.00852762,0.12455672,0.042936455,0.34589136,0.14472717,0.8113992,0.0044721765,0.103916824,0.026740441,0.3739515,0.1360758,null,null,null,null,"TWOGAUSSIANS",8,1.4979932,0.8114292,0.004373698,0.4,0.0,0.3121133,0.01942882,0.3066397,0.008550829,0.4,0.0,0.28383875,0.01793802
375316653866487564,5997677672875373952,0.5875762,2085.2763923052285,2.0758071937045277,1.3427357E-5,14.26741,0.01486682,0.25711867,0.0024512897,0.13055032,0.01272777,0.11883655,0.014304891,0.75463694,0.0017120051,0.118829474,0.0096618,0.11551267,0.014162541,null,null,null,null,"TWOGAUSSIANS",8,11.119164,0.2571287,0.0024700013,0.4,0.0,0.08811199,0.0017683554,0.75463694,0.0017120051,0.4,0.0,0.084910475,0.0018333598
375316653866487564,5997678424478901760,0.5158165,2077.1242581379324,2.6507895782504916,1.4297302E-5,18.580399,0.011934841,0.26435146,0.004164585,0.09182488,0.007170778,0.2831615,0.012986904,0.76968664,0.004763831,0.08407078,0.006487228,0.25747415,0.013763635,null,null,null,null,"TWOGAUSSIANS",8,3.3986385,0.26435146,0.004164585,0.4,0.0,0.2744389,0.0112785855,0.76968664,0.004763831,0.4,0.0,0.24875177,0.010753374
375316653866487564,5997679768819164288,0.512741,2055.886037189518,2.9745143370948948,2.0654223E-5,17.800352,0.6562044,0.2509474,0.011662732,0.15699154,0.06876469,0.27785307,0.54637855,0.73610944,0.011550881,0.16523947,0.11422409,0.24475633,0.61572385,null,null,null,null,"TWOGAUSSIANS",8,2.8218892,0.25324738,0.004954109,0.4,0.0,0.13817205,0.005818425,0.73610944,0.011550881,0.4,0.0,0.103482045,0.009327421
375316653866487564,5997680898380222336,0.56333846,2088.248926798605,2.954433977459001,1.2714656E-5,18.498356,0.010779571,0.24218284,0.004053423,0.094445914,0.006655398,0.30291992,0.012489257,0.7506314,0.004017267,0.09058102,0.0060892515,0.31771412,0.011881074,null,null,null,null,"TWOGAUSSIANS",8,2.6583698,0.7506314,0.004017267,0.4,0.0,0.30350378,0.009612982,0.24218284,0.004053423,0.4,0.0,0.28870922,0.009932026
375316653866487564,5997684403073776384,0.4643,2092.906442853418,3.1460670145640224,4.4654946E-5,18.946568,0.1615271,0.292451,0.019357523,0.10564973,0.105331846,0.15084401,0.14462128,0.78663117,0.010037423,0.091052055,0.032335117,0.15870105,0.12721032,null,null,null,null,"TWOGAUSSIANS",8,2.8532875,0.78663117,0.009734468,0.4,0.0,0.14742619,0.013067598,0.292451,0.019416412,0.4,0.0,0.13956499,0.03840593
375316653866487564,5997686194093749632,0.4756545,2076.7235934379332,3.086196529900409,2.5036974E-5,19.36688,0.024116013,0.2482872,0.0065210084,0.09050879,0.011625974,0.21283405,0.023475403,0.7409159,0.0058154026,0.11192038,0.015163476,0.18811744,0.023202512,null,null,null,null,"TWOGAUSSIANS",8,1.6948161,0.2482972,0.006541469,0.4,0.0,0.19580151,0.0109065175,0.7409159,0.0058154026,0.4,0.0,0.17106687,0.010146653
375316653866487564,5997688530552554240,0.44011438,2067.1193112915416,0.03962331331246526,5.995594E-5,16.72621,0.0012951158,0.44492114,0.008837225,0.10507879,0.011735209,0.074218474,0.0076572066,0.86697835,0.024640415,0.043242536,0.03319309,0.022331879,1.5416813,null,null,null,null,"TWOGAUSSIANS",8,4.265594,0.44492114,0.008837225,0.4,0.0,0.07417023,0.00769194,0.86697835,0.024640415,0.2421582,0.1858813,0.022306958,1.5417135
375316653866487564,5997690970077754368,0.48218912,2060.5907761814506,1.267284832660253,6.7330955E-5,19.319527,0.0063851937,0.23659958,0.015929515,0.04822858,0.009193059,0.12098405,0.035009995,0.7499581,0.0025223687,0.029902367,0.002580627,0.3618666,0.015597059,null,null,null,null,"TWOGAUSSIANS",8,3.4308617,0.7499581,0.0025223687,0.16745326,0.014451512,0.36186656,0.015597059,0.23659958,0.015929515,0.27008006,0.05148113,0.12098405,0.03500999
375316653866487564,5997691176236236032,0.47448212,2055.4236956283435,2.888491125317261,2.9983441E-5,19.837624,0.014692121,0.19717439,0.004918121,0.08288708,0.008153162,0.2947038,0.020205744,0.69412124,0.0076931785,0.07694388,0.012412654,0.34398654,0.032370962,null,null,null,null,"TWOGAUSSIANS",8,1.8491809,0.69412124,0.0076931785,0.4,0.0,0.33950856,0.034425307,0.19717439,0.004918121,0.4,0.0,0.29022586,0.01914014
375316653866487564,5997691313675254656,0.52016515,2038.8139239288282,1.8219647539537465,1.9640655E-5,18.560562,0.010327699,0.2639421,0.003465018,0.07950877,0.0050857295,0.28129953,0.011716615,0.7642935,0.0044112494,0.07265919,0.003850579,0.40507472,0.021747528,null,null,null,null,"TWOGAUSSIANS",8,6.9945445,0.7642935,0.0044112494,0.4,0.0020797818,0.40207928,0.021300275,0.2639421,0.003465018,0.4,0.0,0.2783041,0.011174303
375316653866487564,5997691863447224064,0.53959566,2069.613520438461,3.0428416253861243,1.528037E-5,19.304037,0.009531535,0.2506126,0.005392365,0.0710684,0.0054076323,0.5901763,0.06943421,0.7460412,0.0032961164,0.066103525,0.00649343,0.45127797,0.022403238,null,null,null,null,"TWOGAUSSIANS",8,3.0407646,0.2506126,0.005392365,0.397983,0.021201165,0.58898145,0.06987563,0.7460412,0.0032961164,0.37017974,0.036363207,0.4500831,0.022841237
375316653866487564,5997695608643095936,0.5216041,2087.208458037974,2.8638566489147923,1.4518649E-5,19.80479,0.08616935,0.22193909,0.005922126,0.10022436,0.01955659,0.5021141,0.080923624,0.7143546,0.008238922,0.10403619,0.023068922,0.56385833,0.069163926,null,null,null,null,"TWOGAUSSIANS",8,2.7782464,0.7143546,0.008238922,0.4,0.0,0.51528555,0.026316926,0.22193909,0.005921361,0.4,0.0,0.4535486,0.06283932
375316653866487564,5997696119744777344,0.4975725,2087.964298228154,2.673257540380491,2.18308E-5,19.094885,0.0038118726,null,null,null,null,null,null,null,null,null,null,null,null,0.10770002,0.005305942,0.17747384,0.0035941002,"ELLIPSOIDAL",4,2.1333187,null,null,null,null,null,null,null,null,null,null,null,null
375316653866487564,5997697360989361536,0.5696546,2108.7010379969956,2.8795791638007797,7.395252E-6,18.960112,0.008237924,0.28223902,0.0020845497,0.06786301,0.0023230482,0.50446695,0.011682332,0.78042185,0.0018658503,0.07346978,0.0032929305,0.5799907,0.033822212,null,null,null,null,"TWOGAUSSIANS",8,2.391713,0.78042185,0.0018658503,0.4,0.0,0.578007,0.034358017,0.28223902,0.0020845497,0.38003284,0.0130090695,0.50248325,0.011386871
375316653866487564,5997699044632715264,0.43782556,2122.291108629419,0.11189553347747472,1.3962128E-4,18.627028,0.18377408,0.19870363,0.012870319,0.12016754,0.07669124,0.108532645,0.17247418,0.69872165,0.009548136,0.12457599,0.064138345,0.19449025,0.16286254,null,null,null,null,"TWOGAUSSIANS",8,5.7726784,0.69872165,0.009594716,0.4,0.0,0.1587214,0.02319733,0.19870363,0.012979434,0.4,0.0,0.07284957,0.011389716
375316653866487564,5997699624438100480,0.631734,2083.878889932515,2.7226941559328286,6.369403E-6,18.603783,0.0072563533,0.25302848,0.0014641916,0.04859458,0.0031217744,0.5021039,0.039785966,0.751234,0.0014916093,0.045844108,0.0022701237,0.4396887,0.028428102,0.11521087,0.011908138,0.25302848,0.0014641916,"TWOGAUSSIANS_WITH_ELLIPSOIDAL_ON_ECLIPSE1",9,2.1905756,0.25302848,0.0014641916,0.27212963,0.017481936,0.73252463,0.042646673,0.751374,0.0013469652,0.256727,0.012712693,0.67008245,0.02577262
375316653866487564,5997701101907225088,0.585418,2073.7009191985812,3.741759089987525,6.4984565E-6,18.629301,0.008751275,0.24601354,0.0025962351,0.07194088,0.003257621,0.4381655,0.02762999,0.74327374,0.0017124143,0.06477514,0.0022485342,0.6902758,0.013162218,null,null,null,null,"TWOGAUSSIANS",8,4.6718655,0.74327374,0.0017124143,0.36274076,0.012591791,0.68902284,0.013190884,0.24601354,0.0025962351,0.4,0.005388145,0.43691257,0.027845828
375316653866487564,5997704159927365248,0.54582506,2058.4491890107047,2.633512721924403,3.0961986E-5,18.436943,0.010788525,0.29847905,0.0038908839,0.07971323,0.0045090783,0.28951573,0.012337091,0.8008936,0.004444776,0.083490774,0.00692082,0.2945529,0.012610862,null,null,null,null,"TWOGAUSSIANS",8,3.5425968,0.8008936,0.004444776,0.4,0.0,0.28944123,0.012576526,0.29847905,0.0038908839,0.4,0.0,0.28440407,0.010288933
375316653866487564,5997704164221889664,0.54812545,2055.237721534774,3.307632876204905,2.0580297E-5,19.747972,0.010112164,0.2410098,0.0022289664,0.06495908,0.003528244,0.6541104,0.021747941,0.74062806,0.0038390975,0.06807842,0.0055530174,0.46160397,0.023316612,null,null,null,null,"TWOGAUSSIANS",8,1.8037025,0.2410098,0.0022289664,0.36377084,0.019758167,0.65318453,0.021846797,0.74062806,0.0038390975,0.38123918,0.031096896,0.4606781,0.023551324
375316653866487564,5997704606603972736,0.49650916,2066.518053863595,0.5401555665432239,1.4408631E-5,18.290852,0.0028387092,0.32939488,0.0022070373,0.021270705,0.002348984,0.20618045,0.020615624,0.82962465,0.0055611786,0.015200242,0.004550659,0.06113191,0.014300661,0.016914485,0.0038188377,0.32939488,0.0022070373,"TWOGAUSSIANS_WITH_ELLIPSOIDAL_ON_ECLIPSE1",9,2.7623057,0.32939488,0.0022070373,0.11911595,0.013154309,0.24000938,0.021886056,0.82962465,0.0055240365,0.085121356,0.025483692,0.094960764,0.013910456
375316653866487564,5997705847861643520,0.49740177,2086.049586324379,4.200654983897783,2.2241733E-5,19.130426,0.003833726,null,null,null,null,null,null,null,null,null,null,null,null,0.092687935,0.0054748757,0.24200423,0.0036353297,"ELLIPSOIDAL",4,2.4097188,null,null,null,null,null,null,null,null,null,null,null,null
375316653866487564,5997709829280657536,0.50870377,2098.8402354154537,1.5219917554243139,9.87107E-5,19.383308,0.005658326,0.22303271,0.023178617,0.030514952,0.02690678,0.070337296,0.044529352,0.7188607,0.0035798778,0.039481584,0.0043428424,0.30931398,0.008696745,null,null,null,null,"TWOGAUSSIANS",8,1.8771458,0.7188607,0.0035798778,0.22109687,0.024319917,0.30931398,0.008696742,0.22303271,0.023178617,0.17088373,0.15067798,0.070337296,0.044529352
375316653866487564,5997712307480051968,0.45154405,2077.7278133197024,0.17281140910087167,9.4041985E-5,18.748278,0.010073125,0.64837724,0.0013234612,0.0067033223,0.0022806677,0.96793526,5.4252415,0.5359184,0.025367543,0.16161261,0.038637914,0.062286153,0.013197972,null,null,null,null,"TWOGAUSSIANS",8,4.094686,0.6483672,0.0013131382,0.037538607,0.012771739,1.0157894,5.425821,0.5359184,0.025367543,0.4,0.0,0.061246347,0.013123871
375316653866487564,5997712582370399872,0.52478576,2111.9445181203305,1.523823010973029,1.4194802E-5,15.734559,0.020850243,0.14948158,0.0030712334,0.103847325,0.01313117,0.14354856,0.019262565,0.6542078,0.005332798,0.10543017,0.016162189,0.1600665,0.019476527,null,null,null,null,"TWOGAUSSIANS",8,14.89192,0.6542078,0.005348413,0.4,0.0,0.1435231,0.0059968615,0.14948158,0.0030709787,0.4,0.0,0.12700671,0.0065199207
375316653866487564,5997713024739961216,0.5389919,2111.701784509556,2.42780576562341,1.1580221E-5,18.75117,0.020106252,0.24366547,0.0028385615,0.09056059,0.008651582,0.23892045,0.017833496,0.74498963,0.004628598,0.110526755,0.012430717,0.22400369,0.019004073,null,null,null,null,"TWOGAUSSIANS",8,1.577737,0.24366547,0.0028385615,0.4,0.0,0.21845378,0.0114198625,0.74498963,0.004628598,0.4,0.0,0.203521,0.009302712
375316653866487564,5997713029046590208,0.65360796,2086.1034399737077,3.4082847046507636,7.964322E-6,16.675745,0.010540578,0.25694367,0.0013042054,0.059279278,0.0026263883,0.4620326,0.021963492,0.75588655,0.0028440445,0.050621733,0.0032725192,0.3959155,0.028599542,0.097553834,0.011852747,0.25694367,0.0013042054,"TWOGAUSSIANS_WITH_ELLIPSOIDAL_ON_ECLIPSE1",9,10.692556,0.25694367,0.0013042054,0.33196396,0.014707774,0.6570747,0.0058120755,0.7559866,0.0026014121,0.2834817,0.018326107,0.5909498,0.018555745
375316653866487564,5997714399129736832,0.4729549,2091.460820269236,0.4001323910635948,1.4152667E-5,19.619131,0.0063288123,0.31035143,0.0032545356,0.026865888,0.004464806,0.23668112,0.08122917,0.8275904,0.021506151,0.02801545,0.03260954,0.08129286,7.9809454E10,0.02320999,0.010667584,0.8275904,0.021506151,"TWOGAUSSIANS_WITH_ELLIPSOIDAL_ON_ECLIPSE2",9,1.5958734,0.31054145,0.003123929,0.15044898,0.025002914,0.28256455,0.08343962,0.8275904,0.021506151,0.15688652,0.18261343,0.12771283,7.9809454E10
375316653866487564,5997716426354121728,0.64713407,2099.3315779217774,2.580623019810006,8.666205E-6,15.64989,0.014359597,0.19757569,0.0027922823,0.04837392,0.0050361585,0.3807646,0.04294031,0.69086426,0.0015506257,0.049502913,0.002877492,0.45983818,0.035595465,0.11854876,0.020636393,0.19757569,0.0027922823,"TWOGAUSSIANS_WITH_ELLIPSOIDAL_ON_ECLIPSE1",9,38.35048,0.69147426,0.0013154855,0.27721632,0.016113956,0.69654995,0.0076771663,0.19757569,0.0027922823,0.27089396,0.028202487,0.61785954,0.026798878
375316653866487564,5997716636819138560,0.6165038,2076.996651068297,0.4685447448095124,1.0344654E-5,16.55345,0.0022792118,0.14643387,0.0023958946,0.027405906,0.0018666211,0.15932341,0.0078212395,0.64165986,0.022874571,0.023391446,0.007865077,1.0997623,2.5915859,0.021177433,0.003936111,0.14643387,0.0023958946,"TWOGAUSSIANS_WITH_ELLIPSOIDAL_ON_ECLIPSE1",9,8.018486,0.64166987,0.022845438,0.1309921,0.04404443,1.1420791,2.5925584,0.14643387,0.0023958946,0.15347308,0.010453078,0.20167828,0.008994327
