Gaia/vari_eclipsing_binary/VariEclipsingBinary_392958-393300.csv
# %ECSV 1.0
# ---
# delimiter: ','
# meta: !!omap
# - RELEASE: Gaia DR3
# - TABLE: vari_eclipsing_binary
# - DESCRIPTION: >
#     This table describes the properties of the eclipsing binaries resulting from the variability analysis. 
# - CITATION: >
#     How to cite and acknowledge Gaia: 
#     https://gea.esac.esa.int/archive/documentation/credits.html 
# - KNOWN_ISSUES: >
#     Known issues: 
#     https://www.cosmos.esa.int/web/gaia-users/known-issues 
# - DOCUMENTATION: >
#     Tutorials and documentation: 
#     https://www.cosmos.esa.int/web/gaia-users/archive 
# datatype:
# - 
#   name: solution_id
#   datatype: int64
#   description: Solution Identifier
#   meta:
#     ucd: meta.version
# - 
#   name: source_id
#   datatype: int64
#   description: Unique source identifier
#   meta:
#     ucd: meta.id;meta.main
# - 
#   name: global_ranking
#   datatype: float32
#   description: Number between 0 (worst) and 1 (best)
#   meta:
#     ucd: stat.param
# - 
#   name: reference_time
#   datatype: float64
#   unit: d
#   description: Reference time used for the geometric model fit
#   meta:
#     ucd: time.epoch
# - 
#   name: frequency
#   datatype: float64
#   unit: d**-1
#   description: Frequency of geometric model of the eclipsing binary light curve
#   meta:
#     ucd: src.orbital
# - 
#   name: frequency_error
#   datatype: float32
#   unit: d**-1
#   description: "Uncertainty of \\texttt{frequency}"
#   meta:
#     ucd: stat.error
# - 
#   name: geom_model_reference_level
#   datatype: float32
#   unit: mag
#   description: Magnitude reference level of geometric model
#   meta:
#     ucd: phot.mag;em.opt
# - 
#   name: geom_model_reference_level_error
#   datatype: float32
#   unit: mag
#   description: "Uncertainty of \\texttt{geomModelReferenceLevel}"
#   meta:
#     ucd: stat.error;phot.mag;em.opt
# - 
#   name: geom_model_gaussian1_phase
#   datatype: float32
#   description: Phase of the Gaussian 1 component
#   meta:
#     ucd: time.phase
# - 
#   name: geom_model_gaussian1_phase_error
#   datatype: float32
#   description: "Uncertainty of \\texttt{geomModelGaussian1Phase}"
#   meta:
#     ucd: stat.error;time.phase
# - 
#   name: geom_model_gaussian1_sigma
#   datatype: float32
#   description: "Standard deviation [phase] of Gaussian 1 component"
#   meta:
#     ucd: stat.stdev
# - 
#   name: geom_model_gaussian1_sigma_error
#   datatype: float32
#   description: "Uncertainty of \\texttt{geomModelGaussian1Sigma}"
#   meta:
#     ucd: stat.error
# - 
#   name: geom_model_gaussian1_depth
#   datatype: float32
#   unit: mag
#   description: Magnitude depth of Gaussian 1 component
#   meta:
#     ucd: src.var.amplitude
# - 
#   name: geom_model_gaussian1_depth_error
#   datatype: float32
#   unit: mag
#   description: "Uncertainty of \\texttt{geomModelGaussian1Depth}"
#   meta:
#     ucd: stat.error;src.var.amplitude
# - 
#   name: geom_model_gaussian2_phase
#   datatype: float32
#   description: Phase of Gaussian 2 component
#   meta:
#     ucd: time.phase
# - 
#   name: geom_model_gaussian2_phase_error
#   datatype: float32
#   description: "Uncertainty of \\texttt{geomModelGaussian2Phase}"
#   meta:
#     ucd: stat.error;time.phase
# - 
#   name: geom_model_gaussian2_sigma
#   datatype: float32
[...]
#   datatype: float32
#   description: "Secondary eclipse: uncertainty of \\texttt{derivedSecondaryEclDuration}"
#   meta:
#     ucd: stat.error;time.duration
# - 
#   name: derived_secondary_ecl_depth
#   datatype: float32
#   unit: mag
#   description: "Secondary eclipse: depth"
#   meta:
#     ucd: src.var.amplitude
# - 
#   name: derived_secondary_ecl_depth_error
#   datatype: float32
#   unit: mag
#   description: "Secondary eclipse: uncertainty of \\texttt{derivedSecondaryEclDepth}"
#   meta:
#     ucd: stat.error;src.var.amplitude
solution_id,source_id,global_ranking,reference_time,frequency,frequency_error,geom_model_reference_level,geom_model_reference_level_error,geom_model_gaussian1_phase,geom_model_gaussian1_phase_error,geom_model_gaussian1_sigma,geom_model_gaussian1_sigma_error,geom_model_gaussian1_depth,geom_model_gaussian1_depth_error,geom_model_gaussian2_phase,geom_model_gaussian2_phase_error,geom_model_gaussian2_sigma,geom_model_gaussian2_sigma_error,geom_model_gaussian2_depth,geom_model_gaussian2_depth_error,geom_model_cosine_half_period_amplitude,geom_model_cosine_half_period_amplitude_error,geom_model_cosine_half_period_phase,geom_model_cosine_half_period_phase_error,model_type,num_model_parameters,reduced_chi2,derived_primary_ecl_phase,derived_primary_ecl_phase_error,derived_primary_ecl_duration,derived_primary_ecl_duration_error,derived_primary_ecl_depth,derived_primary_ecl_depth_error,derived_secondary_ecl_phase,derived_secondary_ecl_phase_error,derived_secondary_ecl_duration,derived_secondary_ecl_duration_error,derived_secondary_ecl_depth,derived_secondary_ecl_depth_error
[from data line 74]
375316653866487564,3456710492959567872,0.682628,2345.430125190663,1.065443450992991,6.1146698E-6,15.286933,0.020294521,0.25209144,0.0015158608,0.047502674,0.009558754,0.18377656,0.045620497,0.7547886,0.015951084,0.047438234,0.050236102,0.054725878,0.022531735,0.09035931,0.023424048,0.25209144,0.0015158608,"TWOGAUSSIANS_WITH_ELLIPSOIDAL_ON_ECLIPSE1",9,6.9520445,0.25209144,0.0015158608,0.266015,0.053529024,0.3644949,0.030339925,0.7547886,0.010913989,0.26565412,0.24949335,0.2353923,0.02757517
375316653866487564,3456711936068636416,0.600656,2391.2029013568726,0.442733174756828,2.4253466E-5,16.122114,0.0026139987,0.2730058,0.014557328,0.02295654,0.00494218,0.25588065,0.14097643,null,null,null,null,null,null,0.020826457,0.004827894,0.2730058,0.014557328,"ONEGAUSSIAN_WITH_ELLIPSOIDAL",6,9.367409,0.2730058,0.014557328,0.12855662,0.02767621,0.29753357,0.14757018,null,null,null,null,null,null
375316653866487564,3456714096434928384,0.56243646,2360.04403704977,1.9392897310144226,3.7316838E-6,19.025183,0.005403416,0.31392425,0.0010843272,0.04566326,0.001624422,0.5630189,0.047247265,0.82038283,0.0041131475,0.050069578,0.007977371,0.1405898,0.051982846,null,null,null,null,"TWOGAUSSIANS",8,1.5405859,0.31392425,0.0010843272,0.25571427,0.009096763,0.5630185,0.047247473,0.82038283,0.0041131475,0.28038964,0.04467328,0.14058934,0.051983263
375316653866487564,3456715917501087488,0.61164653,2344.362414319619,2.9253372825389525,6.341629E-6,17.420986,0.0069438955,0.30843666,0.00328177,0.09014768,0.0046324,0.23402306,0.008446693,0.81043124,0.0017269175,0.0933018,0.0034477739,0.23765968,0.0074139005,null,null,null,null,"TWOGAUSSIANS",8,2.140183,0.81043124,0.0017269175,0.4,0.0,0.22650059,0.005932902,0.30843666,0.00328177,0.4,0.0,0.22286417,0.007415865
375316653866487564,3456717738567955456,0.48635668,2343.517578264731,0.43758348876192615,6.0386155E-5,19.8181,0.018458027,0.6116133,0.19002207,0.06980239,0.04463692,0.688079,0.5966127,0.93540496,0.008422197,0.016852787,0.0064510508,0.10403907,0.04166321,null,null,null,null,"TWOGAUSSIANS",8,4.1220593,0.6116133,0.19002207,0.39089337,0.23545131,0.688079,0.5966127,0.93540496,0.008422197,0.09437561,0.036125883,0.1040537,0.041739848
375316653866487564,3456718017742188928,0.5799422,2365.999139113783,1.8025314216915493,2.9424089E-5,17.190308,0.0046329005,0.35984886,3.9789165E-4,0.012234182,2.2941263E-4,1.1221241,0.030218076,0.64525414,0.0016012153,0.0038537632,9.989551E-4,0.22517714,0.086503945,null,null,null,null,"TWOGAUSSIANS",8,25.704782,0.35984886,3.9789165E-4,0.06851142,0.0012847107,1.1221241,0.030218076,0.64525414,0.0016012153,0.021581074,0.0055941488,0.22517714,0.086503945
375316653866487564,3456719353475699840,0.53725064,2375.2796842529447,0.9330671273591405,1.1118932E-5,13.588251,0.009783946,0.19435187,0.006586976,0.10886635,0.028405573,0.03568033,0.00876638,0.70697594,0.0020260536,0.116027944,0.015196423,0.059500925,0.00913256,null,null,null,null,"TWOGAUSSIANS",8,14.3383255,0.70698595,0.0020152207,0.4,0.0,0.052632265,0.0019454025,0.19429186,0.00665038,0.4,0.0,0.02882175,0.0027810202
375316653866487564,3456720384267330048,0.46008852,2358.118594020046,2.9193553361762405,1.7517872E-5,18.08225,0.21872644,0.27925953,0.014939692,0.17194895,0.07503365,0.26081052,0.20901762,0.7767409,0.007061239,0.16518407,0.06413258,0.26592025,0.20459376,null,null,null,null,"TWOGAUSSIANS",8,3.9737828,0.7767409,0.007061239,0.4,0.0,0.10021073,0.008041787,0.27982953,0.014710963,0.4,0.0,0.092941225,0.012262275
375316653866487564,3456722656306868736,0.6276609,2360.614912865192,1.550748323650687,8.0637255E-6,15.466793,0.0024125103,0.27084494,0.0021415113,0.05304906,0.0036232844,0.19133896,0.01476681,0.7758764,0.0067826197,0.038464144,0.00881099,0.04408346,0.005207,0.037971698,0.003026794,0.27084494,0.0021415113,"TWOGAUSSIANS_WITH_ELLIPSOIDAL_ON_ECLIPSE1",9,7.337794,0.27084494,0.0021415113,0.29707474,0.020290393,0.26727933,0.0145960795,0.7758764,0.0067826197,0.21539922,0.04934154,0.11994796,0.0059491675
375316653866487564,3456726981335975040,0.47139978,2373.6359970375383,0.10643576234566672,4.2410044E-5,18.06109,0.12659673,0.16407491,0.010794542,0.0829057,0.023922257,0.23305762,0.10798907,0.6995163,0.06310012,0.09747552,0.08387324,0.28345296,0.14716223,null,null,null,null,"TWOGAUSSIANS",8,9.216437,0.6995163,0.06310012,0.4,0.0,0.27714834,0.034374047,0.16407491,0.008969476,0.4,0.008047866,0.22675635,0.04494463
375316653866487564,3456727737250268544,0.5664877,2405.044488240894,2.4453669173503942,2.2286638E-5,18.342285,0.034778636,0.22902584,0.0026063626,0.11006736,0.0116659915,0.26080102,0.032928143,0.7290577,0.007212404,0.11617647,0.020783676,0.24118824,0.04492747,null,null,null,null,"TWOGAUSSIANS",8,1.4269658,0.22902584,0.002609254,0.4,0.0,0.21731637,0.009609725,0.7290577,0.0072206943,0.4,0.0,0.197675,0.04787352
375316653866487564,3456727840329543424,0.6361244,2358.9641509286066,0.4951045333327854,8.266414E-6,16.195986,0.0011377253,0.19862814,0.007400542,0.014370298,0.007174719,0.07262168,1.6069885,0.7049599,7.63256E-4,0.018883573,6.663139E-4,0.19491917,0.0060264976,0.010498453,0.0015394746,0.19862814,0.007400542,"TWOGAUSSIANS_WITH_ELLIPSOIDAL_ON_ECLIPSE1",9,2.3777425,0.7049599,7.63256E-4,0.10574801,0.003731358,0.21588284,0.005677562,0.19862814,0.007400542,0.08047367,0.040178426,0.093618564,1.6070486
375316653866487564,3456728355732067200,0.4625156,2359.068235395734,1.4068075261501436,2.9763287E-5,18.24721,0.042604867,0.21240339,0.004546229,0.017114708,0.008897448,0.53427374,0.43117222,0.40660143,0.11799223,0.20196204,0.23861787,0.057123356,0.026249455,null,null,null,null,"TWOGAUSSIANS",8,5.1254787,0.21249339,0.0043540597,0.09584237,0.049825706,0.56494766,0.42837456,0.40660143,0.11799223,0.4,0.0,0.051791564,0.039283823
375316653866487564,3456733028650087808,0.5549542,2357.397395615506,3.910119730549516,1.8904737E-5,16.925213,0.0044587543,0.25940326,0.01060912,0.0887548,0.013283547,0.11817288,0.019876054,0.74947304,0.003685708,0.08138142,0.005598608,0.12701426,0.004518395,null,null,null,null,"TWOGAUSSIANS",8,2.9428978,0.74947304,0.003685708,0.4,0.0,0.124277174,0.0033472113,0.25940326,0.01060912,0.4,0.0,0.11543575,0.020968731
375316653866487564,3456742786815862144,0.42623842,2303.6460014818144,0.49231712904596997,4.6859575E-5,18.907671,0.8524379,0.28252205,0.037573345,0.12236522,0.06577647,0.43105835,0.3303178,0.7667133,0.0128259575,0.26927593,0.23656794,0.6384141,0.8392887,null,null,null,null,"TWOGAUSSIANS",8,3.5074525,0.28827205,0.037640113,0.4,0.028488625,0.20443982,0.11248221,0.7667133,0.0128259575,0.4,0.0,0.1842661,0.015897017
375316653866487564,3456744126845966080,0.5688223,2296.5046684240087,3.2597059469753336,1.3787952E-5,19.477308,0.009876164,0.2797075,0.002165726,0.059809852,0.0035219276,0.67225474,0.050706424,0.76729006,0.004496906,0.070431255,0.0047957897,0.6799412,0.047631558,null,null,null,null,"TWOGAUSSIANS",8,1.8454647,0.76729006,0.004496906,0.39441505,0.018960115,0.6793545,0.047794357,0.2797075,0.002165726,0.3349352,0.019722795,0.67166805,0.05094175
375316653866487564,3456745569955121664,0.49209556,2330.2170278060476,0.9036762859320138,2.393448E-5,17.769974,0.0024231402,0.55973315,0.022306731,0.024212744,0.007129098,0.16617437,0.1438047,0.7464906,0.004648602,0.015071866,0.0022448467,0.10558514,0.013263844,null,null,null,null,"TWOGAUSSIANS",8,2.8869553,0.55973315,0.022306731,0.13559136,0.03992295,0.16617437,0.1438047,0.7464906,0.004648602,0.08440245,0.012571142,0.10558514,0.013263856
375316653866487564,3456750350255927424,0.4908222,2334.5747615423893,0.3932222781982616,1.0636979E-4,18.981356,0.0040117884,0.22756104,0.023492362,0.083372764,0.017263837,0.029985327,0.0049785334,0.7072248,0.022430412,0.035955995,0.014045244,0.35773078,0.6513409,null,null,null,null,"TWOGAUSSIANS",8,1.6870947,0.7072248,0.022430412,0.20135356,0.078653365,0.3577226,0.6513494,0.22756104,0.023492362,0.4,0.0,0.029977154,0.0049599917
375316653866487564,3456751862084405888,0.43570215,2301.204918657476,2.9316202216747844,4.471012E-5,18.21796,0.0029811403,0.8313375,0.00923175,0.04196197,0.004528793,0.10504706,0.0042181136,null,null,null,null,null,null,null,null,null,null,"ONEGAUSSIAN",5,6.990185,0.8313375,0.00923175,0.23498705,0.02536124,0.10504706,0.0,null,null,null,null,null,null
375316653866487564,3456759073332233600,0.58345306,2380.204813305681,2.8123762015473392,9.628683E-6,17.459354,0.023660865,0.22843274,0.0039206627,0.09827504,0.01099672,0.19794877,0.022855297,0.739475,0.004850237,0.10873268,0.015000871,0.19267598,0.023767632,null,null,null,null,"TWOGAUSSIANS",8,2.7481205,0.22842273,0.003924428,0.4,0.0,0.17945467,0.008590454,0.739475,0.0048437323,0.4,0.0,0.17417207,0.008906938
375316653866487564,3456760104124534528,0.5600677,2375.0090318471384,2.518786112923536,1.07658525E-5,18.428057,0.009163687,0.25754908,0.003713531,0.08787211,0.0076505495,0.20980346,0.010310026,0.7521026,0.003410818,0.0933568,0.006915502,0.21076488,0.008417851,null,null,null,null,"TWOGAUSSIANS",8,1.0642697,0.7521026,0.003410818,0.4,0.0,0.20216301,0.0060144574,0.25754908,0.003713531,0.4,0.0,0.2012018,0.010657618
375316653866487564,3456761684671076480,0.6818851,2383.807892138165,1.4214382648752268,3.1238928E-6,13.296513,0.0015359249,0.26824683,0.0019277404,0.046482172,0.0033529445,0.1615814,0.0136873275,0.7702727,9.080538E-4,0.039033845,0.02539183,0.035533633,13344.032,0.08458179,0.001893122,0.7702727,9.080538E-4,"TWOGAUSSIANS_WITH_ELLIPSOIDAL_ON_ECLIPSE2",9,17.19304,0.26855683,0.0015822826,0.26030016,0.01877649,0.33072126,0.012913495,0.7702727,9.080538E-4,0.21858954,0.14219424,0.20469674,13344.033
375316653866487564,3456763578755392512,0.6757199,2341.5166834617676,0.19968890691603453,6.1104092E-6,14.03159,4.251335E-4,0.27817887,4.6070777E-6,0.007402162,1.4916784E-5,0.19328861,4.2968584E-4,0.7387635,7.88667E-4,0.025469197,0.0017342608,0.17220525,0.09409076,null,null,null,null,"TWOGAUSSIANS",8,4.5961657,0.27817887,4.6070777E-6,0.04145211,8.353399E-5,0.19328861,4.2968584E-4,0.7387635,7.88667E-4,0.1426275,0.009711861,0.17220525,0.09409076
375316653866487564,3456768075584199552,0.50706196,2436.068705786292,3.836939360337171,3.31441E-5,18.734388,0.38000655,0.28898987,0.007195659,0.13001302,0.050916445,0.37008193,0.36129606,0.80092525,0.0048199794,0.133484,0.055176873,0.3389508,0.36622155,null,null,null,null,"TWOGAUSSIANS",8,2.269458,0.28873986,0.0062160683,0.4,0.0,0.2635595,0.018347047,0.8011653,0.004687383,0.4,0.0,0.23226894,0.025050301
375316653866487564,3456771992594997888,0.43764943,2398.8100498447266,0.1065902974775164,5.6952947E-5,17.894897,0.030348359,0.28934932,0.017790878,0.13082747,0.042836778,0.20642135,0.02272459,0.6224327,0.016947726,0.040420264,0.015661256,0.2457637,0.074841365,null,null,null,null,"TWOGAUSSIANS",8,6.438809,0.6224327,0.016947726,0.22635348,0.08770304,0.25353447,0.079590045,0.28934932,0.017790878,0.4,0.0,0.20611538,0.023126053
375316653866487564,3456774367710007808,0.45916906,2264.174509875598,0.2369400948353447,4.9792336E-5,19.453388,0.012138042,0.08810827,0.018456766,0.011488278,0.009263776,0.25029272,10.828584,0.83381236,0.18412381,0.054908033,0.03594302,1.3602756,5.263481,0.0072355596,0.014565887,0.08810827,0.018456766,"TWOGAUSSIANS_WITH_ELLIPSOIDAL_ON_ECLIPSE1",9,2.941613,0.83381236,0.18412381,0.30748498,0.19258872,1.3602862,5.267889,0.08810827,0.018456766,0.06433436,0.05187715,0.26479372,10.832834
375316653866487564,3456781063565468032,0.4621673,2299.93227348168,0.13430673855997227,9.371584E-6,19.539139,0.005003698,0.123824865,0.0047669644,0.015582104,0.003465723,0.16979633,0.029084561,0.68560326,0.012690222,0.065920964,0.012202214,0.20755826,0.03633787,null,null,null,null,"TWOGAUSSIANS",8,1.6412109,0.68560326,0.012690222,0.3691574,0.05853118,0.20755826,0.03633787,0.123824865,0.0047669644,0.087259784,0.019408049,0.16979633,0.029084561
375316653866487564,3456782747192752896,0.46123016,2364.344232263173,0.05180442452365809,4.3326803E-5,17.65299,0.0077917445,0.22505891,0.0057682954,0.005052076,0.008410378,0.618821,0.71870536,0.72309685,0.11314757,0.10699094,0.06780913,0.020239703,0.009678062,null,null,null,null,"TWOGAUSSIANS",8,7.7984676,0.22505891,0.0057682954,0.028291626,0.04709812,0.6188204,0.71878606,0.72309685,0.11314757,0.4,0.047498643,0.020238394,0.009479452
375316653866487564,3456782957647569536,0.6721429,2348.6499186006854,2.28898828983127,3.2906528E-6,14.102372,0.005916515,0.25433415,0.0018193105,0.085539706,0.0024027028,0.39671525,0.005562209,0.7584371,0.0019139106,0.09086244,0.0022710208,0.35579073,0.0076623457,null,null,null,null,"TWOGAUSSIANS",8,36.63274,0.25433415,0.0018193105,0.4,0.0,0.38408437,0.0038864105,0.7584371,0.0019139106,0.4,0.0,0.3431597,0.006622165
375316653866487564,3456784778711849088,0.439965,2407.0052826023148,2.477827600967057,4.5598255E-5,17.588753,0.017444964,0.20758347,0.0178417,0.022739938,0.027748637,0.0979331,null,0.590583,0.024939822,0.13037217,0.023995735,0.16396566,0.023172446,null,null,null,null,"TWOGAUSSIANS",8,5.526651,0.590583,0.024939822,0.4,0.0,0.16375566,0.023026634,0.20784347,0.017539924,0.12734365,0.15539236,0.099923104,null
375316653866487564,3456787694995505920,0.5690182,2307.6228879446094,3.679804606408871,8.630002E-6,18.52156,0.0075816647,0.29447195,0.004216799,0.074600555,0.005296775,0.39122522,0.019169284,0.79532015,0.0033044196,0.0693068,0.005186532,0.37417924,0.036167942,null,null,null,null,"TWOGAUSSIANS",8,3.5031738,0.29447195,0.004216799,0.4,0.0,0.38943216,0.019505313,0.79532015,0.0033044196,0.3881181,0.02518908,0.3723862,0.036768287
375316653866487564,3456799068069424768,0.46276712,2378.937298360846,1.7092344064649105,3.4697146E-6,19.861307,0.013676421,0.35478178,9.20402E-6,0.003979951,1.3025882E-4,1.022889,0.026791537,0.7126034,0.047078807,0.09617017,0.03338292,0.073360436,0.017946186,null,null,null,null,"TWOGAUSSIANS",8,2.1539788,0.35478178,9.20402E-6,0.022287726,7.294494E-4,1.0229613,0.0266858,0.7126034,0.047078807,0.4,0.0,0.073360234,0.017946303
375316653866487564,3456799377307100800,0.50199205,2350.756398217857,3.4524389817434393,1.7993167E-5,18.393326,0.009819617,0.1752083,0.005574191,0.091280356,0.010098873,0.17674635,0.0130257355,0.68929714,0.010542012,0.07657286,0.015756445,0.20949449,0.0124886455,null,null,null,null,"TWOGAUSSIANS",8,5.4001727,0.68929714,0.010542012,0.4,0.0,0.2060055,0.012926205,0.1752083,0.005574191,0.4,0.0,0.17325723,0.01341518
375316653866487564,3456801095294042496,0.43150607,2356.0247422750003,2.752602791511868,3.6572874E-5,18.311949,0.0060751666,0.2900645,0.007841332,0.066162154,0.03938599,0.050842226,0.021327151,null,null,null,null,null,null,0.06559487,0.012389385,0.2900645,0.007841332,"ONEGAUSSIAN_WITH_ELLIPSOIDAL",6,9.994116,0.2900645,0.007841332,0.37050804,0.1649674,0.18199167,0.020827154,null,null,null,null,null,null
375316653866487564,3456807932879131008,0.5806823,2362.276977293006,0.7085522268479094,5.30612E-5,17.567139,0.0015407307,0.6926472,0.060537267,0.07217953,0.041676834,0.008465614,0.014669495,0.8509444,0.0011852386,0.018521635,0.001035001,0.3433081,0.0048606964,null,null,null,null,"TWOGAUSSIANS",8,2.4495187,0.8509444,0.0011852386,0.10372116,0.0057960055,0.34407234,0.0069109504,0.6926472,0.060537267,0.4,0.17882742,0.008465614,0.014669495
375316653866487564,3456811403213108224,0.6767299,2370.724815537614,0.5453485995320498,1.19092896E-4,16.052454,0.0011371054,0.17306523,0.011922372,0.044188917,0.027049495,0.009999258,0.38554797,0.6456502,0.01801506,0.052088745,0.010648871,0.32438466,0.06785857,null,null,null,null,"TWOGAUSSIANS",8,1.7908897,0.6456502,0.01801506,0.29169697,0.05963368,0.3243846,0.06785998,0.17306523,0.011922372,0.24745794,0.15147717,0.00999922,0.38554808
