Gaia/vari_eclipsing_binary/VariEclipsingBinary_577145-580138.csv
# %ECSV 1.0
# ---
# delimiter: ','
# meta: !!omap
# - RELEASE: Gaia DR3
# - TABLE: vari_eclipsing_binary
# - DESCRIPTION: >
#     This table describes the properties of the eclipsing binaries resulting from the variability analysis. 
# - CITATION: >
#     How to cite and acknowledge Gaia: 
#     https://gea.esac.esa.int/archive/documentation/credits.html 
# - KNOWN_ISSUES: >
#     Known issues: 
#     https://www.cosmos.esa.int/web/gaia-users/known-issues 
# - DOCUMENTATION: >
#     Tutorials and documentation: 
#     https://www.cosmos.esa.int/web/gaia-users/archive 
# datatype:
# - 
#   name: solution_id
#   datatype: int64
#   description: Solution Identifier
#   meta:
#     ucd: meta.version
# - 
#   name: source_id
#   datatype: int64
#   description: Unique source identifier
#   meta:
#     ucd: meta.id;meta.main
# - 
#   name: global_ranking
#   datatype: float32
#   description: Number between 0 (worst) and 1 (best)
#   meta:
#     ucd: stat.param
# - 
#   name: reference_time
#   datatype: float64
#   unit: d
#   description: Reference time used for the geometric model fit
#   meta:
#     ucd: time.epoch
# - 
#   name: frequency
#   datatype: float64
#   unit: d**-1
#   description: Frequency of geometric model of the eclipsing binary light curve
#   meta:
#     ucd: src.orbital
# - 
#   name: frequency_error
#   datatype: float32
#   unit: d**-1
#   description: "Uncertainty of \\texttt{frequency}"
#   meta:
#     ucd: stat.error
# - 
#   name: geom_model_reference_level
#   datatype: float32
#   unit: mag
#   description: Magnitude reference level of geometric model
#   meta:
#     ucd: phot.mag;em.opt
# - 
#   name: geom_model_reference_level_error
#   datatype: float32
#   unit: mag
#   description: "Uncertainty of \\texttt{geomModelReferenceLevel}"
#   meta:
#     ucd: stat.error;phot.mag;em.opt
# - 
#   name: geom_model_gaussian1_phase
#   datatype: float32
#   description: Phase of the Gaussian 1 component
#   meta:
#     ucd: time.phase
# - 
#   name: geom_model_gaussian1_phase_error
#   datatype: float32
#   description: "Uncertainty of \\texttt{geomModelGaussian1Phase}"
#   meta:
#     ucd: stat.error;time.phase
# - 
#   name: geom_model_gaussian1_sigma
#   datatype: float32
#   description: "Standard deviation [phase] of Gaussian 1 component"
#   meta:
#     ucd: stat.stdev
# - 
#   name: geom_model_gaussian1_sigma_error
#   datatype: float32
#   description: "Uncertainty of \\texttt{geomModelGaussian1Sigma}"
#   meta:
#     ucd: stat.error
# - 
#   name: geom_model_gaussian1_depth
#   datatype: float32
#   unit: mag
#   description: Magnitude depth of Gaussian 1 component
#   meta:
#     ucd: src.var.amplitude
# - 
#   name: geom_model_gaussian1_depth_error
#   datatype: float32
#   unit: mag
#   description: "Uncertainty of \\texttt{geomModelGaussian1Depth}"
#   meta:
#     ucd: stat.error;src.var.amplitude
# - 
#   name: geom_model_gaussian2_phase
#   datatype: float32
#   description: Phase of Gaussian 2 component
#   meta:
#     ucd: time.phase
# - 
#   name: geom_model_gaussian2_phase_error
#   datatype: float32
#   description: "Uncertainty of \\texttt{geomModelGaussian2Phase}"
#   meta:
#     ucd: stat.error;time.phase
# - 
#   name: geom_model_gaussian2_sigma
#   datatype: float32
[...]
#   datatype: float32
#   description: "Secondary eclipse: uncertainty of \\texttt{derivedSecondaryEclDuration}"
#   meta:
#     ucd: stat.error;time.duration
# - 
#   name: derived_secondary_ecl_depth
#   datatype: float32
#   unit: mag
#   description: "Secondary eclipse: depth"
#   meta:
#     ucd: src.var.amplitude
# - 
#   name: derived_secondary_ecl_depth_error
#   datatype: float32
#   unit: mag
#   description: "Secondary eclipse: uncertainty of \\texttt{derivedSecondaryEclDepth}"
#   meta:
#     ucd: stat.error;src.var.amplitude
solution_id,source_id,global_ranking,reference_time,frequency,frequency_error,geom_model_reference_level,geom_model_reference_level_error,geom_model_gaussian1_phase,geom_model_gaussian1_phase_error,geom_model_gaussian1_sigma,geom_model_gaussian1_sigma_error,geom_model_gaussian1_depth,geom_model_gaussian1_depth_error,geom_model_gaussian2_phase,geom_model_gaussian2_phase_error,geom_model_gaussian2_sigma,geom_model_gaussian2_sigma_error,geom_model_gaussian2_depth,geom_model_gaussian2_depth_error,geom_model_cosine_half_period_amplitude,geom_model_cosine_half_period_amplitude_error,geom_model_cosine_half_period_phase,geom_model_cosine_half_period_phase_error,model_type,num_model_parameters,reduced_chi2,derived_primary_ecl_phase,derived_primary_ecl_phase_error,derived_primary_ecl_duration,derived_primary_ecl_duration_error,derived_primary_ecl_depth,derived_primary_ecl_depth_error,derived_secondary_ecl_phase,derived_secondary_ecl_phase_error,derived_secondary_ecl_duration,derived_secondary_ecl_duration_error,derived_secondary_ecl_depth,derived_secondary_ecl_depth_error
[from data line 36]
375316653866487564,5081277813924241152,0.46512505,2184.87145277158,1.9250374005143542,1.1204676E-5,17.418293,0.0021973401,0.26875752,0.0027330439,0.009981774,0.0029408336,0.045306377,0.09738999,0.8075106,0.0031408023,0.0052330634,0.0023166141,0.033527732,0.0097816475,0.055624504,0.0034227634,0.26875752,0.0027330439,"TWOGAUSSIANS_WITH_ELLIPSOIDAL_ON_ECLIPSE1",9,12.040227,0.26875752,0.0027330439,0.055897932,0.016468668,0.15655513,0.09754426,0.8075106,0.0031408023,0.029305156,0.012973039,0.13830999,0.008992573
375316653866487564,5081292107575222016,0.6458234,2212.7181927930574,1.8933208937868105,1.2646512E-6,12.320667,0.005803601,0.2712791,5.089052E-4,0.04616861,0.0011381811,0.52553385,0.012383198,0.77351713,9.848422E-4,0.04866629,0.003767874,0.13421902,0.012780271,0.06856436,0.0079027405,0.77351713,9.848422E-4,"TWOGAUSSIANS_WITH_ELLIPSOIDAL_ON_ECLIPSE2",9,108.67498,0.2713691,4.81123E-4,0.2585442,0.006373814,0.66263616,0.00816886,0.77351713,9.848422E-4,0.2725312,0.021100095,0.2713473,0.004475659
375316653866487564,5081309223021334528,0.5980672,2192.5948171370765,4.272626064968892,3.1513748E-6,15.848348,0.008791078,0.10590182,0.0015142268,0.040798355,0.0021934973,0.42334834,0.020419875,0.6051209,0.0020234885,0.043171983,0.0022023434,0.58588326,0.02932078,0.14094907,0.011994909,0.10590182,0.0015142268,"TWOGAUSSIANS_WITH_ELLIPSOIDAL_ON_ECLIPSE1",9,95.7561,0.6051709,0.0018715387,0.2417631,0.012333124,0.86777496,0.02648507,0.10590182,0.0015142268,0.22847079,0.012283584,0.70524645,0.009778988
375316653866487564,5081365160675222912,0.60145944,2238.320887128732,0.10276089260268206,1.0517683E-6,10.34981,3.0775619E-4,0.46797496,3.4203734E-7,0.0028527798,2.9621979E-6,0.28418905,1.6506217E-4,0.30168393,0.025355725,0.08828551,0.018910307,0.0017834571,5.550267E-4,null,null,null,null,"TWOGAUSSIANS",8,7.308407,0.46797496,3.4203734E-7,0.015975567,1.6588308E-5,0.28449163,2.4920492E-4,0.30168393,0.025355725,0.4,0.0,0.0017834568,5.550275E-4
375316653866487564,5081412985135077120,0.4649596,2196.5952529062347,1.1202508132291162,1.7091874E-5,18.284422,0.00582242,0.42037907,0.04124767,0.05955673,0.03680914,0.045419935,0.014226614,0.880224,0.0011340687,0.014536568,0.0016910209,0.46162173,0.09719275,null,null,null,null,"TWOGAUSSIANS",8,13.374191,0.880224,0.0011340687,0.08140478,0.009469718,0.46162173,0.09719275,0.42037907,0.04124767,0.33351767,0.1689859,0.045419935,0.014226635
375316653866487564,5081468377329623552,0.50396866,2178.660827552044,3.7810416546613017,4.5635883E-5,16.716656,0.0013007064,0.417482,0.012733501,0.016636666,0.009641723,0.12284219,0.057574023,0.71298444,0.0041261674,0.00445365,0.0028951594,0.8391405,1.8093183,null,null,null,null,"TWOGAUSSIANS",8,22.033558,0.71298444,0.0041261674,0.024940442,0.016212892,0.8391405,1.8093183,0.417482,0.012733501,0.09316533,0.05399365,0.12284219,0.057574023
375316653866487564,5081507306911690624,0.58358866,2198.545789580811,3.061693976358326,1.6484207E-6,15.592114,0.0024156764,0.29277214,7.2578294E-4,0.032652345,7.076784E-4,0.37551394,0.0069548776,0.7916939,3.933601E-4,0.027650405,5.347471E-4,0.38706347,0.0062571154,0.014082702,0.00399724,0.29277214,7.2578294E-4,"TWOGAUSSIANS_WITH_ELLIPSOIDAL_ON_ECLIPSE1",9,45.240658,0.7916939,3.8558934E-4,0.15484226,0.0029945837,0.41522753,0.005184225,0.29277214,7.2578294E-4,0.18285313,0.0039629987,0.40367928,0.006038548
375316653866487564,5081507306913169664,0.6294831,2199.8835215243494,0.8318455536673028,1.0521285E-6,15.866778,7.3536014E-4,0.19335015,1.761885E-4,0.010836501,1.6621136E-4,0.5637863,0.008908835,0.69395345,2.8156638E-4,0.011345772,2.2385787E-4,0.4640723,0.006410423,null,null,null,null,"TWOGAUSSIANS",8,9.698357,0.19335015,1.761885E-4,0.060684405,9.3078363E-4,0.5637863,0.008908835,0.69395345,2.8156638E-4,0.06353632,0.0012536041,0.4640723,0.006410423
375316653866487564,5081552867926162944,0.49306804,2210.5342913743184,1.0004524770519392,5.7260568E-6,16.674656,0.0035491919,0.3255915,0.020323373,0.043862034,0.014652321,0.12574185,0.014723203,0.8248697,9.5029926E-4,0.013940926,5.8817834E-4,0.30481246,0.009564272,null,null,null,null,"TWOGAUSSIANS",8,41.57576,0.8248697,9.5029926E-4,0.07806918,0.0032937988,0.30481246,0.009564272,0.3255915,0.020323373,0.2456274,0.082053,0.12574185,0.014723203
375316653866487564,5081624645419733888,0.6142099,2214.1919039266495,3.491141873941845,3.839357E-6,13.756875,0.007891064,0.23140182,0.0015020969,0.05255037,0.0025528197,0.36327505,0.017279856,0.73448676,0.0011045492,0.05118951,0.0031207146,0.2979957,0.015836779,0.108378686,0.009682038,0.73448676,0.0011045492,"TWOGAUSSIANS_WITH_ELLIPSOIDAL_ON_ECLIPSE2",9,327.60352,0.23176183,0.0012888914,0.29428208,0.01429579,0.57995504,0.008810768,0.73448676,0.0011045492,0.28666124,0.017476002,0.51474774,0.009186624
375316653866487564,5081648525437896576,0.52615356,2221.5729139460536,0.5133607768474757,4.469468E-6,15.607576,0.0025514734,0.07854499,8.6026324E-5,0.010780144,1.275187E-4,0.83963764,0.017289763,0.5754192,7.63664E-4,0.0122378925,6.2361016E-4,0.37476802,0.03747618,null,null,null,null,"TWOGAUSSIANS",8,134.75896,0.07854499,8.6026324E-5,0.060368806,7.141047E-4,0.83963764,0.017289763,0.5754192,7.63664E-4,0.0685322,0.003492217,0.37476802,0.03747618
375316653866487564,5081669484878250880,0.49307296,2232.6945118685207,2.9307060250436607,1.1049908E-5,13.25364,0.011850261,0.26215297,0.0037919378,0.09865489,0.0075949742,0.20777076,0.011896969,0.75286084,0.0028739795,0.1008085,0.0072607473,0.21040533,0.01099829,null,null,null,null,"TWOGAUSSIANS",8,203.72708,0.75286084,0.0028739795,0.4,0.0,0.1943488,0.007097126,0.26215297,0.0037919378,0.4,0.0,0.19171512,0.009622542
375316653866487564,5081688863770712832,0.419971,2241.7952331981833,0.4902782951436613,3.801874E-5,11.749513,0.0018503837,0.25816196,0.0151466755,0.013630839,0.013803998,0.051672235,0.81530184,0.7274023,0.001742061,0.019733613,0.0014866372,0.10889582,0.0112530505,0.0073958994,0.0028467446,0.25816196,0.0151466755,"TWOGAUSSIANS_WITH_ELLIPSOIDAL_ON_ECLIPSE1",9,93.14935,0.7275223,0.0017200811,0.11050823,0.008325168,0.12314413,0.011134146,0.25816196,0.0151466755,0.076332696,0.07730239,0.06646402,0.81538445
375316653866487564,5081748370541068544,0.54378235,2293.355036571607,0.46793923031793494,1.052322E-6,16.941708,0.0011180083,0.086034514,0.006473894,0.016723815,0.01171839,0.018839188,0.007269107,0.77513474,2.5496024E-4,0.009270578,5.164311E-4,0.24357931,0.0029554095,null,null,null,null,"TWOGAUSSIANS",8,4.3513765,0.77513474,2.5496024E-4,0.051915232,0.002892014,0.24357931,0.0029554095,0.086034514,0.006473894,0.093653366,0.065622985,0.018839188,0.007269107
375316653866487564,5081770708667201536,0.5538068,2209.2861034122025,2.6942109123580513,5.0824E-6,16.393948,0.0041317083,0.2320632,0.0039411453,0.03440151,0.0038731508,0.4313969,0.02514716,0.7284029,0.0012585202,0.034271844,0.0019545353,0.6121627,0.06667107,0.013225587,0.0058155674,0.2320632,0.0039411453,"TWOGAUSSIANS_WITH_ELLIPSOIDAL_ON_ECLIPSE1",9,48.355766,0.7284129,0.0012483823,0.19192232,0.010945398,0.63859993,0.06958323,0.2320632,0.0039411453,0.19264846,0.021689646,0.45784807,0.025540747
375316653866487564,5081891826745406464,0.5358456,2234.0413110850754,0.24250447002169578,1.6045673E-5,16.961712,0.0018058694,0.30499887,0.0047643958,0.009829474,0.0062192595,1.1472715,140.16711,0.8005998,0.0050068446,0.005553159,0.0058458736,0.62722397,2.07091074E17,0.004928098,0.0024318874,0.30499887,0.0047643958,"TWOGAUSSIANS_WITH_ELLIPSOIDAL_ON_ECLIPSE1",9,13.370138,0.30499887,0.0047643958,0.055045053,0.034827854,1.1571276,140.16856,0.8005998,0.0050068446,0.03109769,0.032736894,0.6370726,2.07091074E17
375316653866487564,5081905669423024896,0.5059861,2241.0715503386828,0.8846529853247922,7.971425E-6,12.367863,0.0017203477,0.2826514,0.00111244,0.018428812,0.0033275848,0.11341519,0.03589648,0.7777356,9.979983E-4,0.024096202,0.0013237195,0.18630883,0.0049163587,0.010583235,0.0025871126,0.7777356,9.979983E-4,"TWOGAUSSIANS_WITH_ELLIPSOIDAL_ON_ECLIPSE2",9,261.995,0.7777356,9.979983E-4,0.13493873,0.007412829,0.20747526,0.0049857544,0.2826314,0.0011095979,0.103201345,0.018634474,0.13456154,0.036910534
375316653866487564,5081936356966307968,0.69660497,2260.6400763734287,0.051794737857930005,8.388744E-6,14.475703,5.164783E-4,0.32757074,0.0019431206,0.0049174633,0.0013863198,0.83335435,0.4267099,0.616799,0.004648427,0.03140534,0.00439488,0.007943091,0.0012421827,null,null,null,null,"TWOGAUSSIANS",8,10.168451,0.32757074,0.0019431206,0.027537795,0.0077633904,0.83335435,0.4267099,0.616799,0.004648427,0.17586991,0.024611328,0.007943091,0.0012421827
375316653866487564,5082265007863949184,0.45112094,2212.1839362902424,2.196676095877021,1.6910142E-5,15.843022,0.051651355,0.20896375,0.009934561,0.24602972,0.09306666,0.6510085,0.065244116,0.70475036,0.0070958645,0.17542318,0.046751834,0.61478573,0.27354696,null,null,null,null,"TWOGAUSSIANS",8,89.695145,0.70475036,0.0070958645,0.4,0.0,0.17359744,0.010862859,0.21255375,0.011689932,0.4,0.0,0.06622087,0.011124855
375316653866487564,5082316616191148032,0.4690218,2225.6028687702205,1.6419301845821952,8.7415465E-6,13.481871,0.00258662,0.17810635,2.2216718E-6,8.997455E-4,1.0888113E-5,1.3501874,0.03868345,null,null,null,null,null,null,0.0050287885,0.0030401957,0.17810635,2.2216718E-6,"ONEGAUSSIAN_WITH_ELLIPSOIDAL",6,811.19556,0.17810635,2.2216718E-6,0.005038575,6.097343E-5,1.360245,0.04085005,null,null,null,null,null,null
375316653866487564,5082378085762943232,0.5608689,2252.065680282027,2.4377410454573805,3.5614582E-6,12.024544,0.002555728,0.26308155,0.0010609332,0.05485477,0.002630896,0.23128375,0.010209253,0.7604809,0.005356623,0.041049648,0.0056141345,0.052549217,0.00921866,0.038558617,0.0037678522,0.26308155,0.0010609332,"TWOGAUSSIANS_WITH_ELLIPSOIDAL_ON_ECLIPSE1",9,123.659256,0.26308155,0.0010609332,0.30718672,0.0147330165,0.30839387,0.01132326,0.76090086,0.0044070035,0.22987802,0.03143915,0.12964211,0.008152124
375316653866487564,5082638807457227520,0.593014,2268.264569581479,0.8546676838305021,2.8910472E-6,15.193181,0.0013463825,0.33088362,0.002860074,0.02749665,0.003255032,0.062885426,0.009559464,0.8334266,5.9382454E-4,0.021654857,7.6031487E-4,0.3507394,0.00660779,0.0029466976,0.0020391585,0.33088362,0.002860074,"TWOGAUSSIANS_WITH_ELLIPSOIDAL_ON_ECLIPSE1",9,26.367813,0.8334266,5.9382454E-4,0.1212672,0.0042577633,0.35663128,0.005789874,0.33088362,0.002860074,0.15398125,0.018228179,0.06877881,0.009631501
375316653866487564,5082671719789935616,0.52702975,2274.9667544014283,3.309164803294092,8.409009E-6,17.31043,0.023891764,0.28041095,0.002330368,0.052457716,0.0077495403,0.20894618,0.049573608,0.77245694,0.0058208196,0.05942426,0.011712832,0.22646816,0.04684722,0.12120724,0.024855634,0.28041095,0.002330368,"TWOGAUSSIANS_WITH_ELLIPSOIDAL_ON_ECLIPSE1",9,44.286648,0.7742869,0.0040337536,0.33277586,0.06559186,0.46839392,0.020153565,0.28041095,0.002330368,0.29376322,0.043397427,0.45133805,0.012978239
375316653866487564,5082696733679555456,0.469864,2249.731518533857,0.27760330173775066,1.6005884E-5,15.0937,0.0023439955,0.27370194,0.009932749,0.0814638,0.021412173,0.018358516,0.0023989682,0.7636673,8.6138817E-4,0.01258716,9.414992E-4,0.17927332,0.008416943,null,null,null,null,"TWOGAUSSIANS",8,28.549007,0.7636673,8.6138817E-4,0.070488095,0.0052723954,0.1792733,0.008416932,0.27370194,0.009932749,0.4,0.0,0.0183585,0.0023989512
375316653866487564,5082838158362725760,0.5469701,2148.2145167112394,1.8991085442100457,6.323289E-6,12.081491,0.062156316,0.22049421,0.0016351932,0.19489512,0.014018274,0.37435946,0.05433863,0.7206547,0.0018618663,0.18939957,0.01342432,0.3698449,0.05480803,null,null,null,null,"TWOGAUSSIANS",8,23.741869,0.7207647,0.002147446,0.4,0.0,0.078311354,0.0013157896,0.22039421,0.0016611235,0.4,0.0,0.07764122,0.001854252
375316653866487564,5082924920999002752,0.5809935,2252.766974421536,1.935706171593452,2.2853883E-6,17.414415,0.0015498506,0.23857051,5.0007564E-4,0.01627983,6.5653236E-4,0.50338644,0.016393604,0.7363554,8.037617E-4,0.01719562,7.123896E-4,0.38998175,0.011604163,null,null,null,null,"TWOGAUSSIANS",8,6.108044,0.23857051,5.0007564E-4,0.09116705,0.0036765812,0.50338644,0.016393604,0.7363554,8.037617E-4,0.09629547,0.0039893817,0.38998175,0.011604163
375316653866487564,5083010270588971776,0.59505665,2149.2615664993773,2.919751888291272,6.4806723E-6,15.76195,0.0083734,0.24918106,0.0016028385,0.051544186,0.0030656785,0.26140967,0.02186479,0.7393811,0.0031887076,0.04833015,0.005537607,0.19003128,0.017240549,0.08818021,0.010622745,0.24918106,0.0016028385,"TWOGAUSSIANS_WITH_ELLIPSOIDAL_ON_ECLIPSE1",9,34.49679,0.24918106,0.0016028385,0.28864744,0.0171678,0.43776777,0.012425236,0.7408111,0.0026793987,0.27064884,0.031010598,0.3658189,0.00977966
375316653866487564,5083061260441339264,0.57752943,2132.915397961001,0.17735653153595704,5.2902483E-6,17.163523,0.0028620407,0.26854694,0.0065007373,0.02746181,0.02170268,0.09302742,0.038530882,0.7645094,0.001603419,0.017564813,0.0012107815,0.37804598,0.023532068,0.04685391,0.004450557,0.26854694,0.0065007373,"TWOGAUSSIANS_WITH_ELLIPSOIDAL_ON_ECLIPSE1",9,9.658588,0.76452935,0.0015947693,0.098362945,0.006780376,0.47169384,0.019498006,0.26854694,0.0065007373,0.15378614,0.12153501,0.18673523,0.04109271
375316653866487564,5083122592574275072,0.4662237,2119.810012207906,2.078159458455232,4.4234668E-5,14.761218,0.0036231577,0.34416023,0.0042529223,0.07247992,0.005345066,0.13623309,0.007162885,0.8565359,0.010891235,0.0417985,0.010330188,0.09112302,0.017951127,null,null,null,null,"TWOGAUSSIANS",8,164.42012,0.34416023,0.0042529223,0.4,0.00669801,0.13622332,0.007164175,0.8565359,0.010891235,0.23407158,0.057849053,0.09111324,0.017955804
375316653866487564,5083135988574726144,0.54183996,2106.4161199071586,1.0854436877860008,3.9908286E-6,19.542318,0.0030494344,0.24257243,9.299859E-4,0.02623712,9.2324574E-4,0.41599575,0.013210297,0.74056476,0.0031859581,0.031213997,0.0033763745,0.22075737,0.01827588,0.056141052,0.0053408914,0.24257243,9.299859E-4,"TWOGAUSSIANS_WITH_ELLIPSOIDAL_ON_ECLIPSE1",9,1.059624,0.24257243,9.299859E-4,0.14692788,0.0051701763,0.5282778,0.0131505905,0.74064475,0.003041764,0.17479838,0.018907698,0.33302224,0.018304808
375316653866487564,5083148877774043776,0.6511906,2148.0680915797257,1.41560263995975,1.0507354E-6,14.295361,0.0026214595,0.24369968,0.00204335,0.0367187,0.0018098375,0.15873767,0.0073005008,0.7427201,3.50566E-4,0.032677256,6.578698E-4,0.5290188,0.005573522,0.020902777,0.0035454445,0.24369968,0.00204335,"TWOGAUSSIANS_WITH_ELLIPSOIDAL_ON_ECLIPSE1",9,44.31319,0.74273014,3.40083E-4,0.18299262,0.0036840707,0.5708227,0.0062004644,0.24369968,0.00204335,0.20562473,0.01013509,0.20054317,0.0049501695
375316653866487564,5083152451186886656,0.53808,2123.4974330979894,3.96441040633247,1.2820676E-5,17.824629,0.03821197,0.19526775,0.0018968326,0.1190892,0.012651386,0.23313075,0.03635447,0.68028754,0.0071108644,0.11458144,0.024950694,0.22671159,0.027358174,null,null,null,null,"TWOGAUSSIANS",8,2.694687,0.19530775,0.0018009865,0.4,0.0,0.19262685,0.004896331,0.68028754,0.0071108644,0.4,0.0,0.1862478,0.01780131
375316653866487564,5083285389014003456,0.54129976,2130.6890792441363,2.3955900198318036,5.4409848E-6,16.600315,0.002446835,0.23758449,0.0014013901,0.048242547,0.0021590127,0.116643704,0.007131142,0.74439174,0.0055093323,0.044611994,0.0085214665,0.033168588,0.006165127,0.037524834,0.0030190588,0.23758449,0.0014013901,"TWOGAUSSIANS_WITH_ELLIPSOIDAL_ON_ECLIPSE1",9,5.863107,0.23758449,0.0014013901,0.27015826,0.012090472,0.19169317,0.004649653,0.74439174,0.0055093323,0.24982718,0.04772021,0.10808084,0.003351326
