Gaia/vari_eclipsing_binary/VariEclipsingBinary_676500-676522.csv
# %ECSV 1.0
# ---
# delimiter: ','
# meta: !!omap
# - RELEASE: Gaia DR3
# - TABLE: vari_eclipsing_binary
# - DESCRIPTION: >
#     This table describes the properties of the eclipsing binaries resulting from the variability analysis. 
# - CITATION: >
#     How to cite and acknowledge Gaia: 
#     https://gea.esac.esa.int/archive/documentation/credits.html 
# - KNOWN_ISSUES: >
#     Known issues: 
#     https://www.cosmos.esa.int/web/gaia-users/known-issues 
# - DOCUMENTATION: >
#     Tutorials and documentation: 
#     https://www.cosmos.esa.int/web/gaia-users/archive 
# datatype:
# - 
#   name: solution_id
#   datatype: int64
#   description: Solution Identifier
#   meta:
#     ucd: meta.version
# - 
#   name: source_id
#   datatype: int64
#   description: Unique source identifier
#   meta:
#     ucd: meta.id;meta.main
# - 
#   name: global_ranking
#   datatype: float32
#   description: Number between 0 (worst) and 1 (best)
#   meta:
#     ucd: stat.param
# - 
#   name: reference_time
#   datatype: float64
#   unit: d
#   description: Reference time used for the geometric model fit
#   meta:
#     ucd: time.epoch
# - 
#   name: frequency
#   datatype: float64
#   unit: d**-1
#   description: Frequency of geometric model of the eclipsing binary light curve
#   meta:
#     ucd: src.orbital
# - 
#   name: frequency_error
#   datatype: float32
#   unit: d**-1
#   description: "Uncertainty of \\texttt{frequency}"
#   meta:
#     ucd: stat.error
# - 
#   name: geom_model_reference_level
#   datatype: float32
#   unit: mag
#   description: Magnitude reference level of geometric model
#   meta:
#     ucd: phot.mag;em.opt
# - 
#   name: geom_model_reference_level_error
#   datatype: float32
#   unit: mag
#   description: "Uncertainty of \\texttt{geomModelReferenceLevel}"
#   meta:
#     ucd: stat.error;phot.mag;em.opt
# - 
#   name: geom_model_gaussian1_phase
#   datatype: float32
#   description: Phase of the Gaussian 1 component
#   meta:
#     ucd: time.phase
# - 
#   name: geom_model_gaussian1_phase_error
#   datatype: float32
#   description: "Uncertainty of \\texttt{geomModelGaussian1Phase}"
#   meta:
#     ucd: stat.error;time.phase
# - 
#   name: geom_model_gaussian1_sigma
#   datatype: float32
#   description: "Standard deviation [phase] of Gaussian 1 component"
#   meta:
#     ucd: stat.stdev
# - 
#   name: geom_model_gaussian1_sigma_error
#   datatype: float32
#   description: "Uncertainty of \\texttt{geomModelGaussian1Sigma}"
#   meta:
#     ucd: stat.error
# - 
#   name: geom_model_gaussian1_depth
#   datatype: float32
#   unit: mag
#   description: Magnitude depth of Gaussian 1 component
#   meta:
#     ucd: src.var.amplitude
# - 
#   name: geom_model_gaussian1_depth_error
#   datatype: float32
#   unit: mag
#   description: "Uncertainty of \\texttt{geomModelGaussian1Depth}"
#   meta:
#     ucd: stat.error;src.var.amplitude
# - 
#   name: geom_model_gaussian2_phase
#   datatype: float32
#   description: Phase of Gaussian 2 component
#   meta:
#     ucd: time.phase
# - 
#   name: geom_model_gaussian2_phase_error
#   datatype: float32
#   description: "Uncertainty of \\texttt{geomModelGaussian2Phase}"
#   meta:
#     ucd: stat.error;time.phase
# - 
#   name: geom_model_gaussian2_sigma
#   datatype: float32
[...]
#   datatype: float32
#   description: "Secondary eclipse: uncertainty of \\texttt{derivedSecondaryEclDuration}"
#   meta:
#     ucd: stat.error;time.duration
# - 
#   name: derived_secondary_ecl_depth
#   datatype: float32
#   unit: mag
#   description: "Secondary eclipse: depth"
#   meta:
#     ucd: src.var.amplitude
# - 
#   name: derived_secondary_ecl_depth_error
#   datatype: float32
#   unit: mag
#   description: "Secondary eclipse: uncertainty of \\texttt{derivedSecondaryEclDepth}"
#   meta:
#     ucd: stat.error;src.var.amplitude
solution_id,source_id,global_ranking,reference_time,frequency,frequency_error,geom_model_reference_level,geom_model_reference_level_error,geom_model_gaussian1_phase,geom_model_gaussian1_phase_error,geom_model_gaussian1_sigma,geom_model_gaussian1_sigma_error,geom_model_gaussian1_depth,geom_model_gaussian1_depth_error,geom_model_gaussian2_phase,geom_model_gaussian2_phase_error,geom_model_gaussian2_sigma,geom_model_gaussian2_sigma_error,geom_model_gaussian2_depth,geom_model_gaussian2_depth_error,geom_model_cosine_half_period_amplitude,geom_model_cosine_half_period_amplitude_error,geom_model_cosine_half_period_phase,geom_model_cosine_half_period_phase_error,model_type,num_model_parameters,reduced_chi2,derived_primary_ecl_phase,derived_primary_ecl_phase_error,derived_primary_ecl_duration,derived_primary_ecl_duration_error,derived_primary_ecl_depth,derived_primary_ecl_depth_error,derived_secondary_ecl_phase,derived_secondary_ecl_phase_error,derived_secondary_ecl_duration,derived_secondary_ecl_duration_error,derived_secondary_ecl_depth,derived_secondary_ecl_depth_error
[from data line 149]
375316653866487564,5950608366055980416,0.5530272,2215.8614120273187,0.37231957050735215,1.04536855E-4,17.46363,0.002156725,0.21970524,0.0020449096,0.026277918,0.0015780209,0.85148394,0.18637724,0.4473967,0.018649584,0.040915284,0.017962512,0.035937842,0.0075773657,null,null,null,null,"TWOGAUSSIANS",8,5.5602703,0.21970524,0.0020449096,0.14715634,0.008836917,0.851484,0.18637717,0.4473967,0.018649584,0.22912559,0.100590065,0.035937842,0.0075773657
375316653866487564,5950608439095771136,0.5484739,2178.5824859695863,3.199387990090465,3.4001187E-5,18.281982,0.021364164,0.26220155,0.009256194,0.07575092,0.007508982,0.59228647,0.028407158,0.75784594,0.0041041123,0.07564491,0.008098635,0.58493996,0.018534748,null,null,null,null,"TWOGAUSSIANS",8,20.57326,0.26220155,0.009256194,0.4,0.0,0.58770525,0.027226618,0.75784594,0.0041041123,0.4,0.015068308,0.58035874,0.017924158
375316653866487564,5950608507837343232,0.49195197,2217.386515047493,2.6714425114877023,2.2214037E-5,17.967743,0.017611733,0.19254713,0.0061956653,0.088449486,0.015441474,0.14181311,0.0139162205,0.6949081,0.007837735,0.06458063,0.024355369,0.32736406,0.25741276,null,null,null,null,"TWOGAUSSIANS",8,8.003978,0.6949081,0.007837735,0.3616515,0.106013164,0.32557082,0.2600193,0.19254713,0.0061956653,0.4,0.0,0.14001985,0.011012332
375316653866487564,5950608576529671296,0.495071,2227.1382205334226,2.94651847066243,2.1606884E-5,19.566414,0.07108649,0.2127098,0.008801098,0.109418884,0.024775904,0.31977934,0.0648554,0.7302865,0.0061975946,0.0975553,0.025556292,0.38322458,0.03626846,null,null,null,null,"TWOGAUSSIANS",8,1.7761571,0.7302965,0.0061528785,0.4,0.0,0.35280973,0.056868915,0.2127098,0.008799254,0.4,0.0,0.28934303,0.03167695
375316653866487564,5950608950178717440,0.5613971,2218.3506362439084,3.7474724098284184,1.40284865E-5,18.263811,0.0085709095,0.30267003,0.006412202,0.08447348,0.006398889,0.24971361,0.013076506,0.80120575,0.0024342814,0.08422793,0.0060072383,0.27044594,0.008951167,null,null,null,null,"TWOGAUSSIANS",8,2.6831398,0.80120575,0.0024342814,0.4,0.0,0.26417884,0.008846712,0.30267003,0.006412202,0.4,0.0,0.24344648,0.011916558
375316653866487564,5950608954487098624,0.524775,2219.750180103171,4.135682243685711,6.8379304E-5,19.259056,0.0042200377,0.29000086,0.013624231,0.036366157,0.0097349165,0.43722633,0.1358206,0.9190953,0.016991481,0.013420768,0.006282465,0.47685754,0.3449914,null,null,null,null,"TWOGAUSSIANS",8,1.9683084,0.9190953,0.016991481,0.0751563,0.035181805,0.47685754,0.3449914,0.29000086,0.013624231,0.20365049,0.054515533,0.43722633,0.1358206
375316653866487564,5950609126285857024,0.58876574,2211.1906007380053,2.781241239769542,9.44243E-6,17.777187,0.008650808,0.25248873,0.001414964,0.07320909,0.002790853,0.40751097,0.009419595,0.7559964,0.00250683,0.07369988,0.0044116797,0.4609947,0.04171856,null,null,null,null,"TWOGAUSSIANS",8,5.483101,0.7559964,0.00250683,0.4,0.0,0.4585552,0.042626634,0.25248873,0.001414964,0.4,0.0,0.4050715,0.009135415
375316653866487564,5950609190689771648,0.68485874,2229.6067884498916,1.8941684360956141,4.522583E-6,16.377377,0.0053255833,0.22908327,0.0018310191,0.08824253,0.002374402,0.3879813,0.0056046564,0.72754484,0.0015808026,0.0821435,0.0026487007,0.43417704,0.008538109,null,null,null,null,"TWOGAUSSIANS",8,4.4269166,0.72754484,0.0015808026,0.4,0.0,0.4234261,0.008953975,0.22908327,0.0018310191,0.4,0.0,0.3772303,0.004843653
375316653866487564,5950610363241137152,0.45050532,2303.1047421615654,1.5008812814485049,3.4321773E-5,19.587263,0.009829323,0.20536223,0.019084897,0.01391543,0.011654426,0.1319122,0.36994267,0.66662943,0.0145086,0.037879992,0.019510368,0.5584586,0.54043925,null,null,null,null,"TWOGAUSSIANS",8,4.425514,0.66662943,0.0145086,0.21212795,0.109258056,0.5584586,0.54043925,0.20536223,0.019084897,0.077926405,0.065264784,0.1319122,0.36994267
375316653866487564,5950610638141795712,0.6043283,2289.950822738909,2.429828102215072,1.0432479E-5,17.117857,0.005786695,0.26666644,0.0024656246,0.101997405,0.0047417106,0.16988492,0.006208442,0.7606545,0.0019367614,0.09255262,0.003984377,0.18115515,0.005807068,null,null,null,null,"TWOGAUSSIANS",8,1.7629455,0.7606545,0.0019367614,0.4,0.0,0.16927966,0.004458119,0.26666644,0.0024656246,0.4,0.0,0.15800747,0.006016081
375316653866487564,5950611016098932224,0.60960877,2271.6071763125356,0.6311407371273561,4.06125E-5,18.007648,0.0061483593,0.2582941,0.00829736,0.026785897,0.008135828,0.104930855,0.017149573,0.75811726,0.002619756,0.022798402,0.0023350422,1.224799,0.12568915,0.013175054,0.008537644,0.2582941,0.00829736,"TWOGAUSSIANS_WITH_ELLIPSOIDAL_ON_ECLIPSE1",9,7.3158092,0.75811726,0.002619756,0.12767106,0.0130762365,1.251149,0.12941526,0.2582941,0.00829736,0.15000102,0.04556064,0.13128091,0.016665945
375316653866487564,5950611256589351040,0.47565758,2269.7375812752693,2.683761066834171,2.7581966E-5,18.143383,0.010698088,0.233095,0.006944631,0.07538068,0.008918339,0.14416328,0.015623646,0.74487185,0.00772382,0.08156759,0.021039171,0.16237949,0.018702555,null,null,null,null,"TWOGAUSSIANS",8,5.22384,0.74487185,0.00772382,0.4,0.0,0.16087456,0.020676885,0.233095,0.006944631,0.4,0.0,0.14265837,0.014866688
375316653866487564,5950611492789848960,0.53048414,2293.5905721262056,2.712252877126884,7.275522E-6,18.818167,0.009406781,0.2711354,0.0056153233,0.091952786,0.008894907,0.16682921,0.009484252,0.76565725,0.0018595592,0.094938904,0.005144371,0.2051889,0.009086322,null,null,null,null,"TWOGAUSSIANS",8,0.9766802,0.76565725,0.0018595592,0.4,0.0,0.1956353,0.0068661645,0.2711354,0.0056153233,0.4,0.0,0.15727589,0.007907992
375316653866487564,5950611595868854528,0.43650204,2315.608288474479,0.8383179983109074,8.039428E-5,17.675581,0.014939719,0.62774974,0.0064337477,0.015424176,0.0039271954,0.2569244,0.5343163,0.90015364,0.013034323,0.022197677,0.017558446,0.12543939,0.61458457,0.033170205,0.025874158,0.62774974,0.0064337477,"TWOGAUSSIANS_WITH_ELLIPSOIDAL_ON_ECLIPSE1",9,54.772198,0.62774974,0.0064337477,0.086375386,0.021992294,0.32326442,0.53446096,0.9006136,0.012977901,0.12430699,0.0983273,0.12677182,0.6140888
375316653866487564,5950611664588304640,0.49542972,2291.749297943247,2.689614906896211,2.9258206E-5,17.739511,0.027479772,0.27798262,0.00347283,0.09570572,0.014354793,0.1842143,0.024108618,0.77934533,0.0063738897,0.11365413,0.019972831,0.17027712,0.023885926,null,null,null,null,"TWOGAUSSIANS",8,7.012035,0.27798262,0.0034743652,0.4,0.0,0.1642735,0.01056414,0.77934533,0.0063738897,0.4,0.0,0.15031537,0.009327189
375316653866487564,5950612008185901696,0.51237446,2280.2703465932464,2.936408487738762,2.1361693E-5,18.367018,0.06915687,0.2607824,0.0048387195,0.10984365,0.017227458,0.42327863,0.06445179,0.77873325,0.007815162,0.0941326,0.019369142,0.4577567,0.06447579,null,null,null,null,"TWOGAUSSIANS",8,11.04911,0.7787533,0.007813875,0.4,0.0,0.42300552,0.024724763,0.2607824,0.0048375386,0.4,0.0,0.38849437,0.030000549
375316653866487564,5950612046891037184,0.6003649,2257.1741457688595,2.4762532063635745,1.0762481E-5,15.239917,0.026221657,0.27447358,0.0023367049,0.12205955,0.01469956,0.15300682,0.025132302,0.7679695,0.003892741,0.11513467,0.013475409,0.18257484,0.025628846,null,null,null,null,"TWOGAUSSIANS",8,9.408212,0.7679695,0.003892741,0.4,0.0,0.1486218,0.0038365475,0.27450356,0.002339899,0.4,0.0,0.11901289,0.004120783
375316653866487564,5950612145624949632,0.4641207,2283.0957537592126,1.5860562708082162,5.9876606E-5,18.92656,0.011112689,0.2719059,0.022115547,0.04259164,0.02220814,0.35745427,0.09661696,0.77878046,0.017356014,0.038508333,0.014440945,0.09918665,0.016512774,null,null,null,null,"TWOGAUSSIANS",8,5.676514,0.2719059,0.022115547,0.23851317,0.12436558,0.35745427,0.09661738,0.77878046,0.017356014,0.21564667,0.080869295,0.09918665,0.016512476
375316653866487564,5950612184308220800,0.55701005,2298.245207630291,2.873934163254014,2.282997E-5,19.89102,0.01095482,0.24328102,0.0051745614,0.07749053,0.008476325,0.5734578,0.023805631,0.7404442,0.0029458385,0.08207486,0.0038159143,0.5406765,0.015873801,null,null,null,null,"TWOGAUSSIANS",8,0.7329495,0.24328102,0.0051745614,0.4,0.011620382,0.56569934,0.026192663,0.7404442,0.0029458385,0.4,0.0,0.53291804,0.014982764
375316653866487564,5950612695379207936,0.520179,2249.790005051161,2.539938902693851,2.4901392E-5,18.285759,0.014934312,0.26854312,0.0047738305,0.062661745,0.0064568087,0.3394379,0.026471866,0.7562226,0.005266028,0.086648285,0.008406217,0.4674265,0.03514217,null,null,null,null,"TWOGAUSSIANS",8,15.3002,0.7562226,0.005266028,0.4,0.0,0.46518627,0.035956115,0.26854312,0.0047738305,0.35090578,0.03615813,0.33719772,0.026566762
375316653866487564,5950612734057855360,0.50727034,2266.9296034286135,3.5356021294537316,2.4562438E-5,19.73892,0.012206459,0.44444004,0.0064026807,0.14949536,0.011568406,0.24833298,0.013677622,0.85426176,0.01661982,0.032921124,0.016010799,0.04470434,0.013631227,null,null,null,null,"TWOGAUSSIANS",8,1.1940382,0.44444004,0.0064026807,0.4,0.0,0.24614826,0.013144224,0.85426176,0.01661982,0.18435828,0.089660466,0.048418447,0.015638271
375316653866487564,5950613073347224576,0.49467936,2299.769578933061,0.7764960027842309,3.478918E-5,17.559296,0.0057741855,0.33683318,0.0048273345,0.101974696,0.01109789,0.066298746,0.005960672,0.79984426,0.014000386,0.08657227,0.027844613,0.026020264,0.005383181,null,null,null,null,"TWOGAUSSIANS",8,1.3472115,0.33683318,0.0048281723,0.4,0.0,0.064824164,0.004426937,0.79984426,0.014000386,0.4,0.0,0.024547936,0.004101125
375316653866487564,5950613245135027968,0.45977896,2276.0272808390187,2.4846738307280822,7.896667E-6,15.779499,0.014219248,0.19796298,0.0027481145,0.04745625,0.00528646,0.32518786,0.032072414,0.7007208,0.009850586,0.048005447,0.0074084243,0.36011976,0.06075645,0.06871311,0.01993349,0.19796298,0.0027481145,"TWOGAUSSIANS_WITH_ELLIPSOIDAL_ON_ECLIPSE1",9,60.29961,0.7007208,0.009850586,0.2688305,0.041487176,0.49750382,0.055464193,0.19796298,0.0027481145,0.265755,0.029604176,0.46261317,0.018496761
375316653866487564,5950613588733691264,0.48889858,2256.5934315109394,0.13150564510393284,1.0794167E-6,17.77443,0.002193241,0.35286674,2.0406356E-5,0.0036923157,6.186298E-5,0.30201736,0.0017527691,0.854356,3.016888E-5,0.0067741084,1.0935048E-4,0.15527172,0.0017546031,null,null,null,null,"TWOGAUSSIANS",8,4.487032,0.35286674,2.0406356E-5,0.020676967,3.464327E-4,0.30201736,0.0017527691,0.854356,3.016888E-5,0.037935007,6.123627E-4,0.15527172,0.0017546031
375316653866487564,5950613627411623808,0.5583948,2256.537825727555,3.5610493403918806,7.791041E-6,19.272877,0.009224486,0.2804118,0.0073170085,0.06894283,0.006398477,0.6621143,0.04521752,0.7692864,0.00392976,0.07724229,0.0035071017,0.56796694,0.017269863,null,null,null,null,"TWOGAUSSIANS",8,2.6987574,0.2804118,0.0073170085,0.38607985,0.03138741,0.6594157,0.04569048,0.7692864,0.00392976,0.4,0.0,0.56526834,0.016961891
375316653866487564,5950613726173098624,0.53318363,2267.1019379675067,3.4844461639867688,2.2891814E-5,17.90479,0.015006443,0.26239356,0.008871563,0.08846253,0.009416435,0.3078963,0.02008062,0.7567614,0.004080083,0.09338611,0.0071328306,0.28342348,0.014821408,null,null,null,null,"TWOGAUSSIANS",8,8.587409,0.26239356,0.008871563,0.4,0.0,0.29554173,0.014847833,0.7567614,0.004080083,0.4,0.0,0.27106866,0.011166778
375316653866487564,5950613932340765568,0.54575586,2278.7859079378723,1.5311896690727202,1.368246E-5,17.133415,0.0034079964,0.2588622,0.0031309486,0.019445421,0.0059528383,0.23644546,0.086089216,0.7575845,0.0012428621,0.0331087,0.0022416823,0.26613113,0.008554377,0.018614199,0.0049691936,0.2588622,0.0031309486,"TWOGAUSSIANS_WITH_ELLIPSOIDAL_ON_ECLIPSE1",9,11.008143,0.75760454,0.0012307954,0.18540871,0.012553421,0.30335712,0.009256271,0.2588622,0.0031309486,0.108894356,0.033335894,0.27367383,0.08714558
375316653866487564,5950614207242616832,0.5626066,2285.6329051978214,2.094108310809014,1.2075171E-5,18.889536,0.0065457756,0.2247556,0.0015819209,0.05388509,0.0021956912,0.47849345,0.01789998,0.7229986,0.004255852,0.05231508,0.004244794,0.49466488,0.024428375,null,null,null,null,"TWOGAUSSIANS",8,3.308281,0.7229986,0.004255852,0.29296443,0.023770848,0.49465102,0.024430292,0.2247556,0.0015819209,0.3017565,0.012295871,0.47847962,0.01790134
375316653866487564,5950614550839981056,0.5951452,2295.668320236636,1.1057773964304063,7.872447E-6,16.40381,0.009529713,0.26709405,0.0010983279,0.096197605,0.003845078,0.2796432,0.008892788,0.77178687,0.0033076399,0.10716931,0.008724336,0.21456234,0.0116508985,null,null,null,null,"TWOGAUSSIANS",8,6.5289674,0.26709405,0.0010983279,0.4,0.0,0.25738874,0.0067791617,0.77178687,0.0033076399,0.4,0.0,0.19230047,0.015338487
375316653866487564,5950614825717843200,0.45469958,2293.9392473538855,2.3109299333925013,3.92698E-5,18.212328,0.0030274105,0.32453853,0.009160594,0.04407524,0.041224483,0.030224973,0.041336887,null,null,null,null,null,null,0.03761353,0.0054488378,0.32453853,0.009160594,"ONEGAUSSIAN_WITH_ELLIPSOIDAL",6,4.102578,0.32453853,0.009160594,0.24682133,0.23085712,0.10545203,0.04561374,null,null,null,null,null,null
375316653866487564,5950614933082156928,0.64918035,2288.577446836634,3.0906234605189082,3.1972852E-6,17.984177,0.008976705,0.2777923,7.410545E-4,0.0514254,0.0035172207,0.5188718,0.034374673,0.7779208,0.001396675,0.041874543,0.0019452451,0.51079816,0.021565955,0.12538841,0.01070606,0.2777923,7.410545E-4,"TWOGAUSSIANS_WITH_ELLIPSOIDAL_ON_ECLIPSE1",9,2.7359831,0.2777923,7.410545E-4,0.28798226,0.019696437,0.76964414,0.03508744,0.7779208,0.0013701677,0.23449744,0.010893373,0.76157033,0.015150169
375316653866487564,5950615070523411200,0.4428702,2297.541278958952,4.402343492679181,3.6162095E-5,19.080044,0.06354197,0.05790219,0.030387254,0.015666077,0.017757995,0.10055537,0.03903436,0.5329574,0.014842834,0.19183241,0.058352772,0.28149855,0.04865458,null,null,null,null,"TWOGAUSSIANS",8,9.095219,0.5329574,0.014842834,0.4,0.0,0.26115265,0.029796712,0.05808219,0.031258117,0.08773003,0.09944478,0.09999056,0.038564947
375316653866487564,5950615104881056512,0.48457304,2316.1180157678064,0.19645375542642063,2.9365829E-5,19.115206,0.0069728037,0.69479334,9.504656E-6,0.004311089,4.62375E-5,1.3947874,0.0182587,0.85036993,0.073133014,0.06746016,0.050397158,0.033665836,0.018671786,null,null,null,null,"TWOGAUSSIANS",8,3.3944902,0.69479334,9.504656E-6,0.0241421,2.5893E-4,1.397144,0.021635773,0.85036993,0.073133014,0.37777686,0.2795251,0.033665836,0.018671786
375316653866487564,5950615207959959552,0.5043078,2282.415001861902,3.585362167058775,5.225759E-5,19.715042,0.018567977,0.25735688,0.0037052098,0.08465028,0.009277653,0.33906814,0.018845886,0.7414343,0.009865875,0.08696385,0.015027484,0.27812055,0.02582469,null,null,null,null,"TWOGAUSSIANS",8,1.8793361,0.25735688,0.0037052098,0.4,0.0,0.3323877,0.018605933,0.7414343,0.009865875,0.4,0.0,0.27144006,0.02597405
375316653866487564,5950615650318409472,0.53952295,2303.106973567898,1.4046105678414524,2.2719727E-5,18.254614,0.004924493,0.26755488,0.011497357,0.055622235,0.016219983,0.06130031,0.02399615,0.75824004,0.0025071367,0.05912166,0.004425653,0.3145003,0.018736558,null,null,null,null,"TWOGAUSSIANS",8,3.677701,0.75824004,0.0025071367,0.3310813,0.024783656,0.31448555,0.01874474,0.26755488,0.011497357,0.31148452,0.0908319,0.061285555,0.024013342
375316653866487564,5950615963874948608,0.5856586,2311.8427558041044,2.817021305732428,8.4660805E-6,19.252584,0.016394043,0.268155,0.0019720567,0.049426146,0.005536452,0.49363887,0.04312163,0.7749817,0.0026499522,0.04609401,0.0044757016,0.32527545,0.03444167,0.12248969,0.021288997,0.268155,0.0019720567,"TWOGAUSSIANS_WITH_ELLIPSOIDAL_ON_ECLIPSE1",9,1.7822303,0.268155,0.0019720567,0.27678642,0.03100413,0.7386164,0.049257386,0.7749817,0.0026499522,0.25812647,0.025063928,0.5698025,0.015923807
