Gaia/vari_eclipsing_binary/VariEclipsingBinary_668401-668444.csv
# %ECSV 1.0
# ---
# delimiter: ','
# meta: !!omap
# - RELEASE: Gaia DR3
# - TABLE: vari_eclipsing_binary
# - DESCRIPTION: >
#     This table describes the properties of the eclipsing binaries resulting from the variability analysis. 
# - CITATION: >
#     How to cite and acknowledge Gaia: 
#     https://gea.esac.esa.int/archive/documentation/credits.html 
# - KNOWN_ISSUES: >
#     Known issues: 
#     https://www.cosmos.esa.int/web/gaia-users/known-issues 
# - DOCUMENTATION: >
#     Tutorials and documentation: 
#     https://www.cosmos.esa.int/web/gaia-users/archive 
# datatype:
# - 
#   name: solution_id
#   datatype: int64
#   description: Solution Identifier
#   meta:
#     ucd: meta.version
# - 
#   name: source_id
#   datatype: int64
#   description: Unique source identifier
#   meta:
#     ucd: meta.id;meta.main
# - 
#   name: global_ranking
#   datatype: float32
#   description: Number between 0 (worst) and 1 (best)
#   meta:
#     ucd: stat.param
# - 
#   name: reference_time
#   datatype: float64
#   unit: d
#   description: Reference time used for the geometric model fit
#   meta:
#     ucd: time.epoch
# - 
#   name: frequency
#   datatype: float64
#   unit: d**-1
#   description: Frequency of geometric model of the eclipsing binary light curve
#   meta:
#     ucd: src.orbital
# - 
#   name: frequency_error
#   datatype: float32
#   unit: d**-1
#   description: "Uncertainty of \\texttt{frequency}"
#   meta:
#     ucd: stat.error
# - 
#   name: geom_model_reference_level
#   datatype: float32
#   unit: mag
#   description: Magnitude reference level of geometric model
#   meta:
#     ucd: phot.mag;em.opt
# - 
#   name: geom_model_reference_level_error
#   datatype: float32
#   unit: mag
#   description: "Uncertainty of \\texttt{geomModelReferenceLevel}"
#   meta:
#     ucd: stat.error;phot.mag;em.opt
# - 
#   name: geom_model_gaussian1_phase
#   datatype: float32
#   description: Phase of the Gaussian 1 component
#   meta:
#     ucd: time.phase
# - 
#   name: geom_model_gaussian1_phase_error
#   datatype: float32
#   description: "Uncertainty of \\texttt{geomModelGaussian1Phase}"
#   meta:
#     ucd: stat.error;time.phase
# - 
#   name: geom_model_gaussian1_sigma
#   datatype: float32
#   description: "Standard deviation [phase] of Gaussian 1 component"
#   meta:
#     ucd: stat.stdev
# - 
#   name: geom_model_gaussian1_sigma_error
#   datatype: float32
#   description: "Uncertainty of \\texttt{geomModelGaussian1Sigma}"
#   meta:
#     ucd: stat.error
# - 
#   name: geom_model_gaussian1_depth
#   datatype: float32
#   unit: mag
#   description: Magnitude depth of Gaussian 1 component
#   meta:
#     ucd: src.var.amplitude
# - 
#   name: geom_model_gaussian1_depth_error
#   datatype: float32
#   unit: mag
#   description: "Uncertainty of \\texttt{geomModelGaussian1Depth}"
#   meta:
#     ucd: stat.error;src.var.amplitude
# - 
#   name: geom_model_gaussian2_phase
#   datatype: float32
#   description: Phase of Gaussian 2 component
#   meta:
#     ucd: time.phase
# - 
#   name: geom_model_gaussian2_phase_error
#   datatype: float32
#   description: "Uncertainty of \\texttt{geomModelGaussian2Phase}"
#   meta:
#     ucd: stat.error;time.phase
# - 
#   name: geom_model_gaussian2_sigma
#   datatype: float32
[...]
#   datatype: float32
#   description: "Secondary eclipse: uncertainty of \\texttt{derivedSecondaryEclDuration}"
#   meta:
#     ucd: stat.error;time.duration
# - 
#   name: derived_secondary_ecl_depth
#   datatype: float32
#   unit: mag
#   description: "Secondary eclipse: depth"
#   meta:
#     ucd: src.var.amplitude
# - 
#   name: derived_secondary_ecl_depth_error
#   datatype: float32
#   unit: mag
#   description: "Secondary eclipse: uncertainty of \\texttt{derivedSecondaryEclDepth}"
#   meta:
#     ucd: stat.error;src.var.amplitude
solution_id,source_id,global_ranking,reference_time,frequency,frequency_error,geom_model_reference_level,geom_model_reference_level_error,geom_model_gaussian1_phase,geom_model_gaussian1_phase_error,geom_model_gaussian1_sigma,geom_model_gaussian1_sigma_error,geom_model_gaussian1_depth,geom_model_gaussian1_depth_error,geom_model_gaussian2_phase,geom_model_gaussian2_phase_error,geom_model_gaussian2_sigma,geom_model_gaussian2_sigma_error,geom_model_gaussian2_depth,geom_model_gaussian2_depth_error,geom_model_cosine_half_period_amplitude,geom_model_cosine_half_period_amplitude_error,geom_model_cosine_half_period_phase,geom_model_cosine_half_period_phase_error,model_type,num_model_parameters,reduced_chi2,derived_primary_ecl_phase,derived_primary_ecl_phase_error,derived_primary_ecl_duration,derived_primary_ecl_duration_error,derived_primary_ecl_depth,derived_primary_ecl_depth_error,derived_secondary_ecl_phase,derived_secondary_ecl_phase_error,derived_secondary_ecl_duration,derived_secondary_ecl_duration_error,derived_secondary_ecl_depth,derived_secondary_ecl_depth_error
[from data line 475]
375316653866487564,5879567785920914688,0.5670111,2196.6313673463533,0.987546163254729,7.677224E-6,18.711134,0.004527446,0.19941927,0.0013983272,0.04132055,0.0013698358,0.56410486,0.029035848,0.57323396,0.013375569,0.021807985,0.0033504597,0.047552582,0.0048912996,null,null,null,null,"TWOGAUSSIANS",8,2.553445,0.19941927,0.0013983272,0.2313951,0.0076710805,0.56410486,0.029035848,0.57323396,0.013375569,0.122124724,0.018762574,0.047552582,0.0048912996
375316653866487564,5879567962019960832,0.45934707,2169.8559205765227,3.213649411657065,4.7735095E-5,19.397833,0.0041570747,null,null,null,null,null,null,null,null,null,null,null,null,0.09693674,0.0058216625,0.25678968,0.0057907896,"ELLIPSOIDAL",4,2.4199252,null,null,null,null,null,null,null,null,null,null,null,null
375316653866487564,5879568752299067392,0.5548566,2214.52803336711,0.601568456731053,8.322286E-6,17.241291,0.0023011689,0.17607032,0.03359927,0.022264237,0.05801363,0.017455904,0.36153132,0.558398,0.0025194872,0.04806693,0.0020666374,0.39599058,0.033228803,null,null,null,null,"TWOGAUSSIANS",8,4.673111,0.558398,0.0025194872,0.2691748,0.011573169,0.39599058,0.033228803,0.17607032,0.03359927,0.12467973,0.3248763,0.017455904,0.36153132
375316653866487564,5879569233335417472,0.5620043,2180.7369009467157,0.7655712659572463,6.9218263E-6,19.15324,0.004824071,0.08818773,0.0152335465,0.036302313,0.011671834,0.031187966,0.013593753,0.5687681,0.0015904177,0.032512553,0.001169932,0.6184467,0.013616926,null,null,null,null,"TWOGAUSSIANS",8,1.8623469,0.5687681,0.0015904177,0.18207029,0.0065516187,0.6184467,0.013616926,0.08818773,0.0152335465,0.20329295,0.06536227,0.031187966,0.013593753
375316653866487564,5879569916214336896,0.5526455,2188.7437546140595,1.5417665618282639,1.213408E-5,17.87806,0.005448978,0.22238247,0.0074336384,0.031544417,0.004762132,0.23576455,0.017432012,0.71512383,0.0023101955,0.03500198,0.0049134325,0.70036596,0.17211455,null,null,null,null,"TWOGAUSSIANS",8,8.9774685,0.71512383,0.0023101955,0.19601108,0.027515221,0.70036596,0.17211455,0.22238247,0.0074336384,0.17664874,0.02666794,0.23576455,0.017432012
375316653866487564,5879570019293559296,0.56756216,2212.337815470359,0.4325145649644734,1.1165609E-4,17.94379,0.0031096032,0.32742426,0.023310829,0.026192069,0.013317166,0.41819274,2.269219,0.16835281,0.0023970986,0.020820176,0.002186541,0.16868533,0.017091013,null,null,null,null,"TWOGAUSSIANS",8,3.1701195,0.32742426,0.023310829,0.14667559,0.07457613,0.41819274,2.269219,0.16835281,0.0023970986,0.11659299,0.012244629,0.16868533,0.017091013
375316653866487564,5879571015725792128,0.53772235,2183.5356396249786,1.41590141141601,4.571869E-5,18.458187,0.00192006,0.39454776,0.008916114,0.010693387,0.010813161,0.06552374,0.052282803,0.59431857,0.0070403605,0.0044470406,0.00228471,3.126028,12.298377,null,null,null,null,"TWOGAUSSIANS",8,1.6658174,0.59431857,0.0070403605,0.024903428,0.012794377,3.126028,12.298377,0.39454776,0.008916114,0.059882965,0.0605537,0.06552374,0.052282803
375316653866487564,5879571569797677696,0.5359816,2176.5771835961446,0.31935189850401763,1.4301918E-5,14.172949,0.0017140888,null,null,null,null,null,null,null,null,null,null,null,null,0.051878646,0.0019156474,0.26892504,0.0036855664,"ELLIPSOIDAL",4,48.76628,null,null,null,null,null,null,null,null,null,null,null,null
375316653866487564,5879571913395059840,0.48019424,2161.3627143400186,0.6629487021835588,2.137883E-4,14.923938,7.8187074E-4,0.7373051,0.048847705,0.04953332,0.012147358,0.8195579,0.4474174,null,null,null,null,null,null,null,null,null,null,"ONEGAUSSIAN",5,194.14565,0.7373051,0.048847705,0.27738658,0.0680252,0.8195579,0.0,null,null,null,null,null,null
375316653866487564,5879573833225900928,0.51477164,2212.8171143907,2.4958704251068817,1.8235392E-5,17.680489,0.032576967,0.30540395,0.0037696082,0.115061015,0.015761845,0.17458057,0.03141806,0.799815,0.007731527,0.114988826,0.030359969,0.09576214,0.031245807,null,null,null,null,"TWOGAUSSIANS",8,3.7237453,0.30541393,0.0037734432,0.4,0.0,0.1517537,0.0057001407,0.799815,0.007731527,0.4,0.0,0.07294821,0.006152739
375316653866487564,5879573871892849408,0.46139318,2214.9328821582963,0.9365439686045732,5.9643568E-5,18.182602,0.00536633,0.22919975,0.0053675342,0.05579945,0.021480704,0.24914171,0.14663711,0.7309681,0.012583318,0.08346955,0.020843703,0.077519044,0.029685074,null,null,null,null,"TWOGAUSSIANS",8,2.1071227,0.22919975,0.0053675342,0.31247693,0.096990235,0.24878208,0.14844197,0.7309681,0.012583318,0.4,0.0,0.077159405,0.030406252
375316653866487564,5879575345052981120,0.51590914,2200.31057928935,2.564672485271505,1.81171E-5,18.198696,0.005599025,0.123949766,0.0037430013,0.040914953,0.007879625,0.06410552,0.01479839,0.6181083,0.021999585,0.03934836,0.031788904,0.07005315,2.9259443,0.081883475,0.009285592,0.123949766,0.0037430013,"TWOGAUSSIANS_WITH_ELLIPSOIDAL_ON_ECLIPSE1",9,5.299214,0.61940825,0.018125277,0.2203508,0.17801787,0.23364852,2.9342554,0.123949766,0.0037430013,0.22912374,0.0441259,0.22787243,0.010247704
375316653866487564,5879578957141222272,0.5145596,2183.1415310057314,1.4458597927626535,1.4244541E-5,15.533309,0.17919953,0.19901414,0.0066806115,0.13520539,0.07882696,0.08524966,0.16718256,0.69675446,0.0054560765,0.13498285,0.06484907,0.105786346,0.16590105,null,null,null,null,"TWOGAUSSIANS",8,9.253116,0.69675446,0.0054560765,0.4,0.0,0.072308004,0.004776106,0.19909415,0.006749656,0.4,0.0,0.05181039,0.003682703
375316653866487564,5879579575616509696,0.44451702,2158.485513024474,0.5492772895531842,5.8627753E-5,16.655539,0.0024969087,0.7284437,0.020470725,0.030917883,0.028388718,0.092995785,null,null,null,null,null,null,null,0.0221696,0.0032808925,0.7284437,0.020470725,"ONEGAUSSIAN_WITH_ELLIPSOIDAL",6,11.870776,0.7284437,0.020470725,0.17314014,0.15897682,0.13733499,null,null,null,null,null,null,null
375316653866487564,5879583252102444928,0.5016821,2136.6815117471915,0.30829447056965104,1.8995914E-5,19.381086,0.012801474,0.38570634,0.0026030682,0.028612288,0.0013632647,2.1707218,0.291437,0.9018964,0.03237044,0.058204446,0.062026385,0.041299947,0.027938318,null,null,null,null,"TWOGAUSSIANS",8,2.2398636,0.38570634,0.0026030682,0.1602288,0.0076342826,2.1707218,0.29144925,0.9018964,0.03237044,0.3259449,0.28165942,0.04129994,0.027939055
375316653866487564,5879584209865730176,0.5839489,2133.8289315788597,3.146080457542155,6.5400354E-6,18.966463,0.023038356,0.2533266,0.001832622,0.0503668,0.005512222,0.37720275,0.06057538,0.7579137,0.010274842,0.04880517,0.007828926,0.3718007,0.072536044,0.100970335,0.040696055,0.2533266,0.001832622,"TWOGAUSSIANS_WITH_ELLIPSOIDAL_ON_ECLIPSE1",9,4.0476155,0.2533266,0.001832622,0.2820541,0.030868443,0.579141,0.029447963,0.7579137,0.009831676,0.27330896,0.043841984,0.57357126,0.041147042
375316653866487564,5879584519113931520,0.52473956,2107.9138659614086,2.4992496282290575,5.7090383E-6,19.379597,0.008795185,0.28741264,0.014848908,0.045197483,0.03011012,0.57075286,117779.45,0.7744617,0.006351546,0.039585397,0.004152151,0.512442,0.15118116,null,null,null,null,"TWOGAUSSIANS",8,2.6411014,0.28741264,0.014848908,0.2531059,0.16861668,0.5707528,117779.45,0.7744617,0.006351546,0.22167821,0.023252044,0.51244193,0.15118118
375316653866487564,5879585691650695040,0.5527803,2186.6552686259947,2.464530546963571,1.584268E-5,15.7603855,0.009513001,0.14771862,0.004465177,0.042046465,0.006755397,0.17154808,0.025455516,0.64412946,0.0027672302,0.0443738,0.00592978,0.70223886,0.18488671,0.029726489,0.012931568,0.14771862,0.004465177,"TWOGAUSSIANS_WITH_ELLIPSOIDAL_ON_ECLIPSE1",9,118.99796,0.64417946,0.0027229341,0.24849328,0.03320677,0.7616619,0.19316882,0.14771862,0.004465177,0.23546019,0.037830226,0.23100093,0.02047339
375316653866487564,5879586413204727424,0.5428113,2186.088626260669,2.124071126644637,1.3811598E-5,17.517689,0.021333849,0.14937277,0.0044706543,0.05272539,0.014261234,0.15183209,0.056095492,0.6581479,0.03287752,0.04975861,0.03790767,0.13461418,0.100500375,0.13982296,0.02629854,0.14937277,0.0044706543,"TWOGAUSSIANS_WITH_ELLIPSOIDAL_ON_ECLIPSE1",9,20.06156,0.14937277,0.0044706543,0.2952622,0.07986291,0.43147585,0.036922254,0.6581479,0.03287752,0.27864823,0.21228296,0.41340867,0.105031274
375316653866487564,5879589539940965760,0.5984218,2160.2172836533987,1.8547693351540806,6.7844417E-6,14.501154,0.007592074,0.2403437,0.0021354563,0.0877209,0.005375478,0.31765828,0.013514309,0.7423916,0.0020846985,0.093556665,0.0037272815,0.28163767,0.008044955,null,null,null,null,"TWOGAUSSIANS",8,59.16934,0.2403437,0.0021354563,0.4,0.0,0.30477676,0.015379901,0.7423916,0.0020846985,0.4,0.0,0.26875585,0.0061287074
375316653866487564,5879590291543350656,0.64058083,2217.8104008720115,0.6875864135156315,2.9113442E-6,17.187857,0.003119525,0.22757708,0.0019791692,0.02742594,0.0028148983,0.09620093,0.008848768,0.72591674,4.242077E-4,0.027410671,6.1206985E-4,0.7259871,0.016346434,0.021043895,0.0046740696,0.22757708,0.0019791692,"TWOGAUSSIANS_WITH_ELLIPSOIDAL_ON_ECLIPSE1",9,5.2900763,0.72592676,4.194794E-4,0.15349975,0.0034275914,0.7680703,0.015751326,0.22757708,0.0019791692,0.15358526,0.01576343,0.1382887,0.004236871
375316653866487564,5879590330214704384,0.56837595,2226.670656875267,0.4692435857063019,2.4426605E-5,15.9674835,0.0026484462,0.27466825,0.008464002,0.028098606,0.0040928377,0.46204197,0.071551844,0.7880458,0.014390088,0.014650674,0.009762496,0.013939223,0.0069521223,0.011480708,0.0034638657,0.7880458,0.014390088,"TWOGAUSSIANS_WITH_ELLIPSOIDAL_ON_ECLIPSE2",9,30.99812,0.27470824,0.00842312,0.1573522,0.022919891,0.48484206,0.06814409,0.7880458,0.014390088,0.082043774,0.05466998,0.03690064,0.004406162
375316653866487564,5879590428982483584,0.49365857,2228.5258366730295,0.17222095559067044,4.8757097E-6,18.831228,0.0029121558,0.26784965,6.0619623E-4,0.021468863,0.0010676503,0.43164518,0.024789467,0.7549473,0.002142231,0.01447415,0.0028470568,0.49762756,0.49598327,null,null,null,null,"TWOGAUSSIANS",8,3.2346027,0.7549473,0.002142231,0.08105524,0.01594352,0.49762756,0.49598327,0.26784965,6.0619623E-4,0.12022563,0.005978842,0.43164518,0.024789467
375316653866487564,5879590948690016768,0.574781,2216.064107663724,2.4237613883535625,4.6136142E-6,17.248705,0.0033717235,0.24723727,9.7551424E-4,0.061626393,0.0013491348,0.25882995,0.004474365,0.7423328,0.0016444145,0.069635496,0.0018223675,0.384701,0.011079412,null,null,null,null,"TWOGAUSSIANS",8,7.2167974,0.7423328,0.0016444145,0.38995877,0.010205259,0.3843107,0.011113304,0.24723727,9.7551424E-4,0.3451078,0.007555155,0.2584396,0.0044441116
375316653866487564,5879591086128996224,0.42266583,2210.697329896853,0.5629890584452883,8.346835E-5,17.626694,0.0067152595,0.23971301,0.025900882,0.041020695,0.025120104,0.17760825,0.10506728,0.6737397,0.052531987,0.027685193,0.02201155,0.15289386,2.44443827E13,0.008253215,0.009956101,0.23971301,0.025900882,"TWOGAUSSIANS_WITH_ELLIPSOIDAL_ON_ECLIPSE1",9,59.975864,0.23971301,0.025900882,0.2297159,0.14067258,0.19411464,0.112893395,0.67411965,0.05029703,0.15503708,0.123264685,0.16673733,2.44443827E13
375316653866487564,5879591150536990464,0.4712741,2212.370784995746,0.6426057350552231,2.475222E-5,18.403603,0.0022376326,0.3634889,0.0065135304,0.01651759,0.0026766101,0.083585106,0.020720536,0.8641854,0.0015770724,0.01933774,0.0019450971,0.17725378,0.012441593,null,null,null,null,"TWOGAUSSIANS",8,2.7244334,0.8641854,0.0015770724,0.10829134,0.010892544,0.17725378,0.012441593,0.3634889,0.0065135304,0.0924985,0.014989017,0.083585106,0.020720536
375316653866487564,5879591562853868032,0.5141474,2217.369390158678,0.9283444680036661,1.7716371E-5,18.474178,0.0025654908,0.21262854,0.003360289,0.03357523,0.005661564,0.058226224,0.0150057115,0.7138562,0.0063060857,0.04288458,0.0044427156,0.16296461,0.018205523,0.047994435,0.00534365,0.21262854,0.003360289,"TWOGAUSSIANS_WITH_ELLIPSOIDAL_ON_ECLIPSE1",9,2.3535266,0.7138562,0.006166922,0.24015366,0.024879206,0.25894767,0.017227983,0.21262854,0.003360289,0.18802129,0.031704757,0.154215,0.013711932
375316653866487564,5879592185640676352,0.48853445,2212.64871034532,0.14769588051943278,2.5857258E-5,17.24175,0.0011329156,0.20792258,0.0019223165,0.014234961,0.0024052411,0.23120637,0.19225307,0.72277987,0.04416566,0.019921103,0.022647949,0.022526767,17.462254,null,null,null,null,"TWOGAUSSIANS",8,3.9782271,0.20792258,0.0019223165,0.07971578,0.01346935,0.23120637,0.19225307,0.72277987,0.04416566,0.111558184,0.12682852,0.022526767,17.462254
375316653866487564,5879592387487604992,0.537531,2198.176863557894,1.4804705359698946,1.1433035E-5,18.891987,0.0068917694,0.231314,0.004477927,0.079905294,0.004606997,0.31004313,0.0109834485,0.7163492,0.0021745434,0.07375648,0.0027060148,0.42356968,0.010800237,null,null,null,null,"TWOGAUSSIANS",8,3.089355,0.7163492,0.0021745434,0.4,0.0,0.42095384,0.0106262965,0.231314,0.004477927,0.4,0.0,0.3074273,0.010730629
375316653866487564,5879592391804241408,0.59420204,2196.798983924275,0.5199015931689094,5.089622E-6,16.846867,0.0013946303,0.21880077,0.0022056052,0.027786585,0.0017555123,0.33804908,0.0063464795,0.71994215,0.0010804911,0.026989587,0.0013712331,0.13436654,0.0059668804,0.011684775,0.0022116476,0.21880077,0.0022056052,"TWOGAUSSIANS_WITH_ELLIPSOIDAL_ON_ECLIPSE1",9,3.8855546,0.21880077,0.0022056052,0.15560487,0.009830869,0.3614186,0.005586948,0.71994215,0.0010804911,0.15114169,0.0076789055,0.15773487,0.005701215
375316653866487564,5879593113332446720,0.5353649,2239.6059635717365,0.47707302484341335,1.7594926E-5,18.000946,0.0026131107,0.15888269,0.008828992,0.020538514,0.015239545,0.4316819,0.6614184,0.6602725,7.9825666E-4,0.021500833,7.417208E-4,0.45872694,0.015969222,null,null,null,null,"TWOGAUSSIANS",8,4.171949,0.6602725,7.9825666E-4,0.12040466,0.0041536363,0.45872694,0.015969222,0.15888269,0.008828992,0.115015686,0.08534145,0.4316819,0.6614184
375316653866487564,5879593658797743232,0.5215183,2221.3781891240315,0.44005911214187293,2.8818593E-5,17.172297,0.0013856239,0.4920671,0.012653973,0.031054234,0.031795893,0.02368153,0.19724548,0.71843773,8.912932E-4,0.021976095,0.0012714925,0.3938502,0.039787803,null,null,null,null,"TWOGAUSSIANS",8,3.1520326,0.71843773,8.912932E-4,0.123066135,0.007120358,0.3938502,0.039787788,0.4920671,0.012653973,0.17390372,0.178057,0.02368153,0.19724548
375316653866487564,5879594006706861568,0.57495314,2197.254572812666,0.6452944999579016,1.1351215E-5,16.9444,0.0030143785,0.2675066,0.0030880517,0.062262055,0.0068673096,0.16164833,0.00681804,0.77585924,0.0064669703,0.03699904,0.006323576,0.056758363,0.008573758,0.027327262,0.0038296846,0.2675066,0.0030880517,"TWOGAUSSIANS_WITH_ELLIPSOIDAL_ON_ECLIPSE1",9,5.0598774,0.2675066,0.0030880517,0.3486675,0.03845693,0.21625292,0.0048863688,0.77585924,0.0064669703,0.20719461,0.035412025,0.11121256,0.0068009715
375316653866487564,5879594041066593536,0.50213283,2210.516383747076,0.3291200954210577,1.0881107E-4,16.278288,9.962291E-4,0.15790561,0.0012679229,0.011841914,0.0014830423,0.12846085,0.0077090925,0.6696117,2.2848433E-5,0.0026886114,6.1563944E-5,0.06568294,8.622504E-4,null,null,null,null,"TWOGAUSSIANS",8,5.4082265,0.15790561,0.0012679229,0.06631471,0.008305037,0.12846085,0.0077090925,0.6696117,2.2848433E-5,0.015056225,3.447581E-4,0.06568294,8.622504E-4
375316653866487564,5879594247225060864,0.5566277,2204.218888963279,0.3183139338388493,6.401993E-6,15.91851,0.0015346555,0.24514143,0.0025650556,0.025472641,0.0026804581,0.17209575,0.012945977,0.7493173,0.0014637756,0.024439696,0.0022259068,0.22699219,0.010574171,0.00978123,0.002476569,0.24514143,0.0025650556,"TWOGAUSSIANS_WITH_ELLIPSOIDAL_ON_ECLIPSE1",9,13.077004,0.7493173,0.0014637756,0.1368623,0.012465078,0.24654117,0.011128426,0.24514143,0.0025650556,0.14264679,0.0150105655,0.1916582,0.013012547
