Gaia/vari_eclipsing_binary/VariEclipsingBinary_608264-608321.csv
# %ECSV 1.0
# ---
# delimiter: ','
# meta: !!omap
# - RELEASE: Gaia DR3
# - TABLE: vari_eclipsing_binary
# - DESCRIPTION: >
#     This table describes the properties of the eclipsing binaries resulting from the variability analysis. 
# - CITATION: >
#     How to cite and acknowledge Gaia: 
#     https://gea.esac.esa.int/archive/documentation/credits.html 
# - KNOWN_ISSUES: >
#     Known issues: 
#     https://www.cosmos.esa.int/web/gaia-users/known-issues 
# - DOCUMENTATION: >
#     Tutorials and documentation: 
#     https://www.cosmos.esa.int/web/gaia-users/archive 
# datatype:
# - 
#   name: solution_id
#   datatype: int64
#   description: Solution Identifier
#   meta:
#     ucd: meta.version
# - 
#   name: source_id
#   datatype: int64
#   description: Unique source identifier
#   meta:
#     ucd: meta.id;meta.main
# - 
#   name: global_ranking
#   datatype: float32
#   description: Number between 0 (worst) and 1 (best)
#   meta:
#     ucd: stat.param
# - 
#   name: reference_time
#   datatype: float64
#   unit: d
#   description: Reference time used for the geometric model fit
#   meta:
#     ucd: time.epoch
# - 
#   name: frequency
#   datatype: float64
#   unit: d**-1
#   description: Frequency of geometric model of the eclipsing binary light curve
#   meta:
#     ucd: src.orbital
# - 
#   name: frequency_error
#   datatype: float32
#   unit: d**-1
#   description: "Uncertainty of \\texttt{frequency}"
#   meta:
#     ucd: stat.error
# - 
#   name: geom_model_reference_level
#   datatype: float32
#   unit: mag
#   description: Magnitude reference level of geometric model
#   meta:
#     ucd: phot.mag;em.opt
# - 
#   name: geom_model_reference_level_error
#   datatype: float32
#   unit: mag
#   description: "Uncertainty of \\texttt{geomModelReferenceLevel}"
#   meta:
#     ucd: stat.error;phot.mag;em.opt
# - 
#   name: geom_model_gaussian1_phase
#   datatype: float32
#   description: Phase of the Gaussian 1 component
#   meta:
#     ucd: time.phase
# - 
#   name: geom_model_gaussian1_phase_error
#   datatype: float32
#   description: "Uncertainty of \\texttt{geomModelGaussian1Phase}"
#   meta:
#     ucd: stat.error;time.phase
# - 
#   name: geom_model_gaussian1_sigma
#   datatype: float32
#   description: "Standard deviation [phase] of Gaussian 1 component"
#   meta:
#     ucd: stat.stdev
# - 
#   name: geom_model_gaussian1_sigma_error
#   datatype: float32
#   description: "Uncertainty of \\texttt{geomModelGaussian1Sigma}"
#   meta:
#     ucd: stat.error
# - 
#   name: geom_model_gaussian1_depth
#   datatype: float32
#   unit: mag
#   description: Magnitude depth of Gaussian 1 component
#   meta:
#     ucd: src.var.amplitude
# - 
#   name: geom_model_gaussian1_depth_error
#   datatype: float32
#   unit: mag
#   description: "Uncertainty of \\texttt{geomModelGaussian1Depth}"
#   meta:
#     ucd: stat.error;src.var.amplitude
# - 
#   name: geom_model_gaussian2_phase
#   datatype: float32
#   description: Phase of Gaussian 2 component
#   meta:
#     ucd: time.phase
# - 
#   name: geom_model_gaussian2_phase_error
#   datatype: float32
#   description: "Uncertainty of \\texttt{geomModelGaussian2Phase}"
#   meta:
#     ucd: stat.error;time.phase
# - 
#   name: geom_model_gaussian2_sigma
#   datatype: float32
[...]
#   datatype: float32
#   description: "Secondary eclipse: uncertainty of \\texttt{derivedSecondaryEclDuration}"
#   meta:
#     ucd: stat.error;time.duration
# - 
#   name: derived_secondary_ecl_depth
#   datatype: float32
#   unit: mag
#   description: "Secondary eclipse: depth"
#   meta:
#     ucd: src.var.amplitude
# - 
#   name: derived_secondary_ecl_depth_error
#   datatype: float32
#   unit: mag
#   description: "Secondary eclipse: uncertainty of \\texttt{derivedSecondaryEclDepth}"
#   meta:
#     ucd: stat.error;src.var.amplitude
solution_id,source_id,global_ranking,reference_time,frequency,frequency_error,geom_model_reference_level,geom_model_reference_level_error,geom_model_gaussian1_phase,geom_model_gaussian1_phase_error,geom_model_gaussian1_sigma,geom_model_gaussian1_sigma_error,geom_model_gaussian1_depth,geom_model_gaussian1_depth_error,geom_model_gaussian2_phase,geom_model_gaussian2_phase_error,geom_model_gaussian2_sigma,geom_model_gaussian2_sigma_error,geom_model_gaussian2_depth,geom_model_gaussian2_depth_error,geom_model_cosine_half_period_amplitude,geom_model_cosine_half_period_amplitude_error,geom_model_cosine_half_period_phase,geom_model_cosine_half_period_phase_error,model_type,num_model_parameters,reduced_chi2,derived_primary_ecl_phase,derived_primary_ecl_phase_error,derived_primary_ecl_duration,derived_primary_ecl_duration_error,derived_primary_ecl_depth,derived_primary_ecl_depth_error,derived_secondary_ecl_phase,derived_secondary_ecl_phase_error,derived_secondary_ecl_duration,derived_secondary_ecl_duration_error,derived_secondary_ecl_depth,derived_secondary_ecl_depth_error
[from data line 257]
375316653866487564,5350464549925842688,0.53902143,2253.886850449457,0.20656109351255622,4.850709E-6,15.66633,0.0013985857,0.6336767,0.013754512,0.011439873,0.009629873,0.02475453,1.5713136,0.7961682,6.41906E-4,0.008987805,2.6018356E-4,0.19562376,0.008129734,null,null,null,null,"TWOGAUSSIANS",8,13.894807,0.7961682,6.41906E-4,0.050331708,0.0014570279,0.19562376,0.008129734,0.6336767,0.013754512,0.06406329,0.053927287,0.02475453,1.5713136
375316653866487564,5350465065321996416,0.47666928,2221.555792904863,0.8140239572500443,2.8565933E-5,15.976397,0.0017624861,0.21061729,0.011883656,0.038549528,0.017271554,0.054806605,0.021149278,0.77569324,0.008915968,0.015027712,0.009715262,0.21723302,0.18306008,null,null,null,null,"TWOGAUSSIANS",8,9.782222,0.77569324,0.008915968,0.08415519,0.054405466,0.21723302,0.18306008,0.21061729,0.011883656,0.21587735,0.0967207,0.054806605,0.021149278
375316653866487564,5350465065322000896,0.6123092,2232.1848116594833,0.5278767517972205,2.6978087E-5,17.673954,0.0064464263,0.30788192,1.622446E-6,0.0020434754,1.7852673E-5,5.8205385,0.104331434,0.76443624,0.009708612,0.014424126,0.0069890968,0.04902209,0.019501355,0.014275035,0.009011134,0.76443624,0.009708612,"TWOGAUSSIANS_WITH_ELLIPSOIDAL_ON_ECLIPSE2",9,14.285226,0.30788192,1.622446E-6,0.011443462,9.997497E-5,5.8470135,0.11964197,0.76443624,0.009708612,0.080775104,0.03913894,0.07757215,0.005758461
375316653866487564,5350465958674869504,0.43205646,2262.2273259449385,0.03446285961215929,2.2833397E-5,15.57994,0.0018481478,0.1271206,0.0069747153,0.05673848,0.0047094133,0.16276747,0.024658361,0.791216,0.020481365,0.033493385,0.012899016,0.099512726,0.036318567,null,null,null,null,"TWOGAUSSIANS",8,18.74201,0.1271206,0.0069747153,0.3177355,0.026372714,0.16276747,0.024658361,0.791216,0.020481365,0.18756294,0.07223449,0.099512726,0.03631857
375316653866487564,5350466783308583296,0.5638743,2235.3167450407536,3.895879894877962,1.2551981E-5,14.657115,0.0012475655,0.3146075,0.0029277222,0.07270398,0.0029452613,0.054325122,0.002404078,0.818518,0.004661962,0.07884081,0.0045154886,0.050737597,0.002255351,null,null,null,null,"TWOGAUSSIANS",8,5.2833095,0.3146075,0.0029277222,0.4,4.187753E-4,0.05390899,0.0023711873,0.818518,0.004661962,0.4,0.0,0.050321463,0.0022091016
375316653866487564,5350468020259346560,0.56652796,2257.024358109211,0.2527213007870582,9.183469E-6,13.755585,0.22814873,0.24107824,0.0027666357,0.19240533,0.031207623,0.33301085,0.19940752,0.74196,0.0023856645,0.1878114,0.0327648,0.33211923,0.1915248,null,null,null,null,"TWOGAUSSIANS",8,14.002934,0.74249,0.002362238,0.4,0.0,0.075336225,0.004500627,0.24056825,0.003136161,0.4,0.0,0.072673075,0.0022906053
375316653866487564,5350468707454275072,0.62896746,2206.19665886198,1.0883278453134047,2.8484353E-6,18.426542,0.0030898575,0.27812997,7.672626E-4,0.029943738,8.9317287E-4,0.62693524,0.018441105,0.7780839,0.0023396045,0.029723192,0.0018298154,0.58310264,0.01925482,0.02052167,0.0061313636,0.27812997,7.672626E-4,"TWOGAUSSIANS_WITH_ELLIPSOIDAL_ON_ECLIPSE1",9,2.1989934,0.27812997,7.672626E-4,0.16768494,0.005001768,0.6679786,0.019778818,0.7780839,0.0023310622,0.16644987,0.010246967,0.624146,0.01773118
375316653866487564,5350468741814054528,0.44277948,2213.852840662968,0.5812313188554891,1.2871815E-5,13.845383,0.00368567,0.31833568,0.031496007,0.070775874,0.04268488,0.027993191,0.010680486,0.8430121,0.0017360476,0.024258604,0.0032999474,0.05323407,0.01321115,0.0063872156,0.0050822566,0.8430121,0.0017360476,"TWOGAUSSIANS_WITH_ELLIPSOIDAL_ON_ECLIPSE2",9,69.46111,0.8430121,0.0017360476,0.13584818,0.018479705,0.065993786,0.006719849,0.3220757,0.028362378,0.39634487,0.20082077,0.04049407,0.0073402673
375316653866487564,5350469459049747968,0.58270025,2235.546372723211,0.4832518488542066,2.1801741E-5,16.323626,8.085909E-4,0.150866,0.0038577535,0.01685679,0.0032472108,0.22028948,0.052091446,0.6520786,0.008822349,0.017082537,0.007814615,0.07340429,0.07081624,null,null,null,null,"TWOGAUSSIANS",8,2.4127657,0.150866,0.0038577535,0.094398014,0.01818438,0.22028948,0.052091446,0.6520786,0.008822349,0.09566221,0.043761846,0.07340429,0.07081624
375316653866487564,5350470111884590464,0.66761047,2222.7357755599605,0.9740523813336196,4.3977648E-6,17.931675,0.0025913473,0.30298522,0.0013192685,0.034205828,0.0016170667,0.58280516,0.022590589,0.80565226,0.0023774267,0.03227043,0.0022332615,0.68478894,0.030465445,0.042487975,0.004449955,0.30298522,0.0013192685,"TWOGAUSSIANS_WITH_ELLIPSOIDAL_ON_ECLIPSE1",9,2.2766998,0.80565226,0.0023774267,0.18071441,0.012506265,0.76974106,0.030595616,0.30298522,0.0013192685,0.19155264,0.0090555735,0.6677811,0.022398194
375316653866487564,5350470528520527744,0.4636596,2247.078158950787,0.9022057286949918,1.9047633E-5,17.866734,0.008055492,0.32732788,0.0057763937,0.05770921,0.007970304,0.14469591,0.013106039,0.7888265,0.029043958,0.12325657,0.058677666,0.042170614,0.009403085,null,null,null,null,"TWOGAUSSIANS",8,5.88859,0.32734787,0.0057860427,0.3231716,0.044633705,0.14340916,0.012581612,0.7888265,0.029043958,0.4,0.0,0.04084274,0.010275528
375316653866487564,5350470872098068352,0.4792053,2238.64448947513,1.8950762948186246,2.1566118E-5,18.933046,0.01753391,0.21680057,0.0063427417,0.1011694,0.008695669,0.2922262,0.01935713,0.71625173,0.0071781096,0.08120545,0.013234865,0.2967715,0.028632732,null,null,null,null,"TWOGAUSSIANS",8,4.784568,0.71625173,0.0071781096,0.4,0.0,0.28325534,0.035164308,0.21680057,0.0063427417,0.4,0.0,0.27870715,0.013756027
375316653866487564,5350471696734873216,0.50835705,2259.978023801293,3.245085441059133,2.1937625E-5,19.857666,0.00911633,0.18915491,0.011022378,0.07282046,0.010780599,0.31387538,0.02569815,0.69937634,0.0033623346,0.0714065,0.0051096347,0.364234,0.016414925,null,null,null,null,"TWOGAUSSIANS",8,1.453606,0.69937634,0.0033623346,0.3998764,0.0161369,0.3629393,0.016444638,0.18915491,0.011022378,0.4,0.016646573,0.31258067,0.025857922
375316653866487564,5350471731110569472,0.4773582,2218.351129497691,4.106137728912625,3.5360947E-6,17.965475,0.002721915,0.56685805,2.7601618E-6,0.00902336,8.8956134E-5,0.31796086,0.0013326004,0.90971076,7.2404036E-6,0.007482251,2.6025044E-4,0.08105643,0.002043967,null,null,null,null,"TWOGAUSSIANS",8,7.579148,0.56685805,2.7601618E-6,0.050530817,4.981544E-4,0.31796086,0.0013326004,0.90971076,7.2404036E-6,0.04190061,0.0014574025,0.08105643,0.002043967
375316653866487564,5350472654507480704,0.5699342,2232.8770705141433,0.9551363341079772,2.8549044E-5,18.083996,0.0055996766,0.14896937,0.009163233,0.030544154,0.0068690972,0.0742385,0.010676831,0.65774846,0.02317114,0.04073144,0.014071686,0.45930213,0.023065526,null,null,null,null,"TWOGAUSSIANS",8,4.9287806,0.65774846,0.02317114,0.22809607,0.078801446,0.45930213,0.023065522,0.14896937,0.009163233,0.17104727,0.038466945,0.0742385,0.01067683
375316653866487564,5350472860663769472,0.56157625,2236.110788421632,0.09094009052745686,9.772537E-6,12.642511,7.418365E-4,0.2848483,0.0042115925,0.0736811,0.0031784056,0.047316696,0.001805914,0.7920018,0.0038473438,0.06521209,0.0027789976,0.04477639,9.332476E-4,null,null,null,null,"TWOGAUSSIANS",8,12.595732,0.2848483,0.0042115925,0.4,0.0,0.04719951,0.0017964843,0.7920018,0.0038473438,0.36518773,0.015562387,0.044659205,8.8933104E-4
375316653866487564,5350473238623005312,0.44438672,2237.045003204506,1.0374426713692313,3.5219444E-5,19.117863,0.13366106,0.29075438,0.01662321,0.14200431,0.057661407,0.22179154,0.12234951,0.7598551,0.01306162,0.1343569,0.04279135,0.19989827,0.12496149,null,null,null,null,"TWOGAUSSIANS",8,2.97834,0.2916244,0.015152601,0.4,0.0,0.15572764,0.07782298,0.7598551,0.01306162,0.4,0.0,0.13444987,0.021677487
375316653866487564,5350476610174762752,0.5159422,2221.0548574688933,2.2471637791497545,1.105492E-5,19.617964,0.0158609,0.24069688,0.005845125,0.09398479,0.009092116,0.3154479,0.018111499,0.7379148,0.00277623,0.08676006,0.0073473044,0.31494576,0.01564748,null,null,null,null,"TWOGAUSSIANS",8,1.887603,0.24069688,0.005845125,0.4,0.0,0.3022969,0.014968214,0.7379148,0.00277623,0.4,0.0,0.30179515,0.015709408
375316653866487564,5350476983834923136,0.51542675,2247.14818418174,0.6531481465206592,7.956324E-5,19.825142,0.011248683,0.36830863,0.016791193,0.109069735,0.028715333,0.086628065,0.028644959,0.8286142,0.023267101,0.0130881965,0.011414398,1.2058864,1458.665,null,null,null,null,"TWOGAUSSIANS",8,2.1733391,0.8286142,0.023267101,0.0732939,0.06392063,1.205889,1458.665,0.36830863,0.016791193,0.4,0.0,0.08661854,0.028661879
375316653866487564,5350477744064949504,0.5018347,2236.7814935328215,0.9631894731508208,4.7183035E-5,14.46206,0.01140891,0.30956814,0.012871229,0.057684977,0.0098312,0.36093426,0.061195925,0.6974148,0.026230805,0.10621387,0.058661964,0.03738139,0.008384131,null,null,null,null,"TWOGAUSSIANS",8,206.38203,0.30958813,0.012861517,0.32303587,0.05505472,0.3608431,0.061242882,0.6974148,0.026230805,0.4,0.07542488,0.03724267,0.008495805
375316653866487564,5350478048986789376,0.48667789,2214.147086485583,2.777839656854258,2.0470225E-5,19.299091,0.48665017,0.21665402,0.005353333,0.13843468,0.074181214,0.399163,0.46670103,0.7174362,0.004977163,0.13155138,0.05579753,0.40282056,0.45190412,null,null,null,null,"TWOGAUSSIANS",8,2.850546,0.71746624,0.005074206,0.4,0.0,0.2605093,0.014903158,0.216634,0.005427026,0.4,0.0,0.25626603,0.01919199
375316653866487564,5350478495659085312,0.5346154,2252.89696780233,2.9002457724466026,1.0091171E-6,17.157774,0.004119865,0.6465406,2.2926615E-6,0.0070862346,4.52301E-5,0.63543665,0.0038431322,null,null,null,null,null,null,null,null,null,null,"ONEGAUSSIAN",5,44.076145,0.6465406,2.2926615E-6,0.039682914,2.5328857E-4,0.63543665,0.0,null,null,null,null,null,null
375316653866487564,5350478701821915008,0.5766729,2230.5995688174535,2.6395910141249344,8.42734E-6,18.968147,0.0072032586,0.2873801,0.003308779,0.041399144,0.013803738,0.4557139,6.402311,0.7816615,0.0029783687,0.037826985,0.004769257,0.4150623,0.019405453,0.128487,0.011222486,0.2873801,0.003308779,"TWOGAUSSIANS_WITH_ELLIPSOIDAL_ON_ECLIPSE1",9,2.6738317,0.2873801,0.003308779,0.2318352,0.077300936,0.7126877,6.4061418,0.7820315,0.0026351188,0.21183111,0.026707837,0.6717261,0.020702517
375316653866487564,5350478873618012672,0.62729585,2214.435140213853,0.5794252970110425,1.2362973E-5,16.363974,0.0012065074,0.30247658,0.0020167602,0.0307478,0.0013917948,0.28538108,0.0072802943,0.021025553,0.004816455,0.034802653,0.0061605605,0.0081674885,0.0013155496,null,null,null,null,"TWOGAUSSIANS",8,3.2690217,0.30247658,0.0020167602,0.17218767,0.007794051,0.28538108,0.0072802943,0.021025553,0.004816455,0.19489487,0.03449914,0.0081674885,0.0013155496
375316653866487564,5350479462052191872,0.58273375,2210.666048161675,3.7847170380072463,1.2699323E-5,17.238724,0.006595873,0.28395304,0.0026382105,0.042799037,0.0042043664,0.32255185,0.024493659,0.79328066,0.0056865592,0.036917023,0.005477895,0.14544246,0.015523095,0.11053506,0.0095924875,0.28395304,0.0026382105,"TWOGAUSSIANS_WITH_ELLIPSOIDAL_ON_ECLIPSE1",9,13.179754,0.28395304,0.0026382105,0.23967461,0.023544451,0.5436219,0.020310193,0.79328066,0.0056865592,0.20673533,0.030676212,0.36575404,0.012562663
375316653866487564,5350480419806481536,0.6382899,2200.331074153219,2.9881859834216793,5.2838514E-6,18.752226,0.0108009,0.2831177,0.0017613702,0.05051886,0.0037737857,0.5481887,0.0649515,0.78053534,0.0037647525,0.046433795,0.0036391106,0.47600314,0.030256053,0.11399097,0.019677307,0.2831177,0.0017613702,"TWOGAUSSIANS_WITH_ELLIPSOIDAL_ON_ECLIPSE1",9,2.5481114,0.2831177,0.0017613702,0.2829056,0.0211332,0.7761678,0.068863414,0.78072536,0.0034395831,0.26002926,0.02037902,0.70392674,0.014313475
375316653866487564,5350480763403690240,0.5222427,2222.2014199323125,0.3177978471924584,3.2453285E-5,17.481016,0.0014714674,0.4314003,0.011658794,0.033060744,0.009640107,0.034412105,0.0058603436,0.6920501,4.9672404E-4,0.008692376,0.0013450307,0.27557057,0.0881735,null,null,null,null,"TWOGAUSSIANS",8,2.8613532,0.6920501,4.9672404E-4,0.048677307,0.007532172,0.27557057,0.0881735,0.4314003,0.011658794,0.18514016,0.053984597,0.034412105,0.0058603436
375316653866487564,5350481454917193344,0.62443066,2208.002409265644,0.13104511804212682,2.3567376E-5,15.323687,9.785534E-4,0.13259612,0.14047268,0.10433924,0.10760211,0.0027901756,0.06838006,0.82570624,1.9257485E-4,0.025568422,6.482134E-4,0.1690279,7.238504E-4,null,null,null,null,"TWOGAUSSIANS",8,2.4700875,0.82570624,1.8084253E-4,0.14318316,0.0036299948,0.16906475,8.7259174E-4,0.13259612,0.14047268,0.4,0.2400963,0.002790118,0.06838021
375316653866487564,5350481695418066304,0.5017779,2200.598417032503,2.795586641387779,2.6120822E-5,19.642538,0.014647389,0.26777977,0.009372019,0.080293395,0.013923493,0.1791953,0.016955778,0.75752467,0.007257284,0.0969032,0.009717959,0.23686726,0.018238878,null,null,null,null,"TWOGAUSSIANS",8,1.1034108,0.75752467,0.007257284,0.4,0.0,0.2302899,0.015906187,0.26777977,0.009372019,0.4,0.0,0.17261885,0.015207872
375316653866487564,5350482824991216256,0.5786461,2206.111761280749,1.5382670381760115,5.704957E-6,16.238447,0.0070935446,0.19178893,0.0040661017,0.040062368,0.00669146,0.09085417,0.022308007,0.6775848,0.0010894734,0.05099032,0.0020323405,0.3011627,0.01592261,0.05653076,0.009680074,0.19178893,0.0040661017,"TWOGAUSSIANS_WITH_ELLIPSOIDAL_ON_ECLIPSE1",9,15.943363,0.6785948,8.553333E-4,0.2855458,0.011381106,0.41338933,0.0068609933,0.19178893,0.0040661017,0.22434925,0.037472177,0.20391513,0.01668637
375316653866487564,5350483447765657472,0.50591964,2223.143564229363,3.7108449362191616,6.651988E-5,19.760311,0.0047710626,0.32192338,0.009960915,0.019245427,0.0065141944,0.054497197,0.06970667,0.5082548,0.046095893,0.03727949,0.028096382,0.42602247,3.520815,null,null,null,null,"TWOGAUSSIANS",8,1.1316833,0.5082548,0.046095893,0.20876515,0.15733974,0.42602247,3.520815,0.32192338,0.009960915,0.10777439,0.03647949,0.0544988,0.069706745
375316653866487564,5350484753434123392,0.49299246,2250.4799392391033,3.1501126520158915,2.0413343E-5,19.035238,0.0426762,0.2728399,0.0071739084,0.097499415,0.017779524,0.2536305,0.04850713,0.7591256,0.008395193,0.08833012,0.029904487,0.23078552,0.020045985,null,null,null,null,"TWOGAUSSIANS",8,3.2705271,0.2728399,0.0071737524,0.4,0.0,0.24301904,0.03632552,0.7591256,0.008395193,0.4,0.0,0.22017525,0.032441076
375316653866487564,5350485200128510720,0.5939932,2249.440571084714,2.8730284562850277,5.7956295E-6,16.898283,0.016138213,0.23203123,0.002665512,0.047910772,0.0061639324,0.28174958,0.03370532,0.72056985,0.0016997913,0.055311363,0.0039046982,0.35988924,0.03437445,0.07572057,0.020924622,0.23203123,0.002665512,"TWOGAUSSIANS_WITH_ELLIPSOIDAL_ON_ECLIPSE1",9,15.002487,0.72161984,0.0013690859,0.30974364,0.021866309,0.51061296,0.014373234,0.23203123,0.002665512,0.26830032,0.034518022,0.43318528,0.013442605
375316653866487564,5350486127841646848,0.5269836,2238.581492344756,1.218070053218713,1.7377086E-5,15.0408945,0.0010093556,0.2604206,0.001789918,0.026700102,0.001715485,0.13397096,0.010457876,null,null,null,null,null,null,0.0076071173,0.0013168796,0.2604206,0.001789918,"ONEGAUSSIAN_WITH_ELLIPSOIDAL",6,15.132885,0.2604206,0.001789918,0.14952056,0.009606716,0.14918518,0.010438772,null,null,null,null,null,null
375316653866487564,5350487261695787648,0.44255665,2204.294949061865,0.22253596768482217,7.611997E-5,19.068363,0.008534312,0.21467802,0.050230615,0.08775607,0.027961006,0.049014468,0.013039098,0.51476055,0.02659818,0.045978528,0.02251449,0.2925409,0.08118997,null,null,null,null,"TWOGAUSSIANS",8,4.6650977,0.51476055,0.02659818,0.25747976,0.12608115,0.29268238,0.08176195,0.21467802,0.0501736,0.4,0.0,0.049014278,0.013040892
