Gaia/vari_eclipsing_binary/VariEclipsingBinary_460409-460419.csv
# %ECSV 1.0
# ---
# delimiter: ','
# meta: !!omap
# - RELEASE: Gaia DR3
# - TABLE: vari_eclipsing_binary
# - DESCRIPTION: >
#     This table describes the properties of the eclipsing binaries resulting from the variability analysis. 
# - CITATION: >
#     How to cite and acknowledge Gaia: 
#     https://gea.esac.esa.int/archive/documentation/credits.html 
# - KNOWN_ISSUES: >
#     Known issues: 
#     https://www.cosmos.esa.int/web/gaia-users/known-issues 
# - DOCUMENTATION: >
#     Tutorials and documentation: 
#     https://www.cosmos.esa.int/web/gaia-users/archive 
# datatype:
# - 
#   name: solution_id
#   datatype: int64
#   description: Solution Identifier
#   meta:
#     ucd: meta.version
# - 
#   name: source_id
#   datatype: int64
#   description: Unique source identifier
#   meta:
#     ucd: meta.id;meta.main
# - 
#   name: global_ranking
#   datatype: float32
#   description: Number between 0 (worst) and 1 (best)
#   meta:
#     ucd: stat.param
# - 
#   name: reference_time
#   datatype: float64
#   unit: d
#   description: Reference time used for the geometric model fit
#   meta:
#     ucd: time.epoch
# - 
#   name: frequency
#   datatype: float64
#   unit: d**-1
#   description: Frequency of geometric model of the eclipsing binary light curve
#   meta:
#     ucd: src.orbital
# - 
#   name: frequency_error
#   datatype: float32
#   unit: d**-1
#   description: "Uncertainty of \\texttt{frequency}"
#   meta:
#     ucd: stat.error
# - 
#   name: geom_model_reference_level
#   datatype: float32
#   unit: mag
#   description: Magnitude reference level of geometric model
#   meta:
#     ucd: phot.mag;em.opt
# - 
#   name: geom_model_reference_level_error
#   datatype: float32
#   unit: mag
#   description: "Uncertainty of \\texttt{geomModelReferenceLevel}"
#   meta:
#     ucd: stat.error;phot.mag;em.opt
# - 
#   name: geom_model_gaussian1_phase
#   datatype: float32
#   description: Phase of the Gaussian 1 component
#   meta:
#     ucd: time.phase
# - 
#   name: geom_model_gaussian1_phase_error
#   datatype: float32
#   description: "Uncertainty of \\texttt{geomModelGaussian1Phase}"
#   meta:
#     ucd: stat.error;time.phase
# - 
#   name: geom_model_gaussian1_sigma
#   datatype: float32
#   description: "Standard deviation [phase] of Gaussian 1 component"
#   meta:
#     ucd: stat.stdev
# - 
#   name: geom_model_gaussian1_sigma_error
#   datatype: float32
#   description: "Uncertainty of \\texttt{geomModelGaussian1Sigma}"
#   meta:
#     ucd: stat.error
# - 
#   name: geom_model_gaussian1_depth
#   datatype: float32
#   unit: mag
#   description: Magnitude depth of Gaussian 1 component
#   meta:
#     ucd: src.var.amplitude
# - 
#   name: geom_model_gaussian1_depth_error
#   datatype: float32
#   unit: mag
#   description: "Uncertainty of \\texttt{geomModelGaussian1Depth}"
#   meta:
#     ucd: stat.error;src.var.amplitude
# - 
#   name: geom_model_gaussian2_phase
#   datatype: float32
#   description: Phase of Gaussian 2 component
#   meta:
#     ucd: time.phase
# - 
#   name: geom_model_gaussian2_phase_error
#   datatype: float32
#   description: "Uncertainty of \\texttt{geomModelGaussian2Phase}"
#   meta:
#     ucd: stat.error;time.phase
# - 
#   name: geom_model_gaussian2_sigma
#   datatype: float32
[...]
#   datatype: float32
#   description: "Secondary eclipse: uncertainty of \\texttt{derivedSecondaryEclDuration}"
#   meta:
#     ucd: stat.error;time.duration
# - 
#   name: derived_secondary_ecl_depth
#   datatype: float32
#   unit: mag
#   description: "Secondary eclipse: depth"
#   meta:
#     ucd: src.var.amplitude
# - 
#   name: derived_secondary_ecl_depth_error
#   datatype: float32
#   unit: mag
#   description: "Secondary eclipse: uncertainty of \\texttt{derivedSecondaryEclDepth}"
#   meta:
#     ucd: stat.error;src.var.amplitude
solution_id,source_id,global_ranking,reference_time,frequency,frequency_error,geom_model_reference_level,geom_model_reference_level_error,geom_model_gaussian1_phase,geom_model_gaussian1_phase_error,geom_model_gaussian1_sigma,geom_model_gaussian1_sigma_error,geom_model_gaussian1_depth,geom_model_gaussian1_depth_error,geom_model_gaussian2_phase,geom_model_gaussian2_phase_error,geom_model_gaussian2_sigma,geom_model_gaussian2_sigma_error,geom_model_gaussian2_depth,geom_model_gaussian2_depth_error,geom_model_cosine_half_period_amplitude,geom_model_cosine_half_period_amplitude_error,geom_model_cosine_half_period_phase,geom_model_cosine_half_period_phase_error,model_type,num_model_parameters,reduced_chi2,derived_primary_ecl_phase,derived_primary_ecl_phase_error,derived_primary_ecl_duration,derived_primary_ecl_duration_error,derived_primary_ecl_depth,derived_primary_ecl_depth_error,derived_secondary_ecl_phase,derived_secondary_ecl_phase_error,derived_secondary_ecl_duration,derived_secondary_ecl_duration_error,derived_secondary_ecl_depth,derived_secondary_ecl_depth_error
[from data line 1019]
375316653866487564,4049881107634013696,0.4947281,2261.2063385290962,2.0349068771544845,2.1670945E-5,18.670053,0.009607772,0.23292276,0.011236105,0.081558764,0.011821265,0.15885153,0.016191585,0.74817204,0.0051904423,0.08878716,0.0098032765,0.16263251,0.012921748,null,null,null,null,"TWOGAUSSIANS",8,2.4933274,0.74817204,0.0051904423,0.4,0.0,0.15931919,0.01275959,0.23292276,0.011236105,0.4,0.0,0.15553828,0.014283929
375316653866487564,4049881176308432384,0.46999028,2262.893685440191,0.2474286090906396,5.135071E-5,19.738348,0.014613664,0.62002933,0.015128416,0.08146934,0.022255447,0.25071073,0.037938815,0.32951304,0.023802865,0.06790805,0.017109366,0.19864003,0.1107566,null,null,null,null,"TWOGAUSSIANS",8,2.6068118,0.61998934,0.015241345,0.4,0.049260117,0.25072616,0.03809479,0.32996303,0.023492444,0.38028505,0.057455428,0.19907306,0.11149284
375316653866487564,4049881275309867136,0.4846253,2261.2638184504985,0.3548327846236166,2.5392135E-4,19.848616,0.013957523,0.34019077,5.033693E-4,0.029386388,0.0010528732,0.4478956,0.017029425,0.89411855,0.011678732,0.03703727,0.0059873937,0.41015017,0.12954724,null,null,null,null,"TWOGAUSSIANS",8,2.7516155,0.34019077,5.033693E-4,0.16456378,0.00589609,0.4478956,0.017029425,0.89411855,0.011678732,0.20740871,0.033529405,0.41015017,0.12954724
375316653866487564,4049881275332770560,0.47415584,2269.6786757230693,0.08956623329077365,2.149768E-5,18.563334,0.008073543,0.47204778,0.009069976,0.06431928,0.010384569,0.3099873,0.11311883,0.9434168,0.007727247,0.043324836,0.012719549,0.08630448,0.01676024,null,null,null,null,"TWOGAUSSIANS",8,2.0923088,0.47204778,0.009069976,0.36018798,0.056643035,0.30998522,0.11312324,0.9434168,0.007727247,0.24261908,0.07122947,0.08630238,0.016764648
375316653866487564,4049881279387425408,0.46166724,2306.972457730558,0.021180954549282073,1.8924473E-4,18.31348,0.052021157,0.12181882,0.0018550181,0.010298238,8.270138E-4,0.167531,0.01271517,0.8113679,0.014873806,0.04888272,0.05268852,3.2378051,7.2407177E12,0.053626847,0.06478911,0.8113679,0.014873806,"TWOGAUSSIANS_WITH_ELLIPSOIDAL_ON_ECLIPSE2",9,29.819237,0.8113679,0.014873806,0.2737432,0.29505572,3.3450518,7.2407177E12,0.122118816,0.001636105,0.05767013,0.0046312776,0.18233554,0.01072727
375316653866487564,4049881279432637312,0.65958625,2245.5048700694138,0.6147722015709602,1.992074E-5,15.176712,9.09886E-4,0.20701842,5.380929E-5,0.006146169,9.8470926E-5,0.29713717,4.890585E-5,0.59551746,0.021998415,0.032959644,0.014258964,0.35327923,0.056746937,null,null,null,null,"TWOGAUSSIANS",8,10.0501995,0.59551746,0.021998415,0.184574,0.0798502,0.35327923,0.056746937,0.20701842,5.380929E-5,0.034418546,5.514372E-4,0.29713717,4.890585E-5
375316653866487564,4049881378406841728,0.5281663,2311.976087344999,1.3609412313615092,5.0606024E-5,16.627546,0.8548294,0.12379686,0.02024972,0.20722595,0.12120797,0.7903738,0.8516495,0.5744749,0.021516724,0.12997222,0.026233865,1.1501671,0.56649196,null,null,null,null,"TWOGAUSSIANS",8,2.430334,0.5744749,0.021516724,0.4,0.0,0.79462594,0.101952575,0.12809686,0.0154355,0.4,0.0,0.34015724,0.105442666
375316653866487564,4049881382511762560,0.5600388,2307.021176995258,0.12838407120272646,1.4649202E-5,19.604305,0.058111966,0.33424795,0.0101767555,0.10253854,0.023072887,0.47466862,0.039814048,0.82933694,0.0062552923,0.079423524,0.010456838,0.8493253,0.18152192,null,null,null,null,"TWOGAUSSIANS",8,0.9997539,0.82933694,0.0062552923,0.4,0.0,0.82381916,0.1844676,0.33424795,0.0101767555,0.4,0.0,0.44915578,0.03616419
375316653866487564,4049881416873172480,0.43903273,2413.811037341196,2.029980416770657,9.789181E-5,19.348104,0.2671003,0.26284295,0.036213268,0.1288859,0.10774547,0.30793127,0.26595914,0.7768872,0.0051990827,0.07011088,0.03475745,1.3379169,14.632553,null,null,null,null,"TWOGAUSSIANS",8,5.4730673,0.7768972,0.0045331987,0.39262092,0.16629232,1.3057494,14.676367,0.26284295,0.036213268,0.4,0.075926065,0.27540347,0.15191948
375316653866487564,4049881447126290432,0.47871572,2211.45574011565,1.0914990315394624,2.6642869E-5,19.51831,0.059630297,0.319044,0.06453876,0.08048112,0.121598154,0.18455602,0.05213531,0.7977175,0.009849644,0.058334135,0.018491214,0.31725314,0.22371906,null,null,null,null,"TWOGAUSSIANS",8,2.6180408,0.7977175,0.009849644,0.32667115,0.1035508,0.31685972,0.2263469,0.319044,0.06453876,0.4,0.043399837,0.18416262,0.07536829
375316653866487564,4049881653284728192,0.5177161,2319.180734518421,0.056112997917213296,9.1364986E-5,19.833652,0.014736287,0.5059066,0.042114988,0.1430567,0.05624439,0.14997447,0.024010433,0.69838375,0.002173759,0.019277783,0.0075212223,0.4268253,0.28524756,null,null,null,null,"TWOGAUSSIANS",8,0.7803903,0.69838375,0.002173759,0.10795558,0.042118844,0.48682085,0.32404706,0.5059066,0.042114988,0.4,0.0,0.14930703,0.02387162
375316653866487564,4049881726109430528,0.6103005,2297.3559994732923,1.6153852977948142,8.040058E-6,15.404803,0.005398176,0.28568903,0.0051613757,0.044505205,0.0051753186,0.10360906,0.010469982,0.79169106,0.008116919,0.064605966,0.014005289,0.062189758,0.018331856,0.059974577,0.006624295,0.28568903,0.0051613757,"TWOGAUSSIANS_WITH_ELLIPSOIDAL_ON_ECLIPSE1",9,14.9703865,0.28568903,0.0051613757,0.24922915,0.028981784,0.2235341,0.009382091,0.79169106,0.008116919,0.3617934,0.078429624,0.18194428,0.015799265
375316653866487564,4049882099961297536,0.4779745,2270.4573565640226,4.068326684347087,2.8236289E-5,19.459003,0.093207456,0.3720882,0.039401308,0.15396409,0.06269386,0.26437142,0.09335448,0.7290131,0.0022257287,0.024988918,0.012813945,0.34557626,0.042338785,null,null,null,null,"TWOGAUSSIANS",8,4.7038264,0.7290131,0.0022257287,0.13993794,0.07175809,0.36090598,0.065039836,0.3720882,0.039401308,0.4,0.0,0.2616603,0.06756191
375316653866487564,4049882134320854528,0.5898509,2293.3693568738177,1.0986838638113372,9.63153E-6,17.997358,0.01238732,0.2355274,0.004287385,0.09019895,0.010930474,0.29028824,0.083361685,0.7380176,0.0043809186,0.08979521,0.010973327,0.24771923,0.015884705,null,null,null,null,"TWOGAUSSIANS",8,1.7683231,0.2355274,0.004287385,0.4,0.0,0.2793998,0.0874948,0.7380176,0.0043809186,0.4,0.0,0.23683086,0.021078791
375316653866487564,4049882237397789952,0.5141573,2259.8983158365127,1.3931061507716451,3.3651402E-5,18.512081,0.018786218,0.21063852,0.023088975,0.0689788,0.020175688,0.26463407,0.043813832,0.7230263,0.005056607,0.068412416,0.010331569,0.24808247,0.024474336,null,null,null,null,"TWOGAUSSIANS",8,5.330446,0.21063852,0.023088975,0.38628128,0.034177244,0.26414484,0.042924695,0.7230263,0.005056607,0.38310954,0.038535714,0.24759325,0.023312125
375316653866487564,4049882409196097536,0.4931317,2398.5492117667386,3.852329275598966,4.8274884E-5,18.719776,0.023493927,0.26841697,0.0158934,0.026983613,0.0207786,0.13928096,3.058922,0.6420023,0.019266892,0.0990322,0.022877473,0.337308,0.034802925,null,null,null,null,"TWOGAUSSIANS",8,2.3245595,0.6420023,0.019266892,0.4,0.0,0.33730537,0.03477886,0.26846698,0.015837489,0.15110824,0.11636016,0.13955273,3.058856
375316653866487564,4049882443339821440,0.53226393,2308.5934733536433,1.8372041831313815,2.9997309E-5,19.047983,0.04760819,0.23641004,0.0058777696,0.096964166,0.015832702,0.43683422,0.04268273,0.75026745,0.007527007,0.09252051,0.018946664,0.40073577,0.039405562,null,null,null,null,"TWOGAUSSIANS",8,2.5474732,0.23641004,0.0058772806,0.4,0.0,0.4156515,0.017428776,0.75026745,0.007524926,0.4,0.0,0.37955442,0.039348476
375316653866487564,4049882477915109888,0.48489103,2338.4797162900813,0.057062849760490815,1.5218391E-4,19.416826,0.024411933,0.2555446,0.01569813,0.0723776,0.019984083,0.2899516,0.10107248,0.68715113,0.018061634,0.10341318,0.031491335,0.16092762,0.036866985,null,null,null,null,"TWOGAUSSIANS",8,2.003202,0.2555646,0.015662212,0.4,0.07513705,0.28783497,0.10333127,0.68715113,0.018061634,0.4,0.0,0.15878437,0.034150843
375316653866487564,4049882722541383552,0.48314616,2279.3337071695637,1.6972047059582922,2.5937436E-5,18.37819,0.0067605143,null,null,null,null,null,null,null,null,null,null,null,null,0.11072687,0.009862858,0.19611016,0.0060088583,"ELLIPSOIDAL",4,11.529199,null,null,null,null,null,null,null,null,null,null,null,null
375316653866487564,4049882958952610176,0.5675431,2301.2445864398255,1.2754904878482785,1.79798E-5,18.26983,0.08014506,0.2453585,0.0071224035,0.12819488,0.035105776,0.27813315,0.082772724,0.7536345,0.0037179696,0.10543615,0.017327238,0.34510124,0.07664995,null,null,null,null,"TWOGAUSSIANS",8,2.402021,0.75369453,0.0036500676,0.4,0.0,0.28845698,0.0136223575,0.2453485,0.0071095177,0.4,0.0,0.22121356,0.009960224
375316653866487564,4049882993101881216,0.51906276,2302.648561022247,0.8691010311553413,3.3154298E-5,17.50206,0.011995378,0.28934982,0.010818437,0.11475173,0.021776104,0.11176614,0.011758441,0.7394709,0.037643164,0.077178776,0.030783625,0.03663828,0.0134994695,null,null,null,null,"TWOGAUSSIANS",8,3.8199859,0.28934982,0.010818437,0.4,0.0,0.10947527,0.012190274,0.7394709,0.037643164,0.4,0.08922759,0.034399517,0.0068397895
375316653866487564,4049883268190207104,0.49214983,2299.4395527497863,0.20981721101166415,1.2009518E-4,19.738945,0.01655566,0.21263081,0.004748799,0.053294554,0.011636039,0.18565528,0.025906695,0.7695971,0.012680462,0.06403378,0.016479118,0.42851332,0.5630868,null,null,null,null,"TWOGAUSSIANS",8,1.8815869,0.7695971,0.012680462,0.35858914,0.09228306,0.42850587,0.5630995,0.21263081,0.004748799,0.29844952,0.06516182,0.18564785,0.025915649
375316653866487564,4049883302546777216,0.53062665,2351.3685706270567,0.46331608350363274,6.278679E-5,19.110657,0.0063283495,0.49949807,0.0062409537,0.1585541,0.012492955,0.23816635,0.01672006,0.16547151,0.016413137,0.04898478,0.029521964,0.10901235,5.072314,null,null,null,null,"TWOGAUSSIANS",8,0.69071585,0.49949807,0.0062409537,0.4,0.0,0.23463614,0.018108604,0.17381151,0.015139806,0.27431476,0.165323,0.132826,5.074065
375316653866487564,4049883444050796672,0.43085423,2271.92619812192,1.4658105590983868,2.7911747E-5,16.865437,0.12586828,0.28451914,0.03231115,0.12935719,0.04446424,0.22173469,0.11990951,0.74775887,0.03541823,0.12291623,0.059503987,0.20681737,0.11681679,null,null,null,null,"TWOGAUSSIANS",8,29.442934,0.28487912,0.029981153,0.4,0.0,0.17736065,0.019040728,0.74775887,0.03541823,0.4,0.0,0.16266164,0.0370069
375316653866487564,4049883508705015680,0.5457772,2389.7354858682993,0.03000758426828699,1.0454916E-5,19.222887,0.004671908,0.31783724,0.017278671,0.10105116,0.021548867,0.15338412,0.033406258,0.7866307,0.0046439455,0.035903726,0.0027006052,0.27426723,0.010118632,null,null,null,null,"TWOGAUSSIANS",8,1.2271144,0.7866307,0.0046439455,0.20106086,0.015123389,0.27410167,0.010022665,0.31783724,0.017278671,0.4,0.0,0.15321517,0.03359759
375316653866487564,4049883577424171648,0.5029127,2277.6616594101674,0.3411033121316117,8.530506E-5,17.999275,0.015279863,0.30058745,0.0051244865,0.072049014,0.010895657,0.21608414,0.021755565,0.80053365,0.014089921,0.027433539,0.048759293,0.554901,0.53448415,null,null,null,null,"TWOGAUSSIANS",8,11.661602,0.80053365,0.014089921,0.15362781,0.24987154,0.55489933,0.5355686,0.30058745,0.0051244865,0.4,0.019799871,0.21608251,0.021506999
375316653866487564,4049883581535081600,0.52458423,2273.7733762002026,0.22519345204004274,1.4230836E-4,15.339784,0.0016780661,0.39879385,0.081086844,0.028142216,0.013924612,1.1030449,32.876278,null,null,null,null,null,null,null,null,null,null,"ONEGAUSSIAN",5,10.276764,0.39879385,0.081086844,0.15759641,0.07797783,1.1030449,0.0,null,null,null,null,null,null
375316653866487564,4049883646140908928,0.50031644,2245.470133799025,0.9973744231472237,2.6852384E-5,18.198294,0.0122641,0.26000202,0.019681653,0.07521869,0.025226867,0.19253604,0.60949296,0.7703549,0.0039049746,0.08913247,0.009117333,0.17092781,0.011586011,null,null,null,null,"TWOGAUSSIANS",8,4.834012,0.26000202,0.019681653,0.4,0.110898964,0.18964154,0.61153996,0.7703549,0.0039049746,0.4,0.0,0.16803324,0.010334118
375316653866487564,4049883646143479168,0.4986119,2387.9947766663286,1.9504462659032022,5.2221993E-5,17.252571,0.002730345,0.12867412,0.0053908094,0.06772453,0.010164115,0.032978583,0.00756957,0.77433956,0.024151038,0.03684658,0.032890007,0.09553261,0.104812264,null,null,null,null,"TWOGAUSSIANS",8,1.0567778,0.77433956,0.024151038,0.20634086,0.18418404,0.09553265,0.104812235,0.12867412,0.0053908094,0.3792574,0.055937458,0.032978583,0.0075695706
375316653866487564,4049883646143653632,0.4941114,2269.0467904310526,0.12377981846092155,4.7642756E-5,18.72863,0.013238977,0.1637768,0.0051901895,0.031189242,0.0048223827,0.2975045,0.03891239,0.6591688,0.0056660245,0.07277144,0.011181298,0.1358142,0.025494464,null,null,null,null,"TWOGAUSSIANS",8,8.394954,0.1637768,0.0051901895,0.17465976,0.027005343,0.29750213,0.038910765,0.6591688,0.0056660245,0.4,0.017792309,0.13581182,0.025495363
375316653866487564,4049883925087641216,0.45462522,2312.615568142792,0.6274018999493342,9.44164E-6,18.826828,0.023350447,0.33656108,0.014951516,0.0733222,0.017589875,0.8941629,0.60699916,0.84893113,0.003207259,0.03153195,0.0061496748,0.15178713,0.02248836,null,null,null,null,"TWOGAUSSIANS",8,3.4083192,0.33656108,0.014951516,0.4,0.03621438,0.8941566,0.60706043,0.84893113,0.003207259,0.17657891,0.034438178,0.15178084,0.022476422
375316653866487564,4049884092833072128,0.5190091,2286.688776893913,1.0362078793716545,4.479703E-5,19.050425,0.028648457,0.21651049,0.010227002,0.068284936,0.008208,0.45585033,0.03643924,0.8611091,0.018434914,0.03054315,0.022005042,0.6567074,3.660323,null,null,null,null,"TWOGAUSSIANS",8,11.7549095,0.8611091,0.018434914,0.17104165,0.12322824,0.656708,3.6603234,0.21651049,0.010227002,0.38239565,0.04067591,0.45585033,0.03643923
375316653866487564,4049884165605841024,0.4845167,2316.252483752827,2.317297164809994,9.348398E-6,18.861383,0.020618407,0.23513106,9.4184215E-4,0.015141747,0.0031540343,4.0175514,6.6630135,0.64908785,0.011590008,0.103784695,0.033012886,0.08585425,0.01847593,null,null,null,null,"TWOGAUSSIANS",8,1.1236788,0.23513106,9.4184215E-4,0.08479378,0.017662592,4.01758,6.6628294,0.64908785,0.011590008,0.4,0.0,0.085852586,0.018415803
375316653866487564,4049884573649786624,0.43381688,2290.9777306069714,0.47089093643596636,7.542137E-5,18.186451,0.06446195,0.27852502,0.017099045,0.08275644,0.017557688,0.2891875,0.037464485,0.6521966,0.022029847,0.17690699,0.04317508,0.37769648,0.06503575,null,null,null,null,"TWOGAUSSIANS",8,5.556155,0.6521966,0.022029847,0.4,0.0,0.34101728,0.035769198,0.29128504,0.015556876,0.4,0.0,0.29677022,0.037981465
375316653866487564,4049884642580079360,0.54134065,2295.59925692061,1.877496983153489,8.465526E-5,19.186926,0.26726776,0.28336874,0.023843141,0.13702066,0.099338524,0.3577391,0.25765553,0.79049194,0.0053531243,0.110297866,0.0286729,0.50557196,0.22964485,null,null,null,null,"TWOGAUSSIANS",8,2.5668795,0.79060197,0.005261727,0.4,0.0,0.40630594,0.025837893,0.28334874,0.023878533,0.4,0.019836899,0.2575753,0.23211361
375316653866487564,4049885089266060416,0.5487959,2327.41885101047,0.6678831112283322,1.5623567E-5,17.963373,0.009276893,0.2643925,0.050220903,0.09046613,0.040976726,0.17525187,0.16669819,0.7820753,0.0020579437,0.07749996,0.0052906796,0.28278646,0.00889196,null,null,null,null,"TWOGAUSSIANS",8,4.8585873,0.7820753,0.0020579437,0.4,0.0,0.27903652,0.008132193,0.2643925,0.050220903,0.4,0.09707365,0.17150182,0.16946031
375316653866487564,4049885329784095232,0.5233378,2344.1092161527617,0.12371443711144056,5.0548326E-5,19.219872,0.20255622,0.53301364,0.033321097,0.19279674,0.058563832,0.7566846,0.17641526,0.9234232,0.01639145,0.070687905,0.022799112,0.3527613,0.12827905,null,null,null,null,"TWOGAUSSIANS",8,1.48518,0.53301364,0.03332182,0.4,0.0,0.67033714,0.080638334,0.9234232,0.01639145,0.39585227,0.09057673,0.3689025,0.12241078
