Gaia/vari_eclipsing_binary/VariEclipsingBinary_163360-165788.csv
# %ECSV 1.0
# ---
# delimiter: ','
# meta: !!omap
# - RELEASE: Gaia DR3
# - TABLE: vari_eclipsing_binary
# - DESCRIPTION: >
#     This table describes the properties of the eclipsing binaries resulting from the variability analysis. 
# - CITATION: >
#     How to cite and acknowledge Gaia: 
#     https://gea.esac.esa.int/archive/documentation/credits.html 
# - KNOWN_ISSUES: >
#     Known issues: 
#     https://www.cosmos.esa.int/web/gaia-users/known-issues 
# - DOCUMENTATION: >
#     Tutorials and documentation: 
#     https://www.cosmos.esa.int/web/gaia-users/archive 
# datatype:
# - 
#   name: solution_id
#   datatype: int64
#   description: Solution Identifier
#   meta:
#     ucd: meta.version
# - 
#   name: source_id
#   datatype: int64
#   description: Unique source identifier
#   meta:
#     ucd: meta.id;meta.main
# - 
#   name: global_ranking
#   datatype: float32
#   description: Number between 0 (worst) and 1 (best)
#   meta:
#     ucd: stat.param
# - 
#   name: reference_time
#   datatype: float64
#   unit: d
#   description: Reference time used for the geometric model fit
#   meta:
#     ucd: time.epoch
# - 
#   name: frequency
#   datatype: float64
#   unit: d**-1
#   description: Frequency of geometric model of the eclipsing binary light curve
#   meta:
#     ucd: src.orbital
# - 
#   name: frequency_error
#   datatype: float32
#   unit: d**-1
#   description: "Uncertainty of \\texttt{frequency}"
#   meta:
#     ucd: stat.error
# - 
#   name: geom_model_reference_level
#   datatype: float32
#   unit: mag
#   description: Magnitude reference level of geometric model
#   meta:
#     ucd: phot.mag;em.opt
# - 
#   name: geom_model_reference_level_error
#   datatype: float32
#   unit: mag
#   description: "Uncertainty of \\texttt{geomModelReferenceLevel}"
#   meta:
#     ucd: stat.error;phot.mag;em.opt
# - 
#   name: geom_model_gaussian1_phase
#   datatype: float32
#   description: Phase of the Gaussian 1 component
#   meta:
#     ucd: time.phase
# - 
#   name: geom_model_gaussian1_phase_error
#   datatype: float32
#   description: "Uncertainty of \\texttt{geomModelGaussian1Phase}"
#   meta:
#     ucd: stat.error;time.phase
# - 
#   name: geom_model_gaussian1_sigma
#   datatype: float32
#   description: "Standard deviation [phase] of Gaussian 1 component"
#   meta:
#     ucd: stat.stdev
# - 
#   name: geom_model_gaussian1_sigma_error
#   datatype: float32
#   description: "Uncertainty of \\texttt{geomModelGaussian1Sigma}"
#   meta:
#     ucd: stat.error
# - 
#   name: geom_model_gaussian1_depth
#   datatype: float32
#   unit: mag
#   description: Magnitude depth of Gaussian 1 component
#   meta:
#     ucd: src.var.amplitude
# - 
#   name: geom_model_gaussian1_depth_error
#   datatype: float32
#   unit: mag
#   description: "Uncertainty of \\texttt{geomModelGaussian1Depth}"
#   meta:
#     ucd: stat.error;src.var.amplitude
# - 
#   name: geom_model_gaussian2_phase
#   datatype: float32
#   description: Phase of Gaussian 2 component
#   meta:
#     ucd: time.phase
# - 
#   name: geom_model_gaussian2_phase_error
#   datatype: float32
#   description: "Uncertainty of \\texttt{geomModelGaussian2Phase}"
#   meta:
#     ucd: stat.error;time.phase
# - 
#   name: geom_model_gaussian2_sigma
#   datatype: float32
[...]
#   datatype: float32
#   description: "Secondary eclipse: uncertainty of \\texttt{derivedSecondaryEclDuration}"
#   meta:
#     ucd: stat.error;time.duration
# - 
#   name: derived_secondary_ecl_depth
#   datatype: float32
#   unit: mag
#   description: "Secondary eclipse: depth"
#   meta:
#     ucd: src.var.amplitude
# - 
#   name: derived_secondary_ecl_depth_error
#   datatype: float32
#   unit: mag
#   description: "Secondary eclipse: uncertainty of \\texttt{derivedSecondaryEclDepth}"
#   meta:
#     ucd: stat.error;src.var.amplitude
solution_id,source_id,global_ranking,reference_time,frequency,frequency_error,geom_model_reference_level,geom_model_reference_level_error,geom_model_gaussian1_phase,geom_model_gaussian1_phase_error,geom_model_gaussian1_sigma,geom_model_gaussian1_sigma_error,geom_model_gaussian1_depth,geom_model_gaussian1_depth_error,geom_model_gaussian2_phase,geom_model_gaussian2_phase_error,geom_model_gaussian2_sigma,geom_model_gaussian2_sigma_error,geom_model_gaussian2_depth,geom_model_gaussian2_depth_error,geom_model_cosine_half_period_amplitude,geom_model_cosine_half_period_amplitude_error,geom_model_cosine_half_period_phase,geom_model_cosine_half_period_phase_error,model_type,num_model_parameters,reduced_chi2,derived_primary_ecl_phase,derived_primary_ecl_phase_error,derived_primary_ecl_duration,derived_primary_ecl_duration_error,derived_primary_ecl_depth,derived_primary_ecl_depth_error,derived_secondary_ecl_phase,derived_secondary_ecl_phase_error,derived_secondary_ecl_duration,derived_secondary_ecl_duration_error,derived_secondary_ecl_depth,derived_secondary_ecl_depth_error
[from data line 72]
375316653866487564,1439640640682113152,0.6295361,2220.2453093236268,2.8309195961566322,3.417642E-6,14.534951,0.005060871,0.112932615,0.0010786916,0.044817843,0.003679231,0.15786022,0.009777104,0.6180847,0.009378015,0.04937958,0.0057856725,0.1256804,0.02745107,0.11289252,0.006854046,0.112932615,0.0010786916,"TWOGAUSSIANS_WITH_ELLIPSOIDAL_ON_ECLIPSE1",9,52.61537,0.112932615,0.0010786916,0.25097993,0.020603694,0.3836446,0.0086004585,0.6180847,0.009378015,0.27652565,0.032399766,0.3512283,0.026471797
375316653866487564,1439648028025772288,0.5017508,2187.663109819889,3.2402592871455402,1.760837E-5,13.282304,0.07378715,0.3088614,0.0026648962,0.23297828,0.061243176,1.20148,0.14166792,0.81164503,0.0028944237,0.1946817,0.03625565,1.00192,0.3030948,null,null,null,null,"TWOGAUSSIANS",8,110.35642,0.30612138,0.0020257237,0.4,0.0,0.16270567,0.008138752,0.815885,0.0036618812,0.4,0.0,0.12914574,0.010565909
375316653866487564,1439695852486675840,0.54335856,2186.5781804251806,0.1035816337542565,5.0449256E-5,17.510595,0.003609214,0.31511945,0.01199068,0.0027630008,0.0033901276,0.34322518,2.0599084,0.81705946,0.06730959,0.0698728,0.06642878,0.039874014,0.084096655,null,null,null,null,"TWOGAUSSIANS",8,9.540802,0.31511945,0.01199068,0.015472805,0.018984715,0.34322518,2.0599084,0.81705946,0.06730959,0.39128765,0.36133495,0.039874014,0.084096655
375316653866487564,1439709463238102400,0.49255225,2262.615776994123,4.077473854058672,1.6022566E-5,14.809837,0.079367526,0.29821882,0.016352817,0.13242249,0.029034602,0.2670709,0.07919755,0.74397904,0.01288762,0.12765087,0.029849596,0.28263924,0.0682034,null,null,null,null,"TWOGAUSSIANS",8,252.65822,0.74397904,0.01288762,0.4,0.0,0.22693647,0.015687829,0.29934883,0.01441747,0.4,0.0,0.21106923,0.026825344
375316653866487564,1439803398466769152,0.5418752,2236.5041440652917,4.4724040947680415,1.2436684E-5,18.933323,0.015718194,0.20028563,0.0037868365,0.07491724,0.0060279095,0.4892755,0.02074848,0.7115378,0.006816626,0.0561839,0.0055326796,0.74492353,0.03257383,null,null,null,null,"TWOGAUSSIANS",8,5.32511,0.7115378,0.006816626,0.31462985,0.030983005,0.7443477,0.03247255,0.20028563,0.0037868365,0.4,0.0021220797,0.48869964,0.0206638
375316653866487564,1439846352435474944,0.6212474,2216.0560241835096,1.8104193094107481,3.2238243E-6,12.833527,0.007448571,0.261619,0.00299852,0.110314764,0.0053746905,0.26806158,0.006796728,0.762488,9.991956E-4,0.099103175,0.0026146593,0.29475325,0.0075636962,null,null,null,null,"TWOGAUSSIANS",8,31.882675,0.762488,9.991956E-4,0.4,0.0,0.26274264,0.004319721,0.261619,0.00299852,0.4,0.0,0.23603415,0.0047989623
375316653866487564,1439891054455873280,0.44810385,2228.175473343681,3.512056050982753,1.0188878E-4,12.640928,0.12604032,0.23724444,0.014446424,0.103805214,0.13609639,0.048915375,0.1300929,0.7685595,0.02156027,0.048009768,0.056931965,0.3800158,0.17151271,null,null,null,null,"TWOGAUSSIANS",8,208.04582,0.7685595,0.020665726,0.2688547,0.1633655,0.3796612,0.23003073,0.23724444,0.014456053,0.4,0.1921439,0.048558846,0.063048474
375316653866487564,1439909333836147840,0.45889828,2164.4734007299744,0.32487854819040846,3.1377687E-5,13.24733,0.014187612,0.3329731,0.006037228,0.07889994,0.018047076,0.15570481,0.030157084,0.81517076,0.008906324,0.09196116,0.017319385,0.15895504,0.023748573,null,null,null,null,"TWOGAUSSIANS",8,1359.9506,0.81517076,0.008906324,0.4,0.0,0.15577468,0.024582274,0.3329731,0.006037228,0.4,0.0,0.15252465,0.03349656
375316653866487564,1439919985355093248,0.5782818,2192.869309247643,0.8289391574329527,3.6496556E-6,15.534376,0.004065838,0.20358528,9.093052E-4,0.014162296,7.3409267E-4,0.5807275,0.063251905,0.5373541,0.0015410994,0.013272689,0.001333195,0.6816439,0.080544025,0.0114532905,0.0062378384,0.20358528,9.093052E-4,"TWOGAUSSIANS_WITH_ELLIPSOIDAL_ON_ECLIPSE1",9,103.42162,0.53738415,0.001540018,0.07432705,0.007465892,0.68742687,0.08063325,0.20358528,9.093052E-4,0.07930886,0.004110919,0.60363406,0.06453241
375316653866487564,1439932698458182784,0.6197011,2182.6157724379436,2.865755178894768,8.0633645E-6,15.258212,0.06687559,0.25861385,0.0019452157,0.06575034,0.015440704,0.31967118,0.11984952,0.7671842,0.006320784,0.06645852,0.020663172,0.2826936,0.12191126,0.058903497,0.06668372,0.25861385,0.0019452157,"TWOGAUSSIANS_WITH_ELLIPSOIDAL_ON_ECLIPSE1",9,47.18421,0.25861385,0.0019452157,0.3682019,0.08553872,0.43710044,0.029333696,0.7671842,0.006320784,0.3721677,0.10723032,0.39978155,0.033470135
375316653866487564,1440020109632780160,0.48039284,2227.061149506874,2.0941968341639563,2.1059965E-5,18.277782,0.011212962,0.22534998,0.008775637,0.081225924,0.01573252,0.085855246,0.010663508,0.7369621,0.005153441,0.0711581,0.0091978,0.14750034,0.012290416,null,null,null,null,"TWOGAUSSIANS",8,3.0050175,0.7369621,0.005153441,0.3984854,0.03804703,0.14671771,0.011804406,0.22534998,0.008775637,0.4,0.0,0.08507263,0.009837319
375316653866487564,1440039866482411136,0.6133764,2241.5263782777765,0.2465109296987037,1.0640596E-6,12.260551,8.7953947E-4,0.3949118,5.880757E-5,0.006715867,8.8606306E-5,0.29071406,0.003368721,null,null,null,null,null,null,null,null,null,null,"ONEGAUSSIAN",5,23.455002,0.3949118,5.880757E-5,0.03760886,4.961953E-4,0.29071406,0.0,null,null,null,null,null,null
375316653866487564,1440135455274641024,0.51561993,2237.4592494967883,4.812351143511811,3.1701027E-5,18.822409,0.004560035,0.342229,0.0050308257,0.04569736,0.01461466,0.06225893,0.075608954,0.54109955,1.7188931E-5,0.0033490937,1.0181202E-4,0.5545633,0.0026285884,null,null,null,null,"TWOGAUSSIANS",8,2.1123803,0.54109955,1.7188931E-5,0.018754924,5.701473E-4,0.5545681,0.0026202188,0.342229,0.0050308257,0.2559052,0.0818421,0.06225893,0.075608954
375316653866487564,1440160774105476096,0.61676306,2240.5108795663896,3.83313832160083,5.425257E-6,17.930124,0.04487221,0.25870144,0.0042755622,0.06710306,0.02262938,0.20690121,0.08747911,0.75673395,0.0024079168,0.04981816,0.011715733,0.23985867,0.0939088,0.105950885,0.04835365,0.25870144,0.0042755622,"TWOGAUSSIANS_WITH_ELLIPSOIDAL_ON_ECLIPSE1",9,4.1639338,0.757024,0.0019430952,0.2789817,0.06560811,0.45153534,0.010120321,0.25870144,0.0042755622,0.37577713,0.11874815,0.4186055,0.025672318
375316653866487564,1440164283095166720,0.5689702,2267.2878012816855,3.1746279116959157,1.2095865E-5,18.358313,0.010935255,0.19190603,0.016665962,0.06636028,0.011523137,0.26622498,0.025923647,0.68544346,0.0025718017,0.06662117,0.0043204688,0.54804415,0.027620872,null,null,null,null,"TWOGAUSSIANS",8,6.377849,0.68544346,0.0025718017,0.37307855,0.024194624,0.54750514,0.027754141,0.19190603,0.016665962,0.3716176,0.048985604,0.26568595,0.02556544
375316653866487564,1440205308622835072,0.481122,2171.184778301119,2.2011914353529907,2.1672338E-5,12.840122,0.02947131,0.2657646,0.009429267,0.08750414,0.026464418,0.099491395,0.029607886,0.7573803,0.007212715,0.09964985,0.034864347,0.10518181,0.022626815,null,null,null,null,"TWOGAUSSIANS",8,125.07059,0.7573803,0.007212715,0.4,0.0,0.10007141,0.007404701,0.2657646,0.00937814,0.4,0.0,0.09438175,0.008592308
375316653866487564,1440217231452066432,0.63653845,2219.100835699716,3.2709809551331204,4.600297E-6,14.56673,0.03070595,0.2359139,0.007408229,0.061016966,0.015242197,0.2666794,0.061549067,0.73937017,0.0030929672,0.053184286,0.008445706,0.20632552,0.06356287,0.07358672,0.031871557,0.2359139,0.007408229,"TWOGAUSSIANS_WITH_ELLIPSOIDAL_ON_ECLIPSE1",9,69.2865,0.2359139,0.007408229,0.341695,0.074686356,0.41379032,0.01261324,0.73937017,0.0027594138,0.29783198,0.047295954,0.35336703,0.004486414
375316653866487564,1440244852385998336,0.464287,2198.1369099019275,3.3101681793867295,4.446992E-5,18.505762,0.020864112,0.29268765,0.01125087,0.086549774,0.024812406,0.15150654,0.016049998,0.78954095,0.008396328,0.10674154,0.026345229,0.10276435,0.02316518,null,null,null,null,"TWOGAUSSIANS",8,3.324292,0.29268765,0.01125087,0.4,0.0,0.1433561,0.013756305,0.78954095,0.008396328,0.4,0.0,0.09461036,0.019687029
375316653866487564,1440250422959420800,0.5361757,2204.669563697424,0.21882201855980346,3.8582974E-5,13.503883,0.001230445,0.116985194,0.023709666,0.025892757,0.010868579,0.26660776,16.006376,0.32189855,0.013563325,0.021217631,0.01461442,0.019040804,0.029883446,0.0023490835,0.0017112569,0.116985194,0.023709666,"TWOGAUSSIANS_WITH_ELLIPSOIDAL_ON_ECLIPSE1",9,53.751175,0.116985194,0.023709666,0.14499943,0.060864042,0.27130592,16.006264,0.32189855,0.013563325,0.11881874,0.08184075,0.019407861,0.02980717
375316653866487564,1440269423894771200,0.58049685,2231.8874806837525,3.142840240702138,8.885996E-6,15.284647,0.0067351274,0.2622556,0.0019527874,0.049885165,0.005472055,0.13874295,0.016010592,0.75898993,0.010219524,0.0481861,0.008217465,0.11763789,0.025670767,0.108111165,0.009683213,0.2622556,0.0019527874,"TWOGAUSSIANS_WITH_ELLIPSOIDAL_ON_ECLIPSE1",9,77.70782,0.2622556,0.0019527874,0.27935693,0.030643508,0.3549642,0.0070841117,0.7598099,0.007893186,0.26984218,0.046017807,0.33379102,0.023526529
375316653866487564,1440307180950711296,0.6117425,2201.1114189433683,3.114901355338165,6.852518E-6,15.700406,0.027446527,0.2481897,0.003348576,0.05803745,0.008934285,0.34476858,0.0428465,0.760775,0.004571305,0.0529383,0.0097450735,0.3111312,0.054224122,0.081470035,0.0313154,0.760775,0.004571305,"TWOGAUSSIANS_WITH_ELLIPSOIDAL_ON_ECLIPSE2",9,55.179092,0.2495897,0.0028694307,0.3250097,0.050031994,0.5067875,0.028346512,0.760775,0.004571305,0.2964545,0.05457241,0.47405383,0.028050095
375316653866487564,1440307936865442176,0.6117567,2233.8223758646054,0.043346641340396765,1.1281213E-4,13.113146,0.0037836814,0.34455118,0.027581664,0.074970245,0.0194537,0.030798385,0.009463849,0.8402996,5.4496684E-7,0.010275013,6.759037E-5,2.1214604,0.029098554,null,null,null,null,"TWOGAUSSIANS",8,278.5997,0.8402996,5.4496684E-7,0.057540074,3.7850608E-4,2.1214604,0.029098568,0.34455118,0.027581664,0.4,0.06518893,0.030798383,0.009463842
375316653866487564,1440479602414299264,0.6087122,2196.5192331854305,2.991610485339782,6.175216E-6,16.738321,0.018168673,0.22018954,0.001972682,0.042863056,0.008711395,0.1595641,0.039188508,0.71719414,0.014801476,0.036440108,0.032594334,0.12808615,0.06684785,0.119692564,0.023964323,0.22018954,0.001972682,"TWOGAUSSIANS_WITH_ELLIPSOIDAL_ON_ECLIPSE1",9,15.265446,0.22018954,0.001972682,0.24003312,0.04878381,0.39894876,0.011790976,0.71768415,0.011049848,0.20406461,0.18252827,0.36739993,0.09113846
375316653866487564,1440516436053750400,0.50532997,2227.262920840284,3.3987324426993215,3.8140748E-5,15.100182,0.85698146,0.26742765,0.0100015225,0.114711724,0.019639084,0.52087,0.1875376,0.7442749,0.015167202,0.3204493,0.18775716,0.9620023,0.8040107,null,null,null,null,"TWOGAUSSIANS",8,167.7925,0.27322766,0.007374666,0.4,0.0,0.30555254,0.018597467,0.7442749,0.015167202,0.4,0.0,0.1893022,0.04357083
375316653866487564,1440543820765340928,0.49866483,2236.5071848195435,2.66104879744355,2.6919668E-5,17.779743,0.006611443,0.20095524,0.00470334,0.020663846,0.008519977,0.32280087,0.17185707,0.67379004,0.0044170152,0.05214593,0.019371942,0.5126523,0.2738663,0.06357998,0.013457107,0.67379004,0.0044170152,"TWOGAUSSIANS_WITH_ELLIPSOIDAL_ON_ECLIPSE2",9,31.322992,0.67379004,0.0044170152,0.2920172,0.10566665,0.639807,0.2663007,0.20060524,0.0040131235,0.11571754,0.047711875,0.4463336,0.17514576
375316653866487564,1440550104301214720,0.4572819,2236.191457660494,4.20246167990134,3.2463064E-5,19.337715,0.020951334,0.32026547,0.06895305,0.07757654,0.04207969,0.103042796,0.030985693,0.81773454,0.05479113,0.028108925,0.039373975,0.30881235,0.06512389,null,null,null,null,"TWOGAUSSIANS",8,2.651803,0.81773454,0.05479113,0.15740998,0.22049426,0.3088094,0.06515024,0.32026547,0.06895305,0.4,0.0678775,0.10303982,0.030826356
375316653866487564,1440570037245621760,0.60692894,2217.543469884599,3.028994249755524,1.16094025E-5,14.088838,0.008425991,0.26246816,0.005317621,0.04831602,0.007294769,0.107395425,0.018983379,0.77492946,0.0019870088,0.05708456,0.007149725,0.13093047,0.018290088,0.07746887,0.009986461,0.77492946,0.0019870088,"TWOGAUSSIANS_WITH_ELLIPSOIDAL_ON_ECLIPSE2",9,92.83022,0.77492946,0.0019870088,0.31967354,0.040038463,0.28585866,0.0101869665,0.26508817,0.004300848,0.2705697,0.040850706,0.26157418,0.00983682
375316653866487564,1440582338031956096,0.58578277,2241.792056682245,0.21426970643975254,5.2152944E-5,12.749975,0.0020776652,0.17882025,0.0015766607,0.021846753,0.0014976893,0.39326802,0.009690461,0.7310332,0.021128077,0.075128235,0.016403725,0.033954367,0.020698033,null,null,null,null,"TWOGAUSSIANS",8,57.093563,0.17882025,0.0015766607,0.12234182,0.00838706,0.39326802,0.009690459,0.7310332,0.021128077,0.4,0.050507467,0.03395436,0.020698043
375316653866487564,1440612196644113280,0.46973813,2186.8897074109695,0.4996826297936655,1.3006091E-4,16.934084,0.0062544816,0.21528922,0.0021153532,0.008715783,0.0019581625,0.18211421,0.073072374,0.76173204,0.0016187723,0.014635546,0.0013922482,0.20891412,0.022140127,0.0124832345,0.007509846,0.21528922,0.0021153532,"TWOGAUSSIANS_WITH_ELLIPSOIDAL_ON_ECLIPSE1",9,27.487093,0.76173204,0.0016187723,0.081959054,0.00779659,0.23181427,0.013731768,0.21528922,0.0021153532,0.048808385,0.0109657105,0.20708066,0.07833329
375316653866487564,1440634320020240000,0.62373614,2202.974185320708,3.786314458780164,6.143832E-6,17.24998,0.013325298,0.28025112,0.0012638869,0.047622554,0.006348541,0.21493942,0.024555514,0.7803768,0.0017902269,0.054902628,0.0062166327,0.14546601,0.02731485,0.09759208,0.015268733,0.28025112,0.0012638869,"TWOGAUSSIANS_WITH_ELLIPSOIDAL_ON_ECLIPSE1",9,6.0478125,0.28025112,0.0012638869,0.26668632,0.035551827,0.41011828,0.0076129264,0.7803768,0.0014911457,0.3074547,0.034813143,0.34064475,0.0053847483
375316653866487564,1440705998729834240,0.5730484,2220.140373896651,3.5259400942724985,1.3653654E-5,15.693604,0.00429568,0.26084295,0.0065186857,0.0797515,0.008845394,0.11754361,0.0049967216,0.75899863,0.011148417,0.07496803,0.014305789,0.101877205,0.005921281,null,null,null,null,"TWOGAUSSIANS",8,8.724992,0.26084295,0.0065186857,0.4,0.0,0.11640512,0.004381727,0.75899863,0.011148417,0.4,0.04418705,0.10073871,0.005287936
375316653866487564,1440731596735054976,0.5647525,2258.4929385619266,2.5660887505499734,1.1949849E-5,13.901227,0.019204715,0.25519863,0.002724726,0.09306908,0.005577498,0.41863167,0.018322827,0.75283605,0.0034073975,0.09697196,0.008117219,0.39619437,0.01589818,null,null,null,null,"TWOGAUSSIANS",8,355.04785,0.25519863,0.002724726,0.4,0.0,0.3939099,0.009545408,0.75283605,0.0034073975,0.4,0.0,0.3714717,0.013628503
375316653866487564,1440742862433554944,0.51715845,2258.6389074061585,1.1472730624723453,2.5650697E-5,19.322113,0.005463463,0.17059876,0.006127918,0.040376354,0.0058775903,0.106018454,0.017349921,0.733253,0.003673822,0.033185173,0.01105205,0.71569043,0.47228545,null,null,null,null,"TWOGAUSSIANS",8,1.9584868,0.733253,0.003673822,0.18583696,0.061891478,0.71569043,0.47228545,0.17059876,0.006127918,0.22610758,0.032914504,0.106018454,0.017349921
375316653866487564,1440749566878056192,0.5019427,2222.288053408168,4.116985175427461,1.148391E-5,19.603664,0.010219023,0.26457986,0.0067079975,0.06870502,0.009822497,0.23253362,0.03286162,0.7732447,0.004224555,0.05055211,0.0061055045,0.35723388,0.033013415,null,null,null,null,"TWOGAUSSIANS",8,1.6377195,0.7732447,0.004224555,0.2830918,0.034190826,0.3571723,0.03305541,0.26457986,0.0067079975,0.3847481,0.04635346,0.23247205,0.03291741
375316653866487564,1440769147633618304,0.5048932,2212.9894405439136,3.7658627595500898,1.5280317E-5,19.218454,0.0056866375,0.27882695,0.0034987316,0.04388548,0.02667258,0.03094317,3.6950479,null,null,null,null,null,null,0.12840563,0.011005454,0.27882695,0.0034987316,"ONEGAUSSIAN_WITH_ELLIPSOIDAL",6,2.510805,0.27882695,0.0034987316,0.24575868,0.14936645,0.287754,3.6951048,null,null,null,null,null,null
