Gaia/vari_eclipsing_binary/VariEclipsingBinary_483028-483188.csv
# %ECSV 1.0
# ---
# delimiter: ','
# meta: !!omap
# - RELEASE: Gaia DR3
# - TABLE: vari_eclipsing_binary
# - DESCRIPTION: >
#     This table describes the properties of the eclipsing binaries resulting from the variability analysis. 
# - CITATION: >
#     How to cite and acknowledge Gaia: 
#     https://gea.esac.esa.int/archive/documentation/credits.html 
# - KNOWN_ISSUES: >
#     Known issues: 
#     https://www.cosmos.esa.int/web/gaia-users/known-issues 
# - DOCUMENTATION: >
#     Tutorials and documentation: 
#     https://www.cosmos.esa.int/web/gaia-users/archive 
# datatype:
# - 
#   name: solution_id
#   datatype: int64
#   description: Solution Identifier
#   meta:
#     ucd: meta.version
# - 
#   name: source_id
#   datatype: int64
#   description: Unique source identifier
#   meta:
#     ucd: meta.id;meta.main
# - 
#   name: global_ranking
#   datatype: float32
#   description: Number between 0 (worst) and 1 (best)
#   meta:
#     ucd: stat.param
# - 
#   name: reference_time
#   datatype: float64
#   unit: d
#   description: Reference time used for the geometric model fit
#   meta:
#     ucd: time.epoch
# - 
#   name: frequency
#   datatype: float64
#   unit: d**-1
#   description: Frequency of geometric model of the eclipsing binary light curve
#   meta:
#     ucd: src.orbital
# - 
#   name: frequency_error
#   datatype: float32
#   unit: d**-1
#   description: "Uncertainty of \\texttt{frequency}"
#   meta:
#     ucd: stat.error
# - 
#   name: geom_model_reference_level
#   datatype: float32
#   unit: mag
#   description: Magnitude reference level of geometric model
#   meta:
#     ucd: phot.mag;em.opt
# - 
#   name: geom_model_reference_level_error
#   datatype: float32
#   unit: mag
#   description: "Uncertainty of \\texttt{geomModelReferenceLevel}"
#   meta:
#     ucd: stat.error;phot.mag;em.opt
# - 
#   name: geom_model_gaussian1_phase
#   datatype: float32
#   description: Phase of the Gaussian 1 component
#   meta:
#     ucd: time.phase
# - 
#   name: geom_model_gaussian1_phase_error
#   datatype: float32
#   description: "Uncertainty of \\texttt{geomModelGaussian1Phase}"
#   meta:
#     ucd: stat.error;time.phase
# - 
#   name: geom_model_gaussian1_sigma
#   datatype: float32
#   description: "Standard deviation [phase] of Gaussian 1 component"
#   meta:
#     ucd: stat.stdev
# - 
#   name: geom_model_gaussian1_sigma_error
#   datatype: float32
#   description: "Uncertainty of \\texttt{geomModelGaussian1Sigma}"
#   meta:
#     ucd: stat.error
# - 
#   name: geom_model_gaussian1_depth
#   datatype: float32
#   unit: mag
#   description: Magnitude depth of Gaussian 1 component
#   meta:
#     ucd: src.var.amplitude
# - 
#   name: geom_model_gaussian1_depth_error
#   datatype: float32
#   unit: mag
#   description: "Uncertainty of \\texttt{geomModelGaussian1Depth}"
#   meta:
#     ucd: stat.error;src.var.amplitude
# - 
#   name: geom_model_gaussian2_phase
#   datatype: float32
#   description: Phase of Gaussian 2 component
#   meta:
#     ucd: time.phase
# - 
#   name: geom_model_gaussian2_phase_error
#   datatype: float32
#   description: "Uncertainty of \\texttt{geomModelGaussian2Phase}"
#   meta:
#     ucd: stat.error;time.phase
# - 
#   name: geom_model_gaussian2_sigma
#   datatype: float32
[...]
#   datatype: float32
#   description: "Secondary eclipse: uncertainty of \\texttt{derivedSecondaryEclDuration}"
#   meta:
#     ucd: stat.error;time.duration
# - 
#   name: derived_secondary_ecl_depth
#   datatype: float32
#   unit: mag
#   description: "Secondary eclipse: depth"
#   meta:
#     ucd: src.var.amplitude
# - 
#   name: derived_secondary_ecl_depth_error
#   datatype: float32
#   unit: mag
#   description: "Secondary eclipse: uncertainty of \\texttt{derivedSecondaryEclDepth}"
#   meta:
#     ucd: stat.error;src.var.amplitude
solution_id,source_id,global_ranking,reference_time,frequency,frequency_error,geom_model_reference_level,geom_model_reference_level_error,geom_model_gaussian1_phase,geom_model_gaussian1_phase_error,geom_model_gaussian1_sigma,geom_model_gaussian1_sigma_error,geom_model_gaussian1_depth,geom_model_gaussian1_depth_error,geom_model_gaussian2_phase,geom_model_gaussian2_phase_error,geom_model_gaussian2_sigma,geom_model_gaussian2_sigma_error,geom_model_gaussian2_depth,geom_model_gaussian2_depth_error,geom_model_cosine_half_period_amplitude,geom_model_cosine_half_period_amplitude_error,geom_model_cosine_half_period_phase,geom_model_cosine_half_period_phase_error,model_type,num_model_parameters,reduced_chi2,derived_primary_ecl_phase,derived_primary_ecl_phase_error,derived_primary_ecl_duration,derived_primary_ecl_duration_error,derived_primary_ecl_depth,derived_primary_ecl_depth_error,derived_secondary_ecl_phase,derived_secondary_ecl_phase_error,derived_secondary_ecl_duration,derived_secondary_ecl_duration_error,derived_secondary_ecl_depth,derived_secondary_ecl_depth_error
375316653866487564,4248768222585661696,0.43784192,2224.0318693083386,3.1264260748316337,1.0305771E-4,18.549671,0.020016907,0.25481412,0.0051062843,0.0147689,0.0042547043,0.92323786,0.7503272,0.7329666,0.027951742,0.061076127,0.02251964,0.2457255,0.07072832,0.06843287,0.04142411,0.25481412,0.0051062843,"TWOGAUSSIANS_WITH_ELLIPSOIDAL_ON_ECLIPSE1",9,39.393696,0.25481412,0.0051062843,0.08270584,0.023826346,1.0600913,0.79395044,0.7360266,0.024685282,0.34202632,0.12610999,0.38037238,0.06629523
375316653866487564,4248772414473777152,0.53928936,2240.805110030795,3.6443882364911664,1.352589E-5,18.26589,0.024299476,0.29807326,0.0031395236,0.09984218,0.01087771,0.24526681,0.020992825,0.7759765,0.004227548,0.106820315,0.012393871,0.24353983,0.022468146,null,null,null,null,"TWOGAUSSIANS",8,2.2523932,0.29809326,0.0031467476,0.4,0.0,0.22519422,0.011945662,0.7759765,0.004227548,0.4,0.0,0.22345755,0.015239912
375316653866487564,4248773136025181824,0.5740532,2236.443377324627,3.4669192352992173,6.929507E-6,17.50991,0.011018569,0.23203185,0.003897162,0.08881025,0.0045033223,0.4736274,0.02622649,0.7355789,0.0017745778,0.087243885,0.0041271118,0.42362922,0.021281777,null,null,null,null,"TWOGAUSSIANS",8,10.362168,0.23203185,0.003897162,0.4,0.0,0.45863143,0.026613586,0.7355789,0.0017745778,0.4,0.0,0.40863332,0.022234263
375316653866487564,4248778191205414400,0.50594497,2132.5093593537435,3.476707566984837,2.137805E-5,19.868965,0.019093135,0.21382716,0.008640322,0.068666615,0.010476018,0.18398434,0.024911381,0.71711534,0.0029720045,0.06529866,0.0039057017,0.6375609,0.02139425,null,null,null,null,"TWOGAUSSIANS",8,3.5894735,0.71711534,0.0029720045,0.36567253,0.021871928,0.63698936,0.020974882,0.21382716,0.008640322,0.38453302,0.05201966,0.1834128,0.024744868
375316653866487564,4248780871272841088,0.63668305,2130.6544595281525,1.1388247756331327,5.0851168E-6,14.732051,0.007480198,0.2637254,9.765816E-4,0.1016169,0.0032564006,0.30122823,0.0071540913,0.7646817,0.0016568551,0.11197801,0.00420412,0.252279,0.0072694845,null,null,null,null,"TWOGAUSSIANS",8,15.784036,0.2637254,9.765816E-4,0.4,0.0,0.26628345,0.0070611974,0.7646817,0.0016568551,0.4,0.0,0.21731389,0.0054118806
375316653866487564,4248781833345551104,0.5505564,2123.9580374773127,1.87974217224828,7.873112E-6,16.456522,0.008580176,0.33999032,0.0014490776,0.038416225,0.003248023,0.38194668,0.029967299,0.8387808,0.0025383602,0.034710266,0.0021832597,0.5498449,0.032853235,0.013791117,0.015220362,0.33999032,0.0014490776,"TWOGAUSSIANS_WITH_ELLIPSOIDAL_ON_ECLIPSE1",9,71.16981,0.83879083,0.0025268376,0.19437748,0.012226255,0.57742554,0.027124519,0.33999032,0.0014490776,0.21513087,0.01818893,0.4095289,0.03748279
375316653866487564,4248784410325914880,0.6764524,2148.9622926681154,1.8749814291714504,2.3482296E-6,15.408997,0.0016319375,0.22930679,0.0019028578,0.04204522,0.010676464,0.009246387,0.0051543033,0.72504324,8.487769E-4,0.056548566,7.811163E-4,0.19620602,0.0046188273,0.067626394,0.00344426,0.22930679,0.0019028578,"TWOGAUSSIANS_WITH_ELLIPSOIDAL_ON_ECLIPSE1",9,7.624309,0.72567326,4.74722E-4,0.31667197,0.0043742512,0.33136737,0.0029316514,0.22930679,0.0019028578,0.23545323,0.0597882,0.1444904,0.0032773926
375316653866487564,4248784479045526528,0.58841705,2168.6891966093185,3.0449948951658206,9.876055E-6,16.99359,0.036362074,0.2507757,0.0076962747,0.05072351,0.012053123,0.25278273,0.07133235,0.76070815,0.002612392,0.05983825,0.008388749,0.28837964,0.075629845,0.11491352,0.037325446,0.76070815,0.002612392,"TWOGAUSSIANS_WITH_ELLIPSOIDAL_ON_ECLIPSE2",9,27.948238,0.76070815,0.002612392,0.3350942,0.046976995,0.5181597,0.02860623,0.2523257,0.0064451494,0.28405166,0.06749749,0.4818079,0.013954995
375316653866487564,4248788288674654208,0.60813,2201.160036084486,2.86734473675402,6.551146E-6,16.098782,0.0059290715,0.298765,0.0022269217,0.049584005,0.021123879,0.013353038,0.01931846,0.82884985,3.6291117E-4,0.019261962,0.002365013,0.7082595,0.5118475,0.1580687,0.008831046,0.298765,0.0022269217,"TWOGAUSSIANS_WITH_ELLIPSOIDAL_ON_ECLIPSE1",9,25.844654,0.82884985,3.6291117E-4,0.10786699,0.013244072,1.013234,0.51914364,0.298765,0.0022269217,0.2776704,0.118293725,0.3294898,0.0117377695
375316653866487564,4248790560719227904,0.59921783,2192.2808771480077,2.206914813639883,7.0124465E-6,13.706486,0.010742611,0.2569749,0.0063661905,0.06207654,0.025067138,0.07425226,0.026407393,0.7569081,0.0038893016,0.050593168,0.0051721446,0.19853511,0.02231056,0.019347498,0.011891913,0.2569749,0.0063661905,"TWOGAUSSIANS_WITH_ELLIPSOIDAL_ON_ECLIPSE1",9,25.50081,0.7569081,0.0038472486,0.28332174,0.028964011,0.23720706,0.005461592,0.2569749,0.0063661905,0.34762862,0.14037597,0.1129242,0.040787958
375316653866487564,4248790835597142272,0.65317065,2171.459442632495,1.7732247837027544,4.8048582E-6,15.195274,0.0022031073,0.17032196,8.606408E-4,0.060900122,0.0019243306,0.18953845,0.007735853,0.67692846,0.011651322,0.040105503,0.014361139,0.02648958,0.005586015,0.056505516,0.0038055605,0.17032196,8.606408E-4,"TWOGAUSSIANS_WITH_ELLIPSOIDAL_ON_ECLIPSE1",9,7.7039404,0.17032196,8.606408E-4,0.34104067,0.010776252,0.30250832,0.0062095975,0.67692846,0.011430406,0.22459082,0.08042238,0.13926485,0.003936017
375316653866487564,4248791213554260480,0.5343339,2125.3326521106364,1.7804039818673785,1.6235863E-5,16.74712,0.0026210302,0.29321194,0.003257641,0.04414104,0.0051183417,0.110459,0.007885827,0.7872512,0.019646728,0.019828303,0.014681672,0.018416202,0.008081654,0.018538073,0.003357034,0.29321194,0.003257641,"TWOGAUSSIANS_WITH_ELLIPSOIDAL_ON_ECLIPSE1",9,5.127585,0.29321194,0.003257641,0.24718983,0.028662713,0.14753509,0.0076296465,0.7876012,0.016723132,0.11103849,0.08221736,0.055443365,0.006521027
375316653866487564,4248792347425649792,0.5485599,2222.104201246665,2.218648161377827,2.275011E-5,16.487776,0.01803886,0.2851433,0.005497323,0.102918416,0.020172985,0.12941027,0.014517952,0.7841118,0.0072205774,0.09714219,0.019555183,0.08028626,0.017195007,null,null,null,null,"TWOGAUSSIANS",8,3.7010858,0.2851433,0.0055060307,0.4,0.0,0.12053085,0.0044108685,0.7841118,0.007230758,0.4,0.0,0.071408495,0.0048643225
375316653866487564,4248793202117286400,0.49229625,2271.388556902204,0.03713901130503245,2.3329276E-5,18.332567,0.00699902,0.7320547,0.072121665,0.068955205,0.05707383,0.21547581,9.329938,0.507774,0.007794677,0.05575775,0.006256914,0.21440995,0.022891803,null,null,null,null,"TWOGAUSSIANS",8,7.6547427,0.73194474,0.07224958,0.38614917,0.31837356,0.2155418,9.329883,0.50854397,0.0077624256,0.3122434,0.03503872,0.21551648,0.022868507
375316653866487564,4248793992391276288,0.54307276,2239.133298181999,2.722377511047597,2.6320491E-5,17.229208,0.020274214,0.30619732,0.0036981774,0.09197832,0.0071454966,0.30501866,0.02012611,0.8100638,0.0037343644,0.099873856,0.011153141,0.26561454,0.015257389,null,null,null,null,"TWOGAUSSIANS",8,11.528745,0.30619732,0.0036981774,0.4,0.0,0.28701216,0.011065194,0.8100638,0.0037343644,0.4,0.0,0.2476063,0.010206747
375316653866487564,4248794683888130176,0.56561893,2095.844350124889,4.114557712209682,9.246122E-6,17.660902,0.02237654,0.21938734,0.0037288766,0.04844204,0.009612,0.193422,0.050766047,0.70356244,0.0023332846,0.05189532,0.009186191,0.29754615,0.044386502,0.11696921,0.03445808,0.21938734,0.0037288766,"TWOGAUSSIANS_WITH_ELLIPSOIDAL_ON_ECLIPSE1",9,16.47809,0.70582247,0.0016564856,0.2906138,0.051442668,0.5295047,0.03079242,0.21938734,0.0037288766,0.27127543,0.0538272,0.42735788,0.020399535
375316653866487564,4248797157789209472,0.6033023,2090.8264695544162,0.6583109941067067,2.3339862E-5,17.412598,0.007479445,0.18740219,0.0015274229,0.029873779,0.0011333616,1.3229368,0.033809375,0.6757905,0.0067830216,0.04033416,0.009184591,0.22153546,0.026128022,0.021995071,0.013677678,0.18740219,0.0015274229,"TWOGAUSSIANS_WITH_ELLIPSOIDAL_ON_ECLIPSE1",9,25.39631,0.18740219,0.0015274229,0.16729316,0.006346825,1.3669269,0.030175738,0.67608047,0.006611517,0.22587131,0.05143371,0.26529765,0.027434938
375316653866487564,4248799013215264768,0.6490565,2098.0174148256838,0.8044649761093932,4.081404E-6,16.476997,0.0028510748,0.27404988,0.002654334,0.03649314,0.002086805,0.18526891,0.011205647,0.77408946,7.159593E-4,0.03297128,0.0010355752,0.5080063,0.017277883,0.020621985,0.004357896,0.27404988,0.002654334,"TWOGAUSSIANS_WITH_ELLIPSOIDAL_ON_ECLIPSE1",9,8.489143,0.77408946,7.1523205E-4,0.18463917,0.0057992213,0.54925025,0.017274091,0.27404988,0.002654334,0.20436159,0.011686108,0.22651288,0.009507159
375316653866487564,4248803686139514240,0.5252225,2107.4820462118314,1.7162364335474989,1.2532529E-5,16.231855,0.0034344231,0.26263633,0.003154107,0.033831447,0.0078041214,0.041851413,0.016562385,0.728294,0.01634691,0.03840258,0.013433079,0.028020417,0.007000379,0.06083448,0.003855221,0.26263633,0.003154107,"TWOGAUSSIANS_WITH_ELLIPSOIDAL_ON_ECLIPSE1",9,18.724478,0.26263633,0.003154107,0.1894561,0.04370308,0.16352029,0.015518215,0.740084,0.013582399,0.21505445,0.07522525,0.1459727,0.0045646853
375316653866487564,4248804162870688000,0.54243636,2097.9889852902234,3.596103006437378,8.868709E-6,19.306503,0.0060317116,0.2801678,0.0021859577,0.07279957,0.0032327983,0.5210224,0.020354347,0.7744119,0.0027628264,0.075616404,0.0029460778,0.49722448,0.012895536,null,null,null,null,"TWOGAUSSIANS",8,2.4323351,0.2801678,0.0021859577,0.4,0.0,0.51796156,0.020809064,0.7744119,0.0027628264,0.4,0.0,0.49416366,0.013042983
375316653866487564,4248809321136755072,0.5434517,2100.112630541902,0.7628389602538376,1.2895356E-5,16.554724,8.3505694E-4,0.15214206,0.039234634,0.04150607,0.026049951,0.00791676,0.0046410044,0.800481,1.9791778E-5,0.0039788415,1.9500309E-5,0.26520512,0.0013178183,null,null,null,null,"TWOGAUSSIANS",8,2.9534435,0.800481,1.9791778E-5,0.02228151,1.0920173E-4,0.26520512,0.0013178183,0.15214206,0.039234634,0.23243399,0.14587973,0.00791676,0.0046410044
375316653866487564,4248813513025075584,0.5502128,2130.2095170119455,3.1495653885453656,1.1826882E-5,17.888391,0.008757612,0.15695538,0.024356928,0.02684494,0.021286746,0.13672285,0.06222083,0.6803252,0.002365933,0.040493507,0.007837051,0.12257752,0.019649038,0.13104063,0.0130183445,0.6803252,0.002365933,"TWOGAUSSIANS_WITH_ELLIPSOIDAL_ON_ECLIPSE2",9,9.254598,0.15923537,0.022579284,0.15033166,0.11920579,0.39373666,0.061797053,0.6803252,0.002365933,0.22676364,0.043887485,0.38465866,0.010784741
375316653866487564,4248813684823728384,0.4720914,2118.352841671529,0.519539550649912,2.101193E-5,17.63491,0.0015596524,0.28683048,0.008331835,0.003980972,0.009277782,0.0037689772,0.006717242,0.7790631,0.01200615,0.01837477,0.008685993,0.09524287,0.025130002,0.020129116,0.0024608297,0.28683048,0.008331835,"TWOGAUSSIANS_WITH_ELLIPSOIDAL_ON_ECLIPSE1",9,2.5724487,0.7791531,0.011478284,0.10289872,0.04864156,0.13540629,0.02730366,0.28683048,0.008331835,0.022293443,0.05195558,0.044027142,0.0067286086
375316653866487564,4248815024854702848,0.5019304,2097.412046110419,0.2620329035897431,4.5843192E-4,15.641221,0.020802634,0.3115969,0.02824842,0.008955528,0.10892997,2.5732632,2.4331806,null,null,null,null,null,null,null,null,null,null,"ONEGAUSSIAN",5,340.88394,0.3115969,0.02824842,0.050150957,0.34453547,2.5732632,0.0,null,null,null,null,null,null
375316653866487564,4248819594698906240,0.66029626,2081.3521332448363,1.1096984981757252,2.6781327E-6,13.851903,0.0022458273,0.20572141,0.0011073867,0.05286631,0.0054573817,0.059330065,0.0049812593,0.7041829,0.0013438332,0.059705205,0.0019181976,0.09574027,0.0048653204,0.0637593,0.0027648557,0.20572141,0.0011073867,"TWOGAUSSIANS_WITH_ELLIPSOIDAL_ON_ECLIPSE1",9,17.246048,0.7046029,8.239549E-4,0.33434916,0.010741906,0.2232359,0.0014998139,0.20572141,0.0011073867,0.29605132,0.03056134,0.18683437,0.0022567967
375316653866487564,4248819899631700352,0.43238947,2099.9742669784246,3.006712802835259,3.789527E-5,18.343147,0.0060333693,0.3473069,0.00781465,0.07297165,0.0061905696,0.1654362,0.012404124,0.67481875,0.01744142,0.031178989,0.034618538,0.037735652,0.026426386,null,null,null,null,"TWOGAUSSIANS",8,10.082296,0.3473069,0.00781465,0.4,0.0076648095,0.1654362,0.012404112,0.67481875,0.01744142,0.17460233,0.19386381,0.03774264,0.026416384
375316653866487564,4248822377837519232,0.68092537,2099.4916748165697,2.589812210080781,1.8391348E-6,15.641245,0.0054773907,0.23940927,6.837854E-4,0.04970929,0.0018876675,0.33260545,0.011729869,0.73898345,6.525951E-4,0.045474272,0.001334231,0.33837155,0.012251584,0.11136321,0.0069389967,0.23940927,6.837854E-4,"TWOGAUSSIANS_WITH_ELLIPSOIDAL_ON_ECLIPSE1",9,12.876919,0.73902345,5.697582E-4,0.25465593,0.0074716937,0.5610953,0.0048279404,0.23940927,6.837854E-4,0.27837202,0.010570938,0.55533063,0.005550753
375316653866487564,4248823649147669248,0.5278383,2080.5073696884197,2.415013134983765,1.5915564E-5,16.211422,0.0076475823,0.20986669,0.0024753988,0.03049972,0.0035632432,0.1138672,0.019323673,0.75166607,0.00436871,0.047358397,0.008765242,0.06702298,0.020549605,0.14708474,0.0112630045,0.75166607,0.00436871,"TWOGAUSSIANS_WITH_ELLIPSOIDAL_ON_ECLIPSE2",9,106.39324,0.2164767,0.0016078133,0.17079844,0.019954162,0.39124548,0.009601378,0.75166607,0.00436871,0.26520702,0.049085353,0.36119208,0.0122822225
375316653866487564,4248825813811372416,0.57918364,2094.2740516935105,2.5492234409514074,5.960395E-6,16.613493,0.011993157,0.27712712,0.0020047226,0.055936087,0.003487518,0.30023608,0.028381988,0.7859682,0.004571382,0.05326184,0.006422425,0.22561526,0.025196506,0.08415532,0.013730047,0.27712712,0.0020047226,"TWOGAUSSIANS_WITH_ELLIPSOIDAL_ON_ECLIPSE1",9,13.453839,0.27712712,0.0020047226,0.3132421,0.0195301,0.46853057,0.017014964,0.7859682,0.004571382,0.2982663,0.03596558,0.3933909,0.006966077
375316653866487564,4248827428719037568,0.60335726,2107.3901352899807,1.6451996980765202,6.3537277E-6,14.1240225,0.0042409166,0.22630064,0.0019973377,0.05117765,0.0072765183,0.047397625,0.0095701385,0.72521293,0.003048649,0.04632125,0.006172857,0.073404044,0.008053854,0.06639429,0.004625202,0.22630064,0.0019973377,"TWOGAUSSIANS_WITH_ELLIPSOIDAL_ON_ECLIPSE1",9,54.402958,0.725473,0.0023636543,0.259399,0.034567997,0.20618737,0.0058063087,0.22630064,0.0019973377,0.28659487,0.040748503,0.18018569,0.0051158224
375316653866487564,4248828115914003200,0.56226456,2094.7845437834626,3.01809811001707,8.224264E-6,17.621729,0.008123729,0.21667996,0.0025238027,0.07321688,0.0037215678,0.4931183,0.014017036,0.7182593,0.0030296308,0.069675684,0.0036243957,0.45135352,0.01708773,null,null,null,null,"TWOGAUSSIANS",8,14.615777,0.21667996,0.0025238027,0.4,0.0,0.49112487,0.013937238,0.7182593,0.0030296308,0.39018384,0.020141752,0.44936007,0.01714584
375316653866487564,4248829623437355392,0.5860021,2116.5108442073342,3.749663446582826,6.475306E-6,18.334661,0.013304651,0.24511851,0.0015670443,0.04717558,0.004799122,0.3109319,0.029756978,0.74419487,0.003155367,0.05208778,0.007020204,0.21657214,0.027274499,0.09785448,0.016211525,0.24511851,0.0015670443,"TWOGAUSSIANS_WITH_ELLIPSOIDAL_ON_ECLIPSE1",9,3.743292,0.24511851,0.0015670443,0.26418322,0.026875084,0.50663847,0.021548707,0.74434483,0.0026724883,0.29169157,0.03931314,0.4122732,0.014399723
375316653866487564,4248831036492068992,0.56756085,2089.979986825478,2.695013455958713,6.015878E-6,16.023767,0.0096185645,0.255692,0.0031169937,0.09283132,0.0050016996,0.38796803,0.017231548,0.75835615,0.0014387217,0.08752486,0.0031228024,0.46522325,0.010944683,null,null,null,null,"TWOGAUSSIANS",8,54.117645,0.75835615,0.0014387217,0.4,0.0,0.4478158,0.01063117,0.255692,0.0031169937,0.4,0.0,0.37056026,0.01848944
375316653866487564,4248831654967347584,0.49759844,2098.09975511188,0.7065681618651032,4.385244E-6,17.173702,0.0016232812,0.31845874,0.0149068665,0.017887533,0.016245516,0.095511824,0.031279683,0.81796366,5.036855E-4,0.013517742,6.557999E-4,0.15703133,0.015189976,null,null,null,null,"TWOGAUSSIANS",8,4.060444,0.81796366,5.036855E-4,0.07569935,0.0036724792,0.15703133,0.015189976,0.31845874,0.0149068665,0.10017018,0.09097489,0.095511824,0.031279683
