Gaia/vari_eclipsing_binary/VariEclipsingBinary_398020-399463.csv
# %ECSV 1.0
# ---
# delimiter: ','
# meta: !!omap
# - RELEASE: Gaia DR3
# - TABLE: vari_eclipsing_binary
# - DESCRIPTION: >
#     This table describes the properties of the eclipsing binaries resulting from the variability analysis. 
# - CITATION: >
#     How to cite and acknowledge Gaia: 
#     https://gea.esac.esa.int/archive/documentation/credits.html 
# - KNOWN_ISSUES: >
#     Known issues: 
#     https://www.cosmos.esa.int/web/gaia-users/known-issues 
# - DOCUMENTATION: >
#     Tutorials and documentation: 
#     https://www.cosmos.esa.int/web/gaia-users/archive 
# datatype:
# - 
#   name: solution_id
#   datatype: int64
#   description: Solution Identifier
#   meta:
#     ucd: meta.version
# - 
#   name: source_id
#   datatype: int64
#   description: Unique source identifier
#   meta:
#     ucd: meta.id;meta.main
# - 
#   name: global_ranking
#   datatype: float32
#   description: Number between 0 (worst) and 1 (best)
#   meta:
#     ucd: stat.param
# - 
#   name: reference_time
#   datatype: float64
#   unit: d
#   description: Reference time used for the geometric model fit
#   meta:
#     ucd: time.epoch
# - 
#   name: frequency
#   datatype: float64
#   unit: d**-1
#   description: Frequency of geometric model of the eclipsing binary light curve
#   meta:
#     ucd: src.orbital
# - 
#   name: frequency_error
#   datatype: float32
#   unit: d**-1
#   description: "Uncertainty of \\texttt{frequency}"
#   meta:
#     ucd: stat.error
# - 
#   name: geom_model_reference_level
#   datatype: float32
#   unit: mag
#   description: Magnitude reference level of geometric model
#   meta:
#     ucd: phot.mag;em.opt
# - 
#   name: geom_model_reference_level_error
#   datatype: float32
#   unit: mag
#   description: "Uncertainty of \\texttt{geomModelReferenceLevel}"
#   meta:
#     ucd: stat.error;phot.mag;em.opt
# - 
#   name: geom_model_gaussian1_phase
#   datatype: float32
#   description: Phase of the Gaussian 1 component
#   meta:
#     ucd: time.phase
# - 
#   name: geom_model_gaussian1_phase_error
#   datatype: float32
#   description: "Uncertainty of \\texttt{geomModelGaussian1Phase}"
#   meta:
#     ucd: stat.error;time.phase
# - 
#   name: geom_model_gaussian1_sigma
#   datatype: float32
#   description: "Standard deviation [phase] of Gaussian 1 component"
#   meta:
#     ucd: stat.stdev
# - 
#   name: geom_model_gaussian1_sigma_error
#   datatype: float32
#   description: "Uncertainty of \\texttt{geomModelGaussian1Sigma}"
#   meta:
#     ucd: stat.error
# - 
#   name: geom_model_gaussian1_depth
#   datatype: float32
#   unit: mag
#   description: Magnitude depth of Gaussian 1 component
#   meta:
#     ucd: src.var.amplitude
# - 
#   name: geom_model_gaussian1_depth_error
#   datatype: float32
#   unit: mag
#   description: "Uncertainty of \\texttt{geomModelGaussian1Depth}"
#   meta:
#     ucd: stat.error;src.var.amplitude
# - 
#   name: geom_model_gaussian2_phase
#   datatype: float32
#   description: Phase of Gaussian 2 component
#   meta:
#     ucd: time.phase
# - 
#   name: geom_model_gaussian2_phase_error
#   datatype: float32
#   description: "Uncertainty of \\texttt{geomModelGaussian2Phase}"
#   meta:
#     ucd: stat.error;time.phase
# - 
#   name: geom_model_gaussian2_sigma
#   datatype: float32
[...]
#   datatype: float32
#   description: "Secondary eclipse: uncertainty of \\texttt{derivedSecondaryEclDuration}"
#   meta:
#     ucd: stat.error;time.duration
# - 
#   name: derived_secondary_ecl_depth
#   datatype: float32
#   unit: mag
#   description: "Secondary eclipse: depth"
#   meta:
#     ucd: src.var.amplitude
# - 
#   name: derived_secondary_ecl_depth_error
#   datatype: float32
#   unit: mag
#   description: "Secondary eclipse: uncertainty of \\texttt{derivedSecondaryEclDepth}"
#   meta:
#     ucd: stat.error;src.var.amplitude
solution_id,source_id,global_ranking,reference_time,frequency,frequency_error,geom_model_reference_level,geom_model_reference_level_error,geom_model_gaussian1_phase,geom_model_gaussian1_phase_error,geom_model_gaussian1_sigma,geom_model_gaussian1_sigma_error,geom_model_gaussian1_depth,geom_model_gaussian1_depth_error,geom_model_gaussian2_phase,geom_model_gaussian2_phase_error,geom_model_gaussian2_sigma,geom_model_gaussian2_sigma_error,geom_model_gaussian2_depth,geom_model_gaussian2_depth_error,geom_model_cosine_half_period_amplitude,geom_model_cosine_half_period_amplitude_error,geom_model_cosine_half_period_phase,geom_model_cosine_half_period_phase_error,model_type,num_model_parameters,reduced_chi2,derived_primary_ecl_phase,derived_primary_ecl_phase_error,derived_primary_ecl_duration,derived_primary_ecl_duration_error,derived_primary_ecl_depth,derived_primary_ecl_depth_error,derived_secondary_ecl_phase,derived_secondary_ecl_phase_error,derived_secondary_ecl_duration,derived_secondary_ecl_duration_error,derived_secondary_ecl_depth,derived_secondary_ecl_depth_error
[from data line 220]
375316653866487564,3508689660346314624,0.54706234,2203.4995635648115,0.8026672559394648,6.549375E-5,18.449919,0.0057836846,0.15931682,3.453499E-4,0.013646974,3.3718254E-4,0.97627324,0.016269697,0.7218498,0.008233843,0.0142755825,0.005848975,0.3239032,0.18493898,0.02430478,0.007066678,0.7218498,0.008233843,"TWOGAUSSIANS_WITH_ELLIPSOIDAL_ON_ECLIPSE2",9,6.045593,0.15935682,3.3642497E-4,0.07642306,0.0018882222,1.0177613,0.0060465555,0.7218498,0.008233843,0.07994326,0.03275426,0.37251273,0.18535216
375316653866487564,3508752474243634944,0.5421857,2213.596188413056,1.9376667910975922,1.2447146E-5,15.273687,0.005054271,0.25578752,0.0030214465,0.067616746,0.0053008413,0.117941715,0.004730554,0.7527557,0.0071223318,0.08776226,0.013941794,0.08136387,0.008337029,null,null,null,null,"TWOGAUSSIANS",8,12.09951,0.25578752,0.0030214465,0.3786538,0.029684711,0.11694209,0.004194455,0.7527557,0.0071223318,0.4,0.0,0.080364235,0.008663953
375316653866487564,3508866922236146944,0.510002,2151.723206065293,1.9418493196949802,1.2358275E-5,17.438309,0.0019073648,null,null,null,null,null,null,null,null,null,null,null,null,0.048701856,0.002563513,0.25685087,0.004143699,"ELLIPSOIDAL",4,3.177831,null,null,null,null,null,null,null,null,null,null,null,null
375316653866487564,3508994504240615552,0.49032906,2159.0209849656194,0.28306553981995736,4.1707182E-5,14.51125,0.0074546183,0.41065952,0.017528744,0.012933986,0.026448868,0.51973355,0.41301617,null,null,null,null,null,null,null,null,null,null,"ONEGAUSSIAN",5,407.22256,0.41065952,0.017528744,0.07243033,0.14811367,0.51973355,0.0,null,null,null,null,null,null
375316653866487564,3508999005366339200,0.51861095,2195.7563848813434,0.5181364851033283,4.891547E-5,7.8702536,0.013400805,0.33734423,0.023982678,0.05726852,0.006995851,2.567059,1.4347422,0.8008764,0.06700594,0.077518076,0.06549735,0.14553617,0.034844115,null,null,null,null,"TWOGAUSSIANS",8,278.60953,0.33734423,0.023982678,0.32070372,0.039176766,2.5667326,1.4348639,0.8008764,0.06700594,0.4,0.27210832,0.14520961,0.03533873
375316653866487564,3509016765055272960,0.48156217,2172.838280200738,2.8923554305524553,5.106283E-5,16.721243,0.0072098235,0.33042052,0.006709803,0.038528025,0.008178373,0.20657684,0.03015845,0.82155347,0.022244662,0.07644763,0.033982366,0.08945057,0.04136444,null,null,null,null,"TWOGAUSSIANS",8,31.190973,0.33042052,0.006709803,0.21575694,0.045798887,0.20656452,0.030164419,0.82155347,0.022244662,0.4,0.11750664,0.08943824,0.041414894
375316653866487564,3509064903049099648,0.46870217,2184.2082988177312,2.2100144455308772,8.074485E-5,18.842186,0.008755647,0.28389263,0.015650844,0.099220514,0.01982389,0.14442378,0.021687772,0.694808,0.0354043,0.096308246,0.026906881,0.17296329,0.023337422,null,null,null,null,"TWOGAUSSIANS",8,3.256616,0.694808,0.0354043,0.4,0.0,0.16961846,0.020447688,0.28395265,0.014871397,0.4,0.0,0.141071,0.022534711
375316653866487564,3509071397039696384,0.54375017,2180.9834575659224,1.727398810555432,1.7318913E-5,18.707098,0.0047905804,0.87045014,0.0014721823,0.013301584,0.0010853802,0.46970388,0.057765834,null,null,null,null,null,null,null,null,null,null,"ONEGAUSSIAN",5,2.644961,0.87045014,0.0014721823,0.07448887,0.0060781287,0.46970388,0.0,null,null,null,null,null,null
375316653866487564,3509119161371607296,0.587789,2175.5810832074526,2.9365815686729704,1.6667022E-5,19.28353,0.017813068,0.17939553,0.0049999165,0.06860546,0.006442617,0.5921924,0.024371708,0.7310034,0.0010766045,0.037041206,0.0028653643,1.3284017,0.1921399,null,null,null,null,"TWOGAUSSIANS",8,3.1758842,0.7310034,0.0010766045,0.20743077,0.01604604,1.3283999,0.19214499,0.17939553,0.0049999165,0.3841906,0.03244789,0.5921906,0.024369365
375316653866487564,3509134588893923840,0.49965808,2186.4777174035858,3.869102248010707,3.2947126E-5,16.262007,0.0038074565,0.3334558,0.0040062745,0.017876731,0.004810042,0.053549375,0.05115191,0.7664542,0.010050383,0.061721932,0.04899461,0.021140289,0.011614748,0.053276446,0.0033269254,0.7664542,0.010050383,"TWOGAUSSIANS_WITH_ELLIPSOIDAL_ON_ECLIPSE2",9,29.722507,0.3305358,0.0031433061,0.1001097,0.026936235,0.1430264,0.05158681,0.7664542,0.010050383,0.34564283,0.25797704,0.12768735,0.009055039
375316653866487564,3509189182222890496,0.5392908,2144.416055952912,0.21728605628039177,2.6278532E-5,17.08509,0.0066602873,0.8093924,0.013171246,0.051537074,0.011197602,0.5268783,0.12001173,null,null,null,null,null,null,null,null,null,null,"ONEGAUSSIAN",5,27.887836,0.8093924,0.013171246,0.28860763,0.062706575,0.5268783,0.0,null,null,null,null,null,null
375316653866487564,3509198768590062848,0.5182154,2150.5526653112356,4.092803360057296,2.101733E-5,19.123556,0.03083704,0.31587318,0.013498625,0.092346504,0.02296129,0.18593764,0.027625684,0.7974986,0.00624535,0.10153888,0.01814884,0.21477772,0.0272004,null,null,null,null,"TWOGAUSSIANS",8,1.1114943,0.7974986,0.00624535,0.4,0.0,0.20354566,0.011002873,0.31587318,0.013493588,0.4,0.0,0.17470859,0.015996847
375316653866487564,3509211967024728960,0.44955748,2183.8193948594617,1.0369206509344222,3.2654516E-5,13.760144,0.013839361,0.18221954,0.008679312,0.06431457,0.018630456,0.060857065,0.013160537,0.70265967,0.00876696,0.11091053,0.05089318,0.060925633,0.010036662,null,null,null,null,"TWOGAUSSIANS",8,68.78616,0.70265967,0.00876696,0.4,0.0,0.059504442,0.014486658,0.18220954,0.008622528,0.3601616,0.098769724,0.05944219,0.01090629
375316653866487564,3509273677114771072,0.55395585,2139.1887162202615,4.489636329972026,1.6643924E-5,17.155853,0.03411674,0.32058346,0.006399126,0.100062214,0.014565708,0.30692017,0.029373538,0.7859484,0.012333572,0.1069448,0.020579534,0.24220735,0.03535535,null,null,null,null,"TWOGAUSSIANS",8,9.832645,0.32060346,0.0064206077,0.4,0.0,0.287648,0.014185488,0.7859484,0.012333572,0.4,0.0,0.22292188,0.018956427
375316653866487564,3509331332755787264,0.59469336,2164.841487691915,0.7511869081358674,4.9272832E-5,13.537744,0.0042960765,0.23445314,0.0031208966,0.049713906,0.004547254,0.11781972,0.0062119537,0.7491851,0.00831377,0.04040124,0.007117308,0.40655306,0.033274747,null,null,null,null,"TWOGAUSSIANS",8,114.508224,0.7491851,0.00831377,0.22624694,0.039856926,0.40655303,0.033274762,0.23445314,0.0031208966,0.27839786,0.025464624,0.11781968,0.00621195
375316653866487564,3509380600325161088,0.4882407,2136.853006225926,1.9125865856643616,2.9142942E-5,17.792917,0.0070149694,0.31828952,0.012548097,0.06582834,0.01250715,0.12111167,0.015769951,0.81596404,0.0011186856,0.034951605,0.0020284515,0.3260987,0.045122642,null,null,null,null,"TWOGAUSSIANS",8,7.2898803,0.81596404,0.0011186856,0.19572899,0.011359328,0.32609743,0.045123722,0.31828952,0.012548097,0.3686387,0.07004004,0.12111038,0.015770841
375316653866487564,3509430215786907776,0.51183075,2221.2162582991073,0.570231190985152,1.09248416E-4,18.85348,0.005745323,0.24246241,0.0013563269,0.023267847,0.0014348037,0.24993539,0.0047653695,0.6958715,0.0065056654,0.056793228,0.0265382,0.19093847,7.091133,null,null,null,null,"TWOGAUSSIANS",8,2.0046284,0.24246241,0.0013563269,0.13029994,0.008034901,0.24993539,0.0047653685,0.6958715,0.0065056654,0.31804207,0.14861393,0.19093847,7.091133
375316653866487564,3509437710505828992,0.6185729,2274.3518088116666,2.4606808114784604,3.5978017E-6,15.04868,0.003731942,0.18235277,9.19826E-4,0.07599391,0.0031283796,0.22218601,0.00653494,0.6848882,0.0027595626,0.09063135,0.0039705704,0.139205,0.0046324143,null,null,null,null,"TWOGAUSSIANS",8,6.063546,0.18235277,9.19826E-4,0.4,0.0,0.21857443,0.0071435627,0.6848882,0.0027595626,0.4,0.0,0.13559335,0.004145942
375316653866487564,3509494988189754112,0.53831494,2094.914494142012,3.7412028746583323,1.7725195E-5,17.664923,0.011278549,0.2874423,0.003383463,0.026662813,0.0067955307,0.119478695,0.022144204,0.79527104,0.0318738,0.028584799,0.025773741,0.061107013,0.033812437,0.11441781,0.016049646,0.2874423,0.003383463,"TWOGAUSSIANS_WITH_ELLIPSOIDAL_ON_ECLIPSE1",9,17.681364,0.2874423,0.003383463,0.14931177,0.038054973,0.34831426,0.022313973,0.79527104,0.03138896,0.16007487,0.14433296,0.2893893,0.013582068
375316653866487564,3509530997195469312,0.5438497,2258.91317986696,0.46248094312736165,1.2141177E-5,8.696767,0.0015985069,0.1619541,9.814264E-4,0.020536745,0.0012106673,0.09469942,0.0030895493,0.6631955,4.864155E-6,0.010419111,1.20971876E-4,0.12407983,0.001256719,null,null,null,null,"TWOGAUSSIANS",8,69.72288,0.6631955,4.864155E-6,0.05834702,6.7744247E-4,0.12407983,0.001256719,0.1619541,9.814264E-4,0.11500577,0.0067797373,0.09469942,0.0030895493
375316653866487564,3509537967927175168,0.46144652,2161.732110195505,2.2083915974251793,7.783382E-5,12.626729,0.12175731,0.19960389,0.011721946,0.14001775,0.08648081,0.10859285,0.1169026,0.7117165,0.012626668,0.1227049,0.05148343,0.121281676,0.1103363,null,null,null,null,"TWOGAUSSIANS",8,221.63414,0.7120665,0.011870585,0.4,0.0,0.08761883,0.009151994,0.19946389,0.0116699375,0.4,0.0,0.07460837,0.017378518
375316653866487564,3509555839286406016,0.45343867,2199.1925048070175,1.07020484122227,5.196569E-5,16.621881,0.0074218027,0.32894742,0.00259599,0.04546877,0.0063993433,0.258693,0.07844975,0.79399633,0.013948651,0.01695665,0.010324941,0.31861117,4.3837504,null,null,null,null,"TWOGAUSSIANS",8,115.65917,0.79399633,0.013948651,0.09495724,0.057819672,0.31861117,4.3837504,0.32894742,0.00259599,0.2546251,0.03583632,0.258693,0.07844975
375316653866487564,3509562195838016384,0.45079577,2214.6041298088935,0.30573843814510204,6.0174716E-5,14.918344,0.016614491,0.17796406,0.01560506,0.07149376,0.030786,0.16764535,0.03671644,0.6654544,0.011098981,0.07991847,0.020980272,0.05798695,0.018134143,null,null,null,null,"TWOGAUSSIANS",8,156.54044,0.17796406,0.01560506,0.4,0.14941667,0.16703382,0.0374547,0.6654544,0.011098981,0.4,0.007882244,0.05737542,0.016714973
375316653866487564,3509588648540568320,0.5207862,2121.162484277579,3.087747835794618,1.9738325E-5,18.237745,0.003714018,null,null,null,null,null,null,null,null,null,null,null,null,0.0991174,0.005996527,0.31640208,0.00388565,"ELLIPSOIDAL",4,4.3934073,null,null,null,null,null,null,null,null,null,null,null,null
375316653866487564,3509595352985369984,0.5405462,2152.9071605352406,4.750015074394075,1.5891841E-5,19.640108,0.011613474,0.31441444,0.0058635534,0.07854523,0.0072298716,0.47881934,0.024275996,0.81214267,0.0071069854,0.082541,0.01297016,0.3182014,0.079916805,null,null,null,null,"TWOGAUSSIANS",8,1.248071,0.31441444,0.0058635534,0.4,0.0,0.47282553,0.024798129,0.81214267,0.0071069854,0.4,0.0,0.31220758,0.08346994
375316653866487564,3509604080358953984,0.5660042,2188.6705322362504,3.456299248534435,9.34293E-6,15.283504,0.028725369,0.30921328,0.0030752183,0.056137085,0.009470908,0.2665507,0.05834463,0.81168634,0.00437585,0.05223486,0.008620676,0.24485794,0.06843162,0.043492377,0.032791957,0.30921328,0.0030752183,"TWOGAUSSIANS_WITH_ELLIPSOIDAL_ON_ECLIPSE1",9,99.97601,0.30921328,0.0030752183,0.31436768,0.053037085,0.3535201,0.016489537,0.81168634,0.004235651,0.29251522,0.048275784,0.33180633,0.028002271
375316653866487564,3509707739394596608,0.5960211,2165.644885658994,3.4238564304137413,1.3325925E-5,18.182598,0.011133516,0.1807432,0.0067239664,0.07467319,0.004474673,0.5088402,0.046195783,0.6921212,0.00927506,0.08368228,0.008135103,0.32851994,0.048835814,null,null,null,null,"TWOGAUSSIANS",8,4.4295,0.1807432,0.0067239664,0.4,0.0,0.50447243,0.046108894,0.6921212,0.00927506,0.4,0.0,0.3241522,0.049461067
375316653866487564,3509781406673628544,0.6385558,2223.5290540952465,2.9001188919546923,5.7933103E-6,15.188223,0.017680835,0.15679705,0.004554679,0.06487011,0.0044129738,0.38269737,0.04164278,0.66418236,0.0011308854,0.05772387,0.0046693026,0.38422322,0.038966198,0.06765229,0.023121955,0.66418236,0.0011308854,"TWOGAUSSIANS_WITH_ELLIPSOIDAL_ON_ECLIPSE2",9,50.742405,0.66418236,0.0011308854,0.32325366,0.026148096,0.5193505,0.02985325,0.15757705,0.004007243,0.3632726,0.024712654,0.5175641,0.014707785
375316653866487564,3509785946454065024,0.65602994,2231.648906099908,1.9495213037772274,6.2968074E-6,15.075918,0.0040468103,0.250161,0.0012953345,0.09372391,0.0015976706,0.36827144,0.005624432,0.7470286,0.0016924026,0.10370972,0.0018946528,0.32557768,0.00511729,null,null,null,null,"TWOGAUSSIANS",8,14.128496,0.250161,0.0012953345,0.4,0.0,0.34149462,0.0045855516,0.7470286,0.0016924026,0.4,0.0,0.29879543,0.0039433422
375316653866487564,3509814495101853056,0.5520555,2225.9751205003517,3.301680457405018,9.315381E-6,16.780226,0.00844857,0.2443886,0.0020920385,0.09449071,0.0043068808,0.25484154,0.008838955,0.7492578,0.0028440445,0.09179446,0.0058617448,0.20703049,0.008033618,null,null,null,null,"TWOGAUSSIANS",8,12.153425,0.2443886,0.0020920385,0.4,0.0,0.24315825,0.007190141,0.7492578,0.0028440445,0.4,0.0,0.1953475,0.0067394627
375316653866487564,3509815701987516544,0.50902265,2235.67624137551,2.436071029110003,1.8893164E-5,17.31922,0.004980524,0.22881973,0.006966721,0.093558475,0.011115354,0.07917716,0.0049602557,0.7333499,0.002835447,0.07634234,0.00555969,0.10527054,0.005687175,null,null,null,null,"TWOGAUSSIANS",8,2.996592,0.7333499,0.002835447,0.4,0.0,0.10310031,0.0051065586,0.22881973,0.006966721,0.4,0.0,0.077006824,0.00402849
375316653866487564,3509819408544156672,0.6216249,2257.6981273155134,3.171421854833224,6.411653E-6,17.751183,0.0077692713,0.27040765,0.0021335767,0.071491726,0.0035091918,0.4924448,0.008867423,0.77104145,0.0013971366,0.06948927,0.002142391,0.55201894,0.017862722,null,null,null,null,"TWOGAUSSIANS",8,7.674549,0.77104145,0.0013971366,0.38913992,0.011997389,0.5501158,0.017950488,0.27040765,0.0021335767,0.4,0.012011506,0.4905417,0.008783473
375316653866487564,3509829338510398464,0.6741427,2251.0604055927474,3.3209689995153346,5.4753255E-6,17.608303,0.009765446,0.25707194,0.0011231748,0.047368303,0.0028886585,0.3682948,0.02588172,0.7548826,0.0056574126,0.052767653,0.004837298,0.4020241,0.03631496,0.11838825,0.014332335,0.25707194,0.0011231748,"TWOGAUSSIANS_WITH_ELLIPSOIDAL_ON_ECLIPSE1",9,3.628193,0.7551326,0.0049677338,0.29549885,0.027088868,0.6387561,0.037385978,0.25707194,0.0011231748,0.26526248,0.016176488,0.60506654,0.014322822
375316653866487564,3509855662363361920,0.49738315,2189.0377909327976,2.275413926119818,2.4588317E-5,10.230645,0.03856115,0.20673528,0.0050378265,0.122397326,0.024866706,0.18540883,0.03442753,0.70832765,0.005070686,0.11137846,0.017399114,0.20308694,0.03763498,null,null,null,null,"TWOGAUSSIANS",8,61.094917,0.7083376,0.005099898,0.4,0.0,0.16450763,0.0104210125,0.20673528,0.0050313645,0.4,0.0,0.1467583,0.019567125
375316653866487564,3509862671749992832,0.4707903,2176.5346372118065,0.25142088844280636,3.36355E-5,19.220942,0.0055050543,null,null,null,null,null,null,null,null,null,null,null,null,0.10422626,0.006932926,0.246343,0.0069408333,"ELLIPSOIDAL",4,2.9329185,null,null,null,null,null,null,null,null,null,null,null,null
375316653866487564,3509882115066399232,0.50107676,2124.3862562722024,3.2104043822004646,6.318561E-5,18.616594,0.0049602,0.2135216,0.0074976115,0.041985,0.007397262,0.13624802,0.024378665,0.7787588,0.008612446,0.04132369,0.020779504,0.22448657,0.12477932,null,null,null,null,"TWOGAUSSIANS",8,1.9071901,0.7787588,0.008612446,0.23141268,0.116365224,0.22448657,0.124779515,0.2135216,0.0074976115,0.235116,0.041424666,0.13624802,0.024378674
375316653866487564,3509900669325675264,0.56433266,2237.5686500961756,0.16031114684442954,2.1957635E-4,18.188194,0.0041008745,0.16062337,0.06505607,0.025814282,0.060830534,0.347372,0.35425752,0.91156226,0.048814397,0.03869051,0.088039376,0.013626101,0.0059635052,null,null,null,null,"TWOGAUSSIANS",8,0.9557633,0.16062337,0.06505808,0.14455998,0.2739487,0.347372,0.35428372,0.91156226,0.048844807,0.21666686,0.25333458,0.013626101,0.0060002115
