Gaia/vari_eclipsing_binary/VariEclipsingBinary_023059-023264.csv
# %ECSV 1.0
# ---
# delimiter: ','
# meta: !!omap
# - RELEASE: Gaia DR3
# - TABLE: vari_eclipsing_binary
# - DESCRIPTION: >
#     This table describes the properties of the eclipsing binaries resulting from the variability analysis. 
# - CITATION: >
#     How to cite and acknowledge Gaia: 
#     https://gea.esac.esa.int/archive/documentation/credits.html 
# - KNOWN_ISSUES: >
#     Known issues: 
#     https://www.cosmos.esa.int/web/gaia-users/known-issues 
# - DOCUMENTATION: >
#     Tutorials and documentation: 
#     https://www.cosmos.esa.int/web/gaia-users/archive 
# datatype:
# - 
#   name: solution_id
#   datatype: int64
#   description: Solution Identifier
#   meta:
#     ucd: meta.version
# - 
#   name: source_id
#   datatype: int64
#   description: Unique source identifier
#   meta:
#     ucd: meta.id;meta.main
# - 
#   name: global_ranking
#   datatype: float32
#   description: Number between 0 (worst) and 1 (best)
#   meta:
#     ucd: stat.param
# - 
#   name: reference_time
#   datatype: float64
#   unit: d
#   description: Reference time used for the geometric model fit
#   meta:
#     ucd: time.epoch
# - 
#   name: frequency
#   datatype: float64
#   unit: d**-1
#   description: Frequency of geometric model of the eclipsing binary light curve
#   meta:
#     ucd: src.orbital
# - 
#   name: frequency_error
#   datatype: float32
#   unit: d**-1
#   description: "Uncertainty of \\texttt{frequency}"
#   meta:
#     ucd: stat.error
# - 
#   name: geom_model_reference_level
#   datatype: float32
#   unit: mag
#   description: Magnitude reference level of geometric model
#   meta:
#     ucd: phot.mag;em.opt
# - 
#   name: geom_model_reference_level_error
#   datatype: float32
#   unit: mag
#   description: "Uncertainty of \\texttt{geomModelReferenceLevel}"
#   meta:
#     ucd: stat.error;phot.mag;em.opt
# - 
#   name: geom_model_gaussian1_phase
#   datatype: float32
#   description: Phase of the Gaussian 1 component
#   meta:
#     ucd: time.phase
# - 
#   name: geom_model_gaussian1_phase_error
#   datatype: float32
#   description: "Uncertainty of \\texttt{geomModelGaussian1Phase}"
#   meta:
#     ucd: stat.error;time.phase
# - 
#   name: geom_model_gaussian1_sigma
#   datatype: float32
#   description: "Standard deviation [phase] of Gaussian 1 component"
#   meta:
#     ucd: stat.stdev
# - 
#   name: geom_model_gaussian1_sigma_error
#   datatype: float32
#   description: "Uncertainty of \\texttt{geomModelGaussian1Sigma}"
#   meta:
#     ucd: stat.error
# - 
#   name: geom_model_gaussian1_depth
#   datatype: float32
#   unit: mag
#   description: Magnitude depth of Gaussian 1 component
#   meta:
#     ucd: src.var.amplitude
# - 
#   name: geom_model_gaussian1_depth_error
#   datatype: float32
#   unit: mag
#   description: "Uncertainty of \\texttt{geomModelGaussian1Depth}"
#   meta:
#     ucd: stat.error;src.var.amplitude
# - 
#   name: geom_model_gaussian2_phase
#   datatype: float32
#   description: Phase of Gaussian 2 component
#   meta:
#     ucd: time.phase
# - 
#   name: geom_model_gaussian2_phase_error
#   datatype: float32
#   description: "Uncertainty of \\texttt{geomModelGaussian2Phase}"
#   meta:
#     ucd: stat.error;time.phase
# - 
#   name: geom_model_gaussian2_sigma
#   datatype: float32
[...]
#   datatype: float32
#   description: "Secondary eclipse: uncertainty of \\texttt{derivedSecondaryEclDuration}"
#   meta:
#     ucd: stat.error;time.duration
# - 
#   name: derived_secondary_ecl_depth
#   datatype: float32
#   unit: mag
#   description: "Secondary eclipse: depth"
#   meta:
#     ucd: src.var.amplitude
# - 
#   name: derived_secondary_ecl_depth_error
#   datatype: float32
#   unit: mag
#   description: "Secondary eclipse: uncertainty of \\texttt{derivedSecondaryEclDepth}"
#   meta:
#     ucd: stat.error;src.var.amplitude
solution_id,source_id,global_ranking,reference_time,frequency,frequency_error,geom_model_reference_level,geom_model_reference_level_error,geom_model_gaussian1_phase,geom_model_gaussian1_phase_error,geom_model_gaussian1_sigma,geom_model_gaussian1_sigma_error,geom_model_gaussian1_depth,geom_model_gaussian1_depth_error,geom_model_gaussian2_phase,geom_model_gaussian2_phase_error,geom_model_gaussian2_sigma,geom_model_gaussian2_sigma_error,geom_model_gaussian2_depth,geom_model_gaussian2_depth_error,geom_model_cosine_half_period_amplitude,geom_model_cosine_half_period_amplitude_error,geom_model_cosine_half_period_phase,geom_model_cosine_half_period_phase_error,model_type,num_model_parameters,reduced_chi2,derived_primary_ecl_phase,derived_primary_ecl_phase_error,derived_primary_ecl_duration,derived_primary_ecl_duration_error,derived_primary_ecl_depth,derived_primary_ecl_depth_error,derived_secondary_ecl_phase,derived_secondary_ecl_phase_error,derived_secondary_ecl_duration,derived_secondary_ecl_duration_error,derived_secondary_ecl_depth,derived_secondary_ecl_depth_error
[from data line 650]
375316653866487564,203977243952623232,0.5311358,2260.366917600365,2.1574335844477415,1.3433352E-6,19.003736,0.010332735,0.6259991,1.8544854E-6,0.0075259344,5.1100994E-4,0.92875415,0.042660594,null,null,null,null,null,null,null,null,null,null,"ONEGAUSSIAN",5,8.544305,0.6259991,1.8544854E-6,0.042145234,0.0028616556,0.92875415,0.0,null,null,null,null,null,null
375316653866487564,203978201732146048,0.45135954,2249.4683305306053,1.3377873500754607,4.2842337E-5,19.778538,0.009819804,0.28654867,0.0227642,0.064048044,0.01755637,0.15708692,0.037248727,0.79936683,0.0066061695,0.03072441,0.009544549,0.35071093,0.1302248,null,null,null,null,"TWOGAUSSIANS",8,4.635932,0.79936683,0.0066061695,0.1720567,0.05344947,0.35071075,0.13022546,0.28654867,0.0227642,0.35866904,0.09831567,0.15708676,0.037248738
375316653866487564,203979477338331392,0.539031,2272.2461619830287,0.3866685184585963,3.0004032E-6,14.894917,4.5659204E-4,0.2701315,8.487827E-4,0.012060718,5.5001205E-4,0.09676272,0.01237658,0.76889586,0.008780058,0.013069233,0.0055543445,0.067579694,0.07315377,0.0024020174,8.8273647E-4,0.2701315,8.487827E-4,"TWOGAUSSIANS_WITH_ELLIPSOIDAL_ON_ECLIPSE1",9,4.8022227,0.2701315,8.487827E-4,0.06754002,0.0030800675,0.10156675,0.012421365,0.76889586,0.008780058,0.0731877,0.03110433,0.07238343,0.07324143
375316653866487564,203981981302959872,0.5220168,2272.3502781357897,0.8065886939878276,1.4173072E-5,15.033119,0.0034327547,0.24267033,0.003416206,0.05002086,0.0036699492,0.10989758,0.008234602,0.7120631,0.010577185,0.05116441,0.025258955,0.10434279,0.053507235,null,null,null,null,"TWOGAUSSIANS",8,20.9721,0.24267033,0.003416206,0.2801168,0.020551717,0.10989736,0.008224325,0.7120631,0.010577185,0.28652072,0.11433875,0.10434256,0.05354218
375316653866487564,203982157398040448,0.6728662,2286.1226822906497,0.5521124185088475,1.7589507E-6,14.416204,0.0024702772,0.2798116,9.1392914E-4,0.030755732,8.500576E-4,0.2755661,0.006331344,0.7791409,0.010504146,0.034350112,0.011801145,0.21349706,0.040261686,0.016060976,0.0032283624,0.2798116,9.1392914E-4,"TWOGAUSSIANS_WITH_ELLIPSOIDAL_ON_ECLIPSE1",9,20.973263,0.2798116,9.1392914E-4,0.1722321,0.0047603226,0.30768797,0.0021691239,0.7791509,0.010492492,0.19236064,0.06608641,0.24561839,0.040487338
375316653866487564,203984283405895680,0.55162615,2305.0877211766588,4.861787550688848,1.847859E-5,18.315557,0.0028527668,0.15381123,0.012096353,0.013738194,0.008415724,0.24726222,0.23045649,0.6468333,0.0020005018,0.0075937,0.0012487542,0.8498864,0.32768124,null,null,null,null,"TWOGAUSSIANS",8,4.88954,0.6468333,0.0020005018,0.04252472,0.006993023,0.8498864,0.32768124,0.15381123,0.012096353,0.07693388,0.047128055,0.24726222,0.23045649
375316653866487564,203985108039677184,0.55365366,2278.857103881296,1.8384542639218464,4.4172677E-5,16.153294,0.0012525971,0.081038184,6.986887E-4,0.010470824,0.0065008714,0.20534769,0.0023378711,0.6039652,0.05899717,0.1181602,0.031108832,0.005398307,0.0023403026,null,null,null,null,"TWOGAUSSIANS",8,8.705091,0.081038184,6.986887E-4,0.058636617,0.036404878,0.20534702,0.0023438549,0.6039652,0.05899717,0.4,0.0,0.0053957803,0.002338728
375316653866487564,203985795234059264,0.47681335,2248.8189626399176,0.31240588770164723,3.792372E-5,19.918541,0.017565345,0.89956754,0.0018961058,0.014913977,0.0020192454,0.31679732,0.03014468,0.6543042,0.0069771656,0.05286026,0.004791169,0.5046196,0.03837505,null,null,null,null,"TWOGAUSSIANS",8,5.6706877,0.6543042,0.0069771656,0.29601747,0.026830547,0.5046196,0.03837505,0.89956754,0.0018961058,0.083518274,0.011307775,0.316808,0.03015174
375316653866487564,203986658523752704,0.5678967,2253.3177702311446,0.43194016818528835,1.592121E-5,16.529198,0.0010385201,0.7110882,0.003733191,0.021297041,0.0037227704,0.29667452,0.07740402,0.84432214,0.0020561684,0.0046097827,0.0027003565,0.010479104,0.009887087,null,null,null,null,"TWOGAUSSIANS",8,6.7197065,0.7110882,0.003733191,0.11926343,0.020847514,0.29667452,0.07740402,0.84432214,0.0020561684,0.025814783,0.015121996,0.010479105,0.009887087
375316653866487564,203987788099405440,0.53034765,2259.1317292558992,2.1714767611359895,1.6377435E-5,16.977673,0.005590759,0.3121639,0.006810778,0.027606353,0.014843771,0.07688642,0.01781332,0.8070281,0.001057099,0.03879832,0.001674272,0.38345286,0.02074918,0.024840752,0.013175617,0.3121639,0.006810778,"TWOGAUSSIANS_WITH_ELLIPSOIDAL_ON_ECLIPSE1",9,35.273876,0.8071081,0.0010289422,0.2172706,0.009375923,0.43308342,0.020682538,0.3121639,0.006810778,0.15459557,0.08312512,0.1265679,0.025321586
375316653866487564,203989231208527616,0.6234365,2270.3727928053404,0.4848885250068361,4.201699E-6,17.101873,0.0012177578,0.2042922,9.771077E-4,0.022899484,8.3271024E-4,0.30096304,0.0150529975,0.7051407,6.037381E-4,0.022498563,0.0011989423,0.29808345,0.0067011234,null,null,null,null,"TWOGAUSSIANS",8,2.5223157,0.2042922,9.771077E-4,0.12823711,0.0046631773,0.30096304,0.0150529975,0.7051407,6.037381E-4,0.12599196,0.0067140767,0.29808345,0.0067011234
375316653866487564,203990163217433088,0.4683726,2269.9371781757222,0.25424254250600486,1.4952244E-4,18.27309,0.005905887,0.57299,0.022540618,0.048496395,0.036100168,0.06894791,0.026043955,0.84301394,0.0076033515,0.004571316,0.0031448074,0.57876194,1.2272615,0.02293026,0.007994137,0.84301394,0.0076033515,"TWOGAUSSIANS_WITH_ELLIPSOIDAL_ON_ECLIPSE2",9,9.279667,0.84301394,0.0076033515,0.025599368,0.017610922,0.62462246,1.2289348,0.57021,0.027449325,0.2715798,0.1526937,0.069769785,0.02578876
375316653866487564,203990674317541376,0.70633364,2270.6288506023375,0.21371845738048792,1.12865746E-4,15.613782,5.570835E-4,0.90931094,0.032336354,0.021911189,0.032321062,0.0061643403,0.006148827,0.5358877,1.5015389E-6,0.0119883185,9.477499E-6,0.56724805,5.452966E-4,null,null,null,null,"TWOGAUSSIANS",8,2.3203316,0.5358877,1.5015389E-6,0.06713458,5.3073993E-5,0.56724805,5.452966E-4,0.90931094,0.032336354,0.122702666,0.18099794,0.0061643403,0.006148827
375316653866487564,203992877636236416,0.53612477,2262.914130343062,3.4713452207637903,3.4819932E-5,17.295404,0.0021898632,0.38283062,7.7498E-5,0.035966884,1.7948115E-4,1.1303072,0.008337249,null,null,null,null,null,null,null,null,null,null,"ONEGAUSSIAN",5,12.536532,0.38283062,7.7498E-5,0.20141456,0.0010050945,1.1303072,0.0,null,null,null,null,null,null
375316653866487564,203996897722657536,0.63843155,2257.275379851381,3.224307050907982,4.1889875E-6,18.586138,0.0062898872,0.24044387,0.0010189884,0.045768194,0.002624844,0.49358284,0.04254431,0.74658453,7.224282E-4,0.040808238,0.001559324,0.41983244,0.018106464,0.12651062,0.009379798,0.24044387,0.0010189884,"TWOGAUSSIANS_WITH_ELLIPSOIDAL_ON_ECLIPSE1",9,1.6290369,0.24044387,0.0010189884,0.2563019,0.014699127,0.7466039,0.04378375,0.74658453,7.224282E-4,0.22852613,0.008732215,0.67247707,0.013657308
375316653866487564,203998920652465152,0.46413746,2277.003065956395,0.09272972046902513,6.689673E-5,18.03798,0.0031218647,0.044990737,0.01534484,0.031191226,0.01267489,0.022829808,0.0067918827,0.74450105,0.003981648,0.023552684,0.008483726,0.2497564,0.17664899,null,null,null,null,"TWOGAUSSIANS",8,3.2299135,0.74450105,0.003981648,0.13189504,0.047508862,0.2497564,0.17664899,0.044990737,0.01534484,0.17467086,0.07097939,0.022829808,0.0067918827
375316653866487564,204001845528273152,0.46734896,2273.5473758525527,0.47852701104906986,3.5655554E-5,17.668505,0.0018882481,0.13407208,0.0028203907,0.01379989,0.004051794,0.02842299,0.008580809,0.82307446,0.0090573225,0.0067094024,0.0034779243,0.3287822,0.11158068,null,null,null,null,"TWOGAUSSIANS",8,2.789212,0.82307446,0.0090573225,0.037572652,0.019476376,0.3287822,0.11158068,0.13407208,0.0028203907,0.07727938,0.022690047,0.02842299,0.008580809
375316653866487564,204004761808299904,0.6333963,2251.5329032532645,0.45985292575430015,2.9780595E-6,13.113698,0.018621124,0.28542888,5.947958E-4,0.028065767,9.778296E-4,1.6980609,0.05101739,0.76916564,0.017400177,0.01101785,0.014381494,0.08456673,0.067489386,0.04750223,0.02781337,0.76916564,0.017400177,"TWOGAUSSIANS_WITH_ELLIPSOIDAL_ON_ECLIPSE2",9,682.5615,0.2853689,5.721674E-4,0.1571683,0.005475845,1.79208,0.04732231,0.76916564,0.017400177,0.06169996,0.08053637,0.1795711,0.024869874
375316653866487564,204011328815526400,0.520087,2265.500443176954,3.1760674106423954,1.5262085E-5,16.935106,0.29632804,0.22840014,0.0028769034,0.20047104,0.035509903,0.5144902,0.2707442,0.7227755,0.0028196194,0.18358836,0.024589008,0.49874234,0.22703852,null,null,null,null,"TWOGAUSSIANS",8,3.0138557,0.7227755,0.0028196194,0.4,0.0,0.118560545,0.0045593577,0.23162015,0.002629297,0.4,0.0,0.11290344,0.005269959
375316653866487564,204013420463919360,0.50294083,2254.0291067044377,1.7311493578128248,2.1328897E-5,17.63849,0.019353742,0.3160646,0.00650978,0.123032466,0.026450813,0.078736655,0.01800667,0.8090338,0.0039888513,0.10732747,0.016135123,0.09845559,0.017611835,null,null,null,null,"TWOGAUSSIANS",8,1.492744,0.8090338,0.0039888513,0.4,0.0,0.08309366,0.0035582345,0.31607458,0.0065107085,0.4,0.0,0.06333686,0.003923753
375316653866487564,204014348177230336,0.5166328,2267.374434355092,1.3064566925697405,1.9735244E-5,16.876879,0.0033462634,0.19345546,0.013544852,0.03504302,0.011013197,0.008055903,0.019260598,0.6672371,0.0017866491,0.032079186,0.0025548881,0.18614103,0.015450798,0.022284556,0.005896884,0.19345546,0.013544852,"TWOGAUSSIANS_WITH_ELLIPSOIDAL_ON_ECLIPSE1",9,13.30192,0.6677271,0.0017701434,0.17964344,0.014307373,0.22953384,0.013190353,0.19345546,0.013544852,0.19624092,0.061673906,0.052625015,0.015314972
375316653866487564,204014764789355904,0.497404,2274.4127866310387,1.2568601785728972,4.144064E-5,16.635168,0.0013446745,0.2206929,0.010507982,0.035603885,0.031840384,0.008255797,0.007993663,0.7199254,0.002633943,0.02120141,0.0022239946,0.06875113,0.0038077459,0.0096740285,0.001763172,0.2206929,0.010507982,"TWOGAUSSIANS_WITH_ELLIPSOIDAL_ON_ECLIPSE1",9,2.9158988,0.7199354,0.0026071898,0.11872789,0.01245437,0.0880987,0.0023439124,0.2206929,0.010507982,0.19938174,0.17830616,0.027603816,0.007106241
375316653866487564,204015314545151872,0.4827755,2257.764456550202,0.06842972710020531,6.806292E-5,19.582592,0.010130183,0.149837,0.007662474,0.016037228,0.006596038,0.3741679,0.045979504,0.52278894,0.012524731,0.110345624,0.009828371,0.39582255,0.04432069,null,null,null,null,"TWOGAUSSIANS",8,5.0536876,0.52278894,0.012524731,0.4,0.0,0.395795,0.0443277,0.149867,0.007681865,0.08980847,0.036937814,0.37544993,0.046318732
375316653866487564,204017032529216640,0.45425895,2206.9236363753976,3.2671677182199512,4.5679233E-5,19.69193,0.0210884,0.14966142,0.005250387,0.064566486,0.012086885,0.20352876,0.017817179,0.6907062,0.04082718,0.044568356,0.032995965,0.16673109,0.032176174,null,null,null,null,"TWOGAUSSIANS",8,2.1281362,0.14966142,0.005250387,0.3615723,0.05285466,0.20352706,0.017126195,0.6907062,0.04082718,0.24958278,0.16841182,0.16672939,0.030936515
375316653866487564,204021460642612096,0.6204549,2257.337825007024,3.4644408960508155,4.2293077E-6,17.920673,0.011319618,0.20660548,0.0015851682,0.048161175,0.0034492537,0.32240444,0.024526808,0.7060164,0.0030920352,0.054993004,0.004104583,0.33663478,0.0262193,0.0845081,0.0147672305,0.20660548,0.0015851682,"TWOGAUSSIANS_WITH_ELLIPSOIDAL_ON_ECLIPSE1",9,2.8932292,0.70607644,0.002918571,0.3079608,0.022985665,0.50563747,0.011665495,0.20660548,0.0015851682,0.26970258,0.01931582,0.49140924,0.009188226
375316653866487564,204023767037820928,0.5396517,2270.112297613681,3.2288324591865347,1.9925184E-5,18.92943,0.011558613,0.23799019,0.0022578547,0.08239162,0.007089988,0.3052933,0.015426753,0.74275833,0.0034347295,0.079239234,0.0059516234,0.3192941,0.01150382,null,null,null,null,"TWOGAUSSIANS",8,2.2269096,0.74275833,0.0034347295,0.4,0.0,0.31453645,0.010805358,0.23799019,0.0022578547,0.4,0.0,0.30053565,0.016791664
375316653866487564,204025618171326080,0.5343999,2266.068266772358,3.6405125077982894,2.173821E-5,19.38865,0.008965385,0.24682425,0.0040601646,0.07591527,0.004391519,0.41968754,0.017021604,0.7462963,0.0027668534,0.07241807,0.0039074523,0.520245,0.020475306,null,null,null,null,"TWOGAUSSIANS",8,2.2915368,0.7462963,0.0027668534,0.4,0.011339741,0.5171078,0.02077689,0.24682425,0.0040601646,0.4,0.0,0.4165503,0.016915089
375316653866487564,204026442805345280,0.47824895,2302.5536424357665,0.03568113171376809,4.9262024E-5,17.85035,0.0038898122,0.25180104,0.0065355217,0.062444795,0.0052130935,0.6485331,0.19784544,0.88127047,0.005401034,0.057970442,0.0054775127,0.05647111,0.0050444626,null,null,null,null,"TWOGAUSSIANS",8,3.8657937,0.25180104,0.0065355217,0.34969085,0.029193323,0.6485326,0.19784577,0.88127047,0.005401034,0.3246345,0.030674072,0.05647067,0.005044135
375316653866487564,204028470030058240,0.554576,2274.437404195808,1.201700058331629,7.7591816E-5,18.342455,0.0019505232,0.4372845,0.014309054,0.02107842,0.015870415,0.029366411,0.019238621,0.6790043,0.003507606,0.0350124,0.0023492721,0.3371623,0.010276702,null,null,null,null,"TWOGAUSSIANS",8,1.1443441,0.6790043,0.003507606,0.19606946,0.013155923,0.3371623,0.010276702,0.4372845,0.014309054,0.11803915,0.08887432,0.029366411,0.019238621
375316653866487564,204029672621146496,0.6212716,2310.6044528656043,3.801080004015466,9.5225E-6,18.473848,0.015541956,0.22828162,0.0010682805,0.051164325,0.0027528664,0.45645833,0.03711198,0.7312534,0.005513826,0.045680013,0.006926907,0.43808734,0.04345145,0.13471445,0.020696616,0.22828162,0.0010682805,"TWOGAUSSIANS_WITH_ELLIPSOIDAL_ON_ECLIPSE1",9,3.9034421,0.22828162,0.0010682805,0.2865202,0.015416052,0.72588384,0.01602937,0.7312534,0.005339691,0.25580806,0.03879068,0.7074189,0.054644786
375316653866487564,204033868803812352,0.5316016,2259.479383173467,4.066323117221041,9.805507E-5,19.441158,0.005949082,0.29064387,1.8543829E-4,0.00864747,2.5326275E-4,1.0978851,0.054566156,0.8194358,0.08935506,0.07806697,0.038202472,0.049596433,0.023056917,null,null,null,null,"TWOGAUSSIANS",8,2.2400956,0.29064387,1.8543829E-4,0.048425835,0.0014182715,1.0978851,0.054566152,0.8194358,0.08935506,0.4,0.15364136,0.049596433,0.023056917
375316653866487564,204039877463223424,0.5933668,2269.9782976769957,3.2842821056000187,7.2439793E-6,17.862514,0.010202685,0.19540177,0.0019580089,0.045721013,0.004856568,0.16586387,0.023555497,0.69265217,0.0035407834,0.04936879,0.008661753,0.26470983,0.034529626,0.113125846,0.012642144,0.19540177,0.0019580089,"TWOGAUSSIANS_WITH_ELLIPSOIDAL_ON_ECLIPSE1",9,6.378432,0.69304216,0.002993444,0.27646524,0.048505817,0.4909025,0.052507192,0.19540177,0.0019580089,0.25603768,0.02719678,0.39211455,0.011258854
375316653866487564,204047470965791744,0.5005135,2254.334913264983,0.8348456067650624,2.5730293E-5,17.481905,0.002135502,0.35351256,0.022716796,0.016982006,0.011826351,0.274266,0.14532724,0.8661397,1.9600224E-8,0.007920263,4.5168E-5,1.0456666,0.008318492,null,null,null,null,"TWOGAUSSIANS",8,18.778944,0.8661397,1.9600224E-8,0.044353474,2.5294078E-4,1.0456666,0.008318492,0.35351256,0.022716796,0.09509923,0.06622757,0.274266,0.14532724
375316653866487564,204049463830900992,0.49475372,2271.5430423717453,3.9274944444172277,1.4917763E-5,18.500298,0.0047987173,0.20489322,0.009758777,0.07913527,0.008285029,0.121403344,0.018888593,0.69484186,0.0064320173,0.0630785,0.0074932184,0.11535291,0.011900875,null,null,null,null,"TWOGAUSSIANS",8,2.172918,0.20489322,0.009758777,0.4,0.0,0.12102375,0.018984668,0.69484186,0.0064320173,0.3532396,0.041962024,0.114973314,0.011968374
