Gaia/vari_eclipsing_binary/VariEclipsingBinary_641678-641805.csv
# %ECSV 1.0
# ---
# delimiter: ','
# meta: !!omap
# - RELEASE: Gaia DR3
# - TABLE: vari_eclipsing_binary
# - DESCRIPTION: >
#     This table describes the properties of the eclipsing binaries resulting from the variability analysis. 
# - CITATION: >
#     How to cite and acknowledge Gaia: 
#     https://gea.esac.esa.int/archive/documentation/credits.html 
# - KNOWN_ISSUES: >
#     Known issues: 
#     https://www.cosmos.esa.int/web/gaia-users/known-issues 
# - DOCUMENTATION: >
#     Tutorials and documentation: 
#     https://www.cosmos.esa.int/web/gaia-users/archive 
# datatype:
# - 
#   name: solution_id
#   datatype: int64
#   description: Solution Identifier
#   meta:
#     ucd: meta.version
# - 
#   name: source_id
#   datatype: int64
#   description: Unique source identifier
#   meta:
#     ucd: meta.id;meta.main
# - 
#   name: global_ranking
#   datatype: float32
#   description: Number between 0 (worst) and 1 (best)
#   meta:
#     ucd: stat.param
# - 
#   name: reference_time
#   datatype: float64
#   unit: d
#   description: Reference time used for the geometric model fit
#   meta:
#     ucd: time.epoch
# - 
#   name: frequency
#   datatype: float64
#   unit: d**-1
#   description: Frequency of geometric model of the eclipsing binary light curve
#   meta:
#     ucd: src.orbital
# - 
#   name: frequency_error
#   datatype: float32
#   unit: d**-1
#   description: "Uncertainty of \\texttt{frequency}"
#   meta:
#     ucd: stat.error
# - 
#   name: geom_model_reference_level
#   datatype: float32
#   unit: mag
#   description: Magnitude reference level of geometric model
#   meta:
#     ucd: phot.mag;em.opt
# - 
#   name: geom_model_reference_level_error
#   datatype: float32
#   unit: mag
#   description: "Uncertainty of \\texttt{geomModelReferenceLevel}"
#   meta:
#     ucd: stat.error;phot.mag;em.opt
# - 
#   name: geom_model_gaussian1_phase
#   datatype: float32
#   description: Phase of the Gaussian 1 component
#   meta:
#     ucd: time.phase
# - 
#   name: geom_model_gaussian1_phase_error
#   datatype: float32
#   description: "Uncertainty of \\texttt{geomModelGaussian1Phase}"
#   meta:
#     ucd: stat.error;time.phase
# - 
#   name: geom_model_gaussian1_sigma
#   datatype: float32
#   description: "Standard deviation [phase] of Gaussian 1 component"
#   meta:
#     ucd: stat.stdev
# - 
#   name: geom_model_gaussian1_sigma_error
#   datatype: float32
#   description: "Uncertainty of \\texttt{geomModelGaussian1Sigma}"
#   meta:
#     ucd: stat.error
# - 
#   name: geom_model_gaussian1_depth
#   datatype: float32
#   unit: mag
#   description: Magnitude depth of Gaussian 1 component
#   meta:
#     ucd: src.var.amplitude
# - 
#   name: geom_model_gaussian1_depth_error
#   datatype: float32
#   unit: mag
#   description: "Uncertainty of \\texttt{geomModelGaussian1Depth}"
#   meta:
#     ucd: stat.error;src.var.amplitude
# - 
#   name: geom_model_gaussian2_phase
#   datatype: float32
#   description: Phase of Gaussian 2 component
#   meta:
#     ucd: time.phase
# - 
#   name: geom_model_gaussian2_phase_error
#   datatype: float32
#   description: "Uncertainty of \\texttt{geomModelGaussian2Phase}"
#   meta:
#     ucd: stat.error;time.phase
# - 
#   name: geom_model_gaussian2_sigma
#   datatype: float32
[...]
#   datatype: float32
#   description: "Secondary eclipse: uncertainty of \\texttt{derivedSecondaryEclDuration}"
#   meta:
#     ucd: stat.error;time.duration
# - 
#   name: derived_secondary_ecl_depth
#   datatype: float32
#   unit: mag
#   description: "Secondary eclipse: depth"
#   meta:
#     ucd: src.var.amplitude
# - 
#   name: derived_secondary_ecl_depth_error
#   datatype: float32
#   unit: mag
#   description: "Secondary eclipse: uncertainty of \\texttt{derivedSecondaryEclDepth}"
#   meta:
#     ucd: stat.error;src.var.amplitude
solution_id,source_id,global_ranking,reference_time,frequency,frequency_error,geom_model_reference_level,geom_model_reference_level_error,geom_model_gaussian1_phase,geom_model_gaussian1_phase_error,geom_model_gaussian1_sigma,geom_model_gaussian1_sigma_error,geom_model_gaussian1_depth,geom_model_gaussian1_depth_error,geom_model_gaussian2_phase,geom_model_gaussian2_phase_error,geom_model_gaussian2_sigma,geom_model_gaussian2_sigma_error,geom_model_gaussian2_depth,geom_model_gaussian2_depth_error,geom_model_cosine_half_period_amplitude,geom_model_cosine_half_period_amplitude_error,geom_model_cosine_half_period_phase,geom_model_cosine_half_period_phase_error,model_type,num_model_parameters,reduced_chi2,derived_primary_ecl_phase,derived_primary_ecl_phase_error,derived_primary_ecl_duration,derived_primary_ecl_duration_error,derived_primary_ecl_depth,derived_primary_ecl_depth_error,derived_secondary_ecl_phase,derived_secondary_ecl_phase_error,derived_secondary_ecl_duration,derived_secondary_ecl_duration_error,derived_secondary_ecl_depth,derived_secondary_ecl_depth_error
[from data line 778]
375316653866487564,5645278183210497280,0.57292825,2195.8563221176923,2.7340014356040223,7.0289634E-6,14.049279,0.0068132756,0.24475595,0.0027566834,0.05056872,0.042819526,0.059431024,0.008201257,0.75275403,0.006964508,0.04138733,0.0092910705,0.066433564,0.016663628,0.0627853,0.0077183377,0.24475595,0.0027566834,"TWOGAUSSIANS_WITH_ELLIPSOIDAL_ON_ECLIPSE1",9,47.28161,0.75275403,0.006964508,0.23176906,0.052029993,0.19168673,0.010293373,0.24475595,0.0027566834,0.28318483,0.21737804,0.18500105,0.0138304
375316653866487564,5645278767326082176,0.52336967,2214.4637026896066,0.09438241874912724,1.9171212E-5,16.208351,8.117067E-4,0.6387129,0.0268776,0.03271021,0.024118327,0.007778043,0.0031701538,0.86981803,8.4026065E-4,0.00650153,6.667818E-4,0.11900176,0.0043020183,null,null,null,null,"TWOGAUSSIANS",8,2.5509038,0.86981803,8.4026065E-4,0.036408566,0.003733978,0.11900176,0.00430202,0.6387129,0.0268776,0.18317716,0.13506262,0.007778043,0.0031701538
375316653866487564,5645278900461718784,0.56834555,2220.1472375355415,3.0988919816246625,1.0062652E-5,18.719019,0.010749493,0.24633113,0.003397694,0.035965387,0.007174838,0.35094947,0.028820721,0.73897773,0.003204962,0.04128329,0.0042196456,0.42248508,0.039693978,0.12179625,0.017023856,0.24633113,0.003397694,"TWOGAUSSIANS_WITH_ELLIPSOIDAL_ON_ECLIPSE1",9,6.3046994,0.73950773,0.0029821475,0.23118642,0.023630017,0.665595,0.037709516,0.24633113,0.003397694,0.20140617,0.040179092,0.59454167,0.017303258
375316653866487564,5645279037900711296,0.52857876,2220.90635729357,0.41393374454596915,3.033251E-5,16.73944,0.0010954819,0.20100304,0.0046903226,0.008407616,0.004069325,0.036548197,0.023991723,0.38112253,7.0975773E-4,0.008753039,3.5007845E-4,0.280261,0.020865275,0.001467289,0.001376753,0.38112253,7.0975773E-4,"TWOGAUSSIANS_WITH_ELLIPSOIDAL_ON_ECLIPSE2",9,3.505934,0.38112253,7.0975773E-4,0.04901702,0.0019604394,0.28319559,0.021438723,0.20103304,0.004730904,0.047082648,0.022788221,0.037078697,0.02396949
375316653866487564,5645281275579393024,0.5026972,2208.092624830531,2.171546026399912,9.690005E-6,19.670338,0.006017775,0.26876915,3.1037314E-4,0.033870522,0.0037601602,0.2599241,0.011703099,0.770418,8.3139725E-4,0.026995244,0.0012540461,0.5263888,0.028171144,null,null,null,null,"TWOGAUSSIANS",8,2.8385963,0.770418,8.3139725E-4,0.15117337,0.0070226584,0.5263888,0.028171144,0.26876915,3.1037314E-4,0.18967491,0.021056898,0.2599241,0.011703099
375316653866487564,5645281786684174464,0.5757509,2185.3951188292176,2.6833524198322163,5.230984E-6,17.164467,0.013199637,0.2585472,0.0017569461,0.05436068,0.014111885,0.11600464,0.023922702,0.7459242,0.0055594505,0.053492423,0.009604852,0.103323944,0.028618535,0.103367195,0.01665983,0.2585472,0.0017569461,"TWOGAUSSIANS_WITH_ELLIPSOIDAL_ON_ECLIPSE1",9,11.667485,0.2585472,0.0017569461,0.30441982,0.07902655,0.3227336,0.019967668,0.74985415,0.0037007926,0.29955757,0.053787168,0.3091583,0.008201965
375316653866487564,5645282581257420416,0.62705684,2224.4198573588733,0.3325760567191328,2.081528E-6,17.129538,0.0010700998,0.11088713,7.1988796E-4,0.0110028405,8.4484206E-4,0.282478,0.022706376,0.6109713,5.8767095E-4,0.009691034,6.1404856E-4,0.6058325,0.028413763,null,null,null,null,"TWOGAUSSIANS",8,3.4179409,0.6109713,5.8767095E-4,0.054269794,0.0034386718,0.6058325,0.028413763,0.11088713,7.1988796E-4,0.061615907,0.0047311154,0.282478,0.022706376
375316653866487564,5645282645673054848,0.48116928,2218.7579594274907,2.8918791866326394,9.67063E-6,18.911669,0.0077008647,0.27434006,0.01116077,0.08785783,0.019333689,0.10868105,0.015003662,0.748319,0.0021954472,0.048700485,0.0027991668,0.32238773,0.018293584,null,null,null,null,"TWOGAUSSIANS",8,5.018716,0.748319,0.0021954472,0.27272272,0.015675334,0.32220757,0.018261041,0.27434006,0.01116077,0.4,0.0,0.10850084,0.015221348
375316653866487564,5645282890494839424,0.5991342,2231.3923424074565,3.0985216931949644,3.95734E-6,16.676273,0.0054068286,0.24236293,0.0038351985,0.07099378,0.0028612358,0.50896925,0.022573797,0.73085713,0.0013430116,0.0709725,0.0013966801,0.5583797,0.011550658,null,null,null,null,"TWOGAUSSIANS",8,31.012516,0.73085713,0.0013430116,0.397446,0.007821409,0.5567618,0.0114961155,0.24236293,0.0038351985,0.39756516,0.015070408,0.50735134,0.02264456
375316653866487564,5645289968600918656,0.6286289,2215.499606858865,2.8670470871488023,4.0498544E-6,16.239958,0.0010154583,0.26023284,0.0011639218,0.021810273,0.005889824,0.030394878,0.013102322,0.7546146,0.0048384345,0.053071517,0.007847244,0.028673198,0.0038190577,0.07361321,0.0015527396,0.26023284,0.0011639218,"TWOGAUSSIANS_WITH_ELLIPSOIDAL_ON_ECLIPSE1",9,2.435249,0.26023284,0.0011639218,0.12213753,0.032983012,0.17762074,0.01290624,0.7576146,0.0019452575,0.2972005,0.043944564,0.17581345,0.0037884363
375316653866487564,5645290376614432384,0.61340785,2196.059165522738,2.676114128830581,5.465905E-6,17.959223,0.018909248,0.24465032,0.0012126017,0.054095816,0.0055555147,0.26255608,0.039350577,0.7338852,0.005191074,0.06527113,0.009034576,0.2829671,0.03648343,0.1088247,0.021429624,0.24465032,0.0012126017,"TWOGAUSSIANS_WITH_ELLIPSOIDAL_ON_ECLIPSE1",9,4.3310494,0.7360952,0.004062807,0.36551833,0.050593626,0.49972403,0.019674772,0.24465032,0.0012126017,0.30293655,0.031110883,0.48010343,0.006645177
375316653866487564,5645290552716709504,0.47086695,2211.7841031375638,0.922648531640383,1.7562095E-5,16.802599,0.0016514855,0.25835812,0.0090891095,0.011634255,0.009759689,0.036076862,36.964966,0.7727135,0.0028811572,0.01750259,0.0028061692,0.063599564,0.0045541814,0.0077200024,0.00264218,0.7727135,0.0028811572,"TWOGAUSSIANS_WITH_ELLIPSOIDAL_ON_ECLIPSE2",9,4.9717984,0.7727135,0.0028811572,0.098014496,0.015714549,0.079039544,0.0030401193,0.25842813,0.009179246,0.065151826,0.05465426,0.051392134,36.96469
375316653866487564,5645291927105895040,0.693329,2211.0958215330743,0.09402720124543183,1.0856353E-6,14.547429,3.7584399E-4,0.3632387,7.4729745E-5,0.0051613804,1.18739285E-4,0.47689295,0.005705192,0.8632984,0.007047047,0.005036688,0.0022602836,0.650718,0.4833898,null,null,null,null,"TWOGAUSSIANS",8,8.774247,0.8632984,0.007047047,0.028205452,0.012657587,0.650718,0.4833898,0.3632387,7.4729745E-5,0.02890373,6.6494E-4,0.47689295,0.005705192
375316653866487564,5645292884875566976,0.59431267,2204.6239772917643,3.11492295253483,4.917026E-6,18.130535,0.027872842,0.2231279,0.0026697326,0.05997184,0.009178843,0.4059657,0.04367604,0.7230859,0.0019849555,0.051286288,0.007772801,0.33330166,0.05658328,0.09361134,0.03395427,0.2231279,0.0026697326,"TWOGAUSSIANS_WITH_ELLIPSOIDAL_ON_ECLIPSE1",9,6.0112333,0.2231279,0.0026697326,0.3358423,0.051401522,0.5931183,0.045182344,0.7230859,0.0018661907,0.28720322,0.043527685,0.5204543,0.015060663
375316653866487564,5645295741040221952,0.51964635,2203.219435910969,1.3961889601203932,1.02523045E-5,15.832694,0.0017684086,0.34861353,0.001559701,0.033270296,0.0020399503,0.16633599,0.01009582,0.859271,0.036461122,0.029166346,0.022849156,0.018901682,0.016843015,null,null,null,null,"TWOGAUSSIANS",8,23.21511,0.34861353,0.001559701,0.18631366,0.011423722,0.16633599,0.01009582,0.859271,0.036461122,0.16333154,0.12795527,0.018901682,0.016843015
375316653866487564,5645299967285664384,0.6079344,2193.993777143729,2.5184466067257048,5.128686E-6,15.6954155,0.014958294,0.26510546,0.002655427,0.069943555,0.009143033,0.13781586,0.029247453,0.7717626,0.0011777026,0.062141694,0.0071804645,0.15125763,0.02974475,0.07931664,0.016275877,0.7717626,0.0011777026,"TWOGAUSSIANS_WITH_ELLIPSOIDAL_ON_ECLIPSE2",9,10.797566,0.7717626,0.0011777026,0.3479935,0.0402106,0.30968094,0.0051959013,0.26715544,0.0017097037,0.3916839,0.04952771,0.2960471,0.005625335
375316653866487564,5645300242163523584,0.58347076,2215.8536621193625,2.4119708263566912,4.2514666E-6,18.528597,0.012643089,0.2946069,0.0018634425,0.044169057,0.003320907,0.40989375,0.031043971,0.7934246,0.002656555,0.03909464,0.0047153337,0.41665247,0.030928383,0.09659875,0.01735774,0.2946069,0.0018634425,"TWOGAUSSIANS_WITH_ELLIPSOIDAL_ON_ECLIPSE1",9,8.210662,0.7934846,0.0025565962,0.21893,0.026405867,0.6098398,0.0246505,0.2946069,0.0018634425,0.24734671,0.01859708,0.6030912,0.021500247
375316653866487564,5645300276525506432,0.46104574,2216.702817368697,0.4464706092103155,2.1690343E-5,11.8296,0.0010922184,0.21120557,0.018806556,0.058640525,0.03371288,0.010260247,0.006596911,0.73104095,0.0026949516,0.015224398,0.0032585983,0.06569932,0.012123045,0.002504073,0.0019410157,0.21120557,0.018806556,"TWOGAUSSIANS_WITH_ELLIPSOIDAL_ON_ECLIPSE1",9,40.13557,0.73104095,0.0026949516,0.08525663,0.01824815,0.070628926,0.01215424,0.21120557,0.018806556,0.32838693,0.13243642,0.015267242,0.0054025454
375316653866487564,5645301238598196352,0.5191964,2204.898595180813,2.6109005508686263,1.1735436E-5,15.799771,0.032964904,0.22280426,0.003121943,0.10614614,0.011977935,0.2935739,0.028082376,0.7271886,0.004268541,0.110011436,0.013355674,0.28414539,0.029338988,null,null,null,null,"TWOGAUSSIANS",8,67.7681,0.22279426,0.0031228105,0.4,0.0,0.25565413,0.009773482,0.7271886,0.0042747697,0.4,0.0,0.24621584,0.0112122595
375316653866487564,5645301513473885696,0.61972874,2177.7431310847546,1.7724934414854892,3.5571193E-6,16.405033,0.0040709632,0.31439608,0.0010968186,0.08572005,0.001401671,0.33362025,0.005128058,0.8129805,0.0015080244,0.09358055,0.0029768606,0.25510657,0.005415705,null,null,null,null,"TWOGAUSSIANS",8,6.039879,0.31439608,0.0010968186,0.4,0.0,0.3220368,0.0042131105,0.8129805,0.0015080244,0.4,0.0,0.2435228,0.0056515606
375316653866487564,5645301749691380864,0.58145845,2185.7467465809464,3.634935568598034,7.95989E-6,19.151382,0.027906531,0.20852818,0.004169249,0.056290727,0.004905306,0.4340701,0.0733062,0.698412,0.0018738605,0.051814646,0.005887423,0.40038618,0.055442028,0.1100688,0.034287907,0.20852818,0.004169249,"TWOGAUSSIANS_WITH_ELLIPSOIDAL_ON_ECLIPSE1",9,4.3887157,0.20852818,0.004169249,0.31522807,0.027469713,0.65418184,0.038182765,0.699462,0.0013499557,0.290162,0.03296957,0.61970216,0.018329056
375316653866487564,5645302574325158016,0.57699627,2184.403268465064,2.73491764382484,4.9083596E-6,18.28842,0.0041122218,0.26436323,0.0017879372,0.07261235,0.002032258,0.48191157,0.010302812,0.76210725,0.0019954462,0.07846351,0.0021010137,0.48240933,0.010504631,null,null,null,null,"TWOGAUSSIANS",8,4.577353,0.76210725,0.0019954462,0.4,0.0,0.47857353,0.010636602,0.26436323,0.0017879372,0.4,0.0,0.47807577,0.010399459
375316653866487564,5645303609417983744,0.52997094,2209.3359648169826,0.29205441183086067,1.6678532E-5,14.87283,7.6810364E-4,0.3758253,0.00564266,0.02159358,0.004596524,0.052813202,0.026277719,0.8812138,0.001802726,0.015195279,0.0033202728,0.14921613,0.015391515,0.0027703573,0.0017390652,0.3758253,0.00564266,"TWOGAUSSIANS_WITH_ELLIPSOIDAL_ON_ECLIPSE1",9,14.437707,0.8812138,0.001802726,0.085093565,0.018593527,0.15475048,0.015357504,0.3758253,0.00564266,0.12092405,0.025740532,0.05835391,0.026438288
375316653866487564,5645306873592947200,0.5793291,2219.5118314207525,2.5844146073762984,5.2837213E-6,14.526293,0.01401617,0.2273114,0.0018251624,0.084128894,0.0058856388,0.28158778,0.012207377,0.7185779,0.0021080535,0.08642574,0.003984559,0.42499682,0.0198278,null,null,null,null,"TWOGAUSSIANS",8,155.617,0.7185779,0.0021080535,0.4,0.0,0.41690192,0.018870998,0.2273114,0.0018251624,0.4,0.0,0.2734929,0.009677052
375316653866487564,5645310275206989824,0.41720688,2149.392475930927,1.0731041837985267,3.1533582E-5,16.511286,0.0020209313,0.34524387,0.019366864,0.036589302,0.0085781915,0.05640811,0.024646528,0.8148551,0.008783457,0.011684184,0.008073783,0.05931453,0.19190583,0.0073006963,0.0032903648,0.34524387,0.019366864,"TWOGAUSSIANS_WITH_ELLIPSOIDAL_ON_ECLIPSE1",9,12.079409,0.8149351,0.008857116,0.06543143,0.045213185,0.07339136,0.19258873,0.34524387,0.019366864,0.20490009,0.04803787,0.071009494,0.024761718
375316653866487564,5645311714012417024,0.5169475,2205.2789089743633,3.6730173313004277,9.85272E-6,17.932095,0.014278934,0.258301,0.0033387677,0.09717097,0.007613647,0.24835792,0.012835984,0.7617902,0.0029049923,0.09996267,0.008414188,0.2199559,0.011652162,null,null,null,null,"TWOGAUSSIANS",8,4.663051,0.258301,0.0033387677,0.4,0.0,0.23046882,0.008466575,0.7617902,0.0029049923,0.4,0.0,0.20206606,0.006884118
375316653866487564,5645312611669261312,0.5959982,2217.5438085470373,1.689375187620809,3.5628054E-6,14.662015,0.004118329,0.27112877,9.944919E-4,0.09956307,0.002859086,0.22118028,0.0041890717,0.76873326,0.0013115478,0.08924735,0.0021782792,0.2210397,0.0048534316,null,null,null,null,"TWOGAUSSIANS",8,22.836334,0.27112877,9.944919E-4,0.4,0.0,0.20837191,0.0042286217,0.76873326,0.0013115478,0.4,0.0,0.20823276,0.0039613247
375316653866487564,5645314913771986560,0.5509415,2201.8978173671403,0.5536740723358025,1.122861E-5,16.542585,0.002610877,0.21933931,0.0016687441,0.02027215,0.0024124186,0.32525784,0.031938616,0.68921083,0.0359627,0.14605652,0.056892835,0.011536747,0.002694415,null,null,null,null,"TWOGAUSSIANS",8,3.9701297,0.21933931,0.0016689365,0.11352404,0.013509545,0.32519272,0.031977363,0.68921083,0.0359627,0.4,0.0,0.011390448,0.0023287118
375316653866487564,5645316631758870656,0.6204694,2217.114774070552,0.1596134550852622,4.0597633E-6,16.222507,7.078184E-4,0.34718695,5.545383E-4,0.009512945,5.984691E-4,0.15937035,0.006384591,0.7270324,0.0020348835,0.009937856,0.0013033183,0.24279854,0.01787268,null,null,null,null,"TWOGAUSSIANS",8,3.1400373,0.7270324,0.0020348835,0.055651993,0.0072985827,0.24279854,0.01787268,0.34718695,5.545383E-4,0.05327249,0.0033514271,0.15937035,0.006384591
375316653866487564,5645317692606848768,0.5040952,2189.52667462131,3.815116587102319,1.3147054E-5,18.29706,0.005074264,0.2513751,0.0034882245,0.08371884,0.0042719897,0.18553658,0.010155996,0.75894344,0.0050623193,0.08151937,0.0067151627,0.17502324,0.010662426,null,null,null,null,"TWOGAUSSIANS",8,3.0981405,0.2513751,0.0034882245,0.4,0.0,0.18231496,0.010105857,0.75894344,0.0050623193,0.4,0.0,0.17180163,0.010923593
375316653866487564,5645322434251086080,0.62329555,2226.478915429612,3.582259220362357,3.5621001E-6,18.355938,0.0073587485,0.26223108,0.001782592,0.044719324,0.0037518565,0.3512663,0.034336336,0.7595924,0.0012249438,0.047232624,0.0021371318,0.5086243,0.021779744,0.114819914,0.012328412,0.26223108,0.001782592,"TWOGAUSSIANS_WITH_ELLIPSOIDAL_ON_ECLIPSE1",9,3.7081683,0.7597824,0.0011003764,0.2645027,0.011967938,0.73820484,0.02072315,0.26223108,0.001782592,0.2504282,0.021010397,0.5809053,0.037359737
375316653866487564,5645323916023245184,0.47875655,2215.187504792186,2.7062256132495124,1.2779058E-5,16.031786,0.08988745,0.2484934,0.008764682,0.18309997,0.06508496,0.84594357,0.36411977,0.7425479,0.008553122,0.25058618,0.07405854,1.0858229,0.2069051,null,null,null,null,"TWOGAUSSIANS",8,20.839848,0.2560034,0.0073932554,0.4,0.0,0.15218867,0.0053411517,0.7425479,0.008553122,0.4,0.0,0.13639326,0.0049069785
375316653866487564,5645330753610888192,0.51852036,2199.8319939145945,1.0865851015360646,8.647096E-6,16.041386,0.0010493285,0.26065496,0.003546166,0.032278564,0.0039600316,0.06095526,0.0033130778,0.76383257,0.0031100416,0.026860664,0.0029923418,0.07852424,0.0042895568,0.013182479,0.0018739661,0.26065496,0.003546166,"TWOGAUSSIANS_WITH_ELLIPSOIDAL_ON_ECLIPSE1",9,5.2272406,0.76383257,0.0031100416,0.15041973,0.016757114,0.104878664,0.0041670566,0.26065496,0.003546166,0.18075995,0.022176178,0.0873202,0.002878971
375316653866487564,5645330891049825280,0.59833187,2195.505606333045,0.6986573447168363,3.2664461E-6,14.429549,7.168801E-4,0.26388648,8.473146E-4,0.030096643,0.0012200649,0.12741381,0.0069666174,0.7657332,0.0016553719,0.027204318,0.0016137095,0.07216482,0.004151222,0.03481642,0.0013919431,0.26388648,8.473146E-4,"TWOGAUSSIANS_WITH_ELLIPSOIDAL_ON_ECLIPSE1",9,13.863841,0.26388648,8.473146E-4,0.1685412,0.0068323635,0.19704661,0.007188354,0.7657332,0.0016553719,0.15234418,0.009036773,0.14178824,0.003719294
