Gaia/vari_eclipsing_binary/VariEclipsingBinary_759079-759805.csv
# %ECSV 1.0
# ---
# delimiter: ','
# meta: !!omap
# - RELEASE: Gaia DR3
# - TABLE: vari_eclipsing_binary
# - DESCRIPTION: >
#     This table describes the properties of the eclipsing binaries resulting from the variability analysis. 
# - CITATION: >
#     How to cite and acknowledge Gaia: 
#     https://gea.esac.esa.int/archive/documentation/credits.html 
# - KNOWN_ISSUES: >
#     Known issues: 
#     https://www.cosmos.esa.int/web/gaia-users/known-issues 
# - DOCUMENTATION: >
#     Tutorials and documentation: 
#     https://www.cosmos.esa.int/web/gaia-users/archive 
# datatype:
# - 
#   name: solution_id
#   datatype: int64
#   description: Solution Identifier
#   meta:
#     ucd: meta.version
# - 
#   name: source_id
#   datatype: int64
#   description: Unique source identifier
#   meta:
#     ucd: meta.id;meta.main
# - 
#   name: global_ranking
#   datatype: float32
#   description: Number between 0 (worst) and 1 (best)
#   meta:
#     ucd: stat.param
# - 
#   name: reference_time
#   datatype: float64
#   unit: d
#   description: Reference time used for the geometric model fit
#   meta:
#     ucd: time.epoch
# - 
#   name: frequency
#   datatype: float64
#   unit: d**-1
#   description: Frequency of geometric model of the eclipsing binary light curve
#   meta:
#     ucd: src.orbital
# - 
#   name: frequency_error
#   datatype: float32
#   unit: d**-1
#   description: "Uncertainty of \\texttt{frequency}"
#   meta:
#     ucd: stat.error
# - 
#   name: geom_model_reference_level
#   datatype: float32
#   unit: mag
#   description: Magnitude reference level of geometric model
#   meta:
#     ucd: phot.mag;em.opt
# - 
#   name: geom_model_reference_level_error
#   datatype: float32
#   unit: mag
#   description: "Uncertainty of \\texttt{geomModelReferenceLevel}"
#   meta:
#     ucd: stat.error;phot.mag;em.opt
# - 
#   name: geom_model_gaussian1_phase
#   datatype: float32
#   description: Phase of the Gaussian 1 component
#   meta:
#     ucd: time.phase
# - 
#   name: geom_model_gaussian1_phase_error
#   datatype: float32
#   description: "Uncertainty of \\texttt{geomModelGaussian1Phase}"
#   meta:
#     ucd: stat.error;time.phase
# - 
#   name: geom_model_gaussian1_sigma
#   datatype: float32
#   description: "Standard deviation [phase] of Gaussian 1 component"
#   meta:
#     ucd: stat.stdev
# - 
#   name: geom_model_gaussian1_sigma_error
#   datatype: float32
#   description: "Uncertainty of \\texttt{geomModelGaussian1Sigma}"
#   meta:
#     ucd: stat.error
# - 
#   name: geom_model_gaussian1_depth
#   datatype: float32
#   unit: mag
#   description: Magnitude depth of Gaussian 1 component
#   meta:
#     ucd: src.var.amplitude
# - 
#   name: geom_model_gaussian1_depth_error
#   datatype: float32
#   unit: mag
#   description: "Uncertainty of \\texttt{geomModelGaussian1Depth}"
#   meta:
#     ucd: stat.error;src.var.amplitude
# - 
#   name: geom_model_gaussian2_phase
#   datatype: float32
#   description: Phase of Gaussian 2 component
#   meta:
#     ucd: time.phase
# - 
#   name: geom_model_gaussian2_phase_error
#   datatype: float32
#   description: "Uncertainty of \\texttt{geomModelGaussian2Phase}"
#   meta:
#     ucd: stat.error;time.phase
# - 
#   name: geom_model_gaussian2_sigma
#   datatype: float32
[...]
#   datatype: float32
#   description: "Secondary eclipse: uncertainty of \\texttt{derivedSecondaryEclDuration}"
#   meta:
#     ucd: stat.error;time.duration
# - 
#   name: derived_secondary_ecl_depth
#   datatype: float32
#   unit: mag
#   description: "Secondary eclipse: depth"
#   meta:
#     ucd: src.var.amplitude
# - 
#   name: derived_secondary_ecl_depth_error
#   datatype: float32
#   unit: mag
#   description: "Secondary eclipse: uncertainty of \\texttt{derivedSecondaryEclDepth}"
#   meta:
#     ucd: stat.error;src.var.amplitude
solution_id,source_id,global_ranking,reference_time,frequency,frequency_error,geom_model_reference_level,geom_model_reference_level_error,geom_model_gaussian1_phase,geom_model_gaussian1_phase_error,geom_model_gaussian1_sigma,geom_model_gaussian1_sigma_error,geom_model_gaussian1_depth,geom_model_gaussian1_depth_error,geom_model_gaussian2_phase,geom_model_gaussian2_phase_error,geom_model_gaussian2_sigma,geom_model_gaussian2_sigma_error,geom_model_gaussian2_depth,geom_model_gaussian2_depth_error,geom_model_cosine_half_period_amplitude,geom_model_cosine_half_period_amplitude_error,geom_model_cosine_half_period_phase,geom_model_cosine_half_period_phase_error,model_type,num_model_parameters,reduced_chi2,derived_primary_ecl_phase,derived_primary_ecl_phase_error,derived_primary_ecl_duration,derived_primary_ecl_duration_error,derived_primary_ecl_depth,derived_primary_ecl_depth_error,derived_secondary_ecl_phase,derived_secondary_ecl_phase_error,derived_secondary_ecl_duration,derived_secondary_ecl_duration_error,derived_secondary_ecl_depth,derived_secondary_ecl_depth_error
[from data line 325]
375316653866487564,6683021790352329344,0.58279485,2146.4724188266773,2.780552449210634,8.123423E-6,15.087833,0.020574482,0.28705016,0.0037229666,0.11041424,0.009821402,0.2205125,0.020060983,0.7871651,0.0015310082,0.12027113,0.0075086495,0.25140455,0.019980954,null,null,null,null,"TWOGAUSSIANS",8,25.53252,0.7871651,0.0015310082,0.4,0.0,0.20642819,0.0028446377,0.28705016,0.0037402925,0.4,0.0,0.1756094,0.0046991967
375316653866487564,6683035255073069568,0.4681198,2185.104700407778,2.234989165463204,2.3823452E-5,18.419168,0.0031182219,0.21388659,0.016492205,0.047337167,0.024821531,0.0426504,0.023277044,0.71828645,0.020116348,0.04854193,0.014960692,0.13246252,0.019354055,null,null,null,null,"TWOGAUSSIANS",8,1.4406626,0.71828645,0.020116348,0.27183482,0.08377988,0.13246237,0.01935836,0.21388659,0.016492205,0.2650881,0.13900058,0.042650253,0.023277538
375316653866487564,6683043196469289088,0.4433848,2127.810052695487,1.0924511313664644,5.6712754E-5,15.596386,0.005350347,0.5073469,0.004131141,0.03765404,0.006439417,0.18991718,0.07071908,0.94269097,0.005827025,0.016746528,0.006190084,0.12813063,1.0387763,null,null,null,null,"TWOGAUSSIANS",8,180.30463,0.5073469,0.004131141,0.21086262,0.036060736,0.18991718,0.07071908,0.94269097,0.005827025,0.093780555,0.034664467,0.12813063,1.0387763
375316653866487564,6683047006103709440,0.44503793,2164.291333606467,0.0359083534754353,3.4919416E-5,19.529785,0.033042878,0.06997655,0.0072027436,0.06068105,0.012730381,0.2578511,0.044039406,0.49903503,0.014711103,0.13805762,0.033996962,0.26273254,0.06794025,null,null,null,null,"TWOGAUSSIANS",8,4.347934,0.49903503,0.014711103,0.4,0.0,0.2549895,0.072240464,0.070636556,0.0072624716,0.3398139,0.071290135,0.2522739,0.04307275
375316653866487564,6683048350430098688,0.5744145,2146.810382343043,2.9185887834775737,5.1910274E-6,16.802366,0.025467716,0.20665786,0.0018032675,0.060621157,0.010064459,0.25432116,0.059543874,0.70884734,0.0077410503,0.056819502,0.01010618,0.24758449,0.06005284,0.10194583,0.029699048,0.20665786,0.0018032675,"TWOGAUSSIANS_WITH_ELLIPSOIDAL_ON_ECLIPSE1",9,21.486475,0.20665786,0.0018032675,0.3394785,0.056360975,0.45814735,0.057809312,0.70884734,0.007532775,0.3181892,0.056594606,0.45137212,0.044626914
375316653866487564,6683056424968761984,0.43148807,2196.1847297347413,0.10547620453612479,3.1471347E-5,15.406626,0.0016919218,0.13968611,0.004651033,0.02718756,0.012819355,0.21281163,0.17622095,0.35371757,0.0457129,0.031120893,0.030939328,0.004890658,0.010655588,null,null,null,null,"TWOGAUSSIANS",8,71.27118,0.13968611,0.004651033,0.15225033,0.07178839,0.21281163,0.17622097,0.35371757,0.0457129,0.174277,0.17326023,0.004890658,0.010655588
375316653866487564,6683058005516738048,0.52558184,2185.676537527635,3.0074573848771258,1.0218221E-5,13.267904,0.015564464,0.22709396,0.0038878445,0.091097355,0.00842979,0.23446396,0.016846932,0.72816795,0.0034791636,0.103835516,0.0084014805,0.2203345,0.015908416,null,null,null,null,"TWOGAUSSIANS",8,220.28229,0.22709396,0.0038878445,0.4,0.0,0.21784717,0.014800538,0.72816795,0.0034791636,0.4,0.0,0.20371377,0.011626983
375316653866487564,6683071130936041472,0.6324971,2145.0863137637007,3.459680305451809,9.821665E-6,14.490616,0.013236954,0.29460487,0.0012170827,0.054780737,0.0023778218,0.40566307,0.031751856,0.7942708,0.0034015914,0.047766324,0.0051290626,0.41227722,0.026343046,0.10832652,0.016042095,0.29460487,0.0012170827,"TWOGAUSSIANS_WITH_ELLIPSOIDAL_ON_ECLIPSE1",9,127.36723,0.7943008,0.0033323946,0.2674914,0.02872275,0.6289166,0.019764425,0.29460487,0.0012170827,0.3067721,0.0133158015,0.62230337,0.015779998
375316653866487564,6683084320779028224,0.42978472,2153.4484600884475,0.0505307276318391,3.7071547E-6,17.57608,0.008066308,0.38779822,0.0016980136,0.045594897,0.003752922,0.42780527,0.09108231,0.819253,0.020209609,0.12863737,0.03487619,0.060962632,0.009633897,null,null,null,null,"TWOGAUSSIANS",8,7.20871,0.38782823,0.0016796171,0.25533143,0.021016363,0.4272146,0.09135206,0.819253,0.020209609,0.4,0.0,0.060148474,0.009403163
375316653866487564,6683169223692914816,0.5663144,2162.084596911752,2.679133575481045,8.349116E-6,17.263142,0.004165038,0.2376013,0.0033789072,0.094695754,0.004703056,0.16892342,0.0076276995,0.73728395,0.0020449315,0.08173872,0.0051422725,0.24188814,0.008246922,null,null,null,null,"TWOGAUSSIANS",8,3.4353015,0.73728395,0.0020449315,0.4,0.0,0.23478132,0.009386824,0.2376013,0.0033789072,0.4,0.0,0.16181631,0.0075966087
375316653866487564,6683173415581092352,0.46616456,2169.414965432699,0.039488559125082034,3.1295087E-5,19.871956,0.010647714,0.2667071,0.008826034,0.09957843,0.008596889,0.59254205,0.054445226,0.53550035,0.084011644,0.04808785,0.06366956,0.75432825,0.55292416,null,null,null,null,"TWOGAUSSIANS",8,3.1370463,0.53550035,0.084011644,0.26929197,0.33134323,0.76982844,0.5701546,0.2667071,0.008653989,0.4,0.0,0.59253556,0.05444747
375316653866487564,6683191076487300608,0.5273161,2154.233230000634,4.151143887682245,1.017597E-5,19.419218,0.01909555,0.23235919,0.010481445,0.068463765,0.013955959,0.23976901,0.018507093,0.71974564,0.0047589326,0.07994187,0.007443671,0.35732666,0.018136952,null,null,null,null,"TWOGAUSSIANS",8,3.0905266,0.71974564,0.0047589326,0.4,0.0,0.3558068,0.016703939,0.23235919,0.010481445,0.38339707,0.060950797,0.23824917,0.018155519
375316653866487564,6683202866173031296,0.64907575,2139.095807020307,1.1937939275889708,3.6929316E-6,16.40553,0.0016681473,0.3189413,0.010238101,0.033881463,0.006539659,0.5248159,0.07074229,0.81964463,0.002418175,0.035632145,0.001690002,0.11621748,0.006699728,0.018445548,0.0030210542,0.3189413,0.010238101,"TWOGAUSSIANS_WITH_ELLIPSOIDAL_ON_ECLIPSE1",9,4.926531,0.3189413,0.010238101,0.18973619,0.03662209,0.561707,0.072626606,0.81964463,0.0023127717,0.19954002,0.0094640115,0.15310784,0.0063387677
375316653866487564,6683210459675185408,0.6752572,2152.332644696471,1.973437751106954,6.2886857E-6,12.893949,0.008055462,0.28900337,8.5864E-4,0.05233781,0.0019418403,0.55210996,0.015936663,0.78977066,0.0064846072,0.051975626,0.006393952,0.07429137,0.018116143,0.013771292,0.009501785,0.28900337,8.5864E-4,"TWOGAUSSIANS_WITH_ELLIPSOIDAL_ON_ECLIPSE1",9,60.154106,0.28900337,8.5864E-4,0.29309174,0.010874306,0.5796457,0.006901019,0.78977066,0.006269392,0.29106352,0.03580613,0.101826474,0.0035947517
375316653866487564,6683216300830765952,0.52092695,2148.8145220581914,2.183816952835311,3.8868435E-5,17.906078,0.0032698333,0.23265883,0.006044596,0.025065292,0.0051300596,0.47313693,0.20139505,0.7321096,0.0063325274,0.039824784,0.005391936,0.33051658,0.044274088,null,null,null,null,"TWOGAUSSIANS",8,7.804702,0.23265883,0.006044596,0.14036563,0.028728334,0.47313693,0.20139505,0.7321096,0.0063325274,0.2230188,0.030194841,0.33051658,0.044274088
375316653866487564,6683231522195023488,0.6276102,2141.614626621823,0.3512561456414188,6.9190144E-5,17.382454,3.5018031E-4,0.32574084,0.015702495,0.01839109,0.011186874,0.61908275,10.224916,0.49287415,0.016798625,0.049262825,0.008178347,0.0075569334,0.0012644648,7.175323E-8,5.444574E-4,0.49287415,0.016798625,"TWOGAUSSIANS_WITH_ELLIPSOIDAL_ON_ECLIPSE2",9,1.4280115,0.32574084,0.015702495,0.1029901,0.06264649,0.6191067,10.224911,0.49287415,0.016798625,0.2758718,0.04579874,0.0075570727,0.0010270679
375316653866487564,6683314157365976192,0.61441505,2156.612152291967,0.8106762044610426,1.1747917E-5,11.071344,0.0010732872,0.23475133,0.0017763046,0.027546909,0.0011345141,0.43470585,0.01080285,0.7357175,0.008081224,0.030504793,0.0051041855,0.1180955,0.019124376,0.02289446,0.0021456315,0.23475133,0.0017763046,"TWOGAUSSIANS_WITH_ELLIPSOIDAL_ON_ECLIPSE1",9,22.878754,0.23475133,0.0017763046,0.15426269,0.006353279,0.48049468,0.011367666,0.7357175,0.008055371,0.17082684,0.028583439,0.16388264,0.01900959
