Gaia/vari_eclipsing_binary/VariEclipsingBinary_297431-299572.csv
# %ECSV 1.0
# ---
# delimiter: ','
# meta: !!omap
# - RELEASE: Gaia DR3
# - TABLE: vari_eclipsing_binary
# - DESCRIPTION: >
#     This table describes the properties of the eclipsing binaries resulting from the variability analysis. 
# - CITATION: >
#     How to cite and acknowledge Gaia: 
#     https://gea.esac.esa.int/archive/documentation/credits.html 
# - KNOWN_ISSUES: >
#     Known issues: 
#     https://www.cosmos.esa.int/web/gaia-users/known-issues 
# - DOCUMENTATION: >
#     Tutorials and documentation: 
#     https://www.cosmos.esa.int/web/gaia-users/archive 
# datatype:
# - 
#   name: solution_id
#   datatype: int64
#   description: Solution Identifier
#   meta:
#     ucd: meta.version
# - 
#   name: source_id
#   datatype: int64
#   description: Unique source identifier
#   meta:
#     ucd: meta.id;meta.main
# - 
#   name: global_ranking
#   datatype: float32
#   description: Number between 0 (worst) and 1 (best)
#   meta:
#     ucd: stat.param
# - 
#   name: reference_time
#   datatype: float64
#   unit: d
#   description: Reference time used for the geometric model fit
#   meta:
#     ucd: time.epoch
# - 
#   name: frequency
#   datatype: float64
#   unit: d**-1
#   description: Frequency of geometric model of the eclipsing binary light curve
#   meta:
#     ucd: src.orbital
# - 
#   name: frequency_error
#   datatype: float32
#   unit: d**-1
#   description: "Uncertainty of \\texttt{frequency}"
#   meta:
#     ucd: stat.error
# - 
#   name: geom_model_reference_level
#   datatype: float32
#   unit: mag
#   description: Magnitude reference level of geometric model
#   meta:
#     ucd: phot.mag;em.opt
# - 
#   name: geom_model_reference_level_error
#   datatype: float32
#   unit: mag
#   description: "Uncertainty of \\texttt{geomModelReferenceLevel}"
#   meta:
#     ucd: stat.error;phot.mag;em.opt
# - 
#   name: geom_model_gaussian1_phase
#   datatype: float32
#   description: Phase of the Gaussian 1 component
#   meta:
#     ucd: time.phase
# - 
#   name: geom_model_gaussian1_phase_error
#   datatype: float32
#   description: "Uncertainty of \\texttt{geomModelGaussian1Phase}"
#   meta:
#     ucd: stat.error;time.phase
# - 
#   name: geom_model_gaussian1_sigma
#   datatype: float32
#   description: "Standard deviation [phase] of Gaussian 1 component"
#   meta:
#     ucd: stat.stdev
# - 
#   name: geom_model_gaussian1_sigma_error
#   datatype: float32
#   description: "Uncertainty of \\texttt{geomModelGaussian1Sigma}"
#   meta:
#     ucd: stat.error
# - 
#   name: geom_model_gaussian1_depth
#   datatype: float32
#   unit: mag
#   description: Magnitude depth of Gaussian 1 component
#   meta:
#     ucd: src.var.amplitude
# - 
#   name: geom_model_gaussian1_depth_error
#   datatype: float32
#   unit: mag
#   description: "Uncertainty of \\texttt{geomModelGaussian1Depth}"
#   meta:
#     ucd: stat.error;src.var.amplitude
# - 
#   name: geom_model_gaussian2_phase
#   datatype: float32
#   description: Phase of Gaussian 2 component
#   meta:
#     ucd: time.phase
# - 
#   name: geom_model_gaussian2_phase_error
#   datatype: float32
#   description: "Uncertainty of \\texttt{geomModelGaussian2Phase}"
#   meta:
#     ucd: stat.error;time.phase
# - 
#   name: geom_model_gaussian2_sigma
#   datatype: float32
[...]
#   datatype: float32
#   description: "Secondary eclipse: uncertainty of \\texttt{derivedSecondaryEclDuration}"
#   meta:
#     ucd: stat.error;time.duration
# - 
#   name: derived_secondary_ecl_depth
#   datatype: float32
#   unit: mag
#   description: "Secondary eclipse: depth"
#   meta:
#     ucd: src.var.amplitude
# - 
#   name: derived_secondary_ecl_depth_error
#   datatype: float32
#   unit: mag
#   description: "Secondary eclipse: uncertainty of \\texttt{derivedSecondaryEclDepth}"
#   meta:
#     ucd: stat.error;src.var.amplitude
solution_id,source_id,global_ranking,reference_time,frequency,frequency_error,geom_model_reference_level,geom_model_reference_level_error,geom_model_gaussian1_phase,geom_model_gaussian1_phase_error,geom_model_gaussian1_sigma,geom_model_gaussian1_sigma_error,geom_model_gaussian1_depth,geom_model_gaussian1_depth_error,geom_model_gaussian2_phase,geom_model_gaussian2_phase_error,geom_model_gaussian2_sigma,geom_model_gaussian2_sigma_error,geom_model_gaussian2_depth,geom_model_gaussian2_depth_error,geom_model_cosine_half_period_amplitude,geom_model_cosine_half_period_amplitude_error,geom_model_cosine_half_period_phase,geom_model_cosine_half_period_phase_error,model_type,num_model_parameters,reduced_chi2,derived_primary_ecl_phase,derived_primary_ecl_phase_error,derived_primary_ecl_duration,derived_primary_ecl_duration_error,derived_primary_ecl_depth,derived_primary_ecl_depth_error,derived_secondary_ecl_phase,derived_secondary_ecl_phase_error,derived_secondary_ecl_duration,derived_secondary_ecl_duration_error,derived_secondary_ecl_depth,derived_secondary_ecl_depth_error
[from data line 293]
375316653866487564,2633266100108357760,0.60148376,2036.7765504778565,4.4850808117593886,8.164855E-6,15.749221,0.008080604,0.17090046,0.0037695195,0.04215315,0.007394222,0.06529719,0.020404069,0.6778732,0.011487988,0.052067257,0.0076691797,0.116066985,0.015664099,0.11527618,0.010245243,0.17090046,0.0037695195,"TWOGAUSSIANS_WITH_ELLIPSOIDAL_ON_ECLIPSE1",9,36.30685,0.6778732,0.010833504,0.29157665,0.042947408,0.34617496,0.011953114,0.17090046,0.0037695195,0.23605764,0.041407645,0.2958474,0.009719668
375316653866487564,2633348288602533248,0.46022573,2091.0867825960036,4.395581435045973,3.3192788E-5,19.073822,0.0055663036,0.7756597,0.010493235,0.058995843,0.023685658,0.03928635,0.018826148,null,null,null,null,null,null,0.077685595,0.006637543,0.7756597,0.010493235,"ONEGAUSSIAN_WITH_ELLIPSOIDAL",6,3.2744133,0.7756597,0.010493235,0.3303767,0.12987873,0.19465251,0.01598281,null,null,null,null,null,null
375316653866487564,2633558054805169536,0.55569744,2109.883378534679,3.1661202515932154,4.115934E-6,14.494061,0.013549841,0.1421991,0.0038053014,0.046189148,0.0075445618,0.18088736,0.042706896,0.6359269,0.00264579,0.051946733,0.022020023,0.25915143,0.061622385,0.079601005,0.019302867,0.1421991,0.0038053014,"TWOGAUSSIANS_WITH_ELLIPSOIDAL_ON_ECLIPSE1",9,220.26976,0.6366569,0.0023659011,0.29090172,0.11155004,0.4181328,0.07376368,0.1421991,0.0038053014,0.2586592,0.042249545,0.34008732,0.030852579
375316653866487564,2633596159755093120,0.46859315,2056.1814635504406,2.010447948061554,1.8503133E-5,16.168434,0.0058627655,0.35236132,0.0016749884,0.050855774,0.0035627908,0.10822622,0.006873299,0.84002435,0.0056597274,0.044228368,0.009505557,0.13230522,0.076686054,null,null,null,null,"TWOGAUSSIANS",8,3.4305942,0.84002435,0.0056597274,0.24767886,0.05323112,0.13230512,0.07668628,0.35236132,0.0016749884,0.28479233,0.019951629,0.1082261,0.006873116
375316653866487564,2633721744598879488,0.63406426,2115.6885988296417,2.819826790854437,2.084215E-5,15.946205,0.035617847,0.26162323,0.0037276982,0.046794955,0.015328481,0.2313586,0.06757112,0.7599272,0.003196686,0.052650824,0.0093597295,0.33995605,0.07523289,0.12182651,0.041993648,0.26162323,0.0037276982,"TWOGAUSSIANS_WITH_ELLIPSOIDAL_ON_ECLIPSE1",9,41.447258,0.7601572,0.0024977357,0.29484463,0.052414488,0.58357996,0.01518494,0.26162323,0.0037276982,0.26205176,0.085839495,0.47500643,0.037059553
375316653866487564,2633834616339346304,0.5782855,2094.6464304851024,1.2199535550818204,3.2400715E-6,11.484501,7.8594027E-4,0.29228455,2.8734133E-4,0.016601473,0.0015060735,0.044050783,0.00701669,0.7766115,7.129436E-4,0.05563067,0.002792039,0.07048211,0.0058539677,0.047293115,0.0011474001,0.7766115,7.129436E-4,"TWOGAUSSIANS_WITH_ELLIPSOIDAL_ON_ECLIPSE2",9,7.863984,0.7766115,7.129436E-4,0.31153175,0.015635418,0.16506544,0.0053101936,0.29158455,3.9999682E-4,0.09296825,0.008434012,0.13776027,0.008090877
375316653866487564,2634092791117957760,0.54779875,2092.7466593182708,0.6782658865161466,1.4017931E-4,18.610756,0.006567738,0.5127185,0.003841255,0.014551429,0.0026926822,0.655645,0.26570287,0.79680574,0.043442983,0.038088154,0.02930997,0.13276742,1.6166318E7,0.02230976,0.0070492863,0.79680574,0.043442983,"TWOGAUSSIANS_WITH_ELLIPSOIDAL_ON_ECLIPSE2",9,5.6226683,0.5126785,0.0038309924,0.081488006,0.0150790205,0.65766275,0.26532266,0.79680574,0.043442983,0.21329366,0.16413583,0.17738684,1.6166318E7
375316653866487564,2634102416140207232,0.48224825,2122.2592221485606,3.299583197208699,5.0940253E-5,13.546261,0.057872735,0.26560673,0.008685149,0.11188419,0.019668354,0.24121043,0.055661235,0.7970701,0.01371197,0.12275922,0.029518107,0.18262859,0.058482878,null,null,null,null,"TWOGAUSSIANS",8,976.61755,0.26542675,0.00861979,0.4,0.0,0.20943919,0.020413779,0.79718006,0.013606511,0.4,0.0,0.15075673,0.0208204
375316653866487564,2634212328648066560,0.5382238,2061.2136590674454,2.7500632890022705,2.3201997E-5,11.1783905,0.25933295,0.30158418,0.005855399,0.1028628,0.036234196,0.3307484,0.23576713,0.8124899,0.015066571,0.1077424,0.075215004,0.32649133,0.22783999,null,null,null,null,"TWOGAUSSIANS",8,622.40967,0.30157417,0.005841306,0.4,0.0,0.29612243,0.022860307,0.8124899,0.015070269,0.4,0.0,0.2918557,0.03823305
375316653866487564,2634261325635154176,0.54282457,2122.0513949847837,1.1174749118330358,7.06608E-5,19.062284,0.0085810255,0.11724926,6.9822825E-5,0.011672141,2.3099093E-4,0.67673635,0.012959355,0.75821954,0.05212446,0.06643414,0.060371783,0.037453298,632.1864,0.025038367,0.009824141,0.75821954,0.05212446,"TWOGAUSSIANS_WITH_ELLIPSOIDAL_ON_ECLIPSE2",9,2.1271577,0.11730926,3.790257E-5,0.06536399,0.0012935492,0.6967618,0.00551931,0.75821954,0.05212446,0.37203118,0.338082,0.08749877,632.169
375316653866487564,2634307848721003136,0.51731116,2084.019535899138,1.6811504147260117,3.704363E-5,17.857649,0.021422511,0.2662692,0.009594418,0.03915878,0.01226225,0.32854247,0.055558935,0.7759334,0.0058090594,0.035331693,0.008130349,0.43103185,0.0448852,0.03555578,0.031397942,0.2662692,0.009594418,"TWOGAUSSIANS_WITH_ELLIPSOIDAL_ON_ECLIPSE1",9,42.036434,0.7759334,0.0058090594,0.19785748,0.045529954,0.50188136,0.028357914,0.2662692,0.009594418,0.21928917,0.068668604,0.39965385,0.032824397
375316653866487564,2634428593136548224,0.45915484,2049.363907576553,0.01579798060418192,1.1520913E-4,13.328301,0.006556883,0.27315083,0.005995721,0.13170005,0.020794058,0.068965495,0.005170233,0.78807294,0.019796196,0.06402801,0.012743192,0.0893739,0.03147148,null,null,null,null,"TWOGAUSSIANS",8,5.2417784,0.78813297,0.019858861,0.35855687,0.07136188,0.085122004,0.031820096,0.27315083,0.005995721,0.4,0.0,0.06460238,0.004982471
375316653866487564,2634487348289125760,0.6646457,2041.8077834969731,2.338378525784094,3.7115624E-6,12.575157,0.0054792045,0.29393,0.0020828075,0.089593686,0.0068095066,0.20576552,0.012472342,0.7916117,0.0020399985,0.088998966,0.0027143483,0.32937357,0.0052855737,null,null,null,null,"TWOGAUSSIANS",8,33.990868,0.7916117,0.0020399985,0.4,0.0,0.3194512,0.0034180284,0.29393,0.0020828075,0.4,0.0,0.19584318,0.014976395
375316653866487564,2634602139879720064,0.5178243,2101.8456546769403,0.10130358240022526,2.1689742E-5,18.055151,0.0034891556,0.2862827,0.05597548,0.05111097,0.049054533,0.04549365,0.034539692,0.88306606,2.9014747E-4,0.0021169935,1.9364528E-4,0.3746264,0.017834967,null,null,null,null,"TWOGAUSSIANS",8,6.766913,0.88306606,2.9014747E-4,0.011855164,0.0010844136,0.3746264,0.01783572,0.2862827,0.05597548,0.28622144,0.13884558,0.04549365,0.034539722
375316653866487564,2634639768089106304,0.6112066,2208.968251339661,3.2329810155202376,6.4639594E-6,19.666435,0.0034218966,0.33678496,0.0018261033,0.028253315,7.155199E-4,0.8334547,0.044413086,0.82199997,0.0076201013,0.042088743,0.00396087,0.1508083,0.017193064,null,null,null,null,"TWOGAUSSIANS",8,0.24578781,0.33678496,0.0018261033,0.15821856,0.0040069115,0.8334547,0.044413086,0.82199997,0.0076201013,0.23569696,0.022180874,0.1508083,0.017193064
375316653866487564,2634664056128475776,0.42892465,2176.362186282554,0.42927690094865373,7.647529E-5,18.329485,0.007055942,0.23561291,0.09959857,0.063852385,0.0722504,0.27192372,0.24452548,0.75549394,0.013299219,0.077186845,0.013771496,0.097473554,0.012159857,null,null,null,null,"TWOGAUSSIANS",8,2.062121,0.23561291,0.09959857,0.35757336,0.07753167,0.27158248,0.24745093,0.75549394,0.013299219,0.4,0.0035726046,0.09713233,0.010586427
375316653866487564,2634887707960847360,0.41204494,2260.751996408445,0.75884821149889,1.9785781E-4,13.862172,0.0017774928,0.2431919,0.0050957743,0.03242116,0.004087521,0.28353515,0.014652144,null,null,null,null,null,null,null,null,null,null,"ONEGAUSSIAN",5,2210.7075,0.2431919,0.0050957743,0.1815585,0.022890119,0.28353515,0.0,null,null,null,null,null,null
