Gaia/vari_eclipsing_binary/VariEclipsingBinary_685799-685838.csv
# %ECSV 1.0
# ---
# delimiter: ','
# meta: !!omap
# - RELEASE: Gaia DR3
# - TABLE: vari_eclipsing_binary
# - DESCRIPTION: >
#     This table describes the properties of the eclipsing binaries resulting from the variability analysis. 
# - CITATION: >
#     How to cite and acknowledge Gaia: 
#     https://gea.esac.esa.int/archive/documentation/credits.html 
# - KNOWN_ISSUES: >
#     Known issues: 
#     https://www.cosmos.esa.int/web/gaia-users/known-issues 
# - DOCUMENTATION: >
#     Tutorials and documentation: 
#     https://www.cosmos.esa.int/web/gaia-users/archive 
# datatype:
# - 
#   name: solution_id
#   datatype: int64
#   description: Solution Identifier
#   meta:
#     ucd: meta.version
# - 
#   name: source_id
#   datatype: int64
#   description: Unique source identifier
#   meta:
#     ucd: meta.id;meta.main
# - 
#   name: global_ranking
#   datatype: float32
#   description: Number between 0 (worst) and 1 (best)
#   meta:
#     ucd: stat.param
# - 
#   name: reference_time
#   datatype: float64
#   unit: d
#   description: Reference time used for the geometric model fit
#   meta:
#     ucd: time.epoch
# - 
#   name: frequency
#   datatype: float64
#   unit: d**-1
#   description: Frequency of geometric model of the eclipsing binary light curve
#   meta:
#     ucd: src.orbital
# - 
#   name: frequency_error
#   datatype: float32
#   unit: d**-1
#   description: "Uncertainty of \\texttt{frequency}"
#   meta:
#     ucd: stat.error
# - 
#   name: geom_model_reference_level
#   datatype: float32
#   unit: mag
#   description: Magnitude reference level of geometric model
#   meta:
#     ucd: phot.mag;em.opt
# - 
#   name: geom_model_reference_level_error
#   datatype: float32
#   unit: mag
#   description: "Uncertainty of \\texttt{geomModelReferenceLevel}"
#   meta:
#     ucd: stat.error;phot.mag;em.opt
# - 
#   name: geom_model_gaussian1_phase
#   datatype: float32
#   description: Phase of the Gaussian 1 component
#   meta:
#     ucd: time.phase
# - 
#   name: geom_model_gaussian1_phase_error
#   datatype: float32
#   description: "Uncertainty of \\texttt{geomModelGaussian1Phase}"
#   meta:
#     ucd: stat.error;time.phase
# - 
#   name: geom_model_gaussian1_sigma
#   datatype: float32
#   description: "Standard deviation [phase] of Gaussian 1 component"
#   meta:
#     ucd: stat.stdev
# - 
#   name: geom_model_gaussian1_sigma_error
#   datatype: float32
#   description: "Uncertainty of \\texttt{geomModelGaussian1Sigma}"
#   meta:
#     ucd: stat.error
# - 
#   name: geom_model_gaussian1_depth
#   datatype: float32
#   unit: mag
#   description: Magnitude depth of Gaussian 1 component
#   meta:
#     ucd: src.var.amplitude
# - 
#   name: geom_model_gaussian1_depth_error
#   datatype: float32
#   unit: mag
#   description: "Uncertainty of \\texttt{geomModelGaussian1Depth}"
#   meta:
#     ucd: stat.error;src.var.amplitude
# - 
#   name: geom_model_gaussian2_phase
#   datatype: float32
#   description: Phase of Gaussian 2 component
#   meta:
#     ucd: time.phase
# - 
#   name: geom_model_gaussian2_phase_error
#   datatype: float32
#   description: "Uncertainty of \\texttt{geomModelGaussian2Phase}"
#   meta:
#     ucd: stat.error;time.phase
# - 
#   name: geom_model_gaussian2_sigma
#   datatype: float32
[...]
#   datatype: float32
#   description: "Secondary eclipse: uncertainty of \\texttt{derivedSecondaryEclDuration}"
#   meta:
#     ucd: stat.error;time.duration
# - 
#   name: derived_secondary_ecl_depth
#   datatype: float32
#   unit: mag
#   description: "Secondary eclipse: depth"
#   meta:
#     ucd: src.var.amplitude
# - 
#   name: derived_secondary_ecl_depth_error
#   datatype: float32
#   unit: mag
#   description: "Secondary eclipse: uncertainty of \\texttt{derivedSecondaryEclDepth}"
#   meta:
#     ucd: stat.error;src.var.amplitude
solution_id,source_id,global_ranking,reference_time,frequency,frequency_error,geom_model_reference_level,geom_model_reference_level_error,geom_model_gaussian1_phase,geom_model_gaussian1_phase_error,geom_model_gaussian1_sigma,geom_model_gaussian1_sigma_error,geom_model_gaussian1_depth,geom_model_gaussian1_depth_error,geom_model_gaussian2_phase,geom_model_gaussian2_phase_error,geom_model_gaussian2_sigma,geom_model_gaussian2_sigma_error,geom_model_gaussian2_depth,geom_model_gaussian2_depth_error,geom_model_cosine_half_period_amplitude,geom_model_cosine_half_period_amplitude_error,geom_model_cosine_half_period_phase,geom_model_cosine_half_period_phase_error,model_type,num_model_parameters,reduced_chi2,derived_primary_ecl_phase,derived_primary_ecl_phase_error,derived_primary_ecl_duration,derived_primary_ecl_duration_error,derived_primary_ecl_depth,derived_primary_ecl_depth_error,derived_secondary_ecl_phase,derived_secondary_ecl_phase_error,derived_secondary_ecl_duration,derived_secondary_ecl_duration_error,derived_secondary_ecl_depth,derived_secondary_ecl_depth_error
[from data line 370]
375316653866487564,6032670553856584192,0.4591886,2242.4327272449477,0.1886691050244519,7.012867E-5,18.564121,0.012734377,0.22549428,0.012069238,0.07793945,0.0124325305,0.24637683,0.033932615,0.7601516,0.007982298,0.049838915,0.006708981,0.2588971,0.021191226,null,null,null,null,"TWOGAUSSIANS",8,6.585599,0.7601516,0.007982298,0.2790979,0.037570294,0.25881985,0.021142088,0.22549428,0.012069238,0.4,0.0,0.24629956,0.033962555
375316653866487564,6032670867414253184,0.44148302,2227.583054399039,1.0378673220222339,5.646108E-5,17.420141,0.004195483,0.21889494,0.010945405,0.017159766,0.008389486,0.099337496,0.04630507,0.69581956,6.471812E-4,0.012739543,0.0015231256,0.28848627,0.09155307,0.018301388,0.0062488536,0.21889494,0.010945405,"TWOGAUSSIANS_WITH_ELLIPSOIDAL_ON_ECLIPSE1",9,14.782026,0.69585955,6.3714496E-4,0.07134144,0.008529503,0.3243262,0.09590042,0.21889494,0.010945405,0.09609468,0.046981122,0.13594027,0.045399893
375316653866487564,6032671107905066112,0.4377047,2215.873908818805,0.21426675922442803,1.6521024E-5,18.633648,0.0070815478,0.032127317,0.0028716766,0.019630857,0.0035443634,0.10095815,0.025392726,0.44617435,0.010315483,0.059762426,0.012155331,0.1417042,0.017201897,null,null,null,null,"TWOGAUSSIANS",8,4.2331295,0.44617435,0.010315483,0.3346696,0.06806985,0.1417042,0.017201897,0.032127317,0.0028716766,0.1099328,0.019848436,0.10095815,0.025392726
375316653866487564,6032671137949597824,0.5625006,2216.517310372351,3.1569554232284966,8.877826E-6,17.62226,0.03528718,0.23614521,0.0025532376,0.098411195,0.013586118,0.23039955,0.031433843,0.7313057,0.0051294155,0.10287813,0.02073825,0.24207473,0.018388998,null,null,null,null,"TWOGAUSSIANS",8,3.4107223,0.7313057,0.0051294155,0.4,0.0,0.22172898,0.016326763,0.23614521,0.0025526085,0.4,0.0,0.21005632,0.0073089874
375316653866487564,6032672821589986944,0.42197344,2264.206844668776,3.1645475019169735,1.3288911E-4,19.477705,0.018505901,0.36546198,0.010055753,0.08153335,0.014915171,0.2806086,0.05025344,0.8493378,0.027840376,0.050342076,0.024399485,0.19427608,0.042594872,null,null,null,null,"TWOGAUSSIANS",8,7.116124,0.36546198,0.010055753,0.4,0.0,0.2803848,0.05042535,0.8493378,0.027840376,0.2819156,0.13663712,0.19405231,0.04255054
375316653866487564,6032673856684867328,0.54624397,2235.607210519545,2.8922059394806015,1.6065593E-5,18.445024,0.015620042,0.2809348,0.0042035067,0.098804675,0.00718134,0.26562342,0.017748695,0.77604866,0.0046557365,0.10575856,0.008532296,0.25695917,0.015180246,null,null,null,null,"TWOGAUSSIANS",8,2.3675175,0.2809348,0.0042074453,0.4,0.0,0.24081442,0.011399915,0.77604866,0.0046557365,0.4,0.0,0.23214431,0.0077124345
375316653866487564,6032674681318841344,0.5175259,2242.4645615677746,4.26355117418268,3.3632034E-5,19.22346,0.015286795,0.2305665,0.005264786,0.0716516,0.006070851,0.34974062,0.031161675,0.73398155,0.004653821,0.07245844,0.0086267805,0.4245144,0.038300097,null,null,null,null,"TWOGAUSSIANS",8,4.7427416,0.73398155,0.004653821,0.4,0.011618637,0.42278802,0.039218068,0.2305665,0.005264786,0.4,0.020574877,0.34801424,0.031049822
375316653866487564,6032675123679490304,0.51280314,2243.5570455870134,1.8655281784611284,2.0696567E-5,18.142216,0.014108926,0.281503,0.009518729,0.099042855,0.014538975,0.13775416,0.017853254,0.75898725,0.003882129,0.08902333,0.010523652,0.25936976,0.014904832,null,null,null,null,"TWOGAUSSIANS",8,5.5820584,0.75898725,0.003882129,0.4,0.0,0.2516259,0.016084101,0.281503,0.009518729,0.4,0.0,0.13000908,0.014817088
375316653866487564,6032675265434063360,0.5633733,2275.7573888242587,3.0290879836874773,1.4222483E-5,19.22113,0.02748753,0.27185565,0.0051920745,0.096115686,0.010580043,0.3312574,0.029897349,0.7624635,0.0015659195,0.09619001,0.0071254494,0.3935884,0.02387264,null,null,null,null,"TWOGAUSSIANS",8,1.3928301,0.7624635,0.0015659195,0.4,0.0,0.3719735,0.013084241,0.27185565,0.0051920745,0.4,0.0,0.30964276,0.023734555
375316653866487564,6032676257551115264,0.56403613,2223.9682016705638,3.1120192598632204,1.0621359E-5,17.24879,0.016064096,0.14579283,0.0022352498,0.08412034,0.005878685,0.34436774,0.012264527,0.638276,0.003236782,0.08881248,0.0070596486,0.3386507,0.020624418,null,null,null,null,"TWOGAUSSIANS",8,9.676377,0.14579283,0.0022352498,0.4,0.0,0.335166,0.009492831,0.638276,0.003236782,0.4,0.0,0.32944885,0.020306714
375316653866487564,6032676364972677888,0.58891815,2276.3651115508646,0.9217469029124794,3.183479E-5,19.038555,0.0062886053,0.20389035,0.008096863,0.062062908,0.02306809,0.16830891,0.032620933,0.70358306,0.0017982827,0.033596873,0.0013781829,0.80817795,0.0062484103,null,null,null,null,"TWOGAUSSIANS",8,2.393862,0.70358306,0.0017982827,0.18814248,0.007717824,0.8081773,0.006247602,0.20389035,0.008096863,0.34755227,0.12918131,0.16830829,0.032621846
375316653866487564,6032676807307139840,0.45678863,2251.7316394170966,2.5225946503448844,5.183765E-5,19.25751,0.07111136,0.13013324,0.13488874,0.106786735,0.06978538,0.11747217,0.05468072,0.5655236,0.035651017,0.14767027,0.060441762,0.23180863,0.06896881,null,null,null,null,"TWOGAUSSIANS",8,2.4402058,0.5655236,0.035651017,0.4,0.0,0.20259847,0.015203921,0.13629323,0.14183518,0.4,0.0,0.091562234,0.021024037
375316653866487564,6032677017782312832,0.53439605,2258.78292824084,3.7652770347038427,3.5115765E-5,18.96996,0.06330325,0.2566157,0.0050029852,0.122494176,0.016618391,0.34653804,0.060375907,0.779243,0.006423132,0.1143946,0.019066714,0.318236,0.05719469,null,null,null,null,"TWOGAUSSIANS",8,2.1292555,0.25654572,0.005023798,0.4,0.0,0.2882935,0.017067205,0.779413,0.0063449573,0.4,0.0,0.26014298,0.01812622
375316653866487564,6032677052140976128,0.54567564,2232.223247548918,2.393241189571209,1.9449084E-5,18.509241,0.015897855,0.23849495,0.0037848954,0.08196085,0.0055064857,0.40934318,0.021779576,0.72862464,0.0042958595,0.07941522,0.005064601,0.3990679,0.019628914,null,null,null,null,"TWOGAUSSIANS",8,8.2003355,0.23849495,0.0037848954,0.4,0.0,0.40384796,0.020964848,0.72862464,0.0042958595,0.4,0.0,0.3935727,0.017833246
375316653866487564,6032677258304199296,0.52832645,2218.978069042286,4.151022699309631,5.0579285E-5,19.93789,0.01459279,0.3019487,0.0075516105,0.06418924,0.007385766,0.44794762,0.030066313,0.7898124,0.02224336,0.057526313,0.015694233,0.5512434,0.111162335,null,null,null,null,"TWOGAUSSIANS",8,1.4610264,0.7898124,0.02224336,0.32214734,0.087887704,0.55110234,0.11053605,0.3019487,0.0075516105,0.35945976,0.04136029,0.44780654,0.029801847
375316653866487564,6032677528860183552,0.57271427,2219.5325978452784,3.4202948296279407,6.5584436E-6,17.78083,0.018410908,0.25697485,0.0025899252,0.050446752,0.006172807,0.2670108,0.0445114,0.7542182,0.0021873668,0.049284592,0.0052677225,0.407411,0.045758072,0.11609582,0.022124855,0.25697485,0.0025899252,"TWOGAUSSIANS_WITH_ELLIPSOIDAL_ON_ECLIPSE1",9,9.14726,0.7544882,0.0018694223,0.2759937,0.029499246,0.6395378,0.04366755,0.25697485,0.0025899252,0.28250182,0.034567717,0.4992004,0.019174261
375316653866487564,6032678009896837888,0.60440487,2215.838255634579,3.2117482782529607,1.0526371E-5,17.952423,0.010357102,0.22440867,0.0027663214,0.050729334,0.0045070616,0.24979924,0.0336439,0.7276805,0.0021233999,0.053631864,0.0053459704,0.24344,0.028756706,0.09204912,0.012617512,0.22440867,0.0027663214,"TWOGAUSSIANS_WITH_ELLIPSOIDAL_ON_ECLIPSE1",9,4.0311494,0.22440867,0.0027663214,0.28408426,0.025239544,0.4338926,0.021880956,0.7276805,0.0021233999,0.30033845,0.029937435,0.4274556,0.028146159
375316653866487564,6032678804492648576,0.5067244,2226.854478899299,1.9355221674019842,2.3020528E-5,19.279396,0.0040485677,0.27190316,0.005341949,0.05043327,0.008361491,0.23049073,0.046812147,0.7691129,0.006082569,0.05007675,0.008697729,0.20707615,0.015433487,null,null,null,null,"TWOGAUSSIANS",8,1.3508602,0.27190316,0.005341949,0.28242633,0.04682435,0.23048912,0.046816662,0.7691129,0.006082569,0.2804298,0.04870728,0.20707454,0.015435799
375316653866487564,6032679594769837824,0.512329,2213.0210373987807,0.23829973303294952,1.7446844E-6,19.82301,0.0074997013,0.31242287,4.1493354E-4,0.0073129907,3.3236545E-4,0.7481481,0.013933929,0.5062742,0.03269302,0.14827202,0.028258672,0.060240507,0.012034836,null,null,null,null,"TWOGAUSSIANS",8,1.5126566,0.31244287,4.1493354E-4,0.04095275,0.0018612464,0.77336913,0.017639086,0.5062742,0.03269302,0.4,0.0,0.059831608,0.012066039
375316653866487564,6032680174562776576,0.48209134,2221.5414567014373,3.7021528289724084,2.0446827E-5,16.805878,0.055052757,0.2756681,0.0055317027,0.10375338,0.019612957,0.23123945,0.05006818,0.75822455,0.009283317,0.12188762,0.032054987,0.19549094,0.050142188,null,null,null,null,"TWOGAUSSIANS",8,23.783081,0.2757481,0.0054564746,0.4,0.0,0.20107229,0.011644395,0.75822455,0.009283317,0.4,0.0,0.16522822,0.013631627
375316653866487564,6032680483818063744,0.47032005,2243.3185429788355,0.033856461203160444,3.0667285E-5,19.703083,0.017770477,0.43974,0.0072120386,0.17474395,0.014001346,0.41076493,0.044854913,0.90066,0.004557738,0.011601795,0.010521333,0.20305501,0.027842572,null,null,null,null,"TWOGAUSSIANS",8,2.29464,0.43974,0.0072120386,0.4,0.0,0.39690787,0.046824176,0.90066,0.004557738,0.064970054,0.058919463,0.20539264,0.028342156
375316653866487564,6032680522483199104,0.41846654,2261.0215339532974,0.09148879505603187,3.3655702E-5,18.496862,0.00590534,0.40338737,0.0075417403,0.011797422,0.0038979838,0.0838606,0.03697827,0.777173,0.0033462674,0.017383834,0.0057496005,0.091223985,0.04229199,0.034000296,0.010059064,0.40338737,0.0075417403,"TWOGAUSSIANS_WITH_ELLIPSOIDAL_ON_ECLIPSE1",9,6.116057,0.40338737,0.0075417403,0.06606556,0.02182871,0.15186104,0.038142145,0.778593,0.0018737712,0.09734947,0.032197762,0.12500815,0.03830719
375316653866487564,6032680591226342784,0.450171,2262.6870997426954,0.12446040475534788,1.650618E-5,19.187712,0.0074603492,0.36396888,0.015316547,0.0138802705,0.010917476,0.062409315,0.35072628,0.5324528,0.0012025542,0.0020235428,3.7863106E-4,0.731135,0.27941012,null,null,null,null,"TWOGAUSSIANS",8,5.393373,0.5324528,0.0012025542,0.0113318395,0.002120334,0.731135,0.27941012,0.36396888,0.015316547,0.077729516,0.061137866,0.062409315,0.35072628
375316653866487564,6032680934800150400,0.4449668,2239.386583683784,0.24435571466386818,7.226271E-5,18.611992,0.013873431,0.15560944,0.014125113,0.06220761,0.0180728,0.08468916,0.027888164,0.74561304,0.008569186,0.07722228,0.013135992,0.22956686,0.05302487,null,null,null,null,"TWOGAUSSIANS",8,9.484538,0.74561304,0.008569186,0.4,0.0,0.22952917,0.053051423,0.15560944,0.014125392,0.3483626,0.10120768,0.08465166,0.027872764
375316653866487564,6032681342792285568,0.5394638,2235.479623662725,2.694029187205708,1.017682E-5,18.186024,0.0057970225,0.26278463,0.008469548,0.045773525,0.0051611387,0.3102876,0.03422573,0.77114767,0.0024352493,0.052940577,0.003498237,0.2538622,0.017031234,null,null,null,null,"TWOGAUSSIANS",8,3.9300165,0.26278463,0.008469548,0.25633174,0.028902378,0.3102866,0.034225427,0.77114767,0.0024352493,0.29646724,0.019590128,0.25386125,0.017031655
375316653866487564,6032682549731399168,0.5292303,2216.1642058091147,3.1188235932988153,8.839089E-6,19.741602,0.0034592855,0.24484271,2.7092694E-5,0.0078424355,3.580242E-4,2.4367163,0.3237408,0.7518806,0.0016923258,0.012095721,0.0031379175,0.265525,0.40857473,0.08889093,0.013069573,0.7518806,0.0016923258,"TWOGAUSSIANS_WITH_ELLIPSOIDAL_ON_ECLIPSE2",9,2.327938,0.24484271,2.7092694E-5,0.04391764,0.0020049356,2.6141505,0.34860492,0.7518806,0.0016923258,0.06773604,0.017572338,0.44330677,0.41046458
375316653866487564,6032682996380971904,0.46245593,2215.9984693629563,0.2436555791410217,2.8154487E-5,19.176105,0.027611576,0.22507624,0.0050177597,0.046461362,0.00763309,0.2305357,0.030731427,0.77309185,0.0074601904,0.09802332,0.0133036645,0.27204356,0.027759181,null,null,null,null,"TWOGAUSSIANS",8,3.1836894,0.77309185,0.0074601904,0.4,0.0,0.27168113,0.02733617,0.22507624,0.005018678,0.26018363,0.042745303,0.2301799,0.030328086
375316653866487564,6032683030740700032,0.5095673,2211.273002224582,2.112683177899268,3.419364E-5,17.67269,0.021599857,0.24322982,0.004666682,0.11010875,0.017692843,0.1482077,0.018600686,0.74298096,0.013270173,0.0988239,0.024280485,0.13575226,0.020231277,null,null,null,null,"TWOGAUSSIANS",8,4.588184,0.24322982,0.00466526,0.4,0.0,0.1320503,0.007520696,0.74298096,0.013275335,0.4,0.0,0.119604,0.01361693
375316653866487564,6032684027176860032,0.4892308,2247.382115939844,4.20689951332313,1.491182E-5,19.764503,0.014309505,0.24484108,0.0032461053,0.06683319,0.005924486,0.3565166,0.034852915,0.72934645,0.006460608,0.06644252,0.0072808084,0.37397107,0.028346838,null,null,null,null,"TWOGAUSSIANS",8,2.4651945,0.72934645,0.006460608,0.3720781,0.038912244,0.37355915,0.028333228,0.24484108,0.0032461053,0.37426588,0.033177122,0.35610467,0.03501552
375316653866487564,6032684267695140608,0.5524459,2236.4232997578483,3.3331796468497177,1.9048088E-5,18.325256,0.01947983,0.21979505,0.0033364207,0.08567714,0.0070717516,0.25935936,0.019162856,0.71031326,0.00907262,0.084399015,0.014097066,0.29649004,0.026095469,null,null,null,null,"TWOGAUSSIANS",8,5.4136586,0.71031326,0.00907262,0.4,0.0,0.2902521,0.02700633,0.21979505,0.0033364207,0.4,0.0,0.2531214,0.014018801
375316653866487564,6032684950564848128,0.5428499,2237.9711700682333,1.87321014657674,8.021693E-6,18.251863,0.007569008,0.21847454,0.002427782,0.0942499,0.0053224885,0.20184903,0.008661967,0.7159535,0.0022049,0.08226575,0.004957009,0.23310918,0.009925358,null,null,null,null,"TWOGAUSSIANS",8,1.8394746,0.7159535,0.0022049,0.4,0.0,0.22563343,0.010215448,0.21847454,0.002427782,0.4,0.0,0.19437297,0.008160379
375316653866487564,6032684950579047424,0.50123507,2247.3725634012685,3.2736294155777927,6.510886E-5,18.813457,0.016084824,0.30650792,0.011920939,0.09348752,0.013270808,0.21839853,0.01990651,0.8058029,0.003613495,0.08358445,0.007818393,0.20242697,0.016821152,null,null,null,null,"TWOGAUSSIANS",8,3.2555041,0.30650792,0.011920939,0.4,0.0,0.21067603,0.016143147,0.8058029,0.003613495,0.4,0.0,0.19470473,0.013044
375316653866487564,6032685225442819328,0.56033593,2213.255519810377,2.6657347724917666,1.4050224E-5,17.557049,0.016919037,0.24438944,0.0032787279,0.07747057,0.0055042612,0.42930555,0.018341003,0.7502214,0.002260286,0.076847486,0.0044615786,0.4318116,0.015095351,null,null,null,null,"TWOGAUSSIANS",8,17.965942,0.7502214,0.002260286,0.4,0.0,0.4278122,0.012823587,0.24438944,0.0032787279,0.4,0.0,0.42530614,0.016954824
375316653866487564,6032685264146056960,0.5762095,2242.4353424087235,1.8637362198685323,1.0248726E-5,15.188361,0.007726481,0.294318,0.0017723435,0.09629136,0.0059915506,0.11927377,0.0072744046,0.7941105,0.003294005,0.11169443,0.008711397,0.120404325,0.00689214,null,null,null,null,"TWOGAUSSIANS",8,7.478002,0.7941105,0.003294005,0.4,0.0,0.10714987,0.003261909,0.294318,0.0017710992,0.4,0.0,0.1060297,0.0030917695
375316653866487564,6032685401585011328,0.48457563,2250.5606880404343,0.7441851242230596,6.423442E-5,17.574709,0.0023486773,0.3007719,0.0017635276,0.01712155,0.0010258217,1.8407884,0.6438324,0.61215496,0.01366264,0.02726231,0.017088752,0.020411894,0.0046991543,0.007985034,0.0034283195,0.3007719,0.0017635276,"TWOGAUSSIANS_WITH_ELLIPSOIDAL_ON_ECLIPSE1",9,4.73751,0.3007719,0.0017635276,0.09588067,0.0057446016,1.8567584,0.64648813,0.6148049,0.009598046,0.15266892,0.09569701,0.022764217,0.0056160153
375316653866487564,6032685672120997632,0.51748717,2232.5582270152036,0.7893124530001668,2.7050672E-5,18.234129,0.007901273,0.13313892,0.004216011,0.03063998,0.0029489442,0.45102116,0.03712071,0.6309368,0.0153686125,0.034888055,0.012937723,0.3879,0.10874739,null,null,null,null,"TWOGAUSSIANS",8,14.323092,0.13313892,0.004216011,0.17158389,0.016514087,0.45102116,0.03712071,0.6309368,0.0153686125,0.1953731,0.07245125,0.3879,0.10874739
