Gaia/vari_eclipsing_binary/VariEclipsingBinary_663521-663534.csv
# %ECSV 1.0
# ---
# delimiter: ','
# meta: !!omap
# - RELEASE: Gaia DR3
# - TABLE: vari_eclipsing_binary
# - DESCRIPTION: >
#     This table describes the properties of the eclipsing binaries resulting from the variability analysis. 
# - CITATION: >
#     How to cite and acknowledge Gaia: 
#     https://gea.esac.esa.int/archive/documentation/credits.html 
# - KNOWN_ISSUES: >
#     Known issues: 
#     https://www.cosmos.esa.int/web/gaia-users/known-issues 
# - DOCUMENTATION: >
#     Tutorials and documentation: 
#     https://www.cosmos.esa.int/web/gaia-users/archive 
# datatype:
# - 
#   name: solution_id
#   datatype: int64
#   description: Solution Identifier
#   meta:
#     ucd: meta.version
# - 
#   name: source_id
#   datatype: int64
#   description: Unique source identifier
#   meta:
#     ucd: meta.id;meta.main
# - 
#   name: global_ranking
#   datatype: float32
#   description: Number between 0 (worst) and 1 (best)
#   meta:
#     ucd: stat.param
# - 
#   name: reference_time
#   datatype: float64
#   unit: d
#   description: Reference time used for the geometric model fit
#   meta:
#     ucd: time.epoch
# - 
#   name: frequency
#   datatype: float64
#   unit: d**-1
#   description: Frequency of geometric model of the eclipsing binary light curve
#   meta:
#     ucd: src.orbital
# - 
#   name: frequency_error
#   datatype: float32
#   unit: d**-1
#   description: "Uncertainty of \\texttt{frequency}"
#   meta:
#     ucd: stat.error
# - 
#   name: geom_model_reference_level
#   datatype: float32
#   unit: mag
#   description: Magnitude reference level of geometric model
#   meta:
#     ucd: phot.mag;em.opt
# - 
#   name: geom_model_reference_level_error
#   datatype: float32
#   unit: mag
#   description: "Uncertainty of \\texttt{geomModelReferenceLevel}"
#   meta:
#     ucd: stat.error;phot.mag;em.opt
# - 
#   name: geom_model_gaussian1_phase
#   datatype: float32
#   description: Phase of the Gaussian 1 component
#   meta:
#     ucd: time.phase
# - 
#   name: geom_model_gaussian1_phase_error
#   datatype: float32
#   description: "Uncertainty of \\texttt{geomModelGaussian1Phase}"
#   meta:
#     ucd: stat.error;time.phase
# - 
#   name: geom_model_gaussian1_sigma
#   datatype: float32
#   description: "Standard deviation [phase] of Gaussian 1 component"
#   meta:
#     ucd: stat.stdev
# - 
#   name: geom_model_gaussian1_sigma_error
#   datatype: float32
#   description: "Uncertainty of \\texttt{geomModelGaussian1Sigma}"
#   meta:
#     ucd: stat.error
# - 
#   name: geom_model_gaussian1_depth
#   datatype: float32
#   unit: mag
#   description: Magnitude depth of Gaussian 1 component
#   meta:
#     ucd: src.var.amplitude
# - 
#   name: geom_model_gaussian1_depth_error
#   datatype: float32
#   unit: mag
#   description: "Uncertainty of \\texttt{geomModelGaussian1Depth}"
#   meta:
#     ucd: stat.error;src.var.amplitude
# - 
#   name: geom_model_gaussian2_phase
#   datatype: float32
#   description: Phase of Gaussian 2 component
#   meta:
#     ucd: time.phase
# - 
#   name: geom_model_gaussian2_phase_error
#   datatype: float32
#   description: "Uncertainty of \\texttt{geomModelGaussian2Phase}"
#   meta:
#     ucd: stat.error;time.phase
# - 
#   name: geom_model_gaussian2_sigma
#   datatype: float32
[...]
#   datatype: float32
#   description: "Secondary eclipse: uncertainty of \\texttt{derivedSecondaryEclDuration}"
#   meta:
#     ucd: stat.error;time.duration
# - 
#   name: derived_secondary_ecl_depth
#   datatype: float32
#   unit: mag
#   description: "Secondary eclipse: depth"
#   meta:
#     ucd: src.var.amplitude
# - 
#   name: derived_secondary_ecl_depth_error
#   datatype: float32
#   unit: mag
#   description: "Secondary eclipse: uncertainty of \\texttt{derivedSecondaryEclDepth}"
#   meta:
#     ucd: stat.error;src.var.amplitude
solution_id,source_id,global_ranking,reference_time,frequency,frequency_error,geom_model_reference_level,geom_model_reference_level_error,geom_model_gaussian1_phase,geom_model_gaussian1_phase_error,geom_model_gaussian1_sigma,geom_model_gaussian1_sigma_error,geom_model_gaussian1_depth,geom_model_gaussian1_depth_error,geom_model_gaussian2_phase,geom_model_gaussian2_phase_error,geom_model_gaussian2_sigma,geom_model_gaussian2_sigma_error,geom_model_gaussian2_depth,geom_model_gaussian2_depth_error,geom_model_cosine_half_period_amplitude,geom_model_cosine_half_period_amplitude_error,geom_model_cosine_half_period_phase,geom_model_cosine_half_period_phase_error,model_type,num_model_parameters,reduced_chi2,derived_primary_ecl_phase,derived_primary_ecl_phase_error,derived_primary_ecl_duration,derived_primary_ecl_duration_error,derived_primary_ecl_depth,derived_primary_ecl_depth_error,derived_secondary_ecl_phase,derived_secondary_ecl_phase_error,derived_secondary_ecl_duration,derived_secondary_ecl_duration_error,derived_secondary_ecl_depth,derived_secondary_ecl_depth_error
[from data line 435]
375316653866487564,5836473222296565248,0.48058093,2198.831421312012,3.0915387521768443,2.3143948E-5,18.280027,0.009456438,0.2012561,0.007919908,0.083019055,0.01187648,0.2131389,0.011360215,0.6939756,0.006864836,0.08046138,0.010508486,0.18528962,0.016744567,null,null,null,null,"TWOGAUSSIANS",8,7.2185335,0.2012561,0.007919908,0.4,0.0,0.20991184,0.011352722,0.6939756,0.006864836,0.4,0.0,0.18206257,0.017323622
375316653866487564,5836473291061466240,0.46996716,2194.1545314836567,0.9554971438343882,1.7840035E-5,18.783371,0.0063193836,0.19623272,0.0045846547,0.06851845,0.0052296184,0.14579241,0.0063175694,0.66362226,0.022864614,0.05941628,0.024979966,0.08298973,0.02131574,null,null,null,null,"TWOGAUSSIANS",8,1.7481719,0.19623272,0.0045846547,0.38370335,0.029285863,0.14575386,0.006098621,0.66362226,0.022864614,0.3327312,0.09489096,0.08295118,0.021879394
375316653866487564,5836473561536036096,0.52701545,2218.5011319204846,1.759693254136971,1.5750573E-5,16.02084,0.013669206,0.18968585,0.021370832,0.053552847,0.036861707,0.05315224,0.027306968,0.72895586,0.002397674,0.06949665,0.013147534,0.08537771,0.030131653,0.08557977,0.01688134,0.72895586,0.002397674,"TWOGAUSSIANS_WITH_ELLIPSOIDAL_ON_ECLIPSE2",9,33.743126,0.72895586,0.002397674,0.3891812,0.073119156,0.25640666,0.006609499,0.20659585,0.0155246565,0.29989594,0.20642555,0.21824019,0.012294306
375316653866487564,5836473767695191552,0.47809193,2197.170045232586,3.4027321918952533,2.4202063E-5,17.535767,0.017329494,0.24890594,0.0070084026,0.115258604,0.024241023,0.079562865,0.015784562,0.75039244,0.006089638,0.10804797,0.018505186,0.090772256,0.016435105,null,null,null,null,"TWOGAUSSIANS",8,2.886678,0.75039244,0.0061014895,0.4,0.0,0.077184774,0.0051568015,0.24890594,0.007012872,0.4,0.0,0.0659664,0.0065738773
375316653866487564,5836473806457467520,0.4878347,2189.5430740053166,0.07566057217301374,2.113489E-5,17.100988,0.0010761578,0.11907925,0.0030561183,0.013762659,0.0038051137,0.021510815,0.0028219412,0.37393323,9.762366E-4,0.006491958,0.0020948383,0.09621831,0.01506935,null,null,null,null,"TWOGAUSSIANS",8,2.2094545,0.37393323,9.762366E-4,0.036354966,0.011731094,0.09621831,0.01506935,0.11907925,0.0030561183,0.07707089,0.021308636,0.021510815,0.0028219412
375316653866487564,5836474253134163840,0.5368719,2200.721091260486,0.09919386795574188,1.1477629E-5,16.466064,0.006887507,0.104134366,0.0058951317,0.05810142,0.012914322,0.029827673,0.018572712,0.8554739,8.533952E-4,0.014963641,7.790754E-4,0.25705975,0.014534315,0.010079758,0.011563448,0.8554739,8.533952E-4,"TWOGAUSSIANS_WITH_ELLIPSOIDAL_ON_ECLIPSE2",9,20.14278,0.8554739,8.533952E-4,0.08379639,0.004362822,0.2772224,0.021914387,0.10384437,0.0071641705,0.32536793,0.07232021,0.0298294,0.018574199
375316653866487564,5836474528012495232,0.5107079,2191.2389409504653,0.567471755769762,3.6114696E-5,18.387367,0.0038183632,0.15345815,0.007984294,0.04899047,0.010774275,0.025294986,0.004516107,0.4590023,0.012074598,0.017723149,0.003953308,0.52005124,0.23182486,null,null,null,null,"TWOGAUSSIANS",8,3.149399,0.4590023,0.012074598,0.09924963,0.022138523,0.52005124,0.23182486,0.15345815,0.007984294,0.27434665,0.06033594,0.025294986,0.004516107
375316653866487564,5836474734170545920,0.5130874,2177.61946469191,1.3277842474928467,2.0213552E-5,16.07523,0.002939279,0.16811638,0.0076867035,0.079149656,0.013551361,0.020153444,0.0031175436,0.6453903,0.0070260116,0.091154255,0.0102590835,0.06426389,0.005435355,null,null,null,null,"TWOGAUSSIANS",8,4.029554,0.6453903,0.0070260116,0.4,0.0,0.063601084,0.00552274,0.16811638,0.0076867035,0.4,0.0,0.01949071,0.0026104182
375316653866487564,5836474768530280960,0.60435784,2180.115921866503,0.4022050982368651,2.503307E-6,15.651975,0.0038290804,0.28365955,4.0467808E-4,0.03154073,8.398662E-4,0.3464674,0.009253906,0.78580314,0.008638803,0.022146845,0.0094412705,0.025591338,0.012637327,0.004273629,0.004452654,0.28365955,4.0467808E-4,"TWOGAUSSIANS_WITH_ELLIPSOIDAL_ON_ECLIPSE1",9,31.943478,0.28365955,4.0467808E-4,0.1766281,0.0047032507,0.35501465,0.006557593,0.78580314,0.00862505,0.124022335,0.05287111,0.03413704,0.009548329
375316653866487564,5836474837257719936,0.46463192,2145.043243119526,2.8061849511552035,6.9838185E-5,19.16815,0.012286263,0.18609008,0.033682603,0.021818776,0.030379668,0.11933737,0.18244326,0.7609742,0.009424458,0.06837941,0.05604358,0.08398055,0.3337757,0.14246167,0.015321537,0.7609742,0.009424458,"TWOGAUSSIANS_WITH_ELLIPSOIDAL_ON_ECLIPSE2",9,17.212173,0.7609742,0.009424458,0.38292468,0.2929189,0.368799,0.34573352,0.19173008,0.038169224,0.12218515,0.17012614,0.34962,0.1818208
375316653866487564,5836475039026585600,0.55206704,2182.8756959792195,2.967130908337929,7.0914543E-6,18.925076,0.0061765397,0.27071553,0.0030023179,0.039083235,0.0038135112,0.14248908,0.02186811,0.7698794,0.010862137,0.01637372,0.008805755,0.37970594,0.23603801,0.13061363,0.0086538885,0.27071553,0.0030023179,"TWOGAUSSIANS_WITH_ELLIPSOIDAL_ON_ECLIPSE1",9,1.8113825,0.76988935,0.010630941,0.091692835,0.049312226,0.6409257,0.23571512,0.27071553,0.0030023179,0.21886612,0.021355662,0.40371594,0.015732631
375316653866487564,5836476417750996224,0.47444302,2135.5275302713767,1.8132252498966146,3.5012483E-5,19.618523,0.0098074395,0.27732986,0.03191895,0.09539832,0.018534003,0.12663773,0.024782227,0.7645122,0.003976897,0.08586572,0.006685856,0.32368153,0.01973928,null,null,null,null,"TWOGAUSSIANS",8,2.417832,0.7645122,0.003976897,0.4,0.0,0.3166073,0.021055445,0.27732986,0.03191895,0.4,0.0,0.11956318,0.025109727
375316653866487564,5836477070587973888,0.515597,2167.64548594659,1.91225195527766,2.0164502E-5,19.13282,0.009574596,0.28366238,0.0043405443,0.05909075,0.0043061664,0.36061844,0.023513965,0.78028625,0.0043155435,0.06905877,0.0074580507,0.4509603,0.032285277,null,null,null,null,"TWOGAUSSIANS",8,4.511095,0.78028625,0.0043155435,0.38672912,0.026420167,0.4505984,0.03262582,0.28366238,0.0043405443,0.33090818,0.024114532,0.36025652,0.023489393
375316653866487564,5836477585985707520,0.50913113,2134.5469670926523,3.169393041083925,2.1820786E-5,19.847464,0.017667672,0.25368765,0.004366813,0.079049595,0.009430723,0.44061944,0.06894398,0.7544705,0.00430941,0.07435588,0.0057290643,0.4371612,0.022345157,null,null,null,null,"TWOGAUSSIANS",8,1.6036876,0.25368765,0.004366813,0.4,0.0,0.436361,0.07147,0.7544705,0.00430941,0.4,0.005993664,0.43290278,0.021403529
375316653866487564,5836477620342161024,0.5130722,2142.55560258237,0.1810816727862538,2.0564588E-5,19.499512,0.00330303,0.5691957,0.036981743,0.095251724,0.020289877,0.051442724,0.017171206,0.8209539,0.010655015,0.009867227,0.0089253895,0.5781356,273310.22,null,null,null,null,"TWOGAUSSIANS",8,1.3853467,0.8209539,0.010655015,0.055256467,0.04998218,0.57969993,273310.22,0.5691957,0.036981743,0.4,0.0,0.051442616,0.017171383
375316653866487564,5836477654748461184,0.5492777,2194.880712565427,0.43313452300435307,6.2094605E-6,17.25989,0.0016922117,0.5206231,0.0016376463,0.030023228,0.0025144052,0.3866174,0.0582495,null,null,null,null,null,null,null,null,null,null,"ONEGAUSSIAN",5,6.6908855,0.5206231,0.0016376463,0.16813007,0.01408067,0.3866174,0.0,null,null,null,null,null,null
375316653866487564,5836477723467569920,0.46820983,2178.7179114400733,0.29160266464424967,7.051965E-6,17.797867,0.0019497711,0.18892027,0.005959243,0.020323524,0.0068806605,0.07892851,0.01755174,0.6902095,0.010832336,0.013913273,0.008253595,0.08235131,25.226734,0.01791027,0.0032696303,0.18892027,0.005959243,"TWOGAUSSIANS_WITH_ELLIPSOIDAL_ON_ECLIPSE1",9,3.035829,0.6902095,0.010833263,0.07791433,0.04622013,0.118169494,25.226614,0.18892027,0.005959243,0.11381174,0.0385317,0.114749044,0.017506981
375316653866487564,5836477822165285120,0.4733485,2188.544710518729,3.411385678428485,3.5928544E-5,18.551876,0.01242388,0.21377641,0.01963017,0.09056301,0.027920993,0.0874529,0.012794003,0.7019687,0.0068159834,0.07646691,0.00971337,0.28140187,0.024079653,null,null,null,null,"TWOGAUSSIANS",8,7.9662395,0.7019687,0.0068159834,0.4,0.0,0.27875036,0.024418298,0.21377641,0.01963017,0.4,0.0,0.08480134,0.011354252
375316653866487564,5836478101380572288,0.489355,2132.117337536119,0.7559359665560909,1.8043218E-5,19.436798,0.00565387,0.26671147,0.0061228094,0.05064213,0.0077574756,0.1836005,0.021810982,0.7758353,0.018309368,0.042375583,0.021590615,0.47878617,1.9709843,null,null,null,null,"TWOGAUSSIANS",8,1.7048401,0.7758353,0.018309368,0.23730327,0.12090744,0.478786,1.9709847,0.26671147,0.0061228094,0.28359592,0.043441862,0.18360032,0.02181115
375316653866487564,5836478204459054464,0.5605185,2192.7609045774584,0.5578694914883978,2.0543674E-5,18.45229,0.0018254397,0.35437456,0.0015776533,0.017089741,0.0012159923,0.25409764,0.0067664906,0.86001444,0.011591845,0.0129645,0.009983528,0.23737854,1.4872282,null,null,null,null,"TWOGAUSSIANS",8,1.1816893,0.35437456,0.0015776533,0.09570255,0.006809557,0.25409764,0.0067664906,0.86001444,0.011591845,0.0726012,0.055907756,0.23737854,1.4872282
375316653866487564,5836479200892171008,0.532754,2183.0905696730883,0.11513191939059005,4.175199E-5,18.44011,0.006073936,0.30699006,0.0074479366,0.020834727,0.003423264,1.7140808,0.61188745,0.8245688,0.005940283,0.023405533,0.00630225,0.0922362,0.015571682,0.047855847,0.00949323,0.30699006,0.0074479366,"TWOGAUSSIANS_WITH_ELLIPSOIDAL_ON_ECLIPSE1",9,8.177706,0.30699006,0.0074479366,0.116674475,0.019170279,1.8097925,0.6165554,0.8245688,0.005940283,0.13107099,0.0352926,0.186785,0.017026978
375316653866487564,5836479407052230656,0.52325517,2163.019349004836,0.6032497863000961,6.463109E-5,19.956392,0.01106306,0.6084298,0.039873287,0.042731795,0.027265547,0.050393205,0.021898631,0.82439756,0.001489065,0.013039021,9.92249E-4,1.2499932,0.3230585,null,null,null,null,"TWOGAUSSIANS",8,2.2889762,0.82439756,0.001489065,0.07301852,0.0055565946,1.2499933,0.32305825,0.6084298,0.039873287,0.23929806,0.15268706,0.050393205,0.021898631
375316653866487564,5836479613253666304,0.6607702,2187.7315398389906,3.403723776569691,4.1632343E-6,15.804909,0.012472301,0.2153929,0.0014287384,0.04206364,0.0024310795,0.5776669,0.026672775,0.710794,0.0030514835,0.042367842,0.0066959765,0.5069743,0.026394377,0.13260542,0.015200723,0.2153929,0.0014287384,"TWOGAUSSIANS_WITH_ELLIPSOIDAL_ON_ECLIPSE1",9,53.03005,0.2153929,0.0014287384,0.23555638,0.0136140445,0.8428776,0.00836121,0.711114,0.0028021648,0.23725991,0.03749747,0.7719789,0.017843466
375316653866487564,5836479785052379008,0.4498835,2191.4732998689215,2.085823398204949,3.721333E-5,16.602137,0.7570695,0.22236207,0.008021572,0.14595227,0.071538225,0.4157596,0.4111929,0.71622515,0.013152723,0.25221542,0.19198817,0.58490974,0.75127244,null,null,null,null,"TWOGAUSSIANS",8,31.8288,0.71622515,0.013152723,0.4,0.0,0.13689218,0.017057225,0.22623208,0.0055736783,0.4,0.0,0.1291022,0.011822841
375316653866487564,5836479819367828480,0.5076424,2153.2898733004763,0.7012640385611979,1.0920068E-5,19.058096,0.005499091,0.2206818,0.0018732967,0.03123925,0.0013150134,0.5306212,0.008287773,0.73636246,0.013433948,0.054952975,0.009478695,0.14212477,0.0264445,null,null,null,null,"TWOGAUSSIANS",8,4.458894,0.2206818,0.0018732967,0.1749398,0.007364075,0.5306212,0.008287771,0.73636246,0.013433948,0.30773667,0.05308069,0.14212477,0.026444508
375316653866487564,5836479819412267136,0.55079985,2194.670545970579,1.1797448796729164,1.1737612E-5,16.83287,0.002415442,0.24423836,0.0022759964,0.049652077,0.0050428095,0.08067522,0.0054226005,0.72857326,0.0033080955,0.024623042,0.007887232,0.014622211,0.0048150606,0.024889916,0.0029913299,0.24423836,0.0022759964,"TWOGAUSSIANS_WITH_ELLIPSOIDAL_ON_ECLIPSE1",9,2.87038,0.24423836,0.0022759964,0.2780516,0.028239733,0.13045469,0.0043149567,0.73076326,0.00314301,0.13788904,0.0441685,0.06398797,0.0024923678
375316653866487564,5836480399145833856,0.49497113,2194.5937817373906,2.5857539552391433,1.7039521E-5,18.367788,0.011349706,0.20068859,0.0067719095,0.10735663,0.012101831,0.19034012,0.011361079,0.714225,0.0045359866,0.08355136,0.010776502,0.14103407,0.010267551,null,null,null,null,"TWOGAUSSIANS",8,4.484589,0.20068859,0.0067719095,0.4,0.0,0.18145,0.0103036715,0.71423495,0.004539822,0.4,0.0,0.13215262,0.0068766917
375316653866487564,5836480437846014848,0.44337204,2174.831990298933,2.8345588258181578,5.909252E-5,19.726223,0.2685587,0.25888258,0.017105289,0.10359379,0.04887674,0.21625331,0.25083283,0.76911885,0.023585647,0.09575356,0.08332924,0.21386598,0.26803184,null,null,null,null,"TWOGAUSSIANS",8,3.67924,0.25888258,0.016725492,0.4,0.0,0.20000893,0.02927001,0.76911885,0.023591809,0.4,0.0,0.1976252,0.03419243
375316653866487564,5836480953283884672,0.5161997,2206.38685292887,2.5847045156039665,2.7557575E-5,17.592167,0.015803844,0.29468945,0.0041722045,0.084092595,0.00679769,0.42955086,0.027204491,0.8067488,0.011018003,0.08298493,0.009644809,0.40753588,0.026530756,null,null,null,null,"TWOGAUSSIANS",8,42.18472,0.29468945,0.0041722045,0.4,0.0,0.42191133,0.027361607,0.8067488,0.011018003,0.4,0.0,0.39989635,0.025039267
375316653866487564,5836481399919435392,0.50437236,2165.0378770962793,2.4802936318747073,2.2097245E-5,19.152702,0.02223153,0.29621154,0.0056745484,0.09789565,0.010215437,0.3014583,0.024040835,0.81277525,0.010389104,0.1028293,0.016205538,0.21136893,0.022650102,null,null,null,null,"TWOGAUSSIANS",8,2.62111,0.29621154,0.0056713633,0.4,0.0,0.28320518,0.017767996,0.81277525,0.010395937,0.4,0.0,0.19311357,0.013705632
375316653866487564,5836481773515260672,0.49378553,2150.533183725972,3.8783041004884256,2.560168E-5,19.118467,0.025800861,0.2894552,0.009500312,0.081815824,0.011507037,0.45615,0.029438147,0.7797792,0.010819611,0.096877016,0.017007625,0.32724723,0.06651935,null,null,null,null,"TWOGAUSSIANS",8,5.911825,0.2894552,0.009500222,0.4,0.0,0.4432104,0.024947172,0.7797792,0.010819611,0.4,0.0,0.3143064,0.06983045
375316653866487564,5836482430752803072,0.48965076,2202.4994204644854,4.990807110197888,1.2678867E-5,16.78239,0.00537607,0.140545,0.004911525,0.0026972268,0.0036073755,0.016701965,0.006713039,0.517101,0.0052815573,0.1750235,0.0115954215,0.10571279,0.0051406357,null,null,null,null,"TWOGAUSSIANS",8,7.2052913,0.517101,0.0052815573,0.4,0.0,0.10214005,0.004232947,0.140595,0.0047558253,0.01510447,0.020201303,0.02376554,0.0075728195
375316653866487564,5836482529428700416,0.46895087,2182.3606207373928,1.2429091667307637,4.790001E-5,18.773516,0.005410383,0.24907042,0.0066962,0.029896334,0.010260243,0.08154639,0.045292765,0.73544425,0.013168831,0.03883412,0.017030468,0.35271513,0.6871619,0.062184185,0.016306749,0.24907042,0.0066962,"TWOGAUSSIANS_WITH_ELLIPSOIDAL_ON_ECLIPSE1",9,9.34297,0.7359942,0.013250029,0.21747108,0.09537063,0.47621047,0.68995136,0.24907042,0.0066962,0.16741946,0.057457358,0.20591474,0.040268976
375316653866487564,5836483560225559424,0.56845784,2168.6023489383356,3.1313667770113116,6.7374663E-6,17.637924,0.021410216,0.18661341,0.0014615122,0.043225363,0.0054154694,0.46894762,0.09880102,0.6815485,0.00401999,0.04960706,0.0054362477,0.70150816,0.055805765,0.09525303,0.029495029,0.18661341,0.0014615122,"TWOGAUSSIANS_WITH_ELLIPSOIDAL_ON_ECLIPSE1",9,23.080473,0.68179846,0.0038285984,0.27779955,0.030442987,0.89182895,0.05086213,0.18661341,0.0014615122,0.24206205,0.030326627,0.6594516,0.100558914
375316653866487564,5836484251778853376,0.50433123,2189.9491133899323,3.3235036931577238,1.7453734E-5,18.70092,0.0046109166,0.73579746,0.0041326038,0.024493195,0.04147388,0.07865613,0.018219762,null,null,null,null,null,null,0.08445742,0.0061123865,0.73579746,0.0041326038,"ONEGAUSSIAN_WITH_ELLIPSOIDAL",6,2.9840033,0.73579746,0.0041326038,0.1371619,0.23225373,0.24757074,0.025763696,null,null,null,null,null,null
