Gaia/vari_eclipsing_binary/VariEclipsingBinary_686063-686128.csv
# %ECSV 1.0
# ---
# delimiter: ','
# meta: !!omap
# - RELEASE: Gaia DR3
# - TABLE: vari_eclipsing_binary
# - DESCRIPTION: >
#     This table describes the properties of the eclipsing binaries resulting from the variability analysis. 
# - CITATION: >
#     How to cite and acknowledge Gaia: 
#     https://gea.esac.esa.int/archive/documentation/credits.html 
# - KNOWN_ISSUES: >
#     Known issues: 
#     https://www.cosmos.esa.int/web/gaia-users/known-issues 
# - DOCUMENTATION: >
#     Tutorials and documentation: 
#     https://www.cosmos.esa.int/web/gaia-users/archive 
# datatype:
# - 
#   name: solution_id
#   datatype: int64
#   description: Solution Identifier
#   meta:
#     ucd: meta.version
# - 
#   name: source_id
#   datatype: int64
#   description: Unique source identifier
#   meta:
#     ucd: meta.id;meta.main
# - 
#   name: global_ranking
#   datatype: float32
#   description: Number between 0 (worst) and 1 (best)
#   meta:
#     ucd: stat.param
# - 
#   name: reference_time
#   datatype: float64
#   unit: d
#   description: Reference time used for the geometric model fit
#   meta:
#     ucd: time.epoch
# - 
#   name: frequency
#   datatype: float64
#   unit: d**-1
#   description: Frequency of geometric model of the eclipsing binary light curve
#   meta:
#     ucd: src.orbital
# - 
#   name: frequency_error
#   datatype: float32
#   unit: d**-1
#   description: "Uncertainty of \\texttt{frequency}"
#   meta:
#     ucd: stat.error
# - 
#   name: geom_model_reference_level
#   datatype: float32
#   unit: mag
#   description: Magnitude reference level of geometric model
#   meta:
#     ucd: phot.mag;em.opt
# - 
#   name: geom_model_reference_level_error
#   datatype: float32
#   unit: mag
#   description: "Uncertainty of \\texttt{geomModelReferenceLevel}"
#   meta:
#     ucd: stat.error;phot.mag;em.opt
# - 
#   name: geom_model_gaussian1_phase
#   datatype: float32
#   description: Phase of the Gaussian 1 component
#   meta:
#     ucd: time.phase
# - 
#   name: geom_model_gaussian1_phase_error
#   datatype: float32
#   description: "Uncertainty of \\texttt{geomModelGaussian1Phase}"
#   meta:
#     ucd: stat.error;time.phase
# - 
#   name: geom_model_gaussian1_sigma
#   datatype: float32
#   description: "Standard deviation [phase] of Gaussian 1 component"
#   meta:
#     ucd: stat.stdev
# - 
#   name: geom_model_gaussian1_sigma_error
#   datatype: float32
#   description: "Uncertainty of \\texttt{geomModelGaussian1Sigma}"
#   meta:
#     ucd: stat.error
# - 
#   name: geom_model_gaussian1_depth
#   datatype: float32
#   unit: mag
#   description: Magnitude depth of Gaussian 1 component
#   meta:
#     ucd: src.var.amplitude
# - 
#   name: geom_model_gaussian1_depth_error
#   datatype: float32
#   unit: mag
#   description: "Uncertainty of \\texttt{geomModelGaussian1Depth}"
#   meta:
#     ucd: stat.error;src.var.amplitude
# - 
#   name: geom_model_gaussian2_phase
#   datatype: float32
#   description: Phase of Gaussian 2 component
#   meta:
#     ucd: time.phase
# - 
#   name: geom_model_gaussian2_phase_error
#   datatype: float32
#   description: "Uncertainty of \\texttt{geomModelGaussian2Phase}"
#   meta:
#     ucd: stat.error;time.phase
# - 
#   name: geom_model_gaussian2_sigma
#   datatype: float32
[...]
#   datatype: float32
#   description: "Secondary eclipse: uncertainty of \\texttt{derivedSecondaryEclDuration}"
#   meta:
#     ucd: stat.error;time.duration
# - 
#   name: derived_secondary_ecl_depth
#   datatype: float32
#   unit: mag
#   description: "Secondary eclipse: depth"
#   meta:
#     ucd: src.var.amplitude
# - 
#   name: derived_secondary_ecl_depth_error
#   datatype: float32
#   unit: mag
#   description: "Secondary eclipse: uncertainty of \\texttt{derivedSecondaryEclDepth}"
#   meta:
#     ucd: stat.error;src.var.amplitude
solution_id,source_id,global_ranking,reference_time,frequency,frequency_error,geom_model_reference_level,geom_model_reference_level_error,geom_model_gaussian1_phase,geom_model_gaussian1_phase_error,geom_model_gaussian1_sigma,geom_model_gaussian1_sigma_error,geom_model_gaussian1_depth,geom_model_gaussian1_depth_error,geom_model_gaussian2_phase,geom_model_gaussian2_phase_error,geom_model_gaussian2_sigma,geom_model_gaussian2_sigma_error,geom_model_gaussian2_depth,geom_model_gaussian2_depth_error,geom_model_cosine_half_period_amplitude,geom_model_cosine_half_period_amplitude_error,geom_model_cosine_half_period_phase,geom_model_cosine_half_period_phase_error,model_type,num_model_parameters,reduced_chi2,derived_primary_ecl_phase,derived_primary_ecl_phase_error,derived_primary_ecl_duration,derived_primary_ecl_duration_error,derived_primary_ecl_depth,derived_primary_ecl_depth_error,derived_secondary_ecl_phase,derived_secondary_ecl_phase_error,derived_secondary_ecl_duration,derived_secondary_ecl_duration_error,derived_secondary_ecl_depth,derived_secondary_ecl_depth_error
[from data line 328]
375316653866487564,6035088208106177024,0.4702643,2071.5900364474946,4.013035991447905,2.6514821E-5,18.824545,0.02135841,0.18235044,0.0032060647,0.07567258,0.008951396,0.3070358,0.034552943,0.6857617,0.005699064,0.087462865,0.0078674145,0.27068818,0.022775987,null,null,null,null,"TWOGAUSSIANS",8,6.1726165,0.18235044,0.0032060647,0.4,0.0,0.30214307,0.035118546,0.6857617,0.005699064,0.4,0.0,0.26579538,0.019475857
375316653866487564,6035090166611625344,0.5298148,2056.3849147791734,1.3068305825792932,8.457747E-6,18.58984,0.0044470276,0.23425582,0.005287098,0.030208433,0.007675233,0.070253134,0.0054235947,0.7417315,0.0026814553,0.03654787,0.0027209658,0.39265993,0.022243863,null,null,null,null,"TWOGAUSSIANS",8,4.870156,0.7417315,0.0026814553,0.20466806,0.015237409,0.39265993,0.022243863,0.23425582,0.005287098,0.16916722,0.042981304,0.070253134,0.0054235947
375316653866487564,6035092163791869056,0.52479523,2048.0757881878476,0.49365618064554245,4.5261397E-5,17.919949,0.0016597348,0.21099788,0.0010343536,0.022689793,0.0011028914,0.4662475,0.08520802,0.4205955,0.029832225,0.0721704,0.019267974,0.015724272,0.004161962,null,null,null,null,"TWOGAUSSIANS",8,1.6041551,0.21100788,0.0010330725,0.12706284,0.006176192,0.46647933,0.08528083,0.4205955,0.029832225,0.4,0.069660276,0.015724272,0.004161962
375316653866487564,6035096007767700224,0.47435498,2083.1146445440604,3.063495947667673,1.12067E-4,19.723238,0.008664784,0.25314978,0.015533612,0.035949957,0.025047211,0.22948831,0.0312118,0.7539604,0.008211406,0.054688342,0.008147743,0.1981594,0.03848902,null,null,null,null,"TWOGAUSSIANS",8,1.656409,0.25314978,0.015533612,0.20131977,0.14026439,0.22948822,0.031211136,0.7539604,0.008211406,0.3062547,0.045627356,0.19815929,0.03848698
375316653866487564,6035101333527219584,0.52974665,2031.6038268821108,3.4050830581101,8.365761E-6,19.185118,0.008981031,0.29025155,0.0021260653,0.08626933,0.0038824305,0.3533212,0.012517547,0.80279166,0.004179383,0.08983482,0.00531974,0.30174434,0.012370844,null,null,null,null,"TWOGAUSSIANS",8,1.9193987,0.29025155,0.0021260653,0.4,0.0,0.3438917,0.012328236,0.80279166,0.004179383,0.4,0.0,0.29231474,0.011522811
375316653866487564,6035103090189054592,0.45325762,2028.6579114627018,0.22745422201316384,2.4516947E-5,16.59246,0.021320503,0.24211554,0.0048131426,0.08675874,0.018538633,0.1069461,0.01957232,0.74210006,0.0074094655,0.07680303,0.042132437,0.15393603,0.05053624,null,null,null,null,"TWOGAUSSIANS",8,25.527145,0.74210006,0.0074094655,0.4,0.017909465,0.1515767,0.063610494,0.24211554,0.004812715,0.4,0.0,0.10458676,0.00612731
375316653866487564,6035103292032430848,0.4138503,2021.8129023826477,0.3596604423721738,1.1387133E-4,19.117296,0.011198861,0.19028863,0.010744271,0.024517482,0.017135622,0.054492936,0.059409235,0.9268545,0.0138139585,0.013148862,0.010798025,0.5311407,0.4220339,null,null,null,null,"TWOGAUSSIANS",8,6.551977,0.9268545,0.0138139585,0.073633626,0.06046894,0.5311407,0.4220339,0.19028863,0.010744271,0.1372979,0.095959485,0.054492936,0.059409235
375316653866487564,6035103571225400448,0.4876453,1993.0129611450782,3.444646322672072,3.376545E-5,18.546507,0.014317357,0.24645975,0.003963933,0.08597661,0.006851359,0.22156046,0.014383457,0.757786,0.011137023,0.07616355,0.015220679,0.19275233,0.01629321,null,null,null,null,"TWOGAUSSIANS",8,6.4565616,0.24645975,0.003963933,0.4,0.0,0.21869126,0.0117676575,0.757786,0.011137023,0.4,0.027269185,0.18988314,0.0151650375
375316653866487564,6035104533298117248,0.5730408,2011.330488641516,1.4171521126424005,5.723156E-6,17.422846,0.0031827989,0.27573764,7.973473E-4,0.024470314,7.1577093E-4,0.61038136,0.018646697,0.77201366,0.0022976932,0.021525314,0.0024129937,0.73622096,0.07494827,null,null,null,null,"TWOGAUSSIANS",8,18.247778,0.77201366,0.0022976932,0.12054177,0.013512765,0.73622096,0.07494827,0.27573764,7.973473E-4,0.13703376,0.004008317,0.61038136,0.018646697
375316653866487564,6035109133184367232,0.531486,2069.6190106531712,2.4673339037148083,6.4696906E-6,19.489489,0.0059267315,0.28232884,0.004720691,0.032807462,0.0051749856,0.51283866,0.05020511,0.7798138,0.0038952273,0.044271886,0.0019411189,0.5498514,0.06375753,null,null,null,null,"TWOGAUSSIANS",8,1.9849758,0.7798138,0.0038952273,0.24792257,0.010870266,0.5498514,0.06375753,0.28232884,0.004720691,0.1837218,0.028979918,0.51283866,0.050205115
375316653866487564,6035117761787913984,0.45792356,2092.6747007545723,0.039857215608206764,6.906316E-5,17.837626,0.003480653,0.44785985,0.016170828,0.118478775,0.01792137,0.11520138,0.01438147,0.89752936,0.004486049,0.031176059,0.009005325,0.081264496,0.036499333,null,null,null,null,"TWOGAUSSIANS",8,6.0679603,0.44785985,0.016170828,0.4,0.0,0.11499473,0.014526531,0.89752936,0.004486049,0.17458592,0.05042982,0.081146024,0.036676094
375316653866487564,6035118135436338688,0.5296932,2071.3701075400063,2.318899486197927,1.1692028E-5,18.250523,0.004213535,0.23653747,0.0048211985,0.07861654,0.00497591,0.15535146,0.0077642617,0.7403885,0.0028956765,0.07222989,0.004406995,0.21301314,0.015485355,null,null,null,null,"TWOGAUSSIANS",8,1.9002784,0.7403885,0.0028956765,0.4,0.009164029,0.21165124,0.015761439,0.23653747,0.0048211985,0.4,0.0,0.15398955,0.007760034
375316653866487564,6035119338026921600,0.46581784,2108.589118846217,0.13229200791826998,2.5041663E-5,19.152027,0.008030667,0.16089724,0.01564051,0.08853849,0.0231514,0.062240303,0.013644051,0.55425566,0.009888001,0.081639245,0.008775682,0.14951737,0.01583171,null,null,null,null,"TWOGAUSSIANS",8,1.6955622,0.55425566,0.009888001,0.4,0.0,0.1491942,0.01563193,0.16090724,0.015649889,0.4,0.0,0.061915275,0.01364562
375316653866487564,6035120544926726528,0.47809705,2083.870177330994,3.525070732433426,3.9213177E-5,17.652431,0.01836968,0.25497904,0.009312469,0.09413176,0.01822973,0.086336456,0.01845644,0.77169365,0.013934992,0.09552164,0.02982098,0.09152329,0.01871271,null,null,null,null,"TWOGAUSSIANS",8,5.5140157,0.77169365,0.013926515,0.4,0.0,0.08717766,0.009741153,0.25497904,0.009313396,0.4,0.0,0.081990935,0.008221809
375316653866487564,6035120781136129280,0.62607825,2107.93027649184,1.3019936395581497,1.0990662E-5,17.710558,0.001873253,0.2215836,0.0034555527,0.044269003,0.0030249357,0.2407726,0.017755968,0.72516906,0.0012851566,0.03676262,0.0021276071,0.38098884,0.0052446444,null,null,null,null,"TWOGAUSSIANS",8,2.0812333,0.72516906,0.0012851566,0.20587067,0.0119146,0.3809888,0.0052446458,0.2215836,0.0034555527,0.24790642,0.01693964,0.2407726,0.01775597
375316653866487564,6035121674489450624,0.58104527,2112.4616289725896,2.374074275785175,9.143208E-6,18.020012,0.012831464,0.30923018,0.0051420433,0.11167547,0.0125623485,0.13173364,0.012121125,0.8066352,0.0036391525,0.085220896,0.0061555896,0.31339568,0.012939301,null,null,null,null,"TWOGAUSSIANS",8,2.2618706,0.8066352,0.0036391525,0.4,0.0,0.29919338,0.008245025,0.30923018,0.0051420433,0.4,0.0,0.117519625,0.005405662
375316653866487564,6035125698886996352,0.50639766,2070.0373554580415,0.8541629806790932,3.4898752E-5,17.105183,0.0020800305,0.23686329,0.0049169664,0.054942474,0.005275506,0.05348059,0.0068526184,0.72006154,0.007718008,0.06579885,0.0079151215,0.11547448,0.0062692137,null,null,null,null,"TWOGAUSSIANS",8,4.2960434,0.72006154,0.007718008,0.36847356,0.04432468,0.11545748,0.006272752,0.23686329,0.0049169664,0.30767784,0.029542835,0.053463597,0.0068612127
375316653866487564,6035127481286259584,0.61108506,2074.538132273156,3.2178935315265833,5.389752E-6,18.376242,0.011858265,0.25027433,0.0026051572,0.053617503,0.004809859,0.42484105,0.025875857,0.7442391,0.00308806,0.049078662,0.0034184537,0.3287913,0.030326018,0.09943514,0.014939221,0.25027433,0.0026051572,"TWOGAUSSIANS_WITH_ELLIPSOIDAL_ON_ECLIPSE1",9,3.2551274,0.25027433,0.0026051572,0.30025804,0.02693521,0.62370247,0.015013878,0.7448591,0.0027504244,0.2748405,0.019143341,0.5273963,0.011853545
375316653866487564,6035130985979797376,0.47887808,2098.1125283318756,0.11057642723367683,8.856632E-6,18.757496,0.005673942,0.62090313,0.040551297,0.09597614,0.02603542,0.041283607,0.013130486,0.9538247,0.0023643463,0.00575955,6.8968436E-4,0.92025244,0.34443253,null,null,null,null,"TWOGAUSSIANS",8,4.022968,0.9538247,0.0023643463,0.032253478,0.0038622324,0.920353,0.34443286,0.62090313,0.040551297,0.4,0.0,0.041283503,0.013135154
375316653866487564,6035130985979810688,0.51712155,2072.198252249156,0.4606580294169596,4.1843537E-5,19.448858,0.0051556113,0.12000662,0.0029478166,0.0116873365,0.002380705,0.25482076,0.0075682392,0.4647956,0.0038036208,0.006815148,0.0031044001,1.0976483,0.6192272,null,null,null,null,"TWOGAUSSIANS",8,2.601626,0.4647956,0.0038036208,0.038164828,0.01738464,1.0976483,0.6192272,0.12000662,0.0029478166,0.06544909,0.013331948,0.25482076,0.0075682392
375316653866487564,6035134151383146240,0.5740677,2128.213244377324,2.973962390318576,1.1792797E-5,16.063992,0.007384949,0.33860043,0.0031695056,0.057709176,0.0056933262,0.082371496,0.016818194,0.82734215,0.0055848765,0.058570914,0.0053185434,0.10889028,0.017988306,0.036105316,0.009271737,0.33860043,0.0031695056,"TWOGAUSSIANS_WITH_ELLIPSOIDAL_ON_ECLIPSE1",9,12.481438,0.82905215,0.0045096152,0.32799712,0.029783843,0.1807821,0.009564279,0.33860043,0.0031695056,0.32317138,0.03188263,0.1545693,0.005962598
375316653866487564,6035134872937414016,0.5570655,2112.006418505719,0.48178428835655357,1.858376E-5,14.875136,6.3117396E-4,0.3091753,0.0032243906,0.021130467,0.0052011185,0.0757476,0.009928036,0.8067641,2.3929673E-4,0.01941795,4.457323E-4,0.07941805,0.0014938632,0.0067154937,0.0010884777,0.3091753,0.0032243906,"TWOGAUSSIANS_WITH_ELLIPSOIDAL_ON_ECLIPSE1",9,5.4575467,0.80677414,2.3772662E-4,0.10874052,0.002496101,0.09284596,0.0011638941,0.3091753,0.0032243906,0.11833062,0.029126264,0.089178585,0.0098095145
375316653866487564,6035136827135518336,0.56132954,2127.680560751248,1.4095845844962491,6.31689E-6,17.66864,0.01112973,0.26137057,0.002521155,0.08106884,0.0055260067,0.29918173,0.011498817,0.77961874,0.0032245081,0.08421274,0.008469166,0.18614194,0.008056826,null,null,null,null,"TWOGAUSSIANS",8,4.587015,0.26137057,0.002521155,0.4,0.0,0.29575083,0.0106806345,0.77961874,0.0032245081,0.4,0.0,0.18271105,0.00665286
375316653866487564,6035141160769975424,0.6336534,2067.566779843744,1.4392402758958336,2.808618E-6,17.64368,0.002337829,0.30548143,7.0294837E-4,0.04304713,9.7245333E-4,0.6982794,0.023800746,0.80632615,0.016387418,0.046599176,0.01214197,0.11782068,0.02666658,null,null,null,null,"TWOGAUSSIANS",8,3.4551315,0.30548143,7.0294837E-4,0.24106392,0.005445739,0.6982793,0.023800774,0.80632615,0.016387418,0.2609554,0.067995034,0.11782059,0.026666624
375316653866487564,6035141362619486336,0.52136713,2055.7746268636806,4.218103631158927,1.5356794E-5,19.188396,0.025601085,0.14280987,0.0021634889,0.06867121,0.0053087235,0.4629329,0.021773633,0.63263804,0.003122294,0.076207444,0.0067714406,0.41479093,0.023740672,null,null,null,null,"TWOGAUSSIANS",8,5.53093,0.14280987,0.0021634889,0.38455877,0.022882752,0.46116257,0.020239888,0.63263804,0.003122294,0.4,0.0,0.41302058,0.022106245
375316653866487564,6035141573087525248,0.5161582,2038.3973771367237,2.7651508441611963,4.2871856E-5,17.981588,0.0024466233,0.6916889,0.0032798075,0.025425538,0.0060262615,0.020483505,0.008028688,null,null,null,null,null,null,0.07577532,0.0035517209,0.6916889,0.0032798075,"ONEGAUSSIAN_WITH_ELLIPSOIDAL",6,3.2365096,0.6916889,0.0032798075,0.14238302,0.033747062,0.17203377,0.007200625,null,null,null,null,null,null
375316653866487564,6035142084170666880,0.47852972,2039.5443816543495,1.5155779094572075,3.749728E-5,18.866331,0.009280497,0.23638038,0.006834844,0.052790012,0.0039631147,0.35494238,0.03794447,0.7492908,0.017942533,0.09831469,0.02192253,0.13330984,0.014228899,null,null,null,null,"TWOGAUSSIANS",8,6.280943,0.23638038,0.006834844,0.29562408,0.022193443,0.35384393,0.03798993,0.7492908,0.017942533,0.4,0.0,0.1322106,0.013962167
375316653866487564,6035142260268457984,0.50141054,2072.5544288173237,0.17278095973798765,1.8786746E-5,18.564106,0.014570238,0.1676604,0.00469073,0.011934067,0.0028885514,0.3067112,0.34271485,0.5900974,0.024385808,0.22896829,0.10055235,0.028091786,0.013694844,null,null,null,null,"TWOGAUSSIANS",8,1.0890325,0.1676704,0.0046898015,0.06683078,0.016175888,0.30782238,0.34280175,0.5900974,0.024385808,0.4,0.0,0.022918282,0.003361858
375316653866487564,6035143737750401024,0.6153433,2066.5502975498994,3.9055177847346876,8.091731E-6,15.505079,0.006881489,0.23741806,9.913489E-4,0.04370996,0.003742436,0.43836033,0.13480018,0.7309934,0.0019634482,0.04774844,0.0028828525,0.323749,0.02031301,0.11578488,0.013501307,0.23741806,9.913489E-4,"TWOGAUSSIANS_WITH_ELLIPSOIDAL_ON_ECLIPSE1",9,67.685524,0.23741806,9.913489E-4,0.24477577,0.020957641,0.66992927,0.1405586,0.7317234,0.0017083084,0.26739126,0.016143974,0.5549838,0.013600987
375316653866487564,6035143802157785472,0.56349653,2085.5195005502765,2.908993568587494,8.921664E-6,19.294788,0.012822612,0.24083194,0.002691518,0.064863056,0.0027868056,0.6598089,0.026527973,0.7483972,0.0036696994,0.075951524,0.008234998,0.27359572,0.013843609,null,null,null,null,"TWOGAUSSIANS",8,2.2072399,0.24083194,0.002691518,0.3632331,0.015606111,0.6585876,0.026306074,0.7483972,0.0036696994,0.4,0.0041945386,0.27237442,0.013509046
375316653866487564,6035144661151049728,0.60279423,2061.3979053588614,3.0953047752321483,8.41574E-6,18.576853,0.02133752,0.21840443,0.0013815468,0.05164943,0.004585154,0.45463574,0.042016257,0.7148951,0.0016801794,0.04611911,0.0047602137,0.36056313,0.04761327,0.11031123,0.025005104,0.21840443,0.0013815468,"TWOGAUSSIANS_WITH_ELLIPSOIDAL_ON_ECLIPSE1",9,4.729049,0.21840443,0.0013815468,0.2892368,0.025676861,0.6752543,0.023032447,0.71522516,0.001534848,0.25826702,0.026657196,0.5810844,0.021653935
375316653866487564,6035147173724335616,0.63645387,2070.574128170989,1.4841906778650125,1.3283255E-5,17.687557,0.0024974467,0.270306,7.443921E-4,0.038824096,6.194882E-4,0.7203743,0.0069345282,0.7631996,0.01254089,0.046668984,0.007774462,0.09796358,0.023218602,null,null,null,null,"TWOGAUSSIANS",8,3.093646,0.270306,7.443921E-4,0.21741495,0.003469134,0.7203742,0.006934527,0.7631996,0.01254089,0.2613463,0.043536987,0.09796357,0.023218613
375316653866487564,6035147345509991552,0.6023253,2065.3999606360326,1.2661707535730062,4.687329E-6,16.706636,0.0015879195,0.25906,0.0027087745,0.069531836,0.004675293,0.09479485,0.003093555,0.7608343,0.001859271,0.05756497,0.0022230665,0.2018018,0.006954562,null,null,null,null,"TWOGAUSSIANS",8,2.0537052,0.7608343,0.001859271,0.32236382,0.012449172,0.201693,0.006974309,0.25906,0.0027087745,0.38937828,0.019832581,0.09468604,0.0031292718
375316653866487564,6035150403539732608,0.6998549,2062.0049736885812,1.7118447920421538,4.580348E-6,15.580068,0.0043111653,0.3335853,0.0016018604,0.050899044,0.006147913,0.060903665,0.013848368,0.8297935,0.0018524784,0.05154965,0.001862502,0.46813592,0.00825576,0.032053467,0.0049991976,0.3335853,0.0016018604,"TWOGAUSSIANS_WITH_ELLIPSOIDAL_ON_ECLIPSE1",9,12.209346,0.8299035,0.0017856205,0.28867805,0.010430011,0.53220403,0.005972527,0.3335853,0.0016018604,0.28503466,0.034428313,0.12500717,0.010359308
375316653866487564,6035150678418115456,0.5279935,2038.8087478145692,2.9328987872493757,1.1601312E-5,18.883287,0.0155618135,0.33375204,0.0027621482,0.08030795,0.008000785,0.37256554,0.031739037,0.8285857,0.0015897809,0.08261478,0.004545085,0.34606653,0.015523398,null,null,null,null,"TWOGAUSSIANS",8,1.9772476,0.33375204,0.0027621482,0.4,0.0,0.36670116,0.03535434,0.8285857,0.0015897809,0.4,0.0,0.34020215,0.012801298
