Gaia/vari_eclipsing_binary/VariEclipsingBinary_609434-609568.csv
# %ECSV 1.0
# ---
# delimiter: ','
# meta: !!omap
# - RELEASE: Gaia DR3
# - TABLE: vari_eclipsing_binary
# - DESCRIPTION: >
#     This table describes the properties of the eclipsing binaries resulting from the variability analysis. 
# - CITATION: >
#     How to cite and acknowledge Gaia: 
#     https://gea.esac.esa.int/archive/documentation/credits.html 
# - KNOWN_ISSUES: >
#     Known issues: 
#     https://www.cosmos.esa.int/web/gaia-users/known-issues 
# - DOCUMENTATION: >
#     Tutorials and documentation: 
#     https://www.cosmos.esa.int/web/gaia-users/archive 
# datatype:
# - 
#   name: solution_id
#   datatype: int64
#   description: Solution Identifier
#   meta:
#     ucd: meta.version
# - 
#   name: source_id
#   datatype: int64
#   description: Unique source identifier
#   meta:
#     ucd: meta.id;meta.main
# - 
#   name: global_ranking
#   datatype: float32
#   description: Number between 0 (worst) and 1 (best)
#   meta:
#     ucd: stat.param
# - 
#   name: reference_time
#   datatype: float64
#   unit: d
#   description: Reference time used for the geometric model fit
#   meta:
#     ucd: time.epoch
# - 
#   name: frequency
#   datatype: float64
#   unit: d**-1
#   description: Frequency of geometric model of the eclipsing binary light curve
#   meta:
#     ucd: src.orbital
# - 
#   name: frequency_error
#   datatype: float32
#   unit: d**-1
#   description: "Uncertainty of \\texttt{frequency}"
#   meta:
#     ucd: stat.error
# - 
#   name: geom_model_reference_level
#   datatype: float32
#   unit: mag
#   description: Magnitude reference level of geometric model
#   meta:
#     ucd: phot.mag;em.opt
# - 
#   name: geom_model_reference_level_error
#   datatype: float32
#   unit: mag
#   description: "Uncertainty of \\texttt{geomModelReferenceLevel}"
#   meta:
#     ucd: stat.error;phot.mag;em.opt
# - 
#   name: geom_model_gaussian1_phase
#   datatype: float32
#   description: Phase of the Gaussian 1 component
#   meta:
#     ucd: time.phase
# - 
#   name: geom_model_gaussian1_phase_error
#   datatype: float32
#   description: "Uncertainty of \\texttt{geomModelGaussian1Phase}"
#   meta:
#     ucd: stat.error;time.phase
# - 
#   name: geom_model_gaussian1_sigma
#   datatype: float32
#   description: "Standard deviation [phase] of Gaussian 1 component"
#   meta:
#     ucd: stat.stdev
# - 
#   name: geom_model_gaussian1_sigma_error
#   datatype: float32
#   description: "Uncertainty of \\texttt{geomModelGaussian1Sigma}"
#   meta:
#     ucd: stat.error
# - 
#   name: geom_model_gaussian1_depth
#   datatype: float32
#   unit: mag
#   description: Magnitude depth of Gaussian 1 component
#   meta:
#     ucd: src.var.amplitude
# - 
#   name: geom_model_gaussian1_depth_error
#   datatype: float32
#   unit: mag
#   description: "Uncertainty of \\texttt{geomModelGaussian1Depth}"
#   meta:
#     ucd: stat.error;src.var.amplitude
# - 
#   name: geom_model_gaussian2_phase
#   datatype: float32
#   description: Phase of Gaussian 2 component
#   meta:
#     ucd: time.phase
# - 
#   name: geom_model_gaussian2_phase_error
#   datatype: float32
#   description: "Uncertainty of \\texttt{geomModelGaussian2Phase}"
#   meta:
#     ucd: stat.error;time.phase
# - 
#   name: geom_model_gaussian2_sigma
#   datatype: float32
[...]
#   datatype: float32
#   description: "Secondary eclipse: uncertainty of \\texttt{derivedSecondaryEclDuration}"
#   meta:
#     ucd: stat.error;time.duration
# - 
#   name: derived_secondary_ecl_depth
#   datatype: float32
#   unit: mag
#   description: "Secondary eclipse: depth"
#   meta:
#     ucd: src.var.amplitude
# - 
#   name: derived_secondary_ecl_depth_error
#   datatype: float32
#   unit: mag
#   description: "Secondary eclipse: uncertainty of \\texttt{derivedSecondaryEclDepth}"
#   meta:
#     ucd: stat.error;src.var.amplitude
solution_id,source_id,global_ranking,reference_time,frequency,frequency_error,geom_model_reference_level,geom_model_reference_level_error,geom_model_gaussian1_phase,geom_model_gaussian1_phase_error,geom_model_gaussian1_sigma,geom_model_gaussian1_sigma_error,geom_model_gaussian1_depth,geom_model_gaussian1_depth_error,geom_model_gaussian2_phase,geom_model_gaussian2_phase_error,geom_model_gaussian2_sigma,geom_model_gaussian2_sigma_error,geom_model_gaussian2_depth,geom_model_gaussian2_depth_error,geom_model_cosine_half_period_amplitude,geom_model_cosine_half_period_amplitude_error,geom_model_cosine_half_period_phase,geom_model_cosine_half_period_phase_error,model_type,num_model_parameters,reduced_chi2,derived_primary_ecl_phase,derived_primary_ecl_phase_error,derived_primary_ecl_duration,derived_primary_ecl_duration_error,derived_primary_ecl_depth,derived_primary_ecl_depth_error,derived_secondary_ecl_phase,derived_secondary_ecl_phase_error,derived_secondary_ecl_duration,derived_secondary_ecl_duration_error,derived_secondary_ecl_depth,derived_secondary_ecl_depth_error
[from data line 72]
375316653866487564,5360743196923781504,0.60591316,2162.701920801646,0.0857809148509022,3.0821335E-5,16.319891,0.0024371925,0.18125363,0.010493157,0.03285358,0.0062395204,0.076063685,0.032011475,0.6900672,0.001144595,0.021276802,0.0012953563,1.0355636,0.063411206,0.055173077,0.0037452737,0.6900672,0.001144595,"TWOGAUSSIANS_WITH_ELLIPSOIDAL_ON_ECLIPSE2",9,26.311811,0.6900672,0.001144595,0.119150095,0.0072539956,1.1459097,0.06560946,0.18222362,0.008235142,0.18398005,0.034941316,0.18610883,0.033877697
375316653866487564,5360744124636745984,0.5738144,2184.466228764642,2.149715384872642,8.145506E-6,17.75615,0.042708322,0.24811637,0.003851716,0.048409887,0.014376151,0.33452472,0.08318518,0.73907125,0.0035872045,0.069950715,0.0056721894,0.5432562,0.08823478,0.07087704,0.04605069,0.24811637,0.003851716,"TWOGAUSSIANS_WITH_ELLIPSOIDAL_ON_ECLIPSE1",9,20.061415,0.73990124,0.0032008365,0.391724,0.026606647,0.68405724,0.02873613,0.24811637,0.003851716,0.27109537,0.080506444,0.47574136,0.08740173
375316653866487564,5360746491153075072,0.51612777,2149.5982328948253,3.6998832566175213,9.946013E-6,19.548742,0.019375617,0.23311259,0.009818506,0.08208392,0.012318822,0.30925924,0.021909704,0.735051,0.0037483952,0.07517734,0.0066200225,0.45450154,0.020590043,null,null,null,null,"TWOGAUSSIANS",8,2.5411055,0.735051,0.0037483952,0.4,0.0,0.44995767,0.018873548,0.23311259,0.009818506,0.4,0.0,0.30471534,0.02002261
375316653866487564,5360748350887027200,0.4593264,2178.769932317651,0.06356023104043168,4.8068843E-5,19.036043,0.026747754,0.3116051,0.015555708,0.13127932,0.037667144,0.15459195,0.023459964,0.6548471,0.0028330607,0.026708381,0.009566259,0.29133615,0.08544028,null,null,null,null,"TWOGAUSSIANS",8,5.4754305,0.6548471,0.0028330607,0.14956693,0.053571045,0.29618475,0.08092843,0.3116051,0.015555708,0.4,0.0,0.154373,0.022341456
375316653866487564,5360748690176352768,0.5231084,2144.6220075020146,3.401842753807997,2.2603026E-5,18.073086,0.01287194,0.21048644,0.008219672,0.082301594,0.011785098,0.28322867,0.021533677,0.7230997,0.005023025,0.086848296,0.0076493956,0.29788804,0.014255441,null,null,null,null,"TWOGAUSSIANS",8,12.821164,0.7230997,0.005023025,0.4,0.0,0.29199928,0.011776562,0.21048644,0.008219672,0.4,0.0,0.27733997,0.021679888
375316653866487564,5360748831911904256,0.47382635,2152.2273924170745,2.6365287698686215,2.0960159E-5,18.620804,0.0034373144,0.22726722,2.1487542E-5,0.0071092383,2.004417E-4,0.2721236,0.0030884498,0.5766388,0.007853614,0.035195976,0.0072179493,0.036356844,0.02657028,null,null,null,null,"TWOGAUSSIANS",8,2.5672784,0.22726722,2.1487542E-5,0.039811734,0.0011224736,0.2721236,0.0030884498,0.5766388,0.007853614,0.19709747,0.040420517,0.036356844,0.02657028
375316653866487564,5360749759633624576,0.43514633,2154.487251402417,2.347305310259596,2.7685463E-5,16.714182,0.0036011983,0.46452734,0.004023582,0.01983029,0.0023203848,0.36631727,0.11220511,0.7747897,0.002508676,0.013284638,0.0045200675,0.081479624,0.042303577,null,null,null,null,"TWOGAUSSIANS",8,50.838696,0.46452734,0.004023582,0.11104963,0.012994155,0.36631727,0.11220511,0.7747897,0.002508676,0.07439397,0.025312377,0.081479624,0.042303577
375316653866487564,5360750820480370048,0.58306634,2137.9484522064677,4.0342051369434255,5.779694E-6,18.514828,0.006104119,0.18705696,0.001936848,0.042550944,0.0041512325,0.21166825,0.017614363,0.6715556,0.006277479,0.0464063,0.005603785,0.14802232,0.018142521,0.123482645,0.010469486,0.18705696,0.001936848,"TWOGAUSSIANS_WITH_ELLIPSOIDAL_ON_ECLIPSE1",9,2.9024787,0.18705696,0.001936848,0.23828527,0.023246903,0.4586334,0.01635666,0.6749756,0.005120204,0.25987527,0.031381197,0.39316568,0.01156181
375316653866487564,5360750962224488576,0.58195394,2143.106001041434,1.387693022115509,4.6851465E-6,17.278728,0.005759101,0.26456317,0.0019319679,0.03520636,0.0045880657,0.24686365,0.028762542,0.7628235,0.005260298,0.037713498,0.0056677475,0.24961987,0.024902483,0.17169231,0.011712437,0.26456317,0.0019319679,"TWOGAUSSIANS_WITH_ELLIPSOIDAL_ON_ECLIPSE1",9,23.373392,0.76305354,0.004528237,0.21119559,0.031739384,0.59296894,0.023374677,0.26456317,0.0019319679,0.19715562,0.025693167,0.5902482,0.028875688
375316653866487564,5360752126152503296,0.54188454,2142.703860056402,4.501048448268763,1.1113457E-5,18.63615,0.012235626,0.25271288,0.005673852,0.06630461,0.0045218365,0.6868272,0.070150904,0.76698303,0.0037529753,0.065303646,0.0029835221,0.5911704,0.015392393,null,null,null,null,"TWOGAUSSIANS",8,11.871664,0.25271288,0.005673852,0.37130582,0.025322285,0.6862106,0.07030452,0.76698303,0.0037529753,0.36570042,0.016707724,0.5905538,0.0151199605
375316653866487564,5360753603626036096,0.5592285,2153.9435274412053,3.5995138845524677,5.266951E-6,19.332893,0.0056653763,0.20265259,0.0024633924,0.07229028,0.003259933,0.38595498,0.011801228,0.7084288,0.0028356195,0.07196887,0.0028736321,0.44982755,0.011955696,null,null,null,null,"TWOGAUSSIANS",8,1.417389,0.7084288,0.0028356195,0.4,0.0023510715,0.44804347,0.011888938,0.20265259,0.0024633924,0.4,0.0072020097,0.3841709,0.011976654
375316653866487564,5360755905721800960,0.480193,2173.411640042628,2.482789170875156,3.1907257E-5,19.896585,0.005704717,0.3172935,0.0016936628,0.021388084,0.004505114,0.10694721,0.0048948782,0.69260114,0.004506863,0.006581946,0.0015929872,3.817547,4.1691585,null,null,null,null,"TWOGAUSSIANS",8,1.6939651,0.69260114,0.004506863,0.036858894,0.008920728,3.817547,4.1691585,0.3172935,0.0016936628,0.11977327,0.02522864,0.10694721,0.0048948782
375316653866487564,5360757726787928320,0.5483211,2129.1053734258217,3.282148500680489,6.6099747E-6,18.86539,0.00906714,0.29231432,0.0020213386,0.07388296,0.0022779177,0.54030496,0.015177182,0.8055606,0.003933461,0.0724633,0.0042971214,0.4261215,0.029629111,null,null,null,null,"TWOGAUSSIANS",8,3.7484386,0.29231432,0.0020213386,0.4,0.0,0.5382556,0.015004981,0.8055606,0.003933461,0.4,0.003327092,0.42407218,0.029974658
375316653866487564,5360758212129298176,0.50413114,2157.072643479902,2.2942282789123083,1.2310496E-5,16.25662,0.05740406,0.19382343,0.004169941,0.10716579,0.027115693,0.14698468,0.055843342,0.7008666,0.0040191477,0.109816626,0.026990075,0.15374166,0.054809835,null,null,null,null,"TWOGAUSSIANS",8,20.561157,0.7008766,0.0040434296,0.4,0.0,0.13414127,0.011117676,0.19381343,0.0041810665,0.4,0.0,0.12738861,0.0105620865
375316653866487564,5360758654503088384,0.60803694,2144.412237817628,3.2980834220178084,3.700574E-6,16.856224,0.013382614,0.24660222,0.001429536,0.050449677,0.0028272157,0.32301852,0.031987056,0.74362504,0.0011465112,0.053258996,0.004010365,0.4329031,0.028127277,0.09991025,0.018266398,0.24660222,0.001429536,"TWOGAUSSIANS_WITH_ELLIPSOIDAL_ON_ECLIPSE1",9,25.904253,0.743905,0.0010172438,0.29825038,0.022458043,0.63265216,0.02693758,0.24660222,0.001429536,0.28251818,0.01583241,0.52283096,0.009819781
375316653866487564,5360760823469454464,0.6233092,2219.157971415631,0.015852946939398177,1.2455357E-4,15.133816,2.5014314E-4,0.18971033,1.3528496E-4,0.0020358057,4.015906E-4,3.6527004,7.6039233,null,null,null,null,null,null,null,null,null,null,"ONEGAUSSIAN",5,3.8801577,0.18971033,1.3528496E-4,0.011400512,0.0022489075,3.6527004,0.0,null,null,null,null,null,null
375316653866487564,5360761441945853824,0.52169937,2186.542685517215,0.5552103143435785,1.2305909E-5,17.204847,0.0030425815,0.22152276,0.019541992,0.015067973,0.031338044,0.017762564,408.58755,0.71112424,0.0040487074,0.04331479,0.0041600843,0.16238675,0.011574305,0.019316409,0.0036895252,0.22152276,0.019541992,"TWOGAUSSIANS_WITH_ELLIPSOIDAL_ON_ECLIPSE1",9,3.4625995,0.71147424,0.003686706,0.24256283,0.023296474,0.20086043,0.010823604,0.22152276,0.019541992,0.08438065,0.17549305,0.056395344,408.5851
375316653866487564,5360761476305593728,0.6646956,2186.645478826837,3.585335058417155,2.691363E-6,15.044419,0.005777797,0.21672422,8.001192E-4,0.043214835,0.0016388897,0.41690418,0.01468529,0.7138532,0.0021982589,0.046776854,0.0023736786,0.5292311,0.018764446,0.13578168,0.008112226,0.21672422,8.001192E-4,"TWOGAUSSIANS_WITH_ELLIPSOIDAL_ON_ECLIPSE1",9,50.00434,0.7140832,0.0020324567,0.26195037,0.0132925995,0.8007124,0.017369712,0.21672422,8.001192E-4,0.24200308,0.009177783,0.6884666,0.013136749
375316653866487564,5360763293066281216,0.54232293,2167.595905678496,3.4955509160148375,1.0974609E-5,17.467924,0.006609981,0.26219013,0.0032565668,0.09670017,0.0049198563,0.22204764,0.008111202,0.754474,0.0038273185,0.08503719,0.005520584,0.19254489,0.008802733,null,null,null,null,"TWOGAUSSIANS",8,5.969801,0.26219013,0.0032565668,0.4,0.0,0.21367508,0.0075315293,0.754474,0.0038273185,0.4,0.0,0.18417308,0.008040365
375316653866487564,5360763744048246016,0.50507843,2153.4419389376108,0.6101710258135462,1.2132724E-5,16.102867,0.0038381338,0.22794788,0.0030692718,0.07872782,0.006200604,0.058920406,0.0037609665,0.7435767,0.0054409867,0.102151535,0.012360445,0.0408184,0.003966876,null,null,null,null,"TWOGAUSSIANS",8,4.200452,0.22794788,0.003070505,0.4,0.0,0.05729893,0.0027303959,0.7435767,0.0054409867,0.4,0.0,0.03919627,0.003331151
375316653866487564,5360763915846936064,0.5756068,2166.549389041525,2.5715565889098086,5.9249596E-6,16.118534,0.007352571,0.22881933,0.001927598,0.04757545,0.002672346,0.26135218,0.018628713,0.73470587,0.002229866,0.039467715,0.005774463,0.23740761,0.03515583,0.124298096,0.008848372,0.73470587,0.002229866,"TWOGAUSSIANS_WITH_ELLIPSOIDAL_ON_ECLIPSE2",9,56.612484,0.22966932,0.0014638379,0.2664225,0.0149651375,0.50965714,0.013244755,0.73470587,0.002229866,0.2210192,0.03233699,0.4860032,0.036728613
375316653866487564,5360764774840401920,0.48648423,2159.5179346098657,2.421846200336049,1.0037225E-5,17.629559,0.01827382,0.28476423,0.0045494256,0.041527994,0.004413783,0.41511965,0.054915894,0.80492634,0.007036045,0.05540255,0.010867202,0.22296533,0.082800396,0.09192479,0.029463626,0.80492634,0.007036045,"TWOGAUSSIANS_WITH_ELLIPSOIDAL_ON_ECLIPSE2",9,60.29643,0.28590423,0.004179327,0.23255678,0.024717184,0.59619045,0.04023745,0.80492634,0.007036045,0.31025428,0.060856327,0.40680632,0.07493249
375316653866487564,5360764804894865152,0.52674073,2175.882800153489,0.6330424691211759,8.4565645E-6,17.028246,0.0033861746,0.20252125,0.0073844953,0.024892125,0.008273538,0.01400495,0.010521327,0.68955415,0.010045424,0.032295685,0.0056998627,0.22690295,0.053133763,0.025179083,0.0045347884,0.20252125,0.0073844953,"TWOGAUSSIANS_WITH_ELLIPSOIDAL_ON_ECLIPSE1",9,5.61039,0.68978417,0.009803624,0.18085583,0.03191923,0.27693352,0.050864898,0.20252125,0.0073844953,0.1393959,0.046331815,0.06436311,0.004931786
375316653866487564,5360765668187235712,0.5317367,2143.9079885870146,0.16348650456908717,7.831528E-5,18.82744,0.0035358337,0.8362124,0.012783803,0.021129642,0.0039564585,1.9995469,1.274211,null,null,null,null,null,null,null,null,null,null,"ONEGAUSSIAN",5,4.1906304,0.8362124,0.012783803,0.11832599,0.022156166,1.9995469,0.0,null,null,null,null,null,null
375316653866487564,5360765766970059776,0.5679015,2175.1338573799344,3.594013514588242,5.2570476E-6,19.250502,0.005288414,0.24290055,0.0022544842,0.071749456,0.0021839722,0.56794,0.019967603,0.74209315,0.0022503564,0.064528756,0.0032878285,0.5118225,0.018164944,null,null,null,null,"TWOGAUSSIANS",8,1.8018835,0.24290055,0.0022544842,0.4,0.003601984,0.56667864,0.020049714,0.74209315,0.0022503564,0.36136103,0.01841184,0.51056117,0.018430134
375316653866487564,5360767347515541248,0.5268082,2153.042551871608,3.4403525971922053,7.6482675E-6,19.472092,0.018212412,0.23698571,0.0029221862,0.05050763,0.009629879,0.4216617,0.052099783,0.7439093,0.0063412557,0.040854543,0.0071587134,0.32048494,0.04861553,0.11852947,0.02364709,0.23698571,0.0029221862,"TWOGAUSSIANS_WITH_ELLIPSOIDAL_ON_ECLIPSE1",9,2.342376,0.23698571,0.0029221862,0.28284273,0.05392732,0.65871865,0.058311697,0.7439093,0.0063412557,0.22878544,0.040088795,0.5570935,0.032125324
375316653866487564,5360767489259579776,0.52527255,2137.6079073725746,2.7312289533441616,1.1464835E-5,16.892935,0.009287135,0.21304607,0.0034417792,0.09774854,0.005603452,0.21527663,0.010829635,0.7112527,0.0045650266,0.08364346,0.0074278074,0.25361675,0.01245109,null,null,null,null,"TWOGAUSSIANS",8,13.544634,0.7112527,0.0045650266,0.4,0.0,0.243549,0.013488414,0.21304607,0.0034417792,0.4,0.0,0.205208,0.009179393
375316653866487564,5360767832856967040,0.64755106,2141.7812986819704,2.54923535356073,3.234396E-6,16.80423,0.011607248,0.22330427,7.805277E-4,0.06306741,0.00512543,0.2325891,0.018748725,0.7242745,0.0042755324,0.060005583,0.0065830955,0.21882617,0.023559872,0.07598303,0.012363554,0.22330427,7.805277E-4,"TWOGAUSSIANS_WITH_ELLIPSOIDAL_ON_ECLIPSE1",9,4.385748,0.22330427,7.805277E-4,0.3531775,0.028702408,0.38443068,0.01155311,0.7242745,0.0039895927,0.33603126,0.036865335,0.37066212,0.007277615
375316653866487564,5360767897271367040,0.6060472,2156.6732538586552,4.152820178288914,3.8980947E-6,18.567516,0.019394591,0.2616285,0.0016833737,0.05082777,0.0048133344,0.39466563,0.045481846,0.7577779,0.0073815617,0.05379239,0.008287392,0.36996117,0.045196008,0.09592795,0.022690505,0.2616285,0.0016833737,"TWOGAUSSIANS_WITH_ELLIPSOIDAL_ON_ECLIPSE1",9,2.5958557,0.2616285,0.0016833737,0.2846355,0.026954673,0.5865129,0.023108017,0.7581879,0.0069181533,0.30123737,0.046409395,0.5617081,0.01762876
375316653866487564,5360769138527040256,0.526096,2149.3989616147533,3.16734304034243,1.2877322E-5,16.25768,0.013205872,0.20481822,0.0026419915,0.08219475,0.005581405,0.38696724,0.014363104,0.70368636,0.003530399,0.08760717,0.0061053913,0.32319215,0.023884581,null,null,null,null,"TWOGAUSSIANS",8,65.87599,0.20481822,0.0026419915,0.4,0.0,0.37792286,0.013714738,0.70368636,0.003530399,0.4,0.0,0.31414774,0.02412186
375316653866487564,5360770409837514240,0.5396864,2154.9841816782005,1.1703514791223646,1.758743E-6,15.82343,7.168099E-4,0.59663755,1.6229766E-5,0.0036223545,4.460448E-5,0.30128777,0.008958673,null,null,null,null,null,null,null,null,null,null,"ONEGAUSSIAN",5,3.8734581,0.59663755,1.6229766E-5,0.020285185,2.4978508E-4,0.30128777,0.0,null,null,null,null,null,null
375316653866487564,5360770512910366976,0.53873783,2141.540452959953,3.5219581849552752,7.715759E-6,19.088043,0.008085913,0.1963954,0.00262342,0.07208114,0.0034112677,0.42726326,0.012727642,0.69028205,0.0034186451,0.079202004,0.0044766036,0.42483988,0.010616615,null,null,null,null,"TWOGAUSSIANS",8,3.3562906,0.1963954,0.00262342,0.4,0.0077719623,0.42410427,0.012742367,0.69028205,0.0034186451,0.4,0.0,0.42168087,0.010379242
375316653866487564,5360773326110668544,0.45590398,2152.4255307351445,0.1956137867985396,5.9852602E-5,18.319376,0.010770036,0.30235296,0.046026383,0.054565307,0.031038746,0.07323388,0.12480981,0.856581,7.047844E-4,0.016626807,9.0386474E-4,0.49382764,0.033671513,null,null,null,null,"TWOGAUSSIANS",8,32.66036,0.856581,7.047844E-4,0.09311012,0.0050616427,0.49382764,0.033671513,0.30235296,0.046026383,0.3055657,0.17381698,0.07323388,0.12480981
375316653866487564,5360773433494519040,0.63174003,2135.3634003962584,2.5086825034031994,3.3703268E-6,15.941334,0.0047230492,0.31485116,0.0012507691,0.09417479,0.003106198,0.23924363,0.005665689,0.82688916,0.0016707624,0.08260802,0.0057014064,0.15303893,0.012619861,null,null,null,null,"TWOGAUSSIANS",8,4.9619555,0.31485116,0.0012507691,0.4,0.0,0.23341082,0.0057662698,0.82688916,0.0016707624,0.4,0.0,0.14720656,0.013773011
