Gaia/vari_eclipsing_binary/VariEclipsingBinary_531932-532692.csv
# %ECSV 1.0
# ---
# delimiter: ','
# meta: !!omap
# - RELEASE: Gaia DR3
# - TABLE: vari_eclipsing_binary
# - DESCRIPTION: >
#     This table describes the properties of the eclipsing binaries resulting from the variability analysis. 
# - CITATION: >
#     How to cite and acknowledge Gaia: 
#     https://gea.esac.esa.int/archive/documentation/credits.html 
# - KNOWN_ISSUES: >
#     Known issues: 
#     https://www.cosmos.esa.int/web/gaia-users/known-issues 
# - DOCUMENTATION: >
#     Tutorials and documentation: 
#     https://www.cosmos.esa.int/web/gaia-users/archive 
# datatype:
# - 
#   name: solution_id
#   datatype: int64
#   description: Solution Identifier
#   meta:
#     ucd: meta.version
# - 
#   name: source_id
#   datatype: int64
#   description: Unique source identifier
#   meta:
#     ucd: meta.id;meta.main
# - 
#   name: global_ranking
#   datatype: float32
#   description: Number between 0 (worst) and 1 (best)
#   meta:
#     ucd: stat.param
# - 
#   name: reference_time
#   datatype: float64
#   unit: d
#   description: Reference time used for the geometric model fit
#   meta:
#     ucd: time.epoch
# - 
#   name: frequency
#   datatype: float64
#   unit: d**-1
#   description: Frequency of geometric model of the eclipsing binary light curve
#   meta:
#     ucd: src.orbital
# - 
#   name: frequency_error
#   datatype: float32
#   unit: d**-1
#   description: "Uncertainty of \\texttt{frequency}"
#   meta:
#     ucd: stat.error
# - 
#   name: geom_model_reference_level
#   datatype: float32
#   unit: mag
#   description: Magnitude reference level of geometric model
#   meta:
#     ucd: phot.mag;em.opt
# - 
#   name: geom_model_reference_level_error
#   datatype: float32
#   unit: mag
#   description: "Uncertainty of \\texttt{geomModelReferenceLevel}"
#   meta:
#     ucd: stat.error;phot.mag;em.opt
# - 
#   name: geom_model_gaussian1_phase
#   datatype: float32
#   description: Phase of the Gaussian 1 component
#   meta:
#     ucd: time.phase
# - 
#   name: geom_model_gaussian1_phase_error
#   datatype: float32
#   description: "Uncertainty of \\texttt{geomModelGaussian1Phase}"
#   meta:
#     ucd: stat.error;time.phase
# - 
#   name: geom_model_gaussian1_sigma
#   datatype: float32
#   description: "Standard deviation [phase] of Gaussian 1 component"
#   meta:
#     ucd: stat.stdev
# - 
#   name: geom_model_gaussian1_sigma_error
#   datatype: float32
#   description: "Uncertainty of \\texttt{geomModelGaussian1Sigma}"
#   meta:
#     ucd: stat.error
# - 
#   name: geom_model_gaussian1_depth
#   datatype: float32
#   unit: mag
#   description: Magnitude depth of Gaussian 1 component
#   meta:
#     ucd: src.var.amplitude
# - 
#   name: geom_model_gaussian1_depth_error
#   datatype: float32
#   unit: mag
#   description: "Uncertainty of \\texttt{geomModelGaussian1Depth}"
#   meta:
#     ucd: stat.error;src.var.amplitude
# - 
#   name: geom_model_gaussian2_phase
#   datatype: float32
#   description: Phase of Gaussian 2 component
#   meta:
#     ucd: time.phase
# - 
#   name: geom_model_gaussian2_phase_error
#   datatype: float32
#   description: "Uncertainty of \\texttt{geomModelGaussian2Phase}"
#   meta:
#     ucd: stat.error;time.phase
# - 
#   name: geom_model_gaussian2_sigma
#   datatype: float32
[...]
#   datatype: float32
#   description: "Secondary eclipse: uncertainty of \\texttt{derivedSecondaryEclDuration}"
#   meta:
#     ucd: stat.error;time.duration
# - 
#   name: derived_secondary_ecl_depth
#   datatype: float32
#   unit: mag
#   description: "Secondary eclipse: depth"
#   meta:
#     ucd: src.var.amplitude
# - 
#   name: derived_secondary_ecl_depth_error
#   datatype: float32
#   unit: mag
#   description: "Secondary eclipse: uncertainty of \\texttt{derivedSecondaryEclDepth}"
#   meta:
#     ucd: stat.error;src.var.amplitude
solution_id,source_id,global_ranking,reference_time,frequency,frequency_error,geom_model_reference_level,geom_model_reference_level_error,geom_model_gaussian1_phase,geom_model_gaussian1_phase_error,geom_model_gaussian1_sigma,geom_model_gaussian1_sigma_error,geom_model_gaussian1_depth,geom_model_gaussian1_depth_error,geom_model_gaussian2_phase,geom_model_gaussian2_phase_error,geom_model_gaussian2_sigma,geom_model_gaussian2_sigma_error,geom_model_gaussian2_depth,geom_model_gaussian2_depth_error,geom_model_cosine_half_period_amplitude,geom_model_cosine_half_period_amplitude_error,geom_model_cosine_half_period_phase,geom_model_cosine_half_period_phase_error,model_type,num_model_parameters,reduced_chi2,derived_primary_ecl_phase,derived_primary_ecl_phase_error,derived_primary_ecl_duration,derived_primary_ecl_duration_error,derived_primary_ecl_depth,derived_primary_ecl_depth_error,derived_secondary_ecl_phase,derived_secondary_ecl_phase_error,derived_secondary_ecl_duration,derived_secondary_ecl_duration_error,derived_secondary_ecl_depth,derived_secondary_ecl_depth_error
[from data line 290]
375316653866487564,4685592995319087616,0.42129815,2218.6119407302162,0.5068313790409722,8.494951E-5,18.723768,0.01317727,0.33500597,0.015556572,0.13653444,0.028378595,0.12172285,0.026254673,0.8986763,0.023855193,0.03899701,0.030409293,0.05322419,0.018891329,null,null,null,null,"TWOGAUSSIANS",8,5.400716,0.33500597,0.015556572,0.4,0.0,0.12071031,0.02658204,0.89915633,0.023566725,0.21838325,0.17029203,0.05297721,0.018571526
375316653866487564,4685594782044355840,0.5540261,2205.4690627511027,1.0286084654914613,2.133052E-5,17.562532,0.0043268977,0.29220235,0.002573311,0.046458192,0.003963779,0.15867124,0.012679166,0.7784185,0.008308535,0.04933893,0.0074861404,0.07493548,0.01420169,0.051520515,0.006568791,0.29220235,0.002573311,"TWOGAUSSIANS_WITH_ELLIPSOIDAL_ON_ECLIPSE1",9,4.1890254,0.29220235,0.002573311,0.26016587,0.022197165,0.26171204,0.008729494,0.78129846,0.005907231,0.27629802,0.041922383,0.17736582,0.01054364
375316653866487564,4685596942403957888,0.4776889,2225.5440340471964,0.12530808345112207,6.122872E-5,19.857264,0.0044872807,0.28584155,0.027236372,0.030760715,0.007579131,1.8130821,2.5412745,0.71390504,0.013625997,0.027307747,0.019700566,0.06498353,0.04081743,null,null,null,null,"TWOGAUSSIANS",8,1.0772332,0.28584155,0.027236372,0.17226,0.042443134,1.8130821,2.5412745,0.71390504,0.013625997,0.15292338,0.11032317,0.06498353,0.04081743
375316653866487564,4685598149298649344,0.5544879,2252.0876383650457,0.037986206959426935,1.3901007E-5,18.38448,0.55585265,0.26600316,0.0039518895,0.11420397,0.027546074,0.57393456,0.32481137,0.7696257,0.0035620143,0.21575831,0.144176,0.5117843,0.5454126,null,null,null,null,"TWOGAUSSIANS",8,2.192086,0.26537317,0.004551264,0.4,0.0,0.33749825,0.015431079,0.7696657,0.003544068,0.4,0.0,0.20558351,0.013752703
375316653866487564,4685599317510481536,0.49278364,2224.909639462595,1.0208493028331451,1.4327237E-5,19.522285,0.007726123,0.23891635,0.002085717,0.027974984,0.0022047823,0.2262664,0.017082825,0.7338393,0.0031779052,0.036784608,0.008329068,0.24569951,0.02646828,null,null,null,null,"TWOGAUSSIANS",8,1.1472993,0.7338393,0.0031779052,0.2059938,0.04664278,0.24569951,0.02646828,0.23891635,0.002085717,0.15665992,0.012346781,0.2262664,0.017082825
375316653866487564,4685599317529722368,0.5079253,2226.269548046373,1.7383432380624197,7.830923E-6,19.599876,0.004924546,0.1352708,0.0026339742,0.001829113,0.0010754212,0.75949156,2.4373238,0.36898497,0.001480237,0.041933406,0.005915133,0.5443929,0.04920813,null,null,null,null,"TWOGAUSSIANS",8,1.5726173,0.1352708,0.0026339742,0.010243032,0.006022359,0.7594917,2.4373238,0.36898497,0.001480237,0.23482707,0.033124745,0.5443929,0.04920813
375316653866487564,4685600000464551296,0.46308896,2211.4550976556097,0.9184360195957624,2.9352499E-5,19.716877,0.021647384,0.25630352,0.01055894,0.07068262,0.027814467,0.2588338,0.07590587,0.76572865,0.010318386,0.071195625,0.010556943,0.3345716,0.038447574,null,null,null,null,"TWOGAUSSIANS",8,4.418243,0.76572865,0.010318386,0.39869553,0.036704715,0.33363795,0.037911855,0.25630352,0.01055894,0.3958227,0.1235777,0.25790015,0.07754644
375316653866487564,4685600618939825920,0.5201766,2227.2953150151884,0.844358425461669,4.2755644E-5,18.678114,0.004060394,0.26618427,0.0044020354,0.048856515,0.007911628,0.267957,0.013127302,0.764338,0.019321345,0.042273648,0.015324054,0.07332334,0.019679915,null,null,null,null,"TWOGAUSSIANS",8,3.1895168,0.26618427,0.0044020354,0.27359647,0.04430512,0.2679569,0.013127741,0.764338,0.019321345,0.23673242,0.0858147,0.073323265,0.019679941
375316653866487564,4685601516533656320,0.49626812,2235.938586830367,0.08754500568603925,1.3087334E-5,19.579483,0.0067945174,0.19485606,0.0016634297,0.038458124,0.0030795783,0.32499567,0.023864236,0.709244,0.008501903,0.061550286,0.012110437,0.15533365,0.010805601,null,null,null,null,"TWOGAUSSIANS",8,1.6250421,0.19485606,0.0016634297,0.2153655,0.01724564,0.32499495,0.023864195,0.709244,0.008501903,0.3446816,0.06781845,0.15533292,0.010806233
375316653866487564,4685601619632100992,0.5048764,2231.792226098826,0.4616751086051271,1.13848155E-5,18.624676,0.003800276,0.14991434,0.0023680988,0.024583502,0.0023292564,0.20332779,0.01097254,0.6990717,0.021961316,0.043502547,0.024643796,0.32257757,189.86784,null,null,null,null,"TWOGAUSSIANS",8,3.8488655,0.6990717,0.021961316,0.24361426,0.13800526,0.32257757,189.86784,0.14991434,0.0023680988,0.13766761,0.013043836,0.20332779,0.01097254
375316653866487564,4685603543777347072,0.5633315,2219.5990414570965,0.8375403941904245,2.9179571E-5,18.324566,0.0046341917,0.3021959,0.0035205206,0.044307977,0.002847211,0.45760575,0.014855769,0.81849605,0.004741858,0.041169617,0.004424561,0.14051452,0.02611148,null,null,null,null,"TWOGAUSSIANS",8,4.9009714,0.3021959,0.0035205206,0.24812466,0.015944382,0.45760575,0.014855768,0.81849605,0.004741858,0.23054986,0.024777541,0.14051451,0.026111484
375316653866487564,4685603715576039936,0.44845223,2203.596369303464,2.014095709478611,2.9307028E-5,19.43633,0.0122859655,0.27778113,0.006471417,0.082748346,0.015768671,0.17883895,0.016766008,0.77598214,0.02142794,0.056582186,0.028088635,0.25759444,0.5295363,null,null,null,null,"TWOGAUSSIANS",8,1.8898661,0.77598214,0.02142794,0.31686023,0.15729636,0.25697613,0.53025633,0.27778113,0.006471417,0.4,0.0,0.17822063,0.017262682
375316653866487564,4685605193056414080,0.4823282,2226.2415838894954,0.20693418857807272,1.8710314E-5,19.551172,0.004941777,0.20924114,0.0026709882,0.00824018,0.0020622541,0.44184574,0.5883952,0.51353025,0.03441648,0.007896021,0.012882689,0.33338335,0.91797024,null,null,null,null,"TWOGAUSSIANS",8,2.3052487,0.20924114,0.0026709882,0.046145007,0.011548623,0.44184574,0.5883952,0.51353025,0.03441648,0.044217717,0.072143055,0.33338335,0.91797024
375316653866487564,4685606464355127680,0.5313244,2214.763264204944,0.6149663277434081,8.115783E-6,19.267113,0.0042016,0.08297546,0.0076775006,0.03580939,0.006473543,0.40951023,0.06312001,0.56842715,0.0027992842,0.029496916,0.0024236708,0.39753768,0.05089809,null,null,null,null,"TWOGAUSSIANS",8,2.1595426,0.08297546,0.0076775006,0.2005326,0.036251843,0.40951023,0.06312001,0.56842715,0.0027992842,0.16518272,0.013572556,0.39753768,0.05089809
375316653866487564,4685608285432770048,0.46274382,2193.754602827748,2.0904956640825634,3.051225E-5,19.85872,0.008391994,0.2375596,0.0067896885,0.028622666,0.00483302,0.4634452,0.06267955,0.47687966,0.029146621,0.04672705,0.024400776,0.08140024,0.03432581,null,null,null,null,"TWOGAUSSIANS",8,3.4287558,0.2375596,0.0067896885,0.16028693,0.02706491,0.46344534,0.06267946,0.47687966,0.029146621,0.26167148,0.13664435,0.08140024,0.03432581
375316653866487564,4685610583256944128,0.5757119,2204.11236567242,1.251500146267739,1.1732219E-5,19.145805,0.004516935,0.3324258,0.0024744116,0.03329785,0.0034834666,0.57743007,0.056071937,0.83364147,0.0017284768,0.034238994,0.00246777,0.6200119,0.05646562,null,null,null,null,"TWOGAUSSIANS",8,1.9275012,0.83364147,0.0017284768,0.19173837,0.013819512,0.6200119,0.05646562,0.3324258,0.0024744116,0.18646796,0.019507414,0.57743007,0.056071937
375316653866487564,4685614573255479296,0.506361,2236.614229100306,1.775279969433287,1.939531E-5,18.728424,0.0033451275,0.19501786,0.0030498446,0.030533766,0.0019304904,0.27435735,0.029111668,0.6260813,0.0085566845,0.03843407,0.008854551,0.04416906,0.017199017,null,null,null,null,"TWOGAUSSIANS",8,1.3984714,0.19501786,0.0030498446,0.17098908,0.010810747,0.27435735,0.029111668,0.6260813,0.0085566845,0.2152308,0.049585488,0.04416906,0.017199017
375316653866487564,4685616291242180608,0.5881728,2197.510496679533,0.7600304837944661,1.061483E-5,17.06755,0.008985796,0.25474378,0.003216491,0.030525407,0.005571061,0.097319156,0.018344427,0.7516246,0.004629112,0.051041868,0.0062146503,0.22227816,0.01976709,0.05452456,0.010416322,0.25474378,0.003216491,"TWOGAUSSIANS_WITH_ELLIPSOIDAL_ON_ECLIPSE1",9,7.2753534,0.75191456,0.0041004284,0.28583446,0.034802042,0.33128795,0.010870992,0.25474378,0.003216491,0.17094228,0.03119794,0.206367,0.010119481
