Gaia/vari_eclipsing_binary/VariEclipsingBinary_468944-468963.csv
# %ECSV 1.0
# ---
# delimiter: ','
# meta: !!omap
# - RELEASE: Gaia DR3
# - TABLE: vari_eclipsing_binary
# - DESCRIPTION: >
#     This table describes the properties of the eclipsing binaries resulting from the variability analysis. 
# - CITATION: >
#     How to cite and acknowledge Gaia: 
#     https://gea.esac.esa.int/archive/documentation/credits.html 
# - KNOWN_ISSUES: >
#     Known issues: 
#     https://www.cosmos.esa.int/web/gaia-users/known-issues 
# - DOCUMENTATION: >
#     Tutorials and documentation: 
#     https://www.cosmos.esa.int/web/gaia-users/archive 
# datatype:
# - 
#   name: solution_id
#   datatype: int64
#   description: Solution Identifier
#   meta:
#     ucd: meta.version
# - 
#   name: source_id
#   datatype: int64
#   description: Unique source identifier
#   meta:
#     ucd: meta.id;meta.main
# - 
#   name: global_ranking
#   datatype: float32
#   description: Number between 0 (worst) and 1 (best)
#   meta:
#     ucd: stat.param
# - 
#   name: reference_time
#   datatype: float64
#   unit: d
#   description: Reference time used for the geometric model fit
#   meta:
#     ucd: time.epoch
# - 
#   name: frequency
#   datatype: float64
#   unit: d**-1
#   description: Frequency of geometric model of the eclipsing binary light curve
#   meta:
#     ucd: src.orbital
# - 
#   name: frequency_error
#   datatype: float32
#   unit: d**-1
#   description: "Uncertainty of \\texttt{frequency}"
#   meta:
#     ucd: stat.error
# - 
#   name: geom_model_reference_level
#   datatype: float32
#   unit: mag
#   description: Magnitude reference level of geometric model
#   meta:
#     ucd: phot.mag;em.opt
# - 
#   name: geom_model_reference_level_error
#   datatype: float32
#   unit: mag
#   description: "Uncertainty of \\texttt{geomModelReferenceLevel}"
#   meta:
#     ucd: stat.error;phot.mag;em.opt
# - 
#   name: geom_model_gaussian1_phase
#   datatype: float32
#   description: Phase of the Gaussian 1 component
#   meta:
#     ucd: time.phase
# - 
#   name: geom_model_gaussian1_phase_error
#   datatype: float32
#   description: "Uncertainty of \\texttt{geomModelGaussian1Phase}"
#   meta:
#     ucd: stat.error;time.phase
# - 
#   name: geom_model_gaussian1_sigma
#   datatype: float32
#   description: "Standard deviation [phase] of Gaussian 1 component"
#   meta:
#     ucd: stat.stdev
# - 
#   name: geom_model_gaussian1_sigma_error
#   datatype: float32
#   description: "Uncertainty of \\texttt{geomModelGaussian1Sigma}"
#   meta:
#     ucd: stat.error
# - 
#   name: geom_model_gaussian1_depth
#   datatype: float32
#   unit: mag
#   description: Magnitude depth of Gaussian 1 component
#   meta:
#     ucd: src.var.amplitude
# - 
#   name: geom_model_gaussian1_depth_error
#   datatype: float32
#   unit: mag
#   description: "Uncertainty of \\texttt{geomModelGaussian1Depth}"
#   meta:
#     ucd: stat.error;src.var.amplitude
# - 
#   name: geom_model_gaussian2_phase
#   datatype: float32
#   description: Phase of Gaussian 2 component
#   meta:
#     ucd: time.phase
# - 
#   name: geom_model_gaussian2_phase_error
#   datatype: float32
#   description: "Uncertainty of \\texttt{geomModelGaussian2Phase}"
#   meta:
#     ucd: stat.error;time.phase
# - 
#   name: geom_model_gaussian2_sigma
#   datatype: float32
[...]
#   datatype: float32
#   description: "Secondary eclipse: uncertainty of \\texttt{derivedSecondaryEclDuration}"
#   meta:
#     ucd: stat.error;time.duration
# - 
#   name: derived_secondary_ecl_depth
#   datatype: float32
#   unit: mag
#   description: "Secondary eclipse: depth"
#   meta:
#     ucd: src.var.amplitude
# - 
#   name: derived_secondary_ecl_depth_error
#   datatype: float32
#   unit: mag
#   description: "Secondary eclipse: uncertainty of \\texttt{derivedSecondaryEclDepth}"
#   meta:
#     ucd: stat.error;src.var.amplitude
solution_id,source_id,global_ranking,reference_time,frequency,frequency_error,geom_model_reference_level,geom_model_reference_level_error,geom_model_gaussian1_phase,geom_model_gaussian1_phase_error,geom_model_gaussian1_sigma,geom_model_gaussian1_sigma_error,geom_model_gaussian1_depth,geom_model_gaussian1_depth_error,geom_model_gaussian2_phase,geom_model_gaussian2_phase_error,geom_model_gaussian2_sigma,geom_model_gaussian2_sigma_error,geom_model_gaussian2_depth,geom_model_gaussian2_depth_error,geom_model_cosine_half_period_amplitude,geom_model_cosine_half_period_amplitude_error,geom_model_cosine_half_period_phase,geom_model_cosine_half_period_phase_error,model_type,num_model_parameters,reduced_chi2,derived_primary_ecl_phase,derived_primary_ecl_phase_error,derived_primary_ecl_duration,derived_primary_ecl_duration_error,derived_primary_ecl_depth,derived_primary_ecl_depth_error,derived_secondary_ecl_phase,derived_secondary_ecl_phase_error,derived_secondary_ecl_duration,derived_secondary_ecl_duration_error,derived_secondary_ecl_depth,derived_secondary_ecl_depth_error
[from data line 38]
375316653866487564,4124882850165465344,0.58384836,2401.5040759930603,2.9515629441411195,8.4143485E-6,19.000406,0.01487673,0.2586693,0.0026897085,0.08078091,0.00566432,0.40551838,0.018055748,0.75650364,0.0054261,0.06970562,0.005614752,0.5210584,0.02231407,null,null,null,null,"TWOGAUSSIANS",8,2.660454,0.75650364,0.0054261,0.3903515,0.029172413,0.51759523,0.022032838,0.2586693,0.0026897085,0.4,0.0,0.40205523,0.018216347
375316653866487564,4124883120762685056,0.45866114,2368.6800283423167,2.356140006822743,3.791841E-5,18.509497,0.023844024,0.18946165,0.014091763,0.10250198,0.020379243,0.19329304,0.034249667,0.69974524,0.0066647814,0.088355005,0.014966801,0.22975305,0.022111267,null,null,null,null,"TWOGAUSSIANS",8,10.656566,0.69974524,0.0066712163,0.4,0.0,0.21806985,0.017843468,0.18946165,0.014091763,0.4,0.0,0.18160696,0.033068195
375316653866487564,4124883193763151360,0.49254307,2396.662600463966,0.03997394920732994,8.318854E-5,19.333107,0.027663615,0.32287616,0.01892724,0.04961598,0.014370654,0.13580361,0.036962613,0.52294314,0.06229578,0.18979405,0.07688463,0.09364273,0.025874136,null,null,null,null,"TWOGAUSSIANS",8,1.6032473,0.32832617,0.018241473,0.2778495,0.08047566,0.18452546,0.015415797,0.52294314,0.06229578,0.4,0.0,0.08785586,0.01441554
375316653866487564,4124883709163959168,0.52925265,2449.420636376877,2.752500792406379,2.1914155E-5,19.769558,0.014748316,0.2655402,0.01857497,0.07421725,0.018081982,0.4318271,0.08778516,0.7719291,0.0034986404,0.06352593,0.0053865286,0.4363207,0.03801446,null,null,null,null,"TWOGAUSSIANS",8,1.7571516,0.7719291,0.0034986404,0.3557452,0.03016456,0.43531567,0.03811135,0.2655402,0.01857497,0.4,0.07249099,0.43082207,0.08826008
375316653866487564,4124884121472858624,0.49648622,2413.105030842697,1.238751745065164,9.348245E-5,19.277292,0.012851382,0.17937131,0.024763085,0.047297888,0.04049316,0.18143402,0.10477755,0.6805481,0.01790421,0.06778121,0.03116923,0.6388487,0.31817722,null,null,null,null,"TWOGAUSSIANS",8,10.920017,0.6805481,0.01790421,0.37957478,0.17454769,0.638792,0.31824762,0.17937131,0.024763085,0.26486817,0.22676171,0.18137728,0.10483574
375316653866487564,4124884254639999872,0.5063102,2283.6324077692097,1.8318043956068002,3.7374313E-5,19.812328,0.022164196,0.2212395,0.013093861,0.06324267,0.023138499,0.4571705,12.070321,0.7021777,0.006903264,0.109868184,0.056018177,0.08547032,0.017963309,null,null,null,null,"TWOGAUSSIANS",8,0.7129526,0.2212395,0.01309325,0.35415894,0.1295756,0.45400286,12.07316,0.7021777,0.006903264,0.4,0.0,0.08229558,0.024595778
375316653866487564,4124884396350327296,0.44885775,2408.053740281571,3.198807777559449,3.3837197E-5,19.549755,0.0351756,0.25312158,0.008040224,0.08354426,0.020113362,0.23553953,0.03342029,0.7129386,0.011036396,0.096655935,0.027078135,0.24594834,0.049537808,null,null,null,null,"TWOGAUSSIANS",8,2.9237537,0.7129386,0.011036396,0.4,0.0,0.24057019,0.052420247,0.25312158,0.008016601,0.4,0.0,0.23016433,0.034151915
375316653866487564,4124884529496856064,0.67124283,2387.338904117993,0.3270807994700089,2.3669998E-6,16.97487,0.001564791,0.25908333,0.001603724,0.030968584,0.0030610955,0.14464065,0.0065826494,0.7569232,4.843811E-4,0.03172058,6.1929866E-4,0.5638285,0.008235189,0.020913461,0.0035566972,0.25908333,0.001603724,"TWOGAUSSIANS_WITH_ELLIPSOIDAL_ON_ECLIPSE1",9,3.1926665,0.7569332,4.8440933E-4,0.17763524,0.0034680725,0.60564774,0.009464714,0.25908333,0.001603724,0.17342408,0.017142134,0.18646757,0.0054996866
375316653866487564,4124884735660208512,0.5804508,2389.2363863644196,2.302825320148687,7.45258E-6,18.174074,0.010839108,0.25399932,0.0033233038,0.0798619,0.0051268837,0.2601879,0.01253396,0.73451114,0.0031722146,0.08515509,0.003435657,0.4743299,0.01965149,null,null,null,null,"TWOGAUSSIANS",8,5.4820833,0.73451114,0.0031722146,0.4,0.0,0.4693533,0.019462265,0.25399932,0.0033233038,0.4,0.0,0.25521135,0.011783278
375316653866487564,4124884873099163648,0.53089297,2420.746340503475,0.2220582068905791,5.7675775E-6,17.585022,0.002361698,0.25869673,0.017092861,0.056241643,0.013074241,0.011088811,0.0035407604,0.86287606,7.691019E-5,0.0020797052,1.071399E-4,0.25041863,0.0086283125,null,null,null,null,"TWOGAUSSIANS",8,2.2148473,0.86287606,7.691019E-5,0.01164635,5.9998344E-4,0.25041863,0.0086283125,0.25869673,0.017092861,0.3149532,0.07321575,0.011088811,0.0035407604
375316653866487564,4124885014827040256,0.5196582,2407.1516553830256,0.4492741003335585,5.379517E-6,17.9736,0.0051364424,0.31811488,0.0026353134,0.04324946,0.004273946,0.09973899,0.0096070105,0.8067206,0.009675895,0.051483523,0.0045323484,0.3614628,0.04462843,null,null,null,null,"TWOGAUSSIANS",8,5.861957,0.8067206,0.009675895,0.28830773,0.025381152,0.36146262,0.044628274,0.31811488,0.0026353134,0.24219699,0.023934096,0.09973881,0.009607036
375316653866487564,4124885251072383744,0.5188357,2398.267454736913,2.5094562480413654,1.9019855E-5,18.618792,0.012752559,0.23328437,0.009996494,0.07796924,0.011042192,0.24522318,0.021216402,0.7487143,0.0043000835,0.08686596,0.010267056,0.16867027,0.012123461,null,null,null,null,"TWOGAUSSIANS",8,2.4950726,0.23328437,0.009996494,0.4,0.0,0.24220534,0.022486199,0.7487143,0.0043000835,0.4,0.0,0.1656524,0.010243715
375316653866487564,4124885255345509888,0.5343572,2380.9631175717655,1.6463330896589614,9.258025E-6,18.966354,0.036477156,0.25704467,0.0045777955,0.108598724,0.013608622,0.27023336,0.03335962,0.7492853,0.003305619,0.10956937,0.0100853825,0.4073424,0.032102883,null,null,null,null,"TWOGAUSSIANS",8,2.0933204,0.7492853,0.003305619,0.4,0.0,0.3632936,0.008375801,0.25705466,0.0045808856,0.4,0.0,0.2261961,0.0135631105
375316653866487564,4124885388511395328,0.5296306,2390.5003667945357,2.8952083688784196,1.0369236E-5,18.615875,0.0099319685,0.28735402,0.0051152036,0.08847543,0.006838464,0.21946746,0.017484518,0.78865373,0.0035206825,0.08264928,0.005919519,0.22949982,0.012788915,null,null,null,null,"TWOGAUSSIANS",8,2.5623236,0.78865373,0.0035206825,0.4,0.0,0.22336279,0.011979955,0.28735402,0.0051152036,0.4,0.0,0.21333039,0.017031765
375316653866487564,4124886286136055936,0.55462706,2346.6858290971118,2.382361117258476,1.375218E-5,19.100124,0.0113667315,0.26084587,0.0019352991,0.08665593,0.003555738,0.3465231,0.014219198,0.7676092,0.00605471,0.08486673,0.011421345,0.31930676,0.024713306,null,null,null,null,"TWOGAUSSIANS",8,1.5837648,0.26084587,0.0019352991,0.4,0.0,0.33805725,0.01180521,0.7676092,0.00605471,0.4,0.0,0.3108409,0.027776018
375316653866487564,4124886492294854400,0.47306612,2407.6598699823912,0.14162738203728373,3.8219485E-5,19.189322,0.01956741,0.37162212,0.016523384,0.13292754,0.02235388,0.2075498,0.02165949,0.82620865,0.022986136,0.029745895,0.020191627,0.09405209,0.03114357,null,null,null,null,"TWOGAUSSIANS",8,1.808629,0.37162212,0.016523384,0.4,0.0,0.20647757,0.020748891,0.82620865,0.022986136,0.16657701,0.11307311,0.09362491,0.030635074
375316653866487564,4124886595373497600,0.4187761,2373.280235491846,2.5125501067958402,2.1787464E-5,18.687065,0.008781628,0.35840032,0.0036732093,0.06265328,0.0051492085,0.80144244,0.09345549,0.8614049,0.004321256,0.060960285,0.0037680545,0.5183329,0.02661347,null,null,null,null,"TWOGAUSSIANS",8,11.811831,0.35840032,0.0036732093,0.35085836,0.028835567,0.8011148,0.09360932,0.8614049,0.004321256,0.3413776,0.021101106,0.51800525,0.026611427
375316653866487564,4124886831601644160,0.47578236,2375.972859666911,2.546399429066244,1.4974839E-5,18.798925,0.01203333,0.20017903,0.0046528834,0.07222076,0.008915934,0.24456021,0.012168742,0.69292915,0.004025088,0.0764394,0.0059426585,0.24842396,0.021976205,null,null,null,null,"TWOGAUSSIANS",8,3.9759684,0.69292915,0.004025088,0.4,0.0,0.24696319,0.02170339,0.20017903,0.0046528834,0.4,0.028833952,0.24309944,0.011594543
375316653866487564,4124887007749442944,0.56282586,2384.4865739300258,3.314968933468984,9.367705E-6,18.006582,0.014400383,0.31543314,0.0035534464,0.035724353,0.024453972,0.11720964,46271.51,0.8141423,0.004207903,0.049039446,0.009275992,0.1638969,0.038768925,0.118146166,0.030206164,0.31543314,0.0035534464,"TWOGAUSSIANS_WITH_ELLIPSOIDAL_ON_ECLIPSE1",9,11.855235,0.8144223,0.003052641,0.27462092,0.051945556,0.40017644,0.022642585,0.31543314,0.0035534464,0.20005637,0.13694224,0.35350138,46271.504
375316653866487564,4124887209561373184,0.45388663,2459.992906447699,0.039207570855520034,1.27805315E-5,18.50896,0.004907411,0.23183563,0.005574353,0.025056954,0.0054645846,0.13750058,0.019523043,0.82360667,1.6830266E-4,0.005959226,1.4507171E-4,0.48797515,0.019834714,null,null,null,null,"TWOGAUSSIANS",8,3.3563523,0.82360667,1.6830266E-4,0.033371665,8.124016E-4,0.48797515,0.019834714,0.23183563,0.005574353,0.14031895,0.030601673,0.13750058,0.019523043
375316653866487564,4124887415715112576,0.47874558,2367.938610279976,2.024239649908375,6.2227584E-5,17.534378,0.015078736,0.19401188,0.008859873,0.07571529,0.014460543,0.16701266,0.02138351,0.70885074,0.037039578,0.053216606,0.04398921,0.16698898,0.18599094,null,null,null,null,"TWOGAUSSIANS",8,19.843338,0.19401188,0.008859873,0.4,0.01518685,0.16689934,0.02106247,0.70885074,0.037039578,0.298013,0.23483077,0.16687566,0.1862603
375316653866487564,4124887454375223680,0.5105959,2395.5277950535783,2.84652859133741,2.04924E-5,19.78236,0.015128331,0.24416478,0.0044280323,0.074381344,0.005864086,0.5489717,0.034458674,0.7477056,0.003751671,0.077969596,0.004557675,0.42583668,0.01705895,null,null,null,null,"TWOGAUSSIANS",8,2.0919106,0.24416478,0.0044280323,0.4,0.0,0.5448843,0.034803282,0.7477056,0.003751671,0.4,0.0,0.42174923,0.015579565
375316653866487564,4124887523094726272,0.60218257,2412.67041964969,1.166875839897659,3.8677967E-6,17.950262,0.0036029732,0.2060688,0.030756716,0.064943045,0.020838214,0.10612011,0.026666392,0.6980612,0.001989062,0.059556354,0.003280503,0.39558715,0.0068891463,null,null,null,null,"TWOGAUSSIANS",8,1.8852036,0.6980612,0.001989062,0.33351558,0.018370816,0.39549214,0.0068945372,0.2060688,0.030756716,0.36368108,0.116693996,0.1060251,0.026622009
375316653866487564,4124887523145914496,0.5005403,2409.4938591788414,0.11596533773321621,8.3437066E-5,16.813011,0.0029389232,0.145754,9.04995E-4,0.0017971696,9.395737E-4,0.2083063,20.076622,0.8218401,0.0040889625,0.0055684377,0.0013567236,0.5572834,0.51420045,0.011265855,0.0036185845,0.145754,9.04995E-4,"TWOGAUSSIANS_WITH_ELLIPSOIDAL_ON_ECLIPSE1",9,22.73868,0.8218401,0.0040889625,0.03118325,0.007597652,0.5618036,0.51396567,0.145754,9.04995E-4,0.010064149,0.0052616126,0.23083799,20.076649
375316653866487564,4124887557447916928,0.57051337,2409.4964248087867,2.030127297861285,1.002382E-5,17.96026,0.0048864116,0.2738293,0.0034985063,0.08293249,0.0049179113,0.28047392,0.01938572,0.77029955,0.0033804453,0.08243619,0.005341786,0.22923279,0.006284575,null,null,null,null,"TWOGAUSSIANS",8,4.429198,0.2738293,0.0034985063,0.4,0.0,0.27555618,0.020441003,0.77029955,0.0033804453,0.4,0.0,0.22431505,0.006131339
375316653866487564,4124888141563558016,0.44591007,2355.4024443744684,4.271580898509753,3.5917E-5,19.7679,0.060688056,0.24070005,0.02440548,0.10964389,0.051482785,0.18655896,0.053232532,0.74614567,0.009558753,0.08718207,0.02491629,0.27948293,0.053783983,null,null,null,null,"TWOGAUSSIANS",8,3.3086264,0.74614567,0.009565765,0.4,0.0,0.26323912,0.033241894,0.24070005,0.02440548,0.4,0.0,0.17030354,0.023253128
375316653866487564,4124888343448840960,0.51582724,2438.7609137621535,2.956380032559191,2.0248823E-5,19.567904,0.013994128,0.19932912,0.0019448175,0.07641937,0.0072552185,0.34477922,0.016955713,0.6816632,0.0052217776,0.093524694,0.00982787,0.40933728,0.09223529,null,null,null,null,"TWOGAUSSIANS",8,1.2412165,0.6816632,0.0052217776,0.4,0.0,0.4020504,0.09473235,0.19932912,0.0019448175,0.4,0.0,0.33749312,0.0191859
375316653866487564,4124888515247518848,0.483299,2388.926505866179,2.2176571797073588,3.512963E-5,18.898964,0.004093662,0.21124706,0.0049510133,0.025540695,0.017112825,0.039947882,0.03442449,null,null,null,null,null,null,0.081430286,0.005153016,0.21124706,0.0049510133,"ONEGAUSSIAN_WITH_ELLIPSOIDAL",6,3.078719,0.21124706,0.0049510133,0.14302789,0.09583182,0.20280816,0.031984374,null,null,null,null,null,null
375316653866487564,4124888657034246016,0.5320011,2466.679384687306,3.7275586642729333,2.0619142E-5,19.846651,0.033943288,0.28371423,0.015235361,0.056371674,0.015274874,0.747833,0.85652107,0.78132427,0.005801647,0.07718507,0.011071994,0.6403832,0.045919225,null,null,null,null,"TWOGAUSSIANS",8,3.6365519,0.28371423,0.015235361,0.31568137,0.085539296,0.74669236,0.85733694,0.78132427,0.005801647,0.4,0.011700532,0.6392425,0.04621938
375316653866487564,4124888760096536320,0.48745897,2432.3204133370637,3.047302266091587,3.694479E-5,19.829746,0.03169675,0.22799489,0.009955441,0.08822956,0.019163933,0.309446,0.03034193,0.7396769,0.00635268,0.08296648,0.011977931,0.3162911,0.036246628,null,null,null,null,"TWOGAUSSIANS",8,1.8906047,0.7396769,0.00635268,0.4,0.0,0.30911115,0.03293904,0.22799489,0.009955441,0.4,0.0,0.30226597,0.028954703
375316653866487564,4124888794398953728,0.5718612,2386.016260419154,3.188807445339414,1.2575549E-5,19.263908,0.008750855,0.26545876,0.0024354365,0.07067049,0.0031669715,0.37384683,0.012724754,0.7549747,0.0052995617,0.080933385,0.007050792,0.38238123,0.013854786,null,null,null,null,"TWOGAUSSIANS",8,1.7378272,0.7549747,0.0052995617,0.4,0.0,0.37977606,0.013676009,0.26545876,0.0024354365,0.39575475,0.013718625,0.37124163,0.01249584
375316653866487564,4124888858824111232,0.4475929,2393.013324724513,0.41195059541452034,5.5650456E-5,17.708254,0.0067548687,0.17173691,0.024603227,0.05997983,0.026752638,0.037653342,0.012711066,0.68393683,0.01650731,0.07961544,0.018457156,0.08250357,0.010850047,null,null,null,null,"TWOGAUSSIANS",8,3.7520366,0.68393683,0.01650731,0.4,0.006098611,0.08236477,0.010623158,0.17173691,0.024603227,0.33588704,0.12529895,0.03751454,0.012751728
375316653866487564,4124889206716324864,0.5724913,2423.662101169253,3.352765585388178,8.159208E-6,19.91574,0.0124480035,0.31792805,0.021265639,0.051431596,0.015946899,0.76963425,0.1921197,0.8133793,0.004254191,0.05617578,0.0049509457,0.5324204,0.029950177,null,null,null,null,"TWOGAUSSIANS",8,1.2126797,0.31792805,0.021265639,0.28801695,0.08930263,0.7696129,0.19226427,0.8133793,0.004254191,0.31458437,0.027725298,0.53239906,0.02994204
375316653866487564,4124889241076112768,0.4987942,2419.9620974224513,0.04001731889140086,2.4487726E-5,19.121088,0.0038684744,0.6877363,0.08071404,0.08611166,0.049240336,0.09025362,0.08238189,0.39157265,0.008829748,0.05498136,0.009319466,0.20398685,0.02550177,null,null,null,null,"TWOGAUSSIANS",8,1.5386317,0.39172265,0.008192076,0.3078956,0.052189007,0.20423032,0.026339596,0.6877363,0.080756545,0.4,0.057623282,0.09025277,0.08238352
375316653866487564,4124889722113836544,0.5038521,2406.199888830352,3.4109303026559803,2.5998084E-5,19.178772,0.015689002,0.29066074,0.009882207,0.08060467,0.010207745,0.29817778,0.018023185,0.7847551,0.008103215,0.09536781,0.011363274,0.27017686,0.020698436,null,null,null,null,"TWOGAUSSIANS",8,2.3050969,0.29066074,0.009882207,0.4,0.0,0.28915218,0.016211601,0.7847551,0.008103215,0.4,0.0,0.2611507,0.017535148
375316653866487564,4124889756473204224,0.522557,2409.7793741936625,3.569108161690061,1.2783474E-5,19.259396,0.0092285285,0.15466724,0.0032517698,0.018000038,0.0043171966,0.13765039,0.03404355,0.7059788,0.0052482947,0.04604579,0.013959271,0.064331785,0.021233058,0.13685334,0.011135697,0.7059788,0.0052482947,"TWOGAUSSIANS_WITH_ELLIPSOIDAL_ON_ECLIPSE2",9,3.8968892,0.15702723,0.002972432,0.100800216,0.0241763,0.3850925,0.029743068,0.7059788,0.0052482947,0.25785643,0.07817192,0.33803844,0.013511757
