Gaia/vari_eclipsing_binary/VariEclipsingBinary_228084-228169.csv
# %ECSV 1.0
# ---
# delimiter: ','
# meta: !!omap
# - RELEASE: Gaia DR3
# - TABLE: vari_eclipsing_binary
# - DESCRIPTION: >
#     This table describes the properties of the eclipsing binaries resulting from the variability analysis. 
# - CITATION: >
#     How to cite and acknowledge Gaia: 
#     https://gea.esac.esa.int/archive/documentation/credits.html 
# - KNOWN_ISSUES: >
#     Known issues: 
#     https://www.cosmos.esa.int/web/gaia-users/known-issues 
# - DOCUMENTATION: >
#     Tutorials and documentation: 
#     https://www.cosmos.esa.int/web/gaia-users/archive 
# datatype:
# - 
#   name: solution_id
#   datatype: int64
#   description: Solution Identifier
#   meta:
#     ucd: meta.version
# - 
#   name: source_id
#   datatype: int64
#   description: Unique source identifier
#   meta:
#     ucd: meta.id;meta.main
# - 
#   name: global_ranking
#   datatype: float32
#   description: Number between 0 (worst) and 1 (best)
#   meta:
#     ucd: stat.param
# - 
#   name: reference_time
#   datatype: float64
#   unit: d
#   description: Reference time used for the geometric model fit
#   meta:
#     ucd: time.epoch
# - 
#   name: frequency
#   datatype: float64
#   unit: d**-1
#   description: Frequency of geometric model of the eclipsing binary light curve
#   meta:
#     ucd: src.orbital
# - 
#   name: frequency_error
#   datatype: float32
#   unit: d**-1
#   description: "Uncertainty of \\texttt{frequency}"
#   meta:
#     ucd: stat.error
# - 
#   name: geom_model_reference_level
#   datatype: float32
#   unit: mag
#   description: Magnitude reference level of geometric model
#   meta:
#     ucd: phot.mag;em.opt
# - 
#   name: geom_model_reference_level_error
#   datatype: float32
#   unit: mag
#   description: "Uncertainty of \\texttt{geomModelReferenceLevel}"
#   meta:
#     ucd: stat.error;phot.mag;em.opt
# - 
#   name: geom_model_gaussian1_phase
#   datatype: float32
#   description: Phase of the Gaussian 1 component
#   meta:
#     ucd: time.phase
# - 
#   name: geom_model_gaussian1_phase_error
#   datatype: float32
#   description: "Uncertainty of \\texttt{geomModelGaussian1Phase}"
#   meta:
#     ucd: stat.error;time.phase
# - 
#   name: geom_model_gaussian1_sigma
#   datatype: float32
#   description: "Standard deviation [phase] of Gaussian 1 component"
#   meta:
#     ucd: stat.stdev
# - 
#   name: geom_model_gaussian1_sigma_error
#   datatype: float32
#   description: "Uncertainty of \\texttt{geomModelGaussian1Sigma}"
#   meta:
#     ucd: stat.error
# - 
#   name: geom_model_gaussian1_depth
#   datatype: float32
#   unit: mag
#   description: Magnitude depth of Gaussian 1 component
#   meta:
#     ucd: src.var.amplitude
# - 
#   name: geom_model_gaussian1_depth_error
#   datatype: float32
#   unit: mag
#   description: "Uncertainty of \\texttt{geomModelGaussian1Depth}"
#   meta:
#     ucd: stat.error;src.var.amplitude
# - 
#   name: geom_model_gaussian2_phase
#   datatype: float32
#   description: Phase of Gaussian 2 component
#   meta:
#     ucd: time.phase
# - 
#   name: geom_model_gaussian2_phase_error
#   datatype: float32
#   description: "Uncertainty of \\texttt{geomModelGaussian2Phase}"
#   meta:
#     ucd: stat.error;time.phase
# - 
#   name: geom_model_gaussian2_sigma
#   datatype: float32
[...]
#   datatype: float32
#   description: "Secondary eclipse: uncertainty of \\texttt{derivedSecondaryEclDuration}"
#   meta:
#     ucd: stat.error;time.duration
# - 
#   name: derived_secondary_ecl_depth
#   datatype: float32
#   unit: mag
#   description: "Secondary eclipse: depth"
#   meta:
#     ucd: src.var.amplitude
# - 
#   name: derived_secondary_ecl_depth_error
#   datatype: float32
#   unit: mag
#   description: "Secondary eclipse: uncertainty of \\texttt{derivedSecondaryEclDepth}"
#   meta:
#     ucd: stat.error;src.var.amplitude
solution_id,source_id,global_ranking,reference_time,frequency,frequency_error,geom_model_reference_level,geom_model_reference_level_error,geom_model_gaussian1_phase,geom_model_gaussian1_phase_error,geom_model_gaussian1_sigma,geom_model_gaussian1_sigma_error,geom_model_gaussian1_depth,geom_model_gaussian1_depth_error,geom_model_gaussian2_phase,geom_model_gaussian2_phase_error,geom_model_gaussian2_sigma,geom_model_gaussian2_sigma_error,geom_model_gaussian2_depth,geom_model_gaussian2_depth_error,geom_model_cosine_half_period_amplitude,geom_model_cosine_half_period_amplitude_error,geom_model_cosine_half_period_phase,geom_model_cosine_half_period_phase_error,model_type,num_model_parameters,reduced_chi2,derived_primary_ecl_phase,derived_primary_ecl_phase_error,derived_primary_ecl_duration,derived_primary_ecl_duration_error,derived_primary_ecl_depth,derived_primary_ecl_depth_error,derived_secondary_ecl_phase,derived_secondary_ecl_phase_error,derived_secondary_ecl_duration,derived_secondary_ecl_duration_error,derived_secondary_ecl_depth,derived_secondary_ecl_depth_error
[from data line 471]
375316653866487564,2006631471149892352,0.444984,2275.2560859251485,0.5965736967613245,4.282882E-5,17.935274,0.0063869376,0.11488857,0.029071398,0.033913027,0.024175154,0.063101165,0.19653566,0.7961464,0.014703661,0.004621505,0.005070403,0.3005877,1.0319469,null,null,null,null,"TWOGAUSSIANS",8,3.5851629,0.7961464,0.014703661,0.025880426,0.028394258,0.3005877,1.0319469,0.11488857,0.029071398,0.18991296,0.13538086,0.063101165,0.19653566
375316653866487564,2006635143330243072,0.5152511,2140.802100507312,0.8218757374206052,9.887559E-6,16.236208,9.966292E-4,0.25153947,0.0032439458,0.033632837,0.0051184692,0.07990032,0.016120171,null,null,null,null,null,null,0.008613209,0.0012636959,0.25153947,0.0032439458,"ONEGAUSSIAN_WITH_ELLIPSOIDAL",6,3.7209172,0.25153947,0.0032439458,0.18834388,0.028663429,0.09712674,0.01650412,null,null,null,null,null,null
375316653866487564,2006635319439113088,0.5891648,2120.799822317432,0.14096354854569343,6.0793095E-6,15.138833,6.3989183E-4,0.14774843,0.0018100567,0.0067012054,0.002116563,0.21531746,0.08660684,null,null,null,null,null,null,null,null,null,null,"ONEGAUSSIAN",5,6.9446015,0.14774843,0.0018100567,0.03752675,0.011852753,0.21531746,0.0,null,null,null,null,null,null
375316653866487564,2006635521287374848,0.5557578,2152.889502226802,3.242229653235316,6.3598172E-6,19.326584,0.010739913,0.20504417,0.004514115,0.072383784,0.005734828,0.4972506,0.04008078,0.7095729,0.002803487,0.071799584,0.003542521,0.4018601,0.021882366,null,null,null,null,"TWOGAUSSIANS",8,1.7032304,0.20504417,0.004514115,0.4,0.008367415,0.49528953,0.040757056,0.7095729,0.002803487,0.4,0.009609606,0.39989904,0.021753373
375316653866487564,2006637411073030528,0.5714464,2150.6075559116193,0.8108290311164361,6.351882E-6,18.470587,0.003400742,0.31868145,0.03005453,0.012319498,0.006701202,1.0245105,1.5429386,0.8199499,0.0016052392,0.019487055,9.966462E-4,0.67996323,0.037356637,null,null,null,null,"TWOGAUSSIANS",8,5.0085564,0.31868145,0.03005453,0.06898919,0.03752673,1.0245105,1.5429386,0.8199499,0.0016052392,0.109127514,0.005581219,0.67996323,0.037356637
375316653866487564,2006637720310700416,0.45800573,2166.6262751821846,2.341894281847818,1.3836467E-5,19.17858,0.009494069,0.18285033,0.010791359,0.039744113,0.018786427,0.16980952,0.023170507,0.7005815,0.006257266,0.06917858,0.008617525,0.20868696,0.022968639,null,null,null,null,"TWOGAUSSIANS",8,3.8744974,0.7005815,0.006257266,0.38740003,0.04501591,0.20868233,0.022964662,0.18285033,0.010791359,0.22256702,0.10520399,0.16980489,0.023231627
375316653866487564,2006638205657369344,0.47300074,2158.775373646301,0.787168367645822,2.3063789E-5,16.339087,0.006438078,0.16731708,0.0026486276,0.028877754,0.002172949,0.4871068,0.025413936,null,null,null,null,null,null,null,null,null,null,"ONEGAUSSIAN",5,59.02467,0.16731708,0.0026486276,0.16171542,0.012168514,0.4871068,0.0,null,null,null,null,null,null
375316653866487564,2006638407505484800,0.53853834,2152.497693199142,0.08231094823327098,3.2558771E-6,18.404686,0.0021147036,0.23017396,7.4362615E-4,0.0054834806,0.001271384,0.22874053,0.023823842,0.7441339,0.013785974,0.010563286,0.0059630084,0.5699425,3.5550747,null,null,null,null,"TWOGAUSSIANS",8,1.9788152,0.7441339,0.013785974,0.059154402,0.033392847,0.5699425,3.5550747,0.23017396,7.4362615E-4,0.030707492,0.00711975,0.22874053,0.023823842
375316653866487564,2006639025980838016,0.61608016,2168.808579025625,4.134754178550428,2.2805646E-6,18.915943,0.012985602,0.26195288,0.0025343234,0.047715165,0.0051653483,0.5079187,0.030185124,0.76797605,0.0014143031,0.049293395,0.0027519704,0.60458434,0.027936332,0.11339493,0.01877807,0.26195288,0.0025343234,"TWOGAUSSIANS_WITH_ELLIPSOIDAL_ON_ECLIPSE1",9,2.4211245,0.76797605,0.0014143031,0.27604303,0.015411035,0.8310464,0.015667848,0.26195288,0.0025343234,0.26720494,0.02892595,0.73470545,0.028589673
375316653866487564,2006639339532725248,0.45757776,2158.198877118586,2.539380776732884,4.1023635E-5,18.454323,0.010239064,0.23170649,0.008169149,0.08111711,0.010950043,0.10878985,0.013782704,0.7462588,0.010544097,0.08768053,0.015856685,0.1319703,0.010539211,null,null,null,null,"TWOGAUSSIANS",8,5.9143186,0.7462588,0.010544097,0.4,0.0,0.12966362,0.008616693,0.23170649,0.008169149,0.4,0.0,0.106483206,0.012506308
375316653866487564,2006639614406488704,0.58961207,2140.0627371373944,1.7841107062664614,4.893716E-6,14.349571,0.0129040945,0.27679697,0.0026550991,0.058967955,0.0089207245,0.31471682,0.030278733,0.76797235,0.0011760601,0.052418116,0.0030350143,0.37029448,0.028762458,0.08443824,0.01765735,0.27679697,0.0026550991,"TWOGAUSSIANS_WITH_ELLIPSOIDAL_ON_ECLIPSE1",9,68.63473,0.76876235,9.728506E-4,0.29354146,0.01699608,0.5386567,0.010217469,0.27679697,0.0026550991,0.33022055,0.049956057,0.4835511,0.0128163695
375316653866487564,2006640439040195712,0.4758479,2143.620029330414,2.414979623226759,2.49672E-5,17.25817,0.0326157,0.2581917,0.008404946,0.10045183,0.016895562,0.30186787,0.03379448,0.75658154,0.007439216,0.090091184,0.0151643995,0.24932534,0.031538703,null,null,null,null,"TWOGAUSSIANS",8,67.0976,0.2581917,0.008404946,0.4,0.0,0.28464934,0.02780682,0.75658154,0.007439216,0.4,0.0,0.23210922,0.022823859
375316653866487564,2006643531416953344,0.59184855,2165.8936478386427,0.9574824315855818,5.232556E-6,14.901433,0.0884696,0.33107042,0.0029915362,0.1624389,0.021892542,0.35971317,0.08711914,0.8032142,0.0035203288,0.11965749,0.008432398,0.5398283,0.071723916,null,null,null,null,"TWOGAUSSIANS",8,42.094627,0.8032142,0.0035203288,0.4,0.0,0.4036111,0.008523671,0.33154044,0.002762381,0.4,0.0,0.21665658,0.006366976
375316653866487564,2006643836344529920,0.51697147,2156.459226769517,3.1274851332089297,7.2155353E-6,18.353153,0.013823684,0.2731672,0.004075903,0.074180014,0.0066608335,0.37339357,0.026005274,0.77717817,0.0044815307,0.078175925,0.0059508258,0.40313742,0.023898525,null,null,null,null,"TWOGAUSSIANS",8,9.642381,0.77717817,0.0044815307,0.4,0.0,0.39987326,0.023795746,0.2731672,0.004075903,0.4,0.011125984,0.3701294,0.026291119
375316653866487564,2006644523539071872,0.49735153,2168.080273154884,0.8874195458657451,2.1461205E-5,18.02569,0.0030278882,0.16201136,0.0017091887,0.011615944,0.0014431939,0.60103023,0.12185337,0.6583153,0.005826561,0.016428104,0.0038655384,0.15665686,0.015758557,null,null,null,null,"TWOGAUSSIANS",8,9.021652,0.16201136,0.0017091887,0.06504928,0.008081886,0.60103023,0.12185337,0.6583153,0.005826561,0.09199738,0.021647016,0.15665686,0.015758557
375316653866487564,2006644596554533504,0.5484898,2131.1714415244246,3.3091280641559675,1.0031796E-5,19.365488,0.007817913,0.3011543,0.0041156984,0.07554492,0.0038570953,0.44617382,0.017337551,0.8130075,0.0041599935,0.077679254,0.0037548696,0.38673183,0.017328747,null,null,null,null,"TWOGAUSSIANS",8,1.4705437,0.3011543,0.0041156984,0.4,0.0,0.44304305,0.017200585,0.8130075,0.0041599935,0.4,0.0,0.38360104,0.017547527
375316653866487564,2006644837072636160,0.48444462,2142.4049787574654,0.5578977488727078,2.2025995E-5,10.235466,0.0011126858,0.23123118,0.028564889,0.055308633,0.032100167,0.0156793,0.0048379,0.76620394,0.0053518927,0.020767592,0.043467727,0.0017488592,32.979877,0.021854207,0.0018013577,0.76620394,0.0053518927,"TWOGAUSSIANS_WITH_ELLIPSOIDAL_ON_ECLIPSE2",9,39.31537,0.24549118,0.021244124,0.30972835,0.15074472,0.058138832,0.004345792,0.76620394,0.0053518927,0.11629852,0.24341927,0.04545708,32.98043
375316653866487564,2006647001750754048,0.5816956,2185.9740349934823,2.5341648582131215,6.411373E-6,16.438513,0.049070902,0.17510056,0.0021526655,0.11748742,0.013562645,0.26103175,0.046810515,0.6753034,0.0019472638,0.13263623,0.017824627,0.25426936,0.04654656,null,null,null,null,"TWOGAUSSIANS",8,5.551278,0.17510056,0.0021864455,0.4,0.0,0.19193731,0.0051091034,0.6753034,0.001947534,0.4,0.0,0.18481849,0.003438575
375316653866487564,2006647100519820800,0.58339053,2164.38631102204,0.43142490386269366,5.170829E-6,18.431099,0.0020370027,0.24727365,0.003219124,0.01875634,0.0017859589,0.4885018,0.044612855,0.7771723,0.018186927,0.03872232,0.016691435,0.044334233,0.022925597,null,null,null,null,"TWOGAUSSIANS",8,1.4367744,0.24727365,0.003219124,0.1050355,0.01000137,0.4885018,0.044612855,0.7771723,0.018186927,0.216845,0.093472034,0.044334233,0.022925597
375316653866487564,2006647310992075904,0.50887346,2123.713673114517,0.5423856119134507,5.098548E-6,19.102577,0.0028990703,0.34867245,0.0179042,0.010563136,0.006797676,0.7232654,0.6207619,0.84847933,8.374308E-4,0.008695016,0.005885614,0.81622857,110.4286,null,null,null,null,"TWOGAUSSIANS",8,1.7663366,0.84847933,8.374308E-4,0.04869209,0.03295944,0.81622857,110.4286,0.34867245,0.0179042,0.059153564,0.038066987,0.7232654,0.6207619
375316653866487564,2006648646707840896,0.55374396,2163.5241871880626,2.6079443541032656,9.12289E-6,18.912111,0.015389888,0.25768477,0.0038565272,0.07584519,0.007200812,0.31547388,0.018800288,0.7603838,0.002757411,0.07949561,0.0052770446,0.31048903,0.016134312,null,null,null,null,"TWOGAUSSIANS",8,3.327198,0.25768477,0.0038565272,0.4,0.0,0.3121447,0.0177668,0.7603838,0.002757411,0.4,0.0,0.30715984,0.014473616
375316653866487564,2006650265925661696,0.4808661,2130.3387903075864,0.135426736984051,7.945991E-5,17.408688,0.0017040687,0.18393476,0.058531784,0.0324992,0.020185333,0.01022601,0.008000729,0.688361,0.011236168,0.03960916,0.004670776,0.38746923,0.13389903,null,null,null,null,"TWOGAUSSIANS",8,3.8336906,0.688361,0.011236168,0.2218113,0.026156345,0.38746923,0.13389903,0.18393476,0.058531784,0.18199553,0.11303786,0.01022601,0.008000729
375316653866487564,2006650399054836992,0.5144028,2150.9393526581143,0.38668444900352905,1.5193971E-5,18.719742,0.0033511948,0.24826512,2.7403422E-4,0.007569116,3.0784373E-4,0.6074319,0.040164504,0.74170345,0.0021129437,0.011584464,0.0021034963,0.5005883,0.8814198,null,null,null,null,"TWOGAUSSIANS",8,3.2324877,0.24826512,2.7403422E-4,0.04238705,0.0017239249,0.6074319,0.040164504,0.74170345,0.0021129437,0.064873,0.011779579,0.5005883,0.8814198
375316653866487564,2006650948810663680,0.4962099,2144.55545624737,3.0482852726980365,1.5320218E-5,18.581373,0.034349483,0.20120066,0.005670718,0.09749692,0.014100156,0.2543542,0.03410908,0.7089666,0.004945138,0.103109,0.016789325,0.27361304,0.026487255,null,null,null,null,"TWOGAUSSIANS",8,4.021483,0.7089666,0.004945138,0.4,0.0,0.2521666,0.014529212,0.20120066,0.0056734304,0.4,0.0,0.23291127,0.015278443
375316653866487564,2006651434143396992,0.54029405,2180.494236738027,3.422755315900007,7.453787E-6,19.747028,0.014054122,0.26057196,0.002451932,0.06892395,0.007192081,0.54662085,0.057307296,0.76386523,0.002044986,0.05792175,0.0025805517,0.7762834,0.039511595,null,null,null,null,"TWOGAUSSIANS",8,2.888164,0.76386523,0.002044986,0.3243618,0.01445109,0.7757969,0.039496895,0.26057196,0.002451932,0.3859741,0.03654266,0.54613435,0.057685543
375316653866487564,2006652086991974656,0.5084791,2159.6520399253586,2.305174732707084,4.541196E-5,19.58971,0.032475006,0.22588067,0.015813237,0.019188337,0.20788904,0.51111555,0.5138888,0.5138727,0.009594747,0.030791035,0.0069252015,0.6304835,0.30777794,null,null,null,null,"TWOGAUSSIANS",8,2.9988127,0.5138727,0.009594747,0.1724298,0.03878113,0.6304835,0.30798087,0.22588067,0.015813237,0.10745469,0.28691772,0.51111555,0.52308476
375316653866487564,2006652155711464192,0.44616947,2171.3991019568252,0.6566365634312923,1.7201022E-5,18.62409,0.009821533,0.3812524,0.0024138014,0.030871661,0.002391015,0.37043715,0.033440936,0.90647024,0.038792666,0.029465262,0.020842511,0.071939394,0.031124834,null,null,null,null,"TWOGAUSSIANS",8,16.708231,0.3812524,0.0024138014,0.1728813,0.013389684,0.37043715,0.033440936,0.90647024,0.038792666,0.16500548,0.11671806,0.071939394,0.031124834
375316653866487564,2006652804238315648,0.4900434,2119.9186260231395,1.461902570057433,4.8475373E-5,19.649818,0.005537845,0.20823126,0.0046075475,0.0034285593,0.0067675672,3.7246268,4.4241276,0.39865673,0.08350189,0.0526539,0.07288794,0.03697099,0.019291619,null,null,null,null,"TWOGAUSSIANS",8,2.1321816,0.20823126,0.0046075475,0.019199932,0.037898377,3.7246802,4.428574,0.39865673,0.08350189,0.29486185,0.23032957,0.03697099,0.019290848
375316653866487564,2006653010394185216,0.66911215,2159.302809445642,0.2185105242037491,1.705365E-5,12.594023,9.052536E-4,0.17365061,2.7529028E-4,0.014249103,3.08552E-4,0.26017252,0.0023961838,0.67649686,0.006969805,0.017567078,0.006129342,0.27986157,0.19977301,0.001889941,0.0016365333,0.17365061,2.7529028E-4,"TWOGAUSSIANS_WITH_ELLIPSOIDAL_ON_ECLIPSE1",9,30.975426,0.67649686,0.006969805,0.09837563,0.034324314,0.28364024,0.20170017,0.17365061,2.7529028E-4,0.07979498,0.0017278913,0.26395237,0.0019689898
375316653866487564,2006653186503097216,0.74350744,2165.9628992956937,0.3762576522675442,2.9050218E-6,15.268862,8.73197E-4,0.21287261,2.9994088E-4,0.026338771,3.6919728E-4,0.49607828,0.006602732,0.7128769,3.9483677E-4,0.02591923,3.503244E-4,0.496866,0.004657832,0.008172038,0.0016879162,0.21287261,2.9994088E-4,"TWOGAUSSIANS_WITH_ELLIPSOIDAL_ON_ECLIPSE1",9,4.1058517,0.7128769,3.9483677E-4,0.1451477,0.0019618168,0.51321006,0.003885947,0.21287261,2.9994088E-4,0.14749712,0.0020675047,0.5124223,0.006850944
375316653866487564,2006653594510069120,0.4230042,2157.7460435781018,2.7116311183700113,2.1519487E-5,18.469341,0.007819883,0.10967956,0.031301606,0.07091666,0.022964811,0.05465827,0.031375904,0.68759817,0.011740851,0.017952226,0.011826841,0.09667819,36311.434,0.06211215,0.01140173,0.68759817,0.011740851,"TWOGAUSSIANS_WITH_ELLIPSOIDAL_ON_ECLIPSE2",9,11.878892,0.68759817,0.011740851,0.100532465,0.06623031,0.2209011,36311.42,0.14882956,0.018406078,0.39713332,0.07371625,0.16392939,0.022763446
375316653866487564,2006654590942606848,0.50160706,2175.6934962944324,0.8741797009899372,3.845974E-5,17.842175,0.0033871047,0.70257545,0.012299942,0.031327337,0.014199291,0.38231328,3.3745258,0.9291953,0.023537133,0.026996441,0.027955448,0.024139274,0.011063166,null,null,null,null,"TWOGAUSSIANS",8,4.4656544,0.70257545,0.012299942,0.17543308,0.07951603,0.38231328,3.3745258,0.9291953,0.023537133,0.15118007,0.15655051,0.024139274,0.011063166
375316653866487564,2006657618909463168,0.65282714,2171.7299078733727,2.406286811374712,4.961734E-6,16.449627,0.0061768447,0.26355124,0.002860231,0.04977887,0.0036924828,0.25045532,0.014261217,0.75903845,0.0013156601,0.052151933,0.003312475,0.23815313,0.018742602,0.11498367,0.0073243906,0.75903845,0.0013156601,"TWOGAUSSIANS_WITH_ELLIPSOIDAL_ON_ECLIPSE2",9,8.149922,0.26286125,0.002379805,0.27876168,0.020677904,0.480263,0.012596138,0.75903845,0.0013156601,0.2920508,0.018549861,0.4681175,0.014844176
375316653866487564,2006659302536654464,0.44571018,2172.0546610162137,0.8347824498310046,5.5099885E-5,19.746294,0.013500446,0.14330378,0.01717696,0.050332796,0.028438825,0.13821137,0.053643946,0.6364022,0.005250755,0.040200014,0.004832902,0.2628398,0.018681485,null,null,null,null,"TWOGAUSSIANS",8,4.2257648,0.6364022,0.005250755,0.22512008,0.027064253,0.26283973,0.01868123,0.14330378,0.01717696,0.28186366,0.15925741,0.13821131,0.053644598
375316653866487564,2006659336896533632,0.47029004,2169.236486597825,1.017581489518774,2.8603026E-5,15.151928,0.0046792594,0.27257058,0.008898949,0.11088713,0.018382456,0.037395876,0.0044142692,0.760645,0.011253082,0.08782391,0.014181278,0.03824173,0.004588798,null,null,null,null,"TWOGAUSSIANS",8,11.631915,0.760645,0.011253082,0.4,0.0,0.035532128,0.0039077634,0.27257058,0.008898949,0.4,0.0,0.03468308,0.0030238526
