Gaia/vari_eclipsing_binary/VariEclipsingBinary_045788-046133.csv
# %ECSV 1.0
# ---
# delimiter: ','
# meta: !!omap
# - RELEASE: Gaia DR3
# - TABLE: vari_eclipsing_binary
# - DESCRIPTION: >
#     This table describes the properties of the eclipsing binaries resulting from the variability analysis. 
# - CITATION: >
#     How to cite and acknowledge Gaia: 
#     https://gea.esac.esa.int/archive/documentation/credits.html 
# - KNOWN_ISSUES: >
#     Known issues: 
#     https://www.cosmos.esa.int/web/gaia-users/known-issues 
# - DOCUMENTATION: >
#     Tutorials and documentation: 
#     https://www.cosmos.esa.int/web/gaia-users/archive 
# datatype:
# - 
#   name: solution_id
#   datatype: int64
#   description: Solution Identifier
#   meta:
#     ucd: meta.version
# - 
#   name: source_id
#   datatype: int64
#   description: Unique source identifier
#   meta:
#     ucd: meta.id;meta.main
# - 
#   name: global_ranking
#   datatype: float32
#   description: Number between 0 (worst) and 1 (best)
#   meta:
#     ucd: stat.param
# - 
#   name: reference_time
#   datatype: float64
#   unit: d
#   description: Reference time used for the geometric model fit
#   meta:
#     ucd: time.epoch
# - 
#   name: frequency
#   datatype: float64
#   unit: d**-1
#   description: Frequency of geometric model of the eclipsing binary light curve
#   meta:
#     ucd: src.orbital
# - 
#   name: frequency_error
#   datatype: float32
#   unit: d**-1
#   description: "Uncertainty of \\texttt{frequency}"
#   meta:
#     ucd: stat.error
# - 
#   name: geom_model_reference_level
#   datatype: float32
#   unit: mag
#   description: Magnitude reference level of geometric model
#   meta:
#     ucd: phot.mag;em.opt
# - 
#   name: geom_model_reference_level_error
#   datatype: float32
#   unit: mag
#   description: "Uncertainty of \\texttt{geomModelReferenceLevel}"
#   meta:
#     ucd: stat.error;phot.mag;em.opt
# - 
#   name: geom_model_gaussian1_phase
#   datatype: float32
#   description: Phase of the Gaussian 1 component
#   meta:
#     ucd: time.phase
# - 
#   name: geom_model_gaussian1_phase_error
#   datatype: float32
#   description: "Uncertainty of \\texttt{geomModelGaussian1Phase}"
#   meta:
#     ucd: stat.error;time.phase
# - 
#   name: geom_model_gaussian1_sigma
#   datatype: float32
#   description: "Standard deviation [phase] of Gaussian 1 component"
#   meta:
#     ucd: stat.stdev
# - 
#   name: geom_model_gaussian1_sigma_error
#   datatype: float32
#   description: "Uncertainty of \\texttt{geomModelGaussian1Sigma}"
#   meta:
#     ucd: stat.error
# - 
#   name: geom_model_gaussian1_depth
#   datatype: float32
#   unit: mag
#   description: Magnitude depth of Gaussian 1 component
#   meta:
#     ucd: src.var.amplitude
# - 
#   name: geom_model_gaussian1_depth_error
#   datatype: float32
#   unit: mag
#   description: "Uncertainty of \\texttt{geomModelGaussian1Depth}"
#   meta:
#     ucd: stat.error;src.var.amplitude
# - 
#   name: geom_model_gaussian2_phase
#   datatype: float32
#   description: Phase of Gaussian 2 component
#   meta:
#     ucd: time.phase
# - 
#   name: geom_model_gaussian2_phase_error
#   datatype: float32
#   description: "Uncertainty of \\texttt{geomModelGaussian2Phase}"
#   meta:
#     ucd: stat.error;time.phase
# - 
#   name: geom_model_gaussian2_sigma
#   datatype: float32
[...]
#   datatype: float32
#   description: "Secondary eclipse: uncertainty of \\texttt{derivedSecondaryEclDuration}"
#   meta:
#     ucd: stat.error;time.duration
# - 
#   name: derived_secondary_ecl_depth
#   datatype: float32
#   unit: mag
#   description: "Secondary eclipse: depth"
#   meta:
#     ucd: src.var.amplitude
# - 
#   name: derived_secondary_ecl_depth_error
#   datatype: float32
#   unit: mag
#   description: "Secondary eclipse: uncertainty of \\texttt{derivedSecondaryEclDepth}"
#   meta:
#     ucd: stat.error;src.var.amplitude
solution_id,source_id,global_ranking,reference_time,frequency,frequency_error,geom_model_reference_level,geom_model_reference_level_error,geom_model_gaussian1_phase,geom_model_gaussian1_phase_error,geom_model_gaussian1_sigma,geom_model_gaussian1_sigma_error,geom_model_gaussian1_depth,geom_model_gaussian1_depth_error,geom_model_gaussian2_phase,geom_model_gaussian2_phase_error,geom_model_gaussian2_sigma,geom_model_gaussian2_sigma_error,geom_model_gaussian2_depth,geom_model_gaussian2_depth_error,geom_model_cosine_half_period_amplitude,geom_model_cosine_half_period_amplitude_error,geom_model_cosine_half_period_phase,geom_model_cosine_half_period_phase_error,model_type,num_model_parameters,reduced_chi2,derived_primary_ecl_phase,derived_primary_ecl_phase_error,derived_primary_ecl_duration,derived_primary_ecl_duration_error,derived_primary_ecl_depth,derived_primary_ecl_depth_error,derived_secondary_ecl_phase,derived_secondary_ecl_phase_error,derived_secondary_ecl_duration,derived_secondary_ecl_duration_error,derived_secondary_ecl_depth,derived_secondary_ecl_depth_error
[from data line 465]
375316653866487564,404614236006378752,0.47008815,2247.961363746107,0.38482993119648345,4.3670454E-5,14.999513,0.008326307,0.849411,0.014500261,0.019522937,0.017746942,0.44946346,0.7210879,null,null,null,null,null,null,0.023192989,0.01360442,0.849411,0.014500261,"ONEGAUSSIAN_WITH_ELLIPSOIDAL",6,720.6845,0.849411,0.014500261,0.10932844,0.09938288,0.49584937,0.7366505,null,null,null,null,null,null
375316653866487564,404615816554099072,0.7063416,2174.762866521883,0.2928546201111532,3.8224666E-6,12.850385,0.0012313817,0.27566355,1.8582637E-4,0.013924743,1.8621252E-4,0.47128576,0.0042491234,0.7757486,0.004895927,0.014467282,0.0059739873,0.55062246,0.20563371,0.0018455321,0.0019522863,0.27566355,1.8582637E-4,"TWOGAUSSIANS_WITH_ELLIPSOIDAL_ON_ECLIPSE1",9,30.432026,0.7757486,0.004895927,0.08101678,0.03345433,0.55431354,0.20646729,0.27566355,1.8582637E-4,0.07797857,0.0010427901,0.47497684,0.0028991152
375316653866487564,404617156583906944,0.61603206,2175.9618287196963,0.7949391149731526,1.432656E-6,14.646038,0.0014980875,0.27871692,4.840261E-4,0.02503158,0.0017073585,0.5270808,0.060204778,0.7766349,0.0028288055,0.029397763,0.0030262012,0.09881301,0.0035474217,0.02315487,0.002445459,0.27871692,4.840261E-4,"TWOGAUSSIANS_WITH_ELLIPSOIDAL_ON_ECLIPSE1",9,20.77411,0.27871692,4.840261E-4,0.14017685,0.009561208,0.5733904,0.061183393,0.7766949,0.0027530596,0.16462748,0.016946726,0.145115,0.002667558
375316653866487564,404625471642032000,0.6959561,2286.779784141799,1.5753714537385008,1.739225E-6,13.5315485,0.0018716091,0.26540503,4.8027054E-4,0.045304533,7.603263E-4,0.36432806,0.0041310657,0.75863445,0.0049299016,0.041920397,0.004477132,0.049203366,0.0052529997,0.011474655,0.0024395955,0.26540503,4.8027054E-4,"TWOGAUSSIANS_WITH_ELLIPSOIDAL_ON_ECLIPSE1",9,27.854197,0.26540503,4.8027054E-4,0.25370538,0.004257827,0.38727725,0.0019520198,0.75904447,0.0047104675,0.23475423,0.02507194,0.07211359,0.0034680178
375316653866487564,404626468074220032,0.5127953,2257.922981096661,0.5564866509126287,1.54963E-5,12.17302,0.20244326,0.25524026,0.0036373269,0.14830334,0.17221479,0.05090956,0.19708113,0.7537987,0.004033222,0.13008672,0.08310949,0.049342413,0.15245752,null,null,null,null,"TWOGAUSSIANS",8,15.715278,0.25527024,0.0038663908,0.4,0.0,0.031209609,0.0011911448,0.7537987,0.004038415,0.4,0.0,0.02992783,0.0021091423
375316653866487564,404639902731902208,0.56783384,2299.1746133524125,0.5165567699558203,3.6097815E-6,16.094488,0.0067203254,0.32219356,0.058544703,0.01925701,0.04634444,0.48722097,0.4447577,0.8294429,7.760277E-4,0.01618549,0.0011038475,0.6342218,0.040680353,0.006720958,0.00907558,0.8294429,7.760277E-4,"TWOGAUSSIANS_WITH_ELLIPSOIDAL_ON_ECLIPSE2",9,57.473606,0.8294429,7.760277E-4,0.09063874,0.0061815465,0.6476637,0.04306378,0.32220358,0.0584162,0.107839264,0.25952885,0.500635,0.45857882
375316653866487564,404647530593785984,0.64256686,2270.416932608031,2.0533934863752243,6.412645E-6,15.195289,0.007428951,0.21605074,0.0018200192,0.054589495,0.0055174646,0.24815828,0.03235273,0.7153627,0.0030428532,0.04950502,0.0040162974,0.26823658,0.01684822,0.108705565,0.009023176,0.21605074,0.0018200192,"TWOGAUSSIANS_WITH_ELLIPSOIDAL_ON_ECLIPSE1",9,41.008007,0.71545273,0.0026972087,0.27722812,0.022491265,0.48563653,0.011587761,0.21605074,0.0018200192,0.30570117,0.0308978,0.46556175,0.037964057
375316653866487564,404663988905484672,0.55209243,2269.2036839084562,3.374226141274451,8.050961E-6,18.418415,0.008321643,0.26861683,0.0028818676,0.084005125,0.00567085,0.3006434,0.01741712,0.77105474,0.0042352793,0.08288212,0.0035230895,0.31296027,0.014822543,null,null,null,null,"TWOGAUSSIANS",8,3.1361759,0.77105474,0.0042352793,0.4,0.0,0.30636087,0.013349917,0.26861683,0.0028818676,0.4,0.0,0.29404402,0.018512323
375316653866487564,404667802839560704,0.64103794,2264.786089726657,0.7399609424662792,1.9079996E-5,14.428847,8.954909E-4,0.18263847,0.0010770204,0.011112879,0.0014085905,6.455078,10.086534,null,null,null,null,null,null,0.0043879566,0.001527837,0.18263847,0.0010770204,"ONEGAUSSIAN_WITH_ELLIPSOIDAL",6,20.945923,0.18263847,0.0010770204,0.062232126,0.007888107,6.463854,10.08658,null,null,null,null,null,null
375316653866487564,404671891648392064,0.4643646,2287.215542107851,0.24147046346645226,3.933322E-6,16.781944,0.0036036507,0.14911574,0.001402251,0.014266782,0.0011376538,0.30601913,0.033822466,0.57218665,0.011658288,0.033565696,0.007097262,0.055950504,0.0066903173,null,null,null,null,"TWOGAUSSIANS",8,14.748042,0.14911574,0.001402251,0.079893984,0.006370861,0.30601913,0.033822466,0.57218665,0.011658288,0.18796791,0.039744668,0.055950504,0.0066903173
375316653866487564,404674189452053888,0.5062458,2282.984959979612,3.9121026236344085,2.1176409E-5,18.884693,0.008900636,0.1833408,0.0055523803,0.083986595,0.007296994,0.16392827,0.010688593,0.6855243,0.007288935,0.092727415,0.009414788,0.188259,0.012293515,null,null,null,null,"TWOGAUSSIANS",8,1.4414243,0.6855243,0.007288935,0.4,0.0,0.18204956,0.011155193,0.1833408,0.0055523803,0.4,0.0,0.157719,0.008998317
375316653866487564,404677183048116352,0.5430524,2285.179677849319,3.5435114882981185,1.1383378E-5,15.869601,0.003849155,0.18968412,0.003314692,0.085656166,0.0054014996,0.11184737,0.004996454,0.70321226,0.0047036014,0.08637427,0.0054934374,0.09893503,0.0052673635,null,null,null,null,"TWOGAUSSIANS",8,7.989454,0.18968412,0.003314692,0.4,0.0,0.109404944,0.0046729227,0.70321226,0.0047036014,0.4,0.0,0.096492596,0.004550223
375316653866487564,404680511643107840,0.45488846,2267.5628690861854,0.02649620889378396,1.991637E-5,19.21061,0.0069048507,0.32951313,0.0031379426,0.024546497,0.004423913,0.25907925,0.046621017,0.66848963,0.0096177785,0.10298799,0.015888462,0.22497158,0.04223156,null,null,null,null,"TWOGAUSSIANS",8,3.613236,0.32958314,0.0031135136,0.13746038,0.024773913,0.26007628,0.0467365,0.66848963,0.0096177785,0.4,0.0,0.22496815,0.042234685
375316653866487564,404682092192252032,0.4645944,2282.8757926045178,3.0915021103902327,2.8770997E-5,18.905857,0.0034761648,null,null,null,null,null,null,null,null,null,null,null,null,0.05146532,0.0050717606,0.1920601,0.0072242194,"ELLIPSOIDAL",4,2.3614616,null,null,null,null,null,null,null,null,null,null,null,null
375316653866487564,404684776550263808,0.69263905,2278.663259386862,1.44530399139975,1.804866E-6,14.463886,0.0043320907,0.2537809,0.0012606882,0.059234597,0.002387753,0.15983249,0.010256292,0.7504342,6.516481E-4,0.04870935,0.0019707326,0.21292311,0.009922793,0.10162058,0.006454351,0.7504342,6.516481E-4,"TWOGAUSSIANS_WITH_ELLIPSOIDAL_ON_ECLIPSE2",9,21.393797,0.7504342,6.516481E-4,0.27277237,0.011036103,0.4161458,0.0052768667,0.2529109,8.916166E-4,0.33171374,0.013371417,0.36298874,0.0038812784
375316653866487564,404687113012466816,0.52638906,2258.983226023758,2.3580265042132598,1.1417714E-5,17.389002,0.26469946,0.30175897,0.004553968,0.13091259,0.042599827,0.27675077,0.24551225,0.8110407,0.00674845,0.13822882,0.056271657,0.27612633,0.256857,null,null,null,null,"TWOGAUSSIANS",8,6.493547,0.30145898,0.0045280806,0.4,0.0,0.1853389,0.010828888,0.8112407,0.006173995,0.4,0.0,0.18428534,0.007910983
375316653866487564,404688276943894400,0.5382617,2241.27573824648,2.8073212547241746,1.6220827E-5,18.869257,0.01589742,0.17796233,0.0029057006,0.08521867,0.0054506203,0.35726616,0.015251287,0.678055,0.009538355,0.08738588,0.012933164,0.33728114,0.03816002,null,null,null,null,"TWOGAUSSIANS",8,3.4515924,0.17796233,0.0029057006,0.4,0.0,0.34683254,0.009956651,0.678055,0.009538355,0.4,0.0,0.3268475,0.041159622
375316653866487564,404690205388904704,0.6333345,2258.1835296844943,3.133363284522656,8.790113E-6,16.226528,0.008790819,0.27917716,0.0015226199,0.05684451,0.0034388502,0.32179877,0.02233512,0.7750318,0.002204639,0.0453947,0.0045285495,0.35248587,0.019521646,0.113983266,0.010666825,0.27917716,0.0015226199,"TWOGAUSSIANS_WITH_ELLIPSOIDAL_ON_ECLIPSE1",9,22.559782,0.7754218,0.0020524708,0.25421032,0.025359878,0.58029217,0.031297505,0.27917716,0.0015226199,0.31832924,0.01925756,0.54974496,0.01473074
375316653866487564,404690475967195776,0.507989,2245.2242037687256,3.5240776025942755,7.841628E-6,18.692661,0.025220217,0.28762338,0.006070511,0.08853975,0.008746598,0.29828545,0.028781645,0.78615546,0.0027072805,0.09031682,0.009036373,0.30858186,0.025419826,null,null,null,null,"TWOGAUSSIANS",8,6.4974074,0.78615546,0.0027072805,0.4,0.0,0.29666615,0.019752039,0.28762338,0.006070511,0.4,0.0,0.2863698,0.023177424
375316653866487564,404694221180050944,0.49789622,2318.2029395979794,0.18750981036205136,4.926283E-4,18.995424,0.0030257849,0.33880138,1.8706893E-4,0.009614734,1.9060825E-4,0.34745115,0.0043558395,0.79891723,0.08121594,0.06840471,0.051852588,0.039100837,0.2061203,null,null,null,null,"TWOGAUSSIANS",8,1.3391994,0.33880138,1.8706893E-4,0.05384251,0.0010674061,0.34745115,0.0043558395,0.79891723,0.08121594,0.3830664,0.2894706,0.039100837,0.2061203
375316653866487564,404702811115927552,0.54209805,2315.4864054790755,4.105341799525814,9.707787E-6,19.806974,0.018824503,0.17798428,0.0030267073,0.081976645,0.004782229,0.48203403,0.023823831,0.69281304,0.0073310216,0.08555657,0.007913909,0.4183415,0.02719155,null,null,null,null,"TWOGAUSSIANS",8,0.97650754,0.17798428,0.0030267073,0.4,0.0,0.47405794,0.021360325,0.69281304,0.0073310216,0.4,0.0,0.41036537,0.024445413
375316653866487564,404702815412690816,0.54846156,2294.1216553209283,0.46102084098188556,2.265467E-5,17.39404,0.0011479186,0.14952268,0.0019219293,0.015120431,0.0021862274,0.011825693,0.0011698356,0.8355184,0.0018427684,0.031177828,0.002190511,0.18612641,0.004972712,null,null,null,null,"TWOGAUSSIANS",8,1.650546,0.8355184,0.0018427684,0.17459585,0.012266861,0.18612641,0.004972712,0.14952268,0.0019219293,0.08467441,0.012242873,0.011825693,0.0011698356
375316653866487564,404711199188822400,0.5393812,2217.7897511627993,3.946812628232744,6.4418164E-5,11.677122,0.003930065,0.42325664,0.056544457,0.07744893,0.06750274,0.014078787,0.0046476466,0.7534721,0.0037110813,0.015080058,0.0014943541,0.6420692,0.14332488,null,null,null,null,"TWOGAUSSIANS",8,56.351856,0.7534721,0.0037110813,0.08444833,0.008368383,0.6420708,0.1436586,0.42325664,0.056544457,0.4,0.07649407,0.014078787,0.004646099
375316653866487564,404714733945299840,0.56047857,2145.284932329682,1.3609148017395525,1.0023859E-6,16.965199,0.0022991505,0.14338523,8.335102E-5,0.004799858,5.5475484E-5,0.6312941,0.007832882,0.48123863,0.08746525,0.0760864,0.0955598,0.009163348,0.020828487,null,null,null,null,"TWOGAUSSIANS",8,11.891412,0.14338523,8.335102E-5,0.026879206,3.106627E-4,0.63129455,0.007832496,0.48123863,0.08746525,0.4,0.48700196,0.009163348,0.020828487
375316653866487564,404715013116217728,0.5805931,2204.2231496486925,0.29707216968132816,4.893969E-6,14.689915,6.990738E-4,0.3876255,7.0287747E-4,0.009800337,7.449465E-4,0.15067692,0.008415902,0.88734305,0.013698406,0.007731156,0.008286564,0.06618161,0.30295962,null,null,null,null,"TWOGAUSSIANS",8,13.501117,0.3876255,7.0287747E-4,0.05488189,0.0041717,0.15067692,0.008415902,0.88734305,0.013698406,0.04329447,0.046404757,0.06618161,0.30295962
375316653866487564,404715867816708096,0.43544316,2137.1618529161756,0.15549147471461447,4.6346635E-5,19.005644,0.0072160107,0.23087624,0.02729829,0.080793686,0.025012843,0.105364986,0.013961199,0.73787093,0.018417291,0.010445739,0.01298081,0.11864197,0.32222,null,null,null,null,"TWOGAUSSIANS",8,4.6574726,0.73787093,0.018417291,0.05849614,0.072692536,0.11864194,0.32221988,0.23087624,0.02729829,0.4,0.04632227,0.105364956,0.013960898
375316653866487564,404716215710223360,0.5722346,2163.149300205921,1.2570378191448937,1.3167754E-5,16.439882,0.004365816,0.19693273,0.028681519,0.037145052,0.03562263,0.053615104,1.90679265E10,0.7046166,0.0012544785,0.04109964,0.0025517505,0.2506436,0.0099421255,0.010241403,0.006304613,0.19693273,0.028681519,"TWOGAUSSIANS_WITH_ELLIPSOIDAL_ON_ECLIPSE1",9,12.359981,0.7046166,0.0012162658,0.230158,0.014289804,0.2710787,0.0054486804,0.19693273,0.028681519,0.20801228,0.19948673,0.07409791,1.90679265E10
375316653866487564,404716387508911872,0.48615965,2151.336945067616,2.8201606537403694,2.5811847E-5,13.172157,0.015498842,0.2175185,0.006513938,0.082764216,0.0065982407,0.38804978,0.02398534,0.7214248,0.0074926456,0.08634421,0.010082586,0.34466136,0.022609852,null,null,null,null,"TWOGAUSSIANS",8,3545.9595,0.2175185,0.006513938,0.4,0.0,0.37943414,0.022218533,0.7214248,0.0074926456,0.4,0.0,0.33604565,0.022134028
375316653866487564,404721575829728256,0.5768761,2153.1500472490393,3.045133983478193,1.1043686E-5,16.957819,0.01071232,0.26837403,0.0057227532,0.05992036,0.009185724,0.14757451,0.023040378,0.7537686,0.0034576647,0.035446193,0.0046150032,0.5247452,0.023310248,0.015525881,0.013145908,0.26837403,0.0057227532,"TWOGAUSSIANS_WITH_ELLIPSOIDAL_ON_ECLIPSE1",9,22.282938,0.7538486,0.003434118,0.19849868,0.025844019,0.5555137,0.016732708,0.26837403,0.0057227532,0.33555403,0.051440053,0.17860222,0.012345687
375316653866487564,404733773536754432,0.477961,2153.8880615174944,0.9153477528744193,7.807006E-6,13.6601715,0.0017430459,0.27691922,0.004925934,0.06926059,0.01692986,0.0252918,0.009748449,0.7926572,0.0043640938,0.033773955,0.004112181,0.038768712,0.006001644,0.009882916,0.0025437076,0.27691922,0.004925934,"TWOGAUSSIANS_WITH_ELLIPSOIDAL_ON_ECLIPSE1",9,37.223225,0.7926572,0.0043640938,0.18913414,0.023028214,0.058305506,0.004202146,0.27691922,0.004925934,0.3878593,0.050585493,0.045021236,0.00828485
375316653866487564,404742191672544896,0.5233578,2168.0631383413493,3.4222266816467455,7.610482E-6,17.627132,0.4545378,0.3139708,0.005249841,0.16639835,0.096536204,0.33027053,0.44668195,0.81050724,0.0039377036,0.13666753,0.04691169,0.32314986,0.3793471,null,null,null,null,"TWOGAUSSIANS",8,4.6764007,0.3141308,0.00514577,0.4,0.0,0.16761866,0.008702996,0.81050724,0.0039377036,0.4,0.0,0.16693774,0.0056111403
375316653866487564,404742672707612032,0.5279457,2105.4323648371123,3.836019303226666,1.0139568E-5,19.520504,0.013949523,0.16789895,0.0039861216,0.09200849,0.007410833,0.30892637,0.012949332,0.67570484,0.0051119425,0.07582407,0.006876152,0.34118915,0.025713965,null,null,null,null,"TWOGAUSSIANS",8,1.3578328,0.67570484,0.0051119425,0.4,0.0,0.3345839,0.02577462,0.16789895,0.0039861216,0.4,0.0,0.30232087,0.011274038
375316653866487564,404749269778683904,0.57083637,2134.4197733056353,0.10518758973015963,5.2369516E-5,15.285881,0.0015232534,0.1807709,5.5808723E-6,0.0054527596,6.630928E-5,0.29133165,0.0030186654,0.3814799,0.020095222,0.005133774,0.017532445,0.014230502,0.012350445,0.005325984,0.0022551592,0.1807709,5.5808723E-6,"TWOGAUSSIANS_WITH_ELLIPSOIDAL_ON_ECLIPSE1",9,23.405907,0.1807709,5.5808723E-6,0.030535454,3.7133196E-4,0.3019836,0.0022410718,0.3814799,0.020095222,0.028749134,0.098181695,0.0152199445,0.012363837
375316653866487564,404752568313556608,0.5638192,2131.7910792735897,3.522862222171611,6.214967E-6,19.35544,0.010007436,0.23489423,0.0017790919,0.066926084,0.0031053377,0.50578743,0.015565834,0.73934215,0.0033567122,0.06593461,0.0038637263,0.4354045,0.020824162,null,null,null,null,"TWOGAUSSIANS",8,2.0943067,0.23489423,0.0017790919,0.37478608,0.017389892,0.50509197,0.015592449,0.73934215,0.0033567122,0.36923382,0.021636866,0.434709,0.020858033
375316653866487564,404753526089227776,0.46200755,2138.552880074143,3.2339858316456316,2.4490615E-5,18.240898,0.090046026,0.2814395,0.0077008195,0.11346025,0.02670824,0.33352917,0.0832205,0.7838949,0.0073901024,0.11599982,0.02661134,0.35289532,0.083522156,null,null,null,null,"TWOGAUSSIANS",8,19.45908,0.7839049,0.0074162595,0.4,0.0,0.29051754,0.027328297,0.2814295,0.007712738,0.4,0.0,0.2711762,0.025294788
