Gaia/vari_eclipsing_binary/VariEclipsingBinary_470874-471029.csv
# %ECSV 1.0
# ---
# delimiter: ','
# meta: !!omap
# - RELEASE: Gaia DR3
# - TABLE: vari_eclipsing_binary
# - DESCRIPTION: >
#     This table describes the properties of the eclipsing binaries resulting from the variability analysis. 
# - CITATION: >
#     How to cite and acknowledge Gaia: 
#     https://gea.esac.esa.int/archive/documentation/credits.html 
# - KNOWN_ISSUES: >
#     Known issues: 
#     https://www.cosmos.esa.int/web/gaia-users/known-issues 
# - DOCUMENTATION: >
#     Tutorials and documentation: 
#     https://www.cosmos.esa.int/web/gaia-users/archive 
# datatype:
# - 
#   name: solution_id
#   datatype: int64
#   description: Solution Identifier
#   meta:
#     ucd: meta.version
# - 
#   name: source_id
#   datatype: int64
#   description: Unique source identifier
#   meta:
#     ucd: meta.id;meta.main
# - 
#   name: global_ranking
#   datatype: float32
#   description: Number between 0 (worst) and 1 (best)
#   meta:
#     ucd: stat.param
# - 
#   name: reference_time
#   datatype: float64
#   unit: d
#   description: Reference time used for the geometric model fit
#   meta:
#     ucd: time.epoch
# - 
#   name: frequency
#   datatype: float64
#   unit: d**-1
#   description: Frequency of geometric model of the eclipsing binary light curve
#   meta:
#     ucd: src.orbital
# - 
#   name: frequency_error
#   datatype: float32
#   unit: d**-1
#   description: "Uncertainty of \\texttt{frequency}"
#   meta:
#     ucd: stat.error
# - 
#   name: geom_model_reference_level
#   datatype: float32
#   unit: mag
#   description: Magnitude reference level of geometric model
#   meta:
#     ucd: phot.mag;em.opt
# - 
#   name: geom_model_reference_level_error
#   datatype: float32
#   unit: mag
#   description: "Uncertainty of \\texttt{geomModelReferenceLevel}"
#   meta:
#     ucd: stat.error;phot.mag;em.opt
# - 
#   name: geom_model_gaussian1_phase
#   datatype: float32
#   description: Phase of the Gaussian 1 component
#   meta:
#     ucd: time.phase
# - 
#   name: geom_model_gaussian1_phase_error
#   datatype: float32
#   description: "Uncertainty of \\texttt{geomModelGaussian1Phase}"
#   meta:
#     ucd: stat.error;time.phase
# - 
#   name: geom_model_gaussian1_sigma
#   datatype: float32
#   description: "Standard deviation [phase] of Gaussian 1 component"
#   meta:
#     ucd: stat.stdev
# - 
#   name: geom_model_gaussian1_sigma_error
#   datatype: float32
#   description: "Uncertainty of \\texttt{geomModelGaussian1Sigma}"
#   meta:
#     ucd: stat.error
# - 
#   name: geom_model_gaussian1_depth
#   datatype: float32
#   unit: mag
#   description: Magnitude depth of Gaussian 1 component
#   meta:
#     ucd: src.var.amplitude
# - 
#   name: geom_model_gaussian1_depth_error
#   datatype: float32
#   unit: mag
#   description: "Uncertainty of \\texttt{geomModelGaussian1Depth}"
#   meta:
#     ucd: stat.error;src.var.amplitude
# - 
#   name: geom_model_gaussian2_phase
#   datatype: float32
#   description: Phase of Gaussian 2 component
#   meta:
#     ucd: time.phase
# - 
#   name: geom_model_gaussian2_phase_error
#   datatype: float32
#   description: "Uncertainty of \\texttt{geomModelGaussian2Phase}"
#   meta:
#     ucd: stat.error;time.phase
# - 
#   name: geom_model_gaussian2_sigma
#   datatype: float32
[...]
#   datatype: float32
#   description: "Secondary eclipse: uncertainty of \\texttt{derivedSecondaryEclDuration}"
#   meta:
#     ucd: stat.error;time.duration
# - 
#   name: derived_secondary_ecl_depth
#   datatype: float32
#   unit: mag
#   description: "Secondary eclipse: depth"
#   meta:
#     ucd: src.var.amplitude
# - 
#   name: derived_secondary_ecl_depth_error
#   datatype: float32
#   unit: mag
#   description: "Secondary eclipse: uncertainty of \\texttt{derivedSecondaryEclDepth}"
#   meta:
#     ucd: stat.error;src.var.amplitude
solution_id,source_id,global_ranking,reference_time,frequency,frequency_error,geom_model_reference_level,geom_model_reference_level_error,geom_model_gaussian1_phase,geom_model_gaussian1_phase_error,geom_model_gaussian1_sigma,geom_model_gaussian1_sigma_error,geom_model_gaussian1_depth,geom_model_gaussian1_depth_error,geom_model_gaussian2_phase,geom_model_gaussian2_phase_error,geom_model_gaussian2_sigma,geom_model_gaussian2_sigma_error,geom_model_gaussian2_depth,geom_model_gaussian2_depth_error,geom_model_cosine_half_period_amplitude,geom_model_cosine_half_period_amplitude_error,geom_model_cosine_half_period_phase,geom_model_cosine_half_period_phase_error,model_type,num_model_parameters,reduced_chi2,derived_primary_ecl_phase,derived_primary_ecl_phase_error,derived_primary_ecl_duration,derived_primary_ecl_duration_error,derived_primary_ecl_depth,derived_primary_ecl_depth_error,derived_secondary_ecl_phase,derived_secondary_ecl_phase_error,derived_secondary_ecl_duration,derived_secondary_ecl_duration_error,derived_secondary_ecl_depth,derived_secondary_ecl_depth_error
[from data line 293]
375316653866487564,4142609692023003264,0.50448716,2234.708195447003,2.5178585390006987,1.5152536E-5,14.420654,0.004217736,0.28508636,0.14259392,0.04498388,0.07167421,0.03617271,408.17496,0.75325173,0.0039151297,0.02191926,0.018746976,0.024207143,0.00827552,0.058790628,0.007879129,0.75325173,0.0039151297,"TWOGAUSSIANS_WITH_ELLIPSOIDAL_ON_ECLIPSE2",9,217.1566,0.27406636,0.1494929,0.2519097,0.4013756,0.15068471,408.1327,0.75325173,0.0039151297,0.12274785,0.10498307,0.14178811,0.012663988
375316653866487564,4142613295501372160,0.5896755,2198.4879593783,2.5158356988282087,1.642313E-5,17.50783,0.015822649,0.24778812,0.0054477337,0.050899707,0.008858838,0.24065667,0.034990314,0.7599599,0.0034795466,0.071084194,0.0074485047,0.24709025,0.035732888,0.08969994,0.020615082,0.7599599,0.0034795466,"TWOGAUSSIANS_WITH_ELLIPSOIDAL_ON_ECLIPSE2",9,9.061175,0.7599599,0.0034795466,0.3980715,0.020492341,0.42600083,0.010184973,0.24939813,0.0047878055,0.28503838,0.049609497,0.418658,0.03402443
375316653866487564,4142617251165440768,0.5006225,2206.199979982436,2.963762302430054,1.37567E-5,17.67788,0.25063938,0.28729555,0.003247506,0.15017444,0.032205224,0.3305101,0.20069204,0.7856599,0.0037650825,0.20199807,0.07820014,0.35940093,0.24059889,null,null,null,null,"TWOGAUSSIANS",8,2.3988314,0.28795555,0.0032592916,0.4,0.0,0.11614677,0.0046788156,0.7856599,0.0037650825,0.4,0.0,0.1140375,0.0077956603
375316653866487564,4142618208944089216,0.5692732,2240.1025688165437,4.793146863740154,2.2156113E-5,18.748497,0.0042313198,0.33810997,0.024851928,0.1235109,0.020285517,0.02990076,0.0062317643,0.734358,0.006209744,0.01729836,0.002372651,0.6686194,0.718761,null,null,null,null,"TWOGAUSSIANS",8,0.7001516,0.734358,0.006209744,0.09687081,0.013286845,0.6687771,0.71875495,0.33810997,0.024851928,0.4,0.0,0.029884225,0.0061901836
375316653866487564,4142620652779815680,0.49942055,2237.7075496700204,1.2548358406652993,3.5467827E-5,18.94183,0.008325741,0.26598322,0.008989892,0.04966376,0.013650901,0.16670483,0.015225279,0.7723922,0.0049516903,0.02967224,0.007864097,0.098248646,0.045958277,null,null,null,null,"TWOGAUSSIANS",8,2.4602408,0.26598322,0.008989892,0.27811706,0.07644504,0.16670483,0.015225287,0.7723922,0.0049516903,0.16616455,0.04403894,0.098248646,0.045958284
375316653866487564,4142624123113408768,0.5750226,2229.8026600503717,2.843193998717201,1.5997302E-5,17.014355,0.07680137,0.2795369,0.0041741394,0.058322627,0.018020712,0.27947837,0.14793149,0.77782714,0.013735212,0.056203168,0.026657451,0.3559681,0.15138766,0.106887475,0.07757826,0.2795369,0.0041741394,"TWOGAUSSIANS_WITH_ELLIPSOIDAL_ON_ECLIPSE1",9,27.123241,0.77804714,0.012629177,0.31473774,0.11252536,0.5696755,0.0223901,0.2795369,0.0041741394,0.32660672,0.10091599,0.49320725,0.022785485
375316653866487564,4142626180403352960,0.48967955,2196.741309625127,2.7632895785427016,2.2405617E-5,18.209044,0.0052331956,0.24817765,0.0051043695,0.06013364,0.044409074,0.014696564,0.012804231,null,null,null,null,null,null,0.06470522,0.0073836767,0.24817765,0.0051043695,"ONEGAUSSIAN_WITH_ELLIPSOIDAL",6,4.4645276,0.24817765,0.0051043695,0.3367484,0.21666959,0.14410427,0.009562562,null,null,null,null,null,null
375316653866487564,4142626901957933440,0.48575488,2183.5872397292223,3.7774497676678473,4.0242674E-5,17.20435,0.11341777,0.19108056,0.005414308,0.03337781,0.008685203,0.24419734,0.172207,0.6331494,0.011626454,0.22592564,0.09527382,0.13671537,0.10993714,null,null,null,null,"TWOGAUSSIANS",8,15.467513,0.19156057,0.005677932,0.18691576,0.04863714,0.24373692,0.17345095,0.6331494,0.011626454,0.4,0.0,0.10960896,0.010601912
375316653866487564,4142630960701130496,0.5109499,2193.010835253404,2.6603098375801637,2.259335E-5,16.253891,0.023654891,0.2666166,0.008301276,0.09236999,0.015887955,0.3161615,0.030784551,0.7473762,0.0068543637,0.08714383,0.009245532,0.28010502,0.025982114,null,null,null,null,"TWOGAUSSIANS",8,55.45989,0.2666166,0.008301276,0.4,0.0,0.3070736,0.03336698,0.7473762,0.0068543637,0.4,0.0,0.2710175,0.019533634
375316653866487564,4142631854054343680,0.57244813,2190.64877697712,1.7748302725087128,7.924596E-6,14.694674,0.050642874,0.16124204,0.0040163817,0.11483228,0.019017238,0.14717987,0.048401494,0.6719255,0.004978824,0.13655655,0.033794124,0.13900237,0.047532838,null,null,null,null,"TWOGAUSSIANS",8,12.961945,0.16102204,0.003783512,0.4,0.0,0.11149717,0.0030589397,0.6719655,0.0048943846,0.4,0.0,0.102989554,0.007821379
375316653866487564,4142640817649051776,0.5328242,2216.230856212508,3.4731748288862425,2.0215173E-5,18.493107,0.039471935,0.1851907,0.004665778,0.093133524,0.015520917,0.36384735,0.028965183,0.6953644,0.014521143,0.100879624,0.021326251,0.31086484,0.040936023,null,null,null,null,"TWOGAUSSIANS",8,5.118861,0.1851907,0.0046631615,0.4,0.0,0.342762,0.024311222,0.6953644,0.014521143,0.4,0.0,0.28977668,0.033762407
375316653866487564,4142644700302926848,0.538692,2241.158143213282,0.5256580951794296,5.9562874E-5,17.38419,0.010998152,0.2546012,0.019181073,0.009855777,0.04025532,1.2395546,1.301915,0.698679,0.045237776,0.07264708,0.026700888,0.089509755,0.026902808,null,null,null,null,"TWOGAUSSIANS",8,14.027057,0.2546012,0.019181073,0.05519235,0.22542979,1.2395546,1.3019398,0.698679,0.045237776,0.4,0.100881286,0.089509755,0.026895741
375316653866487564,4142659028311263616,0.57238615,2246.2291175734163,3.418178427346217,5.6740457E-5,19.880009,0.012039802,0.27721503,0.008680172,0.07266609,0.007556119,0.65914756,0.08226617,0.7566045,0.0027304792,0.07058814,0.003203007,0.5152005,0.01375738,null,null,null,null,"TWOGAUSSIANS",8,1.3097794,0.27721503,0.008680172,0.4,0.0030811904,0.6575658,0.08291212,0.7566045,0.0027304792,0.3952936,0.016433204,0.51361877,0.012791831
375316653866487564,4142659548003851648,0.59349924,2213.7814591141373,1.187428714743327,1.194557E-5,18.430376,0.0054689925,0.23916635,0.006715215,0.035846584,0.00420519,0.45824787,0.020475298,0.7397041,0.0034643,0.038922545,0.005441859,0.41941434,0.026748827,null,null,null,null,"TWOGAUSSIANS",8,3.8632147,0.23916635,0.006715215,0.20074087,0.023549065,0.45824787,0.020475298,0.7397041,0.0034643,0.21796626,0.03047441,0.41941434,0.026748827
375316653866487564,4142670062083845760,0.47602034,2253.6129366881028,1.3338318293100349,2.1852566E-5,16.886608,0.021776631,0.21850492,0.014670107,0.105524056,0.037283234,0.09777762,0.03403522,0.71674925,0.0062079434,0.09437118,0.0133280745,0.16443223,0.020897329,null,null,null,null,"TWOGAUSSIANS",8,33.889324,0.71674925,0.006207292,0.4,0.0,0.15384218,0.013036989,0.21850492,0.014670107,0.4,0.0,0.08718523,0.03755048
375316653866487564,4142670955437388288,0.5150777,2262.096433517758,2.719769484553924,1.6834125E-5,19.665703,0.016654912,0.28639796,0.0065652267,0.079125874,0.0070500076,0.31637478,0.018131502,0.81191325,0.0064153783,0.041478388,0.0049133585,0.44312277,0.035200015,null,null,null,null,"TWOGAUSSIANS",8,1.7544127,0.81191325,0.0064153783,0.23227899,0.027514808,0.44307214,0.035136715,0.28639796,0.0065652267,0.4,0.0,0.31632414,0.01808428
375316653866487564,4142671505192873728,0.45343167,2240.8712203415594,0.2905375769268777,8.1146514E-5,19.23739,0.020020762,0.47183543,0.052194525,0.054312922,0.028708335,0.20891856,0.10821167,0.20168746,0.054339275,0.17154862,0.05300571,0.11759336,0.025279293,null,null,null,null,"TWOGAUSSIANS",8,3.1531122,0.46730545,0.06081811,0.30415234,0.11944592,0.24028213,0.100919105,0.20170745,0.20028381,0.4,0.0,0.114206396,0.07891137
375316653866487564,4142675143039674368,0.5518985,2223.7379549371244,0.5335741847115067,4.362725E-5,19.858719,0.0053526126,0.26415652,0.0104348045,0.02613026,0.011521545,0.07931669,0.03074069,0.44398177,1.491527E-4,0.018099908,2.335134E-4,0.7235659,0.004569948,null,null,null,null,"TWOGAUSSIANS",8,0.9530948,0.44398177,1.491527E-4,0.10135948,0.001307675,0.7235659,0.004569966,0.26415652,0.0104348045,0.14632946,0.06452066,0.07931669,0.03074069
375316653866487564,4142680262632244864,0.532412,2194.961709808471,3.8606051077597217,2.2742464E-5,19.383242,0.012308412,0.14596266,0.006505963,0.087304875,0.007285601,0.30148986,0.021682503,0.7063331,0.016917784,0.047596097,0.011152642,0.3220451,0.04475239,null,null,null,null,"TWOGAUSSIANS",8,1.7527444,0.7063331,0.016917784,0.26653814,0.062454794,0.32194057,0.04435231,0.14596266,0.006505963,0.4,0.0,0.30138442,0.021696534
375316653866487564,4142685657107775744,0.49028164,2224.7095575847147,0.09481066415373463,8.292975E-6,18.488989,0.0072815125,0.22406816,8.65985E-4,0.013325527,0.002870129,1.0751681,2.6258893,0.57537353,0.0039695962,0.044629548,0.0037024897,0.4142884,0.07044728,null,null,null,null,"TWOGAUSSIANS",8,5.9520645,0.22406816,8.65985E-4,0.07462296,0.016072722,1.0751681,2.6258893,0.57537353,0.0039695962,0.24992546,0.020733943,0.4142884,0.07044728
375316653866487564,4142686382959216128,0.545071,2225.424673053682,2.9967227069356928,1.6919643E-5,17.382309,0.009526838,0.21595648,0.003903818,0.073959954,0.004748265,0.45074886,0.008724023,0.7199917,0.0036336852,0.078830056,0.004989881,0.33901557,0.015562096,null,null,null,null,"TWOGAUSSIANS",8,15.060748,0.21595648,0.003903818,0.4,0.0,0.44738275,0.0073899813,0.7199917,0.0036336852,0.4,0.0,0.33564946,0.015334788
375316653866487564,4142687478173740800,0.5472969,2230.567690722765,0.5174728188507289,3.735801E-5,17.484959,0.0020626804,0.12286861,0.0047040246,0.029793635,0.0033642943,0.18132477,0.024927141,0.42601824,0.0073461067,0.037134115,0.0054992237,0.11823782,0.03047965,null,null,null,null,"TWOGAUSSIANS",8,2.73455,0.12286861,0.0047040246,0.16684437,0.018840048,0.18132477,0.024927141,0.42601824,0.0073461067,0.20795104,0.030795654,0.11823782,0.03047965
375316653866487564,4142691532623058560,0.60332173,2205.9179375348112,3.701314377223174,4.8662996E-6,19.152914,0.008115102,0.2771817,0.0028620798,0.06250326,0.0023609593,0.6069332,0.010899342,0.77366185,0.0012738131,0.05514814,0.00437764,0.8291864,0.089478396,null,null,null,null,"TWOGAUSSIANS",8,1.9178554,0.77366185,0.0012738131,0.30882958,0.024514785,0.82903886,0.0896069,0.2771817,0.0028620798,0.35001826,0.013221373,0.60678566,0.01085455
375316653866487564,4142692980028985728,0.5263917,2208.9498475626465,0.13831007106179224,6.4481945E-5,16.4395,0.00812409,0.118755355,0.016414218,0.030081773,0.011833111,0.04243381,0.011644544,0.68475235,0.016217351,0.133314,0.014643046,0.22146587,0.018603913,null,null,null,null,"TWOGAUSSIANS",8,20.400951,0.68475235,0.016217351,0.4,0.0,0.22074729,0.018176882,0.11818535,0.016270954,0.16845793,0.06626542,0.042856064,0.011472046
375316653866487564,4142699607162023936,0.4442511,2223.785882972535,0.3449635806716909,4.8661434E-5,17.379492,0.011765121,0.27045447,0.013221133,0.0753932,0.018730363,0.088616356,0.011189971,0.77606493,0.01155343,0.08388611,0.018368568,0.06413907,0.012015143,null,null,null,null,"TWOGAUSSIANS",8,8.985513,0.27045447,0.013221133,0.4,0.024317373,0.08765075,0.009008365,0.77606493,0.01155343,0.4,0.0,0.063173465,0.010048713
375316653866487564,4142701840546959616,0.5231531,2223.7811800915265,3.358867970218585,3.7073303E-5,17.772041,0.03664802,0.2064093,0.0064681037,0.09934787,0.0174123,0.23538132,0.03233214,0.7017889,0.01226565,0.11065515,0.023929985,0.22807695,0.029365696,null,null,null,null,"TWOGAUSSIANS",8,6.5387907,0.2064193,0.0064743836,0.4,0.0,0.20963961,0.011737324,0.7017889,0.01226565,0.4,0.0,0.20231968,0.015595841
375316653866487564,4142703558532391680,0.5377749,2204.26893796793,4.107391034943736,1.579301E-5,19.064577,0.005650181,0.15449843,0.009618498,0.04371724,0.0070163202,0.3422176,0.027656682,0.64407146,0.005720931,0.027095063,0.0047023837,0.3142041,0.043206442,null,null,null,null,"TWOGAUSSIANS",8,2.4284391,0.15449843,0.009618498,0.24481654,0.039291393,0.3422176,0.027656682,0.64407146,0.005720931,0.15173234,0.026333349,0.3142041,0.043206442
375316653866487564,4142706444750392960,0.47315827,2224.7053387383244,2.11819548770177,2.9091125E-5,18.504045,0.023171036,0.17119691,0.0051305555,0.08833173,0.012513743,0.21903409,0.018504879,0.6304211,0.043963093,0.118589915,0.055754114,0.1169227,0.045294285,null,null,null,null,"TWOGAUSSIANS",8,5.5339165,0.1712669,0.005027109,0.4,0.0,0.20933093,0.012831183,0.6304211,0.043963093,0.4,0.002319228,0.107151374,0.051033683
375316653866487564,4142707475542701312,0.5014614,2210.5950963125883,0.5243378920644384,3.55416E-5,18.372421,0.0037093486,0.40262118,0.007427344,0.046447802,0.0050027478,0.6138005,0.21726477,0.6704678,0.01497959,0.042972874,0.036951676,0.009026469,266.37662,0.016779648,0.0073137456,0.6704678,0.01497959,"TWOGAUSSIANS_WITH_ELLIPSOIDAL_ON_ECLIPSE2",9,1.5572561,0.4024512,0.0075162626,0.2601077,0.028015388,0.6142244,0.21730983,0.6704678,0.01497959,0.24064809,0.20692939,0.04258553,266.37122
375316653866487564,4142713591575583104,0.6204768,2265.281113465614,1.885983869935296,6.1362816E-6,19.330599,0.005315595,0.27395326,0.003216014,0.024261715,0.0035364616,0.4172917,0.05397345,0.772343,6.392161E-4,0.027099185,6.4886344E-4,0.904662,0.012188868,null,null,null,null,"TWOGAUSSIANS",8,1.286466,0.772343,6.392161E-4,0.15175544,0.0036336354,0.904662,0.012188868,0.27395326,0.003216014,0.1358656,0.019804185,0.4172917,0.05397345
375316653866487564,4142717203645140480,0.58616483,2266.2060463346897,1.8984659064942488,8.172188E-6,17.708473,0.004755695,0.2584276,0.0060428255,0.08786686,0.006098587,0.2810044,0.019985624,0.76184535,0.0020260294,0.079563044,0.0028640665,0.1840343,0.00475253,null,null,null,null,"TWOGAUSSIANS",8,1.4735405,0.2584276,0.0060428255,0.4,0.0,0.27601504,0.02081934,0.76184535,0.0020260294,0.4,0.0,0.17904499,0.0037537059
375316653866487564,4142719192213624704,0.49606735,2306.4944869523542,2.6637866788682687,2.421873E-5,18.886791,0.01731139,0.2765865,0.003738687,0.08238583,0.009015356,0.20237955,0.013881503,0.77376217,0.009638796,0.088809185,0.024125125,0.2106784,0.040901314,null,null,null,null,"TWOGAUSSIANS",8,2.9443133,0.77376217,0.009638796,0.4,0.0,0.20514938,0.04962064,0.2765865,0.003738687,0.4,0.0,0.1968506,0.008048381
375316653866487564,4142722873001783680,0.6004666,2249.1746996690576,2.7546507707348753,1.328347E-5,16.169779,0.008588506,0.28089234,0.0028930313,0.08645651,0.004152275,0.40490294,0.011444258,0.7811143,0.0045684837,0.07417017,0.006602511,0.42710733,0.0126869185,null,null,null,null,"TWOGAUSSIANS",8,49.829674,0.7811143,0.0045684837,0.4,0.0024084707,0.42062616,0.012743139,0.28089234,0.0028930313,0.4,0.0,0.3984217,0.011455796
375316653866487564,4142723281022868608,0.52377015,2235.0438274176668,3.352740360307903,2.0503157E-5,19.811005,0.017152436,0.26148722,0.0069361185,0.082191244,0.008878735,0.28417042,0.025428347,0.75035316,0.010912251,0.078448236,0.012371306,0.30203402,0.022387072,null,null,null,null,"TWOGAUSSIANS",8,1.1504874,0.75035316,0.010912251,0.4,0.0,0.2983276,0.021049071,0.26148722,0.0069361185,0.4,0.0,0.280464,0.024991348
375316653866487564,4142733692023709312,0.5014005,2231.886196247204,2.6061819438163343,2.049896E-5,19.392626,0.04646266,0.24829848,0.0040783756,0.10454561,0.014354314,0.3199198,0.043512426,0.75683916,0.007183366,0.10897578,0.018758683,0.23172839,0.04581593,null,null,null,null,"TWOGAUSSIANS",8,1.2735599,0.24828848,0.00408861,0.4,0.0,0.2882216,0.014302407,0.75684917,0.007187509,0.4,0.0,0.20002438,0.018650588
375316653866487564,4142735891047004416,0.5485268,2245.754879536256,2.2450122428642696,1.988977E-5,16.59456,0.019910388,0.2932825,0.019137546,0.12125013,0.03484443,0.11345174,0.024455344,0.78362536,0.0031001878,0.09238583,0.012368194,0.15547888,0.01576091,null,null,null,null,"TWOGAUSSIANS",8,5.1636305,0.78362536,0.0031001878,0.4,0.0,0.14068878,0.00858077,0.2932825,0.019137546,0.4,0.0,0.09861339,0.027820773
