Gaia/vari_eclipsing_binary/VariEclipsingBinary_469482-469598.csv
# %ECSV 1.0
# ---
# delimiter: ','
# meta: !!omap
# - RELEASE: Gaia DR3
# - TABLE: vari_eclipsing_binary
# - DESCRIPTION: >
#     This table describes the properties of the eclipsing binaries resulting from the variability analysis. 
# - CITATION: >
#     How to cite and acknowledge Gaia: 
#     https://gea.esac.esa.int/archive/documentation/credits.html 
# - KNOWN_ISSUES: >
#     Known issues: 
#     https://www.cosmos.esa.int/web/gaia-users/known-issues 
# - DOCUMENTATION: >
#     Tutorials and documentation: 
#     https://www.cosmos.esa.int/web/gaia-users/archive 
# datatype:
# - 
#   name: solution_id
#   datatype: int64
#   description: Solution Identifier
#   meta:
#     ucd: meta.version
# - 
#   name: source_id
#   datatype: int64
#   description: Unique source identifier
#   meta:
#     ucd: meta.id;meta.main
# - 
#   name: global_ranking
#   datatype: float32
#   description: Number between 0 (worst) and 1 (best)
#   meta:
#     ucd: stat.param
# - 
#   name: reference_time
#   datatype: float64
#   unit: d
#   description: Reference time used for the geometric model fit
#   meta:
#     ucd: time.epoch
# - 
#   name: frequency
#   datatype: float64
#   unit: d**-1
#   description: Frequency of geometric model of the eclipsing binary light curve
#   meta:
#     ucd: src.orbital
# - 
#   name: frequency_error
#   datatype: float32
#   unit: d**-1
#   description: "Uncertainty of \\texttt{frequency}"
#   meta:
#     ucd: stat.error
# - 
#   name: geom_model_reference_level
#   datatype: float32
#   unit: mag
#   description: Magnitude reference level of geometric model
#   meta:
#     ucd: phot.mag;em.opt
# - 
#   name: geom_model_reference_level_error
#   datatype: float32
#   unit: mag
#   description: "Uncertainty of \\texttt{geomModelReferenceLevel}"
#   meta:
#     ucd: stat.error;phot.mag;em.opt
# - 
#   name: geom_model_gaussian1_phase
#   datatype: float32
#   description: Phase of the Gaussian 1 component
#   meta:
#     ucd: time.phase
# - 
#   name: geom_model_gaussian1_phase_error
#   datatype: float32
#   description: "Uncertainty of \\texttt{geomModelGaussian1Phase}"
#   meta:
#     ucd: stat.error;time.phase
# - 
#   name: geom_model_gaussian1_sigma
#   datatype: float32
#   description: "Standard deviation [phase] of Gaussian 1 component"
#   meta:
#     ucd: stat.stdev
# - 
#   name: geom_model_gaussian1_sigma_error
#   datatype: float32
#   description: "Uncertainty of \\texttt{geomModelGaussian1Sigma}"
#   meta:
#     ucd: stat.error
# - 
#   name: geom_model_gaussian1_depth
#   datatype: float32
#   unit: mag
#   description: Magnitude depth of Gaussian 1 component
#   meta:
#     ucd: src.var.amplitude
# - 
#   name: geom_model_gaussian1_depth_error
#   datatype: float32
#   unit: mag
#   description: "Uncertainty of \\texttt{geomModelGaussian1Depth}"
#   meta:
#     ucd: stat.error;src.var.amplitude
# - 
#   name: geom_model_gaussian2_phase
#   datatype: float32
#   description: Phase of Gaussian 2 component
#   meta:
#     ucd: time.phase
# - 
#   name: geom_model_gaussian2_phase_error
#   datatype: float32
#   description: "Uncertainty of \\texttt{geomModelGaussian2Phase}"
#   meta:
#     ucd: stat.error;time.phase
# - 
#   name: geom_model_gaussian2_sigma
#   datatype: float32
[...]
#   datatype: float32
#   description: "Secondary eclipse: uncertainty of \\texttt{derivedSecondaryEclDuration}"
#   meta:
#     ucd: stat.error;time.duration
# - 
#   name: derived_secondary_ecl_depth
#   datatype: float32
#   unit: mag
#   description: "Secondary eclipse: depth"
#   meta:
#     ucd: src.var.amplitude
# - 
#   name: derived_secondary_ecl_depth_error
#   datatype: float32
#   unit: mag
#   description: "Secondary eclipse: uncertainty of \\texttt{derivedSecondaryEclDepth}"
#   meta:
#     ucd: stat.error;src.var.amplitude
solution_id,source_id,global_ranking,reference_time,frequency,frequency_error,geom_model_reference_level,geom_model_reference_level_error,geom_model_gaussian1_phase,geom_model_gaussian1_phase_error,geom_model_gaussian1_sigma,geom_model_gaussian1_sigma_error,geom_model_gaussian1_depth,geom_model_gaussian1_depth_error,geom_model_gaussian2_phase,geom_model_gaussian2_phase_error,geom_model_gaussian2_sigma,geom_model_gaussian2_sigma_error,geom_model_gaussian2_depth,geom_model_gaussian2_depth_error,geom_model_cosine_half_period_amplitude,geom_model_cosine_half_period_amplitude_error,geom_model_cosine_half_period_phase,geom_model_cosine_half_period_phase_error,model_type,num_model_parameters,reduced_chi2,derived_primary_ecl_phase,derived_primary_ecl_phase_error,derived_primary_ecl_duration,derived_primary_ecl_duration_error,derived_primary_ecl_depth,derived_primary_ecl_depth_error,derived_secondary_ecl_phase,derived_secondary_ecl_phase_error,derived_secondary_ecl_duration,derived_secondary_ecl_duration_error,derived_secondary_ecl_depth,derived_secondary_ecl_depth_error
[from data line 370]
375316653866487564,4130535125911930240,0.44496322,2219.226129885503,3.0113916455675285,5.3710664E-5,18.929207,0.004948578,0.24352823,0.0059181736,0.079122975,0.0090861665,0.12111952,0.012718174,0.76058686,0.013445119,0.07072813,0.015398826,0.092995435,0.014667379,null,null,null,null,"TWOGAUSSIANS",8,1.9790581,0.24352823,0.0059181736,0.4,0.0,0.120564915,0.013010309,0.76058686,0.013445119,0.3960775,0.06583905,0.09244083,0.014864537
375316653866487564,4130542307097006080,0.51386315,2215.2332333327045,1.563353059484381,1.3180735E-5,19.234735,0.008572107,0.24624406,0.0028848993,0.042531513,0.002649019,0.4727966,0.034942754,0.74946564,0.0065953312,0.05801986,0.008054352,0.2590749,0.014237866,null,null,null,null,"TWOGAUSSIANS",8,3.4518564,0.24624406,0.0028848993,0.23817647,0.014834506,0.4727942,0.034942903,0.74946564,0.0065953312,0.32491124,0.045104373,0.25907248,0.014238588
375316653866487564,4130542719413994240,0.5124849,2202.804101425105,2.2487976771003018,2.2282014E-5,17.224924,0.16771856,0.24473101,0.00816678,0.14337084,0.07512339,0.13805251,0.16350754,0.7435524,0.0031418442,0.13707083,0.043510396,0.18669125,0.15624844,null,null,null,null,"TWOGAUSSIANS",8,4.3409224,0.7435524,0.003036453,0.4,0.0,0.122970685,0.0036702359,0.24479102,0.008436271,0.4,0.0,0.07418261,0.0053318823
375316653866487564,4130544471760509824,0.5980711,2173.030848462927,1.6075296267217396,8.191358E-6,17.188662,0.012653645,0.23480804,0.0019661272,0.038389586,0.003753924,0.8428355,0.12604201,0.73668176,0.0032968656,0.03347382,0.0056368755,0.23885642,0.035500046,0.08187768,0.014688302,0.23480804,0.0019661272,"TWOGAUSSIANS_WITH_ELLIPSOIDAL_ON_ECLIPSE1",9,30.793531,0.23480804,0.0019661272,0.21498168,0.021021975,1.0065906,0.13891292,0.73668176,0.0032968656,0.18745337,0.031566504,0.40258887,0.035935808
375316653866487564,4130544609199512960,0.5658226,2201.2722745543497,2.7082215468616018,8.500779E-6,18.00054,0.0049364227,0.19494975,0.0020559602,0.07870445,0.0029539585,0.27935532,0.006559146,0.7055231,0.004118856,0.07214474,0.0037469366,0.24027154,0.014688628,null,null,null,null,"TWOGAUSSIANS",8,3.0583172,0.19494975,0.0020559602,0.4,0.0,0.27766535,0.0063726464,0.7055231,0.004118856,0.4,0.0052732206,0.23858157,0.0146229975
375316653866487564,4130545300694038656,0.6414191,2177.2875654251184,2.906984748959315,5.042995E-6,16.389753,0.003573585,0.20866117,9.881852E-4,0.0838979,0.0018602851,0.29054025,0.0040380596,0.70768094,0.0018851977,0.08723363,0.003309117,0.26763645,0.00546459,null,null,null,null,"TWOGAUSSIANS",8,4.2340794,0.20866117,9.881852E-4,0.4,0.0,0.28286812,0.003700508,0.70768094,0.0018851977,0.4,0.0,0.25996426,0.0061473227
375316653866487564,4130545743071058176,0.49134678,2194.060547453792,3.233122737339992,6.764679E-5,19.837622,0.02526688,0.18941323,0.0071125417,0.092904955,0.013441007,0.3977481,0.055749048,0.6764432,0.00423899,0.09291341,0.0069479346,0.42079085,0.027226103,null,null,null,null,"TWOGAUSSIANS",8,2.2357798,0.6764432,0.00423899,0.4,0.0,0.40267864,0.018405683,0.18941323,0.0071125417,0.4,0.0,0.3796359,0.06277105
375316653866487564,4130548594929305216,0.49838367,2192.323652214006,3.568914993452614,5.616269E-5,19.178839,0.018498609,0.22327767,0.005602866,0.08470788,0.009331685,0.3482604,0.029979946,0.7211916,0.0063925483,0.08799129,0.009179899,0.34401873,0.04756854,null,null,null,null,"TWOGAUSSIANS",8,4.2538166,0.22327767,0.005602866,0.4,0.0,0.33815086,0.03127566,0.7211916,0.0063925483,0.4,0.0,0.33390912,0.049139574
375316653866487564,4130549286423576064,0.4580169,2219.2270271678058,0.039894754194231864,4.834625E-5,18.52472,0.003819556,0.082796365,0.0132053085,0.023103096,0.012241802,0.029304175,0.04811491,0.43827686,0.014150334,0.1399657,0.012114726,0.1347681,0.008666428,null,null,null,null,"TWOGAUSSIANS",8,2.9977493,0.43827686,0.014150334,0.4,0.0,0.1343115,0.008565812,0.08461636,0.012527479,0.12937734,0.06855409,0.034296002,0.048963446
375316653866487564,4130550729535760128,0.6052236,2212.0759379263277,0.41734653588319276,9.8319986E-5,17.480625,0.0012252977,0.4816438,0.0023956208,0.01869457,0.0016798867,0.39722505,0.0395615,0.6365672,0.018415274,0.019090004,0.02133701,0.010765075,0.06432222,null,null,null,null,"TWOGAUSSIANS",8,1.4785647,0.4816438,0.0023956208,0.10468959,0.009407366,0.39722505,0.0395615,0.6365672,0.018415274,0.10690402,0.11948725,0.010765075,0.06432222
375316653866487564,4130551279291577728,0.61485445,2213.1757996702377,1.324767547764149,5.9316503E-6,18.065464,0.0032974277,0.18335606,0.0059468853,0.04574062,0.005855507,0.2629163,0.013875336,0.6873127,6.7575154E-4,0.03817517,7.2902016E-4,0.47794482,0.0070943935,null,null,null,null,"TWOGAUSSIANS",8,2.987146,0.6873127,6.7575154E-4,0.21378094,0.0040825126,0.47794482,0.007094389,0.18335606,0.0059468853,0.25614747,0.03279084,0.26291627,0.013875339
375316653866487564,4130552378800067584,0.64740163,2212.367883279844,1.863488662002148,3.5805408E-6,18.12451,0.004956164,0.24432208,0.0021014542,0.048283752,0.0048950138,0.10246505,0.013081262,0.7414969,7.988889E-4,0.043774318,0.0013178763,0.59467614,0.015529262,0.063599326,0.007702144,0.24432208,0.0021014542,"TWOGAUSSIANS_WITH_ELLIPSOIDAL_ON_ECLIPSE1",9,1.7102801,0.7415869,7.564879E-4,0.24513619,0.007380107,0.7218356,0.01764802,0.24432208,0.0021014542,0.270389,0.027412077,0.22966333,0.008332207
375316653866487564,4130555501237611904,0.51794475,2192.4780823927354,3.562929859868143,1.0884931E-5,19.503654,0.012716112,0.28963855,0.0030447554,0.07175836,0.0043881475,0.32174966,0.014227796,0.80336446,0.0036797675,0.08044031,0.0052243876,0.37821713,0.02100425,null,null,null,null,"TWOGAUSSIANS",8,1.6997092,0.80336446,0.0036797675,0.4,0.0,0.37586752,0.02104838,0.28963855,0.0030447554,0.4,0.0143487025,0.31940004,0.013407622
375316653866487564,4130556192734196224,0.57543087,2221.588489748449,2.6929529824082246,7.827405E-6,16.874168,0.011573309,0.2365099,0.0017392099,0.082557045,0.0047194515,0.41537157,0.022459297,0.738897,0.0025642822,0.093788505,0.0049149175,0.39990288,0.013801613,null,null,null,null,"TWOGAUSSIANS",8,21.661453,0.2365099,0.0017392099,0.4,0.0,0.40133673,0.02427546,0.738897,0.0025642822,0.4,0.0,0.3858675,0.01365355
375316653866487564,4130556845558167808,0.49945003,2214.1138731458595,4.621093611701016,1.1769665E-5,19.76594,0.0077695316,0.40190932,0.015240831,0.032001507,0.046638977,0.02427011,255288.7,0.6674048,0.0040360764,0.05042702,0.0033247038,0.76180685,0.049509756,0.04095969,0.013200654,0.40190932,0.015240831,"TWOGAUSSIANS_WITH_ELLIPSOIDAL_ON_ECLIPSE1",9,3.4108722,0.66774476,0.004037399,0.2823913,0.018618342,0.7625976,0.049366266,0.40190932,0.0152500495,0.17920843,0.26117828,0.106190026,255288.69
375316653866487564,4130557975138078336,0.60328865,2213.7067385346945,3.5206099324968623,8.193028E-6,19.011715,0.011411469,0.2805923,0.0023398541,0.039457362,0.0048813047,0.475651,0.028550193,0.7867034,0.0049136593,0.043165088,0.004441876,0.37101918,0.03874553,0.115695946,0.015417542,0.2805923,0.0023398541,"TWOGAUSSIANS_WITH_ELLIPSOIDAL_ON_ECLIPSE1",9,2.668722,0.2805923,0.0023398541,0.22096123,0.027335307,0.7070429,0.03511947,0.7867034,0.0049136593,0.2417245,0.024874507,0.60207003,0.032952026
375316653866487564,4130558078217321216,0.6028033,2214.8314488854776,0.5449750138661292,5.598485E-6,18.793245,0.003507197,0.28920928,3.8764556E-4,0.032622576,5.912048E-4,1.01474,0.019196337,0.77805203,0.0052132406,0.0213575,0.005743728,0.12137662,0.014639377,0.03481881,0.0070991567,0.28920928,3.8764556E-4,"TWOGAUSSIANS_WITH_ELLIPSOIDAL_ON_ECLIPSE1",9,2.602748,0.28920928,3.8764556E-4,0.18268643,0.003310747,1.0843775,0.023209145,0.778282,0.005167985,0.119602,0.032164875,0.19067937,0.006891743
375316653866487564,4130558082508859904,0.5335766,2212.0509566281144,3.8753487704049068,2.311852E-5,19.559525,0.0139594255,0.24929845,0.003482136,0.07340943,0.004191311,0.36937594,0.021129366,0.7380438,0.004416516,0.07679961,0.008599981,0.4376558,0.031658012,null,null,null,null,"TWOGAUSSIANS",8,1.7808732,0.7380438,0.004416516,0.4,0.0,0.43519884,0.03301874,0.24929845,0.003482136,0.4,6.1172404E-4,0.36691898,0.020166287
375316653866487564,4130559590045905408,0.41482013,2224.744771644125,0.059103663621631185,6.3401545E-5,18.542286,0.0039940802,0.11557324,0.14404719,0.031211775,0.05999496,0.008337313,0.025931148,0.7716296,0.042154342,0.041500278,0.038093943,0.15690239,2491.7117,null,null,null,null,"TWOGAUSSIANS",8,16.55334,0.7716296,0.042154342,0.23240155,0.21332608,0.15690239,2491.7117,0.11557324,0.14404719,0.17478594,0.27577043,0.008337313,0.025931146
375316653866487564,4130561209252976256,0.53585124,2200.9360526127525,4.188315378464227,8.655825E-6,19.133547,0.01063267,0.3106091,0.0026497415,0.06282661,0.0027647049,0.47997996,0.020490749,0.7984365,0.0030412888,0.070568174,0.0035760077,0.4365488,0.023760663,null,null,null,null,"TWOGAUSSIANS",8,3.151589,0.3106091,0.0026497415,0.35182905,0.015482347,0.47940654,0.020453861,0.7984365,0.0030412888,0.39518175,0.015790174,0.43597537,0.023756659
375316653866487564,4130563060379846784,0.48192978,2211.815173301088,2.370387732183044,1.9738578E-5,17.931948,0.0019431879,null,null,null,null,null,null,null,null,null,null,null,null,0.05284576,0.0024417287,0.27879506,0.004793143,"ELLIPSOIDAL",4,3.1973753,null,null,null,null,null,null,null,null,null,null,null,null
375316653866487564,4130566427634379520,0.53464836,2221.452793329259,3.3952888912309547,1.5932223E-5,19.28866,0.01097768,0.28595492,0.0040349155,0.0830778,0.0058162976,0.29024822,0.012995027,0.7862963,0.003635368,0.08892809,0.005053511,0.38899472,0.017230803,null,null,null,null,"TWOGAUSSIANS",8,1.6068438,0.7862963,0.003635368,0.4,0.0,0.37918702,0.016837757,0.28595492,0.0040349155,0.4,0.0,0.28044063,0.011601866
375316653866487564,4130570516443495808,0.5170846,2201.1679236322657,4.218988429857935,3.0125359E-5,18.36263,0.0041423272,0.24456243,0.0028686586,0.078703955,0.0054360875,0.102946304,0.0066514774,0.75280595,0.012325126,0.088919125,0.015160847,0.08978871,0.02323218,null,null,null,null,"TWOGAUSSIANS",8,0.98058295,0.24456243,0.0028686586,0.4,0.0,0.10102063,0.0065094186,0.75280595,0.012325126,0.4,0.0,0.08786301,0.0238672
375316653866487564,4130573029003058560,0.5568121,2214.9249703911382,1.838262078284125,1.33235535E-5,16.333035,0.007092748,0.22767542,0.0013331341,0.041966043,0.0018590661,0.51114607,0.01915844,0.7367949,0.006535258,0.03240713,0.009470485,0.12133914,0.02139867,0.035425715,0.009959215,0.22767542,0.0013331341,"TWOGAUSSIANS_WITH_ELLIPSOIDAL_ON_ECLIPSE1",9,54.952858,0.22767542,0.0013331341,0.23500983,0.01041077,0.5819974,0.015257817,0.7367949,0.006535258,0.18147993,0.05303472,0.19195808,0.017484419
375316653866487564,4130574540834536832,0.48621044,2251.4671772192787,3.5167417797856344,3.262677E-5,19.667889,0.0062773786,0.5563952,0.010124935,0.027661005,0.0071271136,0.35968238,0.20773016,0.8376556,0.019779164,0.022338146,0.010313044,0.8562378,2.0980642,null,null,null,null,"TWOGAUSSIANS",8,2.6054187,0.8376556,0.019779164,0.12509362,0.05775305,0.8562378,2.0980642,0.5563952,0.010124935,0.15490164,0.039911836,0.35968238,0.20773016
375316653866487564,4130574643903276160,0.45426422,2208.448713748607,3.5993508888441754,2.910968E-5,19.201849,0.13259836,0.21929614,0.010359893,0.09903573,0.03132876,0.25454083,0.12594028,0.71645117,0.012363544,0.12131852,0.05921547,0.26861945,0.11446527,null,null,null,null,"TWOGAUSSIANS",8,6.388278,0.71645117,0.012363544,0.4,0.0,0.23004034,0.029735621,0.21930614,0.010380612,0.4,0.0,0.21607079,0.026588045
375316653866487564,4130577427043800448,0.5099885,2243.224814641761,3.5954188796628577,9.364213E-6,19.889238,0.019523514,0.21993293,0.0045284694,0.0739552,0.005361692,0.48954764,0.026173119,0.70868653,0.0064192074,0.07784068,0.0071989656,0.49582562,0.03618656,null,null,null,null,"TWOGAUSSIANS",8,2.17217,0.70868653,0.0064192074,0.4,0.0,0.49243402,0.035781506,0.21993293,0.0045284694,0.4,0.007045661,0.48615605,0.025466522
375316653866487564,4130587352710223104,0.455504,2246.917034850268,0.131688270228859,1.1905404E-4,18.496895,0.027551027,0.22498418,0.004453437,0.06692926,0.0062958393,0.34524468,0.06284596,0.7174523,0.015040545,0.043654926,0.008709998,0.2759196,0.086446546,0.0516846,0.02897868,0.22498418,0.004453437,"TWOGAUSSIANS_WITH_ELLIPSOIDAL_ON_ECLIPSE1",9,17.40488,0.22498418,0.004453437,0.37480387,0.0352567,0.44830933,0.02728151,0.7178523,0.014440549,0.24446759,0.04877599,0.37876523,0.057227932
375316653866487564,4130587700603954304,0.535631,2210.6405460720775,3.3759665129335352,1.3577444E-5,19.894684,0.008665386,0.2527891,0.006674693,0.07371572,0.007176955,0.57319313,0.07121867,0.7491113,0.0029877455,0.06840225,0.0031751618,0.7295835,0.03709818,null,null,null,null,"TWOGAUSSIANS",8,1.4874012,0.7491113,0.0029877455,0.38305262,0.017780906,0.7271763,0.03751039,0.2527891,0.006674693,0.4,0.010891249,0.57078594,0.072137706
375316653866487564,4130590346312020736,0.5066913,2205.0413394825805,1.084667299078836,2.6031528E-5,13.2207365,0.014220004,0.19993992,0.005981059,0.11503838,0.026091643,0.053190164,0.013459532,0.70753485,0.0053679477,0.088366844,0.016637817,0.06162397,0.013446496,null,null,null,null,"TWOGAUSSIANS",8,46.306286,0.7075448,0.005394739,0.4,0.0,0.056656342,0.0047298893,0.19993992,0.005981084,0.4,0.0,0.048213817,0.0044975015
375316653866487564,4130592751493774208,0.55431795,2224.5264993854366,2.2876915847989134,1.9166484E-5,19.11262,0.015285199,0.31051573,0.012650966,0.09943528,0.01755264,0.15048173,0.018407278,0.8005617,0.0030150546,0.07460027,0.005897432,0.46823114,0.015414973,null,null,null,null,"TWOGAUSSIANS",8,2.752413,0.8005617,0.0030150546,0.4,0.0,0.46181718,0.0126306005,0.31051573,0.012650966,0.4,0.0,0.14406668,0.017231982
375316653866487564,4130601719379127424,0.42276165,2231.7846169360796,0.05141269826673329,1.0218183E-4,16.890207,0.0064663873,0.17172123,0.058959022,0.013932343,0.033738825,0.015770724,0.019217579,0.67770255,0.027629897,0.11699755,0.03761303,0.046706554,0.0077907676,null,null,null,null,"TWOGAUSSIANS",8,4.3019385,0.67770255,0.027629897,0.4,0.0,0.04667259,0.007762542,0.17172123,0.059046853,0.07802112,0.18893741,0.015747096,0.018985927
375316653866487564,4130603467427922816,0.5490022,2207.828963653142,3.268846025692185,7.0312026E-6,19.692225,0.019087758,0.20397356,0.0024802648,0.07355593,0.004860055,0.6434319,0.024273936,0.7026989,0.004592279,0.07794872,0.0052400096,0.45019597,0.026243964,null,null,null,null,"TWOGAUSSIANS",8,2.1978068,0.20397356,0.0024802648,0.4,0.0025443695,0.63894916,0.024327636,0.7026989,0.004592279,0.4,0.0,0.44571322,0.025093798
375316653866487564,4130603987120348032,0.5236648,2203.026564070695,3.6463926470893435,1.754225E-5,19.50442,0.014316132,0.14524111,0.015278442,0.08108232,0.012170733,0.3627352,0.026474226,0.63065696,0.0036085874,0.074925415,0.0055783996,0.42108354,0.017189404,null,null,null,null,"TWOGAUSSIANS",8,2.5165987,0.63065696,0.0036085874,0.4,0.0,0.41770604,0.016425975,0.14524111,0.015278442,0.4,0.0,0.3593577,0.025236357
375316653866487564,4130606254871063040,0.5491418,2228.3316496772727,2.0194120333385244,1.32991745E-5,15.484676,0.018582918,0.2329059,0.0035556955,0.08041961,0.0068278615,0.52461517,0.016779637,0.74159795,0.013229018,0.064581804,0.013479897,0.32384396,0.025959015,null,null,null,null,"TWOGAUSSIANS",8,294.98392,0.2329059,0.0035556955,0.4,0.0,0.5228278,0.0166746,0.74159795,0.013229018,0.3616581,0.07438692,0.3220566,0.025358908
375316653866487564,4130606770260823680,0.43822977,2234.2734096479444,3.169435940339729,1.06436666E-4,18.984335,0.005274454,0.24421465,0.007551507,0.024801426,0.012551748,0.039995883,0.022593925,0.70220166,8.460163E-4,0.022359299,0.0026275674,0.2377563,0.024614785,null,null,null,null,"TWOGAUSSIANS",8,4.1695743,0.70220166,8.460163E-4,0.12521207,0.014714378,0.2377563,0.024614785,0.24421465,0.007551507,0.13888799,0.07028979,0.039995883,0.022593925
