Gaia/vari_eclipsing_binary/VariEclipsingBinary_664185-664279.csv
# %ECSV 1.0
# ---
# delimiter: ','
# meta: !!omap
# - RELEASE: Gaia DR3
# - TABLE: vari_eclipsing_binary
# - DESCRIPTION: >
#     This table describes the properties of the eclipsing binaries resulting from the variability analysis. 
# - CITATION: >
#     How to cite and acknowledge Gaia: 
#     https://gea.esac.esa.int/archive/documentation/credits.html 
# - KNOWN_ISSUES: >
#     Known issues: 
#     https://www.cosmos.esa.int/web/gaia-users/known-issues 
# - DOCUMENTATION: >
#     Tutorials and documentation: 
#     https://www.cosmos.esa.int/web/gaia-users/archive 
# datatype:
# - 
#   name: solution_id
#   datatype: int64
#   description: Solution Identifier
#   meta:
#     ucd: meta.version
# - 
#   name: source_id
#   datatype: int64
#   description: Unique source identifier
#   meta:
#     ucd: meta.id;meta.main
# - 
#   name: global_ranking
#   datatype: float32
#   description: Number between 0 (worst) and 1 (best)
#   meta:
#     ucd: stat.param
# - 
#   name: reference_time
#   datatype: float64
#   unit: d
#   description: Reference time used for the geometric model fit
#   meta:
#     ucd: time.epoch
# - 
#   name: frequency
#   datatype: float64
#   unit: d**-1
#   description: Frequency of geometric model of the eclipsing binary light curve
#   meta:
#     ucd: src.orbital
# - 
#   name: frequency_error
#   datatype: float32
#   unit: d**-1
#   description: "Uncertainty of \\texttt{frequency}"
#   meta:
#     ucd: stat.error
# - 
#   name: geom_model_reference_level
#   datatype: float32
#   unit: mag
#   description: Magnitude reference level of geometric model
#   meta:
#     ucd: phot.mag;em.opt
# - 
#   name: geom_model_reference_level_error
#   datatype: float32
#   unit: mag
#   description: "Uncertainty of \\texttt{geomModelReferenceLevel}"
#   meta:
#     ucd: stat.error;phot.mag;em.opt
# - 
#   name: geom_model_gaussian1_phase
#   datatype: float32
#   description: Phase of the Gaussian 1 component
#   meta:
#     ucd: time.phase
# - 
#   name: geom_model_gaussian1_phase_error
#   datatype: float32
#   description: "Uncertainty of \\texttt{geomModelGaussian1Phase}"
#   meta:
#     ucd: stat.error;time.phase
# - 
#   name: geom_model_gaussian1_sigma
#   datatype: float32
#   description: "Standard deviation [phase] of Gaussian 1 component"
#   meta:
#     ucd: stat.stdev
# - 
#   name: geom_model_gaussian1_sigma_error
#   datatype: float32
#   description: "Uncertainty of \\texttt{geomModelGaussian1Sigma}"
#   meta:
#     ucd: stat.error
# - 
#   name: geom_model_gaussian1_depth
#   datatype: float32
#   unit: mag
#   description: Magnitude depth of Gaussian 1 component
#   meta:
#     ucd: src.var.amplitude
# - 
#   name: geom_model_gaussian1_depth_error
#   datatype: float32
#   unit: mag
#   description: "Uncertainty of \\texttt{geomModelGaussian1Depth}"
#   meta:
#     ucd: stat.error;src.var.amplitude
# - 
#   name: geom_model_gaussian2_phase
#   datatype: float32
#   description: Phase of Gaussian 2 component
#   meta:
#     ucd: time.phase
# - 
#   name: geom_model_gaussian2_phase_error
#   datatype: float32
#   description: "Uncertainty of \\texttt{geomModelGaussian2Phase}"
#   meta:
#     ucd: stat.error;time.phase
# - 
#   name: geom_model_gaussian2_sigma
#   datatype: float32
[...]
#   datatype: float32
#   description: "Secondary eclipse: uncertainty of \\texttt{derivedSecondaryEclDuration}"
#   meta:
#     ucd: stat.error;time.duration
# - 
#   name: derived_secondary_ecl_depth
#   datatype: float32
#   unit: mag
#   description: "Secondary eclipse: depth"
#   meta:
#     ucd: src.var.amplitude
# - 
#   name: derived_secondary_ecl_depth_error
#   datatype: float32
#   unit: mag
#   description: "Secondary eclipse: uncertainty of \\texttt{derivedSecondaryEclDepth}"
#   meta:
#     ucd: stat.error;src.var.amplitude
solution_id,source_id,global_ranking,reference_time,frequency,frequency_error,geom_model_reference_level,geom_model_reference_level_error,geom_model_gaussian1_phase,geom_model_gaussian1_phase_error,geom_model_gaussian1_sigma,geom_model_gaussian1_sigma_error,geom_model_gaussian1_depth,geom_model_gaussian1_depth_error,geom_model_gaussian2_phase,geom_model_gaussian2_phase_error,geom_model_gaussian2_sigma,geom_model_gaussian2_sigma_error,geom_model_gaussian2_depth,geom_model_gaussian2_depth_error,geom_model_cosine_half_period_amplitude,geom_model_cosine_half_period_amplitude_error,geom_model_cosine_half_period_phase,geom_model_cosine_half_period_phase_error,model_type,num_model_parameters,reduced_chi2,derived_primary_ecl_phase,derived_primary_ecl_phase_error,derived_primary_ecl_duration,derived_primary_ecl_duration_error,derived_primary_ecl_depth,derived_primary_ecl_depth_error,derived_secondary_ecl_phase,derived_secondary_ecl_phase_error,derived_secondary_ecl_duration,derived_secondary_ecl_duration_error,derived_secondary_ecl_depth,derived_secondary_ecl_depth_error
[from data line 327]
375316653866487564,5842692334880915712,0.53940487,2203.579194305537,3.444411008083294,9.2138125E-6,18.709103,0.007920999,0.28179517,0.0030748004,0.08524416,0.0044943998,0.28812483,0.016273078,0.78875136,0.0025452315,0.084515475,0.0042387447,0.24073902,0.0094095515,null,null,null,null,"TWOGAUSSIANS",8,2.2979133,0.28179517,0.0030748004,0.4,0.0,0.2820286,0.016303023,0.78875136,0.0025452315,0.4,0.0,0.23464277,0.008394107
375316653866487564,5842693022075722496,0.50088847,2210.632687909524,3.9097911834800048,2.4473096E-5,19.654947,0.01543597,0.22460517,0.017077843,0.075095005,0.020249225,0.5397985,0.355105,0.73720145,0.0056293295,0.06674652,0.011940235,0.59931195,0.076388896,null,null,null,null,"TWOGAUSSIANS",8,3.4370165,0.73720145,0.0056293295,0.37378052,0.036158256,0.597661,0.07909426,0.22460517,0.017077843,0.4,0.06732171,0.5381476,0.3574623
375316653866487564,5842695457319806976,0.48953536,2209.6216501865974,3.15591664486904,3.0411915E-5,15.932601,0.043141536,0.20034349,0.009851476,0.12759496,0.025911007,0.14118902,0.040052637,0.7376215,0.005838548,0.12799618,0.01663978,0.19326061,0.041800078,null,null,null,null,"TWOGAUSSIANS",8,34.633976,0.7380415,0.0054085227,0.4,0.0,0.15733404,0.011409761,0.1995135,0.008980569,0.4,0.0,0.1053571,0.0099299615
375316653866487564,5842696114452071296,0.5756831,2224.9538425489427,3.6336178366453318,4.3976434E-6,17.903381,0.0131174605,0.2750589,0.0017699928,0.051162757,0.004057864,0.2831946,0.03252538,0.76431644,0.0018087837,0.043998297,0.005156736,0.20739332,0.029427974,0.11143294,0.016401025,0.76431644,0.0018087837,"TWOGAUSSIANS_WITH_ELLIPSOIDAL_ON_ECLIPSE2",9,7.838951,0.2735589,0.001505355,0.28651145,0.02272404,0.5051866,0.021674795,0.76431644,0.0018087837,0.24639046,0.02887772,0.43025774,0.016829308
375316653866487564,5842697557565754880,0.59120905,2212.292257684218,0.10263815113449806,8.949204E-5,15.664558,6.8865455E-4,0.47488847,0.0059585683,0.02478778,0.0053607393,0.12209144,0.0059994347,0.8322199,0.019044878,0.010945661,0.009051137,0.13512903,0.07975445,null,null,null,null,"TWOGAUSSIANS",8,3.792276,0.8322199,0.019044878,0.0612957,0.050686367,0.13512903,0.07975445,0.47488847,0.0059585683,0.13881157,0.03002014,0.12209144,0.0059994347
375316653866487564,5842698103020163200,0.49908328,2178.178372688024,2.06787614934639,8.939071E-6,15.266083,0.005289843,0.35480857,0.0036764985,0.016614242,0.018081974,0.04180459,0.31597427,0.7848839,0.0032033476,0.04755752,0.0260735,0.06636661,0.016779764,0.10512423,0.009022493,0.7848839,0.0032033476,"TWOGAUSSIANS_WITH_ELLIPSOIDAL_ON_ECLIPSE2",9,122.510826,0.7848839,0.0032033476,0.2663221,0.14138643,0.27661481,0.011755936,0.34804857,0.019197356,0.09303975,0.10125905,0.2173181,0.31083515
375316653866487564,5842701646369305600,0.43920714,2236.086714736845,3.2585970970789653,2.4509545E-5,18.506954,0.015824262,0.21834905,0.0078599965,0.027914712,0.007779895,0.34762478,0.14321831,0.7002569,0.0077965716,0.025186269,0.0091466615,0.33525002,0.056117322,null,null,null,null,"TWOGAUSSIANS",8,9.688332,0.21834905,0.0078599965,0.15632239,0.04356741,0.34762478,0.14321831,0.7002569,0.0077965716,0.1410431,0.051221307,0.33525002,0.056117322
375316653866487564,5842701676432413440,0.4853752,2231.6924855651073,3.2382008102343445,1.3632128E-5,18.048512,0.023786254,0.24488388,0.012213921,0.07791326,0.013078985,0.4395861,0.044606663,0.74858105,0.0043579983,0.09181815,0.008518456,0.34945798,0.027136207,null,null,null,null,"TWOGAUSSIANS",8,24.785492,0.24488388,0.012213921,0.4,0.0,0.43013948,0.04734655,0.74858105,0.0043579983,0.4,0.0,0.3400111,0.023954188
375316653866487564,5842701921252248832,0.73005617,2255.646423458122,2.4212524459263234,1.0228159E-6,15.89272,0.004923042,0.18418092,5.4804335E-4,0.04927936,0.0012585903,0.27909327,0.01134956,0.6826844,6.1197113E-4,0.04953817,0.0018127507,0.31080014,0.0077367476,0.116420224,0.005271219,0.18418092,5.4804335E-4,"TWOGAUSSIANS_WITH_ELLIPSOIDAL_ON_ECLIPSE1",9,3.9948287,0.6828744,5.0319295E-4,0.27741376,0.010151404,0.5436205,0.0069241063,0.18418092,5.4804335E-4,0.2759644,0.007048106,0.51193166,0.0040897066
375316653866487564,5842702471008086144,0.53875244,2199.1587224951077,2.93595885146078,1.6599892E-5,16.76523,0.016100181,0.27128372,0.0044707856,0.104718685,0.012477303,0.14306796,0.013985009,0.78914255,0.0046879174,0.11330101,0.013283326,0.1420635,0.015487728,null,null,null,null,"TWOGAUSSIANS",8,5.1340995,0.27124372,0.0044300924,0.4,0.0,0.1261289,0.0041572475,0.78915256,0.0046899444,0.4,0.0,0.12510796,0.0045779455
375316653866487564,5842703531858673152,0.4738228,2177.9389796500404,3.6528463511042633,6.244661E-5,19.948507,0.007302845,0.22145277,0.0070502628,0.014531836,0.002973336,2.540763,7.927579,0.5681612,0.03291815,0.027983626,0.024394458,0.06870839,0.3222901,null,null,null,null,"TWOGAUSSIANS",8,2.4247696,0.22145277,0.0070502628,0.08137828,0.016650682,2.540763,7.927579,0.5681612,0.03291815,0.15670832,0.13660897,0.06870839,0.3222901
375316653866487564,5842705112406438016,0.5886444,2190.4295995270645,3.847373401457075,1.065942E-5,18.503822,0.007514854,0.29553124,0.0026934668,0.07821194,0.0030101463,0.444522,0.009455731,0.79200304,0.0019900524,0.07145383,0.0029809715,0.43458322,0.016297687,null,null,null,null,"TWOGAUSSIANS",8,2.488488,0.29553124,0.0026934668,0.4,0.0,0.44146058,0.00910979,0.79200304,0.0019900524,0.4,0.010476489,0.4315218,0.01652604
375316653866487564,5842705971399956480,0.43156794,2232.309785341316,1.1299157141775107,4.1640647E-5,18.524632,0.5302121,0.2622861,0.01548768,0.12187589,0.06133304,0.2887832,0.39903185,0.7737741,0.013079673,0.15413833,0.14656961,0.23585872,0.52629375,null,null,null,null,"TWOGAUSSIANS",8,14.392446,0.2616761,0.013331224,0.4,0.0,0.20015155,0.024922885,0.77393407,0.013056276,0.4,0.0,0.14484812,0.026149115
375316653866487564,5842707586307976576,0.5206859,2195.0194225021783,3.669299097453736,2.8149081E-5,18.231443,0.017675072,0.25630096,0.003043052,0.026713258,0.0122294985,0.30838868,0.072910294,0.74975604,0.010309019,0.04259137,0.02431736,0.2661538,0.13967916,0.12878212,0.023604332,0.25630096,0.003043052,"TWOGAUSSIANS_WITH_ELLIPSOIDAL_ON_ECLIPSE1",9,18.587406,0.25630096,0.003043052,0.14959425,0.06848519,0.5659525,0.08231399,0.750556,0.007936286,0.23851167,0.13617721,0.5233352,0.16757715
375316653866487564,5842708788898697216,0.55989796,2183.081770443408,3.499223052263716,8.047205E-6,18.143661,0.012898,0.31077352,0.0037612407,0.07745216,0.0055850754,0.4194634,0.01779696,0.7981834,0.0021636344,0.077527724,0.003417781,0.51503575,0.015100818,null,null,null,null,"TWOGAUSSIANS",8,8.374064,0.7981834,0.0021636344,0.4,0.0,0.5111214,0.014614911,0.31077352,0.0037612407,0.4,0.0,0.41554904,0.017220939
375316653866487564,5842709647892272768,0.5437835,2172.714863769466,3.281827664349878,6.8444665E-6,19.093372,0.014750708,0.27438506,0.0032267873,0.07837845,0.00479609,0.48614293,0.014571105,0.78569734,0.0028969462,0.06901444,0.008697954,0.47156873,0.06788727,null,null,null,null,"TWOGAUSSIANS",8,3.3518264,0.27438506,0.0032267873,0.4,0.0,0.48381194,0.013630037,0.78569734,0.0028969462,0.38648087,0.02300617,0.46923774,0.0700142
375316653866487564,5842710133229982720,0.52270836,2180.5672647149804,2.5791258014582494,1.0550656E-5,18.89243,0.01056508,0.28115353,0.0030010496,0.044729926,0.0027188114,0.60085154,0.02259889,0.7931673,0.0056105517,0.06141651,0.0068150633,0.24217698,0.016935717,null,null,null,null,"TWOGAUSSIANS",8,7.794469,0.28115353,0.0030010496,0.25048757,0.015225344,0.6008454,0.022597767,0.7931673,0.0056105517,0.34393245,0.038164355,0.24217081,0.01693651
375316653866487564,5842714874873919616,0.52400756,2199.408996593814,2.4697905492471195,1.224421E-5,16.045897,0.0012631074,null,null,null,null,null,null,null,null,null,null,null,null,0.033128805,0.001819209,0.28661832,0.0038621724,"ELLIPSOIDAL",4,7.271524,null,null,null,null,null,null,null,null,null,null,null,null
375316653866487564,5842714874873921408,0.63451403,2207.13759805804,3.1828256118675777,3.929207E-6,17.04008,0.0214989,0.25759843,0.0026278575,0.05954243,0.0064750127,0.39935377,0.04441905,0.75161403,0.0064690504,0.057476938,0.007547101,0.40778792,0.053789653,0.07966798,0.025529873,0.25759843,0.0026278575,"TWOGAUSSIANS_WITH_ELLIPSOIDAL_ON_ECLIPSE1",9,8.794929,0.752164,0.0057862117,0.32187086,0.042263765,0.56683934,0.014472169,0.25759843,0.0026278575,0.3334376,0.036260072,0.5586096,0.036875334
375316653866487564,5842715355905993472,0.52106166,2202.503941658977,3.766625183475611,1.5444179E-5,19.702435,0.016375799,0.22940356,0.0054580728,0.0877832,0.0096983705,0.4097158,0.02325348,0.7274586,0.0042261463,0.0712105,0.005856068,0.5366673,0.020380585,null,null,null,null,"TWOGAUSSIANS",8,2.8074958,0.7274586,0.0042261463,0.39877883,0.02472037,0.5303862,0.019258386,0.22940356,0.0054580728,0.4,0.0,0.40343466,0.024467584
375316653866487564,5842717039524852992,0.45417738,2184.426947355624,0.20028573981467204,4.823162E-5,10.463874,3.4930458E-4,0.87084246,0.009808696,0.009857601,0.009393452,0.08433732,0.08992765,null,null,null,null,null,null,0.0042202794,4.615305E-4,0.87084246,0.009808696,"ONEGAUSSIAN_WITH_ELLIPSOIDAL",6,15.13101,0.87084246,0.009808696,0.055202562,0.05260333,0.092777856,0.089756615,null,null,null,null,null,null
375316653866487564,5842717344468682880,0.55810314,2186.0438266517854,1.8128599123298135,5.0683384E-6,18.453623,0.007709916,0.29974434,0.01886286,0.070250705,0.024429426,0.11712041,0.026359485,0.77175903,0.0010887608,0.032227572,0.001328822,0.6531568,0.01992661,null,null,null,null,"TWOGAUSSIANS",8,11.233683,0.77175903,0.0010887608,0.1804744,0.0074414033,0.65315616,0.019926773,0.29974434,0.01886286,0.39340395,0.117776975,0.117119774,0.02636341
375316653866487564,5842717894224834560,0.5278638,2154.8541248368497,4.14234709542872,9.2395685E-6,19.234407,0.014140147,0.2328518,0.002966428,0.06523792,0.004662316,0.6770393,0.05170065,0.74331325,0.0038849541,0.07495343,0.0056437147,0.3585135,0.018970812,null,null,null,null,"TWOGAUSSIANS",8,2.967304,0.2328518,0.002966428,0.36533234,0.026108969,0.67577636,0.052480336,0.74331325,0.0038849541,0.4,0.0,0.35725057,0.018844787
375316653866487564,5842719062455627648,0.563601,2189.668924581744,0.14045736040244575,1.0160483E-6,15.988287,0.0013428424,0.35273647,5.898208E-7,0.009120714,9.455491E-5,3.0817437,0.13248171,null,null,null,null,null,null,null,null,null,null,"ONEGAUSSIAN",5,16.579416,0.35273647,5.898208E-7,0.051076,5.2950747E-4,3.0817437,0.0,null,null,null,null,null,null
375316653866487564,5842721983033501440,0.54892504,2170.328805855955,1.9242529579748076,1.006874E-5,16.082317,0.0026437312,0.30069324,0.0043900697,0.07797086,0.0040984694,0.12473376,0.004425653,0.8008769,0.003122914,0.08732089,0.004082992,0.08350536,0.0031635978,null,null,null,null,"TWOGAUSSIANS",8,5.7660294,0.30069324,0.0043900697,0.4,0.0,0.122672796,0.0041234917,0.8008769,0.003122914,0.4,0.0,0.08144438,0.002832173
375316653866487564,5842724942275660544,0.6058691,2195.713719159173,2.244100855905044,8.520264E-6,17.02033,0.01060252,0.2947008,0.0017797208,0.049366884,0.0048186625,0.25560287,0.025880085,0.789424,0.0057710395,0.051464982,0.0061868965,0.23325402,0.025893055,0.10259056,0.013418602,0.2947008,0.0017797208,"TWOGAUSSIANS_WITH_ELLIPSOIDAL_ON_ECLIPSE1",9,13.088862,0.2947008,0.0017797208,0.27645454,0.026984511,0.4607813,0.016333062,0.790244,0.0048269015,0.2882039,0.034646623,0.438242,0.008661866
375316653866487564,5842727862843010048,0.533173,2213.0040115638217,3.425523273205814,1.3608143E-5,17.95308,0.022973264,0.22299169,0.0040727723,0.08293776,0.007960116,0.37525773,0.02096239,0.6902708,0.0058921245,0.10172054,0.017736427,0.2625652,0.028833894,null,null,null,null,"TWOGAUSSIANS",8,9.884342,0.2230017,0.0040683793,0.4,0.0,0.36575535,0.014109175,0.6902708,0.0058921245,0.4,0.0,0.2530557,0.033567287
375316653866487564,5842730744765635584,0.5277011,2184.142843092312,3.117104699445771,7.669646E-6,18.728544,0.016092721,0.31089127,0.0042037577,0.09127774,0.0077758557,0.3445324,0.021555958,0.80371296,0.004589225,0.09117215,0.00897051,0.32723394,0.02446456,null,null,null,null,"TWOGAUSSIANS",8,4.6167064,0.31089127,0.0042037577,0.4,0.0,0.3304372,0.02090427,0.80371296,0.004589225,0.4,0.0,0.31313875,0.026066931
375316653866487564,5842732501407934592,0.46542272,2191.2881992984876,0.3417476013973318,4.9776878E-5,19.544163,0.008733289,0.30302036,0.15386823,0.12579168,0.11154855,0.033371136,0.013757028,0.68146306,2.519921E-4,0.008818696,6.5808505E-4,0.8789917,0.11178954,null,null,null,null,"TWOGAUSSIANS",8,1.5956522,0.68146306,2.519921E-4,0.0493847,0.0036852763,0.87932855,0.111257,0.30302036,0.15386823,0.4,0.0,0.03334638,0.013651322
375316653866487564,5842735486410990464,0.65855086,2193.220115566588,2.9573190849953206,1.7906008E-6,16.192034,0.0037762756,0.2267228,0.001636656,0.052166246,0.0019315126,0.3461943,0.01208093,0.72558343,9.975248E-4,0.04773943,0.0018977699,0.32039517,0.008990997,0.09283902,0.0053608245,0.2267228,0.001636656,"TWOGAUSSIANS_WITH_ELLIPSOIDAL_ON_ECLIPSE1",9,11.982132,0.2267228,0.001636656,0.29213098,0.010816471,0.5318679,0.008142544,0.72569346,8.415955E-4,0.2673408,0.010627511,0.5060601,0.010802713
375316653866487564,5842735555130277376,0.50752646,2194.3953156965536,0.11927943990881766,1.0471372E-4,18.144867,0.0022116443,0.3286624,0.015071597,0.042521656,0.019676058,0.015525263,0.0056067784,0.8296568,0.0052077402,0.050981246,0.004128463,0.27981353,0.15915182,null,null,null,null,"TWOGAUSSIANS",8,1.4949732,0.8296568,0.0052077402,0.28549498,0.023119392,0.27981344,0.15915193,0.3286624,0.015071597,0.23812126,0.11018593,0.015525178,0.0056075156
375316653866487564,5842735692569280512,0.49901694,2185.167764757545,0.6121349915148689,5.479855E-6,19.148668,0.005448802,0.1892333,4.7670296E-4,0.023103878,7.795677E-4,0.60118306,0.0885761,0.6386959,0.035168942,0.13672818,0.031953983,0.06028278,0.018484749,null,null,null,null,"TWOGAUSSIANS",8,3.188104,0.1892433,4.7034392E-4,0.12938172,0.004365579,0.60114235,0.08859055,0.6386959,0.035168942,0.4,0.0,0.05995242,0.018837264
375316653866487564,5842736177910101120,0.5638123,2184.6732603691094,0.1109981984735164,2.950576E-5,13.020751,9.924705E-4,0.19702992,3.054201E-5,0.0072127515,5.7804922E-5,0.19495888,0.0017584196,0.8015742,0.031947415,0.04107068,0.040203277,0.0065382035,0.04859111,0.0026040336,0.0013645411,0.8015742,0.031947415,"TWOGAUSSIANS_WITH_ELLIPSOIDAL_ON_ECLIPSE2",9,25.637596,0.19703992,3.054201E-5,0.040391408,3.2370756E-4,0.19822507,0.0016991094,0.8015742,0.031947415,0.22999582,0.22513835,0.011746271,0.048378747
375316653866487564,5842736521507515008,0.67534566,2203.792407506638,1.0164456842707508,2.0696145E-6,16.738907,0.003538406,0.2708319,0.0011768179,0.05104169,0.0010947892,0.47042504,0.010915628,0.7698717,0.0016504176,0.037461974,0.0050064716,0.054794457,0.0075241146,0.088627346,0.004761987,0.2708319,0.0011768179,"TWOGAUSSIANS_WITH_ELLIPSOIDAL_ON_ECLIPSE1",9,4.2631087,0.2708319,0.0011768179,0.28583345,0.0061308197,0.6476765,0.011583188,0.7701217,0.0011592463,0.20978706,0.02803624,0.2320412,0.0029214472
375316653866487564,5842737174332025472,0.4903633,2187.913240247255,3.4687095935140757,2.5007568E-5,18.836355,0.014373915,0.26049015,0.008775136,0.08158761,0.01271054,0.17499745,0.014494094,0.75705993,0.0070922147,0.08962941,0.010002748,0.17849518,0.017794546,null,null,null,null,"TWOGAUSSIANS",8,3.256659,0.75705993,0.0070922147,0.4,0.0,0.17380975,0.01629961,0.26049015,0.008775136,0.4,0.0,0.17031208,0.011225814
