Gaia/vari_eclipsing_binary/VariEclipsingBinary_676239-676271.csv
# %ECSV 1.0
# ---
# delimiter: ','
# meta: !!omap
# - RELEASE: Gaia DR3
# - TABLE: vari_eclipsing_binary
# - DESCRIPTION: >
#     This table describes the properties of the eclipsing binaries resulting from the variability analysis. 
# - CITATION: >
#     How to cite and acknowledge Gaia: 
#     https://gea.esac.esa.int/archive/documentation/credits.html 
# - KNOWN_ISSUES: >
#     Known issues: 
#     https://www.cosmos.esa.int/web/gaia-users/known-issues 
# - DOCUMENTATION: >
#     Tutorials and documentation: 
#     https://www.cosmos.esa.int/web/gaia-users/archive 
# datatype:
# - 
#   name: solution_id
#   datatype: int64
#   description: Solution Identifier
#   meta:
#     ucd: meta.version
# - 
#   name: source_id
#   datatype: int64
#   description: Unique source identifier
#   meta:
#     ucd: meta.id;meta.main
# - 
#   name: global_ranking
#   datatype: float32
#   description: Number between 0 (worst) and 1 (best)
#   meta:
#     ucd: stat.param
# - 
#   name: reference_time
#   datatype: float64
#   unit: d
#   description: Reference time used for the geometric model fit
#   meta:
#     ucd: time.epoch
# - 
#   name: frequency
#   datatype: float64
#   unit: d**-1
#   description: Frequency of geometric model of the eclipsing binary light curve
#   meta:
#     ucd: src.orbital
# - 
#   name: frequency_error
#   datatype: float32
#   unit: d**-1
#   description: "Uncertainty of \\texttt{frequency}"
#   meta:
#     ucd: stat.error
# - 
#   name: geom_model_reference_level
#   datatype: float32
#   unit: mag
#   description: Magnitude reference level of geometric model
#   meta:
#     ucd: phot.mag;em.opt
# - 
#   name: geom_model_reference_level_error
#   datatype: float32
#   unit: mag
#   description: "Uncertainty of \\texttt{geomModelReferenceLevel}"
#   meta:
#     ucd: stat.error;phot.mag;em.opt
# - 
#   name: geom_model_gaussian1_phase
#   datatype: float32
#   description: Phase of the Gaussian 1 component
#   meta:
#     ucd: time.phase
# - 
#   name: geom_model_gaussian1_phase_error
#   datatype: float32
#   description: "Uncertainty of \\texttt{geomModelGaussian1Phase}"
#   meta:
#     ucd: stat.error;time.phase
# - 
#   name: geom_model_gaussian1_sigma
#   datatype: float32
#   description: "Standard deviation [phase] of Gaussian 1 component"
#   meta:
#     ucd: stat.stdev
# - 
#   name: geom_model_gaussian1_sigma_error
#   datatype: float32
#   description: "Uncertainty of \\texttt{geomModelGaussian1Sigma}"
#   meta:
#     ucd: stat.error
# - 
#   name: geom_model_gaussian1_depth
#   datatype: float32
#   unit: mag
#   description: Magnitude depth of Gaussian 1 component
#   meta:
#     ucd: src.var.amplitude
# - 
#   name: geom_model_gaussian1_depth_error
#   datatype: float32
#   unit: mag
#   description: "Uncertainty of \\texttt{geomModelGaussian1Depth}"
#   meta:
#     ucd: stat.error;src.var.amplitude
# - 
#   name: geom_model_gaussian2_phase
#   datatype: float32
#   description: Phase of Gaussian 2 component
#   meta:
#     ucd: time.phase
# - 
#   name: geom_model_gaussian2_phase_error
#   datatype: float32
#   description: "Uncertainty of \\texttt{geomModelGaussian2Phase}"
#   meta:
#     ucd: stat.error;time.phase
# - 
#   name: geom_model_gaussian2_sigma
#   datatype: float32
[...]
#   datatype: float32
#   description: "Secondary eclipse: uncertainty of \\texttt{derivedSecondaryEclDuration}"
#   meta:
#     ucd: stat.error;time.duration
# - 
#   name: derived_secondary_ecl_depth
#   datatype: float32
#   unit: mag
#   description: "Secondary eclipse: depth"
#   meta:
#     ucd: src.var.amplitude
# - 
#   name: derived_secondary_ecl_depth_error
#   datatype: float32
#   unit: mag
#   description: "Secondary eclipse: uncertainty of \\texttt{derivedSecondaryEclDepth}"
#   meta:
#     ucd: stat.error;src.var.amplitude
solution_id,source_id,global_ranking,reference_time,frequency,frequency_error,geom_model_reference_level,geom_model_reference_level_error,geom_model_gaussian1_phase,geom_model_gaussian1_phase_error,geom_model_gaussian1_sigma,geom_model_gaussian1_sigma_error,geom_model_gaussian1_depth,geom_model_gaussian1_depth_error,geom_model_gaussian2_phase,geom_model_gaussian2_phase_error,geom_model_gaussian2_sigma,geom_model_gaussian2_sigma_error,geom_model_gaussian2_depth,geom_model_gaussian2_depth_error,geom_model_cosine_half_period_amplitude,geom_model_cosine_half_period_amplitude_error,geom_model_cosine_half_period_phase,geom_model_cosine_half_period_phase_error,model_type,num_model_parameters,reduced_chi2,derived_primary_ecl_phase,derived_primary_ecl_phase_error,derived_primary_ecl_duration,derived_primary_ecl_duration_error,derived_primary_ecl_depth,derived_primary_ecl_depth_error,derived_secondary_ecl_phase,derived_secondary_ecl_phase_error,derived_secondary_ecl_duration,derived_secondary_ecl_duration_error,derived_secondary_ecl_depth,derived_secondary_ecl_depth_error
[from data line 73]
375316653866487564,5948312757577739776,0.4596059,2354.3937060531166,1.2756317277476508,5.4072338E-5,17.632132,0.024181247,0.27670664,0.0058821873,0.04608647,0.007813727,0.42387712,0.035900507,0.69403267,0.04830104,0.13683496,0.07527107,0.051383965,0.026013203,null,null,null,null,"TWOGAUSSIANS",8,38.550194,0.27675664,0.0058909277,0.25808424,0.04375687,0.42349032,0.035390504,0.69403267,0.04830104,0.4,0.0,0.050499998,0.020136273
375316653866487564,5948313105495097856,0.5589504,2316.648556179515,1.491898093498146,1.4548334E-5,15.525609,0.013061262,0.262079,0.0041665738,0.121509045,0.01460772,0.107598014,0.012501914,0.7626617,0.0030798984,0.104725294,0.010631586,0.12496827,0.011268394,null,null,null,null,"TWOGAUSSIANS",8,6.0148487,0.7626617,0.0030864235,0.4,0.0,0.10518168,0.0045744106,0.262079,0.0041665738,0.4,0.0,0.087768935,0.0020094248
375316653866487564,5948313204254332160,0.55105287,2291.6797958017705,0.10903183505732185,5.321754E-5,16.471767,0.003018312,0.5510064,0.004802009,0.0023924175,0.0037417065,1.1694196,0.8435251,null,null,null,null,null,null,0.004961324,0.0050278683,0.5510064,0.004802009,"ONEGAUSSIAN_WITH_ELLIPSOIDAL",6,29.120483,0.5510064,0.004802009,0.013397538,0.020953557,1.1793423,0.843123,null,null,null,null,null,null
375316653866487564,5948313582211506688,0.576935,2343.2906392180053,2.8089817743650585,1.2975371E-5,17.654705,0.009518005,0.2252293,0.0028843072,0.09272958,0.0046528927,0.26820686,0.009601812,0.7276915,0.0020010418,0.088312864,0.0042746486,0.28664336,0.009842047,null,null,null,null,"TWOGAUSSIANS",8,5.599813,0.7276915,0.0020010418,0.4,0.0,0.27487525,0.008152256,0.2252293,0.0028843072,0.4,0.0,0.25643855,0.0065198066
375316653866487564,5948313620867654144,0.5059576,2270.7919535491574,2.8614696015399983,2.4236047E-5,18.522734,0.009290208,0.24582644,0.0073209894,0.081841074,0.007966146,0.21690641,0.016348774,0.741035,0.005444296,0.078231685,0.0066213943,0.2132883,0.010539215,null,null,null,null,"TWOGAUSSIANS",8,4.2965074,0.24582644,0.0073209894,0.4,0.0,0.21392672,0.016012775,0.741035,0.005444296,0.4,0.0,0.21030861,0.009119582
375316653866487564,5948313930129181568,0.45170158,2284.5403183233293,1.8571605714184523,1.4938528E-5,17.664064,0.03981363,0.30886775,0.03267875,0.16808787,0.16035171,0.041506477,0.034823738,0.76811874,0.0042694174,0.055537872,0.010007219,0.11711358,0.023268158,null,null,null,null,"TWOGAUSSIANS",8,5.2765546,0.76811874,0.0042694174,0.3110121,0.05604043,0.11360192,0.016682096,0.30886775,0.03267875,0.4,0.0,0.036766604,0.011201279
375316653866487564,5948314514224107264,0.45883268,2334.908234256306,1.857209806037899,3.2709977E-5,19.473888,0.010137377,0.21606804,0.0052212146,0.044998337,0.0058171363,0.22582684,0.048893683,0.7555216,0.0421429,0.07310752,0.042771947,0.14921016,0.07189092,null,null,null,null,"TWOGAUSSIANS",8,1.4494585,0.21606804,0.0052212146,0.25199068,0.03257596,0.22581686,0.048896722,0.7555216,0.0421429,0.4,0.18248996,0.14920019,0.07196691
375316653866487564,5948314990962240128,0.538282,2317.308469770582,3.019934384694309,1.2248515E-5,18.941015,0.01634037,0.20752372,0.0047748247,0.0623971,0.0059952256,0.36934918,0.031067016,0.69752043,0.0023030404,0.060166493,0.0045651062,0.4942511,0.022509916,null,null,null,null,"TWOGAUSSIANS",8,6.6356373,0.69752043,0.0023030404,0.33693236,0.025564596,0.49410304,0.022490663,0.20752372,0.0047748247,0.34942374,0.033573262,0.3692011,0.031061016
375316653866487564,5948316262272561792,0.43092933,2294.2927013417525,0.7042129298323135,2.8739638E-5,18.762897,0.007836362,0.15495504,0.006902014,0.06354632,0.009625374,0.095761165,0.013166684,0.72170734,0.016940279,0.051875267,0.020861328,0.12565374,0.028715437,null,null,null,null,"TWOGAUSSIANS",8,3.9274752,0.72170734,0.016940279,0.2905015,0.116823435,0.12565249,0.028732955,0.15495504,0.006902014,0.35585943,0.053902097,0.09575992,0.013162538
375316653866487564,5948321553671640704,0.5488402,2288.717462366422,0.1663344057286522,2.1510185E-5,18.700367,0.0029641227,0.34885138,0.018920919,0.06167252,0.021744488,0.023547214,0.007676428,0.6468215,0.00389592,0.037711617,0.0015739255,0.46156844,0.055053312,null,null,null,null,"TWOGAUSSIANS",8,1.1021259,0.6468215,0.00389592,0.21118505,0.008813983,0.46156862,0.055053223,0.34885138,0.018920919,0.34536612,0.120761365,0.023547214,0.007676428
375316653866487564,5948321557969125504,0.45701933,2345.250993924437,2.602878477021868,8.331546E-5,19.48454,0.023895983,0.15852413,0.008787425,0.07321999,0.017383019,0.2339761,0.0867161,0.61935276,0.016787495,0.108966954,0.023279173,0.29136232,0.06335432,null,null,null,null,"TWOGAUSSIANS",8,3.755524,0.61935276,0.016787495,0.4,0.0,0.28480518,0.06625369,0.15855412,0.008774753,0.4,0.06266263,0.22745846,0.08889086
375316653866487564,5948322416984845056,0.58287454,2353.3741301978935,3.126694536773713,7.8805215E-6,17.184364,0.014266021,0.25789955,0.003602448,0.061151393,0.007378849,0.20616306,0.031064298,0.75876975,0.0031321049,0.054218598,0.006707851,0.20625126,0.026078315,0.07025186,0.016010143,0.25789955,0.003602448,"TWOGAUSSIANS_WITH_ELLIPSOIDAL_ON_ECLIPSE1",9,11.464918,0.75876975,0.0029422669,0.30362415,0.037563965,0.3466974,0.012890422,0.25789955,0.003602448,0.3424478,0.041321553,0.34661338,0.016814029
375316653866487564,5948323241617986688,0.45213467,2313.7651028460973,1.788656356473668,2.3550332E-5,13.316618,0.0051293704,0.32238078,0.010281368,0.009123511,0.007808213,0.11639544,0.034672525,0.6965779,0.009149659,0.017737325,0.014076653,0.16994947,7.3787804,0.04828057,0.007175633,0.6965779,0.009149659,"TWOGAUSSIANS_WITH_ELLIPSOIDAL_ON_ECLIPSE2",9,1475.1338,0.6965779,0.009149659,0.09932902,0.07882926,0.26651055,7.3786454,0.32195076,0.009347645,0.051091656,0.043725993,0.16432053,0.03737124
375316653866487564,5948323310337422720,0.49483594,2281.1454839871385,3.7981451295663144,2.0802276E-5,18.941015,0.024563449,0.23865868,0.0029734143,0.062830344,0.015500614,0.13421996,0.049365453,0.7208346,0.013973902,0.023401527,0.022713155,0.10904854,0.04850662,0.12207629,0.02961422,0.23865868,0.0029734143,"TWOGAUSSIANS_WITH_ELLIPSOIDAL_ON_ECLIPSE1",9,9.830829,0.23865868,0.0029734143,0.3518499,0.086803444,0.37832275,0.02129824,0.7224046,0.014381876,0.13104855,0.12719366,0.35036853,0.031480767
375316653866487564,5948323550855617536,0.6274996,2316.5342783503647,2.517221491325996,4.9738114E-6,15.58436,0.00462999,0.2660164,0.0019494417,0.09805925,0.002822202,0.23863482,0.005476149,0.7621065,0.0014494086,0.088995434,0.0021933152,0.30454475,0.0048731314,null,null,null,null,"TWOGAUSSIANS",8,10.372406,0.7621065,0.0014494086,0.4,0.0,0.29036245,0.0036866383,0.2660164,0.0019494417,0.4,0.0,0.22445151,0.0045228726
375316653866487564,5948323688271044224,0.46469885,2291.4767597541013,0.14409152480330956,6.725764E-5,18.765453,0.08502653,0.3492323,0.026411118,0.09878665,0.03959934,0.64439213,0.18182875,0.7786368,0.01671437,0.06934732,0.055445883,0.15202904,0.14911036,null,null,null,null,"TWOGAUSSIANS",8,15.397564,0.3492323,0.026411477,0.4,0.0,0.642215,0.1905038,0.7786368,0.01671437,0.388345,0.21672562,0.14990282,0.14804417
375316653866487564,5948324822142667648,0.55785495,2248.685283270345,3.7467567629196314,6.6853127E-6,18.546818,0.013325689,0.1426976,0.0012713068,0.047129188,0.0038405082,0.4140643,0.037819378,0.64299566,0.004287125,0.051935386,0.006002038,0.4307722,0.05466285,0.12521322,0.022591682,0.1426976,0.0012713068,"TWOGAUSSIANS_WITH_ELLIPSOIDAL_ON_ECLIPSE1",9,7.0924516,0.64299566,0.004153762,0.29083815,0.033611413,0.681193,0.049053483,0.1426976,0.0012713068,0.26392347,0.021506846,0.664486,0.035383716
375316653866487564,5948325131380123392,0.56156594,2309.4263807188026,4.146448525767358,1.1384744E-5,19.399271,0.014642811,0.28901976,0.002952331,0.042283617,0.0051729535,0.48458737,0.111045435,0.7862051,0.0053986004,0.04087699,0.00737818,0.33455896,0.041127685,0.1360649,0.023339037,0.28901976,0.002952331,"TWOGAUSSIANS_WITH_ELLIPSOIDAL_ON_ECLIPSE1",9,3.5576992,0.28901976,0.002952331,0.23678826,0.02896854,0.75671715,0.11245054,0.7864751,0.004868462,0.22891113,0.04131781,0.6066119,0.037836466
375316653866487564,5948327227324437120,0.5647437,2225.6605641906094,3.521016267422406,1.5388054E-5,17.84761,0.02684044,0.27566034,0.002921893,0.053984325,0.0052228915,0.44735864,0.068831556,0.77951765,0.0031092223,0.052272845,0.0079314625,0.35262656,0.053539295,0.0911912,0.0332371,0.27566034,0.002921893,"TWOGAUSSIANS_WITH_ELLIPSOIDAL_ON_ECLIPSE1",9,17.115326,0.27566034,0.002921893,0.30231223,0.029248191,0.6297283,0.0346857,0.77951765,0.0031092223,0.29272795,0.04441619,0.5348891,0.028668292
375316653866487564,5948327536562115840,0.55409753,2257.5470796314016,0.2817438114012235,8.811786E-6,18.966177,0.009281427,0.08469938,0.0067260796,0.015031231,0.0028255156,0.27949834,0.034894727,0.58688617,9.561995E-5,0.0071704593,1.7928169E-4,1.2142195,0.0355326,null,null,null,null,"TWOGAUSSIANS",8,5.2372627,0.58688617,9.561995E-5,0.040154573,0.0010039775,1.2142195,0.0355326,0.08469938,0.0067260796,0.084174894,0.015822887,0.27949834,0.034894727
375316653866487564,5948328361219160448,0.5606628,2303.9215477384696,1.8417976422315538,1.0749655E-5,16.88904,0.010380052,0.23753014,0.003344521,0.102771394,0.00856101,0.15734002,0.009379818,0.73463035,0.0025103528,0.10526777,0.009418253,0.12794851,0.009000741,null,null,null,null,"TWOGAUSSIANS",8,3.6550047,0.23753014,0.003344521,0.4,0.0,0.14210615,0.0049608126,0.73463035,0.0025103528,0.4,0.0,0.11271368,0.004626657
375316653866487564,5948330147904218240,0.4357248,2337.19379649837,0.5983540056910694,1.4713469E-5,19.525509,0.009700616,0.106413625,0.0011541736,0.021938607,0.00124657,0.28328922,0.013765323,0.63756824,0.022167927,0.019547066,0.043352086,0.25401515,0.31281206,null,null,null,null,"TWOGAUSSIANS",8,6.160345,0.106413625,0.0011541736,0.1228562,0.0069807926,0.28328922,0.013765323,0.63756824,0.022167927,0.10946357,0.24277167,0.25401515,0.31281206
375316653866487564,5948330899516048640,0.5020956,2303.7785768312624,1.9873761840393223,6.0799448E-5,17.619295,0.002191168,0.35528013,0.030871855,0.045853086,0.02124712,0.014439392,0.0044279643,0.72965944,7.522919E-4,0.003184744,2.4207923E-4,1.1022308,0.35476124,null,null,null,null,"TWOGAUSSIANS",8,5.532295,0.72965944,7.522919E-4,0.017834567,0.0013556436,1.1022308,0.35476124,0.35528013,0.030871855,0.2567773,0.11898388,0.014439392,0.0044279643
375316653866487564,5948331140034278272,0.58699745,2330.1609580901777,2.5004930259374167,7.940677E-6,17.113443,0.008414876,0.28626257,0.0015041819,0.045123458,0.0040249308,0.251091,0.025257394,0.7761218,0.0020208387,0.0517141,0.0045968243,0.2778669,0.0209217,0.10604283,0.0146160815,0.28626257,0.0015041819,"TWOGAUSSIANS_WITH_ELLIPSOIDAL_ON_ECLIPSE1",9,15.751546,0.7775318,0.0016621386,0.28959897,0.025742218,0.4892103,0.01642372,0.28626257,0.0015041819,0.25269136,0.022539614,0.4631753,0.01870896
375316653866487564,5948331659754430848,0.5540593,2324.23064025997,2.4264353267485257,7.5916073E-6,14.087887,0.026902236,0.26218787,0.002944249,0.11128086,0.014361874,0.1956044,0.022465607,0.7596559,0.0024637023,0.11410155,0.010011564,0.24951717,0.025495687,null,null,null,null,"TWOGAUSSIANS",8,110.93114,0.7596559,0.0024637023,0.4,0.0,0.21274616,0.006201531,0.26219788,0.002950514,0.4,0.0,0.15885104,0.009198975
375316653866487564,5948332346927149056,0.5167785,2301.716754438706,3.4633839125282866,1.1284011E-5,19.732119,0.012364099,0.23420319,0.0028354023,0.08446788,0.005237215,0.40531734,0.016787266,0.7421737,0.010297745,0.08700357,0.010640485,0.29059166,0.04048744,null,null,null,null,"TWOGAUSSIANS",8,1.1826615,0.23420319,0.0028354023,0.4,0.0,0.3968281,0.017272184,0.7421737,0.010297745,0.4,0.0,0.28210238,0.042235855
375316653866487564,5948332651862578816,0.6194773,2295.764218366574,1.1780370447443786,1.2175148E-5,16.15926,0.001392791,0.2769509,0.0013564962,0.04481017,0.0012866823,0.237749,0.005386603,0.7739671,0.013154792,0.032616377,0.012337794,0.040582348,0.005616032,0.014411794,0.0021853591,0.2769509,0.0013564962,"TWOGAUSSIANS_WITH_ELLIPSOIDAL_ON_ECLIPSE1",9,5.643465,0.2769509,0.0013564962,0.25093696,0.007205421,0.26657254,0.0046084435,0.77413714,0.012961066,0.1826517,0.06909164,0.06939633,0.0049550007
375316653866487564,5948335130088152576,0.55936486,2281.083474496497,0.6289191060370448,2.888138E-6,18.417774,0.009453725,0.3538155,0.044473503,0.07785823,0.06853191,0.029922495,0.013274513,0.76421857,4.3002938E-4,0.014741846,4.2874823E-4,0.55740833,0.019207785,null,null,null,null,"TWOGAUSSIANS",8,10.29411,0.76421857,4.3002938E-4,0.08255434,0.00240099,0.55740833,0.019254897,0.3538155,0.044473503,0.4,0.18419112,0.029922495,0.01327042
375316653866487564,5948337634025937792,0.59441394,2305.8011939449257,2.760706767088802,4.6656146E-6,18.052418,0.009444602,0.25934717,0.0018146116,0.07680251,0.003920076,0.46518388,0.017051687,0.7606635,0.0014143522,0.07411634,0.002605979,0.44208226,0.011287001,null,null,null,null,"TWOGAUSSIANS",8,4.2130775,0.25934717,0.0018146116,0.4,0.0,0.4615388,0.01766193,0.7606635,0.0014143522,0.4,0.0,0.4384372,0.01097678
375316653866487564,5948338566062050688,0.58640075,2331.002835553329,2.6412615600724956,1.2077403E-5,16.541756,0.013389801,0.27923632,0.0032072805,0.06895837,0.008459566,0.21918447,0.04262674,0.7916417,0.0024663773,0.056543216,0.007325929,0.17206202,0.025130186,0.07698349,0.015096366,0.27923632,0.0032072805,"TWOGAUSSIANS_WITH_ELLIPSOIDAL_ON_ECLIPSE1",9,25.417095,0.27923632,0.0032072805,0.38616687,0.038589776,0.37285075,0.031001085,0.7916417,0.0024663773,0.316642,0.041025203,0.32479474,0.009316377
375316653866487564,5948338875299693056,0.49250662,2360.82871538377,0.8314284552920275,1.275757E-5,16.806091,0.004506454,0.24348165,0.0042095277,0.10182145,0.011260695,0.059539776,0.004046925,0.74243015,0.0065182485,0.095338315,0.011172134,0.06302,0.0049449764,null,null,null,null,"TWOGAUSSIANS",8,1.9323659,0.74243015,0.0065182485,0.4,0.0,0.058179244,0.004144866,0.24348165,0.0042095277,0.4,0.0,0.054698467,0.0032050721
375316653866487564,5948339940430107648,0.5081313,2343.842662884532,3.2277430619527703,9.108946E-6,19.55472,0.013988927,0.29566976,0.0071393847,0.069651395,0.0076826527,0.46628603,0.040756457,0.81102943,0.0023483362,0.076058425,0.005157381,0.4854547,0.029877644,null,null,null,null,"TWOGAUSSIANS",8,2.606116,0.81102943,0.0023483362,0.4,0.0,0.48362678,0.030430432,0.29566976,0.0071393847,0.39004782,0.031922206,0.4644581,0.041214872
375316653866487564,5948340627631946752,0.54959774,2283.2093609306135,2.499932306739745,9.036069E-6,18.901867,0.015942665,0.2588691,7.4596534E-4,0.04333781,0.0028211796,0.49610874,0.031543348,0.7508198,0.0042019933,0.051614184,0.00666631,0.4028325,0.045961466,0.06864417,0.022557437,0.2588691,7.4596534E-4,"TWOGAUSSIANS_WITH_ELLIPSOIDAL_ON_ECLIPSE1",9,4.8605127,0.2588691,7.4596534E-4,0.24269176,0.015798606,0.6333955,0.015880877,0.75135976,0.0039170813,0.28903943,0.037331335,0.53979176,0.03964482
375316653866487564,5948341211744098688,0.5167619,2323.5867927237596,3.8649066003224677,1.5286338E-6,19.610142,0.0039395373,0.363646,2.4744071E-5,0.0010722986,1.3762195E-5,1.4327635,0.03987751,0.79384947,0.061567836,0.060164705,0.039083317,0.037786864,0.017066922,null,null,null,null,"TWOGAUSSIANS",8,1.2149997,0.363646,2.4744071E-5,0.0060048723,7.706829E-5,1.4327635,0.03987751,0.79384947,0.061567836,0.33692235,0.21886657,0.037786864,0.017066922
375316653866487564,5948341795878788864,0.5601274,2333.0837245837947,0.582859703495257,6.5928875E-6,15.909288,0.011005535,0.20475584,0.0025440685,0.09012432,0.007738998,0.15106654,0.010587197,0.691252,0.004888903,0.078044556,0.0062895333,0.29466838,0.013256288,null,null,null,null,"TWOGAUSSIANS",8,27.129484,0.691252,0.004888903,0.4,0.0,0.29082397,0.011755852,0.20475584,0.0025440685,0.4,0.0,0.14722204,0.008565932
