Gaia/vari_eclipsing_binary/VariEclipsingBinary_667222-667250.csv
# %ECSV 1.0
# ---
# delimiter: ','
# meta: !!omap
# - RELEASE: Gaia DR3
# - TABLE: vari_eclipsing_binary
# - DESCRIPTION: >
#     This table describes the properties of the eclipsing binaries resulting from the variability analysis. 
# - CITATION: >
#     How to cite and acknowledge Gaia: 
#     https://gea.esac.esa.int/archive/documentation/credits.html 
# - KNOWN_ISSUES: >
#     Known issues: 
#     https://www.cosmos.esa.int/web/gaia-users/known-issues 
# - DOCUMENTATION: >
#     Tutorials and documentation: 
#     https://www.cosmos.esa.int/web/gaia-users/archive 
# datatype:
# - 
#   name: solution_id
#   datatype: int64
#   description: Solution Identifier
#   meta:
#     ucd: meta.version
# - 
#   name: source_id
#   datatype: int64
#   description: Unique source identifier
#   meta:
#     ucd: meta.id;meta.main
# - 
#   name: global_ranking
#   datatype: float32
#   description: Number between 0 (worst) and 1 (best)
#   meta:
#     ucd: stat.param
# - 
#   name: reference_time
#   datatype: float64
#   unit: d
#   description: Reference time used for the geometric model fit
#   meta:
#     ucd: time.epoch
# - 
#   name: frequency
#   datatype: float64
#   unit: d**-1
#   description: Frequency of geometric model of the eclipsing binary light curve
#   meta:
#     ucd: src.orbital
# - 
#   name: frequency_error
#   datatype: float32
#   unit: d**-1
#   description: "Uncertainty of \\texttt{frequency}"
#   meta:
#     ucd: stat.error
# - 
#   name: geom_model_reference_level
#   datatype: float32
#   unit: mag
#   description: Magnitude reference level of geometric model
#   meta:
#     ucd: phot.mag;em.opt
# - 
#   name: geom_model_reference_level_error
#   datatype: float32
#   unit: mag
#   description: "Uncertainty of \\texttt{geomModelReferenceLevel}"
#   meta:
#     ucd: stat.error;phot.mag;em.opt
# - 
#   name: geom_model_gaussian1_phase
#   datatype: float32
#   description: Phase of the Gaussian 1 component
#   meta:
#     ucd: time.phase
# - 
#   name: geom_model_gaussian1_phase_error
#   datatype: float32
#   description: "Uncertainty of \\texttt{geomModelGaussian1Phase}"
#   meta:
#     ucd: stat.error;time.phase
# - 
#   name: geom_model_gaussian1_sigma
#   datatype: float32
#   description: "Standard deviation [phase] of Gaussian 1 component"
#   meta:
#     ucd: stat.stdev
# - 
#   name: geom_model_gaussian1_sigma_error
#   datatype: float32
#   description: "Uncertainty of \\texttt{geomModelGaussian1Sigma}"
#   meta:
#     ucd: stat.error
# - 
#   name: geom_model_gaussian1_depth
#   datatype: float32
#   unit: mag
#   description: Magnitude depth of Gaussian 1 component
#   meta:
#     ucd: src.var.amplitude
# - 
#   name: geom_model_gaussian1_depth_error
#   datatype: float32
#   unit: mag
#   description: "Uncertainty of \\texttt{geomModelGaussian1Depth}"
#   meta:
#     ucd: stat.error;src.var.amplitude
# - 
#   name: geom_model_gaussian2_phase
#   datatype: float32
#   description: Phase of Gaussian 2 component
#   meta:
#     ucd: time.phase
# - 
#   name: geom_model_gaussian2_phase_error
#   datatype: float32
#   description: "Uncertainty of \\texttt{geomModelGaussian2Phase}"
#   meta:
#     ucd: stat.error;time.phase
# - 
#   name: geom_model_gaussian2_sigma
#   datatype: float32
[...]
#   datatype: float32
#   description: "Secondary eclipse: uncertainty of \\texttt{derivedSecondaryEclDuration}"
#   meta:
#     ucd: stat.error;time.duration
# - 
#   name: derived_secondary_ecl_depth
#   datatype: float32
#   unit: mag
#   description: "Secondary eclipse: depth"
#   meta:
#     ucd: src.var.amplitude
# - 
#   name: derived_secondary_ecl_depth_error
#   datatype: float32
#   unit: mag
#   description: "Secondary eclipse: uncertainty of \\texttt{derivedSecondaryEclDepth}"
#   meta:
#     ucd: stat.error;src.var.amplitude
solution_id,source_id,global_ranking,reference_time,frequency,frequency_error,geom_model_reference_level,geom_model_reference_level_error,geom_model_gaussian1_phase,geom_model_gaussian1_phase_error,geom_model_gaussian1_sigma,geom_model_gaussian1_sigma_error,geom_model_gaussian1_depth,geom_model_gaussian1_depth_error,geom_model_gaussian2_phase,geom_model_gaussian2_phase_error,geom_model_gaussian2_sigma,geom_model_gaussian2_sigma_error,geom_model_gaussian2_depth,geom_model_gaussian2_depth_error,geom_model_cosine_half_period_amplitude,geom_model_cosine_half_period_amplitude_error,geom_model_cosine_half_period_phase,geom_model_cosine_half_period_phase_error,model_type,num_model_parameters,reduced_chi2,derived_primary_ecl_phase,derived_primary_ecl_phase_error,derived_primary_ecl_duration,derived_primary_ecl_duration_error,derived_primary_ecl_depth,derived_primary_ecl_depth_error,derived_secondary_ecl_phase,derived_secondary_ecl_phase_error,derived_secondary_ecl_duration,derived_secondary_ecl_duration_error,derived_secondary_ecl_depth,derived_secondary_ecl_depth_error
[from data line 319]
375316653866487564,5869070065560231552,0.5032062,2249.0404758350164,0.2098520292615496,1.2042926E-6,17.81099,0.0010223605,0.19098529,1.6553629E-6,0.0048633046,2.3914461E-5,0.45820162,0.0015770873,null,null,null,null,null,null,null,null,null,null,"ONEGAUSSIAN",5,1.896975,0.19098529,1.6553629E-6,0.027234506,1.3392098E-4,0.45820162,0.0,null,null,null,null,null,null
375316653866487564,5869070409111803264,0.4485641,2235.223129346015,1.063888964767497,3.8697097E-5,19.541668,0.0072154826,0.34280583,0.0042763324,0.03731664,0.0067192,0.45412573,0.07924565,0.84698504,0.010485729,0.010800559,0.006810927,0.08868537,0.034017574,null,null,null,null,"TWOGAUSSIANS",8,8.219317,0.34280583,0.0042763324,0.20897317,0.037627522,0.45412573,0.07924565,0.84698504,0.010485729,0.060483128,0.03814119,0.08868537,0.034017574
375316653866487564,5869070615272009984,0.5560684,2220.8727046008034,2.3244672549745484,3.0627702E-6,19.39062,0.004940148,0.23987232,0.0011493168,0.02528171,9.788633E-4,0.6976029,0.0105792675,0.7389386,0.0019237989,0.02708229,9.704204E-4,0.60000575,0.018331684,null,null,null,null,"TWOGAUSSIANS",8,2.5412102,0.23987232,0.0011493168,0.14157759,0.0054816348,0.6976029,0.0105792675,0.7389386,0.0019237989,0.15166083,0.0054343543,0.60000575,0.018331684
375316653866487564,5869070924553738624,0.63297623,2217.6254211694663,0.66162047317777,1.0445293E-6,14.802529,0.0028454254,0.21534048,0.0036584688,0.040687263,0.0036997055,0.057467934,0.007937967,0.71379393,0.0015227934,0.039882578,0.0011943347,0.500089,0.010869475,0.012340555,0.0037898018,0.21534048,0.0036584688,"TWOGAUSSIANS_WITH_ELLIPSOIDAL_ON_ECLIPSE1",9,48.11798,0.71380395,0.0015125712,0.22334243,0.0066882744,0.52476776,0.008627133,0.21534048,0.0036584688,0.22784866,0.020718351,0.08214903,0.004765728
375316653866487564,5869071027632917120,0.5002041,2231.0200350144187,0.8630292415819552,7.5873413E-6,14.3771305,0.0036161726,0.24047323,0.016440175,0.03133077,0.017582506,0.10051758,0.009102998,0.7335321,0.0020112349,0.032412503,0.0033951083,0.09464233,0.012999799,0.014162441,0.005308788,0.7335321,0.0020112349,"TWOGAUSSIANS_WITH_ELLIPSOIDAL_ON_ECLIPSE2",9,88.5579,0.24032323,0.01592544,0.17545232,0.09846203,0.12878977,0.008344168,0.7335321,0.0020112349,0.18151002,0.019012606,0.12296721,0.011022459
375316653866487564,5869071779193135104,0.5417789,2267.652438721749,2.678166813252435,6.127335E-5,18.333364,0.0015017687,0.45251876,9.232839E-5,0.007824368,9.4288866E-5,0.60815513,0.009222349,0.8029023,0.008105368,0.023433097,0.006973439,0.015811,0.0035917708,null,null,null,null,"TWOGAUSSIANS",8,1.6197718,0.45251876,9.232839E-5,0.043816462,5.2801764E-4,0.60815513,0.009222349,0.8029023,0.008105368,0.13122535,0.039051257,0.015811,0.0035917708
375316653866487564,5869072054071116928,0.69104147,2236.867057363369,0.48718166819678577,9.966287E-7,13.535991,6.031547E-4,0.25832868,2.3846874E-4,0.020298928,2.136161E-4,0.44972232,0.005385941,0.7550411,2.1798472E-4,0.01987478,4.2734138E-4,0.41342968,0.004037578,0.0035881435,0.0011918583,0.25832868,2.3846874E-4,"TWOGAUSSIANS_WITH_ELLIPSOIDAL_ON_ECLIPSE1",9,17.719109,0.25832868,2.3846874E-4,0.11367399,0.0011962502,0.4568986,0.0053688427,0.7550411,2.1798472E-4,0.11129876,0.0023931118,0.4206029,0.0033878682
375316653866487564,5869073020497933440,0.5072168,2237.3710064630177,0.19246139133253604,3.6787056E-5,17.037663,0.0010925482,0.10961366,0.0025635948,0.017010057,0.0030781634,0.09897951,0.008168323,0.6146849,0.0025739358,0.0132916225,0.0021484492,0.20456962,0.03907834,null,null,null,null,"TWOGAUSSIANS",8,4.7336087,0.6146849,0.0025739358,0.07443309,0.012031316,0.20456962,0.03907834,0.10961366,0.0025635948,0.09525632,0.017237715,0.09897951,0.008168323
375316653866487564,5869073398409584256,0.472743,2233.5167818024365,3.303513245159835,2.1156926E-5,19.093311,0.020700257,0.24952677,0.0073605566,0.09931053,0.016860228,0.17489135,0.0226609,0.7464383,0.005130025,0.098307155,0.01372621,0.1930108,0.018202886,null,null,null,null,"TWOGAUSSIANS",8,3.2250488,0.7464383,0.005130025,0.4,0.0,0.17863508,0.012316107,0.24952677,0.0073605566,0.4,0.0,0.16051546,0.022437649
375316653866487564,5869073879446367488,0.51592165,2246.4376564609915,2.2765149332320704,8.331185E-6,17.209759,0.007751863,0.25289565,0.0023827173,0.09071347,0.00519513,0.22229922,0.0086939335,0.75336707,0.002895429,0.095458254,0.004749677,0.21544927,0.008683417,null,null,null,null,"TWOGAUSSIANS",8,10.458702,0.25289565,0.0023827173,0.4,0.0,0.21050806,0.008602126,0.75336707,0.002895429,0.4,0.0,0.20365775,0.0070726923
375316653866487564,5869074807158704000,0.4276237,2227.3302517601724,2.4224670222094926,1.951325E-5,19.697079,0.003169846,0.3389814,0.19014497,0.017330185,0.021496288,0.04997544,730.7583,0.8551743,1.208002E-5,0.00230127,3.565201E-5,0.59662026,0.0021161262,0.020428494,0.005909277,0.8551743,1.208002E-5,"TWOGAUSSIANS_WITH_ELLIPSOIDAL_ON_ECLIPSE2",9,4.313667,0.8551743,1.208002E-5,0.012887112,1.9965124E-4,0.6374773,0.013313185,0.3392914,0.19031708,0.097049035,0.12037921,0.090418875,730.75964
375316653866487564,5869075283886613632,0.4912387,2246.67530634373,0.4316652090984216,7.105897E-6,17.302355,0.0011396592,0.38588426,8.0905156E-4,0.011349926,0.001022669,0.12069983,0.014612316,0.88609415,0.0030633844,0.010351904,0.0019709081,0.20023796,0.2198687,null,null,null,null,"TWOGAUSSIANS",8,3.6147656,0.88609415,0.0030633844,0.05797066,0.011037085,0.20023796,0.2198687,0.38588426,8.0905156E-4,0.063559584,0.0057269465,0.12069983,0.014612316
375316653866487564,5869075356914906624,0.543006,2233.4493415565676,3.131346348879737,1.2181678E-5,18.470215,0.0032440186,0.26863483,0.0035520624,0.07954085,0.0042597516,0.18991606,0.004898535,0.77632326,0.0036319266,0.07631795,0.004446474,0.17103885,0.0074739107,null,null,null,null,"TWOGAUSSIANS",8,1.5443798,0.26863483,0.0035520624,0.4,0.0,0.18812466,0.0047012223,0.77632326,0.0036319266,0.4,0.0,0.16924745,0.0076457146
375316653866487564,5869075356914935808,0.5209775,2222.5016468218596,2.060961325800152,1.11611125E-5,11.772631,0.035874236,0.29848903,0.005057719,0.11367382,0.020607907,0.13544726,0.03454785,0.78105444,0.0030465801,0.12176218,0.023795638,0.1112775,0.03498388,null,null,null,null,"TWOGAUSSIANS",8,81.185,0.29857904,0.0048920293,0.4,0.0,0.11369948,0.005673831,0.78105444,0.0030465801,0.4,0.0,0.089493945,0.004536222
375316653866487564,5869075391274762496,0.5384634,2220.254648366644,0.3589549707000074,6.3216944E-6,19.87023,0.0075484673,0.22373055,0.004878467,0.046136413,0.0051356424,0.30876136,0.034131948,0.7230426,0.0019148159,0.045767963,0.0020530766,0.59165895,0.025355926,null,null,null,null,"TWOGAUSSIANS",8,2.3476653,0.7230426,0.0019148159,0.2563006,0.011497229,0.5916586,0.025356004,0.22373055,0.004878467,0.2583639,0.028759597,0.30876106,0.03413216
375316653866487564,5869075661843752832,0.5354116,2242.046351843006,0.665049972000006,7.947901E-6,18.88842,0.01175,0.21418598,0.0028550546,0.044292606,0.0034089605,0.42295286,0.03254154,0.71486706,0.009316156,0.04339896,0.009234958,0.275177,0.069845,0.059104275,0.015568715,0.21418598,0.0028550546,"TWOGAUSSIANS_WITH_ELLIPSOIDAL_ON_ECLIPSE1",9,6.897075,0.21418598,0.0028550546,0.2480386,0.01909018,0.5411611,0.018077096,0.71486706,0.009043846,0.24303418,0.051715765,0.3933831,0.072974965
375316653866487564,5869075696211124224,0.5862775,2248.3615327946927,2.8094739705466516,3.8154717E-6,18.406937,0.011289127,0.25246492,0.00207481,0.049462464,0.0053867856,0.21901225,0.024244718,0.7457612,0.0021660815,0.055409785,0.0065876646,0.32655165,0.020494929,0.08995229,0.013451909,0.25246492,0.00207481,"TWOGAUSSIANS_WITH_ELLIPSOIDAL_ON_ECLIPSE1",9,3.1789742,0.7465512,0.00184585,0.3102948,0.03689092,0.5061652,0.028401097,0.25246492,0.00207481,0.2769898,0.030165998,0.3989073,0.019308386
375316653866487564,5869075803591456384,0.56745994,2227.2678159067377,3.6883140216796266,3.0454614E-6,19.415306,0.012260465,0.26750204,0.001528521,0.045504354,0.0033339874,0.44967666,0.033564676,0.7662717,0.002732496,0.045016393,0.0035538685,0.34401813,0.028027343,0.13198471,0.016337588,0.26750204,0.001528521,"TWOGAUSSIANS_WITH_ELLIPSOIDAL_ON_ECLIPSE1",9,2.1917927,0.26750204,0.001528521,0.25482437,0.01867033,0.7136459,0.022783967,0.7664017,0.0024246888,0.2520918,0.019901663,0.60797334,0.011991985
375316653866487564,5869075936740040832,0.5046815,2250.130432916486,2.0156769504320655,1.0955061E-5,18.681126,0.017799223,0.2658525,0.0037779454,0.10037584,0.010478449,0.19146207,0.01669981,0.77292556,0.005774196,0.09436,0.012339392,0.17949745,0.019041916,null,null,null,null,"TWOGAUSSIANS",8,3.03256,0.2658525,0.0037779454,0.4,0.0,0.17895952,0.009377637,0.77292556,0.005774196,0.4,0.0,0.16699626,0.016929785
375316653866487564,5869076593910786304,0.5717754,2230.1880426618427,2.451589522204826,4.7276226E-6,17.67491,0.0070399065,0.2244594,0.0019669693,0.046798177,0.0144020105,0.090768486,0.013459929,0.7108089,0.0062343488,0.049159884,0.0065102256,0.080702715,0.02155807,0.10843557,0.008949251,0.2244594,0.0019669693,"TWOGAUSSIANS_WITH_ELLIPSOIDAL_ON_ECLIPSE1",9,7.4206524,0.2244594,0.0019669693,0.2620698,0.08065126,0.3076388,0.008307697,0.7154389,0.0034830335,0.27529535,0.036457263,0.29651996,0.0136894705
375316653866487564,5869076662630297088,0.617222,2211.408755857663,0.154260460201805,6.036787E-6,16.776428,7.659585E-4,0.093739055,7.556846E-4,0.0069904886,4.6642998E-4,0.3640235,0.017904786,0.30118632,0.005784758,0.016785137,0.0055742767,0.011012265,0.0044919425,null,null,null,null,"TWOGAUSSIANS",8,2.4296067,0.093739055,7.556846E-4,0.039146736,0.0026120078,0.3640235,0.017904786,0.30118632,0.005784758,0.09399676,0.03121595,0.011012265,0.0044919425
375316653866487564,5869076834383955584,0.5057134,2224.7888630000616,2.3718330191454444,8.37821E-6,19.522112,0.028357413,0.2763825,0.0031931153,0.102866426,0.009014801,0.36410102,0.02605637,0.77585113,0.0034645712,0.10115402,0.009409273,0.35119948,0.027321564,null,null,null,null,"TWOGAUSSIANS",8,2.6582348,0.2763825,0.0031931153,0.4,0.0,0.3288262,0.011887055,0.77585113,0.0034645712,0.4,0.0,0.31592658,0.018795982
375316653866487564,5869077281105689600,0.58567077,2220.9722504542465,1.3005639155841888,2.6330222E-6,16.499254,0.0032590672,0.24498953,9.8317E-4,0.040838186,0.0016360576,0.43799272,0.018972946,0.75164366,0.0038335025,0.0452159,0.0030403268,0.092735514,0.009462015,0.047285616,0.0041909846,0.24498953,9.8317E-4,"TWOGAUSSIANS_WITH_ELLIPSOIDAL_ON_ECLIPSE1",9,8.849137,0.24498953,9.8317E-4,0.22869383,0.009161922,0.5325639,0.019738624,0.75164366,0.0038335025,0.25320905,0.01702583,0.18714148,0.005532392
375316653866487564,5869077555938982656,0.5740345,2251.225321115773,2.730721026310284,3.6775868E-6,18.75448,0.011245474,0.2261538,0.001936792,0.05334176,0.005294935,0.2620003,0.02567871,0.72411275,0.0016835836,0.051377144,0.0037884424,0.25478554,0.024033494,0.11155945,0.014358334,0.2261538,0.001936792,"TWOGAUSSIANS_WITH_ELLIPSOIDAL_ON_ECLIPSE1",9,3.658038,0.2261538,0.001936792,0.29871386,0.029651634,0.485113,0.015780926,0.72443277,0.0012964333,0.287712,0.021215277,0.4778672,0.008897991
375316653866487564,5869077968255688960,0.49585754,2232.9115248974763,2.8422072038387993,1.0242789E-5,18.942156,0.0101185255,0.25110197,0.0037746693,0.089439176,0.005344015,0.3104111,0.015406256,0.7489123,0.0033592589,0.080294766,0.004908391,0.3252439,0.01539822,null,null,null,null,"TWOGAUSSIANS",8,4.732328,0.7489123,0.0033592589,0.4,0.0,0.31728444,0.015031426,0.25110197,0.0037746693,0.4,0.0,0.30245152,0.014983343
375316653866487564,5869078135751590912,0.609012,2230.5652938226053,3.3711569128776953,2.7300716E-6,18.788506,0.013549709,0.24769998,0.0014874738,0.049239237,0.00372153,0.6169623,0.03396023,0.7517869,0.0020147064,0.042423848,0.0036859286,0.3855622,0.027193079,0.114142604,0.015901309,0.24769998,0.0014874738,"TWOGAUSSIANS_WITH_ELLIPSOIDAL_ON_ECLIPSE1",9,3.672439,0.24769998,0.0014874738,0.27573973,0.020840568,0.84524554,0.037508927,0.7517869,0.0020147064,0.23757355,0.0206412,0.61369497,0.013243317
375316653866487564,5869078513705410048,0.59344196,2221.39210589569,3.3972137986430604,3.781395E-6,15.036827,0.0036477158,0.26687127,0.002200481,0.08265719,0.0024292117,0.42923477,0.009077424,0.75090075,0.0014312678,0.071280465,0.0013974608,0.4529092,0.0073063015,null,null,null,null,"TWOGAUSSIANS",8,102.79913,0.75090075,0.0014312678,0.3991706,0.006648095,0.44972068,0.0072133048,0.26687127,0.002200481,0.4,0.0,0.42604625,0.009191684
375316653866487564,5869078655450761088,0.5756963,2292.7386385510795,1.7811414848782416,4.84627E-6,18.796888,0.0026962322,0.2465381,0.0013574768,0.05485633,0.0030324855,0.32634085,0.020597922,0.77823234,0.0011322048,0.013931015,0.0016628967,0.10168848,0.036192812,0.07555047,0.0037187184,0.2465381,0.0013574768,"TWOGAUSSIANS_WITH_ELLIPSOIDAL_ON_ECLIPSE1",9,1.5116693,0.2465381,0.0013574768,0.30719545,0.016981918,0.47743165,0.020787438,0.77823234,0.0011322048,0.07801368,0.009312222,0.24686585,0.0331971
375316653866487564,5869078719860432256,0.48192775,2248.750878343919,0.28930097895891976,1.0712594E-5,17.199148,0.0032024756,0.30970976,0.00406197,0.029632559,0.0059982263,0.12839991,0.014860789,0.81131655,0.0011653461,0.02916724,0.0012411827,0.24895509,0.014754991,0.021929026,0.0055942954,0.30970976,0.00406197,"TWOGAUSSIANS_WITH_ELLIPSOIDAL_ON_ECLIPSE1",9,17.814219,0.81131655,0.0011653461,0.16333655,0.006950623,0.29280862,0.014445928,0.30970976,0.00406197,0.16594234,0.033590067,0.17225792,0.014975627
375316653866487564,5869078754220193536,0.5775739,2256.807571169796,0.7738793916534236,6.228831E-6,17.835854,0.0023306212,0.23971394,0.0015453675,0.028551916,0.0017264055,0.4597978,0.04231897,0.7371294,0.0016336683,0.030670037,0.0012685743,0.21618938,0.008482126,0.016218113,0.00339795,0.23971394,0.0015453675,"TWOGAUSSIANS_WITH_ELLIPSOIDAL_ON_ECLIPSE1",9,3.246684,0.23971394,0.0015453675,0.15989073,0.009667871,0.49223396,0.044971157,0.7371594,0.0016147916,0.17175221,0.007104016,0.24861708,0.007290478
375316653866487564,5869078999049703424,0.4857398,2264.7661215257754,3.3578069535774437,1.2540682E-5,19.426338,0.0122174695,0.25048086,0.0038939158,0.08936008,0.0075701713,0.30194345,0.014945633,0.739947,0.0050760503,0.08327054,0.007952028,0.25905508,0.02231397,null,null,null,null,"TWOGAUSSIANS",8,3.20448,0.25048086,0.0038939158,0.4,0.0,0.2948744,0.015124734,0.739947,0.0050760503,0.4,0.0,0.25198615,0.022802565
375316653866487564,5869079033452862976,0.5041459,2257.248681541559,4.8003640031406904,5.0339077E-6,18.083338,9.618747E-4,0.22242665,0.020662496,0.014694581,0.010422842,0.045382712,0.024141304,0.86176485,5.6757045E-4,0.0052517536,4.5935172E-4,0.30065164,0.015329797,null,null,null,null,"TWOGAUSSIANS",8,1.6148833,0.86176485,5.6757045E-4,0.02940982,0.0025723695,0.30065164,0.015329797,0.22242665,0.020662496,0.08228965,0.058367915,0.045382712,0.024141304
375316653866487564,5869079239611326080,0.47234854,2263.6510072458063,2.335227537114038,9.933039E-6,18.701239,0.023523066,0.2580755,0.0048844833,0.093420625,0.011758404,0.2102293,0.023074042,0.7599323,0.0046041985,0.104692094,0.013693758,0.28737202,0.018795071,null,null,null,null,"TWOGAUSSIANS",8,8.764146,0.7599323,0.0046041985,0.4,0.0,0.26737666,0.011813022,0.2580755,0.0048844833,0.4,0.0,0.19024013,0.014020972
375316653866487564,5869079308330809344,0.48649168,2248.7922767854125,0.5639478974104744,1.5905278E-5,17.003914,0.0014877914,0.5840338,0.0075730677,0.0076758685,0.005374387,0.017553326,3.2565944,0.7476152,0.01138014,0.007929904,0.014825243,0.30406177,0.17145039,null,null,null,null,"TWOGAUSSIANS",8,9.105137,0.7476152,0.01138014,0.04440746,0.08302136,0.30406177,0.17145039,0.5840338,0.0075730677,0.042984862,0.030096566,0.017553326,3.2565944
