Gaia/vari_eclipsing_binary/VariEclipsingBinary_668221-668244.csv
# %ECSV 1.0
# ---
# delimiter: ','
# meta: !!omap
# - RELEASE: Gaia DR3
# - TABLE: vari_eclipsing_binary
# - DESCRIPTION: >
#     This table describes the properties of the eclipsing binaries resulting from the variability analysis. 
# - CITATION: >
#     How to cite and acknowledge Gaia: 
#     https://gea.esac.esa.int/archive/documentation/credits.html 
# - KNOWN_ISSUES: >
#     Known issues: 
#     https://www.cosmos.esa.int/web/gaia-users/known-issues 
# - DOCUMENTATION: >
#     Tutorials and documentation: 
#     https://www.cosmos.esa.int/web/gaia-users/archive 
# datatype:
# - 
#   name: solution_id
#   datatype: int64
#   description: Solution Identifier
#   meta:
#     ucd: meta.version
# - 
#   name: source_id
#   datatype: int64
#   description: Unique source identifier
#   meta:
#     ucd: meta.id;meta.main
# - 
#   name: global_ranking
#   datatype: float32
#   description: Number between 0 (worst) and 1 (best)
#   meta:
#     ucd: stat.param
# - 
#   name: reference_time
#   datatype: float64
#   unit: d
#   description: Reference time used for the geometric model fit
#   meta:
#     ucd: time.epoch
# - 
#   name: frequency
#   datatype: float64
#   unit: d**-1
#   description: Frequency of geometric model of the eclipsing binary light curve
#   meta:
#     ucd: src.orbital
# - 
#   name: frequency_error
#   datatype: float32
#   unit: d**-1
#   description: "Uncertainty of \\texttt{frequency}"
#   meta:
#     ucd: stat.error
# - 
#   name: geom_model_reference_level
#   datatype: float32
#   unit: mag
#   description: Magnitude reference level of geometric model
#   meta:
#     ucd: phot.mag;em.opt
# - 
#   name: geom_model_reference_level_error
#   datatype: float32
#   unit: mag
#   description: "Uncertainty of \\texttt{geomModelReferenceLevel}"
#   meta:
#     ucd: stat.error;phot.mag;em.opt
# - 
#   name: geom_model_gaussian1_phase
#   datatype: float32
#   description: Phase of the Gaussian 1 component
#   meta:
#     ucd: time.phase
# - 
#   name: geom_model_gaussian1_phase_error
#   datatype: float32
#   description: "Uncertainty of \\texttt{geomModelGaussian1Phase}"
#   meta:
#     ucd: stat.error;time.phase
# - 
#   name: geom_model_gaussian1_sigma
#   datatype: float32
#   description: "Standard deviation [phase] of Gaussian 1 component"
#   meta:
#     ucd: stat.stdev
# - 
#   name: geom_model_gaussian1_sigma_error
#   datatype: float32
#   description: "Uncertainty of \\texttt{geomModelGaussian1Sigma}"
#   meta:
#     ucd: stat.error
# - 
#   name: geom_model_gaussian1_depth
#   datatype: float32
#   unit: mag
#   description: Magnitude depth of Gaussian 1 component
#   meta:
#     ucd: src.var.amplitude
# - 
#   name: geom_model_gaussian1_depth_error
#   datatype: float32
#   unit: mag
#   description: "Uncertainty of \\texttt{geomModelGaussian1Depth}"
#   meta:
#     ucd: stat.error;src.var.amplitude
# - 
#   name: geom_model_gaussian2_phase
#   datatype: float32
#   description: Phase of Gaussian 2 component
#   meta:
#     ucd: time.phase
# - 
#   name: geom_model_gaussian2_phase_error
#   datatype: float32
#   description: "Uncertainty of \\texttt{geomModelGaussian2Phase}"
#   meta:
#     ucd: stat.error;time.phase
# - 
#   name: geom_model_gaussian2_sigma
#   datatype: float32
[...]
#   datatype: float32
#   description: "Secondary eclipse: uncertainty of \\texttt{derivedSecondaryEclDuration}"
#   meta:
#     ucd: stat.error;time.duration
# - 
#   name: derived_secondary_ecl_depth
#   datatype: float32
#   unit: mag
#   description: "Secondary eclipse: depth"
#   meta:
#     ucd: src.var.amplitude
# - 
#   name: derived_secondary_ecl_depth_error
#   datatype: float32
#   unit: mag
#   description: "Secondary eclipse: uncertainty of \\texttt{derivedSecondaryEclDepth}"
#   meta:
#     ucd: stat.error;src.var.amplitude
solution_id,source_id,global_ranking,reference_time,frequency,frequency_error,geom_model_reference_level,geom_model_reference_level_error,geom_model_gaussian1_phase,geom_model_gaussian1_phase_error,geom_model_gaussian1_sigma,geom_model_gaussian1_sigma_error,geom_model_gaussian1_depth,geom_model_gaussian1_depth_error,geom_model_gaussian2_phase,geom_model_gaussian2_phase_error,geom_model_gaussian2_sigma,geom_model_gaussian2_sigma_error,geom_model_gaussian2_depth,geom_model_gaussian2_depth_error,geom_model_cosine_half_period_amplitude,geom_model_cosine_half_period_amplitude_error,geom_model_cosine_half_period_phase,geom_model_cosine_half_period_phase_error,model_type,num_model_parameters,reduced_chi2,derived_primary_ecl_phase,derived_primary_ecl_phase_error,derived_primary_ecl_duration,derived_primary_ecl_duration_error,derived_primary_ecl_depth,derived_primary_ecl_depth_error,derived_secondary_ecl_phase,derived_secondary_ecl_phase_error,derived_secondary_ecl_duration,derived_secondary_ecl_duration_error,derived_secondary_ecl_depth,derived_secondary_ecl_depth_error
[from data line 179]
375316653866487564,5877786542720055936,0.54736006,2270.150576526498,0.587242645345026,9.916468E-6,18.029062,0.003735491,0.20460731,0.0022817815,0.027647922,0.0017626573,0.4007275,0.025078015,0.70532,0.0011867341,0.031622425,0.001159312,0.35381314,0.013921014,null,null,null,null,"TWOGAUSSIANS",8,7.88675,0.20460731,0.0022817815,0.15482835,0.009870881,0.4007275,0.025078015,0.70532,0.0011867341,0.17708556,0.0064921468,0.35381314,0.013921014
375316653866487564,5877786787583243648,0.6256448,2269.982902333557,1.154184691706132,4.5185193E-6,15.911547,0.007399119,0.24033463,0.0012219496,0.09922233,0.0031238026,0.25771302,0.007027777,0.73959464,0.0016932386,0.11127029,0.003300166,0.26504657,0.0070492206,null,null,null,null,"TWOGAUSSIANS",8,6.2204165,0.73959464,0.0016932386,0.4,0.0,0.23422039,0.0029680359,0.24033463,0.0012219496,0.4,0.0,0.22690713,0.0032629182
375316653866487564,5877786890619229440,0.4225999,2253.2865368181983,2.5952566684667713,4.2605076E-5,19.260443,0.030574104,0.22512753,0.016594,0.08723233,0.023424322,0.21918173,0.031178884,0.7259587,0.017241195,0.1006944,0.031731088,0.15181202,0.038018953,null,null,null,null,"TWOGAUSSIANS",8,7.3343234,0.22512753,0.016594,0.4,0.004238942,0.20893294,0.019057425,0.7259587,0.017241195,0.4,0.0,0.1415619,0.03985785
375316653866487564,5877787165540929280,0.51973724,2277.8422093648255,0.7730674118750306,1.6245776E-5,16.943008,0.0016353439,0.8290505,0.0032464438,0.033159852,0.002768547,0.19604595,0.0062911045,null,null,null,null,null,null,null,null,null,null,"ONEGAUSSIAN",5,6.9374714,0.8290505,0.0032464438,0.18569517,0.015503863,0.19604595,0.0,null,null,null,null,null,null
375316653866487564,5877787268576451968,0.51200235,2281.9267960929787,2.786960114339508,1.7106175E-5,19.421377,0.010808058,0.2594108,0.004623261,0.08744484,0.0068192845,0.33480594,0.02079402,0.7471946,0.00829722,0.073297836,0.0065484187,0.41615835,0.030425917,null,null,null,null,"TWOGAUSSIANS",8,3.0160398,0.7471946,0.00829722,0.4,0.0,0.41157305,0.030076794,0.2594108,0.004623261,0.4,0.0,0.33022058,0.021014994
375316653866487564,5877787577857640064,0.6696408,2230.487179377,0.7950430398762631,2.1030312E-6,15.294183,0.0016503413,0.30655727,3.571329E-4,0.03165716,3.7463196E-4,0.47697347,0.005555046,0.8044363,3.4552734E-4,0.03206409,5.02856E-4,0.4721893,0.00501843,0.021965459,0.0024363487,0.30655727,3.571329E-4,"TWOGAUSSIANS_WITH_ELLIPSOIDAL_ON_ECLIPSE1",9,18.222164,0.30655727,3.571329E-4,0.17728008,0.002097939,0.5209044,0.0048164553,0.8044563,3.3868544E-4,0.1795589,0.0028159935,0.51611245,0.004177778
375316653866487564,5877787680893548032,0.5111043,2264.236008700491,2.564258611617253,2.0644873E-5,18.948732,0.0085967565,0.27946177,0.007806157,0.08688157,0.009371076,0.19004133,0.011275213,0.78009135,0.0045999256,0.08896867,0.0063757086,0.18790044,0.009506953,null,null,null,null,"TWOGAUSSIANS",8,1.6019678,0.27946177,0.007806157,0.4,0.0,0.18347394,0.00956374,0.78009135,0.0045999256,0.4,0.0,0.18133302,0.0076693753
375316653866487564,5877787921455302784,0.54303765,2242.3803861457977,0.2216824627041164,5.315104E-6,14.376178,0.0027882478,0.2042623,0.0016483642,0.013881155,0.0015268733,0.21885693,0.011368999,0.8723538,1.2095527E-5,0.005376497,3.407816E-5,0.58503765,0.002931514,0.0072156796,0.0038761874,0.2042623,0.0016483642,"TWOGAUSSIANS_WITH_ELLIPSOIDAL_ON_ECLIPSE1",9,212.2063,0.8723538,1.2095527E-5,0.030108381,1.9083769E-4,0.5885342,0.0037334994,0.2042623,0.0016483642,0.07773447,0.008550491,0.23328827,0.01091816
375316653866487564,5877788574290293120,0.5454804,2261.5473980111956,0.15809336396108548,1.7131973E-5,15.453392,0.0010201576,0.2932373,0.005783775,0.02294599,0.010312699,0.027511021,0.2392355,0.7905144,6.1551336E-4,0.008634545,0.004113168,0.08275682,0.07063608,null,null,null,null,"TWOGAUSSIANS",8,3.8750699,0.7905144,6.1551336E-4,0.048353452,0.02303374,0.08275682,0.07063608,0.2932373,0.005783775,0.12849756,0.05775111,0.027511021,0.2392355
375316653866487564,5877788780405457152,0.5679042,2258.8245343530616,0.9470900538378557,8.371265E-6,18.190872,0.003221419,0.25769797,0.007433603,0.043327305,0.004142033,0.4673065,0.03189915,0.7487628,0.008997861,0.043810505,0.005391045,0.12810214,0.009957695,null,null,null,null,"TWOGAUSSIANS",8,2.940668,0.25769797,0.007433603,0.24263291,0.023195386,0.46730646,0.03189911,0.7487628,0.008997861,0.24533884,0.030189853,0.12810212,0.009957681
375316653866487564,5877790395312236160,0.5958279,2238.3136892150183,2.5794158367068247,5.6672907E-6,18.99383,0.010655869,0.26162618,0.0020603992,0.04060124,0.0027392732,0.37124223,0.023751453,0.7647879,0.0033821387,0.047932588,0.003194672,0.414176,0.03442186,0.1279304,0.013634751,0.26162618,0.0020603992,"TWOGAUSSIANS_WITH_ELLIPSOIDAL_ON_ECLIPSE1",9,3.4153347,0.7647879,0.0033821387,0.26842248,0.017890163,0.66993535,0.028273046,0.26162618,0.0020603992,0.22736692,0.01533993,0.62710255,0.009507075
375316653866487564,5877790567110934272,0.50115424,2242.1876390415996,3.442899815364198,1.484738E-5,19.252651,0.008946869,0.28440148,0.00626766,0.06875757,0.007189497,0.29856393,0.018349724,0.789139,0.0037804372,0.07974043,0.006713382,0.34613633,0.0294873,null,null,null,null,"TWOGAUSSIANS",8,3.096497,0.789139,0.0037804372,0.4,0.0,0.3441376,0.030235143,0.28440148,0.00626766,0.3850424,0.036557354,0.2965652,0.01843049
375316653866487564,5877790910752333056,0.54405224,2257.7215766409718,2.309344690535452,9.820647E-6,17.44223,0.017956153,0.19470908,0.0041598463,0.06778399,0.011722041,0.10699517,0.040919688,0.7109877,0.009629102,0.068840444,0.008597107,0.174625,0.043310557,0.12605329,0.021662904,0.19470908,0.0041598463,"TWOGAUSSIANS_WITH_ELLIPSOIDAL_ON_ECLIPSE1",9,31.512253,0.7109877,0.009629102,0.38550648,0.04642609,0.4238849,0.019992314,0.19470908,0.0041598463,0.37959033,0.058283802,0.35888332,0.009826768
375316653866487564,5877791043842631296,0.5001723,2256.1875526597805,0.21741024611794815,1.509184E-5,19.015377,0.0033110026,0.5648654,4.2418123E-5,0.004501598,1.824305E-4,0.19549814,0.0037097791,0.8391006,9.2428195E-4,0.010217759,9.092337E-4,0.3738972,0.020249838,null,null,null,null,"TWOGAUSSIANS",8,2.1681728,0.8391006,9.2428195E-4,0.05721945,0.0050917086,0.3738972,0.020249838,0.5648654,4.2418123E-5,0.025208948,0.0010216109,0.19549814,0.0037097791
375316653866487564,5877791421799465216,0.45411325,2248.240652506924,0.9955868109034133,8.723165E-5,18.108526,0.013383913,0.20837373,0.028443944,0.105653256,0.05888814,0.031768855,0.013374399,0.69560325,0.008570543,0.08210815,0.023408888,0.08698853,0.011174232,null,null,null,null,"TWOGAUSSIANS",8,2.8415139,0.69560325,0.008570543,0.4,0.0039913924,0.08470602,0.008635946,0.20837373,0.028443944,0.4,0.0,0.029485347,0.008507111
375316653866487564,5877791700983360640,0.534004,2256.3850733888275,2.950436226772022,1.5473299E-5,19.432236,0.01114118,0.26929095,0.0041366713,0.08336489,0.0047659473,0.4196459,0.020333646,0.7624414,0.0066103754,0.06645845,0.007277353,0.44233462,0.021976328,null,null,null,null,"TWOGAUSSIANS",8,2.9241624,0.7624414,0.0066103754,0.37216732,0.037115064,0.43954346,0.022092598,0.26929095,0.0041366713,0.4,0.0,0.4168547,0.020137189
375316653866487564,5877792113343422208,0.4340321,2257.529738556749,0.0801754376290978,1.7119438E-4,17.356611,0.009856915,0.23561937,0.039274305,0.06290855,0.025143942,0.06511154,0.0381394,0.5720372,0.010329212,0.056320976,0.00849506,0.20413768,0.04029708,null,null,null,null,"TWOGAUSSIANS",8,16.205276,0.5720372,0.010329212,0.31539747,0.047572333,0.20413768,0.040298432,0.23561937,0.039274305,0.3522879,0.12088575,0.0651115,0.038139466
375316653866487564,5877792525617211520,0.46918368,2263.6787592445316,2.79244422527896,3.127634E-5,19.060272,0.028353985,0.21942607,0.0058508827,0.09202785,0.01170925,0.2444833,0.028368292,0.7160286,0.015452232,0.09111917,0.020840224,0.23624131,0.037689414,null,null,null,null,"TWOGAUSSIANS",8,5.7642207,0.21942607,0.0058504436,0.4,0.0,0.23348433,0.017369421,0.7160286,0.015452232,0.4,0.0,0.22524239,0.026767768
375316653866487564,5877794342380903552,0.49549866,2251.712351410403,2.462276712368051,1.3402833E-5,18.594955,0.018336799,0.27387667,0.002976437,0.09091892,0.0068848347,0.2636086,0.017727558,0.7711056,0.003787294,0.08893642,0.008517172,0.28571597,0.017299285,null,null,null,null,"TWOGAUSSIANS",8,5.6417384,0.7711056,0.003787294,0.4,0.0,0.2746922,0.013744545,0.27387667,0.002976437,0.4,0.0,0.2525848,0.011629867
375316653866487564,5877794896439796736,0.53939366,2237.8869143509582,3.100324887997623,1.11574955E-5,19.32019,0.008189017,0.27943602,0.0024229202,0.06566407,0.0022717426,0.44894406,0.009483738,0.7758635,0.0024278765,0.059765548,0.006931378,0.545857,0.026784813,null,null,null,null,"TWOGAUSSIANS",8,2.5082934,0.7758635,0.0024278765,0.33468708,0.03881572,0.54554594,0.027073214,0.27943602,0.0024229202,0.3677188,0.012721758,0.448633,0.009325426
375316653866487564,5877795824153427200,0.45992547,2230.7997948779744,2.355400085357498,3.714821E-5,19.121658,0.055728503,0.21775927,0.011905533,0.10439251,0.03594166,0.18393464,0.05527343,0.7238181,0.0073344205,0.094265245,0.021805601,0.21926811,0.05131148,null,null,null,null,"TWOGAUSSIANS",8,4.3911557,0.7238181,0.007336725,0.4,0.0,0.20373131,0.016589485,0.21775927,0.011905533,0.4,0.0,0.16839422,0.01558362
375316653866487564,5877795922945819648,0.53119314,2258.680960632648,2.7948288644994888,1.5482161E-5,19.003536,0.0062905345,0.2355917,0.002224192,0.028041596,0.009647469,0.39841348,0.22302894,0.73833704,0.0042043882,0.037238304,0.0056234812,0.43235603,0.060291793,0.1409762,0.01396575,0.2355917,0.002224192,"TWOGAUSSIANS_WITH_ELLIPSOIDAL_ON_ECLIPSE1",9,7.9756064,0.73833704,0.0041978774,0.2085345,0.031491496,0.7142244,0.061361987,0.2355917,0.002224192,0.15703294,0.054025825,0.68036574,0.22081397
375316653866487564,5877795961634463360,0.4543215,2257.513409877076,0.6137164590259145,9.79756E-6,18.508274,0.011445691,0.28409553,0.0026454527,0.026634607,0.0030215618,0.45969385,0.04868497,0.7750217,0.015170868,0.015892398,0.011347519,0.2348327,0.1370442,0.029817538,0.01841682,0.28409553,0.0026454527,"TWOGAUSSIANS_WITH_ELLIPSOIDAL_ON_ECLIPSE1",9,28.779768,0.28409553,0.0026454527,0.1491538,0.016920745,0.51932895,0.039364357,0.7750717,0.015116636,0.08899743,0.063546106,0.2942751,0.13660587
375316653866487564,5877796305231874688,0.5354467,2257.0691584659266,1.7336232159934417,6.9392963E-6,18.655142,0.009753112,0.29058313,0.0046659806,0.09245201,0.009498678,0.13060753,0.009973318,0.77970225,0.0023209588,0.078710906,0.004679177,0.26702327,0.012333007,null,null,null,null,"TWOGAUSSIANS",8,2.3473418,0.77970225,0.0023209588,0.4,0.0,0.26286668,0.011811724,0.29058313,0.0046659806,0.4,0.0,0.12645079,0.008667336
375316653866487564,5877796511390355200,0.43608755,2283.2984515304984,1.674563986192634,3.262962E-5,14.457249,0.0065388046,0.29593268,0.012587671,0.09424391,0.01327043,0.07798133,0.008395971,0.79922795,0.009304855,0.07802719,0.028268555,0.049171723,0.005777443,null,null,null,null,"TWOGAUSSIANS",8,92.94808,0.29593268,0.012587671,0.4,0.0,0.07621759,0.006813178,0.79922795,0.009304855,0.4,0.022875478,0.047408104,0.007037984
375316653866487564,5877796580067988864,0.4346914,2294.6065706151835,2.13573789591649,3.945891E-5,18.417746,0.0068909284,0.3574822,0.008614658,0.031754363,0.0039426903,0.25561565,0.11297262,0.73196495,0.004514803,0.029807875,0.003819341,0.1742983,0.057821248,null,null,null,null,"TWOGAUSSIANS",8,4.277388,0.3574822,0.008614658,0.17782444,0.022079065,0.25561565,0.11297262,0.73196495,0.004514803,0.16692409,0.021388311,0.1742983,0.057821248
375316653866487564,5877796958066961920,0.4551819,2263.1089165819863,0.9952816762475921,3.0172963E-5,19.714502,0.011892977,0.3258357,0.007697509,0.056987368,0.009095145,0.22561474,0.023503587,0.85639834,0.03869662,0.051331457,0.03595565,0.1297498,0.035544533,null,null,null,null,"TWOGAUSSIANS",8,2.3543856,0.3258357,0.007697509,0.31912926,0.050932813,0.22561261,0.023333266,0.85639834,0.03869662,0.28745615,0.11931838,0.12974766,0.035703775
375316653866487564,5877796958066984064,0.5720157,2273.2040287971163,0.261862640584263,1.4515244E-5,16.027775,0.0058647175,0.22663125,0.0037617607,0.030651368,0.004054938,0.5217276,0.0279864,0.7285944,0.0017367862,0.030017916,0.0019363979,0.34794077,0.008231623,null,null,null,null,"TWOGAUSSIANS",8,79.4381,0.22663125,0.0037617607,0.17164765,0.022707654,0.5217276,0.0279864,0.7285944,0.0017367862,0.16810033,0.010843828,0.34794077,0.008231623
375316653866487564,5877796988076954240,0.47531587,2293.1843439381287,0.44242062468139265,4.354405E-5,18.184303,0.0032352395,0.3104605,0.054562,0.03904368,0.07435825,0.023232756,0.012162124,0.8716457,0.0033036151,0.018623875,0.0039267796,0.16797832,0.048552662,null,null,null,null,"TWOGAUSSIANS",8,2.216631,0.8716457,0.0033036151,0.104293704,0.021989966,0.16797832,0.0485534,0.3104605,0.054562,0.2186446,0.18629788,0.023232756,0.012163381
375316653866487564,5877797022452588160,0.46201313,2260.7882458942627,0.6028406667242937,1.5204628E-5,17.68838,0.19885014,0.23548125,0.051457286,0.26470184,0.2628395,0.10471139,0.18851389,0.8417539,0.0017095698,0.009509482,0.0014843396,0.92331177,0.34726095,null,null,null,null,"TWOGAUSSIANS",8,30.511545,0.8417639,0.0017180836,0.053253103,0.008312302,0.9303766,0.34668934,0.23548125,0.051457286,0.4,0.0,0.0697025,0.02810049
375316653866487564,5877797576542817792,0.6808411,2297.242142054565,1.8920286545201228,2.0743616E-6,17.667908,0.008711835,0.21373767,8.3708536E-4,0.044923082,0.0033828,0.30646256,0.017502889,0.709906,0.01049959,0.041316677,0.016926827,0.29889393,0.043192122,0.13848585,0.010398661,0.21373767,8.3708536E-4,"TWOGAUSSIANS_WITH_ELLIPSOIDAL_ON_ECLIPSE1",9,1.6695155,0.21373767,8.3708536E-4,0.25156927,0.01894368,0.5834336,0.007356354,0.71033597,0.009747227,0.2313734,0.09479023,0.57572234,0.059686437
375316653866487564,5877797812714255360,0.4728216,2262.411447628167,0.18737572432845578,2.7690701E-5,19.798872,0.009889855,0.34405386,0.011235603,0.015968587,0.011453445,0.14473598,0.3593997,0.88058317,0.012057047,0.010505402,0.004635413,0.65922576,0.4885863,null,null,null,null,"TWOGAUSSIANS",8,5.3145566,0.88058317,0.012057047,0.058830254,0.025958315,0.65922576,0.4885863,0.34405386,0.011235603,0.08942409,0.06413929,0.14473598,0.3593997
375316653866487564,5877797954457675008,0.42233142,2333.222662327297,0.9046537170787063,5.208783E-6,18.99654,0.0161857,0.5887716,1.9102904E-4,0.0031095445,5.154214E-4,0.2803467,0.19600876,0.7270312,0.008290372,0.05991016,0.010276147,0.26928264,0.05046096,null,null,null,null,"TWOGAUSSIANS",8,7.264728,0.5887916,1.7612988E-4,0.01741345,0.0028863598,0.2991361,0.1974622,0.7270312,0.008290372,0.3354969,0.057546426,0.26928264,0.05046096
375316653866487564,5877798431188162688,0.5212324,2268.5479806534763,2.6545200101036017,1.1722247E-5,18.757317,0.01307971,0.25821865,0.0025262497,0.08235812,0.007412828,0.41768545,0.030776497,0.7516814,0.0046522412,0.08062771,0.005059506,0.35018748,0.0155256735,null,null,null,null,"TWOGAUSSIANS",8,6.28564,0.25821865,0.0025262497,0.4,0.0,0.41156963,0.03291426,0.7516814,0.0046522412,0.4,0.0,0.34407166,0.0135509
375316653866487564,5877798843522432128,0.5568042,2278.380909298973,2.2548002987749216,1.4147835E-5,17.799646,0.01643448,0.23596598,0.002455882,0.052440617,0.009021123,0.15396488,0.035397623,0.7419351,0.010133598,0.044474605,0.01734407,0.14473917,0.038390286,0.098789126,0.020160215,0.23596598,0.002455882,"TWOGAUSSIANS_WITH_ELLIPSOIDAL_ON_ECLIPSE1",9,8.011614,0.23596598,0.002455882,0.29366747,0.050518285,0.35154128,0.008125523,0.7419351,0.010083036,0.24905778,0.09712679,0.3420378,0.03967149
