Gaia/vari_eclipsing_binary/VariEclipsingBinary_490403-490436.csv
# %ECSV 1.0
# ---
# delimiter: ','
# meta: !!omap
# - RELEASE: Gaia DR3
# - TABLE: vari_eclipsing_binary
# - DESCRIPTION: >
#     This table describes the properties of the eclipsing binaries resulting from the variability analysis. 
# - CITATION: >
#     How to cite and acknowledge Gaia: 
#     https://gea.esac.esa.int/archive/documentation/credits.html 
# - KNOWN_ISSUES: >
#     Known issues: 
#     https://www.cosmos.esa.int/web/gaia-users/known-issues 
# - DOCUMENTATION: >
#     Tutorials and documentation: 
#     https://www.cosmos.esa.int/web/gaia-users/archive 
# datatype:
# - 
#   name: solution_id
#   datatype: int64
#   description: Solution Identifier
#   meta:
#     ucd: meta.version
# - 
#   name: source_id
#   datatype: int64
#   description: Unique source identifier
#   meta:
#     ucd: meta.id;meta.main
# - 
#   name: global_ranking
#   datatype: float32
#   description: Number between 0 (worst) and 1 (best)
#   meta:
#     ucd: stat.param
# - 
#   name: reference_time
#   datatype: float64
#   unit: d
#   description: Reference time used for the geometric model fit
#   meta:
#     ucd: time.epoch
# - 
#   name: frequency
#   datatype: float64
#   unit: d**-1
#   description: Frequency of geometric model of the eclipsing binary light curve
#   meta:
#     ucd: src.orbital
# - 
#   name: frequency_error
#   datatype: float32
#   unit: d**-1
#   description: "Uncertainty of \\texttt{frequency}"
#   meta:
#     ucd: stat.error
# - 
#   name: geom_model_reference_level
#   datatype: float32
#   unit: mag
#   description: Magnitude reference level of geometric model
#   meta:
#     ucd: phot.mag;em.opt
# - 
#   name: geom_model_reference_level_error
#   datatype: float32
#   unit: mag
#   description: "Uncertainty of \\texttt{geomModelReferenceLevel}"
#   meta:
#     ucd: stat.error;phot.mag;em.opt
# - 
#   name: geom_model_gaussian1_phase
#   datatype: float32
#   description: Phase of the Gaussian 1 component
#   meta:
#     ucd: time.phase
# - 
#   name: geom_model_gaussian1_phase_error
#   datatype: float32
#   description: "Uncertainty of \\texttt{geomModelGaussian1Phase}"
#   meta:
#     ucd: stat.error;time.phase
# - 
#   name: geom_model_gaussian1_sigma
#   datatype: float32
#   description: "Standard deviation [phase] of Gaussian 1 component"
#   meta:
#     ucd: stat.stdev
# - 
#   name: geom_model_gaussian1_sigma_error
#   datatype: float32
#   description: "Uncertainty of \\texttt{geomModelGaussian1Sigma}"
#   meta:
#     ucd: stat.error
# - 
#   name: geom_model_gaussian1_depth
#   datatype: float32
#   unit: mag
#   description: Magnitude depth of Gaussian 1 component
#   meta:
#     ucd: src.var.amplitude
# - 
#   name: geom_model_gaussian1_depth_error
#   datatype: float32
#   unit: mag
#   description: "Uncertainty of \\texttt{geomModelGaussian1Depth}"
#   meta:
#     ucd: stat.error;src.var.amplitude
# - 
#   name: geom_model_gaussian2_phase
#   datatype: float32
#   description: Phase of Gaussian 2 component
#   meta:
#     ucd: time.phase
# - 
#   name: geom_model_gaussian2_phase_error
#   datatype: float32
#   description: "Uncertainty of \\texttt{geomModelGaussian2Phase}"
#   meta:
#     ucd: stat.error;time.phase
# - 
#   name: geom_model_gaussian2_sigma
#   datatype: float32
[...]
#   datatype: float32
#   description: "Secondary eclipse: uncertainty of \\texttt{derivedSecondaryEclDuration}"
#   meta:
#     ucd: stat.error;time.duration
# - 
#   name: derived_secondary_ecl_depth
#   datatype: float32
#   unit: mag
#   description: "Secondary eclipse: depth"
#   meta:
#     ucd: src.var.amplitude
# - 
#   name: derived_secondary_ecl_depth_error
#   datatype: float32
#   unit: mag
#   description: "Secondary eclipse: uncertainty of \\texttt{derivedSecondaryEclDepth}"
#   meta:
#     ucd: stat.error;src.var.amplitude
solution_id,source_id,global_ranking,reference_time,frequency,frequency_error,geom_model_reference_level,geom_model_reference_level_error,geom_model_gaussian1_phase,geom_model_gaussian1_phase_error,geom_model_gaussian1_sigma,geom_model_gaussian1_sigma_error,geom_model_gaussian1_depth,geom_model_gaussian1_depth_error,geom_model_gaussian2_phase,geom_model_gaussian2_phase_error,geom_model_gaussian2_sigma,geom_model_gaussian2_sigma_error,geom_model_gaussian2_depth,geom_model_gaussian2_depth_error,geom_model_cosine_half_period_amplitude,geom_model_cosine_half_period_amplitude_error,geom_model_cosine_half_period_phase,geom_model_cosine_half_period_phase_error,model_type,num_model_parameters,reduced_chi2,derived_primary_ecl_phase,derived_primary_ecl_phase_error,derived_primary_ecl_duration,derived_primary_ecl_duration_error,derived_primary_ecl_depth,derived_primary_ecl_depth_error,derived_secondary_ecl_phase,derived_secondary_ecl_phase_error,derived_secondary_ecl_duration,derived_secondary_ecl_duration_error,derived_secondary_ecl_depth,derived_secondary_ecl_depth_error
[from data line 188]
375316653866487564,4313711293535031552,0.5423523,2248.1834139264092,1.8812564539217331,1.3425821E-5,14.151469,0.024878172,0.28998223,0.002732321,0.091065526,0.006595777,0.564496,0.044901192,0.79142344,0.008916084,0.09113227,0.016217519,0.4344599,0.060216527,null,null,null,null,"TWOGAUSSIANS",8,63.06642,0.28998223,0.002732321,0.4,0.0,0.54208505,0.045983132,0.79142344,0.008916084,0.4,0.0,0.41204903,0.07254413
375316653866487564,4313711808931055232,0.5005708,2256.5157299689226,3.473773087991441,2.3864948E-5,18.722862,0.0034420786,null,null,null,null,null,null,null,null,null,null,null,null,0.06899099,0.00489968,0.19908743,0.0051348624,"ELLIPSOIDAL",4,2.1201952,null,null,null,null,null,null,null,null,null,null,null,null
375316653866487564,4313712285634481152,0.522595,2264.0110480811677,2.7734323386629662,1.9383757E-5,13.1737385,0.011062461,0.7742899,0.0039985585,0.064804986,0.04486782,0.039984632,0.031218119,null,null,null,null,null,null,0.197131,0.021296473,0.7742899,0.0039985585,"ONEGAUSSIAN_WITH_ELLIPSOIDAL",6,1962.0813,0.7742899,0.0039985585,0.36290792,0.124010734,0.43422195,0.0214616,null,null,null,null,null,null
375316653866487564,4313712732312022528,0.4683155,2172.591890004168,2.3167821577740657,3.7990634E-5,18.821604,0.07002957,0.19832282,0.013782211,0.12137532,0.04020924,0.20007275,0.06225623,0.66573185,0.021426871,0.10959913,0.03490639,0.191779,0.0681319,null,null,null,null,"TWOGAUSSIANS",8,3.4246666,0.19838281,0.013642236,0.4,0.0,0.17265853,0.044548877,0.66573185,0.021426871,0.4,0.0,0.16447547,0.019796269
375316653866487564,4313712801031539840,0.6271889,2189.4888194751875,0.7363189788946111,8.96252E-6,17.339989,0.0035218452,0.31675,0.011465957,0.06671395,0.009569264,0.131358,0.06905275,0.80131656,0.003928174,0.036795966,0.0030599253,0.48488012,0.031802244,null,null,null,null,"TWOGAUSSIANS",8,3.2437358,0.80131656,0.003928174,0.20605741,0.017135581,0.48487848,0.03180318,0.31675,0.011465957,0.37359813,0.05358788,0.13135637,0.069054395
375316653866487564,4313713213348322304,0.49499786,2256.3996292136253,2.7242581245524424,8.21521E-5,19.098763,0.013995692,0.28823665,0.05366995,0.09262527,0.061861526,0.16722457,0.15880835,0.76178545,0.014563222,0.07769563,0.01483045,0.21842201,0.055042114,null,null,null,null,"TWOGAUSSIANS",8,2.3367321,0.76178545,0.014563222,0.4,0.021583125,0.21526177,0.0569843,0.28823665,0.05366995,0.4,0.18485795,0.16406396,0.16208193
375316653866487564,4313713419506803072,0.67308706,2213.0936808962515,1.736993700371045,4.488261E-6,16.638433,0.012493558,0.27415475,0.0044446536,0.055421688,0.019853119,0.14478868,0.037342634,0.78082484,0.0029089125,0.053000778,0.0070389938,0.17503074,0.024195828,0.08162608,0.0145029,0.27415475,0.0044446536,"TWOGAUSSIANS_WITH_ELLIPSOIDAL_ON_ECLIPSE1",9,3.4690692,0.78082484,0.0029089125,0.29680434,0.039418366,0.33798862,0.00981223,0.27415475,0.0044446536,0.31036144,0.11117747,0.30803314,0.04947671
375316653866487564,4313714896975599232,0.46206847,2185.8700890675264,4.8943406701362395,6.4026215E-5,19.582518,0.018168844,0.18213718,0.017139146,0.01935764,0.010182973,0.12295453,0.28650606,0.66747713,0.027223263,0.15302928,0.029135441,0.25594327,0.027507655,null,null,null,null,"TWOGAUSSIANS",8,3.5201387,0.66747713,0.027223263,0.4,0.0,0.25170842,0.024606606,0.18218718,0.017086616,0.10840279,0.057024647,0.12129012,0.2884449
375316653866487564,4313715760301239296,0.5142051,2234.427699176469,2.3904251199756335,1.8150242E-5,18.790955,0.028380496,0.20502022,0.002146451,0.07578818,0.0048328205,0.5899619,0.028608404,0.71596783,0.008220494,0.0842634,0.012889174,0.49708325,0.14434406,null,null,null,null,"TWOGAUSSIANS",8,11.408428,0.20502022,0.002146451,0.4,0.0,0.5833757,0.026725579,0.71596783,0.008220494,0.4,0.0,0.49049702,0.14717343
375316653866487564,4313716065206954112,0.53991956,2199.316695749329,1.5089812160126104,1.3785429E-5,18.76725,0.02459601,0.25857157,0.007828756,0.1206423,0.031507745,0.11813329,0.019415928,0.7653586,0.002861831,0.08310735,0.009243604,0.21017183,0.02153625,null,null,null,null,"TWOGAUSSIANS",8,0.8498183,0.76536864,0.002913928,0.4,0.0,0.1971596,0.0071345856,0.25857157,0.007828756,0.4,0.0,0.10507592,0.0063629444
375316653866487564,4313716649322517632,0.58627737,2177.5071370613095,2.3364837478133342,1.4171396E-5,18.79589,0.010736098,0.266071,0.008419903,0.07377216,0.009287003,0.48383945,0.07166766,0.76818335,0.009217071,0.07110873,0.008231394,0.47799605,0.03673168,null,null,null,null,"TWOGAUSSIANS",8,2.1063952,0.266071,0.008419903,0.4,0.027606916,0.48146856,0.07272143,0.76818335,0.009217071,0.3982089,0.0116738845,0.4756252,0.036371164
375316653866487564,4313716653647052672,0.49955854,2198.2243575272846,3.2350116601008447,5.5607925E-5,19.409143,0.013432,0.22808439,0.002938948,0.034556612,0.0036032964,1.1842562,0.51694536,0.7098033,0.0077581774,0.10248052,0.0142020555,0.12288411,0.021814741,null,null,null,null,"TWOGAUSSIANS",8,1.2655797,0.22808439,0.002938948,0.19351704,0.02017846,1.1839792,0.5171564,0.7098033,0.0077581774,0.4,0.0,0.12260475,0.021833424
375316653866487564,4313716786761431296,0.6163873,2194.939920483331,3.0645067075293904,2.4035216E-5,18.199764,0.007645454,0.21359769,0.003401859,0.06439897,0.0031688474,0.5389593,0.022797825,0.73114204,0.022428192,0.06508389,0.020786788,0.71951747,0.3334069,null,null,null,null,"TWOGAUSSIANS",8,5.892948,0.73114204,0.022428192,0.3644698,0.038729113,0.7190946,0.33618832,0.21359769,0.003401859,0.3606342,0.017745547,0.5385364,0.022800585
375316653866487564,4313717130358945792,0.5425042,2170.94146900052,2.3434867374091977,4.3716973E-5,19.094084,0.014771612,0.2172765,0.005073902,0.087277785,0.00991845,0.39316306,0.06752823,0.73358035,0.010191306,0.08517525,0.0091183325,0.3870005,0.029673725,null,null,null,null,"TWOGAUSSIANS",8,1.9822502,0.2172765,0.005073902,0.4,0.0,0.38433594,0.07078273,0.73358035,0.010191306,0.4,0.0,0.37817344,0.027463311
375316653866487564,4313718401665242112,0.5310977,2184.185126253862,1.7845493560190566,1.2122022E-5,18.414936,0.012123839,0.24428782,0.003611005,0.08402759,0.009407462,0.22523385,0.013512651,0.7526887,0.011226778,0.09596531,0.022891881,0.16273093,0.056086123,null,null,null,null,"TWOGAUSSIANS",8,2.7948756,0.24428782,0.003611005,0.4,0.0,0.21826115,0.016049715,0.7526887,0.011226778,0.4,0.0,0.15575777,0.060200833
375316653866487564,4313718990115931904,0.50350577,2178.2595671001,1.2297490512283835,1.6706083E-5,18.115173,0.0037992832,0.25044575,0.0051934104,0.06369845,0.009910147,0.12248299,0.01781735,0.7526667,0.028243,0.0567123,0.029035453,0.04029389,0.009843199,null,null,null,null,"TWOGAUSSIANS",8,1.7438619,0.25044575,0.0051934104,0.35671133,0.04949219,0.122459,0.01786747,0.7526667,0.028243,0.31758887,0.11020108,0.040269896,0.00990141
375316653866487564,4313719780378486912,0.4553534,2179.9823015914535,0.2923877295280732,6.273346E-5,18.859713,0.033176027,0.1477078,0.014554132,0.05299007,0.020801477,0.16365987,0.02101284,0.7957716,0.043900598,0.20295666,0.0677684,0.13238049,0.03251059,null,null,null,null,"TWOGAUSSIANS",8,2.780954,0.14347781,0.015666876,0.2967444,0.11556239,0.18040554,0.022357754,0.7957716,0.043894988,0.4,0.0,0.11837891,0.019131226
375316653866487564,4313719814738267264,0.5049163,2190.1350031681477,2.3721894394320375,3.7677513E-5,19.109152,0.058948103,0.17926703,0.021492422,0.102052614,0.028987002,0.33149412,0.054935805,0.6900925,0.0045996546,0.10901343,0.019086681,0.33246616,0.055054605,null,null,null,null,"TWOGAUSSIANS",8,4.529696,0.6900925,0.0046086693,0.4,0.0,0.29699138,0.022608247,0.17925702,0.021479769,0.4,0.0,0.29603451,0.035863083
375316653866487564,4313719883457624704,0.49688002,2191.4228764331947,2.4094407618051275,2.2606355E-5,19.167402,0.07263144,0.26634264,0.015408251,0.09918739,0.028758505,0.4586613,0.07275113,0.7707246,0.004528362,0.09981334,0.0235691,0.40751576,0.049399305,null,null,null,null,"TWOGAUSSIANS",8,4.458183,0.26634264,0.015408255,0.4,0.0,0.42385903,0.08269972,0.7707246,0.0045307484,0.4,0.0,0.37271336,0.046195455
375316653866487564,4313720536304292992,0.6093393,2200.07271788889,1.2787579091392434,6.257212E-6,15.708162,0.045793064,0.1238459,0.0021777728,0.051458158,0.031938758,0.046294607,0.1054335,0.60866356,0.0035883274,0.057560515,0.007877252,0.35314247,0.104552306,0.10254229,0.061716203,0.1238459,0.0021777728,"TWOGAUSSIANS_WITH_ELLIPSOIDAL_ON_ECLIPSE1",9,52.19094,0.6106636,0.0026571732,0.32233888,0.044112615,0.5566012,0.027350847,0.1238459,0.0021777728,0.2881657,0.12340789,0.25137016,0.021357236
375316653866487564,4313721257846527872,0.6127235,2156.2830506095806,1.4967192755619265,1.9846964E-5,18.502512,0.00886165,0.29201815,0.010299845,0.047517367,0.006139043,0.81137216,0.08264731,0.79229337,0.006283783,0.05158614,0.012033652,0.24053454,0.24859905,null,null,null,null,"TWOGAUSSIANS",8,5.2803416,0.29201815,0.010299845,0.26609725,0.03437864,0.81136966,0.08264496,0.79229337,0.006283783,0.2888824,0.06738845,0.24053206,0.24860297
375316653866487564,4313721464005416832,0.530345,2153.0907014459353,0.17436136954474188,3.2070355E-5,19.426409,0.030098828,0.37630674,0.022771595,0.0652826,0.012459431,0.61206853,0.08275804,0.87631035,0.008968372,0.06434349,0.010142589,0.6084269,0.042691816,null,null,null,null,"TWOGAUSSIANS",8,3.4638035,0.37630674,0.022771595,0.36558256,0.06977281,0.6113511,0.08212842,0.87631035,0.008968372,0.36032355,0.054536343,0.60770947,0.04284668
375316653866487564,4313724930020216320,0.5125081,2137.656517173378,1.3506551333448311,6.837132E-5,19.291159,0.018755572,0.3464803,0.0077620116,0.04293306,0.014224417,0.89060843,0.19452783,0.83612144,0.0067450367,0.029454809,0.0058964007,0.14000455,0.021725323,null,null,null,null,"TWOGAUSSIANS",8,9.390437,0.3464803,0.0077620116,0.24042514,0.079656735,0.89060843,0.19452791,0.83612144,0.0067450367,0.16494693,0.033019844,0.14000455,0.0217253
375316653866487564,4313724934350931584,0.48196223,2173.8823143950663,2.622454037572208,7.218568E-5,17.949732,0.0070586395,0.114539556,0.0022508432,0.019358197,0.0030438756,0.48004714,0.30039516,0.35909238,0.019877112,0.034302182,0.02868185,0.3034607,6.0349986E21,0.04020201,0.010482423,0.35909238,0.019877112,"TWOGAUSSIANS_WITH_ELLIPSOIDAL_ON_ECLIPSE2",9,19.247557,0.11456955,0.0022286647,0.10840591,0.017045703,0.480141,0.30021665,0.35909238,0.019877112,0.19209222,0.16061835,0.38386396,6.0349986E21
375316653866487564,4313725204898030336,0.48059553,2158.2013726050127,2.3870756442822705,2.4056637E-5,18.940573,0.079344794,0.24292104,0.009507057,0.110914335,0.029682502,0.25292557,0.07371747,0.739217,0.015463555,0.082369566,0.029655766,0.26728955,0.082771875,null,null,null,null,"TWOGAUSSIANS",8,4.286572,0.739217,0.01561462,0.4,0.0,0.25018364,0.024166252,0.24292104,0.009506374,0.4,0.0,0.23579991,0.020175332
375316653866487564,4313725827704065024,0.58516896,2169.648539996723,2.512142757798599,1.8327559E-5,16.333805,0.023270888,0.23503524,0.004370083,0.051992,0.01923707,0.28971633,0.15307987,0.7312911,0.012949885,0.0555123,0.018036643,0.26325458,0.06553173,0.11162432,0.026568886,0.23503524,0.004370083,"TWOGAUSSIANS_WITH_ELLIPSOIDAL_ON_ECLIPSE1",9,47.5129,0.23503524,0.004370083,0.2911552,0.107727595,0.51295453,0.17556877,0.7319311,0.011724222,0.3108689,0.1010052,0.48639038,0.07488148
375316653866487564,4313727610079026560,0.5577433,2225.754496530419,1.7498043229905529,2.234751E-5,17.739742,0.008668769,0.25908345,0.03194509,0.09011927,0.02417972,0.14947392,0.023982327,0.7471089,0.012790891,0.08874317,0.011410889,0.10459089,0.010829073,null,null,null,null,"TWOGAUSSIANS",8,2.381158,0.25908345,0.03194509,0.4,0.0,0.14531857,0.0192299,0.7471089,0.012790891,0.4,0.0,0.100435585,0.007530279
375316653866487564,4313729671663675392,0.5387245,2194.2525065770765,2.195625075634447,1.3173999E-5,19.461767,0.03794426,0.32949156,0.00405936,0.072007984,0.009909317,0.47544783,0.021567771,0.8271131,0.008218295,0.07995917,0.017604781,0.43374375,0.07625452,null,null,null,null,"TWOGAUSSIANS",8,2.8331714,0.32949156,0.00405936,0.4,0.027049808,0.47161737,0.016792892,0.8271131,0.008218295,0.4,0.0010435274,0.42991328,0.07906167
375316653866487564,4313729809102677248,0.5586109,2187.7465603855785,3.2742047794515585,9.980816E-6,17.331287,0.002187642,0.28030008,0.0038055298,0.06158452,0.0053097415,0.094788514,0.005182134,0.7929442,0.0094937375,0.074377954,0.010084299,0.085798934,0.0074207094,null,null,null,null,"TWOGAUSSIANS",8,1.2842479,0.28030008,0.0038055298,0.3448733,0.029734552,0.09464236,0.0051902826,0.7929442,0.0094937375,0.4,0.014377863,0.08565278,0.0075246436
375316653866487564,4313730053951944064,0.6431547,2148.6557926569694,1.3225924329277843,7.5878856E-6,15.8427925,0.003773931,0.255683,0.0070161847,0.043317072,0.011163737,0.07680828,0.019827118,0.7553225,0.0012584976,0.0490275,0.0017233337,0.3178635,0.012846092,0.022329476,0.0048568035,0.255683,0.0070161847,"TWOGAUSSIANS_WITH_ELLIPSOIDAL_ON_ECLIPSE1",9,6.61368,0.7553325,0.0011790314,0.27455398,0.009650669,0.3625214,0.013378984,0.255683,0.0070161847,0.24257562,0.06251692,0.121466435,0.023138577
375316653866487564,4313732145564883712,0.6054091,2187.0129445253674,2.3588729004692928,2.3570221E-5,18.265514,0.021778932,0.2521704,0.004199473,0.088913225,0.0069560637,0.49820668,0.03335366,0.75839233,0.0057012727,0.095705256,0.010534069,0.42522603,0.022011703,null,null,null,null,"TWOGAUSSIANS",8,2.9904678,0.2521704,0.004199473,0.4,0.0,0.47685686,0.033864036,0.75839233,0.0057012727,0.4,0.0,0.4038753,0.01504694
375316653866487564,4313732592241696640,0.56726635,2189.63084085127,2.370621471420284,1.3314928E-5,18.288773,0.016983178,0.2519183,0.004670419,0.08703031,0.0077301697,0.31071794,0.02060435,0.7516791,0.009442298,0.095089145,0.012933806,0.29889154,0.015688004,null,null,null,null,"TWOGAUSSIANS",8,3.0563126,0.2519183,0.004670419,0.4,0.0,0.29673052,0.017908558,0.7516791,0.009442298,0.4,0.0,0.2849036,0.011785341
375316653866487564,4313733313796222592,0.49491587,2222.005269857724,2.8060355396988013,2.1800686E-5,18.555492,0.027070235,0.24780507,0.005138686,0.064937405,0.008202608,0.35733607,0.0437586,0.7451286,0.01883307,0.06678511,0.049867798,0.26198038,0.11751858,null,null,null,null,"TWOGAUSSIANS",8,8.632208,0.24780507,0.005136221,0.3636495,0.045934606,0.3569164,0.042415127,0.7451286,0.01883307,0.37399662,0.066402085,0.2615607,0.12548204
375316653866487564,4313733313796248832,0.5199525,2224.339473536971,1.6128631886257958,2.7454731E-5,18.030125,0.0013750382,0.19261754,0.005148677,0.012410701,0.0015070175,0.7137417,0.54915947,0.7333555,0.008959617,0.022139393,0.015390334,0.07316792,0.42228243,null,null,null,null,"TWOGAUSSIANS",8,0.90110254,0.19261754,0.005148677,0.06949993,0.008439298,0.7137417,0.54915947,0.7333555,0.008959617,0.1239806,0.086185865,0.07316792,0.42228243
375316653866487564,4313734585106656000,0.60793054,2152.6714084381224,2.8154393227141616,1.5100384E-5,19.415764,0.012368448,0.17617576,0.009728983,0.07043401,0.008953034,0.4870016,0.06367836,0.6622037,0.004578565,0.07256016,0.0045240037,0.6209903,0.042901106,null,null,null,null,"TWOGAUSSIANS",8,1.1284428,0.6622037,0.004578565,0.4,0.005823259,0.61926633,0.043119792,0.17617576,0.009728983,0.39443046,0.039793286,0.48527762,0.06404173
375316653866487564,4313734756905505664,0.58256865,2143.186245951261,1.933767998620387,1.7385968E-5,18.308388,0.015668316,0.21146935,0.01053644,0.04922222,0.015463737,0.085517615,0.139195,0.67980254,0.00258555,0.045730464,0.0027796251,0.72534585,0.055631835,0.071702324,0.026807703,0.21146935,0.01053644,"TWOGAUSSIANS_WITH_ELLIPSOIDAL_ON_ECLIPSE1",9,12.182114,0.68078256,0.002344782,0.25609058,0.0155659,0.86331683,0.048090383,0.21146935,0.01053644,0.27564445,0.08659693,0.22892065,0.13236134
