Gaia/vari_eclipsing_binary/VariEclipsingBinary_685484-685498.csv
# %ECSV 1.0
# ---
# delimiter: ','
# meta: !!omap
# - RELEASE: Gaia DR3
# - TABLE: vari_eclipsing_binary
# - DESCRIPTION: >
#     This table describes the properties of the eclipsing binaries resulting from the variability analysis. 
# - CITATION: >
#     How to cite and acknowledge Gaia: 
#     https://gea.esac.esa.int/archive/documentation/credits.html 
# - KNOWN_ISSUES: >
#     Known issues: 
#     https://www.cosmos.esa.int/web/gaia-users/known-issues 
# - DOCUMENTATION: >
#     Tutorials and documentation: 
#     https://www.cosmos.esa.int/web/gaia-users/archive 
# datatype:
# - 
#   name: solution_id
#   datatype: int64
#   description: Solution Identifier
#   meta:
#     ucd: meta.version
# - 
#   name: source_id
#   datatype: int64
#   description: Unique source identifier
#   meta:
#     ucd: meta.id;meta.main
# - 
#   name: global_ranking
#   datatype: float32
#   description: Number between 0 (worst) and 1 (best)
#   meta:
#     ucd: stat.param
# - 
#   name: reference_time
#   datatype: float64
#   unit: d
#   description: Reference time used for the geometric model fit
#   meta:
#     ucd: time.epoch
# - 
#   name: frequency
#   datatype: float64
#   unit: d**-1
#   description: Frequency of geometric model of the eclipsing binary light curve
#   meta:
#     ucd: src.orbital
# - 
#   name: frequency_error
#   datatype: float32
#   unit: d**-1
#   description: "Uncertainty of \\texttt{frequency}"
#   meta:
#     ucd: stat.error
# - 
#   name: geom_model_reference_level
#   datatype: float32
#   unit: mag
#   description: Magnitude reference level of geometric model
#   meta:
#     ucd: phot.mag;em.opt
# - 
#   name: geom_model_reference_level_error
#   datatype: float32
#   unit: mag
#   description: "Uncertainty of \\texttt{geomModelReferenceLevel}"
#   meta:
#     ucd: stat.error;phot.mag;em.opt
# - 
#   name: geom_model_gaussian1_phase
#   datatype: float32
#   description: Phase of the Gaussian 1 component
#   meta:
#     ucd: time.phase
# - 
#   name: geom_model_gaussian1_phase_error
#   datatype: float32
#   description: "Uncertainty of \\texttt{geomModelGaussian1Phase}"
#   meta:
#     ucd: stat.error;time.phase
# - 
#   name: geom_model_gaussian1_sigma
#   datatype: float32
#   description: "Standard deviation [phase] of Gaussian 1 component"
#   meta:
#     ucd: stat.stdev
# - 
#   name: geom_model_gaussian1_sigma_error
#   datatype: float32
#   description: "Uncertainty of \\texttt{geomModelGaussian1Sigma}"
#   meta:
#     ucd: stat.error
# - 
#   name: geom_model_gaussian1_depth
#   datatype: float32
#   unit: mag
#   description: Magnitude depth of Gaussian 1 component
#   meta:
#     ucd: src.var.amplitude
# - 
#   name: geom_model_gaussian1_depth_error
#   datatype: float32
#   unit: mag
#   description: "Uncertainty of \\texttt{geomModelGaussian1Depth}"
#   meta:
#     ucd: stat.error;src.var.amplitude
# - 
#   name: geom_model_gaussian2_phase
#   datatype: float32
#   description: Phase of Gaussian 2 component
#   meta:
#     ucd: time.phase
# - 
#   name: geom_model_gaussian2_phase_error
#   datatype: float32
#   description: "Uncertainty of \\texttt{geomModelGaussian2Phase}"
#   meta:
#     ucd: stat.error;time.phase
# - 
#   name: geom_model_gaussian2_sigma
#   datatype: float32
[...]
#   datatype: float32
#   description: "Secondary eclipse: uncertainty of \\texttt{derivedSecondaryEclDuration}"
#   meta:
#     ucd: stat.error;time.duration
# - 
#   name: derived_secondary_ecl_depth
#   datatype: float32
#   unit: mag
#   description: "Secondary eclipse: depth"
#   meta:
#     ucd: src.var.amplitude
# - 
#   name: derived_secondary_ecl_depth_error
#   datatype: float32
#   unit: mag
#   description: "Secondary eclipse: uncertainty of \\texttt{derivedSecondaryEclDepth}"
#   meta:
#     ucd: stat.error;src.var.amplitude
solution_id,source_id,global_ranking,reference_time,frequency,frequency_error,geom_model_reference_level,geom_model_reference_level_error,geom_model_gaussian1_phase,geom_model_gaussian1_phase_error,geom_model_gaussian1_sigma,geom_model_gaussian1_sigma_error,geom_model_gaussian1_depth,geom_model_gaussian1_depth_error,geom_model_gaussian2_phase,geom_model_gaussian2_phase_error,geom_model_gaussian2_sigma,geom_model_gaussian2_sigma_error,geom_model_gaussian2_depth,geom_model_gaussian2_depth_error,geom_model_cosine_half_period_amplitude,geom_model_cosine_half_period_amplitude_error,geom_model_cosine_half_period_phase,geom_model_cosine_half_period_phase_error,model_type,num_model_parameters,reduced_chi2,derived_primary_ecl_phase,derived_primary_ecl_phase_error,derived_primary_ecl_duration,derived_primary_ecl_duration_error,derived_primary_ecl_depth,derived_primary_ecl_depth_error,derived_secondary_ecl_phase,derived_secondary_ecl_phase_error,derived_secondary_ecl_duration,derived_secondary_ecl_duration_error,derived_secondary_ecl_depth,derived_secondary_ecl_depth_error
[from data line 476]
375316653866487564,6029709981340435456,0.53495765,2219.092086568715,2.7798907466672134,2.3628802E-5,17.216122,0.01633469,0.2788495,0.0057478826,0.10036009,0.013329639,0.15498263,0.015975993,0.75835174,0.0048492,0.10231071,0.010994391,0.17837441,0.016515817,null,null,null,null,"TWOGAUSSIANS",8,6.8195744,0.75835174,0.0048492,0.4,0.0,0.16608074,0.010206358,0.27885953,0.0057486584,0.4,0.0,0.1426905,0.007042493
375316653866487564,6029710187498943488,0.5913733,2218.4157563361123,3.379203975771981,8.971944E-6,17.233791,0.0120311715,0.22854918,0.0021925047,0.0528443,0.005573645,0.27428883,0.030321464,0.7287866,0.00275055,0.051165044,0.0040725847,0.34825197,0.028319074,0.11703512,0.015712352,0.22854918,0.0021925047,"TWOGAUSSIANS_WITH_ELLIPSOIDAL_ON_ECLIPSE1",9,15.290588,0.7287866,0.0025192467,0.28652427,0.022806475,0.5823156,0.019908505,0.22854918,0.0021925047,0.2959281,0.031212412,0.508353,0.022434866
375316653866487564,6029710363632032512,0.48160556,2245.4376586811873,0.0399173289291092,2.867488E-5,19.178513,0.005562071,0.3703661,0.006142441,0.08066332,0.0074268053,0.20700094,0.013473526,0.97421086,0.023043722,0.022723285,0.020138294,0.031375445,0.043532394,null,null,null,null,"TWOGAUSSIANS",8,2.0875669,0.3703661,0.006142441,0.4,0.0,0.20700093,0.013473537,0.97421086,0.023043722,0.1272504,0.11277445,0.031376634,0.043533392
375316653866487564,6029710462403234560,0.58625597,2208.850135982167,0.8357749195049732,7.408026E-6,16.534155,0.0032476813,0.18713132,0.0042718723,0.08306754,0.0051252395,0.09440544,0.0049684294,0.68605524,0.0030967281,0.06177523,0.0055054044,0.34645337,0.063341916,null,null,null,null,"TWOGAUSSIANS",8,6.089427,0.68605524,0.0030967281,0.34594128,0.030830264,0.34565648,0.06370362,0.18713132,0.0042718723,0.4,0.0,0.09360854,0.0048519867
375316653866487564,6029710844667732608,0.46140268,2222.286566895167,0.12510442510486677,2.7219647E-5,19.568127,0.008345294,0.16138595,0.0049609286,0.04626906,0.00531578,0.16796526,0.015585845,0.84901714,0.0027450998,0.029791947,0.0065144976,0.06661678,0.008940058,null,null,null,null,"TWOGAUSSIANS",8,1.5581869,0.16138595,0.0049609286,0.25910673,0.02976837,0.16796526,0.015585845,0.84901714,0.0027450998,0.1668349,0.036481187,0.06661678,0.008940058
375316653866487564,6029711188307990528,0.47113112,2244.6201831561957,0.03977557111359803,1.541255E-4,19.155148,0.00882671,0.027662849,3.408723E-5,0.0034078097,2.853085E-4,0.09235004,0.004513296,0.45993206,0.020672666,0.15844178,0.017095128,0.17087772,0.01698825,null,null,null,null,"TWOGAUSSIANS",8,3.448437,0.45993206,0.020672666,0.4,0.0,0.16852689,0.01686923,0.02767285,3.2268446E-5,0.019083733,0.0015977274,0.09441168,0.0049798843
375316653866487564,6029711566222439936,0.48659527,2214.878813516493,1.8197181661651454,8.572395E-5,19.7856,0.007851134,0.3302362,0.0056813536,0.021911725,0.0080716815,0.6239722,0.3532235,0.5137216,0.00901071,0.0301942,0.009472101,0.06419674,0.03442556,null,null,null,null,"TWOGAUSSIANS",8,2.2232692,0.3302362,0.0056813536,0.12270566,0.045201417,0.6239722,0.3532235,0.5137216,0.00901071,0.16908751,0.053043764,0.06419674,0.03442556
375316653866487564,6029711596248354560,0.49862462,2216.272342999257,0.12155246955901093,5.3014795E-5,17.716059,0.003875209,0.4483297,4.7351074E-5,0.004153254,7.113213E-5,0.40113378,0.005283536,0.75379837,0.01190202,0.03532821,0.005561526,0.12620795,0.059244614,null,null,null,null,"TWOGAUSSIANS",8,11.096103,0.4483297,4.7351074E-5,0.023258224,3.9833994E-4,0.40113378,0.005283536,0.75379837,0.01190202,0.19783796,0.031144546,0.12620795,0.059244614
375316653866487564,6029711733713873920,0.4708116,2219.064579717382,0.03988426246045176,3.1020554E-5,19.182749,0.0059320936,0.03191133,0.0072884443,0.022220233,0.008401039,0.0651762,0.03325684,0.41744912,0.0061977883,0.078016184,0.010519004,0.16177782,0.028738277,null,null,null,null,"TWOGAUSSIANS",8,1.7803526,0.41744912,0.0061977883,0.4,0.009837715,0.16177782,0.02873828,0.03191133,0.0072884443,0.12443331,0.047045816,0.065177,0.033257127
375316653866487564,6029711738021378816,0.4902665,2193.3789708846884,3.7073266263887605,2.537922E-5,18.907442,0.17772277,0.2817601,0.008039375,0.11641604,0.03940695,0.46550822,0.16187108,0.75883,0.004824985,0.11796655,0.03642981,0.5775311,0.13784823,null,null,null,null,"TWOGAUSSIANS",8,8.687772,0.75883,0.004824985,0.4,0.0,0.49163204,0.027069863,0.2818901,0.008053746,0.4,0.0,0.37967855,0.037246186
375316653866487564,6029712081619430016,0.45695058,2236.508376111071,2.406147101814438,3.803236E-5,19.151812,0.012997482,0.278741,0.0069167553,0.05107952,0.011405659,0.36215147,0.10711857,0.78327245,0.06725576,0.08231394,0.036859505,0.06920953,0.020503756,null,null,null,null,"TWOGAUSSIANS",8,6.6572194,0.278741,0.0069167553,0.2860453,0.06387169,0.36196044,0.10774111,0.78327245,0.06725576,0.4,0.11077124,0.0690185,0.02024198
