Gaia/vari_eclipsing_binary/VariEclipsingBinary_245392-245829.csv
# %ECSV 1.0
# ---
# delimiter: ','
# meta: !!omap
# - RELEASE: Gaia DR3
# - TABLE: vari_eclipsing_binary
# - DESCRIPTION: >
#     This table describes the properties of the eclipsing binaries resulting from the variability analysis. 
# - CITATION: >
#     How to cite and acknowledge Gaia: 
#     https://gea.esac.esa.int/archive/documentation/credits.html 
# - KNOWN_ISSUES: >
#     Known issues: 
#     https://www.cosmos.esa.int/web/gaia-users/known-issues 
# - DOCUMENTATION: >
#     Tutorials and documentation: 
#     https://www.cosmos.esa.int/web/gaia-users/archive 
# datatype:
# - 
#   name: solution_id
#   datatype: int64
#   description: Solution Identifier
#   meta:
#     ucd: meta.version
# - 
#   name: source_id
#   datatype: int64
#   description: Unique source identifier
#   meta:
#     ucd: meta.id;meta.main
# - 
#   name: global_ranking
#   datatype: float32
#   description: Number between 0 (worst) and 1 (best)
#   meta:
#     ucd: stat.param
# - 
#   name: reference_time
#   datatype: float64
#   unit: d
#   description: Reference time used for the geometric model fit
#   meta:
#     ucd: time.epoch
# - 
#   name: frequency
#   datatype: float64
#   unit: d**-1
#   description: Frequency of geometric model of the eclipsing binary light curve
#   meta:
#     ucd: src.orbital
# - 
#   name: frequency_error
#   datatype: float32
#   unit: d**-1
#   description: "Uncertainty of \\texttt{frequency}"
#   meta:
#     ucd: stat.error
# - 
#   name: geom_model_reference_level
#   datatype: float32
#   unit: mag
#   description: Magnitude reference level of geometric model
#   meta:
#     ucd: phot.mag;em.opt
# - 
#   name: geom_model_reference_level_error
#   datatype: float32
#   unit: mag
#   description: "Uncertainty of \\texttt{geomModelReferenceLevel}"
#   meta:
#     ucd: stat.error;phot.mag;em.opt
# - 
#   name: geom_model_gaussian1_phase
#   datatype: float32
#   description: Phase of the Gaussian 1 component
#   meta:
#     ucd: time.phase
# - 
#   name: geom_model_gaussian1_phase_error
#   datatype: float32
#   description: "Uncertainty of \\texttt{geomModelGaussian1Phase}"
#   meta:
#     ucd: stat.error;time.phase
# - 
#   name: geom_model_gaussian1_sigma
#   datatype: float32
#   description: "Standard deviation [phase] of Gaussian 1 component"
#   meta:
#     ucd: stat.stdev
# - 
#   name: geom_model_gaussian1_sigma_error
#   datatype: float32
#   description: "Uncertainty of \\texttt{geomModelGaussian1Sigma}"
#   meta:
#     ucd: stat.error
# - 
#   name: geom_model_gaussian1_depth
#   datatype: float32
#   unit: mag
#   description: Magnitude depth of Gaussian 1 component
#   meta:
#     ucd: src.var.amplitude
# - 
#   name: geom_model_gaussian1_depth_error
#   datatype: float32
#   unit: mag
#   description: "Uncertainty of \\texttt{geomModelGaussian1Depth}"
#   meta:
#     ucd: stat.error;src.var.amplitude
# - 
#   name: geom_model_gaussian2_phase
#   datatype: float32
#   description: Phase of Gaussian 2 component
#   meta:
#     ucd: time.phase
# - 
#   name: geom_model_gaussian2_phase_error
#   datatype: float32
#   description: "Uncertainty of \\texttt{geomModelGaussian2Phase}"
#   meta:
#     ucd: stat.error;time.phase
# - 
#   name: geom_model_gaussian2_sigma
#   datatype: float32
[...]
#   datatype: float32
#   description: "Secondary eclipse: uncertainty of \\texttt{derivedSecondaryEclDuration}"
#   meta:
#     ucd: stat.error;time.duration
# - 
#   name: derived_secondary_ecl_depth
#   datatype: float32
#   unit: mag
#   description: "Secondary eclipse: depth"
#   meta:
#     ucd: src.var.amplitude
# - 
#   name: derived_secondary_ecl_depth_error
#   datatype: float32
#   unit: mag
#   description: "Secondary eclipse: uncertainty of \\texttt{derivedSecondaryEclDepth}"
#   meta:
#     ucd: stat.error;src.var.amplitude
solution_id,source_id,global_ranking,reference_time,frequency,frequency_error,geom_model_reference_level,geom_model_reference_level_error,geom_model_gaussian1_phase,geom_model_gaussian1_phase_error,geom_model_gaussian1_sigma,geom_model_gaussian1_sigma_error,geom_model_gaussian1_depth,geom_model_gaussian1_depth_error,geom_model_gaussian2_phase,geom_model_gaussian2_phase_error,geom_model_gaussian2_sigma,geom_model_gaussian2_sigma_error,geom_model_gaussian2_depth,geom_model_gaussian2_depth_error,geom_model_cosine_half_period_amplitude,geom_model_cosine_half_period_amplitude_error,geom_model_cosine_half_period_phase,geom_model_cosine_half_period_phase_error,model_type,num_model_parameters,reduced_chi2,derived_primary_ecl_phase,derived_primary_ecl_phase_error,derived_primary_ecl_duration,derived_primary_ecl_duration_error,derived_primary_ecl_depth,derived_primary_ecl_depth_error,derived_secondary_ecl_phase,derived_secondary_ecl_phase_error,derived_secondary_ecl_duration,derived_secondary_ecl_duration_error,derived_secondary_ecl_depth,derived_secondary_ecl_depth_error
375316653866487564,2158511479045095680,0.5707984,2215.7787111271373,1.7307735459347617,6.3182397E-6,15.639768,0.0044492735,0.4018884,0.004576154,0.026354982,0.0023629044,0.8052763,0.15545055,null,null,null,null,null,null,null,null,null,null,"ONEGAUSSIAN",5,102.85642,0.4018884,0.004576154,0.1475879,0.013232265,0.8052763,0.0,null,null,null,null,null,null
375316653866487564,2158516731789643776,0.5687276,2209.1681477439915,2.598874567187896,4.556159E-5,18.164217,0.0064938813,0.26934978,3.3618908E-4,0.024682269,0.002756974,0.21673816,0.009958631,0.7793972,0.006330068,0.031159172,0.0050380277,0.58252853,0.13661526,0.036989935,0.01576366,0.7793972,0.006330068,"TWOGAUSSIANS_WITH_ELLIPSOIDAL_ON_ECLIPSE2",9,13.853844,0.7793972,0.006330068,0.17449136,0.028212955,0.6565083,0.1398735,0.2695098,2.3172621E-4,0.1382207,0.015439054,0.29042828,0.02727592
375316653866487564,2158530857937568896,0.56793547,2194.008169449481,3.406065048339052,2.4144147E-5,15.521262,0.012642746,0.2232649,0.008698888,0.034380615,0.006258429,0.1256347,0.040993378,0.76874274,0.0038651337,0.0663903,0.012434658,0.10263353,0.026860474,0.071490906,0.014201039,0.76874274,0.0038651337,"TWOGAUSSIANS_WITH_ELLIPSOIDAL_ON_ECLIPSE2",9,68.688515,0.22748491,0.009093222,0.19253145,0.035047203,0.25819388,0.028141178,0.76874274,0.0038651337,0.37178567,0.0612575,0.2455307,0.007438277
375316653866487564,2158547075734280064,0.5309686,2196.2921572764594,3.299313495951406,2.5794869E-5,16.276295,0.026132757,0.30777577,0.0081403935,0.05551751,0.03335447,0.09932752,0.045283884,0.8090964,0.020160249,0.051013265,0.024848578,0.07782008,0.05243716,0.08095695,0.027219322,0.30777577,0.0081403935,"TWOGAUSSIANS_WITH_ELLIPSOIDAL_ON_ECLIPSE1",9,44.035145,0.30777577,0.0081403935,0.31089804,0.14061828,0.2612367,0.027313618,0.8090964,0.016306486,0.2856743,0.13915205,0.23971811,0.020764044
375316653866487564,2158578480535090048,0.47062886,2212.207380425747,1.311526279762137,3.484418E-5,11.740879,0.0020091378,0.2807176,0.009891801,0.040901333,0.02801074,0.04529699,0.019073464,null,null,null,null,null,null,0.020569818,0.001806391,0.2807176,0.009891801,"ONEGAUSSIAN_WITH_ELLIPSOIDAL",6,92.48952,0.2807176,0.009891801,0.22904746,0.15686016,0.08643657,0.020325776,null,null,null,null,null,null
375316653866487564,2158646611600162432,0.5398139,2140.411423159637,3.5648768803640287,1.5845353E-5,19.251966,0.015032623,0.22172938,0.0057132216,0.08245581,0.0072393976,0.34684065,0.016424926,0.71769196,0.005862188,0.078757234,0.011363324,0.37186503,0.056513917,null,null,null,null,"TWOGAUSSIANS",8,1.1383253,0.71769196,0.005862188,0.4,0.0,0.36645588,0.060887154,0.22172938,0.0057132216,0.4,0.0,0.3414315,0.012854437
375316653866487564,2158661184425364096,0.51377434,2191.5475132635916,3.527790496579056,2.2202785E-5,16.730238,0.021416198,0.28902203,0.005337605,0.09582599,0.014041043,0.17719014,0.02012062,0.80442566,0.012836264,0.06293077,0.03633872,0.17037341,0.026466822,null,null,null,null,"TWOGAUSSIANS",8,23.711159,0.28902203,0.005337605,0.4,0.0,0.17543663,0.010789164,0.80442566,0.012836264,0.3524123,0.09720466,0.16862048,0.03547028
375316653866487564,2158687675783661056,0.45094702,2224.209348437218,4.925507197207418,5.8087262E-5,14.591359,0.009379736,0.24679074,0.011156335,0.02265424,0.011799574,0.025005471,0.011194365,0.6463176,0.014057915,0.14487638,0.030555144,0.105043374,0.013382445,null,null,null,null,"TWOGAUSSIANS",8,187.68636,0.6463176,0.014057915,0.4,0.0,0.10449764,0.013745766,0.24771073,0.009906673,0.12686373,0.06607761,0.02684361,0.011698451
375316653866487564,2158724780005179520,0.5125134,2253.41940546822,2.9666213056618678,2.1324193E-5,17.125145,0.020181857,0.22615436,0.010373246,0.092024066,0.013602711,0.3136395,0.072147295,0.7306692,0.004257612,0.056127816,0.0058019315,0.55664474,0.073951595,null,null,null,null,"TWOGAUSSIANS",8,70.09264,0.7306692,0.004257612,0.31431577,0.032490816,0.55437803,0.07448035,0.22615436,0.010373246,0.4,0.0,0.31137252,0.072933376
375316653866487564,2158750176147968896,0.5531073,2224.1783729444305,3.5215926897756344,1.6635204E-5,15.538141,0.023928078,0.23496929,0.006214606,0.0850752,0.009369681,0.4007152,0.02432855,0.7200014,0.005113621,0.07609998,0.0073174923,0.36406574,0.034200206,null,null,null,null,"TWOGAUSSIANS",8,199.302,0.23496929,0.006214606,0.4,0.0,0.39607203,0.02095818,0.7200014,0.005113621,0.4,0.0,0.3594226,0.032599825
375316653866487564,2158757254254033664,0.61297435,2208.5920013511964,1.502571525280974,5.458595E-6,14.617495,0.008278325,0.30746272,0.004739751,0.04682147,0.0044960505,0.36737177,0.025244411,0.80618805,0.0020371166,0.045060717,0.007972377,0.05796411,0.019065922,0.0069727586,0.010817496,0.30746272,0.004739751,"TWOGAUSSIANS_WITH_ELLIPSOIDAL_ON_ECLIPSE1",9,26.472849,0.30746272,0.004739751,0.26220024,0.025177881,0.38131702,0.0120085785,0.80623806,0.001973212,0.25234002,0.044645313,0.07190851,0.0035255011
375316653866487564,2158769314522212352,0.5407539,2190.675649684055,2.8922909349787154,1.19918495E-5,16.47129,0.81476206,0.30842614,0.0053563723,0.14074795,0.17052115,0.20982917,0.803798,0.8166788,0.0037893357,0.11224746,0.05730925,0.2011061,0.4599349,null,null,null,null,"TWOGAUSSIANS",8,9.031184,0.30840614,0.004687879,0.4,0.0,0.15552586,0.007019437,0.8169188,0.0032931974,0.4,0.0,0.14756073,0.006712332
375316653866487564,2158813123188712448,0.5702383,2194.6428514776185,2.831424317972001,8.881218E-6,16.8513,0.015435177,0.21369787,0.006246491,0.08096428,0.008431104,0.43797532,0.05257037,0.7137006,0.0015975512,0.07765627,0.0038778493,0.4594857,0.016152037,null,null,null,null,"TWOGAUSSIANS",8,20.383638,0.7137006,0.0015975512,0.4,0.0,0.45324987,0.015055847,0.21369787,0.006246491,0.4,0.0,0.43173945,0.05393358
375316653866487564,2158819681603209600,0.4843582,2180.10247017145,1.7792575803868227,7.217275E-5,17.203602,0.005408266,0.633309,0.0013849612,0.013236553,0.002109355,0.24170466,0.02625231,0.4925787,0.11706154,0.07258673,0.10809051,0.02839598,0.036335405,null,null,null,null,"TWOGAUSSIANS",8,15.801017,0.633229,0.0013077189,0.074124694,0.011812389,0.24604484,0.0055726315,0.4925787,0.13842021,0.4,0.29006505,0.02839598,0.21571538
375316653866487564,2158822091080444928,0.5017166,2171.599259740675,3.728535971134483,2.2751765E-5,15.324991,0.0320994,0.3419883,0.007332789,0.12030457,0.032799277,0.12295023,0.0275265,0.82722396,0.0039257905,0.10317111,0.015409642,0.12676056,0.030491767,null,null,null,null,"TWOGAUSSIANS",8,31.171816,0.82722396,0.0039257905,0.4,0.0,0.10931002,0.006604946,0.34199828,0.0073113465,0.4,0.0,0.10545312,0.011178423
375316653866487564,2158843703355821696,0.43987995,2215.11692039605,4.091462066146464,3.2359367E-5,18.058468,0.0061670514,0.26033553,0.009302628,0.031205839,0.040080693,0.029190607,0.02825685,null,null,null,null,null,null,0.065739915,0.01328868,0.26033553,0.009302628,"ONEGAUSSIAN_WITH_ELLIPSOIDAL",6,16.821432,0.26033553,0.009302628,0.1747527,0.22445188,0.16067028,0.026798045,null,null,null,null,null,null
375316653866487564,2158854694175517440,0.623698,2267.3758647462405,2.5874040058531387,1.0202159E-5,15.016554,0.0057604816,0.19768947,0.0023795285,0.08236722,0.0025770813,0.61948615,0.012575576,0.6982352,0.0035257917,0.07182645,0.0054093683,0.5572423,0.025665972,null,null,null,null,"TWOGAUSSIANS",8,133.84567,0.19768947,0.0023795285,0.4,0.0,0.6134278,0.012181368,0.6982352,0.0035257917,0.4,0.014283203,0.5511839,0.026836494
375316653866487564,2158858203165549952,0.572836,2221.908285686396,3.8052619441602875,1.769991E-5,17.41264,0.0072282245,0.20653509,0.0049674506,0.07227695,0.00453391,0.3940116,0.01660968,0.70454323,0.0042429757,0.07669796,0.0047616577,0.5180194,0.015316449,null,null,null,null,"TWOGAUSSIANS",8,13.459893,0.70454323,0.0042429757,0.4,0.0,0.5149166,0.015221697,0.20653509,0.0049674506,0.4,0.009913043,0.39090878,0.016412353
375316653866487564,2158859337036918400,0.5669152,2216.4960810568637,2.8399338057960293,1.45272115E-5,14.76717,0.41949826,0.24743447,0.0048980447,0.13074832,0.13902761,0.13205998,0.40540826,0.74302346,0.0032275016,0.1226688,0.04487194,0.16969404,0.2477056,null,null,null,null,"TWOGAUSSIANS",8,23.477133,0.74302346,0.0032275016,0.4,0.0,0.12892735,0.0045241597,0.24748446,0.0047962866,0.4,0.0,0.09120026,0.00985111
375316653866487564,2158869885476590080,0.574147,2201.7606121210056,2.2182694216686687,8.132102E-6,14.896343,0.011341429,0.19943376,0.0018257445,0.11369527,0.010761656,0.1086007,0.010428377,0.68547523,0.0034358946,0.09908826,0.0077613397,0.1613657,0.010743765,null,null,null,null,"TWOGAUSSIANS",8,9.526,0.68547523,0.0034358946,0.4,0.0,0.14738889,0.0040620747,0.19943376,0.0018244942,0.4,0.0,0.09460943,0.0049248682
375316653866487564,2158901943112594304,0.5402584,2190.5201368189287,3.128594861735939,2.3875875E-5,16.392021,0.018319156,0.23583573,0.0028908404,0.03901092,0.0070257103,0.22322123,0.058309797,0.7438555,0.017282685,0.05135343,0.027619928,0.13719147,0.13503233,0.11118888,0.02332945,0.23583573,0.0028908404,"TWOGAUSSIANS_WITH_ELLIPSOIDAL_ON_ECLIPSE1",9,79.303825,0.23583573,0.0028908404,0.21846116,0.03934398,0.44559747,0.045994576,0.7438555,0.01705691,0.28757918,0.1546716,0.35900357,0.14766885
375316653866487564,2158918672008259456,0.6361772,2202.3910789552756,0.9770861679291548,9.437843E-6,11.217001,0.006668294,0.3348153,0.0016319914,0.09401927,0.0023892943,0.28592494,0.0071139247,0.8424243,0.0058160773,0.09525411,0.009654208,0.18912883,0.006341807,null,null,null,null,"TWOGAUSSIANS",8,58.672886,0.3348153,0.0016319914,0.4,0.0,0.27323368,0.003810868,0.8424243,0.0058160773,0.4,0.0,0.17643762,0.009486471
375316653866487564,2158938536233324160,0.48004025,2247.447549767074,0.0943592067553703,1.1973713E-5,16.819677,0.003933625,0.49243233,0.0096178185,0.04544112,0.007946207,0.048786245,0.0098309675,0.8027134,4.8547477E-4,0.0014102699,7.7731296E-4,0.7847278,561.0298,0.003445888,0.00529376,0.8027134,4.8547477E-4,"TWOGAUSSIANS_WITH_ELLIPSOIDAL_ON_ECLIPSE2",9,20.24399,0.8027134,4.8547477E-4,0.007897511,0.0043529524,0.79161954,561.03,0.49115232,0.009339919,0.2544703,0.04449876,0.049747564,0.01032888
375316653866487564,2158951283696222720,0.4940496,2209.974609519369,2.758571111111477,2.609824E-5,13.942727,0.008573546,0.27701607,0.0054438035,0.019406466,0.008111823,0.06196026,0.08711739,0.79032356,0.08858763,0.069320984,0.07648575,0.034832418,0.10164094,0.078857556,0.010884583,0.27701607,0.0054438035,"TWOGAUSSIANS_WITH_ELLIPSOIDAL_ON_ECLIPSE1",9,450.10526,0.27701607,0.0054438035,0.1086762,0.04542621,0.21964891,0.085400656,0.79032356,0.084444195,0.3881975,0.42389718,0.19142102,0.08729206
375316653866487564,2159011859914452608,0.5607757,2204.190256186468,0.17716817532739537,7.059838E-5,14.245516,0.0024621817,0.18670706,0.012090242,0.03050694,0.017828016,0.008201163,0.0061327266,0.8356189,0.062437054,0.0520613,0.02681741,0.15590684,0.07743414,null,null,null,null,"TWOGAUSSIANS",8,30.720308,0.8356189,0.062437054,0.29154328,0.13705912,0.15590684,0.07743414,0.18670706,0.012090242,0.17083888,0.099836886,0.008201163,0.006132737
375316653866487564,2159016635917690240,0.6580728,2183.62832053515,3.4542971620852305,8.111891E-6,16.319063,0.013967072,0.3107274,0.0017726581,0.052882858,0.004304067,0.36724418,0.033697985,0.8027495,0.0020815975,0.04659666,0.0039293203,0.4023477,0.03019153,0.12705736,0.017719556,0.3107274,0.0017726581,"TWOGAUSSIANS_WITH_ELLIPSOIDAL_ON_ECLIPSE1",9,13.909343,0.8035295,0.0018574321,0.2609413,0.022004193,0.65588063,0.010797439,0.3107274,0.0017726581,0.296144,0.024102775,0.62135285,0.02772765
375316653866487564,2159040756455072768,0.58251417,2229.8027315955005,2.9656456939294666,1.2033833E-5,15.564277,0.0110527,0.20189984,0.0028183502,0.047015123,0.009722852,0.13084213,0.034824736,0.71791553,0.031402435,0.04803677,0.048700184,0.20219061,0.112416364,0.11050427,0.010237998,0.20189984,0.0028183502,"TWOGAUSSIANS_WITH_ELLIPSOIDAL_ON_ECLIPSE1",9,63.030983,0.71791553,0.026967544,0.2690059,0.17843063,0.42096713,0.111218296,0.20189984,0.0028183502,0.26328468,0.05444797,0.35184914,0.037098475
375316653866487564,2159059753095342080,0.5589312,2213.2040667938386,2.4564268654312746,1.0607617E-5,16.659147,0.01130372,0.18860012,0.0028253892,0.078476466,0.003688697,0.4419064,0.013734882,0.6847428,0.0035955503,0.083180666,0.0054394947,0.4035815,0.020435382,null,null,null,null,"TWOGAUSSIANS",8,37.75545,0.18860012,0.0028253892,0.4,0.0,0.435356,0.012387765,0.6847428,0.0035955503,0.4,0.0,0.3970311,0.020641511
375316653866487564,2159061196203541120,0.61438817,2186.1622759637676,2.473032400848968,1.1011457E-6,18.995775,0.0026009537,0.1885454,5.5449023E-6,0.020383257,5.223831E-5,1.0561473,0.0021103702,null,null,null,null,null,null,null,null,null,null,"ONEGAUSSIAN",5,1.2461544,0.1885454,5.5449023E-6,0.11414625,2.9253453E-4,1.0561473,0.0,null,null,null,null,null,null
375316653866487564,2159078479152038016,0.5084223,2159.664280860011,2.4382160174142182,3.4309833E-5,16.993069,0.0056260237,0.5646238,0.0013489971,0.043566376,0.0020954134,0.50430304,0.021564938,null,null,null,null,null,null,null,null,null,null,"ONEGAUSSIAN",5,55.188675,0.5646238,0.0013489971,0.2439717,0.011734314,0.50430304,0.0,null,null,null,null,null,null
375316653866487564,2159091810730571648,0.47091323,2195.553864455173,1.8364548931007552,3.7787224E-5,15.263696,0.014728971,0.37545863,0.010459468,0.02945364,0.015711905,0.40121973,0.14628552,0.7018675,0.05966073,0.14916845,0.069116496,0.0530757,0.019758744,null,null,null,null,"TWOGAUSSIANS",8,190.36673,0.37560862,0.010265949,0.16494039,0.08798667,0.40568495,0.15015416,0.7018675,0.05966073,0.4,0.0,0.052690018,0.020157602
375316653866487564,2159114458094130432,0.44276816,2213.7126149922815,0.3424345586443383,1.26347795E-5,18.127811,0.024182158,0.32165617,9.085132E-4,0.001841172,5.284846E-4,1.1906561,3.428491,0.57632774,0.11567684,0.048537206,0.18750249,0.046587173,0.018215077,null,null,null,null,"TWOGAUSSIANS",8,11.280284,0.32165617,9.085132E-4,0.010310563,0.0029595138,1.1906561,3.427889,0.57632774,0.11567684,0.27180836,0.25058985,0.046587173,0.019445613
375316653866487564,2159155307526388736,0.50149614,2222.5862815916653,0.17427732943980434,1.4843579E-4,18.427355,0.003014365,0.29893076,0.109373,0.042467143,0.031158788,1.7612042,8.651519,0.67611945,0.0041870717,0.031607434,0.005107066,0.053180292,0.012407505,null,null,null,null,"TWOGAUSSIANS",8,2.4401786,0.29893076,0.109373,0.237816,0.17448922,1.7612042,8.651519,0.67611945,0.0041870717,0.17700163,0.028599571,0.053180292,0.012407505
375316653866487564,2159183589887791744,0.55997765,2186.333874270322,3.9188725865610774,1.5913345E-5,16.291428,0.022177663,0.3069792,0.0041255313,0.047773972,0.014621982,0.1809988,0.051112663,0.81258804,0.0058508418,0.052588873,0.01253069,0.1594096,0.057990976,0.101314075,0.036428705,0.3069792,0.0041255313,"TWOGAUSSIANS_WITH_ELLIPSOIDAL_ON_ECLIPSE1",9,41.805347,0.3069792,0.0041255313,0.26753423,0.0818831,0.38362417,0.028405517,0.81258804,0.0058508418,0.2944977,0.07017186,0.36178342,0.025068955
375316653866487564,2159207641704494464,0.5736095,2174.1996316106183,1.3471832736220433,1.6835535E-5,15.905952,0.0037544228,0.11728546,0.005077093,0.025995385,0.008254637,0.12740079,0.011695951,0.62043196,0.0055574575,0.030871565,0.0038409322,0.62535626,0.18980281,0.028422914,0.0050457967,0.11728546,0.005077093,"TWOGAUSSIANS_WITH_ELLIPSOIDAL_ON_ECLIPSE1",9,20.196032,0.62043196,0.0055572307,0.17288075,0.021509219,0.68217987,0.18991286,0.11728546,0.005077093,0.14557415,0.04622597,0.1842466,0.013633451
375316653866487564,2159216953194195072,0.4483785,2206.47282996203,0.3390115701771857,9.9391946E-5,17.30443,0.0046509835,0.15373446,0.016430885,0.026697408,0.026721984,0.11615751,3.2651095,0.81968254,0.010577569,0.028686274,0.0071382504,0.0264233,0.0068538315,0.016742542,0.007865091,0.15373446,0.016430885,"TWOGAUSSIANS_WITH_ELLIPSOIDAL_ON_ECLIPSE1",9,11.6214485,0.15373446,0.016430885,0.1495055,0.14964311,0.14964245,3.260098,0.81968254,0.010577569,0.16064313,0.0399742,0.034925696,0.00834302
