Gaia/vari_eclipsing_binary/VariEclipsingBinary_459160-459170.csv
# %ECSV 1.0
# ---
# delimiter: ','
# meta: !!omap
# - RELEASE: Gaia DR3
# - TABLE: vari_eclipsing_binary
# - DESCRIPTION: >
#     This table describes the properties of the eclipsing binaries resulting from the variability analysis. 
# - CITATION: >
#     How to cite and acknowledge Gaia: 
#     https://gea.esac.esa.int/archive/documentation/credits.html 
# - KNOWN_ISSUES: >
#     Known issues: 
#     https://www.cosmos.esa.int/web/gaia-users/known-issues 
# - DOCUMENTATION: >
#     Tutorials and documentation: 
#     https://www.cosmos.esa.int/web/gaia-users/archive 
# datatype:
# - 
#   name: solution_id
#   datatype: int64
#   description: Solution Identifier
#   meta:
#     ucd: meta.version
# - 
#   name: source_id
#   datatype: int64
#   description: Unique source identifier
#   meta:
#     ucd: meta.id;meta.main
# - 
#   name: global_ranking
#   datatype: float32
#   description: Number between 0 (worst) and 1 (best)
#   meta:
#     ucd: stat.param
# - 
#   name: reference_time
#   datatype: float64
#   unit: d
#   description: Reference time used for the geometric model fit
#   meta:
#     ucd: time.epoch
# - 
#   name: frequency
#   datatype: float64
#   unit: d**-1
#   description: Frequency of geometric model of the eclipsing binary light curve
#   meta:
#     ucd: src.orbital
# - 
#   name: frequency_error
#   datatype: float32
#   unit: d**-1
#   description: "Uncertainty of \\texttt{frequency}"
#   meta:
#     ucd: stat.error
# - 
#   name: geom_model_reference_level
#   datatype: float32
#   unit: mag
#   description: Magnitude reference level of geometric model
#   meta:
#     ucd: phot.mag;em.opt
# - 
#   name: geom_model_reference_level_error
#   datatype: float32
#   unit: mag
#   description: "Uncertainty of \\texttt{geomModelReferenceLevel}"
#   meta:
#     ucd: stat.error;phot.mag;em.opt
# - 
#   name: geom_model_gaussian1_phase
#   datatype: float32
#   description: Phase of the Gaussian 1 component
#   meta:
#     ucd: time.phase
# - 
#   name: geom_model_gaussian1_phase_error
#   datatype: float32
#   description: "Uncertainty of \\texttt{geomModelGaussian1Phase}"
#   meta:
#     ucd: stat.error;time.phase
# - 
#   name: geom_model_gaussian1_sigma
#   datatype: float32
#   description: "Standard deviation [phase] of Gaussian 1 component"
#   meta:
#     ucd: stat.stdev
# - 
#   name: geom_model_gaussian1_sigma_error
#   datatype: float32
#   description: "Uncertainty of \\texttt{geomModelGaussian1Sigma}"
#   meta:
#     ucd: stat.error
# - 
#   name: geom_model_gaussian1_depth
#   datatype: float32
#   unit: mag
#   description: Magnitude depth of Gaussian 1 component
#   meta:
#     ucd: src.var.amplitude
# - 
#   name: geom_model_gaussian1_depth_error
#   datatype: float32
#   unit: mag
#   description: "Uncertainty of \\texttt{geomModelGaussian1Depth}"
#   meta:
#     ucd: stat.error;src.var.amplitude
# - 
#   name: geom_model_gaussian2_phase
#   datatype: float32
#   description: Phase of Gaussian 2 component
#   meta:
#     ucd: time.phase
# - 
#   name: geom_model_gaussian2_phase_error
#   datatype: float32
#   description: "Uncertainty of \\texttt{geomModelGaussian2Phase}"
#   meta:
#     ucd: stat.error;time.phase
# - 
#   name: geom_model_gaussian2_sigma
#   datatype: float32
[...]
#   datatype: float32
#   description: "Secondary eclipse: uncertainty of \\texttt{derivedSecondaryEclDuration}"
#   meta:
#     ucd: stat.error;time.duration
# - 
#   name: derived_secondary_ecl_depth
#   datatype: float32
#   unit: mag
#   description: "Secondary eclipse: depth"
#   meta:
#     ucd: src.var.amplitude
# - 
#   name: derived_secondary_ecl_depth_error
#   datatype: float32
#   unit: mag
#   description: "Secondary eclipse: uncertainty of \\texttt{derivedSecondaryEclDepth}"
#   meta:
#     ucd: stat.error;src.var.amplitude
solution_id,source_id,global_ranking,reference_time,frequency,frequency_error,geom_model_reference_level,geom_model_reference_level_error,geom_model_gaussian1_phase,geom_model_gaussian1_phase_error,geom_model_gaussian1_sigma,geom_model_gaussian1_sigma_error,geom_model_gaussian1_depth,geom_model_gaussian1_depth_error,geom_model_gaussian2_phase,geom_model_gaussian2_phase_error,geom_model_gaussian2_sigma,geom_model_gaussian2_sigma_error,geom_model_gaussian2_depth,geom_model_gaussian2_depth_error,geom_model_cosine_half_period_amplitude,geom_model_cosine_half_period_amplitude_error,geom_model_cosine_half_period_phase,geom_model_cosine_half_period_phase_error,model_type,num_model_parameters,reduced_chi2,derived_primary_ecl_phase,derived_primary_ecl_phase_error,derived_primary_ecl_duration,derived_primary_ecl_duration_error,derived_primary_ecl_depth,derived_primary_ecl_depth_error,derived_secondary_ecl_phase,derived_secondary_ecl_phase_error,derived_secondary_ecl_duration,derived_secondary_ecl_duration_error,derived_secondary_ecl_depth,derived_secondary_ecl_depth_error
[from data line 147]
375316653866487564,4038833146150182528,0.4470532,2376.0010332487636,4.021227394747084,3.054978E-5,18.650808,0.07614544,0.30872607,0.008970691,0.083754934,0.028662208,0.29037413,0.0661935,0.79538924,0.005835697,0.104955144,0.04792008,0.21715163,0.049047012,null,null,null,null,"TWOGAUSSIANS",8,8.273441,0.30872607,0.008937952,0.4,0.0,0.278301,0.05494951,0.79538924,0.005835697,0.4,0.0,0.20507246,0.042433925
375316653866487564,4038833317892309632,0.49943635,2336.937227203913,3.6553741436049734,1.4983004E-5,19.450375,0.02177361,0.20786913,0.004171078,0.07277222,0.0071889223,0.31024036,0.017658228,0.70090896,0.007799181,0.08193847,0.025781527,0.2818252,0.0762566,null,null,null,null,"TWOGAUSSIANS",8,2.2038853,0.20786913,0.004171078,0.4,0.010020646,0.30749866,0.013971511,0.70090896,0.007799181,0.4,0.0,0.27908355,0.08277367
375316653866487564,4038833352251945088,0.4317143,2381.859377898698,0.47909005949439964,6.999005E-5,18.509632,0.009116841,0.21554238,0.045570217,0.07989993,0.05276078,0.045269303,0.024852617,0.85303265,4.2896392E-4,0.015783284,0.0017184074,0.1619783,0.015095868,null,null,null,null,"TWOGAUSSIANS",8,3.0372314,0.85303265,4.318253E-4,0.088386394,0.009623081,0.16197984,0.015087619,0.21554238,0.045570217,0.4,0.15605482,0.045269303,0.024851354
375316653866487564,4038833352251982080,0.45306352,2398.7963707406666,0.5661857034687381,2.1240487E-5,19.76167,0.0108790975,0.22566,0.0054057455,0.01139875,0.0050341827,0.29888803,0.18934356,0.80272156,0.014746349,0.032671396,0.010859609,0.27015036,0.20728196,0.03526018,0.018161608,0.22566,0.0054057455,"TWOGAUSSIANS_WITH_ELLIPSOIDAL_ON_ECLIPSE1",9,3.0593665,0.22566,0.0054057455,0.063833006,0.028191423,0.36940828,0.20211388,0.80272156,0.014746349,0.18295981,0.06081381,0.32538998,0.21032912
375316653866487564,4038833897648445312,0.5609375,2380.621205321446,1.2291456198977302,1.9129206E-5,15.288345,0.002705659,0.57108635,0.044969313,0.018271945,0.013374676,0.7912915,2.8165162,0.7835907,0.020905897,0.01587126,0.026530577,0.14825441,0.28533345,0.004952548,0.0025128187,0.57108635,0.044969313,"TWOGAUSSIANS_WITH_ELLIPSOIDAL_ON_ECLIPSE1",9,26.97933,0.57108635,0.044969313,0.1023229,0.07489818,0.8011966,2.8178718,0.7835907,0.020905897,0.08887906,0.14857124,0.14879405,0.28545034
375316653866487564,4038833936369672064,0.559767,2388.9427249974233,1.4084762200978251,9.339648E-6,16.953451,0.0038345708,0.20594704,0.0029832039,0.042373486,0.009436562,0.042715363,0.029944694,0.70339227,0.004198273,0.031934068,0.005804285,0.0760318,0.013242389,0.079590745,0.005940636,0.20594704,0.0029832039,"TWOGAUSSIANS_WITH_ELLIPSOIDAL_ON_ECLIPSE1",9,6.6394763,0.7037623,0.0033338359,0.17883077,0.032503996,0.23517819,0.0132173095,0.20594704,0.0029832039,0.23729153,0.052844744,0.20189685,0.028110458
375316653866487564,4038834108168553856,0.5705606,2439.778659491987,4.50349303299652,1.8067856E-5,19.896782,0.012348537,0.25009543,0.0028780869,0.06421018,0.0045267222,0.5805976,0.025025755,0.73466575,0.021487795,0.053025316,0.027279273,2.612093,3.065542,null,null,null,null,"TWOGAUSSIANS",8,0.84845656,0.73466575,0.021487795,0.29694176,0.10834101,2.6119506,3.0672915,0.25009543,0.0028780869,0.35957697,0.025349643,0.58045536,0.024660496
375316653866487564,4038834279967252608,0.5049086,2395.526197817324,2.118214737026182,3.0879368E-5,18.793612,0.014799251,0.23594841,0.012616083,0.092129976,0.017166799,0.23902746,0.023739154,0.7371964,0.0051905033,0.08292192,0.009592595,0.23105933,0.014187216,null,null,null,null,"TWOGAUSSIANS",8,2.274203,0.23594841,0.012616083,0.4,0.0,0.2312394,0.024954978,0.7371964,0.0051905033,0.4,0.0,0.22327146,0.012347311
375316653866487564,4038834486125642752,0.4683537,2426.296286734978,2.699462676642132,3.2822834E-5,18.221298,0.0052224854,0.31419924,0.005465395,0.08527253,0.009951303,0.14264028,0.013052745,0.80485886,0.023213634,0.062547036,0.031534523,0.09392158,0.1272722,null,null,null,null,"TWOGAUSSIANS",8,3.1059356,0.31419924,0.005465395,0.4,0.0,0.14201635,0.0133780055,0.80485886,0.023213634,0.3502634,0.17659332,0.09329766,0.12783329
375316653866487564,4038834554845109888,0.5373837,2456.691567347921,2.9605822103137163,1.22276415E-5,19.103542,0.016634643,0.25473452,0.004168831,0.08620658,0.0065471707,0.2556612,0.02311331,0.75068736,0.004068357,0.08854602,0.008769886,0.25454643,0.0155102685,null,null,null,null,"TWOGAUSSIANS",8,1.6338377,0.25473452,0.004168831,0.4,0.0,0.24769631,0.020543307,0.75068736,0.004068357,0.4,0.0,0.24658151,0.0113602765
375316653866487564,4038834623564813696,0.50906736,2440.8478012602172,2.8449488556160003,3.1215943E-5,18.207727,0.007940086,0.278451,0.0066938065,0.06759446,0.0076884036,0.2205789,0.02829678,0.785922,0.00856829,0.07890924,0.008285957,0.26266733,0.017331718,null,null,null,null,"TWOGAUSSIANS",8,5.468363,0.785922,0.00856829,0.4,0.0,0.2614686,0.017465208,0.278451,0.0066938065,0.37852898,0.039124694,0.21938016,0.028575126
375316653866487564,4038834623637191808,0.440733,2505.4615859674996,1.320846020533672,2.8939103E-5,19.261322,0.012632911,0.22276507,0.0121120615,0.04950246,0.01580373,0.36384824,0.13762154,0.74690795,0.0043961443,0.014871496,0.003205465,0.22675933,0.04316628,null,null,null,null,"TWOGAUSSIANS",8,3.0137503,0.22276507,0.0121120615,0.27721378,0.08850089,0.36384824,0.13762154,0.74690795,0.0043961443,0.08328038,0.017950604,0.22675933,0.04316628
375316653866487564,4038834726644020736,0.5262245,2417.556469439545,1.4024988817066402,1.7317474E-5,18.135515,0.004678439,0.23202144,0.006268068,0.05342826,0.005850254,0.10587355,0.008174809,0.7388629,0.012078119,0.042873062,0.008805003,0.29627228,0.03383313,null,null,null,null,"TWOGAUSSIANS",8,3.8109403,0.7388629,0.012078119,0.24008915,0.049308017,0.29627198,0.03383394,0.23202144,0.006268068,0.29919824,0.032761425,0.10587323,0.008174213
375316653866487564,4038835001576401536,0.4243203,2395.5514164726496,0.9171735888998848,5.4610093E-5,18.461704,0.0055227615,0.1566448,0.00542701,0.02051429,0.0039137444,0.14379138,0.024335792,0.61752033,0.0377998,0.05153925,0.02152249,0.07399231,0.06433923,null,null,null,null,"TWOGAUSSIANS",8,5.372369,0.1566448,0.00542701,0.114880025,0.021916969,0.14379138,0.024335792,0.61752033,0.0377998,0.28861982,0.12052594,0.07399231,0.06433923
375316653866487564,4038835310760411904,0.49969095,2386.9976079078037,4.772389160454721,7.3359704E-5,19.27176,0.0061796554,0.4588645,0.06640447,0.03498536,0.022608297,0.48729977,0.39637226,0.766642,0.019739248,0.056279812,0.012491915,0.12006984,0.06552611,null,null,null,null,"TWOGAUSSIANS",8,0.87849194,0.4588645,0.06640447,0.19591801,0.12660646,0.4872998,0.39636108,0.766642,0.019739248,0.31516695,0.06995472,0.12006984,0.06552611
375316653866487564,4038835413839453056,0.5189189,2436.6000607723677,3.2985736762766575,2.9278533E-5,19.285234,0.009554871,0.26865056,0.0066114403,0.070923254,0.006593403,0.1924024,0.011190397,0.7507131,0.013570626,0.08138247,0.01024207,0.23314512,0.02025565,null,null,null,null,"TWOGAUSSIANS",8,1.3078636,0.7507131,0.013570626,0.4,0.0,0.23183411,0.018861074,0.26865056,0.0066114403,0.39717022,0.020810137,0.19109139,0.01042916
375316653866487564,4038835482559269888,0.5468632,2450.317611669023,2.2072350654097663,2.104175E-5,18.68112,0.019061442,0.31917688,0.0038597456,0.07072055,0.021011373,0.12940255,0.046166554,0.7934954,0.0041847583,0.033766087,0.015469755,0.17304483,0.07955658,0.12667611,0.028904827,0.31917688,0.0038597456,"TWOGAUSSIANS_WITH_ELLIPSOIDAL_ON_ECLIPSE1",9,6.2077065,0.79645544,0.005977767,0.18909009,0.08663063,0.42035788,0.0774504,0.31917688,0.0038597456,0.3960351,0.08990609,0.38250786,0.019564942
375316653866487564,4038835688715717120,0.44624576,2379.6225873844323,0.055948525922190136,3.478361E-5,19.162863,0.025189778,0.22976702,0.009319516,0.07719341,0.012673988,0.17769836,0.043334316,0.80414283,0.021623427,0.07295357,0.025427831,0.08382868,0.026002357,null,null,null,null,"TWOGAUSSIANS",8,4.025241,0.22976702,0.009319202,0.4,0.0,0.17753528,0.042516246,0.80414283,0.021620842,0.4,0.0238277,0.083665654,0.024237998
375316653866487564,4038835723077143168,0.42732713,2454.7442924115835,3.852130868259363,5.234022E-5,18.62459,0.014707545,0.3147268,0.016130187,0.0669501,0.025382116,0.21038225,0.0392694,0.7447074,0.025541192,0.073327504,0.023345523,0.18677855,0.052696627,null,null,null,null,"TWOGAUSSIANS",8,4.8696995,0.3147268,0.016130187,0.37492055,0.12508488,0.21027972,0.03936009,0.7447074,0.025541192,0.4,0.09996879,0.186676,0.052718155
375316653866487564,4038835963593666432,0.5199938,2417.172543244397,2.352732915076564,1.9973477E-5,18.731274,0.12477101,0.24650197,0.004563982,0.115774125,0.02830879,0.45932254,0.11700501,0.7527419,0.0069141313,0.11493379,0.026110664,0.44187272,0.11604477,null,null,null,null,"TWOGAUSSIANS",8,4.712316,0.24648197,0.0045984476,0.4,0.0,0.37825802,0.018288607,0.75276184,0.006944559,0.4,0.0,0.3608217,0.024401922
375316653866487564,4038836101031580928,0.45822263,2355.6038458444027,0.6262767148929654,7.07361E-5,18.836231,0.023674183,0.36777994,0.061489023,0.10939033,0.081356816,0.06816645,0.019305289,0.7281979,0.00797689,0.033563364,0.010752401,0.27757174,0.03561191,null,null,null,null,"TWOGAUSSIANS",8,6.368886,0.7281979,0.00797689,0.18795484,0.060213447,0.27786338,0.036732703,0.36777994,0.061489023,0.4,0.0,0.06815866,0.018268583
375316653866487564,4038836302849392128,0.526566,2368.667856655971,0.04001277435773028,1.0667922E-4,18.328032,0.004505229,0.3410222,0.0036058628,0.059024155,0.037810028,0.84088933,39.334232,0.6354331,0.0069803996,0.0546873,0.024690168,0.2119292,0.016000098,0.0010242384,0.0060487627,0.6354331,0.0069803996,"TWOGAUSSIANS_WITH_ELLIPSOIDAL_ON_ECLIPSE2",9,3.7327507,0.3409922,0.0035861162,0.33053526,0.21173616,0.8410394,39.334408,0.6354331,0.0069803996,0.30624887,0.09557165,0.21397552,0.013488131
375316653866487564,4038836479045289984,0.47881472,2383.140161283305,1.0827710020736196,1.2996747E-5,16.872065,0.0039687334,null,null,null,null,null,null,null,null,null,null,null,null,0.0890862,0.0067360494,0.23060882,0.0038863705,"ELLIPSOIDAL",4,17.910357,null,null,null,null,null,null,null,null,null,null,null,null
375316653866487564,4038836513353471360,0.46021968,2445.4125235939605,0.702471759547818,1.9854851E-5,19.809381,0.011259354,0.2005938,0.0032271452,0.03224512,0.0028061406,0.22173135,0.016663175,0.76142174,0.0015592163,0.015407818,0.0039607575,0.4454556,0.14841987,null,null,null,null,"TWOGAUSSIANS",8,2.1464212,0.76142174,0.0015592163,0.08628378,0.02218024,0.4454556,0.14841987,0.2005938,0.0032271452,0.18057267,0.015714386,0.22173135,0.016663175
375316653866487564,4038836547708597888,0.5292202,2452.3441920517193,3.0554013851789805,1.06344676E-4,19.372746,0.0083628185,0.26722932,0.0054797907,0.061179318,0.010152881,0.60637593,0.15603156,0.77408946,0.009311394,0.061026275,0.007630951,0.4513532,0.12770265,null,null,null,null,"TWOGAUSSIANS",8,2.4129786,0.26722932,0.0054797907,0.34260416,0.056856133,0.60618365,0.15653166,0.77408946,0.009311394,0.34174713,0.042733323,0.45116088,0.12787992
375316653866487564,4038836685203282688,0.41472784,2370.7598202584745,0.3620815689555423,5.976E-5,17.52824,0.010853025,0.19918892,0.026865935,0.032539062,0.023791725,0.11688552,0.099624015,0.56222856,0.011045475,0.13653159,0.022427784,0.11961375,0.013566957,null,null,null,null,"TWOGAUSSIANS",8,8.921297,0.19980893,0.027338374,0.18221875,0.13323367,0.12009217,0.09786115,0.56222856,0.011045475,0.4,0.0,0.11930994,0.013632346
375316653866487564,4038836719580486272,0.46709046,2370.348019745254,0.05445484009167724,2.2193877E-5,18.07181,0.007400239,0.13127922,0.005880554,0.057763617,0.005881757,0.18963756,0.01941913,0.6328786,0.008079993,0.08119534,0.007523227,0.195977,0.021685373,null,null,null,null,"TWOGAUSSIANS",8,7.211409,0.6328786,0.008079993,0.4,0.0,0.19541286,0.021725131,0.13127922,0.005880554,0.32347625,0.03293784,0.18907341,0.019502647
375316653866487564,4038836749511534720,0.44414532,2412.1817420957605,3.3677037472720492,9.349346E-5,17.859499,0.015148049,0.22366044,0.008403527,0.061145034,0.015133285,0.12262327,0.022201465,0.66754276,0.017030314,0.09027073,0.024687119,0.0905538,0.013610859,null,null,null,null,"TWOGAUSSIANS",8,3.3679922,0.22366044,0.008401822,0.3424122,0.0847464,0.12238833,0.022087606,0.66754276,0.017030314,0.4,0.0,0.090318345,0.013045747
375316653866487564,4038837131827328256,0.60522467,2346.691642122966,2.3755700131450146,9.320292E-6,18.856087,0.0075682807,0.2663127,0.0022243373,0.07199579,0.0022058196,0.6452023,0.01706893,0.79100776,0.005372734,0.0630265,0.005143475,0.636076,0.06952192,null,null,null,null,"TWOGAUSSIANS",8,2.6388946,0.2663127,0.0022243373,0.4,7.2568725E-4,0.6445296,0.017061513,0.79100776,0.005372734,0.3529484,0.028803458,0.6354033,0.070002265
375316653866487564,4038837131827331968,0.47850606,2381.6617249453107,2.7038897856282986,2.5791343E-5,19.623045,0.0053460705,0.7431818,0.0067595495,0.036899295,0.060869318,0.04305862,4.226068E7,null,null,null,null,null,null,0.079747096,0.008862754,0.7431818,0.0067595495,"ONEGAUSSIAN_WITH_ELLIPSOIDAL",6,1.8155127,0.7431818,0.0067595495,0.20663606,0.34086818,0.20255259,4.226068E7,null,null,null,null,null,null
375316653866487564,4038837131827333120,0.44649258,2399.658332269196,4.059547388566543,4.373986E-5,19.706348,0.035758875,0.23248903,0.013592652,0.07867373,0.012547543,0.38776565,0.05299981,0.76760155,0.0065481695,0.045136288,0.0069074477,0.79031664,0.13980456,null,null,null,null,"TWOGAUSSIANS",8,6.2912216,0.76760155,0.0065481695,0.2527632,0.038681705,0.7902324,0.13985968,0.23248903,0.013592652,0.4,0.007722033,0.38768142,0.052933052
375316653866487564,4038837166183987840,0.44862586,2445.959336643475,4.59283057984404,2.115961E-5,18.647194,0.0061029317,0.3089493,0.015740594,0.017487576,0.014452246,0.19836791,0.08878504,0.6852885,0.012948012,0.05686356,0.007745249,0.081418365,0.0153215565,null,null,null,null,"TWOGAUSSIANS",8,2.954261,0.3089493,0.015740594,0.09793043,0.08093258,0.19836791,0.08878504,0.6852885,0.012948012,0.31843594,0.043373395,0.081418365,0.0153215565
375316653866487564,4038837406702377472,0.4538271,2380.042379138948,4.252204714888915,3.3290682E-5,17.918562,0.012114128,0.45507818,0.042421702,0.14429432,0.057193436,0.09473747,0.015965538,0.716377,0.014807954,0.025454298,0.021554595,0.10044564,0.036432996,null,null,null,null,"TWOGAUSSIANS",8,8.74937,0.716377,0.014807954,0.14254406,0.12070574,0.11836179,0.028897433,0.45507818,0.042421702,0.4,0.0,0.0942695,0.012630592
375316653866487564,4038837681580471296,0.5617183,2374.910218913436,3.05340503195739,1.9096798E-5,19.523127,0.022159576,0.108089544,0.0023810505,0.08514971,0.007655313,0.47888878,0.04219326,0.6231228,0.004655944,0.09480321,0.0069399183,0.5526897,0.029822689,null,null,null,null,"TWOGAUSSIANS",8,1.3279883,0.6231228,0.004655944,0.4,0.0,0.535522,0.02742413,0.108089544,0.0023810505,0.4,0.0,0.46172243,0.04606609
375316653866487564,4038837819022445440,0.5089057,2384.0817729689734,2.3102809567353306,2.8748816E-5,18.823984,0.031394444,0.22536978,0.003972279,0.099404514,0.009978924,0.37769687,0.030117366,0.73112816,0.005839515,0.09080289,0.010203614,0.386425,0.038296986,null,null,null,null,"TWOGAUSSIANS",8,5.7741785,0.73112816,0.005839515,0.4,0.0,0.36419022,0.035154827,0.22536978,0.003972279,0.4,0.0,0.3554598,0.018772231
375316653866487564,4038837819022446464,0.44032863,2410.1032226354855,4.480039301517198,1.3529588E-5,19.58431,0.022404822,0.16134079,0.0019339384,0.03143264,0.0038436006,0.28037596,0.015202656,0.48999447,0.018021429,0.07779383,0.029820098,0.13458776,0.034004666,null,null,null,null,"TWOGAUSSIANS",8,3.626605,0.16134079,0.001935053,0.17602278,0.021524163,0.28039387,0.015314624,0.48999447,0.018021429,0.4,0.050738033,0.13458776,0.034004685
