Gaia/vari_eclipsing_binary/VariEclipsingBinary_685468-685483.csv
# %ECSV 1.0
# ---
# delimiter: ','
# meta: !!omap
# - RELEASE: Gaia DR3
# - TABLE: vari_eclipsing_binary
# - DESCRIPTION: >
#     This table describes the properties of the eclipsing binaries resulting from the variability analysis. 
# - CITATION: >
#     How to cite and acknowledge Gaia: 
#     https://gea.esac.esa.int/archive/documentation/credits.html 
# - KNOWN_ISSUES: >
#     Known issues: 
#     https://www.cosmos.esa.int/web/gaia-users/known-issues 
# - DOCUMENTATION: >
#     Tutorials and documentation: 
#     https://www.cosmos.esa.int/web/gaia-users/archive 
# datatype:
# - 
#   name: solution_id
#   datatype: int64
#   description: Solution Identifier
#   meta:
#     ucd: meta.version
# - 
#   name: source_id
#   datatype: int64
#   description: Unique source identifier
#   meta:
#     ucd: meta.id;meta.main
# - 
#   name: global_ranking
#   datatype: float32
#   description: Number between 0 (worst) and 1 (best)
#   meta:
#     ucd: stat.param
# - 
#   name: reference_time
#   datatype: float64
#   unit: d
#   description: Reference time used for the geometric model fit
#   meta:
#     ucd: time.epoch
# - 
#   name: frequency
#   datatype: float64
#   unit: d**-1
#   description: Frequency of geometric model of the eclipsing binary light curve
#   meta:
#     ucd: src.orbital
# - 
#   name: frequency_error
#   datatype: float32
#   unit: d**-1
#   description: "Uncertainty of \\texttt{frequency}"
#   meta:
#     ucd: stat.error
# - 
#   name: geom_model_reference_level
#   datatype: float32
#   unit: mag
#   description: Magnitude reference level of geometric model
#   meta:
#     ucd: phot.mag;em.opt
# - 
#   name: geom_model_reference_level_error
#   datatype: float32
#   unit: mag
#   description: "Uncertainty of \\texttt{geomModelReferenceLevel}"
#   meta:
#     ucd: stat.error;phot.mag;em.opt
# - 
#   name: geom_model_gaussian1_phase
#   datatype: float32
#   description: Phase of the Gaussian 1 component
#   meta:
#     ucd: time.phase
# - 
#   name: geom_model_gaussian1_phase_error
#   datatype: float32
#   description: "Uncertainty of \\texttt{geomModelGaussian1Phase}"
#   meta:
#     ucd: stat.error;time.phase
# - 
#   name: geom_model_gaussian1_sigma
#   datatype: float32
#   description: "Standard deviation [phase] of Gaussian 1 component"
#   meta:
#     ucd: stat.stdev
# - 
#   name: geom_model_gaussian1_sigma_error
#   datatype: float32
#   description: "Uncertainty of \\texttt{geomModelGaussian1Sigma}"
#   meta:
#     ucd: stat.error
# - 
#   name: geom_model_gaussian1_depth
#   datatype: float32
#   unit: mag
#   description: Magnitude depth of Gaussian 1 component
#   meta:
#     ucd: src.var.amplitude
# - 
#   name: geom_model_gaussian1_depth_error
#   datatype: float32
#   unit: mag
#   description: "Uncertainty of \\texttt{geomModelGaussian1Depth}"
#   meta:
#     ucd: stat.error;src.var.amplitude
# - 
#   name: geom_model_gaussian2_phase
#   datatype: float32
#   description: Phase of Gaussian 2 component
#   meta:
#     ucd: time.phase
# - 
#   name: geom_model_gaussian2_phase_error
#   datatype: float32
#   description: "Uncertainty of \\texttt{geomModelGaussian2Phase}"
#   meta:
#     ucd: stat.error;time.phase
# - 
#   name: geom_model_gaussian2_sigma
#   datatype: float32
[...]
#   datatype: float32
#   description: "Secondary eclipse: uncertainty of \\texttt{derivedSecondaryEclDuration}"
#   meta:
#     ucd: stat.error;time.duration
# - 
#   name: derived_secondary_ecl_depth
#   datatype: float32
#   unit: mag
#   description: "Secondary eclipse: depth"
#   meta:
#     ucd: src.var.amplitude
# - 
#   name: derived_secondary_ecl_depth_error
#   datatype: float32
#   unit: mag
#   description: "Secondary eclipse: uncertainty of \\texttt{derivedSecondaryEclDepth}"
#   meta:
#     ucd: stat.error;src.var.amplitude
solution_id,source_id,global_ranking,reference_time,frequency,frequency_error,geom_model_reference_level,geom_model_reference_level_error,geom_model_gaussian1_phase,geom_model_gaussian1_phase_error,geom_model_gaussian1_sigma,geom_model_gaussian1_sigma_error,geom_model_gaussian1_depth,geom_model_gaussian1_depth_error,geom_model_gaussian2_phase,geom_model_gaussian2_phase_error,geom_model_gaussian2_sigma,geom_model_gaussian2_sigma_error,geom_model_gaussian2_depth,geom_model_gaussian2_depth_error,geom_model_cosine_half_period_amplitude,geom_model_cosine_half_period_amplitude_error,geom_model_cosine_half_period_phase,geom_model_cosine_half_period_phase_error,model_type,num_model_parameters,reduced_chi2,derived_primary_ecl_phase,derived_primary_ecl_phase_error,derived_primary_ecl_duration,derived_primary_ecl_duration_error,derived_primary_ecl_depth,derived_primary_ecl_depth_error,derived_secondary_ecl_phase,derived_secondary_ecl_phase_error,derived_secondary_ecl_duration,derived_secondary_ecl_duration_error,derived_secondary_ecl_depth,derived_secondary_ecl_depth_error
[from data line 146]
375316653866487564,6029475274373862656,0.55973035,2316.9833048374326,2.8087893975183094,5.8149685E-6,18.374184,0.006012737,0.24924603,0.0018404077,0.071053065,0.0026081335,0.28770024,0.009176174,0.7463686,0.0024230178,0.07969595,0.003468363,0.3413132,0.008154561,null,null,null,null,"TWOGAUSSIANS",8,3.6904895,0.7463686,0.0024230178,0.4,0.0,0.33890292,0.007986352,0.24924603,0.0018404077,0.39789718,0.013142656,0.2852899,0.008993906
375316653866487564,6029476506911253760,0.46951634,2283.3614754634073,2.952827339131388,3.333187E-5,18.190752,0.015764566,0.21928631,0.008630002,0.086762965,0.009733213,0.18880723,0.02301539,0.68994415,0.007888654,0.10300521,0.0163843,0.15741761,0.015465427,null,null,null,null,"TWOGAUSSIANS",8,7.0520782,0.21929632,0.008632392,0.4,0.0,0.18186098,0.01972517,0.68994415,0.007888654,0.4,0.0,0.15046655,0.012602998
375316653866487564,6029476648649608960,0.5378169,2254.111118151825,2.159246513790252,1.2269077E-5,18.092224,0.03507322,0.2654849,0.003771662,0.11000308,0.014221916,0.22242592,0.03199606,0.78099227,0.007803928,0.11423297,0.019724792,0.18648659,0.035806287,null,null,null,null,"TWOGAUSSIANS",8,2.3299456,0.2654549,0.0037528551,0.4,0.0,0.19355506,0.008788505,0.7810223,0.007769232,0.4,0.0,0.15760295,0.007636297
375316653866487564,6029476683005312640,0.58219326,2264.3682451206755,2.157369633150231,7.775178E-6,18.333193,0.023721699,0.26366532,0.0021358507,0.10039239,0.0061652022,0.33016908,0.02219644,0.7683627,0.0018195668,0.1273302,0.012571459,0.23775968,0.019999722,null,null,null,null,"TWOGAUSSIANS",8,1.20999,0.2636353,0.0021536776,0.4,0.0,0.2840296,0.0059553618,0.7683627,0.0018195668,0.4,0.0,0.19140765,0.0048813242
375316653866487564,6029476751724733312,0.40912378,2262.6321953903794,1.0757545409319167,5.3725507E-5,18.693811,0.003777388,null,null,null,null,null,null,null,null,null,null,null,null,0.033695072,0.0043111774,0.2950962,0.014233023,"ELLIPSOIDAL",4,4.0743394,null,null,null,null,null,null,null,null,null,null,null,null
375316653866487564,6029476923523810176,0.43938056,2295.9961218950125,0.16473276876767357,1.8589342E-5,17.892776,0.0047696,0.3327325,0.006640618,0.04457107,0.0045990786,0.15044725,0.03379107,0.5395138,0.042527013,0.13109258,0.11595875,0.01974147,0.006269962,null,null,null,null,"TWOGAUSSIANS",8,3.9481673,0.3336425,0.0061337077,0.24959798,0.02575484,0.15614082,0.031555884,0.5395138,0.042527013,0.4,0.0,0.019717272,0.006254698
375316653866487564,6029476992243187200,0.51297927,2246.3588009116274,2.098978569509742,4.6763984E-5,19.644527,0.0055272537,0.27577075,0.005041325,0.051411033,0.0086916825,0.40880322,0.09457707,0.7824137,0.008166936,0.05300679,0.009851252,0.14833355,0.013067355,null,null,null,null,"TWOGAUSSIANS",8,2.0750957,0.27577075,0.005041325,0.2879018,0.04867342,0.40879947,0.094581746,0.7824137,0.008166936,0.29683802,0.05516701,0.1483298,0.013070003
375316653866487564,6029477060962772992,0.4814202,2281.3001500241007,4.312729035282404,6.046752E-5,19.911154,0.008811847,0.06164639,0.024279123,0.024192277,0.01845684,0.094093256,0.056693535,0.73226905,0.009773902,0.12782457,0.015835488,0.262222,0.013688307,null,null,null,null,"TWOGAUSSIANS",8,1.6988488,0.73226905,0.009773902,0.4,0.0,0.26197243,0.01378967,0.06042639,0.029496979,0.13547675,0.10335831,0.10344074,0.05434335
375316653866487564,6029477645078450304,0.4921476,2268.460713979772,0.9607205745267886,1.0377256E-5,18.98399,0.010472422,0.21110243,0.0033600922,0.045028746,0.0054489207,0.18059355,0.013976797,0.7134902,0.010136769,0.065862015,0.009799443,0.23750474,0.037395913,null,null,null,null,"TWOGAUSSIANS",8,5.6421614,0.7134902,0.010136769,0.36882728,0.05487688,0.23749015,0.03740502,0.21110243,0.0033600922,0.252161,0.030513955,0.18057896,0.013965716
375316653866487564,6029477851236067968,0.45539212,2272.8415206529376,4.902646955345955,2.2408357E-4,19.81959,0.027653879,0.21015097,0.0015066487,0.008343202,0.0012332414,0.551837,0.091297455,0.74052364,0.07380545,0.06241656,0.04651601,0.19916178,0.1276179,null,null,null,null,"TWOGAUSSIANS",8,3.9807668,0.21015097,0.0015066487,0.04672193,0.006906152,0.551837,0.09129781,0.74052364,0.07380545,0.34953272,0.12429958,0.19916178,0.12762009
375316653866487564,6029478126168069504,0.5726561,2295.798167151341,1.8653806638509267,6.4222972E-6,15.833515,0.10705062,0.15691593,0.006768944,0.15041234,0.0463097,0.12475297,0.10257957,0.6459262,0.003151272,0.14975314,0.025650132,0.21974106,0.10125191,null,null,null,null,"TWOGAUSSIANS",8,7.7990966,0.6459262,0.003151272,0.4,0.0,0.14470434,0.0042248163,0.15867594,0.0064907884,0.4,0.0,0.050416317,0.004114658
375316653866487564,6029478259257973120,0.6423271,2294.960754829861,2.6377194360156553,3.1336049E-6,17.066454,0.0067833476,0.2731382,6.712963E-4,0.047843836,0.002507787,0.22797278,0.014281039,0.7689306,0.0010812682,0.05005354,0.0014648064,0.33247706,0.01586956,0.11709634,0.008774237,0.2731382,6.712963E-4,"TWOGAUSSIANS_WITH_ELLIPSOIDAL_ON_ECLIPSE1",9,7.102274,0.76944065,9.7016606E-4,0.2802998,0.008202915,0.56652486,0.0076700426,0.2731382,6.712963E-4,0.26792547,0.014043608,0.46216422,0.0062285746
375316653866487564,6029478916392376192,0.45509636,2276.537841664794,3.0737912906582023,6.193727E-5,20.000212,0.007103399,null,null,null,null,null,null,null,null,null,null,null,null,0.13025989,0.011857244,0.27372193,0.0061927414,"ELLIPSOIDAL",4,2.9818647,null,null,null,null,null,null,null,null,null,null,null,null
375316653866487564,6029479427489213312,0.57795805,2296.3947974556813,0.25146960647013533,2.8364815E-5,17.170305,0.007046926,0.21093594,0.004265783,0.03375697,0.008151428,0.69425994,0.29445836,0.7189638,0.005937974,0.056214184,0.0059345155,0.15981308,0.016262967,0.06305526,0.009021969,0.21093594,0.004265783,"TWOGAUSSIANS_WITH_ELLIPSOIDAL_ON_ECLIPSE1",9,13.621149,0.21093594,0.004265783,0.18903904,0.045647997,0.82036525,0.30991358,0.7189638,0.005937974,0.31479943,0.033233285,0.2855978,0.010588689
375316653866487564,6029480084620033920,0.431553,2250.362113727166,0.3689337749854618,4.7583326E-5,19.170338,0.009278467,0.3137011,0.034672998,0.07254747,0.0224204,0.076418884,0.02623894,0.6528766,0.0037519822,0.0140442895,0.003582592,0.2751576,0.027895382,null,null,null,null,"TWOGAUSSIANS",8,13.881752,0.6528766,0.0037519822,0.078648016,0.020062516,0.27515897,0.027895456,0.3137011,0.034672998,0.4,0.08170098,0.076418884,0.026238943
375316653866487564,6029480393911037184,0.5319813,2273.635493512976,3.4699345991025914,1.957023E-5,16.375477,0.008533963,0.28072914,0.0045508044,0.09148635,0.0065826015,0.238117,0.009869056,0.7717045,0.004079377,0.08678679,0.0069134193,0.19374332,0.009539312,null,null,null,null,"TWOGAUSSIANS",8,25.275358,0.28072914,0.0045508044,0.4,0.0,0.23081326,0.008407076,0.7717045,0.004079377,0.4,0.0,0.18643974,0.0089560095
375316653866487564,6029480561360459008,0.53771836,2271.7754987540343,0.5763008429842279,1.8497369E-5,18.47676,0.0027823478,0.17555133,0.025535353,0.0099856695,0.0072833905,0.044996493,0.05136878,0.7093368,0.0020052993,0.026716236,0.0014674824,0.35903528,0.009179352,0.019097889,0.0036314516,0.7093368,0.0020052993,"TWOGAUSSIANS_WITH_ELLIPSOIDAL_ON_ECLIPSE2",9,2.6139047,0.7093368,0.0020052993,0.14961092,0.008217902,0.39723104,0.008087101,0.17577133,0.025488041,0.05591975,0.040786985,0.0815075,0.05373239
375316653866487564,6029481115412696960,0.5585935,2250.2070191045136,1.9637916657264567,1.4472689E-5,19.659409,0.010334826,0.27786186,0.0010902262,0.038254976,0.0012132396,1.0035546,0.04633855,0.7871668,0.008806736,0.037694536,0.0063441196,0.18961659,0.032541532,null,null,null,null,"TWOGAUSSIANS",8,3.7341611,0.27786186,0.0010902262,0.21422787,0.006794142,1.0035546,0.04633855,0.7871668,0.008806736,0.21108942,0.03552707,0.18961659,0.032541532
375316653866487564,6029481356006348032,0.5629282,2207.1079296932276,1.6823177282257704,1.3139038E-5,19.40438,0.01094786,0.16111015,0.0091238,0.040824484,0.006765399,0.84866583,0.07936162,0.64958864,0.016377656,0.05913173,0.013952984,0.14374942,0.031770788,null,null,null,null,"TWOGAUSSIANS",8,4.03431,0.16111015,0.0091238,0.22861712,0.037886236,0.84866464,0.079361156,0.64958864,0.016377656,0.3311377,0.078136705,0.14374824,0.031770557
375316653866487564,6029481424650558080,0.4957921,2258.4620545580747,2.4576696287685884,3.1088206E-5,19.737501,0.031162553,0.25716227,0.013786784,0.08613496,0.016194304,0.49508646,0.037754826,0.7331071,0.005245621,0.08447009,0.0070829303,0.54810196,0.042659763,null,null,null,null,"TWOGAUSSIANS",8,5.079789,0.7331071,0.005245621,0.4,0.0,0.53879946,0.03899958,0.25716227,0.013786784,0.4,0.0,0.48578387,0.030238887
375316653866487564,6029481763955357312,0.6125438,2261.058028870113,2.2462431956539133,5.4547686E-6,17.64588,0.0031321733,0.27239645,0.0019328109,0.09220945,0.0027590562,0.20761093,0.00378545,0.77478576,0.0013559491,0.08947306,0.0019729673,0.22200178,0.0039030297,null,null,null,null,"TWOGAUSSIANS",8,1.1580896,0.77478576,0.0013559491,0.4,0.0,0.2126241,0.003259588,0.27239645,0.0019328109,0.4,0.0,0.19823317,0.0036036347
375316653866487564,6029482008766378368,0.46957624,2216.720350939806,2.6730728850943626,2.6779553E-5,19.02783,1.287264,0.28737122,0.00787005,0.11233237,0.03980719,0.58016306,0.58760697,0.7747422,0.00800731,0.17952229,0.25193462,0.42939955,1.2679086,null,null,null,null,"TWOGAUSSIANS",8,6.497143,0.28849122,0.0042130086,0.4,0.0,0.40339553,0.03136664,0.7747422,0.00800731,0.4,0.0,0.23461343,0.03028062
375316653866487564,6029482141908495616,0.54391754,2275.6189649741164,2.1376733830376815,1.0684385E-5,17.850452,0.0014332667,0.77365154,0.0017285486,0.05550316,0.015031162,0.016297104,0.0065627065,null,null,null,null,null,null,0.066586904,0.002457323,0.77365154,0.0017285486,"ONEGAUSSIAN_WITH_ELLIPSOIDAL",6,2.4424078,0.77365154,0.0017285486,0.3108177,0.08417451,0.1494702,0.006600047,null,null,null,null,null,null
375316653866487564,6029482970838618880,0.46534133,2256.5659555753004,3.7220037753460558,5.7445694E-5,19.246065,0.0067985975,0.25581875,0.026043277,0.03328581,0.022277093,0.32356885,0.22348809,0.84992844,0.001081737,0.011278736,0.0011932179,0.64511675,0.15603648,null,null,null,null,"TWOGAUSSIANS",8,2.580696,0.84992844,0.001081737,0.063160926,0.00668202,0.64511675,0.15603648,0.25581875,0.026043277,0.18640055,0.12475172,0.32356885,0.22348809
375316653866487564,6029483554954617344,0.49461156,2256.3219994914352,2.7709995353764425,1.8579167E-5,19.595402,0.026687143,0.20290238,0.007295911,0.080444634,0.0135847265,0.2766438,0.024443828,0.70283335,0.009309406,0.10599097,0.015847333,0.37809187,0.051887665,null,null,null,null,"TWOGAUSSIANS",8,2.5075512,0.70283335,0.009309406,0.4,0.0,0.36015636,0.05857723,0.20290238,0.007295911,0.4,0.0,0.2587194,0.015195912
375316653866487564,6029484860627011968,0.45339957,2310.390543171694,0.46847438908782124,1.7119755E-5,17.33966,0.0053281765,0.20173159,0.010248924,0.020197349,0.005498,0.38787112,0.16024509,0.7232905,0.0039666113,0.037234258,0.0057922956,0.1982213,0.017091388,null,null,null,null,"TWOGAUSSIANS",8,15.876504,0.20173159,0.010248924,0.11310515,0.0307888,0.38787112,0.16024509,0.7232905,0.0039666113,0.20851186,0.032436855,0.1982213,0.017091388
375316653866487564,6029485341714749696,0.42723075,2305.04001833554,2.7897460159168785,5.1593386E-5,18.524069,0.6215132,0.17621787,0.011889791,0.1266938,0.12640463,0.1996926,0.6079759,0.65554893,0.010637237,0.11523401,0.06546558,0.22746503,0.5076819,null,null,null,null,"TWOGAUSSIANS",8,11.967609,0.65554893,0.010637237,0.4,0.0,0.18585095,0.033874318,0.17630787,0.010136455,0.4,0.0,0.15792818,0.028155444
375316653866487564,6029485719617186432,0.5406101,2261.5148454106607,3.5510170843435147,2.1594251E-5,19.535788,0.015674826,0.2526891,0.0039991047,0.076368056,0.00641757,0.31343177,0.019875111,0.75978196,0.0044773044,0.075501114,0.0050596516,0.3712298,0.020636413,null,null,null,null,"TWOGAUSSIANS",8,1.3953434,0.75978196,0.0044773044,0.4,0.0,0.3686442,0.019611888,0.2526891,0.0039991047,0.4,0.0,0.31084618,0.019310312
375316653866487564,6029485818400742400,0.49036646,2304.766897103,2.03020799048425,1.7894643E-5,17.32979,0.046156157,0.30660722,0.0056227874,0.078788474,0.010638768,0.3329374,0.03723227,0.7341254,0.024704905,0.13017407,0.080229335,0.13878003,0.016560316,null,null,null,null,"TWOGAUSSIANS",8,27.696796,0.3068972,0.004571297,0.4,0.010663757,0.32507822,0.025376793,0.7341254,0.024704905,0.4,7.730685E-4,0.13027874,0.024201125
375316653866487564,6029485891416060032,0.53159595,2267.2463042093723,3.944378279873034,1.00582765E-5,19.56548,0.011439065,0.32035446,0.004301271,0.07108963,0.0038657014,0.6198736,0.044666205,0.82722336,0.0038960874,0.06801305,0.0036839815,0.5327502,0.040265236,null,null,null,null,"TWOGAUSSIANS",8,2.0303683,0.32035446,0.004301271,0.39810196,0.014102911,0.6183676,0.04464647,0.82722336,0.0038960874,0.38087308,0.020630296,0.5312442,0.040492725
375316653866487564,6029486028909339776,0.428501,2228.126875377016,0.1428172373981058,3.1299835E-5,19.49436,0.010156498,0.42276567,0.012450411,0.043764077,0.0077486904,0.18281947,0.037050392,0.913548,0.0057133655,0.013466124,0.009556784,2.4356816,6.606733,null,null,null,null,"TWOGAUSSIANS",8,3.9908502,0.913548,0.0057133655,0.0754103,0.05351799,2.4356816,6.606733,0.42276567,0.012450411,0.24507883,0.043392666,0.18281947,0.037050392
375316653866487564,6029486166297490944,0.51099634,2266.8187049199905,3.273400545413046,2.5892086E-5,19.713724,0.03488956,0.25139228,0.0052025793,0.08597895,0.021105103,0.3023755,0.021422911,0.7435134,0.009549303,0.09744569,0.02138405,0.26222414,0.022472702,null,null,null,null,"TWOGAUSSIANS",8,1.0941439,0.25139228,0.0052025793,0.4,0.0,0.29028457,0.028209394,0.7435134,0.009549303,0.4,0.0,0.25013214,0.021347484
375316653866487564,6029486544254294912,0.4122145,2345.5792636961824,2.0407343930909216,1.896925E-4,18.74154,0.015299386,0.13156189,0.018477075,0.022355216,0.015188118,0.3276903,0.04086735,0.61927134,0.022651045,0.08439874,0.025007874,0.23791611,0.05463257,null,null,null,null,"TWOGAUSSIANS",8,8.810468,0.13156189,0.018477075,0.12518921,0.08505346,0.3276861,0.040863562,0.61927134,0.022651045,0.4,0.028824432,0.23791191,0.05462369
375316653866487564,6029486883582422528,0.4885498,2275.1729467406917,2.394355362384204,3.9365023E-5,19.605051,0.025038457,0.19758564,0.009319641,0.08707481,0.011832206,0.27218437,0.02488103,0.7124787,0.010497874,0.0713373,0.028295456,0.4239973,0.12252118,null,null,null,null,"TWOGAUSSIANS",8,2.0023599,0.7124787,0.010497874,0.39948887,0.01849294,0.42065477,0.13892303,0.19758564,0.009319641,0.4,0.0,0.26884174,0.0142067345
375316653866487564,6029487059701633152,0.5762498,2312.7858170505906,2.4465333081472838,9.20686E-6,17.527004,0.013066374,0.2353533,0.0019746781,0.052839078,0.0059424066,0.22433098,0.029742172,0.72794425,0.0021522117,0.05285996,0.004499485,0.2533387,0.030848786,0.061104942,0.018435596,0.2353533,0.0019746781,"TWOGAUSSIANS_WITH_ELLIPSOIDAL_ON_ECLIPSE1",9,9.630495,0.72865427,0.0018452716,0.29601577,0.025197115,0.37530383,0.0143435085,0.2353533,0.0019746781,0.29589882,0.033277474,0.34653535,0.014259536
375316653866487564,6029487227179086720,0.5114441,2281.1891514777017,2.829701237346942,4.2749623E-5,19.272827,0.02086233,0.2601944,0.010189825,0.027596084,0.013772797,0.09660002,0.032203,0.7043141,0.0063887862,0.055828363,0.041797407,0.10335319,0.029885378,0.11224674,0.016718097,0.7043141,0.0063887862,"TWOGAUSSIANS_WITH_ELLIPSOIDAL_ON_ECLIPSE2",9,4.5765147,0.7043141,0.0063887862,0.31263885,0.17333719,0.32784188,0.02987351,0.25355437,0.013235309,0.15453807,0.07712766,0.29752097,0.021118924
