Gaia/vari_eclipsing_binary/VariEclipsingBinary_468120-468135.csv
# %ECSV 1.0
# ---
# delimiter: ','
# meta: !!omap
# - RELEASE: Gaia DR3
# - TABLE: vari_eclipsing_binary
# - DESCRIPTION: >
#     This table describes the properties of the eclipsing binaries resulting from the variability analysis. 
# - CITATION: >
#     How to cite and acknowledge Gaia: 
#     https://gea.esac.esa.int/archive/documentation/credits.html 
# - KNOWN_ISSUES: >
#     Known issues: 
#     https://www.cosmos.esa.int/web/gaia-users/known-issues 
# - DOCUMENTATION: >
#     Tutorials and documentation: 
#     https://www.cosmos.esa.int/web/gaia-users/archive 
# datatype:
# - 
#   name: solution_id
#   datatype: int64
#   description: Solution Identifier
#   meta:
#     ucd: meta.version
# - 
#   name: source_id
#   datatype: int64
#   description: Unique source identifier
#   meta:
#     ucd: meta.id;meta.main
# - 
#   name: global_ranking
#   datatype: float32
#   description: Number between 0 (worst) and 1 (best)
#   meta:
#     ucd: stat.param
# - 
#   name: reference_time
#   datatype: float64
#   unit: d
#   description: Reference time used for the geometric model fit
#   meta:
#     ucd: time.epoch
# - 
#   name: frequency
#   datatype: float64
#   unit: d**-1
#   description: Frequency of geometric model of the eclipsing binary light curve
#   meta:
#     ucd: src.orbital
# - 
#   name: frequency_error
#   datatype: float32
#   unit: d**-1
#   description: "Uncertainty of \\texttt{frequency}"
#   meta:
#     ucd: stat.error
# - 
#   name: geom_model_reference_level
#   datatype: float32
#   unit: mag
#   description: Magnitude reference level of geometric model
#   meta:
#     ucd: phot.mag;em.opt
# - 
#   name: geom_model_reference_level_error
#   datatype: float32
#   unit: mag
#   description: "Uncertainty of \\texttt{geomModelReferenceLevel}"
#   meta:
#     ucd: stat.error;phot.mag;em.opt
# - 
#   name: geom_model_gaussian1_phase
#   datatype: float32
#   description: Phase of the Gaussian 1 component
#   meta:
#     ucd: time.phase
# - 
#   name: geom_model_gaussian1_phase_error
#   datatype: float32
#   description: "Uncertainty of \\texttt{geomModelGaussian1Phase}"
#   meta:
#     ucd: stat.error;time.phase
# - 
#   name: geom_model_gaussian1_sigma
#   datatype: float32
#   description: "Standard deviation [phase] of Gaussian 1 component"
#   meta:
#     ucd: stat.stdev
# - 
#   name: geom_model_gaussian1_sigma_error
#   datatype: float32
#   description: "Uncertainty of \\texttt{geomModelGaussian1Sigma}"
#   meta:
#     ucd: stat.error
# - 
#   name: geom_model_gaussian1_depth
#   datatype: float32
#   unit: mag
#   description: Magnitude depth of Gaussian 1 component
#   meta:
#     ucd: src.var.amplitude
# - 
#   name: geom_model_gaussian1_depth_error
#   datatype: float32
#   unit: mag
#   description: "Uncertainty of \\texttt{geomModelGaussian1Depth}"
#   meta:
#     ucd: stat.error;src.var.amplitude
# - 
#   name: geom_model_gaussian2_phase
#   datatype: float32
#   description: Phase of Gaussian 2 component
#   meta:
#     ucd: time.phase
# - 
#   name: geom_model_gaussian2_phase_error
#   datatype: float32
#   description: "Uncertainty of \\texttt{geomModelGaussian2Phase}"
#   meta:
#     ucd: stat.error;time.phase
# - 
#   name: geom_model_gaussian2_sigma
#   datatype: float32
[...]
#   datatype: float32
#   description: "Secondary eclipse: uncertainty of \\texttt{derivedSecondaryEclDuration}"
#   meta:
#     ucd: stat.error;time.duration
# - 
#   name: derived_secondary_ecl_depth
#   datatype: float32
#   unit: mag
#   description: "Secondary eclipse: depth"
#   meta:
#     ucd: src.var.amplitude
# - 
#   name: derived_secondary_ecl_depth_error
#   datatype: float32
#   unit: mag
#   description: "Secondary eclipse: uncertainty of \\texttt{derivedSecondaryEclDepth}"
#   meta:
#     ucd: stat.error;src.var.amplitude
solution_id,source_id,global_ranking,reference_time,frequency,frequency_error,geom_model_reference_level,geom_model_reference_level_error,geom_model_gaussian1_phase,geom_model_gaussian1_phase_error,geom_model_gaussian1_sigma,geom_model_gaussian1_sigma_error,geom_model_gaussian1_depth,geom_model_gaussian1_depth_error,geom_model_gaussian2_phase,geom_model_gaussian2_phase_error,geom_model_gaussian2_sigma,geom_model_gaussian2_sigma_error,geom_model_gaussian2_depth,geom_model_gaussian2_depth_error,geom_model_cosine_half_period_amplitude,geom_model_cosine_half_period_amplitude_error,geom_model_cosine_half_period_phase,geom_model_cosine_half_period_phase_error,model_type,num_model_parameters,reduced_chi2,derived_primary_ecl_phase,derived_primary_ecl_phase_error,derived_primary_ecl_duration,derived_primary_ecl_duration_error,derived_primary_ecl_depth,derived_primary_ecl_depth_error,derived_secondary_ecl_phase,derived_secondary_ecl_phase_error,derived_secondary_ecl_duration,derived_secondary_ecl_duration_error,derived_secondary_ecl_depth,derived_secondary_ecl_depth_error
[from data line 38]
375316653866487564,4117632842335564928,0.5389457,2269.5196222443574,2.410942995006175,2.6333251E-5,19.352573,0.015602968,0.2285217,0.0067218156,0.08302399,0.009890961,0.3603952,0.031034295,0.7321321,0.007840778,0.07202199,0.016201241,0.46439338,0.06803389,null,null,null,null,"TWOGAUSSIANS",8,2.8761797,0.7321321,0.007840778,0.4,0.031253878,0.46026224,0.07302939,0.2285217,0.0067218156,0.4,0.0,0.35626402,0.032032512
375316653866487564,4117632979773672448,0.47607484,2236.47989837013,0.3943805105289346,2.5904632E-5,19.733519,0.01634482,0.049007755,0.014787219,0.01073109,0.012024032,0.1732558,135.76639,0.6730279,0.025185442,0.14268175,0.032858085,0.28232136,0.06414587,null,null,null,null,"TWOGAUSSIANS",8,2.5587354,0.6730279,0.025185442,0.4,0.0,0.28110465,0.067631565,0.048897754,0.014649588,0.060094103,0.06733458,0.18083628,135.76689
375316653866487564,4117633009826609152,0.46143377,2276.7109747253303,4.096141685059379,1.778634E-5,18.19757,0.024963435,0.1562057,0.0038384777,0.030741138,0.0049412376,0.64653224,0.42684555,0.8147507,0.004524649,0.04908701,0.0048556724,0.431332,0.043959115,null,null,null,null,"TWOGAUSSIANS",8,47.31738,0.1562057,0.0038384777,0.17215037,0.027670931,0.64653224,0.42684555,0.8147507,0.004524649,0.27488726,0.027191764,0.431332,0.043959115
375316653866487564,4117633112876955776,0.5077025,2279.9710666650253,1.3026154078830883,4.108339E-5,18.044458,0.015397071,0.2579061,0.008861587,0.07676357,0.016483642,0.46844316,0.7912652,0.7615884,0.0094778575,0.06968055,0.014924454,0.31900182,0.02735549,null,null,null,null,"TWOGAUSSIANS",8,11.26742,0.2579061,0.008861587,0.4,0.057447284,0.46634114,0.7927735,0.7615884,0.0094778575,0.39021108,0.03384279,0.3168998,0.028139547
375316653866487564,4117633117212064384,0.5169351,2247.673938909376,2.192219816754419,2.3962977E-5,19.64189,0.060684815,0.2884503,0.008225137,0.12046298,0.022925366,0.44818208,0.05128365,0.74477017,0.0078044515,0.07865462,0.009919686,0.5939602,0.06386591,null,null,null,null,"TWOGAUSSIANS",8,3.2756186,0.74477017,0.0078044515,0.4,0.0,0.5709675,0.05066306,0.2884503,0.008225137,0.4,0.0,0.42482927,0.03872655
375316653866487564,4117633289083328896,0.43536302,2340.896809144483,3.7203330080201726,4.3390126E-5,18.519672,0.008357099,0.22937103,0.0016963027,0.030037751,0.0058284206,0.08711822,0.003922836,0.7061428,0.009840701,0.04721342,0.016376905,0.1664553,0.048783682,null,null,null,null,"TWOGAUSSIANS",8,3.547478,0.7061428,0.009840701,0.26439515,0.09171067,0.1664553,0.048783682,0.22937103,0.0016963027,0.1682114,0.032639157,0.08711822,0.003922836
375316653866487564,4117633426450204032,0.45946214,2309.1479832766236,0.1950877040119233,5.1191957E-5,18.908707,0.010237609,0.38423237,0.01833589,0.11263666,0.017627854,0.14221674,0.029255698,0.8701635,0.012218783,0.0310068,0.022541296,0.12036283,0.033193406,null,null,null,null,"TWOGAUSSIANS",8,2.179785,0.38423237,0.01833589,0.4,0.0,0.14183736,0.029401463,0.8701635,0.012218783,0.17363808,0.12623127,0.12000063,0.033178415
375316653866487564,4117634010564913536,0.5639359,2314.159460229104,1.3429418434129112,1.1934625E-5,17.866327,0.0067746127,0.23126012,0.003913426,0.090719886,0.0043828674,0.28466386,0.009292628,0.7311584,0.0037630252,0.096352406,0.006892477,0.2650922,0.017959304,null,null,null,null,"TWOGAUSSIANS",8,3.171539,0.23126012,0.003913426,0.4,0.0,0.2692752,0.007281488,0.7311584,0.0037630252,0.4,0.0,0.24970295,0.02093214
375316653866487564,4117634044924716160,0.47636607,2306.0406181653975,0.03977410804196671,2.7868991E-5,19.65791,0.047551587,0.15500134,0.010505971,0.054772563,0.019834744,0.28894508,0.15904558,0.5818559,0.004041498,0.12345051,0.022952756,0.34213933,0.04895172,null,null,null,null,"TWOGAUSSIANS",8,1.7675163,0.5818559,0.004041498,0.4,0.0,0.33873427,0.047656626,0.15525135,0.010532259,0.30672634,0.11107457,0.28641725,0.16112413
375316653866487564,4117634109309589504,0.567932,2310.523261010394,1.3939845628642997,1.0267852E-5,18.370987,0.011094591,0.25988436,0.0062592407,0.09395352,0.0100448625,0.18561335,0.012353412,0.7601955,0.0026127985,0.07467172,0.0034668203,0.26957482,0.01298126,null,null,null,null,"TWOGAUSSIANS",8,2.526391,0.7601955,0.0026127985,0.4,0.0,0.26427165,0.01075024,0.25988436,0.0062592407,0.4,0.0,0.18030992,0.01141625
375316653866487564,4117634418575252608,0.6087283,2275.720463000578,2.946569178758925,1.0539725E-5,18.805561,0.013555227,0.30256167,0.0012875812,0.04160108,0.0030007956,0.44276047,0.03581318,0.7936763,0.0065683015,0.05065267,0.006218479,0.45816144,0.044975266,0.12304873,0.021485085,0.30256167,0.0012875812,"TWOGAUSSIANS_WITH_ELLIPSOIDAL_ON_ECLIPSE1",9,3.3118067,0.79454637,0.005887684,0.28365496,0.034823485,0.7035644,0.034954906,0.30256167,0.0012875812,0.23296604,0.016804455,0.68885463,0.022536607
375316653866487564,4117634697759782016,0.5684117,2265.2275152479315,4.849585841952664,1.0903407E-6,18.6483,0.0029241156,0.3410118,1.6739854E-4,0.013523333,2.542897E-4,0.618786,0.009198561,null,null,null,null,null,null,null,null,null,null,"ONEGAUSSIAN",5,1.2758055,0.3410118,1.6739854E-4,0.07573067,0.0014240225,0.618786,0.0,null,null,null,null,null,null
375316653866487564,4117634835271612160,0.4801033,2313.0604705721767,4.844251213634347,3.529143E-5,18.960758,0.018962651,0.49749276,0.008858869,0.1995577,0.027156498,0.1608657,0.013815478,0.9387926,9.20975E-4,0.02589131,0.0017677475,0.056426696,0.0060051805,null,null,null,null,"TWOGAUSSIANS",8,1.2185954,0.49749276,0.008858869,0.4,0.0,0.14604956,0.008603794,0.9387926,9.20975E-4,0.14499134,0.009899385,0.058753494,0.0056449934
375316653866487564,4117635041430341632,0.5582008,2340.158564084635,0.37480684231305744,7.4558426E-5,17.181341,0.05876612,0.50345004,0.08228693,0.30404353,0.15765473,0.083961524,0.050684296,0.7172084,0.0022270973,0.030258883,0.0024214087,0.3858273,0.025813881,null,null,null,null,"TWOGAUSSIANS",8,18.120937,0.7172084,0.0022270973,0.16944975,0.013559889,0.4109596,0.018761631,0.50345004,0.08228693,0.4,0.0,0.041275308,0.015924765
375316653866487564,4117635384955245312,0.4271599,2312.3204263472203,3.3699793585399114,3.780614E-5,18.604263,0.009796979,0.18748093,0.0030266827,0.0075884187,0.0014375369,0.2159121,0.099704504,0.7119749,0.018879192,0.020352589,0.020953294,0.0714168,4.16202883E11,0.046782263,0.01551225,0.7119749,0.018879192,"TWOGAUSSIANS_WITH_ELLIPSOIDAL_ON_ECLIPSE2",9,13.092133,0.18753092,0.0029818472,0.042495143,0.008050207,0.30728218,0.09866414,0.7119749,0.018879192,0.1139745,0.11733844,0.16498134,4.16202883E11
375316653866487564,4117635518059172224,0.5044803,2301.6001391514947,3.9772087127755196,3.038965E-5,18.184105,0.03924642,0.2927133,0.009032505,0.10075822,0.016941983,0.283403,0.037538923,0.7729425,0.006560228,0.10352253,0.014594965,0.37800813,0.03552821,null,null,null,null,"TWOGAUSSIANS",8,9.521799,0.7729425,0.006560228,0.4,0.0,0.35228765,0.023201901,0.2927233,0.009028991,0.4,0.0,0.25768805,0.024448264
375316653866487564,4117635659833611776,0.4899654,2321.8974106086907,2.6215182187456745,4.6390534E-5,19.761864,0.056768525,0.28768548,0.0115123885,0.06422727,0.04765648,0.51262903,0.22851105,0.7719017,0.01258396,0.08082849,0.021575045,0.3918951,0.09680809,null,null,null,null,"TWOGAUSSIANS",8,3.5574024,0.28768548,0.0115123885,0.35967273,0.07325212,0.5110573,0.24803467,0.7719017,0.01258396,0.4,0.021114076,0.39032334,0.09492959
375316653866487564,4117635827324705920,0.5164974,2311.434160609303,1.5290991726547516,1.4376492E-5,18.590555,0.029155422,0.23547164,0.00903755,0.09821762,0.022367084,0.21141475,0.021788977,0.73932695,0.005754116,0.10017836,0.014831078,0.24872062,0.024636265,null,null,null,null,"TWOGAUSSIANS",8,2.0399044,0.73932695,0.005754116,0.4,0.0,0.23048164,0.014664201,0.23547164,0.00903755,0.4,0.0,0.19317673,0.026176374
375316653866487564,4117635831632353792,0.4546983,2321.065770379413,2.725708234692638,5.595735E-5,19.608036,0.047017157,0.20367545,0.010216727,0.09282355,0.015744237,0.36138776,0.0726244,0.70313185,0.015728721,0.08496446,0.027009115,0.3249528,0.05197905,null,null,null,null,"TWOGAUSSIANS",8,5.4578633,0.20367545,0.010216727,0.4,0.0,0.3483467,0.06668505,0.70313185,0.015728721,0.4,0.0,0.3119121,0.047216054
375316653866487564,4117635934714403072,0.4636573,2229.3742715477865,2.213940878699332,8.383808E-5,18.860718,0.090605214,0.17127416,0.0074739577,0.06957557,0.013492263,0.47168484,0.140353,0.67072976,0.014965582,0.123094864,0.03871988,0.45966363,0.080575325,null,null,null,null,"TWOGAUSSIANS",8,21.943901,0.17127416,0.007460916,0.38962322,0.051462516,0.4415886,0.12988178,0.67072976,0.014965582,0.4,0.0,0.4293271,0.033373665
375316653866487564,4117636003433793152,0.44836438,2242.4163920656943,0.44610159185900156,1.7913691E-5,18.81146,0.006591991,0.5042458,0.0059162066,0.019459264,0.010213645,0.029496368,0.013967903,0.8739164,0.0067436793,0.045251485,0.0057870694,0.2059911,0.006699197,null,null,null,null,"TWOGAUSSIANS",8,2.540922,0.8739164,0.0067436793,0.2534083,0.03240759,0.2059911,0.006699197,0.5042458,0.0059162066,0.10897188,0.057196416,0.029496368,0.013967903
375316653866487564,4117636273973091328,0.4593722,2259.326701430865,2.8022315894841077,6.1270955E-5,16.044668,0.17741016,0.21004379,0.017703785,0.14304787,0.05056923,0.17606877,0.12835363,0.712603,0.010138273,0.2205372,0.09713621,0.22409402,0.17576587,null,null,null,null,"TWOGAUSSIANS",8,18.096842,0.71286297,0.009939721,0.4,0.0,0.07123995,0.0061717387,0.2087338,0.01713783,0.4,0.0,0.056728907,0.0045326212
375316653866487564,4117636621909462016,0.45235172,2360.7153250400256,2.0525037620821176,2.390029E-5,19.480932,0.0105197895,0.23961002,0.0072724973,0.046221107,0.014990786,0.08034601,0.038040094,null,null,null,null,null,null,0.0873082,0.028989716,0.23961002,0.0072724973,"ONEGAUSSIAN_WITH_ELLIPSOIDAL",6,3.6856205,0.23961002,0.0072724973,0.2588382,0.0839484,0.25496227,0.022620961,null,null,null,null,null,null
375316653866487564,4117636651925391616,0.60796356,2298.777852479104,0.8746930156501366,6.8581135E-6,16.930445,0.0042948527,0.20529582,0.003313637,0.089415,0.004125155,0.21740048,0.008550237,0.70545185,0.0012719239,0.09004002,0.0031438342,0.18909386,0.0045998134,null,null,null,null,"TWOGAUSSIANS",8,2.1318407,0.20529582,0.003313637,0.4,0.0,0.20906438,0.008340733,0.70545185,0.0012719239,0.4,0.0,0.18075776,0.004363559
375316653866487564,4117636862427835136,0.5431748,2285.1630945478378,2.5030433724026464,3.1879797E-5,19.427261,0.038587272,0.21958883,0.022445172,0.060996525,0.036746856,0.3980143,0.16992357,0.735371,0.0021644633,0.07746584,0.010406564,0.37719548,0.03034339,null,null,null,null,"TWOGAUSSIANS",8,1.8584443,0.21958883,0.022445172,0.34158054,0.08360649,0.39727077,0.17807774,0.735371,0.0021644633,0.4,0.0,0.37645194,0.023782514
375316653866487564,4117636926808378368,0.54680324,2297.043799751627,0.7034271403561272,1.35496575E-5,17.799706,0.006400918,0.27634972,0.026874423,0.06198695,0.012946019,0.15779641,0.037830513,0.79095757,0.0014908806,0.04801786,0.0045640864,0.47863102,0.066796504,null,null,null,null,"TWOGAUSSIANS",8,7.233553,0.79095757,0.0014908806,0.2689,0.025558885,0.4786221,0.0668131,0.27634972,0.026874423,0.34712693,0.0724977,0.15778752,0.037825104
375316653866487564,4117636965507530112,0.45587718,2270.5217090295023,2.6466047959938948,2.0811285E-5,19.816927,0.074150585,0.280378,0.030733243,0.05486453,0.06419106,0.658108,0.5440611,0.7858091,0.0055921692,0.09098194,0.027549507,0.29483345,0.06461386,null,null,null,null,"TWOGAUSSIANS",8,2.8436074,0.280378,0.03074907,0.30724135,0.1501691,0.65623415,0.57955897,0.7858091,0.0055938805,0.4,0.0,0.29295942,0.0414305
375316653866487564,4117637068587149184,0.49226347,2236.521063143286,0.25463470215319023,6.381633E-5,19.130728,0.08418486,0.26768416,0.0011244,0.061979838,0.0056371386,1.0450761,0.08839192,0.74986243,0.010460812,0.27516168,0.014473593,0.98023325,0.08148548,null,null,null,null,"TWOGAUSSIANS",8,4.806465,0.26846415,0.0013494756,0.3470871,0.031567976,0.9006834,0.084506504,0.74986243,0.010460812,0.4,0.0,0.46045312,0.053519383
375316653866487564,4117637687062254848,0.49930894,2342.650678198783,0.03974007550958396,3.0515786E-5,19.61003,0.0102101285,0.1179001,0.004084389,0.06081291,0.0060829613,0.29255036,0.053370588,0.55766755,0.009862804,0.094962925,0.026898582,0.6780202,0.22894344,null,null,null,null,"TWOGAUSSIANS",8,6.000146,0.55766755,0.009862804,0.4,0.0,0.6765411,0.2304653,0.1179101,0.0040900297,0.3405523,0.034064583,0.29108623,0.053446107
375316653866487564,4117637893221531136,0.5931667,2229.0763374374233,3.2119249772022207,8.099885E-6,17.932354,0.008590579,0.20116152,0.0025490143,0.06580898,0.0033196218,0.47291797,0.014166739,0.69717777,0.002953311,0.0713729,0.002835286,0.5207537,0.019824177,null,null,null,null,"TWOGAUSSIANS",8,7.37059,0.69717777,0.002953311,0.39968824,0.01189928,0.5195883,0.019864714,0.20116152,0.0025490143,0.3685303,0.018589882,0.47175255,0.014241695
375316653866487564,4117637927649344768,0.43610096,2227.826182976266,1.7215126848284543,3.8049588E-5,18.517448,0.030313058,0.27197865,0.017310781,0.09448479,0.03341661,0.13254534,0.028480222,0.7872681,0.011460974,0.087679274,0.019379245,0.15164483,0.030584136,null,null,null,null,"TWOGAUSSIANS",8,6.5594106,0.7872681,0.011459994,0.4,0.0,0.14647658,0.024967577,0.27197865,0.017310781,0.4,0.0,0.12737682,0.02439677
375316653866487564,4117638236816754176,0.51119524,2342.7477558885644,1.986243029293329,2.0809937E-5,18.459393,0.03556842,0.24816209,0.009511664,0.101679705,0.020977367,0.4137293,0.028979385,0.7543777,0.0060121296,0.09665665,0.0106784385,0.4143687,0.03283563,null,null,null,null,"TWOGAUSSIANS",8,9.275387,0.7543777,0.0060121296,0.4,0.0,0.38250595,0.019471867,0.24816209,0.009511664,0.4,0.0,0.3818631,0.020612147
375316653866487564,4117638477335762432,0.43249658,2332.1066909327683,1.8507557514194655,2.1600168E-5,18.00339,0.4655629,0.2963475,0.009048409,0.13487352,0.05149104,0.28693965,0.37878147,0.80339754,0.012684125,0.14869387,0.12593475,0.21347497,0.4556434,null,null,null,null,"TWOGAUSSIANS",8,11.241595,0.2960175,0.008972228,0.4,0.0,0.1900772,0.023056695,0.80371755,0.012794196,0.4,0.0,0.11570379,0.027541902
375316653866487564,4117638477404963968,0.4588408,2344.4575692799567,0.07579921993562214,3.7466398E-5,19.310947,0.04747997,0.3126671,0.050131414,0.08028165,0.035813216,0.23026107,0.048964072,0.73046833,0.040133126,0.1299947,0.057582654,0.1677631,0.04568303,null,null,null,null,"TWOGAUSSIANS",8,2.6545632,0.3133371,0.05052451,0.4,0.14164647,0.223353,0.03698951,0.73046833,0.040133126,0.4,0.0,0.15988155,0.030924888
375316653866487564,4117638546055297408,0.43322277,2334.0999352953913,0.042613462208881785,5.4661185E-5,19.388788,0.040693227,0.13769065,0.0023091203,0.016853668,0.007205484,1.0597869,0.99432397,0.6896145,0.018563988,0.13834596,0.035088934,0.16769817,0.041347496,null,null,null,null,"TWOGAUSSIANS",8,3.1623268,0.13768065,0.0022735114,0.094380535,0.04035071,1.060111,0.99392986,0.6896145,0.018563988,0.4,0.0,0.1670791,0.038258668
375316653866487564,4117638580415125632,0.4683094,2365.097168215999,3.5988844967996867,1.155043E-5,19.600008,0.00875313,0.48187387,0.02508781,0.05267746,0.013682666,0.45749706,0.08276588,0.2608603,0.09815657,0.03765621,0.03262716,0.32600725,0.44020724,null,null,null,null,"TWOGAUSSIANS",8,1.5955468,0.48187387,0.015800113,0.2949938,0.076622926,0.4574971,0.04414486,0.26088032,0.0982277,0.21087478,0.18221922,0.32607615,0.44029823
375316653866487564,4117638614774000640,0.4671157,2344.7561315485023,2.87749781076286,2.3329987E-5,18.873804,0.048513204,0.26919946,0.0071398807,0.08496038,0.021205641,0.52754927,0.13092475,0.78047097,0.0074117817,0.07252115,0.011093428,0.5353246,0.0722082,null,null,null,null,"TWOGAUSSIANS",8,18.807636,0.78047097,0.0074117817,0.4,0.031879794,0.5298801,0.07097368,0.26919946,0.0071398807,0.4,0.0,0.5221048,0.13703525
