Gaia/vari_eclipsing_binary/VariEclipsingBinary_665035-665056.csv
# %ECSV 1.0
# ---
# delimiter: ','
# meta: !!omap
# - RELEASE: Gaia DR3
# - TABLE: vari_eclipsing_binary
# - DESCRIPTION: >
#     This table describes the properties of the eclipsing binaries resulting from the variability analysis. 
# - CITATION: >
#     How to cite and acknowledge Gaia: 
#     https://gea.esac.esa.int/archive/documentation/credits.html 
# - KNOWN_ISSUES: >
#     Known issues: 
#     https://www.cosmos.esa.int/web/gaia-users/known-issues 
# - DOCUMENTATION: >
#     Tutorials and documentation: 
#     https://www.cosmos.esa.int/web/gaia-users/archive 
# datatype:
# - 
#   name: solution_id
#   datatype: int64
#   description: Solution Identifier
#   meta:
#     ucd: meta.version
# - 
#   name: source_id
#   datatype: int64
#   description: Unique source identifier
#   meta:
#     ucd: meta.id;meta.main
# - 
#   name: global_ranking
#   datatype: float32
#   description: Number between 0 (worst) and 1 (best)
#   meta:
#     ucd: stat.param
# - 
#   name: reference_time
#   datatype: float64
#   unit: d
#   description: Reference time used for the geometric model fit
#   meta:
#     ucd: time.epoch
# - 
#   name: frequency
#   datatype: float64
#   unit: d**-1
#   description: Frequency of geometric model of the eclipsing binary light curve
#   meta:
#     ucd: src.orbital
# - 
#   name: frequency_error
#   datatype: float32
#   unit: d**-1
#   description: "Uncertainty of \\texttt{frequency}"
#   meta:
#     ucd: stat.error
# - 
#   name: geom_model_reference_level
#   datatype: float32
#   unit: mag
#   description: Magnitude reference level of geometric model
#   meta:
#     ucd: phot.mag;em.opt
# - 
#   name: geom_model_reference_level_error
#   datatype: float32
#   unit: mag
#   description: "Uncertainty of \\texttt{geomModelReferenceLevel}"
#   meta:
#     ucd: stat.error;phot.mag;em.opt
# - 
#   name: geom_model_gaussian1_phase
#   datatype: float32
#   description: Phase of the Gaussian 1 component
#   meta:
#     ucd: time.phase
# - 
#   name: geom_model_gaussian1_phase_error
#   datatype: float32
#   description: "Uncertainty of \\texttt{geomModelGaussian1Phase}"
#   meta:
#     ucd: stat.error;time.phase
# - 
#   name: geom_model_gaussian1_sigma
#   datatype: float32
#   description: "Standard deviation [phase] of Gaussian 1 component"
#   meta:
#     ucd: stat.stdev
# - 
#   name: geom_model_gaussian1_sigma_error
#   datatype: float32
#   description: "Uncertainty of \\texttt{geomModelGaussian1Sigma}"
#   meta:
#     ucd: stat.error
# - 
#   name: geom_model_gaussian1_depth
#   datatype: float32
#   unit: mag
#   description: Magnitude depth of Gaussian 1 component
#   meta:
#     ucd: src.var.amplitude
# - 
#   name: geom_model_gaussian1_depth_error
#   datatype: float32
#   unit: mag
#   description: "Uncertainty of \\texttt{geomModelGaussian1Depth}"
#   meta:
#     ucd: stat.error;src.var.amplitude
# - 
#   name: geom_model_gaussian2_phase
#   datatype: float32
#   description: Phase of Gaussian 2 component
#   meta:
#     ucd: time.phase
# - 
#   name: geom_model_gaussian2_phase_error
#   datatype: float32
#   description: "Uncertainty of \\texttt{geomModelGaussian2Phase}"
#   meta:
#     ucd: stat.error;time.phase
# - 
#   name: geom_model_gaussian2_sigma
#   datatype: float32
[...]
#   datatype: float32
#   description: "Secondary eclipse: uncertainty of \\texttt{derivedSecondaryEclDuration}"
#   meta:
#     ucd: stat.error;time.duration
# - 
#   name: derived_secondary_ecl_depth
#   datatype: float32
#   unit: mag
#   description: "Secondary eclipse: depth"
#   meta:
#     ucd: src.var.amplitude
# - 
#   name: derived_secondary_ecl_depth_error
#   datatype: float32
#   unit: mag
#   description: "Secondary eclipse: uncertainty of \\texttt{derivedSecondaryEclDepth}"
#   meta:
#     ucd: stat.error;src.var.amplitude
solution_id,source_id,global_ranking,reference_time,frequency,frequency_error,geom_model_reference_level,geom_model_reference_level_error,geom_model_gaussian1_phase,geom_model_gaussian1_phase_error,geom_model_gaussian1_sigma,geom_model_gaussian1_sigma_error,geom_model_gaussian1_depth,geom_model_gaussian1_depth_error,geom_model_gaussian2_phase,geom_model_gaussian2_phase_error,geom_model_gaussian2_sigma,geom_model_gaussian2_sigma_error,geom_model_gaussian2_depth,geom_model_gaussian2_depth_error,geom_model_cosine_half_period_amplitude,geom_model_cosine_half_period_amplitude_error,geom_model_cosine_half_period_phase,geom_model_cosine_half_period_phase_error,model_type,num_model_parameters,reduced_chi2,derived_primary_ecl_phase,derived_primary_ecl_phase_error,derived_primary_ecl_duration,derived_primary_ecl_duration_error,derived_primary_ecl_depth,derived_primary_ecl_depth_error,derived_secondary_ecl_phase,derived_secondary_ecl_phase_error,derived_secondary_ecl_duration,derived_secondary_ecl_duration_error,derived_secondary_ecl_depth,derived_secondary_ecl_depth_error
[from data line 217]
375316653866487564,5849778756041585408,0.5669955,2271.162996736627,2.552571781491609,3.8859907E-6,18.820292,0.0047504567,0.18160854,0.0018007294,0.07250286,0.0024081029,0.47508663,0.013271427,0.68558675,0.00225547,0.07395364,0.0024668367,0.44724736,0.013371586,null,null,null,null,"TWOGAUSSIANS",8,3.156735,0.18160854,0.0018007294,0.4,9.469843E-4,0.4726136,0.013454262,0.68558675,0.00225547,0.4,0.0,0.44477433,0.0134351645
375316653866487564,5849778756096294400,0.55968386,2275.9528896343045,2.567458422331013,5.2625787E-6,17.935669,0.0046062255,0.18028125,0.0016945648,0.08443165,0.002511749,0.33099198,0.0053865127,0.6831971,0.0031233404,0.0811258,0.0032544197,0.30311513,0.007219031,null,null,null,null,"TWOGAUSSIANS",8,5.1709785,0.18028125,0.0016945648,0.4,0.0,0.32470772,0.0049938136,0.6831971,0.0031233404,0.4,0.0,0.29683086,0.006766528
375316653866487564,5849778996559681920,0.59924,2270.845723538676,1.4637631334872387,4.1519875E-6,18.378708,0.0026744786,0.2368573,6.6418207E-4,0.041369766,7.060744E-4,0.6858797,0.018207913,0.7367118,0.004382549,0.045906108,0.0035044488,0.11911893,0.0100488365,null,null,null,null,"TWOGAUSSIANS",8,3.4112105,0.2368573,6.6418207E-4,0.2316707,0.0039540166,0.6858797,0.018207919,0.7367118,0.004382549,0.2570742,0.019624913,0.11911889,0.010048855
375316653866487564,5849779030974193152,0.51343757,2254.5220826805285,3.215365127190378,7.638286E-6,17.420593,0.0033541212,0.22716317,0.002613742,0.07737064,0.005916082,0.091760285,0.005892815,0.71825093,0.0043662754,0.09156294,0.0063301926,0.10116956,0.004962344,null,null,null,null,"TWOGAUSSIANS",8,3.255852,0.71825093,0.0043662754,0.4,0.0,0.09910678,0.0048457063,0.22716317,0.002613742,0.4,0.0,0.089697585,0.0060771387
375316653866487564,5849780710245335168,0.6497338,2226.291765031759,1.523540898313963,7.754047E-6,16.073883,0.006073368,0.18356256,0.0037268756,0.041402977,0.00365796,0.087099336,0.017253196,0.67883104,0.0021020852,0.039280523,0.0015625077,1.0606663,0.022364812,0.0228924,0.008645619,0.18356256,0.0037268756,"TWOGAUSSIANS_WITH_ELLIPSOIDAL_ON_ECLIPSE1",9,35.85777,0.67885107,0.0020811285,0.21997094,0.008750044,1.1064109,0.015048505,0.18356256,0.0037268756,0.23185666,0.020484576,0.1328841,0.009374295
375316653866487564,5849780748961751296,0.65113217,2226.7742408627396,1.3283583009492816,1.7876808E-6,14.969925,0.004088852,0.20085391,6.907121E-4,0.09971761,0.0021756953,0.22269134,0.0035134046,0.7053064,5.288131E-4,0.10929773,0.0022122061,0.23378637,0.0033926973,null,null,null,null,"TWOGAUSSIANS",8,6.3804784,0.7053064,5.288131E-4,0.4,0.0,0.20898786,0.002263317,0.20085391,6.908191E-4,0.4,0.0,0.19790483,0.0015879103
375316653866487564,5849780813324672512,0.55732125,2228.528341441414,0.6352500721653707,7.231201E-6,16.982355,0.011982531,0.20965074,0.003219989,0.09487152,0.006488123,0.29980302,0.010481646,0.70791095,0.002498608,0.09002822,0.005169903,0.2929398,0.014127522,null,null,null,null,"TWOGAUSSIANS",8,18.179836,0.20965074,0.003219989,0.4,0.0,0.28488025,0.0070165945,0.70791095,0.002498608,0.4,0.0,0.2780175,0.012614319
375316653866487564,5849780847689319680,0.51368445,2253.3787338716684,3.9798419460159087,1.0156416E-5,17.922373,0.045391534,0.21234612,0.0028790664,0.109440915,0.01722342,0.26818687,0.037288763,0.70039654,0.003496663,0.11956469,0.01872558,0.23949082,0.04060291,null,null,null,null,"TWOGAUSSIANS",8,6.1858616,0.21239613,0.0029280812,0.4,0.0,0.22681034,0.011012234,0.70039654,0.003496663,0.4,0.0,0.19804917,0.011332452
375316653866487564,5849781573543417472,0.5517282,2254.8256926979248,2.6249830393032463,5.0146164E-6,19.115095,0.008118046,0.26060382,0.002992197,0.056801576,0.0057346546,0.26645708,0.029839875,0.7670177,0.0023737755,0.03607155,0.0032566506,0.2642773,0.028985731,0.10730235,0.012018135,0.26060382,0.002992197,"TWOGAUSSIANS_WITH_ELLIPSOIDAL_ON_ECLIPSE1",9,3.659513,0.26060382,0.002992197,0.31808883,0.032114066,0.48104504,0.023507593,0.7670177,0.0023737755,0.20200068,0.018237244,0.4785169,0.025642803
375316653866487564,5849782088991676032,0.44894242,2272.169965324625,1.443649252462009,6.6302077E-6,14.237894,0.006034482,0.2535109,0.0020949594,0.04456731,0.007299277,0.09752583,0.0122324545,0.7605733,0.007349446,0.06134049,0.009066894,0.11518779,0.012353902,0.055046327,0.007109108,0.2535109,0.0020949594,"TWOGAUSSIANS_WITH_ELLIPSOIDAL_ON_ECLIPSE1",9,66.56854,0.7605733,0.007349446,0.34350672,0.050774604,0.2250461,0.0052986816,0.2535109,0.0020949594,0.24957693,0.04087595,0.20760079,0.0110157365
375316653866487564,5849782466896499200,0.4644812,2305.21703050247,0.5330306302862845,1.9890578E-5,18.816162,0.0035814545,0.37386712,0.0032155905,0.0150687955,0.002617385,0.09886558,0.008481343,0.87963384,0.0035239065,0.02242259,0.0036897794,0.30902195,0.09671303,null,null,null,null,"TWOGAUSSIANS",8,5.592231,0.87963384,0.0035239065,0.1255665,0.020662766,0.30902195,0.09671303,0.37386712,0.0032155905,0.08438525,0.014657356,0.09886558,0.008481343
375316653866487564,5849782570027944832,0.57432455,2246.5095626387765,1.3015299985540827,4.4941735E-6,16.468285,0.0069557433,0.24429436,0.0026157508,0.09905243,0.0053225737,0.18387958,0.0064947675,0.74639654,0.0014676697,0.10125502,0.004440219,0.16762067,0.006361831,null,null,null,null,"TWOGAUSSIANS",8,6.1114964,0.24429436,0.0026157508,0.4,0.0,0.16872217,0.004998665,0.74639654,0.0014676697,0.4,0.0,0.15246263,0.0033667139
375316653866487564,5849782600036077568,0.55286896,2296.251646728886,2.48604976717914,6.3026873E-6,18.129137,0.006920302,0.26249233,0.0030495045,0.0746725,0.0055200523,0.38778472,0.031013109,0.75626445,0.0036623986,0.075019985,0.0040749917,0.42621288,0.0153005,null,null,null,null,"TWOGAUSSIANS",8,7.307889,0.75626445,0.0036623986,0.4,0.0,0.42354146,0.015445307,0.26249233,0.0030495045,0.4,0.0,0.38511327,0.031951316
375316653866487564,5849782844853674496,0.46240148,2304.31475719454,0.15921844314847086,2.998769E-5,17.5433,0.004629641,0.32913285,0.01594039,0.102193594,0.022491751,0.123036005,0.09839855,0.72210926,0.002357977,0.007004662,0.0014484752,0.09520368,0.01909575,null,null,null,null,"TWOGAUSSIANS",8,3.067558,0.32913285,0.01594039,0.4,0.0,0.12303445,0.098400496,0.72210926,0.002357977,0.039226107,0.008111461,0.095277816,0.019121554
375316653866487564,5849782844905875456,0.6313306,2283.9258796181593,1.701727391546768,3.9714737E-6,16.727448,0.007830069,0.26447737,0.0014854536,0.060711857,0.0037706378,0.33467957,0.016587388,0.7694081,0.0042651384,0.047921553,0.0041958927,0.19015187,0.020343924,0.09065529,0.009265154,0.26447737,0.0014854536,"TWOGAUSSIANS_WITH_ELLIPSOIDAL_ON_ECLIPSE1",9,12.088484,0.26447737,0.0014854536,0.33998638,0.021115571,0.51592076,0.012391822,0.7694081,0.0042651384,0.2683607,0.023497,0.37121907,0.011697237
375316653866487564,5849783562104394880,0.56577396,2291.1834662001834,0.12273461037119908,3.4564034E-6,15.123564,0.001144006,0.19670065,0.010073384,0.04762814,0.013068495,0.0060069757,0.002350833,0.8689348,8.934893E-5,0.005925344,1.401484E-4,0.31311092,0.0074352366,null,null,null,null,"TWOGAUSSIANS",8,15.480174,0.8689348,8.934893E-5,0.033181924,7.8483106E-4,0.31311092,0.0074352366,0.19670065,0.010073384,0.26671758,0.073183574,0.0060069757,0.002350833
375316653866487564,5849783806978680448,0.50723207,2283.905639902457,2.7026333497147887,1.2653798E-5,16.222807,0.018017137,0.25773937,0.0047280965,0.088147424,0.010226775,0.20422782,0.017556565,0.75500876,0.0046554348,0.10615317,0.011713323,0.17723808,0.017211415,null,null,null,null,"TWOGAUSSIANS",8,47.944923,0.25773937,0.004728255,0.4,0.0,0.19102138,0.012324339,0.75500876,0.0046554348,0.4,0.0,0.16402625,0.008140818
375316653866487564,5849783910070409344,0.55442536,2292.5056269998067,2.413787098799613,5.875341E-6,16.820192,0.004619879,0.23990518,0.0020465995,0.042245615,0.00871639,0.074319825,0.017308434,0.72186756,0.010341698,0.058556415,0.009603907,0.050111506,0.014588515,0.106585115,0.0068908017,0.23990518,0.0020465995,"TWOGAUSSIANS_WITH_ELLIPSOIDAL_ON_ECLIPSE1",9,18.242844,0.23990518,0.0020465995,0.23657545,0.048811782,0.28748858,0.014311326,0.7315776,0.0039172145,0.32791594,0.053781882,0.26201293,0.01006123
375316653866487564,5849783974421363584,0.671446,2287.8075869134045,0.6356973527032458,3.919604E-6,16.354548,8.9267245E-4,0.24447498,0.0024537148,0.031930745,0.0015550535,0.09199994,0.0061007524,0.747581,0.0020056213,0.028882897,0.0017311662,0.8034152,0.034568597,null,null,null,null,"TWOGAUSSIANS",8,4.324346,0.747581,0.0020056213,0.16174422,0.009694531,0.8034152,0.034568597,0.24447498,0.0024537148,0.17881218,0.008708299,0.09199994,0.0061007524
375316653866487564,5849784940798421376,0.51064104,2265.6364436313124,3.6380633782972067,1.0557974E-5,19.307648,0.008451167,0.24651247,0.0056170407,0.075805634,0.0057871537,0.39446476,0.014672131,0.7393807,0.0054927426,0.073725544,0.0060929544,0.27892274,0.0117515605,null,null,null,null,"TWOGAUSSIANS",8,2.9915118,0.24651247,0.0056170407,0.4,0.0,0.39235285,0.014326805,0.7393807,0.0054927426,0.4,0.0034479913,0.27681085,0.011025406
375316653866487564,5849785147008473344,0.5709321,2264.4395461087956,2.863130620603723,5.187046E-6,16.204504,0.018900255,0.23794992,0.0033679013,0.062262826,0.008452796,0.14157622,0.038534727,0.74260515,0.0020622388,0.067506425,0.007649446,0.27330345,0.03390902,0.064523086,0.019913996,0.74260515,0.0020622388,"TWOGAUSSIANS_WITH_ELLIPSOIDAL_ON_ECLIPSE2",9,28.950855,0.74260515,0.0020622388,0.378036,0.042836897,0.40203744,0.0143332975,0.23896992,0.0025205223,0.34867182,0.04733566,0.27022392,0.0076992
375316653866487564,5849785524914378752,0.44494176,2285.7263341434636,2.0446616300445335,1.1081304E-5,18.268408,0.28456914,0.19959755,0.01892616,0.30339104,0.14366275,0.32432634,0.27233776,0.74389464,0.0038793655,0.081034124,0.0070113363,0.39876616,0.03118196,null,null,null,null,"TWOGAUSSIANS",8,22.592514,0.7462546,0.0037053307,0.4,0.0,0.34893104,0.021898929,0.19959755,0.01892616,0.4,0.0,0.10731695,0.017513394
375316653866487564,5849785696764322816,0.5301839,2295.313918565977,0.78589088173378,8.318655E-6,15.8595915,0.0018261789,0.28604603,0.0033181997,0.07867088,0.0052848756,0.08567146,0.0026153668,0.78880805,0.004255568,0.06856388,0.004743614,0.040286288,0.0025214814,null,null,null,null,"TWOGAUSSIANS",8,6.9811664,0.28604603,0.0033181997,0.4,0.0,0.08531957,0.0025975697,0.78880805,0.004255568,0.3839577,0.026564237,0.0399344,0.002435531
375316653866487564,5849786212109177344,0.5472142,2289.1290131129003,2.721675802321605,7.646535E-6,18.466572,0.0076700356,0.2548385,0.0028001275,0.09652521,0.005897531,0.18202348,0.007394651,0.74564725,0.0027727801,0.09528573,0.005358177,0.21956441,0.008277709,null,null,null,null,"TWOGAUSSIANS",8,1.4815989,0.74564725,0.0027727801,0.4,0.0,0.20778972,0.0072558983,0.2548385,0.0028001275,0.4,0.0,0.1702487,0.0052447543
375316653866487564,5849786349599460096,0.5841117,2292.23787672252,0.8663204019581875,4.4633E-6,17.380753,0.0046010204,0.21978834,6.5801333E-4,0.020926807,6.672002E-4,0.6699294,0.014499503,0.71611696,0.0049009537,0.024971277,0.005387937,0.521482,0.049155507,null,null,null,null,"TWOGAUSSIANS",8,25.795277,0.21978834,6.5801333E-4,0.11719012,0.0037363209,0.6699294,0.014499503,0.71611696,0.0049009537,0.13983914,0.030172449,0.521482,0.049155507
375316653866487564,5849786899355215744,0.57271,2295.617712120473,0.06115928739335531,2.5666643E-5,16.310196,6.5511797E-4,0.12110993,8.286349E-4,0.015785731,0.00125461,0.19908498,0.0016894522,0.54589885,0.0336462,0.068266794,0.041036777,0.0041114413,0.001462263,null,null,null,null,"TWOGAUSSIANS",8,2.015406,0.12110993,8.286349E-4,0.088400096,0.007025816,0.19908498,0.0016894522,0.54589885,0.0336462,0.38229406,0.20288879,0.0041114413,0.001462263
375316653866487564,5849786963718747392,0.5732004,2276.90623346975,2.9224146310507937,4.5690767E-6,17.517736,0.019114098,0.22315925,0.0056837033,0.05567721,0.0101708025,0.21311359,0.035974797,0.712447,0.0020781064,0.06928767,0.0067891865,0.17152071,0.041554455,0.09153006,0.02153351,0.712447,0.0020781064,"TWOGAUSSIANS_WITH_ELLIPSOIDAL_ON_ECLIPSE2",9,10.489923,0.22129925,0.004748324,0.31179237,0.056956492,0.39523464,0.018205205,0.712447,0.0020781064,0.38801098,0.034740865,0.35432637,0.008635036
375316653866487564,5849787345980673792,0.56966907,2302.2398418164034,1.609187504116117,5.083104E-6,18.642523,0.0030917036,0.2840165,0.001447845,0.05870114,0.0016002835,0.37612158,0.0076417476,0.7866145,0.0023794968,0.06345415,0.003209002,0.16852164,0.0064077396,null,null,null,null,"TWOGAUSSIANS",8,1.8809223,0.2840165,0.001447845,0.32872638,0.008961588,0.37601775,0.007643409,0.7866145,0.0023794968,0.35534325,0.017970411,0.16841781,0.006420091
375316653866487564,5849787483420341504,0.55543184,2295.6192016931313,2.7299028178103,4.7076314E-6,19.281324,0.006934797,0.24838585,0.001313597,0.071978524,0.0022122564,0.5395574,0.011451774,0.74296296,0.002724749,0.075256705,0.0034569472,0.5653581,0.016425954,null,null,null,null,"TWOGAUSSIANS",8,2.6190953,0.74296296,0.002724749,0.4,0.0,0.56230634,0.01668777,0.24838585,0.001313597,0.4,0.0016656563,0.53650564,0.011450668
375316653866487564,5849787895787714176,0.6105338,2321.2944892794276,0.5024346820419973,2.5099484E-6,14.677255,8.25047E-4,0.24681897,0.00437865,0.023131307,0.00323524,0.13567881,0.009779924,0.7475571,6.2512053E-4,0.02482135,0.0013688195,0.12463053,0.0071636485,0.021995632,0.0012145496,0.24681897,0.00437865,"TWOGAUSSIANS_WITH_ELLIPSOIDAL_ON_ECLIPSE1",9,10.80624,0.24681897,0.00437865,0.12953532,0.018117344,0.17967002,0.008945214,0.7475571,6.243963E-4,0.13899957,0.0076653897,0.1686208,0.007784605
375316653866487564,5849787998879348864,0.4272514,2286.6185609427384,0.04241526721717663,2.3721697E-5,19.356083,0.025444431,0.321961,0.011305,0.12517524,0.014343698,0.41034266,0.04293775,0.74821067,0.0064251367,0.06503012,0.006431432,0.5572949,0.10451255,null,null,null,null,"TWOGAUSSIANS",8,6.4306307,0.74821067,0.0064251367,0.36416867,0.036016017,0.54950625,0.10522237,0.321961,0.011305,0.4,0.0,0.40129766,0.041155346
375316653866487564,5849788097594339584,0.52440673,2313.035120441232,0.5997342394585725,5.3213103E-6,17.040598,9.85104E-4,0.28066704,0.0030379056,0.01877964,0.002567494,0.043833263,0.010763969,0.7824528,8.855559E-4,0.024199903,0.0012830128,0.11852945,0.0019951412,0.018889628,0.0016157811,0.28066704,0.0030379056,"TWOGAUSSIANS_WITH_ELLIPSOIDAL_ON_ECLIPSE1",9,2.3623118,0.7824528,8.835482E-4,0.13551946,0.007184872,0.15630393,0.0020210443,0.28066704,0.0030379056,0.10516597,0.014377967,0.08161249,0.010905023
375316653866487564,5849788716064824576,0.59064245,2275.3098573414604,1.3436178907762637,5.3135414E-6,9.79978,0.07561479,0.2517155,0.004459322,0.16088153,0.019880252,0.2810825,0.073766954,0.7161484,0.0052691572,0.13169497,0.0116744405,0.33583155,0.067110054,null,null,null,null,"TWOGAUSSIANS",8,76.455925,0.7161484,0.0052691572,0.4,0.0,0.22864743,0.0045377887,0.25319552,0.0035608201,0.4,0.0,0.169205,0.0035239405
375316653866487564,5849789235817926656,0.54151875,2249.6980753660623,0.235161683643874,5.1661777E-6,14.203845,0.006434333,0.28909555,0.013396606,0.13527256,0.026867306,0.075574875,0.005538138,0.74877185,9.3714404E-4,0.021876864,0.0010236449,0.30152667,0.010365569,null,null,null,null,"TWOGAUSSIANS",8,264.91342,0.74877185,9.3714404E-4,0.12251044,0.0057324115,0.30141458,0.010252075,0.28909555,0.013396606,0.4,0.0,0.07520197,0.0052939635
375316653866487564,5849789987374647936,0.4876843,2268.0686973210823,0.14471547608625387,2.0405214E-6,18.229769,0.0024263281,0.19887726,2.5228294E-7,0.0032332465,2.4512567E-5,0.7716607,0.0069515365,0.7880818,0.09673514,0.12262919,0.08197246,0.021120356,0.004428136,null,null,null,null,"TWOGAUSSIANS",8,2.0415142,0.19887726,2.5228294E-7,0.01810618,1.3727037E-4,0.7717278,0.006895841,0.7880818,0.09673514,0.4,0.16893525,0.021109987,0.004435571
