Gaia/vari_eclipsing_binary/VariEclipsingBinary_648585-648919.csv
# %ECSV 1.0
# ---
# delimiter: ','
# meta: !!omap
# - RELEASE: Gaia DR3
# - TABLE: vari_eclipsing_binary
# - DESCRIPTION: >
#     This table describes the properties of the eclipsing binaries resulting from the variability analysis. 
# - CITATION: >
#     How to cite and acknowledge Gaia: 
#     https://gea.esac.esa.int/archive/documentation/credits.html 
# - KNOWN_ISSUES: >
#     Known issues: 
#     https://www.cosmos.esa.int/web/gaia-users/known-issues 
# - DOCUMENTATION: >
#     Tutorials and documentation: 
#     https://www.cosmos.esa.int/web/gaia-users/archive 
# datatype:
# - 
#   name: solution_id
#   datatype: int64
#   description: Solution Identifier
#   meta:
#     ucd: meta.version
# - 
#   name: source_id
#   datatype: int64
#   description: Unique source identifier
#   meta:
#     ucd: meta.id;meta.main
# - 
#   name: global_ranking
#   datatype: float32
#   description: Number between 0 (worst) and 1 (best)
#   meta:
#     ucd: stat.param
# - 
#   name: reference_time
#   datatype: float64
#   unit: d
#   description: Reference time used for the geometric model fit
#   meta:
#     ucd: time.epoch
# - 
#   name: frequency
#   datatype: float64
#   unit: d**-1
#   description: Frequency of geometric model of the eclipsing binary light curve
#   meta:
#     ucd: src.orbital
# - 
#   name: frequency_error
#   datatype: float32
#   unit: d**-1
#   description: "Uncertainty of \\texttt{frequency}"
#   meta:
#     ucd: stat.error
# - 
#   name: geom_model_reference_level
#   datatype: float32
#   unit: mag
#   description: Magnitude reference level of geometric model
#   meta:
#     ucd: phot.mag;em.opt
# - 
#   name: geom_model_reference_level_error
#   datatype: float32
#   unit: mag
#   description: "Uncertainty of \\texttt{geomModelReferenceLevel}"
#   meta:
#     ucd: stat.error;phot.mag;em.opt
# - 
#   name: geom_model_gaussian1_phase
#   datatype: float32
#   description: Phase of the Gaussian 1 component
#   meta:
#     ucd: time.phase
# - 
#   name: geom_model_gaussian1_phase_error
#   datatype: float32
#   description: "Uncertainty of \\texttt{geomModelGaussian1Phase}"
#   meta:
#     ucd: stat.error;time.phase
# - 
#   name: geom_model_gaussian1_sigma
#   datatype: float32
#   description: "Standard deviation [phase] of Gaussian 1 component"
#   meta:
#     ucd: stat.stdev
# - 
#   name: geom_model_gaussian1_sigma_error
#   datatype: float32
#   description: "Uncertainty of \\texttt{geomModelGaussian1Sigma}"
#   meta:
#     ucd: stat.error
# - 
#   name: geom_model_gaussian1_depth
#   datatype: float32
#   unit: mag
#   description: Magnitude depth of Gaussian 1 component
#   meta:
#     ucd: src.var.amplitude
# - 
#   name: geom_model_gaussian1_depth_error
#   datatype: float32
#   unit: mag
#   description: "Uncertainty of \\texttt{geomModelGaussian1Depth}"
#   meta:
#     ucd: stat.error;src.var.amplitude
# - 
#   name: geom_model_gaussian2_phase
#   datatype: float32
#   description: Phase of Gaussian 2 component
#   meta:
#     ucd: time.phase
# - 
#   name: geom_model_gaussian2_phase_error
#   datatype: float32
#   description: "Uncertainty of \\texttt{geomModelGaussian2Phase}"
#   meta:
#     ucd: stat.error;time.phase
# - 
#   name: geom_model_gaussian2_sigma
#   datatype: float32
[...]
#   datatype: float32
#   description: "Secondary eclipse: uncertainty of \\texttt{derivedSecondaryEclDuration}"
#   meta:
#     ucd: stat.error;time.duration
# - 
#   name: derived_secondary_ecl_depth
#   datatype: float32
#   unit: mag
#   description: "Secondary eclipse: depth"
#   meta:
#     ucd: src.var.amplitude
# - 
#   name: derived_secondary_ecl_depth_error
#   datatype: float32
#   unit: mag
#   description: "Secondary eclipse: uncertainty of \\texttt{derivedSecondaryEclDepth}"
#   meta:
#     ucd: stat.error;src.var.amplitude
solution_id,source_id,global_ranking,reference_time,frequency,frequency_error,geom_model_reference_level,geom_model_reference_level_error,geom_model_gaussian1_phase,geom_model_gaussian1_phase_error,geom_model_gaussian1_sigma,geom_model_gaussian1_sigma_error,geom_model_gaussian1_depth,geom_model_gaussian1_depth_error,geom_model_gaussian2_phase,geom_model_gaussian2_phase_error,geom_model_gaussian2_sigma,geom_model_gaussian2_sigma_error,geom_model_gaussian2_depth,geom_model_gaussian2_depth_error,geom_model_cosine_half_period_amplitude,geom_model_cosine_half_period_amplitude_error,geom_model_cosine_half_period_phase,geom_model_cosine_half_period_phase_error,model_type,num_model_parameters,reduced_chi2,derived_primary_ecl_phase,derived_primary_ecl_phase_error,derived_primary_ecl_duration,derived_primary_ecl_duration_error,derived_primary_ecl_depth,derived_primary_ecl_depth_error,derived_secondary_ecl_phase,derived_secondary_ecl_phase_error,derived_secondary_ecl_duration,derived_secondary_ecl_duration_error,derived_secondary_ecl_depth,derived_secondary_ecl_depth_error
[from data line 462]
375316653866487564,5707066987178431744,0.4868869,2339.5606176000542,2.3776943917674638,1.01606165E-5,19.341925,0.0050461525,0.34948456,0.0033447982,0.03368671,0.003534449,0.43774647,0.0962045,0.86918414,0.038006876,0.03254928,0.033460986,0.10571589,1.0313909,null,null,null,null,"TWOGAUSSIANS",8,3.1002502,0.34948456,0.0033447982,0.18864557,0.019792914,0.43774647,0.0962045,0.86918414,0.038006876,0.18227598,0.18738152,0.10571589,1.0313909
375316653866487564,5707074172659787264,0.5305387,2313.788754254973,0.7043161179777234,8.752412E-6,17.045723,0.0056210496,0.20143309,0.048401635,0.052288175,0.11105681,0.009042238,0.14213061,0.42069325,0.0010046279,0.021231579,0.0016379484,0.43209368,0.057046752,null,null,null,null,"TWOGAUSSIANS",8,17.789886,0.42069325,0.0010046279,0.11889684,0.009172511,0.43209505,0.05706733,0.20143309,0.048401635,0.29281378,0.5884211,0.009042238,0.14213061
375316653866487564,5707089355368420224,0.4556667,2304.5911705159415,4.559877640252859,2.8160424E-5,19.21486,0.025340091,0.33747542,0.022257973,0.06898324,0.02601597,0.073767364,0.0663825,0.8158399,0.008892659,0.025105372,0.023128968,0.19648916,0.072646216,0.08792439,0.038650937,0.8158399,0.008892659,"TWOGAUSSIANS_WITH_ELLIPSOIDAL_ON_ECLIPSE2",9,6.281979,0.8158399,0.008892659,0.14059009,0.12952222,0.37230548,0.101911575,0.3272154,0.012319595,0.38630617,0.13462977,0.24787547,0.020889226
375316653866487564,5707095849357261312,0.48345387,2340.8388032814555,0.2865772801235063,3.4995763E-5,18.50687,0.0055370955,0.12502478,2.7600187E-4,0.008273359,3.4176672E-4,0.39654583,0.020377634,0.90283036,0.030616106,0.028113173,0.014606868,0.041490957,0.018809022,0.004863538,0.007969437,0.12502478,2.7600187E-4,"TWOGAUSSIANS_WITH_ELLIPSOIDAL_ON_ECLIPSE1",9,6.9702864,0.12502478,2.7600187E-4,0.046330813,0.0019138936,0.40627286,0.024265945,0.90323037,0.030918512,0.15743378,0.081798464,0.04178903,0.019012775
375316653866487564,5707100762801591552,0.54794896,2336.69153066522,3.0415137837291617,1.6897717E-5,15.332425,0.023580674,0.25121847,0.0047370372,0.056864187,0.03061491,0.028718546,0.05109161,0.7326949,0.008372367,0.059377167,0.03329262,0.07592566,0.043847658,0.051900554,0.025587142,0.25121847,0.0047370372,"TWOGAUSSIANS_WITH_ELLIPSOIDAL_ON_ECLIPSE1",9,38.619984,0.73779494,0.0048708864,0.33251214,0.18643868,0.17870578,0.010002193,0.25121847,0.0047370372,0.31843945,0.1714435,0.13251488,0.0052435007
375316653866487564,5707105744963693568,0.6472259,2327.672697385014,0.1608659127424995,3.9864277E-5,15.74598,8.057817E-4,0.45308805,2.5069555E-6,0.010594034,1.4655823E-5,0.6058131,6.2449736E-4,0.62929124,0.049305078,0.040865596,0.02415749,0.014429437,0.004661355,null,null,null,null,"TWOGAUSSIANS",8,5.7882667,0.45308805,2.5069555E-6,0.059326585,8.2072605E-5,0.6058144,6.229182E-4,0.62929124,0.049305078,0.22884734,0.13528195,0.014429437,0.004661355
375316653866487564,5707109421453998592,0.5890499,2345.1883986391763,3.6597757343743127,5.552412E-6,15.671982,0.01900085,0.3367504,0.0013790883,0.06187759,0.004550934,0.35278717,0.041549798,0.8365811,0.003591092,0.06309921,0.0045429906,0.38124743,0.042322155,0.07602635,0.023650289,0.3367504,0.0013790883,"TWOGAUSSIANS_WITH_ELLIPSOIDAL_ON_ECLIPSE1",9,65.038506,0.83660114,0.0034161776,0.3533556,0.025440747,0.53305227,0.018489389,0.3367504,0.0013790883,0.3465145,0.025485229,0.5045922,0.010518955
375316653866487564,5707119420138164992,0.6290303,2348.6115336978946,3.106069730890536,7.290725E-6,18.500326,0.014039446,0.21672711,0.0014194634,0.058907967,0.0036141935,0.33358487,0.035080697,0.7124525,0.0018082226,0.05368304,0.0037850803,0.36647624,0.031352244,0.11131371,0.019263197,0.21672711,0.0014194634,"TWOGAUSSIANS_WITH_ELLIPSOIDAL_ON_ECLIPSE1",9,2.6993728,0.71297246,0.0015228459,0.30062503,0.02119645,0.5889156,0.013626786,0.21672711,0.0014194634,0.32988462,0.020239484,0.55616534,0.018393235
375316653866487564,5707120863247130368,0.5874025,2347.5512118500574,3.6211259929752053,1.2390574E-5,17.126408,0.009583331,0.29245535,0.003815878,0.078702696,0.0063522724,0.3586715,0.0091081755,0.8045864,0.0021729385,0.080575846,0.0040906207,0.29360136,0.009158911,null,null,null,null,"TWOGAUSSIANS",8,12.714396,0.29245535,0.003815878,0.4,0.0,0.35498595,0.008137586,0.8045864,0.0021729385,0.4,0.0,0.28991583,0.00791071
375316653866487564,5707123474587367040,0.51848084,2334.3373592796415,4.030739395705596,1.0365996E-5,18.149393,0.01237086,0.19989955,0.00225697,0.077716336,0.0046058376,0.279525,0.013422357,0.71066344,0.0032773116,0.081099615,0.0068640863,0.39705592,0.027082866,null,null,null,null,"TWOGAUSSIANS",8,9.511828,0.71066344,0.0032773116,0.4,0.0,0.39326566,0.028036132,0.19989955,0.00225697,0.4,0.0,0.27573478,0.012299984
375316653866487564,5707127013640526848,0.51888514,2314.850628900581,3.96444741174539,9.590612E-6,19.344454,0.0046933247,0.15761325,6.7801255E-4,0.018427288,0.001064975,0.6514842,0.027453886,0.4171294,0.053891238,0.03462282,0.036876176,0.039607186,0.022419903,null,null,null,null,"TWOGAUSSIANS",8,1.9799721,0.15761325,6.7801255E-4,0.10319281,0.00596386,0.6514842,0.027453778,0.4171294,0.053891238,0.19388779,0.2065066,0.039607186,0.022419903
375316653866487564,5707135294337413376,0.60783,2340.4116817686536,2.609499393314781,4.019781E-6,17.246769,0.007822784,0.23132728,0.0012500213,0.045021188,0.0034850894,0.17630579,0.01772067,0.7287699,0.0027560086,0.05235256,0.006259228,0.22885713,0.016782217,0.107515246,0.009581294,0.23132728,0.0012500213,"TWOGAUSSIANS_WITH_ELLIPSOIDAL_ON_ECLIPSE1",9,7.658474,0.7291999,0.002241976,0.29317433,0.035051677,0.44383836,0.019270375,0.23132728,0.0012500213,0.25211865,0.0195165,0.39133313,0.0073976037
375316653866487564,5707135814030216320,0.5266316,2366.2097939503133,3.601033807029437,1.5844216E-5,17.091898,0.010654513,0.33436146,0.0052038003,0.099804774,0.007939717,0.15112185,0.011236461,0.83845913,0.004851871,0.091134086,0.010777178,0.1407688,0.009547293,null,null,null,null,"TWOGAUSSIANS",8,6.7530966,0.33436146,0.0052038003,0.4,0.0,0.1421754,0.007102614,0.83845913,0.004851871,0.4,0.0,0.13182336,0.0056170453
375316653866487564,5707139451865875328,0.45357776,2366.0834842457207,0.7764405783942501,1.8633624E-5,17.622908,0.0041825064,0.31895098,0.0022535,0.0027661424,0.0018060437,0.06604493,0.4598729,0.5524346,0.005315332,0.014089943,0.004713558,0.21804897,0.008745612,null,null,null,null,"TWOGAUSSIANS",8,18.895782,0.5524346,0.005315332,0.078903675,0.026395926,0.21804897,0.008745612,0.31895098,0.0022535,0.015490397,0.010113845,0.06604493,0.4598729
375316653866487564,5707147732563148544,0.46151868,2381.5211765810764,0.6209073354287424,1.7117589E-5,17.384396,0.0015407237,0.4778689,0.016747678,0.012943897,0.014404943,0.0374412,0.022556145,0.870562,0.0015857423,0.00931075,0.006655773,0.16277917,0.039191697,null,null,null,null,"TWOGAUSSIANS",8,6.217346,0.870562,0.0015857423,0.052140202,0.037272327,0.16277917,0.039191697,0.4778689,0.016747678,0.07248583,0.08066768,0.0374412,0.022556145
375316653866487564,5707148630212970752,0.5842967,2373.7153625724336,2.9891051025996744,1.1329158E-5,17.6369,0.008043793,0.26816732,0.003047167,0.08874574,0.0052677635,0.2546948,0.008319685,0.7769333,0.0027238312,0.081581555,0.0038375522,0.2422223,0.009674731,null,null,null,null,"TWOGAUSSIANS",8,4.9502907,0.26816732,0.003047167,0.4,0.0,0.24895614,0.0070562996,0.7769333,0.0027238312,0.4,0.0,0.23648374,0.008495966
375316653866487564,5707158658958356224,0.5270277,2355.3859578711426,1.3814123413391128,3.1977067E-6,17.591618,0.0049438793,0.36723143,5.615011E-4,0.02702894,0.0012910278,0.34821528,0.010204565,0.8676307,0.0032683676,0.026338685,0.0032302027,0.17077884,0.019114822,0.010176782,0.0063022575,0.36723143,5.615011E-4,"TWOGAUSSIANS_WITH_ELLIPSOIDAL_ON_ECLIPSE1",9,14.4212265,0.36723143,5.615011E-4,0.15136208,0.007229755,0.36856884,0.011519076,0.8676307,0.0032632046,0.14749664,0.018089136,0.19113226,0.018210301
375316653866487564,5707162988285789440,0.62116003,2339.9755317010627,2.709326557129094,4.078915E-6,17.82424,0.008223164,0.2759193,0.001021755,0.049947478,0.004483617,0.2863504,0.023543915,0.77743363,0.0013500777,0.05145116,0.0034121047,0.20850816,0.021465119,0.11527585,0.014193653,0.2759193,0.001021755,"TWOGAUSSIANS_WITH_ELLIPSOIDAL_ON_ECLIPSE1",9,4.3092275,0.2759193,0.001021755,0.27970588,0.025108254,0.51689917,0.028227484,0.77743363,0.0013500777,0.2881265,0.019107787,0.43903607,0.009040569
375316653866487564,5707166462916626432,0.66717607,2325.4889574469353,0.05893268061077019,3.7268088E-5,15.55984,4.7646504E-4,0.12576845,0.0017679118,0.0077105584,0.0066278945,0.15550256,34761.188,0.3408204,8.872857E-6,0.0052521676,8.1051E-5,0.35797334,7.99384E-5,0.0015927767,8.181718E-4,0.12576845,0.0017679118,"TWOGAUSSIANS_WITH_ELLIPSOIDAL_ON_ECLIPSE1",9,2.260586,0.3408204,8.872857E-6,0.02941214,4.5388562E-4,0.35812446,1.5793141E-4,0.12576845,0.0017679118,0.04317913,0.037116207,0.15868811,34761.188
375316653866487564,5707166634715334528,0.501239,2308.949146911392,1.3467435583262213,8.432818E-6,14.640565,0.05354572,0.29199776,0.0028576774,0.23123468,0.04092937,0.48195472,0.06361775,0.7880982,0.0023223506,0.19677742,0.027143408,0.4205898,0.08551087,null,null,null,null,"TWOGAUSSIANS",8,7.6335673,0.29627776,0.0026449258,0.4,0.0,0.06110629,0.0028669601,0.7880982,0.0023223506,0.4,0.0,0.059355613,0.0024584779
375316653866487564,5707169658372381440,0.5329005,2353.1169255490163,3.211566314065934,9.64201E-6,16.606144,0.010406414,0.29978484,0.004456424,0.05785935,0.006652974,0.13176449,0.02946761,0.81195885,0.0032461963,0.042518415,0.020298123,0.080833815,0.031472903,0.08107076,0.020090017,0.81195885,0.0032461963,"TWOGAUSSIANS_WITH_ELLIPSOIDAL_ON_ECLIPSE2",9,36.05767,0.30277482,0.0028958858,0.32401237,0.037256654,0.2931851,0.013002707,0.81195885,0.0032461963,0.23810312,0.113669485,0.2429696,0.037261732
375316653866487564,5707176800900431104,0.5138712,2359.6999616093785,2.610611895833698,1.5950036E-5,18.051016,0.004895066,0.1280043,0.0028568988,0.025497936,0.0045791054,0.20820263,0.03757038,0.6194561,0.00528738,0.03360955,0.003267442,0.5620057,0.04306217,0.018184,0.012793689,0.1280043,0.0028568988,"TWOGAUSSIANS_WITH_ELLIPSOIDAL_ON_ECLIPSE1",9,15.922128,0.6195061,0.0052449764,0.1882135,0.018297676,0.59826946,0.04199517,0.1280043,0.0028568988,0.14278844,0.025642991,0.24457061,0.03803956
375316653866487564,5707176972699153920,0.5383301,2371.243473441416,3.0185112081144188,1.3797146E-5,19.529053,0.007546822,0.29836676,0.0034858799,0.07957463,0.0042862985,0.49071226,0.02869445,0.80472785,0.0027446293,0.07237143,0.0038045049,0.52546227,0.030335374,null,null,null,null,"TWOGAUSSIANS",8,2.2735662,0.80472785,0.0027446293,0.4,0.0,0.5215373,0.031250156,0.29836676,0.0034858799,0.4,0.0,0.48678732,0.029307457
375316653866487564,5707177148795335296,0.60423833,2363.2785228942284,3.5628015226418905,6.3072953E-6,17.621212,0.009710597,0.15049747,0.0025002877,0.049092837,0.0037799324,0.32214558,0.024936406,0.6415792,0.0022520307,0.0502262,0.0043378426,0.45071945,0.027273202,0.11139752,0.012555505,0.15049747,0.0025002877,"TWOGAUSSIANS_WITH_ELLIPSOIDAL_ON_ECLIPSE1",9,15.303902,0.6423792,0.001968837,0.28126672,0.024291918,0.6728752,0.0300668,0.15049747,0.0025002877,0.2749199,0.021167621,0.5449377,0.015839115
375316653866487564,5707178690686061696,0.51211864,2341.112715304961,1.1595433631266634,2.9714945E-6,18.543993,0.0062204325,0.34626892,4.0822805E-4,0.021876046,7.301888E-4,0.40809336,0.0065834573,0.8452233,0.014046003,0.01629867,0.009159955,0.25752097,0.043878965,null,null,null,null,"TWOGAUSSIANS",8,10.060018,0.34626892,4.0822805E-4,0.12250586,0.004089057,0.40809336,0.0065834573,0.8452233,0.014046003,0.09127255,0.05129575,0.25752097,0.043878965
375316653866487564,5707179657056170752,0.44583926,2347.2715661785396,3.1189184260400884,5.5490316E-5,16.084105,0.24703918,0.23058978,0.017476313,0.1327891,0.089405425,0.19420084,0.24172272,0.71898955,0.009104283,0.12036328,0.06133471,0.19800664,0.22538306,null,null,null,null,"TWOGAUSSIANS",8,131.09651,0.71898955,0.009104283,0.4,0.0,0.14756964,0.018006554,0.23067978,0.017316315,0.4,0.0,0.14349976,0.014677487
375316653866487564,5707180752270606720,0.5191193,2374.2812644733767,3.152362111524967,2.1297505E-5,19.164602,0.023061363,0.27300638,0.005210921,0.0974992,0.010612156,0.25245473,0.02307035,0.780002,0.004816129,0.10863492,0.011030483,0.26063666,0.021766296,null,null,null,null,"TWOGAUSSIANS",8,2.3167841,0.780002,0.004816129,0.4,0.0,0.23573641,0.00847193,0.27299637,0.005218343,0.4,0.0,0.22756708,0.014252014
375316653866487564,5707181405107681024,0.5450895,2347.68132611607,2.4780721126725034,2.513076E-5,12.7453985,0.0024061955,0.24293856,0.039862365,0.03241778,0.041460983,0.01516741,1850.4518,0.73214734,0.0023960036,0.067388564,0.04555949,0.0073274537,0.0059516383,0.049594942,0.003506522,0.73214734,0.0023960036,"TWOGAUSSIANS_WITH_ELLIPSOIDAL_ON_ECLIPSE2",9,108.281075,0.23912857,0.03308279,0.18153958,0.2321815,0.11405448,1850.4541,0.73214734,0.0023960036,0.37737593,0.1851324,0.10650964,0.0029197154
375316653866487564,5707182989948160768,0.46595594,2316.7460769739155,3.617688673628037,2.7080498E-5,17.451653,0.008272109,0.2766907,0.009053973,0.104453556,0.01529565,0.096426345,0.008123748,0.7533394,0.0055209547,0.07981178,0.0073584793,0.14391269,0.010699252,null,null,null,null,"TWOGAUSSIANS",8,10.985206,0.7533394,0.0055209547,0.4,0.0,0.13991974,0.009251064,0.2766907,0.009053973,0.4,0.0,0.09243017,0.0059412266
375316653866487564,5707187452419623552,0.552568,2203.72257387241,3.890823363208022,7.3169113E-6,19.184654,0.007569363,0.27962315,0.002324435,0.048995715,0.005569309,0.32880807,0.038410455,0.7709596,0.002835956,0.043128558,0.004071866,0.26133633,0.025805298,0.11754374,0.011613885,0.27962315,0.002324435,"TWOGAUSSIANS_WITH_ELLIPSOIDAL_ON_ECLIPSE1",9,3.0968192,0.27962315,0.002324435,0.274376,0.03118813,0.5638947,0.036591,0.7719696,0.0023865819,0.24151993,0.02280245,0.49580806,0.024455475
375316653866487564,5707190239858622336,0.43304905,2231.7724958343006,2.0055062918646667,6.536854E-5,18.323387,0.0032680975,0.288671,0.0021969483,0.015368601,0.0015692571,0.18019886,0.017041137,0.8431895,0.014596219,0.018992791,0.01981206,0.06957291,60.472702,null,null,null,null,"TWOGAUSSIANS",8,7.873003,0.288671,0.0021969483,0.08606417,0.008787841,0.18019886,0.017041137,0.8431895,0.014596219,0.10635963,0.11094754,0.06957291,60.472702
375316653866487564,5707194947142489088,0.5988322,2208.1937531613407,1.1766569034535572,4.8205643E-6,16.249792,0.002859473,0.23713908,0.0022950952,0.039251436,0.004468078,0.20322643,0.008026736,0.7376125,0.0018413978,0.036542844,0.003027896,0.08073187,0.006425121,0.03905724,0.0040396205,0.23713908,0.0022950952,"TWOGAUSSIANS_WITH_ELLIPSOIDAL_ON_ECLIPSE1",9,9.448211,0.23713908,0.0022950952,0.21980804,0.025021236,0.28134084,0.010098778,0.7376125,0.0017650407,0.20463991,0.016956218,0.15884559,0.00405236
375316653866487564,5707197107507911424,0.5990708,2289.447278169262,3.5414969247082904,5.0057893E-6,15.630721,0.02551797,0.22354832,0.0021644363,0.061365,0.008286778,0.24033882,0.05170995,0.72399604,0.0025832278,0.06490743,0.007967188,0.25825357,0.05092832,0.08123958,0.02827078,0.22354832,0.0021644363,"TWOGAUSSIANS_WITH_ELLIPSOIDAL_ON_ECLIPSE1",9,50.353386,0.72399604,0.0024337282,0.36348164,0.044616256,0.42052093,0.009195416,0.22354832,0.0021644363,0.34364402,0.046405956,0.40260747,0.014092929
