Gaia/vari_eclipsing_binary/VariEclipsingBinary_460605-460616.csv
# %ECSV 1.0
# ---
# delimiter: ','
# meta: !!omap
# - RELEASE: Gaia DR3
# - TABLE: vari_eclipsing_binary
# - DESCRIPTION: >
#     This table describes the properties of the eclipsing binaries resulting from the variability analysis. 
# - CITATION: >
#     How to cite and acknowledge Gaia: 
#     https://gea.esac.esa.int/archive/documentation/credits.html 
# - KNOWN_ISSUES: >
#     Known issues: 
#     https://www.cosmos.esa.int/web/gaia-users/known-issues 
# - DOCUMENTATION: >
#     Tutorials and documentation: 
#     https://www.cosmos.esa.int/web/gaia-users/archive 
# datatype:
# - 
#   name: solution_id
#   datatype: int64
#   description: Solution Identifier
#   meta:
#     ucd: meta.version
# - 
#   name: source_id
#   datatype: int64
#   description: Unique source identifier
#   meta:
#     ucd: meta.id;meta.main
# - 
#   name: global_ranking
#   datatype: float32
#   description: Number between 0 (worst) and 1 (best)
#   meta:
#     ucd: stat.param
# - 
#   name: reference_time
#   datatype: float64
#   unit: d
#   description: Reference time used for the geometric model fit
#   meta:
#     ucd: time.epoch
# - 
#   name: frequency
#   datatype: float64
#   unit: d**-1
#   description: Frequency of geometric model of the eclipsing binary light curve
#   meta:
#     ucd: src.orbital
# - 
#   name: frequency_error
#   datatype: float32
#   unit: d**-1
#   description: "Uncertainty of \\texttt{frequency}"
#   meta:
#     ucd: stat.error
# - 
#   name: geom_model_reference_level
#   datatype: float32
#   unit: mag
#   description: Magnitude reference level of geometric model
#   meta:
#     ucd: phot.mag;em.opt
# - 
#   name: geom_model_reference_level_error
#   datatype: float32
#   unit: mag
#   description: "Uncertainty of \\texttt{geomModelReferenceLevel}"
#   meta:
#     ucd: stat.error;phot.mag;em.opt
# - 
#   name: geom_model_gaussian1_phase
#   datatype: float32
#   description: Phase of the Gaussian 1 component
#   meta:
#     ucd: time.phase
# - 
#   name: geom_model_gaussian1_phase_error
#   datatype: float32
#   description: "Uncertainty of \\texttt{geomModelGaussian1Phase}"
#   meta:
#     ucd: stat.error;time.phase
# - 
#   name: geom_model_gaussian1_sigma
#   datatype: float32
#   description: "Standard deviation [phase] of Gaussian 1 component"
#   meta:
#     ucd: stat.stdev
# - 
#   name: geom_model_gaussian1_sigma_error
#   datatype: float32
#   description: "Uncertainty of \\texttt{geomModelGaussian1Sigma}"
#   meta:
#     ucd: stat.error
# - 
#   name: geom_model_gaussian1_depth
#   datatype: float32
#   unit: mag
#   description: Magnitude depth of Gaussian 1 component
#   meta:
#     ucd: src.var.amplitude
# - 
#   name: geom_model_gaussian1_depth_error
#   datatype: float32
#   unit: mag
#   description: "Uncertainty of \\texttt{geomModelGaussian1Depth}"
#   meta:
#     ucd: stat.error;src.var.amplitude
# - 
#   name: geom_model_gaussian2_phase
#   datatype: float32
#   description: Phase of Gaussian 2 component
#   meta:
#     ucd: time.phase
# - 
#   name: geom_model_gaussian2_phase_error
#   datatype: float32
#   description: "Uncertainty of \\texttt{geomModelGaussian2Phase}"
#   meta:
#     ucd: stat.error;time.phase
# - 
#   name: geom_model_gaussian2_sigma
#   datatype: float32
[...]
#   datatype: float32
#   description: "Secondary eclipse: uncertainty of \\texttt{derivedSecondaryEclDuration}"
#   meta:
#     ucd: stat.error;time.duration
# - 
#   name: derived_secondary_ecl_depth
#   datatype: float32
#   unit: mag
#   description: "Secondary eclipse: depth"
#   meta:
#     ucd: src.var.amplitude
# - 
#   name: derived_secondary_ecl_depth_error
#   datatype: float32
#   unit: mag
#   description: "Secondary eclipse: uncertainty of \\texttt{derivedSecondaryEclDepth}"
#   meta:
#     ucd: stat.error;src.var.amplitude
solution_id,source_id,global_ranking,reference_time,frequency,frequency_error,geom_model_reference_level,geom_model_reference_level_error,geom_model_gaussian1_phase,geom_model_gaussian1_phase_error,geom_model_gaussian1_sigma,geom_model_gaussian1_sigma_error,geom_model_gaussian1_depth,geom_model_gaussian1_depth_error,geom_model_gaussian2_phase,geom_model_gaussian2_phase_error,geom_model_gaussian2_sigma,geom_model_gaussian2_sigma_error,geom_model_gaussian2_depth,geom_model_gaussian2_depth_error,geom_model_cosine_half_period_amplitude,geom_model_cosine_half_period_amplitude_error,geom_model_cosine_half_period_phase,geom_model_cosine_half_period_phase_error,model_type,num_model_parameters,reduced_chi2,derived_primary_ecl_phase,derived_primary_ecl_phase_error,derived_primary_ecl_duration,derived_primary_ecl_duration_error,derived_primary_ecl_depth,derived_primary_ecl_depth_error,derived_secondary_ecl_phase,derived_secondary_ecl_phase_error,derived_secondary_ecl_duration,derived_secondary_ecl_duration_error,derived_secondary_ecl_depth,derived_secondary_ecl_depth_error
[from data line 453]
375316653866487564,4051579818704689408,0.52601486,2226.6049172224434,2.507014486494905,3.3802586E-5,18.612534,0.04596089,0.2862864,0.010048658,0.09047203,0.025829557,0.18474837,0.042503715,0.81054896,0.005556813,0.08584311,0.0401732,0.16265501,0.026319468,null,null,null,null,"TWOGAUSSIANS",8,2.0257654,0.2862864,0.01000838,0.4,0.0,0.18057378,0.019869609,0.81054896,0.0055561946,0.4,0.0,0.15848057,0.030631285
375316653866487564,4051579956143195264,0.5148401,2264.5792032326035,0.42902562872211625,3.5816218E-5,18.61541,0.010600195,0.22151999,0.20761001,0.05543529,0.045312636,0.2145209,0.12827152,0.6098161,0.03863817,0.11868531,0.03658308,0.34651905,0.03826632,null,null,null,null,"TWOGAUSSIANS",8,4.5204935,0.6098161,0.03863817,0.4,0.0,0.34535623,0.023915602,0.22218,0.3971438,0.31043762,0.10763697,0.21501589,0.16767102
375316653866487564,4051579990502958720,0.534265,2287.7518873552362,2.862658243160566,2.3391955E-5,19.09447,0.03417167,0.1494705,0.011213779,0.049609285,0.0069677923,0.22701058,0.07544711,0.72060835,0.0026142932,0.030342562,0.0045803487,0.4735848,0.08007929,0.15520342,0.038314413,0.72060835,0.0026142932,"TWOGAUSSIANS_WITH_ELLIPSOIDAL_ON_ECLIPSE2",9,13.01507,0.72060835,0.0026142932,0.16991834,0.025649952,0.7839914,0.044727415,0.1638905,0.004831412,0.277812,0.039019637,0.49024644,0.026753105
375316653866487564,4051580059222650368,0.4605236,2280.301290357399,0.33019094033614743,1.5319204E-4,18.9686,0.14408757,0.38062432,0.0135219,0.18813147,0.08570741,0.15938528,0.14159289,0.8402366,0.012045647,0.06479275,0.05226274,0.1176801,0.0648746,null,null,null,null,"TWOGAUSSIANS",8,1.7909163,0.38062432,0.013382943,0.4,0.0,0.1324634,0.016926046,0.8402366,0.012045647,0.3628394,0.15742162,0.10139493,0.05056861
375316653866487564,4051580093577929472,0.458949,2316.7608581772975,1.683094479456618,3.1432763E-5,18.987118,0.012924914,0.35685638,0.01802506,0.12634094,0.013560579,0.18076752,0.018953346,0.032559652,0.0252245,0.044206962,0.028353075,0.033219833,0.016638521,null,null,null,null,"TWOGAUSSIANS",8,2.2647145,0.35685638,0.01802506,0.4,0.0,0.18061446,0.0188424,0.04221965,0.030051615,0.247559,0.15877722,0.040418465,0.01750758
375316653866487564,4051580093577945344,0.49391872,2209.2131305011258,1.5976564976041085,4.0190404E-5,18.746613,0.013163513,0.5420426,9.908484E-4,0.03565447,0.00210806,0.47695258,0.012201523,0.8476562,0.011147944,0.025826063,0.0066162096,0.5921749,0.22271173,null,null,null,null,"TWOGAUSSIANS",8,22.665457,0.8476562,0.011147944,0.14462595,0.037050776,0.5921749,0.22271173,0.5420426,9.908484E-4,0.19966504,0.011805137,0.47695258,0.012201523
375316653866487564,4051580437272597248,0.552388,2250.508803377502,0.6316656021559055,1.0697956E-6,17.285093,0.0028904555,0.5606106,5.761012E-6,0.010267458,9.409291E-5,0.67913014,0.004325433,0.29492915,0.005235342,0.06392458,0.014976568,0.03154166,0.0071740905,null,null,null,null,"TWOGAUSSIANS",8,6.740319,0.5606106,5.761012E-6,0.057497762,5.2692025E-4,0.67913574,0.0043446487,0.29492915,0.005235342,0.35797763,0.041813143,0.03154166,0.0071740905
375316653866487564,4051580780870220672,0.51389575,2202.0317513538525,0.12773049696213243,3.174341E-5,19.270018,0.04383793,0.103193045,0.009394275,0.09878938,0.021706374,0.32990792,0.12609817,0.62206286,0.032949448,0.08676323,0.036264356,0.26273724,0.05795199,null,null,null,null,"TWOGAUSSIANS",8,1.2223142,0.103193045,0.009349077,0.4,0.0,0.31804466,0.1298472,0.62206286,0.03297602,0.4,0.0,0.25087658,0.04069134
375316653866487564,4051580845191888000,0.6450644,2258.09153105362,1.6090499588445117,4.2234687E-6,17.154465,0.005482538,0.3202258,0.007763637,0.08498868,0.006115712,0.18637145,0.010348081,0.8135512,0.0022521361,0.07253674,0.0026955039,0.32511508,0.010054515,null,null,null,null,"TWOGAUSSIANS",8,2.1675196,0.8135512,0.0022521361,0.4,0.001767034,0.3224116,0.009833445,0.3202258,0.007763637,0.4,0.0,0.18366794,0.008705703
375316653866487564,4051580952576846848,0.55145335,2268.4060979526307,0.30454780580375895,1.8702207E-5,19.283287,0.011063305,0.06202664,0.010538488,0.06802333,0.016479637,0.16991168,0.04299589,0.8259771,0.0052258857,0.04421032,0.014352613,0.19441466,0.15483578,0.14815682,0.015357383,0.8259771,0.0052258857,"TWOGAUSSIANS_WITH_ELLIPSOIDAL_ON_ECLIPSE2",9,1.0506139,0.8261471,0.005097785,0.24757779,0.080374636,0.49114066,0.1493178,0.034986638,0.079224266,0.38093066,0.052243743,0.17622922,0.023578042
375316653866487564,4051581124375377664,0.52357197,2219.2406242923316,3.067027739569733,8.104131E-5,19.701006,0.022691188,0.27608705,0.0075491974,0.05361851,0.006287124,0.545649,0.053773146,0.7883322,0.014411027,0.05472609,0.027727658,0.6145128,0.2357125,null,null,null,null,"TWOGAUSSIANS",8,1.9378111,0.7883322,0.014411027,0.3064661,0.12186764,0.6144965,0.2364915,0.27608705,0.0075491974,0.30026364,0.035207894,0.5456327,0.05342403
375316653866487564,4051581154423121920,0.57672065,2232.9686199557846,0.36899241848071207,1.4842684E-4,16.959076,0.014347638,0.095940016,0.007947346,0.012578995,0.006670122,0.6077448,2.8951054,0.29837033,0.0016085888,0.014098911,0.0018075721,1.8439162,0.11974208,0.06637895,0.027115788,0.095940016,0.007947346,"TWOGAUSSIANS_WITH_ELLIPSOIDAL_ON_ECLIPSE1",9,168.61827,0.29837033,0.0016085888,0.0789539,0.0101224035,1.855427,0.117605135,0.095940016,0.007947346,0.07044237,0.037352685,0.74050266,2.8918061
375316653866487564,4051581158735225856,0.6276944,2257.4180211963844,1.888778182510647,1.3362272E-5,17.684381,0.021739535,0.2844957,0.0061019952,0.086108066,0.007691417,0.29362315,0.024878323,0.7831609,0.004106073,0.08747338,0.008344348,0.3982566,0.021362847,null,null,null,null,"TWOGAUSSIANS",8,3.6753347,0.7831609,0.004106073,0.4,0.0,0.38769916,0.013758074,0.2844957,0.0061019952,0.4,0.0,0.2830657,0.016743887
375316653866487564,4051581360606995968,0.47653553,2191.3733891773873,0.23314353813782573,3.449113E-5,18.471441,0.027191129,0.33052275,0.011634543,0.08291019,0.016659204,0.3934083,0.034965016,0.7553998,0.008998589,0.04927142,0.014668674,0.5016961,0.06920459,null,null,null,null,"TWOGAUSSIANS",8,12.10005,0.7553998,0.008998589,0.27591994,0.08214458,0.5016325,0.069214724,0.33052275,0.011634543,0.4,0.0089947125,0.39334393,0.0349194
375316653866487564,4051581360618682624,0.50719565,2260.224878188509,0.6286448066315955,9.5917756E-5,17.881495,0.024564916,0.27722928,0.07164395,0.12001477,0.08371346,0.04230317,0.02401253,0.7190647,0.0016891578,0.021668185,8.7611284E-4,0.76183647,0.023194173,null,null,null,null,"TWOGAUSSIANS",8,26.770401,0.7190647,0.0016891578,0.12134183,0.004906232,0.76184446,0.02342685,0.27722928,0.07164395,0.4,0.0,0.042262044,0.020147728
375316653866487564,4051581532380368256,0.56996816,2226.8757581456744,0.37507865981703303,8.684639E-5,16.005304,0.0025309504,0.22548795,0.009790889,0.037958965,0.008241752,0.24027131,0.038029775,0.7406491,0.07875312,0.03920079,0.00978187,0.18649752,0.12684849,null,null,null,null,"TWOGAUSSIANS",8,12.214124,0.22548795,0.009790889,0.21257019,0.046153814,0.24027131,0.038029775,0.7406491,0.07875312,0.21952441,0.05477847,0.18649752,0.12684849
375316653866487564,4051581674124046976,0.51063865,2288.617329311456,3.8162216504845947,2.627372E-5,19.463148,0.1363294,0.20384462,0.014961784,0.08323105,0.026477722,0.43784788,0.13079199,0.713557,0.073110566,0.08806963,0.105121665,0.35750306,1.0759131,null,null,null,null,"TWOGAUSSIANS",8,4.9336343,0.20384462,0.0149163995,0.4,0.0,0.42843175,0.06502271,0.713557,0.07311894,0.4,0.2418034,0.34808686,1.1104295
375316653866487564,4051581674241671040,0.6094545,2316.7820763127343,0.009249797224169156,2.8808032E-5,19.041569,0.43255907,0.2467348,0.028015213,0.078689605,0.07322992,0.40145987,0.4019282,0.7163308,0.008530242,0.08985455,0.06273117,0.41355923,0.41726038,null,null,null,null,"TWOGAUSSIANS",8,1.6594758,0.7163308,0.008530242,0.4,0.0,0.40780386,0.017924236,0.2467348,0.027883302,0.4,0.0,0.395705,0.018489106
375316653866487564,4051581807261122944,0.5583329,2290.4924184223983,2.3093992526717804,1.25039605E-5,17.494045,0.005861393,0.21999674,0.002712462,0.043106154,0.0053837583,0.12549652,0.015610069,null,null,null,null,null,null,0.12377915,0.008317717,0.21999674,0.002712462,"ONEGAUSSIAN_WITH_ELLIPSOIDAL",6,7.142067,0.21999674,0.002712462,0.24139448,0.030149046,0.3730548,0.009808137,null,null,null,null,null,null
375316653866487564,4051581811562983808,0.4623788,2277.1192238717845,0.09193255875691995,4.0584713E-5,19.20607,0.03294899,0.36413398,0.012390152,0.03251212,0.0142099,0.46198606,0.12307329,0.88351923,0.009136633,0.05292585,0.011072379,0.33670598,0.05488715,null,null,null,null,"TWOGAUSSIANS",8,3.548919,0.36413398,0.012390152,0.18206789,0.07957544,0.46198606,0.12307679,0.88351923,0.009136633,0.29638478,0.062005322,0.33670598,0.054886244
375316653866487564,4051581914741236864,0.49692532,2283.9257122494455,2.063982280503823,1.7916653E-5,17.72511,0.0047476175,0.32714745,0.002704847,0.008758386,0.0034496747,0.08466114,0.024211459,null,null,null,null,null,null,0.0610442,0.0081363525,0.32714745,0.002704847,"ONEGAUSSIAN_WITH_ELLIPSOIDAL",6,6.9684234,0.32714745,0.002704847,0.049046956,0.019318178,0.20674951,0.02172673,null,null,null,null,null,null
375316653866487564,4051582052081367168,0.47663444,2267.9960666644824,2.304434316376747,6.2408486E-5,18.742535,0.028326975,0.19933489,0.011100071,0.07077833,0.016071469,0.29908615,0.023629285,0.6871947,0.012039664,0.07359672,0.010054154,0.28058502,0.038971625,null,null,null,null,"TWOGAUSSIANS",8,15.923474,0.19933489,0.011100071,0.39635867,0.06032418,0.29801425,0.022632398,0.6871947,0.012039664,0.4,0.011405691,0.27951312,0.03707342
375316653866487564,4051582189520032000,0.44832328,2232.3993251274433,0.928909297551766,2.871921E-5,19.515272,0.007237028,0.2638465,0.007214059,0.055289056,0.010340591,0.28302655,0.083753094,0.81080914,0.016542066,0.078354634,0.010036961,0.18377303,0.024234712,null,null,null,null,"TWOGAUSSIANS",8,3.1850946,0.2638465,0.007214059,0.3096187,0.057907306,0.28292722,0.083908945,0.81080914,0.016542066,0.4,0.0,0.18367366,0.024221005
375316653866487564,4051582601845139712,0.5765343,2190.594779650802,2.197549079439832,1.5922624E-5,18.49254,0.022610633,0.28001392,0.004192428,0.08510722,0.007988905,0.4894039,0.033636816,0.7679445,0.0074511226,0.073872015,0.010458229,0.3799943,0.017352302,null,null,null,null,"TWOGAUSSIANS",8,4.851252,0.28001392,0.004192428,0.4,0.0,0.48455462,0.034096193,0.7679445,0.0074511226,0.4,0.0335437,0.37514505,0.018417576
375316653866487564,4051583082874715520,0.49071914,2290.4844925805946,1.1872507428292973,1.5830445E-4,19.387953,0.05201203,0.2693968,0.03126439,0.052915975,0.020605264,0.2190679,0.13390931,0.55916643,0.014930513,0.18876582,0.03840695,0.37109366,0.047765996,null,null,null,null,"TWOGAUSSIANS",8,4.3340764,0.55916643,0.014930513,0.4,0.0,0.34878382,0.022550685,0.2822768,0.044016596,0.29632947,0.11538948,0.3171552,0.13294578
375316653866487564,4051583186051640704,0.49420643,2226.6005924323053,2.27884410972038,4.5592667E-5,18.418123,0.0383969,0.28674495,0.007423113,0.049242362,0.007621473,0.45579398,0.073968194,0.81353754,0.037537605,0.08524884,0.032162745,0.30486876,0.050641987,null,null,null,null,"TWOGAUSSIANS",8,15.583948,0.28674495,0.007423113,0.27575722,0.042680252,0.45547876,0.07373555,0.81353754,0.037537605,0.4,0.08618996,0.30455348,0.050021384
375316653866487564,4051583254672623744,0.44105038,2297.704136705732,1.545354692935622,5.5151988E-5,19.19664,0.051806696,0.30664244,0.0087047955,0.11011662,0.03143983,0.20018657,0.046039555,0.88150847,0.050372127,0.105770506,0.0670643,0.070391305,0.06680211,null,null,null,null,"TWOGAUSSIANS",8,3.9904206,0.30659243,0.008597462,0.4,0.0,0.19342795,0.036343113,0.8821685,0.05101962,0.4,0.011009058,0.06372845,0.05944495
375316653866487564,4051583495199043712,0.5315658,2206.3258260785665,0.9384157774944746,8.816504E-5,18.554781,0.0038076348,0.66405344,0.027005004,0.03588015,0.008302898,0.7766421,0.4147823,null,null,null,null,null,null,null,null,null,null,"ONEGAUSSIAN",5,3.457399,0.66405344,0.027005004,0.20092884,0.04649623,0.7766421,0.0,null,null,null,null,null,null
375316653866487564,4051583598270747904,0.45036522,2242.402906738466,3.7048990701161237,5.2351872E-5,18.40266,0.0050288797,0.3116881,0.022155719,0.071866855,0.015259783,0.06649974,0.013798335,0.52358145,0.031092208,0.110761076,0.02181652,0.043900393,0.006783396,null,null,null,null,"TWOGAUSSIANS",8,1.8920574,0.3225781,0.02241664,0.4,0.060808234,0.07419044,0.014241418,0.52358145,0.031092208,0.4,0.0,0.044752102,0.0059552724
375316653866487564,4051583666999123456,0.4983691,2259.3723878617775,4.1572910321002015,2.8959674E-5,19.433123,0.0143160755,0.20875573,0.017297205,0.05285193,0.016623743,0.34799093,0.26347515,0.71555555,0.0048776274,0.026319593,0.004127223,0.5464734,0.10100458,null,null,null,null,"TWOGAUSSIANS",8,1.7768817,0.71555555,0.0048776274,0.14738972,0.023112448,0.5464734,0.101004586,0.20875573,0.017297205,0.2959708,0.09309296,0.34799093,0.26347515
375316653866487564,4051583770077448064,0.48036993,2238.2649228020477,3.5694482763764044,7.201293E-5,19.284618,0.03486844,0.25970417,0.03891538,0.104129106,0.034998093,0.23786445,0.092638,0.696568,0.008492152,0.02466426,0.018795775,0.27124938,1.1764112,null,null,null,null,"TWOGAUSSIANS",8,3.5918877,0.696568,0.008492152,0.13811986,0.10525634,0.27125734,1.1764193,0.25970417,0.03891538,0.4,0.0,0.23783648,0.09260652
375316653866487564,4051583873155223936,0.54143196,2245.6003284718568,3.005294266470668,2.4969233E-5,19.533762,0.019648766,0.23296985,0.008856095,0.06816701,0.009429981,0.50568557,0.11449948,0.73840624,0.010722949,0.07927324,0.009950971,0.6243069,0.025093317,null,null,null,null,"TWOGAUSSIANS",8,3.359959,0.73840624,0.010722949,0.4,0.0,0.6211365,0.023156492,0.23296985,0.008856095,0.38173524,0.042539462,0.50251514,0.11617394
375316653866487564,4051584045063921920,0.5183194,2232.256873003158,0.6348253944046861,4.4660803E-5,18.979004,0.004570097,0.2723161,0.017663503,0.06507181,0.008693156,0.14048491,0.0798796,0.7668449,0.03911546,0.049411763,0.016359752,0.50414735,2.5491822,null,null,null,null,"TWOGAUSSIANS",8,0.52963233,0.7668449,0.03911546,0.27670586,0.09161461,0.5041195,2.5492003,0.2723161,0.017663503,0.36440212,0.048681673,0.1404571,0.079881564
375316653866487564,4051584315525673728,0.5513314,2234.746232824852,2.8343377493283546,2.6274589E-5,16.783192,0.011325654,0.23910438,0.01070792,0.08669426,0.011583871,0.20657606,0.037322454,0.76995385,0.007251924,0.09275514,0.00833912,0.24028844,0.011512157,null,null,null,null,"TWOGAUSSIANS",8,13.854341,0.76995385,0.007251924,0.4,0.0,0.23467138,0.00858807,0.23910438,0.010706969,0.4,0.0,0.20095961,0.037819523
375316653866487564,4051584590399949440,0.5459531,2235.9508729748027,0.531853255612804,6.774328E-5,17.859858,0.0045854384,0.12481161,0.003706595,0.030195475,0.0015847787,0.4562255,0.061958253,0.631784,0.0046921787,0.045092843,0.0047223023,0.08983864,0.0047553433,null,null,null,null,"TWOGAUSSIANS",8,2.7195344,0.12481161,0.003706595,0.16909465,0.008874761,0.4562255,0.061958253,0.631784,0.0046921787,0.25251994,0.026444893,0.08983864,0.0047553433
375316653866487564,4051584938398716416,0.49257252,2236.483093798123,2.2079493460579,4.8401616E-5,18.277193,0.028692933,0.25446934,0.0070869722,0.094318435,0.010294033,0.348633,0.029711183,0.74196154,0.008493882,0.10314139,0.0119279325,0.3661076,0.03046945,null,null,null,null,"TWOGAUSSIANS",8,8.040126,0.74196154,0.008493882,0.4,0.0,0.3414928,0.019571574,0.25446934,0.0070846654,0.4,0.0,0.32402426,0.019321993
