Gaia/vari_eclipsing_binary/VariEclipsingBinary_475944-476062.csv
# %ECSV 1.0
# ---
# delimiter: ','
# meta: !!omap
# - RELEASE: Gaia DR3
# - TABLE: vari_eclipsing_binary
# - DESCRIPTION: >
#     This table describes the properties of the eclipsing binaries resulting from the variability analysis. 
# - CITATION: >
#     How to cite and acknowledge Gaia: 
#     https://gea.esac.esa.int/archive/documentation/credits.html 
# - KNOWN_ISSUES: >
#     Known issues: 
#     https://www.cosmos.esa.int/web/gaia-users/known-issues 
# - DOCUMENTATION: >
#     Tutorials and documentation: 
#     https://www.cosmos.esa.int/web/gaia-users/archive 
# datatype:
# - 
#   name: solution_id
#   datatype: int64
#   description: Solution Identifier
#   meta:
#     ucd: meta.version
# - 
#   name: source_id
#   datatype: int64
#   description: Unique source identifier
#   meta:
#     ucd: meta.id;meta.main
# - 
#   name: global_ranking
#   datatype: float32
#   description: Number between 0 (worst) and 1 (best)
#   meta:
#     ucd: stat.param
# - 
#   name: reference_time
#   datatype: float64
#   unit: d
#   description: Reference time used for the geometric model fit
#   meta:
#     ucd: time.epoch
# - 
#   name: frequency
#   datatype: float64
#   unit: d**-1
#   description: Frequency of geometric model of the eclipsing binary light curve
#   meta:
#     ucd: src.orbital
# - 
#   name: frequency_error
#   datatype: float32
#   unit: d**-1
#   description: "Uncertainty of \\texttt{frequency}"
#   meta:
#     ucd: stat.error
# - 
#   name: geom_model_reference_level
#   datatype: float32
#   unit: mag
#   description: Magnitude reference level of geometric model
#   meta:
#     ucd: phot.mag;em.opt
# - 
#   name: geom_model_reference_level_error
#   datatype: float32
#   unit: mag
#   description: "Uncertainty of \\texttt{geomModelReferenceLevel}"
#   meta:
#     ucd: stat.error;phot.mag;em.opt
# - 
#   name: geom_model_gaussian1_phase
#   datatype: float32
#   description: Phase of the Gaussian 1 component
#   meta:
#     ucd: time.phase
# - 
#   name: geom_model_gaussian1_phase_error
#   datatype: float32
#   description: "Uncertainty of \\texttt{geomModelGaussian1Phase}"
#   meta:
#     ucd: stat.error;time.phase
# - 
#   name: geom_model_gaussian1_sigma
#   datatype: float32
#   description: "Standard deviation [phase] of Gaussian 1 component"
#   meta:
#     ucd: stat.stdev
# - 
#   name: geom_model_gaussian1_sigma_error
#   datatype: float32
#   description: "Uncertainty of \\texttt{geomModelGaussian1Sigma}"
#   meta:
#     ucd: stat.error
# - 
#   name: geom_model_gaussian1_depth
#   datatype: float32
#   unit: mag
#   description: Magnitude depth of Gaussian 1 component
#   meta:
#     ucd: src.var.amplitude
# - 
#   name: geom_model_gaussian1_depth_error
#   datatype: float32
#   unit: mag
#   description: "Uncertainty of \\texttt{geomModelGaussian1Depth}"
#   meta:
#     ucd: stat.error;src.var.amplitude
# - 
#   name: geom_model_gaussian2_phase
#   datatype: float32
#   description: Phase of Gaussian 2 component
#   meta:
#     ucd: time.phase
# - 
#   name: geom_model_gaussian2_phase_error
#   datatype: float32
#   description: "Uncertainty of \\texttt{geomModelGaussian2Phase}"
#   meta:
#     ucd: stat.error;time.phase
# - 
#   name: geom_model_gaussian2_sigma
#   datatype: float32
[...]
#   datatype: float32
#   description: "Secondary eclipse: uncertainty of \\texttt{derivedSecondaryEclDuration}"
#   meta:
#     ucd: stat.error;time.duration
# - 
#   name: derived_secondary_ecl_depth
#   datatype: float32
#   unit: mag
#   description: "Secondary eclipse: depth"
#   meta:
#     ucd: src.var.amplitude
# - 
#   name: derived_secondary_ecl_depth_error
#   datatype: float32
#   unit: mag
#   description: "Secondary eclipse: uncertainty of \\texttt{derivedSecondaryEclDepth}"
#   meta:
#     ucd: stat.error;src.var.amplitude
solution_id,source_id,global_ranking,reference_time,frequency,frequency_error,geom_model_reference_level,geom_model_reference_level_error,geom_model_gaussian1_phase,geom_model_gaussian1_phase_error,geom_model_gaussian1_sigma,geom_model_gaussian1_sigma_error,geom_model_gaussian1_depth,geom_model_gaussian1_depth_error,geom_model_gaussian2_phase,geom_model_gaussian2_phase_error,geom_model_gaussian2_sigma,geom_model_gaussian2_sigma_error,geom_model_gaussian2_depth,geom_model_gaussian2_depth_error,geom_model_cosine_half_period_amplitude,geom_model_cosine_half_period_amplitude_error,geom_model_cosine_half_period_phase,geom_model_cosine_half_period_phase_error,model_type,num_model_parameters,reduced_chi2,derived_primary_ecl_phase,derived_primary_ecl_phase_error,derived_primary_ecl_duration,derived_primary_ecl_duration_error,derived_primary_ecl_depth,derived_primary_ecl_depth_error,derived_secondary_ecl_phase,derived_secondary_ecl_phase_error,derived_secondary_ecl_duration,derived_secondary_ecl_duration_error,derived_secondary_ecl_depth,derived_secondary_ecl_depth_error
[from data line 150]
375316653866487564,4186763085403101696,0.5054098,2248.391586901398,1.6742032190361982,1.4010905E-5,14.80753,8.3202287E-4,null,null,null,null,null,null,null,null,null,null,null,null,0.021287816,0.001461025,0.2728572,0.0046695466,"ELLIPSOIDAL",4,10.102221,null,null,null,null,null,null,null,null,null,null,null,null
375316653866487564,4186764257932309760,0.53334194,2258.048757237295,3.901295348801829,3.604807E-5,19.804642,0.02212738,0.27044672,0.008194417,0.07254588,0.010097388,0.3840215,0.02186132,0.7699245,0.02914176,0.07683295,0.020122534,0.29720137,0.07236783,null,null,null,null,"TWOGAUSSIANS",8,0.81000674,0.27044672,0.008194417,0.4,0.01830267,0.3815691,0.019933429,0.7699245,0.02914176,0.4,0.051200558,0.29474896,0.07125323
375316653866487564,4186765013848836864,0.46309355,2269.767875922169,0.2999627375049834,3.317534E-5,17.598526,0.02245179,0.3754781,0.020978581,0.13286768,0.037840057,0.08603882,0.022783395,0.79440004,0.014466717,0.10786869,0.021426007,0.09804362,0.019813377,null,null,null,null,"TWOGAUSSIANS",8,3.0266953,0.79440004,0.014466717,0.4,0.0,0.08882039,0.016399221,0.37586808,0.020943858,0.4,0.0,0.07626489,0.01740424
375316653866487564,4186766388238457984,0.4837779,2260.890530109627,3.1146579848654223,6.0415932E-5,14.871162,0.4322621,0.28773665,0.01065591,0.17094561,0.055580262,0.44633776,0.37103602,0.79070526,0.027720314,0.20177476,0.112021916,0.48493743,0.40929917,null,null,null,null,"TWOGAUSSIANS",8,110.958405,0.79179525,0.027513977,0.4,0.0,0.12278172,0.019657234,0.28597668,0.009950471,0.4,0.0,0.116821356,0.013747143
375316653866487564,4186769338878069632,0.52855814,2317.8647708274952,2.5733836394988012,5.763284E-5,19.381956,0.005689943,0.22400212,0.027813984,0.02288349,0.011504785,0.60847914,0.41076782,0.74386495,0.018183583,0.06280472,0.017605448,0.3163219,0.110914946,null,null,null,null,"TWOGAUSSIANS",8,6.1841283,0.22400212,0.027813984,0.12814754,0.0644268,0.60847914,0.41076708,0.74386495,0.018183583,0.35170645,0.098590516,0.3163219,0.110915
375316653866487564,4186770266588533120,0.5206803,2224.9877401981757,3.253259560905453,1.9796189E-5,19.084793,0.017096167,0.30276403,0.0074849515,0.0679056,0.009628469,0.40154,0.044350445,0.8035503,0.008678573,0.07551383,0.008372035,0.43850863,0.047651876,null,null,null,null,"TWOGAUSSIANS",8,4.3718967,0.8035503,0.008678573,0.4,0.0,0.43661696,0.047715817,0.30276403,0.0074849515,0.38027135,0.033613466,0.39964834,0.044780582
375316653866487564,4186770369667807488,0.46679965,2246.281345000801,2.208698622444272,5.5183904E-5,19.017948,0.00922162,0.7906738,0.0036134552,0.029621454,0.0022906638,0.17292945,0.029049084,0.5514573,0.014096863,0.11059086,0.030362546,0.1040725,0.009626372,null,null,null,null,"TWOGAUSSIANS",8,1.8464575,0.7896638,0.0028652106,0.16588014,0.012827718,0.18305165,0.018884603,0.5514573,0.014096863,0.4,0.0,0.10406492,0.009622946
375316653866487564,4186772607351182464,0.5123012,2236.8426987949506,2.521525855912882,5.3978558E-5,18.365648,0.0044956934,0.23128931,0.010041757,0.073190205,0.007104774,0.1686666,0.020745069,0.72522175,0.008359009,0.06511159,0.008144728,0.13811384,0.009812417,null,null,null,null,"TWOGAUSSIANS",8,2.6986568,0.23128931,0.010041757,0.4,0.015036537,0.16828726,0.020826828,0.72522175,0.008359009,0.3646249,0.045610476,0.1377345,0.009793569
375316653866487564,4186772676070680064,0.6393136,2201.4528359949404,1.5994721150676314,3.55016E-6,16.828175,0.005169981,0.18416387,9.518519E-4,0.08544691,0.0022335665,0.2809439,0.0037369775,0.68896073,0.0020188717,0.08915871,0.00477023,0.18138266,0.007645618,null,null,null,null,"TWOGAUSSIANS",8,1.4096622,0.18416387,9.518519E-4,0.4,0.0,0.2740915,0.0023031426,0.68896073,0.0020188717,0.4,0.0,0.17453024,0.008117388
375316653866487564,4186780574509921792,0.6165039,2220.1710493596156,3.088416444552017,9.4433335E-6,12.234656,0.010968339,0.23953423,0.0053261654,0.053457845,0.008383584,0.14288016,0.028530238,0.73016274,0.0038161827,0.05816698,0.00750812,0.116601825,0.022504462,0.04497188,0.013457811,0.23953423,0.0053261654,"TWOGAUSSIANS_WITH_ELLIPSOIDAL_ON_ECLIPSE1",9,163.62227,0.23953423,0.0053261654,0.29936394,0.04694807,0.23281512,0.014945145,0.73176277,0.0023316948,0.3257351,0.04204547,0.2062784,0.0055659693
375316653866487564,4186782292497060480,0.49786803,2194.836819262673,0.5085739452269828,1.8911105E-5,18.546003,0.0050689373,0.20603505,0.01388432,0.024563087,0.0106834425,0.21497004,0.14984433,0.53889453,0.0075453604,0.039996658,0.009409353,0.07762625,0.061465036,null,null,null,null,"TWOGAUSSIANS",8,1.7834382,0.20603505,0.01388432,0.13755329,0.05982728,0.21497004,0.14984433,0.53889453,0.0075453604,0.22398128,0.05269238,0.07762625,0.061465036
375316653866487564,4186784427101291776,0.5665434,2257.719049836397,0.17718740660802137,1.2487869E-5,16.813831,0.0110899815,0.3424767,0.0040598954,0.086399436,0.0070510893,0.3097657,0.027238771,0.86041343,0.0019162652,0.06922962,0.0037807499,0.31937107,0.016201634,null,null,null,null,"TWOGAUSSIANS",8,14.566217,0.86041343,0.0019162652,0.38768587,0.0211722,0.31691682,0.015622343,0.3424767,0.0040598954,0.4,0.0,0.3073114,0.027896909
375316653866487564,4186785011216850432,0.5661047,2220.902770721715,3.458395936647223,7.5012676E-6,18.383419,0.013185026,0.21581826,0.0031486196,0.07115233,0.0072582285,0.5518955,0.052709024,0.71327895,0.004717279,0.075643204,0.0056156465,0.48650944,0.026551606,null,null,null,null,"TWOGAUSSIANS",8,6.2661915,0.21581826,0.0031486196,0.39845306,0.01363258,0.54894835,0.05443086,0.71327895,0.004717279,0.4,0.0,0.4835623,0.02644162
375316653866487564,4186785079936568320,0.5521539,2232.9106617784405,3.47991350265477,2.1466756E-5,18.48917,0.016923813,0.23845367,0.0038978814,0.086890765,0.0077137738,0.32883275,0.03104643,0.7026235,0.06470058,0.07320701,0.048379667,0.28967634,0.38043875,null,null,null,null,"TWOGAUSSIANS",8,4.2829747,0.23845367,0.0038978814,0.4,0.0,0.326548,0.031566933,0.7026235,0.06470058,0.4,0.23616214,0.2873918,0.3837031
375316653866487564,4186787622557121152,0.5296892,2269.4853690582217,0.5405559744183299,4.4771016E-4,18.63463,0.005027453,0.34897444,0.013130915,0.04238925,0.01096524,0.7118033,0.92289007,null,null,null,null,null,null,0.010658502,0.008229226,0.34897444,0.013130915,"ONEGAUSSIAN_WITH_ELLIPSOIDAL",6,4.31714,0.34897444,0.013130915,0.23737982,0.061405346,0.7331203,0.9226103,null,null,null,null,null,null
375316653866487564,4186788339816626304,0.48629144,2237.3587172803113,0.253063132416454,1.5239506E-4,19.099928,0.010369079,0.20805217,0.032249987,0.048611518,0.025026614,0.16119549,0.06921781,0.73037916,0.015711943,0.07789744,0.021859111,0.15342137,0.025397992,null,null,null,null,"TWOGAUSSIANS",8,2.537949,0.20805217,0.032249987,0.27222452,0.14014904,0.16113509,0.06924062,0.73037916,0.015711943,0.4,0.0135046225,0.15336098,0.025591325
375316653866487564,4186788752134060160,0.5395388,2200.822541719315,3.8319104523021066,2.3586757E-5,19.440264,0.17114224,0.2748145,0.006552166,0.12571149,0.030215135,0.6685205,0.15342924,0.7857472,0.029207353,0.09849517,0.033672974,0.8296809,0.19336529,null,null,null,null,"TWOGAUSSIANS",8,3.2044418,0.7858072,0.029278306,0.4,0.029067138,0.7221042,0.10141414,0.2748145,0.006552435,0.4,0.0,0.5604299,0.0290103
375316653866487564,4186791436487881472,0.57342273,2198.0275522736533,0.4087729173079806,6.189855E-5,18.359703,0.004711923,0.49848452,5.593848E-4,0.016704056,7.132599E-4,0.5371584,0.0097528845,null,null,null,null,null,null,null,null,null,null,"ONEGAUSSIAN",5,4.02445,0.49848452,5.593848E-4,0.09354271,0.0039942553,0.5371584,0.0,null,null,null,null,null,null
375316653866487564,4186791745725570304,0.6385849,2248.286484325471,1.4676642782213587,6.749177E-6,14.676211,0.005447514,0.28253528,0.004180368,0.10218108,0.005903621,0.14853054,0.0068645757,0.779196,0.001755656,0.089743175,0.004146754,0.15867104,0.0052808826,null,null,null,null,"TWOGAUSSIANS",8,13.117468,0.779196,0.001755656,0.4,0.0,0.14886749,0.0034058702,0.28253528,0.004180368,0.4,0.0,0.13872516,0.004804451
375316653866487564,4186793047095832320,0.49578544,2207.1768812041796,2.6500918530025994,4.806028E-5,19.015114,0.023032852,0.20444924,0.018863853,0.07336441,0.013522247,0.30035526,0.04429843,0.7056673,0.009610908,0.07354617,0.018874787,0.3083054,0.04582053,null,null,null,null,"TWOGAUSSIANS",8,7.2996635,0.7056673,0.009610908,0.4,0.019345142,0.30649915,0.047341354,0.20444924,0.018863853,0.4,0.043801304,0.298549,0.04259655
375316653866487564,4186793154474821504,0.6024683,2222.261680316886,2.525268322498696,1.8927349E-5,17.614687,0.008626523,0.35370353,0.005908057,0.08181996,0.0055290265,0.44025728,0.017359432,0.8662564,0.0031850643,0.072370544,0.0050291056,0.21672833,0.008530878,null,null,null,null,"TWOGAUSSIANS",8,6.521763,0.35370353,0.005908057,0.4,0.0,0.4377557,0.01682613,0.8662564,0.0031850643,0.4,0.0072744666,0.21422678,0.007751125
375316653866487564,4186794833802383232,0.5569629,2187.2891816633596,4.116834828392813,1.2754497E-5,17.791668,0.0051926305,0.24165142,0.0058522895,0.07165308,0.008093076,0.1653665,0.009661485,0.7304761,0.0076536597,0.089978665,0.007909766,0.13910943,0.007606603,null,null,null,null,"TWOGAUSSIANS",8,2.674271,0.24165142,0.0058522895,0.4,0.018118577,0.16336173,0.009830112,0.7304761,0.0076536597,0.4,0.0,0.13710459,0.0070459973
375316653866487564,4186796036393161728,0.5255818,2208.9070603177042,1.6357499154778237,1.8695608E-5,17.249374,0.008882866,0.20579605,0.08081557,0.03525545,0.044280525,0.29354048,1187648.6,0.8678192,0.0038833416,0.047363807,0.004488638,0.2200196,0.011470959,null,null,null,null,"TWOGAUSSIANS",8,14.595281,0.20579605,0.08081557,0.19743052,0.24797094,0.29354048,1187648.6,0.8678192,0.0038833416,0.2652373,0.025136374,0.2200196,0.011470952
375316653866487564,4186799403647632640,0.56845295,2206.582399853112,3.2533431391970082,7.2938815E-6,19.027433,0.020077247,0.26217222,0.002258754,0.0801585,0.004003101,0.46534202,0.021659147,0.7726153,0.0049733026,0.093961805,0.010259207,0.41868287,0.017069964,null,null,null,null,"TWOGAUSSIANS",8,2.3746383,0.26217222,0.002258754,0.4,0.0,0.4534299,0.016567774,0.7726153,0.0049733026,0.4,0.0,0.40677008,0.020576391
375316653866487564,4186805798856129280,0.6919125,2215.10549657102,1.8936252781627192,2.9745077E-6,15.017467,0.008902526,0.25902763,0.0010173898,0.053401202,0.013316034,0.06640423,0.018558487,0.7616667,0.007575507,0.06912161,0.012295997,0.04302548,0.021268534,0.08298963,0.012477956,0.25902763,0.0010173898,"TWOGAUSSIANS_WITH_ELLIPSOIDAL_ON_ECLIPSE1",9,3.3782783,0.25902763,0.0010173898,0.29904673,0.07456979,0.23232792,0.006956491,0.7616667,0.0066255853,0.387081,0.05135567,0.20890354,0.005423066
375316653866487564,4186810398765563264,0.4796632,2195.3836762113706,0.08671465529890694,8.0317935E-5,19.681808,0.15083446,0.16963369,0.008529069,0.12921663,0.060496114,0.27698335,0.1369247,0.6629031,0.023023311,0.08489988,0.037316784,0.28733528,0.14793065,null,null,null,null,"TWOGAUSSIANS",8,2.2387986,0.6629031,0.02350194,0.4,0.0,0.25439155,0.037536964,0.16963369,0.008522534,0.4,0.0,0.24372317,0.0266895
375316653866487564,4186834381859297792,0.5177253,2141.246679893883,2.771061686635171,2.021886E-5,17.947882,0.016235415,0.23764914,0.006979753,0.077213615,0.009244616,0.25530884,0.017289754,0.75626814,0.01814082,0.08945216,0.016104471,0.21525387,0.021665953,null,null,null,null,"TWOGAUSSIANS",8,13.331846,0.23764914,0.006979753,0.4,0.0,0.25164527,0.015234598,0.75626814,0.01814082,0.4,0.0,0.2115902,0.019738356
375316653866487564,4186838028291354240,0.5177559,2215.5673001339874,3.598750284851563,1.3600283E-4,16.84435,0.22260895,0.28677705,0.009502448,0.14483984,0.059579886,0.24492912,0.21993084,0.7933812,0.0082592685,0.1267698,0.03785275,0.23371506,0.19722757,null,null,null,null,"TWOGAUSSIANS",8,16.85539,0.28667703,0.009336188,0.4,0.0,0.1611814,0.009701081,0.7936912,0.008143722,0.4,0.0,0.15104845,0.013669534
375316653866487564,4186838608106806272,0.44819432,2156.7141659593685,0.3525567270514228,1.0631384E-4,19.16411,0.021723205,0.33334458,0.07515951,0.0737873,0.04352535,0.43672505,0.36115044,0.79590183,0.01208688,0.07449565,0.012975559,0.3150218,0.050246123,null,null,null,null,"TWOGAUSSIANS",8,7.5000057,0.33334458,0.07515951,0.4,0.21365929,0.4356854,0.36151025,0.79590183,0.01208688,0.4,0.0066348608,0.31398216,0.050178096
375316653866487564,4186838715487516416,0.52584094,2196.594698956268,3.9858700998525416,3.2784726E-5,19.678219,0.018001912,0.28945732,0.0058891936,0.069216356,0.007255227,0.44401884,0.0314211,0.7779507,0.007932372,0.08179199,0.01237117,0.38148424,0.02333108,null,null,null,null,"TWOGAUSSIANS",8,2.595634,0.28945732,0.0058891936,0.38761157,0.03428461,0.44139323,0.031013312,0.7779507,0.007932372,0.4,0.0,0.37885863,0.023009973
375316653866487564,4186848404932456192,0.5765975,2213.187068532584,3.037959971222775,3.2459186E-5,16.200417,0.034084763,0.2777697,0.006291975,0.053953808,0.013231289,0.2926215,0.060328286,0.79375446,0.013317225,0.050896756,0.050740372,0.38500315,2.4912717E20,0.08318209,0.037909582,0.79375446,0.013317225,"TWOGAUSSIANS_WITH_ELLIPSOIDAL_ON_ECLIPSE2",9,65.86467,0.79375446,0.013317225,0.28502184,0.28414607,0.5513633,2.4912717E20,0.2796097,0.0045055095,0.3021413,0.07409522,0.45750093,0.025928453
375316653866487564,4186850737095729280,0.63026375,2211.0556171079097,3.587119348830905,1.0739913E-5,17.306347,0.009153476,0.24646999,0.00210939,0.07347142,0.0024363226,0.547731,0.023628991,0.74831504,0.0044652256,0.077292174,0.0048499904,0.5978815,0.019784618,null,null,null,null,"TWOGAUSSIANS",8,8.218002,0.74831504,0.0044652256,0.4,0.0,0.5933844,0.01965202,0.24646999,0.00210939,0.4,0.0,0.5432339,0.023530336
375316653866487564,4186852699899858304,0.46409374,2181.1645944961474,0.1673771710006803,7.2096096E-5,18.518389,0.012902704,0.15534003,0.0075108935,0.026389493,0.011190279,0.5332877,0.7790337,0.62364143,0.018693268,0.14197065,0.05862905,0.08434926,0.01262522,null,null,null,null,"TWOGAUSSIANS",8,2.6049647,0.15535003,0.007491205,0.14778115,0.06266557,0.5326023,0.779947,0.62364143,0.018693268,0.4,0.0,0.08322201,0.018370993
375316653866487564,4186854795839191552,0.47008926,2222.4113674460355,3.058969792589052,7.230111E-5,18.08938,0.009262579,0.18985641,0.020805601,0.09114838,0.026822774,0.056447133,0.009437151,0.7128037,0.013806246,0.06614154,0.015260583,0.090146825,0.012065348,null,null,null,null,"TWOGAUSSIANS",8,2.9456255,0.7128037,0.013806246,0.37039262,0.068509765,0.08961086,0.010809072,0.18985641,0.020805601,0.4,0.0,0.055911098,0.0072344644
375316653866487564,4186855070722272000,0.5607831,2226.4516837660512,2.7265164958983896,1.026391E-5,16.967108,0.010502093,0.22438851,0.003720751,0.105879925,0.009471958,0.13708141,0.0100649465,0.731055,0.0034181483,0.09876005,0.006644257,0.16104743,0.011138301,null,null,null,null,"TWOGAUSSIANS",8,2.0941625,0.731055,0.0034229013,0.4,0.0,0.14725254,0.006513417,0.22438851,0.003720751,0.4,0.0,0.12328335,0.0051140487
375316653866487564,4186856406452531584,0.5083542,2238.758472690845,1.3072123789602663,1.7238413E-5,19.362902,0.014004291,0.24676433,0.024952797,0.071482584,0.019218732,0.22167842,0.07685303,0.67991114,0.0047383,0.042032294,0.005175041,0.5044646,0.03494034,null,null,null,null,"TWOGAUSSIANS",8,4.9685163,0.67991114,0.0047383,0.23538084,0.02898023,0.5044624,0.034940843,0.24676433,0.024952797,0.4,0.064928904,0.2216762,0.07686196
