Gaia/vari_eclipsing_binary/VariEclipsingBinary_673073-673160.csv
# %ECSV 1.0
# ---
# delimiter: ','
# meta: !!omap
# - RELEASE: Gaia DR3
# - TABLE: vari_eclipsing_binary
# - DESCRIPTION: >
#     This table describes the properties of the eclipsing binaries resulting from the variability analysis. 
# - CITATION: >
#     How to cite and acknowledge Gaia: 
#     https://gea.esac.esa.int/archive/documentation/credits.html 
# - KNOWN_ISSUES: >
#     Known issues: 
#     https://www.cosmos.esa.int/web/gaia-users/known-issues 
# - DOCUMENTATION: >
#     Tutorials and documentation: 
#     https://www.cosmos.esa.int/web/gaia-users/archive 
# datatype:
# - 
#   name: solution_id
#   datatype: int64
#   description: Solution Identifier
#   meta:
#     ucd: meta.version
# - 
#   name: source_id
#   datatype: int64
#   description: Unique source identifier
#   meta:
#     ucd: meta.id;meta.main
# - 
#   name: global_ranking
#   datatype: float32
#   description: Number between 0 (worst) and 1 (best)
#   meta:
#     ucd: stat.param
# - 
#   name: reference_time
#   datatype: float64
#   unit: d
#   description: Reference time used for the geometric model fit
#   meta:
#     ucd: time.epoch
# - 
#   name: frequency
#   datatype: float64
#   unit: d**-1
#   description: Frequency of geometric model of the eclipsing binary light curve
#   meta:
#     ucd: src.orbital
# - 
#   name: frequency_error
#   datatype: float32
#   unit: d**-1
#   description: "Uncertainty of \\texttt{frequency}"
#   meta:
#     ucd: stat.error
# - 
#   name: geom_model_reference_level
#   datatype: float32
#   unit: mag
#   description: Magnitude reference level of geometric model
#   meta:
#     ucd: phot.mag;em.opt
# - 
#   name: geom_model_reference_level_error
#   datatype: float32
#   unit: mag
#   description: "Uncertainty of \\texttt{geomModelReferenceLevel}"
#   meta:
#     ucd: stat.error;phot.mag;em.opt
# - 
#   name: geom_model_gaussian1_phase
#   datatype: float32
#   description: Phase of the Gaussian 1 component
#   meta:
#     ucd: time.phase
# - 
#   name: geom_model_gaussian1_phase_error
#   datatype: float32
#   description: "Uncertainty of \\texttt{geomModelGaussian1Phase}"
#   meta:
#     ucd: stat.error;time.phase
# - 
#   name: geom_model_gaussian1_sigma
#   datatype: float32
#   description: "Standard deviation [phase] of Gaussian 1 component"
#   meta:
#     ucd: stat.stdev
# - 
#   name: geom_model_gaussian1_sigma_error
#   datatype: float32
#   description: "Uncertainty of \\texttt{geomModelGaussian1Sigma}"
#   meta:
#     ucd: stat.error
# - 
#   name: geom_model_gaussian1_depth
#   datatype: float32
#   unit: mag
#   description: Magnitude depth of Gaussian 1 component
#   meta:
#     ucd: src.var.amplitude
# - 
#   name: geom_model_gaussian1_depth_error
#   datatype: float32
#   unit: mag
#   description: "Uncertainty of \\texttt{geomModelGaussian1Depth}"
#   meta:
#     ucd: stat.error;src.var.amplitude
# - 
#   name: geom_model_gaussian2_phase
#   datatype: float32
#   description: Phase of Gaussian 2 component
#   meta:
#     ucd: time.phase
# - 
#   name: geom_model_gaussian2_phase_error
#   datatype: float32
#   description: "Uncertainty of \\texttt{geomModelGaussian2Phase}"
#   meta:
#     ucd: stat.error;time.phase
# - 
#   name: geom_model_gaussian2_sigma
#   datatype: float32
[...]
#   datatype: float32
#   description: "Secondary eclipse: uncertainty of \\texttt{derivedSecondaryEclDuration}"
#   meta:
#     ucd: stat.error;time.duration
# - 
#   name: derived_secondary_ecl_depth
#   datatype: float32
#   unit: mag
#   description: "Secondary eclipse: depth"
#   meta:
#     ucd: src.var.amplitude
# - 
#   name: derived_secondary_ecl_depth_error
#   datatype: float32
#   unit: mag
#   description: "Secondary eclipse: uncertainty of \\texttt{derivedSecondaryEclDepth}"
#   meta:
#     ucd: stat.error;src.var.amplitude
solution_id,source_id,global_ranking,reference_time,frequency,frequency_error,geom_model_reference_level,geom_model_reference_level_error,geom_model_gaussian1_phase,geom_model_gaussian1_phase_error,geom_model_gaussian1_sigma,geom_model_gaussian1_sigma_error,geom_model_gaussian1_depth,geom_model_gaussian1_depth_error,geom_model_gaussian2_phase,geom_model_gaussian2_phase_error,geom_model_gaussian2_sigma,geom_model_gaussian2_sigma_error,geom_model_gaussian2_depth,geom_model_gaussian2_depth_error,geom_model_cosine_half_period_amplitude,geom_model_cosine_half_period_amplitude_error,geom_model_cosine_half_period_phase,geom_model_cosine_half_period_phase_error,model_type,num_model_parameters,reduced_chi2,derived_primary_ecl_phase,derived_primary_ecl_phase_error,derived_primary_ecl_duration,derived_primary_ecl_duration_error,derived_primary_ecl_depth,derived_primary_ecl_depth_error,derived_secondary_ecl_phase,derived_secondary_ecl_phase_error,derived_secondary_ecl_duration,derived_secondary_ecl_duration_error,derived_secondary_ecl_depth,derived_secondary_ecl_depth_error
375316653866487564,5920414475378439424,0.50366426,2327.9316680066186,3.5102326758260136,1.6447033E-5,19.755318,0.011729813,0.27814296,0.0028186291,0.07783671,0.004848835,0.45836142,0.015809752,0.78010267,0.012451422,0.08406882,0.00984907,0.34231377,0.047892354,null,null,null,null,"TWOGAUSSIANS",8,2.1035428,0.27814296,0.0028186291,0.4,0.0,0.45193407,0.017275352,0.78010267,0.012451422,0.4,0.0,0.33588642,0.048590332
375316653866487564,5920415609259867008,0.62727773,2286.2878390136166,0.70643673570427,5.1458865E-5,14.071847,0.0014239543,0.16463016,0.008422003,0.030344697,0.011378697,0.0320669,0.013946894,0.6362626,0.0029338973,0.024756279,0.0012531114,0.3397839,0.011245732,0.006813338,0.0030258032,0.6362626,0.0029338973,"TWOGAUSSIANS_WITH_ELLIPSOIDAL_ON_ECLIPSE2",9,37.642754,0.6362626,0.0029338973,0.13863516,0.0070174243,0.35341057,0.011431633,0.16380015,0.008007205,0.1699303,0.0637207,0.045277685,0.014193239
375316653866487564,5920415815418324992,0.57300425,2299.8841874755644,3.2690917185378603,9.525294E-6,17.169664,0.061086394,0.29673064,0.002408599,0.052750614,0.01623946,0.30987096,0.120507106,0.79229176,0.0097202575,0.06984282,0.028202208,0.27996796,0.11755761,0.10068601,0.07282231,0.29673064,0.002408599,"TWOGAUSSIANS_WITH_ELLIPSOIDAL_ON_ECLIPSE1",9,21.501015,0.29673064,0.002408599,0.29540345,0.09094098,0.51088154,0.030481594,0.79325175,0.006812536,0.3911198,0.12757143,0.4808559,0.11258276
375316653866487564,5920420552760823936,0.49445263,2347.680812711237,0.1567261168549946,1.2324582E-5,18.607254,0.004495788,0.30443236,0.019780526,0.07281114,0.012129874,0.15781532,0.035895295,0.8237405,0.004174184,0.042277858,0.008761287,0.16656646,0.008813849,null,null,null,null,"TWOGAUSSIANS",8,2.385342,0.8237405,0.004174184,0.23675601,0.049063202,0.1665547,0.008816633,0.30443236,0.019780526,0.4,0.02233366,0.15780357,0.035895396
375316653866487564,5920421244257131520,0.45544183,2319.754008573002,0.15672716998667532,2.792598E-5,17.73763,0.0022189012,0.20732544,0.008313694,0.021834591,0.01440503,0.07073942,0.015437815,0.687485,0.012547767,0.08904464,0.012717583,0.056163438,0.007689354,null,null,null,null,"TWOGAUSSIANS",8,2.3024976,0.20732544,0.008313694,0.12227371,0.08066817,0.07073783,0.015454734,0.687485,0.012547767,0.4,0.0,0.056161825,0.007690631
375316653866487564,5920422408187096832,0.4381584,2326.8674595349144,2.5067012675103655,2.8424076E-5,18.422441,0.002951937,null,null,null,null,null,null,null,null,null,null,null,null,0.038227472,0.0047574593,0.26243418,0.008697719,"ELLIPSOIDAL",4,3.9377592,null,null,null,null,null,null,null,null,null,null,null,null
375316653866487564,5920422683063645440,0.49523988,2312.6076924573294,2.2780160332205277,4.3763044E-5,17.302567,0.21097611,0.27304494,0.014652764,0.15046535,0.13637115,0.09281982,0.20855984,0.7567409,0.00804545,0.11922513,0.036082808,0.12224875,0.13430516,null,null,null,null,"TWOGAUSSIANS",8,3.2282882,0.7567409,0.00804545,0.4,0.0,0.090095386,0.003591716,0.27322495,0.014315482,0.4,0.0,0.059922714,0.0068761786
375316653866487564,5920426462642245632,0.50668734,2290.7427989902308,2.024874917204472,1.7618318E-5,16.866299,0.23818444,0.26907977,0.007916208,0.121128894,0.15560976,0.1043711,0.22134583,0.76050377,0.0058925417,0.0964649,0.02800932,0.12986064,0.10746006,null,null,null,null,"TWOGAUSSIANS",8,5.7325864,0.76050377,0.0058925417,0.4,0.0,0.11510273,0.0054032705,0.26907977,0.0079101175,0.4,0.0,0.08957028,0.015989358
375316653866487564,5920430487016987264,0.43478537,2320.182759723599,2.2600756864015854,8.4293046E-5,19.878592,0.04753786,0.26215017,0.026737737,0.029399695,0.017825516,0.116104044,0.07155392,0.6094379,0.016859991,0.16802126,0.05286941,0.25594383,0.048377108,null,null,null,null,"TWOGAUSSIANS",8,5.7050834,0.6094379,0.016859991,0.4,0.0,0.24983087,0.050899558,0.26498017,0.031884775,0.1646383,0.09982289,0.14087853,0.07398478
375316653866487564,5920431758337121280,0.5211413,2247.845989275875,2.2920127005561217,4.709205E-5,17.583612,0.002408783,0.45760727,3.2384612E-4,0.008008119,4.8110445E-4,0.17412078,0.006184249,0.65828943,0.021649648,0.026288463,0.015832976,0.6857872,0.8501929,null,null,null,null,"TWOGAUSSIANS",8,2.9809167,0.65828943,0.021649648,0.1472154,0.08866466,0.6857872,0.8501929,0.45760727,3.2384612E-4,0.04484546,0.002694185,0.17412078,0.0061841877
375316653866487564,5920433025345195136,0.526303,2329.5589200591044,2.5333208604744453,1.4915995E-5,16.395182,0.019283246,0.26251447,0.0047839265,0.07654406,0.007525197,0.390593,0.01884395,0.76746243,0.005197098,0.07594925,0.006376599,0.39617988,0.020700535,null,null,null,null,"TWOGAUSSIANS",8,92.3451,0.76746243,0.005197098,0.4,0.0,0.3929072,0.018918118,0.26251447,0.0047839265,0.4,0.0,0.3873203,0.017874824
375316653866487564,5920433094064654464,0.46751574,2349.8123110403603,0.03716672408647311,4.4579614E-5,18.022055,0.0077333334,0.2892295,0.03284197,0.124310724,0.05186653,0.034680814,0.009897126,0.6917391,0.016529858,0.09527583,0.021893159,0.119444996,0.012089354,null,null,null,null,"TWOGAUSSIANS",8,4.697299,0.6917391,0.016529858,0.4,0.0,0.11684614,0.01088942,0.28954953,0.03257488,0.4,0.0,0.03191421,0.009597491
375316653866487564,5920435396167139456,0.59560317,2273.2957491632237,0.32443511733021124,4.9740484E-6,13.459787,0.0025390296,0.2133964,0.016313965,0.02983117,0.027920341,0.06605921,2.180372E24,0.728811,8.2338136E-4,0.027078265,6.700449E-4,0.5113756,0.011005328,0.014573458,0.0040033427,0.2133964,0.016313965,"TWOGAUSSIANS_WITH_ELLIPSOIDAL_ON_ECLIPSE1",9,69.053955,0.728811,8.2338136E-4,0.15163828,0.0037522516,0.54024994,0.008825676,0.2133964,0.016313965,0.16705455,0.1563539,0.09520612,2.180372E24
375316653866487564,5920436774859013632,0.46343932,2344.573317938037,0.6288812037524123,8.394729E-5,17.249758,0.006259157,0.69227755,0.022387227,0.015825257,0.011266728,0.40635487,0.48417395,0.88938075,0.011030375,0.049389392,0.009130517,0.09814381,0.0323274,0.0109167285,0.008078521,0.69227755,0.022387227,"TWOGAUSSIANS_WITH_ELLIPSOIDAL_ON_ECLIPSE1",9,39.402542,0.69227755,0.022386981,0.08862144,0.06309368,0.42822245,0.483524,0.88938075,0.011030375,0.2765806,0.051130895,0.10046807,0.032409053
375316653866487564,5920440172172060032,0.48008037,2284.995944488886,4.300137712580589,2.3770015E-5,19.431257,0.050169036,0.24324875,0.008945711,0.089071,0.016774444,0.33649293,0.04561298,0.7212012,0.00647041,0.10982918,0.027091185,0.3742922,0.06696252,null,null,null,null,"TWOGAUSSIANS",8,3.5620534,0.7212012,0.00647041,0.4,0.0,0.3516371,0.085230134,0.24326874,0.008962715,0.4,0.0,0.31387118,0.028447976
375316653866487564,5920441585222840576,0.5340024,2295.744610384217,2.5450160389878445,1.5429587E-5,15.995101,0.010606703,0.22337832,0.0054247403,0.08260887,0.008336771,0.30250865,0.015889544,0.722351,0.00983195,0.08197247,0.0106422175,0.26738986,0.017329387,null,null,null,null,"TWOGAUSSIANS",8,97.32411,0.22337832,0.0054247403,0.4,0.0,0.29698044,0.016548252,0.722351,0.00983195,0.4,0.0,0.26186165,0.016371867
375316653866487564,5920442341137325824,0.43959808,2320.177631504854,0.15685500848245879,5.4739154E-5,16.526443,0.0062075467,0.16315694,0.020369805,0.060692526,0.012621313,0.115145355,0.0099075185,0.573005,0.029203689,0.13414535,0.046013243,0.055341244,0.020797228,null,null,null,null,"TWOGAUSSIANS",8,4.840557,0.16353694,0.020128673,0.33987814,0.07067935,0.1143902,0.009658044,0.573005,0.029203689,0.4,0.0,0.05406032,0.021816319
375316653866487564,5920442439914260608,0.44566938,2304.1431583061003,1.3762320185008203,4.2144504E-5,18.266497,0.044242404,0.19567703,0.007236794,0.085621014,0.021373186,0.14028928,0.041256733,0.7251146,0.0178032,0.11706147,0.049697082,0.13266453,0.038154904,null,null,null,null,"TWOGAUSSIANS",8,8.203185,0.19561702,0.0071873586,0.4,0.0,0.13150649,0.01814148,0.7251146,0.017801967,0.4,0.0,0.12383584,0.021236347
375316653866487564,5920445261714921088,0.47185156,2317.8997383995356,2.843423013009626,3.0958807E-5,16.229925,0.08283992,0.1891733,0.014398346,0.10351246,0.060967002,0.13853753,0.07659549,0.6744271,0.008008649,0.11671323,0.037775557,0.17755648,0.07884182,null,null,null,null,"TWOGAUSSIANS",8,48.852547,0.6744271,0.008008649,0.4,0.0,0.15702868,0.014372562,0.18923329,0.014949564,0.4,0.0,0.11804873,0.012491143
375316653866487564,5920447044119316736,0.5027723,2297.2183991632387,1.4905585192243174,1.081246E-4,18.22165,0.005275369,0.427177,0.009738219,0.037627153,0.009688476,0.13300818,0.018246142,0.7011254,0.0058481386,0.03397608,0.00939026,0.71740854,0.16180804,null,null,null,null,"TWOGAUSSIANS",8,12.912321,0.7011254,0.0058481386,0.19026606,0.052585457,0.71740854,0.16180804,0.427177,0.009738219,0.21071206,0.054255467,0.13300818,0.018246142
375316653866487564,5920448972561569408,0.5681225,2334.5588480372157,3.205483657197688,2.0306054E-5,16.312073,0.021428347,0.24487358,0.0032929513,0.05982703,0.012247398,0.1281783,0.049942955,0.7452151,0.008699101,0.050476607,0.010428304,0.16610433,0.047033217,0.1317217,0.027173016,0.24487358,0.0032929513,"TWOGAUSSIANS_WITH_ELLIPSOIDAL_ON_ECLIPSE1",9,70.77912,0.7452151,0.007244569,0.28266898,0.0583985,0.4295247,0.018501803,0.24487358,0.0032929513,0.33503136,0.068585426,0.3915999,0.012871428
375316653866487564,5920450617531416704,0.4905694,2339.3545820928925,3.249427308695862,2.764023E-5,17.51816,0.017330704,0.21964067,0.00870661,0.07425122,0.00945319,0.13106121,0.020022433,0.7451624,0.00788978,0.10801644,0.019617114,0.13491432,0.015381728,null,null,null,null,"TWOGAUSSIANS",8,5.381605,0.7451624,0.00788978,0.4,0.0,0.13081732,0.012246567,0.21963067,0.008709839,0.4,0.012710128,0.1269739,0.016841058
375316653866487564,5920455290456695296,0.46142074,2291.3759776445368,4.075364184786093,3.109752E-5,19.546923,0.01817295,0.27032527,0.016854957,0.07402011,0.020809647,0.20959564,0.020987824,0.7683874,0.0064125485,0.07942805,0.011596901,0.2734745,0.047771227,null,null,null,null,"TWOGAUSSIANS",8,3.1013198,0.7683874,0.0064125485,0.4,0.0,0.27119246,0.04850543,0.27032527,0.016854957,0.4,0.019364545,0.20731358,0.017794793
375316653866487564,5920455771492271872,0.5254628,2307.5699448372357,2.3609235909768773,1.2916997E-5,15.091598,0.013988381,0.26158097,0.0069333576,0.06584749,0.0077479254,0.2921032,0.02454648,0.7511081,0.0035621433,0.08965002,0.0068779592,0.4798673,0.038761508,null,null,null,null,"TWOGAUSSIANS",8,324.4174,0.7511081,0.0035621433,0.4,0.0,0.47635671,0.04021769,0.26158097,0.0069333576,0.36874595,0.04338838,0.28859282,0.024378702
375316653866487564,5920457459422068864,0.46214256,2291.290699672001,1.0756626951422874,4.132172E-5,15.590507,0.0046636257,0.23183468,0.0080871675,0.009613088,0.0025057364,1.9597933,2.433733,0.76632893,0.017346572,0.019130116,0.01868725,0.14273323,1791654.2,0.0113507435,0.0066351513,0.23183468,0.0080871675,"TWOGAUSSIANS_WITH_ELLIPSOIDAL_ON_ECLIPSE1",9,207.75195,0.23183468,0.0080871675,0.053833295,0.014032125,1.9824947,2.4359088,0.76632893,0.017346572,0.10712866,0.104648605,0.16438493,1791654.2
375316653866487564,5920457665570522240,0.6086076,2305.112647408008,3.6614773930224382,4.987535E-6,18.389034,0.008633146,0.23261443,0.001694741,0.039725795,0.0036017299,0.2720253,0.027457502,0.7345676,0.0027731974,0.04527652,0.0032405246,0.37828863,0.028408496,0.15254235,0.016117116,0.23261443,0.001694741,"TWOGAUSSIANS_WITH_ELLIPSOIDAL_ON_ECLIPSE1",9,5.5090265,0.7345676,0.0027244075,0.2535485,0.018146938,0.68332714,0.019946298,0.23261443,0.001694741,0.22246446,0.020169688,0.5771097,0.022722485
375316653866487564,5920462407224482560,0.45986843,2339.4296534268624,0.6309816458513865,1.6801088E-4,17.453007,0.0018330776,0.3008542,0.006300853,0.011945617,0.0052053966,0.13790914,0.3218858,0.8033536,0.008852604,0.02322013,0.0071473313,0.06998842,0.008023349,null,null,null,null,"TWOGAUSSIANS",8,2.9059994,0.3008542,0.006300853,0.066895455,0.02915022,0.13790914,0.3218858,0.8033536,0.008852604,0.13003272,0.040025055,0.06998842,0.008023349
375316653866487564,5920465632738087168,0.5051994,2353.2515287325177,0.03714341022147902,2.9390425E-5,18.328485,0.02024155,0.12393043,0.014615993,0.1011971,0.029574186,0.04289043,0.02228505,0.56887335,0.010870472,0.097833656,0.02491305,0.17426583,0.017518051,null,null,null,null,"TWOGAUSSIANS",8,2.8137014,0.56887335,0.010870472,0.4,0.0,0.17090093,0.012332529,0.12399043,0.014376959,0.4,0.0,0.03952844,0.012566952
375316653866487564,5920466045055529216,0.5014743,2325.7930581368887,0.6938044374983016,1.0190803E-6,19.477537,0.0075425827,0.39314014,8.9894125E-4,0.0047247363,3.16879E-4,4.956311,2.5053403,0.773005,0.04391338,0.054848313,0.047241237,0.026994089,0.028838264,null,null,null,null,"TWOGAUSSIANS",8,2.8414292,0.39314014,8.9894125E-4,0.026458524,0.0017745225,4.956311,2.50534,0.773005,0.04391338,0.30715057,0.20748132,0.026994089,0.028838264
375316653866487564,5920466049349777920,0.52551854,2342.99925697648,1.387953614428078,1.6740285E-5,18.748535,0.0075679757,0.20858888,0.0029902933,0.03884655,0.0025193589,0.19264823,0.016368186,0.6743709,0.052044146,0.06126908,0.048147984,0.9358081,0.9041986,null,null,null,null,"TWOGAUSSIANS",8,2.3707612,0.6743709,0.052044146,0.34310684,0.06593777,0.93580747,0.90457267,0.20858888,0.0029902933,0.21754067,0.01410841,0.19264759,0.01631705
375316653866487564,5920466633472267136,0.46420714,2268.5735764387673,0.08578256222527299,3.646573E-5,16.440739,0.0028685287,0.37803772,0.0056471466,0.11101254,0.014440533,0.10501068,0.03485977,0.8072,0.010758727,0.04148878,0.006279277,0.17932938,0.005643515,null,null,null,null,"TWOGAUSSIANS",8,5.729063,0.8072,0.010758727,0.23233718,0.035163954,0.17919467,0.0056218468,0.37803772,0.0056471466,0.4,0.0,0.1048161,0.03503954
375316653866487564,5920467732984079744,0.49888825,2353.0495197883683,2.638970561770032,1.896827E-5,16.389015,0.022087958,0.21706913,0.010627058,0.07228385,0.014432585,0.27904317,0.028516294,0.72698045,0.012393522,0.07042359,0.01018343,0.30971164,0.040323302,null,null,null,null,"TWOGAUSSIANS",8,111.68576,0.72698045,0.012393522,0.39437208,0.035426915,0.30871928,0.039327737,0.21706913,0.010627058,0.4,0.01628061,0.27805078,0.028272334
375316653866487564,5920468214020435968,0.6079177,2331.5506177573006,2.2721507697856453,3.7330483E-6,14.2123575,0.013121446,0.17549717,9.838444E-4,0.0431021,0.0028223603,0.41893128,0.03249861,0.6741929,0.0014556226,0.04304998,0.0028001433,0.5473104,0.026188597,0.09143213,0.017404662,0.6741929,0.0014556226,"TWOGAUSSIANS_WITH_ELLIPSOIDAL_ON_ECLIPSE2",9,301.92514,0.6741929,0.0014556226,0.2410799,0.015680803,0.73017424,0.02109508,0.17541718,9.2104886E-4,0.24137177,0.015805217,0.6017836,0.023629041
375316653866487564,5920469446668212608,0.6031719,2337.168466210101,1.8187590733957666,1.0574263E-5,16.759527,0.013680859,0.20015877,0.0031439685,0.099430434,0.0073941615,0.23543462,0.013222184,0.70171696,0.0031031813,0.088685505,0.008636041,0.31007594,0.009674182,null,null,null,null,"TWOGAUSSIANS",8,4.5821176,0.70171696,0.0031031813,0.4,0.0,0.2948159,0.009492484,0.20015877,0.0031439685,0.4,0.0,0.22017314,0.007476132
375316653866487564,5920469725842023424,0.46803,2388.3260816251072,0.8455199718721412,5.657429E-6,16.737757,0.010974247,0.36605582,0.002883748,0.038902454,0.0028762775,0.3223877,0.0148006305,0.7600878,0.01776051,0.0337304,0.022176852,0.06705159,0.06396052,null,null,null,null,"TWOGAUSSIANS",8,3.7776442,0.36605582,0.002883748,0.21785375,0.016107153,0.3223877,0.0148006305,0.7600878,0.01776051,0.18889023,0.124190375,0.06705159,0.06396052
375316653866487564,5920469824625341440,0.49645263,2351.619761141907,4.085755788342087,2.0533045E-5,17.912453,0.003436284,null,null,null,null,null,null,null,null,null,null,null,null,0.07700682,0.0051498893,0.23102452,0.004843507,"ELLIPSOIDAL",4,8.617767,null,null,null,null,null,null,null,null,null,null,null,null
