Gaia/vari_eclipsing_binary/VariEclipsingBinary_346110-346273.csv
# %ECSV 1.0
# ---
# delimiter: ','
# meta: !!omap
# - RELEASE: Gaia DR3
# - TABLE: vari_eclipsing_binary
# - DESCRIPTION: >
#     This table describes the properties of the eclipsing binaries resulting from the variability analysis. 
# - CITATION: >
#     How to cite and acknowledge Gaia: 
#     https://gea.esac.esa.int/archive/documentation/credits.html 
# - KNOWN_ISSUES: >
#     Known issues: 
#     https://www.cosmos.esa.int/web/gaia-users/known-issues 
# - DOCUMENTATION: >
#     Tutorials and documentation: 
#     https://www.cosmos.esa.int/web/gaia-users/archive 
# datatype:
# - 
#   name: solution_id
#   datatype: int64
#   description: Solution Identifier
#   meta:
#     ucd: meta.version
# - 
#   name: source_id
#   datatype: int64
#   description: Unique source identifier
#   meta:
#     ucd: meta.id;meta.main
# - 
#   name: global_ranking
#   datatype: float32
#   description: Number between 0 (worst) and 1 (best)
#   meta:
#     ucd: stat.param
# - 
#   name: reference_time
#   datatype: float64
#   unit: d
#   description: Reference time used for the geometric model fit
#   meta:
#     ucd: time.epoch
# - 
#   name: frequency
#   datatype: float64
#   unit: d**-1
#   description: Frequency of geometric model of the eclipsing binary light curve
#   meta:
#     ucd: src.orbital
# - 
#   name: frequency_error
#   datatype: float32
#   unit: d**-1
#   description: "Uncertainty of \\texttt{frequency}"
#   meta:
#     ucd: stat.error
# - 
#   name: geom_model_reference_level
#   datatype: float32
#   unit: mag
#   description: Magnitude reference level of geometric model
#   meta:
#     ucd: phot.mag;em.opt
# - 
#   name: geom_model_reference_level_error
#   datatype: float32
#   unit: mag
#   description: "Uncertainty of \\texttt{geomModelReferenceLevel}"
#   meta:
#     ucd: stat.error;phot.mag;em.opt
# - 
#   name: geom_model_gaussian1_phase
#   datatype: float32
#   description: Phase of the Gaussian 1 component
#   meta:
#     ucd: time.phase
# - 
#   name: geom_model_gaussian1_phase_error
#   datatype: float32
#   description: "Uncertainty of \\texttt{geomModelGaussian1Phase}"
#   meta:
#     ucd: stat.error;time.phase
# - 
#   name: geom_model_gaussian1_sigma
#   datatype: float32
#   description: "Standard deviation [phase] of Gaussian 1 component"
#   meta:
#     ucd: stat.stdev
# - 
#   name: geom_model_gaussian1_sigma_error
#   datatype: float32
#   description: "Uncertainty of \\texttt{geomModelGaussian1Sigma}"
#   meta:
#     ucd: stat.error
# - 
#   name: geom_model_gaussian1_depth
#   datatype: float32
#   unit: mag
#   description: Magnitude depth of Gaussian 1 component
#   meta:
#     ucd: src.var.amplitude
# - 
#   name: geom_model_gaussian1_depth_error
#   datatype: float32
#   unit: mag
#   description: "Uncertainty of \\texttt{geomModelGaussian1Depth}"
#   meta:
#     ucd: stat.error;src.var.amplitude
# - 
#   name: geom_model_gaussian2_phase
#   datatype: float32
#   description: Phase of Gaussian 2 component
#   meta:
#     ucd: time.phase
# - 
#   name: geom_model_gaussian2_phase_error
#   datatype: float32
#   description: "Uncertainty of \\texttt{geomModelGaussian2Phase}"
#   meta:
#     ucd: stat.error;time.phase
# - 
#   name: geom_model_gaussian2_sigma
#   datatype: float32
[...]
#   datatype: float32
#   description: "Secondary eclipse: uncertainty of \\texttt{derivedSecondaryEclDuration}"
#   meta:
#     ucd: stat.error;time.duration
# - 
#   name: derived_secondary_ecl_depth
#   datatype: float32
#   unit: mag
#   description: "Secondary eclipse: depth"
#   meta:
#     ucd: src.var.amplitude
# - 
#   name: derived_secondary_ecl_depth_error
#   datatype: float32
#   unit: mag
#   description: "Secondary eclipse: uncertainty of \\texttt{derivedSecondaryEclDepth}"
#   meta:
#     ucd: stat.error;src.var.amplitude
solution_id,source_id,global_ranking,reference_time,frequency,frequency_error,geom_model_reference_level,geom_model_reference_level_error,geom_model_gaussian1_phase,geom_model_gaussian1_phase_error,geom_model_gaussian1_sigma,geom_model_gaussian1_sigma_error,geom_model_gaussian1_depth,geom_model_gaussian1_depth_error,geom_model_gaussian2_phase,geom_model_gaussian2_phase_error,geom_model_gaussian2_sigma,geom_model_gaussian2_sigma_error,geom_model_gaussian2_depth,geom_model_gaussian2_depth_error,geom_model_cosine_half_period_amplitude,geom_model_cosine_half_period_amplitude_error,geom_model_cosine_half_period_phase,geom_model_cosine_half_period_phase_error,model_type,num_model_parameters,reduced_chi2,derived_primary_ecl_phase,derived_primary_ecl_phase_error,derived_primary_ecl_duration,derived_primary_ecl_duration_error,derived_primary_ecl_depth,derived_primary_ecl_depth_error,derived_secondary_ecl_phase,derived_secondary_ecl_phase_error,derived_secondary_ecl_duration,derived_secondary_ecl_duration_error,derived_secondary_ecl_depth,derived_secondary_ecl_depth_error
[from data line 470]
375316653866487564,3045072787131502976,0.47957963,1975.6444651148265,2.9355101655517224,1.9768546E-5,19.554625,0.30071852,0.19213867,0.0067706327,0.11682216,0.04703407,0.24582021,0.2692371,0.6911261,0.0069393534,0.13350151,0.065987505,0.3042933,0.29300442,null,null,null,null,"TWOGAUSSIANS",8,2.0912013,0.6911261,0.0069393534,0.4,0.0,0.23019001,0.017815191,0.19215867,0.006919756,0.4,0.0,0.17221285,0.016034458
375316653866487564,3045072821497667200,0.59727645,2075.570101546406,0.007187020769623237,2.1749684E-5,15.624579,0.0010706964,0.1380829,0.005791139,0.024273695,0.0035997443,0.09123849,0.019187234,0.44462246,3.5028675E-6,0.011497291,1.5626782E-4,0.51489687,0.009180023,null,null,null,null,"TWOGAUSSIANS",8,5.866761,0.44462246,3.5028675E-6,0.064384826,8.750998E-4,0.51489687,0.009180023,0.1380829,0.005791139,0.1359327,0.020158568,0.09123849,0.019187234
375316653866487564,3045073130735285504,0.59742147,1960.585729966304,3.418570338771758,7.2108937E-6,19.008776,0.006082763,0.25459456,0.001539691,0.049319874,0.0029874123,0.36272237,0.026357614,0.74752307,0.002243454,0.046428677,0.0037799333,0.3163474,0.015286835,0.09244329,0.009388688,0.25459456,0.001539691,"TWOGAUSSIANS_WITH_ELLIPSOIDAL_ON_ECLIPSE1",9,1.8205508,0.25459456,0.001539691,0.2761913,0.01672951,0.54760754,0.026253482,0.74816304,0.002016258,0.2600006,0.021167627,0.5009008,0.007219968
375316653866487564,3045076051312788864,0.70376295,2018.8414116784174,1.7230067301631684,1.6285339E-6,15.41869,0.0021019098,0.23299809,6.720862E-4,0.051248092,0.00288381,0.06605808,0.005590463,0.7329798,3.722201E-4,0.05108855,7.758742E-4,0.5053343,0.009244967,0.08178635,0.0026272112,0.23299809,6.720862E-4,"TWOGAUSSIANS_WITH_ELLIPSOIDAL_ON_ECLIPSE1",9,6.865644,0.7329798,3.4740788E-4,0.2860959,0.0043448955,0.66890335,0.010298644,0.23299809,6.720862E-4,0.28698933,0.016149336,0.22962713,0.0028409353
375316653866487564,3045076081372246016,0.55382276,1985.0332162215707,1.6971987301536575,4.687995E-6,19.288645,0.0041871765,0.2867144,0.0024417837,0.03614458,0.0017607677,0.675377,0.060650803,0.7857999,0.001208992,0.03912882,0.0013499522,0.6309546,0.029143741,null,null,null,null,"TWOGAUSSIANS",8,3.1042647,0.2867144,0.0024417837,0.20240964,0.0098602995,0.675377,0.060650803,0.7857999,0.001208992,0.2191214,0.007559732,0.6309546,0.029143741
375316653866487564,3045077077804803328,0.55030006,1989.1221045500345,0.02179311937380091,1.2923142E-5,14.756837,0.0010233326,0.1326517,0.0071409703,0.026089668,0.0039221416,0.53531104,0.3217308,0.77380705,0.0061873854,0.071041875,0.0024949803,0.5754117,0.0047695525,null,null,null,null,"TWOGAUSSIANS",8,22.03406,0.77380705,0.0061873854,0.3978345,0.0056640888,0.5754117,0.0047695516,0.1326517,0.0071409703,0.14610215,0.021963993,0.5353127,0.3217313
375316653866487564,3045079349847510528,0.56685096,2016.850701447773,0.7054467303829609,4.840879E-6,15.943035,5.1087973E-4,0.24749105,0.0027171005,0.022157693,0.0025960968,0.06941411,0.0038809513,0.7525541,0.0012015859,0.022539359,0.0010448328,0.088422105,0.004993371,0.016020987,8.993747E-4,0.24749105,0.0027171005,"TWOGAUSSIANS_WITH_ELLIPSOIDAL_ON_ECLIPSE1",9,2.7058117,0.7525541,0.0012015859,0.1262204,0.005851063,0.12043166,0.0050153425,0.24749105,0.0027171005,0.12408308,0.014538142,0.10145608,0.0036004449
375316653866487564,3045079384207276032,0.5451168,2018.583266596439,1.2235715817397828,1.7739792E-5,18.410976,0.0041892654,0.06854564,0.009048597,0.0135117015,0.018641818,0.04557646,0.3695692,0.74234074,4.6947505E-4,0.023790667,8.705226E-4,0.50760967,0.015132339,null,null,null,null,"TWOGAUSSIANS",8,7.49732,0.74234074,4.6947505E-4,0.13322774,0.0048749265,0.50760967,0.015132339,0.06854564,0.009048597,0.075665526,0.10439418,0.04557646,0.3695692
375316653866487564,3045082991979769600,0.599669,2008.6462375821607,0.004940200512446232,1.8893605E-5,13.403976,0.001209791,0.20881067,1.0915977E-5,4.952453E-4,1.5571737E-5,0.40061527,0.00205976,0.45769203,0.042864595,0.009834779,0.023445237,0.004801956,1.81744108E12,7.4015046E-4,0.001377241,0.20881067,1.0915977E-5,"TWOGAUSSIANS_WITH_ELLIPSOIDAL_ON_ECLIPSE1",9,16.895567,0.20881067,1.0915977E-5,0.0027733734,8.7201726E-5,0.40209556,0.0022855524,0.45769203,0.042864595,0.055074763,0.13129333,0.0048020277,1.81744108E12
375316653866487564,3045083060699199616,0.55938274,1974.7437754770015,0.19619606301103268,6.0482284E-6,9.917922,0.005205663,0.3067279,0.0031647547,0.10720016,0.005348953,0.1662037,0.0055673933,0.8081013,0.002244854,0.091322005,0.0046277437,0.09062138,0.005479746,null,null,null,null,"TWOGAUSSIANS",8,51.076214,0.3067279,0.0031647547,0.4,0.0,0.15592179,0.0049561,0.8081013,0.002244854,0.4,0.0,0.08034571,0.0032999953
375316653866487564,3045083266857747840,0.58016104,1991.0018898602762,2.734155447924717,4.0498485E-6,17.318068,0.007013465,0.28603938,0.0012770904,0.08731838,0.003310686,0.27734646,0.006820926,0.7773322,0.002662558,0.09158024,0.0052986694,0.2837851,0.009829344,null,null,null,null,"TWOGAUSSIANS",8,5.764469,0.7773322,0.002662558,0.4,0.0,0.27393967,0.010857435,0.28603938,0.0012770904,0.4,0.0,0.2675012,0.005547298
375316653866487564,3045086492373087232,0.5426789,1965.6325208373107,3.6373002638608547,1.11276595E-5,19.16301,0.013772543,0.22863768,0.0038798857,0.08859212,0.005795123,0.35047963,0.018122358,0.737156,0.002528217,0.08147749,0.0050108973,0.34437197,0.012944113,null,null,null,null,"TWOGAUSSIANS",8,2.595729,0.22863768,0.0038798857,0.4,0.0,0.34253216,0.017325925,0.737156,0.002528217,0.4,0.0,0.3364246,0.010305502
375316653866487564,3045086732891259904,0.57236487,2001.6547262822648,0.41148421016686193,1.4967597E-5,17.477617,0.0040187803,0.20815597,0.009975276,0.015170601,0.0093597,0.45862162,1516.0997,0.7349006,5.0263025E-4,0.014293572,6.236787E-4,0.6610861,0.036355928,0.012049192,0.0058329375,0.20815597,0.009975276,"TWOGAUSSIANS_WITH_ELLIPSOIDAL_ON_ECLIPSE1",9,9.187135,0.7349006,5.0263025E-4,0.080044,0.0034926005,0.68451035,0.037115633,0.20815597,0.009975276,0.084955364,0.052414317,0.48271996,1516.1
375316653866487564,3045088214662232448,0.4939702,2047.9368490359195,1.6344272970694909,1.6168906E-5,14.604054,0.05688211,0.2955495,0.009402706,0.15985188,0.03661227,0.114878945,0.05513598,0.7597953,0.009843111,0.13368991,0.023431046,0.10915331,0.049875785,null,null,null,null,"TWOGAUSSIANS",8,16.227554,0.2968895,0.0077239904,0.4,0.0,0.072937116,0.0042615803,0.7597953,0.009843111,0.4,0.0,0.06902039,0.003618517
375316653866487564,3045088794475561600,0.44891536,1955.4354113694335,0.7651873241154641,4.6997397E-5,19.329472,0.024203671,0.2824434,0.011608824,0.013527173,0.009537429,0.60352373,1.0384673,0.47984764,0.05796939,0.03935415,0.022693604,0.12166905,0.3478217,0.10421558,0.041909747,0.2824434,0.011608824,"TWOGAUSSIANS_WITH_ELLIPSOIDAL_ON_ECLIPSE1",9,21.99602,0.2824434,0.011608824,0.07575217,0.0534096,0.8119539,1.0472361,0.47984764,0.05989603,0.22038324,0.12708418,0.14361371,0.33956623
375316653866487564,3045089073655750784,0.4681876,2011.0379753352333,0.4666015536036486,3.6666734E-5,18.595604,0.005651231,0.20226026,0.030442858,0.06578538,0.023159932,0.057817593,0.02478736,0.684507,0.0022941423,0.038401734,0.005225961,0.17148213,0.020037614,null,null,null,null,"TWOGAUSSIANS",8,3.6960826,0.684507,0.0022941423,0.21504971,0.029265381,0.17148142,0.020038066,0.20226026,0.030442858,0.36839813,0.12969562,0.057816878,0.024787946
375316653866487564,3045089417251253888,0.6618155,2011.9505387451024,0.4532309600510958,1.1011378E-5,15.6795,0.002412908,0.25855038,3.6132266E-4,0.028987044,0.0016984405,0.37678587,0.056913942,0.7595521,0.0017729519,0.032064978,0.0017461311,0.33903795,0.0062524057,0.01692559,0.0030251732,0.25855038,3.6132266E-4,"TWOGAUSSIANS_WITH_ELLIPSOIDAL_ON_ECLIPSE1",9,4.96419,0.25855038,3.6132266E-4,0.16232745,0.009511267,0.41063705,0.05898955,0.7595521,0.0017729519,0.17956387,0.009778334,0.3728878,0.003182232
375316653866487564,3045089932646835840,0.46116078,2003.1786950705389,0.2173290778819168,2.6818636E-5,16.534279,0.0042373403,0.23526776,0.004409901,0.0139462035,0.008934566,0.26907307,19.734146,0.7285656,0.007362562,0.023292437,0.0074888463,0.069624424,0.015075295,null,null,null,null,"TWOGAUSSIANS",8,17.107283,0.23526776,0.004409901,0.07809874,0.05003357,0.26907307,19.734146,0.7285656,0.007362562,0.13043766,0.04193754,0.069624424,0.015075295
375316653866487564,3045092475269636992,0.5286234,1998.0152770142022,3.6108791355948786,9.786909E-6,18.636444,0.013797913,0.27927104,0.006196763,0.082349874,0.007437071,0.3646685,0.038751785,0.75810975,0.003256965,0.06469873,0.0061831423,0.3634859,0.013238038,null,null,null,null,"TWOGAUSSIANS",8,6.3903427,0.27927104,0.006196763,0.4,0.0,0.36331537,0.038936254,0.75810975,0.003256965,0.3623129,0.034625597,0.36213282,0.01271397
375316653866487564,3045094601276964992,0.5231165,1974.0149075004547,1.6446413864236094,1.09487055E-5,16.388885,0.0011303908,0.4273165,0.08558373,0.028902076,0.083792314,0.009104053,0.4793169,0.6450982,0.00226237,0.021500897,0.0014678515,0.08851262,0.0062354943,null,null,null,null,"TWOGAUSSIANS",8,3.9203525,0.6450982,0.00226237,0.12040502,0.0082199685,0.08851262,0.0062466864,0.4273165,0.08558373,0.16185163,0.28348145,0.009104053,0.4793169
375316653866487564,3045095425905545600,0.53690374,2001.266276283238,2.7250308493895607,8.686531E-6,16.12454,0.016310772,0.2807907,0.002607401,0.09611118,0.0076498096,0.26423457,0.013976649,0.7897142,0.0034254992,0.09141876,0.0071351286,0.3049828,0.015192777,null,null,null,null,"TWOGAUSSIANS",8,43.092323,0.7897142,0.0034254992,0.4,0.0,0.29073805,0.011895589,0.2807907,0.002607401,0.4,0.0,0.24998924,0.009424245
375316653866487564,3045097968526242560,0.53221244,2015.4474816826794,0.5251364953861128,2.0573054E-5,17.799482,0.0051688007,0.27197537,0.015423327,0.010574008,0.011920057,1.1446211,1.353864,0.78244984,0.0039406125,0.0107938005,0.004767644,0.20570447,0.089264646,null,null,null,null,"TWOGAUSSIANS",8,8.263866,0.27197537,0.015423327,0.059214443,0.06675232,1.1446211,1.353864,0.78244984,0.0039406125,0.060445283,0.02669881,0.20570447,0.089264646
375316653866487564,3045098660020661248,0.53752834,2000.2359291200185,3.2771730943149575,1.6542035E-5,18.699154,0.011803264,0.25444517,0.0038881025,0.086950585,0.006476016,0.4045865,0.02187597,0.76538575,0.002730615,0.085255206,0.004518968,0.3315125,0.012274794,null,null,null,null,"TWOGAUSSIANS",8,3.6519744,0.25444517,0.0038881025,0.4,0.0,0.3956048,0.02294114,0.76538575,0.002730615,0.4,0.0,0.32253084,0.010238627
375316653866487564,3045102439583902848,0.5578618,1986.6077761677166,3.425883074440922,5.2771734E-6,19.63794,0.00868551,0.21264243,0.0019064493,0.07175897,0.003013686,0.52947843,0.023007913,0.7170531,0.0017244801,0.06986646,0.002466197,0.52495456,0.011316254,null,null,null,null,"TWOGAUSSIANS",8,1.4374603,0.21264243,0.0019064493,0.4,0.0070381416,0.5276223,0.023238223,0.7170531,0.0017244801,0.3912522,0.013810703,0.52309835,0.011192187
375316653866487564,3045103229867248256,0.66577196,2004.2349026315078,0.9071723265859951,4.8383463E-6,15.757629,0.0015497685,0.25163212,0.0011415766,0.029467262,8.6009083E-4,0.4672191,0.012563194,0.75142866,9.701013E-4,0.029254718,8.478704E-4,0.47156325,0.019734113,0.015152449,0.002288839,0.25163212,0.0011415766,"TWOGAUSSIANS_WITH_ELLIPSOIDAL_ON_ECLIPSE1",9,5.514934,0.75142866,9.70337E-4,0.16382642,0.0047480743,0.50186807,0.02018229,0.25163212,0.0011415766,0.16501667,0.004816509,0.497524,0.013088561
375316653866487564,3045105321507409664,0.5576586,1984.9790336926899,1.7192877429976317,5.571435E-6,18.015461,0.0029079057,0.13903767,0.0013761471,0.05373313,0.0021136948,0.24729419,0.012884395,0.63040894,0.003389397,0.0573658,0.0053314697,0.11603551,0.013232055,null,null,null,null,"TWOGAUSSIANS",8,2.4265726,0.13903767,0.0013761471,0.30090553,0.011836691,0.24728483,0.012887798,0.63040894,0.003389397,0.32124847,0.029856231,0.116026156,0.013240895
375316653866487564,3045107181237073792,0.5280833,1966.2876223365276,4.325457268655415,8.480396E-6,19.494148,0.016554568,0.27613062,0.0049265586,0.08264438,0.011672093,0.38722003,0.022060433,0.7747965,0.004145618,0.070368834,0.0041930103,0.45842326,0.024291916,null,null,null,null,"TWOGAUSSIANS",8,2.7501674,0.7747965,0.004145618,0.39406544,0.022829374,0.45453525,0.022640519,0.27613062,0.0049265586,0.4,0.0,0.38333198,0.023361916
375316653866487564,3045107627913757184,0.47359294,1988.7661212315445,0.7497924709409969,6.37648E-5,16.599798,0.0011931296,0.17300352,0.0133682415,0.06582263,0.00984183,0.014102966,0.0019469789,0.6710149,0.002456891,0.038573306,0.0039183884,0.081133954,0.0051917564,null,null,null,null,"TWOGAUSSIANS",8,3.260355,0.6710149,0.002456891,0.21601051,0.021942975,0.08113348,0.0051923306,0.17300352,0.0133682415,0.36860675,0.055114243,0.014102482,0.0019468135
375316653866487564,3045108723121608832,0.52832365,1939.0550124939439,2.726203648533611,2.1551281E-5,19.56824,0.009661311,0.18348296,0.0032475882,0.06479483,0.0034000573,0.32463917,0.020240495,0.66806304,0.0046548825,0.060546808,0.0068360395,0.8207151,0.06166663,null,null,null,null,"TWOGAUSSIANS",8,5.620197,0.66806304,0.0046548825,0.33906212,0.03828182,0.82050055,0.061810058,0.18348296,0.0032475882,0.36285108,0.01904032,0.3244246,0.020198729
375316653866487564,3045108757481354624,0.515522,1965.0823471995168,3.4297185184639494,9.887894E-6,18.113253,0.054330304,0.17366683,0.0070572067,0.12270193,0.014479375,0.24440713,0.050999008,0.63862604,0.0044885157,0.13877526,0.024526916,0.214017,0.050409887,null,null,null,null,"TWOGAUSSIANS",8,3.142473,0.17464684,0.0059980797,0.4,0.0,0.18942256,0.009122994,0.63862604,0.0044885157,0.4,0.0,0.15832129,0.008085016
375316653866487564,3045108894920362368,0.4977181,1956.4702996926794,0.8989923002475894,2.9914843E-5,18.785526,0.005136934,0.36645272,0.004079868,0.015074912,0.0022432988,0.5615355,0.3787881,0.47809604,0.012044322,0.027998699,0.017949596,0.065083295,5.490344,null,null,null,null,"TWOGAUSSIANS",8,4.0548368,0.36645272,0.0040801927,0.08441951,0.012562473,0.5615584,0.37876776,0.47809604,0.012044322,0.15679272,0.10051774,0.065083295,5.490344
375316653866487564,3045109925712558848,0.53989595,1979.6524166071808,0.45313410209092436,3.136801E-5,16.26471,5.469414E-4,0.19677758,2.2604308E-4,0.0018081875,2.4110575E-4,0.03369029,0.010672867,0.8006087,0.0066898637,0.03430312,0.0046491255,0.17385383,0.05413475,null,null,null,null,"TWOGAUSSIANS",8,2.6866508,0.8006087,0.0066898637,0.19209749,0.026035102,0.17385383,0.05413475,0.19677758,2.2604308E-4,0.010125849,0.0013501922,0.03369029,0.010672867
375316653866487564,3045112506996267648,0.5761946,1968.3749238388566,0.2676230944310362,9.295331E-6,13.941628,0.0035336288,0.23853958,0.0051450427,0.03622541,0.0055944617,0.239329,0.105074145,0.74276614,0.0016016755,0.03579879,0.0051130494,0.06856706,0.0075343447,0.04445596,0.004654458,0.74276614,0.0016016755,"TWOGAUSSIANS_WITH_ELLIPSOIDAL_ON_ECLIPSE2",9,61.052036,0.23869959,0.004934193,0.20286229,0.031328987,0.32818037,0.109060004,0.74276614,0.0016016755,0.20047323,0.028633077,0.1574788,0.003321975
375316653866487564,3045113469068881280,0.5922116,1977.3329297887783,0.16939593272070366,1.1710246E-5,16.574379,0.0011821974,0.2236515,6.83499E-4,0.013345857,6.446237E-4,0.2851137,0.004597276,0.72281045,0.0041491,0.017532518,0.0018180934,0.18338203,0.01805555,null,null,null,null,"TWOGAUSSIANS",8,5.058145,0.2236515,6.83499E-4,0.074736804,0.003609893,0.2851137,0.004597276,0.72281045,0.0041491,0.098182105,0.010181323,0.18338203,0.01805555
