Gaia/vari_eclipsing_binary/VariEclipsingBinary_490350-490376.csv
# %ECSV 1.0
# ---
# delimiter: ','
# meta: !!omap
# - RELEASE: Gaia DR3
# - TABLE: vari_eclipsing_binary
# - DESCRIPTION: >
#     This table describes the properties of the eclipsing binaries resulting from the variability analysis. 
# - CITATION: >
#     How to cite and acknowledge Gaia: 
#     https://gea.esac.esa.int/archive/documentation/credits.html 
# - KNOWN_ISSUES: >
#     Known issues: 
#     https://www.cosmos.esa.int/web/gaia-users/known-issues 
# - DOCUMENTATION: >
#     Tutorials and documentation: 
#     https://www.cosmos.esa.int/web/gaia-users/archive 
# datatype:
# - 
#   name: solution_id
#   datatype: int64
#   description: Solution Identifier
#   meta:
#     ucd: meta.version
# - 
#   name: source_id
#   datatype: int64
#   description: Unique source identifier
#   meta:
#     ucd: meta.id;meta.main
# - 
#   name: global_ranking
#   datatype: float32
#   description: Number between 0 (worst) and 1 (best)
#   meta:
#     ucd: stat.param
# - 
#   name: reference_time
#   datatype: float64
#   unit: d
#   description: Reference time used for the geometric model fit
#   meta:
#     ucd: time.epoch
# - 
#   name: frequency
#   datatype: float64
#   unit: d**-1
#   description: Frequency of geometric model of the eclipsing binary light curve
#   meta:
#     ucd: src.orbital
# - 
#   name: frequency_error
#   datatype: float32
#   unit: d**-1
#   description: "Uncertainty of \\texttt{frequency}"
#   meta:
#     ucd: stat.error
# - 
#   name: geom_model_reference_level
#   datatype: float32
#   unit: mag
#   description: Magnitude reference level of geometric model
#   meta:
#     ucd: phot.mag;em.opt
# - 
#   name: geom_model_reference_level_error
#   datatype: float32
#   unit: mag
#   description: "Uncertainty of \\texttt{geomModelReferenceLevel}"
#   meta:
#     ucd: stat.error;phot.mag;em.opt
# - 
#   name: geom_model_gaussian1_phase
#   datatype: float32
#   description: Phase of the Gaussian 1 component
#   meta:
#     ucd: time.phase
# - 
#   name: geom_model_gaussian1_phase_error
#   datatype: float32
#   description: "Uncertainty of \\texttt{geomModelGaussian1Phase}"
#   meta:
#     ucd: stat.error;time.phase
# - 
#   name: geom_model_gaussian1_sigma
#   datatype: float32
#   description: "Standard deviation [phase] of Gaussian 1 component"
#   meta:
#     ucd: stat.stdev
# - 
#   name: geom_model_gaussian1_sigma_error
#   datatype: float32
#   description: "Uncertainty of \\texttt{geomModelGaussian1Sigma}"
#   meta:
#     ucd: stat.error
# - 
#   name: geom_model_gaussian1_depth
#   datatype: float32
#   unit: mag
#   description: Magnitude depth of Gaussian 1 component
#   meta:
#     ucd: src.var.amplitude
# - 
#   name: geom_model_gaussian1_depth_error
#   datatype: float32
#   unit: mag
#   description: "Uncertainty of \\texttt{geomModelGaussian1Depth}"
#   meta:
#     ucd: stat.error;src.var.amplitude
# - 
#   name: geom_model_gaussian2_phase
#   datatype: float32
#   description: Phase of Gaussian 2 component
#   meta:
#     ucd: time.phase
# - 
#   name: geom_model_gaussian2_phase_error
#   datatype: float32
#   description: "Uncertainty of \\texttt{geomModelGaussian2Phase}"
#   meta:
#     ucd: stat.error;time.phase
# - 
#   name: geom_model_gaussian2_sigma
#   datatype: float32
[...]
#   datatype: float32
#   description: "Secondary eclipse: uncertainty of \\texttt{derivedSecondaryEclDuration}"
#   meta:
#     ucd: stat.error;time.duration
# - 
#   name: derived_secondary_ecl_depth
#   datatype: float32
#   unit: mag
#   description: "Secondary eclipse: depth"
#   meta:
#     ucd: src.var.amplitude
# - 
#   name: derived_secondary_ecl_depth_error
#   datatype: float32
#   unit: mag
#   description: "Secondary eclipse: uncertainty of \\texttt{derivedSecondaryEclDepth}"
#   meta:
#     ucd: stat.error;src.var.amplitude
solution_id,source_id,global_ranking,reference_time,frequency,frequency_error,geom_model_reference_level,geom_model_reference_level_error,geom_model_gaussian1_phase,geom_model_gaussian1_phase_error,geom_model_gaussian1_sigma,geom_model_gaussian1_sigma_error,geom_model_gaussian1_depth,geom_model_gaussian1_depth_error,geom_model_gaussian2_phase,geom_model_gaussian2_phase_error,geom_model_gaussian2_sigma,geom_model_gaussian2_sigma_error,geom_model_gaussian2_depth,geom_model_gaussian2_depth_error,geom_model_cosine_half_period_amplitude,geom_model_cosine_half_period_amplitude_error,geom_model_cosine_half_period_phase,geom_model_cosine_half_period_phase_error,model_type,num_model_parameters,reduced_chi2,derived_primary_ecl_phase,derived_primary_ecl_phase_error,derived_primary_ecl_duration,derived_primary_ecl_duration_error,derived_primary_ecl_depth,derived_primary_ecl_depth_error,derived_secondary_ecl_phase,derived_secondary_ecl_phase_error,derived_secondary_ecl_duration,derived_secondary_ecl_duration_error,derived_secondary_ecl_depth,derived_secondary_ecl_depth_error
375316653866487564,4313164423945608576,0.44811732,2224.905998121311,1.7096036489104736,1.8036762E-5,19.49022,0.0094886515,0.43415457,5.749422E-4,0.01301297,0.0020505986,0.7999323,0.26896498,0.64059454,0.003021208,0.05198148,0.0069858013,0.14592248,0.025965419,0.001139218,0.0203925,0.64059454,0.003021208,"TWOGAUSSIANS_WITH_ELLIPSOIDAL_ON_ECLIPSE2",9,3.527184,0.43415457,5.445558E-4,0.07287263,0.011483352,0.80015224,0.26725256,0.64059454,0.003021208,0.29109627,0.039120488,0.14819956,0.030634271
375316653866487564,4313164630104214272,0.55275434,2181.539391454087,2.3965658012701083,1.750358E-5,18.699986,0.01524852,0.30936098,0.0035433625,0.068084076,0.0058604195,0.4904097,0.017926268,0.8202296,0.019075245,0.07760539,0.011303488,0.45890027,0.048284642,null,null,null,null,"TWOGAUSSIANS",8,5.7460833,0.30936098,0.0035433625,0.38127083,0.030736683,0.48839083,0.016887594,0.8202296,0.019075245,0.4,0.0,0.4568814,0.049852386
375316653866487564,4313165351678220160,0.5123109,2221.591651464813,0.40816253741875586,1.4429633E-4,15.972365,0.032038294,0.24542266,0.013262652,0.12386251,0.08879821,0.031930923,0.03135344,0.7386011,0.024579968,0.057798594,0.037070267,0.08733095,0.026887814,null,null,null,null,"TWOGAUSSIANS",8,5.762736,0.7386011,0.024658302,0.32367212,0.1243933,0.08574682,0.013673791,0.24542266,0.013262652,0.4,0.0,0.030327879,0.003818727
375316653866487564,4313165484755296640,0.59323496,2209.8625937966954,1.0824020479483083,1.3253653E-5,17.701529,0.02163872,0.1993321,0.0044032466,0.11081082,0.014222597,0.18037507,0.01970475,0.69352585,0.0077315164,0.08733145,0.0127227325,0.33265126,0.020513028,null,null,null,null,"TWOGAUSSIANS",8,2.91317,0.69352585,0.0077315164,0.4,0.0,0.3149061,0.020150699,0.1993321,0.0044032466,0.4,0.0,0.1626159,0.0083241025
375316653866487564,4313165798336136832,0.4965877,2200.550804148857,0.1837342035947409,9.046622E-5,19.736122,0.013923491,0.18985084,0.021562641,0.022065725,0.01834389,0.27550873,1.1442926,0.58906174,0.024013523,0.15017685,0.0328429,0.20110822,0.022930223,null,null,null,null,"TWOGAUSSIANS",8,1.2621672,0.19003084,0.021389348,0.12356806,0.10272579,0.27987775,1.1467259,0.58906174,0.024013523,0.4,0.0,0.19952606,0.023638947
375316653866487564,4313166004494120192,0.44910425,2233.260070115786,1.8691864685016688,2.5578724E-5,18.81368,0.08623386,0.22654465,0.004887131,0.07700573,0.015242229,0.42127284,0.086557664,0.6856866,0.028035343,0.094836034,0.04225588,0.17431268,0.0905553,null,null,null,null,"TWOGAUSSIANS",8,11.987884,0.22654465,0.004865176,0.4,0.0108824605,0.41769692,0.07056274,0.6856866,0.028035343,0.4,0.0,0.17073534,0.074079305
375316653866487564,4313166519909279104,0.6432371,2151.322201286971,1.4230917239818157,1.3665274E-4,17.693703,0.0036394638,0.23449561,0.0029619937,0.017862596,0.0038863062,0.026692249,0.0072634644,0.570776,0.044341214,0.06922718,0.020832947,0.46891022,0.110741414,null,null,null,null,"TWOGAUSSIANS",8,1.9298989,0.570776,0.044341214,0.38767222,0.1166645,0.46891022,0.110741414,0.23449561,0.002961439,0.100030534,0.021763315,0.026695773,0.007267164
375316653866487564,4313166794787239552,0.7160003,2248.8432629493327,0.793874890092476,2.5732727E-6,15.813988,0.001391206,0.5379448,4.908718E-4,0.03596162,4.675137E-4,0.5147124,0.005178217,null,null,null,null,null,null,null,null,null,null,"ONEGAUSSIAN",5,4.9316473,0.5379448,4.908718E-4,0.20138507,0.0026180767,0.5147124,0.0,null,null,null,null,null,null
375316653866487564,4313167069665099776,0.57692087,2187.0855637221252,3.1246115061063993,2.612837E-5,16.409159,0.01728689,0.2439505,0.007142464,0.08795994,0.008362559,0.5369654,0.02744084,0.76060456,0.0034465464,0.06525037,0.0039665946,0.4378877,0.017888054,null,null,null,null,"TWOGAUSSIANS",8,56.73542,0.2439505,0.007142464,0.4,0.0,0.533661,0.02673507,0.76060456,0.0034465464,0.36540207,0.02221293,0.43458343,0.01601798
375316653866487564,4313168027375382528,0.54865307,2224.920837112897,2.329467518320097,1.7694429E-5,17.69161,0.02970055,0.2203197,0.0039031308,0.078404255,0.009254972,0.47018623,0.04568852,0.728093,0.009129176,0.09556714,0.010782125,0.44779196,0.039638106,null,null,null,null,"TWOGAUSSIANS",8,16.325304,0.2203197,0.0039031308,0.4,0.0,0.4573269,0.049546096,0.728093,0.009129176,0.4,0.0,0.43493152,0.036257304
375316653866487564,4313168478414521472,0.5536894,2163.7872061693015,3.447955506128362,1.664115E-5,18.957016,0.012469828,0.26050058,0.0037342885,0.06665263,0.007968722,0.68347424,0.06393292,0.7588959,0.016669238,0.06439102,0.010150091,0.60260665,0.069716424,null,null,null,null,"TWOGAUSSIANS",8,4.5536504,0.26050058,0.0037342885,0.37325472,0.032068018,0.6826283,0.065012164,0.7588959,0.016669238,0.3605897,0.05684051,0.60176075,0.06958175
375316653866487564,4313169264342768384,0.4795179,2219.784542303079,0.11090594107743923,7.30671E-5,19.620564,0.024286058,0.32743904,0.0075546848,0.0545759,0.015621322,0.065604724,0.069741756,0.6422396,0.01034882,0.030026663,0.015781755,0.13760729,0.05099963,0.1017512,0.042973623,0.32743904,0.0075546848,"TWOGAUSSIANS_WITH_ELLIPSOIDAL_ON_ECLIPSE1",9,2.7023575,0.32743904,0.0075546848,0.30562505,0.087479405,0.2691043,0.02489954,0.6489596,0.014383526,0.1681493,0.088377826,0.17260344,0.05750635
375316653866487564,4313169406127518336,0.5571643,2209.806277391175,0.762000762526019,1.0426597E-6,18.78603,0.0090834405,0.93121773,5.1254206E-5,0.019624108,2.6560164E-4,1.0900177,0.00505211,null,null,null,null,null,null,null,null,null,null,"ONEGAUSSIAN",5,8.8789,0.93121773,5.1254206E-5,0.109895006,0.0014873692,1.0900177,0.0,null,null,null,null,null,null
375316653866487564,4313169539206255360,0.5224479,2185.9273577235044,1.8256609574169198,3.9613566E-5,18.850288,0.021422774,0.30544254,0.0049920096,0.0890442,0.0069606616,0.46630904,0.028106783,0.8034875,0.007850978,0.0849943,0.013383287,0.23801073,0.024592552,null,null,null,null,"TWOGAUSSIANS",8,4.117263,0.30544254,0.0049920096,0.4,0.0,0.45589247,0.026763516,0.8034875,0.007850978,0.4,0.0,0.22759429,0.024595572
375316653866487564,4313169642285499392,0.54783404,2222.010983792341,3.2107375180775826,1.255423E-5,18.73639,0.022011578,0.23233196,0.005916908,0.062315688,0.006841563,0.5157277,0.026048323,0.7339269,0.006920081,0.07058489,0.014190848,0.35589543,0.036563337,null,null,null,null,"TWOGAUSSIANS",8,5.328318,0.23233196,0.005916908,0.34896785,0.03831275,0.5150471,0.025928661,0.7339269,0.006920081,0.3952754,0.059824653,0.3552148,0.0373225
375316653866487564,4313169680987318144,0.5439953,2220.091212693315,2.8446909747495286,1.5976322E-5,19.632471,0.035899334,0.20931667,0.0058889408,0.07159474,0.009584681,0.56527907,0.043698806,0.70697534,0.008129618,0.08456186,0.014157524,0.5772301,0.036791783,null,null,null,null,"TWOGAUSSIANS",8,4.2083282,0.70697534,0.008129618,0.4,0.0,0.57078177,0.036143303,0.20931667,0.0058889408,0.4,0.02876811,0.5588308,0.042222608
375316653866487564,4313169715347931520,0.47947356,2220.4815377067694,1.994241901272887,6.919755E-5,18.705618,0.04856356,0.23214927,0.03544963,0.07519743,0.062350962,0.3298347,0.69791794,0.74637043,0.006395555,0.07513587,0.012509026,0.4059149,0.055020683,null,null,null,null,"TWOGAUSSIANS",8,17.213299,0.74637043,0.006395555,0.4,0.02149635,0.40380836,0.05279082,0.23214927,0.03544963,0.4,0.29687572,0.32772818,0.70095986
375316653866487564,4313170127664388224,0.54913163,2203.759837679983,0.32559226275536174,4.305056E-5,19.386702,0.014569511,0.32346633,0.042507622,0.031898856,0.055046458,0.086318426,0.041289736,0.6425235,5.7789346E-4,0.021168478,7.7882694E-4,0.6903626,0.016029555,null,null,null,null,"TWOGAUSSIANS",8,4.2450275,0.6425235,5.7789346E-4,0.118543476,0.0043614306,0.6903626,0.016032005,0.32346633,0.042507622,0.17863359,0.30406502,0.086318426,0.041289736
375316653866487564,4313170295120505856,0.5698445,2196.5103625290044,2.314634304259346,1.2758429E-5,18.122208,0.008768583,0.2073944,0.0030537208,0.083293796,0.0042511025,0.3842135,0.015928902,0.7154121,0.008407829,0.07600042,0.008615227,0.20128949,0.025690474,null,null,null,null,"TWOGAUSSIANS",8,4.5287347,0.2073944,0.0030537208,0.4,0.0,0.3807396,0.01575883,0.7154121,0.008407829,0.4,0.0,0.1978156,0.026402658
375316653866487564,4313170333840532352,0.5736411,2173.7030714461853,2.1484210660629235,3.2084077E-5,18.054853,0.0075490177,0.38257688,0.002623953,0.046626944,0.0024195898,0.42411894,0.013299011,0.8064881,0.017285569,0.015775269,0.0072951037,0.09807992,0.09080131,null,null,null,null,"TWOGAUSSIANS",8,5.829984,0.38257688,0.002623953,0.2611109,0.013549703,0.42411894,0.013299011,0.8064881,0.017285569,0.088341504,0.04085258,0.09807992,0.09080131
375316653866487564,4313170363840011648,0.46225822,2202.3147193569,0.47149905211411863,4.7223835E-5,18.883066,0.37358388,0.1551926,0.042189382,0.08712052,0.051062576,0.17161374,0.0882522,0.58810836,0.025913663,0.23461983,0.09535063,0.5296069,0.36081564,null,null,null,null,"TWOGAUSSIANS",8,8.829934,0.58810836,0.025913663,0.4,0.0,0.3586981,0.043823447,0.18704261,0.39891446,0.4,0.12667151,0.13271664,0.24317226
375316653866487564,4313170402560005504,0.59529454,2207.2510470133343,2.605005612412897,1.8442528E-5,18.799173,0.0066448483,0.23652264,0.0040340554,0.0651787,0.005002005,0.57635057,0.020743862,0.7324736,0.005825856,0.06596858,0.005356243,0.64836615,0.016995944,null,null,null,null,"TWOGAUSSIANS",8,3.9914148,0.7324736,0.005825856,0.36942405,0.02999496,0.647608,0.016853202,0.23652264,0.0040340554,0.36500072,0.028011227,0.57559234,0.020788014
375316653866487564,4313170501278985728,0.5021927,2209.9766810878127,2.5261552756196295,3.0243735E-5,18.936796,0.0433176,0.117511146,0.008753709,0.086017534,0.016069146,0.2293515,0.05491977,0.6198231,0.018584551,0.059384312,0.03894672,0.38273323,0.195483,null,null,null,null,"TWOGAUSSIANS",8,4.7450247,0.6198231,0.018584551,0.33255213,0.12385142,0.38132107,0.20467332,0.117511146,0.008753709,0.4,0.0,0.22793934,0.048797842
375316653866487564,4313170608700850944,0.47174236,2160.412731334681,2.18166677639434,6.8947054E-5,18.983639,0.52592236,0.33617443,0.019313963,0.10474328,0.08364612,0.30481112,0.51750565,0.81893927,0.01080242,0.10393257,0.057647694,0.2896393,0.4815554,null,null,null,null,"TWOGAUSSIANS",8,9.59416,0.33618444,0.019176075,0.4,0.0,0.2772813,0.034483533,0.81893927,0.01080242,0.4,0.0,0.26211128,0.028931286
375316653866487564,4313170814858290304,0.5382253,2213.319438539814,3.343071705917716,2.4139767E-5,17.833681,0.008793661,0.1810241,0.012600618,0.039382044,0.012304191,0.81722975,0.6677404,0.7524809,0.007883026,0.09105639,0.00944949,0.21669498,0.015673121,null,null,null,null,"TWOGAUSSIANS",8,7.968868,0.1810241,0.012600618,0.22053945,0.06890347,0.81719357,0.66783637,0.7524809,0.007883026,0.4,0.0,0.21665546,0.015665004
375316653866487564,4313170883596247552,0.5893577,2180.0933162765023,3.5105838062305352,2.9465935E-5,16.948246,0.0017590596,0.7757171,0.036994535,0.063955754,0.024210513,0.009056305,0.0023264547,0.48298657,0.016490184,0.02927894,0.0133000845,0.2982762,2.5816178,null,null,null,null,"TWOGAUSSIANS",8,1.711931,0.48298657,0.01649073,0.16396207,0.074480474,0.29827645,2.5816143,0.7757171,0.036994535,0.3581522,0.092200704,0.009056305,0.002326455
375316653866487564,4313171360270028544,0.45415047,2207.2319823521907,2.041698055122439,8.908349E-5,17.729197,0.0045582545,0.36835688,0.019247415,0.057856493,0.013350958,0.08657148,0.006470132,0.13818088,0.016479954,0.045186866,0.01316431,0.07194316,0.034349427,null,null,null,null,"TWOGAUSSIANS",8,5.367307,0.36835688,0.019246731,0.32399637,0.07476537,0.08657165,0.006469986,0.13824089,0.016515408,0.25304645,0.073720135,0.07197488,0.034358386
375316653866487564,4313171738244312576,0.6024827,2204.5946199611985,1.8506593266801379,9.44336E-6,17.148773,0.014439604,0.2721476,0.0020235009,0.083418556,0.0041434565,0.36721224,0.01461685,0.77569795,0.0075092325,0.11674054,0.016817726,0.15611671,0.016974093,null,null,null,null,"TWOGAUSSIANS",8,3.9593067,0.2721476,0.0020232124,0.4,0.0,0.34923878,0.010382331,0.77569795,0.0075092325,0.4,0.0,0.13811056,0.019617135
375316653866487564,4313171811309240832,0.49845538,2160.1128989283748,0.6038141125583344,4.317721E-5,15.082078,0.009037596,0.36186433,0.04449323,0.053752854,0.074005775,0.14050739,0.10356797,0.8814472,0.007929171,0.040956035,0.010867941,0.0922601,0.014536482,null,null,null,null,"TWOGAUSSIANS",8,75.623764,0.36186433,0.04449323,0.30101597,0.13703258,0.14050733,0.10458655,0.8814472,0.007929171,0.2293538,0.060860474,0.09226003,0.014159615
375316653866487564,4313172326687764224,0.55237144,2197.3629858256977,0.1768529123186831,6.655235E-5,19.381964,0.009640218,0.039469022,0.0067137247,0.01076629,0.022747232,0.48450047,0.45296288,0.5732718,0.0072171097,0.013106391,0.008412975,0.08415145,0.03517837,null,null,null,null,"TWOGAUSSIANS",8,1.1044524,0.039469022,0.0067137247,0.060291227,0.1273845,0.48450047,0.45296288,0.5732718,0.0072171097,0.07339579,0.047112662,0.08415145,0.03517837
375316653866487564,4313172635925219072,0.5159265,2180.303498865176,2.773614529906297,2.3931078E-5,19.10256,0.43058673,0.30395,0.006790992,0.12195686,0.04564534,0.39450887,0.3825411,0.81316835,0.009025032,0.124356695,0.06785826,0.4229516,0.3858055,null,null,null,null,"TWOGAUSSIANS",8,3.0259228,0.8132283,0.0088304775,0.4,0.0,0.32670537,0.04923908,0.30386004,0.0066180904,0.4,0.0,0.2983501,0.025443614
375316653866487564,4313173254402213760,0.5838086,2118.738339224038,2.260241708358547,5.665953E-6,18.615728,0.006545521,0.20913994,0.0027749846,0.08760368,0.004385018,0.26859018,0.009312649,0.70483553,0.0019077318,0.080051616,0.0032172662,0.3692628,0.015768753,null,null,null,null,"TWOGAUSSIANS",8,1.2734464,0.70483553,0.0019077318,0.4,0.0,0.36250472,0.016368963,0.20913994,0.0027749846,0.4,0.0,0.26183203,0.009368188
375316653866487564,4313173490596214784,0.4519613,2155.0652827524113,2.171891763053568,2.4432838E-5,18.96166,0.010940769,0.74144775,0.0060180174,0.06836164,0.01888983,0.082362786,0.09742615,null,null,null,null,null,null,0.0793993,0.01592476,0.74144775,0.0060180174,"ONEGAUSSIAN_WITH_ELLIPSOIDAL",6,4.853897,0.74144775,0.0060180174,0.3828252,0.084598124,0.24105977,0.09365313,null,null,null,null,null,null
375316653866487564,4313173529280546944,0.5688369,2148.5883041301126,2.061637675017732,2.0010444E-5,18.888346,0.013319035,0.25194773,0.011938472,0.0744714,0.009491511,0.5371809,0.025248084,0.732983,0.013407998,0.08012706,0.009100462,0.4461899,0.023200655,null,null,null,null,"TWOGAUSSIANS",8,3.9765184,0.25194773,0.011938472,0.4,0.0,0.53369874,0.025797598,0.732983,0.013407998,0.4,0.0,0.44270775,0.023566842
375316653866487564,4313174044692718976,0.565844,2135.795297490238,3.167752990053238,1.4867976E-6,15.316931,0.0022915718,0.4400409,1.6211088E-4,0.011627733,4.993291E-4,0.29357564,0.008199957,0.71753705,0.107253835,0.095544115,0.08177829,0.012164358,0.008470995,null,null,null,null,"TWOGAUSSIANS",8,16.812706,0.4400409,1.6439638E-4,0.0651153,0.002796243,0.29375482,0.007404679,0.71753705,0.107253835,0.4,0.0,0.012164331,0.0084101455
375316653866487564,4313174628793072896,0.5460784,2163.7627535431047,2.0615070390186068,1.1878211E-5,17.06916,0.010909006,0.2850294,0.0041375016,0.07465575,0.0038490596,0.45376894,0.015448994,0.7852334,0.0050054546,0.07637987,0.005383109,0.27862737,0.021784915,null,null,null,null,"TWOGAUSSIANS",8,16.616726,0.2850294,0.0041375016,0.4,0.0,0.45083404,0.014610315,0.7852334,0.0050054546,0.4,0.0,0.27569246,0.021662228
375316653866487564,4313175316002992896,0.48834133,2103.5928114396133,1.9301614246569025,3.5302488E-5,16.59169,0.7758905,0.26763424,0.016207652,0.22397211,0.17527004,0.37837297,0.7614729,0.74839824,0.015029797,0.14830168,0.03476173,0.37205213,0.34479105,null,null,null,null,"TWOGAUSSIANS",8,26.361965,0.74839824,0.015029797,0.4,0.0,0.16039339,0.008885501,0.27136424,0.012953931,0.4,0.0,0.106001385,0.009708883
