Gaia/vari_eclipsing_binary/VariEclipsingBinary_605702-605806.csv
# %ECSV 1.0
# ---
# delimiter: ','
# meta: !!omap
# - RELEASE: Gaia DR3
# - TABLE: vari_eclipsing_binary
# - DESCRIPTION: >
#     This table describes the properties of the eclipsing binaries resulting from the variability analysis. 
# - CITATION: >
#     How to cite and acknowledge Gaia: 
#     https://gea.esac.esa.int/archive/documentation/credits.html 
# - KNOWN_ISSUES: >
#     Known issues: 
#     https://www.cosmos.esa.int/web/gaia-users/known-issues 
# - DOCUMENTATION: >
#     Tutorials and documentation: 
#     https://www.cosmos.esa.int/web/gaia-users/archive 
# datatype:
# - 
#   name: solution_id
#   datatype: int64
#   description: Solution Identifier
#   meta:
#     ucd: meta.version
# - 
#   name: source_id
#   datatype: int64
#   description: Unique source identifier
#   meta:
#     ucd: meta.id;meta.main
# - 
#   name: global_ranking
#   datatype: float32
#   description: Number between 0 (worst) and 1 (best)
#   meta:
#     ucd: stat.param
# - 
#   name: reference_time
#   datatype: float64
#   unit: d
#   description: Reference time used for the geometric model fit
#   meta:
#     ucd: time.epoch
# - 
#   name: frequency
#   datatype: float64
#   unit: d**-1
#   description: Frequency of geometric model of the eclipsing binary light curve
#   meta:
#     ucd: src.orbital
# - 
#   name: frequency_error
#   datatype: float32
#   unit: d**-1
#   description: "Uncertainty of \\texttt{frequency}"
#   meta:
#     ucd: stat.error
# - 
#   name: geom_model_reference_level
#   datatype: float32
#   unit: mag
#   description: Magnitude reference level of geometric model
#   meta:
#     ucd: phot.mag;em.opt
# - 
#   name: geom_model_reference_level_error
#   datatype: float32
#   unit: mag
#   description: "Uncertainty of \\texttt{geomModelReferenceLevel}"
#   meta:
#     ucd: stat.error;phot.mag;em.opt
# - 
#   name: geom_model_gaussian1_phase
#   datatype: float32
#   description: Phase of the Gaussian 1 component
#   meta:
#     ucd: time.phase
# - 
#   name: geom_model_gaussian1_phase_error
#   datatype: float32
#   description: "Uncertainty of \\texttt{geomModelGaussian1Phase}"
#   meta:
#     ucd: stat.error;time.phase
# - 
#   name: geom_model_gaussian1_sigma
#   datatype: float32
#   description: "Standard deviation [phase] of Gaussian 1 component"
#   meta:
#     ucd: stat.stdev
# - 
#   name: geom_model_gaussian1_sigma_error
#   datatype: float32
#   description: "Uncertainty of \\texttt{geomModelGaussian1Sigma}"
#   meta:
#     ucd: stat.error
# - 
#   name: geom_model_gaussian1_depth
#   datatype: float32
#   unit: mag
#   description: Magnitude depth of Gaussian 1 component
#   meta:
#     ucd: src.var.amplitude
# - 
#   name: geom_model_gaussian1_depth_error
#   datatype: float32
#   unit: mag
#   description: "Uncertainty of \\texttt{geomModelGaussian1Depth}"
#   meta:
#     ucd: stat.error;src.var.amplitude
# - 
#   name: geom_model_gaussian2_phase
#   datatype: float32
#   description: Phase of Gaussian 2 component
#   meta:
#     ucd: time.phase
# - 
#   name: geom_model_gaussian2_phase_error
#   datatype: float32
#   description: "Uncertainty of \\texttt{geomModelGaussian2Phase}"
#   meta:
#     ucd: stat.error;time.phase
# - 
#   name: geom_model_gaussian2_sigma
#   datatype: float32
[...]
#   datatype: float32
#   description: "Secondary eclipse: uncertainty of \\texttt{derivedSecondaryEclDuration}"
#   meta:
#     ucd: stat.error;time.duration
# - 
#   name: derived_secondary_ecl_depth
#   datatype: float32
#   unit: mag
#   description: "Secondary eclipse: depth"
#   meta:
#     ucd: src.var.amplitude
# - 
#   name: derived_secondary_ecl_depth_error
#   datatype: float32
#   unit: mag
#   description: "Secondary eclipse: uncertainty of \\texttt{derivedSecondaryEclDepth}"
#   meta:
#     ucd: stat.error;src.var.amplitude
solution_id,source_id,global_ranking,reference_time,frequency,frequency_error,geom_model_reference_level,geom_model_reference_level_error,geom_model_gaussian1_phase,geom_model_gaussian1_phase_error,geom_model_gaussian1_sigma,geom_model_gaussian1_sigma_error,geom_model_gaussian1_depth,geom_model_gaussian1_depth_error,geom_model_gaussian2_phase,geom_model_gaussian2_phase_error,geom_model_gaussian2_sigma,geom_model_gaussian2_sigma_error,geom_model_gaussian2_depth,geom_model_gaussian2_depth_error,geom_model_cosine_half_period_amplitude,geom_model_cosine_half_period_amplitude_error,geom_model_cosine_half_period_phase,geom_model_cosine_half_period_phase_error,model_type,num_model_parameters,reduced_chi2,derived_primary_ecl_phase,derived_primary_ecl_phase_error,derived_primary_ecl_duration,derived_primary_ecl_duration_error,derived_primary_ecl_depth,derived_primary_ecl_depth_error,derived_secondary_ecl_phase,derived_secondary_ecl_phase_error,derived_secondary_ecl_duration,derived_secondary_ecl_duration_error,derived_secondary_ecl_depth,derived_secondary_ecl_depth_error
[from data line 730]
375316653866487564,5328655530619704064,0.6172813,2189.1396461256372,2.6099764866237485,6.724862E-6,17.065723,0.0050729564,0.24307357,0.0022003702,0.08093384,0.0027442756,0.41547343,0.008357926,0.74579793,0.0024791558,0.07929591,0.0023453534,0.43394426,0.015149561,null,null,null,null,"TWOGAUSSIANS",8,9.011084,0.74579793,0.0024791558,0.4,0.0,0.42775962,0.015151094,0.24307357,0.0022003702,0.4,0.0,0.40928876,0.0080664335
375316653866487564,5328655938626298624,0.6209504,2191.0149238812965,2.5760032368385897,4.303947E-6,19.192095,0.0075887833,0.2609768,0.0018744876,0.036130354,0.005639744,0.41515508,0.025365468,0.7646901,0.0015313878,0.04269002,0.0034323435,0.3237771,0.04060284,0.15592118,0.013932574,0.2609768,0.0018744876,"TWOGAUSSIANS_WITH_ELLIPSOIDAL_ON_ECLIPSE1",9,1.2450298,0.2609768,0.0018744876,0.20232998,0.031582568,0.7269974,0.019962503,0.7646901,0.0015313878,0.23906411,0.019221123,0.6354497,0.039398145
375316653866487564,5328658382478156544,0.53410375,2187.6977816758895,2.294503901378798,2.5089508E-5,17.708656,0.006825379,0.22322021,0.0038679482,0.037392974,0.008180069,0.14990756,0.02646681,0.73517156,0.016325459,0.032349378,0.014978416,0.10624181,0.02362441,0.11860831,0.011146282,0.22322021,0.0038679482,"TWOGAUSSIANS_WITH_ELLIPSOIDAL_ON_ECLIPSE1",9,16.480951,0.22322021,0.0038679482,0.20940064,0.045808382,0.38712358,0.022062836,0.73517156,0.015856097,0.18115652,0.08387913,0.34212273,0.01643022
375316653866487564,5328659580759118208,0.45137233,2176.132076778654,3.311396826261829,2.1178115E-5,18.3435,0.008448574,0.7548619,0.008017177,0.0042246743,0.0044343756,2.7616985,1.93216038E9,null,null,null,null,null,null,0.1237725,0.012433695,0.7548619,0.008017177,"ONEGAUSSIAN_WITH_ELLIPSOIDAL",6,29.15583,0.7548619,0.008017177,0.023658175,0.024832504,3.0092432,1.93216038E9,null,null,null,null,null,null
375316653866487564,5328661406135019392,0.5120148,2228.5608098494545,0.887322357340106,1.0923917E-6,16.019527,0.0011790816,0.2659975,0.0014007231,0.022596953,0.0020988465,0.08221835,0.011585987,0.76246977,0.0052543934,0.01960248,0.015149766,0.061067034,0.05090026,0.0186543,0.0024634844,0.2659975,0.0014007231,"TWOGAUSSIANS_WITH_ELLIPSOIDAL_ON_ECLIPSE1",9,4.9819574,0.2659975,0.0014007231,0.12654294,0.0117535405,0.119526945,0.013561694,0.7625298,0.00381546,0.10977389,0.08483869,0.09835764,0.05253644
375316653866487564,5328661852811947136,0.5104816,2208.12662092084,2.48806990433117,6.91957E-5,19.168339,0.029353483,0.4537641,0.043857448,0.26797682,0.16953716,0.03588358,0.027302103,0.90819037,8.154877E-4,0.017743906,0.0010402593,0.6504032,0.041346256,null,null,null,null,"TWOGAUSSIANS",8,1.6074668,0.90819037,8.154877E-4,0.099365875,0.005825452,0.6505853,0.040803827,0.4537641,0.043857448,0.4,0.0,0.02309617,0.006079607
375316653866487564,5328662230757383808,0.4744221,2135.2077627215176,2.213986221975607,4.110963E-5,18.222998,0.003476435,0.1251772,0.02466922,0.023953881,0.017542953,0.016518915,0.4213906,0.63415676,0.0060409354,0.043330655,0.0029414175,0.34713292,0.030254634,null,null,null,null,"TWOGAUSSIANS",8,1.9573781,0.63415676,0.0060409354,0.24265166,0.016471937,0.34713292,0.030254634,0.1251772,0.02466922,0.13414174,0.09824053,0.016518915,0.4213906
375316653866487564,5328662260820513792,0.566218,2212.4740292312863,0.6582206877741082,1.0427791E-5,18.997738,0.0029337273,0.47732803,0.0054814843,0.027917515,0.0052980687,0.5040546,0.18157357,0.6679018,0.0061710854,0.0034083994,0.0027648287,0.13343118,0.16573359,null,null,null,null,"TWOGAUSSIANS",8,1.4670285,0.47732803,0.0054814843,0.15633808,0.029669186,0.5040546,0.18157357,0.6679018,0.0061710854,0.019087037,0.01548304,0.13343118,0.16573359
375316653866487564,5328663257251162112,0.5392797,2202.221817569369,2.9835651125753984,1.3283553E-5,19.078754,0.01245645,0.25508228,0.0036826264,0.079380415,0.005546531,0.39559585,0.025156587,0.7642306,0.0026595206,0.07889316,0.004923706,0.40316698,0.019016095,null,null,null,null,"TWOGAUSSIANS",8,2.5662606,0.7642306,0.0026595206,0.4,0.0,0.39864516,0.019093854,0.25508228,0.0036826264,0.4,0.0,0.391074,0.02539836
375316653866487564,5328663394704350720,0.56301093,2196.1510788734918,2.934853239972485,7.779245E-6,18.240904,0.005950698,0.27008265,0.0022172402,0.079200394,0.0024496496,0.38741505,0.008882255,0.7658914,0.0024166694,0.08049801,0.0028419096,0.40857002,0.014157123,null,null,null,null,"TWOGAUSSIANS",8,5.5509734,0.7658914,0.0024166694,0.4,0.0,0.40311927,0.014141815,0.27008265,0.0022172402,0.4,0.0,0.3819643,0.008551234
375316653866487564,5328665220065865088,0.432631,2205.0143169422654,0.6219251503539599,2.3684861E-5,15.510645,0.002871419,0.37841693,0.008373098,0.040636986,0.005683338,0.04733583,0.005779915,0.866042,0.005178126,0.031848274,0.004645481,0.052995313,0.009409279,null,null,null,null,"TWOGAUSSIANS",8,53.46906,0.866042,0.005178126,0.17835034,0.026014693,0.052995313,0.009409279,0.37841693,0.008373098,0.22756712,0.031826694,0.04733583,0.005779915
375316653866487564,5328666319577704704,0.5548707,2221.59264007596,1.7289766983775652,1.2994602E-5,17.104778,0.005123746,0.22895075,0.0031675585,0.03964474,0.006575482,0.0763404,0.013010056,0.73008335,0.0048911376,0.05626418,0.0035082852,0.20852974,0.018590903,0.054491863,0.009009758,0.22895075,0.0031675585,"TWOGAUSSIANS_WITH_ELLIPSOIDAL_ON_ECLIPSE1",9,7.809714,0.73008335,0.004688151,0.31507942,0.019646397,0.3174975,0.014728945,0.22895075,0.0031675585,0.22201055,0.0368227,0.18531369,0.007815496
375316653866487564,5328667419077300352,0.5934713,2222.5227083056566,0.7344044042036041,2.008424E-5,17.28539,0.002501139,0.61754394,0.08013871,0.13664053,0.16659346,0.018783055,18.867731,0.49564585,0.0023081051,0.02147086,0.004004838,0.6717086,0.19404724,null,null,null,null,"TWOGAUSSIANS",8,4.0583925,0.49570584,0.0020586962,0.120236814,0.022427093,0.68428123,0.21943605,0.6175239,0.14197819,0.4,0.3809508,0.01873665,18.85764
375316653866487564,5328668857888813056,0.5605884,2216.011114751949,3.156653789116547,1.5734331E-5,17.913353,0.006907166,0.24162787,0.0039354614,0.08996091,0.0057114004,0.20148252,0.0065284404,0.7239048,0.006839275,0.0832316,0.009034634,0.19408213,0.006785074,null,null,null,null,"TWOGAUSSIANS",8,3.0799615,0.24162787,0.0039354614,0.4,0.0,0.19694568,0.0046026427,0.7239048,0.006839275,0.4,0.0,0.18954541,0.0060351724
375316653866487564,5328669343234386560,0.5086424,2212.841496288871,0.9695145475918758,1.5637079E-5,15.064196,0.006080375,0.20781986,0.0100913625,0.11488771,0.01837177,0.032947898,0.0060548065,0.69555014,0.0041625528,0.1151252,0.0147836525,0.038241383,0.005831366,null,null,null,null,"TWOGAUSSIANS",8,2.8257651,0.69555014,0.0041625528,0.4,0.0,0.032305796,0.0014266452,0.20785987,0.010123803,0.4,0.0,0.027013468,0.0024096542
375316653866487564,5328671267379708032,0.5659844,2169.2126552519567,2.914185499574114,1.5061474E-5,18.763004,0.0054366514,0.21015857,0.0030850093,0.06948987,0.0029034596,0.30808026,0.0076469546,0.71345127,0.0031627717,0.0798487,0.0056871944,0.29622784,0.021595769,null,null,null,null,"TWOGAUSSIANS",8,1.7538885,0.21015857,0.0030850093,0.38914323,0.016259374,0.3060242,0.0075574364,0.71345127,0.0031627717,0.4,0.0,0.29417175,0.02224224
375316653866487564,5328671439166174080,0.62758106,2160.9414161325453,2.6779488560904525,6.507916E-6,18.539503,0.007478533,0.30766147,9.6557813E-4,0.072677694,0.0018220805,0.5430304,0.011473439,0.80347437,0.0022179184,0.08121994,0.0031496969,0.48725653,0.011625125,null,null,null,null,"TWOGAUSSIANS",8,1.5899308,0.30766147,9.6557813E-4,0.4,0.0,0.53824973,0.011350084,0.80347437,0.0022179184,0.4,0.0,0.4824759,0.011510692
375316653866487564,5328671439178390272,0.48039722,2290.8270719995658,3.510817016856579,1.3846523E-6,18.528313,0.0050621405,0.19395138,0.0068985564,0.028144337,0.007098123,0.14338252,0.010000493,0.7135406,3.3265416E-5,0.0058007324,7.707139E-5,2.8720171,0.11985595,null,null,null,null,"TWOGAUSSIANS",8,2.2901757,0.7135406,3.3265416E-5,0.032484103,4.3159976E-4,2.8720171,0.11985595,0.19395138,0.0068985564,0.15760829,0.03974949,0.14338252,0.010000493
375316653866487564,5328671542261248384,0.543111,2193.1406606881974,3.3681414510952363,1.5119382E-5,19.218176,0.007497022,0.30210143,0.006592901,0.057192355,0.008780778,0.48662698,0.047848254,0.8034645,0.0038968304,0.06283746,0.004740838,0.5237115,0.022192134,null,null,null,null,"TWOGAUSSIANS",8,5.5767107,0.8034645,0.0038968304,0.35188976,0.026548693,0.52354705,0.022239953,0.30210143,0.006592901,0.32027718,0.04917236,0.48646256,0.047977407
375316653866487564,5328671812837110144,0.72914624,2214.1663984076786,0.3065447010844107,1.81987E-4,12.543385,6.1577244E-4,0.53296393,0.00336322,0.014973423,9.050448E-4,1.0366637,0.24090043,0.17317268,0.039285082,0.06664658,0.047921788,0.0033926966,9.902543E-4,3.614537E-4,7.2255847E-4,0.53296393,0.00336322,"TWOGAUSSIANS_WITH_ELLIPSOIDAL_ON_ECLIPSE1",9,9.185758,0.53296393,0.00336322,0.08385117,0.005068251,1.0373865,0.24096519,0.17317268,0.039285082,0.3732209,0.16653252,0.0036854886,0.001004753
375316653866487564,5328672538689940480,0.4652888,2215.8764246807527,2.141961329045697,4.4484404E-5,18.019867,0.016944177,0.400387,0.04926218,0.054652624,0.02660541,0.06281423,0.023740638,0.7731169,0.025821457,0.06906569,0.03784637,0.059234828,0.04513887,0.040309187,0.020349868,0.7731169,0.025821457,"TWOGAUSSIANS_WITH_ELLIPSOIDAL_ON_ECLIPSE2",9,10.358175,0.7731169,0.025821457,0.38676786,0.09325669,0.13976991,0.016656497,0.374637,0.05557255,0.3060547,0.1489903,0.108162776,0.013890841
375316653866487564,5328672573053376512,0.5507422,2206.357170724862,1.6958169655843052,6.605533E-6,17.037848,0.010105985,0.26589015,0.0010987038,0.034638807,0.0025770944,0.41471764,0.02076174,0.77233654,0.004283145,0.036332022,0.005194967,0.35186937,0.041649915,0.019339837,0.013592228,0.26589015,0.0010987038,"TWOGAUSSIANS_WITH_ELLIPSOIDAL_ON_ECLIPSE1",9,27.36209,0.26589015,0.0010987038,0.19397733,0.014431729,0.4533973,0.013936225,0.77233654,0.004283145,0.20345932,0.029091815,0.3904856,0.042840034
375316653866487564,5328672607397265792,0.6009593,2194.877714716312,2.590284844630914,7.4358245E-6,18.640661,0.008347457,0.28000113,0.0030221283,0.06939079,0.0040058796,0.50293136,0.019610899,0.7776365,0.0016494226,0.0691813,0.0021658535,0.45952043,0.009975453,null,null,null,null,"TWOGAUSSIANS",8,2.4259372,0.28000113,0.0030221283,0.38858843,0.021377902,0.501585,0.01978247,0.7776365,0.0016494226,0.38741526,0.01212878,0.4581741,0.009628339
375316653866487564,5328673496465658496,0.473012,2254.1640587017423,3.392458171683481,2.8153701E-5,19.128372,0.023447126,0.28646526,0.009575134,0.07923827,0.013017293,0.3047987,0.034890063,0.79563034,0.008515505,0.10262491,0.018059287,0.22145681,0.024716202,null,null,null,null,"TWOGAUSSIANS",8,3.3696072,0.28646526,0.009575351,0.4,3.9432663E-4,0.2948363,0.03435201,0.79563034,0.008515505,0.4,0.0,0.21149103,0.022572331
375316653866487564,5328675287462244864,0.5007805,2230.851276623572,3.574340124741166,1.42266645E-5,19.498396,0.04820594,0.20805095,0.0054575466,0.082290985,0.014216795,0.34775198,0.04393975,0.69502956,0.012691613,0.09238607,0.02272968,0.37675285,0.035564188,null,null,null,null,"TWOGAUSSIANS",8,3.1481686,0.69502956,0.012691613,0.4,0.0,0.3670499,0.031688266,0.20805095,0.005457352,0.4,0.0010006222,0.33804944,0.036765642
375316653866487564,5328675287470642688,0.6162489,2250.9744308299205,1.558878079860775,4.5887077E-6,14.957325,0.011240234,0.24759479,0.0023467476,0.092473984,0.0050995275,0.41882527,0.01799216,0.75944126,0.001143036,0.09076122,0.002476268,0.46365833,0.011369922,null,null,null,null,"TWOGAUSSIANS",8,80.276855,0.75944126,0.001143036,0.4,0.0,0.44585928,0.0071052085,0.24759479,0.0023467476,0.4,0.0,0.40102604,0.020364989
375316653866487564,5328675420603063040,0.5010859,2224.7828227663717,1.365803634665947,3.6287413E-5,18.854687,0.005127592,0.21526298,0.0271754,0.08120962,0.023210842,0.053010236,0.015425318,0.7185578,0.0068132756,0.04882314,0.0061384887,0.170946,0.01254921,null,null,null,null,"TWOGAUSSIANS",8,1.9714676,0.7185578,0.0068132756,0.27340958,0.034375537,0.17085898,0.012521485,0.21526298,0.0271754,0.4,0.049139775,0.052923206,0.015482892
375316653866487564,5328676657553717632,0.4983237,2218.879404989405,1.2946433914368278,1.4813939E-5,18.824833,0.004777223,0.32482496,0.006764621,0.044127557,0.014541796,0.17547424,0.04307138,0.8106275,0.0049097966,0.04789771,0.0047463495,0.15894248,0.017982563,null,null,null,null,"TWOGAUSSIANS",8,1.9070671,0.32482496,0.006764621,0.24711432,0.08143406,0.17547418,0.04307398,0.8106275,0.0049097966,0.2682272,0.026579559,0.15894242,0.01798249
375316653866487564,5328677138598420608,0.5559728,2240.8205924117588,2.2041139766087903,1.7745191E-5,19.270704,0.02056084,0.2937105,0.009876404,0.08641202,0.014719865,0.24855594,0.034890205,0.7873515,0.004830058,0.07723055,0.007880442,0.48454615,0.019227246,null,null,null,null,"TWOGAUSSIANS",8,2.4707346,0.7873515,0.004830058,0.4,0.0,0.47892693,0.016375672,0.2937105,0.009876404,0.4,0.0,0.24293669,0.03510513
375316653866487564,5328677894504880256,0.44531515,2231.417824710205,0.0693675395932524,2.479017E-5,19.01025,0.006209109,0.28766242,0.0067166514,0.06354387,0.009564904,0.17261554,0.048668865,0.563524,0.019492341,0.029456187,0.019082446,0.14862992,12.04001,null,null,null,null,"TWOGAUSSIANS",8,2.5253851,0.28766242,0.0067166514,0.35584566,0.04991702,0.17261554,0.048668865,0.563524,0.019492341,0.16495465,0.106861696,0.14864387,12.040002
375316653866487564,5328679307551284096,0.5440495,2235.6616175135905,2.7211814530335445,1.2770852E-5,16.629637,0.026975976,0.215362,0.007962066,0.062323377,0.008188756,0.41051504,0.061193537,0.6992439,0.010051338,0.079776436,0.012447212,0.6218652,0.0423983,null,null,null,null,"TWOGAUSSIANS",8,112.23131,0.6992439,0.010051338,0.4,0.0,0.6204604,0.041808393,0.215362,0.007962066,0.3490109,0.045857035,0.4091102,0.060880426
375316653866487564,5328679857315827328,0.61766696,2259.857070542425,2.3639998275834953,3.987835E-6,16.963753,0.0063595003,0.19325283,0.0018008274,0.08190899,0.00224375,0.4508955,0.009597454,0.69288707,0.0013529632,0.07709912,0.0025511878,0.46190986,0.012533942,null,null,null,null,"TWOGAUSSIANS",8,8.137988,0.69288707,0.0013529632,0.4,0.0,0.45545772,0.012906083,0.19325283,0.0018008274,0.4,0.0,0.44444335,0.0092957355
375316653866487564,5328680475791155456,0.48908293,2256.0548422681236,0.4295820581648892,3.1848373E-5,17.636597,0.050597325,0.2551952,0.0095220525,0.11016883,0.04694019,0.057453293,0.046035018,0.7462528,0.008119773,0.12252742,0.06276185,0.06799528,0.04555495,null,null,null,null,"TWOGAUSSIANS",8,1.2357545,0.7462528,0.008119773,0.4,0.0,0.056532312,0.00518489,0.2552652,0.009271675,0.4,0.0,0.04602052,0.014047106
375316653866487564,5328680578861849216,0.5461824,2211.1824249471065,2.5413191765787193,9.233432E-6,18.656675,0.0061181597,0.3122456,0.0025205992,0.074801505,0.0039948295,0.39866382,0.029512255,0.8167468,0.003263615,0.065019704,0.003464166,0.2646788,0.009579437,null,null,null,null,"TWOGAUSSIANS",8,2.483268,0.3122456,0.0025205992,0.4,0.0,0.39768535,0.029805057,0.8167468,0.003263615,0.36411035,0.01939933,0.2637003,0.009392894
375316653866487564,5328681296126333696,0.523366,2212.508653206161,2.7629391820290667,9.364281E-6,18.785423,0.043652,0.27614024,0.003526908,0.114061855,0.016277947,0.23398888,0.041151643,0.7841495,0.0023317824,0.11671575,0.02073793,0.23389637,0.03453392,null,null,null,null,"TWOGAUSSIANS",8,1.135929,0.27611026,0.0035196422,0.4,0.0,0.19255471,0.01251127,0.78416955,0.0023422728,0.4,0.0,0.19244465,0.0104540335
