Gaia/vari_eclipsing_binary/VariEclipsingBinary_204828-204960.csv
# %ECSV 1.0
# ---
# delimiter: ','
# meta: !!omap
# - RELEASE: Gaia DR3
# - TABLE: vari_eclipsing_binary
# - DESCRIPTION: >
#     This table describes the properties of the eclipsing binaries resulting from the variability analysis. 
# - CITATION: >
#     How to cite and acknowledge Gaia: 
#     https://gea.esac.esa.int/archive/documentation/credits.html 
# - KNOWN_ISSUES: >
#     Known issues: 
#     https://www.cosmos.esa.int/web/gaia-users/known-issues 
# - DOCUMENTATION: >
#     Tutorials and documentation: 
#     https://www.cosmos.esa.int/web/gaia-users/archive 
# datatype:
# - 
#   name: solution_id
#   datatype: int64
#   description: Solution Identifier
#   meta:
#     ucd: meta.version
# - 
#   name: source_id
#   datatype: int64
#   description: Unique source identifier
#   meta:
#     ucd: meta.id;meta.main
# - 
#   name: global_ranking
#   datatype: float32
#   description: Number between 0 (worst) and 1 (best)
#   meta:
#     ucd: stat.param
# - 
#   name: reference_time
#   datatype: float64
#   unit: d
#   description: Reference time used for the geometric model fit
#   meta:
#     ucd: time.epoch
# - 
#   name: frequency
#   datatype: float64
#   unit: d**-1
#   description: Frequency of geometric model of the eclipsing binary light curve
#   meta:
#     ucd: src.orbital
# - 
#   name: frequency_error
#   datatype: float32
#   unit: d**-1
#   description: "Uncertainty of \\texttt{frequency}"
#   meta:
#     ucd: stat.error
# - 
#   name: geom_model_reference_level
#   datatype: float32
#   unit: mag
#   description: Magnitude reference level of geometric model
#   meta:
#     ucd: phot.mag;em.opt
# - 
#   name: geom_model_reference_level_error
#   datatype: float32
#   unit: mag
#   description: "Uncertainty of \\texttt{geomModelReferenceLevel}"
#   meta:
#     ucd: stat.error;phot.mag;em.opt
# - 
#   name: geom_model_gaussian1_phase
#   datatype: float32
#   description: Phase of the Gaussian 1 component
#   meta:
#     ucd: time.phase
# - 
#   name: geom_model_gaussian1_phase_error
#   datatype: float32
#   description: "Uncertainty of \\texttt{geomModelGaussian1Phase}"
#   meta:
#     ucd: stat.error;time.phase
# - 
#   name: geom_model_gaussian1_sigma
#   datatype: float32
#   description: "Standard deviation [phase] of Gaussian 1 component"
#   meta:
#     ucd: stat.stdev
# - 
#   name: geom_model_gaussian1_sigma_error
#   datatype: float32
#   description: "Uncertainty of \\texttt{geomModelGaussian1Sigma}"
#   meta:
#     ucd: stat.error
# - 
#   name: geom_model_gaussian1_depth
#   datatype: float32
#   unit: mag
#   description: Magnitude depth of Gaussian 1 component
#   meta:
#     ucd: src.var.amplitude
# - 
#   name: geom_model_gaussian1_depth_error
#   datatype: float32
#   unit: mag
#   description: "Uncertainty of \\texttt{geomModelGaussian1Depth}"
#   meta:
#     ucd: stat.error;src.var.amplitude
# - 
#   name: geom_model_gaussian2_phase
#   datatype: float32
#   description: Phase of Gaussian 2 component
#   meta:
#     ucd: time.phase
# - 
#   name: geom_model_gaussian2_phase_error
#   datatype: float32
#   description: "Uncertainty of \\texttt{geomModelGaussian2Phase}"
#   meta:
#     ucd: stat.error;time.phase
# - 
#   name: geom_model_gaussian2_sigma
#   datatype: float32
[...]
#   datatype: float32
#   description: "Secondary eclipse: uncertainty of \\texttt{derivedSecondaryEclDuration}"
#   meta:
#     ucd: stat.error;time.duration
# - 
#   name: derived_secondary_ecl_depth
#   datatype: float32
#   unit: mag
#   description: "Secondary eclipse: depth"
#   meta:
#     ucd: src.var.amplitude
# - 
#   name: derived_secondary_ecl_depth_error
#   datatype: float32
#   unit: mag
#   description: "Secondary eclipse: uncertainty of \\texttt{derivedSecondaryEclDepth}"
#   meta:
#     ucd: stat.error;src.var.amplitude
solution_id,source_id,global_ranking,reference_time,frequency,frequency_error,geom_model_reference_level,geom_model_reference_level_error,geom_model_gaussian1_phase,geom_model_gaussian1_phase_error,geom_model_gaussian1_sigma,geom_model_gaussian1_sigma_error,geom_model_gaussian1_depth,geom_model_gaussian1_depth_error,geom_model_gaussian2_phase,geom_model_gaussian2_phase_error,geom_model_gaussian2_sigma,geom_model_gaussian2_sigma_error,geom_model_gaussian2_depth,geom_model_gaussian2_depth_error,geom_model_cosine_half_period_amplitude,geom_model_cosine_half_period_amplitude_error,geom_model_cosine_half_period_phase,geom_model_cosine_half_period_phase_error,model_type,num_model_parameters,reduced_chi2,derived_primary_ecl_phase,derived_primary_ecl_phase_error,derived_primary_ecl_duration,derived_primary_ecl_duration_error,derived_primary_ecl_depth,derived_primary_ecl_depth_error,derived_secondary_ecl_phase,derived_secondary_ecl_phase_error,derived_secondary_ecl_duration,derived_secondary_ecl_duration_error,derived_secondary_ecl_depth,derived_secondary_ecl_depth_error
[from data line 142]
375316653866487564,1801992737801483904,0.6210952,2214.308626247175,1.9473231407760212,5.4756542E-6,17.549612,0.0043538436,0.21571188,6.044375E-4,0.040690385,0.0011611487,0.5029884,0.020091014,0.71400714,0.019793127,0.039090652,0.009021138,0.18650624,0.045820456,0.020896155,0.005783519,0.21571188,6.044375E-4,"TWOGAUSSIANS_WITH_ELLIPSOIDAL_ON_ECLIPSE1",9,3.4348805,0.21571188,6.044375E-4,0.22786614,0.0065024323,0.5447806,0.020216925,0.71404713,0.019374264,0.21890765,0.05051837,0.22829378,0.044754148
375316653866487564,1801994382767371648,0.46340686,2192.592000815659,4.0656680802310206,5.085544E-5,18.651543,0.066917084,0.22495279,0.012010942,0.1034227,0.029316705,0.2975231,0.085438795,0.65985614,0.015802203,0.099763915,0.034743365,0.2618367,0.057770982,null,null,null,null,"TWOGAUSSIANS",8,11.444789,0.22498278,0.0117560895,0.4,0.0,0.28585896,0.07277521,0.65985614,0.015802203,0.4,0.0,0.2501961,0.027463984
375316653866487564,1802006962732258176,0.6264345,2191.2255733381076,2.7808053734268223,7.6262495E-6,14.744204,0.018902527,0.27240843,0.0024712028,0.054793388,0.005750348,0.30649322,0.04894585,0.76766646,0.0032987338,0.05544624,0.0062863217,0.4328828,0.03952573,0.08327834,0.02610016,0.27240843,0.0024712028,"TWOGAUSSIANS_WITH_ELLIPSOIDAL_ON_ECLIPSE1",9,68.177574,0.76806647,0.0029104284,0.31049895,0.0352034,0.5992827,0.015719395,0.27240843,0.0024712028,0.30684298,0.03220195,0.47302833,0.02166194
375316653866487564,1802008332821337216,0.5532724,2209.2464331891288,4.49932621359446,1.0712407E-5,18.601812,0.007589696,0.2955416,0.0031266743,0.034312468,0.0065459935,0.17358732,0.051306035,0.8042352,0.004121294,0.037853602,0.0060116593,0.14043897,0.019909328,0.13296695,0.015006475,0.2955416,0.0031266743,"TWOGAUSSIANS_WITH_ELLIPSOIDAL_ON_ECLIPSE1",9,5.433435,0.2955416,0.0031266743,0.19214982,0.036657564,0.43952122,0.04754838,0.8042352,0.004121294,0.21198016,0.033665292,0.4055802,0.014826382
375316653866487564,1802010978521442688,0.5396681,2202.254628028193,3.071989942706155,1.3729605E-5,18.65053,0.014078407,0.2960839,0.006078411,0.081183515,0.005627955,0.3037935,0.017981425,0.79782456,0.001833513,0.08421489,0.0068300515,0.33220702,0.016634425,null,null,null,null,"TWOGAUSSIANS",8,3.0838494,0.79782456,0.001833513,0.4,0.0,0.32582387,0.017888872,0.2960839,0.006078411,0.4,0.0,0.29741034,0.016110962
375316653866487564,1802012151050316544,0.5249328,2199.393326434702,1.5160792933208915,4.975731E-6,15.544217,0.0018024582,0.30087805,8.750762E-4,0.04277048,0.0016119969,0.12589832,0.0065728826,0.7938069,0.010066203,0.046288215,0.00696531,0.03609128,0.0057176454,null,null,null,null,"TWOGAUSSIANS",8,9.9163885,0.30087805,8.750762E-4,0.2395147,0.009027182,0.12589832,0.0065728854,0.7938069,0.010066203,0.25921398,0.039005734,0.036091264,0.005717643
375316653866487564,1802013108825209344,0.4795952,2168.8994841382037,3.4310961960309925,3.5248337E-5,19.845535,0.04919586,0.21563844,0.004664562,0.07869059,0.00982113,0.34128502,0.044733234,0.71707684,0.01917696,0.11895265,0.046576153,0.22641948,0.05396314,null,null,null,null,"TWOGAUSSIANS",8,1.3897427,0.21563844,0.004659332,0.4,0.0,0.32075337,0.019760683,0.71707684,0.01917696,0.4,0.0,0.20582178,0.052603822
375316653866487564,1802013589861592960,0.60659426,2200.4666859337435,3.3786773000310597,1.267482E-5,17.270657,0.006231607,0.27898932,0.0021609247,0.068401314,0.0038275286,0.50995827,0.027172398,0.77927387,0.0044042557,0.079358615,0.0036434042,0.52232605,0.017082946,null,null,null,null,"TWOGAUSSIANS",8,13.735099,0.77927387,0.0044042557,0.4,0.0,0.51898664,0.016909542,0.27898932,0.0021609247,0.38304737,0.02143416,0.5066188,0.02791664
375316653866487564,1802017231993963136,0.4798799,2255.4828865065347,0.012405856886365162,4.078108E-5,14.669609,0.03405736,0.28427243,0.024735501,0.37038696,0.010461717,0.39632794,0.030991195,0.75748134,0.028018601,0.031836152,0.003484984,1.0358683,0.82058674,null,null,null,null,"TWOGAUSSIANS",8,503.8146,0.75748134,0.028018601,0.17828244,0.01951591,1.0277065,0.8151066,0.28427243,0.024735501,0.4,0.0,0.08927762,0.014057609
375316653866487564,1802017579889073536,0.616938,2178.8973731693955,3.085026510288471,8.9121495E-6,18.607687,0.018607566,0.28099006,0.0016900672,0.050120298,0.005109833,0.42863247,0.037296418,0.78590244,0.0027828962,0.044760946,0.0047631357,0.52556974,0.0377151,0.12127279,0.021751598,0.28099006,0.0016900672,"TWOGAUSSIANS_WITH_ELLIPSOIDAL_ON_ECLIPSE1",9,3.987621,0.78590244,0.0027828962,0.2506613,0.02667356,0.7678824,0.019470163,0.28099006,0.0016900672,0.28067368,0.028615067,0.67117614,0.028605083
375316653866487564,1802021286442913280,0.4698624,2206.966551279236,1.0555785334750596,1.4757008E-5,19.792978,0.008377021,0.39246818,0.0023217911,0.020917267,0.0026049244,1.0562354,0.4414928,0.77695036,0.016821915,0.033991735,0.010412355,0.046008013,0.022563372,null,null,null,null,"TWOGAUSSIANS",8,2.3890467,0.39246818,0.0023217911,0.11713669,0.0145875765,1.0562354,0.4414928,0.77695036,0.016821915,0.19035372,0.05830919,0.046008013,0.022563372
375316653866487564,1802021428179817344,0.481347,2204.377757151594,2.035227614337355,2.180396E-5,15.928556,0.0010168218,null,null,null,null,null,null,null,null,null,null,null,null,0.01954193,0.0013195367,0.24848396,0.0055792504,"ELLIPSOIDAL",4,4.536739,null,null,null,null,null,null,null,null,null,null,null,null
375316653866487564,1802023760344215680,0.6864234,2202.5276322534096,1.7237649003295912,2.407844E-6,15.457812,0.0051231324,0.20652944,7.3289766E-4,0.05935646,0.0025501016,0.24655224,0.014115141,0.7060827,5.698716E-4,0.059662767,0.0014483471,0.28321618,0.01090831,0.091286495,0.006313918,0.20652944,7.3289766E-4,"TWOGAUSSIANS_WITH_ELLIPSOIDAL_ON_ECLIPSE1",9,10.135127,0.7061527,4.4806566E-4,0.3341115,0.008110744,0.46570992,0.0031737974,0.20652944,7.3289766E-4,0.33239618,0.014280569,0.4290472,0.012365482
375316653866487564,1802031491285865344,0.555172,2191.893388795573,1.4430301965958088,5.5469063E-6,18.21568,0.006019344,0.19445936,0.002067775,0.03672346,0.0014887762,0.4715181,0.031214168,0.6897964,0.084649436,0.016216999,0.01695269,0.19529623,0.15962513,null,null,null,null,"TWOGAUSSIANS",8,7.3733306,0.19445936,0.002067775,0.20565137,0.008337147,0.4715181,0.031214168,0.6897964,0.084649436,0.090815194,0.09493506,0.19529623,0.15962513
375316653866487564,1802032625157362432,0.5530787,2205.14592970401,3.432634977856755,1.5599308E-5,17.797474,0.012548776,0.20276779,0.0042956136,0.09102492,0.0077151707,0.2803768,0.021291967,0.7099544,0.0038278138,0.09035463,0.005793135,0.33756512,0.012910938,null,null,null,null,"TWOGAUSSIANS",8,7.336075,0.7099544,0.0038278138,0.4,0.0,0.32524166,0.009297667,0.20276779,0.0042956136,0.4,0.0,0.26805332,0.022173658
375316653866487564,1802036610887341568,0.5533285,2206.0225697415026,3.5833522852399464,1.41704995E-5,18.349936,0.006413882,0.25051007,0.0036831666,0.0799601,0.004749372,0.28864062,0.01685065,0.7591844,0.005336884,0.06951724,0.0076345135,0.25577095,0.019454204,null,null,null,null,"TWOGAUSSIANS",8,3.4250493,0.25051007,0.0036831666,0.4,0.0,0.28697634,0.017054778,0.7591844,0.005336884,0.38929653,0.029256176,0.25410667,0.020131709
375316653866487564,1802040562254139136,0.58104646,2242.5386606900233,3.992097205432165,1.31419065E-5,18.339012,0.015085294,0.26557976,0.003806148,0.055817954,0.009581905,0.2883695,0.05143145,0.7596326,0.005602604,0.04380371,0.006989123,0.39463243,0.045087136,0.11037152,0.016798042,0.26557976,0.003806148,"TWOGAUSSIANS_WITH_ELLIPSOIDAL_ON_ECLIPSE1",9,6.1098113,0.76009256,0.0049865884,0.24530078,0.03913909,0.61507857,0.049560063,0.26557976,0.003806148,0.31258053,0.053658664,0.50909966,0.048729803
375316653866487564,1802041528627592192,0.5831323,2277.5069908220044,3.0141676030656783,9.686768E-6,15.080519,0.011733616,0.22169392,0.0029365188,0.055785056,0.007343652,0.14981474,0.026140498,0.72072864,0.004579595,0.05088107,0.012139258,0.1314449,0.02050123,0.08806736,0.012170994,0.22169392,0.0029365188,"TWOGAUSSIANS_WITH_ELLIPSOIDAL_ON_ECLIPSE1",9,49.563183,0.22169392,0.0029365188,0.31239632,0.041124452,0.32594165,0.024778623,0.7209386,0.0035118745,0.28493398,0.06797984,0.30756673,0.032427464
375316653866487564,1802043517194389888,0.4912347,2188.8195406487735,4.5339837518236745,2.6809346E-5,19.052038,0.014970206,0.26646313,0.00558553,0.08676656,0.009663079,0.28349507,0.017843831,0.78394556,0.016678495,0.09230151,0.013224594,0.15152602,0.028239476,null,null,null,null,"TWOGAUSSIANS",8,3.1929882,0.26646313,0.00558553,0.4,0.0,0.2772407,0.017521435,0.78394556,0.016678495,0.4,0.0,0.14527152,0.029293193
375316653866487564,1802044174326978688,0.65207213,2220.152624401544,1.4914430710652469,5.482445E-6,15.743861,0.0049528577,0.2528299,0.0012416888,0.083359025,0.002529735,0.28021872,0.0049753864,0.7596282,0.0015359486,0.11731399,0.0058934274,0.12895584,0.0044968217,null,null,null,null,"TWOGAUSSIANS",8,3.6875043,0.25281993,0.001241941,0.4,0.0,0.2661737,0.004367526,0.7596282,0.0015359486,0.4,0.0,0.114880666,0.0040478148
375316653866487564,1802051041974812672,0.5851022,2229.4187962158458,4.1970534185447175,6.003575E-6,19.31256,0.008406044,0.23579878,0.0032416985,0.07205041,0.0041436725,0.5469382,0.018096501,0.74329233,0.0024357822,0.06746131,0.0034259013,0.6247002,0.013747822,null,null,null,null,"TWOGAUSSIANS",8,1.6537092,0.74329233,0.0024357822,0.37778333,0.019185048,0.6231401,0.013523811,0.23579878,0.0032416985,0.4,0.006354943,0.5453781,0.018272858
375316653866487564,1802051248132735744,0.62157005,2257.565217539273,2.4014943849689216,7.239769E-6,12.590498,0.0076370034,0.19825624,0.0023789199,0.093094446,0.0049594636,0.25103605,0.006664456,0.69861794,0.002161823,0.08838306,0.004660476,0.27903095,0.014043563,null,null,null,null,"TWOGAUSSIANS",8,96.97192,0.69861794,0.002161823,0.4,0.0,0.26722562,0.015324569,0.19825624,0.0023789199,0.4,0.0,0.23923053,0.005797386
375316653866487564,1802053412796668800,0.4930164,2253.2603745918,1.6040558568143108,1.7468423E-5,18.734035,0.005757723,0.23086484,0.005039068,0.060536172,0.0043732845,0.2649636,0.028453413,0.76288265,0.0028240352,0.028233293,0.004864755,0.09220274,0.015966466,null,null,null,null,"TWOGAUSSIANS",8,4.115582,0.23086484,0.005039068,0.33900258,0.024490394,0.2649636,0.028453417,0.76288265,0.0028240352,0.15810645,0.027242627,0.09220273,0.01596647
375316653866487564,1802054379169519104,0.4912547,2232.9509869007593,0.6026521186435527,5.599142E-6,15.283798,0.006477947,0.28598565,4.859607E-4,0.011078161,0.0013820933,0.51132065,0.1737158,0.8408399,0.03768182,0.030630931,0.04504353,0.042136453,300851.75,0.013813077,0.01157885,0.8408399,0.03768182,"TWOGAUSSIANS_WITH_ELLIPSOIDAL_ON_ECLIPSE2",9,130.02342,0.28601563,4.7546398E-4,0.0620377,0.0077397227,0.5357943,0.17746486,0.8408399,0.03768182,0.17153321,0.2522438,0.069762535,300851.78
375316653866487564,1802055749261498880,0.4993065,2194.0600335227728,3.7783150840625312,2.065857E-5,19.470943,0.06729012,0.23246306,0.009187846,0.10320154,0.028188622,0.28741318,0.06308261,0.74995303,0.005301549,0.10413596,0.021909053,0.33114326,0.05753784,null,null,null,null,"TWOGAUSSIANS",8,2.451663,0.74996305,0.005274977,0.4,0.0,0.3037622,0.021277113,0.23245306,0.009227651,0.4,0.0,0.26003462,0.021875415
375316653866487564,1802057810842985600,0.5777849,2225.4539070734663,2.3632827900616045,1.2009093E-5,17.633944,0.009579086,0.22840345,0.0013021694,0.027808476,0.0016790135,0.81674546,0.051825553,0.7185847,0.0033000354,0.029667092,0.0050014113,0.25453705,0.026454939,0.03058263,0.018466951,0.22840345,0.0013021694,"TWOGAUSSIANS_WITH_ELLIPSOIDAL_ON_ECLIPSE1",9,28.021048,0.22840345,0.0013021694,0.15572748,0.009402475,0.8779107,0.04949165,0.7187447,0.0032334959,0.16613573,0.028007904,0.3154736,0.035349585
375316653866487564,1802060460843023744,0.57111824,2220.767336615399,2.051717355462468,6.7274154E-6,14.430931,0.011390267,0.22777009,0.003757925,0.101333514,0.009077561,0.18780433,0.012489346,0.71312195,0.0029606323,0.09252774,0.0054658432,0.26094127,0.013097173,null,null,null,null,"TWOGAUSSIANS",8,65.89778,0.71312195,0.0029606323,0.4,0.0,0.24804504,0.010600485,0.22777009,0.003757925,0.4,0.0,0.174906,0.011215064
375316653866487564,1802060971942282112,0.57770836,2238.0637027028624,3.0950002322093737,1.1197286E-5,15.590418,0.022923999,0.27064723,0.0075576827,0.059883542,0.01142183,0.9419415,0.06219444,0.76323247,0.0021390968,0.04731412,0.0059327213,0.3835462,0.039137606,0.05997644,0.022749042,0.27064723,0.0075576827,"TWOGAUSSIANS_WITH_ELLIPSOIDAL_ON_ECLIPSE1",9,179.4091,0.27064723,0.0075576827,0.33534783,0.06396225,1.0617445,0.055414334,0.7636225,0.0019048203,0.26495907,0.033223238,0.50310254,0.023048792
375316653866487564,1802063686358602368,0.60106826,2237.4587860066936,3.325011328391283,9.774447E-6,17.513996,0.018037386,0.27921978,0.0019014432,0.05426608,0.0063301427,0.2857359,0.040815923,0.77729195,0.0060880715,0.0589872,0.0076553766,0.22356023,0.04291135,0.08414011,0.025487332,0.27921978,0.0019014432,"TWOGAUSSIANS_WITH_ELLIPSOIDAL_ON_ECLIPSE1",9,9.745463,0.27921978,0.0019014432,0.30389005,0.0354488,0.45398414,0.0182339,0.7776219,0.0054749977,0.33032832,0.042870108,0.39178804,0.013698762
375316653866487564,1802066572576632832,0.5586454,2235.328098447697,2.982272776647916,1.4397168E-5,19.745192,0.012204303,0.22264452,0.009757166,0.078635335,0.008566168,0.5078667,0.026123805,0.721829,0.0023085019,0.077094324,0.0038077876,0.5671298,0.020921865,null,null,null,null,"TWOGAUSSIANS",8,1.7008815,0.721829,0.0023085019,0.4,0.0,0.5610389,0.020981975,0.22264452,0.009757166,0.4,0.0,0.50177574,0.025540719
375316653866487564,1802069321355777408,0.4582869,2216.8434253140967,1.9213561515942494,1.3697322E-4,19.151144,0.012172997,0.13762812,0.02452234,0.020694409,0.012358994,0.2145126,0.094837144,0.6659773,0.022398263,0.12693433,0.027430767,0.14342615,0.02307208,null,null,null,null,"TWOGAUSSIANS",8,3.9319477,0.13761812,0.02453106,0.11588869,0.069210365,0.21430364,0.09334222,0.6659773,0.022398263,0.4,0.0,0.1430483,0.022708124
375316653866487564,1802071795257189760,0.62019086,2216.6877504112244,2.327782424873803,6.29373E-6,17.770252,0.0056731547,0.20165727,0.0032480047,0.079124525,0.0033579364,0.4125496,0.011936008,0.70847744,0.0015786047,0.08590757,0.0022765738,0.33487466,0.006914712,null,null,null,null,"TWOGAUSSIANS",8,2.5236783,0.20165727,0.0032480047,0.4,0.0,0.4059349,0.0121691115,0.70847744,0.0015786047,0.4,0.0,0.32825994,0.006204681
375316653866487564,1802074617054968576,0.4781985,2230.7731090441075,3.144870623141091,2.22144E-5,15.129087,0.003616445,0.7188536,0.005288273,0.039798755,0.015526907,0.02782299,0.014683744,null,null,null,null,null,null,0.06408058,0.005513898,0.7188536,0.005288273,"ONEGAUSSIAN_WITH_ELLIPSOIDAL",6,139.74422,0.7188536,0.005288273,0.22287303,0.086950675,0.15598409,0.01244004,null,null,null,null,null,null
375316653866487564,1802077086658968320,0.41849262,2174.0931995175847,2.3211650254407883,5.3938493E-5,19.574223,0.01854669,0.2720103,0.020076917,0.10723458,0.03652709,0.11759475,0.041551054,0.73711824,0.01854412,0.06306508,0.022066826,0.1886382,0.04263055,null,null,null,null,"TWOGAUSSIANS",8,3.0942965,0.73711824,0.01854412,0.35316446,0.11617396,0.18672134,0.04374905,0.2720103,0.020076917,0.4,0.0,0.11566776,0.042041056
375316653866487564,1802078770286011904,0.57546175,2209.2737702684435,4.019001615412743,1.4264315E-5,17.846815,0.011150686,0.25093865,0.0048159547,0.084261455,0.005395194,0.27256986,0.014923845,0.7523543,0.005721099,0.085184425,0.006237896,0.33899465,0.0146511905,null,null,null,null,"TWOGAUSSIANS",8,5.0723586,0.7523543,0.005721099,0.4,0.0,0.3313669,0.012070129,0.25093865,0.0048159547,0.4,0.0,0.26494214,0.012857326
