Gaia/vari_eclipsing_binary/VariEclipsingBinary_381730-382004.csv
# %ECSV 1.0
# ---
# delimiter: ','
# meta: !!omap
# - RELEASE: Gaia DR3
# - TABLE: vari_eclipsing_binary
# - DESCRIPTION: >
#     This table describes the properties of the eclipsing binaries resulting from the variability analysis. 
# - CITATION: >
#     How to cite and acknowledge Gaia: 
#     https://gea.esac.esa.int/archive/documentation/credits.html 
# - KNOWN_ISSUES: >
#     Known issues: 
#     https://www.cosmos.esa.int/web/gaia-users/known-issues 
# - DOCUMENTATION: >
#     Tutorials and documentation: 
#     https://www.cosmos.esa.int/web/gaia-users/archive 
# datatype:
# - 
#   name: solution_id
#   datatype: int64
#   description: Solution Identifier
#   meta:
#     ucd: meta.version
# - 
#   name: source_id
#   datatype: int64
#   description: Unique source identifier
#   meta:
#     ucd: meta.id;meta.main
# - 
#   name: global_ranking
#   datatype: float32
#   description: Number between 0 (worst) and 1 (best)
#   meta:
#     ucd: stat.param
# - 
#   name: reference_time
#   datatype: float64
#   unit: d
#   description: Reference time used for the geometric model fit
#   meta:
#     ucd: time.epoch
# - 
#   name: frequency
#   datatype: float64
#   unit: d**-1
#   description: Frequency of geometric model of the eclipsing binary light curve
#   meta:
#     ucd: src.orbital
# - 
#   name: frequency_error
#   datatype: float32
#   unit: d**-1
#   description: "Uncertainty of \\texttt{frequency}"
#   meta:
#     ucd: stat.error
# - 
#   name: geom_model_reference_level
#   datatype: float32
#   unit: mag
#   description: Magnitude reference level of geometric model
#   meta:
#     ucd: phot.mag;em.opt
# - 
#   name: geom_model_reference_level_error
#   datatype: float32
#   unit: mag
#   description: "Uncertainty of \\texttt{geomModelReferenceLevel}"
#   meta:
#     ucd: stat.error;phot.mag;em.opt
# - 
#   name: geom_model_gaussian1_phase
#   datatype: float32
#   description: Phase of the Gaussian 1 component
#   meta:
#     ucd: time.phase
# - 
#   name: geom_model_gaussian1_phase_error
#   datatype: float32
#   description: "Uncertainty of \\texttt{geomModelGaussian1Phase}"
#   meta:
#     ucd: stat.error;time.phase
# - 
#   name: geom_model_gaussian1_sigma
#   datatype: float32
#   description: "Standard deviation [phase] of Gaussian 1 component"
#   meta:
#     ucd: stat.stdev
# - 
#   name: geom_model_gaussian1_sigma_error
#   datatype: float32
#   description: "Uncertainty of \\texttt{geomModelGaussian1Sigma}"
#   meta:
#     ucd: stat.error
# - 
#   name: geom_model_gaussian1_depth
#   datatype: float32
#   unit: mag
#   description: Magnitude depth of Gaussian 1 component
#   meta:
#     ucd: src.var.amplitude
# - 
#   name: geom_model_gaussian1_depth_error
#   datatype: float32
#   unit: mag
#   description: "Uncertainty of \\texttt{geomModelGaussian1Depth}"
#   meta:
#     ucd: stat.error;src.var.amplitude
# - 
#   name: geom_model_gaussian2_phase
#   datatype: float32
#   description: Phase of Gaussian 2 component
#   meta:
#     ucd: time.phase
# - 
#   name: geom_model_gaussian2_phase_error
#   datatype: float32
#   description: "Uncertainty of \\texttt{geomModelGaussian2Phase}"
#   meta:
#     ucd: stat.error;time.phase
# - 
#   name: geom_model_gaussian2_sigma
#   datatype: float32
[...]
#   datatype: float32
#   description: "Secondary eclipse: uncertainty of \\texttt{derivedSecondaryEclDuration}"
#   meta:
#     ucd: stat.error;time.duration
# - 
#   name: derived_secondary_ecl_depth
#   datatype: float32
#   unit: mag
#   description: "Secondary eclipse: depth"
#   meta:
#     ucd: src.var.amplitude
# - 
#   name: derived_secondary_ecl_depth_error
#   datatype: float32
#   unit: mag
#   description: "Secondary eclipse: uncertainty of \\texttt{derivedSecondaryEclDepth}"
#   meta:
#     ucd: stat.error;src.var.amplitude
solution_id,source_id,global_ranking,reference_time,frequency,frequency_error,geom_model_reference_level,geom_model_reference_level_error,geom_model_gaussian1_phase,geom_model_gaussian1_phase_error,geom_model_gaussian1_sigma,geom_model_gaussian1_sigma_error,geom_model_gaussian1_depth,geom_model_gaussian1_depth_error,geom_model_gaussian2_phase,geom_model_gaussian2_phase_error,geom_model_gaussian2_sigma,geom_model_gaussian2_sigma_error,geom_model_gaussian2_depth,geom_model_gaussian2_depth_error,geom_model_cosine_half_period_amplitude,geom_model_cosine_half_period_amplitude_error,geom_model_cosine_half_period_phase,geom_model_cosine_half_period_phase_error,model_type,num_model_parameters,reduced_chi2,derived_primary_ecl_phase,derived_primary_ecl_phase_error,derived_primary_ecl_duration,derived_primary_ecl_duration_error,derived_primary_ecl_depth,derived_primary_ecl_depth_error,derived_secondary_ecl_phase,derived_secondary_ecl_phase_error,derived_secondary_ecl_duration,derived_secondary_ecl_duration_error,derived_secondary_ecl_depth,derived_secondary_ecl_depth_error
[from data line 111]
375316653866487564,3357997193715943040,0.71371746,2213.737883316101,1.3850764988406044,2.5586066E-6,11.866833,0.004094918,0.3515266,0.0016107764,0.046936993,0.0015473582,0.47649196,0.017820744,0.84826136,0.003353241,0.032078512,0.0033096583,0.1045517,0.010352637,0.07316906,0.005397216,0.84826136,0.003353241,"TWOGAUSSIANS_WITH_ELLIPSOIDAL_ON_ECLIPSE2",9,60.46591,0.3513566,0.0014457658,0.26284716,0.008665206,0.6227712,0.016765438,0.84826136,0.003353241,0.17963967,0.018534087,0.25088945,0.008904077
375316653866487564,3357997438530348800,0.48092172,2218.980716460894,0.17190344683136657,1.4983054E-5,17.556786,0.0115332045,0.1754589,0.0041993535,0.08605459,0.0076416465,0.28070214,0.03802008,0.7601789,0.009254102,0.07546997,0.012422583,0.15170044,0.025245318,null,null,null,null,"TWOGAUSSIANS",8,1.7392505,0.1754589,0.0041993535,0.4,0.0,0.28010398,0.038285278,0.76018894,0.009252067,0.4,0.002891121,0.15110467,0.025325237
375316653866487564,3358001767857411712,0.52406937,2272.5631255012863,0.08664389735030785,4.0039144E-5,19.108896,0.006803636,0.21323389,0.0012043563,0.02856728,0.0024474547,1.128891,0.40636545,0.69772387,0.020808818,0.059594255,0.04045732,0.18161774,0.15915029,null,null,null,null,"TWOGAUSSIANS",8,1.5081807,0.21323389,0.0012043563,0.15997678,0.013705746,1.128891,0.40636554,0.69772387,0.020808818,0.3337278,0.226561,0.1816177,0.15915035
375316653866487564,3358003451484535680,0.46331573,2261.9520509004637,0.08930668222450608,1.5399271E-5,17.083904,0.015821997,0.21905576,0.00296952,0.043118384,0.010224145,0.17788841,0.019393407,0.72606444,0.013779303,0.1263333,0.023600327,0.14761156,0.025385292,null,null,null,null,"TWOGAUSSIANS",8,2.98659,0.21904576,0.0030068513,0.24146295,0.057255212,0.17495644,0.023353428,0.72606444,0.013779303,0.4,0.0,0.14455979,0.024677401
375316653866487564,3358006780082941440,0.61263025,2140.859316072854,2.861270359263454,1.9159905E-5,18.076519,0.01931636,0.15452875,0.002871946,0.07688996,0.012913432,0.56275356,0.12429684,0.6718321,0.005662753,0.08428626,0.006047408,0.46298113,0.022899209,null,null,null,null,"TWOGAUSSIANS",8,4.4302945,0.15452875,0.002871946,0.4,0.0,0.5568758,0.13084596,0.6718321,0.005662753,0.4,0.0,0.45710334,0.019817885
375316653866487564,3358010667029439232,0.5809415,2284.5534389065565,3.202642703797737,2.9535307E-5,17.304836,0.02323796,0.31379652,0.005212568,0.0987342,0.014063882,0.21596493,0.022031413,0.82561815,0.007794268,0.086811535,0.019469956,0.20910501,0.023021903,null,null,null,null,"TWOGAUSSIANS",8,3.2026534,0.31379652,0.005212568,0.4,0.0,0.20651145,0.006251163,0.82561815,0.007790164,0.4,0.0,0.1996529,0.028567774
375316653866487564,3358012483799169664,0.4749816,2231.759381951824,0.15591398342506374,6.358573E-5,19.405275,0.016289996,0.16988304,0.0509335,0.05552377,0.07673795,0.11886405,9.507672E24,0.6594397,0.0077464236,0.044302784,0.028512765,0.14068064,0.030487994,null,null,null,null,"TWOGAUSSIANS",8,1.908719,0.6594397,0.0077464236,0.24809559,0.15967149,0.1406801,0.030579697,0.16988304,0.0509335,0.3109331,0.42973253,0.11886352,9.507672E24
375316653866487564,3358014309161930240,0.48743913,2141.550597975338,4.697975302498713,1.8992268E-5,18.495531,0.0074515566,0.36137766,0.01576639,0.026583027,0.04152907,0.18585002,0.09777739,0.7494729,0.00653226,0.088739604,0.00960905,0.13860941,0.010761897,null,null,null,null,"TWOGAUSSIANS",8,2.0800405,0.36137766,0.015812542,0.14886495,0.23113441,0.18585956,0.09785237,0.7494729,0.00653226,0.4,0.0,0.13860922,0.010760873
375316653866487564,3358019978518082304,0.6388635,2206.2823800713077,2.5115930328211347,7.4891022E-6,15.243538,0.01816178,0.20149784,0.002550605,0.12769344,0.010511896,0.15267915,0.016745487,0.6980971,0.003215247,0.11949205,0.011274145,0.15307067,0.01733681,null,null,null,null,"TWOGAUSSIANS",8,3.4480605,0.6980971,0.003215247,0.4,0.0,0.1148065,0.002466153,0.20151784,0.002537847,0.4,0.0,0.11431982,0.003273994
375316653866487564,3358024136046920064,0.64942926,2188.1990823321626,2.623934425854117,7.2536714E-6,16.351267,0.026357941,0.2961764,0.0031509534,0.1293492,0.013785168,0.19909492,0.025711598,0.79316926,0.0020360944,0.11364925,0.009063888,0.20716979,0.024692494,null,null,null,null,"TWOGAUSSIANS",8,1.1518166,0.79316926,0.0020360944,0.4,0.0,0.15993647,0.0037311155,0.29618642,0.003158392,0.4,0.0,0.15166019,0.0021389762
375316653866487564,3358029457507468032,0.4668797,2231.1741825187937,0.5485721478273166,7.35205E-5,17.554579,0.038254958,0.15921633,0.09002594,0.05867583,0.069978386,0.108617626,0.08866792,0.67966104,0.010383263,0.06367413,0.05403691,0.20814593,0.05638211,null,null,null,null,"TWOGAUSSIANS",8,2.855127,0.67966104,0.010383263,0.35657513,0.081450574,0.20811017,0.07541043,0.15921633,0.090146825,0.32858464,0.1842029,0.10858186,0.07884694
375316653866487564,3358032756045149440,0.48507735,2165.054553488711,2.755429605380194,1.1831644E-4,18.542862,0.019929782,0.25480172,0.028443865,0.057153493,0.019193014,0.1311231,0.032848734,0.71611327,0.055362463,0.05027363,0.037364513,0.732934,0.7245782,null,null,null,null,"TWOGAUSSIANS",8,20.341028,0.71611327,0.055362463,0.28153235,0.14382139,0.732932,0.72550005,0.25480172,0.028443865,0.32005957,0.10748088,0.1311211,0.03234284
375316653866487564,3358037227107099008,0.56077695,2236.9566815309986,3.197722189086619,2.0824235E-5,18.680935,0.011767249,0.1392226,0.009184992,0.078139335,0.009286015,0.20546928,0.014428762,0.6426941,0.008549238,0.082122065,0.012130637,0.20905885,0.024744097,null,null,null,null,"TWOGAUSSIANS",8,1.5348529,0.6426941,0.008549238,0.4,0.0,0.20607768,0.02608196,0.1392226,0.009184992,0.4,0.0035973554,0.20248812,0.012878655
375316653866487564,3358040525641800064,0.5254582,2246.16688890574,3.3749757611979216,3.266081E-5,17.130241,0.031082312,0.1931883,0.02216658,0.10681981,0.03160015,0.2023246,0.028650472,0.6938627,0.0029072843,0.09160529,0.011355617,0.2531608,0.028057437,null,null,null,null,"TWOGAUSSIANS",8,16.940662,0.6938627,0.0029077253,0.4,0.0,0.23468286,0.010193038,0.1931883,0.02216658,0.4,0.0,0.18383974,0.017970754
375316653866487564,3358041105458936320,0.4761757,2232.491521269706,4.1624205705385595,2.5313399E-5,18.901604,0.3112624,0.25191152,0.014815616,0.1430199,0.038942944,0.43811423,0.278938,0.73607904,0.009511692,0.16830179,0.06644524,0.43209141,0.30110842,null,null,null,null,"TWOGAUSSIANS",8,3.1520565,0.25440153,0.013404857,0.4,0.0,0.229779,0.030707624,0.73607904,0.009511692,0.4,0.0,0.21494047,0.023026647
375316653866487564,3358042960884953216,0.53059214,2151.836756967319,0.10515654904418073,2.6920493E-4,18.213156,0.006811975,0.17687987,0.001993457,0.034124102,0.0059977244,0.15372033,0.009424232,0.72258264,0.0064832238,0.084624045,0.026139714,0.17578165,0.043503657,null,null,null,null,"TWOGAUSSIANS",8,3.2847626,0.72258264,0.0064832238,0.4,0.056245115,0.17577367,0.043521915,0.17687987,0.001993457,0.19109496,0.03358726,0.15371245,0.009436669
375316653866487564,3358049321734998912,0.48910806,2256.1316913480823,1.03898481663681,3.1702744E-5,17.81446,0.0038899854,0.3296244,0.0050704996,0.04366384,0.0044362987,0.069495834,0.0052193576,0.851506,0.013523543,0.033465352,0.008090111,0.08032552,0.009916788,null,null,null,null,"TWOGAUSSIANS",8,2.1323082,0.851506,0.013523543,0.18740597,0.045304626,0.08032552,0.009916784,0.3296244,0.0050704996,0.2445175,0.024843274,0.069495834,0.005219356
375316653866487564,3358052306733899776,0.5583547,2197.1496997886816,3.3402936698101504,3.347175E-5,18.576256,0.023108643,0.26663736,0.009163962,0.06027659,0.01097203,0.56199574,0.058531437,0.7619682,0.012077619,0.08915168,0.024437899,0.41367525,0.22466509,null,null,null,null,"TWOGAUSSIANS",8,7.9786034,0.26663736,0.009163962,0.3375489,0.06144337,0.55894846,0.056509424,0.7619682,0.012077619,0.4,0.0,0.4106278,0.23114043
375316653866487564,3358053509324864000,0.5514472,2183.342267552072,0.8268582919559794,5.8134076E-5,18.033054,0.03551927,0.2745489,0.026151324,0.20468293,0.0994521,0.050066248,0.035247054,0.66032535,0.026876276,0.020632586,0.011650148,0.6743582,11.16506,null,null,null,null,"TWOGAUSSIANS",8,2.3795145,0.66032535,0.026876276,0.11554248,0.06524083,0.67832094,11.164623,0.2745489,0.026151324,0.4,0.0,0.044999227,0.013154111
375316653866487564,3358054647494374400,0.5242091,2246.5030505404698,0.725682105,2.167669E-5,15.740465,0.0069944365,0.67098564,0.057700533,0.009895232,0.016918262,0.27627593,4.393231,null,null,null,null,null,null,0.010321845,0.008886896,0.67098564,0.057700533,"ONEGAUSSIAN_WITH_ELLIPSOIDAL",6,64.51021,0.67098564,0.057700533,0.0554133,0.09474227,0.2969196,4.40038,null,null,null,null,null,null
375316653866487564,3358058873742053248,0.48822922,2229.1648607480784,3.5199844261379143,2.2428603E-5,16.806833,0.013591827,0.21023364,0.0067299604,0.09962087,0.017406566,0.08595745,0.013764928,0.689965,0.012497359,0.08676953,0.01967898,0.09109834,0.017343858,null,null,null,null,"TWOGAUSSIANS",8,4.885807,0.689965,0.012497359,0.4,0.0,0.08751937,0.016970556,0.21023364,0.0067299604,0.4,0.0,0.08237761,0.009986283
375316653866487564,3358062275356059264,0.67229295,2242.0104069835493,1.8502417276421563,3.9720285E-6,14.897374,0.004345247,0.2127398,0.0013202989,0.08964598,0.0033135843,0.321256,0.008602185,0.710393,0.0011673509,0.08398485,0.0014779591,0.39375705,0.005854605,null,null,null,null,"TWOGAUSSIANS",8,9.827184,0.710393,0.0011673509,0.4,0.0,0.38298684,0.005031715,0.2127398,0.0013202989,0.4,0.0,0.31048572,0.010068219
375316653866487564,3358062412794991744,0.55789256,2203.164769545518,2.3062533582032874,1.0252065E-5,18.744482,0.041372538,0.32088983,0.0057267146,0.07764852,0.011658004,0.45367935,0.046387933,0.8324749,0.01367973,0.08962524,0.020860778,0.2249575,0.04497617,null,null,null,null,"TWOGAUSSIANS",8,1.8209279,0.32088983,0.0057267146,0.4,0.004746547,0.4479544,0.045438122,0.8324749,0.01367973,0.4,0.0,0.21923244,0.037815675
375316653866487564,3358062756392522240,0.5986576,2251.464368007824,2.3148437645318283,1.7633585E-5,17.263811,0.015710391,0.28506482,0.003108322,0.043205757,0.020833798,0.24219084,0.25620142,0.7901832,0.007927484,0.049750827,0.011938328,0.19745459,0.03483594,0.116949454,0.01754427,0.28506482,0.003108322,"TWOGAUSSIANS_WITH_ELLIPSOIDAL_ON_ECLIPSE1",9,9.686391,0.28506482,0.003108322,0.24195224,0.11666927,0.47608864,0.2647861,0.7901832,0.007927484,0.27860463,0.06685463,0.43111056,0.031122718
375316653866487564,3358064710606032256,0.547683,2203.468133434481,3.883663798616321,2.6463804E-5,18.828045,0.013492765,0.3429987,0.011784841,0.079990454,0.012505288,0.27704588,0.034102425,0.8447408,0.013639197,0.079896234,0.013940152,0.21466011,0.013423283,null,null,null,null,"TWOGAUSSIANS",8,1.7042879,0.3429987,0.011784841,0.4,0.0,0.27350256,0.03437283,0.8447408,0.013639197,0.4,0.0133647295,0.2111168,0.0101663
375316653866487564,3358066089287068288,0.66169286,2223.4460578742805,2.3391349838560536,6.1000496E-6,16.316597,0.007009684,0.3082375,0.016570468,0.054137394,0.03433392,0.0405296,0.014699211,0.8257304,0.0017802652,0.051174056,0.0043069622,0.25233963,0.017235897,0.05562545,0.009833685,0.8257304,0.0017802652,"TWOGAUSSIANS_WITH_ELLIPSOIDAL_ON_ECLIPSE2",9,3.960147,0.8257304,0.0017802652,0.28657472,0.024118988,0.3635886,0.016823197,0.31505752,0.005878376,0.3031694,0.14864323,0.15095869,0.013488571
375316653866487564,3358066566026009856,0.54885054,2212.2925042577313,0.6571054379746999,6.277681E-5,18.523167,0.0050282744,0.32377407,5.4230634E-4,0.038199168,0.0019430261,0.30823648,0.014034248,0.7876994,0.004143843,0.03919893,0.007363838,0.29455745,1.0299584,null,null,null,null,"TWOGAUSSIANS",8,1.6315583,0.32377407,5.4230634E-4,0.21391533,0.010880946,0.30823648,0.014034248,0.7876994,0.004143843,0.21951403,0.041237492,0.29455745,1.0299584
375316653866487564,3358071105808700672,0.63760525,2239.3148466350144,2.7501205149307566,1.1631567E-5,14.1865635,0.008163267,0.24594834,0.0038034928,0.08043372,0.007296533,0.26717097,0.010582722,0.7427339,0.0038462207,0.083683096,0.0036295627,0.41087508,0.018370135,null,null,null,null,"TWOGAUSSIANS",8,80.736115,0.7427339,0.0038462207,0.4,0.0,0.40484196,0.01782885,0.24594834,0.0038034928,0.4,0.0,0.26113787,0.010942785
375316653866487564,3358073541051834880,0.5725338,2261.655083378199,4.115409727147092,1.4024588E-5,17.798214,0.025852676,0.1870898,0.0059481217,0.08078365,0.010313966,0.34310532,0.03703154,0.68258023,0.0039574276,0.09709546,0.009307776,0.31797352,0.029689942,null,null,null,null,"TWOGAUSSIANS",8,5.543032,0.1870898,0.0059481217,0.4,0.0,0.33137605,0.036245383,0.68258023,0.0039574276,0.4,0.0,0.30624312,0.024002003
375316653866487564,3358079111627637504,0.5283155,2208.787481649785,0.10513553830297058,3.1059466E-5,18.470675,0.010319645,0.17730694,0.10315973,0.04464915,0.049032886,0.15553132,0.28635073,0.7231054,0.008052978,0.104771756,0.012539762,0.15242776,0.011836851,null,null,null,null,"TWOGAUSSIANS",8,1.016368,0.17729694,0.103196464,0.25003523,0.20107335,0.15518895,0.28225076,0.7231054,0.008052978,0.4,0.0,0.15207255,0.0078528365
375316653866487564,3358079897603946240,0.6383484,2238.8429003443935,3.8529060747687494,1.8566227E-5,16.943254,0.002559062,0.26608565,0.01235288,0.07190476,0.0068006,0.24773578,0.02299924,0.77630496,0.0031350567,0.07206762,0.0023423342,0.28139442,0.007930944,null,null,null,null,"TWOGAUSSIANS",8,2.561084,0.77630496,0.0031350567,0.4,6.222848E-4,0.28040478,0.007909554,0.26608565,0.01235288,0.4,0.0034890021,0.24674612,0.022735463
375316653866487564,3358083028637774208,0.61113805,2262.4117661947776,0.6754158683080829,4.3149925E-5,15.566318,0.021052431,0.22763817,0.020924289,0.051424243,0.015276947,0.43241683,0.0517186,0.7876481,0.007958842,0.04469923,0.017251622,0.7070504,32.73485,0.03663865,0.026202993,0.7876481,0.007958842,"TWOGAUSSIANS_WITH_ELLIPSOIDAL_ON_ECLIPSE2",9,63.213684,0.7876481,0.007958842,0.25031567,0.09660908,0.78032756,32.734665,0.22951818,0.019667657,0.28797576,0.085550904,0.49605685,0.046546705
375316653866487564,3358084952783333504,0.49343333,2251.255282709244,1.1797618975398165,5.090468E-5,15.344302,0.0116001535,0.47809762,0.008433928,0.04274919,0.007214423,0.47669122,0.121118225,0.83456457,0.015595636,0.025640918,0.0109364,0.083663255,0.1578088,0.014484097,0.016498743,0.83456457,0.015595636,"TWOGAUSSIANS_WITH_ELLIPSOIDAL_ON_ECLIPSE2",9,86.74437,0.47741762,0.00811404,0.23939545,0.040400766,0.48789248,0.1210799,0.83456457,0.015595636,0.14358914,0.06124384,0.11263118,0.16244608
375316653866487564,3358085365100179840,0.62714964,2234.0856354798443,0.5424068359244243,6.2200175E-5,15.706533,0.0013410165,0.39258832,0.0021964156,0.025834944,0.0010983737,0.5787231,0.034281343,null,null,null,null,null,null,null,null,null,null,"ONEGAUSSIAN",5,18.008814,0.39258832,0.0021964156,0.14467569,0.0061508925,0.5787231,0.0,null,null,null,null,null,null
375316653866487564,3358087323605213440,0.66154206,2207.172752258938,4.262372310509628,1.06800535E-5,13.848172,0.035492506,0.2760147,0.0016471732,0.0445521,0.008467558,0.46264446,0.051011924,0.7728034,0.007151512,0.048284337,0.0136535745,0.400926,0.06971068,0.13565978,0.040985595,0.2760147,0.0016471732,"TWOGAUSSIANS_WITH_ELLIPSOIDAL_ON_ECLIPSE1",9,136.29749,0.2760147,0.0016471732,0.24949175,0.047418322,0.73396355,0.06854382,0.77316344,0.00676174,0.27039227,0.07646002,0.67214686,0.05095973
375316653866487564,3358094191255217024,0.5775715,2213.425746915248,0.8809700599821705,1.9346235E-5,17.537207,0.0101112565,0.34104264,0.003105613,0.05236646,0.0033250242,0.49735028,0.020130074,0.84093446,0.0044592717,0.06109743,0.0043128775,0.45275098,0.032384194,null,null,null,null,"TWOGAUSSIANS",8,16.887337,0.34104264,0.003105613,0.29325217,0.018620135,0.49729326,0.020132443,0.84093446,0.0044592717,0.3421456,0.024152113,0.45269397,0.03239304
375316653866487564,3358094642229462912,0.6744581,2182.236523138288,4.844094004577958,3.2573964E-5,14.866482,0.0014286534,0.33620742,0.0068375734,0.04341141,0.0036333676,2.2774107,1.0619068,null,null,null,null,null,null,null,null,null,null,"ONEGAUSSIAN",5,20.812996,0.33620742,0.0068375734,0.2431039,0.02034686,2.2774107,0.0,null,null,null,null,null,null
