Gaia/vari_eclipsing_binary/VariEclipsingBinary_463472-463488.csv
# %ECSV 1.0
# ---
# delimiter: ','
# meta: !!omap
# - RELEASE: Gaia DR3
# - TABLE: vari_eclipsing_binary
# - DESCRIPTION: >
#     This table describes the properties of the eclipsing binaries resulting from the variability analysis. 
# - CITATION: >
#     How to cite and acknowledge Gaia: 
#     https://gea.esac.esa.int/archive/documentation/credits.html 
# - KNOWN_ISSUES: >
#     Known issues: 
#     https://www.cosmos.esa.int/web/gaia-users/known-issues 
# - DOCUMENTATION: >
#     Tutorials and documentation: 
#     https://www.cosmos.esa.int/web/gaia-users/archive 
# datatype:
# - 
#   name: solution_id
#   datatype: int64
#   description: Solution Identifier
#   meta:
#     ucd: meta.version
# - 
#   name: source_id
#   datatype: int64
#   description: Unique source identifier
#   meta:
#     ucd: meta.id;meta.main
# - 
#   name: global_ranking
#   datatype: float32
#   description: Number between 0 (worst) and 1 (best)
#   meta:
#     ucd: stat.param
# - 
#   name: reference_time
#   datatype: float64
#   unit: d
#   description: Reference time used for the geometric model fit
#   meta:
#     ucd: time.epoch
# - 
#   name: frequency
#   datatype: float64
#   unit: d**-1
#   description: Frequency of geometric model of the eclipsing binary light curve
#   meta:
#     ucd: src.orbital
# - 
#   name: frequency_error
#   datatype: float32
#   unit: d**-1
#   description: "Uncertainty of \\texttt{frequency}"
#   meta:
#     ucd: stat.error
# - 
#   name: geom_model_reference_level
#   datatype: float32
#   unit: mag
#   description: Magnitude reference level of geometric model
#   meta:
#     ucd: phot.mag;em.opt
# - 
#   name: geom_model_reference_level_error
#   datatype: float32
#   unit: mag
#   description: "Uncertainty of \\texttt{geomModelReferenceLevel}"
#   meta:
#     ucd: stat.error;phot.mag;em.opt
# - 
#   name: geom_model_gaussian1_phase
#   datatype: float32
#   description: Phase of the Gaussian 1 component
#   meta:
#     ucd: time.phase
# - 
#   name: geom_model_gaussian1_phase_error
#   datatype: float32
#   description: "Uncertainty of \\texttt{geomModelGaussian1Phase}"
#   meta:
#     ucd: stat.error;time.phase
# - 
#   name: geom_model_gaussian1_sigma
#   datatype: float32
#   description: "Standard deviation [phase] of Gaussian 1 component"
#   meta:
#     ucd: stat.stdev
# - 
#   name: geom_model_gaussian1_sigma_error
#   datatype: float32
#   description: "Uncertainty of \\texttt{geomModelGaussian1Sigma}"
#   meta:
#     ucd: stat.error
# - 
#   name: geom_model_gaussian1_depth
#   datatype: float32
#   unit: mag
#   description: Magnitude depth of Gaussian 1 component
#   meta:
#     ucd: src.var.amplitude
# - 
#   name: geom_model_gaussian1_depth_error
#   datatype: float32
#   unit: mag
#   description: "Uncertainty of \\texttt{geomModelGaussian1Depth}"
#   meta:
#     ucd: stat.error;src.var.amplitude
# - 
#   name: geom_model_gaussian2_phase
#   datatype: float32
#   description: Phase of Gaussian 2 component
#   meta:
#     ucd: time.phase
# - 
#   name: geom_model_gaussian2_phase_error
#   datatype: float32
#   description: "Uncertainty of \\texttt{geomModelGaussian2Phase}"
#   meta:
#     ucd: stat.error;time.phase
# - 
#   name: geom_model_gaussian2_sigma
#   datatype: float32
[...]
#   datatype: float32
#   description: "Secondary eclipse: uncertainty of \\texttt{derivedSecondaryEclDuration}"
#   meta:
#     ucd: stat.error;time.duration
# - 
#   name: derived_secondary_ecl_depth
#   datatype: float32
#   unit: mag
#   description: "Secondary eclipse: depth"
#   meta:
#     ucd: src.var.amplitude
# - 
#   name: derived_secondary_ecl_depth_error
#   datatype: float32
#   unit: mag
#   description: "Secondary eclipse: uncertainty of \\texttt{derivedSecondaryEclDepth}"
#   meta:
#     ucd: stat.error;src.var.amplitude
solution_id,source_id,global_ranking,reference_time,frequency,frequency_error,geom_model_reference_level,geom_model_reference_level_error,geom_model_gaussian1_phase,geom_model_gaussian1_phase_error,geom_model_gaussian1_sigma,geom_model_gaussian1_sigma_error,geom_model_gaussian1_depth,geom_model_gaussian1_depth_error,geom_model_gaussian2_phase,geom_model_gaussian2_phase_error,geom_model_gaussian2_sigma,geom_model_gaussian2_sigma_error,geom_model_gaussian2_depth,geom_model_gaussian2_depth_error,geom_model_cosine_half_period_amplitude,geom_model_cosine_half_period_amplitude_error,geom_model_cosine_half_period_phase,geom_model_cosine_half_period_phase_error,model_type,num_model_parameters,reduced_chi2,derived_primary_ecl_phase,derived_primary_ecl_phase_error,derived_primary_ecl_duration,derived_primary_ecl_duration_error,derived_primary_ecl_depth,derived_primary_ecl_depth_error,derived_secondary_ecl_phase,derived_secondary_ecl_phase_error,derived_secondary_ecl_duration,derived_secondary_ecl_duration_error,derived_secondary_ecl_depth,derived_secondary_ecl_depth_error
[from data line 153]
375316653866487564,4076778284446963456,0.5505927,2326.080147169562,4.427714376717123,5.87749E-6,17.887285,0.0235642,0.35623017,0.022053571,0.08528556,0.019661905,0.26284236,0.105960876,0.8282927,0.0071947076,0.059940036,0.0067967996,0.68214834,0.03746868,null,null,null,null,"TWOGAUSSIANS",8,28.698961,0.8282927,0.0071947076,0.3356642,0.038062077,0.68112934,0.036395736,0.35623017,0.022053571,0.4,0.0,0.26182333,0.106471956
375316653866487564,4076778391889202304,0.60973537,2321.750080668092,1.346452896425411,3.482454E-6,15.308826,0.008138198,0.66507,0.031584825,0.023123814,0.0069887093,6.9701076,6.8951,0.46965358,6.7936484E-4,0.017398082,0.001753346,2.915577,2.5218463,null,null,null,null,"TWOGAUSSIANS",8,398.34903,0.66507,0.031584825,0.12949336,0.03913677,6.9701076,6.8951,0.46965358,6.7936484E-4,0.09742926,0.009818737,2.915577,2.5218463
375316653866487564,4076778490624227712,0.6350807,2328.98286900748,0.8513551612874967,5.9381142E-5,18.259254,0.010922283,0.2811718,0.020350743,0.027272416,0.011074537,0.88435364,0.40904653,0.77666944,0.029932851,0.0394064,0.035571527,0.26133317,0.09797313,null,null,null,null,"TWOGAUSSIANS",8,4.910648,0.2811718,0.020350743,0.15272553,0.06201741,0.88435364,0.4090465,0.77666944,0.029932851,0.22067584,0.17655158,0.26133317,0.09797395
375316653866487564,4076778662404090112,0.46448782,2299.3373969761005,0.4972939597189426,4.286809E-5,18.330044,0.055803716,0.18888567,0.017212722,0.056232356,0.018743448,0.22116311,0.06093406,0.822552,0.02173639,0.054783933,0.018850267,0.577467,0.24412343,null,null,null,null,"TWOGAUSSIANS",8,21.051262,0.822552,0.02173639,0.30679002,0.1055615,0.57746696,0.24412437,0.18888567,0.017212722,0.3149012,0.10496331,0.22116305,0.060933117
375316653866487564,4076779388276865536,0.56455946,2303.989528756203,1.6776078316812206,4.510511E-5,18.29863,0.01792182,0.19180934,0.028484542,0.050832037,0.016744545,0.3043946,0.072567694,0.857667,0.0057527493,0.058161814,0.008516807,0.30985835,0.015454527,null,null,null,null,"TWOGAUSSIANS",8,4.54704,0.857667,0.0057527493,0.32570615,0.04769412,0.30985835,0.015454507,0.19180934,0.028484542,0.28465942,0.09376945,0.3043946,0.072567634
375316653866487564,4076780144235394304,0.61487603,2283.2802434295177,2.050961885751105,2.961623E-5,18.510462,0.0061176205,0.16350193,8.510229E-5,0.035694588,5.2366866E-4,0.43313175,0.005663175,0.84960324,0.002318398,0.058837764,0.0027307451,0.36519384,0.0097193355,null,null,null,null,"TWOGAUSSIANS",8,1.7660217,0.16350193,8.510229E-5,0.19988969,0.0029325443,0.433132,0.0056633805,0.84960324,0.002318398,0.32949147,0.015292172,0.36519384,0.0097193355
375316653866487564,4076780208584506368,0.4759102,2289.9222387497357,2.813664829117127,4.7520603E-5,16.28596,0.006242729,null,null,null,null,null,null,null,null,null,null,null,null,0.08637793,0.0098243235,0.23972125,0.0064061284,"ELLIPSOIDAL",4,16.256897,null,null,null,null,null,null,null,null,null,null,null,null
375316653866487564,4076781312465309824,0.52008724,2296.6992540999568,3.334234716651027,3.6316636E-5,17.84073,0.037492093,0.31115913,0.006543621,0.10766961,0.014171521,0.23761769,0.03785036,0.8348091,0.010395707,0.1060166,0.030517831,0.14329365,0.03186014,null,null,null,null,"TWOGAUSSIANS",8,7.645441,0.31114915,0.006545147,0.4,0.0,0.21937284,0.017026221,0.8348491,0.010372308,0.4,0.0,0.12505725,0.018431863
375316653866487564,4076781346768777472,0.53390795,2320.92967029522,3.890752515239164,5.1375715E-5,19.71061,0.034367133,0.23684932,0.01083312,0.0975969,0.023235925,0.42484054,0.05420481,0.75564504,0.005734839,0.07168595,0.010186461,0.68278986,0.074899666,null,null,null,null,"TWOGAUSSIANS",8,2.4796207,0.75564504,0.005734561,0.4,0.038428664,0.6735,0.08092952,0.23684932,0.01083312,0.4,0.0,0.41554815,0.062009875
375316653866487564,4076781656006934528,0.49618357,2252.5890153040796,3.4136586294549427,2.8893499E-5,19.374046,0.6336932,0.3075376,0.017956149,0.09533825,0.05737927,0.5433848,0.44880435,0.7955746,0.009221141,0.1180163,0.11075185,0.42080867,0.60610074,null,null,null,null,"TWOGAUSSIANS",8,6.1191726,0.3075676,0.018673172,0.4,0.0,0.49108204,0.094411604,0.7955746,0.009221141,0.4,0.0,0.36839145,0.0347657
375316653866487564,4076781759086035328,0.5973836,2279.1417604638646,1.0954917937071944,2.4030216E-5,16.927544,0.015432413,0.26885056,0.0048862775,0.09041876,0.009851678,0.14308287,0.015132572,0.75901866,0.0213106,0.08180559,0.022712637,0.32976893,0.045552984,null,null,null,null,"TWOGAUSSIANS",8,4.9867063,0.75901866,0.0213106,0.4,0.0,0.32452837,0.051181804,0.26885056,0.0048849154,0.4,0.0,0.13784222,0.008620162
375316653866487564,4076782064010648448,0.53873146,2282.1105289842158,2.1551699021290727,2.9997182E-5,17.66028,0.050702684,0.20095535,0.008732433,0.1326733,0.055616677,0.084647104,0.049173754,0.680325,0.007186086,0.10088953,0.020850435,0.1537653,0.043586556,null,null,null,null,"TWOGAUSSIANS",8,1.5543824,0.680325,0.007186086,0.4,0.0,0.13623492,0.0074797957,0.20097534,0.008676839,0.4,0.0,0.066956736,0.0076749306
375316653866487564,4076782064037853184,0.49621722,2269.2776001569277,0.6056050468415256,2.559651E-5,18.859123,0.01812076,0.15720358,0.015436653,0.06669942,0.019130873,0.29874644,0.06643254,0.6970742,0.0054178433,0.06844697,0.0103175035,0.36404854,0.08696764,null,null,null,null,"TWOGAUSSIANS",8,7.257108,0.6970742,0.0054178433,0.38330302,0.05777802,0.36382228,0.08704445,0.15720358,0.015436653,0.37351677,0.10057373,0.29852018,0.06651175
375316653866487564,4076782068323491584,0.48095325,2268.959573365227,0.6478871005152601,7.710992E-5,19.567562,0.065246746,0.27683505,0.01971793,0.060262546,0.017908871,0.24522945,0.04134228,0.69462913,0.0127582885,0.1943004,0.030817889,0.40290013,0.06535812,null,null,null,null,"TWOGAUSSIANS",8,1.7992188,0.69462913,0.0127582885,0.4,0.0,0.35285625,0.042558696,0.28279504,0.021321408,0.33747026,0.10028968,0.24073552,0.033429872
375316653866487564,4076782751232030848,0.49801946,2264.520848536336,3.550323785664965,4.8405043E-5,18.597425,0.18206364,0.48921248,0.010112507,0.25030538,0.11459003,0.26828337,0.17906067,0.9881996,0.009606809,0.08561663,0.020600226,0.114012904,0.071151376,null,null,null,null,"TWOGAUSSIANS",8,1.4889175,0.48921248,0.010112507,0.4,0.0,0.13430159,0.016000291,0.9881996,0.00974294,0.4,0.03552437,0.052820817,0.021820176
375316653866487564,4076783167842809728,0.60371315,2333.15198643206,2.863860395602409,2.2321079E-5,18.438395,0.010597099,0.2268341,0.005295689,0.07375623,0.005144094,0.5506312,0.021948881,0.73320234,0.0059458334,0.07281873,0.007877486,0.4752567,0.07130286,null,null,null,null,"TWOGAUSSIANS",8,2.782372,0.2268341,0.005295689,0.4,0.011800957,0.54801023,0.021781579,0.73320234,0.0059458334,0.4,0.014088245,0.47263572,0.07254655
375316653866487564,4076783855042722432,0.4973088,2336.314676700436,0.13316087439162858,1.31059705E-5,18.998371,0.004532774,0.16606525,0.020614248,0.027331645,0.052142892,0.023682663,0.0057557756,0.7110883,0.0013698462,0.012774505,6.651337E-4,0.28986678,0.0131470235,null,null,null,null,"TWOGAUSSIANS",8,2.0075095,0.7110883,0.0013698462,0.07153723,0.0037247487,0.28986678,0.0131470235,0.16606525,0.020614248,0.15305722,0.29200017,0.023682663,0.0057557756
375316653866487564,4076784404794436864,0.6003605,2292.956977084696,1.6870800393934478,5.645803E-6,16.916416,0.017598683,0.31675187,0.0072870343,0.12172212,0.0234902,0.11430668,0.013741059,0.8130447,0.001895121,0.085545026,0.008016572,0.21342582,0.0125323245,null,null,null,null,"TWOGAUSSIANS",8,3.398486,0.8130447,0.001895121,0.4,0.0,0.19861473,0.0045526223,0.31675187,0.0072870343,0.4,0.0,0.09944569,0.009887933
375316653866487564,4076784507922243712,0.580448,2351.3813075602084,2.8198799992249013,1.4621707E-5,17.554708,0.14658257,0.28623363,0.0025261436,0.12473161,0.032840952,0.25629362,0.14152597,0.7927493,0.0062210485,0.114744425,0.041149653,0.28708145,0.114752024,null,null,null,null,"TWOGAUSSIANS",8,3.3285704,0.7927993,0.0061685364,0.4,0.0,0.22957969,0.03280711,0.28621364,0.0023638364,0.4,0.0,0.19866678,0.011415797
375316653866487564,4076784675358417920,0.570312,2327.9756057021386,1.860918957208317,1.3445659E-5,17.446455,0.029501842,0.24017924,0.015598631,0.04725177,0.01574835,0.62172586,0.08307635,null,null,null,null,null,null,0.03780092,0.03525302,0.24017924,0.015598631,"ONEGAUSSIAN_WITH_ELLIPSOIDAL",6,23.697145,0.24017924,0.015598631,0.2646099,0.088190764,0.6973271,0.11434268,null,null,null,null,null,null
375316653866487564,4076784709731264768,0.5188964,2241.306115303799,0.13339734430729497,6.8750734E-5,19.047169,0.34498486,0.28631115,0.01864893,0.22214809,0.07929948,0.5952298,0.33690503,0.86803,0.025965784,0.05346251,0.03190941,0.19901092,0.060667537,null,null,null,null,"TWOGAUSSIANS",8,2.0998483,0.28631115,0.01864893,0.4,0.0,0.48149416,0.041287325,0.87837,0.0324914,0.29939005,0.1786927,0.20887429,0.069861874
375316653866487564,4076785641744327168,0.5751514,2231.4024885291974,3.2521965795348535,2.4667077E-5,19.194317,0.5511871,0.28279096,0.005352999,0.1265182,0.092508905,0.5202377,0.46103188,0.78760904,0.022251675,0.115578994,0.048274357,0.65974385,0.48462063,null,null,null,null,"TWOGAUSSIANS",8,2.2235882,0.78764904,0.022338104,0.4,0.0,0.5282975,0.034642853,0.28277096,0.005264905,0.4,0.0,0.38848004,0.123781025
375316653866487564,4076785916615891840,0.48811918,2294.214149859001,1.2444861961169502,7.260382E-5,17.992249,0.03147778,0.7628669,0.041087843,0.05372018,0.03358887,0.11799466,0.14593728,0.4428394,0.009303783,0.13151959,0.020622289,0.46152413,0.070659444,null,null,null,null,"TWOGAUSSIANS",8,62.51212,0.4428394,0.009308453,0.4,0.0,0.46063465,0.071179554,0.7491569,0.29390007,0.300833,0.18809769,0.14396356,0.31895164
375316653866487564,4076785950975519744,0.46062815,2322.4790892361193,0.9066330765826781,5.7378886E-5,18.409025,0.06940765,0.4074508,0.009786899,0.056882,0.037359685,0.33542764,0.81469536,0.6508431,0.0054667774,0.06078729,0.005265063,0.6894096,0.08051823,null,null,null,null,"TWOGAUSSIANS",8,2.013843,0.6508431,0.0054667774,0.34040883,0.029484352,0.6894451,0.08069023,0.4076008,0.009812664,0.3185392,0.20921424,0.33565634,0.81472576
375316653866487564,4076786088414906368,0.48569256,2316.132341512444,3.698995919523325,5.4687724E-5,19.521225,0.02837774,0.2698419,0.00842051,0.050361104,0.016071986,0.35722393,0.1286743,null,null,null,null,null,null,0.13461024,0.047879823,0.2698419,0.00842051,"ONEGAUSSIAN_WITH_ELLIPSOIDAL",6,9.221044,0.2698419,0.00842051,0.28202218,0.09000312,0.62644243,0.113232434,null,null,null,null,null,null
375316653866487564,4076786324619879424,0.40694222,2232.2188196935954,3.828021830911484,2.842898E-5,18.753954,0.49713695,0.45698538,0.02707917,0.029512832,0.26150486,0.24218693,0.32811287,0.76250386,0.034886662,0.038024936,0.049714003,0.06786649,0.54885954,null,null,null,null,"TWOGAUSSIANS",8,4.367688,0.45698538,0.026923418,0.16527186,0.2289809,0.24218693,0.12950926,0.76250386,0.034886662,0.21293963,0.21931054,0.06786649,0.5546398
375316653866487564,4076786432011774336,0.4824744,2245.6829165857375,0.8023060438198406,5.7798985E-5,19.772333,0.050645556,0.33420914,0.02948554,0.16748916,0.03438677,0.30167925,0.047497366,0.76713157,0.014585274,0.08621439,0.015815176,0.26712298,0.04602012,null,null,null,null,"TWOGAUSSIANS",8,1.5299793,0.33420914,0.029475393,0.4,0.0,0.2566516,0.019082928,0.76713157,0.014585274,0.4,0.0,0.23375718,0.043103922
375316653866487564,4076786565160576768,0.5559386,2238.5357387469235,3.3712774614255476,1.1123939E-5,18.924908,0.061062843,0.2600955,0.0035780359,0.12339912,0.020598387,0.2778323,0.058720857,0.7425043,0.0038548291,0.105319165,0.016384656,0.31708595,0.050344195,null,null,null,null,"TWOGAUSSIANS",8,1.2351395,0.7425043,0.0038548291,0.4,0.0,0.27189535,0.013272955,0.2601155,0.0035788114,0.4,0.0,0.2324769,0.0144188
375316653866487564,4076786840041506048,0.5662571,2296.895100702233,3.0509893642149555,8.703069E-6,19.178476,0.011292445,0.27607006,0.0038749403,0.076972134,0.00407835,0.4787831,0.014699366,0.7769297,0.0057874033,0.06984357,0.0043495325,0.46608666,0.028823089,null,null,null,null,"TWOGAUSSIANS",8,2.0895152,0.27607006,0.0038749403,0.4,0.0,0.47597826,0.013983977,0.7769297,0.0057874033,0.39112395,0.02408169,0.4632818,0.028566308
375316653866487564,4076786878742816896,0.6287449,2282.80974836095,1.8912438767974877,6.8895E-6,17.429104,0.009238542,0.23652884,0.0039980556,0.08597531,0.0055040084,0.36901173,0.011517152,0.7412743,0.0013794235,0.07442529,0.002209116,0.46004075,0.01118059,null,null,null,null,"TWOGAUSSIANS",8,3.7164972,0.7412743,0.0013794235,0.4,0.0,0.45428127,0.010153423,0.23652884,0.0039980556,0.4,0.0,0.36325222,0.010904318
375316653866487564,4076787080559652096,0.50890374,2230.302348193525,4.079142426857043,9.30357E-5,18.68421,0.006125331,0.20004353,0.0037593844,0.06092681,0.0059615467,0.1512767,0.009372167,0.688181,0.0010566987,0.059741188,0.006035445,0.13322665,0.0026098634,null,null,null,null,"TWOGAUSSIANS",8,1.9359449,0.20004353,0.0037593844,0.34119013,0.033384662,0.15124153,0.009371479,0.688181,0.0010566987,0.33455065,0.03379849,0.13319147,0.0026325162
375316653866487564,4076787703320012800,0.49399096,2235.63999803335,0.8230101891442819,6.224391E-5,19.359919,0.02556421,0.19787286,0.012223133,0.07260302,0.020033129,0.22034937,0.031410147,0.66421455,0.016976597,0.12385969,0.025766876,0.21349755,0.026773483,null,null,null,null,"TWOGAUSSIANS",8,2.0313218,0.19798286,0.012263232,0.4,0.045688946,0.2101759,0.03326195,0.66421455,0.016976597,0.4,0.0,0.20312564,0.015032624
375316653866487564,4076787909478718720,0.59330636,2204.0884134275293,4.7120320601471475,3.4145614E-6,18.680998,0.0077749286,0.21696904,0.14057687,0.12413918,0.08953039,0.032715946,0.034396503,0.40690365,8.475423E-4,0.02463062,0.0013057437,3.3127625,0.6441142,null,null,null,null,"TWOGAUSSIANS",8,5.1347237,0.40690365,8.475423E-4,0.13793147,0.0073121646,3.322892,0.6503571,0.21696904,0.14057687,0.4,0.14879432,0.03269631,0.034406252
375316653866487564,4076788214431066112,0.52684176,2223.9727643156457,0.13204787388176062,7.491471E-5,18.406233,0.006696488,0.23206066,0.01595573,0.02290695,0.012370059,0.4259066,0.446393,0.6921247,0.016142374,0.10335967,0.024068428,0.035630427,0.0065496215,null,null,null,null,"TWOGAUSSIANS",8,1.35355,0.23206066,0.01595573,0.12827891,0.06927233,0.4258994,0.44641897,0.6921247,0.016142374,0.4,0.0,0.03562137,0.006517852
375316653866487564,4076788351870040320,0.5407225,2186.2004276430876,0.5651727603485265,1.0177565E-4,18.756882,0.0042882687,0.17152648,0.004454437,0.02648257,0.0054299403,0.34772804,0.13137943,0.3260825,0.011645617,0.078728,0.022604905,0.27862355,0.07029706,null,null,null,null,"TWOGAUSSIANS",8,2.0461137,0.17365648,0.0048002796,0.14830239,0.030407665,0.38936505,0.10237264,0.3260825,0.011645617,0.4,0.06901925,0.27862355,0.07029695
375316653866487564,4076788699752889600,0.48368102,2168.8870228811015,0.43156683011480523,7.810198E-5,19.177998,0.012365274,0.122771405,0.04698988,0.049798086,0.0367814,0.5591395,0.42231265,null,null,null,null,null,null,null,null,null,null,"ONEGAUSSIAN",5,7.179547,0.122771405,0.04698988,0.2788693,0.13120845,0.5591395,0.0,null,null,null,null,null,null
375316653866487564,4076788768472687360,0.5454307,2250.610200528974,2.953554783781969,3.066396E-5,19.462418,0.0136010535,0.3242176,0.0063952175,0.06358565,0.006100421,0.5268026,0.04953506,0.8291824,0.0033407027,0.06054222,0.004824269,0.3969492,0.02025235,null,null,null,null,"TWOGAUSSIANS",8,3.6193602,0.3242176,0.0063952175,0.35607964,0.034162357,0.52656883,0.04958409,0.8291824,0.0033407027,0.33903643,0.027015906,0.39671543,0.020244021
375316653866487564,4076789283867933568,0.4657112,2208.5698057559566,0.26029870348920275,3.0117706E-5,18.418392,0.49129185,0.20891927,0.009499366,0.11045657,0.09380223,0.30533844,0.42483616,0.7176688,0.0073351082,0.12014339,0.063654825,0.28967315,0.46233645,null,null,null,null,"TWOGAUSSIANS",8,6.3381166,0.20887928,0.009334454,0.4,0.0,0.2534037,0.104584515,0.7176888,0.007025489,0.4,0.0,0.2376566,0.028630434
