Gaia/vari_eclipsing_binary/VariEclipsingBinary_785418-786096.csv
# %ECSV 1.0
# ---
# delimiter: ','
# meta: !!omap
# - RELEASE: Gaia DR3
# - TABLE: vari_eclipsing_binary
# - DESCRIPTION: >
#     This table describes the properties of the eclipsing binaries resulting from the variability analysis. 
# - CITATION: >
#     How to cite and acknowledge Gaia: 
#     https://gea.esac.esa.int/archive/documentation/credits.html 
# - KNOWN_ISSUES: >
#     Known issues: 
#     https://www.cosmos.esa.int/web/gaia-users/known-issues 
# - DOCUMENTATION: >
#     Tutorials and documentation: 
#     https://www.cosmos.esa.int/web/gaia-users/archive 
# datatype:
# - 
#   name: solution_id
#   datatype: int64
#   description: Solution Identifier
#   meta:
#     ucd: meta.version
# - 
#   name: source_id
#   datatype: int64
#   description: Unique source identifier
#   meta:
#     ucd: meta.id;meta.main
# - 
#   name: global_ranking
#   datatype: float32
#   description: Number between 0 (worst) and 1 (best)
#   meta:
#     ucd: stat.param
# - 
#   name: reference_time
#   datatype: float64
#   unit: d
#   description: Reference time used for the geometric model fit
#   meta:
#     ucd: time.epoch
# - 
#   name: frequency
#   datatype: float64
#   unit: d**-1
#   description: Frequency of geometric model of the eclipsing binary light curve
#   meta:
#     ucd: src.orbital
# - 
#   name: frequency_error
#   datatype: float32
#   unit: d**-1
#   description: "Uncertainty of \\texttt{frequency}"
#   meta:
#     ucd: stat.error
# - 
#   name: geom_model_reference_level
#   datatype: float32
#   unit: mag
#   description: Magnitude reference level of geometric model
#   meta:
#     ucd: phot.mag;em.opt
# - 
#   name: geom_model_reference_level_error
#   datatype: float32
#   unit: mag
#   description: "Uncertainty of \\texttt{geomModelReferenceLevel}"
#   meta:
#     ucd: stat.error;phot.mag;em.opt
# - 
#   name: geom_model_gaussian1_phase
#   datatype: float32
#   description: Phase of the Gaussian 1 component
#   meta:
#     ucd: time.phase
# - 
#   name: geom_model_gaussian1_phase_error
#   datatype: float32
#   description: "Uncertainty of \\texttt{geomModelGaussian1Phase}"
#   meta:
#     ucd: stat.error;time.phase
# - 
#   name: geom_model_gaussian1_sigma
#   datatype: float32
#   description: "Standard deviation [phase] of Gaussian 1 component"
#   meta:
#     ucd: stat.stdev
# - 
#   name: geom_model_gaussian1_sigma_error
#   datatype: float32
#   description: "Uncertainty of \\texttt{geomModelGaussian1Sigma}"
#   meta:
#     ucd: stat.error
# - 
#   name: geom_model_gaussian1_depth
#   datatype: float32
#   unit: mag
#   description: Magnitude depth of Gaussian 1 component
#   meta:
#     ucd: src.var.amplitude
# - 
#   name: geom_model_gaussian1_depth_error
#   datatype: float32
#   unit: mag
#   description: "Uncertainty of \\texttt{geomModelGaussian1Depth}"
#   meta:
#     ucd: stat.error;src.var.amplitude
# - 
#   name: geom_model_gaussian2_phase
#   datatype: float32
#   description: Phase of Gaussian 2 component
#   meta:
#     ucd: time.phase
# - 
#   name: geom_model_gaussian2_phase_error
#   datatype: float32
#   description: "Uncertainty of \\texttt{geomModelGaussian2Phase}"
#   meta:
#     ucd: stat.error;time.phase
# - 
#   name: geom_model_gaussian2_sigma
#   datatype: float32
[...]
#   datatype: float32
#   description: "Secondary eclipse: uncertainty of \\texttt{derivedSecondaryEclDuration}"
#   meta:
#     ucd: stat.error;time.duration
# - 
#   name: derived_secondary_ecl_depth
#   datatype: float32
#   unit: mag
#   description: "Secondary eclipse: depth"
#   meta:
#     ucd: src.var.amplitude
# - 
#   name: derived_secondary_ecl_depth_error
#   datatype: float32
#   unit: mag
#   description: "Secondary eclipse: uncertainty of \\texttt{derivedSecondaryEclDepth}"
#   meta:
#     ucd: stat.error;src.var.amplitude
solution_id,source_id,global_ranking,reference_time,frequency,frequency_error,geom_model_reference_level,geom_model_reference_level_error,geom_model_gaussian1_phase,geom_model_gaussian1_phase_error,geom_model_gaussian1_sigma,geom_model_gaussian1_sigma_error,geom_model_gaussian1_depth,geom_model_gaussian1_depth_error,geom_model_gaussian2_phase,geom_model_gaussian2_phase_error,geom_model_gaussian2_sigma,geom_model_gaussian2_sigma_error,geom_model_gaussian2_depth,geom_model_gaussian2_depth_error,geom_model_cosine_half_period_amplitude,geom_model_cosine_half_period_amplitude_error,geom_model_cosine_half_period_phase,geom_model_cosine_half_period_phase_error,model_type,num_model_parameters,reduced_chi2,derived_primary_ecl_phase,derived_primary_ecl_phase_error,derived_primary_ecl_duration,derived_primary_ecl_duration_error,derived_primary_ecl_depth,derived_primary_ecl_depth_error,derived_secondary_ecl_phase,derived_secondary_ecl_phase_error,derived_secondary_ecl_duration,derived_secondary_ecl_duration_error,derived_secondary_ecl_depth,derived_secondary_ecl_depth_error
[from data line 181]
375316653866487564,6911832840150652160,0.6360184,2268.4548086038076,4.0197562519480865,5.71771E-6,16.403168,0.013610493,0.33058542,0.0018510331,0.048726324,0.0054185125,0.27944097,0.04318486,0.8298696,0.021923533,0.04299912,0.011906087,0.352915,0.10017784,0.11965249,0.02448521,0.33058542,0.0018510331,"TWOGAUSSIANS_WITH_ELLIPSOIDAL_ON_ECLIPSE1",9,18.718584,0.8299296,0.02184843,0.24079506,0.06667409,0.592215,0.09410304,0.33058542,0.0018510331,0.2728674,0.03034367,0.5187454,0.030527307
375316653866487564,6911878985278842112,0.43466142,2311.8719608198453,2.607175146290085,1.7862845E-5,19.159506,0.030445186,0.15283783,0.004036815,0.034201566,0.010492312,0.50136817,0.3917432,0.49607545,0.008500779,0.03210526,0.009413228,0.56112593,0.2631966,null,null,null,null,"TWOGAUSSIANS",8,4.6108084,0.49607545,0.008500779,0.17978945,0.05271408,0.56112593,0.2631966,0.15283783,0.004036815,0.19152877,0.058756948,0.50136817,0.3917432
375316653866487564,6911882382598523264,0.48168138,2255.156558571874,2.1296306941276915,3.39253E-5,17.308153,0.007073817,0.26802897,0.004503076,0.06574377,0.009525897,0.11899242,0.030776946,0.78564125,0.024756122,0.04858097,0.027382143,0.06354497,0.005692132,null,null,null,null,"TWOGAUSSIANS",8,7.880347,0.26802897,0.004503076,0.3681651,0.053345025,0.11898604,0.030759579,0.78564125,0.024756122,0.27205342,0.1373941,0.063538596,0.005697689
375316653866487564,6911897054206132736,0.47128856,2272.194528322119,2.462393761805707,1.6452466E-5,19.750063,0.03914132,0.20011798,0.04648683,0.17057568,0.0998987,0.060768954,0.03876755,0.63228416,0.006127569,0.06429345,0.008075114,0.36534214,0.065646544,null,null,null,null,"TWOGAUSSIANS",8,1.4198633,0.63228416,0.006127569,0.36004332,0.04522064,0.35949674,0.06743921,0.20011798,0.04648683,0.4,0.0,0.05223151,0.018223448
375316653866487564,6911930795469224448,0.60675865,2263.8181861031762,2.4653315613449496,4.1781486E-6,17.192411,0.0038928494,0.23135647,0.0017416313,0.06914158,0.0013532501,0.3945498,0.0075976765,0.7400554,0.002141463,0.08160746,0.0026642436,0.29956588,0.0065176124,null,null,null,null,"TWOGAUSSIANS",8,4.788841,0.23135647,0.0017416313,0.38719285,0.0075782007,0.39227316,0.007417241,0.7400554,0.002141463,0.4,0.0,0.29728925,0.006641537
375316653866487564,6911956668353280000,0.4622737,2268.838145562534,0.09305303220156559,2.3421924E-5,19.46967,0.025390167,0.32241616,0.005634542,0.09137671,0.008212899,0.21990983,0.031042634,0.76043624,0.012552826,0.10645021,0.021303633,0.18813764,0.024364082,null,null,null,null,"TWOGAUSSIANS",8,1.4569827,0.32247615,0.005566533,0.4,0.0,0.21282984,0.024244849,0.76043624,0.012552826,0.4,0.0,0.18102007,0.017726561
375316653866487564,6911969999930551936,0.5353176,2247.95439743336,3.355991778045966,2.5938798E-5,18.769264,0.06841121,0.22788946,0.0042536864,0.1040765,0.018738264,0.3112691,0.06300197,0.7174584,0.0071460856,0.10595565,0.027824357,0.35470617,0.04344079,null,null,null,null,"TWOGAUSSIANS",8,2.8286166,0.7174584,0.0071460856,0.4,0.0,0.32002884,0.046800774,0.22789946,0.0042426917,0.4,0.0,0.2765965,0.018327693
375316653866487564,6911985363028504704,0.5207309,2229.1579348377213,2.6338814333215694,1.665769E-5,16.27,0.008443975,0.31556055,0.0032963112,0.03153311,0.009842852,0.5002817,0.32713678,0.809521,0.005427774,0.036568034,0.004614755,0.41743466,0.012439087,null,null,null,null,"TWOGAUSSIANS",8,71.25637,0.31556055,0.0032963112,0.17658544,0.055119973,0.5002817,0.32713678,0.809521,0.005427774,0.20478098,0.025842628,0.41743466,0.012439087
375316653866487564,6911990448270761728,0.5701099,2306.7827830295546,3.5154698292581306,1.3693501E-5,13.29361,0.054142695,0.2902905,0.0128275035,0.023837082,0.034562454,0.31350023,0.11915101,0.80245626,0.0027638895,0.052421004,0.0132453265,0.2035855,0.13082425,0.17674634,0.07522207,0.80245626,0.0027638895,"TWOGAUSSIANS_WITH_ELLIPSOIDAL_ON_ECLIPSE2",9,148.25298,0.29087052,0.012206662,0.13348766,0.19354975,0.66502774,0.22076537,0.80245626,0.0027638895,0.2935576,0.07417383,0.5570757,0.024032066
375316653866487564,6912006524333074432,0.5527758,2254.4746999583676,3.7160494025742765,1.6363798E-5,17.793446,0.015002282,0.20612524,0.009786424,0.04468043,0.01659095,0.18372534,0.041599557,0.71966136,0.0059361607,0.038680922,0.01566097,0.110170946,0.03700686,0.1091969,0.017393619,0.71966136,0.0059361607,"TWOGAUSSIANS_WITH_ELLIPSOIDAL_ON_ECLIPSE2",9,12.434651,0.20825525,0.007420534,0.25021043,0.092909314,0.4007904,0.04638492,0.71966136,0.0059361607,0.21661316,0.08770143,0.32856444,0.018660292
375316653866487564,6912018722040942208,0.49974945,2243.136283697559,1.0577632590613533,5.891402E-5,18.987516,0.003780522,0.25802597,4.3605317E-4,0.016490791,6.593694E-4,0.12693764,0.0035221633,0.7206778,0.018184118,0.025406769,0.0055562933,0.3554573,0.20698181,null,null,null,null,"TWOGAUSSIANS",8,1.8434478,0.7206778,0.018184118,0.1422779,0.031115241,0.3554573,0.20698181,0.25802597,4.3605317E-4,0.092348434,0.0036924689,0.12693764,0.0035221633
375316653866487564,6912039715840727424,0.46404055,2276.986402337412,1.3600035537518531,1.1160832E-4,11.888167,0.004853519,0.30079713,0.025472317,0.053179085,0.026108442,0.023878094,0.012269707,0.80086195,0.01684798,0.041476194,0.03386472,0.03239297,0.016502503,0.00778759,0.0066998256,0.30079713,0.025472317,"TWOGAUSSIANS_WITH_ELLIPSOIDAL_ON_ECLIPSE1",9,106.30658,0.80086195,0.015384749,0.23226668,0.18964244,0.047967725,0.02121856,0.30079713,0.025472317,0.29780287,0.14620727,0.039452847,0.008320239
375316653866487564,6912055491255443200,0.59838736,2298.330590454035,2.043227039023196,1.6938551E-5,15.654085,0.02178616,0.16601722,0.004786748,0.05450355,0.009791425,0.27911994,0.052277982,0.67071724,0.002760669,0.050489213,0.0048250062,0.35419568,0.0518316,0.08528276,0.028760962,0.16601722,0.004786748,"TWOGAUSSIANS_WITH_ELLIPSOIDAL_ON_ECLIPSE1",9,73.54805,0.67071724,0.002760669,0.28273958,0.027020033,0.524603,0.012367231,0.16601722,0.004786748,0.30521986,0.054831985,0.449676,0.034543525
375316653866487564,6912085865264006912,0.49247026,2222.354850450065,3.319660835070157,3.350012E-5,17.876375,0.31800315,0.2664701,0.01709548,0.11338342,0.0630375,0.32194814,0.27260694,0.74848574,0.011180188,0.1398384,0.06299307,0.41771287,0.30006737,null,null,null,null,"TWOGAUSSIANS",8,28.587666,0.74848574,0.011180188,0.4,0.0,0.32650936,0.031703044,0.2671101,0.017778348,0.4,0.0,0.23223843,0.037872422
375316653866487564,6912121354579029760,0.5004886,2304.463103120963,1.4452123357269961,6.2409425E-5,17.421457,0.0044759037,0.19400385,0.1915313,0.061337907,0.12890026,0.022461228,0.028660143,0.78263575,0.0075038513,0.0057940045,0.002525328,0.22912984,0.19234721,null,null,null,null,"TWOGAUSSIANS",8,6.395645,0.78263575,0.0075038513,0.032446425,0.014141836,0.22912984,0.19231807,0.19400385,0.1915313,0.34349227,0.19626397,0.022461228,0.028938679
375316653866487564,6912161903365075200,0.45133728,2255.018025880024,1.3537851178964078,2.945804E-5,17.560139,0.004654051,0.27160415,0.0049100043,0.047440987,0.0070454422,0.12255694,0.029430125,0.7355262,0.02835402,0.044690322,0.020025883,0.005181527,0.00553184,null,null,null,null,"TWOGAUSSIANS",8,5.3529415,0.27160415,0.0049100043,0.26566952,0.039454475,0.12255694,0.029430132,0.7355262,0.02835402,0.2502658,0.11214495,0.005181525,0.0055317846
375316653866487564,6912183545704237824,0.6756829,2296.5348108898515,1.1494009854749871,2.6371733E-6,13.328592,0.0027560496,0.31746286,0.005928074,0.034202196,0.02641383,0.07982226,7.0257576E7,0.8229865,3.2185751E-4,0.0345781,0.0010733579,0.58047634,0.011212164,0.021859948,0.005192546,0.31746286,0.005928074,"TWOGAUSSIANS_WITH_ELLIPSOIDAL_ON_ECLIPSE1",9,42.981346,0.8229865,3.2185751E-4,0.19363736,0.006010804,0.6241436,0.016750975,0.31746286,0.005928074,0.19153228,0.14791745,0.12354213,7.0257576E7
375316653866487564,6912189146342184576,0.5630157,2283.2917708182504,3.8264817079207436,8.928534E-6,16.976147,0.026006883,0.28208798,0.011926315,0.054027766,0.013236005,0.1890713,0.057421688,0.7620502,0.0047316714,0.045475233,0.027482474,0.124945536,0.031198844,0.12066264,0.029501846,0.7620502,0.0047316714,"TWOGAUSSIANS_WITH_ELLIPSOIDAL_ON_ECLIPSE2",9,29.176855,0.277548,0.009723187,0.3025555,0.074121624,0.42744842,0.026222954,0.7620502,0.0047316714,0.2546613,0.14729697,0.36627004,0.035355974
375316653866487564,6912204887398003840,0.6258369,2268.1082240178666,1.4788765592342705,3.6373133E-6,13.547725,0.0013090507,0.25614408,0.0021115472,0.06501172,0.002164425,0.059901338,0.0037091468,0.76358676,9.1172E-4,0.043250572,0.004211115,0.030498313,0.0037702401,0.0482062,0.0023534743,0.76358676,9.1172E-4,"TWOGAUSSIANS_WITH_ELLIPSOIDAL_ON_ECLIPSE2",9,14.42608,0.2587441,0.0012349208,0.3640656,0.012120781,0.15615292,0.0018374781,0.76358676,9.1172E-4,0.24220319,0.023582244,0.12688702,0.002704669
375316653866487564,6912213030655984256,0.60248905,2266.069164296748,1.5575304552202867,6.2898966E-6,12.692918,0.021394273,0.24265239,0.02174676,0.104538254,0.025622036,0.2190666,0.0231801,0.7359833,0.0015183318,0.09792667,0.0055419584,0.34391418,0.020084323,null,null,null,null,"TWOGAUSSIANS",8,160.43977,0.7359833,0.0015183318,0.4,0.0,0.32028672,0.008036083,0.24265239,0.02174676,0.4,0.0,0.19543578,0.01410706
375316653866487564,6912245015276677760,0.5640696,2278.7388636960954,4.4579755209748955,9.600185E-6,18.413649,0.011446571,0.22201198,0.00378655,0.090772994,0.0055410885,0.30910736,0.017380636,0.7249343,0.0063224672,0.08420854,0.006307546,0.33837152,0.014732745,null,null,null,null,"TWOGAUSSIANS",8,2.3728893,0.7249343,0.0063224672,0.4,0.0,0.32800156,0.010073557,0.22201198,0.00378655,0.4,0.0,0.29873726,0.016419992
375316653866487564,6912280783765204352,0.58734775,2265.9359465013936,3.8148154013040583,1.0883277E-5,19.026722,0.013520487,0.2615997,0.007798355,0.073048055,0.007574426,0.5362636,0.017817916,0.7565915,0.005081687,0.07121719,0.005027065,0.5752304,0.022271495,null,null,null,null,"TWOGAUSSIANS",8,2.5248861,0.7565915,0.005081687,0.39881626,0.016769255,0.5728067,0.021495018,0.2615997,0.007798355,0.4,0.0037185152,0.53383994,0.016559875
375316653866487564,6912294012264702336,0.59083563,2275.428581584081,3.9708573531169717,7.580923E-6,17.508404,0.008038181,0.33406606,0.0032648528,0.07277234,0.006066029,0.5174122,0.08889108,0.8257401,0.0023203387,0.07246766,0.0030593479,0.42645442,0.021127108,null,null,null,null,"TWOGAUSSIANS",8,7.115988,0.33406606,0.0032648528,0.4,0.0,0.5153568,0.09015284,0.8257401,0.0023203387,0.4,0.0020251733,0.424399,0.021155087
375316653866487564,6912298753908698112,0.43783343,2307.1954807646675,0.5035207724843516,3.4151686E-5,18.630825,0.012333145,0.33909306,0.01512302,0.13451964,0.018233577,0.23012923,0.026125873,0.88218635,0.0028550446,0.018981526,0.0036079916,0.2653919,0.095394336,null,null,null,null,"TWOGAUSSIANS",8,10.085161,0.8822064,0.0028605277,0.10629654,0.020204755,0.26545167,0.09540701,0.33909306,0.01512302,0.4,0.0,0.22940324,0.026318187
375316653866487564,6912324317553187712,0.5161597,2312.066318632315,1.1298206234432784,2.9137986E-5,18.299135,0.021707268,0.2503817,0.012595835,0.09627284,0.02040922,0.16172098,0.021677457,0.7609867,0.007494741,0.10199934,0.017242365,0.1187144,0.02079749,null,null,null,null,"TWOGAUSSIANS",8,1.7506142,0.2503817,0.012595835,0.4,0.0,0.15174273,0.010519372,0.7609867,0.007494741,0.4,0.0,0.10873505,0.0074746585
375316653866487564,6912376338196693632,0.525604,2260.2112735641804,4.04662027773876,1.71575E-5,18.935078,0.009953385,0.2727515,0.01368278,0.050393138,0.008435048,0.067577295,0.021889092,0.8027435,0.0039558457,0.035950482,0.010169886,0.16206732,0.2104481,0.10220299,0.013360496,0.8027435,0.0039558457,"TWOGAUSSIANS_WITH_ELLIPSOIDAL_ON_ECLIPSE2",9,4.7648125,0.8027435,0.0039558457,0.20132269,0.056951363,0.366473,0.21534616,0.28419152,0.008029377,0.28220156,0.04723627,0.26749906,0.011516304
375316653866487564,6912435406882452480,0.5259279,2295.542103868144,3.771508219403204,3.2677657E-5,14.376741,0.0045833495,0.22854702,0.046867453,0.020852739,0.027748208,0.030349532,2303.3318,0.7536296,0.006399401,0.036883578,0.0322733,0.09617292,0.53822863,0.06801258,0.0066779414,0.7536296,0.006399401,"TWOGAUSSIANS_WITH_ELLIPSOIDAL_ON_ECLIPSE2",9,196.16542,0.7536296,0.006399401,0.20654804,0.18073048,0.23219799,0.53877836,0.23189703,0.040788706,0.11677534,0.15538996,0.1634649,2303.3318
375316653866487564,6912473305674045440,0.5814076,2359.0328636570107,2.870877305234179,1.7197844E-5,15.912672,0.011119787,0.26493508,0.004221713,0.08075448,0.004542629,0.5130308,0.024264341,0.76389414,0.0023844368,0.08065976,0.0041802246,0.43855307,0.023338187,null,null,null,null,"TWOGAUSSIANS",8,65.9014,0.26493508,0.004221713,0.4,0.0,0.5053623,0.02453803,0.76389414,0.0023844368,0.4,0.0,0.4308845,0.023945816
375316653866487564,6912476084517446016,0.515294,2284.2717567074437,3.6072590770105935,8.301208E-6,16.767918,0.002743003,null,null,null,null,null,null,null,null,null,null,null,null,0.10132615,0.004721092,0.23164196,0.0024535756,"ELLIPSOIDAL",4,15.484377,null,null,null,null,null,null,null,null,null,null,null,null
375316653866487564,6912487045274047872,0.560625,2255.7206182800687,2.809507526455741,1.9523995E-5,16.24032,0.012759215,0.24195784,0.0051046885,0.06853583,0.005015419,0.35219726,0.015122415,0.74535275,0.0030444346,0.08236825,0.0043772985,0.4307125,0.020523863,null,null,null,null,"TWOGAUSSIANS",8,47.304146,0.74535275,0.0030444346,0.4,0.0,0.42771134,0.02058845,0.24195784,0.0051046885,0.38380063,0.027253265,0.34919608,0.014176208
375316653866487564,6912490657341941248,0.58392143,2273.3579203963836,3.5974984236990095,1.5891526E-5,15.983425,0.016315272,0.28269786,0.004454752,0.089388564,0.008715524,0.29088697,0.016461287,0.7711597,0.005567318,0.10023309,0.010913603,0.27546275,0.017598778,null,null,null,null,"TWOGAUSSIANS",8,34.677994,0.28269786,0.004454752,0.4,0.0,0.27606398,0.012126219,0.7711597,0.005567318,0.4,0.0,0.26063734,0.014598447
375316653866487564,6912491031003774976,0.45328695,2290.5503399678355,0.35112877540160303,3.7114954E-5,18.803862,0.016585166,0.37741464,0.011752964,0.06340479,0.0132939555,0.26598725,0.049130525,0.5990128,0.013444184,0.047307868,0.012025754,0.14297007,0.03719431,0.094091594,0.024159756,0.5990128,0.013444184,"TWOGAUSSIANS_WITH_ELLIPSOIDAL_ON_ECLIPSE2",9,4.264073,0.5990128,0.013444184,0.26492405,0.067344226,0.33174512,0.024825605,0.38536462,0.013872534,0.35506684,0.07444615,0.2735574,0.049005967
375316653866487564,6912494604416579712,0.5754006,2261.4889361530372,1.8402263632487081,7.4116315E-6,16.584145,0.007687601,0.2672793,9.7464264E-4,0.033712648,0.0022269788,0.5716611,0.030315984,0.76107025,0.049427923,0.039917227,0.025479034,0.701343,0.16361982,null,null,null,null,"TWOGAUSSIANS",8,68.36252,0.76107025,0.049427923,0.22353648,0.1426826,0.701343,0.16361982,0.2672793,9.7464264E-4,0.18879081,0.012471082,0.5716611,0.030315984
375316653866487564,6912538859760007808,0.51497406,2243.3970869790173,3.0813637453703815,2.6091675E-5,19.497616,0.011647662,0.26397085,0.005865444,0.03604135,0.005424132,0.7688434,0.10045592,0.76534855,0.00644421,0.049708467,0.005519987,0.40488508,0.02204818,null,null,null,null,"TWOGAUSSIANS",8,6.2322793,0.26397085,0.005865444,0.20183156,0.03037514,0.76884335,0.10045595,0.76534855,0.00644421,0.27836743,0.030911928,0.40488505,0.022048188
375316653866487564,6912567137824965760,0.44201732,2266.208044918337,0.20613815222449058,2.4169607E-5,18.41138,0.044896793,0.20643891,0.0142514305,0.13859664,0.04673231,0.17082457,0.046212554,0.6572114,0.0014618653,0.042408034,0.02721889,0.5579405,0.6205939,null,null,null,null,"TWOGAUSSIANS",8,7.4635396,0.6572114,0.0014618653,0.23748499,0.15242578,0.5551655,0.6293718,0.20643891,0.0142514305,0.4,0.0,0.16712113,0.036774706
