Gaia/vari_eclipsing_binary/VariEclipsingBinary_603833-603880.csv
# %ECSV 1.0
# ---
# delimiter: ','
# meta: !!omap
# - RELEASE: Gaia DR3
# - TABLE: vari_eclipsing_binary
# - DESCRIPTION: >
#     This table describes the properties of the eclipsing binaries resulting from the variability analysis. 
# - CITATION: >
#     How to cite and acknowledge Gaia: 
#     https://gea.esac.esa.int/archive/documentation/credits.html 
# - KNOWN_ISSUES: >
#     Known issues: 
#     https://www.cosmos.esa.int/web/gaia-users/known-issues 
# - DOCUMENTATION: >
#     Tutorials and documentation: 
#     https://www.cosmos.esa.int/web/gaia-users/archive 
# datatype:
# - 
#   name: solution_id
#   datatype: int64
#   description: Solution Identifier
#   meta:
#     ucd: meta.version
# - 
#   name: source_id
#   datatype: int64
#   description: Unique source identifier
#   meta:
#     ucd: meta.id;meta.main
# - 
#   name: global_ranking
#   datatype: float32
#   description: Number between 0 (worst) and 1 (best)
#   meta:
#     ucd: stat.param
# - 
#   name: reference_time
#   datatype: float64
#   unit: d
#   description: Reference time used for the geometric model fit
#   meta:
#     ucd: time.epoch
# - 
#   name: frequency
#   datatype: float64
#   unit: d**-1
#   description: Frequency of geometric model of the eclipsing binary light curve
#   meta:
#     ucd: src.orbital
# - 
#   name: frequency_error
#   datatype: float32
#   unit: d**-1
#   description: "Uncertainty of \\texttt{frequency}"
#   meta:
#     ucd: stat.error
# - 
#   name: geom_model_reference_level
#   datatype: float32
#   unit: mag
#   description: Magnitude reference level of geometric model
#   meta:
#     ucd: phot.mag;em.opt
# - 
#   name: geom_model_reference_level_error
#   datatype: float32
#   unit: mag
#   description: "Uncertainty of \\texttt{geomModelReferenceLevel}"
#   meta:
#     ucd: stat.error;phot.mag;em.opt
# - 
#   name: geom_model_gaussian1_phase
#   datatype: float32
#   description: Phase of the Gaussian 1 component
#   meta:
#     ucd: time.phase
# - 
#   name: geom_model_gaussian1_phase_error
#   datatype: float32
#   description: "Uncertainty of \\texttt{geomModelGaussian1Phase}"
#   meta:
#     ucd: stat.error;time.phase
# - 
#   name: geom_model_gaussian1_sigma
#   datatype: float32
#   description: "Standard deviation [phase] of Gaussian 1 component"
#   meta:
#     ucd: stat.stdev
# - 
#   name: geom_model_gaussian1_sigma_error
#   datatype: float32
#   description: "Uncertainty of \\texttt{geomModelGaussian1Sigma}"
#   meta:
#     ucd: stat.error
# - 
#   name: geom_model_gaussian1_depth
#   datatype: float32
#   unit: mag
#   description: Magnitude depth of Gaussian 1 component
#   meta:
#     ucd: src.var.amplitude
# - 
#   name: geom_model_gaussian1_depth_error
#   datatype: float32
#   unit: mag
#   description: "Uncertainty of \\texttt{geomModelGaussian1Depth}"
#   meta:
#     ucd: stat.error;src.var.amplitude
# - 
#   name: geom_model_gaussian2_phase
#   datatype: float32
#   description: Phase of Gaussian 2 component
#   meta:
#     ucd: time.phase
# - 
#   name: geom_model_gaussian2_phase_error
#   datatype: float32
#   description: "Uncertainty of \\texttt{geomModelGaussian2Phase}"
#   meta:
#     ucd: stat.error;time.phase
# - 
#   name: geom_model_gaussian2_sigma
#   datatype: float32
[...]
#   datatype: float32
#   description: "Secondary eclipse: uncertainty of \\texttt{derivedSecondaryEclDuration}"
#   meta:
#     ucd: stat.error;time.duration
# - 
#   name: derived_secondary_ecl_depth
#   datatype: float32
#   unit: mag
#   description: "Secondary eclipse: depth"
#   meta:
#     ucd: src.var.amplitude
# - 
#   name: derived_secondary_ecl_depth_error
#   datatype: float32
#   unit: mag
#   description: "Secondary eclipse: uncertainty of \\texttt{derivedSecondaryEclDepth}"
#   meta:
#     ucd: stat.error;src.var.amplitude
solution_id,source_id,global_ranking,reference_time,frequency,frequency_error,geom_model_reference_level,geom_model_reference_level_error,geom_model_gaussian1_phase,geom_model_gaussian1_phase_error,geom_model_gaussian1_sigma,geom_model_gaussian1_sigma_error,geom_model_gaussian1_depth,geom_model_gaussian1_depth_error,geom_model_gaussian2_phase,geom_model_gaussian2_phase_error,geom_model_gaussian2_sigma,geom_model_gaussian2_sigma_error,geom_model_gaussian2_depth,geom_model_gaussian2_depth_error,geom_model_cosine_half_period_amplitude,geom_model_cosine_half_period_amplitude_error,geom_model_cosine_half_period_phase,geom_model_cosine_half_period_phase_error,model_type,num_model_parameters,reduced_chi2,derived_primary_ecl_phase,derived_primary_ecl_phase_error,derived_primary_ecl_duration,derived_primary_ecl_duration_error,derived_primary_ecl_depth,derived_primary_ecl_depth_error,derived_secondary_ecl_phase,derived_secondary_ecl_phase_error,derived_secondary_ecl_duration,derived_secondary_ecl_duration_error,derived_secondary_ecl_depth,derived_secondary_ecl_depth_error
[from data line 144]
375316653866487564,5311450299648321408,0.5419795,2088.854545698529,3.4856777377670958,7.0180195E-6,17.507586,0.014125764,0.2420779,0.0024339682,0.09027346,0.0057714707,0.3737261,0.016470022,0.73994064,0.004023642,0.09878142,0.0053208424,0.34162217,0.015550622,null,null,null,null,"TWOGAUSSIANS",8,14.181804,0.2420779,0.0024339682,0.4,0.0,0.35280505,0.017221745,0.73994064,0.004023642,0.4,0.0,0.3206994,0.008320883
375316653866487564,5311450647530753792,0.5966136,2057.6520496192447,3.630992166168461,1.0473638E-5,17.65512,0.017125286,0.29253575,0.002109412,0.05446625,0.0047956966,0.404847,0.038851444,0.7896426,0.0035108114,0.052538037,0.006814537,0.32447717,0.03924156,0.088807404,0.025464881,0.29253575,0.002109412,"TWOGAUSSIANS_WITH_ELLIPSOIDAL_ON_ECLIPSE1",9,9.930716,0.29253575,0.002109412,0.305011,0.0268559,0.5824466,0.015438684,0.7899526,0.0030923823,0.294213,0.03816141,0.5020243,0.02432392
375316653866487564,5311451437834005376,0.62013614,2042.5503247945232,2.2067781189756697,3.1492966E-6,15.148144,0.0052441587,0.24771066,0.0011539876,0.09393542,0.0026724793,0.26434648,0.0076077404,0.74579835,0.0010928061,0.08408653,0.00190339,0.2677005,0.0052633393,null,null,null,null,"TWOGAUSSIANS",8,16.310474,0.74579835,0.0010928061,0.4,0.0,0.2577257,0.0037796386,0.24771066,0.0011539876,0.4,0.0,0.25437132,0.007302844
375316653866487564,5311451639670305920,0.5515262,2013.2859591403223,1.3003120596020667,2.13514E-5,19.048115,0.0037236367,0.22457112,0.003030746,0.03588712,0.0022017476,0.39348644,0.03416924,0.7227925,0.005296072,0.03549299,0.008924022,0.45091346,0.11023656,null,null,null,null,"TWOGAUSSIANS",8,1.6632773,0.7227925,0.005296072,0.19876075,0.049974527,0.45091346,0.11023656,0.22457112,0.003030746,0.20096786,0.012329787,0.39348644,0.03416924
375316653866487564,5311453293259944704,0.60217595,2067.6615830495502,1.3235614972411855,6.0299517E-6,17.373222,0.0017379852,0.6139456,0.0038050695,0.04969796,0.0023618117,0.35988504,0.0039602686,null,null,null,null,null,null,null,null,null,null,"ONEGAUSSIAN",5,2.990719,0.6139456,0.0038050695,0.27830857,0.013226146,0.35988504,0.0,null,null,null,null,null,null
375316653866487564,5311453838695095808,0.5324769,2072.124292975992,0.849668730296846,7.183492E-5,18.044043,0.0023265113,0.19217964,0.023177542,0.04253138,0.021072477,0.019776316,0.0067226887,0.7116298,0.0037627802,0.028515745,0.0038425364,0.21628068,0.007567624,null,null,null,null,"TWOGAUSSIANS",8,2.3094754,0.7116298,0.0037627802,0.15968817,0.021518204,0.21628068,0.007567624,0.19217964,0.023177542,0.23817572,0.118005864,0.019776316,0.0067226887
375316653866487564,5311454564570299264,0.5292773,2104.1419947721593,0.5170349936396627,1.0237002E-5,17.909344,0.0015887958,0.41552788,0.0016303821,0.022241898,9.3505805E-4,0.1576814,0.0065070987,0.90138274,0.004142396,0.018204069,0.0026119384,0.037665833,0.011049278,null,null,null,null,"TWOGAUSSIANS",8,1.7390575,0.41552788,0.0016303821,0.12455463,0.0052363253,0.1576814,0.0065070987,0.90138274,0.004142396,0.101942785,0.014626856,0.037665833,0.011049278
375316653866487564,5311455178722689664,0.61348903,2058.291993736468,0.1474366410895328,5.3432268E-5,18.131218,0.0021060507,0.2902595,0.0029807407,0.016780896,0.0020673866,0.27378455,0.038693223,0.80654305,0.0015132461,0.02092919,0.0014462024,0.4876604,0.0061251596,null,null,null,null,"TWOGAUSSIANS",8,2.504329,0.80654305,0.0015132461,0.11720347,0.008098734,0.4876604,0.0061251596,0.2902595,0.0029807407,0.09397302,0.011577365,0.27378455,0.038693223
375316653866487564,5311456003358607232,0.52189225,2124.5425620771603,2.8668183803615794,1.660244E-5,18.11781,0.0039348546,0.7524298,0.004309469,0.027800117,0.025317892,0.010844246,14.887636,null,null,null,null,null,null,0.07246249,0.0050998903,0.7524298,0.004309469,"ONEGAUSSIAN_WITH_ELLIPSOIDAL",6,3.2832751,0.7524298,0.004309469,0.15568066,0.1417802,0.1557692,14.895941,null,null,null,null,null,null
375316653866487564,5311456999791162880,0.6192277,2032.263329066415,1.1851092321476462,8.809336E-6,18.60482,0.0073794383,0.20755017,0.004027548,0.055416934,0.004599413,0.1696701,0.0077285627,0.7110026,9.035253E-4,0.04702265,0.0010674779,0.77071065,0.011762826,null,null,null,null,"TWOGAUSSIANS",8,2.4288402,0.7110026,9.035253E-4,0.26332682,0.0059778765,0.7707069,0.011761479,0.20755017,0.004027548,0.31033483,0.025756713,0.1696663,0.007726263
375316653866487564,5311457961864322560,0.47949427,2096.6109598743387,3.5443313769217784,2.9234452E-5,18.56002,0.018824369,0.30020997,0.017421851,0.087267615,0.034308404,0.100347206,0.017259585,0.74747765,0.008888602,0.09692106,0.018847853,0.16527694,0.016873922,null,null,null,null,"TWOGAUSSIANS",8,3.7707162,0.74747765,0.008888602,0.4,0.0,0.16239698,0.012315324,0.30021995,0.017464865,0.4,0.0,0.097470984,0.012838238
375316653866487564,5311458069263450624,0.6146302,2101.806326786398,0.31591396957692436,7.054345E-6,13.405292,4.4592016E-4,0.352786,1.1372197E-5,0.008021957,1.5954256E-5,0.3389043,7.898755E-4,null,null,null,null,null,null,null,null,null,null,"ONEGAUSSIAN",5,13.693728,0.352786,1.1372197E-5,0.044922963,8.9343834E-5,0.3389043,0.0,null,null,null,null,null,null
375316653866487564,5311458855217691520,0.47039425,2093.7795246344913,1.5822432497458092,2.3546287E-5,17.959955,0.005070637,0.29929027,0.009737827,0.02599966,0.031784274,0.08181437,0.18445808,0.764123,0.025826698,0.015894929,0.018047605,0.038918864,0.13792422,0.029842092,0.0066188658,0.29929027,0.009737827,"TWOGAUSSIANS_WITH_ELLIPSOIDAL_ON_ECLIPSE1",9,4.134573,0.29929027,0.009737827,0.14559808,0.17799193,0.14149842,0.18817598,0.76514304,0.025081085,0.0890116,0.10106659,0.095817305,0.13679689
375316653866487564,5311459649811910016,0.6144822,2084.911338131688,3.266525533930444,3.2370997E-6,18.11824,0.009062664,0.30256006,0.0012172627,0.048479654,0.0031099834,0.23958838,0.02607269,0.7975004,0.0014302037,0.046659097,0.004689908,0.36817196,0.025330547,0.11560028,0.015672058,0.30256006,0.0012172627,"TWOGAUSSIANS_WITH_ELLIPSOIDAL_ON_ECLIPSE1",9,4.745275,0.7979903,0.0012531723,0.26129094,0.026263485,0.5991609,0.028038396,0.30256006,0.0012172627,0.27148607,0.017415907,0.47078815,0.011904295
375316653866487564,5311459855976252160,0.5625685,2101.965792918043,1.175534712637442,3.6470112E-6,17.832249,0.0026716301,0.21142663,4.0319248E-4,0.015071483,3.028803E-4,0.26294857,0.002886335,0.71781963,8.962735E-4,0.018963918,0.0014415705,0.47237948,0.016342845,null,null,null,null,"TWOGAUSSIANS",8,6.174252,0.71781963,8.962735E-4,0.106197946,0.008072794,0.47237948,0.016342845,0.21142663,4.0319248E-4,0.08440031,0.0016961298,0.26294857,0.002886335
375316653866487564,5311460573204359680,0.48993897,2039.525294192835,0.35980164694908884,2.5148069E-5,17.988972,0.002785613,0.2327462,0.014438656,0.031177051,0.020180237,0.08049084,0.02063718,0.7320677,0.011294832,0.021313917,0.0038750723,0.14279471,0.047139727,0.01468604,0.0040503093,0.2327462,0.014438656,"TWOGAUSSIANS_WITH_ELLIPSOIDAL_ON_ECLIPSE1",9,3.036094,0.7320677,0.011280911,0.119357936,0.021700405,0.1721662,0.04765867,0.2327462,0.014438656,0.1745915,0.11300932,0.10986286,0.02257346
375316653866487564,5311460852402764032,0.5804048,2098.4710385280687,0.8069798683431004,8.148716E-6,16.499891,0.004202718,0.21026933,0.009595135,0.031083552,0.009679828,0.29980013,0.05067261,0.7082738,8.3051703E-4,0.032940358,0.0014631978,0.3197802,0.011027936,0.016668938,0.006032,0.21026933,0.009595135,"TWOGAUSSIANS_WITH_ELLIPSOIDAL_ON_ECLIPSE1",9,13.398818,0.70829386,8.184825E-4,0.18446602,0.008193907,0.35311282,0.008468578,0.21026933,0.009595135,0.1740679,0.054207034,0.33313796,0.053129394
375316653866487564,5311462089353404032,0.60005987,2116.149471815398,0.4796745031627064,1.0850156E-6,14.85545,0.00520061,0.3110751,1.7795012E-4,0.02972668,3.6493418E-4,1.0499258,0.014424219,0.81634194,0.006301156,0.025182469,0.0038794198,0.084293835,0.008213394,null,null,null,null,"TWOGAUSSIANS",8,117.61061,0.3110751,1.7795012E-4,0.16646941,0.0020436314,1.0499258,0.014424219,0.81634194,0.006301156,0.14102182,0.021724751,0.084293835,0.008213394
375316653866487564,5311462432921928320,0.48533955,2122.471031403537,2.7725730501777335,2.0905289E-5,19.231087,0.031157767,0.17049274,0.006265125,0.0965757,0.017945262,0.15489474,0.029502328,0.68375176,0.012177796,0.11232245,0.020198843,0.20898913,0.031477842,null,null,null,null,"TWOGAUSSIANS",8,2.0546038,0.68375176,0.012177796,0.4,0.0,0.19126046,0.017845618,0.17046274,0.006263672,0.4,0.0,0.13718906,0.0127831595
375316653866487564,5311462669149034496,0.5731121,2095.3106255089465,0.42305021652885244,1.8394892E-5,18.888702,0.0020286595,0.47141698,0.0014902387,0.007700594,0.0017320412,2.1336663,4.786643,0.6748142,0.009412916,0.02485241,0.007058858,0.037396416,0.015446215,null,null,null,null,"TWOGAUSSIANS",8,1.1783857,0.47141698,0.0014902387,0.043123327,0.009699431,2.1336663,4.786643,0.6748142,0.009412916,0.1391735,0.039529603,0.037396416,0.015446215
375316653866487564,5311462913992889984,0.5104157,2085.4576734144885,2.480087120802521,8.9034365E-6,19.546795,0.009202822,0.1717016,0.0049114716,0.08155706,0.0058255135,0.3434803,0.017767942,0.6654251,0.0026455773,0.08866149,0.0053237556,0.3295737,0.015638556,null,null,null,null,"TWOGAUSSIANS",8,1.3479977,0.1717016,0.0049114716,0.4,0.0,0.3354237,0.017870206,0.6654251,0.0026455773,0.4,0.0,0.32151705,0.016481707
375316653866487564,5311463150185647488,0.51919127,2074.239807138519,1.7630601841378664,8.309816E-6,18.722801,0.013031194,0.26260525,0.0067533837,0.111732244,0.013268935,0.13463217,0.012929068,0.75097114,0.0018410162,0.086844385,0.0057775257,0.2446683,0.012396167,null,null,null,null,"TWOGAUSSIANS",8,1.7011752,0.75097114,0.0018410162,0.4,0.0,0.23232105,0.009425042,0.26260525,0.0067533837,0.4,0.0,0.12227163,0.00903348
375316653866487564,5311466246852857472,0.50464505,2088.7631248236826,3.4683154968137204,1.681445E-5,19.881756,0.02162253,0.2552819,0.013097364,0.06334802,0.015563899,0.39807823,0.04901439,0.76138157,0.003992459,0.073066644,0.008846869,0.44603455,0.045769643,null,null,null,null,"TWOGAUSSIANS",8,2.3364253,0.76138157,0.003992459,0.4,0.02189359,0.44516858,0.046444967,0.2552819,0.013097364,0.3547489,0.08715783,0.39721224,0.049079
375316653866487564,5311466551797211648,0.52322656,2112.335483872139,2.917277141798369,8.012919E-6,17.621311,0.0023270063,0.26242435,0.0035017964,0.06978449,0.0053921794,0.17910288,0.009321004,0.7613682,0.003608115,0.0784469,0.0031438686,0.16556984,0.0069696847,null,null,null,null,"TWOGAUSSIANS",8,4.74639,0.26242435,0.0035017964,0.39079314,0.022413712,0.17797041,0.00960524,0.7613682,0.003608115,0.4,0.0,0.16443735,0.00699467
375316653866487564,5311467823111052288,0.5874811,2097.344084737462,0.694682924518708,2.0519533E-6,19.087376,0.003948328,0.18710375,0.025552357,0.02419561,0.014982479,0.080944605,0.04712726,0.6933022,0.0011863076,0.023438659,0.0010011767,0.98708636,0.03883201,null,null,null,null,"TWOGAUSSIANS",8,2.171749,0.6933022,0.0011863076,0.13125649,0.0056065894,0.98708636,0.03883201,0.18710375,0.025552357,0.13549541,0.08390188,0.080944605,0.04712726
375316653866487564,5311467999208801024,0.6344588,2075.0597320875363,0.0684583336393751,6.8421374E-5,17.326532,0.0050223423,0.66376334,6.714963E-4,0.009173858,5.2492536E-4,0.5734596,0.035791595,0.28878704,0.08331788,0.19818978,0.39771727,0.0055555115,0.009544851,null,null,null,null,"TWOGAUSSIANS",8,1.675828,0.66376334,6.714963E-4,0.05137361,0.0029395819,0.57396483,0.035904318,0.28878704,0.08331788,0.4,0.59295744,0.0050945682,0.010435865
375316653866487564,5311468033568566016,0.5582497,2078.950497957037,2.4261784861580598,8.978631E-6,18.988369,0.036018994,0.32272163,0.0021214907,0.062114324,0.009862102,0.42105785,0.06701856,0.8317953,0.0057659815,0.047137115,0.013445263,0.18808898,0.07975061,0.11091742,0.04365837,0.32272163,0.0021214907,"TWOGAUSSIANS_WITH_ELLIPSOIDAL_ON_ECLIPSE1",9,4.5684056,0.32272163,0.0021214907,0.34784022,0.05522777,0.642766,0.03499945,0.8317953,0.0057659815,0.26396784,0.07529347,0.40907687,0.015701473
375316653866487564,5311468308466368000,0.43884313,2116.8298633411673,1.947548909527668,8.052508E-5,19.05494,0.008748083,0.16255653,0.003941495,0.023310965,0.012328994,0.14990047,0.14806262,0.62455887,0.016505733,0.04728138,0.0072899004,0.27279314,0.04312891,null,null,null,null,"TWOGAUSSIANS",8,6.395949,0.62455887,0.016505733,0.26477572,0.04082344,0.27279314,0.04312891,0.16255653,0.003941495,0.1305414,0.06904237,0.14990047,0.14806262
375316653866487564,5311468475939152768,0.51111084,2110.3802821245818,0.9448632774753353,6.946335E-6,17.685932,0.00270912,0.5790464,0.0015926601,0.040320516,0.0018574004,0.29180357,0.01143011,0.8440612,0.0063869767,0.010481307,0.0050250688,0.040027685,0.025891839,null,null,null,null,"TWOGAUSSIANS",8,6.187108,0.5790464,0.0015926601,0.22579488,0.010401443,0.29180357,0.01143011,0.8440612,0.0063869767,0.05869532,0.028140385,0.040027685,0.025891839
375316653866487564,5311468819536686464,0.61089194,2105.6252229774755,0.4802283300337239,4.049468E-6,18.210154,0.0023679377,0.14992946,6.3303317E-4,0.019644719,6.614676E-4,0.3923833,0.008544409,0.6492437,0.003637758,0.019154316,0.0019568747,0.34163824,0.014317163,null,null,null,null,"TWOGAUSSIANS",8,1.9536594,0.14992946,6.3303317E-4,0.11001042,0.0037042187,0.3923833,0.008544409,0.6492437,0.003637758,0.10726417,0.010958499,0.34163824,0.014317163
375316653866487564,5311470468804198272,0.5117357,2105.554676483928,3.0814899709757912,1.5684116E-5,18.9761,0.011887827,0.30376378,0.0062440378,0.09293206,0.0078474125,0.22069271,0.017030498,0.77501184,0.005641953,0.101536356,0.0089662345,0.24468316,0.011989758,null,null,null,null,"TWOGAUSSIANS",8,1.8370831,0.77501184,0.005641953,0.4,0.0,0.23313613,0.00787731,0.3037738,0.0062410543,0.4,0.0,0.20915055,0.015106283
375316653866487564,5311471229044195328,0.5079787,2074.512248843939,1.7517869683235285,1.0771366E-5,17.054052,0.019661123,0.24718624,0.002111191,0.04569387,0.0063239527,0.3303747,0.0379271,0.74934196,0.00948919,0.055248816,0.010056551,0.20696051,0.057487383,0.048359554,0.023792427,0.24718624,0.002111191,"TWOGAUSSIANS_WITH_ELLIPSOIDAL_ON_ECLIPSE1",9,50.3011,0.24718624,0.002111191,0.2558857,0.035414133,0.42708695,0.019063285,0.74934196,0.009313745,0.30939338,0.05631668,0.30365506,0.052382287
375316653866487564,5311471469562243200,0.570098,2099.0718741664227,0.5203869530243171,1.3654842E-5,15.827746,7.9102535E-4,0.16117203,0.0032794306,0.023394568,0.002129807,0.6163312,0.115778156,0.56961906,8.163639E-5,0.0031127585,9.4231036E-5,0.11413287,0.0011000274,null,null,null,null,"TWOGAUSSIANS",8,38.546104,0.16117203,0.0032794306,0.13100958,0.011926919,0.6163312,0.115778156,0.56961906,8.163639E-5,0.017431447,5.276938E-4,0.11413287,0.0011000274
375316653866487564,5311472603412723200,0.50523144,2114.701004192562,0.24028172221908664,9.716665E-6,19.442184,0.006345947,0.38283446,0.0013303176,0.027709955,0.0013410961,0.4100653,0.015002098,0.80402464,0.036187533,0.055186562,0.028043745,0.06663469,0.03482026,null,null,null,null,"TWOGAUSSIANS",8,2.9138157,0.38283446,0.0013303176,0.15517575,0.007510138,0.4100653,0.015002098,0.80402464,0.036187533,0.30904475,0.15704498,0.06663469,0.03482026
375316653866487564,5311473217588632704,0.55543214,2074.1753727781156,0.9771279769532836,1.5760048E-5,18.462162,0.0023526587,0.16280597,0.029135572,0.051862117,0.045720473,0.013934103,0.10468841,0.50090146,0.0020707266,0.037356015,0.001580855,0.31513172,0.008534844,null,null,null,null,"TWOGAUSSIANS",8,1.2667098,0.50090146,0.0020707266,0.20919369,0.008852788,0.31513172,0.008534844,0.16280597,0.029135572,0.29042786,0.25603464,0.013934103,0.10468841
