Gaia/vari_eclipsing_binary/VariEclipsingBinary_683245-683343.csv
# %ECSV 1.0
# ---
# delimiter: ','
# meta: !!omap
# - RELEASE: Gaia DR3
# - TABLE: vari_eclipsing_binary
# - DESCRIPTION: >
#     This table describes the properties of the eclipsing binaries resulting from the variability analysis. 
# - CITATION: >
#     How to cite and acknowledge Gaia: 
#     https://gea.esac.esa.int/archive/documentation/credits.html 
# - KNOWN_ISSUES: >
#     Known issues: 
#     https://www.cosmos.esa.int/web/gaia-users/known-issues 
# - DOCUMENTATION: >
#     Tutorials and documentation: 
#     https://www.cosmos.esa.int/web/gaia-users/archive 
# datatype:
# - 
#   name: solution_id
#   datatype: int64
#   description: Solution Identifier
#   meta:
#     ucd: meta.version
# - 
#   name: source_id
#   datatype: int64
#   description: Unique source identifier
#   meta:
#     ucd: meta.id;meta.main
# - 
#   name: global_ranking
#   datatype: float32
#   description: Number between 0 (worst) and 1 (best)
#   meta:
#     ucd: stat.param
# - 
#   name: reference_time
#   datatype: float64
#   unit: d
#   description: Reference time used for the geometric model fit
#   meta:
#     ucd: time.epoch
# - 
#   name: frequency
#   datatype: float64
#   unit: d**-1
#   description: Frequency of geometric model of the eclipsing binary light curve
#   meta:
#     ucd: src.orbital
# - 
#   name: frequency_error
#   datatype: float32
#   unit: d**-1
#   description: "Uncertainty of \\texttt{frequency}"
#   meta:
#     ucd: stat.error
# - 
#   name: geom_model_reference_level
#   datatype: float32
#   unit: mag
#   description: Magnitude reference level of geometric model
#   meta:
#     ucd: phot.mag;em.opt
# - 
#   name: geom_model_reference_level_error
#   datatype: float32
#   unit: mag
#   description: "Uncertainty of \\texttt{geomModelReferenceLevel}"
#   meta:
#     ucd: stat.error;phot.mag;em.opt
# - 
#   name: geom_model_gaussian1_phase
#   datatype: float32
#   description: Phase of the Gaussian 1 component
#   meta:
#     ucd: time.phase
# - 
#   name: geom_model_gaussian1_phase_error
#   datatype: float32
#   description: "Uncertainty of \\texttt{geomModelGaussian1Phase}"
#   meta:
#     ucd: stat.error;time.phase
# - 
#   name: geom_model_gaussian1_sigma
#   datatype: float32
#   description: "Standard deviation [phase] of Gaussian 1 component"
#   meta:
#     ucd: stat.stdev
# - 
#   name: geom_model_gaussian1_sigma_error
#   datatype: float32
#   description: "Uncertainty of \\texttt{geomModelGaussian1Sigma}"
#   meta:
#     ucd: stat.error
# - 
#   name: geom_model_gaussian1_depth
#   datatype: float32
#   unit: mag
#   description: Magnitude depth of Gaussian 1 component
#   meta:
#     ucd: src.var.amplitude
# - 
#   name: geom_model_gaussian1_depth_error
#   datatype: float32
#   unit: mag
#   description: "Uncertainty of \\texttt{geomModelGaussian1Depth}"
#   meta:
#     ucd: stat.error;src.var.amplitude
# - 
#   name: geom_model_gaussian2_phase
#   datatype: float32
#   description: Phase of Gaussian 2 component
#   meta:
#     ucd: time.phase
# - 
#   name: geom_model_gaussian2_phase_error
#   datatype: float32
#   description: "Uncertainty of \\texttt{geomModelGaussian2Phase}"
#   meta:
#     ucd: stat.error;time.phase
# - 
#   name: geom_model_gaussian2_sigma
#   datatype: float32
[...]
#   datatype: float32
#   description: "Secondary eclipse: uncertainty of \\texttt{derivedSecondaryEclDuration}"
#   meta:
#     ucd: stat.error;time.duration
# - 
#   name: derived_secondary_ecl_depth
#   datatype: float32
#   unit: mag
#   description: "Secondary eclipse: depth"
#   meta:
#     ucd: src.var.amplitude
# - 
#   name: derived_secondary_ecl_depth_error
#   datatype: float32
#   unit: mag
#   description: "Secondary eclipse: uncertainty of \\texttt{derivedSecondaryEclDepth}"
#   meta:
#     ucd: stat.error;src.var.amplitude
solution_id,source_id,global_ranking,reference_time,frequency,frequency_error,geom_model_reference_level,geom_model_reference_level_error,geom_model_gaussian1_phase,geom_model_gaussian1_phase_error,geom_model_gaussian1_sigma,geom_model_gaussian1_sigma_error,geom_model_gaussian1_depth,geom_model_gaussian1_depth_error,geom_model_gaussian2_phase,geom_model_gaussian2_phase_error,geom_model_gaussian2_sigma,geom_model_gaussian2_sigma_error,geom_model_gaussian2_depth,geom_model_gaussian2_depth_error,geom_model_cosine_half_period_amplitude,geom_model_cosine_half_period_amplitude_error,geom_model_cosine_half_period_phase,geom_model_cosine_half_period_phase_error,model_type,num_model_parameters,reduced_chi2,derived_primary_ecl_phase,derived_primary_ecl_phase_error,derived_primary_ecl_duration,derived_primary_ecl_duration_error,derived_primary_ecl_depth,derived_primary_ecl_depth_error,derived_secondary_ecl_phase,derived_secondary_ecl_phase_error,derived_secondary_ecl_duration,derived_secondary_ecl_duration_error,derived_secondary_ecl_depth,derived_secondary_ecl_depth_error
[from data line 255]
375316653866487564,6010485639000146688,0.51421225,2068.8951229854324,3.989624509869644,2.9046136E-5,18.645477,0.015179566,0.2931906,0.012494911,0.092171155,0.017464371,0.124033906,0.020855278,0.7589655,0.0042406674,0.09472215,0.011293411,0.16998316,0.013354527,null,null,null,null,"TWOGAUSSIANS",8,1.7226136,0.7589655,0.0042406674,0.4,0.0,0.1650968,0.008541682,0.2931906,0.012502937,0.4,0.0,0.119148165,0.018948019
375316653866487564,6010486669795437056,0.52173084,2049.6021338820296,2.5772842957193123,2.416612E-5,17.338676,0.08238156,0.2742666,0.0055230646,0.13106441,0.028132213,0.3429462,0.07152755,0.780838,0.0024209127,0.10871268,0.018637542,0.34133118,0.07698197,null,null,null,null,"TWOGAUSSIANS",8,22.155031,0.27425662,0.0055320943,0.4,0.0,0.2698994,0.021360181,0.780928,0.002407486,0.4,0.0,0.26874873,0.010182861
375316653866487564,6010487258212208256,0.43780175,2082.815367010293,1.4514284271297002,2.8218858E-5,17.318275,0.0053354832,0.21698686,0.009251461,0.029305412,0.005858737,0.055684227,0.020050798,0.71751654,0.007663171,0.02212961,0.005573164,0.13824274,0.044363562,0.014645161,0.011410017,0.21698686,0.009251461,"TWOGAUSSIANS_WITH_ELLIPSOIDAL_ON_ECLIPSE1",9,37.130714,0.71751654,0.0076577696,0.12392582,0.031209718,0.16753273,0.046468403,0.21698686,0.009251461,0.1641103,0.032808926,0.08497455,0.01690454
375316653866487564,6010488873119975552,0.62742686,2052.064641081445,2.535317705698041,4.7013823E-6,16.772606,0.0067481836,0.22026098,0.0015304991,0.10232999,0.002899789,0.33540487,0.0070963316,0.7160594,0.0011321652,0.09338774,0.002530071,0.38175687,0.0073665436,null,null,null,null,"TWOGAUSSIANS",8,4.345669,0.7160594,0.0011321652,0.4,0.0,0.35597467,0.0073279752,0.22026098,0.0015304991,0.4,0.0,0.30961868,0.0056288657
375316653866487564,6010489556008237312,0.5388895,2076.7081043051194,0.8927524142824783,7.1868303E-6,17.829515,0.0056779264,0.32747915,1.4998922E-4,0.015151448,2.407969E-4,0.64603937,0.0056584603,0.8436342,1.7413285E-4,0.010299966,5.273219E-4,0.38642722,0.0056133717,null,null,null,null,"TWOGAUSSIANS",8,16.493774,0.32747915,1.4998922E-4,0.084848106,0.0013484627,0.64603937,0.0056584603,0.8436342,1.7413285E-4,0.05767981,0.0029530027,0.38642722,0.0056133717
375316653866487564,6010489624727726592,0.46632993,2055.2541524840867,2.685893653897034,2.2813467E-5,18.62486,0.0338033,0.28034815,0.010428806,0.105966926,0.024517285,0.2210678,0.028720787,0.7878088,0.0065757954,0.09708171,0.016648987,0.23119523,0.031160764,null,null,null,null,"TWOGAUSSIANS",8,8.799497,0.7878088,0.006566125,0.4,0.0,0.21134235,0.019231329,0.28034815,0.010431414,0.4,0.0,0.20120898,0.025723906
375316653866487564,6010490178790060928,0.5378811,2056.7447581187494,1.0626837436643608,2.5613002E-5,16.225023,0.0016623914,0.25111175,0.0036798862,0.024848977,0.0071841953,0.039081004,0.0039872136,0.7777855,0.008064123,0.022582468,0.014622106,0.011266091,0.0039120503,0.024284093,0.0024824194,0.25111175,0.0036798862,"TWOGAUSSIANS_WITH_ELLIPSOIDAL_ON_ECLIPSE1",9,5.409403,0.25111175,0.0036798862,0.13915427,0.040231492,0.08764916,0.003664208,0.7777855,0.008064123,0.12646182,0.081883796,0.05848277,0.0019364508
375316653866487564,6010492579667517696,0.47824034,2058.984201237241,3.184341163279004,3.2883177E-5,17.986956,0.14599647,0.2724404,0.012894175,0.121578015,0.102633946,0.10753981,0.14127661,0.77309304,0.0056923446,0.112632886,0.033686835,0.16850907,0.11758487,null,null,null,null,"TWOGAUSSIANS",8,4.9072924,0.77309304,0.005066538,0.4,0.0,0.14165811,0.01172883,0.2724404,0.0131537495,0.4,0.0,0.08066088,0.014403971
375316653866487564,6010492790130244992,0.6796582,2088.6029168919986,2.358510564390885,2.6749292E-6,16.429688,0.0071932077,0.31102827,7.4639247E-4,0.04886335,0.0021094547,0.3209225,0.017188596,0.8114854,0.0010230247,0.05471069,0.0027077158,0.36013082,0.016687177,0.11831916,0.011061302,0.31102827,7.4639247E-4,"TWOGAUSSIANS_WITH_ELLIPSOIDAL_ON_ECLIPSE1",9,7.8883796,0.8114854,0.0010230247,0.30637988,0.015163208,0.5967556,0.007382046,0.31102827,7.4639247E-4,0.27363476,0.011812946,0.55754924,0.0072561298
375316653866487564,6010494813048048256,0.50224066,2117.798758167062,3.2472477273582583,3.108563E-5,17.599016,0.51470244,0.24754447,0.013973137,0.10986443,0.05386606,0.24935366,0.37429407,0.7641919,0.010263906,0.13066724,0.11316346,0.23884663,0.50730294,null,null,null,null,"TWOGAUSSIANS",8,14.041512,0.24733447,0.013429899,0.4,0.0,0.20145142,0.019572563,0.7642219,0.009578889,0.4,0.0,0.1906121,0.01637115
375316653866487564,6010498420820719872,0.47522643,2129.3417513139652,0.23132192589556494,1.52176635E-5,19.541952,0.005861485,0.11899584,0.00756665,0.02093655,0.010764918,0.0935539,0.071793675,0.62414247,3.272528E-4,0.004158849,3.024125E-4,0.38143682,0.022136359,null,null,null,null,"TWOGAUSSIANS",8,2.940708,0.62414247,3.272528E-4,0.023289554,0.0016935099,0.38143682,0.022136359,0.11899584,0.00756665,0.11724468,0.06028354,0.0935539,0.071793675
375316653866487564,6010503918379123584,0.4715417,2082.533933511266,0.724138564740048,4.9804945E-5,18.500208,0.028474016,0.34936064,0.013797795,0.16592246,0.032033164,0.13786831,0.026842425,0.79064345,0.010395747,0.08840022,0.017246181,0.12063849,0.020597037,null,null,null,null,"TWOGAUSSIANS",8,3.6724637,0.34937066,0.01378146,0.4,0.0,0.11548188,0.015803548,0.79064345,0.010395747,0.4,0.0,0.10274056,0.008668592
375316653866487564,6010504850398457984,0.51294863,2076.469545647775,2.782854011438935,1.2801008E-5,17.799297,0.006357676,0.26628414,0.008957782,0.07666201,0.010176101,0.17480627,0.013330997,0.76637167,0.003611467,0.073593825,0.006994878,0.19328539,0.02045251,null,null,null,null,"TWOGAUSSIANS",8,5.827349,0.76637167,0.003611467,0.4,0.0059572896,0.19184197,0.020922136,0.26628414,0.008957782,0.4,0.0,0.17336284,0.013459048
375316653866487564,6010505846830904064,0.6006921,2138.154568011044,0.8178950460082991,9.185045E-5,16.796627,0.0030656555,0.248142,0.024923023,0.024896132,0.019080745,0.027147336,0.31590477,0.51513165,0.0017529642,0.039837282,0.0016157911,0.6309313,0.021522872,null,null,null,null,"TWOGAUSSIANS",8,16.648716,0.51513165,0.0017529642,0.22308879,0.00904843,0.6309313,0.021522872,0.248142,0.024923023,0.13941835,0.106852174,0.027147336,0.31590477
375316653866487564,6010508831824228992,0.5518641,2096.9392473485095,1.5544128783788722,1.0833127E-6,17.76088,0.0041395463,0.37151575,5.9091963E-6,0.014369685,1.3794676E-4,0.64797616,0.0027570683,null,null,null,null,null,null,null,null,null,null,"ONEGAUSSIAN",5,12.770119,0.37151575,5.9091963E-6,0.08047024,7.7250187E-4,0.64797616,0.0,null,null,null,null,null,null
375316653866487564,6010510794633308160,0.46973625,2090.5974685475007,2.1641716152424926,3.5316985E-5,14.837887,0.40280852,0.26083997,0.00615222,0.16950792,0.04743901,0.49611586,0.3632121,0.76401347,0.008535871,0.18424073,0.058768403,0.5190738,0.37984693,null,null,null,null,"TWOGAUSSIANS",8,236.3256,0.76493347,0.008605911,0.4,0.0,0.16269648,0.014271363,0.25958,0.006547639,0.4,0.0,0.15306972,0.01251519
375316653866487564,6010514020144495616,0.51752293,2075.723360478644,0.33791496436840823,2.1565893E-5,18.51865,0.0053135008,0.5680677,0.00980603,0.027314551,0.010685037,0.04247804,0.0141500635,0.6996043,0.0066070477,0.00661313,0.0018876281,0.5415499,0.60257775,null,null,null,null,"TWOGAUSSIANS",8,2.402189,0.6996043,0.0066070477,0.03703353,0.010570717,0.5415503,0.602577,0.5680677,0.00980603,0.15296148,0.059836205,0.04247804,0.0141500635
375316653866487564,6010514810418521088,0.57127786,2056.5827592772657,0.6805653291221263,2.1676302E-5,18.527119,0.0022347341,0.50049055,0.0021885557,0.031475935,0.0035612113,0.43116578,0.025878616,0.882704,0.015106642,0.012629759,0.008454976,0.048545986,0.030584995,null,null,null,null,"TWOGAUSSIANS",8,1.8858565,0.50049055,0.0021885557,0.17626524,0.019942783,0.43116578,0.025878616,0.882704,0.015106642,0.07072665,0.047347862,0.048545986,0.030584995
375316653866487564,6010514849082859904,0.6088603,2060.2189002162077,1.340224266965529,6.9158195E-6,16.307467,0.006337629,0.21037687,0.0017421847,0.10143381,0.004097211,0.254999,0.0077547687,0.7078114,0.0020256378,0.09510916,0.0033787652,0.3054539,0.008120566,null,null,null,null,"TWOGAUSSIANS",8,6.4727554,0.7078114,0.0020256378,0.4,0.0,0.28432524,0.008832779,0.21037687,0.0017421847,0.4,0.0,0.23386823,0.008588164
375316653866487564,6010515261399725824,0.503125,2075.0423767111633,3.103764060084202,3.097059E-5,16.06154,0.6467843,0.23723286,0.009179791,0.14161414,0.052168977,0.27861017,0.40930936,0.74601936,0.008328221,0.1799561,0.16644041,0.2699024,0.635528,null,null,null,null,"TWOGAUSSIANS",8,23.304468,0.23543286,0.0061516957,0.4,0.0,0.13547975,0.009599072,0.7467393,0.007313649,0.4,0.0,0.116408914,0.010735944
375316653866487564,6010515639359007744,0.46111768,2059.7026893135603,2.3426289981241033,2.0133572E-5,18.920101,0.0069547934,0.6136641,0.0039031873,0.015537382,0.0032214266,0.114318974,0.030751187,0.84591275,0.0040926444,0.03544737,0.0033234821,0.25278974,0.032960564,null,null,null,null,"TWOGAUSSIANS",8,4.657265,0.84591275,0.0040926444,0.19850528,0.0186115,0.25278974,0.032960564,0.6136641,0.0039031873,0.08700934,0.01803999,0.114318974,0.030751187
375316653866487564,6010517632221739136,0.5656375,2056.393536749451,3.416691397167328,1.2799091E-5,17.506395,0.009951037,0.22487845,0.0043018246,0.08894667,0.005182743,0.36848742,0.016316738,0.7413164,0.0024249756,0.093687795,0.004473883,0.2968692,0.009766866,null,null,null,null,"TWOGAUSSIANS",8,8.896883,0.22487845,0.0043018246,0.4,0.0,0.35640132,0.015327851,0.7413164,0.0024249756,0.4,0.0,0.2847827,0.0066868267
375316653866487564,6010517666571840512,0.43555477,2070.9336687170826,3.43017455381082,3.3017946E-5,19.015268,0.0076809265,0.8032986,0.008082679,0.06310712,0.009594118,0.013293405,0.027388247,null,null,null,null,null,null,0.08036176,0.015403235,0.8032986,0.008082679,"ONEGAUSSIAN_WITH_ELLIPSOIDAL",6,5.198749,0.8032986,0.008082679,0.35339987,0.053727064,0.17401128,0.023451189,null,null,null,null,null,null
375316653866487564,6010520617214610432,0.47439745,2099.857209618199,1.0246217752909506,1.1264474E-5,19.448723,0.01004756,0.21743573,0.026216429,0.07500747,0.014135498,0.09620389,0.019622253,0.70727414,0.00984494,0.0026201846,0.0045604766,0.31074086,0.6084416,null,null,null,null,"TWOGAUSSIANS",8,4.0448275,0.70727414,0.00984494,0.014673034,0.02553867,0.31074086,0.6084416,0.21743573,0.026216429,0.4,0.029203456,0.09620389,0.019622253
375316653866487564,6010521274344221824,0.4685264,2083.6727410872736,0.7963878903877192,1.1403913E-5,18.997316,0.030512197,0.42148754,0.023081595,0.20112686,0.09148811,0.057700474,0.028406156,0.82386065,0.0017562411,0.02267042,0.0017060403,0.25228468,0.026866809,null,null,null,null,"TWOGAUSSIANS",8,3.3017402,0.82386065,0.0017562411,0.12695435,0.0095538255,0.25551575,0.027064446,0.42148754,0.023081595,0.4,0.0,0.05243425,0.009799696
375316653866487564,6010521480512407040,0.6835563,2067.3947899693635,0.1717016719373563,1.3509235E-6,16.103168,0.0042880815,0.32957548,0.0029931657,0.02996957,0.0049616075,0.09627132,0.011063885,0.8263479,1.6612014E-4,0.0197992,3.491937E-4,0.87993544,0.02205789,0.0468445,0.009210549,0.32957548,0.0029931657,"TWOGAUSSIANS_WITH_ELLIPSOIDAL_ON_ECLIPSE1",9,17.239693,0.8263579,1.6581027E-4,0.110875525,0.0019554847,0.9735861,0.020760534,0.32957548,0.0029931657,0.16782959,0.027785003,0.18996032,0.014584444
375316653866487564,6010525431882363264,0.46658847,2089.336333952137,2.3816298297891545,2.58957E-5,17.226265,0.0016315229,0.21366389,0.0021223584,0.033161063,0.00518564,0.07302967,0.008099133,0.68817824,0.015856948,0.06270425,0.015225557,0.028484225,0.008446166,null,null,null,null,"TWOGAUSSIANS",8,2.2152915,0.21366389,0.0021223584,0.18570195,0.029039584,0.073029645,0.008099201,0.68817824,0.015856948,0.3511438,0.08526312,0.028484203,0.0084462445
375316653866487564,6010525809839507584,0.5132134,2107.0173352885195,3.131913172594586,3.1704036E-5,15.629545,0.016172912,0.27060238,0.007039924,0.09573157,0.012678674,0.17684208,0.017429087,0.7639961,0.004554525,0.10347852,0.011318677,0.16889596,0.015296612,null,null,null,null,"TWOGAUSSIANS",8,47.353783,0.27060238,0.007039924,0.4,0.0,0.16324846,0.0067007276,0.7639961,0.004554525,0.4,0.0,0.1552998,0.010077798
375316653866487564,6010528318100669568,0.52076757,2119.0285105531216,3.029539266940946,1.8953004E-5,18.240225,0.0095833875,0.2661027,0.0038355857,0.037591413,0.010811897,0.1917457,0.038803644,0.7664509,0.010714447,0.04520635,0.00744052,0.100186795,0.023339871,0.09908845,0.011457713,0.2661027,0.0038355857,"TWOGAUSSIANS_WITH_ELLIPSOIDAL_ON_ECLIPSE1",9,10.822561,0.2661027,0.0038355857,0.21051191,0.06054662,0.38992253,0.04494071,0.7664509,0.01015136,0.25315556,0.041666914,0.29836267,0.013011132
375316653866487564,6010529623770474880,0.5252233,2060.8115952158496,1.8252351076485094,2.1197424E-5,15.682751,0.001678003,0.2721994,0.0039927815,0.041197304,0.0053380146,0.042144127,0.0052487873,0.79101217,0.0092814,0.020108629,0.015670719,0.029976323,0.02194517,0.019292278,0.0021398682,0.2721994,0.0039927815,"TWOGAUSSIANS_WITH_ELLIPSOIDAL_ON_ECLIPSE1",9,5.940832,0.2721994,0.0039927815,0.2307049,0.02989288,0.080728635,0.0041967887,0.79101217,0.0092814,0.11260833,0.08775602,0.068024226,0.0228493
375316653866487564,6010530139168629120,0.4910986,2092.734137048604,2.6904477467595678,3.7756014E-5,18.78178,0.0072278515,0.26025194,0.009220169,0.09460713,0.013063869,0.15065557,0.01130185,0.76383895,0.0052833664,0.0799462,0.0065937308,0.15298171,0.010177779,null,null,null,null,"TWOGAUSSIANS",8,2.5473309,0.76383895,0.0052833664,0.4,0.0,0.14827266,0.009500945,0.26025194,0.009220169,0.4,0.0,0.14594626,0.011650808
375316653866487564,6010530512819412864,0.49149978,2069.6518358850212,4.3651726854600765,2.8934239E-5,17.994576,0.0047590523,0.17597012,0.005702827,0.07044585,0.009638498,0.10376747,0.009375567,0.68686676,0.005760922,0.070692845,0.0069227954,0.09453286,0.008555523,null,null,null,null,"TWOGAUSSIANS",8,2.4753714,0.17597012,0.005702827,0.39449677,0.039082605,0.10348461,0.009489328,0.68686676,0.005760922,0.39587992,0.029126173,0.09425,0.008491707
375316653866487564,6010530517123691520,0.5028118,2080.686938846973,2.109208093328968,1.7340126E-5,15.829283,0.0040279785,0.7459415,0.0035251656,0.069125175,0.033481263,0.015395142,0.009432861,null,null,null,null,null,null,0.06757347,0.005531866,0.7459415,0.0035251656,"ONEGAUSSIAN_WITH_ELLIPSOIDAL",6,49.54447,0.7459415,0.0035251656,0.387101,0.12466954,0.1505199,0.0061346143,null,null,null,null,null,null
375316653866487564,6010531754074271360,0.64271957,2125.3544314490337,3.186034925912589,6.2385766E-6,17.379112,0.009420438,0.23234826,0.0010808501,0.047215793,0.0042972066,0.22048652,0.019031623,0.72573775,0.0021747998,0.051120423,0.004035877,0.32038832,0.023342064,0.09145962,0.011851275,0.23234826,0.0010808501,"TWOGAUSSIANS_WITH_ELLIPSOIDAL_ON_ECLIPSE1",9,5.01043,0.72643775,0.0019132684,0.28627437,0.022600912,0.5030231,0.01916123,0.23234826,0.0010808501,0.26440844,0.024064358,0.4034035,0.009369466
375316653866487564,6010531788424508544,0.5623768,2078.9525435441897,3.5340848477893467,1.0879831E-5,19.44763,0.008309815,0.24575034,0.0028842208,0.07295359,0.0057141255,0.5843134,0.039611306,0.7459936,0.006028194,0.069602355,0.0057693,0.50200605,0.036564883,null,null,null,null,"TWOGAUSSIANS",8,1.8382655,0.24575034,0.0028842208,0.4,0.00443619,0.5820147,0.04085371,0.7459936,0.006028194,0.3897732,0.029979676,0.49970734,0.03702389
