Gaia/vari_eclipsing_binary/VariEclipsingBinary_469268-469314.csv
# %ECSV 1.0
# ---
# delimiter: ','
# meta: !!omap
# - RELEASE: Gaia DR3
# - TABLE: vari_eclipsing_binary
# - DESCRIPTION: >
#     This table describes the properties of the eclipsing binaries resulting from the variability analysis. 
# - CITATION: >
#     How to cite and acknowledge Gaia: 
#     https://gea.esac.esa.int/archive/documentation/credits.html 
# - KNOWN_ISSUES: >
#     Known issues: 
#     https://www.cosmos.esa.int/web/gaia-users/known-issues 
# - DOCUMENTATION: >
#     Tutorials and documentation: 
#     https://www.cosmos.esa.int/web/gaia-users/archive 
# datatype:
# - 
#   name: solution_id
#   datatype: int64
#   description: Solution Identifier
#   meta:
#     ucd: meta.version
# - 
#   name: source_id
#   datatype: int64
#   description: Unique source identifier
#   meta:
#     ucd: meta.id;meta.main
# - 
#   name: global_ranking
#   datatype: float32
#   description: Number between 0 (worst) and 1 (best)
#   meta:
#     ucd: stat.param
# - 
#   name: reference_time
#   datatype: float64
#   unit: d
#   description: Reference time used for the geometric model fit
#   meta:
#     ucd: time.epoch
# - 
#   name: frequency
#   datatype: float64
#   unit: d**-1
#   description: Frequency of geometric model of the eclipsing binary light curve
#   meta:
#     ucd: src.orbital
# - 
#   name: frequency_error
#   datatype: float32
#   unit: d**-1
#   description: "Uncertainty of \\texttt{frequency}"
#   meta:
#     ucd: stat.error
# - 
#   name: geom_model_reference_level
#   datatype: float32
#   unit: mag
#   description: Magnitude reference level of geometric model
#   meta:
#     ucd: phot.mag;em.opt
# - 
#   name: geom_model_reference_level_error
#   datatype: float32
#   unit: mag
#   description: "Uncertainty of \\texttt{geomModelReferenceLevel}"
#   meta:
#     ucd: stat.error;phot.mag;em.opt
# - 
#   name: geom_model_gaussian1_phase
#   datatype: float32
#   description: Phase of the Gaussian 1 component
#   meta:
#     ucd: time.phase
# - 
#   name: geom_model_gaussian1_phase_error
#   datatype: float32
#   description: "Uncertainty of \\texttt{geomModelGaussian1Phase}"
#   meta:
#     ucd: stat.error;time.phase
# - 
#   name: geom_model_gaussian1_sigma
#   datatype: float32
#   description: "Standard deviation [phase] of Gaussian 1 component"
#   meta:
#     ucd: stat.stdev
# - 
#   name: geom_model_gaussian1_sigma_error
#   datatype: float32
#   description: "Uncertainty of \\texttt{geomModelGaussian1Sigma}"
#   meta:
#     ucd: stat.error
# - 
#   name: geom_model_gaussian1_depth
#   datatype: float32
#   unit: mag
#   description: Magnitude depth of Gaussian 1 component
#   meta:
#     ucd: src.var.amplitude
# - 
#   name: geom_model_gaussian1_depth_error
#   datatype: float32
#   unit: mag
#   description: "Uncertainty of \\texttt{geomModelGaussian1Depth}"
#   meta:
#     ucd: stat.error;src.var.amplitude
# - 
#   name: geom_model_gaussian2_phase
#   datatype: float32
#   description: Phase of Gaussian 2 component
#   meta:
#     ucd: time.phase
# - 
#   name: geom_model_gaussian2_phase_error
#   datatype: float32
#   description: "Uncertainty of \\texttt{geomModelGaussian2Phase}"
#   meta:
#     ucd: stat.error;time.phase
# - 
#   name: geom_model_gaussian2_sigma
#   datatype: float32
[...]
#   datatype: float32
#   description: "Secondary eclipse: uncertainty of \\texttt{derivedSecondaryEclDuration}"
#   meta:
#     ucd: stat.error;time.duration
# - 
#   name: derived_secondary_ecl_depth
#   datatype: float32
#   unit: mag
#   description: "Secondary eclipse: depth"
#   meta:
#     ucd: src.var.amplitude
# - 
#   name: derived_secondary_ecl_depth_error
#   datatype: float32
#   unit: mag
#   description: "Secondary eclipse: uncertainty of \\texttt{derivedSecondaryEclDepth}"
#   meta:
#     ucd: stat.error;src.var.amplitude
solution_id,source_id,global_ranking,reference_time,frequency,frequency_error,geom_model_reference_level,geom_model_reference_level_error,geom_model_gaussian1_phase,geom_model_gaussian1_phase_error,geom_model_gaussian1_sigma,geom_model_gaussian1_sigma_error,geom_model_gaussian1_depth,geom_model_gaussian1_depth_error,geom_model_gaussian2_phase,geom_model_gaussian2_phase_error,geom_model_gaussian2_sigma,geom_model_gaussian2_sigma_error,geom_model_gaussian2_depth,geom_model_gaussian2_depth_error,geom_model_cosine_half_period_amplitude,geom_model_cosine_half_period_amplitude_error,geom_model_cosine_half_period_phase,geom_model_cosine_half_period_phase_error,model_type,num_model_parameters,reduced_chi2,derived_primary_ecl_phase,derived_primary_ecl_phase_error,derived_primary_ecl_duration,derived_primary_ecl_duration_error,derived_primary_ecl_depth,derived_primary_ecl_depth_error,derived_secondary_ecl_phase,derived_secondary_ecl_phase_error,derived_secondary_ecl_duration,derived_secondary_ecl_duration_error,derived_secondary_ecl_depth,derived_secondary_ecl_depth_error
[from data line 74]
375316653866487564,4127774595811008768,0.4828091,2200.893692817237,0.1470845076598879,2.4267243E-5,18.458157,0.002411368,0.24288134,0.005027691,0.06874046,0.009814934,0.1206924,0.009910607,0.7729209,0.0045695296,0.047110397,0.0060800454,0.5134884,0.33618715,null,null,null,null,"TWOGAUSSIANS",8,2.1769133,0.7729209,0.0045695296,0.2638182,0.03404825,0.51347643,0.33619586,0.24288134,0.005027691,0.38494658,0.03667416,0.12068047,0.009929165
375316653866487564,4127777589415587968,0.5461483,2206.2204762168913,2.8021623226979155,1.676514E-5,19.698048,0.008181681,0.27584708,0.0028884476,0.054781865,0.0023337582,0.6174441,0.022286436,0.76768863,0.018687211,0.057431094,0.03286674,0.16240788,0.052963536,null,null,null,null,"TWOGAUSSIANS",8,2.2344835,0.27584708,0.0028884476,0.30677846,0.013069046,0.61742246,0.022269443,0.76768863,0.018687211,0.32161412,0.18053825,0.16238618,0.05302748
375316653866487564,4127777726873125120,0.5589256,2223.1068294163747,2.652131899697375,9.760616E-6,19.335625,0.009649552,0.23806652,0.0017617942,0.0697098,0.002777527,0.48194006,0.018973032,0.7311184,0.0071772686,0.07615574,0.0053028106,0.40605572,0.017294915,null,null,null,null,"TWOGAUSSIANS",8,1.6967071,0.23806652,0.0017617942,0.39037487,0.01550931,0.47984323,0.018867334,0.7311184,0.0071772686,0.4,0.0,0.40395886,0.016195906
375316653866487564,4127778718979306240,0.6261416,2238.339179719923,1.4841040088429718,6.723064E-6,16.969898,0.0044367565,0.19826737,0.005248544,0.08846666,0.004903051,0.21655665,0.0083898865,0.6977525,0.0018110801,0.07819099,0.0024860296,0.2881356,0.005564472,null,null,null,null,"TWOGAUSSIANS",8,4.3260083,0.6977525,0.0018110801,0.4,0.0,0.28271216,0.004973665,0.19826737,0.005248544,0.4,0.0,0.2111332,0.008080412
375316653866487564,4127779857158810496,0.51020616,2255.60362740817,3.348656348628435,2.6358484E-5,19.21678,0.459685,0.3000234,0.007485376,0.13352759,0.03270899,0.4596105,0.360546,0.7830099,0.011327365,0.16114432,0.066545926,0.40337905,0.45316604,null,null,null,null,"TWOGAUSSIANS",8,1.4410385,0.3016134,0.0049312823,0.4,0.0,0.28474507,0.021634493,0.7830099,0.011327365,0.4,0.0,0.22253677,0.009864035
375316653866487564,4127780166395971200,0.5514467,2224.800304690772,2.525206003282406,9.086259E-6,19.003994,0.028375203,0.27541548,0.049199495,0.07255896,0.026373778,0.63749593,0.2873823,0.7855938,0.005716342,0.10698063,0.010472553,0.51291776,0.02567592,null,null,null,null,"TWOGAUSSIANS",8,3.2746463,0.27541548,0.04920915,0.4,0.13831782,0.6182319,0.27936685,0.7855938,0.005716342,0.4,0.0,0.4936334,0.01984146
375316653866487564,4127780436969162752,0.44787884,2211.406386958354,0.2560031688542869,8.410982E-5,18.36259,0.02121999,0.47061712,0.01129151,0.034092296,0.009552231,0.10542666,0.022105772,0.8607914,0.01333143,0.124558374,0.025997741,0.15175639,0.022096783,null,null,null,null,"TWOGAUSSIANS",8,8.248708,0.8607914,0.01333143,0.4,0.0,0.1515924,0.021985158,0.47092712,0.011224824,0.19091687,0.053492494,0.10639117,0.023084387
375316653866487564,4127781467768253568,0.5150515,2245.7719042191247,2.9796577232790775,1.6041826E-5,18.962837,0.014873763,0.1812179,0.003699774,0.08078228,0.00629443,0.27911204,0.016882647,0.68511933,0.007861586,0.087179154,0.012903147,0.26958036,0.022152288,null,null,null,null,"TWOGAUSSIANS",8,3.7161245,0.1812179,0.003699774,0.4,0.0,0.273029,0.0144074,0.68511933,0.007861586,0.4,0.0,0.26349732,0.022570109
375316653866487564,4127783391904012160,0.45419535,2276.7641058698014,0.7908152086135594,5.1974108E-5,17.443089,0.0021578723,0.41681343,0.016982054,0.08839159,0.01755843,0.043671604,0.0039164824,0.9351741,0.008691492,0.021970147,0.008025952,0.015241524,0.013804572,null,null,null,null,"TWOGAUSSIANS",8,1.5618403,0.41681343,0.016982054,0.4,0.0,0.043670658,0.003917175,0.9351741,0.008691492,0.12303282,0.04494533,0.015240597,0.013805079
375316653866487564,4127783602371480448,0.49394336,2270.836715335576,2.9205308974289603,4.3515964E-5,19.350245,0.012110078,0.257789,0.024465052,0.031773284,0.018926285,0.3019384,0.10022003,0.7588018,0.024762118,0.021144262,0.016504625,0.3183798,0.27586147,null,null,null,null,"TWOGAUSSIANS",8,4.3998704,0.7588018,0.024762118,0.11840787,0.0924259,0.3183798,0.27586147,0.257789,0.024465052,0.17793038,0.10598719,0.3019384,0.10022003
375316653866487564,4127784633176829440,0.47908777,2246.070897995704,3.5915530900057813,2.2716911E-5,19.896994,0.016376253,0.23616388,0.00514434,0.07592438,0.0074745966,0.3485795,0.03737874,0.7558507,0.010549323,0.07847412,0.012928424,0.36550507,0.05605401,null,null,null,null,"TWOGAUSSIANS",8,2.3641932,0.7558507,0.010549323,0.4,0.014115185,0.3630297,0.057019606,0.23616388,0.00514434,0.4,0.0,0.3461041,0.03789986
375316653866487564,4127786969638920448,0.5012714,2210.442260367237,3.4359124772953686,3.2718875E-5,17.243137,0.051181357,0.2206829,0.020136451,0.04138859,0.033473328,0.39286265,0.18154387,0.7088637,0.0068778936,0.05096711,0.013599333,0.27232262,0.11150501,0.054174874,0.062211417,0.2206829,0.020136451,"TWOGAUSSIANS_WITH_ELLIPSOIDAL_ON_ECLIPSE1",9,46.971912,0.2206829,0.020136451,0.2317761,0.18745063,0.5012115,0.15867583,0.7097537,0.005688629,0.28541583,0.076156266,0.3801199,0.046828136
375316653866487564,4127789134289275776,0.50659144,2245.227931742484,4.085260583631708,2.6803564E-5,19.412867,0.0055888104,null,null,null,null,null,null,null,null,null,null,null,null,0.13402855,0.007058272,0.2731125,0.00512133,"ELLIPSOIDAL",4,2.797925,null,null,null,null,null,null,null,null,null,null,null,null
375316653866487564,4127790676170813440,0.56824535,2221.0092129543573,2.2765420025335446,9.725021E-6,18.46483,0.010426552,0.27512017,0.0033869434,0.07155263,0.0044224598,0.5408055,0.05206,0.78021026,0.0031385738,0.065093644,0.0034083657,0.53829736,0.015761195,null,null,null,null,"TWOGAUSSIANS",8,4.9755235,0.27512017,0.0033869434,0.4,0.0110594835,0.53964204,0.05248147,0.78021026,0.0031385738,0.3645244,0.019086847,0.5371339,0.015557261
375316653866487564,4127791436391174784,0.46832725,2205.7588982136144,1.140169091529276,1.2079758E-5,19.466068,0.012175188,0.38854605,0.010621256,0.026994422,0.006841781,0.33149108,0.091449104,0.82849544,0.009213151,0.045167323,0.010541582,0.089649096,0.011524373,null,null,null,null,"TWOGAUSSIANS",8,4.9226584,0.38854605,0.010621256,0.15116876,0.038313974,0.33149108,0.091449104,0.82849544,0.009213151,0.25293702,0.059032857,0.089649096,0.011524373
375316653866487564,4127792638982166144,0.54761803,2225.2693198245124,3.9198690267569227,1.7363831E-5,19.623667,0.00863478,0.15495518,0.0044607627,0.02427274,0.017115356,0.113787405,35092.688,0.6637599,0.002582927,0.037985258,0.0050612236,0.32877246,0.04137316,0.14902173,0.016665198,0.15495518,0.0044607627,"TWOGAUSSIANS_WITH_ELLIPSOIDAL_ON_ECLIPSE1",9,2.5388932,0.6637599,0.002582927,0.21271744,0.028342852,0.6259047,0.046259593,0.15495518,0.0044607627,0.13592733,0.095846,0.41183084,35092.684
375316653866487564,4127794047731390592,0.5509162,2230.67228837663,2.90900905756946,5.054095E-6,19.524025,0.008775053,0.2879242,0.0039613284,0.061516523,0.0044596894,0.4096978,0.02841806,0.7943736,0.001533262,0.062597215,0.0033527578,0.4049511,0.012226089,null,null,null,null,"TWOGAUSSIANS",8,1.185064,0.2879242,0.0039613284,0.34449252,0.02497426,0.4095004,0.028478807,0.7943736,0.001533262,0.35054442,0.018775444,0.40475368,0.012227622
375316653866487564,4127798755019681152,0.47504872,2205.1959087584573,3.560917012303991,1.7986687E-5,19.167358,0.006974306,0.22007455,0.0048749247,0.0749456,0.0077046454,0.17244987,0.01998202,0.72156185,0.0042148596,0.058782246,0.0073649706,0.10658153,0.009051869,null,null,null,null,"TWOGAUSSIANS",8,1.4396329,0.22007455,0.0048749247,0.4,0.0067349467,0.17220514,0.02010941,0.72156185,0.0042148596,0.3291806,0.041243836,0.106336795,0.008949029
375316653866487564,4127798789389952384,0.47142887,2256.6974782687353,2.1134173609231195,1.9179695E-5,14.916304,0.0022977279,null,null,null,null,null,null,null,null,null,null,null,null,0.04427386,0.0034750095,0.26759386,0.0054250774,"ELLIPSOIDAL",4,80.24858,null,null,null,null,null,null,null,null,null,null,null,null
375316653866487564,4127800954043381120,0.569927,2180.8295912829767,3.765938073614248,1.6094169E-5,18.973099,0.008874128,0.314325,0.0025249927,0.07724049,0.0034530049,0.39495546,0.012116085,0.791878,0.0050813886,0.07163628,0.006048419,0.4765038,0.022672608,null,null,null,null,"TWOGAUSSIANS",8,2.7034733,0.791878,0.0050813886,0.4,0.019748896,0.47467548,0.022787001,0.314325,0.0025249927,0.4,0.0,0.39312717,0.01167648
375316653866487564,4127802191004120576,0.5158251,2253.6671046974384,4.080269685610906,5.1060604E-5,18.684538,0.032681454,0.30455804,0.021942502,0.09064239,0.025568288,0.20811996,0.03413932,0.80301744,0.010232223,0.098975666,0.018789051,0.19915447,0.036426865,null,null,null,null,"TWOGAUSSIANS",8,3.0625956,0.30455804,0.02196034,0.4,0.0,0.19582939,0.015538841,0.80301744,0.010232223,0.4,0.0,0.18686286,0.025166107
375316653866487564,4127803187436566400,0.5411796,2235.683804021982,3.0280354867066728,3.485727E-5,19.412178,0.028927166,0.1925424,0.010245589,0.070134915,0.013245772,0.4691347,0.04135206,0.6948355,0.009338208,0.07386709,0.01435716,0.3548174,0.061413962,null,null,null,null,"TWOGAUSSIANS",8,3.506684,0.1925424,0.010245589,0.3927555,0.03422708,0.46728313,0.038697574,0.6948355,0.009338208,0.4,0.04799763,0.35296583,0.0612042
375316653866487564,4127803561073235456,0.47283283,2216.8052699345176,0.6365709537229489,1.269933E-4,18.068699,0.044673186,0.3028306,0.028912919,0.10452646,0.022567442,0.16884072,0.04395083,0.6691084,0.017642345,0.13291086,0.026837748,0.24013269,0.04390559,null,null,null,null,"TWOGAUSSIANS",8,4.105067,0.6691084,0.017642345,0.4,0.0,0.22890536,0.023967288,0.3112406,0.027307237,0.4,0.0,0.1631059,0.032220952
375316653866487564,4127803908991104512,0.5701403,2266.4117524130515,2.754072237699928,4.5039786E-5,17.22082,0.008427193,0.17594098,0.004137305,0.07258496,0.0047824555,0.3174577,0.010101023,0.6709621,0.0034695948,0.071766935,0.0036219978,0.39849135,0.021413388,null,null,null,null,"TWOGAUSSIANS",8,17.023197,0.6709621,0.0034695948,0.4,0.010886087,0.39692765,0.021455294,0.17594098,0.004137305,0.4,0.013065177,0.315894,0.009878172
375316653866487564,4127804458746769664,0.4460025,2224.9587796262995,0.33805178927045154,5.017639E-5,17.647913,0.34616113,0.20939575,0.016985254,0.154644,0.16999453,0.15105592,0.33011302,0.67786705,0.026747702,0.1261768,0.06166315,0.16391651,0.23838201,null,null,null,null,"TWOGAUSSIANS",8,2.441402,0.67786705,0.026747702,0.4,0.0,0.1140686,0.030954797,0.21006575,0.015275353,0.4,0.0,0.099451855,0.024981823
375316653866487564,4127805008493804416,0.57317996,2245.864468180974,2.5759296074899556,1.5217858E-5,18.57664,0.025323054,0.19964975,0.0035766086,0.087040775,0.011179569,0.33029193,0.023133839,0.70212305,0.0034464211,0.08703259,0.007905942,0.37963516,0.02391293,null,null,null,null,"TWOGAUSSIANS",8,2.5559528,0.70212305,0.0034464211,0.4,0.0,0.36865282,0.013921483,0.19964975,0.0035766086,0.4,0.0,0.31930962,0.022397581
375316653866487564,4127805970566601472,0.5343893,2231.722068679812,2.8212566499898237,4.554075E-5,19.252699,0.010788211,0.19751355,0.0039649378,0.073356815,0.0048886067,0.4397497,0.032804556,0.67802984,0.007499687,0.08543166,0.00929216,0.57000285,0.06720303,null,null,null,null,"TWOGAUSSIANS",8,4.6402373,0.67802984,0.007499687,0.4,0.0,0.5652231,0.06960122,0.19751355,0.0039649378,0.4,0.0,0.43497002,0.03335266
375316653866487564,4127806692121031936,0.5514564,2275.13866829853,3.3459776679074764,2.0228039E-5,19.182762,0.0084249135,0.25180352,0.0029316184,0.07887655,0.004549163,0.46389633,0.022433382,0.7558959,0.0034122802,0.08153779,0.004092679,0.49343896,0.039637264,null,null,null,null,"TWOGAUSSIANS",8,2.9502108,0.7558959,0.0034122802,0.4,0.0,0.48657274,0.04066921,0.25180352,0.0029316184,0.4,0.0,0.45703012,0.023339862
375316653866487564,4127807722922631424,0.60344505,2261.973883772249,1.9963222360009218,1.6478234E-5,17.552498,0.0067981477,0.26566154,0.0031337899,0.089688435,0.0036927704,0.32224104,0.008385841,0.7626092,0.005431591,0.085103594,0.0074226568,0.16768499,0.007963872,null,null,null,null,"TWOGAUSSIANS",8,3.0910597,0.26566154,0.0031337899,0.4,0.0,0.31483412,0.007173327,0.7626092,0.005431591,0.4,0.0,0.16027819,0.0070575983
375316653866487564,4127808032159976832,0.4966218,2252.9078702139445,2.4148312360598276,9.955341E-5,18.759668,0.0064260764,0.45341453,0.02385316,0.034106616,0.01795054,0.38732898,0.20680018,0.9035889,0.0074887015,0.04676179,0.01231091,0.04272436,0.01216727,null,null,null,null,"TWOGAUSSIANS",8,1.9846587,0.45341453,0.02385316,0.19099705,0.10052303,0.38732898,0.20680022,0.9035889,0.0074887015,0.261866,0.068941094,0.04272436,0.012167269
375316653866487564,4127808646313103232,0.5550726,2245.0070890467914,2.3678109456702088,1.7949975E-5,17.960863,0.015272152,0.29551303,0.010230368,0.08105624,0.009604915,0.4338694,0.035111163,0.7740495,0.0036677688,0.07221486,0.0062629166,0.4760241,0.031469222,null,null,null,null,"TWOGAUSSIANS",8,13.699042,0.7740495,0.0036677688,0.4,0.008819812,0.47325122,0.032600038,0.29551303,0.010230368,0.4,0.0,0.4310965,0.03450836
375316653866487564,4127811326370692224,0.6364848,2224.8540795141857,0.7394358654167353,6.725505E-5,18.1025,0.00815021,0.24113193,0.0010502903,0.025313057,0.0019208782,0.17496787,0.023798171,0.74196357,0.0062076403,0.025567718,0.0051877964,0.7776312,0.09350882,0.034373585,0.0123429075,0.74196357,0.0062076403,"TWOGAUSSIANS_WITH_ELLIPSOIDAL_ON_ECLIPSE2",9,4.0939407,0.74196357,0.0062076403,0.14317922,0.029051661,0.8463784,0.09729649,0.24115193,0.0010235464,0.14175312,0.010756918,0.24371319,0.0064309714
375316653866487564,4127811330685974528,0.49924204,2230.262148100526,2.8215834124867536,7.3779534E-5,19.783499,0.014404669,0.29001898,0.0067575797,0.030067043,0.007673097,0.44148102,0.5131168,0.6390809,0.1009205,0.08130055,0.07042682,0.101090744,0.056031283,null,null,null,null,"TWOGAUSSIANS",8,1.4440053,0.29001898,0.0067539713,0.16837545,0.042969342,0.44149104,0.5131483,0.6390809,0.1009205,0.4,0.041243292,0.10109074,0.05689808
375316653866487564,4127813628475009792,0.565933,2229.7224422664503,2.511592500440278,1.3564995E-5,18.96749,0.01459288,0.19762984,0.0016824733,0.06672633,0.0031341654,0.45413443,0.013052745,0.6982176,0.003317484,0.06721155,0.004033847,0.6285678,0.046886202,null,null,null,null,"TWOGAUSSIANS",8,3.7441978,0.6982176,0.003317484,0.3763847,0.022589542,0.6275781,0.04697948,0.19762984,0.0016824733,0.37366742,0.017551327,0.45314467,0.012665844
375316653866487564,4127813662835824640,0.53945124,2216.7688279692247,4.129920721384839,1.9744406E-5,18.578197,0.10249192,0.2567496,0.005076427,0.12145872,0.032748576,0.27465174,0.09780872,0.7564783,0.0061896318,0.11432818,0.034100976,0.22689347,0.0970601,null,null,null,null,"TWOGAUSSIANS",8,2.0580373,0.2567496,0.0051020496,0.4,0.0,0.22200784,0.014021407,0.7564783,0.006201193,0.4,0.0,0.17433247,0.013910386
375316653866487564,4127816278488809856,0.5131232,2239.2972758133487,3.271812409065886,1.7692795E-5,18.202854,0.008076377,0.14347528,0.0044803037,0.07785436,0.00732444,0.2606112,0.034486204,0.6201878,0.00822905,0.06930425,0.013146097,0.34700438,0.09076957,null,null,null,null,"TWOGAUSSIANS",8,5.9637012,0.6201878,0.00822905,0.3881038,0.06147737,0.3459369,0.0920079,0.14347528,0.0044803037,0.4,0.0,0.25954372,0.03492297
375316653866487564,4127817339326825472,0.66416234,2217.901695278316,3.3666667560171306,6.829505E-6,16.842848,0.0074370913,0.29682878,0.0017448706,0.04744383,0.0021461158,0.46710497,0.018956032,0.7929753,0.0019122313,0.042679545,0.0028308625,0.31762907,0.0238772,0.12782988,0.011793464,0.29682878,0.0017448706,"TWOGAUSSIANS_WITH_ELLIPSOIDAL_ON_ECLIPSE1",9,14.146886,0.29682878,0.0017448706,0.26568544,0.012018248,0.7227638,0.007489581,0.7933753,0.0016747995,0.23900546,0.01585283,0.57315356,0.020655409
