Gaia/vari_eclipsing_binary/VariEclipsingBinary_460288-460298.csv
# %ECSV 1.0
# ---
# delimiter: ','
# meta: !!omap
# - RELEASE: Gaia DR3
# - TABLE: vari_eclipsing_binary
# - DESCRIPTION: >
#     This table describes the properties of the eclipsing binaries resulting from the variability analysis. 
# - CITATION: >
#     How to cite and acknowledge Gaia: 
#     https://gea.esac.esa.int/archive/documentation/credits.html 
# - KNOWN_ISSUES: >
#     Known issues: 
#     https://www.cosmos.esa.int/web/gaia-users/known-issues 
# - DOCUMENTATION: >
#     Tutorials and documentation: 
#     https://www.cosmos.esa.int/web/gaia-users/archive 
# datatype:
# - 
#   name: solution_id
#   datatype: int64
#   description: Solution Identifier
#   meta:
#     ucd: meta.version
# - 
#   name: source_id
#   datatype: int64
#   description: Unique source identifier
#   meta:
#     ucd: meta.id;meta.main
# - 
#   name: global_ranking
#   datatype: float32
#   description: Number between 0 (worst) and 1 (best)
#   meta:
#     ucd: stat.param
# - 
#   name: reference_time
#   datatype: float64
#   unit: d
#   description: Reference time used for the geometric model fit
#   meta:
#     ucd: time.epoch
# - 
#   name: frequency
#   datatype: float64
#   unit: d**-1
#   description: Frequency of geometric model of the eclipsing binary light curve
#   meta:
#     ucd: src.orbital
# - 
#   name: frequency_error
#   datatype: float32
#   unit: d**-1
#   description: "Uncertainty of \\texttt{frequency}"
#   meta:
#     ucd: stat.error
# - 
#   name: geom_model_reference_level
#   datatype: float32
#   unit: mag
#   description: Magnitude reference level of geometric model
#   meta:
#     ucd: phot.mag;em.opt
# - 
#   name: geom_model_reference_level_error
#   datatype: float32
#   unit: mag
#   description: "Uncertainty of \\texttt{geomModelReferenceLevel}"
#   meta:
#     ucd: stat.error;phot.mag;em.opt
# - 
#   name: geom_model_gaussian1_phase
#   datatype: float32
#   description: Phase of the Gaussian 1 component
#   meta:
#     ucd: time.phase
# - 
#   name: geom_model_gaussian1_phase_error
#   datatype: float32
#   description: "Uncertainty of \\texttt{geomModelGaussian1Phase}"
#   meta:
#     ucd: stat.error;time.phase
# - 
#   name: geom_model_gaussian1_sigma
#   datatype: float32
#   description: "Standard deviation [phase] of Gaussian 1 component"
#   meta:
#     ucd: stat.stdev
# - 
#   name: geom_model_gaussian1_sigma_error
#   datatype: float32
#   description: "Uncertainty of \\texttt{geomModelGaussian1Sigma}"
#   meta:
#     ucd: stat.error
# - 
#   name: geom_model_gaussian1_depth
#   datatype: float32
#   unit: mag
#   description: Magnitude depth of Gaussian 1 component
#   meta:
#     ucd: src.var.amplitude
# - 
#   name: geom_model_gaussian1_depth_error
#   datatype: float32
#   unit: mag
#   description: "Uncertainty of \\texttt{geomModelGaussian1Depth}"
#   meta:
#     ucd: stat.error;src.var.amplitude
# - 
#   name: geom_model_gaussian2_phase
#   datatype: float32
#   description: Phase of Gaussian 2 component
#   meta:
#     ucd: time.phase
# - 
#   name: geom_model_gaussian2_phase_error
#   datatype: float32
#   description: "Uncertainty of \\texttt{geomModelGaussian2Phase}"
#   meta:
#     ucd: stat.error;time.phase
# - 
#   name: geom_model_gaussian2_sigma
#   datatype: float32
[...]
#   datatype: float32
#   description: "Secondary eclipse: uncertainty of \\texttt{derivedSecondaryEclDuration}"
#   meta:
#     ucd: stat.error;time.duration
# - 
#   name: derived_secondary_ecl_depth
#   datatype: float32
#   unit: mag
#   description: "Secondary eclipse: depth"
#   meta:
#     ucd: src.var.amplitude
# - 
#   name: derived_secondary_ecl_depth_error
#   datatype: float32
#   unit: mag
#   description: "Secondary eclipse: uncertainty of \\texttt{derivedSecondaryEclDepth}"
#   meta:
#     ucd: stat.error;src.var.amplitude
solution_id,source_id,global_ranking,reference_time,frequency,frequency_error,geom_model_reference_level,geom_model_reference_level_error,geom_model_gaussian1_phase,geom_model_gaussian1_phase_error,geom_model_gaussian1_sigma,geom_model_gaussian1_sigma_error,geom_model_gaussian1_depth,geom_model_gaussian1_depth_error,geom_model_gaussian2_phase,geom_model_gaussian2_phase_error,geom_model_gaussian2_sigma,geom_model_gaussian2_sigma_error,geom_model_gaussian2_depth,geom_model_gaussian2_depth_error,geom_model_cosine_half_period_amplitude,geom_model_cosine_half_period_amplitude_error,geom_model_cosine_half_period_phase,geom_model_cosine_half_period_phase_error,model_type,num_model_parameters,reduced_chi2,derived_primary_ecl_phase,derived_primary_ecl_phase_error,derived_primary_ecl_duration,derived_primary_ecl_duration_error,derived_primary_ecl_depth,derived_primary_ecl_depth_error,derived_secondary_ecl_phase,derived_secondary_ecl_phase_error,derived_secondary_ecl_duration,derived_secondary_ecl_duration_error,derived_secondary_ecl_depth,derived_secondary_ecl_depth_error
[from data line 190]
375316653866487564,4048760121127158912,0.4563938,2309.928615722221,3.9810939328300115,3.0643758E-5,18.49577,0.029335262,0.44592282,0.0171222,0.08115033,0.026254509,0.175338,0.028308533,0.77432513,0.008862521,0.056431085,0.010004217,0.2133754,0.02973051,null,null,null,null,"TWOGAUSSIANS",8,6.4751563,0.77432513,0.008862521,0.31601408,0.056023613,0.21342163,0.029794576,0.44592282,0.0171222,0.4,0.05696774,0.17533551,0.028313143
375316653866487564,4048760151265105152,0.51557946,2365.23248537169,2.3048934414000506,2.0297735E-5,19.038986,0.031619128,0.24918222,0.006909865,0.08770236,0.012801886,0.34213823,0.027518768,0.75718385,0.010468741,0.09844309,0.01550067,0.24948058,0.035870902,null,null,null,null,"TWOGAUSSIANS",8,3.911857,0.24918222,0.006909865,0.4,0.0,0.32823393,0.01762474,0.75718385,0.010468741,0.4,0.0,0.23557499,0.028459562
375316653866487564,4048760151265216512,0.5157336,2305.192969629847,2.8852236020914073,2.3257388E-5,18.62223,0.034474693,0.29615396,0.015822418,0.08021799,0.021307718,0.405419,0.039162006,0.77767605,0.0053060804,0.093414105,0.0117848,0.41192183,0.03927717,null,null,null,null,"TWOGAUSSIANS",8,7.885522,0.77767605,0.0053060804,0.4,0.0,0.40247956,0.035519145,0.29615396,0.015822418,0.4,0.0012810729,0.3959775,0.03742325
375316653866487564,4048760185624746496,0.47626698,2387.7754305462468,1.9375885893616815,2.3447534E-5,17.60956,0.028507844,0.18658671,0.0059251827,0.051776025,0.019710999,0.1654845,0.043917075,0.49993378,0.010450995,0.054101575,0.009279446,0.21176986,0.025159257,0.0245508,0.03453862,0.18658671,0.0059251827,"TWOGAUSSIANS_WITH_ELLIPSOIDAL_ON_ECLIPSE1",9,26.63028,0.5031038,0.007575212,0.30296883,0.051964898,0.21949378,0.030441709,0.18658671,0.0059251827,0.28994575,0.110381596,0.2145844,0.04342968
375316653866487564,4048760189898112256,0.46881017,2311.8505768308323,0.03337818186132723,4.7525828E-5,19.002766,0.023799285,0.36873162,0.022110185,0.08359827,0.022691343,0.22411633,0.048088428,0.85857576,0.00817493,0.045307964,0.01903066,0.8118886,1.1492605,null,null,null,null,"TWOGAUSSIANS",8,4.4763203,0.85857576,0.00817493,0.2537246,0.1065717,0.81162804,1.1501881,0.36873162,0.022110185,0.4,0.0063458346,0.22385575,0.048008546
375316653866487564,4048760494822059520,0.62211317,2278.749708784736,0.8824997837150267,3.395826E-6,17.362665,0.01319861,0.17092468,0.0054931534,0.09934362,0.014562118,0.24089102,0.036107495,0.6756999,0.0010701086,0.08835344,0.004130864,0.3336998,0.011162486,null,null,null,null,"TWOGAUSSIANS",8,1.6999071,0.6756999,0.0010705609,0.4,0.0,0.31868544,0.007125787,0.17092468,0.0054931534,0.4,0.0,0.22587517,0.042803675
375316653866487564,4048760597942133248,0.48656768,2322.017833861546,3.016916624651186,3.0632455E-5,19.852451,0.02156042,0.28482446,0.074406385,0.067427605,0.034748927,0.25884524,0.1218982,0.8163583,0.011487682,0.05068634,0.011389708,0.5777212,0.32599837,null,null,null,null,"TWOGAUSSIANS",8,1.9373895,0.8163583,0.011487682,0.28384352,0.063782364,0.5776924,0.32597473,0.28482446,0.074406385,0.3775946,0.18948914,0.25881648,0.12188681
375316653866487564,4048760774012790016,0.45711952,2240.6540519049386,1.2211967731886644,1.2965176E-4,19.220737,0.035264574,0.30380398,0.08432281,0.103400975,0.051054336,0.17236881,0.041504275,0.59323955,0.023593036,0.08423672,0.043524608,0.28003156,0.049170945,null,null,null,null,"TWOGAUSSIANS",8,6.6646743,0.59323955,0.023593036,0.4,0.0034666392,0.2831331,0.054910593,0.30589396,0.08332143,0.4,0.056851525,0.17283972,0.040414542
375316653866487564,4048760808372447232,0.45083365,2238.893224600176,1.9829493612905826,1.4943673E-4,18.661089,0.026000518,0.33163673,0.0411048,0.109986946,0.06440593,0.10944263,0.07620362,0.81923425,0.012937573,0.045605823,0.024155864,0.16061555,0.023605157,null,null,null,null,"TWOGAUSSIANS",8,4.0700755,0.81923425,0.012937573,0.2553926,0.13527285,0.15964897,0.020191964,0.33163673,0.0411048,0.4,0.10258408,0.108468026,0.07597986
375316653866487564,4048760842732207360,0.6296389,2239.548219826063,1.8052088857163202,5.805842E-6,17.239195,0.0059597325,0.22993843,0.0024396721,0.097481154,0.0047774897,0.27612218,0.0085786255,0.73198026,0.001111742,0.086794205,0.0024835027,0.30079532,0.010126541,null,null,null,null,"TWOGAUSSIANS",8,2.145731,0.73198026,0.001111742,0.4,0.0,0.2867744,0.009834455,0.22993843,0.0024396721,0.4,0.0,0.2621002,0.0086392965
375316653866487564,4048761083198358656,0.43460983,2334.0061226641915,1.3990173888481097,7.443787E-5,18.793242,0.092643134,0.17116597,0.06108421,0.048776105,0.047135245,0.10030999,7.776955,0.5463444,0.015011938,0.086723536,0.053846847,0.30772844,0.071818456,null,null,null,null,"TWOGAUSSIANS",8,4.007953,0.5463444,0.015011938,0.4,0.0,0.3077189,0.070824504,0.17119597,0.061107863,0.27314618,0.26395738,0.100327045,7.7769485
375316653866487564,4048761147699579136,0.48139086,2316.043913313797,0.14699214280495695,2.6066695E-5,19.493546,0.021304524,0.14326192,0.03050805,0.051763818,0.032319147,0.16587912,0.033875328,0.64164674,0.0033500416,0.022357922,0.0032333655,0.2730068,0.026272235,null,null,null,null,"TWOGAUSSIANS",8,1.9301218,0.64164674,0.0033500416,0.12520437,0.018106846,0.2730068,0.026271552,0.14326192,0.03050805,0.28987738,0.123431824,0.16587912,0.033874407
375316653866487564,4048761285138520576,0.44405344,2249.889091724968,0.3972022772322747,8.3879735E-5,18.448296,0.012381233,0.296972,0.012276656,0.07973025,0.01460968,0.15369612,0.0313121,0.709329,0.0054814727,0.028710969,0.00795837,0.11268749,0.016733196,null,null,null,null,"TWOGAUSSIANS",8,7.4680557,0.296972,0.012276656,0.4,0.0,0.15369602,0.031312563,0.709329,0.0054814727,0.16078143,0.044566877,0.112687625,0.016733358
375316653866487564,4048761285138557568,0.5313359,2289.893522409599,2.3030914801781073,4.0116578E-5,18.912304,0.029496737,0.27414653,0.001354779,0.07943854,0.0059038145,0.5082684,0.026178924,0.781533,0.0089888545,0.087127,0.019142073,0.46756095,0.14576115,null,null,null,null,"TWOGAUSSIANS",8,4.107631,0.27414653,0.001354779,0.4,0.0,0.4988804,0.019250523,0.781533,0.0089888545,0.4,0.0,0.45817283,0.15475725
375316653866487564,4048761289408894976,0.5620484,2272.247298639259,0.12043522094505088,3.5885787E-5,19.048395,0.031203512,0.08222525,0.014282271,0.034158044,0.018203333,0.08175698,0.027845267,0.5385925,0.015104884,0.15058348,0.019500164,0.41798088,0.036724456,null,null,null,null,"TWOGAUSSIANS",8,2.5347116,0.5385925,0.015104884,0.4,0.0,0.41095084,0.02042496,0.08325525,0.015037313,0.19128504,0.10193866,0.07961459,0.023892155
375316653866487564,4048761525656517632,0.4836127,2339.7838792918424,0.2817133062969916,3.508645E-5,19.29245,0.2297137,0.3504861,0.0035333736,0.056107655,0.014731114,1.1467239,0.27743945,0.8068551,0.011642223,0.17102295,0.064260766,0.498576,0.21987617,null,null,null,null,"TWOGAUSSIANS",8,4.393749,0.35093608,0.0033923422,0.31420287,0.08249424,1.1060667,0.30876973,0.8068551,0.011642223,0.4,0.0,0.44051975,0.110950716
375316653866487564,4048761834893927552,0.4629487,2328.237406501133,1.6665126412550342,2.955672E-5,17.379278,1.0372324,0.30864576,0.015144028,0.17492181,0.09153049,0.84908533,0.9201556,0.7996999,0.023765175,0.19366492,0.12484132,0.8448458,0.97554505,null,null,null,null,"TWOGAUSSIANS",8,20.148224,0.31302574,0.008650315,0.4,0.0,0.2583397,0.020332772,0.7996999,0.023765175,0.4,0.0,0.22207732,0.05697554
375316653866487564,4048761903613658880,0.53895646,2245.6954686136623,0.9889993653069669,2.3843793E-5,19.667315,0.014672263,0.2952747,0.049444165,0.04730173,0.027752081,0.48490688,0.47331798,0.82406205,0.0019538158,0.025074955,0.0024069645,0.61379784,0.08076494,null,null,null,null,"TWOGAUSSIANS",8,2.6219711,0.82406205,0.0019538158,0.14041974,0.013479002,0.61379784,0.08076494,0.2952747,0.049444165,0.2648897,0.15541166,0.48490688,0.47331798
375316653866487564,4048761942243952000,0.47024488,2378.509923137266,0.41129858363032656,4.6938807E-5,19.230185,0.09425977,0.32703942,0.0032097702,0.032793026,0.017299656,0.34462366,0.09299235,0.8157264,0.050163526,0.08833128,0.058986496,0.1563515,0.0947659,null,null,null,null,"TWOGAUSSIANS",8,5.352229,0.32703942,0.0032124154,0.18364096,0.096878074,0.34457764,0.091522925,0.8157264,0.050163526,0.4,0.07705433,0.15630543,0.09271523
375316653866487564,4048762148350404352,0.49604127,2240.4911765296424,3.2737730417309097,4.902755E-5,18.619137,0.030274196,0.18677539,0.014333414,0.0910038,0.02500779,0.23556662,0.058553863,0.676862,0.009646354,0.09306184,0.019039351,0.18647598,0.029315237,null,null,null,null,"TWOGAUSSIANS",8,2.9254477,0.18677539,0.014340651,0.4,0.0,0.22655553,0.059055984,0.676862,0.009646354,0.4,0.0,0.17746481,0.014900378
375316653866487564,4048762178449385216,0.64896894,2296.4070101976104,0.026725360318006278,1.1469174E-5,15.953221,7.1664766E-4,0.36862695,0.00300986,0.0049005374,0.005225059,0.013436051,0.003474285,0.82949466,0.022603776,0.029367207,0.009083164,0.38717088,0.3548701,null,null,null,null,"TWOGAUSSIANS",8,2.010147,0.82949466,0.022603776,0.16445635,0.050865717,0.38717088,0.3548701,0.36862695,0.00300986,0.027443008,0.02926033,0.013436051,0.003474285
375316653866487564,4048762247212491520,0.4689576,2290.396799986089,0.47614420425009396,5.6597008E-5,18.953245,0.045968615,0.19743778,0.030134374,0.05167042,0.017675664,0.24504858,0.1538925,0.6571634,0.019410247,0.123174585,0.03791656,0.38056904,0.046265986,null,null,null,null,"TWOGAUSSIANS",8,13.022078,0.6571634,0.019410247,0.4,0.0,0.37540093,0.036079224,0.19754778,0.03018506,0.28935435,0.09898373,0.24026565,0.15497854
375316653866487564,4048762281572153984,0.6201624,2297.404304281512,2.155849244072066,7.196402E-6,18.031939,0.00631298,0.18964921,0.003144803,0.07858965,0.0031823486,0.5230546,0.013490428,0.6796791,0.012897664,0.07538374,0.0062477295,0.6078369,0.061197475,null,null,null,null,"TWOGAUSSIANS",8,4.3021007,0.6796791,0.012897664,0.4,0.009723665,0.6031685,0.06024429,0.18964921,0.003144803,0.4,0.0,0.5183862,0.013482427
375316653866487564,4048762423228429056,0.50929046,2316.798710409674,2.348863333649667,1.7215916E-5,19.273825,0.0059770634,null,null,null,null,null,null,null,null,null,null,null,null,0.14591783,0.0074051535,0.24838728,0.00650194,"ELLIPSOIDAL",4,3.2492716,null,null,null,null,null,null,null,null,null,null,null,null
375316653866487564,4048762491950068224,0.4971399,2317.779218527349,2.5549714086312005,1.7619308E-5,18.928446,0.019247271,0.26758826,0.005626138,0.07301385,0.010093874,0.18951707,0.021037282,0.7653021,0.018484356,0.07174111,0.031411346,0.17759605,0.044630714,null,null,null,null,"TWOGAUSSIANS",8,2.3340318,0.26758826,0.005626138,0.4,0.0075339302,0.1886254,0.018075243,0.7653021,0.018484356,0.4,0.061969068,0.17670438,0.045525484
375316653866487564,4048762526361306240,0.45764464,2289.7883732514583,1.194370706265864,2.2193519E-5,18.817158,0.042385202,0.10570613,0.0060328483,0.02642869,0.0067785326,0.5469858,0.10160587,0.60466284,0.08123036,0.026854256,0.03153622,1.0179563,0.8030957,null,null,null,null,"TWOGAUSSIANS",8,11.999791,0.60466284,0.08123036,0.15038384,0.17660284,1.0179563,0.8030957,0.10570613,0.0060328483,0.14800067,0.037959784,0.5469858,0.10160587
375316653866487564,4048762762604965120,0.45056087,2285.620824007087,1.201843812777984,5.609608E-5,18.530912,0.8572491,0.1237193,0.060399815,0.14503653,0.05351157,0.56100184,0.53330785,0.5839327,0.0152717205,0.27852967,0.14443196,0.9893138,0.82118815,null,null,null,null,"TWOGAUSSIANS",8,6.181099,0.5839327,0.0152717205,0.4,0.0,0.25822365,0.03539698,0.1526693,0.041239623,0.4,0.0,0.23287587,0.04370896
375316653866487564,4048762796965933184,0.631573,2307.573566118687,1.4190857947823037,4.1756725E-6,17.37426,0.0061131963,0.28969195,0.001925014,0.09083504,0.0033008023,0.27944553,0.0058071353,0.7954452,0.0012899372,0.10085641,0.0068050157,0.19100052,0.014664755,null,null,null,null,"TWOGAUSSIANS",8,1.7174498,0.28969195,0.001925014,0.4,0.0,0.26544854,0.0040414915,0.7954452,0.0012899372,0.4,0.0,0.17700185,0.01690524
375316653866487564,4048762801283183488,0.5155736,2305.328149604076,0.542944878107036,4.0302028E-5,19.298754,0.011510205,0.15334363,0.020895107,0.0411173,0.00796659,0.23773141,0.14652912,0.32513383,0.024027122,0.13268186,0.02013953,0.23458683,0.024771309,null,null,null,null,"TWOGAUSSIANS",8,2.2188685,0.16069365,0.01935787,0.23025687,0.044612907,0.3424103,0.14720806,0.32513383,0.024027122,0.4,0.0,0.2342384,0.02439029
375316653866487564,4048762904267226368,0.5371356,2340.209004961923,0.5295904399361313,1.8817194E-5,19.102848,0.07680243,0.23171768,0.010841886,0.13361004,0.039853424,0.28331253,0.07184007,0.76389295,0.0057982956,0.07602756,0.009898878,0.39144927,0.06234869,null,null,null,null,"TWOGAUSSIANS",8,1.2939515,0.7640929,0.00566984,0.4,0.002575346,0.36810458,0.024138141,0.23171768,0.010841886,0.4,0.0,0.2592482,0.021276167
375316653866487564,4048762934353553408,0.45938775,2332.623534649469,1.6527826612458045,6.8052555E-5,19.290144,0.03301421,0.37808794,0.028758515,0.08567063,0.038902547,0.14169742,0.046577655,0.6354535,0.09610348,0.13643162,0.1544691,0.07626085,0.038782943,null,null,null,null,"TWOGAUSSIANS",8,2.963762,0.38832793,0.021130214,0.4,0.11495541,0.15476383,0.015490627,0.6354535,0.09610348,0.4,0.015822915,0.07710483,0.015915774
375316653866487564,4048763037467325440,0.49035951,2328.199812345154,2.3846961050433384,6.295575E-5,18.895512,0.021510812,0.21152696,0.008430971,0.08693421,0.013320626,0.21890678,0.037575636,0.7115443,0.011375384,0.067828685,0.014258531,0.22207396,0.032425325,null,null,null,null,"TWOGAUSSIANS",8,4.1770587,0.7115443,0.011375384,0.37984064,0.051312204,0.2197096,0.031201564,0.21152696,0.008430971,0.4,0.0,0.21654238,0.03677553
375316653866487564,4048763071826955264,0.5790088,2298.848840212993,0.1077170251309066,2.5587527E-5,19.137897,0.03777916,0.2287556,0.0032268746,0.083616115,0.009331554,0.5760974,0.03294591,0.7349875,0.019902276,0.0981142,0.03551078,0.6974029,0.3167256,null,null,null,null,"TWOGAUSSIANS",8,0.92271364,0.7349875,0.019902276,0.4,0.022859652,0.67110217,0.3394604,0.2287556,0.0032268746,0.4,0.0,0.54980004,0.029836645
375316653866487564,4048763144836577792,0.5601433,2273.364786004849,2.0784729200671754,2.399893E-5,17.95457,0.007492915,0.2634998,0.008308709,0.07642829,0.009161127,0.19064839,0.030430198,0.76894855,0.007174234,0.06532917,0.008915609,0.47155052,0.081346914,null,null,null,null,"TWOGAUSSIANS",8,5.59329,0.76894855,0.007174234,0.36584336,0.044019233,0.47056118,0.08249318,0.2634998,0.008308709,0.4,0.0025861426,0.18965904,0.030714935
375316653866487564,4048763144836612864,0.48409337,2301.415951108056,0.26261277175039743,6.141864E-5,19.209364,0.037894983,0.2868329,0.008742213,0.042926375,0.00897183,0.15678439,0.037479166,0.69921905,0.009231162,0.1598499,0.035469636,0.24647605,0.045192324,null,null,null,null,"TWOGAUSSIANS",8,2.3232,0.69921905,0.009231162,0.4,0.0,0.24020728,0.04689458,0.2884729,0.009086292,0.2403877,0.05024225,0.1597558,0.039201915
375316653866487564,4048763449785710720,0.46368575,2337.0970298336288,1.4815973078996798,1.1490017E-4,18.147152,0.117208816,0.51260746,0.03247466,0.16559745,0.09931511,0.11617256,0.11246539,0.90468895,0.06396698,0.10513358,0.062427223,0.06274393,0.07307722,null,null,null,null,"TWOGAUSSIANS",8,3.008928,0.5131175,0.028033337,0.4,0.0,0.10180874,0.016914185,0.90468895,0.06396698,0.4,0.023408065,0.055500936,0.016763188
375316653866487564,4048763827758117248,0.5097964,2276.6115364335747,0.37814425247799976,4.961271E-5,19.492706,0.054069128,0.33183014,0.010887297,0.09992061,0.020477587,0.2983948,0.053583298,0.8212518,0.04693436,0.048035115,0.05873362,0.3975063,0.21295722,null,null,null,null,"TWOGAUSSIANS",8,2.3387702,0.8212518,0.04693436,0.26899663,0.17232895,0.39592856,0.2265357,0.33183014,0.010882366,0.4,0.0,0.2968146,0.036505938
