Gaia/vari_eclipsing_binary/VariEclipsingBinary_594205-594331.csv
# %ECSV 1.0
# ---
# delimiter: ','
# meta: !!omap
# - RELEASE: Gaia DR3
# - TABLE: vari_eclipsing_binary
# - DESCRIPTION: >
#     This table describes the properties of the eclipsing binaries resulting from the variability analysis. 
# - CITATION: >
#     How to cite and acknowledge Gaia: 
#     https://gea.esac.esa.int/archive/documentation/credits.html 
# - KNOWN_ISSUES: >
#     Known issues: 
#     https://www.cosmos.esa.int/web/gaia-users/known-issues 
# - DOCUMENTATION: >
#     Tutorials and documentation: 
#     https://www.cosmos.esa.int/web/gaia-users/archive 
# datatype:
# - 
#   name: solution_id
#   datatype: int64
#   description: Solution Identifier
#   meta:
#     ucd: meta.version
# - 
#   name: source_id
#   datatype: int64
#   description: Unique source identifier
#   meta:
#     ucd: meta.id;meta.main
# - 
#   name: global_ranking
#   datatype: float32
#   description: Number between 0 (worst) and 1 (best)
#   meta:
#     ucd: stat.param
# - 
#   name: reference_time
#   datatype: float64
#   unit: d
#   description: Reference time used for the geometric model fit
#   meta:
#     ucd: time.epoch
# - 
#   name: frequency
#   datatype: float64
#   unit: d**-1
#   description: Frequency of geometric model of the eclipsing binary light curve
#   meta:
#     ucd: src.orbital
# - 
#   name: frequency_error
#   datatype: float32
#   unit: d**-1
#   description: "Uncertainty of \\texttt{frequency}"
#   meta:
#     ucd: stat.error
# - 
#   name: geom_model_reference_level
#   datatype: float32
#   unit: mag
#   description: Magnitude reference level of geometric model
#   meta:
#     ucd: phot.mag;em.opt
# - 
#   name: geom_model_reference_level_error
#   datatype: float32
#   unit: mag
#   description: "Uncertainty of \\texttt{geomModelReferenceLevel}"
#   meta:
#     ucd: stat.error;phot.mag;em.opt
# - 
#   name: geom_model_gaussian1_phase
#   datatype: float32
#   description: Phase of the Gaussian 1 component
#   meta:
#     ucd: time.phase
# - 
#   name: geom_model_gaussian1_phase_error
#   datatype: float32
#   description: "Uncertainty of \\texttt{geomModelGaussian1Phase}"
#   meta:
#     ucd: stat.error;time.phase
# - 
#   name: geom_model_gaussian1_sigma
#   datatype: float32
#   description: "Standard deviation [phase] of Gaussian 1 component"
#   meta:
#     ucd: stat.stdev
# - 
#   name: geom_model_gaussian1_sigma_error
#   datatype: float32
#   description: "Uncertainty of \\texttt{geomModelGaussian1Sigma}"
#   meta:
#     ucd: stat.error
# - 
#   name: geom_model_gaussian1_depth
#   datatype: float32
#   unit: mag
#   description: Magnitude depth of Gaussian 1 component
#   meta:
#     ucd: src.var.amplitude
# - 
#   name: geom_model_gaussian1_depth_error
#   datatype: float32
#   unit: mag
#   description: "Uncertainty of \\texttt{geomModelGaussian1Depth}"
#   meta:
#     ucd: stat.error;src.var.amplitude
# - 
#   name: geom_model_gaussian2_phase
#   datatype: float32
#   description: Phase of Gaussian 2 component
#   meta:
#     ucd: time.phase
# - 
#   name: geom_model_gaussian2_phase_error
#   datatype: float32
#   description: "Uncertainty of \\texttt{geomModelGaussian2Phase}"
#   meta:
#     ucd: stat.error;time.phase
# - 
#   name: geom_model_gaussian2_sigma
#   datatype: float32
[...]
#   datatype: float32
#   description: "Secondary eclipse: uncertainty of \\texttt{derivedSecondaryEclDuration}"
#   meta:
#     ucd: stat.error;time.duration
# - 
#   name: derived_secondary_ecl_depth
#   datatype: float32
#   unit: mag
#   description: "Secondary eclipse: depth"
#   meta:
#     ucd: src.var.amplitude
# - 
#   name: derived_secondary_ecl_depth_error
#   datatype: float32
#   unit: mag
#   description: "Secondary eclipse: uncertainty of \\texttt{derivedSecondaryEclDepth}"
#   meta:
#     ucd: stat.error;src.var.amplitude
solution_id,source_id,global_ranking,reference_time,frequency,frequency_error,geom_model_reference_level,geom_model_reference_level_error,geom_model_gaussian1_phase,geom_model_gaussian1_phase_error,geom_model_gaussian1_sigma,geom_model_gaussian1_sigma_error,geom_model_gaussian1_depth,geom_model_gaussian1_depth_error,geom_model_gaussian2_phase,geom_model_gaussian2_phase_error,geom_model_gaussian2_sigma,geom_model_gaussian2_sigma_error,geom_model_gaussian2_depth,geom_model_gaussian2_depth_error,geom_model_cosine_half_period_amplitude,geom_model_cosine_half_period_amplitude_error,geom_model_cosine_half_period_phase,geom_model_cosine_half_period_phase_error,model_type,num_model_parameters,reduced_chi2,derived_primary_ecl_phase,derived_primary_ecl_phase_error,derived_primary_ecl_duration,derived_primary_ecl_duration_error,derived_primary_ecl_depth,derived_primary_ecl_depth_error,derived_secondary_ecl_phase,derived_secondary_ecl_phase_error,derived_secondary_ecl_duration,derived_secondary_ecl_duration_error,derived_secondary_ecl_depth,derived_secondary_ecl_depth_error
[from data line 110]
375316653866487564,5226950533235222144,0.5427037,2175.3863426740477,4.14465671995706,1.565582E-5,19.336567,0.021009147,0.20711067,0.0056911125,0.0770783,0.006589915,0.46278548,0.026148597,0.68784,0.0046188463,0.07181781,0.0069264486,0.6413932,0.039102264,null,null,null,null,"TWOGAUSSIANS",8,4.3031754,0.68784,0.0046188463,0.4,0.016826658,0.63892317,0.03940768,0.20711067,0.0056911125,0.4,0.0,0.46031547,0.0254317
375316653866487564,5226950636322842496,0.56396776,2186.05026912744,3.482854284381535,8.798779E-6,13.889215,0.011021321,0.23472409,0.019072393,0.04496755,0.017078832,0.14105102,0.02841255,0.74654067,0.0049393442,0.044355575,0.016174369,0.058190886,0.024362423,0.09142254,0.011451595,0.74654067,0.0049393442,"TWOGAUSSIANS_WITH_ELLIPSOIDAL_ON_ECLIPSE2",9,211.86224,0.23674409,0.013182705,0.2518183,0.095641464,0.32306194,0.025452897,0.74654067,0.0049393442,0.24839121,0.09057646,0.24103594,0.005430214
375316653866487564,5226951289157734784,0.65157825,2199.8627306537423,1.0313615380722359,3.364991E-6,12.9881315,0.0057867295,0.15305868,9.639361E-4,0.036562573,0.0019659456,0.22105873,0.01343887,0.6532548,0.0011000199,0.03409303,0.001435165,1.3443737,0.06749818,0.034703996,0.0078002163,0.15305868,9.639361E-4,"TWOGAUSSIANS_WITH_ELLIPSOIDAL_ON_ECLIPSE1",9,252.83958,0.6532548,0.0011000199,0.19092096,0.008036924,1.4137815,0.072571985,0.15305868,9.639361E-4,0.2047504,0.0110092955,0.29046667,0.004773827
375316653866487564,5226951667114877824,0.6666433,2172.795298220123,0.7817485062051505,3.6166405E-6,13.448715,0.002274495,0.2632049,0.002725024,0.05463898,0.004269535,0.04515379,0.008103403,0.7573925,5.429098E-4,0.046229925,5.9393473E-4,0.50641745,0.007152755,0.029768327,0.002784486,0.2632049,0.002725024,"TWOGAUSSIANS_WITH_ELLIPSOIDAL_ON_ECLIPSE1",9,28.350536,0.7575025,5.16501E-4,0.2588876,0.0033260344,0.5658748,0.0059571643,0.2632049,0.002725024,0.3059783,0.023909397,0.10468898,0.0057130875
375316653866487564,5226952457388856960,0.5858192,2182.2172968828436,1.196237028839836,6.086369E-6,15.824375,0.03922368,0.23564197,0.0023161862,0.11841533,0.013042169,0.22674635,0.036923364,0.75475794,0.00685717,0.12849733,0.031957693,0.114579596,0.03797767,null,null,null,null,"TWOGAUSSIANS",8,10.281784,0.23552197,0.0021401562,0.4,0.0,0.1927685,0.0060493913,0.75497794,0.0068371617,0.4,0.0,0.08053953,0.006729956
375316653866487564,5226953690043127680,0.56043535,2140.8232747378815,3.6761672083413592,6.756489E-6,19.4837,0.013588613,0.2177975,0.0030593923,0.07115488,0.0039129076,0.6031224,0.033217963,0.7160738,0.0018772344,0.060649022,0.00378355,0.68641806,0.051095992,null,null,null,null,"TWOGAUSSIANS",8,2.5092313,0.7160738,0.0018772344,0.33963454,0.021187881,0.68550783,0.05136423,0.2177975,0.0030593923,0.39846733,0.015273685,0.60221213,0.033328157
375316653866487564,5226954961346482688,0.6337084,2228.5794586691004,0.026765786467089714,1.2946621E-5,17.995308,0.0017966934,0.37498242,0.0982561,0.09558215,0.08089749,0.015077799,0.016014213,0.82922673,0.0010678339,0.003017033,5.9581397E-4,1.114265,0.35261026,null,null,null,null,"TWOGAUSSIANS",8,1.6859094,0.82922673,0.0010678339,0.016895384,0.0033365581,1.1142651,0.35261026,0.37498242,0.0982561,0.4,0.25009805,0.015077764,0.016014319
375316653866487564,5226955373666691072,0.6023983,2241.3326246810434,3.2571910318812165,1.0812558E-5,16.138914,0.024603724,0.27041003,0.0060226526,0.06050326,0.0065840213,0.4109498,0.07335963,0.77826357,0.0026671067,0.060050927,0.0065461393,0.33292496,0.04612921,0.07859592,0.027392669,0.27041003,0.0060226526,"TWOGAUSSIANS_WITH_ELLIPSOIDAL_ON_ECLIPSE1",9,34.18313,0.27041003,0.0060226526,0.33881825,0.03687052,0.56802833,0.04747396,0.77826357,0.0026671067,0.33628517,0.03665838,0.489621,0.012929175
375316653866487564,5226964380219215488,0.53079915,2230.5869062057473,0.49070167065086207,7.1863695E-5,18.008478,0.004323415,0.8196323,0.006375732,0.037272587,0.003728055,0.61644465,0.09055511,null,null,null,null,null,null,null,null,null,null,"ONEGAUSSIAN",5,14.179481,0.8196323,0.006375732,0.2087265,0.020877108,0.61644465,0.0,null,null,null,null,null,null
375316653866487564,5226964414578951168,0.72625285,2213.3698826712166,0.4486391181136903,1.690019E-6,13.123083,0.0011120408,0.26208958,3.909888E-4,0.02504629,3.3249732E-4,0.43739262,0.004857439,0.76273084,8.2533417E-4,0.024883207,7.825649E-4,0.49612296,0.0061394093,0.007636106,0.0014802179,0.26208958,3.909888E-4,"TWOGAUSSIANS_WITH_ELLIPSOIDAL_ON_ECLIPSE1",9,28.393497,0.76273084,8.2533417E-4,0.13934596,0.0043823635,0.5113949,0.0061557847,0.26208958,3.909888E-4,0.14025924,0.001861985,0.45266482,0.004475933
375316653866487564,5226966678017529728,0.5643397,2226.0639481316225,2.122768138009384,8.427298E-6,17.796469,0.016429037,0.26011246,0.0014813753,0.042681094,0.0033288656,0.7742735,0.05033948,0.7687559,0.012844235,0.04030124,0.0050290134,0.10677462,0.05689916,0.041111942,0.024662038,0.26011246,0.0014813753,"TWOGAUSSIANS_WITH_ELLIPSOIDAL_ON_ECLIPSE1",9,25.798828,0.26011246,0.0014813753,0.23901413,0.018641647,0.85649735,0.05403521,0.7687559,0.012844235,0.22568695,0.028162476,0.18875617,0.019023849
375316653866487564,5226970938630071040,0.53089803,2205.6445579881597,2.534404250985081,1.36457575E-5,17.598701,0.019372877,0.28890628,0.0047798846,0.09352121,0.00911581,0.2907903,0.018063791,0.8036629,0.0037875087,0.09740582,0.01024378,0.25778434,0.0160762,null,null,null,null,"TWOGAUSSIANS",8,8.800144,0.28890628,0.0047798846,0.4,0.0,0.27636433,0.011422044,0.8036629,0.0037875087,0.4,0.0,0.24335758,0.01058743
375316653866487564,5226971007344766720,0.6021151,2222.1998238083584,3.4009381685369067,1.3945551E-5,17.91468,0.015662067,0.2807367,0.0037504744,0.048947092,0.0053384975,0.20828381,0.043994464,0.7778923,0.0036117341,0.063110024,0.004799179,0.29910633,0.034539178,0.10383939,0.017910022,0.2807367,0.0037504744,"TWOGAUSSIANS_WITH_ELLIPSOIDAL_ON_ECLIPSE1",9,7.5714417,0.77840227,0.0028569726,0.35341614,0.0268754,0.5066335,0.013259025,0.2807367,0.0037504744,0.27410373,0.029895585,0.41586542,0.015325165
375316653866487564,5226972416094195072,0.4912732,2201.9401292349803,0.030089650735387653,1.9371758E-4,17.836258,0.0073618763,0.17548296,0.0013888737,0.033920612,0.0025017161,0.45259342,0.010149339,null,null,null,null,null,null,null,null,null,null,"ONEGAUSSIAN",5,28.471941,0.17548296,0.0013888737,0.18995543,0.01400961,0.45259342,0.0,null,null,null,null,null,null
375316653866487564,5226973451189671296,0.48833188,2205.7698511877106,2.752381210869741,5.841404E-5,16.646011,0.016056675,0.26550335,0.0103151165,0.09127734,0.015662028,0.17830123,0.021463208,0.75274074,0.007645802,0.0798022,0.01258467,0.15483989,0.015350738,null,null,null,null,"TWOGAUSSIANS",8,35.390453,0.26550335,0.0103151165,0.4,0.0,0.17456932,0.01891281,0.75274074,0.007645802,0.4,0.0,0.15110812,0.010053438
375316653866487564,5226974825579220736,0.45255536,2179.381903976075,0.5215284034581621,1.96851E-5,17.91834,0.0035132035,0.4537269,1.4972733E-7,0.0013330638,3.6268822E-5,0.8965109,0.06290085,0.8116212,0.007153864,0.0154438615,0.008425725,0.1030555,0.054532047,null,null,null,null,"TWOGAUSSIANS",8,7.8851023,0.4537269,1.4972733E-7,0.0074651577,2.0310542E-4,0.8965109,0.06290085,0.8116212,0.007153864,0.086485624,0.047184058,0.1030555,0.054532047
375316653866487564,5226974997377906048,0.6386567,2187.4613526200524,2.957927298373044,2.7903754E-6,17.308994,0.010203929,0.3484799,0.0011448772,0.050654065,0.003144925,0.35917443,0.020077296,0.84426886,0.0015317524,0.051190574,0.003732673,0.409032,0.026461218,0.09132519,0.011084788,0.3484799,0.0011448772,"TWOGAUSSIANS_WITH_ELLIPSOIDAL_ON_ECLIPSE1",9,6.820705,0.8446289,0.0013887329,0.28666723,0.020902969,0.5915606,0.031154059,0.3484799,0.0011448772,0.28366277,0.01761158,0.5418201,0.0058422373
375316653866487564,5226975615853285888,0.56494194,2198.4261469683656,3.357512491594908,6.4384008E-6,16.024391,0.012289929,0.15878454,0.0015922786,0.046997577,0.0044994536,0.3663652,0.021193862,0.66554093,0.0052551413,0.04411373,0.0049175103,0.2765239,0.033661798,0.1255279,0.016776817,0.15878454,0.0015922786,"TWOGAUSSIANS_WITH_ELLIPSOIDAL_ON_ECLIPSE1",9,52.54179,0.15878454,0.0015922786,0.26318642,0.02519694,0.6174205,0.024115201,0.66554093,0.0052551413,0.24703687,0.027538057,0.527127,0.015494922
375316653866487564,5226975684564847872,0.54709977,2180.44724117309,3.7244513072042107,8.309014E-6,19.841648,0.025795808,0.24050252,0.007354042,0.04423472,0.012466136,0.4676696,0.13498744,0.75004244,0.0011175278,0.033918828,0.0033096285,0.7121975,0.07277956,0.08763147,0.0381801,0.24050252,0.007354042,"TWOGAUSSIANS_WITH_ELLIPSOIDAL_ON_ECLIPSE1",9,3.7330856,0.75004244,0.0011175278,0.18994544,0.018533919,0.8868314,0.05202827,0.24050252,0.007354042,0.24771442,0.06981036,0.6429325,0.1579342
375316653866487564,5226980357497213696,0.6500745,2195.0249948666146,2.6544961940545977,2.9149949E-6,16.27144,0.0044888207,0.1779815,0.0012252767,0.048029266,0.002858223,0.16124015,0.010128647,0.6799082,0.0022687067,0.03780262,0.0037209382,0.14115094,0.009655479,0.11899549,0.006360342,0.1779815,0.0012252767,"TWOGAUSSIANS_WITH_ELLIPSOIDAL_ON_ECLIPSE1",9,9.351764,0.1779815,0.0012252767,0.2689639,0.016006049,0.39923087,0.008165391,0.6799082,0.0022687067,0.21169469,0.020837255,0.3791068,0.0050441306
375316653866487564,5226981491359922176,0.5385507,2188.389935877422,3.3793217256439405,8.239233E-6,18.162506,0.024128815,0.27492213,0.003574501,0.10922513,0.012693228,0.23198304,0.020567037,0.77743584,0.010609173,0.09825867,0.015364068,0.2573214,0.025319628,null,null,null,null,"TWOGAUSSIANS",8,3.0625346,0.77743584,0.010609278,0.4,0.0,0.23145294,0.009781313,0.27492213,0.003574501,0.4,0.0,0.20610271,0.008360858
375316653866487564,5226981658862843136,0.6276094,2186.246566176356,0.6660465113026389,1.0172422E-5,13.207766,9.5967867E-4,0.9270101,0.0052446187,0.029730458,0.008829902,0.010041882,0.002952627,0.19555229,0.0043914435,0.0068911244,0.0036895243,0.3636301,1.08045,0.0026657195,0.0017173802,0.19555229,0.0043914435,"TWOGAUSSIANS_WITH_ELLIPSOIDAL_ON_ECLIPSE2",9,20.229801,0.19555229,0.0043914435,0.038590297,0.020661335,0.36896154,1.0805252,0.9263001,0.005452431,0.16649057,0.04944745,0.010116649,0.002960294
375316653866487564,5226982316002396544,0.5697493,2210.476783275999,0.5772615390203371,6.9556777E-6,17.904865,0.0040018465,0.12552238,6.3818897E-4,0.011639381,7.926998E-4,0.506258,0.04667621,0.63564193,0.01681154,0.017846573,0.011637732,0.75415087,10.697455,null,null,null,null,"TWOGAUSSIANS",8,8.6119795,0.63564193,0.01681154,0.099940814,0.0651713,0.75415087,10.697455,0.12552238,6.3818897E-4,0.06518053,0.004439119,0.506258,0.04667621
375316653866487564,5226982346065437696,0.6092795,2234.3713570053314,2.2104234880206817,9.435582E-6,18.302841,0.0039903643,0.32811508,0.0019068398,0.07360711,0.0035753609,0.27824366,0.01977679,0.82780105,0.0020195735,0.07605954,0.002248745,0.51363254,0.0064451327,null,null,null,null,"TWOGAUSSIANS",8,2.3497527,0.82780105,0.0020195735,0.4,0.0,0.5107989,0.006363326,0.32811508,0.0019068398,0.4,0.003779387,0.27541003,0.020224081
375316653866487564,5226983587312714240,0.5839394,2205.726149583564,2.5875491430523594,6.544591E-6,16.83256,0.0067905416,0.24512097,0.0035062886,0.09610577,0.0061524985,0.15065092,0.0062044444,0.74633825,0.002075209,0.09896198,0.005669287,0.123884834,0.0064501357,null,null,null,null,"TWOGAUSSIANS",8,2.0989048,0.24512097,0.0035062886,0.4,0.0,0.14061093,0.005309339,0.74633825,0.002075209,0.4,0.0,0.113844536,0.0034557665
375316653866487564,5226984751240330752,0.5612508,2190.9405520451223,0.6890506048594633,5.273306E-6,16.985863,0.003273957,0.32609856,0.013839924,0.021680892,0.016500032,0.022441905,0.0381172,0.53260356,0.0019144862,0.02060479,0.0017727929,0.633803,0.21318558,null,null,null,null,"TWOGAUSSIANS",8,14.709906,0.53260356,0.0019144862,0.11538682,0.00992764,0.633803,0.21318558,0.32609856,0.013839924,0.12141299,0.09240018,0.022441905,0.0381172
375316653866487564,5226986404811211392,0.5363431,2167.782978021007,0.5110488749872475,2.0241167E-5,14.763165,0.0012674982,0.3120051,0.004870842,0.030078746,0.0038102411,0.21384822,0.034117956,null,null,null,null,null,null,0.016204866,0.002030473,0.3120051,0.004870842,"ONEGAUSSIAN_WITH_ELLIPSOIDAL",6,70.10995,0.3120051,0.004870842,0.16844098,0.02133735,0.24625795,0.034706883,null,null,null,null,null,null
375316653866487564,5226988157157972736,0.49490345,2182.028351769757,2.9432297993418777,3.1430995E-5,18.731066,0.015990911,0.26564568,0.006583721,0.077501416,0.009824865,0.31373432,0.01510845,0.7576012,0.0055830395,0.08995843,0.013013106,0.20780565,0.029454984,null,null,null,null,"TWOGAUSSIANS",8,5.060828,0.26564568,0.006583721,0.4,0.0,0.3087274,0.010851765,0.7576012,0.0055830395,0.4,0.0,0.20279865,0.030345095
375316653866487564,5226989733402451584,0.46513975,2195.289178713784,2.510377538028447,2.747593E-5,19.757612,0.019058172,0.22420709,0.009944406,0.08103745,0.014897099,0.18469732,0.018819269,0.74515283,0.016191967,0.078176215,0.02115795,0.18011622,0.021632198,null,null,null,null,"TWOGAUSSIANS",8,1.5057343,0.22420709,0.009944406,0.4,0.0,0.18297018,0.014805736,0.74515283,0.016191967,0.4,0.0,0.17838909,0.015936265
375316653866487564,5226994028371600512,0.51372176,2196.4618813483435,3.284787573218849,1.9511031E-5,18.551355,0.007097773,0.34541503,0.005286226,0.059849598,0.0049665826,0.20968169,0.011804344,0.83708364,0.005340228,0.06793919,0.00741261,0.20642173,0.008854485,null,null,null,null,"TWOGAUSSIANS",8,3.179452,0.34541503,0.005286226,0.33515775,0.027812863,0.20952965,0.0117354905,0.83708364,0.005340228,0.3804595,0.030304952,0.2062697,0.008945355
375316653866487564,5226998666936514688,0.47387233,2188.3400178239845,0.6151059060738064,9.1509255E-6,18.18452,0.0032633888,0.1303224,0.0019336581,0.014305041,0.001610974,0.24697964,0.089791395,0.6316017,0.023054142,0.051825438,0.016691543,0.042881016,0.020717328,null,null,null,null,"TWOGAUSSIANS",8,2.811005,0.1303224,0.0019336581,0.08010823,0.0090214545,0.24697964,0.089791395,0.6316017,0.023054142,0.29022247,0.093472645,0.042881016,0.020717328
375316653866487564,5226999186632449024,0.4892289,2187.7021745245393,0.08200363856705653,3.9515257E-6,18.083351,0.005421154,0.26483408,3.993425E-4,0.006224906,4.026374E-4,8.38922,4.124003,0.718762,9.324623E-7,0.0010205494,2.0874555E-5,0.18511873,0.0051986943,null,null,null,null,"TWOGAUSSIANS",8,15.750142,0.26483408,3.993425E-4,0.034859475,0.0022547694,8.38922,4.124003,0.718762,9.324623E-7,0.005715077,1.16897514E-4,0.18511873,0.0051986943
375316653866487564,5227001003398799744,0.58325434,2186.924724159134,0.8832550430575146,9.595337E-6,18.400166,0.0038491802,0.21313487,0.0072309235,0.040990707,0.00954887,0.09554775,0.012243536,0.70534706,0.0022723018,0.03084868,0.0015626252,0.46848863,0.021813037,null,null,null,null,"TWOGAUSSIANS",8,2.0511506,0.70534706,0.0022723018,0.1727526,0.0087507,0.46848863,0.021813037,0.21313487,0.0072309235,0.22954795,0.053473674,0.09554775,0.012243536
375316653866487564,5227001621874064896,0.58802915,2182.752987226577,1.5600929771574912,5.1978413E-6,17.529232,0.004074819,0.25859576,0.0022521985,0.033071287,0.0040705577,0.051814515,0.0095813535,0.7659888,0.007559073,0.0648966,0.0070592873,0.06890118,0.008739053,0.06385754,0.00473795,0.25859576,0.0022521985,"TWOGAUSSIANS_WITH_ELLIPSOIDAL_ON_ECLIPSE1",9,2.0125144,0.7659888,0.007559073,0.36342096,0.03953201,0.19631453,0.0029315848,0.25859576,0.0022521985,0.1851992,0.022795122,0.17950325,0.0030347623
