Gaia/vari_eclipsing_binary/VariEclipsingBinary_212868-212939.csv
# %ECSV 1.0
# ---
# delimiter: ','
# meta: !!omap
# - RELEASE: Gaia DR3
# - TABLE: vari_eclipsing_binary
# - DESCRIPTION: >
#     This table describes the properties of the eclipsing binaries resulting from the variability analysis. 
# - CITATION: >
#     How to cite and acknowledge Gaia: 
#     https://gea.esac.esa.int/archive/documentation/credits.html 
# - KNOWN_ISSUES: >
#     Known issues: 
#     https://www.cosmos.esa.int/web/gaia-users/known-issues 
# - DOCUMENTATION: >
#     Tutorials and documentation: 
#     https://www.cosmos.esa.int/web/gaia-users/archive 
# datatype:
# - 
#   name: solution_id
#   datatype: int64
#   description: Solution Identifier
#   meta:
#     ucd: meta.version
# - 
#   name: source_id
#   datatype: int64
#   description: Unique source identifier
#   meta:
#     ucd: meta.id;meta.main
# - 
#   name: global_ranking
#   datatype: float32
#   description: Number between 0 (worst) and 1 (best)
#   meta:
#     ucd: stat.param
# - 
#   name: reference_time
#   datatype: float64
#   unit: d
#   description: Reference time used for the geometric model fit
#   meta:
#     ucd: time.epoch
# - 
#   name: frequency
#   datatype: float64
#   unit: d**-1
#   description: Frequency of geometric model of the eclipsing binary light curve
#   meta:
#     ucd: src.orbital
# - 
#   name: frequency_error
#   datatype: float32
#   unit: d**-1
#   description: "Uncertainty of \\texttt{frequency}"
#   meta:
#     ucd: stat.error
# - 
#   name: geom_model_reference_level
#   datatype: float32
#   unit: mag
#   description: Magnitude reference level of geometric model
#   meta:
#     ucd: phot.mag;em.opt
# - 
#   name: geom_model_reference_level_error
#   datatype: float32
#   unit: mag
#   description: "Uncertainty of \\texttt{geomModelReferenceLevel}"
#   meta:
#     ucd: stat.error;phot.mag;em.opt
# - 
#   name: geom_model_gaussian1_phase
#   datatype: float32
#   description: Phase of the Gaussian 1 component
#   meta:
#     ucd: time.phase
# - 
#   name: geom_model_gaussian1_phase_error
#   datatype: float32
#   description: "Uncertainty of \\texttt{geomModelGaussian1Phase}"
#   meta:
#     ucd: stat.error;time.phase
# - 
#   name: geom_model_gaussian1_sigma
#   datatype: float32
#   description: "Standard deviation [phase] of Gaussian 1 component"
#   meta:
#     ucd: stat.stdev
# - 
#   name: geom_model_gaussian1_sigma_error
#   datatype: float32
#   description: "Uncertainty of \\texttt{geomModelGaussian1Sigma}"
#   meta:
#     ucd: stat.error
# - 
#   name: geom_model_gaussian1_depth
#   datatype: float32
#   unit: mag
#   description: Magnitude depth of Gaussian 1 component
#   meta:
#     ucd: src.var.amplitude
# - 
#   name: geom_model_gaussian1_depth_error
#   datatype: float32
#   unit: mag
#   description: "Uncertainty of \\texttt{geomModelGaussian1Depth}"
#   meta:
#     ucd: stat.error;src.var.amplitude
# - 
#   name: geom_model_gaussian2_phase
#   datatype: float32
#   description: Phase of Gaussian 2 component
#   meta:
#     ucd: time.phase
# - 
#   name: geom_model_gaussian2_phase_error
#   datatype: float32
#   description: "Uncertainty of \\texttt{geomModelGaussian2Phase}"
#   meta:
#     ucd: stat.error;time.phase
# - 
#   name: geom_model_gaussian2_sigma
#   datatype: float32
[...]
#   datatype: float32
#   description: "Secondary eclipse: uncertainty of \\texttt{derivedSecondaryEclDuration}"
#   meta:
#     ucd: stat.error;time.duration
# - 
#   name: derived_secondary_ecl_depth
#   datatype: float32
#   unit: mag
#   description: "Secondary eclipse: depth"
#   meta:
#     ucd: src.var.amplitude
# - 
#   name: derived_secondary_ecl_depth_error
#   datatype: float32
#   unit: mag
#   description: "Secondary eclipse: uncertainty of \\texttt{derivedSecondaryEclDepth}"
#   meta:
#     ucd: stat.error;src.var.amplitude
solution_id,source_id,global_ranking,reference_time,frequency,frequency_error,geom_model_reference_level,geom_model_reference_level_error,geom_model_gaussian1_phase,geom_model_gaussian1_phase_error,geom_model_gaussian1_sigma,geom_model_gaussian1_sigma_error,geom_model_gaussian1_depth,geom_model_gaussian1_depth_error,geom_model_gaussian2_phase,geom_model_gaussian2_phase_error,geom_model_gaussian2_sigma,geom_model_gaussian2_sigma_error,geom_model_gaussian2_depth,geom_model_gaussian2_depth_error,geom_model_cosine_half_period_amplitude,geom_model_cosine_half_period_amplitude_error,geom_model_cosine_half_period_phase,geom_model_cosine_half_period_phase_error,model_type,num_model_parameters,reduced_chi2,derived_primary_ecl_phase,derived_primary_ecl_phase_error,derived_primary_ecl_duration,derived_primary_ecl_duration_error,derived_primary_ecl_depth,derived_primary_ecl_depth_error,derived_secondary_ecl_phase,derived_secondary_ecl_phase_error,derived_secondary_ecl_duration,derived_secondary_ecl_duration_error,derived_secondary_ecl_depth,derived_secondary_ecl_depth_error
[from data line 183]
375316653866487564,1872550838492577920,0.5180772,2189.2764235838895,2.412162588942923,9.40136E-6,19.103733,0.0041925497,0.25765848,0.0033680534,0.045201927,0.009594601,0.04290276,0.01639337,0.74554914,0.011953594,0.019370977,0.012602592,0.12900232,0.33600932,0.10863532,0.006612592,0.25765848,0.0033680534,"TWOGAUSSIANS_WITH_ELLIPSOIDAL_ON_ECLIPSE1",9,2.8883474,0.74611914,0.01137529,0.10847747,0.070574515,0.34507677,0.33781472,0.25765848,0.0033680534,0.2531308,0.053729765,0.2601732,0.014985153
375316653866487564,1872551212152712704,0.431654,2237.705006154144,1.4104367585772137,2.6893536E-5,18.820164,0.0042508747,0.2594287,0.006935747,0.009698242,0.010921229,0.019061755,0.037732344,null,null,null,null,null,null,0.062439624,0.006459644,0.2594287,0.006935747,"ONEGAUSSIAN_WITH_ELLIPSOIDAL",6,7.5403633,0.2594287,0.006935747,0.054310158,0.06115888,0.14394097,0.0368555,null,null,null,null,null,null
375316653866487564,1872551766217094144,0.6640937,2219.7588015896235,0.6040667660277516,7.833521E-6,16.690546,7.8409904E-4,0.38184795,6.240095E-4,0.034779835,4.6877182E-4,0.47541913,0.005469911,null,null,null,null,null,null,null,null,null,null,"ONEGAUSSIAN",5,2.1673462,0.38184795,6.240095E-4,0.19476707,0.0026251222,0.47541913,0.0,null,null,null,null,null,null
375316653866487564,1872554205758544000,0.6376554,2251.072926911081,0.15487689507794647,2.9728542E-5,14.117492,7.8352966E-4,0.4030331,0.03206291,0.023568362,0.022838544,0.0030961258,0.00506709,0.6066973,4.49278E-4,0.013547485,2.7594462E-4,0.49411348,0.016100049,null,null,null,null,"TWOGAUSSIANS",8,15.310245,0.6066973,4.49278E-4,0.07586592,0.0015452899,0.49411348,0.016100049,0.4030331,0.03206291,0.13198283,0.12789585,0.0030961258,0.00506709
375316653866487564,1872554785566027648,0.4995136,2247.9062530596834,2.97873094200957,1.02914755E-5,18.73123,0.012047926,0.24002291,0.0043897103,0.070756294,0.0055121826,0.279482,0.027544126,0.7407297,0.0053376756,0.07343807,0.009433227,0.22727616,0.012849739,null,null,null,null,"TWOGAUSSIANS",8,4.8056326,0.24002291,0.0043897103,0.39623523,0.026592473,0.27827156,0.027489724,0.7407297,0.0053376756,0.4,0.020333085,0.22606571,0.012820728
375316653866487564,1872554961675812096,0.55578154,2205.883343136793,3.2811048099379896,7.768195E-6,18.197657,0.011587145,0.13573268,0.0028848343,0.052668717,0.010821782,0.16289252,0.027549535,0.6316678,0.0058451556,0.04976365,0.007503316,0.24942772,0.0419017,0.1203898,0.017922562,0.13573268,0.0028848343,"TWOGAUSSIANS_WITH_ELLIPSOIDAL_ON_ECLIPSE1",9,6.3407736,0.6323178,0.0049656527,0.27867642,0.042018566,0.49007234,0.042304896,0.13573268,0.0028848343,0.29494482,0.060601976,0.40366924,0.023340955
375316653866487564,1872555545788447872,0.469385,2213.753512175103,2.3996810003126883,3.2753236E-5,17.785028,0.017779566,0.27408734,0.0108796405,0.10026849,0.022385702,0.089028634,0.017977424,0.782404,0.009920504,0.09363073,0.022962738,0.09300035,0.017135642,null,null,null,null,"TWOGAUSSIANS",8,4.373487,0.782404,0.009916571,0.4,0.0,0.08715333,0.009167112,0.27408734,0.0108796405,0.4,0.0,0.08318098,0.008546425
375316653866487564,1872556331753711616,0.43548813,2206.9039451445733,1.6964989684943996,4.856476E-5,18.619175,0.006202922,null,null,null,null,null,null,null,null,null,null,null,null,0.06318741,0.008894979,0.23207544,0.0084615415,"ELLIPSOIDAL",4,9.289845,null,null,null,null,null,null,null,null,null,null,null,null
375316653866487564,1872557057616714624,0.5091187,2186.4312972590383,3.6852788319630823,1.9562554E-5,19.04761,0.026367702,0.25768736,0.004983899,0.08968538,0.009291932,0.33207747,0.02793228,0.754563,0.0062488024,0.092106156,0.014436982,0.31679705,0.021634096,null,null,null,null,"TWOGAUSSIANS",8,4.08184,0.25768736,0.004983899,0.4,0.0,0.31799874,0.020166282,0.754563,0.0062488024,0.4,0.0,0.3027182,0.02287199
375316653866487564,1872557740503534336,0.49714258,2223.4265025105306,0.7465572419580261,2.1150378E-5,18.57127,0.0020204752,0.21340378,0.01002792,0.022285517,0.0031830175,0.04055546,0.02301719,0.60351634,0.002301946,0.0032060347,0.0010814335,0.7372239,0.42024562,0.0024151385,0.0036236134,0.60351634,0.002301946,"TWOGAUSSIANS_WITH_ELLIPSOIDAL_ON_ECLIPSE2",9,3.4549356,0.60351634,0.002301946,0.017953794,0.0060560275,0.74205416,0.420818,0.21304378,0.0099609755,0.124798894,0.017824898,0.04343193,0.023253217
375316653866487564,1872557981021811840,0.47080034,2220.149533150703,2.810884134605964,1.3735122E-5,19.579361,0.029565196,0.30194017,0.006485696,0.11653366,0.017301504,0.2211629,0.027485684,0.79168683,0.005562394,0.09655451,0.010267442,0.300966,0.028719472,null,null,null,null,"TWOGAUSSIANS",8,1.8725225,0.79168683,0.005562394,0.4,0.0,0.27239916,0.013465528,0.30194017,0.0064864596,0.4,0.0,0.19254959,0.016398298
375316653866487564,1872558432006355712,0.5676133,2227.245930036729,3.9406296243467582,7.806764E-6,17.79423,0.005613892,0.22199489,0.002281449,0.04085119,0.004682936,0.13231885,0.016896997,0.7081576,0.006092427,0.045736574,0.010404313,0.09918873,0.017949278,0.10265552,0.006541764,0.22199489,0.002281449,"TWOGAUSSIANS_WITH_ELLIPSOIDAL_ON_ECLIPSE1",9,5.9276867,0.22199489,0.002281449,0.22876666,0.02622444,0.33762988,0.012812563,0.71168756,0.0038502596,0.25612482,0.05826415,0.30334485,0.016244557
375316653866487564,1872558706884170112,0.46770316,2203.9395697805758,3.1698352493695756,1.3690205E-5,19.1501,0.023637084,0.28667033,0.0048435107,0.0840704,0.010706839,0.33974043,0.022039497,0.7892776,0.0052308626,0.09877251,0.011769957,0.3260181,0.02112333,null,null,null,null,"TWOGAUSSIANS",8,4.099975,0.28667033,0.0048435107,0.4,0.0,0.32460785,0.018346865,0.7892776,0.0052308626,0.4,0.0,0.31088373,0.016404752
375316653866487564,1872558805655665536,0.46855834,2189.9817183061346,2.190440404488666,1.8037856E-5,19.512768,0.017926415,0.22883956,0.0068183523,0.07313051,0.008784257,0.21413481,0.021507084,0.7009113,0.013769575,0.084421426,0.024041122,0.26617652,0.027139371,null,null,null,null,"TWOGAUSSIANS",8,3.1217833,0.7009113,0.013769575,0.4,0.0,0.26442632,0.02905568,0.22883956,0.006818518,0.4,0.019199396,0.21238466,0.01955182
375316653866487564,1872559084831269632,0.4515653,2228.809400923086,2.6957726750302946,5.412976E-5,18.336697,0.020045027,0.23402275,0.01919258,0.09191462,0.023546502,0.22165047,0.03913432,0.7021329,0.008600692,0.07708016,0.010254737,0.44082645,0.023276446,null,null,null,null,"TWOGAUSSIANS",8,40.595837,0.7021329,0.008600692,0.4,0.0,0.43660262,0.023578703,0.23402275,0.01919258,0.4,0.0,0.21742612,0.040147178
375316653866487564,1872559634597168128,0.4865381,2239.5543487996924,2.9042095044877736,2.8490327E-5,14.661377,0.0014635941,null,null,null,null,null,null,null,null,null,null,null,null,0.03317942,0.0020238361,0.27480122,0.005454614,"ELLIPSOIDAL",4,57.556396,null,null,null,null,null,null,null,null,null,null,null,null
375316653866487564,1872559767728766464,0.5137189,2199.587565804907,3.455637758054047,1.5306154E-5,19.034256,0.010959429,0.21334898,0.0055037877,0.078671806,0.007721594,0.28222203,0.026377127,0.7177045,0.003402265,0.08464019,0.0058183507,0.3312985,0.01850001,null,null,null,null,"TWOGAUSSIANS",8,2.6765501,0.7177045,0.003402265,0.4,0.0,0.32609415,0.018690715,0.21334898,0.0055037877,0.4,0.0,0.2770177,0.027275234
375316653866487564,1872560253072861824,0.64745706,2214.7224258223596,3.099145592973952,3.051214E-6,17.167488,0.005957912,0.22145255,0.0011155477,0.04472878,0.0031778936,0.32516623,0.011066239,0.71973187,0.0025321764,0.054698434,0.0029243517,0.3566412,0.031172788,0.11690119,0.007261995,0.22145255,0.0011155477,"TWOGAUSSIANS_WITH_ELLIPSOIDAL_ON_ECLIPSE1",9,5.279961,0.7199619,0.0021920502,0.30631125,0.016376369,0.5904088,0.033132367,0.22145255,0.0011155477,0.25048116,0.017796205,0.55895746,0.009543015
375316653866487564,1872560734108860544,0.6570663,2238.669790769927,0.3296179463787289,4.707218E-6,17.359491,0.004192464,0.16566454,0.0017192503,0.024787724,0.0025267845,0.1152561,0.009364466,0.66610086,4.476094E-4,0.024437346,8.4445055E-4,2.1786537,0.17229004,0.017569894,0.0056596454,0.16566454,0.0017192503,"TWOGAUSSIANS_WITH_ELLIPSOIDAL_ON_ECLIPSE1",9,9.230915,0.66610086,4.476094E-4,0.13684914,0.004728923,2.213793,0.17585735,0.16566454,0.0017192503,0.13881126,0.014149993,0.15039581,0.004635968
375316653866487564,1872561485715590400,0.48970824,2217.2388844314423,2.673423227590688,1.3323378E-5,19.367575,0.07433909,0.19973236,0.0047016595,0.095406234,0.02335559,0.34734073,0.06310845,0.6958687,0.0049727275,0.10788359,0.028052162,0.33026633,0.049363248,null,null,null,null,"TWOGAUSSIANS",8,3.8867962,0.19973236,0.004761371,0.4,0.0,0.31609043,0.01642726,0.6958687,0.0049727275,0.4,0.0,0.2990023,0.027602576
375316653866487564,1872561829312948608,0.45209235,2258.350274154164,3.235688983756765,2.2874721E-5,18.949715,0.16267024,0.28121507,0.011395865,0.15482011,0.043194175,0.29745224,0.1580548,0.76191795,0.014075484,0.13580698,0.034832634,0.27511802,0.14152178,null,null,null,null,"TWOGAUSSIANS",8,4.166597,0.28192508,0.010398511,0.4,0.0,0.18219414,0.013342997,0.76191795,0.014075484,0.4,0.0,0.16262087,0.0145810675
375316653866487564,1872563345449346304,0.51052076,2225.0263402804553,1.3407486631143033,1.8753255E-5,17.015053,0.002277566,0.26134637,0.029574359,0.034055717,0.014169273,0.16164638,0.090900235,0.7699893,0.001970336,0.01990971,0.0019821804,0.12898216,0.002981529,null,null,null,null,"TWOGAUSSIANS",8,5.903814,0.26134637,0.029574359,0.190712,0.07934793,0.16164638,0.090900235,0.7699893,0.001970336,0.11149438,0.011100209,0.12898216,0.002981529
375316653866487564,1872563414158476288,0.59815913,2211.9884916766855,1.392951776977088,1.7046257E-5,16.673523,0.0013302853,0.23152213,0.0026082916,0.05022432,0.002551088,0.10601386,0.0034180027,0.7326299,0.0019368408,0.046735503,0.0022664,0.32367608,0.022220062,null,null,null,null,"TWOGAUSSIANS",8,2.9687498,0.7326299,0.0019368408,0.2617188,0.0126918405,0.3236755,0.022220284,0.23152213,0.0026082916,0.2812562,0.014286093,0.10601328,0.003418063
375316653866487564,1872563414168807552,0.5751381,2232.7769685394824,1.5276044191730909,1.1421697E-5,16.329426,0.0027155876,0.26441076,0.0020042928,0.048992015,0.0017114986,0.31978515,0.011095663,0.7684064,0.006038988,0.060180005,0.0068863034,0.09050084,0.006700626,null,null,null,null,"TWOGAUSSIANS",8,16.243393,0.26441076,0.0020042928,0.2743553,0.0095843915,0.31977776,0.011095745,0.7684064,0.006038988,0.33700803,0.0385633,0.09049346,0.00670365
375316653866487564,1872563890898180736,0.48107716,2226.245437781765,0.22375945637801717,2.2128478E-4,18.246494,0.003451096,0.30609328,0.02811278,0.029202364,0.042179346,0.27758262,4.72028672E8,0.5330942,0.011251631,0.035065472,0.0077328724,0.02563487,0.007351772,0.007488022,0.004692451,0.30609328,0.02811278,"TWOGAUSSIANS_WITH_ELLIPSOIDAL_ON_ECLIPSE1",9,3.6169612,0.30609328,0.02811278,0.16353324,0.23620434,0.29255864,4.72028672E8,0.5330942,0.011251631,0.19636665,0.043304086,0.025945434,0.007237265
375316653866487564,1872564067006577024,0.5878204,2234.7561599399287,0.21143910794112658,4.316445E-6,16.03647,7.9842523E-4,0.12791273,0.0029229657,0.016075533,0.003346785,0.2788101,0.22601116,0.60837924,6.884085E-4,0.01061113,4.8038215E-4,0.19565536,0.010725723,null,null,null,null,"TWOGAUSSIANS",8,5.380057,0.12791273,0.0029229657,0.09002299,0.018741997,0.2788101,0.22601116,0.60837924,6.884085E-4,0.05942233,0.0026901402,0.19565536,0.010725723
375316653866487564,1872565024769930752,0.5070765,2223.4818579710163,2.5902148641487623,2.0113905E-5,18.62501,0.0057845064,0.18294756,0.0031622793,0.08175791,0.0063910154,0.16970806,0.008116223,0.6903539,0.006332925,0.07893103,0.0072108135,0.14971516,0.0104586035,null,null,null,null,"TWOGAUSSIANS",8,2.1013668,0.18294756,0.0031622793,0.4,0.0,0.16752686,0.008343556,0.6903539,0.006332925,0.4,0.0,0.14753395,0.010460471
375316653866487564,1872565127846736512,0.6450189,2177.388799963166,1.9526662153148815,3.937072E-6,17.569542,0.0055959118,0.21560292,0.0021869,0.0872718,0.0035113725,0.19971989,0.0068385187,0.7091544,7.8660744E-4,0.080158964,0.0012679731,0.47953364,0.0062468788,null,null,null,null,"TWOGAUSSIANS",8,2.7990284,0.7091544,7.8660744E-4,0.4,0.0,0.473363,0.005383841,0.21560292,0.0021869,0.4,0.0,0.19354926,0.006364436
375316653866487564,1872566231667153920,0.442842,2219.9318382170604,0.0855385534799152,2.926555E-5,15.271436,0.008413133,0.23758404,0.020248821,0.043485776,0.011005115,0.18227117,0.01683715,0.78618455,0.037040297,0.049269777,0.117427394,0.19113247,0.15984352,null,null,null,null,"TWOGAUSSIANS",8,40.286522,0.78618455,0.037040297,0.27591074,0.13050027,0.19113247,0.16152513,0.23758404,0.020234544,0.24352035,0.061628643,0.18227115,0.016769553
375316653866487564,1872566403465850624,0.49528798,2214.4830447879217,1.9176499685558133,1.3487117E-5,17.783154,0.005062475,0.30667418,0.0036402536,0.021158151,0.004931118,0.13842891,0.02045328,0.7845834,0.0029735663,0.04460225,0.0031865726,0.2602395,0.010659236,null,null,null,null,"TWOGAUSSIANS",8,15.082938,0.7845834,0.0029735663,0.2497726,0.017844805,0.2602395,0.010659236,0.30667418,0.0036402536,0.11848565,0.027614262,0.13842891,0.02045328
375316653866487564,1872566575253719296,0.48334473,2205.266903979161,1.7371816507661177,1.3673057E-5,18.425924,0.015733698,0.22715256,0.002586739,0.05050457,0.0032961848,0.44088954,0.02515692,0.72424793,0.0043403995,0.0469718,0.0077466946,0.23473594,0.018513517,null,null,null,null,"TWOGAUSSIANS",8,24.879295,0.22715256,0.002586739,0.2828256,0.018458635,0.44088846,0.025155906,0.72424793,0.0043403995,0.2630421,0.04338149,0.23473486,0.018511824
375316653866487564,1872567090660643968,0.6717605,2211.375558747151,0.5930351226954539,1.3637549E-6,14.098098,0.0011286436,0.15776275,0.0056255246,0.021130955,0.0071085664,0.17478359,1.1120219,0.65613467,1.4942091E-4,0.024848804,6.032638E-4,0.2569497,0.006124211,0.008467618,0.0016595821,0.15776275,0.0056255246,"TWOGAUSSIANS_WITH_ELLIPSOIDAL_ON_ECLIPSE1",9,11.153719,0.6561447,1.4221051E-4,0.1391533,0.0033782772,0.27388313,0.006102643,0.15776275,0.0056255246,0.11833335,0.03980797,0.1917188,1.1118903
375316653866487564,1872567120712438528,0.5547166,2190.8406108478807,3.11473759241985,1.35675855E-5,19.818485,0.016463492,0.2745304,0.0029331374,0.07263202,0.0040668226,0.6732764,0.026807586,0.7751262,0.009215861,0.064955406,0.017010536,0.5964811,0.0649466,null,null,null,null,"TWOGAUSSIANS",8,2.766346,0.2745304,0.0029331374,0.4,0.006307099,0.6715812,0.026605932,0.7751262,0.009215861,0.36375028,0.095259,0.5947858,0.066198334
375316653866487564,1872570762844998784,0.5045568,2192.4831162664555,3.261818651602737,1.5949085E-5,19.358917,0.010830538,0.24287188,0.0040821997,0.07581092,0.006650308,0.29062396,0.020133788,0.7448189,0.003940372,0.08837285,0.0053404043,0.28580147,0.014650985,null,null,null,null,"TWOGAUSSIANS",8,2.4464374,0.24287188,0.0040821997,0.4,0.0,0.2852609,0.020966437,0.7448189,0.003940372,0.4,0.0,0.28043836,0.013551059
375316653866487564,1872571591775980672,0.52987134,2223.0013006824547,3.0769403543333795,1.4159772E-5,18.821905,0.011961755,0.24376686,0.00685059,0.094378665,0.01083133,0.225537,0.013188845,0.73379374,0.0035406626,0.096559666,0.0076476303,0.24220921,0.011171097,null,null,null,null,"TWOGAUSSIANS",8,2.148917,0.73379374,0.0035406626,0.4,0.0,0.22900172,0.008659822,0.24376686,0.00685059,0.4,0.0,0.21232992,0.011726969
375316653866487564,1872571866664318976,0.5150563,2193.727530196885,0.8187841796278731,1.3329063E-5,17.528332,0.0030558032,0.25397766,0.0021518478,0.034399793,0.004272534,0.7842761,0.26763117,0.7584043,0.0035385096,0.034916654,0.0023341,0.08609684,0.0047489256,null,null,null,null,"TWOGAUSSIANS",8,5.666081,0.25397766,0.0021518478,0.19263884,0.02392619,0.7842761,0.26763117,0.7584043,0.0035385096,0.19553328,0.01307096,0.08609684,0.0047489256
