Gaia/vari_eclipsing_binary/VariEclipsingBinary_734792-735726.csv
# %ECSV 1.0
# ---
# delimiter: ','
# meta: !!omap
# - RELEASE: Gaia DR3
# - TABLE: vari_eclipsing_binary
# - DESCRIPTION: >
#     This table describes the properties of the eclipsing binaries resulting from the variability analysis. 
# - CITATION: >
#     How to cite and acknowledge Gaia: 
#     https://gea.esac.esa.int/archive/documentation/credits.html 
# - KNOWN_ISSUES: >
#     Known issues: 
#     https://www.cosmos.esa.int/web/gaia-users/known-issues 
# - DOCUMENTATION: >
#     Tutorials and documentation: 
#     https://www.cosmos.esa.int/web/gaia-users/archive 
# datatype:
# - 
#   name: solution_id
#   datatype: int64
#   description: Solution Identifier
#   meta:
#     ucd: meta.version
# - 
#   name: source_id
#   datatype: int64
#   description: Unique source identifier
#   meta:
#     ucd: meta.id;meta.main
# - 
#   name: global_ranking
#   datatype: float32
#   description: Number between 0 (worst) and 1 (best)
#   meta:
#     ucd: stat.param
# - 
#   name: reference_time
#   datatype: float64
#   unit: d
#   description: Reference time used for the geometric model fit
#   meta:
#     ucd: time.epoch
# - 
#   name: frequency
#   datatype: float64
#   unit: d**-1
#   description: Frequency of geometric model of the eclipsing binary light curve
#   meta:
#     ucd: src.orbital
# - 
#   name: frequency_error
#   datatype: float32
#   unit: d**-1
#   description: "Uncertainty of \\texttt{frequency}"
#   meta:
#     ucd: stat.error
# - 
#   name: geom_model_reference_level
#   datatype: float32
#   unit: mag
#   description: Magnitude reference level of geometric model
#   meta:
#     ucd: phot.mag;em.opt
# - 
#   name: geom_model_reference_level_error
#   datatype: float32
#   unit: mag
#   description: "Uncertainty of \\texttt{geomModelReferenceLevel}"
#   meta:
#     ucd: stat.error;phot.mag;em.opt
# - 
#   name: geom_model_gaussian1_phase
#   datatype: float32
#   description: Phase of the Gaussian 1 component
#   meta:
#     ucd: time.phase
# - 
#   name: geom_model_gaussian1_phase_error
#   datatype: float32
#   description: "Uncertainty of \\texttt{geomModelGaussian1Phase}"
#   meta:
#     ucd: stat.error;time.phase
# - 
#   name: geom_model_gaussian1_sigma
#   datatype: float32
#   description: "Standard deviation [phase] of Gaussian 1 component"
#   meta:
#     ucd: stat.stdev
# - 
#   name: geom_model_gaussian1_sigma_error
#   datatype: float32
#   description: "Uncertainty of \\texttt{geomModelGaussian1Sigma}"
#   meta:
#     ucd: stat.error
# - 
#   name: geom_model_gaussian1_depth
#   datatype: float32
#   unit: mag
#   description: Magnitude depth of Gaussian 1 component
#   meta:
#     ucd: src.var.amplitude
# - 
#   name: geom_model_gaussian1_depth_error
#   datatype: float32
#   unit: mag
#   description: "Uncertainty of \\texttt{geomModelGaussian1Depth}"
#   meta:
#     ucd: stat.error;src.var.amplitude
# - 
#   name: geom_model_gaussian2_phase
#   datatype: float32
#   description: Phase of Gaussian 2 component
#   meta:
#     ucd: time.phase
# - 
#   name: geom_model_gaussian2_phase_error
#   datatype: float32
#   description: "Uncertainty of \\texttt{geomModelGaussian2Phase}"
#   meta:
#     ucd: stat.error;time.phase
# - 
#   name: geom_model_gaussian2_sigma
#   datatype: float32
[...]
#   datatype: float32
#   description: "Secondary eclipse: uncertainty of \\texttt{derivedSecondaryEclDuration}"
#   meta:
#     ucd: stat.error;time.duration
# - 
#   name: derived_secondary_ecl_depth
#   datatype: float32
#   unit: mag
#   description: "Secondary eclipse: depth"
#   meta:
#     ucd: src.var.amplitude
# - 
#   name: derived_secondary_ecl_depth_error
#   datatype: float32
#   unit: mag
#   description: "Secondary eclipse: uncertainty of \\texttt{derivedSecondaryEclDepth}"
#   meta:
#     ucd: stat.error;src.var.amplitude
solution_id,source_id,global_ranking,reference_time,frequency,frequency_error,geom_model_reference_level,geom_model_reference_level_error,geom_model_gaussian1_phase,geom_model_gaussian1_phase_error,geom_model_gaussian1_sigma,geom_model_gaussian1_sigma_error,geom_model_gaussian1_depth,geom_model_gaussian1_depth_error,geom_model_gaussian2_phase,geom_model_gaussian2_phase_error,geom_model_gaussian2_sigma,geom_model_gaussian2_sigma_error,geom_model_gaussian2_depth,geom_model_gaussian2_depth_error,geom_model_cosine_half_period_amplitude,geom_model_cosine_half_period_amplitude_error,geom_model_cosine_half_period_phase,geom_model_cosine_half_period_phase_error,model_type,num_model_parameters,reduced_chi2,derived_primary_ecl_phase,derived_primary_ecl_phase_error,derived_primary_ecl_duration,derived_primary_ecl_duration_error,derived_primary_ecl_depth,derived_primary_ecl_depth_error,derived_secondary_ecl_phase,derived_secondary_ecl_phase_error,derived_secondary_ecl_duration,derived_secondary_ecl_duration_error,derived_secondary_ecl_depth,derived_secondary_ecl_depth_error
[from data line 36]
375316653866487564,6464460044348795008,0.4847173,2243.6191520378925,0.3701637439117385,7.00577E-6,15.0099125,0.0027120956,0.043956377,3.269022E-4,0.0058083334,1.05491046E-4,2.2115145,0.20164834,0.5739639,0.0056703584,0.030909903,0.007045209,0.036616206,0.0049795485,null,null,null,null,"TWOGAUSSIANS",8,71.12059,0.043956377,3.269022E-4,0.032526664,5.907499E-4,2.2115145,0.20164834,0.5739639,0.0056703584,0.17309545,0.03945317,0.036616206,0.0049795485
375316653866487564,6464472787516051712,0.5197983,2158.219092416735,0.8263920230593996,7.467755E-6,18.376867,0.0029734098,0.14958324,0.0033444052,0.028268056,0.010629876,0.26321557,0.17190744,0.641086,0.008436506,0.029091382,0.0054267254,0.08014539,0.016751627,null,null,null,null,"TWOGAUSSIANS",8,1.7283956,0.14958324,0.0033444052,0.15830112,0.059527304,0.26321557,0.17190744,0.641086,0.008436506,0.16291174,0.030389663,0.08014539,0.016751627
375316653866487564,6464487325981141504,0.50268567,2200.4834129177766,0.4849703588486387,2.2502494E-5,17.320335,0.0051367143,0.2933364,0.0078039025,0.09946284,0.009506787,0.13967708,0.008495294,0.9747658,0.005709449,0.01743899,0.0076603503,0.028779786,0.039593294,null,null,null,null,"TWOGAUSSIANS",8,8.013411,0.2933364,0.0078039025,0.4,0.0,0.13967617,0.008495352,0.9750458,0.005634547,0.09765834,0.042897962,0.029609624,0.039599635
375316653866487564,6464494507166484480,0.5753403,2241.8476828907287,3.1591747278509503,1.5366793E-5,15.345778,0.041947357,0.24971408,0.0026701835,0.06693341,0.00936173,0.3416771,0.083434336,0.739899,0.0026419018,0.059756964,0.013903386,0.23038138,0.080929436,0.052601412,0.045041937,0.739899,0.0026419018,"TWOGAUSSIANS_WITH_ELLIPSOIDAL_ON_ECLIPSE2",9,183.92987,0.24875407,0.0019651228,0.3748271,0.05242569,0.44630387,0.01105977,0.739899,0.0026419018,0.334639,0.07785896,0.3353686,0.030137002
375316653866487564,6464546489154807552,0.44850683,2156.82181226252,0.1608307841544981,1.5827594E-5,19.422586,0.010651277,0.22635536,0.007295553,0.06217248,0.008717351,0.2346717,0.013604903,0.6281466,0.025551714,0.08761542,0.02218313,0.1785015,0.042417537,null,null,null,null,"TWOGAUSSIANS",8,4.3104496,0.22635536,0.007330694,0.3481659,0.048817165,0.23454134,0.013565078,0.6281466,0.025551714,0.4,0.0,0.17836632,0.042605598
375316653866487564,6464561336857428992,0.602972,2181.3671820299123,0.6381952420592655,2.8555182E-6,17.189768,0.0033889622,0.28579435,3.2750398E-4,0.021119926,5.329874E-4,0.7710842,0.029238338,0.78307384,0.013205332,0.028480366,0.014299342,0.119542986,0.022960871,0.035600163,0.0051405393,0.28579435,3.2750398E-4,"TWOGAUSSIANS_WITH_ELLIPSOIDAL_ON_ECLIPSE1",9,6.8941803,0.28579435,3.2750398E-4,0.11827158,0.0029847296,0.8422844,0.030106893,0.78317386,0.012399334,0.15949005,0.08007632,0.1907231,0.024483679
375316653866487564,6464610608722389760,0.52059114,2203.364927540323,3.3372176500563575,2.4308149E-5,15.072463,0.01351809,0.28486452,0.00665034,0.08593363,0.010524553,0.2861633,0.017618833,0.765751,0.00796665,0.08655077,0.0093571795,0.22268073,0.01624458,null,null,null,null,"TWOGAUSSIANS",8,229.76434,0.28486452,0.00665034,0.4,0.0,0.28072277,0.017818427,0.765751,0.00796665,0.4,0.0,0.2172402,0.0138298
375316653866487564,6464676854297465216,0.6502435,2223.834479260463,2.0796743435805465,4.6679747E-6,12.905193,0.008872467,0.22774825,7.927328E-4,0.050149832,0.0033465002,0.34627745,0.01866791,0.72777534,0.002995451,0.0611846,0.004244245,0.30592418,0.020426111,0.12894423,0.011424084,0.22774825,7.927328E-4,"TWOGAUSSIANS_WITH_ELLIPSOIDAL_ON_ECLIPSE1",9,135.28764,0.22774825,7.927328E-4,0.28083906,0.018740403,0.60409266,0.008954239,0.72777534,0.0025843156,0.34263375,0.023767773,0.5637394,0.012364815
375316653866487564,6464738220790337536,0.4773203,2202.1627005787454,2.9369855966247442,1.2341906E-5,16.467194,0.020887876,0.28029418,0.004133198,0.054937795,0.013342643,0.15388298,0.05432203,0.75974506,0.01745013,0.037943855,0.0044151815,0.19283083,0.05234073,0.07008615,0.031511385,0.28029418,0.004133198,"TWOGAUSSIANS_WITH_ELLIPSOIDAL_ON_ECLIPSE1",9,53.212444,0.7613051,0.016917154,0.21248558,0.024725016,0.33084914,0.027975703,0.28029418,0.004133198,0.30765164,0.0747188,0.29405016,0.022116328
375316653866487564,6464795807711531520,0.546576,2182.475306612076,3.106589543187594,6.7502565E-6,15.493343,0.01157398,0.25356764,0.0020277738,0.09531346,0.006804226,0.16281581,0.010891985,0.7552655,0.005581808,0.10773069,0.01002392,0.14831892,0.012683539,null,null,null,null,"TWOGAUSSIANS",8,24.021868,0.25356764,0.0020277738,0.4,0.0,0.14822726,0.0060686558,0.7552655,0.005581808,0.4,0.0,0.13372447,0.0066961576
375316653866487564,6464835007877117056,0.57283574,2217.6018145276,3.500526493318734,1.1017518E-5,17.178228,0.01229291,0.21906598,0.0033064985,0.0866911,0.007916561,0.25917494,0.010853531,0.71024173,0.003769312,0.09236102,0.00630369,0.29135287,0.011858445,null,null,null,null,"TWOGAUSSIANS",8,9.681386,0.71024173,0.003769312,0.4,0.0,0.28164744,0.0087211095,0.21906598,0.0033064985,0.4,0.0,0.24946979,0.009696194
375316653866487564,6464871429199809152,0.48499525,2276.3078500435136,0.008758577034230323,4.1976247E-5,16.356878,0.0024260166,0.4448543,0.0066204285,0.06853489,0.010610745,0.027620126,0.0026325623,0.73879,0.0036533156,0.0190971,0.013886456,1.2127808,1.75624071E18,null,null,null,null,"TWOGAUSSIANS",8,9.713945,0.73879,0.0036533156,0.10694376,0.07776415,1.2127836,1.75624071E18,0.4448543,0.0066204285,0.38379535,0.048422113,0.027620126,0.0026325623
375316653866487564,6464895446657155712,0.57508254,2255.2321932548625,1.9289809169672723,5.6241748E-5,18.844158,0.026202269,0.33952168,0.0015153755,0.0119267125,4.8847887E-4,1.7491235,0.23265986,0.6338858,0.09490899,0.110188164,0.20989956,0.02454611,0.024954146,null,null,null,null,"TWOGAUSSIANS",8,1.9460595,0.33952168,0.0015148296,0.06678959,0.0027354816,1.749814,0.23336306,0.6338858,0.09490899,0.4,0.04558896,0.024544451,0.010970147
375316653866487564,6464915890701585408,0.5069314,2222.993270171957,2.5777227397586335,8.2476145E-6,17.90204,0.0132708745,0.31649867,0.0038600247,0.028884355,0.0039124005,0.43119496,0.043844204,0.8247117,0.0059895064,0.0336739,0.0066566835,0.2655004,0.08245439,0.022478327,0.021168597,0.31649867,0.0038600247,"TWOGAUSSIANS_WITH_ELLIPSOIDAL_ON_ECLIPSE1",9,38.561077,0.31649867,0.0038600247,0.16175239,0.021909442,0.47615162,0.0353152,0.8247117,0.0059895064,0.18857384,0.03727743,0.31033745,0.08163582
375316653866487564,6464953896868178688,0.50183874,2234.891885665087,3.200251282003144,2.0001968E-5,17.252403,0.034759518,0.28437877,0.003955912,0.075995095,0.011910907,0.29059857,0.028686028,0.77778876,0.007539904,0.0809408,0.013592991,0.2909391,0.03381052,null,null,null,null,"TWOGAUSSIANS",8,43.08322,0.77778876,0.007539904,0.4,0.0,0.28776455,0.026123386,0.28437877,0.003955912,0.4,0.0,0.28742403,0.022003667
375316653866487564,6464989042584395136,0.5382554,2189.3263210806585,3.521020775353866,1.1460278E-5,17.788567,0.029883185,0.28417295,0.0032650253,0.098065294,0.009561938,0.3487361,0.02536016,0.8046125,0.0023673405,0.10925481,0.011778741,0.30808377,0.024252366,null,null,null,null,"TWOGAUSSIANS",8,7.6165047,0.28415295,0.0032720775,0.4,0.0,0.32085973,0.014073445,0.8046125,0.0023704628,0.4,0.0,0.2801861,0.009979894
375316653866487564,6464991555141391616,0.49106202,2199.1054445184113,1.8117244361228861,2.2587603E-5,14.256233,0.0072711897,0.24346526,0.024660889,0.10374361,0.033730518,0.029653983,0.007010794,0.7518046,0.0047296,0.09356725,0.017913586,0.063954554,0.004826119,null,null,null,null,"TWOGAUSSIANS",8,25.855444,0.7518046,0.004733973,0.4,0.0,0.06091931,0.003705064,0.24346526,0.02466242,0.4,0.0,0.026618257,0.0031731848
375316653866487564,6465039315178261248,0.50056505,2207.675241854933,4.998235904267886,4.024776E-5,18.26017,0.0053690556,0.36769384,0.011901438,0.033397954,0.008093583,0.2560312,0.04763874,0.7936866,0.014258819,0.07581729,0.0153982835,0.047995016,0.011685376,null,null,null,null,"TWOGAUSSIANS",8,3.769938,0.36769384,0.011901438,0.18702853,0.04532407,0.25603104,0.047638733,0.7936866,0.014258819,0.4,0.0,0.04799487,0.0116855735
375316653866487564,6465048111270833536,0.54046893,2224.9829275781944,4.132701459166846,7.7448574E-5,17.21499,0.0016731333,0.3336723,0.015643748,0.052309066,0.015177275,0.015888724,0.004249942,0.6178179,0.004672639,0.019729892,0.0029210837,0.3822057,0.30785078,null,null,null,null,"TWOGAUSSIANS",8,2.8291867,0.6178179,0.004672639,0.11048739,0.01635807,0.3822057,0.30785078,0.3336723,0.015643748,0.29293078,0.08499274,0.015888724,0.004249942
375316653866487564,6465129509491786496,0.44577196,2136.127490656852,0.18991366932007905,1.07973356E-4,16.301992,0.0038684295,0.34207276,0.00695625,0.010563938,0.002704503,0.3208722,0.3226901,0.8180303,0.015433516,0.043576527,0.015541806,0.19136003,0.53257984,null,null,null,null,"TWOGAUSSIANS",8,6.3193636,0.34207276,0.00695625,0.059158053,0.015145216,0.3208722,0.3226901,0.8180303,0.015433516,0.24402855,0.08703411,0.19136003,0.53257984
375316653866487564,6465131154461811328,0.6108193,2177.3281333357063,2.7196078067289515,5.9165536E-6,12.0166,0.013355818,0.27784884,0.0017024857,0.051200204,0.005374268,0.26679924,0.02709173,0.7758018,0.0023601588,0.054919057,0.006315614,0.26638618,0.03025562,0.10021667,0.018467272,0.7758018,0.0023601588,"TWOGAUSSIANS_WITH_ELLIPSOIDAL_ON_ECLIPSE2",9,421.3114,0.27756885,0.0013821593,0.28672114,0.030095903,0.46719375,0.019186852,0.7758018,0.0023601588,0.3075467,0.03536744,0.46680936,0.018678354
375316653866487564,6465161665910610816,0.44432485,2197.089139089044,0.08695305331375613,2.7394091E-5,18.458607,0.0074427943,0.63874936,0.017939907,0.016724367,0.014270585,0.27686033,0.15394518,0.86554563,0.009224052,0.044839013,0.009036787,0.33034104,0.03687971,null,null,null,null,"TWOGAUSSIANS",8,13.199009,0.86554563,0.009224052,0.25109848,0.05060601,0.33034104,0.03687971,0.63874936,0.017939907,0.09365645,0.07991528,0.27686125,0.15394536
375316653866487564,6465186168699731200,0.6502796,2173.9925350660774,2.2666064507427235,2.7188767E-6,14.954046,0.008987222,0.21598974,0.0016204929,0.05112307,0.0054243337,0.119133145,0.018739935,0.7139381,0.0024333,0.053250734,0.0079743955,0.08968726,0.017071556,0.10536761,0.010181704,0.21598974,0.0016204929,"TWOGAUSSIANS_WITH_ELLIPSOIDAL_ON_ECLIPSE1",9,13.409457,0.21598974,0.0016204929,0.28628922,0.030376269,0.32986635,0.002469714,0.7146481,0.001376061,0.2982041,0.044656616,0.30039755,0.0054642153
375316653866487564,6465205066555712768,0.5512233,2148.7518071561644,0.8381676201492276,4.874387E-6,12.486531,0.028423164,0.22611086,0.0011014,0.15356976,0.004433755,0.2798682,0.019954018,0.72679126,0.0016166705,0.28580827,0.011705978,0.44063523,0.027588742,null,null,null,null,"TWOGAUSSIANS",8,15.106078,0.22565086,9.402094E-4,0.4,0.0,0.08212365,0.0010986098,0.7269812,0.0017626513,0.4,0.0,0.056836896,0.001188919
375316653866487564,6465245404888566784,0.46964312,2179.1997439266347,0.022373246766268676,1.847499E-5,7.6474185,0.12194529,0.28064665,0.004235544,0.15972377,0.017213538,0.6500517,0.18675238,0.78266454,0.0047257524,0.26129475,0.038730506,0.9209211,0.121994294,null,null,null,null,"TWOGAUSSIANS",8,499.1594,0.27898666,0.0041566156,0.4,0.0,0.1610076,0.0053417054,0.7833445,0.0049264054,0.4,0.0,0.14753227,0.022298709
375316653866487564,6465325119481776256,0.56970316,2190.2735767382887,2.6901996564191544,1.3479131E-5,12.557144,0.00841029,0.1685801,0.003959546,0.052447807,0.0040269243,0.28213212,0.011380692,0.662954,0.004268858,0.07510101,0.00387104,0.5530169,0.013887916,null,null,null,null,"TWOGAUSSIANS",8,767.3981,0.662954,0.004268858,0.4,0.0,0.5526977,0.013802715,0.1685801,0.003959546,0.2937077,0.022550777,0.28181297,0.011333887
375316653866487564,6465338244901879424,0.6122579,2177.168974526753,1.3654117089994904,2.2760423E-6,15.628127,0.003846512,0.28029498,7.0335664E-4,0.040706918,9.915987E-4,0.43982407,0.009963921,0.77995294,0.027054692,0.041500587,0.031368263,0.07503854,0.27327028,0.008123743,0.0066019436,0.28029498,7.0335664E-4,"TWOGAUSSIANS_WITH_ELLIPSOIDAL_ON_ECLIPSE1",9,22.526415,0.28029498,7.0335664E-4,0.22795875,0.0055529526,0.45607153,0.0075807325,0.77996296,0.026690599,0.23240328,0.17566228,0.09128591,0.27335817
375316653866487564,6465348342368332928,0.4745597,2206.5274899147794,0.0369624136207024,3.6849808E-5,18.094437,0.006908669,0.3156833,0.02452127,0.09412316,0.015802741,0.12325647,0.013413993,0.69463503,0.019820597,0.0642632,0.04220675,0.091679886,0.033615515,null,null,null,null,"TWOGAUSSIANS",8,3.924658,0.3156833,0.024519645,0.4,0.0,0.12315799,0.013106224,0.69463503,0.019820597,0.35987392,0.1463345,0.091618635,0.033989016
375316653866487564,6465384286951200768,0.59197235,2201.8011945277835,3.455252241410424,9.886334E-6,13.256286,0.0060595754,0.26813143,0.0040994533,0.075264215,0.004672704,0.22064807,0.007113777,0.7579047,0.0026587164,0.080322646,0.0038328806,0.2942184,0.007080725,null,null,null,null,"TWOGAUSSIANS",8,225.62268,0.7579047,0.0026587164,0.4,0.0,0.29185522,0.006820781,0.26813143,0.0040994533,0.4,0.0,0.21828489,0.0065385085
375316653866487564,6465388753717198720,0.62333083,2208.2799483621366,0.7169407084542158,2.2732822E-6,13.613863,0.0017975941,0.6568181,4.180007E-4,0.033074036,5.7348266E-4,0.43408018,0.0052430658,0.5020516,0.071706936,0.028035473,0.032824147,0.02662168,56884.105,null,null,null,null,"TWOGAUSSIANS",8,90.00151,0.6568181,4.180007E-4,0.18521461,0.003211503,0.43408018,0.0052430504,0.5020816,0.15136278,0.15699865,0.18381523,0.02662933,56884.105
375316653866487564,6465434963269193472,0.5500496,2200.546624481084,1.4967215197826809,2.480592E-5,19.481884,0.008214152,0.13752498,0.0028382272,0.033137552,0.0023325323,0.5926396,0.013996412,0.638708,0.012650704,0.05108889,0.008022652,0.3234001,0.05441896,null,null,null,null,"TWOGAUSSIANS",8,2.2258582,0.13752498,0.0028382272,0.1855703,0.013062181,0.5926396,0.013996391,0.638708,0.012650704,0.28609776,0.044926852,0.3234001,0.054418948
375316653866487564,6465439743569028352,0.5854149,2234.6598610003202,2.8983942341487396,7.953865E-6,14.408602,0.020600867,0.13287513,0.0020040134,0.042507388,0.0055758874,0.44518906,0.057876356,0.6309022,0.0035065343,0.049274445,0.007124584,0.62559295,0.07471215,0.13388637,0.028594147,0.13287513,0.0020040134,"TWOGAUSSIANS_WITH_ELLIPSOIDAL_ON_ECLIPSE1",9,596.9119,0.6310522,0.0032193318,0.27593687,0.039897673,0.89332634,0.09085054,0.13287513,0.0020040134,0.23804136,0.03122497,0.7129605,0.054496568
375316653866487564,6465445034969307008,0.58115965,2188.959967538633,4.338837114629698,1.4143413E-5,15.043861,0.002432344,0.3022623,0.0040361113,0.016381146,0.004299043,0.06072328,0.014599932,0.74927664,0.001684992,0.045303944,0.017539157,0.013461794,0.009424558,0.09278427,0.0037641318,0.74927664,0.001684992,"TWOGAUSSIANS_WITH_ELLIPSOIDAL_ON_ECLIPSE2",9,42.3322,0.2991823,0.0044745333,0.09173442,0.024074642,0.22757192,0.0151801305,0.74927664,0.001684992,0.2537021,0.09821928,0.19902997,0.007566419
375316653866487564,6465449909755418368,0.43767703,2225.9445076106,0.8233777929022421,9.822296E-6,18.603842,0.0072204582,0.22508822,0.0028047552,0.0021973492,0.0010736113,0.2703224,0.3560901,null,null,null,null,null,null,0.06295822,0.008899401,0.22508822,0.0028047552,"ONEGAUSSIAN_WITH_ELLIPSOIDAL",6,13.223112,0.22508822,0.0028047552,0.012305155,0.006012223,0.39623877,0.3573222,null,null,null,null,null,null
375316653866487564,6465453723686473728,0.49948582,2177.670045496316,2.011694775570954,3.2185242E-5,18.491938,0.0046268236,0.35348368,0.013001815,0.08381418,0.022954913,0.110875465,0.016926458,0.8473436,0.0043771015,0.031193025,0.0066066477,0.23071535,0.015322584,null,null,null,null,"TWOGAUSSIANS",8,4.992228,0.8473436,0.0043771015,0.17468093,0.03699723,0.23070046,0.015321511,0.35348368,0.013001815,0.4,0.0,0.11086058,0.017013144
