Gaia/vari_eclipsing_binary/VariEclipsingBinary_680673-680713.csv
# %ECSV 1.0
# ---
# delimiter: ','
# meta: !!omap
# - RELEASE: Gaia DR3
# - TABLE: vari_eclipsing_binary
# - DESCRIPTION: >
#     This table describes the properties of the eclipsing binaries resulting from the variability analysis. 
# - CITATION: >
#     How to cite and acknowledge Gaia: 
#     https://gea.esac.esa.int/archive/documentation/credits.html 
# - KNOWN_ISSUES: >
#     Known issues: 
#     https://www.cosmos.esa.int/web/gaia-users/known-issues 
# - DOCUMENTATION: >
#     Tutorials and documentation: 
#     https://www.cosmos.esa.int/web/gaia-users/archive 
# datatype:
# - 
#   name: solution_id
#   datatype: int64
#   description: Solution Identifier
#   meta:
#     ucd: meta.version
# - 
#   name: source_id
#   datatype: int64
#   description: Unique source identifier
#   meta:
#     ucd: meta.id;meta.main
# - 
#   name: global_ranking
#   datatype: float32
#   description: Number between 0 (worst) and 1 (best)
#   meta:
#     ucd: stat.param
# - 
#   name: reference_time
#   datatype: float64
#   unit: d
#   description: Reference time used for the geometric model fit
#   meta:
#     ucd: time.epoch
# - 
#   name: frequency
#   datatype: float64
#   unit: d**-1
#   description: Frequency of geometric model of the eclipsing binary light curve
#   meta:
#     ucd: src.orbital
# - 
#   name: frequency_error
#   datatype: float32
#   unit: d**-1
#   description: "Uncertainty of \\texttt{frequency}"
#   meta:
#     ucd: stat.error
# - 
#   name: geom_model_reference_level
#   datatype: float32
#   unit: mag
#   description: Magnitude reference level of geometric model
#   meta:
#     ucd: phot.mag;em.opt
# - 
#   name: geom_model_reference_level_error
#   datatype: float32
#   unit: mag
#   description: "Uncertainty of \\texttt{geomModelReferenceLevel}"
#   meta:
#     ucd: stat.error;phot.mag;em.opt
# - 
#   name: geom_model_gaussian1_phase
#   datatype: float32
#   description: Phase of the Gaussian 1 component
#   meta:
#     ucd: time.phase
# - 
#   name: geom_model_gaussian1_phase_error
#   datatype: float32
#   description: "Uncertainty of \\texttt{geomModelGaussian1Phase}"
#   meta:
#     ucd: stat.error;time.phase
# - 
#   name: geom_model_gaussian1_sigma
#   datatype: float32
#   description: "Standard deviation [phase] of Gaussian 1 component"
#   meta:
#     ucd: stat.stdev
# - 
#   name: geom_model_gaussian1_sigma_error
#   datatype: float32
#   description: "Uncertainty of \\texttt{geomModelGaussian1Sigma}"
#   meta:
#     ucd: stat.error
# - 
#   name: geom_model_gaussian1_depth
#   datatype: float32
#   unit: mag
#   description: Magnitude depth of Gaussian 1 component
#   meta:
#     ucd: src.var.amplitude
# - 
#   name: geom_model_gaussian1_depth_error
#   datatype: float32
#   unit: mag
#   description: "Uncertainty of \\texttt{geomModelGaussian1Depth}"
#   meta:
#     ucd: stat.error;src.var.amplitude
# - 
#   name: geom_model_gaussian2_phase
#   datatype: float32
#   description: Phase of Gaussian 2 component
#   meta:
#     ucd: time.phase
# - 
#   name: geom_model_gaussian2_phase_error
#   datatype: float32
#   description: "Uncertainty of \\texttt{geomModelGaussian2Phase}"
#   meta:
#     ucd: stat.error;time.phase
# - 
#   name: geom_model_gaussian2_sigma
#   datatype: float32
[...]
#   datatype: float32
#   description: "Secondary eclipse: uncertainty of \\texttt{derivedSecondaryEclDuration}"
#   meta:
#     ucd: stat.error;time.duration
# - 
#   name: derived_secondary_ecl_depth
#   datatype: float32
#   unit: mag
#   description: "Secondary eclipse: depth"
#   meta:
#     ucd: src.var.amplitude
# - 
#   name: derived_secondary_ecl_depth_error
#   datatype: float32
#   unit: mag
#   description: "Secondary eclipse: uncertainty of \\texttt{derivedSecondaryEclDepth}"
#   meta:
#     ucd: stat.error;src.var.amplitude
solution_id,source_id,global_ranking,reference_time,frequency,frequency_error,geom_model_reference_level,geom_model_reference_level_error,geom_model_gaussian1_phase,geom_model_gaussian1_phase_error,geom_model_gaussian1_sigma,geom_model_gaussian1_sigma_error,geom_model_gaussian1_depth,geom_model_gaussian1_depth_error,geom_model_gaussian2_phase,geom_model_gaussian2_phase_error,geom_model_gaussian2_sigma,geom_model_gaussian2_sigma_error,geom_model_gaussian2_depth,geom_model_gaussian2_depth_error,geom_model_cosine_half_period_amplitude,geom_model_cosine_half_period_amplitude_error,geom_model_cosine_half_period_phase,geom_model_cosine_half_period_phase_error,model_type,num_model_parameters,reduced_chi2,derived_primary_ecl_phase,derived_primary_ecl_phase_error,derived_primary_ecl_duration,derived_primary_ecl_duration_error,derived_primary_ecl_depth,derived_primary_ecl_depth_error,derived_secondary_ecl_phase,derived_secondary_ecl_phase_error,derived_secondary_ecl_duration,derived_secondary_ecl_duration_error,derived_secondary_ecl_depth,derived_secondary_ecl_depth_error
[from data line 551]
375316653866487564,5987612846516990080,0.52929914,2128.040530293706,3.9197773162057232,1.1237108E-5,19.592024,0.010363501,0.19202697,0.0054761474,0.06742072,0.0047559435,0.6005071,0.036655024,0.68766576,0.003215554,0.065675214,0.0048978976,0.5507868,0.05305772,null,null,null,null,"TWOGAUSSIANS",8,2.8640711,0.19202697,0.0054761474,0.37755606,0.026118433,0.5996306,0.036650643,0.68766576,0.003215554,0.36778122,0.027428225,0.5499103,0.053388137
375316653866487564,5987613293217379968,0.60701984,2235.4037000310395,3.2086303822732813,5.037946E-6,17.433838,0.015358671,0.30995506,0.0017001041,0.05371531,0.004102003,0.42493245,0.03228933,0.80571365,0.0014308483,0.052379217,0.003881533,0.51346135,0.033091724,0.09696308,0.018287506,0.30995506,0.0017001041,"TWOGAUSSIANS_WITH_ELLIPSOIDAL_ON_ECLIPSE1",9,12.139191,0.8060336,0.0013243955,0.29332364,0.021736585,0.7072478,0.018091867,0.30995506,0.0017001041,0.30080575,0.022971217,0.6188461,0.014366548
375316653866487564,5987613907358349184,0.43697807,2236.2072918564613,0.2781169310783257,2.4960744E-5,18.366009,0.012426594,0.37831864,0.03631048,0.13345246,0.055689488,0.040218845,0.012718088,0.8175921,0.0025215906,0.0045472085,0.001111011,0.36052805,0.1553894,null,null,null,null,"TWOGAUSSIANS",8,9.841129,0.8175921,0.0025215906,0.025464367,0.006221662,0.36064047,0.15533447,0.37831864,0.03631048,0.4,0.0,0.04014685,0.012121674
375316653866487564,5987615247389531008,0.5901129,2223.903917345939,3.9495481054341637,9.6431995E-6,17.762436,0.009973858,0.22330892,0.002785397,0.044818264,0.005386337,0.35333896,0.027301354,0.72026616,0.0048516095,0.048712976,0.006037583,0.32920182,0.02157581,0.10240237,0.012255831,0.22330892,0.002785397,"TWOGAUSSIANS_WITH_ELLIPSOIDAL_ON_ECLIPSE1",9,10.970561,0.22330892,0.002785397,0.25098228,0.030163487,0.55814254,0.020612456,0.7205862,0.004379858,0.27279267,0.033810467,0.53393835,0.00597263
375316653866487564,5987616316874809600,0.5298714,2138.8311169438775,2.2111631163843337,1.4051328E-5,19.235647,0.112690866,0.3041374,0.013035938,0.11936932,0.069071986,0.14366686,0.107123405,0.7987106,0.008051021,0.09578275,0.020602282,0.333601,0.09981,null,null,null,null,"TWOGAUSSIANS",8,1.9360548,0.7987106,0.008051021,0.4,0.0,0.30810127,0.018292405,0.3041374,0.013036297,0.4,0.0,0.118122704,0.023006318
375316653866487564,5987616660471978752,0.4774177,2205.0669618961183,0.3382918424254515,1.4891085E-5,18.567947,0.0028143167,0.17196633,0.010782088,0.0065287664,0.0040101707,0.113136776,0.08490399,0.67270935,0.03840252,0.010442779,0.013198854,0.23938271,0.6757412,null,null,null,null,"TWOGAUSSIANS",8,3.2397034,0.67270935,0.03840252,0.058479566,0.07391359,0.23938271,0.6757412,0.17196633,0.010782088,0.03656109,0.022456957,0.113136776,0.08490399
375316653866487564,5987618515897920512,0.63582736,2225.61081240662,0.46538092537232195,6.781504E-6,15.014664,0.0023181152,0.24843332,0.005913853,0.029918728,0.005128266,0.077370375,0.044418175,0.74855995,0.0011826106,0.032704014,0.0010678135,0.4441265,0.0052747955,0.012626365,0.0031043636,0.24843332,0.005913853,"TWOGAUSSIANS_WITH_ELLIPSOIDAL_ON_ECLIPSE1",9,21.07244,0.74855995,0.0011729319,0.18314247,0.0059797554,0.4693792,0.0034928226,0.24843332,0.005913853,0.16754489,0.028718289,0.102623105,0.044430364
375316653866487564,5987619203070751616,0.50328976,2114.8647500219336,3.031322354800554,1.1300535E-5,19.590544,0.01021384,0.3241272,0.0041380236,0.06440308,0.0052533518,0.35483342,0.025254203,0.83403516,0.0047982624,0.07009507,0.0070800716,0.22479203,0.021406952,null,null,null,null,"TWOGAUSSIANS",8,1.7282159,0.3241272,0.0041380236,0.36065724,0.02941877,0.35441163,0.025316486,0.83403516,0.0047982624,0.3925324,0.03603727,0.22437024,0.021436214
375316653866487564,5987619340510192384,0.41720426,2158.361288232062,4.280186254943096,5.7308727E-5,19.449804,0.014817879,0.24149475,0.012790008,0.15152983,0.018843144,0.16916122,0.017013883,0.5967835,0.0120338835,0.030225018,0.0051845764,0.084514566,0.0147645455,null,null,null,null,"TWOGAUSSIANS",8,5.4547267,0.24149475,0.012790008,0.4,0.0,0.16769798,0.016391668,0.5967835,0.0120338835,0.1692601,0.029033627,0.093898706,0.016970186
375316653866487564,5987620165144087168,0.45818585,2143.677905615981,0.7001210408282513,5.5136E-5,19.359951,0.0049644765,0.24366513,0.020097096,0.018701576,0.019297611,0.23376015,703933.2,0.5789373,0.006664605,0.039067216,0.0070065986,0.6272499,0.33020997,null,null,null,null,"TWOGAUSSIANS",8,3.2201567,0.5789373,0.006664605,0.2187764,0.03923695,0.6272499,0.33020997,0.24366513,0.020097096,0.104728825,0.108066626,0.23376015,703933.2
375316653866487564,5987620302604356480,0.6289753,2243.1096484112163,3.4536959552177864,4.155431E-6,15.977539,0.005305557,0.24741235,0.0013502132,0.05131968,0.003356316,0.20805366,0.010861299,0.7403131,0.0017079909,0.045450583,0.0036680468,0.1383027,0.010170882,0.0740772,0.0059512993,0.24741235,0.0013502132,"TWOGAUSSIANS_WITH_ELLIPSOIDAL_ON_ECLIPSE1",9,11.776888,0.24741235,0.0013502132,0.2873902,0.01879537,0.35620648,0.0037431077,0.7413731,0.0014060813,0.25452328,0.020541063,0.2862047,0.0061565167
375316653866487564,5987620818003775872,0.5560888,2156.939572996004,3.9940300762862964,1.2081366E-5,19.127369,0.009747593,0.2370321,0.002787737,0.06958463,0.0032017033,0.47925913,0.01846137,0.7409019,0.006031766,0.07019593,0.0072987704,0.431629,0.028406432,null,null,null,null,"TWOGAUSSIANS",8,3.6079917,0.2370321,0.002787737,0.38967395,0.01792954,0.47788763,0.018335646,0.7409019,0.006031766,0.3930972,0.03574334,0.4302575,0.028548608
375316653866487564,5987621088562136832,0.45925254,2226.9572923732608,0.8142956872537839,1.2005169E-5,18.994251,0.004799089,0.30557477,0.028753052,0.038649812,0.030073902,0.060858525,0.022231989,0.74130315,0.009620651,0.012135741,0.002817816,1.1298697,2.2306874,null,null,null,null,"TWOGAUSSIANS",8,3.4852035,0.74130315,0.009620651,0.06796015,0.01577977,1.1298697,2.2306874,0.30557477,0.028753052,0.21643895,0.16841385,0.060858525,0.022231989
375316653866487564,5987621230317468544,0.43974942,2237.6876016981128,0.016153387002000853,1.1189027E-6,17.235836,0.004103038,0.40239593,0.012768344,0.021952663,0.013230707,0.01604986,0.018646587,0.9585008,1.2554895E-5,2.586851E-4,1.4300101E-5,0.23356678,0.0077145225,0.019700289,0.008524562,0.40239593,0.012768344,"TWOGAUSSIANS_WITH_ELLIPSOIDAL_ON_ECLIPSE1",9,13.594175,0.9585008,1.2554895E-5,0.0014486365,8.0080565E-5,0.2682705,0.0099353,0.40239593,0.012768344,0.12293491,0.074091956,0.055450346,0.020343956
375316653866487564,5987621505195177088,0.5396296,2200.929599113395,2.113838453816579,9.3783865E-6,16.580301,0.019533115,0.22917376,0.0031567225,0.05322041,0.01460548,0.10754464,0.04597451,0.7321883,0.008478876,0.042509533,0.014425739,0.1722542,0.039086442,0.14263184,0.023012036,0.22917376,0.0031567225,"TWOGAUSSIANS_WITH_ELLIPSOIDAL_ON_ECLIPSE1",9,60.02482,0.7321883,0.0084436955,0.2380534,0.08078414,0.4574134,0.051717576,0.22917376,0.0031567225,0.29803428,0.081790686,0.39280617,0.021517588
375316653866487564,5987621741380980736,0.5685147,2256.570594378522,1.81598237436988,9.202328E-6,18.137386,0.018949369,0.26719552,0.002756681,0.10525894,0.007795263,0.31426513,0.016373122,0.7584427,0.0023971533,0.09163758,0.005670935,0.34320658,0.017881371,null,null,null,null,"TWOGAUSSIANS",8,3.1274219,0.7584427,0.0023971533,0.4,0.0,0.32004818,0.0102961715,0.26719552,0.002756681,0.4,0.0,0.29109848,0.00964932
375316653866487564,5987621810116646272,0.51469743,2124.49820431526,1.8539040276264271,1.4606626E-5,19.918629,0.01513637,0.30515358,0.0032194266,0.036943756,0.005806596,0.3542771,0.03385082,0.80680645,0.0021961194,0.03632275,0.0025223172,0.618647,0.046682175,null,null,null,null,"TWOGAUSSIANS",8,2.7281475,0.80680645,0.0021961194,0.2034074,0.0141249765,0.618647,0.046682175,0.30515358,0.0032194266,0.20688504,0.032516938,0.3542771,0.03385082
375316653866487564,5987621883152343296,0.6232969,2231.9479943407296,2.6711431087224704,4.287354E-6,17.464865,0.008305326,0.24879745,0.0027167688,0.04857282,0.009307351,0.21132831,0.024525667,0.746276,0.0017763317,0.05230961,0.003913446,0.25310904,0.017915336,0.10299632,0.012537349,0.24879745,0.0027167688,"TWOGAUSSIANS_WITH_ELLIPSOIDAL_ON_ECLIPSE1",9,5.692952,0.746656,0.0013175465,0.29293382,0.021915296,0.45905483,0.011367876,0.24879745,0.0027167688,0.2720078,0.052121166,0.41731808,0.019299092
375316653866487564,5987622806528034560,0.41376445,2223.737440055462,3.4483323301265014,3.4766283E-5,18.776552,0.0035977438,null,null,null,null,null,null,null,null,null,null,null,null,0.040498257,0.006173065,0.25785315,0.0082682045,"ELLIPSOIDAL",4,4.769932,null,null,null,null,null,null,null,null,null,null,null,null
375316653866487564,5987622913944538112,0.519932,2222.881015664131,2.3935298112190653,8.038613E-6,16.8182,0.0062684887,0.2667846,0.002255524,0.07957129,0.00374348,0.24066484,0.007956409,0.78037775,0.0041312333,0.092499144,0.0050920127,0.19945462,0.008092937,null,null,null,null,"TWOGAUSSIANS",8,8.175053,0.2667846,0.002255524,0.4,0.0,0.23562948,0.00776285,0.78037775,0.0041312333,0.4,0.0,0.19441904,0.007410992
375316653866487564,5987623326239657216,0.48539028,2202.592351884584,1.8660851244192282,1.4172721E-5,19.05461,0.012146833,0.23442589,0.0050060083,0.07496065,0.009180942,0.22172803,0.017082054,0.7288671,0.010377339,0.10199828,0.013987387,0.10725325,0.013439677,null,null,null,null,"TWOGAUSSIANS",8,1.9053466,0.23442589,0.0050060083,0.4,0.017763585,0.21694434,0.018106693,0.7288671,0.010377339,0.4,0.0,0.10246823,0.010315533
375316653866487564,5987623532419947392,0.67689455,2226.2602347911497,2.0416762794133057,3.099612E-6,16.456459,0.003921431,0.19950308,0.001329354,0.048080415,0.008429417,0.071404085,0.009429742,0.6974055,0.0033679053,0.0476838,0.004290594,0.09199406,0.010686127,0.1121566,0.00663464,0.19950308,0.001329354,"TWOGAUSSIANS_WITH_ELLIPSOIDAL_ON_ECLIPSE1",9,3.0263417,0.6980455,0.002262423,0.2670293,0.024027325,0.31627992,0.004889414,0.19950308,0.001329354,0.26925033,0.047204737,0.29571703,0.00618001
