Gaia/vari_eclipsing_binary/VariEclipsingBinary_756935-757268.csv
# %ECSV 1.0
# ---
# delimiter: ','
# meta: !!omap
# - RELEASE: Gaia DR3
# - TABLE: vari_eclipsing_binary
# - DESCRIPTION: >
#     This table describes the properties of the eclipsing binaries resulting from the variability analysis. 
# - CITATION: >
#     How to cite and acknowledge Gaia: 
#     https://gea.esac.esa.int/archive/documentation/credits.html 
# - KNOWN_ISSUES: >
#     Known issues: 
#     https://www.cosmos.esa.int/web/gaia-users/known-issues 
# - DOCUMENTATION: >
#     Tutorials and documentation: 
#     https://www.cosmos.esa.int/web/gaia-users/archive 
# datatype:
# - 
#   name: solution_id
#   datatype: int64
#   description: Solution Identifier
#   meta:
#     ucd: meta.version
# - 
#   name: source_id
#   datatype: int64
#   description: Unique source identifier
#   meta:
#     ucd: meta.id;meta.main
# - 
#   name: global_ranking
#   datatype: float32
#   description: Number between 0 (worst) and 1 (best)
#   meta:
#     ucd: stat.param
# - 
#   name: reference_time
#   datatype: float64
#   unit: d
#   description: Reference time used for the geometric model fit
#   meta:
#     ucd: time.epoch
# - 
#   name: frequency
#   datatype: float64
#   unit: d**-1
#   description: Frequency of geometric model of the eclipsing binary light curve
#   meta:
#     ucd: src.orbital
# - 
#   name: frequency_error
#   datatype: float32
#   unit: d**-1
#   description: "Uncertainty of \\texttt{frequency}"
#   meta:
#     ucd: stat.error
# - 
#   name: geom_model_reference_level
#   datatype: float32
#   unit: mag
#   description: Magnitude reference level of geometric model
#   meta:
#     ucd: phot.mag;em.opt
# - 
#   name: geom_model_reference_level_error
#   datatype: float32
#   unit: mag
#   description: "Uncertainty of \\texttt{geomModelReferenceLevel}"
#   meta:
#     ucd: stat.error;phot.mag;em.opt
# - 
#   name: geom_model_gaussian1_phase
#   datatype: float32
#   description: Phase of the Gaussian 1 component
#   meta:
#     ucd: time.phase
# - 
#   name: geom_model_gaussian1_phase_error
#   datatype: float32
#   description: "Uncertainty of \\texttt{geomModelGaussian1Phase}"
#   meta:
#     ucd: stat.error;time.phase
# - 
#   name: geom_model_gaussian1_sigma
#   datatype: float32
#   description: "Standard deviation [phase] of Gaussian 1 component"
#   meta:
#     ucd: stat.stdev
# - 
#   name: geom_model_gaussian1_sigma_error
#   datatype: float32
#   description: "Uncertainty of \\texttt{geomModelGaussian1Sigma}"
#   meta:
#     ucd: stat.error
# - 
#   name: geom_model_gaussian1_depth
#   datatype: float32
#   unit: mag
#   description: Magnitude depth of Gaussian 1 component
#   meta:
#     ucd: src.var.amplitude
# - 
#   name: geom_model_gaussian1_depth_error
#   datatype: float32
#   unit: mag
#   description: "Uncertainty of \\texttt{geomModelGaussian1Depth}"
#   meta:
#     ucd: stat.error;src.var.amplitude
# - 
#   name: geom_model_gaussian2_phase
#   datatype: float32
#   description: Phase of Gaussian 2 component
#   meta:
#     ucd: time.phase
# - 
#   name: geom_model_gaussian2_phase_error
#   datatype: float32
#   description: "Uncertainty of \\texttt{geomModelGaussian2Phase}"
#   meta:
#     ucd: stat.error;time.phase
# - 
#   name: geom_model_gaussian2_sigma
#   datatype: float32
[...]
#   datatype: float32
#   description: "Secondary eclipse: uncertainty of \\texttt{derivedSecondaryEclDuration}"
#   meta:
#     ucd: stat.error;time.duration
# - 
#   name: derived_secondary_ecl_depth
#   datatype: float32
#   unit: mag
#   description: "Secondary eclipse: depth"
#   meta:
#     ucd: src.var.amplitude
# - 
#   name: derived_secondary_ecl_depth_error
#   datatype: float32
#   unit: mag
#   description: "Secondary eclipse: uncertainty of \\texttt{derivedSecondaryEclDepth}"
#   meta:
#     ucd: stat.error;src.var.amplitude
solution_id,source_id,global_ranking,reference_time,frequency,frequency_error,geom_model_reference_level,geom_model_reference_level_error,geom_model_gaussian1_phase,geom_model_gaussian1_phase_error,geom_model_gaussian1_sigma,geom_model_gaussian1_sigma_error,geom_model_gaussian1_depth,geom_model_gaussian1_depth_error,geom_model_gaussian2_phase,geom_model_gaussian2_phase_error,geom_model_gaussian2_sigma,geom_model_gaussian2_sigma_error,geom_model_gaussian2_depth,geom_model_gaussian2_depth_error,geom_model_cosine_half_period_amplitude,geom_model_cosine_half_period_amplitude_error,geom_model_cosine_half_period_phase,geom_model_cosine_half_period_phase_error,model_type,num_model_parameters,reduced_chi2,derived_primary_ecl_phase,derived_primary_ecl_phase_error,derived_primary_ecl_duration,derived_primary_ecl_duration_error,derived_primary_ecl_depth,derived_primary_ecl_depth_error,derived_secondary_ecl_phase,derived_secondary_ecl_phase_error,derived_secondary_ecl_duration,derived_secondary_ecl_duration_error,derived_secondary_ecl_depth,derived_secondary_ecl_depth_error
[from data line 292]
375316653866487564,6660227604342242304,0.5012229,2116.2592212402456,0.11455158422133756,3.529214E-5,19.442707,0.0049030487,0.35578895,0.033409648,0.057389826,0.022018922,0.18621683,0.01405085,0.8138757,0.0072778603,0.065133005,0.011670022,0.14474714,0.01012678,null,null,null,null,"TWOGAUSSIANS",8,0.90290123,0.35578895,0.033409648,0.32138303,0.12330597,0.18619849,0.013973158,0.8138757,0.0072778603,0.3647448,0.05690619,0.14472878,0.010147791
375316653866487564,6660229906446687104,0.4780993,2081.86619057612,0.06073219027405851,1.05057225E-5,18.904118,0.0018473732,0.4048241,6.7394273E-4,0.026770262,0.0011707414,0.6419344,0.14129129,0.8459359,0.0127633475,0.03210334,0.009989025,0.027454993,0.008136138,null,null,null,null,"TWOGAUSSIANS",8,1.5890815,0.4048241,6.7394273E-4,0.14991347,0.006556152,0.6419344,0.14129129,0.8459359,0.0127633475,0.17977871,0.05593854,0.027454993,0.008136138
375316653866487564,6660233106198380672,0.58745414,2106.5862481664344,3.4504744579535584,4.815169E-6,18.695179,0.006899023,0.2668104,0.0022079702,0.05962975,0.003035722,0.5533978,0.021514697,0.764338,0.0011032696,0.06694987,0.0024464838,0.58812964,0.015604034,null,null,null,null,"TWOGAUSSIANS",8,3.261327,0.764338,0.0011032696,0.37491927,0.013700309,0.5876975,0.01566855,0.2668104,0.0022079702,0.3339266,0.017000044,0.55296564,0.021625072
375316653866487564,6660241008938283904,0.5221643,2081.56472773355,0.49304968235865543,2.5472884E-5,17.553429,0.004075724,0.1829803,0.020578086,0.044510245,0.008670829,0.045103587,0.02130253,0.69896895,0.004123908,0.03702971,0.0036199375,0.2168118,0.018484086,null,null,null,null,"TWOGAUSSIANS",8,6.223,0.69896895,0.004123908,0.20736638,0.02027165,0.2168118,0.018484086,0.1829803,0.020578086,0.24925737,0.04855664,0.045103583,0.021302527
375316653866487564,6660259593257529344,0.461315,2100.3515509707395,0.10655206564493713,9.874699E-5,16.962946,0.1559145,0.34662676,0.015112108,0.23099798,0.107170165,0.18589704,0.1523005,0.8321264,0.010647234,0.031967435,0.008079462,0.09057996,0.022536201,null,null,null,null,"TWOGAUSSIANS",8,2.7640877,0.34662676,0.015112108,0.4,0.0,0.14154413,0.01406094,0.8321264,0.010647234,0.17901763,0.045244984,0.08217659,0.017656684
375316653866487564,6660265984169815424,0.5641292,2133.023813980804,4.063965040605185,9.169046E-6,16.737303,0.020642173,0.23001769,0.00303973,0.050553475,0.015133199,0.123809725,0.051231533,0.71788454,0.0051191035,0.047014773,0.012223606,0.14289856,0.039269123,0.104982086,0.023246573,0.23001769,0.00303973,"TWOGAUSSIANS_WITH_ELLIPSOIDAL_ON_ECLIPSE1",9,21.982706,0.72035456,0.0038240345,0.26328272,0.068452194,0.35189196,0.010587743,0.23001769,0.00303973,0.28309944,0.084745914,0.33377326,0.034499735
375316653866487564,6660269695021582464,0.46842542,2113.6254431538173,0.4894133704897277,4.5932575E-5,19.329206,0.08843607,0.08484064,0.007227075,0.035837255,0.00801032,0.617575,0.21655063,0.60431534,0.013159139,0.17950462,0.04362655,0.384595,0.081502795,null,null,null,null,"TWOGAUSSIANS",8,4.083347,0.08470064,0.0072224378,0.20068863,0.044857793,0.59859586,0.23478706,0.60431534,0.013159139,0.4,0.0,0.34908307,0.028015528
375316653866487564,6660277395900039680,0.6037682,2080.372947974407,4.275877331297633,3.7664604E-6,14.806916,0.0045381477,0.2306602,0.0015609814,0.046976816,0.0060688234,0.0737584,0.0086882,0.73524886,0.005479969,0.052304856,0.0077594845,0.06693142,0.012366735,0.027897377,0.0071146255,0.2306602,0.0015609814,"TWOGAUSSIANS_WITH_ELLIPSOIDAL_ON_ECLIPSE1",9,11.414788,0.2306602,0.0015609814,0.26307017,0.03398541,0.12955256,0.006181222,0.73524886,0.005479969,0.2929072,0.043453112,0.12267921,0.007835904
375316653866487564,6660291483392998144,0.5123512,2174.3630229934865,0.055896644890967906,3.408493E-5,17.079332,0.028056502,0.20096515,0.007785286,0.13598788,0.04201361,0.08786111,0.02753973,0.6770704,0.012010572,0.08787388,0.026081176,0.07664962,0.029104382,null,null,null,null,"TWOGAUSSIANS",8,1.6697382,0.20096515,0.0077861873,0.4,0.0,0.077361986,0.011841335,0.6770704,0.012010572,0.4,0.0,0.066394515,0.018043503
375316653866487564,6660321135847397504,0.49216542,2180.4369210808095,2.8115820226611214,3.4631717E-5,17.508144,0.00910544,0.20718504,0.0098766815,0.050476503,0.009765345,0.16767739,0.017890094,0.70781094,1.7308547E-4,0.024219539,6.530642E-4,0.4845871,0.0127066625,null,null,null,null,"TWOGAUSSIANS",8,25.83846,0.70781094,1.7308547E-4,0.13562942,0.0036571596,0.4845871,0.0127066625,0.20718504,0.0098766815,0.2826684,0.05468593,0.16767739,0.017890094
375316653866487564,6660343400957687808,0.48432022,2204.15435696308,0.05300895595813342,4.015851E-5,18.003168,0.03712529,0.035606638,0.0027912387,0.030947927,0.0050271577,0.08732271,0.0076449607,0.6486018,0.022267569,0.21166185,0.0453417,0.19911852,0.03687495,null,null,null,null,"TWOGAUSSIANS",8,2.7510414,0.6486018,0.022267569,0.4,0.0,0.17457876,0.01674399,0.032406636,0.001555207,0.1733084,0.028152084,0.10365764,0.0090114
375316653866487564,6660347352327889920,0.4665864,2135.6472938796824,0.4482319539193953,5.684459E-5,17.669476,0.0051447884,0.97128606,1.5962538E-5,0.0018734813,1.5459722E-4,0.6675204,0.20150264,0.6235312,0.040696576,0.04775234,0.019296467,0.1872775,0.059073213,null,null,null,null,"TWOGAUSSIANS",8,12.719507,0.97128606,1.5962538E-5,0.010491496,8.6574437E-4,0.6675204,0.20150264,0.6235312,0.040696576,0.2674131,0.10806022,0.1872775,0.059073213
375316653866487564,6660350371688602880,0.5000627,2140.2207022172606,1.1707299230302937,2.242334E-5,18.834396,0.006478665,0.4833448,0.0061710514,0.02077497,0.00564995,0.60167533,0.30424303,0.8003675,0.0030644848,0.03251684,0.002962999,0.41396683,0.011450325,null,null,null,null,"TWOGAUSSIANS",8,8.293682,0.4833448,0.0061710514,0.116339825,0.031639718,0.60167533,0.30424303,0.8003675,0.0030644848,0.1820943,0.016592795,0.41396683,0.011450325
375316653866487564,6660352849883023360,0.42401257,2219.484909233358,2.0828007109264837,6.92814E-5,18.561255,0.31265196,0.27763847,0.023974355,0.1368087,0.09359442,0.19658136,0.2650607,0.8081156,0.042254217,0.17082554,0.16640413,0.15372555,0.28809416,null,null,null,null,"TWOGAUSSIANS",8,4.2039723,0.2739885,0.01616653,0.4,0.0026227746,0.12532221,0.02089859,0.81029564,0.037079904,0.4,0.16080746,0.07831092,0.020481082
375316653866487564,6660353051748002944,0.5978764,2106.605557522692,3.232583639066634,6.8889767E-6,13.036306,0.020129407,0.16910684,0.0041897953,0.05148304,0.0056868275,0.3617043,0.041982643,0.6594238,0.0047634975,0.06300165,0.0063201296,0.39442384,0.047638647,0.059749175,0.028050873,0.16910684,0.0041897953,"TWOGAUSSIANS_WITH_ELLIPSOIDAL_ON_ECLIPSE1",9,370.02097,0.66026384,0.0042046676,0.35280922,0.035392724,0.513436,0.015472076,0.16910684,0.0041897953,0.288305,0.031846233,0.48112008,0.033952873
375316653866487564,6660361847841695488,0.5140711,2154.6814885462527,3.7937844842533806,1.7610773E-5,17.822403,0.07595693,0.275089,0.005727436,0.12574899,0.049818747,0.109945185,0.074114986,0.769527,0.008583485,0.107315816,0.041631185,0.13841778,0.06907238,null,null,null,null,"TWOGAUSSIANS",8,1.6404496,0.769527,0.008583485,0.4,0.0,0.115434356,0.007994497,0.275099,0.0056405384,0.4,0.0,0.08688497,0.007507017
375316653866487564,6660367796372189184,0.52287936,2131.5359018899185,0.3614107000242091,1.0755002E-4,12.85412,6.4599235E-4,0.66833305,0.035470378,0.039201092,0.03326083,0.09590587,5.334944,null,null,null,null,null,null,0.001972848,9.149997E-4,0.66833305,0.035470378,"ONEGAUSSIAN_WITH_ELLIPSOIDAL",6,17.135023,0.66833305,0.035470378,0.21952611,0.18626066,0.09985156,5.3349376,null,null,null,null,null,null
375316653866487564,6660381982645600640,0.4701611,2115.2986605960277,0.07634013344343672,9.597997E-6,19.146343,0.004553826,0.306096,0.015199661,0.01373466,0.014426841,0.11279315,0.02378349,0.6392925,0.01190974,0.06324213,0.007182966,0.080989055,0.014954257,null,null,null,null,"TWOGAUSSIANS",8,1.4350319,0.306096,0.015199661,0.076914094,0.08079031,0.11279322,0.023783658,0.6392925,0.01190974,0.3541559,0.040224608,0.080989055,0.014954257
375316653866487564,6660383425754685312,0.59806395,2087.9475832179023,3.7491686533363398,7.3016995E-6,18.13679,0.014125965,0.36075175,0.0019194445,0.045751087,0.004748832,0.37996042,0.03600989,0.860913,0.002784498,0.038228694,0.0055081886,0.260712,0.035690095,0.13874835,0.02281922,0.36075175,0.0019194445,"TWOGAUSSIANS_WITH_ELLIPSOIDAL_ON_ECLIPSE1",9,5.677914,0.36075175,0.0019194445,0.2562061,0.026593458,0.65745676,0.026545642,0.860913,0.0026165072,0.21408069,0.030845858,0.53820807,0.016405
375316653866487564,6660384319110583552,0.4881831,2163.265056134091,3.7977875770487652,3.903871E-5,18.31579,0.006571309,null,null,null,null,null,null,null,null,null,null,null,null,0.10079527,0.008702254,0.2871171,0.008503521,"ELLIPSOIDAL",4,9.0537195,null,null,null,null,null,null,null,null,null,null,null,null
375316653866487564,6660391569013314816,0.4779941,2174.110372430856,0.5731511966392913,4.1261355E-5,12.135712,0.0028441295,0.23276584,0.015006303,0.04423422,0.019756148,0.027780756,0.00701559,0.74065095,0.005722387,0.08482774,0.007446714,0.069761805,0.0076632923,null,null,null,null,"TWOGAUSSIANS",8,147.73384,0.74065095,0.005722387,0.4,0.0,0.06971984,0.0076727103,0.23276584,0.015006303,0.24771163,0.110634424,0.027738798,0.0070399144
375316653866487564,6660406244918878208,0.42146686,2124.5975317201483,0.16917544602354323,1.6006365E-5,15.191834,0.00326346,0.18708415,0.004160397,0.021027496,0.0023860624,0.0768214,0.017772181,0.7800873,0.017291455,0.06611588,0.010143782,0.18620431,0.110965155,null,null,null,null,"TWOGAUSSIANS",8,14.732452,0.7800873,0.017291455,0.3702489,0.052909084,0.18620431,0.110965155,0.18708415,0.004160397,0.117753975,0.01336195,0.07682141,0.01777218
375316653866487564,6660411261440639616,0.54249024,2111.9277688465154,0.7795040919545968,1.127299E-5,15.419497,0.0019807927,null,null,null,null,null,null,null,null,null,null,null,null,0.056121282,0.0033948414,0.1533351,0.0034938268,"ELLIPSOIDAL",4,24.075943,null,null,null,null,null,null,null,null,null,null,null,null
375316653866487564,6660413181289234816,0.4718852,2161.8572517929397,4.0214239517584325,1.4478472E-5,19.194344,0.004333146,null,null,null,null,null,null,null,null,null,null,null,null,0.07384988,0.007071477,0.22272487,0.0052553318,"ELLIPSOIDAL",4,2.1956997,null,null,null,null,null,null,null,null,null,null,null,null
375316653866487564,6660413838418170624,0.4824181,2174.1015135053312,0.08327642791199943,4.0364266E-5,18.172363,0.008081739,0.21038334,0.010380301,0.058213342,0.010757897,0.117959835,0.013719963,0.7080898,0.0052396297,0.076549456,0.0061842483,0.11465269,0.010765641,null,null,null,null,"TWOGAUSSIANS",8,4.674452,0.21038334,0.010380301,0.3259947,0.060244225,0.11773863,0.013594368,0.7080898,0.0052396297,0.4,0.0,0.114431486,0.01063031
375316653866487564,6660417617992450176,0.44659948,2158.4406005004425,2.531557771086337,1.0009706E-4,17.100365,0.017401263,0.23582457,0.015543507,0.08394926,0.027738988,0.084407516,0.014876337,0.6193609,0.01719809,0.11319232,0.022703558,0.1256762,0.020858875,null,null,null,null,"TWOGAUSSIANS",8,11.907097,0.6193609,0.01719809,0.4,0.0,0.12409921,0.018718636,0.23686457,0.015925238,0.4,0.002579191,0.08323819,0.013887735
375316653866487564,6660421569362197504,0.4671318,2097.448540058375,4.449844882585555,6.239818E-5,18.670567,0.006263562,0.21183787,0.009406224,0.05024283,0.008164649,0.18028797,0.02899641,0.7376924,0.02256965,0.08134253,0.03346638,0.07972646,0.020857407,null,null,null,null,"TWOGAUSSIANS",8,3.1446629,0.21183787,0.009406224,0.28135985,0.045722034,0.18021683,0.02901247,0.7376924,0.02256965,0.4,0.115302384,0.07965532,0.02093817
375316653866487564,6660423867167850368,0.5721954,2161.790731769725,4.657438134295743,1.0703834E-5,19.388544,0.008094025,0.21788651,0.009034276,0.06197729,0.009632167,0.53142023,0.09181899,0.71776956,0.0031250834,0.07135153,0.0032145155,0.5929014,0.011540136,null,null,null,null,"TWOGAUSSIANS",8,2.221881,0.71776956,0.0031250834,0.3995686,0.008386127,0.59191155,0.011409777,0.21788651,0.009034276,0.3470728,0.053940136,0.5304304,0.09267985
375316653866487564,6660424215062067328,0.64372456,2111.646138141288,1.8894244946155387,3.7030857E-6,13.836808,0.011168529,0.2750437,0.0013722363,0.05675671,0.00696232,0.13191712,0.021007726,0.77467036,0.006494542,0.06627063,0.0069884863,0.23582187,0.030767111,0.06278024,0.012378688,0.2750437,0.0013722363,"TWOGAUSSIANS_WITH_ELLIPSOIDAL_ON_ECLIPSE1",9,30.817501,0.7747304,0.0063520307,0.3711155,0.039135523,0.36119094,0.023701396,0.2750437,0.0013722363,0.31783757,0.03898899,0.2572868,0.007248779
375316653866487564,6660431391950956800,0.45183542,2125.3282595281366,0.09070628169957086,3.0951163E-5,17.66203,0.01690766,0.32065243,0.011709351,0.15510772,0.035854448,0.094589755,0.016039563,0.7232228,0.0107543515,0.062497947,0.011166044,0.09721918,0.018854491,null,null,null,null,"TWOGAUSSIANS",8,3.422809,0.7232228,0.0107543515,0.3499885,0.06252985,0.09651224,0.01837457,0.32065243,0.011709351,0.4,0.0,0.09056698,0.012554498
375316653866487564,6660439122892002304,0.5209797,2135.6497006255554,3.1022757156747067,2.1315342E-5,18.865559,0.08257288,0.23276915,0.0077007175,0.11086133,0.022783423,0.34104076,0.07796569,0.73046017,0.0052983067,0.11677815,0.019036008,0.4202768,0.07946179,null,null,null,null,"TWOGAUSSIANS",8,3.2996824,0.73046017,0.0052983067,0.4,0.0,0.3538393,0.017824573,0.23277915,0.007717053,0.4,0.0,0.2746652,0.019821756
375316653866487564,6660457337850001408,0.5866054,2126.4985576945332,1.264526837248108,7.608326E-6,13.217019,0.010214288,0.23372546,0.0024536112,0.09728374,0.006941903,0.14437973,0.009618875,0.7409909,0.0047466066,0.10115908,0.012732914,0.12494037,0.008417074,null,null,null,null,"TWOGAUSSIANS",8,42.918922,0.23372546,0.0024531733,0.4,0.0,0.1341669,0.004148518,0.7409909,0.0047466066,0.4,0.0,0.11472678,0.0053660716
375316653866487564,6660459120260168960,0.44928122,2140.0672109652,0.05867343588154487,2.1802463E-5,18.140385,0.010313119,0.2039456,0.006866774,0.093650706,0.017520873,0.19019875,0.04512083,0.69132,0.0069254013,0.026663199,0.020627122,0.93950087,4.032982,null,null,null,null,"TWOGAUSSIANS",8,3.621731,0.69132,0.0069254013,0.14931391,0.11551189,0.93945056,4.033122,0.2039456,0.006866774,0.4,0.0,0.19014812,0.045226738
375316653866487564,6660463483947148544,0.6523575,2150.6427605290237,3.1273697645828586,7.067634E-6,16.7611,0.0151486825,0.23533183,0.0015886762,0.049830437,0.0032664128,0.41837132,0.032188546,0.74500006,0.0025708461,0.05528081,0.005044452,0.3781091,0.03217838,0.107482225,0.019086514,0.74500006,0.0025708461,"TWOGAUSSIANS_WITH_ELLIPSOIDAL_ON_ECLIPSE2",9,9.64728,0.23621184,0.001354913,0.27905044,0.018291911,0.6325999,0.013077575,0.74500006,0.0025708461,0.30957255,0.02824893,0.5930577,0.0101167625
375316653866487564,6660463591322664704,0.4434026,2172.2370902212047,2.192998398088902,6.277344E-5,18.550926,0.06430184,0.20284164,0.05180923,0.16367781,0.06737463,0.1581436,0.063784234,0.57977635,0.022166511,0.09784401,0.027909992,0.21770948,0.042904828,null,null,null,null,"TWOGAUSSIANS",8,5.84744,0.57977635,0.022166511,0.4,0.0,0.20901461,0.025512837,0.20374164,0.050994486,0.4,0.0,0.1383144,0.0323904
375316653866487564,6660464381596384896,0.6409944,2134.2195721177773,3.6177931974657853,8.3304585E-6,15.639068,0.020718388,0.21781237,0.0057649473,0.047557365,0.014150097,0.23360096,0.027222766,0.72172904,0.0035858988,0.049463153,0.00609828,0.392803,0.04102311,0.12150726,0.022765147,0.21781237,0.0057649473,"TWOGAUSSIANS_WITH_ELLIPSOIDAL_ON_ECLIPSE1",9,44.856255,0.72172904,0.003434548,0.27699366,0.03415037,0.6356683,0.01924494,0.21781237,0.0057649473,0.26632124,0.079240546,0.47661337,0.045112092
