Gaia/vari_eclipsing_binary/VariEclipsingBinary_358906-359128.csv
# %ECSV 1.0
# ---
# delimiter: ','
# meta: !!omap
# - RELEASE: Gaia DR3
# - TABLE: vari_eclipsing_binary
# - DESCRIPTION: >
#     This table describes the properties of the eclipsing binaries resulting from the variability analysis. 
# - CITATION: >
#     How to cite and acknowledge Gaia: 
#     https://gea.esac.esa.int/archive/documentation/credits.html 
# - KNOWN_ISSUES: >
#     Known issues: 
#     https://www.cosmos.esa.int/web/gaia-users/known-issues 
# - DOCUMENTATION: >
#     Tutorials and documentation: 
#     https://www.cosmos.esa.int/web/gaia-users/archive 
# datatype:
# - 
#   name: solution_id
#   datatype: int64
#   description: Solution Identifier
#   meta:
#     ucd: meta.version
# - 
#   name: source_id
#   datatype: int64
#   description: Unique source identifier
#   meta:
#     ucd: meta.id;meta.main
# - 
#   name: global_ranking
#   datatype: float32
#   description: Number between 0 (worst) and 1 (best)
#   meta:
#     ucd: stat.param
# - 
#   name: reference_time
#   datatype: float64
#   unit: d
#   description: Reference time used for the geometric model fit
#   meta:
#     ucd: time.epoch
# - 
#   name: frequency
#   datatype: float64
#   unit: d**-1
#   description: Frequency of geometric model of the eclipsing binary light curve
#   meta:
#     ucd: src.orbital
# - 
#   name: frequency_error
#   datatype: float32
#   unit: d**-1
#   description: "Uncertainty of \\texttt{frequency}"
#   meta:
#     ucd: stat.error
# - 
#   name: geom_model_reference_level
#   datatype: float32
#   unit: mag
#   description: Magnitude reference level of geometric model
#   meta:
#     ucd: phot.mag;em.opt
# - 
#   name: geom_model_reference_level_error
#   datatype: float32
#   unit: mag
#   description: "Uncertainty of \\texttt{geomModelReferenceLevel}"
#   meta:
#     ucd: stat.error;phot.mag;em.opt
# - 
#   name: geom_model_gaussian1_phase
#   datatype: float32
#   description: Phase of the Gaussian 1 component
#   meta:
#     ucd: time.phase
# - 
#   name: geom_model_gaussian1_phase_error
#   datatype: float32
#   description: "Uncertainty of \\texttt{geomModelGaussian1Phase}"
#   meta:
#     ucd: stat.error;time.phase
# - 
#   name: geom_model_gaussian1_sigma
#   datatype: float32
#   description: "Standard deviation [phase] of Gaussian 1 component"
#   meta:
#     ucd: stat.stdev
# - 
#   name: geom_model_gaussian1_sigma_error
#   datatype: float32
#   description: "Uncertainty of \\texttt{geomModelGaussian1Sigma}"
#   meta:
#     ucd: stat.error
# - 
#   name: geom_model_gaussian1_depth
#   datatype: float32
#   unit: mag
#   description: Magnitude depth of Gaussian 1 component
#   meta:
#     ucd: src.var.amplitude
# - 
#   name: geom_model_gaussian1_depth_error
#   datatype: float32
#   unit: mag
#   description: "Uncertainty of \\texttt{geomModelGaussian1Depth}"
#   meta:
#     ucd: stat.error;src.var.amplitude
# - 
#   name: geom_model_gaussian2_phase
#   datatype: float32
#   description: Phase of Gaussian 2 component
#   meta:
#     ucd: time.phase
# - 
#   name: geom_model_gaussian2_phase_error
#   datatype: float32
#   description: "Uncertainty of \\texttt{geomModelGaussian2Phase}"
#   meta:
#     ucd: stat.error;time.phase
# - 
#   name: geom_model_gaussian2_sigma
#   datatype: float32
[...]
#   datatype: float32
#   description: "Secondary eclipse: uncertainty of \\texttt{derivedSecondaryEclDuration}"
#   meta:
#     ucd: stat.error;time.duration
# - 
#   name: derived_secondary_ecl_depth
#   datatype: float32
#   unit: mag
#   description: "Secondary eclipse: depth"
#   meta:
#     ucd: src.var.amplitude
# - 
#   name: derived_secondary_ecl_depth_error
#   datatype: float32
#   unit: mag
#   description: "Secondary eclipse: uncertainty of \\texttt{derivedSecondaryEclDepth}"
#   meta:
#     ucd: stat.error;src.var.amplitude
solution_id,source_id,global_ranking,reference_time,frequency,frequency_error,geom_model_reference_level,geom_model_reference_level_error,geom_model_gaussian1_phase,geom_model_gaussian1_phase_error,geom_model_gaussian1_sigma,geom_model_gaussian1_sigma_error,geom_model_gaussian1_depth,geom_model_gaussian1_depth_error,geom_model_gaussian2_phase,geom_model_gaussian2_phase_error,geom_model_gaussian2_sigma,geom_model_gaussian2_sigma_error,geom_model_gaussian2_depth,geom_model_gaussian2_depth_error,geom_model_cosine_half_period_amplitude,geom_model_cosine_half_period_amplitude_error,geom_model_cosine_half_period_phase,geom_model_cosine_half_period_phase_error,model_type,num_model_parameters,reduced_chi2,derived_primary_ecl_phase,derived_primary_ecl_phase_error,derived_primary_ecl_duration,derived_primary_ecl_duration_error,derived_primary_ecl_depth,derived_primary_ecl_depth_error,derived_secondary_ecl_phase,derived_secondary_ecl_phase_error,derived_secondary_ecl_duration,derived_secondary_ecl_duration_error,derived_secondary_ecl_depth,derived_secondary_ecl_depth_error
[from data line 258]
375316653866487564,3157572682287021056,0.535204,2230.2807270604408,3.635832713921894,2.357188E-5,18.731846,0.022153625,0.29837424,0.015094411,0.071871094,0.010244773,0.4233394,0.08376135,0.794206,0.012648368,0.086742625,0.02358137,0.3699536,0.060671307,null,null,null,null,"TWOGAUSSIANS",8,4.1507587,0.29837424,0.015094411,0.4,0.038102504,0.4183356,0.084725834,0.794206,0.012648368,0.4,0.03089997,0.36494976,0.06676183
375316653866487564,3157576152622404608,0.58446485,2278.265521483229,2.2118590266175517,1.6322154E-5,17.312061,0.017870879,0.22635068,0.0036654307,0.08590099,0.006133002,0.45030728,0.01724529,0.7222226,0.0037496937,0.08122048,0.0052478737,0.48655385,0.026202984,null,null,null,null,"TWOGAUSSIANS",8,11.403122,0.7222226,0.0037496937,0.4,0.0,0.47667548,0.024948161,0.22635068,0.0036654307,0.4,0.0,0.44042888,0.014038298
375316653866487564,3157579764689290880,0.5974877,2299.053339666608,2.974258452316917,1.0683045E-5,16.47902,0.006505419,0.17734864,0.007060921,0.08910857,0.0073689716,0.21349646,0.017642265,0.67458713,0.001809899,0.09075015,0.004436222,0.18230298,0.008770893,null,null,null,null,"TWOGAUSSIANS",8,5.702603,0.17734864,0.007060921,0.4,0.0,0.2055751,0.018121941,0.67458713,0.001809899,0.4,0.0,0.17438158,0.008190174
375316653866487564,3157581134781556480,0.50810516,2295.7871898404337,0.14593451475649108,1.6582821E-4,12.1406145,0.006168505,0.4095808,0.026753137,0.07777718,0.01851198,0.44562727,0.03406705,0.8228552,0.0070977495,0.06230086,0.0072828885,0.17479753,0.031637684,null,null,null,null,"TWOGAUSSIANS",8,457.14752,0.4095808,0.026753137,0.4,0.06438109,0.445537,0.034034908,0.8228552,0.0070977495,0.34888482,0.040784176,0.17470762,0.031641632
375316653866487564,3157581207793889152,0.5163413,2278.107639525678,4.2919929439963695,6.208489E-5,18.044449,0.12518582,0.2346364,0.0064880033,0.099402145,0.022823552,0.48263636,0.104091905,0.733576,0.023368271,0.12379245,0.043441284,0.3185812,0.12928897,null,null,null,null,"TWOGAUSSIANS",8,16.335506,0.2346364,0.0064854063,0.4,0.0,0.42223278,0.05274224,0.733576,0.023384687,0.4,0.0,0.2579979,0.037961785
375316653866487564,3157582165574965248,0.5196872,2244.711677294767,4.90288105593355,2.5724748E-5,18.927166,0.014417059,0.22110729,0.012199038,0.09061747,0.013667915,0.3587482,0.07234954,0.72767293,0.00850831,0.07479837,0.0125948675,0.33212528,0.040641773,null,null,null,null,"TWOGAUSSIANS",8,4.1970634,0.22110729,0.012199038,0.4,0.0,0.3524065,0.07388358,0.72767293,0.00850831,0.4,0.0,0.32578373,0.044239428
375316653866487564,3157583780482810368,0.5104549,2209.8838114848613,2.3765511858515658,1.8190682E-5,18.822708,0.012731363,0.18129884,0.01284657,0.08863405,0.020862719,0.09654421,0.013724148,0.6567215,0.007521571,0.09731245,0.017633155,0.11411453,0.01111652,null,null,null,null,"TWOGAUSSIANS",8,0.63064104,0.6567215,0.007521571,0.4,0.0,0.11017869,0.009614467,0.18129884,0.012849108,0.4,0.0,0.092609115,0.011035312
375316653866487564,3157585262247102080,0.5975191,2250.1175904889683,3.2098650782601,1.1193412E-5,15.135136,0.02498087,0.24748117,0.0037197638,0.055796307,0.010879328,0.16952454,0.052796535,0.7432018,0.017390857,0.042392485,0.030366838,0.13279182,0.04933541,0.08354939,0.027668571,0.24748117,0.0037197638,"TWOGAUSSIANS_WITH_ELLIPSOIDAL_ON_ECLIPSE1",9,88.74638,0.24748117,0.0037197638,0.31245932,0.060924236,0.3366159,0.01339013,0.7438518,0.01653537,0.23739792,0.17005429,0.29978067,0.024175528
375316653866487564,3157585773347671680,0.5365256,2204.131832770112,2.8461012160230714,2.744274E-5,19.129667,0.041629005,0.2714806,0.0088938745,0.08259461,0.012655521,0.43438524,0.05642718,0.7788063,0.007460209,0.08618884,0.012514372,0.3838356,0.045821328,null,null,null,null,"TWOGAUSSIANS",8,4.323951,0.2714806,0.0088938745,0.4,0.0,0.42548656,0.050842766,0.7788063,0.007460209,0.4,0.0,0.3749369,0.03929487
375316653866487564,3157586597977799168,0.520287,2179.979770280701,0.5182713307963436,1.12423484E-4,18.840267,0.014304616,0.33978462,0.020014064,0.09497794,0.023934582,0.05275107,0.01728578,0.69355094,0.02044544,0.058011442,0.012655512,0.35880083,0.18434767,null,null,null,null,"TWOGAUSSIANS",8,2.0239947,0.69355094,0.02044544,0.3248641,0.07087087,0.35882488,0.18435054,0.33978462,0.020014064,0.4,0.0,0.05272387,0.017247085
375316653866487564,3157587319532350080,0.5759815,2213.9233232904294,3.553915321328192,1.4673649E-5,16.925484,0.016380306,0.16486868,0.0059710485,0.106641136,0.010841241,0.23171452,0.016702116,0.6501599,0.002395394,0.09768323,0.008200502,0.24451779,0.016118051,null,null,null,null,"TWOGAUSSIANS",8,7.943364,0.6501599,0.002395394,0.4,0.0,0.22463988,0.009240719,0.16486868,0.0059710485,0.4,0.0,0.2118285,0.011460639
375316653866487564,3157591202182822144,0.5616072,2211.619628687448,1.750273109802003,3.0095158E-5,15.948494,0.052872773,0.27140084,0.021318806,0.10186568,0.05603781,0.1463122,0.041333124,0.74679357,0.007160283,0.09912778,0.012534358,0.25171158,0.048268594,null,null,null,null,"TWOGAUSSIANS",8,16.972322,0.74679357,0.007160283,0.4,0.0,0.23912083,0.012791531,0.27141085,0.021448623,0.4,0.0,0.13372122,0.017687347
375316653866487564,3157593577304759808,0.53901094,2267.4956719058237,2.8576453465813647,5.9577265E-5,17.900045,0.021214236,0.16763686,0.029033568,0.21369335,0.076151185,0.08021598,0.016552815,0.5878346,0.0013414108,0.026259288,0.0017781834,0.38082242,0.03944656,null,null,null,null,"TWOGAUSSIANS",8,1.7622764,0.5878346,0.0013414108,0.14705202,0.009957827,0.38361502,0.039516922,0.16763686,0.029033568,0.4,0.0,0.06938478,0.02023871
375316653866487564,3157593676084152704,0.61205846,2272.5847008870883,0.41407617564112204,9.055156E-6,17.23861,0.0010361274,0.3608378,0.016929127,0.025117919,0.04020603,0.015777627,0.0017999369,0.8602079,7.634424E-4,0.038252056,5.2657956E-4,0.44336152,0.0028002532,null,null,null,null,"TWOGAUSSIANS",8,0.7229166,0.8602079,7.634424E-4,0.21421151,0.0029488457,0.44336152,0.0028000465,0.3608378,0.016929127,0.14066035,0.22515376,0.015777627,0.00180048
375316653866487564,3157594711175403264,0.6302963,2266.0688410682246,3.5400933308532223,5.6534586E-6,14.155449,0.007947075,0.08540403,2.6691462E-6,0.004333686,3.508945E-5,3.4074857,0.026507635,0.35750562,0.018158704,0.030944582,0.03427195,0.043874025,14166.094,0.016072625,0.013784688,0.35750562,0.018158704,"TWOGAUSSIANS_WITH_ELLIPSOIDAL_ON_ECLIPSE2",9,230.552,0.08540403,2.6691462E-6,0.024268642,1.9650093E-4,3.4081016,0.026223859,0.35750562,0.018158704,0.17328966,0.19192292,0.076019265,14166.094
375316653866487564,3157596493582696448,0.58999974,2232.844188778995,3.6733147536895263,2.0746507E-5,18.027418,0.018983519,0.3050175,0.035827577,0.09645088,0.03296366,0.27909064,0.44584057,0.77860826,0.0050681084,0.08870988,0.009595232,0.24135913,0.017963007,null,null,null,null,"TWOGAUSSIANS",8,1.8208706,0.3050175,0.035827577,0.4,0.026302923,0.26994836,0.45263135,0.77860826,0.0050681084,0.4,0.0,0.23221841,0.008155798
375316653866487564,3157597318216447616,0.55272824,2293.2824091866855,1.545984115731036,2.4772447E-5,17.4459,0.006120802,0.1944015,0.005052396,0.035423502,0.008531604,0.3183783,0.07495004,0.70667416,0.009918876,0.029236777,0.006695093,0.29654482,0.051765826,null,null,null,null,"TWOGAUSSIANS",8,13.41938,0.1944015,0.005052396,0.19837162,0.047776982,0.3183783,0.07495004,0.70667416,0.009918876,0.16372594,0.03749252,0.29654482,0.051765826
375316653866487564,3157598692606099456,0.4945272,2276.3119745846293,0.22502447575570556,2.2245455E-5,19.381079,0.09953385,0.33039913,0.036825977,0.10074437,0.060124245,0.5645118,0.31138328,0.83093905,0.01522752,0.06741258,0.013933555,0.62430084,0.12080217,null,null,null,null,"TWOGAUSSIANS",8,5.338003,0.83093905,0.015190582,0.37751046,0.064784154,0.61062855,0.09658524,0.33039913,0.036825977,0.4,0.0,0.5508344,0.33467945
375316653866487564,3157600238794489984,0.63807225,2277.1764598144737,1.9363391223799997,2.14852E-5,16.80226,0.027485328,0.26207447,0.006862785,0.04947835,0.015588979,0.41560188,0.17876863,0.7692694,0.0030914843,0.069740914,0.0037249704,0.66505283,0.06305334,0.06924823,0.0328336,0.7692694,0.0030914843,"TWOGAUSSIANS_WITH_ELLIPSOIDAL_ON_ECLIPSE2",9,29.983664,0.7692694,0.0030914843,0.39054912,0.020859834,0.8025841,0.025248816,0.26250446,0.0063988618,0.27707875,0.08729828,0.5528674,0.21288271
375316653866487564,3157602235958057344,0.5559419,2264.6136936903986,3.2836523645099613,3.6108486E-5,14.7804575,0.014076536,0.24166127,0.0060868138,0.057767995,0.028719438,0.382164,0.17777161,0.7228897,0.007869609,0.054598123,0.009119472,0.27416933,0.038537025,null,null,null,null,"TWOGAUSSIANS",8,229.2302,0.24166127,0.0060868138,0.32350078,0.075809345,0.3821487,0.17861576,0.7228897,0.007869609,0.3057495,0.05106904,0.27415404,0.03846769
375316653866487564,3157603747786673792,0.52211607,2314.999927644204,1.1408209651322794,1.6316113E-5,15.843236,0.013634539,0.12028708,0.0048008547,0.04005595,0.0037953432,0.26194066,0.015631197,0.6254576,0.0041569523,0.0441267,0.0041606487,0.2619132,0.017829023,null,null,null,null,"TWOGAUSSIANS",8,153.04561,0.12028708,0.0048008547,0.22431332,0.021253923,0.26194066,0.015631182,0.6254576,0.0041569523,0.24710952,0.02329963,0.2619132,0.017829008
375316653866487564,3157606079949728384,0.4873715,2250.295338267358,0.36060154601164734,6.4701962E-6,18.704618,0.0025636612,0.5738908,0.025276504,0.038012568,0.029545078,0.22069034,0.17366202,0.91696393,3.7269396E-4,0.0116436435,6.09796E-4,0.035941795,0.0033537382,null,null,null,null,"TWOGAUSSIANS",8,1.1350716,0.5738908,0.025276504,0.21287037,0.16545244,0.22069034,0.17366202,0.91696393,3.7269396E-4,0.065204404,0.003414858,0.035941795,0.0033541191
375316653866487564,3157607183760124544,0.5849943,2153.850408668519,1.733060957757589,7.220552E-6,14.0267515,0.014460474,0.24501699,0.015856901,0.07751621,0.037341848,0.12749927,0.0065153837,0.746776,0.0016751296,0.093635485,0.006644428,0.18142071,0.013476161,null,null,null,null,"TWOGAUSSIANS",8,22.195118,0.746776,0.0016751296,0.4,0.0,0.17723355,0.0043813093,0.24501699,0.015856901,0.4,0.0,0.12331234,0.016854875
375316653866487564,3157607664796439808,0.44225612,2180.927895608495,0.5393793015982956,5.26067E-5,16.311106,0.009920612,0.24822707,0.01614489,0.08164035,0.019099412,0.061748687,0.011673277,0.7286496,0.01144329,0.04673997,0.043849736,0.10398819,0.06619221,null,null,null,null,"TWOGAUSSIANS",8,3.9623206,0.7286496,0.01144329,0.2617438,0.22111358,0.10394863,0.067221746,0.24822707,0.01614489,0.4,0.0,0.061709117,0.0109937675
375316653866487564,3157608317631575680,0.5949158,2211.2423919710836,3.1470860535103187,9.893658E-6,14.922412,0.07400937,0.1278129,0.006041889,0.056801457,0.027469695,0.114146955,0.15335119,0.6126378,0.0154224355,0.05499003,0.027586106,0.18039003,0.1413793,0.070960596,0.07695659,0.1278129,0.006041889,"TWOGAUSSIANS_WITH_ELLIPSOIDAL_ON_ECLIPSE1",9,58.035927,0.6150278,0.01222807,0.30794418,0.1137396,0.3212183,0.03689443,0.1278129,0.006041889,0.31808817,0.12132868,0.25605938,0.022997094
375316653866487564,3157610855953790336,0.5162422,2160.705301939006,1.6218060888722434,1.4616096E-5,17.879126,0.0048651127,0.23551208,0.008207247,0.05970803,0.012141157,0.13874716,0.02199405,0.7383329,0.011131663,0.07841518,0.011763507,0.09150734,0.015471973,null,null,null,null,"TWOGAUSSIANS",8,2.1969507,0.23551208,0.008207247,0.33436498,0.06799048,0.13846079,0.02245273,0.7383329,0.011131663,0.4,0.0,0.09122097,0.015664166
375316653866487564,3157612612598718208,0.6769041,2173.596778801342,1.2138317517035357,6.3179605E-6,16.261497,5.357611E-4,0.83064914,3.975665E-5,0.0042679673,2.286642E-4,0.018294977,1.7339968E-4,0.56563526,3.8538652E-5,0.053852074,1.8679327E-4,0.32583123,2.7571482E-4,null,null,null,null,"TWOGAUSSIANS",8,0.4635044,0.56563526,3.8538652E-5,0.3015716,0.0010460423,0.32583123,2.7571482E-4,0.83064914,3.975665E-5,0.023900617,0.0012805195,0.018296773,1.7325436E-4
375316653866487564,3157613845251078016,0.65638715,2239.4904486577248,2.766760140963965,4.141533E-6,17.123484,0.010808215,0.20566978,0.002154497,0.044785444,0.0034323137,0.5239801,0.03239183,0.7041339,0.0069009266,0.04276756,0.0039706845,0.5168942,0.04978525,0.12507449,0.013344502,0.20566978,0.002154497,"TWOGAUSSIANS_WITH_ELLIPSOIDAL_ON_ECLIPSE1",9,11.625058,0.20566978,0.002154497,0.2507985,0.019220956,0.7741285,0.028560055,0.7042339,0.006593634,0.23949832,0.022235833,0.7670209,0.047822565
375316653866487564,3157614498086288000,0.54333025,2198.5625267806895,3.5792468514569014,1.4360466E-5,16.922863,0.010770935,0.25420555,0.0048387395,0.08181559,0.009588493,0.12386823,0.013094053,0.7555408,0.0059137694,0.09149017,0.010216857,0.13320912,0.014337847,null,null,null,null,"TWOGAUSSIANS",8,6.207286,0.7555408,0.0059137694,0.4,0.0,0.1292931,0.013251804,0.25420555,0.0048387395,0.4,0.0,0.119952284,0.012026199
375316653866487564,3157615666317536256,0.5728451,2284.743862687097,2.9750872623246005,1.4557043E-5,17.69972,0.014798745,0.22407174,0.008495068,0.08139932,0.008291045,0.31380457,0.024038455,0.7312331,0.0049887677,0.09259633,0.010006124,0.28578168,0.014204796,null,null,null,null,"TWOGAUSSIANS",8,7.4357567,0.22407174,0.008495068,0.4,0.0,0.30529428,0.024640141,0.7312331,0.0049887677,0.4,0.0,0.27727112,0.014349077
375316653866487564,3157616151651648640,0.6032551,2298.6361193187126,0.7787622931323978,4.8856804E-5,16.503723,0.0011459687,0.569455,0.0018757471,0.033874795,0.00181966,0.36563072,0.032615162,null,null,null,null,null,null,null,null,null,null,"ONEGAUSSIAN",5,3.1883802,0.569455,0.0018757471,0.18969886,0.010190096,0.36563072,0.0,null,null,null,null,null,null
375316653866487564,3157616800189003776,0.5331833,2252.3270904449514,3.898852337354131,2.0248006E-5,19.350697,0.013828622,0.21209417,6.6100125E-4,0.035415493,0.0018654091,0.47977528,0.030933585,0.7196802,0.0040183426,0.051314585,0.0034571155,0.41701388,0.02301293,null,null,null,null,"TWOGAUSSIANS",8,3.5111558,0.21209417,6.6100125E-4,0.19832675,0.0104462905,0.47977525,0.030933585,0.7196802,0.0040183426,0.28736168,0.019359848,0.41701385,0.02301292
375316653866487564,3157617491681533056,0.6455402,2177.111244713886,2.9148569606040113,7.793594E-6,15.481454,0.010747605,0.32722774,0.0013813745,0.05964271,0.021314371,0.32958478,0.19123307,0.83203167,0.018800203,0.04680152,0.01252449,0.28409114,0.07982228,0.092825465,0.01765108,0.32722774,0.0013813745,"TWOGAUSSIANS_WITH_ELLIPSOIDAL_ON_ECLIPSE1",9,32.27049,0.32722774,0.0013813745,0.33399916,0.066190675,0.5151855,0.19044466,0.83203167,0.01784435,0.2620885,0.07013714,0.46952277,0.07307468
375316653866487564,3157624290613504256,0.6294304,2198.828692816441,2.6467947396238087,1.0178653E-5,17.661057,0.017866911,0.19003199,0.0034264217,0.054588113,0.008599872,0.22631547,0.038965184,0.6954007,0.023612425,0.0525638,0.018807953,0.19900274,0.14794487,0.117360294,0.022631396,0.19003199,0.0034264217,"TWOGAUSSIANS_WITH_ELLIPSOIDAL_ON_ECLIPSE1",9,7.933133,0.19003199,0.0034264217,0.30569342,0.04815928,0.46102688,0.011056885,0.6954007,0.021641014,0.29435727,0.10532454,0.43344715,0.14535083
375316653866487564,3157638309386743296,0.5019712,2244.3374934121493,0.132857740690803,5.069375E-5,12.123503,0.015223212,0.2548201,0.15259309,0.14004211,0.12920344,0.036511794,0.03202684,0.76828927,0.006533447,0.079368584,0.012757168,0.056270994,0.0139567945,null,null,null,null,"TWOGAUSSIANS",8,26.410643,0.76839924,0.0061080013,0.4,0.0,0.05121557,0.0048542954,0.2548201,0.15259309,0.4,0.21128164,0.031324938,0.038069703
375316653866487564,3157638790423346944,0.5381758,2199.39640651531,1.7881268106579986,1.0371126E-6,18.848522,0.0051107295,0.45564964,5.141322E-4,0.030401247,9.997627E-4,0.9115262,0.088139676,0.5527669,2.6527073E-4,0.014184204,7.8931707E-4,0.09895176,0.0010720863,null,null,null,null,"TWOGAUSSIANS",8,1.5698035,0.45564964,5.141322E-4,0.17024697,0.0055986713,0.9115262,0.088139676,0.5527669,2.6527073E-4,0.07943154,0.0044201757,0.10449542,0.0019401766
