Gaia/vari_eclipsing_binary/VariEclipsingBinary_465027-465038.csv
# %ECSV 1.0
# ---
# delimiter: ','
# meta: !!omap
# - RELEASE: Gaia DR3
# - TABLE: vari_eclipsing_binary
# - DESCRIPTION: >
#     This table describes the properties of the eclipsing binaries resulting from the variability analysis. 
# - CITATION: >
#     How to cite and acknowledge Gaia: 
#     https://gea.esac.esa.int/archive/documentation/credits.html 
# - KNOWN_ISSUES: >
#     Known issues: 
#     https://www.cosmos.esa.int/web/gaia-users/known-issues 
# - DOCUMENTATION: >
#     Tutorials and documentation: 
#     https://www.cosmos.esa.int/web/gaia-users/archive 
# datatype:
# - 
#   name: solution_id
#   datatype: int64
#   description: Solution Identifier
#   meta:
#     ucd: meta.version
# - 
#   name: source_id
#   datatype: int64
#   description: Unique source identifier
#   meta:
#     ucd: meta.id;meta.main
# - 
#   name: global_ranking
#   datatype: float32
#   description: Number between 0 (worst) and 1 (best)
#   meta:
#     ucd: stat.param
# - 
#   name: reference_time
#   datatype: float64
#   unit: d
#   description: Reference time used for the geometric model fit
#   meta:
#     ucd: time.epoch
# - 
#   name: frequency
#   datatype: float64
#   unit: d**-1
#   description: Frequency of geometric model of the eclipsing binary light curve
#   meta:
#     ucd: src.orbital
# - 
#   name: frequency_error
#   datatype: float32
#   unit: d**-1
#   description: "Uncertainty of \\texttt{frequency}"
#   meta:
#     ucd: stat.error
# - 
#   name: geom_model_reference_level
#   datatype: float32
#   unit: mag
#   description: Magnitude reference level of geometric model
#   meta:
#     ucd: phot.mag;em.opt
# - 
#   name: geom_model_reference_level_error
#   datatype: float32
#   unit: mag
#   description: "Uncertainty of \\texttt{geomModelReferenceLevel}"
#   meta:
#     ucd: stat.error;phot.mag;em.opt
# - 
#   name: geom_model_gaussian1_phase
#   datatype: float32
#   description: Phase of the Gaussian 1 component
#   meta:
#     ucd: time.phase
# - 
#   name: geom_model_gaussian1_phase_error
#   datatype: float32
#   description: "Uncertainty of \\texttt{geomModelGaussian1Phase}"
#   meta:
#     ucd: stat.error;time.phase
# - 
#   name: geom_model_gaussian1_sigma
#   datatype: float32
#   description: "Standard deviation [phase] of Gaussian 1 component"
#   meta:
#     ucd: stat.stdev
# - 
#   name: geom_model_gaussian1_sigma_error
#   datatype: float32
#   description: "Uncertainty of \\texttt{geomModelGaussian1Sigma}"
#   meta:
#     ucd: stat.error
# - 
#   name: geom_model_gaussian1_depth
#   datatype: float32
#   unit: mag
#   description: Magnitude depth of Gaussian 1 component
#   meta:
#     ucd: src.var.amplitude
# - 
#   name: geom_model_gaussian1_depth_error
#   datatype: float32
#   unit: mag
#   description: "Uncertainty of \\texttt{geomModelGaussian1Depth}"
#   meta:
#     ucd: stat.error;src.var.amplitude
# - 
#   name: geom_model_gaussian2_phase
#   datatype: float32
#   description: Phase of Gaussian 2 component
#   meta:
#     ucd: time.phase
# - 
#   name: geom_model_gaussian2_phase_error
#   datatype: float32
#   description: "Uncertainty of \\texttt{geomModelGaussian2Phase}"
#   meta:
#     ucd: stat.error;time.phase
# - 
#   name: geom_model_gaussian2_sigma
#   datatype: float32
[...]
#   datatype: float32
#   description: "Secondary eclipse: uncertainty of \\texttt{derivedSecondaryEclDuration}"
#   meta:
#     ucd: stat.error;time.duration
# - 
#   name: derived_secondary_ecl_depth
#   datatype: float32
#   unit: mag
#   description: "Secondary eclipse: depth"
#   meta:
#     ucd: src.var.amplitude
# - 
#   name: derived_secondary_ecl_depth_error
#   datatype: float32
#   unit: mag
#   description: "Secondary eclipse: uncertainty of \\texttt{derivedSecondaryEclDepth}"
#   meta:
#     ucd: stat.error;src.var.amplitude
solution_id,source_id,global_ranking,reference_time,frequency,frequency_error,geom_model_reference_level,geom_model_reference_level_error,geom_model_gaussian1_phase,geom_model_gaussian1_phase_error,geom_model_gaussian1_sigma,geom_model_gaussian1_sigma_error,geom_model_gaussian1_depth,geom_model_gaussian1_depth_error,geom_model_gaussian2_phase,geom_model_gaussian2_phase_error,geom_model_gaussian2_sigma,geom_model_gaussian2_sigma_error,geom_model_gaussian2_depth,geom_model_gaussian2_depth_error,geom_model_cosine_half_period_amplitude,geom_model_cosine_half_period_amplitude_error,geom_model_cosine_half_period_phase,geom_model_cosine_half_period_phase_error,model_type,num_model_parameters,reduced_chi2,derived_primary_ecl_phase,derived_primary_ecl_phase_error,derived_primary_ecl_duration,derived_primary_ecl_duration_error,derived_primary_ecl_depth,derived_primary_ecl_depth_error,derived_secondary_ecl_phase,derived_secondary_ecl_phase_error,derived_secondary_ecl_duration,derived_secondary_ecl_duration_error,derived_secondary_ecl_depth,derived_secondary_ecl_depth_error
[from data line 151]
375316653866487564,4090436555362024960,0.45952836,2164.8309656758356,4.7518020666619805,5.0623396E-5,19.325922,0.02629642,0.24318641,0.009260127,0.08306274,0.0180376,0.16498677,0.021462189,0.7104259,0.009547048,0.06503074,0.009926928,0.27074262,0.022994159,null,null,null,null,"TWOGAUSSIANS",8,2.7194805,0.7104259,0.009547048,0.36417213,0.054272264,0.27011585,0.022031778,0.24318641,0.009260127,0.4,0.0,0.16435999,0.019497953
375316653866487564,4090436555362034304,0.461283,2299.683311491662,2.1312496180433658,5.2802458E-5,18.660698,0.012171666,0.23748969,0.027164951,0.033762187,0.04988853,0.45202097,0.3178212,0.73068297,0.036331445,0.06790122,0.024823247,0.14277309,0.10178186,null,null,null,null,"TWOGAUSSIANS",8,2.6758246,0.23748969,0.027164951,0.18906826,0.20220193,0.4520194,0.3189453,0.73068297,0.036331445,0.38024682,0.1241464,0.14277153,0.10176402
375316653866487564,4090436589772733824,0.56363714,2218.62786912551,1.709454312801063,9.20539E-6,19.089237,0.018899778,0.23255187,0.0046518687,0.0685668,0.0069108224,0.56725746,0.032317042,0.7310746,0.00334512,0.071317755,0.0048189536,0.54466456,0.047888942,null,null,null,null,"TWOGAUSSIANS",8,4.1565485,0.23255187,0.0046518687,0.38397408,0.038655017,0.5654587,0.03280376,0.7310746,0.00334512,0.39937943,0.01834431,0.54286575,0.04803009
375316653866487564,4090436628395828352,0.47697785,2164.7551856630676,0.7814729598187857,5.5886383E-5,19.315731,0.0318791,0.0756561,0.013819132,0.02542385,0.058609623,0.2032694,0.77219206,0.5421201,0.02030248,0.095480695,0.038250376,0.2210379,0.029986896,null,null,null,null,"TWOGAUSSIANS",8,4.102662,0.5421201,0.02030248,0.4,0.0,0.22101657,0.028539978,0.0756561,0.0139228655,0.14237356,0.25554353,0.20324957,0.77319956
375316653866487564,4090436692852160768,0.4638501,2179.724129572957,0.2350760894130374,6.3602776E-5,19.4391,0.01573643,0.21958187,0.016407492,0.059008848,0.024796277,0.15967743,0.05306482,0.6795676,0.049704812,0.08851047,0.04076272,0.14280762,0.17330877,null,null,null,null,"TWOGAUSSIANS",8,1.9558958,0.21958187,0.016407492,0.33044955,0.11257514,0.15931827,0.054884538,0.6795676,0.049704812,0.4,0.077377476,0.14244826,0.17364101
375316653866487564,4090436731423010816,0.5217755,2197.2108735693964,2.02594472582378,1.901712E-5,18.799042,0.2348354,0.27587226,0.0067696786,0.12932427,0.057482064,0.341034,0.2190204,0.77707946,0.006207225,0.11909706,0.04474187,0.3699337,0.21684244,null,null,null,null,"TWOGAUSSIANS",8,2.5988965,0.7770995,0.00622937,0.4,0.0,0.27784833,0.018437853,0.27586225,0.006782786,0.4,0.0,0.24867141,0.026131429
375316653866487564,4090436795932984576,0.4917953,2177.919567825362,0.4474646971448892,6.511579E-5,19.11335,0.2486276,0.40788043,0.05063679,0.13523622,0.03804026,0.27206558,0.23251346,0.79422456,0.016716167,0.13041474,0.050051745,0.43180886,0.23678274,null,null,null,null,"TWOGAUSSIANS",8,5.0557456,0.79422456,0.016716167,0.4,0.0,0.38939288,0.11258749,0.41788045,0.03860459,0.4,0.0,0.23101959,0.123426266
375316653866487564,4090436903221949312,0.46630958,2171.9179504617578,0.2956256250957668,3.2016345E-5,18.345709,0.009604645,0.18475056,0.010533204,0.025605218,0.013396871,0.05861089,0.012175456,0.5185809,0.012774232,0.105839334,0.010895624,0.2000671,0.021356612,null,null,null,null,"TWOGAUSSIANS",8,4.0062647,0.5185809,0.012774232,0.4,0.0,0.2000614,0.021360643,0.18522055,0.010461273,0.14338923,0.07502248,0.059998017,0.012750832
375316653866487564,4090437620566115968,0.5513228,2150.104346525742,2.2101517098856354,1.5131259E-5,19.651981,0.06713749,0.2790196,0.009712338,0.10891384,0.024970772,0.4278783,0.062027484,0.76965874,0.006641344,0.09526579,0.016134351,0.4170089,0.07832747,null,null,null,null,"TWOGAUSSIANS",8,1.4621222,0.2790196,0.009712338,0.4,0.0,0.39032537,0.024724199,0.76965874,0.006641344,0.4,0.0,0.37947938,0.06224872
375316653866487564,4090437659137097088,0.47890732,2215.6969631019315,2.3112762455715288,2.6487356E-5,18.695448,0.01781713,0.2611887,0.013832738,0.071843855,0.012417875,0.28691766,0.057052556,0.7472343,0.0072973906,0.084134504,0.010118897,0.2514092,0.019707242,null,null,null,null,"TWOGAUSSIANS",8,8.010825,0.2611887,0.013832738,0.4,0.034684222,0.28458187,0.058299787,0.7472343,0.0072973906,0.4,0.0,0.24907339,0.018403767
375316653866487564,4090437826726473216,0.5202303,2225.093981931397,2.374861812967757,1.9492922E-5,18.73742,0.04171405,0.21078074,0.00587513,0.07059212,0.009854113,0.75882506,0.14189412,0.70629287,0.009715142,0.08838216,0.01738906,0.35923073,0.044134706,null,null,null,null,"TWOGAUSSIANS",8,16.664791,0.21078074,0.00587513,0.3953159,0.030644817,0.7524326,0.14580628,0.70629287,0.009715142,0.4,0.0,0.35283813,0.037155196
375316653866487564,4090437964165626624,0.45627573,2230.461770245358,1.5080744938298731,3.8009868E-5,18.053871,0.2426559,0.29150018,0.0144127635,0.10222234,0.03429306,0.20698428,0.14206713,0.7888588,0.012592705,0.13472593,0.12470497,0.14910404,0.23720093,null,null,null,null,"TWOGAUSSIANS",8,10.362263,0.2915302,0.014393515,0.4,0.0,0.17186378,0.024097959,0.7888588,0.012615023,0.4,0.0,0.11368088,0.017907742
375316653866487564,4090438032884914304,0.46039203,2209.4643249731243,0.3676487280326027,3.0109048E-5,19.25523,0.017419811,0.3120813,0.03960285,0.09261049,0.029090434,0.17828882,0.030178588,0.7932213,0.026499046,0.037549995,0.025614329,0.26676953,0.1367055,null,null,null,null,"TWOGAUSSIANS",8,3.1450803,0.7932213,0.026499046,0.21027997,0.14344025,0.26664186,0.13755327,0.3120813,0.03960285,0.4,0.0,0.17816088,0.029285066
375316653866487564,4090438135900757376,0.47822735,2203.2155466252552,0.22377093369526757,1.3761469E-5,19.050257,0.006866016,0.24414806,0.0018156193,0.035115313,0.0037843653,0.15225965,0.01773203,0.7083766,0.018186755,0.04936348,0.009670661,0.07751646,0.011900179,null,null,null,null,"TWOGAUSSIANS",8,2.0613413,0.24414806,0.0018156193,0.19664575,0.021192444,0.15225965,0.01773203,0.7083766,0.018186755,0.2764355,0.0541557,0.07751646,0.011900179
375316653866487564,4090438239044937600,0.4897938,2189.9272522779634,0.11184579694425753,1.8464983E-5,18.898026,0.038081527,0.20583896,0.011943504,0.10200285,0.01140794,0.64662236,0.100319006,0.63253766,0.009260114,0.1320791,0.017247353,0.4099619,0.032797746,null,null,null,null,"TWOGAUSSIANS",8,5.113348,0.20670895,0.011418804,0.4,0.0,0.60008246,0.119062744,0.63253766,0.009260114,0.4,0.0,0.36124793,0.029940492
375316653866487564,4090438273309691776,0.48321608,2251.78792045283,2.0213549403737567,3.291254E-5,18.349337,0.023151128,0.17228366,0.0051728175,0.109004736,0.014300559,0.21041337,0.022495352,0.69847983,0.0032589228,0.087598115,0.008916718,0.21924295,0.021753456,null,null,null,null,"TWOGAUSSIANS",8,5.6483984,0.6984998,0.0032588893,0.4,0.0,0.2074202,0.013070098,0.17228366,0.0051728175,0.4,0.0,0.19857228,0.01788754
375316653866487564,4090438376473556992,0.4469958,2259.779107585793,0.32625365239185244,6.260431E-5,18.084873,0.060670882,0.26805544,0.04827685,0.0746473,0.110666625,0.41999102,0.16169707,0.9126324,0.09306613,0.18443145,0.077342205,0.27319014,0.05082048,null,null,null,null,"TWOGAUSSIANS",8,3.603955,0.26198545,0.045104746,0.4,0.07830825,0.43771264,0.2191392,0.9126724,0.07332039,0.4,0.0,0.24633285,0.03958777
375316653866487564,4090438410753329792,0.5244656,2232.6419250934587,2.6229702777044297,1.4788594E-5,17.128254,0.017847193,0.15020007,0.0046300986,0.08383138,0.00991481,0.30719313,0.0240767,0.66217977,0.021840703,0.091864735,0.020664144,0.25487608,0.024813572,null,null,null,null,"TWOGAUSSIANS",8,18.769608,0.15020007,0.004629397,0.4,0.0,0.29922906,0.026468258,0.66217977,0.021840703,0.4,0.0,0.24691176,0.019367507
375316653866487564,4090438410833154304,0.5316001,2224.83561522383,1.7928133724555344,4.5349418E-5,19.46534,0.007826619,0.22130872,0.01487041,0.059463974,0.011798857,0.15765564,0.026665688,0.71924603,0.013963643,0.07245731,0.016543513,0.28300777,0.092253916,null,null,null,null,"TWOGAUSSIANS",8,1.2422539,0.71924603,0.013963643,0.4,0.081121214,0.28269833,0.09252981,0.22130872,0.01487041,0.33299825,0.0660736,0.1573462,0.026768431
375316653866487564,4090438479552794368,0.47208318,2218.3839719683506,0.18234929167059702,3.1006544E-5,19.128279,0.19145219,0.214984,0.02380711,0.118806355,0.12798482,0.20419721,0.15715222,0.71054333,0.025779776,0.061632235,0.029957255,0.3200741,0.15735267,null,null,null,null,"TWOGAUSSIANS",8,4.039567,0.71054333,0.025779776,0.34514052,0.15263088,0.31121743,0.10022554,0.214984,0.02380711,0.4,0.0,0.19528165,0.060331397
375316653866487564,4090438548272240128,0.49852505,2237.0223374151033,0.07362247030862855,1.4859397E-5,18.833385,0.01966402,0.38598722,0.010241402,0.055360377,0.0065723113,0.73094004,0.22728738,0.8113614,0.023286322,0.053332143,0.015392434,0.19680104,0.041519523,null,null,null,null,"TWOGAUSSIANS",8,5.8409085,0.38598722,0.010241402,0.31001812,0.036804944,0.7309394,0.22728853,0.8113614,0.023286322,0.29865998,0.08619763,0.19680038,0.04149406
375316653866487564,4090438548272259328,0.46685877,2234.6574887929537,0.2903668058496522,6.522674E-5,18.91096,0.01813428,0.28333578,0.026184792,0.056395575,0.013115897,0.09073436,0.027510673,0.7060227,0.011016231,0.08361937,0.013208905,0.29300317,0.02117572,null,null,null,null,"TWOGAUSSIANS",8,8.052076,0.7060227,0.011016231,0.4,0.0,0.29293057,0.021105658,0.28333578,0.026183,0.3158152,0.07344902,0.090662576,0.0274651
375316653866487564,4090438582632160256,0.50115657,2211.2148455803067,0.4648929054559897,2.7051723E-5,19.518425,0.026144238,0.16207938,0.0060685626,0.06278781,0.0065434114,0.34242213,0.03026147,0.7057193,0.0027390295,0.069960564,0.0068472056,0.38995907,0.03487368,null,null,null,null,"TWOGAUSSIANS",8,3.0775235,0.7057193,0.0027390295,0.39177915,0.027586123,0.38979197,0.034784663,0.16207938,0.0060685626,0.35161173,0.036643106,0.34225503,0.030079076
375316653866487564,4090438655621925248,0.48597288,2206.6503782548302,0.27319171054724845,8.2203995E-5,19.628115,0.01815618,0.2683656,5.044306E-5,0.017850883,8.812673E-4,0.41730613,0.010120436,0.69625163,0.022279734,0.057301868,0.03667268,0.21966632,0.06105207,null,null,null,null,"TWOGAUSSIANS",8,2.5405154,0.2683656,5.044306E-5,0.09996495,0.004935097,0.41730613,0.010120442,0.69625163,0.022279734,0.32089046,0.17484497,0.21966632,0.06105209
375316653866487564,4090438758701170176,0.6193031,2243.788548038168,2.124021643555709,3.6190424E-6,15.1666975,0.005097309,0.2692715,0.001902355,0.07929279,0.0020122973,0.46853906,0.011754476,0.7753004,0.0035297552,0.07767071,0.0037994394,0.20729434,0.011721567,null,null,null,null,"TWOGAUSSIANS",8,45.221832,0.2692715,0.001902355,0.4,0.0,0.4651037,0.011763653,0.7753004,0.0035297552,0.4,0.0,0.20385896,0.011765945
375316653866487564,4090438994950058368,0.4398689,2216.428590476316,0.47553199093149034,1.8002551E-4,19.488565,0.024088312,0.18079467,0.016635602,0.04772249,0.021071518,0.18904856,0.2563421,0.52603483,0.037587095,0.15668742,0.0490552,0.24176912,0.061869074,null,null,null,null,"TWOGAUSSIANS",8,3.67672,0.52603483,0.037587095,0.4,0.0,0.23834498,0.072538346,0.18456468,0.014203036,0.26724595,0.1180005,0.20756571,0.26352683
375316653866487564,4090439029309812352,0.501801,2255.7009708024198,2.2992364604281335,2.1303562E-5,18.865095,0.05701153,0.30606246,0.0060962513,0.103381515,0.026388645,0.28886247,0.03768278,0.8241044,0.010438748,0.10161385,0.027861992,0.25707868,0.09248918,null,null,null,null,"TWOGAUSSIANS",8,2.6969893,0.30606246,0.006068561,0.4,0.0,0.26649106,0.025053062,0.82411444,0.010445745,0.4,0.0,0.23470987,0.09315006
375316653866487564,4090439063669561728,0.5398236,2238.7283892324667,0.09580567615594211,1.7949707E-5,19.15853,0.030713644,0.22841807,0.00805183,0.095740326,0.019452544,0.22290023,0.02971171,0.8308787,0.0090998355,0.060422745,0.009791193,0.4598476,0.040979333,null,null,null,null,"TWOGAUSSIANS",8,1.742471,0.8308887,0.009091526,0.33836737,0.054830678,0.45955464,0.040517364,0.22841807,0.00805183,0.4,0.0,0.22256707,0.028514674
375316653866487564,4090439205326617984,0.46786314,2200.8285891185947,0.9116860754496011,1.4439345E-5,17.87453,0.043452643,0.27359912,0.013857247,0.10398169,0.033257466,0.17900306,0.03896152,0.7648319,0.018834276,0.07535885,0.03192572,0.53351045,1.1883008,null,null,null,null,"TWOGAUSSIANS",8,6.665658,0.7648319,0.018834276,0.4,0.08113989,0.5238415,1.2030488,0.27359912,0.013857247,0.4,0.0,0.1693304,0.018688234
375316653866487564,4090439411536276096,0.5212485,2249.7818934630886,0.4543231385574489,2.7970815E-5,18.90052,0.050098725,0.2109349,0.0072582215,0.110067904,0.0182732,0.49904928,0.056398142,0.66821533,0.047109574,0.06689489,0.031992376,0.5141603,0.13724527,null,null,null,null,"TWOGAUSSIANS",8,4.090669,0.66821533,0.047109574,0.37461135,0.1745371,0.505401,0.12839417,0.2109349,0.0072582215,0.4,0.0,0.49019822,0.050952554
375316653866487564,4090439441625009408,0.46993712,2229.066582388257,0.14787001306432562,6.514898E-5,18.974442,0.008688169,0.30116567,0.012903505,0.07716745,0.013499307,0.22903721,0.03327085,0.7217622,0.03174563,0.022153672,0.03418599,3.0977268,3.3187952,null,null,null,null,"TWOGAUSSIANS",8,4.806167,0.7217622,0.03174563,0.124060564,0.19144154,3.0977268,3.3189843,0.30116567,0.012903505,0.4,0.001272331,0.22903718,0.033264223
375316653866487564,4090439613424871808,0.48773035,2209.138354717394,0.13720642087061952,5.4617594E-5,19.096228,0.05693706,0.19190958,0.014611127,0.1488909,0.04766057,0.22827421,0.048943967,0.66013855,0.053575054,0.052357014,0.02361816,0.20422252,0.079902075,null,null,null,null,"TWOGAUSSIANS",8,3.445296,0.19190958,0.014611127,0.4,0.0,0.21640539,0.041152827,0.66013855,0.053575054,0.2931993,0.11933373,0.19436678,0.072497405
375316653866487564,4090439617643918720,0.49688798,2246.5458433864687,0.1346824587785784,4.4268192E-5,19.396692,0.010664295,0.2423187,0.010696852,0.06577809,0.008885703,1.2708942,0.39829126,0.71942717,0.007860819,0.06018536,0.006868002,0.36499465,0.028650407,null,null,null,null,"TWOGAUSSIANS",8,3.0842037,0.2423187,0.010696852,0.3683573,0.049759936,1.2706434,0.3985213,0.71942717,0.007860819,0.337038,0.038460813,0.36474374,0.028637467
375316653866487564,4090439647730475520,0.5200926,2127.594266770114,0.7777060070141831,1.3542778E-4,19.463001,0.0101816775,0.22153431,0.0045796284,0.027844291,0.0072041014,0.410556,0.04394128,0.63299245,0.024653474,0.05749291,0.009243677,0.46963954,0.05535513,null,null,null,null,"TWOGAUSSIANS",8,4.333977,0.63299245,0.024653474,0.3219603,0.051764593,0.46963954,0.055355124,0.22153431,0.0045796284,0.15592803,0.040342968,0.410556,0.04394128
375316653866487564,4090439720774314368,0.51016253,2223.6536470337755,0.205243218912005,1.7275283E-5,18.588236,0.056854773,0.21284515,0.032295328,0.0978829,0.02985062,0.27456698,0.059163455,0.692832,0.0049165376,0.061974734,0.011729296,1.4208817,0.50595194,null,null,null,null,"TWOGAUSSIANS",8,14.779091,0.692832,0.0049165376,0.3470585,0.06568406,1.4160417,0.5106051,0.21284515,0.032295328,0.4,0.0,0.26972508,0.05023348
375316653866487564,4090439750863570048,0.5271913,2117.779232940625,0.13442382078434204,3.852908E-5,19.050966,0.2437321,0.34989828,0.03837546,0.12450914,0.04139016,0.59433293,0.25354213,0.80919886,0.009597057,0.13459437,0.03917711,0.5222261,0.24173959,null,null,null,null,"TWOGAUSSIANS",8,5.7025843,0.35081828,0.037304975,0.4,0.0,0.47038588,0.26128423,0.80919886,0.009597057,0.4,0.0,0.39726093,0.037034776
375316653866487564,4090439991383130880,0.6509803,2218.196502691918,0.8781379207317618,5.23089E-6,17.3241,0.0049396325,0.1958667,0.0020668828,0.04481739,0.0039629154,0.16637562,0.01939626,0.7036203,0.008009656,0.06223758,0.018374225,0.22351529,0.042003542,0.08061844,0.0071221204,0.1958667,0.0020668828,"TWOGAUSSIANS_WITH_ELLIPSOIDAL_ON_ECLIPSE1",9,2.1642284,0.7036203,0.007991725,0.34853044,0.10289566,0.38432765,0.04108882,0.1958667,0.0020668828,0.2509774,0.022192327,0.32757035,0.017732026
