Gaia/vari_eclipsing_binary/VariEclipsingBinary_483690-483714.csv
# %ECSV 1.0
# ---
# delimiter: ','
# meta: !!omap
# - RELEASE: Gaia DR3
# - TABLE: vari_eclipsing_binary
# - DESCRIPTION: >
#     This table describes the properties of the eclipsing binaries resulting from the variability analysis. 
# - CITATION: >
#     How to cite and acknowledge Gaia: 
#     https://gea.esac.esa.int/archive/documentation/credits.html 
# - KNOWN_ISSUES: >
#     Known issues: 
#     https://www.cosmos.esa.int/web/gaia-users/known-issues 
# - DOCUMENTATION: >
#     Tutorials and documentation: 
#     https://www.cosmos.esa.int/web/gaia-users/archive 
# datatype:
# - 
#   name: solution_id
#   datatype: int64
#   description: Solution Identifier
#   meta:
#     ucd: meta.version
# - 
#   name: source_id
#   datatype: int64
#   description: Unique source identifier
#   meta:
#     ucd: meta.id;meta.main
# - 
#   name: global_ranking
#   datatype: float32
#   description: Number between 0 (worst) and 1 (best)
#   meta:
#     ucd: stat.param
# - 
#   name: reference_time
#   datatype: float64
#   unit: d
#   description: Reference time used for the geometric model fit
#   meta:
#     ucd: time.epoch
# - 
#   name: frequency
#   datatype: float64
#   unit: d**-1
#   description: Frequency of geometric model of the eclipsing binary light curve
#   meta:
#     ucd: src.orbital
# - 
#   name: frequency_error
#   datatype: float32
#   unit: d**-1
#   description: "Uncertainty of \\texttt{frequency}"
#   meta:
#     ucd: stat.error
# - 
#   name: geom_model_reference_level
#   datatype: float32
#   unit: mag
#   description: Magnitude reference level of geometric model
#   meta:
#     ucd: phot.mag;em.opt
# - 
#   name: geom_model_reference_level_error
#   datatype: float32
#   unit: mag
#   description: "Uncertainty of \\texttt{geomModelReferenceLevel}"
#   meta:
#     ucd: stat.error;phot.mag;em.opt
# - 
#   name: geom_model_gaussian1_phase
#   datatype: float32
#   description: Phase of the Gaussian 1 component
#   meta:
#     ucd: time.phase
# - 
#   name: geom_model_gaussian1_phase_error
#   datatype: float32
#   description: "Uncertainty of \\texttt{geomModelGaussian1Phase}"
#   meta:
#     ucd: stat.error;time.phase
# - 
#   name: geom_model_gaussian1_sigma
#   datatype: float32
#   description: "Standard deviation [phase] of Gaussian 1 component"
#   meta:
#     ucd: stat.stdev
# - 
#   name: geom_model_gaussian1_sigma_error
#   datatype: float32
#   description: "Uncertainty of \\texttt{geomModelGaussian1Sigma}"
#   meta:
#     ucd: stat.error
# - 
#   name: geom_model_gaussian1_depth
#   datatype: float32
#   unit: mag
#   description: Magnitude depth of Gaussian 1 component
#   meta:
#     ucd: src.var.amplitude
# - 
#   name: geom_model_gaussian1_depth_error
#   datatype: float32
#   unit: mag
#   description: "Uncertainty of \\texttt{geomModelGaussian1Depth}"
#   meta:
#     ucd: stat.error;src.var.amplitude
# - 
#   name: geom_model_gaussian2_phase
#   datatype: float32
#   description: Phase of Gaussian 2 component
#   meta:
#     ucd: time.phase
# - 
#   name: geom_model_gaussian2_phase_error
#   datatype: float32
#   description: "Uncertainty of \\texttt{geomModelGaussian2Phase}"
#   meta:
#     ucd: stat.error;time.phase
# - 
#   name: geom_model_gaussian2_sigma
#   datatype: float32
[...]
#   datatype: float32
#   description: "Secondary eclipse: uncertainty of \\texttt{derivedSecondaryEclDuration}"
#   meta:
#     ucd: stat.error;time.duration
# - 
#   name: derived_secondary_ecl_depth
#   datatype: float32
#   unit: mag
#   description: "Secondary eclipse: depth"
#   meta:
#     ucd: src.var.amplitude
# - 
#   name: derived_secondary_ecl_depth_error
#   datatype: float32
#   unit: mag
#   description: "Secondary eclipse: uncertainty of \\texttt{derivedSecondaryEclDepth}"
#   meta:
#     ucd: stat.error;src.var.amplitude
solution_id,source_id,global_ranking,reference_time,frequency,frequency_error,geom_model_reference_level,geom_model_reference_level_error,geom_model_gaussian1_phase,geom_model_gaussian1_phase_error,geom_model_gaussian1_sigma,geom_model_gaussian1_sigma_error,geom_model_gaussian1_depth,geom_model_gaussian1_depth_error,geom_model_gaussian2_phase,geom_model_gaussian2_phase_error,geom_model_gaussian2_sigma,geom_model_gaussian2_sigma_error,geom_model_gaussian2_depth,geom_model_gaussian2_depth_error,geom_model_cosine_half_period_amplitude,geom_model_cosine_half_period_amplitude_error,geom_model_cosine_half_period_phase,geom_model_cosine_half_period_phase_error,model_type,num_model_parameters,reduced_chi2,derived_primary_ecl_phase,derived_primary_ecl_phase_error,derived_primary_ecl_duration,derived_primary_ecl_duration_error,derived_primary_ecl_depth,derived_primary_ecl_depth_error,derived_secondary_ecl_phase,derived_secondary_ecl_phase_error,derived_secondary_ecl_duration,derived_secondary_ecl_duration_error,derived_secondary_ecl_depth,derived_secondary_ecl_depth_error
[from data line 226]
375316653866487564,4254663773870868864,0.5479766,2201.4504635496755,1.3023019668255398,8.453422E-6,18.386778,0.020699693,0.2145385,0.0125520555,0.09207822,0.015992926,0.26030743,0.02490892,0.7251981,0.0029308884,0.094984256,0.008309597,0.21915555,0.019247336,null,null,null,null,"TWOGAUSSIANS",8,1.9039263,0.2145385,0.0125520555,0.4,0.0,0.2488275,0.019341037,0.7251981,0.0029308884,0.4,0.0,0.20767537,0.009642167
375316653866487564,4254664117468451840,0.51775575,2152.728490766334,4.548936260610511,1.684169E-4,19.40532,0.012534307,0.30387285,0.09317093,0.09460805,0.10344098,0.4221981,0.4665827,0.1488302,0.049331527,0.039812524,0.039324295,0.40952855,0.49666157,null,null,null,null,"TWOGAUSSIANS",8,7.271989,0.15704021,0.045850072,0.22295013,0.22021604,0.5275215,0.29001862,0.30342287,0.09288286,0.4,0.31782296,0.42241046,0.46835458
375316653866487564,4254664254907281280,0.54235846,2202.6598462670313,0.11325101159416535,2.6638894E-5,19.823282,0.12155638,0.18530549,0.010489113,0.08277078,0.022259125,0.75342464,0.14073065,0.63754064,0.013936403,0.058703095,0.017344225,0.6345811,0.12648699,null,null,null,null,"TWOGAUSSIANS",8,5.242113,0.18530549,0.010489113,0.4,0.0,0.7526564,0.13696907,0.63754064,0.013936403,0.32873732,0.0845826,0.633813,0.11838837
375316653866487564,4254664289266949632,0.5306029,2239.215794604566,1.2836630375056548,6.072107E-5,18.291142,0.006565266,0.26452804,0.024303205,0.04546805,0.021412315,0.28031018,0.026800312,0.71497285,0.12773708,0.072833285,0.0656852,0.093224816,0.82395357,null,null,null,null,"TWOGAUSSIANS",8,5.3885665,0.26452804,0.024303205,0.2546211,0.11990896,0.28030455,0.02680297,0.71497285,0.12773708,0.4,0.3340578,0.09321918,0.82396257
375316653866487564,4254664357986469504,0.5732503,2231.387733865065,2.809023413292216,1.6836422E-5,17.738043,0.016874433,0.25007385,0.0056405966,0.08342737,0.008351799,0.40538773,0.051881194,0.7392757,0.0042359727,0.07541747,0.0056144795,0.32680154,0.02353807,null,null,null,null,"TWOGAUSSIANS",8,6.9304647,0.25007385,0.0056405966,0.4,0.0,0.40123445,0.0529013,0.7392757,0.0042359727,0.4,0.0,0.3226483,0.022513757
375316653866487564,4254665079541523200,0.5614524,2166.7293872912433,2.6120580569079563,1.9486506E-5,18.375162,0.028418917,0.3117625,0.005018574,0.0992202,0.00851761,0.4233272,0.029379277,0.8094633,0.004590364,0.10325506,0.012492393,0.38774997,0.022326203,null,null,null,null,"TWOGAUSSIANS",8,2.7613335,0.3117625,0.0050190925,0.4,0.0,0.38604012,0.011812162,0.8094633,0.004590364,0.4,0.0,0.3504592,0.022501623
375316653866487564,4254665251340001408,0.57123905,2230.764396879001,3.3167061225914907,1.5857715E-5,19.399582,0.024157595,0.18912527,0.008523978,0.059183877,0.009747043,0.69719666,0.06014282,0.6950029,0.0034472973,0.070937924,0.009724934,0.6150954,0.09255227,null,null,null,null,"TWOGAUSSIANS",8,3.0751069,0.18912527,0.008523978,0.33142972,0.05458344,0.69651943,0.060439415,0.6950029,0.0034472973,0.39725238,0.029339023,0.61441815,0.09346691
375316653866487564,4254666419619204480,0.43374953,2224.6776009603727,4.639059023818181,5.5105214E-5,18.921278,0.013263919,0.17145401,0.006106112,0.07109369,0.010497702,0.4656935,0.5043385,null,null,null,null,null,null,null,null,null,null,"ONEGAUSSIAN",5,5.411011,0.17145401,0.006106112,0.39812467,0.052938357,0.4656935,0.0,null,null,null,null,null,null
375316653866487564,4254666999392809216,0.5271927,2169.345798618276,1.6294719263627508,1.4362237E-4,18.768608,0.01724999,0.29033527,6.989715E-4,0.052886724,0.0027824044,0.75968844,0.017941775,null,null,null,null,null,null,null,null,null,null,"ONEGAUSSIAN",5,3.6497066,0.29033527,6.989715E-4,0.29616567,0.015581465,0.75968844,0.0,null,null,null,null,null,null
375316653866487564,4254668137558376320,0.5299826,2141.9435951058886,3.0064323059638887,2.4772273E-5,18.755756,0.008609039,0.18896112,0.004906993,0.043151397,0.021566024,0.012082009,0.019771878,null,null,null,null,null,null,0.15749246,0.008671904,0.18896112,0.004906993,"ONEGAUSSIAN_WITH_ELLIPSOIDAL",6,6.3337374,0.18896112,0.004906993,0.24164782,0.12076973,0.3270669,0.013995693,null,null,null,null,null,null
375316653866487564,4254668756033794688,0.47822246,2189.008769581233,0.40808968148897334,1.0576753E-4,19.538555,0.02932978,0.08582757,0.021911576,0.031263262,0.01862491,0.08286315,0.027112782,0.7199578,0.01991319,0.14239356,0.037497874,0.20618749,0.026134584,null,null,null,null,"TWOGAUSSIANS",8,1.5488675,0.7199578,0.01991319,0.4,0.0,0.2053134,0.023634808,0.08416756,0.020939667,0.17507428,0.10429949,0.08970992,0.033846397
375316653866487564,4254668859152015360,0.6254162,2171.8241805071157,2.9681047992493643,1.5329515E-5,17.537537,0.051751174,0.25737807,0.0062983828,0.04858399,0.024563966,0.48881933,0.107768364,0.7578776,0.0077789095,0.044500835,0.01544947,0.4225327,0.08180083,0.13129155,0.060305033,0.25737807,0.0062983828,"TWOGAUSSIANS_WITH_ELLIPSOIDAL_ON_ECLIPSE1",9,9.602112,0.25737807,0.0062983828,0.27207035,0.1375582,0.75140136,0.18539245,0.7578776,0.0071072783,0.24920468,0.086517036,0.6851122,0.119570985
375316653866487564,4254669718145507968,0.59776586,2184.018249252578,2.072169921115213,1.6888122E-5,15.474662,0.0039946646,0.735435,0.002205641,0.050037753,0.0042455527,0.15032898,0.011300329,null,null,null,null,null,null,0.06031803,0.004533604,0.735435,0.002205641,"ONEGAUSSIAN_WITH_ELLIPSOIDAL",6,21.450783,0.735435,0.002205641,0.28021142,0.023775095,0.27096444,0.0092437975,null,null,null,null,null,null
375316653866487564,4254669924265317376,0.5593263,2195.0353201686285,2.7791267688907255,1.4883304E-5,19.47403,0.019433832,0.26544785,0.006788351,0.07330891,0.007430581,0.54144084,0.031218117,0.74094474,4.0869278E-4,0.04451695,0.0024702307,1.4588628,0.14649086,null,null,null,null,"TWOGAUSSIANS",8,4.238592,0.74094474,4.0869278E-4,0.24929494,0.013833291,1.4587878,0.14657445,0.26544785,0.006788351,0.4,0.003059898,0.5413658,0.03120429
375316653866487564,4254670405341197440,0.47776058,2183.2090388722977,2.6123147874175694,6.106359E-5,16.140408,0.04085029,0.3283862,0.0188764,0.17890944,0.057241596,0.15857457,0.034178555,0.7278738,0.022686556,0.07151125,0.028884253,0.07798725,0.033987805,null,null,null,null,"TWOGAUSSIANS",8,45.374653,0.3283862,0.0188764,0.4,0.0,0.14444199,0.02104558,0.7278738,0.022686556,0.4,0.12759835,0.077530846,0.035509992
375316653866487564,4254670847683401088,0.6472884,2214.3444568062887,2.96892191648266,1.2049015E-5,18.010506,0.008325692,0.2436451,0.0015094624,0.06073799,0.0014877843,0.73769313,0.013319568,0.75102055,0.0031172854,0.06695817,0.0030918515,0.5599675,0.026519515,null,null,null,null,"TWOGAUSSIANS",8,5.4457827,0.2436451,0.0015094624,0.34013274,0.008331592,0.7372177,0.013255879,0.75102055,0.0031172854,0.37496573,0.017314369,0.5594922,0.026538225
375316653866487564,4254670882038005632,0.6421871,2203.0920449214477,3.01954771786317,1.0911734E-5,16.709305,0.020878082,0.28320357,0.011552985,0.03965663,0.01902555,0.32278678,0.04305992,0.7793326,0.0048284107,0.045904346,0.0063473256,0.2759936,0.040447094,0.111530125,0.02043852,0.28320357,0.011552985,"TWOGAUSSIANS_WITH_ELLIPSOIDAL_ON_ECLIPSE1",9,20.89014,0.28320357,0.011552985,0.22207715,0.10654308,0.5458467,0.036115766,0.77979255,0.003885128,0.25706434,0.03554502,0.4989372,0.013595594
375316653866487564,4254671195580690432,0.54747635,2187.1827269193896,3.081975422450085,4.0717965E-5,19.212324,0.06170292,0.32305297,0.009580887,0.09255424,0.018778078,0.58246076,0.061577227,0.82095224,0.008630098,0.08841561,0.014082529,0.52078253,0.07046586,null,null,null,null,"TWOGAUSSIANS",8,3.9470963,0.32305297,0.009580887,0.4,0.0,0.5589736,0.033350833,0.82095224,0.008630098,0.4,0.0,0.49729583,0.06207036
375316653866487564,4254671466153411584,0.658261,2205.7681863364396,1.4608416161916948,7.0819897E-6,15.884104,0.006777732,0.25968665,0.001328276,0.08681791,0.003071139,0.288939,0.0064713215,0.7559003,0.0020085897,0.09527137,0.002999121,0.254761,0.0069748047,null,null,null,null,"TWOGAUSSIANS",8,5.3090863,0.25968665,0.001328276,0.4,0.0,0.27718478,0.0050652004,0.7559003,0.0020085897,0.4,0.0,0.2430063,0.0042668935
375316653866487564,4254671607898560512,0.50858885,2211.9875202871704,3.0621607392896593,6.673477E-5,17.378254,0.016663564,0.28895554,0.013082329,0.034849912,0.03776954,0.363375,179027.38,0.81209725,0.014319945,0.06421356,0.015531575,0.28511322,0.09856819,0.07640091,0.023446923,0.28895554,0.013082329,"TWOGAUSSIANS_WITH_ELLIPSOIDAL_ON_ECLIPSE1",9,29.944052,0.28895554,0.013082329,0.1951595,0.21150942,0.51614314,179027.39,0.81209725,0.014319945,0.35959595,0.06641912,0.4346735,0.10020656
375316653866487564,4254671745337476096,0.59659153,2198.443753564292,0.2053736853867509,3.5850193E-5,17.359781,0.0035211642,0.12581043,0.001345042,0.025157152,0.0010550602,1.2272329,0.10398629,0.6366374,0.014801044,0.020374216,0.024253048,2.8777835,3.670032,null,null,null,null,"TWOGAUSSIANS",8,10.916171,0.6366374,0.014801044,0.11409561,0.13581707,2.8777835,3.670032,0.12581043,0.001345042,0.14088005,0.0059083374,1.2272329,0.10398629
375316653866487564,4254672123294551168,0.5854889,2184.985465287256,2.9386184450268833,1.8554638E-5,18.864141,0.016324824,0.2655077,0.008753233,0.0776331,0.008571525,0.45771432,0.03523336,0.7582219,0.0061114742,0.08027502,0.0071917335,0.44361585,0.018285709,null,null,null,null,"TWOGAUSSIANS",8,2.7932475,0.2655077,0.008753233,0.4,0.0,0.452543,0.035243496,0.7582219,0.0061114742,0.4,0.0,0.43844455,0.016377237
375316653866487564,4254672466890884608,0.55939615,2194.4587245060725,1.6079707956773555,5.9786464E-5,18.603947,0.030485956,0.29908952,0.105750725,0.041715976,0.07690121,0.78665423,0.67520463,0.7540916,0.06874271,0.04438496,0.03143691,0.355416,0.24267288,null,null,null,null,"TWOGAUSSIANS",8,10.40181,0.29908952,0.105750725,0.23360947,0.2180612,0.78665423,0.6767718,0.7540916,0.06874506,0.24855578,0.1760467,0.355416,0.24223797
375316653866487564,4254673252860050816,0.5784715,2258.240077678196,2.7203456734810474,8.3835475E-6,17.487614,0.0073523815,0.246954,0.0044032945,0.0832069,0.005798748,0.18926781,0.013541236,0.7233531,0.012072469,0.08779261,0.009294727,0.20975986,0.015831828,null,null,null,null,"TWOGAUSSIANS",8,1.9878469,0.7233531,0.012072469,0.4,0.0,0.20608777,0.01415812,0.246954,0.0044032945,0.4,0.0,0.1855958,0.0131484
375316653866487564,4254673459017427968,0.46027082,2248.1482776754106,0.14531269771197547,6.0568997E-5,17.727703,0.0030245993,0.3130863,0.009044859,0.05325944,0.009250764,0.1573591,0.05593791,0.81834483,0.024973702,0.028681174,0.020374788,0.13439485,0.0765948,null,null,null,null,"TWOGAUSSIANS",8,7.9918294,0.3130863,0.009044859,0.29825288,0.051804274,0.1573591,0.055937912,0.81834483,0.024973702,0.16061458,0.11409881,0.13439485,0.07659481
375316653866487564,4254673493383516928,0.544844,2183.774015697493,1.4845353392986746,4.0305025E-5,18.694824,0.01659858,0.2973784,0.029616976,0.03816567,0.026701653,0.3973854,0.13582647,0.8391796,0.009145208,0.072546914,0.010224292,0.41315046,0.025166476,null,null,null,null,"TWOGAUSSIANS",8,3.9585102,0.8391796,0.009145208,0.4,0.020718243,0.41314557,0.025062623,0.2973784,0.029616976,0.21372776,0.14952926,0.3973805,0.13614462
375316653866487564,4254674081799158528,0.5938079,2268.8641636173224,0.9204650405806878,8.285336E-6,17.689598,0.007017318,0.34316692,0.0018892441,0.03605623,0.0029032943,0.53763247,0.052349586,0.8418606,0.002711667,0.035175405,0.0015563788,0.65591687,0.022157127,null,null,null,null,"TWOGAUSSIANS",8,10.341487,0.8418606,0.002711667,0.19698226,0.008715721,0.65591687,0.022157127,0.34316692,0.0018892441,0.2019149,0.016258448,0.53763247,0.052349586
375316653866487564,4254675245724696832,0.53564036,2236.5487027044232,2.2248825359125033,2.3018492E-5,17.779741,0.044627987,0.15053025,0.008089941,0.097374626,0.017025733,0.2416336,0.041653432,0.6596387,0.00939425,0.09259535,0.024103351,0.23075801,0.036137972,null,null,null,null,"TWOGAUSSIANS",8,7.675007,0.15053025,0.008088363,0.4,0.0,0.22861025,0.0201253,0.6596387,0.009404319,0.4,0.0,0.21773542,0.019801645
375316653866487564,4254675524909807360,0.54919434,2211.5103666360046,2.660080670520473,3.591855E-5,18.463339,0.012104828,0.21319644,0.002543617,0.079232596,0.006498607,0.22834322,0.012276072,0.7948935,6.891939E-6,0.004073664,1.6664523E-4,1.0337903,0.074983016,null,null,null,null,"TWOGAUSSIANS",8,2.831946,0.7948935,6.891939E-6,0.02281252,9.3321333E-4,1.0337906,0.0749822,0.21319644,0.002543617,0.4,0.0,0.2283432,0.012276066
375316653866487564,4254675692401273344,0.48407713,2219.0836431627404,0.4158466037391547,1.170027E-5,16.880842,0.025982684,0.38010848,0.0520232,0.047368303,0.06051024,0.13590844,0.07681003,0.2400496,0.006494034,0.022625843,0.004118345,0.5526024,0.07901263,null,null,null,null,"TWOGAUSSIANS",8,167.22568,0.2401496,0.0065231635,0.12670472,0.023062734,0.5543248,0.07713802,0.38010848,0.0520232,0.2652625,0.25341442,0.13590845,0.0768101
375316653866487564,4254675864205422208,0.41956294,2250.481709740485,0.520004344678549,8.581399E-5,18.582521,0.057667818,null,null,null,null,null,null,null,null,null,null,null,null,0.11934712,0.07937734,0.24186905,0.011840986,"ELLIPSOIDAL",4,54.87724,null,null,null,null,null,null,null,null,null,null,null,null
375316653866487564,4254676005947130880,0.5065297,2251.245527327103,0.2268199789867918,2.7657574E-5,19.861135,0.0082443375,0.31677085,0.00873694,0.079383954,0.0082362,0.5284068,0.1060993,0.73833114,0.065655515,0.037782174,0.034749504,0.09128126,0.09801173,null,null,null,null,"TWOGAUSSIANS",8,2.1504893,0.31677085,0.00873694,0.4,0.0,0.52840394,0.106101975,0.73833114,0.065655515,0.21158017,0.19459723,0.0912788,0.098013684
375316653866487564,4254676177745948800,0.548054,2202.104501877945,3.735819621385796,1.3554442E-5,19.24007,0.015115542,0.22367142,0.004572815,0.07740001,0.004497448,0.5357085,0.026977206,0.71447885,0.0076411013,0.06959331,0.0134133035,0.62670857,0.1570466,null,null,null,null,"TWOGAUSSIANS",8,3.1841679,0.71447885,0.0076411013,0.38972253,0.017672285,0.6238534,0.16238916,0.22367142,0.004572815,0.4,0.0,0.5328533,0.026571529
375316653866487564,4254676349576365952,0.6434526,2211.723701974818,1.333446762543105,2.0566004E-5,17.37112,0.011234162,0.25617304,0.0037902612,0.083197445,0.003681963,0.48053113,0.012933648,0.7631529,0.007230704,0.09848712,0.01141788,0.22147146,0.012224753,null,null,null,null,"TWOGAUSSIANS",8,3.3886766,0.25617304,0.0037902612,0.4,0.0,0.4679125,0.008946749,0.7631529,0.007230704,0.4,0.0,0.20885165,0.009373562
375316653866487564,4254676826278127360,0.5408176,2200.690399622842,1.144670994734047,1.7829333E-4,18.613214,0.009856571,0.2580842,0.026331887,0.06440217,0.020009195,0.055159163,0.011323463,0.6731266,0.1286768,0.07131106,0.065224506,1.0037407,6.2447696E7,null,null,null,null,"TWOGAUSSIANS",8,3.4171445,0.6731266,0.1286768,0.3993419,0.36133555,1.0036964,6.2447696E7,0.2580842,0.026331887,0.36065215,0.0877157,0.05511499,0.011250858
375316653866487564,4254677650905301248,0.63824105,2271.698408132144,1.6362241786147471,4.541808E-6,17.03546,0.0043745437,0.12873149,0.0022779945,0.082921885,0.0034369072,0.21072768,0.0046217977,0.6213961,0.0017137385,0.08620844,0.0038875048,0.14342698,0.0041603455,null,null,null,null,"TWOGAUSSIANS",8,1.2500515,0.12873149,0.0022779945,0.4,0.0,0.20688683,0.004021263,0.6213961,0.0017137385,0.4,0.0,0.13958614,0.003189247
375316653866487564,4254678101923015936,0.5073773,2204.7145048517064,0.10940096129379363,3.8003196E-5,19.402958,0.23223436,0.22025158,0.0059231143,0.09359297,0.038384728,0.31684402,0.21892902,0.75927097,0.022580186,0.104540214,0.053327713,0.26432627,0.23469472,null,null,null,null,"TWOGAUSSIANS",8,2.7427175,0.22023156,0.0051286933,0.4,0.0,0.3026736,0.07953565,0.75927097,0.02266386,0.4,0.0,0.25014132,0.1012298
