Gaia/vari_eclipsing_binary/VariEclipsingBinary_460496-460506.csv
# %ECSV 1.0
# ---
# delimiter: ','
# meta: !!omap
# - RELEASE: Gaia DR3
# - TABLE: vari_eclipsing_binary
# - DESCRIPTION: >
#     This table describes the properties of the eclipsing binaries resulting from the variability analysis. 
# - CITATION: >
#     How to cite and acknowledge Gaia: 
#     https://gea.esac.esa.int/archive/documentation/credits.html 
# - KNOWN_ISSUES: >
#     Known issues: 
#     https://www.cosmos.esa.int/web/gaia-users/known-issues 
# - DOCUMENTATION: >
#     Tutorials and documentation: 
#     https://www.cosmos.esa.int/web/gaia-users/archive 
# datatype:
# - 
#   name: solution_id
#   datatype: int64
#   description: Solution Identifier
#   meta:
#     ucd: meta.version
# - 
#   name: source_id
#   datatype: int64
#   description: Unique source identifier
#   meta:
#     ucd: meta.id;meta.main
# - 
#   name: global_ranking
#   datatype: float32
#   description: Number between 0 (worst) and 1 (best)
#   meta:
#     ucd: stat.param
# - 
#   name: reference_time
#   datatype: float64
#   unit: d
#   description: Reference time used for the geometric model fit
#   meta:
#     ucd: time.epoch
# - 
#   name: frequency
#   datatype: float64
#   unit: d**-1
#   description: Frequency of geometric model of the eclipsing binary light curve
#   meta:
#     ucd: src.orbital
# - 
#   name: frequency_error
#   datatype: float32
#   unit: d**-1
#   description: "Uncertainty of \\texttt{frequency}"
#   meta:
#     ucd: stat.error
# - 
#   name: geom_model_reference_level
#   datatype: float32
#   unit: mag
#   description: Magnitude reference level of geometric model
#   meta:
#     ucd: phot.mag;em.opt
# - 
#   name: geom_model_reference_level_error
#   datatype: float32
#   unit: mag
#   description: "Uncertainty of \\texttt{geomModelReferenceLevel}"
#   meta:
#     ucd: stat.error;phot.mag;em.opt
# - 
#   name: geom_model_gaussian1_phase
#   datatype: float32
#   description: Phase of the Gaussian 1 component
#   meta:
#     ucd: time.phase
# - 
#   name: geom_model_gaussian1_phase_error
#   datatype: float32
#   description: "Uncertainty of \\texttt{geomModelGaussian1Phase}"
#   meta:
#     ucd: stat.error;time.phase
# - 
#   name: geom_model_gaussian1_sigma
#   datatype: float32
#   description: "Standard deviation [phase] of Gaussian 1 component"
#   meta:
#     ucd: stat.stdev
# - 
#   name: geom_model_gaussian1_sigma_error
#   datatype: float32
#   description: "Uncertainty of \\texttt{geomModelGaussian1Sigma}"
#   meta:
#     ucd: stat.error
# - 
#   name: geom_model_gaussian1_depth
#   datatype: float32
#   unit: mag
#   description: Magnitude depth of Gaussian 1 component
#   meta:
#     ucd: src.var.amplitude
# - 
#   name: geom_model_gaussian1_depth_error
#   datatype: float32
#   unit: mag
#   description: "Uncertainty of \\texttt{geomModelGaussian1Depth}"
#   meta:
#     ucd: stat.error;src.var.amplitude
# - 
#   name: geom_model_gaussian2_phase
#   datatype: float32
#   description: Phase of Gaussian 2 component
#   meta:
#     ucd: time.phase
# - 
#   name: geom_model_gaussian2_phase_error
#   datatype: float32
#   description: "Uncertainty of \\texttt{geomModelGaussian2Phase}"
#   meta:
#     ucd: stat.error;time.phase
# - 
#   name: geom_model_gaussian2_sigma
#   datatype: float32
[...]
#   datatype: float32
#   description: "Secondary eclipse: uncertainty of \\texttt{derivedSecondaryEclDuration}"
#   meta:
#     ucd: stat.error;time.duration
# - 
#   name: derived_secondary_ecl_depth
#   datatype: float32
#   unit: mag
#   description: "Secondary eclipse: depth"
#   meta:
#     ucd: src.var.amplitude
# - 
#   name: derived_secondary_ecl_depth_error
#   datatype: float32
#   unit: mag
#   description: "Secondary eclipse: uncertainty of \\texttt{derivedSecondaryEclDepth}"
#   meta:
#     ucd: stat.error;src.var.amplitude
solution_id,source_id,global_ranking,reference_time,frequency,frequency_error,geom_model_reference_level,geom_model_reference_level_error,geom_model_gaussian1_phase,geom_model_gaussian1_phase_error,geom_model_gaussian1_sigma,geom_model_gaussian1_sigma_error,geom_model_gaussian1_depth,geom_model_gaussian1_depth_error,geom_model_gaussian2_phase,geom_model_gaussian2_phase_error,geom_model_gaussian2_sigma,geom_model_gaussian2_sigma_error,geom_model_gaussian2_depth,geom_model_gaussian2_depth_error,geom_model_cosine_half_period_amplitude,geom_model_cosine_half_period_amplitude_error,geom_model_cosine_half_period_phase,geom_model_cosine_half_period_phase_error,model_type,num_model_parameters,reduced_chi2,derived_primary_ecl_phase,derived_primary_ecl_phase_error,derived_primary_ecl_duration,derived_primary_ecl_duration_error,derived_primary_ecl_depth,derived_primary_ecl_depth_error,derived_secondary_ecl_phase,derived_secondary_ecl_phase_error,derived_secondary_ecl_duration,derived_secondary_ecl_duration_error,derived_secondary_ecl_depth,derived_secondary_ecl_depth_error
[from data line 301]
375316653866487564,4050584962591794304,0.5615695,2316.0262275883047,0.07317009045293754,3.4565284E-5,18.426096,0.13814953,0.31318134,0.0085081225,0.107317984,0.022913326,0.5662773,0.13208051,0.811797,0.0021794597,0.12710147,0.027592003,0.5113698,0.13030723,null,null,null,null,"TWOGAUSSIANS",8,4.131832,0.31319135,0.008562033,0.4,0.0,0.45857242,0.031089092,0.811797,0.0021794597,0.4,0.0,0.40324047,0.022243358
375316653866487564,4050585134390792448,0.4602434,2286.416761969361,0.9323965147553549,5.0480816E-5,18.980824,0.049755245,0.19419247,0.030357473,0.13320728,0.027141495,0.14404531,0.052872583,0.7069728,0.0041572363,0.07466494,0.019592829,0.22420534,0.03847042,null,null,null,null,"TWOGAUSSIANS",8,3.482357,0.70703274,0.004157353,0.4,0.07057067,0.20933293,0.030184856,0.19419247,0.030357473,0.4,0.0,0.12890634,0.040767968
375316653866487564,4050585134390883584,0.52975905,2276.6885716371935,1.2107181172668722,1.5416677E-5,16.794912,0.3508128,0.29010072,0.013899371,0.14904127,0.10728665,0.2699558,0.3269603,0.81373656,0.009521112,0.122173205,0.03466123,0.39928356,0.29817408,null,null,null,null,"TWOGAUSSIANS",8,18.998655,0.81457657,0.005532196,0.4,0.0,0.303623,0.020075956,0.28969073,0.012823234,0.4,0.0,0.17233105,0.030163603
375316653866487564,4050585237469658880,0.44301495,2340.0110620330966,3.87712289020725,3.9011284E-5,18.51944,0.022394402,0.18302782,0.030206596,0.050172947,0.021192212,0.3075425,0.35475904,0.6705329,0.009088066,0.09532053,0.015802259,0.20130883,0.046505213,null,null,null,null,"TWOGAUSSIANS",8,3.1992412,0.18302782,0.030206596,0.28096852,0.11867639,0.30665565,0.35490283,0.6705329,0.009088066,0.4,0.0,0.20042144,0.046454463
375316653866487564,4050585237469674112,0.5156364,2302.3605566845467,0.2859774358636896,3.7796708E-5,19.20427,0.15599278,0.30848014,0.008176499,0.105421215,0.08283124,0.22962017,0.10676322,0.79562694,0.01634629,0.094136186,0.026542583,0.3032574,0.12794015,null,null,null,null,"TWOGAUSSIANS",8,1.8697648,0.79562694,0.01634629,0.4,0.0,0.2840912,0.038543455,0.30848014,0.008158283,0.4,0.0,0.21044756,0.05440682
375316653866487564,4050585310427604608,0.44596034,2300.8764778937766,2.2142772299423945,6.715443E-6,17.197771,0.0044882004,0.16600685,0.002960762,0.010051265,0.0027835392,0.603134,1.1584265,0.77439207,0.073747754,0.06210622,0.051664185,0.027863204,0.015832024,null,null,null,null,"TWOGAUSSIANS",8,6.409999,0.16600685,0.002960762,0.056287084,0.01558782,0.603134,1.1584245,0.77439207,0.073747754,0.34779483,0.22108686,0.027863204,0.015832046
375316653866487564,4050585379192962560,0.4677529,2242.7344062259217,0.4707428602349007,1.8015614E-4,18.84776,0.12249478,0.18242706,0.013707496,0.069907114,0.028241053,0.2074785,0.1051912,0.6401172,0.015856195,0.14668868,0.03527859,0.4781941,0.123375006,null,null,null,null,"TWOGAUSSIANS",8,8.895633,0.6401172,0.015856195,0.4,0.0,0.44833806,0.06554239,0.18403706,0.01478374,0.39147985,0.096411936,0.18186766,0.06058823
375316653866487564,4050585379193004416,0.5613616,2319.1635710989117,0.8135165801201201,1.243821E-5,16.80002,0.019618304,0.1588485,0.0042902525,0.072758734,0.008446578,0.21693285,0.018635359,0.6561095,0.016712666,0.074584164,0.02127891,0.20398867,0.02413311,null,null,null,null,"TWOGAUSSIANS",8,12.061848,0.1588485,0.0042902525,0.4,0.01454536,0.21568608,0.016502172,0.6561095,0.016712666,0.4,0.06737012,0.2027419,0.022948682
375316653866487564,4050585443605628160,0.48385048,2292.6003476616693,1.0160217122665691,2.6929287E-5,17.593187,0.011441661,0.2689277,0.021325734,0.06564475,0.02608951,0.06592524,0.011297252,0.77980095,0.011107564,0.09942267,0.019316278,0.1051131,0.013321936,null,null,null,null,"TWOGAUSSIANS",8,3.821151,0.77980095,0.011107564,0.4,0.0,0.10369087,0.012747613,0.2689277,0.021336466,0.36761057,0.1004852,0.06450379,0.009633453
375316653866487564,4050585482329182208,0.45833284,2172.484123973493,0.2996024656338161,1.06780826E-4,19.128523,0.014560347,0.27145913,0.04770865,0.050084174,0.02622043,0.35977784,0.21620846,0.73283255,0.07357209,0.06376169,0.057028685,0.09287707,0.038096294,null,null,null,null,"TWOGAUSSIANS",8,3.2607362,0.27145913,0.04770865,0.28047138,0.1468344,0.35977328,0.21620822,0.73283255,0.07357209,0.35706547,0.22824262,0.09287252,0.037892684
375316653866487564,4050585512348248576,0.53216434,2278.300122828588,2.2938257419017956,2.7720043E-5,18.452433,0.014649248,0.3077534,0.00943971,0.080841914,0.013723134,0.24275547,0.017815672,0.8038033,0.00367564,0.09387694,0.0075330925,0.23047237,0.016692765,null,null,null,null,"TWOGAUSSIANS",8,3.539336,0.3077534,0.00943971,0.4,0.0,0.23541021,0.016637761,0.8038033,0.00367564,0.4,0.0,0.2231268,0.013098969
375316653866487564,4050585581033901568,0.54423404,2318.9265798694664,0.9267334984039746,2.1031015E-5,17.495464,0.008972258,0.22917774,3.508563E-4,0.014529593,5.969259E-4,1.7509017,0.19554746,null,null,null,null,null,null,0.02457246,0.011143644,0.22917774,3.508563E-4,"ONEGAUSSIAN_WITH_ELLIPSOIDAL",6,23.274277,0.22917774,3.508563E-4,0.08136572,0.0033427852,1.8000466,0.20408496,null,null,null,null,null,null
375316653866487564,4050585615427789696,0.4540687,2282.1238779753758,2.2673317133830175,2.3350382E-5,18.759336,0.012892304,0.21894735,0.05280475,0.041024063,0.031080374,0.33370125,0.18174617,0.049703967,0.013257883,0.025209717,0.012369471,0.1031512,0.033191267,null,null,null,null,"TWOGAUSSIANS",8,3.5734627,0.21894735,0.05280475,0.22973476,0.1740501,0.33370125,0.18174593,0.049743965,0.013292488,0.14117442,0.06926904,0.103218585,0.033847447
375316653866487564,4050585684113204096,0.47186643,2311.0557309641667,2.6816523497853955,1.0274952E-4,18.497917,0.41739264,0.32660514,0.009332338,0.12148748,0.066167384,0.58041537,0.4107755,0.8292566,0.037706878,0.097052716,0.05650794,0.4743748,0.3894785,null,null,null,null,"TWOGAUSSIANS",8,26.768131,0.32660514,0.009357106,0.4,0.0,0.5055335,0.065648586,0.8292666,0.037676133,0.4,0.04981474,0.3997358,0.12735204
375316653866487564,4050585684147215616,0.44238237,2316.9820011814318,2.4638094478580177,2.3225062E-5,18.549158,0.009247751,0.30820724,0.009153727,0.055127457,0.016797498,0.13284896,0.04097331,0.8056188,0.02292868,0.057018742,0.013910805,0.14013374,0.112130225,null,null,null,null,"TWOGAUSSIANS",8,3.2720444,0.8056188,0.02292868,0.31930497,0.07790051,0.14012185,0.11213629,0.30820724,0.009153727,0.30871376,0.094065994,0.13283709,0.04099323
375316653866487564,4050585688430291712,0.53900075,2298.5059139185028,2.041962455214725,9.752552E-6,18.542484,0.010763939,0.28793487,0.002842012,0.0337267,0.003482158,0.27484372,0.023351219,0.74222964,0.019644134,0.06267541,0.013564753,0.21892236,0.027325852,0.105848126,0.013380478,0.28793487,0.002842012,"TWOGAUSSIANS_WITH_ELLIPSOIDAL_ON_ECLIPSE1",9,5.31863,0.28793487,0.002842012,0.18886952,0.019500084,0.4865367,0.014244638,0.7526197,0.017286738,0.35098228,0.075738125,0.41737464,0.02061754
375316653866487564,4050585718472638080,0.54785925,2300.5317310075857,1.445489853680672,2.6740092E-5,17.242659,0.01604814,0.22209449,0.07196503,0.092617474,0.054935772,0.11995246,0.033926573,0.715385,0.005918167,0.10043304,0.009809073,0.26895612,0.018100098,null,null,null,null,"TWOGAUSSIANS",8,12.013892,0.715385,0.005918167,0.4,0.0,0.25744155,0.010589566,0.22209449,0.07204257,0.4,0.0,0.10844009,0.027393134
375316653866487564,4050585718506608256,0.4455842,2285.672887310549,0.5196081246812791,7.402028E-5,16.942818,0.005747815,0.39296243,0.076724425,0.111643575,0.08702548,0.023623815,0.006993936,0.7870134,0.010400689,0.08646057,0.0116609335,0.07588194,0.008338374,null,null,null,null,"TWOGAUSSIANS",8,3.598344,0.7870134,0.010400689,0.4,0.0,0.07522411,0.009059718,0.39303243,0.076802626,0.4,0.0,0.022921737,0.007012008
375316653866487564,4050585791510590080,0.4159819,2321.1928219125116,1.334821698948132,3.2040825E-5,18.988377,0.036869604,0.32071653,0.014156967,0.04631692,0.015907357,0.26198727,0.05916522,0.69981617,0.009231733,0.02369587,0.013363765,0.14542504,0.03509081,null,null,null,null,"TWOGAUSSIANS",8,5.644505,0.32071653,0.014156967,0.25937474,0.08908119,0.26198727,0.05916522,0.69981617,0.009231733,0.13269687,0.07483708,0.14542504,0.03509081
375316653866487564,4050585855948481152,0.46252173,2321.5708506458873,4.132653562735689,5.8309648E-5,18.42802,0.027118413,0.18444166,0.0150164375,0.1034246,0.01939664,0.178523,0.030197203,0.53882635,0.008931112,0.069283605,0.009832229,0.5254172,0.15493178,null,null,null,null,"TWOGAUSSIANS",8,2.85919,0.53882635,0.008931112,0.38798818,0.050393775,0.5254319,0.15536335,0.18444166,0.015027036,0.4,0.0,0.1780351,0.02948283
375316653866487564,4050585860183175936,0.5380975,2245.7643709461086,0.797205252299091,1.0872835E-5,18.564133,0.021329418,0.23573011,0.0019164678,0.048068106,0.006657344,0.14890158,0.01912413,0.7603693,0.015050516,0.12356825,0.0339504,0.11063917,0.015319182,null,null,null,null,"TWOGAUSSIANS",8,0.6742455,0.23570012,0.0018990521,0.2691814,0.037281126,0.14698184,0.015600216,0.7603693,0.015050516,0.4,0.0,0.10863827,0.0113843465
375316653866487564,4050586130827238016,0.5774476,2219.787899761066,2.2091508433467415,7.1334175E-6,18.688948,0.010381876,0.16654088,0.004551324,0.054435723,0.011315195,0.33848375,0.018941738,0.8430625,0.099411756,0.07101669,0.07366145,0.03435364,0.0904629,0.07978539,0.012963375,0.16654088,0.004551324,"TWOGAUSSIANS_WITH_ELLIPSOIDAL_ON_ECLIPSE1",9,5.461762,0.16654088,0.004262965,0.30484006,0.063365094,0.49804652,0.029192382,0.8430625,0.099411756,0.39769346,0.27063203,0.066007644,0.12143191
375316653866487564,4050586375624417664,0.48732725,2208.68991237692,0.9111560237344659,1.8678773E-5,18.784288,0.020666642,0.19392742,0.046991285,0.06336512,0.031924598,0.15645862,0.050642204,0.7419676,0.0126392795,0.074946955,0.020320468,0.12902576,0.06392507,null,null,null,null,"TWOGAUSSIANS",8,1.600846,0.19392742,0.046991285,0.35484466,0.052884784,0.15634927,0.043328248,0.7419676,0.0126392795,0.4,0.04825359,0.12891641,0.06310587
375316653866487564,4050586375681858432,0.44687378,2255.814120559177,2.118225372175616,1.9089848E-5,18.722168,0.015648542,0.37071797,0.03328401,0.027056731,0.0153020695,1.4748573,1.8382028,0.20339751,0.024193075,0.13018435,0.068356976,0.09363708,0.04837286,null,null,null,null,"TWOGAUSSIANS",8,3.5110912,0.37051797,0.033267826,0.15151769,0.085691586,1.515777,1.8346394,0.20339751,0.024193075,0.4,0.03857574,0.09351978,0.048552725
375316653866487564,4050586409938159872,0.47161895,2276.714660431613,0.38920137109563396,5.112573E-5,18.296537,0.00897516,0.10627109,0.008336715,0.020888336,0.0080726575,0.15520221,0.6311932,null,null,null,null,null,null,0.06740486,0.01664521,0.10627109,0.008336715,"ONEGAUSSIAN_WITH_ELLIPSOIDAL",6,6.310784,0.10627109,0.008336715,0.11697468,0.045206882,0.29001188,0.6319486,null,null,null,null,null,null
375316653866487564,4050586474381629056,0.44726387,2290.2063150954054,4.769684486162428,1.9618214E-5,18.369005,0.005835741,0.2628468,0.02586993,0.12508342,0.02496974,0.045838173,0.007726556,0.6938589,0.0010473108,0.055083267,0.003984288,0.1571723,0.0059271962,null,null,null,null,"TWOGAUSSIANS",8,3.9397418,0.6938589,0.0010473108,0.3084663,0.022312012,0.15648808,0.005863765,0.2628468,0.02586993,0.4,0.0,0.045031432,0.0074149487
375316653866487564,4050586474427329152,0.45785043,2265.9567983711686,0.3520926248553292,1.12903654E-4,18.33934,0.014911688,0.47856385,0.018671216,0.13921836,0.035696376,0.36710897,0.059213117,0.8938269,0.010904818,0.03131517,0.015307529,0.11420387,0.05790253,null,null,null,null,"TWOGAUSSIANS",8,16.730125,0.47856385,0.018671216,0.4,0.0,0.36548594,0.064307265,0.8938269,0.010904818,0.17536496,0.08572216,0.11692835,0.0591783
375316653866487564,4050586474427393664,0.5143895,2271.686461990098,0.21405865599418744,8.1931525E-5,18.915195,0.21840826,0.23869063,0.025679637,0.11350685,0.059437256,0.50146776,0.21052457,0.7128295,0.025590748,0.10678443,0.057766665,0.5654496,0.10929798,null,null,null,null,"TWOGAUSSIANS",8,6.119492,0.7128295,0.025590748,0.4,0.106327005,0.50408125,0.09943151,0.23872063,0.02561806,0.4,0.060736254,0.44003963,0.13615924
375316653866487564,4050586513120801792,0.5362842,2290.3033303365187,0.011164769766332037,3.9046732E-5,18.574596,0.008640541,0.42657316,0.008339198,0.060222723,0.012248046,0.97429013,2.255093,0.8191205,0.0468106,0.07374593,0.042849284,0.15582222,0.08432519,null,null,null,null,"TWOGAUSSIANS",8,3.0103962,0.42657316,0.008308527,0.33724725,0.068589054,0.9742666,2.2550893,0.8191205,0.0468106,0.4,0.024722049,0.15579858,0.08455535
375316653866487564,4050586650560567808,0.45028797,2253.9342659410886,0.9184692575018386,8.58002E-5,17.924809,0.0030595118,0.2118177,0.016598413,0.032285225,0.013486043,0.07522209,0.014738041,0.7274288,0.037839893,0.053006984,0.04562949,0.042125307,1.4974928,null,null,null,null,"TWOGAUSSIANS",8,2.1464126,0.2118177,0.016598413,0.18079726,0.07552184,0.07522209,0.014738041,0.7274288,0.037839893,0.29683912,0.25552514,0.042125307,1.4974928
375316653866487564,4050586650560604800,0.53869444,2221.5963969230197,0.3521709748365771,2.5774087E-4,18.94947,0.015611696,0.58337516,0.012218735,0.11637842,0.013369592,0.16232465,0.015769584,0.77115476,0.007734835,0.047635686,0.008398195,0.1408735,0.017105449,null,null,null,null,"TWOGAUSSIANS",8,1.9487121,0.77115476,0.007734835,0.26675984,0.047029894,0.1850037,0.016773708,0.5837952,0.012459417,0.4,0.0,0.16235334,0.015643442
375316653866487564,4050586783661408896,0.49936035,2263.384619569067,0.3245705263109942,1.5607638E-5,18.662088,0.014787211,0.36696225,0.056711305,0.05423843,0.046105627,0.20742378,0.08782605,0.57535154,0.13746943,0.06898038,0.049247216,0.21230595,0.6859232,0.025543174,0.019426407,0.36696225,0.056711305,"TWOGAUSSIANS_WITH_ELLIPSOIDAL_ON_ECLIPSE1",9,4.8684335,0.36833227,0.055438433,0.30373523,0.119099945,0.26078552,0.092126966,0.57535154,0.13888414,0.38629013,0.27313358,0.21584319,0.68198234
375316653866487564,4050586783664561024,0.4434818,2307.5427888633226,3.7500078393111114,5.684097E-5,18.364546,0.010231746,0.25487176,0.007777768,0.05801218,0.008666974,0.15506136,0.02185051,0.7606485,0.019797742,0.0736967,0.031486206,0.11990785,0.095601834,null,null,null,null,"TWOGAUSSIANS",8,4.3544426,0.25487176,0.007777768,0.3248682,0.048535053,0.15489428,0.021792112,0.7606485,0.019797742,0.4,0.08700839,0.11974076,0.09596083
375316653866487564,4050586959740933248,0.48005766,2291.130868058522,2.097098129739216,7.90448E-5,17.444807,0.0032493048,0.23980406,0.017093351,0.09676804,0.016486749,0.04080049,0.004368792,0.64044017,0.024992839,0.0809075,0.018952293,0.07368435,0.041120265,null,null,null,null,"TWOGAUSSIANS",8,1.5256861,0.64044017,0.024992839,0.4,0.027274149,0.07333497,0.041272167,0.23980406,0.017105144,0.4,0.0,0.04044372,0.004237726
375316653866487564,4050587024116937344,0.5597687,2315.6714341312577,1.677855611314635,1.3093652E-5,17.016264,0.0483253,0.20628826,0.0041491645,0.11725306,0.020504659,0.15525454,0.046857562,0.6910874,0.029509677,0.13056464,0.052184813,0.16920143,0.041670874,null,null,null,null,"TWOGAUSSIANS",8,2.4380646,0.6910874,0.029509677,0.4,0.0,0.13186418,0.016039938,0.20653826,0.0037978883,0.4,0.0,0.118119515,0.005129745
375316653866487564,4050587058542457344,0.46754783,2252.6787526799003,0.2673042250008459,1.8018842E-5,18.207598,0.0035918741,0.23719704,0.0185453,0.024934266,0.0097638,0.21889608,0.19858728,0.5793875,0.03670699,0.053371143,0.032380298,0.039713725,0.017185312,null,null,null,null,"TWOGAUSSIANS",8,2.0113616,0.23719704,0.0185453,0.13963188,0.05467728,0.21889608,0.19858727,0.5793875,0.03670699,0.2988784,0.14455974,0.039713725,0.017185314
375316653866487564,4050587161621760256,0.48687127,2236.0950345739893,1.6032144071262258,4.077272E-5,19.002619,0.0056178872,0.32799736,0.01619541,0.10367293,0.010800635,0.18741512,0.016748259,0.6103631,0.092004806,0.10349868,0.06271284,0.09502787,0.023367733,null,null,null,null,"TWOGAUSSIANS",8,1.1963192,0.33178735,0.0068873484,0.4,0.0,0.18917046,0.008984322,0.6103631,0.092004806,0.4,0.089974985,0.098960996,0.026736446
