Gaia/vari_eclipsing_binary/VariEclipsingBinary_509157-509213.csv
# %ECSV 1.0
# ---
# delimiter: ','
# meta: !!omap
# - RELEASE: Gaia DR3
# - TABLE: vari_eclipsing_binary
# - DESCRIPTION: >
#     This table describes the properties of the eclipsing binaries resulting from the variability analysis. 
# - CITATION: >
#     How to cite and acknowledge Gaia: 
#     https://gea.esac.esa.int/archive/documentation/credits.html 
# - KNOWN_ISSUES: >
#     Known issues: 
#     https://www.cosmos.esa.int/web/gaia-users/known-issues 
# - DOCUMENTATION: >
#     Tutorials and documentation: 
#     https://www.cosmos.esa.int/web/gaia-users/archive 
# datatype:
# - 
#   name: solution_id
#   datatype: int64
#   description: Solution Identifier
#   meta:
#     ucd: meta.version
# - 
#   name: source_id
#   datatype: int64
#   description: Unique source identifier
#   meta:
#     ucd: meta.id;meta.main
# - 
#   name: global_ranking
#   datatype: float32
#   description: Number between 0 (worst) and 1 (best)
#   meta:
#     ucd: stat.param
# - 
#   name: reference_time
#   datatype: float64
#   unit: d
#   description: Reference time used for the geometric model fit
#   meta:
#     ucd: time.epoch
# - 
#   name: frequency
#   datatype: float64
#   unit: d**-1
#   description: Frequency of geometric model of the eclipsing binary light curve
#   meta:
#     ucd: src.orbital
# - 
#   name: frequency_error
#   datatype: float32
#   unit: d**-1
#   description: "Uncertainty of \\texttt{frequency}"
#   meta:
#     ucd: stat.error
# - 
#   name: geom_model_reference_level
#   datatype: float32
#   unit: mag
#   description: Magnitude reference level of geometric model
#   meta:
#     ucd: phot.mag;em.opt
# - 
#   name: geom_model_reference_level_error
#   datatype: float32
#   unit: mag
#   description: "Uncertainty of \\texttt{geomModelReferenceLevel}"
#   meta:
#     ucd: stat.error;phot.mag;em.opt
# - 
#   name: geom_model_gaussian1_phase
#   datatype: float32
#   description: Phase of the Gaussian 1 component
#   meta:
#     ucd: time.phase
# - 
#   name: geom_model_gaussian1_phase_error
#   datatype: float32
#   description: "Uncertainty of \\texttt{geomModelGaussian1Phase}"
#   meta:
#     ucd: stat.error;time.phase
# - 
#   name: geom_model_gaussian1_sigma
#   datatype: float32
#   description: "Standard deviation [phase] of Gaussian 1 component"
#   meta:
#     ucd: stat.stdev
# - 
#   name: geom_model_gaussian1_sigma_error
#   datatype: float32
#   description: "Uncertainty of \\texttt{geomModelGaussian1Sigma}"
#   meta:
#     ucd: stat.error
# - 
#   name: geom_model_gaussian1_depth
#   datatype: float32
#   unit: mag
#   description: Magnitude depth of Gaussian 1 component
#   meta:
#     ucd: src.var.amplitude
# - 
#   name: geom_model_gaussian1_depth_error
#   datatype: float32
#   unit: mag
#   description: "Uncertainty of \\texttt{geomModelGaussian1Depth}"
#   meta:
#     ucd: stat.error;src.var.amplitude
# - 
#   name: geom_model_gaussian2_phase
#   datatype: float32
#   description: Phase of Gaussian 2 component
#   meta:
#     ucd: time.phase
# - 
#   name: geom_model_gaussian2_phase_error
#   datatype: float32
#   description: "Uncertainty of \\texttt{geomModelGaussian2Phase}"
#   meta:
#     ucd: stat.error;time.phase
# - 
#   name: geom_model_gaussian2_sigma
#   datatype: float32
[...]
#   datatype: float32
#   description: "Secondary eclipse: uncertainty of \\texttt{derivedSecondaryEclDuration}"
#   meta:
#     ucd: stat.error;time.duration
# - 
#   name: derived_secondary_ecl_depth
#   datatype: float32
#   unit: mag
#   description: "Secondary eclipse: depth"
#   meta:
#     ucd: src.var.amplitude
# - 
#   name: derived_secondary_ecl_depth_error
#   datatype: float32
#   unit: mag
#   description: "Secondary eclipse: uncertainty of \\texttt{derivedSecondaryEclDepth}"
#   meta:
#     ucd: stat.error;src.var.amplitude
solution_id,source_id,global_ranking,reference_time,frequency,frequency_error,geom_model_reference_level,geom_model_reference_level_error,geom_model_gaussian1_phase,geom_model_gaussian1_phase_error,geom_model_gaussian1_sigma,geom_model_gaussian1_sigma_error,geom_model_gaussian1_depth,geom_model_gaussian1_depth_error,geom_model_gaussian2_phase,geom_model_gaussian2_phase_error,geom_model_gaussian2_sigma,geom_model_gaussian2_sigma_error,geom_model_gaussian2_depth,geom_model_gaussian2_depth_error,geom_model_cosine_half_period_amplitude,geom_model_cosine_half_period_amplitude_error,geom_model_cosine_half_period_phase,geom_model_cosine_half_period_phase_error,model_type,num_model_parameters,reduced_chi2,derived_primary_ecl_phase,derived_primary_ecl_phase_error,derived_primary_ecl_duration,derived_primary_ecl_duration_error,derived_primary_ecl_depth,derived_primary_ecl_depth_error,derived_secondary_ecl_phase,derived_secondary_ecl_phase_error,derived_secondary_ecl_duration,derived_secondary_ecl_duration_error,derived_secondary_ecl_depth,derived_secondary_ecl_depth_error
[from data line 111]
375316653866487564,4478704180154471296,0.46831888,2269.3682373019537,2.001321730654916,3.1008094E-5,19.720774,0.008524497,0.30241022,0.006561511,0.076065004,0.00783959,0.33418852,0.022506298,0.7604681,0.020718303,0.06682342,0.016279897,0.18609716,0.058035254,null,null,null,null,"TWOGAUSSIANS",8,2.0926955,0.30241022,0.006561511,0.4,0.0,0.33380768,0.02251573,0.7604681,0.020718303,0.3742112,0.063134514,0.18571632,0.058278833
375316653866487564,4478705073507137408,0.4924376,2263.4542415556716,1.123186127127398,1.03755156E-4,18.918993,0.0075205066,0.22299257,0.006451318,0.023249572,0.005709092,0.3914365,0.8236217,0.6048085,0.014059133,0.11874988,0.02425731,0.0652592,0.012651537,null,null,null,null,"TWOGAUSSIANS",8,3.4948773,0.22300257,0.0064438186,0.1301976,0.031970914,0.39178893,0.823581,0.6048085,0.014059133,0.4,0.0,0.06524018,0.012655825
375316653866487564,4478705584606418176,0.5096308,2282.961903573415,2.7394684663785505,3.1487507E-5,16.104332,0.07403234,0.37136403,0.0059441985,0.06445943,0.035746556,0.15132663,0.16946575,0.8985033,0.031408895,0.041212864,0.045900665,0.094657764,0.15062095,0.07009346,0.07044862,0.37136403,0.0059441985,"TWOGAUSSIANS_WITH_ELLIPSOIDAL_ON_ECLIPSE1",9,64.02753,0.37136403,0.0059441985,0.3609728,0.119335204,0.2914325,0.14800127,0.8985033,0.031408895,0.23079205,0.23418227,0.23072672,0.05937954
375316653866487564,4478705588913770112,0.48114747,2266.7695653087458,1.7448445888218334,2.1711508E-5,17.13943,0.0064665307,0.331169,0.0070183957,0.037389826,0.0076377965,0.12670803,0.026100885,null,null,null,null,null,null,0.0385207,0.009401635,0.331169,0.0070183957,"ONEGAUSSIAN_WITH_ELLIPSOIDAL",6,23.555195,0.331169,0.0070183957,0.20938303,0.04277166,0.2037494,0.021441204,null,null,null,null,null,null
375316653866487564,4478706134367275776,0.5560508,2252.3617288523856,2.4732577776201823,1.28880365E-5,17.069973,0.06082506,0.21039285,0.017160943,0.11084652,0.02867432,0.4218051,0.057839125,0.69285977,0.0034767538,0.09662662,0.013187928,0.40898797,0.055984043,null,null,null,null,"TWOGAUSSIANS",8,18.655872,0.21039285,0.01716524,0.4,0.0,0.3848563,0.04473165,0.69285977,0.0034767538,0.4,0.0,0.37207758,0.019212803
375316653866487564,4478706757144727424,0.46488935,2284.590392015142,0.541459876200075,4.0222738E-5,19.21315,0.013039517,0.26354048,0.008498517,0.0461277,0.009863763,0.16949426,0.030001575,0.79072946,0.023379441,0.065026395,0.017108992,0.06714755,0.01788378,null,null,null,null,"TWOGAUSSIANS",8,1.9732437,0.26354048,0.008498517,0.25831512,0.055237073,0.16949174,0.029994704,0.79072946,0.023379441,0.3641478,0.08586416,0.06714504,0.017867051
375316653866487564,4478706825864199936,0.46906534,2285.129135518647,2.141754379728266,5.933136E-5,17.376623,0.0037393263,0.39309865,0.016172405,0.046284474,0.00893518,0.40932325,0.10461543,null,null,null,null,null,null,null,null,null,null,"ONEGAUSSIAN",5,93.57409,0.39309865,0.016172405,0.25919306,0.050037008,0.40932325,0.0,null,null,null,null,null,null
375316653866487564,4478707062078326016,0.57503504,2260.214256036809,1.336485664826207,1.3946387E-5,17.498125,0.0034585558,0.26870862,0.0024885864,0.061017245,0.0065197246,0.24155761,0.008234307,0.76795304,0.011638153,0.06251954,0.006724192,0.09089553,0.0069117183,null,null,null,null,"TWOGAUSSIANS",8,1.9351935,0.26870862,0.0024885864,0.3416966,0.036510456,0.24147858,0.008330305,0.76795304,0.011638153,0.35010943,0.037655473,0.090816505,0.006847622
375316653866487564,4478712216039307008,0.49103057,2299.1549119738575,3.1537965031463706,3.4615467E-5,18.831133,0.08011816,0.24304676,0.010398703,0.101103775,0.039160486,0.2460489,0.06537756,0.75943434,0.009596801,0.10820916,0.02429135,0.26383704,0.079003535,null,null,null,null,"TWOGAUSSIANS",8,4.697658,0.75943434,0.009557531,0.4,0.0,0.23952761,0.015177723,0.24302676,0.0103952475,0.4,0.0,0.2217514,0.021710023
375316653866487564,4478712392141871488,0.5555223,2266.238152314375,3.7687320874147012,1.3290664E-5,16.947533,0.011363101,0.2009752,0.0046650423,0.07002084,0.0061796014,0.36862266,0.026012128,0.7131007,0.00526271,0.08194693,0.008992113,0.2563719,0.015321256,null,null,null,null,"TWOGAUSSIANS",8,19.925875,0.2009752,0.0046650423,0.3921167,0.027721569,0.36656314,0.026503637,0.7131007,0.00526271,0.4,0.0,0.25431237,0.015251727
375316653866487564,4478712426501610240,0.5101435,2270.4808037750736,1.1113188643636922,2.1493717E-5,18.210377,0.009732203,0.13595925,8.1485603E-4,0.0033654901,4.317734E-4,0.31890363,0.06601996,0.49942702,0.028126126,0.061707444,0.00872352,0.6988892,0.20168033,null,null,null,null,"TWOGAUSSIANS",8,27.803436,0.49942702,0.028126126,0.34556168,0.04885171,0.6988892,0.20168033,0.13595925,8.1485603E-4,0.018846745,0.0024179309,0.31890363,0.06601996
375316653866487564,4478712426501613440,0.67756593,2292.7742050517936,2.658603680261364,3.0803967E-6,16.001093,0.016401215,0.31086653,0.0010118675,0.043215893,0.0037683072,0.31076068,0.037217736,0.8116712,0.0052564754,0.051185973,0.0062456676,0.4198844,0.04049762,0.12261442,0.01797751,0.31086653,0.0010118675,"TWOGAUSSIANS_WITH_ELLIPSOIDAL_ON_ECLIPSE1",9,14.403512,0.8116712,0.0052236035,0.28664145,0.03497574,0.6651037,0.023485651,0.31086653,0.0010118675,0.242009,0.02110252,0.55598617,0.020270571
375316653866487564,4478713968386182272,0.538746,2302.488580497624,2.5169839477536984,1.9274697E-5,18.114307,0.003982794,null,null,null,null,null,null,null,null,null,null,null,null,0.11495041,0.006688817,0.2870052,0.003004739,"ELLIPSOIDAL",4,5.5458126,null,null,null,null,null,null,null,null,null,null,null,null
375316653866487564,4478714041409656448,0.71976644,2301.733558066881,1.0179413449865722,5.8352252E-6,11.700497,0.025799,0.25878865,0.0013126627,0.05920427,0.008952489,0.18567915,0.050667256,0.747367,0.0290034,0.056622647,0.010446661,0.4721861,0.1614197,0.073163286,0.027084734,0.25878865,0.0013126627,"TWOGAUSSIANS_WITH_ELLIPSOIDAL_ON_ECLIPSE1",9,39.75519,0.748197,0.028167145,0.31708682,0.058501303,0.61777836,0.15528439,0.25878865,0.0013126627,0.33154392,0.05013394,0.3319692,0.004478195
375316653866487564,4478714861739462272,0.47045803,2281.7724276934355,0.12371137239162741,1.1876816E-5,18.60899,0.0069261175,0.30296743,0.0080238115,0.074018195,0.009904752,0.119044185,0.017303394,0.85964966,0.001178909,0.024836037,0.0037621716,0.33455408,0.2974448,null,null,null,null,"TWOGAUSSIANS",8,2.8674614,0.85964966,0.001178909,0.1390818,0.021068161,0.33455405,0.29744482,0.30296743,0.0080238115,0.4,0.008275852,0.119044155,0.017303452
375316653866487564,4478715136617414912,0.5021681,2322.0477497692095,3.3012134220359135,2.6149528E-5,18.876516,0.29682106,0.34808275,0.014856031,0.08770893,0.07985995,0.4300824,0.22202674,0.85134524,0.007958048,0.10127321,0.033980954,0.3727844,0.27387023,null,null,null,null,"TWOGAUSSIANS",8,4.7092814,0.34808275,0.015334584,0.4,0.0,0.4072025,0.113461435,0.85134524,0.006939954,0.4,0.0,0.34990075,0.027482051
375316653866487564,4478716515310609664,0.62333965,2287.851121674831,1.5941755285475836,1.0302239E-5,14.573718,0.0065905144,0.29185274,0.003054532,0.08371208,0.004563151,0.20138255,0.008812811,0.7762261,0.0013184036,0.0762203,0.0027206375,0.43590394,0.007752244,null,null,null,null,"TWOGAUSSIANS",8,66.41478,0.7762261,0.0013184036,0.4,0.0,0.43271968,0.0076319096,0.29185274,0.003054532,0.4,0.0,0.19819826,0.008287689
375316653866487564,4478717374304082432,0.5819635,2258.5223431093277,3.211101518469175,1.2007686E-5,17.464258,0.010742227,0.18113564,0.004638527,0.092565574,0.005303718,0.3656003,0.01694458,0.6829881,0.002121092,0.08644386,0.0041885874,0.41928107,0.014528772,null,null,null,null,"TWOGAUSSIANS",8,6.7169213,0.6829881,0.002121092,0.4,0.0,0.40395182,0.014280225,0.18113564,0.004638527,0.4,0.0,0.35027078,0.015991757
375316653866487564,4478718473805963520,0.57903457,2233.883507174706,1.3704298605763465,1.9265977E-5,15.115174,0.0060744197,0.13440338,0.0051062196,0.09809236,0.007963085,0.19540535,0.008526808,0.6763244,0.0057997676,0.057822578,0.00543577,0.23797876,0.008280648,null,null,null,null,"TWOGAUSSIANS",8,19.298782,0.6763244,0.0057992935,0.32380643,0.030440312,0.23701984,0.0078570265,0.13440338,0.0051062196,0.4,0.0,0.19444281,0.008506447
375316653866487564,4478719087983804544,0.5365751,2265.003977759698,2.0770800308534567,2.9181223E-5,16.355423,0.015760977,0.2282482,0.0057562324,0.101327345,0.0154823605,0.11084988,0.015681906,0.7264973,0.008623774,0.09847982,0.018344374,0.10092896,0.014924696,null,null,null,null,"TWOGAUSSIANS",8,5.000884,0.2282482,0.0057562324,0.4,0.0,0.10180795,0.0045976946,0.7264973,0.008623774,0.4,0.0,0.09188767,0.010606375
375316653866487564,4478719229720749696,0.52788556,2217.3008202421133,3.13092959834471,2.0784673E-5,18.946632,0.026374584,0.20090371,0.006819356,0.08047539,0.017315589,0.20063682,0.025349412,0.6961583,0.008249566,0.08090423,0.01110151,0.22077534,0.027300548,null,null,null,null,"TWOGAUSSIANS",8,2.0706542,0.6961583,0.008249566,0.4,0.0,0.21761274,0.020314224,0.20090371,0.006819356,0.4,0.0,0.19747423,0.021515459
375316653866487564,4478720775914344960,0.55765563,2294.9238999897516,2.325033812540837,1.7569811E-5,19.556461,0.019937452,0.27609986,0.0019095276,0.09139233,0.005656819,0.3895582,0.017865779,0.75889564,0.0047276774,0.088095725,0.0076482184,0.4724609,0.02541701,null,null,null,null,"TWOGAUSSIANS",8,1.4106276,0.75889564,0.0047276774,0.4,0.0,0.45899573,0.023983637,0.27609986,0.0019095276,0.4,0.0,0.3760928,0.01275773
375316653866487564,4478721252647306880,0.5210599,2331.2135555692607,1.079525283669934,8.3867E-6,19.30465,0.0040447325,0.24354595,8.338101E-4,0.010347606,0.003724261,0.09747713,0.14295587,0.60645396,0.022409007,0.04947726,0.008333625,0.6205118,0.1768697,null,null,null,null,"TWOGAUSSIANS",8,1.0034477,0.60645396,0.022409007,0.27707267,0.0466683,0.6205118,0.1768697,0.24354595,8.338101E-4,0.05794659,0.02085586,0.09747713,0.14295587
375316653866487564,4478722695756452480,0.5925146,2205.177454402764,3.9993748047920423,1.08997765E-5,18.462133,0.009289495,0.2560925,0.0017277165,0.07195812,0.0030696555,0.47780374,0.014349841,0.7518833,0.020665515,0.081518345,0.009392424,0.37838194,0.060487114,null,null,null,null,"TWOGAUSSIANS",8,4.0145507,0.2560925,0.0017277165,0.4,0.0066634594,0.47399068,0.014308986,0.7518833,0.020665515,0.4,0.0,0.3745689,0.058647156
375316653866487564,4478724211892066560,0.55574405,2218.0329892081663,2.0117062543687925,7.093404E-5,17.377878,0.008348498,0.37839764,0.039962754,0.02078613,0.03993519,0.097865924,0.1359027,0.77285725,0.039654158,0.08223362,0.036997538,0.61494887,0.80011433,null,null,null,null,"TWOGAUSSIANS",8,41.41358,0.77285725,0.039654158,0.4,0.14789915,0.61494887,0.80011827,0.37839764,0.039955605,0.116402335,0.22363707,0.0978721,0.13593113
375316653866487564,4478724310668714752,0.52912396,2192.5238675854907,3.284716230902845,1.9450008E-5,17.559774,0.018756738,0.26730904,0.004715184,0.068288885,0.007867077,0.36372072,0.024217362,0.77816415,0.005679103,0.088090554,0.01264486,0.3993953,0.07104811,null,null,null,null,"TWOGAUSSIANS",8,16.106613,0.77816415,0.005679103,0.4,0.0,0.39573336,0.07383313,0.26730904,0.004715184,0.38241774,0.036107443,0.3600589,0.023726879
375316653866487564,4478726956368822784,0.5626252,2212.984890613653,2.21656376213682,2.5932452E-5,19.247267,0.007372668,0.2728868,0.03723027,0.028156063,0.030136453,0.046890933,0.12112457,0.60142094,0.004989494,0.0649418,0.0066304496,0.5780422,0.04637696,null,null,null,null,"TWOGAUSSIANS",8,2.330132,0.60142094,0.004989494,0.36367407,0.037130516,0.5780422,0.04637696,0.2728868,0.03725504,0.15767395,0.16876414,0.046892535,0.121125385
375316653866487564,4478727304269049344,0.44740427,2187.2578056555194,0.3113998808417388,3.763632E-5,17.196432,0.0060248985,0.18074982,0.015911616,0.069569565,0.015407251,0.16815339,0.01752755,0.74980015,0.013376655,0.035385825,0.031461433,0.17466815,0.048233945,null,null,null,null,"TWOGAUSSIANS",8,8.707099,0.74980015,0.013376655,0.19816063,0.17618401,0.17466801,0.04823486,0.18074982,0.015911616,0.38958955,0.04646554,0.16815326,0.017526813
375316653866487564,4478731186908518016,0.44145775,2235.5500375009537,4.264922215161731,6.832289E-5,18.319447,0.059632715,0.11807991,0.028170016,0.06490898,0.041340906,0.04375603,0.016310072,0.5326723,0.038340695,0.21317708,0.102115795,0.10033361,0.058344346,null,null,null,null,"TWOGAUSSIANS",8,2.7223623,0.5326723,0.038340695,0.4,0.0,0.08191576,0.013904691,0.13017991,0.028694674,0.36349028,0.12712583,0.04343549,0.018671
375316653866487564,4478731564876731008,0.5166678,2243.6096495374863,2.7961226114729367,3.7759797E-5,18.60215,0.023093008,0.20429057,0.013273868,0.104554854,0.021024782,0.24474244,0.05403031,0.6940162,0.00588634,0.08168126,0.008804947,0.3268811,0.02245471,null,null,null,null,"TWOGAUSSIANS",8,5.5069947,0.6940162,0.00588634,0.4,0.0,0.31403196,0.016410077,0.20429057,0.013273868,0.4,0.0,0.23188746,0.05819279
375316653866487564,4478733489010148992,0.5752437,2259.1187055899677,3.3321274773122553,1.2236757E-5,19.224604,0.013527855,0.30112273,0.00428342,0.07141727,0.0037831448,0.50119096,0.04248636,0.78762406,0.0032235186,0.06617008,0.0051627047,0.7244193,0.053150486,null,null,null,null,"TWOGAUSSIANS",8,3.1320157,0.78762406,0.0032235186,0.37055245,0.028911147,0.72329164,0.053614646,0.30112273,0.00428342,0.3999367,0.015333608,0.5000633,0.04261122
375316653866487564,4478734485456649600,0.51722306,2243.628755412064,1.7905097487524897,2.8159182E-5,17.826767,0.0019644334,0.29138917,0.005218289,0.061420757,0.0069979634,0.14817606,0.013866298,0.7765303,0.015937964,0.06675266,0.024577072,0.06591472,0.013010732,null,null,null,null,"TWOGAUSSIANS",8,2.9120822,0.29138917,0.005218289,0.34395623,0.039188597,0.14811558,0.013900606,0.7765303,0.015937964,0.37381488,0.11953611,0.06585424,0.013082755
375316653866487564,4478736134721810432,0.51095235,2249.8002956541823,2.3090755998878607,2.0197118E-5,12.479704,0.31391114,0.2439491,0.007828105,0.18594816,0.08031855,0.37722152,0.27405247,0.74413407,0.0067562475,0.18767929,0.06787447,0.3823692,0.28750753,null,null,null,null,"TWOGAUSSIANS",8,130.94989,0.7442241,0.007151216,0.4,0.0,0.09239821,0.008176801,0.2438491,0.008249612,0.4,0.0,0.08894013,0.015565005
375316653866487564,4478739222796145408,0.51222825,2276.0898763002606,3.5058400573441073,1.755849E-5,18.772045,0.016412007,0.28386387,0.0041757175,0.08373238,0.0054208324,0.3499616,0.016486961,0.79577917,0.011546989,0.08588566,0.012748575,0.23117223,0.02147872,null,null,null,null,"TWOGAUSSIANS",8,4.1487474,0.28386387,0.0041757175,0.4,0.0,0.34401014,0.013158765,0.79577917,0.011546989,0.4,0.0,0.22522075,0.018176984
375316653866487564,4478740940783238912,0.5233803,2281.7505663005336,0.6953746513861552,1.1376271E-5,19.12443,0.009893679,0.58986926,0.010457188,0.023895402,0.013893632,0.100060806,65.351875,0.85936904,0.0013616787,0.024758015,0.0017812649,4.282629,1.4190447,0.0125476485,0.018221397,0.85936904,0.0013616787,"TWOGAUSSIANS_WITH_ELLIPSOIDAL_ON_ECLIPSE2",9,11.101399,0.85936904,0.0013616787,0.13864487,0.009975084,4.307724,1.4335191,0.58964926,0.01070199,0.13381426,0.07780434,0.100439794,65.351654
375316653866487564,4478742078956842752,0.5528218,2202.0542038407634,0.8806095552315405,7.977622E-6,15.251363,0.002880591,0.34273693,0.0137986,0.06348478,0.010086643,0.15283285,0.010981308,0.8542135,0.0032806573,0.061609067,0.003240624,0.16960332,0.009770341,null,null,null,null,"TWOGAUSSIANS",8,28.668968,0.8542135,0.0032806573,0.34501076,0.018147495,0.16952793,0.009793724,0.34273693,0.0137986,0.35551476,0.0564852,0.15275747,0.010979427
375316653866487564,4478742869230838784,0.52381146,2225.212049056826,2.8712441918783727,2.5569636E-5,17.171297,0.01457161,0.23658796,0.008349519,0.04851654,0.05286407,0.07280664,0.049840566,0.7494884,0.017229246,0.0335199,0.024508383,0.104082346,0.060502965,0.10031501,0.030471206,0.23658796,0.008349519,"TWOGAUSSIANS_WITH_ELLIPSOIDAL_ON_ECLIPSE1",9,28.544422,0.7494884,0.017229246,0.18771145,0.13724695,0.30339688,0.068462715,0.23658796,0.008349519,0.27169263,0.2960388,0.27343646,0.042821117
