Gaia/vari_eclipsing_binary/VariEclipsingBinary_484317-484367.csv
# %ECSV 1.0
# ---
# delimiter: ','
# meta: !!omap
# - RELEASE: Gaia DR3
# - TABLE: vari_eclipsing_binary
# - DESCRIPTION: >
#     This table describes the properties of the eclipsing binaries resulting from the variability analysis. 
# - CITATION: >
#     How to cite and acknowledge Gaia: 
#     https://gea.esac.esa.int/archive/documentation/credits.html 
# - KNOWN_ISSUES: >
#     Known issues: 
#     https://www.cosmos.esa.int/web/gaia-users/known-issues 
# - DOCUMENTATION: >
#     Tutorials and documentation: 
#     https://www.cosmos.esa.int/web/gaia-users/archive 
# datatype:
# - 
#   name: solution_id
#   datatype: int64
#   description: Solution Identifier
#   meta:
#     ucd: meta.version
# - 
#   name: source_id
#   datatype: int64
#   description: Unique source identifier
#   meta:
#     ucd: meta.id;meta.main
# - 
#   name: global_ranking
#   datatype: float32
#   description: Number between 0 (worst) and 1 (best)
#   meta:
#     ucd: stat.param
# - 
#   name: reference_time
#   datatype: float64
#   unit: d
#   description: Reference time used for the geometric model fit
#   meta:
#     ucd: time.epoch
# - 
#   name: frequency
#   datatype: float64
#   unit: d**-1
#   description: Frequency of geometric model of the eclipsing binary light curve
#   meta:
#     ucd: src.orbital
# - 
#   name: frequency_error
#   datatype: float32
#   unit: d**-1
#   description: "Uncertainty of \\texttt{frequency}"
#   meta:
#     ucd: stat.error
# - 
#   name: geom_model_reference_level
#   datatype: float32
#   unit: mag
#   description: Magnitude reference level of geometric model
#   meta:
#     ucd: phot.mag;em.opt
# - 
#   name: geom_model_reference_level_error
#   datatype: float32
#   unit: mag
#   description: "Uncertainty of \\texttt{geomModelReferenceLevel}"
#   meta:
#     ucd: stat.error;phot.mag;em.opt
# - 
#   name: geom_model_gaussian1_phase
#   datatype: float32
#   description: Phase of the Gaussian 1 component
#   meta:
#     ucd: time.phase
# - 
#   name: geom_model_gaussian1_phase_error
#   datatype: float32
#   description: "Uncertainty of \\texttt{geomModelGaussian1Phase}"
#   meta:
#     ucd: stat.error;time.phase
# - 
#   name: geom_model_gaussian1_sigma
#   datatype: float32
#   description: "Standard deviation [phase] of Gaussian 1 component"
#   meta:
#     ucd: stat.stdev
# - 
#   name: geom_model_gaussian1_sigma_error
#   datatype: float32
#   description: "Uncertainty of \\texttt{geomModelGaussian1Sigma}"
#   meta:
#     ucd: stat.error
# - 
#   name: geom_model_gaussian1_depth
#   datatype: float32
#   unit: mag
#   description: Magnitude depth of Gaussian 1 component
#   meta:
#     ucd: src.var.amplitude
# - 
#   name: geom_model_gaussian1_depth_error
#   datatype: float32
#   unit: mag
#   description: "Uncertainty of \\texttt{geomModelGaussian1Depth}"
#   meta:
#     ucd: stat.error;src.var.amplitude
# - 
#   name: geom_model_gaussian2_phase
#   datatype: float32
#   description: Phase of Gaussian 2 component
#   meta:
#     ucd: time.phase
# - 
#   name: geom_model_gaussian2_phase_error
#   datatype: float32
#   description: "Uncertainty of \\texttt{geomModelGaussian2Phase}"
#   meta:
#     ucd: stat.error;time.phase
# - 
#   name: geom_model_gaussian2_sigma
#   datatype: float32
[...]
#   datatype: float32
#   description: "Secondary eclipse: uncertainty of \\texttt{derivedSecondaryEclDuration}"
#   meta:
#     ucd: stat.error;time.duration
# - 
#   name: derived_secondary_ecl_depth
#   datatype: float32
#   unit: mag
#   description: "Secondary eclipse: depth"
#   meta:
#     ucd: src.var.amplitude
# - 
#   name: derived_secondary_ecl_depth_error
#   datatype: float32
#   unit: mag
#   description: "Secondary eclipse: uncertainty of \\texttt{derivedSecondaryEclDepth}"
#   meta:
#     ucd: stat.error;src.var.amplitude
solution_id,source_id,global_ranking,reference_time,frequency,frequency_error,geom_model_reference_level,geom_model_reference_level_error,geom_model_gaussian1_phase,geom_model_gaussian1_phase_error,geom_model_gaussian1_sigma,geom_model_gaussian1_sigma_error,geom_model_gaussian1_depth,geom_model_gaussian1_depth_error,geom_model_gaussian2_phase,geom_model_gaussian2_phase_error,geom_model_gaussian2_sigma,geom_model_gaussian2_sigma_error,geom_model_gaussian2_depth,geom_model_gaussian2_depth_error,geom_model_cosine_half_period_amplitude,geom_model_cosine_half_period_amplitude_error,geom_model_cosine_half_period_phase,geom_model_cosine_half_period_phase_error,model_type,num_model_parameters,reduced_chi2,derived_primary_ecl_phase,derived_primary_ecl_phase_error,derived_primary_ecl_duration,derived_primary_ecl_duration_error,derived_primary_ecl_depth,derived_primary_ecl_depth_error,derived_secondary_ecl_phase,derived_secondary_ecl_phase_error,derived_secondary_ecl_duration,derived_secondary_ecl_duration_error,derived_secondary_ecl_depth,derived_secondary_ecl_depth_error
375316653866487564,4260097830919462016,0.5785595,2207.6904029986354,1.8397347883475739,6.706579E-6,17.401466,0.01699539,0.2922779,0.002341444,0.10802297,0.011408129,0.16270222,0.015277232,0.7967431,0.0030598736,0.10459631,0.009923368,0.16868488,0.015974913,null,null,null,null,"TWOGAUSSIANS",8,1.6075771,0.7967431,0.0030700795,0.4,0.0,0.14884798,0.0052623805,0.2922779,0.0023402027,0.4,0.0,0.14286171,0.005886925
375316653866487564,4260098007022037248,0.5482067,2201.701991316891,1.9950814810988968,2.9473595E-5,17.983816,0.0053420225,0.3347941,0.037753463,0.026340732,0.03054734,0.03261317,0.7043557,0.63313216,0.0707887,0.06267942,0.02967994,0.2899583,0.17143509,null,null,null,null,"TWOGAUSSIANS",8,2.8095412,0.63313216,0.0707887,0.35100472,0.16620766,0.2899583,0.17143509,0.33480412,0.03776527,0.1475081,0.17106509,0.03261666,0.70435303
375316653866487564,4260100240405575424,0.45068488,2201.443040410824,0.12107877549070598,2.5469964E-5,18.401915,0.0141202165,0.27781236,0.009224489,0.09781385,0.01068108,0.2282498,0.016319774,0.87922484,0.00819305,0.032607403,0.0069974116,0.07363647,0.017210385,null,null,null,null,"TWOGAUSSIANS",8,3.5674062,0.27781236,0.009224489,0.4,0.0,0.22824249,0.016315745,0.8792549,0.008217535,0.18260147,0.039185505,0.073685765,0.017268045
375316653866487564,4260100476619889920,0.5214767,2200.5496870534535,3.136914081874431,1.74716E-5,19.557669,0.034921274,0.25732693,0.013009034,0.11603632,0.01796926,0.29660743,0.033219043,0.7366774,0.009142763,0.09895921,0.0129259,0.37475014,0.030829377,null,null,null,null,"TWOGAUSSIANS",8,1.8583528,0.7366774,0.009142763,0.4,0.0,0.33987263,0.032854736,0.2573369,0.013004735,0.4,0.0,0.26166227,0.014557052
375316653866487564,4260102435135042432,0.48523358,2171.9354084083006,3.310682352714859,2.1246378E-5,19.696218,0.00927609,null,null,null,null,null,null,null,null,null,null,null,null,0.17233521,0.009217183,0.3081486,0.00728659,"ELLIPSOIDAL",4,2.6798992,null,null,null,null,null,null,null,null,null,null,null,null
375316653866487564,4260104565429046400,0.51653606,2193.686494637132,0.22380502149868814,1.8152277E-5,18.770475,0.0050164848,0.27007887,0.05015806,0.04989562,0.07344906,0.026335591,0.007205449,0.78821254,0.005011425,0.010577452,0.002752575,0.51434726,0.3869872,null,null,null,null,"TWOGAUSSIANS",8,2.6461549,0.78821254,0.005011425,0.059233733,0.01541442,0.51434726,0.38698697,0.27007887,0.05015806,0.2794155,0.11752505,0.026335591,0.0072212964
375316653866487564,4260106150273714176,0.5511664,2206.8228399267455,2.8403740348585513,2.8478804E-5,18.969898,0.08538789,0.24488996,0.00612399,0.10072076,0.022827921,0.45136788,0.07399043,0.7529165,0.009971443,0.10613875,0.023118904,0.41205642,0.08182782,null,null,null,null,"TWOGAUSSIANS",8,4.123604,0.24488996,0.0061316723,0.4,0.0,0.4091935,0.018732173,0.7529165,0.0099701565,0.4,0.0,0.36987305,0.029306337
375316653866487564,4260108894755753344,0.57136863,2217.626097652751,1.7692314261379838,2.0751386E-5,17.883688,0.00812544,0.26806363,0.00543237,0.064770006,0.0043240325,0.45223662,0.036117814,0.76174897,0.005394114,0.062257964,0.0113318255,0.22249067,0.019041581,null,null,null,null,"TWOGAUSSIANS",8,7.3222895,0.26806363,0.00543237,0.36271203,0.024214583,0.45201072,0.036109284,0.76174897,0.005394114,0.34864458,0.06345823,0.22226477,0.019226888
375316653866487564,4260109513230988928,0.47658116,2205.597230296593,0.900934806316085,7.246477E-5,19.558212,0.07314806,0.31040415,0.07363458,0.12959628,0.09356291,0.19762692,0.098956525,0.7835717,0.00939904,0.071298584,0.027885016,0.26400894,0.07542936,null,null,null,null,"TWOGAUSSIANS",8,2.6328905,0.7835717,0.00939904,0.39927205,0.06184821,0.25102937,0.078158006,0.31040415,0.07363458,0.4,0.03301981,0.18434453,0.08707779
375316653866487564,4260110239089231616,0.52209556,2201.410259609538,2.052292276841183,2.8382003E-5,17.740831,0.014271173,0.17865558,0.00695097,0.09517981,0.008700163,0.30736133,0.025163904,0.6858948,0.02311827,0.056620575,0.019637516,0.20333415,0.22388892,null,null,null,null,"TWOGAUSSIANS",8,14.827223,0.17865558,0.00695097,0.4,0.0,0.30544284,0.025156831,0.6858948,0.02311827,0.31707522,0.109970085,0.20141633,0.22476277
375316653866487564,4260110269145572480,0.553181,2202.102554940253,3.1119756222360535,4.2317002E-5,18.265854,0.0069964537,0.2135287,0.033709418,0.034952,0.019175611,0.32961428,1.6423949,0.59031785,0.029938124,0.09544654,0.033365063,0.038021807,0.016246533,null,null,null,null,"TWOGAUSSIANS",8,2.3190901,0.2135287,0.03371125,0.19573121,0.10738342,0.3296287,1.642379,0.59031785,0.029938124,0.4,0.0,0.03802053,0.016252453
375316653866487564,4260112639961319936,0.54493654,2245.030818419098,0.3897019818700225,6.939148E-5,17.949114,0.009642431,0.24771255,0.12163093,0.1793331,0.17933598,0.013218316,0.00899704,0.69823503,0.031992927,0.028929641,0.010873016,0.9232658,8.905977,null,null,null,null,"TWOGAUSSIANS",8,1.2729034,0.69823503,0.031992927,0.16200599,0.06088889,0.9229915,8.906222,0.24771255,0.12163093,0.4,0.0,0.012259831,0.004749524
375316653866487564,4260115045149068160,0.5595048,2184.567788940292,1.198919196412284,2.118066E-5,16.875946,0.024286503,0.2609382,0.008616728,0.11480392,0.0314737,0.10818471,0.018324554,0.7533644,0.006025994,0.095915265,0.012807436,0.17570895,0.02376944,null,null,null,null,"TWOGAUSSIANS",8,4.7473283,0.7533644,0.006025994,0.4,0.0,0.16112041,0.008105135,0.2609382,0.008615849,0.4,0.0,0.09357956,0.012233243
375316653866487564,4260117141093523200,0.48174518,2172.222530668166,2.4313663695937806,1.0342714E-4,19.107027,0.009338681,0.2891766,0.013849356,0.07353677,0.009973806,0.2150137,0.0299674,0.82551944,0.023420366,0.05431192,0.024935964,0.16254453,0.036340088,null,null,null,null,"TWOGAUSSIANS",8,2.9358923,0.2891766,0.013849356,0.4,0.024591133,0.21495678,0.029901437,0.82551944,0.023420366,0.30414677,0.13929205,0.16248761,0.03603069
375316653866487564,4260117248476824064,0.40321097,2133.2027527081905,0.22508055992417356,1.6589755E-5,19.202204,0.061156966,0.14257398,0.017787088,0.06838716,0.046598747,0.4749106,3.7612245,0.6619301,0.014281183,0.09984073,0.051002443,0.16734664,0.06795229,null,null,null,null,"TWOGAUSSIANS",8,3.1263943,0.14257398,0.01778339,0.38296807,0.23956266,0.470748,3.7685585,0.6619301,0.014281183,0.4,0.0,0.16318229,0.06959769
375316653866487564,4260117828288265728,0.59758115,2218.4349856492076,1.1056997244029871,1.1502968E-5,17.331884,0.009488272,0.23567005,0.0044108275,0.09132064,0.0074955206,0.15387413,0.009609997,0.7171398,0.0034616934,0.08567089,0.007287161,0.34470847,0.009352495,null,null,null,null,"TWOGAUSSIANS",8,3.8058567,0.7171398,0.0034616934,0.4,0.0,0.33856624,0.008364139,0.23567005,0.0044108275,0.4,0.0,0.1477318,0.007361496
375316653866487564,4260118618562276352,0.551178,2172.6802621099,2.011859655126205,8.211416E-6,17.70759,0.010700883,0.31246525,0.010303152,0.04848866,0.0047391425,0.49496108,0.06747419,0.80584836,0.0063221613,0.061696716,0.006752009,0.4825144,0.13154033,null,null,null,null,"TWOGAUSSIANS",8,13.426152,0.31246525,0.010303152,0.2715365,0.026539199,0.49493623,0.06745963,0.80584836,0.0063221613,0.3455016,0.037811253,0.48248956,0.13157398
375316653866487564,4260118756001260800,0.55716306,2208.9510909795567,1.6001648979317078,2.7818226E-6,17.086884,0.010020922,0.3240406,2.626096E-4,0.017539173,5.322087E-4,5.2515063,0.5621224,0.7451131,0.008428867,0.04975185,0.044132277,0.043573495,4.8597677E18,0.10718803,0.015905049,0.7451131,0.008428867,"TWOGAUSSIANS_WITH_ELLIPSOIDAL_ON_ECLIPSE2",9,63.7714,0.3239706,2.5937505E-4,0.098219365,0.002980369,5.41738,0.58568925,0.7451131,0.008428867,0.27861038,0.24714077,0.2579493,4.8597677E18
375316653866487564,4260121332975341696,0.57997227,2191.5147879078127,2.471194678387422,9.9319805E-6,19.540726,0.009613467,0.2812871,0.0062731565,0.071722396,0.0049877167,0.42615625,0.022466077,0.768965,0.0012458838,0.044676844,0.0011200404,0.76329446,0.017056124,null,null,null,null,"TWOGAUSSIANS",8,2.163087,0.768965,0.0012458838,0.25019035,0.0062722266,0.76323044,0.01703469,0.2812871,0.0062731565,0.4,0.011404755,0.4260922,0.02246757
375316653866487564,4260123875605834880,0.48723072,2261.1165082284906,0.3668950174795533,4.0888255E-5,18.029879,0.007228952,0.2428164,0.025815723,0.027865686,0.019648751,0.056979213,0.040770903,0.7742611,0.0027652555,0.041571755,0.0035665333,0.15950964,0.015167625,null,null,null,null,"TWOGAUSSIANS",8,4.624281,0.7742611,0.0027652555,0.23280182,0.019972587,0.15950964,0.015167625,0.2428164,0.025815723,0.15604784,0.11003301,0.056979213,0.040770903
375316653866487564,4260123909965580160,0.66037434,2286.0449948990636,2.019010361230169,1.0077662E-5,16.93791,0.009800922,0.23671253,0.0096503645,0.09163012,0.008547984,0.3672824,0.018409489,0.7394058,0.0013388953,0.08894373,0.0030909663,0.40893403,0.009175749,null,null,null,null,"TWOGAUSSIANS",8,3.9841428,0.7394058,0.0013388953,0.4,0.0,0.3928667,0.0068212976,0.23671253,0.0096503645,0.4,0.0,0.35121492,0.013257851
375316653866487564,4260124120415992320,0.49806666,2246.0995011499645,0.8176041465917516,1.4096071E-5,19.614548,0.04179354,0.38068548,0.0060654082,0.061048195,0.010994379,0.5967824,0.18268819,0.8738391,0.002007501,0.05111837,0.0065638325,0.47560892,0.04203962,null,null,null,null,"TWOGAUSSIANS",8,6.0284157,0.38068548,0.0060654082,0.3418699,0.061568525,0.5967429,0.1827481,0.8738391,0.002007501,0.28626287,0.03675746,0.4755694,0.041989986
375316653866487564,4260124704553151360,0.6135682,2198.9357287585617,0.9996141696725526,1.3438953E-5,16.68392,0.0069528758,0.24086261,0.008300603,0.084148325,0.0064311344,0.26062497,0.012290935,0.7371353,0.0025356903,0.09008536,0.003372409,0.22914748,0.009391585,null,null,null,null,"TWOGAUSSIANS",8,4.6393795,0.24086261,0.008300603,0.4,0.0,0.2531675,0.010088854,0.7371353,0.0025356903,0.4,0.0,0.22168992,0.008199999
375316653866487564,4260125009477251584,0.54117537,2244.5523592261984,4.193616173842505,2.575911E-5,19.0053,0.0073355525,0.36014593,0.0017271366,0.023881951,0.0028200517,0.10218017,0.0063535497,0.5584455,0.008532152,0.024629427,0.0049161115,1.2679049,0.59183776,null,null,null,null,"TWOGAUSSIANS",8,3.9475577,0.5584455,0.008532152,0.13792479,0.027530223,1.2679049,0.59183776,0.36014593,0.0017271366,0.13373892,0.01579229,0.10218017,0.0063535497
375316653866487564,4260125735345316992,0.45256445,2269.4009820446736,0.42112032117055304,1.2272669E-4,18.924694,0.007979736,0.35151067,0.006227989,0.040307775,0.010070354,1.1734922,5.912858,0.6577072,0.02159923,0.04648797,0.027285088,0.03861547,0.020663563,null,null,null,null,"TWOGAUSSIANS",8,1.6767956,0.35151067,0.006227989,0.22572355,0.05639398,1.1734922,5.912858,0.6577072,0.02159923,0.2603326,0.15279649,0.03861547,0.020663563
375316653866487564,4260125907144008448,0.54116833,2227.8776473314947,2.6405798745104296,2.9002682E-5,16.879356,0.006421896,0.21585193,0.0077068545,0.091221064,0.010211144,0.14623822,0.0076741097,0.7198268,0.009792172,0.08836689,0.012082919,0.14509857,0.026535077,null,null,null,null,"TWOGAUSSIANS",8,8.727372,0.21585193,0.0077068545,0.4,0.0,0.14055921,0.006363781,0.7198268,0.009792172,0.4,0.0,0.13941962,0.027681338
375316653866487564,4260126078941681280,0.6349655,2239.7604206859696,0.07904803077995663,2.7127497E-5,15.554503,8.4213185E-4,0.2998774,0.0029429384,0.017070528,0.0014850441,0.20179017,0.028210448,0.91177607,0.04277797,0.03909833,0.024591036,0.008472335,0.0011847419,null,null,null,null,"TWOGAUSSIANS",8,2.0808554,0.2998774,0.0029429384,0.09559495,0.008316247,0.20179017,0.028210448,0.91177607,0.04277797,0.21895064,0.13770981,0.008472335,0.0011847419
375316653866487564,4260127900007957248,0.65330696,2267.3991688425767,2.4733296251722097,4.502906E-6,17.821379,0.012339336,0.24990799,0.0015784728,0.05239781,0.005350158,0.36964247,0.029234856,0.7523873,0.0016341682,0.047882862,0.0041168854,0.34586248,0.031068586,0.116242535,0.016732063,0.24990799,0.0015784728,"TWOGAUSSIANS_WITH_ELLIPSOIDAL_ON_ECLIPSE1",9,4.152328,0.24990799,0.0015784728,0.29342774,0.029960886,0.60212266,0.023368808,0.7523873,0.0016341682,0.268144,0.023054559,0.57828623,0.023289992
375316653866487564,4260129098284104448,0.625801,2256.8795326216723,2.525585857028782,7.443366E-6,17.087862,0.009575069,0.29050165,0.0032696817,0.052722674,0.007787997,0.25095162,0.020454917,0.7947163,0.01969645,0.0436565,0.013957295,0.22356197,0.052903946,0.10951157,0.010676284,0.29050165,0.0032696817,"TWOGAUSSIANS_WITH_ELLIPSOIDAL_ON_ECLIPSE1",9,4.1527624,0.29050165,0.0032696817,0.29524696,0.043612782,0.46997145,0.0065267175,0.7947163,0.01969645,0.2444764,0.07816085,0.44242826,0.051425297
375316653866487564,4260129510601000960,0.65755814,2225.354871663942,1.2824947427064424,5.950453E-6,16.090874,0.004221882,0.31324598,0.0028704617,0.08692771,0.0030295954,0.29586613,0.008138524,0.8095749,0.0011914799,0.08987226,0.0022540735,0.30039516,0.005823977,null,null,null,null,"TWOGAUSSIANS",8,4.582328,0.8095749,0.0011914799,0.4,0.0,0.29008877,0.0060331686,0.31324598,0.0028704617,0.4,0.0,0.2855598,0.008035186
375316653866487564,4260129751119195392,0.5299073,2240.454509104813,2.154484805826689,1.6608529E-4,17.646793,0.00495443,0.12164975,5.600102E-4,0.012022084,0.0019477714,0.028082881,0.004441855,0.6242397,0.064761266,0.07409688,0.07173934,0.15172249,0.11216605,null,null,null,null,"TWOGAUSSIANS",8,1.9451691,0.6242397,0.064761266,0.4,0.0028879421,0.15172248,0.112501755,0.12164975,5.6261296E-4,0.06732366,0.01090752,0.028082874,0.004223368
375316653866487564,4260130438313970688,0.5721234,2226.284891227645,1.2193515054343231,4.2721742E-5,19.032104,0.013394062,0.33118638,0.003786872,0.09257444,0.009026075,0.5089051,0.061024003,0.6994927,0.022409985,0.053484015,0.025264796,0.0532134,0.018990887,null,null,null,null,"TWOGAUSSIANS",8,1.8003694,0.33118638,0.003786872,0.4,0.0,0.5088686,0.061038215,0.6994927,0.022409985,0.29951048,0.14148284,0.05336288,0.018989796
375316653866487564,4260130648760088704,0.5483348,2237.4137089375286,3.001566209665295,5.3769825E-5,18.908247,0.028188264,0.23438667,0.005121199,0.09037248,0.012732143,0.33915192,0.028487934,0.743211,0.021093776,0.073184095,0.02273628,0.37428546,0.06728371,null,null,null,null,"TWOGAUSSIANS",8,4.8006296,0.743211,0.021093776,0.4,0.06997805,0.36871344,0.058231175,0.23438667,0.005121199,0.4,0.0,0.33357972,0.02394124
375316653866487564,4260132332414480896,0.5754629,2257.0964210426696,1.0636642804320835,6.474864E-5,16.97273,0.002050917,0.5021473,0.0062220576,0.05172347,0.006081085,0.5238503,0.020573698,null,null,null,null,null,null,null,null,null,null,"ONEGAUSSIAN",5,23.035652,0.5021473,0.0062220576,0.28965142,0.03405408,0.5238503,0.0,null,null,null,null,null,null
375316653866487564,4260132637337187712,0.62169427,2267.141101242001,0.9597584093755211,1.4476231E-5,18.287989,0.006815758,0.2790414,0.0014390108,0.023437187,0.0012382515,0.69778436,0.014849127,null,null,null,null,null,null,null,null,null,null,"ONEGAUSSIAN",5,5.9975452,0.2790414,0.0014390108,0.13124825,0.0069342083,0.69778436,0.0,null,null,null,null,null,null
375316653866487564,4260133328846467328,0.5358903,2233.2544802450425,1.7027568765793184,4.3052984E-5,17.108366,0.0042112623,0.573217,0.114716396,0.05353786,0.07325807,0.03835277,93718.52,0.391187,0.008044872,0.04550656,0.0063663577,0.35936978,0.029209008,null,null,null,null,"TWOGAUSSIANS",8,25.13774,0.391227,0.007719959,0.25483674,0.0356516,0.3594884,0.030339893,0.57236695,0.18118812,0.29981202,0.40247017,0.03847778,93718.51
375316653866487564,4260134634489024256,0.59162974,2192.7507194374084,2.775445241443586,1.9821548E-5,19.517344,0.01264658,0.22828688,0.0038508475,0.073043644,0.0039968584,0.59687483,0.024101416,0.71982735,0.004620845,0.07133542,0.0047399113,0.51540166,0.026215889,null,null,null,null,"TWOGAUSSIANS",8,1.2634486,0.22828688,0.0038508475,0.4,0.0023804072,0.59462464,0.02394834,0.71982735,0.004620845,0.39947835,0.01768797,0.5131514,0.026321705
