Gaia/vari_eclipsing_binary/VariEclipsingBinary_668169-668182.csv
# %ECSV 1.0
# ---
# delimiter: ','
# meta: !!omap
# - RELEASE: Gaia DR3
# - TABLE: vari_eclipsing_binary
# - DESCRIPTION: >
#     This table describes the properties of the eclipsing binaries resulting from the variability analysis. 
# - CITATION: >
#     How to cite and acknowledge Gaia: 
#     https://gea.esac.esa.int/archive/documentation/credits.html 
# - KNOWN_ISSUES: >
#     Known issues: 
#     https://www.cosmos.esa.int/web/gaia-users/known-issues 
# - DOCUMENTATION: >
#     Tutorials and documentation: 
#     https://www.cosmos.esa.int/web/gaia-users/archive 
# datatype:
# - 
#   name: solution_id
#   datatype: int64
#   description: Solution Identifier
#   meta:
#     ucd: meta.version
# - 
#   name: source_id
#   datatype: int64
#   description: Unique source identifier
#   meta:
#     ucd: meta.id;meta.main
# - 
#   name: global_ranking
#   datatype: float32
#   description: Number between 0 (worst) and 1 (best)
#   meta:
#     ucd: stat.param
# - 
#   name: reference_time
#   datatype: float64
#   unit: d
#   description: Reference time used for the geometric model fit
#   meta:
#     ucd: time.epoch
# - 
#   name: frequency
#   datatype: float64
#   unit: d**-1
#   description: Frequency of geometric model of the eclipsing binary light curve
#   meta:
#     ucd: src.orbital
# - 
#   name: frequency_error
#   datatype: float32
#   unit: d**-1
#   description: "Uncertainty of \\texttt{frequency}"
#   meta:
#     ucd: stat.error
# - 
#   name: geom_model_reference_level
#   datatype: float32
#   unit: mag
#   description: Magnitude reference level of geometric model
#   meta:
#     ucd: phot.mag;em.opt
# - 
#   name: geom_model_reference_level_error
#   datatype: float32
#   unit: mag
#   description: "Uncertainty of \\texttt{geomModelReferenceLevel}"
#   meta:
#     ucd: stat.error;phot.mag;em.opt
# - 
#   name: geom_model_gaussian1_phase
#   datatype: float32
#   description: Phase of the Gaussian 1 component
#   meta:
#     ucd: time.phase
# - 
#   name: geom_model_gaussian1_phase_error
#   datatype: float32
#   description: "Uncertainty of \\texttt{geomModelGaussian1Phase}"
#   meta:
#     ucd: stat.error;time.phase
# - 
#   name: geom_model_gaussian1_sigma
#   datatype: float32
#   description: "Standard deviation [phase] of Gaussian 1 component"
#   meta:
#     ucd: stat.stdev
# - 
#   name: geom_model_gaussian1_sigma_error
#   datatype: float32
#   description: "Uncertainty of \\texttt{geomModelGaussian1Sigma}"
#   meta:
#     ucd: stat.error
# - 
#   name: geom_model_gaussian1_depth
#   datatype: float32
#   unit: mag
#   description: Magnitude depth of Gaussian 1 component
#   meta:
#     ucd: src.var.amplitude
# - 
#   name: geom_model_gaussian1_depth_error
#   datatype: float32
#   unit: mag
#   description: "Uncertainty of \\texttt{geomModelGaussian1Depth}"
#   meta:
#     ucd: stat.error;src.var.amplitude
# - 
#   name: geom_model_gaussian2_phase
#   datatype: float32
#   description: Phase of Gaussian 2 component
#   meta:
#     ucd: time.phase
# - 
#   name: geom_model_gaussian2_phase_error
#   datatype: float32
#   description: "Uncertainty of \\texttt{geomModelGaussian2Phase}"
#   meta:
#     ucd: stat.error;time.phase
# - 
#   name: geom_model_gaussian2_sigma
#   datatype: float32
[...]
#   datatype: float32
#   description: "Secondary eclipse: uncertainty of \\texttt{derivedSecondaryEclDuration}"
#   meta:
#     ucd: stat.error;time.duration
# - 
#   name: derived_secondary_ecl_depth
#   datatype: float32
#   unit: mag
#   description: "Secondary eclipse: depth"
#   meta:
#     ucd: src.var.amplitude
# - 
#   name: derived_secondary_ecl_depth_error
#   datatype: float32
#   unit: mag
#   description: "Secondary eclipse: uncertainty of \\texttt{derivedSecondaryEclDepth}"
#   meta:
#     ucd: stat.error;src.var.amplitude
solution_id,source_id,global_ranking,reference_time,frequency,frequency_error,geom_model_reference_level,geom_model_reference_level_error,geom_model_gaussian1_phase,geom_model_gaussian1_phase_error,geom_model_gaussian1_sigma,geom_model_gaussian1_sigma_error,geom_model_gaussian1_depth,geom_model_gaussian1_depth_error,geom_model_gaussian2_phase,geom_model_gaussian2_phase_error,geom_model_gaussian2_sigma,geom_model_gaussian2_sigma_error,geom_model_gaussian2_depth,geom_model_gaussian2_depth_error,geom_model_cosine_half_period_amplitude,geom_model_cosine_half_period_amplitude_error,geom_model_cosine_half_period_phase,geom_model_cosine_half_period_phase_error,model_type,num_model_parameters,reduced_chi2,derived_primary_ecl_phase,derived_primary_ecl_phase_error,derived_primary_ecl_duration,derived_primary_ecl_duration_error,derived_primary_ecl_depth,derived_primary_ecl_depth_error,derived_secondary_ecl_phase,derived_secondary_ecl_phase_error,derived_secondary_ecl_duration,derived_secondary_ecl_duration_error,derived_secondary_ecl_depth,derived_secondary_ecl_depth_error
[from data line 143]
375316653866487564,5877307194361515008,0.45050982,2208.2879442949416,1.202250257634173,2.4484934E-5,19.905977,0.01463063,0.15312605,0.010412594,0.047107965,0.016558358,0.29342288,0.047949888,0.588821,0.0023683617,0.0047305846,0.0018424981,0.11325566,0.06506624,0.07907165,0.016574433,0.15312605,0.010412594,"TWOGAUSSIANS_WITH_ELLIPSOIDAL_ON_ECLIPSE1",9,5.979998,0.15312605,0.010412594,0.2638046,0.092726804,0.45156565,0.04330214,0.588961,0.0023057645,0.026491273,0.01031799,0.24700727,0.0593747
375316653866487564,5877307877199524096,0.5700606,2216.825249025798,2.743614522337542,7.1471327E-6,16.683626,0.0054442436,0.23817927,0.0019982548,0.08781749,0.0031800265,0.252284,0.005975922,0.74365157,0.001434268,0.087636165,0.0030428837,0.24807253,0.006542584,null,null,null,null,"TWOGAUSSIANS",8,10.982546,0.23817927,0.0019982548,0.4,0.0,0.2443958,0.005321211,0.74365157,0.001434268,0.4,0.0,0.24018438,0.0063047097
375316653866487564,5877307984674384000,0.5445162,2210.456575673322,2.972787572353046,1.4125549E-5,18.99998,0.009352367,0.262341,0.002043488,0.07169716,0.004564187,0.6107504,0.042306907,0.75806427,0.004149422,0.06443138,0.004039566,0.58890605,0.030446863,null,null,null,null,"TWOGAUSSIANS",8,6.0008526,0.262341,0.002043488,0.4,0.008526815,0.60949427,0.042832047,0.75806427,0.004149422,0.36081573,0.02262157,0.5876499,0.030561881
375316653866487564,5877308465710848896,0.43801135,2214.5386761415675,0.8831370454920973,1.074903E-4,18.091795,0.003824489,0.2910087,2.424538E-4,0.014206389,3.6197985E-4,0.23595314,0.004382851,0.74932617,0.028030843,0.053047113,0.02211757,0.049993426,0.010522432,null,null,null,null,"TWOGAUSSIANS",8,10.027216,0.2910087,2.424538E-4,0.07955577,0.0020270871,0.23595314,0.004382851,0.74932617,0.028030843,0.29706383,0.12385839,0.049993426,0.010522432
375316653866487564,5877309049786437248,0.53987026,2241.662248664906,2.4192140377697267,1.5209045E-5,18.608992,0.020595826,0.32463172,0.004571258,0.10314919,0.0076186894,0.38542867,0.022635635,0.81900865,0.0026009004,0.10140034,0.006719527,0.35651496,0.019341953,null,null,null,null,"TWOGAUSSIANS",8,3.4385557,0.32463172,0.004571258,0.4,0.0,0.35049325,0.0107783275,0.81900865,0.0026009004,0.4,0.0,0.321582,0.0118336575
375316653866487564,5877309324704387200,0.4440629,2201.9841242559223,1.4679485574384614,2.2131511E-5,16.161283,0.0037628827,0.40764078,0.02417323,0.0144936275,0.012281956,0.041442055,0.021981325,0.71341115,0.002331985,0.029862382,0.00451216,0.20847513,0.039363746,0.017794255,0.006225736,0.71341115,0.002331985,"TWOGAUSSIANS_WITH_ELLIPSOIDAL_ON_ECLIPSE2",9,48.934296,0.71341115,0.002331985,0.16722934,0.025268096,0.24406336,0.041516624,0.4069008,0.02545246,0.081164315,0.068778954,0.045689072,0.025716197
375316653866487564,5877310252377294976,0.5032656,2233.332590310556,3.1436636674329796,1.7925035E-5,18.404165,0.013040648,0.27471307,0.0154279405,0.07619275,0.023626268,0.19375803,0.015265679,0.76388186,0.004169438,0.06562093,0.006148651,0.20026432,0.012333936,null,null,null,null,"TWOGAUSSIANS",8,4.8534408,0.76388186,0.004169438,0.36747718,0.034432445,0.19966725,0.010369808,0.27471307,0.0154279405,0.4,0.0025127758,0.19316095,0.015039144
375316653866487564,5877310321136832640,0.6794898,2210.9603319157786,2.016884808455969,2.1612573E-6,12.973321,0.009612713,0.271998,0.00151082,0.058137786,0.0032945133,0.24687943,0.018564565,0.77052546,6.6376006E-4,0.063535094,0.0046730707,0.14688408,0.018165205,0.08036728,0.010000789,0.77052546,6.6376006E-4,"TWOGAUSSIANS_WITH_ELLIPSOIDAL_ON_ECLIPSE2",9,39.237156,0.271778,0.001280897,0.3255716,0.018449275,0.40751666,0.004090604,0.77052546,6.6376006E-4,0.35579655,0.026169198,0.30753303,0.0060074385
375316653866487564,5877310458536090880,0.5014651,2202.02869933551,0.29873477145023514,2.4735746E-5,19.431753,0.008899119,0.21532536,0.01602077,0.030562818,0.010253746,0.699595,0.10923074,0.7121944,0.0075389612,0.017099416,0.0044851936,0.21133934,0.046227448,null,null,null,null,"TWOGAUSSIANS",8,5.349988,0.21532536,0.01602077,0.17115179,0.05742098,0.699595,0.10923074,0.7121944,0.0075389612,0.09575673,0.025117086,0.21133934,0.046227448
375316653866487564,5877310492895543808,0.6088039,2219.958292262449,2.9568710935768916,4.2031584E-6,17.059328,0.007831628,0.23677057,0.0015505343,0.09999716,0.00385243,0.2593613,0.0073359767,0.73489136,0.0020248587,0.093079336,0.0038648385,0.3165908,0.0074397516,null,null,null,null,"TWOGAUSSIANS",8,4.21535,0.73489136,0.0020248587,0.4,0.0,0.29716134,0.00528066,0.23677057,0.0015505343,0.4,0.0,0.23993027,0.005006987
375316653866487564,5877310527295274624,0.445254,2194.586766955961,0.2718100052907578,3.474131E-5,17.151842,0.007944667,0.22425011,0.0047882292,0.026797364,0.0058204737,0.47255325,0.23558554,0.63096577,0.10809212,0.039403815,0.06025681,0.34363645,0.91095614,null,null,null,null,"TWOGAUSSIANS",8,34.943317,0.22425011,0.0047884467,0.15006523,0.03259465,0.47255325,0.23558787,0.63096577,0.10809212,0.22066136,0.1988498,0.34363645,0.9109562
375316653866487564,5877310630334743552,0.49534675,2185.878179377171,1.9140115598152143,1.3965175E-5,19.703842,0.023937218,0.2602305,0.0036402203,0.06877552,0.008748128,0.5854762,0.09822849,0.76798356,0.01252788,0.05800961,0.0060728705,0.3082591,0.042429443,null,null,null,null,"TWOGAUSSIANS",8,3.9071834,0.2602305,0.0036402203,0.38514292,0.044280577,0.58519053,0.098463245,0.76798356,0.01252788,0.3248538,0.034008075,0.30797336,0.04238758
375316653866487564,5877310836493129088,0.43599927,2232.5394434901264,3.1047672297772357,5.6782603E-5,19.950693,0.022886254,null,null,null,null,null,null,null,null,null,null,null,null,0.16771688,0.047524177,0.21369845,0.007168148,"ELLIPSOIDAL",4,10.864162,null,null,null,null,null,null,null,null,null,null,null,null
375316653866487564,5877311244457201920,0.5369758,2226.7472340352992,0.4089631788383622,3.349048E-5,18.013962,0.002070904,0.22321558,0.039956044,0.026123362,0.024310973,0.3319041,0.33729905,0.7241129,8.030246E-4,0.02539875,8.9288194E-4,0.31496194,0.028722212,null,null,null,null,"TWOGAUSSIANS",8,2.8432097,0.22321558,0.039956044,0.14629082,0.13614145,0.3319041,0.33729905,0.7241129,8.030246E-4,0.142233,0.005000139,0.31496194,0.028722212
375316653866487564,5877311489368042880,0.61187613,2203.931767742112,0.8331436422931963,5.9265494E-6,15.061921,0.048985384,0.22035868,0.0016390511,0.11835031,0.0123557625,0.24440956,0.046023794,0.7267334,0.0020315293,0.14116792,0.024428843,0.1840961,0.047799464,null,null,null,null,"TWOGAUSSIANS",8,10.225261,0.22020867,0.0016686475,0.4,0.0,0.18348062,0.0040787025,0.7267834,0.002061349,0.4,0.0,0.122530475,0.0031173956
375316653866487564,5877311729886224640,0.62133175,2213.2536777849105,2.264446884998531,8.936104E-6,17.153622,0.011888904,0.28439105,0.0019298422,0.09208446,0.003364109,0.4356365,0.012482372,0.78763497,0.0035150659,0.09562718,0.0054469034,0.40677872,0.012182262,null,null,null,null,"TWOGAUSSIANS",8,7.911541,0.28439105,0.0019298422,0.4,0.0,0.41251248,0.008046708,0.78763497,0.0035150659,0.4,0.0,0.3836541,0.006896082
375316653866487564,5877311798605709568,0.48383254,2185.840982641222,0.1288255001193351,7.984763E-6,18.559416,0.0031008085,0.31991976,0.009394424,0.033528306,0.0102909915,0.034491163,0.012408364,0.7441794,0.0013611459,0.0062546832,6.710647E-4,0.31265312,0.03947347,null,null,null,null,"TWOGAUSSIANS",8,2.5349908,0.7441794,0.0013611459,0.035026226,0.0037579623,0.31265312,0.03947347,0.31991976,0.009394424,0.18775852,0.05762955,0.034491163,0.012408364
375316653866487564,5877311867288909056,0.47100914,2122.2399697817546,0.192706031167887,5.2790483E-6,18.610065,0.0041577998,0.53662485,0.0025407146,0.00440991,0.0016713077,0.34387767,0.20486133,0.672901,0.005371603,0.02671847,0.0073744887,0.42373303,0.10300273,null,null,null,null,"TWOGAUSSIANS",8,1.7120262,0.672901,0.005371603,0.14962342,0.041297138,0.42373303,0.10300273,0.53662485,0.0025407146,0.024695497,0.0093593225,0.34387863,0.20486246
375316653866487564,5877312142204006528,0.62099653,2212.7592074153067,2.7262650777572848,4.7961084E-6,17.169909,0.018450305,0.22918545,0.0014852493,0.053783517,0.004315183,0.39485863,0.038290914,0.72363,0.0065919114,0.05223708,0.007508123,0.5220076,0.034656208,0.088344336,0.021304911,0.22918545,0.0014852493,"TWOGAUSSIANS_WITH_ELLIPSOIDAL_ON_ECLIPSE1",9,16.29774,0.72401005,0.006209983,0.29252765,0.04204549,0.69848406,0.017276997,0.22918545,0.0014852493,0.3011877,0.024165025,0.5715357,0.022405013
375316653866487564,5877312142204017024,0.46092385,2206.118983260366,2.07609149133636,1.39015265E-5,16.173292,0.0011433956,0.26014453,0.0055126725,0.018075196,0.002054476,0.12484765,0.024117395,0.7770759,0.04316796,0.011026757,0.010821028,0.016209655,0.017882923,null,null,null,null,"TWOGAUSSIANS",8,7.2510076,0.26014453,0.0055126725,0.1012211,0.0115050655,0.12484765,0.024117395,0.7770759,0.04316796,0.061749842,0.060597755,0.016209655,0.017882923
375316653866487564,5877312451407859200,0.4319301,2202.5729522463544,1.812419884926508,4.563875E-5,19.144386,0.004924899,null,null,null,null,null,null,null,null,null,null,null,null,0.06363459,0.0064130095,0.25763404,0.009790059,"ELLIPSOIDAL",4,5.926695,null,null,null,null,null,null,null,null,null,null,null,null
375316653866487564,5877312554483866752,0.62838954,2229.2435004529975,3.247836157580493,4.1897943E-6,18.32668,0.00677722,0.23457986,9.550736E-4,0.049621508,0.0022454767,0.34992665,0.015111396,0.7327117,0.0028991774,0.05624797,0.00258247,0.3987194,0.021910744,0.11008239,0.008551161,0.23457986,9.550736E-4,"TWOGAUSSIANS_WITH_ELLIPSOIDAL_ON_ECLIPSE1",9,2.2113674,0.7329417,0.002581499,0.3149886,0.014461832,0.6188379,0.016694382,0.23457986,9.550736E-4,0.27788046,0.01257467,0.57007176,0.008687192
375316653866487564,5877313409118071808,0.6285069,2185.710774587902,3.2452267010363585,5.857559E-6,16.238644,0.00883993,0.2812705,0.0011888256,0.047481,0.0037116385,0.3093271,0.027785495,0.78080076,0.0017160708,0.046431545,0.0032674074,0.4329862,0.017779807,0.11312686,0.010950518,0.2812705,0.0011888256,"TWOGAUSSIANS_WITH_ELLIPSOIDAL_ON_ECLIPSE1",9,27.358658,0.78084075,0.0016189292,0.26001665,0.018297482,0.6592371,0.021343704,0.2812705,0.0011888256,0.2658936,0.020785175,0.5355798,0.02825769
375316653866487564,5877313722715677568,0.55939573,2175.3510651574416,2.684427852062636,7.85554E-6,19.433481,0.0074300193,0.22839557,0.0020780005,0.07521776,0.0032510338,0.55364054,0.019105056,0.7328123,0.004858114,0.07700739,0.005820663,0.5348215,0.028811757,null,null,null,null,"TWOGAUSSIANS",8,1.9199587,0.22839557,0.0020780005,0.4,0.0,0.5491498,0.0195768,0.7328123,0.004858114,0.4,0.0,0.5303308,0.02970515
375316653866487564,5877313894514661888,0.45527494,2193.230973112083,1.8588517272066625,3.485077E-5,18.990187,0.09898897,0.25999376,0.01099981,0.10880555,0.04462195,0.12192447,0.09500342,0.7638846,0.010279752,0.098539375,0.055502307,0.1883212,0.058382366,null,null,null,null,"TWOGAUSSIANS",8,3.5389428,0.7638846,0.010280122,0.4,0.0,0.17281273,0.043155126,0.25999376,0.010961155,0.4,0.0,0.106410556,0.010686628
375316653866487564,5877314306831186944,0.56069785,2240.022866155973,1.6238301776776787,4.8354113E-6,18.511818,0.006677125,0.264638,0.0024958402,0.03207778,0.0044725984,0.1814826,0.016157044,0.75599235,0.0062792418,0.044321936,0.00668818,0.41764092,0.0448893,0.062203288,0.008269905,0.264638,0.0024958402,"TWOGAUSSIANS_WITH_ELLIPSOIDAL_ON_ECLIPSE1",9,3.004366,0.75637233,0.006111379,0.24820285,0.037453808,0.54169667,0.04622475,0.264638,0.0024958402,0.17963557,0.025046552,0.30588895,0.018685121
375316653866487564,5877314341190697984,0.46598813,2237.8596226072896,4.16724842725451,3.198611E-5,19.84463,0.024056416,0.40155497,0.009287078,0.14442432,0.01712741,0.53218627,0.04475849,0.8067715,0.020308267,0.013780457,0.0196593,0.10287999,0.07264376,null,null,null,null,"TWOGAUSSIANS",8,5.2484226,0.40155497,0.009287078,0.4,0.0,0.5295288,0.04654,0.8067715,0.020308267,0.07717056,0.11009208,0.11072372,0.07255975
375316653866487564,5877314719148136832,0.49956638,2203.516750129446,2.5432983962578395,2.8014094E-5,19.725346,0.029162414,0.30378267,0.01721292,0.08916543,0.023940453,0.2621734,0.053493254,0.78793234,0.0078179985,0.08808432,0.008514915,0.3229148,0.03367251,null,null,null,null,"TWOGAUSSIANS",8,2.738029,0.78793234,0.0078179985,0.4,0.0,0.3145005,0.024666531,0.30378267,0.01721292,0.4,9.2956604E-4,0.25375912,0.05496192
375316653866487564,5877314753544952448,0.66257054,2233.162573356428,0.6898979892775225,1.7059936E-5,16.124807,0.0016594012,0.66871846,3.8502284E-4,0.010945391,0.0015378629,6.837004,4.669412,null,null,null,null,null,null,null,null,null,null,"ONEGAUSSIAN",5,11.8538685,0.66871846,3.8502284E-4,0.06129419,0.008612033,6.837004,0.0,null,null,null,null,null,null
375316653866487564,5877314822231592448,0.55586815,2230.831160845397,1.7427818765532836,1.8022482E-5,19.119087,0.009180275,0.23082213,0.004120679,0.060727097,0.0058044856,0.3318165,0.014755014,0.71803415,0.004160462,0.05962124,0.00407231,0.4758213,0.012269729,null,null,null,null,"TWOGAUSSIANS",8,3.5483034,0.71803415,0.004160462,0.33387896,0.022804936,0.47573078,0.012248135,0.23082213,0.004120679,0.34007174,0.032505117,0.33172598,0.014733781
375316653866487564,5877314925306774016,0.46816593,2179.369484882276,1.2030933320553032,3.1436128E-5,18.509272,0.00732804,0.39112285,0.0016295295,0.029619146,0.0016609954,0.5732138,0.025572281,null,null,null,null,null,null,null,null,null,null,"ONEGAUSSIAN",5,20.616076,0.39112285,0.0016295295,0.16586721,0.009301574,0.5732138,0.0,null,null,null,null,null,null
375316653866487564,5877315028390018432,0.5102309,2222.367332188037,1.0548791978713434,1.22763595E-5,18.397892,0.016941184,0.12925705,0.003764117,0.064713195,0.0070241992,0.31130427,0.023160037,0.6343552,0.0037032678,0.07500432,0.007803465,0.2504459,0.013751871,null,null,null,null,"TWOGAUSSIANS",8,9.469149,0.12925705,0.003764117,0.3623939,0.039335515,0.3105029,0.022959918,0.6343552,0.0037032678,0.4,0.016616795,0.2496445,0.013247057
375316653866487564,5877315131502000000,0.59319377,2228.2191036918803,1.7762824241327722,5.6804033E-6,18.234829,0.004219791,0.26919314,0.0019250733,0.072517134,0.0027651608,0.27492416,0.008477725,0.76694685,0.001765812,0.07668784,0.002592613,0.48065627,0.019926269,null,null,null,null,"TWOGAUSSIANS",8,2.2513602,0.76694685,0.001765812,0.4,0.0,0.47812715,0.02029411,0.26919314,0.0019250733,0.4,0.0,0.27239504,0.008641188
375316653866487564,5877315234544465792,0.49833044,2217.6667984015735,1.5306915129209473,2.6214517E-5,18.426306,0.012087952,0.25021723,0.010467051,0.04645862,0.021843538,0.9379856,0.6670419,0.7825938,0.0030214032,0.028452137,0.005162057,0.1811577,0.02121337,0.018317843,0.014882714,0.25021723,0.010467051,"TWOGAUSSIANS_WITH_ELLIPSOIDAL_ON_ECLIPSE1",9,15.935792,0.25021723,0.010467051,0.26016828,0.12232381,0.97462076,0.6719318,0.7825938,0.0030214032,0.15933196,0.028907519,0.21629755,0.014809928
375316653866487564,5877315333267865600,0.4858475,2214.146060447895,3.0703707424942475,3.659861E-5,18.829365,0.0048544104,0.24352153,0.010097671,0.07817755,0.007641782,0.12802756,0.013250653,0.7375026,0.005380756,0.076599374,0.009015642,0.14259034,0.009849596,null,null,null,null,"TWOGAUSSIANS",8,1.9187773,0.7375026,0.005380756,0.4,0.0,0.14130083,0.010226185,0.24352153,0.010097671,0.4,0.0,0.12673806,0.013003627
375316653866487564,5877315646897678208,0.51502866,2202.0768334047125,0.69040832868215,1.1261991E-5,16.308968,0.00377337,0.23419972,0.011607546,0.012072696,0.012879835,0.193999,0.10470038,0.7338258,0.0051343483,0.015067604,0.0040851915,0.29820055,0.026196605,0.006001826,0.0063141575,0.23419972,0.011607546,"TWOGAUSSIANS_WITH_ELLIPSOIDAL_ON_ECLIPSE1",9,38.470566,0.7338258,0.005134202,0.084378585,0.022877071,0.31020412,0.0271429,0.23419972,0.011607546,0.0676071,0.07212708,0.20600264,0.10212576
