Gaia/vari_eclipsing_binary/VariEclipsingBinary_030436-030827.csv
# %ECSV 1.0
# ---
# delimiter: ','
# meta: !!omap
# - RELEASE: Gaia DR3
# - TABLE: vari_eclipsing_binary
# - DESCRIPTION: >
#     This table describes the properties of the eclipsing binaries resulting from the variability analysis. 
# - CITATION: >
#     How to cite and acknowledge Gaia: 
#     https://gea.esac.esa.int/archive/documentation/credits.html 
# - KNOWN_ISSUES: >
#     Known issues: 
#     https://www.cosmos.esa.int/web/gaia-users/known-issues 
# - DOCUMENTATION: >
#     Tutorials and documentation: 
#     https://www.cosmos.esa.int/web/gaia-users/archive 
# datatype:
# - 
#   name: solution_id
#   datatype: int64
#   description: Solution Identifier
#   meta:
#     ucd: meta.version
# - 
#   name: source_id
#   datatype: int64
#   description: Unique source identifier
#   meta:
#     ucd: meta.id;meta.main
# - 
#   name: global_ranking
#   datatype: float32
#   description: Number between 0 (worst) and 1 (best)
#   meta:
#     ucd: stat.param
# - 
#   name: reference_time
#   datatype: float64
#   unit: d
#   description: Reference time used for the geometric model fit
#   meta:
#     ucd: time.epoch
# - 
#   name: frequency
#   datatype: float64
#   unit: d**-1
#   description: Frequency of geometric model of the eclipsing binary light curve
#   meta:
#     ucd: src.orbital
# - 
#   name: frequency_error
#   datatype: float32
#   unit: d**-1
#   description: "Uncertainty of \\texttt{frequency}"
#   meta:
#     ucd: stat.error
# - 
#   name: geom_model_reference_level
#   datatype: float32
#   unit: mag
#   description: Magnitude reference level of geometric model
#   meta:
#     ucd: phot.mag;em.opt
# - 
#   name: geom_model_reference_level_error
#   datatype: float32
#   unit: mag
#   description: "Uncertainty of \\texttt{geomModelReferenceLevel}"
#   meta:
#     ucd: stat.error;phot.mag;em.opt
# - 
#   name: geom_model_gaussian1_phase
#   datatype: float32
#   description: Phase of the Gaussian 1 component
#   meta:
#     ucd: time.phase
# - 
#   name: geom_model_gaussian1_phase_error
#   datatype: float32
#   description: "Uncertainty of \\texttt{geomModelGaussian1Phase}"
#   meta:
#     ucd: stat.error;time.phase
# - 
#   name: geom_model_gaussian1_sigma
#   datatype: float32
#   description: "Standard deviation [phase] of Gaussian 1 component"
#   meta:
#     ucd: stat.stdev
# - 
#   name: geom_model_gaussian1_sigma_error
#   datatype: float32
#   description: "Uncertainty of \\texttt{geomModelGaussian1Sigma}"
#   meta:
#     ucd: stat.error
# - 
#   name: geom_model_gaussian1_depth
#   datatype: float32
#   unit: mag
#   description: Magnitude depth of Gaussian 1 component
#   meta:
#     ucd: src.var.amplitude
# - 
#   name: geom_model_gaussian1_depth_error
#   datatype: float32
#   unit: mag
#   description: "Uncertainty of \\texttt{geomModelGaussian1Depth}"
#   meta:
#     ucd: stat.error;src.var.amplitude
# - 
#   name: geom_model_gaussian2_phase
#   datatype: float32
#   description: Phase of Gaussian 2 component
#   meta:
#     ucd: time.phase
# - 
#   name: geom_model_gaussian2_phase_error
#   datatype: float32
#   description: "Uncertainty of \\texttt{geomModelGaussian2Phase}"
#   meta:
#     ucd: stat.error;time.phase
# - 
#   name: geom_model_gaussian2_sigma
#   datatype: float32
[...]
#   datatype: float32
#   description: "Secondary eclipse: uncertainty of \\texttt{derivedSecondaryEclDuration}"
#   meta:
#     ucd: stat.error;time.duration
# - 
#   name: derived_secondary_ecl_depth
#   datatype: float32
#   unit: mag
#   description: "Secondary eclipse: depth"
#   meta:
#     ucd: src.var.amplitude
# - 
#   name: derived_secondary_ecl_depth_error
#   datatype: float32
#   unit: mag
#   description: "Secondary eclipse: uncertainty of \\texttt{derivedSecondaryEclDepth}"
#   meta:
#     ucd: stat.error;src.var.amplitude
solution_id,source_id,global_ranking,reference_time,frequency,frequency_error,geom_model_reference_level,geom_model_reference_level_error,geom_model_gaussian1_phase,geom_model_gaussian1_phase_error,geom_model_gaussian1_sigma,geom_model_gaussian1_sigma_error,geom_model_gaussian1_depth,geom_model_gaussian1_depth_error,geom_model_gaussian2_phase,geom_model_gaussian2_phase_error,geom_model_gaussian2_sigma,geom_model_gaussian2_sigma_error,geom_model_gaussian2_depth,geom_model_gaussian2_depth_error,geom_model_cosine_half_period_amplitude,geom_model_cosine_half_period_amplitude_error,geom_model_cosine_half_period_phase,geom_model_cosine_half_period_phase_error,model_type,num_model_parameters,reduced_chi2,derived_primary_ecl_phase,derived_primary_ecl_phase_error,derived_primary_ecl_duration,derived_primary_ecl_duration_error,derived_primary_ecl_depth,derived_primary_ecl_depth_error,derived_secondary_ecl_phase,derived_secondary_ecl_phase_error,derived_secondary_ecl_duration,derived_secondary_ecl_duration_error,derived_secondary_ecl_depth,derived_secondary_ecl_depth_error
[from data line 649]
375316653866487564,270684507036054144,0.5045381,2184.910672650724,3.571244941167805,1.2138401E-5,19.273275,0.012483546,0.2485825,0.0030897006,0.07601096,0.005904507,0.23787297,0.015089999,0.745022,0.007299768,0.097903356,0.00864893,0.180083,0.020764774,null,null,null,null,"TWOGAUSSIANS",8,1.2800318,0.2485825,0.0030897006,0.4,0.0,0.23180072,0.014179384,0.745022,0.007299768,0.4,0.0,0.17400996,0.020565443
375316653866487564,270690043253829760,0.5904859,2207.4452736303947,2.7713824760663934,6.6086973E-6,15.87773,0.019139484,0.25934592,0.003538227,0.09441253,0.007184452,0.45225078,0.01526647,0.76545286,0.0022227298,0.0964525,0.004484462,0.4579312,0.019428378,null,null,null,null,"TWOGAUSSIANS",8,54.04443,0.76545286,0.0022227298,0.4,0.0,0.4308719,0.01159422,0.25934592,0.003538227,0.4,0.0,0.42519212,0.011850989
375316653866487564,270691069751650816,0.5456709,2233.2310612246324,1.8770135130998362,8.959314E-6,18.215473,0.008521185,0.15425241,0.004073605,0.100282446,0.0063305357,0.16604663,0.010101842,0.6581234,0.003056892,0.07968875,0.004355113,0.31992176,0.0138286,null,null,null,null,"TWOGAUSSIANS",8,2.8724716,0.6581234,0.003056892,0.4,0.0,0.3112856,0.013902322,0.15425241,0.004073605,0.4,0.0,0.1574091,0.007934063
375316653866487564,270692272335755520,0.4812538,2228.436667722283,3.7463934146412345,2.1585243E-5,19.468721,0.47853056,0.31052625,0.019418469,0.09431001,0.059801802,0.25129452,0.38630265,0.8200483,0.016860344,0.09840998,0.11876052,0.19921306,0.46196872,null,null,null,null,"TWOGAUSSIANS",8,2.1349854,0.31052625,0.019618705,0.4,0.0,0.23777223,0.026361018,0.8200483,0.016860344,0.4,0.0,0.1856901,0.02796311
375316653866487564,270692860751856384,0.52160066,2225.8342943126277,0.6731817978297192,8.42104E-6,16.663557,0.0014118997,0.7413993,5.6953303E-4,0.020058982,0.0014313579,0.20832309,0.023599118,null,null,null,null,null,null,0.016881775,0.0021341725,0.7413993,5.6953303E-4,"ONEGAUSSIAN_WITH_ELLIPSOIDAL",6,3.9207299,0.7413993,5.6953303E-4,0.112330295,0.008015605,0.24208662,0.02559448,null,null,null,null,null,null
375316653866487564,270693066910271104,0.54137504,2241.5347897669417,0.6249920365434424,1.2735875E-4,13.58863,4.6459038E-4,0.12878284,0.0050882604,0.02577157,0.007849434,0.0083718905,0.0036749379,0.43409392,0.026368534,0.029697228,0.01158016,0.117584005,0.067717396,null,null,null,null,"TWOGAUSSIANS",8,9.406476,0.43409392,0.026368534,0.16630447,0.06484889,0.117584005,0.067717396,0.12878284,0.0050882604,0.14432079,0.043956835,0.0083718905,0.0036749379
375316653866487564,270694643157826688,0.57113427,2226.2379396235524,0.9188242353371928,1.06828165E-5,16.135004,0.0068728495,0.24432482,0.005239515,0.08940824,0.0042137816,0.3191395,0.023353897,0.733866,0.0025547864,0.059847675,0.0024401592,0.64136225,0.017038878,null,null,null,null,"TWOGAUSSIANS",8,21.764786,0.733866,0.0025547864,0.33514696,0.013664892,0.63900554,0.017036457,0.24432482,0.005239515,0.4,0.0,0.31678265,0.023383914
375316653866487564,270694716177671296,0.54457265,2207.123398071881,0.2341868750176186,4.313043E-5,18.755991,0.0048075714,0.40918344,0.0047936016,0.042101797,0.0052868156,0.058356747,0.008651317,0.7113001,0.013537144,0.013849569,0.003792219,2.8337703,1.7227904,0.016366223,0.0060609365,0.7113001,0.013537144,"TWOGAUSSIANS_WITH_ELLIPSOIDAL_ON_ECLIPSE2",9,5.7103877,0.7113001,0.013537144,0.077557586,0.021236427,2.8665025,1.7210374,0.40511346,0.0049705943,0.23577005,0.029606167,0.061997343,0.0090484675
375316653866487564,270699629620166656,0.60510695,2209.6333014199417,2.4050248737135664,5.907327E-6,18.060923,0.009487297,0.31529665,0.0023883563,0.083802596,0.003395812,0.4414672,0.013733467,0.8156439,0.0013891538,0.08546661,0.0026316068,0.40587488,0.010936509,null,null,null,null,"TWOGAUSSIANS",8,3.3008115,0.31529665,0.0023883563,0.4,0.0,0.4307501,0.013492869,0.8156439,0.0013891538,0.4,0.0,0.39515772,0.009688328
375316653866487564,270701824344427648,0.49567294,2190.3703882606733,3.6860533247399268,2.1407926E-5,18.325438,0.0071054227,0.2666341,0.0049509415,0.07454422,0.0060552326,0.24235933,0.013720974,0.77047825,0.0049558883,0.07845124,0.006602342,0.22842306,0.012133884,null,null,null,null,"TWOGAUSSIANS",8,6.300456,0.2666341,0.0049509415,0.4,0.0,0.24028394,0.013771653,0.77047825,0.0049558883,0.4,0.0,0.22634767,0.012602976
375316653866487564,270703164374244096,0.6440105,2245.580326144981,2.7376221458770935,4.9197797E-6,17.617392,0.012780081,0.28019762,0.002978021,0.048572432,0.0042018434,0.33704752,0.027092066,0.77866256,0.0019284973,0.04470813,0.0034462246,0.31586662,0.025723156,0.12833026,0.01682425,0.77866256,0.0019284973,"TWOGAUSSIANS_WITH_ELLIPSOIDAL_ON_ECLIPSE2",9,8.287576,0.2800076,0.0025559212,0.27200562,0.023530321,0.59368616,0.018207658,0.77866256,0.0019284973,0.25036553,0.019298857,0.5725262,0.0135302385
375316653866487564,270705745653541376,0.51958495,2177.3183474882617,0.33912534601973965,4.192507E-5,18.341377,0.0017052131,0.33021095,0.021245917,0.016111426,0.012976248,0.07171978,3.955908,0.49027517,0.016975312,0.017109184,0.015504098,0.69778264,0.8432012,null,null,null,null,"TWOGAUSSIANS",8,1.4685316,0.49027517,0.016975312,0.09581143,0.08682294,0.69778264,0.8432012,0.33021095,0.021245917,0.09022398,0.07266699,0.07171978,3.955908
375316653866487564,270707562420834688,0.6106379,2228.630440074047,1.6957391735738072,9.795435E-6,18.585236,0.00798252,0.28666896,0.0019769238,0.051364504,0.0033786234,0.46567065,0.019376494,0.78421307,0.0066323453,0.036701918,0.011568034,0.054244187,0.018518655,0.099439,0.009197051,0.28666896,0.0019769238,"TWOGAUSSIANS_WITH_ELLIPSOIDAL_ON_ECLIPSE1",9,2.6284578,0.28666896,0.0019769238,0.28764123,0.018920291,0.6645451,0.012473995,0.78490305,0.0047012246,0.20553073,0.06478099,0.2530846,0.0135113485
375316653866487564,270714159494522240,0.5433763,2155.7734862795387,3.531245025506545,1.4118257E-5,19.188416,0.0119647775,0.271428,0.0081572905,0.06369784,0.012607191,0.4302552,0.044949647,0.7828944,0.0050194925,0.069536746,0.006264812,0.33890978,0.02298389,null,null,null,null,"TWOGAUSSIANS",8,1.9888068,0.271428,0.0081572905,0.35670787,0.048588924,0.42977664,0.04654551,0.7828944,0.0050194925,0.38940576,0.026742907,0.3384312,0.022777574
375316653866487564,270716225374150144,0.6461188,2229.445264643546,0.8343418207051301,2.1767332E-6,15.613872,0.004758106,0.19861728,0.0032679553,0.0375401,0.0037191403,0.093078315,0.011783954,0.6948969,3.8777263E-4,0.0401272,0.0010387368,0.59560066,0.0073772254,0.013139806,0.006300238,0.19861728,0.0032679553,"TWOGAUSSIANS_WITH_ELLIPSOIDAL_ON_ECLIPSE1",9,29.053616,0.69491684,3.863091E-4,0.22471231,0.0058169262,0.621866,0.0070315036,0.19861728,0.0032679553,0.21022455,0.020827185,0.11935789,0.004549429
375316653866487564,270718080799962880,0.54868555,2189.8175014338726,1.8127129697214286,1.5227924E-5,18.85,0.005607352,0.25350434,0.002378473,0.064406045,0.0057700854,0.3929212,0.03577334,0.75959426,0.0052760374,0.08015489,0.0053577726,0.16189502,0.008015792,null,null,null,null,"TWOGAUSSIANS",8,1.8109405,0.25350434,0.002378473,0.36067387,0.03231248,0.39189288,0.036395475,0.75959426,0.0052760374,0.4,0.0,0.16086666,0.0077533643
375316653866487564,270718317020061696,0.5119228,2233.6055347040165,3.168756589509397,2.3326094E-5,17.829805,0.0018277029,0.2523278,0.0039455574,0.06195288,0.003631576,0.09697627,0.0053953747,0.74316627,0.0047039054,0.059059836,0.007115324,0.10230512,0.007714591,null,null,null,null,"TWOGAUSSIANS",8,1.7469265,0.74316627,0.0047039054,0.33073506,0.039845813,0.102276616,0.0077315355,0.2523278,0.0039455574,0.34693614,0.020336825,0.09694777,0.005394157
375316653866487564,270723470981011840,0.5746628,2236.7301051698823,1.030369395426749,4.9562917E-5,17.629114,0.0023203446,0.20580854,0.003657243,0.022246031,0.0028293787,0.45584124,0.07085668,0.70899105,0.008329235,0.023698825,0.011527774,0.34718004,0.10242924,null,null,null,null,"TWOGAUSSIANS",8,4.476679,0.20580854,0.003657243,0.12457777,0.01584452,0.45584124,0.07085668,0.70899105,0.008329235,0.13271342,0.06455553,0.34718004,0.10242924
375316653866487564,270729350794160128,0.5356542,2213.101621320377,2.969854506809943,1.0991939E-5,17.22905,0.006798694,0.28241566,0.0028110903,0.033212908,0.013044769,0.104246125,0.026829153,0.7939191,0.02248055,0.012357171,0.012652911,0.15155229,0.13587563,0.13981149,0.012882636,0.28241566,0.0028110903,"TWOGAUSSIANS_WITH_ELLIPSOIDAL_ON_ECLIPSE1",9,26.310335,0.7939191,0.02248055,0.06920016,0.0708563,0.42971689,0.110031836,0.28241566,0.0028110903,0.18599229,0.0730507,0.38386893,0.026620653
375316653866487564,270737494047161216,0.4280116,2189.398018203554,0.1024205500395626,3.7980593E-5,19.097439,0.051868316,0.21361147,0.014696368,0.09284686,0.017724277,0.25138173,0.050350208,0.62457854,0.033565193,0.120232,0.037888367,0.194151,0.041170806,null,null,null,null,"TWOGAUSSIANS",8,6.666032,0.21417147,0.014231703,0.4,0.0,0.24255528,0.034281105,0.62457854,0.033565193,0.4,0.0,0.18476912,0.038936414
375316653866487564,270739070302478336,0.53572196,2202.2245056835704,2.95183265023081,1.7808074E-5,19.423584,0.009064169,0.2579269,0.004648486,0.07065388,0.0038510973,0.4455745,0.025492284,0.7495044,0.0049217828,0.08068447,0.00648819,0.4572525,0.0093808975,null,null,null,null,"TWOGAUSSIANS",8,2.5331547,0.7495044,0.0049217828,0.4,0.0,0.4540598,0.008980112,0.2579269,0.004648486,0.39566174,0.016734723,0.4423818,0.025394429
375316653866487564,270744297280164608,0.43158045,2212.009541420521,2.4814871927120743,3.2699856E-5,16.195606,0.0045235604,0.4826334,0.005418207,0.041505843,0.0061096763,0.10870976,0.008996479,0.8950592,0.017531808,0.015815977,0.014484893,0.031946167,0.04668186,0.005941496,0.00707491,0.8950592,0.017531808,"TWOGAUSSIANS_WITH_ELLIPSOIDAL_ON_ECLIPSE2",9,71.26205,0.48158342,0.0046237432,0.23243272,0.034214187,0.11737857,0.01201232,0.8950592,0.017531808,0.08856947,0.081115395,0.043829154,0.04688049
375316653866487564,270745534230707840,0.6057553,2219.7763147097553,1.1960949620269503,3.0142487E-6,16.27878,0.0019984795,0.19823852,0.0043193847,0.035609115,0.0030314475,0.04923289,0.007476773,0.69453555,7.957699E-4,0.043936312,9.705422E-4,0.23135833,0.0053774137,0.016558915,0.002514381,0.19823852,0.0043193847,"TWOGAUSSIANS_WITH_ELLIPSOIDAL_ON_ECLIPSE1",9,5.846392,0.69461554,7.509362E-4,0.24604334,0.005435036,0.26445854,0.004104517,0.19823852,0.0043193847,0.19941105,0.016976105,0.08235063,0.0060182326
375316653866487564,270745873527914752,0.5484209,2217.087389553046,0.25311054880152145,1.5541384E-5,18.533821,0.002566591,0.27173203,0.002453651,0.012987051,0.0018593476,0.076715685,0.0014610236,0.7699301,0.0063752565,0.011019792,0.0043716473,0.397644,0.19083837,null,null,null,null,"TWOGAUSSIANS",8,1.9066892,0.7699301,0.0063752565,0.06171084,0.024481224,0.397644,0.19083837,0.27173203,0.002453651,0.07272749,0.010412347,0.076715685,0.0014610236
375316653866487564,270746049626757632,0.6304252,2211.7504314062867,0.052600128048212874,6.117336E-6,14.488359,3.9580866E-4,0.6970241,0.018966414,0.01207946,0.011391149,0.005004665,0.00353534,0.26742813,5.5391847E-5,0.0025749027,2.8137982E-5,0.22291599,0.002819219,null,null,null,null,"TWOGAUSSIANS",8,4.818047,0.26742813,5.5391847E-5,0.014419455,1.575727E-4,0.22291599,0.002819219,0.6970241,0.018966414,0.067644976,0.06379043,0.005004665,0.00353534
375316653866487564,270746182765553536,0.6018531,2201.4273922729944,2.609905446596305,6.6623893E-6,18.387077,0.009765333,0.24407378,0.0017621175,0.08493617,0.003559582,0.4654068,0.012473157,0.74851125,0.0027604904,0.094478026,0.0039115273,0.40324754,0.013221506,null,null,null,null,"TWOGAUSSIANS",8,2.7541509,0.24407378,0.0017621175,0.4,0.0,0.44887155,0.012759771,0.74851125,0.0027604904,0.4,0.0,0.38671163,0.012063682
375316653866487564,270748828465440000,0.50175774,2237.7363331137253,3.516670195662934,1.5565714E-5,17.611086,0.13924201,0.19691615,0.0047809295,0.12388184,0.025602123,0.24231549,0.13337886,0.680241,0.0056567173,0.13062342,0.03407279,0.36344203,0.11489745,null,null,null,null,"TWOGAUSSIANS",8,11.050631,0.680241,0.0056567173,0.4,0.0,0.28800493,0.027385257,0.19734615,0.0039925557,0.4,0.0,0.16725168,0.009297271
375316653866487564,270749829197968512,0.58617646,2231.1926018301792,1.9684124484280994,1.9677052E-5,16.300756,0.03359564,0.26189038,0.0019274928,0.13002087,0.016656794,0.2012389,0.031119125,0.7538756,0.0045187944,0.10471989,0.0127153,0.29991361,0.027814515,null,null,null,null,"TWOGAUSSIANS",8,8.516147,0.7538756,0.0045187944,0.4,0.0,0.25476345,0.012771106,0.2619004,0.0019123545,0.4,0.0,0.1558419,0.0028894888
375316653866487564,270752234379522304,0.49246743,2226.0199318168284,0.07213544952636422,1.944939E-5,15.495497,0.00511687,0.24478655,0.004687489,0.099489726,0.0107693765,0.06764086,0.0057311975,0.7413526,0.004330152,0.09432269,0.012019891,0.055367652,0.0065334565,null,null,null,null,"TWOGAUSSIANS",8,6.0224156,0.24478655,0.004687489,0.4,0.0,0.06343914,0.004748681,0.7413526,0.004330152,0.4,0.0,0.05116629,0.006678807
375316653866487564,270756494986969344,0.5201736,2204.0486450458184,0.15383781526750662,1.2935234E-5,10.957567,0.0034141587,0.31798792,0.0056693777,0.09196763,0.006238494,0.062171936,0.004730745,0.8202973,0.0018312444,0.077408634,0.0052951155,0.072139814,0.0031056807,null,null,null,null,"TWOGAUSSIANS",8,25.109827,0.8202973,0.0018312444,0.4,0.0,0.070510544,0.0023923845,0.31798792,0.0056693777,0.4,0.0,0.060542617,0.00429721
375316653866487564,270758449192484608,0.5492393,2221.6285662511,3.2047951415339124,1.23499885E-5,17.901247,0.008707556,0.29527888,0.003597863,0.07634913,0.0042526238,0.2639887,0.010951812,0.80053324,0.002350851,0.07465091,0.0041420786,0.24311247,0.010000611,null,null,null,null,"TWOGAUSSIANS",8,5.3204117,0.29527888,0.003597863,0.4,0.0,0.26211074,0.010372175,0.80053324,0.002350851,0.4,0.0,0.24123453,0.009487564
375316653866487564,270760991814134144,0.5732666,2196.970325204268,0.18420623172745365,2.4286857E-5,16.112652,5.4042926E-4,0.8472678,0.015964892,0.011167134,0.010403717,0.14934343,240.76923,null,null,null,null,null,null,null,null,null,null,"ONEGAUSSIAN",5,1.811897,0.8472678,0.015964892,0.06253595,0.058260813,0.14934343,0.0,null,null,null,null,null,null
375316653866487564,270764152909000576,0.5632937,2213.805558059233,3.772128416739943,2.0491769E-5,18.619926,0.01745523,0.23621294,0.002637128,0.03833672,0.0048884,0.30405113,0.045148924,0.7398528,0.012856156,0.04180175,0.017173128,0.33283272,0.04358277,0.09893863,0.023252144,0.23621294,0.002637128,"TWOGAUSSIANS_WITH_ELLIPSOIDAL_ON_ECLIPSE1",9,5.4274487,0.7398528,0.012599239,0.23408979,0.096169524,0.5306061,0.056696553,0.23621294,0.002637128,0.21468565,0.027375039,0.501928,0.027891621
375316653866487564,270765291080088064,0.50389695,2197.8998787307473,0.9123260443053621,8.562217E-6,15.008431,0.044804573,0.2791375,0.002450997,0.13264836,0.03865816,0.058525488,0.0417936,0.7750652,0.0073180036,0.13408038,0.062293686,0.040870734,0.04339668,null,null,null,null,"TWOGAUSSIANS",8,3.625685,0.2792075,0.002394659,0.4,0.0,0.04232726,0.0017311898,0.7750652,0.0073180036,0.4,0.0,0.0246907,0.0018793733
375316653866487564,270766729889423104,0.58679783,2224.687312361573,3.2218559647777245,6.095933E-6,18.156012,0.015086603,0.22379126,0.0012488546,0.050726656,0.008325587,0.17132454,0.037837863,0.73443073,0.0048119104,0.05753768,0.007917111,0.13862072,0.04269608,0.09549832,0.026934551,0.22379126,0.0012488546,"TWOGAUSSIANS_WITH_ELLIPSOIDAL_ON_ECLIPSE1",9,4.288812,0.22379126,0.0012488546,0.28406927,0.046623286,0.36231476,0.018263947,0.73443073,0.0048119104,0.322211,0.04433582,0.32875866,0.015154064
