Gaia/vari_eclipsing_binary/VariEclipsingBinary_467101-467117.csv
# %ECSV 1.0
# ---
# delimiter: ','
# meta: !!omap
# - RELEASE: Gaia DR3
# - TABLE: vari_eclipsing_binary
# - DESCRIPTION: >
#     This table describes the properties of the eclipsing binaries resulting from the variability analysis. 
# - CITATION: >
#     How to cite and acknowledge Gaia: 
#     https://gea.esac.esa.int/archive/documentation/credits.html 
# - KNOWN_ISSUES: >
#     Known issues: 
#     https://www.cosmos.esa.int/web/gaia-users/known-issues 
# - DOCUMENTATION: >
#     Tutorials and documentation: 
#     https://www.cosmos.esa.int/web/gaia-users/archive 
# datatype:
# - 
#   name: solution_id
#   datatype: int64
#   description: Solution Identifier
#   meta:
#     ucd: meta.version
# - 
#   name: source_id
#   datatype: int64
#   description: Unique source identifier
#   meta:
#     ucd: meta.id;meta.main
# - 
#   name: global_ranking
#   datatype: float32
#   description: Number between 0 (worst) and 1 (best)
#   meta:
#     ucd: stat.param
# - 
#   name: reference_time
#   datatype: float64
#   unit: d
#   description: Reference time used for the geometric model fit
#   meta:
#     ucd: time.epoch
# - 
#   name: frequency
#   datatype: float64
#   unit: d**-1
#   description: Frequency of geometric model of the eclipsing binary light curve
#   meta:
#     ucd: src.orbital
# - 
#   name: frequency_error
#   datatype: float32
#   unit: d**-1
#   description: "Uncertainty of \\texttt{frequency}"
#   meta:
#     ucd: stat.error
# - 
#   name: geom_model_reference_level
#   datatype: float32
#   unit: mag
#   description: Magnitude reference level of geometric model
#   meta:
#     ucd: phot.mag;em.opt
# - 
#   name: geom_model_reference_level_error
#   datatype: float32
#   unit: mag
#   description: "Uncertainty of \\texttt{geomModelReferenceLevel}"
#   meta:
#     ucd: stat.error;phot.mag;em.opt
# - 
#   name: geom_model_gaussian1_phase
#   datatype: float32
#   description: Phase of the Gaussian 1 component
#   meta:
#     ucd: time.phase
# - 
#   name: geom_model_gaussian1_phase_error
#   datatype: float32
#   description: "Uncertainty of \\texttt{geomModelGaussian1Phase}"
#   meta:
#     ucd: stat.error;time.phase
# - 
#   name: geom_model_gaussian1_sigma
#   datatype: float32
#   description: "Standard deviation [phase] of Gaussian 1 component"
#   meta:
#     ucd: stat.stdev
# - 
#   name: geom_model_gaussian1_sigma_error
#   datatype: float32
#   description: "Uncertainty of \\texttt{geomModelGaussian1Sigma}"
#   meta:
#     ucd: stat.error
# - 
#   name: geom_model_gaussian1_depth
#   datatype: float32
#   unit: mag
#   description: Magnitude depth of Gaussian 1 component
#   meta:
#     ucd: src.var.amplitude
# - 
#   name: geom_model_gaussian1_depth_error
#   datatype: float32
#   unit: mag
#   description: "Uncertainty of \\texttt{geomModelGaussian1Depth}"
#   meta:
#     ucd: stat.error;src.var.amplitude
# - 
#   name: geom_model_gaussian2_phase
#   datatype: float32
#   description: Phase of Gaussian 2 component
#   meta:
#     ucd: time.phase
# - 
#   name: geom_model_gaussian2_phase_error
#   datatype: float32
#   description: "Uncertainty of \\texttt{geomModelGaussian2Phase}"
#   meta:
#     ucd: stat.error;time.phase
# - 
#   name: geom_model_gaussian2_sigma
#   datatype: float32
[...]
#   datatype: float32
#   description: "Secondary eclipse: uncertainty of \\texttt{derivedSecondaryEclDuration}"
#   meta:
#     ucd: stat.error;time.duration
# - 
#   name: derived_secondary_ecl_depth
#   datatype: float32
#   unit: mag
#   description: "Secondary eclipse: depth"
#   meta:
#     ucd: src.var.amplitude
# - 
#   name: derived_secondary_ecl_depth_error
#   datatype: float32
#   unit: mag
#   description: "Secondary eclipse: uncertainty of \\texttt{derivedSecondaryEclDepth}"
#   meta:
#     ucd: stat.error;src.var.amplitude
solution_id,source_id,global_ranking,reference_time,frequency,frequency_error,geom_model_reference_level,geom_model_reference_level_error,geom_model_gaussian1_phase,geom_model_gaussian1_phase_error,geom_model_gaussian1_sigma,geom_model_gaussian1_sigma_error,geom_model_gaussian1_depth,geom_model_gaussian1_depth_error,geom_model_gaussian2_phase,geom_model_gaussian2_phase_error,geom_model_gaussian2_sigma,geom_model_gaussian2_sigma_error,geom_model_gaussian2_depth,geom_model_gaussian2_depth_error,geom_model_cosine_half_period_amplitude,geom_model_cosine_half_period_amplitude_error,geom_model_cosine_half_period_phase,geom_model_cosine_half_period_phase_error,model_type,num_model_parameters,reduced_chi2,derived_primary_ecl_phase,derived_primary_ecl_phase_error,derived_primary_ecl_duration,derived_primary_ecl_duration_error,derived_primary_ecl_depth,derived_primary_ecl_depth_error,derived_secondary_ecl_phase,derived_secondary_ecl_phase_error,derived_secondary_ecl_duration,derived_secondary_ecl_duration_error,derived_secondary_ecl_depth,derived_secondary_ecl_depth_error
[from data line 446]
375316653866487564,4108797613586164480,0.54065853,2311.691735883153,3.2759354917203773,1.5538473E-5,19.687782,0.041472986,0.24243928,0.0049306736,0.07298364,0.009035485,0.5313189,0.03052081,0.72820795,0.016371636,0.079179496,0.020201044,0.5956862,0.034093354,null,null,null,null,"TWOGAUSSIANS",8,2.7175927,0.72820795,0.016371636,0.4,0.0,0.59195477,0.02549932,0.24243928,0.0049306736,0.4,9.929475E-4,0.5275875,0.021253405
375316653866487564,4108797952832113664,0.61388963,2329.395280519882,2.432565076117928,4.449263E-6,17.939058,0.0075972937,0.30809623,0.0023181352,0.046156082,0.005179654,0.2528588,0.026219357,0.8123849,0.0024907938,0.044386487,0.004076595,0.21935406,0.018738745,0.1280036,0.009972696,0.30809623,0.0023181352,"TWOGAUSSIANS_WITH_ELLIPSOIDAL_ON_ECLIPSE1",9,3.2119296,0.30809623,0.0023181352,0.25847408,0.029006062,0.50886583,0.02909766,0.8123849,0.0024907938,0.24856432,0.022828933,0.47517523,0.011544699
375316653866487564,4108798369528729600,0.4575419,2307.3586393919936,3.823047007075674,3.9798644E-5,19.82443,0.041549973,0.26253948,0.04271399,0.07588411,0.03097109,0.26837644,0.10143243,0.75514114,0.00848229,0.123559594,0.023641495,0.24234213,0.039269637,null,null,null,null,"TWOGAUSSIANS",8,1.8422632,0.26255947,0.04280886,0.4,0.096216254,0.24940763,0.10854297,0.75514114,0.00848229,0.4,0.0,0.22323479,0.020629477
375316653866487564,4108798438210469504,0.46944132,2309.1186038794544,2.7998295370694946,3.4279492E-5,19.372702,0.042493936,0.26955834,0.011482008,0.08626199,0.0183173,0.5390314,0.0349905,0.7541113,0.0063762204,0.075838685,0.008066876,0.54348624,0.046616074,null,null,null,null,"TWOGAUSSIANS",8,9.80686,0.7541113,0.0063762204,0.4,0.0,0.5366042,0.038852986,0.26955834,0.011482008,0.4,0.0,0.5321493,0.030976532
375316653866487564,4108798781807702528,0.5254763,2318.153307365586,1.758170344052421,2.1502892E-5,17.655645,0.002486501,0.28686532,0.0056208507,0.06399548,0.006283413,0.16581926,0.008689704,0.78598887,0.0066622267,0.06125929,0.0048726955,0.101376474,0.0057400516,null,null,null,null,"TWOGAUSSIANS",8,3.8231227,0.28686532,0.0056208507,0.35837469,0.035187114,0.16573156,0.008735921,0.78598887,0.0066622267,0.343052,0.027287096,0.10128878,0.0057232273
375316653866487564,4108799022363779968,0.43043044,2308.254195771231,2.2753809419664646,3.3374705E-5,18.362469,0.021326916,0.27378833,0.017776756,0.07631434,0.021910857,0.110559486,0.025577009,0.7403596,0.040990114,0.10744673,0.06889723,0.06310533,0.026859615,null,null,null,null,"TWOGAUSSIANS",8,3.6815364,0.27379835,0.01769406,0.4,0.026344907,0.10827111,0.017717877,0.7403596,0.040990114,0.4,0.12041904,0.060811594,0.024090813
375316653866487564,4108799091054927488,0.51313186,2337.2208424084934,2.4783590235597037,2.2148792E-5,18.21593,0.020354021,0.24398689,0.0047645513,0.08336908,0.012570826,0.27061933,0.028187506,0.7303526,0.0032345084,0.09353679,0.009555144,0.28236192,0.018311046,null,null,null,null,"TWOGAUSSIANS",8,6.815967,0.7303526,0.0032345084,0.4,0.0,0.2741985,0.015496846,0.24398689,0.0047645513,0.4,0.0,0.26245636,0.030569235
375316653866487564,4108799292857574912,0.59602696,2320.6794088093025,3.287618211665348,6.7404317E-6,18.734451,0.006452808,0.25594687,0.0014190248,0.06364215,0.0017537642,0.6527073,0.020504266,0.7718481,9.4567874E-4,0.06836079,0.001666279,0.52227324,0.0073800907,null,null,null,null,"TWOGAUSSIANS",8,2.6251209,0.25594687,0.0014190248,0.35639608,0.00982108,0.65214723,0.020563146,0.7718481,9.4567874E-4,0.38282043,0.009331163,0.5217132,0.0073434436
375316653866487564,4108799640801969024,0.45018786,2306.8799743288732,2.853761936614358,2.98141E-5,19.20229,1.1701185,0.258603,0.008275102,0.108786285,0.046279963,0.65893894,0.79082656,0.7515866,0.009366803,0.15102445,0.15025295,0.5980709,1.1426218,null,null,null,null,"TWOGAUSSIANS",8,9.927945,0.258893,0.0077524874,0.4,0.0,0.4822618,0.04923722,0.7515866,0.009366803,0.4,0.0,0.41638857,0.069159225
375316653866487564,4108800018788650368,0.46486363,2437.5671070539424,1.9974461514326352,7.5027E-5,18.334007,0.031086106,0.18765466,0.0061470666,0.06884295,0.013477579,0.27492753,0.07086046,0.7335635,0.01571797,0.084261246,0.012019275,0.3519497,0.0513555,null,null,null,null,"TWOGAUSSIANS",8,3.151708,0.7335635,0.01571797,0.4,0.0,0.35086235,0.05036515,0.18765466,0.0061470666,0.38552052,0.06828697,0.27384034,0.071137264
375316653866487564,4108800396717354368,0.518043,2299.4873923846358,2.640228125741545,1.8687206E-5,19.318684,0.02210806,0.19935709,0.0069649545,0.08096514,0.009377867,0.29768172,0.024867943,0.6934805,0.011972678,0.076761276,0.011594299,0.34717813,0.0291705,null,null,null,null,"TWOGAUSSIANS",8,3.0012014,0.6934805,0.011972678,0.4,0.015209871,0.3434353,0.026594752,0.19935709,0.0069649545,0.4,0.0,0.29393888,0.02274746
375316653866487564,4108800431077002880,0.58906084,2316.664470989311,1.2557166687248658,8.305596E-6,16.633654,0.006371452,0.25638816,0.0040412624,0.08985674,0.00406608,0.27076456,0.010821845,0.76058006,0.0013396647,0.083761804,0.0028366519,0.3497137,0.009153661,null,null,null,null,"TWOGAUSSIANS",8,12.690237,0.76058006,0.0013396647,0.4,0.0,0.3406995,0.009343218,0.25638816,0.0040412624,0.4,0.0,0.26175025,0.010552753
375316653866487564,4108800740314586752,0.43957508,2388.9397858851125,0.5655703631597354,1.6337962E-4,18.853298,0.018657329,0.24960628,0.004317117,0.04423551,0.007286559,0.20955577,0.06822465,0.76719785,0.14292963,0.047450062,0.15916488,0.069614746,0.09304454,null,null,null,null,"TWOGAUSSIANS",8,3.4491103,0.24960628,0.0041270014,0.24771886,0.04080473,0.20955575,0.06862116,0.76719785,0.14292963,0.26572034,0.2979629,0.06961472,0.0947258
375316653866487564,4108800740343174144,0.48962817,2318.2860492779673,0.5021047414052636,2.102959E-5,18.46505,0.017127803,0.2494483,0.050266508,0.066071264,0.14276215,0.03152566,0.00848464,0.7026197,0.008358325,0.047755007,0.005501088,0.2549285,0.020899814,null,null,null,null,"TWOGAUSSIANS",8,2.954171,0.7026197,0.008358325,0.26742804,0.030806094,0.25492707,0.020880263,0.2494483,0.050266508,0.3699991,0.106552504,0.03152425,0.008128702
375316653866487564,4108800804735207808,0.44538292,2310.114877193265,0.8962946970500014,9.846514E-5,19.292725,0.015326406,0.1810884,0.032310165,0.035879742,0.047415216,0.07079313,1.1015762,0.7009622,0.027729508,0.067847095,0.02994638,0.18087305,0.053810924,null,null,null,null,"TWOGAUSSIANS",8,6.772814,0.7009622,0.027729508,0.37994376,0.16170973,0.18087217,0.05380437,0.1810884,0.032310165,0.20092656,0.26552522,0.07079225,1.1015798
375316653866487564,4108800809062678272,0.573148,2319.538496136876,0.5924795212792257,7.65666E-6,16.668386,0.0018735233,0.28492796,0.0011653454,0.033314157,0.0011668326,0.18239315,0.0069797775,0.79218465,0.0052332156,0.023894414,0.007866311,0.026362676,0.008203689,0.014103319,0.0027952672,0.28492796,0.0011653454,"TWOGAUSSIANS_WITH_ELLIPSOIDAL_ON_ECLIPSE1",9,3.3958347,0.28492796,0.0011653454,0.18655927,0.006534263,0.21059978,0.0066011418,0.79218465,0.0052332156,0.13380872,0.044051338,0.0545107,0.008475348
375316653866487564,4108800912113182336,0.41175082,2297.8961037762742,0.09799399459109347,3.6132973E-5,18.202444,0.004391816,0.8048203,0.00432777,0.0074717575,0.014207652,0.17668778,0.10433227,null,null,null,null,null,null,0.027676009,0.0065921335,0.8048203,0.00432777,"ONEGAUSSIAN_WITH_ELLIPSOIDAL",6,3.7191,0.8048203,0.00432777,0.041841842,0.07956285,0.23203968,0.10821609,null,null,null,null,null,null
375316653866487564,4108800980861392128,0.5209699,2337.9105829401974,0.2610215226388089,3.4360743E-5,14.930087,0.0067131743,0.9095929,0.009961742,0.012508015,0.01037798,0.04609219,0.025253523,0.78706676,0.002385536,0.03773636,0.003016267,0.19374077,0.022424798,0.045378193,0.008672462,0.78706676,0.002385536,"TWOGAUSSIANS_WITH_ELLIPSOIDAL_ON_ECLIPSE2",9,296.60468,0.78706676,0.002385536,0.2113236,0.016891094,0.28449717,0.018951934,0.90727293,0.0042549795,0.07004489,0.058116686,0.09462926,0.025518412
375316653866487564,4108801221379634304,0.5131645,2332.6617622831877,2.3504861196304283,3.0230647E-5,17.998743,0.021780675,0.21971083,0.011580085,0.08889372,0.032631293,0.13558264,0.01062467,0.6970352,0.0043598134,0.08731093,0.010273856,0.19802561,0.02088084,null,null,null,null,"TWOGAUSSIANS",8,3.8764176,0.6970352,0.0043598134,0.4,0.0,0.19401705,0.010800135,0.21971083,0.011587997,0.4,0.0,0.13157408,0.014919522
375316653866487564,4108801255711527424,0.44838396,2330.9908631090775,0.21220300749159263,7.569982E-5,18.939892,0.016031032,0.63215506,0.011723964,0.03071991,0.020188615,1.7743993,299.77344,0.8592147,0.009771477,0.044513345,0.0071897125,0.19056901,0.04642792,0.06704827,0.02199716,0.63215506,0.011723964,"TWOGAUSSIANS_WITH_ELLIPSOIDAL_ON_ECLIPSE1",9,23.929987,0.63215506,0.011723964,0.17203149,0.11305624,1.9084959,299.7763,0.8592147,0.009771477,0.24927473,0.04026239,0.19333547,0.04590547
375316653866487564,4108802458301972352,0.48580793,2329.192140127372,4.133542079241698,1.958224E-5,18.751982,0.019786678,0.23974334,0.0043867803,0.085195035,0.008022046,0.22024491,0.025409896,0.7559943,0.009145807,0.09492929,0.013984477,0.23628919,0.01998645,null,null,null,null,"TWOGAUSSIANS",8,4.4149494,0.7559943,0.009145807,0.4,0.0,0.22877906,0.015670385,0.23974334,0.0043867803,0.4,0.0,0.2127354,0.021598833
375316653866487564,4108802527049597440,0.48292693,2356.913665426454,0.32473211431530014,7.8181416E-5,16.053701,0.0018985952,0.1549042,0.033242077,0.06384433,0.012056108,0.0075631607,0.0026627507,0.42625046,0.0043604705,0.016610725,0.0033644987,0.09585052,0.022023413,null,null,null,null,"TWOGAUSSIANS",8,6.627661,0.42625046,0.0043604705,0.09302006,0.018841192,0.09585142,0.022023534,0.1549042,0.033242077,0.35752827,0.0675142,0.0075631607,0.0026627507
375316653866487564,4108802630128843008,0.53931487,2327.8908857197785,1.8289762514870647,2.3370116E-5,17.478086,0.0020857041,0.17316274,0.0038722095,0.022588009,0.008801163,0.048217643,0.05385563,0.74037206,0.002739904,0.010061398,0.0023073882,0.28161204,0.016133389,null,null,null,null,"TWOGAUSSIANS",8,5.4554176,0.74037206,0.002739904,0.05634383,0.012921374,0.28161204,0.016133389,0.17316274,0.0038722095,0.12649286,0.04928651,0.048217643,0.05385563
375316653866487564,4108802831915986048,0.49362543,2334.850658369187,2.351306388864537,3.3844288E-5,18.41828,0.006035965,0.26514444,0.0046638185,0.07226692,0.004565019,0.26801413,0.02107926,0.7827897,0.010725694,0.05925952,0.017758183,0.12693115,0.021391867,null,null,null,null,"TWOGAUSSIANS",8,4.4572244,0.26514444,0.0046638185,0.4,0.007228597,0.26784962,0.021063041,0.7827897,0.010725694,0.3318533,0.0990396,0.12676664,0.021667102
375316653866487564,4108802969354946816,0.52131623,2341.168787577382,1.1911078075242356,1.92486E-5,17.661104,0.003170552,0.1829753,0.006305494,0.041203532,0.0051940414,0.045537923,0.0061551654,0.68656117,0.0038276685,0.045874797,0.0038198475,0.25689256,0.019854097,null,null,null,null,"TWOGAUSSIANS",8,4.0105476,0.68656117,0.0038276685,0.25689888,0.021391146,0.25689256,0.019854125,0.1829753,0.006305494,0.23073979,0.029086633,0.045537908,0.0061551607
375316653866487564,4108802973697838976,0.5039289,2324.1367243900995,1.0119731571703687,3.111134E-5,18.868145,0.007319914,0.2691159,0.0075317794,0.06095234,0.0108465515,0.36592224,0.08761559,0.7765853,0.0028079979,0.034181073,0.0030242912,0.22816543,0.012145141,null,null,null,null,"TWOGAUSSIANS",8,3.3075519,0.2691159,0.0075317794,0.34133312,0.060740687,0.36592185,0.08761656,0.7765853,0.0028079979,0.19141401,0.01693603,0.22816503,0.012144731
375316653866487564,4108803489122405888,0.56204945,2302.794063843853,1.3163919210771526,5.380393E-6,18.08996,0.0043876297,0.1150985,0.0069100047,0.054937065,0.0063193496,0.16647564,0.008996224,0.61767995,0.0042053927,0.049873386,0.004645869,0.3291176,0.06175653,null,null,null,null,"TWOGAUSSIANS",8,2.7583933,0.61767995,0.0042053927,0.27929097,0.026016867,0.32911292,0.061758846,0.1150985,0.0069100047,0.30764756,0.035388358,0.16647099,0.0089968005
375316653866487564,4108803660921094144,0.5816007,2322.71328696703,0.7028166670785576,7.5525077E-6,17.16557,0.002231212,0.25586158,9.089419E-4,0.039543178,0.0013460041,0.25599277,0.004131244,0.7662937,0.004910927,0.058630437,0.005622431,0.10370511,0.004386762,null,null,null,null,"TWOGAUSSIANS",8,3.846317,0.25586158,9.089419E-4,0.2214418,0.007537623,0.25599235,0.0041311528,0.7662937,0.004910927,0.32833046,0.031485613,0.10370471,0.004386816
375316653866487564,4108803901418589952,0.45678523,2328.7065756952256,2.745954452758355,1.7146418E-5,19.80442,0.05229466,0.30180353,0.0037254356,0.088885695,0.012260695,0.3809898,0.05054872,0.800617,0.007244449,0.105905585,0.022637231,0.2594231,0.046215314,null,null,null,null,"TWOGAUSSIANS",8,1.475177,0.30180353,0.0037291907,0.4,0.0,0.3586587,0.018522749,0.800617,0.007244449,0.4,0.0,0.23708461,0.022217333
375316653866487564,4108804279396628736,0.5257822,2331.181649314414,2.2175924925897292,1.4043097E-5,18.093885,0.021111159,0.28293335,0.0057738395,0.11674931,0.021977372,0.116680555,0.017333653,0.78954333,0.006478623,0.102512985,0.015923627,0.13556524,0.01645869,null,null,null,null,"TWOGAUSSIANS",8,0.99747276,0.78956336,0.0064792493,0.4,0.0,0.11831757,0.008462975,0.28293335,0.0057787225,0.4,0.0,0.09940987,0.00808268
375316653866487564,4108804343743865088,0.53464115,2312.934760182082,3.022170739759693,9.898244E-6,17.64097,0.01856784,0.25137427,0.0042103413,0.07016334,0.011445223,0.1551299,0.039079756,0.7741408,0.0044288514,0.05047327,0.011842513,0.20432284,0.046566073,0.08916144,0.021098202,0.25137427,0.0042103413,"TWOGAUSSIANS_WITH_ELLIPSOIDAL_ON_ECLIPSE1",9,14.7286005,0.7741408,0.0044288514,0.28265032,0.06631807,0.37875623,0.057734333,0.25137427,0.0042103413,0.39291468,0.047160536,0.3331873,0.011882753
375316653866487564,4108804584261655168,0.5506796,2318.277215957351,1.033962277660693,1.8186436E-5,17.667702,0.0054634665,0.22429343,0.0028851563,0.061975,0.0039956826,0.24653368,0.00946943,0.7171022,0.003595002,0.075978294,0.0054205484,0.12231225,0.007141734,null,null,null,null,"TWOGAUSSIANS",8,3.6291344,0.22429343,0.0028851563,0.34706,0.022375824,0.24614955,0.009475614,0.7171022,0.003595002,0.4,0.0,0.12192813,0.007049801
375316653866487564,4108804726042209152,0.5088568,2329.5598656640304,2.217460505081899,2.7244203E-5,18.767096,0.016363071,0.1961466,0.004606096,0.07930831,0.006971508,0.40524465,0.021003067,0.70865405,0.009167211,0.08533841,0.012426481,0.38441023,0.038623452,null,null,null,null,"TWOGAUSSIANS",8,8.167572,0.1961466,0.004606096,0.4,0.0,0.39904293,0.019391222,0.70865405,0.009167211,0.4,0.0,0.37820852,0.039575778
375316653866487564,4108804932240008704,0.45310578,2301.5173373323423,3.0019784143451247,5.1542385E-5,19.145594,0.023976337,0.29262903,0.012158058,0.07753755,0.020668078,0.301649,0.052826636,0.7912025,0.015595306,0.05656484,0.013339328,0.2653321,0.07641081,null,null,null,null,"TWOGAUSSIANS",8,13.001196,0.29262903,0.012158058,0.4,0.025577316,0.30112934,0.053216796,0.7912025,0.015595306,0.31676313,0.07470024,0.26481244,0.07619078
375316653866487564,4108805000951687552,0.4207526,2310.259637673815,0.053295719173480284,1.3528348E-4,19.406847,0.15962493,0.24972118,0.02073438,0.09167237,0.038405843,0.2736769,0.16399388,0.6866502,0.022093087,0.10566178,0.08721668,0.254755,0.13218471,null,null,null,null,"TWOGAUSSIANS",8,13.781661,0.24978118,0.019423176,0.4,0.0,0.26476875,0.10603356,0.6866502,0.022093087,0.4,0.009534411,0.2458005,0.06605845
375316653866487564,4108805447597314432,0.54649097,2280.3733425342994,3.694055522351035,1.9441695E-5,19.579605,0.012088232,0.20097499,0.009635669,0.06500806,0.010699659,0.37619078,0.040765632,0.7011816,0.004274471,0.067552924,0.005347046,0.55908334,0.026739605,null,null,null,null,"TWOGAUSSIANS",8,2.0810328,0.7011816,0.004274471,0.37829635,0.029943459,0.55833894,0.02671035,0.20097499,0.009635669,0.36404514,0.051456146,0.37544644,0.041134708
