Gaia/vari_eclipsing_binary/VariEclipsingBinary_234282-234353.csv
# %ECSV 1.0
# ---
# delimiter: ','
# meta: !!omap
# - RELEASE: Gaia DR3
# - TABLE: vari_eclipsing_binary
# - DESCRIPTION: >
#     This table describes the properties of the eclipsing binaries resulting from the variability analysis. 
# - CITATION: >
#     How to cite and acknowledge Gaia: 
#     https://gea.esac.esa.int/archive/documentation/credits.html 
# - KNOWN_ISSUES: >
#     Known issues: 
#     https://www.cosmos.esa.int/web/gaia-users/known-issues 
# - DOCUMENTATION: >
#     Tutorials and documentation: 
#     https://www.cosmos.esa.int/web/gaia-users/archive 
# datatype:
# - 
#   name: solution_id
#   datatype: int64
#   description: Solution Identifier
#   meta:
#     ucd: meta.version
# - 
#   name: source_id
#   datatype: int64
#   description: Unique source identifier
#   meta:
#     ucd: meta.id;meta.main
# - 
#   name: global_ranking
#   datatype: float32
#   description: Number between 0 (worst) and 1 (best)
#   meta:
#     ucd: stat.param
# - 
#   name: reference_time
#   datatype: float64
#   unit: d
#   description: Reference time used for the geometric model fit
#   meta:
#     ucd: time.epoch
# - 
#   name: frequency
#   datatype: float64
#   unit: d**-1
#   description: Frequency of geometric model of the eclipsing binary light curve
#   meta:
#     ucd: src.orbital
# - 
#   name: frequency_error
#   datatype: float32
#   unit: d**-1
#   description: "Uncertainty of \\texttt{frequency}"
#   meta:
#     ucd: stat.error
# - 
#   name: geom_model_reference_level
#   datatype: float32
#   unit: mag
#   description: Magnitude reference level of geometric model
#   meta:
#     ucd: phot.mag;em.opt
# - 
#   name: geom_model_reference_level_error
#   datatype: float32
#   unit: mag
#   description: "Uncertainty of \\texttt{geomModelReferenceLevel}"
#   meta:
#     ucd: stat.error;phot.mag;em.opt
# - 
#   name: geom_model_gaussian1_phase
#   datatype: float32
#   description: Phase of the Gaussian 1 component
#   meta:
#     ucd: time.phase
# - 
#   name: geom_model_gaussian1_phase_error
#   datatype: float32
#   description: "Uncertainty of \\texttt{geomModelGaussian1Phase}"
#   meta:
#     ucd: stat.error;time.phase
# - 
#   name: geom_model_gaussian1_sigma
#   datatype: float32
#   description: "Standard deviation [phase] of Gaussian 1 component"
#   meta:
#     ucd: stat.stdev
# - 
#   name: geom_model_gaussian1_sigma_error
#   datatype: float32
#   description: "Uncertainty of \\texttt{geomModelGaussian1Sigma}"
#   meta:
#     ucd: stat.error
# - 
#   name: geom_model_gaussian1_depth
#   datatype: float32
#   unit: mag
#   description: Magnitude depth of Gaussian 1 component
#   meta:
#     ucd: src.var.amplitude
# - 
#   name: geom_model_gaussian1_depth_error
#   datatype: float32
#   unit: mag
#   description: "Uncertainty of \\texttt{geomModelGaussian1Depth}"
#   meta:
#     ucd: stat.error;src.var.amplitude
# - 
#   name: geom_model_gaussian2_phase
#   datatype: float32
#   description: Phase of Gaussian 2 component
#   meta:
#     ucd: time.phase
# - 
#   name: geom_model_gaussian2_phase_error
#   datatype: float32
#   description: "Uncertainty of \\texttt{geomModelGaussian2Phase}"
#   meta:
#     ucd: stat.error;time.phase
# - 
#   name: geom_model_gaussian2_sigma
#   datatype: float32
[...]
#   datatype: float32
#   description: "Secondary eclipse: uncertainty of \\texttt{derivedSecondaryEclDuration}"
#   meta:
#     ucd: stat.error;time.duration
# - 
#   name: derived_secondary_ecl_depth
#   datatype: float32
#   unit: mag
#   description: "Secondary eclipse: depth"
#   meta:
#     ucd: src.var.amplitude
# - 
#   name: derived_secondary_ecl_depth_error
#   datatype: float32
#   unit: mag
#   description: "Secondary eclipse: uncertainty of \\texttt{derivedSecondaryEclDepth}"
#   meta:
#     ucd: stat.error;src.var.amplitude
solution_id,source_id,global_ranking,reference_time,frequency,frequency_error,geom_model_reference_level,geom_model_reference_level_error,geom_model_gaussian1_phase,geom_model_gaussian1_phase_error,geom_model_gaussian1_sigma,geom_model_gaussian1_sigma_error,geom_model_gaussian1_depth,geom_model_gaussian1_depth_error,geom_model_gaussian2_phase,geom_model_gaussian2_phase_error,geom_model_gaussian2_sigma,geom_model_gaussian2_sigma_error,geom_model_gaussian2_depth,geom_model_gaussian2_depth_error,geom_model_cosine_half_period_amplitude,geom_model_cosine_half_period_amplitude_error,geom_model_cosine_half_period_phase,geom_model_cosine_half_period_phase_error,model_type,num_model_parameters,reduced_chi2,derived_primary_ecl_phase,derived_primary_ecl_phase_error,derived_primary_ecl_duration,derived_primary_ecl_duration_error,derived_primary_ecl_depth,derived_primary_ecl_depth_error,derived_secondary_ecl_phase,derived_secondary_ecl_phase_error,derived_secondary_ecl_duration,derived_secondary_ecl_duration_error,derived_secondary_ecl_depth,derived_secondary_ecl_depth_error
[from data line 788]
375316653866487564,2061388932612962176,0.53277236,2197.2613578236355,2.819634567393764,1.803259E-5,19.69621,0.0139335785,0.25122276,0.005569244,0.08157168,0.00982386,0.43274686,0.026134975,0.7553751,0.002769147,0.08327205,0.0048110723,0.41526738,0.017121943,null,null,null,null,"TWOGAUSSIANS",8,2.3551989,0.25122276,0.005569244,0.4,0.0,0.42485705,0.028181856,0.7553751,0.002769147,0.4,0.0,0.40737757,0.01630194
375316653866487564,2061389211791559040,0.43824542,2247.7215347905776,0.1693416053707787,5.5979923E-5,15.610988,0.0061464207,0.21986382,0.015470521,0.05250346,0.010783986,0.050019693,0.008924051,0.61764556,0.010804128,0.09098423,0.02011664,0.13140485,0.023955414,null,null,null,null,"TWOGAUSSIANS",8,45.80264,0.61764556,0.010804128,0.4,0.0,0.13137826,0.024006408,0.21988381,0.01548435,0.29401937,0.060390323,0.050002392,0.008907916
375316653866487564,2061389383590248448,0.50485474,2228.9063666869433,0.6735012337419921,1.1087591E-5,13.13466,0.0012225048,0.31299785,0.0071557336,0.03026718,0.007053993,0.02194971,0.008842177,0.7654943,0.005130954,0.051676523,0.0053740204,0.021042688,0.0032158343,0.011838331,0.002015312,0.31299785,0.0071557336,"TWOGAUSSIANS_WITH_ELLIPSOIDAL_ON_ECLIPSE1",9,15.217803,0.31299785,0.0071557336,0.16949621,0.039502364,0.04562637,0.008826578,0.7744243,0.0042219795,0.28938854,0.030094514,0.04304373,0.0021367955
375316653866487564,2061390208224020608,0.56896377,2226.3190761211804,1.23820928813804,6.6573907E-6,16.244318,0.0037913835,0.22892214,0.0012506038,0.05142154,0.0045570494,0.170762,0.009475674,0.72420263,0.009700699,0.042568028,0.0065852655,0.03671193,0.014941671,0.018925698,0.0050726384,0.22892214,0.0012506038,"TWOGAUSSIANS_WITH_ELLIPSOIDAL_ON_ECLIPSE1",9,5.766902,0.22892214,0.0012506038,0.28796065,0.025519477,0.20861213,0.012227295,0.7248126,0.008159354,0.23838097,0.036877487,0.07453306,0.00843975
375316653866487564,2061391616962779776,0.4847039,2285.2651709975576,0.06471521411578662,5.8350847E-6,15.099115,0.0042644367,0.15099724,3.608768E-5,0.0019402578,1.2197565E-4,0.47367266,0.032052476,0.5089837,0.01884861,0.017206231,0.07981855,0.0044600633,1.7774984,0.012079019,0.0073750094,0.5089837,0.01884861,"TWOGAUSSIANS_WITH_ELLIPSOIDAL_ON_ECLIPSE2",9,32.789486,0.15099724,3.608768E-5,0.010865444,6.8306364E-4,0.48318878,0.029851887,0.5089837,0.01884861,0.096354894,0.32891604,0.028618053,1.7823405
375316653866487564,2061391853191733888,0.66039264,2242.3003784669654,0.20616211225773579,4.1685907E-5,17.661072,0.0024329512,0.34657294,0.0010322494,0.015491412,6.489901E-4,0.61997634,0.013603701,0.864737,0.009170515,0.020085532,0.004415835,0.65163153,0.21294571,null,null,null,null,"TWOGAUSSIANS",8,3.0292392,0.864737,0.009170515,0.11247899,0.024728674,0.65163153,0.21294571,0.34657294,0.0010322494,0.08675191,0.0036343443,0.61997634,0.013603701
375316653866487564,2061392750844572800,0.5925894,2225.3495333710694,1.1081343220584225,3.99793E-6,16.537872,0.0016343284,0.27257106,0.003911586,0.029928068,0.0038033354,0.17348294,0.01964952,0.77108705,6.1116455E-4,0.032392543,0.0011493887,0.16242726,0.005333703,0.018155515,0.002509876,0.27257106,0.003911586,"TWOGAUSSIANS_WITH_ELLIPSOIDAL_ON_ECLIPSE1",9,4.453092,0.27257106,0.003911586,0.16759717,0.021298679,0.20979397,0.020249184,0.7711171,5.870144E-4,0.18139823,0.006436577,0.19873519,0.00436444
375316653866487564,2061393369309469312,0.43784484,2233.791894833217,0.19976099084326476,8.172362E-5,15.984138,0.0013498322,0.38193452,0.013373073,0.018139753,0.00774709,0.024371553,0.07143054,0.6052879,0.00311598,0.030559126,0.0023481173,0.33157155,0.13289845,null,null,null,null,"TWOGAUSSIANS",8,68.92097,0.6052879,0.00311598,0.1711311,0.013149457,0.33157155,0.13289845,0.38193452,0.013373073,0.10158262,0.043383703,0.024371553,0.07143054
375316653866487564,2061393575478530560,0.54736865,2236.1873913079926,0.4918744694058813,9.257878E-6,14.902636,0.002751307,0.35255924,0.0012306086,0.016945416,0.0025062908,0.37557578,0.07875216,0.8547247,0.0036874765,0.017026352,0.004531495,0.12729852,0.03307075,0.004470643,0.0049860068,0.35255924,0.0012306086,"TWOGAUSSIANS_WITH_ELLIPSOIDAL_ON_ECLIPSE1",9,101.64525,0.35255924,0.0012306086,0.09489433,0.014035229,0.38451707,0.07991084,0.8547247,0.0036874765,0.09534757,0.025376372,0.13623816,0.03331379
375316653866487564,2061393949130588928,0.6137242,2216.5602372060343,2.2802828384492204,4.2777483E-6,18.585299,0.006230267,0.22879156,0.0013892527,0.046154153,0.00375968,0.28734925,0.016940169,0.7293634,0.0018350115,0.044713844,0.0028865626,0.33098352,0.01975116,0.13643745,0.010070375,0.22879156,0.0013892527,"TWOGAUSSIANS_WITH_ELLIPSOIDAL_ON_ECLIPSE1",9,2.3835506,0.7293634,0.0018298844,0.25039753,0.01616475,0.60385436,0.018845052,0.22879156,0.0013892527,0.25846326,0.021054208,0.5602236,0.013859636
375316653866487564,2061395808861320960,0.63515764,2250.1037679145024,2.5728951224412895,3.8009723E-6,16.6653,0.006347858,0.1865645,0.001122191,0.041976586,0.00115723,0.41714403,0.015973678,0.689327,0.0030100616,0.047234524,0.0024875365,0.40667066,0.018569766,0.13826145,0.009798456,0.1865645,0.001122191,"TWOGAUSSIANS_WITH_ELLIPSOIDAL_ON_ECLIPSE1",9,20.499828,0.1865645,0.001122191,0.23506889,0.0064804885,0.6936665,0.009535778,0.689327,0.0030100616,0.26451334,0.013930204,0.6831098,0.012359259
375316653866487564,2061396491751184256,0.4458437,2230.3645709954635,3.168440283663204,6.80814E-5,19.236122,0.058005158,0.189059,0.014048252,0.073679306,0.023657799,0.3725759,0.05423596,0.6881879,0.016301226,0.10450568,0.045404088,0.16153671,0.059295416,null,null,null,null,"TWOGAUSSIANS",8,15.67567,0.189059,0.014085149,0.4,0.029743308,0.36413202,0.039602574,0.6881879,0.016301226,0.4,0.0,0.15308937,0.046123743
375316653866487564,2061397763061699584,0.6233253,2233.9716644132786,2.030887335378096,6.6486073E-6,16.506521,0.023839707,0.23121397,0.0039971992,0.06803266,0.014339449,0.07074691,0.05084456,0.7185489,0.0047823237,0.06201893,0.0071405885,0.38937992,0.050617937,0.062412225,0.022944003,0.23121397,0.0039971992,"TWOGAUSSIANS_WITH_ELLIPSOIDAL_ON_ECLIPSE1",9,18.836031,0.7196689,0.0045461846,0.347306,0.039987296,0.5133529,0.011473617,0.23121397,0.0039971992,0.38098288,0.035977114,0.19543906,0.013136071
375316653866487564,2061399034372181760,0.6116785,2212.522191103005,3.230511364358705,2.1605523E-5,18.069706,0.0020722053,0.32078186,0.025086582,0.015573285,0.01846345,0.03499925,1.71278231E13,0.8323449,2.793915E-4,0.014859932,8.4987236E-4,1.8794935,0.26095763,null,null,null,null,"TWOGAUSSIANS",8,2.8383892,0.8323449,2.793915E-4,0.08321562,0.004759285,1.8794935,0.26095763,0.32078186,0.025086582,0.087210394,0.10339532,0.03499925,1.71278231E13
375316653866487564,2061399240530770048,0.5662383,2225.678788817336,0.2528502616523364,2.7153726E-5,18.349176,0.0033404918,0.3661405,0.005392645,0.007058625,0.0077520944,0.6041897,0.53202796,0.72243875,0.09929209,0.02169047,0.016729165,0.2629509,0.23493999,null,null,null,null,"TWOGAUSSIANS",8,3.7800083,0.3661405,0.005392645,0.0395283,0.043411728,0.6041897,0.53202796,0.72243875,0.09929209,0.12146663,0.093683325,0.2629509,0.23493999
