Gaia/vari_eclipsing_binary/VariEclipsingBinary_490919-490952.csv
# %ECSV 1.0
# ---
# delimiter: ','
# meta: !!omap
# - RELEASE: Gaia DR3
# - TABLE: vari_eclipsing_binary
# - DESCRIPTION: >
#     This table describes the properties of the eclipsing binaries resulting from the variability analysis. 
# - CITATION: >
#     How to cite and acknowledge Gaia: 
#     https://gea.esac.esa.int/archive/documentation/credits.html 
# - KNOWN_ISSUES: >
#     Known issues: 
#     https://www.cosmos.esa.int/web/gaia-users/known-issues 
# - DOCUMENTATION: >
#     Tutorials and documentation: 
#     https://www.cosmos.esa.int/web/gaia-users/archive 
# datatype:
# - 
#   name: solution_id
#   datatype: int64
#   description: Solution Identifier
#   meta:
#     ucd: meta.version
# - 
#   name: source_id
#   datatype: int64
#   description: Unique source identifier
#   meta:
#     ucd: meta.id;meta.main
# - 
#   name: global_ranking
#   datatype: float32
#   description: Number between 0 (worst) and 1 (best)
#   meta:
#     ucd: stat.param
# - 
#   name: reference_time
#   datatype: float64
#   unit: d
#   description: Reference time used for the geometric model fit
#   meta:
#     ucd: time.epoch
# - 
#   name: frequency
#   datatype: float64
#   unit: d**-1
#   description: Frequency of geometric model of the eclipsing binary light curve
#   meta:
#     ucd: src.orbital
# - 
#   name: frequency_error
#   datatype: float32
#   unit: d**-1
#   description: "Uncertainty of \\texttt{frequency}"
#   meta:
#     ucd: stat.error
# - 
#   name: geom_model_reference_level
#   datatype: float32
#   unit: mag
#   description: Magnitude reference level of geometric model
#   meta:
#     ucd: phot.mag;em.opt
# - 
#   name: geom_model_reference_level_error
#   datatype: float32
#   unit: mag
#   description: "Uncertainty of \\texttt{geomModelReferenceLevel}"
#   meta:
#     ucd: stat.error;phot.mag;em.opt
# - 
#   name: geom_model_gaussian1_phase
#   datatype: float32
#   description: Phase of the Gaussian 1 component
#   meta:
#     ucd: time.phase
# - 
#   name: geom_model_gaussian1_phase_error
#   datatype: float32
#   description: "Uncertainty of \\texttt{geomModelGaussian1Phase}"
#   meta:
#     ucd: stat.error;time.phase
# - 
#   name: geom_model_gaussian1_sigma
#   datatype: float32
#   description: "Standard deviation [phase] of Gaussian 1 component"
#   meta:
#     ucd: stat.stdev
# - 
#   name: geom_model_gaussian1_sigma_error
#   datatype: float32
#   description: "Uncertainty of \\texttt{geomModelGaussian1Sigma}"
#   meta:
#     ucd: stat.error
# - 
#   name: geom_model_gaussian1_depth
#   datatype: float32
#   unit: mag
#   description: Magnitude depth of Gaussian 1 component
#   meta:
#     ucd: src.var.amplitude
# - 
#   name: geom_model_gaussian1_depth_error
#   datatype: float32
#   unit: mag
#   description: "Uncertainty of \\texttt{geomModelGaussian1Depth}"
#   meta:
#     ucd: stat.error;src.var.amplitude
# - 
#   name: geom_model_gaussian2_phase
#   datatype: float32
#   description: Phase of Gaussian 2 component
#   meta:
#     ucd: time.phase
# - 
#   name: geom_model_gaussian2_phase_error
#   datatype: float32
#   description: "Uncertainty of \\texttt{geomModelGaussian2Phase}"
#   meta:
#     ucd: stat.error;time.phase
# - 
#   name: geom_model_gaussian2_sigma
#   datatype: float32
[...]
#   datatype: float32
#   description: "Secondary eclipse: uncertainty of \\texttt{derivedSecondaryEclDuration}"
#   meta:
#     ucd: stat.error;time.duration
# - 
#   name: derived_secondary_ecl_depth
#   datatype: float32
#   unit: mag
#   description: "Secondary eclipse: depth"
#   meta:
#     ucd: src.var.amplitude
# - 
#   name: derived_secondary_ecl_depth_error
#   datatype: float32
#   unit: mag
#   description: "Secondary eclipse: uncertainty of \\texttt{derivedSecondaryEclDepth}"
#   meta:
#     ucd: stat.error;src.var.amplitude
solution_id,source_id,global_ranking,reference_time,frequency,frequency_error,geom_model_reference_level,geom_model_reference_level_error,geom_model_gaussian1_phase,geom_model_gaussian1_phase_error,geom_model_gaussian1_sigma,geom_model_gaussian1_sigma_error,geom_model_gaussian1_depth,geom_model_gaussian1_depth_error,geom_model_gaussian2_phase,geom_model_gaussian2_phase_error,geom_model_gaussian2_sigma,geom_model_gaussian2_sigma_error,geom_model_gaussian2_depth,geom_model_gaussian2_depth_error,geom_model_cosine_half_period_amplitude,geom_model_cosine_half_period_amplitude_error,geom_model_cosine_half_period_phase,geom_model_cosine_half_period_phase_error,model_type,num_model_parameters,reduced_chi2,derived_primary_ecl_phase,derived_primary_ecl_phase_error,derived_primary_ecl_duration,derived_primary_ecl_duration_error,derived_primary_ecl_depth,derived_primary_ecl_depth_error,derived_secondary_ecl_phase,derived_secondary_ecl_phase_error,derived_secondary_ecl_duration,derived_secondary_ecl_duration_error,derived_secondary_ecl_depth,derived_secondary_ecl_depth_error
[from data line 333]
375316653866487564,4318345082188676736,0.4522369,2078.386149013411,1.3738987341699482,3.8403803E-5,19.376408,0.0153781185,0.19301379,0.012966015,0.04125116,0.024134519,0.38422763,0.12535179,0.7187879,0.008713775,0.04890216,0.005040913,0.34146348,0.034438442,null,null,null,null,"TWOGAUSSIANS",8,11.946922,0.19301379,0.012966015,0.2310065,0.13515331,0.3842276,0.12535182,0.7187879,0.008713775,0.2738521,0.028229112,0.34146345,0.034438387
375316653866487564,4318345322707930880,0.52959573,2101.2226247831413,3.5462989937453395,4.369967E-5,19.680521,0.013807463,0.24401814,0.008481294,0.07236754,0.008686626,0.78169006,0.13612127,0.7581954,0.0055027567,0.07082184,0.0062228404,0.5274679,0.03476525,null,null,null,null,"TWOGAUSSIANS",8,3.0448358,0.24401814,0.008481294,0.4,0.0015294325,0.7796531,0.13866395,0.7581954,0.0055027567,0.39660227,0.024094606,0.525431,0.035083067
375316653866487564,4318347865347978368,0.47895908,2128.9103218991527,3.3354974540407922,1.6159034E-5,16.358341,0.0051189754,0.25959298,0.0064018173,0.040244736,0.019678306,0.11952553,1.2489365,0.73308027,0.022684254,0.024710568,0.013268723,0.084153324,0.12193788,0.040008474,0.0077422103,0.25959298,0.0064018173,"TWOGAUSSIANS_WITH_ELLIPSOIDAL_ON_ECLIPSE1",9,10.79171,0.25959298,0.0064018173,0.22537053,0.11019851,0.19954245,1.2484416,0.73422027,0.02172688,0.13837917,0.07430485,0.16206427,0.12273659
375316653866487564,4318347895374544256,0.56711566,2132.5077426669727,2.9810216059515007,6.787831E-6,18.865198,0.0121251205,0.23394737,0.0036412103,0.039022986,0.0076415334,0.22595908,0.056889515,0.73089224,0.0031761986,0.049182393,0.008873684,0.31056717,0.029287532,0.11379667,0.018179992,0.23394737,0.0036412103,"TWOGAUSSIANS_WITH_ELLIPSOIDAL_ON_ECLIPSE1",9,4.173457,0.7312722,0.0027438651,0.2754214,0.04969263,0.5380864,0.030730426,0.23394737,0.0036412103,0.21852873,0.042792585,0.45355186,0.0522485
375316653866487564,4318349132325173632,0.5368484,2167.8498637807575,2.175758795139997,1.1664086E-5,18.994251,0.014792517,0.21144326,0.0017020226,0.07409696,0.0047298344,0.41316277,0.019614995,0.71522844,0.004100832,0.07681646,0.0047431486,0.35303473,0.030231949,null,null,null,null,"TWOGAUSSIANS",8,4.028004,0.21144326,0.0017020226,0.4,0.0,0.41026354,0.019447103,0.71522844,0.004100832,0.4,0.0,0.35013548,0.03000304
375316653866487564,4318350064352128896,0.4996718,2102.0984686756015,2.4341169474430338,2.3089466E-5,19.490246,0.024787014,0.2671946,0.0061360057,0.093911335,0.015546389,0.30407295,0.023486676,0.77349555,0.01031529,0.09302222,0.012819208,0.38286486,0.065054215,null,null,null,null,"TWOGAUSSIANS",8,2.4226365,0.77349555,0.01031529,0.4,0.0,0.365472,0.06654017,0.2671946,0.0061360057,0.4,0.0,0.28668007,0.025817038
375316653866487564,4318350476687890048,0.6688275,2151.3698413632783,0.19800380483122382,3.446816E-6,15.544,0.001161261,0.11863713,0.0057016425,0.0088616675,0.0020038015,0.5428239,0.2821383,0.61836666,1.6741401E-4,0.008498298,1.4029787E-4,0.51120436,0.008388041,null,null,null,null,"TWOGAUSSIANS",8,6.909579,0.11863713,0.0057016425,0.049625337,0.011221289,0.5428239,0.2821383,0.61836666,1.6741401E-4,0.04759047,7.856681E-4,0.51120436,0.008388041
375316653866487564,4318350614130265216,0.53512686,2087.623029044332,3.19699664175292,1.30542585E-5,19.311611,0.008265779,0.3012452,0.004329927,0.08233201,0.007067894,0.57709956,0.05250625,0.81098056,0.00227911,0.06492065,0.0036942519,0.61557746,0.034783445,null,null,null,null,"TWOGAUSSIANS",8,3.7536645,0.81098056,0.00227911,0.3635556,0.02068781,0.6126323,0.03525396,0.3012452,0.004329927,0.4,0.0,0.5741544,0.05382377
375316653866487564,4318350820264910592,0.5184071,2092.577752413219,1.981912713893885,1.6880904E-5,19.69712,0.017755471,0.24830928,0.004588147,0.07724723,0.0060827076,0.52670765,0.073748514,0.7273808,0.004329371,0.08468261,0.0064509986,0.49583265,0.02596444,null,null,null,null,"TWOGAUSSIANS",8,2.1318145,0.24830928,0.004588147,0.4,0.0,0.52093947,0.07441515,0.7273808,0.004329371,0.4,0.0,0.49006447,0.025401792
375316653866487564,4318350919035239808,0.5081538,2094.8465053068535,0.7723677872567022,1.3780856E-4,19.80548,0.006558078,0.18755476,0.008576031,0.05702955,0.010309861,0.118706025,0.014810556,0.5942715,0.021228638,0.042899556,0.006607583,0.9982873,0.3965999,null,null,null,null,"TWOGAUSSIANS",8,1.9005927,0.5942715,0.021228638,0.2402375,0.037002463,0.99828726,0.3965994,0.18755476,0.008576031,0.31936547,0.05773522,0.11870601,0.014810538
375316653866487564,4318351610540717312,0.52237016,2153.1576090062827,0.818061517483181,6.385908E-5,19.050766,0.004308802,0.45808494,0.0039687483,0.0423404,0.00386887,0.39925975,0.043405406,0.8993365,0.009732446,0.015415716,0.008797095,0.031123474,0.007921547,null,null,null,null,"TWOGAUSSIANS",8,2.6581128,0.45808494,0.0039687483,0.23710626,0.021665672,0.39925975,0.043405406,0.8993365,0.009732446,0.08632801,0.049263734,0.031123474,0.007921547
375316653866487564,4318351782339154432,0.5540472,2114.452500519038,2.149420806959576,1.2102331E-5,18.310526,0.013603519,0.257378,0.0031054656,0.09761681,0.008087418,0.29095554,0.013664143,0.7577356,0.005059153,0.08380208,0.007843121,0.3384242,0.022264978,null,null,null,null,"TWOGAUSSIANS",8,2.7590187,0.7577356,0.005059153,0.4,0.0,0.32457644,0.024598656,0.257378,0.0031054656,0.4,0.0,0.2771066,0.012620442
375316653866487564,4318352950592603008,0.50173515,2121.6454432059363,2.180624528233611,3.0460249E-5,19.447195,0.022891382,0.15474518,0.014284143,0.08344698,0.02780607,0.2038486,0.033017576,0.63993776,0.01854489,0.09815538,0.021431157,0.18322147,0.022366978,null,null,null,null,"TWOGAUSSIANS",8,1.382467,0.15474518,0.014283749,0.4,0.0,0.19695804,0.03771653,0.63993776,0.01854489,0.4,0.0,0.17632982,0.011486389
375316653866487564,4318354428058410112,0.6005516,2164.640944467537,0.6957079237815568,7.270312E-6,17.173542,0.0027570822,0.16817205,0.009198952,0.036699362,0.006143196,0.09186117,0.0070103263,0.6655565,0.0011349721,0.032902632,9.0525014E-4,0.58615106,0.023978895,null,null,null,null,"TWOGAUSSIANS",8,7.0821195,0.6655565,0.0011349721,0.18425474,0.0050694006,0.58615106,0.023978895,0.16817205,0.009198952,0.20551644,0.034401897,0.09186117,0.0070103263
375316653866487564,4318354943440336768,0.47295347,2146.5456568389554,2.9788025184447933,2.2335858E-5,19.369972,0.1496592,0.23134625,0.016409473,0.15268815,0.047347758,0.3192831,0.15466553,0.6848574,0.007211624,0.1053964,0.023705795,0.45082948,0.11747823,null,null,null,null,"TWOGAUSSIANS",8,4.187098,0.6848574,0.007211624,0.4,0.0,0.3797073,0.05249854,0.23147625,0.016016835,0.4,0.0,0.24379973,0.03542879
375316653866487564,4318355321398214272,0.57929987,2149.231902879361,2.965098726175684,5.5126284E-6,18.453892,0.015976977,0.2538267,0.0022790479,0.07274932,0.004520041,0.45339036,0.014243399,0.74359894,0.0033538514,0.08029539,0.0062731514,0.51260424,0.015646193,null,null,null,null,"TWOGAUSSIANS",8,4.755054,0.74359894,0.0033538514,0.4,0.0,0.5088759,0.014482521,0.2538267,0.0022790479,0.4,0.010318256,0.44966203,0.012988241
375316653866487564,4318355493196939008,0.5219274,2175.6093069296066,1.9531037668175695,2.4411E-5,19.8405,0.016774675,0.21170378,0.004585785,0.06410384,0.008028088,0.37311244,0.08939227,0.70763904,0.008705691,0.0631061,0.011332079,0.7220648,0.22875485,null,null,null,null,"TWOGAUSSIANS",8,1.84718,0.70763904,0.008705691,0.35339415,0.06345964,0.7216629,0.22929592,0.21170378,0.004585785,0.35898152,0.044957295,0.37271053,0.089669004
375316653866487564,4318356249109692416,0.4454435,2147.588631575314,0.82775838902389,2.7991768E-5,18.290646,0.0036335732,0.20808625,0.04149778,0.06302762,0.030954486,0.037790813,0.012049575,0.5969817,0.0041240375,0.057418726,0.0074537843,0.11801035,0.032758687,null,null,null,null,"TWOGAUSSIANS",8,3.0770123,0.5969817,0.0041240375,0.32154486,0.041741192,0.118010014,0.032759164,0.20808625,0.04149778,0.35295466,0.17334512,0.03779048,0.012049778
375316653866487564,4318356450949586944,0.5630785,2180.444784831739,0.2577921539252342,9.781166E-5,17.881573,0.0061074225,0.14572276,0.02205545,0.022380024,0.008381973,1.4086576,3.7037654,0.79250634,0.010532364,0.05775492,0.023919689,0.055073503,0.017430611,null,null,null,null,"TWOGAUSSIANS",8,8.929054,0.14572276,0.02205545,0.12532814,0.04693905,1.4086576,3.7037652,0.79250634,0.010532364,0.32342756,0.11783079,0.055073503,0.017430611
375316653866487564,4318357348621983616,0.449234,2167.0010062997553,0.9033078405371399,6.894917E-5,19.357594,0.07034575,0.24997702,0.010523359,0.13413285,0.05335233,0.16697559,0.06407417,0.75186914,0.020350125,0.09987413,0.038369693,0.18933642,0.057914,null,null,null,null,"TWOGAUSSIANS",8,2.0847073,0.75188917,0.020353403,0.4,0.011169927,0.15491535,0.02583143,0.24997702,0.010520285,0.4,0.0,0.13223459,0.014046941
375316653866487564,4318358791732446336,0.51446533,2148.0131702367003,4.466185749763831,4.5130888E-5,19.436289,0.39036086,0.38499528,0.0056725773,0.25055113,0.09723913,0.5770397,0.38258234,0.88387614,0.009321218,0.07141607,0.03055434,0.09910553,0.066032894,null,null,null,null,"TWOGAUSSIANS",8,1.5729725,0.38499528,0.0056725773,0.4,0.0,0.3469212,0.011086394,0.88387614,0.011161673,0.39993,0.1589408,0.026157238,0.009879172
375316653866487564,4318359444567707648,0.5672605,2164.979822859758,2.1032399417915433,1.2536198E-5,18.822306,0.00900112,0.19458745,0.003717134,0.07689963,0.0059873876,0.26004437,0.017822243,0.68964,0.0039775074,0.08373007,0.0048583895,0.33951032,0.018150132,null,null,null,null,"TWOGAUSSIANS",8,1.8847927,0.68964,0.0039775074,0.4,0.0,0.33524367,0.018023035,0.19458745,0.003717134,0.4,0.0,0.25577772,0.018285654
375316653866487564,4318359474614507904,0.58456886,2150.6084879046584,2.91836384350886,7.955671E-6,17.688465,0.0054318947,0.2888568,0.04338975,0.061574783,0.06630599,0.012312182,2.9272166E26,0.68933576,0.0028838795,0.0705099,0.0023899497,0.5373852,0.013528384,0.008082959,0.009390908,0.2888568,0.04338975,"TWOGAUSSIANS_WITH_ELLIPSOIDAL_ON_ECLIPSE1",9,10.575145,0.6902258,0.0021546495,0.39485547,0.011261263,0.5480493,0.013445206,0.2888568,0.043393135,0.34481877,0.35020754,0.028472401,2.9272166E26
375316653866487564,4318360715877189888,0.5277465,2164.1620595658715,2.276883796426146,1.5833575E-5,19.631607,0.014948748,0.3123755,0.0053685918,0.07323608,0.009726756,0.42885545,0.030370994,0.80017704,0.003839586,0.078633234,0.005519677,0.4328982,0.020630458,null,null,null,null,"TWOGAUSSIANS",8,1.9822272,0.80017704,0.003839586,0.4,0.0,0.42997897,0.01984021,0.3123755,0.0053685918,0.4,0.021189103,0.42593622,0.031814158
375316653866487564,4318361677953271808,0.50713104,2171.807998628829,1.7288464334062335,1.33213625E-5,19.832851,0.020881368,0.3084856,0.012936279,0.03563886,0.015310099,1.20883,1.6656512,0.8256679,0.0036231137,0.04557204,0.0033688596,0.9147031,0.049522877,null,null,null,null,"TWOGAUSSIANS",8,8.930868,0.3084856,0.012936279,0.19957761,0.08573656,1.20883,1.6656516,0.8256679,0.0036231137,0.25520343,0.018865613,0.9147031,0.049522854
375316653866487564,4318361776707641600,0.49436232,2144.8971651954143,0.7413030680732516,5.0592585E-5,18.23974,0.0030498712,0.34621528,0.0038449992,0.0638812,0.0041056187,0.28112087,0.02991352,0.79639894,0.03682406,0.03189979,0.016728768,0.016876977,0.0066921846,null,null,null,null,"TWOGAUSSIANS",8,2.401026,0.34621528,0.0038449992,0.35773474,0.022991465,0.28112087,0.029913532,0.79639894,0.03682406,0.17863883,0.093681104,0.016876962,0.006692149
375316653866487564,4318362468224378240,0.48762387,2156.758326936901,2.933143858173459,4.3419666E-5,19.76114,0.020951282,0.22469036,0.007011059,0.088177696,0.01102733,0.31853005,0.02106555,0.7473514,0.01832496,0.06270549,0.018211631,0.2942314,0.028234586,null,null,null,null,"TWOGAUSSIANS",8,2.42926,0.22469036,0.007011059,0.4,0.0,0.31702432,0.019139739,0.7473514,0.01832496,0.35115075,0.08187176,0.2927258,0.02767744
375316653866487564,4318362777475211264,0.5278197,2150.398087738206,2.4789268740990864,1.6238662E-5,19.517,0.005484857,0.70988584,0.00443227,0.053265672,0.014713737,0.08612022,0.026987178,null,null,null,null,null,null,0.12154464,0.007255989,0.70988584,0.00443227,"ONEGAUSSIAN_WITH_ELLIPSOIDAL",6,1.5154752,0.70988584,0.00443227,0.29828778,0.08239693,0.32920805,0.030444516,null,null,null,null,null,null
375316653866487564,4318362949258570624,0.51187813,2169.397411902464,2.50123496040555,1.0386436E-5,19.428093,0.019905852,0.24653544,0.006161734,0.09999003,0.017253457,0.21215771,0.015751285,0.7372523,0.0032836,0.0864319,0.007824346,0.25382048,0.01882606,null,null,null,null,"TWOGAUSSIANS",8,0.989902,0.7372523,0.0032836,0.4,0.0,0.24282809,0.011899573,0.24653544,0.006161734,0.4,0.0,0.2011636,0.018595826
375316653866487564,4318363121072598272,0.55724555,2189.687817663345,0.0916541143345952,1.0506935E-5,16.862383,0.31554386,0.20907505,0.008975916,0.073850214,0.089430735,0.08574491,0.26379687,0.7530501,0.030445786,0.027143035,0.17459863,2.7304664,2.3457532,null,null,null,null,"TWOGAUSSIANS",8,28.882748,0.7530501,0.028565837,0.152001,0.24192534,2.7304664,2.6210272,0.20907505,0.006769802,0.4,0.0045638266,0.08574473,0.019507695
375316653866487564,4318363292871236480,0.47017512,2119.0328063174043,0.9077384302859406,3.516447E-5,18.702942,0.005823032,0.2376835,0.013666295,0.03424504,0.016885504,0.18210441,0.08737706,0.5220244,0.02833166,0.07404506,0.018919494,0.046505947,0.030766746,null,null,null,null,"TWOGAUSSIANS",8,2.2205026,0.2376935,0.013663811,0.19177222,0.09455883,0.18213362,0.087380916,0.5220244,0.02833166,0.4,0.06713911,0.046505947,0.030766746
375316653866487564,4318363425980323712,0.50149137,2161.2303057532545,1.2009074450051038,7.73595E-5,17.916805,0.0017848354,0.3183228,0.02070134,0.026733553,0.018545987,0.28444108,595.9285,0.74942976,0.015829358,0.033789955,0.010763547,0.024282522,0.018889826,null,null,null,null,"TWOGAUSSIANS",8,3.1279137,0.3183228,0.02070134,0.1497079,0.10385753,0.28444108,595.9285,0.74942976,0.015829358,0.18922374,0.060275868,0.024282522,0.018889826
375316653866487564,4318363808267423616,0.62341976,2165.4554787566017,2.416193239194868,5.9018294E-6,18.014212,0.019009123,0.24112111,0.004009127,0.047573294,0.018269505,0.2689526,0.17109703,0.73678005,0.002668687,0.052833818,0.0050603645,0.27694583,0.039513636,0.127295,0.021201024,0.24112111,0.004009127,"TWOGAUSSIANS_WITH_ELLIPSOIDAL_ON_ECLIPSE1",9,4.201342,0.73751,0.0019654955,0.29586938,0.028338041,0.53137535,0.008868604,0.24112111,0.004009127,0.26641044,0.10230923,0.5235396,0.19173586
375316653866487564,4318363876986920832,0.46214333,2169.8185067800005,2.632891293964744,1.8318686E-5,16.442978,0.0016323079,null,null,null,null,null,null,null,null,null,null,null,null,0.036096565,0.0024983555,0.2823605,0.004605777,"ELLIPSOIDAL",4,11.255674,null,null,null,null,null,null,null,null,null,null,null,null
375316653866487564,4318363980055242752,0.51423025,2120.055961174136,3.1486849565901016,3.6721976E-5,19.776785,0.08397373,0.28667066,0.0075555444,0.09989602,0.017330717,0.4657927,0.08193482,0.75857323,0.0076043005,0.11063287,0.023161627,0.4655816,0.074639134,null,null,null,null,"TWOGAUSSIANS",8,2.0883844,0.28671065,0.0074254447,0.4,0.0,0.42584348,0.027791,0.75857323,0.0076043005,0.4,0.0,0.42558205,0.046167683
375316653866487564,4318363980068004608,0.45521832,2110.6532403053466,2.5785265321045054,2.544981E-5,18.863384,0.01822338,0.23060237,0.008646314,0.10306559,0.01971827,0.10793642,0.018920658,0.7321192,0.009769861,0.08314324,0.018412251,0.1231898,0.017658534,null,null,null,null,"TWOGAUSSIANS",8,2.1722326,0.7321192,0.009769861,0.4,0.0,0.1171498,0.011373831,0.23060237,0.008646314,0.4,0.0,0.10189475,0.013860681
375316653866487564,4318364048770673792,0.45502043,2145.574322564046,1.357627395550236,2.822647E-5,19.147226,0.21051449,0.28590652,0.025844779,0.10382989,0.04787489,0.21456338,0.16574177,0.77644104,0.017494423,0.1518505,0.11466351,0.16189538,0.205478,null,null,null,null,"TWOGAUSSIANS",8,2.60675,0.2862065,0.025235416,0.4,0.0,0.16785789,0.014820777,0.77644104,0.017494423,0.4,0.0,0.11373382,0.017539972
