Gaia/vari_eclipsing_binary/VariEclipsingBinary_509371-509432.csv
# %ECSV 1.0
# ---
# delimiter: ','
# meta: !!omap
# - RELEASE: Gaia DR3
# - TABLE: vari_eclipsing_binary
# - DESCRIPTION: >
#     This table describes the properties of the eclipsing binaries resulting from the variability analysis. 
# - CITATION: >
#     How to cite and acknowledge Gaia: 
#     https://gea.esac.esa.int/archive/documentation/credits.html 
# - KNOWN_ISSUES: >
#     Known issues: 
#     https://www.cosmos.esa.int/web/gaia-users/known-issues 
# - DOCUMENTATION: >
#     Tutorials and documentation: 
#     https://www.cosmos.esa.int/web/gaia-users/archive 
# datatype:
# - 
#   name: solution_id
#   datatype: int64
#   description: Solution Identifier
#   meta:
#     ucd: meta.version
# - 
#   name: source_id
#   datatype: int64
#   description: Unique source identifier
#   meta:
#     ucd: meta.id;meta.main
# - 
#   name: global_ranking
#   datatype: float32
#   description: Number between 0 (worst) and 1 (best)
#   meta:
#     ucd: stat.param
# - 
#   name: reference_time
#   datatype: float64
#   unit: d
#   description: Reference time used for the geometric model fit
#   meta:
#     ucd: time.epoch
# - 
#   name: frequency
#   datatype: float64
#   unit: d**-1
#   description: Frequency of geometric model of the eclipsing binary light curve
#   meta:
#     ucd: src.orbital
# - 
#   name: frequency_error
#   datatype: float32
#   unit: d**-1
#   description: "Uncertainty of \\texttt{frequency}"
#   meta:
#     ucd: stat.error
# - 
#   name: geom_model_reference_level
#   datatype: float32
#   unit: mag
#   description: Magnitude reference level of geometric model
#   meta:
#     ucd: phot.mag;em.opt
# - 
#   name: geom_model_reference_level_error
#   datatype: float32
#   unit: mag
#   description: "Uncertainty of \\texttt{geomModelReferenceLevel}"
#   meta:
#     ucd: stat.error;phot.mag;em.opt
# - 
#   name: geom_model_gaussian1_phase
#   datatype: float32
#   description: Phase of the Gaussian 1 component
#   meta:
#     ucd: time.phase
# - 
#   name: geom_model_gaussian1_phase_error
#   datatype: float32
#   description: "Uncertainty of \\texttt{geomModelGaussian1Phase}"
#   meta:
#     ucd: stat.error;time.phase
# - 
#   name: geom_model_gaussian1_sigma
#   datatype: float32
#   description: "Standard deviation [phase] of Gaussian 1 component"
#   meta:
#     ucd: stat.stdev
# - 
#   name: geom_model_gaussian1_sigma_error
#   datatype: float32
#   description: "Uncertainty of \\texttt{geomModelGaussian1Sigma}"
#   meta:
#     ucd: stat.error
# - 
#   name: geom_model_gaussian1_depth
#   datatype: float32
#   unit: mag
#   description: Magnitude depth of Gaussian 1 component
#   meta:
#     ucd: src.var.amplitude
# - 
#   name: geom_model_gaussian1_depth_error
#   datatype: float32
#   unit: mag
#   description: "Uncertainty of \\texttt{geomModelGaussian1Depth}"
#   meta:
#     ucd: stat.error;src.var.amplitude
# - 
#   name: geom_model_gaussian2_phase
#   datatype: float32
#   description: Phase of Gaussian 2 component
#   meta:
#     ucd: time.phase
# - 
#   name: geom_model_gaussian2_phase_error
#   datatype: float32
#   description: "Uncertainty of \\texttt{geomModelGaussian2Phase}"
#   meta:
#     ucd: stat.error;time.phase
# - 
#   name: geom_model_gaussian2_sigma
#   datatype: float32
[...]
#   datatype: float32
#   description: "Secondary eclipse: uncertainty of \\texttt{derivedSecondaryEclDuration}"
#   meta:
#     ucd: stat.error;time.duration
# - 
#   name: derived_secondary_ecl_depth
#   datatype: float32
#   unit: mag
#   description: "Secondary eclipse: depth"
#   meta:
#     ucd: src.var.amplitude
# - 
#   name: derived_secondary_ecl_depth_error
#   datatype: float32
#   unit: mag
#   description: "Secondary eclipse: uncertainty of \\texttt{derivedSecondaryEclDepth}"
#   meta:
#     ucd: stat.error;src.var.amplitude
solution_id,source_id,global_ranking,reference_time,frequency,frequency_error,geom_model_reference_level,geom_model_reference_level_error,geom_model_gaussian1_phase,geom_model_gaussian1_phase_error,geom_model_gaussian1_sigma,geom_model_gaussian1_sigma_error,geom_model_gaussian1_depth,geom_model_gaussian1_depth_error,geom_model_gaussian2_phase,geom_model_gaussian2_phase_error,geom_model_gaussian2_sigma,geom_model_gaussian2_sigma_error,geom_model_gaussian2_depth,geom_model_gaussian2_depth_error,geom_model_cosine_half_period_amplitude,geom_model_cosine_half_period_amplitude_error,geom_model_cosine_half_period_phase,geom_model_cosine_half_period_phase_error,model_type,num_model_parameters,reduced_chi2,derived_primary_ecl_phase,derived_primary_ecl_phase_error,derived_primary_ecl_duration,derived_primary_ecl_duration_error,derived_primary_ecl_depth,derived_primary_ecl_depth_error,derived_secondary_ecl_phase,derived_secondary_ecl_phase_error,derived_secondary_ecl_duration,derived_secondary_ecl_duration_error,derived_secondary_ecl_depth,derived_secondary_ecl_depth_error
[from data line 441]
375316653866487564,4480878567490820608,0.5265804,2260.378140862499,2.7118003242619335,1.0820022E-5,17.368273,0.0068576746,0.3078301,0.0053486144,0.027371177,0.0020309642,0.58523154,0.07567109,0.8549733,0.057348743,0.028089778,0.028648825,0.24660322,1.6933836E7,null,null,null,null,"TWOGAUSSIANS",8,15.537972,0.3078301,0.0053486144,0.15327859,0.0113734,0.58523154,0.07567109,0.8549733,0.057348743,0.15730275,0.16043343,0.24660322,1.6933836E7
375316653866487564,4480878700631777792,0.5342703,2259.6855752530073,3.0174085125498524,9.9078774E-5,18.201921,0.0050073294,0.3058578,0.030625433,0.035018865,0.027749563,0.2109281,0.10522646,0.8016922,0.009530579,0.026352655,0.006846471,0.37368992,0.1932053,null,null,null,null,"TWOGAUSSIANS",8,4.3781013,0.8016922,0.009530579,0.14757487,0.038340237,0.37368992,0.1932053,0.3058578,0.030625433,0.19610566,0.15539755,0.2109281,0.10522646
375316653866487564,4480879697056459776,0.4957243,2266.694888435624,3.605805770288624,2.8551782E-5,18.6722,0.0981456,0.32021436,0.006722158,0.10687407,0.028371371,0.27815005,0.09216179,0.81168026,0.010376635,0.117405534,0.052478865,0.22706442,0.078991726,null,null,null,null,"TWOGAUSSIANS",8,5.931664,0.32023436,0.0067399484,0.4,0.0,0.24008374,0.025068266,0.81168026,0.010376635,0.4,0.0,0.18895388,0.022719735
375316653866487564,4480881346324194432,0.6234985,2271.060116784644,1.7042633683058328,3.836374E-6,16.072252,0.0078063053,0.2994964,0.0027381491,0.09158522,0.0036774338,0.37736556,0.011401033,0.7976162,0.0012578284,0.08754187,0.003800033,0.41889015,0.027026396,null,null,null,null,"TWOGAUSSIANS",8,10.620584,0.7976162,0.0012578284,0.4,0.0,0.40322083,0.029076215,0.2994964,0.0027381491,0.4,0.0,0.3616961,0.010552834
375316653866487564,4480881483763228032,0.5141458,2260.807783632793,3.02157114082268,2.8444581E-5,18.236965,0.019992635,0.30702928,0.006203339,0.09342955,0.013616522,0.18889567,0.017207611,0.8048613,0.0063162325,0.09243857,0.010675595,0.20303577,0.022336973,null,null,null,null,"TWOGAUSSIANS",8,4.5332155,0.8048613,0.0063162325,0.4,0.0,0.19285627,0.01572253,0.30702928,0.006203339,0.4,0.0,0.17871612,0.012189002
375316653866487564,4480882274039411328,0.4379419,2296.6157100807295,0.10884281427756853,3.4442142E-5,18.436752,0.04908565,0.17077327,0.009712753,0.11236484,0.031671677,0.15857475,0.039333977,0.607438,0.028828634,0.1336167,0.027888436,0.120855905,0.054232795,null,null,null,null,"TWOGAUSSIANS",8,2.7377415,0.17189327,0.008013927,0.4,0.0,0.13949141,0.012851061,0.607438,0.028828634,0.4,0.0,0.10125258,0.019689469
375316653866487564,4480882514555502848,0.4449746,2219.9330954008547,1.3327527761429276,7.2591996E-5,18.462965,0.018203419,0.24146351,0.01192235,0.09277912,0.014242512,0.16369615,0.032891184,0.83965117,0.027519321,0.0470891,0.015933914,0.12760021,0.027763115,null,null,null,null,"TWOGAUSSIANS",8,12.381611,0.24146351,0.01192235,0.4,0.0,0.16366576,0.032885216,0.8396612,0.02753102,0.26369897,0.08922992,0.12758367,0.027683683
375316653866487564,4480882553220740992,0.5618584,2296.5477533312305,2.583196523756704,1.8788256E-5,14.989863,0.023175362,0.24688855,0.004902266,0.08303457,0.009444271,0.33895254,0.026781036,0.72719425,0.0073877475,0.085027896,0.011454698,0.35139906,0.02085906,null,null,null,null,"TWOGAUSSIANS",8,183.83443,0.72719425,0.0073877475,0.4,0.0,0.34560883,0.018578714,0.24688855,0.004902266,0.4,0.0,0.3331623,0.02394073
375316653866487564,4480884271207294592,0.56574994,2277.628598832235,2.9792525710547557,1.6252561E-5,15.822303,0.002436221,0.21716973,0.002894892,0.05088256,0.0037878125,0.13852176,0.0064605623,0.72995955,0.0044694347,0.06463117,0.0034166784,0.15035254,0.0039916546,null,null,null,null,"TWOGAUSSIANS",8,9.989614,0.72995955,0.0044694347,0.36193454,0.019133398,0.1503374,0.003988475,0.21716973,0.002894892,0.28494233,0.02121175,0.1385066,0.006467883
375316653866487564,4480885336345540480,0.48473352,2324.9275614019925,3.1130392023121094,2.4112307E-5,17.02747,0.10782406,0.15193196,0.008609428,0.084480144,0.028660627,0.13240057,0.07238379,0.63044536,0.041071042,0.09125767,0.20581406,0.05768194,0.098453544,null,null,null,null,"TWOGAUSSIANS",8,8.38667,0.15193196,0.006788881,0.4,0.0,0.13032366,0.02048024,0.63044536,0.041071042,0.4,0.016874416,0.055604987,0.016274303
375316653866487564,4480887638462079744,0.65876883,2321.9978627999803,2.641720157621238,1.3655326E-5,15.725974,0.020157864,0.2708968,0.0025419968,0.04549524,0.04364841,0.31953982,0.24565597,0.7721648,0.008561359,0.050697714,0.007746584,0.34170577,0.04608691,0.11552043,0.024675246,0.2708968,0.0025419968,"TWOGAUSSIANS_WITH_ELLIPSOIDAL_ON_ECLIPSE1",9,32.336216,0.7721648,0.007691166,0.2839072,0.043380868,0.57272977,0.016689656,0.2708968,0.0025419968,0.25477332,0.1627105,0.5505785,0.26858637
375316653866487564,4480889042900275968,0.63965285,2255.4401516987,2.7213009582619465,4.7971052E-6,17.662153,0.0065960702,0.210901,0.001776418,0.08850818,0.0027427652,0.37563065,0.0074981297,0.71074384,0.0040540514,0.08802399,0.006055629,0.35970515,0.02536222,null,null,null,null,"TWOGAUSSIANS",8,1.915112,0.210901,0.001776418,0.4,0.0,0.36234587,0.006199087,0.71074384,0.0040540514,0.4,0.0,0.34642038,0.028885024
375316653866487564,4480890039332720256,0.6012423,2293.8991861297677,3.0035268562384507,1.0523785E-5,18.40685,0.008927082,0.2826001,0.0052520144,0.08010485,0.005797103,0.47008017,0.02150845,0.78410643,0.0065025785,0.081771396,0.0054141935,0.45806992,0.016504105,null,null,null,null,"TWOGAUSSIANS",8,3.703047,0.2826001,0.0052520144,0.4,0.0,0.46243683,0.022019353,0.78410643,0.0065025785,0.4,0.0,0.4504266,0.014798121
375316653866487564,4480890863973471744,0.5824582,2293.7810851758913,2.3766009700586896,1.1601907E-5,18.38826,0.010967795,0.28133598,0.00820592,0.0854506,0.009178039,0.23393498,0.013230819,0.7784825,0.0030211227,0.086383246,0.006741004,0.22338483,0.010330763,null,null,null,null,"TWOGAUSSIANS",8,1.3022156,0.28133598,0.00820592,0.4,0.0,0.22761905,0.011966212,0.7784825,0.0030211227,0.4,0.0,0.2170689,0.007460802
375316653866487564,4480890936983031424,0.49558526,2288.845443206475,3.2861906032897896,1.8094905E-5,19.72787,0.03039731,0.22587812,0.029319728,0.0876948,0.024760524,0.456672,0.048473347,0.70074564,0.005361317,0.08566567,0.009005384,0.4592779,0.04002243,null,null,null,null,"TWOGAUSSIANS",8,1.0532709,0.70074564,0.005361317,0.4,0.0,0.4499592,0.03797815,0.22587812,0.029319728,0.4,0.0042521576,0.4473532,0.04629437
375316653866487564,4480891722959997312,0.5527049,2294.94618562449,3.3178442805153345,3.1064566E-5,19.298405,0.012548581,0.25520682,0.0054367394,0.066681676,0.0047881203,0.5318021,0.022648556,0.74467266,0.0049011433,0.06433388,0.006098184,0.6576005,0.10294134,null,null,null,null,"TWOGAUSSIANS",8,2.7774014,0.74467266,0.0049011433,0.36026973,0.03414983,0.6570054,0.103432015,0.25520682,0.0054367394,0.37341738,0.026813474,0.531207,0.02254036
375316653866487564,4480893170368909568,0.4942241,2308.393375533616,3.794724822420031,2.8672348E-5,19.793095,0.035832673,0.2974657,0.008027572,0.09199999,0.014681181,0.2767589,0.035126265,0.7741594,0.014944335,0.08606345,0.024731787,0.3855788,0.11110771,null,null,null,null,"TWOGAUSSIANS",8,1.9717896,0.7741594,0.014944335,0.4,0.0,0.3769519,0.11630666,0.2974657,0.008026444,0.4,0.0,0.26813167,0.023658628
375316653866487564,4480894884056007040,0.4690218,2250.834949028566,0.2516096237127435,1.0728091E-4,18.286537,0.4500321,0.18745771,0.023767121,0.07068749,0.01893974,0.36682653,0.090031594,0.744708,0.009528757,0.22305039,0.14042719,0.3613305,0.4317353,null,null,null,null,"TWOGAUSSIANS",8,6.8805428,0.18352771,0.022191333,0.39584994,0.09529648,0.32562786,0.08060828,0.744708,0.009528757,0.4,0.0,0.2533037,0.03869367
375316653866487564,4480895712987157120,0.5230967,2275.273313249682,1.5686482629369425,6.0875536E-5,18.050125,0.0026318957,0.31798425,0.019663308,0.0686897,0.012034252,0.17245373,0.064388596,0.7714266,0.009843507,0.06424119,0.0042943396,0.31016034,0.05209305,null,null,null,null,"TWOGAUSSIANS",8,1.3576807,0.7714266,0.009843507,0.3597507,0.024048302,0.310063,0.052113444,0.31798425,0.019663308,0.3846623,0.04223504,0.1723564,0.06451453
375316653866487564,4480895811768949376,0.6168837,2249.906551305666,3.6519393160547566,7.4299855E-6,17.83903,0.011454182,0.26302242,0.00242788,0.0408456,0.0056047165,0.16783811,0.02890951,0.76054335,0.0060992646,0.048953746,0.0078026643,0.29100478,0.033883482,0.13048273,0.016143508,0.26302242,0.00242788,"TWOGAUSSIANS_WITH_ELLIPSOIDAL_ON_ECLIPSE1",9,5.9873657,0.76090336,0.0052990303,0.27414098,0.04369492,0.5519156,0.032643963,0.26302242,0.00242788,0.22873536,0.031386413,0.4288031,0.011566208
375316653866487564,4480897426683658752,0.50744015,2304.539199048377,1.0208556529038435,1.466656E-4,18.73911,0.010648036,0.2971061,0.025840128,0.124307945,0.023209097,0.06290401,0.018478641,0.73815316,0.027034355,0.032555837,0.017178196,0.4688816,0.318535,null,null,null,null,"TWOGAUSSIANS",8,3.437032,0.73815316,0.027034355,0.1823127,0.0961979,0.46873906,0.31849235,0.2971061,0.025840128,0.4,0.0,0.0626427,0.018147947
375316653866487564,4480897873358780672,0.5902858,2323.237091614118,2.1050046261867124,1.2307593E-5,17.761368,0.004429412,0.40329185,0.0019778262,0.05224801,0.0022094315,0.30361247,0.012281146,null,null,null,null,null,null,0.050956488,0.0076427753,0.40329185,0.0019778262,"ONEGAUSSIAN_WITH_ELLIPSOIDAL",6,5.461315,0.40329185,0.0019778262,0.29258883,0.012372816,0.40552217,0.008428912,null,null,null,null,null,null
375316653866487564,4480897946369744128,0.47671974,2287.74327923498,0.8763505342770601,1.0272252E-4,18.806036,0.021950506,0.2628473,0.0074334517,0.059184335,0.019626457,0.14464658,0.025496515,0.77407086,0.044482607,0.08068539,0.077771746,0.06816544,0.021266092,null,null,null,null,"TWOGAUSSIANS",8,2.379528,0.2628473,0.0074405214,0.33143228,0.08871363,0.14441638,0.027613679,0.77407086,0.044482607,0.4,0.02164564,0.067935236,0.023102382
375316653866487564,4480899419547099136,0.6239792,2322.397110698033,0.931745723716913,1.738212E-5,18.031694,0.009051538,0.20784822,0.0029887662,0.034135707,0.003652433,0.24581052,0.059796568,0.7007564,0.0019394783,0.028746564,0.002375617,0.78693026,0.024612568,0.08382061,0.013148275,0.20784822,0.0029887662,"TWOGAUSSIANS_WITH_ELLIPSOIDAL_ON_ECLIPSE1",9,9.336286,0.7008563,0.0019176031,0.16098076,0.013303455,0.95424336,0.019567447,0.20784822,0.0029887662,0.19115996,0.020453624,0.41345167,0.053022023
375316653866487564,4480900729522445952,0.62954664,2340.306364089164,2.733247465458203,1.6313596E-5,17.321981,0.0080228485,0.2037678,0.0039957943,0.09742844,0.0086424155,0.19852032,0.006860154,0.6969335,0.002606746,0.10019957,0.005716617,0.1878311,0.007473664,null,null,null,null,"TWOGAUSSIANS",8,1.103871,0.2037678,0.0039957943,0.4,0.0,0.18412273,0.0040659565,0.6969335,0.002606746,0.4,0.0,0.17343275,0.0043187346
375316653866487564,4480900970040659072,0.56750613,2300.4818090937406,2.914468560469883,2.0315349E-5,16.388662,0.007337194,0.27381846,0.0055543664,0.09123143,0.01099969,0.18069191,0.0063511147,0.7712241,0.00461958,0.082926586,0.0070747016,0.18266873,0.0094182,null,null,null,null,"TWOGAUSSIANS",8,7.8373165,0.7712241,0.00461958,0.4,0.0,0.17702945,0.009303487,0.27381846,0.0055543664,0.4,0.0,0.17505252,0.005114078
375316653866487564,4480902413149438592,0.6284839,2281.566877656617,2.793354465876057,5.132165E-6,17.100193,0.012221209,0.24124359,0.0028692193,0.0470295,0.016828122,0.26020285,0.09243037,0.73671126,0.0059245224,0.050564993,0.008532954,0.355752,0.020815726,0.11712605,0.013834163,0.24124359,0.0028692193,"TWOGAUSSIANS_WITH_ELLIPSOIDAL_ON_ECLIPSE1",9,9.949007,0.73724127,0.0049403976,0.28316396,0.047784545,0.5898345,0.01431965,0.24124359,0.0028692193,0.2633652,0.094237484,0.494453,0.09818498
375316653866487564,4480903547007389568,0.51914907,2275.9082973629384,3.741811734924679,1.4855857E-5,19.492659,0.010014474,0.2594339,0.0057747844,0.052637044,0.00848906,0.41483355,0.08987136,0.7505104,0.008035364,0.0641585,0.0060704653,0.3792447,0.021652354,null,null,null,null,"TWOGAUSSIANS",8,2.457814,0.2594339,0.0057747844,0.29476744,0.04753874,0.4147744,0.08998722,0.7505104,0.008035364,0.3592876,0.033994604,0.3791855,0.021638002
375316653866487564,4480903856258426880,0.62324077,2286.035644464527,3.4253012286291873,1.5409672E-5,18.497799,0.021236667,0.22502367,0.002864582,0.04371854,0.005839006,0.4718982,0.046795927,0.72616714,0.010186014,0.03952705,0.01281232,0.39267638,0.065176874,0.15770914,0.024865532,0.22502367,0.002864582,"TWOGAUSSIANS_WITH_ELLIPSOIDAL_ON_ECLIPSE1",9,2.5464818,0.22502367,0.002864582,0.24482381,0.032698434,0.7873164,0.01649123,0.72616714,0.0089822905,0.22135149,0.07174899,0.7080783,0.08112419
375316653866487564,4480904543453419648,0.45135933,2290.958786935152,4.98192558135438,6.002339E-5,16.019869,0.007254077,0.3498974,0.009428546,0.06807268,0.01004082,0.051493,0.008478063,0.77210134,0.020135714,0.1053141,0.03831722,0.030983824,0.00828618,null,null,null,null,"TWOGAUSSIANS",8,11.076174,0.34992743,0.009444984,0.38120696,0.050649837,0.051219374,0.007638586,0.77210134,0.020135714,0.4,0.0,0.030700158,0.007955437
375316653866487564,4480905299367695360,0.5060576,2298.0352762649627,2.215574642833338,2.89939E-5,15.470386,0.06922639,0.24002804,0.0075406823,0.12371919,0.03988829,0.15974608,0.06457413,0.7308122,0.0071837185,0.11439829,0.034731664,0.17858289,0.060059454,null,null,null,null,"TWOGAUSSIANS",8,56.185913,0.7308122,0.0071837185,0.4,0.0,0.14449674,0.024312409,0.24005805,0.0075309356,0.4,0.0,0.12559219,0.012438477
375316653866487564,4480905638661427072,0.48483762,2283.834105118505,0.5030368501711899,2.0207739E-5,19.019632,0.013551251,0.3975453,0.016358122,0.07953464,0.020454966,0.15302357,0.015329003,0.06407097,0.8353019,0.15439269,0.14754958,0.037647873,0.030082226,null,null,null,null,"TWOGAUSSIANS",8,2.1522787,0.3953853,0.01229996,0.4,0.0,0.15484695,0.01683875,0.06488097,0.83412105,0.4,0.08496993,0.035783127,0.03148128
375316653866487564,4480907975123379712,0.59546626,2253.2902433056397,2.8096428752365026,4.1586454E-6,18.848438,0.012229167,0.20347758,0.002711134,0.05156107,0.002776186,0.43772572,0.030011084,0.73454154,0.0042064837,0.015549716,0.0052278903,0.22683176,0.09695241,0.0804826,0.01661366,0.73454154,0.0042064837,"TWOGAUSSIANS_WITH_ELLIPSOIDAL_ON_ECLIPSE2",9,2.8031764,0.20565757,0.0023447075,0.288742,0.015546641,0.5930561,0.021637568,0.73454154,0.0042064837,0.08707841,0.029276185,0.3877968,0.109475955
375316653866487564,4480908146916061696,0.4645867,2242.4233074109197,2.1357900085832826,2.241627E-5,18.489458,0.021533016,0.31617767,0.024229774,0.086587384,0.04133762,0.14804496,0.032092184,0.7628225,0.0054479926,0.059721205,0.0082675535,0.24162611,0.030371148,null,null,null,null,"TWOGAUSSIANS",8,9.338586,0.7628225,0.0054479926,0.33443874,0.0462983,0.24134973,0.029590543,0.31617767,0.024229774,0.4,0.0,0.14776833,0.032999296
375316653866487564,4480908185586517760,0.5930184,2303.627084507693,3.3425829676963708,1.7009359E-5,17.105616,0.013207649,0.23210025,0.0065812697,0.07984935,0.008767641,0.3970279,0.039947398,0.71532017,0.011066429,0.08228075,0.011404924,0.34564534,0.018903779,null,null,null,null,"TWOGAUSSIANS",8,10.363475,0.23210025,0.0065812697,0.4,0.0,0.392426,0.041715898,0.71532017,0.011066429,0.4,0.0,0.34104344,0.019075083
375316653866487564,4480908353074552960,0.49699563,2247.104238044274,3.688334945976811,2.774733E-5,17.816854,0.0031917784,0.75484276,0.004900066,0.038166992,0.046283115,0.0032602798,0.01275602,null,null,null,null,null,null,0.07556409,0.006585642,0.75484276,0.004900066,"ONEGAUSSIAN_WITH_ELLIPSOIDAL",6,8.804362,0.75484276,0.004900066,0.21373515,0.25918546,0.1543883,0.011938174,null,null,null,null,null,null
