Gaia/vari_eclipsing_binary/VariEclipsingBinary_765138-765220.csv
# %ECSV 1.0
# ---
# delimiter: ','
# meta: !!omap
# - RELEASE: Gaia DR3
# - TABLE: vari_eclipsing_binary
# - DESCRIPTION: >
#     This table describes the properties of the eclipsing binaries resulting from the variability analysis. 
# - CITATION: >
#     How to cite and acknowledge Gaia: 
#     https://gea.esac.esa.int/archive/documentation/credits.html 
# - KNOWN_ISSUES: >
#     Known issues: 
#     https://www.cosmos.esa.int/web/gaia-users/known-issues 
# - DOCUMENTATION: >
#     Tutorials and documentation: 
#     https://www.cosmos.esa.int/web/gaia-users/archive 
# datatype:
# - 
#   name: solution_id
#   datatype: int64
#   description: Solution Identifier
#   meta:
#     ucd: meta.version
# - 
#   name: source_id
#   datatype: int64
#   description: Unique source identifier
#   meta:
#     ucd: meta.id;meta.main
# - 
#   name: global_ranking
#   datatype: float32
#   description: Number between 0 (worst) and 1 (best)
#   meta:
#     ucd: stat.param
# - 
#   name: reference_time
#   datatype: float64
#   unit: d
#   description: Reference time used for the geometric model fit
#   meta:
#     ucd: time.epoch
# - 
#   name: frequency
#   datatype: float64
#   unit: d**-1
#   description: Frequency of geometric model of the eclipsing binary light curve
#   meta:
#     ucd: src.orbital
# - 
#   name: frequency_error
#   datatype: float32
#   unit: d**-1
#   description: "Uncertainty of \\texttt{frequency}"
#   meta:
#     ucd: stat.error
# - 
#   name: geom_model_reference_level
#   datatype: float32
#   unit: mag
#   description: Magnitude reference level of geometric model
#   meta:
#     ucd: phot.mag;em.opt
# - 
#   name: geom_model_reference_level_error
#   datatype: float32
#   unit: mag
#   description: "Uncertainty of \\texttt{geomModelReferenceLevel}"
#   meta:
#     ucd: stat.error;phot.mag;em.opt
# - 
#   name: geom_model_gaussian1_phase
#   datatype: float32
#   description: Phase of the Gaussian 1 component
#   meta:
#     ucd: time.phase
# - 
#   name: geom_model_gaussian1_phase_error
#   datatype: float32
#   description: "Uncertainty of \\texttt{geomModelGaussian1Phase}"
#   meta:
#     ucd: stat.error;time.phase
# - 
#   name: geom_model_gaussian1_sigma
#   datatype: float32
#   description: "Standard deviation [phase] of Gaussian 1 component"
#   meta:
#     ucd: stat.stdev
# - 
#   name: geom_model_gaussian1_sigma_error
#   datatype: float32
#   description: "Uncertainty of \\texttt{geomModelGaussian1Sigma}"
#   meta:
#     ucd: stat.error
# - 
#   name: geom_model_gaussian1_depth
#   datatype: float32
#   unit: mag
#   description: Magnitude depth of Gaussian 1 component
#   meta:
#     ucd: src.var.amplitude
# - 
#   name: geom_model_gaussian1_depth_error
#   datatype: float32
#   unit: mag
#   description: "Uncertainty of \\texttt{geomModelGaussian1Depth}"
#   meta:
#     ucd: stat.error;src.var.amplitude
# - 
#   name: geom_model_gaussian2_phase
#   datatype: float32
#   description: Phase of Gaussian 2 component
#   meta:
#     ucd: time.phase
# - 
#   name: geom_model_gaussian2_phase_error
#   datatype: float32
#   description: "Uncertainty of \\texttt{geomModelGaussian2Phase}"
#   meta:
#     ucd: stat.error;time.phase
# - 
#   name: geom_model_gaussian2_sigma
#   datatype: float32
[...]
#   datatype: float32
#   description: "Secondary eclipse: uncertainty of \\texttt{derivedSecondaryEclDuration}"
#   meta:
#     ucd: stat.error;time.duration
# - 
#   name: derived_secondary_ecl_depth
#   datatype: float32
#   unit: mag
#   description: "Secondary eclipse: depth"
#   meta:
#     ucd: src.var.amplitude
# - 
#   name: derived_secondary_ecl_depth_error
#   datatype: float32
#   unit: mag
#   description: "Secondary eclipse: uncertainty of \\texttt{derivedSecondaryEclDepth}"
#   meta:
#     ucd: stat.error;src.var.amplitude
solution_id,source_id,global_ranking,reference_time,frequency,frequency_error,geom_model_reference_level,geom_model_reference_level_error,geom_model_gaussian1_phase,geom_model_gaussian1_phase_error,geom_model_gaussian1_sigma,geom_model_gaussian1_sigma_error,geom_model_gaussian1_depth,geom_model_gaussian1_depth_error,geom_model_gaussian2_phase,geom_model_gaussian2_phase_error,geom_model_gaussian2_sigma,geom_model_gaussian2_sigma_error,geom_model_gaussian2_depth,geom_model_gaussian2_depth_error,geom_model_cosine_half_period_amplitude,geom_model_cosine_half_period_amplitude_error,geom_model_cosine_half_period_phase,geom_model_cosine_half_period_phase_error,model_type,num_model_parameters,reduced_chi2,derived_primary_ecl_phase,derived_primary_ecl_phase_error,derived_primary_ecl_duration,derived_primary_ecl_duration_error,derived_primary_ecl_depth,derived_primary_ecl_depth_error,derived_secondary_ecl_phase,derived_secondary_ecl_phase_error,derived_secondary_ecl_duration,derived_secondary_ecl_duration_error,derived_secondary_ecl_depth,derived_secondary_ecl_depth_error
[from data line 113]
375316653866487564,6730363428161346048,0.64465165,2221.005414440257,2.927404568438613,3.8030535E-6,17.592726,0.026091507,0.29665127,0.0043071867,0.0511428,0.0112569,0.3202143,0.065720014,0.7903172,0.0028817023,0.062410187,0.004487037,0.4522572,0.05936229,0.0994027,0.032329768,0.29665127,0.0043071867,"TWOGAUSSIANS_WITH_ELLIPSOIDAL_ON_ECLIPSE1",9,4.677127,0.7910671,0.0021566725,0.34949705,0.025127409,0.6506862,0.018645313,0.29665127,0.0043071867,0.2863997,0.06303864,0.5189206,0.077165075
375316653866487564,6730366795415774848,0.53945625,2246.1244839470437,2.994345778647269,3.359606E-5,15.847924,0.017007982,0.26835683,0.009016158,0.08010088,0.009303358,0.24396844,0.024787668,0.786064,0.0069777835,0.09339103,0.011026697,0.27942032,0.016320935,null,null,null,null,"TWOGAUSSIANS",8,67.85708,0.786064,0.0069777835,0.4,0.0,0.27332184,0.010800125,0.26835683,0.009016158,0.4,0.0,0.23787047,0.022854844
375316653866487564,6730367791837355776,0.4843351,2317.0677655246145,4.216463079428408,3.921676E-5,19.481005,0.009906868,0.2838082,0.0100727575,0.07718109,0.010171984,0.2576669,0.037399955,0.6872899,0.06070728,0.07427981,0.04566169,0.17447527,0.063123986,null,null,null,null,"TWOGAUSSIANS",8,2.8660607,0.2838082,0.010070846,0.4,0.0,0.25748485,0.037499633,0.6872899,0.06070728,0.4,0.13812293,0.17429347,0.06360656
375316653866487564,6730368032366331264,0.6037075,2262.8534026001307,3.265373440588685,9.19154E-6,18.50139,0.021219263,0.28033713,0.005619724,0.11018266,0.0089530405,0.41884568,0.020042622,0.7571832,0.003958009,0.093881786,0.0055960696,0.38418284,0.02109366,null,null,null,null,"TWOGAUSSIANS",8,0.9111638,0.28033713,0.005619724,0.4,0.0,0.3888395,0.013427243,0.7571832,0.003958009,0.4,0.0,0.35421687,0.009648325
375316653866487564,6730368612173216512,0.45776322,2214.13812403391,0.3027781675444285,1.1113869E-4,15.971357,0.003924699,0.621806,0.00836575,0.036353525,0.007003908,0.09810848,0.014492227,0.9159529,0.012858389,0.015704876,0.008233821,0.02925502,0.035619397,null,null,null,null,"TWOGAUSSIANS",8,26.503756,0.621806,0.00836575,0.20357974,0.039221887,0.09810848,0.014492227,0.9159529,0.012858389,0.08794731,0.046109397,0.02925502,0.035619397
375316653866487564,6730369097505177088,0.4441279,2266.9811283073414,0.10706447995031708,1.4161642E-4,18.767658,0.019432679,0.2858425,0.010620073,0.06586799,0.04162094,0.1598899,0.11061663,0.7602288,0.027698027,0.080229476,0.026078047,0.16026059,0.14002831,null,null,null,null,"TWOGAUSSIANS",8,3.1612551,0.7602288,0.027698027,0.4,0.06298317,0.15976791,0.1404105,0.2858425,0.010620073,0.36886075,0.13066693,0.15939724,0.113960296
375316653866487564,6730370403188422656,0.63488054,2239.7735455966913,0.9305273831732087,4.3082114E-6,12.691653,0.0017651361,0.16526018,0.0065366495,0.022377985,0.0111936275,0.14803758,1.6224172,0.6587303,0.0035261463,0.032210056,0.0022790337,0.31224898,0.021503488,0.02390064,0.0024395962,0.16526018,0.0065366495,"TWOGAUSSIANS_WITH_ELLIPSOIDAL_ON_ECLIPSE1",9,38.422386,0.6588103,0.0034809096,0.18037632,0.0127625875,0.35997078,0.021440813,0.16526018,0.0065366495,0.12531672,0.06268431,0.19583881,1.6231161
375316653866487564,6730371704559135616,0.45677894,2326.4260861072203,0.36813013326154465,8.84813E-5,19.216667,0.09675023,0.41530436,0.04805005,0.13194405,0.09435825,0.19737421,0.084504746,0.88000673,0.007604879,0.06930792,0.020601273,0.06351883,0.058777116,null,null,null,null,"TWOGAUSSIANS",8,2.9978433,0.41530436,0.04805005,0.4,0.0,0.19000833,0.016299294,0.88000673,0.007604879,0.38812438,0.045571048,0.05660529,0.008227171
375316653866487564,6730372048150237312,0.4812402,2220.050393448258,2.764228910775884,1.1790701E-5,18.157715,0.10274513,0.14701073,0.0033585061,0.088002525,0.037069783,0.24074355,0.080458745,0.64705914,0.010622742,0.08095679,0.033209596,0.2592195,0.1062545,null,null,null,null,"TWOGAUSSIANS",8,2.716864,0.64705914,0.010624251,0.4,0.024220945,0.2529756,0.07927453,0.14701073,0.0033585061,0.4,0.0,0.23449962,0.030124143
375316653866487564,6730373736083151232,0.53802526,2241.7529741812955,0.9865558430232345,2.6332842E-5,17.023512,0.0030969293,0.31181377,0.0061854646,0.052322682,0.0072252033,0.06082645,0.0048553557,0.7797366,0.035920788,0.06652221,0.034055963,0.14324555,0.02970169,null,null,null,null,"TWOGAUSSIANS",8,4.026037,0.7797366,0.035920788,0.37252438,0.1848955,0.1432369,0.029710963,0.31181377,0.0061854646,0.29300702,0.040461138,0.060817808,0.004850838
375316653866487564,6730375591508810880,0.6206601,2301.68785006295,2.1347836562761486,8.512963E-6,16.350542,0.0031024793,0.19311517,0.0022817247,0.049810104,0.007828953,0.07880461,0.007825237,null,null,null,null,null,null,0.052997306,0.003831585,0.19311517,0.0022817247,"ONEGAUSSIAN_WITH_ELLIPSOIDAL",6,3.6365209,0.19311517,0.0022817247,0.2789366,0.043842137,0.18479884,0.008665371,null,null,null,null,null,null
375316653866487564,6730375591508826368,0.5526483,2230.566470029376,3.096299474711252,1.1782574E-5,18.035583,0.01969765,0.27772126,0.0028798275,0.10225798,0.008811102,0.28645593,0.020135827,0.77937347,0.002395247,0.09801057,0.0076796426,0.24222763,0.020444833,null,null,null,null,"TWOGAUSSIANS",8,2.7822285,0.27772126,0.0028798275,0.4,0.0,0.26356408,0.017503146,0.77937347,0.002395247,0.4,0.0,0.21933837,0.011699911
375316653866487564,6730376278703616896,0.66639847,2239.88735445202,0.8462188428762595,7.130956E-5,15.1202135,0.001994705,0.47729245,0.0060946946,0.041119,0.002493053,0.4244558,0.027606446,0.13917749,0.04104449,0.03304148,0.03208034,0.08609002,71.04452,null,null,null,null,"TWOGAUSSIANS",8,19.347721,0.47729245,0.0060946946,0.2302664,0.013961096,0.4244558,0.027606446,0.13917749,0.04104449,0.1850323,0.17964992,0.08609002,71.04452
375316653866487564,6730376313063365376,0.5773672,2239.201853559296,3.1980539510279646,1.497952E-5,15.188336,0.028935086,0.2548347,0.011724345,0.0379539,0.020351386,0.1500714,0.06623729,0.7725445,0.0037856994,0.0531023,0.01921757,0.189432,0.054624863,0.10333162,0.040703174,0.7725445,0.0037856994,"TWOGAUSSIANS_WITH_ELLIPSOIDAL_ON_ECLIPSE2",9,148.10303,0.7725445,0.0037856994,0.29737288,0.107618384,0.39609233,0.037621696,0.2572247,0.010363612,0.21254182,0.113967754,0.35452557,0.03191315
375316653866487564,6730376794086371456,0.47402605,2215.1770814503993,0.2717659018155121,9.192426E-5,19.799429,0.019535264,0.04577923,0.012208139,0.023172082,0.014967941,0.12567122,0.3838891,0.40712658,0.017401246,0.12758924,0.020999704,0.2683849,0.027510561,null,null,null,null,"TWOGAUSSIANS",8,2.1658926,0.40712658,0.017401246,0.4,0.0,0.2681366,0.027410747,0.04624923,0.012673731,0.12976366,0.08382047,0.13031359,0.382938
375316653866487564,6730381806315921920,0.46745384,2268.40274238743,0.1383506989208646,1.2945004E-4,18.895363,0.33148515,0.2593414,0.030774623,0.119593546,0.06834306,0.23307638,0.2522237,0.7172732,0.03817636,0.17770001,0.114369124,0.25538918,0.29419252,null,null,null,null,"TWOGAUSSIANS",8,2.946206,0.7172732,0.03817636,0.4,0.0,0.16422713,0.031901736,0.2659314,0.03201039,0.4,0.0,0.15372081,0.019429013
375316653866487564,6730382287351143296,0.5349821,2286.9018807751527,2.8903212156038256,4.1270305E-5,19.051718,0.015140585,0.2157731,0.007016945,0.067303315,0.010422008,0.360751,0.01943976,0.7091481,0.008618525,0.07362181,0.008778422,0.34977087,0.034306876,null,null,null,null,"TWOGAUSSIANS",8,5.9180884,0.2157731,0.007016945,0.3768986,0.053855807,0.3596433,0.019385865,0.7091481,0.008618525,0.4,0.01726628,0.34866318,0.034127403
375316653866487564,6730383425529753472,0.648241,2254.1135823977725,2.9718721262904304,1.3343086E-5,17.074234,0.0084245615,0.29473332,0.0027415084,0.037124045,0.012916455,0.16533916,0.017907238,0.7941034,0.0018695276,0.044429693,0.006684185,0.26610845,0.015365727,0.12986885,0.010475099,0.29473332,0.0027415084,"TWOGAUSSIANS_WITH_ELLIPSOIDAL_ON_ECLIPSE1",9,9.888529,0.7941834,0.0015829391,0.24880628,0.037431438,0.52584225,0.010785993,0.29473332,0.0027415084,0.20789465,0.07233215,0.42507645,0.0061063846
375316653866487564,6730383970976360192,0.5994068,2263.7926694160096,1.8790308532234878,5.3681474E-6,17.40254,0.0035645764,0.31086546,0.0011597065,0.049085986,0.0011722016,0.33136407,0.006591969,0.8160255,0.0045787166,0.052558254,0.006217608,0.18357748,0.01884261,null,null,null,null,"TWOGAUSSIANS",8,3.0267773,0.31086546,0.0011597065,0.2748815,0.0065643284,0.33136195,0.00659193,0.8160255,0.0045787166,0.29432622,0.034818605,0.18357538,0.018845988
375316653866487564,6730385517183823488,0.5064713,2270.1037857540223,4.105614299521184,3.25846E-5,19.31978,0.028897861,0.23168059,0.009803858,0.06749828,0.012292011,0.41580853,0.039953824,0.75149655,0.0035017713,0.084890485,0.016279038,0.34486958,0.038421974,null,null,null,null,"TWOGAUSSIANS",8,5.9552994,0.23168059,0.009803858,0.37799037,0.062123448,0.4135986,0.039973002,0.75149655,0.0035017713,0.4,0.0,0.3426596,0.04053566
375316653866487564,6730385654605104768,0.6001602,2284.55976344242,3.7861884805196535,9.871816E-6,18.563171,0.008703272,0.2597727,0.010545357,0.075048074,0.011969076,0.45761263,0.21975635,0.7572299,0.0025205328,0.068206415,0.0030517757,0.5824417,0.023215476,null,null,null,null,"TWOGAUSSIANS",8,3.5676687,0.7572299,0.0025205328,0.3819559,0.017089944,0.58026344,0.023285829,0.2597727,0.010545357,0.4,0.03564404,0.45543444,0.22142418
375316653866487564,6730385865071217664,0.64337397,2237.3423365901135,3.3781694510190765,4.1275734E-6,17.04098,0.004654529,0.32042226,0.0017727258,0.09498392,0.0029142813,0.28421512,0.0051905746,0.8176915,0.0010333704,0.10084355,0.0032479677,0.26358008,0.003894912,null,null,null,null,"TWOGAUSSIANS",8,1.4958729,0.32042226,0.0017727258,0.4,0.0,0.2639711,0.004981957,0.8176915,0.0010333704,0.4,0.0,0.24333416,0.004224016
375316653866487564,6730386414827035136,0.57254696,2234.956449080957,3.736330919107428,1.7214781E-5,18.923107,0.008485881,0.32485417,0.0087109795,0.06525438,0.009399352,0.5671112,0.040697798,0.82495826,0.0042379345,0.0599181,0.0054444503,0.64308226,0.07212612,null,null,null,null,"TWOGAUSSIANS",8,4.3158894,0.82495826,0.0042379345,0.33554134,0.030488923,0.64267105,0.07234338,0.32485417,0.0087109795,0.36542454,0.052636366,0.5666999,0.040928178
375316653866487564,6730386651036043904,0.4562883,2234.7820886989734,0.4796050826983235,3.635738E-5,16.924652,0.060324352,0.40867808,0.067528754,0.17326453,0.1274398,0.100107886,0.05969838,0.76650256,0.01048979,0.048908394,0.007713479,0.29849923,0.03691019,null,null,null,null,"TWOGAUSSIANS",8,59.304478,0.76650256,0.01048979,0.273887,0.043195482,0.30646783,0.030058803,0.40867808,0.067528754,0.4,0.0,0.09610561,0.025025846
375316653866487564,6730390022599600640,0.589709,2262.935414868084,2.608571712631025,5.2945106E-6,16.014467,0.0043137916,0.1822499,0.0023539513,0.03696182,0.010258197,0.057514783,0.0127392635,0.66366696,0.0028300283,0.035269696,0.012655513,0.03751108,0.017498432,0.09070485,0.0095672775,0.66366696,0.0028300283,"TWOGAUSSIANS_WITH_ELLIPSOIDAL_ON_ECLIPSE2",9,16.276688,0.1775199,0.0023256727,0.2069862,0.057445902,0.23708414,0.015021371,0.66366696,0.0028300283,0.1975103,0.07087088,0.21892035,0.015928628
375316653866487564,6730390052651932288,0.5230982,2252.2926190406715,0.35684675108458436,5.9111317E-5,18.224651,0.0046887025,0.39356092,0.008611867,0.042902887,0.003926758,1.1704471,0.7548829,0.7932031,0.031878226,0.07862797,0.027036073,0.051104046,0.2935272,null,null,null,null,"TWOGAUSSIANS",8,2.1629276,0.39356092,0.008611867,0.24025618,0.021989845,1.1704458,0.7548837,0.7932031,0.031878226,0.4,0.0975724,0.051102657,0.2935286
375316653866487564,6730391839358716928,0.57703125,2231.127003466626,1.4641659285053776,5.4033462E-5,18.770077,0.013716815,0.22103241,0.016945997,0.08378663,0.020527925,0.121688865,0.025794,0.71953714,0.008760837,0.06640905,0.0074067744,0.3520716,0.021386245,null,null,null,null,"TWOGAUSSIANS",8,2.2459834,0.71953714,0.008760837,0.3718907,0.037334103,0.35063356,0.020783087,0.22103241,0.016945997,0.4,0.0011398467,0.12025081,0.026302066
375316653866487564,6730392393421947008,0.54463845,2259.142237103944,3.931089079692279,8.974563E-6,14.189062,0.02490166,0.19698527,0.0025573599,0.07023417,0.006594965,0.5192366,0.025595086,0.70062894,0.021459708,0.07908184,0.020809649,0.5570868,0.11285274,null,null,null,null,"TWOGAUSSIANS",8,162.09288,0.70062894,0.021459708,0.4,0.0,0.5534453,0.11664412,0.19698527,0.0025573599,0.39331135,0.018215198,0.5155951,0.028412238
375316653866487564,6730392943166715136,0.51108277,2263.3108653338345,3.9700698048066654,3.908745E-5,19.69313,0.07036602,0.22562808,0.010591375,0.11131196,0.033397146,0.33677414,0.058819626,0.72775817,0.008302001,0.09403972,0.022369072,0.35607788,0.066966355,null,null,null,null,"TWOGAUSSIANS",8,2.2028184,0.72775817,0.008304308,0.4,0.0,0.32150915,0.018952576,0.22562808,0.010591375,0.4,0.0,0.30217785,0.06189219
375316653866487564,6730393145029674880,0.51156396,2266.6689739375256,1.5634219457997176,1.672783E-5,19.140417,0.013964591,0.23181094,0.010724637,0.029219469,0.005420025,0.6251221,0.2500656,0.7456938,0.07712259,0.10482828,0.07408112,0.028073044,0.016084705,null,null,null,null,"TWOGAUSSIANS",8,2.5510051,0.23181094,0.010724637,0.16362903,0.03035214,0.62506855,0.250058,0.7456938,0.07712259,0.4,0.15644887,0.028018773,0.015863473
375316653866487564,6730396271763039616,0.6398176,2251.6808473075675,1.2663624742423853,1.0613996E-5,16.595112,0.0060066245,0.29150555,0.0019616662,0.03674935,0.003467638,0.4844746,0.039185338,0.7902722,0.04505621,0.04032751,0.031470455,0.2116494,20.317902,0.017140768,0.008164285,0.29150555,0.0019616662,"TWOGAUSSIANS_WITH_ELLIPSOIDAL_ON_ECLIPSE1",9,5.364605,0.29150555,0.0019616662,0.20579636,0.019418774,0.51875615,0.04309973,0.79030216,0.04501887,0.22583407,0.17623454,0.24592893,20.3241
375316653866487564,6730397062040413824,0.47411782,2233.197350695022,3.8109500974528165,3.8244274E-5,19.115929,0.01629465,0.21179894,0.018056357,0.092547104,0.033323266,0.1071572,0.016409162,0.70917344,0.006204514,0.0865563,0.013687482,0.13440977,0.018060371,null,null,null,null,"TWOGAUSSIANS",8,1.6405814,0.70917344,0.006204514,0.4,0.0,0.12975857,0.014770188,0.21179894,0.018056357,0.4,0.0,0.10250591,0.01802985
375316653866487564,6730397233837747840,0.63108253,2277.6787522484956,1.8599401419768886,1.4499083E-4,18.584322,0.0063160853,0.2838992,0.022017838,0.035827707,0.014986043,1.0330898,0.32973436,0.80865794,0.008179548,0.045785654,0.004791022,0.4095511,0.07703465,null,null,null,null,"TWOGAUSSIANS",8,5.3613415,0.2838992,0.022017838,0.20063515,0.08392184,1.0330898,0.32973444,0.80865794,0.008179548,0.25639966,0.026829721,0.4095511,0.07703465
375316653866487564,6730400016978003584,0.5259466,2226.5474481406886,1.5267637694881693,1.894555E-5,18.908113,0.008551818,0.3151545,0.0048177587,0.04521851,0.014785812,0.20383531,0.049314026,0.81816256,0.014963956,0.04198388,0.013099987,0.40652126,0.10871688,null,null,null,null,"TWOGAUSSIANS",8,3.642869,0.81816256,0.014963956,0.23510972,0.07335993,0.40652123,0.10871782,0.3151545,0.0048177587,0.25322366,0.082800545,0.20383528,0.049315672
375316653866487564,6730400124362919424,0.57631075,2260.989485065577,3.409577384595367,8.080978E-6,16.97812,0.023350874,0.30713245,0.0054445644,0.08923309,0.008481801,0.39753792,0.023295827,0.81090003,0.0034162328,0.08734046,0.005897236,0.4215075,0.030726155,null,null,null,null,"TWOGAUSSIANS",8,18.727026,0.81090003,0.0034162328,0.4,0.0,0.4075308,0.027575878,0.30713245,0.0054445644,0.4,0.0,0.38356113,0.01869775
375316653866487564,6730402220295169280,0.56482446,2266.1095823830783,3.673681528967189,2.5522642E-5,18.72928,0.011514885,0.1573761,0.00737328,0.07017468,0.0047308863,0.5596977,0.03262738,0.646691,0.0060317414,0.07022679,0.0045374413,0.5918814,0.052184965,null,null,null,null,"TWOGAUSSIANS",8,5.252738,0.646691,0.0060317414,0.39327002,0.017613027,0.5903388,0.05223021,0.1573761,0.00737328,0.3929782,0.023283916,0.5581551,0.031982567
