Gaia/vari_eclipsing_binary/VariEclipsingBinary_460572-460582.csv
# %ECSV 1.0
# ---
# delimiter: ','
# meta: !!omap
# - RELEASE: Gaia DR3
# - TABLE: vari_eclipsing_binary
# - DESCRIPTION: >
#     This table describes the properties of the eclipsing binaries resulting from the variability analysis. 
# - CITATION: >
#     How to cite and acknowledge Gaia: 
#     https://gea.esac.esa.int/archive/documentation/credits.html 
# - KNOWN_ISSUES: >
#     Known issues: 
#     https://www.cosmos.esa.int/web/gaia-users/known-issues 
# - DOCUMENTATION: >
#     Tutorials and documentation: 
#     https://www.cosmos.esa.int/web/gaia-users/archive 
# datatype:
# - 
#   name: solution_id
#   datatype: int64
#   description: Solution Identifier
#   meta:
#     ucd: meta.version
# - 
#   name: source_id
#   datatype: int64
#   description: Unique source identifier
#   meta:
#     ucd: meta.id;meta.main
# - 
#   name: global_ranking
#   datatype: float32
#   description: Number between 0 (worst) and 1 (best)
#   meta:
#     ucd: stat.param
# - 
#   name: reference_time
#   datatype: float64
#   unit: d
#   description: Reference time used for the geometric model fit
#   meta:
#     ucd: time.epoch
# - 
#   name: frequency
#   datatype: float64
#   unit: d**-1
#   description: Frequency of geometric model of the eclipsing binary light curve
#   meta:
#     ucd: src.orbital
# - 
#   name: frequency_error
#   datatype: float32
#   unit: d**-1
#   description: "Uncertainty of \\texttt{frequency}"
#   meta:
#     ucd: stat.error
# - 
#   name: geom_model_reference_level
#   datatype: float32
#   unit: mag
#   description: Magnitude reference level of geometric model
#   meta:
#     ucd: phot.mag;em.opt
# - 
#   name: geom_model_reference_level_error
#   datatype: float32
#   unit: mag
#   description: "Uncertainty of \\texttt{geomModelReferenceLevel}"
#   meta:
#     ucd: stat.error;phot.mag;em.opt
# - 
#   name: geom_model_gaussian1_phase
#   datatype: float32
#   description: Phase of the Gaussian 1 component
#   meta:
#     ucd: time.phase
# - 
#   name: geom_model_gaussian1_phase_error
#   datatype: float32
#   description: "Uncertainty of \\texttt{geomModelGaussian1Phase}"
#   meta:
#     ucd: stat.error;time.phase
# - 
#   name: geom_model_gaussian1_sigma
#   datatype: float32
#   description: "Standard deviation [phase] of Gaussian 1 component"
#   meta:
#     ucd: stat.stdev
# - 
#   name: geom_model_gaussian1_sigma_error
#   datatype: float32
#   description: "Uncertainty of \\texttt{geomModelGaussian1Sigma}"
#   meta:
#     ucd: stat.error
# - 
#   name: geom_model_gaussian1_depth
#   datatype: float32
#   unit: mag
#   description: Magnitude depth of Gaussian 1 component
#   meta:
#     ucd: src.var.amplitude
# - 
#   name: geom_model_gaussian1_depth_error
#   datatype: float32
#   unit: mag
#   description: "Uncertainty of \\texttt{geomModelGaussian1Depth}"
#   meta:
#     ucd: stat.error;src.var.amplitude
# - 
#   name: geom_model_gaussian2_phase
#   datatype: float32
#   description: Phase of Gaussian 2 component
#   meta:
#     ucd: time.phase
# - 
#   name: geom_model_gaussian2_phase_error
#   datatype: float32
#   description: "Uncertainty of \\texttt{geomModelGaussian2Phase}"
#   meta:
#     ucd: stat.error;time.phase
# - 
#   name: geom_model_gaussian2_sigma
#   datatype: float32
[...]
#   datatype: float32
#   description: "Secondary eclipse: uncertainty of \\texttt{derivedSecondaryEclDuration}"
#   meta:
#     ucd: stat.error;time.duration
# - 
#   name: derived_secondary_ecl_depth
#   datatype: float32
#   unit: mag
#   description: "Secondary eclipse: depth"
#   meta:
#     ucd: src.var.amplitude
# - 
#   name: derived_secondary_ecl_depth_error
#   datatype: float32
#   unit: mag
#   description: "Secondary eclipse: uncertainty of \\texttt{derivedSecondaryEclDepth}"
#   meta:
#     ucd: stat.error;src.var.amplitude
solution_id,source_id,global_ranking,reference_time,frequency,frequency_error,geom_model_reference_level,geom_model_reference_level_error,geom_model_gaussian1_phase,geom_model_gaussian1_phase_error,geom_model_gaussian1_sigma,geom_model_gaussian1_sigma_error,geom_model_gaussian1_depth,geom_model_gaussian1_depth_error,geom_model_gaussian2_phase,geom_model_gaussian2_phase_error,geom_model_gaussian2_sigma,geom_model_gaussian2_sigma_error,geom_model_gaussian2_depth,geom_model_gaussian2_depth_error,geom_model_cosine_half_period_amplitude,geom_model_cosine_half_period_amplitude_error,geom_model_cosine_half_period_phase,geom_model_cosine_half_period_phase_error,model_type,num_model_parameters,reduced_chi2,derived_primary_ecl_phase,derived_primary_ecl_phase_error,derived_primary_ecl_duration,derived_primary_ecl_duration_error,derived_primary_ecl_depth,derived_primary_ecl_depth_error,derived_secondary_ecl_phase,derived_secondary_ecl_phase_error,derived_secondary_ecl_duration,derived_secondary_ecl_duration_error,derived_secondary_ecl_depth,derived_secondary_ecl_depth_error
[from data line 717]
375316653866487564,4051297175504547968,0.47473738,2285.1562311494645,3.068424797126809,3.1413594E-5,18.673723,0.027459288,0.23852575,0.010913046,0.09947489,0.022999369,0.2085527,0.036895458,0.7418444,0.0025970596,0.061810408,0.00855707,0.50962186,0.1418751,null,null,null,null,"TWOGAUSSIANS",8,7.5788636,0.7418444,0.0025970596,0.3461383,0.04791959,0.5053407,0.14494263,0.23852575,0.010913046,0.4,0.0,0.20427017,0.03678562
375316653866487564,4051297381658974592,0.52877605,2241.617968627696,0.11002446253226765,9.152949E-5,18.805573,0.022059768,0.27478933,0.046988815,0.024197368,0.038621463,0.096463166,54101.023,0.56892544,0.011580356,0.08195655,0.012328898,0.35246027,0.027552832,null,null,null,null,"TWOGAUSSIANS",8,7.0755715,0.56892544,0.011580356,0.4,0.0,0.35246027,0.027553888,0.27493933,0.046696976,0.13550526,0.21628018,0.09702757,54101.023
375316653866487564,4051297381782133888,0.45546877,2270.3315114906327,1.6315901307814697,3.4341632E-5,19.109716,0.016792584,0.2976264,0.011528127,0.13926467,0.019362813,0.17054524,0.014945481,0.5872352,1.3066611E-4,0.007374385,0.0019790537,0.13667099,0.079085924,null,null,null,null,"TWOGAUSSIANS",8,2.656137,0.2976264,0.011528127,0.4,0.0,0.17000346,0.013983209,0.5872352,1.3066611E-4,0.041296557,0.0110827,0.15575299,0.08040621
375316653866487564,4051297514783089024,0.4615662,2291.6071755679136,1.929160364618504,1.2857708E-4,17.784594,0.006228016,0.35319766,0.014720453,0.098576605,0.02531446,0.08676308,0.017762015,0.6849676,0.0075652506,0.048640106,0.010321849,0.048794035,0.00734466,null,null,null,null,"TWOGAUSSIANS",8,3.4093218,0.35319766,0.014720453,0.4,0.0,0.086758524,0.017776657,0.6849676,0.0075652506,0.27238458,0.057802353,0.049090534,0.0080010835
375316653866487564,4051297725340000768,0.4382006,2216.128072200942,4.650992784141112,2.0821088E-5,18.604158,0.006499005,0.28406617,0.008377463,0.031438664,0.011409076,0.051465534,0.013879082,null,null,null,null,null,null,0.04677572,0.015301549,0.28406617,0.008377463,"ONEGAUSSIAN_WITH_ELLIPSOIDAL",6,5.4406977,0.28406617,0.008377463,0.1760565,0.06389083,0.14501697,0.021142008,null,null,null,null,null,null
375316653866487564,4051297828336194432,0.49743438,2212.5065796295667,0.1261437280259292,3.4439763E-5,18.758636,0.028502347,0.33405343,0.010935353,0.08809424,0.014865933,0.112391114,0.029467631,0.7018147,0.0061422787,0.086853005,0.011950862,0.22566517,0.044968948,null,null,null,null,"TWOGAUSSIANS",8,1.6400341,0.7018147,0.0061422787,0.4,0.0,0.22522253,0.0443828,0.3341534,0.010912725,0.4,0.0,0.111958936,0.02802496
375316653866487564,4051297927099888768,0.63883626,2274.749756986007,3.0455336455136948,7.085277E-6,16.076849,0.013838908,0.27326658,0.0017320954,0.048625123,0.005749232,0.23071542,0.026399776,0.78543186,0.004068242,0.047859162,0.0061004506,0.18269072,0.039325815,0.117982864,0.017336152,0.27326658,0.0017320954,"TWOGAUSSIANS_WITH_ELLIPSOIDAL_ON_ECLIPSE1",9,25.517672,0.27326658,0.0017320954,0.2723007,0.0321957,0.46668005,0.012567174,0.78543186,0.004068242,0.2680113,0.03416252,0.4172794,0.026351668
375316653866487564,4051297965773177600,0.599585,2272.458555354067,2.6967807251497304,2.4445833E-5,19.160698,0.013714771,0.22617252,0.004347651,0.06445002,0.00435072,0.5741743,0.016947743,0.72183347,0.0036402137,0.051450398,0.004163432,0.69290006,0.14674565,null,null,null,null,"TWOGAUSSIANS",8,2.0925927,0.72183347,0.0036402137,0.28812224,0.023315217,0.6928042,0.14679582,0.22617252,0.004347651,0.36092013,0.02436403,0.57407844,0.016924387
375316653866487564,4051298034492888960,0.46586004,2230.048440465085,0.5668635420787825,1.3621642E-4,18.797567,0.012755591,0.2232503,0.008575876,0.044535253,0.018417358,0.19520786,0.10445046,0.6489951,0.045500252,0.10067359,0.04373847,0.087524384,0.019242855,null,null,null,null,"TWOGAUSSIANS",8,3.5875382,0.2232503,0.00856334,0.24939743,0.10313721,0.19513753,0.104667835,0.6489951,0.045500252,0.4,0.0,0.08744259,0.019049143
375316653866487564,4051298137576702848,0.5257316,2271.653254098521,2.304017367449084,4.5365567E-5,18.797407,0.016459279,0.2118878,0.008979957,0.087353736,0.014560447,0.30465582,0.036441214,0.7178903,0.0046956725,0.068259254,0.0064924383,0.3339684,0.018581867,null,null,null,null,"TWOGAUSSIANS",8,6.3082113,0.7178903,0.0046956725,0.38225183,0.035431366,0.33078828,0.017518446,0.2118878,0.008979957,0.4,0.0,0.30147567,0.037970603
375316653866487564,4051298167618161792,0.63166857,2239.3062616145507,2.6310884143782634,6.6794796E-6,16.911886,0.0072061275,0.32594225,0.0015194557,0.047746975,0.0044031655,0.26345396,0.022926271,0.8217322,0.011226258,0.038257446,0.012681283,0.18827443,0.030339694,0.122512005,0.019588714,0.32594225,0.0015194557,"TWOGAUSSIANS_WITH_ELLIPSOIDAL_ON_ECLIPSE1",9,8.506428,0.32594225,0.0015194557,0.26738307,0.024657728,0.5084775,0.022614656,0.82228225,0.010180672,0.2142417,0.07101519,0.43314898,0.021653993
375316653866487564,4051298206292056192,0.557532,2264.4110298104188,0.7074801072199273,3.340307E-5,18.607824,0.005071765,0.32048318,0.0039737243,0.02902715,0.004050869,0.15587749,0.016415047,0.85970426,7.429146E-4,0.02834396,7.046957E-4,0.4650608,0.0049201073,null,null,null,null,"TWOGAUSSIANS",8,3.8692386,0.85970426,7.429146E-4,0.15872619,0.003946296,0.4650608,0.0049201073,0.32048318,0.0039737243,0.16255204,0.022684867,0.15587749,0.016415047
375316653866487564,4051298275011587200,0.47532043,2276.6897713895432,0.0906957619433804,1.4132178E-5,18.685753,0.012243992,0.11364341,0.003873574,0.05701402,0.005443696,0.23674467,0.02563423,0.5833327,0.0029308586,0.026155736,0.0063577355,0.2273638,0.041068662,null,null,null,null,"TWOGAUSSIANS",8,4.37402,0.11364341,0.003873574,0.3192785,0.030484697,0.23674467,0.025634231,0.5833327,0.0029308586,0.14647213,0.03560332,0.2273638,0.041068662
375316653866487564,4051298343730787072,0.44493553,2239.818597603821,0.5272451676501931,1.1027195E-4,18.207064,0.009462758,0.28547406,0.004605851,0.017822532,0.0060101403,0.08420804,0.022225834,0.76369256,0.009951168,0.11552622,0.027367113,0.07914947,0.010380144,null,null,null,null,"TWOGAUSSIANS",8,4.036617,0.28547406,0.004605946,0.09980618,0.033656783,0.084170036,0.022177983,0.76369256,0.009951168,0.4,0.0,0.07909348,0.01044445
375316653866487564,4051298343735210880,0.46961972,2248.387636369835,2.4458738223413525,3.7351805E-5,18.841383,0.03791063,0.25182053,0.011445773,0.09146269,0.017644215,0.39494184,0.11682704,0.73541594,0.013239274,0.08204026,0.015976842,0.3782897,0.088739246,null,null,null,null,"TWOGAUSSIANS",8,15.304777,0.25182053,0.011445773,0.4,0.0,0.385728,0.11926584,0.73541594,0.013239274,0.4,0.0,0.36907622,0.088096485
375316653866487564,4051298378090797056,0.4746283,2244.3418890725625,1.9854503155603027,2.5281517E-5,17.80848,0.14074121,0.2851704,0.011855433,0.12418539,0.03811471,0.16026361,0.13310494,0.7555615,0.008762636,0.13912332,0.048828937,0.26123807,0.1352184,null,null,null,null,"TWOGAUSSIANS",8,7.955244,0.7555615,0.008762636,0.4,0.0,0.20689242,0.018156888,0.28678042,0.009752876,0.4,0.0,0.10683646,0.026051654
375316653866487564,4051298412534675584,0.42536056,2293.532216794966,0.0880461646722675,1.1389292E-5,18.61942,0.07510988,0.23437059,0.015576028,0.06768278,0.03134443,2.2312663,3.348324,0.5858271,0.030041672,0.04656165,0.04853836,0.27716526,0.09914685,null,null,null,null,"TWOGAUSSIANS",8,39.454563,0.23437059,0.015576028,0.37902358,0.104794644,2.231266,3.3483462,0.5858271,0.030041672,0.26074526,0.24594952,0.27716818,0.09928502
375316653866487564,4051298446810597248,0.50644207,2188.9666941411665,0.23522077445810588,9.372857E-5,19.208729,0.019808592,0.23905487,0.021856576,0.10194151,0.026836962,0.17190196,0.021721883,0.76315165,0.017674683,0.06605526,0.01824148,0.119632736,0.02669652,null,null,null,null,"TWOGAUSSIANS",8,1.2497355,0.23905487,0.021856576,0.4,0.0,0.16965759,0.019105071,0.76315165,0.017676223,0.36990944,0.053521886,0.117391855,0.023419997
375316653866487564,4051298545575890688,0.4632315,2246.8309894101776,0.17878035384851154,2.068746E-5,17.702393,0.012670789,null,null,null,null,null,null,null,null,null,null,null,null,0.20575526,0.021404587,0.1854868,0.0056703044,"ELLIPSOIDAL",4,11.343604,null,null,null,null,null,null,null,null,null,null,null,null
375316653866487564,4051298652967904768,0.47213957,2207.4076813477886,2.4787347696530992,3.2978605E-5,18.354218,0.24967574,0.20534243,0.012045511,0.12874007,0.045850985,0.3675393,0.2320619,0.72627366,0.009137975,0.13664423,0.073502384,0.33787164,0.2252396,null,null,null,null,"TWOGAUSSIANS",8,9.112755,0.20478243,0.010167254,0.4,0.0,0.26611656,0.030739985,0.7266837,0.0086411135,0.4,0.0,0.23595133,0.035198838
375316653866487564,4051298683044108416,0.5703369,2267.4451041408765,1.8440993360371745,1.2680395E-5,17.861145,0.015383689,0.3654885,0.0044539734,0.08536818,0.008621613,0.28088528,0.011820531,0.88577557,0.0034766556,0.0812165,0.009328487,0.1636691,0.015396888,null,null,null,null,"TWOGAUSSIANS",8,2.6814435,0.3654885,0.0044539734,0.4,0.0,0.27760905,0.009637692,0.88577557,0.0034766556,0.4,0.0,0.16039291,0.013684155
375316653866487564,4051298721687560064,0.44903147,2231.9427740722726,1.0098584042058514,3.749603E-5,18.268679,0.099914655,0.149807,0.029974561,0.099026114,0.024767213,0.10953174,0.07492812,0.5877884,0.007919545,0.16539948,0.06750474,0.17892742,0.09414168,null,null,null,null,"TWOGAUSSIANS",8,4.4660378,0.5877884,0.007919545,0.4,0.0,0.14871621,0.025119917,0.157487,0.02515382,0.4,0.0,0.085527085,0.032207377
375316653866487564,4051298721687871104,0.5790424,2160.6708949070185,2.3652837952908574,1.5708896E-5,18.401033,0.02924957,0.26643628,0.005231325,0.093830675,0.00873252,0.41301537,0.032589212,0.75224584,0.006274986,0.10517403,0.011721709,0.36186525,0.028574927,null,null,null,null,"TWOGAUSSIANS",8,3.390894,0.26644626,0.0052402257,0.4,0.0,0.3857553,0.025203563,0.75224584,0.006274986,0.4,0.0,0.33459517,0.015348299
375316653866487564,4051298893486905856,0.44072604,2226.7502473087334,1.737081605074723,5.448735E-5,17.919355,0.07799665,0.32013008,0.011738755,0.087243386,0.03605209,0.17291267,0.037821382,0.7565024,0.030666575,0.20098446,0.07651729,0.16867204,0.0740884,null,null,null,null,"TWOGAUSSIANS",8,6.6912155,0.32626006,0.008612623,0.4,0.063636824,0.14627892,0.046097007,0.7565024,0.030666575,0.4,0.0,0.12237327,0.016818617
375316653866487564,4051298996566179328,0.48533452,2211.3602812476724,0.3887968421707154,3.3130742E-5,19.316395,0.033657134,0.04980405,3.7707313E-4,0.00922003,8.3393796E-4,0.5391019,0.10697202,0.6216518,0.016333435,0.18188988,0.026134642,0.43585238,0.03435171,null,null,null,null,"TWOGAUSSIANS",8,5.1119323,0.04975405,3.630655E-4,0.05163217,0.004670053,0.5495904,0.10781713,0.6216518,0.016333435,0.4,0.0,0.4159231,0.019138094
375316653866487564,4051298996566199424,0.56640285,2229.1027982734454,1.929708494404532,1.235105E-5,17.96821,0.021104485,0.30613714,0.0028135362,0.09119411,0.009377898,0.3311546,0.024150185,0.80551046,0.004499368,0.09965373,0.009373037,0.31094047,0.019404765,null,null,null,null,"TWOGAUSSIANS",8,4.2447634,0.30613714,0.0028135362,0.4,0.0,0.31064695,0.023981994,0.80551046,0.004499368,0.4,0.0,0.29043087,0.011730685
375316653866487564,4051299065290821504,0.54863423,2315.5565033015923,0.2897044425400004,1.8685241E-5,18.114975,0.0030964704,0.2931675,0.009169493,0.059201576,0.0045768423,0.20024878,0.022668857,0.7328022,0.031558666,0.040558506,0.01977373,0.13712919,0.060405415,null,null,null,null,"TWOGAUSSIANS",8,1.2750169,0.2931675,0.009169493,0.3315288,0.025630318,0.20024873,0.022669341,0.7328022,0.031558666,0.22712763,0.11073288,0.13712914,0.060405746
375316653866487564,4051299305804936832,0.4943417,2184.391111653178,1.892996237287264,3.3634533E-5,15.757241,0.012868762,0.31435266,0.025133193,0.14378662,0.06135939,0.032808818,0.0118520465,0.77975535,0.010489739,0.08088302,0.015130447,0.069423325,0.011344256,null,null,null,null,"TWOGAUSSIANS",8,2.5413501,0.77975535,0.010489739,0.4,0.0,0.064950496,0.00756323,0.31435266,0.025133193,0.4,0.0,0.028129121,0.0053662853
375316653866487564,4051299408887592448,0.47257438,2248.1105043191355,1.2210399520536654,6.596043E-5,19.001295,0.0096879415,0.33235824,0.008424838,0.071415804,0.016326884,0.12155632,0.029131453,0.8030772,0.030742256,0.03409883,0.019954095,0.20574144,0.15706785,null,null,null,null,"TWOGAUSSIANS",8,2.0445464,0.8030772,0.030742256,0.19095343,0.11174293,0.20574051,0.15706892,0.33235824,0.008424838,0.3999285,0.029671008,0.121555395,0.029141614
375316653866487564,4051299477603580288,0.51911277,2222.523395112017,2.3212705723181397,2.9765624E-5,18.248034,0.025402036,0.27873445,0.015005492,0.09413144,0.016134148,0.2865233,0.027635317,0.779041,0.003189063,0.086862184,0.009087163,0.27798757,0.024391808,null,null,null,null,"TWOGAUSSIANS",8,7.1038585,0.27873445,0.015005492,0.4,0.0,0.274154,0.021673016,0.779041,0.003189063,0.4,0.0,0.26561865,0.016021904
375316653866487564,4051299477685793792,0.65451825,2235.335953293883,2.5361826997609653,5.6093822E-6,14.022677,0.0041844677,0.2909885,0.0011742328,0.05094106,0.005970118,0.07991859,0.011083781,0.79443616,0.0022992655,0.05105909,0.0070672254,0.0543561,0.01136783,0.071834415,0.007744633,0.2909885,0.0011742328,"TWOGAUSSIANS_WITH_ELLIPSOIDAL_ON_ECLIPSE1",9,17.472504,0.2909885,0.0011742328,0.28526995,0.033432662,0.22358647,0.009060722,0.79443616,0.0022992655,0.2859309,0.03957646,0.19795658,0.004713054
375316653866487564,4051299511963800576,0.52928734,2258.206135045733,2.4187153735635016,2.2268463E-5,18.767494,0.03583753,0.3054846,0.014189885,0.101822846,0.02910052,0.30309483,0.023914993,0.7891971,0.009394179,0.10520564,0.016297508,0.27798876,0.038723905,null,null,null,null,"TWOGAUSSIANS",8,2.7888865,0.30549458,0.014195728,0.4,0.0,0.2772278,0.022685403,0.7891971,0.009394179,0.4,0.0,0.25211754,0.023718165
375316653866487564,4051299580682132096,0.5083426,2210.6422558024815,3.0604110170980983,5.2948737E-5,18.580107,0.02408491,0.21305785,0.013280515,0.08397329,0.019245075,0.29870054,0.04697645,0.7057312,0.014087994,0.083857745,0.0177141,0.22882117,0.036178995,null,null,null,null,"TWOGAUSSIANS",8,5.7475247,0.21305785,0.013280515,0.4,0.0,0.29328337,0.048228856,0.7057312,0.014087994,0.4,0.0,0.223404,0.03345174
375316653866487564,4051299580764917888,0.530461,2259.0592513688234,0.6765368151690966,3.174322E-5,15.05241,0.0069828844,0.30420512,0.045652196,0.05141995,0.029561618,0.22209245,0.2907071,0.7806339,0.005000265,0.03001946,0.008294976,0.10022136,0.019917203,0.027172616,0.0076177227,0.7806339,0.005000265,"TWOGAUSSIANS_WITH_ELLIPSOIDAL_ON_ECLIPSE2",9,43.706528,0.3030751,0.0413471,0.28795174,0.16440533,0.27531022,0.28925535,0.7806339,0.005000265,0.16810897,0.04645187,0.15456608,0.015000811
375316653866487564,4051299649401928704,0.52054644,2257.179056513496,2.645873851492659,1.9824483E-5,18.106985,0.054705348,0.32853502,0.009262557,0.111373216,0.02402494,0.24798158,0.054182872,0.829476,0.0036701316,0.11212848,0.019391395,0.24159853,0.052064516,null,null,null,null,"TWOGAUSSIANS",8,4.274167,0.32853502,0.009274665,0.4,0.0,0.20829393,0.008922369,0.829476,0.0036752776,0.4,0.0,0.20190848,0.01088741
375316653866487564,4051299718121125120,0.49860665,2188.694056598232,0.23299347305481588,2.6699861E-5,18.973026,0.0669469,0.3666556,0.008132567,0.07328382,0.018095179,0.57713264,0.097227424,0.84950614,0.007814397,0.09218155,0.015889145,0.45137814,0.06847761,null,null,null,null,"TWOGAUSSIANS",8,7.356476,0.3666556,0.008132567,0.4,0.037914805,0.5695905,0.1021205,0.84950614,0.007814397,0.4,0.0,0.44383544,0.06106481
375316653866487564,4051299855560627712,0.50874424,2306.1884425689254,2.6758614473164513,2.4325E-5,17.797983,0.014076854,0.2259866,0.004535574,0.07506327,0.008056362,0.2414378,0.026371459,0.74268407,0.0068024117,0.08043585,0.010158873,0.22314107,0.01610418,null,null,null,null,"TWOGAUSSIANS",8,5.0350976,0.2259866,0.004535574,0.4,3.089416E-4,0.23958343,0.026463253,0.74268407,0.0068024117,0.4,0.0,0.2212867,0.015158309
