Gaia/vari_eclipsing_binary/VariEclipsingBinary_536600-538835.csv
# %ECSV 1.0
# ---
# delimiter: ','
# meta: !!omap
# - RELEASE: Gaia DR3
# - TABLE: vari_eclipsing_binary
# - DESCRIPTION: >
#     This table describes the properties of the eclipsing binaries resulting from the variability analysis. 
# - CITATION: >
#     How to cite and acknowledge Gaia: 
#     https://gea.esac.esa.int/archive/documentation/credits.html 
# - KNOWN_ISSUES: >
#     Known issues: 
#     https://www.cosmos.esa.int/web/gaia-users/known-issues 
# - DOCUMENTATION: >
#     Tutorials and documentation: 
#     https://www.cosmos.esa.int/web/gaia-users/archive 
# datatype:
# - 
#   name: solution_id
#   datatype: int64
#   description: Solution Identifier
#   meta:
#     ucd: meta.version
# - 
#   name: source_id
#   datatype: int64
#   description: Unique source identifier
#   meta:
#     ucd: meta.id;meta.main
# - 
#   name: global_ranking
#   datatype: float32
#   description: Number between 0 (worst) and 1 (best)
#   meta:
#     ucd: stat.param
# - 
#   name: reference_time
#   datatype: float64
#   unit: d
#   description: Reference time used for the geometric model fit
#   meta:
#     ucd: time.epoch
# - 
#   name: frequency
#   datatype: float64
#   unit: d**-1
#   description: Frequency of geometric model of the eclipsing binary light curve
#   meta:
#     ucd: src.orbital
# - 
#   name: frequency_error
#   datatype: float32
#   unit: d**-1
#   description: "Uncertainty of \\texttt{frequency}"
#   meta:
#     ucd: stat.error
# - 
#   name: geom_model_reference_level
#   datatype: float32
#   unit: mag
#   description: Magnitude reference level of geometric model
#   meta:
#     ucd: phot.mag;em.opt
# - 
#   name: geom_model_reference_level_error
#   datatype: float32
#   unit: mag
#   description: "Uncertainty of \\texttt{geomModelReferenceLevel}"
#   meta:
#     ucd: stat.error;phot.mag;em.opt
# - 
#   name: geom_model_gaussian1_phase
#   datatype: float32
#   description: Phase of the Gaussian 1 component
#   meta:
#     ucd: time.phase
# - 
#   name: geom_model_gaussian1_phase_error
#   datatype: float32
#   description: "Uncertainty of \\texttt{geomModelGaussian1Phase}"
#   meta:
#     ucd: stat.error;time.phase
# - 
#   name: geom_model_gaussian1_sigma
#   datatype: float32
#   description: "Standard deviation [phase] of Gaussian 1 component"
#   meta:
#     ucd: stat.stdev
# - 
#   name: geom_model_gaussian1_sigma_error
#   datatype: float32
#   description: "Uncertainty of \\texttt{geomModelGaussian1Sigma}"
#   meta:
#     ucd: stat.error
# - 
#   name: geom_model_gaussian1_depth
#   datatype: float32
#   unit: mag
#   description: Magnitude depth of Gaussian 1 component
#   meta:
#     ucd: src.var.amplitude
# - 
#   name: geom_model_gaussian1_depth_error
#   datatype: float32
#   unit: mag
#   description: "Uncertainty of \\texttt{geomModelGaussian1Depth}"
#   meta:
#     ucd: stat.error;src.var.amplitude
# - 
#   name: geom_model_gaussian2_phase
#   datatype: float32
#   description: Phase of Gaussian 2 component
#   meta:
#     ucd: time.phase
# - 
#   name: geom_model_gaussian2_phase_error
#   datatype: float32
#   description: "Uncertainty of \\texttt{geomModelGaussian2Phase}"
#   meta:
#     ucd: stat.error;time.phase
# - 
#   name: geom_model_gaussian2_sigma
#   datatype: float32
[...]
#   datatype: float32
#   description: "Secondary eclipse: uncertainty of \\texttt{derivedSecondaryEclDuration}"
#   meta:
#     ucd: stat.error;time.duration
# - 
#   name: derived_secondary_ecl_depth
#   datatype: float32
#   unit: mag
#   description: "Secondary eclipse: depth"
#   meta:
#     ucd: src.var.amplitude
# - 
#   name: derived_secondary_ecl_depth_error
#   datatype: float32
#   unit: mag
#   description: "Secondary eclipse: uncertainty of \\texttt{derivedSecondaryEclDepth}"
#   meta:
#     ucd: stat.error;src.var.amplitude
solution_id,source_id,global_ranking,reference_time,frequency,frequency_error,geom_model_reference_level,geom_model_reference_level_error,geom_model_gaussian1_phase,geom_model_gaussian1_phase_error,geom_model_gaussian1_sigma,geom_model_gaussian1_sigma_error,geom_model_gaussian1_depth,geom_model_gaussian1_depth_error,geom_model_gaussian2_phase,geom_model_gaussian2_phase_error,geom_model_gaussian2_sigma,geom_model_gaussian2_sigma_error,geom_model_gaussian2_depth,geom_model_gaussian2_depth_error,geom_model_cosine_half_period_amplitude,geom_model_cosine_half_period_amplitude_error,geom_model_cosine_half_period_phase,geom_model_cosine_half_period_phase_error,model_type,num_model_parameters,reduced_chi2,derived_primary_ecl_phase,derived_primary_ecl_phase_error,derived_primary_ecl_duration,derived_primary_ecl_duration_error,derived_primary_ecl_depth,derived_primary_ecl_depth_error,derived_secondary_ecl_phase,derived_secondary_ecl_phase_error,derived_secondary_ecl_duration,derived_secondary_ecl_duration_error,derived_secondary_ecl_depth,derived_secondary_ecl_depth_error
[from data line 36]
375316653866487564,4722356644063195264,0.43353042,2041.0065755630815,1.785676695857771,3.68444E-5,12.0143385,0.0013939783,0.65120095,0.0017615076,0.03060962,6.284451E-4,0.89890015,0.07478385,null,null,null,null,null,null,null,null,null,null,"ONEGAUSSIAN",5,277.19308,0.65120095,0.0017615076,0.17141387,0.0035192927,0.89890015,0.0,null,null,null,null,null,null
375316653866487564,4722359392842184576,0.48674273,1995.3662677331283,0.26099776984854095,3.282129E-5,13.129514,0.0018299758,0.7915755,0.0018683312,0.018999074,0.0018879262,0.13866994,0.004711633,null,null,null,null,null,null,0.0051421244,0.0025439288,0.7915755,0.0018683312,"ONEGAUSSIAN_WITH_ELLIPSOIDAL",6,176.20311,0.7915755,0.0018683312,0.10639481,0.010572387,0.14895418,0.0046470365,null,null,null,null,null,null
375316653866487564,4722374236249254144,0.5110604,2025.560268806892,1.8480472494848694,1.2691993E-5,11.634951,0.07902138,0.2817417,0.010124183,0.29479358,0.097465724,0.6956153,0.095115155,0.774068,0.006836277,0.171358,0.06277673,0.3663613,0.3398365,null,null,null,null,"TWOGAUSSIANS",8,92.550476,0.28599173,0.0071242494,0.4,0.0,0.080726594,0.005492651,0.774068,0.006836277,0.4,0.0,0.066927984,0.0058375755
375316653866487564,4722427489548196608,0.6095974,1993.634144160042,0.19810975799462868,2.4234716E-6,18.411087,0.0021294728,0.17537756,0.012187985,0.036251467,0.014238255,0.017220797,0.003911558,0.86863685,2.224057E-8,0.0012706281,2.4709461E-6,0.6603398,0.0020966697,null,null,null,null,"TWOGAUSSIANS",8,1.3043708,0.86863685,2.224057E-8,0.0071155173,1.3837299E-5,0.6603398,0.0020966697,0.17537756,0.012187985,0.2030082,0.07973423,0.017220797,0.003911558
375316653866487564,4722435568382212224,0.6014565,2030.9647979447006,2.8593363780662524,6.065808E-6,13.303168,0.011132493,0.25744805,0.002605796,0.050501697,0.008329094,0.19507581,0.03251864,0.7599254,0.006381805,0.053938407,0.010326104,0.15994868,0.024398975,0.112842,0.013824692,0.25744805,0.002605796,"TWOGAUSSIANS_WITH_ELLIPSOIDAL_ON_ECLIPSE1",9,231.47575,0.25744805,0.002605796,0.2828095,0.04664293,0.42075607,0.02957557,0.7599254,0.00608943,0.3020551,0.05782618,0.38557425,0.01418497
375316653866487564,4722668561767782912,0.70809937,2044.595205410239,0.2110288654329245,6.8032655E-6,7.792195,3.5504755E-4,0.43700895,3.6068755E-4,0.010698224,0.0014067187,0.58251256,0.03643204,null,null,null,null,null,null,null,null,null,null,"ONEGAUSSIAN",5,8.980388,0.43700895,3.6068755E-4,0.05991006,0.007877625,0.58251256,0.0,null,null,null,null,null,null
375316653866487564,4722982987733726976,0.5405498,2034.0189275148025,2.5554180049636086,4.796517E-6,18.951668,0.003927217,0.12351334,0.009645623,0.013704705,0.010711025,0.04531177,0.18961948,0.75724715,0.005190347,0.027714783,0.0030276221,0.43601304,0.044696264,null,null,null,null,"TWOGAUSSIANS",8,2.004581,0.75724715,0.005190347,0.15520279,0.016954685,0.43601304,0.044696264,0.12351334,0.009645623,0.07674635,0.05998174,0.04531177,0.18961948
375316653866487564,4723085723351496832,0.5123723,2065.4924983880774,0.030348601925493244,5.5837277E-6,15.624186,0.0012800796,0.35124233,4.4436989E-4,4.139988E-4,1.5748922E-4,0.33889386,0.027070766,null,null,null,null,null,null,0.005919323,0.00159589,0.35124233,4.4436989E-4,"ONEGAUSSIAN_WITH_ELLIPSOIDAL",6,20.193916,0.35124233,4.4436989E-4,0.0023183932,8.8193966E-4,0.3507325,0.027969211,null,null,null,null,null,null
375316653866487564,4723165433648341248,0.52030927,2067.8945525308436,3.1690823700379136,6.032977E-6,19.608452,0.01637802,0.26719964,0.0021723113,0.08282105,0.0052498416,0.43984765,0.01826403,0.77681243,0.006979649,0.09124369,0.010649746,0.23119357,0.019497423,null,null,null,null,"TWOGAUSSIANS",8,1.3451436,0.26719964,0.0021723113,0.4,0.0,0.43129197,0.017617196,0.77681243,0.006979649,0.4,0.0,0.22263773,0.01919326
375316653866487564,4723191169092423168,0.53499454,2056.694135428139,3.0513604890804173,4.6114005E-6,17.91809,0.021989971,0.17202905,0.0021176243,0.12494538,0.010915787,0.19317661,0.021030566,0.66878426,0.0022331998,0.114550255,0.009981463,0.1843788,0.019917889,null,null,null,null,"TWOGAUSSIANS",8,1.4595175,0.17203905,0.0021243948,0.4,0.0,0.15169968,0.0033761347,0.66878426,0.0022331998,0.4,0.0,0.14300413,0.005750114
375316653866487564,4723207906581044608,0.6052301,2024.7865972434608,1.7027774922301127,5.139474E-6,16.083189,0.0038888038,0.10010182,0.001427917,0.020972492,0.0016701539,0.8523837,0.093912825,0.59947926,0.016591003,0.022803562,0.006890828,0.4331926,0.1427418,0.010224512,0.0063423896,0.10010182,0.001427917,"TWOGAUSSIANS_WITH_ELLIPSOIDAL_ON_ECLIPSE1",9,43.19627,0.10010182,0.001427917,0.11744596,0.009352862,0.8728326,0.097479396,0.59947926,0.016591003,0.12769994,0.038588636,0.4536413,0.14240697
375316653866487564,4723280646147221120,0.58697855,2078.8833954312117,3.644451446211916,5.2916234E-6,15.343433,0.007920205,0.27805695,0.0025656563,0.05235581,0.002830832,0.3825982,0.023805734,0.78074867,0.0016582389,0.045019433,0.004042037,0.1651612,0.017524207,0.09544209,0.010210676,0.78074867,0.0016582389,"TWOGAUSSIANS_WITH_ELLIPSOIDAL_ON_ECLIPSE2",9,66.82644,0.27831694,0.0022584847,0.29319254,0.01585266,0.5734293,0.019453166,0.78074867,0.0016582389,0.25210884,0.022635408,0.35604158,0.005469473
375316653866487564,4723312497624478976,0.61306554,2038.5800579152806,4.020101211140637,5.9712866E-6,17.296059,0.016537583,0.19513632,0.0040522343,0.05209111,0.0066927294,0.3552347,0.03678418,0.69177026,0.0016333888,0.057342302,0.0051896195,0.42591697,0.0414442,0.07099403,0.020603899,0.19513632,0.0040522343,"TWOGAUSSIANS_WITH_ELLIPSOIDAL_ON_ECLIPSE1",9,13.326682,0.69204026,0.0013712376,0.3211169,0.029061869,0.567818,0.04090175,0.19513632,0.0040522343,0.2917102,0.037479285,0.49719417,0.015965253
375316653866487564,4723326718260097536,0.4359183,2069.2309298467703,2.461553578607464,1.8417151E-5,18.042871,0.029893786,0.060882393,0.071453884,0.14306764,0.074029036,0.1276625,0.027822908,0.46378443,0.023991834,0.105871275,0.02673776,0.1873997,0.03285722,null,null,null,null,"TWOGAUSSIANS",8,13.041455,0.46378443,0.023991834,0.4,0.0,0.173292,0.015062029,0.061672393,0.07088801,0.4,0.0,0.111249365,0.02497384
375316653866487564,4723334483561061120,0.57094145,2049.3928738298264,3.757299210621575,5.0307463E-6,17.719242,0.010915331,0.21401271,0.001657045,0.08430647,0.0031430195,0.45831692,0.011850914,0.7134244,0.0034829844,0.08547482,0.0042778114,0.44766656,0.0135594485,null,null,null,null,"TWOGAUSSIANS",8,8.424326,0.21401271,0.001657045,0.4,0.0,0.4465862,0.010739887,0.7134244,0.0034829844,0.4,0.0,0.43593583,0.012550487
375316653866487564,4723359776624600192,0.62762016,2037.51434783026,0.5009680313216964,2.035263E-5,11.624257,8.6687406E-4,0.3721953,0.008303263,0.018672053,0.0057119788,0.17834325,0.04220184,0.17870106,0.17273545,0.09858618,0.078579664,0.0036444606,0.06212053,null,null,null,null,"TWOGAUSSIANS",8,27.566553,0.3721753,0.0062259813,0.1045635,0.031987082,0.1788744,0.016088728,0.17870106,0.1964274,0.4,0.27664468,0.0036444417,0.16246817
375316653866487564,4723387053961044352,0.464019,2036.231202606313,3.2199801963319263,3.2361975E-5,18.73994,0.0026175256,0.40486327,0.00565095,0.0118177105,0.0054988703,0.28499013,0.10435525,0.5748009,0.0019689042,0.011082765,0.0027359654,0.10988476,0.1084606,null,null,null,null,"TWOGAUSSIANS",8,5.6257367,0.40486327,0.00565095,0.06617918,0.030793672,0.28499013,0.10435525,0.5748009,0.0019689042,0.062063485,0.015321407,0.10988476,0.1084606
375316653866487564,4723429664332445568,0.5021893,2052.916768515872,2.0940293063141486,8.249543E-6,13.267755,0.12564582,0.27743915,0.0041179364,0.23063962,0.034072444,0.5244106,0.124724865,0.77688175,0.0030665619,0.16530883,0.015196119,0.44810706,0.076566815,null,null,null,null,"TWOGAUSSIANS",8,55.6035,0.77688175,0.0028132198,0.4,0.0,0.112024814,0.004735405,0.27765915,0.0046786736,0.4,0.0,0.097619325,0.00441732
375316653866487564,4723448287311003904,0.5938427,2061.9878613068972,2.4310406395489697,2.594909E-5,18.093462,0.0017325393,0.4900653,0.004573999,0.017635651,0.0029364917,0.81463814,0.69876903,0.65403825,0.03227588,0.046053126,0.023056448,0.019714728,0.010620935,null,null,null,null,"TWOGAUSSIANS",8,2.7625637,0.4900653,0.004573999,0.09875965,0.016444353,0.81467295,0.69877476,0.65403825,0.03227588,0.2578975,0.1291161,0.019714728,0.010620935
375316653866487564,4723572325966026624,0.59164727,2006.343579355505,1.283283678429253,5.4727298E-6,17.51074,0.0027301768,0.32971653,6.876742E-4,0.014522821,7.514358E-4,0.64877367,0.04380568,0.82929283,0.0021188355,0.01441301,0.0016202515,0.35452902,0.019719707,0.0097944755,0.0050089587,0.32971653,6.876742E-4,"TWOGAUSSIANS_WITH_ELLIPSOIDAL_ON_ECLIPSE1",9,8.619463,0.32971653,6.876742E-4,0.081327796,0.0042080404,0.6683626,0.044756494,0.82929283,0.0021188355,0.08071286,0.009073408,0.37411782,0.020778457
375316653866487564,4723644515776354176,0.5901214,2026.1734560043253,2.988906891116779,7.848873E-6,16.128864,0.017023021,0.22718038,0.004327309,0.049315117,0.01142096,0.13429306,0.033440642,0.7393509,0.0036953099,0.058215823,0.021245215,0.09984522,0.029169219,0.113459915,0.020166324,0.7393509,0.0036953099,"TWOGAUSSIANS_WITH_ELLIPSOIDAL_ON_ECLIPSE2",9,31.769913,0.23016039,0.0035573468,0.27616465,0.06395737,0.36020184,0.013280173,0.7393509,0.0036953099,0.32600862,0.09956465,0.3267548,0.015156858
375316653866487564,4723650906687716736,0.54356444,1995.8117311371482,0.9857343676612331,2.1754671E-5,11.132677,0.0011648276,0.36413956,0.08704717,0.06900724,0.07303776,0.0043916805,0.0024212599,0.72458446,0.019432623,0.018451082,0.017205726,0.14212961,0.09625161,0.011734517,0.0018589604,0.72458446,0.019432623,"TWOGAUSSIANS_WITH_ELLIPSOIDAL_ON_ECLIPSE2",9,18.684874,0.72458446,0.019432623,0.10332606,0.09635207,0.16559851,0.09713107,0.23599955,0.14268953,0.38644055,0.38094124,0.024131592,0.01139656
375316653866487564,4723721515950294656,0.5052434,2076.252820927258,2.8639776583432037,1.2480511E-5,15.443313,0.7909418,0.26442474,0.005906612,0.1566077,0.09710067,0.3181934,0.75192565,0.7576034,0.0055735162,0.1472099,0.062327802,0.35788321,0.6556059,null,null,null,null,"TWOGAUSSIANS",8,57.5814,0.7576034,0.0055735162,0.4,0.0,0.19469924,0.013189398,0.26505473,0.0049212864,0.4,0.0,0.15334733,0.009320783
375316653866487564,4723821056112426496,0.46161628,1989.8633680301866,0.11252710914321656,1.6253698E-5,16.063818,0.0035691257,0.3727969,1.3421218E-4,0.0018060757,6.77268E-5,0.30084622,0.011850717,0.6736807,0.018790841,0.06906439,0.023096811,0.061109465,0.026418542,null,null,null,null,"TWOGAUSSIANS",8,70.30635,0.3727969,1.3421218E-4,0.010114024,3.7927012E-4,0.30085084,0.011851226,0.6736807,0.018790841,0.3867606,0.12775712,0.061109465,0.026418542
375316653866487564,4723933584255794432,0.6517997,2034.9294313609487,2.81724808662794,1.2039682E-6,13.292756,0.0031871784,0.23684885,0.0011115936,0.046886295,0.0013911227,0.4719485,0.011902357,0.73830557,6.0046033E-4,0.04175403,0.0011651857,0.41199788,0.008957073,0.12150351,0.00587268,0.73830557,6.0046033E-4,"TWOGAUSSIANS_WITH_ELLIPSOIDAL_ON_ECLIPSE2",9,83.95032,0.23696885,0.0010215194,0.26256326,0.007790287,0.71493626,0.011677369,0.73830557,6.0046033E-4,0.23382257,0.0065250397,0.6550043,0.0078503145
375316653866487564,4723949046138054784,0.6191759,2061.5229881788578,2.954770573156161,4.662178E-6,14.648351,0.01887466,0.2481499,0.0020359126,0.057248957,0.0044194013,0.3772524,0.042289317,0.74567443,0.0030016298,0.060947996,0.004112352,0.41747487,0.04180189,0.07260876,0.02240798,0.2481499,0.0020359126,"TWOGAUSSIANS_WITH_ELLIPSOIDAL_ON_ECLIPSE1",9,184.11708,0.74590445,0.002674346,0.34130877,0.02302917,0.56255424,0.010939959,0.2481499,0.0020359126,0.32059416,0.024748648,0.5223636,0.01566944
375316653866487564,4723966393509429376,0.4522406,2036.1631536013178,4.233693188219636,1.7934062E-5,18.61483,0.031037392,0.2576946,0.010298669,0.11697499,0.030964047,0.119431265,0.02828421,0.7212278,0.007677897,0.08838958,0.021677995,0.16888824,0.026727216,null,null,null,null,"TWOGAUSSIANS",8,5.390832,0.7212278,0.007677897,0.4,0.0,0.15995605,0.015933216,0.2576946,0.010296317,0.4,0.0,0.11044952,0.012407637
375316653866487564,4724034739325106944,0.53118867,2063.2755882791644,1.6753341601864449,2.143481E-6,15.346474,0.008877198,0.22570457,0.0010147716,0.024267778,0.001342799,0.827449,0.053733133,0.7226508,0.009992923,0.03214228,0.021747062,0.20923622,0.26702294,0.033268552,0.014100193,0.22570457,0.0010147716,"TWOGAUSSIANS_WITH_ELLIPSOIDAL_ON_ECLIPSE1",9,430.5189,0.22570457,0.0010147716,0.13589956,0.007519675,0.893986,0.053233728,0.7227308,0.0099467505,0.17999679,0.12178355,0.2757493,0.2735795
375316653866487564,4724039377889841152,0.60467505,2038.0346521821473,4.072346063420957,4.372977E-6,15.420551,0.009585998,0.22130239,0.0018477252,0.081994675,0.0033664217,0.3053816,0.010560181,0.7398081,0.0020888795,0.07677754,0.0051435702,0.33121175,0.008738424,null,null,null,null,"TWOGAUSSIANS",8,45.397804,0.7398081,0.0020888795,0.4,0.0,0.32814446,0.008244475,0.22130239,0.0018477252,0.4,0.0,0.3023143,0.009543618
375316653866487564,4724062467634034560,0.5268095,2048.2844269974244,0.6961256237975995,2.8299512E-6,19.572336,0.0067955577,0.29812062,4.5992405E-4,0.030351756,0.001261331,1.7057314,0.1855397,0.7982829,0.0047435006,0.046675622,0.008807106,0.17555349,0.03261495,null,null,null,null,"TWOGAUSSIANS",8,2.2525318,0.29812062,4.5992405E-4,0.16996983,0.0070634536,1.7057314,0.1855397,0.7982829,0.0047435006,0.2613835,0.049319793,0.17555349,0.032614954
375316653866487564,4724071229367659776,0.5096812,2041.1363109716372,0.5233320024401984,1.0919357E-5,19.08732,0.008339996,0.32784727,0.014036012,0.011037764,0.0032555545,2.1611648,5.031423,0.633816,0.009584145,0.011024152,0.006424673,0.30862498,0.1468636,null,null,null,null,"TWOGAUSSIANS",8,6.29155,0.32784727,0.014036012,0.06181148,0.018231105,2.1611648,5.031423,0.633816,0.009584145,0.061735254,0.03597817,0.30862498,0.1468636
375316653866487564,4724072839978767872,0.4736815,2014.4919510588124,0.6673910329181204,1.0049227E-5,18.149714,0.0060259486,0.43402326,0.0023844144,0.029353317,0.0021404016,0.41972426,0.019788595,0.7494052,0.016106464,0.027850794,0.024890961,0.064197764,0.09842743,null,null,null,null,"TWOGAUSSIANS",8,16.92537,0.43402326,0.0023844144,0.16437857,0.011986249,0.41972426,0.019788595,0.7494052,0.016106464,0.15596445,0.13938938,0.064197764,0.09842743
375316653866487564,4724152352708411904,0.45630917,2049.5092572381973,0.25253005853422555,1.6779524E-5,14.429178,0.0025227324,0.24683759,0.005419112,0.020989275,0.003086251,0.2736452,0.15430677,0.8745099,2.589012E-4,0.0048644855,1.1527275E-4,0.6832466,0.04712584,null,null,null,null,"TWOGAUSSIANS",8,56.464603,0.8745099,2.589012E-4,0.027241118,6.455274E-4,0.6832466,0.04712584,0.24683759,0.005419112,0.11753994,0.017283006,0.2736452,0.15430677
375316653866487564,4724184990165423488,0.5330215,2057.396482108134,4.114021139849767,9.823899E-6,18.251883,0.01413474,0.3167071,0.0045823604,0.084717475,0.00492496,0.43784288,0.022382034,0.81219834,0.0030293548,0.08683464,0.005267721,0.4237683,0.018848399,null,null,null,null,"TWOGAUSSIANS",8,9.249388,0.3167071,0.0045823604,0.4,0.0,0.42643684,0.021102054,0.81219834,0.0030293548,0.4,0.0,0.41236225,0.018447226
375316653866487564,4724240691596893184,0.5979505,2056.7842169276532,3.9017513353338074,6.3267307E-6,16.220686,0.040444788,0.23110023,0.0027360513,0.053601168,0.010807961,0.42022532,0.07133362,0.742109,0.004524417,0.057765517,0.011012353,0.43765602,0.21261393,0.07948181,0.047295403,0.23110023,0.0027360513,"TWOGAUSSIANS_WITH_ELLIPSOIDAL_ON_ECLIPSE1",9,53.296455,0.742109,0.004524417,0.3234869,0.061669175,0.5958351,0.21598281,0.23110023,0.0027360513,0.30016655,0.06052458,0.57916373,0.028162053
