Gaia/vari_eclipsing_binary/VariEclipsingBinary_509433-509540.csv
# %ECSV 1.0
# ---
# delimiter: ','
# meta: !!omap
# - RELEASE: Gaia DR3
# - TABLE: vari_eclipsing_binary
# - DESCRIPTION: >
#     This table describes the properties of the eclipsing binaries resulting from the variability analysis. 
# - CITATION: >
#     How to cite and acknowledge Gaia: 
#     https://gea.esac.esa.int/archive/documentation/credits.html 
# - KNOWN_ISSUES: >
#     Known issues: 
#     https://www.cosmos.esa.int/web/gaia-users/known-issues 
# - DOCUMENTATION: >
#     Tutorials and documentation: 
#     https://www.cosmos.esa.int/web/gaia-users/archive 
# datatype:
# - 
#   name: solution_id
#   datatype: int64
#   description: Solution Identifier
#   meta:
#     ucd: meta.version
# - 
#   name: source_id
#   datatype: int64
#   description: Unique source identifier
#   meta:
#     ucd: meta.id;meta.main
# - 
#   name: global_ranking
#   datatype: float32
#   description: Number between 0 (worst) and 1 (best)
#   meta:
#     ucd: stat.param
# - 
#   name: reference_time
#   datatype: float64
#   unit: d
#   description: Reference time used for the geometric model fit
#   meta:
#     ucd: time.epoch
# - 
#   name: frequency
#   datatype: float64
#   unit: d**-1
#   description: Frequency of geometric model of the eclipsing binary light curve
#   meta:
#     ucd: src.orbital
# - 
#   name: frequency_error
#   datatype: float32
#   unit: d**-1
#   description: "Uncertainty of \\texttt{frequency}"
#   meta:
#     ucd: stat.error
# - 
#   name: geom_model_reference_level
#   datatype: float32
#   unit: mag
#   description: Magnitude reference level of geometric model
#   meta:
#     ucd: phot.mag;em.opt
# - 
#   name: geom_model_reference_level_error
#   datatype: float32
#   unit: mag
#   description: "Uncertainty of \\texttt{geomModelReferenceLevel}"
#   meta:
#     ucd: stat.error;phot.mag;em.opt
# - 
#   name: geom_model_gaussian1_phase
#   datatype: float32
#   description: Phase of the Gaussian 1 component
#   meta:
#     ucd: time.phase
# - 
#   name: geom_model_gaussian1_phase_error
#   datatype: float32
#   description: "Uncertainty of \\texttt{geomModelGaussian1Phase}"
#   meta:
#     ucd: stat.error;time.phase
# - 
#   name: geom_model_gaussian1_sigma
#   datatype: float32
#   description: "Standard deviation [phase] of Gaussian 1 component"
#   meta:
#     ucd: stat.stdev
# - 
#   name: geom_model_gaussian1_sigma_error
#   datatype: float32
#   description: "Uncertainty of \\texttt{geomModelGaussian1Sigma}"
#   meta:
#     ucd: stat.error
# - 
#   name: geom_model_gaussian1_depth
#   datatype: float32
#   unit: mag
#   description: Magnitude depth of Gaussian 1 component
#   meta:
#     ucd: src.var.amplitude
# - 
#   name: geom_model_gaussian1_depth_error
#   datatype: float32
#   unit: mag
#   description: "Uncertainty of \\texttt{geomModelGaussian1Depth}"
#   meta:
#     ucd: stat.error;src.var.amplitude
# - 
#   name: geom_model_gaussian2_phase
#   datatype: float32
#   description: Phase of Gaussian 2 component
#   meta:
#     ucd: time.phase
# - 
#   name: geom_model_gaussian2_phase_error
#   datatype: float32
#   description: "Uncertainty of \\texttt{geomModelGaussian2Phase}"
#   meta:
#     ucd: stat.error;time.phase
# - 
#   name: geom_model_gaussian2_sigma
#   datatype: float32
[...]
#   datatype: float32
#   description: "Secondary eclipse: uncertainty of \\texttt{derivedSecondaryEclDuration}"
#   meta:
#     ucd: stat.error;time.duration
# - 
#   name: derived_secondary_ecl_depth
#   datatype: float32
#   unit: mag
#   description: "Secondary eclipse: depth"
#   meta:
#     ucd: src.var.amplitude
# - 
#   name: derived_secondary_ecl_depth_error
#   datatype: float32
#   unit: mag
#   description: "Secondary eclipse: uncertainty of \\texttt{derivedSecondaryEclDepth}"
#   meta:
#     ucd: stat.error;src.var.amplitude
solution_id,source_id,global_ranking,reference_time,frequency,frequency_error,geom_model_reference_level,geom_model_reference_level_error,geom_model_gaussian1_phase,geom_model_gaussian1_phase_error,geom_model_gaussian1_sigma,geom_model_gaussian1_sigma_error,geom_model_gaussian1_depth,geom_model_gaussian1_depth_error,geom_model_gaussian2_phase,geom_model_gaussian2_phase_error,geom_model_gaussian2_sigma,geom_model_gaussian2_sigma_error,geom_model_gaussian2_depth,geom_model_gaussian2_depth_error,geom_model_cosine_half_period_amplitude,geom_model_cosine_half_period_amplitude_error,geom_model_cosine_half_period_phase,geom_model_cosine_half_period_phase_error,model_type,num_model_parameters,reduced_chi2,derived_primary_ecl_phase,derived_primary_ecl_phase_error,derived_primary_ecl_duration,derived_primary_ecl_duration_error,derived_primary_ecl_depth,derived_primary_ecl_depth_error,derived_secondary_ecl_phase,derived_secondary_ecl_phase_error,derived_secondary_ecl_duration,derived_secondary_ecl_duration_error,derived_secondary_ecl_depth,derived_secondary_ecl_depth_error
[from data line 112]
375316653866487564,4481210276398097920,0.4448945,2252.683030427251,0.1570442350618809,2.3708419E-5,17.692041,0.0062959217,0.13459226,0.019661857,0.06752698,0.019282067,0.073199324,0.014375556,0.7988987,0.01826766,0.07511068,0.018546777,0.100150004,0.01551976,null,null,null,null,"TWOGAUSSIANS",8,4.220438,0.7988987,0.018265435,0.4,0.04815505,0.10014696,0.015514983,0.13457227,0.019665742,0.3781511,0.058787145,0.073200576,0.014388969
375316653866487564,4481211268531840896,0.5117198,2245.1450206178697,1.93337294984496,3.172345E-5,18.381628,0.004325301,0.15260446,0.012666201,0.014829603,0.011467014,0.32269657,6158.9805,0.63252443,0.012115217,0.0197278,0.009906353,0.22146419,0.87355703,null,null,null,null,"TWOGAUSSIANS",8,3.9167962,0.15260446,0.012666201,0.08304577,0.06421528,0.32269657,6158.9805,0.63252443,0.012115217,0.11047568,0.055475578,0.22146419,0.87355703
375316653866487564,4481212578500584320,0.60514414,2282.958656833842,4.138185934588223,1.8997622E-5,18.075546,0.026057906,0.27919087,0.0065586544,0.05049386,0.011496419,0.35049093,0.05149623,0.7694696,0.0070990487,0.05676826,0.00811511,0.3138424,0.055441525,0.11808818,0.028421747,0.27919087,0.0065586544,"TWOGAUSSIANS_WITH_ELLIPSOIDAL_ON_ECLIPSE1",9,11.183327,0.27919087,0.0065586544,0.2827656,0.064379945,0.58665633,0.01684487,0.7710296,0.005710238,0.31790227,0.045444615,0.54926884,0.013463628
375316653866487564,4481218144778072448,0.6151892,2240.695268275741,1.9564773003715497,2.099481E-5,15.973392,0.0054875566,0.26581895,0.002414772,0.027748479,0.0020776154,0.586244,0.08297813,0.76138496,0.0013102017,0.028278915,0.0012262576,0.6118504,0.022432616,0.027309671,0.009172929,0.76138496,0.0013102017,"TWOGAUSSIANS_WITH_ELLIPSOIDAL_ON_ECLIPSE2",9,78.648346,0.76138496,0.0013102017,0.15836193,0.0068670427,0.6664697,0.022329953,0.26579896,0.002396128,0.15539148,0.011634646,0.64082116,0.083660305
375316653866487564,4481218522735658112,0.60242206,2259.649790374059,2.2056830876730564,9.248971E-6,15.941515,0.029850882,0.2584003,0.003090231,0.11649626,0.013818914,0.21017705,0.028149838,0.75725436,0.004449478,0.10582985,0.013113211,0.26566076,0.024814697,null,null,null,null,"TWOGAUSSIANS",8,9.717774,0.75725436,0.004449478,0.4,0.0,0.22882336,0.007889313,0.2584003,0.00308794,0.4,0.0,0.17330517,0.0053348644
375316653866487564,4481220687398800512,0.53570986,2275.8383850207492,2.609737678201437,1.8782615E-5,17.613924,0.0036133341,0.3325649,0.01535249,0.016681865,0.011764573,0.057543263,0.02854294,0.67081136,0.0019907411,0.074807584,0.0029357732,0.12993014,0.0040326486,null,null,null,null,"TWOGAUSSIANS",8,2.5524676,0.67081136,0.0019907411,0.4,0.0,0.12993014,0.0040326486,0.3325649,0.01535249,0.09341844,0.06588161,0.057547987,0.028547592
375316653866487564,4481221340228635904,0.5392192,2263.4383128732575,3.769703350409985,1.3201833E-5,18.220863,0.007873056,0.23491275,0.0034060795,0.06551444,0.0040824926,0.24672127,0.009046608,0.7213711,0.0050009694,0.07547786,0.0055230074,0.2902808,0.031369712,null,null,null,null,"TWOGAUSSIANS",8,4.383232,0.7213711,0.0050009694,0.4,0.0,0.28957406,0.031656012,0.23491275,0.0034060795,0.36688083,0.02286196,0.24601452,0.008792715
375316653866487564,4481226837790555520,0.59419245,2302.3005601910218,1.7474547773917648,8.413007E-6,15.145125,0.0398591,0.21633978,0.0044418178,0.12747803,0.025051147,0.12724277,0.039098725,0.71160257,0.001861399,0.11949861,0.014880054,0.19411545,0.037201732,null,null,null,null,"TWOGAUSSIANS",8,10.793574,0.71160257,0.001861399,0.4,0.0,0.1559298,0.0043898607,0.21637979,0.004486661,0.4,0.0,0.08900192,0.0046188026
375316653866487564,4481227284464714624,0.5231321,2254.224900259363,3.4580691535147237,8.988564E-5,19.845318,0.005962408,0.15358365,0.037711494,0.05902064,0.04939879,0.06109736,0.08693076,0.49776554,0.0054237084,0.042442895,0.009496766,0.7125686,0.42614594,null,null,null,null,"TWOGAUSSIANS",8,1.3487905,0.49776554,0.0054237084,0.23768021,0.05318189,0.7125686,0.42614597,0.15358365,0.037711494,0.33051556,0.27663323,0.06109736,0.08693076
375316653866487564,4481228585835283840,0.60730535,2325.839533127194,2.5482640338607245,9.196436E-6,18.315277,0.009519831,0.2136784,0.0042691724,0.07871534,0.0037061574,0.5342999,0.017771723,0.75025254,0.013076385,0.067564495,0.010357475,0.16707544,0.021738414,null,null,null,null,"TWOGAUSSIANS",8,2.488633,0.2136784,0.0042691724,0.4,0.0,0.53356165,0.017329322,0.75025254,0.013076385,0.37836117,0.054463286,0.16633725,0.020950459
375316653866487564,4481229002452823296,0.5090103,2299.745897680641,2.387453407196466,8.6540065E-5,19.161821,0.004276469,0.41823283,0.0031689187,0.013228547,0.002408522,0.29486445,0.11831772,0.82616943,0.014584305,0.052379906,0.023157656,0.2922917,4.2037106,null,null,null,null,"TWOGAUSSIANS",8,1.0909336,0.41823283,0.0031689187,0.074079864,0.013487724,0.29486445,0.11831772,0.82616943,0.014584305,0.29332748,0.12968288,0.2922917,4.2037106
375316653866487564,4481229930167358720,0.40249914,2249.7674418722686,0.1609558032526203,9.0096044E-5,15.7988825,0.003968465,0.19754805,0.007132027,0.013127538,0.0145589365,0.061329294,0.07852593,0.6897332,0.027206937,0.0769453,0.04876831,0.28137887,26.320936,null,null,null,null,"TWOGAUSSIANS",8,241.34488,0.6897332,0.027206937,0.4,0.18984137,0.2813788,26.320936,0.19754805,0.007132027,0.073514216,0.08153004,0.061329253,0.07853551
375316653866487564,4481236557294990336,0.46447945,2274.993090400953,0.030711137824309082,7.335241E-5,18.47345,0.013633348,0.2636353,0.01646784,0.09175563,0.024346387,0.09751913,0.018036446,0.75986207,0.027579265,0.08136762,0.030389406,0.1271387,0.04294436,null,null,null,null,"TWOGAUSSIANS",8,2.6220658,0.75986207,0.027579265,0.4,0.09950772,0.12394949,0.044577952,0.2636353,0.01646784,0.4,0.0,0.09432985,0.017983312
375316653866487564,4481238039065606912,0.6286201,2243.07643190373,2.1382381154791696,6.6487746E-6,15.143718,0.0063246307,0.3415959,0.00246209,0.09945937,0.0046969056,0.1692585,0.0060301838,0.8336779,0.0021050232,0.10208165,0.004192292,0.19443268,0.006800283,null,null,null,null,"TWOGAUSSIANS",8,7.0355215,0.8336779,0.0021050232,0.4,0.0,0.17927094,0.0046364977,0.3415959,0.00246209,0.4,0.0,0.15409815,0.003159145
375316653866487564,4481240886621766912,0.47670344,2241.158625729393,4.138024079784342,6.611111E-5,19.793932,0.101862974,0.24348722,0.009174644,0.07651736,0.01668819,0.58647215,0.07756978,0.7208334,0.018191107,0.10871368,0.04482761,0.42347264,0.08197359,null,null,null,null,"TWOGAUSSIANS",8,6.703622,0.24349722,0.009050383,0.4,0.024928253,0.56882447,0.054542463,0.7208334,0.018191107,0.4,0.0,0.40579334,0.06757092
375316653866487564,4481241539456090112,0.5535501,2315.0419642515867,0.6178275535651434,7.5941275E-6,18.695042,0.007749858,0.35543984,0.025093775,0.2206218,0.08812252,0.018278811,0.006764982,0.75071454,6.8247305E-6,0.008949286,4.418934E-5,4.314745,0.10520242,null,null,null,null,"TWOGAUSSIANS",8,0.41651708,0.75071454,6.8247305E-6,0.050116003,2.474603E-4,4.316041,0.10543393,0.35543984,0.025093775,0.4,0.0,0.015476797,0.002885074
375316653866487564,4481241646839229056,0.50235456,2304.4597603010125,0.027634949365674746,3.659408E-5,16.553535,0.0021070044,0.21023756,0.010034008,0.023452343,0.024749244,0.005113097,1727867.5,0.8009651,0.054962058,0.023245621,0.030769315,0.07994408,0.02768525,0.014412075,0.0026801866,0.21023756,0.010034008,"TWOGAUSSIANS_WITH_ELLIPSOIDAL_ON_ECLIPSE1",9,2.4234488,0.8009651,0.054962058,0.13017549,0.17230816,0.10037299,0.025284326,0.21023756,0.010034008,0.13133313,0.13859576,0.03393719,1727867.5
375316653866487564,4481243841559532160,0.51432204,2295.9897952091515,2.7616128317859525,3.163642E-5,19.945498,0.005253785,0.20403355,0.021718595,0.016163874,0.04332958,0.13556379,0.08060183,0.773546,0.0020591589,0.01929237,0.0026271604,0.23177698,0.016906997,null,null,null,null,"TWOGAUSSIANS",8,0.77719927,0.773546,0.0020591589,0.10803726,0.014712098,0.23177698,0.016906997,0.20403355,0.021718595,0.0905177,0.24264565,0.13556379,0.08060183
375316653866487564,4481244528754131840,0.47717237,2291.6867549878184,2.409327744034667,5.9892267E-5,17.68203,0.017308028,0.27339476,0.02353155,0.031330507,0.03384096,0.09988583,2.7773077,0.78611594,0.011690404,0.07085134,0.066341124,0.040009424,0.02833909,0.052188903,0.018889865,0.78611594,0.011690404,"TWOGAUSSIANS_WITH_ELLIPSOIDAL_ON_ECLIPSE2",9,15.589182,0.27434477,0.021905983,0.17545083,0.18950939,0.2035695,2.805026,0.78611594,0.011690404,0.3967675,0.35757443,0.14430892,0.03299874
375316653866487564,4481246762137410688,0.5565766,2277.900316915075,3.7759170937990483,8.836992E-6,18.92947,0.012663157,0.3449538,0.006227577,0.092779845,0.008081668,0.24783668,0.015825316,0.823034,0.001845731,0.09443743,0.004075421,0.28911644,0.013469599,null,null,null,null,"TWOGAUSSIANS",8,0.8276138,0.823034,0.001845731,0.4,0.0,0.27812225,0.009336955,0.3449538,0.006227577,0.4,0.0,0.23684287,0.011500764
375316653866487564,4481248755002150144,0.53648424,2265.678356501495,2.7915971176527345,2.2047296E-5,18.26521,0.20858833,0.27424493,0.005195103,0.12372649,0.03725092,0.29974934,0.20227395,0.7599612,0.007823765,0.118055284,0.038466483,0.28836378,0.19829927,null,null,null,null,"TWOGAUSSIANS",8,4.009967,0.27431494,0.005043457,0.4,0.0,0.23859593,0.01857515,0.7599612,0.007823765,0.4,0.0,0.22731572,0.016961403
375316653866487564,4481250747867464704,0.4999009,2214.895748367533,0.9334502926910583,1.9750472E-5,17.148214,0.0180253,0.22763331,0.0049702395,0.09480996,0.02492232,0.051802903,0.016544936,0.72532463,0.009285499,0.11383831,0.04086445,0.05818625,0.013493793,null,null,null,null,"TWOGAUSSIANS",8,1.9041187,0.72532463,0.009285499,0.4,0.0,0.052125487,0.005474094,0.22763331,0.0049779094,0.4,0.0,0.045749605,0.0032245598
375316653866487564,4481260334236178560,0.48038945,2263.051956755804,0.8794149635844297,3.579282E-5,18.153568,0.060735762,0.27291024,0.006583822,0.11800363,0.030091327,0.19636919,0.051550463,0.7553293,0.011191568,0.12531805,0.03313576,0.16684891,0.05946286,null,null,null,null,"TWOGAUSSIANS",8,5.069109,0.27305025,0.006401344,0.4,0.0,0.15899125,0.01701957,0.7553293,0.011191568,0.4,0.0,0.129396,0.010651113
375316653866487564,4481264358625181568,0.622165,2240.810609626974,1.483315371880847,5.646894E-6,15.58494,0.005596296,0.27694008,0.0015572057,0.098818585,0.0049532354,0.15693961,0.005806375,0.78144395,0.0017378101,0.10505065,0.004433939,0.1466507,0.0053346376,null,null,null,null,"TWOGAUSSIANS",8,3.9949372,0.27694008,0.0015572057,0.4,0.0,0.14277123,0.0063759787,0.78144395,0.0017378101,0.4,0.0,0.13247961,0.0022441966
375316653866487564,4481265316398391552,0.491467,2246.0835734716256,3.389009553247014,3.2094096E-5,19.113626,0.03870162,0.31427038,0.024873994,0.10094109,0.030766472,0.20820789,0.0414679,0.79708546,0.008665349,0.09604839,0.023909645,0.21668497,0.036313646,null,null,null,null,"TWOGAUSSIANS",8,2.9630425,0.79708546,0.008665349,0.4,0.0,0.2031673,0.025920182,0.31427038,0.024874533,0.4,0.0,0.1946884,0.023968806
375316653866487564,4481266828226882432,0.49439096,2228.4673204084743,2.674962779628998,4.0414787E-5,16.439276,0.1313317,0.31432012,0.030187774,0.032129742,0.06265469,0.32978815,0.17331809,0.78990376,0.006612201,0.055449408,0.0343602,0.06161898,0.27251536,0.13323407,0.13218763,0.78990376,0.006612201,"TWOGAUSSIANS_WITH_ELLIPSOIDAL_ON_ECLIPSE2",9,227.53053,0.31283012,0.027797826,0.17992656,0.2306809,0.5904081,0.32338196,0.78990376,0.006612201,0.3105167,0.121247955,0.32808456,0.04684176
375316653866487564,4481269302128231424,0.47905865,2299.5128320973386,0.03588231414590751,2.0850006E-5,19.319637,0.007909383,0.40506098,0.08908984,0.038288504,0.06159445,0.14295013,0.12621772,0.64367783,0.007468892,0.07089175,0.005196224,0.2965217,0.023364108,null,null,null,null,"TWOGAUSSIANS",8,1.8853106,0.64367783,0.007468892,0.39699382,0.023543227,0.2965217,0.02337653,0.40557098,0.08953143,0.21441562,0.1898559,0.14399037,0.126949
375316653866487564,4481270165421981568,0.59752375,2279.820172560095,3.2922305320929652,1.0095409E-5,14.887751,0.0068542594,0.20261855,0.0062177987,0.042131312,0.0060634315,0.10508172,0.042050667,0.69731313,0.008058045,0.05302086,0.009257677,0.122401506,0.016685065,0.04332491,0.009567483,0.20261855,0.0062177987,"TWOGAUSSIANS_WITH_ELLIPSOIDAL_ON_ECLIPSE1",9,21.904398,0.69803315,0.0064323,0.29691684,0.05184299,0.20896666,0.0048083905,0.20261855,0.0062177987,0.23593535,0.033955216,0.19173005,0.044458818
375316653866487564,4481272875541185536,0.5986991,2210.100059037982,3.232183145386506,1.0015241E-5,19.035242,0.022486024,0.26610804,0.0046066567,0.039843082,0.017995592,0.39537922,0.1996264,0.7741372,0.0029440543,0.049839016,0.004305304,0.5654632,0.05835594,0.13947125,0.035502393,0.26610804,0.0046066567,"TWOGAUSSIANS_WITH_ELLIPSOIDAL_ON_ECLIPSE1",9,2.6822567,0.7741372,0.0029440543,0.27909848,0.024109703,0.8436936,0.034129895,0.26610804,0.0046066567,0.22312126,0.10077532,0.67431897,0.20912626
375316653866487564,4481275452519752320,0.4538813,2273.1895989813984,0.08520101140130017,5.329542E-5,17.285055,0.93821216,0.24474983,0.024337266,0.12392049,0.045521233,0.3436805,0.4562977,0.72382927,0.017748797,0.18275365,0.17492414,0.4476072,0.9284889,null,null,null,null,"TWOGAUSSIANS",8,6.9055123,0.72382927,0.017748797,0.4,0.0,0.26109493,0.020978712,0.24950983,0.015016189,0.4,0.0,0.17924103,0.018348478
375316653866487564,4481278617916803456,0.59348524,2251.330940916783,2.947545723698633,7.999085E-6,13.722262,0.016177619,0.31208813,0.0016771521,0.089176476,0.004200961,0.43604577,0.015965639,0.80136156,0.004710667,0.100332096,0.005822743,0.4075288,0.021220718,null,null,null,null,"TWOGAUSSIANS",8,274.94196,0.31208813,0.0016771521,0.4,0.0,0.41382617,0.011272607,0.80136156,0.004710667,0.4,0.0,0.38530558,0.015807617
375316653866487564,4481280743919971968,0.59616125,2214.3339655837985,3.7118497929310506,8.813441E-6,18.985502,0.0073079583,0.26480216,0.004594494,0.07121605,0.0035189043,0.6404334,0.03523489,0.7623378,0.0061189467,0.06241834,0.0048469864,0.5878376,0.022939812,null,null,null,null,"TWOGAUSSIANS",8,2.3527486,0.26480216,0.004594494,0.39880985,0.007683346,0.6393877,0.035162054,0.7623378,0.0061189467,0.3495427,0.027143123,0.58679193,0.022852257
375316653866487564,4481285146260830976,0.5662184,2233.6106230928494,3.6151968468665228,1.21929E-5,18.702787,0.0131802745,0.15176575,0.0034133757,0.07536367,0.004452428,0.37466618,0.014383376,0.6603529,0.0081736185,0.07643435,0.0066583944,0.45398068,0.03903245,null,null,null,null,"TWOGAUSSIANS",8,3.0736408,0.6603529,0.0081736185,0.4,0.0,0.4509678,0.039048098,0.15176575,0.0034133757,0.4,0.0,0.37165326,0.013014768
375316653866487564,4481285627303423616,0.61727345,2282.2750049194165,0.38638135825994535,2.739063E-6,15.684703,0.0020853926,0.113986395,6.713471E-4,0.013208828,8.6574047E-4,0.28572196,0.01337491,0.61476815,0.0061273323,0.019680735,0.0027462926,0.2681171,0.022823507,0.01635754,0.0037967612,0.113986395,6.713471E-4,"TWOGAUSSIANS_WITH_ELLIPSOIDAL_ON_ECLIPSE1",9,20.783358,0.113986395,6.713471E-4,0.07396943,0.004848147,0.31843704,0.014470066,0.61476815,0.0061140102,0.11021211,0.015379238,0.30083138,0.023041558
375316653866487564,4481287929408125824,0.5695427,2240.0741235644723,3.207775189793801,1.4982253E-5,19.111317,0.010507089,0.2498783,0.0031791923,0.069281936,0.0045702485,0.36546367,0.016461747,0.7558857,0.0037951416,0.068623334,0.0044087414,0.33409134,0.01593122,null,null,null,null,"TWOGAUSSIANS",8,1.3189815,0.2498783,0.0031791923,0.38797882,0.02559339,0.36462998,0.016387219,0.7558857,0.0037951416,0.38429067,0.024688952,0.33325762,0.015767813
375316653866487564,4481288169917932160,0.44946277,2243.877050944807,0.3512521094355701,7.0043745E-5,19.472055,0.00570479,0.46484658,0.017683662,0.094836496,0.012049985,0.1358801,0.02117096,0.76901865,0.012769281,0.052121356,0.012030198,0.14513199,0.011239826,null,null,null,null,"TWOGAUSSIANS",8,1.725986,0.76901865,0.012769281,0.2918796,0.06736911,0.14592156,0.011231413,0.46484658,0.017683662,0.4,0.0,0.1358765,0.021177882
