Gaia/vari_eclipsing_binary/VariEclipsingBinary_682809-682942.csv
# %ECSV 1.0
# ---
# delimiter: ','
# meta: !!omap
# - RELEASE: Gaia DR3
# - TABLE: vari_eclipsing_binary
# - DESCRIPTION: >
#     This table describes the properties of the eclipsing binaries resulting from the variability analysis. 
# - CITATION: >
#     How to cite and acknowledge Gaia: 
#     https://gea.esac.esa.int/archive/documentation/credits.html 
# - KNOWN_ISSUES: >
#     Known issues: 
#     https://www.cosmos.esa.int/web/gaia-users/known-issues 
# - DOCUMENTATION: >
#     Tutorials and documentation: 
#     https://www.cosmos.esa.int/web/gaia-users/archive 
# datatype:
# - 
#   name: solution_id
#   datatype: int64
#   description: Solution Identifier
#   meta:
#     ucd: meta.version
# - 
#   name: source_id
#   datatype: int64
#   description: Unique source identifier
#   meta:
#     ucd: meta.id;meta.main
# - 
#   name: global_ranking
#   datatype: float32
#   description: Number between 0 (worst) and 1 (best)
#   meta:
#     ucd: stat.param
# - 
#   name: reference_time
#   datatype: float64
#   unit: d
#   description: Reference time used for the geometric model fit
#   meta:
#     ucd: time.epoch
# - 
#   name: frequency
#   datatype: float64
#   unit: d**-1
#   description: Frequency of geometric model of the eclipsing binary light curve
#   meta:
#     ucd: src.orbital
# - 
#   name: frequency_error
#   datatype: float32
#   unit: d**-1
#   description: "Uncertainty of \\texttt{frequency}"
#   meta:
#     ucd: stat.error
# - 
#   name: geom_model_reference_level
#   datatype: float32
#   unit: mag
#   description: Magnitude reference level of geometric model
#   meta:
#     ucd: phot.mag;em.opt
# - 
#   name: geom_model_reference_level_error
#   datatype: float32
#   unit: mag
#   description: "Uncertainty of \\texttt{geomModelReferenceLevel}"
#   meta:
#     ucd: stat.error;phot.mag;em.opt
# - 
#   name: geom_model_gaussian1_phase
#   datatype: float32
#   description: Phase of the Gaussian 1 component
#   meta:
#     ucd: time.phase
# - 
#   name: geom_model_gaussian1_phase_error
#   datatype: float32
#   description: "Uncertainty of \\texttt{geomModelGaussian1Phase}"
#   meta:
#     ucd: stat.error;time.phase
# - 
#   name: geom_model_gaussian1_sigma
#   datatype: float32
#   description: "Standard deviation [phase] of Gaussian 1 component"
#   meta:
#     ucd: stat.stdev
# - 
#   name: geom_model_gaussian1_sigma_error
#   datatype: float32
#   description: "Uncertainty of \\texttt{geomModelGaussian1Sigma}"
#   meta:
#     ucd: stat.error
# - 
#   name: geom_model_gaussian1_depth
#   datatype: float32
#   unit: mag
#   description: Magnitude depth of Gaussian 1 component
#   meta:
#     ucd: src.var.amplitude
# - 
#   name: geom_model_gaussian1_depth_error
#   datatype: float32
#   unit: mag
#   description: "Uncertainty of \\texttt{geomModelGaussian1Depth}"
#   meta:
#     ucd: stat.error;src.var.amplitude
# - 
#   name: geom_model_gaussian2_phase
#   datatype: float32
#   description: Phase of Gaussian 2 component
#   meta:
#     ucd: time.phase
# - 
#   name: geom_model_gaussian2_phase_error
#   datatype: float32
#   description: "Uncertainty of \\texttt{geomModelGaussian2Phase}"
#   meta:
#     ucd: stat.error;time.phase
# - 
#   name: geom_model_gaussian2_sigma
#   datatype: float32
[...]
#   datatype: float32
#   description: "Secondary eclipse: uncertainty of \\texttt{derivedSecondaryEclDuration}"
#   meta:
#     ucd: stat.error;time.duration
# - 
#   name: derived_secondary_ecl_depth
#   datatype: float32
#   unit: mag
#   description: "Secondary eclipse: depth"
#   meta:
#     ucd: src.var.amplitude
# - 
#   name: derived_secondary_ecl_depth_error
#   datatype: float32
#   unit: mag
#   description: "Secondary eclipse: uncertainty of \\texttt{derivedSecondaryEclDepth}"
#   meta:
#     ucd: stat.error;src.var.amplitude
solution_id,source_id,global_ranking,reference_time,frequency,frequency_error,geom_model_reference_level,geom_model_reference_level_error,geom_model_gaussian1_phase,geom_model_gaussian1_phase_error,geom_model_gaussian1_sigma,geom_model_gaussian1_sigma_error,geom_model_gaussian1_depth,geom_model_gaussian1_depth_error,geom_model_gaussian2_phase,geom_model_gaussian2_phase_error,geom_model_gaussian2_sigma,geom_model_gaussian2_sigma_error,geom_model_gaussian2_depth,geom_model_gaussian2_depth_error,geom_model_cosine_half_period_amplitude,geom_model_cosine_half_period_amplitude_error,geom_model_cosine_half_period_phase,geom_model_cosine_half_period_phase_error,model_type,num_model_parameters,reduced_chi2,derived_primary_ecl_phase,derived_primary_ecl_phase_error,derived_primary_ecl_duration,derived_primary_ecl_duration_error,derived_primary_ecl_depth,derived_primary_ecl_depth_error,derived_secondary_ecl_phase,derived_secondary_ecl_phase_error,derived_secondary_ecl_duration,derived_secondary_ecl_duration_error,derived_secondary_ecl_depth,derived_secondary_ecl_depth_error
[from data line 37]
375316653866487564,6006149822276548864,0.518267,2108.144457740143,0.29775395888244316,9.249243E-6,16.753468,0.0023414525,0.28150102,0.010186409,0.054958493,0.05445053,0.21495505,6.937493E31,0.78377503,0.0015650345,0.024911044,0.002480719,0.09874228,0.009743284,0.024833623,0.0031956837,0.28150102,0.010186409,"TWOGAUSSIANS_WITH_ELLIPSOIDAL_ON_ECLIPSE1",9,5.027877,0.28150102,0.010186409,0.30776757,0.30492297,0.26461542,6.937493E31,0.78377503,0.0015650345,0.13950185,0.013892027,0.1483925,0.008900395
375316653866487564,6006149955412002560,0.46474174,2102.647833707788,1.9519580720020895,4.2785556E-5,18.08946,0.17522788,0.3255946,0.007908585,0.20196153,0.09141641,0.24073961,0.1676517,0.8225497,0.005262162,0.14403117,0.038015,0.21080989,0.13936453,null,null,null,null,"TWOGAUSSIANS",8,2.836192,0.32590458,0.007682686,0.4,0.0,0.08597464,0.010848675,0.8225497,0.005262162,0.4,0.0,0.077506244,0.010410911
375316653866487564,6006152674135216768,0.57825696,2119.1184365834397,2.9698091553525225,1.09795765E-5,16.801933,0.0061211325,0.30070382,0.002733573,0.082609385,0.004316529,0.31979805,0.01570583,0.8064556,0.0017969854,0.07589653,0.0032367462,0.29490346,0.011186174,null,null,null,null,"TWOGAUSSIANS",8,11.379258,0.30070382,0.002733573,0.4,0.0,0.31601402,0.016302928,0.8064556,0.0017969854,0.4,0.0,0.29111943,0.011210531
375316653866487564,6006157793735880192,0.57170135,2128.33838733053,1.4135918553338702,1.2033805E-5,12.92433,0.0336124,0.25010717,0.005228679,0.0708502,0.012888273,0.27017555,0.048985634,0.76057607,0.03610663,0.0684133,0.03553556,0.079013996,0.07145823,0.075516924,0.033060934,0.25010717,0.005228679,"TWOGAUSSIANS_WITH_ELLIPSOIDAL_ON_ECLIPSE1",9,154.65465,0.25010717,0.005228679,0.39676112,0.04667269,0.42063844,0.054170843,0.76057607,0.03610663,0.38311452,0.1909171,0.22882435,0.021406606
375316653866487564,6006157995594143360,0.4633156,2094.3993015032665,1.8016336718086605,8.559658E-5,17.965157,0.0023097931,0.24197283,0.008501085,0.022083927,0.0068465276,0.10738121,0.013488544,0.6875187,0.040155184,0.07603915,0.038811,0.07835014,0.4723882,null,null,null,null,"TWOGAUSSIANS",8,2.343786,0.24197283,0.008501085,0.12366999,0.038340554,0.107381195,0.0134885395,0.6875187,0.040155184,0.4,0.14106296,0.07835013,0.4723883
375316653866487564,6006160783033213824,0.6185681,2160.317905017123,2.294162379345197,7.408077E-6,17.31099,0.0069693173,0.14225268,0.0027866275,0.07980152,0.0025186557,0.36380136,0.009743147,0.6454386,0.0018619128,0.08437027,0.003069735,0.3262574,0.007545609,null,null,null,null,"TWOGAUSSIANS",8,4.3783035,0.14225268,0.0027866275,0.4,0.0,0.35753065,0.008675215,0.6454386,0.0018619128,0.4,0.0,0.3199867,0.0065641943
375316653866487564,6006161985615710464,0.5108312,2137.9117396956003,3.697657672426858,2.5856063E-5,19.749296,0.01684991,0.24030766,0.0036592302,0.082962,0.005607711,0.5983777,0.017062234,0.74385715,0.005221718,0.06899967,0.008064477,0.4016108,0.04568959,null,null,null,null,"TWOGAUSSIANS",8,2.55335,0.24030766,0.0036592302,0.4,0.0,0.5942757,0.016169358,0.74385715,0.005221718,0.38639814,0.031286318,0.3975088,0.046902236
375316653866487564,6006167448822510592,0.45157427,2118.265842975238,4.8698820283500135,2.1901924E-5,17.818136,0.054830458,0.30527583,0.016826458,0.2162283,0.0758324,0.13368477,0.052168105,0.7006553,0.003821193,0.008967707,0.005930824,0.17181581,1642.2305,null,null,null,null,"TWOGAUSSIANS",8,7.8130045,0.7006553,0.003821193,0.05021916,0.033212613,0.18116722,1642.2305,0.30527583,0.016826458,0.4,0.0,0.11523993,0.013631492
375316653866487564,6006167654983415808,0.44181383,2090.2625022496804,3.6126517100760096,8.22624E-5,15.66748,0.010669055,0.19469722,0.019571356,0.022257093,0.01339393,0.4875571,0.29523766,0.71379435,0.028715055,0.051176254,0.023868784,0.37390772,0.08471228,null,null,null,null,"TWOGAUSSIANS",8,153.00502,0.19469722,0.019571356,0.12463973,0.07500601,0.4875571,0.29523766,0.71379435,0.028715055,0.286587,0.12677838,0.37390772,0.08471229
375316653866487564,6006169235528928128,0.49760577,2135.483034521273,0.7645748274722599,1.5283702E-5,13.888322,0.0050163055,0.44092268,2.2878661E-4,0.013026849,2.2841973E-4,0.649613,0.006986531,null,null,null,null,null,null,null,null,null,null,"ONEGAUSSIAN",5,1457.0206,0.44092268,2.2878661E-4,0.072950356,0.0012791505,0.649613,0.0,null,null,null,null,null,null
375316653866487564,6006169544766581760,0.49644557,2116.794149550828,0.6198589336892956,7.8633704E-5,18.030901,0.018613163,0.41781256,0.017278124,0.146739,0.032070216,0.098596424,0.01948736,0.89669836,0.0043293005,0.021348557,0.009210006,0.80265474,0.35484418,null,null,null,null,"TWOGAUSSIANS",8,11.501349,0.89669836,0.0043293005,0.11955192,0.051576037,0.80183405,0.35691798,0.41781256,0.017278124,0.4,0.0,0.09711585,0.016493876
375316653866487564,6006172327905475456,0.5091433,2132.559441006042,0.038139962140476304,5.1242863E-5,17.040085,0.008363323,0.37423727,0.018927798,0.13128541,0.016147941,0.23196435,0.026603727,0.68840957,0.04274115,0.090015,0.023457345,0.06701987,0.016703794,null,null,null,null,"TWOGAUSSIANS",8,16.108969,0.37467727,0.016643584,0.4,0.0,0.22986695,0.028136436,0.68840957,0.04274115,0.4,0.0,0.07800978,0.016768912
375316653866487564,6006176794671472896,0.6067165,2114.7841939325035,0.7438656086433673,1.662077E-5,15.260666,0.003288729,0.22018914,0.0064344415,0.026557686,0.00707403,0.3460839,0.3009085,0.7145131,0.0017971497,0.022603236,0.0030383451,0.08123847,0.008076723,0.03230714,0.0045777867,0.22018914,0.0064344415,"TWOGAUSSIANS_WITH_ELLIPSOIDAL_ON_ECLIPSE1",9,17.109417,0.22018914,0.0064344415,0.14872304,0.03961457,0.41069806,0.3020327,0.7146931,0.0017451309,0.12657812,0.017014733,0.14577302,0.004588916
375316653866487564,6006179848386099072,0.530766,2138.6784073953118,3.747556062578422,2.2742395E-5,18.669954,0.0135936225,0.29410493,0.004269016,0.07734573,0.0050304434,0.2622871,0.015110042,0.78442436,0.006118082,0.08356642,0.00961399,0.37030393,0.040541556,null,null,null,null,"TWOGAUSSIANS",8,2.9806345,0.78442436,0.006118082,0.4,0.0,0.3661518,0.042318154,0.29410493,0.004269016,0.4,0.0,0.258135,0.0130983945
375316653866487564,6006180432508422144,0.56801474,2114.1298738451264,2.6869257194236593,3.230685E-5,17.329618,0.02591616,0.23552538,0.008268915,0.108599976,0.014246855,0.26740363,0.02599975,0.7388677,0.0044344724,0.10089031,0.010787421,0.25788656,0.025012773,null,null,null,null,"TWOGAUSSIANS",8,9.192121,0.23552538,0.008268915,0.4,0.0,0.23811576,0.008269416,0.7388677,0.00443956,0.4,0.0,0.22860974,0.007249288
375316653866487564,6006181497654968960,0.5049694,2108.3115760363125,2.448442711173069,2.6265587E-5,17.254911,0.22682528,0.23200923,0.016161947,0.08262813,0.044858564,0.225099,0.18688887,0.7137587,0.013289657,0.090485975,0.0998928,0.32217896,0.1391082,null,null,null,null,"TWOGAUSSIANS",8,31.4782,0.7137587,0.013289657,0.4,0.0,0.31604493,0.07450718,0.23200923,0.014964563,0.4,3.4133077E-4,0.2189652,0.029010793
375316653866487564,6006181639394628096,0.641275,2102.4669632114874,3.0928647624335146,1.5089455E-5,16.995275,0.010411266,0.29555407,0.0018923314,0.04969822,0.009107386,0.31076813,0.326845,0.7936699,0.0020680411,0.048908725,0.0031014946,0.41017562,0.022130232,0.10017537,0.012422425,0.29555407,0.0018923314,"TWOGAUSSIANS_WITH_ELLIPSOIDAL_ON_ECLIPSE1",9,7.99052,0.79382986,0.0018584515,0.27388886,0.017368369,0.6104986,0.010475969,0.29555407,0.0018923314,0.27831003,0.05100136,0.51111686,0.3295582
375316653866487564,6006187373167550336,0.5425394,2152.5464657782013,3.857014040857242,1.1509364E-5,18.063158,0.03288327,0.29118282,0.004402314,0.08615376,0.010188601,0.32617152,0.034831494,0.7828802,0.0049088304,0.09486477,0.015426742,0.33636895,0.028671073,null,null,null,null,"TWOGAUSSIANS",8,6.0576468,0.7828802,0.0049088304,0.4,0.0,0.32352346,0.030658212,0.29118282,0.004402314,0.4,0.0,0.3133267,0.029746046
375316653866487564,6006190263689394560,0.5940707,2134.692445022437,3.103016103220413,6.339252E-6,17.624704,0.012580433,0.26587802,0.00266944,0.07631085,0.0056707514,0.4932312,0.01364963,0.7724888,0.0024178303,0.067922354,0.003365294,0.41582164,0.016180463,null,null,null,null,"TWOGAUSSIANS",8,12.020638,0.26587802,0.00266944,0.4,0.0,0.4913283,0.013573679,0.7724888,0.0024178303,0.38036516,0.018845648,0.41391876,0.015753664
375316653866487564,6006190362464840192,0.4546304,2161.1258606862148,0.09712952319078559,6.0065027E-5,19.4306,0.020003902,0.16454332,0.009537505,0.07331979,0.013758178,0.16285327,0.02443996,0.6257094,0.0073674778,0.050185706,0.008609892,0.19751374,0.026858542,null,null,null,null,"TWOGAUSSIANS",8,3.7294972,0.6257094,0.0073674778,0.28103995,0.048215393,0.19748832,0.026827563,0.16454332,0.009537505,0.4,0.037015162,0.16282786,0.024401307
375316653866487564,6006199059774255232,0.5546885,2128.8725101833884,3.7026081903671493,1.0146067E-5,19.653625,0.020844176,0.26620713,0.005021045,0.04134892,0.0065383143,0.4852464,0.049317885,0.7627041,0.00842631,0.042854454,0.0063564093,0.41242635,0.047583416,0.1744858,0.029191272,0.26620713,0.005021045,"TWOGAUSSIANS_WITH_ELLIPSOIDAL_ON_ECLIPSE1",9,5.596097,0.26620713,0.005021045,0.23155394,0.03661456,0.8342175,0.03455706,0.7630841,0.0074583837,0.23998494,0.03559589,0.76124686,0.02200169
375316653866487564,6006201254501970688,0.4946104,2154.9130127524145,0.6436179971643171,6.344664E-5,17.207308,0.003956242,0.33847988,0.009023909,0.10079479,0.007823519,0.09220617,0.006234776,0.82130736,0.011177434,0.058854353,0.010941144,0.06049876,0.007283359,null,null,null,null,"TWOGAUSSIANS",8,4.728049,0.33847988,0.009023909,0.4,0.0,0.091403715,0.005881238,0.82130736,0.011177434,0.3295844,0.061270405,0.059697434,0.0073370384
375316653866487564,6006201499323877504,0.503983,2130.4807813623083,2.8196269516065016,1.8214612E-5,16.139791,0.0820747,0.25978595,0.026416104,0.05284206,0.0454835,0.076203026,0.15445471,0.77937657,0.0135232825,0.060251478,0.047172915,0.0900395,0.19014485,0.07666346,0.08063247,0.77937657,0.0135232825,"TWOGAUSSIANS_WITH_ELLIPSOIDAL_ON_ECLIPSE2",9,83.56201,0.77937657,0.0135232825,0.33740827,0.21252231,0.2433495,0.085593835,0.26581597,0.01609769,0.29591554,0.18731458,0.22790806,0.038628865
375316653866487564,6006202323957618176,0.6362864,2125.7402208648564,2.4977239625167638,6.2170748E-6,14.083907,0.004766787,0.2372305,0.0014427047,0.048587497,0.004247959,0.12168005,0.01222579,0.7328001,0.003996974,0.046809275,0.007880482,0.14796796,0.011279129,0.11136697,0.00635873,0.2372305,0.0014427047,"TWOGAUSSIANS_WITH_ELLIPSOIDAL_ON_ECLIPSE1",9,66.152214,0.7337201,0.003189757,0.26213196,0.0441307,0.37056422,0.0070495955,0.2372305,0.0014427047,0.27209,0.02378857,0.3444132,0.007135222
375316653866487564,6006206374107446912,0.57050097,2116.3900989127587,3.0058945492361917,9.44991E-6,16.746435,0.011536368,0.23432381,0.0028596579,0.092224635,0.006061627,0.22904322,0.011284998,0.7227005,0.0043213307,0.09514935,0.008923398,0.19453044,0.0121229105,null,null,null,null,"TWOGAUSSIANS",8,7.6288433,0.23432381,0.0028596579,0.4,0.0,0.21891358,0.007516115,0.7227005,0.0043213307,0.4,0.0,0.18440057,0.01182325
375316653866487564,6006208401332023296,0.4493919,2132.400814578291,2.8272639412307083,6.028897E-5,18.406641,0.017156597,0.21607961,0.02009414,0.038701043,0.058620647,0.31958055,0.3177965,0.7296641,0.014389339,0.08410852,0.032847553,0.070579685,0.02423745,null,null,null,null,"TWOGAUSSIANS",8,2.875434,0.21607961,0.02009414,0.21672584,0.19533896,0.31954786,0.32400456,0.7296641,0.014389339,0.4,0.0,0.070546985,0.02325589
375316653866487564,6006210565991945856,0.5779731,2112.7472496604682,3.7203577959238223,1.9569574E-5,19.158514,0.010077843,0.31238425,0.0035470352,0.039059963,0.004617027,0.23320328,0.024759464,0.8122098,0.007216194,0.037999265,0.006874873,0.27678877,0.029888997,0.13559394,0.012624861,0.31238425,0.0035470352,"TWOGAUSSIANS_WITH_ELLIPSOIDAL_ON_ECLIPSE1",9,2.2218792,0.81222975,0.0062588016,0.21279588,0.03849929,0.547976,0.024492048,0.31238425,0.0035470352,0.2187358,0.025855351,0.50439084,0.012307887
375316653866487564,6006212524497355520,0.534272,2136.3398009944967,1.1908972100321553,2.0826109E-4,17.142546,0.0066340426,0.46613097,6.3719595E-4,0.041138165,0.0017156345,0.91917485,0.04606651,0.7073945,0.025285726,0.0778188,0.01675416,0.028914452,0.00831465,null,null,null,null,"TWOGAUSSIANS",8,17.830118,0.46615097,6.3876295E-4,0.23037373,0.0096075535,0.9194115,0.046084102,0.7073945,0.025285726,0.4,0.024402265,0.028914483,0.008314632
375316653866487564,6006221045712352128,0.45716053,2117.2762156341996,3.2432087344786233,3.3899894E-5,19.362556,0.1835554,0.22796573,0.0069360742,0.13267231,0.050249577,0.36291867,0.17136136,0.74006736,0.00859202,0.121083,0.033445794,0.35927156,0.17031363,null,null,null,null,"TWOGAUSSIANS",8,5.2053523,0.22787572,0.0069953934,0.4,0.0,0.26892644,0.014660425,0.7402974,0.008283698,0.4,0.0,0.26575693,0.03809671
375316653866487564,6006222836722208128,0.53248125,2120.4474511487088,2.5652803181853785,3.369444E-5,14.466016,0.5577641,0.21660691,0.003825759,0.13990383,0.064666316,0.21583611,0.4108418,0.7159894,0.00489117,0.15686747,0.12754309,0.23335607,0.5399695,null,null,null,null,"TWOGAUSSIANS",8,54.26485,0.7159894,0.00490579,0.4,0.0,0.12583251,0.010321178,0.21667692,0.0039275843,0.4,0.0,0.11048913,0.00593687
375316653866487564,6006223317758525056,0.65320754,2122.3181199276933,2.592553004375031,5.960064E-6,12.589946,0.011278248,0.24196765,0.0017510983,0.05234852,0.0037947171,0.48296645,0.028924737,0.7376027,0.0010419074,0.047821186,0.0028997725,0.39675462,0.024447361,0.11538918,0.016177032,0.24196765,0.0017510983,"TWOGAUSSIANS_WITH_ELLIPSOIDAL_ON_ECLIPSE1",9,286.9302,0.24196765,0.0017510983,0.2931517,0.021250416,0.71373916,0.017535677,0.73801273,9.1979833E-4,0.26779863,0.016238727,0.62737024,0.010523036
375316653866487564,6006225340679908992,0.5015381,2120.1717719185826,0.9980156233312677,6.807828E-5,16.369915,0.0029318442,0.10097536,0.01246959,0.018469801,0.03477462,0.013682021,0.015063159,0.5490803,0.034330733,0.02399674,0.023913037,0.19686344,0.105519466,null,null,null,null,"TWOGAUSSIANS",8,13.735063,0.5490803,0.034330733,0.13438174,0.13391301,0.19686344,0.105519466,0.10097536,0.01246959,0.10343089,0.19473787,0.013682021,0.015063159
375316653866487564,6006230773813143808,0.48305878,2137.9999746648414,2.9418183330815886,3.4371933E-5,19.92507,0.011809752,0.22209787,0.01569812,0.055014912,0.012172083,0.31184888,0.06775304,0.717442,0.005201028,0.05107135,0.005217855,0.45043358,0.036223363,null,null,null,null,"TWOGAUSSIANS",8,2.2367587,0.717442,0.005201028,0.28599957,0.029219989,0.45042452,0.036228362,0.22209787,0.01569812,0.3080835,0.06816366,0.31183982,0.067755856
375316653866487564,6006236576314417536,0.4958182,2101.693009570533,4.070158106483008,1.9153547E-5,18.292065,0.008788606,0.27304602,0.0047012144,0.012418075,0.0027265404,0.08762208,0.029628957,null,null,null,null,null,null,0.12982251,0.014832078,0.27304602,0.0047012144,"ONEGAUSSIAN_WITH_ELLIPSOIDAL",6,18.653944,0.27304602,0.0047012144,0.06954122,0.015268627,0.3472671,0.027721211,null,null,null,null,null,null
375316653866487564,6006239943569216512,0.5565159,2119.1765182331633,1.0506088935637203,3.7514194E-5,18.27067,0.0068291863,0.21787754,0.014789514,0.048524328,0.018759385,0.06842179,0.090346225,0.71132463,0.00289586,0.029907921,0.0024530734,0.6116562,0.05561842,0.023344073,0.008839949,0.21787754,0.014789514,"TWOGAUSSIANS_WITH_ELLIPSOIDAL_ON_ECLIPSE1",9,5.6004634,0.7113646,0.0028736857,0.16748436,0.013737211,0.65826553,0.056740154,0.21787754,0.014789514,0.27173623,0.10505255,0.1151098,0.0905207
