Gaia/vari_eclipsing_binary/VariEclipsingBinary_497739-498099.csv
# %ECSV 1.0
# ---
# delimiter: ','
# meta: !!omap
# - RELEASE: Gaia DR3
# - TABLE: vari_eclipsing_binary
# - DESCRIPTION: >
#     This table describes the properties of the eclipsing binaries resulting from the variability analysis. 
# - CITATION: >
#     How to cite and acknowledge Gaia: 
#     https://gea.esac.esa.int/archive/documentation/credits.html 
# - KNOWN_ISSUES: >
#     Known issues: 
#     https://www.cosmos.esa.int/web/gaia-users/known-issues 
# - DOCUMENTATION: >
#     Tutorials and documentation: 
#     https://www.cosmos.esa.int/web/gaia-users/archive 
# datatype:
# - 
#   name: solution_id
#   datatype: int64
#   description: Solution Identifier
#   meta:
#     ucd: meta.version
# - 
#   name: source_id
#   datatype: int64
#   description: Unique source identifier
#   meta:
#     ucd: meta.id;meta.main
# - 
#   name: global_ranking
#   datatype: float32
#   description: Number between 0 (worst) and 1 (best)
#   meta:
#     ucd: stat.param
# - 
#   name: reference_time
#   datatype: float64
#   unit: d
#   description: Reference time used for the geometric model fit
#   meta:
#     ucd: time.epoch
# - 
#   name: frequency
#   datatype: float64
#   unit: d**-1
#   description: Frequency of geometric model of the eclipsing binary light curve
#   meta:
#     ucd: src.orbital
# - 
#   name: frequency_error
#   datatype: float32
#   unit: d**-1
#   description: "Uncertainty of \\texttt{frequency}"
#   meta:
#     ucd: stat.error
# - 
#   name: geom_model_reference_level
#   datatype: float32
#   unit: mag
#   description: Magnitude reference level of geometric model
#   meta:
#     ucd: phot.mag;em.opt
# - 
#   name: geom_model_reference_level_error
#   datatype: float32
#   unit: mag
#   description: "Uncertainty of \\texttt{geomModelReferenceLevel}"
#   meta:
#     ucd: stat.error;phot.mag;em.opt
# - 
#   name: geom_model_gaussian1_phase
#   datatype: float32
#   description: Phase of the Gaussian 1 component
#   meta:
#     ucd: time.phase
# - 
#   name: geom_model_gaussian1_phase_error
#   datatype: float32
#   description: "Uncertainty of \\texttt{geomModelGaussian1Phase}"
#   meta:
#     ucd: stat.error;time.phase
# - 
#   name: geom_model_gaussian1_sigma
#   datatype: float32
#   description: "Standard deviation [phase] of Gaussian 1 component"
#   meta:
#     ucd: stat.stdev
# - 
#   name: geom_model_gaussian1_sigma_error
#   datatype: float32
#   description: "Uncertainty of \\texttt{geomModelGaussian1Sigma}"
#   meta:
#     ucd: stat.error
# - 
#   name: geom_model_gaussian1_depth
#   datatype: float32
#   unit: mag
#   description: Magnitude depth of Gaussian 1 component
#   meta:
#     ucd: src.var.amplitude
# - 
#   name: geom_model_gaussian1_depth_error
#   datatype: float32
#   unit: mag
#   description: "Uncertainty of \\texttt{geomModelGaussian1Depth}"
#   meta:
#     ucd: stat.error;src.var.amplitude
# - 
#   name: geom_model_gaussian2_phase
#   datatype: float32
#   description: Phase of Gaussian 2 component
#   meta:
#     ucd: time.phase
# - 
#   name: geom_model_gaussian2_phase_error
#   datatype: float32
#   description: "Uncertainty of \\texttt{geomModelGaussian2Phase}"
#   meta:
#     ucd: stat.error;time.phase
# - 
#   name: geom_model_gaussian2_sigma
#   datatype: float32
[...]
#   datatype: float32
#   description: "Secondary eclipse: uncertainty of \\texttt{derivedSecondaryEclDuration}"
#   meta:
#     ucd: stat.error;time.duration
# - 
#   name: derived_secondary_ecl_depth
#   datatype: float32
#   unit: mag
#   description: "Secondary eclipse: depth"
#   meta:
#     ucd: src.var.amplitude
# - 
#   name: derived_secondary_ecl_depth_error
#   datatype: float32
#   unit: mag
#   description: "Secondary eclipse: uncertainty of \\texttt{derivedSecondaryEclDepth}"
#   meta:
#     ucd: stat.error;src.var.amplitude
solution_id,source_id,global_ranking,reference_time,frequency,frequency_error,geom_model_reference_level,geom_model_reference_level_error,geom_model_gaussian1_phase,geom_model_gaussian1_phase_error,geom_model_gaussian1_sigma,geom_model_gaussian1_sigma_error,geom_model_gaussian1_depth,geom_model_gaussian1_depth_error,geom_model_gaussian2_phase,geom_model_gaussian2_phase_error,geom_model_gaussian2_sigma,geom_model_gaussian2_sigma_error,geom_model_gaussian2_depth,geom_model_gaussian2_depth_error,geom_model_cosine_half_period_amplitude,geom_model_cosine_half_period_amplitude_error,geom_model_cosine_half_period_phase,geom_model_cosine_half_period_phase_error,model_type,num_model_parameters,reduced_chi2,derived_primary_ecl_phase,derived_primary_ecl_phase_error,derived_primary_ecl_duration,derived_primary_ecl_duration_error,derived_primary_ecl_depth,derived_primary_ecl_depth_error,derived_secondary_ecl_phase,derived_secondary_ecl_phase_error,derived_secondary_ecl_duration,derived_secondary_ecl_duration_error,derived_secondary_ecl_depth,derived_secondary_ecl_depth_error
[from data line 324]
375316653866487564,4380859636832673536,0.45960268,2288.6052643521207,0.0185481915637528,7.2149537E-6,17.986095,0.9718483,0.22826593,0.0044117463,0.24508798,0.09918919,1.3750705,0.9678228,0.73991376,0.008184502,0.13903776,0.015976714,1.0845437,0.50841445,null,null,null,null,"TWOGAUSSIANS",8,8.140678,0.74544376,0.010359351,0.4,0.0,0.42478135,0.112420835,0.22707592,0.0038304804,0.4,0.0,0.37445635,0.042529747
375316653866487564,4380878083713945344,0.544479,2177.399580385473,4.732757987884188,9.820788E-6,18.729467,0.003962436,0.39674973,0.040709592,0.022113008,0.024289392,0.09608768,532.5741,0.7689538,7.735302E-4,0.008481946,0.0012685574,0.71521175,0.11898857,null,null,null,null,"TWOGAUSSIANS",8,4.9185786,0.7689538,7.735302E-4,0.047498897,0.0071039214,0.71521175,0.11898857,0.39674973,0.040709592,0.123832844,0.13602059,0.09608768,532.5741
375316653866487564,4380883237674728448,0.4370472,2186.9650929800055,0.04257052912478566,5.683229E-5,19.147396,0.006358728,0.12586713,0.007798822,0.037861194,0.015380742,0.062297985,0.08703009,0.5914462,0.0150931105,0.11339788,0.028771015,0.18413727,0.16531898,null,null,null,null,"TWOGAUSSIANS",8,2.8274372,0.5914462,0.0150931105,0.4,0.0,0.18365736,0.16577125,0.12589712,0.007803934,0.21202269,0.086132154,0.06186111,0.08735222
375316653866487564,4380883516848846592,0.5147101,2174.832691311221,2.921919364136247,1.6448694E-5,16.783577,0.044494852,0.15785713,0.0048034103,0.10105552,0.014286339,0.25935158,0.042954266,0.64230925,0.0045401524,0.11491024,0.021275867,0.2665447,0.03629286,null,null,null,null,"TWOGAUSSIANS",8,27.776186,0.64230925,0.0045401524,0.4,0.0,0.23615351,0.013286832,0.15789713,0.0047586663,0.4,0.0,0.22900537,0.016091265
375316653866487564,4380889834744537600,0.5649692,2169.218268162584,3.0006905237186747,1.1800003E-5,19.269861,0.013702036,0.25201866,0.044038747,0.06162976,0.022674767,0.45196784,0.14504783,0.739756,0.0024159504,0.07124808,0.0033630573,0.8499934,0.0373722,null,null,null,null,"TWOGAUSSIANS",8,5.3229513,0.739756,0.0024159504,0.39898923,0.011369771,0.84924537,0.037460368,0.25201866,0.044038747,0.34512666,0.1269787,0.45121986,0.14422219
375316653866487564,4380893996569064448,0.5491994,2184.365281910659,2.5764869575811065,1.2912339E-5,13.069668,0.0016441061,0.7661599,0.002010938,0.018479174,0.012364952,0.019498061,5.843621,null,null,null,null,null,null,0.07392908,0.0031093282,0.7661599,0.002010938,"ONEGAUSSIAN_WITH_ELLIPSOIDAL",6,98.036446,0.7661599,0.002010938,0.10348337,0.06924373,0.1673561,5.8435636,null,null,null,null,null,null
375316653866487564,4380900318760987520,0.49180332,2193.9908736213383,0.8415364895136096,2.8318176E-5,16.349018,0.0041558756,0.35796103,0.0041195713,0.016635165,0.0076575377,2.018295,10.246207,0.67789507,0.01471485,0.012528735,0.0068587735,0.053954124,0.030746832,0.00540719,0.006781551,0.35796103,0.0041195713,"TWOGAUSSIANS_WITH_ELLIPSOIDAL_ON_ECLIPSE1",9,73.23673,0.35796103,0.0041195713,0.09315693,0.04288221,2.0291095,10.248226,0.6780451,0.014820493,0.07016092,0.038409133,0.055915166,0.031799465
375316653866487564,4380941928404541824,0.64242554,2208.9492457128135,0.4988256974548677,8.427117E-6,15.044985,0.0010805773,0.26642904,3.394559E-4,0.025369778,2.453612E-4,0.41818956,0.006754232,0.7689335,0.0024667257,0.028857218,0.0051437365,0.09564845,0.009391497,0.021593856,0.0019145041,0.26642904,3.394559E-4,"TWOGAUSSIANS_WITH_ELLIPSOIDAL_ON_ECLIPSE1",9,15.184121,0.26642904,3.394559E-4,0.14207076,0.0013740228,0.46137723,0.006919489,0.7689335,0.0024667257,0.16160043,0.028804924,0.13882546,0.009631796
375316653866487564,4380964429735844096,0.47801343,2174.900294270199,4.016067020395589,1.1316854E-5,19.140814,0.033563558,0.19225495,0.0033704848,0.09320752,0.012946861,0.24719548,0.028187454,0.71660435,0.010940835,0.08192124,0.028838003,0.23149008,0.031858858,null,null,null,null,"TWOGAUSSIANS",8,2.5579953,0.19225495,0.0033695863,0.4,0.0,0.24178553,0.015565119,0.71660435,0.010948103,0.4,0.0,0.2260807,0.035521206
375316653866487564,4380969240099028608,0.49928036,2182.614624139224,3.5174730933211285,3.6705038E-5,18.499231,0.016388096,0.27480522,0.003963447,0.091823116,0.010398492,0.18321286,0.01443651,0.78067124,0.0047197896,0.091688685,0.0093010655,0.18237709,0.01721351,null,null,null,null,"TWOGAUSSIANS",8,3.483871,0.27480522,0.003963447,0.4,0.0,0.17502876,0.010222688,0.78067124,0.0047197896,0.4,0.0,0.174193,0.0130213
375316653866487564,4380970545769147008,0.48587903,2179.243915115685,4.2152250528643105,6.758816E-5,19.614922,0.018603085,0.2789469,0.009014392,0.0809731,0.010621707,0.27746484,0.022992626,0.7602309,0.006990207,0.08103894,0.009797014,0.2817743,0.025582395,null,null,null,null,"TWOGAUSSIANS",8,3.2786329,0.7602309,0.006990207,0.4,0.0,0.2784506,0.02443222,0.2789469,0.009014392,0.4,0.0,0.27414116,0.02168351
375316653866487564,4380992677737964032,0.4715261,2184.7008656165617,1.3972744909344794,3.450117E-5,13.885562,0.0046275053,0.28268734,0.0050695087,0.04376654,0.00584362,0.13156614,0.021078765,0.7902587,0.007224595,0.023847997,0.0080758445,0.06832701,0.014625783,0.011478854,0.0071731634,0.7902587,0.007224595,"TWOGAUSSIANS_WITH_ELLIPSOIDAL_ON_ECLIPSE2",9,288.90906,0.28287733,0.004925058,0.24509263,0.03272427,0.15447319,0.022013491,0.7902587,0.007224595,0.13354878,0.04522473,0.09128465,0.011770209
375316653866487564,4381005837517676928,0.43881968,2203.7628654990417,0.0598505275482554,3.774715E-5,16.505491,0.001850789,0.31751052,0.0134585025,0.07455689,0.021334065,0.017371418,0.0034645207,0.67585105,0.0068412833,0.07648791,0.008004312,0.030785397,0.002968594,null,null,null,null,"TWOGAUSSIANS",8,2.7876277,0.67585105,0.0068412833,0.4,0.0,0.03077998,0.0029647306,0.3175205,0.01347008,0.4,0.045497105,0.017366363,0.0034686064
375316653866487564,4381008513281405952,0.49252382,2193.090371944938,3.7629655409187177,2.1476513E-5,17.88298,0.010404123,0.24854371,0.0059303455,0.09613511,0.009124572,0.20470224,0.012755664,0.76357347,0.005828014,0.08582909,0.0100866305,0.17821845,0.012460183,null,null,null,null,"TWOGAUSSIANS",8,9.092266,0.24854371,0.0059303455,0.4,0.0,0.1977278,0.012226961,0.76357347,0.005828014,0.4,0.0,0.17124471,0.010924205
375316653866487564,4381012464651375616,0.5844015,2206.9355859091534,3.163596179699623,6.280947E-6,18.384706,0.0066619623,0.30967566,0.0021339261,0.07227996,0.002134379,0.4256195,0.010974247,0.7999243,0.001253311,0.07234156,0.0027016343,0.47891048,0.021247093,null,null,null,null,"TWOGAUSSIANS",8,3.7055612,0.7999243,0.001253311,0.4,0.0,0.47709975,0.021541933,0.30967566,0.0021339261,0.4,5.857858E-4,0.42380878,0.010794381
375316653866487564,4381056513834767872,0.4963396,2242.644750018789,1.4138739052370235,4.4204853E-6,18.528494,0.0037419854,0.34103516,0.006552882,0.026581889,0.0045938394,0.28097737,0.06741418,0.83626413,6.257135E-4,0.020410292,8.03834E-4,0.29925144,0.023225851,null,null,null,null,"TWOGAUSSIANS",8,3.8963795,0.83626413,6.257135E-4,0.11429763,0.0045014704,0.29925144,0.023225851,0.34103516,0.006552882,0.14885858,0.025725499,0.28097737,0.06741418
375316653866487564,4381063458799331072,0.46393204,2291.990216254446,1.4142681445345444,2.5355903E-5,16.882523,0.008338357,0.10521447,0.003128895,0.031399116,0.0045247907,0.22680977,0.009056841,0.59297824,0.031651206,0.15093626,0.043121994,0.047298867,0.00958296,null,null,null,null,"TWOGAUSSIANS",8,46.82061,0.10522447,0.0031424402,0.17583504,0.025338829,0.22544543,0.008662675,0.59297824,0.031651206,0.4,0.0,0.045529936,0.008491453
375316653866487564,4381066001419753472,0.60197693,2243.691662850231,1.9723428765807998,5.703652E-6,17.736073,0.0057991976,0.22575034,0.0029976636,0.043222055,0.024810543,0.007735068,0.014178239,0.72328436,0.0035194485,0.05594005,0.0034341903,0.15745318,0.012731893,0.06294596,0.006515552,0.22575034,0.0029976636,"TWOGAUSSIANS_WITH_ELLIPSOIDAL_ON_ECLIPSE1",9,1.3990047,0.7236943,0.002677699,0.31326428,0.019231467,0.28331378,0.006093795,0.22575034,0.0029976636,0.24204351,0.13893904,0.1336209,0.0043684235
375316653866487564,4381077060959044480,0.62333244,2219.545024879061,3.6313144968847615,8.001131E-6,18.628395,0.015226198,0.28876585,0.0021319583,0.043611184,0.005364877,0.2669561,0.039927013,0.78865606,0.0071802265,0.052586697,0.008509428,0.2574384,0.0369214,0.16837704,0.021031456,0.28876585,0.0021319583,"TWOGAUSSIANS_WITH_ELLIPSOIDAL_ON_ECLIPSE1",9,2.655573,0.28876585,0.0021319583,0.24422263,0.030043313,0.6037063,0.01852613,0.788676,0.0063734106,0.2944855,0.0476528,0.5941885,0.020736586
375316653866487564,4381082524157691520,0.45467174,2290.0961126168095,0.036886510677402534,4.2091364E-5,18.491556,0.008576905,0.21657465,0.0014522346,0.00814207,0.0014329846,0.044694167,0.009168906,0.6283091,0.025993308,0.15031436,0.02641288,0.2381696,0.0218875,null,null,null,null,"TWOGAUSSIANS",8,5.7581015,0.6283091,0.025993308,0.4,0.0,0.23628485,0.025139848,0.21672466,0.0014345917,0.04559559,0.008024713,0.048522063,0.007337579
375316653866487564,4381083627965572224,0.5957408,2219.302633865373,4.408868466796445,5.7391203E-6,17.189457,0.0040092636,0.29510555,0.0015035489,0.07413149,0.0016737338,0.3948885,0.007932577,0.7882332,0.0022573033,0.0803613,0.0023697761,0.33597133,0.0056704273,null,null,null,null,"TWOGAUSSIANS",8,5.176669,0.29510555,0.0015035489,0.4,0.0,0.39155462,0.007873528,0.7882332,0.0022573033,0.4,0.0,0.3326375,0.005455303
375316653866487564,4381126165321436800,0.6413008,2185.595127418888,1.5425911663441678,1.0119886E-5,17.73399,0.0036153982,0.31381086,0.0010773379,0.034359157,8.796201E-4,0.8345688,0.029679853,0.81539345,0.0038473238,0.03410062,0.0035682293,0.105241925,0.012056503,0.028876452,0.0054881154,0.31381086,0.0010773379,"TWOGAUSSIANS_WITH_ELLIPSOIDAL_ON_ECLIPSE1",9,3.8152297,0.31381086,0.0010773379,0.19241129,0.0049258727,0.8923216,0.028080022,0.81539345,0.003830263,0.19096346,0.019982083,0.16298898,0.008421723
375316653866487564,4381129807453973376,0.64429045,2224.875734424783,3.1086075383739202,5.6898407E-6,15.834258,0.0066927625,0.2324339,0.0011098601,0.055572756,0.0031169197,0.3704132,0.014695296,0.72995996,0.0015531383,0.04554238,0.0024483658,0.22579207,0.017435582,0.10742648,0.008866882,0.2324339,0.0011098601,"TWOGAUSSIANS_WITH_ELLIPSOIDAL_ON_ECLIPSE1",9,28.811415,0.2324339,0.0011098601,0.3112074,0.01745475,0.5852512,0.00873245,0.73028994,0.001303712,0.25503734,0.013710849,0.44058514,0.00914799
375316653866487564,4381132483217395072,0.6003448,2235.0513446484583,0.6797588327297913,3.6667413E-6,19.128506,0.004017019,0.17967835,0.011254867,0.023112826,0.0060899723,0.2193691,0.064926475,0.6793589,9.1251865E-4,0.026151622,4.2621212E-4,1.3738724,0.041797,0.03587091,0.0069678472,0.17967835,0.011254867,"TWOGAUSSIANS_WITH_ELLIPSOIDAL_ON_ECLIPSE1",9,2.8840294,0.6793589,9.0911635E-4,0.14644907,0.002386788,1.4456137,0.042164575,0.17967835,0.011254867,0.12943183,0.034103844,0.29111072,0.06490561
375316653866487564,4381139565619673728,0.45853588,2210.551657801158,0.27155420874975755,1.6626221E-6,16.5258,0.0021503987,0.39275104,0.012887814,0.022328984,0.0139220515,0.024148343,0.018431637,0.90219885,2.7722433E-7,9.6746703E-4,6.650374E-6,0.23236942,0.002124575,null,null,null,null,"TWOGAUSSIANS",8,16.93712,0.90219885,2.7722433E-7,0.0054178154,3.7242095E-5,0.23236942,0.002124575,0.39275104,0.012887814,0.12504232,0.077963494,0.024148343,0.018431637
375316653866487564,4381157020366797056,0.61695784,2200.704995231959,1.768572143079305,5.864087E-6,15.252318,0.0050488366,0.2920765,0.0019050058,0.09160053,0.0027426484,0.28554767,0.007118088,0.79565936,0.0018378472,0.08923772,0.0030128746,0.22160515,0.0055069346,null,null,null,null,"TWOGAUSSIANS",8,24.521484,0.2920765,0.0019050058,0.4,0.0,0.2751238,0.006727738,0.79565936,0.0018378472,0.4,0.0,0.21118139,0.0045112586
375316653866487564,4381161762010595328,0.6607022,2192.591229752741,4.028226575620857,8.555769E-6,17.226063,0.0063772406,0.2814627,0.0010331781,0.048823763,0.003159787,0.3036437,0.01400579,0.7806928,0.04951238,0.045967974,0.023491705,0.37132344,0.2151584,0.11650475,0.00840065,0.2814627,0.0010331781,"TWOGAUSSIANS_WITH_ELLIPSOIDAL_ON_ECLIPSE1",9,4.189979,0.7807628,0.04715354,0.25742066,0.13155355,0.6043272,0.23072849,0.2814627,0.0010331781,0.2734131,0.017694807,0.5366524,0.008440366
375316653866487564,4381166877314365056,0.56214714,2179.4487548397155,4.112526989104704,2.0104328E-5,15.986209,0.005571643,0.29277486,0.0072728405,0.079299234,0.0056460444,0.26724023,0.0090491865,0.77824163,0.0027346227,0.090545826,0.0041623516,0.28616846,0.007516753,null,null,null,null,"TWOGAUSSIANS",8,38.003746,0.77824163,0.0027346227,0.4,0.0,0.28054503,0.007331573,0.29277486,0.0072728405,0.4,0.0,0.26161698,0.008801587
375316653866487564,4381177322674361728,0.48494813,2159.2421708091806,0.5647106610060747,1.5796702E-5,19.152506,0.007231555,0.17023192,0.015611835,0.027213797,0.024295917,0.19719939,null,0.64001167,0.002496437,0.011379296,0.0067976024,0.45782295,0.26475936,null,null,null,null,"TWOGAUSSIANS",8,3.3893147,0.64001167,0.002496437,0.063724056,0.038066573,0.45782295,0.26475936,0.17023192,0.015611835,0.15239726,0.13605714,0.19719939,null
375316653866487564,4381205532021071872,0.6522722,2171.386498886716,0.3125530901676309,5.0973927E-6,17.931288,0.003013931,0.3233837,0.0051808422,0.0076697636,0.004923964,0.5629598,0.087376475,0.7081433,0.057168648,0.15571047,0.057995636,0.011150281,0.00402632,null,null,null,null,"TWOGAUSSIANS",8,1.3851198,0.3233837,0.0051808422,0.042950675,0.027574198,0.56336224,0.08737699,0.7081433,0.057168648,0.4,0.0,0.011021666,0.0038742619
375316653866487564,4381205879914993024,0.5104867,2179.138770410586,3.127332399437038,2.7163713E-5,15.036917,0.068131514,0.24047051,0.0035708547,0.15647846,0.017090933,0.40464443,0.103611834,0.7369986,0.0051790215,0.27265847,0.0402781,0.5804941,0.066963844,null,null,null,null,"TWOGAUSSIANS",8,29.028225,0.24294052,0.0032656444,0.4,0.0,0.11734719,0.0037368753,0.7369986,0.0051790215,0.4,0.0,0.08336446,0.004196002
375316653866487564,4381214499912787072,0.48945835,2182.5074060342736,3.650280550191899,2.6946462E-5,18.742851,0.004846712,null,null,null,null,null,null,null,null,null,null,null,null,0.11927531,0.007633608,0.229055,0.004529418,"ELLIPSOIDAL",4,5.7469687,null,null,null,null,null,null,null,null,null,null,null,null
375316653866487564,4381228621764036864,0.50619876,2196.6318061026986,1.49835490361365,2.7565808E-5,19.229204,0.0052362606,0.31436193,0.0024247975,0.018977618,0.0019644152,0.30045158,0.028980661,0.84241945,0.022122407,0.029067194,0.018094828,0.30217254,2.1156628,null,null,null,null,"TWOGAUSSIANS",8,1.9380287,0.84241945,0.022122407,0.16277629,0.10133104,0.30217254,2.1156628,0.31436193,0.0024247975,0.10627466,0.0110007245,0.30045158,0.028980661
375316653866487564,4381242576115446144,0.5851123,2164.0564335411555,2.552382899690269,6.1607975E-6,14.425837,0.015532462,0.28685704,0.0027844713,0.048743725,0.0058210753,0.31790763,0.046847466,0.79297763,0.007030687,0.061097596,0.0065761907,0.27915618,0.039943486,0.09749226,0.016611045,0.28685704,0.0027844713,"TWOGAUSSIANS_WITH_ELLIPSOIDAL_ON_ECLIPSE1",9,117.0481,0.28685704,0.0027844713,0.27296486,0.03259802,0.512849,0.037872173,0.79297763,0.007030687,0.34214652,0.03682667,0.47380933,0.024718953
375316653866487564,4381244775138695552,0.59432405,2171.389713756702,3.188948747870311,6.1926717E-6,17.794794,0.0069180876,0.23569188,0.0021741148,0.09161496,0.003784126,0.30312777,0.0069248625,0.7422263,0.002109028,0.08741329,0.0033199785,0.31551084,0.006589099,null,null,null,null,"TWOGAUSSIANS",8,2.4163284,0.7422263,0.002109028,0.4,0.0,0.30422208,0.00504537,0.23569188,0.0021741148,0.4,0.0,0.29183882,0.00572959
