Gaia/vari_eclipsing_binary/VariEclipsingBinary_380229-380497.csv
# %ECSV 1.0
# ---
# delimiter: ','
# meta: !!omap
# - RELEASE: Gaia DR3
# - TABLE: vari_eclipsing_binary
# - DESCRIPTION: >
#     This table describes the properties of the eclipsing binaries resulting from the variability analysis. 
# - CITATION: >
#     How to cite and acknowledge Gaia: 
#     https://gea.esac.esa.int/archive/documentation/credits.html 
# - KNOWN_ISSUES: >
#     Known issues: 
#     https://www.cosmos.esa.int/web/gaia-users/known-issues 
# - DOCUMENTATION: >
#     Tutorials and documentation: 
#     https://www.cosmos.esa.int/web/gaia-users/archive 
# datatype:
# - 
#   name: solution_id
#   datatype: int64
#   description: Solution Identifier
#   meta:
#     ucd: meta.version
# - 
#   name: source_id
#   datatype: int64
#   description: Unique source identifier
#   meta:
#     ucd: meta.id;meta.main
# - 
#   name: global_ranking
#   datatype: float32
#   description: Number between 0 (worst) and 1 (best)
#   meta:
#     ucd: stat.param
# - 
#   name: reference_time
#   datatype: float64
#   unit: d
#   description: Reference time used for the geometric model fit
#   meta:
#     ucd: time.epoch
# - 
#   name: frequency
#   datatype: float64
#   unit: d**-1
#   description: Frequency of geometric model of the eclipsing binary light curve
#   meta:
#     ucd: src.orbital
# - 
#   name: frequency_error
#   datatype: float32
#   unit: d**-1
#   description: "Uncertainty of \\texttt{frequency}"
#   meta:
#     ucd: stat.error
# - 
#   name: geom_model_reference_level
#   datatype: float32
#   unit: mag
#   description: Magnitude reference level of geometric model
#   meta:
#     ucd: phot.mag;em.opt
# - 
#   name: geom_model_reference_level_error
#   datatype: float32
#   unit: mag
#   description: "Uncertainty of \\texttt{geomModelReferenceLevel}"
#   meta:
#     ucd: stat.error;phot.mag;em.opt
# - 
#   name: geom_model_gaussian1_phase
#   datatype: float32
#   description: Phase of the Gaussian 1 component
#   meta:
#     ucd: time.phase
# - 
#   name: geom_model_gaussian1_phase_error
#   datatype: float32
#   description: "Uncertainty of \\texttt{geomModelGaussian1Phase}"
#   meta:
#     ucd: stat.error;time.phase
# - 
#   name: geom_model_gaussian1_sigma
#   datatype: float32
#   description: "Standard deviation [phase] of Gaussian 1 component"
#   meta:
#     ucd: stat.stdev
# - 
#   name: geom_model_gaussian1_sigma_error
#   datatype: float32
#   description: "Uncertainty of \\texttt{geomModelGaussian1Sigma}"
#   meta:
#     ucd: stat.error
# - 
#   name: geom_model_gaussian1_depth
#   datatype: float32
#   unit: mag
#   description: Magnitude depth of Gaussian 1 component
#   meta:
#     ucd: src.var.amplitude
# - 
#   name: geom_model_gaussian1_depth_error
#   datatype: float32
#   unit: mag
#   description: "Uncertainty of \\texttt{geomModelGaussian1Depth}"
#   meta:
#     ucd: stat.error;src.var.amplitude
# - 
#   name: geom_model_gaussian2_phase
#   datatype: float32
#   description: Phase of Gaussian 2 component
#   meta:
#     ucd: time.phase
# - 
#   name: geom_model_gaussian2_phase_error
#   datatype: float32
#   description: "Uncertainty of \\texttt{geomModelGaussian2Phase}"
#   meta:
#     ucd: stat.error;time.phase
# - 
#   name: geom_model_gaussian2_sigma
#   datatype: float32
[...]
#   datatype: float32
#   description: "Secondary eclipse: uncertainty of \\texttt{derivedSecondaryEclDuration}"
#   meta:
#     ucd: stat.error;time.duration
# - 
#   name: derived_secondary_ecl_depth
#   datatype: float32
#   unit: mag
#   description: "Secondary eclipse: depth"
#   meta:
#     ucd: src.var.amplitude
# - 
#   name: derived_secondary_ecl_depth_error
#   datatype: float32
#   unit: mag
#   description: "Secondary eclipse: uncertainty of \\texttt{derivedSecondaryEclDepth}"
#   meta:
#     ucd: stat.error;src.var.amplitude
solution_id,source_id,global_ranking,reference_time,frequency,frequency_error,geom_model_reference_level,geom_model_reference_level_error,geom_model_gaussian1_phase,geom_model_gaussian1_phase_error,geom_model_gaussian1_sigma,geom_model_gaussian1_sigma_error,geom_model_gaussian1_depth,geom_model_gaussian1_depth_error,geom_model_gaussian2_phase,geom_model_gaussian2_phase_error,geom_model_gaussian2_sigma,geom_model_gaussian2_sigma_error,geom_model_gaussian2_depth,geom_model_gaussian2_depth_error,geom_model_cosine_half_period_amplitude,geom_model_cosine_half_period_amplitude_error,geom_model_cosine_half_period_phase,geom_model_cosine_half_period_phase_error,model_type,num_model_parameters,reduced_chi2,derived_primary_ecl_phase,derived_primary_ecl_phase_error,derived_primary_ecl_duration,derived_primary_ecl_duration_error,derived_primary_ecl_depth,derived_primary_ecl_depth_error,derived_secondary_ecl_phase,derived_secondary_ecl_phase_error,derived_secondary_ecl_duration,derived_secondary_ecl_duration_error,derived_secondary_ecl_depth,derived_secondary_ecl_depth_error
[from data line 482]
375316653866487564,3345893945812039552,0.5902105,2210.8000929484024,1.0277368188823117,1.7198729E-5,18.25424,0.0021892304,0.6175431,0.050825,0.031540826,0.023677286,0.4215421,47.911762,0.84336114,0.0029569422,0.017986214,0.0038359086,0.069355376,0.043656252,null,null,null,null,"TWOGAUSSIANS",8,1.0999391,0.6175431,0.050825,0.17662862,0.1325928,0.4215421,47.911762,0.84336114,0.0029569422,0.1007228,0.02148109,0.069355376,0.043656252
375316653866487564,3345898687453008640,0.5403505,2250.141256366938,3.5346078723488037,1.7091756E-5,19.663338,0.021602638,0.21788777,0.010400821,0.091746114,0.012956785,0.43608057,0.027196048,0.71474004,0.006842551,0.07597882,0.0068056206,0.48314744,0.036701217,null,null,null,null,"TWOGAUSSIANS",8,1.3389468,0.71474004,0.006842551,0.4,0.0,0.47305125,0.030804409,0.21788777,0.010400821,0.4,0.0,0.42598408,0.021812828
375316653866487564,3345899679589228160,0.51893944,2193.204863576534,0.30349459057420464,3.589397E-5,17.945417,0.018583901,0.33792028,0.1417021,0.11410799,0.1055609,0.024214692,0.08826111,0.84723943,0.01221829,0.038008936,0.006243805,1.1614677,0.4501539,null,null,null,null,"TWOGAUSSIANS",8,10.277437,0.84723943,0.012224489,0.21285005,0.034965307,1.1611285,0.44871137,0.33792028,0.1417021,0.4,0.15386899,0.023872135,0.08786863
375316653866487564,3345901191417801984,0.5316304,2300.839343960746,1.4713605430697045,6.607411E-5,19.604292,0.013623425,0.41185898,0.007939978,0.07600015,0.0076726726,0.39179048,0.0065036714,0.83744824,0.027360046,0.10069941,0.03731867,0.056933466,0.0186909,null,null,null,null,"TWOGAUSSIANS",8,0.84326005,0.41185898,0.007905671,0.4,0.0,0.3905636,0.0052483175,0.83744824,0.027360046,0.4,0.0,0.055699117,0.017490337
375316653866487564,3345905731202183808,0.66942775,2286.3600136399973,2.7765824158683063,6.6524144E-6,15.483623,0.009564168,0.2317218,0.0019152461,0.051204592,0.013570555,0.25823,0.11198385,0.7252045,0.0018413755,0.054165512,0.0047022905,0.2600969,0.01786412,0.1176369,0.012120309,0.2317218,0.0019152461,"TWOGAUSSIANS_WITH_ELLIPSOIDAL_ON_ECLIPSE1",9,15.243439,0.7263345,0.0014384938,0.30332687,0.026332825,0.49503884,0.009114989,0.2317218,0.0019152461,0.28674573,0.0759951,0.49349797,0.12393323
375316653866487564,3345910090590295424,0.59838223,2278.4776112795516,0.640676323072093,1.6213273E-5,16.732864,0.0046540094,0.12419664,0.004509703,0.04419216,0.024305148,0.028558513,0.016929563,0.7233749,0.022427687,0.048533782,0.009760379,0.42130676,0.10974848,null,null,null,null,"TWOGAUSSIANS",8,6.8406262,0.7233749,0.022427687,0.27178916,0.05465812,0.42130676,0.109748475,0.12419664,0.004509703,0.2474761,0.13610883,0.028558513,0.016929632
375316653866487564,3345911606714599680,0.525031,2200.4815268653365,0.6058659792004558,1.2160707E-5,19.824997,0.023556964,0.3784829,0.011643025,0.15002644,0.029224213,0.15214582,0.02186052,0.80518216,0.0028817363,0.049930714,0.0046232827,1.4835607,0.51824516,null,null,null,null,"TWOGAUSSIANS",8,0.720958,0.80518216,0.0028817363,0.279612,0.025890384,1.4794322,0.520301,0.3784829,0.011643025,0.4,0.0,0.14524971,0.015929407
375316653866487564,3345914145039251072,0.57999754,2190.8152555555016,3.1216473122409405,1.3535634E-5,18.595936,0.012865394,0.2828098,0.0031067918,0.08348267,0.0074083735,0.26726943,0.014038405,0.7821592,0.0028411548,0.082519166,0.0062743137,0.30359903,0.02120729,null,null,null,null,"TWOGAUSSIANS",8,1.4266396,0.7821592,0.0028411548,0.4,0.0,0.29757035,0.0217675,0.2828098,0.0031067918,0.4,0.0,0.26124075,0.013085893
375316653866487564,3345923426467440896,0.64851266,2261.740605140279,0.7007226613108019,5.2697378E-5,13.950785,0.001767052,0.20525715,7.941951E-4,0.03351167,9.191609E-4,0.28700045,0.003700537,0.6994963,0.010257931,0.03938232,0.005317927,0.2786328,0.053892527,null,null,null,null,"TWOGAUSSIANS",8,44.36676,0.20525715,7.941951E-4,0.18766536,0.005147301,0.28700045,0.0037005367,0.6994963,0.010257931,0.22054099,0.029780392,0.2786328,0.053892527
375316653866487564,3345925758631672704,0.5573051,2262.0486025502455,2.099788980479164,3.7666883E-5,17.05793,0.0013083516,0.5235726,0.0015968108,0.033965584,0.0043296027,0.421324,0.21066092,0.86906326,0.0023750728,0.013967818,0.003367446,0.011111398,0.0011222358,null,null,null,null,"TWOGAUSSIANS",8,3.034962,0.5235726,0.0015968108,0.19020727,0.024245776,0.421324,0.21066092,0.86906326,0.0023750728,0.07821978,0.018857697,0.011111398,0.0011222358
375316653866487564,3345926072164226432,0.50285935,2202.7829148410565,0.20241805296700446,4.3156295E-5,19.662867,0.013598652,0.31265858,0.011237935,0.07271895,0.027842684,0.8850395,2.9134376,0.7753346,0.01995244,0.05800412,0.021244086,0.38350618,0.07192159,null,null,null,null,"TWOGAUSSIANS",8,2.8721666,0.31265858,0.011237935,0.4,0.09952472,0.88478,2.9139583,0.7753346,0.01995244,0.32482305,0.118966885,0.3832467,0.072015494
375316653866487564,3345927304820007680,0.50943035,2232.4080962800895,0.2024016823433244,4.1962096E-5,19.277119,0.02463177,0.29901066,0.017935012,0.075568624,0.07912008,0.25444442,0.18803133,0.7877781,0.01833052,0.0636585,0.022292519,0.15677051,0.02450054,null,null,null,null,"TWOGAUSSIANS",8,0.6905042,0.29901066,0.017935012,0.4,0.0,0.25396502,0.20446205,0.7877781,0.018335186,0.3564876,0.1108063,0.15629113,0.015865887
375316653866487564,3345932768017903616,0.46757194,2287.9997619282567,0.3956029617320576,3.5318124E-5,19.533857,0.013278368,0.9281688,0.010064939,0.024644492,0.011505267,0.042107284,0.015449823,0.7536303,0.08331602,0.053796433,0.02425609,0.74712795,1.5870453,null,null,null,null,"TWOGAUSSIANS",8,2.7004066,0.7536303,0.08331602,0.30126002,0.1030122,0.74712795,1.5870453,0.92385876,0.0128253605,0.13800916,0.06442949,0.046470124,0.016389849
375316653866487564,3345933493870977024,0.5628989,2304.6134102243395,2.797842530803791,1.3264886E-5,13.423905,6.737007E-4,0.27958742,0.01762289,0.023427146,0.010141041,0.008960866,0.0038530363,0.65793425,3.2098455E-4,0.04203941,0.0015537615,0.35566097,0.059677657,null,null,null,null,"TWOGAUSSIANS",8,5.478474,0.65793425,3.2098455E-4,0.2354207,0.008701065,0.35566097,0.059677657,0.27958742,0.01762289,0.13119201,0.05678983,0.008960866,0.0038530363
375316653866487564,3345945309322642048,0.52166736,2234.36260917286,3.7870851470126623,6.0911036E-5,16.563822,0.0024774806,0.82814443,0.003366093,0.032143697,0.002324952,0.28692582,0.021426616,null,null,null,null,null,null,null,null,null,null,"ONEGAUSSIAN",5,5.7108884,0.82814443,0.003366093,0.1800047,0.013019731,0.28692582,0.0,null,null,null,null,null,null
375316653866487564,3345947405266981376,0.5415937,2285.3479378782945,3.0029256590092954,2.3198101E-5,17.725166,0.0666601,0.27932346,0.012582089,0.11044346,0.022173744,0.31423908,0.07010192,0.76547974,0.00728361,0.1278796,0.023723118,0.29525194,0.06561603,null,null,null,null,"TWOGAUSSIANS",8,8.127918,0.27946347,0.012461438,0.4,0.0,0.25532007,0.02355769,0.76547974,0.00728361,0.4,0.0,0.23605166,0.0120859025
375316653866487564,3345948058101560576,0.5363292,2273.7427787693673,1.3003016726128256,6.809182E-5,12.074569,0.012073232,0.2999678,0.010835567,0.019972492,0.021522857,0.23425877,0.13145219,0.67997015,0.11158831,0.07817425,0.0777159,1.0374563,1.25129096E8,null,null,null,null,"TWOGAUSSIANS",8,2980.673,0.67997015,0.11158831,0.4,0.3779054,1.0374563,1.25129096E8,0.2999678,0.010835567,0.111845955,0.120528005,0.23426645,0.13145132
375316653866487564,3345959637335573504,0.571299,2256.9539892052785,2.867102894875454,2.4028552E-5,19.538528,0.0553,0.2609251,0.0074154674,0.10610788,0.01545254,0.5417279,0.065474875,0.7613796,0.00398383,0.09351968,0.012998601,0.5178436,0.0382187,null,null,null,null,"TWOGAUSSIANS",8,0.91764754,0.2609251,0.0074154674,0.4,0.0,0.4960179,0.051340103,0.7613796,0.0039870455,0.4,0.0,0.4721493,0.02957866
375316653866487564,3345963799159825152,0.4813903,2271.666665315355,2.4488803875307537,1.0391183E-5,14.476609,0.0050617186,0.38946462,0.023066055,0.033595476,0.017717583,0.09643235,0.0699554,0.5937874,0.012233867,0.059241984,0.003253187,2.8001308,0.7405158,null,null,null,null,"TWOGAUSSIANS",8,76.80645,0.5937874,0.012233867,0.3317551,0.018217849,2.8001308,0.7405158,0.3970646,0.2678538,0.18813467,0.099218465,0.10528724,3.6754868
375316653866487564,3345965890805694848,0.5272159,2248.8823779117297,3.1331281168315805,5.2127103E-5,19.386995,0.018583603,0.23453069,0.012881031,0.09314342,0.015862107,0.23202206,0.020826599,0.730805,0.014776228,0.082691185,0.015696382,0.27002475,0.024199404,null,null,null,null,"TWOGAUSSIANS",8,1.5167933,0.730805,0.014776228,0.4,0.0,0.26181862,0.017752428,0.23453069,0.012881031,0.4,0.0,0.22381566,0.01506467
375316653866487564,3345972354734621952,0.44665152,2226.204597724184,1.6746544254434848,1.3500325E-4,15.356157,0.015167541,0.25260058,0.029526016,0.045471013,0.03443367,0.8712518,1.4736288,0.78453314,0.033582784,0.053560525,0.02812685,0.6484782,1.0164838,null,null,null,null,"TWOGAUSSIANS",8,484.14197,0.25260058,0.029526016,0.25463766,0.19282855,0.87125105,1.4736536,0.78453314,0.033582784,0.29993895,0.13211319,0.6484774,1.0165155
375316653866487564,3345977852292761856,0.6246169,2257.745505658303,0.21750146199005746,1.4125099E-5,16.006739,0.0015226406,0.16960266,0.0063955523,0.018330326,0.008286147,0.034354493,0.06841057,0.67087656,0.001091772,0.0249236,0.0016177745,0.18336254,0.005535163,0.022359235,0.002633459,0.16960266,0.0063955523,"TWOGAUSSIANS_WITH_ELLIPSOIDAL_ON_ECLIPSE1",9,5.239833,0.67087656,0.0010878263,0.13957216,0.009059537,0.2280781,0.0056464467,0.16960266,0.0063955523,0.10264982,0.046402425,0.0790729,0.06903472
375316653866487564,3345980566708583680,0.58257717,2232.746199993153,0.9398229228175772,3.791652E-5,17.095222,0.003096391,0.18836807,0.017054535,0.02304815,0.02936459,0.035927676,0.020993967,0.7806723,0.028307004,0.053515553,0.008911994,0.7961818,0.33528113,null,null,null,null,"TWOGAUSSIANS",8,8.33136,0.7806723,0.028307004,0.2996871,0.049907167,0.7961818,0.33528113,0.18836807,0.017054535,0.12906963,0.1644417,0.035927676,0.020993985
375316653866487564,3345984067107945984,0.522552,2275.066994906005,3.3372186524539034,1.9258061E-5,18.688318,0.010600983,0.20320871,0.004529602,0.08086801,0.004846649,0.28003535,0.011797148,0.704818,0.009347737,0.08452296,0.011991864,0.25464234,0.013788573,null,null,null,null,"TWOGAUSSIANS",8,3.783091,0.20320871,0.004529602,0.4,0.0,0.27467084,0.008738903,0.704818,0.009347737,0.4,0.0,0.2492778,0.013688206
375316653866487564,3345988881768605568,0.5133036,2222.0612912259394,1.5164091759286673,7.5172343E-6,18.692589,0.005035481,0.36105606,1.4124023E-4,0.018980758,3.3326953E-4,0.5065581,0.004141507,0.5254978,5.3821143E-4,0.011795811,0.0025915387,0.13482992,0.12829308,null,null,null,null,"TWOGAUSSIANS",8,2.695384,0.36105606,1.4124023E-4,0.10629225,0.0018663094,0.5065581,0.004141507,0.5254978,5.3821143E-4,0.06605654,0.014512616,0.13482992,0.12829308
375316653866487564,3345991733627058432,0.55154,2245.5921712247673,2.132611535506709,1.3409783E-5,14.352406,0.06258305,0.26168284,0.0039192736,0.27698293,0.052865688,0.7478299,0.059431124,0.7541616,0.0021375606,0.16760138,0.023140395,0.5357052,0.19029756,null,null,null,null,"TWOGAUSSIANS",8,27.035645,0.7541616,0.0021375606,0.4,0.0,0.14816062,0.0049009514,0.26620284,0.0029677425,0.4,0.0,0.081677474,0.0039159106
375316653866487564,3345993344237662336,0.49299803,2245.0443342077456,2.196130873811327,3.0563802E-5,17.75553,0.0033987865,0.5762925,0.0022701123,0.022751074,0.0052351775,0.3096663,0.12888764,0.8609982,0.021086318,0.08219718,0.024651008,0.056261275,0.052736517,null,null,null,null,"TWOGAUSSIANS",8,2.5418105,0.5763025,0.0022670908,0.12740602,0.029316993,0.30980596,0.12893854,0.8609982,0.021086318,0.4,0.023367448,0.05626127,0.052736536
375316653866487564,3345997914083008768,0.5067503,2258.1877471939765,2.9395416362623545,5.3497843E-5,17.56856,0.06791896,0.24434376,0.008820438,0.04591037,0.029360006,0.24462117,0.547338,0.7248732,0.026762502,0.055127226,0.02498172,0.194446,0.1362957,0.0726043,0.073626265,0.24434376,0.008820438,"TWOGAUSSIANS_WITH_ELLIPSOIDAL_ON_ECLIPSE1",9,31.786388,0.24434376,0.008820438,0.25709808,0.16441603,0.38982767,0.54654324,0.7278132,0.02352192,0.30871248,0.13860372,0.3378153,0.017464025
375316653866487564,3346001040823476352,0.6010313,2297.235691583126,3.6205820122978905,8.058428E-6,19.146461,0.0066094315,0.22528291,0.003036619,0.055318713,0.0034385722,0.6225671,0.04844574,0.725984,0.0025246164,0.070237465,0.002693437,0.6053124,0.029759707,null,null,null,null,"TWOGAUSSIANS",8,1.6500428,0.22528291,0.003036619,0.3097848,0.019256003,0.6221387,0.04857899,0.725984,0.0025246164,0.3933298,0.014111879,0.604884,0.029828627
375316653866487564,3346013139743945344,0.46803454,2332.909763816547,3.649492930034615,2.7347527E-5,18.32679,0.22822633,0.21964322,0.011872757,0.14239383,0.06711328,0.22273187,0.22219668,0.7364141,0.007976258,0.12720752,0.05012572,0.23481303,0.2096933,null,null,null,null,"TWOGAUSSIANS",8,3.2407472,0.73705405,0.0071977065,0.4,0.0,0.16328683,0.01984897,0.21934323,0.011435222,0.4,0.0,0.15042672,0.024753328
375316653866487564,3346018602938841856,0.5625734,2290.8115448510166,2.3802134692777406,3.495116E-5,19.46552,0.110037655,0.2815808,0.014515902,0.0985699,0.037531383,0.3446035,0.1101605,0.7831491,0.0050932495,0.0823203,0.01680088,0.41234547,0.10935959,null,null,null,null,"TWOGAUSSIANS",8,1.8234336,0.7831491,0.005111481,0.4,0.0,0.39644143,0.057242844,0.2815808,0.014515902,0.4,0.0,0.3286977,0.05690645
375316653866487564,3346026059001968000,0.48253506,2421.233575413559,4.217195996242438,2.7866081E-5,18.98617,0.07524192,0.17901736,0.010519826,0.10157992,0.038085826,0.26321778,0.06223438,0.698289,0.0014694175,0.013115093,0.0043863193,0.7081715,1.0348259,null,null,null,null,"TWOGAUSSIANS",8,2.5944378,0.698289,0.0014694175,0.07344452,0.024563389,0.70816094,1.0348687,0.17901736,0.010519826,0.4,0.0,0.26320305,0.062259026
375316653866487564,3346031208670616960,0.4856625,2337.4721412828435,0.6220688746000382,4.464148E-5,19.028559,0.010180785,0.18443213,0.005032288,0.05208869,0.005122311,0.55029327,0.27991349,0.5825129,0.114876054,0.12449386,0.0699804,0.05388797,0.05470326,null,null,null,null,"TWOGAUSSIANS",8,1.3127532,0.18447213,0.0049875616,0.29169664,0.028684942,0.5500798,0.28028658,0.5825129,0.114876054,0.4,0.028926076,0.053349383,0.054582823
375316653866487564,3346035091318039040,0.5796897,2250.8186248906195,2.5242912541525766,1.1058737E-5,18.595222,0.0150717,0.21261537,0.0051759235,0.07696708,0.0057776263,0.5334155,0.024669997,0.7131815,0.0033516178,0.07764094,0.0064222342,0.4734801,0.039554518,null,null,null,null,"TWOGAUSSIANS",8,3.7260473,0.21261537,0.0051759235,0.4,0.0,0.528097,0.024631482,0.7131815,0.0033516178,0.4,0.0,0.46816158,0.04092083
375316653866487564,3346036023329794688,0.4364188,2227.922843874145,3.5891031735969,5.521743E-5,18.67308,0.022330552,0.22266681,0.004404411,0.03379824,0.006249366,0.12622413,0.016246172,0.66449887,0.03058058,0.16435708,0.049704473,0.1268225,0.02327911,null,null,null,null,"TWOGAUSSIANS",8,4.142826,0.22310682,0.0035201288,0.18927014,0.03499645,0.12591699,0.01499141,0.66449887,0.03058058,0.4,0.0,0.12268861,0.017520534
375316653866487564,3346038531590775808,0.47054973,2246.351137350626,3.6864691614821568,1.5640853E-5,17.597864,0.009677362,0.22757429,0.009381824,0.055470444,0.013314827,0.19140768,0.036995254,0.74482185,0.024746519,0.08393344,0.017137125,0.14512399,0.02113571,null,null,null,null,"TWOGAUSSIANS",8,15.206341,0.22757429,0.009381824,0.3106345,0.074563034,0.191084,0.037788987,0.74482185,0.024746519,0.4,0.0036913687,0.14480029,0.020822613
