Gaia/vari_eclipsing_binary/VariEclipsingBinary_374690-376185.csv
# %ECSV 1.0
# ---
# delimiter: ','
# meta: !!omap
# - RELEASE: Gaia DR3
# - TABLE: vari_eclipsing_binary
# - DESCRIPTION: >
#     This table describes the properties of the eclipsing binaries resulting from the variability analysis. 
# - CITATION: >
#     How to cite and acknowledge Gaia: 
#     https://gea.esac.esa.int/archive/documentation/credits.html 
# - KNOWN_ISSUES: >
#     Known issues: 
#     https://www.cosmos.esa.int/web/gaia-users/known-issues 
# - DOCUMENTATION: >
#     Tutorials and documentation: 
#     https://www.cosmos.esa.int/web/gaia-users/archive 
# datatype:
# - 
#   name: solution_id
#   datatype: int64
#   description: Solution Identifier
#   meta:
#     ucd: meta.version
# - 
#   name: source_id
#   datatype: int64
#   description: Unique source identifier
#   meta:
#     ucd: meta.id;meta.main
# - 
#   name: global_ranking
#   datatype: float32
#   description: Number between 0 (worst) and 1 (best)
#   meta:
#     ucd: stat.param
# - 
#   name: reference_time
#   datatype: float64
#   unit: d
#   description: Reference time used for the geometric model fit
#   meta:
#     ucd: time.epoch
# - 
#   name: frequency
#   datatype: float64
#   unit: d**-1
#   description: Frequency of geometric model of the eclipsing binary light curve
#   meta:
#     ucd: src.orbital
# - 
#   name: frequency_error
#   datatype: float32
#   unit: d**-1
#   description: "Uncertainty of \\texttt{frequency}"
#   meta:
#     ucd: stat.error
# - 
#   name: geom_model_reference_level
#   datatype: float32
#   unit: mag
#   description: Magnitude reference level of geometric model
#   meta:
#     ucd: phot.mag;em.opt
# - 
#   name: geom_model_reference_level_error
#   datatype: float32
#   unit: mag
#   description: "Uncertainty of \\texttt{geomModelReferenceLevel}"
#   meta:
#     ucd: stat.error;phot.mag;em.opt
# - 
#   name: geom_model_gaussian1_phase
#   datatype: float32
#   description: Phase of the Gaussian 1 component
#   meta:
#     ucd: time.phase
# - 
#   name: geom_model_gaussian1_phase_error
#   datatype: float32
#   description: "Uncertainty of \\texttt{geomModelGaussian1Phase}"
#   meta:
#     ucd: stat.error;time.phase
# - 
#   name: geom_model_gaussian1_sigma
#   datatype: float32
#   description: "Standard deviation [phase] of Gaussian 1 component"
#   meta:
#     ucd: stat.stdev
# - 
#   name: geom_model_gaussian1_sigma_error
#   datatype: float32
#   description: "Uncertainty of \\texttt{geomModelGaussian1Sigma}"
#   meta:
#     ucd: stat.error
# - 
#   name: geom_model_gaussian1_depth
#   datatype: float32
#   unit: mag
#   description: Magnitude depth of Gaussian 1 component
#   meta:
#     ucd: src.var.amplitude
# - 
#   name: geom_model_gaussian1_depth_error
#   datatype: float32
#   unit: mag
#   description: "Uncertainty of \\texttt{geomModelGaussian1Depth}"
#   meta:
#     ucd: stat.error;src.var.amplitude
# - 
#   name: geom_model_gaussian2_phase
#   datatype: float32
#   description: Phase of Gaussian 2 component
#   meta:
#     ucd: time.phase
# - 
#   name: geom_model_gaussian2_phase_error
#   datatype: float32
#   description: "Uncertainty of \\texttt{geomModelGaussian2Phase}"
#   meta:
#     ucd: stat.error;time.phase
# - 
#   name: geom_model_gaussian2_sigma
#   datatype: float32
[...]
#   datatype: float32
#   description: "Secondary eclipse: uncertainty of \\texttt{derivedSecondaryEclDuration}"
#   meta:
#     ucd: stat.error;time.duration
# - 
#   name: derived_secondary_ecl_depth
#   datatype: float32
#   unit: mag
#   description: "Secondary eclipse: depth"
#   meta:
#     ucd: src.var.amplitude
# - 
#   name: derived_secondary_ecl_depth_error
#   datatype: float32
#   unit: mag
#   description: "Secondary eclipse: uncertainty of \\texttt{derivedSecondaryEclDepth}"
#   meta:
#     ucd: stat.error;src.var.amplitude
solution_id,source_id,global_ranking,reference_time,frequency,frequency_error,geom_model_reference_level,geom_model_reference_level_error,geom_model_gaussian1_phase,geom_model_gaussian1_phase_error,geom_model_gaussian1_sigma,geom_model_gaussian1_sigma_error,geom_model_gaussian1_depth,geom_model_gaussian1_depth_error,geom_model_gaussian2_phase,geom_model_gaussian2_phase_error,geom_model_gaussian2_sigma,geom_model_gaussian2_sigma_error,geom_model_gaussian2_depth,geom_model_gaussian2_depth_error,geom_model_cosine_half_period_amplitude,geom_model_cosine_half_period_amplitude_error,geom_model_cosine_half_period_phase,geom_model_cosine_half_period_phase_error,model_type,num_model_parameters,reduced_chi2,derived_primary_ecl_phase,derived_primary_ecl_phase_error,derived_primary_ecl_duration,derived_primary_ecl_duration_error,derived_primary_ecl_depth,derived_primary_ecl_depth_error,derived_secondary_ecl_phase,derived_secondary_ecl_phase_error,derived_secondary_ecl_duration,derived_secondary_ecl_duration_error,derived_secondary_ecl_depth,derived_secondary_ecl_depth_error
[from data line 541]
375316653866487564,3308356751979450240,0.61474925,2174.877309998005,0.317898687250992,1.2235529E-6,14.400827,8.31807E-4,0.24356961,1.8091571E-4,0.012153665,1.3410988E-4,0.47381163,0.0063965316,null,null,null,null,null,null,0.0048436667,0.0012396997,0.24356961,1.8091571E-4,"ONEGAUSSIAN_WITH_ELLIPSOIDAL",6,28.64024,0.24356961,1.8091571E-4,0.068060525,7.510153E-4,0.48349896,0.006806005,null,null,null,null,null,null
375316653866487564,3308393383757193344,0.5299135,2188.7948537149878,3.904927256223017,1.5405625E-5,19.530548,0.040763307,0.27854195,0.006123465,0.10091634,0.01806371,0.39578205,0.037604537,0.7675686,0.005526765,0.09590739,0.013760024,0.32532296,0.039158408,null,null,null,null,"TWOGAUSSIANS",8,2.1052194,0.27854195,0.006123465,0.4,0.0,0.37105665,0.013897701,0.7675686,0.005526765,0.4,0.0,0.30060077,0.012820766
375316653866487564,3308400599303067264,0.50075287,2184.3886896173262,3.890363729473482,1.3015635E-5,18.762428,0.01769067,0.23480219,0.0033454516,0.09756982,0.00876519,0.21902847,0.017032167,0.70821774,0.0040459526,0.097078614,0.010497292,0.20885698,0.016286297,null,null,null,null,"TWOGAUSSIANS",8,2.9490244,0.23480219,0.00334232,0.4,0.0,0.20801517,0.010696378,0.70821774,0.0040459526,0.4,0.0,0.19784395,0.009649863
375316653866487564,3308419114905282560,0.6102029,2197.7355179410174,3.610650759656496,6.2440254E-6,17.497025,0.008648926,0.25292775,9.789799E-4,0.052973013,0.0026635695,0.2993972,0.020309627,0.75021195,0.0015186149,0.050239354,0.003405061,0.24239548,0.019041028,0.105341256,0.011479753,0.25292775,9.789799E-4,"TWOGAUSSIANS_WITH_ELLIPSOIDAL_ON_ECLIPSE1",9,6.447088,0.25292775,9.789799E-4,0.29664886,0.01491599,0.5100745,0.0144381225,0.75061196,0.0012581011,0.2813404,0.019068342,0.45302048,0.0102929985
375316653866487564,3308430625417328384,0.4936219,2172.757349871479,2.359380601335033,8.268878E-6,18.042915,0.0024613992,0.18325494,0.0011875348,0.027377265,0.0013943996,0.17478694,0.0033517834,0.5906677,0.03460744,0.015444182,0.004026559,0.040249426,0.030435957,null,null,null,null,"TWOGAUSSIANS",8,3.558015,0.18325494,0.0011875348,0.15331268,0.007808638,0.17478694,0.0033517834,0.5906677,0.03460744,0.08648742,0.02254873,0.040249426,0.030435957
375316653866487564,3308433511635535360,0.48316872,2148.7347114901545,2.833849593721149,3.0380408E-5,19.54514,0.010294954,0.18264623,0.0046350346,0.06793637,0.0061721737,0.29687503,0.016547468,0.6797545,0.008844455,0.066080146,0.015788127,0.2284094,0.020903042,null,null,null,null,"TWOGAUSSIANS",8,3.7948854,0.18264623,0.0046350346,0.3804437,0.03456417,0.29641828,0.01630853,0.6797545,0.008844455,0.37004882,0.059910316,0.22795263,0.021139003
375316653866487564,3308434065687334656,0.6567762,2152.8718409906082,1.6798177462125439,2.0082907E-6,16.7025,0.0036763137,0.2699344,5.1488896E-4,0.044863503,0.0012680165,0.4873446,0.015400563,0.7721485,0.002683233,0.042010345,0.004724578,0.06761864,0.009720066,0.06351424,0.006347975,0.2699344,5.1488896E-4,"TWOGAUSSIANS_WITH_ELLIPSOIDAL_ON_ECLIPSE1",9,4.603731,0.2699344,5.1488896E-4,0.2512356,0.0071008923,0.61437297,0.017800242,0.7721485,0.002683233,0.23525792,0.026457638,0.19462241,0.004101088
375316653866487564,3308437222487143808,0.4820469,2142.6555319068657,3.6581218205844968,3.6631336E-5,19.617317,0.012450513,0.2643686,0.004721876,0.089899585,0.0066139107,0.25783837,0.013734603,0.7644403,0.005833601,0.08801007,0.0076165167,0.26485482,0.017171456,null,null,null,null,"TWOGAUSSIANS",8,1.7462755,0.7644403,0.005833601,0.4,0.0,0.25479698,0.01569072,0.2643686,0.004721876,0.4,0.0,0.2477805,0.010996023
375316653866487564,3308453375861185280,0.45564765,2165.3032073027857,1.9574627060839662,6.3024104E-6,17.874067,0.009751498,0.77640194,0.0027621589,0.031560633,0.0035464144,0.4110187,0.06801176,null,null,null,null,null,null,0.028840408,0.014490279,0.77640194,0.0027621589,"ONEGAUSSIAN_WITH_ELLIPSOIDAL",6,37.2222,0.77640194,0.0027621589,0.17673954,0.019859921,0.46869949,0.06842432,null,null,null,null,null,null
375316653866487564,3308457636468883328,0.4703595,2145.7612287193897,0.954078603268694,1.7607762E-4,16.2768,0.0015110159,0.22635318,0.015329144,0.023343865,0.01652117,0.079784825,254290.67,0.7408753,0.0019756672,0.017751573,0.0026903835,0.08649528,0.009938309,0.009984251,0.0025282686,0.22635318,0.015329144,"TWOGAUSSIANS_WITH_ELLIPSOIDAL_ON_ECLIPSE1",9,10.741864,0.7408753,0.0019756672,0.099408805,0.015066148,0.106297985,0.009805238,0.22635318,0.015329144,0.13072565,0.09251856,0.09975331,254290.67
375316653866487564,3308465126891830272,0.5157781,2150.2116629300212,1.5701500164506996,5.907684E-6,17.461445,0.0014734518,0.24154277,0.0010682038,0.042276368,0.0015004463,0.20202392,0.0070480444,0.7402841,0.0027994132,0.051796384,0.0039985147,0.05934131,0.0034433159,null,null,null,null,"TWOGAUSSIANS",8,1.7809509,0.24154277,0.0010682038,0.23674765,0.008402499,0.20202379,0.007048084,0.7402841,0.0027994132,0.29005978,0.022391682,0.059341174,0.0034433962
375316653866487564,3308474507100433152,0.49577695,2133.5910887232462,1.4357072058583418,2.4258172E-5,14.127504,0.0032913494,0.2502559,0.0042190775,0.0285174,0.008180523,0.08381809,0.01339842,0.73665076,0.017644746,0.027059978,0.014010444,0.0385053,0.01689267,0.017141873,0.0042526643,0.2502559,0.0042190775,"TWOGAUSSIANS_WITH_ELLIPSOIDAL_ON_ECLIPSE1",9,104.2375,0.2502559,0.0042190775,0.15969744,0.045810934,0.11810176,0.013309341,0.73731077,0.016236685,0.15153587,0.07845849,0.072551206,0.013946371
375316653866487564,3308502063608485120,0.4701065,2217.747651513506,4.09816562908468,9.2320006E-5,16.900764,0.101168014,0.4192821,0.015838144,0.17687906,0.06706009,0.16506842,0.10080806,0.97287375,0.042254988,0.09136572,0.04386565,0.038684167,0.051835492,null,null,null,null,"TWOGAUSSIANS",8,29.381588,0.4192821,0.01579775,0.4,0.0,0.142379,0.0142749,0.99956375,0.038819242,0.4,0.071321145,0.025023025,0.01634141
375316653866487564,3308505808821973248,0.6438996,2230.2549510006143,3.043143921789664,7.2675025E-6,15.586205,0.019331733,0.24546716,0.008208118,0.05405382,0.010888533,0.21422812,0.03866694,0.73496485,0.0019480694,0.05487237,0.005933014,0.20683262,0.041335747,0.10975176,0.023738122,0.73496485,0.0019480694,"TWOGAUSSIANS_WITH_ELLIPSOIDAL_ON_ECLIPSE2",9,29.341934,0.24345717,0.006432276,0.30270138,0.060975783,0.43295085,0.016455974,0.73496485,0.0019480694,0.30728528,0.03322488,0.42632776,0.015081007
375316653866487564,3308507251930983680,0.62078524,2235.224185551028,2.9931684179907494,6.444779E-6,15.64736,0.0054726033,0.26395082,0.0016907359,0.0850581,0.002255401,0.39701855,0.0069383057,0.7644076,0.0039595296,0.09205543,0.0046673315,0.38145313,0.008894524,null,null,null,null,"TWOGAUSSIANS",8,26.859741,0.26395082,0.0016907359,0.4,0.0,0.38267633,0.0058892337,0.7644076,0.0039595296,0.4,0.0,0.36711064,0.00881475
375316653866487564,3308518483268447360,0.55701536,2213.989883207469,3.455929528097107,1.8118199E-5,19.4205,0.01810378,0.30746716,0.004114876,0.07293845,0.007065178,0.58812135,0.026729772,0.8151361,0.004811098,0.073747836,0.0066299,0.49079123,0.029675229,null,null,null,null,"TWOGAUSSIANS",8,2.2887158,0.30746716,0.004114876,0.4,0.02024818,0.5854303,0.02705061,0.8151361,0.004811098,0.4,0.0052447375,0.48810023,0.029671585
375316653866487564,3308560097208508288,0.63020575,2149.4458257748984,1.7328314085722896,1.8552708E-5,13.650875,0.0019078519,0.20764516,0.001072534,0.023848027,0.0010730638,0.7016277,0.03255899,0.79596084,0.04720482,0.0876677,0.03873182,0.010206514,0.0044206833,null,null,null,null,"TWOGAUSSIANS",8,98.434494,0.20764516,0.001072534,0.13354895,0.0060091573,0.7016278,0.0325589,0.79596084,0.04720482,0.4,0.02468117,0.010206479,0.004423226
375316653866487564,3308560951904776832,0.54667777,2161.4223543099206,1.6205415154411513,1.3012962E-5,19.108227,0.008203659,0.24815738,9.403681E-4,0.03002839,0.0013064108,0.6262573,0.02464192,0.7462628,0.0016407841,0.033654664,0.0023737368,0.57464606,0.058891643,null,null,null,null,"TWOGAUSSIANS",8,4.5964227,0.24815738,9.403681E-4,0.168159,0.0073159,0.6262573,0.02464192,0.7462628,0.0016407841,0.18846612,0.013292925,0.57464606,0.058891643
375316653866487564,3308579750978778624,0.56654227,2232.7339405724256,0.6705176175347493,3.556054E-5,17.268589,0.0020950774,0.29260215,0.06669394,0.0664315,0.06667738,0.023130162,0.010631026,0.78155684,0.0019001765,0.02602773,0.002884038,0.22541942,0.028720198,null,null,null,null,"TWOGAUSSIANS",8,2.9091206,0.78155684,0.0019001765,0.14575528,0.016150612,0.2254194,0.028720254,0.29260215,0.06669394,0.37201637,0.1862002,0.023130145,0.0106427
375316653866487564,3308582156160505728,0.6103568,2174.6949814139402,2.8421668428586995,9.631067E-6,16.906733,0.004143325,0.28083897,0.001960294,0.034578897,0.019341841,0.10682819,0.067454584,0.7647171,0.002321406,0.0338564,0.0033514872,0.19511051,0.029476238,0.12966156,0.00981531,0.28083897,0.001960294,"TWOGAUSSIANS_WITH_ELLIPSOIDAL_ON_ECLIPSE1",9,6.6626267,0.7664371,0.002418193,0.18959585,0.018768327,0.452064,0.03098541,0.28083897,0.001960294,0.19364181,0.108314306,0.36615095,0.0725573
375316653866487564,3308610056267257216,0.57651037,2220.299098515809,0.49603983321559797,4.3993546E-6,15.905769,0.0017346304,0.47283924,5.763067E-6,0.018948179,7.862658E-5,0.6164295,5.3454185E-4,null,null,null,null,null,null,null,null,null,null,"ONEGAUSSIAN",5,24.55291,0.47283924,5.763067E-6,0.1061098,4.4030885E-4,0.6164295,0.0,null,null,null,null,null,null
375316653866487564,3308615893126815360,0.45109332,2214.415394210792,3.492513563987764,8.284446E-5,19.528833,0.008110506,0.21362709,0.009633838,0.054300647,0.01103855,0.2919477,0.04570543,0.70889246,0.015961519,0.043907467,0.014911215,0.07319657,0.01644114,null,null,null,null,"TWOGAUSSIANS",8,3.1202767,0.21362709,0.009633838,0.30408362,0.06181588,0.2919471,0.045706198,0.70889246,0.015961519,0.24588181,0.08350281,0.073195994,0.016441364
375316653866487564,3308681485867163392,0.543841,2200.4703397185885,3.6088962463597714,2.1750418E-5,15.917991,0.08979799,0.24204658,0.004864759,0.107414216,0.029261736,0.37519807,0.06657705,0.72505236,0.005298814,0.10095995,0.024257736,0.457687,0.061684225,null,null,null,null,"TWOGAUSSIANS",8,110.9759,0.72505236,0.005298814,0.4,0.0,0.41973278,0.030531134,0.24205658,0.00487386,0.4,0.0,0.33723095,0.01949569
375316653866487564,3308702140365794560,0.60384035,2215.8351484234327,2.812063758891202,1.27062885E-5,17.715332,0.008476649,0.2669493,0.0028276222,0.048138592,0.01536901,0.09445831,0.014561493,0.75455594,0.0044035204,0.038211197,0.010964501,0.13298987,0.058744144,0.11501325,0.009782005,0.2669493,0.0028276222,"TWOGAUSSIANS_WITH_ELLIPSOIDAL_ON_ECLIPSE1",9,3.512022,0.75661594,0.0040697022,0.2139827,0.061401203,0.36185476,0.0675763,0.2669493,0.0028276222,0.26957613,0.086066455,0.32448465,0.008088249
375316653866487564,3308719182796075392,0.65765357,2251.9309527411096,1.347670031765832,3.5063429E-6,13.479133,0.0051994664,0.32203493,6.9274E-4,0.038030557,0.001159781,0.73830587,0.024925021,0.8242809,0.002506243,0.03757409,0.002941252,0.16402155,0.014386068,0.044792254,0.0076783416,0.8242809,0.002506243,"TWOGAUSSIANS_WITH_ELLIPSOIDAL_ON_ECLIPSE2",9,217.10706,0.32206494,6.817247E-4,0.21297112,0.0064947736,0.8278726,0.02621108,0.8242809,0.002506243,0.2104149,0.016471012,0.2536059,0.007524851
375316653866487564,3308733540873189632,0.62039334,2201.8281515162985,2.40911680095907,7.736073E-6,17.517971,0.0110620735,0.2263386,0.0010002169,0.0642072,0.0022408273,0.5402512,0.015984895,0.7213558,0.0013725666,0.07132902,0.0018161115,0.6635302,0.014022773,null,null,null,null,"TWOGAUSSIANS",8,9.83304,0.7213558,0.0013725666,0.39944252,0.007664222,0.6623671,0.01379254,0.2263386,0.0010002169,0.35956034,0.012548633,0.5390882,0.015954357
375316653866487564,3308752473086308864,0.5961428,2121.1471585298177,1.3096923132921918,6.511901E-6,18.36204,0.005443942,0.21043195,0.0041867164,0.0298934,0.0048557087,0.08001051,0.013706752,0.71056,0.001005594,0.035233792,0.001151096,0.8456745,0.03616163,0.028942278,0.006356955,0.21043195,0.0041867164,"TWOGAUSSIANS_WITH_ELLIPSOIDAL_ON_ECLIPSE1",9,2.2989988,0.71056,0.0010052284,0.19730923,0.0064461376,0.903559,0.03565401,0.21043195,0.0041867164,0.16740304,0.027191967,0.13789506,0.0071356655
375316653866487564,3308753405097164800,0.41822615,2135.6762317947655,2.488464187707465,5.1838753E-5,16.461002,0.0048435195,0.45280325,0.0025179563,0.010131039,0.007307498,0.21364827,0.05406805,0.597767,0.0151405595,0.022107428,0.008109277,0.20142952,0.052104134,null,null,null,null,"TWOGAUSSIANS",8,11.268304,0.45280325,0.0025179563,0.05673382,0.040921986,0.21364827,0.05406805,0.597767,0.0151405595,0.123801604,0.04541195,0.20142952,0.052104134
375316653866487564,3308762132470741632,0.61153424,2187.926484771846,2.821594762796006,6.264744E-6,18.070889,0.01684819,0.228742,0.001121766,0.056013115,0.0049971277,0.3572351,0.033128977,0.7270074,0.017685601,0.05467587,0.014766285,0.33020595,0.058995217,0.09126691,0.020694269,0.228742,0.001121766,"TWOGAUSSIANS_WITH_ELLIPSOIDAL_ON_ECLIPSE1",9,3.2556152,0.228742,0.001121766,0.31367344,0.027983913,0.53974324,0.012120096,0.72720736,0.016126262,0.3061849,0.08269119,0.5126949,0.040562317
375316653866487564,3308765671523763200,0.6310557,2141.548556679289,2.1204585492306913,5.677235E-6,15.662075,0.0037898424,0.27788073,7.3955784E-4,0.054196592,0.0014855773,0.36805853,0.008199974,0.7830934,0.0029873413,0.05680839,0.0035100675,0.07141971,0.008565753,0.013026186,0.0046366476,0.27788073,7.3955784E-4,"TWOGAUSSIANS_WITH_ELLIPSOIDAL_ON_ECLIPSE1",9,13.449834,0.27788073,7.3955784E-4,0.30350092,0.008319233,0.394099,0.00761577,0.7830934,0.0029873413,0.31812698,0.019656377,0.097432256,0.0023946569
375316653866487564,3308767011553553024,0.57735425,2148.2627341534485,3.125647191757025,1.42673525E-5,17.47911,0.012839615,0.27603653,0.0018429811,0.052241188,0.00950005,0.18680422,0.021636482,0.77869964,0.006354869,0.047257192,0.00826091,0.14240327,0.03377917,0.10713084,0.0153751485,0.27603653,0.0018429811,"TWOGAUSSIANS_WITH_ELLIPSOIDAL_ON_ECLIPSE1",9,8.741799,0.27603653,0.0018429811,0.29255065,0.05320028,0.40106374,0.018743128,0.77869964,0.0062080724,0.26464027,0.0462611,0.35660282,0.01966654
375316653866487564,3308783538587770752,0.69493806,2184.6924097747287,0.12293436559490534,2.2499633E-5,15.082794,0.0010646364,0.7687678,0.04369054,0.08358397,0.19043034,0.0022382685,0.006305368,0.53251016,1.4122362E-4,0.008163562,2.4222067E-4,0.32609788,0.0041231555,null,null,null,null,"TWOGAUSSIANS",8,2.221369,0.53251016,1.4122362E-4,0.04571595,0.0013564357,0.3261391,0.0041490872,0.7687678,0.04369054,0.4,0.83862394,0.0022382685,0.0063053714
375316653866487564,3308786111270970752,0.46798456,2180.1502011339135,0.37452966317390873,4.589619E-4,19.534227,0.009734827,0.20455779,4.6385758E-4,0.013923259,7.8076415E-4,1.6620911,0.2584255,0.5493772,0.04746715,0.022599863,0.041401323,0.29855043,0.27286372,null,null,null,null,"TWOGAUSSIANS",8,6.3135185,0.20455779,4.6385758E-4,0.07797025,0.004372279,1.6620911,0.2584255,0.5493772,0.04746715,0.12655923,0.23184742,0.29855043,0.27286372
375316653866487564,3308792437759922176,0.4374483,2143.2726118231,3.0114433908219547,3.0308163E-5,19.671736,0.022875179,0.1731515,0.036990717,0.03720812,0.03908837,0.10506083,0.035257544,0.3810805,0.0025969853,0.039625544,0.002768612,0.6521305,0.057239998,null,null,null,null,"TWOGAUSSIANS",8,15.110286,0.3810805,0.0025969853,0.22190306,0.015504227,0.65213054,0.057203274,0.1731515,0.036990717,0.20836549,0.21889485,0.105061516,0.035258915
375316653866487564,3308796938885649408,0.4446383,2138.0193749474865,1.0208056593615935,3.100568E-5,19.1735,0.004255279,0.33901,0.01275432,0.032885943,0.008391041,0.13858156,0.03668427,0.8496761,0.0064862818,0.033264678,0.0059108017,0.18627481,0.022907386,null,null,null,null,"TWOGAUSSIANS",8,3.988651,0.8496761,0.0064862818,0.1862822,0.03310049,0.18627481,0.022907386,0.33901,0.01275432,0.18416129,0.046989832,0.13858156,0.03668427
