Gaia/vari_eclipsing_binary/VariEclipsingBinary_465261-465278.csv
# %ECSV 1.0
# ---
# delimiter: ','
# meta: !!omap
# - RELEASE: Gaia DR3
# - TABLE: vari_eclipsing_binary
# - DESCRIPTION: >
#     This table describes the properties of the eclipsing binaries resulting from the variability analysis. 
# - CITATION: >
#     How to cite and acknowledge Gaia: 
#     https://gea.esac.esa.int/archive/documentation/credits.html 
# - KNOWN_ISSUES: >
#     Known issues: 
#     https://www.cosmos.esa.int/web/gaia-users/known-issues 
# - DOCUMENTATION: >
#     Tutorials and documentation: 
#     https://www.cosmos.esa.int/web/gaia-users/archive 
# datatype:
# - 
#   name: solution_id
#   datatype: int64
#   description: Solution Identifier
#   meta:
#     ucd: meta.version
# - 
#   name: source_id
#   datatype: int64
#   description: Unique source identifier
#   meta:
#     ucd: meta.id;meta.main
# - 
#   name: global_ranking
#   datatype: float32
#   description: Number between 0 (worst) and 1 (best)
#   meta:
#     ucd: stat.param
# - 
#   name: reference_time
#   datatype: float64
#   unit: d
#   description: Reference time used for the geometric model fit
#   meta:
#     ucd: time.epoch
# - 
#   name: frequency
#   datatype: float64
#   unit: d**-1
#   description: Frequency of geometric model of the eclipsing binary light curve
#   meta:
#     ucd: src.orbital
# - 
#   name: frequency_error
#   datatype: float32
#   unit: d**-1
#   description: "Uncertainty of \\texttt{frequency}"
#   meta:
#     ucd: stat.error
# - 
#   name: geom_model_reference_level
#   datatype: float32
#   unit: mag
#   description: Magnitude reference level of geometric model
#   meta:
#     ucd: phot.mag;em.opt
# - 
#   name: geom_model_reference_level_error
#   datatype: float32
#   unit: mag
#   description: "Uncertainty of \\texttt{geomModelReferenceLevel}"
#   meta:
#     ucd: stat.error;phot.mag;em.opt
# - 
#   name: geom_model_gaussian1_phase
#   datatype: float32
#   description: Phase of the Gaussian 1 component
#   meta:
#     ucd: time.phase
# - 
#   name: geom_model_gaussian1_phase_error
#   datatype: float32
#   description: "Uncertainty of \\texttt{geomModelGaussian1Phase}"
#   meta:
#     ucd: stat.error;time.phase
# - 
#   name: geom_model_gaussian1_sigma
#   datatype: float32
#   description: "Standard deviation [phase] of Gaussian 1 component"
#   meta:
#     ucd: stat.stdev
# - 
#   name: geom_model_gaussian1_sigma_error
#   datatype: float32
#   description: "Uncertainty of \\texttt{geomModelGaussian1Sigma}"
#   meta:
#     ucd: stat.error
# - 
#   name: geom_model_gaussian1_depth
#   datatype: float32
#   unit: mag
#   description: Magnitude depth of Gaussian 1 component
#   meta:
#     ucd: src.var.amplitude
# - 
#   name: geom_model_gaussian1_depth_error
#   datatype: float32
#   unit: mag
#   description: "Uncertainty of \\texttt{geomModelGaussian1Depth}"
#   meta:
#     ucd: stat.error;src.var.amplitude
# - 
#   name: geom_model_gaussian2_phase
#   datatype: float32
#   description: Phase of Gaussian 2 component
#   meta:
#     ucd: time.phase
# - 
#   name: geom_model_gaussian2_phase_error
#   datatype: float32
#   description: "Uncertainty of \\texttt{geomModelGaussian2Phase}"
#   meta:
#     ucd: stat.error;time.phase
# - 
#   name: geom_model_gaussian2_sigma
#   datatype: float32
[...]
#   datatype: float32
#   description: "Secondary eclipse: uncertainty of \\texttt{derivedSecondaryEclDuration}"
#   meta:
#     ucd: stat.error;time.duration
# - 
#   name: derived_secondary_ecl_depth
#   datatype: float32
#   unit: mag
#   description: "Secondary eclipse: depth"
#   meta:
#     ucd: src.var.amplitude
# - 
#   name: derived_secondary_ecl_depth_error
#   datatype: float32
#   unit: mag
#   description: "Secondary eclipse: uncertainty of \\texttt{derivedSecondaryEclDepth}"
#   meta:
#     ucd: stat.error;src.var.amplitude
solution_id,source_id,global_ranking,reference_time,frequency,frequency_error,geom_model_reference_level,geom_model_reference_level_error,geom_model_gaussian1_phase,geom_model_gaussian1_phase_error,geom_model_gaussian1_sigma,geom_model_gaussian1_sigma_error,geom_model_gaussian1_depth,geom_model_gaussian1_depth_error,geom_model_gaussian2_phase,geom_model_gaussian2_phase_error,geom_model_gaussian2_sigma,geom_model_gaussian2_sigma_error,geom_model_gaussian2_depth,geom_model_gaussian2_depth_error,geom_model_cosine_half_period_amplitude,geom_model_cosine_half_period_amplitude_error,geom_model_cosine_half_period_phase,geom_model_cosine_half_period_phase_error,model_type,num_model_parameters,reduced_chi2,derived_primary_ecl_phase,derived_primary_ecl_phase_error,derived_primary_ecl_duration,derived_primary_ecl_duration_error,derived_primary_ecl_depth,derived_primary_ecl_depth_error,derived_secondary_ecl_phase,derived_secondary_ecl_phase_error,derived_secondary_ecl_duration,derived_secondary_ecl_duration_error,derived_secondary_ecl_depth,derived_secondary_ecl_depth_error
[from data line 527]
375316653866487564,4092612424451431680,0.52203065,2170.850902093625,2.495451821663221,3.5882025E-5,18.115725,0.062157612,0.31435832,0.0063554253,0.09939073,0.02448428,0.27673724,0.050030306,0.81522465,0.019212525,0.09628577,0.037928093,0.28128955,0.051833224,null,null,null,null,"TWOGAUSSIANS",8,9.628831,0.81522465,0.019212525,0.4,0.0,0.26021546,0.023633944,0.31435832,0.006353594,0.4,0.0,0.2556622,0.02108008
375316653866487564,4092612591912739200,0.6243573,2276.1245033766963,1.1437319193694226,8.633069E-6,17.065447,0.007808541,0.252343,0.0030777832,0.098389685,0.006846065,0.20313893,0.012377232,0.7426995,0.0028975022,0.0845621,0.0057906094,0.37634784,0.028073445,null,null,null,null,"TWOGAUSSIANS",8,2.4632099,0.7426995,0.0028975022,0.4,0.0,0.365342,0.031299528,0.252343,0.0030777832,0.4,0.0,0.19213197,0.013069255
375316653866487564,4092612768049856512,0.44608504,2222.1955512691184,2.8832693394502416,8.41812E-5,18.659124,0.14944336,0.19401835,0.027625406,0.0812714,0.060183484,0.23277137,0.16708611,0.7366557,0.019658636,0.10390873,0.04782867,0.25478086,0.14317994,null,null,null,null,"TWOGAUSSIANS",8,22.702389,0.7366557,0.019623091,0.4,0.0,0.24814346,0.06417473,0.19399835,0.027484275,0.4,0.20454483,0.22615007,0.1142969
375316653866487564,4092612871129168896,0.47420388,2191.6309416813683,0.1854648993053507,2.9935421E-5,18.919937,0.100446,0.2198465,0.010729901,0.09126619,0.017354771,0.27230918,0.088453695,0.69508207,0.022726841,0.10885593,0.07094471,0.26202744,0.08166186,null,null,null,null,"TWOGAUSSIANS",8,2.0755835,0.2198665,0.010788285,0.4,0.0,0.255278,0.017526073,0.69508207,0.022726841,0.4,0.0,0.24497522,0.10269525
375316653866487564,4092613455244455808,0.53832126,2282.9248257155864,0.10122708587500093,6.25457E-5,19.059557,0.054362576,0.14348304,0.023465633,0.13729085,0.042323854,0.12475946,0.05815282,0.5693806,0.008530103,0.1118514,0.01741726,0.2381917,0.046984073,null,null,null,null,"TWOGAUSSIANS",8,1.4345104,0.5693806,0.008530103,0.4,0.0,0.21636704,0.0061492412,0.14437304,0.023001688,0.4,0.0,0.10207238,0.010810141
375316653866487564,4092613760172554496,0.4682671,2354.166640964276,0.5652765080534206,7.004241E-5,19.702059,0.154113,0.41950625,0.017766237,0.100922965,0.043125574,0.28227735,0.1653446,0.9140585,0.010585477,0.09369897,0.04515378,0.27484876,0.144808,null,null,null,null,"TWOGAUSSIANS",8,3.4416287,0.41950625,0.017783185,0.4,0.0,0.26317015,0.07861928,0.9140585,0.0105768135,0.4,0.0,0.25574392,0.059944086
375316653866487564,4092614172489429888,0.5552901,2265.2104478746296,3.7098524422478802,2.0826441E-5,18.76621,0.0077680293,0.31290635,0.00437002,0.07317273,0.0071559926,0.3827675,0.029421084,0.8019402,0.0064119278,0.07942485,0.0072270003,0.33455503,0.051109467,null,null,null,null,"TWOGAUSSIANS",8,2.313814,0.31290635,0.00437002,0.4,0.0029345858,0.38014787,0.03034714,0.8019402,0.0064119278,0.4,0.0,0.3319354,0.05224583
375316653866487564,4092614413007273216,0.48898932,2305.5452647941897,0.7354288398342023,5.1963754E-5,19.574135,0.10452049,0.27544078,0.013140294,0.06579039,0.01871729,0.25495586,0.03828226,0.7927345,0.085475914,0.10595908,0.12995994,0.1945865,0.100967206,null,null,null,null,"TWOGAUSSIANS",8,2.5189667,0.27544078,0.011067909,0.3684262,0.053142797,0.25049853,0.017375005,0.7927345,0.085475914,0.4,0.0,0.19012183,0.028489582
375316653866487564,4092614520396621824,0.49851617,2318.98880643585,0.24789992153664903,2.4930996E-5,19.334858,0.020592341,0.21677454,0.009783087,0.08721018,0.010825869,0.83935964,0.18426211,0.6695254,0.017841076,0.08479588,0.018380916,0.13294768,0.031833727,null,null,null,null,"TWOGAUSSIANS",8,2.443169,0.21677454,0.009783087,0.4,0.0,0.83526033,0.18587078,0.6695254,0.017841076,0.4,0.0050189877,0.12884945,0.03140727
375316653866487564,4092615310683191552,0.45672983,2301.5140280241817,0.5679865854394881,7.09072E-5,18.899612,0.11755877,0.15030102,0.017874982,0.11697352,0.06969958,0.14917074,0.11378596,0.667295,0.01331898,0.10087299,0.04714885,0.19658175,0.10375018,null,null,null,null,"TWOGAUSSIANS",8,4.516043,0.667335,0.013277504,0.4,0.0,0.17648461,0.043810863,0.15029103,0.017807363,0.4,0.0,0.12903789,0.027341314
375316653866487564,4092615448108436992,0.55905604,2178.751818366686,1.4756939609362099,7.805417E-5,18.739925,0.010106418,0.6107365,0.0073405355,0.037367962,0.00605021,0.6704818,0.046224616,null,null,null,null,null,null,null,null,null,null,"ONEGAUSSIAN",5,10.1835785,0.6107365,0.0073405355,0.20926058,0.033881176,0.6704818,0.0,null,null,null,null,null,null
375316653866487564,4092615654293756800,0.5254552,2210.5918396706425,0.4428362625961102,1.5445582E-4,16.281355,0.004655623,0.37067977,0.09773306,0.087207764,0.05586636,0.3075859,4.904838,0.82578826,0.017524932,0.028168669,0.012011505,0.10191356,0.04578944,null,null,null,null,"TWOGAUSSIANS",8,15.086255,0.37067977,0.09773306,0.4,0.20008016,0.30758002,4.9048443,0.82578826,0.017524932,0.15774454,0.06726443,0.10190806,0.04580263
375316653866487564,4092615753038310656,0.5161146,2222.627178088586,2.708749054906226,2.728698E-5,18.71874,0.028560648,0.25675023,0.0037526756,0.10468139,0.012197177,0.2841704,0.026810974,0.7599612,0.005331532,0.10428076,0.012502109,0.25682473,0.025601951,null,null,null,null,"TWOGAUSSIANS",8,2.0360558,0.25675023,0.0037526756,0.4,0.0,0.2544383,0.018784767,0.7599612,0.005331532,0.4,0.0,0.22709376,0.01778267
375316653866487564,4092616238383975808,0.5131578,2220.647658324626,0.09603914031582421,4.7131827E-5,19.187296,0.20697205,0.478056,0.03213478,0.2089986,0.094663806,0.2658598,0.21043998,0.622165,7.4528775E-4,0.017262667,0.0038735701,0.6373173,0.27554655,null,null,null,null,"TWOGAUSSIANS",8,3.1109965,0.622165,7.4528775E-4,0.09667094,0.021691993,0.8165888,0.27213365,0.478056,0.03213478,0.4,0.0,0.2354661,0.02019196
375316653866487564,4092616307128988416,0.6233743,2265.3326367914806,2.1687090774306936,6.1387186E-6,16.890863,0.0104945935,0.1786285,0.0015775576,0.07552185,0.0050290935,0.25319296,0.009463964,0.6741276,0.0015529118,0.08077864,0.005603454,0.48950163,0.02697773,null,null,null,null,"TWOGAUSSIANS",8,7.952879,0.6741276,0.0015529118,0.4,0.0,0.4856304,0.027998798,0.1786285,0.0015775576,0.4,0.0,0.24932173,0.009579543
375316653866487564,4092616410182777088,0.45563293,2202.438461400808,0.9745596913522984,3.3715412E-5,19.04925,0.012528416,0.27011433,0.04761421,0.08924609,0.050660163,0.07345631,0.04007289,0.7755096,0.0037657716,0.05383628,0.015435316,0.14261061,0.028487772,null,null,null,null,"TWOGAUSSIANS",8,2.100449,0.7755096,0.0037657716,0.30148315,0.08643777,0.14225835,0.029286224,0.27011433,0.04761421,0.4,0.15156473,0.07310402,0.040247254
375316653866487564,4092617269201696768,0.44786474,2275.1153010207126,1.1964928807332018,5.9949307E-5,17.455946,0.014627662,0.18170267,0.021365754,0.041620564,0.019922892,0.0417689,0.045997597,0.75125027,0.030836293,0.085883625,0.054758225,0.10552531,0.01980483,null,null,null,null,"TWOGAUSSIANS",8,8.495298,0.75125027,0.030836293,0.4,0.08438392,0.10551849,0.019702047,0.18170267,0.021360785,0.23307514,0.1115682,0.04176246,0.045951717
375316653866487564,4092617269201705344,0.66650647,2259.7324508370466,0.13222636624563047,1.115328E-5,16.693954,0.0029483258,0.28639323,0.0010723206,0.017297167,0.0019224089,0.408713,0.0057352553,0.77746683,0.024270562,0.031670004,0.02464668,0.064079754,0.044110753,0.07474914,0.002958954,0.28639323,0.0010723206,"TWOGAUSSIANS_WITH_ELLIPSOIDAL_ON_ECLIPSE1",9,5.4636493,0.28639323,0.0010723206,0.09686414,0.01076549,0.55821115,0.0032996966,0.7788568,0.022452852,0.17735201,0.13802141,0.21318127,0.043262023
375316653866487564,4092617269206303616,0.5723598,2259.7690916199076,2.435677442544549,8.400908E-6,16.943466,0.010098963,0.27000493,0.0060537043,0.037414353,0.015218641,0.10585504,0.018688511,0.7585378,0.07452263,0.06124566,0.04643161,0.10862485,0.1029453,0.05439112,0.015426497,0.27000493,0.0060537043,"TWOGAUSSIANS_WITH_ELLIPSOIDAL_ON_ECLIPSE1",9,5.8477426,0.7611578,0.07439949,0.3429757,0.260017,0.21695998,0.11428005,0.27000493,0.0060537043,0.20952037,0.08522439,0.21462531,0.01985956
375316653866487564,4092617333556909312,0.5348848,2257.903585846959,0.4432439153712408,9.902195E-6,17.435738,0.018721592,0.21955632,0.02695795,0.04787825,0.0072789984,0.7328684,0.5000535,0.71197605,0.029843403,0.15981753,0.09740499,0.030788735,0.017694464,null,null,null,null,"TWOGAUSSIANS",8,3.5269666,0.21955632,0.026975576,0.2681182,0.04076239,0.72893703,0.50024104,0.71197605,0.029843403,0.4,0.0,0.026391516,0.011457334
375316653866487564,4092617574075021440,0.6310649,2238.9887576103088,2.481110259309475,9.305185E-6,14.851865,0.006034198,0.29182717,0.0030294608,0.085648775,0.0047881096,0.33988896,0.011189324,0.7955053,0.0018969735,0.072384045,0.0031350767,0.2176377,0.008468182,null,null,null,null,"TWOGAUSSIANS",8,26.404041,0.29182717,0.0030294608,0.4,0.0,0.33645412,0.011801216,0.7955053,0.0018969735,0.4,0.0040978845,0.2142029,0.008266986
375316653866487564,4092617780237007872,0.5659392,2250.4477283651386,3.488577376107215,1.4470277E-5,18.338219,0.016243525,0.32501933,0.0047740634,0.07459435,0.0048178677,0.5224328,0.022143466,0.82388145,0.0044295457,0.07473542,0.007185703,0.392575,0.038371205,null,null,null,null,"TWOGAUSSIANS",8,6.4467916,0.32501933,0.0047740634,0.4,0.0,0.51918966,0.020760018,0.82388145,0.0044295457,0.4,0.0,0.38933185,0.03921722
375316653866487564,4092617887651464960,0.60697037,2248.3551865267345,2.5548192367700198,1.7362152E-5,18.636362,0.012827563,0.22560672,0.0024015869,0.07608987,0.003714556,0.41211352,0.015516447,0.7282396,0.0035220243,0.08941884,0.009321956,0.28231144,0.039097812,null,null,null,null,"TWOGAUSSIANS",8,1.3572273,0.22560672,0.0024015869,0.4,0.0,0.4054865,0.013524705,0.7282396,0.0035220243,0.4,0.0,0.27568436,0.04123243
375316653866487564,4092618471767145728,0.5761229,2294.122259848002,3.7779806650005847,8.294621E-6,16.526743,0.0148424655,0.19427904,0.0052303174,0.07691967,0.0067074103,0.29974782,0.017896596,0.68297434,0.010959247,0.08487086,0.011895527,0.29529718,0.04289152,null,null,null,null,"TWOGAUSSIANS",8,9.921239,0.19427904,0.0052303174,0.4,0.0,0.29571998,0.015121851,0.68297434,0.010959247,0.4,0.0,0.2912693,0.044843107
375316653866487564,4092618540498451328,0.48201215,2258.436251707939,0.3164229818401765,4.7102123E-5,19.573725,0.11537242,0.30423182,0.0069465055,0.0838656,0.013012008,0.50971025,0.1125647,0.7581126,0.009124907,0.13858567,0.04665026,0.36561978,0.13821423,null,null,null,null,"TWOGAUSSIANS",8,2.3682828,0.30473182,0.0064793355,0.4,0.0,0.47270924,0.072432734,0.7581126,0.009124907,0.4,0.0,0.32674125,0.12108837
375316653866487564,4092618948468093184,0.5351418,2244.9764079682586,0.41323749387687875,4.5251432E-5,18.092907,0.0045282547,0.51848483,0.010622056,0.12996413,0.010723914,0.35894984,0.021484444,0.9412874,0.0012102755,0.022647632,0.0040550493,0.033933166,0.0024612006,null,null,null,null,"TWOGAUSSIANS",8,2.8618214,0.51848483,0.010622056,0.4,0.0,0.3584727,0.021721106,0.9412874,0.0012102755,0.12682675,0.022708276,0.03528135,0.002812412
375316653866487564,4092619571279207424,0.44892034,2343.0708758900278,4.396533351426331,4.324063E-5,17.93882,0.07228432,0.49757805,0.017319307,0.22787002,0.10269289,0.08052646,0.06893114,0.9587591,0.0072444486,0.027684275,0.019945227,0.032589357,0.045851573,null,null,null,null,"TWOGAUSSIANS",8,2.3450348,0.49757805,0.017319307,0.4,0.0,0.06463703,0.007593845,0.9587591,0.0072444486,0.15503195,0.11169326,0.031994432,0.04684543
375316653866487564,4092619876178735488,0.58969086,2311.3208540989954,3.31282794991257,2.0783897E-5,17.878183,0.039182175,0.24471873,0.005567037,0.04489226,0.008220204,0.3431512,0.10702684,0.7682506,0.007202197,0.046935774,0.025929898,0.325672,0.44881496,0.14926204,0.045830335,0.24471873,0.005567037,"TWOGAUSSIANS_WITH_ELLIPSOIDAL_ON_ECLIPSE1",9,11.916381,0.24471873,0.005567037,0.25139666,0.046033144,0.64167464,0.028436607,0.7682506,0.007202197,0.26284033,0.14520743,0.6177168,0.5249291
375316653866487564,4092620017962022400,0.587219,2236.368475085231,3.3975772037937797,1.3990877E-5,18.785412,0.015543119,0.31621188,0.009733051,0.07413724,0.00873278,0.3474667,0.02872779,0.8147076,0.007139505,0.065735534,0.011714556,0.40513766,0.020973267,null,null,null,null,"TWOGAUSSIANS",8,3.1224313,0.8147076,0.007139505,0.368119,0.034385238,0.40393347,0.020972984,0.31621188,0.009733051,0.4,0.0027249225,0.3462625,0.027448604
375316653866487564,4092620529012721024,0.6091698,2250.851217579836,2.252541825401462,1.8065466E-5,15.757254,0.0073499503,0.2916818,0.01256945,0.072654985,0.019214489,0.13481021,0.09531667,0.78715026,0.0030757785,0.075671114,0.006225107,0.3004955,0.011681811,null,null,null,null,"TWOGAUSSIANS",8,20.46489,0.78715026,0.0030757785,0.4,0.0,0.29925692,0.012106932,0.2916818,0.01256945,0.4,0.0862524,0.13357164,0.09638215
375316653866487564,4092621014394743168,0.53495955,2310.8031136426002,1.153698611185068,4.0376923E-5,19.683994,0.043842353,0.28874993,0.008006666,0.06892299,0.014018339,0.20984313,0.030912967,0.52693313,0.040746316,0.18092115,0.062098227,0.15507053,0.030889543,null,null,null,null,"TWOGAUSSIANS",8,1.535589,0.29996994,0.0109422775,0.38596874,0.07065682,0.27075377,0.027686121,0.52693313,0.040746316,0.4,0.0,0.14866322,0.021435773
375316653866487564,4092621181847730304,0.5785984,2292.4810079315207,3.078952373670094,3.8775936E-5,16.700842,0.0070853326,0.19244912,0.0045436113,0.07458036,0.0058242134,0.44540784,0.021091206,0.6798946,0.016948383,0.08097831,0.012705737,0.37492028,0.04603196,null,null,null,null,"TWOGAUSSIANS",8,32.737713,0.19244912,0.0045436113,0.4,0.0018372522,0.4418374,0.021832658,0.6798946,0.016948383,0.4,0.0,0.3713498,0.047463924
375316653866487564,4092621388024973184,0.49127403,2274.1208032895274,2.7143303592176182,2.7662549E-5,18.887583,0.017762264,0.30643725,0.02157483,0.07789239,0.030291235,0.123990946,0.057816282,0.78144616,0.0048604566,0.06004699,0.021254996,0.20421968,0.054110408,null,null,null,null,"TWOGAUSSIANS",8,2.7159476,0.78144616,0.0048604566,0.33626315,0.10484362,0.2040022,0.05529031,0.30643725,0.02157483,0.4,0.05594802,0.123773456,0.058213834
375316653866487564,4092621491089033088,0.59859294,2257.282312243908,3.3083546671030226,1.2789962E-5,18.563879,0.012942363,0.28403082,0.0016099733,0.059805572,0.0030312657,0.63046795,0.025480848,0.78141785,0.013596058,0.06160029,0.012587834,0.6296758,0.03549495,null,null,null,null,"TWOGAUSSIANS",8,4.176213,0.28403082,0.0016099733,0.3349112,0.016975088,0.63022876,0.02549391,0.78141785,0.013596058,0.3449616,0.05552473,0.6294366,0.035133902
375316653866487564,4092622113901886720,0.60293806,2199.2490683686096,2.275090354803892,1.5334374E-5,18.401423,0.016423196,0.27532274,0.012650717,0.080031335,0.008967449,0.446474,0.028049883,0.78894746,0.003491848,0.080994904,0.0057519237,0.42865998,0.015178977,null,null,null,null,"TWOGAUSSIANS",8,3.3435657,0.27532274,0.012650717,0.4,0.0,0.4410711,0.021890346,0.78894746,0.003491848,0.4,0.0,0.42325708,0.013093428
375316653866487564,4092622453161728000,0.45260757,2236.226653016944,0.10111378274619001,6.543748E-5,19.354853,0.03575379,0.3190029,0.014408111,0.08379103,0.017760674,0.27410087,0.04230311,0.8350727,0.040616557,0.08826304,0.039607387,0.38393643,0.37926954,null,null,null,null,"TWOGAUSSIANS",8,2.47739,0.8350727,0.040616557,0.4,0.10458345,0.3766971,0.38383386,0.3190029,0.014408111,0.4,0.009263328,0.26686165,0.037810896
375316653866487564,4092622590597902080,0.5127475,2255.517222994414,0.10781895993728216,3.8090966E-5,18.049435,0.0037385642,0.27329832,0.001920378,0.016190827,0.0015235569,0.0986344,0.0065439525,0.7386399,0.040275868,0.04166256,0.039511684,0.042396456,1.55312886E10,null,null,null,null,"TWOGAUSSIANS",8,1.4052061,0.27329832,0.001920378,0.090668626,0.008531919,0.0986344,0.0065439525,0.7386399,0.040275868,0.23331033,0.22126544,0.042396456,1.55312886E10
