Gaia/vari_eclipsing_binary/VariEclipsingBinary_386631-386952.csv
# %ECSV 1.0
# ---
# delimiter: ','
# meta: !!omap
# - RELEASE: Gaia DR3
# - TABLE: vari_eclipsing_binary
# - DESCRIPTION: >
#     This table describes the properties of the eclipsing binaries resulting from the variability analysis. 
# - CITATION: >
#     How to cite and acknowledge Gaia: 
#     https://gea.esac.esa.int/archive/documentation/credits.html 
# - KNOWN_ISSUES: >
#     Known issues: 
#     https://www.cosmos.esa.int/web/gaia-users/known-issues 
# - DOCUMENTATION: >
#     Tutorials and documentation: 
#     https://www.cosmos.esa.int/web/gaia-users/archive 
# datatype:
# - 
#   name: solution_id
#   datatype: int64
#   description: Solution Identifier
#   meta:
#     ucd: meta.version
# - 
#   name: source_id
#   datatype: int64
#   description: Unique source identifier
#   meta:
#     ucd: meta.id;meta.main
# - 
#   name: global_ranking
#   datatype: float32
#   description: Number between 0 (worst) and 1 (best)
#   meta:
#     ucd: stat.param
# - 
#   name: reference_time
#   datatype: float64
#   unit: d
#   description: Reference time used for the geometric model fit
#   meta:
#     ucd: time.epoch
# - 
#   name: frequency
#   datatype: float64
#   unit: d**-1
#   description: Frequency of geometric model of the eclipsing binary light curve
#   meta:
#     ucd: src.orbital
# - 
#   name: frequency_error
#   datatype: float32
#   unit: d**-1
#   description: "Uncertainty of \\texttt{frequency}"
#   meta:
#     ucd: stat.error
# - 
#   name: geom_model_reference_level
#   datatype: float32
#   unit: mag
#   description: Magnitude reference level of geometric model
#   meta:
#     ucd: phot.mag;em.opt
# - 
#   name: geom_model_reference_level_error
#   datatype: float32
#   unit: mag
#   description: "Uncertainty of \\texttt{geomModelReferenceLevel}"
#   meta:
#     ucd: stat.error;phot.mag;em.opt
# - 
#   name: geom_model_gaussian1_phase
#   datatype: float32
#   description: Phase of the Gaussian 1 component
#   meta:
#     ucd: time.phase
# - 
#   name: geom_model_gaussian1_phase_error
#   datatype: float32
#   description: "Uncertainty of \\texttt{geomModelGaussian1Phase}"
#   meta:
#     ucd: stat.error;time.phase
# - 
#   name: geom_model_gaussian1_sigma
#   datatype: float32
#   description: "Standard deviation [phase] of Gaussian 1 component"
#   meta:
#     ucd: stat.stdev
# - 
#   name: geom_model_gaussian1_sigma_error
#   datatype: float32
#   description: "Uncertainty of \\texttt{geomModelGaussian1Sigma}"
#   meta:
#     ucd: stat.error
# - 
#   name: geom_model_gaussian1_depth
#   datatype: float32
#   unit: mag
#   description: Magnitude depth of Gaussian 1 component
#   meta:
#     ucd: src.var.amplitude
# - 
#   name: geom_model_gaussian1_depth_error
#   datatype: float32
#   unit: mag
#   description: "Uncertainty of \\texttt{geomModelGaussian1Depth}"
#   meta:
#     ucd: stat.error;src.var.amplitude
# - 
#   name: geom_model_gaussian2_phase
#   datatype: float32
#   description: Phase of Gaussian 2 component
#   meta:
#     ucd: time.phase
# - 
#   name: geom_model_gaussian2_phase_error
#   datatype: float32
#   description: "Uncertainty of \\texttt{geomModelGaussian2Phase}"
#   meta:
#     ucd: stat.error;time.phase
# - 
#   name: geom_model_gaussian2_sigma
#   datatype: float32
[...]
#   datatype: float32
#   description: "Secondary eclipse: uncertainty of \\texttt{derivedSecondaryEclDuration}"
#   meta:
#     ucd: stat.error;time.duration
# - 
#   name: derived_secondary_ecl_depth
#   datatype: float32
#   unit: mag
#   description: "Secondary eclipse: depth"
#   meta:
#     ucd: src.var.amplitude
# - 
#   name: derived_secondary_ecl_depth_error
#   datatype: float32
#   unit: mag
#   description: "Secondary eclipse: uncertainty of \\texttt{derivedSecondaryEclDepth}"
#   meta:
#     ucd: stat.error;src.var.amplitude
solution_id,source_id,global_ranking,reference_time,frequency,frequency_error,geom_model_reference_level,geom_model_reference_level_error,geom_model_gaussian1_phase,geom_model_gaussian1_phase_error,geom_model_gaussian1_sigma,geom_model_gaussian1_sigma_error,geom_model_gaussian1_depth,geom_model_gaussian1_depth_error,geom_model_gaussian2_phase,geom_model_gaussian2_phase_error,geom_model_gaussian2_sigma,geom_model_gaussian2_sigma_error,geom_model_gaussian2_depth,geom_model_gaussian2_depth_error,geom_model_cosine_half_period_amplitude,geom_model_cosine_half_period_amplitude_error,geom_model_cosine_half_period_phase,geom_model_cosine_half_period_phase_error,model_type,num_model_parameters,reduced_chi2,derived_primary_ecl_phase,derived_primary_ecl_phase_error,derived_primary_ecl_duration,derived_primary_ecl_duration_error,derived_primary_ecl_depth,derived_primary_ecl_depth_error,derived_secondary_ecl_phase,derived_secondary_ecl_phase_error,derived_secondary_ecl_duration,derived_secondary_ecl_duration_error,derived_secondary_ecl_depth,derived_secondary_ecl_depth_error
[from data line 218]
375316653866487564,3401521120982173824,0.44690153,2300.924904468684,4.312976517342758,2.6003787E-5,18.897831,0.059975903,0.15890245,0.008191161,0.08973091,0.019408798,0.17130785,0.05924075,0.6358729,0.009591889,0.1403193,0.060222484,0.13882183,0.051320456,null,null,null,null,"TWOGAUSSIANS",8,5.0675464,0.15923245,0.007826197,0.4,0.0,0.1499471,0.028244533,0.6358729,0.009591889,0.4,0.0,0.11689662,0.026416298
375316653866487564,3401522018630635136,0.55663925,2313.807440936484,2.2494548793676192,1.0320351E-5,16.33079,0.014791326,0.15516745,0.002601894,0.03912775,0.010486167,0.13882574,0.027674064,0.65383106,0.006708758,0.05543389,0.01521671,0.13820498,0.028352922,0.062453475,0.018773347,0.15516745,0.002601894,"TWOGAUSSIANS_WITH_ELLIPSOIDAL_ON_ECLIPSE1",9,32.304012,0.15516745,0.002601894,0.21911539,0.058722537,0.2637275,0.024599086,0.6540711,0.0057646227,0.3104298,0.08521357,0.26309952,0.013213304
375316653866487564,3401522083054501248,0.6431655,2305.1336518633475,2.73644763669122,3.50322E-6,11.912312,0.00863156,0.22524372,0.0022595488,0.052413687,0.004686395,0.25289878,0.016731154,0.72831976,0.0028342013,0.04815992,0.003357381,0.2522508,0.01984699,0.10183032,0.009384447,0.22524372,0.0022595488,"TWOGAUSSIANS_WITH_ELLIPSOIDAL_ON_ECLIPSE1",9,96.91591,0.22524372,0.0022595488,0.29351667,0.026243813,0.45655587,0.0069442573,0.72831976,0.0028342013,0.26969555,0.018801333,0.45583183,0.0094148265
375316653866487564,3401523599176950656,0.42377517,2364.1515744301546,2.19789787176228,4.2314183E-5,19.587683,0.019244194,0.15555683,0.011310957,0.031552017,0.015583934,0.23721732,0.65269333,0.6372035,0.008214078,0.054780453,0.009032806,0.55089873,0.29046476,null,null,null,null,"TWOGAUSSIANS",8,5.8884773,0.6372035,0.008214078,0.30677053,0.050583713,0.55089873,0.2904648,0.15555683,0.011310957,0.1766913,0.08727004,0.2372173,0.65269333
375316653866487564,3401525450309283840,0.6207123,2258.084565082495,0.7621114132817081,4.9405575E-5,17.115496,0.0012803255,0.13956288,0.0256202,0.035428345,0.018319257,0.012776824,0.0028389755,0.70444536,6.8137323E-4,0.036164694,8.0653536E-4,0.46620953,0.002976145,null,null,null,null,"TWOGAUSSIANS",8,1.9252582,0.70444536,6.8137323E-4,0.2025223,0.004516598,0.46620953,0.002976145,0.13956288,0.0256202,0.19839872,0.102587834,0.012776824,0.0028389755
375316653866487564,3401526378022256768,0.466848,2310.6458047518054,0.25045243563495806,5.18316E-5,19.217817,0.013285901,0.16331033,0.016366811,0.0068274876,0.0130988415,0.78409886,1.66700416E9,0.8559017,0.001872254,0.023451516,0.002916544,0.5159691,0.043336853,0.037515093,0.015020153,0.16331033,0.016366811,"TWOGAUSSIANS_WITH_ELLIPSOIDAL_ON_ECLIPSE1",9,8.349831,0.16331033,0.016366811,0.03823393,0.073353514,0.859129,1.66700416E9,0.8559017,0.001872254,0.1313285,0.016332647,0.5253152,0.043391526
375316653866487564,3401527408814447488,0.57169867,2281.795028582372,4.301499602747137,3.4767883E-5,19.876614,0.015771484,0.2780963,0.0058786655,0.039725937,0.005132362,0.59884804,0.06166707,0.77795726,0.0055264407,0.035113305,0.01521201,0.65277946,14.632714,0.15509778,0.019990563,0.77795726,0.0055264407,"TWOGAUSSIANS_WITH_ELLIPSOIDAL_ON_ECLIPSE2",9,1.7520101,0.77795726,0.0055264407,0.1966345,0.08518726,0.96297497,14.648152,0.2780863,0.005396209,0.22246526,0.028741227,0.9090434,0.05974801
375316653866487564,3401538163411025664,0.48800832,2292.9614870494893,3.6591715386027475,2.3890094E-5,19.328024,0.0047526467,null,null,null,null,null,null,null,null,null,null,null,null,0.086590625,0.007748618,0.26014695,0.0055742133,"ELLIPSOIDAL",4,1.9386905,null,null,null,null,null,null,null,null,null,null,null,null
375316653866487564,3401542801975800576,0.66162467,2313.957483277073,0.3634451704648891,3.30967E-5,17.497179,0.0033761652,0.25995922,0.07892254,0.016118957,0.07993265,0.1806934,1.0119141,0.7521823,0.0054128747,0.01177326,0.0032764783,0.66738,0.18236509,null,null,null,null,"TWOGAUSSIANS",8,1.7080028,0.7521823,0.0054128747,0.065930255,0.018348278,0.66738,0.1823651,0.25995922,0.07892254,0.09026615,0.30328807,0.1806934,1.0119141
375316653866487564,3401554763459588992,0.49485224,2293.9885539533116,3.886691878409781,1.9460753E-5,19.81004,0.014223052,0.2752854,0.0053515085,0.074974634,0.01302721,0.4274192,0.094560385,0.7689132,0.0050921105,0.08387644,0.0083224755,0.34143963,0.027071018,null,null,null,null,"TWOGAUSSIANS",8,1.3514549,0.2752854,0.0053515085,0.4,0.0,0.42271456,0.09929878,0.7689132,0.0050921105,0.4,0.0,0.336735,0.0275282
375316653866487564,3401560020501906304,0.513146,2301.367083754723,4.807563201592134,6.068859E-5,18.51629,0.004851098,0.22602077,0.018046353,0.057407487,0.015808793,0.04898202,0.0149909165,0.5750819,0.0022758264,0.020465145,0.0019224912,0.58494884,0.07211783,null,null,null,null,"TWOGAUSSIANS",8,1.6703447,0.5750819,0.0022758264,0.11460481,0.010765951,0.58494884,0.07211783,0.22602077,0.018046353,0.32148194,0.088529244,0.04898202,0.0149909165
375316653866487564,3401564830864518784,0.525383,2324.6619690580565,3.4212781242523693,2.1753078E-5,17.451849,0.017021945,0.19670722,0.0023672169,0.09363045,0.006697331,0.38477197,0.014952789,0.70588964,0.006239216,0.088293,0.005288267,0.38053447,0.030760333,null,null,null,null,"TWOGAUSSIANS",8,22.525776,0.19670722,0.0023672169,0.4,0.0,0.36954382,0.013454335,0.70588964,0.006239216,0.4,0.0,0.36530676,0.028754156
375316653866487564,3401577200370161152,0.61032325,2322.625382390382,2.2898896568901517,7.389422E-6,13.855946,0.0053294376,0.19464396,0.0010638771,0.09409906,0.004538204,0.123179525,0.0046965107,0.6830457,0.0015709512,0.09835331,0.0039333813,0.19492689,0.004926933,null,null,null,null,"TWOGAUSSIANS",8,20.158516,0.6830457,0.0015709512,0.4,0.0,0.18586338,0.004059966,0.19464396,0.0010638771,0.4,0.0,0.114116915,0.0023984604
375316653866487564,3401589015823234432,0.43176967,2262.625402506952,3.7611787158958525,4.8130456E-5,19.614988,0.03607204,0.32990134,0.02202676,0.07877672,0.021325653,0.22122276,0.03833804,0.814049,0.022336243,0.079970844,0.04129236,0.23084266,0.37920475,null,null,null,null,"TWOGAUSSIANS",8,3.7792509,0.814049,0.022336243,0.4,0.12553845,0.22853996,0.3815279,0.32990134,0.02202676,0.4,0.020000944,0.21892005,0.030462675
375316653866487564,3401595406735471488,0.59266,2289.6484350180895,0.58956633875185,2.7566026E-5,17.865025,0.0023378502,0.1240049,0.011920644,0.013463106,0.05468317,0.008687372,0.006170245,0.30151546,1.8154363E-4,0.024818167,4.932834E-4,0.355014,0.003522105,null,null,null,null,"TWOGAUSSIANS",8,1.1543722,0.30151546,1.8154363E-4,0.13898174,0.002762387,0.355014,0.0035233214,0.1240049,0.011920644,0.07539339,0.30622575,0.008687372,0.006170245
375316653866487564,3401597914995686272,0.53607297,2275.9339730071915,3.068660293187911,1.0803724E-5,19.484062,0.035842553,0.25820938,0.0032136603,0.102161996,0.008104782,0.45231992,0.03344978,0.74871004,0.0051246667,0.10756567,0.01083006,0.45440754,0.035494823,null,null,null,null,"TWOGAUSSIANS",8,1.5825363,0.74871004,0.0051246667,0.4,0.0,0.40701112,0.014412441,0.25821936,0.0032124126,0.4,0.0,0.4049372,0.014362594
375316653866487564,3401604069685605760,0.6209841,2306.411372549091,2.5280568920443933,1.0815183E-5,14.984627,0.015779579,0.23749001,0.0020950825,0.111211605,0.008143622,0.21101591,0.014458646,0.7400398,0.002696761,0.11114175,0.008442235,0.21925601,0.014236607,null,null,null,null,"TWOGAUSSIANS",8,14.997608,0.7400398,0.0027015468,0.4,0.0,0.18582276,0.0044911844,0.23749001,0.0020995836,0.4,0.0,0.1775831,0.0031448128
375316653866487564,3401611555812950144,0.53703266,2317.9519574475767,4.4111219852319845,1.9164187E-5,18.978115,0.007071401,0.24054398,0.0036400263,0.042136986,0.012624035,0.11230285,0.022248885,0.74244183,0.0047291867,0.039835874,0.009638872,0.20150682,0.05216219,0.10421654,0.012895404,0.24054398,0.0036400263,"TWOGAUSSIANS_WITH_ELLIPSOIDAL_ON_ECLIPSE1",9,2.709054,0.74244183,0.004515006,0.2230809,0.053977683,0.40991023,0.055243555,0.24054398,0.0036400263,0.23596711,0.070694596,0.3207359,0.017664067
375316653866487564,3401612620964761984,0.6177372,2346.452760953118,2.53185047641324,1.4528495E-5,17.676561,0.008535381,0.26404566,0.0016993715,0.09193824,0.0031200056,0.37796226,0.0077357213,0.76700854,0.003984658,0.10270211,0.0047087665,0.3341162,0.012421003,null,null,null,null,"TWOGAUSSIANS",8,2.1541295,0.26404566,0.0016993715,0.4,0.0,0.35290182,0.005270662,0.76700854,0.003984658,0.4,0.0,0.30905122,0.0088477675
375316653866487564,3401615953859564672,0.5083146,2335.681358854381,3.4942258933116856,1.4537103E-5,19.252914,0.0049537322,0.31659472,0.004884204,0.025027815,0.004422156,0.13184276,0.012070543,0.73497915,0.008240548,0.0152120665,0.013019086,0.09435774,0.26271462,0.06901682,0.009955769,0.73497915,0.008240548,"TWOGAUSSIANS_WITH_ELLIPSOIDAL_ON_ECLIPSE2",9,1.625787,0.31313473,0.00417829,0.14015576,0.024764074,0.23792736,0.01386908,0.73497915,0.008240548,0.08518757,0.07290688,0.23239139,0.26555803
375316653866487564,3401621455711018112,0.58775437,2285.303679511609,2.596837972394926,1.07292335E-5,18.132631,0.009253722,0.20639937,0.0032090945,0.045558657,0.009070493,0.2738611,0.019685106,0.710639,0.012842244,0.04329722,0.009235218,0.22165895,0.039731987,0.13052674,0.012436181,0.20639937,0.0032090945,"TWOGAUSSIANS_WITH_ELLIPSOIDAL_ON_ECLIPSE1",9,5.2154336,0.20639937,0.0032090945,0.25512847,0.050794765,0.5349145,0.013165444,0.710639,0.012168921,0.24246444,0.05171722,0.48252708,0.034380194
375316653866487564,3401623444282617472,0.47077528,2309.553000229065,3.1893100484639785,6.914289E-5,19.345669,0.0036192108,0.27833307,0.0050264243,0.011346938,0.008813215,0.3294015,1545508.0,0.75732005,0.0066257943,0.04603439,0.007588899,0.18561715,0.026079318,null,null,null,null,"TWOGAUSSIANS",8,1.2621222,0.27833307,0.0050264243,0.06354285,0.049354006,0.3294015,1545508.0,0.75732005,0.0066257943,0.25779256,0.042497836,0.18561715,0.026079318
375316653866487564,3401623959678722176,0.4491041,2303.680380357418,1.7560360176530387,1.0851663E-5,18.285269,0.0073088855,0.28769857,0.006613617,0.026834968,0.0048236633,0.22187077,0.078707375,0.7698763,0.0014902618,0.021880744,0.0026138674,0.22352244,0.012146937,null,null,null,null,"TWOGAUSSIANS",8,12.515502,0.7698763,0.0014902618,0.12253217,0.014637657,0.22352244,0.012146937,0.28769857,0.006613617,0.15027583,0.027012514,0.22187077,0.078707375
375316653866487564,3401625815104862720,0.57768214,2344.0657398749267,2.265349723215114,2.5654095E-5,16.46301,0.014106669,0.28312898,0.009647816,0.04360158,0.011154947,0.3204795,0.24995816,0.77746767,0.003839266,0.042529263,0.0047187624,0.5853154,0.041264366,0.04069089,0.017347356,0.28312898,0.009647816,"TWOGAUSSIANS_WITH_ELLIPSOIDAL_ON_ECLIPSE1",9,50.94983,0.7775777,0.003711503,0.23816387,0.02642507,0.6665962,0.040405657,0.28312898,0.009647816,0.24416886,0.0624677,0.40186122,0.25437567
375316653866487564,3401631248237000192,0.54402417,2329.294603232258,3.948361231070941,1.6470976E-5,19.739567,0.011055191,0.28358978,0.0035753737,0.06663257,0.0037268135,0.63409394,0.0435991,0.78407836,0.0067330287,0.07606144,0.011053521,0.60394377,0.11749885,null,null,null,null,"TWOGAUSSIANS",8,2.5052428,0.28358978,0.0035753737,0.3731424,0.020870155,0.63146687,0.04364309,0.78407836,0.0067330287,0.4,0.0,0.6013167,0.11990864
375316653866487564,3401631312663090688,0.5649091,2352.11704455295,3.3007340279174415,1.14153945E-5,18.280764,0.006642242,0.260953,0.0048871953,0.07824279,0.004453023,0.39727622,0.024515351,0.7561576,0.0028713099,0.07705481,0.0033833175,0.38266265,0.007978425,null,null,null,null,"TWOGAUSSIANS",8,3.6309175,0.260953,0.0048871953,0.4,0.0,0.39331582,0.024747534,0.7561576,0.0028713099,0.4,0.0,0.37870225,0.007560445
375316653866487564,3401640143115350912,0.55711037,2305.199494435732,2.5418250484427327,8.130104E-6,15.695426,0.012295927,0.21069363,0.0027435266,0.0766872,0.0062633757,0.2894614,0.016720923,0.7067816,0.0041521057,0.09188947,0.0054708607,0.46890756,0.02727039,null,null,null,null,"TWOGAUSSIANS",8,114.9463,0.7067816,0.0041521057,0.4,0.0,0.46031463,0.02816662,0.21069363,0.0027435266,0.4,0.0,0.28086886,0.01732815
375316653866487564,3401643583384519296,0.44786522,2336.050211835819,2.514774622226356,3.053188E-5,16.557463,0.29276282,0.27260113,0.020623278,0.27856818,0.17736691,0.34666798,0.28220856,0.7650474,0.009136508,0.13030693,0.03630243,0.215091,0.12812756,null,null,null,null,"TWOGAUSSIANS",8,21.117352,0.7650474,0.009136508,0.4,0.0,0.08539855,0.009860494,0.27301112,0.020922545,0.4,0.0,0.07976953,0.01043389
375316653866487564,3401644266283776384,0.5464194,2359.000879010217,4.033126062309479,2.9505598E-5,19.255587,0.008731162,0.25907326,0.004706907,0.036406364,0.009301743,0.31892616,0.09627053,0.76577675,0.015927674,0.041871108,0.015590508,0.2045031,0.1203998,0.13034171,0.012311597,0.25907326,0.004706907,"TWOGAUSSIANS_WITH_ELLIPSOIDAL_ON_ECLIPSE1",9,2.7088702,0.25907326,0.004706907,0.20387563,0.05208976,0.5796095,0.09918565,0.76577675,0.015645312,0.23447819,0.08730684,0.46472427,0.12644392
375316653866487564,3401650897713589760,0.49099758,2362.3309215799727,0.7727578617759369,2.4736017E-5,15.615792,0.0019387371,0.33783236,0.0032489337,0.022830969,0.0068497173,0.099778585,0.047721367,0.83379745,0.004123301,0.023660937,0.006391117,0.10130862,0.045674335,0.015569301,0.003009186,0.33783236,0.0032489337,"TWOGAUSSIANS_WITH_ELLIPSOIDAL_ON_ECLIPSE1",9,17.382586,0.83384746,0.003978346,0.13250124,0.035790253,0.13242741,0.046886772,0.33783236,0.0032489337,0.12785342,0.038358416,0.13091712,0.048158653
375316653866487564,3401657735301696768,0.5056752,2322.1989118136794,3.5903091313231195,3.9761882E-5,16.743683,0.020713571,0.24890974,0.005141726,0.0854684,0.010722395,0.2742015,0.018389614,0.72969687,0.0060037053,0.09348186,0.013135961,0.30683282,0.02073918,null,null,null,null,"TWOGAUSSIANS",8,61.062702,0.72969687,0.0060037053,0.4,0.0,0.29819965,0.019661747,0.24890974,0.005141726,0.4,0.0,0.2655689,0.013568882
375316653866487564,3401659217065416064,0.5924454,2301.1119418356584,2.7946721948680833,1.26375535E-5,17.257471,0.005225351,0.27581903,0.0025606598,0.08105707,0.0032485244,0.40737334,0.00809613,0.77636427,0.0024943112,0.07686244,0.0040783323,0.43526685,0.03401862,null,null,null,null,"TWOGAUSSIANS",8,8.205883,0.77636427,0.0024943112,0.4,0.0,0.42972985,0.03497237,0.27581903,0.0025606598,0.4,0.0,0.40183634,0.008116991
375316653866487564,3401664645904178816,0.7372605,2322.938849273626,0.42988715189963633,1.1329124E-6,16.487862,0.0010243568,0.28926048,1.7926407E-4,0.015222981,2.1580295E-4,0.6512614,0.0041917325,0.7823052,0.0024820715,0.011780378,0.0016062533,0.52418095,0.034374222,null,null,null,null,"TWOGAUSSIANS",8,2.1894019,0.28926048,1.7926407E-4,0.085248694,0.0012084965,0.6512614,0.0041917325,0.7823052,0.0024820715,0.065970115,0.008995019,0.52418095,0.034374222
375316653866487564,3401669971663616896,0.5256231,2346.5808793529877,0.3383042344348087,4.091089E-4,16.124546,0.0037311048,0.32548413,0.02114193,0.08032612,0.015081927,0.03702329,0.015771654,0.7810363,0.0073868744,0.0226655,0.00453075,0.4286516,0.041539624,null,null,null,null,"TWOGAUSSIANS",8,40.298347,0.7810363,0.0073868744,0.12692681,0.025372202,0.42865154,0.041539505,0.32548413,0.02114193,0.4,0.0010825391,0.0370232,0.01577175
375316653866487564,3401671719714660224,0.5015372,2316.964350790104,4.223318504602423,2.0455007E-5,19.798925,0.019566447,0.18892118,0.010732388,0.06251488,0.008064281,0.7327458,0.062457275,0.6966095,0.007545482,0.06745903,0.006103997,0.7134698,0.07342822,null,null,null,null,"TWOGAUSSIANS",8,6.798089,0.18892118,0.010732388,0.35008332,0.045159977,0.7320433,0.06266225,0.6966095,0.007545482,0.37777057,0.034182385,0.7127673,0.07343716
