Gaia/vari_eclipsing_binary/VariEclipsingBinary_234762-234910.csv
# %ECSV 1.0
# ---
# delimiter: ','
# meta: !!omap
# - RELEASE: Gaia DR3
# - TABLE: vari_eclipsing_binary
# - DESCRIPTION: >
#     This table describes the properties of the eclipsing binaries resulting from the variability analysis. 
# - CITATION: >
#     How to cite and acknowledge Gaia: 
#     https://gea.esac.esa.int/archive/documentation/credits.html 
# - KNOWN_ISSUES: >
#     Known issues: 
#     https://www.cosmos.esa.int/web/gaia-users/known-issues 
# - DOCUMENTATION: >
#     Tutorials and documentation: 
#     https://www.cosmos.esa.int/web/gaia-users/archive 
# datatype:
# - 
#   name: solution_id
#   datatype: int64
#   description: Solution Identifier
#   meta:
#     ucd: meta.version
# - 
#   name: source_id
#   datatype: int64
#   description: Unique source identifier
#   meta:
#     ucd: meta.id;meta.main
# - 
#   name: global_ranking
#   datatype: float32
#   description: Number between 0 (worst) and 1 (best)
#   meta:
#     ucd: stat.param
# - 
#   name: reference_time
#   datatype: float64
#   unit: d
#   description: Reference time used for the geometric model fit
#   meta:
#     ucd: time.epoch
# - 
#   name: frequency
#   datatype: float64
#   unit: d**-1
#   description: Frequency of geometric model of the eclipsing binary light curve
#   meta:
#     ucd: src.orbital
# - 
#   name: frequency_error
#   datatype: float32
#   unit: d**-1
#   description: "Uncertainty of \\texttt{frequency}"
#   meta:
#     ucd: stat.error
# - 
#   name: geom_model_reference_level
#   datatype: float32
#   unit: mag
#   description: Magnitude reference level of geometric model
#   meta:
#     ucd: phot.mag;em.opt
# - 
#   name: geom_model_reference_level_error
#   datatype: float32
#   unit: mag
#   description: "Uncertainty of \\texttt{geomModelReferenceLevel}"
#   meta:
#     ucd: stat.error;phot.mag;em.opt
# - 
#   name: geom_model_gaussian1_phase
#   datatype: float32
#   description: Phase of the Gaussian 1 component
#   meta:
#     ucd: time.phase
# - 
#   name: geom_model_gaussian1_phase_error
#   datatype: float32
#   description: "Uncertainty of \\texttt{geomModelGaussian1Phase}"
#   meta:
#     ucd: stat.error;time.phase
# - 
#   name: geom_model_gaussian1_sigma
#   datatype: float32
#   description: "Standard deviation [phase] of Gaussian 1 component"
#   meta:
#     ucd: stat.stdev
# - 
#   name: geom_model_gaussian1_sigma_error
#   datatype: float32
#   description: "Uncertainty of \\texttt{geomModelGaussian1Sigma}"
#   meta:
#     ucd: stat.error
# - 
#   name: geom_model_gaussian1_depth
#   datatype: float32
#   unit: mag
#   description: Magnitude depth of Gaussian 1 component
#   meta:
#     ucd: src.var.amplitude
# - 
#   name: geom_model_gaussian1_depth_error
#   datatype: float32
#   unit: mag
#   description: "Uncertainty of \\texttt{geomModelGaussian1Depth}"
#   meta:
#     ucd: stat.error;src.var.amplitude
# - 
#   name: geom_model_gaussian2_phase
#   datatype: float32
#   description: Phase of Gaussian 2 component
#   meta:
#     ucd: time.phase
# - 
#   name: geom_model_gaussian2_phase_error
#   datatype: float32
#   description: "Uncertainty of \\texttt{geomModelGaussian2Phase}"
#   meta:
#     ucd: stat.error;time.phase
# - 
#   name: geom_model_gaussian2_sigma
#   datatype: float32
[...]
#   datatype: float32
#   description: "Secondary eclipse: uncertainty of \\texttt{derivedSecondaryEclDuration}"
#   meta:
#     ucd: stat.error;time.duration
# - 
#   name: derived_secondary_ecl_depth
#   datatype: float32
#   unit: mag
#   description: "Secondary eclipse: depth"
#   meta:
#     ucd: src.var.amplitude
# - 
#   name: derived_secondary_ecl_depth_error
#   datatype: float32
#   unit: mag
#   description: "Secondary eclipse: uncertainty of \\texttt{derivedSecondaryEclDepth}"
#   meta:
#     ucd: stat.error;src.var.amplitude
solution_id,source_id,global_ranking,reference_time,frequency,frequency_error,geom_model_reference_level,geom_model_reference_level_error,geom_model_gaussian1_phase,geom_model_gaussian1_phase_error,geom_model_gaussian1_sigma,geom_model_gaussian1_sigma_error,geom_model_gaussian1_depth,geom_model_gaussian1_depth_error,geom_model_gaussian2_phase,geom_model_gaussian2_phase_error,geom_model_gaussian2_sigma,geom_model_gaussian2_sigma_error,geom_model_gaussian2_depth,geom_model_gaussian2_depth_error,geom_model_cosine_half_period_amplitude,geom_model_cosine_half_period_amplitude_error,geom_model_cosine_half_period_phase,geom_model_cosine_half_period_phase_error,model_type,num_model_parameters,reduced_chi2,derived_primary_ecl_phase,derived_primary_ecl_phase_error,derived_primary_ecl_duration,derived_primary_ecl_duration_error,derived_primary_ecl_depth,derived_primary_ecl_depth_error,derived_secondary_ecl_phase,derived_secondary_ecl_phase_error,derived_secondary_ecl_duration,derived_secondary_ecl_duration_error,derived_secondary_ecl_depth,derived_secondary_ecl_depth_error
[from data line 36]
375316653866487564,2065037803686451200,0.5388344,2204.740391020234,1.553999072861431,1.2744135E-5,19.495724,0.021651167,0.17714953,0.004137666,0.084108576,0.006088097,0.5358794,0.022319747,0.6846954,0.0036563284,0.09668335,0.008228497,0.30862117,0.022960804,null,null,null,null,"TWOGAUSSIANS",8,2.2418323,0.17714953,0.004137666,0.4,0.0,0.5205403,0.017034814,0.6846954,0.0036563284,0.4,0.0,0.29328108,0.018924458
375316653866487564,2065038456524948224,0.56900406,2201.580646980571,0.3343006679104826,1.6285212E-5,15.543374,0.0030858784,0.5561977,0.008051132,0.011886141,0.0054083723,0.3174604,0.32000726,0.87652147,3.462355E-4,0.011271875,2.0827462E-4,0.7205454,0.029598113,null,null,null,null,"TWOGAUSSIANS",8,52.852486,0.87652147,3.462355E-4,0.0631225,0.0011663379,0.7205454,0.029598113,0.5561977,0.008051132,0.06656239,0.030286886,0.3174604,0.32000726
375316653866487564,2065038795821325568,0.6764181,2210.7554695567633,1.039264895889491,2.6046441E-6,17.246534,0.0036585527,0.19616054,3.6571332E-4,0.03778875,9.579113E-4,0.35614043,0.0077977036,0.6979255,0.0028473418,0.038412362,0.0056370953,0.5128903,0.19925721,0.040006828,0.0050260397,0.19616054,3.6571332E-4,"TWOGAUSSIANS_WITH_ELLIPSOIDAL_ON_ECLIPSE1",9,1.6668915,0.6979255,0.0028320425,0.21510921,0.031567734,0.59289396,0.20598915,0.19616054,3.6571332E-4,0.211617,0.005364303,0.43615392,0.004981723
375316653866487564,2065038864537355136,0.5626066,2219.9956470340776,2.450751401447126,7.1600175E-6,17.891014,0.006838657,0.22805159,0.001989383,0.086749054,0.0041190973,0.30005214,0.01308086,0.73145336,0.004756831,0.08874835,0.0065860185,0.28970307,0.03293801,null,null,null,null,"TWOGAUSSIANS",8,2.9685545,0.22805159,0.001989383,0.4,0.0,0.29041752,0.0141834235,0.73145336,0.004756831,0.4,0.0,0.2800684,0.03532984
375316653866487564,2065039757890562048,0.51413614,2202.163276926239,1.0031486103529932,1.2055002E-5,19.36729,0.037317608,0.2485418,0.013240246,0.08263655,0.032536954,0.25565973,0.031653766,0.73066974,0.002748522,0.08679263,0.01170208,0.38437515,0.032132536,null,null,null,null,"TWOGAUSSIANS",8,2.3916445,0.73066974,0.002748522,0.4,0.0,0.37848976,0.022423731,0.2485418,0.013240246,0.4,0.0,0.24977441,0.040566716
375316653866487564,2065041686339107328,0.5239332,2228.6883870517277,2.9740392434140075,7.4547042E-6,17.756195,0.009722859,0.18249927,0.0035542608,0.07376977,0.005632701,0.40552673,0.04831748,0.68107444,0.0030056674,0.07061775,0.008330942,0.39945987,0.060825903,null,null,null,null,"TWOGAUSSIANS",8,11.950147,0.18249927,0.0035542608,0.4,0.010275203,0.40359053,0.04891965,0.68107444,0.0030056674,0.3954594,0.014710489,0.39752367,0.06245377
375316653866487564,2065042167365243776,0.54160404,2226.595718352019,3.302303516546331,6.743966E-6,19.894688,0.016956078,0.25723773,0.0023576976,0.048519686,0.005800698,0.232767,0.0423267,0.76257074,0.0042323903,0.041736037,0.0051124156,0.42460218,0.067489974,0.13958599,0.026741175,0.25723773,0.0023576976,"TWOGAUSSIANS_WITH_ELLIPSOIDAL_ON_ECLIPSE1",9,1.6392974,0.76257074,0.0042323903,0.23372181,0.028629528,0.7034598,0.062264234,0.25723773,0.0023576976,0.27171025,0.03248391,0.511938,0.01680208
375316653866487564,2065043606182002304,0.5978485,2248.2004737191874,0.6120967075972938,1.5801867E-5,18.512259,0.003667628,0.17116667,0.0033941832,0.029905168,0.004847476,0.10625837,0.030768314,0.6677063,0.0036322773,0.0352787,0.00327602,0.74360144,0.022122977,null,null,null,null,"TWOGAUSSIANS",8,4.5347033,0.6677063,0.0036322773,0.19756073,0.018345714,0.74360144,0.022122977,0.17116667,0.0033941832,0.16746894,0.027145866,0.10625837,0.030768314
375316653866487564,2065043816632696704,0.4981004,2241.4630330375417,1.852884430653417,9.026796E-6,17.697725,0.004091566,0.18591297,0.004347239,0.05508776,0.005242962,0.1483331,0.007094485,0.69012874,0.0049246955,0.050259646,0.005206141,0.1051661,0.011778949,null,null,null,null,"TWOGAUSSIANS",8,4.9828076,0.18591297,0.004347239,0.30849147,0.029360587,0.14833044,0.0070929243,0.69012874,0.0049246955,0.28145403,0.02915439,0.10516343,0.011779393
375316653866487564,2065043988431339392,0.5655124,2235.4083351494996,2.959520203772226,1.2623362E-5,19.483187,0.01159133,0.21674322,0.003086793,0.05705413,0.0045436206,0.6163301,0.045097496,0.7143881,0.003308603,0.065416,0.004724423,0.62792665,0.027246693,null,null,null,null,"TWOGAUSSIANS",8,2.8113604,0.7143881,0.003308603,0.3663296,0.026456768,0.62765086,0.027349241,0.21674322,0.003086793,0.3195031,0.025444275,0.6160543,0.045216784
375316653866487564,2065045087953265536,0.5984714,2216.219652361095,2.6569020411663082,7.1941663E-6,16.887325,0.0059262123,0.25624222,0.0016013201,0.08301118,0.0025297657,0.4348604,0.011796697,0.7551666,0.0025924812,0.08610938,0.0031107713,0.45126626,0.00952918,null,null,null,null,"TWOGAUSSIANS",8,12.738282,0.7551666,0.0025924812,0.4,0.0,0.4402682,0.009509457,0.25624222,0.0016013201,0.4,0.0,0.42386234,0.012346188
375316653866487564,2065045946946804992,0.5697754,2221.349634689937,2.430529150089967,1.0235701E-5,16.248106,0.0045805685,0.27493894,0.0022804397,0.08529148,0.004091066,0.17936377,0.0059196036,0.7807049,0.0029410843,0.0884335,0.0041854503,0.16680558,0.0052589476,null,null,null,null,"TWOGAUSSIANS",8,8.681101,0.27493894,0.0022804397,0.4,0.0,0.17437346,0.005848504,0.7807049,0.0029410843,0.4,0.0,0.16181524,0.00438945
375316653866487564,2065048313466401920,0.4780564,2209.5980019198714,3.766029662062538,1.6187885E-5,19.344027,0.01301787,0.29559377,0.0030921288,0.074714,0.007979869,0.19810589,0.018036531,0.7462055,0.007353964,0.10084199,0.012746768,0.17497517,0.019421512,null,null,null,null,"TWOGAUSSIANS",8,1.7299163,0.29560378,0.0030865704,0.4,0.0049629845,0.19539453,0.017606288,0.7462055,0.007353964,0.4,0.0,0.17225568,0.019805951
375316653866487564,2065048317758837248,0.5371581,2190.82384818212,2.907626344235408,1.5922245E-5,19.159964,0.012871313,0.25086325,0.0049982183,0.0861035,0.0050067375,0.3969425,0.019152693,0.75035465,0.0074968087,0.08420165,0.010495957,0.37792152,0.021153891,null,null,null,null,"TWOGAUSSIANS",8,3.4383464,0.25086325,0.0049982183,0.4,0.0,0.3866222,0.015905105,0.75035465,0.0074968087,0.4,0.0,0.36760125,0.02255534
375316653866487564,2065049795227963648,0.47530684,2201.575754133236,1.3964181148997619,2.3943649E-5,19.505869,0.018307576,0.31001312,0.012367457,0.07174497,0.011621677,0.24762867,0.039854202,0.8339797,0.01526641,0.056877326,0.019605193,0.26267284,0.03744088,null,null,null,null,"TWOGAUSSIANS",8,2.6177557,0.8339797,0.01526641,0.31851304,0.097643286,0.2625471,0.038252413,0.31001312,0.012367457,0.4,0.02035521,0.24750292,0.03976975
375316653866487564,2065049829587666688,0.45354262,2217.9342472437024,0.20875329712320637,2.6369316E-5,16.676226,0.0023777117,0.25695857,0.041156612,0.01692466,0.037745357,0.31198543,0.43097475,0.7262868,0.0074518076,0.02566258,0.00586532,0.22313184,0.14959732,null,null,null,null,"TWOGAUSSIANS",8,13.074726,0.25695857,0.041156612,0.0947781,0.211374,0.31198543,0.43097475,0.7262868,0.0074518076,0.14371045,0.03284579,0.22313184,0.14959732
375316653866487564,2065051272696170112,0.4357231,2221.503075102349,0.5084150252467005,6.224818E-5,19.337004,0.19447812,0.097672075,0.022575917,0.09691061,0.05053661,0.24953273,0.16699986,0.5352227,0.016349891,0.13096222,0.060003337,0.29388794,0.19242199,null,null,null,null,"TWOGAUSSIANS",8,7.023172,0.5352227,0.016349891,0.4,0.0,0.26813352,0.07182625,0.09872208,0.018289926,0.4,0.012342863,0.22491963,0.06793118
375316653866487564,2065052196116995712,0.54662573,2231.2117819210225,3.9306615850000983,1.4092196E-5,19.553934,0.016268162,0.21329722,0.0032815312,0.07151423,0.004638801,0.6850736,0.02471753,0.7130128,0.012224205,0.066439226,0.01212046,0.5425148,0.03787865,null,null,null,null,"TWOGAUSSIANS",8,3.8431308,0.21329722,0.0032815312,0.4,0.013507098,0.6833681,0.024558757,0.7130128,0.012224205,0.37205967,0.05286084,0.5408093,0.037668966
375316653866487564,2065052921973866752,0.66473776,2245.0811483346088,2.2029537323217743,2.9664861E-6,15.845029,0.002915135,0.28781015,0.0011031199,0.07902297,0.0015124704,0.45705137,0.004054819,0.7880263,0.0014691432,0.083129965,0.0015417036,0.4158161,0.0061240443,null,null,null,null,"TWOGAUSSIANS",8,12.388589,0.28781015,0.0011031199,0.4,0.0,0.44958258,0.004129491,0.7880263,0.0014691432,0.4,0.0,0.40834728,0.0061534676
375316653866487564,2065053093772571904,0.67777705,2231.465802895172,0.8328108427764549,1.2114767E-5,15.177082,0.0010596616,0.292553,0.0010407803,0.023608627,0.0016592186,0.41584322,0.021032423,0.79197115,6.1389356E-4,0.022812309,5.3156243E-4,0.43630412,0.027478388,0.005402649,0.0014177024,0.292553,0.0010407803,"TWOGAUSSIANS_WITH_ELLIPSOIDAL_ON_ECLIPSE1",9,6.453165,0.79197115,6.1389356E-4,0.12774892,0.0029767496,0.44710925,0.027572474,0.292553,0.0010407803,0.1322083,0.009291624,0.42664853,0.02213044
375316653866487564,2065053265571271040,0.5709252,2215.8077099067386,2.0664660849871694,6.960511E-6,14.95699,0.006001989,0.20998834,0.002042874,0.037511785,0.0013814222,0.84909296,0.04560852,0.71215296,0.0041398155,0.045561098,0.0048917956,0.16522191,0.024246052,null,null,null,null,"TWOGAUSSIANS",8,270.89804,0.20998834,0.002042874,0.21006599,0.007735964,0.84909296,0.04560852,0.71215296,0.0041398155,0.25514215,0.027394054,0.16522191,0.024246057
375316653866487564,2065054227647540736,0.50027895,2216.3244932327875,1.6299094452079796,2.5815942E-5,19.832054,0.01747607,0.29811853,0.006708981,0.06501356,0.010371785,0.31261352,0.031021543,0.79243726,0.016435917,0.05962784,0.0121986335,0.4618387,0.060631394,null,null,null,null,"TWOGAUSSIANS",8,2.7519836,0.79243726,0.016435917,0.33391592,0.06831235,0.4616384,0.060239125,0.29811853,0.006708981,0.36407593,0.058081996,0.31241322,0.03101461
375316653866487564,2065054498219489408,0.541247,2218.0359527257638,3.3396445901128975,1.6358166E-5,18.750862,0.011908976,0.27809682,0.004783203,0.084530085,0.007274564,0.256802,0.014897039,0.7677118,0.004063816,0.084625706,0.007354106,0.27540216,0.011941463,null,null,null,null,"TWOGAUSSIANS",8,3.1087224,0.7677118,0.004063816,0.4,0.0,0.2697926,0.009867952,0.27809682,0.004783203,0.4,0.0,0.25119242,0.01474531
375316653866487564,2065055047975457664,0.58119214,2233.6180479712384,3.2222988797823136,1.3685631E-5,18.042814,0.011359039,0.2549425,0.0024286415,0.050244074,0.008019549,0.18311532,0.025726028,0.75674736,0.004242335,0.044516575,0.0089096455,0.11523359,0.024638576,0.114569746,0.014623488,0.2549425,0.0024286415,"TWOGAUSSIANS_WITH_ELLIPSOIDAL_ON_ECLIPSE1",9,5.6037126,0.2549425,0.0024286415,0.2813668,0.044909477,0.41225398,0.014467504,0.75674736,0.004242335,0.24929282,0.049894013,0.3443428,0.008785701
375316653866487564,2065055430234842624,0.55684406,2202.2626063582848,2.1920083018691754,1.2222881E-5,19.259214,0.012069981,0.27969286,0.0041522407,0.08452944,0.0052051414,0.43152454,0.032692254,0.7859829,0.0024088933,0.08330764,0.0040625283,0.5096851,0.01922491,null,null,null,null,"TWOGAUSSIANS",8,2.7812204,0.7859829,0.0024088933,0.4,0.0,0.4997823,0.019312602,0.27969286,0.0041522407,0.4,0.0,0.42162174,0.033634257
375316653866487564,2065056113127493248,0.6093019,2215.4351144779653,1.1570841065677975,1.0832448E-5,18.172613,0.0058935853,0.27274588,0.0012911118,0.050297853,0.0031649184,0.26894233,0.017344076,0.8219415,0.045700107,0.030879118,0.05164513,0.062514484,3024683.5,0.084382296,0.0128049245,0.27274588,0.0012911118,"TWOGAUSSIANS_WITH_ELLIPSOIDAL_ON_ECLIPSE1",9,2.9549477,0.27274588,0.0012911118,0.28166798,0.017723544,0.4377054,0.011892101,0.8219415,0.045700107,0.17292306,0.28921273,0.21565983,3024683.5
375316653866487564,2065058282084159232,0.45706174,2192.4300721869586,1.1997605350563059,2.080041E-6,19.706276,0.0072513293,0.62548035,2.5026518E-4,0.016791383,6.1516644E-4,0.42981237,0.006639787,null,null,null,null,null,null,null,null,null,null,"ONEGAUSSIAN",5,3.7340221,0.62548035,2.5026518E-4,0.09403174,0.0034449322,0.42981237,0.0,null,null,null,null,null,null
375316653866487564,2065059480381435008,0.453902,2239.0555568314185,2.2481497998130755,1.893404E-5,19.087057,0.0035604856,null,null,null,null,null,null,null,null,null,null,null,null,0.07237794,0.0054959725,0.22775164,0.005030051,"ELLIPSOIDAL",4,2.6506453,null,null,null,null,null,null,null,null,null,null,null,null
375316653866487564,2065059892698227328,0.5045735,2237.3807998804195,3.716751452874847,1.195067E-5,18.091843,0.0030233515,0.25534976,0.006355025,0.06515201,0.009040484,0.1341809,0.010626763,0.75373065,0.004000752,0.06662495,0.005253214,0.13529715,0.019033002,null,null,null,null,"TWOGAUSSIANS",8,2.9118319,0.75373065,0.004000752,0.37309968,0.029418,0.1351048,0.019103745,0.25534976,0.006355025,0.36485127,0.049648624,0.13398856,0.010687796
375316653866487564,2065060549835704192,0.55621,2227.3891183182127,2.350389645199028,7.364324E-6,17.883053,0.010936266,0.24476987,0.001937828,0.04967414,0.0077508697,0.188907,0.034539532,0.7390111,0.013149645,0.049747992,0.011032807,0.15773097,0.026662555,0.08793495,0.0133580575,0.24476987,0.001937828,"TWOGAUSSIANS_WITH_ELLIPSOIDAL_ON_ECLIPSE1",9,4.8139277,0.24476987,0.001937828,0.27817518,0.04340487,0.36477566,0.038006563,0.74004114,0.010257047,0.27858877,0.061783716,0.33341062,0.012295986
375316653866487564,2065060992210021504,0.55219436,2231.1023736264983,2.235817539135614,2.215575E-5,18.907482,0.0071547907,0.2293914,0.0035489432,0.076174736,0.0041769184,0.4680108,0.012484338,0.7318282,0.004633926,0.08109184,0.0036447698,0.41602814,0.028324785,null,null,null,null,"TWOGAUSSIANS",8,3.7972288,0.2293914,0.0035489432,0.4,0.0,0.4626632,0.012515882,0.7318282,0.004633926,0.4,0.0,0.41068053,0.028515277
375316653866487564,2065061477548632960,0.67312986,2186.6491082130183,0.4459123080225208,2.6939615E-5,15.369839,0.0014543369,0.35802886,0.0016005355,0.018741598,7.285224E-4,0.6229263,0.041300755,0.8588427,0.02355264,0.017387265,0.015378765,0.7056599,234757.31,0.0037895413,0.0026923113,0.35802886,0.0016005355,"TWOGAUSSIANS_WITH_ELLIPSOIDAL_ON_ECLIPSE1",9,14.00034,0.8588427,0.02355264,0.09736869,0.08612108,0.7132388,234757.31,0.35802886,0.0016005355,0.10495295,0.0040797256,0.6305054,0.041681413
375316653866487564,2065064118946471424,0.5687206,2196.285314747401,2.1551281780071907,1.3127936E-5,19.369167,0.008355467,0.22133918,0.0024281265,0.079458185,0.0027705275,0.49400648,0.014281929,0.73113114,0.004928884,0.08245198,0.004626426,0.5024112,0.019050999,null,null,null,null,"TWOGAUSSIANS",8,1.4597645,0.73113114,0.004928884,0.4,0.0,0.49540138,0.019159509,0.22133918,0.0024281265,0.4,0.0,0.48699665,0.0139027955
375316653866487564,2065064466845931776,0.5594435,2208.219724210191,0.8958387077257216,1.4914867E-5,16.796719,0.0020887484,0.20325889,9.626314E-4,0.013542127,0.0011003518,0.16680658,0.010299119,0.70736706,0.022672283,0.012764725,0.015223046,0.19663773,0.08049185,0.0063079055,0.0036272395,0.20325889,9.626314E-4,"TWOGAUSSIANS_WITH_ELLIPSOIDAL_ON_ECLIPSE1",9,4.6672754,0.70736706,0.022633027,0.07148246,0.08524906,0.20924513,0.081966,0.20325889,9.626314E-4,0.07583591,0.00616197,0.17942238,0.009830784
375316653866487564,2065064810443312128,0.6240897,2191.257251120514,0.41980685540931856,1.234878E-4,16.285566,9.3160896E-4,0.10846854,0.0066890502,0.01019324,0.0060731214,0.8853694,0.8460547,0.7787415,0.03081512,0.046744674,0.027547942,0.013073847,0.023055851,null,null,null,null,"TWOGAUSSIANS",8,2.6188772,0.10846854,0.0066890502,0.057082143,0.034009483,0.8853694,0.8460547,0.7787415,0.03081512,0.2617702,0.15426847,0.013073847,0.023055851
375316653866487564,2065065566357533312,0.44672644,2198.566406220532,0.573034378301343,1.00411045E-4,19.056953,0.021469634,0.3955305,0.0046015,0.020614918,0.0065359185,1.6263177,4.147462,0.66312826,0.018750438,0.038869064,0.016063986,0.07965132,0.08851468,0.11674041,0.030647084,0.66312826,0.018750438,"TWOGAUSSIANS_WITH_ELLIPSOIDAL_ON_ECLIPSE2",9,45.39042,0.3954505,0.0046502263,0.11544355,0.036601145,1.6291738,4.146766,0.66312826,0.018750438,0.21766675,0.089958325,0.31313172,0.09438928
