Gaia/vari_eclipsing_binary/VariEclipsingBinary_692819-692966.csv
# %ECSV 1.0
# ---
# delimiter: ','
# meta: !!omap
# - RELEASE: Gaia DR3
# - TABLE: vari_eclipsing_binary
# - DESCRIPTION: >
#     This table describes the properties of the eclipsing binaries resulting from the variability analysis. 
# - CITATION: >
#     How to cite and acknowledge Gaia: 
#     https://gea.esac.esa.int/archive/documentation/credits.html 
# - KNOWN_ISSUES: >
#     Known issues: 
#     https://www.cosmos.esa.int/web/gaia-users/known-issues 
# - DOCUMENTATION: >
#     Tutorials and documentation: 
#     https://www.cosmos.esa.int/web/gaia-users/archive 
# datatype:
# - 
#   name: solution_id
#   datatype: int64
#   description: Solution Identifier
#   meta:
#     ucd: meta.version
# - 
#   name: source_id
#   datatype: int64
#   description: Unique source identifier
#   meta:
#     ucd: meta.id;meta.main
# - 
#   name: global_ranking
#   datatype: float32
#   description: Number between 0 (worst) and 1 (best)
#   meta:
#     ucd: stat.param
# - 
#   name: reference_time
#   datatype: float64
#   unit: d
#   description: Reference time used for the geometric model fit
#   meta:
#     ucd: time.epoch
# - 
#   name: frequency
#   datatype: float64
#   unit: d**-1
#   description: Frequency of geometric model of the eclipsing binary light curve
#   meta:
#     ucd: src.orbital
# - 
#   name: frequency_error
#   datatype: float32
#   unit: d**-1
#   description: "Uncertainty of \\texttt{frequency}"
#   meta:
#     ucd: stat.error
# - 
#   name: geom_model_reference_level
#   datatype: float32
#   unit: mag
#   description: Magnitude reference level of geometric model
#   meta:
#     ucd: phot.mag;em.opt
# - 
#   name: geom_model_reference_level_error
#   datatype: float32
#   unit: mag
#   description: "Uncertainty of \\texttt{geomModelReferenceLevel}"
#   meta:
#     ucd: stat.error;phot.mag;em.opt
# - 
#   name: geom_model_gaussian1_phase
#   datatype: float32
#   description: Phase of the Gaussian 1 component
#   meta:
#     ucd: time.phase
# - 
#   name: geom_model_gaussian1_phase_error
#   datatype: float32
#   description: "Uncertainty of \\texttt{geomModelGaussian1Phase}"
#   meta:
#     ucd: stat.error;time.phase
# - 
#   name: geom_model_gaussian1_sigma
#   datatype: float32
#   description: "Standard deviation [phase] of Gaussian 1 component"
#   meta:
#     ucd: stat.stdev
# - 
#   name: geom_model_gaussian1_sigma_error
#   datatype: float32
#   description: "Uncertainty of \\texttt{geomModelGaussian1Sigma}"
#   meta:
#     ucd: stat.error
# - 
#   name: geom_model_gaussian1_depth
#   datatype: float32
#   unit: mag
#   description: Magnitude depth of Gaussian 1 component
#   meta:
#     ucd: src.var.amplitude
# - 
#   name: geom_model_gaussian1_depth_error
#   datatype: float32
#   unit: mag
#   description: "Uncertainty of \\texttt{geomModelGaussian1Depth}"
#   meta:
#     ucd: stat.error;src.var.amplitude
# - 
#   name: geom_model_gaussian2_phase
#   datatype: float32
#   description: Phase of Gaussian 2 component
#   meta:
#     ucd: time.phase
# - 
#   name: geom_model_gaussian2_phase_error
#   datatype: float32
#   description: "Uncertainty of \\texttt{geomModelGaussian2Phase}"
#   meta:
#     ucd: stat.error;time.phase
# - 
#   name: geom_model_gaussian2_sigma
#   datatype: float32
[...]
#   datatype: float32
#   description: "Secondary eclipse: uncertainty of \\texttt{derivedSecondaryEclDuration}"
#   meta:
#     ucd: stat.error;time.duration
# - 
#   name: derived_secondary_ecl_depth
#   datatype: float32
#   unit: mag
#   description: "Secondary eclipse: depth"
#   meta:
#     ucd: src.var.amplitude
# - 
#   name: derived_secondary_ecl_depth_error
#   datatype: float32
#   unit: mag
#   description: "Secondary eclipse: uncertainty of \\texttt{derivedSecondaryEclDepth}"
#   meta:
#     ucd: stat.error;src.var.amplitude
solution_id,source_id,global_ranking,reference_time,frequency,frequency_error,geom_model_reference_level,geom_model_reference_level_error,geom_model_gaussian1_phase,geom_model_gaussian1_phase_error,geom_model_gaussian1_sigma,geom_model_gaussian1_sigma_error,geom_model_gaussian1_depth,geom_model_gaussian1_depth_error,geom_model_gaussian2_phase,geom_model_gaussian2_phase_error,geom_model_gaussian2_sigma,geom_model_gaussian2_sigma_error,geom_model_gaussian2_depth,geom_model_gaussian2_depth_error,geom_model_cosine_half_period_amplitude,geom_model_cosine_half_period_amplitude_error,geom_model_cosine_half_period_phase,geom_model_cosine_half_period_phase_error,model_type,num_model_parameters,reduced_chi2,derived_primary_ecl_phase,derived_primary_ecl_phase_error,derived_primary_ecl_duration,derived_primary_ecl_duration_error,derived_primary_ecl_depth,derived_primary_ecl_depth_error,derived_secondary_ecl_phase,derived_secondary_ecl_phase_error,derived_secondary_ecl_duration,derived_secondary_ecl_duration_error,derived_secondary_ecl_depth,derived_secondary_ecl_depth_error
[from data line 37]
375316653866487564,6094168850516468736,0.4955049,2142.3796676123134,0.026533183783011848,1.1732786E-4,17.340023,0.0065219873,0.33985785,0.02734985,0.09951629,0.018921299,0.1544073,0.01397532,0.8326454,0.0054935673,0.071546994,0.0074766483,0.18180221,0.044765882,null,null,null,null,"TWOGAUSSIANS",8,4.920942,0.8326454,0.0054935673,0.4,0.02442059,0.17779559,0.045619708,0.33985785,0.02734985,0.4,0.0,0.15039958,0.011964143
375316653866487564,6094169365912621824,0.6241803,2139.229950961234,3.4526193474333375,5.5255286E-6,18.238907,0.020238686,0.18049641,0.0020941673,0.0484909,0.0044365227,0.42535615,0.041722745,0.676521,0.0021147567,0.05406083,0.004348208,0.5119395,0.035929296,0.11042783,0.022535732,0.18049641,0.0020941673,"TWOGAUSSIANS_WITH_ELLIPSOIDAL_ON_ECLIPSE1",9,5.377986,0.67688096,0.0018839046,0.30274066,0.024349967,0.7326596,0.02572768,0.18049641,0.0020941673,0.27154905,0.024844527,0.64620143,0.013935066
375316653866487564,6094174485513863296,0.5206794,2120.5810953826062,3.2785597302828795,3.9842154E-5,17.238512,0.026082259,0.27712372,0.022332571,0.13921478,0.045178834,0.13808782,0.02873062,0.7528399,0.002135474,0.05788741,0.0039551035,0.4545884,0.023703095,null,null,null,null,"TWOGAUSSIANS",8,44.19826,0.7528399,0.002135474,0.3241695,0.02214858,0.4453084,0.0152904345,0.27712372,0.022332571,0.4,0.0,0.12829056,0.029407712
375316653866487564,6094174863468268416,0.5126088,2112.048405798098,3.895670873929972,2.4179386E-5,19.643753,0.030445008,0.28588796,0.005288668,0.07314646,0.0073721698,0.54233927,0.033344816,0.79625064,0.007082652,0.09674237,0.02119111,0.29009083,0.04052989,null,null,null,null,"TWOGAUSSIANS",8,3.39348,0.28588796,0.005288668,0.4,0.020314425,0.5341868,0.030891892,0.79625064,0.007082652,0.4,0.0,0.2819373,0.04607572
375316653866487564,6094175962982553856,0.5372282,2113.997895156151,1.6455813362727254,2.3785792E-6,17.893593,0.0026442301,0.18540028,2.6399593E-4,0.008322655,1.6045825E-4,1.273197,0.06340142,0.66388696,0.062082868,0.02125154,0.011460423,0.02800109,0.02448964,null,null,null,null,"TWOGAUSSIANS",8,2.8112628,0.18540028,2.6399593E-4,0.04660687,8.9856616E-4,1.273197,0.06340142,0.66388696,0.062082868,0.11900862,0.06417836,0.02800109,0.02448964
375316653866487564,6094177474811103232,0.5205097,2132.330102551448,3.3057027513293495,1.5984517E-5,18.525906,0.032077283,0.23601706,0.004787147,0.102176525,0.016471678,0.33226255,0.02173269,0.70000744,0.0123796845,0.08758457,0.016780207,0.3471982,0.029287323,null,null,null,null,"TWOGAUSSIANS",8,4.0483336,0.70000744,0.0123796845,0.4,0.0,0.33470127,0.019156009,0.23601706,0.004787147,0.4,0.0,0.3197545,0.018770678
375316653866487564,6094178643042254208,0.4944122,2112.1154682568,2.560302554539512,4.4556517E-5,19.251991,0.0096170725,0.66770464,0.0036700298,0.021622684,0.009721349,0.9461444,0.55592275,null,null,null,null,null,null,null,null,null,null,"ONEGAUSSIAN",5,5.4862823,0.66770464,0.0036700298,0.12108703,0.054439552,0.9461444,0.0,null,null,null,null,null,null
375316653866487564,6094178681702261120,0.59131026,2100.563609377776,1.2982850653302107,2.2836969E-6,18.779425,0.009563047,0.25563538,8.027413E-4,0.03317979,9.111867E-4,0.80937535,0.025372067,0.80407953,0.038791664,0.07907272,0.03162211,0.12756142,0.04662727,null,null,null,null,"TWOGAUSSIANS",8,2.6447,0.25563538,8.027413E-4,0.18580683,0.005102645,0.8093728,0.025371969,0.80407953,0.038791664,0.4,0.1271047,0.12755884,0.046629824
375316653866487564,6094182907949100288,0.55208445,2122.480502493458,3.173729086279763,1.1614046E-5,17.319437,0.018550131,0.25033805,0.0041160346,0.09295544,0.006978365,0.35617325,0.019936565,0.7391807,0.004654545,0.104087666,0.0076047047,0.33995786,0.020157048,null,null,null,null,"TWOGAUSSIANS",8,12.03918,0.25033805,0.0041261087,0.4,0.0,0.33220467,0.01515701,0.7391807,0.004654545,0.4,0.0,0.31598222,0.013868161
375316653866487564,6094184351058828544,0.49583253,2112.4285900207624,3.140508408688462,2.1401043E-5,14.681293,0.02042894,0.25081712,0.0039866115,0.03545758,0.0077776206,0.27022365,0.036083728,0.76639193,0.006262416,0.050426472,0.017460238,0.30676636,0.056204587,0.109867364,0.01669756,0.76639193,0.006262416,"TWOGAUSSIANS_WITH_ELLIPSOIDAL_ON_ECLIPSE2",9,91.65783,0.76639193,0.006262416,0.28238824,0.09777734,0.5264995,0.05471205,0.25197712,0.0036280085,0.19856246,0.043554675,0.48801467,0.01323192
375316653866487564,6094187026815871232,0.5502851,2108.288421868269,3.871865206668583,9.428319E-6,19.082756,0.003589587,0.12187156,0.004388396,0.009994541,0.007221888,0.069103345,0.026481612,0.6977242,4.122918E-6,5.158271E-4,4.8493794E-6,0.6240188,0.006096581,null,null,null,null,"TWOGAUSSIANS",8,1.6070561,0.6977242,4.122918E-6,0.0028886318,2.7156524E-5,0.6240188,0.006096581,0.12187156,0.004388396,0.05596943,0.04044257,0.069103345,0.026481612
375316653866487564,6094187374715152896,0.45426464,2139.826922532285,2.584946469877043,3.3284516E-5,15.755388,0.044574272,0.16710618,0.0055557084,0.16546626,0.023566285,0.2573229,0.04359921,0.6690228,0.005594041,0.21544239,0.037434537,0.31920037,0.04413344,null,null,null,null,"TWOGAUSSIANS",8,22.783888,0.6696028,0.0057532024,0.4,0.0,0.08164976,0.006810617,0.16563618,0.0063090893,0.4,0.0,0.057616174,0.00574996
375316653866487564,6094193177209261312,0.5869576,2153.5171340956895,1.4125875352925141,7.1281406E-6,17.636074,0.0026638573,0.36250022,9.849395E-4,0.021093208,9.700914E-4,0.9797306,0.09075171,0.8608541,0.006530378,0.02246096,0.003579358,0.23773567,0.036688376,null,null,null,null,"TWOGAUSSIANS",8,10.275524,0.36250022,9.849395E-4,0.11812197,0.0054325117,0.9797306,0.09075171,0.8608541,0.006530378,0.12578137,0.020044405,0.23773567,0.036688376
375316653866487564,6094194006144725760,0.60894376,2118.920101731046,2.150592335735612,7.166824E-6,16.478746,0.0044016712,0.1983286,0.0017436623,0.08511802,0.002877201,0.24906558,0.0057581174,0.6990281,0.003698629,0.07912526,0.0039009461,0.31506962,0.0073791198,null,null,null,null,"TWOGAUSSIANS",8,7.2273793,0.6990281,0.003698629,0.4,0.0,0.3097291,0.0069962153,0.1983286,0.0017436623,0.4,0.0,0.24372506,0.005587478
375316653866487564,6094195788556525184,0.52699,2159.091538730196,2.891793198267207,2.1321537E-5,17.39284,0.021618608,0.27029583,0.006631127,0.094956,0.013330693,0.2527968,0.017170668,0.7542997,0.0054342076,0.08939786,0.010094504,0.2634063,0.02643688,null,null,null,null,"TWOGAUSSIANS",8,15.406369,0.7542997,0.0054342076,0.4,0.0,0.253149,0.023193799,0.27029583,0.006631127,0.4,0.0,0.24253894,0.010722958
375316653866487564,6094195861570814976,0.48195434,2147.5378888984915,3.291534889535753,2.9327104E-5,17.679369,0.382976,0.26753747,0.015906822,0.13200602,0.05854709,0.2534772,0.3312156,0.7898152,0.0104246205,0.15075442,0.091293804,0.23108374,0.375637,null,null,null,null,"TWOGAUSSIANS",8,7.1794386,0.26615745,0.011318055,0.4,0.0,0.16836159,0.017743653,0.7905152,0.0076932004,0.4,0.0,0.14432469,0.011771472
375316653866487564,6094198571687919616,0.43620288,2104.2823594068195,1.1077054432032802,6.0662354E-5,17.863518,0.005082258,0.27007368,0.02252965,0.017146312,0.014586422,0.20126006,0.022269182,null,null,null,null,null,null,0.029298138,0.0071028704,0.27007368,0.02252965,"ONEGAUSSIAN_WITH_ELLIPSOIDAL",6,11.255065,0.27007368,0.02252965,0.09601935,0.081683956,0.2598563,0.017532723,null,null,null,null,null,null
375316653866487564,6094199057026241280,0.5157234,2120.818983400981,3.694919344277056,1.993755E-5,18.55158,0.011101659,0.23741406,0.0066888765,0.083559856,0.009133815,0.28929377,0.017225942,0.74509877,0.0048805615,0.08493283,0.008585647,0.19527031,0.017813722,null,null,null,null,"TWOGAUSSIANS",8,5.0460334,0.23741406,0.0066888765,0.4,0.0,0.2842383,0.016948946,0.74509877,0.0048805615,0.4,0.0,0.19021487,0.01800112
375316653866487564,6094199916019702016,0.6597897,2116.3056325238767,0.19887836197583955,5.748593E-6,14.254935,0.0032271687,0.71898836,4.4837678E-4,0.020832762,3.4174885E-4,1.2567215,0.029136501,null,null,null,null,null,null,0.037619263,0.0051871133,0.71898836,4.4837678E-4,"ONEGAUSSIAN_WITH_ELLIPSOIDAL",6,112.940674,0.71898836,4.4837678E-4,0.11666346,0.0019137935,1.33196,0.027394988,null,null,null,null,null,null
375316653866487564,6094200053451260288,0.42447227,2128.749455836366,0.0531504061891494,5.912106E-5,16.404184,0.0041486844,0.4114505,0.02029254,0.1421683,0.016560331,0.084349796,0.007981775,0.74964124,0.00728722,0.022272283,0.011288013,0.018298453,0.005963423,null,null,null,null,"TWOGAUSSIANS",8,6.8212376,0.4114505,0.02029254,0.4,0.0,0.08400206,0.007965711,0.74964124,0.00728722,0.12472479,0.06321287,0.022933297,0.0064609176
375316653866487564,6094201354827277184,0.48947686,2131.4275947459323,0.10497326543947871,5.9373444E-4,19.411846,0.0053021233,0.044677224,0.8931146,0.07452595,0.051483158,0.012117163,0.009714494,0.6386723,1.6806608E-4,0.009986285,2.1714935E-4,0.3925053,0.006716636,null,null,null,null,"TWOGAUSSIANS",8,1.6404009,0.6386723,1.6806608E-4,0.055923197,0.0012160364,0.3925053,0.006706301,0.044677224,0.8931146,0.4,0.19405185,0.012117163,0.0097144125
375316653866487564,6094207853119376384,0.4742417,2143.7420643802025,0.05283440795671153,5.3347056E-5,18.007305,0.0064135785,0.64196,0.03211365,0.11670883,0.019600898,0.15307747,0.044105973,0.46869162,0.0058044144,0.033894252,0.0070993523,0.16665514,0.0711343,null,null,null,null,"TWOGAUSSIANS",8,2.9045234,0.4733316,0.0052139275,0.1898078,0.039756373,0.218969,0.068036795,0.64196,0.032121368,0.4,0.0,0.15304616,0.04417792
375316653866487564,6094211456590606592,0.48483756,2142.7860360870227,1.5360188452558667,8.659692E-5,18.427198,0.0030345449,0.5970828,0.017514363,0.013638137,0.010572325,0.046255287,0.027495164,0.702567,0.0075048427,0.013047442,0.0033436967,0.22927506,0.012873163,null,null,null,null,"TWOGAUSSIANS",8,2.1148057,0.702567,0.0075048427,0.07306567,0.018724702,0.22927506,0.012872968,0.5970828,0.017514363,0.07637357,0.05920502,0.046255287,0.027495164
375316653866487564,6094212354245135488,0.59717864,2157.168590035057,3.248500256942007,3.864684E-5,15.200557,0.013531281,0.23256972,0.002308227,0.059001207,0.009597485,0.15111037,0.026214844,0.742455,0.011225568,0.05305282,0.01234561,0.1561975,0.029694077,0.10024594,0.014720465,0.23256972,0.002308227,"TWOGAUSSIANS_WITH_ELLIPSOIDAL_ON_ECLIPSE1",9,71.89706,0.742455,0.011225568,0.2970958,0.06913541,0.3558967,0.017054085,0.23256972,0.002308227,0.33040676,0.053745914,0.35158202,0.008172673
375316653866487564,6094212766562135680,0.52533513,2146.5752664484608,3.184737798573385,1.913358E-5,19.181496,0.020046266,0.26770702,0.0026943367,0.095533356,0.0076148016,0.3257516,0.017220592,0.7619065,0.007137308,0.098482266,0.011846581,0.3297854,0.022603624,null,null,null,null,"TWOGAUSSIANS",8,2.1453846,0.7619065,0.007137308,0.4,0.0,0.3078711,0.020286608,0.26770702,0.0026943367,0.4,0.0,0.30383825,0.010612017
375316653866487564,6094216335670940160,0.4247896,2223.311994977124,1.811752413726943,8.96258E-5,17.380121,0.22520538,0.22422662,0.01739115,0.14931016,0.13817444,0.11037583,0.21893047,0.70214874,0.018078553,0.11501487,0.051528383,0.14054883,0.15971781,null,null,null,null,"TWOGAUSSIANS",8,18.915981,0.70214874,0.018078553,0.4,0.0,0.10723209,0.021229452,0.22437662,0.016778868,0.4,0.0,0.076186776,0.012881688
375316653866487564,6094217439476796160,0.5751325,2251.026835763149,2.9564480332676215,7.412274E-6,17.73734,0.014647441,0.2739062,0.0029850884,0.082505934,0.0056231273,0.43540034,0.0129897995,0.7727137,0.0026196404,0.0817167,0.0041580605,0.46593618,0.020098982,null,null,null,null,"TWOGAUSSIANS",8,10.533691,0.7727137,0.0026196404,0.4,0.0,0.45738557,0.019015783,0.2739062,0.0029850884,0.4,0.0,0.4268497,0.011883556
375316653866487564,6094220256975348224,0.6187348,2237.450860325106,3.324198006073225,6.4781916E-6,16.731056,0.010208551,0.22399706,0.0012039806,0.045175828,0.0038332113,0.26812744,0.024176782,0.7164135,0.003149913,0.04870884,0.005442476,0.3599205,0.03893722,0.12836187,0.014025137,0.22399706,0.0012039806,"TWOGAUSSIANS_WITH_ELLIPSOIDAL_ON_ECLIPSE1",9,22.432411,0.7173035,0.0027697375,0.2727695,0.030477867,0.61613,0.043279026,0.22399706,0.0012039806,0.25298464,0.021465983,0.5248508,0.0184516
375316653866487564,6094221214753975808,0.5002813,2235.7072576075207,2.2128966255366733,1.0760611E-5,17.58169,0.008861507,0.29331872,0.0033135903,0.0497208,0.008270116,0.46844342,0.076326184,0.7926518,0.0031469946,0.03723889,0.0030670124,0.5226058,0.074908845,null,null,null,null,"TWOGAUSSIANS",8,57.895996,0.7926518,0.0031469946,0.20853777,0.01717527,0.5226057,0.07490889,0.29331872,0.0033135903,0.2784365,0.04631265,0.46844336,0.07632655
375316653866487564,6094227777464542976,0.5439,2261.552356516295,4.517833816679984,9.477909E-6,19.251059,0.0068962923,0.27770242,0.001819886,0.06969238,0.0030302994,0.44774416,0.013899395,0.7708913,0.0046959296,0.07861445,0.00568895,0.3528418,0.01429903,null,null,null,null,"TWOGAUSSIANS",8,1.9548731,0.27770242,0.001819886,0.39027733,0.016969677,0.44545346,0.014042507,0.7708913,0.0046959296,0.4,0.0,0.35055113,0.014433588
375316653866487564,6094229598530520192,0.50257444,2283.2439030988558,2.1050970591541014,1.7066439E-5,18.634563,0.0037055416,0.256352,0.003925234,0.024237614,0.007351489,0.11620697,0.0519833,0.7607123,0.0067135557,0.048556235,0.010214383,0.10131618,0.015178659,0.06911928,0.0065019033,0.256352,0.003925234,"TWOGAUSSIANS_WITH_ELLIPSOIDAL_ON_ECLIPSE1",9,3.8912024,0.256352,0.003925234,0.13573064,0.04116834,0.25444528,0.051760197,0.7607123,0.0067135557,0.2719149,0.057200547,0.23945077,0.016292552
375316653866487564,6094230148286367616,0.5714,2266.1454386561923,3.0487717827661385,8.646537E-6,18.300253,0.0076205865,0.18002748,0.0031162724,0.087600514,0.004792118,0.34178245,0.00901154,0.6763015,0.0024465388,0.08034098,0.0038242245,0.30810085,0.007677593,null,null,null,null,"TWOGAUSSIANS",8,3.324958,0.18002748,0.0031162724,0.4,0.0,0.33455047,0.00814702,0.6763015,0.0024465388,0.4,0.0,0.3008689,0.006361179
375316653866487564,6094231453956692480,0.53405344,2262.1227289135204,3.555763094052734,1.0677996E-5,16.71161,0.010326512,0.20505132,0.0034193816,0.09270899,0.007087875,0.2819212,0.01154187,0.6980129,0.0034686634,0.0813554,0.006720291,0.25650647,0.0124081215,null,null,null,null,"TWOGAUSSIANS",8,28.430521,0.20505132,0.0034193816,0.4,0.0,0.2741849,0.012360613,0.6980129,0.0034686634,0.4,0.0,0.24877048,0.012442274
375316653866487564,6094232660847835904,0.60103714,2227.140000434852,3.841264686810037,8.1723165E-6,16.01981,0.0077157337,0.26401928,0.00240458,0.044881597,0.0061637177,0.20103508,0.025157044,0.7617651,0.0029625767,0.04746732,0.00474344,0.26036227,0.020112276,0.091551155,0.010804734,0.26401928,0.00240458,"TWOGAUSSIANS_WITH_ELLIPSOIDAL_ON_ECLIPSE1",9,21.373037,0.7620151,0.002522439,0.265817,0.026563264,0.4434317,0.01856514,0.26401928,0.00240458,0.25133693,0.03451682,0.38413718,0.016016694
375316653866487564,6094237707427412864,0.5527473,2228.1353973613345,1.3379083665241327,9.59727E-6,12.790422,0.022097459,0.20527117,0.0030144942,0.1093404,0.016506441,0.10298982,0.020158488,0.7038043,0.006480388,0.12031918,0.018098548,0.124666885,0.01722624,null,null,null,null,"TWOGAUSSIANS",8,48.08195,0.7038043,0.0065083005,0.4,0.0,0.10371458,0.004313625,0.20528117,0.0029977374,0.4,0.0,0.082075976,0.0050655673
375316653866487564,6094239017399547392,0.6262674,2220.3501492340065,2.033660049202198,3.1948612E-6,14.3229475,0.0043200525,0.1982293,0.0017131737,0.08318197,0.002270063,0.3125771,0.005687222,0.69833845,9.473429E-4,0.07487495,0.0020362246,0.1998029,0.0042192875,null,null,null,null,"TWOGAUSSIANS",8,25.141077,0.1982293,0.0017131737,0.4,0.0,0.30919915,0.0055334256,0.69833845,9.473429E-4,0.4,0.0,0.19642498,0.0036562013
