Gaia/vari_eclipsing_binary/VariEclipsingBinary_356141-356343.csv
# %ECSV 1.0
# ---
# delimiter: ','
# meta: !!omap
# - RELEASE: Gaia DR3
# - TABLE: vari_eclipsing_binary
# - DESCRIPTION: >
#     This table describes the properties of the eclipsing binaries resulting from the variability analysis. 
# - CITATION: >
#     How to cite and acknowledge Gaia: 
#     https://gea.esac.esa.int/archive/documentation/credits.html 
# - KNOWN_ISSUES: >
#     Known issues: 
#     https://www.cosmos.esa.int/web/gaia-users/known-issues 
# - DOCUMENTATION: >
#     Tutorials and documentation: 
#     https://www.cosmos.esa.int/web/gaia-users/archive 
# datatype:
# - 
#   name: solution_id
#   datatype: int64
#   description: Solution Identifier
#   meta:
#     ucd: meta.version
# - 
#   name: source_id
#   datatype: int64
#   description: Unique source identifier
#   meta:
#     ucd: meta.id;meta.main
# - 
#   name: global_ranking
#   datatype: float32
#   description: Number between 0 (worst) and 1 (best)
#   meta:
#     ucd: stat.param
# - 
#   name: reference_time
#   datatype: float64
#   unit: d
#   description: Reference time used for the geometric model fit
#   meta:
#     ucd: time.epoch
# - 
#   name: frequency
#   datatype: float64
#   unit: d**-1
#   description: Frequency of geometric model of the eclipsing binary light curve
#   meta:
#     ucd: src.orbital
# - 
#   name: frequency_error
#   datatype: float32
#   unit: d**-1
#   description: "Uncertainty of \\texttt{frequency}"
#   meta:
#     ucd: stat.error
# - 
#   name: geom_model_reference_level
#   datatype: float32
#   unit: mag
#   description: Magnitude reference level of geometric model
#   meta:
#     ucd: phot.mag;em.opt
# - 
#   name: geom_model_reference_level_error
#   datatype: float32
#   unit: mag
#   description: "Uncertainty of \\texttt{geomModelReferenceLevel}"
#   meta:
#     ucd: stat.error;phot.mag;em.opt
# - 
#   name: geom_model_gaussian1_phase
#   datatype: float32
#   description: Phase of the Gaussian 1 component
#   meta:
#     ucd: time.phase
# - 
#   name: geom_model_gaussian1_phase_error
#   datatype: float32
#   description: "Uncertainty of \\texttt{geomModelGaussian1Phase}"
#   meta:
#     ucd: stat.error;time.phase
# - 
#   name: geom_model_gaussian1_sigma
#   datatype: float32
#   description: "Standard deviation [phase] of Gaussian 1 component"
#   meta:
#     ucd: stat.stdev
# - 
#   name: geom_model_gaussian1_sigma_error
#   datatype: float32
#   description: "Uncertainty of \\texttt{geomModelGaussian1Sigma}"
#   meta:
#     ucd: stat.error
# - 
#   name: geom_model_gaussian1_depth
#   datatype: float32
#   unit: mag
#   description: Magnitude depth of Gaussian 1 component
#   meta:
#     ucd: src.var.amplitude
# - 
#   name: geom_model_gaussian1_depth_error
#   datatype: float32
#   unit: mag
#   description: "Uncertainty of \\texttt{geomModelGaussian1Depth}"
#   meta:
#     ucd: stat.error;src.var.amplitude
# - 
#   name: geom_model_gaussian2_phase
#   datatype: float32
#   description: Phase of Gaussian 2 component
#   meta:
#     ucd: time.phase
# - 
#   name: geom_model_gaussian2_phase_error
#   datatype: float32
#   description: "Uncertainty of \\texttt{geomModelGaussian2Phase}"
#   meta:
#     ucd: stat.error;time.phase
# - 
#   name: geom_model_gaussian2_sigma
#   datatype: float32
[...]
#   datatype: float32
#   description: "Secondary eclipse: uncertainty of \\texttt{derivedSecondaryEclDuration}"
#   meta:
#     ucd: stat.error;time.duration
# - 
#   name: derived_secondary_ecl_depth
#   datatype: float32
#   unit: mag
#   description: "Secondary eclipse: depth"
#   meta:
#     ucd: src.var.amplitude
# - 
#   name: derived_secondary_ecl_depth_error
#   datatype: float32
#   unit: mag
#   description: "Secondary eclipse: uncertainty of \\texttt{derivedSecondaryEclDepth}"
#   meta:
#     ucd: stat.error;src.var.amplitude
solution_id,source_id,global_ranking,reference_time,frequency,frequency_error,geom_model_reference_level,geom_model_reference_level_error,geom_model_gaussian1_phase,geom_model_gaussian1_phase_error,geom_model_gaussian1_sigma,geom_model_gaussian1_sigma_error,geom_model_gaussian1_depth,geom_model_gaussian1_depth_error,geom_model_gaussian2_phase,geom_model_gaussian2_phase_error,geom_model_gaussian2_sigma,geom_model_gaussian2_sigma_error,geom_model_gaussian2_depth,geom_model_gaussian2_depth_error,geom_model_cosine_half_period_amplitude,geom_model_cosine_half_period_amplitude_error,geom_model_cosine_half_period_phase,geom_model_cosine_half_period_phase_error,model_type,num_model_parameters,reduced_chi2,derived_primary_ecl_phase,derived_primary_ecl_phase_error,derived_primary_ecl_duration,derived_primary_ecl_duration_error,derived_primary_ecl_depth,derived_primary_ecl_depth_error,derived_secondary_ecl_phase,derived_secondary_ecl_phase_error,derived_secondary_ecl_duration,derived_secondary_ecl_duration_error,derived_secondary_ecl_depth,derived_secondary_ecl_depth_error
[from data line 451]
375316653866487564,3133658136881477632,0.4932483,2180.920720631769,3.501426222077891,2.5498355E-5,18.676313,0.0054159737,null,null,null,null,null,null,null,null,null,null,null,null,0.09937348,0.008544388,0.28470585,0.0053494615,"ELLIPSOIDAL",4,5.0928826,null,null,null,null,null,null,null,null,null,null,null,null
375316653866487564,3133668096907271040,0.52761495,2200.093754715344,0.6758871811579156,2.298926E-6,13.188632,0.0051067523,0.21169095,1.8502324E-4,0.013278735,4.449105E-4,0.2001059,0.005442274,0.72420734,9.947266E-5,0.010928038,3.429005E-4,0.8554397,0.050215803,null,null,null,null,"TWOGAUSSIANS",8,219.00319,0.72420734,9.947266E-5,0.061197013,0.0019202427,0.8554397,0.050215803,0.21169095,1.8502324E-4,0.074360915,0.0024914986,0.2001059,0.005442274
375316653866487564,3133668754041957376,0.5505864,2273.4125403662006,0.07919687550143643,7.148985E-5,12.303993,0.01822292,0.51260513,0.014061212,0.031503703,0.009968567,1.5157858,0.9260496,0.30792207,0.009969069,0.050267987,0.016696975,0.058362428,0.020186007,null,null,null,null,"TWOGAUSSIANS",8,3011.2803,0.51260513,0.014061212,0.17642075,0.05582397,1.5158005,0.9260618,0.30792207,0.009964789,0.28150073,0.09350306,0.05836243,0.020186502
375316653866487564,3133671640259947776,0.6023093,2248.1191966643987,2.763015429554617,9.646575E-6,17.655336,0.0072789,0.2581635,0.0037012277,0.07578617,0.005920757,0.3445729,0.012067947,0.75316066,0.0030560377,0.07952911,0.0065378523,0.33312896,0.029058363,null,null,null,null,"TWOGAUSSIANS",8,2.9142694,0.2581635,0.0037012277,0.4,0.0,0.34114537,0.013912068,0.75316066,0.0030560377,0.4,0.0,0.3297014,0.031177705
375316653866487564,3133675660349340416,0.6694581,2250.785958046148,0.08968283566101258,5.6865883E-5,12.981527,0.0011737341,0.7143414,0.01782645,0.011707208,0.011496579,0.5334014,103.74993,null,null,null,null,null,null,0.002391548,0.0016793943,0.7143414,0.01782645,"ONEGAUSSIAN_WITH_ELLIPSOIDAL",6,15.406211,0.7143414,0.01782645,0.06556036,0.06438084,0.5381845,103.75097,null,null,null,null,null,null
375316653866487564,3133678610987112960,0.5902193,2250.7908496928258,1.6545768193900658,1.1467487E-5,17.839542,0.05899454,0.26611203,0.0049319747,0.12954794,0.019707736,0.2729955,0.05614903,0.7495571,0.009432412,0.117586136,0.018847806,0.27345052,0.05653473,null,null,null,null,"TWOGAUSSIANS",8,1.3363808,0.7495571,0.009432412,0.4,0.0,0.21240342,0.009887694,0.26620203,0.0047149598,0.4,0.0,0.21166988,0.006432732
375316653866487564,3133678684006051200,0.5026278,2334.9141740559867,0.00868186000605853,3.4748817E-5,16.350508,0.007478541,0.2140272,0.05089187,0.055891518,0.033141024,0.072650686,0.025752218,0.7625724,2.379932E-5,4.9241685E-4,1.6944135E-5,0.42142403,0.012134182,null,null,null,null,"TWOGAUSSIANS",8,95.74673,0.7625724,2.379932E-5,0.0027575344,9.488715E-5,0.42142403,0.012134182,0.2140272,0.05089187,0.31299248,0.18558975,0.072650686,0.025752218
375316653866487564,3133679680438488448,0.62532794,2258.6083551630845,4.145359097476632,8.525404E-6,17.975657,0.015998725,0.27371666,8.7290583E-4,0.04930825,0.0027816987,0.54182184,0.052576456,0.77486175,0.009731954,0.044070244,0.00893263,0.5356031,0.16430245,0.1324873,0.03183361,0.27371666,8.7290583E-4,"TWOGAUSSIANS_WITH_ELLIPSOIDAL_ON_ECLIPSE1",9,5.34325,0.27371666,8.7290583E-4,0.2761262,0.015577514,0.8067945,0.03220616,0.77486175,0.009072468,0.24679337,0.050022725,0.8005621,0.16820188
375316653866487564,3133683902386993792,0.6003425,2236.5174064448365,0.6352258002278685,1.1182586E-5,17.871218,0.004906528,0.265487,0.004785839,0.04342713,0.0031048832,0.46419993,0.021741977,0.76003337,0.0022996846,0.045759868,0.0018465387,0.51358294,0.017881583,null,null,null,null,"TWOGAUSSIANS",8,4.5080147,0.76003337,0.0022996846,0.25625524,0.010340617,0.5135829,0.017881593,0.265487,0.004785839,0.24319191,0.017387345,0.4641998,0.021741906
375316653866487564,3133684245984101504,0.545962,2207.821011120183,3.687608567666454,2.8411692E-5,19.19839,0.020693667,0.2813656,0.008223944,0.081836544,0.010264824,0.28831455,0.028849568,0.7874051,0.007928838,0.10213837,0.011237089,0.27529812,0.02471215,null,null,null,null,"TWOGAUSSIANS",8,1.8299954,0.2813656,0.008223907,0.4,0.0,0.27562276,0.02676668,0.7874051,0.007928838,0.4,0.0,0.26260275,0.019170357
375316653866487564,3133687991195970688,0.5841024,2230.029272264901,1.7547691420338154,2.142541E-5,16.736788,0.08263744,0.27619267,0.003185652,0.12569746,0.036659155,0.19967762,0.07551927,0.7756791,0.0017317417,0.10916783,0.019868206,0.31979212,0.063628405,null,null,null,null,"TWOGAUSSIANS",8,4.0675454,0.7756791,0.0017335443,0.4,0.0,0.2694064,0.027092254,0.27619267,0.003188658,0.4,0.0,0.14916332,0.0074969446
375316653866487564,3133688029855134592,0.49040252,2268.3408546507662,0.2038473554565947,4.1579617E-5,16.666574,0.0249907,0.11470026,0.014281131,0.06235329,0.014918174,0.4017591,0.12199405,0.63064176,0.010765032,0.06656967,0.014985334,0.38402557,0.03991544,null,null,null,null,"TWOGAUSSIANS",8,27.3775,0.11470026,0.014281131,0.34917843,0.08354177,0.40149793,0.12216984,0.63064176,0.010765032,0.37279016,0.068599544,0.38376442,0.039889082
375316653866487564,3133688545250832512,0.57418424,2236.4552811546505,1.5061537247926213,1.7359576E-5,15.011715,0.0038468847,0.31922644,0.0029719213,0.06543504,0.00659971,0.25922418,0.024202595,0.8173375,0.0040869936,0.07121156,0.004717492,0.15619005,0.004428317,null,null,null,null,"TWOGAUSSIANS",8,68.87464,0.31922644,0.0029719213,0.3664362,0.036958374,0.25875774,0.024436478,0.8173375,0.0040869936,0.39878476,0.016930427,0.15572362,0.004354007
375316653866487564,3133692393541497216,0.66666776,2209.71095511149,3.193996979176322,1.9590821E-5,16.927635,0.011435112,0.29692382,0.0032837177,0.05449171,0.0036106321,0.38556668,0.027419828,0.8000242,0.010697398,0.049577136,0.009256632,0.30697882,0.03749012,0.10612928,0.013989532,0.29692382,0.0032837177,"TWOGAUSSIANS_WITH_ELLIPSOIDAL_ON_ECLIPSE1",9,6.8394413,0.29692382,0.0032837177,0.30515358,0.02021954,0.5978134,0.021299602,0.8000242,0.0098704165,0.27763197,0.05183714,0.519145,0.027112508
375316653866487564,3133694592564680192,0.43384805,2219.082271196934,0.528652258352985,2.9886647E-5,16.559414,0.002029477,0.6398519,0.0070847566,0.058013916,0.053388864,0.017009668,0.11185752,null,null,null,null,null,null,0.020332731,0.0028726044,0.6398519,0.0070847566,"ONEGAUSSIAN_WITH_ELLIPSOIDAL",6,4.1286,0.6398519,0.0070847566,0.32487792,0.19151138,0.05767355,0.11192887,null,null,null,null,null,null
375316653866487564,3133697341344175488,0.5132265,2257.9857520853798,1.2080388370224293,2.0662208E-5,15.957859,6.314485E-4,0.7805314,0.004789948,0.039366037,0.01054183,0.0045351335,0.004987315,null,null,null,null,null,null,0.015523241,0.0013714357,0.7805314,0.004789948,"ONEGAUSSIAN_WITH_ELLIPSOIDAL",6,1.9634886,0.7805314,0.004789948,0.2204498,0.05903425,0.035581615,0.004536334,null,null,null,null,null,null
375316653866487564,3133697715002008960,0.5923899,2263.747127506428,0.34338331439883724,5.5412635E-5,16.735687,0.0019630513,0.3327587,0.0065313475,0.0086397035,0.0064724474,0.03297557,2.6325727,0.67925256,0.006350776,0.051141918,0.00648419,0.41837052,0.4245867,null,null,null,null,"TWOGAUSSIANS",8,2.4811404,0.67925256,0.006350776,0.28639475,0.036311466,0.41837052,0.4245867,0.3327587,0.0065313475,0.048382338,0.036245707,0.03297557,2.6325727
375316653866487564,3133698234697353856,0.5082816,2267.6782663107024,2.149159008419389,3.1164767E-5,17.592474,0.002928733,0.30004495,0.006137167,0.030027049,0.021037292,0.01226693,0.12996131,null,null,null,null,null,null,0.049113367,0.0040830816,0.30004495,0.006137167,"ONEGAUSSIAN_WITH_ELLIPSOIDAL",6,2.9740748,0.30004495,0.006137167,0.16815147,0.11780883,0.11049366,0.13000455,null,null,null,null,null,null
375316653866487564,3133700708595187840,0.4789953,2295.602778723615,0.6736836295902032,5.845119E-5,19.744724,0.41547126,0.27904925,0.03867473,0.109867625,0.09972437,0.24880986,0.39991844,0.77458435,0.040401507,0.104731426,0.09061707,0.20615287,0.38237712,null,null,null,null,"TWOGAUSSIANS",8,1.9261916,0.27904925,0.0385716,0.4,0.0,0.22019032,0.032305427,0.77458435,0.040401507,0.4,0.0,0.1775447,0.045814656
375316653866487564,3133703800974956544,0.5356098,2235.75525540849,0.8117451606453212,3.893626E-5,16.498219,0.0018634532,0.32100582,0.008866318,0.030641962,0.00634043,0.061137367,0.0027380125,0.81472486,0.013324653,0.021289628,0.009476273,0.06332436,0.007684985,null,null,null,null,"TWOGAUSSIANS",8,2.0441902,0.81472486,0.013324653,0.11922192,0.05306713,0.06332436,0.007684985,0.32100582,0.008866318,0.17159498,0.03550641,0.061137367,0.0027380125
375316653866487564,3133708954935592704,0.5114333,2206.8562961825314,3.207531021692066,2.7024334E-5,18.635315,0.07723584,0.22126691,0.025089381,0.10980618,0.04427941,0.17267217,0.07321421,0.71072227,0.02652789,0.09498753,0.064894564,0.19098964,0.056423787,null,null,null,null,"TWOGAUSSIANS",8,2.8504436,0.71072227,0.02652789,0.4,0.0,0.17488484,0.036915638,0.22126691,0.024917446,0.4,0.0,0.15655594,0.019074582
375316653866487564,3133711016519945728,0.56343067,2265.631270384157,3.127030027734446,6.71867E-6,15.680882,0.027138937,0.19192931,0.0081057,0.10138471,0.013995215,0.27171713,0.033045385,0.67507666,0.0030046336,0.09978619,0.009830362,0.27033493,0.024825541,null,null,null,null,"TWOGAUSSIANS",8,59.96833,0.19192931,0.008110777,0.4,0.0,0.2517362,0.025183767,0.67507666,0.0030046336,0.4,0.0,0.25035515,0.012085846
375316653866487564,3133711149657555200,0.6157881,2254.461957254469,2.7425994126276754,1.1373485E-5,18.620167,0.01748295,0.27808124,0.0034087668,0.07854374,0.004472619,0.55047446,0.021651538,0.78377473,0.0031521814,0.07340137,0.0034519262,0.45737725,0.015339045,null,null,null,null,"TWOGAUSSIANS",8,2.9761884,0.27808124,0.0034087668,0.4,0.0,0.546517,0.020472923,0.78377473,0.0031521814,0.4,0.0,0.4534198,0.013481232
375316653866487564,3133712803227138816,0.48962235,2229.874180309316,1.7574552949623652,1.6562636E-4,17.902878,0.018493624,0.49387822,0.07454403,0.059831705,0.18600674,0.4513386,0.4587777,0.8595781,0.124393485,0.009905815,0.078652516,0.023579087,0.017611679,null,null,null,null,"TWOGAUSSIANS",8,8.28513,0.49387822,0.07452865,0.33505753,0.09877736,0.4513386,0.4695849,0.8595781,0.124393485,0.055472564,0.32889557,0.02357909,0.018458603
375316653866487564,3133713039443376640,0.5735344,2253.7420288612648,2.202934527560013,2.9217635E-4,17.641949,0.0033247664,0.19593795,0.030078134,0.088635206,0.03282635,0.010576954,0.004309521,0.59221554,0.05962367,0.04938247,0.027838634,0.23037271,0.10300137,null,null,null,null,"TWOGAUSSIANS",8,1.608612,0.59221554,0.05962367,0.27654186,0.15005946,0.23036925,0.10321176,0.19593795,0.030078134,0.4,0.0,0.010573003,0.004151331
375316653866487564,3133713795359791744,0.5653218,2284.878130883994,0.600159628167935,4.6850833E-5,17.157013,0.0021525114,0.5298527,0.0047367276,0.03392589,0.0054990454,0.312146,0.028288577,0.8661792,0.0051646843,0.041812934,0.0049939062,0.31578594,0.021183038,null,null,null,null,"TWOGAUSSIANS",8,16.360727,0.8661792,0.0051646843,0.23415242,0.027965875,0.31578594,0.021183038,0.5298527,0.0047367276,0.18998499,0.030794654,0.312146,0.028288577
375316653866487564,3133713902738073728,0.47905844,2276.452971184634,3.69778687538548,3.0281912E-5,16.278095,0.04886323,0.23037979,0.0057458207,0.09148141,0.020957252,0.49836755,0.22310182,0.73824096,0.006164316,0.08445472,0.009865234,0.52082586,0.05744407,null,null,null,null,"TWOGAUSSIANS",8,104.864555,0.73824096,0.006164316,0.4,0.0,0.5050531,0.050492305,0.23037979,0.0057458207,0.4,0.0,0.48259446,0.2320322
375316653866487564,3133715861242650752,0.48204476,2266.516660678606,3.660291018050409,5.3856882E-5,18.212934,0.0131038735,0.29399082,0.011966023,0.08482175,0.018918393,0.09989219,0.017365526,0.77507013,0.018035261,0.06532276,0.02989513,0.16728581,0.06124377,null,null,null,null,"TWOGAUSSIANS",8,2.4355447,0.77507013,0.018035261,0.3658074,0.06259667,0.16665833,0.06655938,0.29399082,0.011966023,0.4,0.0,0.0992647,0.01511239
375316653866487564,3133717265690806272,0.4836179,2293.5689342722576,1.424900704652884,1.7353066E-4,15.927728,8.124165E-4,0.53181463,0.023643585,0.028837295,0.008064614,0.33708286,0.10394955,null,null,null,null,null,null,null,null,null,null,"ONEGAUSSIAN",5,43.015167,0.53181463,0.023643585,0.16148885,0.045161836,0.33708286,0.0,null,null,null,null,null,null
375316653866487564,3133724103279179776,0.55560935,2232.075066949809,3.938716996077006,1.5059272E-5,18.372538,0.011662369,0.26768747,0.004430046,0.087573506,0.006752271,0.35957325,0.010828389,0.7562379,0.004663232,0.07097586,0.005751348,0.4694475,0.029457532,null,null,null,null,"TWOGAUSSIANS",8,7.2102466,0.7562379,0.004663232,0.39746484,0.01786574,0.46502736,0.031448137,0.26768747,0.004430046,0.4,0.0,0.35515305,0.009811187
375316653866487564,3133728466966146560,0.6300866,2228.3829209998826,2.8780376400030656,1.2156028E-5,14.042336,0.0023266955,0.1915558,0.0019454375,0.046747983,0.00380218,0.07681663,0.0066509405,0.6916091,0.002739539,0.04061736,0.005826573,0.07511542,0.0055853906,0.02403329,0.004134703,0.1915558,0.0019454375,"TWOGAUSSIANS_WITH_ELLIPSOIDAL_ON_ECLIPSE1",9,11.75043,0.1915558,0.0019454375,0.2617887,0.021292208,0.12488314,0.0041556507,0.6916091,0.002600405,0.22745721,0.03262881,0.12318192,0.0042562135
375316653866487564,3133730395411798272,0.68611187,2197.854435707064,0.9279110413321586,3.472565E-6,15.16109,0.0018014672,0.23935832,0.012248954,0.034226567,0.008181415,0.20450228,0.060003806,0.74168277,0.001921955,0.041358206,0.0014562893,0.1933522,0.0046944637,0.016032409,0.0024697958,0.23935832,0.012248954,"TWOGAUSSIANS_WITH_ELLIPSOIDAL_ON_ECLIPSE1",9,3.981961,0.23935832,0.012248954,0.19166876,0.045815922,0.23656708,0.061339367,0.74168277,0.0018181982,0.23160596,0.00815522,0.22541015,0.0027810636
375316653866487564,3133731082606544256,0.5513136,2243.1056134547985,3.463327674672644,2.2844644E-5,14.340208,0.002710311,0.24450545,0.0059765717,0.08230179,0.0071074907,0.06723823,0.003328164,0.74378824,0.013549682,0.08306013,0.017274568,0.05944383,0.011312205,null,null,null,null,"TWOGAUSSIANS",8,10.13951,0.24450545,0.0059765717,0.4,0.0,0.06594796,0.0027034932,0.74378824,0.013549682,0.4,0.01195948,0.058153562,0.011972728
375316653866487564,3133732177819148800,0.54077035,2209.921991543883,0.40989983275794767,1.651099E-5,18.651646,0.012355878,0.15083447,0.012483454,0.05696632,0.02245537,0.1339805,0.04248533,0.645449,0.008154859,0.030851802,0.0051251967,0.4081036,0.08728296,null,null,null,null,"TWOGAUSSIANS",8,3.1453128,0.645449,0.008154859,0.17277008,0.0287011,0.40810356,0.08728298,0.15083447,0.012483454,0.3190114,0.12105364,0.13398047,0.042487096
375316653866487564,3133733139892290304,0.5933156,2231.109712861953,3.2994512647635528,2.5736272E-5,17.969135,0.037861027,0.22355911,0.008489174,0.10637881,0.017602747,0.26351345,0.035982206,0.7188689,0.014630792,0.091804214,0.022729982,0.2994981,0.036228247,null,null,null,null,"TWOGAUSSIANS",8,3.0092878,0.7188689,0.014630792,0.4,0.0,0.2777575,0.01225369,0.22355911,0.008485484,0.4,0.0,0.24176447,0.013636978
375316653866487564,3133734552940535168,0.6130929,2264.2201068458094,3.2257395009837873,9.4203615E-6,16.396307,0.014272981,0.26383585,0.005688888,0.0743555,0.0066564498,0.51956266,0.05413742,0.774157,0.005547273,0.06863606,0.0059049753,0.57605636,0.014127959,null,null,null,null,"TWOGAUSSIANS",8,39.71736,0.774157,0.005547273,0.38436192,0.02226102,0.57418597,0.013364252,0.26383585,0.005688888,0.4,0.0044734874,0.51769227,0.054752484
375316653866487564,3133734965257445632,0.45976856,2268.8851063117536,0.5006261404488698,1.79933E-5,16.657278,0.018579422,0.1162801,0.0067852912,0.021796985,0.0051622353,0.15166886,0.034076575,0.52219486,0.01647353,0.18401983,0.03289378,0.17268243,0.02105607,null,null,null,null,"TWOGAUSSIANS",8,2.6372063,0.52219486,0.01647353,0.4,0.0,0.1640575,0.021568233,0.1168001,0.0069610416,0.122063115,0.02890852,0.15918837,0.03455575
