Gaia/vari_eclipsing_binary/VariEclipsingBinary_477587-477640.csv
# %ECSV 1.0
# ---
# delimiter: ','
# meta: !!omap
# - RELEASE: Gaia DR3
# - TABLE: vari_eclipsing_binary
# - DESCRIPTION: >
#     This table describes the properties of the eclipsing binaries resulting from the variability analysis. 
# - CITATION: >
#     How to cite and acknowledge Gaia: 
#     https://gea.esac.esa.int/archive/documentation/credits.html 
# - KNOWN_ISSUES: >
#     Known issues: 
#     https://www.cosmos.esa.int/web/gaia-users/known-issues 
# - DOCUMENTATION: >
#     Tutorials and documentation: 
#     https://www.cosmos.esa.int/web/gaia-users/archive 
# datatype:
# - 
#   name: solution_id
#   datatype: int64
#   description: Solution Identifier
#   meta:
#     ucd: meta.version
# - 
#   name: source_id
#   datatype: int64
#   description: Unique source identifier
#   meta:
#     ucd: meta.id;meta.main
# - 
#   name: global_ranking
#   datatype: float32
#   description: Number between 0 (worst) and 1 (best)
#   meta:
#     ucd: stat.param
# - 
#   name: reference_time
#   datatype: float64
#   unit: d
#   description: Reference time used for the geometric model fit
#   meta:
#     ucd: time.epoch
# - 
#   name: frequency
#   datatype: float64
#   unit: d**-1
#   description: Frequency of geometric model of the eclipsing binary light curve
#   meta:
#     ucd: src.orbital
# - 
#   name: frequency_error
#   datatype: float32
#   unit: d**-1
#   description: "Uncertainty of \\texttt{frequency}"
#   meta:
#     ucd: stat.error
# - 
#   name: geom_model_reference_level
#   datatype: float32
#   unit: mag
#   description: Magnitude reference level of geometric model
#   meta:
#     ucd: phot.mag;em.opt
# - 
#   name: geom_model_reference_level_error
#   datatype: float32
#   unit: mag
#   description: "Uncertainty of \\texttt{geomModelReferenceLevel}"
#   meta:
#     ucd: stat.error;phot.mag;em.opt
# - 
#   name: geom_model_gaussian1_phase
#   datatype: float32
#   description: Phase of the Gaussian 1 component
#   meta:
#     ucd: time.phase
# - 
#   name: geom_model_gaussian1_phase_error
#   datatype: float32
#   description: "Uncertainty of \\texttt{geomModelGaussian1Phase}"
#   meta:
#     ucd: stat.error;time.phase
# - 
#   name: geom_model_gaussian1_sigma
#   datatype: float32
#   description: "Standard deviation [phase] of Gaussian 1 component"
#   meta:
#     ucd: stat.stdev
# - 
#   name: geom_model_gaussian1_sigma_error
#   datatype: float32
#   description: "Uncertainty of \\texttt{geomModelGaussian1Sigma}"
#   meta:
#     ucd: stat.error
# - 
#   name: geom_model_gaussian1_depth
#   datatype: float32
#   unit: mag
#   description: Magnitude depth of Gaussian 1 component
#   meta:
#     ucd: src.var.amplitude
# - 
#   name: geom_model_gaussian1_depth_error
#   datatype: float32
#   unit: mag
#   description: "Uncertainty of \\texttt{geomModelGaussian1Depth}"
#   meta:
#     ucd: stat.error;src.var.amplitude
# - 
#   name: geom_model_gaussian2_phase
#   datatype: float32
#   description: Phase of Gaussian 2 component
#   meta:
#     ucd: time.phase
# - 
#   name: geom_model_gaussian2_phase_error
#   datatype: float32
#   description: "Uncertainty of \\texttt{geomModelGaussian2Phase}"
#   meta:
#     ucd: stat.error;time.phase
# - 
#   name: geom_model_gaussian2_sigma
#   datatype: float32
[...]
#   datatype: float32
#   description: "Secondary eclipse: uncertainty of \\texttt{derivedSecondaryEclDuration}"
#   meta:
#     ucd: stat.error;time.duration
# - 
#   name: derived_secondary_ecl_depth
#   datatype: float32
#   unit: mag
#   description: "Secondary eclipse: depth"
#   meta:
#     ucd: src.var.amplitude
# - 
#   name: derived_secondary_ecl_depth_error
#   datatype: float32
#   unit: mag
#   description: "Secondary eclipse: uncertainty of \\texttt{derivedSecondaryEclDepth}"
#   meta:
#     ucd: stat.error;src.var.amplitude
solution_id,source_id,global_ranking,reference_time,frequency,frequency_error,geom_model_reference_level,geom_model_reference_level_error,geom_model_gaussian1_phase,geom_model_gaussian1_phase_error,geom_model_gaussian1_sigma,geom_model_gaussian1_sigma_error,geom_model_gaussian1_depth,geom_model_gaussian1_depth_error,geom_model_gaussian2_phase,geom_model_gaussian2_phase_error,geom_model_gaussian2_sigma,geom_model_gaussian2_sigma_error,geom_model_gaussian2_depth,geom_model_gaussian2_depth_error,geom_model_cosine_half_period_amplitude,geom_model_cosine_half_period_amplitude_error,geom_model_cosine_half_period_phase,geom_model_cosine_half_period_phase_error,model_type,num_model_parameters,reduced_chi2,derived_primary_ecl_phase,derived_primary_ecl_phase_error,derived_primary_ecl_duration,derived_primary_ecl_duration_error,derived_primary_ecl_depth,derived_primary_ecl_depth_error,derived_secondary_ecl_phase,derived_secondary_ecl_phase_error,derived_secondary_ecl_duration,derived_secondary_ecl_duration_error,derived_secondary_ecl_depth,derived_secondary_ecl_depth_error
[from data line 490]
375316653866487564,4201349550252769152,0.6310706,2222.003294950878,1.302759808756845,1.9975772E-5,15.298724,0.01656902,0.26500452,0.0029072398,0.034669902,0.00677728,0.19036712,0.04337144,0.7588217,0.020836106,0.035160854,0.012479018,1.2689743,0.35844955,0.0773145,0.029173365,0.26500452,0.0029072398,"TWOGAUSSIANS_WITH_ELLIPSOIDAL_ON_ECLIPSE1",9,96.32099,0.75889176,0.02054349,0.19690078,0.069882505,1.4233727,0.36227325,0.26500452,0.0029072398,0.19415145,0.037952766,0.34499612,0.017380543
375316653866487564,4201349554564058496,0.4710262,2233.2963776471397,0.338052936110447,5.6743138E-5,16.949306,0.016362641,0.2525549,0.015549732,0.120693065,0.018154671,0.17589945,0.021618525,0.67256725,0.027424332,0.095628515,0.031259842,0.10682487,0.025502985,null,null,null,null,"TWOGAUSSIANS",8,2.4249012,0.2525849,0.015463161,0.4,0.0,0.16821414,0.019213965,0.67256725,0.027424332,0.4,0.0,0.09954693,0.024119562
375316653866487564,4201349726362805632,0.5433849,2193.79513931671,4.419157283835887,3.15721E-5,17.48768,0.0022756679,0.42574447,1.3885142E-4,0.016451022,7.999647E-4,0.20371377,0.007452626,0.57325226,0.08427178,0.099352054,0.047055397,0.0069673103,0.0028912143,null,null,null,null,"TWOGAUSSIANS",8,1.5172513,0.42579448,1.1267003E-4,0.09212572,0.004479802,0.20602871,0.008151037,0.57325226,0.08427178,0.4,0.0,0.0069672666,0.0028911592
375316653866487564,4201349829430280576,0.57268995,2163.3294016216896,3.588097216301979,1.4902608E-5,18.252687,0.012408677,0.16961965,0.005527457,0.082200065,0.007672909,0.31760758,0.015151181,0.6644474,0.0029739037,0.08215527,0.004448076,0.31954643,0.013664108,null,null,null,null,"TWOGAUSSIANS",8,3.3137114,0.6644474,0.0029739037,0.4,0.0,0.31388697,0.011741534,0.16961965,0.005527457,0.4,0.0,0.31194812,0.014448731
375316653866487564,4201351783639106944,0.47448093,2146.1127289313663,0.2401737703306942,1.0623514E-5,19.056076,0.014869683,0.20375088,0.0047703544,0.05333828,0.006106535,0.6670266,0.15909067,0.5437698,0.07358891,0.03972463,0.030559208,1.4994805,29.248653,null,null,null,null,"TWOGAUSSIANS",8,8.783034,0.5437698,0.07358891,0.22245793,0.17113157,1.4994805,29.248653,0.20375088,0.0047703544,0.29869437,0.034196597,0.6670266,0.15909067
375316653866487564,4201352161593248768,0.6205424,2211.136600844106,1.520438395502512,8.725108E-6,16.698332,0.007839567,0.2645928,0.003295098,0.04318829,0.0031635868,0.60531294,0.016588964,0.770565,0.007832882,0.05267606,0.006924845,0.15653656,0.021314586,null,null,null,null,"TWOGAUSSIANS",8,26.462803,0.2645928,0.003295098,0.24185441,0.017716087,0.6053124,0.01658865,0.770565,0.007832882,0.29498592,0.038779132,0.15653606,0.021315709
375316653866487564,4201353570342438912,0.5448866,2215.036872790498,1.1482510771677485,1.3307919E-5,14.805091,6.835674E-4,null,null,null,null,null,null,null,null,null,null,null,null,0.027174007,0.0010699241,0.26131764,0.0032608863,"ELLIPSOIDAL",4,5.2867374,null,null,null,null,null,null,null,null,null,null,null,null
375316653866487564,4201354223177511936,0.4721942,2213.410854799733,1.3273810392003893,8.5036074E-5,17.177599,0.010828382,0.25631386,0.0088544935,0.055528395,0.013255282,0.082469076,0.012219953,0.7569622,0.026732456,0.07864365,0.030449409,0.1084723,0.020021373,null,null,null,null,"TWOGAUSSIANS",8,15.314408,0.7569622,0.026732456,0.4,0.09210306,0.108291484,0.02007862,0.25631386,0.0088544935,0.310959,0.074229576,0.082288265,0.011964957
375316653866487564,4201355013454725888,0.5088717,2196.7185762661793,3.62321522587006,2.9773788E-5,19.381325,0.034540296,0.28563613,0.017001558,0.045122556,0.026414974,0.23596647,0.08948281,0.7734681,0.03782474,0.044627164,0.040805068,0.352011,352775.94,0.12436305,0.046396784,0.28563613,0.017001558,"TWOGAUSSIANS_WITH_ELLIPSOIDAL_ON_ECLIPSE1",9,5.592512,0.7746781,0.03719355,0.24991211,0.22850838,0.59943014,352775.94,0.28563613,0.017001558,0.25268632,0.14792384,0.4846922,0.026928052
375316653866487564,4201355567518352384,0.5842733,2221.529348892502,1.5117217913121368,7.7113755E-6,13.508666,0.038924854,0.17244904,0.003195611,0.13305795,0.01796,0.110665135,0.035946388,0.6616253,0.0028829724,0.15147369,0.023364201,0.122949444,0.037822083,null,null,null,null,"TWOGAUSSIANS",8,8.938682,0.6616253,0.0028829724,0.4,0.0,0.07652834,0.0012098298,0.17330904,0.0027452658,0.4,0.0,0.06513327,0.001211389
375316653866487564,4201357384273552512,0.48868033,2142.9266932545893,0.07872672059214653,1.15860375E-5,18.3454,0.005338126,0.14275499,0.003947697,0.043113824,0.009963714,0.105113596,0.019373856,0.69646966,0.0037980753,0.04640998,0.0070880186,0.13146773,0.013650213,null,null,null,null,"TWOGAUSSIANS",8,2.099429,0.69646966,0.0037980753,0.2598959,0.039692905,0.13146773,0.013650216,0.14275499,0.003947697,0.2414374,0.055796795,0.10511359,0.01937386
375316653866487564,4201357629102502272,0.61283433,2163.457231237259,1.8926526595257263,4.3743494E-6,14.581658,0.0069422913,0.21250427,0.0039061648,0.050570313,0.0057122363,0.08926866,0.013318658,0.70460206,0.0040494674,0.040391624,0.044458617,0.018537637,1.4163078E25,0.077946484,0.0076621817,0.70460206,0.0040494674,"TWOGAUSSIANS_WITH_ELLIPSOIDAL_ON_ECLIPSE2",9,28.381931,0.21044427,0.0019484475,0.28319374,0.031988524,0.24487665,0.004877105,0.70460206,0.0040494674,0.2261931,0.24896824,0.17442963,1.4163078E25
375316653866487564,4201358110138906240,0.46082112,2162.024192023725,0.6415703566858921,3.0253448E-5,17.230429,0.0076704724,0.15067045,0.010350036,0.07383067,0.012364241,0.067772165,0.017594602,0.5887613,0.010786769,0.09736172,0.039832756,0.041439414,0.009653653,null,null,null,null,"TWOGAUSSIANS",8,3.2241428,0.15068045,0.010260242,0.4,0.018971285,0.06731268,0.016509801,0.5887613,0.010786769,0.4,0.0,0.040978264,0.010306085
375316653866487564,4201358281937622016,0.5836753,2183.6306933596647,0.07988434019170129,1.0366825E-6,14.010038,0.0020780007,0.11487841,5.0385595E-5,0.0012653918,3.3806373E-5,0.26859802,0.0069159656,0.75142103,0.030205019,0.07264555,0.030064803,0.007895696,0.003050055,null,null,null,null,"TWOGAUSSIANS",8,14.665229,0.11487841,5.0385595E-5,0.007086194,1.8931569E-4,0.26859805,0.0069170855,0.75142103,0.030205019,0.4,0.124103844,0.007895696,0.0030500544
375316653866487564,4201358350657340288,0.63199615,2195.418157033999,2.1984554119969197,2.5086573E-4,15.003996,0.0013239523,0.45433393,0.03357201,0.044243384,0.012288065,0.43672526,0.292165,null,null,null,null,null,null,null,null,null,null,"ONEGAUSSIAN",5,19.12598,0.45433393,0.03357201,0.24776295,0.06881317,0.43672526,0.0,null,null,null,null,null,null
375316653866487564,4201359759394418432,0.47641784,2133.1714788139166,1.4398221380609046,1.551557E-5,16.81924,0.010080685,0.68035454,0.021673413,0.014690225,0.059530355,0.31895536,0.39572716,0.8869748,0.009089788,0.008018113,0.0058677415,0.44620222,14.134648,null,null,null,null,"TWOGAUSSIANS",8,16.063084,0.8869748,0.009089788,0.044901434,0.032859355,0.44620222,14.134556,0.68035454,0.021673413,0.08226526,0.30112773,0.31895536,0.39572716
375316653866487564,4201359823820559616,0.55335146,2188.6396729874605,2.689495958107558,4.1373223E-5,18.17525,0.03379583,0.32550374,0.0041558472,0.07997799,0.00999627,0.38939947,0.027191687,0.8208126,0.014588172,0.07942444,0.020296942,0.33690587,0.03427441,null,null,null,null,"TWOGAUSSIANS",8,7.7839026,0.32550374,0.0041558472,0.4,0.0,0.3845776,0.022535114,0.8208126,0.014588172,0.4,0.0,0.33208403,0.035213027
375316653866487564,4201360854613021568,0.48679504,2149.6080629538924,0.787954231569412,1.19660064E-4,18.710514,0.00471144,0.3486761,0.0024150647,0.045134686,0.004630055,0.73826444,0.27780604,0.6259053,0.04010991,0.060822885,0.035011604,0.02812614,0.04104878,null,null,null,null,"TWOGAUSSIANS",8,1.471743,0.3486761,0.0024150647,0.25275424,0.025928307,0.73826534,0.27780655,0.6259053,0.04010991,0.34060818,0.196065,0.028126143,0.041048784
375316653866487564,4201363916924286720,0.5718464,2206.678946522204,3.4489176877529406,1.5246929E-5,19.57048,0.0036071595,0.21454501,0.00205042,0.019408876,0.0022335376,0.7028174,0.10992432,0.64369607,0.021858862,0.041697353,0.014807789,0.11163607,0.01724725,0.13928318,0.005706152,0.21454501,0.00205042,"TWOGAUSSIANS_WITH_ELLIPSOIDAL_ON_ECLIPSE1",9,0.42401063,0.21454501,0.00205042,0.1086897,0.01250781,0.98138183,0.111567065,0.6620961,0.023159444,0.23350519,0.08292362,0.35067067,0.04412738
375316653866487564,4201365634921807488,0.6089661,2255.053647977195,2.338005565308553,1.0366829E-6,15.869878,0.0062550213,0.28883845,0.06432424,0.02585871,0.030050453,0.1451099,1.45411853E9,0.6211478,1.5453033E-6,0.0032619708,8.590409E-6,1.3374076,0.0030394213,0.00531803,0.007762309,0.28883845,0.06432424,"TWOGAUSSIANS_WITH_ELLIPSOIDAL_ON_ECLIPSE1",9,66.367226,0.6211478,1.5453033E-6,0.018267035,4.8106293E-5,1.3400075,0.005115719,0.28883845,0.06432424,0.14480877,0.16828254,0.15574595,1.45411853E9
375316653866487564,4201367073720970240,0.4664621,2187.9327558978516,0.42483137030609347,2.3868088E-5,18.738209,0.008270004,0.23000576,0.007063876,0.09058431,0.019359458,0.09138226,0.006897175,0.70213056,0.014402908,0.08856351,0.019303799,0.10905482,0.015985074,null,null,null,null,"TWOGAUSSIANS",8,1.340116,0.70213056,0.014402908,0.4,0.0,0.1064594,0.014967412,0.23000576,0.007064261,0.4,0.0,0.0887868,0.00415968
375316653866487564,4201369100943705728,0.62162507,2242.5145961011453,3.2092023781624652,8.120575E-6,17.737934,0.008129576,0.23736458,0.0019981735,0.072266534,0.0030514172,0.40363425,0.009940342,0.7401033,0.0022813047,0.07194263,0.0026661647,0.48952445,0.022969365,null,null,null,null,"TWOGAUSSIANS",8,4.279606,0.7401033,0.0022813047,0.4,0.0043873987,0.48748448,0.02303037,0.23736458,0.0019981735,0.4,0.005364089,0.4015943,0.009833952
375316653866487564,4201373602072219392,0.5129181,2198.128354487002,3.134982945185418,3.6778787E-5,19.6224,0.013464601,0.167225,0.0049540917,0.07663691,0.0064920243,0.47133654,0.043124307,0.6557834,0.0068538985,0.055853322,0.011195226,0.4887366,0.113385305,null,null,null,null,"TWOGAUSSIANS",8,2.0052347,0.6557834,0.0068538985,0.3127786,0.06269327,0.48818776,0.114088096,0.167225,0.0049540917,0.4,0.0,0.47078767,0.04326057
