Gaia/vari_eclipsing_binary/VariEclipsingBinary_667899-667925.csv
# %ECSV 1.0
# ---
# delimiter: ','
# meta: !!omap
# - RELEASE: Gaia DR3
# - TABLE: vari_eclipsing_binary
# - DESCRIPTION: >
#     This table describes the properties of the eclipsing binaries resulting from the variability analysis. 
# - CITATION: >
#     How to cite and acknowledge Gaia: 
#     https://gea.esac.esa.int/archive/documentation/credits.html 
# - KNOWN_ISSUES: >
#     Known issues: 
#     https://www.cosmos.esa.int/web/gaia-users/known-issues 
# - DOCUMENTATION: >
#     Tutorials and documentation: 
#     https://www.cosmos.esa.int/web/gaia-users/archive 
# datatype:
# - 
#   name: solution_id
#   datatype: int64
#   description: Solution Identifier
#   meta:
#     ucd: meta.version
# - 
#   name: source_id
#   datatype: int64
#   description: Unique source identifier
#   meta:
#     ucd: meta.id;meta.main
# - 
#   name: global_ranking
#   datatype: float32
#   description: Number between 0 (worst) and 1 (best)
#   meta:
#     ucd: stat.param
# - 
#   name: reference_time
#   datatype: float64
#   unit: d
#   description: Reference time used for the geometric model fit
#   meta:
#     ucd: time.epoch
# - 
#   name: frequency
#   datatype: float64
#   unit: d**-1
#   description: Frequency of geometric model of the eclipsing binary light curve
#   meta:
#     ucd: src.orbital
# - 
#   name: frequency_error
#   datatype: float32
#   unit: d**-1
#   description: "Uncertainty of \\texttt{frequency}"
#   meta:
#     ucd: stat.error
# - 
#   name: geom_model_reference_level
#   datatype: float32
#   unit: mag
#   description: Magnitude reference level of geometric model
#   meta:
#     ucd: phot.mag;em.opt
# - 
#   name: geom_model_reference_level_error
#   datatype: float32
#   unit: mag
#   description: "Uncertainty of \\texttt{geomModelReferenceLevel}"
#   meta:
#     ucd: stat.error;phot.mag;em.opt
# - 
#   name: geom_model_gaussian1_phase
#   datatype: float32
#   description: Phase of the Gaussian 1 component
#   meta:
#     ucd: time.phase
# - 
#   name: geom_model_gaussian1_phase_error
#   datatype: float32
#   description: "Uncertainty of \\texttt{geomModelGaussian1Phase}"
#   meta:
#     ucd: stat.error;time.phase
# - 
#   name: geom_model_gaussian1_sigma
#   datatype: float32
#   description: "Standard deviation [phase] of Gaussian 1 component"
#   meta:
#     ucd: stat.stdev
# - 
#   name: geom_model_gaussian1_sigma_error
#   datatype: float32
#   description: "Uncertainty of \\texttt{geomModelGaussian1Sigma}"
#   meta:
#     ucd: stat.error
# - 
#   name: geom_model_gaussian1_depth
#   datatype: float32
#   unit: mag
#   description: Magnitude depth of Gaussian 1 component
#   meta:
#     ucd: src.var.amplitude
# - 
#   name: geom_model_gaussian1_depth_error
#   datatype: float32
#   unit: mag
#   description: "Uncertainty of \\texttt{geomModelGaussian1Depth}"
#   meta:
#     ucd: stat.error;src.var.amplitude
# - 
#   name: geom_model_gaussian2_phase
#   datatype: float32
#   description: Phase of Gaussian 2 component
#   meta:
#     ucd: time.phase
# - 
#   name: geom_model_gaussian2_phase_error
#   datatype: float32
#   description: "Uncertainty of \\texttt{geomModelGaussian2Phase}"
#   meta:
#     ucd: stat.error;time.phase
# - 
#   name: geom_model_gaussian2_sigma
#   datatype: float32
[...]
#   datatype: float32
#   description: "Secondary eclipse: uncertainty of \\texttt{derivedSecondaryEclDuration}"
#   meta:
#     ucd: stat.error;time.duration
# - 
#   name: derived_secondary_ecl_depth
#   datatype: float32
#   unit: mag
#   description: "Secondary eclipse: depth"
#   meta:
#     ucd: src.var.amplitude
# - 
#   name: derived_secondary_ecl_depth_error
#   datatype: float32
#   unit: mag
#   description: "Secondary eclipse: uncertainty of \\texttt{derivedSecondaryEclDepth}"
#   meta:
#     ucd: stat.error;src.var.amplitude
solution_id,source_id,global_ranking,reference_time,frequency,frequency_error,geom_model_reference_level,geom_model_reference_level_error,geom_model_gaussian1_phase,geom_model_gaussian1_phase_error,geom_model_gaussian1_sigma,geom_model_gaussian1_sigma_error,geom_model_gaussian1_depth,geom_model_gaussian1_depth_error,geom_model_gaussian2_phase,geom_model_gaussian2_phase_error,geom_model_gaussian2_sigma,geom_model_gaussian2_sigma_error,geom_model_gaussian2_depth,geom_model_gaussian2_depth_error,geom_model_cosine_half_period_amplitude,geom_model_cosine_half_period_amplitude_error,geom_model_cosine_half_period_phase,geom_model_cosine_half_period_phase_error,model_type,num_model_parameters,reduced_chi2,derived_primary_ecl_phase,derived_primary_ecl_phase_error,derived_primary_ecl_duration,derived_primary_ecl_duration_error,derived_primary_ecl_depth,derived_primary_ecl_depth_error,derived_secondary_ecl_phase,derived_secondary_ecl_phase_error,derived_secondary_ecl_duration,derived_secondary_ecl_duration_error,derived_secondary_ecl_depth,derived_secondary_ecl_depth_error
[from data line 290]
375316653866487564,5874981211817851392,0.50832206,2215.7525830009977,2.232996789737841,1.7589979E-5,18.617188,0.008967754,0.2645982,0.00571099,0.029589323,0.008154879,0.08896314,0.02640392,0.78866214,0.008515462,0.06084339,0.00920503,0.17199421,0.026802177,0.092216164,0.014109034,0.2645982,0.00571099,"TWOGAUSSIANS_WITH_ELLIPSOIDAL_ON_ECLIPSE1",9,8.057231,0.78866214,0.008515462,0.34072298,0.05154817,0.35223553,0.017894492,0.2645982,0.00571099,0.16570021,0.045667324,0.2733887,0.018760355
375316653866487564,5874981383645944448,0.4822953,2205.5380438753123,2.566330261099704,7.69715E-6,15.514833,0.004762685,0.22513475,0.0012304153,0.04635359,0.0031333424,0.1505752,0.012851798,0.722967,0.026752122,0.036430944,0.020883115,0.1780782,0.09074969,0.061026346,0.0059828563,0.22513475,0.0012304153,"TWOGAUSSIANS_WITH_ELLIPSOIDAL_ON_ECLIPSE1",9,41.15472,0.72311705,0.026503827,0.20401329,0.116945446,0.3001096,0.091160916,0.22513475,0.0012304153,0.2595801,0.017546717,0.2726277,0.010310971
375316653866487564,5874981521084888192,0.45604813,2204.8025835284534,1.7238407491187053,2.6489935E-5,16.658602,0.003311452,null,null,null,null,null,null,null,null,null,null,null,null,0.055737022,0.004643728,0.23043764,0.0055849734,"ELLIPSOIDAL",4,34.92692,null,null,null,null,null,null,null,null,null,null,null,null
375316653866487564,5874981825995850240,0.52239144,2154.5679502713147,3.0336416713446566,1.6009206E-5,19.225296,0.005830097,0.20306548,0.0027736,0.044976763,0.01286769,0.05359587,0.037033707,0.6785638,0.0039362554,0.046008,0.0062121535,0.21847567,0.042674705,0.10533235,0.010896127,0.20306548,0.0027736,"TWOGAUSSIANS_WITH_ELLIPSOIDAL_ON_ECLIPSE1",9,1.9726629,0.68193376,0.0031666134,0.2576448,0.03478806,0.4248629,0.046332605,0.20306548,0.0027736,0.2518699,0.072059065,0.26426044,0.03196863
375316653866487564,5874981933372502784,0.4443813,2151.050590659715,3.3761713074712136,3.9886578E-5,19.6297,0.016229887,0.27232566,0.012708108,0.068639696,0.0132370535,0.23161669,0.07301558,0.7901313,0.016857348,0.056526955,0.01982482,0.26633745,0.121973395,null,null,null,null,"TWOGAUSSIANS",8,5.648637,0.7901313,0.016857348,0.31655094,0.111018986,0.26624316,0.12227734,0.27232566,0.012708108,0.38438228,0.06377721,0.2315224,0.07309357
375316653866487564,5874982959867383424,0.5675093,2167.202538461841,3.4809446495958642,5.8126284E-6,18.971548,0.010847922,0.25668344,0.0024466224,0.07307337,0.0045265015,0.44088137,0.013596254,0.75426406,0.0022356308,0.06309022,0.003002151,0.5452947,0.021485237,null,null,null,null,"TWOGAUSSIANS",8,2.987989,0.75426406,0.0022356308,0.35330522,0.016812045,0.544223,0.021425888,0.25668344,0.0024466224,0.4,0.006280464,0.43980965,0.0136202155
375316653866487564,5874983234743676544,0.5936629,2198.076749432368,1.7796404271868074,8.079529E-6,15.566608,0.008352213,0.23442778,0.0019626413,0.102355964,0.0050206087,0.21891639,0.007940166,0.72949964,0.002673005,0.10158462,0.0077398415,0.1494726,0.007224115,null,null,null,null,"TWOGAUSSIANS",8,14.241089,0.23442778,0.0019626413,0.4,0.0,0.20208372,0.005965062,0.72949964,0.002673005,0.4,0.0,0.1326412,0.0052211075
375316653866487564,5874983234745213440,0.55294234,2162.4466798963163,3.1872897452499735,1.4088772E-5,18.812399,0.011579389,0.15686312,0.0030317155,0.069237694,0.004415824,0.4796932,0.013932478,0.65632915,0.0029214444,0.07022587,0.006608014,0.40810773,0.030054212,null,null,null,null,"TWOGAUSSIANS",8,4.149032,0.15686312,0.0030317155,0.38773108,0.024728613,0.47828218,0.013589756,0.65632915,0.0029214444,0.3932649,0.026430482,0.4066967,0.030875953
375316653866487564,5874983376510993024,0.5170516,2180.857501981727,2.969920288728223,2.1527068E-5,15.468781,0.010811197,0.2629762,0.0057264823,0.07293995,0.0059110387,0.3119902,0.020762842,0.772586,0.0063399957,0.08034431,0.009384605,0.28747132,0.019415671,null,null,null,null,"TWOGAUSSIANS",8,222.95883,0.2629762,0.0057264823,0.4,0.0018532717,0.30961475,0.020446125,0.772586,0.0063399957,0.4,0.0,0.28509584,0.019596465
375316653866487564,5874983754439954944,0.4618004,2179.5777946566236,2.608424612478943,2.875658E-5,19.450315,0.0066436636,0.24526887,0.009465734,0.064849615,0.008352281,0.13433877,0.011100339,0.7637866,0.008773836,0.07671381,0.01123569,0.19220845,0.030971887,null,null,null,null,"TWOGAUSSIANS",8,2.240168,0.7637866,0.008773836,0.4,0.0,0.19181158,0.031220065,0.24526887,0.009465734,0.36315784,0.04677277,0.13394189,0.010921043
375316653866487564,5874984235504480640,0.50751865,2184.4352984289917,0.9546333559999999,6.1671446E-5,17.4505,0.0030057037,0.9261532,0.008683876,0.008390627,0.0051791035,0.23179647,10731.215,0.68016154,0.011731138,0.029912256,0.0099059595,0.5400042,0.28921458,null,null,null,null,"TWOGAUSSIANS",8,13.039174,0.68016154,0.011731138,0.16750863,0.055473376,0.5400042,0.28921458,0.9261532,0.008683876,0.04698751,0.02900298,0.23179647,10731.215
375316653866487564,5874984265537525120,0.5724369,2177.0196393598803,0.2872078726341769,5.65965E-6,19.022188,0.0046339277,0.15731351,6.752062E-4,0.03148502,6.994186E-4,0.50779617,0.018166749,0.6811251,0.028090477,0.051367458,0.02101578,0.29249024,0.08024697,null,null,null,null,"TWOGAUSSIANS",8,2.044957,0.15731351,6.752062E-4,0.17631611,0.003916744,0.50779617,0.018166749,0.6811251,0.028090477,0.28765777,0.11768837,0.29249024,0.08024697
375316653866487564,5874984265537565568,0.5860754,2181.975630506866,0.4679770445252235,5.080092E-5,18.380787,0.0031595263,0.5881469,6.737307E-5,0.016891805,1.5729884E-4,0.7592469,0.0033462064,null,null,null,null,null,null,null,null,null,null,"ONEGAUSSIAN",5,3.203457,0.5881469,6.737307E-5,0.09459411,8.8087353E-4,0.7592469,0.0,null,null,null,null,null,null
375316653866487564,5874984304223950336,0.55304474,2195.5055717802475,0.0619196720619302,4.98548E-5,17.415604,0.0031575793,0.66398025,7.011321E-5,0.010539737,2.4746527E-4,0.34343553,0.0029489847,0.85435677,0.009194527,0.040657762,0.007723052,0.031973183,0.018564964,null,null,null,null,"TWOGAUSSIANS",8,7.3728538,0.66398025,7.011321E-5,0.059022527,0.0013858055,0.3434361,0.002949377,0.85435677,0.009194527,0.22768347,0.043249093,0.031973183,0.018564964
375316653866487564,5874984334257042048,0.6004821,2203.3259105742236,3.377311019757891,6.5653458E-6,17.6216,0.011096428,0.26774055,7.135339E-4,0.05116286,0.0038935684,0.33459824,0.017404394,0.764234,0.003197757,0.059239395,0.0055337194,0.22459662,0.023358278,0.095287755,0.013622977,0.26774055,7.135339E-4,"TWOGAUSSIANS_WITH_ELLIPSOIDAL_ON_ECLIPSE1",9,5.313509,0.26774055,7.135339E-4,0.28651202,0.021803983,0.5251477,0.021100009,0.76490396,0.0025587035,0.33174062,0.03098883,0.4150712,0.00973425
375316653866487564,5874984338583700736,0.47021812,2221.756176512741,0.2674510210161448,1.3303943E-5,14.052333,0.0020736924,0.38363042,0.010415693,0.018572465,0.00938878,0.05702114,0.016245669,0.88832027,0.017939182,0.016861765,0.009855207,0.05153907,0.016925013,null,null,null,null,"TWOGAUSSIANS",8,9.578151,0.38363042,0.010415693,0.104005806,0.052577168,0.05702114,0.016245669,0.88832027,0.017939182,0.09442589,0.055189162,0.05153907,0.016925013
375316653866487564,5874984402988425984,0.47570008,2173.4327301791836,2.419558390447615,2.100829E-5,19.50577,0.026580073,0.30227172,0.00596635,0.09207132,0.012629236,0.23615298,0.02701282,0.79102284,0.015687387,0.10150257,0.026609546,0.17341863,0.023813542,null,null,null,null,"TWOGAUSSIANS",8,2.1581774,0.30227172,0.0059682126,0.4,0.0,0.22393072,0.020701963,0.79102284,0.015687387,0.4,0.0,0.16119446,0.012657096
375316653866487564,5874984544741934464,0.49242744,2184.071581670398,0.4046213095093231,2.2505132E-5,14.610602,0.0036116324,0.25165656,0.03810682,0.048762485,0.037263516,0.024593245,0.014223395,0.7210234,0.0051837526,0.025363749,0.0066017746,0.10429654,0.010987182,0.009211356,0.0033277126,0.25165656,0.03810682,"TWOGAUSSIANS_WITH_ELLIPSOIDAL_ON_ECLIPSE1",9,74.01427,0.7212934,0.0052166875,0.14203699,0.036969937,0.12205087,0.011253918,0.25165656,0.03810682,0.27306992,0.16062763,0.04301589,0.010950376
375316653866487564,5874984815294750720,0.5614191,2192.8454381635124,0.7020751356734315,1.6454955E-5,14.908574,0.0012151048,0.1980319,0.008848846,0.03608243,0.013357048,0.009853354,0.004908492,0.69814444,1.2742348E-4,0.015743766,7.0965575E-4,0.5584008,0.07722207,0.005884081,0.0016879113,0.1980319,0.008848846,"TWOGAUSSIANS_WITH_ELLIPSOIDAL_ON_ECLIPSE1",9,9.640836,0.69814444,1.2742348E-4,0.08816509,0.003974072,0.5701689,0.080168545,0.1980319,0.008848846,0.20206161,0.07479946,0.021621512,0.0050209127
375316653866487564,5874986120963448064,0.58914894,2176.935711224516,1.0074653964129412,3.0241433E-6,18.729664,0.003140206,0.35017437,0.0028786217,0.02556619,0.0027339396,0.20901987,0.023244765,0.8556883,9.563046E-4,0.026315546,9.6880365E-4,0.6630161,0.022250751,null,null,null,null,"TWOGAUSSIANS",8,2.3607123,0.8556883,9.563046E-4,0.14736706,0.0054253004,0.6630161,0.022250751,0.35017437,0.0028786217,0.14317067,0.015310061,0.20901987,0.023244765
375316653866487564,5874986292762322304,0.64135134,2167.4394968279034,2.4591976247541028,4.341288E-6,17.588503,0.004244986,0.28526905,8.8600954E-4,0.09131063,0.0014469828,0.32836264,0.0046399245,0.7835211,0.0011161717,0.08617635,0.0017080783,0.37196484,0.005091025,null,null,null,null,"TWOGAUSSIANS",8,1.3967718,0.7835211,0.0011161717,0.4,0.0,0.35914496,0.0046634125,0.28526905,8.8600954E-4,0.4,0.0,0.3155426,0.0036571028
375316653866487564,5874986327120274432,0.64381987,2182.8522912666754,1.9351120688633912,3.05813E-6,16.812632,0.0032750673,0.2705519,9.657117E-4,0.084063105,0.001533139,0.43190742,0.0062545794,0.77052456,0.001256608,0.08986774,0.0017692448,0.38118514,0.0053834342,null,null,null,null,"TWOGAUSSIANS",8,4.4751105,0.2705519,9.657117E-4,0.4,0.0,0.41892904,0.0066271047,0.77052456,0.001256608,0.4,0.0,0.36820662,0.005474778
375316653866487564,5874986606297335936,0.5101683,2194.612525784268,1.5337577410298309,8.443204E-6,19.594288,0.010058926,0.24746202,0.001422407,0.03892301,0.0023803532,0.6453996,0.05590717,0.76227885,0.009643758,0.051874742,0.01024307,0.38952908,0.05053919,null,null,null,null,"TWOGAUSSIANS",8,3.4104657,0.24746202,0.001422407,0.21796885,0.013329977,0.64539945,0.055907223,0.76227885,0.009643758,0.29049855,0.057361193,0.389529,0.050539337
375316653866487564,5874986846816514816,0.53124166,2202.3987088002305,2.9142304679565982,1.3811542E-5,18.907423,0.025638208,0.27021062,0.01265642,0.086773306,0.013791713,0.40651056,0.041518297,0.7722738,0.003733635,0.10070397,0.0099807065,0.34704146,0.023898514,null,null,null,null,"TWOGAUSSIANS",8,4.3314276,0.27021062,0.01265642,0.4,0.0,0.3859126,0.033881605,0.7722738,0.003733635,0.4,0.0,0.32644045,0.019051312
375316653866487564,5874987396600328064,0.61732143,2165.430295778893,1.395699727035392,7.728877E-6,14.520624,0.007722173,0.23937164,0.0012922573,0.11029496,0.004255532,0.21410619,0.006975401,0.72342193,0.0013940622,0.096041694,0.0040113693,0.21186224,0.007207629,null,null,null,null,"TWOGAUSSIANS",8,27.313156,0.23937164,0.0012922573,0.4,0.0,0.19546062,0.0037225327,0.72342193,0.0013940622,0.4,0.0,0.19323376,0.004380733
375316653866487564,5874987568371161600,0.5461876,2164.484985151628,3.745666138977979,8.185725E-6,19.655397,0.01983605,0.28390163,0.0029410494,0.07215479,0.0041607083,0.6220564,0.01893267,0.78624237,0.008240048,0.0725475,0.0102777155,0.5029605,0.03163196,null,null,null,null,"TWOGAUSSIANS",8,2.95461,0.28390163,0.0029410494,0.4,0.004962655,0.61935604,0.017661432,0.78624237,0.008240048,0.4,0.026338669,0.5002602,0.031107327
375316653866487564,5874987705810251648,0.48158163,2195.6751832241193,3.0140169745415166,4.158638E-5,19.340424,0.059747085,0.28302115,0.01292723,0.07034371,0.024979176,0.16983625,0.054376777,0.76989615,0.010012679,0.12556723,0.040904514,0.17246363,0.054901622,null,null,null,null,"TWOGAUSSIANS",8,1.8795826,0.76989615,0.010012679,0.4,0.0,0.16185647,0.016892916,0.28307116,0.01286438,0.3939248,0.07387677,0.15936367,0.023447616
375316653866487564,5874988358645680384,0.5296686,2180.540646825394,2.8118996411780763,8.961543E-6,19.45428,0.008660424,0.29001337,0.0044725807,0.067514926,0.0046121306,0.34435335,0.025482267,0.7863559,0.0016338632,0.0702969,0.002471928,0.37673488,0.010329597,null,null,null,null,"TWOGAUSSIANS",8,1.4834499,0.7863559,0.0016338632,0.39366266,0.013604039,0.37582806,0.010142196,0.29001337,0.0044725807,0.3780836,0.025827931,0.34344652,0.02559276
375316653866487564,5874988805320860800,0.58288664,2171.052662081887,1.2952817165169968,5.456678E-6,18.459833,0.0063019013,0.17976905,0.0019385591,0.08661321,0.0029178748,0.30759412,0.009726865,0.6822813,0.0011848188,0.081284024,0.001983958,0.4028883,0.00927944,null,null,null,null,"TWOGAUSSIANS",8,1.7785724,0.6822813,0.0011848188,0.4,0.0,0.39495206,0.008837608,0.17976905,0.0019385591,0.4,0.0,0.29965782,0.009525551
375316653866487564,5874989733063164672,0.47904754,2201.657026088348,2.118444646155934,2.333554E-5,14.983169,0.0011616957,null,null,null,null,null,null,null,null,null,null,null,null,0.027095355,0.0014564936,0.25046068,0.0052222866,"ELLIPSOIDAL",4,29.42808,null,null,null,null,null,null,null,null,null,null,null,null
375316653866487564,5874989939195411456,0.43386558,2204.7877379769434,0.009312197454375061,1.8648575E-4,19.692938,0.17747982,0.16534981,0.010553249,0.1021658,0.044184953,0.33905903,0.17414494,0.6890378,0.03625407,0.096040696,0.0474111,0.38996023,0.17740062,null,null,null,null,"TWOGAUSSIANS",8,5.2520127,0.6890478,0.03625367,0.4,0.037478987,0.36787137,0.09182416,0.16534981,0.010532426,0.4,0.0,0.31696492,0.08868153
375316653866487564,5874989973555070464,0.50792426,2142.301920757787,2.589707538579948,2.0381896E-5,19.685265,0.01216842,0.24696611,0.0066792886,0.06658472,0.009345087,0.4129584,0.029991025,0.73332334,0.005705641,0.07500429,0.008950171,0.42459494,0.08306065,null,null,null,null,"TWOGAUSSIANS",8,3.206937,0.73332334,0.005705641,0.4,0.015317961,0.4234337,0.083633654,0.24696611,0.0066792886,0.37287444,0.051777992,0.41179717,0.030409064
375316653866487564,5874990007914834176,0.5227741,2199.3591303653407,3.547238825212991,2.6588383E-5,19.706417,0.025763867,0.23777442,0.005013259,0.08294153,0.008752641,0.30524614,0.033050057,0.7417238,0.005490833,0.08313888,0.008727488,0.3394494,0.030873517,null,null,null,null,"TWOGAUSSIANS",8,1.9284863,0.7417238,0.005490833,0.4,0.0,0.33300218,0.028946945,0.23777442,0.005013259,0.4,0.0,0.29879895,0.030891275
375316653866487564,5874990179739789568,0.60459644,2183.6412587898976,1.5249963241749516,4.2637466E-6,16.760939,0.0047443267,0.25049874,9.988861E-4,0.08498673,0.0028604362,0.3258547,0.010009313,0.74973494,0.0027295242,0.0929002,0.004016649,0.28142643,0.007659178,null,null,null,null,"TWOGAUSSIANS",8,6.386996,0.25049874,9.988861E-4,0.4,0.0,0.3143962,0.011303301,0.74973494,0.0027295242,0.4,0.0,0.26996768,0.00846418
375316653866487564,5874990179739796480,0.43446612,2179.2107413319704,2.7666052286285323,5.8484355E-5,18.849903,0.019726675,0.34048077,0.010653459,0.07589076,0.012212921,0.22101213,0.03798396,0.8200839,0.023846725,0.07646373,0.02798239,0.14233577,0.023479223,null,null,null,null,"TWOGAUSSIANS",8,10.551495,0.34048077,0.010653459,0.4,0.0022031784,0.21997678,0.03729689,0.8200839,0.023846725,0.4,0.08659688,0.14130042,0.022869725
375316653866487564,5874990484648758400,0.6317657,2155.371806556523,0.6806909286786673,5.5703786E-6,16.932714,0.0014879671,0.19959046,0.004242512,0.03813923,0.0041505364,0.06359593,0.0037525345,0.69362754,0.0012122111,0.03143075,0.0017731178,0.27119485,0.0061742757,null,null,null,null,"TWOGAUSSIANS",8,2.6357694,0.69362754,0.0012122111,0.17601222,0.00992946,0.27119485,0.0061742757,0.19959046,0.004242512,0.2135797,0.023243004,0.06359593,0.0037525345
