Gaia/vari_eclipsing_binary/VariEclipsingBinary_468420-468433.csv
# %ECSV 1.0
# ---
# delimiter: ','
# meta: !!omap
# - RELEASE: Gaia DR3
# - TABLE: vari_eclipsing_binary
# - DESCRIPTION: >
#     This table describes the properties of the eclipsing binaries resulting from the variability analysis. 
# - CITATION: >
#     How to cite and acknowledge Gaia: 
#     https://gea.esac.esa.int/archive/documentation/credits.html 
# - KNOWN_ISSUES: >
#     Known issues: 
#     https://www.cosmos.esa.int/web/gaia-users/known-issues 
# - DOCUMENTATION: >
#     Tutorials and documentation: 
#     https://www.cosmos.esa.int/web/gaia-users/archive 
# datatype:
# - 
#   name: solution_id
#   datatype: int64
#   description: Solution Identifier
#   meta:
#     ucd: meta.version
# - 
#   name: source_id
#   datatype: int64
#   description: Unique source identifier
#   meta:
#     ucd: meta.id;meta.main
# - 
#   name: global_ranking
#   datatype: float32
#   description: Number between 0 (worst) and 1 (best)
#   meta:
#     ucd: stat.param
# - 
#   name: reference_time
#   datatype: float64
#   unit: d
#   description: Reference time used for the geometric model fit
#   meta:
#     ucd: time.epoch
# - 
#   name: frequency
#   datatype: float64
#   unit: d**-1
#   description: Frequency of geometric model of the eclipsing binary light curve
#   meta:
#     ucd: src.orbital
# - 
#   name: frequency_error
#   datatype: float32
#   unit: d**-1
#   description: "Uncertainty of \\texttt{frequency}"
#   meta:
#     ucd: stat.error
# - 
#   name: geom_model_reference_level
#   datatype: float32
#   unit: mag
#   description: Magnitude reference level of geometric model
#   meta:
#     ucd: phot.mag;em.opt
# - 
#   name: geom_model_reference_level_error
#   datatype: float32
#   unit: mag
#   description: "Uncertainty of \\texttt{geomModelReferenceLevel}"
#   meta:
#     ucd: stat.error;phot.mag;em.opt
# - 
#   name: geom_model_gaussian1_phase
#   datatype: float32
#   description: Phase of the Gaussian 1 component
#   meta:
#     ucd: time.phase
# - 
#   name: geom_model_gaussian1_phase_error
#   datatype: float32
#   description: "Uncertainty of \\texttt{geomModelGaussian1Phase}"
#   meta:
#     ucd: stat.error;time.phase
# - 
#   name: geom_model_gaussian1_sigma
#   datatype: float32
#   description: "Standard deviation [phase] of Gaussian 1 component"
#   meta:
#     ucd: stat.stdev
# - 
#   name: geom_model_gaussian1_sigma_error
#   datatype: float32
#   description: "Uncertainty of \\texttt{geomModelGaussian1Sigma}"
#   meta:
#     ucd: stat.error
# - 
#   name: geom_model_gaussian1_depth
#   datatype: float32
#   unit: mag
#   description: Magnitude depth of Gaussian 1 component
#   meta:
#     ucd: src.var.amplitude
# - 
#   name: geom_model_gaussian1_depth_error
#   datatype: float32
#   unit: mag
#   description: "Uncertainty of \\texttt{geomModelGaussian1Depth}"
#   meta:
#     ucd: stat.error;src.var.amplitude
# - 
#   name: geom_model_gaussian2_phase
#   datatype: float32
#   description: Phase of Gaussian 2 component
#   meta:
#     ucd: time.phase
# - 
#   name: geom_model_gaussian2_phase_error
#   datatype: float32
#   description: "Uncertainty of \\texttt{geomModelGaussian2Phase}"
#   meta:
#     ucd: stat.error;time.phase
# - 
#   name: geom_model_gaussian2_sigma
#   datatype: float32
[...]
#   datatype: float32
#   description: "Secondary eclipse: uncertainty of \\texttt{derivedSecondaryEclDuration}"
#   meta:
#     ucd: stat.error;time.duration
# - 
#   name: derived_secondary_ecl_depth
#   datatype: float32
#   unit: mag
#   description: "Secondary eclipse: depth"
#   meta:
#     ucd: src.var.amplitude
# - 
#   name: derived_secondary_ecl_depth_error
#   datatype: float32
#   unit: mag
#   description: "Secondary eclipse: uncertainty of \\texttt{derivedSecondaryEclDepth}"
#   meta:
#     ucd: stat.error;src.var.amplitude
solution_id,source_id,global_ranking,reference_time,frequency,frequency_error,geom_model_reference_level,geom_model_reference_level_error,geom_model_gaussian1_phase,geom_model_gaussian1_phase_error,geom_model_gaussian1_sigma,geom_model_gaussian1_sigma_error,geom_model_gaussian1_depth,geom_model_gaussian1_depth_error,geom_model_gaussian2_phase,geom_model_gaussian2_phase_error,geom_model_gaussian2_sigma,geom_model_gaussian2_sigma_error,geom_model_gaussian2_depth,geom_model_gaussian2_depth_error,geom_model_cosine_half_period_amplitude,geom_model_cosine_half_period_amplitude_error,geom_model_cosine_half_period_phase,geom_model_cosine_half_period_phase_error,model_type,num_model_parameters,reduced_chi2,derived_primary_ecl_phase,derived_primary_ecl_phase_error,derived_primary_ecl_duration,derived_primary_ecl_duration_error,derived_primary_ecl_depth,derived_primary_ecl_depth_error,derived_secondary_ecl_phase,derived_secondary_ecl_phase_error,derived_secondary_ecl_duration,derived_secondary_ecl_duration_error,derived_secondary_ecl_depth,derived_secondary_ecl_depth_error
[from data line 595]
375316653866487564,4120374096682163200,0.45226187,2195.4278491040855,0.17702193498831825,1.1217928E-4,18.792387,0.6206701,0.2089943,0.037922356,0.07977286,0.051884323,1.1069514,1.1153288,0.65400064,0.011170823,0.15514846,0.11091144,1.0541803,0.46403715,null,null,null,null,"TWOGAUSSIANS",8,29.466976,0.2106543,0.03516112,0.4,0.22430931,1.0026202,1.1687756,0.65400064,0.011170823,0.4,0.065293446,0.9306268,0.16555816
375316653866487564,4120374199653215232,0.578646,2288.945757178822,3.2245334868937445,1.4481673E-5,19.62799,0.007321714,0.29680094,0.0016985764,0.034557723,0.006789716,0.44573793,0.19075781,0.46925533,0.008502353,0.11462906,0.007097479,0.5594167,0.016044462,null,null,null,null,"TWOGAUSSIANS",8,1.1635406,0.30358094,0.005309783,0.19352324,0.03802241,0.63400745,0.21781419,0.46925533,0.008502353,0.4,0.0,0.55933577,0.016032936
375316653866487564,4120374302732695936,0.48096973,2290.9975218607287,0.17713440991529308,1.9325067E-5,19.657555,0.026219014,0.26160282,0.012241622,0.07003072,0.010723674,0.44633403,0.09560679,0.7873378,0.025135532,0.07380052,0.018981304,0.24259791,0.045516934,null,null,null,null,"TWOGAUSSIANS",8,2.7553747,0.26160282,0.012241622,0.39217204,0.03870481,0.4455183,0.09622625,0.7873378,0.025135532,0.4,0.049606718,0.24178219,0.043563582
375316653866487564,4120374474531516544,0.4990724,2294.2775265097985,0.029317064729227387,7.939151E-5,18.5779,0.008719043,0.34612176,0.024594344,0.07128028,0.026523994,0.09478177,0.016946923,0.73969996,0.007143856,0.06623598,0.0054172655,0.57222813,0.0939547,null,null,null,null,"TWOGAUSSIANS",8,5.1480746,0.73969996,0.007143856,0.3709215,0.030336687,0.57220185,0.09396639,0.34612176,0.024594344,0.39916956,0.13779148,0.09475545,0.016960092
375316653866487564,4120374504623816576,0.49421415,2251.61767614953,2.6022993581807663,2.4696077E-5,18.905434,0.08720962,0.25413284,0.014987497,0.09274207,0.036152463,0.3409712,0.08345476,0.74937546,0.005814925,0.09426088,0.018609919,0.35519174,0.08411838,null,null,null,null,"TWOGAUSSIANS",8,9.433704,0.74937546,0.0058027934,0.4,0.0,0.33696878,0.025666948,0.25413284,0.015004536,0.4,0.0,0.32274848,0.05749206
375316653866487564,4120374715049907584,0.4561242,2230.834809661794,0.6464243190012084,4.724745E-5,19.809729,0.03140134,0.2164695,0.029172678,0.045744162,0.011271747,0.1646587,0.06970703,0.6164679,0.017674142,0.13871978,0.038355693,0.19937113,0.027347988,null,null,null,null,"TWOGAUSSIANS",8,2.2425346,0.6164679,0.017674142,0.4,0.0,0.19764699,0.02313525,0.21729949,0.030152068,0.25616732,0.06312178,0.1660987,0.068471685
375316653866487564,4120374779483605376,0.5413972,2312.5048609573137,1.6114023491100269,6.985453E-6,15.47521,0.033125255,0.2603167,0.0016420305,0.17207721,0.011474895,0.49627024,0.05095023,0.76259154,0.0020582292,0.22431093,0.018456655,0.5271942,0.029873215,null,null,null,null,"TWOGAUSSIANS",8,11.396128,0.25870672,0.0015710103,0.4,0.0,0.12972851,0.004678046,0.76382154,0.002531015,0.4,0.0,0.08733853,0.004231663
375316653866487564,4120374886848826880,0.4742066,2285.917516362543,1.6764220633661762,2.5471143E-5,18.777157,0.0059136217,0.72474724,0.006524352,0.058377113,0.09185477,0.04497595,0.018964998,null,null,null,null,null,null,0.054072607,0.00812306,0.72474724,0.006524352,"ONEGAUSSIAN_WITH_ELLIPSOIDAL",6,3.080079,0.72474724,0.006524352,0.32691184,0.16852771,0.15311635,0.017459955,null,null,null,null,null,null
375316653866487564,4120375226186067200,0.478915,2251.9347429167033,0.16404195261230792,1.95382E-5,19.47414,0.013389419,0.2916549,0.014897418,0.12235546,0.01262244,0.29576752,0.026286207,0.6286071,0.003214899,0.014852754,0.0014666573,0.40944943,0.08527771,null,null,null,null,"TWOGAUSSIANS",8,2.798904,0.6286071,0.003214899,0.08317542,0.008213281,0.41597986,0.08515773,0.2916549,0.014897418,0.4,0.0,0.2956276,0.026201328
375316653866487564,4120375780202822656,0.47771925,2381.7285140404265,4.147548462827749,3.3995555E-5,19.534302,0.024045765,0.23488094,0.0069161053,0.03678547,0.0059097065,0.4470975,0.03853828,0.7561024,0.017027061,0.04844401,0.014020824,0.57501674,0.4029299,null,null,null,null,"TWOGAUSSIANS",8,3.8205285,0.7561024,0.017027061,0.27128646,0.07851661,0.57501674,0.40292993,0.23488094,0.0069161053,0.20599863,0.033094354,0.44709748,0.038538247
375316653866487564,4120375883282294784,0.4657275,2280.034685122698,1.6065825013995727,4.412653E-5,18.813173,0.06059378,0.33016402,0.012295506,0.08787063,0.018889425,0.23632602,0.060705647,0.8225904,0.010250063,0.09561697,0.04714918,0.20419283,0.03566286,null,null,null,null,"TWOGAUSSIANS",8,6.138997,0.33016402,0.012297554,0.4,0.0,0.22679804,0.030872805,0.8225904,0.010250063,0.4,0.0,0.1946644,0.043797355
375316653866487564,4120376055081084288,0.5047626,2250.6585878536976,0.2769689320467891,8.464191E-5,19.644299,0.02597348,0.53206956,0.007898585,0.10020106,0.013195359,0.27507573,0.027723132,0.97508097,0.018008485,0.084134206,0.02013264,0.09860028,0.028455619,null,null,null,null,"TWOGAUSSIANS",8,1.1564751,0.53206956,0.007898585,0.4,0.0,0.27154335,0.023979627,0.97508097,0.018008485,0.4,0.0,0.09508351,0.024159243
375316653866487564,4120376055187559168,0.46910596,2234.0789284643643,2.2293749502361044,1.8495864E-5,19.14122,0.5124621,0.2676352,0.012821718,0.195993,0.12060822,0.6357816,0.49239525,0.77997154,0.010549799,0.11147823,0.037810136,0.63318264,0.3727529,null,null,null,null,"TWOGAUSSIANS",8,6.7676096,0.78195155,0.009948795,0.4,0.0,0.38262054,0.07894532,0.2675752,0.0128470715,0.4,0.0,0.33555815,0.058874153
375316653866487564,4120376192626558976,0.5810948,2292.3649550123623,0.15088361308851259,1.4301435E-4,19.221407,0.016547637,0.5111828,0.014083971,0.06083334,0.013697401,0.43462875,0.04892675,0.8949651,0.03985987,0.02963512,0.024433311,0.1424654,1.8752409,null,null,null,null,"TWOGAUSSIANS",8,1.7649691,0.5111828,0.014083971,0.34066668,0.06344513,0.43462875,0.048927158,0.8949651,0.03985987,0.16595668,0.13682655,0.1424654,1.875241
375316653866487564,4120376226880160640,0.4746444,2217.755665284532,2.904741818569229,4.0498613E-5,19.71165,0.024165977,0.22961877,0.01290486,0.06943965,0.009687966,0.47717267,0.045931447,0.71408504,0.0068964628,0.08686931,0.0125588635,0.4144275,0.047603562,null,null,null,null,"TWOGAUSSIANS",8,4.307581,0.22961877,0.01290486,0.38886204,0.028378332,0.4733696,0.040645864,0.71408504,0.0068964628,0.4,0.0,0.41062433,0.049479514
375316653866487564,4120376329959353088,0.487812,2277.6668151431873,0.15149218019912508,3.6123358E-5,19.83425,0.009088718,0.023047773,0.12368419,0.007225072,0.031087365,0.04911804,23.210112,0.6556101,0.0066180285,0.075663716,0.011614008,0.27323395,0.05168576,null,null,null,null,"TWOGAUSSIANS",8,0.9193008,0.6556101,0.0066180285,0.4,0.0057394826,0.27323395,0.051684316,0.023047773,0.12368419,0.040460404,0.17408924,0.049120106,23.21
375316653866487564,4120376364319092864,0.46441132,2223.5237672431813,0.7707905172472429,1.20080054E-4,19.129318,0.042983912,0.28457528,0.031122573,0.069682024,0.03025262,0.71110654,0.6664365,0.7633001,0.09304405,0.051337175,0.050651316,0.108759664,0.047461208,null,null,null,null,"TWOGAUSSIANS",8,21.728952,0.28457528,0.03112159,0.39021933,0.16327591,0.71104825,0.66655576,0.7633001,0.09304405,0.28748816,0.17425162,0.10870137,0.047538716
375316653866487564,4120376394417030656,0.54591143,2240.5712813928903,2.197575547464507,7.3509236E-6,18.192896,0.004793707,0.15654486,0.0025393441,0.072339535,0.004614312,0.13972704,0.007068596,0.66649914,0.017714398,0.08140854,0.010601523,0.11667759,0.013120061,null,null,null,null,"TWOGAUSSIANS",8,1.1292056,0.15654486,0.0025393441,0.4,0.005898557,0.13869256,0.0071760295,0.66649914,0.017714398,0.4,0.0,0.1156431,0.012564974
375316653866487564,4120376433038091264,0.45986366,2273.333534533571,1.498363267286079,2.2934366E-5,18.287182,0.04670955,0.3211193,0.0074057663,0.091148466,0.017941318,0.3590799,0.040359996,0.8338772,0.03632113,0.076017305,0.02955988,0.35660195,0.06850729,null,null,null,null,"TWOGAUSSIANS",8,27.671152,0.3211193,0.0074057663,0.4,0.0,0.35262543,0.031526107,0.8338772,0.03632113,0.4,0.09722035,0.35014775,0.05686598
375316653866487564,4120376536117280128,0.514417,2240.236782640985,1.251517890774545,2.1271044E-5,17.849749,0.012104274,0.26410916,0.007670466,0.07880376,0.015453164,0.17115933,0.019724814,0.7888829,0.013915573,0.07666466,0.023162806,0.0972963,0.010093171,null,null,null,null,"TWOGAUSSIANS",8,5.4304223,0.26410916,0.007670466,0.4,0.01832753,0.1702926,0.019884199,0.7888829,0.013915573,0.4,0.014957926,0.09642958,0.009332608
375316653866487564,4120376669294975744,0.4591489,2247.718061370927,0.22351453028010135,1.90246E-5,19.262732,0.018972794,0.810336,0.005398801,0.010304483,0.0064625177,0.41497558,14.135632,null,null,null,null,null,null,0.22080046,0.036815118,0.810336,0.005398801,"ONEGAUSSIAN_WITH_ELLIPSOIDAL",6,11.998705,0.810336,0.005398801,0.057705104,0.036190096,0.8565756,14.137526,null,null,null,null,null,null
375316653866487564,4120376776635982080,0.49906144,2228.968767625098,0.3541744993099378,2.9500483E-5,19.685802,0.15206915,0.55003744,0.012085436,0.18546297,0.038713787,0.8021536,0.14206281,0.9578259,0.0050866427,0.03448446,0.00911967,0.17465076,0.06713086,null,null,null,null,"TWOGAUSSIANS",8,3.8631902,0.55003744,0.012085436,0.4,0.0,0.75752777,0.10459467,0.9578259,0.0050866427,0.19311298,0.05107015,0.2064476,0.07659676
375316653866487564,4120377115971552896,0.5179851,2258.955155480663,1.442454767905135,1.7931503E-5,18.10022,0.017569344,0.2564457,0.0063267048,0.078380205,0.012263928,0.19274947,0.020470642,0.7465266,0.005369052,0.102671444,0.014350371,0.3284946,0.030587409,null,null,null,null,"TWOGAUSSIANS",8,6.4421644,0.7465266,0.005369052,0.4,0.0,0.3187126,0.0368789,0.2564457,0.006334241,0.4,0.0,0.1829726,0.019161277
375316653866487564,4120377459544617088,0.45109588,2241.695213156023,1.587690434192453,3.4648496E-5,18.624264,0.011165594,0.3920795,0.014104002,0.025514742,0.029095866,0.07634307,0.39709875,0.76017237,0.011403281,0.10108805,0.016007163,0.096116066,0.01307215,null,null,null,null,"TWOGAUSSIANS",8,3.149092,0.76017237,0.011403281,0.4,0.0,0.09611506,0.01306023,0.3921195,0.0140657695,0.14288256,0.16293685,0.07646909,0.39709648
375316653866487564,4120378009300524672,0.48492128,2264.3434108845195,1.2552687427042064,4.659433E-5,18.202684,0.047511857,0.24366973,0.013484142,0.07258741,0.013330093,0.32002404,0.09094006,0.73423874,0.029843772,0.10266052,0.0372285,0.3502338,0.053911533,null,null,null,null,"TWOGAUSSIANS",8,24.845854,0.73423874,0.029843772,0.4,0.0,0.34052023,0.036491524,0.24366973,0.01345236,0.4,0.038577653,0.3103159,0.085956246
375316653866487564,4120378013587225728,0.51090777,2258.019126035838,0.3822403641476041,1.5128973E-4,19.719007,0.012860273,0.5145037,0.008125455,0.053278722,0.020406673,4.5126767,4.094145,null,null,null,null,null,null,null,null,null,null,"ONEGAUSSIAN",5,3.4862876,0.5145037,0.008125455,0.29836082,0.09777635,4.5126767,0.0,null,null,null,null,null,null
375316653866487564,4120378047945716992,0.50835764,2294.1407427408726,0.7675975337152885,7.113867E-5,18.95599,0.010794877,0.19537698,0.012089862,0.04289308,0.005691788,0.5456046,0.119537696,0.710595,0.034313384,0.05916987,0.036672108,0.14758635,0.03699318,null,null,null,null,"TWOGAUSSIANS",8,4.2593594,0.19537698,0.012089862,0.24020123,0.031874012,0.5456031,0.11953249,0.710595,0.034313384,0.33135128,0.16379414,0.14758489,0.03694857
375316653866487564,4120378112378311168,0.5600492,2246.289725468037,0.17715182853993333,2.1542315E-5,19.285057,0.0069001634,0.26182058,8.134199E-6,0.014457797,2.7817715E-4,0.2367128,0.0065996572,0.701228,0.011692407,0.11107249,0.012328324,0.167665,0.013452259,null,null,null,null,"TWOGAUSSIANS",8,0.59810954,0.26182058,8.134199E-6,0.080963664,0.001557792,0.23676462,0.0066566877,0.701228,0.011692407,0.4,0.0,0.16764934,0.013425208
375316653866487564,4120378872579926272,0.5331244,2282.4789919290806,0.5649360074631405,3.4273286E-5,18.97598,0.004929315,0.26805046,0.041751765,0.042198468,0.038172204,0.27545482,0.2042349,0.7665245,0.004428419,0.03895467,0.005252368,0.21065909,0.03482735,null,null,null,null,"TWOGAUSSIANS",8,1.2531993,0.26805046,0.041751765,0.2363114,0.17517546,0.27545482,0.20424797,0.7665245,0.004428419,0.21814618,0.02941326,0.21065909,0.0348275
375316653866487564,4120379491055945216,0.60612184,2263.3108698146225,1.8124165006362158,8.432087E-6,18.884998,0.016773036,0.3290582,0.0030974185,0.07432548,0.0050019394,0.485552,0.018028498,0.82700527,0.0046219914,0.071249925,0.0043360386,0.5407335,0.024672247,null,null,null,null,"TWOGAUSSIANS",8,2.7022877,0.82700527,0.0046219914,0.39899957,0.015152655,0.53805876,0.023706349,0.3290582,0.0030974185,0.4,0.0,0.48287728,0.017413309
375316653866487564,4120379525415608064,0.4827294,2214.0246613840445,2.3013927741889417,6.052286E-5,19.754173,0.011999757,0.14591089,0.02986954,0.017628936,0.020229505,0.2472163,1.9559121,0.7094473,0.009263113,0.015557216,0.01746969,0.51856554,6.7068634,0.1363251,0.02447887,0.7094473,0.009263113,"TWOGAUSSIANS_WITH_ELLIPSOIDAL_ON_ECLIPSE2",9,4.4613433,0.7094473,0.009263113,0.08712041,0.097830266,0.7912157,6.7083254,0.1474309,0.032520816,0.09872204,0.11328523,0.4796046,1.9439688
375316653866487564,4120379972092178304,0.43147582,2208.276664193963,0.35403998675588577,9.581868E-5,18.988903,0.04835219,0.12582348,0.015517641,0.07208947,0.01093217,0.16868898,0.029992694,0.5014571,0.02632147,0.15516654,0.055958375,0.24725449,0.030563578,null,null,null,null,"TWOGAUSSIANS",8,2.3881562,0.5014571,0.02632147,0.4,0.0,0.23766826,0.033294275,0.13273348,0.00989977,0.4,0.024585769,0.17307982,0.023092877
375316653866487564,4120380006451899136,0.45206916,2234.2282621883733,0.4845259491810863,3.4732113E-6,19.314333,0.008047611,0.4631203,0.02054824,0.14014307,0.017477268,0.16947742,0.017875299,0.80324936,6.513535E-4,0.0063561844,0.0013798488,2.1014955,2.9770668,null,null,null,null,"TWOGAUSSIANS",8,2.0698547,0.80324936,6.513535E-4,0.03559463,0.007727153,2.1098275,2.9775238,0.4631203,0.02054824,0.4,0.0,0.16889389,0.017941022
375316653866487564,4120380105267632768,0.5180258,2242.2804432899193,1.7496948562986179,2.800639E-5,19.221252,0.009770691,0.23880309,0.008508872,0.07320053,0.008540553,0.23604447,0.016775046,0.7656072,0.010105296,0.07939068,0.012449318,0.08324213,0.010817689,null,null,null,null,"TWOGAUSSIANS",8,0.9327418,0.23880309,0.008508872,0.4,0.015087839,0.23534648,0.01661499,0.7656072,0.010105296,0.4,0.0033562167,0.08254415,0.010172741
375316653866487564,4120380311402896384,0.61041206,2284.987663168078,1.7198077956297815,5.993642E-6,17.976118,0.0067808316,0.18373564,0.0027105468,0.08758896,0.0039205397,0.31918707,0.008310888,0.6893042,0.0021299338,0.09321456,0.0031946977,0.28207582,0.0070517613,null,null,null,null,"TWOGAUSSIANS",8,1.4634136,0.18373564,0.0027105468,0.4,0.0,0.30719018,0.006275429,0.6893042,0.0021299338,0.4,0.0,0.27007863,0.0052220263
375316653866487564,4120380350052782080,0.5113551,2308.109620870646,0.1771748581442525,5.317536E-5,19.566734,0.051211584,0.22656842,0.0108426465,0.07213168,0.025006343,0.45047644,1.5700241,0.7471228,0.013879748,0.12008496,0.026744254,0.30140677,0.053633887,null,null,null,null,"TWOGAUSSIANS",8,1.6226096,0.22653842,0.010860286,0.4,0.116488755,0.43350488,1.5782661,0.7471228,0.013879748,0.4,0.0,0.28430596,0.033089105
375316653866487564,4120380590570997504,0.54970735,2223.156405912352,0.10776886141493254,1.5501426E-5,19.70943,0.12051518,0.14873205,0.02725756,0.094440155,0.034377307,0.594016,0.12181413,0.64283735,0.03446662,0.11510727,0.045807164,0.5991821,0.1339484,null,null,null,null,"TWOGAUSSIANS",8,1.5563842,0.64283735,0.03446662,0.4,0.0,0.53480434,0.064340204,0.14874205,0.027270738,0.4,0.054849118,0.5297353,0.079794385
