Gaia/vari_eclipsing_binary/VariEclipsingBinary_606980-607003.csv
# %ECSV 1.0
# ---
# delimiter: ','
# meta: !!omap
# - RELEASE: Gaia DR3
# - TABLE: vari_eclipsing_binary
# - DESCRIPTION: >
#     This table describes the properties of the eclipsing binaries resulting from the variability analysis. 
# - CITATION: >
#     How to cite and acknowledge Gaia: 
#     https://gea.esac.esa.int/archive/documentation/credits.html 
# - KNOWN_ISSUES: >
#     Known issues: 
#     https://www.cosmos.esa.int/web/gaia-users/known-issues 
# - DOCUMENTATION: >
#     Tutorials and documentation: 
#     https://www.cosmos.esa.int/web/gaia-users/archive 
# datatype:
# - 
#   name: solution_id
#   datatype: int64
#   description: Solution Identifier
#   meta:
#     ucd: meta.version
# - 
#   name: source_id
#   datatype: int64
#   description: Unique source identifier
#   meta:
#     ucd: meta.id;meta.main
# - 
#   name: global_ranking
#   datatype: float32
#   description: Number between 0 (worst) and 1 (best)
#   meta:
#     ucd: stat.param
# - 
#   name: reference_time
#   datatype: float64
#   unit: d
#   description: Reference time used for the geometric model fit
#   meta:
#     ucd: time.epoch
# - 
#   name: frequency
#   datatype: float64
#   unit: d**-1
#   description: Frequency of geometric model of the eclipsing binary light curve
#   meta:
#     ucd: src.orbital
# - 
#   name: frequency_error
#   datatype: float32
#   unit: d**-1
#   description: "Uncertainty of \\texttt{frequency}"
#   meta:
#     ucd: stat.error
# - 
#   name: geom_model_reference_level
#   datatype: float32
#   unit: mag
#   description: Magnitude reference level of geometric model
#   meta:
#     ucd: phot.mag;em.opt
# - 
#   name: geom_model_reference_level_error
#   datatype: float32
#   unit: mag
#   description: "Uncertainty of \\texttt{geomModelReferenceLevel}"
#   meta:
#     ucd: stat.error;phot.mag;em.opt
# - 
#   name: geom_model_gaussian1_phase
#   datatype: float32
#   description: Phase of the Gaussian 1 component
#   meta:
#     ucd: time.phase
# - 
#   name: geom_model_gaussian1_phase_error
#   datatype: float32
#   description: "Uncertainty of \\texttt{geomModelGaussian1Phase}"
#   meta:
#     ucd: stat.error;time.phase
# - 
#   name: geom_model_gaussian1_sigma
#   datatype: float32
#   description: "Standard deviation [phase] of Gaussian 1 component"
#   meta:
#     ucd: stat.stdev
# - 
#   name: geom_model_gaussian1_sigma_error
#   datatype: float32
#   description: "Uncertainty of \\texttt{geomModelGaussian1Sigma}"
#   meta:
#     ucd: stat.error
# - 
#   name: geom_model_gaussian1_depth
#   datatype: float32
#   unit: mag
#   description: Magnitude depth of Gaussian 1 component
#   meta:
#     ucd: src.var.amplitude
# - 
#   name: geom_model_gaussian1_depth_error
#   datatype: float32
#   unit: mag
#   description: "Uncertainty of \\texttt{geomModelGaussian1Depth}"
#   meta:
#     ucd: stat.error;src.var.amplitude
# - 
#   name: geom_model_gaussian2_phase
#   datatype: float32
#   description: Phase of Gaussian 2 component
#   meta:
#     ucd: time.phase
# - 
#   name: geom_model_gaussian2_phase_error
#   datatype: float32
#   description: "Uncertainty of \\texttt{geomModelGaussian2Phase}"
#   meta:
#     ucd: stat.error;time.phase
# - 
#   name: geom_model_gaussian2_sigma
#   datatype: float32
[...]
#   datatype: float32
#   description: "Secondary eclipse: uncertainty of \\texttt{derivedSecondaryEclDuration}"
#   meta:
#     ucd: stat.error;time.duration
# - 
#   name: derived_secondary_ecl_depth
#   datatype: float32
#   unit: mag
#   description: "Secondary eclipse: depth"
#   meta:
#     ucd: src.var.amplitude
# - 
#   name: derived_secondary_ecl_depth_error
#   datatype: float32
#   unit: mag
#   description: "Secondary eclipse: uncertainty of \\texttt{derivedSecondaryEclDepth}"
#   meta:
#     ucd: stat.error;src.var.amplitude
solution_id,source_id,global_ranking,reference_time,frequency,frequency_error,geom_model_reference_level,geom_model_reference_level_error,geom_model_gaussian1_phase,geom_model_gaussian1_phase_error,geom_model_gaussian1_sigma,geom_model_gaussian1_sigma_error,geom_model_gaussian1_depth,geom_model_gaussian1_depth_error,geom_model_gaussian2_phase,geom_model_gaussian2_phase_error,geom_model_gaussian2_sigma,geom_model_gaussian2_sigma_error,geom_model_gaussian2_depth,geom_model_gaussian2_depth_error,geom_model_cosine_half_period_amplitude,geom_model_cosine_half_period_amplitude_error,geom_model_cosine_half_period_phase,geom_model_cosine_half_period_phase_error,model_type,num_model_parameters,reduced_chi2,derived_primary_ecl_phase,derived_primary_ecl_phase_error,derived_primary_ecl_duration,derived_primary_ecl_duration_error,derived_primary_ecl_depth,derived_primary_ecl_depth_error,derived_secondary_ecl_phase,derived_secondary_ecl_phase_error,derived_secondary_ecl_duration,derived_secondary_ecl_duration_error,derived_secondary_ecl_depth,derived_secondary_ecl_depth_error
375316653866487564,5339052650055515136,0.4537767,2190.1657536480834,1.2643736999496078,2.3748285E-5,17.497736,0.0020698092,null,null,null,null,null,null,null,null,null,null,null,null,0.03764927,0.003240828,0.24843411,0.0064268513,"ELLIPSOIDAL",4,6.1843195,null,null,null,null,null,null,null,null,null,null,null,null
375316653866487564,5339052753134736000,0.46669364,2202.6729319301803,0.5243365726700167,8.7678145E-6,17.764858,0.003139237,0.11525322,0.0034350143,0.03056009,0.0032027576,0.09575211,0.005258051,0.6111449,0.0027205432,0.023481902,0.007024181,0.11464291,0.020124564,null,null,null,null,"TWOGAUSSIANS",8,4.3885665,0.6111449,0.0027205432,0.13149865,0.039335415,0.11464291,0.020124564,0.11525322,0.0034350143,0.1711365,0.017935444,0.09575211,0.005258051
375316653866487564,5339053234127597696,0.4400092,2205.853947225508,3.450126719015455,4.4667562E-5,19.297493,0.008485752,0.13826475,0.010415148,0.10078414,0.011169679,0.14590847,0.02818331,0.6608237,0.0041209296,0.06664182,0.008447267,0.20873363,0.03585966,null,null,null,null,"TWOGAUSSIANS",8,6.2382803,0.6608237,0.0041209296,0.3731942,0.047304697,0.20622876,0.036510114,0.13826475,0.010415148,0.4,0.0,0.14340144,0.028567107
375316653866487564,5339053302847085952,0.45850772,2174.2619656559473,0.9606761529595726,3.1068634E-5,19.468225,0.013628446,0.22279032,0.005917003,0.07013002,0.0060648876,0.4784443,0.058364123,0.72743505,0.0074876854,0.03579058,0.018308066,0.35890266,1.0124093,null,null,null,null,"TWOGAUSSIANS",8,8.3667965,0.22279032,0.005917003,0.39272812,0.03193434,0.47843462,0.0583669,0.72743505,0.0074876854,0.20042725,0.102525175,0.35889298,1.0124224
375316653866487564,5339053543363549440,0.5720233,2200.4639367871255,3.151851491148136,7.2734233E-6,18.11869,0.0071386197,0.26782236,0.0018690693,0.04536851,0.0051111747,0.16815509,0.016434865,0.7650508,0.0040743626,0.036091115,0.0065733646,0.092374615,0.0194042,0.1183689,0.010825334,0.26782236,0.0018690693,"TWOGAUSSIANS_WITH_ELLIPSOIDAL_ON_ECLIPSE1",9,5.2336097,0.26782236,0.0018690693,0.25406367,0.028622579,0.4048925,0.009237174,0.7656308,0.0031010646,0.20211025,0.03681084,0.32905522,0.013008512
375316653866487564,5339053852600668288,0.4951406,2200.8830096635097,2.0885347065889674,1.3816546E-5,18.775736,0.010274366,0.17503026,0.0047966107,0.08266679,0.010683796,0.118926294,0.009729188,0.6659736,0.0036553035,0.10301164,0.0064975847,0.24435672,0.012699316,null,null,null,null,"TWOGAUSSIANS",8,2.4299028,0.6659736,0.0036553035,0.4,0.0,0.23617275,0.011107948,0.17503026,0.0048062983,0.4,0.0,0.11074639,0.007475066
375316653866487564,5339053921365303808,0.5566394,2198.5180359442056,2.5111974288610877,8.941574E-6,17.093128,0.00764127,0.25681213,0.0030841152,0.08380196,0.0039647915,0.3694769,0.013220417,0.75719684,0.002447635,0.085541815,0.0046892385,0.36612332,0.010294864,null,null,null,null,"TWOGAUSSIANS",8,19.592863,0.25681213,0.0030841152,0.4,0.0,0.36012954,0.013190132,0.75719684,0.002447635,0.4,0.0,0.35677594,0.010789835
375316653866487564,5339053955679803776,0.45051157,2189.652851852548,0.4478504414712018,7.537907E-5,17.962364,0.10789207,0.2756893,0.004290516,0.027307956,0.009367154,0.4222341,1.616494,0.7202099,0.034761433,0.21561272,0.15618862,0.06315712,0.10492041,null,null,null,null,"TWOGAUSSIANS",8,25.618694,0.2757693,0.004323873,0.15292455,0.052456062,0.4222293,1.6172653,0.7202099,0.034761433,0.4,0.0,0.053325433,0.015273511
375316653866487564,5339054058804324864,0.61026275,2204.780583123471,0.8547213066783892,2.7453516E-6,16.83545,0.0023235902,0.31866863,5.7640544E-4,0.03470944,8.098692E-4,0.53781533,0.019708874,0.8146444,0.0039312565,0.02673349,0.0053851693,0.09121692,0.052384507,0.00964047,0.004363886,0.31866863,5.7640544E-4,"TWOGAUSSIANS_WITH_ELLIPSOIDAL_ON_ECLIPSE1",9,7.4904075,0.31866863,5.7640544E-4,0.19437285,0.0045352676,0.55709624,0.020259393,0.8146944,0.0039288336,0.14970754,0.030156948,0.11048568,0.052209172
375316653866487564,5339054196198294144,0.4731931,2176.5906321838315,3.607029804273907,1.9086492E-5,18.329252,0.0033502826,0.24180959,0.0050427746,0.011702962,0.011078271,0.016901206,0.0071136653,null,null,null,null,null,null,0.0888519,0.0040968796,0.24180959,0.0050427746,"ONEGAUSSIAN_WITH_ELLIPSOIDAL",6,7.716664,0.24180959,0.0050427746,0.06553659,0.06203832,0.19460477,0.007269391,null,null,null,null,null,null
375316653866487564,5339054642920016128,0.5966034,2195.7248344412587,0.2898968415807347,3.3435351E-6,17.546165,0.0021068885,0.21630652,5.810049E-4,0.012422956,5.269618E-4,0.3155439,0.013224926,0.7181106,0.001718234,0.013277541,8.484165E-4,0.3468775,0.023722466,null,null,null,null,"TWOGAUSSIANS",8,2.7122514,0.7181106,0.001718234,0.074354224,0.0047511323,0.3468775,0.023722466,0.21630652,5.810049E-4,0.06956855,0.0029509861,0.3155439,0.013224926
375316653866487564,5339054677234949248,0.5043508,2134.3523818799586,2.793979615743851,1.3296859E-5,19.858934,0.03711893,0.28427923,0.009374598,0.085581385,0.014342134,0.487464,0.044960227,0.7757777,0.0030384944,0.074831456,0.007317103,0.50997525,0.039747667,null,null,null,null,"TWOGAUSSIANS",8,2.8990848,0.7757777,0.0030384944,0.4,0.009480823,0.5034441,0.037133615,0.28427923,0.009374598,0.4,0.0,0.4809328,0.03905113
375316653866487564,5339054814675625344,0.5455031,2184.3254706135913,1.7800963871849946,1.1763384E-5,19.47725,0.024669185,0.26577955,0.002728674,0.06769734,0.0050467285,0.56039155,0.025197761,0.76391953,0.011600817,0.0970315,0.02324042,0.23145542,0.019831598,null,null,null,null,"TWOGAUSSIANS",8,1.9319855,0.26577955,0.002728674,0.3791051,0.02826168,0.55420625,0.021387067,0.76391953,0.011600817,0.4,0.0,0.22526935,0.015961079
375316653866487564,5339054849078838784,0.5979375,2219.2914600189324,0.5116004562197265,2.682416E-5,15.685372,0.0016365644,0.27401415,0.005611817,0.026974715,0.017519256,0.17539735,0.12767297,0.7762205,0.0011582565,0.01183069,0.0023544158,0.9519699,0.6715357,0.007797604,0.002333328,0.27401415,0.005611817,"TWOGAUSSIANS_WITH_ELLIPSOIDAL_ON_ECLIPSE1",9,4.727536,0.7762205,0.0011582565,0.06625187,0.013184728,0.96756214,0.6758333,0.27401415,0.005611817,0.1510584,0.09810784,0.19099256,0.13119248
375316653866487564,5339055153963501696,0.538538,2213.485710166252,0.25198880221355274,4.0182822E-5,18.344076,0.0018995015,0.3411279,0.009559484,0.011470092,0.010712513,0.28054482,3.7997937,0.84279615,8.266558E-4,0.011750004,6.9641677E-4,0.20565647,0.010301693,null,null,null,null,"TWOGAUSSIANS",8,1.5207924,0.3411279,0.009559484,0.06423251,0.05999007,0.28054482,3.7997937,0.84279615,8.266558E-4,0.065800026,0.0038999338,0.20565647,0.010301693
375316653866487564,5339055158271660288,0.5145286,2218.001100199115,2.4910705268332007,2.6241187E-5,17.692732,0.014367405,0.2642966,0.007414833,0.091399185,0.009417528,0.25622734,0.020661851,0.75286746,0.0042806254,0.08901798,0.006759621,0.26780272,0.018753273,null,null,null,null,"TWOGAUSSIANS",8,15.97601,0.75286746,0.0042806254,0.4,0.0,0.2583798,0.016721431,0.2642966,0.007414833,0.4,0.0,0.2468043,0.018929852
375316653866487564,5339055330115196800,0.52717716,2197.1918575484137,3.6768415504236596,1.2372445E-5,19.06341,0.006570924,0.187067,0.0027267446,0.06624117,0.003110875,0.40822473,0.022711597,0.68739045,0.005680264,0.06740815,0.006621435,0.39019838,0.039178688,null,null,null,null,"TWOGAUSSIANS",8,3.7186975,0.187067,0.0027267446,0.37095055,0.0174209,0.40750214,0.022778284,0.68739045,0.005680264,0.37748566,0.037080035,0.3894758,0.039500073
375316653866487564,5339055398834428160,0.5760676,2204.8311991322826,0.10164829993968494,2.6570406E-6,14.858856,3.58852E-4,0.2595763,7.959332E-5,0.00426421,2.7229433E-4,0.40771437,0.12394564,0.63816243,0.012865349,0.018325236,0.010618898,0.06915161,0.43874037,null,null,null,null,"TWOGAUSSIANS",8,1.8854494,0.2595763,7.959332E-5,0.023879576,0.0015248483,0.40771437,0.12394564,0.63816243,0.012865349,0.102621324,0.059465833,0.06915161,0.43874037
375316653866487564,5339055501869626752,0.4597026,2195.4462689634197,1.9507267747191899,2.562591E-5,17.73306,0.0026161443,null,null,null,null,null,null,null,null,null,null,null,null,0.05765965,0.0037046836,0.27721682,0.005476588,"ELLIPSOIDAL",4,8.310435,null,null,null,null,null,null,null,null,null,null,null,null
375316653866487564,5339055948590157696,0.5791994,2196.823176867658,3.5413260343200244,8.219771E-6,18.070673,0.050914913,0.27341378,0.0039237924,0.06346269,0.010317218,0.39777118,0.10193348,0.7650418,0.0031636024,0.06415852,0.010807916,0.3255774,0.10455778,0.09145038,0.054481126,0.27341378,0.0039237924,"TWOGAUSSIANS_WITH_ELLIPSOIDAL_ON_ECLIPSE1",9,8.907305,0.27341378,0.0039237924,0.3553911,0.057776418,0.5804047,0.014795358,0.7663318,0.0023460432,0.3592877,0.060524326,0.50778323,0.02143337
375316653866487564,5339055982949924736,0.6046648,2183.5132270074837,1.3401674367550949,4.989177E-6,17.520895,0.008823524,0.28477466,0.0012399938,0.09031773,0.0032646193,0.28877068,0.008541478,0.7883331,0.001884499,0.0986924,0.004693952,0.2208788,0.008384094,null,null,null,null,"TWOGAUSSIANS",8,2.9790096,0.28477466,0.0012399938,0.4,0.0,0.27438492,0.0050216787,0.7883331,0.001884499,0.4,0.0,0.20649196,0.005312629
375316653866487564,5339056085984869120,0.560636,2199.537220487197,2.4718552144011707,8.56537E-6,17.725843,0.011321309,0.23531501,0.003173437,0.09761384,0.0072616697,0.2606988,0.01009088,0.73057026,0.00224479,0.102102906,0.0049220095,0.27475193,0.01096219,null,null,null,null,"TWOGAUSSIANS",8,2.9895177,0.73057026,0.00224479,0.4,0.0,0.25278732,0.0062137106,0.23531501,0.003173437,0.4,0.0,0.23873661,0.008264322
375316653866487564,5339056154748902912,0.5728132,2180.123197796223,1.0114246515178766,6.3685266E-6,15.804064,8.700876E-4,null,null,null,null,null,null,null,null,null,null,null,null,0.04941984,9.889245E-4,0.28551137,0.002250917,"ELLIPSOIDAL",4,4.9026365,null,null,null,null,null,null,null,null,null,null,null,null
375316653866487564,5339056189108299776,0.53051686,2170.3420090446293,0.8315215320736716,1.3206106E-5,17.42791,0.0027490952,0.16393603,0.0021048165,0.024627432,0.0019285136,0.3252107,0.022672497,0.6506067,0.042893033,0.029587073,0.022858083,0.10399737,1.2030293,null,null,null,null,"TWOGAUSSIANS",8,14.967334,0.16393603,0.0021048165,0.13791363,0.010799676,0.3252107,0.022672497,0.6506067,0.042893033,0.1656876,0.12800527,0.10399737,1.2030293
375316653866487564,5339056567065647744,0.560853,2183.4315542737636,2.426674375149362,8.463696E-6,16.72136,0.009902822,0.241695,0.0063605797,0.09277091,0.008862054,0.26215953,0.012493898,0.7369907,0.001750688,0.08287747,0.0037752474,0.28936046,0.011556395,null,null,null,null,"TWOGAUSSIANS",8,14.99654,0.7369907,0.001750688,0.4,0.0,0.28053042,0.010250578,0.241695,0.0063605797,0.4,0.0,0.25332922,0.010574396
375316653866487564,5339056567065649280,0.56464905,2194.126741998637,1.4741346857384405,1.20495315E-5,16.057192,0.02776889,0.2611035,0.0029821496,0.05989136,0.0094990665,0.27750376,0.053986162,0.75738895,0.009103801,0.054022793,0.012315137,0.12940773,0.057752218,0.06361962,0.03009406,0.2611035,0.0029821496,"TWOGAUSSIANS_WITH_ELLIPSOIDAL_ON_ECLIPSE1",9,51.94766,0.2611035,0.0029821496,0.33539164,0.053194776,0.40469545,0.016746104,0.75807893,0.007890137,0.30252764,0.068964764,0.25654292,0.017213369
375316653866487564,5339056841899716096,0.5001246,2172.7844301910063,3.312019387539212,1.2482911E-5,19.07652,0.015148662,0.15831846,0.009340405,0.064615846,0.008280179,0.19445269,0.016989619,0.62867904,0.0021906274,0.06692909,0.004410099,0.47283727,0.029886363,null,null,null,null,"TWOGAUSSIANS",8,4.794816,0.62867904,0.0021906274,0.3748029,0.024696555,0.47265387,0.029881237,0.15831846,0.009340405,0.36184874,0.04636901,0.19426928,0.016780041
375316653866487564,5339056906307982592,0.57641965,2195.958892748359,0.8337659639392171,1.009121E-6,17.568226,0.0016678704,0.7626594,0.035698544,0.09126689,0.031501994,0.0070945336,0.0025283743,0.89978,1.2591715E-7,9.838461E-4,3.7373884E-6,0.8690114,0.002823495,null,null,null,null,"TWOGAUSSIANS",8,1.3475477,0.89978,1.2591715E-7,0.005509538,2.0929376E-5,0.8713063,0.0048377453,0.7626594,0.035698544,0.4,0.0,0.007094529,0.0025282972
375316653866487564,5339056945022819840,0.52894765,2197.202765250298,0.5541193960571634,5.281888E-6,18.049507,0.004852554,0.10951459,6.5930997E-4,0.017253667,8.3242374E-4,0.48708102,0.03800698,0.60842156,0.021354292,0.017499872,0.015737806,0.5912728,187.88919,null,null,null,null,"TWOGAUSSIANS",8,11.000456,0.60842156,0.021354292,0.09799928,0.08813172,0.5912728,187.88919,0.10951459,6.5930997E-4,0.09662054,0.0046615726,0.48708102,0.03800698
375316653866487564,5339057013696424576,0.5094361,2191.5533896087004,1.780778765848952,5.8950213E-6,18.436052,0.008850836,0.21806714,0.0013633907,0.03947962,0.001518906,0.5428689,0.013667982,0.7174221,0.0011933753,0.048295632,0.0077319033,0.42819226,0.09114419,null,null,null,null,"TWOGAUSSIANS",8,15.683563,0.21806714,0.0013633907,0.22108588,0.008505873,0.54286885,0.013667972,0.7174221,0.0011933753,0.27045554,0.043298658,0.42819217,0.09114467
375316653866487564,5339057426058696704,0.53908396,2179.0717145855224,2.7925319436216007,1.4052105E-5,16.42427,0.002400871,0.20052199,0.0032966288,0.0831864,0.0053015053,0.09496203,0.0025278116,0.7116511,0.0032636693,0.08631297,0.005259783,0.078347616,0.004443145,null,null,null,null,"TWOGAUSSIANS",8,3.424538,0.20052199,0.0032966288,0.4,0.0,0.09313784,0.0027269472,0.7116511,0.0032636693,0.4,0.0,0.076523416,0.004488838
375316653866487564,5339057494788021760,0.47422028,2163.116795942484,0.510815282701347,1.6725553E-5,19.856457,0.0072197863,0.24168558,5.8136834E-4,0.018795393,6.824825E-4,0.4221689,0.018689727,0.7372221,0.014281072,0.017938696,0.011033046,0.5448164,0.36757484,null,null,null,null,"TWOGAUSSIANS",8,2.0260556,0.7372221,0.014281072,0.10045669,0.061785057,0.5448164,0.36757484,0.24168558,5.8136834E-4,0.1052542,0.003821902,0.4221689,0.018689727
375316653866487564,5339057529137977856,0.62895554,2185.4459235801783,1.5574139414180967,3.17778E-6,15.28584,0.0047354787,0.15215133,0.0013152784,0.09086212,0.00244037,0.25552016,0.0051687397,0.64681476,0.0014792325,0.101589814,0.0023004077,0.28467193,0.005475968,null,null,null,null,"TWOGAUSSIANS",8,11.219287,0.64681476,0.0014792325,0.4,0.0,0.2674771,0.0044891913,0.15215133,0.0013152784,0.4,0.0,0.2383284,0.0043088472
375316653866487564,5339057632172416512,0.512005,2178.1746158668093,2.6101924678229027,1.2171911E-5,18.277594,0.030443301,0.24417895,0.0042835777,0.09663076,0.011682194,0.31301978,0.026957398,0.7539461,0.0063223196,0.101780266,0.015985375,0.2568335,0.02775991,null,null,null,null,"TWOGAUSSIANS",8,5.5151725,0.24417895,0.0042829416,0.4,0.0,0.29220703,0.015923984,0.7539461,0.0063223196,0.4,0.0,0.23601855,0.014472192
375316653866487564,5339057662221908480,0.5985349,2168.315977105449,0.5684582427529183,1.4033385E-5,17.119299,0.0030741391,0.1833573,0.0038055014,0.039645143,0.0027662797,0.10041222,0.008154386,0.6809111,0.0016574847,0.045628257,0.0015056438,0.60363555,0.025925336,null,null,null,null,"TWOGAUSSIANS",8,9.48143,0.6809111,0.0016574847,0.25551823,0.008431605,0.60363555,0.025925344,0.1833573,0.0038055014,0.2220128,0.015491167,0.1004122,0.008154382
375316653866487564,5339057666577026944,0.5590691,2182.381550945501,0.775683021606272,6.558418E-6,15.974719,0.0024594362,0.2559091,0.0011825858,0.028966038,0.0011734234,0.35425603,0.01148332,null,null,null,null,null,null,0.0168118,0.0037159487,0.2559091,0.0011825858,"ONEGAUSSIAN_WITH_ELLIPSOIDAL",6,34.557793,0.2559091,0.0011825858,0.16220981,0.0065711704,0.3878796,0.011297537,null,null,null,null,null,null
375316653866487564,5339057799660838656,0.6076621,2175.480946689018,2.6695768393131414,8.246773E-6,14.950704,0.013404419,0.24463646,0.005881398,0.063025065,0.017827632,0.10912315,0.020979634,0.76682746,0.003129941,0.035304822,0.02411123,0.06604758,0.03276495,0.10734441,0.014733505,0.76682746,0.003129941,"TWOGAUSSIANS_WITH_ELLIPSOIDAL_ON_ECLIPSE2",9,52.305393,0.25312647,0.004173036,0.35294035,0.09983473,0.3212285,0.012497588,0.76682746,0.003129941,0.197707,0.13502288,0.28072566,0.04725409
