Gaia/vari_eclipsing_binary/VariEclipsingBinary_627170-627315.csv
# %ECSV 1.0
# ---
# delimiter: ','
# meta: !!omap
# - RELEASE: Gaia DR3
# - TABLE: vari_eclipsing_binary
# - DESCRIPTION: >
#     This table describes the properties of the eclipsing binaries resulting from the variability analysis. 
# - CITATION: >
#     How to cite and acknowledge Gaia: 
#     https://gea.esac.esa.int/archive/documentation/credits.html 
# - KNOWN_ISSUES: >
#     Known issues: 
#     https://www.cosmos.esa.int/web/gaia-users/known-issues 
# - DOCUMENTATION: >
#     Tutorials and documentation: 
#     https://www.cosmos.esa.int/web/gaia-users/archive 
# datatype:
# - 
#   name: solution_id
#   datatype: int64
#   description: Solution Identifier
#   meta:
#     ucd: meta.version
# - 
#   name: source_id
#   datatype: int64
#   description: Unique source identifier
#   meta:
#     ucd: meta.id;meta.main
# - 
#   name: global_ranking
#   datatype: float32
#   description: Number between 0 (worst) and 1 (best)
#   meta:
#     ucd: stat.param
# - 
#   name: reference_time
#   datatype: float64
#   unit: d
#   description: Reference time used for the geometric model fit
#   meta:
#     ucd: time.epoch
# - 
#   name: frequency
#   datatype: float64
#   unit: d**-1
#   description: Frequency of geometric model of the eclipsing binary light curve
#   meta:
#     ucd: src.orbital
# - 
#   name: frequency_error
#   datatype: float32
#   unit: d**-1
#   description: "Uncertainty of \\texttt{frequency}"
#   meta:
#     ucd: stat.error
# - 
#   name: geom_model_reference_level
#   datatype: float32
#   unit: mag
#   description: Magnitude reference level of geometric model
#   meta:
#     ucd: phot.mag;em.opt
# - 
#   name: geom_model_reference_level_error
#   datatype: float32
#   unit: mag
#   description: "Uncertainty of \\texttt{geomModelReferenceLevel}"
#   meta:
#     ucd: stat.error;phot.mag;em.opt
# - 
#   name: geom_model_gaussian1_phase
#   datatype: float32
#   description: Phase of the Gaussian 1 component
#   meta:
#     ucd: time.phase
# - 
#   name: geom_model_gaussian1_phase_error
#   datatype: float32
#   description: "Uncertainty of \\texttt{geomModelGaussian1Phase}"
#   meta:
#     ucd: stat.error;time.phase
# - 
#   name: geom_model_gaussian1_sigma
#   datatype: float32
#   description: "Standard deviation [phase] of Gaussian 1 component"
#   meta:
#     ucd: stat.stdev
# - 
#   name: geom_model_gaussian1_sigma_error
#   datatype: float32
#   description: "Uncertainty of \\texttt{geomModelGaussian1Sigma}"
#   meta:
#     ucd: stat.error
# - 
#   name: geom_model_gaussian1_depth
#   datatype: float32
#   unit: mag
#   description: Magnitude depth of Gaussian 1 component
#   meta:
#     ucd: src.var.amplitude
# - 
#   name: geom_model_gaussian1_depth_error
#   datatype: float32
#   unit: mag
#   description: "Uncertainty of \\texttt{geomModelGaussian1Depth}"
#   meta:
#     ucd: stat.error;src.var.amplitude
# - 
#   name: geom_model_gaussian2_phase
#   datatype: float32
#   description: Phase of Gaussian 2 component
#   meta:
#     ucd: time.phase
# - 
#   name: geom_model_gaussian2_phase_error
#   datatype: float32
#   description: "Uncertainty of \\texttt{geomModelGaussian2Phase}"
#   meta:
#     ucd: stat.error;time.phase
# - 
#   name: geom_model_gaussian2_sigma
#   datatype: float32
[...]
#   datatype: float32
#   description: "Secondary eclipse: uncertainty of \\texttt{derivedSecondaryEclDuration}"
#   meta:
#     ucd: stat.error;time.duration
# - 
#   name: derived_secondary_ecl_depth
#   datatype: float32
#   unit: mag
#   description: "Secondary eclipse: depth"
#   meta:
#     ucd: src.var.amplitude
# - 
#   name: derived_secondary_ecl_depth_error
#   datatype: float32
#   unit: mag
#   description: "Secondary eclipse: uncertainty of \\texttt{derivedSecondaryEclDepth}"
#   meta:
#     ucd: stat.error;src.var.amplitude
solution_id,source_id,global_ranking,reference_time,frequency,frequency_error,geom_model_reference_level,geom_model_reference_level_error,geom_model_gaussian1_phase,geom_model_gaussian1_phase_error,geom_model_gaussian1_sigma,geom_model_gaussian1_sigma_error,geom_model_gaussian1_depth,geom_model_gaussian1_depth_error,geom_model_gaussian2_phase,geom_model_gaussian2_phase_error,geom_model_gaussian2_sigma,geom_model_gaussian2_sigma_error,geom_model_gaussian2_depth,geom_model_gaussian2_depth_error,geom_model_cosine_half_period_amplitude,geom_model_cosine_half_period_amplitude_error,geom_model_cosine_half_period_phase,geom_model_cosine_half_period_phase_error,model_type,num_model_parameters,reduced_chi2,derived_primary_ecl_phase,derived_primary_ecl_phase_error,derived_primary_ecl_duration,derived_primary_ecl_duration_error,derived_primary_ecl_depth,derived_primary_ecl_depth_error,derived_secondary_ecl_phase,derived_secondary_ecl_phase_error,derived_secondary_ecl_duration,derived_secondary_ecl_duration_error,derived_secondary_ecl_depth,derived_secondary_ecl_depth_error
[from data line 582]
375316653866487564,5517555545266934400,0.44715777,2251.7442434420736,0.16449875188529128,9.474787E-5,17.230732,0.0022259133,0.22385833,0.019504158,0.033260603,0.009065822,0.27680752,0.2518206,0.67742115,2.7388505E-5,0.005687759,1.252836E-4,1.0347084,0.09531044,null,null,null,null,"TWOGAUSSIANS",8,3.2827573,0.67742115,2.7388505E-5,0.031851448,7.015881E-4,1.0347084,0.09531044,0.22385833,0.019504158,0.18625937,0.050768603,0.27680752,0.2518206
375316653866487564,5517556125087327104,0.61414444,2201.1146517642933,1.0545617935860072,1.0783927E-5,18.199398,0.0015173805,0.6740997,7.4862382E-6,0.008348812,4.2791752E-4,0.05233308,0.0053690975,0.51144713,0.0018601506,0.03091675,0.0019306578,0.6662304,0.098694295,null,null,null,null,"TWOGAUSSIANS",8,1.2702649,0.51144713,0.0018601506,0.17313379,0.010811684,0.6662304,0.098694295,0.6740997,7.4862382E-6,0.046753347,0.0023963382,0.05233373,0.0053691026
375316653866487564,5517557362038311424,0.4965946,2203.0191260361657,3.2153640511446344,1.9332485E-5,19.40778,0.040558346,0.29265335,0.008022918,0.081262924,0.013354209,0.42392468,0.05175193,0.7893117,0.0060254033,0.08927522,0.015861217,0.40841064,0.03526341,null,null,null,null,"TWOGAUSSIANS",8,4.010986,0.29265335,0.008022918,0.4,0.0,0.41326764,0.050378535,0.7893117,0.0060254033,0.4,0.0,0.39775345,0.034504667
375316653866487564,5517557641217512064,0.52672404,2204.9465212702894,2.2289462790832357,4.438521E-6,15.149214,0.017831415,0.2328274,0.0022414064,0.22260474,0.015771993,0.30479607,0.017478196,0.73423094,0.002272336,0.16515543,0.009350349,0.28340444,0.020838615,null,null,null,null,"TWOGAUSSIANS",8,7.921827,0.73511094,0.0025258497,0.4,0.0,0.0801081,0.0018214477,0.2322774,0.0023292457,0.4,0.0,0.0583955,0.001270321
375316653866487564,5517558087894099584,0.45793656,2208.6316498966958,2.934311002631151,2.0421789E-5,19.548145,0.03846628,0.22902285,0.005877836,0.08585869,0.015182839,0.31267914,0.047458537,0.73347497,0.010611493,0.099796034,0.020865185,0.30476907,0.036470503,null,null,null,null,"TWOGAUSSIANS",8,3.655038,0.22902285,0.005877836,0.4,0.0,0.297353,0.045473542,0.73347497,0.010611493,0.4,0.0,0.28944072,0.03553552
375316653866487564,5517561175968715776,0.4736131,2165.6835494581715,3.5200918742454,2.3028777E-5,19.908749,0.020282805,0.19258468,0.0111139575,0.069480106,0.017102374,0.3072553,0.0207207,0.6917671,0.004692189,0.07865283,0.0070909997,0.36703542,0.042721514,null,null,null,null,"TWOGAUSSIANS",8,1.5971628,0.6917671,0.004692189,0.4,0.0,0.36481372,0.042027995,0.19258468,0.0111139575,0.3890886,0.03085646,0.30503362,0.021772362
375316653866487564,5517563134474188672,0.52095276,2201.142865543549,1.8714628012114907,1.6611666E-5,19.134357,0.005804906,0.09022739,0.0015929859,0.0060607693,0.0011895016,0.14943421,0.016757721,0.80807656,2.088331E-5,0.0080529405,3.9620994E-4,0.7287413,7.7665166E-4,null,null,null,null,"TWOGAUSSIANS",8,4.891927,0.80807656,2.088331E-5,0.045096464,0.0022187757,0.7287413,7.7665166E-4,0.09022739,0.0015929859,0.033940308,0.006661209,0.14943421,0.016757721
375316653866487564,5517564719323628288,0.5870343,2232.6200957824394,2.7675107358991657,4.3586565E-6,16.899042,0.027187955,0.2869048,0.0010075379,0.052010994,0.0045709047,0.77122813,0.05987628,0.79463595,0.0031027198,0.04327226,0.0057696193,0.41917768,0.05906116,0.09200285,0.035253674,0.2869048,0.0010075379,"TWOGAUSSIANS_WITH_ELLIPSOIDAL_ON_ECLIPSE1",9,91.70078,0.2869048,0.0010075379,0.29126155,0.025597066,0.9552261,0.05852799,0.79463595,0.0031027198,0.24232467,0.032309867,0.60274184,0.02347764
375316653866487564,5517568082277268096,0.66519463,2236.92734690224,3.9515563695733738,2.4623926E-6,17.53844,0.0067505427,0.27244037,7.3454453E-4,0.04820118,0.0016238628,0.53003585,0.013867768,0.77329737,0.0019107943,0.035977416,0.003286915,0.280414,0.014122377,0.11648409,0.0083049005,0.27244037,7.3454453E-4,"TWOGAUSSIANS_WITH_ELLIPSOIDAL_ON_ECLIPSE1",9,4.9095674,0.27244037,7.3454453E-4,0.2699266,0.009093631,0.76300323,0.01043478,0.77329737,0.0018907852,0.20147352,0.018406725,0.51337457,0.014301007
375316653866487564,5517568670693550848,0.5420898,2273.857426500581,0.39992280185077544,2.983317E-5,16.699652,0.001013669,0.38989517,4.4278032E-4,0.02076216,0.0018363952,0.010431365,0.001768895,0.69097793,1.1787628E-5,0.012169633,2.9000093E-4,0.22025472,0.005747462,null,null,null,null,"TWOGAUSSIANS",8,2.0210402,0.69097793,1.1787628E-5,0.06814995,0.0016240051,0.22025472,0.005747462,0.38989517,4.4278032E-4,0.1162681,0.010283814,0.010431365,0.001768895
375316653866487564,5517568975632304896,0.54377127,2233.126930157636,2.9731294568522557,8.205618E-6,18.827822,0.013204543,0.30100203,0.0033972277,0.081500895,0.005759719,0.36855748,0.019785492,0.7994485,0.004041932,0.079487994,0.009190337,0.31045005,0.023692273,null,null,null,null,"TWOGAUSSIANS",8,2.7984083,0.30100203,0.0033972277,0.4,0.0,0.36327383,0.01946598,0.7994485,0.004041932,0.4,0.0,0.3051664,0.026761595
375316653866487564,5517569422306707200,0.49108532,2225.9540010801843,2.180937757539578,2.3256609E-5,17.752676,0.007713142,0.16353856,0.007849333,0.026736325,0.012407111,0.054509535,0.007843322,0.7704165,0.0069358526,0.09233261,0.011208997,0.07521118,0.008036565,null,null,null,null,"TWOGAUSSIANS",8,2.6575365,0.7704165,0.0069358526,0.4,0.0,0.07521091,0.0080336435,0.16352856,0.007840225,0.14972341,0.06947982,0.054517966,0.007857764
375316653866487564,5517572793862094976,0.42634952,2222.7801712458963,3.771089858085742,3.4943303E-5,17.726229,0.051124,0.2821586,0.0082858605,0.05901241,0.020086775,0.12142638,0.060241964,0.7429235,0.03188291,0.120735474,0.10637698,0.097837225,0.032145444,null,null,null,null,"TWOGAUSSIANS",8,7.228587,0.2822186,0.008056202,0.3304695,0.11248594,0.11932547,0.051040314,0.7429235,0.03188291,0.4,0.0,0.09566441,0.027372006
375316653866487564,5517573889073234048,0.5340275,2200.1586335968823,3.136376240160633,9.9513145E-6,17.773516,0.011929198,0.21843597,0.00534148,0.0923212,0.0079354,0.21252103,0.016009223,0.7160021,0.0026023076,0.09061705,0.006739272,0.22035791,0.013265377,null,null,null,null,"TWOGAUSSIANS",8,4.51551,0.7160021,0.0026023076,0.4,0.0,0.210399,0.011384908,0.21843597,0.00534148,0.4,0.0,0.20256206,0.013923246
375316653866487564,5517576500413859840,0.5023139,2234.918859271532,3.6513871289878606,6.0816936E-5,19.065027,0.031519867,0.2765838,0.011832387,0.096486434,0.023952622,0.37004417,0.03532429,0.78274477,0.014102948,0.079432584,0.01777029,0.2509483,0.060618315,null,null,null,null,"TWOGAUSSIANS",8,7.160407,0.2765838,0.011832387,0.4,0.0,0.3602007,0.049660195,0.78274477,0.014102948,0.4,0.005756229,0.24110597,0.060933717
375316653866487564,5517578875535726592,0.45446095,2263.1309033796865,2.7817514521378714,4.2868058E-5,13.898157,0.080324896,0.11817128,0.017189167,0.11281739,0.038968425,0.25170776,0.0837187,0.68650913,0.020837013,0.101587966,0.024252826,0.31985885,0.078281246,null,null,null,null,"TWOGAUSSIANS",8,31.089708,0.6866891,0.020709375,0.4,0.0,0.3032856,0.047191754,0.118091285,0.016992196,0.4,0.0,0.23500505,0.048931427
375316653866487564,5517579459651306496,0.61171377,2216.136296195818,0.5737947169138696,3.178586E-5,14.624372,0.0012637925,0.29792383,0.016784508,0.0357646,0.015476185,0.17215718,0.12923901,0.7996337,0.0054545514,0.010644366,0.0014403756,1.1988713,0.71427166,null,null,null,null,"TWOGAUSSIANS",8,26.719408,0.7996337,0.0054545514,0.05960845,0.008066103,1.1988713,0.71427166,0.29792383,0.016784508,0.20028175,0.086666636,0.17215718,0.12923901
375316653866487564,5517579975042855680,0.4681437,2186.4313821475057,3.3449397531284792,4.2467545E-5,18.95445,0.008811009,0.19975403,0.01837859,0.05486516,0.01260142,0.2646192,0.08040152,0.68713987,0.0071968553,0.07507599,0.007625953,0.19402286,0.018921683,null,null,null,null,"TWOGAUSSIANS",8,5.280641,0.19975403,0.01837859,0.3072449,0.07056795,0.26443738,0.08052575,0.68713987,0.0071968553,0.4,0.0,0.19384103,0.01891978
375316653866487564,5517581963612020352,0.4516654,2190.3581507305926,0.41741638253778107,8.117268E-5,18.411564,0.009280869,0.17615016,0.01708957,0.06457076,0.024622127,0.11510855,0.042255655,0.48824918,0.009873174,0.013760928,0.009569945,0.4287988,13.005451,null,null,null,null,"TWOGAUSSIANS",8,10.673504,0.48824918,0.009873174,0.0770612,0.053591687,0.42879978,13.005451,0.17615016,0.01708957,0.36159626,0.123926096,0.11510855,0.042255655
375316653866487564,5517581967907464832,0.51429725,2180.6369925662934,3.4677275773039606,2.1131695E-5,19.77939,0.025411226,0.32854953,0.013468642,0.07429899,0.018597124,0.3481638,0.030162634,0.82816625,0.004964023,0.08247632,0.0096566,0.33612263,0.027564889,null,null,null,null,"TWOGAUSSIANS",8,1.7267494,0.32854953,0.013468642,0.4,0.029519131,0.34397563,0.028535556,0.82816625,0.004964023,0.4,0.0,0.33193445,0.025230665
375316653866487564,5517583685899109248,0.58479136,2163.2741225043274,1.3171379603948408,2.0489879E-5,17.52565,0.014739629,0.26307315,0.0050071073,0.08856511,0.024249978,0.31510776,0.13875973,0.75924504,0.009457545,0.07211452,0.007760198,0.47705898,0.03055833,null,null,null,null,"TWOGAUSSIANS",8,8.766478,0.75924504,0.009457545,0.4,0.031407997,0.4715544,0.026911702,0.26307315,0.0050071073,0.4,0.0,0.30960312,0.14743511
375316653866487564,5517589320895310080,0.5790684,2205.3350763781204,2.4142828406600962,1.1606177E-5,15.274486,0.024316506,0.23528326,0.0035679475,0.070923276,0.00478184,0.38864017,0.054347347,0.7354636,0.003445226,0.060172614,0.005215743,0.39735138,0.05193999,0.05902214,0.028524758,0.23528326,0.0035679475,"TWOGAUSSIANS_WITH_ELLIPSOIDAL_ON_ECLIPSE1",9,193.2655,0.7354636,0.0033489154,0.33696663,0.029208163,0.5145969,0.020379134,0.23528326,0.0035679475,0.39717034,0.021171343,0.5058858,0.01574019
375316653866487564,5517590622266800384,0.60874915,2240.4372208621467,2.632897936407124,4.8770225E-6,18.688452,0.003774533,0.25503525,0.0010098798,0.08131881,0.0018215406,0.34481743,0.007221049,0.75448835,0.0022442427,0.07596387,0.0033161924,0.388253,0.012672088,null,null,null,null,"TWOGAUSSIANS",8,0.92608684,0.75448835,0.0022442427,0.4,0.0,0.38364226,0.01325931,0.25503525,0.0010098798,0.4,0.0,0.34020665,0.007321843
375316653866487564,5517590656626577536,0.47963995,2247.4415227247077,1.8523765318246652,2.8338975E-5,17.699749,0.017160054,0.30058682,0.0056793196,0.073406406,0.013329189,0.16826499,0.01919228,0.803955,0.00856697,0.084210925,0.011330013,0.24217765,0.038110483,null,null,null,null,"TWOGAUSSIANS",8,22.210453,0.803955,0.00856697,0.4,0.0,0.23969151,0.038041662,0.30058682,0.0056793196,0.4,0.027360791,0.16577886,0.018344076
375316653866487564,5517592688149617024,0.55296844,2189.514844284924,1.327348700409525,1.7015267E-5,15.92934,0.0018950091,0.4905654,3.5761282E-4,0.026339205,3.36427E-4,0.44005722,0.0077067907,null,null,null,null,null,null,null,null,null,null,"ONEGAUSSIAN",5,23.997171,0.4905654,3.5761282E-4,0.14749955,0.0018839913,0.44005722,0.0,null,null,null,null,null,null
375316653866487564,5517595810590925696,0.54270136,2171.345353536249,3.4266961947929575,1.7577067E-5,19.722744,0.0152683295,0.26125544,0.0043598968,0.066162206,0.0056162663,0.4796053,0.033311833,0.77619904,0.009863387,0.05765807,0.012153922,0.52491534,0.033760116,null,null,null,null,"TWOGAUSSIANS",8,2.6376917,0.77619904,0.009863387,0.3228852,0.06806196,0.5247402,0.0337897,0.26125544,0.0043598968,0.37050834,0.03145109,0.4794302,0.033300683
375316653866487564,5517597739032567680,0.5201972,2193.7766182747314,4.478877282292687,1.5232598E-5,17.359056,0.0018719279,0.31522304,0.0063887485,0.046931766,0.010766833,0.036823742,0.014618157,0.63374686,0.016847698,0.021039424,0.025720261,0.5408753,0.53744,null,null,null,null,"TWOGAUSSIANS",8,2.5914845,0.63374686,0.016847698,0.11782078,0.14403346,0.5408753,0.53744,0.31522304,0.0063887485,0.2628179,0.060294267,0.036823742,0.014618157
375316653866487564,5517602751254616448,0.4606837,2228.1772314932805,2.4221107106561828,4.076597E-5,17.395844,0.89122695,0.35611135,0.027519805,0.25787508,0.35447344,0.50698024,0.854483,0.8522802,0.0072234096,0.11974176,0.07986507,0.39415184,0.4811557,null,null,null,null,"TWOGAUSSIANS",8,10.984306,0.8522802,0.007233651,0.4,0.0,0.18880504,0.027433252,0.35619134,0.027646994,0.4,0.0,0.14750174,0.027341789
375316653866487564,5517604954576203392,0.58723766,2224.335161092685,2.226393801004535,7.961166E-6,14.958561,0.0012101455,null,null,null,null,null,null,null,null,null,null,null,null,0.06499665,0.0019333928,0.29670313,0.001701938,"ELLIPSOIDAL",4,16.082249,null,null,null,null,null,null,null,null,null,null,null,null
375316653866487564,5517606947433679744,0.55698526,2243.6011337336977,2.7151318764905614,9.076477E-6,18.681087,0.009838502,0.28408775,0.0028572858,0.09532443,0.005546823,0.22072698,0.009330346,0.7889755,0.0030077673,0.091808066,0.0074963383,0.22322753,0.008450921,null,null,null,null,"TWOGAUSSIANS",8,0.9743533,0.7889755,0.0030077673,0.4,0.0,0.21157302,0.005781639,0.28408775,0.0028572858,0.4,0.0,0.20907216,0.005777451
375316653866487564,5517607939575894656,0.5384791,2220.3823319677203,4.085686430228348,3.1665997E-5,16.710804,0.037871413,0.24209319,0.0041104048,0.101183854,0.013911869,0.22523862,0.036473334,0.7331868,0.015426583,0.09944949,0.030429272,0.21886307,0.033776827,null,null,null,null,"TWOGAUSSIANS",8,20.291342,0.24209319,0.0041081584,0.4,0.0,0.20744142,0.008264506,0.7331868,0.015426583,0.4,0.0,0.20106678,0.023682969
375316653866487564,5517608012592829440,0.5875334,2228.956809454349,3.891754192010614,1.742675E-5,18.271008,0.010116564,0.22957414,0.0013910736,0.059764303,0.0019950268,0.95690936,0.048567712,0.7169428,0.006199688,0.073728085,0.005580056,0.59831357,0.01800501,null,null,null,null,"TWOGAUSSIANS",8,5.466025,0.22957414,0.0013910736,0.3346801,0.01117215,0.95599127,0.04870414,0.7169428,0.006199688,0.4,0.014049957,0.5973955,0.017882057
375316653866487564,5517611890948321024,0.63003004,2215.7741844258917,2.5718211744339055,6.110514E-6,18.051498,0.006982282,0.18012726,0.002807,0.09194733,0.003245412,0.34406078,0.009572373,0.67930245,0.0011431616,0.08253423,0.0024569116,0.38186947,0.00833476,null,null,null,null,"TWOGAUSSIANS",8,1.6531334,0.67930245,0.0011431616,0.4,0.0,0.3701465,0.008104221,0.18012726,0.002807,0.4,0.0,0.33233753,0.009077963
375316653866487564,5517612097106754304,0.54314667,2214.712397078161,3.2004419743111128,6.5656272E-6,18.613976,0.015222886,0.19640352,0.0024917899,0.08746622,0.0045625903,0.43955135,0.016718661,0.6966941,0.007203022,0.090417795,0.007225943,0.42149043,0.022140073,null,null,null,null,"TWOGAUSSIANS",8,3.6473331,0.19640352,0.0024917899,0.4,0.0,0.42306688,0.014329984,0.6966941,0.007203022,0.4,0.0,0.40500584,0.022252431
375316653866487564,5517612754236697088,0.58098006,2231.7628961084206,1.850063929490892,4.461235E-6,16.855898,0.011768339,0.26981604,0.0029957541,0.10753832,0.010186568,0.175898,0.0086854175,0.77095664,0.0010071764,0.09173982,0.005394429,0.18525049,0.010441879,null,null,null,null,"TWOGAUSSIANS",8,2.6164048,0.77095664,0.0010071764,0.4,0.0,0.17006704,0.0043726023,0.26981604,0.0029957541,0.4,0.0,0.16070756,0.0052633295
375316653866487564,5517613712012883456,0.55674237,2200.9889147924055,2.3885202629607023,6.080658E-6,17.83033,0.019560799,0.24421386,0.010941772,0.096506156,0.019006303,0.24184862,0.021489445,0.72033566,0.002135854,0.10360194,0.0069658267,0.30345848,0.018753417,null,null,null,null,"TWOGAUSSIANS",8,4.450248,0.72033566,0.002135854,0.4,0.0,0.2858069,0.012158912,0.24422388,0.010968031,0.4,0.0,0.2242044,0.027293384
