Gaia/vari_eclipsing_binary/VariEclipsingBinary_669741-669777.csv
# %ECSV 1.0
# ---
# delimiter: ','
# meta: !!omap
# - RELEASE: Gaia DR3
# - TABLE: vari_eclipsing_binary
# - DESCRIPTION: >
#     This table describes the properties of the eclipsing binaries resulting from the variability analysis. 
# - CITATION: >
#     How to cite and acknowledge Gaia: 
#     https://gea.esac.esa.int/archive/documentation/credits.html 
# - KNOWN_ISSUES: >
#     Known issues: 
#     https://www.cosmos.esa.int/web/gaia-users/known-issues 
# - DOCUMENTATION: >
#     Tutorials and documentation: 
#     https://www.cosmos.esa.int/web/gaia-users/archive 
# datatype:
# - 
#   name: solution_id
#   datatype: int64
#   description: Solution Identifier
#   meta:
#     ucd: meta.version
# - 
#   name: source_id
#   datatype: int64
#   description: Unique source identifier
#   meta:
#     ucd: meta.id;meta.main
# - 
#   name: global_ranking
#   datatype: float32
#   description: Number between 0 (worst) and 1 (best)
#   meta:
#     ucd: stat.param
# - 
#   name: reference_time
#   datatype: float64
#   unit: d
#   description: Reference time used for the geometric model fit
#   meta:
#     ucd: time.epoch
# - 
#   name: frequency
#   datatype: float64
#   unit: d**-1
#   description: Frequency of geometric model of the eclipsing binary light curve
#   meta:
#     ucd: src.orbital
# - 
#   name: frequency_error
#   datatype: float32
#   unit: d**-1
#   description: "Uncertainty of \\texttt{frequency}"
#   meta:
#     ucd: stat.error
# - 
#   name: geom_model_reference_level
#   datatype: float32
#   unit: mag
#   description: Magnitude reference level of geometric model
#   meta:
#     ucd: phot.mag;em.opt
# - 
#   name: geom_model_reference_level_error
#   datatype: float32
#   unit: mag
#   description: "Uncertainty of \\texttt{geomModelReferenceLevel}"
#   meta:
#     ucd: stat.error;phot.mag;em.opt
# - 
#   name: geom_model_gaussian1_phase
#   datatype: float32
#   description: Phase of the Gaussian 1 component
#   meta:
#     ucd: time.phase
# - 
#   name: geom_model_gaussian1_phase_error
#   datatype: float32
#   description: "Uncertainty of \\texttt{geomModelGaussian1Phase}"
#   meta:
#     ucd: stat.error;time.phase
# - 
#   name: geom_model_gaussian1_sigma
#   datatype: float32
#   description: "Standard deviation [phase] of Gaussian 1 component"
#   meta:
#     ucd: stat.stdev
# - 
#   name: geom_model_gaussian1_sigma_error
#   datatype: float32
#   description: "Uncertainty of \\texttt{geomModelGaussian1Sigma}"
#   meta:
#     ucd: stat.error
# - 
#   name: geom_model_gaussian1_depth
#   datatype: float32
#   unit: mag
#   description: Magnitude depth of Gaussian 1 component
#   meta:
#     ucd: src.var.amplitude
# - 
#   name: geom_model_gaussian1_depth_error
#   datatype: float32
#   unit: mag
#   description: "Uncertainty of \\texttt{geomModelGaussian1Depth}"
#   meta:
#     ucd: stat.error;src.var.amplitude
# - 
#   name: geom_model_gaussian2_phase
#   datatype: float32
#   description: Phase of Gaussian 2 component
#   meta:
#     ucd: time.phase
# - 
#   name: geom_model_gaussian2_phase_error
#   datatype: float32
#   description: "Uncertainty of \\texttt{geomModelGaussian2Phase}"
#   meta:
#     ucd: stat.error;time.phase
# - 
#   name: geom_model_gaussian2_sigma
#   datatype: float32
[...]
#   datatype: float32
#   description: "Secondary eclipse: uncertainty of \\texttt{derivedSecondaryEclDuration}"
#   meta:
#     ucd: stat.error;time.duration
# - 
#   name: derived_secondary_ecl_depth
#   datatype: float32
#   unit: mag
#   description: "Secondary eclipse: depth"
#   meta:
#     ucd: src.var.amplitude
# - 
#   name: derived_secondary_ecl_depth_error
#   datatype: float32
#   unit: mag
#   description: "Secondary eclipse: uncertainty of \\texttt{derivedSecondaryEclDepth}"
#   meta:
#     ucd: stat.error;src.var.amplitude
solution_id,source_id,global_ranking,reference_time,frequency,frequency_error,geom_model_reference_level,geom_model_reference_level_error,geom_model_gaussian1_phase,geom_model_gaussian1_phase_error,geom_model_gaussian1_sigma,geom_model_gaussian1_sigma_error,geom_model_gaussian1_depth,geom_model_gaussian1_depth_error,geom_model_gaussian2_phase,geom_model_gaussian2_phase_error,geom_model_gaussian2_sigma,geom_model_gaussian2_sigma_error,geom_model_gaussian2_depth,geom_model_gaussian2_depth_error,geom_model_cosine_half_period_amplitude,geom_model_cosine_half_period_amplitude_error,geom_model_cosine_half_period_phase,geom_model_cosine_half_period_phase_error,model_type,num_model_parameters,reduced_chi2,derived_primary_ecl_phase,derived_primary_ecl_phase_error,derived_primary_ecl_duration,derived_primary_ecl_duration_error,derived_primary_ecl_depth,derived_primary_ecl_depth_error,derived_secondary_ecl_phase,derived_secondary_ecl_phase_error,derived_secondary_ecl_duration,derived_secondary_ecl_duration_error,derived_secondary_ecl_depth,derived_secondary_ecl_depth_error
[from data line 506]
375316653866487564,5891366232873023104,0.4843047,2206.508450401735,0.6981791029385435,1.685481E-5,19.318666,0.008954416,0.2673587,0.010894326,0.048242036,0.012279568,0.20834956,0.029944444,0.75022215,0.006052485,0.058677353,0.0060671843,0.32317516,0.024388537,null,null,null,null,"TWOGAUSSIANS",8,4.943205,0.75022215,0.006052485,0.32859316,0.03397623,0.32317078,0.024389444,0.2673587,0.010894326,0.2701554,0.06876558,0.20834516,0.029949553
375316653866487564,5891366370311564544,0.4273028,2197.166360361758,0.11174587445359924,4.0769388E-5,18.217047,0.0073807095,0.14053795,0.014370039,0.054042686,0.008668059,0.10550281,0.01574788,0.68562615,0.012366294,0.10493588,0.014989847,0.16397475,0.030266657,null,null,null,null,"TWOGAUSSIANS",8,13.089983,0.68562615,0.012366294,0.4,0.0,0.16322473,0.030729936,0.14051795,0.014377735,0.30263904,0.04854113,0.10476663,0.015554112
375316653866487564,5891366713909120256,0.5517803,2188.9195606238723,2.062359689631037,1.1714129E-5,18.425308,0.011069319,0.2933089,0.003819715,0.081325464,0.005024342,0.31814033,0.013912523,0.8001809,0.004911241,0.07863111,0.0057950336,0.33094448,0.021083182,null,null,null,null,"TWOGAUSSIANS",8,3.3108025,0.8001809,0.004911241,0.4,0.0,0.32666308,0.02126198,0.2933089,0.003819715,0.4,0.0,0.31385893,0.012796863
375316653866487564,5891367538542956416,0.457838,2192.6390682346987,3.605102516176296,2.752503E-5,19.282164,0.055377,0.22539353,0.007275507,0.09231263,0.024843361,0.28214777,0.045397528,0.73735404,0.009054563,0.097993985,0.017900752,0.30366164,0.055453535,null,null,null,null,"TWOGAUSSIANS",8,7.272446,0.73735404,0.009056772,0.4,0.0,0.28795013,0.032634676,0.22539353,0.007275911,0.4,0.0,0.26643756,0.03021067
375316653866487564,5891367817758662272,0.637865,2204.256258300247,0.8225737981328207,2.8618956E-6,15.094414,0.0011577723,0.244678,0.0037890016,0.026228342,0.0035290683,0.19767693,0.024540408,0.7394903,5.158154E-4,0.027632192,8.3391834E-4,0.3362106,0.009908669,0.019125909,0.0018697827,0.244678,0.0037890016,"TWOGAUSSIANS_WITH_ELLIPSOIDAL_ON_ECLIPSE1",9,15.64367,0.73953027,5.090997E-4,0.15474027,0.0046699424,0.374422,0.0093946075,0.244678,0.0037890016,0.14687872,0.019762782,0.2359287,0.025116561
375316653866487564,5891369020330653696,0.48767513,2233.0212309058747,1.5330900777567997,4.094416E-5,19.409834,0.0049650245,0.28552595,0.00398348,0.013801869,0.0049400204,0.100900225,0.28118375,0.48042166,0.008379982,0.018145608,0.008367164,0.9703338,0.9742896,null,null,null,null,"TWOGAUSSIANS",8,2.28362,0.48042166,0.008379982,0.10161541,0.046856117,0.9703338,0.9742896,0.28552595,0.00398348,0.07729047,0.027664114,0.100900225,0.28118375
375316653866487564,5891369771934256896,0.4793755,2218.7830499103625,0.6477925261701649,9.2227E-6,19.643139,0.007042494,0.19129491,0.0024244033,0.04396055,0.0028565605,0.2908622,0.011067664,0.64101887,0.046409026,0.058735233,0.040638003,0.04344504,0.048172064,null,null,null,null,"TWOGAUSSIANS",8,2.0242236,0.19129491,0.0024244033,0.24617909,0.015996737,0.29086208,0.011067456,0.64101887,0.046409026,0.3289173,0.22732545,0.04344493,0.048172433
375316653866487564,5891370115531865600,0.50305146,2205.616190387662,0.7008978645324632,4.5095403E-6,19.94264,0.0063797925,0.26346332,0.015566833,0.036473557,0.014107583,0.13860534,0.08038048,0.7637226,6.319102E-4,0.019082842,8.4219425E-4,0.64135206,0.017406542,null,null,null,null,"TWOGAUSSIANS",8,1.5792842,0.7637226,6.319102E-4,0.106863916,0.004716288,0.64135206,0.017406542,0.26346332,0.015566833,0.20425192,0.07900246,0.13860534,0.08038048
375316653866487564,5891370772696509568,0.4991943,2259.841869045347,3.7984794900552226,2.38214E-5,14.72959,0.03093019,0.30266672,0.033165965,0.067916274,0.042673998,0.07422562,0.054671347,0.75033087,0.005019565,0.06048947,0.023810076,0.06198912,0.06811272,0.10004018,0.03479146,0.75033087,0.005019565,"TWOGAUSSIANS_WITH_ELLIPSOIDAL_ON_ECLIPSE2",9,224.20305,0.27595672,0.019482998,0.38033113,0.13625182,0.2636229,0.017435253,0.75033087,0.005019565,0.33874103,0.117801435,0.26205263,0.0138443
375316653866487564,5891370905800769920,0.5523405,2245.2196070576633,1.6847589786311605,8.61685E-6,19.13446,0.009864282,0.21974494,0.008947488,0.0900575,0.012280423,0.18131687,0.021402279,0.71304953,0.002510496,0.065416835,0.0035300455,0.4564548,0.010787939,null,null,null,null,"TWOGAUSSIANS",8,2.33129,0.71304953,0.002510496,0.36633426,0.019768255,0.45389628,0.01004207,0.21974494,0.008947488,0.4,0.0,0.17875828,0.022041207
375316653866487564,5891371249397030656,0.5331958,2236.882600428243,1.3224751498958933,1.6712353E-5,16.58444,0.0061776037,0.16376624,0.015723292,0.049788553,0.009010006,0.10209059,0.038895927,0.6850377,0.0026117188,0.05610488,0.011332165,0.041117612,0.014255691,0.074932985,0.007864457,0.6850377,0.0026117188,"TWOGAUSSIANS_WITH_ELLIPSOIDAL_ON_ECLIPSE2",9,15.962728,0.16850623,0.012497072,0.2788159,0.050456032,0.24988082,0.030098768,0.6850377,0.0026117188,0.31418735,0.06346013,0.19098054,0.005169116
375316653866487564,5891372593762674048,0.59044015,2259.0303959754274,0.45664314700241865,2.2906122E-5,17.21445,9.0312713E-4,0.3567101,2.9894678E-4,0.017629163,1.0397191E-4,2.5123136,0.09460318,null,null,null,null,null,null,null,null,null,null,"ONEGAUSSIAN",5,1.8165401,0.3567101,2.9894678E-4,0.098723315,5.822427E-4,2.5123136,0.0,null,null,null,null,null,null
375316653866487564,5891373040439283712,0.61193526,2255.4434929423223,1.7577218374993062,6.292609E-6,15.409859,0.019069703,0.24071199,0.002115914,0.1356215,0.012423751,0.13487169,0.018921793,0.7328177,0.0015846813,0.11448977,0.008325329,0.16125166,0.01798872,null,null,null,null,"TWOGAUSSIANS",8,5.242047,0.7328177,0.0015846813,0.4,0.0,0.12462678,0.0021319564,0.24075198,0.0021167635,0.4,0.0,0.097963005,0.0021769684
375316653866487564,5891374341773527808,0.48629782,2218.0766804135615,0.7811263543158199,2.0605994E-5,17.867552,0.004084766,0.29700136,0.025546646,0.016548337,0.010908212,0.41219094,0.4609678,0.7928399,0.0067749717,0.018526696,0.004078698,0.36965957,0.12506299,null,null,null,null,"TWOGAUSSIANS",8,14.072652,0.29700136,0.025546646,0.09267069,0.061085984,0.41219094,0.4609678,0.7928399,0.0067749717,0.10374949,0.022840707,0.36965957,0.12506299
375316653866487564,5891374758404658432,0.5055638,2216.728464704953,2.449920947312727,1.4857761E-5,19.69748,0.028745998,0.25202158,0.004330103,0.09735617,0.010367574,0.38645238,0.025378017,0.7540677,0.004162426,0.11117887,0.010091023,0.37240008,0.026856145,null,null,null,null,"TWOGAUSSIANS",8,1.4419491,0.25202158,0.004334886,0.4,0.0,0.34482515,0.013125905,0.7540677,0.004162426,0.4,0.0,0.330744,0.010898895
375316653866487564,5891374758426245120,0.6413551,2246.570878218386,0.18365198074136108,1.4720739E-6,16.351128,0.0012829789,0.22972296,3.8218958E-4,0.015874926,3.1056895E-4,0.44025967,0.008400878,0.72905535,0.0012803569,0.016023103,7.132731E-4,0.4069973,0.014376751,null,null,null,null,"TWOGAUSSIANS",8,6.6516385,0.22972296,3.8218958E-4,0.08889958,0.0017391862,0.44025967,0.008400878,0.72905535,0.0012803569,0.089729376,0.0039943294,0.4069973,0.014376751
375316653866487564,5891374861483953664,0.51369375,2243.4769907704517,2.8443942327778005,1.5101054E-5,19.262135,0.27328005,0.25756702,0.0055094864,0.120020464,0.039018113,0.41858286,0.24921735,0.76298827,0.004027308,0.14209047,0.047973048,0.44478178,0.26627898,null,null,null,null,"TWOGAUSSIANS",8,1.9741322,0.76302826,0.0040046354,0.4,0.0,0.3106693,0.018458713,0.257367,0.005536355,0.4,0.0,0.28616214,0.021199409
375316653866487564,5891376064096366080,0.686483,2229.507125244283,1.0374204925952066,2.5911224E-6,17.524471,0.006781628,0.23342319,8.480103E-4,0.05213881,0.002578573,0.28637668,0.015656678,0.73245555,0.0022688853,0.04811277,0.0031513462,0.3415462,0.016520225,0.14917685,0.008186886,0.23342319,8.480103E-4,"TWOGAUSSIANS_WITH_ELLIPSOIDAL_ON_ECLIPSE1",9,2.2506795,0.73258555,0.0019704397,0.2694315,0.01764754,0.6398869,0.0081236595,0.23342319,8.480103E-4,0.29197732,0.014440009,0.5847269,0.0099576805
375316653866487564,5891377644645069696,0.65863854,2290.3531353896947,1.6389034100685782,2.5986242E-6,16.942656,0.005740123,0.22130771,0.001793616,0.04337426,0.0047045117,0.14247559,0.014557545,0.7210433,4.4790417E-4,0.04380255,0.0015882814,0.5360885,0.017451681,0.03212984,0.010377902,0.22130771,0.001793616,"TWOGAUSSIANS_WITH_ELLIPSOIDAL_ON_ECLIPSE1",9,7.2036667,0.7210433,4.3766774E-4,0.24529426,0.0088943755,0.60034794,0.017283773,0.22130771,0.001793616,0.24289584,0.026345266,0.20673513,0.0075282846
375316653866487564,5891377885145839616,0.5228921,2274.414495123766,2.1500955740733136,9.57608E-6,19.594133,0.019436177,0.17249279,0.0028975655,0.091893405,0.0066292635,0.4077984,0.019265814,0.66988546,0.0050046495,0.08802817,0.007605909,0.3991242,0.023156183,null,null,null,null,"TWOGAUSSIANS",8,1.5017694,0.17249279,0.0028975655,0.4,0.0,0.3914942,0.016260687,0.66988546,0.0050046495,0.4,0.0,0.38282022,0.021324268
375316653866487564,5891378400559323008,0.7201608,2287.7022455302,0.6046948709620058,3.0517842E-6,14.124696,0.0011220669,0.2366144,0.0032817158,0.027846059,0.0020164845,0.56596947,0.01992707,0.73671913,4.148239E-4,0.028110553,4.1612622E-4,0.46550262,0.005014448,0.01580584,0.0016024061,0.2366144,0.0032817158,"TWOGAUSSIANS_WITH_ELLIPSOIDAL_ON_ECLIPSE1",9,15.889995,0.2366144,0.0032817158,0.15593792,0.011292313,0.59758115,0.018808514,0.73671913,4.143151E-4,0.1574191,0.002330307,0.49711424,0.0046699257
375316653866487564,5891379293912284800,0.54744214,2290.075054319028,3.144550678910148,1.04627015E-5,18.220766,0.01625625,0.18554479,0.0027717827,0.040893238,0.009605861,0.2674056,0.05406896,0.67782193,0.006943482,0.04989451,0.008079517,0.3055403,0.03510738,0.1082292,0.021469612,0.18554479,0.0027717827,"TWOGAUSSIANS_WITH_ELLIPSOIDAL_ON_ECLIPSE1",9,11.093861,0.67876196,0.0059304624,0.27940926,0.045245294,0.5215498,0.023649022,0.18554479,0.0027717827,0.22900213,0.05379282,0.48386222,0.057963006
375316653866487564,5891379637492556672,0.49813345,2296.0931863191445,0.3829574514401047,1.9049806E-6,19.364754,0.005345141,0.21814202,0.018526705,0.010837273,0.009673771,0.23455477,0.64407784,0.7366083,1.1517333E-6,0.008401571,8.981473E-5,1.075852,0.008794176,null,null,null,null,"TWOGAUSSIANS",8,2.530893,0.7366083,1.1517333E-6,0.0470488,5.0296244E-4,1.075852,0.008794176,0.21814202,0.018526705,0.06068873,0.05417312,0.23455477,0.64407784
375316653866487564,5891379981107486464,0.6516581,2293.51715123033,2.106016893286268,2.871587E-6,16.07837,0.0022894815,0.24575092,7.8746316E-4,0.0818844,0.001110247,0.24970391,0.0026470185,0.7458789,0.001087093,0.0835094,0.0015425655,0.3384596,0.0035286953,null,null,null,null,"TWOGAUSSIANS",8,4.705243,0.7458789,0.001087093,0.4,0.0,0.33244634,0.0035512692,0.24575092,7.8746316E-4,0.4,0.0,0.24369065,0.0022622189
375316653866487564,5891380118528864256,0.46916673,2268.6703070188064,1.192909266853685,1.0719548E-6,19.88175,0.011845304,0.37046924,0.0091889715,0.048927173,0.009157908,0.16673122,0.017351255,0.8473169,3.964227E-6,0.0032636845,3.7568945E-5,1.9893475,0.01633972,null,null,null,null,"TWOGAUSSIANS",8,3.7374,0.8473169,3.964227E-6,0.018276634,2.1038609E-4,1.9893475,0.01633972,0.37046924,0.0091889715,0.27399215,0.051284287,0.16673122,0.017351255
375316653866487564,5891381183681202432,0.41529524,2336.677294595033,0.6614808522309982,5.9489044E-5,18.95564,0.0057184007,0.24066731,0.012716181,0.024963869,0.00935467,0.2385368,0.1312803,0.4438663,0.013357741,0.019872608,0.010220738,0.08144794,0.0650474,null,null,null,null,"TWOGAUSSIANS",8,5.31013,0.24066731,0.012716181,0.13979767,0.05238615,0.2385368,0.1312803,0.4438663,0.013357741,0.1112866,0.057236135,0.08144794,0.0650474
375316653866487564,5891381252417593856,0.5287465,2287.1177758826893,2.5877770299905496,1.3329378E-5,17.102385,0.04946684,0.2693614,0.002772441,0.122283995,0.0204253,0.19056879,0.047988147,0.7664969,0.0035558399,0.11479915,0.02177742,0.19264694,0.04719737,null,null,null,null,"TWOGAUSSIANS",8,6.8328233,0.7664969,0.0035558399,0.4,0.0,0.15235738,0.005161644,0.2693714,0.002779493,0.4,0.0,0.15021904,0.0072192443
375316653866487564,5891382175810042240,0.4630945,2311.2755982960043,1.5818272027668803,2.5044325E-5,18.211372,0.0050533065,0.2873943,0.005151843,0.054608654,0.01013065,0.08986085,0.01087449,0.76959175,0.017735422,0.07390929,0.023642806,0.04903238,0.008076866,null,null,null,null,"TWOGAUSSIANS",8,1.9788312,0.2873943,0.005151843,0.30580848,0.05673164,0.08982365,0.0109149935,0.76959175,0.017735422,0.4,0.06989847,0.048995174,0.008096765
375316653866487564,5891383210906770176,0.5274275,2286.2908378286465,3.3472880962034814,1.6561306E-5,17.538342,0.023699744,0.24780113,0.003127878,0.07677102,0.007057873,0.35963586,0.029738568,0.7508009,0.005292693,0.07582167,0.008292711,0.33845475,0.035473,null,null,null,null,"TWOGAUSSIANS",8,24.962805,0.24780113,0.003127878,0.4,0.0,0.35658616,0.028050607,0.7508009,0.005292693,0.4,0.0,0.33540505,0.03403898
375316653866487564,5891383417064021376,0.5627687,2271.1531291389433,2.332746281682723,8.193318E-6,19.240915,0.01009627,0.23214261,0.0033250828,0.03730052,0.012018751,0.1974286,0.042032454,0.73867124,0.02219095,0.040383626,0.01571116,0.21322155,0.039429117,0.15074414,0.014349961,0.23214261,0.0033250828,"TWOGAUSSIANS_WITH_ELLIPSOIDAL_ON_ECLIPSE1",9,1.5154085,0.73867124,0.02219095,0.2261483,0.0879825,0.5142025,0.03189803,0.23214261,0.0033250828,0.2088829,0.067305006,0.49891657,0.0468293
375316653866487564,5891383829397864832,0.4290923,2304.8591843626623,2.9012204018523557,3.6315243E-5,19.27489,0.06866258,0.31867623,0.017613662,0.050979212,0.013142127,0.35898358,0.097868845,0.8074137,0.056119617,0.076637775,0.089903384,0.15155609,0.054539137,null,null,null,null,"TWOGAUSSIANS",8,11.388117,0.31867623,0.017590685,0.28548357,0.07359591,0.35884812,0.09238537,0.8074137,0.056119617,0.4,0.025296023,0.15142065,0.039072327
375316653866487564,5891385444288989056,0.5761078,2299.7818111663178,2.594882827871479,6.073018E-6,17.027174,0.055898678,0.274963,0.0027857216,0.1308737,0.02233502,0.18377398,0.05484728,0.77572197,0.00171741,0.12796761,0.018986987,0.17936958,0.054161835,null,null,null,null,"TWOGAUSSIANS",8,1.7789326,0.274953,0.0028635734,0.4,0.0,0.12805505,0.004294291,0.7757319,0.0016986297,0.4,0.0,0.12372581,0.002878614
375316653866487564,5891386131500772608,0.59717447,2304.3751996686015,1.194666982045519,7.2319526E-6,17.134779,0.0016184243,0.29036683,0.0013079976,0.047060594,0.0014139904,0.25116768,0.0030575185,0.7939003,0.00554018,0.041786846,0.004591865,0.05527622,0.003462441,null,null,null,null,"TWOGAUSSIANS",8,2.8322804,0.29036683,0.0013079976,0.2635393,0.007918347,0.25116765,0.0030575187,0.7939003,0.00554018,0.23400633,0.025714444,0.055276193,0.0034624424
375316653866487564,5891386234579976320,0.47260958,2274.381838993269,2.565987132012812,2.8504219E-5,18.385935,0.010932101,0.34680024,0.0071388166,0.06893285,0.009546908,0.23756965,0.021361535,0.689751,0.05049074,0.09823192,0.04387186,0.03011059,0.015695808,null,null,null,null,"TWOGAUSSIANS",8,9.363881,0.34685022,0.0071384977,0.38602397,0.036292434,0.23757906,0.021427168,0.689751,0.05049074,0.4,0.052960623,0.030053033,0.015621619
375316653866487564,5891386337659199872,0.50739664,2260.8889179793828,0.7170659153350569,4.1949916E-5,17.86526,0.0037830563,0.23446336,0.019045554,0.016727034,0.007850912,0.023561224,0.020026507,0.74150306,0.0033221708,0.028299717,0.0027464102,0.2661116,0.021387424,0.014968461,0.005870589,0.23446336,0.019045554,"TWOGAUSSIANS_WITH_ELLIPSOIDAL_ON_ECLIPSE1",9,6.6105404,0.74150306,0.0033221708,0.15847842,0.015379897,0.29599,0.020819793,0.23446336,0.019045554,0.09367139,0.04396511,0.053498145,0.011862875
