Gaia/vari_eclipsing_binary/VariEclipsingBinary_677459-677475.csv
# %ECSV 1.0
# ---
# delimiter: ','
# meta: !!omap
# - RELEASE: Gaia DR3
# - TABLE: vari_eclipsing_binary
# - DESCRIPTION: >
#     This table describes the properties of the eclipsing binaries resulting from the variability analysis. 
# - CITATION: >
#     How to cite and acknowledge Gaia: 
#     https://gea.esac.esa.int/archive/documentation/credits.html 
# - KNOWN_ISSUES: >
#     Known issues: 
#     https://www.cosmos.esa.int/web/gaia-users/known-issues 
# - DOCUMENTATION: >
#     Tutorials and documentation: 
#     https://www.cosmos.esa.int/web/gaia-users/archive 
# datatype:
# - 
#   name: solution_id
#   datatype: int64
#   description: Solution Identifier
#   meta:
#     ucd: meta.version
# - 
#   name: source_id
#   datatype: int64
#   description: Unique source identifier
#   meta:
#     ucd: meta.id;meta.main
# - 
#   name: global_ranking
#   datatype: float32
#   description: Number between 0 (worst) and 1 (best)
#   meta:
#     ucd: stat.param
# - 
#   name: reference_time
#   datatype: float64
#   unit: d
#   description: Reference time used for the geometric model fit
#   meta:
#     ucd: time.epoch
# - 
#   name: frequency
#   datatype: float64
#   unit: d**-1
#   description: Frequency of geometric model of the eclipsing binary light curve
#   meta:
#     ucd: src.orbital
# - 
#   name: frequency_error
#   datatype: float32
#   unit: d**-1
#   description: "Uncertainty of \\texttt{frequency}"
#   meta:
#     ucd: stat.error
# - 
#   name: geom_model_reference_level
#   datatype: float32
#   unit: mag
#   description: Magnitude reference level of geometric model
#   meta:
#     ucd: phot.mag;em.opt
# - 
#   name: geom_model_reference_level_error
#   datatype: float32
#   unit: mag
#   description: "Uncertainty of \\texttt{geomModelReferenceLevel}"
#   meta:
#     ucd: stat.error;phot.mag;em.opt
# - 
#   name: geom_model_gaussian1_phase
#   datatype: float32
#   description: Phase of the Gaussian 1 component
#   meta:
#     ucd: time.phase
# - 
#   name: geom_model_gaussian1_phase_error
#   datatype: float32
#   description: "Uncertainty of \\texttt{geomModelGaussian1Phase}"
#   meta:
#     ucd: stat.error;time.phase
# - 
#   name: geom_model_gaussian1_sigma
#   datatype: float32
#   description: "Standard deviation [phase] of Gaussian 1 component"
#   meta:
#     ucd: stat.stdev
# - 
#   name: geom_model_gaussian1_sigma_error
#   datatype: float32
#   description: "Uncertainty of \\texttt{geomModelGaussian1Sigma}"
#   meta:
#     ucd: stat.error
# - 
#   name: geom_model_gaussian1_depth
#   datatype: float32
#   unit: mag
#   description: Magnitude depth of Gaussian 1 component
#   meta:
#     ucd: src.var.amplitude
# - 
#   name: geom_model_gaussian1_depth_error
#   datatype: float32
#   unit: mag
#   description: "Uncertainty of \\texttt{geomModelGaussian1Depth}"
#   meta:
#     ucd: stat.error;src.var.amplitude
# - 
#   name: geom_model_gaussian2_phase
#   datatype: float32
#   description: Phase of Gaussian 2 component
#   meta:
#     ucd: time.phase
# - 
#   name: geom_model_gaussian2_phase_error
#   datatype: float32
#   description: "Uncertainty of \\texttt{geomModelGaussian2Phase}"
#   meta:
#     ucd: stat.error;time.phase
# - 
#   name: geom_model_gaussian2_sigma
#   datatype: float32
[...]
#   datatype: float32
#   description: "Secondary eclipse: uncertainty of \\texttt{derivedSecondaryEclDuration}"
#   meta:
#     ucd: stat.error;time.duration
# - 
#   name: derived_secondary_ecl_depth
#   datatype: float32
#   unit: mag
#   description: "Secondary eclipse: depth"
#   meta:
#     ucd: src.var.amplitude
# - 
#   name: derived_secondary_ecl_depth_error
#   datatype: float32
#   unit: mag
#   description: "Secondary eclipse: uncertainty of \\texttt{derivedSecondaryEclDepth}"
#   meta:
#     ucd: stat.error;src.var.amplitude
solution_id,source_id,global_ranking,reference_time,frequency,frequency_error,geom_model_reference_level,geom_model_reference_level_error,geom_model_gaussian1_phase,geom_model_gaussian1_phase_error,geom_model_gaussian1_sigma,geom_model_gaussian1_sigma_error,geom_model_gaussian1_depth,geom_model_gaussian1_depth_error,geom_model_gaussian2_phase,geom_model_gaussian2_phase_error,geom_model_gaussian2_sigma,geom_model_gaussian2_sigma_error,geom_model_gaussian2_depth,geom_model_gaussian2_depth_error,geom_model_cosine_half_period_amplitude,geom_model_cosine_half_period_amplitude_error,geom_model_cosine_half_period_phase,geom_model_cosine_half_period_phase_error,model_type,num_model_parameters,reduced_chi2,derived_primary_ecl_phase,derived_primary_ecl_phase_error,derived_primary_ecl_duration,derived_primary_ecl_duration_error,derived_primary_ecl_depth,derived_primary_ecl_depth_error,derived_secondary_ecl_phase,derived_secondary_ecl_phase_error,derived_secondary_ecl_duration,derived_secondary_ecl_duration_error,derived_secondary_ecl_depth,derived_secondary_ecl_depth_error
375316653866487564,5958992490114071680,0.56282634,2299.9508843012627,2.511899496402786,1.9216477E-5,18.975143,0.01572252,0.24928078,0.009735946,0.10480469,0.009857693,0.23010302,0.021713885,0.7641856,0.007874778,0.077523336,0.00989499,0.33547068,0.027259378,null,null,null,null,"TWOGAUSSIANS",8,0.7997087,0.7641856,0.007873482,0.4,0.013402819,0.3256493,0.026540441,0.24928078,0.009735946,0.4,0.0,0.22027518,0.019003805
375316653866487564,5958992558896723456,0.52235395,2288.2266559603963,3.4041643803392874,1.9428711E-5,17.348213,0.059375755,0.11571486,0.0022945807,0.11829706,0.022242693,0.19872339,0.056555726,0.621911,0.008662085,0.12813231,0.046089195,0.18507607,0.042036273,null,null,null,null,"TWOGAUSSIANS",8,3.491677,0.115644865,0.002242522,0.4,0.0,0.1525376,0.0064310264,0.621951,0.008639451,0.4,0.0,0.13875818,0.049991123
375316653866487564,5958992730632391680,0.5189676,2266.0561352366562,2.2209160542109325,4.336165E-5,18.64777,0.012855269,0.24777932,0.015333533,0.07587126,0.015398345,0.26811558,0.029886931,0.7318981,0.003922534,0.08138233,0.010350324,0.25763842,0.023057163,null,null,null,null,"TWOGAUSSIANS",8,3.507429,0.24777932,0.015333533,0.4,0.0,0.26569927,0.03042802,0.7318981,0.003922534,0.4,0.0,0.25522208,0.023952456
375316653866487564,5958992730695523072,0.5655155,2287.167577644204,0.8593912429657701,8.509857E-5,17.474802,0.002795876,0.30338007,0.04058865,0.048266657,0.027782636,0.28464404,0.1882265,0.7862921,0.007881329,0.048387233,0.009313416,0.055884454,0.006320421,null,null,null,null,"TWOGAUSSIANS",8,2.5375993,0.30338007,0.04058865,0.27029327,0.14779551,0.2846439,0.1882547,0.7862921,0.007881329,0.2709685,0.052155126,0.0558843,0.0063197208
375316653866487564,5958993727064472576,0.49682948,2282.66410805506,3.214950051305271,2.5377652E-5,19.298271,0.018576182,0.16220717,0.004300304,0.080916844,0.00909708,0.40913042,0.04638831,0.67046654,0.0053891516,0.07441932,0.0050685476,0.3323062,0.023143416,null,null,null,null,"TWOGAUSSIANS",8,1.8199735,0.16220717,0.004300304,0.4,0.0,0.40562782,0.04837454,0.67046654,0.0053891516,0.4,0.0,0.3288036,0.020836607
375316653866487564,5958993761486820224,0.44896343,2252.114436622407,0.13521329056904652,1.3980076E-4,17.427761,0.012265344,0.27482975,0.016540634,0.061672326,0.010704001,0.19431366,0.046013765,0.8015271,0.016625293,0.05926073,0.013909944,0.14447463,0.03728487,null,null,null,null,"TWOGAUSSIANS",8,5.3529716,0.27482975,0.016540634,0.34536502,0.059942406,0.19428812,0.045996998,0.8015271,0.016625293,0.3318601,0.077895686,0.14444908,0.037285075
375316653866487564,5958993864502924288,0.5044296,2222.0357047628027,2.5107600605624762,4.3039814E-5,19.622017,0.014961389,0.22384973,0.008767029,0.09449728,0.011764028,0.2596009,0.016366802,0.768389,0.095910996,0.088923,0.0763474,0.18557362,417.97327,null,null,null,null,"TWOGAUSSIANS",8,1.13035,0.22384973,0.008767029,0.4,0.0,0.25423023,0.009778118,0.76839894,0.09590533,0.4,0.3010339,0.18020494,417.9772
375316653866487564,5958993967579863680,0.5611208,2224.773043795873,2.0249634300768706,1.7424565E-5,19.392145,0.023194985,0.24854366,0.008382452,0.06933046,0.007214228,0.66221386,0.029336689,0.73600394,0.01767146,0.06021867,0.03163756,0.31740257,0.037003357,null,null,null,null,"TWOGAUSSIANS",8,3.6181889,0.24854366,0.008382452,0.3882506,0.024754971,0.6618404,0.02670953,0.73600394,0.01767146,0.33722454,0.063608035,0.3170291,0.04310662
375316653866487564,5958994517337857024,0.58468026,2213.108939105547,3.74832932798245,3.236422E-5,19.405651,0.015515716,0.2447642,0.01196667,0.072406046,0.01164287,0.62261534,0.03458685,0.7325856,0.007554207,0.087246776,0.03266355,0.48711878,3.5267801,null,null,null,null,"TWOGAUSSIANS",8,1.9719944,0.2447642,0.01196667,0.4,0.04915883,0.6163164,0.034528095,0.7325856,0.007554207,0.4,0.09725949,0.4808197,3.5323234
375316653866487564,5958994551697545856,0.4757031,2272.2125600261415,0.3474776821269181,3.1561827E-5,19.27204,0.06898954,0.22095394,0.0041620447,0.08080555,0.014275296,0.25462577,0.0689123,0.74375254,0.07177284,0.10223118,0.07743496,0.12891798,0.067071006,null,null,null,null,"TWOGAUSSIANS",8,3.221495,0.22095394,0.0039257463,0.4,0.0,0.2488583,0.04212472,0.74375254,0.0717821,0.4,0.0,0.123147845,0.04667987
375316653866487564,5958995582486732800,0.5991528,2212.4623877164954,3.4272160913071,1.569064E-5,19.301067,0.019727789,0.23572697,0.0060688825,0.0696101,0.0053118914,0.6734638,0.041075267,0.7566407,0.013349454,0.05804863,0.01879416,0.81817454,0.07224227,null,null,null,null,"TWOGAUSSIANS",8,2.5827088,0.7566407,0.013349454,0.32507232,0.08071729,0.81781983,0.072819,0.23572697,0.0060688825,0.38981652,0.02146302,0.67310905,0.040216517
375316653866487564,5958995857367293952,0.48118195,2272.544015378241,0.9882040431268782,7.7129844E-5,19.740261,0.05574667,0.3074688,0.036683302,0.07696125,0.055737566,0.28837076,0.64276546,0.83414227,0.008420133,0.058581576,0.018558769,0.3075385,0.037821807,null,null,null,null,"TWOGAUSSIANS",8,2.4967504,0.83414227,0.008420133,0.3280568,0.10392911,0.30722943,0.03655637,0.3074688,0.036683302,0.4,0.18329082,0.28806168,0.6439131
375316653866487564,5958995887431234176,0.60342306,2268.3815472689093,2.074150581694196,3.7444643E-6,18.249449,0.032876655,0.2085841,6.184313E-4,0.08856734,0.0060513215,0.41059396,0.030431163,0.7072337,0.0026909497,0.094990954,0.010591986,0.37155986,0.029940685,null,null,null,null,"TWOGAUSSIANS",8,1.4428326,0.2085841,6.184313E-4,0.4,0.0,0.3919046,0.015062564,0.7072337,0.0026909497,0.4,0.0,0.3528699,0.017228846
375316653866487564,5958995994806371200,0.5827005,2267.66635131935,2.3322426443942956,2.0598522E-5,19.095854,0.023686701,0.29450902,0.01405815,0.08491863,0.026544323,0.42875582,0.15856484,0.79399335,0.0060131126,0.07770389,0.0063270694,0.43710503,0.029938009,null,null,null,null,"TWOGAUSSIANS",8,1.6391829,0.79399335,0.0060131126,0.4,0.0,0.4295229,0.024188625,0.29450902,0.01405815,0.4,0.0,0.42117366,0.16865394
375316653866487564,5958996093591934848,0.5582437,2262.2404494529233,3.103277112771856,2.3041603E-5,18.047678,0.021055976,0.3367293,0.002826942,0.066816166,0.0043971413,0.46359566,0.0266571,0.8432007,0.0031497441,0.06532636,0.007154904,0.33989736,0.031047743,null,null,null,null,"TWOGAUSSIANS",8,6.7940083,0.3367293,0.002826942,0.3741705,0.024623992,0.4630825,0.026238443,0.8432007,0.0031497441,0.36582765,0.04006746,0.33938417,0.030944256
375316653866487564,5958996201028843008,0.5980952,2278.676751635403,2.530456494170659,7.2404428E-6,17.157948,0.048319623,0.25576997,0.0034876836,0.10950986,0.012651727,0.3349899,0.04551394,0.73952967,0.0050587114,0.11537226,0.017546972,0.31565827,0.045162093,null,null,null,null,"TWOGAUSSIANS",8,4.9003887,0.25580996,0.0035065033,0.4,0.0,0.2884731,0.010560496,0.73952967,0.0050587114,0.4,0.0,0.26910365,0.009098829
375316653866487564,5958996613281340544,0.5689565,2307.430006696007,1.3269609627534227,7.8592544E-5,19.317259,0.0068007815,0.29444253,0.01682937,0.06798802,0.03397858,0.47015035,58929.01,0.6694842,0.010648542,0.087552026,0.023546798,0.0791698,0.018167987,null,null,null,null,"TWOGAUSSIANS",8,0.31350017,0.29444253,0.016821848,0.38073295,0.19028006,0.4700552,58929.01,0.6694842,0.010648542,0.4,0.0,0.07906657,0.018337175
375316653866487564,5958996888223036416,0.6167524,2221.6995763635255,0.9529586580474668,8.0380836E-5,16.992006,0.0031848634,0.23766835,0.006589469,0.047254242,0.011409576,0.07665805,0.03034858,0.7334249,0.0025334307,0.047260962,0.0020118586,0.3717105,0.006279171,null,null,null,null,"TWOGAUSSIANS",8,5.107949,0.7334249,0.0025334307,0.2646614,0.011266408,0.37171027,0.0062791407,0.23766835,0.006589469,0.26462376,0.06389362,0.07665783,0.030348826
375316653866487564,5958996986972011776,0.5061947,2249.388468611,1.7269492004118,2.6779913E-5,18.779049,0.011787902,0.22267193,0.002693931,0.055819713,0.0043788226,0.43955308,0.02005797,0.7101857,0.018046306,0.08132576,0.019649284,0.21079445,0.01839774,null,null,null,null,"TWOGAUSSIANS",8,4.906148,0.22267193,0.002693931,0.3125904,0.024521409,0.43903995,0.019988663,0.7101857,0.018046306,0.4,0.025955738,0.2102813,0.01837474
375316653866487564,5958997158747606016,0.5151231,2291.2795574820275,1.226426202407095,5.143393E-5,17.980944,0.004974174,0.20417762,0.042792447,0.06544544,0.036086753,0.1036549,0.055924855,0.69868827,0.008613268,0.08427676,0.008873114,0.17055704,0.0076910155,null,null,null,null,"TWOGAUSSIANS",8,3.7982504,0.69868827,0.008613268,0.4,0.0,0.16964619,0.0075384416,0.20417762,0.042792447,0.36649445,0.19846073,0.102744065,0.056813058
375316653866487564,5958997330544744448,0.4832975,2276.483782636353,2.470867243271345,5.1818814E-5,17.63769,0.056210376,0.3228814,0.012124531,0.071023844,0.021591317,0.22461502,0.069330856,0.7625246,0.007335912,0.11851854,0.04849919,0.24366082,0.024503093,null,null,null,null,"TWOGAUSSIANS",8,15.688805,0.7625246,0.007335912,0.4,0.0,0.23788328,0.020951163,0.3230514,0.012072713,0.3977335,0.10896161,0.21909204,0.06718724
375316653866487564,5958997850232398080,0.5619338,2295.3236494359235,1.1148445380702994,8.132291E-5,18.179598,0.0055643157,0.2308548,0.028940676,0.043902416,0.035156075,0.119157255,24903.938,0.6581778,0.008714289,0.024453571,0.011835228,0.42888287,0.08385269,null,null,null,null,"TWOGAUSSIANS",8,3.2835057,0.6581778,0.008714289,0.13694,0.06627727,0.42888287,0.08385269,0.2308548,0.028940676,0.24585353,0.19687401,0.119157255,24903.938
375316653866487564,5958998193828037632,0.54328084,2255.325560031696,1.7370354989808643,7.824243E-6,18.835794,0.007200473,0.26281863,0.012844705,0.04767965,0.027584178,0.21755826,0.041260965,0.77620125,0.0013085923,0.056293547,0.002882723,0.62762636,0.050423484,null,null,null,null,"TWOGAUSSIANS",8,2.781674,0.77620125,0.0013085923,0.31524387,0.01614325,0.6276225,0.050424136,0.26281863,0.012844705,0.26700604,0.13290024,0.21755438,0.041406605
375316653866487564,5958999602578688384,0.47181705,2273.8333380711147,0.6139101110523594,1.1363607E-4,19.764729,0.013281085,0.2136962,0.03791221,0.02264961,0.041695677,3.179511,19.944696,0.72630143,0.0078995805,0.040082242,0.037149984,0.20825875,0.063840464,null,null,null,null,"TWOGAUSSIANS",8,1.7356467,0.2136962,0.03791221,0.12683782,0.23349579,3.179511,19.944696,0.72630143,0.0078995805,0.22446056,0.16933009,0.20825875,0.063841246
375316653866487564,5958999632679729536,0.5474438,2268.7926344224747,1.4170201023813092,2.3507935E-5,18.516634,0.0124013955,0.23637325,0.0028648481,0.07721023,0.007861716,0.20647019,0.0115645155,0.74249774,0.007781628,0.08969949,0.009316891,0.21997161,0.016672628,null,null,null,null,"TWOGAUSSIANS",8,1.8330781,0.74249774,0.007781628,0.4,0.0,0.21567851,0.015734551,0.23637325,0.0028648481,0.4,0.0,0.20217717,0.010410301
375316653866487564,5958999740081703296,0.499704,2275.2605249910857,1.6152783065840461,3.0384408E-4,14.170351,0.18173257,0.36613047,0.015004245,0.27526754,0.23819329,0.100259855,0.17565541,0.86243504,0.08943283,0.07291847,0.063138306,0.21466061,43.035362,null,null,null,null,"TWOGAUSSIANS",8,123.13757,0.86243504,0.0894295,0.4,0.34175417,0.18955956,43.058395,0.36613047,0.015004245,0.4,0.0,0.036901824,0.01275257
375316653866487564,5958999976277129088,0.50750697,2291.3470584030047,1.5876800988092163,1.6408958E-5,18.762424,0.012744504,0.18154305,0.013675226,0.0833231,0.01107463,0.2993673,0.022539513,0.6849478,0.0023639328,0.081927955,0.0042090807,0.41472036,0.0144328,null,null,null,null,"TWOGAUSSIANS",8,1.7945482,0.6849478,0.0023639328,0.4,0.0,0.4079357,0.0130681945,0.18154305,0.013675226,0.4,0.0,0.29258266,0.019860981
375316653866487564,5959000289838112896,0.6491585,2325.1397512239146,2.1813064163039484,8.267599E-6,17.610504,0.006245629,0.26840553,0.002895445,0.07891826,0.002963902,0.3911341,0.010018192,0.77251434,7.881153E-4,0.07768307,0.0020503406,0.39768696,0.0070074033,null,null,null,null,"TWOGAUSSIANS",8,1.517341,0.77251434,7.881153E-4,0.4,0.0,0.39325246,0.0067916764,0.26840553,0.002895445,0.4,0.0,0.38669962,0.009798856
375316653866487564,5959000354202416384,0.539306,2355.503279036924,0.015381224687345277,1.6397532E-4,16.020662,0.014054942,0.64854693,0.022441272,0.03796527,0.06558447,1.1677041,1.0288767,null,null,null,null,null,null,null,null,null,null,"ONEGAUSSIAN",5,171.4601,0.64854693,0.022441272,0.21260552,0.1797702,1.1677041,0.0,null,null,null,null,null,null
375316653866487564,5959001007037584128,0.5278098,2322.7681739909913,2.7466439236303737,2.2662938E-5,18.070652,0.012113193,0.25320584,0.0040624584,0.08571563,0.0054738554,0.24737084,0.012919622,0.7492477,0.013200814,0.07993603,0.008922217,0.23968545,0.026410619,null,null,null,null,"TWOGAUSSIANS",8,4.564815,0.25320584,0.0040624584,0.4,0.0,0.24260986,0.0103473505,0.7492477,0.013200814,0.4,0.0,0.23492448,0.023897668
375316653866487564,5959001251853676160,0.5779593,2244.423235970089,1.6698379789495386,1.21711355E-5,17.850454,0.0042810137,0.30962992,0.0017150267,0.061547082,0.0020733408,0.2992753,0.006477106,0.8488365,0.036529165,0.04453294,0.029101526,0.1452021,0.044535212,null,null,null,null,"TWOGAUSSIANS",8,2.3881254,0.30962992,0.0017150267,0.34466368,0.011610708,0.29927424,0.0064231614,0.8488365,0.036529165,0.24938446,0.16026248,0.14520104,0.04477742
375316653866487564,5959002072186236288,0.47631693,2258.867078069581,0.7757786901941417,3.240897E-5,17.635145,0.004469671,0.16509439,0.030333553,0.035025094,0.014991512,0.18265314,0.08294092,0.70853806,0.022171237,0.08548328,0.012319992,0.07263938,0.021021524,null,null,null,null,"TWOGAUSSIANS",8,5.3898787,0.16509439,0.030333553,0.19614053,0.083952464,0.18264665,0.08280552,0.70853806,0.022171237,0.4,0.0,0.072632834,0.021010099
375316653866487564,5959002347064115200,0.50325793,2261.6852358341093,2.5512267239980924,2.1758802E-5,16.641665,0.119616374,0.31277612,0.010248939,0.040846977,0.043786712,0.15701903,0.21943425,0.7885331,0.02206954,0.06936937,0.027497662,0.10685014,0.23317817,0.11435906,0.11508206,0.31277612,0.010248939,"TWOGAUSSIANS_WITH_ELLIPSOIDAL_ON_ECLIPSE1",9,52.090008,0.31277612,0.010248939,0.22874306,0.18172307,0.38569397,0.026330195,0.7994531,0.008991828,0.38846847,0.05460182,0.3326103,0.021111382
375316653866487564,5959002381429009024,0.51217943,2262.9650985037456,1.7990939579027525,4.6859745E-6,18.160513,0.0060820472,0.46998376,0.019752875,0.13517961,0.03050645,0.16073121,0.01685416,0.85407966,0.017919486,0.013599843,0.0096642645,0.17157474,1.722555,null,null,null,null,"TWOGAUSSIANS",8,2.833207,0.85407966,0.017919486,0.07615912,0.05411988,0.17407371,1.7222778,0.46998376,0.019752875,0.4,0.0,0.16038738,0.01714846
375316653866487564,5959002626243758720,0.48729193,2281.0212528172096,0.6722077375182373,2.8779681E-5,19.433344,0.007151145,0.057798523,0.0010508574,0.015761789,0.002872875,0.07115875,0.03797616,0.6519197,3.6642957E-4,0.03677913,0.0012092863,0.71179783,0.020912878,null,null,null,null,"TWOGAUSSIANS",8,2.9266725,0.6519197,3.6642957E-4,0.20596313,0.006772003,0.71179783,0.020912878,0.057798523,0.0010508574,0.08826602,0.016088098,0.07115875,0.03797616
375316653866487564,5959003072920561664,0.46821618,2270.375566354414,2.585854639135219,3.814793E-5,19.372103,0.019221343,0.28877294,0.012515119,0.084894344,0.019265218,0.18161453,0.026827656,0.7954227,0.011132292,0.06856506,0.019281749,0.23996288,0.015198511,null,null,null,null,"TWOGAUSSIANS",8,1.90713,0.7954227,0.011132292,0.38396436,0.045277268,0.2382107,0.016176509,0.28877294,0.012515119,0.4,0.0,0.17986232,0.025706977
375316653866487564,5959003244719546880,0.45359075,2276.129657387547,1.7392498475746008,1.385364E-5,18.492748,0.020990716,0.32225132,0.017195038,0.06906678,0.017175809,0.11975666,0.04056242,0.75901634,0.0029012843,0.045839157,0.0064397235,0.24246825,0.03265724,null,null,null,null,"TWOGAUSSIANS",8,4.0801487,0.75901634,0.0029012843,0.25669926,0.036062453,0.24246638,0.03265843,0.32225132,0.017195038,0.38677394,0.092191964,0.119754784,0.040562727
