Gaia/vari_eclipsing_binary/VariEclipsingBinary_679474-679500.csv
# %ECSV 1.0
# ---
# delimiter: ','
# meta: !!omap
# - RELEASE: Gaia DR3
# - TABLE: vari_eclipsing_binary
# - DESCRIPTION: >
#     This table describes the properties of the eclipsing binaries resulting from the variability analysis. 
# - CITATION: >
#     How to cite and acknowledge Gaia: 
#     https://gea.esac.esa.int/archive/documentation/credits.html 
# - KNOWN_ISSUES: >
#     Known issues: 
#     https://www.cosmos.esa.int/web/gaia-users/known-issues 
# - DOCUMENTATION: >
#     Tutorials and documentation: 
#     https://www.cosmos.esa.int/web/gaia-users/archive 
# datatype:
# - 
#   name: solution_id
#   datatype: int64
#   description: Solution Identifier
#   meta:
#     ucd: meta.version
# - 
#   name: source_id
#   datatype: int64
#   description: Unique source identifier
#   meta:
#     ucd: meta.id;meta.main
# - 
#   name: global_ranking
#   datatype: float32
#   description: Number between 0 (worst) and 1 (best)
#   meta:
#     ucd: stat.param
# - 
#   name: reference_time
#   datatype: float64
#   unit: d
#   description: Reference time used for the geometric model fit
#   meta:
#     ucd: time.epoch
# - 
#   name: frequency
#   datatype: float64
#   unit: d**-1
#   description: Frequency of geometric model of the eclipsing binary light curve
#   meta:
#     ucd: src.orbital
# - 
#   name: frequency_error
#   datatype: float32
#   unit: d**-1
#   description: "Uncertainty of \\texttt{frequency}"
#   meta:
#     ucd: stat.error
# - 
#   name: geom_model_reference_level
#   datatype: float32
#   unit: mag
#   description: Magnitude reference level of geometric model
#   meta:
#     ucd: phot.mag;em.opt
# - 
#   name: geom_model_reference_level_error
#   datatype: float32
#   unit: mag
#   description: "Uncertainty of \\texttt{geomModelReferenceLevel}"
#   meta:
#     ucd: stat.error;phot.mag;em.opt
# - 
#   name: geom_model_gaussian1_phase
#   datatype: float32
#   description: Phase of the Gaussian 1 component
#   meta:
#     ucd: time.phase
# - 
#   name: geom_model_gaussian1_phase_error
#   datatype: float32
#   description: "Uncertainty of \\texttt{geomModelGaussian1Phase}"
#   meta:
#     ucd: stat.error;time.phase
# - 
#   name: geom_model_gaussian1_sigma
#   datatype: float32
#   description: "Standard deviation [phase] of Gaussian 1 component"
#   meta:
#     ucd: stat.stdev
# - 
#   name: geom_model_gaussian1_sigma_error
#   datatype: float32
#   description: "Uncertainty of \\texttt{geomModelGaussian1Sigma}"
#   meta:
#     ucd: stat.error
# - 
#   name: geom_model_gaussian1_depth
#   datatype: float32
#   unit: mag
#   description: Magnitude depth of Gaussian 1 component
#   meta:
#     ucd: src.var.amplitude
# - 
#   name: geom_model_gaussian1_depth_error
#   datatype: float32
#   unit: mag
#   description: "Uncertainty of \\texttt{geomModelGaussian1Depth}"
#   meta:
#     ucd: stat.error;src.var.amplitude
# - 
#   name: geom_model_gaussian2_phase
#   datatype: float32
#   description: Phase of Gaussian 2 component
#   meta:
#     ucd: time.phase
# - 
#   name: geom_model_gaussian2_phase_error
#   datatype: float32
#   description: "Uncertainty of \\texttt{geomModelGaussian2Phase}"
#   meta:
#     ucd: stat.error;time.phase
# - 
#   name: geom_model_gaussian2_sigma
#   datatype: float32
[...]
#   datatype: float32
#   description: "Secondary eclipse: uncertainty of \\texttt{derivedSecondaryEclDuration}"
#   meta:
#     ucd: stat.error;time.duration
# - 
#   name: derived_secondary_ecl_depth
#   datatype: float32
#   unit: mag
#   description: "Secondary eclipse: depth"
#   meta:
#     ucd: src.var.amplitude
# - 
#   name: derived_secondary_ecl_depth_error
#   datatype: float32
#   unit: mag
#   description: "Secondary eclipse: uncertainty of \\texttt{derivedSecondaryEclDepth}"
#   meta:
#     ucd: stat.error;src.var.amplitude
solution_id,source_id,global_ranking,reference_time,frequency,frequency_error,geom_model_reference_level,geom_model_reference_level_error,geom_model_gaussian1_phase,geom_model_gaussian1_phase_error,geom_model_gaussian1_sigma,geom_model_gaussian1_sigma_error,geom_model_gaussian1_depth,geom_model_gaussian1_depth_error,geom_model_gaussian2_phase,geom_model_gaussian2_phase_error,geom_model_gaussian2_sigma,geom_model_gaussian2_sigma_error,geom_model_gaussian2_depth,geom_model_gaussian2_depth_error,geom_model_cosine_half_period_amplitude,geom_model_cosine_half_period_amplitude_error,geom_model_cosine_half_period_phase,geom_model_cosine_half_period_phase_error,model_type,num_model_parameters,reduced_chi2,derived_primary_ecl_phase,derived_primary_ecl_phase_error,derived_primary_ecl_duration,derived_primary_ecl_duration_error,derived_primary_ecl_depth,derived_primary_ecl_depth_error,derived_secondary_ecl_phase,derived_secondary_ecl_phase_error,derived_secondary_ecl_duration,derived_secondary_ecl_duration_error,derived_secondary_ecl_depth,derived_secondary_ecl_depth_error
[from data line 220]
375316653866487564,5976816771888805888,0.4623041,2265.297276514209,2.3358050486204034,4.9547085E-5,18.557251,0.007667213,0.22527564,0.011891148,0.0319949,0.018801639,0.021908117,0.025682589,0.7016478,0.103018805,0.048893068,0.14133897,0.073981285,0.046876684,0.034492142,0.021769907,0.22527564,0.011891148,"TWOGAUSSIANS_WITH_ELLIPSOIDAL_ON_ECLIPSE1",9,4.2801347,0.7051578,0.09954216,0.27380118,0.13261953,0.14167854,0.040819097,0.22527564,0.013155838,0.17917144,0.105289176,0.09089215,0.017700193
375316653866487564,5976816840608885120,0.5422077,2261.570046352502,2.5241407935595888,2.5159019E-5,17.647694,0.009617814,0.24096097,0.004234478,0.100799255,0.008577869,0.23184599,0.010098219,0.7498079,0.005847834,0.085097484,0.008403565,0.22156805,0.011479829,null,null,null,null,"TWOGAUSSIANS",8,7.9953218,0.24096097,0.004234478,0.4,0.0,0.22116663,0.009017065,0.7498079,0.005847834,0.4,0.0,0.21089095,0.010035725
375316653866487564,5976817051104966400,0.5184042,2265.0938844620823,2.1976293442722254,2.0306965E-5,18.954098,0.026063075,0.13859373,0.005641376,0.096916765,0.011485701,0.27426848,0.028250324,0.64366835,0.004465795,0.10773124,0.010539918,0.29819524,0.024989229,null,null,null,null,"TWOGAUSSIANS",8,2.89649,0.64366835,0.004465795,0.4,0.0,0.27096605,0.010668921,0.13859373,0.005644632,0.4,0.0,0.24705115,0.020909669
375316653866487564,5976817360342569472,0.49830607,2290.358490971687,0.7691603147162698,4.089959E-5,16.184898,0.001376085,0.2955588,0.0051356438,0.09968128,0.005930995,0.07101197,0.004098735,0.79815686,0.1003251,0.027719442,0.018620638,0.025706919,0.054866735,null,null,null,null,"TWOGAUSSIANS",8,4.070657,0.2955588,0.0051356438,0.4,0.0,0.07097185,0.004122587,0.79815686,0.10042617,0.15522888,0.10427558,0.025667293,0.05487849
375316653866487564,5976817738299724928,0.67401415,2282.52005513047,1.003131450665734,2.7999774E-6,13.660827,0.0063860174,0.2583145,8.4076775E-4,0.056827515,0.0028949222,0.1857024,0.01330415,0.7558997,0.0019805767,0.071043946,0.0039155795,0.16290224,0.012545135,0.09304528,0.007234059,0.2583145,8.4076775E-4,"TWOGAUSSIANS_WITH_ELLIPSOIDAL_ON_ECLIPSE1",9,50.3438,0.2583145,8.4076775E-4,0.3182341,0.016211564,0.37149158,0.0022785054,0.75665975,0.0012657512,0.39784607,0.0152383745,0.34866196,0.0054064533
375316653866487564,5976818391134775552,0.56858605,2296.035422233347,0.2187270694713439,1.0842001E-6,12.509317,0.005258343,0.7499182,2.638927E-5,0.015935851,7.1474824E-5,0.6720361,0.0011912918,0.61109215,0.019507933,0.36640972,0.0055305907,0.085938945,0.005347522,null,null,null,null,"TWOGAUSSIANS",8,473.73315,0.7498982,2.638927E-5,0.089240775,4.00259E-4,0.69035566,0.0013817104,0.61109215,0.019507933,0.4,0.0,0.022303818,0.0020187984
375316653866487564,5976818940876480256,0.469837,2266.849978395228,2.147818040781674,4.3734217E-5,19.613737,0.009669986,0.24032675,0.0058959024,0.07668198,0.007011737,0.19294752,0.017684087,0.7411262,0.008872476,0.078231014,0.015756443,0.1864519,0.045481127,null,null,null,null,"TWOGAUSSIANS",8,1.8508692,0.24032675,0.0058959024,0.4,0.0,0.1909076,0.017194198,0.7411262,0.008872476,0.4,0.033879068,0.18441197,0.04667691
375316653866487564,5976818970912888576,0.5427673,2279.2970949874657,0.26514150811542564,1.0842E-6,18.526545,0.0036644447,0.25400338,1.2535683E-4,0.005800114,6.3659425E-4,1.7356673,0.69946295,0.42662874,0.041353937,0.027356118,0.013409801,0.5138729,0.7083765,0.019183038,0.0048706834,0.25400338,1.2535683E-4,"TWOGAUSSIANS_WITH_ELLIPSOIDAL_ON_ECLIPSE1",9,5.99016,0.25400338,1.2535683E-4,0.03248064,0.003564928,1.7740334,0.70000356,0.42662874,0.041353937,0.15319426,0.075094886,0.5222485,0.70245725
375316653866487564,5976819318847802752,0.5310631,2311.069507464131,1.7311906447107221,1.2289926E-5,18.117378,0.009294485,0.28726497,0.0026961989,0.08970799,0.006432311,0.16068237,0.008790181,0.78717077,0.006473899,0.10227245,0.013487073,0.10875539,0.008803537,null,null,null,null,"TWOGAUSSIANS",8,1.6594017,0.28726497,0.0026961989,0.4,0.0,0.15197861,0.005563986,0.78717077,0.006473899,0.4,0.0,0.10005028,0.008754804
375316653866487564,5976819868589100416,0.5132342,2259.4216420092494,2.910729565294439,1.907833E-5,19.060589,0.018486306,0.22797625,0.003946564,0.09437663,0.008533251,0.33857447,0.018184116,0.72581583,0.0063870386,0.07746055,0.010844458,0.3894054,0.051773872,null,null,null,null,"TWOGAUSSIANS",8,3.7022355,0.72581583,0.0063870386,0.4,0.0,0.37938848,0.056532625,0.22797625,0.003946564,0.4,0.0,0.328557,0.016364176
375316653866487564,5976820761942761088,0.63612455,2267.2371657987755,0.26129472726655467,2.8184481E-6,18.186518,0.003372764,0.22019799,0.008252699,0.032927442,0.005547784,0.11208846,0.03008937,0.71969783,7.568219E-4,0.028365143,5.9569895E-4,1.0423822,0.016840238,null,null,null,null,"TWOGAUSSIANS",8,3.784792,0.71969783,7.568219E-4,0.1588448,0.003335914,1.0423822,0.016840238,0.22019799,0.008252699,0.18439367,0.03106759,0.11208846,0.03008937
375316653866487564,5976820796305316096,0.4612731,2282.0511149612503,0.20483525118764123,1.1139108E-5,17.060486,0.0020857633,0.3751351,0.014744586,0.037012048,0.015515832,0.025572978,0.010831374,0.8800208,9.6310675E-4,0.012121872,0.0015760919,0.067417346,0.006322456,null,null,null,null,"TWOGAUSSIANS",8,4.2945323,0.8800208,9.6310675E-4,0.067882486,0.008826114,0.067417346,0.006322456,0.3751351,0.014744586,0.20726748,0.086888656,0.025572978,0.010831374
375316653866487564,5976821208619497088,0.46049026,2244.697101993338,2.6956094182976194,4.9889262E-5,19.711294,0.06859885,0.21630444,0.01453624,0.09590058,0.029285677,0.33081555,0.063226506,0.72557825,0.012911493,0.06724446,0.023669632,0.5006797,0.088734776,null,null,null,null,"TWOGAUSSIANS",8,7.4075522,0.72557825,0.012911493,0.376569,0.07823555,0.4948106,0.090737134,0.21630444,0.01453624,0.4,0.0,0.3249455,0.044717815
375316653866487564,5976821341748247296,0.5069467,2259.093528951752,2.5148989342177757,2.1171825E-5,19.086195,0.036981754,0.23350145,0.0046341037,0.09462089,0.013953397,0.31629297,0.029038021,0.73928756,0.0064998404,0.12321466,0.02362675,0.19227621,0.034220032,null,null,null,null,"TWOGAUSSIANS",8,1.6293572,0.23348145,0.004661958,0.4,0.0,0.28495088,0.025389155,0.73928756,0.0064998404,0.4,0.0,0.16083081,0.0087243095
375316653866487564,5976821380418267264,0.524242,2266.6298807293224,1.6990291670028683,1.6206597E-5,19.310175,0.014379365,0.22361298,0.0034800007,0.08632777,0.0060732514,0.3326038,0.014247256,0.7239192,0.005661852,0.08530031,0.007915171,0.3150523,0.033538025,null,null,null,null,"TWOGAUSSIANS",8,1.7544198,0.22361298,0.0034800007,0.4,0.0,0.3233555,0.011701396,0.7239192,0.005661852,0.4,0.0,0.305804,0.034561023
375316653866487564,5976821449137793280,0.51798123,2264.6438810449076,1.921015111973378,1.2879852E-5,18.920998,0.024091614,0.22572654,0.0073160976,0.041539088,0.00644412,0.22505812,0.07377662,0.724803,0.0026058669,0.048059836,0.0059285085,0.5754295,0.049185563,0.08907519,0.035064522,0.22572654,0.0073160976,"TWOGAUSSIANS_WITH_ELLIPSOIDAL_ON_ECLIPSE1",9,15.201152,0.7248529,0.0024257533,0.2691351,0.033199646,0.75357306,0.04984092,0.22572654,0.0073160976,0.2326189,0.03608707,0.4032074,0.03511567
375316653866487564,5976821449137823616,0.4282412,2268.5643841741858,2.407882326964801,2.7304273E-5,17.603241,0.0060141487,0.3049784,0.025236823,0.08024547,0.02855832,0.038176063,0.03356798,0.7317358,0.005292828,0.046509046,0.008676066,0.1032075,0.007400684,null,null,null,null,"TWOGAUSSIANS",8,14.297749,0.7317358,0.005292828,0.26045066,0.04858597,0.103203736,0.0073979404,0.3049784,0.025236823,0.4,0.09041601,0.038172275,0.03357034
375316653866487564,5976821724029555456,0.5737492,2253.2467308274845,1.4356101972777906,1.5839349E-5,15.8705845,0.3510996,0.18514416,0.0038833912,0.23952778,0.10744064,0.46895555,0.34523356,0.68102056,0.003584996,0.15589538,0.035630547,0.40925452,0.24154457,null,null,null,null,"TWOGAUSSIANS",8,3.719324,0.68102056,0.003584996,0.4,0.0,0.13158116,0.0034594347,0.18634416,0.0032478697,0.4,0.0,0.09002165,0.003682948
375316653866487564,5976821758375367936,0.5100822,2243.62734189437,3.2086676101032396,3.0957042E-5,19.153616,0.02207998,0.28488252,0.003427627,0.06955669,0.0062306426,0.4363404,0.020400645,0.7848154,0.007023267,0.0823242,0.012599053,0.35082093,0.025897179,null,null,null,null,"TWOGAUSSIANS",8,4.6573195,0.28488252,0.003427627,0.38951746,0.03325665,0.4329272,0.018019378,0.7848154,0.007023267,0.4,0.0,0.34740773,0.026096307
375316653866487564,5976822273771300992,0.46563888,2247.416482932326,3.4269418471632975,3.025212E-5,18.15549,0.059182394,0.3236304,0.008405926,0.11839856,0.029469093,0.19416048,0.056576714,0.80876297,0.008283213,0.104353614,0.024446022,0.21422519,0.05471714,null,null,null,null,"TWOGAUSSIANS",8,8.755912,0.80876297,0.008283213,0.4,0.0,0.18625504,0.02569023,0.32364038,0.008406226,0.4,0.0,0.1661367,0.020293327
375316653866487564,5976823162804140416,0.5853553,2263.7965305193397,0.5059416205241657,1.9296638E-5,18.80546,0.0034474367,0.20464186,0.0063340245,0.008461531,0.005841677,0.6352933,0.123969845,0.7271686,0.012822612,0.01570443,0.0114726275,0.11330569,0.0058291294,0.03351956,0.004696111,0.20464186,0.0063340245,"TWOGAUSSIANS_WITH_ELLIPSOIDAL_ON_ECLIPSE1",9,2.0902503,0.20464186,0.0063340245,0.04738457,0.032713395,0.7023323,0.124367125,0.7271686,0.012822612,0.08794481,0.064246714,0.17901063,0.0064053796
375316653866487564,5976824816407208960,0.64549124,2281.2338300334195,1.8494565032238055,3.2894209E-6,16.263363,0.007644676,0.2610236,0.0030338122,0.046454042,0.009046069,0.099400036,0.016813986,0.75084955,9.0415805E-4,0.0520593,0.0013211976,0.4581662,0.017152676,0.09246779,0.010199274,0.2610236,0.0030338122,"TWOGAUSSIANS_WITH_ELLIPSOIDAL_ON_ECLIPSE1",9,18.861706,0.7516596,6.954554E-4,0.29153207,0.0073987064,0.6424051,0.0054672225,0.2610236,0.0030338122,0.26014265,0.05065799,0.28433383,0.00830955
375316653866487564,5976825263068791168,0.51164025,2284.831104676433,2.4995637932312413,2.233568E-5,19.720182,0.023085538,0.29656574,0.003717046,0.067389116,0.0065146424,0.57760084,0.052507177,0.78818995,0.0053087813,0.07089918,0.007393765,0.5909787,0.024619494,null,null,null,null,"TWOGAUSSIANS",8,3.2528298,0.78818995,0.0053087813,0.39703542,0.023289239,0.58962,0.02344679,0.29656574,0.003717046,0.37737906,0.034575805,0.57624215,0.05282501
375316653866487564,5976825705424972160,0.5709847,2259.495376123336,0.6598031040255045,4.008719E-6,17.823717,0.0017744055,0.37397578,0.0014062396,0.00991185,0.001222601,0.017061098,0.0038808947,0.63462675,5.2136376E-5,0.020229602,1.305525E-4,0.72043407,0.0026625125,null,null,null,null,"TWOGAUSSIANS",8,2.3689868,0.63462675,5.2136376E-5,0.11328577,7.310939E-4,0.72043407,0.0026625125,0.37397578,0.0014062396,0.05550636,0.0068465658,0.017061098,0.0038808947
375316653866487564,5976826362580883968,0.5263744,2225.0935872144514,0.8631177459348972,2.1940306E-5,19.027252,0.017785449,0.24103251,0.013424044,0.11447498,0.028020868,0.1628793,0.03215861,0.7302175,0.0033401572,0.07301943,0.0052563637,0.3727235,0.025322273,null,null,null,null,"TWOGAUSSIANS",8,2.9853485,0.7302175,0.0033401572,0.4,0.009985226,0.36232755,0.022570053,0.24103251,0.013424044,0.4,0.0,0.15245803,0.037064936
375316653866487564,5976827320334037248,0.4963112,2230.1996413423963,0.5292419477005695,2.6316025E-5,17.831984,0.0038892746,0.14572325,0.016000861,0.0439177,0.019644707,0.06605972,0.01635704,0.6455331,0.0010905172,0.036186196,0.0017951286,0.23381267,0.0074782893,null,null,null,null,"TWOGAUSSIANS",8,4.0999627,0.6455331,0.0010905172,0.2026427,0.01005272,0.23381267,0.0074782884,0.14572325,0.016000861,0.24593914,0.11001036,0.06605972,0.01635704
375316653866487564,5976827840051954560,0.5216873,2250.2495689153598,0.5062498731486512,2.2002088E-5,19.606314,0.019174954,0.28575957,0.011506429,0.06166733,0.01272983,2.1615622,7.176494,0.8485196,0.0036013422,0.042439908,0.0062166876,0.21514809,0.030857055,null,null,null,null,"TWOGAUSSIANS",8,3.5882006,0.28575957,0.011506429,0.34533706,0.07128705,2.1615613,7.176495,0.8485196,0.0036013422,0.23766348,0.034813453,0.21514735,0.030857474
375316653866487564,5976828488582781568,0.420048,2222.692538803291,2.875377764406904,1.1508601E-4,19.00934,0.028077835,0.25110522,0.01983177,0.098724425,0.02998109,0.16310567,0.04309123,0.77826846,0.040841833,0.07763728,0.039411575,0.17185868,0.02854385,null,null,null,null,"TWOGAUSSIANS",8,14.478099,0.77826846,0.04084541,0.4,0.062342353,0.1680616,0.021596972,0.25110522,0.019831842,0.4,0.0,0.15930678,0.041436028
375316653866487564,5976829042641142016,0.42665088,2225.2452702086025,0.1578163793787527,4.6991176E-5,19.01996,0.02670441,0.36824936,0.015108421,0.08276288,0.09970436,0.42044473,0.29611093,0.9757384,0.0021114966,0.009361892,0.004275337,0.10332658,0.02305514,null,null,null,null,"TWOGAUSSIANS",8,12.236197,0.36824936,0.015108421,0.4,0.0,0.42044473,0.3020101,0.9757384,0.002097734,0.05242659,0.023941886,0.10333206,0.024989411
375316653866487564,5976829145720250624,0.5365239,2247.8491662194815,0.493743293551686,1.6196836E-5,19.591318,0.013387066,0.32976782,0.0013453796,0.030668175,0.0025057427,1.1973175,0.18947473,0.82973206,3.315196E-4,0.024240706,0.0014909847,0.18725754,0.013376082,null,null,null,null,"TWOGAUSSIANS",8,4.222693,0.32976782,0.0013453796,0.17174178,0.014032159,1.1973175,0.18947473,0.82973206,3.315196E-4,0.13574795,0.008349515,0.18725754,0.013376082
375316653866487564,5976829661130469888,0.44325787,2262.173107374832,1.6647999527884125,3.6318514E-5,17.067112,0.0059397183,0.35742766,0.007723053,0.032331284,0.004145258,0.23679568,0.03474014,0.73077005,0.009552801,0.0389072,0.0115098795,0.09178243,0.06739257,0.008102991,0.009832515,0.73077005,0.009552801,"TWOGAUSSIANS_WITH_ELLIPSOIDAL_ON_ECLIPSE2",9,44.56306,0.35697767,0.0075060492,0.18105519,0.023213444,0.24475275,0.034916203,0.73077005,0.009552801,0.21788031,0.06445533,0.10798839,0.06593517
375316653866487564,5976830313951607936,0.45170912,2227.319654903659,3.600059231982112,5.2801668E-5,19.45935,0.7027513,0.24512681,0.006964922,0.14147083,0.08558188,0.40381318,0.6706263,0.7513659,0.009515893,0.13724045,0.09109088,0.35735497,0.6569588,null,null,null,null,"TWOGAUSSIANS",8,3.724568,0.24492681,0.0066861715,0.4,0.0,0.2587378,0.02253124,0.7516759,0.008748548,0.4,0.0,0.21291427,0.024749093
375316653866487564,5976830481442239360,0.5397249,2289.267877547627,0.3614352506509316,6.0850954E-5,18.755009,0.0040393425,0.24495055,0.0031823304,0.019537441,0.0029972256,0.112675674,0.010727851,0.7516674,0.015503364,0.026365234,0.02016362,0.8055636,1.34178374E11,0.02693422,0.0041688625,0.7516674,0.015503364,"TWOGAUSSIANS_WITH_ELLIPSOIDAL_ON_ECLIPSE2",9,2.139893,0.7516674,0.015503364,0.14764531,0.112916276,0.859432,1.34178374E11,0.24505055,0.0030172819,0.10940967,0.016784463,0.16644952,0.00854166
375316653866487564,5976830691922737920,0.42339122,2246.8071231581293,2.2194876897944282,5.5721775E-5,19.581757,1.0686815,0.23086633,0.019810794,0.112721086,0.05591702,0.4744554,0.6332519,0.75280213,0.01368661,0.1552493,0.17518461,0.41211143,1.0545759,null,null,null,null,"TWOGAUSSIANS",8,9.946545,0.22973633,0.015034686,0.4,0.0,0.35110113,0.050214857,0.7529121,0.013063036,0.4,0.0,0.28375912,0.052175634
375316653866487564,5976832169376595456,0.49999544,2289.593030125056,3.329651257311613,3.034405E-5,18.81852,0.006884977,0.22665204,0.004513358,0.06616579,0.007131635,0.15946117,0.016128557,0.73580223,0.0032197756,0.070633054,0.005300681,0.19795932,0.010353153,null,null,null,null,"TWOGAUSSIANS",8,2.418657,0.73580223,0.0032197756,0.39554513,0.022782879,0.19760951,0.0102891885,0.22665204,0.004513358,0.37052843,0.039937157,0.15911137,0.016275102
