Gaia/vari_eclipsing_binary/VariEclipsingBinary_050131-050376.csv
# %ECSV 1.0
# ---
# delimiter: ','
# meta: !!omap
# - RELEASE: Gaia DR3
# - TABLE: vari_eclipsing_binary
# - DESCRIPTION: >
#     This table describes the properties of the eclipsing binaries resulting from the variability analysis. 
# - CITATION: >
#     How to cite and acknowledge Gaia: 
#     https://gea.esac.esa.int/archive/documentation/credits.html 
# - KNOWN_ISSUES: >
#     Known issues: 
#     https://www.cosmos.esa.int/web/gaia-users/known-issues 
# - DOCUMENTATION: >
#     Tutorials and documentation: 
#     https://www.cosmos.esa.int/web/gaia-users/archive 
# datatype:
# - 
#   name: solution_id
#   datatype: int64
#   description: Solution Identifier
#   meta:
#     ucd: meta.version
# - 
#   name: source_id
#   datatype: int64
#   description: Unique source identifier
#   meta:
#     ucd: meta.id;meta.main
# - 
#   name: global_ranking
#   datatype: float32
#   description: Number between 0 (worst) and 1 (best)
#   meta:
#     ucd: stat.param
# - 
#   name: reference_time
#   datatype: float64
#   unit: d
#   description: Reference time used for the geometric model fit
#   meta:
#     ucd: time.epoch
# - 
#   name: frequency
#   datatype: float64
#   unit: d**-1
#   description: Frequency of geometric model of the eclipsing binary light curve
#   meta:
#     ucd: src.orbital
# - 
#   name: frequency_error
#   datatype: float32
#   unit: d**-1
#   description: "Uncertainty of \\texttt{frequency}"
#   meta:
#     ucd: stat.error
# - 
#   name: geom_model_reference_level
#   datatype: float32
#   unit: mag
#   description: Magnitude reference level of geometric model
#   meta:
#     ucd: phot.mag;em.opt
# - 
#   name: geom_model_reference_level_error
#   datatype: float32
#   unit: mag
#   description: "Uncertainty of \\texttt{geomModelReferenceLevel}"
#   meta:
#     ucd: stat.error;phot.mag;em.opt
# - 
#   name: geom_model_gaussian1_phase
#   datatype: float32
#   description: Phase of the Gaussian 1 component
#   meta:
#     ucd: time.phase
# - 
#   name: geom_model_gaussian1_phase_error
#   datatype: float32
#   description: "Uncertainty of \\texttt{geomModelGaussian1Phase}"
#   meta:
#     ucd: stat.error;time.phase
# - 
#   name: geom_model_gaussian1_sigma
#   datatype: float32
#   description: "Standard deviation [phase] of Gaussian 1 component"
#   meta:
#     ucd: stat.stdev
# - 
#   name: geom_model_gaussian1_sigma_error
#   datatype: float32
#   description: "Uncertainty of \\texttt{geomModelGaussian1Sigma}"
#   meta:
#     ucd: stat.error
# - 
#   name: geom_model_gaussian1_depth
#   datatype: float32
#   unit: mag
#   description: Magnitude depth of Gaussian 1 component
#   meta:
#     ucd: src.var.amplitude
# - 
#   name: geom_model_gaussian1_depth_error
#   datatype: float32
#   unit: mag
#   description: "Uncertainty of \\texttt{geomModelGaussian1Depth}"
#   meta:
#     ucd: stat.error;src.var.amplitude
# - 
#   name: geom_model_gaussian2_phase
#   datatype: float32
#   description: Phase of Gaussian 2 component
#   meta:
#     ucd: time.phase
# - 
#   name: geom_model_gaussian2_phase_error
#   datatype: float32
#   description: "Uncertainty of \\texttt{geomModelGaussian2Phase}"
#   meta:
#     ucd: stat.error;time.phase
# - 
#   name: geom_model_gaussian2_sigma
#   datatype: float32
[...]
#   datatype: float32
#   description: "Secondary eclipse: uncertainty of \\texttt{derivedSecondaryEclDuration}"
#   meta:
#     ucd: stat.error;time.duration
# - 
#   name: derived_secondary_ecl_depth
#   datatype: float32
#   unit: mag
#   description: "Secondary eclipse: depth"
#   meta:
#     ucd: src.var.amplitude
# - 
#   name: derived_secondary_ecl_depth_error
#   datatype: float32
#   unit: mag
#   description: "Secondary eclipse: uncertainty of \\texttt{derivedSecondaryEclDepth}"
#   meta:
#     ucd: stat.error;src.var.amplitude
solution_id,source_id,global_ranking,reference_time,frequency,frequency_error,geom_model_reference_level,geom_model_reference_level_error,geom_model_gaussian1_phase,geom_model_gaussian1_phase_error,geom_model_gaussian1_sigma,geom_model_gaussian1_sigma_error,geom_model_gaussian1_depth,geom_model_gaussian1_depth_error,geom_model_gaussian2_phase,geom_model_gaussian2_phase_error,geom_model_gaussian2_sigma,geom_model_gaussian2_sigma_error,geom_model_gaussian2_depth,geom_model_gaussian2_depth_error,geom_model_cosine_half_period_amplitude,geom_model_cosine_half_period_amplitude_error,geom_model_cosine_half_period_phase,geom_model_cosine_half_period_phase_error,model_type,num_model_parameters,reduced_chi2,derived_primary_ecl_phase,derived_primary_ecl_phase_error,derived_primary_ecl_duration,derived_primary_ecl_duration_error,derived_primary_ecl_depth,derived_primary_ecl_depth_error,derived_secondary_ecl_phase,derived_secondary_ecl_phase_error,derived_secondary_ecl_duration,derived_secondary_ecl_duration_error,derived_secondary_ecl_depth,derived_secondary_ecl_depth_error
[from data line 361]
375316653866487564,441903412650576128,0.51679844,2206.8478345803937,0.09336802248177466,3.0440322E-5,17.092436,0.0045956178,0.30206534,0.006176263,0.015883941,0.005525281,0.06717385,0.014461969,0.53018564,0.0051336656,0.033867836,0.0020570506,0.6654384,0.075317934,0.021392994,0.0057964562,0.30206534,0.006176263,"TWOGAUSSIANS_WITH_ELLIPSOIDAL_ON_ECLIPSE1",9,11.431162,0.53018564,0.0051336656,0.18965988,0.011519483,0.66624194,0.07524502,0.30206534,0.006176263,0.08895007,0.030941574,0.10995984,0.01093119
375316653866487564,441905375456804224,0.5835183,2189.5054342065946,1.8559614726346272,7.0083115E-6,16.760214,0.001746987,0.25649938,0.0024734067,0.07140759,0.002393324,0.18483779,0.0035700644,0.7611723,0.001494167,0.05986181,0.0018777278,0.19210918,0.006461852,null,null,null,null,"TWOGAUSSIANS",8,3.8188305,0.7611723,0.001494167,0.33522615,0.010515275,0.19187789,0.0064882515,0.25649938,0.0024734067,0.3998825,0.00909292,0.18460649,0.0035781492
375316653866487564,441911010452388480,0.49273363,2188.7484990445037,0.40020148211510126,5.815005E-6,17.449102,0.0020152505,0.30698165,0.0013712897,0.020017944,0.0011738387,0.22672959,0.009254875,0.8161996,0.0040509356,0.02375169,0.003244471,0.30373344,0.13695036,null,null,null,null,"TWOGAUSSIANS",8,5.308822,0.8161996,0.0040509356,0.13300946,0.018169038,0.30373344,0.13695036,0.30698165,0.0013712897,0.11210049,0.0065734973,0.22672959,0.009254875
375316653866487564,441912243108468224,0.5702668,2156.9257722020766,3.5290761029968833,8.367696E-6,18.24676,0.0084834285,0.27335897,0.0038441962,0.06638384,0.0046571856,0.38842294,0.021851167,0.77030784,0.0027408777,0.075610325,0.0051041306,0.4482636,0.011544919,null,null,null,null,"TWOGAUSSIANS",8,6.6050725,0.77030784,0.0027408777,0.4,0.0,0.4466891,0.012017476,0.27335897,0.0038441962,0.3717495,0.026080241,0.38684842,0.02218424
375316653866487564,441915202340467456,0.52638674,2170.513029052057,1.122548370270875,8.486896E-6,16.484385,0.008677291,0.29386196,0.0038196687,0.042065646,0.004405996,0.31611726,0.07093836,0.78798,0.0016625215,0.04700044,0.002891149,0.3313769,0.023058698,0.06404411,0.01623451,0.29386196,0.0038196687,"TWOGAUSSIANS_WITH_ELLIPSOIDAL_ON_ECLIPSE1",9,51.04573,0.78835,0.001450124,0.26320246,0.016190434,0.459301,0.011788933,0.29386196,0.0038196687,0.23556763,0.024673576,0.44420516,0.07109005
375316653866487564,441916576730264192,0.48273808,2215.8510755976163,1.935230124522543,1.3262972E-5,13.806574,0.005109187,0.3105311,0.0051011466,0.066757105,0.010301877,0.12104841,0.015247265,0.7943292,0.0110273035,0.022788946,0.015414081,0.030077863,0.015949491,0.018034793,0.0077337455,0.7943292,0.0110273035,"TWOGAUSSIANS_WITH_ELLIPSOIDAL_ON_ECLIPSE2",9,300.5179,0.30900112,0.0038485043,0.37383977,0.056166578,0.1567387,0.012957966,0.7943292,0.0110273035,0.12761809,0.08631885,0.06610559,0.02200028
375316653866487564,441917809379899520,0.56791395,2180.128529413486,2.297989875752429,1.1542317E-5,17.66463,0.0061779283,0.19534473,0.0040206527,0.06997977,0.0037783908,0.22433993,0.012042401,0.6869411,0.0024975443,0.07244756,0.0035298471,0.46830443,0.02095885,null,null,null,null,"TWOGAUSSIANS",8,7.8200436,0.6869411,0.0024975443,0.4,0.0054006916,0.46719438,0.021187842,0.19534473,0.0040206527,0.39188674,0.02115899,0.22322987,0.012007646
375316653866487564,441921490172843264,0.6801457,2211.960064816366,0.8820638418479629,2.8978857E-6,16.611847,0.008760887,0.23305373,9.890923E-4,0.06283768,0.003003539,0.24860832,0.018402401,0.7326278,0.0020428584,0.065820634,0.00402411,0.16164568,0.018351866,0.07329155,0.009579207,0.23305373,9.890923E-4,"TWOGAUSSIANS_WITH_ELLIPSOIDAL_ON_ECLIPSE1",9,2.8996043,0.23305373,9.890923E-4,0.351891,0.01681982,0.39498425,0.0061045275,0.7327278,0.0017914607,0.36859557,0.022535015,0.3080208,0.004061384
375316653866487564,441926712852991616,0.57922506,2173.784777809301,0.8145649457929427,7.740521E-6,17.320847,0.0012397362,0.5225876,0.0012437226,0.03027169,0.0011185412,0.22710046,0.005623518,null,null,null,null,null,null,null,null,null,null,"ONEGAUSSIAN",5,2.2028544,0.5225876,0.0012437226,0.16952147,0.006263831,0.22710046,0.0,null,null,null,null,null,null
375316653866487564,441930969160200576,0.58038825,2189.537337692117,2.0195894778831582,4.9315213E-6,18.175941,0.0012790328,0.57835615,3.5096932E-6,0.0044024047,1.2130247E-5,1.3473966,0.0033426506,0.87628233,0.019201629,0.02484712,0.011982741,0.024389323,0.009664347,null,null,null,null,"TWOGAUSSIANS",8,0.87291884,0.57835615,3.5096932E-6,0.024653466,6.792939E-5,1.3473966,0.0033426506,0.87628233,0.019201629,0.13914387,0.06710335,0.024389323,0.009664347
375316653866487564,441932652791688064,0.4957926,2148.6825597087327,3.5753237772137436,3.1193933E-5,19.692722,0.020770404,0.23988515,0.012841083,0.089062065,0.020996582,0.2023759,0.019657364,0.7611862,0.009230431,0.07453086,0.010331003,0.24932262,0.023038799,null,null,null,null,"TWOGAUSSIANS",8,1.4202603,0.7611862,0.009230431,0.4,0.0,0.24656262,0.01919979,0.23988515,0.012841083,0.4,0.0,0.19961578,0.017581975
375316653866487564,441934886170063616,0.5211755,2171.4734453924343,3.7913605788058646,1.32483665E-5,18.91609,0.015444401,0.2622354,0.004153994,0.10188191,0.008438293,0.24155663,0.01478225,0.7615972,0.00503062,0.09374097,0.0075102746,0.2972905,0.020910775,null,null,null,null,"TWOGAUSSIANS",8,1.992302,0.7615972,0.00503062,0.4,0.0,0.27716324,0.018467244,0.2622354,0.004153994,0.4,0.0,0.22142692,0.010087426
375316653866487564,441937330011799424,0.5670931,2168.866598775453,1.852961345493094,8.146341E-6,16.96653,0.0032907,0.29733756,0.0013133984,0.0536492,0.0017267509,0.44504097,0.020810587,0.8128309,0.01829177,0.049274486,0.0100536775,0.09753821,0.03374369,null,null,null,null,"TWOGAUSSIANS",8,11.477017,0.29733756,0.0013133984,0.3004355,0.009669805,0.44503945,0.020811044,0.8128309,0.01829177,0.2759371,0.05630059,0.09753669,0.03374783
375316653866487564,441938047266044800,0.5649654,2186.9434955593997,1.8364075368243993,6.9271514E-6,18.92038,0.006257634,0.2643308,0.0023936478,0.044381615,0.004256817,0.17462996,0.019728161,0.76276004,0.0019391255,0.043918684,0.004413477,0.29501954,0.03683842,0.077297926,0.01081537,0.2643308,0.0023936478,"TWOGAUSSIANS_WITH_ELLIPSOIDAL_ON_ECLIPSE1",9,2.4063082,0.76288,0.0017514162,0.24594462,0.024715474,0.44960117,0.038547523,0.2643308,0.0023936478,0.24853703,0.023838177,0.32922554,0.014048473
375316653866487564,441938498242941312,0.5598297,2210.841010268784,3.264067962965545,1.0633626E-5,15.958815,0.008484985,0.27157608,0.0032861144,0.08932383,0.0050710826,0.24202737,0.009655139,0.7615632,0.0021263345,0.091624066,0.0049525253,0.26031852,0.008050751,null,null,null,null,"TWOGAUSSIANS",8,21.918255,0.7615632,0.0021263345,0.4,0.0,0.2508605,0.005780915,0.27157608,0.0032861144,0.4,0.0,0.2325695,0.008142563
375316653866487564,441939322876667520,0.4946838,2220.1282107352263,0.11888700433625207,4.5326364E-5,16.005096,4.8905227E-4,0.29347026,3.0335866E-6,0.004502711,7.261404E-5,0.056712333,4.8062645E-4,0.79842424,0.006871153,0.008460624,0.0044242973,0.069460616,0.035090674,null,null,null,null,"TWOGAUSSIANS",8,3.0961792,0.79842424,0.006871153,0.047379494,0.024776064,0.069460616,0.035090674,0.29347026,3.0335866E-6,0.02521518,4.0663863E-4,0.056712333,4.8062645E-4
375316653866487564,441942518332794880,0.61863023,2200.888432282414,3.0555370847901364,4.834693E-6,15.748147,0.012376205,0.3429453,0.0021517798,0.051489096,0.0035764955,0.4316675,0.031961728,0.83964896,0.0048109875,0.04636971,0.004901401,0.2548078,0.03177477,0.108721904,0.017557437,0.3429453,0.0021517798,"TWOGAUSSIANS_WITH_ELLIPSOIDAL_ON_ECLIPSE1",9,50.945286,0.3429453,0.0021517798,0.28833896,0.020028375,0.64910775,0.01801474,0.840069,0.0042437166,0.25967038,0.027447844,0.47216654,0.014897706
375316653866487564,441945400250585856,0.61491334,2201.206590009424,3.5952459888212833,5.9579806E-6,18.079853,0.026528211,0.23955043,0.0024046735,0.056508098,0.0071397456,0.37435362,0.06720578,0.7350483,0.0019682962,0.059271313,0.0052859215,0.40669063,0.06802873,0.074735865,0.04262851,0.23955043,0.0024046735,"TWOGAUSSIANS_WITH_ELLIPSOIDAL_ON_ECLIPSE1",9,7.762647,0.7354683,0.0017475319,0.33191937,0.029601162,0.5559919,0.022305371,0.23955043,0.0024046735,0.31644535,0.039982576,0.52376336,0.026456013
375316653866487564,441945954306401920,0.6040505,2183.3304361215614,0.8020292929576052,7.4338022E-6,16.809368,0.0013995207,0.18761827,7.46432E-4,0.025784662,8.2902575E-4,0.23050353,0.007345509,0.67570835,0.0132088,0.023381889,0.00701369,0.2616964,0.06435268,0.012111605,0.0023117762,0.67570835,0.0132088,"TWOGAUSSIANS_WITH_ELLIPSOIDAL_ON_ECLIPSE2",9,2.9686644,0.67570835,0.0132088,0.13093857,0.039276667,0.28591958,0.06330006,0.18754826,7.2165893E-4,0.1443941,0.0046425443,0.25459203,0.0078713065
375316653866487564,441946366623246208,0.5049039,2193.4117603566497,0.49099807225427106,6.542025E-5,14.286573,7.7989267E-4,0.75852364,0.007357967,0.009279819,0.0073015024,0.08524636,0.039346002,null,null,null,null,null,null,0.005782325,0.0014327068,0.75852364,0.007357967,"ONEGAUSSIAN_WITH_ELLIPSOIDAL",6,21.771444,0.75852364,0.007357967,0.051966988,0.040888414,0.09681101,0.0388464,null,null,null,null,null,null
375316653866487564,441948462566928896,0.6229192,2195.634956955926,2.759378090869034,3.9684E-6,15.294424,0.0070565967,0.26773968,7.961016E-4,0.04892577,0.0029323865,0.2393206,0.016589489,0.7706117,0.01647071,0.047672622,0.00996816,0.23036698,0.052227676,0.078710906,0.0093575,0.26773968,7.961016E-4,"TWOGAUSSIANS_WITH_ELLIPSOIDAL_ON_ECLIPSE1",9,28.596113,0.26773968,7.961016E-4,0.2739843,0.016421365,0.39674142,0.0108825,0.7706117,0.015248405,0.2669667,0.055821694,0.38773653,0.045898575
375316653866487564,441950382413151104,0.5972191,2141.7522096205776,3.3068459502482472,7.077314E-6,18.681969,0.014155054,0.27987638,0.0041963705,0.042937327,0.004877607,0.34631923,0.038033813,0.77647454,0.0022681383,0.049688052,0.00345691,0.36619595,0.031464737,0.12040654,0.014696555,0.27987638,0.0041963705,"TWOGAUSSIANS_WITH_ELLIPSOIDAL_ON_ECLIPSE1",9,3.0682952,0.7768645,0.0018087619,0.2782531,0.019358696,0.60691047,0.018865261,0.27987638,0.0041963705,0.24044903,0.027314598,0.58713126,0.021792699
375316653866487564,441952066039567360,0.4948758,2169.625853699514,1.3675734601400353,2.1940462E-4,19.713312,0.0062352563,0.23912828,0.02125222,0.035970442,0.012521708,0.612642,0.18300158,0.6517269,0.032707244,0.040502973,0.025463386,0.127463,0.24004826,null,null,null,null,"TWOGAUSSIANS",8,3.1602194,0.23912828,0.02125222,0.20143448,0.070121564,0.612642,0.18300158,0.6517269,0.032707244,0.22681665,0.14259496,0.127463,0.24004826
375316653866487564,441952998052747520,0.55597794,2175.0304480415984,3.4910252238823936,1.5927228E-5,16.464434,0.037216764,0.24554902,0.002283271,0.054026697,0.011926598,0.26006135,0.07163465,0.7556631,0.019429915,0.052297108,0.02326382,0.2839108,0.06959895,0.09793676,0.04173374,0.24554902,0.002283271,"TWOGAUSSIANS_WITH_ELLIPSOIDAL_ON_ECLIPSE1",9,51.055996,0.7556631,0.019279527,0.29286382,0.13027738,0.47898728,0.033808995,0.24554902,0.002283271,0.3025495,0.06678895,0.4559278,0.021002198
375316653866487564,441954677380125824,0.5065003,2108.0660723197957,2.8792068095373384,2.885963E-5,19.311905,0.14797333,0.22107956,0.0052675265,0.098604426,0.029079428,0.21486875,0.12814194,0.709529,0.012062416,0.11598569,0.07219459,0.21502535,0.12429767,null,null,null,null,"TWOGAUSSIANS",8,1.538639,0.709529,0.012062416,0.4,0.0,0.19004236,0.031012565,0.22110955,0.0050661266,0.4,0.0,0.1899276,0.011393144
375316653866487564,441956498446140928,0.6026728,2168.7048534037917,4.281193121576567,9.391533E-5,17.499174,0.0013867721,0.4263731,0.016912777,0.023446044,0.008442552,0.67122865,0.65825874,0.7448074,0.0048000054,0.028053872,0.003663017,0.2028977,0.015978137,null,null,null,null,"TWOGAUSSIANS",8,1.489396,0.4263731,0.016912777,0.13129784,0.04727829,0.67122865,0.65825874,0.7448074,0.0048000054,0.15710168,0.020512896,0.2028977,0.015978137
375316653866487564,441959487743892480,0.57619363,2114.638609124441,3.4703589713926175,1.3480307E-5,18.683968,0.006199877,0.20476925,0.0031410544,0.075451955,0.0040700887,0.44699234,0.037949342,0.70533526,0.0019832114,0.073899105,0.0029129616,0.57083315,0.03131849,null,null,null,null,"TWOGAUSSIANS",8,2.5421958,0.70533526,0.0019832114,0.4,0.0,0.567167,0.031942744,0.20476925,0.0031410544,0.4,0.0,0.44332618,0.03860157
375316653866487564,441968833592394624,0.58760124,2170.8505858968942,2.905776847841605,5.5607875E-6,18.279238,0.011623286,0.23445418,0.0014106239,0.080115356,0.0030988057,0.3905392,0.009741047,0.7358315,0.0014556783,0.08301238,0.002940387,0.4067414,0.014775781,null,null,null,null,"TWOGAUSSIANS",8,2.1168005,0.7358315,0.0014556783,0.4,0.0,0.3996567,0.01392185,0.23445418,0.0014106239,0.4,0.0,0.38345453,0.008167431
375316653866487564,441973403438083200,0.6094547,2131.7098645111746,3.323492175017761,7.4967334E-6,18.981352,0.0055597676,0.24295302,0.001213006,0.07078142,0.0020976947,0.5584372,0.011502555,0.74907565,0.002018949,0.0740142,0.0022720327,0.6140322,0.014036477,null,null,null,null,"TWOGAUSSIANS",8,1.3911057,0.74907565,0.002018949,0.4,0.0,0.6114268,0.014167847,0.24295302,0.001213006,0.39637592,0.01156723,0.55583173,0.011684103
375316653866487564,441975091364459520,0.47806475,2156.4294526606764,3.231648688818528,2.5953752E-5,17.952139,0.0140724555,0.21147346,0.0069297724,0.08653689,0.012713952,0.12893541,0.013657397,0.7066277,0.0043485994,0.10235766,0.016569858,0.14091928,0.013007181,null,null,null,null,"TWOGAUSSIANS",8,4.5261493,0.7066277,0.0043485994,0.4,0.0,0.13333899,0.0152274575,0.21147346,0.0069293156,0.4,0.0,0.121357,0.008353146
375316653866487564,441975744199463296,0.56470895,2162.2736591896473,0.2607398172953598,7.3160986E-6,16.596716,0.0021790243,0.18006802,0.007495469,0.010740313,0.00627731,0.24878557,0.03542232,0.7226034,0.07107925,0.12292956,0.043994013,0.015240234,0.0035123948,null,null,null,null,"TWOGAUSSIANS",8,6.2266665,0.18006802,0.007495469,0.06014575,0.03515294,0.24879263,0.035421114,0.7226034,0.07107925,0.4,0.0,0.015231403,0.0035031424
375316653866487564,441983780080244864,0.48276174,2164.559850506976,0.7805184859759663,6.3444522E-6,18.82476,0.002927516,0.33703774,0.0012256703,0.01330258,0.0013922373,0.059832614,0.0030992345,0.812764,0.016627504,0.04115508,0.009147907,0.2692176,0.09377564,null,null,null,null,"TWOGAUSSIANS",8,2.171858,0.812764,0.016627504,0.23046847,0.051228277,0.2692176,0.09377564,0.33703774,0.0012256703,0.07449445,0.0077965287,0.059832614,0.0030992345
375316653866487564,441985227487175296,0.5504186,2149.418737829816,0.4050158584431423,1.8207842E-5,17.969215,0.0042884257,0.14206125,0.0026167675,0.009152708,0.0012195127,0.39467838,0.058204286,0.5384613,0.09378438,0.049317423,0.12920025,0.022736695,0.0074580014,null,null,null,null,"TWOGAUSSIANS",8,2.6342235,0.14206125,0.0026167675,0.051255163,0.0068292706,0.39467838,0.058211993,0.5384613,0.09378438,0.2761776,0.19633427,0.022736695,0.00747047
375316653866487564,441988109405344512,0.5533016,2189.423175215753,4.5659408761386375,8.5519305E-6,18.52823,0.091611296,0.20887624,0.006421692,0.1519383,0.024810456,0.28275436,0.088335976,0.7390561,0.004191573,0.13070977,0.013069025,0.39276105,0.081526436,null,null,null,null,"TWOGAUSSIANS",8,1.2986592,0.7405961,0.002755657,0.4,0.0,0.28402126,0.008086283,0.20771624,0.0056317775,0.4,0.0,0.1717026,0.007915193
