Gaia/vari_eclipsing_binary/VariEclipsingBinary_468849-468864.csv
# %ECSV 1.0
# ---
# delimiter: ','
# meta: !!omap
# - RELEASE: Gaia DR3
# - TABLE: vari_eclipsing_binary
# - DESCRIPTION: >
#     This table describes the properties of the eclipsing binaries resulting from the variability analysis. 
# - CITATION: >
#     How to cite and acknowledge Gaia: 
#     https://gea.esac.esa.int/archive/documentation/credits.html 
# - KNOWN_ISSUES: >
#     Known issues: 
#     https://www.cosmos.esa.int/web/gaia-users/known-issues 
# - DOCUMENTATION: >
#     Tutorials and documentation: 
#     https://www.cosmos.esa.int/web/gaia-users/archive 
# datatype:
# - 
#   name: solution_id
#   datatype: int64
#   description: Solution Identifier
#   meta:
#     ucd: meta.version
# - 
#   name: source_id
#   datatype: int64
#   description: Unique source identifier
#   meta:
#     ucd: meta.id;meta.main
# - 
#   name: global_ranking
#   datatype: float32
#   description: Number between 0 (worst) and 1 (best)
#   meta:
#     ucd: stat.param
# - 
#   name: reference_time
#   datatype: float64
#   unit: d
#   description: Reference time used for the geometric model fit
#   meta:
#     ucd: time.epoch
# - 
#   name: frequency
#   datatype: float64
#   unit: d**-1
#   description: Frequency of geometric model of the eclipsing binary light curve
#   meta:
#     ucd: src.orbital
# - 
#   name: frequency_error
#   datatype: float32
#   unit: d**-1
#   description: "Uncertainty of \\texttt{frequency}"
#   meta:
#     ucd: stat.error
# - 
#   name: geom_model_reference_level
#   datatype: float32
#   unit: mag
#   description: Magnitude reference level of geometric model
#   meta:
#     ucd: phot.mag;em.opt
# - 
#   name: geom_model_reference_level_error
#   datatype: float32
#   unit: mag
#   description: "Uncertainty of \\texttt{geomModelReferenceLevel}"
#   meta:
#     ucd: stat.error;phot.mag;em.opt
# - 
#   name: geom_model_gaussian1_phase
#   datatype: float32
#   description: Phase of the Gaussian 1 component
#   meta:
#     ucd: time.phase
# - 
#   name: geom_model_gaussian1_phase_error
#   datatype: float32
#   description: "Uncertainty of \\texttt{geomModelGaussian1Phase}"
#   meta:
#     ucd: stat.error;time.phase
# - 
#   name: geom_model_gaussian1_sigma
#   datatype: float32
#   description: "Standard deviation [phase] of Gaussian 1 component"
#   meta:
#     ucd: stat.stdev
# - 
#   name: geom_model_gaussian1_sigma_error
#   datatype: float32
#   description: "Uncertainty of \\texttt{geomModelGaussian1Sigma}"
#   meta:
#     ucd: stat.error
# - 
#   name: geom_model_gaussian1_depth
#   datatype: float32
#   unit: mag
#   description: Magnitude depth of Gaussian 1 component
#   meta:
#     ucd: src.var.amplitude
# - 
#   name: geom_model_gaussian1_depth_error
#   datatype: float32
#   unit: mag
#   description: "Uncertainty of \\texttt{geomModelGaussian1Depth}"
#   meta:
#     ucd: stat.error;src.var.amplitude
# - 
#   name: geom_model_gaussian2_phase
#   datatype: float32
#   description: Phase of Gaussian 2 component
#   meta:
#     ucd: time.phase
# - 
#   name: geom_model_gaussian2_phase_error
#   datatype: float32
#   description: "Uncertainty of \\texttt{geomModelGaussian2Phase}"
#   meta:
#     ucd: stat.error;time.phase
# - 
#   name: geom_model_gaussian2_sigma
#   datatype: float32
[...]
#   datatype: float32
#   description: "Secondary eclipse: uncertainty of \\texttt{derivedSecondaryEclDuration}"
#   meta:
#     ucd: stat.error;time.duration
# - 
#   name: derived_secondary_ecl_depth
#   datatype: float32
#   unit: mag
#   description: "Secondary eclipse: depth"
#   meta:
#     ucd: src.var.amplitude
# - 
#   name: derived_secondary_ecl_depth_error
#   datatype: float32
#   unit: mag
#   description: "Secondary eclipse: uncertainty of \\texttt{derivedSecondaryEclDepth}"
#   meta:
#     ucd: stat.error;src.var.amplitude
solution_id,source_id,global_ranking,reference_time,frequency,frequency_error,geom_model_reference_level,geom_model_reference_level_error,geom_model_gaussian1_phase,geom_model_gaussian1_phase_error,geom_model_gaussian1_sigma,geom_model_gaussian1_sigma_error,geom_model_gaussian1_depth,geom_model_gaussian1_depth_error,geom_model_gaussian2_phase,geom_model_gaussian2_phase_error,geom_model_gaussian2_sigma,geom_model_gaussian2_sigma_error,geom_model_gaussian2_depth,geom_model_gaussian2_depth_error,geom_model_cosine_half_period_amplitude,geom_model_cosine_half_period_amplitude_error,geom_model_cosine_half_period_phase,geom_model_cosine_half_period_phase_error,model_type,num_model_parameters,reduced_chi2,derived_primary_ecl_phase,derived_primary_ecl_phase_error,derived_primary_ecl_duration,derived_primary_ecl_duration_error,derived_primary_ecl_depth,derived_primary_ecl_depth_error,derived_secondary_ecl_phase,derived_secondary_ecl_phase_error,derived_secondary_ecl_duration,derived_secondary_ecl_duration_error,derived_secondary_ecl_depth,derived_secondary_ecl_depth_error
[from data line 332]
375316653866487564,4124109618649522048,0.5053076,2386.351471511198,2.7343894264501807,2.7730519E-5,18.512762,0.008561843,0.22054239,0.0039248173,0.08429798,0.007641416,0.2916729,0.01473634,0.72020465,0.005803927,0.08349831,0.01005796,0.2724642,0.04296687,null,null,null,null,"TWOGAUSSIANS",8,3.7406826,0.22054239,0.0039248173,0.4,0.0,0.28505853,0.016138729,0.72020465,0.005803927,0.4,0.0,0.26584983,0.045241825
375316653866487564,4124109721728440192,0.53217936,2377.673249538306,2.42353188792977,1.5450552E-5,18.987276,0.009533459,0.20119902,0.0043137986,0.072986856,0.0059056743,0.3062376,0.018369477,0.6888297,0.004905478,0.07504472,0.005788045,0.33074126,0.023344187,null,null,null,null,"TWOGAUSSIANS",8,2.8549242,0.6888297,0.004905478,0.4,0.004796266,0.32914695,0.023511756,0.20119902,0.0043137986,0.4,0.0039406647,0.3046433,0.018480523
375316653866487564,4124109790442988800,0.43193373,2390.90158668866,0.1776480708928389,7.7919E-5,19.349508,0.052166395,0.53891295,0.037622176,0.15816739,0.05201377,0.23066525,0.0714772,0.89494234,0.027856598,0.05418376,0.038781803,0.13407348,0.03412508,null,null,null,null,"TWOGAUSSIANS",8,5.7636666,0.53891295,0.037614588,0.4,0.0,0.2262783,0.062056508,0.89494234,0.027856598,0.30342904,0.15593718,0.1480563,0.03690849
375316653866487564,4124109824802813952,0.45328942,2401.2828132919044,2.7362851256668765,1.114877E-4,19.250296,0.15205249,0.127275,0.024150036,0.10811401,0.03368833,0.3202452,0.1420764,0.6301899,0.0075886315,0.13158476,0.040910758,0.35616302,0.14955308,null,null,null,null,"TWOGAUSSIANS",8,7.170602,0.6301899,0.0075948676,0.4,0.0,0.28140464,0.021356521,0.12723501,0.024198707,0.4,0.0,0.24599555,0.021394642
375316653866487564,4124110301513444352,0.5467255,2386.067902955477,2.3481919550493706,1.1275681E-5,18.481785,0.019519957,0.3094659,0.005698978,0.03851363,0.016431985,0.16478753,0.054091718,0.80383223,0.01713862,0.054367222,0.029957365,0.13946998,0.037212696,0.08805983,0.024761843,0.3094659,0.005698978,"TWOGAUSSIANS_WITH_ELLIPSOIDAL_ON_ECLIPSE1",9,4.927723,0.3094659,0.005698978,0.21567634,0.09201911,0.34090373,0.045180827,0.80511224,0.014710206,0.30445644,0.16776125,0.3154158,0.021447081
375316653866487564,4124110477683192960,0.59068954,2381.460682065219,2.4269174809491383,1.1304286E-5,18.08408,0.0071578585,0.23242858,0.0021167037,0.06819159,0.0027911363,0.50129884,0.023168536,0.7359547,0.00349089,0.07091208,0.0054311003,0.4915375,0.027230809,null,null,null,null,"TWOGAUSSIANS",8,7.8851795,0.23242858,0.0021167037,0.3818729,0.015630364,0.49988136,0.02337451,0.7359547,0.00349089,0.39710763,0.016529143,0.49012008,0.027855229
375316653866487564,4124110507690016000,0.5146257,2371.800356375003,2.7022259985863086,1.2513618E-5,18.496042,0.01563474,0.2014474,0.0074387854,0.09022309,0.009537862,0.31995383,0.024229478,0.7130099,0.0034462598,0.08619585,0.0056114756,0.3846398,0.0155960955,null,null,null,null,"TWOGAUSSIANS",8,6.5839844,0.7130099,0.0034462598,0.4,0.0,0.37419567,0.012501783,0.2014474,0.0074387854,0.4,0.0,0.30950955,0.02393369
375316653866487564,4124110786876244992,0.48967707,2423.7541826263323,0.039993388397278916,1.0637363E-4,18.540743,0.0018180086,0.25231987,0.039054103,0.057935186,0.019691393,0.11795002,0.013826657,0.4506951,0.080903016,0.03233955,0.03176185,0.08810856,0.13541326,null,null,null,null,"TWOGAUSSIANS",8,1.2257017,0.25231987,0.03152651,0.32443705,0.1102718,0.11795002,0.016144104,0.4506951,0.080903016,0.18110149,0.17786637,0.088444136,0.13511981
375316653866487564,4124111027395208832,0.49701792,2422.900544643574,2.416951092080514,1.782434E-5,18.607325,0.004949287,0.28294975,0.005795823,0.043338127,0.03775404,0.010518912,0.0089226235,null,null,null,null,null,null,0.082752176,0.0050517903,0.28294975,0.005795823,"ONEGAUSSIAN_WITH_ELLIPSOIDAL",6,3.5992093,0.28294975,0.005795823,0.24269351,0.17366509,0.17602322,0.0075401566,null,null,null,null,null,null
375316653866487564,4124111096114957952,0.46260032,2515.7284818479293,1.328641159101561,1.3902147E-4,16.864925,0.007524445,0.20082776,0.0079959845,0.03962711,0.0058611287,0.45928544,0.15718131,0.50397813,0.006966903,0.04072406,0.011228958,0.10950777,0.018844035,null,null,null,null,"TWOGAUSSIANS",8,4.771415,0.20082776,0.0079959845,0.2219118,0.032822322,0.45928544,0.15718131,0.50397813,0.006966903,0.22805473,0.06288216,0.10950777,0.018844035
375316653866487564,4124111233554600576,0.50407517,2423.0360117545565,3.139690609263591,1.42309655E-5,19.140942,0.012262633,0.29835382,0.004346828,0.072666556,0.0035839207,0.4468158,0.026785329,0.79582995,0.004712778,0.07413229,0.007578626,0.33397087,0.03544499,null,null,null,null,"TWOGAUSSIANS",8,4.0142636,0.29835382,0.004346828,0.4,0.0014776752,0.44461694,0.026433194,0.79582995,0.004712778,0.4,0.008889691,0.33177203,0.03640029
375316653866487564,4124111263590552960,0.5341232,2422.1944971800617,2.8860942544330856,8.324476E-5,17.63432,0.0047149155,0.3327664,7.5250276E-4,0.008939448,0.0012918044,0.13039687,0.003957274,0.7485222,0.004310916,0.055556092,0.012101112,0.03343812,0.013698575,0.09908207,0.0063036806,0.7485222,0.004310916,"TWOGAUSSIANS_WITH_ELLIPSOIDAL_ON_ECLIPSE2",9,13.532714,0.3321064,5.7544245E-4,0.05006091,0.0072341044,0.278393,0.009205307,0.7485222,0.004310916,0.3111141,0.06776623,0.23160093,0.011001601
375316653866487564,4124111366683380480,0.45928234,2390.9208014033006,1.8275901527647973,5.2415373E-5,19.392456,0.0072843204,0.59937036,0.0039697047,0.027864384,0.0039352016,0.40013516,0.031292684,0.8441202,0.035163607,0.040969834,0.032715343,0.15674838,1.4095435,null,null,null,null,"TWOGAUSSIANS",8,1.7827283,0.59937036,0.0039697047,0.15604055,0.02203713,0.40013516,0.031292684,0.8441202,0.035163607,0.22943108,0.18320592,0.15674838,1.4095435
375316653866487564,4124111371036589312,0.53646153,2421.84435610598,2.4721030669261026,1.9589303E-5,17.308306,0.015728718,0.25076565,0.009171479,0.08402467,0.009514543,0.3142895,0.02817099,0.7688405,0.003527147,0.08938986,0.0069102794,0.286759,0.01601828,null,null,null,null,"TWOGAUSSIANS",8,14.365209,0.25076565,0.009171479,0.4,0.0,0.3073807,0.026416657,0.7688405,0.003527147,0.4,0.0,0.27985004,0.0131212715
375316653866487564,4124111577159591808,0.4804094,2440.798557297916,4.147555068476815,1.2975723E-5,18.48837,0.01266544,0.18677878,0.0022780623,0.017097782,0.0020620609,0.17456648,0.023074854,0.5739534,0.019151542,0.15170656,0.020173911,0.29846832,0.044384524,null,null,null,null,"TWOGAUSSIANS",8,2.342736,0.5739534,0.019151542,0.4,0.0,0.2958552,0.044984277,0.18709879,0.0020361943,0.095747575,0.011547541,0.18356532,0.02108145
375316653866487564,4124111748950307200,0.5708845,2409.5925657884372,1.0049470496263053,7.088737E-5,19.879242,0.02934349,0.377116,0.0015628276,0.028168878,0.0014882936,2.3152645,0.874907,0.6819035,0.022444153,0.17036512,0.0768237,0.09850727,0.021456737,null,null,null,null,"TWOGAUSSIANS",8,1.2368007,0.377186,0.0015411095,0.15774572,0.008334445,2.3325226,0.87441945,0.6819035,0.022444153,0.4,0.0,0.095852,0.020003153
375316653866487564,4124111817670022400,0.4322501,2482.2346412699403,1.052412427830437,7.9176876E-5,18.630207,0.009829456,0.13367996,0.015589942,0.03532173,0.015682662,0.20820227,0.18607597,0.6097692,0.024587207,0.027103174,0.0130155375,0.52568835,66.47113,null,null,null,null,"TWOGAUSSIANS",8,6.0815816,0.6097692,0.024587207,0.15177777,0.07288701,0.52568835,66.47113,0.13367996,0.015589942,0.19780171,0.08782291,0.20820227,0.18607597
375316653866487564,4124112436143605376,0.53683186,2402.632069832631,2.72403933355213,8.271054E-6,18.330812,0.0090640485,0.274153,0.0021836355,0.08927925,0.004341152,0.24732752,0.010266805,0.76216114,0.006056079,0.09625698,0.010138887,0.19253525,0.009903743,null,null,null,null,"TWOGAUSSIANS",8,1.9356039,0.274153,0.0021836355,0.4,0.0,0.23770832,0.008899343,0.76216114,0.006056079,0.4,0.0,0.1829155,0.0093800025
375316653866487564,4124112504863639296,0.500419,2365.3201233248424,0.03969178762721355,1.0697886E-5,19.721107,0.008637787,0.3888175,0.0022484267,0.006565375,0.0057008415,0.24893747,0.0795845,0.68503875,0.0041307467,0.050095983,0.008974089,1.133101,0.26893815,null,null,null,null,"TWOGAUSSIANS",8,4.2058225,0.68503875,0.0041307467,0.2805375,0.0502549,1.133101,0.26893815,0.3888175,0.0022484267,0.0367661,0.031924713,0.2489375,0.07958434
375316653866487564,4124112607987002112,0.48124558,2416.2931266231194,2.6677802143357483,3.2726257E-5,18.98035,0.01850841,0.2392061,0.0063925353,0.08580429,0.012918,0.21235321,0.02159041,0.7406324,0.007106947,0.093623705,0.015366128,0.18711735,0.024834374,null,null,null,null,"TWOGAUSSIANS",8,3.1588051,0.2392061,0.0063925353,0.4,0.0,0.20435832,0.022304323,0.7406324,0.007106947,0.4,0.0,0.17912224,0.024704015
375316653866487564,4124112951584409728,0.6581834,2391.329037581117,4.0970207433861505,5.115646E-6,15.867753,0.007517932,0.15264265,0.0032401325,0.043933474,0.0051962226,0.26312387,0.02458521,0.64968354,0.0016527598,0.051305592,0.0017810608,0.4349549,0.01744875,0.1279686,0.008906939,0.15264265,0.0032401325,"TWOGAUSSIANS_WITH_ELLIPSOIDAL_ON_ECLIPSE1",9,25.624542,0.65000355,0.0012868559,0.28731132,0.00997394,0.6908103,0.009847903,0.15264265,0.0032401325,0.24602744,0.029098846,0.5190581,0.020203982
375316653866487564,4124113157699313536,0.5347946,2376.8514125487773,2.679630049194869,2.124101E-5,18.568733,0.04621526,0.28898302,0.0079977745,0.12180957,0.025353938,0.21847196,0.043247703,0.7871991,0.0043396475,0.09451808,0.012186761,0.31039023,0.04387973,null,null,null,null,"TWOGAUSSIANS",8,1.727576,0.7871991,0.0043385355,0.4,0.0,0.27653146,0.0121604465,0.28898302,0.0079977745,0.4,0.0,0.18451768,0.011342545
375316653866487564,4124113187729071232,0.6184317,2383.9302226311174,0.24622234506167912,1.1329601E-5,17.201542,0.0024126954,0.24266683,0.0036007697,0.024490623,0.0025444136,0.48817274,0.07097673,0.74201256,0.005591385,0.025706727,0.005382317,0.06083305,0.012154147,0.034971908,0.003673549,0.24266683,0.0036007697,"TWOGAUSSIANS_WITH_ELLIPSOIDAL_ON_ECLIPSE1",9,4.1948247,0.24266683,0.0036007697,0.13714749,0.014248716,0.5581165,0.07140811,0.74205256,0.0055119074,0.14395767,0.030140975,0.13077568,0.010795943
375316653866487564,4124113256469252480,0.43184185,2381.509141808662,4.916251861661242,2.7070426E-5,19.239544,0.0128418505,0.3455417,0.010532934,0.05470641,0.016733358,0.24517758,0.26589394,0.7926067,0.019338809,0.09364993,0.027707452,0.0739934,0.01802127,null,null,null,null,"TWOGAUSSIANS",8,5.1819983,0.3455417,0.010532854,0.3063559,0.09370681,0.24496984,0.26605457,0.7926067,0.019338809,0.4,0.0,0.07378482,0.017969115
375316653866487564,4124113363858060544,0.52093124,2389.1824983642546,0.06924579418421531,1.0394529E-6,19.613258,0.010989758,0.24526563,0.007055203,0.06022246,0.010450964,0.2152846,0.036037605,0.72542983,9.154497E-7,0.0017027257,6.528488E-5,11.839412,2.5466166,0.06521387,0.014340629,0.24526563,0.007055203,"TWOGAUSSIANS_WITH_ELLIPSOIDAL_ON_ECLIPSE1",9,2.0806158,0.72542983,9.154497E-7,0.009535263,3.6559533E-4,11.967785,2.573205,0.24526563,0.007055203,0.3372458,0.058525395,0.34567368,0.027361302
375316653866487564,4124113398217680640,0.44801018,2374.1606179079517,0.24940458894785367,1.5975651E-5,18.543013,0.0072710686,0.17235793,0.009124779,0.019724548,0.014846018,0.13693145,11.040282,0.667484,0.0030980567,0.018764177,0.0072373757,0.11884198,0.02294348,null,null,null,null,"TWOGAUSSIANS",8,6.9474864,0.17235793,0.009124779,0.110457465,0.0831377,0.13693145,11.040282,0.667484,0.0030980567,0.10507939,0.040529303,0.11884198,0.02294348
375316653866487564,4124113673138978688,0.58952636,2386.7507194624686,0.09630447366464444,1.0393729E-6,16.112242,0.004114675,0.21995533,0.005410413,0.004139554,0.004086641,1.458363,1.6423587,0.7215774,4.4513763E-7,0.0015476336,8.810635E-6,10.974065,0.22447084,0.011013264,0.0047169863,0.21995533,0.005410413,"TWOGAUSSIANS_WITH_ELLIPSOIDAL_ON_ECLIPSE1",9,96.88818,0.7215774,4.4513763E-7,0.008666748,4.9339556E-5,10.996089,0.23242539,0.21995533,0.005410413,0.023181504,0.022885192,1.4803896,1.6423131
375316653866487564,4124113806204575872,0.5063307,2373.2520868477204,0.08881834185590784,1.06945154E-4,14.72066,0.0017936283,0.94871825,0.048947163,0.16318259,0.059083495,0.007865583,0.0019674967,0.35764164,8.60024E-5,0.00470194,1.835574E-4,0.090996176,0.0023049968,null,null,null,null,"TWOGAUSSIANS",8,6.447701,0.35764164,8.60024E-5,0.026330864,0.0010279214,0.0912039,0.0023092264,0.94871825,0.048947163,0.4,0.0,0.0077216704,0.0015553031
375316653866487564,4124113982333508480,0.5854976,2349.2842043580636,1.177783607476575,1.47272585E-5,18.730673,0.011983197,0.265399,0.004492055,0.036063798,0.005205731,0.6485278,0.05663382,0.7761501,0.004273386,0.03882089,0.0033168965,0.5431331,0.041860204,0.043935206,0.021517772,0.265399,0.004492055,"TWOGAUSSIANS_WITH_ELLIPSOIDAL_ON_ECLIPSE1",9,5.235938,0.265399,0.004492055,0.20195726,0.029152093,0.73639816,0.061424516,0.7761501,0.004273386,0.21739697,0.018574622,0.6306031,0.02632496
375316653866487564,4124114081085163264,0.6149607,2363.2544371973586,1.9478110759631821,6.292092E-6,17.893572,0.005014755,0.24795374,0.0027517534,0.0846783,0.0025214748,0.44869936,0.012351701,0.7484628,0.0018025946,0.0853671,0.002790077,0.4120492,0.0088459505,null,null,null,null,"TWOGAUSSIANS",8,2.793047,0.24795374,0.0027517534,0.4,0.0,0.43739897,0.012106113,0.7484628,0.0018025946,0.4,0.0,0.4007488,0.00951381
375316653866487564,4124114390340189184,0.48010582,2438.630353581879,2.3817485249452095,2.9208737E-5,18.67177,0.09066279,0.23495604,0.00692038,0.12612945,0.034557447,0.1836753,0.08719198,0.72731245,0.00865685,0.11830689,0.036064286,0.15658708,0.08808388,null,null,null,null,"TWOGAUSSIANS",8,2.5284472,0.23498605,0.006902316,0.4,0.0,0.14439881,0.013771225,0.72731245,0.00865685,0.4,0.0,0.11741369,0.010087628
375316653866487564,4124114566450496256,0.4569844,2444.490935429216,0.04221081562694528,3.3414486E-5,19.63915,0.11086745,0.3650158,0.0058369446,0.17551938,0.029729402,0.42735392,0.1099637,0.8906536,0.0070195557,0.08858402,0.014503202,0.23806916,0.105861105,null,null,null,null,"TWOGAUSSIANS",8,2.0276616,0.3650158,0.0058369446,0.4,0.0,0.3352612,0.044413436,0.8939536,0.0064703072,0.4,0.0,0.16202901,0.07279075
375316653866487564,4124114940078426368,0.42880476,2431.595406853127,0.17916239109928844,5.654041E-5,17.524403,0.12893465,0.34044656,0.025046544,0.2056204,0.11156793,0.15882352,0.12468948,0.7817509,0.043228313,0.09069823,0.036066107,0.0552007,0.0367548,null,null,null,null,"TWOGAUSSIANS",8,13.300964,0.34045655,0.02503224,0.4,0.0,0.12082047,0.01989926,0.7817509,0.043228313,0.4,0.0,0.03702969,0.015563674
375316653866487564,4124114974438192000,0.5644255,2407.8391494630346,1.1332408295931777,1.45018475E-5,17.750418,0.010568716,0.25965443,0.0034503946,0.05676986,0.003389798,0.40589258,0.020938002,0.74882495,0.004160315,0.062026758,0.0037595383,0.6806122,0.059480954,null,null,null,null,"TWOGAUSSIANS",8,22.063313,0.74882495,0.004160315,0.34734985,0.021053415,0.6805097,0.059510797,0.25965443,0.0034503946,0.3179112,0.018982869,0.4057901,0.020922901
375316653866487564,4124115356725155712,0.47691202,2435.182362490505,1.4513468377393086,5.307571E-5,19.201939,0.0068445257,0.26674423,0.051867027,0.042133752,0.048815407,0.07085493,0.028942358,0.7053427,0.0035489555,0.0652953,0.006243666,0.16057865,0.020306723,null,null,null,null,"TWOGAUSSIANS",8,1.1540545,0.7053427,0.0035489555,0.3656537,0.03496453,0.16057838,0.02026799,0.26674423,0.051867027,0.23594901,0.2191734,0.07085467,0.029132105
