Gaia/vari_eclipsing_binary/VariEclipsingBinary_685499-685510.csv
# %ECSV 1.0
# ---
# delimiter: ','
# meta: !!omap
# - RELEASE: Gaia DR3
# - TABLE: vari_eclipsing_binary
# - DESCRIPTION: >
#     This table describes the properties of the eclipsing binaries resulting from the variability analysis. 
# - CITATION: >
#     How to cite and acknowledge Gaia: 
#     https://gea.esac.esa.int/archive/documentation/credits.html 
# - KNOWN_ISSUES: >
#     Known issues: 
#     https://www.cosmos.esa.int/web/gaia-users/known-issues 
# - DOCUMENTATION: >
#     Tutorials and documentation: 
#     https://www.cosmos.esa.int/web/gaia-users/archive 
# datatype:
# - 
#   name: solution_id
#   datatype: int64
#   description: Solution Identifier
#   meta:
#     ucd: meta.version
# - 
#   name: source_id
#   datatype: int64
#   description: Unique source identifier
#   meta:
#     ucd: meta.id;meta.main
# - 
#   name: global_ranking
#   datatype: float32
#   description: Number between 0 (worst) and 1 (best)
#   meta:
#     ucd: stat.param
# - 
#   name: reference_time
#   datatype: float64
#   unit: d
#   description: Reference time used for the geometric model fit
#   meta:
#     ucd: time.epoch
# - 
#   name: frequency
#   datatype: float64
#   unit: d**-1
#   description: Frequency of geometric model of the eclipsing binary light curve
#   meta:
#     ucd: src.orbital
# - 
#   name: frequency_error
#   datatype: float32
#   unit: d**-1
#   description: "Uncertainty of \\texttt{frequency}"
#   meta:
#     ucd: stat.error
# - 
#   name: geom_model_reference_level
#   datatype: float32
#   unit: mag
#   description: Magnitude reference level of geometric model
#   meta:
#     ucd: phot.mag;em.opt
# - 
#   name: geom_model_reference_level_error
#   datatype: float32
#   unit: mag
#   description: "Uncertainty of \\texttt{geomModelReferenceLevel}"
#   meta:
#     ucd: stat.error;phot.mag;em.opt
# - 
#   name: geom_model_gaussian1_phase
#   datatype: float32
#   description: Phase of the Gaussian 1 component
#   meta:
#     ucd: time.phase
# - 
#   name: geom_model_gaussian1_phase_error
#   datatype: float32
#   description: "Uncertainty of \\texttt{geomModelGaussian1Phase}"
#   meta:
#     ucd: stat.error;time.phase
# - 
#   name: geom_model_gaussian1_sigma
#   datatype: float32
#   description: "Standard deviation [phase] of Gaussian 1 component"
#   meta:
#     ucd: stat.stdev
# - 
#   name: geom_model_gaussian1_sigma_error
#   datatype: float32
#   description: "Uncertainty of \\texttt{geomModelGaussian1Sigma}"
#   meta:
#     ucd: stat.error
# - 
#   name: geom_model_gaussian1_depth
#   datatype: float32
#   unit: mag
#   description: Magnitude depth of Gaussian 1 component
#   meta:
#     ucd: src.var.amplitude
# - 
#   name: geom_model_gaussian1_depth_error
#   datatype: float32
#   unit: mag
#   description: "Uncertainty of \\texttt{geomModelGaussian1Depth}"
#   meta:
#     ucd: stat.error;src.var.amplitude
# - 
#   name: geom_model_gaussian2_phase
#   datatype: float32
#   description: Phase of Gaussian 2 component
#   meta:
#     ucd: time.phase
# - 
#   name: geom_model_gaussian2_phase_error
#   datatype: float32
#   description: "Uncertainty of \\texttt{geomModelGaussian2Phase}"
#   meta:
#     ucd: stat.error;time.phase
# - 
#   name: geom_model_gaussian2_sigma
#   datatype: float32
[...]
#   datatype: float32
#   description: "Secondary eclipse: uncertainty of \\texttt{derivedSecondaryEclDuration}"
#   meta:
#     ucd: stat.error;time.duration
# - 
#   name: derived_secondary_ecl_depth
#   datatype: float32
#   unit: mag
#   description: "Secondary eclipse: depth"
#   meta:
#     ucd: src.var.amplitude
# - 
#   name: derived_secondary_ecl_depth_error
#   datatype: float32
#   unit: mag
#   description: "Secondary eclipse: uncertainty of \\texttt{derivedSecondaryEclDepth}"
#   meta:
#     ucd: stat.error;src.var.amplitude
solution_id,source_id,global_ranking,reference_time,frequency,frequency_error,geom_model_reference_level,geom_model_reference_level_error,geom_model_gaussian1_phase,geom_model_gaussian1_phase_error,geom_model_gaussian1_sigma,geom_model_gaussian1_sigma_error,geom_model_gaussian1_depth,geom_model_gaussian1_depth_error,geom_model_gaussian2_phase,geom_model_gaussian2_phase_error,geom_model_gaussian2_sigma,geom_model_gaussian2_sigma_error,geom_model_gaussian2_depth,geom_model_gaussian2_depth_error,geom_model_cosine_half_period_amplitude,geom_model_cosine_half_period_amplitude_error,geom_model_cosine_half_period_phase,geom_model_cosine_half_period_phase_error,model_type,num_model_parameters,reduced_chi2,derived_primary_ecl_phase,derived_primary_ecl_phase_error,derived_primary_ecl_duration,derived_primary_ecl_duration_error,derived_primary_ecl_depth,derived_primary_ecl_depth_error,derived_secondary_ecl_phase,derived_secondary_ecl_phase_error,derived_secondary_ecl_duration,derived_secondary_ecl_duration_error,derived_secondary_ecl_depth,derived_secondary_ecl_depth_error
[from data line 480]
375316653866487564,6029812893089408768,0.4773426,2314.274744166101,2.8458063033979912,2.8510845E-5,19.318125,0.36858577,0.21870314,0.008435953,0.11474421,0.023010604,0.30101952,0.17975412,0.7103582,0.010808292,0.15599003,0.12907864,0.27469403,0.35365915,null,null,null,null,"TWOGAUSSIANS",8,2.0280323,0.21918313,0.006395241,0.4,0.0,0.20815794,0.007968483,0.7103582,0.010808292,0.4,0.0,0.17860708,0.01676093
375316653866487564,6029813168033435904,0.47041458,2296.406717940107,0.0396144691770598,5.50138E-5,18.512856,0.0057443925,0.47093892,0.014630806,0.13749503,0.010100359,0.25183088,0.020868085,0.92223305,0.0012909962,0.01794361,0.0030993598,0.1478841,0.041432295,null,null,null,null,"TWOGAUSSIANS",8,5.5248957,0.47093892,0.014630806,0.4,0.0,0.25098562,0.020854067,0.92223305,0.0012909962,0.100484215,0.017356414,0.14827926,0.041569598
375316653866487564,6029813339762283264,0.44138384,2358.7228841911983,1.879914675539337,6.818877E-5,19.388699,0.013059225,0.2722678,0.049847677,0.04001186,0.03410239,0.19788744,0.063100725,0.79649264,0.0048612077,0.048293494,0.010265924,0.5269041,0.103225805,null,null,null,null,"TWOGAUSSIANS",8,4.1092353,0.79649264,0.0048612077,0.27044356,0.057489175,0.5269041,0.10322608,0.2722678,0.049847677,0.22406642,0.19097339,0.19788742,0.06306318
375316653866487564,6029813339764457472,0.45082453,2302.0286384670967,1.9188210646242316,7.634289E-5,18.629715,0.019719183,0.25681314,0.015942788,0.08441087,0.01889356,0.16177042,0.04195303,0.7471238,0.010314208,0.088208474,0.024174362,0.1390085,0.036091812,null,null,null,null,"TWOGAUSSIANS",8,5.956347,0.25681314,0.015942788,0.4,0.0,0.15794422,0.0423644,0.7471238,0.010314208,0.4,0.0,0.13518228,0.03663076
375316653866487564,6029813786438752640,0.47302243,2327.4337083986356,0.11046167141941214,2.5386418E-5,19.693253,0.09739876,0.17048638,0.003126005,0.06259456,0.014620856,0.3957656,0.081662185,0.6884494,0.016099393,0.1216842,0.041821986,0.2897056,0.0938826,null,null,null,null,"TWOGAUSSIANS",8,3.4422567,0.17046638,0.003137322,0.35052958,0.06747632,0.3843163,0.0515474,0.6884494,0.016099393,0.4,0.0,0.2781092,0.052666258
375316653866487564,6029813850830046208,0.49864945,2315.646868183448,3.3072175398849986,2.7596281E-5,18.243084,0.11180816,0.1695229,0.017626544,0.035394557,0.039127488,0.57138324,0.13072278,0.6852652,0.007773448,0.0484929,0.026854748,0.38368058,0.1882926,0.07811538,0.12562613,0.1695229,0.017626544,"TWOGAUSSIANS_WITH_ELLIPSOIDAL_ON_ECLIPSE1",9,41.50716,0.1695229,0.017626544,0.19820952,0.21911393,0.7276138,0.20085552,0.6852652,0.007773448,0.27156025,0.15038659,0.53838766,0.08388132
375316653866487564,6029813923878027392,0.4597026,2312.404258979053,1.5803921442675912,6.3680425E-5,18.972063,0.010533766,0.31947938,0.010662289,0.062144104,0.0062964386,0.40305448,0.14789183,0.8179061,0.014360483,0.06197067,0.0158572,0.13975877,0.019049693,null,null,null,null,"TWOGAUSSIANS",8,5.172929,0.31947938,0.010662289,0.348007,0.035260055,0.40292063,0.14791214,0.8179061,0.014360483,0.34703574,0.08880032,0.13962492,0.019092707
375316653866487564,6029813923880120576,0.606649,2304.897888548152,2.8059771757642906,5.1840743E-6,18.556551,0.007294221,0.2386661,0.0048161563,0.08653369,0.0058387006,0.42598704,0.02828783,0.73657846,0.0018170084,0.08185689,0.0028651718,0.4692318,0.010441819,null,null,null,null,"TWOGAUSSIANS",8,1.9228702,0.73657846,0.0018170084,0.4,0.0,0.4587611,0.010406509,0.2386661,0.0048161563,0.4,0.0,0.4155163,0.030589268
375316653866487564,6029814130034410880,0.43608505,2286.0797796487027,3.5952330360772593,1.1723284E-4,18.784071,0.007573455,null,null,null,null,null,null,null,null,null,null,null,null,0.08360391,0.009087391,0.7356078,0.011485077,"ELLIPSOIDAL",4,11.731362,null,null,null,null,null,null,null,null,null,null,null,null
375316653866487564,6029814336192894976,0.5676088,2269.4117644488783,3.2160992747816386,2.0823698E-5,18.974052,0.02484629,0.24280706,0.0030992492,0.044128034,0.008867724,0.40615007,0.03829845,0.73555106,0.004867077,0.051319074,0.007034782,0.33928418,0.05733188,0.13990334,0.026375627,0.24280706,0.0030992492,"TWOGAUSSIANS_WITH_ELLIPSOIDAL_ON_ECLIPSE1",9,5.3853436,0.24280706,0.0030992492,0.24711698,0.049659256,0.68595517,0.028502123,0.73661107,0.003991696,0.2873868,0.039394777,0.61859304,0.04054386
375316653866487564,6029814370552665984,0.5432573,2279.447881145056,2.0573907283376003,1.2885429E-5,18.10651,0.007414695,0.31464082,0.0020166095,0.07504772,0.0029733675,0.33169284,0.012076084,0.81388044,0.0037892847,0.07252539,0.0049412395,0.30184445,0.0142162135,null,null,null,null,"TWOGAUSSIANS",8,5.2611747,0.31464082,0.0020166095,0.4,0.0,0.32969192,0.011934016,0.81388044,0.0037892847,0.4,0.0036777072,0.29984352,0.0142877055
375316653866487564,6029814576782401408,0.43093893,2280.453450043301,3.1501322881818674,1.2942016E-4,18.474922,0.31408322,0.23964623,0.039162196,0.11789224,0.20244782,0.14224577,0.30334428,0.73433614,0.021492407,0.069811486,0.07016992,0.1223287,0.1759818,null,null,null,null,"TWOGAUSSIANS",8,14.049949,0.23964623,0.039184533,0.4,0.0,0.13531959,0.031095583,0.73433614,0.021492407,0.39094433,0.13906825,0.11543846,0.06122871
375316653866487564,6029814641134615552,0.5434028,2279.183285939815,1.4903718412717126,6.334291E-6,18.418552,0.0033114764,0.29054633,0.0021708526,0.04902535,0.0018935788,0.2833958,0.012980425,0.78887033,0.012389844,0.048760228,0.014196127,0.0688528,0.018717883,null,null,null,null,"TWOGAUSSIANS",8,2.9669554,0.29054633,0.0021708526,0.27454197,0.010604042,0.28339526,0.0129805375,0.78887033,0.012389844,0.27305728,0.07949831,0.06885227,0.018719593
375316653866487564,6029814782871701376,0.5099986,2293.9198372998394,2.6294096393418056,4.077693E-5,19.426975,0.017118884,0.26557815,0.0056584273,0.063348345,0.0061962726,0.56004405,0.03924735,0.7649562,0.006461255,0.07104886,0.006747724,0.61641777,0.04866411,null,null,null,null,"TWOGAUSSIANS",8,9.5478325,0.7649562,0.006461255,0.39787364,0.021836465,0.6152757,0.048995722,0.26557815,0.0056584273,0.35475075,0.034699127,0.55890197,0.039444897
375316653866487564,6029814881622633344,0.55476475,2309.473895294358,0.19305692258265553,1.2071133E-5,16.495987,0.0037127149,0.35671327,0.026989197,0.06247883,0.006433687,0.54769194,0.18925966,0.8270581,0.0060886797,0.06583552,0.0066835405,0.11078233,0.011867858,null,null,null,null,"TWOGAUSSIANS",8,15.235577,0.35671327,0.026989197,0.34988144,0.03602865,0.5475977,0.18929812,0.8270581,0.0060886797,0.36867893,0.037427824,0.11068809,0.01190481
375316653866487564,6029814989030291328,0.43944404,2308.1677403577637,3.894014712048258,2.8150303E-5,19.663424,0.024636818,0.12823385,0.005881592,0.05575878,0.009362332,0.20332372,0.023750953,0.67460304,0.033942994,0.08547944,0.04423681,0.12058163,0.028900122,null,null,null,null,"TWOGAUSSIANS",8,3.6460075,0.12823385,0.005872173,0.31224915,0.052429058,0.20316184,0.022496546,0.67460304,0.033942994,0.4,0.0,0.12041965,0.0288372
375316653866487564,6029815126538725632,0.508967,2305.5317671854154,2.8330165534192133,1.9576168E-5,14.136036,0.1040588,0.23828405,0.004265526,0.14596255,0.014764809,0.48924437,0.09672496,0.73788273,0.005031055,0.26754332,0.023527274,0.72976637,0.10570353,null,null,null,null,"TWOGAUSSIANS",8,145.04753,0.23853405,0.004460396,0.4,0.0,0.14693923,0.0131701315,0.73788273,0.0051403423,0.4,0.0,0.13701479,0.008882974
375316653866487564,6029815190858477568,0.40579575,2280.2462789532237,0.09094776874566843,9.198576E-5,18.165094,0.022433378,0.24842641,0.013903794,0.07023432,0.02310641,0.17274608,0.065331206,0.74370027,0.034134388,0.042043425,0.03812291,0.18320213,1.5966717,null,null,null,null,"TWOGAUSSIANS",8,38.612427,0.74370027,0.034134388,0.23544319,0.2134883,0.18318816,1.5967171,0.24842641,0.013903794,0.39331222,0.079035975,0.1727321,0.06541876
375316653866487564,6029815259579168768,0.5213667,2268.9308283279706,0.45693921931206305,6.525406E-6,17.812626,0.0120646935,0.22945824,0.017597536,0.02217743,0.024089532,0.06306753,0.038800105,0.7174568,0.0027285595,0.040544372,0.0055925567,0.3801456,0.032448422,0.02522934,0.01950287,0.22945824,0.017597536,"TWOGAUSSIANS_WITH_ELLIPSOIDAL_ON_ECLIPSE1",9,21.564646,0.71765685,0.0026216393,0.22704847,0.031318318,0.4303227,0.03447226,0.22945824,0.017597536,0.12419361,0.13490137,0.1135262,0.048582375
375316653866487564,6029815637562614272,0.48271626,2293.5803924188785,0.0505887453291949,6.507906E-5,19.042065,0.010839484,0.49111918,0.014345406,0.03405222,0.010182707,0.8769342,2.8040047,0.82998806,0.007940263,0.0787071,0.01663126,0.16715655,0.064589866,null,null,null,null,"TWOGAUSSIANS",8,3.5183756,0.49111918,0.014345406,0.19069242,0.057023156,0.87694997,2.8039985,0.82998806,0.007940263,0.4,0.0062094047,0.16715653,0.06458997
375316653866487564,6029815813664492544,0.47143015,2257.76599228668,2.967143558879478,3.0501385E-5,19.14592,0.026245475,0.25666678,0.008042719,0.08692672,0.012461749,0.34869674,0.033147782,0.7488835,0.010296949,0.08701438,0.018128272,0.3080601,0.022591338,null,null,null,null,"TWOGAUSSIANS",8,6.795622,0.25666678,0.008042719,0.4,0.0,0.3394524,0.030530846,0.7488835,0.010296949,0.4,0.0,0.29881573,0.029615209
375316653866487564,6029815951103485440,0.4609132,2268.2701864666174,3.7251657606944937,6.0914343E-5,18.769495,0.036856744,0.22541635,0.006778421,0.0608536,0.025744006,0.60837644,0.30506724,0.7425805,0.006094103,0.07685347,0.00900024,0.51245594,0.036631234,null,null,null,null,"TWOGAUSSIANS",8,22.184605,0.22541635,0.006778421,0.34078017,0.101001516,0.60742706,0.30885836,0.7425805,0.006094103,0.4,0.0,0.5115065,0.032502405
375316653866487564,6029816294770060544,0.40910524,2313.5513746310144,2.0920517598506314,7.246975E-5,18.788113,0.0058150524,0.24359795,0.016334292,0.009887507,0.014895074,0.30601928,2022499.5,0.48044273,0.019278197,0.03422529,0.011672612,0.15790892,0.25237608,null,null,null,null,"TWOGAUSSIANS",8,4.609051,0.24359795,0.016334292,0.05537004,0.08341242,0.30601928,2022499.5,0.48044273,0.019278197,0.19166163,0.065366626,0.15790892,0.25237608
375316653866487564,6029816810189701248,0.48260462,2284.051525144875,2.129132171361542,2.1268996E-5,19.182842,0.0059796125,0.17486846,0.009702534,0.038803197,0.010129772,0.14655961,0.045654703,0.5201074,0.0022999493,0.020205656,0.0010943052,0.78743184,0.06757026,null,null,null,null,"TWOGAUSSIANS",8,1.940231,0.5201074,0.0022999493,0.11315167,0.006128109,0.78743184,0.06757026,0.17486846,0.009702534,0.2172979,0.056726728,0.14655961,0.045654703
375316653866487564,6029816913175422976,0.56874686,2308.467915150595,1.6619445058712146,1.2178555E-5,18.64598,0.0048379134,0.18988302,0.0029646743,0.030056858,0.0023448283,0.44057092,0.042197254,0.6907424,0.0049859905,0.032303415,0.005005431,0.2119667,0.01174675,null,null,null,null,"TWOGAUSSIANS",8,2.7090793,0.18988302,0.0029646743,0.1683184,0.013131039,0.44057092,0.042197254,0.6907424,0.0049859905,0.18089913,0.028030414,0.2119667,0.01174675
375316653866487564,6029816981964587392,0.58220285,2309.306858961786,0.17005092295856322,1.3443734E-5,17.262264,0.0035525274,0.2402146,0.005925779,0.019551214,0.014899421,0.5606058,2.168325E7,0.7423017,0.008110187,0.044014174,0.012763853,0.06036003,0.014153789,0.051610913,0.005176377,0.2402146,0.005925779,"TWOGAUSSIANS_WITH_ELLIPSOIDAL_ON_ECLIPSE1",9,5.5457177,0.2402146,0.005925779,0.109486796,0.08343676,0.6638274,2.168325E7,0.7423017,0.007548599,0.24647938,0.07147758,0.16356389,0.012484924
375316653866487564,6029817011954653312,0.60136193,2315.233897356097,1.2770959384370453,1.2894838E-5,17.333817,0.0055581937,0.26251197,0.0029066417,0.08865747,0.0038985587,0.3227617,0.009152025,0.7673735,0.001698172,0.08205734,0.0019749925,0.3836293,0.008516382,null,null,null,null,"TWOGAUSSIANS",8,5.3423424,0.7673735,0.001698172,0.4,0.0,0.37479693,0.008238237,0.26251197,0.0029066417,0.4,0.0,0.3139293,0.009353403
375316653866487564,6029817016324305408,0.6180608,2307.3257634043175,1.990925635528454,4.657077E-6,18.356855,0.013594622,0.26029426,0.0013376271,0.04832936,0.003087448,0.53941464,0.03525717,0.75795925,0.0024385212,0.043642174,0.003279834,0.38150132,0.038489148,0.13604042,0.017884174,0.26029426,0.0013376271,"TWOGAUSSIANS_WITH_ELLIPSOIDAL_ON_ECLIPSE1",9,6.255973,0.26029426,0.0013376271,0.27064443,0.01728971,0.8114941,0.031823676,0.7581892,0.0021610179,0.24439618,0.01836707,0.6535279,0.02552587
375316653866487564,6029817222413681920,0.46271887,2297.7751264116487,2.791558709148094,2.19576E-5,17.205626,0.015709776,0.22585975,0.0070560337,0.08522472,0.018583858,0.17702049,0.01887429,0.7319382,0.006898093,0.089390166,0.009482539,0.19930844,0.017692091,null,null,null,null,"TWOGAUSSIANS",8,21.78494,0.7319382,0.006898093,0.4,0.0,0.19366878,0.013727243,0.22585975,0.0070560337,0.4,0.0,0.17138088,0.023607854
375316653866487564,6029817359852876288,0.6374588,2270.361362411196,2.0928512676555644,1.0415807E-5,18.459072,0.01292453,0.22997415,0.0016201515,0.053917263,0.00819507,0.25587454,0.028796567,0.7365642,0.009307052,0.04659457,0.009038534,0.25119123,0.032004002,0.15157947,0.015962882,0.22997415,0.0016201515,"TWOGAUSSIANS_WITH_ELLIPSOIDAL_ON_ECLIPSE1",9,1.9541144,0.22997415,0.0016201515,0.30193666,0.04589239,0.5590277,0.011221822,0.7365642,0.009107977,0.26092958,0.050615788,0.5538249,0.017994257
375316653866487564,6029817394212511488,0.48866472,2317.2257364710836,2.97146405659263,1.20142495E-5,19.048742,0.0049036867,0.7273583,0.0019444351,0.02458145,0.0031972546,0.14712867,0.012521711,null,null,null,null,null,null,0.13098557,0.009235053,0.7273583,0.0019444351,"ONEGAUSSIAN_WITH_ELLIPSOIDAL",6,7.7506843,0.7273583,0.0019444351,0.13765612,0.017904626,0.40909967,0.014894893,null,null,null,null,null,null
375316653866487564,6029817394212557824,0.4928184,2303.427601546039,0.7978370214932408,4.3481035E-5,19.605438,0.007336254,0.279227,0.002698919,0.016937286,0.0031248543,0.60949063,0.29487956,0.77269214,0.017302075,0.027075374,0.014349888,0.15545553,0.17230824,null,null,null,null,"TWOGAUSSIANS",8,4.5019197,0.279227,0.002698919,0.0948488,0.017499184,0.60949063,0.29487956,0.77269214,0.017302075,0.1516221,0.08035937,0.15545553,0.17230824
375316653866487564,6029817527350490496,0.41206703,2279.4851542032807,0.15675450148239162,6.243239E-5,18.795189,0.20829462,0.27781194,0.015040222,0.14552715,0.06131657,0.22288044,0.20353869,0.8188104,0.026416829,0.118822284,0.043941226,0.209988,0.17059146,null,null,null,null,"TWOGAUSSIANS",8,7.592007,0.27746195,0.01429225,0.4,0.0,0.16986524,0.025291843,0.8207804,0.0223796,0.4,0.0,0.1586357,0.037555728
375316653866487564,6029817669090816512,0.4972126,2246.8107051176084,0.486589287736142,4.2861397E-5,17.8408,0.003511373,0.4263587,0.04557709,0.0352593,0.01706555,0.7660579,0.468497,0.7959163,0.021680864,0.054715343,0.03670455,0.169077,0.13991442,null,null,null,null,"TWOGAUSSIANS",8,1.9270985,0.4263587,0.04557709,0.19745208,0.09556707,0.7660579,0.46849728,0.7959163,0.021680864,0.30640593,0.12879507,0.169077,0.13991484
375316653866487564,6029817836558581504,0.53667355,2286.8273336807047,1.7112884602352387,1.50655005E-5,17.78706,0.008993494,0.25440672,0.0071564335,0.10507989,0.012722939,0.10140986,0.009431313,0.74795055,0.0037601893,0.094387874,0.0069978954,0.16827086,0.010067304,null,null,null,null,"TWOGAUSSIANS",8,1.9196588,0.74795055,0.0037601893,0.4,0.0,0.15811191,0.008020699,0.25440672,0.0071564335,0.4,0.0,0.09124865,0.0069393273
