Gaia/vari_eclipsing_binary/VariEclipsingBinary_513102-513140.csv
# %ECSV 1.0
# ---
# delimiter: ','
# meta: !!omap
# - RELEASE: Gaia DR3
# - TABLE: vari_eclipsing_binary
# - DESCRIPTION: >
#     This table describes the properties of the eclipsing binaries resulting from the variability analysis. 
# - CITATION: >
#     How to cite and acknowledge Gaia: 
#     https://gea.esac.esa.int/archive/documentation/credits.html 
# - KNOWN_ISSUES: >
#     Known issues: 
#     https://www.cosmos.esa.int/web/gaia-users/known-issues 
# - DOCUMENTATION: >
#     Tutorials and documentation: 
#     https://www.cosmos.esa.int/web/gaia-users/archive 
# datatype:
# - 
#   name: solution_id
#   datatype: int64
#   description: Solution Identifier
#   meta:
#     ucd: meta.version
# - 
#   name: source_id
#   datatype: int64
#   description: Unique source identifier
#   meta:
#     ucd: meta.id;meta.main
# - 
#   name: global_ranking
#   datatype: float32
#   description: Number between 0 (worst) and 1 (best)
#   meta:
#     ucd: stat.param
# - 
#   name: reference_time
#   datatype: float64
#   unit: d
#   description: Reference time used for the geometric model fit
#   meta:
#     ucd: time.epoch
# - 
#   name: frequency
#   datatype: float64
#   unit: d**-1
#   description: Frequency of geometric model of the eclipsing binary light curve
#   meta:
#     ucd: src.orbital
# - 
#   name: frequency_error
#   datatype: float32
#   unit: d**-1
#   description: "Uncertainty of \\texttt{frequency}"
#   meta:
#     ucd: stat.error
# - 
#   name: geom_model_reference_level
#   datatype: float32
#   unit: mag
#   description: Magnitude reference level of geometric model
#   meta:
#     ucd: phot.mag;em.opt
# - 
#   name: geom_model_reference_level_error
#   datatype: float32
#   unit: mag
#   description: "Uncertainty of \\texttt{geomModelReferenceLevel}"
#   meta:
#     ucd: stat.error;phot.mag;em.opt
# - 
#   name: geom_model_gaussian1_phase
#   datatype: float32
#   description: Phase of the Gaussian 1 component
#   meta:
#     ucd: time.phase
# - 
#   name: geom_model_gaussian1_phase_error
#   datatype: float32
#   description: "Uncertainty of \\texttt{geomModelGaussian1Phase}"
#   meta:
#     ucd: stat.error;time.phase
# - 
#   name: geom_model_gaussian1_sigma
#   datatype: float32
#   description: "Standard deviation [phase] of Gaussian 1 component"
#   meta:
#     ucd: stat.stdev
# - 
#   name: geom_model_gaussian1_sigma_error
#   datatype: float32
#   description: "Uncertainty of \\texttt{geomModelGaussian1Sigma}"
#   meta:
#     ucd: stat.error
# - 
#   name: geom_model_gaussian1_depth
#   datatype: float32
#   unit: mag
#   description: Magnitude depth of Gaussian 1 component
#   meta:
#     ucd: src.var.amplitude
# - 
#   name: geom_model_gaussian1_depth_error
#   datatype: float32
#   unit: mag
#   description: "Uncertainty of \\texttt{geomModelGaussian1Depth}"
#   meta:
#     ucd: stat.error;src.var.amplitude
# - 
#   name: geom_model_gaussian2_phase
#   datatype: float32
#   description: Phase of Gaussian 2 component
#   meta:
#     ucd: time.phase
# - 
#   name: geom_model_gaussian2_phase_error
#   datatype: float32
#   description: "Uncertainty of \\texttt{geomModelGaussian2Phase}"
#   meta:
#     ucd: stat.error;time.phase
# - 
#   name: geom_model_gaussian2_sigma
#   datatype: float32
[...]
#   datatype: float32
#   description: "Secondary eclipse: uncertainty of \\texttt{derivedSecondaryEclDuration}"
#   meta:
#     ucd: stat.error;time.duration
# - 
#   name: derived_secondary_ecl_depth
#   datatype: float32
#   unit: mag
#   description: "Secondary eclipse: depth"
#   meta:
#     ucd: src.var.amplitude
# - 
#   name: derived_secondary_ecl_depth_error
#   datatype: float32
#   unit: mag
#   description: "Secondary eclipse: uncertainty of \\texttt{derivedSecondaryEclDepth}"
#   meta:
#     ucd: stat.error;src.var.amplitude
solution_id,source_id,global_ranking,reference_time,frequency,frequency_error,geom_model_reference_level,geom_model_reference_level_error,geom_model_gaussian1_phase,geom_model_gaussian1_phase_error,geom_model_gaussian1_sigma,geom_model_gaussian1_sigma_error,geom_model_gaussian1_depth,geom_model_gaussian1_depth_error,geom_model_gaussian2_phase,geom_model_gaussian2_phase_error,geom_model_gaussian2_sigma,geom_model_gaussian2_sigma_error,geom_model_gaussian2_depth,geom_model_gaussian2_depth_error,geom_model_cosine_half_period_amplitude,geom_model_cosine_half_period_amplitude_error,geom_model_cosine_half_period_phase,geom_model_cosine_half_period_phase_error,model_type,num_model_parameters,reduced_chi2,derived_primary_ecl_phase,derived_primary_ecl_phase_error,derived_primary_ecl_duration,derived_primary_ecl_duration_error,derived_primary_ecl_depth,derived_primary_ecl_depth_error,derived_secondary_ecl_phase,derived_secondary_ecl_phase_error,derived_secondary_ecl_duration,derived_secondary_ecl_duration_error,derived_secondary_ecl_depth,derived_secondary_ecl_depth_error
[from data line 74]
375316653866487564,4513331129912279936,0.5412345,2146.34480909758,2.397171965431801,1.8941422E-5,19.257607,0.020870049,0.2965591,0.0037009262,0.0882089,0.008459279,0.38234782,0.021713192,0.79801184,0.0036354512,0.0894146,0.008351455,0.40946916,0.019121822,null,null,null,null,"TWOGAUSSIANS",8,2.6736326,0.79801184,0.0036354512,0.4,0.0,0.39475387,0.014340192,0.2965591,0.0037009262,0.4,0.0,0.36763257,0.020830968
375316653866487564,4513331610948671360,0.48157933,2147.777602013728,0.43105975313428935,4.9171165E-5,16.83989,0.007951678,0.2899023,0.005684756,0.023695149,0.008355895,0.19486387,0.04977982,0.7933125,0.0101181315,0.024454363,0.014569051,0.25617447,0.44429716,0.013093534,0.010812596,0.2899023,0.005684756,"TWOGAUSSIANS_WITH_ELLIPSOIDAL_ON_ECLIPSE1",9,48.22268,0.7933125,0.010104679,0.13694443,0.08158668,0.2823495,0.4471496,0.2899023,0.005684756,0.13269283,0.046793014,0.22105092,0.05260252
375316653866487564,4513331787041861888,0.5072591,2161.8551220096474,2.858494200291218,1.3921426E-5,19.095291,0.71537596,0.29407793,0.00774416,0.21524282,0.12810686,0.7286669,0.70445776,0.79187703,0.005874487,0.14216417,0.043367296,0.68471354,0.53280145,null,null,null,null,"TWOGAUSSIANS",8,1.3302946,0.79187703,0.005874487,0.4,0.0,0.2691775,0.021923255,0.29432794,0.0075162267,0.4,0.0,0.2178337,0.01344725
375316653866487564,4513332749138275328,0.44437772,2148.957735057399,1.856722749130074,2.7497312E-5,18.956566,0.013267054,0.2835489,0.012582683,0.05918057,0.015895944,0.20376265,0.1418907,0.7993637,0.012918431,0.077013694,0.017267957,0.22366579,0.038763806,null,null,null,null,"TWOGAUSSIANS",8,8.673856,0.7993637,0.012918431,0.4,0.041963078,0.22333886,0.03895717,0.2835489,0.012582683,0.33141118,0.08901728,0.20343572,0.14224069
375316653866487564,4513334089142942336,0.48944658,2134.885150537261,3.8079993241145753,1.4088282E-5,19.862608,0.023557737,0.21220514,0.013220262,0.07272621,0.019343697,0.28278825,0.04224116,0.7177024,0.0030534556,0.08504637,0.0083057005,0.3053996,0.029039046,null,null,null,null,"TWOGAUSSIANS",8,1.9340384,0.7177024,0.0030534556,0.4,0.0,0.30193183,0.02684516,0.21220514,0.013220262,0.4,0.0683053,0.27932054,0.044867843
375316653866487564,4513334604564554496,0.6313026,2160.9061881801217,2.658280276454845,3.604295E-6,16.364763,0.02036636,0.20175764,9.2021754E-4,0.058048982,0.004184805,0.40769124,0.04657321,0.7025812,0.0013031276,0.055794924,0.0041334587,0.39512765,0.046509966,0.10103984,0.027910272,0.20175764,9.2021754E-4,"TWOGAUSSIANS_WITH_ELLIPSOIDAL_ON_ECLIPSE1",9,18.611122,0.20175764,9.2021754E-4,0.3250743,0.023434907,0.6097153,0.016271515,0.7025812,0.0013031276,0.31245157,0.023147367,0.5971463,0.01572857
375316653866487564,4513335046925405824,0.51108795,2139.166472526856,0.07446250558476324,1.2367084E-5,18.444681,0.011407934,0.47057232,0.0026543073,0.039286125,0.009313101,0.30238372,0.093265295,0.6936616,0.03608488,0.092424385,0.03891519,0.04545553,0.012096475,null,null,null,null,"TWOGAUSSIANS",8,2.9955573,0.47090232,0.002240422,0.22000231,0.052153364,0.30486295,0.09297093,0.6936616,0.03608488,0.4,0.0,0.04545552,0.012093526
375316653866487564,4513335291759277056,0.4811367,2166.1948831775053,0.6627881370399685,3.7548376E-5,16.519995,0.0016805343,0.66991925,0.0041747564,0.034630846,0.0044605806,0.08961803,0.01676603,null,null,null,null,null,null,null,null,null,null,"ONEGAUSSIAN",5,10.353321,0.66991925,0.0041747564,0.19393274,0.02497925,0.08961803,0.0,null,null,null,null,null,null
375316653866487564,4513335631040356608,0.5998267,2128.820416834723,3.152878435667896,3.2251323E-6,18.467108,0.00603035,0.23632799,9.7347796E-4,0.06859194,0.0017080852,0.47941014,0.011262857,0.7416741,0.0020677182,0.07663162,0.002675975,0.54806614,0.01194703,null,null,null,null,"TWOGAUSSIANS",8,2.2954042,0.7416741,0.0020677182,0.4,0.0,0.5456542,0.0121153565,0.23632799,9.7347796E-4,0.38411486,0.009565277,0.4769982,0.011279879
375316653866487564,4513336421316053760,0.4349913,2157.2329132371683,1.517550675101891,2.0081045E-5,19.564146,0.012092447,0.1642033,0.013587731,0.010145759,0.01004981,0.3203141,0.084341496,0.7111175,0.0040392107,0.02095102,0.015698876,0.19309436,1.3394893,null,null,null,null,"TWOGAUSSIANS",8,4.146144,0.1642033,0.013587731,0.05681625,0.056278933,0.3203141,0.084341496,0.7111175,0.0040392107,0.117325716,0.08791371,0.19309436,1.3394893
375316653866487564,4513336528709895424,0.58041173,2168.7397909472047,2.4859088020396376,7.2264806E-6,17.602468,0.016976025,0.22040395,0.0027714227,0.05732771,0.006963946,0.24157909,0.038814995,0.7207711,0.002454355,0.05106864,0.0077407556,0.2725995,0.034466352,0.096720085,0.021569554,0.22040395,0.0027714227,"TWOGAUSSIANS_WITH_ELLIPSOIDAL_ON_ECLIPSE1",9,10.0684805,0.7207711,0.0023172218,0.2859844,0.043348234,0.4660191,0.038129963,0.22040395,0.0027714227,0.32103518,0.038998097,0.43499973,0.014497479
375316653866487564,4513336666124927616,0.48133385,2137.4768404273273,2.3633490405908533,1.4157171E-5,19.180065,0.019387648,0.22962244,0.012140257,0.05833059,0.015443971,0.2902443,0.053849284,0.7287031,0.0048893,0.06936633,0.010550508,0.5169989,0.065640315,null,null,null,null,"TWOGAUSSIANS",8,10.254644,0.7287031,0.0048893,0.38845143,0.038683593,0.51663876,0.06607121,0.22962244,0.012140257,0.32665133,0.086486235,0.2898842,0.05398311
375316653866487564,4513337452105758592,0.5074798,2155.5900466517674,0.22293198587878893,4.074626E-5,19.157986,0.005215975,0.5772649,0.009590616,0.007519741,0.0021916146,0.71293783,0.735269,0.7577677,0.043033645,0.052028663,0.029065812,0.053561985,0.014196496,null,null,null,null,"TWOGAUSSIANS",8,3.2984493,0.5772649,0.009597608,0.042110547,0.0122730415,0.71306825,0.73520297,0.7577677,0.043033645,0.29136053,0.16276854,0.053561985,0.014196496
375316653866487564,4513344225268142720,0.463054,2168.979467341409,3.2284569079158447,2.8379884E-5,19.765265,0.011872477,0.27426142,0.004506208,0.04340069,0.014323769,0.06389042,0.02607749,null,null,null,null,null,null,0.11591064,0.022825086,0.27426142,0.004506208,"ONEGAUSSIAN_WITH_ELLIPSOIDAL",6,4.6590204,0.27426142,0.004506208,0.24304385,0.08021311,0.2957112,0.039257675,null,null,null,null,null,null
375316653866487564,4513344358412451968,0.50557417,2172.0574714340914,2.56284598658333,1.867628E-5,19.126682,0.0060855765,0.24124536,0.0053176526,0.026850928,0.01519706,0.037251644,0.022849329,null,null,null,null,null,null,0.10322577,0.008189371,0.24124536,0.0053176526,"ONEGAUSSIAN_WITH_ELLIPSOIDAL",6,2.7494004,0.24124536,0.0053176526,0.15036519,0.085103534,0.2437027,0.020311153,null,null,null,null,null,null
375316653866487564,4513344702009757824,0.6484667,2196.983628765363,2.1918673685174337,3.1805316E-6,18.698988,0.008065424,0.16457409,8.9589687E-4,0.04937403,0.0022526956,0.404205,0.02164686,0.67147785,0.0060885497,0.045587413,0.0053690737,0.37278196,0.023075195,0.15465735,0.014833209,0.16457409,8.9589687E-4,"TWOGAUSSIANS_WITH_ELLIPSOIDAL_ON_ECLIPSE1",9,1.3359853,0.16457409,8.9589687E-4,0.27649456,0.012615096,0.7135182,0.010985902,0.67147785,0.0060885497,0.25528952,0.030066812,0.68151355,0.013606469
375316653866487564,4513345805819977472,0.5148716,2133.665080446082,3.4083374547409546,1.1903147E-5,19.542236,0.017452708,0.3106274,0.0047108126,0.0823677,0.0073984554,0.35162395,0.017729765,0.8094585,0.0048636748,0.09591969,0.0070125125,0.2942434,0.017700765,null,null,null,null,"TWOGAUSSIANS",8,1.2651472,0.3106274,0.0047108126,0.4,0.0,0.3393921,0.014193919,0.8094585,0.0048636748,0.4,0.0,0.28201082,0.011752497
375316653866487564,4513346385636374912,0.57480276,2137.739066092599,1.3970346252582901,9.251952E-6,17.910723,0.0051699495,0.29749855,0.001913097,0.07335573,0.002157832,0.29322338,0.008459471,0.79745305,0.0035734256,0.0848898,0.0070206574,0.15828596,0.006833849,null,null,null,null,"TWOGAUSSIANS",8,2.2921064,0.29749855,0.001913097,0.4,0.0,0.29039386,0.008032698,0.79745305,0.0035734256,0.4,0.0,0.15545642,0.007087314
375316653866487564,4513346557435103360,0.51168007,2128.819887011708,2.9814057351205356,1.298042E-5,17.847946,0.00565138,0.29819322,0.0035183942,0.06477338,0.007030531,0.113106035,0.010598412,0.7964258,0.005526702,0.07151903,0.007566821,0.10512338,0.005868277,null,null,null,null,"TWOGAUSSIANS",8,2.0391412,0.29819322,0.0035183942,0.36273092,0.039370973,0.11285829,0.010684501,0.7964258,0.005526702,0.4,0.027840693,0.10487563,0.0057182834
375316653866487564,4513347077130775424,0.5028044,2157.651166046363,2.141478891930183,1.7689348E-5,19.83636,0.013246469,0.27903983,0.0052337307,0.080047034,0.0070603383,0.30291134,0.023124646,0.77266926,0.004124964,0.09842943,0.009449811,0.26089922,0.017650688,null,null,null,null,"TWOGAUSSIANS",8,1.3384846,0.27903983,0.0052337307,0.4,0.0,0.29301807,0.022664016,0.77266926,0.004124964,0.4,0.0,0.2510046,0.018382393
375316653866487564,4513348142302408064,0.53936887,2118.3605911395566,0.5723050420516373,2.8046208E-5,17.598267,0.0019352504,0.18524064,0.0025975455,0.025939407,0.0037866086,0.13720463,0.014349209,0.65596,0.025564699,0.04075369,0.011904308,0.26700324,0.13179575,null,null,null,null,"TWOGAUSSIANS",8,2.462131,0.65596,0.025564699,0.22822067,0.06666412,0.26700324,0.13179575,0.18524064,0.0025975455,0.14526068,0.021205008,0.13720463,0.014349209
375316653866487564,4513348795137490176,0.42388564,2102.9043904481337,0.12893367744734774,8.189225E-5,15.312529,0.0032480904,0.23753062,0.03741176,0.022359265,0.011092296,1.355673,1.1286219,0.69176507,0.019147044,0.080403335,0.010829484,0.20428759,0.05545736,null,null,null,null,"TWOGAUSSIANS",8,40.825905,0.23753062,0.03741176,0.12521188,0.062116858,1.3556726,1.1286216,0.69176507,0.019147044,0.4,0.0,0.20428722,0.055456273
375316653866487564,4513348863856937344,0.45235986,2113.688250378551,2.9980331322929046,1.358391E-5,19.057623,0.0062277936,null,null,null,null,null,null,null,null,null,null,null,null,0.12748122,0.010438685,0.24744347,0.0056233294,"ELLIPSOIDAL",4,10.388947,null,null,null,null,null,null,null,null,null,null,null,null
375316653866487564,4513350856721904256,0.5203279,2110.799882864095,2.4489050929433183,1.1479011E-5,18.443357,0.009660123,0.37160242,0.0078044194,0.08468271,0.015256526,0.21988735,0.028293423,0.85817546,0.0032544688,0.08141045,0.005671321,0.3013506,0.0123898955,null,null,null,null,"TWOGAUSSIANS",8,3.5631454,0.85817546,0.0032544688,0.4,0.0,0.29704055,0.011989957,0.37160242,0.0078044194,0.4,0.0,0.21557727,0.030243212
375316653866487564,4513352334171017728,0.50275296,2083.7273715797382,2.4243722486943473,1.4052228E-5,19.733326,0.0050216406,0.30397227,3.2558935E-5,0.017098198,9.0863946E-4,0.3599693,0.0048736925,0.8361001,0.003912309,0.025208484,0.0023353035,0.58626586,0.06300293,null,null,null,null,"TWOGAUSSIANS",8,1.8606662,0.8361001,0.003912309,0.14116752,0.0130777,0.58626586,0.06300293,0.30397227,3.2558935E-5,0.09574991,0.005088381,0.3599693,0.0048736925
375316653866487564,4513352948347989248,0.4484526,2072.4871059221173,1.4624499569279803,1.4968919E-5,19.407255,0.016138872,0.27988073,0.0029136972,0.015768182,0.0031144877,0.44603118,0.07290699,0.58403105,0.023468917,0.023436923,0.019695709,0.23125388,6.040504,null,null,null,null,"TWOGAUSSIANS",8,4.12933,0.27988073,0.0029136972,0.08830182,0.017441131,0.44603118,0.07290699,0.58403105,0.023468917,0.13124676,0.11029597,0.23125388,6.040504
375316653866487564,4513354498857907712,0.55190784,2060.449905618956,2.3235383679645065,1.6857975E-5,19.228716,0.014653025,0.23118186,0.0047270576,0.07500026,0.007933422,0.507366,0.031598072,0.7227305,0.0039869994,0.075094186,0.0044077276,0.5407106,0.020722462,null,null,null,null,"TWOGAUSSIANS",8,3.0995479,0.7227305,0.0039869994,0.4,0.0,0.5373354,0.019964242,0.23118186,0.0047270576,0.4,0.0,0.5039907,0.032836653
375316653866487564,4513354533213751936,0.52810013,2095.9154861198936,1.0781533758055073,2.080006E-5,18.151848,0.023326768,0.245454,0.0077603892,0.09933898,0.015032846,0.22335137,0.022418302,0.7283084,0.0035984418,0.0896947,0.013837218,0.29964006,0.015858794,null,null,null,null,"TWOGAUSSIANS",8,4.501358,0.7283084,0.0035984418,0.4,0.0,0.28752077,0.01998981,0.245454,0.0077603892,0.4,0.0,0.21123028,0.015181196
375316653866487564,4513355250460991360,0.48770213,2059.7222943407387,2.8000955052029215,1.2677847E-5,19.650434,0.0054260106,null,null,null,null,null,null,null,null,null,null,null,null,0.13082962,0.010242449,0.27398682,0.0038622369,"ELLIPSOIDAL",4,2.4535904,null,null,null,null,null,null,null,null,null,null,null,null
375316653866487564,4513355422249179264,0.5217186,2090.6093537227894,2.8640503964444286,9.332237E-6,19.167,0.004869618,0.1866263,0.003164233,0.021630991,0.006411387,0.06372263,0.009112684,null,null,null,null,null,null,0.14950962,0.00601278,0.1866263,0.003164233,"ONEGAUSSIAN_WITH_ELLIPSOIDAL",6,2.149199,0.1866263,0.003164233,0.12113354,0.035903767,0.36274144,0.011039271,null,null,null,null,null,null
375316653866487564,4513355800205300224,0.5720166,2118.332823724982,2.4010895819124993,9.447909E-6,18.311966,0.0074741445,0.25306305,0.0047236816,0.06759603,0.005256027,0.4524038,0.027291568,0.7545769,0.0038103517,0.06764106,0.0039476096,0.50515926,0.025324572,null,null,null,null,"TWOGAUSSIANS",8,5.1127725,0.7545769,0.0038103517,0.37878993,0.022106614,0.5041725,0.025341803,0.25306305,0.0047236816,0.37853777,0.02943375,0.45141706,0.02773567
375316653866487564,4513358067948236800,0.4501925,2071.966435632843,3.870897205706137,6.8211346E-5,19.815504,0.007743188,0.45594063,0.019100195,0.035069257,0.016579296,0.055581346,0.021591378,0.86917573,0.0028618276,0.011995432,0.0019166598,0.36714143,0.108429946,null,null,null,null,"TWOGAUSSIANS",8,2.9642098,0.86917573,0.0028618276,0.06717442,0.010733294,0.36714143,0.108429946,0.45594063,0.019100195,0.19638783,0.09284406,0.055581346,0.021591378
375316653866487564,4513358931240882176,0.4566838,2073.928825206239,1.9210038855514882,3.783172E-5,19.890848,0.0110606905,0.2314968,0.07450366,0.051260546,0.028489187,0.8899591,0.6130147,0.4581949,0.016210508,0.03786437,0.01190187,0.16502114,0.03453734,null,null,null,null,"TWOGAUSSIANS",8,2.6683865,0.2314968,0.07451337,0.28705907,0.15953945,0.8899591,0.61296064,0.4581949,0.016210508,0.21204047,0.06665048,0.16507153,0.034581207
375316653866487564,4513360370061045120,0.56967515,2085.925086390156,0.2209587958407164,6.4378423E-6,18.35509,0.0027520824,0.29372215,3.8021535E-4,0.00830787,5.80705E-4,0.34799924,0.029603314,0.7914975,0.0024790927,0.012878866,0.0030169927,0.26991555,0.044516485,null,null,null,null,"TWOGAUSSIANS",8,2.0710146,0.29372215,3.8021535E-4,0.04652407,0.0032519482,0.34799924,0.029603314,0.7914975,0.0024790927,0.07212165,0.016895158,0.26991555,0.044516485
375316653866487564,4513361405161665152,0.58875906,2138.8467578430473,2.8954374090968673,8.594505E-6,16.87674,0.005686405,0.27152133,0.0046740714,0.050168846,0.006338914,0.1088361,0.015831579,0.7587929,0.0024939687,0.043558817,0.010300248,0.07960681,0.02508204,0.09246385,0.009537238,0.7587929,0.0024939687,"TWOGAUSSIANS_WITH_ELLIPSOIDAL_ON_ECLIPSE2",9,8.231691,0.26831132,0.0030197802,0.28094554,0.035497915,0.29288012,0.011815559,0.7587929,0.0024939687,0.24392937,0.05768139,0.26453403,0.024521008
375316653866487564,4513361435203535104,0.51517123,2129.0264547253773,0.7306783257654863,4.1694948E-5,19.210197,0.0057625663,0.20532106,0.004673025,0.03710184,0.0058606244,0.16354021,0.014433136,0.72040296,0.022335358,0.032984048,0.00820867,0.4489805,0.22506443,null,null,null,null,"TWOGAUSSIANS",8,2.3341644,0.72040296,0.022335358,0.18471068,0.045968547,0.4489805,0.22506443,0.20532106,0.004673025,0.20777029,0.032819495,0.16354021,0.014433137
