Gaia/vari_eclipsing_binary/VariEclipsingBinary_484450-484482.csv
# %ECSV 1.0
# ---
# delimiter: ','
# meta: !!omap
# - RELEASE: Gaia DR3
# - TABLE: vari_eclipsing_binary
# - DESCRIPTION: >
#     This table describes the properties of the eclipsing binaries resulting from the variability analysis. 
# - CITATION: >
#     How to cite and acknowledge Gaia: 
#     https://gea.esac.esa.int/archive/documentation/credits.html 
# - KNOWN_ISSUES: >
#     Known issues: 
#     https://www.cosmos.esa.int/web/gaia-users/known-issues 
# - DOCUMENTATION: >
#     Tutorials and documentation: 
#     https://www.cosmos.esa.int/web/gaia-users/archive 
# datatype:
# - 
#   name: solution_id
#   datatype: int64
#   description: Solution Identifier
#   meta:
#     ucd: meta.version
# - 
#   name: source_id
#   datatype: int64
#   description: Unique source identifier
#   meta:
#     ucd: meta.id;meta.main
# - 
#   name: global_ranking
#   datatype: float32
#   description: Number between 0 (worst) and 1 (best)
#   meta:
#     ucd: stat.param
# - 
#   name: reference_time
#   datatype: float64
#   unit: d
#   description: Reference time used for the geometric model fit
#   meta:
#     ucd: time.epoch
# - 
#   name: frequency
#   datatype: float64
#   unit: d**-1
#   description: Frequency of geometric model of the eclipsing binary light curve
#   meta:
#     ucd: src.orbital
# - 
#   name: frequency_error
#   datatype: float32
#   unit: d**-1
#   description: "Uncertainty of \\texttt{frequency}"
#   meta:
#     ucd: stat.error
# - 
#   name: geom_model_reference_level
#   datatype: float32
#   unit: mag
#   description: Magnitude reference level of geometric model
#   meta:
#     ucd: phot.mag;em.opt
# - 
#   name: geom_model_reference_level_error
#   datatype: float32
#   unit: mag
#   description: "Uncertainty of \\texttt{geomModelReferenceLevel}"
#   meta:
#     ucd: stat.error;phot.mag;em.opt
# - 
#   name: geom_model_gaussian1_phase
#   datatype: float32
#   description: Phase of the Gaussian 1 component
#   meta:
#     ucd: time.phase
# - 
#   name: geom_model_gaussian1_phase_error
#   datatype: float32
#   description: "Uncertainty of \\texttt{geomModelGaussian1Phase}"
#   meta:
#     ucd: stat.error;time.phase
# - 
#   name: geom_model_gaussian1_sigma
#   datatype: float32
#   description: "Standard deviation [phase] of Gaussian 1 component"
#   meta:
#     ucd: stat.stdev
# - 
#   name: geom_model_gaussian1_sigma_error
#   datatype: float32
#   description: "Uncertainty of \\texttt{geomModelGaussian1Sigma}"
#   meta:
#     ucd: stat.error
# - 
#   name: geom_model_gaussian1_depth
#   datatype: float32
#   unit: mag
#   description: Magnitude depth of Gaussian 1 component
#   meta:
#     ucd: src.var.amplitude
# - 
#   name: geom_model_gaussian1_depth_error
#   datatype: float32
#   unit: mag
#   description: "Uncertainty of \\texttt{geomModelGaussian1Depth}"
#   meta:
#     ucd: stat.error;src.var.amplitude
# - 
#   name: geom_model_gaussian2_phase
#   datatype: float32
#   description: Phase of Gaussian 2 component
#   meta:
#     ucd: time.phase
# - 
#   name: geom_model_gaussian2_phase_error
#   datatype: float32
#   description: "Uncertainty of \\texttt{geomModelGaussian2Phase}"
#   meta:
#     ucd: stat.error;time.phase
# - 
#   name: geom_model_gaussian2_sigma
#   datatype: float32
[...]
#   datatype: float32
#   description: "Secondary eclipse: uncertainty of \\texttt{derivedSecondaryEclDuration}"
#   meta:
#     ucd: stat.error;time.duration
# - 
#   name: derived_secondary_ecl_depth
#   datatype: float32
#   unit: mag
#   description: "Secondary eclipse: depth"
#   meta:
#     ucd: src.var.amplitude
# - 
#   name: derived_secondary_ecl_depth_error
#   datatype: float32
#   unit: mag
#   description: "Secondary eclipse: uncertainty of \\texttt{derivedSecondaryEclDepth}"
#   meta:
#     ucd: stat.error;src.var.amplitude
solution_id,source_id,global_ranking,reference_time,frequency,frequency_error,geom_model_reference_level,geom_model_reference_level_error,geom_model_gaussian1_phase,geom_model_gaussian1_phase_error,geom_model_gaussian1_sigma,geom_model_gaussian1_sigma_error,geom_model_gaussian1_depth,geom_model_gaussian1_depth_error,geom_model_gaussian2_phase,geom_model_gaussian2_phase_error,geom_model_gaussian2_sigma,geom_model_gaussian2_sigma_error,geom_model_gaussian2_depth,geom_model_gaussian2_depth_error,geom_model_cosine_half_period_amplitude,geom_model_cosine_half_period_amplitude_error,geom_model_cosine_half_period_phase,geom_model_cosine_half_period_phase_error,model_type,num_model_parameters,reduced_chi2,derived_primary_ecl_phase,derived_primary_ecl_phase_error,derived_primary_ecl_duration,derived_primary_ecl_duration_error,derived_primary_ecl_depth,derived_primary_ecl_depth_error,derived_secondary_ecl_phase,derived_secondary_ecl_phase_error,derived_secondary_ecl_duration,derived_secondary_ecl_duration_error,derived_secondary_ecl_depth,derived_secondary_ecl_depth_error
[from data line 114]
375316653866487564,4261330181602736384,0.5773796,2175.7633460790657,2.264231637448632,1.386719E-5,19.436584,0.018123468,0.25906134,0.0076618474,0.08705916,0.012579435,0.19771788,0.023410577,0.75605965,0.0075701773,0.061118525,0.0078778,0.52817035,0.06072486,null,null,null,null,"TWOGAUSSIANS",8,1.1218245,0.75605965,0.0075701773,0.34226376,0.044115677,0.52636963,0.061887793,0.25906134,0.0076618474,0.4,0.0,0.19591713,0.022376146
375316653866487564,4261330211651771136,0.5798006,2213.597468775692,1.7489432310402195,5.448131E-5,19.075886,0.035506416,0.3054435,0.028598106,0.08261368,0.032064248,0.5265108,0.07389859,0.8231421,0.015829092,0.066181056,0.014373457,0.29608065,0.04742147,null,null,null,null,"TWOGAUSSIANS",8,2.1316004,0.3054435,0.028598106,0.4,0.0,0.524608,0.08410364,0.8231421,0.01580249,0.3706139,0.07191717,0.2941779,0.041634172
375316653866487564,4261330383450546560,0.54894936,2187.24924506041,3.2199654034623473,4.2197255E-5,18.930851,0.009664552,0.31249112,0.006371046,0.0587782,0.007079594,0.43179548,0.046869796,0.8139541,0.087742515,0.05840856,0.057257947,0.43628958,14949.912,null,null,null,null,"TWOGAUSSIANS",8,4.4232183,0.8139541,0.087742515,0.32708794,0.3206445,0.43619788,14949.912,0.31249112,0.006371046,0.32915792,0.039645724,0.43170378,0.046913184
375316653866487564,4261330559559823104,0.5450389,2186.9383046086255,3.6960759543755772,2.6580314E-5,19.248203,0.07435774,0.22981456,0.029688276,0.13326164,0.07915037,0.18989898,0.18329175,0.74168116,0.005216296,0.08957636,0.014804521,0.34957826,0.06616508,null,null,null,null,"TWOGAUSSIANS",8,2.1995707,0.7417512,0.005128395,0.4,0.0,0.31680286,0.025540287,0.22981456,0.029688276,0.4,0.0,0.1567731,0.21965249
375316653866487564,4261331792203034112,0.5316712,2253.94343594599,2.0214263048478736,1.9508368E-5,16.245544,0.17198883,0.24832703,0.011882095,0.105872154,0.10981141,0.23792581,0.12516615,0.76014113,0.0042365594,0.095376424,0.025201421,0.2702522,0.1290868,null,null,null,null,"TWOGAUSSIANS",8,43.35743,0.7601511,0.0039905133,0.4,0.0,0.25039387,0.024592036,0.24832703,0.011864948,0.4,0.0,0.21806045,0.14342639
375316653866487564,4261331964006947968,0.5419741,2319.7831029028516,0.026716696845027758,9.999525E-5,19.312899,0.011503196,0.4286102,0.03105544,0.15480359,0.027098937,0.24904828,0.03282814,0.7480099,0.031011427,0.055809613,0.032448046,0.2750501,0.31847575,null,null,null,null,"TWOGAUSSIANS",8,1.4587848,0.7480099,0.031011427,0.31253386,0.18170907,0.30136433,0.33738142,0.4286102,0.03105544,0.4,0.0,0.24570654,0.03413799
375316653866487564,4261333445778164224,0.49090216,2166.487553130812,3.767224218187538,5.7998262E-5,19.158049,0.02224611,0.19856471,0.0112060495,0.077649705,0.024090996,0.1369918,0.033854313,0.7515601,0.012367575,0.08288276,0.018977443,0.1672969,0.022532426,null,null,null,null,"TWOGAUSSIANS",8,1.8776563,0.7515601,0.0123654,0.4,0.0,0.1664925,0.019864501,0.19856471,0.011206129,0.4,0.034428727,0.13618748,0.033078767
375316653866487564,4261333785064739840,0.57654035,2187.328380468725,3.2071111110054513,1.7398143E-5,18.692125,0.014479615,0.3219103,0.0077816346,0.07493958,0.009447568,0.5475438,0.09014209,0.80918884,0.0030035751,0.09283253,0.005357674,0.44729733,0.016278958,null,null,null,null,"TWOGAUSSIANS",8,1.6826445,0.3219103,0.0077816346,0.4,0.012570565,0.53843915,0.09376768,0.80918884,0.0030035751,0.4,0.0,0.43819213,0.017316945
375316653866487564,4261334373491342336,0.46445373,2194.2418359133953,4.484135692350972,1.903217E-5,19.29268,0.01649367,0.27301466,0.007832867,0.07237301,0.015168603,0.24105574,0.043185707,0.66023785,0.0048087705,0.04952638,0.005806926,0.14384882,0.025457323,null,null,null,null,"TWOGAUSSIANS",8,3.2515042,0.27301466,0.007832867,0.4,0.022337345,0.24105449,0.043193784,0.66023785,0.0048087705,0.2773477,0.03251879,0.14384772,0.025456076
375316653866487564,4261334506619321856,0.57540977,2199.3786193831693,2.7331420272812696,2.7974425E-5,18.73422,0.03045491,0.23715125,0.013256914,0.0792395,0.019843947,0.5584632,0.09095611,0.75039196,0.006777818,0.092052944,0.011913454,0.44002005,0.033193994,null,null,null,null,"TWOGAUSSIANS",8,4.5382786,0.23715125,0.013256914,0.4,0.0,0.54748136,0.11124354,0.75039196,0.006777818,0.4,0.0,0.42903775,0.03270291
375316653866487564,4261334506619349248,0.5990694,2221.0663175327777,2.4270907278996194,2.8303257E-5,18.777765,0.012928841,0.16719437,0.006959224,0.07301094,0.007036653,0.40113074,0.040533815,0.6628742,0.004295915,0.06545832,0.005100605,0.55675346,0.023015263,null,null,null,null,"TWOGAUSSIANS",8,2.4841118,0.6628742,0.004295915,0.3665666,0.028563388,0.55552405,0.022983417,0.16719437,0.006959224,0.4,0.0145561835,0.39990133,0.040726576
375316653866487564,4261334545290115712,0.5924063,2185.62041463852,2.4519138994706546,7.027574E-6,18.317642,0.032972775,0.24521884,0.024669198,0.06706754,0.025530383,0.5559777,0.24457967,0.7393037,0.0021748221,0.071608886,0.0050090444,0.54966575,0.041543454,null,null,null,null,"TWOGAUSSIANS",8,8.183037,0.24521884,0.024669198,0.37557825,0.081381604,0.5545545,0.24465567,0.7393037,0.0021748221,0.4,0.0042345235,0.54824257,0.038291015
375316653866487564,4261334815858791552,0.5067538,2190.8362174362205,2.8957641027114693,1.4051995E-5,19.60584,0.024796452,0.20518334,0.0057768202,0.07330894,0.013875573,0.5091371,0.09848099,0.6981687,0.0028311317,0.068681344,0.010418466,0.521511,0.08753396,null,null,null,null,"TWOGAUSSIANS",8,1.7444723,0.6981687,0.0028311317,0.38461554,0.051435705,0.5197571,0.0898525,0.20518334,0.0057768202,0.4,0.0013889532,0.5073831,0.10355442
375316653866487564,4261335335564246784,0.45877784,2188.1785905549327,4.222477650974715,5.59328E-5,19.621595,0.060258944,0.51295817,0.018679533,0.11558074,0.023701586,0.31167558,0.07004538,0.9624358,0.039097466,0.117613204,0.05015814,0.1849731,0.058464646,null,null,null,null,"TWOGAUSSIANS",8,2.5212653,0.5131282,0.018618444,0.4,0.0,0.28251117,0.041507434,0.9624358,0.039097466,0.4,0.011145193,0.15584627,0.02498147
375316653866487564,4261335473020144768,0.6436735,2267.921882841135,3.4973629507860546,2.4778774E-5,16.81431,0.029515948,0.2573177,0.016523106,0.0996393,0.022277934,0.27088457,0.033810593,0.7737136,0.0076678,0.086913005,0.012496107,0.24917978,0.025884645,null,null,null,null,"TWOGAUSSIANS",8,6.229179,0.2573177,0.016523106,0.4,0.0,0.2596115,0.009489196,0.7737136,0.0076678996,0.4,0.0,0.23790912,0.015070596
375316653866487564,4261336228934381568,0.5510853,2228.6554834812946,2.037320786619844,2.2043267E-5,15.459675,0.011602552,0.31791165,0.010541594,0.11441834,0.027509727,0.055268545,0.011213241,0.7784631,0.0031522522,0.10730013,0.015072174,0.08698232,0.009156388,null,null,null,null,"TWOGAUSSIANS",8,5.3728833,0.7784631,0.0031522522,0.4,0.0,0.07991667,0.0029302014,0.31799164,0.010541032,0.4,0.0,0.048194297,0.006914253
375316653866487564,4261336538154939392,0.5098823,2225.3637597812926,1.74676439056415,4.7702113E-5,19.134802,0.007488972,0.35081533,0.011910103,0.01756215,0.004737132,0.3629384,0.16680935,0.852074,0.05254111,0.06784726,0.031319026,0.02880976,0.07098415,null,null,null,null,"TWOGAUSSIANS",8,2.9855657,0.35081533,0.011910103,0.09834804,0.02652794,0.3629384,0.16680922,0.852074,0.05254111,0.37994462,0.17238303,0.028809758,0.07098415
375316653866487564,4261336602561112832,0.49204072,2237.5935101220794,1.0339912868718675,3.957065E-5,18.753618,0.0048564537,0.6608654,0.014631924,0.043003164,0.008421565,0.15441136,0.030023746,0.5007523,0.028692218,0.086131915,0.016958026,0.106916554,0.0074954955,null,null,null,null,"TWOGAUSSIANS",8,1.7079059,0.6555054,0.014581165,0.24081771,0.047160767,0.1745012,0.02036179,0.5017323,0.1371806,0.4,0.0,0.10707373,0.077548794
375316653866487564,4261336671280617984,0.6035216,2218.8084223343426,0.17639959767530838,1.5052599E-4,16.699509,0.019304547,0.6939771,0.005232022,0.021501824,0.0032863207,1.4364576,0.11971757,null,null,null,null,null,null,null,null,null,null,"ONEGAUSSIAN",5,196.48778,0.6939771,0.005232022,0.12041021,0.018403396,1.4364576,0.0,null,null,null,null,null,null
375316653866487564,4261336671283115776,0.5324959,2249.3017735326316,3.364287307644904,3.0041658E-5,18.882217,0.009515607,0.2364453,0.05911935,0.057082906,0.014380539,0.20382872,0.25765073,0.74568456,0.005892657,0.06480688,0.006473834,0.26513118,0.014455773,null,null,null,null,"TWOGAUSSIANS",8,2.392802,0.74568456,0.005892657,0.36291853,0.03625347,0.2650553,0.014406987,0.2364453,0.05911935,0.31966427,0.080531016,0.20375286,0.2576884
375316653866487564,4261336881769149056,0.53764105,2201.321606813019,2.2686669627942235,2.202531E-5,17.201996,0.015303407,0.25213793,0.010394622,0.08974795,0.01267384,0.21031429,0.0155996075,0.77028704,0.0083130635,0.10435781,0.0113479495,0.18684275,0.01713419,null,null,null,null,"TWOGAUSSIANS",8,7.9303856,0.25212792,0.010391748,0.4,0.0,0.19917503,0.011110102,0.77028704,0.0083130635,0.4,0.0,0.17569841,0.012250355
375316653866487564,4261336946187150848,0.45842734,2245.5416014117536,2.3234206548944414,2.575188E-5,19.257935,0.04371037,0.25159982,0.043997973,0.06745814,0.03728017,0.25219703,0.15236208,0.7609529,0.0075044413,0.067315266,0.020826124,0.42952582,0.17599612,null,null,null,null,"TWOGAUSSIANS",8,9.0090885,0.7609529,0.0075044413,0.3769655,0.08787842,0.4290064,0.17842384,0.25159982,0.043997973,0.3777656,0.122442596,0.2516776,0.14990763
375316653866487564,4261337152332120960,0.5196525,2298.502817716358,2.7163144751608796,5.0671657E-5,18.651876,0.15050851,0.3313847,0.013621392,0.10632348,0.05242629,0.22109042,0.14280456,0.8317026,0.017441701,0.1114574,0.06326442,0.18419594,0.14087757,null,null,null,null,"TWOGAUSSIANS",8,3.2595222,0.3313847,0.01360606,0.4,0.0,0.19238666,0.015962662,0.8317026,0.017451556,0.4,0.0,0.15548341,0.031051468
375316653866487564,4261337362790830720,0.40765676,2297.1513701418226,3.1935499723639857,2.422512E-4,19.797209,0.01502453,0.17667735,0.05367486,0.08301047,0.060038175,0.0970064,0.099727586,0.7088318,0.06274352,0.06426885,0.042703815,0.17966336,0.59922254,null,null,null,null,"TWOGAUSSIANS",8,2.0009692,0.7088318,0.06274352,0.35990554,0.13111953,0.1792979,0.5995229,0.17667735,0.053673193,0.4,0.25129715,0.09664094,0.10049231
375316653866487564,4261338153078998272,0.55786306,2222.4480188858365,2.874303839994867,2.310714E-5,16.98925,0.013289119,0.33110684,0.004319604,0.08435907,0.0066938153,0.42313296,0.021027658,0.84493095,0.0061880033,0.080648854,0.0067463606,0.34368363,0.040485702,null,null,null,null,"TWOGAUSSIANS",8,24.954342,0.33110684,0.004319604,0.4,0.0,0.41714138,0.021162935,0.84493095,0.0061880033,0.4,0.0,0.33769208,0.04143539
375316653866487564,4261338221779321088,0.54480535,2148.6419778707927,3.288611802325404,4.4238517E-5,19.542793,0.024954705,0.21268907,0.0071293586,0.061101224,0.00667174,0.7406742,0.044087697,0.70721006,0.01220469,0.07078939,0.016375398,0.6770575,0.18531612,null,null,null,null,"TWOGAUSSIANS",8,4.7125406,0.21268907,0.0071293586,0.34216687,0.037361745,0.73976463,0.04376873,0.70721006,0.01220469,0.39642057,0.021803638,0.67614794,0.18716834
375316653866487564,4261340077205302400,0.51452106,2205.6444024313582,0.37793832459724847,7.8977406E-5,19.511518,0.010009786,0.19162738,0.0058142506,0.031232327,0.003361965,0.5526438,0.14087339,0.56770915,0.12838583,0.10775294,0.10441246,0.1383094,18.580671,null,null,null,null,"TWOGAUSSIANS",8,2.3561318,0.1916474,0.0058056493,0.17490104,0.018827004,0.55294305,0.14090313,0.56770915,0.12838583,0.4,0.28268874,0.1382955,18.580708
375316653866487564,4261340386442878720,0.5275019,2225.8271137432316,2.628833741906402,2.7502643E-5,16.651,0.020475548,0.26401007,0.015128446,0.06740865,0.0118127195,0.17628823,0.051371686,0.7352011,0.0063748853,0.044287898,0.027710138,0.27742025,28.230396,0.10654506,0.025382888,0.7352011,0.0063748853,"TWOGAUSSIANS_WITH_ELLIPSOIDAL_ON_ECLIPSE2",9,69.67624,0.7352011,0.0063748853,0.24801221,0.15517677,0.4904764,28.254108,0.2553101,0.011281893,0.37748843,0.05999192,0.38449857,0.024509463
375316653866487564,4261340588293025664,0.49415287,2206.3670419703044,0.15822811344157936,8.7582E-5,18.848085,0.004668101,0.434831,0.018204166,0.048098363,0.009861565,0.72302854,0.5223805,null,null,null,null,null,null,null,null,null,null,"ONEGAUSSIAN",5,1.6937155,0.434831,0.018204166,0.26935083,0.055224765,0.72302854,0.0,null,null,null,null,null,null
375316653866487564,4261340760089361920,0.5629915,2178.447828152557,0.06790796262470697,3.7116937E-5,16.051672,0.021877099,0.18494122,0.009535815,0.057477776,0.0355156,0.3447596,0.25937098,0.81561506,0.0017019914,0.0065564443,0.0037158018,0.18766677,1.6247896,0.03393268,0.032380022,0.18494122,0.009535815,"TWOGAUSSIANS_WITH_ELLIPSOIDAL_ON_ECLIPSE1",9,37.197643,0.18494122,0.009535815,0.32187554,0.08618171,0.4125984,0.24061087,0.81561506,0.0017019914,0.03671609,0.02080849,0.21915556,1.6260768
375316653866487564,4261342271928897408,0.5679679,2224.890338553709,3.2218212290207324,1.7382092E-5,18.784485,0.00954353,0.2805503,0.004186804,0.08472654,0.005714409,0.5080899,0.037351213,0.7852578,0.0040717414,0.07313793,0.006225561,0.4383775,0.07433702,null,null,null,null,"TWOGAUSSIANS",8,2.4428184,0.2805503,0.004186804,0.4,0.0,0.5023809,0.0382906,0.7852578,0.0040717414,0.4,0.019247238,0.43266854,0.07611998
375316653866487564,4261342512447078144,0.6179439,2189.686454608811,3.687929361835691,9.058184E-6,18.535322,0.008721772,0.26222315,0.0013601605,0.054449517,0.0020299726,0.83826774,0.029076917,0.776006,0.014072039,0.067982465,0.008478865,0.78396654,0.2026973,null,null,null,null,"TWOGAUSSIANS",8,3.8306134,0.26222315,0.0013601605,0.3049173,0.011367846,0.83802706,0.029074356,0.776006,0.014072039,0.3807018,0.026550163,0.7837258,0.20326701
375316653866487564,4261343616277664000,0.5741248,2221.1640893529343,2.9297564292870066,2.0709203E-5,18.227709,0.0092731835,0.2224274,0.007762275,0.028580492,0.0076635065,0.23657252,0.029304197,0.7223589,0.0010956418,0.030823328,0.0023281127,0.47782907,0.040497437,0.03962256,0.012387124,0.2224274,0.007762275,"TWOGAUSSIANS_WITH_ELLIPSOIDAL_ON_ECLIPSE1",9,6.5794487,0.7223589,0.0010945312,0.17261063,0.013037431,0.5570741,0.04082422,0.2224274,0.007762275,0.16005075,0.042915635,0.31581765,0.028678337
375316653866487564,4261344818849975040,0.48077714,2204.0911459197036,2.7085759168329706,2.8352653E-5,15.952993,1.1111808,0.15450825,0.006773549,0.2449163,0.19818015,0.92172295,1.0853927,0.6543346,0.011870042,0.1522036,0.08409919,0.71814173,0.74638194,null,null,null,null,"TWOGAUSSIANS",8,48.182243,0.6543346,0.011891958,0.4,0.0,0.20650367,0.02334173,0.15454826,0.007007963,0.4,0.0,0.18763272,0.026511349
375316653866487564,4261345162465799296,0.6012064,2203.8025250490487,1.5872016062538625,9.498879E-6,16.384201,0.59349275,0.30078387,0.0012394112,0.2674905,0.13746853,0.8486764,0.56622285,0.798266,0.0015734663,0.13788009,0.037369955,0.63091856,0.31794596,null,null,null,null,"TWOGAUSSIANS",8,3.5987349,0.798266,0.0015734663,0.4,0.0,0.24481285,0.012958803,0.30105388,0.0012576461,0.4,0.0,0.17002636,0.020975148
375316653866487564,4261345295577616896,0.59426403,2202.9115214984568,0.9580795916353436,4.4925386E-5,18.109598,0.0046765283,0.55607516,0.018570766,0.019264229,0.017526325,0.09622091,0.057558127,0.429833,0.003577327,0.03744379,0.0030989903,0.45607758,0.03191441,0.001819883,0.0047649094,0.429833,0.003577327,"TWOGAUSSIANS_WITH_ELLIPSOIDAL_ON_ECLIPSE2",9,3.2414234,0.429833,0.0035334066,0.20968522,0.017354345,0.45971733,0.03262888,0.55541515,0.12187499,0.10787968,0.09814742,0.09961709,0.36353534
375316653866487564,4261345604823588096,0.4829498,2204.8202475986354,0.7154604045520799,2.0748105E-4,19.522852,0.0105774915,0.21490638,0.050982174,0.053727306,0.016597295,0.18947989,0.17081924,0.5409174,0.076236844,0.06023645,0.04235842,0.3033038,0.2532465,null,null,null,null,"TWOGAUSSIANS",8,2.0414429,0.5409174,0.076236844,0.3373241,0.1125995,0.3033038,0.2533641,0.21490638,0.05096298,0.30087292,0.092944846,0.18948,0.17081626
