Gaia/vari_eclipsing_binary/VariEclipsingBinary_780680-780934.csv
# %ECSV 1.0
# ---
# delimiter: ','
# meta: !!omap
# - RELEASE: Gaia DR3
# - TABLE: vari_eclipsing_binary
# - DESCRIPTION: >
#     This table describes the properties of the eclipsing binaries resulting from the variability analysis. 
# - CITATION: >
#     How to cite and acknowledge Gaia: 
#     https://gea.esac.esa.int/archive/documentation/credits.html 
# - KNOWN_ISSUES: >
#     Known issues: 
#     https://www.cosmos.esa.int/web/gaia-users/known-issues 
# - DOCUMENTATION: >
#     Tutorials and documentation: 
#     https://www.cosmos.esa.int/web/gaia-users/archive 
# datatype:
# - 
#   name: solution_id
#   datatype: int64
#   description: Solution Identifier
#   meta:
#     ucd: meta.version
# - 
#   name: source_id
#   datatype: int64
#   description: Unique source identifier
#   meta:
#     ucd: meta.id;meta.main
# - 
#   name: global_ranking
#   datatype: float32
#   description: Number between 0 (worst) and 1 (best)
#   meta:
#     ucd: stat.param
# - 
#   name: reference_time
#   datatype: float64
#   unit: d
#   description: Reference time used for the geometric model fit
#   meta:
#     ucd: time.epoch
# - 
#   name: frequency
#   datatype: float64
#   unit: d**-1
#   description: Frequency of geometric model of the eclipsing binary light curve
#   meta:
#     ucd: src.orbital
# - 
#   name: frequency_error
#   datatype: float32
#   unit: d**-1
#   description: "Uncertainty of \\texttt{frequency}"
#   meta:
#     ucd: stat.error
# - 
#   name: geom_model_reference_level
#   datatype: float32
#   unit: mag
#   description: Magnitude reference level of geometric model
#   meta:
#     ucd: phot.mag;em.opt
# - 
#   name: geom_model_reference_level_error
#   datatype: float32
#   unit: mag
#   description: "Uncertainty of \\texttt{geomModelReferenceLevel}"
#   meta:
#     ucd: stat.error;phot.mag;em.opt
# - 
#   name: geom_model_gaussian1_phase
#   datatype: float32
#   description: Phase of the Gaussian 1 component
#   meta:
#     ucd: time.phase
# - 
#   name: geom_model_gaussian1_phase_error
#   datatype: float32
#   description: "Uncertainty of \\texttt{geomModelGaussian1Phase}"
#   meta:
#     ucd: stat.error;time.phase
# - 
#   name: geom_model_gaussian1_sigma
#   datatype: float32
#   description: "Standard deviation [phase] of Gaussian 1 component"
#   meta:
#     ucd: stat.stdev
# - 
#   name: geom_model_gaussian1_sigma_error
#   datatype: float32
#   description: "Uncertainty of \\texttt{geomModelGaussian1Sigma}"
#   meta:
#     ucd: stat.error
# - 
#   name: geom_model_gaussian1_depth
#   datatype: float32
#   unit: mag
#   description: Magnitude depth of Gaussian 1 component
#   meta:
#     ucd: src.var.amplitude
# - 
#   name: geom_model_gaussian1_depth_error
#   datatype: float32
#   unit: mag
#   description: "Uncertainty of \\texttt{geomModelGaussian1Depth}"
#   meta:
#     ucd: stat.error;src.var.amplitude
# - 
#   name: geom_model_gaussian2_phase
#   datatype: float32
#   description: Phase of Gaussian 2 component
#   meta:
#     ucd: time.phase
# - 
#   name: geom_model_gaussian2_phase_error
#   datatype: float32
#   description: "Uncertainty of \\texttt{geomModelGaussian2Phase}"
#   meta:
#     ucd: stat.error;time.phase
# - 
#   name: geom_model_gaussian2_sigma
#   datatype: float32
[...]
#   datatype: float32
#   description: "Secondary eclipse: uncertainty of \\texttt{derivedSecondaryEclDuration}"
#   meta:
#     ucd: stat.error;time.duration
# - 
#   name: derived_secondary_ecl_depth
#   datatype: float32
#   unit: mag
#   description: "Secondary eclipse: depth"
#   meta:
#     ucd: src.var.amplitude
# - 
#   name: derived_secondary_ecl_depth_error
#   datatype: float32
#   unit: mag
#   description: "Secondary eclipse: uncertainty of \\texttt{derivedSecondaryEclDepth}"
#   meta:
#     ucd: stat.error;src.var.amplitude
solution_id,source_id,global_ranking,reference_time,frequency,frequency_error,geom_model_reference_level,geom_model_reference_level_error,geom_model_gaussian1_phase,geom_model_gaussian1_phase_error,geom_model_gaussian1_sigma,geom_model_gaussian1_sigma_error,geom_model_gaussian1_depth,geom_model_gaussian1_depth_error,geom_model_gaussian2_phase,geom_model_gaussian2_phase_error,geom_model_gaussian2_sigma,geom_model_gaussian2_sigma_error,geom_model_gaussian2_depth,geom_model_gaussian2_depth_error,geom_model_cosine_half_period_amplitude,geom_model_cosine_half_period_amplitude_error,geom_model_cosine_half_period_phase,geom_model_cosine_half_period_phase_error,model_type,num_model_parameters,reduced_chi2,derived_primary_ecl_phase,derived_primary_ecl_phase_error,derived_primary_ecl_duration,derived_primary_ecl_duration_error,derived_primary_ecl_depth,derived_primary_ecl_depth_error,derived_secondary_ecl_phase,derived_secondary_ecl_phase_error,derived_secondary_ecl_duration,derived_secondary_ecl_duration_error,derived_secondary_ecl_depth,derived_secondary_ecl_depth_error
[from data line 332]
375316653866487564,6868820937412213888,0.54160476,2133.217345252188,0.16787735462449566,7.938371E-5,18.238468,0.010618393,0.15551955,0.022308338,0.063774504,0.04354541,0.041187584,0.030895397,0.5722291,0.008437405,0.0689632,0.009383189,0.3015608,0.19495392,null,null,null,null,"TWOGAUSSIANS",8,2.170395,0.5722291,0.008437405,0.38619393,0.042495944,0.3015463,0.19496478,0.15551955,0.022308338,0.35713723,0.11989512,0.041173108,0.030991472
375316653866487564,6868832624020550272,0.62038046,2065.8933521239755,3.5702617829901335,8.550679E-6,16.994045,0.008577195,0.12883744,0.0017246902,0.039197326,0.008829544,0.2980508,0.02666139,0.630832,0.0035254755,0.044717323,0.0050191907,0.41125488,0.06513924,0.14416686,0.014773763,0.12883744,0.0017246902,"TWOGAUSSIANS_WITH_ELLIPSOIDAL_ON_ECLIPSE1",9,12.718982,0.630832,0.0034631486,0.250417,0.028107466,0.6995432,0.06989494,0.12883744,0.0017246902,0.21950503,0.04944545,0.5863844,0.035062574
375316653866487564,6868835024902248704,0.49945414,2241.6411702732403,0.4926974512475597,6.4943444E-5,17.642483,0.011588943,0.2426304,0.013960731,0.08506775,0.016322792,0.1823125,0.024771437,0.5808841,0.030119296,0.15465446,0.03473697,0.09367415,0.01156829,null,null,null,null,"TWOGAUSSIANS",8,12.181295,0.2477204,0.012340121,0.4,0.0,0.18624248,0.026714796,0.5808841,0.030119296,0.4,0.0,0.0887867,0.009957934
375316653866487564,6868850040108538624,0.49690565,2148.193405920534,1.2477693010008672,1.5039126E-5,17.007921,0.011887787,0.3330074,0.020073073,0.032178544,0.009465526,0.30263886,0.09803703,0.8474706,0.010549397,0.031570654,0.012766139,0.42312217,0.9424037,null,null,null,null,"TWOGAUSSIANS",8,69.813835,0.8474706,0.010549397,0.17679566,0.07149038,0.42312217,0.9424037,0.3330074,0.020073073,0.18019985,0.053006943,0.30263886,0.09803703
375316653866487564,6868851551936535168,0.52145493,2272.195243038198,0.0880469704637383,6.0779344E-5,18.088024,0.0051530576,0.1302517,0.006554609,0.05098334,0.0058512497,0.27568072,0.046327796,0.62807214,0.0013457186,0.031727288,0.002716955,0.34458143,0.015606859,null,null,null,null,"TWOGAUSSIANS",8,4.65687,0.62807214,0.0013457186,0.17767282,0.015214948,0.34458143,0.015606864,0.1302517,0.006554609,0.2855067,0.032766998,0.27568072,0.046327803
375316653866487564,6868855473245911936,0.4859604,2259.60046528394,3.4069363470642284,2.3544402E-5,17.2749,0.047079295,0.30276504,0.005731185,0.102727376,0.02235774,0.18215743,0.04328299,0.79967576,0.012485574,0.105775155,0.030030102,0.1666749,0.05134441,null,null,null,null,"TWOGAUSSIANS",8,13.987562,0.30276504,0.005727915,0.4,0.0,0.1632173,0.015022715,0.79967576,0.012506589,0.4,0.0,0.14773269,0.023742659
375316653866487564,6868860043087362048,0.45498025,2204.9897123409005,3.8757445560992165,6.168759E-5,18.308025,0.032808974,0.21323708,0.008494989,0.1014431,0.014381346,0.22688194,0.036110904,0.66961354,0.025639933,0.10757398,0.04478398,0.2252936,0.16423005,null,null,null,null,"TWOGAUSSIANS",8,17.584599,0.21328707,0.008459047,0.4,0.0,0.21155897,0.02221183,0.66961354,0.025639933,0.4,0.0035984092,0.2099514,0.1755473
375316653866487564,6868861756779321472,0.5470345,2197.8744220720896,2.982153781774822,8.152743E-6,17.703657,0.011066013,0.20506565,0.005779042,0.11522584,0.011762444,0.1365587,0.010433734,0.7847099,0.012019713,0.049735546,0.00859514,0.10809987,0.014379111,null,null,null,null,"TWOGAUSSIANS",8,1.9048511,0.20506565,0.005779042,0.4,0.0,0.13607098,0.009648286,0.78483987,0.012011103,0.27851906,0.048132785,0.10778889,0.013754651
375316653866487564,6868862551351975552,0.55952716,2202.1261286061094,2.6286226144787213,1.2088755E-5,16.61411,0.20105855,0.21559662,0.0029423623,0.052404206,0.046847813,0.075252965,0.37010765,0.66395074,0.05825073,0.029847555,0.070168965,0.16596062,0.22359967,0.17846572,0.171574,0.21559662,0.0029423623,"TWOGAUSSIANS_WITH_ELLIPSOIDAL_ON_ECLIPSE1",9,40.377045,0.6705708,0.0518369,0.16714631,0.22455128,0.49104553,0.12594362,0.21559662,0.0029423623,0.29346356,0.116572134,0.4321833,0.016879411
375316653866487564,6868864299401727232,0.6447352,2119.4747068535007,1.586548332047079,2.7298972E-6,16.286903,0.0037671174,0.288152,0.006400982,0.055020124,0.004973081,0.1023129,0.004765245,0.7910549,0.0015796125,0.04635321,0.0016933464,0.3586617,0.0062165046,null,null,null,null,"TWOGAUSSIANS",8,7.8316226,0.7910549,0.0015796125,0.25957796,0.00948274,0.35866007,0.0062167267,0.288152,0.006400982,0.30811268,0.027849253,0.10231128,0.0047646454
375316653866487564,6868865471925849600,0.5252118,2199.7825059585252,3.9217490245430815,2.5202413E-5,18.935268,0.009813643,0.23254971,0.065037996,0.063315965,0.049173947,0.28090984,0.19049753,0.7509824,0.011978371,0.07190758,0.014671063,0.259864,0.012479127,null,null,null,null,"TWOGAUSSIANS",8,2.082106,0.23254971,0.065037996,0.35456938,0.2753741,0.28056404,0.19075778,0.7509824,0.011978371,0.4,0.014411259,0.2595182,0.012902752
375316653866487564,6868867739668592768,0.48629484,2196.1752434408686,4.085083572021801,2.3058741E-5,18.601997,0.005514483,0.29997846,0.0070485845,0.034935758,0.006603416,0.11256245,0.02763125,null,null,null,null,null,null,0.053823125,0.014027989,0.29997846,0.0070485845,"ONEGAUSSIAN_WITH_ELLIPSOIDAL",6,4.446583,0.29997846,0.0070485845,0.19564024,0.03697913,0.22020867,0.027818153,null,null,null,null,null,null
375316653866487564,6868870763329312768,0.51995665,2132.86756014668,0.5458552702935686,3.7369522E-5,13.6320095,0.009007587,0.23065376,0.005367564,0.037092682,0.018746903,6.360845,824.337,0.7584923,0.0029242206,0.060183212,0.013076787,1.0461321,1.3642974,null,null,null,null,"TWOGAUSSIANS",8,786.70703,0.23065376,0.005367564,0.20771901,0.10498266,6.3608437,824.337,0.7584923,0.0029242206,0.337026,0.073230006,1.0461305,1.3643013
375316653866487564,6868876913722554624,0.5763039,2172.9853164123933,3.767885496759992,2.39099E-5,17.3512,0.048269775,0.19528486,0.0058994093,0.1147968,0.028289165,0.16650532,0.046530023,0.72376907,0.009399458,0.096320055,0.019774277,0.16259861,0.047215484,null,null,null,null,"TWOGAUSSIANS",8,2.3514657,0.19528486,0.0058508213,0.4,0.0,0.15221289,0.010524433,0.7238291,0.009303983,0.4,0.0,0.14834546,0.012663488
375316653866487564,6868879215824964224,0.42579854,2163.761636540173,0.1670415412375114,5.1840416E-5,17.563725,0.04933092,null,null,null,null,null,null,null,null,null,null,null,null,0.13351625,0.056397554,0.19901301,0.016340585,"ELLIPSOIDAL",4,106.241905,null,null,null,null,null,null,null,null,null,null,null,null
375316653866487564,6868882063385538816,0.53791237,2203.73951707818,1.0204750734907522,4.6036093E-5,16.603292,0.003119847,0.15673709,0.010355765,0.03835406,0.008736213,0.108148925,0.077217005,0.7261099,0.13555303,0.06423632,0.043570112,0.5905485,7.354246,null,null,null,null,"TWOGAUSSIANS",8,6.1970897,0.7261099,0.13555303,0.35972342,0.24399263,0.5905484,7.3542466,0.15673709,0.010355765,0.21478276,0.04892279,0.108148806,0.077217184
375316653866487564,6868883884451520640,0.5268077,2121.809735499919,3.398492179544549,2.8288629E-5,18.713984,0.021408485,0.21766421,0.019008202,0.07486688,0.011351435,0.42408457,0.08239252,0.705052,0.009073917,0.08246756,0.01383096,0.33956268,0.020199357,null,null,null,null,"TWOGAUSSIANS",8,7.0455847,0.21766421,0.019008202,0.4,0.012333173,0.42035374,0.08119821,0.705052,0.009073917,0.4,0.0,0.33583185,0.017868256
375316653866487564,6868884369785812224,0.4843686,2162.2666173695743,3.7174157437109963,4.913279E-5,17.651686,0.019837497,0.14487678,0.01590557,0.07699297,0.050637525,0.084184326,1.3833929,0.6878484,0.012807129,0.063129,0.01546821,0.12917642,0.030348703,null,null,null,null,"TWOGAUSSIANS",8,8.421269,0.6878484,0.012807129,0.35352242,0.08662198,0.12906529,0.030288907,0.14487678,0.01590557,0.4,0.23198892,0.08407319,1.3835099
375316653866487564,6868888316859065600,0.47064948,2198.8314876395802,1.1717930996702859,4.736727E-5,18.834846,0.040999662,0.12118543,0.017722368,0.033441138,0.020923832,0.11017496,0.18944862,0.53054535,0.01871018,0.1614014,0.032170683,0.22479863,0.03960631,null,null,null,null,"TWOGAUSSIANS",8,7.4116344,0.53054535,0.01871018,0.4,0.0,0.22042878,0.02501937,0.12258543,0.016655851,0.18727037,0.11717346,0.11519246,0.18925035
375316653866487564,6868888523016078336,0.51942754,2153.6314890164304,3.2421890980104378,1.6074893E-5,18.383348,0.069840185,0.31609657,0.036587987,0.092215806,0.066734366,0.33098835,0.058514956,0.83382046,0.024444776,0.06511983,0.02368423,0.27354518,0.06957568,null,null,null,null,"TWOGAUSSIANS",8,8.705464,0.31609657,0.036587987,0.4,0.0,0.32830462,0.07775661,0.83382046,0.024395658,0.36467108,0.07184583,0.27086186,0.045187566
375316653866487564,6868892238166071296,0.46103796,2152.6145367877743,0.8004762253059584,4.2697175E-5,16.064268,0.0033391258,0.39146125,0.074803576,0.039903007,0.061065447,0.021460375,0.01118039,0.65082383,0.0060373945,0.1019643,0.010604286,0.091851704,0.01336662,null,null,null,null,"TWOGAUSSIANS",8,2.1774917,0.65082383,0.0060373945,0.4,0.0,0.0918506,0.013347319,0.39953125,0.2521637,0.22345684,0.26167056,0.025432128,0.06310044
375316653866487564,6868902369991317248,0.60211563,2241.1717277322523,2.2349521405281783,1.2411179E-5,15.404532,0.026471099,0.26718104,0.0033533638,0.050299313,0.0061680377,0.47408274,0.06352124,0.7768176,0.009874332,0.06238962,0.011630024,0.32352337,0.09492698,0.09957553,0.031225653,0.26718104,0.0033533638,"TWOGAUSSIANS_WITH_ELLIPSOIDAL_ON_ECLIPSE1",9,87.439865,0.26718104,0.0033533638,0.28167614,0.03454101,0.67317444,0.05516806,0.7768176,0.009874332,0.34938186,0.06512813,0.5218859,0.09001973
375316653866487564,6868908348587171456,0.58004916,2219.2447527924164,4.487769574428936,9.1455395E-6,18.516432,0.007689592,0.27135405,0.0054155835,0.07605111,0.006236061,0.47464684,0.043546148,0.78030646,0.005099421,0.07999559,0.0046976525,0.545019,0.024902945,null,null,null,null,"TWOGAUSSIANS",8,3.186239,0.78030646,0.005099421,0.4,0.0,0.5400291,0.025720112,0.27135405,0.0054155835,0.4,0.0,0.46965697,0.045518637
375316653866487564,6868914224101674880,0.50511557,2212.161455352954,2.8867791012711366,2.2717917E-5,18.79802,0.01680107,0.29042026,0.01670605,0.06770046,0.010164677,0.2992308,0.058889914,0.7828292,0.015912421,0.059771847,0.014370792,0.23002626,0.015829636,null,null,null,null,"TWOGAUSSIANS",8,5.6213107,0.29042026,0.01670605,0.37912259,0.056847103,0.29904047,0.05877047,0.7828292,0.015912421,0.33472234,0.08047643,0.22983591,0.015350027
375316653866487564,6868916320044411392,0.43528894,2159.76633450049,1.0912427894238734,3.1764077E-5,18.722075,0.030290173,0.27841362,0.023099843,0.109224595,0.028946081,0.11542372,0.028466748,0.6872676,0.023557011,0.12850247,0.040142056,0.090705164,0.029979583,null,null,null,null,"TWOGAUSSIANS",8,3.3179862,0.27992362,0.021399409,0.4,0.0,0.10687171,0.022749739,0.6872676,0.023557011,0.4,0.0,0.08167015,0.019573905
375316653866487564,6868928625128646528,0.47481236,2234.2448280014733,1.5068353491339763,2.1127006E-4,18.05602,0.008100528,0.39652038,0.015266313,0.031843588,0.08089044,0.24888617,0.19225189,null,null,null,null,null,null,null,null,null,null,"ONEGAUSSIAN",5,3.335782,0.39652038,0.015266313,0.1783241,0.21247809,0.24888617,0.0,null,null,null,null,null,null
375316653866487564,6868931575766160896,0.5975304,2219.3929582006144,2.9829289367468124,8.390474E-6,17.732134,0.013958019,0.21228258,0.0032411611,0.091312736,0.0048943874,0.420256,0.018222975,0.7178598,0.0035190145,0.089499064,0.0041765696,0.4305854,0.016557183,null,null,null,null,"TWOGAUSSIANS",8,5.28389,0.7178598,0.0035190145,0.4,0.0,0.41352537,0.0123042315,0.21228258,0.0032411611,0.4,0.0,0.40319583,0.016280888
375316653866487564,6868933779086597120,0.47971514,2184.452856048798,3.6750285641987688,7.7024066E-5,18.96405,0.03978309,0.31306815,0.015497045,0.17570604,0.04750771,0.2093113,0.03677383,0.7605123,0.026627302,0.049637686,0.02841925,0.12605324,0.0412937,null,null,null,null,"TWOGAUSSIANS",8,3.3693898,0.31306815,0.015497045,0.4,0.0,0.19291715,0.026409827,0.7605123,0.026627302,0.27797103,0.1383183,0.11932673,0.04000686
375316653866487564,6868940925915439488,0.66076106,2153.0433741588586,2.9220299781292036,8.139675E-6,15.454533,0.010746387,0.2495661,0.001406165,0.052037407,0.007055713,0.5324364,0.1804129,0.7445603,0.004406772,0.047513947,0.0052725137,0.3614779,0.0255214,0.10724851,0.012855278,0.2495661,0.001406165,"TWOGAUSSIANS_WITH_ELLIPSOIDAL_ON_ECLIPSE1",9,39.8769,0.2495661,0.001406165,0.29140946,0.039511994,0.7469275,0.18734401,0.74504036,0.003972214,0.2660781,0.029526077,0.57577723,0.011105028
375316653866487564,6868947694783971712,0.53813046,2181.6966731707885,0.8305099514155408,2.9842635E-5,13.901853,0.003312328,0.5842676,0.0026641754,0.06448654,0.0028732622,0.19328803,0.0095708845,null,null,null,null,null,null,null,null,null,null,"ONEGAUSSIAN",5,108.13366,0.5842676,0.0026641754,0.36112463,0.016090268,0.19328803,0.0,null,null,null,null,null,null
375316653866487564,6868950542344611456,0.65749294,2235.6973252349276,1.6094716354800562,6.8351715E-6,17.777437,0.0048348787,0.29454646,0.0067060124,0.03937935,0.004053716,0.6186739,0.030664714,0.80202824,0.0031035272,0.058924112,0.0048903623,0.14154959,0.010618858,null,null,null,null,"TWOGAUSSIANS",8,2.5635185,0.29454646,0.0067060124,0.22052437,0.02270081,0.6186731,0.030663095,0.80202824,0.0031035272,0.329975,0.027386028,0.14154878,0.010619228
375316653866487564,6868953398500497152,0.5313895,2216.7629206143843,2.4422362963314024,1.4299891E-5,15.240274,0.008037732,0.8721271,0.0045862976,0.027718334,0.020755831,0.16386524,23164.795,null,null,null,null,null,null,0.14317153,0.016271356,0.8721271,0.0045862976,"ONEGAUSSIAN_WITH_ELLIPSOIDAL",6,205.41614,0.8721271,0.0045862976,0.15522267,0.116232656,0.4502083,23164.797,null,null,null,null,null,null
375316653866487564,6868953913896628736,0.5544962,2180.884656374498,3.419682828650459,3.554624E-5,14.668638,0.020927968,0.26519302,0.03740858,0.07484041,0.02003298,0.411255,0.07420162,0.75884956,0.012177974,0.07885604,0.012779477,0.3809168,0.041726507,null,null,null,null,"TWOGAUSSIANS",8,360.02008,0.26519302,0.03740858,0.4,0.08897386,0.4077792,0.07114224,0.75884956,0.012177974,0.4,0.0,0.377441,0.040258903
375316653866487564,6868955357005933952,0.58865994,2225.2824481067,3.0271391241278414,6.4095975E-6,16.262169,0.018879833,0.22692803,0.0032051464,0.058515172,0.007892834,0.24897087,0.042035073,0.7191087,0.04168829,0.047411513,0.030278107,0.16416217,0.08747543,0.064715005,0.02288533,0.22692803,0.0032051464,"TWOGAUSSIANS_WITH_ELLIPSOIDAL_ON_ECLIPSE1",9,19.63751,0.22692803,0.0032051464,0.32768497,0.044199873,0.37837365,0.017923165,0.7200687,0.038729668,0.26550448,0.1695574,0.29329103,0.063789554
375316653866487564,6868957556028940160,0.5510187,2144.4449350450527,0.8500005762273606,1.0084308E-4,16.775818,0.0013455902,0.16217764,0.00565405,0.04700061,0.021000218,0.0033012258,0.0011483403,0.5409376,0.012566546,0.034839258,0.006859149,0.088699825,0.013013372,null,null,null,null,"TWOGAUSSIANS",8,1.1846465,0.5409376,0.012566546,0.19509985,0.038411234,0.088699825,0.013013372,0.16217764,0.00565405,0.2632034,0.117601216,0.0033012258,0.0011483403
375316653866487564,6868958170203821568,0.64422435,2182.8189912962216,3.515223764546695,6.72326E-6,17.990093,0.018089857,0.21852814,0.0028149735,0.04682557,0.005575127,0.3972517,0.033783272,0.71647984,0.0033415144,0.047475282,0.0069919033,0.2691213,0.035755996,0.11280872,0.019568894,0.21852814,0.0028149735,"TWOGAUSSIANS_WITH_ELLIPSOIDAL_ON_ECLIPSE1",9,4.239524,0.21852814,0.0028149735,0.26222318,0.031220712,0.62286854,0.008221206,0.71674985,0.0028609326,0.26586157,0.039154656,0.4947056,0.009934728
375316653866487564,6868968482425776256,0.46581525,2140.3017305492162,0.4550508903544709,1.0134646E-4,18.780706,0.10616978,0.42087486,0.019271983,0.21384363,0.093343005,0.23663704,0.0851843,0.8551577,0.036415126,0.06929161,0.035484534,0.1283479,0.12550317,null,null,null,null,"TWOGAUSSIANS",8,1.8038902,0.42087486,0.019271983,0.4,0.0,0.1836285,0.032346096,0.8551577,0.036415126,0.38803297,0.19587035,0.11257725,0.1318525
