Gaia/vari_eclipsing_binary/VariEclipsingBinary_466028-466051.csv
# %ECSV 1.0
# ---
# delimiter: ','
# meta: !!omap
# - RELEASE: Gaia DR3
# - TABLE: vari_eclipsing_binary
# - DESCRIPTION: >
#     This table describes the properties of the eclipsing binaries resulting from the variability analysis. 
# - CITATION: >
#     How to cite and acknowledge Gaia: 
#     https://gea.esac.esa.int/archive/documentation/credits.html 
# - KNOWN_ISSUES: >
#     Known issues: 
#     https://www.cosmos.esa.int/web/gaia-users/known-issues 
# - DOCUMENTATION: >
#     Tutorials and documentation: 
#     https://www.cosmos.esa.int/web/gaia-users/archive 
# datatype:
# - 
#   name: solution_id
#   datatype: int64
#   description: Solution Identifier
#   meta:
#     ucd: meta.version
# - 
#   name: source_id
#   datatype: int64
#   description: Unique source identifier
#   meta:
#     ucd: meta.id;meta.main
# - 
#   name: global_ranking
#   datatype: float32
#   description: Number between 0 (worst) and 1 (best)
#   meta:
#     ucd: stat.param
# - 
#   name: reference_time
#   datatype: float64
#   unit: d
#   description: Reference time used for the geometric model fit
#   meta:
#     ucd: time.epoch
# - 
#   name: frequency
#   datatype: float64
#   unit: d**-1
#   description: Frequency of geometric model of the eclipsing binary light curve
#   meta:
#     ucd: src.orbital
# - 
#   name: frequency_error
#   datatype: float32
#   unit: d**-1
#   description: "Uncertainty of \\texttt{frequency}"
#   meta:
#     ucd: stat.error
# - 
#   name: geom_model_reference_level
#   datatype: float32
#   unit: mag
#   description: Magnitude reference level of geometric model
#   meta:
#     ucd: phot.mag;em.opt
# - 
#   name: geom_model_reference_level_error
#   datatype: float32
#   unit: mag
#   description: "Uncertainty of \\texttt{geomModelReferenceLevel}"
#   meta:
#     ucd: stat.error;phot.mag;em.opt
# - 
#   name: geom_model_gaussian1_phase
#   datatype: float32
#   description: Phase of the Gaussian 1 component
#   meta:
#     ucd: time.phase
# - 
#   name: geom_model_gaussian1_phase_error
#   datatype: float32
#   description: "Uncertainty of \\texttt{geomModelGaussian1Phase}"
#   meta:
#     ucd: stat.error;time.phase
# - 
#   name: geom_model_gaussian1_sigma
#   datatype: float32
#   description: "Standard deviation [phase] of Gaussian 1 component"
#   meta:
#     ucd: stat.stdev
# - 
#   name: geom_model_gaussian1_sigma_error
#   datatype: float32
#   description: "Uncertainty of \\texttt{geomModelGaussian1Sigma}"
#   meta:
#     ucd: stat.error
# - 
#   name: geom_model_gaussian1_depth
#   datatype: float32
#   unit: mag
#   description: Magnitude depth of Gaussian 1 component
#   meta:
#     ucd: src.var.amplitude
# - 
#   name: geom_model_gaussian1_depth_error
#   datatype: float32
#   unit: mag
#   description: "Uncertainty of \\texttt{geomModelGaussian1Depth}"
#   meta:
#     ucd: stat.error;src.var.amplitude
# - 
#   name: geom_model_gaussian2_phase
#   datatype: float32
#   description: Phase of Gaussian 2 component
#   meta:
#     ucd: time.phase
# - 
#   name: geom_model_gaussian2_phase_error
#   datatype: float32
#   description: "Uncertainty of \\texttt{geomModelGaussian2Phase}"
#   meta:
#     ucd: stat.error;time.phase
# - 
#   name: geom_model_gaussian2_sigma
#   datatype: float32
[...]
#   datatype: float32
#   description: "Secondary eclipse: uncertainty of \\texttt{derivedSecondaryEclDuration}"
#   meta:
#     ucd: stat.error;time.duration
# - 
#   name: derived_secondary_ecl_depth
#   datatype: float32
#   unit: mag
#   description: "Secondary eclipse: depth"
#   meta:
#     ucd: src.var.amplitude
# - 
#   name: derived_secondary_ecl_depth_error
#   datatype: float32
#   unit: mag
#   description: "Secondary eclipse: uncertainty of \\texttt{derivedSecondaryEclDepth}"
#   meta:
#     ucd: stat.error;src.var.amplitude
solution_id,source_id,global_ranking,reference_time,frequency,frequency_error,geom_model_reference_level,geom_model_reference_level_error,geom_model_gaussian1_phase,geom_model_gaussian1_phase_error,geom_model_gaussian1_sigma,geom_model_gaussian1_sigma_error,geom_model_gaussian1_depth,geom_model_gaussian1_depth_error,geom_model_gaussian2_phase,geom_model_gaussian2_phase_error,geom_model_gaussian2_sigma,geom_model_gaussian2_sigma_error,geom_model_gaussian2_depth,geom_model_gaussian2_depth_error,geom_model_cosine_half_period_amplitude,geom_model_cosine_half_period_amplitude_error,geom_model_cosine_half_period_phase,geom_model_cosine_half_period_phase_error,model_type,num_model_parameters,reduced_chi2,derived_primary_ecl_phase,derived_primary_ecl_phase_error,derived_primary_ecl_duration,derived_primary_ecl_duration_error,derived_primary_ecl_depth,derived_primary_ecl_depth_error,derived_secondary_ecl_phase,derived_secondary_ecl_phase_error,derived_secondary_ecl_duration,derived_secondary_ecl_duration_error,derived_secondary_ecl_depth,derived_secondary_ecl_depth_error
[from data line 528]
375316653866487564,4099425097276192896,0.46777472,2217.0292915908717,0.5170081540964118,3.85206E-5,19.309355,0.3042426,0.28605628,0.011925944,0.13438296,0.055726133,0.61749184,0.28758347,0.68190175,0.05162015,0.06248187,0.020675762,0.70059955,0.43145782,null,null,null,null,"TWOGAUSSIANS",8,1.8578385,0.68190175,0.05162015,0.34989846,0.07671959,0.69794214,0.33758032,0.28605628,0.011925944,0.4,0.0,0.6067467,0.11700526
375316653866487564,4099425101608661504,0.5922533,2159.435056111414,2.1987238942704406,1.5541795E-5,16.562632,0.005992446,0.20308922,0.009748616,0.09743851,0.010343292,0.108174555,0.007001435,0.69421077,0.0074676513,0.07405943,0.011386794,0.23931283,0.064840615,null,null,null,null,"TWOGAUSSIANS",8,2.8892572,0.69421077,0.0074676513,0.4,0.004889899,0.23567843,0.06782456,0.20308922,0.009748616,0.4,0.0,0.10453969,0.005273356
375316653866487564,4099425204618519936,0.48684657,2198.321888503596,0.4078247344208733,3.4561348E-5,18.562328,0.2317651,0.33450362,0.014140696,0.19299781,0.11772082,0.23507424,0.2227718,0.8149186,0.012707005,0.060907684,0.036230356,0.13593766,1.0466894,null,null,null,null,"TWOGAUSSIANS",8,2.2826152,0.33450362,0.014140696,0.4,0.0,0.1901318,0.01758957,0.8149186,0.012707005,0.34108302,0.20289,0.10787565,1.066872
375316653866487564,4099425307698060672,0.47792572,2172.9296645412182,1.2271025486522467,3.836457E-5,18.983059,0.2261981,0.3050051,0.01711527,0.10683116,0.023992887,0.30919483,0.08680755,0.87356,0.028307697,0.218309,0.101787865,0.25895607,0.22561659,null,null,null,null,"TWOGAUSSIANS",8,1.6954316,0.2953551,0.0138639,0.4,0.0,0.24524881,0.018121604,0.87419003,0.027608631,0.4,0.0,0.14856067,0.019567866
375316653866487564,4099425720096704128,0.5127544,2167.129363583183,0.37100202226682727,6.498582E-5,19.191217,0.005345727,0.14255418,1.6029991E-4,0.012755193,8.2713814E-4,0.10782395,0.002490798,0.58244616,0.015559258,0.11005996,0.009616955,0.6087212,0.0492484,null,null,null,null,"TWOGAUSSIANS",8,2.2956026,0.58244616,0.015559258,0.4,0.0,0.6086802,0.049269855,0.14256418,1.6746914E-4,0.07142908,0.004631974,0.107991256,0.0025739959
375316653866487564,4099425784435221888,0.45627478,2226.778463875965,0.22376017754492566,6.644156E-5,18.181574,0.1577929,0.21539092,0.019037016,0.15382306,0.062136818,0.3564607,0.15319489,0.6344954,0.0204786,0.048962895,0.008527716,2.1331017,0.9954112,null,null,null,null,"TWOGAUSSIANS",8,3.9229953,0.6344954,0.0204786,0.2741922,0.047755208,2.1274996,1.0018693,0.21539092,0.019037016,0.4,0.0,0.34186265,0.09135757
375316653866487564,4099425857452568960,0.5256415,2227.0458977183525,3.0813226168163714,1.6136773E-5,19.682035,0.09695833,0.32547083,0.004223164,0.10582729,0.018353458,0.39906856,0.09070785,0.811061,0.006560749,0.12998791,0.032484896,0.32191515,0.08622632,null,null,null,null,"TWOGAUSSIANS",8,1.0922532,0.32560083,0.0042465213,0.4,0.0,0.33454815,0.023223571,0.811061,0.006560749,0.4,0.0,0.2569799,0.021653838
375316653866487564,4099425960614798464,0.4688154,2216.458990683391,2.1985906648598244,1.3847114E-5,18.704908,0.015522878,0.1962754,0.014348679,0.071635686,0.032847058,0.34961227,0.19782215,0.70309347,0.002931819,0.083741866,0.006840017,0.39019793,0.024421198,null,null,null,null,"TWOGAUSSIANS",8,4.9035172,0.70309347,0.002931819,0.4,0.0,0.38657865,0.024267286,0.1962754,0.014348679,0.4,0.17211619,0.34599298,0.2015214
375316653866487564,4099426024953410944,0.6021173,2212.4730248654923,2.2979232358717065,1.0036251E-5,18.952168,0.025906883,0.20947972,0.003449082,0.080940604,0.0056499355,0.48640102,0.025547665,0.7092532,0.008239808,0.07492854,0.022223277,0.55198777,0.09827616,null,null,null,null,"TWOGAUSSIANS",8,1.9633595,0.7092532,0.008239808,0.4,0.0,0.5459974,0.11180567,0.20947972,0.003449082,0.4,0.0,0.4804106,0.015720194
375316653866487564,4099426166760391808,0.44623408,2204.024814467861,0.3331655672231037,6.715015E-5,17.73632,0.0062945653,0.3167298,0.0052043633,0.060661454,0.010685153,0.08810649,0.015299361,0.75038666,0.05458409,0.05067286,0.022108015,0.08919471,0.06603606,null,null,null,null,"TWOGAUSSIANS",8,3.8581495,0.75038666,0.05458409,0.283768,0.12380488,0.08919429,0.066079125,0.3167298,0.0052043633,0.33970416,0.059836857,0.088106066,0.015299892
375316653866487564,4099426201120122240,0.4651475,2208.20714640341,0.1853596547043485,3.6445854E-5,18.957159,0.013868574,0.21190092,0.007297304,0.087471664,0.010625219,0.19494748,0.032326344,0.741303,0.006948298,0.03879309,0.009164642,0.25406224,0.109880805,null,null,null,null,"TWOGAUSSIANS",8,2.9049962,0.741303,0.006948298,0.21724132,0.051321995,0.25400308,0.109935746,0.21190092,0.007297304,0.4,0.0,0.19488823,0.032343086
375316653866487564,4099426402910928256,0.51711833,2212.635908743646,2.289624006414715,1.700615E-5,18.495628,0.016649013,0.27228212,0.014869424,0.09252185,0.015241572,0.16145183,0.01851958,0.76486975,0.004904238,0.073195055,0.014150585,0.32824862,0.043855797,null,null,null,null,"TWOGAUSSIANS",8,3.1618407,0.76486975,0.004904238,0.4,0.019962234,0.32426065,0.04826136,0.27228212,0.014869424,0.4,0.0,0.15746368,0.014778414
375316653866487564,4099426441567544320,0.45472085,2182.4940570601443,1.9179986467258934,3.8845024E-5,19.033415,0.1919084,0.8151394,0.048630804,0.08861248,0.03423087,0.13426447,0.09199419,0.40110946,0.018331224,0.20901494,0.11061404,0.21232475,0.18350282,null,null,null,null,"TWOGAUSSIANS",8,3.5919285,0.40113947,0.018092627,0.4,0.0,0.1604521,0.013557021,0.7991294,0.056205075,0.4,0.047591105,0.11820677,0.097983025
375316653866487564,4099426505990260864,0.631085,2210.2244808137552,1.1111409941928392,2.0399297E-5,15.208045,0.006596291,0.207035,0.0021565976,0.034410704,0.0037566202,1.1525394,0.16365334,0.7085507,0.010631989,0.029310877,0.014998642,0.08196205,0.12837812,0.04123056,0.008282444,0.207035,0.0021565976,"TWOGAUSSIANS_WITH_ELLIPSOIDAL_ON_ECLIPSE1",9,107.315926,0.207035,0.0021565976,0.19269994,0.021037074,1.2350004,0.17192666,0.7085507,0.010560552,0.16414091,0.08399239,0.16441567,0.13190065
375316653866487564,4099428296991748864,0.48885754,2189.3289800482053,0.09599206079775398,3.7379414E-5,18.825428,0.016141461,0.053240016,0.002429273,0.055660654,0.011656913,0.06511395,0.016510382,0.5452159,0.011908367,0.09224172,0.03228387,0.1681958,0.014754914,null,null,null,null,"TWOGAUSSIANS",8,1.587337,0.5452159,0.011908367,0.4,0.0,0.16757146,0.014710915,0.053240016,0.002430307,0.31169966,0.06527871,0.06448976,0.01439032
375316653866487564,4099428327061934208,0.6464865,2249.9973008276083,0.47951327945,1.4805384E-5,17.336313,0.004237686,0.24518535,0.1381174,0.07013676,0.10266897,0.015026461,2.4346643E20,0.79639816,5.766666E-6,0.0028033734,9.383964E-6,3.0297027,7.361225E-4,null,null,null,null,"TWOGAUSSIANS",8,11.420391,0.79639816,5.766666E-6,0.015698891,5.25502E-5,3.0297027,7.361215E-4,0.24518535,0.1381174,0.39276588,0.5548713,0.015026461,2.4346643E20
375316653866487564,4099428365796156544,0.50302356,2210.176503245677,0.4363748260906976,1.5940392E-4,19.343771,0.036105845,0.25629768,0.017930036,0.10403988,0.025372347,0.22930685,0.026074853,0.62297726,0.022934256,0.14504065,0.031296648,0.1851388,0.031806454,null,null,null,null,"TWOGAUSSIANS",8,1.4548467,0.26318768,0.020269997,0.4,0.0,0.22168428,0.022174777,0.62297726,0.022934256,0.4,0.0,0.16993122,0.021766622
375316653866487564,4099428812460857216,0.6176103,2218.0910481925143,2.262662242530992,4.6920163E-6,17.635544,0.01522736,0.2947849,0.0011016235,0.051330548,0.0045675375,0.33213553,0.0420995,0.79384816,0.0016963375,0.05261648,0.0047302516,0.39975962,0.039557796,0.12169408,0.025316846,0.2947849,0.0011016235,"TWOGAUSSIANS_WITH_ELLIPSOIDAL_ON_ECLIPSE1",9,8.752369,0.7939581,0.0014518504,0.29465228,0.026489409,0.6431328,0.038565446,0.2947849,0.0011016235,0.28745106,0.025578208,0.57551616,0.035734337
375316653866487564,4099428949826441472,0.565698,2237.0020472200936,2.3667716354628445,1.4934847E-5,18.426184,0.026631303,0.21783008,0.007193965,0.07514399,0.012310353,0.4134883,0.025940308,0.7199758,0.009970878,0.09026151,0.012320813,0.40936172,0.027181407,null,null,null,null,"TWOGAUSSIANS",8,4.473757,0.21783008,0.007193965,0.4,0.0131406905,0.4053265,0.017982827,0.7199758,0.009970878,0.4,0.0,0.40119973,0.019696813
375316653866487564,4099429121626115328,0.52260566,2223.8741071902873,2.617999077675357,1.8768827E-5,19.529106,0.053569477,0.31762633,0.003493612,0.06534416,0.0125787705,0.5183751,0.05138503,0.81036985,0.017484436,0.08725657,0.028277915,0.42306438,0.044912633,null,null,null,null,"TWOGAUSSIANS",8,4.1970353,0.31762633,0.0034933842,0.3659273,0.065380886,0.5147434,0.056580193,0.81036985,0.017484436,0.4,0.0,0.41943264,0.03485244
375316653866487564,4099429362144830848,0.5348226,2132.2078664042147,0.1882103684977116,6.96168E-5,19.156021,0.06757458,0.19645372,0.011767873,0.12413145,0.059767775,0.22653338,0.13342762,0.69042575,0.03641937,0.08171339,0.02111053,0.510044,0.075303264,null,null,null,null,"TWOGAUSSIANS",8,1.5688969,0.69042575,0.03641937,0.4,0.0,0.48135802,0.055361476,0.19645372,0.011763857,0.4,0.0,0.19770919,0.15314047
375316653866487564,4099429396504833664,0.48161787,2210.8304498410826,0.050688577594043306,3.0691175E-5,18.521639,0.0037689998,0.42153388,0.021455873,0.044031747,0.026874129,0.14847825,0.051352113,0.9681451,3.7852046E-4,0.0046356753,4.1306872E-4,0.1364888,0.010977122,null,null,null,null,"TWOGAUSSIANS",8,2.540842,0.42153388,0.021455873,0.24657777,0.15049511,0.14847825,0.051352113,0.9681451,3.7852046E-4,0.025959782,0.0023131848,0.1364888,0.010977122
375316653866487564,4099429499655766784,0.6335589,2201.8138516207277,2.508940769212465,6.1872443E-6,16.349283,0.006496849,0.16145413,0.0046148174,0.08749338,0.008961274,0.1958695,0.008727099,0.6585538,0.0013706763,0.08718631,0.0032973865,0.20781483,0.005962708,null,null,null,null,"TWOGAUSSIANS",8,2.7779143,0.6585538,0.0013706763,0.4,0.0,0.20141786,0.0029399164,0.16145413,0.0046148174,0.4,0.0,0.18947254,0.010626917
375316653866487564,4099430289855593856,0.4727081,2210.2278090908435,0.3775046214279582,2.6332307E-5,19.456299,0.08346237,0.16816214,0.008131468,0.06350407,0.019196905,0.16143306,0.085863024,0.8097664,0.010056307,0.082791686,0.023198783,0.32268775,0.079819344,null,null,null,null,"TWOGAUSSIANS",8,2.412501,0.8097664,0.0100555625,0.4,0.0,0.32265627,0.078372255,0.16812214,0.008081279,0.3556228,0.064327724,0.16142909,0.08533392
375316653866487564,4099430354281371136,0.54950535,2254.1581675519888,2.349521245022087,2.755202E-5,16.85274,0.010946417,0.21067424,0.022222688,0.045363493,0.04678007,0.4765236,0.36954713,0.7269595,0.0043541365,0.032980256,0.008093504,0.23061743,0.12145563,0.099769,0.017287193,0.7269595,0.0043541365,"TWOGAUSSIANS_WITH_ELLIPSOIDAL_ON_ECLIPSE2",9,39.15226,0.21170425,0.020191604,0.25403556,0.15510964,0.6741103,0.36343375,0.7269595,0.0043541365,0.18468943,0.045323625,0.43015462,0.12468741
375316653866487564,4099430599167232640,0.4677322,2228.058292572943,3.289788351020217,1.3053829E-4,17.947737,0.02975572,0.2164512,0.020718608,0.08880988,0.03724251,0.0991894,0.01375906,0.7387387,0.036113072,0.10159395,0.061359864,0.035481144,0.04567754,null,null,null,null,"TWOGAUSSIANS",8,4.2664933,0.2164512,0.020368597,0.4,0.0,0.09659953,0.015540269,0.7387387,0.036146883,0.4,0.0,0.0328907,0.036768094
375316653866487564,4099430633526996352,0.53323084,2216.6305556855077,1.1418613754629379,5.943804E-6,15.90508,0.0068667824,0.32472727,0.020201812,0.07592554,0.023398608,0.100194655,0.04496242,0.82344425,0.0018278525,0.03815208,0.001342309,0.64974725,0.017746901,null,null,null,null,"TWOGAUSSIANS",8,13.967426,0.82344425,0.0018278525,0.21365164,0.0075169303,0.6497254,0.017736513,0.32472727,0.020201812,0.4,0.06402528,0.10017279,0.0449947
375316653866487564,4099430805251996160,0.4843371,2184.923622362079,2.7318573195997202,3.0600746E-5,18.1192,0.03823031,0.2178859,0.009750822,0.11877519,0.0286271,0.17175192,0.035458606,0.7055873,0.0073729283,0.108082145,0.021167688,0.18776663,0.036168616,null,null,null,null,"TWOGAUSSIANS",8,5.312193,0.7055873,0.0073729283,0.4,0.0,0.1598887,0.008860289,0.2179059,0.009776308,0.4,0.0,0.14383045,0.0109621
375316653866487564,4099430942764595072,0.5683464,2208.402560651201,1.145477615655773,1.0034722E-5,17.262867,0.0034542733,0.27039436,0.00259525,0.063869685,0.0038669659,0.158817,0.0061498033,0.7846549,0.005292669,0.07376266,0.0080242185,0.07439613,0.0042334017,null,null,null,null,"TWOGAUSSIANS",8,1.9922026,0.27039436,0.00259525,0.35767025,0.021655008,0.1586223,0.006133941,0.7846549,0.005292669,0.4,0.009066625,0.074201435,0.004193836
375316653866487564,4099431178915705728,0.53842837,2188.4413832015844,2.630540585536164,2.1352407E-5,18.63404,0.005456421,0.7850524,0.0045549218,0.05445201,0.008336199,0.041872106,0.018930392,null,null,null,null,null,null,0.07406443,0.007600667,0.7850524,0.0045549218,"ONEGAUSSIAN_WITH_ELLIPSOIDAL",6,2.1847177,0.7850524,0.0045549218,0.30493125,0.04668272,0.18999986,0.016939761,null,null,null,null,null,null
375316653866487564,4099431797416821248,0.47561967,2237.500751401952,1.7501037464160654,3.1315234E-5,18.78933,0.06327149,0.23655596,0.0036112117,0.053854614,0.0154008325,0.40034875,0.07932657,0.7739889,0.0463556,0.036165472,0.11711587,0.11608284,0.054662626,null,null,null,null,"TWOGAUSSIANS",8,17.367975,0.23655596,0.0037181799,0.30158582,0.08624466,0.40034875,0.07869308,0.7739889,0.0463556,0.20252664,0.29534957,0.11608283,0.047607437
375316653866487564,4099431939124253952,0.52871734,2187.4179193039986,0.16520974461649793,1.5071034E-5,18.795174,0.010118216,0.136984,0.0013049416,0.022506652,0.003934126,0.14780731,0.013460572,0.75247854,0.015564886,0.096007645,0.014976007,0.14917447,0.02118621,null,null,null,null,"TWOGAUSSIANS",8,1.6876516,0.75247854,0.015564886,0.4,0.0,0.149174,0.021185027,0.136974,0.0013075946,0.12603725,0.022031106,0.14785592,0.013635501
375316653866487564,4099432110995866624,0.49392205,2246.682428337966,2.3925721968674716,2.5594902E-5,17.688179,0.03859406,0.2945879,0.07948267,0.12492565,0.06259548,0.1179189,0.04760627,0.7913635,0.015125756,0.0966444,0.026620109,0.12453421,0.035192188,null,null,null,null,"TWOGAUSSIANS",8,3.0920947,0.7913635,0.015125756,0.4,0.0,0.106496304,0.010783249,0.2945879,0.07949218,0.4,0.0,0.09980263,0.03118385
375316653866487564,4099432385802391040,0.4848769,2208.6785714420066,3.8395364736284137,2.215751E-5,19.017216,0.008814927,0.31061414,0.010395971,0.013924961,0.011781776,0.1466776,0.46150592,0.75003576,0.008858052,0.081355736,0.00805816,0.3091334,0.057073113,null,null,null,null,"TWOGAUSSIANS",8,2.4861338,0.75003576,0.008858052,0.4,0.0,0.3091334,0.05707311,0.31061414,0.010395971,0.07797978,0.065977946,0.14667773,0.46150586
375316653866487564,4099432553304550400,0.49170083,2213.8899495419973,0.09739362671713134,1.6181179E-5,18.458086,0.016670195,0.3157092,0.07769514,0.11786565,0.06770166,0.09696615,0.3479595,0.7975656,0.0051033325,0.06905686,0.014970607,0.12498065,0.015649348,null,null,null,null,"TWOGAUSSIANS",8,1.7860799,0.7975656,0.0051033325,0.3867184,0.054938965,0.12064121,0.0100181,0.3157092,0.07769514,0.4,0.08295172,0.09259776,0.35251147
375316653866487564,4099432591960980352,0.45543686,2195.9537724725915,1.0302110325766054,3.9619903E-5,19.034231,0.023066152,0.18993832,0.007845984,0.07275541,0.013918154,0.17804757,0.023438772,0.70134985,0.07052962,0.1162097,0.03817161,0.1748147,0.06467485,null,null,null,null,"TWOGAUSSIANS",8,1.9226724,0.18991832,0.0078120967,0.4,0.02492727,0.1693194,0.017359583,0.70134985,0.07052962,0.4,0.0,0.16605029,0.058405254
375316653866487564,4099432660680947584,0.46191415,2188.6549657199703,2.7284746382707024,2.8630777E-5,19.198618,0.06891951,0.24938418,0.013259076,0.08805219,0.023634749,0.29952258,0.07383401,0.74475557,0.031507187,0.09315422,0.0488844,0.2733042,0.06800916,null,null,null,null,"TWOGAUSSIANS",8,6.9265647,0.24938418,0.0131720705,0.4,0.0,0.28770185,0.06023744,0.74475557,0.031507187,0.4,0.0,0.26148322,0.032062724
