Gaia/vari_eclipsing_binary/VariEclipsingBinary_763887-763956.csv
# %ECSV 1.0
# ---
# delimiter: ','
# meta: !!omap
# - RELEASE: Gaia DR3
# - TABLE: vari_eclipsing_binary
# - DESCRIPTION: >
#     This table describes the properties of the eclipsing binaries resulting from the variability analysis. 
# - CITATION: >
#     How to cite and acknowledge Gaia: 
#     https://gea.esac.esa.int/archive/documentation/credits.html 
# - KNOWN_ISSUES: >
#     Known issues: 
#     https://www.cosmos.esa.int/web/gaia-users/known-issues 
# - DOCUMENTATION: >
#     Tutorials and documentation: 
#     https://www.cosmos.esa.int/web/gaia-users/archive 
# datatype:
# - 
#   name: solution_id
#   datatype: int64
#   description: Solution Identifier
#   meta:
#     ucd: meta.version
# - 
#   name: source_id
#   datatype: int64
#   description: Unique source identifier
#   meta:
#     ucd: meta.id;meta.main
# - 
#   name: global_ranking
#   datatype: float32
#   description: Number between 0 (worst) and 1 (best)
#   meta:
#     ucd: stat.param
# - 
#   name: reference_time
#   datatype: float64
#   unit: d
#   description: Reference time used for the geometric model fit
#   meta:
#     ucd: time.epoch
# - 
#   name: frequency
#   datatype: float64
#   unit: d**-1
#   description: Frequency of geometric model of the eclipsing binary light curve
#   meta:
#     ucd: src.orbital
# - 
#   name: frequency_error
#   datatype: float32
#   unit: d**-1
#   description: "Uncertainty of \\texttt{frequency}"
#   meta:
#     ucd: stat.error
# - 
#   name: geom_model_reference_level
#   datatype: float32
#   unit: mag
#   description: Magnitude reference level of geometric model
#   meta:
#     ucd: phot.mag;em.opt
# - 
#   name: geom_model_reference_level_error
#   datatype: float32
#   unit: mag
#   description: "Uncertainty of \\texttt{geomModelReferenceLevel}"
#   meta:
#     ucd: stat.error;phot.mag;em.opt
# - 
#   name: geom_model_gaussian1_phase
#   datatype: float32
#   description: Phase of the Gaussian 1 component
#   meta:
#     ucd: time.phase
# - 
#   name: geom_model_gaussian1_phase_error
#   datatype: float32
#   description: "Uncertainty of \\texttt{geomModelGaussian1Phase}"
#   meta:
#     ucd: stat.error;time.phase
# - 
#   name: geom_model_gaussian1_sigma
#   datatype: float32
#   description: "Standard deviation [phase] of Gaussian 1 component"
#   meta:
#     ucd: stat.stdev
# - 
#   name: geom_model_gaussian1_sigma_error
#   datatype: float32
#   description: "Uncertainty of \\texttt{geomModelGaussian1Sigma}"
#   meta:
#     ucd: stat.error
# - 
#   name: geom_model_gaussian1_depth
#   datatype: float32
#   unit: mag
#   description: Magnitude depth of Gaussian 1 component
#   meta:
#     ucd: src.var.amplitude
# - 
#   name: geom_model_gaussian1_depth_error
#   datatype: float32
#   unit: mag
#   description: "Uncertainty of \\texttt{geomModelGaussian1Depth}"
#   meta:
#     ucd: stat.error;src.var.amplitude
# - 
#   name: geom_model_gaussian2_phase
#   datatype: float32
#   description: Phase of Gaussian 2 component
#   meta:
#     ucd: time.phase
# - 
#   name: geom_model_gaussian2_phase_error
#   datatype: float32
#   description: "Uncertainty of \\texttt{geomModelGaussian2Phase}"
#   meta:
#     ucd: stat.error;time.phase
# - 
#   name: geom_model_gaussian2_sigma
#   datatype: float32
[...]
#   datatype: float32
#   description: "Secondary eclipse: uncertainty of \\texttt{derivedSecondaryEclDuration}"
#   meta:
#     ucd: stat.error;time.duration
# - 
#   name: derived_secondary_ecl_depth
#   datatype: float32
#   unit: mag
#   description: "Secondary eclipse: depth"
#   meta:
#     ucd: src.var.amplitude
# - 
#   name: derived_secondary_ecl_depth_error
#   datatype: float32
#   unit: mag
#   description: "Secondary eclipse: uncertainty of \\texttt{derivedSecondaryEclDepth}"
#   meta:
#     ucd: stat.error;src.var.amplitude
solution_id,source_id,global_ranking,reference_time,frequency,frequency_error,geom_model_reference_level,geom_model_reference_level_error,geom_model_gaussian1_phase,geom_model_gaussian1_phase_error,geom_model_gaussian1_sigma,geom_model_gaussian1_sigma_error,geom_model_gaussian1_depth,geom_model_gaussian1_depth_error,geom_model_gaussian2_phase,geom_model_gaussian2_phase_error,geom_model_gaussian2_sigma,geom_model_gaussian2_sigma_error,geom_model_gaussian2_depth,geom_model_gaussian2_depth_error,geom_model_cosine_half_period_amplitude,geom_model_cosine_half_period_amplitude_error,geom_model_cosine_half_period_phase,geom_model_cosine_half_period_phase_error,model_type,num_model_parameters,reduced_chi2,derived_primary_ecl_phase,derived_primary_ecl_phase_error,derived_primary_ecl_duration,derived_primary_ecl_duration_error,derived_primary_ecl_depth,derived_primary_ecl_depth_error,derived_secondary_ecl_phase,derived_secondary_ecl_phase_error,derived_secondary_ecl_duration,derived_secondary_ecl_duration_error,derived_secondary_ecl_depth,derived_secondary_ecl_depth_error
[from data line 261]
375316653866487564,6719590310142080512,0.63860154,2366.600613194373,2.8672884697523036,4.9504297E-6,16.89945,0.041971937,0.15638225,0.0042270473,0.055958405,0.010961665,0.41018915,0.08202286,0.64721745,0.0024139036,0.060830347,0.0075588464,0.46937034,0.085630365,0.07789171,0.05011652,0.15638225,0.0042270473,"TWOGAUSSIANS_WITH_ELLIPSOIDAL_ON_ECLIPSE1",9,12.396685,0.6480274,0.002171204,0.34064993,0.04232954,0.62460995,0.017579949,0.15638225,0.0042270473,0.31336707,0.061385322,0.5658993,0.027743146
375316653866487564,6719592577884228096,0.43654385,2379.9616406068803,4.390389994736305,1.0034145E-4,19.13199,0.018179053,0.24213505,0.016070612,0.018145217,0.012948004,0.19849455,0.121372506,0.61574405,0.016495816,0.11750457,0.017980788,0.2700924,0.060761847,null,null,null,null,"TWOGAUSSIANS",8,4.9450097,0.61574405,0.016495816,0.4,0.0,0.2700292,0.060925476,0.24221504,0.016025545,0.10161321,0.07250882,0.20015632,0.121293396
375316653866487564,6719592676678262912,0.5644121,2345.028173518729,3.2870456927029563,1.0705242E-5,18.718508,0.0129360305,0.2542882,0.009548108,0.07915151,0.010870324,0.36521652,0.01889554,0.7604913,0.0032314956,0.07725849,0.004329336,0.39604646,0.022293111,null,null,null,null,"TWOGAUSSIANS",8,2.9517028,0.7604913,0.0032314956,0.4,0.0,0.39200535,0.021683091,0.2542882,0.009548108,0.4,0.0,0.36117542,0.017721074
375316653866487564,6719593192068352512,0.46345183,2334.5087651926283,4.495817982798949,9.785406E-5,18.830597,0.009057626,0.5004625,0.02574712,0.079761714,0.022375576,0.05915475,0.024230339,0.8035389,2.7997562E-4,0.02076868,0.0010830557,0.41815662,0.0014805931,null,null,null,null,"TWOGAUSSIANS",8,6.5419254,0.8035389,2.7997562E-4,0.116304606,0.006065112,0.41819996,0.0014393774,0.5004625,0.02574712,0.4,0.006713995,0.05915475,0.024230355
375316653866487564,6719593883556457984,0.5739669,2307.089491792429,3.4517777721509537,8.571988E-6,19.216797,0.0106441025,0.29793823,0.0033199557,0.07196934,0.004037626,0.40541598,0.013803623,0.8030263,0.0041623153,0.07209498,0.0039013694,0.4740495,0.017743956,null,null,null,null,"TWOGAUSSIANS",8,1.7691082,0.8030263,0.0041623153,0.4,0.005417191,0.47217172,0.017526008,0.29793823,0.0033199557,0.4,0.01243712,0.40353823,0.013522715
375316653866487564,6719594467685598464,0.48639986,2328.5649729464826,2.5863737061564622,2.2867905E-5,15.44357,0.22498958,0.2324905,0.008843506,0.13049912,0.029043624,0.38102797,0.2074092,0.7190087,0.009539286,0.14430845,0.045942508,0.38058206,0.21867655,null,null,null,null,"TWOGAUSSIANS",8,204.25043,0.2331205,0.00821554,0.4,0.0,0.25032097,0.0137391025,0.7190087,0.009539286,0.4,0.0,0.24842878,0.018043095
375316653866487564,6719594983066082944,0.42215732,2385.979380655375,0.9798618908891928,1.0089752E-4,19.170227,0.011215721,0.28851593,0.059018817,0.06167673,0.0810138,0.046053927,0.15646592,0.7447255,0.012944999,0.058611967,0.019347338,0.15118445,0.033186324,null,null,null,null,"TWOGAUSSIANS",8,4.8334455,0.7447255,0.012944999,0.328227,0.09785808,0.15117851,0.033179674,0.28851593,0.059018817,0.3453897,0.3616552,0.046047986,0.15662415
375316653866487564,6719595017441518080,0.54957396,2352.4667472219185,4.889074252345191,9.920104E-6,16.995258,0.027662126,0.28939122,0.009219233,0.10057017,0.013168181,0.29916131,0.051521033,0.8151491,0.0051882905,0.11762012,0.017071633,0.19900757,0.024234941,null,null,null,null,"TWOGAUSSIANS",8,6.7672796,0.28933123,0.009162314,0.4,0.0,0.27317813,0.046948418,0.81515914,0.005182938,0.4,0.0,0.17296128,0.009445023
375316653866487564,6719595322372095872,0.5728239,2344.840493253951,0.4468562248682597,3.783888E-5,17.867495,0.0030165834,0.13164827,0.0082919905,0.038016,0.006318624,0.16477187,0.07348658,0.6847105,0.012351143,0.045330767,0.011478231,0.86100006,0.6433738,null,null,null,null,"TWOGAUSSIANS",8,3.1789641,0.6847105,0.012351143,0.2538523,0.064278096,0.86100006,0.64337385,0.13164827,0.0082919905,0.2128896,0.035384294,0.16477187,0.07348658
375316653866487564,6719598865718645504,0.4318098,2380.68311150728,3.887309650633968,5.4868706E-5,19.775375,0.15213907,0.18360202,0.019590117,0.03214221,0.0116057135,0.32427162,0.16965914,0.563117,0.037422024,0.18661666,0.0772129,0.49607825,0.14905891,null,null,null,null,"TWOGAUSSIANS",8,5.1638455,0.563117,0.037422024,0.4,0.0,0.46845952,0.10302211,0.18571201,0.018190272,0.17999639,0.064991996,0.36203912,0.17434654
375316653866487564,6719598900092257920,0.59375966,2358.1072891766476,0.3430748969699531,3.118803E-5,16.950363,0.001051251,0.6671804,0.015183749,0.01896206,0.010634116,0.008339852,0.003664842,0.85196614,4.9310474E-4,0.022687687,5.407103E-4,0.26660562,0.003389648,null,null,null,null,"TWOGAUSSIANS",8,1.6261756,0.85196614,4.9310474E-4,0.12705106,0.0030279774,0.26660562,0.003389648,0.6671804,0.015183749,0.10618753,0.059551045,0.008339852,0.003664842
375316653866487564,6719599999588590208,0.49586275,2339.8851765652234,0.7314603730555514,5.2190557E-5,19.346373,0.006896421,0.2770252,0.007431617,0.04113015,0.005124288,0.87850416,0.24739952,null,null,null,null,null,null,0.04642075,0.010074554,0.2770252,0.007431617,"ONEGAUSSIAN_WITH_ELLIPSOIDAL",6,6.771163,0.2770252,0.007431617,0.23032884,0.028696014,0.9713456,0.24873754,null,null,null,null,null,null
375316653866487564,6719600235823220480,0.46989167,2335.1076812987767,0.24780294142413678,3.457806E-5,18.967575,0.0038515744,0.22327876,0.02091029,0.041956954,0.013342313,0.1202804,0.018020667,0.6904708,0.0114946,0.060034845,0.010450566,0.19180347,0.109170884,null,null,null,null,"TWOGAUSSIANS",8,2.7099073,0.6904708,0.0114946,0.3361951,0.05852317,0.1918031,0.10917126,0.22327876,0.02091029,0.23495895,0.074716955,0.12028003,0.018020932
375316653866487564,6719600411905489664,0.54887646,2329.568225704945,3.7234926983586445,1.295514E-5,18.753973,0.012480785,0.22355957,0.0097012855,0.080427706,0.008516804,0.2976788,0.043785658,0.7289982,0.0031442423,0.08716467,0.006143556,0.25848308,0.0124560455,null,null,null,null,"TWOGAUSSIANS",8,2.1467512,0.22355957,0.0097012855,0.4,0.0,0.29182905,0.044442713,0.7289982,0.0031442423,0.4,0.0,0.2526333,0.010305122
375316653866487564,6719600721158322176,0.60186076,2318.495250909733,3.3507410670296416,6.1469445E-6,16.590479,0.02601398,0.1944224,0.001989506,0.0487993,0.008338514,0.3435799,0.043813653,0.69030714,0.005490201,0.0634234,0.009179948,0.42005685,0.056886476,0.08635277,0.028018063,0.1944224,0.001989506,"TWOGAUSSIANS_WITH_ELLIPSOIDAL_ON_ECLIPSE1",9,40.32426,0.69078714,0.004854128,0.35517102,0.051407706,0.59252495,0.049818166,0.1944224,0.001989506,0.27327606,0.046695676,0.5161501,0.020380158
375316653866487564,6719604397635428864,0.548625,2312.468480884639,4.121993487580863,9.499674E-6,19.345245,0.02033595,0.35453305,0.0069599906,0.06844654,0.006742505,0.49123874,0.030392373,0.8586804,0.01223033,0.06290432,0.010916107,0.45921212,0.042376794,null,null,null,null,"TWOGAUSSIANS",8,1.5862546,0.35453305,0.0069599906,0.38330063,0.026492024,0.49063736,0.029505907,0.8586804,0.01223033,0.3522642,0.0611302,0.45861077,0.042101275
375316653866487564,6719604500729540992,0.5226497,2292.4996505890526,3.016329856059566,8.419243E-6,16.84543,0.018392585,0.17997587,0.004671399,0.08493856,0.008371618,0.2391533,0.019637678,0.66291004,0.003002824,0.086340696,0.012892067,0.4555728,0.07938604,null,null,null,null,"TWOGAUSSIANS",8,14.099572,0.66291004,0.003002824,0.4,0.0,0.44866708,0.085803635,0.17997587,0.004671399,0.4,0.0,0.23224762,0.015896764
375316653866487564,6719606184356687872,0.5798994,2321.2221464366003,2.835793602871035,8.60798E-6,13.711624,0.003573373,0.29924798,0.0018488778,0.07684138,0.002680177,0.1891751,0.003931228,0.80815476,0.0064005516,0.0752478,0.0063162926,0.13897075,0.0067204786,null,null,null,null,"TWOGAUSSIANS",8,66.50637,0.29924798,0.0018488778,0.4,0.0,0.187973,0.003609911,0.80815476,0.0064005516,0.4,0.0,0.13776863,0.00653085
375316653866487564,6719607318228112256,0.5385094,2339.478290458534,2.7620221078204437,2.1072012E-5,18.335861,0.020422265,0.26361564,0.005263604,0.078581125,0.007813112,0.2530047,0.019512175,0.78527063,0.010459467,0.07283884,0.04352531,0.32769245,0.1961861,null,null,null,null,"TWOGAUSSIANS",8,3.5079458,0.78527063,0.010459467,0.4,0.01829843,0.32617852,0.20492935,0.26361564,0.005264478,0.4,0.0,0.25149077,0.012225567
375316653866487564,6719608795696654464,0.5569657,2328.7064340466823,3.7564313219003416,2.339276E-5,18.66319,0.010873665,0.24006923,0.004113441,0.070041366,0.0052746898,0.3403986,0.020621352,0.7432595,0.0036838949,0.0761147,0.005997783,0.3974989,0.01757474,null,null,null,null,"TWOGAUSSIANS",8,4.0243926,0.7432595,0.0036838949,0.4,0.0,0.39553177,0.017491255,0.24006923,0.004113441,0.39223164,0.020517733,0.33843148,0.020546999
375316653866487564,6719608830040884096,0.49273562,2302.862160439453,3.378910892865642,2.7222412E-5,19.272459,0.050580066,0.24211425,0.009363693,0.11938655,0.033868235,0.23911542,0.038875427,0.74476206,0.0072311363,0.09411074,0.015443397,0.2620008,0.047647763,null,null,null,null,"TWOGAUSSIANS",8,1.9634151,0.7447721,0.0072398093,0.4,0.0,0.23123048,0.016196739,0.24211425,0.009363693,0.4,0.0,0.20827092,0.024107935
375316653866487564,6719609169344293504,0.50993913,2301.811327872713,3.870181327868805,4.7705253E-5,18.121147,0.016117224,0.27659523,0.011461258,0.0941039,0.02017592,0.17177163,0.018841833,0.76369864,0.0060493047,0.09557762,0.0107721705,0.15163194,0.017029768,null,null,null,null,"TWOGAUSSIANS",8,4.706214,0.27659523,0.011461258,0.4,0.0,0.1634384,0.015340722,0.76369864,0.0060493047,0.4,0.0,0.1432986,0.011416628
375316653866487564,6719610337574793216,0.59617674,2338.093273779816,2.9294602524184903,5.392608E-6,16.861444,0.014410649,0.18039697,0.0034322273,0.03861492,0.0056173448,0.38451368,0.03407797,0.6763976,0.0013092901,0.04923362,0.004353705,0.48341104,0.041128803,0.12521793,0.023846565,0.6763976,0.0013092901,"TWOGAUSSIANS_WITH_ELLIPSOIDAL_ON_ECLIPSE2",9,38.611477,0.6763976,0.0013092901,0.27570826,0.024380747,0.73384565,0.0492481,0.18011698,0.0032344554,0.21624357,0.03145713,0.63480145,0.036129765
375316653866487564,6719613468613581312,0.5436106,2364.640200797953,2.8628021655051556,1.2057781E-5,19.005348,0.017602984,0.23204345,0.008067129,0.08712949,0.01398482,0.22936419,0.02172789,0.72896963,0.003265223,0.08526959,0.0073022027,0.25231537,0.017643185,null,null,null,null,"TWOGAUSSIANS",8,1.3891623,0.72896963,0.003265223,0.4,0.0,0.24550956,0.014401719,0.23204345,0.008067129,0.4,0.0,0.22255836,0.022357311
375316653866487564,6719613743499126784,0.6026113,2344.4545111156312,2.405365067181753,6.98251E-6,13.083074,0.0035363457,0.24742812,0.0027262198,0.078245535,0.0039040532,0.18767308,0.0060264366,0.74612975,0.0022248875,0.08373523,0.005061577,0.28730902,0.011835693,null,null,null,null,"TWOGAUSSIANS",8,47.938972,0.74612975,0.0022248875,0.4,0.0,0.28342524,0.013064707,0.24742812,0.0027262198,0.4,0.0,0.1837893,0.006261966
375316653866487564,6719614671212251776,0.48839745,2325.7108224645303,1.4517528898593546,4.4502838E-5,17.2005,0.013073372,0.137663,0.0034553437,0.03132163,0.0035139406,0.3797547,0.06407034,0.6064717,0.012401049,0.026255442,0.012719367,0.5396106,1.4247622,0.027913136,0.018583085,0.137663,0.0034553437,"TWOGAUSSIANS_WITH_ELLIPSOIDAL_ON_ECLIPSE1",9,81.80732,0.6066417,0.012419264,0.14703047,0.07122845,0.5933313,1.4338261,0.137663,0.0034553437,0.17540112,0.019678067,0.43558085,0.060013823
375316653866487564,6719615255327871360,0.6283021,2348.5988502985197,1.0941614502593893,3.4678446E-6,16.293205,0.004503111,0.2464777,0.0011979057,0.088769674,0.0024507625,0.24702752,0.0052729216,0.7339839,0.0019779808,0.08497506,0.0017337749,0.3707459,0.007923746,null,null,null,null,"TWOGAUSSIANS",8,5.123161,0.7339839,0.0019779808,0.4,0.0,0.36299852,0.007302242,0.2464777,0.0011979057,0.4,0.0,0.23928009,0.005075261
375316653866487564,6719615839429714176,0.4430128,2330.221218763563,3.0072627805499494,4.2094325E-5,19.028883,0.008265529,null,null,null,null,null,null,null,null,null,null,null,null,0.07932378,0.010463265,0.27609,0.013724332,"ELLIPSOIDAL",4,6.694023,null,null,null,null,null,null,null,null,null,null,null,null
375316653866487564,6719618313344855296,0.6094767,2340.8859079570934,2.744657668097256,1.6658894E-5,15.19873,0.03754376,0.27244568,0.0045406017,0.06199842,0.016560841,0.22185072,0.07755445,0.7741554,0.0057493015,0.057680584,0.017410146,0.18886185,0.07689384,0.07774673,0.04478229,0.27244568,0.0045406017,"TWOGAUSSIANS_WITH_ELLIPSOIDAL_ON_ECLIPSE1",9,71.47513,0.27244568,0.0045406017,0.34719115,0.09111048,0.37726521,0.014959064,0.7741554,0.005737591,0.32301128,0.097496815,0.3442584,0.022247849
375316653866487564,6719618485129058304,0.4496862,2329.4811295191944,0.06144077333416855,1.0061504E-5,18.608011,0.009913012,0.19412932,0.004996649,0.029534275,0.004638154,0.23182382,0.020667884,0.75979567,0.027184905,0.06668087,0.019953854,0.21414086,0.10162952,null,null,null,null,"TWOGAUSSIANS",8,6.767283,0.19412932,0.004996649,0.16539194,0.025973663,0.2318238,0.020667896,0.75979567,0.027184905,0.3734129,0.11174158,0.21414086,0.101629525
375316653866487564,6719621543160264704,0.5171104,2330.9147016739043,3.954865320586772,1.462476E-5,19.634418,0.017762495,0.22162679,0.0049892194,0.07394964,0.010835036,0.3899749,0.1027823,0.7162055,0.004213594,0.08081896,0.0055273264,0.44068044,0.02977518,null,null,null,null,"TWOGAUSSIANS",8,1.4891412,0.7162055,0.004213594,0.4,0.0,0.43666586,0.028909698,0.22162679,0.0049892194,0.4,0.028497169,0.38596028,0.104812086
375316653866487564,6719623673451530112,0.4532557,2369.52089486167,0.07876265956463245,1.7643732E-4,18.420935,0.017990025,0.37877905,0.009807543,0.050371367,0.011692427,0.30119845,0.08307761,0.9209064,0.032733303,0.0983183,0.040626787,0.15882245,0.02300233,null,null,null,null,"TWOGAUSSIANS",8,2.8906918,0.37877905,0.009807777,0.28207967,0.065477595,0.30072293,0.08355668,0.9209064,0.032733303,0.4,0.0,0.15834379,0.023463085
375316653866487564,6719624837381365888,0.601269,2379.17049103636,1.2770179987296617,1.51802715E-5,13.423475,0.0032324484,0.23627894,0.0058081215,0.046001453,0.01125843,0.024611648,0.009363796,0.7330747,0.0036823775,0.06321776,0.003063447,0.14470717,0.009298903,0.014313236,0.0037086918,0.23627894,0.0058081215,"TWOGAUSSIANS_WITH_ELLIPSOIDAL_ON_ECLIPSE1",9,25.2433,0.73326474,0.003330603,0.35401943,0.017155303,0.17327678,0.007355215,0.23627894,0.0058081215,0.25760815,0.06304721,0.053192172,0.008827273
375316653866487564,6719625013494081920,0.46725404,2349.4788861481097,0.6394930167841987,1.1576635E-4,15.9119215,0.015959524,0.15153883,0.004776193,0.032705717,0.01876589,1.5652827,405246.8,0.60942346,0.05218437,0.12248508,0.042034686,0.1146375,0.032657955,null,null,null,null,"TWOGAUSSIANS",8,360.3349,0.15153883,0.0047752853,0.183152,0.10508897,1.5647165,405246.8,0.60942346,0.05218437,0.4,0.0,0.11395903,0.032986056
375316653866487564,6719625627660692224,0.5106336,2328.922669845335,2.981476737434063,5.6548066E-5,17.724625,0.3649886,0.1650947,0.027224967,0.114051804,0.041503776,0.2403216,0.14864278,0.6399309,0.009390698,0.21223141,0.11964981,0.35009724,0.358863,null,null,null,null,"TWOGAUSSIANS",8,6.252771,0.6399309,0.009390698,0.4,0.0,0.18810636,0.007978807,0.1730147,0.0277169,0.4,0.0,0.123756826,0.016923536
375316653866487564,6719627556101516032,0.52500117,2306.8711069792444,3.112072064066762,1.2204612E-5,19.016914,0.063157775,0.229661,0.003202086,0.08829315,0.01902056,0.30697256,0.051487524,0.71380436,0.015158689,0.106983654,0.03484846,0.3236609,0.049023826,null,null,null,null,"TWOGAUSSIANS",8,3.5980706,0.71380436,0.015158689,0.4,0.0,0.3044635,0.041478932,0.229671,0.0032026777,0.4,0.0,0.2877895,0.025334056
