Gaia/vari_eclipsing_binary/VariEclipsingBinary_506183-507173.csv
# %ECSV 1.0
# ---
# delimiter: ','
# meta: !!omap
# - RELEASE: Gaia DR3
# - TABLE: vari_eclipsing_binary
# - DESCRIPTION: >
#     This table describes the properties of the eclipsing binaries resulting from the variability analysis. 
# - CITATION: >
#     How to cite and acknowledge Gaia: 
#     https://gea.esac.esa.int/archive/documentation/credits.html 
# - KNOWN_ISSUES: >
#     Known issues: 
#     https://www.cosmos.esa.int/web/gaia-users/known-issues 
# - DOCUMENTATION: >
#     Tutorials and documentation: 
#     https://www.cosmos.esa.int/web/gaia-users/archive 
# datatype:
# - 
#   name: solution_id
#   datatype: int64
#   description: Solution Identifier
#   meta:
#     ucd: meta.version
# - 
#   name: source_id
#   datatype: int64
#   description: Unique source identifier
#   meta:
#     ucd: meta.id;meta.main
# - 
#   name: global_ranking
#   datatype: float32
#   description: Number between 0 (worst) and 1 (best)
#   meta:
#     ucd: stat.param
# - 
#   name: reference_time
#   datatype: float64
#   unit: d
#   description: Reference time used for the geometric model fit
#   meta:
#     ucd: time.epoch
# - 
#   name: frequency
#   datatype: float64
#   unit: d**-1
#   description: Frequency of geometric model of the eclipsing binary light curve
#   meta:
#     ucd: src.orbital
# - 
#   name: frequency_error
#   datatype: float32
#   unit: d**-1
#   description: "Uncertainty of \\texttt{frequency}"
#   meta:
#     ucd: stat.error
# - 
#   name: geom_model_reference_level
#   datatype: float32
#   unit: mag
#   description: Magnitude reference level of geometric model
#   meta:
#     ucd: phot.mag;em.opt
# - 
#   name: geom_model_reference_level_error
#   datatype: float32
#   unit: mag
#   description: "Uncertainty of \\texttt{geomModelReferenceLevel}"
#   meta:
#     ucd: stat.error;phot.mag;em.opt
# - 
#   name: geom_model_gaussian1_phase
#   datatype: float32
#   description: Phase of the Gaussian 1 component
#   meta:
#     ucd: time.phase
# - 
#   name: geom_model_gaussian1_phase_error
#   datatype: float32
#   description: "Uncertainty of \\texttt{geomModelGaussian1Phase}"
#   meta:
#     ucd: stat.error;time.phase
# - 
#   name: geom_model_gaussian1_sigma
#   datatype: float32
#   description: "Standard deviation [phase] of Gaussian 1 component"
#   meta:
#     ucd: stat.stdev
# - 
#   name: geom_model_gaussian1_sigma_error
#   datatype: float32
#   description: "Uncertainty of \\texttt{geomModelGaussian1Sigma}"
#   meta:
#     ucd: stat.error
# - 
#   name: geom_model_gaussian1_depth
#   datatype: float32
#   unit: mag
#   description: Magnitude depth of Gaussian 1 component
#   meta:
#     ucd: src.var.amplitude
# - 
#   name: geom_model_gaussian1_depth_error
#   datatype: float32
#   unit: mag
#   description: "Uncertainty of \\texttt{geomModelGaussian1Depth}"
#   meta:
#     ucd: stat.error;src.var.amplitude
# - 
#   name: geom_model_gaussian2_phase
#   datatype: float32
#   description: Phase of Gaussian 2 component
#   meta:
#     ucd: time.phase
# - 
#   name: geom_model_gaussian2_phase_error
#   datatype: float32
#   description: "Uncertainty of \\texttt{geomModelGaussian2Phase}"
#   meta:
#     ucd: stat.error;time.phase
# - 
#   name: geom_model_gaussian2_sigma
#   datatype: float32
[...]
#   datatype: float32
#   description: "Secondary eclipse: uncertainty of \\texttt{derivedSecondaryEclDuration}"
#   meta:
#     ucd: stat.error;time.duration
# - 
#   name: derived_secondary_ecl_depth
#   datatype: float32
#   unit: mag
#   description: "Secondary eclipse: depth"
#   meta:
#     ucd: src.var.amplitude
# - 
#   name: derived_secondary_ecl_depth_error
#   datatype: float32
#   unit: mag
#   description: "Secondary eclipse: uncertainty of \\texttt{derivedSecondaryEclDepth}"
#   meta:
#     ucd: stat.error;src.var.amplitude
solution_id,source_id,global_ranking,reference_time,frequency,frequency_error,geom_model_reference_level,geom_model_reference_level_error,geom_model_gaussian1_phase,geom_model_gaussian1_phase_error,geom_model_gaussian1_sigma,geom_model_gaussian1_sigma_error,geom_model_gaussian1_depth,geom_model_gaussian1_depth_error,geom_model_gaussian2_phase,geom_model_gaussian2_phase_error,geom_model_gaussian2_sigma,geom_model_gaussian2_sigma_error,geom_model_gaussian2_depth,geom_model_gaussian2_depth_error,geom_model_cosine_half_period_amplitude,geom_model_cosine_half_period_amplitude_error,geom_model_cosine_half_period_phase,geom_model_cosine_half_period_phase_error,model_type,num_model_parameters,reduced_chi2,derived_primary_ecl_phase,derived_primary_ecl_phase_error,derived_primary_ecl_duration,derived_primary_ecl_duration_error,derived_primary_ecl_depth,derived_primary_ecl_depth_error,derived_secondary_ecl_phase,derived_secondary_ecl_phase_error,derived_secondary_ecl_duration,derived_secondary_ecl_duration_error,derived_secondary_ecl_depth,derived_secondary_ecl_depth_error
[from data line 284]
375316653866487564,4460866558202379520,0.43978044,2056.530017335398,0.7813109352852089,2.3699806E-5,17.999596,0.014031365,0.2437781,0.0044369604,0.027362369,0.010547015,0.11000437,0.029347328,0.73587304,0.019219011,0.0331779,0.04096425,0.13496152,0.06663833,0.019835422,0.01692024,0.2437781,0.0044369604,"TWOGAUSSIANS_WITH_ELLIPSOIDAL_ON_ECLIPSE1",9,10.883818,0.736073,0.016845245,0.18579625,0.22238503,0.17453693,0.089478485,0.2437781,0.0044369604,0.15322927,0.059063282,0.14967515,0.022355177
375316653866487564,4460875358595795712,0.51992476,2108.8189740824905,1.2476530052009358,4.941031E-5,17.284683,0.0021308623,0.15220033,2.0201107E-4,0.013242114,5.2728003E-4,3.2181754,0.4854775,null,null,null,null,null,null,null,null,null,null,"ONEGAUSSIAN",5,15.1861105,0.15220033,2.0201107E-4,0.07415584,0.0029527682,3.2181754,0.0,null,null,null,null,null,null
375316653866487564,4460890648679171968,0.47536787,2134.6083533540395,3.3019625164268946,2.2461905E-5,15.913795,0.17442401,0.23300882,0.0075300233,0.100312136,0.018527877,0.22146492,0.09659918,0.75620276,0.019971209,0.1335677,0.1305414,0.09626422,0.1717711,null,null,null,null,"TWOGAUSSIANS",8,91.91278,0.23286882,0.007155618,0.4,0.0,0.20016178,0.015719043,0.7562227,0.019895755,0.4,0.0,0.074754514,0.0116718775
375316653866487564,4460892813343259520,0.55749285,2154.2289178904202,3.763163813833858,9.224815E-6,19.299034,0.009986734,0.26226923,0.0035663412,0.08328382,0.0039074826,0.5237125,0.016650189,0.7601761,0.0019483342,0.07385128,0.0025699579,0.49234575,0.011809156,null,null,null,null,"TWOGAUSSIANS",8,1.7556648,0.26226923,0.0035663412,0.4,0.0,0.51755136,0.016655223,0.7601761,0.0019483342,0.4,0.0,0.48618466,0.010738024
375316653866487564,4460925592533413760,0.55050284,2138.2961796573654,2.1503088493792113,9.40419E-6,13.951513,0.043443646,0.28641436,0.0015075954,0.050063115,0.012857967,0.32683107,0.084273286,0.78171617,0.0031350986,0.065575585,0.009724524,0.5166453,0.08495946,0.013569903,0.049637966,0.28641436,0.0015075954,"TWOGAUSSIANS_WITH_ELLIPSOIDAL_ON_ECLIPSE1",9,222.06425,0.7817962,0.0030926766,0.36722326,0.054457333,0.54353034,0.02676647,0.28641436,0.0015075954,0.28035346,0.072004616,0.35373935,0.018254282
375316653866487564,4460932464481052416,0.6199358,2113.8198393875186,4.4756193951662055,6.8024224E-6,17.902065,0.007728135,0.23887165,0.0021458764,0.044859167,0.004075109,0.38510013,0.03281535,0.7418729,0.0012744854,0.04847953,0.0020508345,0.4803585,0.019209975,0.12764412,0.012180245,0.23887165,0.0021458764,"TWOGAUSSIANS_WITH_ELLIPSOIDAL_ON_ECLIPSE1",9,8.512904,0.7418729,0.0012744854,0.27148536,0.011484672,0.7355547,0.013298877,0.23887165,0.0021458764,0.25121135,0.02282061,0.6403871,0.028593786
375316653866487564,4460939576946972800,0.5088364,2126.30027001842,3.3763182568429926,1.4080186E-5,15.802854,0.54775476,0.31657338,0.0040869606,0.17538613,0.11366758,0.3153101,0.53268695,0.8143141,0.0036388019,0.14974669,0.05560549,0.30168307,0.4320813,null,null,null,null,"TWOGAUSSIANS",8,22.687387,0.3168234,0.0040520863,0.4,0.0,0.13096693,0.0076321284,0.8143141,0.0036388019,0.4,0.0,0.12589186,0.0066981795
375316653866487564,4460956275780597632,0.54731625,2083.7720668405723,2.7819234622825646,9.886716E-6,11.718102,0.0801803,0.26250955,0.0024727546,0.19762273,0.026779376,0.57977456,0.08260253,0.7622372,0.0024033696,0.19140258,0.022282943,0.5544094,0.06922082,null,null,null,null,"TWOGAUSSIANS",8,111.08303,0.26268956,0.0027434055,0.4,0.0,0.11953021,0.0036398687,0.7622372,0.0024149173,0.4,0.0,0.104836844,0.0075882697
375316653866487564,4460957405349960192,0.5208791,2082.9056612983572,3.6862331509443376,6.6474327E-6,17.804615,0.04797867,0.25470766,0.004975628,0.113327704,0.022387454,0.2054474,0.042288426,0.73192674,0.0034161115,0.108084,0.022227569,0.19264531,0.04495521,null,null,null,null,"TWOGAUSSIANS",8,5.120967,0.2547277,0.0049259253,0.4,0.0,0.18094723,0.0129500255,0.73192674,0.0034161115,0.4,0.0,0.16816618,0.00977202
375316653866487564,4460961013122512896,0.47900426,2066.447490995751,0.7638997316690178,1.2719678E-5,17.355635,0.008865397,0.19836172,0.006694689,0.009667861,0.006398351,0.122204505,0.027069362,0.6982294,9.991006E-4,0.01442294,9.860592E-4,0.7164605,0.03655257,null,null,null,null,"TWOGAUSSIANS",8,95.9917,0.6982294,9.991006E-4,0.080768466,0.005521931,0.7164605,0.03655257,0.19836172,0.006694689,0.054140024,0.035830766,0.122204505,0.027069362
375316653866487564,4461008463921962880,0.47073793,2056.3196614603758,4.700493944607792,2.8792383E-5,19.704138,0.012093097,0.47628906,0.0076293214,0.11230075,0.01178833,0.2528877,0.016938085,0.82198936,0.015771309,0.0523955,0.013600578,0.042544544,0.017307162,null,null,null,null,"TWOGAUSSIANS",8,1.6975996,0.47628906,0.0076293214,0.4,0.0,0.2527862,0.016943866,0.82198936,0.015771309,0.2934148,0.07616323,0.044657137,0.018395012
375316653866487564,4461023105471935488,0.645583,2065.931133911267,3.429534594171482,1.4122907E-6,14.023765,0.0045622033,0.21465372,0.0013128768,0.038864832,0.0016054771,0.31026542,0.016878162,0.7176077,7.433349E-4,0.043304842,0.0016763462,0.4823674,0.015569958,0.14618215,0.006444138,0.7176077,7.433349E-4,"TWOGAUSSIANS_WITH_ELLIPSOIDAL_ON_ECLIPSE2",9,183.5727,0.7176077,7.433349E-4,0.24250712,0.009387539,0.77473146,0.01599813,0.21495372,0.0011596176,0.21764305,0.0089906715,0.60253894,0.015521424
375316653866487564,4461077634376813568,0.5334306,2114.3980539223453,3.9022844679754436,9.809635E-6,17.634375,0.49406084,0.23294981,0.0020815372,0.13759045,0.049750824,0.38033432,0.4439164,0.7351415,0.003118247,0.14877559,0.07613667,0.3522529,0.47819507,null,null,null,null,"TWOGAUSSIANS",8,5.2110934,0.2328198,0.001962799,0.4,0.0,0.22609928,0.008029324,0.73524153,0.0031987096,0.4,0.0,0.19656378,0.007870016
375316653866487564,4461105220943965952,0.5597513,2191.666643111086,4.793837094607064,7.2227645E-6,19.154255,0.005892038,0.17230053,0.0018804511,0.06816229,0.002100041,0.5039454,0.018455088,0.6754245,0.0019844344,0.07320917,0.002909885,0.4421375,0.014937688,null,null,null,null,"TWOGAUSSIANS",8,2.0291548,0.17230053,0.0018804511,0.38170883,0.011760228,0.50227326,0.018549792,0.6754245,0.0019844344,0.4,0.0,0.44046536,0.015135762
375316653866487564,4461110860239800448,0.5728463,2164.415559126641,1.1505450244076403,4.821866E-6,13.006911,0.020851472,0.16270354,0.0016090295,0.10667826,0.012297286,0.13936679,0.019690169,0.67796534,0.003616727,0.11586586,0.021355562,0.09784379,0.01917805,null,null,null,null,"TWOGAUSSIANS",8,17.772207,0.16267355,0.0015436045,0.4,0.0,0.12359612,0.0044763167,0.67798537,0.003641254,0.4,0.0,0.08205843,0.0046493798
375316653866487564,4461111783654031104,0.538794,2182.1985735894123,3.1662205000066734,8.541422E-6,19.605793,0.009669874,0.27340153,0.0016979071,0.0605611,0.0025911801,0.62871885,0.036918275,0.76535296,0.004732098,0.06660387,0.0061227116,0.6613892,0.043067846,null,null,null,null,"TWOGAUSSIANS",8,3.714482,0.76535296,0.004732098,0.37298167,0.034287184,0.6609481,0.04324163,0.27340153,0.0016979071,0.33914217,0.014510609,0.6282778,0.037001677
375316653866487564,4461115876761489408,0.50634915,2163.8913602860507,3.356395253411041,2.508781E-5,17.100628,0.02005898,0.23388459,0.021810671,0.054606903,0.035084534,0.078925714,0.032360118,0.71509063,0.005053774,0.061786868,0.03054038,0.066137135,0.043328736,0.05008873,0.027505489,0.71509063,0.005053774,"TWOGAUSSIANS_WITH_ELLIPSOIDAL_ON_ECLIPSE2",9,19.814428,0.22956459,0.020996545,0.30579868,0.19647339,0.17801127,0.021752017,0.71509063,0.005053774,0.34600648,0.17102614,0.16629553,0.014223156
