Gaia/vari_eclipsing_binary/VariEclipsingBinary_529576-529584.csv
# %ECSV 1.0
# ---
# delimiter: ','
# meta: !!omap
# - RELEASE: Gaia DR3
# - TABLE: vari_eclipsing_binary
# - DESCRIPTION: >
#     This table describes the properties of the eclipsing binaries resulting from the variability analysis. 
# - CITATION: >
#     How to cite and acknowledge Gaia: 
#     https://gea.esac.esa.int/archive/documentation/credits.html 
# - KNOWN_ISSUES: >
#     Known issues: 
#     https://www.cosmos.esa.int/web/gaia-users/known-issues 
# - DOCUMENTATION: >
#     Tutorials and documentation: 
#     https://www.cosmos.esa.int/web/gaia-users/archive 
# datatype:
# - 
#   name: solution_id
#   datatype: int64
#   description: Solution Identifier
#   meta:
#     ucd: meta.version
# - 
#   name: source_id
#   datatype: int64
#   description: Unique source identifier
#   meta:
#     ucd: meta.id;meta.main
# - 
#   name: global_ranking
#   datatype: float32
#   description: Number between 0 (worst) and 1 (best)
#   meta:
#     ucd: stat.param
# - 
#   name: reference_time
#   datatype: float64
#   unit: d
#   description: Reference time used for the geometric model fit
#   meta:
#     ucd: time.epoch
# - 
#   name: frequency
#   datatype: float64
#   unit: d**-1
#   description: Frequency of geometric model of the eclipsing binary light curve
#   meta:
#     ucd: src.orbital
# - 
#   name: frequency_error
#   datatype: float32
#   unit: d**-1
#   description: "Uncertainty of \\texttt{frequency}"
#   meta:
#     ucd: stat.error
# - 
#   name: geom_model_reference_level
#   datatype: float32
#   unit: mag
#   description: Magnitude reference level of geometric model
#   meta:
#     ucd: phot.mag;em.opt
# - 
#   name: geom_model_reference_level_error
#   datatype: float32
#   unit: mag
#   description: "Uncertainty of \\texttt{geomModelReferenceLevel}"
#   meta:
#     ucd: stat.error;phot.mag;em.opt
# - 
#   name: geom_model_gaussian1_phase
#   datatype: float32
#   description: Phase of the Gaussian 1 component
#   meta:
#     ucd: time.phase
# - 
#   name: geom_model_gaussian1_phase_error
#   datatype: float32
#   description: "Uncertainty of \\texttt{geomModelGaussian1Phase}"
#   meta:
#     ucd: stat.error;time.phase
# - 
#   name: geom_model_gaussian1_sigma
#   datatype: float32
#   description: "Standard deviation [phase] of Gaussian 1 component"
#   meta:
#     ucd: stat.stdev
# - 
#   name: geom_model_gaussian1_sigma_error
#   datatype: float32
#   description: "Uncertainty of \\texttt{geomModelGaussian1Sigma}"
#   meta:
#     ucd: stat.error
# - 
#   name: geom_model_gaussian1_depth
#   datatype: float32
#   unit: mag
#   description: Magnitude depth of Gaussian 1 component
#   meta:
#     ucd: src.var.amplitude
# - 
#   name: geom_model_gaussian1_depth_error
#   datatype: float32
#   unit: mag
#   description: "Uncertainty of \\texttt{geomModelGaussian1Depth}"
#   meta:
#     ucd: stat.error;src.var.amplitude
# - 
#   name: geom_model_gaussian2_phase
#   datatype: float32
#   description: Phase of Gaussian 2 component
#   meta:
#     ucd: time.phase
# - 
#   name: geom_model_gaussian2_phase_error
#   datatype: float32
#   description: "Uncertainty of \\texttt{geomModelGaussian2Phase}"
#   meta:
#     ucd: stat.error;time.phase
# - 
#   name: geom_model_gaussian2_sigma
#   datatype: float32
[...]
#   datatype: float32
#   description: "Secondary eclipse: uncertainty of \\texttt{derivedSecondaryEclDuration}"
#   meta:
#     ucd: stat.error;time.duration
# - 
#   name: derived_secondary_ecl_depth
#   datatype: float32
#   unit: mag
#   description: "Secondary eclipse: depth"
#   meta:
#     ucd: src.var.amplitude
# - 
#   name: derived_secondary_ecl_depth_error
#   datatype: float32
#   unit: mag
#   description: "Secondary eclipse: uncertainty of \\texttt{derivedSecondaryEclDepth}"
#   meta:
#     ucd: stat.error;src.var.amplitude
solution_id,source_id,global_ranking,reference_time,frequency,frequency_error,geom_model_reference_level,geom_model_reference_level_error,geom_model_gaussian1_phase,geom_model_gaussian1_phase_error,geom_model_gaussian1_sigma,geom_model_gaussian1_sigma_error,geom_model_gaussian1_depth,geom_model_gaussian1_depth_error,geom_model_gaussian2_phase,geom_model_gaussian2_phase_error,geom_model_gaussian2_sigma,geom_model_gaussian2_sigma_error,geom_model_gaussian2_depth,geom_model_gaussian2_depth_error,geom_model_cosine_half_period_amplitude,geom_model_cosine_half_period_amplitude_error,geom_model_cosine_half_period_phase,geom_model_cosine_half_period_phase_error,model_type,num_model_parameters,reduced_chi2,derived_primary_ecl_phase,derived_primary_ecl_phase_error,derived_primary_ecl_duration,derived_primary_ecl_duration_error,derived_primary_ecl_depth,derived_primary_ecl_depth_error,derived_secondary_ecl_phase,derived_secondary_ecl_phase_error,derived_secondary_ecl_duration,derived_secondary_ecl_duration_error,derived_secondary_ecl_depth,derived_secondary_ecl_depth_error
[from data line 1006]
375316653866487564,4658275044858457216,0.47167668,2179.535115757987,1.252593602814354,5.922514E-5,19.151352,0.024219854,0.12714547,0.017445134,0.071439736,0.016072545,0.115623035,0.026859945,0.77010554,0.010361294,0.0831063,0.013076407,0.22110723,0.024977077,null,null,null,null,"TWOGAUSSIANS",8,3.320883,0.77010554,0.010359724,0.4,0.0,0.22105078,0.02472588,0.12709548,0.017458946,0.4,0.064936645,0.11558788,0.02667407
375316653866487564,4658275109271413888,0.49782243,2130.4807259532126,0.09310701512595376,8.015147E-5,19.696775,0.010758855,0.48641303,0.007212981,0.06690903,0.018554855,0.25568095,0.023217559,0.7116765,0.012530889,0.07977381,0.0102184545,0.2700396,0.024132485,null,null,null,null,"TWOGAUSSIANS",8,1.0487742,0.7116765,0.012530889,0.4,0.0,0.27092302,0.022385284,0.48987302,0.006221511,0.37469056,0.04038321,0.26099783,0.025852751
375316653866487564,4658275177970932224,0.44444117,2173.0234073013476,3.7513752620985708,3.3420987E-5,19.031347,0.05912238,0.30279824,0.028923085,0.16097666,0.05612119,0.31964445,0.049055863,0.7583225,0.022466142,0.058477715,0.034036286,0.15895729,1.471418,null,null,null,null,"TWOGAUSSIANS",8,2.3321009,0.30279824,0.028923085,0.4,0.0,0.29759967,0.057398673,0.7583225,0.022466142,0.32747522,0.17578407,0.14379334,1.4824523
375316653866487564,4658275177994564352,0.45250896,2219.1055271062232,0.4997600154556263,2.4013487E-5,19.332153,0.19970423,0.48190585,0.008081609,0.1647898,0.059595622,0.37105435,0.19158356,0.897587,0.012068425,0.051714078,0.014142202,0.24944498,0.0974178,null,null,null,null,"TWOGAUSSIANS",8,3.0849514,0.48190585,0.008081609,0.4,0.0,0.35488582,0.07189083,0.897587,0.012068425,0.28959885,0.079196334,0.2493747,0.07281629
375316653866487564,4658275182283538944,0.4533438,2149.001548034743,0.6311509065368957,2.8286873E-5,17.848305,0.69356793,0.25741938,0.032398857,0.16549875,0.08491079,0.36274862,0.4765533,0.73144513,0.049703214,0.2163875,0.14506531,0.386003,0.6680236,null,null,null,null,"TWOGAUSSIANS",8,5.128537,0.27303937,0.016418958,0.4,0.0,0.13071808,0.011665137,0.73144513,0.049703214,0.4,0.0,0.10615665,0.0096703
375316653866487564,4658275212350257920,0.48779532,2234.478798293155,0.6647336855808229,7.587551E-5,18.802685,0.013392346,0.25678432,0.048898604,0.047245253,0.060331702,0.17771587,0.099494234,0.71070015,0.01313916,0.03145542,0.009600117,0.34196106,0.09206483,null,null,null,null,"TWOGAUSSIANS",8,3.1154566,0.71070015,0.01313916,0.17615035,0.05376065,0.34196106,0.09205273,0.25678432,0.048898604,0.2645734,0.15812293,0.17771587,0.09977795
375316653866487564,4658275349793223424,0.5291955,2149.1915885049702,1.354622345253483,3.841091E-5,18.49547,0.0073945634,0.3553863,0.03671932,0.036710218,0.02793692,0.733746,0.676397,0.5683717,0.010102485,0.0053026313,0.0057561533,0.27626622,0.020699088,0.012986447,0.0097833015,0.5683717,0.010102485,"TWOGAUSSIANS_WITH_ELLIPSOIDAL_ON_ECLIPSE2",9,6.567561,0.35551628,0.037445467,0.20557721,0.15644675,0.7351304,0.675064,0.5683717,0.010102485,0.029694736,0.032234456,0.30223894,0.02487608
375316653866487564,4658275624666014592,0.46771446,2156.0206044126408,1.8279659507553983,4.6362387E-5,18.880394,0.10284116,0.29320356,0.0223393,0.11430296,0.085561566,0.12827733,0.090675764,0.7321188,0.027656777,0.073139444,0.02534166,0.25039104,0.12523042,null,null,null,null,"TWOGAUSSIANS",8,3.7391217,0.7321188,0.027656777,0.4,0.02690256,0.24685422,0.06298995,0.29320356,0.02233571,0.4,0.0,0.124659166,0.02792994
375316653866487564,4658275693385705472,0.45201144,2154.84913360165,0.5340723351532681,2.1122383E-5,17.89963,0.0054496937,0.32612672,0.003134414,0.01802252,0.0043052877,0.07423036,0.013260554,0.70815825,0.015627073,0.07555821,0.016699413,0.06354513,0.010084932,null,null,null,null,"TWOGAUSSIANS",8,5.1703377,0.32612672,0.003134414,0.100926116,0.02410961,0.07423054,0.013260773,0.70815825,0.015627073,0.4,0.05879918,0.06354513,0.010084932
375316653866487564,4658275727726415232,0.44574022,2159.275438114982,1.06415069058191,3.2679487E-5,17.8964,0.005124195,0.18387042,0.02759888,0.029864175,0.03250851,0.09256103,0.043439124,0.6652509,0.010613981,0.06389003,0.013115705,0.064883634,0.022859322,null,null,null,null,"TWOGAUSSIANS",8,3.4379094,0.18387042,0.02759888,0.16723938,0.18204767,0.092561,0.04344902,0.6652509,0.010613981,0.35778418,0.07344795,0.064883605,0.022858337
375316653866487564,4658275796469734912,0.4188026,2164.8041985539903,0.8103824086511953,5.5187877E-5,18.477203,0.006691086,0.3219384,0.013006343,0.056047536,0.09357272,0.011079542,1.213446,0.8153636,0.001122007,0.01933053,0.0072856178,0.2889471,0.12689364,0.051954728,0.029065937,0.3219384,0.013006343,"TWOGAUSSIANS_WITH_ELLIPSOIDAL_ON_ECLIPSE1",9,8.059586,0.8154336,0.0010603217,0.10825096,0.04079946,0.3926806,0.17524481,0.3219384,0.013006343,0.3138662,0.29051542,0.11498839,1.211514
375316653866487564,4658275800758423424,0.59839416,2164.792269430585,0.39184238560428464,1.6682268E-5,16.711903,0.012374144,0.16295443,0.0016242835,0.025034253,0.0036816036,0.18440709,0.02771695,0.6454484,0.021750778,0.040118113,0.023509381,1.0752813,0.74266016,0.04367088,0.020150805,0.16295443,0.0016242835,"TWOGAUSSIANS_WITH_ELLIPSOIDAL_ON_ECLIPSE1",9,23.727335,0.6456284,0.021578303,0.22466142,0.13165253,1.1615812,0.7555424,0.16295443,0.0016242835,0.14019182,0.02061698,0.27174884,0.020111738
375316653866487564,4658275800772557440,0.44459352,2159.93289339867,4.625425926776478,7.4549935E-5,18.22015,0.026669187,0.14975692,0.021365514,0.1573303,0.060390133,0.11832054,0.023404172,0.80117446,0.010645274,0.043180037,0.017435182,0.06682608,0.013276887,null,null,null,null,"TWOGAUSSIANS",8,3.296909,0.14975692,0.021365514,0.4,0.0,0.11671404,0.023349656,0.80536443,0.010779159,0.2418082,0.09763702,0.07570463,0.020960394
375316653866487564,4658275903851623424,0.47464162,2152.7801704735107,0.617280674081552,2.4278444E-5,19.758007,0.021576665,0.25643462,0.0051287776,0.08229447,0.008765558,0.45044008,0.061586462,0.88719374,2.669559E-5,0.0050447206,2.91893E-4,0.28633463,0.020780586,null,null,null,null,"TWOGAUSSIANS",8,4.6339297,0.25643462,0.0051287776,0.4,0.0,0.45044008,0.061586484,0.88719374,2.669559E-5,0.028250435,0.0016346008,0.28635377,0.020809056
375316653866487564,4658276006916450944,0.48601133,2196.133238528631,0.3573072336089513,4.592412E-5,16.987974,0.012755275,0.06923306,0.044572793,0.1449654,0.04967405,0.045234814,0.01905637,0.4106676,0.0071487175,0.051137816,0.009929318,0.36761686,0.04555162,null,null,null,null,"TWOGAUSSIANS",8,6.0600233,0.4106676,0.0071487175,0.28637177,0.055604182,0.36995316,0.044562947,0.06923306,0.044572793,0.4,0.0,0.04474554,0.018987566
375316653866487564,4658276037022630656,0.43490243,2140.544747957213,4.140371656946741,4.5047887E-5,17.885252,0.045956563,0.33859265,0.007214038,0.09359292,0.0326805,0.15093711,0.034649402,0.82266855,0.017974952,0.12683542,0.055228632,0.10091134,0.043916732,null,null,null,null,"TWOGAUSSIANS",8,6.6211987,0.33866265,0.007215658,0.4,0.028937198,0.13593407,0.023183316,0.82266855,0.017974952,0.4,0.0,0.085813425,0.02256349
375316653866487564,4658276144371508480,0.44075593,2202.6858048363647,0.9241895309351245,2.1354397E-5,18.571836,0.011851991,0.21393952,0.020358665,0.049736034,0.008649875,0.4779878,0.31323794,0.5336978,0.009030166,0.057395633,0.01530227,0.12581708,0.022794861,null,null,null,null,"TWOGAUSSIANS",8,4.3528132,0.21393952,0.020358665,0.27852178,0.0484393,0.47798783,0.31323776,0.5336978,0.009030166,0.32141554,0.08569271,0.12581708,0.022794884
375316653866487564,4658276144371508608,0.45912492,2150.0944784950543,2.9542040943936936,2.2035916E-5,18.896135,0.18784781,0.20073365,0.0064079016,0.13399193,0.06276632,0.18392596,0.18142237,0.705853,0.009617691,0.120190784,0.058752157,0.184683,0.17235297,null,null,null,null,"TWOGAUSSIANS",8,1.8591728,0.70595294,0.009995893,0.4,0.0,0.13397072,0.013857038,0.20069365,0.006045522,0.4,0.0,0.13292745,0.013228619
375316653866487564,4658276384887871872,0.46123376,2164.9560784342393,0.05302302630497729,1.8164892E-5,17.247202,0.011261249,0.25989267,0.03668435,0.08714834,0.04483188,0.06971275,0.023249531,0.67103744,0.020491324,0.06080183,0.009959871,0.27462682,0.017699085,null,null,null,null,"TWOGAUSSIANS",8,5.8982506,0.67103744,0.020491324,0.34049025,0.05577528,0.27454236,0.017199859,0.25989267,0.03668435,0.4,8.188314E-5,0.06962725,0.02361744
375316653866487564,4658276449339531648,0.42836237,2114.665129664341,0.6643532732965246,2.5838028E-5,18.84807,0.011286249,0.27922776,0.0054094093,0.057350136,0.007882419,0.15680288,0.030574808,0.6046242,0.03988772,0.06512136,0.022808012,0.092708535,0.025125787,null,null,null,null,"TWOGAUSSIANS",8,5.330565,0.27922776,0.0054056696,0.32116076,0.044141546,0.15680318,0.0305626,0.6046242,0.03988772,0.3646796,0.091314994,0.09270849,0.025125809
375316653866487564,4658276483664465280,0.4634637,2174.53602595122,0.306407748498603,1.985696E-5,17.973228,0.014823773,0.24317928,0.013872848,0.086737506,0.01729584,0.13594511,0.041706767,0.74039185,0.0051153363,0.08790063,0.01690838,0.1449302,0.014206865,null,null,null,null,"TWOGAUSSIANS",8,5.0614424,0.74039185,0.0051153363,0.4,0.0,0.14047885,0.014101221,0.24317928,0.013872848,0.4,0.0,0.13149378,0.042757973
375316653866487564,4658276487966989056,0.4680559,2190.1384279639105,1.164253174482201,3.446751E-5,19.325798,0.7672438,0.3551147,0.009462088,0.0911202,0.017981216,0.6586174,0.3780766,0.81054354,0.010027244,0.1991672,0.1209487,0.7154947,0.76190937,null,null,null,null,"TWOGAUSSIANS",8,2.30651,0.3603047,0.0022957702,0.4,0.0,0.50647587,0.1635302,0.81054354,0.010027244,0.4,0.0,0.49299634,0.14667198
375316653866487564,4658276522326715648,0.43792683,2115.546010673167,0.5151401175234284,2.8519877E-5,19.72478,0.008966506,null,null,null,null,null,null,null,null,null,null,null,null,0.12802455,0.012988746,0.20319012,0.0065463344,"ELLIPSOIDAL",4,2.4554117,null,null,null,null,null,null,null,null,null,null,null,null
375316653866487564,4658276552418707968,0.48274046,2149.39049297323,0.026482409484133405,3.69037E-5,19.189608,0.030832168,0.16716264,0.0074596,0.076870225,0.011583958,0.31091094,0.0552191,0.692807,0.0097856885,0.12073915,0.021517241,0.23635742,0.029870514,null,null,null,null,"TWOGAUSSIANS",8,2.9389527,0.16711263,0.007432563,0.4,0.002355514,0.29626662,0.05706081,0.692807,0.0097856885,0.4,0.0,0.22158976,0.014401753
375316653866487564,4658276999060507136,0.59966576,2127.5175662756096,0.9760976265717922,1.0641825E-4,17.554874,0.002378629,0.72204393,0.0020481248,0.018388117,0.008513947,0.031869024,0.0042867395,0.432483,0.006893151,0.06292845,0.006587228,0.5205854,0.06173561,null,null,null,null,"TWOGAUSSIANS",8,5.181597,0.432483,0.006893151,0.35239935,0.036888476,0.5205854,0.06173561,0.7220339,0.0020646697,0.10297345,0.0476781,0.031882174,0.004289528
375316653866487564,4658277003363540096,0.4387206,2169.878830182995,2.1087379236281705,2.0829964E-5,19.008854,0.009209897,0.4629045,0.0063191517,0.053336475,0.011497759,0.13834694,0.026362566,0.68572813,0.008115883,0.028651386,0.010089727,0.06585012,0.0115975,null,null,null,null,"TWOGAUSSIANS",8,3.1771293,0.4629045,0.0063191517,0.29868427,0.064387456,0.13834694,0.026362566,0.68572813,0.008115883,0.16044776,0.056502473,0.06587256,0.011620984
375316653866487564,4658277037754567424,0.4365001,2169.439951890043,0.3495397266737999,2.5195272E-5,18.919786,0.76096267,0.17075557,0.04290115,0.28453028,0.19855411,0.7810984,0.7223039,0.6151053,0.014908068,0.071708955,0.02197139,0.7769283,0.20751542,null,null,null,null,"TWOGAUSSIANS",8,13.6084,0.6151053,0.014908068,0.4,0.11069075,0.693797,0.13268746,0.17075557,0.04290115,0.4,0.0,0.35445014,0.13312304
375316653866487564,4658277102139855488,0.44118273,2217.566742686431,2.3228186332715457,3.572694E-5,19.091913,0.17935906,0.3424016,0.014681113,0.20170243,0.05657774,0.5195186,0.17202762,0.756768,0.008466663,0.06820987,0.0128307175,0.37462863,0.0659906,null,null,null,null,"TWOGAUSSIANS",8,3.5446794,0.3424016,0.014681113,0.4,0.0,0.43292528,0.04440391,0.756768,0.008466663,0.3819753,0.058823206,0.35867968,0.030114438
375316653866487564,4658277102145047296,0.43280253,2230.30086459444,2.220608628219347,7.274036E-5,19.598705,0.06560241,0.2631245,0.0018737705,0.05606206,0.004728782,0.31590825,0.06115021,0.7581706,0.013694413,0.15468775,0.023820003,0.5390335,0.06375215,null,null,null,null,"TWOGAUSSIANS",8,4.087222,0.7581706,0.013694413,0.4,0.0,0.49184042,0.03067911,0.2632445,0.0019533853,0.31394756,0.026481178,0.2745505,0.02696616
375316653866487564,4658277106442562688,0.4914867,2156.40724379858,2.4867520219184525,2.0513844E-5,15.042296,0.021170259,0.17929561,0.0053485236,0.09445801,0.016218139,0.13841139,0.02077187,0.6674382,0.010143142,0.11118976,0.02067257,0.14014865,0.021515615,null,null,null,null,"TWOGAUSSIANS",8,79.29942,0.6674382,0.010143142,0.4,0.0,0.1276111,0.008218508,0.17930561,0.005345707,0.4,0.0,0.1258862,0.017270964
375316653866487564,4658277136499654656,0.4536583,2175.5609974091344,0.9215199634019394,1.2087956E-5,19.130188,0.0075667724,0.2241792,0.0026662492,0.013464069,0.0045065815,0.91049725,2.3136764,0.8310444,0.015818726,0.018966323,0.024609568,0.1992451,0.099325135,null,null,null,null,"TWOGAUSSIANS",8,2.4909818,0.2241792,0.0026662492,0.07539879,0.025236854,0.91049725,2.3136764,0.8310444,0.015818726,0.1062114,0.13781357,0.1992451,0.099325135
375316653866487564,4658277136499661312,0.5152562,2162.1167305435497,0.5111331364367124,2.8970017E-5,19.36127,0.012591694,0.2482449,0.0073895277,0.07284718,0.010279774,0.2828549,0.013678861,0.7285889,0.03062039,0.06111948,0.022693181,0.344714,0.038896088,null,null,null,null,"TWOGAUSSIANS",8,3.0476518,0.7285889,0.03062039,0.3422691,0.12708181,0.34438112,0.038943786,0.2482449,0.0073895277,0.4,0.01842186,0.28252205,0.013516303
375316653866487564,4658277312601312384,0.4245109,2198.474998556462,0.4736949190754288,5.6365745E-5,19.16969,0.11685437,0.36409122,0.008807836,0.11880616,0.046267875,0.1835921,0.114992484,0.83938307,0.014534032,0.1063972,0.03332845,0.20921215,0.11788104,null,null,null,null,"TWOGAUSSIANS",8,3.126894,0.83938307,0.014534032,0.4,0.0,0.1834898,0.025301013,0.3641212,0.00866575,0.4,0.0,0.15780844,0.023514159
375316653866487564,4658277377024735616,0.4726619,2284.220408273906,0.539355672478553,2.0965868E-5,19.919386,0.01831751,0.21057427,0.08524396,0.07748732,0.04234582,0.18290535,0.11632853,0.8141211,7.031798E-5,0.009657759,7.4050826E-4,1.3094982,0.28553137,null,null,null,null,"TWOGAUSSIANS",8,1.8168893,0.8141211,7.031798E-5,0.05408345,0.004146846,1.3094987,0.28555992,0.21057427,0.08524396,0.4,0.0047501354,0.18290535,0.116150536
375316653866487564,4658277926778595840,0.5587155,2167.637397696953,0.5049114053437639,9.5563955E-6,18.182594,0.0038101086,0.3286136,0.004604682,0.04116165,0.00836207,0.11390531,0.009829932,0.81645966,0.0032983553,0.040818054,0.0028913794,0.20044106,0.0096453745,null,null,null,null,"TWOGAUSSIANS",8,1.5123726,0.81645966,0.0032983553,0.22858112,0.016191725,0.20044106,0.0096453745,0.3286136,0.004604682,0.23050524,0.046827592,0.11390531,0.009829933
375316653866487564,4658278068546480896,0.45084295,2178.309432612271,0.2674938519197265,4.281843E-5,18.278315,0.011651416,0.265314,0.009223935,0.056147587,0.018513039,0.1062934,0.021468317,0.78828174,0.024416573,0.109358616,0.032348786,0.067960665,0.033624526,null,null,null,null,"TWOGAUSSIANS",8,2.3335543,0.265314,0.0092483135,0.31442648,0.10367302,0.105294816,0.023060607,0.78828174,0.024416573,0.4,0.0,0.06695633,0.033833202
375316653866487564,4658278098611120512,0.4897329,2217.741627836972,1.1551380888307134,2.5795141E-5,19.092266,0.008417632,0.25489992,0.0032945152,0.05143389,0.0052933972,0.57118624,0.104578495,0.74521613,0.017138328,0.06255202,0.011994149,0.17983752,0.053604558,null,null,null,null,"TWOGAUSSIANS",8,3.2420094,0.25489992,0.0032945152,0.2880298,0.029643025,0.5711591,0.10461214,0.74521613,0.017138328,0.3502913,0.06716724,0.17981039,0.053600326
