Gaia/vari_eclipsing_binary/VariEclipsingBinary_465445-465494.csv
# %ECSV 1.0
# ---
# delimiter: ','
# meta: !!omap
# - RELEASE: Gaia DR3
# - TABLE: vari_eclipsing_binary
# - DESCRIPTION: >
#     This table describes the properties of the eclipsing binaries resulting from the variability analysis. 
# - CITATION: >
#     How to cite and acknowledge Gaia: 
#     https://gea.esac.esa.int/archive/documentation/credits.html 
# - KNOWN_ISSUES: >
#     Known issues: 
#     https://www.cosmos.esa.int/web/gaia-users/known-issues 
# - DOCUMENTATION: >
#     Tutorials and documentation: 
#     https://www.cosmos.esa.int/web/gaia-users/archive 
# datatype:
# - 
#   name: solution_id
#   datatype: int64
#   description: Solution Identifier
#   meta:
#     ucd: meta.version
# - 
#   name: source_id
#   datatype: int64
#   description: Unique source identifier
#   meta:
#     ucd: meta.id;meta.main
# - 
#   name: global_ranking
#   datatype: float32
#   description: Number between 0 (worst) and 1 (best)
#   meta:
#     ucd: stat.param
# - 
#   name: reference_time
#   datatype: float64
#   unit: d
#   description: Reference time used for the geometric model fit
#   meta:
#     ucd: time.epoch
# - 
#   name: frequency
#   datatype: float64
#   unit: d**-1
#   description: Frequency of geometric model of the eclipsing binary light curve
#   meta:
#     ucd: src.orbital
# - 
#   name: frequency_error
#   datatype: float32
#   unit: d**-1
#   description: "Uncertainty of \\texttt{frequency}"
#   meta:
#     ucd: stat.error
# - 
#   name: geom_model_reference_level
#   datatype: float32
#   unit: mag
#   description: Magnitude reference level of geometric model
#   meta:
#     ucd: phot.mag;em.opt
# - 
#   name: geom_model_reference_level_error
#   datatype: float32
#   unit: mag
#   description: "Uncertainty of \\texttt{geomModelReferenceLevel}"
#   meta:
#     ucd: stat.error;phot.mag;em.opt
# - 
#   name: geom_model_gaussian1_phase
#   datatype: float32
#   description: Phase of the Gaussian 1 component
#   meta:
#     ucd: time.phase
# - 
#   name: geom_model_gaussian1_phase_error
#   datatype: float32
#   description: "Uncertainty of \\texttt{geomModelGaussian1Phase}"
#   meta:
#     ucd: stat.error;time.phase
# - 
#   name: geom_model_gaussian1_sigma
#   datatype: float32
#   description: "Standard deviation [phase] of Gaussian 1 component"
#   meta:
#     ucd: stat.stdev
# - 
#   name: geom_model_gaussian1_sigma_error
#   datatype: float32
#   description: "Uncertainty of \\texttt{geomModelGaussian1Sigma}"
#   meta:
#     ucd: stat.error
# - 
#   name: geom_model_gaussian1_depth
#   datatype: float32
#   unit: mag
#   description: Magnitude depth of Gaussian 1 component
#   meta:
#     ucd: src.var.amplitude
# - 
#   name: geom_model_gaussian1_depth_error
#   datatype: float32
#   unit: mag
#   description: "Uncertainty of \\texttt{geomModelGaussian1Depth}"
#   meta:
#     ucd: stat.error;src.var.amplitude
# - 
#   name: geom_model_gaussian2_phase
#   datatype: float32
#   description: Phase of Gaussian 2 component
#   meta:
#     ucd: time.phase
# - 
#   name: geom_model_gaussian2_phase_error
#   datatype: float32
#   description: "Uncertainty of \\texttt{geomModelGaussian2Phase}"
#   meta:
#     ucd: stat.error;time.phase
# - 
#   name: geom_model_gaussian2_sigma
#   datatype: float32
[...]
#   datatype: float32
#   description: "Secondary eclipse: uncertainty of \\texttt{derivedSecondaryEclDuration}"
#   meta:
#     ucd: stat.error;time.duration
# - 
#   name: derived_secondary_ecl_depth
#   datatype: float32
#   unit: mag
#   description: "Secondary eclipse: depth"
#   meta:
#     ucd: src.var.amplitude
# - 
#   name: derived_secondary_ecl_depth_error
#   datatype: float32
#   unit: mag
#   description: "Secondary eclipse: uncertainty of \\texttt{derivedSecondaryEclDepth}"
#   meta:
#     ucd: stat.error;src.var.amplitude
solution_id,source_id,global_ranking,reference_time,frequency,frequency_error,geom_model_reference_level,geom_model_reference_level_error,geom_model_gaussian1_phase,geom_model_gaussian1_phase_error,geom_model_gaussian1_sigma,geom_model_gaussian1_sigma_error,geom_model_gaussian1_depth,geom_model_gaussian1_depth_error,geom_model_gaussian2_phase,geom_model_gaussian2_phase_error,geom_model_gaussian2_sigma,geom_model_gaussian2_sigma_error,geom_model_gaussian2_depth,geom_model_gaussian2_depth_error,geom_model_cosine_half_period_amplitude,geom_model_cosine_half_period_amplitude_error,geom_model_cosine_half_period_phase,geom_model_cosine_half_period_phase_error,model_type,num_model_parameters,reduced_chi2,derived_primary_ecl_phase,derived_primary_ecl_phase_error,derived_primary_ecl_duration,derived_primary_ecl_duration_error,derived_primary_ecl_depth,derived_primary_ecl_depth_error,derived_secondary_ecl_phase,derived_secondary_ecl_phase_error,derived_secondary_ecl_duration,derived_secondary_ecl_duration_error,derived_secondary_ecl_depth,derived_secondary_ecl_depth_error
[from data line 260]
375316653866487564,4094356456007141376,0.49140787,2281.33836898614,2.3160843511479774,5.9964845E-5,18.481731,0.00959135,0.22042765,0.012695544,0.053755097,0.008961793,0.3240826,0.018915582,0.73460233,0.043554537,0.07589881,0.034808137,0.2301758,0.059059046,null,null,null,null,"TWOGAUSSIANS",8,9.314328,0.22042765,0.012695544,0.30102855,0.05018604,0.3238824,0.01838729,0.73460233,0.043554537,0.4,0.15196872,0.22997555,0.05906905
375316653866487564,4094357005790057728,0.6313141,2217.2913561936402,1.5355891632972776,3.638862E-6,16.765486,0.003342001,0.70636237,0.0013220075,0.046118364,0.004778891,0.060935456,0.009198174,null,null,null,null,null,null,0.0866347,0.0059597003,0.70636237,0.0013220075,"ONEGAUSSIAN_WITH_ELLIPSOIDAL",6,2.2758086,0.70636237,0.0013220075,0.25826284,0.026761789,0.23420477,0.004778067,null,null,null,null,null,null
375316653866487564,4094357383721226368,0.54456496,2234.7387353500867,2.5609582018146204,2.9725248E-5,18.226442,0.02534143,0.30047414,0.010115452,0.08098715,0.013280654,0.3690886,0.029194767,0.80999243,0.0154431015,0.07955721,0.016136702,0.35493657,0.023039863,null,null,null,null,"TWOGAUSSIANS",8,11.399724,0.30047414,0.010115452,0.4,0.0,0.36438352,0.023807447,0.80999243,0.0154431015,0.4,0.032940876,0.35023147,0.017865311
375316653866487564,4094358139661532160,0.5168058,2249.0752082876493,0.5273872148820871,1.5407414E-4,18.66858,0.018096825,0.35054058,0.011012549,0.15888259,0.014906907,0.3317991,0.019655278,0.79655737,0.012659133,0.058129087,0.015707262,0.08909608,0.015697481,null,null,null,null,"TWOGAUSSIANS",8,3.4471571,0.35054058,0.011012549,0.4,0.0,0.31543922,0.014539604,0.79655737,0.012659133,0.32552287,0.08796067,0.07994795,0.014738657
375316653866487564,4094358341500125696,0.62541234,2206.6648778413264,1.9350800482470178,8.365615E-6,17.097717,0.008540041,0.31067267,0.0017077563,0.0854845,0.004239551,0.3145034,0.0062417095,0.8172406,0.0043733274,0.084590204,0.00642749,0.26014492,0.009608595,null,null,null,null,"TWOGAUSSIANS",8,2.9724863,0.31067267,0.0017077563,0.4,0.0,0.3077261,0.0054106633,0.8172406,0.0043733274,0.4,0.0,0.2533676,0.008752534
375316653866487564,4094358685108480640,0.46025935,2243.773222906209,0.25248527674787624,3.0160889E-5,18.63486,0.018661952,0.26923305,0.022403268,0.14602503,0.02611316,0.27936864,0.03140223,0.6565052,0.013904285,0.05168855,0.0125103155,0.3419542,0.07016011,null,null,null,null,"TWOGAUSSIANS",8,5.7559023,0.6565052,0.013904285,0.28945586,0.07005777,0.34590396,0.06939447,0.26923305,0.022403268,0.4,0.0,0.2749808,0.034016795
375316653866487564,4094358792470585728,0.4773428,2227.4976560645514,3.10575724047833,2.3487446E-5,19.343416,0.046399273,0.25793222,0.006724616,0.074735455,0.013723526,0.51216525,0.10312913,0.751809,0.019027974,0.0881016,0.014815923,0.58896387,0.14437538,null,null,null,null,"TWOGAUSSIANS",8,12.414786,0.751809,0.019027974,0.4,0.0,0.58017284,0.14213546,0.25793222,0.006724616,0.4,0.027936019,0.5033744,0.10573621
375316653866487564,4094358792470625664,0.5354149,2229.0425322646856,2.7449706425139424,2.0155672E-5,19.113161,0.02116468,0.19127901,0.005100096,0.08292012,0.011714513,0.3006642,0.026640726,0.6855608,0.012700694,0.077266924,0.011969034,0.31957933,0.038722876,null,null,null,null,"TWOGAUSSIANS",8,2.3066514,0.6855608,0.012700694,0.4,0.0,0.31534022,0.037949573,0.19127901,0.005100096,0.4,0.0,0.29642507,0.026414955
375316653866487564,4094358861190122112,0.49526548,2223.4242592545365,0.40902647927601465,2.7814516E-5,19.769308,0.017771667,0.3510474,0.009874268,0.09526401,0.018418927,0.3285465,0.033092357,0.597834,0.007559905,0.01702222,0.008269665,0.1481075,0.30336133,null,null,null,null,"TWOGAUSSIANS",8,1.479275,0.3510474,0.009874268,0.4,0.0,0.3285458,0.03309352,0.597834,0.007559905,0.095324434,0.046310123,0.1595706,0.30448973
375316653866487564,4094358929935556480,0.45533928,2234.228232400729,0.11616917025961357,2.1371186E-5,16.617577,0.1501581,0.20817178,0.011100783,0.13777214,0.12436798,0.13348852,0.13774167,0.70308423,0.004523763,0.07913491,0.028268894,0.17969166,0.1026043,null,null,null,null,"TWOGAUSSIANS",8,4.3778973,0.70308423,0.004523763,0.4,0.010125059,0.16134478,0.024323493,0.20817178,0.011100783,0.4,0.0,0.11477008,0.06503965
375316653866487564,4094359273506453888,0.46804845,2231.6782419657793,2.886424094436154,3.1130323E-5,18.785646,0.027472734,0.23424333,0.009632979,0.08591898,0.025345528,0.19450289,0.18098255,0.7164252,0.011861076,0.11234211,0.030476699,0.10943621,0.02548993,null,null,null,null,"TWOGAUSSIANS",8,1.6532784,0.23425333,0.009618383,0.4,0.022470905,0.18546061,0.18777859,0.7164252,0.011861076,0.4,0.0,0.10038035,0.014749373
375316653866487564,4094359303583948416,0.47623062,2291.4327435193863,0.2666884125347773,6.838275E-5,17.6764,0.0064265975,0.2581755,0.010486662,0.048190758,0.011688011,0.16493255,0.06294859,0.6693519,0.013738178,0.08080089,0.010858715,0.058340166,0.014023979,null,null,null,null,"TWOGAUSSIANS",8,3.0008175,0.2581755,0.010486662,0.26986825,0.06545286,0.16492778,0.06296132,0.6693519,0.013738178,0.4,0.0,0.05833526,0.014020015
375316653866487564,4094359651466361216,0.48614854,2290.364835169055,1.7738294703795752,4.0705356E-5,19.242292,0.0895183,0.3553708,0.024041506,0.12725373,0.045240898,0.5656554,0.07183716,0.8478228,3.66134E-4,0.013932026,0.0034324918,0.47490388,0.081810996,null,null,null,null,"TWOGAUSSIANS",8,1.9093859,0.3553708,0.024041506,0.4,0.0,0.56442225,0.06386407,0.8478228,3.66134E-4,0.07801934,0.019221954,0.4741861,0.0814992
375316653866487564,4094360682256587904,0.4919855,2187.685151807554,0.6852806494998138,2.688482E-5,19.722483,0.22856869,0.19443887,0.016262386,0.09108106,0.05416498,0.81162685,0.5017737,0.7117254,0.006957816,0.08997018,0.03534934,0.79184276,0.14986916,null,null,null,null,"TWOGAUSSIANS",8,8.362227,0.19443887,0.01626207,0.4,0.1536719,0.7845581,0.5450224,0.7117254,0.0069643413,0.4,0.046121683,0.76477426,0.12955885
375316653866487564,4094361094573099264,0.5046326,2256.848618379344,0.9312103116899055,2.9224268E-5,18.81468,0.095888615,0.32656717,0.014099626,0.118418135,0.057200756,0.23446052,0.08377167,0.81143254,0.0043595852,0.10834682,0.03078506,0.28141257,0.08181779,null,null,null,null,"TWOGAUSSIANS",8,2.291589,0.81143254,0.0043595852,0.4,0.0,0.24284685,0.020617945,0.32658717,0.014126105,0.4,0.0,0.195839,0.086735785
375316653866487564,4094361541251144064,0.5218289,2329.221785727605,1.990515182578536,3.4965815E-5,19.592472,0.03877469,0.2489714,0.032572675,0.07604407,0.020025663,0.34866837,0.07173227,0.8056391,0.032456007,0.08189414,0.034517843,0.36173034,0.040481057,null,null,null,null,"TWOGAUSSIANS",8,2.502881,0.8056391,0.032456007,0.4,0.0,0.36030522,0.03586995,0.2489714,0.032572933,0.4,0.049610917,0.34724337,0.06825639
375316653866487564,4094361777470655872,0.58487433,2303.100054763406,1.9630260228307927,1.5484919E-5,17.40043,0.12211286,0.26170233,0.0049168086,0.13620792,0.04768284,0.18243173,0.11709665,0.7612658,0.00394884,0.12456939,0.036950123,0.2200151,0.11243796,null,null,null,null,"TWOGAUSSIANS",8,1.5914862,0.7612658,0.0039599193,0.4,0.0,0.15744647,0.007482632,0.26171234,0.004926946,0.4,0.0,0.11957021,0.012481163
375316653866487564,4094362636477208704,0.57856405,2305.062281418281,4.801723397839916,1.022597E-5,17.731281,0.0040922095,0.35540402,0.02492009,0.04447767,0.019889401,0.03471915,0.04638527,0.70843834,0.0074414024,0.06909875,0.013294874,0.33208764,0.16971534,null,null,null,null,"TWOGAUSSIANS",8,1.0892258,0.70843834,0.0074414024,0.38695297,0.021620627,0.33208764,0.16971567,0.35540402,0.02493132,0.24907495,0.111380644,0.03471984,0.046384513
375316653866487564,4094362739543476352,0.5875459,2270.7391162630065,1.4664737747678487,2.0994063E-5,15.485591,0.011779181,0.31392884,0.011805802,0.04694156,0.00806301,0.32871604,0.063958034,0.81109303,0.02556576,0.04416262,0.022766434,0.065473095,0.051932525,0.029273903,0.013131368,0.31392884,0.011805802,"TWOGAUSSIANS_WITH_ELLIPSOIDAL_ON_ECLIPSE1",9,16.76514,0.31392884,0.011805802,0.26287273,0.045152854,0.38726357,0.04712013,0.8114331,0.02500722,0.24731067,0.12749203,0.12400428,0.047562215
375316653866487564,4094362773903145728,0.5293213,2271.065444522916,0.8623267061445581,8.342597E-5,17.20531,0.010743196,0.22009988,0.03874384,0.048169717,0.022956068,0.79171026,0.90130454,0.77914536,0.11191369,0.073094614,0.05558957,0.38055462,20.148802,null,null,null,null,"TWOGAUSSIANS",8,54.27558,0.22009988,0.03874384,0.26975042,0.12855397,0.7916863,0.9013233,0.77914536,0.11191369,0.4,0.2856793,0.38053063,20.148829
375316653866487564,4094362812559145344,0.5875667,2249.3234515574877,1.8720289654904287,2.0834234E-5,18.798937,0.021757316,0.17887424,0.005330055,0.06890699,0.011000526,0.24354365,0.022452053,0.6755197,0.009221186,0.0664065,0.014730466,0.5730669,0.12484612,null,null,null,null,"TWOGAUSSIANS",8,2.3854094,0.6755197,0.009221186,0.37187642,0.04322794,0.5723395,0.12753606,0.17887424,0.005330055,0.38587913,0.038770445,0.24281622,0.021525929
375316653866487564,4094363327958037504,0.5124172,2299.6920421418076,1.8785647765485716,1.0094726E-4,19.563967,0.05191966,0.29366452,0.050396666,0.074172996,0.026661824,0.29715893,0.13226351,0.5906789,0.05619503,0.19163737,0.07251739,0.2796983,0.051347867,null,null,null,null,"TWOGAUSSIANS",8,1.2764587,0.30717453,0.057289958,0.4,0.016682725,0.36409748,0.12141228,0.5906789,0.05619503,0.4,0.0,0.25772884,0.019332184
375316653866487564,4094364152591271680,0.60412073,2374.73555411003,2.6554404402622143,3.04417E-5,18.965914,0.0138194,0.18217175,0.0038614022,0.078164496,0.00530247,0.43591213,0.016761992,0.67762107,0.012460997,0.06671361,0.011086548,0.64516294,0.060523786,null,null,null,null,"TWOGAUSSIANS",8,1.947358,0.67762107,0.012460997,0.37359622,0.02980788,0.64275086,0.06101893,0.18217175,0.0038614022,0.4,0.0,0.43350008,0.016079614
375316653866487564,4094364869847615104,0.5722895,2374.0442279680647,2.2139815351685725,1.5895585E-5,18.358578,0.031447124,0.25084674,0.003710028,0.09272235,0.010205709,0.36949432,0.028237246,0.7651987,0.01742126,0.081978135,0.021082208,0.40013885,0.028940981,null,null,null,null,"TWOGAUSSIANS",8,2.6433678,0.7651987,0.01742126,0.4,0.0,0.39010537,0.018848028,0.25084674,0.003710028,0.4,0.0,0.35946035,0.011405048
375316653866487564,4094364977225429632,0.4746724,2324.4962890280863,3.751311590162265,1.6890845E-5,18.88122,0.011900928,0.17217746,0.00673857,0.081537485,0.00939617,0.20147888,0.01779654,0.6614969,0.011540531,0.08037799,0.013487026,0.17935495,0.034196015,null,null,null,null,"TWOGAUSSIANS",8,2.000159,0.17217746,0.00673857,0.4,0.0,0.19884841,0.017205566,0.6614969,0.011540531,0.4,0.0,0.17672448,0.036449276
375316653866487564,4094366179814224512,0.45196903,2275.2788619200733,2.8845943045500846,5.070916E-5,17.903124,0.17969121,0.2513039,0.011897855,0.108650975,0.035533566,0.27717587,0.17260092,0.73440087,0.012980038,0.11853067,0.059157144,0.22221583,0.18109547,null,null,null,null,"TWOGAUSSIANS",8,8.840045,0.2513539,0.0116861975,0.4,0.0,0.24027066,0.028432406,0.73440087,0.012980038,0.4,0.0,0.18525666,0.033954788
375316653866487564,4094366420334785280,0.55137557,2277.769644586286,3.3465026563359017,5.0254643E-5,19.735239,0.033008244,0.22667944,0.008218069,0.106032275,0.013087657,0.4218551,0.057907686,0.72629833,0.009274218,0.06747773,0.0120095825,0.9168624,0.21176648,null,null,null,null,"TWOGAUSSIANS",8,1.6683267,0.72629833,0.009274218,0.3778753,0.03442179,0.8998784,0.22115207,0.22667944,0.008218069,0.4,0.0,0.40485853,0.05590188
375316653866487564,4094366763932255232,0.5601846,2267.793737512286,2.507624254827907,1.4882905E-5,18.01288,0.022272704,0.26425764,0.003933349,0.045304857,0.010939227,0.25733265,0.056611206,0.7818831,0.01636266,0.052827146,0.015395192,0.33100945,0.12598735,0.13364404,0.026075501,0.26425764,0.003933349,"TWOGAUSSIANS_WITH_ELLIPSOIDAL_ON_ECLIPSE1",9,9.06526,0.7818831,0.01636266,0.29583204,0.086213075,0.59503114,0.14944308,0.26425764,0.003933349,0.2537072,0.061259672,0.5246191,0.037682205
375316653866487564,4094367893504887424,0.5556465,2320.6378546143324,2.130476997228954,5.4787874E-5,17.631884,0.025892286,0.14931491,0.004809942,0.09376623,0.013622428,0.19846603,0.024668617,0.66750455,0.019633498,0.0920234,0.02776522,0.18835974,0.029528555,null,null,null,null,"TWOGAUSSIANS",8,4.172361,0.14931491,0.004794467,0.4,0.0,0.19055554,0.011955263,0.66750455,0.01964158,0.4,0.0,0.18044944,0.024165897
375316653866487564,4094368688082147456,0.52659774,2337.563687180426,2.2909833967414315,1.6285598E-5,18.412422,0.041478924,0.25553295,0.00401104,0.098044015,0.017276399,0.31620547,0.029771382,0.75008374,0.011483148,0.10314371,0.02579519,0.2740103,0.049423717,null,null,null,null,"TWOGAUSSIANS",8,3.8508277,0.25553295,0.004011465,0.4,0.0,0.2912054,0.031574458,0.75008374,0.011483148,0.4,0.0,0.24900725,0.051475987
375316653866487564,4094368791161298432,0.57486284,2302.921504460573,3.486254515842721,1.733294E-5,19.67229,0.021618329,0.2781816,0.008870245,0.07122227,0.012824509,0.4045312,0.04522232,0.77172506,0.0023294243,0.07716047,0.0043795123,0.51404864,0.030502902,null,null,null,null,"TWOGAUSSIANS",8,1.5017993,0.77172506,0.0023294243,0.4,0.0,0.5113453,0.02852795,0.2781816,0.008870245,0.3988447,0.034377098,0.4018279,0.04590248
375316653866487564,4094370371730654336,0.5116493,2283.9005574864354,0.6635027929637366,3.0219691E-5,18.306253,0.014412984,0.025161108,0.013076951,0.028751446,0.018118665,0.050525296,0.26686072,0.33330157,0.0047049513,0.081372656,0.007696918,0.18901244,0.015725855,null,null,null,null,"TWOGAUSSIANS",8,1.8327038,0.33330157,0.0047049513,0.4,0.0,0.18901244,0.015725853,0.025271108,0.013176935,0.16100809,0.10146452,0.0506711,0.26686132
375316653866487564,4094373086149729024,0.5700055,2230.2760259442784,0.627596486935762,2.0655103E-5,14.221509,0.0031722607,0.19208741,0.06767014,0.039532926,0.04162824,0.25867778,3.5965489E10,0.73794526,0.014251532,0.026591528,0.012845119,0.12899218,0.031598702,0.01619924,0.004314912,0.73794526,0.014251532,"TWOGAUSSIANS_WITH_ELLIPSOIDAL_ON_ECLIPSE2",9,37.84436,0.19274741,0.06736587,0.22138439,0.23311815,0.28849655,3.5965489E10,0.73794526,0.014251532,0.14891255,0.071932666,0.16139041,0.03185484
375316653866487564,4094378996005351552,0.5084976,2263.385611948642,2.18834342579917,1.583589E-5,19.700127,0.049654644,0.3080176,0.013710178,0.104934044,0.03648494,0.35858902,0.098983966,0.7874783,0.0041517806,0.09482572,0.013035284,0.37409937,0.04317078,null,null,null,null,"TWOGAUSSIANS",8,0.96549773,0.7874783,0.0041517806,0.4,0.0,0.3496145,0.02502522,0.3080176,0.013709657,0.4,0.0,0.33409318,0.12809426
375316653866487564,4094382672516804992,0.6705384,2245.9562159145676,0.4056611674391724,8.302623E-6,15.813872,0.002912707,0.15953776,0.0038986732,0.025205435,0.0013635297,0.67062974,0.082314014,0.6697965,0.021698711,0.02220627,0.013857859,0.54424846,0.34104598,null,null,null,null,"TWOGAUSSIANS",8,8.767422,0.15953776,0.0038986732,0.14115044,0.0076357666,0.67062974,0.082314014,0.6697965,0.021698711,0.12435511,0.07760401,0.54424846,0.34104598
375316653866487564,4094383698989683200,0.4689,2337.1540786313344,4.959596391885492,5.397074E-5,19.845953,0.013435362,0.34307918,0.030107664,0.024486678,0.025400495,0.5554995,0.47890648,0.67528063,0.0053444183,0.04160361,0.004530249,0.4031949,0.036472626,null,null,null,null,"TWOGAUSSIANS",8,1.7626941,0.34307918,0.030107664,0.13712539,0.14224277,0.5554995,0.47890648,0.67528063,0.0053444183,0.2329802,0.025369395,0.4031949,0.036472626
375316653866487564,4094385627454316544,0.4431294,2197.915714563093,0.2534365768948145,6.450697E-5,13.952321,0.012100939,0.383567,0.005837053,0.06202079,0.010551932,0.9825591,0.812434,0.8280609,0.02372856,0.083551824,0.03538339,0.12599,0.28711078,null,null,null,null,"TWOGAUSSIANS",8,359.0546,0.383567,0.005837053,0.3473164,0.05909082,0.9821669,0.81307966,0.8280609,0.02372856,0.4,0.11750499,0.12559773,0.28753176
