Gaia/vari_eclipsing_binary/VariEclipsingBinary_680133-680168.csv
# %ECSV 1.0
# ---
# delimiter: ','
# meta: !!omap
# - RELEASE: Gaia DR3
# - TABLE: vari_eclipsing_binary
# - DESCRIPTION: >
#     This table describes the properties of the eclipsing binaries resulting from the variability analysis. 
# - CITATION: >
#     How to cite and acknowledge Gaia: 
#     https://gea.esac.esa.int/archive/documentation/credits.html 
# - KNOWN_ISSUES: >
#     Known issues: 
#     https://www.cosmos.esa.int/web/gaia-users/known-issues 
# - DOCUMENTATION: >
#     Tutorials and documentation: 
#     https://www.cosmos.esa.int/web/gaia-users/archive 
# datatype:
# - 
#   name: solution_id
#   datatype: int64
#   description: Solution Identifier
#   meta:
#     ucd: meta.version
# - 
#   name: source_id
#   datatype: int64
#   description: Unique source identifier
#   meta:
#     ucd: meta.id;meta.main
# - 
#   name: global_ranking
#   datatype: float32
#   description: Number between 0 (worst) and 1 (best)
#   meta:
#     ucd: stat.param
# - 
#   name: reference_time
#   datatype: float64
#   unit: d
#   description: Reference time used for the geometric model fit
#   meta:
#     ucd: time.epoch
# - 
#   name: frequency
#   datatype: float64
#   unit: d**-1
#   description: Frequency of geometric model of the eclipsing binary light curve
#   meta:
#     ucd: src.orbital
# - 
#   name: frequency_error
#   datatype: float32
#   unit: d**-1
#   description: "Uncertainty of \\texttt{frequency}"
#   meta:
#     ucd: stat.error
# - 
#   name: geom_model_reference_level
#   datatype: float32
#   unit: mag
#   description: Magnitude reference level of geometric model
#   meta:
#     ucd: phot.mag;em.opt
# - 
#   name: geom_model_reference_level_error
#   datatype: float32
#   unit: mag
#   description: "Uncertainty of \\texttt{geomModelReferenceLevel}"
#   meta:
#     ucd: stat.error;phot.mag;em.opt
# - 
#   name: geom_model_gaussian1_phase
#   datatype: float32
#   description: Phase of the Gaussian 1 component
#   meta:
#     ucd: time.phase
# - 
#   name: geom_model_gaussian1_phase_error
#   datatype: float32
#   description: "Uncertainty of \\texttt{geomModelGaussian1Phase}"
#   meta:
#     ucd: stat.error;time.phase
# - 
#   name: geom_model_gaussian1_sigma
#   datatype: float32
#   description: "Standard deviation [phase] of Gaussian 1 component"
#   meta:
#     ucd: stat.stdev
# - 
#   name: geom_model_gaussian1_sigma_error
#   datatype: float32
#   description: "Uncertainty of \\texttt{geomModelGaussian1Sigma}"
#   meta:
#     ucd: stat.error
# - 
#   name: geom_model_gaussian1_depth
#   datatype: float32
#   unit: mag
#   description: Magnitude depth of Gaussian 1 component
#   meta:
#     ucd: src.var.amplitude
# - 
#   name: geom_model_gaussian1_depth_error
#   datatype: float32
#   unit: mag
#   description: "Uncertainty of \\texttt{geomModelGaussian1Depth}"
#   meta:
#     ucd: stat.error;src.var.amplitude
# - 
#   name: geom_model_gaussian2_phase
#   datatype: float32
#   description: Phase of Gaussian 2 component
#   meta:
#     ucd: time.phase
# - 
#   name: geom_model_gaussian2_phase_error
#   datatype: float32
#   description: "Uncertainty of \\texttt{geomModelGaussian2Phase}"
#   meta:
#     ucd: stat.error;time.phase
# - 
#   name: geom_model_gaussian2_sigma
#   datatype: float32
[...]
#   datatype: float32
#   description: "Secondary eclipse: uncertainty of \\texttt{derivedSecondaryEclDuration}"
#   meta:
#     ucd: stat.error;time.duration
# - 
#   name: derived_secondary_ecl_depth
#   datatype: float32
#   unit: mag
#   description: "Secondary eclipse: depth"
#   meta:
#     ucd: src.var.amplitude
# - 
#   name: derived_secondary_ecl_depth_error
#   datatype: float32
#   unit: mag
#   description: "Secondary eclipse: uncertainty of \\texttt{derivedSecondaryEclDepth}"
#   meta:
#     ucd: stat.error;src.var.amplitude
solution_id,source_id,global_ranking,reference_time,frequency,frequency_error,geom_model_reference_level,geom_model_reference_level_error,geom_model_gaussian1_phase,geom_model_gaussian1_phase_error,geom_model_gaussian1_sigma,geom_model_gaussian1_sigma_error,geom_model_gaussian1_depth,geom_model_gaussian1_depth_error,geom_model_gaussian2_phase,geom_model_gaussian2_phase_error,geom_model_gaussian2_sigma,geom_model_gaussian2_sigma_error,geom_model_gaussian2_depth,geom_model_gaussian2_depth_error,geom_model_cosine_half_period_amplitude,geom_model_cosine_half_period_amplitude_error,geom_model_cosine_half_period_phase,geom_model_cosine_half_period_phase_error,model_type,num_model_parameters,reduced_chi2,derived_primary_ecl_phase,derived_primary_ecl_phase_error,derived_primary_ecl_duration,derived_primary_ecl_duration_error,derived_primary_ecl_depth,derived_primary_ecl_depth_error,derived_secondary_ecl_phase,derived_secondary_ecl_phase_error,derived_secondary_ecl_duration,derived_secondary_ecl_duration_error,derived_secondary_ecl_depth,derived_secondary_ecl_depth_error
[from data line 147]
375316653866487564,5982627420263870464,0.50542706,2117.872159011272,2.1200343376436916,2.6913965E-5,19.639162,0.017236756,0.22832723,0.00986367,0.082935914,0.009936311,0.3504469,0.023141697,0.74079114,0.0071945204,0.085456654,0.012187522,0.3468326,0.024378367,null,null,null,null,"TWOGAUSSIANS",8,2.327845,0.22832723,0.00986367,0.4,0.0,0.34365168,0.018151533,0.74079114,0.0071945204,0.4,0.0,0.34003735,0.027393408
375316653866487564,5982629065233458816,0.55274117,2144.950812376195,0.2952897758486202,5.5768924E-6,18.531593,0.0035189346,0.108343095,0.001962346,0.01916649,0.0018947021,0.47055858,0.1073459,0.6061631,0.004967039,0.020255247,0.002633772,0.45923534,0.060418457,null,null,null,null,"TWOGAUSSIANS",8,4.1672506,0.108343095,0.001962346,0.10733234,0.010610332,0.47055858,0.1073459,0.6061631,0.004967039,0.11342938,0.014749125,0.45923534,0.060418457
375316653866487564,5982629271395269120,0.5300753,2170.900753523329,1.1932885491483614,1.4623096E-5,18.127344,0.0024204066,0.24508737,0.008513938,0.06758957,0.0126379235,0.06903748,0.015099119,0.75239193,0.0024845998,0.056777623,0.0025989362,0.20327267,0.008490488,null,null,null,null,"TWOGAUSSIANS",8,1.8941656,0.75239193,0.0024845998,0.3179547,0.014554042,0.20321845,0.008488803,0.24508737,0.008513938,0.3785016,0.06721051,0.068983264,0.015156
375316653866487564,5982629310044044800,0.4891082,2175.7495577231593,0.4657298159781644,2.5159765E-5,18.244991,0.0044238814,0.24431495,0.00406202,0.045818135,0.0032998594,0.24556518,0.0213426,0.7440298,0.009165121,0.037874572,0.013020431,0.09521492,0.055826798,null,null,null,null,"TWOGAUSSIANS",8,3.4658828,0.24431495,0.00406202,0.25658157,0.018479211,0.24556518,0.021342603,0.7440298,0.009165121,0.21209762,0.07291441,0.09521491,0.055826843
375316653866487564,5982629722361807616,0.491337,2153.3690759466167,1.6989157054487567,3.3725733E-5,19.437502,0.011202119,0.19554095,5.3813553E-4,0.013061695,0.0016643852,0.071211874,0.011799125,0.6955705,0.0062820185,0.08659654,0.007266505,0.34000218,0.028564762,null,null,null,null,"TWOGAUSSIANS",8,3.432005,0.6955705,0.0062820185,0.4,0.0,0.34000078,0.028565513,0.19554095,5.3813553E-4,0.07314549,0.009320557,0.07121052,0.011796976
375316653866487564,5982629791081355008,0.5404884,2189.7163863923793,0.6116032905310423,1.0518781E-5,18.76062,0.0022497782,0.4328182,0.008093238,0.0034457594,0.0041934447,0.37637585,9.2424341E13,0.8677075,0.0025049248,0.029986152,0.002119118,0.273617,0.025197228,null,null,null,null,"TWOGAUSSIANS",8,1.305026,0.4328182,0.008093238,0.019296251,0.02348329,0.37637585,9.2424341E13,0.8677075,0.0025049248,0.16792245,0.011867061,0.273617,0.025197228
375316653866487564,5982630027310555776,0.5233625,2179.0814536000576,0.4693965701199497,8.587482E-6,17.334867,0.0036514353,0.86070126,0.0015259592,0.015098037,0.0018727356,0.56953937,0.065542795,null,null,null,null,null,null,null,null,null,null,"ONEGAUSSIAN",5,20.840305,0.86070126,0.0015259592,0.08454901,0.010487319,0.56953937,0.0,null,null,null,null,null,null
375316653866487564,5982631440385060096,0.546916,2172.6185311286445,1.573024359669949,1.5130566E-5,17.033047,0.0134042185,0.25449806,0.0031764386,0.09376121,0.0076079527,0.17969273,0.013108551,0.76658684,0.0059126248,0.106353454,0.017292289,0.10175119,0.012041206,null,null,null,null,"TWOGAUSSIANS",8,5.862881,0.25449806,0.00317699,0.4,0.0,0.16976945,0.0076914304,0.76658684,0.0059126248,0.4,0.0,0.09182453,0.008285113
375316653866487564,5982631852666168448,0.52238977,2127.6527824746486,0.7874496801479283,3.8482674E-5,19.031841,0.0037460492,0.17532817,2.6417465E-4,0.013862808,9.387602E-4,0.48775646,0.030926796,0.68835324,0.016807916,0.019226985,0.03979921,0.07957232,0.049699344,null,null,null,null,"TWOGAUSSIANS",8,1.7100523,0.17532817,2.6417465E-4,0.07763173,0.005257057,0.48775646,0.030926796,0.68835324,0.016807916,0.10767111,0.22287557,0.07957232,0.049699344
375316653866487564,5982632093219482240,0.45468962,2156.1280944145124,2.5174810886055976,2.5800937E-5,15.50368,0.0036917636,0.20955327,0.0076490724,0.044830404,0.026835538,0.009608624,0.010943103,0.7881964,2.2214073E-4,0.0057234596,0.0010664734,0.23618554,0.1424664,0.053745195,0.0048601707,0.20955327,0.0076490724,"TWOGAUSSIANS_WITH_ELLIPSOIDAL_ON_ECLIPSE1",9,107.37453,0.7881964,2.2214073E-4,0.032051373,0.0059722513,0.31949836,0.14967248,0.20955327,0.0076490724,0.25105026,0.15027902,0.11709897,0.01033999
375316653866487564,5982632196299016064,0.5257447,2156.8866957581945,0.6082507229539226,1.1003017E-5,13.728798,0.1475227,0.24443796,0.0048469747,0.23674577,0.14445834,0.14134143,0.14482635,0.7408262,0.0071308026,0.15659344,0.06459055,0.11908763,0.096724294,null,null,null,null,"TWOGAUSSIANS",8,5.463227,0.7408262,0.0071308026,0.4,0.0,0.03559149,0.009158817,0.24543796,0.0037543986,0.4,0.0,0.028940905,9.4776467E-4
375316653866487564,5982632368097398528,0.5052612,2149.785438845865,4.236371607131525,1.3569122E-6,17.223507,0.0025972652,0.2612465,0.015181996,0.05757732,0.007257234,0.018427677,0.003845157,0.7471914,1.0907052E-5,0.0029040012,7.8991594E-5,0.5932965,0.025969181,null,null,null,null,"TWOGAUSSIANS",8,6.763825,0.7471914,1.0907052E-5,0.016262406,4.4235293E-4,0.5932965,0.025969181,0.2612465,0.015181996,0.32243297,0.04064051,0.018427677,0.003845157
375316653866487564,5982633669438563072,0.5207368,2146.0825807596198,2.631507797452694,1.6447259E-5,19.266882,0.011700393,0.23558663,0.00567404,0.08250694,0.007597067,0.32922438,0.0135903265,0.74587905,0.009890319,0.083818585,0.008495373,0.34394616,0.01977929,null,null,null,null,"TWOGAUSSIANS",8,3.3933465,0.74587905,0.009890319,0.4,0.0,0.3378632,0.018013261,0.23558663,0.00567404,0.4,0.0,0.32314143,0.012115771
375316653866487564,5982634532761297280,0.5913332,2156.3340583699487,0.9991816316736594,7.407676E-6,16.69452,0.0050744894,0.21172154,0.0022085898,0.092416756,0.003418087,0.1834165,0.005671266,0.6949422,0.0023127417,0.07709041,0.0023724572,0.4258375,0.0058862558,null,null,null,null,"TWOGAUSSIANS",8,7.57704,0.6949422,0.0023127417,0.4,0.0,0.42077902,0.0051393933,0.21172154,0.0022085898,0.4,0.0,0.1783578,0.0050172554
375316653866487564,5982634704524452736,0.49682748,2123.2457576002307,2.7786675896328488,2.1980388E-5,19.580763,0.023924736,0.19785967,0.0060720025,0.09403327,0.013009849,0.32073453,0.027005926,0.6996274,0.00567377,0.09151293,0.012729539,0.30821887,0.021825625,null,null,null,null,"TWOGAUSSIANS",8,1.7666041,0.19785967,0.0060720025,0.4,0.0,0.3044946,0.029047292,0.6996274,0.00567377,0.4,0.0,0.29197916,0.018746912
375316653866487564,5982635043830236160,0.5759323,2166.965239303997,2.127719329152387,8.909549E-6,17.183989,0.024783287,0.15978193,0.001953493,0.05348996,0.008960124,0.23930402,0.050802596,0.66187555,0.0043786904,0.05958245,0.012162733,0.26657116,0.040612772,0.103869125,0.02831142,0.15978193,0.001953493,"TWOGAUSSIANS_WITH_ELLIPSOIDAL_ON_ECLIPSE1",9,21.205969,0.66187555,0.004086066,0.33366174,0.06811131,0.47423422,0.032942384,0.15978193,0.001953493,0.29954377,0.0501767,0.44700304,0.013725406
375316653866487564,5982636044554536576,0.58262557,2137.0682649499913,2.5480186412804198,1.8485953E-5,18.769705,0.025915874,0.26783633,0.00456646,0.053224593,0.01324801,0.44250792,0.053585313,0.7669463,0.003376619,0.050023835,0.0060855136,0.48576534,0.053869262,0.10039337,0.030048091,0.26783633,0.00456646,"TWOGAUSSIANS_WITH_ELLIPSOIDAL_ON_ECLIPSE1",9,3.7039194,0.7670163,0.0031151243,0.2801335,0.034078874,0.6865371,0.04252288,0.26783633,0.00456646,0.2980577,0.07418886,0.6432855,0.0682899
375316653866487564,5982637075382172288,0.5052316,2147.6958535144963,2.0790210821483073,2.3036153E-5,15.019102,0.037815332,0.25272226,0.0072985683,0.10166297,0.053840075,0.047659677,0.036888745,0.76746106,0.004947048,0.10206458,0.03280338,0.056998234,0.036414836,null,null,null,null,"TWOGAUSSIANS",8,14.121106,0.76746106,0.0050082607,0.4,0.0,0.052717403,0.005919658,0.25271228,0.007210888,0.4,0.0,0.043379053,0.0056639677
375316653866487564,5982637208491744000,0.48092192,2097.216951226334,2.960307623771829,2.6624339E-5,19.067083,0.0056228,0.2517818,0.009857408,0.06615655,0.017240707,0.1694414,0.020326722,0.74064684,0.0060058776,0.073632285,0.007448825,0.19139838,0.025191693,null,null,null,null,"TWOGAUSSIANS",8,2.2802935,0.74064684,0.0060058776,0.4,0.011368894,0.19094747,0.025346346,0.2517818,0.009857408,0.3704767,0.05291909,0.16899051,0.021321213
375316653866487564,5982637242853488896,0.49615726,2130.7970993673594,2.909445216449614,3.0737145E-5,15.127684,0.0025864625,null,null,null,null,null,null,null,null,null,null,null,null,0.061857816,0.0042624706,0.1841204,0.0039573563,"ELLIPSOIDAL",4,98.857124,null,null,null,null,null,null,null,null,null,null,null,null
375316653866487564,5982637315900079488,0.52008325,2129.846655013153,0.21020352802173875,2.4515257E-5,13.426472,0.0011216989,0.23939729,0.01797722,0.05141798,0.01084701,0.014076439,0.004674145,0.7741464,0.004181985,0.026414672,0.011350531,0.011827666,0.020495549,0.019920155,0.0016097453,0.7741464,0.004181985,"TWOGAUSSIANS_WITH_ELLIPSOIDAL_ON_ECLIPSE2",9,22.627226,0.2524673,0.010327194,0.28794068,0.060743254,0.052734386,0.0040731905,0.7741464,0.004181985,0.14792216,0.063562974,0.05166775,0.020712586
375316653866487564,5982637418979267072,0.64965135,2156.569592749455,0.8428160891111087,2.2470563E-6,17.273275,0.00391156,0.25621557,0.0042369375,0.0369716,0.004261307,0.08849184,0.0126086585,0.75082767,4.8979383E-4,0.038910504,0.0010387406,0.6857901,0.015898982,0.014335594,0.0043475074,0.75082767,4.8979383E-4,"TWOGAUSSIANS_WITH_ELLIPSOIDAL_ON_ECLIPSE2",9,4.8315663,0.75082767,4.8979383E-4,0.21789882,0.005816947,0.71446127,0.018324167,0.25603557,0.00411488,0.20704097,0.023863317,0.117131256,0.010248172
375316653866487564,5982639270080857728,0.49255484,2166.671094084751,0.12878222258896116,3.784627E-5,17.99474,0.0070172837,0.21035784,0.005408398,0.004740372,0.0032656023,0.30664295,24.990536,0.38109204,0.003101916,0.02282035,0.0041632466,0.10216831,0.013707584,0.013182554,0.009374868,0.21035784,0.005408398,"TWOGAUSSIANS_WITH_ELLIPSOIDAL_ON_ECLIPSE1",9,14.496511,0.21035784,0.005408398,0.026546082,0.018287372,0.3330079,24.993948,0.38109204,0.003101916,0.12779397,0.02331418,0.10818474,0.016572844
375316653866487564,5982639819835658368,0.6059032,2136.0101912051687,1.0627608427712119,1.4962482E-5,18.658379,0.00378963,0.2827352,8.7657024E-4,0.035888422,9.4257103E-4,0.54595345,0.008110617,0.786714,0.0034815604,0.039741226,0.0056973323,0.08012907,0.006732552,null,null,null,null,"TWOGAUSSIANS",8,1.7489132,0.2827352,8.7657024E-4,0.20097518,0.005278398,0.54595345,0.008110617,0.786714,0.0034815604,0.22255085,0.031905062,0.08012907,0.006732552
375316653866487564,5982641469099507328,0.54012793,2104.2078642297815,1.7638026845758645,2.8782273E-5,19.271381,0.011472493,0.3085271,0.011475861,0.070629224,0.010711126,0.49604553,0.055468436,0.81646985,0.008148949,0.072790764,0.008147768,0.24110423,0.015228385,null,null,null,null,"TWOGAUSSIANS",8,2.6576655,0.3085271,0.011475861,0.39552367,0.035873342,0.49475384,0.05589842,0.81646985,0.008148949,0.4,0.02546246,0.23981254,0.0146556515
375316653866487564,5982642156297875968,0.48988882,2174.0457837985928,2.2620647081168785,1.532379E-5,18.652658,0.5235635,0.28690976,0.012420649,0.22010157,0.17466746,0.40681195,0.512412,0.7768787,0.014151713,0.14965662,0.061384857,0.40951714,0.3983906,null,null,null,null,"TWOGAUSSIANS",8,1.671715,0.7768787,0.014151713,0.4,0.0,0.16630454,0.014253399,0.28893977,0.009501113,0.4,0.0,0.10489588,0.01283118
375316653866487564,5982642504220695040,0.64942396,2167.9969721080565,0.5056262079374583,2.4566318E-6,16.73185,0.003149949,0.4115691,0.09919153,0.050531644,0.14076445,0.01047874,0.2247436,0.7086545,5.460339E-4,0.028175475,6.254824E-4,0.41049173,0.008754274,null,null,null,null,"TWOGAUSSIANS",8,3.4513807,0.7086545,5.460339E-4,0.15778266,0.0035027016,0.41049173,0.00881414,0.4115691,0.09919153,0.28297722,0.2578486,0.01047874,0.22475556
375316653866487564,5982643431939310336,0.5509921,2146.0547676963924,1.173650327383987,1.8629726E-5,18.004591,0.0044597005,0.20797735,0.00790047,0.07045446,0.010157302,0.12499234,0.009290529,0.70208883,0.0035207984,0.05521016,0.0030750926,0.3361886,0.025056114,null,null,null,null,"TWOGAUSSIANS",8,3.2192638,0.70208883,0.0035207984,0.3091769,0.017220518,0.336074,0.025073778,0.20797735,0.00790047,0.394545,0.05329946,0.12487772,0.009346822
375316653866487564,5982644222175049088,0.46124452,2121.274464610675,1.3900177229482014,4.044251E-5,19.786856,0.03706957,0.24301937,0.03132151,0.11314169,0.038893692,0.12364655,0.04160304,0.7247493,0.0068626613,0.080620244,0.01541089,0.29134208,0.034130555,null,null,null,null,"TWOGAUSSIANS",8,2.0868475,0.7247493,0.0068626613,0.4,0.0,0.28188533,0.01861986,0.24301937,0.03132151,0.4,0.0,0.11417204,0.028547069
375316653866487564,5982644840650380160,0.47925335,2126.552767881071,0.3767746565510897,7.543467E-5,19.032362,0.0052120164,0.10320386,0.011023677,0.039143685,0.008800773,0.08892532,0.009257744,0.6039169,0.0016763447,0.02197596,0.001588981,0.33863258,0.029757928,null,null,null,null,"TWOGAUSSIANS",8,2.687584,0.6039169,0.0016763447,0.123065375,0.008898294,0.33863258,0.029757928,0.10320386,0.011023677,0.21920463,0.049284328,0.08892532,0.009257744
375316653866487564,5982645145595716480,0.5201753,2110.324790220263,1.5969132340881809,2.1746502E-5,19.09522,0.009905254,0.28395241,0.0046548736,0.073309615,0.00509543,0.45210886,0.02677267,0.7981292,0.004011306,0.07767092,0.0077159777,0.20510499,0.0099671,null,null,null,null,"TWOGAUSSIANS",8,2.2581165,0.28395241,0.0046548736,0.4,2.4955292E-4,0.45030004,0.026748482,0.7981292,0.004011306,0.4,0.0,0.20329615,0.009318969
375316653866487564,5982645970229654400,0.4848676,2156.5462493328932,0.8865305641970365,1.7850589E-5,17.857048,0.011065703,0.3093497,0.016778551,0.06421476,0.013586506,0.3440266,0.107320525,0.7748438,0.006168568,0.06987945,0.0094714975,0.27317548,0.017487615,null,null,null,null,"TWOGAUSSIANS",8,14.400215,0.3093497,0.016778551,0.35960263,0.07024608,0.34381047,0.107524455,0.7748438,0.006168568,0.39132494,0.03274303,0.27295935,0.017588833
375316653866487564,5982647108396812544,0.51670635,2140.347785993711,2.236725123787354,1.9811785E-5,19.633165,0.017090257,0.26338223,0.0081312535,0.077807955,0.017310625,0.6757466,0.18942617,0.7649803,0.0057769534,0.059933983,0.0077560977,0.41592738,0.03363585,null,null,null,null,"TWOGAUSSIANS",8,4.4671907,0.26338223,0.0081312535,0.4,0.0,0.67431533,0.19276229,0.7649803,0.0057769534,0.3356303,0.043434147,0.41449612,0.03341091
375316653866487564,5982647756935138560,0.53453064,2148.835817058763,0.9000077532064703,2.8765644E-5,18.313848,0.0047465335,0.20741963,0.04715314,0.023306588,0.020622436,0.026637133,0.021611882,0.72838,0.0010350898,0.03413884,0.0010515791,0.32585973,0.007361223,null,null,null,null,"TWOGAUSSIANS",8,3.8503985,0.72838,0.0010350898,0.1911775,0.0058888434,0.32585973,0.007361223,0.20741963,0.04715314,0.13051689,0.115485646,0.026637133,0.021611882
375316653866487564,5982649616657679488,0.5342365,2082.455160761781,2.074946671402047,1.5020046E-5,19.540995,0.009944052,0.27796343,0.003407702,0.074856125,0.004705538,0.4967471,0.030614588,0.7834878,0.006150866,0.080138855,0.0068926136,0.3861772,0.03116251,null,null,null,null,"TWOGAUSSIANS",8,1.8432716,0.27796343,0.003407702,0.4,0.0,0.49248263,0.031552427,0.7834878,0.006150866,0.4,0.0,0.38191274,0.03277286
375316653866487564,5982649788486208640,0.5418702,2134.285425742724,2.8150922979318853,1.2813467E-5,19.736338,0.016164513,0.261941,0.0040381523,0.08903474,0.0059547205,0.4957132,0.031681478,0.74602866,0.0031018427,0.08470663,0.0044611427,0.53384346,0.027890079,null,null,null,null,"TWOGAUSSIANS",8,1.6508698,0.74602866,0.0031018427,0.4,0.0,0.5213396,0.028016994,0.261941,0.0040381523,0.4,0.0,0.4832092,0.032664943
