Gaia/vari_eclipsing_binary/VariEclipsingBinary_754779-755222.csv
# %ECSV 1.0
# ---
# delimiter: ','
# meta: !!omap
# - RELEASE: Gaia DR3
# - TABLE: vari_eclipsing_binary
# - DESCRIPTION: >
#     This table describes the properties of the eclipsing binaries resulting from the variability analysis. 
# - CITATION: >
#     How to cite and acknowledge Gaia: 
#     https://gea.esac.esa.int/archive/documentation/credits.html 
# - KNOWN_ISSUES: >
#     Known issues: 
#     https://www.cosmos.esa.int/web/gaia-users/known-issues 
# - DOCUMENTATION: >
#     Tutorials and documentation: 
#     https://www.cosmos.esa.int/web/gaia-users/archive 
# datatype:
# - 
#   name: solution_id
#   datatype: int64
#   description: Solution Identifier
#   meta:
#     ucd: meta.version
# - 
#   name: source_id
#   datatype: int64
#   description: Unique source identifier
#   meta:
#     ucd: meta.id;meta.main
# - 
#   name: global_ranking
#   datatype: float32
#   description: Number between 0 (worst) and 1 (best)
#   meta:
#     ucd: stat.param
# - 
#   name: reference_time
#   datatype: float64
#   unit: d
#   description: Reference time used for the geometric model fit
#   meta:
#     ucd: time.epoch
# - 
#   name: frequency
#   datatype: float64
#   unit: d**-1
#   description: Frequency of geometric model of the eclipsing binary light curve
#   meta:
#     ucd: src.orbital
# - 
#   name: frequency_error
#   datatype: float32
#   unit: d**-1
#   description: "Uncertainty of \\texttt{frequency}"
#   meta:
#     ucd: stat.error
# - 
#   name: geom_model_reference_level
#   datatype: float32
#   unit: mag
#   description: Magnitude reference level of geometric model
#   meta:
#     ucd: phot.mag;em.opt
# - 
#   name: geom_model_reference_level_error
#   datatype: float32
#   unit: mag
#   description: "Uncertainty of \\texttt{geomModelReferenceLevel}"
#   meta:
#     ucd: stat.error;phot.mag;em.opt
# - 
#   name: geom_model_gaussian1_phase
#   datatype: float32
#   description: Phase of the Gaussian 1 component
#   meta:
#     ucd: time.phase
# - 
#   name: geom_model_gaussian1_phase_error
#   datatype: float32
#   description: "Uncertainty of \\texttt{geomModelGaussian1Phase}"
#   meta:
#     ucd: stat.error;time.phase
# - 
#   name: geom_model_gaussian1_sigma
#   datatype: float32
#   description: "Standard deviation [phase] of Gaussian 1 component"
#   meta:
#     ucd: stat.stdev
# - 
#   name: geom_model_gaussian1_sigma_error
#   datatype: float32
#   description: "Uncertainty of \\texttt{geomModelGaussian1Sigma}"
#   meta:
#     ucd: stat.error
# - 
#   name: geom_model_gaussian1_depth
#   datatype: float32
#   unit: mag
#   description: Magnitude depth of Gaussian 1 component
#   meta:
#     ucd: src.var.amplitude
# - 
#   name: geom_model_gaussian1_depth_error
#   datatype: float32
#   unit: mag
#   description: "Uncertainty of \\texttt{geomModelGaussian1Depth}"
#   meta:
#     ucd: stat.error;src.var.amplitude
# - 
#   name: geom_model_gaussian2_phase
#   datatype: float32
#   description: Phase of Gaussian 2 component
#   meta:
#     ucd: time.phase
# - 
#   name: geom_model_gaussian2_phase_error
#   datatype: float32
#   description: "Uncertainty of \\texttt{geomModelGaussian2Phase}"
#   meta:
#     ucd: stat.error;time.phase
# - 
#   name: geom_model_gaussian2_sigma
#   datatype: float32
[...]
#   datatype: float32
#   description: "Secondary eclipse: uncertainty of \\texttt{derivedSecondaryEclDuration}"
#   meta:
#     ucd: stat.error;time.duration
# - 
#   name: derived_secondary_ecl_depth
#   datatype: float32
#   unit: mag
#   description: "Secondary eclipse: depth"
#   meta:
#     ucd: src.var.amplitude
# - 
#   name: derived_secondary_ecl_depth_error
#   datatype: float32
#   unit: mag
#   description: "Secondary eclipse: uncertainty of \\texttt{derivedSecondaryEclDepth}"
#   meta:
#     ucd: stat.error;src.var.amplitude
solution_id,source_id,global_ranking,reference_time,frequency,frequency_error,geom_model_reference_level,geom_model_reference_level_error,geom_model_gaussian1_phase,geom_model_gaussian1_phase_error,geom_model_gaussian1_sigma,geom_model_gaussian1_sigma_error,geom_model_gaussian1_depth,geom_model_gaussian1_depth_error,geom_model_gaussian2_phase,geom_model_gaussian2_phase_error,geom_model_gaussian2_sigma,geom_model_gaussian2_sigma_error,geom_model_gaussian2_depth,geom_model_gaussian2_depth_error,geom_model_cosine_half_period_amplitude,geom_model_cosine_half_period_amplitude_error,geom_model_cosine_half_period_phase,geom_model_cosine_half_period_phase_error,model_type,num_model_parameters,reduced_chi2,derived_primary_ecl_phase,derived_primary_ecl_phase_error,derived_primary_ecl_duration,derived_primary_ecl_duration_error,derived_primary_ecl_depth,derived_primary_ecl_depth_error,derived_secondary_ecl_phase,derived_secondary_ecl_phase_error,derived_secondary_ecl_duration,derived_secondary_ecl_duration_error,derived_secondary_ecl_depth,derived_secondary_ecl_depth_error
375316653866487564,6639122448583685760,0.47858396,2235.9544755207085,0.37798328456354413,1.0430339E-5,19.827133,0.008056399,0.25686085,0.0016189794,0.040416762,0.0016299144,2.3929784,0.37645355,0.5465549,0.014429327,0.013804588,0.013683096,0.08850676,96137.25,null,null,null,null,"TWOGAUSSIANS",8,2.1211627,0.25686085,0.0016189794,0.22633387,0.00912752,2.3929784,0.37645355,0.5465549,0.014429327,0.07730569,0.07662534,0.08850676,96137.25
375316653866487564,6639140414429944704,0.45734677,2227.8587232388227,0.11037600987909553,3.1022482E-5,18.772558,0.007528864,0.17229724,0.005721158,0.059236087,0.009431283,0.18749419,0.03182383,0.6172811,0.02591122,0.07902139,0.013743605,0.13669614,0.017415902,null,null,null,null,"TWOGAUSSIANS",8,4.0363016,0.17229724,0.005721158,0.33172208,0.052815184,0.18739636,0.031875834,0.6172811,0.02591122,0.4,0.0027171155,0.1365983,0.01736482
375316653866487564,6639150894150481536,0.5261871,2268.042795766622,3.7100559755305516,8.3694595E-6,18.31896,0.4054165,0.28421634,0.013109556,0.09987757,0.043688502,0.26897696,0.31664893,0.7846672,0.0045044413,0.11324473,0.09918078,0.24265008,0.38281775,null,null,null,null,"TWOGAUSSIANS",8,3.3375518,0.28421634,0.01316335,0.4,0.0,0.23678197,0.0372541,0.7846672,0.0045044413,0.4,0.0,0.21042866,0.017843273
375316653866487564,6639182195872623872,0.45856965,2228.2785369931375,3.702507260682001,3.5877652E-5,18.433046,0.081322104,0.2584931,0.010560914,0.10224478,0.035603695,0.34576744,0.06577868,0.7481481,0.0098998295,0.09665296,0.021112619,0.33408228,0.08259407,null,null,null,null,"TWOGAUSSIANS",8,27.680517,0.2584931,0.010561567,0.4,0.0,0.32048893,0.062984556,0.7481481,0.0098998295,0.4,0.0,0.30880755,0.039850608
375316653866487564,6639183780717712128,0.45363045,2237.374086716393,0.9344247180968658,2.5015503E-5,18.408518,0.0040269108,null,null,null,null,null,null,null,null,null,null,null,null,0.05779535,0.0047781295,0.2870141,0.008672863,"ELLIPSOIDAL",4,4.776701,null,null,null,null,null,null,null,null,null,null,null,null
375316653866487564,6639186666934746496,0.46418214,2234.004056553675,1.2874433255389381,1.9419047E-5,16.926996,0.0017329442,null,null,null,null,null,null,null,null,null,null,null,null,0.031805396,0.0022691933,0.21961232,0.00589395,"ELLIPSOIDAL",4,4.2761765,null,null,null,null,null,null,null,null,null,null,null,null
375316653866487564,6639195772265526144,0.5842992,2230.532531264094,0.6683992837407593,3.6311567E-6,16.788572,0.0032435188,0.26681647,0.009227045,0.04031558,0.0052422862,0.37991926,0.031607497,0.7361312,0.09356935,0.06411996,0.021519314,0.11878407,0.09174847,null,null,null,null,"TWOGAUSSIANS",8,11.584503,0.26681647,0.009227045,0.22576725,0.029356804,0.37991837,0.031605653,0.7361312,0.09356935,0.35907176,0.12050816,0.11878318,0.09174791
375316653866487564,6639212539817871104,0.5686249,2264.232661348351,0.2083583554259734,1.8778766E-5,14.364461,0.0015216825,0.25297725,0.114362575,0.037231375,0.026492765,0.21838893,0.19503371,0.525644,0.003421068,0.009654887,0.0015153567,0.06081224,0.006591072,null,null,null,null,"TWOGAUSSIANS",8,30.170176,0.25297725,0.114362575,0.20849569,0.14835948,0.21838893,0.19503371,0.525644,0.003421068,0.054067366,0.008485998,0.06081224,0.006591072
375316653866487564,6639227761182416640,0.48239076,2237.623131075945,1.160743529534461,1.473122E-5,14.42469,0.0024803726,0.19681813,0.004361234,0.09113913,0.010023289,0.054638527,0.002865798,0.6985133,0.004558334,0.08305469,0.010719988,0.046896003,0.0029704696,null,null,null,null,"TWOGAUSSIANS",8,10.478327,0.19681813,0.004361234,0.4,0.0,0.053034667,0.00347031,0.6985133,0.004558334,0.4,0.0,0.04529217,0.0030728984
375316653866487564,6639239409133223424,0.5287954,2219.211720657897,2.983464843926131,1.3250618E-5,16.715956,0.013017578,0.21439117,0.003640087,0.040753376,0.005395112,0.32959703,0.040931117,0.6951894,0.006478874,0.046016824,0.0059455945,0.33590162,0.03457582,0.024063958,0.026105363,0.21439117,0.003640087,"TWOGAUSSIANS_WITH_ELLIPSOIDAL_ON_ECLIPSE1",9,75.715454,0.69563943,0.006249541,0.2576942,0.03329533,0.3833481,0.03317968,0.21439117,0.003640087,0.2282189,0.03021263,0.3777246,0.035127968
375316653866487564,6639252358458976256,0.45144483,2274.1357410799437,0.053070951828711785,1.736464E-5,18.78849,0.013225163,0.52868307,0.012658001,0.08375368,0.009176812,0.26057932,0.02681481,0.87453496,0.006795209,0.04242103,0.009680031,0.1414858,0.015391068,null,null,null,null,"TWOGAUSSIANS",8,7.4525676,0.52868307,0.012658001,0.4,0.0,0.26057872,0.026814131,0.87453496,0.006795209,0.23755778,0.054208174,0.14153688,0.015414131
375316653866487564,6639276101036377600,0.5026134,2265.9461623893812,0.4099919594084726,6.927608E-5,17.25947,0.0040722704,0.14850156,0.008327105,0.007205443,0.009844018,0.19636534,0.18639342,0.6012949,0.059830908,0.06344466,0.048446447,0.024502352,0.0073215766,null,null,null,null,"TWOGAUSSIANS",8,5.970297,0.14850156,0.008327105,0.040350482,0.055126503,0.19636534,0.1863934,0.6012949,0.059830908,0.3552901,0.120506376,0.024502352,0.0073194713
375316653866487564,6639279403868997632,0.5952531,2225.458471929232,3.125922139993569,1.1389637E-5,16.809446,0.011081525,0.281945,0.0060489425,0.08411251,0.008653565,0.2709838,0.012869245,0.7796367,0.005317876,0.07892396,0.009204469,0.24734268,0.038654193,null,null,null,null,"TWOGAUSSIANS",8,7.2064147,0.281945,0.0060489425,0.4,0.0,0.26648217,0.010999172,0.7796367,0.005317876,0.4,6.2347285E-4,0.24284106,0.04030503
375316653866487564,6639279781826106496,0.63883096,2192.0945609791893,2.009046983468127,3.4932161E-6,15.632854,0.0065963734,0.28127497,0.0046065045,0.09331854,0.00598322,0.2063992,0.00896836,0.77457815,0.0012648468,0.08567285,0.004011257,0.25299436,0.006710176,null,null,null,null,"TWOGAUSSIANS",8,7.2929983,0.77457815,0.0012648468,0.4,0.0,0.24473657,0.0069192396,0.28127497,0.0046065045,0.4,0.0,0.19814117,0.008797145
375316653866487564,6639281632954368128,0.5298874,2272.622342459883,4.340618941608683,3.7345933E-5,19.751673,0.010431237,0.18441312,0.005878806,0.06702842,0.0054820045,0.58952034,0.03828528,0.67496043,0.0059156986,0.062218424,0.00979731,0.6271757,0.124762796,null,null,null,null,"TWOGAUSSIANS",8,2.839439,0.67496043,0.0059156986,0.34842318,0.05486494,0.6266623,0.12541977,0.18441312,0.005878806,0.37535912,0.030699225,0.58900696,0.038385957
375316653866487564,6639312625440166528,0.6023659,2260.9073115126644,3.446486777539642,4.6838813E-6,17.074413,0.013009141,0.29632458,0.0015274602,0.043389045,0.0026510705,0.52973664,0.0530683,0.78768915,0.0047782753,0.04102195,0.0061877603,0.54196024,0.04869108,0.13627592,0.020258453,0.29632458,0.0015274602,"TWOGAUSSIANS_WITH_ELLIPSOIDAL_ON_ECLIPSE1",9,25.793419,0.7882291,0.0044522802,0.22972293,0.03465146,0.81376,0.05381517,0.29632458,0.0015274602,0.24297865,0.014845994,0.8022879,0.046384007
375316653866487564,6639315168060825600,0.4898998,2260.673791033856,3.58472141715135,3.6189304E-5,17.731707,0.40807843,0.22122467,0.005340062,0.16117334,0.08810292,0.32089686,0.39427018,0.722882,0.010114462,0.1438907,0.07055861,0.29434404,0.36880833,null,null,null,null,"TWOGAUSSIANS",8,10.20331,0.22111467,0.0052806824,0.4,0.0,0.16315311,0.013996557,0.723112,0.010051485,0.4,0.0,0.14041504,0.013414546
375316653866487564,6639316782968552192,0.52858114,2249.288238453795,4.094410769412232,9.484528E-6,17.933882,0.018690765,0.31940266,0.003999674,0.100456454,0.010079629,0.17941467,0.018653877,0.8119627,0.0041668746,0.104972586,0.017978389,0.12621082,0.014958837,null,null,null,null,"TWOGAUSSIANS",8,2.695644,0.31940266,0.003997913,0.4,0.0,0.16528842,0.008169106,0.8119627,0.0041668746,0.4,0.0,0.112083,0.007540589
375316653866487564,6639316959062353664,0.52825886,2250.4282432780146,2.1699485021631406,1.1869298E-5,17.065546,0.0016951923,0.79252267,0.003185634,0.05055572,0.01575348,0.019179521,0.0046532303,null,null,null,null,null,null,0.03992627,0.00197239,0.79252267,0.003185634,"ONEGAUSSIAN_WITH_ELLIPSOIDAL",6,2.9659123,0.79252267,0.003185634,0.28311205,0.088219486,0.09903196,0.0047849077,null,null,null,null,null,null
375316653866487564,6639322628419345664,0.48143414,2269.176197226759,0.3774972381247502,1.135046E-5,15.048867,0.010207258,0.5007087,0.0019463672,0.022635609,0.008856302,0.0786092,0.008100489,0.93174356,0.0084091015,0.006435826,0.008304076,1.2512132,1.5018511,0.016388949,0.011706934,0.93174356,0.0084091015,"TWOGAUSSIANS_WITH_ELLIPSOIDAL_ON_ECLIPSE2",9,365.0114,0.93174356,0.0084091015,0.036040626,0.04650283,1.2839911,1.5062581,0.4996987,0.001910066,0.12675941,0.049595293,0.10568765,0.025827719
375316653866487564,6639332244848878720,0.49625117,2302.358127617209,3.6154659099053936,1.3196426E-5,18.162342,0.0099837715,0.26573953,0.015382873,0.07453701,0.041530572,0.21453013,0.11012118,0.73142594,0.0031042674,0.064227305,0.004062647,0.2287855,0.012559183,null,null,null,null,"TWOGAUSSIANS",8,7.7256155,0.73142594,0.0031042674,0.35967293,0.022750823,0.2285197,0.011278622,0.26573953,0.015382873,0.4,0.026624003,0.2142643,0.11292194
375316653866487564,6639334482528746624,0.6533426,2247.4868581900078,1.7717955598395643,3.414992E-6,15.365867,0.005230721,0.26842573,0.0028309647,0.057358682,0.0083664,0.051030885,0.011060033,0.756083,0.01472803,0.050097924,0.006358053,0.4603438,0.09314891,0.021419417,0.0059785326,0.26842573,0.0028309647,"TWOGAUSSIANS_WITH_ELLIPSOIDAL_ON_ECLIPSE1",9,7.3269563,0.756303,0.014526987,0.2805484,0.035605095,0.50292563,0.08473361,0.26842573,0.0028309647,0.32120863,0.046851844,0.0938652,0.0032540073
375316653866487564,6639341354476407680,0.4783449,2211.9112768915743,3.0045145291156556,4.1255724E-5,15.304347,0.06492963,0.3517076,0.010083818,0.12136349,0.037408803,0.22854987,0.054893356,0.8290649,0.011553639,0.099230334,0.024831286,0.28327867,0.060139667,null,null,null,null,"TWOGAUSSIANS",8,206.43463,0.8290649,0.011553639,0.4,0.0,0.25328058,0.029039623,0.35171762,0.01005419,0.4,0.0,0.19843334,0.023468379
375316653866487564,6639343072463319296,0.49285695,2249.980130134264,1.301692143821651,2.8971011E-5,14.663373,0.00422477,0.21289772,9.2556933E-4,0.017614441,0.0041145757,0.088692,0.01474833,0.7245931,0.00692741,0.033859096,0.0068727587,0.12238563,0.015363757,0.021360837,0.006457781,0.21289772,9.2556933E-4,"TWOGAUSSIANS_WITH_ELLIPSOIDAL_ON_ECLIPSE1",9,93.35817,0.7245931,0.00692741,0.18961094,0.03848745,0.16487701,0.013267675,0.21289772,9.2556933E-4,0.098640874,0.023041625,0.13141367,0.014919743
375316653866487564,6639348947978671744,0.5489005,2259.701514785199,3.200671647699162,2.130158E-5,15.950854,0.022518732,0.22175643,0.02446493,0.06799968,0.024554336,0.07318816,0.04537807,0.7576955,0.0034298769,0.06813659,0.0174213,0.06485021,0.042690992,0.039099436,0.021065889,0.7576955,0.0034298769,"TWOGAUSSIANS_WITH_ELLIPSOIDAL_ON_ECLIPSE2",9,16.916904,0.23179643,0.016447037,0.38079822,0.06447678,0.14845367,0.014237493,0.7576955,0.0034298769,0.38156492,0.049858626,0.14296167,0.0057496647
375316653866487564,6639363890169863424,0.5063553,2270.1835318755543,0.42388189425595696,5.0345967E-5,17.380585,0.009709119,0.21209957,0.00989075,0.04090016,0.010129406,0.1646855,0.045474328,0.70880455,0.005060731,0.034345835,0.0065181707,0.5136347,0.12756717,null,null,null,null,"TWOGAUSSIANS",8,37.65448,0.70880455,0.005060731,0.19233668,0.036501758,0.5136347,0.12756717,0.21209957,0.00989075,0.22904089,0.05672467,0.1646855,0.045474328
375316653866487564,6639364852242555520,0.5509997,2240.8079833914203,4.282666716503267,9.69734E-6,19.079136,0.0130976625,0.17411835,0.006422198,0.07499334,0.011241956,0.418469,0.06472796,0.68995154,0.0026011297,0.0648581,0.0030935872,0.5558249,0.016525194,null,null,null,null,"TWOGAUSSIANS",8,3.6838284,0.68995154,0.0026011297,0.36320534,0.017324088,0.5547687,0.015893558,0.17411835,0.006422198,0.4,0.0018332645,0.41741282,0.066098094
375316653866487564,6639380593297919744,0.5172355,2246.1880865226217,0.8871246579655518,6.312804E-5,14.127024,0.0036606893,0.1862023,0.001089634,0.014880074,7.7862956E-4,0.51404107,0.08290737,0.70220697,0.026603272,0.1470839,0.04769801,0.015183177,0.0037284126,null,null,null,null,"TWOGAUSSIANS",8,23.797747,0.1862023,0.001089634,0.08332841,0.0043603256,0.5139673,0.083016075,0.70220697,0.026603272,0.4,0.0,0.015009499,0.0033188239
375316653866487564,6639387052928737280,0.5500653,2258.175645266756,2.667341542962291,7.857638E-6,14.16097,0.004008541,0.76717114,0.002812194,0.03246542,0.004850571,0.03565988,0.009755429,null,null,null,null,null,null,0.09525193,0.0055478457,0.76717114,0.002812194,"ONEGAUSSIAN_WITH_ELLIPSOIDAL",6,154.87514,0.76717114,0.002812194,0.18180637,0.027163196,0.22616357,0.0053499658,null,null,null,null,null,null
375316653866487564,6639415399712797824,0.4957747,2228.7429659763493,2.45806981015036,1.579706E-5,15.269772,0.024033912,0.22901915,0.0044422797,0.078880236,0.007844092,0.39836875,0.023144156,0.7169449,0.0064302464,0.0897977,0.010108247,0.37600705,0.028851984,null,null,null,null,"TWOGAUSSIANS",8,425.91318,0.22901915,0.0044422797,0.4,0.0,0.39068496,0.020472372,0.7169449,0.0064302464,0.4,0.0,0.3683231,0.027521256
375316653866487564,6639430105681028480,0.5837151,2261.3027554938385,2.484913228067596,6.179239E-6,15.708453,0.008825044,0.27992287,0.0021520217,0.09027438,0.0029416045,0.37998083,0.009777978,0.7753659,0.0029331795,0.08892854,0.0040645176,0.40755457,0.012606878,null,null,null,null,"TWOGAUSSIANS",8,53.874256,0.7753659,0.0029331795,0.4,0.0,0.39261225,0.011874816,0.27992287,0.0021520217,0.4,0.0,0.36503845,0.0072228624
375316653866487564,6639430861595288704,0.44054773,2204.5522811956703,1.4399665836735474,5.3096657E-5,14.733115,0.28164563,0.38559124,0.06661025,0.2987376,0.33647946,0.13065587,0.26126572,0.7616894,0.021588441,0.068202294,0.024430683,0.15316145,0.023251941,null,null,null,null,"TWOGAUSSIANS",8,454.77658,0.7616894,0.021588441,0.38193285,0.09837287,0.15690184,0.015618715,0.38559124,0.06659686,0.4,0.0,0.061449453,0.028170465
375316653866487564,6639436702750617216,0.589739,2220.560271824197,2.7109877158182156,5.189141E-6,14.643416,0.058503825,0.27502653,0.0018563122,0.061274093,0.010695551,0.3984174,0.119922936,0.7813388,0.0040350123,0.06481625,0.011659056,0.5075467,0.100901105,0.06302666,0.06478206,0.27502653,0.0018563122,"TWOGAUSSIANS_WITH_ELLIPSOIDAL_ON_ECLIPSE1",9,204.11617,0.7813388,0.0040350123,0.362971,0.05907861,0.63310266,0.08035011,0.27502653,0.0018563122,0.3431349,0.059895083,0.52417153,0.017242715
375316653866487564,6639444399329941120,0.48058206,2226.4220127565927,3.30498818950164,2.8452605E-5,17.22246,0.37359667,0.28026235,0.015358721,0.18670355,0.07805027,0.34656906,0.3362325,0.77363425,0.0115436185,0.18646352,0.080071814,0.36442414,0.34468764,null,null,null,null,"TWOGAUSSIANS",8,5.3840904,0.77363425,0.0115436185,0.4,0.0,0.10077911,0.0065549575,0.28397235,0.011666235,0.4,0.0,0.083775185,0.005862701
375316653866487564,6639445086526801152,0.5295702,2274.4835721046443,3.1994847012044922,2.106222E-5,14.736106,0.03552503,0.26794082,0.005460737,0.101657726,0.01850553,0.38052842,0.027157487,0.7857224,0.003576666,0.08590425,0.009531778,0.36192322,0.032968685,null,null,null,null,"TWOGAUSSIANS",8,293.95316,0.26794082,0.005460737,0.4,0.0,0.36412397,0.035619978,0.7857224,0.0035807537,0.4,0.0,0.34552455,0.016592434
375316653866487564,6639449587652513280,0.50864404,2195.827760626037,0.6494459525346584,1.7580103E-5,16.381748,0.05826905,0.4542276,0.060664415,0.16606034,0.19931945,0.035782006,0.055941164,0.85917896,0.004545543,0.037699632,0.0052003325,0.2999722,0.014463203,null,null,null,null,"TWOGAUSSIANS",8,25.359941,0.85917896,0.004545543,0.21111794,0.029121863,0.30063087,0.0135958325,0.4542276,0.060664415,0.4,0.0,0.034552768,0.0097627435
375316653866487564,6639462438194817920,0.50795835,2265.876239832147,2.903996050648099,1.870302E-5,14.099064,0.45980167,0.2578417,0.0072960607,0.094307795,0.06969236,0.1703729,0.35986692,0.7641336,0.008793736,0.11444516,0.09751488,0.17278013,0.44323558,null,null,null,null,"TWOGAUSSIANS",8,216.21417,0.7641336,0.008793736,0.4,0.0,0.15474567,0.016857726,0.2578317,0.0076651024,0.4,0.0,0.1523636,0.019727938
