Gaia/vari_eclipsing_binary/VariEclipsingBinary_597602-597646.csv
# %ECSV 1.0
# ---
# delimiter: ','
# meta: !!omap
# - RELEASE: Gaia DR3
# - TABLE: vari_eclipsing_binary
# - DESCRIPTION: >
#     This table describes the properties of the eclipsing binaries resulting from the variability analysis. 
# - CITATION: >
#     How to cite and acknowledge Gaia: 
#     https://gea.esac.esa.int/archive/documentation/credits.html 
# - KNOWN_ISSUES: >
#     Known issues: 
#     https://www.cosmos.esa.int/web/gaia-users/known-issues 
# - DOCUMENTATION: >
#     Tutorials and documentation: 
#     https://www.cosmos.esa.int/web/gaia-users/archive 
# datatype:
# - 
#   name: solution_id
#   datatype: int64
#   description: Solution Identifier
#   meta:
#     ucd: meta.version
# - 
#   name: source_id
#   datatype: int64
#   description: Unique source identifier
#   meta:
#     ucd: meta.id;meta.main
# - 
#   name: global_ranking
#   datatype: float32
#   description: Number between 0 (worst) and 1 (best)
#   meta:
#     ucd: stat.param
# - 
#   name: reference_time
#   datatype: float64
#   unit: d
#   description: Reference time used for the geometric model fit
#   meta:
#     ucd: time.epoch
# - 
#   name: frequency
#   datatype: float64
#   unit: d**-1
#   description: Frequency of geometric model of the eclipsing binary light curve
#   meta:
#     ucd: src.orbital
# - 
#   name: frequency_error
#   datatype: float32
#   unit: d**-1
#   description: "Uncertainty of \\texttt{frequency}"
#   meta:
#     ucd: stat.error
# - 
#   name: geom_model_reference_level
#   datatype: float32
#   unit: mag
#   description: Magnitude reference level of geometric model
#   meta:
#     ucd: phot.mag;em.opt
# - 
#   name: geom_model_reference_level_error
#   datatype: float32
#   unit: mag
#   description: "Uncertainty of \\texttt{geomModelReferenceLevel}"
#   meta:
#     ucd: stat.error;phot.mag;em.opt
# - 
#   name: geom_model_gaussian1_phase
#   datatype: float32
#   description: Phase of the Gaussian 1 component
#   meta:
#     ucd: time.phase
# - 
#   name: geom_model_gaussian1_phase_error
#   datatype: float32
#   description: "Uncertainty of \\texttt{geomModelGaussian1Phase}"
#   meta:
#     ucd: stat.error;time.phase
# - 
#   name: geom_model_gaussian1_sigma
#   datatype: float32
#   description: "Standard deviation [phase] of Gaussian 1 component"
#   meta:
#     ucd: stat.stdev
# - 
#   name: geom_model_gaussian1_sigma_error
#   datatype: float32
#   description: "Uncertainty of \\texttt{geomModelGaussian1Sigma}"
#   meta:
#     ucd: stat.error
# - 
#   name: geom_model_gaussian1_depth
#   datatype: float32
#   unit: mag
#   description: Magnitude depth of Gaussian 1 component
#   meta:
#     ucd: src.var.amplitude
# - 
#   name: geom_model_gaussian1_depth_error
#   datatype: float32
#   unit: mag
#   description: "Uncertainty of \\texttt{geomModelGaussian1Depth}"
#   meta:
#     ucd: stat.error;src.var.amplitude
# - 
#   name: geom_model_gaussian2_phase
#   datatype: float32
#   description: Phase of Gaussian 2 component
#   meta:
#     ucd: time.phase
# - 
#   name: geom_model_gaussian2_phase_error
#   datatype: float32
#   description: "Uncertainty of \\texttt{geomModelGaussian2Phase}"
#   meta:
#     ucd: stat.error;time.phase
# - 
#   name: geom_model_gaussian2_sigma
#   datatype: float32
[...]
#   datatype: float32
#   description: "Secondary eclipse: uncertainty of \\texttt{derivedSecondaryEclDuration}"
#   meta:
#     ucd: stat.error;time.duration
# - 
#   name: derived_secondary_ecl_depth
#   datatype: float32
#   unit: mag
#   description: "Secondary eclipse: depth"
#   meta:
#     ucd: src.var.amplitude
# - 
#   name: derived_secondary_ecl_depth_error
#   datatype: float32
#   unit: mag
#   description: "Secondary eclipse: uncertainty of \\texttt{derivedSecondaryEclDepth}"
#   meta:
#     ucd: stat.error;src.var.amplitude
solution_id,source_id,global_ranking,reference_time,frequency,frequency_error,geom_model_reference_level,geom_model_reference_level_error,geom_model_gaussian1_phase,geom_model_gaussian1_phase_error,geom_model_gaussian1_sigma,geom_model_gaussian1_sigma_error,geom_model_gaussian1_depth,geom_model_gaussian1_depth_error,geom_model_gaussian2_phase,geom_model_gaussian2_phase_error,geom_model_gaussian2_sigma,geom_model_gaussian2_sigma_error,geom_model_gaussian2_depth,geom_model_gaussian2_depth_error,geom_model_cosine_half_period_amplitude,geom_model_cosine_half_period_amplitude_error,geom_model_cosine_half_period_phase,geom_model_cosine_half_period_phase_error,model_type,num_model_parameters,reduced_chi2,derived_primary_ecl_phase,derived_primary_ecl_phase_error,derived_primary_ecl_duration,derived_primary_ecl_duration_error,derived_primary_ecl_depth,derived_primary_ecl_depth_error,derived_secondary_ecl_phase,derived_secondary_ecl_phase_error,derived_secondary_ecl_duration,derived_secondary_ecl_duration_error,derived_secondary_ecl_depth,derived_secondary_ecl_depth_error
[from data line 656]
375316653866487564,5256859826514307456,0.6159412,2159.211631309423,1.0067278895454637,7.13275E-6,17.592392,0.0035973212,0.22161458,0.004290826,0.038044244,0.0052203885,0.05286029,0.010775312,0.71978223,0.0015731527,0.046089824,0.0020914872,0.39905018,0.024430545,0.03079802,0.0051154564,0.22161458,0.004290826,"TWOGAUSSIANS_WITH_ELLIPSOIDAL_ON_ECLIPSE1",9,3.431021,0.71983224,0.0015046003,0.258103,0.011712328,0.460638,0.025995797,0.22161458,0.004290826,0.21304776,0.029234177,0.11445608,0.007653127
375316653866487564,5256859963959657856,0.5086701,2140.2543556510177,1.021718750167467,1.7429018E-4,18.169952,0.0066186883,0.26524436,0.017059298,0.07242896,0.022626795,0.032345,0.008526854,0.84763867,0.012182132,0.02968021,0.005103975,0.5495748,0.30093077,null,null,null,null,"TWOGAUSSIANS",8,1.9462404,0.84763867,0.012182132,0.16620918,0.02858226,0.5495748,0.30093077,0.26524436,0.017059298,0.4,0.078146175,0.03234499,0.00852682
375316653866487564,5256860719867370112,0.4883647,2159.1025104983605,4.407865476663874,2.788856E-5,18.819311,0.05429238,0.22284439,0.01054131,0.09912787,0.028139086,0.20007555,0.05141917,0.6892171,0.009126905,0.11055158,0.033878893,0.21957523,0.041739833,null,null,null,null,"TWOGAUSSIANS",8,3.7548168,0.6892171,0.009126905,0.4,0.0,0.20311789,0.022242807,0.2228944,0.010457666,0.4,0.0,0.18364695,0.021807821
375316653866487564,5256860788563446272,0.59307545,2166.9505182552984,3.8114136878835847,7.328849E-6,19.382935,0.023615131,0.31705981,0.0019796267,0.042876594,0.006166143,0.45178905,0.04512171,0.8269163,0.009621694,0.04257494,0.010276084,0.35048607,0.06838442,0.14316297,0.030118978,0.31705981,0.0019796267,"TWOGAUSSIANS_WITH_ELLIPSOIDAL_ON_ECLIPSE1",9,2.2585986,0.31705981,0.0019796267,0.24010892,0.0345304,0.7381149,0.025001083,0.8269163,0.009621694,0.23841965,0.057546068,0.6357152,0.051069193
375316653866487564,5256861097824462080,0.66028315,2215.7346379350774,1.784331656740527,4.6054856E-6,16.836416,0.01012756,0.24884006,7.031778E-4,0.042255,0.0021761318,0.5308935,0.021995217,0.7472629,0.0032971576,0.04156404,0.0075046327,0.5953262,0.105594285,0.08452522,0.012680749,0.24884006,7.031778E-4,"TWOGAUSSIANS_WITH_ELLIPSOIDAL_ON_ECLIPSE1",9,7.366829,0.7473229,0.0032214343,0.23275863,0.042025942,0.7643604,0.119672075,0.24884006,7.031778E-4,0.236628,0.012186339,0.6999437,0.015765809
375316653866487564,5256861922444160256,0.53340185,2251.460319694274,2.5310724724374944,1.10046185E-5,18.810217,0.008760699,0.23842873,0.0037240286,0.083830655,0.0054915305,0.25695536,0.009139935,0.74718046,0.001441738,0.07894534,0.003818239,0.28846383,0.0133205345,null,null,null,null,"TWOGAUSSIANS",8,1.7584233,0.74718046,0.001441738,0.4,0.0,0.28435528,0.013208614,0.23842873,0.0037240286,0.4,0.0,0.25284678,0.008375681
375316653866487564,5256862540920472832,0.47340074,2219.587076402716,0.5983230894571493,4.7137448E-5,18.734688,0.009250449,0.53113914,0.040202692,0.13000734,0.06382251,0.03978998,0.041745044,0.7199091,0.0040129377,0.019953376,0.0051870365,0.2516964,0.063991636,null,null,null,null,"TWOGAUSSIANS",8,5.19846,0.7199091,0.0040129377,0.1117389,0.029047403,0.26551396,0.06310695,0.53113914,0.040202692,0.4,0.0,0.03974112,0.041833952
375316653866487564,5256862674056282240,0.50092494,2250.4588923775364,0.36023286108070485,3.9228903E-6,18.984524,0.0027696148,0.1505194,0.038205203,0.015221265,0.010197573,0.07544808,0.030653197,0.4933392,0.001137117,0.019325629,0.0016419936,0.23311491,0.008211784,null,null,null,null,"TWOGAUSSIANS",8,1.7125043,0.4933392,0.001137117,0.10822353,0.009195165,0.23311491,0.008211784,0.1505194,0.038205203,0.08523908,0.057106413,0.07544808,0.030653197
375316653866487564,5256864048444831872,0.48550266,2269.1309144084453,2.6206360025198854,2.6688176E-5,17.301579,0.88723123,0.21183099,0.014711563,0.19712012,0.22808385,0.4344076,0.84309876,0.71779704,0.0239735,0.17103857,0.17834133,0.39952335,0.77949953,null,null,null,null,"TWOGAUSSIANS",8,5.50978,0.209761,0.009765264,0.4,0.0,0.12115384,0.0105871195,0.72110707,0.015450286,0.4,0.0,0.11001201,0.013917744
375316653866487564,5256864151524059008,0.44832107,2262.9201665470564,0.5526936724411279,4.8125694E-5,19.792004,0.023699569,0.20454237,0.01159983,0.053648878,0.011253692,0.4493085,0.06734035,0.68859553,0.004631612,0.05354587,0.009065991,1.9571787,1.4272743,null,null,null,null,"TWOGAUSSIANS",8,5.062743,0.68859553,0.004631612,0.29985687,0.050769553,1.9571614,1.427303,0.20454237,0.01159983,0.30043373,0.06302068,0.44929126,0.06734855
375316653866487564,5256864327642608512,0.6094099,2239.4711399486255,1.0825767020362735,8.682672E-6,15.990509,0.005776876,0.25566202,0.004312611,0.069768295,0.00449093,0.53604126,0.053969953,0.7634225,0.0036314786,0.07985542,0.0038355053,0.2897292,0.009642999,null,null,null,null,"TWOGAUSSIANS",8,33.64111,0.25566202,0.004312611,0.39070246,0.017531322,0.5336258,0.054573946,0.7634225,0.0036314786,0.4,0.0,0.28731376,0.009495142
375316653866487564,5256864602520481152,0.66640365,2242.855709204263,4.1758012706986785,2.3290668E-6,17.691774,0.0059479643,0.33051765,9.650036E-4,0.046104316,0.0025494194,0.405128,0.019512666,0.8254579,8.809657E-4,0.04369866,0.0015375153,0.34208393,0.014030476,0.13312757,0.008159886,0.33051765,9.650036E-4,"TWOGAUSSIANS_WITH_ELLIPSOIDAL_ON_ECLIPSE1",9,3.828665,0.33051765,9.650036E-4,0.25818416,0.0142767485,0.6713829,0.022689592,0.8259879,7.692885E-4,0.2447125,0.008610086,0.60809803,0.008626035
375316653866487564,5256864671239944704,0.5120625,2236.7442461058827,1.2605454404673304,3.0439534E-5,18.21122,0.0022447542,0.35084614,0.003305518,0.04500167,0.004458372,0.1390148,0.011291611,0.8739064,0.022774855,0.015697151,0.018839154,0.01419945,0.002403785,null,null,null,null,"TWOGAUSSIANS",8,1.5819162,0.35084614,0.003305518,0.25200936,0.024966884,0.1390148,0.011291611,0.8739064,0.022774855,0.08790404,0.10549926,0.01419945,0.002403785
375316653866487564,5256864769999940096,0.5441809,2239.4334248709415,2.8736852338249665,2.5423009E-5,18.015936,0.00851721,0.19662112,0.021717971,0.06738745,0.061007287,0.023807684,0.008276045,0.68078923,3.3061297E-5,0.011104756,5.549161E-4,2.4681628,0.607975,null,null,null,null,"TWOGAUSSIANS",8,2.6605518,0.68078923,3.3061297E-5,0.062186632,0.0031075303,2.4681628,0.607975,0.19662112,0.021717971,0.37736973,0.3312008,0.023807684,0.008276044
375316653866487564,5256865079238072192,0.52096826,2200.133969743244,3.699298582023823,1.4756618E-5,19.650301,0.010106108,0.26845607,0.005365374,0.07145106,0.0069420277,0.49501485,0.09363089,0.76969457,0.0033344864,0.06948778,0.0035934795,0.5110418,0.022277318,null,null,null,null,"TWOGAUSSIANS",8,1.9587601,0.76969457,0.0033344864,0.38913158,0.020123485,0.50923884,0.022231543,0.26845607,0.005365374,0.4,0.030773833,0.4932119,0.09424065
375316653866487564,5256865495856195328,0.4516116,2236.7485376967,0.06353775423693311,4.6431054E-5,19.176561,0.017516706,0.4603605,0.038025267,0.036242303,0.01850944,0.12868443,0.04452082,0.8221501,0.008775618,0.054424703,0.010044617,0.15226515,0.018768616,null,null,null,null,"TWOGAUSSIANS",8,4.4078135,0.8221501,0.008775618,0.30477834,0.056249853,0.15226515,0.018768614,0.4603605,0.038025267,0.20295689,0.10365286,0.12868443,0.044520825
375316653866487564,5256865697724657536,0.52328455,2201.863621398803,3.8077905121284163,1.5864502E-5,18.433746,0.023431364,0.1955437,0.0062429104,0.10320407,0.015533283,0.20736879,0.020946302,0.6980607,0.007671887,0.093138434,0.01382221,0.22887224,0.021635488,null,null,null,null,"TWOGAUSSIANS",8,3.9697974,0.6980607,0.0076788417,0.4,0.0,0.21247992,0.01065879,0.1955437,0.0062429104,0.4,0.0,0.19097339,0.015371733
375316653866487564,5256866492288447872,0.43142572,2184.2444578074683,0.14396675657591915,4.5741803E-5,18.563408,0.007980374,0.25780246,0.015499124,0.05880816,0.02429535,0.044047773,0.010565818,0.59249204,0.012450232,0.048044544,0.008328637,0.113239326,0.019049488,null,null,null,null,"TWOGAUSSIANS",8,6.742903,0.59249204,0.012450232,0.26904944,0.04664037,0.113239326,0.019049216,0.25780246,0.015499124,0.3293257,0.09814803,0.04404777,0.010565913
375316653866487564,5256866659791546368,0.4517432,2207.034332251196,4.2298479451331294,7.757349E-5,18.28013,0.0079241535,0.40800697,0.0029080498,0.049922805,0.006157326,0.08835682,0.010286601,0.79378086,1.3164214E-4,0.01778079,7.482193E-4,2.2139971,0.33641207,null,null,null,null,"TWOGAUSSIANS",8,18.286463,0.79378086,1.3164214E-4,0.09957243,0.004190028,2.2139971,0.33641207,0.40800697,0.0029080498,0.27956772,0.034481026,0.08835682,0.010286601
375316653866487564,5256867523079766912,0.48512927,2216.177573944999,0.7138331683019365,9.671988E-5,19.124107,0.005861011,0.297788,0.030073917,0.06945859,0.025341984,0.035407137,0.009694248,0.7123486,0.016296642,0.012104067,0.0050945287,0.43655136,0.654404,null,null,null,null,"TWOGAUSSIANS",8,2.0546057,0.7123486,0.016296642,0.067782775,0.02852936,0.43655136,0.65440404,0.297788,0.030073917,0.38896808,0.09777582,0.035407137,0.009694248
375316653866487564,5256868656952169216,0.5755748,2216.3081959238652,3.8385886105774394,9.463801E-6,19.357582,0.013471142,0.23821692,0.0037769761,0.06599043,0.0058281026,0.6208346,0.040761262,0.7407127,0.0030441803,0.06753274,0.002969976,0.7042074,0.022330128,null,null,null,null,"TWOGAUSSIANS",8,2.6634717,0.7407127,0.0030441803,0.37818334,0.016631866,0.7030952,0.022156943,0.23821692,0.0037769761,0.36954644,0.032637373,0.61972237,0.041152783
375316653866487564,5256869206708098816,0.43988365,2226.4668549142534,3.7212146917671975,4.9911643E-5,19.422157,0.015559481,0.15562677,0.010472546,0.05496518,0.0073355786,0.26923037,0.039976027,0.4920847,0.033944286,0.079177655,0.05082528,0.09298371,0.038636126,null,null,null,null,"TWOGAUSSIANS",8,4.285761,0.15563677,0.010467217,0.307805,0.04107924,0.26924014,0.039988168,0.4920847,0.033944286,0.4,0.2078823,0.09298235,0.038638383
375316653866487564,5256869344163790080,0.508474,2194.7526102746237,4.9367328341072785,1.0357958E-4,17.838133,0.0064890934,0.0736876,0.0013766662,0.0029372664,8.6464884E-4,0.24307503,0.17562787,0.63429874,0.04461637,0.055746272,0.1128992,0.023476157,0.0124517325,null,null,null,null,"TWOGAUSSIANS",8,3.9094763,0.0736876,0.0013766662,0.016448691,0.0048420336,0.24307503,0.17562182,0.63429874,0.04461637,0.31217912,0.35855407,0.023476157,0.012488045
375316653866487564,5256869550322191360,0.54556954,2217.8373904300324,1.6392688144325753,7.400811E-6,14.702673,0.1342748,0.26873696,0.0040400666,0.123055026,0.036424212,0.121668324,0.11143416,0.7624955,0.0035604315,0.15492567,0.068124704,0.12769489,0.13342814,null,null,null,null,"TWOGAUSSIANS",8,11.294991,0.7624955,0.0035604315,0.4,0.0,0.08053877,0.0027193502,0.26919696,0.0036324705,0.4,0.0,0.07585692,0.0026133917
375316653866487564,5256869584664199424,0.5715385,2182.7535830367506,0.8409930869809705,6.09361E-6,19.050797,0.0031879025,0.33434302,0.015323527,0.028180234,0.014323119,0.7004357,97.52517,0.81400824,0.0010415601,0.023221912,0.0014442861,0.39263308,0.043764263,null,null,null,null,"TWOGAUSSIANS",8,0.8756081,0.33434302,0.015323527,0.1578093,0.080209464,0.7004357,97.52517,0.81400824,0.0010415601,0.13004272,0.008088002,0.39263308,0.043764263
375316653866487564,5256869825200094592,0.6135145,2220.228858440179,2.3001146065267926,1.2709217E-5,16.400957,0.012384539,0.2873926,0.0022755624,0.057793457,0.006461333,0.20797302,0.023439074,0.7966398,0.0018052008,0.05867595,0.00477545,0.15550035,0.028512644,0.07824937,0.014553475,0.7966398,0.0018052008,"TWOGAUSSIANS_WITH_ELLIPSOIDAL_ON_ECLIPSE2",9,11.87637,0.28892258,0.0018057408,0.32364336,0.036183465,0.36400458,0.01166184,0.7966398,0.0018052008,0.32858533,0.026742522,0.31197244,0.007199214
375316653866487564,5256870409320567552,0.59233624,2232.1393813003324,2.1192509408263036,8.5510455E-6,16.787092,0.02527654,0.20633586,0.0021752003,0.11205784,0.010356359,0.22360475,0.023244178,0.70389605,0.0033114238,0.12518254,0.010987669,0.212269,0.02508667,null,null,null,null,"TWOGAUSSIANS",8,3.4089584,0.20635585,0.002171688,0.4,0.0,0.17766728,0.0036749535,0.70389605,0.0033114238,0.4,0.0,0.16620666,0.0049422
375316653866487564,5256870473733211904,0.6076723,2214.4066811389407,0.9255371231479276,4.498013E-6,15.26011,0.017532451,0.188565,0.001133803,0.057633772,0.009395948,0.15689811,0.034511115,0.6989441,0.0036381078,0.06929671,0.011320717,0.11016997,0.037354827,0.096743084,0.022010183,0.188565,0.001133803,"TWOGAUSSIANS_WITH_ELLIPSOIDAL_ON_ECLIPSE1",9,16.466702,0.188565,0.001133803,0.3227491,0.052617304,0.35027713,0.011410715,0.6989441,0.0036381078,0.38806155,0.056966558,0.30272728,0.009838614
375316653866487564,5256870615473880192,0.54203993,2157.34446209851,4.383583118868558,1.4706952E-5,17.718037,0.020876728,0.31021366,0.00499956,0.06400838,0.00727009,0.22258627,0.054782245,0.8067733,0.00772221,0.051374007,0.0088022705,0.34810024,0.04839439,0.09468419,0.02739319,0.31021366,0.00499956,"TWOGAUSSIANS_WITH_ELLIPSOIDAL_ON_ECLIPSE1",9,22.922909,0.8071233,0.0069149635,0.28769442,0.049292717,0.5372798,0.040810194,0.31021366,0.00499956,0.35844693,0.0407125,0.41184527,0.024924474
375316653866487564,5256870993414591360,0.6102087,2188.678919712236,0.598858919005654,1.3755691E-5,18.675373,0.0026847385,0.24218035,0.013212961,0.021902721,0.0052919197,0.69308376,0.31697747,0.7239821,9.573043E-4,0.02131199,5.735178E-4,0.7519661,0.032788005,null,null,null,null,"TWOGAUSSIANS",8,1.4480008,0.7239821,9.573043E-4,0.11934715,0.0032117,0.7519661,0.032788005,0.24218035,0.013212961,0.122655235,0.029634751,0.69308376,0.31697747
375316653866487564,5256871130870508544,0.5537612,2189.474530322725,2.903518936486021,1.581609E-5,17.833826,0.010802168,0.2910947,0.005260622,0.10131215,0.0073938486,0.23437384,0.011736703,0.78993064,0.0034678117,0.08796512,0.004685808,0.26639894,0.012377643,null,null,null,null,"TWOGAUSSIANS",8,4.406199,0.78993064,0.0034678117,0.4,0.0,0.25151727,0.008416734,0.2910947,0.005260622,0.4,0.0,0.2194898,0.00850729
375316653866487564,5256872230381862656,0.5356099,2189.9704772600608,3.244775114144205,1.2700702E-5,19.320385,0.016501568,0.21256529,0.008191557,0.072679974,0.005920795,0.45802322,0.045070093,0.7180572,0.003851834,0.06607737,0.0052281925,0.4434185,0.028039651,null,null,null,null,"TWOGAUSSIANS",8,4.156578,0.21256529,0.008191557,0.4,0.01431225,0.45684052,0.04524768,0.7180572,0.003851834,0.37003326,0.029277878,0.4422358,0.028272547
375316653866487564,5256872500941655552,0.4680168,2164.938494275581,2.7223666693260147,3.611014E-5,19.847715,0.0077549648,null,null,null,null,null,null,null,null,null,null,null,null,0.11593936,0.011469974,0.20755392,0.006387501,"ELLIPSOIDAL",4,2.8095756,null,null,null,null,null,null,null,null,null,null,null,null
375316653866487564,5256873089375713792,0.5098039,2170.498600014928,0.47212843041522495,4.9164453E-5,15.899648,0.004731127,0.19412771,0.0024791795,0.017787272,0.0017295002,0.20921208,0.023586143,0.47084415,0.03870062,0.12420154,0.051483057,0.020169344,0.0069449944,null,null,null,null,"TWOGAUSSIANS",8,18.298374,0.1941777,0.0024849335,0.09960873,0.009685202,0.21088639,0.023829086,0.47084415,0.03870062,0.4,0.0,0.020157138,0.0069603943
375316653866487564,5256873948369112576,0.46071002,2131.2871575678723,2.9217783690206054,2.3406597E-5,17.39778,0.03276381,0.1877479,0.01321596,0.093270294,0.025040623,0.21831821,0.029017236,0.7019655,0.012989632,0.088957176,0.015191819,0.2589193,0.03689588,null,null,null,null,"TWOGAUSSIANS",8,37.217068,0.7019655,0.012989632,0.4,0.0,0.250074,0.027767317,0.1877479,0.01321596,0.4,0.0,0.20947267,0.019824486
