Gaia/vari_eclipsing_binary/VariEclipsingBinary_685124-685136.csv
# %ECSV 1.0
# ---
# delimiter: ','
# meta: !!omap
# - RELEASE: Gaia DR3
# - TABLE: vari_eclipsing_binary
# - DESCRIPTION: >
#     This table describes the properties of the eclipsing binaries resulting from the variability analysis. 
# - CITATION: >
#     How to cite and acknowledge Gaia: 
#     https://gea.esac.esa.int/archive/documentation/credits.html 
# - KNOWN_ISSUES: >
#     Known issues: 
#     https://www.cosmos.esa.int/web/gaia-users/known-issues 
# - DOCUMENTATION: >
#     Tutorials and documentation: 
#     https://www.cosmos.esa.int/web/gaia-users/archive 
# datatype:
# - 
#   name: solution_id
#   datatype: int64
#   description: Solution Identifier
#   meta:
#     ucd: meta.version
# - 
#   name: source_id
#   datatype: int64
#   description: Unique source identifier
#   meta:
#     ucd: meta.id;meta.main
# - 
#   name: global_ranking
#   datatype: float32
#   description: Number between 0 (worst) and 1 (best)
#   meta:
#     ucd: stat.param
# - 
#   name: reference_time
#   datatype: float64
#   unit: d
#   description: Reference time used for the geometric model fit
#   meta:
#     ucd: time.epoch
# - 
#   name: frequency
#   datatype: float64
#   unit: d**-1
#   description: Frequency of geometric model of the eclipsing binary light curve
#   meta:
#     ucd: src.orbital
# - 
#   name: frequency_error
#   datatype: float32
#   unit: d**-1
#   description: "Uncertainty of \\texttt{frequency}"
#   meta:
#     ucd: stat.error
# - 
#   name: geom_model_reference_level
#   datatype: float32
#   unit: mag
#   description: Magnitude reference level of geometric model
#   meta:
#     ucd: phot.mag;em.opt
# - 
#   name: geom_model_reference_level_error
#   datatype: float32
#   unit: mag
#   description: "Uncertainty of \\texttt{geomModelReferenceLevel}"
#   meta:
#     ucd: stat.error;phot.mag;em.opt
# - 
#   name: geom_model_gaussian1_phase
#   datatype: float32
#   description: Phase of the Gaussian 1 component
#   meta:
#     ucd: time.phase
# - 
#   name: geom_model_gaussian1_phase_error
#   datatype: float32
#   description: "Uncertainty of \\texttt{geomModelGaussian1Phase}"
#   meta:
#     ucd: stat.error;time.phase
# - 
#   name: geom_model_gaussian1_sigma
#   datatype: float32
#   description: "Standard deviation [phase] of Gaussian 1 component"
#   meta:
#     ucd: stat.stdev
# - 
#   name: geom_model_gaussian1_sigma_error
#   datatype: float32
#   description: "Uncertainty of \\texttt{geomModelGaussian1Sigma}"
#   meta:
#     ucd: stat.error
# - 
#   name: geom_model_gaussian1_depth
#   datatype: float32
#   unit: mag
#   description: Magnitude depth of Gaussian 1 component
#   meta:
#     ucd: src.var.amplitude
# - 
#   name: geom_model_gaussian1_depth_error
#   datatype: float32
#   unit: mag
#   description: "Uncertainty of \\texttt{geomModelGaussian1Depth}"
#   meta:
#     ucd: stat.error;src.var.amplitude
# - 
#   name: geom_model_gaussian2_phase
#   datatype: float32
#   description: Phase of Gaussian 2 component
#   meta:
#     ucd: time.phase
# - 
#   name: geom_model_gaussian2_phase_error
#   datatype: float32
#   description: "Uncertainty of \\texttt{geomModelGaussian2Phase}"
#   meta:
#     ucd: stat.error;time.phase
# - 
#   name: geom_model_gaussian2_sigma
#   datatype: float32
[...]
#   datatype: float32
#   description: "Secondary eclipse: uncertainty of \\texttt{derivedSecondaryEclDuration}"
#   meta:
#     ucd: stat.error;time.duration
# - 
#   name: derived_secondary_ecl_depth
#   datatype: float32
#   unit: mag
#   description: "Secondary eclipse: depth"
#   meta:
#     ucd: src.var.amplitude
# - 
#   name: derived_secondary_ecl_depth_error
#   datatype: float32
#   unit: mag
#   description: "Secondary eclipse: uncertainty of \\texttt{derivedSecondaryEclDepth}"
#   meta:
#     ucd: stat.error;src.var.amplitude
solution_id,source_id,global_ranking,reference_time,frequency,frequency_error,geom_model_reference_level,geom_model_reference_level_error,geom_model_gaussian1_phase,geom_model_gaussian1_phase_error,geom_model_gaussian1_sigma,geom_model_gaussian1_sigma_error,geom_model_gaussian1_depth,geom_model_gaussian1_depth_error,geom_model_gaussian2_phase,geom_model_gaussian2_phase_error,geom_model_gaussian2_sigma,geom_model_gaussian2_sigma_error,geom_model_gaussian2_depth,geom_model_gaussian2_depth_error,geom_model_cosine_half_period_amplitude,geom_model_cosine_half_period_amplitude_error,geom_model_cosine_half_period_phase,geom_model_cosine_half_period_phase_error,model_type,num_model_parameters,reduced_chi2,derived_primary_ecl_phase,derived_primary_ecl_phase_error,derived_primary_ecl_duration,derived_primary_ecl_duration_error,derived_primary_ecl_depth,derived_primary_ecl_depth_error,derived_secondary_ecl_phase,derived_secondary_ecl_phase_error,derived_secondary_ecl_duration,derived_secondary_ecl_duration_error,derived_secondary_ecl_depth,derived_secondary_ecl_depth_error
[from data line 261]
375316653866487564,6026473951207820928,0.6318543,2292.0677153544066,3.2011442579822753,5.0235526E-6,16.006504,0.009606302,0.19526136,0.0010023485,0.045881797,0.002526396,0.3787841,0.028201595,0.691667,0.0013723121,0.046849325,0.0025534602,0.6150449,0.039015114,0.12470355,0.018576348,0.19526136,0.0010023485,"TWOGAUSSIANS_WITH_ELLIPSOIDAL_ON_ECLIPSE1",9,41.701,0.69190705,0.0012363909,0.26235622,0.014299377,0.864332,0.04240507,0.19526136,0.0010023485,0.25693807,0.014147817,0.6281901,0.016655661
375316653866487564,6026474393498287616,0.43870166,2287.566588926734,2.156437864955524,3.2893582E-5,15.335729,0.019313281,0.2721134,0.017172057,0.056226417,0.0138531765,0.30813947,0.07401253,0.7445895,0.009143006,0.07291326,0.01719572,0.22666885,0.040625665,null,null,null,null,"TWOGAUSSIANS",8,279.631,0.2721134,0.017172057,0.31486794,0.077577785,0.30801746,0.07418929,0.7445895,0.009143006,0.4,0.03188229,0.22654684,0.040884703
375316653866487564,6026474500915198592,0.44771636,2284.3660527575653,2.513614469541015,1.016939E-4,19.704378,0.07345745,0.27955437,0.0067639025,0.08535966,0.029672708,0.2178015,0.07032423,0.7516354,0.020933015,0.07241062,0.06145649,0.1851043,0.06441162,null,null,null,null,"TWOGAUSSIANS",8,5.212461,0.27955437,0.006754206,0.4,0.0,0.21630903,0.040151056,0.7516354,0.020933015,0.4,0.106767155,0.18361187,0.034081463
375316653866487564,6026474535277745920,0.5144726,2329.816789277233,2.4860615822468604,1.8172894E-5,18.730574,0.03723814,0.20222169,0.005501096,0.10023672,0.016236762,0.25726154,0.03592038,0.68890184,0.005215679,0.08637064,0.0105933035,0.3202031,0.035513338,null,null,null,null,"TWOGAUSSIANS",8,3.2343113,0.68890184,0.005215679,0.4,0.0,0.3073238,0.019948069,0.20222169,0.005501096,0.4,0.0,0.24437983,0.019765055
375316653866487564,6026474638346429952,0.5086695,2271.848653778702,1.8327356354681115,1.1915343E-5,17.052778,0.0052350992,0.28822747,0.0030541955,0.06451072,0.004049405,0.14440382,0.0061907806,0.788257,0.003471852,0.06540481,0.005081585,0.11508354,0.0062914966,null,null,null,null,"TWOGAUSSIANS",8,7.0926538,0.28822747,0.0030541955,0.36126003,0.022676669,0.14424752,0.0061367387,0.788257,0.003471852,0.36626694,0.028456876,0.11492723,0.0062459325
375316653866487564,6026474741433727488,0.52576685,2263.1351397944863,2.6810913981498183,1.689444E-5,19.623379,0.046602152,0.2103054,0.0036295569,0.114157185,0.013356784,0.41659284,0.040556572,0.6981945,0.0052369474,0.10199594,0.009260135,0.48429298,0.047697954,null,null,null,null,"TWOGAUSSIANS",8,1.0362519,0.6981945,0.0052369474,0.4,0.0,0.43050033,0.021524962,0.21031539,0.0036306658,0.4,0.0,0.3627442,0.02078641
375316653866487564,6026475016303738752,0.46891496,2283.8252239891413,2.8120483819442756,2.7772256E-5,18.917068,0.12311922,0.26872224,0.009785154,0.115404785,0.030715674,0.18478444,0.09946885,0.74909586,0.015134922,0.14838295,0.0795322,0.12394907,0.121783905,null,null,null,null,"TWOGAUSSIANS",8,1.5425868,0.26931223,0.008112937,0.4,0.0,0.144357,0.012212267,0.74909586,0.015134922,0.4,0.0,0.082632475,0.0076156487
375316653866487564,6026475046357487744,0.5277419,2300.141044371025,2.136793032563652,2.1996664E-5,18.922247,0.008028925,0.28308392,0.0063145286,0.081687525,0.009632155,0.3629799,0.06892527,0.7724187,0.0037618896,0.07459585,0.005112527,0.34726545,0.011797651,null,null,null,null,"TWOGAUSSIANS",8,2.7916808,0.28308392,0.0063145286,0.4,0.0,0.35956928,0.070935674,0.7724187,0.0037618896,0.4,0.0,0.34385487,0.011904463
375316653866487564,6026475119383016064,0.5322812,2250.5791141534055,2.5432113996811485,1.7671062E-5,19.566162,0.014183491,0.29169267,0.005889378,0.08786386,0.007830851,0.40641734,0.021526914,0.7943208,0.0063316133,0.076617956,0.0064683696,0.43209496,0.024259003,null,null,null,null,"TWOGAUSSIANS",8,2.1839683,0.7943208,0.0063316133,0.4,0.0,0.42427126,0.022844903,0.29169267,0.005889378,0.4,0.0,0.39859354,0.021323979
375316653866487564,6026475291181833984,0.46448228,2283.4548647020415,2.50681447037206,5.471163E-5,19.698708,0.07569102,0.28166255,0.010398454,0.043189336,0.016777718,1.7027911,5.9360976,0.70903105,0.017994912,0.038840186,0.009975659,0.47465938,0.23751257,0.17946728,0.1008085,0.70903105,0.017994912,"TWOGAUSSIANS_WITH_ELLIPSOIDAL_ON_ECLIPSE2",9,30.917809,0.27974257,0.012247615,0.24186029,0.093955226,1.9937323,6.1037407,0.70903105,0.017994912,0.21750505,0.05586369,0.83359385,0.10322371
375316653866487564,6026476047102290048,0.53568435,2264.3992821956626,2.588479981646073,1.4753362E-5,17.437168,0.0074500516,0.4829083,0.011037915,0.0108990865,0.005316769,0.1047223,0.31567195,0.60143775,0.0010758115,0.038373504,0.0015067895,0.5736277,0.02191028,null,null,null,null,"TWOGAUSSIANS",8,39.021927,0.60143775,0.0010758115,0.21489161,0.008438021,0.5736277,0.02191028,0.4833683,0.011099783,0.061034884,0.029773904,0.109674506,0.3174687
375316653866487564,6026476459419673984,0.5079945,2278.825814019194,1.9504537416151166,2.6626894E-5,18.70578,0.02374891,0.27124563,0.012381941,0.09450207,0.013053129,0.31791893,0.027653486,0.7314508,0.006956049,0.07039152,0.0106542,0.60107833,0.046455156,null,null,null,null,"TWOGAUSSIANS",8,13.366393,0.7314508,0.006956049,0.3941925,0.034986015,0.5972336,0.047792874,0.27124563,0.012381941,0.4,0.0,0.3140719,0.025035808
375316653866487564,6026477142278417792,0.5502868,2287.297038466258,1.3390392003657834,2.3275199E-5,17.70394,0.009323543,0.29198948,0.0028233519,0.0810173,0.005266164,0.2536585,0.0119250305,0.7967035,0.005691039,0.09033769,0.007532351,0.23018548,0.010178386,null,null,null,null,"TWOGAUSSIANS",8,5.97574,0.29198948,0.0028233519,0.4,0.0,0.24737397,0.011106625,0.7967035,0.005691039,0.4,0.0,0.22390082,0.007624748
375316653866487564,6026477352838333568,0.45521295,2265.1342786145233,2.018176275710777,1.6236962E-4,19.785534,0.016718253,0.24053481,0.002907558,0.013016277,0.0058406885,0.2311926,0.28473663,0.5948977,0.0127074355,0.1909913,0.020914443,0.20447206,0.017279066,null,null,null,null,"TWOGAUSSIANS",8,1.6678543,0.24078481,0.0032105634,0.07289115,0.032707855,0.2551921,0.28439733,0.5948977,0.0127074355,0.4,0.0,0.19118495,0.012489655
375316653866487564,6026477971249015936,0.46085447,2254.274801353281,0.9898195960941985,6.525025E-5,19.444052,0.027462812,0.2502576,0.045016997,0.13287261,0.08144418,0.09343125,0.03299813,0.76218826,0.005588434,0.03430798,0.0036854616,0.72530866,0.03039843,null,null,null,null,"TWOGAUSSIANS",8,3.2620018,0.76218826,0.0055876793,0.19212468,0.020638585,0.7234861,0.02473547,0.2502576,0.045016997,0.4,0.0,0.09144306,0.03254379
375316653866487564,6026478173071650048,0.5310796,2303.3808371807313,3.3304333934591517,1.6290376E-5,18.408722,0.008268462,0.25917614,0.0047346773,0.085211076,0.006243933,0.2734884,0.011462305,0.759262,0.004539299,0.074482195,0.005568034,0.33818778,0.031072816,null,null,null,null,"TWOGAUSSIANS",8,5.6843863,0.759262,0.004539299,0.4,5.1140354E-4,0.33372253,0.031901926,0.25917614,0.0047346773,0.4,0.0,0.26902312,0.011040849
375316653866487564,6026478417919922560,0.44340134,2265.473979937278,0.1491874281137196,1.0582652E-4,18.302074,0.091314025,0.2813334,0.036981083,0.13497852,0.12357005,0.052789945,0.09058571,0.72027016,0.037592493,0.12269111,0.02858899,0.10080089,0.056009643,null,null,null,null,"TWOGAUSSIANS",8,2.9518044,0.72027016,0.037592493,0.4,0.0,0.08791286,0.0087916665,0.28306338,0.0367776,0.4,0.0,0.039800327,0.012987928
375316653866487564,6026478864652009216,0.47698122,2286.9782056581544,2.882801755215484,1.5645015E-5,18.152292,0.2157442,0.21409653,0.0044912747,0.19493657,0.046280153,0.40228847,0.20994467,0.7117707,0.0051224516,0.15851322,0.024886722,0.37428468,0.17482151,null,null,null,null,"TWOGAUSSIANS",8,3.2111378,0.21458653,0.0044581867,0.4,0.0,0.12553884,0.009513187,0.7117707,0.0051224516,0.4,0.0,0.12235709,0.010307188
375316653866487564,6026479105170219264,0.6023521,2266.9229894880295,1.4416866115956228,7.452448E-6,15.809079,0.0037797552,0.23645186,0.0014375309,0.03677368,0.0017656194,0.40664324,0.010706709,0.7334196,0.0018839643,0.041362558,0.0027268296,0.22621909,0.011859089,0.019146057,0.005003032,0.23645186,0.0014375309,"TWOGAUSSIANS_WITH_ELLIPSOIDAL_ON_ECLIPSE1",9,20.106148,0.23645186,0.0014375309,0.20593262,0.009887468,0.44493535,0.009593647,0.7334896,0.0018462376,0.23163033,0.015270246,0.2644976,0.010140505
375316653866487564,6026479135166941568,0.50489897,2273.727853321141,3.111072084034448,4.1363444E-5,19.583515,0.010911639,0.19009641,0.011739913,0.07839872,0.0113060605,0.3418325,0.021569155,0.7202396,0.008084989,0.06878646,0.008655917,0.3062012,0.036708478,null,null,null,null,"TWOGAUSSIANS",8,1.942607,0.19009641,0.011739913,0.4,0.0,0.34084523,0.021031465,0.7202396,0.008084989,0.38520417,0.039581716,0.30521393,0.03670504
375316653866487564,6026479139474685440,0.545283,2294.347196613359,2.5360074526389216,1.6528116E-5,17.85389,0.022684598,0.21303299,0.0044089644,0.10279492,0.008430642,0.39353043,0.020777598,0.70650333,0.0045064953,0.10170637,0.008803945,0.38894218,0.02073142,null,null,null,null,"TWOGAUSSIANS",8,8.944669,0.21303299,0.0044089644,0.4,0.0,0.35711992,0.00734834,0.70650333,0.0045064953,0.4,0.0,0.35253307,0.019262714
375316653866487564,6026480445150109824,0.4351225,2328.4696450803563,1.7227703101734964,9.920375E-5,18.852707,0.00791149,0.22266296,1.0256194E-6,0.009343663,3.285793E-4,0.39821157,0.0043578115,0.710606,0.0083685005,0.03599499,0.011394285,0.19654733,0.07763908,null,null,null,null,"TWOGAUSSIANS",8,4.136264,0.22266296,1.0256194E-6,0.052324515,0.0018400442,0.39821157,0.0043578115,0.710606,0.0083685005,0.20157196,0.063807994,0.19654733,0.07763908
375316653866487564,6026480685718735744,0.5511801,2293.4331074000847,1.8010673954732233,1.2395358E-5,15.207777,0.00889175,0.24235548,0.0031163523,0.10562703,0.0072912048,0.14008129,0.008604082,0.75707465,0.0035015983,0.10378372,0.011285713,0.093185216,0.007899285,null,null,null,null,"TWOGAUSSIANS",8,16.350636,0.24235548,0.0031129094,0.4,0.0,0.12896232,0.0037743244,0.7570846,0.0035039217,0.4,0.0,0.082068786,0.0032490839
375316653866487564,6026480788747996416,0.48151943,2280.9721813640213,2.84627441036042,2.6721265E-5,19.509298,0.0060403463,null,null,null,null,null,null,null,null,null,null,null,null,0.12316724,0.008458915,0.15315944,0.0047674854,"ELLIPSOIDAL",4,3.6494093,null,null,null,null,null,null,null,null,null,null,null,null
375316653866487564,6026481029266066176,0.4347163,2287.841397861699,4.119573846226671,8.0276164E-5,19.810486,0.026128085,0.20446089,0.016326416,0.056687593,0.015006323,0.4499652,0.06561194,0.4790588,0.0057218536,0.008498184,0.010626024,0.5802595,0.2021911,null,null,null,null,"TWOGAUSSIANS",8,5.5902553,0.4790588,0.0057218536,0.047589835,0.05950573,0.5802631,0.20219274,0.20446089,0.016326416,0.31745052,0.08403541,0.4499652,0.06561194
375316653866487564,6026481063675879680,0.5367283,2272.086151811681,2.782853852029238,1.7605003E-5,19.2089,0.021354761,0.29761848,0.0044072634,0.08131827,0.006295229,0.369037,0.0224409,0.7860165,0.0035214738,0.07784987,0.006299132,0.42024234,0.024570592,null,null,null,null,"TWOGAUSSIANS",8,1.9263219,0.7860165,0.0035214738,0.4,0.0,0.41575405,0.022864005,0.29761848,0.0044072634,0.4,0.0,0.3645487,0.019545892
375316653866487564,6026481132345381248,0.5151405,2288.9213029853095,2.7506656477797216,1.945926E-5,18.87165,0.011863473,0.25851646,0.004519302,0.065324515,0.007831933,0.57563865,0.06899175,0.7591196,0.006356812,0.071845904,0.0051877648,0.5063795,0.063825354,null,null,null,null,"TWOGAUSSIANS",8,8.289471,0.25851646,0.004519302,0.36581728,0.043858822,0.5742608,0.06996895,0.7591196,0.006356812,0.4,0.022664698,0.5050016,0.06391354
375316653866487564,6026481196728659200,0.5332652,2315.1151028086783,0.8950711138706494,1.2953194E-5,17.84979,0.004066274,0.1890056,0.0017204308,0.030522818,0.0018629164,0.25329167,0.0114664305,0.68552804,0.0098762745,0.03303169,0.03311731,0.32316834,0.24478956,null,null,null,null,"TWOGAUSSIANS",8,3.7120605,0.68552804,0.0098762745,0.18497747,0.18545693,0.32316834,0.24478985,0.1890056,0.0017204308,0.17092778,0.010432332,0.25329167,0.011466383
375316653866487564,6026481540324394496,0.60746795,2290.452928813933,1.3658006489487706,8.15213E-6,15.707735,0.0033364478,0.25123182,0.0029302305,0.09502284,0.0025372491,0.24135242,0.0059001064,0.74892515,0.0022569986,0.09143176,0.0034818335,0.1857737,0.005362175,null,null,null,null,"TWOGAUSSIANS",8,8.65795,0.25123182,0.0029302305,0.4,0.0,0.2300942,0.004764056,0.74892515,0.0022569986,0.4,0.0,0.17451583,0.005726386
375316653866487564,6026481544662334848,0.54945785,2288.0317950880085,1.3202361079386737,9.552508E-6,17.718346,0.004842986,0.17737506,0.004040746,0.045862887,0.0054730065,0.14075603,0.015333281,0.69374996,0.0025685267,0.042397648,0.007493109,0.106694266,0.014660199,0.10451227,0.008087595,0.69374996,0.0025685267,"TWOGAUSSIANS_WITH_ELLIPSOIDAL_ON_ECLIPSE2",9,8.339533,0.18060507,0.0029978638,0.25683218,0.030648837,0.34800866,0.015920006,0.69374996,0.0025685267,0.23742683,0.04196141,0.31571814,0.014665676
375316653866487564,6026481750821038080,0.44508073,2239.139764794331,3.033552522346107,7.187505E-5,19.803408,0.11247401,0.20900345,0.03649318,0.10627773,0.0848454,0.2307714,0.10556518,0.71776766,0.009082564,0.07338409,0.014743348,0.3341218,0.099291645,null,null,null,null,"TWOGAUSSIANS",8,4.848511,0.71776766,0.009079328,0.4,0.014957355,0.32464007,0.056348987,0.20900345,0.03649318,0.4,0.0,0.22128193,0.038847946
375316653866487564,6026481780844169984,0.60047597,2298.2188233184675,1.9185749277458881,6.8532886E-6,16.69336,0.003934325,0.26241565,0.0013748877,0.08228512,0.0021651709,0.3328776,0.006343796,0.7564791,0.001221735,0.09320402,0.0023700166,0.25045666,0.0038850815,null,null,null,null,"TWOGAUSSIANS",8,5.4581857,0.26241565,0.0013748877,0.4,0.0,0.3239499,0.0063719163,0.7564791,0.001221735,0.4,0.0,0.24152865,0.00340011
375316653866487564,6026482094468100608,0.618181,2279.208391945687,0.6797855649544432,6.4386354E-6,16.510136,0.015240256,0.24817072,0.0019006224,0.12147616,0.0066161286,0.2682524,0.014257415,0.74950325,0.0011056757,0.10285663,0.0040866253,0.3403012,0.013612431,null,null,null,null,"TWOGAUSSIANS",8,4.9298177,0.74951327,0.0011180342,0.4,0.0,0.2915714,0.0051997667,0.24817072,0.0019006224,0.4,0.0,0.21941514,0.005775496
375316653866487564,6026482403656303872,0.40998325,2278.009923652817,2.269388578319204,9.323257E-5,18.419493,0.16744594,0.36467013,0.016260749,0.23345739,0.16667964,0.13686374,0.15604703,0.81557536,0.017833598,0.077443376,0.013132938,0.09349753,0.03107803,null,null,null,null,"TWOGAUSSIANS",8,6.4115114,0.36467013,0.016260749,0.4,0.0,0.08794739,0.037677627,0.81557536,0.017833598,0.4,0.011147144,0.074358925,0.0149406325
375316653866487564,6026482438016081280,0.5092497,2280.413295424851,0.4156151519166851,9.368736E-6,15.950182,0.009898338,0.2789677,0.0029838134,0.10162746,0.009749182,0.20590489,0.01013147,0.762368,0.004549294,0.09445122,0.006881958,0.26337966,0.01362525,null,null,null,null,"TWOGAUSSIANS",8,43.254166,0.762368,0.004549294,0.4,0.0,0.24900556,0.015736995,0.2789677,0.0029838134,0.4,0.0,0.19152838,0.013993616
375316653866487564,6026482609808600960,0.4694434,2284.271119241103,1.8706162218008964,2.5297035E-5,19.246101,0.09182288,0.26764405,0.020569326,0.08757414,0.041872196,0.52001536,0.10808732,0.76884896,0.004121731,0.062723875,0.020845557,0.43957043,0.04398386,null,null,null,null,"TWOGAUSSIANS",8,18.390362,0.26764405,0.020569326,0.4,0.024672305,0.5163366,0.11569736,0.76884896,0.004121731,0.35125372,0.11673512,0.43589178,0.040289775
