Gaia/vari_eclipsing_binary/VariEclipsingBinary_606444-606469.csv
# %ECSV 1.0
# ---
# delimiter: ','
# meta: !!omap
# - RELEASE: Gaia DR3
# - TABLE: vari_eclipsing_binary
# - DESCRIPTION: >
#     This table describes the properties of the eclipsing binaries resulting from the variability analysis. 
# - CITATION: >
#     How to cite and acknowledge Gaia: 
#     https://gea.esac.esa.int/archive/documentation/credits.html 
# - KNOWN_ISSUES: >
#     Known issues: 
#     https://www.cosmos.esa.int/web/gaia-users/known-issues 
# - DOCUMENTATION: >
#     Tutorials and documentation: 
#     https://www.cosmos.esa.int/web/gaia-users/archive 
# datatype:
# - 
#   name: solution_id
#   datatype: int64
#   description: Solution Identifier
#   meta:
#     ucd: meta.version
# - 
#   name: source_id
#   datatype: int64
#   description: Unique source identifier
#   meta:
#     ucd: meta.id;meta.main
# - 
#   name: global_ranking
#   datatype: float32
#   description: Number between 0 (worst) and 1 (best)
#   meta:
#     ucd: stat.param
# - 
#   name: reference_time
#   datatype: float64
#   unit: d
#   description: Reference time used for the geometric model fit
#   meta:
#     ucd: time.epoch
# - 
#   name: frequency
#   datatype: float64
#   unit: d**-1
#   description: Frequency of geometric model of the eclipsing binary light curve
#   meta:
#     ucd: src.orbital
# - 
#   name: frequency_error
#   datatype: float32
#   unit: d**-1
#   description: "Uncertainty of \\texttt{frequency}"
#   meta:
#     ucd: stat.error
# - 
#   name: geom_model_reference_level
#   datatype: float32
#   unit: mag
#   description: Magnitude reference level of geometric model
#   meta:
#     ucd: phot.mag;em.opt
# - 
#   name: geom_model_reference_level_error
#   datatype: float32
#   unit: mag
#   description: "Uncertainty of \\texttt{geomModelReferenceLevel}"
#   meta:
#     ucd: stat.error;phot.mag;em.opt
# - 
#   name: geom_model_gaussian1_phase
#   datatype: float32
#   description: Phase of the Gaussian 1 component
#   meta:
#     ucd: time.phase
# - 
#   name: geom_model_gaussian1_phase_error
#   datatype: float32
#   description: "Uncertainty of \\texttt{geomModelGaussian1Phase}"
#   meta:
#     ucd: stat.error;time.phase
# - 
#   name: geom_model_gaussian1_sigma
#   datatype: float32
#   description: "Standard deviation [phase] of Gaussian 1 component"
#   meta:
#     ucd: stat.stdev
# - 
#   name: geom_model_gaussian1_sigma_error
#   datatype: float32
#   description: "Uncertainty of \\texttt{geomModelGaussian1Sigma}"
#   meta:
#     ucd: stat.error
# - 
#   name: geom_model_gaussian1_depth
#   datatype: float32
#   unit: mag
#   description: Magnitude depth of Gaussian 1 component
#   meta:
#     ucd: src.var.amplitude
# - 
#   name: geom_model_gaussian1_depth_error
#   datatype: float32
#   unit: mag
#   description: "Uncertainty of \\texttt{geomModelGaussian1Depth}"
#   meta:
#     ucd: stat.error;src.var.amplitude
# - 
#   name: geom_model_gaussian2_phase
#   datatype: float32
#   description: Phase of Gaussian 2 component
#   meta:
#     ucd: time.phase
# - 
#   name: geom_model_gaussian2_phase_error
#   datatype: float32
#   description: "Uncertainty of \\texttt{geomModelGaussian2Phase}"
#   meta:
#     ucd: stat.error;time.phase
# - 
#   name: geom_model_gaussian2_sigma
#   datatype: float32
[...]
#   datatype: float32
#   description: "Secondary eclipse: uncertainty of \\texttt{derivedSecondaryEclDuration}"
#   meta:
#     ucd: stat.error;time.duration
# - 
#   name: derived_secondary_ecl_depth
#   datatype: float32
#   unit: mag
#   description: "Secondary eclipse: depth"
#   meta:
#     ucd: src.var.amplitude
# - 
#   name: derived_secondary_ecl_depth_error
#   datatype: float32
#   unit: mag
#   description: "Secondary eclipse: uncertainty of \\texttt{derivedSecondaryEclDepth}"
#   meta:
#     ucd: stat.error;src.var.amplitude
solution_id,source_id,global_ranking,reference_time,frequency,frequency_error,geom_model_reference_level,geom_model_reference_level_error,geom_model_gaussian1_phase,geom_model_gaussian1_phase_error,geom_model_gaussian1_sigma,geom_model_gaussian1_sigma_error,geom_model_gaussian1_depth,geom_model_gaussian1_depth_error,geom_model_gaussian2_phase,geom_model_gaussian2_phase_error,geom_model_gaussian2_sigma,geom_model_gaussian2_sigma_error,geom_model_gaussian2_depth,geom_model_gaussian2_depth_error,geom_model_cosine_half_period_amplitude,geom_model_cosine_half_period_amplitude_error,geom_model_cosine_half_period_phase,geom_model_cosine_half_period_phase_error,model_type,num_model_parameters,reduced_chi2,derived_primary_ecl_phase,derived_primary_ecl_phase_error,derived_primary_ecl_duration,derived_primary_ecl_duration_error,derived_primary_ecl_depth,derived_primary_ecl_depth_error,derived_secondary_ecl_phase,derived_secondary_ecl_phase_error,derived_secondary_ecl_duration,derived_secondary_ecl_duration_error,derived_secondary_ecl_depth,derived_secondary_ecl_depth_error
[from data line 728]
375316653866487564,5334542002330333696,0.51758,2195.1553198925844,0.141045128028907,1.6430778E-5,18.374601,0.0024064656,0.42809257,0.003316143,0.0132772215,0.0028347878,0.1659834,0.016111413,0.92054105,0.003508844,0.009113312,0.0036367262,0.17047162,0.015036519,null,null,null,null,"TWOGAUSSIANS",8,3.1178594,0.92054105,0.003508844,0.051034544,0.020365667,0.17047162,0.015036519,0.42809257,0.003316143,0.07435244,0.015874812,0.1659834,0.016111413
375316653866487564,5334542071078627712,0.47034815,2214.527599957419,3.7853693868413867,2.5552483E-5,18.719137,0.31528425,0.16574356,0.003527278,0.20221753,0.12258938,0.3136971,0.30986285,0.6683342,0.0030685796,0.14533345,0.052136764,0.35077086,0.26276246,null,null,null,null,"TWOGAUSSIANS",8,2.3780103,0.6690742,0.0036130534,0.4,0.0,0.15650274,0.009322592,0.16537356,0.003844164,0.4,0.0,0.091797076,0.009195089
375316653866487564,5334542247195506688,0.64218575,2212.3643902330227,0.31901457957787166,4.6129103E-6,17.195898,0.0013155554,0.76515514,3.6394486E-4,0.014304132,3.0549092E-4,0.43302456,0.00803619,null,null,null,null,null,null,null,null,null,null,"ONEGAUSSIAN",5,2.5161915,0.76515514,3.6394486E-4,0.080103144,0.0017107492,0.43302456,0.0,null,null,null,null,null,null
375316653866487564,5334542659464410624,0.50094444,2196.3513288323056,0.4577761930555799,5.4132543E-6,19.252087,0.0043456494,0.41757405,0.0022138697,0.022105722,0.0029119377,0.21403322,0.035321917,0.922574,0.00123991,0.016556498,0.0010771058,0.21068822,0.0144013865,null,null,null,null,"TWOGAUSSIANS",8,1.8591257,0.41757405,0.0022138697,0.123792045,0.016306851,0.21403322,0.035321917,0.922574,0.00123991,0.09271639,0.006031792,0.21068822,0.0144013865
375316653866487564,5334542865623044224,0.5223644,2203.0355076595365,0.6228325478667904,2.0990296E-5,19.75127,0.0069550076,0.3414309,0.0057741622,0.028131235,0.0040038326,0.53813803,0.05673288,0.8587308,0.010781686,0.022993818,0.019832205,0.4608335,10772.556,null,null,null,null,"TWOGAUSSIANS",8,1.9181719,0.3414309,0.0057741622,0.15753493,0.022421462,0.53813803,0.05673288,0.8587308,0.010781686,0.12876539,0.11106035,0.4608335,10772.556
375316653866487564,5334542968765241600,0.5264859,2233.2448121018506,0.41836185761930567,3.2591627E-6,16.991817,0.0014640521,0.6530542,7.6750055E-4,0.012463257,7.9903123E-4,0.21413058,0.011087046,null,null,null,null,null,null,null,null,null,null,"ONEGAUSSIAN",5,4.6992683,0.6530542,7.6750055E-4,0.06979424,0.0044745747,0.21413058,0.0,null,null,null,null,null,null
375316653866487564,5334543071829376896,0.49512067,2187.129260838847,0.830550902857174,2.7425356E-5,17.279305,0.010630974,0.2140171,0.032726415,0.034820534,0.03181416,0.12974992,0.109724276,0.7285843,0.0164979,0.011991785,0.006334458,2.3348997,1.9305369,0.017259292,0.015772473,0.2140171,0.032726415,"TWOGAUSSIANS_WITH_ELLIPSOIDAL_ON_ECLIPSE1",9,56.263184,0.7285843,0.0164979,0.06715399,0.035472963,2.36913,1.9265875,0.2140171,0.032726415,0.194995,0.17815931,0.1642685,0.09491278
375316653866487564,5334543209220546304,0.4758611,2195.758971105505,0.12012628428866902,2.9231634E-5,18.227774,0.005421182,0.17046784,0.0027057142,0.021297632,0.0017273037,0.3878627,0.030879686,0.58737165,0.009386688,0.021085514,0.014882739,1.7403601,1.8522086,null,null,null,null,"TWOGAUSSIANS",8,12.2809515,0.58737165,0.009386688,0.11807888,0.08334334,1.7403601,1.8522086,0.17046784,0.0027057142,0.11926674,0.009672902,0.3878627,0.030879686
375316653866487564,5334543449738369792,0.5400509,2208.0887597266,2.1588231271966847,5.8105707E-6,19.40597,0.013136172,0.3155414,0.0023768523,0.034129377,0.004581992,0.51883054,0.034808207,0.820122,0.00219992,0.024860226,0.0024054563,0.7342674,0.049428195,0.052575547,0.025774391,0.3155414,0.0023768523,"TWOGAUSSIANS_WITH_ELLIPSOIDAL_ON_ECLIPSE1",9,4.770465,0.820122,0.00219992,0.13921726,0.013470556,0.83933145,0.04915279,0.3155414,0.0023768523,0.19112451,0.025659155,0.62398165,0.0504659
375316653866487564,5334543587225382272,0.4280515,2181.0917666049154,1.5072479385688329,4.7613357E-5,16.25114,0.0038194114,0.2735905,0.008504711,0.031183304,0.005681599,0.09089661,0.022776997,0.6688388,0.02359411,0.10570097,0.030083502,0.029941065,0.0061222226,null,null,null,null,"TWOGAUSSIANS",8,13.572595,0.2736005,0.008509799,0.1746265,0.031816956,0.09092039,0.022786347,0.6688388,0.02359411,0.4,0.0,0.029937299,0.006130907
375316653866487564,5334544240060545152,0.5664083,2176.7260452826235,2.8113619571651833,1.1811989E-5,17.598042,0.02036259,0.29363233,0.0022083225,0.04571598,0.008288927,0.31597915,0.039264366,0.7962749,0.0033526095,0.04821786,0.005050192,0.4122911,0.062293265,0.1274185,0.029234461,0.29363233,0.0022083225,"TWOGAUSSIANS_WITH_ELLIPSOIDAL_ON_ECLIPSE1",9,20.69173,0.7962749,0.0033526095,0.27002,0.028281078,0.6670572,0.046402454,0.29363233,0.0022083225,0.2560095,0.046417993,0.57081556,0.024376528
375316653866487564,5334544480531600256,0.43096364,2164.6395686383944,1.1101489085358005,3.8256778E-5,19.171577,0.01257227,0.09975878,0.018448675,0.028395187,0.020533893,0.2634411,0.05990279,0.576597,0.017377215,0.03503478,0.01582299,0.22849853,0.13930883,null,null,null,null,"TWOGAUSSIANS",8,13.64667,0.09975878,0.018448675,0.15901305,0.1149898,0.2634411,0.05990279,0.576597,0.017377215,0.19619477,0.08860875,0.22849853,0.13930883
375316653866487564,5334544892848518400,0.5352217,2190.8810374533423,3.147951121929586,2.1935337E-5,19.867882,0.016084595,0.18761803,0.0053627286,0.06940545,0.0045162803,0.50161964,0.027351758,0.7023055,0.005162368,0.071419634,0.0048743337,0.54595464,0.029170511,null,null,null,null,"TWOGAUSSIANS",8,2.3760283,0.7023055,0.005162368,0.39994997,0.01724774,0.5446379,0.028924951,0.18761803,0.0053627286,0.3886705,0.021242851,0.500303,0.02689103
375316653866487564,5334546954479799808,0.5346886,2165.886750865,0.32719110512848293,4.972965E-6,13.34564,6.770645E-4,null,null,null,null,null,null,null,null,null,null,null,null,0.06079466,9.736466E-4,0.27297705,0.0011916946,"ELLIPSOIDAL",4,17.991766,null,null,null,null,null,null,null,null,null,null,null,null
375316653866487564,5334547229357732352,0.46673512,2157.2227633766756,0.2700737720284286,2.3088276E-5,16.673647,0.0050855465,0.29944584,0.013955456,0.04507008,0.005716455,0.07173012,0.015827183,0.8056373,0.006300869,0.039715994,0.020698177,0.120333195,0.05461291,null,null,null,null,"TWOGAUSSIANS",8,13.122174,0.8056373,0.006300869,0.22240958,0.11590979,0.12033319,0.05461505,0.29944584,0.013955456,0.25239244,0.03201215,0.071730115,0.015826892
375316653866487564,5334547298029641728,0.5805579,2158.951356316122,1.233882538089288,3.6275735E-5,17.61763,0.0016291324,0.45367494,4.523036E-4,0.006152306,0.0010113784,0.47033563,0.11736385,0.6032278,0.0069633583,0.014835901,0.0031181602,0.04801338,0.014371272,null,null,null,null,"TWOGAUSSIANS",8,2.8916686,0.45367494,4.523036E-4,0.034452915,0.0056637186,0.47033563,0.11736385,0.6032278,0.0069633583,0.083081044,0.017461697,0.04801338,0.014371272
375316653866487564,5334547431197354880,0.50876117,2189.3231394956724,0.23365350080543,1.4031205E-5,13.875196,0.001345271,0.14280678,0.0029009327,0.0842691,0.0045565893,0.048676044,0.0024189893,0.65042776,0.0035410037,0.08431799,0.0056892643,0.04702774,0.00139435,null,null,null,null,"TWOGAUSSIANS",8,9.696533,0.14280678,0.0029009327,0.4,0.0,0.04764767,0.00244615,0.65042776,0.0035410037,0.4,0.0,0.045999363,0.0013784718
375316653866487564,5334547675986969600,0.4769277,2073.539993115956,1.7993897347749188,1.3231237E-4,19.378498,0.014742658,0.19596414,0.009733252,0.048659194,0.027682936,0.08748295,0.044111732,0.5436194,0.009028886,0.03693882,0.006694916,0.4570326,0.18341005,null,null,null,null,"TWOGAUSSIANS",8,2.7200925,0.5436194,0.009028886,0.2068574,0.03749153,0.4570326,0.18341005,0.19596414,0.009733252,0.27249148,0.15502444,0.08748295,0.044111732
375316653866487564,5334547847785144576,0.5286063,2178.248742331135,0.9743932578403536,1.7255576E-5,18.914553,0.0023890247,0.2849926,6.196156E-7,0.0024038726,9.880184E-5,0.03674409,0.0023298636,0.6851012,0.018059438,0.043259215,0.009234834,0.4954759,0.17401321,null,null,null,null,"TWOGAUSSIANS",8,1.3023725,0.6851012,0.018059438,0.2422516,0.051715072,0.4954759,0.17401321,0.2849926,6.196156E-7,0.013461687,5.5329024E-4,0.03674409,0.0023298636
375316653866487564,5334548702476138624,0.5539767,2161.369500777634,3.163207767398874,1.5531887E-5,17.271383,0.009483912,0.28278098,0.0041247085,0.09850079,0.009258999,0.17444496,0.0083451485,0.7857831,0.008068222,0.08910529,0.01140444,0.14695102,0.011796099,null,null,null,null,"TWOGAUSSIANS",8,4.6371717,0.28278098,0.0041247085,0.4,0.0,0.1656195,0.0043814788,0.7857831,0.008068222,0.4,0.0,0.13812642,0.008781123
375316653866487564,5334548805557691904,0.43315443,2128.3056943758124,1.1764757981951974,3.8490736E-5,18.466269,0.007842837,0.26011187,0.0046971785,0.02065874,0.009174552,0.27052101,0.39579844,0.83900064,0.08750013,0.042120114,0.06876179,0.12339467,0.11516278,null,null,null,null,"TWOGAUSSIANS",8,3.1277585,0.26011187,0.0046971785,0.11568895,0.05137749,0.27052101,0.3958004,0.83900064,0.08750013,0.23587264,0.21623881,0.12339467,0.11518604
375316653866487564,5334548809905796352,0.58654404,2157.068021913464,0.5703432953287779,5.7160993E-5,15.945511,0.0013843005,0.4327325,0.005748889,0.025686141,0.002095774,0.46096662,0.061354406,null,null,null,null,null,null,null,null,null,null,"ONEGAUSSIAN",5,14.246471,0.4327325,0.005748889,0.1438424,0.011736334,0.46096662,0.0,null,null,null,null,null,null
375316653866487564,5334549153517390464,0.5654192,2199.063735806168,1.2930529090348253,7.652402E-6,16.744328,0.021525005,0.2564461,0.0018164124,0.08186485,0.005795581,0.47521847,0.018312722,0.7796628,0.005205372,0.090528674,0.008730214,0.29527715,0.020121709,null,null,null,null,"TWOGAUSSIANS",8,33.39115,0.2564461,0.0018164124,0.4,0.0,0.46786502,0.016063226,0.7796628,0.005205372,0.4,0.0,0.28792343,0.018626297
375316653866487564,5334550253015484160,0.5671294,2205.1947733301117,2.423186555275332,8.654889E-6,17.909721,0.010684709,0.22733898,0.0023567344,0.048065674,0.008027217,0.18015891,0.034571126,0.7301999,0.0055532907,0.050896186,0.006812184,0.20797877,0.0256104,0.10038781,0.014481588,0.22733898,0.0023567344,"TWOGAUSSIANS_WITH_ELLIPSOIDAL_ON_ECLIPSE1",9,6.8448806,0.7301999,0.0055532907,0.28501865,0.03814823,0.40868822,0.017354803,0.22733898,0.0023567344,0.26916778,0.04495242,0.38093323,0.032907527
375316653866487564,5334550356094689920,0.48068985,2206.925310856755,0.6180297270079759,2.4414683E-5,17.10256,0.01119407,0.2938299,0.010274075,0.040524628,0.027498499,0.16912104,0.054928616,0.7742186,0.005190965,0.026290044,0.007036782,0.14946419,0.07651346,0.045197587,0.017021196,0.7742186,0.005190965,"TWOGAUSSIANS_WITH_ELLIPSOIDAL_ON_ECLIPSE2",9,17.898674,0.29256988,0.010000032,0.2269379,0.1539916,0.25823787,0.06489118,0.7742186,0.005190965,0.14722425,0.039405975,0.23985924,0.07517627
375316653866487564,5334550665287048448,0.6311441,2195.3596727091767,3.4491603025495734,4.0783484E-6,18.646858,0.01152267,0.25244048,0.0015457863,0.043340463,0.0033135486,0.46032038,0.037078742,0.7503402,0.0023015407,0.04553682,0.0023348297,0.55821943,0.02630489,0.11902166,0.014147997,0.25244048,0.0015457863,"TWOGAUSSIANS_WITH_ELLIPSOIDAL_ON_ECLIPSE1",9,3.0446897,0.7504802,0.0021517351,0.2550062,0.013075045,0.7962237,0.012753823,0.25244048,0.0015457863,0.2427066,0.018555872,0.6983634,0.03513759
375316653866487564,5334550871446377856,0.49679017,2189.195990735935,2.6629628359625217,1.3825454E-5,19.789093,0.028887024,0.23421723,0.009912758,0.082979724,0.01161533,0.48171538,0.041289996,0.7440708,0.0034532403,0.07942528,0.008456126,0.43142092,0.028539518,null,null,null,null,"TWOGAUSSIANS",8,3.3187385,0.23421723,0.009912758,0.4,0.0,0.47510666,0.04059842,0.7440708,0.0034532403,0.4,0.0,0.4248122,0.025898766
375316653866487564,5334551077648899456,0.58919334,2186.766618769269,1.442840045332246,8.205582E-6,16.54037,0.007716194,0.2835978,0.0045339162,0.054205965,0.026183154,0.04225909,0.09678323,0.7819497,0.003367362,0.057804286,0.0047842097,0.22957246,0.02120882,0.04671963,0.009730883,0.2835978,0.0045339162,"TWOGAUSSIANS_WITH_ELLIPSOIDAL_ON_ECLIPSE1",9,13.200121,0.7821097,0.0029314542,0.323704,0.026791574,0.3229839,0.017064381,0.2835978,0.0045339162,0.3035534,0.14662567,0.13567957,0.09713023
375316653866487564,5334551524325905408,0.51982826,2204.5970145143688,2.7601137561704974,1.940798E-5,17.279625,0.009689063,0.20945108,0.011414024,0.04335536,0.010014851,0.07777627,0.022350539,0.75120527,0.004103262,0.04411349,0.021101985,0.06923885,0.029681379,0.067123584,0.014524327,0.75120527,0.004103262,"TWOGAUSSIANS_WITH_ELLIPSOIDAL_ON_ECLIPSE2",9,18.201914,0.21789108,0.0089662,0.24279003,0.05608316,0.20476653,0.0096521,0.75120527,0.004103262,0.24703555,0.11817112,0.20348553,0.027152041
375316653866487564,5334551593045414272,0.64762706,2231.963185617097,0.3961818024198063,1.9114045E-6,15.714003,0.0012815748,0.5330462,0.0014278141,0.012282646,0.0040097455,1.0498949,1.5963873,0.69581056,0.1956992,0.022622576,0.036926154,0.0022007637,0.17385545,0.0021312681,0.0019480269,0.5330462,0.0014278141,"TWOGAUSSIANS_WITH_ELLIPSOIDAL_ON_ECLIPSE1",9,6.7304044,0.5330462,0.0014022706,0.06878282,0.022454575,1.0541575,1.7685462,0.69581056,0.1956992,0.12668642,0.20678647,0.0033581431,2.6719296
375316653866487564,5334551794851875328,0.57553554,2185.0197402223275,3.153821601168817,7.73201E-6,15.811245,0.008659711,0.27816632,0.0022677123,0.101103425,0.004982634,0.27693754,0.009163748,0.7750816,0.002991011,0.0940707,0.005053128,0.24777178,0.008834233,null,null,null,null,"TWOGAUSSIANS",8,25.757942,0.27816632,0.0022677123,0.4,0.0,0.25801092,0.009468007,0.7750816,0.002991011,0.4,0.0,0.22884755,0.007447186
375316653866487564,5334551799203861760,0.6093403,2210.0443891350046,1.0906138538710957,3.5703076E-6,16.279861,0.00890744,0.30414957,0.0017228018,0.09960527,0.003952663,0.35554704,0.011289403,0.8017452,0.0015626906,0.08346588,0.0022124308,0.42683697,0.009474774,null,null,null,null,"TWOGAUSSIANS",8,10.616444,0.8017452,0.0015626906,0.4,0.0,0.40905666,0.0074150506,0.30414957,0.0017228018,0.4,0.0,0.33776435,0.011325594
375316653866487564,5334551833563632768,0.46104398,2200.580912836038,2.341607060878439,3.1419975E-5,18.975506,0.048422877,0.2577777,0.010508467,0.09335614,0.015966678,0.27031058,0.049911533,0.77989304,0.008787384,0.10858748,0.026661409,0.22395964,0.046230555,null,null,null,null,"TWOGAUSSIANS",8,7.5171695,0.2577577,0.01051361,0.4,0.0,0.25314265,0.023641773,0.77989304,0.008784377,0.4,0.0,0.20677622,0.025603702
375316653866487564,5334552035370082048,0.4391978,2197.03820654369,0.3308333000601696,1.5525066E-4,17.396067,0.0129842255,0.28116617,0.015702851,0.056130365,0.020553136,0.048020344,0.015885822,0.6877999,0.07790118,0.12569311,0.0765525,0.06652283,0.014876216,null,null,null,null,"TWOGAUSSIANS",8,6.7608066,0.6877999,0.07790118,0.4,0.0,0.06597989,0.013649801,0.2817762,0.013977745,0.31433004,0.11509756,0.047836177,0.015657637
375316653866487564,5334552035397046656,0.4560732,2188.594844860714,2.36173590413796,2.6647263E-5,19.12283,0.044830687,0.25906345,0.009573014,0.11078536,0.030570466,0.15060508,0.042736303,0.78232354,0.007825663,0.10634642,0.028557258,0.17278291,0.03786139,null,null,null,null,"TWOGAUSSIANS",8,2.1949735,0.7823535,0.0077884295,0.4,0.0,0.15515651,0.013198241,0.25904346,0.009539717,0.4,0.0,0.1329706,0.019444544
375316653866487564,5334552177116167680,0.5276653,2208.6386041634937,1.2789511646859018,4.0175226E-5,17.84043,0.0031572848,0.29045588,0.011707822,0.037154943,0.011451556,0.14231683,0.01895329,0.79915994,0.0024266113,0.040228978,0.0036654316,0.12672302,0.010219446,null,null,null,null,"TWOGAUSSIANS",8,2.426736,0.29045588,0.011707822,0.20806769,0.06412872,0.14231683,0.01895329,0.79915994,0.0024266113,0.22528227,0.020526418,0.12672302,0.010219446
