Gaia/vari_eclipsing_binary/VariEclipsingBinary_233068-233208.csv
# %ECSV 1.0
# ---
# delimiter: ','
# meta: !!omap
# - RELEASE: Gaia DR3
# - TABLE: vari_eclipsing_binary
# - DESCRIPTION: >
#     This table describes the properties of the eclipsing binaries resulting from the variability analysis. 
# - CITATION: >
#     How to cite and acknowledge Gaia: 
#     https://gea.esac.esa.int/archive/documentation/credits.html 
# - KNOWN_ISSUES: >
#     Known issues: 
#     https://www.cosmos.esa.int/web/gaia-users/known-issues 
# - DOCUMENTATION: >
#     Tutorials and documentation: 
#     https://www.cosmos.esa.int/web/gaia-users/archive 
# datatype:
# - 
#   name: solution_id
#   datatype: int64
#   description: Solution Identifier
#   meta:
#     ucd: meta.version
# - 
#   name: source_id
#   datatype: int64
#   description: Unique source identifier
#   meta:
#     ucd: meta.id;meta.main
# - 
#   name: global_ranking
#   datatype: float32
#   description: Number between 0 (worst) and 1 (best)
#   meta:
#     ucd: stat.param
# - 
#   name: reference_time
#   datatype: float64
#   unit: d
#   description: Reference time used for the geometric model fit
#   meta:
#     ucd: time.epoch
# - 
#   name: frequency
#   datatype: float64
#   unit: d**-1
#   description: Frequency of geometric model of the eclipsing binary light curve
#   meta:
#     ucd: src.orbital
# - 
#   name: frequency_error
#   datatype: float32
#   unit: d**-1
#   description: "Uncertainty of \\texttt{frequency}"
#   meta:
#     ucd: stat.error
# - 
#   name: geom_model_reference_level
#   datatype: float32
#   unit: mag
#   description: Magnitude reference level of geometric model
#   meta:
#     ucd: phot.mag;em.opt
# - 
#   name: geom_model_reference_level_error
#   datatype: float32
#   unit: mag
#   description: "Uncertainty of \\texttt{geomModelReferenceLevel}"
#   meta:
#     ucd: stat.error;phot.mag;em.opt
# - 
#   name: geom_model_gaussian1_phase
#   datatype: float32
#   description: Phase of the Gaussian 1 component
#   meta:
#     ucd: time.phase
# - 
#   name: geom_model_gaussian1_phase_error
#   datatype: float32
#   description: "Uncertainty of \\texttt{geomModelGaussian1Phase}"
#   meta:
#     ucd: stat.error;time.phase
# - 
#   name: geom_model_gaussian1_sigma
#   datatype: float32
#   description: "Standard deviation [phase] of Gaussian 1 component"
#   meta:
#     ucd: stat.stdev
# - 
#   name: geom_model_gaussian1_sigma_error
#   datatype: float32
#   description: "Uncertainty of \\texttt{geomModelGaussian1Sigma}"
#   meta:
#     ucd: stat.error
# - 
#   name: geom_model_gaussian1_depth
#   datatype: float32
#   unit: mag
#   description: Magnitude depth of Gaussian 1 component
#   meta:
#     ucd: src.var.amplitude
# - 
#   name: geom_model_gaussian1_depth_error
#   datatype: float32
#   unit: mag
#   description: "Uncertainty of \\texttt{geomModelGaussian1Depth}"
#   meta:
#     ucd: stat.error;src.var.amplitude
# - 
#   name: geom_model_gaussian2_phase
#   datatype: float32
#   description: Phase of Gaussian 2 component
#   meta:
#     ucd: time.phase
# - 
#   name: geom_model_gaussian2_phase_error
#   datatype: float32
#   description: "Uncertainty of \\texttt{geomModelGaussian2Phase}"
#   meta:
#     ucd: stat.error;time.phase
# - 
#   name: geom_model_gaussian2_sigma
#   datatype: float32
[...]
#   datatype: float32
#   description: "Secondary eclipse: uncertainty of \\texttt{derivedSecondaryEclDuration}"
#   meta:
#     ucd: stat.error;time.duration
# - 
#   name: derived_secondary_ecl_depth
#   datatype: float32
#   unit: mag
#   description: "Secondary eclipse: depth"
#   meta:
#     ucd: src.var.amplitude
# - 
#   name: derived_secondary_ecl_depth_error
#   datatype: float32
#   unit: mag
#   description: "Secondary eclipse: uncertainty of \\texttt{derivedSecondaryEclDepth}"
#   meta:
#     ucd: stat.error;src.var.amplitude
solution_id,source_id,global_ranking,reference_time,frequency,frequency_error,geom_model_reference_level,geom_model_reference_level_error,geom_model_gaussian1_phase,geom_model_gaussian1_phase_error,geom_model_gaussian1_sigma,geom_model_gaussian1_sigma_error,geom_model_gaussian1_depth,geom_model_gaussian1_depth_error,geom_model_gaussian2_phase,geom_model_gaussian2_phase_error,geom_model_gaussian2_sigma,geom_model_gaussian2_sigma_error,geom_model_gaussian2_depth,geom_model_gaussian2_depth_error,geom_model_cosine_half_period_amplitude,geom_model_cosine_half_period_amplitude_error,geom_model_cosine_half_period_phase,geom_model_cosine_half_period_phase_error,model_type,num_model_parameters,reduced_chi2,derived_primary_ecl_phase,derived_primary_ecl_phase_error,derived_primary_ecl_duration,derived_primary_ecl_duration_error,derived_primary_ecl_depth,derived_primary_ecl_depth_error,derived_secondary_ecl_phase,derived_secondary_ecl_phase_error,derived_secondary_ecl_duration,derived_secondary_ecl_duration_error,derived_secondary_ecl_depth,derived_secondary_ecl_depth_error
[from data line 288]
375316653866487564,2050678349327696256,0.536592,2190.7113125294795,2.4307628477152825,9.877518E-6,18.34678,0.00915501,0.2596463,0.0034843013,0.08559521,0.005171773,0.25132856,0.015732732,0.757558,0.0038095475,0.097791895,0.0058708703,0.22986007,0.015190375,null,null,null,null,"TWOGAUSSIANS",8,2.7811198,0.2596463,0.0034843013,0.4,0.0,0.24007024,0.015011041,0.757558,0.0038095475,0.4,0.0,0.21860078,0.014961193
375316653866487564,2050682339357220864,0.48143148,2219.530839370897,1.5349734899990801,1.8188888E-5,17.247198,0.03010994,0.19172461,0.0088773435,0.12354792,0.029293237,0.122038245,0.028122108,0.68837,0.0053540883,0.10185602,0.023602359,0.13790837,0.02416885,null,null,null,null,"TWOGAUSSIANS",8,8.369525,0.68837,0.0053540883,0.4,0.0,0.11682688,0.011682697,0.19172461,0.008883899,0.4,0.0,0.10089024,0.009837702
375316653866487564,2050684744538985472,0.5490225,2205.8530213406502,3.058451995095464,8.856639E-6,17.303326,0.011198165,0.29455185,0.0035446987,0.09065943,0.0064200535,0.23638016,0.013776952,0.7922413,0.0022434264,0.09092472,0.005243856,0.22626925,0.010760439,null,null,null,null,"TWOGAUSSIANS",8,5.0320067,0.29455185,0.0035446987,0.4,0.0,0.22630036,0.012487494,0.7922413,0.0022434264,0.4,0.0,0.21618944,0.0071372045
375316653866487564,2050685397373959936,0.5843106,2225.5040583527566,2.3268492154219738,7.744059E-6,17.073818,0.015050511,0.23430026,0.0021664286,0.09825129,0.0068608136,0.18490778,0.013964585,0.73363423,0.0026970126,0.13344087,0.01496971,0.10734797,0.014304323,null,null,null,null,"TWOGAUSSIANS",8,1.6408771,0.23430026,0.002186995,0.4,0.0,0.15981023,0.003316355,0.73363423,0.0026970126,0.4,0.0,0.08205936,0.002753983
375316653866487564,2050685809690828928,0.5677426,2242.2981801727165,1.3590858006353936,1.5195707E-5,15.861114,0.0037220102,0.7168496,0.0011026753,0.035524547,0.001406787,0.395994,0.021417474,null,null,null,null,null,null,0.025762053,0.0059300307,0.7168496,0.0011026753,"ONEGAUSSIAN_WITH_ELLIPSOIDAL",6,32.24786,0.7168496,0.0011026753,0.19893746,0.007878007,0.44751808,0.021165099,null,null,null,null,null,null
375316653866487564,2050687424597107712,0.57814395,2205.5576770508073,3.817861108475783,3.6101364E-6,19.522514,0.011615598,0.17802744,0.0018928654,0.03205569,0.004221598,0.597936,0.074661136,0.67667186,0.0014728443,0.03971312,0.002436908,0.5920302,0.07553732,0.15635146,0.01737959,0.17802744,0.0018928654,"TWOGAUSSIANS_WITH_ELLIPSOIDAL_ON_ECLIPSE1",9,1.885855,0.17802744,0.0018928654,0.17951186,0.02364095,0.9106388,0.07908461,0.67675185,0.001382478,0.22239347,0.013646685,0.9047117,0.070581056
375316653866487564,2050687527676327680,0.43944448,2240.2450366820617,0.2587170516093977,2.836654E-5,17.932028,0.0040511754,0.67662865,0.013136584,0.040639512,0.012383098,0.08640145,0.011926882,0.8408281,0.008680299,0.004885562,0.011236339,0.05728253,0.053952,null,null,null,null,"TWOGAUSSIANS",8,3.0485632,0.67662865,0.013136584,0.22758126,0.06934535,0.08640145,0.011926882,0.8408281,0.008680299,0.02735915,0.0629235,0.05730717,0.05393648
375316653866487564,2050691818340894976,0.6208805,2225.472846060036,3.975088315534949,7.4296E-6,18.15898,0.025907455,0.1306208,0.0024181483,0.053887278,0.007585243,0.47783294,0.05427827,0.62827426,0.0043805507,0.056934513,0.006756393,0.42836466,0.055214956,0.095276624,0.030721916,0.1306208,0.0024181483,"TWOGAUSSIANS_WITH_ELLIPSOIDAL_ON_ECLIPSE1",9,4.96355,0.1306208,0.0024181483,0.30176875,0.042477358,0.66835254,0.052749295,0.6285143,0.0041056983,0.31883326,0.0378358,0.6188471,0.0135092465
375316653866487564,2050692509838556160,0.6328409,2227.7515346021187,1.6848348787890297,4.5320867E-6,14.8775625,0.005151625,0.24823207,0.0016624818,0.050690953,0.004333199,0.110238776,0.011100294,0.75476176,0.0023968678,0.06360427,0.0030664247,0.2093257,0.013815608,0.08050288,0.0060208417,0.24823207,0.0016624818,"TWOGAUSSIANS_WITH_ELLIPSOIDAL_ON_ECLIPSE1",9,21.297659,0.75476176,0.0023968678,0.35618395,0.017171979,0.36999792,0.010575018,0.24823207,0.0016624818,0.28386933,0.024265915,0.27118185,0.0038058122
375316653866487564,2050695597912259712,0.56743556,2200.4147158231713,4.346500771165568,9.40817E-6,19.833956,0.01792506,0.20002556,0.0028368582,0.045790255,0.005458666,0.46977067,0.064125426,0.69400066,0.008914346,0.046242967,0.008879155,0.5343511,0.07772624,0.17478003,0.02762542,0.20002556,0.0028368582,"TWOGAUSSIANS_WITH_ELLIPSOIDAL_ON_ECLIPSE1",9,2.1864932,0.69460064,0.0077886474,0.2589606,0.049723268,0.88345987,0.0833589,0.20002556,0.0028368582,0.2564254,0.030568529,0.81933033,0.04745434
375316653866487564,2050695705294106368,0.6018305,2220.622804673857,3.125149475508699,7.2207E-6,17.428312,0.012294539,0.2507866,0.0037286947,0.0934762,0.0070946496,0.2931879,0.011162667,0.74853545,0.003785963,0.102924235,0.006998471,0.272666,0.014298457,null,null,null,null,"TWOGAUSSIANS",8,4.4846354,0.2507866,0.0037286947,0.4,0.0,0.27177268,0.007764268,0.74853545,0.003785963,0.4,0.0,0.25124705,0.014551926
375316653866487564,2050696083251535104,0.418899,2234.0495165916195,1.747969603470968,3.812873E-5,16.111185,0.27487913,0.32102522,0.06466718,0.21378689,0.20217025,0.1271066,0.26033685,0.71228755,0.019540548,0.03536689,0.02080124,0.16562504,0.055748478,null,null,null,null,"TWOGAUSSIANS",8,283.8651,0.71228755,0.019540548,0.19805458,0.11648695,0.17461707,0.058161072,0.32102522,0.06466718,0.4,0.0,0.110082544,0.02234825
375316653866487564,2050696736086590336,0.4867425,2234.43822254386,4.019251728658978,1.0903881E-6,17.426159,0.0064301924,0.25915602,1.3704949E-4,0.004785641,2.7384397E-4,0.413548,0.021105217,0.7465705,0.010357079,0.018332474,0.0032728014,1.1300266,0.57232946,null,null,null,null,"TWOGAUSSIANS",8,29.760584,0.7465705,0.010357079,0.102661856,0.018327687,1.1300266,0.57232946,0.25915602,1.3704949E-4,0.02679959,0.0015335262,0.413548,0.021105217
375316653866487564,2050698316634608384,0.48056382,2253.790854344561,1.289875836738142,3.0025027E-5,16.027191,5.104201E-6,0.20352818,7.304136E-6,0.011627386,9.893446E-6,0.058056664,1.867475E-5,0.56098276,1.4073003E-5,0.05303049,1.4263071E-5,0.26613554,1.1841988E-5,1.15618E-8,3.6162874E-4,0.20352818,7.304136E-6,"TWOGAUSSIANS_WITH_ELLIPSOIDAL_ON_ECLIPSE1",9,107.26348,0.56098276,5.6159475E-5,0.29697075,7.987319E-5,0.26613557,2.8167287E-4,0.20352818,7.304136E-6,0.065113366,5.5403296E-5,0.058056686,7.211843E-4
375316653866487564,2050698350994368896,0.6132252,2208.9596015928582,0.8069735134583674,2.4956353E-5,15.226608,0.0015030539,0.4002752,3.991071E-4,0.010210611,4.59395E-4,0.8894859,0.060062017,0.54962295,0.016458282,0.012836637,0.012344716,0.20104206,5.258831,null,null,null,null,"TWOGAUSSIANS",8,47.861187,0.4002752,3.991071E-4,0.05717942,0.002572612,0.8894859,0.060062017,0.54962295,0.016458282,0.07188517,0.069130406,0.20104206,5.258831
375316653866487564,2050698625872327296,0.59841925,2227.9036451340426,2.757454573047936,7.8583635E-6,17.074526,0.0042691114,0.23523758,0.0016640936,0.051459234,0.007539635,0.113508545,0.016062403,0.7650479,0.013334308,0.037556324,0.016557338,0.07586241,0.020435331,0.10982734,0.0076006423,0.23523758,0.0016640936,"TWOGAUSSIANS_WITH_ELLIPSOIDAL_ON_ECLIPSE1",9,7.914879,0.23523758,0.0016640936,0.2881717,0.042221956,0.33316186,0.0153850345,0.7650479,0.013334308,0.21031542,0.09272109,0.28789935,0.01865881
375316653866487564,2050700167757747456,0.54322356,2210.356665249044,3.4631835619545646,1.6862561E-5,18.228981,0.010461777,0.26658213,0.0042911833,0.09269632,0.009245668,0.1913134,0.010881744,0.7511098,0.0038881584,0.08553717,0.005361601,0.2568211,0.012698843,null,null,null,null,"TWOGAUSSIANS",8,4.316185,0.7511098,0.0038881584,0.4,0.0,0.25011522,0.010756939,0.26658213,0.0042911833,0.4,0.0,0.18460731,0.010579027
375316653866487564,2050700343859070080,0.5755644,2241.0111468051755,3.945851761342733,1.0209122E-5,15.541719,0.0072603174,0.32324067,0.0022321201,0.058030836,0.0053813327,0.15480138,0.016854785,0.8063279,0.009626446,0.052998394,0.008576805,0.09393745,0.020992914,0.0636804,0.009805147,0.32324067,0.0022321201,"TWOGAUSSIANS_WITH_ELLIPSOIDAL_ON_ECLIPSE1",9,45.786816,0.32324067,0.0022321201,0.3249727,0.030135462,0.2821475,0.007331748,0.81022793,0.00772341,0.29679102,0.048030104,0.22018005,0.011116145
375316653866487564,2050702882177379712,0.4832519,2226.6403417479933,2.6629315945643715,1.8530267E-5,19.072649,0.003913596,0.13957727,0.005456843,0.023008328,0.006024797,0.09007024,0.05479171,0.66461873,3.404389E-4,0.0073636603,7.581398E-4,0.60114044,0.24046591,null,null,null,null,"TWOGAUSSIANS",8,2.07129,0.66461873,3.404389E-4,0.041236497,0.004245583,0.60114044,0.24046591,0.13957727,0.005456843,0.12884663,0.033738863,0.09007024,0.05479171
375316653866487564,2050705051142983168,0.55505854,2242.866360880588,0.22465464888107614,6.152468E-5,15.296544,0.001347489,0.15506959,0.0038968294,0.026757626,0.006742203,0.7822036,1.9531513,0.7786222,0.023697913,0.02113867,0.020423556,0.003952405,412.21317,0.0033455268,0.0018399218,0.7786222,0.023697913,"TWOGAUSSIANS_WITH_ELLIPSOIDAL_ON_ECLIPSE2",9,36.604263,0.15510958,0.003925015,0.14984271,0.03775634,0.7856108,1.9527843,0.7786222,0.023697913,0.11837655,0.11437191,0.010643456,412.21298
375316653866487564,2050708688972829568,0.49879694,2215.4601107555236,3.859947451341934,2.1141017E-5,19.36271,0.08608304,0.2662059,0.006793287,0.119467944,0.026996175,0.33851853,0.07910164,0.7622179,0.0043774196,0.110330455,0.024079885,0.33882263,0.07776914,null,null,null,null,"TWOGAUSSIANS",8,3.0819287,0.7622179,0.0043774196,0.4,0.0,0.2778521,0.01645141,0.2662159,0.0068263253,0.4,0.0,0.2774644,0.019392915
375316653866487564,2050713641077832192,0.50110084,2276.422491767655,3.021817714280513,1.3667622E-5,14.906808,0.12230362,0.15979785,0.0035311386,0.16463588,0.016831618,0.6294858,0.1637006,0.6558843,0.0033056047,0.27268255,0.030875916,0.9775903,0.11729175,null,null,null,null,"TWOGAUSSIANS",8,37.91089,0.16367784,0.004374418,0.4,0.0,0.13850768,0.0094541265,0.6558843,0.0033056047,0.4,0.0,0.13732912,0.006283178
375316653866487564,2050714427049588352,0.5724954,2241.0223466595344,3.5315372017898485,1.120453E-5,18.598381,0.009493513,0.26052645,0.00409316,0.0783334,0.0044862344,0.33276236,0.018542906,0.75304335,0.0034350222,0.07769295,0.0052653486,0.40801787,0.011359519,null,null,null,null,"TWOGAUSSIANS",8,3.065897,0.75304335,0.0034350222,0.4,0.0,0.4043038,0.0112235,0.26052645,0.00409316,0.4,0.0,0.32904828,0.018369
375316653866487564,2050714637510359680,0.5464764,2259.498277457471,3.0617992541788444,6.5974737E-6,15.253039,0.019668456,0.20305663,0.0027314234,0.09541807,0.0071653943,0.29653734,0.018418178,0.7036846,0.002702072,0.1115489,0.007933381,0.27605024,0.018591443,null,null,null,null,"TWOGAUSSIANS",8,75.680084,0.20305663,0.0027314234,0.4,0.0,0.26608655,0.009968438,0.7036846,0.002702072,0.4,0.0,0.24557613,0.010469266
375316653866487564,2050715359058751360,0.536133,2208.103284323866,3.597165525120759,1.1787292E-5,16.878399,0.008174491,0.21973914,0.0022045756,0.060191244,0.005264049,0.3166009,0.031191364,0.71415955,0.0048926,0.07673962,0.004117141,0.40468523,0.013196388,null,null,null,null,"TWOGAUSSIANS",8,12.940193,0.71415955,0.0048926,0.4,0.0,0.40389457,0.012985039,0.21973914,0.0022045756,0.33707097,0.029478673,0.31581026,0.03154923
375316653866487564,2050718932471305856,0.48682436,2248.7390712789775,1.6217262277885178,5.336483E-5,19.663351,0.007217211,0.29810807,0.014547026,0.09990224,0.02364256,0.15548515,0.060757253,0.73841035,0.0086979205,0.031273585,0.0078948,0.45974216,0.10861655,null,null,null,null,"TWOGAUSSIANS",8,2.2980254,0.73841035,0.0086979205,0.17513208,0.04421088,0.4597137,0.10863409,0.29810807,0.014547026,0.4,0.0,0.15544726,0.06087587
375316653866487564,2050723948999754368,0.5368598,2235.7396779219152,3.1619814605025196,1.950976E-5,18.462036,0.013123635,0.24552134,0.005037359,0.08286804,0.009367892,0.23307742,0.014975442,0.75333726,0.0038224729,0.08682841,0.006689104,0.27934924,0.0135780955,null,null,null,null,"TWOGAUSSIANS",8,4.6939373,0.75333726,0.0038224729,0.4,0.0,0.27354193,0.011840108,0.24552134,0.005037359,0.4,0.0,0.22727017,0.0139053585
375316653866487564,2050732023538432768,0.6357901,2213.58333851418,2.0450280549514788,7.979982E-6,15.2386675,0.0062576924,0.264634,0.0021435556,0.04557303,0.008095256,0.091003396,0.014269776,0.76593035,0.0036782315,0.055009495,0.005637043,0.1659102,0.014871725,0.08596288,0.007382828,0.264634,0.0021435556,"TWOGAUSSIANS_WITH_ELLIPSOIDAL_ON_ECLIPSE1",9,22.630936,0.76593035,0.00350843,0.30805317,0.03156744,0.3378196,0.012720751,0.264634,0.0021435556,0.25520897,0.045333434,0.2629242,0.00534517
375316653866487564,2050732848172808320,0.63364685,2228.6357199735703,3.4742271142933365,6.033365E-6,16.62525,0.0062522944,0.3020101,0.0014229404,0.046872523,0.0064230533,0.4733626,0.047672104,0.80059403,0.0019609777,0.044959757,0.0021601447,0.31311664,0.015484355,0.12233216,0.008780226,0.3020101,0.0014229404,"TWOGAUSSIANS_WITH_ELLIPSOIDAL_ON_ECLIPSE1",9,17.925285,0.3020101,0.0014229404,0.26248613,0.035969097,0.7180265,0.051596202,0.8007541,0.0017267113,0.25177464,0.01209681,0.55776334,0.0074868677
375316653866487564,2050736077987536256,0.5353213,2211.4072551092363,2.9181745969277215,3.5418798E-5,15.028382,0.033351943,0.23925975,0.0072616236,0.09147091,0.011849928,0.3246376,0.032748293,0.7385016,0.011095493,0.10577051,0.026597343,0.28758225,0.02653168,null,null,null,null,"TWOGAUSSIANS",8,245.74216,0.23925975,0.007260091,0.4,0.0,0.3005063,0.013616038,0.7385016,0.011095493,0.4,0.0,0.26344308,0.026763553
375316653866487564,2050738203990602496,0.4292957,2194.231357498657,3.233833606689657,7.199378E-5,19.190083,0.020568911,0.4104669,0.015484615,0.1062717,0.033565424,0.15522532,0.021266306,0.80292463,0.051061686,0.09004711,0.043373987,0.041750286,0.02353545,null,null,null,null,"TWOGAUSSIANS",8,3.2333753,0.4104769,0.015483122,0.4,0.0,0.1538451,0.020354535,0.80292463,0.051061686,0.4,0.066330805,0.040536575,0.022070335
375316653866487564,2050745453895043584,0.6033241,2214.7818490104582,2.984967554623713,4.9027913E-6,18.382063,0.013616597,0.29676342,0.0033574812,0.057512764,0.006314753,0.35861838,0.035150826,0.7960861,0.0019678262,0.048476383,0.004523183,0.26690543,0.026971571,0.09898646,0.015348684,0.29676342,0.0033574812,"TWOGAUSSIANS_WITH_ELLIPSOIDAL_ON_ECLIPSE1",9,3.4703844,0.29676342,0.0033574812,0.32207146,0.035362616,0.5565617,0.024386723,0.79616606,0.0016512418,0.27146775,0.025329826,0.4648456,0.01756693
375316653866487564,2050747519780333440,0.597346,2203.0125097859736,3.1781100256637957,1.0709288E-5,15.848077,0.032117438,0.28648943,0.003718484,0.058909476,0.014859249,0.18064891,0.064343266,0.77828574,0.0042648325,0.06572366,0.010825291,0.18709625,0.06426745,0.102908604,0.033041585,0.28648943,0.003718484,"TWOGAUSSIANS_WITH_ELLIPSOIDAL_ON_ECLIPSE1",9,41.766293,0.78052574,0.002733863,0.36805248,0.05096925,0.39240986,0.0061583645,0.28648943,0.003718484,0.32989305,0.08216256,0.38636,0.015270432
375316653866487564,2050748168314539904,0.5374009,2173.4414589833445,0.6640692621947931,1.5883251E-6,18.582462,0.0069984463,0.41672596,2.5538664E-4,0.009892,4.9385446E-4,0.4869938,0.033675414,0.8136133,0.073702805,0.12699679,0.11992062,0.014063169,0.013974293,null,null,null,null,"TWOGAUSSIANS",8,1.5778188,0.41672596,2.5538664E-4,0.055395197,0.002765585,0.48708832,0.033779107,0.8136133,0.073702805,0.4,0.15608458,0.014051059,0.013825003
375316653866487564,2050753464015124352,0.54462147,2235.1417497809844,3.3245856635351645,1.7791097E-5,16.907171,0.006871821,0.25766057,0.006176642,0.093692996,0.009046155,0.14007151,0.008916312,0.7660157,0.0029599706,0.09276402,0.0049739573,0.17709148,0.0072509577,null,null,null,null,"TWOGAUSSIANS",8,6.928358,0.7660157,0.0029599706,0.4,0.0,0.16944547,0.0054694093,0.25766057,0.006176642,0.4,0.0,0.1324255,0.008261438
