Gaia/vari_eclipsing_binary/VariEclipsingBinary_358574-358905.csv
# %ECSV 1.0
# ---
# delimiter: ','
# meta: !!omap
# - RELEASE: Gaia DR3
# - TABLE: vari_eclipsing_binary
# - DESCRIPTION: >
#     This table describes the properties of the eclipsing binaries resulting from the variability analysis. 
# - CITATION: >
#     How to cite and acknowledge Gaia: 
#     https://gea.esac.esa.int/archive/documentation/credits.html 
# - KNOWN_ISSUES: >
#     Known issues: 
#     https://www.cosmos.esa.int/web/gaia-users/known-issues 
# - DOCUMENTATION: >
#     Tutorials and documentation: 
#     https://www.cosmos.esa.int/web/gaia-users/archive 
# datatype:
# - 
#   name: solution_id
#   datatype: int64
#   description: Solution Identifier
#   meta:
#     ucd: meta.version
# - 
#   name: source_id
#   datatype: int64
#   description: Unique source identifier
#   meta:
#     ucd: meta.id;meta.main
# - 
#   name: global_ranking
#   datatype: float32
#   description: Number between 0 (worst) and 1 (best)
#   meta:
#     ucd: stat.param
# - 
#   name: reference_time
#   datatype: float64
#   unit: d
#   description: Reference time used for the geometric model fit
#   meta:
#     ucd: time.epoch
# - 
#   name: frequency
#   datatype: float64
#   unit: d**-1
#   description: Frequency of geometric model of the eclipsing binary light curve
#   meta:
#     ucd: src.orbital
# - 
#   name: frequency_error
#   datatype: float32
#   unit: d**-1
#   description: "Uncertainty of \\texttt{frequency}"
#   meta:
#     ucd: stat.error
# - 
#   name: geom_model_reference_level
#   datatype: float32
#   unit: mag
#   description: Magnitude reference level of geometric model
#   meta:
#     ucd: phot.mag;em.opt
# - 
#   name: geom_model_reference_level_error
#   datatype: float32
#   unit: mag
#   description: "Uncertainty of \\texttt{geomModelReferenceLevel}"
#   meta:
#     ucd: stat.error;phot.mag;em.opt
# - 
#   name: geom_model_gaussian1_phase
#   datatype: float32
#   description: Phase of the Gaussian 1 component
#   meta:
#     ucd: time.phase
# - 
#   name: geom_model_gaussian1_phase_error
#   datatype: float32
#   description: "Uncertainty of \\texttt{geomModelGaussian1Phase}"
#   meta:
#     ucd: stat.error;time.phase
# - 
#   name: geom_model_gaussian1_sigma
#   datatype: float32
#   description: "Standard deviation [phase] of Gaussian 1 component"
#   meta:
#     ucd: stat.stdev
# - 
#   name: geom_model_gaussian1_sigma_error
#   datatype: float32
#   description: "Uncertainty of \\texttt{geomModelGaussian1Sigma}"
#   meta:
#     ucd: stat.error
# - 
#   name: geom_model_gaussian1_depth
#   datatype: float32
#   unit: mag
#   description: Magnitude depth of Gaussian 1 component
#   meta:
#     ucd: src.var.amplitude
# - 
#   name: geom_model_gaussian1_depth_error
#   datatype: float32
#   unit: mag
#   description: "Uncertainty of \\texttt{geomModelGaussian1Depth}"
#   meta:
#     ucd: stat.error;src.var.amplitude
# - 
#   name: geom_model_gaussian2_phase
#   datatype: float32
#   description: Phase of Gaussian 2 component
#   meta:
#     ucd: time.phase
# - 
#   name: geom_model_gaussian2_phase_error
#   datatype: float32
#   description: "Uncertainty of \\texttt{geomModelGaussian2Phase}"
#   meta:
#     ucd: stat.error;time.phase
# - 
#   name: geom_model_gaussian2_sigma
#   datatype: float32
[...]
#   datatype: float32
#   description: "Secondary eclipse: uncertainty of \\texttt{derivedSecondaryEclDuration}"
#   meta:
#     ucd: stat.error;time.duration
# - 
#   name: derived_secondary_ecl_depth
#   datatype: float32
#   unit: mag
#   description: "Secondary eclipse: depth"
#   meta:
#     ucd: src.var.amplitude
# - 
#   name: derived_secondary_ecl_depth_error
#   datatype: float32
#   unit: mag
#   description: "Secondary eclipse: uncertainty of \\texttt{derivedSecondaryEclDepth}"
#   meta:
#     ucd: stat.error;src.var.amplitude
solution_id,source_id,global_ranking,reference_time,frequency,frequency_error,geom_model_reference_level,geom_model_reference_level_error,geom_model_gaussian1_phase,geom_model_gaussian1_phase_error,geom_model_gaussian1_sigma,geom_model_gaussian1_sigma_error,geom_model_gaussian1_depth,geom_model_gaussian1_depth_error,geom_model_gaussian2_phase,geom_model_gaussian2_phase_error,geom_model_gaussian2_sigma,geom_model_gaussian2_sigma_error,geom_model_gaussian2_depth,geom_model_gaussian2_depth_error,geom_model_cosine_half_period_amplitude,geom_model_cosine_half_period_amplitude_error,geom_model_cosine_half_period_phase,geom_model_cosine_half_period_phase_error,model_type,num_model_parameters,reduced_chi2,derived_primary_ecl_phase,derived_primary_ecl_phase_error,derived_primary_ecl_duration,derived_primary_ecl_duration_error,derived_primary_ecl_depth,derived_primary_ecl_depth_error,derived_secondary_ecl_phase,derived_secondary_ecl_phase_error,derived_secondary_ecl_duration,derived_secondary_ecl_duration_error,derived_secondary_ecl_depth,derived_secondary_ecl_depth_error
[from data line 441]
375316653866487564,3155747905299759360,0.5130695,2197.9593241022185,3.6996734281398327,3.1500495E-5,18.545776,0.025201855,0.2954091,0.007862014,0.077705346,0.011062285,0.31388962,0.035641655,0.81345606,0.0139754815,0.077974595,0.013573679,0.4017641,0.065629244,null,null,null,null,"TWOGAUSSIANS",8,13.4099655,0.81345606,0.0139754815,0.4,0.012767345,0.39896706,0.06736709,0.2954091,0.007862014,0.4,6.098361E-4,0.3110926,0.03541347
375316653866487564,3155749829445263360,0.5659588,2145.7175389752047,4.040629899988344,8.67475E-6,17.553978,0.0037614785,0.23133063,0.0010134963,0.026982259,0.0012859908,0.30430752,0.0061066244,0.5082676,8.8852056E-4,0.020294871,0.0012875756,0.15278977,0.005503478,null,null,null,null,"TWOGAUSSIANS",8,5.225585,0.23133063,0.0010134963,0.15110065,0.0072015487,0.30430752,0.0061066244,0.5082676,8.8852056E-4,0.113651276,0.0072104232,0.15278977,0.005503478
375316653866487564,3155751513072488320,0.5916835,2076.0335266456627,4.062534016380702,1.1366194E-5,18.870434,0.009465186,0.28659603,0.00317523,0.06730507,0.00397947,0.49281803,0.016989632,0.784908,0.005332007,0.071909085,0.004849346,0.5744951,0.018949028,null,null,null,null,"TWOGAUSSIANS",8,2.623403,0.784908,0.005332007,0.4,0.005714181,0.5728814,0.01925253,0.28659603,0.00317523,0.37690842,0.022285033,0.49120438,0.01694918
375316653866487564,3155752268986784896,0.5158179,2181.104801916159,0.07864792244153525,1.3756627E-5,18.851984,0.0037950038,0.16367373,0.025577173,0.03469833,0.028547347,0.1603319,0.10220194,0.6794225,0.0052698683,0.041175775,0.0058524017,0.15708071,0.02550439,null,null,null,null,"TWOGAUSSIANS",8,1.2123054,0.16367373,0.025577173,0.19431065,0.15986514,0.1603319,0.102202095,0.6794225,0.0052698683,0.23058434,0.03277345,0.15708071,0.025504382
375316653866487564,3155756495234617984,0.5641791,2151.732291187483,4.264656299939422,2.284415E-5,17.097698,0.045290157,0.30015218,0.005216934,0.11164323,0.017150098,0.25612918,0.039894868,0.8003988,0.004756366,0.12543193,0.02134774,0.20823179,0.043780375,null,null,null,null,"TWOGAUSSIANS",8,3.8084083,0.30015218,0.005237267,0.4,0.0,0.20699067,0.011040635,0.8003988,0.0047603124,0.4,0.0,0.15896825,0.005998944
375316653866487564,3155757805202017152,0.48438278,2220.835052637664,4.998294519165648,1.6792431E-4,17.466358,0.003482392,0.5234261,0.049354214,0.08168474,0.03627646,0.05024366,0.019136362,0.75933516,0.0026965044,0.0052747903,7.8795955E-4,0.4439972,0.22326156,null,null,null,null,"TWOGAUSSIANS",8,8.361761,0.75933516,0.0026965044,0.029538827,0.0044125733,0.4447733,0.22323257,0.5234261,0.049354214,0.4,0.11637053,0.05024366,0.01913636
375316653866487564,3155758389317552768,0.5268565,2266.1989949732556,3.820124294235097,4.870166E-5,16.020329,0.015773432,0.2960419,0.041443337,0.068574846,0.03377135,0.2431595,0.07198692,0.7853778,0.008778894,0.040343255,0.01159423,0.19803192,0.04077448,0.098133184,0.023991741,0.7853778,0.008778894,"TWOGAUSSIANS_WITH_ELLIPSOIDAL_ON_ECLIPSE2",9,175.15419,0.2935819,0.03431719,0.38401914,0.15948924,0.43857366,0.049518164,0.7853778,0.008778894,0.22592223,0.06492769,0.39412355,0.023503263
375316653866487564,3155781096805908864,0.48531088,2261.0444644170157,0.2208605088789022,1.9688927E-5,18.248682,0.028463531,0.18715565,0.015849806,0.13458912,0.032912094,0.1235319,0.027816432,0.7574757,0.009490573,0.08841581,0.014582184,0.13600755,0.026444254,null,null,null,null,"TWOGAUSSIANS",8,3.2488804,0.7585057,0.008386917,0.4,0.0,0.12729654,0.018787513,0.18714565,0.015840055,0.4,0.0,0.1140413,0.015883442
375316653866487564,3155786529943153792,0.6384118,2245.5635977859874,1.6407275312930303,5.6906974E-6,15.117673,0.0036744215,0.1926532,8.6453534E-4,0.07394189,0.0016154316,0.2833713,0.004485452,0.69752836,0.0064077424,0.095635235,0.0062687737,0.1540323,0.0047132713,null,null,null,null,"TWOGAUSSIANS",8,10.193084,0.1926532,8.6453534E-4,0.4,0.0,0.27868697,0.0045059253,0.69752836,0.0064077424,0.4,0.0,0.1493476,0.0049354834
375316653866487564,3155792817775188736,0.5243588,2200.7543431235226,0.07957752942014257,7.666372E-5,16.363544,0.008114893,0.7867737,0.0025386347,0.023015615,0.004385205,0.822921,1.5859659,0.5667732,0.09802182,0.1899242,0.09856733,0.030520879,0.008415067,null,null,null,null,"TWOGAUSSIANS",8,6.138779,0.78671366,0.0025715958,0.12888744,0.024557147,0.836626,1.5887392,0.5667732,0.09802182,0.4,0.0,0.028612668,0.00535101
375316653866487564,3155794497105599104,0.60856014,2235.845404293053,4.487833844149171,4.893322E-6,18.667145,0.025441883,0.34625497,0.009538856,0.054179613,0.021192798,0.3124285,0.120733,0.84925944,0.004787637,0.049956057,0.006961624,0.42362693,0.08380802,0.11473634,0.027935816,0.34625497,0.009538856,"TWOGAUSSIANS_WITH_ELLIPSOIDAL_ON_ECLIPSE1",9,1.9914958,0.84925944,0.0043770326,0.27975392,0.038985092,0.6530084,0.087305576,0.34625497,0.009538856,0.30340582,0.10945665,0.5418917,0.11801936
375316653866487564,3155802468564996608,0.5505744,2227.578220141477,3.2666766426730893,1.2725071E-5,17.24805,0.015952181,0.358869,0.00607088,0.08748704,0.008488802,0.3102305,0.024501499,0.8527429,0.0046122866,0.09748476,0.008773243,0.2592321,0.015629139,null,null,null,null,"TWOGAUSSIANS",8,9.588385,0.358869,0.00607088,0.4,0.0,0.29691115,0.022545325,0.8527429,0.0046122866,0.4,0.0,0.24591176,0.011486512
375316653866487564,3155804603165347072,0.4919138,2197.7738693331116,1.062589809298122,1.7815875E-5,15.188283,0.0020691704,0.7780482,0.006973388,0.044295803,0.0101899225,0.071438104,0.021779638,null,null,null,null,null,null,0.025020445,0.0030455706,0.7780482,0.006973388,"ONEGAUSSIAN_WITH_ELLIPSOIDAL",6,19.365194,0.7780482,0.006973388,0.2480565,0.05706357,0.12147898,0.021712169,null,null,null,null,null,null
375316653866487564,3155807725605087872,0.53597784,2211.6289388002356,0.952016108816469,1.0068413E-4,18.840313,0.0068072095,0.2708292,0.011363864,0.020507187,0.005588215,0.046311025,0.023046663,0.7824243,0.027527824,0.06834919,0.025017032,0.9624263,4.528129,null,null,null,null,"TWOGAUSSIANS",8,3.887014,0.7824243,0.027527824,0.38275546,0.092133984,0.96242625,4.5281305,0.2708292,0.011363864,0.11484025,0.031294003,0.046310972,0.023045903
375316653866487564,3155815254684084608,0.4839505,2240.9102940987696,1.9798871334338062,4.9738403E-5,17.481283,0.033389065,0.30209658,0.01893417,0.07092138,0.055432223,0.22760057,0.09797228,0.6373778,0.0010952147,0.012499798,0.0014301339,0.099533394,0.013730881,0.051316805,0.044899184,0.30209658,0.01893417,"TWOGAUSSIANS_WITH_ELLIPSOIDAL_ON_ECLIPSE1",9,35.03339,0.30209658,0.01893417,0.3971597,0.29640114,0.32980642,0.09923689,0.6382778,3.3696656E-4,0.06999887,0.00800875,0.12611593,0.016139772
375316653866487564,3155816457272985344,0.44265333,2174.7327856356087,3.6345749858801835,5.1065857E-5,19.443731,0.05050388,0.25553387,0.04125476,0.08329848,0.04195396,0.23051535,0.09134344,0.73225677,0.01767246,0.10253767,0.03754305,0.17067654,0.057438172,null,null,null,null,"TWOGAUSSIANS",8,2.6868713,0.25553387,0.041291274,0.4,0.08002837,0.22317855,0.088120185,0.73225677,0.01767246,0.4,0.0,0.16333593,0.0433794
375316653866487564,3155820889678997376,0.5670075,2244.1508644841088,4.302910583516883,1.7112923E-5,18.882938,0.019198792,0.23539586,0.0054962235,0.07249768,0.006803921,0.4314878,0.019126067,0.7343995,0.004237536,0.0907933,0.011649368,0.39282265,0.01729394,null,null,null,null,"TWOGAUSSIANS",8,2.7093787,0.23539586,0.0054962235,0.4,0.018344954,0.42414477,0.0142414775,0.7343995,0.004237536,0.4,0.0,0.38547942,0.014844347
375316653866487564,3155828581964371584,0.6017098,2247.8744381047773,3.934993359410528,1.6632675E-5,17.952568,0.016528342,0.27661258,0.0034770684,0.08347201,0.005857392,0.4345755,0.016097426,0.7848159,0.006781406,0.08633757,0.011928431,0.52138877,0.037159037,null,null,null,null,"TWOGAUSSIANS",8,4.5751033,0.7848159,0.006781406,0.4,0.0,0.51056904,0.040175863,0.27661258,0.0034770684,0.4,0.0,0.4237558,0.012004385
375316653866487564,3155833224827365888,0.50568795,2191.6941097267527,0.16303733981384666,4.1778094E-5,16.22028,0.28068712,0.23672305,0.014862149,0.20421575,0.08068197,0.4457914,0.2828319,0.77304083,0.019752745,0.11150513,0.030467175,0.49401122,0.21459085,null,null,null,null,"TWOGAUSSIANS",8,3.7822106,0.7787009,0.015449032,0.4,0.0,0.33766118,0.045901343,0.23643304,0.0141849015,0.4,0.0,0.2409599,0.047728997
375316653866487564,3155834594918727808,0.5186833,2231.341247002282,1.4299820596732613,1.0601711E-5,16.46249,0.015274176,0.28802815,0.0038521881,0.10071009,0.01845219,0.14567609,0.015361817,0.79751366,0.00381306,0.09214841,0.009423902,0.15593031,0.014378999,null,null,null,null,"TWOGAUSSIANS",8,6.9618206,0.79751366,0.0038109263,0.4,0.0,0.1467602,0.0081491,0.28802815,0.0038521881,0.4,0.0,0.1365047,0.019536767
375316653866487564,3155836214124561024,0.68976724,2206.9154630452385,1.4962305573778645,5.7650495E-6,14.880897,0.0028432268,0.20080112,7.226204E-4,0.040816266,0.0011311405,0.49577102,0.015202282,null,null,null,null,null,null,0.03405913,0.003468573,0.20080112,7.226204E-4,"ONEGAUSSIAN_WITH_ELLIPSOIDAL",6,13.338375,0.20080112,7.226204E-4,0.22857109,0.0063343868,0.5638892,0.015191224,null,null,null,null,null,null
375316653866487564,3155837347996376576,0.44769102,2294.183503411852,0.20786867859992295,2.8545144E-5,15.161958,0.004948051,0.45804977,0.008048223,0.011389093,0.009463948,0.07857525,0.031892557,0.76567775,0.010044663,0.12537424,0.01309124,0.11714789,0.014659244,null,null,null,null,"TWOGAUSSIANS",8,9.267801,0.76567775,0.010044663,0.4,0.0,0.117065445,0.014719437,0.45823976,0.00761815,0.063778915,0.05299811,0.08427628,0.031657588
375316653866487564,3155839886319578880,0.4951635,2203.61507852803,0.04794900929658068,2.4732073E-5,18.521534,0.005225184,0.20246924,0.05565292,0.03201687,0.021586215,0.44312185,0.64283913,0.69429064,1.28860465E-5,0.012699058,4.3985466E-4,1.3165866,0.15047358,null,null,null,null,"TWOGAUSSIANS",8,1.7122726,0.69429064,1.28860465E-5,0.07111473,0.0024631862,1.3165866,0.15047358,0.20246924,0.05565292,0.17929447,0.1208828,0.44312185,0.64283913
375316653866487564,3155843940767775872,0.43673596,2247.3544137277077,0.15731728332636907,4.7002064E-5,17.43234,0.28054327,0.3894349,0.05553642,0.115599476,0.069492176,0.37567154,2.2398932,0.78309476,0.04495726,0.17259194,0.15162513,0.20091757,0.25949374,null,null,null,null,"TWOGAUSSIANS",8,5.5936747,0.3967549,0.04074408,0.4,0.13486989,0.33810657,2.2809186,0.78309476,0.04495726,0.4,0.0,0.14847909,0.031475373
375316653866487564,3155844627962606464,0.5539074,2216.7855044502576,3.2699662904879814,1.432974E-5,14.949317,0.030826906,0.22616577,0.0030706017,0.09942824,0.010099848,0.33115816,0.026433272,0.73685366,0.007032395,0.103261575,0.013688307,0.3643567,0.043115903,null,null,null,null,"TWOGAUSSIANS",8,127.50807,0.73685366,0.007032395,0.4,0.0,0.33527797,0.04407069,0.22616577,0.003073141,0.4,0.0,0.3020836,0.011372407
375316653866487564,3155846556405576448,0.662044,2193.807051719611,0.23721829936555555,1.0361441E-6,15.374308,0.0013328072,0.4831186,3.5172125E-6,0.005146755,1.0633114E-5,1.04511,3.3380228E-4,null,null,null,null,null,null,null,null,null,null,"ONEGAUSSIAN",5,10.667972,0.4831186,3.5172125E-6,0.028821826,5.9545433E-5,1.04511,0.0,null,null,null,null,null,null
375316653866487564,3155849163447823360,0.58603966,2173.319283182835,0.9891435754249182,1.6987491E-5,17.802149,0.0036872383,0.6345401,0.062462114,0.13029106,0.028306609,0.029906759,0.006356969,0.28756687,0.0015457278,0.015854193,5.5542914E-4,0.7352129,0.063550435,null,null,null,null,"TWOGAUSSIANS",8,2.519516,0.28757685,0.0015420441,0.08878349,0.0031104032,0.7360377,0.06344692,0.6345401,0.062462114,0.4,0.0,0.029868834,0.006304835
375316653866487564,3155853909389803520,0.6502658,2273.7167591430793,3.208005085702344,9.9577455E-6,16.7404,0.0066283504,0.259933,0.0022245168,0.045382164,0.0046478338,0.18905564,0.026267221,0.753736,0.0018697121,0.048403732,0.002559317,0.30984145,0.022281991,0.113321684,0.010756619,0.259933,0.0022245168,"TWOGAUSSIANS_WITH_ELLIPSOIDAL_ON_ECLIPSE1",9,6.280881,0.754476,0.0014845739,0.27106088,0.014332176,0.5361819,0.021641389,0.259933,0.0022245168,0.25414014,0.026027868,0.41569865,0.021789882
375316653866487564,3155856035395724032,0.5019847,2206.0425989079313,0.7727463200648736,1.2889421E-5,18.383478,0.011101315,0.20362537,0.0103580495,0.06457824,0.017538141,0.28717372,0.23842268,0.71250963,0.011210389,0.02882146,0.023156503,0.4256472,0.014531447,null,null,null,null,"TWOGAUSSIANS",8,18.965136,0.71250963,0.011210389,0.16140018,0.12967642,0.425647,0.014506304,0.20362537,0.0103580495,0.36163813,0.09821359,0.2871735,0.23842557
375316653866487564,3155856589446681728,0.46195444,2222.6115180911993,3.1134285734021097,1.1677292E-4,19.401907,0.040894516,0.21649009,0.0051968074,0.05510932,0.010017657,0.7218873,0.16501369,0.7363376,0.015473682,0.09481443,0.034575585,0.28296152,0.18943667,null,null,null,null,"TWOGAUSSIANS",8,8.358951,0.21649009,0.0051968074,0.30861217,0.05609888,0.7200412,0.1669836,0.7363376,0.015473682,0.4,0.019643204,0.2811146,0.19095701
375316653866487564,3155859024692974080,0.55046964,2253.291591337196,2.9667296471300597,4.791086E-5,18.966677,0.016503887,0.24220598,0.0073535466,0.06951819,0.008331949,0.5213935,0.10910333,0.74278176,0.013238673,0.06484364,0.008521125,0.63772714,0.10176829,null,null,null,null,"TWOGAUSSIANS",8,5.757714,0.74278176,0.013238673,0.36312437,0.047626935,0.6366158,0.10163296,0.24220598,0.0073535466,0.3893019,0.031983193,0.5202821,0.10974608
375316653866487564,3155863766337773184,0.5382141,2224.7917695118363,0.047982112905750794,4.175328E-5,18.534973,0.040186156,0.2475089,0.008330696,0.14199871,0.021913446,0.23547316,0.040958617,0.6936668,0.026352726,0.053088523,0.045481134,0.23581295,0.1638139,null,null,null,null,"TWOGAUSSIANS",8,2.2809203,0.6936668,0.026352726,0.29729575,0.23683442,0.23017439,0.17137831,0.2475089,0.008330696,0.4,0.0,0.22802609,0.023405842
375316653866487564,3155867064872671104,0.56422126,2240.505472669374,3.019840019662764,2.5277443E-5,16.211199,0.06652766,0.3002951,0.004608758,0.14047475,0.052207604,0.13725245,0.059261877,0.79067254,0.003619671,0.12673678,0.025967818,0.198196,0.065251075,null,null,null,null,"TWOGAUSSIANS",8,3.8343358,0.79067254,0.003619671,0.4,0.0,0.14629692,0.011844751,0.30050513,0.004455369,0.4,0.0,0.08502548,0.007855006
375316653866487564,3155881672058310400,0.6031721,2241.826474111165,2.1295357723589903,1.0108048E-5,16.240963,0.0012075454,0.61598045,1.0879352E-4,0.04863423,1.6202455E-4,1.117061,0.0013713524,null,null,null,null,null,null,null,null,null,null,"ONEGAUSSIAN",5,4.5834346,0.61598045,1.0879352E-4,0.27235168,9.0733747E-4,1.117061,0.0,null,null,null,null,null,null
375316653866487564,3155882737210168832,0.4871947,2188.1301813711293,3.444077427535328,2.051534E-5,18.834648,0.021401433,0.7771753,0.0029273657,0.04097872,0.006386394,0.58388776,0.20842981,null,null,null,null,null,null,0.18887451,0.034967348,0.7771753,0.0029273657,"ONEGAUSSIAN_WITH_ELLIPSOIDAL",6,19.061317,0.7771753,0.0029273657,0.22948082,0.035763808,0.9616365,0.21629319,null,null,null,null,null,null
375316653866487564,3155885314190399616,0.4920439,2204.0446907096184,0.09585268973986383,6.259114E-6,16.798244,0.0040917415,0.32680878,0.012941021,0.11614094,0.014505031,0.10491786,0.024087988,0.9470721,0.001899631,0.013574409,0.0030625705,0.04087003,0.010066939,null,null,null,null,"TWOGAUSSIANS",8,1.9554789,0.32680878,0.012941021,0.4,0.0,0.104898036,0.024106648,0.94713205,0.0019193727,0.076016694,0.017150395,0.041351277,0.010188278
