Gaia/vari_eclipsing_binary/VariEclipsingBinary_666471-666503.csv
# %ECSV 1.0
# ---
# delimiter: ','
# meta: !!omap
# - RELEASE: Gaia DR3
# - TABLE: vari_eclipsing_binary
# - DESCRIPTION: >
#     This table describes the properties of the eclipsing binaries resulting from the variability analysis. 
# - CITATION: >
#     How to cite and acknowledge Gaia: 
#     https://gea.esac.esa.int/archive/documentation/credits.html 
# - KNOWN_ISSUES: >
#     Known issues: 
#     https://www.cosmos.esa.int/web/gaia-users/known-issues 
# - DOCUMENTATION: >
#     Tutorials and documentation: 
#     https://www.cosmos.esa.int/web/gaia-users/archive 
# datatype:
# - 
#   name: solution_id
#   datatype: int64
#   description: Solution Identifier
#   meta:
#     ucd: meta.version
# - 
#   name: source_id
#   datatype: int64
#   description: Unique source identifier
#   meta:
#     ucd: meta.id;meta.main
# - 
#   name: global_ranking
#   datatype: float32
#   description: Number between 0 (worst) and 1 (best)
#   meta:
#     ucd: stat.param
# - 
#   name: reference_time
#   datatype: float64
#   unit: d
#   description: Reference time used for the geometric model fit
#   meta:
#     ucd: time.epoch
# - 
#   name: frequency
#   datatype: float64
#   unit: d**-1
#   description: Frequency of geometric model of the eclipsing binary light curve
#   meta:
#     ucd: src.orbital
# - 
#   name: frequency_error
#   datatype: float32
#   unit: d**-1
#   description: "Uncertainty of \\texttt{frequency}"
#   meta:
#     ucd: stat.error
# - 
#   name: geom_model_reference_level
#   datatype: float32
#   unit: mag
#   description: Magnitude reference level of geometric model
#   meta:
#     ucd: phot.mag;em.opt
# - 
#   name: geom_model_reference_level_error
#   datatype: float32
#   unit: mag
#   description: "Uncertainty of \\texttt{geomModelReferenceLevel}"
#   meta:
#     ucd: stat.error;phot.mag;em.opt
# - 
#   name: geom_model_gaussian1_phase
#   datatype: float32
#   description: Phase of the Gaussian 1 component
#   meta:
#     ucd: time.phase
# - 
#   name: geom_model_gaussian1_phase_error
#   datatype: float32
#   description: "Uncertainty of \\texttt{geomModelGaussian1Phase}"
#   meta:
#     ucd: stat.error;time.phase
# - 
#   name: geom_model_gaussian1_sigma
#   datatype: float32
#   description: "Standard deviation [phase] of Gaussian 1 component"
#   meta:
#     ucd: stat.stdev
# - 
#   name: geom_model_gaussian1_sigma_error
#   datatype: float32
#   description: "Uncertainty of \\texttt{geomModelGaussian1Sigma}"
#   meta:
#     ucd: stat.error
# - 
#   name: geom_model_gaussian1_depth
#   datatype: float32
#   unit: mag
#   description: Magnitude depth of Gaussian 1 component
#   meta:
#     ucd: src.var.amplitude
# - 
#   name: geom_model_gaussian1_depth_error
#   datatype: float32
#   unit: mag
#   description: "Uncertainty of \\texttt{geomModelGaussian1Depth}"
#   meta:
#     ucd: stat.error;src.var.amplitude
# - 
#   name: geom_model_gaussian2_phase
#   datatype: float32
#   description: Phase of Gaussian 2 component
#   meta:
#     ucd: time.phase
# - 
#   name: geom_model_gaussian2_phase_error
#   datatype: float32
#   description: "Uncertainty of \\texttt{geomModelGaussian2Phase}"
#   meta:
#     ucd: stat.error;time.phase
# - 
#   name: geom_model_gaussian2_sigma
#   datatype: float32
[...]
#   datatype: float32
#   description: "Secondary eclipse: uncertainty of \\texttt{derivedSecondaryEclDuration}"
#   meta:
#     ucd: stat.error;time.duration
# - 
#   name: derived_secondary_ecl_depth
#   datatype: float32
#   unit: mag
#   description: "Secondary eclipse: depth"
#   meta:
#     ucd: src.var.amplitude
# - 
#   name: derived_secondary_ecl_depth_error
#   datatype: float32
#   unit: mag
#   description: "Secondary eclipse: uncertainty of \\texttt{derivedSecondaryEclDepth}"
#   meta:
#     ucd: stat.error;src.var.amplitude
solution_id,source_id,global_ranking,reference_time,frequency,frequency_error,geom_model_reference_level,geom_model_reference_level_error,geom_model_gaussian1_phase,geom_model_gaussian1_phase_error,geom_model_gaussian1_sigma,geom_model_gaussian1_sigma_error,geom_model_gaussian1_depth,geom_model_gaussian1_depth_error,geom_model_gaussian2_phase,geom_model_gaussian2_phase_error,geom_model_gaussian2_sigma,geom_model_gaussian2_sigma_error,geom_model_gaussian2_depth,geom_model_gaussian2_depth_error,geom_model_cosine_half_period_amplitude,geom_model_cosine_half_period_amplitude_error,geom_model_cosine_half_period_phase,geom_model_cosine_half_period_phase_error,model_type,num_model_parameters,reduced_chi2,derived_primary_ecl_phase,derived_primary_ecl_phase_error,derived_primary_ecl_duration,derived_primary_ecl_duration_error,derived_primary_ecl_depth,derived_primary_ecl_depth_error,derived_secondary_ecl_phase,derived_secondary_ecl_phase_error,derived_secondary_ecl_duration,derived_secondary_ecl_duration_error,derived_secondary_ecl_depth,derived_secondary_ecl_depth_error
[from data line 719]
375316653866487564,5862622976048616064,0.51791805,2244.7924671676205,0.9978499334464351,2.2207565E-5,18.575064,0.0069318013,0.1890349,0.0035508333,0.03892981,0.013018299,0.13491611,0.05530031,0.6820433,0.00345756,0.04367233,0.0028216464,0.32728535,0.022663444,null,null,null,null,"TWOGAUSSIANS",8,5.52128,0.6820433,0.00345756,0.24456505,0.01580122,0.32728535,0.022663437,0.1890349,0.0035508333,0.21800692,0.07290247,0.1349161,0.055300366
375316653866487564,5862623182207073024,0.50699127,2194.7280055655065,0.7420262097202295,4.184564E-5,16.817894,0.0035201616,0.32147935,0.0039740233,0.023627087,0.0043773307,0.1536634,0.010002872,0.6748677,0.076085426,0.060815454,0.09951376,0.008436403,0.0046048556,null,null,null,null,"TWOGAUSSIANS",8,5.3777056,0.32147935,0.0039740233,0.13231169,0.024513053,0.1536634,0.010012159,0.6748677,0.076085426,0.34056655,0.27005792,0.008436403,0.00460435
375316653866487564,5862623835042078720,0.49496567,2216.773442526078,0.9020590330164512,1.03424E-5,16.475174,0.0029708203,0.21807778,7.2649715E-4,0.008168973,7.276938E-4,0.25694788,6.5864786E-4,0.71790975,0.02445319,0.0054179044,0.0056766025,0.44388744,6.6370406,null,null,null,null,"TWOGAUSSIANS",8,49.686935,0.71790975,0.02445319,0.030340264,0.03178897,0.44388744,6.6370406,0.21807778,7.2649715E-4,0.04574625,0.004075085,0.25694788,6.5864786E-4
375316653866487564,5862623869408613376,0.49199495,2207.40199603476,3.05910915587619,1.3433634E-5,19.242323,0.022611428,0.2586041,0.006867065,0.10432544,0.012948173,0.27375558,0.024653845,0.76501477,0.0034922175,0.09188542,0.00822477,0.29044804,0.021610126,null,null,null,null,"TWOGAUSSIANS",8,2.4405367,0.76501477,0.0034913996,0.4,0.0,0.2703747,0.013240866,0.2586041,0.006867065,0.4,0.0,0.25367656,0.020265967
375316653866487564,5862625793547283968,0.60197216,2210.5584377072983,0.056630459994095314,2.4712543E-5,18.31805,0.0040367083,0.22682296,0.004009696,0.01340037,0.0027446626,0.77561927,0.07193863,null,null,null,null,null,null,0.03887046,0.005770388,0.22682296,0.004009696,"ONEGAUSSIAN_WITH_ELLIPSOIDAL",6,2.7220354,0.22682296,0.004009696,0.07504208,0.015370111,0.8533601,0.07204308,null,null,null,null,null,null
375316653866487564,5862626991794160384,0.47221103,2226.3103399616616,0.5175010237893486,4.6600053E-5,18.566336,0.0026294794,0.41270202,0.017398953,0.051512945,0.012173855,0.25824282,0.11101222,null,null,null,null,null,null,null,null,null,null,"ONEGAUSSIAN",5,2.5793598,0.41270202,0.017398953,0.2884725,0.06817359,0.25824282,0.0,null,null,null,null,null,null
375316653866487564,5862628129978066304,0.546982,2186.995151295282,1.1548123022764611,9.972341E-6,19.684048,0.008085767,0.29871038,0.0045313938,0.03933414,0.047858175,0.021517001,0.05416899,0.79030144,0.0027587467,0.03878112,0.0039013505,0.34163412,0.039712522,0.11915847,0.0149125755,0.29871038,0.0045313938,"TWOGAUSSIANS_WITH_ELLIPSOIDAL_ON_ECLIPSE1",9,1.8979791,0.7909415,0.002405042,0.21717428,0.021847563,0.5793369,0.039428394,0.29871038,0.0045313938,0.22027119,0.26800576,0.2598337,0.046179
375316653866487564,5862629019010288256,0.57082206,2177.3181720730922,0.46779824023864186,6.084165E-6,15.324946,0.0021285329,0.18358769,0.0019636285,0.034810003,0.0025058456,0.25025797,0.034413256,0.6871396,0.021426247,0.03734401,0.015078632,0.111816466,0.010081336,0.037787244,0.0029717067,0.18358769,0.0019636285,"TWOGAUSSIANS_WITH_ELLIPSOIDAL_ON_ECLIPSE1",9,16.437502,0.18358769,0.0019636285,0.19493602,0.0140327355,0.32583237,0.03644191,0.6871396,0.021426247,0.20912644,0.084440336,0.18735325,0.008107286
375316653866487564,5862629401288749440,0.47913998,2146.7506964768413,2.6684684821256996,3.9634753E-5,19.569798,0.021994513,0.28538176,0.005625382,0.061171252,0.008834738,0.42186832,0.047904212,0.7845365,0.005563724,0.06064033,0.007985582,0.40964174,0.04780688,null,null,null,null,"TWOGAUSSIANS",8,6.7586107,0.28538176,0.005625382,0.342559,0.049474534,0.42169094,0.048040494,0.7845365,0.005563724,0.33958584,0.04471926,0.40946436,0.047843855
375316653866487564,5862629573118612480,0.6963945,2203.1180622600086,0.19312389682959596,1.8816394E-6,14.337527,6.260309E-4,0.22892186,2.4660397E-4,0.012556139,3.9669173E-4,0.3685088,0.0084549235,0.72860694,4.6668618E-4,0.012882349,3.0242768E-4,0.3501341,0.0044470346,null,null,null,null,"TWOGAUSSIANS",8,14.782596,0.22892186,2.4660397E-4,0.07031438,0.0022214737,0.3685088,0.0084549235,0.72860694,4.6668618E-4,0.072141156,0.0016935951,0.3501341,0.0044470346
375316653866487564,5862630535160251776,0.4242838,2259.1623887077494,1.5642271016640898,2.0938098E-5,19.527761,0.029946852,0.28584036,0.027787097,0.039098866,0.049658626,0.544905,0.23684004,0.64601845,0.006090135,0.009342904,0.0048596445,0.23014465,0.31776863,0.029786984,0.02990802,0.28584036,0.027787097,"TWOGAUSSIANS_WITH_ELLIPSOIDAL_ON_ECLIPSE1",9,6.6195254,0.28584036,0.027787097,0.21895364,0.18155257,0.60447884,0.21932213,0.64615846,0.006051718,0.052320264,0.02721401,0.25444117,0.3196122
375316653866487564,5862630638270515968,0.550943,2204.942762131953,0.13859238427973855,2.5835334E-5,17.64101,0.0017041556,0.17542249,0.00669801,0.016040811,0.006593113,0.9002214,0.6229975,null,null,null,null,null,null,0.03891881,0.0018913462,0.17542249,0.00669801,"ONEGAUSSIAN_WITH_ELLIPSOIDAL",6,2.9371338,0.17542249,0.00669801,0.08982854,0.03692143,0.97805905,0.62363887,null,null,null,null,null,null
375316653866487564,5862631050556420480,0.4975169,2220.8017187861933,1.9256191414249768,2.487268E-5,18.603855,0.004095372,0.252068,0.0028958297,0.05788527,0.0038676069,0.26382363,0.018253509,0.7408417,0.015867416,0.07053154,0.009907854,0.08068377,0.022916244,null,null,null,null,"TWOGAUSSIANS",8,3.2779849,0.252068,0.0028958297,0.3241575,0.0216586,0.26372606,0.018284595,0.7408417,0.015867416,0.39497662,0.043778777,0.08058619,0.02296999
