Gaia/vari_eclipsing_binary/VariEclipsingBinary_490555-490578.csv
# %ECSV 1.0
# ---
# delimiter: ','
# meta: !!omap
# - RELEASE: Gaia DR3
# - TABLE: vari_eclipsing_binary
# - DESCRIPTION: >
#     This table describes the properties of the eclipsing binaries resulting from the variability analysis. 
# - CITATION: >
#     How to cite and acknowledge Gaia: 
#     https://gea.esac.esa.int/archive/documentation/credits.html 
# - KNOWN_ISSUES: >
#     Known issues: 
#     https://www.cosmos.esa.int/web/gaia-users/known-issues 
# - DOCUMENTATION: >
#     Tutorials and documentation: 
#     https://www.cosmos.esa.int/web/gaia-users/archive 
# datatype:
# - 
#   name: solution_id
#   datatype: int64
#   description: Solution Identifier
#   meta:
#     ucd: meta.version
# - 
#   name: source_id
#   datatype: int64
#   description: Unique source identifier
#   meta:
#     ucd: meta.id;meta.main
# - 
#   name: global_ranking
#   datatype: float32
#   description: Number between 0 (worst) and 1 (best)
#   meta:
#     ucd: stat.param
# - 
#   name: reference_time
#   datatype: float64
#   unit: d
#   description: Reference time used for the geometric model fit
#   meta:
#     ucd: time.epoch
# - 
#   name: frequency
#   datatype: float64
#   unit: d**-1
#   description: Frequency of geometric model of the eclipsing binary light curve
#   meta:
#     ucd: src.orbital
# - 
#   name: frequency_error
#   datatype: float32
#   unit: d**-1
#   description: "Uncertainty of \\texttt{frequency}"
#   meta:
#     ucd: stat.error
# - 
#   name: geom_model_reference_level
#   datatype: float32
#   unit: mag
#   description: Magnitude reference level of geometric model
#   meta:
#     ucd: phot.mag;em.opt
# - 
#   name: geom_model_reference_level_error
#   datatype: float32
#   unit: mag
#   description: "Uncertainty of \\texttt{geomModelReferenceLevel}"
#   meta:
#     ucd: stat.error;phot.mag;em.opt
# - 
#   name: geom_model_gaussian1_phase
#   datatype: float32
#   description: Phase of the Gaussian 1 component
#   meta:
#     ucd: time.phase
# - 
#   name: geom_model_gaussian1_phase_error
#   datatype: float32
#   description: "Uncertainty of \\texttt{geomModelGaussian1Phase}"
#   meta:
#     ucd: stat.error;time.phase
# - 
#   name: geom_model_gaussian1_sigma
#   datatype: float32
#   description: "Standard deviation [phase] of Gaussian 1 component"
#   meta:
#     ucd: stat.stdev
# - 
#   name: geom_model_gaussian1_sigma_error
#   datatype: float32
#   description: "Uncertainty of \\texttt{geomModelGaussian1Sigma}"
#   meta:
#     ucd: stat.error
# - 
#   name: geom_model_gaussian1_depth
#   datatype: float32
#   unit: mag
#   description: Magnitude depth of Gaussian 1 component
#   meta:
#     ucd: src.var.amplitude
# - 
#   name: geom_model_gaussian1_depth_error
#   datatype: float32
#   unit: mag
#   description: "Uncertainty of \\texttt{geomModelGaussian1Depth}"
#   meta:
#     ucd: stat.error;src.var.amplitude
# - 
#   name: geom_model_gaussian2_phase
#   datatype: float32
#   description: Phase of Gaussian 2 component
#   meta:
#     ucd: time.phase
# - 
#   name: geom_model_gaussian2_phase_error
#   datatype: float32
#   description: "Uncertainty of \\texttt{geomModelGaussian2Phase}"
#   meta:
#     ucd: stat.error;time.phase
# - 
#   name: geom_model_gaussian2_sigma
#   datatype: float32
[...]
#   datatype: float32
#   description: "Secondary eclipse: uncertainty of \\texttt{derivedSecondaryEclDuration}"
#   meta:
#     ucd: stat.error;time.duration
# - 
#   name: derived_secondary_ecl_depth
#   datatype: float32
#   unit: mag
#   description: "Secondary eclipse: depth"
#   meta:
#     ucd: src.var.amplitude
# - 
#   name: derived_secondary_ecl_depth_error
#   datatype: float32
#   unit: mag
#   description: "Secondary eclipse: uncertainty of \\texttt{derivedSecondaryEclDepth}"
#   meta:
#     ucd: stat.error;src.var.amplitude
solution_id,source_id,global_ranking,reference_time,frequency,frequency_error,geom_model_reference_level,geom_model_reference_level_error,geom_model_gaussian1_phase,geom_model_gaussian1_phase_error,geom_model_gaussian1_sigma,geom_model_gaussian1_sigma_error,geom_model_gaussian1_depth,geom_model_gaussian1_depth_error,geom_model_gaussian2_phase,geom_model_gaussian2_phase_error,geom_model_gaussian2_sigma,geom_model_gaussian2_sigma_error,geom_model_gaussian2_depth,geom_model_gaussian2_depth_error,geom_model_cosine_half_period_amplitude,geom_model_cosine_half_period_amplitude_error,geom_model_cosine_half_period_phase,geom_model_cosine_half_period_phase_error,model_type,num_model_parameters,reduced_chi2,derived_primary_ecl_phase,derived_primary_ecl_phase_error,derived_primary_ecl_duration,derived_primary_ecl_duration_error,derived_primary_ecl_depth,derived_primary_ecl_depth_error,derived_secondary_ecl_phase,derived_secondary_ecl_phase_error,derived_secondary_ecl_duration,derived_secondary_ecl_duration_error,derived_secondary_ecl_depth,derived_secondary_ecl_depth_error
[from data line 624]
375316653866487564,4315133266975405568,0.5632865,2098.4447274470826,2.3437374357212026,1.0379898E-5,18.45916,0.01502429,0.22422217,0.0057253484,0.08594537,0.006636076,0.44618845,0.03246764,0.7323341,0.0030308743,0.08114478,0.006351212,0.33584818,0.017254287,null,null,null,null,"TWOGAUSSIANS",8,3.479132,0.22422217,0.0057253484,0.4,0.0,0.43856543,0.032061893,0.7323341,0.0030308743,0.4,0.0,0.32822523,0.017005492
375316653866487564,4315133408746814464,0.5070044,2101.212371638756,3.274528717749012,1.6113041E-5,19.590168,0.020881178,0.19935337,0.007308118,0.07179857,0.013407187,0.32992178,0.01885503,0.701123,0.0047370573,0.07174205,0.009880367,0.41991177,0.040026058,null,null,null,null,"TWOGAUSSIANS",8,3.3014038,0.701123,0.0047370573,0.4,0.030758508,0.41825956,0.0410439,0.19935337,0.007308118,0.4,0.047227923,0.3282696,0.017097518
375316653866487564,4315133511844177024,0.43499005,2128.1542377684923,3.857914177566222,5.3029442E-5,18.244713,0.0053036273,0.16894221,0.003126634,0.024055885,0.0047490597,0.0483665,0.009452466,0.8211789,0.014001489,0.029898088,0.015030613,0.20530301,0.14196523,null,null,null,null,"TWOGAUSSIANS",8,7.570304,0.8211789,0.014001489,0.1674293,0.08417144,0.20530301,0.14196523,0.16894221,0.003126634,0.13471296,0.026594736,0.0483665,0.009452466
375316653866487564,4315133580563619328,0.42787722,2123.438455223524,4.291993375899237,3.2962074E-5,18.740181,0.016916178,0.42735052,0.017302869,0.15106827,0.035101395,0.11187769,0.019614978,0.7954547,0.0016348541,0.024064384,0.004141605,0.3137748,0.18787959,null,null,null,null,"TWOGAUSSIANS",8,4.690693,0.7954547,0.0016348541,0.13476056,0.023192987,0.31860417,0.18699723,0.42735052,0.017302869,0.4,0.0,0.11094208,0.019532671
375316653866487564,4315133821064268416,0.43769777,2139.90356196127,0.08510738562418121,2.7396089E-5,18.188873,0.95369273,0.33661926,0.005392959,0.22931099,0.20665507,0.5605075,0.9327538,0.837852,0.0063763764,0.09839432,0.025888514,0.45896187,0.24456574,null,null,null,null,"TWOGAUSSIANS",8,10.348187,0.838082,0.006573184,0.4,0.0,0.26308563,0.034492347,0.33661926,0.005392959,0.4,0.0,0.26066542,0.032018308
375316653866487564,4315133851091003136,0.46135932,2134.831803231269,0.036898588302267325,2.9798015E-5,18.733078,0.0029562674,0.41243085,0.02362391,0.036460042,0.017273836,0.18137415,0.0367707,0.72154987,0.0038245805,0.062730215,0.0042126034,0.9419464,0.29689983,null,null,null,null,"TWOGAUSSIANS",8,3.8543012,0.72154987,0.0038245805,0.35128918,0.023590578,0.9419464,0.29689983,0.41243085,0.02362391,0.20417623,0.09673349,0.18137917,0.036765635
375316653866487564,4315133889801349632,0.5129403,2131.499069810731,2.2895070481396442,1.2199108E-5,17.367672,0.0069094636,0.2615721,0.008507204,0.024022035,0.011154314,0.05563922,0.022951828,0.7299794,0.0030790374,0.0457752,0.012072827,0.098929934,0.025468338,0.12874004,0.016691282,0.7299794,0.0030790374,"TWOGAUSSIANS_WITH_ELLIPSOIDAL_ON_ECLIPSE2",9,31.750256,0.7299794,0.0030790374,0.25634113,0.06760783,0.35640997,0.0258668,0.25603208,0.008640125,0.13452339,0.062464155,0.3048212,0.020934192
375316653866487564,4315134022889700992,0.4574611,2109.859968023087,2.551399643487052,5.1759132E-5,18.091387,0.5010145,0.21954146,0.008962952,0.1729879,0.05550983,0.48786837,0.43806577,0.730245,0.008024478,0.17698935,0.0506186,0.49219343,0.45646766,null,null,null,null,"TWOGAUSSIANS",8,12.007576,0.733535,0.006558711,0.4,0.0,0.16938235,0.01792474,0.21598145,0.0072683045,0.4,0.0,0.16832495,0.02299338
375316653866487564,4315134503926263552,0.49360448,2118.042623975709,2.866187644927586,1.6672602E-5,18.717173,0.0041361027,0.22186376,0.0046228566,0.0036563987,0.005111111,0.016739437,0.01850511,null,null,null,null,null,null,0.10737732,0.0063846577,0.22186376,0.0046228566,"ONEGAUSSIAN_WITH_ELLIPSOIDAL",6,5.914652,0.22186376,0.0046228566,0.020475833,0.02862222,0.23149398,0.021254146,null,null,null,null,null,null
375316653866487564,4315134851874207616,0.5334964,2116.3796875276194,3.549836594453253,9.183442E-6,17.023855,0.5492242,0.22544234,0.004093319,0.2200849,0.057972375,0.9330449,0.5241425,0.7310866,0.003384585,0.17306353,0.02380782,0.84614384,0.41107196,null,null,null,null,"TWOGAUSSIANS",8,3.8467152,0.73533666,0.0025236597,0.4,0.0,0.21136864,0.008993763,0.22263233,0.0031751655,0.4,0.0,0.18289426,0.008119364
375316653866487564,4315134920576907776,0.45903307,2113.695207214237,1.2713781763870091,1.7745193E-5,18.53571,0.017359149,0.209283,0.0042867824,0.086258054,0.013825387,0.13803639,0.014693273,0.6810259,0.013090984,0.09769081,0.022899583,0.10702239,0.02122996,null,null,null,null,"TWOGAUSSIANS",8,3.4354713,0.209283,0.0042822366,0.4,0.0,0.13415031,0.010564774,0.6810259,0.013090984,0.4,0.0,0.103135385,0.018547881
375316653866487564,4315135332910900864,0.59376854,2149.4934237503576,0.6895625555849476,3.0098605E-5,15.953947,4.7988823E-4,0.5139999,0.0013686973,0.026284147,0.0017585218,0.13122319,0.0045823446,null,null,null,null,null,null,null,null,null,null,"ONEGAUSSIAN",5,2.0575778,0.5139999,0.0013686973,0.14719123,0.009847722,0.13122319,0.0,null,null,null,null,null,null
375316653866487564,4315135534712213888,0.47074452,2121.6866825879447,4.704520155186402,9.2145005E-5,18.305784,0.004171592,0.09440466,0.006424644,0.012139746,0.0052311905,0.042730387,0.014824115,0.7408609,0.02641885,0.01316337,0.015858648,0.4282916,190.68515,0.01093055,0.0057001254,0.7408609,0.02641885,"TWOGAUSSIANS_WITH_ELLIPSOIDAL_ON_ECLIPSE2",9,3.7882724,0.7408609,0.02641885,0.073714875,0.08880843,0.45015267,190.68568,0.09486466,0.0062423986,0.06798258,0.029294666,0.05077962,0.015104656
375316653866487564,4315135917026124544,0.54037863,2168.9440997288157,2.5739287928378243,1.2784501E-5,18.805923,0.009256789,0.23899809,0.0045197727,0.09213227,0.0061667613,0.27128887,0.010363009,0.73883116,0.0046289,0.086399205,0.006396194,0.27494425,0.011141528,null,null,null,null,"TWOGAUSSIANS",8,2.4849172,0.73883116,0.0046289,0.4,0.0,0.26416275,0.010222258,0.23899809,0.0045197727,0.4,0.0,0.26050717,0.008591145
375316653866487564,4315135985745608064,0.66327626,2152.7664759695426,0.36987304041224517,3.094396E-6,17.110449,0.0038393205,0.266698,0.0015203791,0.009802285,0.0075556925,0.2101562,7.77974,0.7575125,4.874568E-4,0.021216286,5.7275064E-4,1.307031,0.03896775,0.027682483,0.0072015957,0.266698,0.0015203791,"TWOGAUSSIANS_WITH_ELLIPSOIDAL_ON_ECLIPSE1",9,18.114386,0.7575225,4.8755147E-4,0.118811205,0.0032074037,1.3622121,0.042402953,0.266698,0.0015203791,0.054892793,0.042311877,0.2655211,7.7801795
375316653866487564,4315136191889301760,0.49626404,2155.7982352911868,2.83970615936525,2.4172932E-5,19.021255,0.008171479,0.23246703,0.012293622,0.0786261,0.007256865,0.17196329,0.013682745,0.72466886,0.00846079,0.07754257,0.01441619,0.17818354,0.023205716,null,null,null,null,"TWOGAUSSIANS",8,2.6457763,0.72466886,0.00846079,0.4,0.0018350998,0.17641218,0.024569418,0.23246703,0.012293622,0.4,0.0,0.17019193,0.012546063
375316653866487564,4315136359352739456,0.54343784,2120.5111235401732,2.2461901790014247,1.6977288E-5,18.831594,0.018273879,0.26265305,0.0049371445,0.067838244,0.0057664216,0.4564148,0.017629413,0.74898165,0.0046574664,0.07595659,0.0055308933,0.7780572,0.036368925,null,null,null,null,"TWOGAUSSIANS",8,15.867425,0.74898165,0.0046574664,0.4,0.0,0.7760143,0.03642401,0.26265305,0.0049371445,0.3798942,0.031863004,0.4543719,0.016813299
375316653866487564,4315136702959808640,0.47244832,2152.144228974247,2.716323307375589,1.298648E-5,19.288994,0.0043036416,null,null,null,null,null,null,null,null,null,null,null,null,0.09322385,0.0074966107,0.25860214,0.0041941847,"ELLIPSOIDAL",4,2.30554,null,null,null,null,null,null,null,null,null,null,null,null
375316653866487564,4315136810379636608,0.6009086,2159.104927521929,0.5019913143217464,2.1045384E-5,15.630287,0.0017027996,0.23101941,0.004487583,0.039562356,0.0044543305,0.17294171,0.016470693,0.72923666,0.004727114,0.028049538,0.0082124155,0.13381235,0.15540749,0.021417925,0.0024843612,0.23101941,0.004487583,"TWOGAUSSIANS_WITH_ELLIPSOIDAL_ON_ECLIPSE1",9,7.791295,0.23101941,0.004487583,0.2215492,0.024944251,0.21577756,0.016624143,0.72926664,0.0046900217,0.1570774,0.04598953,0.17664292,0.15865053
375316653866487564,4315137291415789440,0.48495832,2140.5050219897503,4.16570428350459,5.2744934E-5,19.014809,0.0023837786,0.2943629,4.5269175E-4,0.010191334,0.004817013,0.21084622,7.538796,0.6278902,6.3238834E-4,0.0059920223,4.7117617E-4,0.24745622,0.0072015207,null,null,null,null,"TWOGAUSSIANS",8,1.6373905,0.6278902,6.3238834E-4,0.033555325,0.0026385866,0.24745622,0.0072015207,0.2943629,4.5269175E-4,0.05707147,0.026975274,0.21084622,7.538796
375316653866487564,4315137909876170368,0.47327656,2112.773610179006,3.2134647743934157,3.6854562E-5,19.794588,0.01034679,0.27172992,0.009381675,0.07485467,0.012989144,0.21676078,0.019283036,0.75895107,0.007185834,0.074487954,0.011291662,0.271495,0.02809708,null,null,null,null,"TWOGAUSSIANS",8,1.7445787,0.75895107,0.007185834,0.4,0.029390588,0.2701598,0.02871198,0.27172992,0.009381675,0.4,0.0132053895,0.21542558,0.019808538
375316653866487564,4315138390927465728,0.4130368,2110.189683366086,0.6778894812350271,4.499073E-5,18.577265,0.016037999,0.5034681,0.012664606,0.036328726,0.022349395,0.20885223,0.039683517,0.69797856,0.02369637,0.08482065,0.05643721,0.13368587,0.03873789,null,null,null,null,"TWOGAUSSIANS",8,11.391619,0.5051781,0.011616078,0.20344086,0.12515661,0.21871705,0.036697086,0.69797856,0.02369637,0.4,0.0,0.13368598,0.038890716
375316653866487564,4315139456079223296,0.6113963,2174.2923625107273,1.60692281260153,4.011502E-6,14.828689,0.007838547,0.22434613,0.001140728,0.09015508,0.0055408357,0.18863547,0.0056006406,0.7261287,0.0027972916,0.10051368,0.0056345183,0.1977637,0.009845409,null,null,null,null,"TWOGAUSSIANS",8,18.39787,0.7261287,0.0027972916,0.4,0.0,0.18566062,0.00963219,0.22434613,0.001140728,0.4,0.0,0.176534,0.0037837056
375316653866487564,4315139486087497600,0.44646016,2154.4286077518495,3.010884005536158,2.3308285E-5,19.214289,0.025386184,0.29113653,0.006594643,0.03799689,0.005027561,0.8060811,0.24920367,0.792393,0.01692495,0.047898635,0.013298243,0.80762315,0.17296574,null,null,null,null,"TWOGAUSSIANS",8,23.360023,0.792393,0.01692495,0.26823235,0.07447016,0.8076231,0.17296585,0.29113653,0.006594643,0.21278258,0.02815434,0.80608106,0.24920371
375316653866487564,4315139971475891200,0.5557696,2161.3923915991013,2.083739407093642,1.1652896E-5,16.88278,0.016443053,0.20254768,0.0031580697,0.090099975,0.01024404,0.3761973,0.04303124,0.7025015,0.0056205583,0.08109001,0.0066604908,0.445316,0.02232462,null,null,null,null,"TWOGAUSSIANS",8,30.93075,0.7025015,0.0056205583,0.4,0.0,0.4339071,0.021511696,0.20254768,0.0031580697,0.4,0.0,0.36478826,0.047962084
375316653866487564,4315140315056310784,0.48195532,2198.2211952122934,0.054811531095979416,4.8746228E-5,16.956429,0.0036116296,0.0980339,0.003914556,0.025833193,0.004004975,0.034928754,0.005039818,0.49110505,0.0014385161,0.040500186,0.0024738966,0.21030211,0.025784206,null,null,null,null,"TWOGAUSSIANS",8,2.8215141,0.49110505,0.0014385161,0.22680105,0.013853822,0.21030211,0.025784206,0.0980339,0.003914556,0.14466588,0.022427859,0.034928754,0.005039818
375316653866487564,4315140516874509184,0.41881442,2156.454498380345,2.892514657815204,8.0185375E-5,18.430773,0.010664412,0.15900756,0.016851876,0.071787015,0.01873149,0.11120232,0.015219926,0.69672436,0.019239243,0.10757935,0.019746488,0.079089805,0.016680421,null,null,null,null,"TWOGAUSSIANS",8,9.703781,0.15899757,0.016840903,0.4,0.06851322,0.109239794,0.013414486,0.69672436,0.019239243,0.4,0.0,0.077119246,0.016122604
375316653866487564,4315141139691933696,0.4202153,2172.6449863258686,2.371247529714118,3.2156055E-5,17.787008,0.007532097,0.15956086,0.017331097,0.058771886,0.021222206,0.07702814,0.019834891,0.53121597,0.004926201,0.050738595,0.009599257,0.05984106,0.0084913215,null,null,null,null,"TWOGAUSSIANS",8,6.3531613,0.15956086,0.017331097,0.32912257,0.11884435,0.077028126,0.019834846,0.53121597,0.004926201,0.28413615,0.053755842,0.05984105,0.008491176
375316653866487564,4315141139691933824,0.43445614,2166.6899511655265,0.6270166931723281,8.075756E-5,17.966059,0.0057692775,0.24568872,0.004861365,0.04036864,0.0054745725,0.093628325,0.006753264,0.6450257,0.03914169,0.062383622,0.033002563,0.1766683,0.09132124,null,null,null,null,"TWOGAUSSIANS",8,4.308153,0.6450257,0.03914169,0.34934828,0.12855484,0.17666829,0.091321595,0.24568872,0.0048611206,0.22606438,0.030657608,0.09362831,0.00675385
375316653866487564,4315141620743203456,0.46381673,2179.9488348145906,0.048148927583882714,7.174316E-5,19.307457,0.00808597,0.32845834,0.0032739926,0.025626615,0.002019107,0.24319465,0.034384936,0.62866604,0.008292037,0.06799527,0.006302311,0.21051049,0.025557784,null,null,null,null,"TWOGAUSSIANS",8,4.165308,0.32845834,0.0032739926,0.14350903,0.011306999,0.24320696,0.03438408,0.62866604,0.008292037,0.3807735,0.035051893,0.21051049,0.025557784
375316653866487564,4315141689462401920,0.51996106,2118.703173447701,3.331147401741311,7.251669E-6,19.507322,0.009005473,0.2716721,0.005204981,0.07518593,0.0063005174,0.393306,0.019554228,0.7720462,0.0023442134,0.075121954,0.0040447973,0.33362058,0.018202532,null,null,null,null,"TWOGAUSSIANS",8,1.503304,0.2716721,0.005204981,0.4,0.0,0.39046475,0.019698527,0.7720462,0.0023442134,0.4,0.0,0.3307793,0.018483097
375316653866487564,4315141689462409472,0.6078772,2133.8509755760365,2.917072169611326,4.9863556E-6,17.022139,0.017774347,0.14578696,0.001839996,0.053891275,0.0043023825,0.3508743,0.036868937,0.6370133,0.0027489525,0.061751887,0.005299857,0.42171985,0.035905316,0.094556615,0.020254912,0.14578696,0.001839996,"TWOGAUSSIANS_WITH_ELLIPSOIDAL_ON_ECLIPSE1",9,14.517037,0.6380533,0.002331917,0.34581056,0.029679198,0.6102551,0.013696291,0.14578696,0.001839996,0.30179116,0.024093343,0.53991556,0.010752106
375316653866487564,4315141723822149760,0.43070346,2163.8947335984267,0.14444709699350972,2.5150759E-5,17.672174,0.08862184,0.31749448,0.0101483865,0.09678449,0.015302651,0.3788215,0.084028706,0.844118,0.023368526,0.15010077,0.048810493,0.20382403,0.10282332,null,null,null,null,"TWOGAUSSIANS",8,4.8143363,0.3170045,0.010109565,0.4,0.0,0.3302748,0.030918192,0.844128,0.023355467,0.4,0.0,0.15343131,0.051102743
375316653866487564,4315141895620846848,0.55059385,2176.4602471189546,0.8389809354162973,1.786198E-5,15.98357,0.0021915233,0.3115187,0.006947915,0.044990394,0.005605454,0.289373,0.06012119,0.81475675,0.010767791,0.042259373,0.0074425065,0.047409754,0.0053265975,null,null,null,null,"TWOGAUSSIANS",8,15.366576,0.3115187,0.006947915,0.2519462,0.031390544,0.28937298,0.06012127,0.81475675,0.010767791,0.23665248,0.041678037,0.047409743,0.005326592
375316653866487564,4315142136139029888,0.5964746,2138.6839855735407,0.2817087846874269,8.337434E-6,18.083616,0.0029294323,0.2300188,0.0019385888,0.0155723225,0.0035697408,0.6155908,0.066881865,0.72865343,3.9165266E-4,0.014399892,3.3245175E-4,0.49279463,0.0075723506,null,null,null,null,"TWOGAUSSIANS",8,5.873666,0.2300188,0.0019385888,0.08720501,0.019990548,0.6155908,0.066881865,0.72865343,3.9165266E-4,0.08063939,0.0018617298,0.49279463,0.0075723506
375316653866487564,4315142376642909696,0.54197276,2098.8548308005975,3.071607052919678,1.7157201E-5,19.619473,0.028941117,0.20409618,0.002867071,0.07686812,0.010584831,0.3168143,0.02118171,0.6944912,0.024293303,0.07850222,0.03976348,0.37387943,0.16860984,null,null,null,null,"TWOGAUSSIANS",8,0.72247905,0.6944912,0.024293303,0.4,0.0,0.37070277,0.18412371,0.20409618,0.002867071,0.4,0.0,0.3136376,0.011615981
