Gaia/vari_eclipsing_binary/VariEclipsingBinary_678291-678377.csv
# %ECSV 1.0
# ---
# delimiter: ','
# meta: !!omap
# - RELEASE: Gaia DR3
# - TABLE: vari_eclipsing_binary
# - DESCRIPTION: >
#     This table describes the properties of the eclipsing binaries resulting from the variability analysis. 
# - CITATION: >
#     How to cite and acknowledge Gaia: 
#     https://gea.esac.esa.int/archive/documentation/credits.html 
# - KNOWN_ISSUES: >
#     Known issues: 
#     https://www.cosmos.esa.int/web/gaia-users/known-issues 
# - DOCUMENTATION: >
#     Tutorials and documentation: 
#     https://www.cosmos.esa.int/web/gaia-users/archive 
# datatype:
# - 
#   name: solution_id
#   datatype: int64
#   description: Solution Identifier
#   meta:
#     ucd: meta.version
# - 
#   name: source_id
#   datatype: int64
#   description: Unique source identifier
#   meta:
#     ucd: meta.id;meta.main
# - 
#   name: global_ranking
#   datatype: float32
#   description: Number between 0 (worst) and 1 (best)
#   meta:
#     ucd: stat.param
# - 
#   name: reference_time
#   datatype: float64
#   unit: d
#   description: Reference time used for the geometric model fit
#   meta:
#     ucd: time.epoch
# - 
#   name: frequency
#   datatype: float64
#   unit: d**-1
#   description: Frequency of geometric model of the eclipsing binary light curve
#   meta:
#     ucd: src.orbital
# - 
#   name: frequency_error
#   datatype: float32
#   unit: d**-1
#   description: "Uncertainty of \\texttt{frequency}"
#   meta:
#     ucd: stat.error
# - 
#   name: geom_model_reference_level
#   datatype: float32
#   unit: mag
#   description: Magnitude reference level of geometric model
#   meta:
#     ucd: phot.mag;em.opt
# - 
#   name: geom_model_reference_level_error
#   datatype: float32
#   unit: mag
#   description: "Uncertainty of \\texttt{geomModelReferenceLevel}"
#   meta:
#     ucd: stat.error;phot.mag;em.opt
# - 
#   name: geom_model_gaussian1_phase
#   datatype: float32
#   description: Phase of the Gaussian 1 component
#   meta:
#     ucd: time.phase
# - 
#   name: geom_model_gaussian1_phase_error
#   datatype: float32
#   description: "Uncertainty of \\texttt{geomModelGaussian1Phase}"
#   meta:
#     ucd: stat.error;time.phase
# - 
#   name: geom_model_gaussian1_sigma
#   datatype: float32
#   description: "Standard deviation [phase] of Gaussian 1 component"
#   meta:
#     ucd: stat.stdev
# - 
#   name: geom_model_gaussian1_sigma_error
#   datatype: float32
#   description: "Uncertainty of \\texttt{geomModelGaussian1Sigma}"
#   meta:
#     ucd: stat.error
# - 
#   name: geom_model_gaussian1_depth
#   datatype: float32
#   unit: mag
#   description: Magnitude depth of Gaussian 1 component
#   meta:
#     ucd: src.var.amplitude
# - 
#   name: geom_model_gaussian1_depth_error
#   datatype: float32
#   unit: mag
#   description: "Uncertainty of \\texttt{geomModelGaussian1Depth}"
#   meta:
#     ucd: stat.error;src.var.amplitude
# - 
#   name: geom_model_gaussian2_phase
#   datatype: float32
#   description: Phase of Gaussian 2 component
#   meta:
#     ucd: time.phase
# - 
#   name: geom_model_gaussian2_phase_error
#   datatype: float32
#   description: "Uncertainty of \\texttt{geomModelGaussian2Phase}"
#   meta:
#     ucd: stat.error;time.phase
# - 
#   name: geom_model_gaussian2_sigma
#   datatype: float32
[...]
#   datatype: float32
#   description: "Secondary eclipse: uncertainty of \\texttt{derivedSecondaryEclDuration}"
#   meta:
#     ucd: stat.error;time.duration
# - 
#   name: derived_secondary_ecl_depth
#   datatype: float32
#   unit: mag
#   description: "Secondary eclipse: depth"
#   meta:
#     ucd: src.var.amplitude
# - 
#   name: derived_secondary_ecl_depth_error
#   datatype: float32
#   unit: mag
#   description: "Secondary eclipse: uncertainty of \\texttt{derivedSecondaryEclDepth}"
#   meta:
#     ucd: stat.error;src.var.amplitude
solution_id,source_id,global_ranking,reference_time,frequency,frequency_error,geom_model_reference_level,geom_model_reference_level_error,geom_model_gaussian1_phase,geom_model_gaussian1_phase_error,geom_model_gaussian1_sigma,geom_model_gaussian1_sigma_error,geom_model_gaussian1_depth,geom_model_gaussian1_depth_error,geom_model_gaussian2_phase,geom_model_gaussian2_phase_error,geom_model_gaussian2_sigma,geom_model_gaussian2_sigma_error,geom_model_gaussian2_depth,geom_model_gaussian2_depth_error,geom_model_cosine_half_period_amplitude,geom_model_cosine_half_period_amplitude_error,geom_model_cosine_half_period_phase,geom_model_cosine_half_period_phase_error,model_type,num_model_parameters,reduced_chi2,derived_primary_ecl_phase,derived_primary_ecl_phase_error,derived_primary_ecl_duration,derived_primary_ecl_duration_error,derived_primary_ecl_depth,derived_primary_ecl_depth_error,derived_secondary_ecl_phase,derived_secondary_ecl_phase_error,derived_secondary_ecl_duration,derived_secondary_ecl_duration_error,derived_secondary_ecl_depth,derived_secondary_ecl_depth_error
[from data line 289]
375316653866487564,5966557503769271424,0.47361463,2274.9857532783462,0.8844984964256613,9.559289E-5,12.707339,0.005995347,0.5146233,0.007071985,0.17317763,0.016417924,0.06907075,0.005804104,0.97483003,0.014223339,0.019389277,0.013896043,0.03631387,0.02346214,null,null,null,null,"TWOGAUSSIANS",8,184.36336,0.5146233,0.007071985,0.4,0.0,0.06664465,0.0044077425,0.97483003,0.014223339,0.10857995,0.07781784,0.036446445,0.024029227
375316653866487564,5966557950445996672,0.5964397,2303.1172624025544,0.6156368914097015,5.3047206E-6,14.665223,0.002462302,0.49220264,1.838739E-4,0.02975028,3.2892288E-4,0.4639782,0.002135115,0.8064297,0.04190725,0.1391028,0.049610496,0.006607562,0.0029140848,null,null,null,null,"TWOGAUSSIANS",8,15.985837,0.49222264,1.8811601E-4,0.16660157,0.0018419682,0.4644728,0.002765246,0.8064297,0.04190725,0.4,0.0,0.0065868828,0.0026615362
375316653866487564,5966560840964528768,0.545996,2260.893998153117,3.681785857669481,1.8383977E-5,19.156046,0.015562151,0.2805436,0.002148235,0.0667985,0.003624628,0.5665383,0.019294066,0.7792166,0.008502597,0.07594911,0.011575289,0.46327975,0.15579548,null,null,null,null,"TWOGAUSSIANS",8,3.3957841,0.2805436,0.002148235,0.3740716,0.020297918,0.5644096,0.018773083,0.7792166,0.008502597,0.4,0.0,0.46115115,0.15759525
375316653866487564,5966561008462776704,0.58267957,2288.9483932006756,0.46509932856768654,3.1336822E-6,16.019436,0.0020467544,0.2707042,0.010531431,0.02281062,0.008582439,0.020956468,0.007547757,0.75666094,1.9556846E-5,0.012645229,3.6545203E-4,0.3084798,0.0025481419,0.01892334,0.0033888116,0.2707042,0.010531431,"TWOGAUSSIANS_WITH_ELLIPSOIDAL_ON_ECLIPSE1",9,11.059043,0.75668097,2.7953878E-5,0.070813276,0.0020465313,0.34603298,0.0047248937,0.2707042,0.010531431,0.12773946,0.04806166,0.058803096,0.0063462625
375316653866487564,5966561287639461504,0.5555127,2270.021981665187,3.064484159066041,1.7066053E-5,18.913506,0.016440589,0.2733476,0.0036644335,0.07734969,0.005118456,0.33936375,0.01575528,0.76515245,0.006533127,0.0812648,0.010849582,0.43586525,0.049312055,null,null,null,null,"TWOGAUSSIANS",8,3.580281,0.76515245,0.006533127,0.4,0.0,0.4313161,0.054396037,0.2733476,0.0036644335,0.4,0.0,0.3348146,0.0119323945
375316653866487564,5966562829528889344,0.53310186,2295.2378190406107,0.22535021522656756,1.7792037E-5,15.924501,0.0011079368,0.10171798,7.2527834E-4,0.014887566,0.001099575,0.060352366,0.003999524,0.47187832,9.207879E-4,0.012713431,0.0012660148,0.11420329,0.004919093,null,null,null,null,"TWOGAUSSIANS",8,5.157769,0.47187832,9.207879E-4,0.071195215,0.007089683,0.11420329,0.004919093,0.10171798,7.2527834E-4,0.083370365,0.00615762,0.060352366,0.003999524
375316653866487564,5966563624103334656,0.5611773,2307.509748082227,4.148756108866732,3.8885497E-5,19.91609,0.014117682,0.20149027,0.008382886,0.07381562,0.0081763975,0.5798209,0.031256553,0.70380133,0.010919317,0.06716266,0.008289676,0.5855533,0.0726363,null,null,null,null,"TWOGAUSSIANS",8,1.3473822,0.70380133,0.010919317,0.37611088,0.043047644,0.5835158,0.07286729,0.20149027,0.008382886,0.4,0.021478735,0.5777834,0.030611297
375316653866487564,5966564002060504704,0.5522353,2288.8730426665784,3.015059860348018,1.5521933E-5,18.156744,0.01359932,0.253233,0.0049977927,0.09263377,0.008834336,0.21407215,0.015987001,0.7469078,0.002322955,0.10018644,0.0052666566,0.26982793,0.01352365,null,null,null,null,"TWOGAUSSIANS",8,2.7977207,0.7469078,0.002322955,0.4,0.0,0.25448254,0.0080716545,0.253233,0.0049977927,0.4,0.0,0.19872874,0.013369866
375316653866487564,5966564826707230208,0.46417096,2302.278026800443,2.8033071058167183,3.9410912E-5,18.339476,0.012906002,0.28754252,0.0068572056,0.10208012,0.014224572,0.14026718,0.014881552,0.7985215,0.012198622,0.06675078,0.015420757,0.16796419,0.031203294,null,null,null,null,"TWOGAUSSIANS",8,4.386137,0.7985215,0.012198622,0.37380436,0.053634815,0.16496035,0.03368747,0.28754252,0.0068572056,0.4,0.0,0.13726138,0.013462875
375316653866487564,5966565067212586240,0.48283476,2250.829878693154,1.1126863787933279,7.324059E-5,19.049068,0.051892765,0.08880961,0.017513605,0.17915687,0.07149373,0.14937185,0.043144736,0.4682462,0.004413955,0.05130382,0.001744364,0.54288906,0.016995352,null,null,null,null,"TWOGAUSSIANS",8,4.2761726,0.4682462,0.004413955,0.2873014,0.0097684385,0.549561,0.026416099,0.08880961,0.017513605,0.4,0.0,0.13981503,0.01633148
375316653866487564,5966565200351339264,0.63878953,2264.1753801885866,0.5698659984586402,8.634636E-6,15.781983,0.0022325907,0.36830357,0.045729972,0.027163075,0.054002337,0.014189896,9.725138E28,0.5659845,0.0014639454,0.016520817,4.888447E-4,0.61919177,0.053242523,null,null,null,null,"TWOGAUSSIANS",8,13.007477,0.5659845,0.0014639454,0.09251657,0.0027375305,0.61919177,0.05324253,0.36830357,0.045729972,0.15211321,0.30241308,0.014189896,9.725138E28
375316653866487564,5966566785191811584,0.51663584,2266.5802884336736,1.778639689000017,2.1419391E-5,19.794024,0.0133732725,0.28831995,0.015180511,0.0651214,0.013105103,0.23138186,0.041107852,0.786553,0.0077856123,0.050019737,0.009865873,0.55356723,0.08418296,null,null,null,null,"TWOGAUSSIANS",8,2.7157848,0.786553,0.0077856123,0.2801105,0.055248883,0.5535173,0.08432385,0.28831995,0.015180511,0.3646798,0.07240346,0.2313319,0.041129276
375316653866487564,5966567644199771520,0.5511048,2304.4379138512945,2.3743126588082957,4.2629603E-5,18.001497,0.017520135,0.15898941,0.013529305,0.09003782,0.028494267,0.12240206,0.016485767,0.6604845,0.0073712496,0.05083878,0.0051751,0.5833996,0.025982043,null,null,null,null,"TWOGAUSSIANS",8,9.826237,0.6604845,0.0073712496,0.28469718,0.02898056,0.5826976,0.024369182,0.15898941,0.013529305,0.4,0.0,0.12170002,0.015787983
375316653866487564,5966567983491548288,0.45696458,2280.202889778726,2.7213063881716635,1.7134978E-4,19.633976,0.040384438,0.3043621,0.023273857,0.14682268,0.028322145,0.22468936,0.04268328,0.715849,0.0054473756,0.06861312,0.030863898,0.42251992,0.09464755,null,null,null,null,"TWOGAUSSIANS",8,5.9420686,0.715849,0.0054473756,0.38423347,0.032872953,0.4150466,0.117384434,0.3043621,0.023203766,0.4,0.0,0.21271755,0.026396727
375316653866487564,5966568945562840448,0.54601914,2275.25853013262,1.197937087582244,1.1884134E-5,17.041403,0.0068326993,0.27610976,0.003382785,0.077570975,0.005101438,0.27344948,0.0077707656,0.7752039,0.0041952045,0.07832639,0.005598207,0.16726759,0.0077969357,null,null,null,null,"TWOGAUSSIANS",8,9.079614,0.27610976,0.003382785,0.4,0.0,0.2710092,0.0073321713,0.7752039,0.0041952045,0.4,0.0,0.16482733,0.0071301335
375316653866487564,5966570667842499200,0.54952717,2258.2828406170975,4.080710806397033,2.3906608E-5,18.979471,0.018529758,0.24206594,0.005036381,0.08938881,0.0073122787,0.4382814,0.017073015,0.76798165,0.0055096243,0.09448761,0.007700965,0.3590353,0.020173784,null,null,null,null,"TWOGAUSSIANS",8,2.8087525,0.24206594,0.005036381,0.4,0.0,0.42506227,0.013665237,0.76798165,0.0055096243,0.4,0.0,0.34581527,0.01448137
375316653866487564,5966571251966736128,0.56951964,2286.003585902862,0.17081883647687462,1.222393E-4,12.33549,7.276176E-4,0.55496436,0.008495281,0.019694107,0.008882047,0.52860487,0.1094478,null,null,null,null,null,null,null,null,null,null,"ONEGAUSSIAN",5,358.69556,0.55496436,0.008495281,0.110287,0.04973946,0.52860487,0.0,null,null,null,null,null,null
375316653866487564,5966571664279456896,0.5399325,2279.811532059282,3.705293966784113,8.989834E-6,19.764944,0.019432982,0.23050639,0.0050738156,0.06292401,0.0055567897,0.7185874,0.046550527,0.72731227,0.0033610046,0.05477253,0.007038016,0.6608085,0.09623362,null,null,null,null,"TWOGAUSSIANS",8,3.2274241,0.23050639,0.0050738156,0.35237446,0.031118022,0.7184394,0.04657286,0.72731227,0.0033610046,0.30672616,0.03941289,0.66066045,0.09643439
375316653866487564,5966572484615828992,0.47452772,2285.970212513273,0.37877427483080084,3.893404E-5,11.385983,0.2576674,0.24816716,0.016987486,0.054139853,0.11963125,0.09543863,0.18465464,0.72676253,0.0077532,0.08812535,0.115797445,0.058319923,0.24619338,null,null,null,null,"TWOGAUSSIANS",8,126.204765,0.24816716,0.015422796,0.30318317,0.11462538,0.09527457,0.028685313,0.72676253,0.0077532,0.4,0.0,0.05815584,0.012225233
375316653866487564,5966572965653892224,0.48744926,2279.1267362354356,2.6495138653453787,2.2055863E-5,18.795715,0.056210525,0.25857872,0.005757281,0.109795004,0.025566285,0.21601295,0.04974889,0.75459594,0.0075164773,0.10699152,0.02894046,0.23819742,0.04680093,null,null,null,null,"TWOGAUSSIANS",8,3.792445,0.75459594,0.0075164773,0.4,0.0,0.20782761,0.018458892,0.25857872,0.005771306,0.4,0.0,0.18563816,0.0111425165
375316653866487564,5966573897658276096,0.56747496,2274.7293397167828,0.6257443648978314,5.4558837E-5,17.855341,0.004737151,0.6304397,0.09661566,0.032633908,0.07605851,0.027473886,0.011484505,0.91160834,1.8131346E-4,0.006239041,6.3531625E-4,10.719465,11.432268,null,null,null,null,"TWOGAUSSIANS",8,5.872747,0.91160834,1.8131346E-4,0.03493863,0.003557771,10.719465,11.43222,0.6304397,0.09661566,0.18274988,0.23952328,0.027473886,0.011484111
375316653866487564,5966574271324305536,0.5399432,2250.054101052725,0.7001956971993019,3.3232267E-5,19.576488,0.0046715103,0.11815087,0.013567987,0.0025424948,0.0033932126,1.0473125,79.5519,0.5654973,0.03238975,0.025496164,0.019010736,0.8329787,1318.8177,null,null,null,null,"TWOGAUSSIANS",8,1.9495763,0.11815087,0.013567987,0.01423797,0.01900199,1.0473125,79.5519,0.5654973,0.03238975,0.14277852,0.106460124,0.8329787,1318.8177
375316653866487564,5966574683640894848,0.45042711,2239.4886176085924,1.1941255546409768,2.3573295E-5,18.199844,0.028512813,0.20801008,0.01381641,0.11384223,0.033513203,0.09305274,0.027892677,0.74042803,0.005657729,0.08253497,0.020374885,0.18115757,0.033724107,null,null,null,null,"TWOGAUSSIANS",8,6.6172576,0.74044806,0.0056558647,0.4,0.0,0.1751295,0.034798197,0.20801008,0.013815071,0.4,0.0,0.087002814,0.015280502
375316653866487564,5966575164675506816,0.6342793,2266.496651649096,3.1123462874580676,1.6672757E-6,16.528963,0.008459934,0.20222235,7.474234E-4,0.047360305,0.0021785374,0.36751628,0.016088212,0.698586,0.0047559794,0.051886838,0.004005676,0.48400116,0.05153677,0.113459006,0.011729202,0.20222235,7.474234E-4,"TWOGAUSSIANS_WITH_ELLIPSOIDAL_ON_ECLIPSE1",9,13.289573,0.69891596,0.0043256013,0.2905663,0.022431787,0.71080726,0.052971367,0.20222235,7.474234E-4,0.2652177,0.01219981,0.5944301,0.012087487
375316653866487564,5966575508273860608,0.52620333,2264.2967358500923,2.2959834495708127,1.2331555E-5,17.772629,0.02524614,0.2905627,0.00989769,0.107068785,0.016659806,0.21947874,0.026623998,0.7731647,0.003091601,0.10960595,0.0104166735,0.22508278,0.023500387,null,null,null,null,"TWOGAUSSIANS",8,4.812195,0.7731647,0.003091601,0.4,0.0,0.19940443,0.007987655,0.2905827,0.009879689,0.4,0.0,0.19380718,0.009118219
375316653866487564,5966576298548995200,0.52997094,2259.0085943145377,0.9896096878129136,5.4389926E-5,19.246328,0.0074387277,0.2661733,0.005680286,0.07040969,0.005942899,0.38742283,0.030311493,0.7715729,0.006568047,0.06552335,0.006512638,0.34240168,0.041299883,null,null,null,null,"TWOGAUSSIANS",8,2.8630238,0.2661733,0.005680286,0.39429426,0.022661284,0.3866962,0.03056057,0.7715729,0.006568047,0.36693078,0.036470775,0.34167504,0.041590728
375316653866487564,5966577638578871936,0.5456659,2244.031598788745,0.25924012236431393,2.5235919E-5,17.58734,0.0029532337,0.23803173,0.0015290277,0.019261409,0.002625286,0.3756798,0.16148065,0.5419711,0.10007677,0.065119445,0.05077641,0.018344186,0.02021946,0.013751605,0.006019604,0.23803173,0.0015290277,"TWOGAUSSIANS_WITH_ELLIPSOIDAL_ON_ECLIPSE1",9,5.985109,0.23803173,0.0015290277,0.10786388,0.014701602,0.4031833,0.1627964,0.7328511,0.47977352,0.36466888,0.27591437,0.027723964,0.018300539
375316653866487564,5966578669368944640,0.542706,2286.915728369763,2.1747819722060115,9.268182E-6,15.318478,0.055998676,0.23756325,0.0026031113,0.13223903,0.0380792,0.09175128,0.05396963,0.73622376,0.0032828657,0.13063453,0.04260579,0.08739534,0.05277285,null,null,null,null,"TWOGAUSSIANS",8,4.0922112,0.23758326,0.0025978205,0.4,0.0,0.06280622,0.001852192,0.73622376,0.0033022214,0.4,0.0,0.05847941,0.0040467596
375316653866487564,5966581319370122240,0.60490954,2273.2505088767593,0.20166479237275617,4.7289554E-6,17.375105,0.0014400312,0.21335077,0.016225334,0.0102096535,0.009113438,0.2551129,0.36591163,0.7244498,6.703145E-4,0.017183565,0.0016876411,0.3032784,0.011077827,null,null,null,null,"TWOGAUSSIANS",8,2.6348226,0.7244498,6.703145E-4,0.096227966,0.0094507905,0.3032784,0.011077827,0.21335077,0.016225334,0.057174057,0.051035255,0.2551129,0.36591163
375316653866487564,5966583651530887936,0.45674476,2271.261113755687,0.21560965432442122,1.0820524E-6,15.753171,0.0041383705,0.26720178,2.4620854E-6,0.0037132455,5.7163405E-5,0.96176004,0.038592186,0.57146204,0.021679804,0.13934873,0.022339197,0.042422764,0.006311538,null,null,null,null,"TWOGAUSSIANS",8,40.804207,0.26720178,2.4620854E-6,0.020794176,3.2011507E-4,0.96553606,0.038224354,0.57146204,0.021679804,0.4,0.0,0.042286947,0.0062827826
375316653866487564,5966584686624555520,0.5445509,2266.7302031176046,0.4246833403435075,1.1417151E-5,17.185268,0.009297177,0.19972914,0.009322079,0.044709243,0.009017613,0.15044188,0.03381379,0.6925787,0.0042744456,0.06458184,0.006400968,0.39490747,0.056718413,null,null,null,null,"TWOGAUSSIANS",8,10.4535675,0.6925787,0.0042744456,0.36165833,0.03584542,0.39489648,0.056729935,0.19972914,0.009322079,0.25037175,0.050498635,0.15043087,0.033824626
375316653866487564,5966584991561653888,0.6174113,2240.3729434315824,0.4675005021898057,7.4619943E-6,17.547998,0.0037960063,0.3094046,0.008839169,0.021888208,0.0043465015,2.944271,11.382153,0.80603516,0.001065611,0.03182997,0.0012242541,0.48757005,0.018099308,0.017837984,0.0065154643,0.3094046,0.008839169,"TWOGAUSSIANS_WITH_ELLIPSOIDAL_ON_ECLIPSE1",9,5.1255217,0.3094046,0.008839169,0.12257396,0.02434041,2.9799469,11.383686,0.8060552,0.0010629523,0.17824784,0.0068558236,0.5232301,0.017522464
375316653866487564,5966585060280181888,0.49761337,2264.692255623971,1.1171207647842154,7.993046E-5,16.588303,0.0018948867,0.17789179,0.0023707286,0.037498955,0.002791099,0.10032626,0.013926541,0.668961,0.035759248,0.031643104,0.016336465,0.056875434,0.037377063,null,null,null,null,"TWOGAUSSIANS",8,4.0346103,0.17789179,0.0023707286,0.20999414,0.015630154,0.10032626,0.013926541,0.668961,0.035759248,0.17720138,0.091484204,0.056875434,0.037377063
375316653866487564,5966585197719152256,0.4650784,2276.869093035376,0.2148676439006632,2.769754E-5,15.746908,0.0067530307,0.23263243,0.0042192824,0.05589351,0.0066010063,0.08642366,0.015487777,0.6157243,0.022539875,0.05084197,0.011915387,0.03423712,0.024120867,0.011011573,0.008055932,0.23263243,0.0042192824,"TWOGAUSSIANS_WITH_ELLIPSOIDAL_ON_ECLIPSE1",9,45.36754,0.23263243,0.0042192824,0.31300366,0.036965635,0.108442724,0.009739128,0.62610435,0.013627897,0.28471503,0.06672616,0.047071625,0.02211593
375316653866487564,5966586816924181760,0.50467193,2287.848851961726,3.1132541989309925,2.8415207E-5,19.925629,0.008878948,0.69590306,0.010614313,0.03506449,0.010511403,0.26131305,0.29975826,null,null,null,null,null,null,0.13919535,0.020469107,0.69590306,0.010614313,"ONEGAUSSIAN_WITH_ELLIPSOIDAL",6,2.774773,0.69590306,0.010614313,0.19636112,0.05886386,0.5397037,0.29998964,null,null,null,null,null,null
375316653866487564,5966587362383262336,0.5328499,2268.5307377424247,0.7380925398982374,1.2324282E-5,17.713848,0.0028148093,0.094849,9.5872127E-4,0.028915385,0.0014900274,0.14977692,0.010318787,0.59158915,0.0047948244,0.028731149,0.004582059,0.17294633,0.014157174,null,null,null,null,"TWOGAUSSIANS",8,4.3224645,0.59158915,0.0047948244,0.16089444,0.02565953,0.17294633,0.014157174,0.094849,9.5872127E-4,0.16192615,0.008344153,0.14977692,0.010318787
