Gaia/vari_eclipsing_binary/VariEclipsingBinary_207306-207349.csv
# %ECSV 1.0
# ---
# delimiter: ','
# meta: !!omap
# - RELEASE: Gaia DR3
# - TABLE: vari_eclipsing_binary
# - DESCRIPTION: >
#     This table describes the properties of the eclipsing binaries resulting from the variability analysis. 
# - CITATION: >
#     How to cite and acknowledge Gaia: 
#     https://gea.esac.esa.int/archive/documentation/credits.html 
# - KNOWN_ISSUES: >
#     Known issues: 
#     https://www.cosmos.esa.int/web/gaia-users/known-issues 
# - DOCUMENTATION: >
#     Tutorials and documentation: 
#     https://www.cosmos.esa.int/web/gaia-users/archive 
# datatype:
# - 
#   name: solution_id
#   datatype: int64
#   description: Solution Identifier
#   meta:
#     ucd: meta.version
# - 
#   name: source_id
#   datatype: int64
#   description: Unique source identifier
#   meta:
#     ucd: meta.id;meta.main
# - 
#   name: global_ranking
#   datatype: float32
#   description: Number between 0 (worst) and 1 (best)
#   meta:
#     ucd: stat.param
# - 
#   name: reference_time
#   datatype: float64
#   unit: d
#   description: Reference time used for the geometric model fit
#   meta:
#     ucd: time.epoch
# - 
#   name: frequency
#   datatype: float64
#   unit: d**-1
#   description: Frequency of geometric model of the eclipsing binary light curve
#   meta:
#     ucd: src.orbital
# - 
#   name: frequency_error
#   datatype: float32
#   unit: d**-1
#   description: "Uncertainty of \\texttt{frequency}"
#   meta:
#     ucd: stat.error
# - 
#   name: geom_model_reference_level
#   datatype: float32
#   unit: mag
#   description: Magnitude reference level of geometric model
#   meta:
#     ucd: phot.mag;em.opt
# - 
#   name: geom_model_reference_level_error
#   datatype: float32
#   unit: mag
#   description: "Uncertainty of \\texttt{geomModelReferenceLevel}"
#   meta:
#     ucd: stat.error;phot.mag;em.opt
# - 
#   name: geom_model_gaussian1_phase
#   datatype: float32
#   description: Phase of the Gaussian 1 component
#   meta:
#     ucd: time.phase
# - 
#   name: geom_model_gaussian1_phase_error
#   datatype: float32
#   description: "Uncertainty of \\texttt{geomModelGaussian1Phase}"
#   meta:
#     ucd: stat.error;time.phase
# - 
#   name: geom_model_gaussian1_sigma
#   datatype: float32
#   description: "Standard deviation [phase] of Gaussian 1 component"
#   meta:
#     ucd: stat.stdev
# - 
#   name: geom_model_gaussian1_sigma_error
#   datatype: float32
#   description: "Uncertainty of \\texttt{geomModelGaussian1Sigma}"
#   meta:
#     ucd: stat.error
# - 
#   name: geom_model_gaussian1_depth
#   datatype: float32
#   unit: mag
#   description: Magnitude depth of Gaussian 1 component
#   meta:
#     ucd: src.var.amplitude
# - 
#   name: geom_model_gaussian1_depth_error
#   datatype: float32
#   unit: mag
#   description: "Uncertainty of \\texttt{geomModelGaussian1Depth}"
#   meta:
#     ucd: stat.error;src.var.amplitude
# - 
#   name: geom_model_gaussian2_phase
#   datatype: float32
#   description: Phase of Gaussian 2 component
#   meta:
#     ucd: time.phase
# - 
#   name: geom_model_gaussian2_phase_error
#   datatype: float32
#   description: "Uncertainty of \\texttt{geomModelGaussian2Phase}"
#   meta:
#     ucd: stat.error;time.phase
# - 
#   name: geom_model_gaussian2_sigma
#   datatype: float32
[...]
#   datatype: float32
#   description: "Secondary eclipse: uncertainty of \\texttt{derivedSecondaryEclDuration}"
#   meta:
#     ucd: stat.error;time.duration
# - 
#   name: derived_secondary_ecl_depth
#   datatype: float32
#   unit: mag
#   description: "Secondary eclipse: depth"
#   meta:
#     ucd: src.var.amplitude
# - 
#   name: derived_secondary_ecl_depth_error
#   datatype: float32
#   unit: mag
#   description: "Secondary eclipse: uncertainty of \\texttt{derivedSecondaryEclDepth}"
#   meta:
#     ucd: stat.error;src.var.amplitude
solution_id,source_id,global_ranking,reference_time,frequency,frequency_error,geom_model_reference_level,geom_model_reference_level_error,geom_model_gaussian1_phase,geom_model_gaussian1_phase_error,geom_model_gaussian1_sigma,geom_model_gaussian1_sigma_error,geom_model_gaussian1_depth,geom_model_gaussian1_depth_error,geom_model_gaussian2_phase,geom_model_gaussian2_phase_error,geom_model_gaussian2_sigma,geom_model_gaussian2_sigma_error,geom_model_gaussian2_depth,geom_model_gaussian2_depth_error,geom_model_cosine_half_period_amplitude,geom_model_cosine_half_period_amplitude_error,geom_model_cosine_half_period_phase,geom_model_cosine_half_period_phase_error,model_type,num_model_parameters,reduced_chi2,derived_primary_ecl_phase,derived_primary_ecl_phase_error,derived_primary_ecl_duration,derived_primary_ecl_duration_error,derived_primary_ecl_depth,derived_primary_ecl_depth_error,derived_secondary_ecl_phase,derived_secondary_ecl_phase_error,derived_secondary_ecl_duration,derived_secondary_ecl_duration_error,derived_secondary_ecl_depth,derived_secondary_ecl_depth_error
[from data line 329]
375316653866487564,1823674965360365312,0.47765574,2296.4655493442156,3.3736671819687274,1.7710789E-5,18.235662,0.039816182,0.24116418,0.006616743,0.11146474,0.027071334,0.17433275,0.03615738,0.7471438,0.005557259,0.1041798,0.020522255,0.17256942,0.03709134,null,null,null,null,"TWOGAUSSIANS",8,5.158759,0.24116418,0.006620402,0.4,0.0,0.15222985,0.007932632,0.7471538,0.005576051,0.4,0.0,0.15047826,0.00977357
375316653866487564,1823675068439565056,0.5846881,2324.25100928665,0.5890612822357689,2.0711692E-5,17.309755,0.0022860195,0.33030766,0.0041279383,0.029435286,0.0031280534,0.37459385,0.014088529,0.81926703,0.010306036,0.016115882,0.015808353,0.03474231,0.074647225,0.013468406,0.003250435,0.33030766,0.0041279383,"TWOGAUSSIANS_WITH_ELLIPSOIDAL_ON_ECLIPSE1",9,6.6301274,0.33030766,0.0041279383,0.1648376,0.0175171,0.4015306,0.012295491,0.819437,0.0103838425,0.090248935,0.088526785,0.061551664,0.07396316
375316653866487564,1823675347641671680,0.6423939,2297.968681529056,0.34901239344915386,5.436806E-6,14.246978,9.2469965E-4,0.24790607,0.0032762396,0.018325044,0.002318555,0.21231757,0.01690399,0.7493704,3.2590248E-4,0.017563382,7.475117E-4,0.43683678,0.012732172,null,null,null,null,"TWOGAUSSIANS",8,40.378456,0.7493704,3.2590248E-4,0.09835494,0.0041860654,0.43683678,0.012732172,0.24790607,0.0032762396,0.102620244,0.012983908,0.21231757,0.01690399
375316653866487564,1823675416361155840,0.47711504,2304.6964334001727,3.463175050895246,1.7392671E-5,15.83101,0.0021780992,null,null,null,null,null,null,null,null,null,null,null,null,0.058076054,0.003265225,0.2208545,0.0040835226,"ELLIPSOIDAL",4,53.18802,null,null,null,null,null,null,null,null,null,null,null,null
375316653866487564,1823675828670263936,0.47930026,2329.4261413122204,1.7595196592437594,2.6494203E-5,17.548506,0.021303829,0.25506276,0.007481106,0.04775306,0.032682057,0.2652557,0.06702524,0.74061865,0.00674234,0.040929887,0.014166084,0.081880905,0.04049577,0.038091432,0.020758295,0.25506276,0.007481106,"TWOGAUSSIANS_WITH_ELLIPSOIDAL_ON_ECLIPSE1",9,36.54124,0.25506276,0.007481106,0.26741713,0.15737535,0.34143826,0.09451325,0.74219865,0.005930159,0.22920738,0.07933007,0.15750585,0.009138218
375316653866487564,1823676412793829888,0.6964188,2182.511387445186,2.0434231656277877,2.0915302E-6,16.452845,0.0034807718,0.2052382,5.261068E-4,0.051890947,0.0021881647,0.17938185,0.009249451,0.70814264,9.403222E-4,0.049170993,0.0030805243,0.16273846,0.008363258,0.104134575,0.004789869,0.2052382,5.261068E-4,"TWOGAUSSIANS_WITH_ELLIPSOIDAL_ON_ECLIPSE1",9,2.2275052,0.2052382,5.261068E-4,0.2905893,0.012253723,0.3876487,0.0070867403,0.70814264,9.403222E-4,0.27535757,0.017250936,0.37093598,0.011121296
375316653866487564,1823677306147079552,0.56572723,2173.3302314158213,2.892218577018634,1.3513012E-5,16.304567,0.0104797175,0.28254935,0.0045320317,0.044538315,0.01115865,0.09619476,0.021051042,0.8022753,0.00978225,0.06406417,0.011184561,0.09223407,0.019830242,0.075185575,0.0101456465,0.28254935,0.0045320317,"TWOGAUSSIANS_WITH_ELLIPSOIDAL_ON_ECLIPSE1",9,26.47707,0.28254935,0.0045320317,0.24941458,0.062488437,0.24655285,0.01289069,0.8022753,0.00978225,0.35875934,0.06263354,0.24029402,0.00787971
375316653866487564,1823677306147080448,0.5760332,2180.4956162731205,2.7378595643239283,9.350764E-6,17.29268,0.0075009307,0.27626035,0.0030898582,0.06759976,0.0053095887,0.18108192,0.021104204,0.77726537,0.0019323487,0.04323302,0.003006316,0.23614532,0.01953931,0.089979135,0.011547913,0.27626035,0.0030898582,"TWOGAUSSIANS_WITH_ELLIPSOIDAL_ON_ECLIPSE1",9,9.830548,0.77726537,0.0018470401,0.2421049,0.01683537,0.41590464,0.0122223105,0.27626035,0.0030898582,0.37855864,0.029733697,0.36084843,0.009404861
375316653866487564,1823677782857751680,0.49928102,2144.1004174253444,3.407408041596524,1.7454462E-5,18.084173,0.005228505,0.22212556,0.0060690385,0.079410166,0.009020616,0.12795398,0.013445369,0.719675,0.0032145458,0.080425695,0.005940096,0.1527535,0.011144111,null,null,null,null,"TWOGAUSSIANS",8,3.2366085,0.719675,0.0032145458,0.4,0.0,0.1507545,0.0113671115,0.22212556,0.0060690385,0.4,0.0,0.12595499,0.0140471
375316653866487564,1823678538772185344,0.43327722,2148.1976296633975,0.2771934086902424,2.105502E-5,19.053434,0.010795063,0.13059478,0.0017429295,0.034041625,0.0053588003,1.0963764,0.58570766,0.57559943,0.03900867,0.09124121,0.03585478,0.11096254,0.03446093,null,null,null,null,"TWOGAUSSIANS",8,6.523318,0.13059478,0.0017429295,0.19063309,0.030009283,1.096358,0.58579135,0.57559943,0.03900867,0.4,0.0,0.11094324,0.03430627
375316653866487564,1823678607491523456,0.58324766,2147.607495114586,3.3743625934305626,4.526979E-6,18.87107,0.014243664,0.19133258,0.0016027675,0.047682215,0.003835157,0.44785103,0.03400025,0.6940713,0.004843128,0.042255126,0.010646202,0.32228875,0.2759105,0.13705014,0.022870054,0.19133258,0.0016027675,"TWOGAUSSIANS_WITH_ELLIPSOIDAL_ON_ECLIPSE1",9,4.249315,0.19133258,0.0016027675,0.2670204,0.02147688,0.7219507,0.022772841,0.6940713,0.0046760347,0.23662871,0.05961873,0.5963073,0.2824156
375316653866487564,1823678710570752384,0.5488466,2147.9978705332232,2.949520987390448,1.5800208E-5,18.828674,0.024723763,0.2770509,0.0046561207,0.10624912,0.012387241,0.37038124,0.017958146,0.7726434,0.0036260542,0.094895564,0.007679497,0.39119568,0.024037577,null,null,null,null,"TWOGAUSSIANS",8,2.90287,0.7726434,0.0036260542,0.4,0.0,0.35851887,0.014375185,0.2770509,0.0046561207,0.4,0.0,0.33769345,0.015765276
375316653866487564,1823679195902103168,0.58408815,2160.0090409252653,1.3479345813642594,4.959495E-6,16.44201,0.0074962648,0.22589102,0.0016291843,0.094370104,0.0036585971,0.2698328,0.00782419,0.7216843,0.0015869088,0.10331101,0.0043006423,0.21857025,0.0067746826,null,null,null,null,"TWOGAUSSIANS",8,5.8402605,0.22589102,0.0016291843,0.4,0.0,0.25120223,0.0070307297,0.7216843,0.0015869088,0.4,0.0,0.19993648,0.004289507
375316653866487564,1823680879559994752,0.5698426,2143.982567049901,0.63145426742006,8.468669E-6,16.112555,0.0037683249,0.29295367,0.055964686,0.014787054,0.020214308,0.18602955,17.538975,0.7662028,0.0016562827,0.027416928,0.0014039731,1.0492913,0.029375503,null,null,null,null,"TWOGAUSSIANS",8,33.796158,0.7662028,0.0016562827,0.1535348,0.007862249,1.0492913,0.029375503,0.29295367,0.055964686,0.082807496,0.11320012,0.18602955,17.538975
375316653866487564,1823681154438020736,0.6054243,2160.759907381274,1.1358277753860337,6.9812163E-6,17.02331,0.005065442,0.24695207,0.003391534,0.0959521,0.005187891,0.21232347,0.00833314,0.73990434,0.0015634543,0.08515522,0.0027813483,0.22968437,0.0047861277,null,null,null,null,"TWOGAUSSIANS",8,2.7799513,0.73990434,0.0015634543,0.4,0.0,0.22095694,0.0033119945,0.24695207,0.003391534,0.4,0.0,0.20359547,0.0086305225
375316653866487564,1823681390630459264,0.60690373,2150.4039979006975,2.7511009682296117,3.2362855E-6,18.420746,0.010096228,0.27158794,0.0013250111,0.047974102,0.004354154,0.4349629,0.032354396,0.77060413,0.0020068039,0.05008984,0.0038270454,0.42723265,0.04873126,0.11785069,0.0146833435,0.27158794,0.0013250111,"TWOGAUSSIANS_WITH_ELLIPSOIDAL_ON_ECLIPSE1",9,2.3396304,0.27158794,0.0013250111,0.26865497,0.024383264,0.67066187,0.047965277,0.77070415,0.0017804594,0.28050312,0.021431455,0.66292346,0.05430235
375316653866487564,1823683387820890368,0.532466,2157.6756549273514,0.9548042779197192,5.3366253E-5,16.693924,0.0035807826,0.257602,0.005390461,0.036652442,0.05131686,0.25309315,0.19209902,0.7456537,0.009521824,0.025880683,0.020157913,0.06492802,28.887224,null,null,null,null,"TWOGAUSSIANS",8,5.2538285,0.257602,0.005390461,0.20525366,0.19084315,0.25309315,0.1921082,0.7456537,0.009521824,0.14493182,0.11288431,0.06492802,28.887224
375316653866487564,1823684624745144064,0.55923533,2154.633346568276,3.532108486968196,7.5321605E-6,19.39525,0.013028799,0.24228595,0.0018801057,0.07227575,0.003782264,0.610476,0.018332943,0.7449752,0.002570882,0.0667359,0.0036165284,0.52593666,0.013290056,null,null,null,null,"TWOGAUSSIANS",8,1.8041058,0.24228595,0.0018801057,0.4,0.008952077,0.6088328,0.018376496,0.7449752,0.002570882,0.37372106,0.02025256,0.5242934,0.013118399
375316653866487564,1823685380686161280,0.63780785,2159.4716176745624,1.1876541460219119,3.7135E-6,16.329412,0.0038804398,0.21360134,0.0017068149,0.10181002,0.0026475792,0.2257683,0.0040555233,0.71325225,9.521182E-4,0.09025649,0.00249479,0.2761879,0.0057118237,null,null,null,null,"TWOGAUSSIANS",8,3.7115688,0.71325225,9.521182E-4,0.4,0.0,0.25957802,0.006775862,0.21360134,0.0017068149,0.4,0.0,0.20915592,0.0022420296
375316653866487564,1823685616878606464,0.63732374,2159.9452041596664,0.43843733330392903,1.06317675E-5,17.306416,0.0046936898,0.16816874,0.0020600813,0.029788604,0.0031079254,0.12806867,0.0131579535,0.6687594,0.002866355,0.032418236,0.0017061008,1.2033422,0.029073909,0.017300576,0.0074804947,0.16816874,0.0020600813,"TWOGAUSSIANS_WITH_ELLIPSOIDAL_ON_ECLIPSE1",9,8.246075,0.6687594,0.002866355,0.18154213,0.009554164,1.2379427,0.029955769,0.16816874,0.0020600813,0.16681619,0.017404381,0.16266973,0.00990948
375316653866487564,1823685788677293568,0.56103796,2134.2021562686077,1.7266608160294457,8.028122E-6,18.417023,0.010535896,0.2655836,0.0027860238,0.07898607,0.0047418415,0.41240016,0.013972761,0.7796473,0.0032051306,0.08248363,0.0060943766,0.17853415,0.011633949,null,null,null,null,"TWOGAUSSIANS",8,2.6247044,0.2655836,0.0027860238,0.4,0.0,0.40905058,0.0137831215,0.7796473,0.0032051306,0.4,0.0,0.17518458,0.010471762
375316653866487564,1823686411478172672,0.52221173,2183.390649113012,0.2266723511485628,5.4293738E-5,18.98891,0.0087926965,0.18438236,0.003994049,0.009281046,0.0037323956,0.53234607,0.028080096,0.7014197,0.039126847,0.099348836,0.061927333,0.047804203,0.028619437,null,null,null,null,"TWOGAUSSIANS",8,2.811192,0.18438236,0.003994049,0.051973857,0.020901415,0.53234553,0.028079877,0.7014197,0.039126847,0.4,0.0,0.047803264,0.028683437
375316653866487564,1823687059988001152,0.56404763,2129.9355132021974,2.4092379784281874,1.0708104E-5,17.82338,0.0129503375,0.27876365,0.0039378386,0.050032027,0.0065196236,0.4566028,0.046233688,0.7898281,0.015693149,0.03282199,0.012850194,0.13961878,0.042937584,0.087804824,0.017935432,0.27876365,0.0039378386,"TWOGAUSSIANS_WITH_ELLIPSOIDAL_ON_ECLIPSE1",9,15.820088,0.27876365,0.0039378386,0.28017935,0.036509894,0.6322103,0.045789167,0.7898281,0.015165143,0.18380316,0.07196109,0.31437892,0.023298018
375316653866487564,1823687476630019456,0.6010913,2149.0047302749267,2.8081823699424118,3.359407E-6,16.999565,0.008397825,0.31471917,0.0010602082,0.08821674,0.0023220067,0.35486808,0.009085312,0.8154986,0.0013947644,0.09413295,0.0035346532,0.3371144,0.008444676,null,null,null,null,"TWOGAUSSIANS",8,5.738967,0.31471917,0.0010602082,0.4,0.0,0.3389626,0.007195241,0.8154986,0.0013947644,0.4,0.0,0.3212085,0.007753124
375316653866487564,1823687541024283264,0.5270156,2129.6524526410676,3.5885765763121937,1.45110125E-5,18.468866,0.007877804,0.2588343,0.00476018,0.06869477,0.006555994,0.3425976,0.021331059,0.76066935,0.0036770913,0.06227856,0.0044197766,0.39940074,0.029113293,null,null,null,null,"TWOGAUSSIANS",8,8.5161085,0.76066935,0.0036770913,0.34875995,0.024750749,0.3989234,0.02921933,0.2588343,0.00476018,0.3846907,0.036713567,0.3421203,0.02149043
375316653866487564,1823687712822964480,0.52194995,2152.3189406761326,3.028631537407672,2.1538517E-5,19.209028,0.024584852,0.30322737,0.0097286515,0.092928246,0.012826709,0.4009,0.02568084,0.80896777,0.004310815,0.09056658,0.008045865,0.40337673,0.02514402,null,null,null,null,"TWOGAUSSIANS",8,2.8252945,0.80896777,0.004310815,0.4,0.0,0.38535485,0.018657325,0.30322737,0.0097286515,0.4,0.0,0.3828779,0.020064974
375316653866487564,1823687747182758144,0.54542136,2105.4441865378412,2.6046809684851144,1.2431667E-5,18.633608,0.013375608,0.23195621,0.0031008935,0.09631726,0.006078297,0.3589984,0.013582441,0.7282649,0.0025985842,0.08421991,0.0045753093,0.37865067,0.017199844,null,null,null,null,"TWOGAUSSIANS",8,2.3297222,0.7282649,0.0025985842,0.4,0.0,0.36367443,0.015918864,0.23195621,0.0031008935,0.4,0.0,0.34402117,0.011137618
375316653866487564,1823687751508118400,0.5471343,2145.305839454348,2.96338823768125,1.3802802E-5,16.48484,0.007579278,0.25545266,0.0032305936,0.08180489,0.0042865505,0.30658475,0.016211787,0.7458415,0.0016918108,0.08240676,0.0037505648,0.3010516,0.0077929893,null,null,null,null,"TWOGAUSSIANS",8,28.694519,0.25545266,0.0032305936,0.4,0.0,0.30166122,0.016250964,0.7458415,0.0016918108,0.4,0.0,0.29612806,0.0072843246
375316653866487564,1823688743615322112,0.52092606,2135.13770832298,3.503663067623309,2.1010503E-5,18.981447,0.009278311,0.23334336,0.0049953056,0.07096598,0.008716585,0.38980776,0.020614076,0.73160964,0.0038413955,0.07849877,0.0035009966,0.41417342,0.015690943,null,null,null,null,"TWOGAUSSIANS",8,4.907354,0.73160964,0.0038413955,0.4,0.0,0.4113009,0.015022221,0.23334336,0.0049953056,0.3974095,0.021855649,0.38693523,0.022063877
375316653866487564,1823689160257385472,0.60596824,2158.3007955774674,2.7830545274590692,7.772421E-6,17.544403,0.007008472,0.27316207,0.0015255127,0.05014443,0.0055094385,0.20961447,0.015977435,0.7745246,0.0027844736,0.038821753,0.004825584,0.11642671,0.017629484,0.112349905,0.008607826,0.27316207,0.0015255127,"TWOGAUSSIANS_WITH_ELLIPSOIDAL_ON_ECLIPSE1",9,5.231859,0.27316207,0.0015255127,0.2808088,0.030852856,0.43431327,0.015250573,0.7745246,0.002753863,0.21740182,0.02702327,0.34110904,0.010671953
375316653866487564,1823690564681644800,0.57484496,2126.987295310262,2.8463680180464017,6.4403803E-6,18.316566,0.01900801,0.28719705,0.0012723417,0.05091564,0.00806152,0.22995289,0.035272293,0.7704791,0.012735728,0.05084228,0.013962889,0.19202527,0.052991245,0.13423678,0.02309185,0.28719705,0.0012723417,"TWOGAUSSIANS_WITH_ELLIPSOIDAL_ON_ECLIPSE1",9,3.6473782,0.28719705,0.0012723417,0.28512758,0.045144513,0.49842468,0.027186386,0.7741891,0.010595041,0.28471676,0.078192174,0.45819706,0.029635968
375316653866487564,1823690637699057152,0.4826188,2135.0753815694097,3.4470832124312674,1.2701284E-5,19.276731,0.012855523,0.31427428,0.0061100763,0.083191454,0.009871243,0.21641265,0.04116699,0.8009322,0.0068346527,0.08623068,0.0122396,0.19755661,0.011599429,null,null,null,null,"TWOGAUSSIANS",8,1.725662,0.31427428,0.0061100763,0.4,0.0,0.2122205,0.041697502,0.8009322,0.0068346527,0.4,0.0,0.19336446,0.008725083
375316653866487564,1823690878244249600,0.62641436,2142.8913020736827,3.015703828923913,1.0806433E-5,17.701757,0.01581129,0.26127934,0.0016334113,0.051689807,0.005145595,0.3285635,0.03128692,0.7542814,0.00399359,0.050975762,0.006875356,0.17890926,0.034554508,0.11917682,0.017238533,0.26127934,0.0016334113,"TWOGAUSSIANS_WITH_ELLIPSOIDAL_ON_ECLIPSE1",9,5.5183163,0.26127934,0.0016334113,0.28946292,0.028815333,0.56691325,0.016597576,0.7557814,0.002976659,0.2854643,0.038501997,0.41689724,0.010212873
375316653866487564,1823691011358152320,0.612976,2150.502310736264,0.11339336270401498,5.437144E-6,17.826914,0.0014337553,0.20825323,6.378749E-4,0.009614043,6.4874016E-4,0.41332364,0.019613141,0.29045802,0.02552127,0.030880742,0.01865663,0.015683187,0.011722397,null,null,null,null,"TWOGAUSSIANS",8,1.4968048,0.20826323,6.366872E-4,0.05383864,0.003632945,0.41377738,0.01968138,0.29045802,0.02552127,0.17293215,0.10447713,0.015683187,0.011722397
375316653866487564,1823691256201364736,0.47812116,2131.7944411274625,0.6469896658058635,1.3426212E-5,14.367017,0.0024086619,0.34668925,0.0014124324,0.017764527,0.0026005625,0.4671368,0.09479966,0.7313769,0.049402628,0.031692497,0.039326075,0.012430049,4.3430557,0.0022290405,0.0033057097,0.7313769,0.049402628,"TWOGAUSSIANS_WITH_ELLIPSOIDAL_ON_ECLIPSE2",9,505.28592,0.34666926,0.001416457,0.09948136,0.01456315,0.4696368,0.09462106,0.7313769,0.049402628,0.177478,0.22022602,0.016888127,4.343119
