Gaia/vari_eclipsing_binary/VariEclipsingBinary_042767-043485.csv
# %ECSV 1.0
# ---
# delimiter: ','
# meta: !!omap
# - RELEASE: Gaia DR3
# - TABLE: vari_eclipsing_binary
# - DESCRIPTION: >
#     This table describes the properties of the eclipsing binaries resulting from the variability analysis. 
# - CITATION: >
#     How to cite and acknowledge Gaia: 
#     https://gea.esac.esa.int/archive/documentation/credits.html 
# - KNOWN_ISSUES: >
#     Known issues: 
#     https://www.cosmos.esa.int/web/gaia-users/known-issues 
# - DOCUMENTATION: >
#     Tutorials and documentation: 
#     https://www.cosmos.esa.int/web/gaia-users/archive 
# datatype:
# - 
#   name: solution_id
#   datatype: int64
#   description: Solution Identifier
#   meta:
#     ucd: meta.version
# - 
#   name: source_id
#   datatype: int64
#   description: Unique source identifier
#   meta:
#     ucd: meta.id;meta.main
# - 
#   name: global_ranking
#   datatype: float32
#   description: Number between 0 (worst) and 1 (best)
#   meta:
#     ucd: stat.param
# - 
#   name: reference_time
#   datatype: float64
#   unit: d
#   description: Reference time used for the geometric model fit
#   meta:
#     ucd: time.epoch
# - 
#   name: frequency
#   datatype: float64
#   unit: d**-1
#   description: Frequency of geometric model of the eclipsing binary light curve
#   meta:
#     ucd: src.orbital
# - 
#   name: frequency_error
#   datatype: float32
#   unit: d**-1
#   description: "Uncertainty of \\texttt{frequency}"
#   meta:
#     ucd: stat.error
# - 
#   name: geom_model_reference_level
#   datatype: float32
#   unit: mag
#   description: Magnitude reference level of geometric model
#   meta:
#     ucd: phot.mag;em.opt
# - 
#   name: geom_model_reference_level_error
#   datatype: float32
#   unit: mag
#   description: "Uncertainty of \\texttt{geomModelReferenceLevel}"
#   meta:
#     ucd: stat.error;phot.mag;em.opt
# - 
#   name: geom_model_gaussian1_phase
#   datatype: float32
#   description: Phase of the Gaussian 1 component
#   meta:
#     ucd: time.phase
# - 
#   name: geom_model_gaussian1_phase_error
#   datatype: float32
#   description: "Uncertainty of \\texttt{geomModelGaussian1Phase}"
#   meta:
#     ucd: stat.error;time.phase
# - 
#   name: geom_model_gaussian1_sigma
#   datatype: float32
#   description: "Standard deviation [phase] of Gaussian 1 component"
#   meta:
#     ucd: stat.stdev
# - 
#   name: geom_model_gaussian1_sigma_error
#   datatype: float32
#   description: "Uncertainty of \\texttt{geomModelGaussian1Sigma}"
#   meta:
#     ucd: stat.error
# - 
#   name: geom_model_gaussian1_depth
#   datatype: float32
#   unit: mag
#   description: Magnitude depth of Gaussian 1 component
#   meta:
#     ucd: src.var.amplitude
# - 
#   name: geom_model_gaussian1_depth_error
#   datatype: float32
#   unit: mag
#   description: "Uncertainty of \\texttt{geomModelGaussian1Depth}"
#   meta:
#     ucd: stat.error;src.var.amplitude
# - 
#   name: geom_model_gaussian2_phase
#   datatype: float32
#   description: Phase of Gaussian 2 component
#   meta:
#     ucd: time.phase
# - 
#   name: geom_model_gaussian2_phase_error
#   datatype: float32
#   description: "Uncertainty of \\texttt{geomModelGaussian2Phase}"
#   meta:
#     ucd: stat.error;time.phase
# - 
#   name: geom_model_gaussian2_sigma
#   datatype: float32
[...]
#   datatype: float32
#   description: "Secondary eclipse: uncertainty of \\texttt{derivedSecondaryEclDuration}"
#   meta:
#     ucd: stat.error;time.duration
# - 
#   name: derived_secondary_ecl_depth
#   datatype: float32
#   unit: mag
#   description: "Secondary eclipse: depth"
#   meta:
#     ucd: src.var.amplitude
# - 
#   name: derived_secondary_ecl_depth_error
#   datatype: float32
#   unit: mag
#   description: "Secondary eclipse: uncertainty of \\texttt{derivedSecondaryEclDepth}"
#   meta:
#     ucd: stat.error;src.var.amplitude
solution_id,source_id,global_ranking,reference_time,frequency,frequency_error,geom_model_reference_level,geom_model_reference_level_error,geom_model_gaussian1_phase,geom_model_gaussian1_phase_error,geom_model_gaussian1_sigma,geom_model_gaussian1_sigma_error,geom_model_gaussian1_depth,geom_model_gaussian1_depth_error,geom_model_gaussian2_phase,geom_model_gaussian2_phase_error,geom_model_gaussian2_sigma,geom_model_gaussian2_sigma_error,geom_model_gaussian2_depth,geom_model_gaussian2_depth_error,geom_model_cosine_half_period_amplitude,geom_model_cosine_half_period_amplitude_error,geom_model_cosine_half_period_phase,geom_model_cosine_half_period_phase_error,model_type,num_model_parameters,reduced_chi2,derived_primary_ecl_phase,derived_primary_ecl_phase_error,derived_primary_ecl_duration,derived_primary_ecl_duration_error,derived_primary_ecl_depth,derived_primary_ecl_depth_error,derived_secondary_ecl_phase,derived_secondary_ecl_phase_error,derived_secondary_ecl_duration,derived_secondary_ecl_duration_error,derived_secondary_ecl_depth,derived_secondary_ecl_depth_error
[from data line 182]
375316653866487564,377615758047546368,0.6029933,2279.42083083289,2.798213736229206,1.1841698E-5,17.114712,0.018419418,0.2594126,7.8545447E-4,0.03690964,0.002476478,0.64454967,0.03986515,0.76040363,0.009216977,0.046480127,0.018730149,0.21694136,0.039809868,0.05653607,0.026379671,0.2594126,7.8545447E-4,"TWOGAUSSIANS_WITH_ELLIPSOIDAL_ON_ECLIPSE1",9,37.421562,0.2594126,7.8545447E-4,0.20669398,0.013868276,0.75762165,0.022846924,0.76040363,0.008857713,0.26028872,0.10488883,0.33000898,0.03843181
375316653866487564,377624111761695360,0.4944031,2303.3653569132034,0.06360912808308472,2.5960098E-5,18.63337,0.0063006408,0.35559618,0.010528541,0.0720825,0.011584837,0.3060133,0.15373363,0.60136586,0.0040820944,0.040862694,0.0069875503,0.448509,0.1085038,null,null,null,null,"TWOGAUSSIANS",8,3.57318,0.60136586,0.0040820944,0.22883108,0.03913028,0.44942394,0.10841421,0.35559618,0.010528541,0.4,0.053098373,0.3060133,0.15373363
375316653866487564,377625314352740864,0.55568594,2331.696908482331,3.1303821721615885,1.280153E-5,14.849684,0.04081296,0.19395761,0.002846069,0.11037491,0.012092037,0.33227783,0.03814325,0.694351,0.0053982176,0.11011132,0.014213716,0.3150562,0.040531445,null,null,null,null,"TWOGAUSSIANS",8,144.36752,0.19395761,0.0028455253,0.4,0.0,0.2830353,0.010182625,0.694351,0.0053982176,0.4,0.0,0.26581594,0.016343152
375316653866487564,377649877267918208,0.52903515,2351.02282335489,2.5728049595041287,1.818802E-5,17.805536,0.021090953,0.2685385,0.004800185,0.10784516,0.014612625,0.2057103,0.017051825,0.7736278,0.005084711,0.098543964,0.010430986,0.20569561,0.02097415,null,null,null,null,"TWOGAUSSIANS",8,4.077661,0.2685385,0.004800185,0.4,0.0,0.18514141,0.007818831,0.7736278,0.005085232,0.4,0.0,0.18513468,0.011431578
375316653866487564,377649915925477120,0.46256906,2347.3110861571868,3.0017389201666256,2.0068068E-5,14.124883,0.021755602,0.27935225,0.009290173,0.097799174,0.034582604,0.07067675,0.016148422,0.76205,0.008103781,0.11513974,0.0312511,0.07229013,0.020635806,null,null,null,null,"TWOGAUSSIANS",8,80.87287,0.76205,0.008103781,0.4,0.0,0.06483627,0.008073894,0.27939227,0.00919824,0.4,0.0,0.063236505,0.008594034
375316653866487564,377651427753759104,0.5878467,2297.8982259431305,3.1347314651918343,1.2401968E-5,16.063992,0.044553295,0.26938415,0.009524968,0.055216208,0.030847687,0.09884136,0.08879914,0.76530397,0.008197478,0.052056603,0.025947977,0.07561193,0.088222355,0.07710816,0.04493028,0.26938415,0.009524968,"TWOGAUSSIANS_WITH_ELLIPSOIDAL_ON_ECLIPSE1",9,15.481003,0.26938415,0.009524968,0.30921078,0.09960184,0.253053,0.0115014,0.766544,0.005403355,0.29151696,0.116353124,0.22975303,0.007627282
375316653866487564,377663728540090624,0.65939087,2306.8688008449735,3.854015903393692,3.0985339E-6,17.249475,0.007861025,0.29027715,8.084229E-4,0.046534594,0.0024155246,0.35726205,0.015910005,0.7860273,0.004946224,0.04603443,0.006181213,0.39082417,0.052209232,0.12675928,0.009583086,0.29027715,8.084229E-4,"TWOGAUSSIANS_WITH_ELLIPSOIDAL_ON_ECLIPSE1",9,5.2758393,0.7864473,0.0045207157,0.2577928,0.03461479,0.64417887,0.061614715,0.29027715,8.084229E-4,0.2605937,0.013526938,0.61077976,0.0072568357
375316653866487564,377666576101980928,0.5690503,2289.416720317484,3.37485654237518,4.0800398E-5,19.244143,0.004556926,0.1910948,0.003362609,0.02265357,0.007274448,0.03705076,0.010910008,0.43622285,0.0067050494,0.040091056,0.0026906373,1.2164216,0.15992056,null,null,null,null,"TWOGAUSSIANS",8,1.5646384,0.43622285,0.0067050494,0.22450991,0.015067569,1.2164216,0.15992056,0.1910948,0.003362609,0.12686,0.04073691,0.03705077,0.010910011
375316653866487564,377680736610626816,0.4725376,2325.3555440473274,1.9184810124399858,2.4726998E-5,15.908901,0.010877697,0.24179241,0.009359448,0.03706054,0.00823097,0.30617702,0.055496804,0.7309374,0.007313726,0.036080025,0.006805122,0.2958579,0.039388537,0.029159514,0.026437392,0.24179241,0.009359448,"TWOGAUSSIANS_WITH_ELLIPSOIDAL_ON_ECLIPSE1",9,173.42314,0.24179241,0.009359448,0.20753904,0.046093434,0.36449596,0.053672392,0.7311474,0.007123106,0.20204814,0.038108684,0.3539113,0.03889457
375316653866487564,377684619260895360,0.6063284,2276.6861954457777,1.5661766881348484,6.087278E-6,15.249562,0.0031211942,0.25490823,0.005197093,0.046389665,0.0066686366,0.1286314,0.009519482,0.75057876,0.0013520053,0.040897854,0.001427877,0.22512461,0.009187464,0.025517054,0.004585013,0.25490823,0.005197093,"TWOGAUSSIANS_WITH_ELLIPSOIDAL_ON_ECLIPSE1",9,19.23612,0.75070876,0.0012670031,0.22902799,0.007996111,0.27612197,0.0063944114,0.25490823,0.005197093,0.2597821,0.037344366,0.17966542,0.0063037975
375316653866487564,377691869165692160,0.52260077,2263.1702310018927,2.057269071215547,1.6027612E-5,18.562193,0.0057924637,0.16748364,0.0070340983,0.089668036,0.009846337,0.12889975,0.009620526,0.66402334,0.012715241,0.0803342,0.0085621085,0.18524806,0.016747437,null,null,null,null,"TWOGAUSSIANS",8,1.4460762,0.66402334,0.012715241,0.4,0.0,0.18145443,0.016406637,0.16748364,0.0070340983,0.4,0.0,0.12510608,0.009890096
375316653866487564,377694755383567104,0.6361779,2293.066711265079,2.85372067814644,5.3169792E-6,17.302885,0.0052097337,0.26809114,0.002343372,0.079342335,0.003213579,0.4177353,0.009669557,0.7727093,0.0035483006,0.07497191,0.0030364492,0.44412124,0.010600497,null,null,null,null,"TWOGAUSSIANS",8,6.486827,0.7727093,0.0035483006,0.4,0.0,0.44002247,0.010436206,0.26809114,0.002343372,0.4,0.0,0.41363654,0.009795087
375316653866487564,377695678800135552,0.53712344,2292.3086344198855,3.857616349340565,1.3061267E-5,18.945118,0.043248486,0.26757905,0.005364197,0.10239893,0.0150272,0.31027648,0.039775968,0.7620149,0.0051747854,0.10063233,0.01326643,0.28589502,0.04234055,null,null,null,null,"TWOGAUSSIANS",8,3.3153417,0.26757905,0.005364197,0.4,0.0,0.28344533,0.015485127,0.7620149,0.0051747854,0.4,0.0,0.25906557,0.01718486
375316653866487564,377696537793609600,0.52487034,2287.1805322498353,1.709858495313441,3.2365708E-5,17.654884,0.0076238653,0.06606373,0.0061671236,0.08174803,0.016448893,0.047939748,0.013332504,0.5656123,0.00575457,0.08422012,0.014824577,0.10435204,0.0060032723,null,null,null,null,"TWOGAUSSIANS",8,2.139662,0.5656123,0.00575457,0.4,0.0,0.10285584,0.0054615573,0.06606373,0.0061671236,0.4,0.0,0.046443548,0.01301831
375316653866487564,377696847031281408,0.48239827,2278.316240154412,3.2011404117742144,3.458906E-5,18.770613,0.010358478,0.2240965,0.0022685006,0.032786056,0.006343177,0.16492517,0.010997556,0.7074054,0.036686752,0.045732863,0.021843124,0.10234609,0.101073734,null,null,null,null,"TWOGAUSSIANS",8,3.652751,0.2240965,0.0022685006,0.18360192,0.03552179,0.16492517,0.010997556,0.7074054,0.036686752,0.25610402,0.1223215,0.10234609,0.101073734
375316653866487564,377710659646348288,0.5016315,2282.3521579943576,4.294602506808322,5.6255518E-5,19.860258,0.02000219,0.24303629,0.008888708,0.09729857,0.011670684,0.23735203,0.023652319,0.7389551,0.010378042,0.075247034,0.011779834,0.54146236,0.03836465,null,null,null,null,"TWOGAUSSIANS",8,2.2112885,0.7389551,0.010378042,0.4,0.031798296,0.5321808,0.035094436,0.24303629,0.008888708,0.4,0.0,0.22806956,0.021247784
375316653866487564,377713893758083968,0.48602176,2305.437207286685,3.366031072275407,3.373266E-5,16.314331,0.005870388,0.18671401,0.0072608963,0.028334618,0.0071293516,0.051284757,0.025465837,0.4871637,0.0067519387,0.030578705,0.007386263,0.37417838,0.130215,0.011775827,0.0089486735,0.18671401,0.0072608963,"TWOGAUSSIANS_WITH_ELLIPSOIDAL_ON_ECLIPSE1",9,63.94754,0.4873837,0.0067774355,0.17124075,0.04136307,0.37647623,0.13031228,0.18671401,0.0072608963,0.15867385,0.03992437,0.074836366,0.025878662
375316653866487564,377734269082713600,0.584796,2309.9336603291054,3.1532150728914745,4.4793082E-6,16.845243,0.0057199737,0.24086353,0.0025239058,0.08709187,0.0036489381,0.22119784,0.0066837166,0.73872447,0.0016236125,0.0803421,0.0026939558,0.23563485,0.00544835,null,null,null,null,"TWOGAUSSIANS",8,7.1031914,0.73872447,0.0016236125,0.4,0.0,0.23055989,0.00430483,0.24086353,0.0025239058,0.4,0.0,0.21612285,0.005914639
375316653866487564,377735742254416256,0.48678964,2305.447367468325,0.8036222160153488,9.222838E-6,18.31034,0.0037939392,0.11557025,0.011061146,0.014955953,0.0054904097,0.9496963,2.5761237,0.6093575,3.4077163E-4,0.015274058,9.786534E-4,0.4843533,0.08798281,null,null,null,null,"TWOGAUSSIANS",8,7.46982,0.11557025,0.011061146,0.08375333,0.030746294,0.9496963,2.5761237,0.6093575,3.4077163E-4,0.08553472,0.005480459,0.4843533,0.08798281
375316653866487564,377739148165545856,0.6012602,2317.034325017099,2.679446699654629,8.17389E-6,15.695835,0.004727169,0.2218864,0.0017774652,0.07240879,0.0015291696,0.47200328,0.009597536,0.7195344,0.0023063647,0.07773857,0.0025896034,0.46983525,0.014533715,null,null,null,null,"TWOGAUSSIANS",8,55.11882,0.2218864,0.0017774652,0.4,0.0,0.46851233,0.00940873,0.7195344,0.0023063647,0.4,0.0,0.4663443,0.014765912
375316653866487564,377740041519278336,0.55667275,2279.6944528379327,0.14562828229321956,9.9350604E-5,13.875671,0.013800801,0.22674833,0.11944916,0.038669273,0.110483915,0.18266982,0.9072262,0.45071003,0.0031611614,0.013207226,0.0022144855,0.8470854,0.2685031,null,null,null,null,"TWOGAUSSIANS",8,378.90125,0.45071003,0.0031611614,0.07396047,0.012401119,0.8470855,0.26866734,0.22674833,0.11944916,0.21654794,0.39270595,0.18266982,0.90723383
375316653866487564,377742476763683584,0.46077228,2292.923522180159,0.3359352885989644,5.013013E-5,17.42186,0.00641247,0.3115227,0.047608104,0.03741917,0.034515172,0.001740014,0.87256074,0.5439821,1.5700866E-4,0.008038134,2.6830492E-4,0.42829508,0.014390267,0.019873345,0.016900262,0.3115227,0.047608104,"TWOGAUSSIANS_WITH_ELLIPSOIDAL_ON_ECLIPSE1",9,23.27826,0.5439821,1.5700866E-4,0.04501355,0.0015025076,0.42877555,0.014688608,0.3115227,0.047608104,0.20954736,0.19328496,0.04148637,0.87115115
375316653866487564,377754610048280576,0.65128726,2312.549590070972,3.9963793746377556,4.4622807E-6,15.837221,0.009583436,0.25224352,0.0015754795,0.049736913,0.0059271064,0.21612811,0.01562147,0.7502953,0.0025186164,0.0583246,0.004855434,0.20291995,0.019625386,0.09360535,0.011267989,0.25224352,0.0015754795,"TWOGAUSSIANS_WITH_ELLIPSOIDAL_ON_ECLIPSE1",9,15.248294,0.25224352,0.0015754795,0.27852672,0.033191796,0.40331936,0.0113518955,0.7506853,0.0019351384,0.32661778,0.02719043,0.3900887,0.0092338445
375316653866487564,377762822025753088,0.60909307,2314.2479489843267,3.5729641375744547,1.3627019E-5,16.562603,0.05727784,0.28637278,0.00243811,0.04659964,0.014192119,0.26500058,0.121712,0.79349357,0.0034190628,0.051675413,0.0141556,0.39053038,0.10534578,0.123284064,0.067649946,0.79349357,0.0034190628,"TWOGAUSSIANS_WITH_ELLIPSOIDAL_ON_ECLIPSE2",9,36.35612,0.79349357,0.0034190628,0.2893823,0.07927136,0.63709515,0.035258956,0.2873528,0.0019432417,0.260958,0.079475865,0.5111399,0.017976401
375316653866487564,377769590894161408,0.64739186,2320.2254994425393,3.4387989223027398,3.6858446E-6,14.966057,0.01487456,0.2906836,0.0014223242,0.050203897,0.003448107,0.3682026,0.031677008,0.7904919,0.0023884098,0.056111388,0.004053591,0.4447631,0.029350908,0.104364835,0.017015658,0.2906836,0.0014223242,"TWOGAUSSIANS_WITH_ELLIPSOIDAL_ON_ECLIPSE1",9,75.94952,0.7905119,0.0021195465,0.31422377,0.022700109,0.653469,0.016448544,0.2906836,0.0014223242,0.28114182,0.0193094,0.5769088,0.010098412
375316653866487564,377770862204486912,0.44713426,2320.6688708218176,3.764027566610357,5.6099518E-5,14.784677,0.06353896,0.28821915,0.011137848,0.11262292,0.027460227,0.20237072,0.062325053,0.7727584,0.009493887,0.13110274,0.042843606,0.17620082,0.05186006,null,null,null,null,"TWOGAUSSIANS",8,87.77032,0.28840914,0.01139304,0.4,0.0,0.16273594,0.012178256,0.7727584,0.009493887,0.4,0.0,0.13632283,0.027463878
375316653866487564,377774847934303232,0.44056448,2373.1010040014053,2.217579896922478,4.5968965E-5,18.847038,0.015014014,0.17485854,0.025102753,0.061944723,0.014379607,0.10381123,0.03605583,0.5613994,0.0066149035,0.035771325,0.008896517,0.2812383,0.1676149,null,null,null,null,"TWOGAUSSIANS",8,5.249291,0.5613994,0.0066149035,0.20031941,0.049820494,0.2812383,0.1676149,0.17485854,0.025102753,0.34689045,0.08052579,0.10381123,0.036055814
375316653866487564,377775702629496576,0.51333046,2267.8276345651725,4.111290684764926,3.6936857E-5,17.326681,0.03514612,0.258743,0.009754595,0.11510629,0.024681266,0.20202647,0.024686478,0.73891634,0.008341557,0.09748121,0.018875124,0.17436226,0.033220608,null,null,null,null,"TWOGAUSSIANS",8,12.525112,0.258743,0.009746592,0.4,0.0,0.18309297,0.018203195,0.73891634,0.008341557,0.4,0.0,0.15546885,0.00939458
375316653866487564,377780719151389696,0.46612117,2310.4950132741496,0.02658244447771998,2.1167518E-5,19.130966,0.0063958154,0.077214114,0.0018774932,0.028542092,0.0075014923,0.39978665,0.49815395,0.55959207,0.013609523,0.11273191,0.015327982,0.21588337,0.010291259,null,null,null,null,"TWOGAUSSIANS",8,3.8841114,0.077214114,0.0018774932,0.15983573,0.042008355,0.39933467,0.49845022,0.55959207,0.013609523,0.4,0.0,0.21540287,0.010746977
375316653866487564,377784399941528064,0.48983672,2362.6366845726534,0.026626449298977957,6.3510066E-5,19.109245,0.014483019,0.198542,0.010704617,0.09071244,0.012502224,0.27388668,0.02272778,0.6885344,0.0034946098,0.022083163,0.006440014,1.432879,1.5798757,null,null,null,null,"TWOGAUSSIANS",8,4.1696677,0.6885344,0.0034946098,0.12366571,0.03606408,1.4328574,1.5799185,0.198542,0.010704617,0.4,0.0,0.27386487,0.022727245
375316653866487564,377784880977719168,0.5462884,2299.910028445112,4.44323094498802,9.835331E-6,17.805305,0.008127871,0.20816493,0.0077104163,0.096354626,0.008414254,0.21177727,0.011345365,0.7069537,0.004328944,0.09106977,0.008052534,0.23128468,0.014604148,null,null,null,null,"TWOGAUSSIANS",8,4.181217,0.7069537,0.004328944,0.4,0.0,0.2189178,0.01736668,0.20816493,0.0077104163,0.4,0.0,0.19940992,0.010486292
375316653866487564,377785087136296064,0.6903951,2328.5334140649366,3.043579404873212,1.2987242E-6,16.116625,0.014203388,0.2981575,0.0033590395,0.04959438,0.0043341075,0.55823326,0.035388786,0.79555595,9.23839E-4,0.044651892,0.0037884589,0.4290934,0.017501986,0.11793427,0.015869755,0.2981575,0.0033590395,"TWOGAUSSIANS_WITH_ELLIPSOIDAL_ON_ECLIPSE1",9,13.600406,0.2981575,0.0033590395,0.27772853,0.024271,0.7941,0.00934063,0.79576594,8.7192166E-4,0.2500506,0.02121537,0.6649021,0.020934317
375316653866487564,377787492317970560,0.45149595,2353.917642422448,1.7648462030391001,8.660883E-5,14.357839,0.006617991,0.21325877,0.0070790523,0.030880898,0.018648703,0.12227678,0.031784352,0.7261269,0.03187588,0.040725064,0.02063542,0.16869868,0.07546273,null,null,null,null,"TWOGAUSSIANS",8,529.15466,0.7261269,0.03187588,0.22806035,0.115558356,0.16869868,0.07546273,0.21325877,0.0070790523,0.17293303,0.10443273,0.12227678,0.031784385
375316653866487564,377823393947905920,0.56322825,2287.219014248658,0.4632959822339038,1.8055774E-5,17.222458,0.0036181165,0.2683135,0.0032993422,0.036556963,0.002863628,0.24331856,0.008922821,0.75261134,0.018908568,0.03536319,0.012542748,0.3096483,0.10201325,null,null,null,null,"TWOGAUSSIANS",8,8.92179,0.75261134,0.018908568,0.19803385,0.07023939,0.3096483,0.10201325,0.2683135,0.0032993422,0.20471899,0.016036319,0.24331856,0.008922821
375316653866487564,377848476555856000,0.43371555,2321.0770347225907,2.528044655549447,3.1208285E-5,18.385752,0.007475724,0.051096126,0.010143617,0.008096206,0.006951573,0.05100164,0.05137987,0.40750977,0.027983436,0.15955709,0.040961295,0.09882834,0.014988177,null,null,null,null,"TWOGAUSSIANS",8,4.8653316,0.40750977,0.027983436,0.4,0.0,0.09737102,0.014971662,0.051246125,0.010250312,0.04533875,0.038928807,0.057735678,0.051188204
