Gaia/vari_eclipsing_binary/VariEclipsingBinary_507174-507924.csv
# %ECSV 1.0
# ---
# delimiter: ','
# meta: !!omap
# - RELEASE: Gaia DR3
# - TABLE: vari_eclipsing_binary
# - DESCRIPTION: >
#     This table describes the properties of the eclipsing binaries resulting from the variability analysis. 
# - CITATION: >
#     How to cite and acknowledge Gaia: 
#     https://gea.esac.esa.int/archive/documentation/credits.html 
# - KNOWN_ISSUES: >
#     Known issues: 
#     https://www.cosmos.esa.int/web/gaia-users/known-issues 
# - DOCUMENTATION: >
#     Tutorials and documentation: 
#     https://www.cosmos.esa.int/web/gaia-users/archive 
# datatype:
# - 
#   name: solution_id
#   datatype: int64
#   description: Solution Identifier
#   meta:
#     ucd: meta.version
# - 
#   name: source_id
#   datatype: int64
#   description: Unique source identifier
#   meta:
#     ucd: meta.id;meta.main
# - 
#   name: global_ranking
#   datatype: float32
#   description: Number between 0 (worst) and 1 (best)
#   meta:
#     ucd: stat.param
# - 
#   name: reference_time
#   datatype: float64
#   unit: d
#   description: Reference time used for the geometric model fit
#   meta:
#     ucd: time.epoch
# - 
#   name: frequency
#   datatype: float64
#   unit: d**-1
#   description: Frequency of geometric model of the eclipsing binary light curve
#   meta:
#     ucd: src.orbital
# - 
#   name: frequency_error
#   datatype: float32
#   unit: d**-1
#   description: "Uncertainty of \\texttt{frequency}"
#   meta:
#     ucd: stat.error
# - 
#   name: geom_model_reference_level
#   datatype: float32
#   unit: mag
#   description: Magnitude reference level of geometric model
#   meta:
#     ucd: phot.mag;em.opt
# - 
#   name: geom_model_reference_level_error
#   datatype: float32
#   unit: mag
#   description: "Uncertainty of \\texttt{geomModelReferenceLevel}"
#   meta:
#     ucd: stat.error;phot.mag;em.opt
# - 
#   name: geom_model_gaussian1_phase
#   datatype: float32
#   description: Phase of the Gaussian 1 component
#   meta:
#     ucd: time.phase
# - 
#   name: geom_model_gaussian1_phase_error
#   datatype: float32
#   description: "Uncertainty of \\texttt{geomModelGaussian1Phase}"
#   meta:
#     ucd: stat.error;time.phase
# - 
#   name: geom_model_gaussian1_sigma
#   datatype: float32
#   description: "Standard deviation [phase] of Gaussian 1 component"
#   meta:
#     ucd: stat.stdev
# - 
#   name: geom_model_gaussian1_sigma_error
#   datatype: float32
#   description: "Uncertainty of \\texttt{geomModelGaussian1Sigma}"
#   meta:
#     ucd: stat.error
# - 
#   name: geom_model_gaussian1_depth
#   datatype: float32
#   unit: mag
#   description: Magnitude depth of Gaussian 1 component
#   meta:
#     ucd: src.var.amplitude
# - 
#   name: geom_model_gaussian1_depth_error
#   datatype: float32
#   unit: mag
#   description: "Uncertainty of \\texttt{geomModelGaussian1Depth}"
#   meta:
#     ucd: stat.error;src.var.amplitude
# - 
#   name: geom_model_gaussian2_phase
#   datatype: float32
#   description: Phase of Gaussian 2 component
#   meta:
#     ucd: time.phase
# - 
#   name: geom_model_gaussian2_phase_error
#   datatype: float32
#   description: "Uncertainty of \\texttt{geomModelGaussian2Phase}"
#   meta:
#     ucd: stat.error;time.phase
# - 
#   name: geom_model_gaussian2_sigma
#   datatype: float32
[...]
#   datatype: float32
#   description: "Secondary eclipse: uncertainty of \\texttt{derivedSecondaryEclDuration}"
#   meta:
#     ucd: stat.error;time.duration
# - 
#   name: derived_secondary_ecl_depth
#   datatype: float32
#   unit: mag
#   description: "Secondary eclipse: depth"
#   meta:
#     ucd: src.var.amplitude
# - 
#   name: derived_secondary_ecl_depth_error
#   datatype: float32
#   unit: mag
#   description: "Secondary eclipse: uncertainty of \\texttt{derivedSecondaryEclDepth}"
#   meta:
#     ucd: stat.error;src.var.amplitude
solution_id,source_id,global_ranking,reference_time,frequency,frequency_error,geom_model_reference_level,geom_model_reference_level_error,geom_model_gaussian1_phase,geom_model_gaussian1_phase_error,geom_model_gaussian1_sigma,geom_model_gaussian1_sigma_error,geom_model_gaussian1_depth,geom_model_gaussian1_depth_error,geom_model_gaussian2_phase,geom_model_gaussian2_phase_error,geom_model_gaussian2_sigma,geom_model_gaussian2_sigma_error,geom_model_gaussian2_depth,geom_model_gaussian2_depth_error,geom_model_cosine_half_period_amplitude,geom_model_cosine_half_period_amplitude_error,geom_model_cosine_half_period_phase,geom_model_cosine_half_period_phase_error,model_type,num_model_parameters,reduced_chi2,derived_primary_ecl_phase,derived_primary_ecl_phase_error,derived_primary_ecl_duration,derived_primary_ecl_duration_error,derived_primary_ecl_depth,derived_primary_ecl_depth_error,derived_secondary_ecl_phase,derived_secondary_ecl_phase_error,derived_secondary_ecl_duration,derived_secondary_ecl_duration_error,derived_secondary_ecl_depth,derived_secondary_ecl_depth_error
[from data line 71]
375316653866487564,4462983977078987008,0.4880547,2167.1544603308707,0.4137752618521123,1.1642326E-4,19.479858,0.006627435,0.2586405,0.016466375,0.044281952,0.014323213,0.05562759,0.021598779,0.7010836,9.968916E-4,0.023730949,9.94354E-4,0.49699488,0.023320986,null,null,null,null,"TWOGAUSSIANS",8,2.349273,0.7010836,9.968916E-4,0.13289331,0.0055683823,0.49699488,0.023320986,0.2586405,0.016466375,0.24797893,0.08020999,0.05562759,0.021598779
375316653866487564,4462994525517844864,0.49479368,2118.708175070609,0.07380718753248772,2.3490875E-6,19.288969,0.004262329,0.19934537,9.206273E-6,0.0014543922,2.6630345E-5,1.563291,0.0723883,0.64380336,0.01797094,0.023961892,0.040699538,0.6961271,1.9838096,null,null,null,null,"TWOGAUSSIANS",8,1.5837169,0.19934537,9.206273E-6,0.008144597,1.4912993E-4,1.563291,0.0723883,0.64380336,0.01797094,0.1341866,0.2279174,0.6961271,1.9838096
375316653866487564,4462998343746830336,0.46821356,2144.3225910932756,0.21400612779607872,1.4102208E-5,15.498919,0.007198454,0.3500934,3.715403E-4,0.022389323,0.0012982008,0.31856415,0.0037438497,0.6712234,0.01948081,0.080734484,0.026860695,0.04353461,0.009190824,null,null,null,null,"TWOGAUSSIANS",8,229.18639,0.3500934,3.7135408E-4,0.1253802,0.0072699245,0.31858012,0.0038066972,0.6712234,0.01948081,0.4,0.0142066935,0.04353461,0.009190832
375316653866487564,4463031702754834688,0.48355064,2146.055108205183,0.09155246957572416,2.0985222E-5,19.19498,0.0028296541,0.22996795,9.2567893E-4,0.0046136566,0.00893253,0.6802362,0.6294752,0.68242055,0.010897438,0.04092241,0.018583173,0.07736156,0.23812364,null,null,null,null,"TWOGAUSSIANS",8,1.4871095,0.22996795,9.2567893E-4,0.025836475,0.05002217,0.6802362,0.6294752,0.68242055,0.010897438,0.2291655,0.10406577,0.07736156,0.23812364
375316653866487564,4463039987749969792,0.4885547,2137.4643550771702,1.432603730325639,2.3769893E-5,14.239154,0.05099345,0.19027773,0.0039971783,0.035725974,0.005129566,0.4944542,0.043215763,0.67536277,0.09136249,0.07900116,0.27305815,0.04567282,0.04623729,null,null,null,null,"TWOGAUSSIANS",8,1704.0951,0.19027773,0.0039602853,0.20006545,0.02872557,0.49444705,0.04103268,0.67536277,0.09136249,0.4,0.22641948,0.045665678,0.04496439
375316653866487564,4463067716058205184,0.5046187,2050.224541005869,1.1602278129032668,2.3140743E-5,15.647672,0.010052785,0.1226287,0.02006676,0.02984259,0.00870517,0.34721306,0.17611222,0.6157257,0.0013213768,0.013111658,0.005901671,0.52266073,0.10838214,0.026392253,0.020190127,0.1226287,0.02006676,"TWOGAUSSIANS_WITH_ELLIPSOIDAL_ON_ECLIPSE1",9,626.78143,0.6157357,0.0013226643,0.073425286,0.033049356,0.57534605,0.11493136,0.1226287,0.02006676,0.16711852,0.04874895,0.39999744,0.161738
375316653866487564,4463073316695572096,0.55165696,2097.9595979496407,2.8719993566539705,1.0732713E-5,15.770205,0.011652446,0.21908133,0.010251071,0.10228043,0.015647022,0.14935735,0.020254817,0.72459203,0.002952212,0.070894375,0.003247381,0.44537494,0.016645228,null,null,null,null,"TWOGAUSSIANS",8,95.09889,0.72459203,0.002952212,0.39700848,0.013932117,0.4391007,0.013792674,0.21908133,0.010251071,0.4,0.0,0.14308113,0.022198888
375316653866487564,4463091115040079488,0.52180475,2079.5519260250944,0.716120872844093,2.664546E-5,18.962208,0.0055106464,0.475061,0.021892268,0.060237695,0.02061833,0.495473,14.157277,0.7841278,0.010022882,0.0538831,0.008387257,0.06098369,0.03281039,null,null,null,null,"TWOGAUSSIANS",8,2.6079998,0.475061,0.021892268,0.3373311,0.11546265,0.495473,14.157277,0.7841278,0.010022882,0.30174536,0.04696864,0.06098464,0.0328108
375316653866487564,4463098227505914240,0.5452815,2087.792916283338,4.69715286766407,1.3897182E-5,19.029808,0.0064242217,0.18154521,0.0049654273,0.07182013,0.0051247645,0.38455322,0.017597781,0.6865251,0.0037656815,0.07215134,0.005581407,0.33534908,0.028012853,null,null,null,null,"TWOGAUSSIANS",8,2.3157933,0.18154521,0.0049654273,0.4,0.019715227,0.3830232,0.017703095,0.6865251,0.0037656815,0.4,0.0061109345,0.33381906,0.028615655
375316653866487564,4463131723953787264,0.5336945,2085.6656091662016,4.132871447402097,1.6578986E-5,19.64264,0.011034282,0.29525813,0.0044428855,0.049634833,0.004713374,0.44152623,0.035983395,0.7991168,0.005446871,0.058576494,0.0058096685,0.42471477,0.01593462,null,null,null,null,"TWOGAUSSIANS",8,2.4296,0.29525813,0.0044428855,0.27795506,0.026394894,0.44150934,0.03599211,0.7991168,0.005446871,0.32802838,0.03253414,0.42469788,0.015916634
375316653866487564,4463197973826746368,0.4402144,2115.2933503155455,3.996768611597863,2.3882696E-5,17.140646,0.0076003806,0.23744217,0.021574836,0.053822417,0.018819645,0.08897459,0.026905732,0.7454216,0.027811008,0.07881108,0.03863404,0.06408285,0.017619427,null,null,null,null,"TWOGAUSSIANS",8,11.499727,0.23744217,0.021574836,0.30140552,0.10539001,0.088881075,0.026922284,0.7454216,0.027811008,0.4,0.12747861,0.06398934,0.017789371
375316653866487564,4463208316107479808,0.49538964,2095.1375724544005,2.7537441346631346,1.5385414E-5,14.746984,0.48289663,0.28901392,0.0032691464,0.25937006,0.10717231,0.6733678,0.47858295,0.7912167,0.009953949,0.14921965,0.03795992,0.4659247,0.27821878,null,null,null,null,"TWOGAUSSIANS",8,48.11235,0.28859392,0.0033764169,0.4,0.0,0.13422301,0.010125324,0.7927166,0.0096100755,0.4,0.0,0.13266206,0.016244404
375316653866487564,4463213878087563392,0.5433106,2084.6213705914374,1.8178831802126807,6.795186E-5,18.252357,0.002299056,0.17512995,0.002549343,0.020274885,0.004859116,0.5738062,0.29550272,null,null,null,null,null,null,null,null,null,null,"ONEGAUSSIAN",5,3.7541456,0.17512995,0.002549343,0.11353935,0.02721105,0.5738062,0.0,null,null,null,null,null,null
375316653866487564,4463243878436841344,0.5450318,2116.151522214914,2.7809460616210853,1.2244918E-5,15.02508,0.014733533,0.1438695,0.004452049,0.09943983,0.011196224,0.23281719,0.011872162,0.6431734,0.003918812,0.09621918,0.007900742,0.21924211,0.014903312,null,null,null,null,"TWOGAUSSIANS",8,70.821915,0.1438695,0.004452049,0.4,0.0,0.2157122,0.008710388,0.6431734,0.003918812,0.4,0.0,0.20213802,0.010176889
375316653866487564,4463244359471244544,0.47251093,2098.5647492384187,3.640401427987192,3.197597E-5,16.938515,0.0052944203,0.7836982,0.0107576875,0.040208343,0.17316823,0.015387676,7.451682E27,null,null,null,null,null,null,0.058525454,0.0056491243,0.7836982,0.0107576875,"ONEGAUSSIAN_WITH_ELLIPSOIDAL",6,17.662773,0.7836982,0.0107576875,0.22516672,0.36887762,0.13243847,7.451682E27,null,null,null,null,null,null
375316653866487564,4463252571450652160,0.4764883,2080.595992733702,2.2380301323405685,8.951297E-6,17.764894,0.00752188,0.21288528,0.014476141,0.016743485,0.011854954,0.054666862,0.06857021,0.7347108,0.002559892,0.04766826,0.0043390514,0.2774802,0.027923316,null,null,null,null,"TWOGAUSSIANS",8,23.640614,0.7347108,0.002559892,0.26694226,0.024298687,0.2774802,0.027923316,0.21288528,0.014476141,0.093763515,0.06638774,0.054666862,0.06857021
375316653866487564,4463273148637321344,0.6150618,2077.079952965256,3.6283914642982733,3.1690317E-6,18.550701,0.01562666,0.30545944,0.0013796068,0.04753157,0.003999227,0.68504936,0.049591832,0.80390954,0.01710687,0.0446818,0.012888644,0.33304495,0.057828043,0.07152393,0.025325192,0.30545944,0.0013796068,"TWOGAUSSIANS_WITH_ELLIPSOIDAL_ON_ECLIPSE1",9,4.5408535,0.30545944,0.0013796068,0.2661768,0.022395672,0.8280964,0.056853406,0.80400956,0.016955117,0.25021806,0.072176404,0.47607931,0.048230935
375316653866487564,4463303870539972608,0.6288651,2107.3016450639866,3.5671782133973178,5.6870686E-6,16.826576,0.011953401,0.23875241,0.0015302491,0.048156362,0.0068210713,0.27741075,0.019124847,0.73550403,0.0070521217,0.042267602,0.006085475,0.18465535,0.035092983,0.09714381,0.01415259,0.23875241,0.0015302491,"TWOGAUSSIANS_WITH_ELLIPSOIDAL_ON_ECLIPSE1",9,8.128856,0.23875241,0.0015302491,0.2696756,0.038197998,0.4716975,0.02756563,0.735924,0.006042922,0.23669857,0.03407866,0.37887165,0.023042662
375316653866487564,4463354001398686464,0.5174853,2099.793565422985,0.37511572279321403,1.7793922E-5,16.174814,0.0069499947,0.25418013,0.0043016314,0.042619698,0.0055503678,0.36567032,0.03581322,0.74464035,0.018333806,0.085250735,0.015190282,0.20849326,0.01575696,null,null,null,null,"TWOGAUSSIANS",8,124.801216,0.25418013,0.0043016314,0.2386703,0.03108206,0.3655029,0.035887983,0.74464035,0.018333806,0.4,0.0,0.20832582,0.015698832
375316653866487564,4463389220130769408,0.5844859,2021.8127667574033,3.4147370783545337,8.3628265E-6,16.982235,0.0046080416,0.26724702,0.0036568616,0.08341531,0.0038355289,0.36811242,0.016585737,0.7740443,0.0022053982,0.06525226,0.0030740255,0.37767926,0.014321736,null,null,null,null,"TWOGAUSSIANS",8,14.407152,0.7740443,0.0022053982,0.36541265,0.017214542,0.37546688,0.014695065,0.26724702,0.0036568616,0.4,0.0,0.3659,0.016901772
375316653866487564,4463395782840713216,0.49034083,2083.516310524898,4.054314127879225,2.499361E-5,17.814468,0.010459007,0.26475224,0.0055637294,0.104883,0.010489045,0.15450044,0.010391596,0.77461284,0.00698789,0.082189746,0.010664788,0.15484579,0.015939035,null,null,null,null,"TWOGAUSSIANS",8,6.2536736,0.77461284,0.00698789,0.4,0.0,0.14737344,0.016327642,0.26475224,0.0055637294,0.4,0.0,0.14702415,0.007526841
375316653866487564,4463448971715618176,0.62066054,2109.566868901699,0.8934660224968837,5.6103063E-6,13.687002,0.003399331,0.23244117,0.0030170921,0.04440998,0.0031922683,0.4652737,0.02195662,0.7383057,0.0020780975,0.04381199,0.002781254,0.1851207,0.011001141,0.012576341,0.00667033,0.23244117,0.0030170921,"TWOGAUSSIANS_WITH_ELLIPSOIDAL_ON_ECLIPSE1",9,43.68939,0.23244117,0.0030170921,0.24869588,0.017876703,0.49042633,0.02236344,0.7383057,0.0020780975,0.24534716,0.015575022,0.21023917,0.00732472
375316653866487564,4463453747719328000,0.56078744,2092.8932044115513,1.2722893480222104,9.808307E-6,14.499314,0.0043614744,0.27092957,0.0045018434,0.0939543,0.0056188973,0.099318996,0.004325208,0.75636154,0.0034851257,0.0869947,0.0034438167,0.1720945,0.0076263743,null,null,null,null,"TWOGAUSSIANS",8,22.286804,0.75636154,0.0034851257,0.4,0.0,0.16759157,0.007028938,0.27092957,0.0045018434,0.4,0.0,0.09481591,0.003019223
375316653866487564,4463459520155357184,0.54492563,2067.9297608437755,0.18915856217900584,1.3328413E-6,13.1856575,3.6498343E-4,0.633006,3.9632205E-4,0.020361837,2.3262667E-4,0.67822963,0.04975007,null,null,null,null,null,null,null,null,null,null,"ONEGAUSSIAN",5,7.754462,0.633006,3.9632205E-4,0.114026286,0.0013027093,0.67822963,0.0,null,null,null,null,null,null
375316653866487564,4463477726519752320,0.5601292,2114.097119619077,1.8181610817204108,2.8652668E-5,19.476934,0.0038072092,0.35601524,0.029242195,0.015423114,0.009393846,4.362925,3.8252199,0.7478633,0.033361472,0.0164192,0.02398203,0.4367093,2.24936644E13,null,null,null,null,"TWOGAUSSIANS",8,1.3321003,0.35601524,0.029242195,0.08636944,0.052605536,4.362925,3.8252199,0.7478633,0.033361472,0.091947526,0.13429937,0.4367093,2.24936644E13
375316653866487564,4463490203401053696,0.5693521,2085.2841985921045,4.049246466050032,7.878154E-6,17.58379,0.03182091,0.27027687,0.002153013,0.052675664,0.005312265,0.88981205,0.082353935,0.77657485,0.008873867,0.04585868,0.012021014,0.34726775,0.06829902,0.07942629,0.043173194,0.77657485,0.008873867,"TWOGAUSSIANS_WITH_ELLIPSOIDAL_ON_ECLIPSE2",9,34.198994,0.27051687,0.0019667714,0.2949837,0.029748682,1.0484188,0.091535576,0.77657485,0.008873867,0.2568086,0.06731767,0.5061137,0.03417436
375316653866487564,4463496044556587648,0.4626149,2098.3266895466236,0.8570603724033654,4.0289975E-5,15.891368,0.11930133,0.32753563,0.071564056,0.15009095,0.2423403,0.067548454,0.10374175,0.82217366,0.005153694,0.07831788,0.027137078,0.17959937,0.061582744,null,null,null,null,"TWOGAUSSIANS",8,68.60921,0.82217366,0.005153694,0.4,0.04156861,0.16559377,0.018475076,0.32753563,0.071564056,0.4,0.09237691,0.05301367,0.019132365
375316653866487564,4463512056194698240,0.65205956,2080.0870907913118,0.7473749923753442,2.2534769E-6,13.706345,0.0020282313,0.2972697,0.0022674552,0.03684064,0.0024070777,0.15405922,0.010299161,0.7976474,3.788166E-4,0.03173538,9.238022E-4,0.40354154,0.006921185,0.019786263,0.003276977,0.2972697,0.0022674552,"TWOGAUSSIANS_WITH_ELLIPSOIDAL_ON_ECLIPSE1",9,30.85396,0.7976474,3.7819083E-4,0.17771813,0.0051732925,0.44311374,0.005399195,0.2972697,0.0022674552,0.20630759,0.013479635,0.19363166,0.009777364
375316653866487564,4463574797076992896,0.59920025,2088.7355714362066,3.31524926437248,1.0192116E-5,16.965534,0.006696686,0.27696317,0.0019414541,0.09730712,0.0033286754,0.36469436,0.009025997,0.77884686,0.0019184934,0.09430343,0.0028034616,0.33581242,0.007731494,null,null,null,null,"TWOGAUSSIANS",8,10.005151,0.27696317,0.0019414541,0.4,0.0,0.34202287,0.01022896,0.77884686,0.0019184934,0.4,0.0,0.31314176,0.0060843616
375316653866487564,4463605407307006976,0.50420445,2095.768243549945,0.20597621509765487,9.362618E-5,18.86369,0.0066056275,0.14704752,0.016882371,0.01206541,0.029184042,0.19563235,3.0367298,0.82638675,0.026152913,0.042006377,0.019901104,1.0353357,5.1936226,null,null,null,null,"TWOGAUSSIANS",8,4.6866813,0.82638675,0.026152913,0.23523572,0.11144618,1.0353357,5.1936226,0.14704752,0.016882371,0.06756629,0.16343063,0.19563235,3.0367298
375316653866487564,4463632242261921664,0.4490238,2087.6875610807424,0.08671327899157681,1.6260692E-5,17.689339,0.005087059,0.7352927,0.018576924,0.018810472,0.011047011,0.44235912,1.1350907,null,null,null,null,null,null,0.028816827,0.0070253843,0.7352927,0.018576924,"ONEGAUSSIAN_WITH_ELLIPSOIDAL",6,12.777267,0.7352927,0.018576924,0.10533864,0.061863262,0.4999927,1.1393383,null,null,null,null,null,null
375316653866487564,4463686225709634048,0.59758425,2136.103903913995,3.3390324238601474,6.3674534E-6,17.243334,0.012047053,0.2925449,0.0022328093,0.059822813,0.0027851732,0.5456064,0.029627044,0.78498626,0.0018775568,0.05004032,0.0027622536,0.40576676,0.031699963,0.07917646,0.02026525,0.2925449,0.0022328093,"TWOGAUSSIANS_WITH_ELLIPSOIDAL_ON_ECLIPSE1",9,31.804031,0.2925449,0.0022328093,0.33500776,0.01559697,0.70387197,0.02258259,0.7855263,0.0017725276,0.28022578,0.015468621,0.563701,0.01495478
375316653866487564,4463707730607706880,0.5313794,2069.53406584795,0.30004702006676126,8.9699264E-5,18.48133,0.0019272343,0.24175858,0.0015797646,0.028880373,0.005508194,0.7232065,0.47555354,0.71716446,0.00582555,0.0470306,0.014736219,0.13290955,0.124001004,null,null,null,null,"TWOGAUSSIANS",8,0.9026488,0.24175858,0.0015797646,0.16173008,0.030845888,0.7232065,0.47555354,0.71716446,0.00582555,0.26337138,0.08252283,0.13290955,0.124001004
375316653866487564,4463709624690262528,0.51141155,2105.4413565256177,1.0588171642997704,1.39936965E-5,14.200766,0.002993126,0.4000176,0.0034653638,0.044126656,0.0031672171,0.20182121,0.009923064,null,null,null,null,null,null,null,null,null,null,"ONEGAUSSIAN",5,76.14777,0.4000176,0.0034653638,0.24710928,0.017736416,0.20182121,0.0,null,null,null,null,null,null
375316653866487564,4463791602729238144,0.4887707,2233.39502076306,2.418793804230275,2.2356178E-5,11.806534,0.027933568,0.30915615,0.0054670423,0.074052006,0.00882152,0.46478754,0.03891493,0.7986213,0.012520579,0.10850911,0.022428816,0.18533541,0.028191442,null,null,null,null,"TWOGAUSSIANS",8,830.2739,0.30915615,0.0054670353,0.4,0.012427802,0.4545065,0.038624294,0.7986213,0.012520579,0.4,0.0,0.1750444,0.020599805
375316653866487564,4463806897109684480,0.5921187,2195.698682675755,0.2969626366009881,2.0450561E-6,18.124619,0.0028223475,0.31225526,7.6011795E-4,0.030553006,9.492562E-4,0.47613248,0.012988113,0.81167567,0.0030231036,0.035341613,0.003691986,0.11795011,0.0060074204,0.025093114,0.00413365,0.31225526,7.6011795E-4,"TWOGAUSSIANS_WITH_ELLIPSOIDAL_ON_ECLIPSE1",9,2.187372,0.31225526,7.6011795E-4,0.17109683,0.0053158347,0.52631867,0.012888473,0.8116957,0.0029528227,0.19791302,0.02067512,0.16813563,0.0057176333
