Gaia/vari_eclipsing_binary/VariEclipsingBinary_333168-333325.csv
# %ECSV 1.0
# ---
# delimiter: ','
# meta: !!omap
# - RELEASE: Gaia DR3
# - TABLE: vari_eclipsing_binary
# - DESCRIPTION: >
#     This table describes the properties of the eclipsing binaries resulting from the variability analysis. 
# - CITATION: >
#     How to cite and acknowledge Gaia: 
#     https://gea.esac.esa.int/archive/documentation/credits.html 
# - KNOWN_ISSUES: >
#     Known issues: 
#     https://www.cosmos.esa.int/web/gaia-users/known-issues 
# - DOCUMENTATION: >
#     Tutorials and documentation: 
#     https://www.cosmos.esa.int/web/gaia-users/archive 
# datatype:
# - 
#   name: solution_id
#   datatype: int64
#   description: Solution Identifier
#   meta:
#     ucd: meta.version
# - 
#   name: source_id
#   datatype: int64
#   description: Unique source identifier
#   meta:
#     ucd: meta.id;meta.main
# - 
#   name: global_ranking
#   datatype: float32
#   description: Number between 0 (worst) and 1 (best)
#   meta:
#     ucd: stat.param
# - 
#   name: reference_time
#   datatype: float64
#   unit: d
#   description: Reference time used for the geometric model fit
#   meta:
#     ucd: time.epoch
# - 
#   name: frequency
#   datatype: float64
#   unit: d**-1
#   description: Frequency of geometric model of the eclipsing binary light curve
#   meta:
#     ucd: src.orbital
# - 
#   name: frequency_error
#   datatype: float32
#   unit: d**-1
#   description: "Uncertainty of \\texttt{frequency}"
#   meta:
#     ucd: stat.error
# - 
#   name: geom_model_reference_level
#   datatype: float32
#   unit: mag
#   description: Magnitude reference level of geometric model
#   meta:
#     ucd: phot.mag;em.opt
# - 
#   name: geom_model_reference_level_error
#   datatype: float32
#   unit: mag
#   description: "Uncertainty of \\texttt{geomModelReferenceLevel}"
#   meta:
#     ucd: stat.error;phot.mag;em.opt
# - 
#   name: geom_model_gaussian1_phase
#   datatype: float32
#   description: Phase of the Gaussian 1 component
#   meta:
#     ucd: time.phase
# - 
#   name: geom_model_gaussian1_phase_error
#   datatype: float32
#   description: "Uncertainty of \\texttt{geomModelGaussian1Phase}"
#   meta:
#     ucd: stat.error;time.phase
# - 
#   name: geom_model_gaussian1_sigma
#   datatype: float32
#   description: "Standard deviation [phase] of Gaussian 1 component"
#   meta:
#     ucd: stat.stdev
# - 
#   name: geom_model_gaussian1_sigma_error
#   datatype: float32
#   description: "Uncertainty of \\texttt{geomModelGaussian1Sigma}"
#   meta:
#     ucd: stat.error
# - 
#   name: geom_model_gaussian1_depth
#   datatype: float32
#   unit: mag
#   description: Magnitude depth of Gaussian 1 component
#   meta:
#     ucd: src.var.amplitude
# - 
#   name: geom_model_gaussian1_depth_error
#   datatype: float32
#   unit: mag
#   description: "Uncertainty of \\texttt{geomModelGaussian1Depth}"
#   meta:
#     ucd: stat.error;src.var.amplitude
# - 
#   name: geom_model_gaussian2_phase
#   datatype: float32
#   description: Phase of Gaussian 2 component
#   meta:
#     ucd: time.phase
# - 
#   name: geom_model_gaussian2_phase_error
#   datatype: float32
#   description: "Uncertainty of \\texttt{geomModelGaussian2Phase}"
#   meta:
#     ucd: stat.error;time.phase
# - 
#   name: geom_model_gaussian2_sigma
#   datatype: float32
[...]
#   datatype: float32
#   description: "Secondary eclipse: uncertainty of \\texttt{derivedSecondaryEclDuration}"
#   meta:
#     ucd: stat.error;time.duration
# - 
#   name: derived_secondary_ecl_depth
#   datatype: float32
#   unit: mag
#   description: "Secondary eclipse: depth"
#   meta:
#     ucd: src.var.amplitude
# - 
#   name: derived_secondary_ecl_depth_error
#   datatype: float32
#   unit: mag
#   description: "Secondary eclipse: uncertainty of \\texttt{derivedSecondaryEclDepth}"
#   meta:
#     ucd: stat.error;src.var.amplitude
solution_id,source_id,global_ranking,reference_time,frequency,frequency_error,geom_model_reference_level,geom_model_reference_level_error,geom_model_gaussian1_phase,geom_model_gaussian1_phase_error,geom_model_gaussian1_sigma,geom_model_gaussian1_sigma_error,geom_model_gaussian1_depth,geom_model_gaussian1_depth_error,geom_model_gaussian2_phase,geom_model_gaussian2_phase_error,geom_model_gaussian2_sigma,geom_model_gaussian2_sigma_error,geom_model_gaussian2_depth,geom_model_gaussian2_depth_error,geom_model_cosine_half_period_amplitude,geom_model_cosine_half_period_amplitude_error,geom_model_cosine_half_period_phase,geom_model_cosine_half_period_phase_error,model_type,num_model_parameters,reduced_chi2,derived_primary_ecl_phase,derived_primary_ecl_phase_error,derived_primary_ecl_duration,derived_primary_ecl_duration_error,derived_primary_ecl_depth,derived_primary_ecl_depth_error,derived_secondary_ecl_phase,derived_secondary_ecl_phase_error,derived_secondary_ecl_duration,derived_secondary_ecl_duration_error,derived_secondary_ecl_depth,derived_secondary_ecl_depth_error
375316653866487564,2930577583322440576,0.57820183,2187.4217340778964,3.220449900459793,8.70593E-6,14.225528,0.0058538606,0.26206887,0.002523944,0.033814102,0.0064625996,0.06599495,0.014198227,0.7506081,0.0057180244,0.055699535,0.007494961,0.14064561,0.012479931,0.10415892,0.007115123,0.26206887,0.002523944,"TWOGAUSSIANS_WITH_ELLIPSOIDAL_ON_ECLIPSE1",9,95.61726,0.75365806,0.0036161123,0.3119174,0.04197178,0.34816918,0.0061992016,0.26206887,0.002523944,0.18935898,0.03619056,0.27431047,0.007277397
375316653866487564,2930579228288641280,0.50446826,2162.694301121299,2.565183488906298,1.8441777E-5,18.974184,0.023728173,0.23455207,0.004536761,0.088962,0.011120794,0.22238667,0.021611495,0.7341737,0.009765597,0.0966366,0.017814588,0.23208411,0.027526997,null,null,null,null,"TWOGAUSSIANS",8,3.509078,0.7341737,0.009765597,0.4,0.0,0.2200875,0.02877353,0.23455207,0.004536761,0.4,0.0,0.2103907,0.012350189
375316653866487564,2930580637037966080,0.66651046,2174.2830415817944,2.4556781128346943,2.7574044E-6,18.026228,0.010598292,0.2318014,9.3197555E-4,0.047552064,0.004221512,0.20088865,0.021811178,0.73320353,0.00333141,0.053517304,0.004585461,0.29508713,0.02288743,0.1907006,0.011873043,0.2318014,9.3197555E-4,"TWOGAUSSIANS_WITH_ELLIPSOIDAL_ON_ECLIPSE1",9,2.1550786,0.73320353,0.0032781304,0.29969692,0.025678582,0.6764524,0.01323352,0.2318014,9.3197555E-4,0.26629156,0.023640467,0.5822835,0.008733637
375316653866487564,2930582599834958208,0.5496595,2141.222375521019,3.118328232574299,5.720041E-6,19.274786,0.007585034,0.24786635,0.0025525736,0.07684914,0.0025390608,0.5016347,0.02388667,0.7454112,0.0031791048,0.07092006,0.0032996272,0.43597385,0.017946731,null,null,null,null,"TWOGAUSSIANS",8,2.3488157,0.24786635,0.0025525736,0.4,0.0,0.49874276,0.02406084,0.7454112,0.0031791048,0.3971523,0.015842175,0.43308187,0.017895855
375316653866487564,2930582840362428288,0.48190787,2129.296131904641,0.839523184897417,1.2046214E-4,17.180008,0.0021195523,0.42852175,0.0145550445,0.044903643,0.00664902,0.6172437,0.17340708,null,null,null,null,null,null,null,null,null,null,"ONEGAUSSIAN",5,99.42536,0.42852175,0.0145550445,0.2514604,0.037234515,0.6172437,0.0,null,null,null,null,null,null
375316653866487564,2930582909081728384,0.57179534,2171.8282234427516,2.936782527580824,5.9145527E-6,16.11696,0.020359095,0.29111597,0.0019135348,0.046017963,0.007325806,0.3297758,0.054548614,0.79554504,0.009717171,0.052023456,0.014222865,0.26562575,0.047156308,0.10804605,0.030050242,0.29111597,0.0019135348,"TWOGAUSSIANS_WITH_ELLIPSOIDAL_ON_ECLIPSE1",9,75.15519,0.29111597,0.0019135348,0.2577006,0.041024514,0.54586446,0.051715598,0.79554504,0.009298266,0.29133135,0.07964804,0.4815471,0.020480273
375316653866487564,2930583905514032256,0.67850876,2163.5394070113284,0.3529254289340767,5.750813E-6,15.807284,0.0014216544,0.24429886,4.6014925E-4,0.026377618,5.4751086E-4,0.34404203,0.005707249,0.74818015,0.0042126346,0.024336249,0.0021618246,0.38041148,0.02968619,0.012170833,0.0023975794,0.24429886,4.6014925E-4,"TWOGAUSSIANS_WITH_ELLIPSOIDAL_ON_ECLIPSE1",9,5.7656693,0.74818015,0.0042126346,0.136283,0.012106217,0.40473863,0.029072125,0.24429886,4.6014925E-4,0.14771466,0.0030660608,0.36838368,0.0056190356
375316653866487564,2930584833227040768,0.5999431,2156.7849789030224,0.13682053075955303,1.2509302E-4,16.806728,8.4418745E-4,0.20555836,8.3631696E-4,0.014270338,4.569682E-4,0.20611444,0.0054759975,0.8814519,0.0065481197,0.019789854,0.0031691988,0.0795142,0.0724042,null,null,null,null,"TWOGAUSSIANS",8,1.7063212,0.20555836,8.3631696E-4,0.0799139,0.0025590218,0.20611444,0.0054759975,0.8814519,0.0065481197,0.110823184,0.017747514,0.0795142,0.0724042
375316653866487564,2930585382982786560,0.43133894,2137.544902285751,1.0834844287894732,9.325081E-5,19.259594,0.2240497,0.27495158,0.026464999,0.10977172,0.08415339,0.16588783,0.2114681,0.76700974,0.011694423,0.09469153,0.079471655,0.16402857,0.1833671,null,null,null,null,"TWOGAUSSIANS",8,3.5218651,0.27495158,0.026495304,0.4,0.01659152,0.1508541,0.0564232,0.76700974,0.011694423,0.4,0.0,0.14900543,0.030659096
375316653866487564,2930586443833823360,0.46852812,2163.642272427867,3.243126420135349,1.5090439E-5,18.797993,0.15343815,0.24821712,0.00690672,0.12914902,0.050853904,0.21894717,0.14658515,0.74721396,0.0063183224,0.118563786,0.04489948,0.2289847,0.14171767,null,null,null,null,"TWOGAUSSIANS",8,3.8515944,0.74721396,0.0063279136,0.4,0.0,0.17145334,0.017787445,0.24822712,0.0069012353,0.4,0.0,0.16123511,0.017153732
375316653866487564,2930587032250127360,0.60851127,2170.4946879695026,2.8606813447060286,8.279849E-6,17.387468,0.012602651,0.24538377,0.0014160635,0.054501325,0.0051057534,0.42378524,0.02268816,0.7442127,0.0034394886,0.04935727,0.004200925,0.31484488,0.033198643,0.09560034,0.015103774,0.24538377,0.0014160635,"TWOGAUSSIANS_WITH_ELLIPSOIDAL_ON_ECLIPSE1",9,9.964459,0.24538377,0.0014160635,0.30520743,0.02859222,0.61497355,0.02131833,0.7443327,0.0030594107,0.2764007,0.02352518,0.5060239,0.021324769
375316653866487564,2930588475358950144,0.6603778,2158.025039252631,0.2767730692207267,4.823373E-6,16.740795,0.0013661981,0.21577649,5.8187713E-4,0.01907079,5.364652E-4,0.43916914,0.01965579,0.71528184,0.0020731182,0.019675547,0.0011930729,0.5365146,0.018216413,0.0072313454,0.003391517,0.21577649,5.8187713E-4,"TWOGAUSSIANS_WITH_ELLIPSOIDAL_ON_ECLIPSE1",9,3.914057,0.71528184,0.0020731182,0.11018307,0.0066812085,0.5509771,0.01707617,0.21577649,5.8187713E-4,0.10679641,0.003004205,0.45363182,0.01991732
375316653866487564,2930591533375873280,0.54219687,2137.5793910570474,0.356754258131787,4.1713683E-5,15.018687,6.652801E-4,0.38345456,0.02253207,0.010131988,0.015223394,0.14247574,0.058899097,null,null,null,null,null,null,null,null,null,null,"ONEGAUSSIAN",5,6.203559,0.38345456,0.02253207,0.05673913,0.08525101,0.14247574,0.0,null,null,null,null,null,null
375316653866487564,2930592353704562816,0.469975,2172.8115113247018,3.273467114521107,3.0765492E-5,17.232515,0.0024617286,0.19131115,7.7117176E-4,0.01391069,0.0022820274,0.2560275,0.08362456,0.75430715,0.003074312,0.0247646,0.004266344,0.054509915,0.020254847,null,null,null,null,"TWOGAUSSIANS",8,9.2562685,0.19131115,7.7117176E-4,0.077899866,0.012779353,0.2560275,0.08362456,0.75430715,0.003074312,0.13868175,0.023891527,0.054509915,0.020254847
375316653866487564,2930592392369241600,0.46824235,2155.977063072759,2.1683094945228567,5.062553E-5,15.376841,0.04586765,0.26011023,0.052412197,0.082701676,0.12412218,0.09579986,0.030524587,0.7054691,0.008637084,0.047811475,0.007934571,0.29249492,0.03200179,null,null,null,null,"TWOGAUSSIANS",8,368.02557,0.7054691,0.008637084,0.26774427,0.044433597,0.29246226,0.03362798,0.26011023,0.052412197,0.4,0.0,0.095767155,0.020466775
375316653866487564,2930593320082166528,0.58664876,2135.9951858753307,0.2656284427670601,2.1446353E-5,14.762212,7.440118E-4,0.30846992,0.0016200269,0.013960025,0.0023637335,0.11965849,0.006835712,0.80839,0.0022700257,0.015137193,0.0020982749,0.1273451,0.009651093,null,null,null,null,"TWOGAUSSIANS",8,15.065033,0.80839,0.0022700257,0.08476828,0.011750339,0.1273451,0.009651093,0.30846992,0.0016200269,0.07817614,0.013236907,0.11965849,0.006835712
375316653866487564,2930593560600361344,0.55648154,2154.3901513943392,1.2509301139931508,1.5185779E-5,14.914941,0.001380848,0.500031,0.0023303966,0.024055636,0.0025457505,0.21225247,0.010971876,null,null,null,null,null,null,null,null,null,null,"ONEGAUSSIAN",5,19.32262,0.500031,0.0023303966,0.13471156,0.014256202,0.21225247,0.0,null,null,null,null,null,null
375316653866487564,2930595720958584448,0.5985898,2115.147049821983,2.5964918191940938,5.1023826E-6,18.19184,0.00801433,0.243547,0.0014296563,0.08820299,0.002601641,0.42288935,0.009662924,0.74644774,0.0024736985,0.08991851,0.0032734142,0.38131538,0.013342254,null,null,null,null,"TWOGAUSSIANS",8,2.4275873,0.243547,0.0014296563,0.4,0.0,0.40797904,0.008605406,0.74644774,0.0024736985,0.4,0.0,0.36640498,0.013747019
375316653866487564,2930597134013358464,0.63462394,2140.585237996492,0.4978914202062755,1.6270185E-5,11.427791,0.005717395,0.3236307,9.844406E-4,0.030128354,0.0018610944,0.8693399,0.029655408,0.82015043,0.0037498942,0.02750602,0.0041241003,0.21013266,0.029524788,0.021149755,0.009913017,0.3236307,9.844406E-4,"TWOGAUSSIANS_WITH_ELLIPSOIDAL_ON_ECLIPSE1",9,295.47528,0.3236307,9.844406E-4,0.16871879,0.010422128,0.9116394,0.03087863,0.8201904,0.0037104741,0.1540337,0.023094961,0.25241217,0.033006497
375316653866487564,2930598680201555584,0.53790104,2158.4331511100077,1.4775156467349397,1.1920454E-4,18.2767,0.0073414603,0.36615184,0.005114899,0.03596759,0.0036890437,0.43194485,0.042732432,0.86425316,0.024660828,0.02468262,0.019748533,0.08261457,0.03071525,0.031387642,0.010904311,0.36615184,0.005114899,"TWOGAUSSIANS_WITH_ELLIPSOIDAL_ON_ECLIPSE1",9,9.267841,0.36615184,0.005114899,0.2014185,0.020658644,0.49472013,0.041293334,0.8643232,0.02330104,0.13822266,0.110591784,0.14538123,0.022159595
375316653866487564,2930598882061796096,0.5917074,2108.6702053377126,3.3270065833580897,1.0272125E-5,17.89224,0.011756455,0.27200425,0.002102432,0.098707154,0.0045162267,0.35263127,0.010342671,0.7702903,0.0040766136,0.08531289,0.0042260573,0.33092663,0.015242105,null,null,null,null,"TWOGAUSSIANS",8,3.972402,0.27200425,0.002102432,0.4,0.0,0.33602518,0.007298638,0.7702903,0.0040766136,0.4,0.0,0.3143224,0.012374267
375316653866487564,2930598916414354944,0.45412314,2146.8610673593203,0.16815559810337952,1.3201869E-4,18.188251,0.0027834268,0.350299,0.021087965,0.04838276,0.0071256408,0.075808994,0.021057315,0.6961679,0.014440037,0.07898454,0.016765414,0.062295504,0.007676286,null,null,null,null,"TWOGAUSSIANS",8,2.6803396,0.35030898,0.021109086,0.27094346,0.03990359,0.075813025,0.021051386,0.6961679,0.014440037,0.4,0.0026856808,0.062295258,0.00767689
375316653866487564,2930601703849938688,0.5284272,2183.420717052218,3.8305338018741217,1.2777829E-5,18.193954,0.0058630025,0.28171292,0.00947033,0.08698075,0.009398253,0.19136272,0.013052819,0.79591364,0.00457811,0.08350807,0.0054950835,0.17369762,0.012308706,null,null,null,null,"TWOGAUSSIANS",8,2.7895799,0.28171292,0.00947033,0.4,0.0,0.18749964,0.012960984,0.79591364,0.00457811,0.4,0.0,0.16983457,0.012127711
375316653866487564,2930602081815778304,0.58866453,2153.6152934670945,1.2275697677683113,1.008226E-5,17.322952,0.008118814,0.28093937,0.0032776927,0.052696608,0.002325263,0.575722,0.013073784,0.80090874,0.0048308745,0.050825074,0.003697862,0.17968777,0.011875929,null,null,null,null,"TWOGAUSSIANS",8,23.292603,0.28093937,0.0032776927,0.29510102,0.013021474,0.57571983,0.01307261,0.80090874,0.0048308745,0.2846204,0.020708026,0.17968562,0.011875139
375316653866487564,2930602318028823552,0.4929942,2135.7647617273774,0.10902339836582918,3.692041E-5,19.608759,0.011570887,0.2890296,0.01318395,0.016637024,0.008724678,0.15775037,0.04819516,0.6838053,0.025652552,0.046474528,0.03963631,0.35622448,0.033872824,null,null,null,null,"TWOGAUSSIANS",8,3.9840868,0.6838053,0.025652552,0.26025736,0.14520203,0.35622448,0.03387284,0.2890296,0.01318395,0.093167335,0.0488582,0.15775037,0.04819456
375316653866487564,2930605552149017216,0.6200488,2187.7027356073977,1.134341864247184,1.385874E-5,18.096264,0.0021165903,0.49678165,0.0026160916,0.042284496,0.0028174242,0.6089733,0.024350192,null,null,null,null,null,null,null,null,null,null,"ONEGAUSSIAN",5,2.5970905,0.49678165,0.0026160916,0.23679318,0.015777577,0.6089733,0.0,null,null,null,null,null,null
375316653866487564,2930608159184532096,0.5197503,2158.5533983138866,2.5361274573514083,1.5417636E-5,17.064972,0.0032185938,0.24529219,0.0033939385,0.07670764,0.0055992,0.0899677,0.004232446,0.7399026,0.0059075905,0.07900231,0.008051648,0.08933861,0.0074898624,null,null,null,null,"TWOGAUSSIANS",8,3.5504003,0.24529219,0.0033939385,0.4,0.0,0.089043096,0.0041650916,0.7399026,0.0059075905,0.4,0.0,0.088414006,0.007645138
375316653866487564,2930611633812691456,0.4226855,2116.1251078410373,1.5845457144372839,7.448812E-5,19.370098,0.048732296,0.27663243,0.04432018,0.09428911,0.026739737,0.18336079,0.047470983,0.6282423,0.018355833,0.16968212,0.06775652,0.19251111,0.040814314,null,null,null,null,"TWOGAUSSIANS",8,2.8995788,0.2920424,0.045345075,0.4,0.0,0.19002096,0.047798324,0.6282423,0.018355833,0.4,0.0,0.17464872,0.027232248
375316653866487564,2930618501470000000,0.46044204,2148.9058433911123,0.642152699623337,8.528308E-6,18.395157,0.0016758586,0.31336176,4.4602022E-4,0.021537917,4.8169817E-4,0.14947426,0.0019744663,0.73427033,0.02990377,0.052808825,0.016648412,0.029476779,0.019095603,null,null,null,null,"TWOGAUSSIANS",8,1.4761215,0.31336176,4.4602022E-4,0.12061234,0.0026975097,0.14947426,0.0019744663,0.73427033,0.02990377,0.2957294,0.093231104,0.029476779,0.019095603
375316653866487564,2930619330405159040,0.49422765,2154.7750739941694,1.8053684679390571,1.2550086E-5,15.200911,0.005802809,0.19175024,0.0031661317,0.04327104,0.0044356757,0.107438914,0.008309747,0.68226904,0.009093471,0.063196056,0.008192065,0.18884619,0.02300033,null,null,null,null,"TWOGAUSSIANS",8,103.27896,0.68226904,0.009093471,0.3538979,0.045875564,0.18884304,0.023002816,0.19175024,0.0031661317,0.24231781,0.024839785,0.10743577,0.00830826
375316653866487564,2930619600977654272,0.50426054,2164.650958998905,0.10897048676546062,1.857147E-5,17.760178,0.003176708,0.13895316,0.00713887,0.01458347,0.005026124,0.10553948,0.04530228,0.54205996,0.0045108246,0.034682095,0.010652634,0.23257679,0.017365307,null,null,null,null,"TWOGAUSSIANS",8,4.541585,0.54205996,0.0045108246,0.19421974,0.05965475,0.23257679,0.017365307,0.13895316,0.00713887,0.08166743,0.028146293,0.10553948,0.04530228
375316653866487564,2930620086312941056,0.54402626,2160.6199217951116,3.294776140518226,1.1252532E-5,19.416952,0.02882331,0.30085063,0.0031582713,0.0696396,0.0073814318,0.56262803,0.046105977,0.7982278,0.0053271577,0.0694679,0.013176948,0.4657462,0.08683077,null,null,null,null,"TWOGAUSSIANS",8,2.2944174,0.30085063,0.0031582713,0.38998178,0.0272013,0.56113094,0.046418995,0.7982278,0.0053271577,0.38902023,0.04004728,0.46424913,0.089262925
375316653866487564,2930620739146433408,0.5241748,2151.2266489305234,1.115947600712711,4.477211E-5,19.58052,0.0057524727,0.36779693,0.02314157,0.03669722,0.023308353,0.04538586,0.015280045,0.5527063,0.007132853,0.034102987,0.004049809,0.3510715,0.020191994,null,null,null,null,"TWOGAUSSIANS",8,1.2950883,0.5527063,0.007132853,0.19097672,0.022678932,0.35107163,0.020192182,0.36779693,0.023146905,0.20550443,0.13052678,0.045386005,0.0152808
375316653866487564,2930620979672807296,0.6370622,2174.845277451514,1.0118445755402683,2.007862E-6,15.174325,0.0010714981,0.5245934,0.0010003707,0.037055753,0.0028478801,0.20034641,0.009436402,0.78347504,0.004992758,0.012775393,0.006916072,0.022103904,0.14884706,null,null,null,null,"TWOGAUSSIANS",8,7.2406964,0.5245934,0.0010003707,0.20751221,0.01594813,0.20034641,0.009436402,0.78347504,0.004992758,0.0715422,0.038730007,0.022103904,0.14884706
375316653866487564,2930622865156955008,0.48535144,2151.265471554929,4.034574304718518,1.71837E-5,18.370077,0.0034876445,null,null,null,null,null,null,null,null,null,null,null,null,0.06726008,0.007824576,0.26724282,0.0042880042,"ELLIPSOIDAL",4,3.574458,null,null,null,null,null,null,null,null,null,null,null,null
375316653866487564,2930622903817754368,0.5772375,2142.9225634922545,2.675882150473778,1.1243102E-5,15.155979,0.016054418,0.19629657,0.0023607255,0.086017646,0.0052168546,0.43902898,0.014733961,0.6953509,0.004433393,0.07803229,0.0051517887,0.4231087,0.019047325,null,null,null,null,"TWOGAUSSIANS",8,152.81934,0.19629657,0.0023607255,0.4,0.0,0.4308896,0.010727421,0.6953509,0.004433393,0.4,0.0,0.41496938,0.016153274
