Gaia/vari_eclipsing_binary/VariEclipsingBinary_677557-677580.csv
# %ECSV 1.0
# ---
# delimiter: ','
# meta: !!omap
# - RELEASE: Gaia DR3
# - TABLE: vari_eclipsing_binary
# - DESCRIPTION: >
#     This table describes the properties of the eclipsing binaries resulting from the variability analysis. 
# - CITATION: >
#     How to cite and acknowledge Gaia: 
#     https://gea.esac.esa.int/archive/documentation/credits.html 
# - KNOWN_ISSUES: >
#     Known issues: 
#     https://www.cosmos.esa.int/web/gaia-users/known-issues 
# - DOCUMENTATION: >
#     Tutorials and documentation: 
#     https://www.cosmos.esa.int/web/gaia-users/archive 
# datatype:
# - 
#   name: solution_id
#   datatype: int64
#   description: Solution Identifier
#   meta:
#     ucd: meta.version
# - 
#   name: source_id
#   datatype: int64
#   description: Unique source identifier
#   meta:
#     ucd: meta.id;meta.main
# - 
#   name: global_ranking
#   datatype: float32
#   description: Number between 0 (worst) and 1 (best)
#   meta:
#     ucd: stat.param
# - 
#   name: reference_time
#   datatype: float64
#   unit: d
#   description: Reference time used for the geometric model fit
#   meta:
#     ucd: time.epoch
# - 
#   name: frequency
#   datatype: float64
#   unit: d**-1
#   description: Frequency of geometric model of the eclipsing binary light curve
#   meta:
#     ucd: src.orbital
# - 
#   name: frequency_error
#   datatype: float32
#   unit: d**-1
#   description: "Uncertainty of \\texttt{frequency}"
#   meta:
#     ucd: stat.error
# - 
#   name: geom_model_reference_level
#   datatype: float32
#   unit: mag
#   description: Magnitude reference level of geometric model
#   meta:
#     ucd: phot.mag;em.opt
# - 
#   name: geom_model_reference_level_error
#   datatype: float32
#   unit: mag
#   description: "Uncertainty of \\texttt{geomModelReferenceLevel}"
#   meta:
#     ucd: stat.error;phot.mag;em.opt
# - 
#   name: geom_model_gaussian1_phase
#   datatype: float32
#   description: Phase of the Gaussian 1 component
#   meta:
#     ucd: time.phase
# - 
#   name: geom_model_gaussian1_phase_error
#   datatype: float32
#   description: "Uncertainty of \\texttt{geomModelGaussian1Phase}"
#   meta:
#     ucd: stat.error;time.phase
# - 
#   name: geom_model_gaussian1_sigma
#   datatype: float32
#   description: "Standard deviation [phase] of Gaussian 1 component"
#   meta:
#     ucd: stat.stdev
# - 
#   name: geom_model_gaussian1_sigma_error
#   datatype: float32
#   description: "Uncertainty of \\texttt{geomModelGaussian1Sigma}"
#   meta:
#     ucd: stat.error
# - 
#   name: geom_model_gaussian1_depth
#   datatype: float32
#   unit: mag
#   description: Magnitude depth of Gaussian 1 component
#   meta:
#     ucd: src.var.amplitude
# - 
#   name: geom_model_gaussian1_depth_error
#   datatype: float32
#   unit: mag
#   description: "Uncertainty of \\texttt{geomModelGaussian1Depth}"
#   meta:
#     ucd: stat.error;src.var.amplitude
# - 
#   name: geom_model_gaussian2_phase
#   datatype: float32
#   description: Phase of Gaussian 2 component
#   meta:
#     ucd: time.phase
# - 
#   name: geom_model_gaussian2_phase_error
#   datatype: float32
#   description: "Uncertainty of \\texttt{geomModelGaussian2Phase}"
#   meta:
#     ucd: stat.error;time.phase
# - 
#   name: geom_model_gaussian2_sigma
#   datatype: float32
[...]
#   datatype: float32
#   description: "Secondary eclipse: uncertainty of \\texttt{derivedSecondaryEclDuration}"
#   meta:
#     ucd: stat.error;time.duration
# - 
#   name: derived_secondary_ecl_depth
#   datatype: float32
#   unit: mag
#   description: "Secondary eclipse: depth"
#   meta:
#     ucd: src.var.amplitude
# - 
#   name: derived_secondary_ecl_depth_error
#   datatype: float32
#   unit: mag
#   description: "Secondary eclipse: uncertainty of \\texttt{derivedSecondaryEclDepth}"
#   meta:
#     ucd: stat.error;src.var.amplitude
solution_id,source_id,global_ranking,reference_time,frequency,frequency_error,geom_model_reference_level,geom_model_reference_level_error,geom_model_gaussian1_phase,geom_model_gaussian1_phase_error,geom_model_gaussian1_sigma,geom_model_gaussian1_sigma_error,geom_model_gaussian1_depth,geom_model_gaussian1_depth_error,geom_model_gaussian2_phase,geom_model_gaussian2_phase_error,geom_model_gaussian2_sigma,geom_model_gaussian2_sigma_error,geom_model_gaussian2_depth,geom_model_gaussian2_depth_error,geom_model_cosine_half_period_amplitude,geom_model_cosine_half_period_amplitude_error,geom_model_cosine_half_period_phase,geom_model_cosine_half_period_phase_error,model_type,num_model_parameters,reduced_chi2,derived_primary_ecl_phase,derived_primary_ecl_phase_error,derived_primary_ecl_duration,derived_primary_ecl_duration_error,derived_primary_ecl_depth,derived_primary_ecl_depth_error,derived_secondary_ecl_phase,derived_secondary_ecl_phase_error,derived_secondary_ecl_duration,derived_secondary_ecl_duration_error,derived_secondary_ecl_depth,derived_secondary_ecl_depth_error
[from data line 149]
375316653866487564,5959933672091156224,0.5102682,2232.9513482043335,2.709554038210023,2.458299E-5,19.805458,0.011029266,0.30647933,0.005709211,0.0723589,0.0066153137,0.34389532,0.015244464,0.8077262,0.005989016,0.07576071,0.0078067766,0.294363,0.019313604,null,null,null,null,"TWOGAUSSIANS",8,0.9797188,0.30647933,0.005709211,0.4,0.012010497,0.3418259,0.014792599,0.8077262,0.005989016,0.4,0.0,0.29229358,0.019472448
375316653866487564,5959934045722268416,0.5836154,2246.481808854801,0.21839770997424043,3.6846395E-6,16.888494,0.001311811,0.121164754,7.588119E-4,0.010272151,8.649883E-4,0.068058915,0.00815801,0.6191532,4.663447E-4,0.008047705,0.003189077,0.4698125,0.5533962,null,null,null,null,"TWOGAUSSIANS",8,4.2935934,0.6191532,4.663447E-4,0.045067146,0.017858831,0.4698125,0.5533962,0.121164754,7.588119E-4,0.057524048,0.0048439344,0.068058915,0.00815801
375316653866487564,5959934324953208320,0.5514398,2253.779881492004,2.50628426348336,1.1486543E-5,17.937998,0.0072980556,0.24416378,0.00181897,0.07468304,0.003184311,0.3062264,0.01042587,0.7465817,0.0042381757,0.09879987,0.00839979,0.124807306,0.010882625,null,null,null,null,"TWOGAUSSIANS",8,3.8723161,0.24416378,0.00181897,0.4,0.0,0.3008583,0.010079097,0.7465817,0.0042381757,0.4,0.0,0.11943849,0.010845426
375316653866487564,5959934943401018368,0.5029912,2215.9243243753212,2.66528236738747,3.5437897E-5,19.41809,0.014369369,0.27998647,0.0045902124,0.089273974,0.008245127,0.24838279,0.015523939,0.7703299,0.010845345,0.08441564,0.01644059,0.13080773,0.014480442,null,null,null,null,"TWOGAUSSIANS",8,1.1613057,0.27998647,0.0045902124,0.4,0.0,0.24350147,0.012843874,0.7703299,0.010845345,0.4,0.0,0.1259265,0.013495119
375316653866487564,5959935321360331264,0.5487152,2231.8923635008305,3.159688972207837,4.5890756E-5,19.602276,0.024206735,0.2536692,0.012505815,0.07991329,0.020430898,0.44226164,0.02589435,0.7448213,0.0087269535,0.092042945,0.011908686,0.43778872,0.035480455,null,null,null,null,"TWOGAUSSIANS",8,1.5770814,0.2536692,0.012505815,0.4,0.05344702,0.4312559,0.026886402,0.7448213,0.0087269535,0.4,0.0,0.42678264,0.034921214
375316653866487564,5959937932726088320,0.4864222,2246.389793938516,0.5843894296521669,1.6161752E-5,13.909531,0.0033117693,0.29261944,0.006529965,0.023134343,0.011287808,0.15924105,0.24747318,0.7873724,0.001985417,0.013794635,0.001638916,0.24536824,0.013690826,null,null,null,null,"TWOGAUSSIANS",8,355.88626,0.7873724,0.001985417,0.07724996,0.00917793,0.24536824,0.013690826,0.29261944,0.006529965,0.12955232,0.063211724,0.15924105,0.24747318
375316653866487564,5959939027885803904,0.5815109,2254.0783604818694,0.68018670208697,3.121685E-5,18.09975,0.0034265218,0.33690012,0.0013952338,0.041183475,0.0015513188,0.5862857,0.015771573,0.83244765,0.014731821,0.038866382,0.011335141,0.12764671,0.04569865,null,null,null,null,"TWOGAUSSIANS",8,3.5437899,0.33690012,0.0013952338,0.23062746,0.008687385,0.5862857,0.015771575,0.83244765,0.014731821,0.21765174,0.063476786,0.1276467,0.045698658
375316653866487564,5959939547607045632,0.4204187,2238.5856789121694,0.5618310115591274,1.15853E-4,18.931395,0.03729262,0.22205846,0.026145522,0.09105513,0.058715086,0.1028059,0.021477636,0.76353306,0.01834129,0.09806884,0.028929627,0.1025141,0.038018104,null,null,null,null,"TWOGAUSSIANS",8,3.5945199,0.22204846,0.026086042,0.4,0.0039161127,0.09940297,0.020166757,0.76353306,0.018287009,0.4,0.0,0.09910964,0.018085524
375316653866487564,5959940024318278016,0.5993218,2242.1678108218457,0.7087112882072135,5.8875958E-6,18.062624,0.0022793396,0.3012497,0.0029454,0.02905127,0.0031396584,0.35021022,0.012167051,0.80555886,4.3340013E-4,0.023566598,8.521701E-4,0.61736315,0.042846393,null,null,null,null,"TWOGAUSSIANS",8,2.671427,0.80555886,4.3340013E-4,0.13197294,0.0047721528,0.61736315,0.042846393,0.3012497,0.0029454,0.16268711,0.017582087,0.35021022,0.012167051
375316653866487564,5959940303521043072,0.5278905,2224.846980259646,3.6373324240407676,1.9577576E-5,19.234032,0.014476812,0.27911857,0.0041783904,0.08242392,0.006252773,0.26107994,0.016826227,0.7541682,0.0034483527,0.077357575,0.005235833,0.3395535,0.019228406,null,null,null,null,"TWOGAUSSIANS",8,1.9856721,0.7541682,0.0034483527,0.4,0.0,0.3368719,0.018453905,0.27911857,0.0041783904,0.4,0.0,0.2583983,0.015723778
375316653866487564,5959940750224687104,0.61104774,2253.137297545139,0.21138551212298184,1.4605439E-5,14.009641,0.0019674243,0.24699104,0.002242456,0.015355649,0.0022262111,0.4067732,0.09825259,0.7470038,0.0030202959,0.016384494,0.0035056276,0.14795555,0.008936638,null,null,null,null,"TWOGAUSSIANS",8,69.397446,0.24699104,0.002242456,0.085991636,0.012466783,0.4067732,0.09825259,0.7470038,0.0030202959,0.09175316,0.019631514,0.14795555,0.008936638
375316653866487564,5959942605626306944,0.53776515,2256.763992722517,2.4528695734795853,1.6591304E-5,19.795225,0.010030487,0.28671655,0.008984236,0.0796725,0.014345199,0.54472065,0.066007495,0.7828591,0.005386984,0.071083464,0.0060050874,0.5640221,0.04024357,null,null,null,null,"TWOGAUSSIANS",8,1.715646,0.7828591,0.005386984,0.39806738,0.019708732,0.5598733,0.041249946,0.28671655,0.008984236,0.4,0.029012972,0.5405718,0.06902672
375316653866487564,5959945835439693056,0.43521142,2257.51565413828,3.996101362408431,3.586617E-5,18.899788,0.007962796,0.03854965,0.010705457,0.015611476,0.008333783,0.1510343,0.0997493,0.71032,0.018026426,0.033746295,0.013121958,0.10296478,0.023129603,0.04468001,0.019446505,0.71032,0.018026426,"TWOGAUSSIANS_WITH_ELLIPSOIDAL_ON_ECLIPSE2",9,3.7914968,0.71032,0.018026426,0.18897924,0.07348297,0.19232474,0.03540142,0.03930965,0.01107382,0.08742427,0.04666918,0.1711176,0.098250285
375316653866487564,5959946179064708864,0.62748474,2234.437643888853,0.39120198173144327,9.584487E-5,18.369507,0.0039559025,0.32626942,0.032860342,0.12901905,0.024818849,0.019677468,0.00673236,0.59070456,1.14612565E-4,0.011787446,1.5827415E-4,0.9442088,0.011377296,null,null,null,null,"TWOGAUSSIANS",8,1.1291579,0.59070456,1.14612565E-4,0.0660097,8.8633527E-4,0.9465959,0.012519757,0.32626942,0.032860342,0.4,0.0,0.019655902,0.0067031044
375316653866487564,5959946385195543424,0.47804704,2198.1140046241935,1.0347837411994756,1.124273E-6,19.872057,0.007067121,0.3900829,2.5748745E-6,0.011854952,4.4785702E-4,4.0342746,0.9503552,0.8802682,1.9721128E-4,0.011277551,5.485863E-4,0.42189503,0.010073565,null,null,null,null,"TWOGAUSSIANS",8,1.9259994,0.3900829,2.5748745E-6,0.066387735,0.0025079993,4.0342746,0.9503552,0.8802682,1.9721128E-4,0.06315429,0.0030720835,0.42189503,0.010073565
375316653866487564,5959946728820265728,0.5736153,2246.4496154376307,0.5338008293132442,7.35383E-6,17.859568,0.002399099,0.18045035,8.7265705E-4,0.031378016,0.0012820538,0.3498291,0.03815076,0.793467,0.039315406,0.025302112,0.040807817,0.027643027,64478.71,null,null,null,null,"TWOGAUSSIANS",8,2.4810357,0.18045035,8.7265705E-4,0.17571688,0.007179501,0.3498291,0.03815076,0.793467,0.039315406,0.14169183,0.22852378,0.027643027,64478.71
375316653866487564,5959947858338783616,0.59912485,2258.9201531890767,1.1595289583479327,1.3329049E-5,17.715103,0.018582016,0.30984515,0.0015426181,0.06747508,0.004238911,0.32630762,0.04532811,0.8090013,0.0027180987,0.05467625,0.0072308998,0.19593492,0.043813523,0.07282881,0.026715716,0.30984515,0.0015426181,"TWOGAUSSIANS_WITH_ELLIPSOIDAL_ON_ECLIPSE1",9,4.5968804,0.30984515,0.0015426181,0.37786046,0.023737902,0.47163177,0.017367866,0.8091313,0.002346518,0.306187,0.040493038,0.34125558,0.013580104
375316653866487564,5959948030145825280,0.42317596,2273.4868611519396,1.820119482453573,4.817569E-5,19.487673,0.014807808,0.27538526,0.040768553,0.050155643,0.03404138,0.25536767,0.1802863,0.7641694,0.0050807702,0.01592534,0.0063991244,0.24910443,0.062382296,null,null,null,null,"TWOGAUSSIANS",8,5.724163,0.27538526,0.040768553,0.2808716,0.19063173,0.25536767,0.1802863,0.7641694,0.0050807702,0.08918191,0.035835095,0.24910443,0.062382296
375316653866487564,5959948442454403200,0.59819955,2246.2158089509153,0.41709968856680113,1.7320972E-5,16.649477,0.0055255494,0.22314845,0.0068390053,0.039015178,0.025568182,0.14800632,38.46976,0.71721774,0.004152819,0.03640257,0.006938325,0.14886463,0.009743773,0.04836957,0.006981036,0.22314845,0.0068390053,"TWOGAUSSIANS_WITH_ELLIPSOIDAL_ON_ECLIPSE1",9,5.152969,0.7175978,0.0036750408,0.20385438,0.038854618,0.24547793,0.0059902836,0.22314845,0.0068390053,0.218485,0.14318182,0.24474534,38.4785
375316653866487564,5959949511931857664,0.49265897,2215.751971942253,2.653370608684708,2.1004158E-5,19.378584,0.015081854,0.33107233,0.0045261127,0.08996427,0.007913232,0.24349771,0.01604616,0.81678873,0.006672507,0.10578191,0.010217372,0.26026693,0.018759765,null,null,null,null,"TWOGAUSSIANS",8,1.2789904,0.81678873,0.006672507,0.4,0.0,0.2443164,0.01680307,0.33108234,0.0045294138,0.4,0.0,0.22755584,0.014329046
375316653866487564,5959950400959558656,0.5555131,2239.48836587015,0.7106962530635973,1.27454305E-5,18.364767,0.00292183,0.23146527,0.0019811327,0.047237024,0.002259268,0.32302353,0.007014859,0.72378457,0.015286024,0.03659632,0.012818539,0.11080268,0.024513762,null,null,null,null,"TWOGAUSSIANS",8,2.1254838,0.23146527,0.0019811327,0.26452735,0.012651901,0.32302353,0.0070148595,0.72378457,0.015286024,0.2049394,0.07178381,0.11080268,0.024513764
375316653866487564,5959951745345112320,0.55874157,2328.329104220381,3.0701391967990985,1.2342577E-5,17.24854,0.466656,0.22066489,0.004588329,0.16341257,0.061370626,0.3395635,0.44314808,0.7305276,0.0064900415,0.15470658,0.038800612,0.3807095,0.3806941,null,null,null,null,"TWOGAUSSIANS",8,2.5636396,0.7319276,0.0044419877,0.4,0.0,0.18887646,0.007723087,0.21921489,0.0038938618,0.4,0.0,0.14552234,0.003533163
375316653866487564,5959951779647514496,0.5467754,2251.2448208839237,2.6265600009762586,3.1097446E-5,19.149729,0.017581634,0.30141744,0.009401834,0.07755118,0.009949343,0.43076566,0.028848251,0.79994065,0.00690112,0.07127364,0.009737215,0.5173285,0.055748377,null,null,null,null,"TWOGAUSSIANS",8,3.213572,0.79994065,0.00690112,0.3991324,0.025262278,0.5141139,0.057878736,0.30141744,0.009401834,0.4,0.010459286,0.42755106,0.028770415
375316653866487564,5959951814007298688,0.516293,2247.2231435572453,1.7017847026048065,1.9269417E-5,16.007559,0.0028994295,0.28254727,0.0059862896,0.053040262,0.02204486,0.036585912,0.0072371587,null,null,null,null,null,null,0.04725343,0.0043679145,0.28254727,0.0059862896,"ONEGAUSSIAN_WITH_ELLIPSOIDAL",6,19.512476,0.28254727,0.0059862896,0.29702547,0.12345121,0.13109222,0.005679778,null,null,null,null,null,null
375316653866487564,5959952290745651584,0.63698953,2259.020639445984,2.5405775408690205,1.082443E-5,15.934429,0.03799562,0.22397871,0.002210953,0.0629349,0.008841787,0.3291676,0.07718598,0.71904826,0.006226859,0.06393456,0.011379234,0.3035876,0.07867327,0.084721796,0.04108271,0.22397871,0.002210953,"TWOGAUSSIANS_WITH_ELLIPSOIDAL_ON_ECLIPSE1",9,28.318064,0.22397871,0.002210953,0.3524354,0.04951401,0.49838078,0.020783696,0.71979827,0.005228991,0.35803354,0.056746442,0.47266302,0.013214035
375316653866487564,5959952913576281856,0.6335554,2257.5147173584646,1.7270716852962473,5.8959145E-6,16.929365,0.0039205956,0.22538126,0.0034699377,0.09074134,0.0037176446,0.30785874,0.014011456,0.7268285,0.0010647145,0.08309609,0.0015132342,0.37062714,0.0056297756,null,null,null,null,"TWOGAUSSIANS",8,4.37509,0.7268285,0.0010647145,0.4,0.0,0.3601537,0.00532081,0.22538126,0.0034699377,0.4,0.0,0.29738516,0.014768074
375316653866487564,5959954528427190272,0.48620108,2243.7073861123527,2.516113625036687,2.4801839E-5,19.577414,0.0061223693,null,null,null,null,null,null,null,null,null,null,null,null,0.11157113,0.00986684,0.2826744,0.004984258,"ELLIPSOIDAL",4,1.9615837,null,null,null,null,null,null,null,null,null,null,null,null
375316653866487564,5959954627214753792,0.5068496,2219.066795208283,0.9396292465144788,7.607768E-5,19.070433,0.0147972,0.23634347,0.044619188,0.049982302,0.054145545,0.73554546,0.6293253,0.628017,0.031596035,0.05435208,0.025343554,0.19023712,0.072879516,null,null,null,null,"TWOGAUSSIANS",8,4.8983173,0.23634347,0.044619188,0.27990088,0.131539,0.73554546,0.62943244,0.628017,0.031596035,0.30437163,0.1419239,0.19023709,0.072937675
375316653866487564,5959954902092220672,0.5631222,2209.718344453097,2.0053591496577985,1.4796354E-5,18.35617,0.005917585,0.38141054,0.002352582,0.07302368,0.002856189,0.39383444,0.010093385,0.8912186,0.005690444,0.06697143,0.0053502433,0.20498016,0.015106634,null,null,null,null,"TWOGAUSSIANS",8,3.2736506,0.38141054,0.002352582,0.4,7.4409845E-4,0.3930771,0.0100420825,0.8912186,0.005690444,0.37504,0.029961362,0.20422284,0.015144175
375316653866487564,5959955215616298240,0.5320877,2170.339428298004,2.7803651989112,1.6572372E-4,18.534544,0.003938177,0.2565603,0.009946603,0.011187931,0.008983989,0.34088093,2.4028647,null,null,null,null,null,null,0.005046591,0.0051404918,0.2565603,0.009946603,"ONEGAUSSIAN_WITH_ELLIPSOIDAL",6,3.1023111,0.2565603,0.009946603,0.06265242,0.05031034,0.3509741,2.4031956,null,null,null,null,null,null
375316653866487564,5959955387421071872,0.55443573,2246.252910995595,4.98119679189085,3.2465014E-5,19.585257,0.05619569,0.41001064,0.0042281365,0.15341036,0.02007519,0.5133799,0.04819252,0.9344697,0.0010636167,0.0084017515,0.00685776,0.5187191,174.98521,null,null,null,null,"TWOGAUSSIANS",8,5.301943,0.9344797,0.0010720624,0.04704981,0.038403455,0.5191538,174.9854,0.41001064,0.0042281365,0.4,0.0,0.50812,0.03998175
375316653866487564,5959955658000039680,0.40533707,2227.254632268599,0.03724288198805993,4.534014E-5,15.276565,0.01750836,0.18908474,0.009250625,0.07778529,0.0147330975,0.19671763,0.06509185,0.7453861,0.002731293,0.05557754,0.023730362,0.5241734,0.5858671,null,null,null,null,"TWOGAUSSIANS",8,18.908247,0.7453861,0.002731293,0.3112342,0.09597179,0.5240774,0.5869594,0.18908474,0.009250625,0.4,0.0,0.19662161,0.06504471
375316653866487564,5959956555707641344,0.5631974,2227.3087492806026,1.4855563005693126,8.534958E-6,16.21251,0.05763647,0.16537952,0.0020476405,0.10944912,0.02355764,0.1810113,0.049903344,0.66649926,0.010500002,0.12459082,0.03419142,0.1400553,0.05686721,null,null,null,null,"TWOGAUSSIANS",8,4.899908,0.16536953,0.0020554743,0.4,0.0,0.14942248,0.0071001234,0.66649926,0.01049964,0.4,0.0,0.10838794,0.0053010667
375316653866487564,5959956693147564416,0.55876195,2294.8964539679555,1.3801395426415861,1.427153E-5,17.62396,0.11109064,0.2614587,0.0045625814,0.12988995,0.04983291,0.16827913,0.10247084,0.7547308,0.0071919807,0.12804173,0.030211257,0.2259408,0.10550591,null,null,null,null,"TWOGAUSSIANS",8,1.200418,0.7547308,0.0071919807,0.4,0.0,0.16982818,0.006455116,0.2615887,0.0045662774,0.4,0.0,0.11218396,0.008929294
375316653866487564,5959956899249705088,0.52698547,2240.2300864454096,2.4021936459047923,2.2268574E-5,19.477448,0.046321176,0.26988024,0.01118714,0.09397699,0.016340282,0.30962637,0.047636617,0.7744537,0.031090122,0.07145056,0.034282032,0.30873027,0.073802106,null,null,null,null,"TWOGAUSSIANS",8,1.8962765,0.26988024,0.011185842,0.4,0.0,0.3037832,0.030548632,0.7744537,0.031090122,0.4,0.045676023,0.30288756,0.05063682
375316653866487564,5959957483421576448,0.5816606,2224.158631058225,3.011043194758978,1.0729937E-5,19.471182,0.015082024,0.33285797,0.009765786,0.05627304,0.0066679516,0.7505099,0.11987474,0.8318788,0.003309429,0.062254272,0.003551247,0.75345194,0.06536878,null,null,null,null,"TWOGAUSSIANS",8,2.4545908,0.8318788,0.003309429,0.34862393,0.019886984,0.7532536,0.065411925,0.33285797,0.009765786,0.315129,0.03734053,0.7503116,0.119953156
