Gaia/vari_eclipsing_binary/VariEclipsingBinary_677531-677556.csv
# %ECSV 1.0
# ---
# delimiter: ','
# meta: !!omap
# - RELEASE: Gaia DR3
# - TABLE: vari_eclipsing_binary
# - DESCRIPTION: >
#     This table describes the properties of the eclipsing binaries resulting from the variability analysis. 
# - CITATION: >
#     How to cite and acknowledge Gaia: 
#     https://gea.esac.esa.int/archive/documentation/credits.html 
# - KNOWN_ISSUES: >
#     Known issues: 
#     https://www.cosmos.esa.int/web/gaia-users/known-issues 
# - DOCUMENTATION: >
#     Tutorials and documentation: 
#     https://www.cosmos.esa.int/web/gaia-users/archive 
# datatype:
# - 
#   name: solution_id
#   datatype: int64
#   description: Solution Identifier
#   meta:
#     ucd: meta.version
# - 
#   name: source_id
#   datatype: int64
#   description: Unique source identifier
#   meta:
#     ucd: meta.id;meta.main
# - 
#   name: global_ranking
#   datatype: float32
#   description: Number between 0 (worst) and 1 (best)
#   meta:
#     ucd: stat.param
# - 
#   name: reference_time
#   datatype: float64
#   unit: d
#   description: Reference time used for the geometric model fit
#   meta:
#     ucd: time.epoch
# - 
#   name: frequency
#   datatype: float64
#   unit: d**-1
#   description: Frequency of geometric model of the eclipsing binary light curve
#   meta:
#     ucd: src.orbital
# - 
#   name: frequency_error
#   datatype: float32
#   unit: d**-1
#   description: "Uncertainty of \\texttt{frequency}"
#   meta:
#     ucd: stat.error
# - 
#   name: geom_model_reference_level
#   datatype: float32
#   unit: mag
#   description: Magnitude reference level of geometric model
#   meta:
#     ucd: phot.mag;em.opt
# - 
#   name: geom_model_reference_level_error
#   datatype: float32
#   unit: mag
#   description: "Uncertainty of \\texttt{geomModelReferenceLevel}"
#   meta:
#     ucd: stat.error;phot.mag;em.opt
# - 
#   name: geom_model_gaussian1_phase
#   datatype: float32
#   description: Phase of the Gaussian 1 component
#   meta:
#     ucd: time.phase
# - 
#   name: geom_model_gaussian1_phase_error
#   datatype: float32
#   description: "Uncertainty of \\texttt{geomModelGaussian1Phase}"
#   meta:
#     ucd: stat.error;time.phase
# - 
#   name: geom_model_gaussian1_sigma
#   datatype: float32
#   description: "Standard deviation [phase] of Gaussian 1 component"
#   meta:
#     ucd: stat.stdev
# - 
#   name: geom_model_gaussian1_sigma_error
#   datatype: float32
#   description: "Uncertainty of \\texttt{geomModelGaussian1Sigma}"
#   meta:
#     ucd: stat.error
# - 
#   name: geom_model_gaussian1_depth
#   datatype: float32
#   unit: mag
#   description: Magnitude depth of Gaussian 1 component
#   meta:
#     ucd: src.var.amplitude
# - 
#   name: geom_model_gaussian1_depth_error
#   datatype: float32
#   unit: mag
#   description: "Uncertainty of \\texttt{geomModelGaussian1Depth}"
#   meta:
#     ucd: stat.error;src.var.amplitude
# - 
#   name: geom_model_gaussian2_phase
#   datatype: float32
#   description: Phase of Gaussian 2 component
#   meta:
#     ucd: time.phase
# - 
#   name: geom_model_gaussian2_phase_error
#   datatype: float32
#   description: "Uncertainty of \\texttt{geomModelGaussian2Phase}"
#   meta:
#     ucd: stat.error;time.phase
# - 
#   name: geom_model_gaussian2_sigma
#   datatype: float32
[...]
#   datatype: float32
#   description: "Secondary eclipse: uncertainty of \\texttt{derivedSecondaryEclDuration}"
#   meta:
#     ucd: stat.error;time.duration
# - 
#   name: derived_secondary_ecl_depth
#   datatype: float32
#   unit: mag
#   description: "Secondary eclipse: depth"
#   meta:
#     ucd: src.var.amplitude
# - 
#   name: derived_secondary_ecl_depth_error
#   datatype: float32
#   unit: mag
#   description: "Secondary eclipse: uncertainty of \\texttt{derivedSecondaryEclDepth}"
#   meta:
#     ucd: stat.error;src.var.amplitude
solution_id,source_id,global_ranking,reference_time,frequency,frequency_error,geom_model_reference_level,geom_model_reference_level_error,geom_model_gaussian1_phase,geom_model_gaussian1_phase_error,geom_model_gaussian1_sigma,geom_model_gaussian1_sigma_error,geom_model_gaussian1_depth,geom_model_gaussian1_depth_error,geom_model_gaussian2_phase,geom_model_gaussian2_phase_error,geom_model_gaussian2_sigma,geom_model_gaussian2_sigma_error,geom_model_gaussian2_depth,geom_model_gaussian2_depth_error,geom_model_cosine_half_period_amplitude,geom_model_cosine_half_period_amplitude_error,geom_model_cosine_half_period_phase,geom_model_cosine_half_period_phase_error,model_type,num_model_parameters,reduced_chi2,derived_primary_ecl_phase,derived_primary_ecl_phase_error,derived_primary_ecl_duration,derived_primary_ecl_duration_error,derived_primary_ecl_depth,derived_primary_ecl_depth_error,derived_secondary_ecl_phase,derived_secondary_ecl_phase_error,derived_secondary_ecl_duration,derived_secondary_ecl_duration_error,derived_secondary_ecl_depth,derived_secondary_ecl_depth_error
[from data line 476]
375316653866487564,5959831623640792704,0.53875387,2179.209068210712,2.4106652433029194,1.3948301E-5,19.45471,0.01039056,0.19803426,0.0059216833,0.07216508,0.0043658568,0.51650685,0.034495406,0.70674926,0.0032641222,0.07081147,0.004439313,0.5548868,0.033059306,null,null,null,null,"TWOGAUSSIANS",8,2.0711596,0.70674926,0.0032641222,0.39654428,0.016790118,0.552979,0.033519756,0.19803426,0.0059216833,0.4,0.013187579,0.5145991,0.034520764
375316653866487564,5959831726762330240,0.51682574,2205.825709318569,3.153818831782038,5.0046212E-5,16.541424,0.021148985,0.29297796,0.018204577,0.049385123,0.01588004,0.06903288,0.049095776,0.810086,0.0058666365,0.06717037,0.035775945,0.09288126,0.030652758,0.061945092,0.023973811,0.810086,0.0058666365,"TWOGAUSSIANS_WITH_ELLIPSOIDAL_ON_ECLIPSE2",9,28.695654,0.810086,0.0058666365,0.37615407,0.18993182,0.2166815,0.040474422,0.29736796,0.011613054,0.2765567,0.08892822,0.19177146,0.016536685
375316653866487564,5959831898560997760,0.5294057,2210.2774143425663,0.1835570879929575,3.1278076E-5,15.317957,0.004101821,0.24244699,0.0058304155,0.012101364,0.0017283638,0.19235504,0.08170942,0.6997002,0.04233983,0.19227077,0.08567966,0.008132743,0.004192342,null,null,null,null,"TWOGAUSSIANS",8,5.759745,0.24244699,0.00583064,0.067767635,0.009678838,0.19242252,0.081661314,0.6997002,0.04233983,0.4,0.0,0.0075679533,0.00269232
375316653866487564,5959831932920750848,0.43284187,2208.843449547739,4.861567596747168,7.467661E-5,18.8774,0.0068541933,0.17840575,0.0037490928,0.0057325596,0.002638863,0.31760246,0.9183982,0.78924465,0.041170172,0.018297229,0.031215493,0.13210152,0.17328817,null,null,null,null,"TWOGAUSSIANS",8,6.3190446,0.17840575,0.0037490928,0.032102335,0.014777632,0.31760246,0.9183982,0.78924465,0.041170172,0.10246448,0.17480676,0.13210152,0.17328817
375316653866487564,5959832272182081792,0.6157761,2232.8089760913326,1.2048107354303172,5.619287E-6,17.471416,0.002018604,0.3299205,6.988756E-4,0.06045466,7.145804E-4,0.39232987,0.0044052573,0.63370824,5.178322E-4,0.010083777,0.00709219,0.016797194,0.0041923993,null,null,null,null,"TWOGAUSSIANS",8,3.021768,0.3299205,6.988756E-4,0.3385461,0.00400165,0.39232987,0.0044052573,0.63370824,5.178322E-4,0.05646915,0.039716262,0.016798485,0.0041926363
375316653866487564,5959832448316842368,0.653338,2221.575311887372,0.8602312333032028,2.7080546E-6,16.671518,0.0107570365,0.2937045,9.020986E-4,0.058365546,0.0033879844,0.31125888,0.022860935,0.8014514,0.0078007733,0.05565007,0.01473376,0.09712317,0.054963145,0.06622253,0.014159786,0.2937045,9.020986E-4,"TWOGAUSSIANS_WITH_ELLIPSOIDAL_ON_ECLIPSE1",9,4.0383377,0.2937045,9.020986E-4,0.32684705,0.018972712,0.44366902,0.009678803,0.8014514,0.0078007733,0.31164038,0.082509056,0.22921976,0.059563518
375316653866487564,5959832856299587328,0.5972638,2255.4548226040647,2.7763334684632706,7.447537E-6,17.545805,0.022808492,0.23335911,0.0029356894,0.049095813,0.006670499,0.40589613,0.046802245,0.7385749,0.0036921885,0.045476418,0.009184056,0.2536162,0.046849515,0.1102323,0.030222882,0.23335911,0.0029356894,"TWOGAUSSIANS_WITH_ELLIPSOIDAL_ON_ECLIPSE1",9,11.869678,0.23335911,0.0029356894,0.27493656,0.037354793,0.6263596,0.022766665,0.7385749,0.0036921885,0.25466794,0.051430713,0.473843,0.025174642
375316653866487564,5959833925785737600,0.60500574,2229.7699804857875,0.43508849919528564,2.0135509E-5,14.281855,0.001269302,0.45695126,0.08642122,0.12050728,0.061798662,0.005311494,0.0018832671,0.7903788,0.0015765044,0.03567941,9.6376275E-4,0.29060638,0.0032804427,null,null,null,null,"TWOGAUSSIANS",8,19.274693,0.7903788,0.0015765044,0.1998047,0.0053970716,0.2907192,0.0032911012,0.45695126,0.08642122,0.4,0.023836397,0.0053087724,0.0018805094
375316653866487564,5959838358149719808,0.44402033,2245.8143110450214,4.897225024871677,6.0566883E-5,19.316322,0.017599544,0.21462512,0.013960399,0.028540332,0.012188596,0.43066785,0.089501165,0.7212631,0.0046078744,0.020088473,0.003924953,0.7239321,0.2172382,null,null,null,null,"TWOGAUSSIANS",8,3.214909,0.7212631,0.0046078744,0.11249545,0.021979736,0.7239321,0.2172382,0.21462512,0.013960399,0.15982586,0.06825613,0.43066785,0.089501165
375316653866487564,5959839148466782848,0.6446747,2223.8693178603867,1.1283163419163889,4.7052886E-6,13.763218,0.0027007433,0.24195778,6.891327E-4,0.07852823,9.151965E-4,0.42689356,0.0035378677,0.7427583,0.0016068589,0.08471627,0.0019188484,0.38183713,0.006300454,null,null,null,null,"TWOGAUSSIANS",8,86.59593,0.24195778,6.891327E-4,0.4,0.0,0.4196153,0.0032776084,0.7427583,0.0016068589,0.4,0.0,0.37455884,0.00655806
375316653866487564,5959840110496312960,0.5602321,2236.561867578525,2.227713258710971,1.3323838E-5,19.855581,0.008031072,0.22469173,0.0037231906,0.06367096,0.004146573,0.5945409,0.029740984,0.7201175,0.001793842,0.06803231,0.0028961792,0.533502,0.044896506,null,null,null,null,"TWOGAUSSIANS",8,1.2828565,0.22469173,0.0037231906,0.35655737,0.02322081,0.59381086,0.029872842,0.7201175,0.001793842,0.38098094,0.016218605,0.5327719,0.045015175
375316653866487564,5959840449800107264,0.5293862,2212.3685723201443,2.2118736237609995,1.4858732E-5,18.074074,0.024745135,0.21665484,0.0028536436,0.10096712,0.008135103,0.23646127,0.023786753,0.72127414,0.003555828,0.12217707,0.016124206,0.19445437,0.020441998,null,null,null,null,"TWOGAUSSIANS",8,2.4242694,0.21663484,0.002863515,0.4,0.0,0.20390016,0.0069076275,0.72127414,0.003555828,0.4,0.0,0.16180478,0.009410514
375316653866487564,5959841003849918208,0.5564159,2184.0900532857495,2.2501689048897515,8.25505E-6,19.365063,0.010168747,0.26684445,0.0029673711,0.08380707,0.0033762318,0.5061656,0.012338696,0.76655656,0.0021184923,0.074966945,0.0029022486,0.56825453,0.016511096,null,null,null,null,"TWOGAUSSIANS",8,1.4768802,0.76655656,0.0021184923,0.4,0.0,0.560805,0.016303657,0.26684445,0.0029673711,0.4,0.0,0.49871606,0.011435218
375316653866487564,5959841240073897984,0.61761993,2223.2733776395503,0.9946919765492908,5.231503E-6,17.84228,0.004393848,0.25489596,0.006428505,0.08310122,0.0065679406,0.13210995,0.0072593214,0.7362315,0.0013585129,0.058749225,0.0014372387,0.5431603,0.008034154,null,null,null,null,"TWOGAUSSIANS",8,3.9248009,0.7362315,0.0013585129,0.32899567,0.008048536,0.54259294,0.007938883,0.25489596,0.006428505,0.4,0.0,0.1315426,0.007145915
375316653866487564,5959841965923519872,0.50684035,2215.4166364627526,1.006997468830257,1.5076272E-5,19.88167,0.005243634,0.28802544,0.012061761,0.037035327,0.006326643,0.06973133,0.011584063,0.5442446,2.670402E-4,0.023725092,3.785263E-4,0.6867667,0.006029043,null,null,null,null,"TWOGAUSSIANS",8,0.9205827,0.5442446,2.670402E-4,0.13286051,0.0021197472,0.6867667,0.006029043,0.28802544,0.012061761,0.20739783,0.0354292,0.06973133,0.011584063
375316653866487564,5959842000282332160,0.582427,2195.246398915236,2.5793211389157187,1.0831463E-5,19.037165,0.008653633,0.24929836,0.0056478768,0.0664993,0.004870762,0.4758355,0.0137924375,0.74954253,0.001861669,0.067088924,0.0029907082,0.44492555,0.011941289,null,null,null,null,"TWOGAUSSIANS",8,2.311824,0.24929836,0.0056478768,0.37239608,0.027276266,0.4750057,0.013590481,0.74954253,0.001861669,0.37569797,0.016747965,0.44409573,0.011938846
375316653866487564,5959844164988812288,0.4867922,2208.2515802201087,0.8222057079191898,1.4744218E-5,19.215057,0.0064843926,0.31605214,0.002909856,0.050213937,0.0044520576,0.2659991,0.017872116,0.79816693,0.005503054,0.04228985,0.0056247343,0.1161165,0.017539516,null,null,null,null,"TWOGAUSSIANS",8,1.5405304,0.31605214,0.002909856,0.28119805,0.024931524,0.26599905,0.017872157,0.79816693,0.005503054,0.23682316,0.03149851,0.11611644,0.017539538
375316653866487564,5959845608060189952,0.5469957,2236.1384597889323,0.46817629048039494,1.5043812E-5,15.83041,0.007322268,0.27867433,0.002596758,0.046928506,0.004317484,0.14225161,0.017096845,0.79450756,0.0141254,0.051706243,0.015667373,0.06518381,0.015967537,0.019549744,0.008913341,0.27867433,0.002596758,"TWOGAUSSIANS_WITH_ELLIPSOIDAL_ON_ECLIPSE1",9,19.10078,0.27867433,0.002596758,0.26279965,0.024177909,0.18135084,0.0051847324,0.79450756,0.0141254,0.28955495,0.08773729,0.10389736,0.0069999173
375316653866487564,5959845848617036672,0.5363262,2213.792509510116,2.490529359795801,2.1243233E-5,14.327286,0.114835106,0.2923707,0.0034048427,0.20443198,0.026823968,0.6397924,0.094701216,0.79360414,0.0028838515,0.18736942,0.026563905,0.60808307,0.12481852,null,null,null,null,"TWOGAUSSIANS",8,35.449455,0.29157072,0.0038282832,0.4,0.0,0.12306569,0.0043783407,0.7945841,0.0027988825,0.4,0.0,0.121067815,0.004408895
375316653866487564,5959845951696297984,0.6104745,2223.9176614937364,2.0178742404871435,7.409984E-6,17.07777,0.0060723345,0.25417903,0.0015128474,0.04304937,0.0063644373,0.18411948,0.03639545,0.7491311,0.011192977,0.04558404,0.014358975,0.16571404,0.071849614,0.11427618,0.007868951,0.25417903,0.0015128474,"TWOGAUSSIANS_WITH_ELLIPSOIDAL_ON_ECLIPSE1",9,7.247631,0.25417903,0.0015128474,0.24107645,0.03564085,0.41267154,0.04280015,0.7500611,0.0105034625,0.25527063,0.080410264,0.39407864,0.074393034
375316653866487564,5959846398372892032,0.5483917,2231.0043940951027,2.821368207122454,2.1779862E-5,16.487305,0.008713613,0.21397933,0.0025559333,0.088129394,0.0048466474,0.28156385,0.0074146423,0.71212184,0.00497126,0.0933482,0.0065734093,0.30529204,0.01384855,null,null,null,null,"TWOGAUSSIANS",8,21.323992,0.71212184,0.00497126,0.4,0.0,0.29247195,0.014118041,0.21397933,0.0025559333,0.4,0.0,0.26874405,0.0049387105
375316653866487564,5959846707610561280,0.574963,2226.7739912353377,2.750165198212593,2.249316E-5,18.242231,0.00801051,0.24774334,0.002861266,0.049392316,0.011574658,0.08437839,0.02103768,0.7523786,0.005953434,0.03862817,0.0065855402,0.1519479,0.020186616,0.08667453,0.012249735,0.24774334,0.002861266,"TWOGAUSSIANS_WITH_ELLIPSOIDAL_ON_ECLIPSE1",9,2.9990504,0.7523786,0.0058924383,0.21631774,0.036879025,0.3251493,0.0070234477,0.24774334,0.002861266,0.27659696,0.064818084,0.2577268,0.011669515
375316653866487564,5959847051208019968,0.50494885,2243.874839252861,0.3890961326033933,9.975294E-5,17.915846,0.0018819352,0.25564432,3.7004331E-6,0.008952728,5.1063376E-5,0.39542717,0.0010624465,0.77692455,0.04401371,0.061171062,0.032198828,0.010502963,0.0037671097,null,null,null,null,"TWOGAUSSIANS",8,2.167622,0.25564432,3.7004331E-6,0.050135273,2.859549E-4,0.39542717,0.0010624465,0.77692455,0.04401371,0.34255794,0.15180364,0.010502963,0.0037671092
375316653866487564,5959847291687726208,0.59261286,2218.9410505284645,0.3109022841228084,3.6517943E-6,19.11497,0.0038868478,0.27600572,5.6975154E-4,0.026664393,3.4946867E-4,0.8598326,0.01675438,0.75770986,0.008293762,0.04224329,0.0063397656,0.1663556,0.030517701,null,null,null,null,"TWOGAUSSIANS",8,1.574096,0.27600572,5.6975154E-4,0.1493206,0.0019570244,0.8598326,0.01675438,0.75770986,0.008293762,0.23656242,0.035502687,0.1663556,0.030517701
375316653866487564,5959847321747618176,0.4692369,2246.638165465777,2.3312935777835118,5.6649966E-5,17.456514,0.011179735,0.1609419,0.0069994885,0.07423189,0.009519928,0.27883607,0.051988207,0.64279467,0.011921607,0.078706466,0.012744517,0.29543105,0.020514064,null,null,null,null,"TWOGAUSSIANS",8,27.633194,0.64279467,0.011921607,0.4,0.0,0.2935829,0.021725452,0.1609419,0.0069994885,0.4,0.02369042,0.2769879,0.052750077
375316653866487564,5959847875854063744,0.42369655,2236.0161198257965,1.4708666450435646,1.9399988E-5,19.821022,0.3360478,0.31277245,0.0018583828,0.033733804,0.002312954,0.8250941,0.18758687,0.7840952,0.028656725,0.21119548,0.24507561,0.17609741,0.31056818,null,null,null,null,"TWOGAUSSIANS",8,5.911699,0.31286246,0.0017821449,0.1889093,0.012952543,0.8153765,0.17761111,0.7840952,0.028656725,0.4,0.0,0.14411041,0.051393524
375316653866487564,5959848356840578304,0.5116974,2234.508173721618,1.7447979781609293,2.1260452E-5,18.991962,0.018244449,0.29962742,0.003942321,0.07829652,0.007555775,0.24252133,0.017174726,0.78967625,0.023414442,0.06315399,0.046195097,0.11407251,0.01783821,null,null,null,null,"TWOGAUSSIANS",8,1.8598353,0.29962742,0.003942321,0.4,0.0,0.24200433,0.012823837,0.78967625,0.023414442,0.35366234,0.120547436,0.113555506,0.01343395
375316653866487564,5959848597358909824,0.61280936,2269.581505421832,2.2166967913027356,6.361894E-6,17.487118,0.014707727,0.21633221,0.002733485,0.04626613,0.00668984,0.2039241,0.030952271,0.7111489,0.0020416253,0.047002696,0.00655732,0.2684731,0.026036227,0.133051,0.017611269,0.21633221,0.002733485,"TWOGAUSSIANS_WITH_ELLIPSOIDAL_ON_ECLIPSE1",9,14.022134,0.71190894,0.0015794736,0.2632151,0.03672099,0.5343339,0.02537583,0.21633221,0.002733485,0.25909033,0.037463106,0.47002548,0.011317834
375316653866487564,5959849039733584640,0.62281907,2249.9906219890036,1.8183371524363956,5.135096E-6,17.244253,0.010189301,0.2618679,0.0012699624,0.10811904,0.005034022,0.2790959,0.007482078,0.75810903,0.0017744256,0.10146614,0.0041102567,0.30716813,0.009842834,null,null,null,null,"TWOGAUSSIANS",8,2.1494062,0.75810903,0.0017744256,0.4,0.0,0.27467912,0.0053464756,0.2618679,0.0012699624,0.4,0.0,0.24659741,0.0059238942
375316653866487564,5959849044073128832,0.53564346,2237.091500787339,0.31773268407577604,5.944078E-5,15.809973,0.0017447211,0.37302628,0.015066422,0.0120072365,0.010608817,0.26714838,0.063354306,0.8718937,0.0016485956,0.01518515,0.00701364,0.23611249,1.3434125,null,null,null,null,"TWOGAUSSIANS",8,22.562885,0.37302628,0.015066422,0.06724052,0.059409376,0.26714838,0.063354306,0.8718937,0.0016485956,0.085036844,0.039276384,0.23611249,1.3434125
375316653866487564,5959849147115165056,0.48327562,2241.277964607553,2.80236873110677,3.333433E-5,17.795387,0.0064174123,0.52923083,0.0066491845,0.07911267,0.005959622,0.21485081,0.015238231,0.8324611,0.02213073,0.015440066,0.014618969,0.09143837,0.95417935,null,null,null,null,"TWOGAUSSIANS",8,15.27943,0.52923083,0.0066491845,0.4,0.0,0.21485081,0.015238232,0.8324611,0.02213073,0.08646437,0.08186623,0.09157705,0.9544299
375316653866487564,5959849284554348416,0.52374876,2237.606542583414,3.5328530130040425,1.1445227E-5,19.225489,0.0095699,0.24306262,0.0029620219,0.0774847,0.0052662026,0.35281605,0.022742927,0.74381983,0.0073455162,0.08012732,0.0071681803,0.34803215,0.02239942,null,null,null,null,"TWOGAUSSIANS",8,2.106601,0.24306262,0.0029620219,0.4,0.0,0.34831208,0.023781927,0.74381983,0.0073455162,0.4,0.0,0.3435282,0.022349354
375316653866487564,5959849353273698432,0.5498543,2210.440281993651,2.4645456384486053,3.4964025E-5,19.142017,0.0070950096,0.24321568,0.0052832435,0.07772975,0.0058462694,0.3599818,0.015010106,0.7338906,0.003538859,0.07360129,0.0036264232,0.4259156,0.013300753,null,null,null,null,"TWOGAUSSIANS",8,2.7258735,0.7338906,0.003538859,0.4,0.0,0.4232071,0.013050823,0.24321568,0.0052832435,0.4,0.0,0.35727328,0.015227931
375316653866487564,5959849353273745280,0.57632947,2228.6612591959056,3.0303558949065676,9.908792E-6,18.462381,0.015071732,0.20359844,0.0018359507,0.048794463,0.00724158,0.30515772,0.033643834,0.69514585,0.006948605,0.04782562,0.0073007196,0.23699744,0.053534098,0.11653964,0.021312734,0.20359844,0.0018359507,"TWOGAUSSIANS_WITH_ELLIPSOIDAL_ON_ECLIPSE1",9,3.627842,0.20359844,0.0018359507,0.273249,0.04055285,0.53823555,0.021069694,0.69641584,0.005956458,0.26782346,0.04088403,0.46951732,0.045617342
375316653866487564,5959849421993403008,0.56805426,2229.3391194487876,2.807893573485313,1.2767472E-5,19.167933,0.0070144953,0.27346826,0.00576026,0.07117389,0.005883334,0.5329236,0.03383231,0.7728467,0.003737945,0.068722375,0.0032164298,0.5967045,0.019279525,null,null,null,null,"TWOGAUSSIANS",8,2.5915198,0.7728467,0.003737945,0.3848453,0.018012008,0.5948383,0.019263793,0.27346826,0.00576026,0.3985738,0.014686366,0.53105736,0.03420059
