Gaia/vari_eclipsing_binary/VariEclipsingBinary_490623-490667.csv
# %ECSV 1.0
# ---
# delimiter: ','
# meta: !!omap
# - RELEASE: Gaia DR3
# - TABLE: vari_eclipsing_binary
# - DESCRIPTION: >
#     This table describes the properties of the eclipsing binaries resulting from the variability analysis. 
# - CITATION: >
#     How to cite and acknowledge Gaia: 
#     https://gea.esac.esa.int/archive/documentation/credits.html 
# - KNOWN_ISSUES: >
#     Known issues: 
#     https://www.cosmos.esa.int/web/gaia-users/known-issues 
# - DOCUMENTATION: >
#     Tutorials and documentation: 
#     https://www.cosmos.esa.int/web/gaia-users/archive 
# datatype:
# - 
#   name: solution_id
#   datatype: int64
#   description: Solution Identifier
#   meta:
#     ucd: meta.version
# - 
#   name: source_id
#   datatype: int64
#   description: Unique source identifier
#   meta:
#     ucd: meta.id;meta.main
# - 
#   name: global_ranking
#   datatype: float32
#   description: Number between 0 (worst) and 1 (best)
#   meta:
#     ucd: stat.param
# - 
#   name: reference_time
#   datatype: float64
#   unit: d
#   description: Reference time used for the geometric model fit
#   meta:
#     ucd: time.epoch
# - 
#   name: frequency
#   datatype: float64
#   unit: d**-1
#   description: Frequency of geometric model of the eclipsing binary light curve
#   meta:
#     ucd: src.orbital
# - 
#   name: frequency_error
#   datatype: float32
#   unit: d**-1
#   description: "Uncertainty of \\texttt{frequency}"
#   meta:
#     ucd: stat.error
# - 
#   name: geom_model_reference_level
#   datatype: float32
#   unit: mag
#   description: Magnitude reference level of geometric model
#   meta:
#     ucd: phot.mag;em.opt
# - 
#   name: geom_model_reference_level_error
#   datatype: float32
#   unit: mag
#   description: "Uncertainty of \\texttt{geomModelReferenceLevel}"
#   meta:
#     ucd: stat.error;phot.mag;em.opt
# - 
#   name: geom_model_gaussian1_phase
#   datatype: float32
#   description: Phase of the Gaussian 1 component
#   meta:
#     ucd: time.phase
# - 
#   name: geom_model_gaussian1_phase_error
#   datatype: float32
#   description: "Uncertainty of \\texttt{geomModelGaussian1Phase}"
#   meta:
#     ucd: stat.error;time.phase
# - 
#   name: geom_model_gaussian1_sigma
#   datatype: float32
#   description: "Standard deviation [phase] of Gaussian 1 component"
#   meta:
#     ucd: stat.stdev
# - 
#   name: geom_model_gaussian1_sigma_error
#   datatype: float32
#   description: "Uncertainty of \\texttt{geomModelGaussian1Sigma}"
#   meta:
#     ucd: stat.error
# - 
#   name: geom_model_gaussian1_depth
#   datatype: float32
#   unit: mag
#   description: Magnitude depth of Gaussian 1 component
#   meta:
#     ucd: src.var.amplitude
# - 
#   name: geom_model_gaussian1_depth_error
#   datatype: float32
#   unit: mag
#   description: "Uncertainty of \\texttt{geomModelGaussian1Depth}"
#   meta:
#     ucd: stat.error;src.var.amplitude
# - 
#   name: geom_model_gaussian2_phase
#   datatype: float32
#   description: Phase of Gaussian 2 component
#   meta:
#     ucd: time.phase
# - 
#   name: geom_model_gaussian2_phase_error
#   datatype: float32
#   description: "Uncertainty of \\texttt{geomModelGaussian2Phase}"
#   meta:
#     ucd: stat.error;time.phase
# - 
#   name: geom_model_gaussian2_sigma
#   datatype: float32
[...]
#   datatype: float32
#   description: "Secondary eclipse: uncertainty of \\texttt{derivedSecondaryEclDuration}"
#   meta:
#     ucd: stat.error;time.duration
# - 
#   name: derived_secondary_ecl_depth
#   datatype: float32
#   unit: mag
#   description: "Secondary eclipse: depth"
#   meta:
#     ucd: src.var.amplitude
# - 
#   name: derived_secondary_ecl_depth_error
#   datatype: float32
#   unit: mag
#   description: "Secondary eclipse: uncertainty of \\texttt{derivedSecondaryEclDepth}"
#   meta:
#     ucd: stat.error;src.var.amplitude
solution_id,source_id,global_ranking,reference_time,frequency,frequency_error,geom_model_reference_level,geom_model_reference_level_error,geom_model_gaussian1_phase,geom_model_gaussian1_phase_error,geom_model_gaussian1_sigma,geom_model_gaussian1_sigma_error,geom_model_gaussian1_depth,geom_model_gaussian1_depth_error,geom_model_gaussian2_phase,geom_model_gaussian2_phase_error,geom_model_gaussian2_sigma,geom_model_gaussian2_sigma_error,geom_model_gaussian2_depth,geom_model_gaussian2_depth_error,geom_model_cosine_half_period_amplitude,geom_model_cosine_half_period_amplitude_error,geom_model_cosine_half_period_phase,geom_model_cosine_half_period_phase_error,model_type,num_model_parameters,reduced_chi2,derived_primary_ecl_phase,derived_primary_ecl_phase_error,derived_primary_ecl_duration,derived_primary_ecl_duration_error,derived_primary_ecl_depth,derived_primary_ecl_depth_error,derived_secondary_ecl_phase,derived_secondary_ecl_phase_error,derived_secondary_ecl_duration,derived_secondary_ecl_duration_error,derived_secondary_ecl_depth,derived_secondary_ecl_depth_error
[from data line 253]
375316653866487564,4315706559203953536,0.48169094,2172.8927413317438,2.616475023680951,1.7801282E-5,19.173958,0.010868634,0.15322414,0.003850535,0.07171539,0.0045008105,0.2914743,0.015077204,0.66407853,0.007553008,0.07912438,0.011770626,0.31056616,0.028846024,null,null,null,null,"TWOGAUSSIANS",8,4.7323036,0.66407853,0.007553008,0.4,0.0,0.3086213,0.029986875,0.15322414,0.003850535,0.4,0.009170943,0.28952944,0.014344992
375316653866487564,4315708139752430592,0.47031623,2174.3132145441505,2.588741254712251,4.0658644E-5,19.133118,0.02219248,0.2802575,0.024544878,0.067897335,0.05076469,0.13665554,0.028916556,0.7802788,0.0056022,0.076293245,0.010990746,0.16894923,0.023157971,null,null,null,null,"TWOGAUSSIANS",8,2.8415644,0.7802788,0.0056022,0.4,0.0,0.16820224,0.017568013,0.2802575,0.024544878,0.3802251,0.08681898,0.13590853,0.03174331
375316653866487564,4315709892104355328,0.5222604,2142.453871262163,2.2075800462284145,8.486593E-6,18.972939,0.008189826,0.23966578,0.0029478327,0.09162289,0.003442217,0.38154465,0.012486028,0.7532362,0.0024603659,0.06732692,0.003751503,0.23526722,0.009078158,null,null,null,null,"TWOGAUSSIANS",8,2.6623056,0.23966578,0.0029478327,0.4,0.0,0.3782216,0.012176762,0.7532362,0.0024603659,0.37703073,0.021008417,0.23194452,0.0084242625
375316653866487564,4315711163409111296,0.5265526,2134.1183275969684,1.263388251280095,6.3086045E-6,18.594442,0.0039972137,0.30613583,0.01001527,0.04599051,0.011711869,0.1715824,0.0223127,0.7969018,0.0019108879,0.04514443,0.0028181642,0.2544865,0.013129131,null,null,null,null,"TWOGAUSSIANS",8,3.0459003,0.7969018,0.0019108879,0.25280884,0.01578172,0.25448644,0.013129042,0.30613583,0.01001527,0.25754687,0.06558647,0.17158233,0.02231321
375316653866487564,4315711442601937280,0.5398265,2175.1754567623893,2.5957402404415415,9.648096E-6,19.592607,0.009324329,0.27931073,0.0032486252,0.06876068,0.0044947746,0.62419033,0.029356968,0.7774686,0.0022573678,0.07227522,0.0032340952,0.5065558,0.022323184,null,null,null,null,"TWOGAUSSIANS",8,2.3875394,0.27931073,0.0032486252,0.3850598,0.025170738,0.6221946,0.029758021,0.7774686,0.0022573678,0.4,0.0027665175,0.5045601,0.022485534
375316653866487564,4315712129795442048,0.4931967,2155.0221064243824,2.9787826470146754,1.3044284E-5,19.827776,0.017794918,0.198189,0.005363817,0.089477286,0.0083026355,0.41697848,0.02368387,0.6844192,0.005052891,0.08248629,0.006847547,0.4805026,0.037751276,null,null,null,null,"TWOGAUSSIANS",8,1.7188727,0.6844192,0.005052891,0.4,0.0,0.47022864,0.039853092,0.198189,0.005363817,0.4,0.0,0.40670434,0.023226548
375316653866487564,4315712572158504960,0.47507682,2138.176953857056,3.156862921059733,1.6557859E-5,17.976341,0.047408342,0.2604229,0.006230131,0.09682121,0.028434625,0.20910238,0.037434816,0.7566706,0.0070230574,0.09793359,0.02218981,0.19972648,0.044464923,null,null,null,null,"TWOGAUSSIANS",8,9.635929,0.2604229,0.0062338333,0.4,0.0,0.19469798,0.034164187,0.7566706,0.0070230574,0.4,0.0,0.18532187,0.017109137
375316653866487564,4315713023149853440,0.46095538,2181.1468527672946,2.5281198415713093,2.3174283E-5,19.257992,1.0072919,0.3162464,0.008531574,0.12251386,0.045013543,0.8194246,0.81431127,0.79946077,0.010331264,0.14791684,0.09829786,0.6914796,0.98388135,null,null,null,null,"TWOGAUSSIANS",8,10.326352,0.31695637,0.006654528,0.4,0.0,0.586217,0.05270513,0.79946077,0.010331264,0.4,0.0,0.45383862,0.040002268
375316653866487564,4315715875019450112,0.4903142,2138.3603685749076,0.9751162799658232,1.2468788E-5,17.879534,0.008071519,0.2966962,0.005539359,0.07015409,0.01475729,0.08592207,0.010910507,0.78210557,0.0050710817,0.07454513,0.008100552,0.15160465,0.009961419,null,null,null,null,"TWOGAUSSIANS",8,5.6110134,0.78210557,0.0050710817,0.4,0.011149033,0.15119301,0.009870734,0.2966962,0.005539359,0.39286292,0.06038322,0.085510425,0.011045864
375316653866487564,4315717249381430528,0.48018327,2155.328872206761,2.810027641053794,2.9652489E-5,19.945276,0.008548855,0.7711007,0.006315019,0.009545045,0.0623568,0.047755416,0.0696639,null,null,null,null,null,null,0.17721343,0.011088305,0.7711007,0.006315019,"ONEGAUSSIAN_WITH_ELLIPSOIDAL",6,3.3557358,0.7711007,0.006315019,0.053452253,0.34919807,0.4021822,0.06799778,null,null,null,null,null,null
375316653866487564,4315717421173475712,0.5427696,2156.0569193113865,2.6000911277816647,8.187515E-6,19.276354,0.0075988257,0.24863753,0.0027436088,0.07535919,0.004058534,0.49890178,0.020516342,0.7544427,0.002539582,0.076475844,0.0037976634,0.52094895,0.013125502,null,null,null,null,"TWOGAUSSIANS",8,3.0437083,0.7544427,0.002539582,0.4,0.0,0.5169796,0.013436052,0.24863753,0.0027436088,0.4,0.0,0.49493238,0.021102075
375316653866487564,4315717455567403776,0.4519153,2171.2448744001217,1.0493942298201944,9.961348E-6,16.359533,0.003637561,0.18249424,0.014820841,0.04480612,0.008944964,0.044522837,0.0080213705,0.6834246,0.0017937943,0.042817138,0.0024233565,0.16309358,0.0042229793,null,null,null,null,"TWOGAUSSIANS",8,34.26706,0.6834246,0.0017937943,0.23977599,0.013570796,0.16309357,0.004222965,0.18249424,0.014820841,0.25091425,0.050091796,0.044522822,0.008021363
375316653866487564,4315717592972519424,0.53468806,2148.290168764157,3.588612108367771,1.4567419E-5,19.798773,0.009554128,0.23476693,0.0036785614,0.0674599,0.0045139454,0.6205207,0.015590505,0.744237,0.0058262846,0.07714931,0.0063907304,0.45856202,0.052987706,null,null,null,null,"TWOGAUSSIANS",8,2.6318195,0.23476693,0.0036785614,0.37777546,0.025278093,0.61839944,0.015532984,0.744237,0.0058262846,0.4,0.0,0.45644075,0.053762645
375316653866487564,4315717863555140480,0.5770251,2154.120328882117,1.860555326164511,1.03138245E-5,18.328262,0.0057163658,0.21103011,0.0065254783,0.080731526,0.0059317797,0.2826139,0.0213497,0.7103946,0.0015403595,0.07687476,0.002403306,0.3474285,0.009513782,null,null,null,null,"TWOGAUSSIANS",8,2.5258617,0.7103946,0.0015403595,0.4,0.0,0.3434068,0.009351455,0.21103011,0.0065254783,0.4,0.0,0.2785922,0.02117936
375316653866487564,4315719551511772800,0.53930396,2197.258610658415,0.39019338717766444,1.3776835E-5,16.819092,0.002569302,0.7457324,4.469506E-4,0.016384192,9.247946E-4,0.2678879,0.0380972,null,null,null,null,null,null,0.011016298,0.0037220195,0.7457324,4.469506E-4,"ONEGAUSSIAN_WITH_ELLIPSOIDAL",6,4.771297,0.7457324,4.469506E-4,0.09175148,0.0051788497,0.28992045,0.038162798,null,null,null,null,null,null
375316653866487564,4315720234377141504,0.5792312,2125.410839323237,2.7142007219406215,6.43765E-6,19.180508,0.012948994,0.25189483,0.0029927196,0.04215928,0.009607231,0.22384448,0.082256414,0.7438894,0.0035663235,0.039241098,0.005006658,0.32460475,0.022117296,0.14148837,0.01481583,0.25189483,0.0029927196,"TWOGAUSSIANS_WITH_ELLIPSOIDAL_ON_ECLIPSE1",9,2.121956,0.74465936,0.003180825,0.21975015,0.028037284,0.6069344,0.022846691,0.25189483,0.0029927196,0.23609199,0.053800493,0.5068211,0.09271759
375316653866487564,4315720547944077568,0.53023905,2144.8274561311987,2.3806027766723825,8.877602E-6,17.320856,0.014055852,0.22346184,0.004759534,0.09319744,0.010462268,0.17601757,0.013004457,0.7119348,0.0021629124,0.10450721,0.009211525,0.18711652,0.012681469,null,null,null,null,"TWOGAUSSIANS",8,5.4652424,0.7119348,0.0021629124,0.4,0.0,0.17434515,0.009384652,0.22346184,0.00476467,0.4,0.0,0.1632505,0.0078687705
375316653866487564,4315721750502479488,0.43108,2130.319486103987,2.004694426287991,1.10201385E-4,19.700266,0.025689876,0.29723558,0.032607198,0.14231746,0.060069382,0.08025971,0.033396866,0.74202657,0.013080269,0.08236747,0.0140466355,0.18032129,0.029258642,null,null,null,null,"TWOGAUSSIANS",8,2.901854,0.74202657,0.013080269,0.4,0.0,0.17150559,0.022785345,0.29723558,0.03260593,0.4,0.0,0.07079695,0.03323159
375316653866487564,4315721750534891776,0.651228,2149.3787766126948,0.404044377657952,1.6564294E-5,17.300314,0.0023724104,0.1533396,1.7529055E-5,0.010849625,3.9699116E-5,0.67965543,0.0024315638,0.6527793,0.0115746325,0.011677781,0.006555326,0.60237366,0.3416644,null,null,null,null,"TWOGAUSSIANS",8,5.3035564,0.1533396,1.7529055E-5,0.060757898,2.2231505E-4,0.67965543,0.0024315638,0.6527793,0.0115746325,0.06539557,0.036709826,0.60237366,0.3416644
375316653866487564,4315722265898465408,0.49239334,2143.9767695826254,0.9433914783186521,1.1522808E-5,19.540333,0.00680438,0.14890876,0.015329882,0.025792176,0.022234183,0.0850739,0.14508903,0.6561983,0.0016760024,0.035167936,0.0013519415,0.47619912,0.009714897,null,null,null,null,"TWOGAUSSIANS",8,2.0069442,0.6561983,0.0016760024,0.19694044,0.007570872,0.47619912,0.009714897,0.14890876,0.015329882,0.14443618,0.12451143,0.0850739,0.14508903
375316653866487564,4315722643888131200,0.60319,2154.239523202971,1.0105540040436038,3.4513955E-6,16.554903,0.2034792,0.25976694,9.921466E-4,0.13793816,0.027362214,0.29577732,0.1834101,0.75883377,0.0017437486,0.15871501,0.043036275,0.3149868,0.19949119,null,null,null,null,"TWOGAUSSIANS",8,1.7796057,0.75883377,0.0017437486,0.4,0.0,0.16918777,0.0024190524,0.25986692,0.0010250465,0.4,0.0,0.15355754,0.0030454204
375316653866487564,4315723361113732736,0.5421845,2168.1571989916947,0.4892742034352881,1.222069E-5,17.256376,0.0016290463,0.307,0.001560525,0.026169064,0.0020735392,0.14564599,0.0048528984,0.8160927,0.0047720703,0.030549645,0.004036676,0.07419524,0.008643628,0.018956436,0.0029574048,0.307,0.001560525,"TWOGAUSSIANS_WITH_ELLIPSOIDAL_ON_ECLIPSE1",9,3.30359,0.307,0.001560525,0.14654677,0.01161182,0.18355885,0.004553048,0.8160927,0.0047720703,0.17107801,0.022605387,0.1119845,0.008946483
375316653866487564,4315723399771145088,0.46093354,2149.446096085692,2.5948417273344573,2.0691989E-5,19.824854,0.01650541,0.24574123,0.0036154273,0.073647186,0.0066957804,0.24617743,0.022998441,0.7431479,0.00901545,0.06929704,0.022839792,0.28769088,0.07049165,null,null,null,null,"TWOGAUSSIANS",8,2.2139626,0.7431479,0.00901545,0.3880634,0.08600703,0.28659382,0.07294275,0.24574123,0.0036154273,0.4,0.0020689587,0.24508035,0.022261195
375316653866487564,4315723434130868992,0.5471666,2166.2298249108803,2.490834459250704,6.936176E-6,19.144001,0.009016807,0.23286076,0.002733201,0.07516846,0.004130627,0.6412641,0.043822292,0.7298783,0.0031664697,0.06789627,0.003983659,0.46987596,0.019696191,null,null,null,null,"TWOGAUSSIANS",8,4.0359564,0.23286076,0.002733201,0.4,0.0,0.6389776,0.044502933,0.7298783,0.0031664697,0.3802191,0.022308491,0.46758944,0.019985467
375316653866487564,4315723537210061568,0.534288,2155.1333997473503,2.8473043956465323,1.0433312E-5,19.723343,0.009095921,0.23834367,0.0025642333,0.073041975,0.0035008157,0.4849128,0.028783318,0.735439,0.0032048093,0.072666645,0.003195893,0.4788422,0.02630942,null,null,null,null,"TWOGAUSSIANS",8,2.286544,0.23834367,0.0025642333,0.4,0.0,0.48241693,0.02918446,0.735439,0.0032048093,0.4,5.6690036E-4,0.47634634,0.02636719
375316653866487564,4315723674649439616,0.4585018,2158.9691339046162,0.07590973074435271,1.8076513E-5,19.74256,0.0068628015,0.2947706,0.0483479,0.021381818,0.015394209,4.126598,26.65526,0.8184559,0.018129347,0.042518992,0.010177019,0.3678903,0.082499124,null,null,null,null,"TWOGAUSSIANS",8,3.6699457,0.2947706,0.0483479,0.11973818,0.08620757,4.126598,26.65526,0.8184559,0.018129347,0.23810636,0.056991305,0.3678903,0.082499124
375316653866487564,4315724048308251776,0.5271199,2157.875156568346,2.377639027961016,1.8982633E-5,19.005756,0.013164002,0.2637045,0.0071877143,0.08670905,0.012778841,0.12817225,0.01192192,0.74719405,0.0044518705,0.07823894,0.010931046,0.30028126,0.01335073,null,null,null,null,"TWOGAUSSIANS",8,2.850987,0.74719405,0.0044518705,0.4,0.0,0.29747033,0.0132405395,0.2637045,0.0071877143,0.4,0.0,0.12536131,0.009363796
375316653866487564,4315724735503159808,0.5052005,2171.894301407517,2.1487450414222997,2.426792E-5,18.737482,0.018127836,0.26476184,0.008267167,0.10206762,0.014038034,0.24650794,0.022984104,0.7552058,0.0032645133,0.098807365,0.007982011,0.3001014,0.017154362,null,null,null,null,"TWOGAUSSIANS",8,2.4654555,0.7552058,0.0032645133,0.4,0.0,0.27837673,0.013300319,0.26476184,0.008267167,0.4,0.0,0.22478177,0.026097199
375316653866487564,4315725049036530688,0.4971375,2159.902816168852,0.17760636164439314,2.4036022E-5,18.720259,0.0031196978,0.29816025,0.007472757,0.018237876,0.011602052,0.04023884,0.58765006,0.80008584,0.0057237456,0.030154472,0.0054534585,0.11357033,0.022982994,0.032994565,0.007839034,0.29816025,0.007472757,"TWOGAUSSIANS_WITH_ELLIPSOIDAL_ON_ECLIPSE1",9,2.1310635,0.80008584,0.0056261164,0.16886504,0.030539367,0.17954977,0.02433029,0.29816025,0.007472757,0.102132104,0.064971484,0.106227934,0.5868117
375316653866487564,4315725289555157120,0.54668033,2163.243622268947,2.0405573544890356,8.815275E-6,19.41877,0.017712627,0.20921975,0.0024036898,0.086360276,0.0061557973,0.36049062,0.020347968,0.7005315,0.006835994,0.08067869,0.0073606255,0.40293998,0.021245684,null,null,null,null,"TWOGAUSSIANS",8,1.7485148,0.7005315,0.006835994,0.4,0.0,0.39557818,0.018127494,0.20921975,0.0024036898,0.4,0.0,0.3531288,0.018781839
375316653866487564,4315725495713909120,0.49473608,2189.8494281677804,0.4951570176867631,1.8421219E-5,17.27153,0.0023314576,0.25021815,0.0097997915,0.017884448,0.0070630093,0.06604664,0.019516498,0.74566174,0.0052847606,0.023901694,0.0074969684,0.19607554,0.017306322,null,null,null,null,"TWOGAUSSIANS",8,6.890325,0.74566174,0.0052847606,0.13384949,0.041983023,0.19607554,0.017306322,0.25021815,0.0097997915,0.10015291,0.039552853,0.06604664,0.019516498
375316653866487564,4315726045469738624,0.5443019,2176.9103393992973,2.9531884924099385,1.10159535E-5,19.10743,0.009921101,0.29872477,0.0029447514,0.071366064,0.005203983,0.59718215,0.06349312,0.79819196,0.0033292763,0.068462245,0.003916696,0.47036818,0.029656056,null,null,null,null,"TWOGAUSSIANS",8,2.8921854,0.29872477,0.0029447514,0.39964998,0.013137214,0.59542966,0.064337,0.79819196,0.0033292763,0.38338858,0.0219335,0.46861568,0.029783042
375316653866487564,4315727041934954496,0.49514008,2153.4800884241085,2.7112061757614554,1.3224902E-5,17.519415,0.08231059,0.24850377,0.00414706,0.17260394,0.020428227,0.5690372,0.0636408,0.74951494,0.00397321,0.18744478,0.025814893,0.58223397,0.081333235,null,null,null,null,"TWOGAUSSIANS",8,6.510356,0.24806379,0.0045033987,0.4,0.0,0.16514859,0.0098549,0.74986494,0.0041753785,0.4,0.0,0.16228968,0.008072706
375316653866487564,4315727140691883520,0.52809966,2145.7996624553957,2.4520330605705785,1.4688725E-5,19.265507,0.0093684085,0.681943,0.0036228942,0.063352145,0.012245327,0.0744769,0.03311509,null,null,null,null,null,null,0.15944295,0.013385292,0.681943,0.0036228942,"ONEGAUSSIAN_WITH_ELLIPSOIDAL",6,3.4053957,0.681943,0.0036228942,0.35477203,0.06857383,0.39333183,0.024903687,null,null,null,null,null,null
375316653866487564,4315727763489510656,0.47127965,2118.8018546445273,0.0505507276595488,2.1395384E-5,16.005016,0.0023768928,0.31557703,0.00979601,0.028048078,0.013127195,0.026939254,0.21454239,0.8525068,7.357669E-5,0.0014477193,5.8577752E-5,0.18917245,0.0061342507,0.015140515,0.003369504,0.31557703,0.00979601,"TWOGAUSSIANS_WITH_ELLIPSOIDAL_ON_ECLIPSE1",9,35.469425,0.8525068,7.357669E-5,0.008107228,3.280354E-4,0.21785218,0.0076120775,0.31557703,0.00979601,0.15706924,0.07351229,0.057220284,0.21482496
375316653866487564,4315728313245387520,0.5900999,2146.2766199072194,0.6003122709327419,1.2325379E-5,15.058945,0.0033346917,0.21275689,0.0032661154,0.025387615,0.0029062224,0.32117936,0.044690333,0.7160139,0.0056203366,0.02486139,0.003517913,0.3925258,0.07305829,0.0073667937,0.0051190755,0.21275689,0.0032661154,"TWOGAUSSIANS_WITH_ELLIPSOIDAL_ON_ECLIPSE1",9,32.663227,0.7160139,0.0056203366,0.13922378,0.019700313,0.40725318,0.07363095,0.21275689,0.0032661154,0.14217065,0.016274845,0.33591294,0.046776563
