Gaia/vari_eclipsing_binary/VariEclipsingBinary_685368-685378.csv
# %ECSV 1.0
# ---
# delimiter: ','
# meta: !!omap
# - RELEASE: Gaia DR3
# - TABLE: vari_eclipsing_binary
# - DESCRIPTION: >
#     This table describes the properties of the eclipsing binaries resulting from the variability analysis. 
# - CITATION: >
#     How to cite and acknowledge Gaia: 
#     https://gea.esac.esa.int/archive/documentation/credits.html 
# - KNOWN_ISSUES: >
#     Known issues: 
#     https://www.cosmos.esa.int/web/gaia-users/known-issues 
# - DOCUMENTATION: >
#     Tutorials and documentation: 
#     https://www.cosmos.esa.int/web/gaia-users/archive 
# datatype:
# - 
#   name: solution_id
#   datatype: int64
#   description: Solution Identifier
#   meta:
#     ucd: meta.version
# - 
#   name: source_id
#   datatype: int64
#   description: Unique source identifier
#   meta:
#     ucd: meta.id;meta.main
# - 
#   name: global_ranking
#   datatype: float32
#   description: Number between 0 (worst) and 1 (best)
#   meta:
#     ucd: stat.param
# - 
#   name: reference_time
#   datatype: float64
#   unit: d
#   description: Reference time used for the geometric model fit
#   meta:
#     ucd: time.epoch
# - 
#   name: frequency
#   datatype: float64
#   unit: d**-1
#   description: Frequency of geometric model of the eclipsing binary light curve
#   meta:
#     ucd: src.orbital
# - 
#   name: frequency_error
#   datatype: float32
#   unit: d**-1
#   description: "Uncertainty of \\texttt{frequency}"
#   meta:
#     ucd: stat.error
# - 
#   name: geom_model_reference_level
#   datatype: float32
#   unit: mag
#   description: Magnitude reference level of geometric model
#   meta:
#     ucd: phot.mag;em.opt
# - 
#   name: geom_model_reference_level_error
#   datatype: float32
#   unit: mag
#   description: "Uncertainty of \\texttt{geomModelReferenceLevel}"
#   meta:
#     ucd: stat.error;phot.mag;em.opt
# - 
#   name: geom_model_gaussian1_phase
#   datatype: float32
#   description: Phase of the Gaussian 1 component
#   meta:
#     ucd: time.phase
# - 
#   name: geom_model_gaussian1_phase_error
#   datatype: float32
#   description: "Uncertainty of \\texttt{geomModelGaussian1Phase}"
#   meta:
#     ucd: stat.error;time.phase
# - 
#   name: geom_model_gaussian1_sigma
#   datatype: float32
#   description: "Standard deviation [phase] of Gaussian 1 component"
#   meta:
#     ucd: stat.stdev
# - 
#   name: geom_model_gaussian1_sigma_error
#   datatype: float32
#   description: "Uncertainty of \\texttt{geomModelGaussian1Sigma}"
#   meta:
#     ucd: stat.error
# - 
#   name: geom_model_gaussian1_depth
#   datatype: float32
#   unit: mag
#   description: Magnitude depth of Gaussian 1 component
#   meta:
#     ucd: src.var.amplitude
# - 
#   name: geom_model_gaussian1_depth_error
#   datatype: float32
#   unit: mag
#   description: "Uncertainty of \\texttt{geomModelGaussian1Depth}"
#   meta:
#     ucd: stat.error;src.var.amplitude
# - 
#   name: geom_model_gaussian2_phase
#   datatype: float32
#   description: Phase of Gaussian 2 component
#   meta:
#     ucd: time.phase
# - 
#   name: geom_model_gaussian2_phase_error
#   datatype: float32
#   description: "Uncertainty of \\texttt{geomModelGaussian2Phase}"
#   meta:
#     ucd: stat.error;time.phase
# - 
#   name: geom_model_gaussian2_sigma
#   datatype: float32
[...]
#   datatype: float32
#   description: "Secondary eclipse: uncertainty of \\texttt{derivedSecondaryEclDuration}"
#   meta:
#     ucd: stat.error;time.duration
# - 
#   name: derived_secondary_ecl_depth
#   datatype: float32
#   unit: mag
#   description: "Secondary eclipse: depth"
#   meta:
#     ucd: src.var.amplitude
# - 
#   name: derived_secondary_ecl_depth_error
#   datatype: float32
#   unit: mag
#   description: "Secondary eclipse: uncertainty of \\texttt{derivedSecondaryEclDepth}"
#   meta:
#     ucd: stat.error;src.var.amplitude
solution_id,source_id,global_ranking,reference_time,frequency,frequency_error,geom_model_reference_level,geom_model_reference_level_error,geom_model_gaussian1_phase,geom_model_gaussian1_phase_error,geom_model_gaussian1_sigma,geom_model_gaussian1_sigma_error,geom_model_gaussian1_depth,geom_model_gaussian1_depth_error,geom_model_gaussian2_phase,geom_model_gaussian2_phase_error,geom_model_gaussian2_sigma,geom_model_gaussian2_sigma_error,geom_model_gaussian2_depth,geom_model_gaussian2_depth_error,geom_model_cosine_half_period_amplitude,geom_model_cosine_half_period_amplitude_error,geom_model_cosine_half_period_phase,geom_model_cosine_half_period_phase_error,model_type,num_model_parameters,reduced_chi2,derived_primary_ecl_phase,derived_primary_ecl_phase_error,derived_primary_ecl_duration,derived_primary_ecl_duration_error,derived_primary_ecl_depth,derived_primary_ecl_depth_error,derived_secondary_ecl_phase,derived_secondary_ecl_phase_error,derived_secondary_ecl_duration,derived_secondary_ecl_duration_error,derived_secondary_ecl_depth,derived_secondary_ecl_depth_error
[from data line 146]
375316653866487564,6028594531137715968,0.52356756,2264.9975778099515,3.3392182206460808,3.168184E-5,17.285482,0.014194523,0.14790048,0.0031816831,0.08604948,0.0050489013,0.36453527,0.0176367,0.6379628,0.0035083604,0.087507814,0.0066218856,0.3258493,0.016541129,null,null,null,null,"TWOGAUSSIANS",8,30.505032,0.14790048,0.0031816831,0.4,0.0,0.35534152,0.016397316,0.6379628,0.0035083604,0.4,0.0,0.31665555,0.015270949
375316653866487564,6028594668638964224,0.4908197,2251.3209249608667,2.518286533630642,1.6819453E-5,19.408997,0.013075279,0.23362815,0.0035284695,0.08408261,0.006734175,0.29390535,0.017062161,0.74257857,0.004337327,0.074948356,0.009381857,0.28547564,0.038468916,null,null,null,null,"TWOGAUSSIANS",8,2.0054543,0.23362815,0.0035284695,0.4,0.0,0.29045004,0.016671035,0.74257857,0.004337327,0.4,4.448761E-4,0.28202033,0.04004145
375316653866487564,6028594698594784512,0.57799816,2267.8795714219273,1.7036862278332652,7.417994E-6,17.983078,0.007852441,0.3022103,0.0027158512,0.0967492,0.0045121512,0.25432247,0.007610532,0.8167817,0.002733521,0.09453603,0.0055285585,0.17532423,0.008201903,null,null,null,null,"TWOGAUSSIANS",8,2.0429354,0.3022103,0.0027158512,0.4,0.0,0.24299613,0.005143313,0.8167817,0.002733521,0.4,0.0,0.16399854,0.0069836807
375316653866487564,6028594771717755008,0.62109154,2281.717619860236,3.0640349413256613,6.850564E-6,17.38326,0.0101672495,0.27434516,0.0011902412,0.048685398,0.004997871,0.34156004,0.03941707,0.77237946,9.947947E-4,0.04360534,0.002657808,0.36271602,0.022504576,0.13551389,0.013760853,0.27434516,0.0011902412,"TWOGAUSSIANS_WITH_ELLIPSOIDAL_ON_ECLIPSE1",9,12.324259,0.7725795,8.850941E-4,0.24418989,0.014883724,0.6337056,0.009716301,0.27434516,0.0011902412,0.27263823,0.027988078,0.6125868,0.044546533
375316653866487564,6028594836045399552,0.4932945,2260.2528588138957,2.5571888143473274,2.5664396E-5,19.286444,0.03299171,0.23018453,0.0070688934,0.09232647,0.011055703,0.41776213,0.04099444,0.73473376,0.00541398,0.09478028,0.0118148085,0.36526138,0.029286651,null,null,null,null,"TWOGAUSSIANS",8,4.6288958,0.23018453,0.0070688934,0.4,0.0,0.39719662,0.03537051,0.73473376,0.00541398,0.4,0.0,0.34469557,0.01911575
375316653866487564,6028595282702431872,0.5678266,2258.734912609293,1.2820821092936938,2.6465987E-6,18.251274,0.0024707553,0.2486448,8.1700797E-4,0.039488953,9.843295E-4,0.32516962,0.006214954,0.7571543,0.011614627,0.036886293,0.017720412,0.056525573,0.014067891,null,null,null,null,"TWOGAUSSIANS",8,2.3506546,0.2486448,8.1700797E-4,0.22113813,0.005512245,0.32516962,0.006214954,0.7571543,0.011614627,0.20656323,0.09923431,0.056525573,0.014067891
375316653866487564,6028595355771617280,0.48930112,2264.8570577769656,2.4210896431974547,2.5542102E-5,19.102886,0.018423153,0.20281236,0.0062128864,0.08844565,0.0071813944,0.38592312,0.025330022,0.6952947,0.0062382757,0.09632733,0.011398994,0.3637794,0.0253664,null,null,null,null,"TWOGAUSSIANS",8,4.880264,0.20281236,0.0062128864,0.4,0.0,0.36873174,0.021455538,0.6952947,0.0062382757,0.4,0.0,0.346587,0.026796512
375316653866487564,6028595390131451392,0.5097244,2259.6279920128877,2.5794749194867563,2.3272965E-5,19.061663,0.014662079,0.30199823,0.0039841924,0.07363201,0.0053608934,0.31681794,0.024531249,0.80422866,0.008656052,0.073973745,0.014811871,0.30697185,0.03434683,null,null,null,null,"TWOGAUSSIANS",8,4.4418516,0.30199823,0.0039841924,0.4,0.0035309754,0.31490764,0.023710445,0.80422866,0.008656052,0.4,0.008406023,0.30506158,0.036241457
375316653866487564,6028595660679211648,0.55969167,2272.236574025938,1.9934563854539942,8.987486E-6,18.370874,0.008071166,0.22823331,0.0032559626,0.09140711,0.005855824,0.26633623,0.015805043,0.7291688,0.002375444,0.088852756,0.004180544,0.32188454,0.008921107,null,null,null,null,"TWOGAUSSIANS",8,2.885349,0.7291688,0.002375444,0.4,0.0,0.3095919,0.008134956,0.22823331,0.0032559626,0.4,0.0,0.2540435,0.016008036
375316653866487564,6028595866820600320,0.4874615,2265.767357835937,1.951166642399601,1.9281835E-5,18.647228,0.009199758,0.2025598,0.006020849,0.0430859,0.015826441,0.054019153,0.007504223,0.7507145,0.005132158,0.067601345,0.0054904013,0.29913637,0.016340816,null,null,null,null,"TWOGAUSSIANS",8,7.4952264,0.7507145,0.005132158,0.37856755,0.030746248,0.29913497,0.016337464,0.2025598,0.006020849,0.24128105,0.088628076,0.054017745,0.007500887
375316653866487564,6028595905537071488,0.48488963,2266.2297619315286,1.666260997767481,3.823702E-5,18.870344,0.011463702,0.3249911,0.0050109825,0.06868705,0.0071890666,0.37631592,0.059259586,0.80002487,0.009661376,0.087545715,0.014390799,0.11805637,0.018013185,null,null,null,null,"TWOGAUSSIANS",8,3.0993154,0.3249911,0.0050109825,0.3846475,0.035015367,0.37496835,0.059959922,0.80002487,0.009661376,0.4,0.0,0.11670877,0.017813787
375316653866487564,6028595974256586496,0.5499299,2289.1343341502547,2.592670271930462,1.4896196E-5,18.174484,0.010195489,0.23636454,0.003046256,0.070749804,0.0039015273,0.3668592,0.013860373,0.7349908,0.0034627996,0.0733175,0.005275533,0.40112358,0.0271304,null,null,null,null,"TWOGAUSSIANS",8,4.8555627,0.7349908,0.0034627996,0.4,0.0,0.3993236,0.02774277,0.23636454,0.003046256,0.3961989,0.017925614,0.36505923,0.013479127
375316653866487564,6028596455292926336,0.48470184,2246.128461056414,3.4017178268629427,2.3738583E-5,19.786936,0.01734028,0.24624702,0.004778836,0.08690113,0.0078090024,0.34294045,0.019556958,0.7558747,0.007000801,0.0754155,0.00859321,0.36323944,0.033427875,null,null,null,null,"TWOGAUSSIANS",8,1.604064,0.7558747,0.007000801,0.4,0.0,0.35815847,0.03446924,0.24624702,0.004778836,0.4,0.0,0.33785942,0.018758237
375316653866487564,6028596455347438464,0.48486575,2281.6746004818215,2.8927937005857474,2.4772618E-5,19.58006,0.31725922,0.24759705,0.0077305804,0.13792104,0.056748465,0.40671974,0.3120576,0.7607461,0.006501733,0.11273765,0.032180347,0.49936053,0.29000488,null,null,null,null,"TWOGAUSSIANS",8,2.9477415,0.7609961,0.0058408547,0.4,0.0,0.39207047,0.0292693,0.24754705,0.0077122813,0.4,0.0,0.2982868,0.035649654
375316653866487564,6028597692253837056,0.5295789,2262.8891942174573,1.5555382395514286,5.8209465E-5,19.874285,0.007315704,0.5827492,0.025685009,0.06096556,0.0383514,0.06999372,0.03762142,0.91334486,7.495763E-4,0.010955508,6.798624E-4,1.85373,0.44655663,null,null,null,null,"TWOGAUSSIANS",8,0.9761069,0.91334486,7.495763E-4,0.06135084,0.0038072292,1.8537301,0.4465567,0.5827492,0.025685009,0.34140715,0.21476786,0.06999372,0.03762142
375316653866487564,6028598173334461184,0.58036387,2291.744455459734,0.3105497463757378,5.604031E-5,15.224345,0.0013574972,0.058624584,0.025071727,0.010375417,0.006342759,0.14188166,0.20453462,0.55693173,7.442767E-4,0.011550986,7.3624717E-4,0.3497307,0.007923726,null,null,null,null,"TWOGAUSSIANS",8,31.491343,0.55693173,7.442767E-4,0.06468552,0.004122984,0.3497307,0.007923726,0.058624584,0.025071727,0.058102332,0.03551945,0.14188166,0.20453462
375316653866487564,6028598207649431040,0.48788896,2279.778407923881,1.74950227911784,1.4066603E-5,18.731173,0.02930543,0.27982298,0.004657128,0.09877239,0.017418416,0.21092243,0.020079313,0.7794962,0.0068091415,0.111542016,0.022145418,0.17284073,0.027262194,null,null,null,null,"TWOGAUSSIANS",8,2.8326344,0.27982298,0.004668461,0.4,0.0,0.18863326,0.015680224,0.7794962,0.0068091415,0.4,0.0,0.15053773,0.023241805
375316653866487564,6028598512548935040,0.5088238,2277.317559481016,2.44434460911392,1.5923391E-5,19.554506,0.0147619415,0.307063,0.003511648,0.073383756,0.0048705516,0.44470263,0.02546391,0.8007349,0.0069138445,0.07993092,0.010246596,0.3892706,0.022900488,null,null,null,null,"TWOGAUSSIANS",8,2.960344,0.307063,0.003511648,0.4,0.0041930717,0.44115508,0.025096737,0.8007349,0.0069138445,0.4,0.0,0.38572305,0.023426302
375316653866487564,6028598688686270848,0.48986349,2289.1396580582564,3.198786736678847,2.379376E-5,19.658867,0.0067414897,null,null,null,null,null,null,null,null,null,null,null,null,0.14426878,0.012127263,0.1871421,0.0042487592,"ELLIPSOIDAL",4,3.2329004,null,null,null,null,null,null,null,null,null,null,null,null
375316653866487564,6028598856118698880,0.55021226,2286.2572133024564,2.736715268158287,1.917806E-5,18.093771,0.008654146,0.26832184,0.004058593,0.08469229,0.005200221,0.31582782,0.014386233,0.76890624,0.0036036433,0.0888341,0.006631767,0.24014772,0.016915983,null,null,null,null,"TWOGAUSSIANS",8,3.9005702,0.26832184,0.004058593,0.4,0.0,0.3072844,0.014453863,0.76890624,0.0036036433,0.4,0.0,0.23160426,0.017818458
375316653866487564,6028599337154969216,0.59478426,2275.9598197644345,0.2080495585348831,3.7498678E-5,16.975721,0.0023622063,0.2328529,0.0018286,0.02312792,0.0022915595,0.06962324,0.009640205,0.7352583,0.0016559614,0.023755709,0.001573168,0.45499268,0.07977426,0.055243418,0.00379456,0.2328529,0.0018286,"TWOGAUSSIANS_WITH_ELLIPSOIDAL_ON_ECLIPSE1",9,7.6321487,0.7352583,0.0016559614,0.13303196,0.008809741,0.5654542,0.08025462,0.2328529,0.0018286,0.12951636,0.012832733,0.18011001,0.0071564117
375316653866487564,6028600303583987840,0.48770896,2254.7418755532285,3.6643846361693004,1.3987532E-5,19.756256,0.016350502,0.23825686,0.009142966,0.07946963,0.010031343,0.25543165,0.020332757,0.7209273,0.0046838117,0.066046946,0.006542922,0.30764633,0.01878891,null,null,null,null,"TWOGAUSSIANS",8,2.1830633,0.7209273,0.0046838117,0.36986288,0.03664036,0.30665097,0.018146597,0.23825686,0.009142966,0.4,0.0,0.25443628,0.01953004
375316653866487564,6028600818980089472,0.5124534,2261.8140239630466,1.7164671247217869,1.694298E-5,17.95192,0.0126110725,0.19673784,0.0037579024,0.09570273,0.011028795,0.19959341,0.010238269,0.6946851,0.0037929795,0.09350429,0.010619888,0.1596811,0.016282609,null,null,null,null,"TWOGAUSSIANS",8,3.8499818,0.19673784,0.0037579024,0.4,0.0,0.18902497,0.011440932,0.6946851,0.0037929795,0.4,0.0,0.14911292,0.01601731
375316653866487564,6028600917702885376,0.4447564,2258.515900907338,4.647642487460643,4.231162E-6,19.129679,0.020607613,0.2242208,6.4046006E-4,0.004794175,4.6973993E-4,0.2238935,0.042897373,0.60592866,0.017621184,0.1853321,0.038793027,0.14966512,0.018903593,null,null,null,null,"TWOGAUSSIANS",8,3.836439,0.2242408,6.4046006E-4,0.02684738,0.0026305437,0.23455174,0.04708415,0.60592866,0.017621184,0.4,0.0,0.141801,0.009919674
375316653866487564,6028600990834004096,0.5547691,2283.6054263717556,2.2996894670061194,2.4454237E-5,18.913866,0.01911069,0.26476148,0.0039526345,0.10214269,0.007871342,0.3620982,0.017257871,0.76269704,0.0036175505,0.09241085,0.0073548188,0.4109184,0.017005904,null,null,null,null,"TWOGAUSSIANS",8,1.9393044,0.76269704,0.0036175505,0.4,0.0,0.3834549,0.013312279,0.26476148,0.0039526345,0.4,0.0,0.33463046,0.008692264
375316653866487564,6028601506175027584,0.5013769,2268.24014403834,3.177334265161575,3.4481378E-5,19.396843,0.008728329,0.17571056,0.006881466,0.07019447,0.007802971,0.22500154,0.0104930485,0.69970804,0.0056840507,0.07097666,0.0065865866,0.21993257,0.018009735,null,null,null,null,"TWOGAUSSIANS",8,1.6727215,0.17571056,0.006881466,0.393089,0.027929008,0.2245481,0.010084169,0.69970804,0.0056840507,0.39746928,0.02982512,0.21947913,0.01785337
375316653866487564,6028601677973866752,0.5069231,2261.3485695153067,4.577039965719679,2.1481346E-5,19.203766,0.014272298,0.26164815,0.0063345013,0.07533523,0.0065259635,0.38568473,0.02271541,0.7667626,0.0037213874,0.07537869,0.0061212783,0.46060508,0.022310937,null,null,null,null,"TWOGAUSSIANS",8,4.594808,0.7667626,0.0037213874,0.4,2.2937187E-4,0.45753857,0.022479644,0.26164815,0.0063345013,0.4,0.0,0.38261822,0.022809448
375316653866487564,6028601952851657600,0.41161954,2276.879319058433,0.0787255164138692,4.884361E-5,18.999165,0.038198512,0.27084976,0.01545,0.15367778,0.039064743,0.17727178,0.033110663,0.8649568,0.019620312,0.069315046,0.013913169,0.1779263,0.070596814,null,null,null,null,"TWOGAUSSIANS",8,5.429555,0.8675068,0.017941913,0.38816425,0.07020167,0.17410511,0.0741272,0.27084976,0.01545,0.4,0.0,0.1678165,0.020836692
375316653866487564,6028601952851685504,0.4949147,2239.0631104211484,3.0094620735354876,2.4516788E-5,19.743706,0.06177519,0.18689574,0.009134708,0.10613163,0.024205789,0.47531226,0.054676354,0.67911625,0.0060918736,0.09185693,0.010771591,0.5643507,0.060245078,null,null,null,null,"TWOGAUSSIANS",8,2.8382266,0.67911625,0.0060918736,0.4,0.0,0.5261542,0.029537193,0.18689574,0.009134708,0.4,0.0,0.43710098,0.028579988
375316653866487564,6028601982881857664,0.47391278,2254.683669505928,1.9202670695272828,1.5984166E-5,18.328371,0.0063815713,0.32704514,0.0019756693,0.03687072,0.0033372152,0.31681907,0.024488652,0.8395762,1.571013E-5,0.002213899,9.906046E-5,0.105559304,0.006419742,null,null,null,null,"TWOGAUSSIANS",8,14.629559,0.32704514,0.0019756693,0.20647603,0.018688405,0.31681907,0.024488652,0.8395762,1.571013E-5,0.012397834,5.5473857E-4,0.105559304,0.006419742
375316653866487564,6028602365181569664,0.5049762,2282.4981199256777,1.2728728181276299,2.1323238E-5,18.47353,0.004141209,0.20313758,0.003175878,0.053879272,0.0038058732,0.17199267,0.021713566,0.6977126,0.0036493426,0.054658197,0.0033765482,0.24154949,0.021731896,null,null,null,null,"TWOGAUSSIANS",8,3.4053934,0.6977126,0.0036493426,0.3060859,0.01890867,0.2415415,0.02173411,0.20313758,0.003175878,0.30172393,0.021312889,0.1719847,0.021716934
375316653866487564,6028602463891228544,0.52487135,2272.505932653352,2.5981340990187123,3.2203003E-5,16.573784,0.16454604,0.2555009,0.003177171,0.12091044,0.028109636,0.33629027,0.15653002,0.7478076,0.00585671,0.12014812,0.038902003,0.3017582,0.15857728,null,null,null,null,"TWOGAUSSIANS",8,31.167881,0.2555409,0.003217067,0.4,0.0,0.2670664,0.010336181,0.7478076,0.00585671,0.4,0.0,0.23256043,0.011798102
375316653866487564,6028602468258815872,0.49971494,2280.0739342415545,2.4307710803833613,3.9562055E-5,19.373302,0.028581236,0.28281534,0.012865762,0.0958508,0.016689632,0.32114995,0.03604292,0.7735819,0.0049497136,0.093648024,0.01130151,0.3018097,0.02918194,null,null,null,null,"TWOGAUSSIANS",8,2.9089723,0.28281534,0.012865762,0.4,0.0,0.30431253,0.03216171,0.7735819,0.0049497136,0.4,0.0,0.28497273,0.017114425
375316653866487564,6028602536978716800,0.49512768,2288.8293366733906,0.8134737239624155,5.1514482E-5,19.808563,0.014945796,0.23844592,0.029373964,0.027466772,0.028730737,0.15933576,2.89190147E14,0.75550365,0.030439867,0.020473374,0.012291018,1.0630306,0.8131946,0.052959286,0.016779581,0.23844592,0.029373964,"TWOGAUSSIANS_WITH_ELLIPSOIDAL_ON_ECLIPSE1",9,3.1184454,0.75550365,0.030439867,0.11465089,0.0688297,1.1677371,0.8032571,0.23844592,0.029373964,0.15381393,0.16089213,0.26525432,2.89190147E14
375316653866487564,6028602566997469056,0.5231553,2266.2705989819524,1.7097274987592543,1.9132369E-5,18.2967,0.016218467,0.30807462,0.0040282705,0.097981766,0.015438229,0.21016979,0.012652299,0.8180019,0.0032680403,0.09347237,0.008817091,0.1921843,0.015019855,null,null,null,null,"TWOGAUSSIANS",8,2.2729778,0.30807462,0.0040282705,0.4,0.0,0.19858,0.020135775,0.8180019,0.003268833,0.4,0.0,0.18059528,0.007818855
375316653866487564,6028602841867203456,0.5392906,2270.505786098584,1.3800900020274756,1.9048779E-5,18.376925,0.010251812,0.21509792,0.003342359,0.087157205,0.005341758,0.28086394,0.011901387,0.7191042,0.005394024,0.099286996,0.008142048,0.22235377,0.012370734,null,null,null,null,"TWOGAUSSIANS",8,3.2666016,0.21509792,0.003342359,0.4,0.0,0.2680815,0.010442137,0.7191042,0.005394024,0.4,0.0,0.20956993,0.011458384
375316653866487564,6028603327295867648,0.46906808,2263.1758226505017,3.171829869142189,1.3806262E-4,19.523012,0.038983595,0.20483671,0.04217108,0.083209276,0.13991073,0.18982086,0.19558604,0.41558126,0.1962779,0.121275276,0.13005061,0.16103315,0.13160248,null,null,null,null,"TWOGAUSSIANS",8,2.6848097,0.22850671,0.07895703,0.4,0.6330068,0.23109156,0.09655763,0.41558126,0.1962779,0.4,0.0,0.16850986,0.097354844
