Gaia/vari_eclipsing_binary/VariEclipsingBinary_712017-712641.csv
# %ECSV 1.0
# ---
# delimiter: ','
# meta: !!omap
# - RELEASE: Gaia DR3
# - TABLE: vari_eclipsing_binary
# - DESCRIPTION: >
#     This table describes the properties of the eclipsing binaries resulting from the variability analysis. 
# - CITATION: >
#     How to cite and acknowledge Gaia: 
#     https://gea.esac.esa.int/archive/documentation/credits.html 
# - KNOWN_ISSUES: >
#     Known issues: 
#     https://www.cosmos.esa.int/web/gaia-users/known-issues 
# - DOCUMENTATION: >
#     Tutorials and documentation: 
#     https://www.cosmos.esa.int/web/gaia-users/archive 
# datatype:
# - 
#   name: solution_id
#   datatype: int64
#   description: Solution Identifier
#   meta:
#     ucd: meta.version
# - 
#   name: source_id
#   datatype: int64
#   description: Unique source identifier
#   meta:
#     ucd: meta.id;meta.main
# - 
#   name: global_ranking
#   datatype: float32
#   description: Number between 0 (worst) and 1 (best)
#   meta:
#     ucd: stat.param
# - 
#   name: reference_time
#   datatype: float64
#   unit: d
#   description: Reference time used for the geometric model fit
#   meta:
#     ucd: time.epoch
# - 
#   name: frequency
#   datatype: float64
#   unit: d**-1
#   description: Frequency of geometric model of the eclipsing binary light curve
#   meta:
#     ucd: src.orbital
# - 
#   name: frequency_error
#   datatype: float32
#   unit: d**-1
#   description: "Uncertainty of \\texttt{frequency}"
#   meta:
#     ucd: stat.error
# - 
#   name: geom_model_reference_level
#   datatype: float32
#   unit: mag
#   description: Magnitude reference level of geometric model
#   meta:
#     ucd: phot.mag;em.opt
# - 
#   name: geom_model_reference_level_error
#   datatype: float32
#   unit: mag
#   description: "Uncertainty of \\texttt{geomModelReferenceLevel}"
#   meta:
#     ucd: stat.error;phot.mag;em.opt
# - 
#   name: geom_model_gaussian1_phase
#   datatype: float32
#   description: Phase of the Gaussian 1 component
#   meta:
#     ucd: time.phase
# - 
#   name: geom_model_gaussian1_phase_error
#   datatype: float32
#   description: "Uncertainty of \\texttt{geomModelGaussian1Phase}"
#   meta:
#     ucd: stat.error;time.phase
# - 
#   name: geom_model_gaussian1_sigma
#   datatype: float32
#   description: "Standard deviation [phase] of Gaussian 1 component"
#   meta:
#     ucd: stat.stdev
# - 
#   name: geom_model_gaussian1_sigma_error
#   datatype: float32
#   description: "Uncertainty of \\texttt{geomModelGaussian1Sigma}"
#   meta:
#     ucd: stat.error
# - 
#   name: geom_model_gaussian1_depth
#   datatype: float32
#   unit: mag
#   description: Magnitude depth of Gaussian 1 component
#   meta:
#     ucd: src.var.amplitude
# - 
#   name: geom_model_gaussian1_depth_error
#   datatype: float32
#   unit: mag
#   description: "Uncertainty of \\texttt{geomModelGaussian1Depth}"
#   meta:
#     ucd: stat.error;src.var.amplitude
# - 
#   name: geom_model_gaussian2_phase
#   datatype: float32
#   description: Phase of Gaussian 2 component
#   meta:
#     ucd: time.phase
# - 
#   name: geom_model_gaussian2_phase_error
#   datatype: float32
#   description: "Uncertainty of \\texttt{geomModelGaussian2Phase}"
#   meta:
#     ucd: stat.error;time.phase
# - 
#   name: geom_model_gaussian2_sigma
#   datatype: float32
[...]
#   datatype: float32
#   description: "Secondary eclipse: uncertainty of \\texttt{derivedSecondaryEclDuration}"
#   meta:
#     ucd: stat.error;time.duration
# - 
#   name: derived_secondary_ecl_depth
#   datatype: float32
#   unit: mag
#   description: "Secondary eclipse: depth"
#   meta:
#     ucd: src.var.amplitude
# - 
#   name: derived_secondary_ecl_depth_error
#   datatype: float32
#   unit: mag
#   description: "Secondary eclipse: uncertainty of \\texttt{derivedSecondaryEclDepth}"
#   meta:
#     ucd: stat.error;src.var.amplitude
solution_id,source_id,global_ranking,reference_time,frequency,frequency_error,geom_model_reference_level,geom_model_reference_level_error,geom_model_gaussian1_phase,geom_model_gaussian1_phase_error,geom_model_gaussian1_sigma,geom_model_gaussian1_sigma_error,geom_model_gaussian1_depth,geom_model_gaussian1_depth_error,geom_model_gaussian2_phase,geom_model_gaussian2_phase_error,geom_model_gaussian2_sigma,geom_model_gaussian2_sigma_error,geom_model_gaussian2_depth,geom_model_gaussian2_depth_error,geom_model_cosine_half_period_amplitude,geom_model_cosine_half_period_amplitude_error,geom_model_cosine_half_period_phase,geom_model_cosine_half_period_phase_error,model_type,num_model_parameters,reduced_chi2,derived_primary_ecl_phase,derived_primary_ecl_phase_error,derived_primary_ecl_duration,derived_primary_ecl_duration_error,derived_primary_ecl_depth,derived_primary_ecl_depth_error,derived_secondary_ecl_phase,derived_secondary_ecl_phase_error,derived_secondary_ecl_duration,derived_secondary_ecl_duration_error,derived_secondary_ecl_depth,derived_secondary_ecl_depth_error
[from data line 72]
375316653866487564,6264046970417119360,0.4470554,2064.181441006467,1.6905576991224343,5.196614E-5,18.576338,0.008758657,0.1591617,0.049130753,0.025879864,0.05491449,0.036298413,1.2324249,0.76539975,0.014842193,0.06961475,0.011055662,0.12946291,0.015293639,7.079409E-7,0.015978223,0.1591617,0.049130753,"TWOGAUSSIANS_WITH_ELLIPSOIDAL_ON_ECLIPSE1",9,3.170077,0.76539975,0.014842193,0.38984263,0.06191171,0.1294637,0.015260641,0.1591617,0.049130753,0.14492723,0.30752113,0.03629977,1.2575413
375316653866487564,6264076936409871232,0.61146426,1988.3628188124228,2.1275787456745476,4.6699065E-6,13.071504,0.026408391,0.21825361,0.028437162,0.0617434,0.04367873,0.03652533,0.053383697,0.70742524,0.0015847554,0.06080702,0.02519349,0.06525443,0.05080763,0.0808942,0.025631083,0.70742524,0.0015847554,"TWOGAUSSIANS_WITH_ELLIPSOIDAL_ON_ECLIPSE2",9,34.197388,0.70742524,0.0015847554,0.3405193,0.10356762,0.22702253,0.0142720565,0.21205361,0.005665443,0.34576306,0.16537185,0.19797295,0.02118764
375316653866487564,6264119606903626880,0.48927554,2064.6652952065688,2.8132620088302263,4.2229236E-5,19.163965,0.007705359,0.3180916,0.0063420874,0.0646884,0.007858913,0.3939262,0.098415144,0.97859186,0.009088194,0.010083113,0.007517758,0.030346846,0.008859292,null,null,null,null,"TWOGAUSSIANS",8,3.2755463,0.3180916,0.0063420874,0.362255,0.044009916,0.3939262,0.098415144,0.97859186,0.009088194,0.056465432,0.042099442,0.030347258,0.008859837
375316653866487564,6264164274563403008,0.56018054,2073.205355238527,2.5269215652852424,2.2361728E-5,18.31719,0.005830497,0.27728257,0.0051086345,0.048562586,0.0045761135,0.1977334,0.023115888,0.78110754,0.0034196419,0.036073238,0.0026921527,0.7100822,0.04833789,null,null,null,null,"TWOGAUSSIANS",8,8.223454,0.78110754,0.0034196419,0.20201014,0.015076056,0.7100821,0.048337903,0.27728257,0.0051086345,0.27195048,0.025626237,0.19773339,0.023115896
375316653866487564,6264218223653728000,0.56844336,2044.8462274537706,3.8860980105921934,9.444634E-5,18.868795,0.0027864296,0.46023723,0.039602563,0.039972257,0.047747467,0.07277506,3.9288524E11,0.75156,0.0019297616,0.016266637,0.0012706362,0.53587514,0.022809166,null,null,null,null,"TWOGAUSSIANS",8,1.405082,0.75156,0.0019297616,0.09109316,0.007115563,0.53587514,0.022809166,0.46023723,0.039602563,0.22384465,0.2673858,0.07277506,3.9288524E11
375316653866487564,6264231280352637312,0.44199976,2022.4073021424445,1.9133333019878622,4.36701E-5,16.604671,0.023442807,0.22919536,0.014953607,0.08204864,0.03993846,0.12399049,0.023335624,0.6974965,0.014667467,0.09929489,0.02556603,0.12359953,0.02391342,null,null,null,null,"TWOGAUSSIANS",8,58.09994,0.22919536,0.014939554,0.4,0.0016239057,0.1206449,0.02876022,0.6974965,0.014667467,0.4,0.0,0.12025204,0.015963467
375316653866487564,6264238182360403840,0.5138257,2087.950397767915,4.207116140255698,2.3532917E-5,19.88695,0.013688198,0.25478798,0.0037224672,0.039895553,0.0060037733,0.35669398,0.068829164,0.7486489,0.028910968,0.033219643,0.03382832,0.32825917,26.065847,0.123012,0.022024669,0.25478798,0.0037224672,"TWOGAUSSIANS_WITH_ELLIPSOIDAL_ON_ECLIPSE1",9,2.355802,0.25478798,0.0037224672,0.22341509,0.033621132,0.6027175,0.061544746,0.74902886,0.029082315,0.18603,0.18943861,0.5739392,26.070642
375316653866487564,6264238972634319360,0.51609105,2073.639864110258,2.0582942094385515,1.3840663E-5,18.724974,0.0046519656,0.26518708,0.0042707003,0.049677875,0.0062174015,0.1679934,0.017218381,0.7646825,0.006392067,0.048312668,0.006205846,0.34319776,0.030983098,null,null,null,null,"TWOGAUSSIANS",8,3.2449512,0.7646825,0.006392067,0.27055094,0.034752738,0.34319672,0.03098357,0.26518708,0.0042707003,0.2781961,0.03481745,0.16799237,0.017219381
375316653866487564,6264246707870192256,0.42954198,2029.4373728300272,0.10932239535385227,5.5383996E-5,18.981112,0.008383712,0.3288665,0.011941898,0.083403885,0.013338807,0.16735452,0.03268892,0.73877853,0.013590792,0.031009339,0.020206098,0.14735073,0.06041052,null,null,null,null,"TWOGAUSSIANS",8,3.939818,0.3288665,0.011941898,0.4,0.0,0.16735405,0.032689385,0.73877853,0.013590792,0.1736523,0.11315415,0.1473512,0.06042531
375316653866487564,6264274814141576448,0.5070154,2076.08204895718,2.8564045448704154,2.259359E-5,17.026236,0.0019977747,null,null,null,null,null,null,null,null,null,null,null,null,0.05330579,0.0026360701,0.27535698,0.0068870676,"ELLIPSOIDAL",4,8.355623,null,null,null,null,null,null,null,null,null,null,null,null
375316653866487564,6264279521425619968,0.5863501,2032.8812094569016,0.23597169056291648,7.874956E-6,18.018057,0.0015539035,0.24793853,0.008039653,0.04369062,0.0103062345,0.013969764,0.002383978,0.690204,4.8689844E-6,0.00500821,3.1851643E-5,1.6907177,0.025351515,null,null,null,null,"TWOGAUSSIANS",8,1.417257,0.690204,4.8689844E-6,0.028045977,1.7836921E-4,1.6907177,0.025351515,0.24793853,0.008039653,0.24466747,0.057714913,0.013969764,0.002383978
375316653866487564,6264300240347663616,0.52929384,2002.6662730993019,3.3205487029994987,1.8876479E-5,17.524752,0.0723268,0.29509497,0.06866088,0.050542075,0.062293008,0.13634802,0.28938067,0.7543351,0.0046051596,0.058823667,0.030979719,0.14199401,0.15774259,0.12036647,0.0867586,0.7543351,0.0046051596,"TWOGAUSSIANS_WITH_ELLIPSOIDAL_ON_ECLIPSE2",9,21.232908,0.7543351,0.0046051596,0.32941252,0.16104038,0.38270852,0.023421291,0.28440496,0.07323667,0.2830356,0.34078166,0.3655551,0.25017852
375316653866487564,6264302027054079616,0.534009,2012.0362756963436,2.593518098811919,1.46319235E-5,15.076808,0.03822382,0.30486846,0.0043547973,0.12797584,0.021723922,0.18291973,0.034642592,0.81170815,0.0042788037,0.11347815,0.01799012,0.17842399,0.03413488,null,null,null,null,"TWOGAUSSIANS",8,28.347435,0.30484846,0.0043594204,0.4,0.0,0.14308742,0.0061200787,0.81178814,0.004208637,0.4,0.0,0.13875017,0.010418624
375316653866487564,6264311853939275648,0.50030863,2054.398553661766,1.7856839959481945,9.28505E-6,18.396025,0.0031482498,0.27280626,0.0038343114,0.02622351,0.003560612,0.13421948,0.009498481,0.7748427,0.0025502157,0.025676515,0.0020678751,0.22795123,0.003944107,null,null,null,null,"TWOGAUSSIANS",8,3.895983,0.7748427,0.0025502157,0.14378847,0.0115801,0.22795123,0.003944107,0.27280626,0.0038343114,0.14685166,0.019939426,0.13421948,0.009498481
375316653866487564,6264340132000029056,0.45806593,2097.9010235835176,4.139391411869393,2.2629247E-5,18.99122,0.067852065,0.37977022,0.009524538,0.098119564,0.03736193,0.36554757,0.05119794,0.8824273,0.0070852544,0.09168801,0.023611974,0.30246842,0.061288983,null,null,null,null,"TWOGAUSSIANS",8,3.6376734,0.37977022,0.009524538,0.4,0.0,0.34554964,0.08385883,0.8824273,0.007088548,0.4,0.0,0.28247198,0.031896077
375316653866487564,6264344942367644800,0.5025316,2077.276898774088,0.9533336392690757,1.1471069E-5,15.368753,0.0039827325,0.2328635,0.0060919975,0.040814098,0.008728389,0.06354975,0.008870814,0.7140665,0.03918806,0.049786594,0.040561423,0.01823309,0.02478552,0.013314581,0.005173753,0.2328635,0.0060919975,"TWOGAUSSIANS_WITH_ELLIPSOIDAL_ON_ECLIPSE1",9,13.232729,0.2328635,0.0060919975,0.22855894,0.048878975,0.090178885,0.003208016,0.7182365,0.03301596,0.27880493,0.22714397,0.044574097,0.027533315
375316653866487564,6264349031176239616,0.5978772,2035.1323918360104,0.3056637762112125,2.6439828E-5,12.506181,7.2685344E-4,0.18970287,0.012424783,0.014940593,0.005141988,0.17026637,0.05889704,0.69942445,4.60156E-4,0.008456945,1.9100108E-4,0.36921388,0.020541467,0.001394008,0.0012231424,0.18970287,0.012424783,"TWOGAUSSIANS_WITH_ELLIPSOIDAL_ON_ECLIPSE1",9,38.851414,0.69942445,4.60156E-4,0.047358893,0.001069606,0.3719915,0.021236433,0.18970287,0.012424783,0.08366732,0.028795132,0.17305438,0.059425164
375316653866487564,6264373662808404224,0.5794424,2076.463325781999,3.255898435029009,1.2704581E-5,19.199558,0.011948056,0.25806347,0.003026125,0.07491091,0.004749005,0.49452174,0.023810811,0.7547341,0.002810032,0.07907748,0.0035121462,0.47951564,0.013221944,null,null,null,null,"TWOGAUSSIANS",8,1.8315612,0.25806347,0.003026125,0.4,8.4815995E-4,0.48986402,0.02424276,0.7547341,0.002810032,0.4,0.0,0.4748579,0.012194284
375316653866487564,6264389163351308800,0.5414847,1994.784478664749,4.2407596877161895,1.8318131E-5,12.464237,0.014018522,0.25965986,0.018817445,0.025856,0.02563983,0.11710568,0.032524668,0.7131325,0.0035316183,0.044287775,0.012897997,0.13257897,0.0324477,0.10732876,0.019956725,0.7131325,0.0035316183,"TWOGAUSSIANS_WITH_ELLIPSOIDAL_ON_ECLIPSE2",9,819.8838,0.7131325,0.0035316183,0.24801154,0.07222878,0.34723625,0.02453158,0.25568986,0.022943316,0.1447936,0.14358304,0.31540483,0.03874785
375316653866487564,6264394763988662528,0.5484705,2024.1692383968584,2.81666398937872,1.888967E-5,17.534698,0.017170746,0.23044099,0.004148205,0.1064633,0.010564817,0.22084318,0.016075077,0.72867805,0.0047612423,0.10017144,0.011155273,0.22822596,0.01790933,null,null,null,null,"TWOGAUSSIANS",8,7.293546,0.72867805,0.0047612423,0.4,0.0,0.20471773,0.017448649,0.23044099,0.004148205,0.4,0.0,0.19732954,0.007060451
375316653866487564,6264395004506812416,0.6343118,2065.2227011809273,2.6540176122204615,5.2806513E-6,17.131174,0.0045424867,0.26282018,0.002860991,0.09831218,0.0041410187,0.21154487,0.008152431,0.76662755,0.0011695359,0.088015914,0.0023866415,0.23031247,0.0042396155,null,null,null,null,"TWOGAUSSIANS",8,1.4967152,0.76662755,0.0011695359,0.4,0.0,0.21895449,0.0028476124,0.26282018,0.002860991,0.4,0.0,0.20018591,0.008418809
375316653866487564,6264409229438967168,0.48799768,2086.8620773182015,3.728110493448507,2.553225E-5,18.05476,0.00299378,null,null,null,null,null,null,null,null,null,null,null,null,0.08130606,0.003921326,0.22467512,0.004519822,"ELLIPSOIDAL",4,6.2037463,null,null,null,null,null,null,null,null,null,null,null,null
375316653866487564,6264415448551520000,0.48719847,2038.3938925427692,3.5899755822381514,2.1277294E-5,16.757284,0.42319623,0.25952595,0.008227452,0.26820073,0.13322614,0.5876446,0.4228076,0.7589707,0.0023695969,0.13680947,0.031118045,0.40487882,0.21768045,null,null,null,null,"TWOGAUSSIANS",8,14.863027,0.7589707,0.0023470072,0.4,0.0,0.14527985,0.007053173,0.25957596,0.008302961,0.4,0.0,0.1234388,0.0041515343
375316653866487564,6264419880957648384,0.48584917,2048.2900805007316,4.218428255248026,2.8770251E-5,16.342846,0.020254763,0.24965136,0.0054734848,0.093404576,0.014020037,0.14180626,0.018867789,0.72400606,0.008901561,0.10338445,0.016404307,0.12320306,0.021977663,null,null,null,null,"TWOGAUSSIANS",8,33.85479,0.24966136,0.0054674884,0.4,0.0,0.13439241,0.010681149,0.72400606,0.008901561,0.4,0.0,0.115785964,0.014425529
375316653866487564,6264423346990645888,0.55455685,2051.0520191621185,3.1850840012570822,2.0890311E-5,18.501865,0.008304453,0.26421866,0.002831333,0.04237671,0.008891363,0.13974306,0.024461154,0.7536657,0.0061328798,0.051803865,0.006127592,0.208501,0.024402665,0.11110593,0.011447974,0.26421866,0.002831333,"TWOGAUSSIANS_WITH_ELLIPSOIDAL_ON_ECLIPSE1",9,4.7702184,0.7556057,0.0048567457,0.29010165,0.034314517,0.42991552,0.020921286,0.26421866,0.002831333,0.23730958,0.04979163,0.36195385,0.022787137
375316653866487564,6264456267920476544,0.58999634,2008.163096563073,2.400973016854419,1.3541045E-5,17.955029,0.005084468,0.25467542,0.0044449773,0.03916018,0.0075337915,0.084926166,0.051323965,0.763077,0.0020446351,0.042112757,0.001958353,0.47094798,0.022871539,0.04440627,0.008445533,0.25467542,0.0044449773,"TWOGAUSSIANS_WITH_ELLIPSOIDAL_ON_ECLIPSE1",9,3.834436,0.763077,0.0020446351,0.23583142,0.010966776,0.55951315,0.020125125,0.25467542,0.0044449773,0.219297,0.04218923,0.17373858,0.04934238
375316653866487564,6264462487033181440,0.49925894,2005.5427983346726,2.8771943773841113,2.7814509E-5,14.782969,0.008829426,0.26700917,0.0057403445,0.05406068,0.012511358,0.111748114,0.02125405,0.65178674,0.077276,0.041177087,0.034515783,0.14340426,0.099977724,0.08329155,0.011618509,0.26700917,0.0057403445,"TWOGAUSSIANS_WITH_ELLIPSOIDAL_ON_ECLIPSE1",9,409.77536,0.26700917,0.0057403445,0.3027398,0.0700636,0.2783287,0.010007429,0.6642368,0.06584576,0.23059168,0.1932884,0.2432497,0.06640716
375316653866487564,6264476608885543040,0.58701384,2103.053841432139,2.962841826666748,1.5122226E-5,19.107733,0.004342908,0.26639166,0.0021227628,0.06953009,0.0026424623,0.49212927,0.020020965,0.7712091,0.004235478,0.06697213,0.0048721787,0.5238526,0.023059333,null,null,null,null,"TWOGAUSSIANS",8,1.1558492,0.7712091,0.004235478,0.37504393,0.0272842,0.52276516,0.023340322,0.26639166,0.0021227628,0.38936853,0.014797788,0.49104187,0.020168643
375316653866487564,6264479907420642176,0.61313856,2072.7167853454825,2.2388735485447393,5.8844234E-6,16.140484,0.012531197,0.29738063,0.0016236725,0.093569584,0.00598842,0.24977301,0.010283074,0.7931683,0.0025486038,0.08815334,0.003594197,0.38246095,0.01033856,null,null,null,null,"TWOGAUSSIANS",8,12.945845,0.7931683,0.0025486038,0.4,0.0,0.36944363,0.006214554,0.29738063,0.0016236725,0.4,0.0,0.23675546,0.0064210743
375316653866487564,6264489665586161408,0.6275679,2044.5924803861726,2.2678670169515383,4.2173947E-6,17.088469,0.0054623433,0.21452239,0.0014595682,0.07830562,0.0026683502,0.45470822,0.010407686,0.71801,0.0033882745,0.085466154,0.0027208852,0.3730688,0.007821792,null,null,null,null,"TWOGAUSSIANS",8,4.733252,0.21452239,0.0014595682,0.4,0.0,0.44745365,0.01120267,0.71801,0.0033882745,0.4,0.0,0.36581418,0.0069790953
375316653866487564,6264490868177034752,0.66775763,2043.9948939760866,0.9987603637147863,2.7085628E-6,15.027967,0.0028970751,0.29462484,0.0015033992,0.08788895,0.002504591,0.2763023,0.003970461,0.7932097,0.0010764737,0.08283592,0.001818202,0.33577994,0.003543701,null,null,null,null,"TWOGAUSSIANS",8,13.025584,0.7932097,0.0010764737,0.4,0.0,0.3276554,0.003451095,0.29462484,0.0015033992,0.4,0.0,0.26817775,0.0041415333
375316653866487564,6264502825366155904,0.46156773,2106.338315388041,4.730909274333192,2.1645521E-5,18.637121,0.007765316,0.16156302,0.0022481172,0.014204804,0.0024093224,0.36202702,0.096108,0.6375649,2.979585E-4,0.00885483,9.921578E-4,0.4688838,0.058158733,0.030150674,0.012002893,0.16156302,0.0022481172,"TWOGAUSSIANS_WITH_ELLIPSOIDAL_ON_ECLIPSE1",9,10.384191,0.6375849,2.979585E-4,0.04958705,0.0055560837,0.52782553,0.08004263,0.16156302,0.0022481172,0.0795469,0.013492206,0.42232832,0.100194424
375316653866487564,6264521001668475520,0.56543595,2103.8570201127754,3.989758029313119,4.9608175E-6,17.410435,0.009161429,0.17719522,0.005424452,0.057398535,0.0043716524,0.6367329,0.09670703,0.6728352,0.0017830612,0.07444142,0.0038286438,0.80414367,0.032325245,null,null,null,null,"TWOGAUSSIANS",8,39.160645,0.6728352,0.0017830612,0.4,0.0,0.80318695,0.032649826,0.17719522,0.005424452,0.32143182,0.024481254,0.6357761,0.09687635
375316653866487564,6264542717023213568,0.5063866,2139.7060651426114,2.8467643080924505,1.8175133E-5,18.926682,0.013774078,0.20616041,0.004582036,0.082298376,0.005555313,0.33483437,0.020204835,0.7005899,0.003964908,0.08398953,0.0076820534,0.39002976,0.030958144,null,null,null,null,"TWOGAUSSIANS",8,4.7759023,0.7005899,0.003964908,0.4,0.0,0.38291818,0.03259249,0.20616041,0.004582036,0.4,0.0,0.3277228,0.01893359
375316653866487564,6264604427113131392,0.4483346,2006.6771908415853,3.007329195284231,2.1718988E-5,13.476934,0.01311529,0.57318205,0.0048276843,0.061081253,0.0083622355,0.21625137,0.029018518,0.8834076,0.13229865,0.049984515,0.07438502,0.04057299,0.7680492,null,null,null,null,"TWOGAUSSIANS",8,2493.2683,0.57318205,0.004510874,0.342055,0.046828516,0.21625137,0.029274506,0.8834076,0.13229865,0.27991328,0.32337615,0.04057353,0.768043
