Gaia/vari_eclipsing_binary/VariEclipsingBinary_066956-068628.csv
# %ECSV 1.0
# ---
# delimiter: ','
# meta: !!omap
# - RELEASE: Gaia DR3
# - TABLE: vari_eclipsing_binary
# - DESCRIPTION: >
#     This table describes the properties of the eclipsing binaries resulting from the variability analysis. 
# - CITATION: >
#     How to cite and acknowledge Gaia: 
#     https://gea.esac.esa.int/archive/documentation/credits.html 
# - KNOWN_ISSUES: >
#     Known issues: 
#     https://www.cosmos.esa.int/web/gaia-users/known-issues 
# - DOCUMENTATION: >
#     Tutorials and documentation: 
#     https://www.cosmos.esa.int/web/gaia-users/archive 
# datatype:
# - 
#   name: solution_id
#   datatype: int64
#   description: Solution Identifier
#   meta:
#     ucd: meta.version
# - 
#   name: source_id
#   datatype: int64
#   description: Unique source identifier
#   meta:
#     ucd: meta.id;meta.main
# - 
#   name: global_ranking
#   datatype: float32
#   description: Number between 0 (worst) and 1 (best)
#   meta:
#     ucd: stat.param
# - 
#   name: reference_time
#   datatype: float64
#   unit: d
#   description: Reference time used for the geometric model fit
#   meta:
#     ucd: time.epoch
# - 
#   name: frequency
#   datatype: float64
#   unit: d**-1
#   description: Frequency of geometric model of the eclipsing binary light curve
#   meta:
#     ucd: src.orbital
# - 
#   name: frequency_error
#   datatype: float32
#   unit: d**-1
#   description: "Uncertainty of \\texttt{frequency}"
#   meta:
#     ucd: stat.error
# - 
#   name: geom_model_reference_level
#   datatype: float32
#   unit: mag
#   description: Magnitude reference level of geometric model
#   meta:
#     ucd: phot.mag;em.opt
# - 
#   name: geom_model_reference_level_error
#   datatype: float32
#   unit: mag
#   description: "Uncertainty of \\texttt{geomModelReferenceLevel}"
#   meta:
#     ucd: stat.error;phot.mag;em.opt
# - 
#   name: geom_model_gaussian1_phase
#   datatype: float32
#   description: Phase of the Gaussian 1 component
#   meta:
#     ucd: time.phase
# - 
#   name: geom_model_gaussian1_phase_error
#   datatype: float32
#   description: "Uncertainty of \\texttt{geomModelGaussian1Phase}"
#   meta:
#     ucd: stat.error;time.phase
# - 
#   name: geom_model_gaussian1_sigma
#   datatype: float32
#   description: "Standard deviation [phase] of Gaussian 1 component"
#   meta:
#     ucd: stat.stdev
# - 
#   name: geom_model_gaussian1_sigma_error
#   datatype: float32
#   description: "Uncertainty of \\texttt{geomModelGaussian1Sigma}"
#   meta:
#     ucd: stat.error
# - 
#   name: geom_model_gaussian1_depth
#   datatype: float32
#   unit: mag
#   description: Magnitude depth of Gaussian 1 component
#   meta:
#     ucd: src.var.amplitude
# - 
#   name: geom_model_gaussian1_depth_error
#   datatype: float32
#   unit: mag
#   description: "Uncertainty of \\texttt{geomModelGaussian1Depth}"
#   meta:
#     ucd: stat.error;src.var.amplitude
# - 
#   name: geom_model_gaussian2_phase
#   datatype: float32
#   description: Phase of Gaussian 2 component
#   meta:
#     ucd: time.phase
# - 
#   name: geom_model_gaussian2_phase_error
#   datatype: float32
#   description: "Uncertainty of \\texttt{geomModelGaussian2Phase}"
#   meta:
#     ucd: stat.error;time.phase
# - 
#   name: geom_model_gaussian2_sigma
#   datatype: float32
[...]
#   datatype: float32
#   description: "Secondary eclipse: uncertainty of \\texttt{derivedSecondaryEclDuration}"
#   meta:
#     ucd: stat.error;time.duration
# - 
#   name: derived_secondary_ecl_depth
#   datatype: float32
#   unit: mag
#   description: "Secondary eclipse: depth"
#   meta:
#     ucd: src.var.amplitude
# - 
#   name: derived_secondary_ecl_depth_error
#   datatype: float32
#   unit: mag
#   description: "Secondary eclipse: uncertainty of \\texttt{derivedSecondaryEclDepth}"
#   meta:
#     ucd: stat.error;src.var.amplitude
solution_id,source_id,global_ranking,reference_time,frequency,frequency_error,geom_model_reference_level,geom_model_reference_level_error,geom_model_gaussian1_phase,geom_model_gaussian1_phase_error,geom_model_gaussian1_sigma,geom_model_gaussian1_sigma_error,geom_model_gaussian1_depth,geom_model_gaussian1_depth_error,geom_model_gaussian2_phase,geom_model_gaussian2_phase_error,geom_model_gaussian2_sigma,geom_model_gaussian2_sigma_error,geom_model_gaussian2_depth,geom_model_gaussian2_depth_error,geom_model_cosine_half_period_amplitude,geom_model_cosine_half_period_amplitude_error,geom_model_cosine_half_period_phase,geom_model_cosine_half_period_phase_error,model_type,num_model_parameters,reduced_chi2,derived_primary_ecl_phase,derived_primary_ecl_phase_error,derived_primary_ecl_duration,derived_primary_ecl_duration_error,derived_primary_ecl_depth,derived_primary_ecl_depth_error,derived_secondary_ecl_phase,derived_secondary_ecl_phase_error,derived_secondary_ecl_duration,derived_secondary_ecl_duration_error,derived_secondary_ecl_depth,derived_secondary_ecl_depth_error
[from data line 358]
375316653866487564,600801298339158912,0.63875586,2107.26867203692,3.822804588706407,4.9358264E-6,16.716164,0.0041636615,0.17373759,9.984241E-4,0.03861947,0.0023768744,0.5283488,0.051017612,null,null,null,null,null,null,0.16429986,0.006070939,0.17373759,9.984241E-4,"ONEGAUSSIAN_WITH_ELLIPSOIDAL",6,10.741627,0.17373759,9.984241E-4,0.21626902,0.013310498,0.8569481,0.053718828,null,null,null,null,null,null
375316653866487564,600806001326691584,0.51602364,2156.6776215686946,0.7794313882768633,1.076098E-4,17.198633,0.005470674,0.30860204,0.008661149,0.053005163,0.012379315,0.08570798,0.012388212,0.8862579,0.014370654,0.025060935,0.010836366,0.7417756,4.9952183,null,null,null,null,"TWOGAUSSIANS",8,41.653538,0.8862579,0.014370654,0.14034124,0.06068365,0.7417756,4.9952183,0.30860204,0.008661149,0.29682893,0.069324166,0.08570798,0.012388212
375316653866487564,600824147565292800,0.47209704,2136.0042192725246,0.26361392464252603,8.23185E-6,16.954462,0.008245551,0.1919494,0.07216061,0.048369654,0.024827842,0.30435988,0.45811367,0.7691756,0.012561347,0.067749985,0.010063671,0.18183272,0.043615874,null,null,null,null,"TWOGAUSSIANS",8,9.858009,0.1919494,0.07216061,0.27087006,0.13039567,0.30435798,0.45609245,0.7691756,0.012561347,0.3793999,0.04908523,0.18183081,0.04366474
375316653866487564,600892008048474496,0.6061989,2169.122112575159,4.055008712899878,8.387549E-6,16.690989,0.011828586,0.2591656,0.004342315,0.03238757,0.009411482,0.16850623,0.025911022,0.7484302,0.004154072,0.04524414,0.00595488,0.2386188,0.027108923,0.103429966,0.016140373,0.2591656,0.004342315,"TWOGAUSSIANS_WITH_ELLIPSOIDAL_ON_ECLIPSE1",9,22.732738,0.7497502,0.003588619,0.25336716,0.033347327,0.44465387,0.014459315,0.2591656,0.004342315,0.18137039,0.0527043,0.37536594,0.01282279
375316653866487564,600919324040447744,0.577284,2116.9426410279025,1.068444718775603,1.1003641E-5,14.313958,0.0034326958,0.27906933,0.011867462,0.039248146,0.0066576293,0.033372276,0.009029672,0.7664192,0.0014294678,0.04540266,0.0025586672,0.21746722,0.0075930785,0.01686904,0.0043571233,0.7664192,0.0014294678,"TWOGAUSSIANS_WITH_ELLIPSOIDAL_ON_ECLIPSE2",9,28.208298,0.7664192,0.0014294678,0.25425488,0.014328537,0.25120524,0.0073563363,0.27768934,0.010955888,0.21978962,0.037282724,0.06692077,0.0040257815
375316653866487564,600931487388352640,0.4678905,2123.6115193016144,0.18344537080984133,1.183841E-4,19.565172,0.06886868,0.55568045,0.029876126,0.060176205,0.031208102,0.45694464,1.4520361,0.7723677,0.026389444,0.024343781,0.026947133,0.8951298,6.5726974E18,0.28223312,0.04977375,0.7723677,0.026389444,"TWOGAUSSIANS_WITH_ELLIPSOIDAL_ON_ECLIPSE2",9,34.1783,0.7723677,0.026389444,0.13632517,0.15090394,1.460292,6.5726974E18,0.57314044,0.040690165,0.33698675,0.17476538,0.4936305,1.4362594
375316653866487564,600937156744577920,0.6304976,2175.318945413457,3.4417626645212356,6.007232E-6,17.036118,0.014897866,0.29577997,0.0036321888,0.04933814,0.0078109098,0.39920214,0.044849385,0.7945721,0.00339898,0.047017362,0.004082268,0.27893558,0.033451855,0.10592212,0.018071666,0.29577997,0.0036321888,"TWOGAUSSIANS_WITH_ELLIPSOIDAL_ON_ECLIPSE1",9,20.308777,0.29577997,0.0036321888,0.27629358,0.043741096,0.6110446,0.046512965,0.7947121,0.0029956154,0.26329723,0.022860702,0.49076727,0.012067705
375316653866487564,600950999422903552,0.520951,2172.4427621964137,3.083849256158636,1.3629654E-5,17.642908,0.008229599,0.20212959,0.0075287367,0.04355473,0.0073785894,0.15895973,0.025319938,0.6907116,0.00412328,0.0446631,0.0069855573,0.29014152,0.05953578,0.033329234,0.014053276,0.20212959,0.0075287367,"TWOGAUSSIANS_WITH_ELLIPSOIDAL_ON_ECLIPSE1",9,16.5685,0.6911116,0.004043616,0.25011337,0.03911912,0.3564693,0.06010504,0.20212959,0.0075287367,0.2439065,0.0413201,0.22561811,0.0285343
375316653866487564,600952202013755648,0.46483362,2182.5329036374,0.4552408399578925,1.0610988E-5,18.87078,0.003957693,0.22601157,3.5227982E-5,0.0019164627,9.938818E-5,0.12997453,0.0042574196,0.6705868,0.013769822,0.075799435,0.0077314354,0.28013793,0.01923047,null,null,null,null,"TWOGAUSSIANS",8,3.1277587,0.6705868,0.013769822,0.4,0.009077954,0.28013793,0.019230468,0.22601157,3.5227982E-5,0.010732191,5.565738E-4,0.12997454,0.004257418
375316653866487564,600973986088417920,0.5324647,2127.0696360630195,3.6303929742650634,9.327857E-6,18.712559,0.012475424,0.22032231,0.004429773,0.085143976,0.005912064,0.28282127,0.014542929,0.72423154,0.0029044205,0.085073896,0.004911527,0.33559102,0.018575395,null,null,null,null,"TWOGAUSSIANS",8,2.0473356,0.72423154,0.0029044205,0.4,0.0,0.32789212,0.017974146,0.22032231,0.004429773,0.4,0.0,0.27512237,0.0126133775
375316653866487564,600994258333241728,0.59883326,2144.9834296868735,0.18395499269792764,2.31238E-5,17.362679,0.018752776,0.5390296,0.002506568,0.034613777,0.002880772,0.4144668,0.02313481,0.884562,0.009962131,0.07538907,0.04803444,0.031434763,0.017071957,null,null,null,null,"TWOGAUSSIANS",8,3.905844,0.5390296,0.0025462718,0.19383717,0.016132325,0.41446763,0.023845542,0.884562,0.009962131,0.4,0.037613172,0.03143476,0.017043615
375316653866487564,601010961462969984,0.50738674,2207.7878345440067,1.0527977384246296,7.8848214E-5,14.554519,0.0035919517,0.28151968,0.049715444,0.07116456,0.030380763,0.046203554,0.13339758,0.8166609,0.01568375,0.096496485,0.018118512,0.057481,0.0038122374,null,null,null,null,"TWOGAUSSIANS",8,26.899527,0.8166609,0.01568375,0.4,0.0,0.056845512,0.0038257854,0.28151968,0.049715422,0.39852157,0.14392237,0.045568604,0.13405158
375316653866487564,601021677405283200,0.6737917,2117.314149043394,3.0256054089092053,3.979173E-6,16.94246,0.0075322683,0.29055247,0.0016670009,0.048046388,0.005884425,0.17600757,0.015502838,0.78703725,0.011164388,0.044131964,0.011050228,0.19297515,0.022974221,0.11962805,0.008513344,0.29055247,0.0016670009,"TWOGAUSSIANS_WITH_ELLIPSOIDAL_ON_ECLIPSE1",9,3.6496518,0.7875973,0.010016794,0.247139,0.061881274,0.43213296,0.01598807,0.29055247,0.0016670009,0.26905978,0.032952778,0.41526338,0.006976381
375316653866487564,601036765626241280,0.61547035,2190.1858179723863,3.6447800039818676,5.2745618E-6,13.946704,0.020489331,0.26006424,0.0042956076,0.045096327,0.004861187,0.39716694,0.037939146,0.7526947,0.007878559,0.055578165,0.011429435,0.51100403,0.030626839,0.10132209,0.022822652,0.26006424,0.0042956076,"TWOGAUSSIANS_WITH_ELLIPSOIDAL_ON_ECLIPSE1",9,407.37085,0.7533447,0.006845499,0.31123772,0.06400483,0.7132408,0.024755493,0.26006424,0.0042956076,0.25253943,0.027222648,0.5997997,0.020672869
375316653866487564,601055319885050624,0.64529043,2141.2537432586946,3.006789381925738,4.253423E-6,15.538619,0.006345009,0.21303761,0.0012633972,0.038549818,0.0027043014,0.35023776,0.02954247,0.70876646,0.0027916746,0.05096703,0.0028228075,0.46778253,0.020065373,0.11648828,0.0110834595,0.21303761,0.0012633972,"TWOGAUSSIANS_WITH_ELLIPSOIDAL_ON_ECLIPSE1",9,52.14659,0.7091664,0.0025098836,0.28541538,0.015807722,0.700605,0.017948342,0.21303761,0.0012633972,0.21587898,0.015144087,0.5832124,0.030914972
375316653866487564,601072392378829056,0.4462157,2186.949892857204,0.6120933537518005,9.8543176E-5,19.048273,0.049832005,0.3049672,0.05362135,0.050561007,0.112127095,0.1394603,0.018160125,0.80948,0.019965552,0.06286124,0.02891394,0.11961601,0.041609775,null,null,null,null,"TWOGAUSSIANS",8,4.232274,0.3049672,0.05362135,0.28314164,0.118430085,0.13944744,0.034084324,0.80948,0.019823998,0.35202298,0.089213945,0.11960314,0.025901832
375316653866487564,601084693165281536,0.5143574,2178.811073765398,4.368688124558978,4.757318E-5,18.620827,0.033389978,0.32914668,0.013938322,0.098238565,0.02080851,0.24300066,0.029829327,0.8242427,0.012148113,0.09470024,0.019205924,0.19837359,0.031529877,null,null,null,null,"TWOGAUSSIANS",8,4.5788136,0.32914668,0.013938322,0.4,0.0,0.22867908,0.02428064,0.8242427,0.012148113,0.4,0.0,0.18405282,0.018030776
375316653866487564,601125997866817408,0.5172953,2163.315732169476,0.9878257822390302,5.3455533E-6,14.07314,0.0021559221,0.3303064,0.0016838089,0.029918253,0.0022884216,0.15616885,0.005665749,null,null,null,null,null,null,0.012758858,0.0027426523,0.3303064,0.0016838089,"ONEGAUSSIAN_WITH_ELLIPSOIDAL",6,38.79512,0.3303064,0.0016838089,0.16754222,0.012815161,0.1816865,0.0045511653,null,null,null,null,null,null
375316653866487564,601203479076718848,0.5393858,2158.345671433707,1.2959773440080937,9.828845E-6,14.811878,0.25221616,0.19111887,0.0022320424,0.21129453,0.07665997,0.31937018,0.24746823,0.69082576,0.0024228166,0.15335816,0.032163225,0.30112708,0.18994707,null,null,null,null,"TWOGAUSSIANS",8,10.299355,0.69082576,0.0026849222,0.4,0.0,0.101363406,0.0046057315,0.19117887,0.0022918868,0.4,0.0,0.08372885,0.0020893414
375316653866487564,601224507236572416,0.4645815,2135.5415588951364,1.5809665133608979,3.0803098E-5,16.008368,0.0034634515,0.20838211,2.075185E-6,0.0015505127,1.6912689E-5,0.25745675,0.003434012,0.8871724,0.05525739,0.022322001,0.021282855,0.17962357,0.3220919,null,null,null,null,"TWOGAUSSIANS",8,66.68145,0.20838211,2.075185E-6,0.008682871,9.471105E-5,0.25745675,0.003434012,0.8871724,0.05525739,0.1250032,0.11918399,0.17962357,0.3220919
375316653866487564,601231379184060928,0.64942855,2166.2099790167526,3.729261504385053,2.940363E-6,16.095634,0.007221145,0.22231382,0.0017637503,0.04962591,0.004523275,0.35575572,0.019733198,0.72138953,0.0018900302,0.052183438,0.0031783928,0.2671195,0.017558413,0.10760426,0.0107306,0.22231382,0.0017637503,"TWOGAUSSIANS_WITH_ELLIPSOIDAL_ON_ECLIPSE1",9,19.03315,0.22231382,0.0017637503,0.2779051,0.02533034,0.57095987,0.017821023,0.7215295,0.0016629156,0.29222727,0.017799,0.48231745,0.009893808
375316653866487564,601245702898973696,0.45954,2176.1496229158183,1.3927824351761429,4.032526E-5,18.610008,0.0031736454,0.3983505,0.05013433,0.025990646,0.03187703,0.03514921,0.08359274,0.7944736,4.6263158E-5,0.0075410903,2.0281345E-4,0.34101158,0.0012400504,null,null,null,null,"TWOGAUSSIANS",8,4.604366,0.7944736,4.6263158E-5,0.042230107,0.0011357553,0.34101158,0.0012400504,0.3983505,0.05013433,0.14554761,0.17851138,0.03514921,0.08359274
375316653866487564,601249727284262528,0.5712404,2128.1718720165372,1.4016816798262697,3.6680733E-5,13.1293955,0.004104458,0.23841465,0.026533147,0.018020451,0.0138642,0.08011982,0.033438686,0.7044083,0.005973831,0.043386187,0.0052191718,0.29872516,0.054299235,0.015437887,0.006705825,0.7044083,0.005973831,"TWOGAUSSIANS_WITH_ELLIPSOIDAL_ON_ECLIPSE2",9,162.94728,0.7044083,0.005973831,0.24296266,0.029227361,0.32960093,0.053235006,0.23809464,0.026514439,0.10091452,0.07763952,0.109620266,0.034877483
375316653866487564,601337580839554304,0.5679161,2166.332183289571,2.1858066606614495,5.4937273E-6,18.511662,0.00904577,0.30125943,0.12377595,0.029078892,0.077237196,0.6350912,0.5932701,0.8076303,3.3998696E-4,0.024393992,7.968576E-4,0.50597006,0.014324327,null,null,null,null,"TWOGAUSSIANS",8,5.3218365,0.30125943,0.12377595,0.1628418,0.23167507,0.6350912,0.593272,0.8076303,3.3998696E-4,0.13660637,0.004462403,0.50597006,0.014331608
375316653866487564,601361495217052928,0.46387824,2175.6040358094547,0.18359900507297489,2.2000906E-5,18.518633,0.004680854,0.2810677,0.01074038,0.033475634,0.00888196,0.15590788,0.02520914,0.59589964,0.011270573,0.059740555,0.006722956,0.1375917,0.027763188,null,null,null,null,"TWOGAUSSIANS",8,4.077292,0.2810677,0.01074038,0.18746354,0.049738973,0.15590802,0.025209239,0.59589964,0.011270573,0.3345471,0.037648555,0.1375917,0.027763188
375316653866487564,601405239459165056,0.42399636,2187.6287483752476,0.6563850277350194,3.3490185E-5,18.093948,0.004401161,0.5019454,0.010008859,0.049150024,0.008059903,0.1810793,0.014375275,0.7879802,6.280134E-4,0.013421846,0.0010524748,0.16992952,0.02173175,null,null,null,null,"TWOGAUSSIANS",8,7.7334766,0.5019454,0.010008859,0.27524012,0.045135457,0.1810793,0.014375275,0.7879802,6.280134E-4,0.075162336,0.005893859,0.16992953,0.021731745
375316653866487564,601461722573788800,0.47651696,2178.865131117116,0.22377995377423057,4.410821E-5,17.588947,0.0019281921,0.4024551,0.0019455472,0.01355847,0.0058920616,0.18482274,0.20365365,0.72373295,0.016976753,0.06615698,0.008674749,0.13265133,0.013512023,null,null,null,null,"TWOGAUSSIANS",8,4.0625544,0.4024551,0.0019455472,0.07592743,0.032995544,0.18482374,0.20365371,0.72373295,0.016976753,0.3704791,0.045409825,0.13265133,0.013512023
375316653866487564,601501790324739712,0.45494604,2208.721548759143,0.05897227118074922,3.2199627E-5,19.24175,0.007965433,0.18615367,0.004998735,0.06476794,0.004912615,0.26416105,0.03174204,0.63674265,0.02023297,0.107079364,0.01282776,0.2157163,0.044034332,null,null,null,null,"TWOGAUSSIANS",8,4.517007,0.18617366,0.005000684,0.36270046,0.027510643,0.26148477,0.031725414,0.63674265,0.02023297,0.4,0.0,0.21300879,0.044777334
375316653866487564,601530132812857088,0.5885148,2167.33087121514,2.2950743722966087,1.0074726E-5,18.219507,0.00321308,0.28204134,0.0036602104,0.02342133,0.0018425399,0.5177438,0.022099657,0.7858911,0.0010413934,0.022285843,0.0016911542,0.60841614,0.06753726,null,null,null,null,"TWOGAUSSIANS",8,4.1132126,0.7858911,0.0010413934,0.12480073,0.009470464,0.60841614,0.06753726,0.28204134,0.0036602104,0.13115945,0.010318223,0.5177438,0.022099657
375316653866487564,601549138044546688,0.48441172,2168.312805018455,4.161906071379787,2.0944126E-5,18.014675,0.016592778,0.30336905,0.0013260861,0.011648441,0.0021352954,0.5073531,0.10859927,0.80275834,0.0047915084,0.03592123,0.010028728,0.11230273,0.044854414,0.023364102,0.022548284,0.30336905,0.0013260861,"TWOGAUSSIANS_WITH_ELLIPSOIDAL_ON_ECLIPSE1",9,30.071646,0.30336905,0.0013260861,0.06523127,0.011957655,0.55408126,0.12727466,0.8027783,0.004640435,0.2011589,0.05616088,0.15903021,0.025271513
375316653866487564,601567000812947072,0.47601166,2161.2512659471668,0.26251187978894897,4.4976845E-5,18.704575,0.0060261553,0.14574446,0.008467811,0.007039724,0.00511107,0.35714015,967.0402,0.8515995,0.0650541,0.075956896,0.04650186,0.040986333,0.018273905,null,null,null,null,"TWOGAUSSIANS",8,2.5280917,0.14574446,0.008467811,0.039422456,0.028621992,0.35716286,967.0402,0.8515995,0.0650541,0.4,0.19563302,0.040986333,0.018273916
375316653866487564,601601502285581568,0.54971737,2158.8933066073732,0.6092656680153921,5.7390782E-5,15.308806,0.005326996,0.21893682,0.027824705,0.09638484,0.054594178,0.054493483,0.032055095,0.7214605,1.9705539E-4,0.01652536,3.1372957E-4,0.5357786,0.007015245,null,null,null,null,"TWOGAUSSIANS",8,163.4769,0.7214605,1.9705539E-4,0.092542015,0.0017568857,0.5357732,0.006989008,0.21893682,0.027824705,0.4,0.0,0.054487977,0.032271184
375316653866487564,601608786549506432,0.5573206,2153.8290122803764,4.100606813384925,1.6746551E-5,19.483929,0.010875174,0.29888192,0.0029342023,0.06791562,0.0033457512,0.5710756,0.020399522,0.79169506,0.011303822,0.08580586,0.008542983,0.45632976,0.08413894,null,null,null,null,"TWOGAUSSIANS",8,2.3429434,0.29888192,0.0029342023,0.38032743,0.018736208,0.56675637,0.020269249,0.79169506,0.011303822,0.4,0.0,0.45201045,0.08659379
375316653866487564,601623148920797312,0.5005883,2183.4278956199123,0.8524108073420342,2.1221056E-5,18.407473,0.0032051748,0.27064428,0.0034082707,0.033565227,0.0052828547,0.10360217,0.0148162125,0.7668745,0.003637123,0.022590317,0.003669936,0.18738906,0.06589971,null,null,null,null,"TWOGAUSSIANS",8,1.4288023,0.7668745,0.003637123,0.12650578,0.020551642,0.18738906,0.06589971,0.27064428,0.0034082707,0.18796527,0.029583987,0.10360217,0.0148162125
