Gaia/vari_eclipsing_binary/VariEclipsingBinary_380498-380760.csv
# %ECSV 1.0
# ---
# delimiter: ','
# meta: !!omap
# - RELEASE: Gaia DR3
# - TABLE: vari_eclipsing_binary
# - DESCRIPTION: >
#     This table describes the properties of the eclipsing binaries resulting from the variability analysis. 
# - CITATION: >
#     How to cite and acknowledge Gaia: 
#     https://gea.esac.esa.int/archive/documentation/credits.html 
# - KNOWN_ISSUES: >
#     Known issues: 
#     https://www.cosmos.esa.int/web/gaia-users/known-issues 
# - DOCUMENTATION: >
#     Tutorials and documentation: 
#     https://www.cosmos.esa.int/web/gaia-users/archive 
# datatype:
# - 
#   name: solution_id
#   datatype: int64
#   description: Solution Identifier
#   meta:
#     ucd: meta.version
# - 
#   name: source_id
#   datatype: int64
#   description: Unique source identifier
#   meta:
#     ucd: meta.id;meta.main
# - 
#   name: global_ranking
#   datatype: float32
#   description: Number between 0 (worst) and 1 (best)
#   meta:
#     ucd: stat.param
# - 
#   name: reference_time
#   datatype: float64
#   unit: d
#   description: Reference time used for the geometric model fit
#   meta:
#     ucd: time.epoch
# - 
#   name: frequency
#   datatype: float64
#   unit: d**-1
#   description: Frequency of geometric model of the eclipsing binary light curve
#   meta:
#     ucd: src.orbital
# - 
#   name: frequency_error
#   datatype: float32
#   unit: d**-1
#   description: "Uncertainty of \\texttt{frequency}"
#   meta:
#     ucd: stat.error
# - 
#   name: geom_model_reference_level
#   datatype: float32
#   unit: mag
#   description: Magnitude reference level of geometric model
#   meta:
#     ucd: phot.mag;em.opt
# - 
#   name: geom_model_reference_level_error
#   datatype: float32
#   unit: mag
#   description: "Uncertainty of \\texttt{geomModelReferenceLevel}"
#   meta:
#     ucd: stat.error;phot.mag;em.opt
# - 
#   name: geom_model_gaussian1_phase
#   datatype: float32
#   description: Phase of the Gaussian 1 component
#   meta:
#     ucd: time.phase
# - 
#   name: geom_model_gaussian1_phase_error
#   datatype: float32
#   description: "Uncertainty of \\texttt{geomModelGaussian1Phase}"
#   meta:
#     ucd: stat.error;time.phase
# - 
#   name: geom_model_gaussian1_sigma
#   datatype: float32
#   description: "Standard deviation [phase] of Gaussian 1 component"
#   meta:
#     ucd: stat.stdev
# - 
#   name: geom_model_gaussian1_sigma_error
#   datatype: float32
#   description: "Uncertainty of \\texttt{geomModelGaussian1Sigma}"
#   meta:
#     ucd: stat.error
# - 
#   name: geom_model_gaussian1_depth
#   datatype: float32
#   unit: mag
#   description: Magnitude depth of Gaussian 1 component
#   meta:
#     ucd: src.var.amplitude
# - 
#   name: geom_model_gaussian1_depth_error
#   datatype: float32
#   unit: mag
#   description: "Uncertainty of \\texttt{geomModelGaussian1Depth}"
#   meta:
#     ucd: stat.error;src.var.amplitude
# - 
#   name: geom_model_gaussian2_phase
#   datatype: float32
#   description: Phase of Gaussian 2 component
#   meta:
#     ucd: time.phase
# - 
#   name: geom_model_gaussian2_phase_error
#   datatype: float32
#   description: "Uncertainty of \\texttt{geomModelGaussian2Phase}"
#   meta:
#     ucd: stat.error;time.phase
# - 
#   name: geom_model_gaussian2_sigma
#   datatype: float32
[...]
#   datatype: float32
#   description: "Secondary eclipse: uncertainty of \\texttt{derivedSecondaryEclDuration}"
#   meta:
#     ucd: stat.error;time.duration
# - 
#   name: derived_secondary_ecl_depth
#   datatype: float32
#   unit: mag
#   description: "Secondary eclipse: depth"
#   meta:
#     ucd: src.var.amplitude
# - 
#   name: derived_secondary_ecl_depth_error
#   datatype: float32
#   unit: mag
#   description: "Secondary eclipse: uncertainty of \\texttt{derivedSecondaryEclDepth}"
#   meta:
#     ucd: stat.error;src.var.amplitude
solution_id,source_id,global_ranking,reference_time,frequency,frequency_error,geom_model_reference_level,geom_model_reference_level_error,geom_model_gaussian1_phase,geom_model_gaussian1_phase_error,geom_model_gaussian1_sigma,geom_model_gaussian1_sigma_error,geom_model_gaussian1_depth,geom_model_gaussian1_depth_error,geom_model_gaussian2_phase,geom_model_gaussian2_phase_error,geom_model_gaussian2_sigma,geom_model_gaussian2_sigma_error,geom_model_gaussian2_depth,geom_model_gaussian2_depth_error,geom_model_cosine_half_period_amplitude,geom_model_cosine_half_period_amplitude_error,geom_model_cosine_half_period_phase,geom_model_cosine_half_period_phase_error,model_type,num_model_parameters,reduced_chi2,derived_primary_ecl_phase,derived_primary_ecl_phase_error,derived_primary_ecl_duration,derived_primary_ecl_duration_error,derived_primary_ecl_depth,derived_primary_ecl_depth_error,derived_secondary_ecl_phase,derived_secondary_ecl_phase_error,derived_secondary_ecl_duration,derived_secondary_ecl_duration_error,derived_secondary_ecl_depth,derived_secondary_ecl_depth_error
[from data line 582]
375316653866487564,3348378739011403392,0.4997802,2449.607295139793,3.861649477758955,2.321118E-5,17.089693,0.0019275877,null,null,null,null,null,null,null,null,null,null,null,null,0.050246567,0.0028811598,0.25607502,0.004018563,"ELLIPSOIDAL",4,8.839291,null,null,null,null,null,null,null,null,null,null,null,null
375316653866487564,3348381419070982272,0.58158135,2415.566928388381,4.2685458595957995,6.008903E-6,19.631166,0.014015665,0.26658335,0.0029482578,0.045417152,0.0041596103,0.50228375,0.039071318,0.7690724,0.0032501714,0.052301865,0.0051066186,0.4555309,0.047484573,0.11032121,0.02409041,0.26658335,0.0029482578,"TWOGAUSSIANS_WITH_ELLIPSOIDAL_ON_ECLIPSE1",9,1.8993177,0.26658335,0.0029482578,0.25433606,0.023293817,0.722922,0.022471618,0.7690724,0.0032326446,0.29289046,0.028597064,0.6761153,0.04632437
375316653866487564,3348383137057841152,0.55491847,2359.888569151245,3.5235098181666165,9.342961E-6,17.899265,0.009728072,0.21990445,0.0022019646,0.08497829,0.0037286954,0.28475764,0.010788544,0.7169766,0.00859186,0.07784019,0.011690901,0.34556496,0.023093516,null,null,null,null,"TWOGAUSSIANS",8,5.840555,0.7169766,0.00859186,0.4,0.0,0.3402809,0.026333371,0.21990445,0.0022019646,0.4,0.0,0.27947354,0.008897956
375316653866487564,3348383240137071232,0.4399238,2393.673123223592,1.4142151898323156,9.200533E-5,16.276472,0.0054541905,0.3133522,0.0029607944,0.01051169,0.0036529955,0.12527488,0.021960871,0.80890393,0.007480578,0.025571764,0.009175275,0.17762382,0.14212415,0.02346604,0.011650017,0.3133522,0.0029607944,"TWOGAUSSIANS_WITH_ELLIPSOIDAL_ON_ECLIPSE1",9,132.43568,0.8089639,0.0074696597,0.14320187,0.051381543,0.22451966,0.14240125,0.3133522,0.0029607944,0.058865465,0.020456774,0.17220688,0.027778951
375316653866487564,3348383270200844416,0.61611855,2375.568930802621,3.07425037427877,3.9895517E-6,17.732252,0.010213115,0.29803106,0.0017000629,0.054812957,0.004793719,0.21055892,0.021756662,0.79682624,0.0032721509,0.049915608,0.0058382708,0.1597531,0.021407232,0.09559423,0.012298199,0.29803106,0.0017000629,"TWOGAUSSIANS_WITH_ELLIPSOIDAL_ON_ECLIPSE1",9,4.4075313,0.29803106,0.0017000629,0.30695257,0.026844826,0.40174046,0.006392168,0.79705626,0.0026549853,0.27952743,0.032694317,0.35092577,0.011128283
375316653866487564,3348386882269347712,0.5582316,2372.9200040187875,0.4942259633042514,2.6594798E-5,13.898668,4.0914983E-4,0.25866503,0.0030351316,0.0143116275,0.0010646408,0.17113508,0.04345235,0.040484156,0.04104393,0.032448925,0.04413237,0.002611229,0.006959136,0.0033267846,6.170228E-4,0.25866503,0.0030351316,"TWOGAUSSIANS_WITH_ELLIPSOIDAL_ON_ECLIPSE1",9,5.692964,0.25866503,0.0030351316,0.08014511,0.0059619886,0.17778865,0.0432945,0.048934154,0.21127498,0.18171398,0.24714127,0.002941107,0.0068401503
375316653866487564,3348386916625492736,0.42020944,2437.596865785899,4.784274300867392,4.7980328E-5,16.807634,0.00961545,0.22264932,0.005776498,0.043324336,0.0035783516,0.30962095,0.024108427,0.9109883,0.0122923255,0.014578823,0.013428754,0.04332953,18252.201,0.038234863,0.017029313,0.9109883,0.0122923255,"TWOGAUSSIANS_WITH_ELLIPSOIDAL_ON_ECLIPSE2",9,17.25704,0.22473933,0.0052106124,0.2426163,0.020038769,0.32088766,0.026699537,0.9109883,0.0122923255,0.081641406,0.07520102,0.11979893,18252.2
375316653866487564,3348388256658881280,0.59510034,2413.3630630133307,3.3110685810644043,5.3460076E-6,18.86327,0.025474349,0.28255406,0.0019938725,0.042562045,0.004744651,0.47027043,0.05631674,0.77839375,0.0032700454,0.049782485,0.009873326,0.40880322,0.04340943,0.13358049,0.03277795,0.28255406,0.0019938725,"TWOGAUSSIANS_WITH_ELLIPSOIDAL_ON_ECLIPSE1",9,3.171129,0.28255406,0.0019938725,0.23834746,0.026570044,0.7374293,0.019315854,0.7788638,0.0028719835,0.27878192,0.055290624,0.67580026,0.0747474
375316653866487564,3348388595960402304,0.5185781,2407.028895195061,2.9457107817359574,2.3309034E-5,18.218157,0.014048139,0.29475573,0.002812105,0.08022811,0.00431333,0.36814606,0.016548721,0.790632,0.005611448,0.07579791,0.007580803,0.4009679,0.036318846,null,null,null,null,"TWOGAUSSIANS",8,11.491361,0.790632,0.005611448,0.4,0.0010905548,0.3968191,0.037046507,0.29475573,0.002812105,0.4,0.0,0.3639973,0.015056501
375316653866487564,3348393685497852928,0.6383087,2338.837257038324,0.3565010404868564,2.3818064E-5,15.506825,0.0018692442,0.22154301,0.0045684455,0.023371829,0.007847271,0.25074372,0.044186633,0.7036758,0.0020370965,0.018502027,0.002349858,0.2803874,0.012125658,0.014391644,0.002553665,0.7036758,0.0020370965,"TWOGAUSSIANS_WITH_ELLIPSOIDAL_ON_ECLIPSE2",9,16.179428,0.7036758,0.0020370965,0.10361134,0.013159204,0.30917063,0.012243709,0.22145301,0.0045206887,0.13088223,0.043944716,0.27916747,0.044287074
375316653866487564,3348397087111562496,0.5489794,2372.596197170205,0.6579309492099501,1.1822991E-5,16.02414,0.0027624269,0.22860384,0.0068751434,0.024750633,0.006076461,0.15007573,0.025283922,0.73415613,0.0053719673,0.035092216,0.005257096,0.6017307,0.24673907,0.026377667,0.0044860784,0.73415613,0.0053719673,"TWOGAUSSIANS_WITH_ELLIPSOIDAL_ON_ECLIPSE2",9,13.068022,0.73415613,0.0053719673,0.19651641,0.029439738,0.654486,0.2503844,0.22869384,0.00674278,0.13860354,0.03402818,0.2027679,0.027532684
375316653866487564,3348400415708693120,0.6029525,2312.5132967454842,2.201854172024837,2.5371031E-5,18.232462,0.0018470933,0.08608704,0.0036141325,0.03195728,0.0017262419,0.5016878,0.21345402,0.3858406,0.019698776,0.15726279,0.032286927,0.021604609,0.0026096236,null,null,null,null,"TWOGAUSSIANS",8,0.15886953,0.086177036,0.0035852012,0.17896076,0.009666955,0.5049276,0.2130962,0.3858406,0.019698776,0.4,0.0,0.021328844,0.002828048
375316653866487564,3348401240342443776,0.5840098,2283.2396956172624,4.4838334036490375,9.022177E-6,18.306297,0.011073118,0.248955,0.0015805601,0.04539219,0.004602737,0.18412192,0.024129968,0.7370356,0.0018674036,0.050121706,0.019625446,0.15348397,0.022940727,0.09913107,0.012042458,0.248955,0.0015805601,"TWOGAUSSIANS_WITH_ELLIPSOIDAL_ON_ECLIPSE1",9,2.3514736,0.248955,0.0015805601,0.25419626,0.025775326,0.38238382,0.012303073,0.7394656,0.0021993027,0.28068155,0.1099025,0.3508616,0.006914664
375316653866487564,3348406845274036992,0.597687,2319.814891883292,3.7570340252506194,7.8102075E-6,18.70968,0.016305473,0.2938831,0.010608379,0.07780926,0.008970812,0.45820546,0.034105808,0.78697664,0.002705872,0.08173899,0.005409396,0.41805708,0.021838762,null,null,null,null,"TWOGAUSSIANS",8,1.4395561,0.2938831,0.010608379,0.4,0.0,0.45258793,0.027994169,0.78697664,0.002705872,0.4,0.0,0.41243955,0.020151421
375316653866487564,3348411312043217792,0.5169894,2354.73740055086,2.5748925582745503,1.0155104E-5,17.20986,0.0010886455,null,null,null,null,null,null,null,null,null,null,null,null,0.0368071,0.001625814,0.26030314,0.0027281789,"ELLIPSOIDAL",4,1.5851542,null,null,null,null,null,null,null,null,null,null,null,null
375316653866487564,3348412647775772800,0.6701587,2365.7394446457297,0.2168667302630128,1.7766108E-5,16.785908,5.887464E-4,0.4613804,1.6336632E-4,0.013151258,1.6276739E-4,0.42790544,9.609922E-4,null,null,null,null,null,null,null,null,null,null,"ONEGAUSSIAN",5,0.692555,0.4613804,1.6336632E-4,0.073647045,9.1149745E-4,0.42790544,0.0,null,null,null,null,null,null
375316653866487564,3348412686432732416,0.61142015,2335.7474010801066,1.8478721758057,6.480833E-6,16.359686,0.016648026,0.23265967,0.001698592,0.05980652,0.011975844,0.112802655,0.03081333,0.73207104,0.009256454,0.05369565,0.0133339595,0.11327243,0.035308205,0.080230415,0.017908808,0.23265967,0.001698592,"TWOGAUSSIANS_WITH_ELLIPSOIDAL_ON_ECLIPSE1",9,8.864377,0.73221105,0.0073368503,0.30069563,0.07467017,0.27371076,0.008346692,0.23265967,0.001698592,0.3349165,0.06706473,0.27324265,0.011443515
375316653866487564,3348415018599307520,0.5104712,2458.7207692179927,0.03818494719369377,1.57742E-4,17.306808,0.004693424,0.34885973,0.012285364,0.052661404,0.023711473,0.041129023,0.037331242,0.7820031,0.0047666477,0.0654078,0.022894226,0.32929426,0.21313003,null,null,null,null,"TWOGAUSSIANS",8,2.8697956,0.7820031,0.0047666477,0.36628366,0.036759857,0.32929176,0.21323277,0.34885973,0.012285364,0.29490387,0.13278425,0.041126516,0.03733362
375316653866487564,3348416564787539584,0.47750694,2374.2890873534025,3.284470730965534,1.8962206E-5,19.322348,0.0074316566,0.24013565,0.00899651,0.08728695,0.011853514,0.17134917,0.012800138,0.7481868,0.006853784,0.07608621,0.009499141,0.20764183,0.01681788,null,null,null,null,"TWOGAUSSIANS",8,1.9615579,0.7481868,0.006853784,0.4,0.0,0.204676,0.017296555,0.24013565,0.00899651,0.4,0.0,0.16838332,0.012918546
375316653866487564,3348418355789533824,0.630211,2260.667492265276,1.3478421948535493,2.0199925E-5,17.038105,0.0016038399,0.26364058,0.0029961946,0.05943809,0.0054439357,0.3708443,0.028341597,0.587577,0.0096493,0.043620348,0.009327213,0.010093046,0.0020326795,null,null,null,null,"TWOGAUSSIANS",8,2.073701,0.26364058,0.0029961946,0.33285332,0.030486042,0.3708443,0.028341597,0.587577,0.0096493,0.24427395,0.052232396,0.010093179,0.0020327733
375316653866487564,3348419657162553600,0.5660356,2351.1670594141997,2.9616494432098337,9.3762355E-6,17.99017,0.010718906,0.18002807,0.0016292289,0.081159115,0.005130139,0.31881258,0.009084588,0.68432057,0.003556792,0.09635177,0.007946016,0.28255236,0.019869015,null,null,null,null,"TWOGAUSSIANS",8,2.8400648,0.18002807,0.0016292289,0.4,0.0,0.3083098,0.009289431,0.68432057,0.003556792,0.4,0.0,0.27204874,0.021434976
375316653866487564,3348426975788916352,0.49631202,2245.309025939908,1.5254277078616334,1.3924168E-5,17.681692,0.0066023218,0.27735978,0.0051633604,0.08341377,0.006090296,0.17516395,0.009194833,0.7642942,0.0069842213,0.081911586,0.010260449,0.092584826,0.008171594,null,null,null,null,"TWOGAUSSIANS",8,4.750412,0.27735978,0.0051633604,0.4,0.0,0.17310548,0.008630372,0.7642942,0.0069842213,0.4,0.0,0.09052636,0.0076477993
375316653866487564,3348431687369045376,0.6147026,2264.872642573904,2.5634339344189327,9.2071705E-6,18.4704,0.013851555,0.2044614,0.0015154729,0.08921159,0.0047439756,0.35552344,0.011458563,0.6960755,0.011156646,0.085885696,0.014423025,0.35340542,0.021586698,null,null,null,null,"TWOGAUSSIANS",8,1.3503431,0.2044614,0.0015154729,0.4,0.0,0.3450525,0.007335002,0.6960755,0.011156646,0.4,0.0,0.34293458,0.023435725
375316653866487564,3348433439715678848,0.5883755,2250.293635219312,2.6794143051154338,1.8614128E-5,13.152836,0.0342889,0.2417768,0.0024764943,0.1259625,0.020274328,0.15554404,0.032793794,0.74098927,0.0037141752,0.11577968,0.017658858,0.16956617,0.033812508,null,null,null,null,"TWOGAUSSIANS",8,19.628664,0.74098927,0.0037160278,0.4,0.0,0.1318306,0.0024821726,0.2417768,0.0024898057,0.4,0.0,0.11772081,0.0040580197
375316653866487564,3348433542794890112,0.6609359,2253.6647710313305,2.0227671479071128,6.2765394E-6,17.043646,0.0072753527,0.34710282,0.0018980212,0.08094636,0.0026422895,0.43536907,0.009094669,0.84496444,0.0024845619,0.074373364,0.0029096953,0.48737907,0.007560101,null,null,null,null,"TWOGAUSSIANS",8,5.1194687,0.84496444,0.0024845619,0.4,0.0,0.48244563,0.0071119894,0.34710282,0.0018980212,0.4,0.0,0.4304356,0.008833261
375316653866487564,3348434161270190080,0.5261909,2236.274659487385,2.607247278636907,1.3343623E-5,16.014841,0.07187628,0.25353992,0.0049126465,0.15386784,0.054249283,0.12111074,0.06959899,0.75874466,0.011396527,0.13831298,0.049369145,0.118549876,0.0683824,null,null,null,null,"TWOGAUSSIANS",8,4.86799,0.2533099,0.0048955753,0.4,0.0,0.06777899,0.0031978686,0.7592046,0.011105596,0.4,0.0,0.066111654,0.0036643245
375316653866487564,3348434706730531200,0.5951005,2260.511287720078,2.335782175230534,6.6076573E-6,18.46021,0.010271035,0.3380986,0.004086022,0.06373033,0.005264642,0.6167819,0.029300392,0.8375055,0.0014988559,0.064670295,0.004106686,0.3112279,0.014239501,null,null,null,null,"TWOGAUSSIANS",8,3.5010152,0.3380986,0.004086022,0.35688984,0.029481998,0.6163461,0.029499123,0.8375055,0.0014988559,0.36215368,0.022997443,0.31079218,0.014241389
375316653866487564,3348435947976536704,0.55378395,2257.4134433548816,4.560769802027301,3.8422957E-5,17.62206,0.0017161454,0.46112174,0.0095796045,0.012390349,0.005141172,0.1183809,0.09009798,0.87110305,0.0021736438,0.010827904,0.002479311,0.0057681315,0.002236864,0.0019611358,0.0019169789,0.46112174,0.0095796045,"TWOGAUSSIANS_WITH_ELLIPSOIDAL_ON_ECLIPSE1",9,1.257912,0.46112174,0.0095796045,0.06938595,0.028790563,0.122303165,0.09036392,0.87155306,0.0024698896,0.06063626,0.013884142,0.008568903,0.0023549828
375316653866487564,3348437386786023424,0.6045086,2280.5440568980653,2.321929964075818,4.9145852E-5,17.779463,0.047440346,0.366274,0.0380763,0.17252079,0.12375392,0.05647993,0.042157613,0.7378255,0.0015613714,0.026323622,0.0015012164,0.81593406,0.026067745,null,null,null,null,"TWOGAUSSIANS",8,11.611786,0.7378255,0.0015613714,0.14741229,0.008406812,0.8198647,0.027544957,0.366274,0.0380763,0.4,0.0,0.054781046,0.017779903
375316653866487564,3348438456234186368,0.5317438,2260.406207746835,3.3613694539493175,2.2537817E-5,19.414165,0.018443795,0.16134804,0.007250886,0.07172568,0.008313016,0.54194736,0.10189693,0.6496691,0.008908615,0.07715007,0.008959051,0.65997756,0.046064127,null,null,null,null,"TWOGAUSSIANS",8,6.056276,0.6496691,0.008908615,0.4,1.7239487E-4,0.65671206,0.04622761,0.16134804,0.007250886,0.4,0.029217657,0.5386819,0.10267303
375316653866487564,3348442304528086784,0.5873388,2260.427890754108,1.4913122190522727,9.631711E-6,16.828344,0.041477412,0.2539769,0.0056932317,0.10194973,0.015950812,0.1903443,0.037825085,0.75872535,0.00405585,0.12135506,0.03509922,0.13752466,0.032480545,null,null,null,null,"TWOGAUSSIANS",8,2.3622327,0.2539569,0.0057029077,0.4,0.0,0.16588086,0.010106541,0.75872535,0.0040560565,0.4,0.0,0.1130062,0.008726247
375316653866487564,3348444327455029376,0.6752131,2293.8465511431373,2.5727813294123,5.203331E-6,17.869572,0.0036681918,0.22164232,0.0027009672,0.08522433,0.0025441733,0.37670583,0.007745076,0.72293097,8.6139847E-4,0.08200842,0.0013028998,0.3837378,0.004778244,null,null,null,null,"TWOGAUSSIANS",8,0.59793234,0.72293097,8.6139847E-4,0.4,0.0,0.37523133,0.004426721,0.22164232,0.0027009672,0.4,0.0,0.36819932,0.0073785293
375316653866487564,3348449103458800128,0.5321878,2284.84710226886,3.8250924377956275,8.764314E-6,18.035048,0.019144662,0.28417227,0.0034625758,0.08110456,0.007242491,0.36542547,0.028359385,0.7883169,0.0042502936,0.07876127,0.009264257,0.39284378,0.035743147,null,null,null,null,"TWOGAUSSIANS",8,7.7951283,0.7883169,0.0042502936,0.4,0.0,0.38759935,0.037167497,0.28417227,0.0034625758,0.4,0.0,0.36018103,0.028376397
375316653866487564,3348449928092543616,0.513412,2312.8243956007886,3.780029677100278,1.8533447E-5,19.259054,0.014388914,0.26196933,0.003774905,0.072862804,0.008867314,0.30947277,0.01962005,0.7623671,0.0060367496,0.08675911,0.009726466,0.26384738,0.026211943,null,null,null,null,"TWOGAUSSIANS",8,1.9904703,0.26196933,0.003774905,0.4,0.017391672,0.3053261,0.019675333,0.7623671,0.0060367496,0.4,0.0,0.25970072,0.027063731
375316653866487564,3348450374769170304,0.5165027,2242.7788488661345,2.8359040706250584,1.4733078E-5,17.735891,0.002535763,null,null,null,null,null,null,null,null,null,null,null,null,0.061110634,0.0038348048,0.21885501,0.0039037142,"ELLIPSOIDAL",4,3.9019055,null,null,null,null,null,null,null,null,null,null,null,null
375316653866487564,3348451066261117312,0.70632637,2252.756877291158,0.6950291834572824,3.7523882E-6,14.6040945,0.0016445977,0.21865144,0.0014323274,0.03092824,9.747734E-4,0.30607104,0.009973503,0.7208496,8.720759E-4,0.030546132,9.788754E-4,0.3238163,0.007962678,0.021570917,0.0024276269,0.21865144,0.0014323274,"TWOGAUSSIANS_WITH_ELLIPSOIDAL_ON_ECLIPSE1",9,12.015757,0.7208496,8.720759E-4,0.17105834,0.0054817023,0.36694983,0.0066367085,0.21865144,0.0014323274,0.17319815,0.0054587307,0.34921283,0.009087662
