Gaia/vari_eclipsing_binary/VariEclipsingBinary_228620-228780.csv
# %ECSV 1.0
# ---
# delimiter: ','
# meta: !!omap
# - RELEASE: Gaia DR3
# - TABLE: vari_eclipsing_binary
# - DESCRIPTION: >
#     This table describes the properties of the eclipsing binaries resulting from the variability analysis. 
# - CITATION: >
#     How to cite and acknowledge Gaia: 
#     https://gea.esac.esa.int/archive/documentation/credits.html 
# - KNOWN_ISSUES: >
#     Known issues: 
#     https://www.cosmos.esa.int/web/gaia-users/known-issues 
# - DOCUMENTATION: >
#     Tutorials and documentation: 
#     https://www.cosmos.esa.int/web/gaia-users/archive 
# datatype:
# - 
#   name: solution_id
#   datatype: int64
#   description: Solution Identifier
#   meta:
#     ucd: meta.version
# - 
#   name: source_id
#   datatype: int64
#   description: Unique source identifier
#   meta:
#     ucd: meta.id;meta.main
# - 
#   name: global_ranking
#   datatype: float32
#   description: Number between 0 (worst) and 1 (best)
#   meta:
#     ucd: stat.param
# - 
#   name: reference_time
#   datatype: float64
#   unit: d
#   description: Reference time used for the geometric model fit
#   meta:
#     ucd: time.epoch
# - 
#   name: frequency
#   datatype: float64
#   unit: d**-1
#   description: Frequency of geometric model of the eclipsing binary light curve
#   meta:
#     ucd: src.orbital
# - 
#   name: frequency_error
#   datatype: float32
#   unit: d**-1
#   description: "Uncertainty of \\texttt{frequency}"
#   meta:
#     ucd: stat.error
# - 
#   name: geom_model_reference_level
#   datatype: float32
#   unit: mag
#   description: Magnitude reference level of geometric model
#   meta:
#     ucd: phot.mag;em.opt
# - 
#   name: geom_model_reference_level_error
#   datatype: float32
#   unit: mag
#   description: "Uncertainty of \\texttt{geomModelReferenceLevel}"
#   meta:
#     ucd: stat.error;phot.mag;em.opt
# - 
#   name: geom_model_gaussian1_phase
#   datatype: float32
#   description: Phase of the Gaussian 1 component
#   meta:
#     ucd: time.phase
# - 
#   name: geom_model_gaussian1_phase_error
#   datatype: float32
#   description: "Uncertainty of \\texttt{geomModelGaussian1Phase}"
#   meta:
#     ucd: stat.error;time.phase
# - 
#   name: geom_model_gaussian1_sigma
#   datatype: float32
#   description: "Standard deviation [phase] of Gaussian 1 component"
#   meta:
#     ucd: stat.stdev
# - 
#   name: geom_model_gaussian1_sigma_error
#   datatype: float32
#   description: "Uncertainty of \\texttt{geomModelGaussian1Sigma}"
#   meta:
#     ucd: stat.error
# - 
#   name: geom_model_gaussian1_depth
#   datatype: float32
#   unit: mag
#   description: Magnitude depth of Gaussian 1 component
#   meta:
#     ucd: src.var.amplitude
# - 
#   name: geom_model_gaussian1_depth_error
#   datatype: float32
#   unit: mag
#   description: "Uncertainty of \\texttt{geomModelGaussian1Depth}"
#   meta:
#     ucd: stat.error;src.var.amplitude
# - 
#   name: geom_model_gaussian2_phase
#   datatype: float32
#   description: Phase of Gaussian 2 component
#   meta:
#     ucd: time.phase
# - 
#   name: geom_model_gaussian2_phase_error
#   datatype: float32
#   description: "Uncertainty of \\texttt{geomModelGaussian2Phase}"
#   meta:
#     ucd: stat.error;time.phase
# - 
#   name: geom_model_gaussian2_sigma
#   datatype: float32
[...]
#   datatype: float32
#   description: "Secondary eclipse: uncertainty of \\texttt{derivedSecondaryEclDuration}"
#   meta:
#     ucd: stat.error;time.duration
# - 
#   name: derived_secondary_ecl_depth
#   datatype: float32
#   unit: mag
#   description: "Secondary eclipse: depth"
#   meta:
#     ucd: src.var.amplitude
# - 
#   name: derived_secondary_ecl_depth_error
#   datatype: float32
#   unit: mag
#   description: "Secondary eclipse: uncertainty of \\texttt{derivedSecondaryEclDepth}"
#   meta:
#     ucd: stat.error;src.var.amplitude
solution_id,source_id,global_ranking,reference_time,frequency,frequency_error,geom_model_reference_level,geom_model_reference_level_error,geom_model_gaussian1_phase,geom_model_gaussian1_phase_error,geom_model_gaussian1_sigma,geom_model_gaussian1_sigma_error,geom_model_gaussian1_depth,geom_model_gaussian1_depth_error,geom_model_gaussian2_phase,geom_model_gaussian2_phase_error,geom_model_gaussian2_sigma,geom_model_gaussian2_sigma_error,geom_model_gaussian2_depth,geom_model_gaussian2_depth_error,geom_model_cosine_half_period_amplitude,geom_model_cosine_half_period_amplitude_error,geom_model_cosine_half_period_phase,geom_model_cosine_half_period_phase_error,model_type,num_model_parameters,reduced_chi2,derived_primary_ecl_phase,derived_primary_ecl_phase_error,derived_primary_ecl_duration,derived_primary_ecl_duration_error,derived_primary_ecl_depth,derived_primary_ecl_depth_error,derived_secondary_ecl_phase,derived_secondary_ecl_phase_error,derived_secondary_ecl_duration,derived_secondary_ecl_duration_error,derived_secondary_ecl_depth,derived_secondary_ecl_depth_error
[from data line 827]
375316653866487564,2012323952076548608,0.620946,2210.0316366987577,3.153114188106004,5.0526487E-6,14.2493,0.015464538,0.26733616,0.0010161404,0.05630367,0.0032772105,0.4228012,0.042615104,0.76479375,0.0052643716,0.050195925,0.00608205,0.32607678,0.03990506,0.10933032,0.024410296,0.26733616,0.0010161404,"TWOGAUSSIANS_WITH_ELLIPSOIDAL_ON_ECLIPSE1",9,276.39514,0.26733616,0.0010161404,0.31530055,0.01835238,0.6414383,0.02393681,0.76509374,0.004771782,0.28109717,0.03405948,0.5446646,0.012781994
375316653866487564,2012324738054208512,0.48371366,2173.3439218775325,0.6162561508800874,1.5235843E-5,19.612492,0.006042662,0.18345983,0.008076442,0.028689282,0.007140627,0.22380014,0.02731564,0.67903584,0.0019672494,0.026240576,0.0016107457,0.25458193,0.013871508,null,null,null,null,"TWOGAUSSIANS",8,1.5607305,0.67903584,0.0019672494,0.14694723,0.009020176,0.25458193,0.013871508,0.18345983,0.008076442,0.16065998,0.039987512,0.22380014,0.02731564
375316653866487564,2012327731647832704,0.52633023,2196.4009459321637,1.1667062650272737,1.22493E-5,13.884963,0.117555395,0.21061654,0.004113019,0.15946747,0.097124845,0.09077085,0.11595817,0.7068787,0.0033939455,0.12291525,0.042046025,0.081106886,0.09415811,null,null,null,null,"TWOGAUSSIANS",8,18.699493,0.21066655,0.004062782,0.4,0.0,0.055934843,0.0028274334,0.7068787,0.0033939455,0.4,0.0,0.04756352,0.0025973318
375316653866487564,2012328315763372032,0.6731879,2154.061041948826,1.4340934684254965,2.3892735E-6,17.039719,0.0037839904,0.30111966,0.0010315872,0.048676938,0.0019452388,0.227364,0.009802464,0.8022561,0.00142107,0.048655313,0.0013626122,0.43809685,0.010515018,0.06079166,0.0052576517,0.30111966,0.0010315872,"TWOGAUSSIANS_WITH_ELLIPSOIDAL_ON_ECLIPSE1",9,2.7746193,0.8022561,0.00142107,0.27246976,0.007630628,0.5596726,0.006013729,0.30111966,0.0010315872,0.27259085,0.010893337,0.34894598,0.0059499377
375316653866487564,2012329621433449088,0.60245234,2181.767451604768,0.4784805766784916,5.067122E-6,13.13555,0.0030715435,0.29556772,0.002330138,0.049996644,0.0030823261,0.114141814,0.0065105623,0.7898927,0.0038022685,0.033343796,0.0066261445,0.02278365,0.006266376,0.03004506,0.0036376442,0.7898927,0.0038022685,"TWOGAUSSIANS_WITH_ELLIPSOIDAL_ON_ECLIPSE2",9,45.329258,0.29503772,0.0020011396,0.27998123,0.017261026,0.17416245,0.0017354754,0.7898927,0.0038022685,0.18672524,0.03710641,0.08287348,0.0018795439
375316653866487564,2012330342987920256,0.5202134,2181.5369496207154,3.3474656429702523,1.1800572E-5,15.640901,0.008645182,0.20815083,0.003030664,0.04104402,0.012837776,0.07264201,0.019234048,0.71936905,0.01080089,0.04869152,0.013339523,0.118130416,0.021810094,0.066998556,0.014182708,0.20815083,0.003030664,"TWOGAUSSIANS_WITH_ELLIPSOIDAL_ON_ECLIPSE1",9,86.371315,0.71936905,0.01080089,0.2726725,0.07470133,0.25146234,0.018906176,0.20815083,0.003030664,0.2298465,0.071891546,0.20663856,0.01452192
375316653866487564,2012331373780059136,0.56473213,2146.7023390637996,3.635770090310583,6.1707974E-6,17.932858,0.013622604,0.2470514,0.0027154116,0.08038555,0.004831357,0.43202192,0.017610865,0.74111193,0.0026941344,0.08459092,0.0046289945,0.48228884,0.018981827,null,null,null,null,"TWOGAUSSIANS",8,9.399343,0.74111193,0.0026941344,0.4,0.0,0.47399634,0.018630428,0.2470514,0.0027154116,0.4,0.0,0.42372942,0.017189011
375316653866487564,2012333126126693888,0.62770283,2170.5531393343067,2.7106720746921678,3.6573506E-6,17.20242,0.017937545,0.26262936,0.0014608456,0.053178787,0.0046577323,0.3099546,0.03673596,0.76222306,0.0014083079,0.058299955,0.0037816355,0.34398508,0.0370919,0.11288135,0.020091468,0.26262936,0.0014608456,"TWOGAUSSIANS_WITH_ELLIPSOIDAL_ON_ECLIPSE1",9,8.133527,0.7622831,0.0012280706,0.32647976,0.02117716,0.5697071,0.010296712,0.26262936,0.0014608456,0.2978012,0.026083302,0.5356779,0.010323303
375316653866487564,2012335939325879424,0.4890677,2190.5092012193104,2.2779515164778434,1.6203165E-5,19.004406,0.07835858,0.25524604,0.00856417,0.114814684,0.027811654,0.25835425,0.07525468,0.73695236,0.005855543,0.1182367,0.018302213,0.34685805,0.07987457,null,null,null,null,"TWOGAUSSIANS",8,2.7851505,0.73695236,0.005855543,0.4,0.0,0.29642302,0.016447602,0.25535604,0.008511267,0.4,0.0,0.2079803,0.014398833
375316653866487564,2012336355942920448,0.5270685,2196.3277424298594,1.502912117514103,4.3620395E-5,14.604655,5.8495125E-4,0.3496346,0.0066459468,0.0524579,0.006838547,0.089656755,0.024505287,0.59947956,0.0056700534,0.009642133,0.0050786003,0.005196647,0.0061052274,null,null,null,null,"TWOGAUSSIANS",8,10.216461,0.3496346,0.0066459468,0.29376423,0.03829586,0.089656755,0.024505287,0.59947956,0.0056700534,0.05399594,0.02844016,0.005197711,0.006104934
375316653866487564,2012340444751497088,0.42182982,2198.231769472919,4.045445311701986,1.8820636E-5,15.314282,0.0034890946,0.232641,0.005026397,0.023802336,0.008734364,0.21167216,1.2938172,0.8261069,0.014110805,0.04533339,0.008838542,0.11463428,0.01789988,null,null,null,null,"TWOGAUSSIANS",8,31.166872,0.232641,0.005026397,0.13329308,0.048912436,0.21167216,1.2938172,0.8261069,0.014110805,0.25386697,0.049495835,0.11463428,0.01789988
375316653866487564,2012340784048105728,0.49595833,2184.392309286124,2.784185862966415,1.3023244E-5,19.219065,0.012683703,0.26019093,0.004367513,0.08371866,0.0066284435,0.32170475,0.018099513,0.75338006,0.004380943,0.08572627,0.0068427515,0.3242025,0.02300455,null,null,null,null,"TWOGAUSSIANS",8,3.0288858,0.75338006,0.004380943,0.4,0.0,0.31683055,0.023264138,0.26019093,0.004367513,0.4,0.0,0.31433278,0.018409245
375316653866487564,2012340955846864384,0.479463,2170.0898506222097,2.021507130730646,1.1504681E-5,19.159922,0.0058296914,0.24008088,0.0065266322,0.084269255,0.0114849275,0.14895813,0.013192235,0.7255823,0.0053328136,0.07364762,0.005279171,0.26699445,0.01129096,null,null,null,null,"TWOGAUSSIANS",8,2.375803,0.7255823,0.0053328136,0.4,0.003667796,0.2650738,0.011057751,0.24008088,0.0065266322,0.4,0.0,0.14703745,0.013995519
375316653866487564,2012344018164581760,0.51238286,2178.8179965940044,0.2713096612996065,1.9740022E-5,10.355329,6.902934E-4,0.27607432,0.002034651,0.029940318,0.0017026844,0.06791756,0.0021087993,null,null,null,null,null,null,0.008496397,0.0011152952,0.27607432,0.002034651,"ONEGAUSSIAN_WITH_ELLIPSOIDAL",6,13.658681,0.27607432,0.002034651,0.16766578,0.009535032,0.084910356,0.0016165287,null,null,null,null,null,null
375316653866487564,2012345903649611904,0.4653953,2176.695725954756,1.7112174154504893,3.290888E-5,19.526197,0.011840209,0.23567417,0.015510333,0.058889102,0.024400473,0.11527971,0.020031111,0.72810495,0.0047245915,0.06593713,0.0071821855,0.2127153,0.012541539,null,null,null,null,"TWOGAUSSIANS",8,2.1656578,0.72810495,0.0047245915,0.36924794,0.04022024,0.21263373,0.01231927,0.23567417,0.015510333,0.32977897,0.122403614,0.11519814,0.020087244
375316653866487564,2012345938009364224,0.43532002,2138.879144478425,2.9362081531816004,7.151896E-5,19.31421,0.28539535,0.2506788,0.009580949,0.11466989,0.059836898,0.17883688,0.27251607,0.76601636,0.015069557,0.10786152,0.065047555,0.20392092,0.2723191,null,null,null,null,"TWOGAUSSIANS",8,5.0921383,0.7660464,0.014742953,0.4,0.0,0.17789565,0.021424891,0.2506588,0.009525346,0.4,0.0,0.15279129,0.017124366
375316653866487564,2012346384685902720,0.5238438,2179.597355156482,0.3639417693018145,8.088169E-6,18.847359,0.004948336,0.28379437,0.0049580736,0.027968643,0.0046898816,0.49780533,0.067769185,0.7820282,0.0020894625,0.030104084,0.001977552,0.40012172,0.024814233,null,null,null,null,"TWOGAUSSIANS",8,2.9187174,0.28379437,0.0049580736,0.1566244,0.026263338,0.49780533,0.067769185,0.7820282,0.0020894625,0.16858287,0.011074291,0.40012172,0.024814233
375316653866487564,2012349275204482688,0.60187924,2180.5189297808583,0.45547970530575344,1.14020995E-5,11.350783,0.0011459943,0.24044791,0.008044253,0.017053815,0.003547199,0.23156159,0.07434243,0.7371842,0.003856609,0.018400313,0.0026220605,0.40043178,0.025777426,null,null,null,null,"TWOGAUSSIANS",8,65.79287,0.7371842,0.003856609,0.10304175,0.014683538,0.40043178,0.025777426,0.24044791,0.008044253,0.095501356,0.019864315,0.23156159,0.07434243
375316653866487564,2012353222273688960,0.54495746,2176.7791801879994,2.795282608472083,8.0924265E-6,17.767073,0.009506068,0.21593508,0.0037150644,0.092488706,0.007297759,0.2117124,0.010158392,0.71313506,0.0042237537,0.08013231,0.007730555,0.22467704,0.01105769,null,null,null,null,"TWOGAUSSIANS",8,4.0386424,0.71313506,0.0042237537,0.4,0.0,0.21843901,0.011127666,0.21593508,0.0037150644,0.4,0.0,0.20547418,0.009829066
375316653866487564,2012355356878151040,0.5210625,2172.4226678721534,0.7560454869137778,1.0166747E-5,14.19823,0.0023589188,0.26851332,0.0021502986,0.058542874,0.00493379,0.15984127,0.008372306,0.76715654,0.012412212,0.036949188,0.008950854,0.06857353,0.021980891,null,null,null,null,"TWOGAUSSIANS",8,47.81465,0.26851332,0.0021502986,0.3278401,0.027629223,0.15984105,0.008372739,0.76715654,0.012412212,0.20691545,0.05012478,0.068573296,0.02198116
375316653866487564,2012360300380176896,0.6088862,2210.1638124698866,0.6663526908296894,4.57247E-6,18.386606,0.0022923476,0.18933101,1.7182327E-4,0.023376979,5.347144E-4,0.62596554,0.03975694,0.6924427,0.0010381421,0.022074116,0.0013358318,0.5742939,0.027602043,null,null,null,null,"TWOGAUSSIANS",8,2.2336962,0.18933101,1.7182327E-4,0.13091108,0.0029944007,0.62596554,0.03975694,0.6924427,0.0010381421,0.12361505,0.007480658,0.5742939,0.027602043
375316653866487564,2012360747056819584,0.48978636,2216.5974083284536,2.898369840249424,2.3193777E-5,19.22613,0.014296625,0.23131736,0.008467768,0.08341512,0.011749483,0.20990229,0.022857085,0.7259383,0.008227684,0.082648166,0.009669466,0.23281989,0.018308762,null,null,null,null,"TWOGAUSSIANS",8,2.6821356,0.7259383,0.008227684,0.4,0.0,0.22851233,0.016433006,0.23131736,0.008467768,0.4,0.0,0.20559473,0.02274242
375316653866487564,2012363324033587840,0.54094106,2206.8885784195822,2.070015738136679,8.21676E-6,16.875471,0.41859037,0.22089657,0.007532166,0.17752922,0.112578295,0.18206525,0.40311688,0.7091698,0.0066977977,0.15469322,0.04086359,0.23864858,0.31506523,null,null,null,null,"TWOGAUSSIANS",8,2.7238035,0.7091698,0.0066977977,0.4,0.0,0.12164389,0.0032851002,0.22341657,0.0047484194,0.4,0.0,0.060714122,0.004162712
375316653866487564,2012367760743569536,0.56944937,2198.5842704027946,0.5790813092516278,2.5327667E-5,16.758923,0.001795033,0.28796872,0.046825238,0.13939217,0.040665608,0.0077687283,0.00240629,0.74792606,9.3190075E-4,0.01680993,8.7166444E-4,0.23773094,0.0059557403,null,null,null,null,"TWOGAUSSIANS",8,2.850056,0.74792606,9.3190075E-4,0.0941356,0.004881321,0.23772816,0.0059612333,0.28796872,0.046825238,0.4,0.0,0.0077281003,0.0023918431
375316653866487564,2012370608297868032,0.4470831,2163.4969257284156,0.4557226357807889,1.8527791E-5,19.76806,0.026836472,0.42946184,0.01683321,0.11657635,0.019289069,0.5569245,0.108392574,0.8977415,0.0039022102,0.017655194,0.0027486212,0.89412916,0.1503061,null,null,null,null,"TWOGAUSSIANS",8,5.362923,0.8977415,0.0039022102,0.098869085,0.015392279,0.89397573,0.15032837,0.42946184,0.01683321,0.4,0.0,0.55657953,0.10889642
375316653866487564,2012371501655217664,0.50915575,2204.7305298628808,3.4986909113695828,1.5955959E-5,18.547066,0.042976256,0.15165846,0.007467351,0.108342744,0.022155631,0.22581856,0.039967384,0.6574864,0.0038473601,0.10604006,0.014287439,0.27719086,0.040745415,null,null,null,null,"TWOGAUSSIANS",8,3.3190584,0.6574864,0.0038516812,0.4,0.0,0.2463467,0.016248384,0.15165846,0.0074816877,0.4,0.0,0.19497187,0.013234656
375316653866487564,2012373189583169152,0.6061342,2207.50243199981,0.7169431561041965,6.1846313E-6,11.7276325,0.037420448,0.24140078,0.0016488216,0.12819791,0.015489557,0.16157185,0.03625769,0.7433512,0.002000916,0.1317928,0.021518044,0.13863343,0.036274794,null,null,null,null,"TWOGAUSSIANS",8,33.36365,0.24137078,0.0016654839,0.4,0.0,0.115477376,0.0022384983,0.7433812,0.002016931,0.4,0.0,0.092491984,0.0018457116
375316653866487564,2012373292662380288,0.49443018,2193.9307511837596,0.34821006445145125,1.5978101E-5,12.483786,0.0037724364,0.13186908,0.0078034215,0.04612994,0.012761332,0.051793676,0.0063684136,0.65537804,0.005344155,0.10652512,0.008486514,0.075642936,0.004720553,null,null,null,null,"TWOGAUSSIANS",8,103.9055,0.65537804,0.005344155,0.4,0.0,0.07529572,0.0045207413,0.13185908,0.007814998,0.25832763,0.07146346,0.051450305,0.006530845
375316653866487564,2012374834545190144,0.6025427,2190.7697044859992,0.5430328216315659,5.0031304E-6,11.371396,0.0031732616,0.80593395,7.011257E-4,0.022599958,0.0014215565,1.229893,0.2258371,null,null,null,null,null,null,0.019293504,0.005166931,0.80593395,7.011257E-4,"ONEGAUSSIAN_WITH_ELLIPSOIDAL",6,194.10886,0.80593395,7.011257E-4,0.12655976,0.007960716,1.26848,0.22700556,null,null,null,null,null,null
375316653866487564,2012376312015031296,0.50360435,2183.454044582107,0.25616665938699623,3.1029056E-6,19.424864,0.0052051917,0.3194241,5.5061617E-5,0.007209134,2.3220321E-4,0.32192418,0.00388708,0.5793201,5.1478564E-5,0.012614223,8.3793036E-4,7.695373,3.0247934,null,null,null,null,"TWOGAUSSIANS",8,1.971243,0.5793201,5.1478564E-5,0.07063965,0.00469241,7.695373,3.0247934,0.3194241,5.5061617E-5,0.04037115,0.001300338,0.32192418,0.00388708
375316653866487564,2012376900434864640,0.5223618,2193.472823558903,1.7464830683903445,1.9451356E-5,16.916206,0.022519799,0.24206276,0.014318321,0.11112316,0.024324168,0.06773222,0.018472264,0.7131605,0.005782008,0.131265,0.020586101,0.11274859,0.02061456,null,null,null,null,"TWOGAUSSIANS",8,3.4784453,0.7131605,0.005782008,0.4,0.0,0.096367985,0.005123909,0.24279277,0.013755224,0.4,0.0,0.05155734,0.007998883
375316653866487564,2012378721500914688,0.5917594,2178.2222335360902,2.639682777411333,6.1456863E-6,15.639065,0.013881873,0.15661399,0.0012973987,0.05369708,0.0058101816,0.23432674,0.030996533,0.6588308,0.005791341,0.051076308,0.011420483,0.2280395,0.11251845,0.110543385,0.021193828,0.15661399,0.0012973987,"TWOGAUSSIANS_WITH_ELLIPSOIDAL_ON_ECLIPSE1",9,54.867596,0.15661399,0.0012973987,0.30070364,0.032537017,0.45540732,0.013285459,0.6588308,0.00563,0.2860273,0.0639547,0.4490772,0.12402762
375316653866487564,2012378751556902016,0.507389,2177.760158549649,3.666531571056229,2.050275E-5,19.635086,0.014973319,0.18921235,0.0053601665,0.09097495,0.009358726,0.26293004,0.01814727,0.6957546,0.005441685,0.08264736,0.008779998,0.25501445,0.016684532,null,null,null,null,"TWOGAUSSIANS",8,1.4046934,0.18921235,0.0053601665,0.4,0.0,0.25558975,0.017510485,0.6957546,0.005441685,0.4,0.0,0.24767433,0.014473942
