Gaia/vari_eclipsing_binary/VariEclipsingBinary_230177-230205.csv
# %ECSV 1.0
# ---
# delimiter: ','
# meta: !!omap
# - RELEASE: Gaia DR3
# - TABLE: vari_eclipsing_binary
# - DESCRIPTION: >
#     This table describes the properties of the eclipsing binaries resulting from the variability analysis. 
# - CITATION: >
#     How to cite and acknowledge Gaia: 
#     https://gea.esac.esa.int/archive/documentation/credits.html 
# - KNOWN_ISSUES: >
#     Known issues: 
#     https://www.cosmos.esa.int/web/gaia-users/known-issues 
# - DOCUMENTATION: >
#     Tutorials and documentation: 
#     https://www.cosmos.esa.int/web/gaia-users/archive 
# datatype:
# - 
#   name: solution_id
#   datatype: int64
#   description: Solution Identifier
#   meta:
#     ucd: meta.version
# - 
#   name: source_id
#   datatype: int64
#   description: Unique source identifier
#   meta:
#     ucd: meta.id;meta.main
# - 
#   name: global_ranking
#   datatype: float32
#   description: Number between 0 (worst) and 1 (best)
#   meta:
#     ucd: stat.param
# - 
#   name: reference_time
#   datatype: float64
#   unit: d
#   description: Reference time used for the geometric model fit
#   meta:
#     ucd: time.epoch
# - 
#   name: frequency
#   datatype: float64
#   unit: d**-1
#   description: Frequency of geometric model of the eclipsing binary light curve
#   meta:
#     ucd: src.orbital
# - 
#   name: frequency_error
#   datatype: float32
#   unit: d**-1
#   description: "Uncertainty of \\texttt{frequency}"
#   meta:
#     ucd: stat.error
# - 
#   name: geom_model_reference_level
#   datatype: float32
#   unit: mag
#   description: Magnitude reference level of geometric model
#   meta:
#     ucd: phot.mag;em.opt
# - 
#   name: geom_model_reference_level_error
#   datatype: float32
#   unit: mag
#   description: "Uncertainty of \\texttt{geomModelReferenceLevel}"
#   meta:
#     ucd: stat.error;phot.mag;em.opt
# - 
#   name: geom_model_gaussian1_phase
#   datatype: float32
#   description: Phase of the Gaussian 1 component
#   meta:
#     ucd: time.phase
# - 
#   name: geom_model_gaussian1_phase_error
#   datatype: float32
#   description: "Uncertainty of \\texttt{geomModelGaussian1Phase}"
#   meta:
#     ucd: stat.error;time.phase
# - 
#   name: geom_model_gaussian1_sigma
#   datatype: float32
#   description: "Standard deviation [phase] of Gaussian 1 component"
#   meta:
#     ucd: stat.stdev
# - 
#   name: geom_model_gaussian1_sigma_error
#   datatype: float32
#   description: "Uncertainty of \\texttt{geomModelGaussian1Sigma}"
#   meta:
#     ucd: stat.error
# - 
#   name: geom_model_gaussian1_depth
#   datatype: float32
#   unit: mag
#   description: Magnitude depth of Gaussian 1 component
#   meta:
#     ucd: src.var.amplitude
# - 
#   name: geom_model_gaussian1_depth_error
#   datatype: float32
#   unit: mag
#   description: "Uncertainty of \\texttt{geomModelGaussian1Depth}"
#   meta:
#     ucd: stat.error;src.var.amplitude
# - 
#   name: geom_model_gaussian2_phase
#   datatype: float32
#   description: Phase of Gaussian 2 component
#   meta:
#     ucd: time.phase
# - 
#   name: geom_model_gaussian2_phase_error
#   datatype: float32
#   description: "Uncertainty of \\texttt{geomModelGaussian2Phase}"
#   meta:
#     ucd: stat.error;time.phase
# - 
#   name: geom_model_gaussian2_sigma
#   datatype: float32
[...]
#   datatype: float32
#   description: "Secondary eclipse: uncertainty of \\texttt{derivedSecondaryEclDuration}"
#   meta:
#     ucd: stat.error;time.duration
# - 
#   name: derived_secondary_ecl_depth
#   datatype: float32
#   unit: mag
#   description: "Secondary eclipse: depth"
#   meta:
#     ucd: src.var.amplitude
# - 
#   name: derived_secondary_ecl_depth_error
#   datatype: float32
#   unit: mag
#   description: "Secondary eclipse: uncertainty of \\texttt{derivedSecondaryEclDepth}"
#   meta:
#     ucd: stat.error;src.var.amplitude
solution_id,source_id,global_ranking,reference_time,frequency,frequency_error,geom_model_reference_level,geom_model_reference_level_error,geom_model_gaussian1_phase,geom_model_gaussian1_phase_error,geom_model_gaussian1_sigma,geom_model_gaussian1_sigma_error,geom_model_gaussian1_depth,geom_model_gaussian1_depth_error,geom_model_gaussian2_phase,geom_model_gaussian2_phase_error,geom_model_gaussian2_sigma,geom_model_gaussian2_sigma_error,geom_model_gaussian2_depth,geom_model_gaussian2_depth_error,geom_model_cosine_half_period_amplitude,geom_model_cosine_half_period_amplitude_error,geom_model_cosine_half_period_phase,geom_model_cosine_half_period_phase_error,model_type,num_model_parameters,reduced_chi2,derived_primary_ecl_phase,derived_primary_ecl_phase_error,derived_primary_ecl_duration,derived_primary_ecl_duration_error,derived_primary_ecl_depth,derived_primary_ecl_depth_error,derived_secondary_ecl_phase,derived_secondary_ecl_phase_error,derived_secondary_ecl_duration,derived_secondary_ecl_duration_error,derived_secondary_ecl_depth,derived_secondary_ecl_depth_error
[from data line 182]
375316653866487564,2024719433890020224,0.42027512,2242.1409396381086,2.78562226034524,2.4831126E-5,15.971992,0.012530442,0.30773854,0.06792369,0.046660945,0.11191297,0.04025119,0.05180789,0.827843,0.0035811996,0.041917827,0.0056608897,0.15775467,0.033750243,null,null,null,null,"TWOGAUSSIANS",8,36.55464,0.827843,0.003549895,0.23473984,0.03170098,0.15775466,0.033718884,0.30773854,0.06792369,0.26130128,0.25785297,0.040251188,0.051813915
375316653866487564,2024719571328978560,0.5976052,2235.4457940650527,0.6609770905386316,7.062919E-6,16.21549,0.008521189,0.14191389,9.289406E-4,0.022763973,7.3091825E-4,0.6238598,0.03403978,0.5787011,0.059331335,0.1775019,0.1234618,0.01916793,0.008600226,null,null,null,null,"TWOGAUSSIANS",8,23.399641,0.14192389,9.2928665E-4,0.12747824,0.004093142,0.6240393,0.034090288,0.5787011,0.059331335,0.4,0.0,0.018294191,0.006264352
375316653866487564,2024719743127671808,0.51517165,2236.1128123666663,2.7008694434031444,1.4719393E-5,17.493565,0.012655221,0.20147209,0.0034024501,0.09242823,0.0075040823,0.24113724,0.012182861,0.708472,0.0044499906,0.09153084,0.0071351524,0.24436118,0.013609842,null,null,null,null,"TWOGAUSSIANS",8,12.515894,0.708472,0.0044499906,0.4,0.0,0.23347801,0.011145242,0.20147209,0.0034024501,0.4,0.0,0.23025401,0.011190214
375316653866487564,2024719773153682432,0.5280914,2235.252028473423,0.49777714858430233,1.880369E-5,18.194439,0.0018818254,0.22358489,0.0017583183,0.024191504,0.0015141551,0.2368485,0.014791439,0.7074919,0.01921003,0.03826633,0.010378423,0.03735598,0.023525482,null,null,null,null,"TWOGAUSSIANS",8,2.4551265,0.22358489,0.0017583183,0.13547242,0.008479268,0.2368485,0.014791439,0.7074919,0.01921003,0.21429145,0.05811917,0.03735598,0.023525482
375316653866487564,2024719773153684992,0.5017893,2224.999289121255,2.646905707952905,1.4339362E-5,18.105795,0.009017983,0.2560955,0.006198431,0.089709215,0.009096175,0.15535691,0.014537634,0.74711996,0.003354768,0.09869338,0.007814623,0.15146337,0.008725431,null,null,null,null,"TWOGAUSSIANS",8,3.7577271,0.2560955,0.006198431,0.4,0.0,0.14739288,0.013705567,0.74711996,0.003354768,0.4,0.0,0.14349853,0.0063406914
375316653866487564,2024720151102332160,0.5152152,2252.9217330568467,3.789893188508243,1.6655744E-5,19.13254,0.0072727953,0.30995712,0.0067326245,0.07374316,0.0062062982,0.4248329,0.02024633,0.80693513,0.0051847976,0.06613074,0.004302436,0.36324468,0.02442682,null,null,null,null,"TWOGAUSSIANS",8,3.9117253,0.30995712,0.0067326245,0.4,0.01432333,0.42360806,0.020324307,0.80693513,0.0051847976,0.37033218,0.024093641,0.36201984,0.024514008
375316653866487564,2024720808279998080,0.53510594,2262.211268237413,2.467330810984034,6.0473926E-6,19.56185,0.007534372,0.2732575,0.004399864,0.057668988,0.0034276391,0.66319984,0.06921986,0.7620287,0.0028320279,0.04872689,0.0024625298,0.53271306,0.017639969,null,null,null,null,"TWOGAUSSIANS",8,2.9062028,0.2732575,0.004399864,0.32294634,0.019194778,0.6631883,0.06922593,0.7620287,0.0028320279,0.2728706,0.013790167,0.5327015,0.017638976
375316653866487564,2024721048773731328,0.49425855,2253.020654083346,3.363438561647003,1.7244369E-5,18.810854,0.21438488,0.21957962,0.0026922158,0.123925716,0.028193109,0.373459,0.19925505,0.7169741,0.005243126,0.14167786,0.049632084,0.3464606,0.20501848,null,null,null,null,"TWOGAUSSIANS",8,2.891731,0.21966961,0.0026516367,0.4,0.0,0.25558525,0.010327815,0.7169741,0.005243126,0.4,0.0,0.22743458,0.014761593
375316653866487564,2024721632913798784,0.5878063,2255.870124550534,1.1248412113705044,3.7247503E-6,17.789427,0.00430819,0.29444632,0.001391456,0.023188772,0.0017799375,0.5575657,0.02292553,0.7941447,9.856101E-4,0.022047507,0.0015663432,0.768309,0.057482064,0.012120071,0.005359754,0.29444632,0.001391456,"TWOGAUSSIANS_WITH_ELLIPSOIDAL_ON_ECLIPSE1",9,14.373391,0.7941447,9.856101E-4,0.12346604,0.008771522,0.7925491,0.058657654,0.29444632,0.001391456,0.12985712,0.00996765,0.5818058,0.02012599
375316653866487564,2024722182646201088,0.5540579,2231.5077063395115,3.545883083292569,6.201204E-6,19.053408,0.0051111314,0.20348616,0.0012393289,0.06981497,0.0019341875,0.49221948,0.017147692,0.70524585,0.002622494,0.07274921,0.0034794563,0.5116455,0.02190583,null,null,null,null,"TWOGAUSSIANS",8,2.4082444,0.70524585,0.002622494,0.4,5.9429472E-5,0.509595,0.022278326,0.20348616,0.0012393289,0.39096382,0.01083145,0.49016893,0.017360235
375316653866487564,2024722526266619520,0.5108917,2236.299458810303,0.6931188134359073,1.09096745E-5,15.969227,0.0016021422,0.275736,0.008293888,0.009261974,0.007340047,0.019849623,0.026620433,0.7803887,0.0032651443,0.01895111,0.002261297,0.08318827,0.005218822,0.0055054096,0.0019620135,0.275736,0.008293888,"TWOGAUSSIANS_WITH_ELLIPSOIDAL_ON_ECLIPSE1",9,6.630128,0.7803887,0.0032651443,0.10612623,0.012663263,0.094189666,0.0045921174,0.275736,0.008293888,0.051867057,0.041104265,0.030860422,0.026925066
375316653866487564,2024723483997408640,0.5470295,2231.2511151118365,2.335860364762669,8.14984E-6,17.807188,0.0064282906,0.25499722,0.0038102563,0.091892906,0.005956404,0.16298212,0.0072550643,0.7520693,0.00192632,0.092300005,0.0043322514,0.2336224,0.007309532,null,null,null,null,"TWOGAUSSIANS",8,3.0338295,0.7520693,0.00192632,0.4,0.0,0.22425629,0.0071854424,0.25499722,0.0038102563,0.4,0.0,0.15361609,0.005960984
375316653866487564,2024723831912313856,0.52706087,2252.3656534938063,2.6987709852980846,1.240099E-5,19.704271,0.009307305,0.23762101,0.0058548115,0.0709921,0.0065884185,0.37902808,0.016466152,0.7349035,0.0032341997,0.07091812,0.0053515024,0.43742567,0.047240935,null,null,null,null,"TWOGAUSSIANS",8,1.9929516,0.7349035,0.0032341997,0.3971415,0.020571437,0.43589213,0.047856424,0.23762101,0.0058548115,0.39755574,0.023507385,0.37749457,0.01617908
375316653866487564,2024723831936703872,0.5770937,2227.3594598079035,1.7637230060583806,9.859886E-6,16.01796,0.007894102,0.21388051,0.0042022993,0.09132332,0.0060060383,0.2045257,0.010277494,0.7142389,0.0027802875,0.09000968,0.0046086097,0.3357211,0.008368251,null,null,null,null,"TWOGAUSSIANS",8,26.317963,0.7142389,0.0027802875,0.4,0.0,0.32415652,0.007241624,0.21388051,0.0042022993,0.4,0.0,0.19296113,0.00992731
375316653866487564,2024724068113140352,0.53253406,2226.9412231252422,0.6816769439177985,1.6785836E-5,18.438828,0.0023320809,0.74421144,0.0020579507,0.028363602,0.0012393447,0.3847383,0.03485166,null,null,null,null,null,null,null,null,null,null,"ONEGAUSSIAN",5,2.6895218,0.74421144,0.0020579507,0.15883617,0.00694033,0.3847383,0.0,null,null,null,null,null,null
375316653866487564,2024724072432228096,0.5171991,2249.093770204818,3.3481901867896613,1.7230075E-5,19.412746,0.031833585,0.22809203,0.0067420495,0.086277016,0.011339354,0.42084166,0.033057783,0.7403876,0.0058642877,0.08535068,0.011186948,0.39997336,0.029087052,null,null,null,null,"TWOGAUSSIANS",8,4.728343,0.22809203,0.0067420495,0.4,0.0,0.41130438,0.026464865,0.7403876,0.0058642877,0.4,0.0,0.3904361,0.02182369
375316653866487564,2024724209893847936,0.620658,2235.8532568446553,1.0799667912350648,5.7006396E-6,17.859652,0.0066180895,0.18994741,0.0013572094,0.03567731,0.0030562645,0.24134079,0.020115046,0.6908528,0.0013304674,0.03534693,0.0028661,1.1514717,0.11952201,0.06407786,0.008774303,0.18994741,0.0013572094,"TWOGAUSSIANS_WITH_ELLIPSOIDAL_ON_ECLIPSE1",9,5.9991164,0.6908528,0.0013304674,0.1979428,0.01605016,1.2796234,0.13088882,0.18994741,0.0013572094,0.19979294,0.01711508,0.3694965,0.017471757
375316653866487564,2024725236344134656,0.5770368,2235.107313487148,1.3919020808083233,9.644705E-6,15.751652,0.008714039,0.20725904,0.0019920797,0.086792044,0.004175827,0.2606578,0.008067487,0.69577056,0.003089755,0.08328115,0.0035321151,0.44395497,0.01053141,null,null,null,null,"TWOGAUSSIANS",8,56.18489,0.69577056,0.003089755,0.4,0.0,0.43664336,0.00889623,0.20725904,0.0019920797,0.4,0.0,0.25334615,0.0066532474
375316653866487564,2024725721722498304,0.5326594,2226.967111137522,1.4681935830344832,4.8862566E-6,15.835479,0.010937592,0.25728688,0.0012651922,0.037873197,0.0029295618,0.30789757,0.022821967,0.7751055,0.021428999,0.03454525,0.04416391,0.046416778,0.06027226,0.015170655,0.015418386,0.7751055,0.021428999,"TWOGAUSSIANS_WITH_ELLIPSOIDAL_ON_ECLIPSE2",9,64.08632,0.25748688,0.0010910444,0.21208991,0.016405545,0.33786428,0.009384317,0.7751055,0.021428999,0.1934534,0.2473179,0.07675808,0.081741475
375316653866487564,2024725790419359488,0.47563174,2246.1210230737365,2.153631561788444,1.3965789E-5,18.98034,1.3318647,0.19927427,0.0060814773,0.2429997,0.323024,0.6626161,1.3135499,0.7023305,0.0041359947,0.12179015,0.0585464,0.69173414,0.74325806,null,null,null,null,"TWOGAUSSIANS",8,3.1809554,0.7030305,0.003833339,0.4,0.0,0.37668636,0.024635566,0.19918427,0.0061380174,0.4,0.0,0.18853582,0.026860869
375316653866487564,2024727023050633472,0.4646024,2216.7359209099745,3.9171713465751092,2.3097406E-5,18.421255,0.0066720014,0.15410206,0.0010396661,0.0046079624,0.0029594447,0.5400848,369205.16,0.5086864,0.006270265,0.08554396,0.0084089795,0.20262192,0.017052572,null,null,null,null,"TWOGAUSSIANS",8,9.416426,0.15410206,0.0010396661,0.025804589,0.016572889,0.54012245,369205.16,0.5086864,0.006270265,0.4,0.0,0.2026219,0.017052604
375316653866487564,2024727267910580480,0.5280997,2258.4599860285557,1.0957748720591367,2.1686117E-5,15.8655815,0.0016847341,0.28620636,0.004377687,0.074816614,0.0055558486,0.12715533,0.008289459,0.78955984,0.0027755809,0.07444891,0.0040655853,0.049829878,0.002651414,null,null,null,null,"TWOGAUSSIANS",8,8.045729,0.28620636,0.004377687,0.4,0.0,0.12662005,0.008423706,0.78955984,0.0027755809,0.4,0.0,0.0492946,0.0026018291
375316653866487564,2024727886385968256,0.5434672,2257.9730278547063,1.1237604479509102,1.522878E-5,18.357723,0.0038614096,0.30748814,0.0025600854,0.034436215,0.0032484669,0.368512,0.02129557,0.7986432,0.0025774566,0.036169183,0.004053016,0.060799625,0.0044659073,null,null,null,null,"TWOGAUSSIANS",8,5.6052065,0.30748814,0.0025600854,0.19284281,0.018191414,0.368512,0.02129557,0.7986432,0.0025774566,0.20254742,0.02269689,0.060799625,0.0044659073
375316653866487564,2024727955105474560,0.6554464,2270.9664004216984,2.351930852931464,2.1188512E-6,16.61925,0.003083022,0.2801495,5.5460155E-4,0.08954629,0.0011702977,0.30771425,0.0032922537,0.78028727,0.0012650318,0.09616876,0.0021552388,0.2789505,0.0030758155,null,null,null,null,"TWOGAUSSIANS",8,2.0227654,0.2801495,5.5460155E-4,0.4,0.0,0.29216483,0.00252153,0.78028727,0.0012650318,0.4,0.0,0.26340044,0.0020481288
375316653866487564,2024728367398865024,0.53799903,2284.1808760919125,3.1228304378177394,1.0377779E-5,19.112652,0.009547001,0.22395347,0.0024567135,0.07013702,0.0030088325,0.48012546,0.02022098,0.7138538,0.0030509632,0.082432814,0.004501292,0.5243974,0.027415624,null,null,null,null,"TWOGAUSSIANS",8,4.9225492,0.7138538,0.0030509632,0.4,0.0,0.52064425,0.028145853,0.22395347,0.0024567135,0.39276728,0.016575059,0.47637233,0.020314975
375316653866487564,2024729123316190848,0.44172335,2269.230416052287,2.4000816706006205,1.1532639E-5,19.075151,0.34687248,0.29439262,0.0065960037,0.2060957,0.08449652,0.52701724,0.34226418,0.79406697,0.006213738,0.14927013,0.04917872,0.4997198,0.29151922,null,null,null,null,"TWOGAUSSIANS",8,4.105537,0.79406697,0.006162116,0.4,0.0,0.17994806,0.016129186,0.29444262,0.0070153433,0.4,0.0,0.15535015,0.023281526
375316653866487564,2024729668752408192,0.56767195,2228.9184066226862,1.6470791242977003,6.850369E-6,18.127764,0.009012519,0.23377204,0.0021812364,0.088868104,0.0046055703,0.29758894,0.009697546,0.7291143,0.0028729101,0.09765691,0.0055573466,0.2466784,0.008544972,null,null,null,null,"TWOGAUSSIANS",8,2.222197,0.23377204,0.0021812364,0.4,0.0,0.28374526,0.009549015,0.7291143,0.0028729101,0.4,0.0,0.23283376,0.006475286
375316653866487564,2024730355947151744,0.49307528,2247.4580301236747,2.6456429263903996,2.5588975E-5,17.927628,0.006876069,0.27917615,0.014119813,0.036120344,0.024044937,0.07669691,0.016944071,0.7473994,0.005299188,0.028325187,0.007380184,0.072118916,0.023927065,0.06048339,0.008870718,0.7473994,0.005299188,"TWOGAUSSIANS_WITH_ELLIPSOIDAL_ON_ECLIPSE2",9,10.740816,0.27478614,0.009364059,0.20227392,0.13465165,0.19355263,0.0205497,0.7473994,0.005299188,0.15862104,0.04132903,0.19308564,0.019167414
375316653866487564,2024730355947201408,0.49944335,2248.174649130075,0.43960214601713027,1.1450058E-5,17.633465,0.0051091104,0.263382,0.0028376025,0.022760104,0.0026365563,0.14379086,0.0125128245,0.45569742,0.072691426,0.05748653,0.2392826,0.012153874,0.011392791,0.015834277,0.0043051993,0.263382,0.0028376025,"TWOGAUSSIANS_WITH_ELLIPSOIDAL_ON_ECLIPSE1",9,7.332098,0.263392,0.0028233493,0.12745658,0.014764716,0.17550439,0.0116311805,0.45569742,0.072691426,0.32192457,0.3230832,0.016134836,0.017674832
375316653866487564,2024731592897977216,0.57543206,2262.941928420272,1.0929039122509192,9.809808E-6,17.790571,0.004070533,0.29413816,0.0015635261,0.042860072,0.002496058,0.42626047,0.01188255,0.8170135,0.010807774,0.060498208,0.010139034,0.058338176,0.0070517645,null,null,null,null,"TWOGAUSSIANS",8,4.6700416,0.29413816,0.0015635261,0.2400164,0.013977924,0.42625976,0.011882831,0.8170135,0.010807774,0.33878994,0.05677859,0.05833747,0.0070517
375316653866487564,2024731730336923776,0.5836822,2257.848277164122,2.537154598086155,6.1329974E-6,18.227121,0.00428962,0.22640625,0.0027440917,0.07815943,0.0027225183,0.46235833,0.008889885,0.72641814,0.0014429578,0.07892351,0.0017170194,0.4491164,0.00902347,null,null,null,null,"TWOGAUSSIANS",8,3.8199348,0.22640625,0.0027440917,0.4,0.0,0.45661053,0.008813624,0.72641814,0.0014429578,0.4,0.0,0.4433686,0.009055982
375316653866487564,2024732039574487296,0.5360185,2230.0784621911057,2.187940863413762,1.1173549E-5,18.347288,0.035511777,0.23731633,0.0036704538,0.10691471,0.014165832,0.20811976,0.033896837,0.73298717,0.005085352,0.1240351,0.019859659,0.19250822,0.032711722,null,null,null,null,"TWOGAUSSIANS",8,2.0932558,0.23734634,0.0036647124,0.4,0.0,0.17161262,0.005722679,0.73298717,0.005085352,0.4,0.0,0.15589358,0.0063098357
375316653866487564,2024732181353672192,0.5512828,2249.354046902242,2.4510037471604504,1.2784736E-5,18.073254,0.02373887,0.2650932,0.0031659,0.12405926,0.015470476,0.1623138,0.02139038,0.76343924,0.003519198,0.10633142,0.013346629,0.17156492,0.019744562,null,null,null,null,"TWOGAUSSIANS",8,1.4116158,0.76343924,0.003526391,0.4,0.0,0.14068279,0.0068882783,0.2650932,0.0031659,0.4,0.0,0.13134056,0.005765605
375316653866487564,2024732726769530624,0.55777067,2260.104549743895,1.3044385114896513,6.1758083E-6,17.876858,0.009684018,0.2439821,0.0020354881,0.08921716,0.0058718007,0.18577851,0.008234629,0.7430132,0.0043287273,0.10063185,0.009386832,0.109619714,0.009803936,null,null,null,null,"TWOGAUSSIANS",8,1.6818582,0.2439821,0.0020354881,0.4,0.0,0.17722894,0.0055182427,0.7430132,0.0043287273,0.4,0.0,0.10106924,0.0065732086
375316653866487564,2024732971605399808,0.45037666,2261.803731458018,0.6858422471938949,3.084834E-5,18.052677,0.019101316,0.2245054,0.012439429,0.10491525,0.018845849,0.1372563,0.019683013,0.7277533,0.00989478,0.07699446,0.019987067,0.1428648,0.018115954,null,null,null,null,"TWOGAUSSIANS",8,11.727254,0.7277533,0.00989478,0.4,9.0710225E-4,0.13687119,0.017493136,0.2245054,0.012439429,0.4,0.0,0.13125944,0.011757858
