Gaia/vari_eclipsing_binary/VariEclipsingBinary_662060-662107.csv
# %ECSV 1.0
# ---
# delimiter: ','
# meta: !!omap
# - RELEASE: Gaia DR3
# - TABLE: vari_eclipsing_binary
# - DESCRIPTION: >
#     This table describes the properties of the eclipsing binaries resulting from the variability analysis. 
# - CITATION: >
#     How to cite and acknowledge Gaia: 
#     https://gea.esac.esa.int/archive/documentation/credits.html 
# - KNOWN_ISSUES: >
#     Known issues: 
#     https://www.cosmos.esa.int/web/gaia-users/known-issues 
# - DOCUMENTATION: >
#     Tutorials and documentation: 
#     https://www.cosmos.esa.int/web/gaia-users/archive 
# datatype:
# - 
#   name: solution_id
#   datatype: int64
#   description: Solution Identifier
#   meta:
#     ucd: meta.version
# - 
#   name: source_id
#   datatype: int64
#   description: Unique source identifier
#   meta:
#     ucd: meta.id;meta.main
# - 
#   name: global_ranking
#   datatype: float32
#   description: Number between 0 (worst) and 1 (best)
#   meta:
#     ucd: stat.param
# - 
#   name: reference_time
#   datatype: float64
#   unit: d
#   description: Reference time used for the geometric model fit
#   meta:
#     ucd: time.epoch
# - 
#   name: frequency
#   datatype: float64
#   unit: d**-1
#   description: Frequency of geometric model of the eclipsing binary light curve
#   meta:
#     ucd: src.orbital
# - 
#   name: frequency_error
#   datatype: float32
#   unit: d**-1
#   description: "Uncertainty of \\texttt{frequency}"
#   meta:
#     ucd: stat.error
# - 
#   name: geom_model_reference_level
#   datatype: float32
#   unit: mag
#   description: Magnitude reference level of geometric model
#   meta:
#     ucd: phot.mag;em.opt
# - 
#   name: geom_model_reference_level_error
#   datatype: float32
#   unit: mag
#   description: "Uncertainty of \\texttt{geomModelReferenceLevel}"
#   meta:
#     ucd: stat.error;phot.mag;em.opt
# - 
#   name: geom_model_gaussian1_phase
#   datatype: float32
#   description: Phase of the Gaussian 1 component
#   meta:
#     ucd: time.phase
# - 
#   name: geom_model_gaussian1_phase_error
#   datatype: float32
#   description: "Uncertainty of \\texttt{geomModelGaussian1Phase}"
#   meta:
#     ucd: stat.error;time.phase
# - 
#   name: geom_model_gaussian1_sigma
#   datatype: float32
#   description: "Standard deviation [phase] of Gaussian 1 component"
#   meta:
#     ucd: stat.stdev
# - 
#   name: geom_model_gaussian1_sigma_error
#   datatype: float32
#   description: "Uncertainty of \\texttt{geomModelGaussian1Sigma}"
#   meta:
#     ucd: stat.error
# - 
#   name: geom_model_gaussian1_depth
#   datatype: float32
#   unit: mag
#   description: Magnitude depth of Gaussian 1 component
#   meta:
#     ucd: src.var.amplitude
# - 
#   name: geom_model_gaussian1_depth_error
#   datatype: float32
#   unit: mag
#   description: "Uncertainty of \\texttt{geomModelGaussian1Depth}"
#   meta:
#     ucd: stat.error;src.var.amplitude
# - 
#   name: geom_model_gaussian2_phase
#   datatype: float32
#   description: Phase of Gaussian 2 component
#   meta:
#     ucd: time.phase
# - 
#   name: geom_model_gaussian2_phase_error
#   datatype: float32
#   description: "Uncertainty of \\texttt{geomModelGaussian2Phase}"
#   meta:
#     ucd: stat.error;time.phase
# - 
#   name: geom_model_gaussian2_sigma
#   datatype: float32
[...]
#   datatype: float32
#   description: "Secondary eclipse: uncertainty of \\texttt{derivedSecondaryEclDuration}"
#   meta:
#     ucd: stat.error;time.duration
# - 
#   name: derived_secondary_ecl_depth
#   datatype: float32
#   unit: mag
#   description: "Secondary eclipse: depth"
#   meta:
#     ucd: src.var.amplitude
# - 
#   name: derived_secondary_ecl_depth_error
#   datatype: float32
#   unit: mag
#   description: "Secondary eclipse: uncertainty of \\texttt{derivedSecondaryEclDepth}"
#   meta:
#     ucd: stat.error;src.var.amplitude
solution_id,source_id,global_ranking,reference_time,frequency,frequency_error,geom_model_reference_level,geom_model_reference_level_error,geom_model_gaussian1_phase,geom_model_gaussian1_phase_error,geom_model_gaussian1_sigma,geom_model_gaussian1_sigma_error,geom_model_gaussian1_depth,geom_model_gaussian1_depth_error,geom_model_gaussian2_phase,geom_model_gaussian2_phase_error,geom_model_gaussian2_sigma,geom_model_gaussian2_sigma_error,geom_model_gaussian2_depth,geom_model_gaussian2_depth_error,geom_model_cosine_half_period_amplitude,geom_model_cosine_half_period_amplitude_error,geom_model_cosine_half_period_phase,geom_model_cosine_half_period_phase_error,model_type,num_model_parameters,reduced_chi2,derived_primary_ecl_phase,derived_primary_ecl_phase_error,derived_primary_ecl_duration,derived_primary_ecl_duration_error,derived_primary_ecl_depth,derived_primary_ecl_depth_error,derived_secondary_ecl_phase,derived_secondary_ecl_phase_error,derived_secondary_ecl_duration,derived_secondary_ecl_duration_error,derived_secondary_ecl_depth,derived_secondary_ecl_depth_error
[from data line 108]
375316653866487564,5823632403914943104,0.5355209,2248.2975878920247,0.99533010349831,6.2834483E-6,17.04978,0.005969541,0.25177282,0.0011019274,0.031975962,0.0014997134,0.33105734,0.015771735,0.7461025,0.006411211,0.032919183,0.007983604,0.10170742,0.0137203345,0.0077216635,0.008429852,0.25177282,0.0011019274,"TWOGAUSSIANS_WITH_ELLIPSOIDAL_ON_ECLIPSE1",9,23.966944,0.25177282,0.0011019274,0.17906539,0.008398395,0.34650064,0.010420394,0.7461725,0.006330331,0.18434744,0.04470818,0.117131375,0.014585836
375316653866487564,5823633808342169088,0.48901764,2225.1745365013835,0.03175855669148377,1.5039287E-4,18.845339,0.008022357,0.6119333,0.035257008,0.10611074,0.018304123,0.20759906,0.029868336,0.33449334,0.047248483,0.11132934,0.038847174,0.17239302,0.02669715,null,null,null,null,"TWOGAUSSIANS",8,3.6959014,0.6002533,0.0216163,0.4,0.0,0.21481575,0.017695863,0.35177335,0.060092155,0.4,0.0,0.17909788,0.024251156
375316653866487564,5823635388890600576,0.54670864,2240.299053555763,2.815903567144568,7.8029325E-6,17.41766,0.0069512627,0.21817602,0.0047141234,0.07955486,0.0052595823,0.28127846,0.014210478,0.7112312,0.0028710654,0.080865696,0.0034854386,0.35301745,0.010674242,null,null,null,null,"TWOGAUSSIANS",8,16.845617,0.7112312,0.0028710654,0.4,0.0,0.34874037,0.01028898,0.21817602,0.0047141234,0.4,0.0,0.27700135,0.014011912
375316653866487564,5823635771169436160,0.5214063,2256.394408978366,0.17702530868378583,1.7495362E-6,16.244165,0.0015731328,0.27128536,5.464022E-4,0.009609061,7.6393975E-4,0.331381,0.013089746,0.8437827,0.009232234,0.014379482,0.0035691452,0.102027774,0.030179217,null,null,null,null,"TWOGAUSSIANS",8,12.976116,0.27128536,5.464022E-4,0.05381074,0.004278063,0.331381,0.013089746,0.8437827,0.009232234,0.0805251,0.019987212,0.102027774,0.030179217
375316653866487564,5823636114766766080,0.6063417,2250.516187049479,3.1827182587967053,5.009272E-6,15.595883,0.006926137,0.20976283,0.0016695432,0.05549376,0.0061736144,0.09555725,0.014430364,0.70871276,0.0021521866,0.05693181,0.0048600743,0.11390405,0.014480235,0.04377142,0.007923265,0.20976283,0.0016695432,"TWOGAUSSIANS_WITH_ELLIPSOIDAL_ON_ECLIPSE1",9,10.451005,0.70888275,0.0017347409,0.31881812,0.027216416,0.20143305,0.0056872927,0.20976283,0.0016695432,0.31076506,0.03457224,0.18308944,0.0037403286
375316653866487564,5823636458364163072,0.65542656,2217.349386441938,2.492877548570975,1.489955E-6,13.393033,0.0048892945,0.26830643,5.093914E-4,0.04448289,0.0019749599,0.36105147,0.015284163,0.7662563,0.0028291983,0.05131407,0.0030636543,0.34945834,0.012179871,0.14234841,0.006345251,0.26830643,5.093914E-4,"TWOGAUSSIANS_WITH_ELLIPSOIDAL_ON_ECLIPSE1",9,102.65611,0.26830643,5.093914E-4,0.24910419,0.011059775,0.6457453,0.018326184,0.7665563,0.0024281247,0.28735882,0.017156465,0.6341117,0.008255442
375316653866487564,5823637248638206336,0.66469085,2280.454136879748,0.025551062512447133,1.5906518E-5,16.263283,9.3739695E-4,0.45177144,0.022901835,0.048955742,0.028652404,0.011582051,0.008949497,0.67785674,7.5113174E-4,6.749559E-4,4.2537876E-4,1.056409,0.5648794,0.0024102966,0.0010973916,0.67785674,7.5113174E-4,"TWOGAUSSIANS_WITH_ELLIPSOIDAL_ON_ECLIPSE2",9,3.2035146,0.67785674,7.5113174E-4,0.0037797529,0.002382121,1.0612298,0.56484735,0.45378143,0.021610826,0.27415216,0.16045347,0.01169907,0.009068269
375316653866487564,5823637832732678656,0.46533158,2257.1947421933014,0.03182783037375062,4.5880664E-5,19.273838,0.008326913,0.22775128,0.0058897934,0.056334764,0.007498165,0.21507768,0.038919464,0.5136428,0.017948454,0.14936148,0.024003388,0.2114946,0.013867882,null,null,null,null,"TWOGAUSSIANS",8,3.6462452,0.23462127,0.009636483,0.31547466,0.041989725,0.24875417,0.026067607,0.5136428,0.017948454,0.4,0.0,0.20982262,0.014497383
375316653866487564,5823639585100696064,0.5085613,2199.835328368779,2.0497596991916187,1.0396522E-5,18.787527,0.009775257,0.269193,0.0042731753,0.08160065,0.006665759,0.16655688,0.012021147,0.75913924,0.0034064085,0.07556076,0.0057917577,0.23011765,0.009878363,null,null,null,null,"TWOGAUSSIANS",8,2.8942509,0.75913924,0.0034064085,0.4,0.0,0.22811437,0.008856973,0.269193,0.0042731753,0.4,0.0,0.1645536,0.01129898
375316653866487564,5823639890018001664,0.58420074,2210.536671735153,3.964157129883225,3.9528736E-6,19.003843,0.004267683,0.24452756,0.0015599641,0.07130304,0.0025142636,0.58351475,0.020586642,0.7454754,0.0011245442,0.06324156,0.0011215725,0.68477845,0.010732939,null,null,null,null,"TWOGAUSSIANS",8,2.6074173,0.7454754,0.0011245442,0.35415274,0.006280806,0.68355274,0.0107134245,0.24452756,0.0015599641,0.39929703,0.009726744,0.58228904,0.020812107
375316653866487564,5823641642359485824,0.5029341,2218.8091293503276,2.874364174799926,9.970833E-6,18.88982,0.016807621,0.23793195,0.006307997,0.093717285,0.010421409,0.32209447,0.022124417,0.74942607,0.005741312,0.08680047,0.009483995,0.3167722,0.01880504,null,null,null,null,"TWOGAUSSIANS",8,7.6986346,0.23793195,0.006307997,0.4,0.0,0.31056544,0.023113294,0.74942607,0.005741312,0.4,0.0,0.3052436,0.017120536
375316653866487564,5823641814162217600,0.5355798,2231.0724407795215,2.5248147267345225,8.786525E-6,18.948168,0.0056810384,0.24131809,0.0022633674,0.06672461,0.003306841,0.36690938,0.012137046,0.7363278,0.0075771036,0.06369463,0.007915891,0.14218117,0.03340998,null,null,null,null,"TWOGAUSSIANS",8,2.6883512,0.24131809,0.0022633674,0.37365782,0.01851831,0.36665493,0.012153783,0.7363278,0.0075771036,0.35668993,0.044328988,0.14192672,0.033507627
375316653866487564,5823642535716508416,0.58324975,2230.4583825768595,0.5049335000842428,3.0866258E-6,17.697422,0.001873164,0.22020447,9.678186E-4,0.020812415,0.0013062868,0.4194572,0.023552122,0.7154472,0.023621695,0.018010382,0.024339318,0.043438993,0.34701228,0.020336507,0.0030950569,0.22020447,9.678186E-4,"TWOGAUSSIANS_WITH_ELLIPSOIDAL_ON_ECLIPSE1",9,4.076714,0.22020447,9.678186E-4,0.11654953,0.0073152063,0.46013013,0.023874838,0.71555716,0.023497706,0.10085813,0.13630018,0.08407644,0.3476518
375316653866487564,5823642673155570432,0.5457169,2220.244934175293,1.709281497107422,2.5753375E-6,16.89789,0.017629609,0.2674864,0.0012459597,0.20347552,0.003751739,0.4543417,0.017480291,0.7671422,0.0011915329,0.17445402,0.002245678,0.4252239,0.013639347,null,null,null,null,"TWOGAUSSIANS",8,1.7085159,0.7671422,0.0011915329,0.4,0.0,0.103665136,0.0010928093,0.2676364,0.0012954709,0.4,0.0,0.10239854,0.0011263109
375316653866487564,5823643089772484608,0.46612573,2233.6078831042437,0.7121468925570072,2.007619E-5,19.08583,0.005183427,0.3663056,0.0107810125,0.015773825,0.01440018,0.36892897,0.27471608,0.8693942,0.012445034,0.020683205,0.0045815026,0.4745993,0.18679702,null,null,null,null,"TWOGAUSSIANS",8,6.109529,0.8693942,0.012445034,0.11582595,0.025656415,0.4745993,0.18679702,0.3663056,0.0107810125,0.08833342,0.08064101,0.36892897,0.27471608
375316653866487564,5823645494975838848,0.6076346,2215.7590212373593,1.653397235061718,3.0700678E-6,16.213026,0.0019206381,0.2872393,7.295923E-4,0.049559154,0.0014180152,0.17618297,0.0043188003,0.7836068,0.0037871867,0.04326436,0.0053569796,0.027861727,0.0059034624,0.013551241,0.002380207,0.2872393,7.295923E-4,"TWOGAUSSIANS_WITH_ELLIPSOIDAL_ON_ECLIPSE1",9,3.4816163,0.2872393,7.295923E-4,0.27753127,0.007940886,0.2032849,0.003384485,0.7840668,0.00331747,0.24228042,0.029999085,0.054951306,0.004381271
375316653866487564,5823646869344305408,0.55252576,2186.8018992943944,3.3723516402860714,9.965331E-6,18.70818,0.0050396733,0.23622422,0.0032475956,0.08368253,0.0028078803,0.3099016,0.012283998,0.74148726,0.0042740474,0.07750954,0.0048408136,0.27311686,0.011807598,null,null,null,null,"TWOGAUSSIANS",8,2.0065203,0.23622422,0.0032475956,0.4,0.0,0.30561605,0.012055856,0.74148726,0.0042740474,0.4,0.0,0.2688313,0.01188329
375316653866487564,5823647762719062016,0.557076,2257.530283741735,0.15904844924951456,2.2411255E-6,16.207602,0.009542816,0.17771637,9.26019E-4,0.01638111,9.577628E-4,0.92617357,0.05214455,0.9271183,0.12597653,0.016628379,0.058401175,0.18242149,0.9771824,0.029242462,0.020669667,0.17771637,9.26019E-4,"TWOGAUSSIANS_WITH_ELLIPSOIDAL_ON_ECLIPSE1",9,223.298,0.17771637,9.26019E-4,0.09173421,0.005363472,0.9846583,0.059069477,0.9271183,0.12597653,0.09311892,0.3270466,0.18242213,0.9961701
375316653866487564,5823649888698892800,0.48959675,2232.087911595287,3.471361536182253,1.25534225E-5,18.60248,0.03718151,0.23111504,0.005559459,0.11937158,0.018101577,0.17385712,0.035315964,0.71592534,0.006001427,0.119998045,0.018666252,0.20393467,0.033416603,null,null,null,null,"TWOGAUSSIANS",8,2.5812902,0.71592534,0.006001427,0.4,0.0,0.1668663,0.009633505,0.23121504,0.0055228444,0.4,0.0,0.13680609,0.009091568
375316653866487564,5823650782057926016,0.4145283,2250.0410334156204,0.6427126243488851,1.5758983E-4,18.576784,0.02827314,0.2938065,0.011335401,0.09973337,0.033780947,0.09202207,0.025505787,0.7893407,0.013632033,0.06756601,0.024160352,0.106487244,0.046055466,null,null,null,null,"TWOGAUSSIANS",8,8.172141,0.7893407,0.013632033,0.37836966,0.09383567,0.10446371,0.043225784,0.2938065,0.011335401,0.4,0.0,0.08999787,0.016130935
375316653866487564,5823651095600217984,0.5392442,2267.1836125833893,2.8864068688538715,6.47745E-6,19.845758,0.008673745,0.26858115,0.003926875,0.077263966,0.004334069,0.44284987,0.020099463,0.75837195,0.0023640378,0.07511037,0.0035330015,0.51270074,0.020019952,null,null,null,null,"TWOGAUSSIANS",8,1.6632569,0.75837195,0.0023640378,0.4,0.0,0.5092026,0.020286893,0.26858115,0.003926875,0.4,0.0,0.43935174,0.020174997
375316653866487564,5823653500795440384,0.5375379,2279.888956503067,2.832466011720989,7.631911E-6,16.867456,0.013756864,0.2555115,0.002219958,0.08921954,0.005043286,0.30292115,0.013717123,0.7491892,0.0037493976,0.097800076,0.0065439707,0.27560362,0.014374534,null,null,null,null,"TWOGAUSSIANS",8,25.497185,0.2555115,0.002219958,0.4,0.0,0.28818056,0.009822218,0.7491892,0.0037493976,0.4,0.0,0.26086193,0.009967498
375316653866487564,5823654600313018496,0.5923492,2266.6903959128576,0.44938811460431766,7.127127E-6,17.061886,0.0021258665,0.3534377,2.7786035E-4,0.015684282,7.2376203E-4,0.56743723,0.005152492,0.8533801,0.0011162503,0.015696624,9.679131E-4,0.5105064,0.06542774,null,null,null,null,"TWOGAUSSIANS",8,12.006881,0.3534377,2.7786035E-4,0.08783198,0.0040530674,0.56743723,0.005152492,0.8533801,0.0011162503,0.0879011,0.005420313,0.5105064,0.06542774
375316653866487564,5823656485769298560,0.5137382,2222.675972419942,1.3136178701102754,1.0851227E-5,18.307022,0.005092806,0.2976307,0.0013805685,0.027969519,0.0010380414,0.6272645,0.02717877,0.79847026,0.005926748,0.020137463,0.006892264,0.2693197,0.096200824,null,null,null,null,"TWOGAUSSIANS",8,12.982066,0.2976307,0.0013805685,0.15662931,0.005813032,0.6272645,0.02717877,0.79847026,0.005926748,0.11276979,0.03859668,0.2693197,0.096200824
375316653866487564,5823656868050331648,0.5546348,2285.3061361533237,0.08295692031380414,2.746241E-5,18.024912,0.0014287211,0.5808895,1.6854248E-5,0.0028170256,2.8758594E-5,0.65359616,0.0041282405,0.73912114,0.005676748,0.016686853,0.0040212753,0.0235227,0.007329267,null,null,null,null,"TWOGAUSSIANS",8,2.2390594,0.5808895,1.6854248E-5,0.015775343,1.6104813E-4,0.65359616,0.0041282405,0.73912114,0.005676748,0.09344638,0.022519141,0.0235227,0.007329267
375316653866487564,5823657005489017216,0.683675,2261.816398352776,2.020494521167449,1.5543328E-6,15.659701,5.5449276E-4,0.41510624,0.040374603,0.021329833,0.019252824,0.008959296,0.038238693,0.7204318,3.9678538E-4,0.058528904,4.892248E-4,0.19549873,0.0018564571,0.051326,6.7839905E-4,0.7204318,3.9678538E-4,"TWOGAUSSIANS_WITH_ELLIPSOIDAL_ON_ECLIPSE2",9,2.722665,0.7204318,3.9678538E-4,0.32776186,0.0027396588,0.29812902,0.0017550421,0.22043625,0.30365434,0.11944707,0.10781581,0.1026303,0.10376208
375316653866487564,5823657246007214592,0.5539238,2250.0212948880003,3.1597814958226813,5.8391893E-6,16.105074,0.021508653,0.26279974,0.004219154,0.108635165,0.0106054135,0.27388477,0.018213103,0.7477136,0.005662951,0.10726001,0.011500232,0.2513457,0.020206533,null,null,null,null,"TWOGAUSSIANS",8,32.18719,0.26280975,0.0042307787,0.4,0.0,0.2434186,0.008125578,0.7477136,0.005662951,0.4,0.0,0.2208844,0.008921286
375316653866487564,5823658208079873792,0.46424448,2260.9726284869016,0.47222915567085333,6.160948E-6,14.43345,0.0018061387,0.12964381,0.0018789988,8.602889E-4,7.663199E-4,0.19006757,0.34268758,0.64563054,0.005576881,0.027990337,0.0034166742,0.17488098,0.016928397,0.005765887,0.002573527,0.12964381,0.0018789988,"TWOGAUSSIANS_WITH_ELLIPSOIDAL_ON_ECLIPSE1",9,90.95466,0.12964381,0.0018789988,0.004817618,0.0042913915,0.20159931,0.34258318,0.64563054,0.005576881,0.1567459,0.019133376,0.18629676,0.016915293
375316653866487564,5823658306842050816,0.59234047,2252.0914578857146,3.0162894471716446,5.0121853E-6,16.063688,0.011162018,0.26493013,0.0018636899,0.047695737,0.0035325638,0.32173577,0.03137071,0.76512426,0.0024544608,0.05047614,0.0041770022,0.3124644,0.02429714,0.09940374,0.013527182,0.26493013,0.0018636899,"TWOGAUSSIANS_WITH_ELLIPSOIDAL_ON_ECLIPSE1",9,52.011715,0.26493013,0.0018636899,0.26709613,0.019782357,0.52054137,0.024589334,0.76512426,0.0023105755,0.2826664,0.023391211,0.5112697,0.015405994
375316653866487564,5823659582469477760,0.52775556,2249.5601301077522,4.008164956273881,1.7365948E-5,17.967142,0.047312696,0.26696977,0.004380153,0.050048757,0.016898382,0.32614598,0.07892792,0.75232583,0.011351024,0.033201925,0.019438814,0.30422434,0.10341318,0.111931324,0.053958066,0.26696977,0.004380153,"TWOGAUSSIANS_WITH_ELLIPSOIDAL_ON_ECLIPSE1",9,28.291758,0.26696977,0.004380153,0.28027305,0.09463094,0.55000734,0.040855788,0.75320584,0.01051344,0.18593079,0.10885736,0.5263088,0.117748454
375316653866487564,5823659926066915968,0.5329771,2239.4909305267183,2.5245174855926655,1.041567E-5,16.464655,0.027928073,0.23743138,0.0047779805,0.10884874,0.0121651655,0.31637758,0.027074626,0.7406853,0.003046808,0.09562712,0.009146649,0.36059067,0.023912136,null,null,null,null,"TWOGAUSSIANS",8,55.918938,0.7406853,0.0030536691,0.4,0.0,0.3281861,0.01202224,0.23743138,0.0047779805,0.4,0.0,0.28395715,0.017887944
375316653866487564,5823662640486286720,0.5351001,2218.3878831999505,2.809232031811557,7.731783E-6,18.305683,0.007135044,0.26343232,0.0033052682,0.0829418,0.0044642403,0.2583407,0.011904983,0.7581136,0.0025131828,0.08355707,0.0043217684,0.2857525,0.00855431,null,null,null,null,"TWOGAUSSIANS",8,3.1374168,0.7581136,0.0025131828,0.4,0.0,0.28032005,0.008244616,0.26343232,0.0033052682,0.4,0.0,0.25290823,0.011828239
375316653866487564,5823663533839499392,0.62193,2241.811001089363,1.4685210352491995,4.9290184E-6,14.566573,0.007434689,0.24138677,0.0017191118,0.10215374,0.005085226,0.2249011,0.0072933566,0.73812115,0.0017020373,0.094937526,0.0034245676,0.29956993,0.007222251,null,null,null,null,"TWOGAUSSIANS",8,35.382717,0.73812115,0.0017020373,0.4,0.0,0.2798211,0.0061611463,0.24138677,0.0017191118,0.4,0.0,0.20514998,0.0074460944
375316653866487564,5823664324113536256,0.5386905,2258.2110687086843,1.423930951432187,6.8708846E-6,15.595501,0.0010889053,0.29107893,0.0014547325,0.040364724,0.0020943107,0.09050903,0.0047823666,0.79103535,0.0091868015,0.024254287,0.009944073,0.024612207,0.008522391,0.012107143,0.0017156121,0.29107893,0.0014547325,"TWOGAUSSIANS_WITH_ELLIPSOIDAL_ON_ECLIPSE1",9,8.635907,0.29107893,0.0014547325,0.22604246,0.0117281405,0.11472332,0.0048324983,0.79103535,0.0090826005,0.13582401,0.05568681,0.04882649,0.008793468
