Gaia/vari_eclipsing_binary/VariEclipsingBinary_495476-495797.csv
# %ECSV 1.0
# ---
# delimiter: ','
# meta: !!omap
# - RELEASE: Gaia DR3
# - TABLE: vari_eclipsing_binary
# - DESCRIPTION: >
#     This table describes the properties of the eclipsing binaries resulting from the variability analysis. 
# - CITATION: >
#     How to cite and acknowledge Gaia: 
#     https://gea.esac.esa.int/archive/documentation/credits.html 
# - KNOWN_ISSUES: >
#     Known issues: 
#     https://www.cosmos.esa.int/web/gaia-users/known-issues 
# - DOCUMENTATION: >
#     Tutorials and documentation: 
#     https://www.cosmos.esa.int/web/gaia-users/archive 
# datatype:
# - 
#   name: solution_id
#   datatype: int64
#   description: Solution Identifier
#   meta:
#     ucd: meta.version
# - 
#   name: source_id
#   datatype: int64
#   description: Unique source identifier
#   meta:
#     ucd: meta.id;meta.main
# - 
#   name: global_ranking
#   datatype: float32
#   description: Number between 0 (worst) and 1 (best)
#   meta:
#     ucd: stat.param
# - 
#   name: reference_time
#   datatype: float64
#   unit: d
#   description: Reference time used for the geometric model fit
#   meta:
#     ucd: time.epoch
# - 
#   name: frequency
#   datatype: float64
#   unit: d**-1
#   description: Frequency of geometric model of the eclipsing binary light curve
#   meta:
#     ucd: src.orbital
# - 
#   name: frequency_error
#   datatype: float32
#   unit: d**-1
#   description: "Uncertainty of \\texttt{frequency}"
#   meta:
#     ucd: stat.error
# - 
#   name: geom_model_reference_level
#   datatype: float32
#   unit: mag
#   description: Magnitude reference level of geometric model
#   meta:
#     ucd: phot.mag;em.opt
# - 
#   name: geom_model_reference_level_error
#   datatype: float32
#   unit: mag
#   description: "Uncertainty of \\texttt{geomModelReferenceLevel}"
#   meta:
#     ucd: stat.error;phot.mag;em.opt
# - 
#   name: geom_model_gaussian1_phase
#   datatype: float32
#   description: Phase of the Gaussian 1 component
#   meta:
#     ucd: time.phase
# - 
#   name: geom_model_gaussian1_phase_error
#   datatype: float32
#   description: "Uncertainty of \\texttt{geomModelGaussian1Phase}"
#   meta:
#     ucd: stat.error;time.phase
# - 
#   name: geom_model_gaussian1_sigma
#   datatype: float32
#   description: "Standard deviation [phase] of Gaussian 1 component"
#   meta:
#     ucd: stat.stdev
# - 
#   name: geom_model_gaussian1_sigma_error
#   datatype: float32
#   description: "Uncertainty of \\texttt{geomModelGaussian1Sigma}"
#   meta:
#     ucd: stat.error
# - 
#   name: geom_model_gaussian1_depth
#   datatype: float32
#   unit: mag
#   description: Magnitude depth of Gaussian 1 component
#   meta:
#     ucd: src.var.amplitude
# - 
#   name: geom_model_gaussian1_depth_error
#   datatype: float32
#   unit: mag
#   description: "Uncertainty of \\texttt{geomModelGaussian1Depth}"
#   meta:
#     ucd: stat.error;src.var.amplitude
# - 
#   name: geom_model_gaussian2_phase
#   datatype: float32
#   description: Phase of Gaussian 2 component
#   meta:
#     ucd: time.phase
# - 
#   name: geom_model_gaussian2_phase_error
#   datatype: float32
#   description: "Uncertainty of \\texttt{geomModelGaussian2Phase}"
#   meta:
#     ucd: stat.error;time.phase
# - 
#   name: geom_model_gaussian2_sigma
#   datatype: float32
[...]
#   datatype: float32
#   description: "Secondary eclipse: uncertainty of \\texttt{derivedSecondaryEclDuration}"
#   meta:
#     ucd: stat.error;time.duration
# - 
#   name: derived_secondary_ecl_depth
#   datatype: float32
#   unit: mag
#   description: "Secondary eclipse: depth"
#   meta:
#     ucd: src.var.amplitude
# - 
#   name: derived_secondary_ecl_depth_error
#   datatype: float32
#   unit: mag
#   description: "Secondary eclipse: uncertainty of \\texttt{derivedSecondaryEclDepth}"
#   meta:
#     ucd: stat.error;src.var.amplitude
solution_id,source_id,global_ranking,reference_time,frequency,frequency_error,geom_model_reference_level,geom_model_reference_level_error,geom_model_gaussian1_phase,geom_model_gaussian1_phase_error,geom_model_gaussian1_sigma,geom_model_gaussian1_sigma_error,geom_model_gaussian1_depth,geom_model_gaussian1_depth_error,geom_model_gaussian2_phase,geom_model_gaussian2_phase_error,geom_model_gaussian2_sigma,geom_model_gaussian2_sigma_error,geom_model_gaussian2_depth,geom_model_gaussian2_depth_error,geom_model_cosine_half_period_amplitude,geom_model_cosine_half_period_amplitude_error,geom_model_cosine_half_period_phase,geom_model_cosine_half_period_phase_error,model_type,num_model_parameters,reduced_chi2,derived_primary_ecl_phase,derived_primary_ecl_phase_error,derived_primary_ecl_duration,derived_primary_ecl_duration_error,derived_primary_ecl_depth,derived_primary_ecl_depth_error,derived_secondary_ecl_phase,derived_secondary_ecl_phase_error,derived_secondary_ecl_duration,derived_secondary_ecl_duration_error,derived_secondary_ecl_depth,derived_secondary_ecl_depth_error
[from data line 364]
375316653866487564,4360728781518592384,0.6359613,2181.3324693683285,3.6098040164701923,7.0066285E-6,16.060492,0.012523246,0.22316913,0.0015205824,0.04731074,0.005064686,0.26078263,0.029190492,0.71804017,0.0066475053,0.05352043,0.007510275,0.348635,0.026886176,0.09876227,0.015215307,0.22316913,0.0015205824,"TWOGAUSSIANS_WITH_ELLIPSOIDAL_ON_ECLIPSE1",9,27.096249,0.7186202,0.005975014,0.29971442,0.04205754,0.54597306,0.009808964,0.22316913,0.0015205824,0.26494014,0.02836224,0.4583025,0.02547953
375316653866487564,4360731083621128320,0.6406428,2221.046755297001,1.0027872285119421,8.024051E-6,17.513937,0.002334156,0.25017604,0.0012759832,0.047404792,0.0016092303,0.22678675,0.007779097,0.75033635,0.0013298031,0.037409604,9.7481377E-4,0.52325267,0.03086569,null,null,null,null,"TWOGAUSSIANS",8,2.2748878,0.75033635,0.0013298031,0.20949379,0.005458957,0.52325267,0.030865693,0.25017604,0.0012759832,0.26546684,0.00901169,0.22678673,0.0077791046
375316653866487564,4360731599017177472,0.45808128,2203.093377946333,2.3540425005917656,6.7307126E-5,17.985518,0.21179049,0.20880063,0.018627102,0.0982945,0.038831804,0.21240427,0.12058912,0.71188074,0.008667255,0.16855332,0.12275843,0.16147235,0.20771411,null,null,null,null,"TWOGAUSSIANS",8,8.243852,0.20864064,0.018938148,0.4,0.029396554,0.15959261,0.03377045,0.71188074,0.00866562,0.4,0.0,0.10469071,0.011620686
375316653866487564,4360734450875506432,0.49536285,2249.6836461551543,1.1228646640279747,5.7099478E-5,18.579918,0.006458679,0.27308774,0.04821568,0.046793967,0.015664563,0.8110496,1.4559762,0.6723123,0.018344108,0.0626462,0.03204702,0.023204418,0.0055388366,null,null,null,null,"TWOGAUSSIANS",8,1.6009468,0.27308774,0.04821568,0.26204622,0.08772155,0.8110495,1.4559782,0.6723123,0.018344108,0.35081872,0.15609477,0.02320436,0.005537126
375316653866487564,4360736370724420736,0.51471335,2223.151761325172,3.7839333736440026,7.7134835E-5,19.791101,0.03032855,0.26107824,0.01691333,0.077179536,0.01815303,0.35089666,0.068052165,0.7837785,0.00609105,0.069941595,0.015616121,0.38360697,0.042090055,null,null,null,null,"TWOGAUSSIANS",8,2.57584,0.7837785,0.00609105,0.39167294,0.060850862,0.38227963,0.043189377,0.26107824,0.01691333,0.4,0.016360478,0.34956935,0.06814285
375316653866487564,4360742899072742016,0.5481702,2145.29631965216,3.5431940047502426,1.6858783E-5,19.090036,0.01014515,0.24235715,0.009201781,0.06741705,0.008271076,0.6128611,0.11795931,0.75300986,0.0068979394,0.07986502,0.0069843833,0.36892366,0.044137985,null,null,null,null,"TWOGAUSSIANS",8,2.349796,0.24235715,0.009201781,0.37753546,0.037529252,0.6105977,0.11936727,0.75300986,0.0068979394,0.4,0.0,0.3666603,0.04459921
375316653866487564,4360747056601143168,0.5405879,2213.8048536049987,0.3644714065570839,1.13810616E-4,18.070251,0.0033224311,0.6464667,0.0055336272,0.033646274,0.0044803247,0.27087688,0.01696422,null,null,null,null,null,null,null,null,null,null,"ONEGAUSSIAN",5,4.3585825,0.6464667,0.0055336272,0.18841913,0.025089819,0.27087688,0.0,null,null,null,null,null,null
375316653866487564,4360750801812740096,0.5089537,2225.8625634275368,3.717172669714984,3.1538315E-5,19.672699,0.02690996,0.24167873,0.017804721,0.08308299,0.018180506,0.3678916,0.04953538,0.75447387,0.005018928,0.07291966,0.0076491567,0.35919017,0.03096226,null,null,null,null,"TWOGAUSSIANS",8,2.53712,0.24167873,0.017804721,0.4,0.0,0.3646209,0.0460801,0.75447387,0.005018928,0.4,0.008582073,0.35591948,0.027170932
375316653866487564,4360756063149617280,0.5858425,2222.098841705855,3.112375895403487,1.0145209E-5,17.646326,0.00603666,0.24717511,0.005707041,0.06505788,0.00999283,0.2050906,0.015890077,0.7564254,0.002945355,0.09584791,0.0034061251,0.34096345,0.008109477,null,null,null,null,"TWOGAUSSIANS",8,4.2275743,0.7564254,0.002945355,0.4,0.0,0.3373216,0.007180545,0.24717511,0.005707041,0.36432412,0.05595985,0.20144969,0.0171705
375316653866487564,4360765168480477440,0.51402867,2271.404431433991,1.5935345088553419,3.2556836E-5,14.812412,0.013133958,0.24373779,0.009363515,0.11309867,0.021336159,0.050948054,0.013077666,0.7088483,0.0049759075,0.1273774,0.022025114,0.06820218,0.012128185,null,null,null,null,"TWOGAUSSIANS",8,13.715079,0.7088483,0.0049759075,0.4,0.0,0.05821959,0.0022052797,0.24428777,0.009542019,0.4,0.0,0.041051432,0.004296777
375316653866487564,4360769394728123008,0.556202,2226.354683142114,2.906503654858234,9.2146565E-6,16.062721,0.005728133,0.18101473,0.0056190966,0.012288304,0.013344817,0.565885,3.0182617,0.67540234,0.0028199016,0.0545955,0.005036567,0.08712638,0.015943492,0.09089484,0.0077177077,0.67540234,0.0028199016,"TWOGAUSSIANS_WITH_ELLIPSOIDAL_ON_ECLIPSE2",9,19.488235,0.18099473,0.0054847375,0.0688145,0.07473098,0.74744713,3.0238745,0.67540234,0.0028199016,0.3057348,0.028204773,0.26891363,0.010679129
375316653866487564,4360769699668512128,0.5502183,2223.123471495304,3.781090311609856,1.4657924E-5,18.27941,0.0066734916,0.21782081,0.0021051415,0.07524017,0.0037470704,0.3062242,0.007876651,0.7235285,0.00836251,0.0778643,0.012894258,0.31178302,0.030750215,null,null,null,null,"TWOGAUSSIANS",8,3.6711671,0.7235285,0.00836251,0.4,0.0,0.30914116,0.033167347,0.21782081,0.0021051415,0.4,0.0,0.3035823,0.0073118745
375316653866487564,4360771387592953984,0.45274428,2219.8188693749894,2.336875715897125,6.594794E-5,19.10205,0.009444755,0.31659135,0.019449169,0.07959248,0.015066342,0.17843427,0.015282558,0.7556979,0.00916058,0.049984373,0.019166557,0.113416925,0.0121640675,null,null,null,null,"TWOGAUSSIANS",8,2.3911867,0.31659135,0.019449169,0.4,0.0,0.17840935,0.0152881,0.7556979,0.00916058,0.2799125,0.10733272,0.113392055,0.012345967
375316653866487564,4360776541553739136,0.46100742,2222.967167827419,2.5248658894278555,3.757846E-5,16.7821,0.06480474,0.24807031,0.011519502,0.11897576,0.038107004,0.19735682,0.06410271,0.7517162,0.008160107,0.10067113,0.024961175,0.2540246,0.057900768,null,null,null,null,"TWOGAUSSIANS",8,56.3852,0.7517262,0.008184303,0.4,0.0,0.22237957,0.025390727,0.24807031,0.011526245,0.4,0.0,0.16565591,0.021609714
375316653866487564,4360777503624533376,0.5469483,2245.1089655506494,2.8189424650020145,3.2861353E-5,19.769888,0.020672495,0.27145267,0.009929979,0.08507317,0.008956908,0.5722673,0.17352952,0.76718175,0.007415473,0.08702246,0.009105623,0.44554245,0.062441483,null,null,null,null,"TWOGAUSSIANS",8,0.8872351,0.27145267,0.009929979,0.4,0.0,0.5585043,0.17560557,0.76718175,0.007415473,0.4,0.0,0.4317794,0.06321202
375316653866487564,4360795301968491776,0.5326574,2164.4092850198567,2.2714500112946916,5.644423E-5,19.748766,0.023982937,0.3479814,0.029714325,0.040762745,0.027351245,0.9542606,0.41072595,0.8426733,0.014862763,0.042212475,0.023169264,0.1879832,0.072807826,null,null,null,null,"TWOGAUSSIANS",8,3.1778684,0.3479814,0.029714325,0.22827137,0.15316698,0.9542606,0.4107538,0.8426733,0.014862763,0.23638986,0.12974787,0.1879832,0.07280516
375316653866487564,4360801826026398336,0.61162037,2193.49099767081,3.9143844059597996,5.6818517E-6,17.856977,0.00944039,0.3311678,0.0016095531,0.08700876,0.0025195798,0.35153514,0.0097648315,0.8280536,0.0011159901,0.083688915,0.0037283825,0.37900814,0.01604078,null,null,null,null,"TWOGAUSSIANS",8,2.0196464,0.8280536,0.0011159901,0.4,0.0,0.36953473,0.01693379,0.3311678,0.0016095531,0.4,0.0,0.34206167,0.007551402
375316653866487564,4360806017912775808,0.5911915,2243.1378697620034,3.4368354697339285,9.351857E-6,18.680841,0.013053388,0.28607967,0.008274202,0.06595002,0.00980777,0.5265105,0.039742067,0.78887945,0.0035287472,0.0675051,0.0047710026,0.46167365,0.027824523,null,null,null,null,"TWOGAUSSIANS",8,3.853469,0.28607967,0.008274202,0.36932012,0.050361868,0.5256952,0.04048991,0.78887945,0.0035287472,0.37802857,0.026717614,0.46085837,0.0278902
375316653866487564,4360808697972608000,0.56812644,2253.723735184577,4.352010176465199,3.2388416E-5,19.650002,0.014572856,0.3012475,0.013250577,0.07157926,0.010515016,0.640216,0.055649742,0.7928568,0.0071299085,0.071327776,0.007569966,0.6491702,0.04681988,null,null,null,null,"TWOGAUSSIANS",8,3.2811725,0.7928568,0.0071299085,0.39943552,0.028693497,0.6468676,0.047235068,0.3012475,0.013250577,0.4,0.037471734,0.6379133,0.05599611
375316653866487564,4360810420256180096,0.62863463,2255.7186518425633,1.4134263715217394,9.79744E-6,17.926676,0.0031035887,0.21526833,0.0012220178,0.061091643,0.0013998041,0.5215015,0.008109348,0.7194634,0.003261297,0.08820906,0.0038811464,0.17191488,0.004493211,null,null,null,null,"TWOGAUSSIANS",8,1.9077154,0.21526833,0.0012220178,0.3421132,0.007838903,0.5197669,0.008223545,0.7194634,0.003261297,0.4,0.0,0.17018026,0.004500323
375316653866487564,4360811240594565504,0.53121686,2235.3345047594034,2.7882978447898314,1.5421198E-5,19.057331,0.02806549,0.22861612,0.0036756329,0.076106384,0.008345196,0.41479766,0.028976414,0.73621184,0.006658726,0.0768728,0.0069589275,0.40745082,0.03603984,null,null,null,null,"TWOGAUSSIANS",8,5.42406,0.22861612,0.0036756329,0.4,0.012538768,0.41145375,0.027863376,0.73621184,0.006658726,0.4,0.0,0.40410691,0.034451645
375316653866487564,4360814028028676480,0.61633337,2203.7147520868075,3.6746923231967736,3.664965E-6,17.358158,0.03228847,0.25244376,0.0035185711,0.049073372,0.011238341,0.24893335,0.06744561,0.7468101,0.009536432,0.050395895,0.015026165,0.3460248,0.09684712,0.12659065,0.042323105,0.25244376,0.0035185711,"TWOGAUSSIANS_WITH_ELLIPSOIDAL_ON_ECLIPSE1",9,10.943018,0.74753004,0.008532398,0.28221703,0.08414653,0.5989262,0.093763545,0.25244376,0.0035185711,0.27481088,0.06293471,0.5021113,0.020946255
375316653866487564,4360814642208742144,0.5583452,2205.8391556636448,2.3366740618256143,6.6238467E-6,18.830954,0.01934779,0.25404635,0.0025025757,0.09843673,0.011039531,0.21549618,0.013124932,0.75448495,0.0042812335,0.10413124,0.011943656,0.20938283,0.016991936,null,null,null,null,"TWOGAUSSIANS",8,0.64963573,0.25404635,0.0025025757,0.4,0.0,0.19543253,0.009948576,0.75448495,0.0042812335,0.4,0.0,0.18931612,0.006149759
375316653866487564,4360819246410785152,0.57848454,2233.220267250636,3.444402640884351,1.2922265E-5,17.9261,0.011682833,0.24463658,0.0062338826,0.083662175,0.007126745,0.3616244,0.017894994,0.73825246,0.003693304,0.09108362,0.0046753166,0.29297975,0.016214902,null,null,null,null,"TWOGAUSSIANS",8,4.2454796,0.24463658,0.0062338826,0.4,0.0,0.35191655,0.017456265,0.73825246,0.003693304,0.4,0.0,0.2832717,0.014248932
375316653866487564,4360828729703186816,0.58773065,2177.2442015841507,2.763026710340807,1.2181364E-5,19.2102,0.010378227,0.19746767,0.0036731653,0.07000832,0.004255681,0.59216005,0.02170674,0.69578975,0.0017164354,0.06788253,0.0035029026,0.3655604,0.013893786,null,null,null,null,"TWOGAUSSIANS",8,1.48252,0.19746767,0.0036731653,0.39204663,0.018288108,0.5909152,0.021486005,0.69578975,0.0017164354,0.38014215,0.019616256,0.36431563,0.014047368
375316653866487564,4360832685366891264,0.57051253,2292.7102023347734,0.3011686520180112,4.174812E-5,14.867551,0.012033437,0.42726505,0.005973186,0.062135052,0.006451492,0.9906455,0.10674907,null,null,null,null,null,null,null,null,null,null,"ONEGAUSSIAN",5,633.7265,0.42726505,0.005973186,0.3479563,0.036128353,0.9906455,0.0,null,null,null,null,null,null
375316653866487564,4360837873687404800,0.5174504,2260.140094673039,2.529997030239452,4.6096433E-5,16.93419,0.0068765366,0.2987996,0.009186804,0.036445767,0.01766646,0.16196768,0.07159727,0.81146723,0.0036914246,0.05786223,0.0066224746,0.27877346,0.03505209,null,null,null,null,"TWOGAUSSIANS",8,23.551588,0.81146723,0.0036914246,0.3240285,0.037085857,0.2787733,0.03505382,0.2987996,0.009186804,0.20409629,0.09893217,0.1619675,0.07159772
375316653866487564,4360839282436068096,0.53962314,2199.366452389301,3.411959585991454,1.7763856E-5,17.940268,0.11443568,0.26000476,0.004577251,0.12187435,0.036681738,0.27377182,0.10264879,0.75431913,0.0047984743,0.12055517,0.031154612,0.2757606,0.10465958,null,null,null,null,"TWOGAUSSIANS",8,4.164091,0.75431913,0.0047984743,0.4,0.0,0.2134859,0.013694398,0.26004475,0.004528677,0.4,0.0,0.2114771,0.017004723
375316653866487564,4360842684050184960,0.47433874,2225.4364687527236,3.0227344321703025,3.7138278E-5,19.330902,0.009117574,null,null,null,null,null,null,null,null,null,null,null,null,0.12742968,0.014346837,0.25986844,0.0066975197,"ELLIPSOIDAL",4,5.6876082,null,null,null,null,null,null,null,null,null,null,null,null
375316653866487564,4360848452191130624,0.5642911,2225.649454854353,2.597165412053038,1.2760629E-5,17.20356,0.028012563,0.22507727,0.0073397984,0.09725851,0.009682133,0.51450795,0.029190801,0.7162302,0.00488987,0.10868032,0.008121346,0.46064883,0.028059829,null,null,null,null,"TWOGAUSSIANS",8,16.661392,0.22508727,0.0073475325,0.4,0.0,0.46880522,0.013274933,0.7162302,0.00488987,0.4,0.0,0.41492328,0.014196731
375316653866487564,4360859825263674880,0.50634,2190.4952950074066,0.19431896430927756,2.7170148E-5,17.791128,0.0015711073,0.3305995,0.0014326528,0.01167688,9.2219556E-4,0.092177,0.0037239296,0.8183456,0.002145496,0.033637475,0.009431697,0.10638461,0.15282966,null,null,null,null,"TWOGAUSSIANS",8,0.9616381,0.8183456,0.002145496,0.18836987,0.05281751,0.10638461,0.15282966,0.3305995,0.0014326528,0.06539053,0.005164295,0.092177,0.0037239296
375316653866487564,4360875836901913728,0.62065816,2296.3691328278496,3.7869375737161834,1.0243056E-5,18.811007,0.015119495,0.24389835,0.001334389,0.03947188,0.0057785767,0.42891178,0.03115015,0.7437429,0.0042237416,0.04820539,0.005289636,0.4876369,0.06306844,0.13817681,0.018422158,0.24389835,0.001334389,"TWOGAUSSIANS_WITH_ELLIPSOIDAL_ON_ECLIPSE1",9,2.094355,0.74375284,0.0041408623,0.26995018,0.029621962,0.76398945,0.06440151,0.24389835,0.001334389,0.22104251,0.03236003,0.7052646,0.048528235
375316653866487564,4360877383090213248,0.49691862,2251.0283543152673,1.2309991322763933,5.7500307E-5,19.444674,0.0061305184,0.15612423,0.04929777,0.054955907,0.05902339,0.039534148,0.013707412,0.6964083,0.0017498713,0.022034433,9.2075876E-4,0.51591575,0.0348331,null,null,null,null,"TWOGAUSSIANS",8,1.1116936,0.6964083,0.0017498713,0.12339283,0.005156249,0.51591575,0.034832604,0.15612423,0.04929777,0.3077531,0.27938285,0.039534148,0.013705913
375316653866487564,4360888966618276864,0.5644312,2244.584985578259,2.3395163775165333,1.2968207E-5,17.159946,0.0013587003,0.7712964,0.002819138,0.042897142,0.040485855,0.005532336,0.022742247,null,null,null,null,null,null,0.048656963,0.0020434589,0.7712964,0.002819138,"ONEGAUSSIAN_WITH_ELLIPSOIDAL",6,1.5850258,0.7712964,0.002819138,0.240224,0.2267208,0.10284606,0.022334304,null,null,null,null,null,null
375316653866487564,4360896074788614400,0.49733555,2254.0003822476638,3.0717207783259934,1.596842E-5,19.43263,0.024507992,0.23859842,0.0037342794,0.07987823,0.0083453,0.27724177,0.027670605,0.7465151,0.035470102,0.094192386,0.035541102,0.21582235,0.027368475,null,null,null,null,"TWOGAUSSIANS",8,1.9656096,0.23859842,0.003733815,0.4,0.0,0.2704259,0.022871261,0.7465151,0.035470102,0.4,0.013635489,0.2090061,0.026406286
375316653866487564,4360922536082973824,0.6658942,2305.965896679778,2.8700509672462133,4.613171E-6,15.626505,0.0035259945,0.25246078,0.0020784675,0.07078979,0.0013540416,0.59731925,0.0070595886,0.7636738,0.0016119323,0.07044332,0.0013986855,0.4588361,0.005291939,null,null,null,null,"TWOGAUSSIANS",8,21.368393,0.25246078,0.0020784675,0.3964228,0.0073960912,0.5958237,0.0069318484,0.7636738,0.0016119323,0.39448258,0.007832639,0.45734063,0.0051382086
