Gaia/vari_eclipsing_binary/VariEclipsingBinary_220544-220854.csv
# %ECSV 1.0
# ---
# delimiter: ','
# meta: !!omap
# - RELEASE: Gaia DR3
# - TABLE: vari_eclipsing_binary
# - DESCRIPTION: >
#     This table describes the properties of the eclipsing binaries resulting from the variability analysis. 
# - CITATION: >
#     How to cite and acknowledge Gaia: 
#     https://gea.esac.esa.int/archive/documentation/credits.html 
# - KNOWN_ISSUES: >
#     Known issues: 
#     https://www.cosmos.esa.int/web/gaia-users/known-issues 
# - DOCUMENTATION: >
#     Tutorials and documentation: 
#     https://www.cosmos.esa.int/web/gaia-users/archive 
# datatype:
# - 
#   name: solution_id
#   datatype: int64
#   description: Solution Identifier
#   meta:
#     ucd: meta.version
# - 
#   name: source_id
#   datatype: int64
#   description: Unique source identifier
#   meta:
#     ucd: meta.id;meta.main
# - 
#   name: global_ranking
#   datatype: float32
#   description: Number between 0 (worst) and 1 (best)
#   meta:
#     ucd: stat.param
# - 
#   name: reference_time
#   datatype: float64
#   unit: d
#   description: Reference time used for the geometric model fit
#   meta:
#     ucd: time.epoch
# - 
#   name: frequency
#   datatype: float64
#   unit: d**-1
#   description: Frequency of geometric model of the eclipsing binary light curve
#   meta:
#     ucd: src.orbital
# - 
#   name: frequency_error
#   datatype: float32
#   unit: d**-1
#   description: "Uncertainty of \\texttt{frequency}"
#   meta:
#     ucd: stat.error
# - 
#   name: geom_model_reference_level
#   datatype: float32
#   unit: mag
#   description: Magnitude reference level of geometric model
#   meta:
#     ucd: phot.mag;em.opt
# - 
#   name: geom_model_reference_level_error
#   datatype: float32
#   unit: mag
#   description: "Uncertainty of \\texttt{geomModelReferenceLevel}"
#   meta:
#     ucd: stat.error;phot.mag;em.opt
# - 
#   name: geom_model_gaussian1_phase
#   datatype: float32
#   description: Phase of the Gaussian 1 component
#   meta:
#     ucd: time.phase
# - 
#   name: geom_model_gaussian1_phase_error
#   datatype: float32
#   description: "Uncertainty of \\texttt{geomModelGaussian1Phase}"
#   meta:
#     ucd: stat.error;time.phase
# - 
#   name: geom_model_gaussian1_sigma
#   datatype: float32
#   description: "Standard deviation [phase] of Gaussian 1 component"
#   meta:
#     ucd: stat.stdev
# - 
#   name: geom_model_gaussian1_sigma_error
#   datatype: float32
#   description: "Uncertainty of \\texttt{geomModelGaussian1Sigma}"
#   meta:
#     ucd: stat.error
# - 
#   name: geom_model_gaussian1_depth
#   datatype: float32
#   unit: mag
#   description: Magnitude depth of Gaussian 1 component
#   meta:
#     ucd: src.var.amplitude
# - 
#   name: geom_model_gaussian1_depth_error
#   datatype: float32
#   unit: mag
#   description: "Uncertainty of \\texttt{geomModelGaussian1Depth}"
#   meta:
#     ucd: stat.error;src.var.amplitude
# - 
#   name: geom_model_gaussian2_phase
#   datatype: float32
#   description: Phase of Gaussian 2 component
#   meta:
#     ucd: time.phase
# - 
#   name: geom_model_gaussian2_phase_error
#   datatype: float32
#   description: "Uncertainty of \\texttt{geomModelGaussian2Phase}"
#   meta:
#     ucd: stat.error;time.phase
# - 
#   name: geom_model_gaussian2_sigma
#   datatype: float32
[...]
#   datatype: float32
#   description: "Secondary eclipse: uncertainty of \\texttt{derivedSecondaryEclDuration}"
#   meta:
#     ucd: stat.error;time.duration
# - 
#   name: derived_secondary_ecl_depth
#   datatype: float32
#   unit: mag
#   description: "Secondary eclipse: depth"
#   meta:
#     ucd: src.var.amplitude
# - 
#   name: derived_secondary_ecl_depth_error
#   datatype: float32
#   unit: mag
#   description: "Secondary eclipse: uncertainty of \\texttt{derivedSecondaryEclDepth}"
#   meta:
#     ucd: stat.error;src.var.amplitude
solution_id,source_id,global_ranking,reference_time,frequency,frequency_error,geom_model_reference_level,geom_model_reference_level_error,geom_model_gaussian1_phase,geom_model_gaussian1_phase_error,geom_model_gaussian1_sigma,geom_model_gaussian1_sigma_error,geom_model_gaussian1_depth,geom_model_gaussian1_depth_error,geom_model_gaussian2_phase,geom_model_gaussian2_phase_error,geom_model_gaussian2_sigma,geom_model_gaussian2_sigma_error,geom_model_gaussian2_depth,geom_model_gaussian2_depth_error,geom_model_cosine_half_period_amplitude,geom_model_cosine_half_period_amplitude_error,geom_model_cosine_half_period_phase,geom_model_cosine_half_period_phase_error,model_type,num_model_parameters,reduced_chi2,derived_primary_ecl_phase,derived_primary_ecl_phase_error,derived_primary_ecl_duration,derived_primary_ecl_duration_error,derived_primary_ecl_depth,derived_primary_ecl_depth_error,derived_secondary_ecl_phase,derived_secondary_ecl_phase_error,derived_secondary_ecl_duration,derived_secondary_ecl_duration_error,derived_secondary_ecl_depth,derived_secondary_ecl_depth_error
375316653866487564,1939927124336509568,0.5309133,2189.878746260602,0.7295272897868286,4.411267E-6,13.029814,9.0263714E-4,0.27320692,6.981156E-4,0.021367053,0.0011380733,0.22051865,0.018959718,0.7759736,0.002016149,0.022841712,0.0015915103,0.037772104,0.0027908897,0.009824686,0.0012507918,0.27320692,6.981156E-4,"TWOGAUSSIANS_WITH_ELLIPSOIDAL_ON_ECLIPSE1",9,22.342701,0.27320692,6.981156E-4,0.1196555,0.0063732103,0.240168,0.019340022,0.7759736,0.002016149,0.1279136,0.008912457,0.05741551,0.0020899405
375316653866487564,1939931316224571392,0.56597364,2188.311854957578,0.8239051502859641,5.5359783E-6,16.793955,0.0022137589,0.24587466,0.0011909629,0.027134258,0.002290899,0.30926624,0.024399152,0.7469028,9.579566E-4,0.026331078,0.0016550071,0.18493997,0.006276571,0.0068729287,0.0035141842,0.24587466,0.0011909629,"TWOGAUSSIANS_WITH_ELLIPSOIDAL_ON_ECLIPSE1",9,7.2500787,0.24587466,0.0011909629,0.15195185,0.012829034,0.32301208,0.024481297,0.7469028,9.579566E-4,0.14745404,0.00926804,0.19868523,0.004905866
375316653866487564,1939932140858303616,0.51993215,2180.8359976747824,1.8515543675083665,3.8016467E-6,15.486317,7.299049E-4,0.18638948,0.0015934929,0.035208676,0.0017782688,0.039062295,0.0022308747,0.68084764,0.00320787,0.035913713,0.00234443,0.04762082,0.0014048332,null,null,null,null,"TWOGAUSSIANS",8,3.850614,0.68084764,0.00320787,0.2011168,0.013128808,0.04762082,0.0014048332,0.18638948,0.0015934929,0.19716857,0.009958305,0.039062295,0.0022308747
375316653866487564,1939943994968013312,0.6224996,2180.351867613954,2.9883148911057957,5.5006985E-6,15.846996,0.013760423,0.22027037,0.0016321283,0.045175023,0.011266041,0.28457522,0.0431987,0.71849275,0.001302746,0.044969697,0.0046072276,0.23336507,0.027836392,0.103048116,0.016865296,0.22027037,0.0016321283,"TWOGAUSSIANS_WITH_ELLIPSOIDAL_ON_ECLIPSE1",9,23.666313,0.22027037,0.0016321283,0.25298014,0.063089825,0.490671,0.06523423,0.71871275,0.0010752423,0.25183028,0.025800476,0.43943834,0.011996164
375316653866487564,1939945846096728192,0.53945094,2167.128167931488,3.419535991015887,8.909905E-6,19.618746,0.0067803557,0.1891532,0.0017218399,0.04123852,0.0016119669,0.6465828,0.030177103,0.693642,0.006676364,0.04034971,0.0052982485,0.42272195,0.03679516,null,null,null,null,"TWOGAUSSIANS",8,1.8852369,0.1891532,0.0017218399,0.23093571,0.0090270145,0.6465827,0.030177107,0.693642,0.006676364,0.22595839,0.029670192,0.42272195,0.03679516
375316653866487564,1939950076641679616,0.43766955,2163.3965841794416,0.6636171863326937,6.835307E-5,18.88564,0.0041494076,0.14401428,0.009316452,0.007828958,0.0051740594,0.25079253,0.14932312,0.61409855,0.018404156,0.017642617,0.013612378,0.112908594,0.0680239,null,null,null,null,"TWOGAUSSIANS",8,6.0619674,0.14401428,0.009316452,0.043842167,0.028974732,0.25079253,0.14932312,0.61409855,0.018404156,0.098798655,0.07622932,0.112908594,0.0680239
375316653866487564,1939953267800415616,0.5662172,2171.4432632059506,3.163669027845833,9.245947E-6,18.426271,0.004684632,0.24510634,0.0032767407,0.079712234,0.0038778728,0.4081022,0.012042217,0.7429669,0.002092414,0.07612474,0.003715727,0.35587183,0.009004643,null,null,null,null,"TWOGAUSSIANS",8,3.6759565,0.24510634,0.0032767407,0.4,0.0,0.4038558,0.012128293,0.7429669,0.002092414,0.4,0.0,0.3516254,0.009712411
375316653866487564,1939956944292544512,0.618656,2153.9079999610176,3.782881630908688,6.7815204E-6,18.385267,0.007161068,0.2776371,0.0016921913,0.040509377,0.002596417,0.57963043,0.019739846,0.7761434,0.002489623,0.041092172,0.0026727996,0.4971614,0.02485122,0.14682408,0.010929863,0.2776371,0.0016921913,"TWOGAUSSIANS_WITH_ELLIPSOIDAL_ON_ECLIPSE1",9,5.0173264,0.2776371,0.0016921913,0.2268525,0.014539936,0.87327844,0.014647655,0.7762534,0.0023042643,0.23011617,0.014967677,0.79078543,0.022138927
375316653866487564,1939959903527118592,0.56119543,2148.3601721433092,3.578754486127056,8.796861E-6,19.124413,0.009806194,0.22432844,0.0021538602,0.07604415,0.004472763,0.459751,0.036094636,0.7253804,0.0021029292,0.08197466,0.0039735283,0.34498152,0.010558803,null,null,null,null,"TWOGAUSSIANS",8,1.5884757,0.22432844,0.0021538602,0.4,0.0,0.4545688,0.037479058,0.7253804,0.0021029292,0.4,0.0,0.3397993,0.009498579
375316653866487564,1939967806267394560,0.6474328,2164.9316962014777,0.4131202181332381,4.8669244E-6,13.365357,0.003060403,0.31551415,0.001637131,0.03271783,0.0014482854,1.1890424,0.09072003,0.81788504,0.0020635116,0.029487237,0.0025690985,0.1021733,0.006735641,0.026204001,0.0038101978,0.81788504,0.0020635116,"TWOGAUSSIANS_WITH_ELLIPSOIDAL_ON_ECLIPSE2",9,209.02118,0.31552413,0.0016307565,0.18321985,0.008110398,1.2414387,0.094268255,0.81788504,0.0020635116,0.16512853,0.014386951,0.15458123,0.003478619
375316653866487564,1939975945226149120,0.4724408,2163.1872304014705,1.0102957769732117,7.427409E-5,19.091337,0.0034602103,0.32110137,0.005193959,0.029048132,0.0046185446,0.36636516,0.06086235,0.8094816,0.008244589,0.005652187,0.0038427531,0.16776237,0.10462385,null,null,null,null,"TWOGAUSSIANS",8,3.640909,0.32110137,0.005193959,0.16266954,0.02586385,0.36636516,0.06086235,0.8094816,0.008244589,0.031652246,0.021519417,0.16776237,0.10462385
375316653866487564,1939987116440327680,0.5613493,2175.06387568542,3.9319297625170675,7.001396E-6,19.315788,0.016580334,0.26710954,0.0028142561,0.04566109,0.0049174647,0.6940977,0.0490907,0.7719427,0.0045078592,0.043780997,0.0058562984,0.5583216,0.0989417,0.12980959,0.023559852,0.26710954,0.0028142561,"TWOGAUSSIANS_WITH_ELLIPSOIDAL_ON_ECLIPSE1",9,4.4999046,0.26710954,0.0028142561,0.2557021,0.027537802,0.9537165,0.051091336,0.7719427,0.0045078592,0.24517359,0.03279527,0.81770104,0.106004894
375316653866487564,1939990861652019840,0.47148842,2158.5896682126795,3.28045299675044,2.2971635E-5,17.648212,0.015847757,0.3060383,0.007811876,0.08908991,0.022997063,0.11507595,0.017593,0.8117601,0.0060318816,0.0985827,0.01356313,0.14284803,0.015126782,null,null,null,null,"TWOGAUSSIANS",8,10.606837,0.8117601,0.0060318816,0.4,0.0,0.13602664,0.008287063,0.3060383,0.007811876,0.4,0.0,0.10825529,0.02105566
375316653866487564,1939993850949254656,0.4935759,2167.4963420209187,3.7615539473857362,2.6979298E-5,19.799591,0.018815134,0.20418462,0.015614202,0.057412535,0.025475753,0.29355004,0.0755031,0.70057726,0.005216149,0.083393,0.010025838,0.29970747,0.020707326,null,null,null,null,"TWOGAUSSIANS",8,2.1291554,0.70057726,0.005216149,0.4,0.0,0.29873404,0.01892837,0.20418462,0.015614202,0.3215102,0.104399264,0.29257664,0.07915938
375316653866487564,1939994881741390336,0.52637774,2169.075442172454,3.285967721933961,8.7409135E-6,19.278053,0.008744211,0.28701952,0.0030841057,0.08381701,0.0037642727,0.38284323,0.01367953,0.7848003,0.0016743529,0.08567456,0.002994355,0.3835978,0.008333269,null,null,null,null,"TWOGAUSSIANS",8,1.2628815,0.7848003,0.0016743529,0.4,0.0,0.37409306,0.006123629,0.28701952,0.0030841057,0.4,0.0,0.3733385,0.012795084
375316653866487564,1939999722166888832,0.47690123,2170.9673313110193,2.619037268092808,1.7093385E-5,17.509619,0.0050798967,0.2815251,0.0043020123,0.036612265,0.0038910555,0.15520746,0.020491213,0.7819492,0.007058048,0.012227259,0.014682326,0.24911396,0.8820458,0.058238532,0.007419366,0.7819492,0.007058048,"TWOGAUSSIANS_WITH_ELLIPSOIDAL_ON_ECLIPSE2",9,22.502146,0.7819492,0.007058048,0.068472646,0.082221024,0.365591,0.87967783,0.28155512,0.0038146668,0.2050287,0.02178991,0.27168372,0.019553712
375316653866487564,1940000413658369152,0.6829684,2167.4462993031375,0.8840957874102439,2.1438739E-6,15.353012,6.417065E-4,0.3818862,0.03978738,0.04641938,0.054810293,0.0042982097,0.0021179912,0.5498576,4.287404E-4,0.028829247,0.0010219857,0.53792936,0.0059288274,null,null,null,null,"TWOGAUSSIANS",8,8.629848,0.5498576,4.287404E-4,0.16144378,0.0057231192,0.5379355,0.0063448246,0.3818862,0.039946567,0.25994852,0.21794586,0.0042982325,0.0021177933
375316653866487564,1940015153986307328,0.6480898,2189.853262100507,1.6694186351643374,6.488732E-6,12.8636055,0.002906728,0.26886082,0.0010192344,0.07731068,0.0011975778,0.4251554,0.00453057,0.7753992,0.0023412372,0.10628574,0.0030161918,0.15498403,0.0033617283,null,null,null,null,"TWOGAUSSIANS",8,74.63073,0.26886082,0.0010192344,0.4,0.0,0.41507074,0.004192976,0.7753992,0.0023412372,0.4,0.0,0.14489433,0.0027876482
375316653866487564,1940027725354357632,0.4331444,2204.1327098415763,1.4007324687898666,7.420034E-5,18.749502,0.04960262,0.37719893,0.034723762,0.18918927,0.07843864,0.11042672,0.046628643,0.7356835,0.033618722,0.10312114,0.025712885,0.1301665,0.0231496,null,null,null,null,"TWOGAUSSIANS",8,4.981403,0.7356835,0.033618722,0.4,0.0,0.12847348,0.02430959,0.38099894,0.03160996,0.4,0.0,0.09037018,0.008732969
375316653866487564,1940033880044160384,0.53909254,2166.0246067390403,2.247167291801136,9.899863E-6,13.727821,0.0072550713,0.3014419,0.0014743457,0.09270301,0.0036167374,0.28439128,0.006820796,0.8055519,0.0029669234,0.08174422,0.004416263,0.2467103,0.009135984,null,null,null,null,"TWOGAUSSIANS",8,261.93158,0.3014419,0.0014743457,0.4,0.0,0.27622864,0.005755094,0.8055519,0.0029669234,0.4,0.0,0.23854792,0.008572157
375316653866487564,1940037659615312640,0.47415695,2198.913641698979,1.2542092681290171,1.3772198E-5,14.091711,5.2759453E-4,0.08888965,1.0368505E-4,0.004460745,6.2288914E-4,1.174539,2.3213024,0.5505432,0.016600331,0.046879265,0.018149795,0.002958176,0.0036241822,null,null,null,null,"TWOGAUSSIANS",8,13.087951,0.08888965,1.0368505E-4,0.02498017,0.0034881793,1.174539,2.3213024,0.5505432,0.016600331,0.2625239,0.10163885,0.002958176,0.0036241822
375316653866487564,1940040202236001920,0.49780238,2177.554284716346,3.0355766421208275,2.0834092E-5,13.935425,0.04330846,0.26380756,0.0075757876,0.12113314,0.03130243,0.0992642,0.041088276,0.7500436,0.006456186,0.13359338,0.034199007,0.102265745,0.042806186,null,null,null,null,"TWOGAUSSIANS",8,75.36766,0.7500436,0.006456186,0.4,0.0,0.07596678,0.003622579,0.26409757,0.007421353,0.4,0.0,0.073120415,0.0039547235
375316653866487564,1940043736989840000,0.48697957,2174.0642383742484,0.7009654705312341,4.635649E-6,12.778022,5.661588E-4,0.225964,5.3567457E-4,0.01580829,8.9084526E-4,0.052060466,0.0030206006,0.7266269,7.7939054E-5,0.013075733,4.750113E-4,0.1623578,0.017948633,0.0075929225,8.597232E-4,0.225964,5.3567457E-4,"TWOGAUSSIANS_WITH_ELLIPSOIDAL_ON_ECLIPSE1",9,24.85935,0.7266269,7.7939054E-5,0.073224105,0.0026600633,0.1775434,0.018996168,0.225964,5.3567457E-4,0.08852642,0.0049887337,0.06724631,0.0031881006
375316653866487564,1940045150038589440,0.6613537,2185.9672117348955,0.6125561337181119,4.3567275E-6,12.459751,0.0030335123,0.25499243,0.0021990603,0.024409058,0.0019898482,0.084393695,0.007124096,0.7566083,9.426575E-4,0.024891885,6.749838E-4,1.617641,0.051744014,0.010553534,0.004222072,0.25499243,0.0021990603,"TWOGAUSSIANS_WITH_ELLIPSOIDAL_ON_ECLIPSE1",9,412.79822,0.7566083,9.426575E-4,0.13939457,0.003779909,1.6387459,0.053322833,0.25499243,0.0021990603,0.13669072,0.01114315,0.105500765,0.0040617045
375316653866487564,1940051025553530496,0.5900558,2206.3420576133503,0.381032249899342,2.2179212E-5,14.0824,4.0147346E-4,0.26995727,0.0023552303,0.015764564,0.0022996815,0.2804952,0.017193604,null,null,null,null,null,null,null,null,null,null,"ONEGAUSSIAN",5,19.844807,0.26995727,0.0023552303,0.088281564,0.012878217,0.2804952,0.0,null,null,null,null,null,null
375316653866487564,1940073217645986944,0.5894309,2165.7108556770118,3.0123859758583666,7.9598385E-6,18.748379,0.026939744,0.23388255,0.0023936434,0.046780113,0.009555998,0.22833173,0.05067802,0.73323476,0.008269175,0.056499235,0.009641006,0.5124896,0.06261033,0.09849112,0.028666526,0.23388255,0.0023936434,"TWOGAUSSIANS_WITH_ELLIPSOIDAL_ON_ECLIPSE1",9,4.5839343,0.7332948,0.0076635564,0.31639573,0.053989634,0.7094416,0.027018217,0.23388255,0.0023936434,0.2619686,0.05351359,0.42528665,0.012970722
375316653866487564,1940074149657932928,0.55756146,2152.5013291053656,2.5814220185349352,8.71033E-6,16.065123,0.008517679,0.22320354,0.0018048167,0.09115329,0.0027535467,0.3737306,0.009439219,0.72350514,0.0023899616,0.09976825,0.0043216716,0.35682285,0.009322463,null,null,null,null,"TWOGAUSSIANS",8,41.728455,0.22320354,0.0018048167,0.4,0.0,0.3502153,0.0065629245,0.72350514,0.0023899616,0.4,0.0,0.33330524,0.008903152
375316653866487564,1940075730205934464,0.60585386,2162.8452344472116,3.4276674644579344,4.1467083E-6,16.460741,0.008222801,0.2592905,0.0012817257,0.039132018,0.0022187883,0.3814934,0.017745655,0.7633225,0.0013179947,0.04107884,0.0026723063,0.5034097,0.038677253,0.15794814,0.0123869525,0.7633225,0.0013179947,"TWOGAUSSIANS_WITH_ELLIPSOIDAL_ON_ECLIPSE2",9,42.23243,0.7633225,0.0013179947,0.2300415,0.014964915,0.8193055,0.037332047,0.25966048,0.0011262821,0.21913931,0.012425215,0.69720495,0.009955416
375316653866487564,1940077890571520640,0.56900716,2166.7013759221495,0.3514947715971876,3.8572125E-6,18.725605,0.0023118656,0.18443227,1.0565465E-5,7.283969E-4,1.1068285E-5,0.60846555,0.004850689,0.8292608,0.0010192868,0.015824996,9.7041915E-4,0.5023044,0.010208004,null,null,null,null,"TWOGAUSSIANS",8,2.135985,0.18443227,1.0565465E-5,0.0040790224,6.19824E-5,0.60846555,0.004850689,0.8292608,0.0010192868,0.08861997,0.005434347,0.5023044,0.010208004
375316653866487564,1940084938615754880,0.46213144,2151.0332177910627,0.2031569171473923,1.7195354E-5,17.374405,0.0067702606,0.2740401,0.007554926,0.027334016,0.018623078,0.055781335,0.03045509,0.94127023,1.3026108E-5,0.003145744,5.671605E-5,3.0994682,0.17466474,0.0068454957,0.008851512,0.2740401,0.007554926,"TWOGAUSSIANS_WITH_ELLIPSOIDAL_ON_ECLIPSE1",9,46.971313,0.94127023,1.3026108E-5,0.017616168,3.1760987E-4,3.102849,0.17313717,0.2740401,0.007554926,0.1530705,0.10428924,0.06947233,0.034817584
375316653866487564,1940094108367185920,0.5252054,2143.7276937618312,3.840796223024337,1.3883578E-5,18.453077,0.017972592,0.27469078,0.005720537,0.08988767,0.008374286,0.45605308,0.02308545,0.76082784,0.0059345826,0.090916306,0.008398008,0.35487673,0.01709338,null,null,null,null,"TWOGAUSSIANS",8,7.526742,0.27469078,0.005720537,0.4,0.0,0.44190335,0.022935199,0.76082784,0.0059345826,0.4,0.0,0.34072697,0.013074641
375316653866487564,1940094524983035904,0.45785844,2126.6595131329595,1.797534892977562,2.9498495E-5,12.5223,0.002215699,0.27507335,0.0061135455,0.036236726,0.006076559,0.045964576,0.0072259433,0.78363395,0.0039933817,0.023383409,0.0038969556,0.048014496,0.010248516,0.004563505,0.0029102967,0.27507335,0.0061135455,"TWOGAUSSIANS_WITH_ELLIPSOIDAL_ON_ECLIPSE1",9,139.91681,0.78363395,0.0039933817,0.1309471,0.021822952,0.057115123,0.009352389,0.27507335,0.0061135455,0.20292567,0.03402873,0.055091586,0.0055477484
375316653866487564,1940099640285330688,0.59730464,2154.4822673451295,0.5741408872128918,6.593898E-6,16.627354,9.4677834E-4,0.3015336,0.003943613,0.021682475,0.004591262,0.06674766,0.0447982,0.7994207,7.946156E-4,0.019213634,8.3632406E-4,0.28448588,0.0038786782,null,null,null,null,"TWOGAUSSIANS",8,3.281276,0.7994207,7.946156E-4,0.107596345,0.004683415,0.28448588,0.0038786782,0.3015336,0.003943613,0.12142186,0.025711067,0.06674766,0.0447982
375316653866487564,1940105107782507392,0.53573567,2158.4608674553315,1.411345917836007,5.0126823E-6,16.43974,0.0045939186,0.28797877,0.004544977,0.02325331,0.0057439227,0.23051287,0.13143377,0.77957207,6.177693E-4,0.027669542,0.0012519461,0.47925067,0.026795968,0.015444491,0.0070014605,0.28797877,0.004544977,"TWOGAUSSIANS_WITH_ELLIPSOIDAL_ON_ECLIPSE1",9,52.747765,0.7796021,6.1545515E-4,0.15494943,0.007010898,0.5100539,0.025633981,0.28797877,0.004544977,0.13021854,0.032165967,0.26140186,0.13402751
