Gaia/vari_eclipsing_binary/VariEclipsingBinary_459664-459674.csv
# %ECSV 1.0
# ---
# delimiter: ','
# meta: !!omap
# - RELEASE: Gaia DR3
# - TABLE: vari_eclipsing_binary
# - DESCRIPTION: >
#     This table describes the properties of the eclipsing binaries resulting from the variability analysis. 
# - CITATION: >
#     How to cite and acknowledge Gaia: 
#     https://gea.esac.esa.int/archive/documentation/credits.html 
# - KNOWN_ISSUES: >
#     Known issues: 
#     https://www.cosmos.esa.int/web/gaia-users/known-issues 
# - DOCUMENTATION: >
#     Tutorials and documentation: 
#     https://www.cosmos.esa.int/web/gaia-users/archive 
# datatype:
# - 
#   name: solution_id
#   datatype: int64
#   description: Solution Identifier
#   meta:
#     ucd: meta.version
# - 
#   name: source_id
#   datatype: int64
#   description: Unique source identifier
#   meta:
#     ucd: meta.id;meta.main
# - 
#   name: global_ranking
#   datatype: float32
#   description: Number between 0 (worst) and 1 (best)
#   meta:
#     ucd: stat.param
# - 
#   name: reference_time
#   datatype: float64
#   unit: d
#   description: Reference time used for the geometric model fit
#   meta:
#     ucd: time.epoch
# - 
#   name: frequency
#   datatype: float64
#   unit: d**-1
#   description: Frequency of geometric model of the eclipsing binary light curve
#   meta:
#     ucd: src.orbital
# - 
#   name: frequency_error
#   datatype: float32
#   unit: d**-1
#   description: "Uncertainty of \\texttt{frequency}"
#   meta:
#     ucd: stat.error
# - 
#   name: geom_model_reference_level
#   datatype: float32
#   unit: mag
#   description: Magnitude reference level of geometric model
#   meta:
#     ucd: phot.mag;em.opt
# - 
#   name: geom_model_reference_level_error
#   datatype: float32
#   unit: mag
#   description: "Uncertainty of \\texttt{geomModelReferenceLevel}"
#   meta:
#     ucd: stat.error;phot.mag;em.opt
# - 
#   name: geom_model_gaussian1_phase
#   datatype: float32
#   description: Phase of the Gaussian 1 component
#   meta:
#     ucd: time.phase
# - 
#   name: geom_model_gaussian1_phase_error
#   datatype: float32
#   description: "Uncertainty of \\texttt{geomModelGaussian1Phase}"
#   meta:
#     ucd: stat.error;time.phase
# - 
#   name: geom_model_gaussian1_sigma
#   datatype: float32
#   description: "Standard deviation [phase] of Gaussian 1 component"
#   meta:
#     ucd: stat.stdev
# - 
#   name: geom_model_gaussian1_sigma_error
#   datatype: float32
#   description: "Uncertainty of \\texttt{geomModelGaussian1Sigma}"
#   meta:
#     ucd: stat.error
# - 
#   name: geom_model_gaussian1_depth
#   datatype: float32
#   unit: mag
#   description: Magnitude depth of Gaussian 1 component
#   meta:
#     ucd: src.var.amplitude
# - 
#   name: geom_model_gaussian1_depth_error
#   datatype: float32
#   unit: mag
#   description: "Uncertainty of \\texttt{geomModelGaussian1Depth}"
#   meta:
#     ucd: stat.error;src.var.amplitude
# - 
#   name: geom_model_gaussian2_phase
#   datatype: float32
#   description: Phase of Gaussian 2 component
#   meta:
#     ucd: time.phase
# - 
#   name: geom_model_gaussian2_phase_error
#   datatype: float32
#   description: "Uncertainty of \\texttt{geomModelGaussian2Phase}"
#   meta:
#     ucd: stat.error;time.phase
# - 
#   name: geom_model_gaussian2_sigma
#   datatype: float32
[...]
#   datatype: float32
#   description: "Secondary eclipse: uncertainty of \\texttt{derivedSecondaryEclDuration}"
#   meta:
#     ucd: stat.error;time.duration
# - 
#   name: derived_secondary_ecl_depth
#   datatype: float32
#   unit: mag
#   description: "Secondary eclipse: depth"
#   meta:
#     ucd: src.var.amplitude
# - 
#   name: derived_secondary_ecl_depth_error
#   datatype: float32
#   unit: mag
#   description: "Secondary eclipse: uncertainty of \\texttt{derivedSecondaryEclDepth}"
#   meta:
#     ucd: stat.error;src.var.amplitude
solution_id,source_id,global_ranking,reference_time,frequency,frequency_error,geom_model_reference_level,geom_model_reference_level_error,geom_model_gaussian1_phase,geom_model_gaussian1_phase_error,geom_model_gaussian1_sigma,geom_model_gaussian1_sigma_error,geom_model_gaussian1_depth,geom_model_gaussian1_depth_error,geom_model_gaussian2_phase,geom_model_gaussian2_phase_error,geom_model_gaussian2_sigma,geom_model_gaussian2_sigma_error,geom_model_gaussian2_depth,geom_model_gaussian2_depth_error,geom_model_cosine_half_period_amplitude,geom_model_cosine_half_period_amplitude_error,geom_model_cosine_half_period_phase,geom_model_cosine_half_period_phase_error,model_type,num_model_parameters,reduced_chi2,derived_primary_ecl_phase,derived_primary_ecl_phase_error,derived_primary_ecl_duration,derived_primary_ecl_duration_error,derived_primary_ecl_depth,derived_primary_ecl_depth_error,derived_secondary_ecl_phase,derived_secondary_ecl_phase_error,derived_secondary_ecl_duration,derived_secondary_ecl_duration_error,derived_secondary_ecl_depth,derived_secondary_ecl_depth_error
[from data line 1312]
375316653866487564,4043340142973309696,0.6242748,2388.499670156839,0.5850058846895403,4.740026E-6,12.108103,0.0016615976,0.12030546,0.0025681634,0.034046013,0.008375464,0.0104805725,0.004869791,0.62753135,0.0025670982,0.054124817,0.0070622964,0.101500876,0.0050036465,0.04572033,0.0023488433,0.12030546,0.0025681634,"TWOGAUSSIANS_WITH_ELLIPSOIDAL_ON_ECLIPSE1",9,25.220724,0.62753135,0.0025670982,0.30309898,0.03954886,0.1927519,0.0034101668,0.12030546,0.0025681634,0.19065768,0.046902597,0.10191995,0.0021104603
375316653866487564,4043340147298842752,0.44123033,2435.467661846771,0.9226839947235125,5.0012077E-5,17.716509,0.045186277,0.21565786,0.026480727,0.12503053,0.046204295,0.29222304,0.044321578,0.7714429,0.0031195679,0.017444642,0.0056575183,0.38334852,0.16537869,null,null,null,null,"TWOGAUSSIANS",8,5.2499866,0.7714529,0.0031306993,0.09769,0.0316821,0.38363183,0.16548893,0.21565786,0.026480727,0.4,0.0,0.29196078,0.04385474
375316653866487564,4043340177334670336,0.5723593,2389.880977715162,0.4821781049063386,3.572963E-5,16.23478,0.0018457874,0.30302793,0.0056050033,0.033722885,0.0037761484,0.20167746,0.015945582,0.8060865,0.0030855616,0.020824801,0.017350802,0.08787888,0.30529028,0.014528325,0.0037326869,0.30302793,0.0056050033,"TWOGAUSSIANS_WITH_ELLIPSOIDAL_ON_ECLIPSE1",9,10.544952,0.30302793,0.0056050033,0.18884815,0.021146432,0.23073411,0.015803626,0.8060865,0.0030855616,0.11661889,0.09716449,0.1169248,0.30630684
375316653866487564,4043340211792738432,0.43691394,2436.3514627259324,0.36258741519927923,3.7079084E-5,19.231256,0.123293094,0.2856291,0.027162576,0.14197454,0.056208685,0.19208808,0.12801349,0.6707265,0.024527995,0.100096166,0.045184802,0.24435505,0.10114033,null,null,null,null,"TWOGAUSSIANS",8,4.1024885,0.6707265,0.024527995,0.4,0.006845115,0.232745,0.07668358,0.2862491,0.025922416,0.4,0.0,0.17576131,0.09163763
375316653866487564,4043340387865393152,0.46885216,2350.741650201648,0.4744282340721117,5.4020667E-5,19.266424,0.16892478,0.40029898,0.026183508,0.096691795,0.036159385,0.7924692,0.75917506,0.8105937,0.019296927,0.1468529,0.08477806,0.29288068,0.13124385,null,null,null,null,"TWOGAUSSIANS",8,6.002255,0.40162897,0.023983667,0.4,0.01714656,0.7551941,0.7899216,0.8105937,0.019296927,0.4,0.0,0.24962704,0.06841184
375316653866487564,4043340417953017216,0.52705985,2376.2454537084313,2.5795391989934533,1.8900584E-5,17.671,0.01591307,0.23525193,0.0038915325,0.08293538,0.0066084177,0.34850156,0.02193961,0.7199426,0.0068241516,0.06806461,0.013551826,0.27009985,0.027615549,null,null,null,null,"TWOGAUSSIANS",8,14.380079,0.23525193,0.0038915325,0.4,0.0,0.34667194,0.021319976,0.7199426,0.0068241516,0.3811618,0.06391787,0.26827025,0.028412053
375316653866487564,4043340452314531456,0.4995764,2430.302312813996,2.779380619199846,3.6329067E-5,18.915064,0.032432698,0.28885415,0.014411835,0.069498144,0.020900575,0.28220072,0.027208472,0.7767399,0.032903228,0.036582503,0.05307252,0.2801931,0.07194218,null,null,null,null,"TWOGAUSSIANS",8,9.096436,0.28885415,0.014411835,0.38918963,0.07024348,0.28219607,0.026330061,0.7767399,0.032903228,0.20486203,0.25794202,0.28018844,0.0727848
375316653866487564,4043340525255892352,0.46675128,2341.6589872164636,1.9570268739345482,2.7325827E-5,18.979776,0.106636055,0.26761183,0.014250392,0.089260146,0.029150544,0.38351607,0.09891975,0.7584506,0.0160985,0.08197169,0.049306013,0.37025177,0.091618866,null,null,null,null,"TWOGAUSSIANS",8,17.144087,0.26761183,0.014273284,0.4,0.0,0.3744565,0.053294457,0.7584506,0.0160985,0.4,0.0,0.36119232,0.07743827
375316653866487564,4043340589753183360,0.46421242,2346.9999785407267,0.28243537493434573,9.378797E-5,19.469908,0.065312825,0.43619826,0.0370896,0.051670425,0.045974594,0.17658035,0.12128403,0.27202958,0.09340974,0.13705985,0.07412195,0.23021598,0.110289246,null,null,null,null,"TWOGAUSSIANS",8,4.412248,0.42013827,0.035702758,0.28935438,0.1763491,0.29606092,0.068951175,0.28148958,0.2416628,0.4,0.0,0.23107125,0.16322327
375316653866487564,4043340624112857088,0.49223307,2372.772818761425,1.6465487249662474,2.7347012E-5,18.900629,0.22770286,0.22188699,0.031317506,0.09323767,0.13829789,0.17230691,0.21531966,0.7097546,0.009090282,0.074380375,0.024007875,0.22532187,0.15270367,null,null,null,null,"TWOGAUSSIANS",8,3.5672033,0.7097546,0.009090282,0.4,0.016152764,0.22171082,0.048232738,0.22188699,0.031322602,0.4,0.0,0.1686956,0.03358938
375316653866487564,4043340662694804608,0.45266104,2437.7102493145744,0.3055713182880735,4.9532613E-5,19.340359,0.017180387,0.39242527,0.022467917,0.07278189,0.015691949,0.27113503,0.05183952,0.8440869,0.024456838,0.06364152,0.017060021,0.09749031,0.023217635,null,null,null,null,"TWOGAUSSIANS",8,3.6102962,0.39242527,0.022467917,0.4,0.037839584,0.2710315,0.051925626,0.8440869,0.024456838,0.35639253,0.087881334,0.09738677,0.02275036
375316653866487564,4043340692832324992,0.42631945,2355.890471853694,1.8843585964102405,2.9403382E-5,18.827494,0.015772443,0.31365386,0.0030632468,0.019241555,0.0042860145,0.61482674,0.29337022,0.8034995,0.038993906,0.06869058,0.04236474,0.10979399,0.0330984,null,null,null,null,"TWOGAUSSIANS",8,10.348945,0.31365386,0.0030632468,0.10775271,0.024001682,0.61482674,0.29337028,0.8034995,0.038993906,0.38466728,0.22399889,0.109793976,0.033098456
375316653866487564,4043340697103446656,0.43909216,2428.4187836468795,3.4997915597816136,5.229317E-5,17.569502,0.11043063,0.36222816,0.05047465,0.18971138,0.35777155,0.0610317,0.09010744,0.7332668,0.0681544,0.07337793,0.023447847,0.47286993,0.44854182,null,null,null,null,"TWOGAUSSIANS",8,3.8958051,0.7332668,0.0681544,0.4,0.093784705,0.4721564,0.44826385,0.36227816,0.050464798,0.4,0.15112577,0.051054902,0.034374885
375316653866487564,4043340800182757632,0.4774322,2447.355481470275,0.461366128910235,5.5656998E-5,19.075205,0.013826015,0.12822747,0.0056157988,0.0355316,0.004953186,0.3041383,0.026927054,0.61230344,0.010434832,0.04694487,0.0155186495,0.3932988,0.7178836,null,null,null,null,"TWOGAUSSIANS",8,3.413042,0.61230344,0.010434832,0.26289126,0.08690444,0.39329877,0.7178836,0.12822747,0.0056157988,0.19897695,0.027737841,0.3041383,0.026927052
375316653866487564,4043340864532098048,0.5157087,2380.3239484292176,0.8152121891999499,1.9373481E-5,17.839998,0.01784405,0.245715,0.0061225137,0.09435786,0.011229701,0.253275,0.018111192,0.7564827,0.007644165,0.082394674,0.015276126,0.30281752,0.029555248,null,null,null,null,"TWOGAUSSIANS",8,9.646068,0.7564827,0.007644165,0.4,0.0,0.2943883,0.03536197,0.245715,0.0061225137,0.4,0.0,0.2448453,0.014113562
375316653866487564,4043340868853611392,0.4635031,2382.922461749858,0.23596517846241213,3.7445057E-5,17.528173,0.013825115,0.2346859,0.009772127,0.033760265,0.006744434,0.44037864,0.06373874,0.6561335,0.012735979,0.09582803,0.017627476,0.089620486,0.014673199,null,null,null,null,"TWOGAUSSIANS",8,36.102665,0.2346859,0.009772011,0.18905748,0.037768833,0.44037336,0.063744515,0.6561335,0.012735979,0.4,0.0,0.08960954,0.0146446945
375316653866487564,4043340898988579840,0.4527624,2546.1848122819747,2.4609321762413363,2.192701E-4,19.288548,0.04625443,0.2033315,0.015988143,0.11390947,0.03699043,0.3481083,0.045494646,0.6459968,0.006027563,0.03397869,0.02455194,0.6986096,1324.022,null,null,null,null,"TWOGAUSSIANS",8,2.8365638,0.6459968,0.006027563,0.19028066,0.13749085,0.69822985,1324.0228,0.2033315,0.015988143,0.4,0.0,0.34754336,0.046432655
375316653866487564,4043340967708272512,0.41945565,2461.942444535556,2.4091022752206293,6.318453E-5,19.064402,0.3247177,0.042374726,0.012816762,0.089402206,0.054923512,0.1718695,0.13124983,0.5776607,0.019953158,0.23884895,0.20023988,0.28138253,0.3026454,null,null,null,null,"TWOGAUSSIANS",8,7.184761,0.5776607,0.01993581,0.4,0.022083104,0.15839463,0.04581806,0.03499473,0.014690218,0.4,0.19385423,0.114506066,0.07163315
375316653866487564,4043341002069599488,0.5537434,2407.0145690989416,2.0137598144121887,2.0635815E-5,18.45487,0.059306465,0.20256416,0.0058108456,0.1225364,0.016766356,0.40020654,0.05643716,0.71035045,0.004434239,0.098078616,0.011612613,0.47121543,0.057023466,null,null,null,null,"TWOGAUSSIANS",8,5.103654,0.7103805,0.0044523017,0.4,0.0,0.41116726,0.023928821,0.20256416,0.0058108456,0.4,0.0,0.3399605,0.02271206
375316653866487564,4043341002069602176,0.46089858,2378.774554134209,0.3063124406265899,6.595113E-5,18.681362,0.007885729,0.21080881,0.007815808,0.01577451,0.008321971,0.3381269,0.23954013,0.6020934,0.022630094,0.0446212,0.022197995,0.057817787,0.01540974,0.031031122,0.010331364,0.6020934,0.022630094,"TWOGAUSSIANS_WITH_ELLIPSOIDAL_ON_ECLIPSE2",9,6.327843,0.2105288,0.007609068,0.088337265,0.046603035,0.3755174,0.23990396,0.6020934,0.022630094,0.24987872,0.12430878,0.11987988,0.020004103
375316653866487564,4043341040701210240,0.4620851,2394.75858046956,2.4303811815956036,2.412091E-5,16.415735,0.019242324,0.1830767,0.007133113,0.07022612,0.010461526,0.2192746,0.021671323,0.681129,0.009181567,0.10904509,0.018451817,0.1456153,0.019423775,null,null,null,null,"TWOGAUSSIANS",8,26.698835,0.1830767,0.007133113,0.39326626,0.044944547,0.21273677,0.017605096,0.681129,0.009181567,0.4,0.0,0.13906951,0.014941063
375316653866487564,4043341070787043456,0.46709144,2369.7489121236918,3.7302055272424304,4.757665E-5,19.18896,0.024756633,0.4373149,0.012743429,0.1341724,0.016248327,0.41978198,0.046901934,0.120908506,0.021368418,0.027334567,0.01335401,0.17518924,0.20367849,null,null,null,null,"TWOGAUSSIANS",8,11.074239,0.4373149,0.012743429,0.4,0.0,0.41897193,0.04741408,0.12291851,0.022314196,0.15307358,0.07478246,0.20086774,0.20204522
375316653866487564,4043341109372010880,0.4190454,2438.343812612359,0.0725158991736398,2.0154841E-5,18.198912,0.009693015,0.3072103,0.010680743,0.06361995,0.024032133,0.1052166,0.06551554,0.79223627,0.004833063,0.065274194,0.013619647,0.29550308,0.17883664,null,null,null,null,"TWOGAUSSIANS",8,7.383242,0.79223627,0.004833063,0.3655355,0.07530583,0.29538277,0.1791093,0.3072103,0.010680743,0.3562717,0.12940705,0.105096266,0.06568392
375316653866487564,4043341139508498816,0.5554992,2419.6197591422606,1.2135207073432097,2.113544E-5,18.195911,0.007920132,0.26697192,0.007629945,0.06113681,0.008059957,0.17102486,0.019424131,0.7777902,0.027355665,0.043844916,0.019985097,0.623637,0.30907607,null,null,null,null,"TWOGAUSSIANS",8,4.540171,0.7777902,0.027355665,0.24553153,0.111916535,0.62363285,0.3091026,0.26697192,0.007629945,0.34236613,0.045135763,0.17102073,0.019409573
375316653866487564,4043341178140180608,0.5233976,2385.399439482023,0.10798423275934117,2.5752226E-5,18.02099,0.0035542718,0.26465026,0.005909312,0.02694501,0.009587192,0.44516918,0.060316432,0.81493556,0.0051855044,0.03564285,0.005522679,0.52448285,0.20597528,null,null,null,null,"TWOGAUSSIANS",8,3.856222,0.81493556,0.0051855044,0.19959997,0.030927002,0.52448285,0.20597528,0.26465026,0.005909312,0.15089206,0.053688277,0.44516918,0.060316432
375316653866487564,4043341208228016000,0.5248191,2406.3002810044873,0.059890177011727164,3.2300384E-5,19.279802,0.029708274,0.18287964,0.009517247,0.08574578,0.011602005,0.23907897,0.032022882,0.70536524,0.0069806697,0.13214287,0.01552864,0.2690895,0.030522466,null,null,null,null,"TWOGAUSSIANS",8,1.1863402,0.70536524,0.0069806697,0.4,0.0,0.24083321,0.01733246,0.18264964,0.009409101,0.4,0.0,0.21132489,0.020342281
375316653866487564,4043341281219972736,0.5319322,2405.5052413644257,1.34739409106496,1.6437274E-5,19.215925,0.009022353,0.22985238,0.0037975472,0.05022084,0.0044017523,0.3105169,0.020039784,0.71938044,0.023056557,0.061574563,0.02116333,0.10699264,0.031631086,null,null,null,null,"TWOGAUSSIANS",8,2.1897066,0.22985238,0.0037975472,0.2812367,0.024649812,0.3105068,0.0200242,0.71938044,0.023056557,0.34481755,0.08647121,0.10698254,0.031725146
375316653866487564,4043341311307596160,0.51101893,2424.9087924967866,3.2992928611708203,1.7680737E-5,19.11588,0.022842495,0.29669428,0.0036857896,0.08226598,0.008263696,0.24205473,0.023053221,0.75725067,0.0067351894,0.12288624,0.015091386,0.16510762,0.022107601,null,null,null,null,"TWOGAUSSIANS",8,1.044618,0.2968143,0.0036212078,0.4,0.0,0.230458,0.018965524,0.75725067,0.0067351894,0.4,0.0,0.1533528,0.012507144
375316653866487564,4043341349938726912,0.5245171,2352.9435309986516,1.0193100687995387,1.1960324E-5,14.790173,0.20350277,0.23327585,0.0040752566,0.124240726,0.035624377,0.18488255,0.16701409,0.73009145,0.0045447703,0.14624089,0.07503558,0.15015332,0.19950902,null,null,null,null,"TWOGAUSSIANS",8,22.22505,0.23339584,0.0038622129,0.4,0.0,0.12778969,0.011612429,0.73009145,0.0045447703,0.4,0.0,0.09230187,0.006714218
375316653866487564,4043341379928316032,0.42393336,2433.391895586448,1.8316261677758283,2.9085693E-5,18.884247,0.014233562,0.15262803,0.012077451,0.012836568,0.018718326,0.19388704,4.258732,0.5358779,0.003943066,0.015550188,0.017554916,0.4880423,617234.3,null,null,null,null,"TWOGAUSSIANS",8,6.8135314,0.5358779,0.003943066,0.08708105,0.098307535,0.4880423,617234.3,0.15262803,0.012077451,0.07188478,0.10482263,0.19388704,4.258732
375316653866487564,4043341418609467776,0.49157035,2371.5498310822127,1.9185031164190647,3.2010368E-5,19.04592,0.104952864,0.26476237,0.00770058,0.06783663,0.014019347,0.52823603,0.094974555,0.7423614,0.009194106,0.099157475,0.0835808,0.31627947,0.65033716,null,null,null,null,"TWOGAUSSIANS",8,13.001409,0.26476237,0.0077474304,0.37988514,0.06512686,0.52256054,0.049825024,0.7423614,0.009194106,0.4,0.026866194,0.31060073,0.66157377
375316653866487564,4043341448746539008,0.4302802,2399.9507435378364,3.9881724116568398,1.1770523E-5,18.131868,0.03325874,0.2645136,0.007958794,0.013695585,0.006246047,0.5399169,1.608985,0.60896385,0.058776528,0.119346075,0.05342891,0.3279668,0.07395475,null,null,null,null,"TWOGAUSSIANS",8,5.5949955,0.2645536,0.0079475045,0.07669527,0.034977864,0.544912,1.6110291,0.60896385,0.058776528,0.4,0.0,0.3278655,0.072912365
375316653866487564,4043341654906116736,0.51137006,2310.338069044235,0.07186135243779238,2.6686506E-5,19.358995,0.026271757,0.027712781,0.005201367,0.021185018,0.0059791123,0.2049751,0.03396705,0.5176806,0.0034265534,0.09094035,0.008457434,0.38494584,0.02089504,null,null,null,null,"TWOGAUSSIANS",8,2.7109833,0.5176806,0.0034265534,0.4,0.0,0.38492805,0.020834036,0.027712781,0.005201367,0.1186361,0.03348303,0.20495756,0.03391971
375316653866487564,4043341723525811712,0.5423204,2356.778616990178,0.5166906956708653,6.691027E-6,18.151627,0.004653095,0.20429325,0.0014856823,0.043757245,0.0047768583,0.42530048,0.08370186,0.712466,0.059113815,0.050924752,0.043864053,0.09089972,0.09247275,null,null,null,null,"TWOGAUSSIANS",8,3.6095688,0.20429325,0.0014856823,0.24504057,0.026750408,0.42530027,0.08370301,0.712466,0.059113815,0.2851786,0.2456387,0.09089951,0.09247416
375316653866487564,4043341757985550080,0.51075685,2317.6176673294185,1.5501267683637747,1.1178647E-4,19.704445,0.032946717,0.39060947,0.041219354,0.15686634,0.047068834,0.13779514,0.03515775,0.8321653,0.012603517,0.05033391,0.008203314,0.8509299,0.09898418,null,null,null,null,"TWOGAUSSIANS",8,1.7872345,0.8321653,0.012603517,0.2818699,0.045938555,0.8448246,0.09537581,0.39060947,0.041219354,0.4,0.0,0.12882361,0.027535034
375316653866487564,4043341861063784192,0.4724154,2380.391673918641,0.9839051443469606,9.185161E-6,18.453901,0.009476471,0.1980427,0.0036731886,0.05350282,0.07549211,0.028574197,0.016816348,null,null,null,null,null,null,0.12517318,0.009638585,0.1980427,0.0036731886,"ONEGAUSSIAN_WITH_ELLIPSOIDAL",6,15.138647,0.1980427,0.0036731886,0.2996158,0.20220174,0.27891997,0.015527128,null,null,null,null,null,null
375316653866487564,4043342032864160000,0.4580108,2368.91456187738,2.052330033291976,3.291002E-5,18.775518,0.013189746,0.26344246,0.00629585,0.06394917,0.006308715,0.29875007,0.032853074,0.7399939,0.04614745,0.09107597,0.042900395,0.10134552,0.024532625,null,null,null,null,"TWOGAUSSIANS",8,12.330514,0.26344246,0.00629585,0.35811535,0.035328805,0.2977316,0.03176188,0.7399939,0.04614745,0.4,0.0876757,0.100326955,0.023924327
