Gaia/vari_eclipsing_binary/VariEclipsingBinary_489074-489112.csv
# %ECSV 1.0
# ---
# delimiter: ','
# meta: !!omap
# - RELEASE: Gaia DR3
# - TABLE: vari_eclipsing_binary
# - DESCRIPTION: >
#     This table describes the properties of the eclipsing binaries resulting from the variability analysis. 
# - CITATION: >
#     How to cite and acknowledge Gaia: 
#     https://gea.esac.esa.int/archive/documentation/credits.html 
# - KNOWN_ISSUES: >
#     Known issues: 
#     https://www.cosmos.esa.int/web/gaia-users/known-issues 
# - DOCUMENTATION: >
#     Tutorials and documentation: 
#     https://www.cosmos.esa.int/web/gaia-users/archive 
# datatype:
# - 
#   name: solution_id
#   datatype: int64
#   description: Solution Identifier
#   meta:
#     ucd: meta.version
# - 
#   name: source_id
#   datatype: int64
#   description: Unique source identifier
#   meta:
#     ucd: meta.id;meta.main
# - 
#   name: global_ranking
#   datatype: float32
#   description: Number between 0 (worst) and 1 (best)
#   meta:
#     ucd: stat.param
# - 
#   name: reference_time
#   datatype: float64
#   unit: d
#   description: Reference time used for the geometric model fit
#   meta:
#     ucd: time.epoch
# - 
#   name: frequency
#   datatype: float64
#   unit: d**-1
#   description: Frequency of geometric model of the eclipsing binary light curve
#   meta:
#     ucd: src.orbital
# - 
#   name: frequency_error
#   datatype: float32
#   unit: d**-1
#   description: "Uncertainty of \\texttt{frequency}"
#   meta:
#     ucd: stat.error
# - 
#   name: geom_model_reference_level
#   datatype: float32
#   unit: mag
#   description: Magnitude reference level of geometric model
#   meta:
#     ucd: phot.mag;em.opt
# - 
#   name: geom_model_reference_level_error
#   datatype: float32
#   unit: mag
#   description: "Uncertainty of \\texttt{geomModelReferenceLevel}"
#   meta:
#     ucd: stat.error;phot.mag;em.opt
# - 
#   name: geom_model_gaussian1_phase
#   datatype: float32
#   description: Phase of the Gaussian 1 component
#   meta:
#     ucd: time.phase
# - 
#   name: geom_model_gaussian1_phase_error
#   datatype: float32
#   description: "Uncertainty of \\texttt{geomModelGaussian1Phase}"
#   meta:
#     ucd: stat.error;time.phase
# - 
#   name: geom_model_gaussian1_sigma
#   datatype: float32
#   description: "Standard deviation [phase] of Gaussian 1 component"
#   meta:
#     ucd: stat.stdev
# - 
#   name: geom_model_gaussian1_sigma_error
#   datatype: float32
#   description: "Uncertainty of \\texttt{geomModelGaussian1Sigma}"
#   meta:
#     ucd: stat.error
# - 
#   name: geom_model_gaussian1_depth
#   datatype: float32
#   unit: mag
#   description: Magnitude depth of Gaussian 1 component
#   meta:
#     ucd: src.var.amplitude
# - 
#   name: geom_model_gaussian1_depth_error
#   datatype: float32
#   unit: mag
#   description: "Uncertainty of \\texttt{geomModelGaussian1Depth}"
#   meta:
#     ucd: stat.error;src.var.amplitude
# - 
#   name: geom_model_gaussian2_phase
#   datatype: float32
#   description: Phase of Gaussian 2 component
#   meta:
#     ucd: time.phase
# - 
#   name: geom_model_gaussian2_phase_error
#   datatype: float32
#   description: "Uncertainty of \\texttt{geomModelGaussian2Phase}"
#   meta:
#     ucd: stat.error;time.phase
# - 
#   name: geom_model_gaussian2_sigma
#   datatype: float32
[...]
#   datatype: float32
#   description: "Secondary eclipse: uncertainty of \\texttt{derivedSecondaryEclDuration}"
#   meta:
#     ucd: stat.error;time.duration
# - 
#   name: derived_secondary_ecl_depth
#   datatype: float32
#   unit: mag
#   description: "Secondary eclipse: depth"
#   meta:
#     ucd: src.var.amplitude
# - 
#   name: derived_secondary_ecl_depth_error
#   datatype: float32
#   unit: mag
#   description: "Secondary eclipse: uncertainty of \\texttt{derivedSecondaryEclDepth}"
#   meta:
#     ucd: stat.error;src.var.amplitude
solution_id,source_id,global_ranking,reference_time,frequency,frequency_error,geom_model_reference_level,geom_model_reference_level_error,geom_model_gaussian1_phase,geom_model_gaussian1_phase_error,geom_model_gaussian1_sigma,geom_model_gaussian1_sigma_error,geom_model_gaussian1_depth,geom_model_gaussian1_depth_error,geom_model_gaussian2_phase,geom_model_gaussian2_phase_error,geom_model_gaussian2_sigma,geom_model_gaussian2_sigma_error,geom_model_gaussian2_depth,geom_model_gaussian2_depth_error,geom_model_cosine_half_period_amplitude,geom_model_cosine_half_period_amplitude_error,geom_model_cosine_half_period_phase,geom_model_cosine_half_period_phase_error,model_type,num_model_parameters,reduced_chi2,derived_primary_ecl_phase,derived_primary_ecl_phase_error,derived_primary_ecl_duration,derived_primary_ecl_duration_error,derived_primary_ecl_depth,derived_primary_ecl_depth_error,derived_secondary_ecl_phase,derived_secondary_ecl_phase_error,derived_secondary_ecl_duration,derived_secondary_ecl_duration_error,derived_secondary_ecl_depth,derived_secondary_ecl_depth_error
[from data line 75]
375316653866487564,4301990941924032128,0.58925366,2163.3666292786747,2.9112188526266163,1.648185E-5,17.804499,0.0076669455,0.23372176,0.0035231495,0.07812658,0.0046102894,0.41994923,0.006686456,0.73339856,0.0035148552,0.07994534,0.002650046,0.39555976,0.013552146,null,null,null,null,"TWOGAUSSIANS",8,6.141634,0.23372176,0.0035231495,0.4,0.0,0.4145091,0.0050890315,0.73339856,0.0035148552,0.4,0.0,0.3901196,0.012423432
375316653866487564,4301992900429378176,0.5845899,2167.98559032176,0.6920994984610765,1.7978478E-5,18.540335,0.0065805707,0.3943471,0.03246178,0.040010232,0.012690624,0.6705248,0.31950042,0.86620194,0.0044168197,0.021253468,0.004065721,0.592643,0.08587796,null,null,null,null,"TWOGAUSSIANS",8,6.2386656,0.3943471,0.03246178,0.2240573,0.0710675,0.6705248,0.31950042,0.86620194,0.0044168197,0.11901943,0.022768037,0.592643,0.08587796
375316653866487564,4301994038615172352,0.57042134,2133.1485067675667,3.6481548186677997,9.827289E-6,17.439054,0.009137776,0.29573694,0.0015765562,0.08271548,0.0025683197,0.4503426,0.011631588,0.7952447,0.002638185,0.08215528,0.003912761,0.4710504,0.021495936,null,null,null,null,"TWOGAUSSIANS",8,11.780292,0.7952447,0.002638185,0.4,0.0,0.46186176,0.022613242,0.29573694,0.0015765562,0.4,0.0,0.44115394,0.010616824
375316653866487564,4301994863248939520,0.59172755,2132.0550112975784,1.5618002191796512,5.0457784E-6,14.742909,0.01126223,0.2438725,0.0018695554,0.12605943,0.009230255,0.14161775,0.010032446,0.7422168,0.0021099304,0.10167112,0.007849099,0.12923597,0.010329504,null,null,null,null,"TWOGAUSSIANS",8,8.997319,0.2438725,0.0018695554,0.4,0.0,0.11774173,0.0021966689,0.7422168,0.0021099304,0.4,0.0,0.10546726,0.0025213314
375316653866487564,4301995924082465792,0.5010712,2125.4052634965747,3.277747095640425,1.1582869E-5,19.19183,0.109517306,0.23791152,0.0039159665,0.08747546,0.020163875,0.25730187,0.08910437,0.7396151,0.027521238,0.09571883,0.13014738,0.114089414,0.08602568,null,null,null,null,"TWOGAUSSIANS",8,2.632257,0.23791152,0.0034963223,0.4,0.0,0.2495198,0.019438758,0.7396151,0.027542185,0.4,0.07049425,0.106307134,0.020424776
375316653866487564,4301996512502484992,0.41192558,2163.2010536717235,4.356083257069451,5.302782E-5,19.195349,0.02633405,0.15722492,0.017029924,0.04965135,0.012461092,0.110090494,0.032076336,0.4937765,0.017085806,0.17380296,0.049285494,0.17888018,0.027617015,null,null,null,null,"TWOGAUSSIANS",8,8.250039,0.4937765,0.017085806,0.4,0.0,0.17285967,0.03253166,0.16450492,0.016836762,0.27804756,0.069782116,0.1327265,0.033090606
375316653866487564,4301996856113874944,0.65634006,2144.0868470347973,3.1635206995898817,4.6905807E-6,15.996471,0.011136168,0.24932285,9.527556E-4,0.05273679,0.0028565552,0.30778286,0.023956303,0.7426508,0.002326438,0.044743765,0.0048496337,0.2455546,0.02168467,0.10437423,0.012161095,0.24932285,9.527556E-4,"TWOGAUSSIANS_WITH_ELLIPSOIDAL_ON_ECLIPSE1",9,19.54637,0.24932285,9.527556E-4,0.29532602,0.015996708,0.51652694,0.010282684,0.7434408,0.0020199216,0.25056508,0.02715795,0.45397544,0.0062503624
375316653866487564,4301996924833337984,0.61241287,2165.6701280260268,0.09349930148240364,6.3362554E-6,14.894412,6.2440103E-4,0.1448527,9.5200265E-4,0.029299196,0.0019950618,0.047472052,0.004925593,0.35882896,4.1268322E-7,0.0034876626,7.2549874E-6,0.25951,5.776116E-4,null,null,null,null,"TWOGAUSSIANS",8,9.922256,0.35882896,4.1268322E-7,0.019530911,4.062793E-5,0.25951,5.776116E-4,0.1448527,9.5200265E-4,0.1640755,0.011172345,0.047472052,0.004925593
375316653866487564,4301997440215726208,0.4572182,2144.1152109037416,3.401096105525027,1.9887559E-5,18.098843,0.439673,0.25196865,0.0067100893,0.12743619,0.043368716,0.29121125,0.33658233,0.7563049,0.0039359257,0.16069806,0.12228352,0.26013148,0.4280834,null,null,null,null,"TWOGAUSSIANS",8,11.052284,0.25160867,0.005710692,0.4,0.0,0.17872748,0.013663686,0.75640494,0.004106419,0.4,0.0,0.14378862,0.014410292
375316653866487564,4301998608460666752,0.57422894,2174.5334116967047,3.0655959381923767,6.2638874E-6,18.06612,0.017995892,0.30940467,0.0021289703,0.044921886,0.0065074987,0.32702956,0.032574296,0.8199276,0.0041780192,0.04869353,0.015638974,0.13560225,0.03799946,0.12819883,0.019391846,0.8199276,0.0041780192,"TWOGAUSSIANS_WITH_ELLIPSOIDAL_ON_ECLIPSE2",9,6.238435,0.31057468,0.0017580218,0.25156257,0.036441993,0.5824312,0.03988779,0.8199276,0.0041780192,0.27268377,0.08757825,0.39199924,0.021662837
375316653866487564,4301998642807153408,0.5464323,2158.4028028282055,3.3182159679157652,1.756899E-5,18.651886,0.0095865335,0.20780897,0.0046728435,0.03633229,0.009507318,0.13567796,0.042301305,0.69577277,0.008401187,0.059843384,0.009910517,0.19854298,0.0384925,0.10790774,0.012152757,0.20780897,0.0046728435,"TWOGAUSSIANS_WITH_ELLIPSOIDAL_ON_ECLIPSE1",9,5.9373245,0.69860274,0.0069838953,0.33512294,0.055498898,0.4134016,0.03396037,0.20780897,0.0046728435,0.20346083,0.05324098,0.35147977,0.03902612
375316653866487564,4301998844668908032,0.5399878,2165.4449117366726,3.6469500494873057,1.0952918E-5,17.997305,0.070471294,0.2644232,0.012956199,0.049132984,0.053678714,0.30189243,0.06859097,0.7602008,0.0064719194,0.042173117,0.023095839,0.24569881,0.11830627,0.073047854,0.07738185,0.2644232,0.012956199,"TWOGAUSSIANS_WITH_ELLIPSOIDAL_ON_ECLIPSE1",9,12.368745,0.2644232,0.012956199,0.2751447,0.26813257,0.44798738,0.16114329,0.76053077,0.005753193,0.23616944,0.1293367,0.39169887,0.046033837
375316653866487564,4301999261295735680,0.59450793,2153.4801051691657,2.7366322005053947,6.8231157E-6,17.058846,0.005912218,0.24048582,0.0025411022,0.08669964,0.004665129,0.40700775,0.017675744,0.74365854,0.0037258626,0.08594231,0.0034290852,0.42375308,0.010817818,null,null,null,null,"TWOGAUSSIANS",8,13.201916,0.74365854,0.0037258626,0.4,0.0,0.41187468,0.009183252,0.24048582,0.0025411022,0.4,0.0,0.39512935,0.019550307
375316653866487564,4301999914130650496,0.6607841,2103.7010380704605,1.4169934277117198,5.182751E-6,17.282879,0.0030007276,0.22855261,0.0010454295,0.03816767,8.008095E-4,0.6038548,0.012516368,0.7282058,0.0025851738,0.030847358,0.0054227617,0.095325984,0.0068354723,0.021830328,0.0035306928,0.22855261,0.0010454295,"TWOGAUSSIANS_WITH_ELLIPSOIDAL_ON_ECLIPSE1",9,4.3224716,0.22855261,0.0010454295,0.21373896,0.004484533,0.6475154,0.011985884,0.72821575,0.002529594,0.17274521,0.030367466,0.13898642,0.005061475
375316653866487564,4302000807470845824,0.48866826,2183.9717221993883,1.768693351617347,9.957519E-5,19.440887,0.028121108,0.25078994,0.044081897,0.15765367,0.08893884,0.059590787,0.03425229,0.67679924,0.0015079038,0.030836895,0.00295495,0.36416206,0.02006399,null,null,null,null,"TWOGAUSSIANS",8,3.1481564,0.67679924,0.0015079038,0.17268662,0.01654772,0.36452642,0.021487072,0.25078994,0.044081897,0.4,0.0,0.058328878,0.03024347
375316653866487564,4302001078044134528,0.51299536,2163.889170566052,3.5308011735220894,2.0459916E-5,19.358536,0.017050741,0.25425228,0.0070784884,0.080652624,0.012178542,0.44338906,0.043108575,0.751982,0.004155418,0.06513915,0.0057883984,0.4318811,0.03185179,null,null,null,null,"TWOGAUSSIANS",8,4.428299,0.25425228,0.0070784884,0.4,0.0,0.44108298,0.044784352,0.751982,0.004155418,0.36477923,0.03241503,0.429575,0.031626903
375316653866487564,4302001185441169408,0.5859787,2173.0455057001873,2.6530375441457865,4.828811E-6,17.228426,0.006407855,0.20127335,0.0014764384,0.08172182,0.0026927448,0.53843296,0.017384408,0.6997968,0.0018169432,0.062909,0.0026571355,0.3870926,0.0155948745,null,null,null,null,"TWOGAUSSIANS",8,13.291183,0.20127335,0.0014764384,0.4,0.0,0.5361653,0.017684057,0.6997968,0.0018169432,0.3522904,0.01487996,0.3848249,0.01580042
375316653866487564,4302001357239868672,0.4514469,2162.6242266124395,2.5702135702808206,4.2949272E-5,19.088137,0.027443698,0.24475558,0.026858745,0.083277114,0.027220795,0.16753224,0.040967595,0.72945946,0.009693753,0.09831647,0.018596802,0.18153961,0.025986098,null,null,null,null,"TWOGAUSSIANS",8,5.3312235,0.72945946,0.009693753,0.4,0.0,0.17531721,0.018389383,0.24475558,0.026858851,0.4,0.04983202,0.16131099,0.036497
375316653866487564,4302002525456324224,0.4408996,2134.8041562849917,0.03709387967423606,2.1193406E-5,19.864565,0.009480261,0.12095418,0.0015107349,0.008669419,0.0014055637,0.1871278,0.022743996,0.5725776,0.021871647,0.15363806,0.014576599,0.2826012,0.02352969,null,null,null,null,"TWOGAUSSIANS",8,2.202329,0.5725776,0.021871647,0.4,0.0,0.27976725,0.023085905,0.120974176,0.0015083447,0.048548747,0.007871157,0.18853548,0.022898061
375316653866487564,4302002662895312000,0.5198106,2139.6044095570924,3.5375713693930666,1.4316866E-5,19.444834,0.017191222,0.28540707,0.0050877393,0.07853265,0.0068518864,0.55400056,0.04214705,0.7869786,0.011599024,0.07063199,0.007406613,0.36134556,0.03798167,null,null,null,null,"TWOGAUSSIANS",8,5.8616014,0.28540707,0.0050877393,0.4,0.0,0.550836,0.04285096,0.7869786,0.011599024,0.39553913,0.033435363,0.358181,0.03676191
375316653866487564,4302004758839530880,0.47559345,2098.468084432269,0.7121084723012464,1.27016E-5,19.665499,0.00887996,0.108893186,0.010931387,0.013983108,0.0061215367,0.45973998,0.710121,0.60450417,0.00857956,0.024294052,0.015379488,0.25606674,0.117584296,null,null,null,null,"TWOGAUSSIANS",8,2.7077122,0.108893186,0.010931387,0.07830541,0.034280606,0.45973998,0.710121,0.60450417,0.00857956,0.1360467,0.08612513,0.25606674,0.117584296
375316653866487564,4302004930652327936,0.6196219,2106.841366404723,1.5879488837886107,6.5343115E-6,14.634632,0.006505362,0.21260786,0.0018422157,0.0935961,0.004708282,0.16711988,0.0059608254,0.7095575,0.0020215518,0.10765608,0.0058875177,0.16876893,0.005547581,null,null,null,null,"TWOGAUSSIANS",8,15.132743,0.7095575,0.0020215518,0.4,0.0,0.15403292,0.0050924425,0.21260786,0.0018422157,0.4,0.0,0.15239069,0.0021631354
375316653866487564,4302005927071261696,0.5403894,2101.734263539803,3.784767743561635,2.347894E-5,19.679226,0.01923307,0.18838678,0.0057221446,0.06819308,0.00582296,0.43152356,0.025036044,0.70290035,0.005956342,0.08130567,0.005844845,0.5416388,0.03518843,null,null,null,null,"TWOGAUSSIANS",8,2.0100398,0.70290035,0.005956342,0.4,0.0,0.5390325,0.034612343,0.18838678,0.0057221446,0.38188127,0.032608576,0.42891732,0.023604712
375316653866487564,4302006644322009728,0.46947122,2164.1286825290813,4.409161662565358,3.9830167E-5,18.740477,0.006371399,0.36239251,0.005181527,0.018952062,0.00607297,0.1426624,0.043973953,0.6493131,0.012447742,0.024897419,0.00892522,0.3758479,0.05721936,null,null,null,null,"TWOGAUSSIANS",8,6.913964,0.6493131,0.012447742,0.13942555,0.04998123,0.3758479,0.05721936,0.36239251,0.005181527,0.106131546,0.034008633,0.1426624,0.043973953
375316653866487564,4302006747401446272,0.577151,2159.5315561987095,3.3034452275935546,6.10603E-6,18.926994,0.009770583,0.3116494,0.0014358788,0.04775913,0.004695887,0.30839717,0.03711316,0.83303446,0.024136487,0.030164132,0.017819682,0.23700568,0.20800364,0.13183558,0.016209837,0.3116494,0.0014358788,"TWOGAUSSIANS_WITH_ELLIPSOIDAL_ON_ECLIPSE1",9,2.0010288,0.3116494,0.0014358788,0.2674511,0.02629697,0.5720679,0.04081989,0.83303446,0.023965394,0.16891915,0.09979022,0.4959446,0.2016016
375316653866487564,4302007095316800256,0.54199475,2112.978638560413,2.482175452646977,8.181337E-6,17.828205,0.01395542,0.24663669,0.003744405,0.07531162,0.005288521,0.32466063,0.013443254,0.75878835,0.0021914598,0.0828056,0.0046685655,0.31486222,0.018874379,null,null,null,null,"TWOGAUSSIANS",8,10.466239,0.24663669,0.003744405,0.4,0.0,0.32129768,0.01191391,0.75878835,0.0021914598,0.4,0.0,0.31149927,0.018323656
375316653866487564,4302007331517414016,0.5617215,2126.3846509426317,0.37105017083530684,4.9874398E-5,18.60672,0.0040876786,0.1618807,0.010384474,0.024669953,0.007159832,0.17052154,0.023045484,0.6748335,1.0864198E-4,0.015858822,4.0375927E-4,0.99993384,0.017587371,null,null,null,null,"TWOGAUSSIANS",8,4.844526,0.6748335,1.0864198E-4,0.0888094,0.002261052,0.99993384,0.017587371,0.1618807,0.010384474,0.13815174,0.04009506,0.17052154,0.023045484
375316653866487564,4302007748151233408,0.46738508,2168.9301014350353,4.3610615042328735,5.41423E-5,14.794557,0.028634515,0.29093423,0.016291069,0.1816134,0.051488854,0.09898424,0.027020818,0.7176437,0.028774766,0.06724964,0.022605658,0.03724068,0.013874123,null,null,null,null,"TWOGAUSSIANS",8,121.427,0.29093423,0.016291069,0.4,0.0,0.088825196,0.00818278,0.7176437,0.028774766,0.376598,0.110171184,0.034024205,0.011652106
375316653866487564,4302007851230489216,0.63931096,2143.4334444981105,0.9643816712240199,3.860948E-6,16.35886,0.005048864,0.21197619,0.0012827958,0.030556424,0.0012258894,1.7200233,0.081856586,0.7189168,0.0043179328,0.027688902,0.0039053666,0.16453968,0.029128835,0.024927145,0.0075600035,0.21197619,0.0012827958,"TWOGAUSSIANS_WITH_ELLIPSOIDAL_ON_ECLIPSE1",9,53.09637,0.21197619,0.0012827958,0.17111596,0.006864981,1.7698776,0.08254804,0.7189168,0.0043179328,0.15505785,0.021870054,0.21429922,0.02814129
375316653866487564,4302007954309702528,0.649361,2158.401107441749,3.6689780724193626,4.578692E-6,13.658313,0.012085609,0.24595138,0.004204544,0.035457797,0.0040593403,0.51846945,0.029342879,0.75187844,0.001125111,0.04160839,0.0018955731,0.5542256,0.028979205,0.1524568,0.017182162,0.75187844,0.001125111,"TWOGAUSSIANS_WITH_ELLIPSOIDAL_ON_ECLIPSE2",9,212.92186,0.75187844,0.001125111,0.23300698,0.010615209,0.859139,0.017283523,0.24628139,0.00399939,0.19856365,0.022732306,0.8229835,0.033886746
375316653866487564,4302008366626582016,0.6112047,2132.607448715911,2.395962812610968,1.6193168E-5,17.488293,0.0045258277,0.2354145,0.002149094,0.053018298,0.0045781555,0.07077281,0.012827641,0.72825545,0.0023548477,0.053158477,0.002238475,0.332226,0.015291534,0.048222594,0.0065202857,0.2354145,0.002149094,"TWOGAUSSIANS_WITH_ELLIPSOIDAL_ON_ECLIPSE1",9,2.5834665,0.72869545,0.0021819312,0.29768747,0.01253546,0.42848343,0.012810502,0.2354145,0.002149094,0.29690248,0.025637671,0.16721343,0.0062484974
375316653866487564,4302008465389155328,0.4866012,2086.17520874367,3.292038632501241,2.6140553E-5,19.40341,0.016689522,0.20599127,0.01107906,0.089973,0.014786948,0.24631199,0.023024023,0.6986027,0.0053195693,0.09711426,0.010986891,0.26931354,0.015508363,null,null,null,null,"TWOGAUSSIANS",8,1.4510822,0.6986027,0.0053195693,0.4,0.0,0.25627658,0.011222727,0.20599127,0.01107906,0.4,0.0,0.23327592,0.022544581
375316653866487564,4302008641504285440,0.532262,2139.4572211255986,0.16708647508079152,1.1965137E-5,17.699635,0.002148264,0.05345302,0.0019461028,0.005503278,0.0011386691,0.3760971,0.09567952,0.75809675,0.014660361,0.011515459,0.009752731,0.071897596,0.04149542,null,null,null,null,"TWOGAUSSIANS",8,3.9446313,0.05345302,0.0019461028,0.030818356,0.006376547,0.3760971,0.09567952,0.75809675,0.014660361,0.06448657,0.054615296,0.071897596,0.04149542
375316653866487564,4302009363045705216,0.5127643,2090.923560797774,1.3117615188182388,1.132658E-5,18.748377,0.0062018987,0.2660908,0.0079816,0.040934313,0.013089504,0.2263613,0.02730975,0.7690591,0.0022099433,0.033181235,0.0029372578,0.50200605,0.045397814,null,null,null,null,"TWOGAUSSIANS",8,5.0861206,0.7690591,0.0022099433,0.18581492,0.016448643,0.50200605,0.045397814,0.2660908,0.0079816,0.22923216,0.07330122,0.2263613,0.027309768
375316653866487564,4302009569217291264,0.59599525,2095.576016372165,1.6983359984428918,3.4324933E-6,17.001055,0.011918968,0.26680768,0.00166244,0.05732259,0.0041920487,0.28237808,0.022876512,0.7660948,0.030053873,0.038626842,0.045390423,0.046021447,0.9677709,0.042266265,0.013681544,0.26680768,0.00166244,"TWOGAUSSIANS_WITH_ELLIPSOIDAL_ON_ECLIPSE1",9,7.031404,0.26680768,0.00166244,0.3210065,0.023475472,0.3668892,0.010092455,0.7662248,0.029982926,0.21631032,0.25418636,0.13053118,0.9807463
