Gaia/vari_eclipsing_binary/VariEclipsingBinary_667766-667792.csv
# %ECSV 1.0
# ---
# delimiter: ','
# meta: !!omap
# - RELEASE: Gaia DR3
# - TABLE: vari_eclipsing_binary
# - DESCRIPTION: >
#     This table describes the properties of the eclipsing binaries resulting from the variability analysis. 
# - CITATION: >
#     How to cite and acknowledge Gaia: 
#     https://gea.esac.esa.int/archive/documentation/credits.html 
# - KNOWN_ISSUES: >
#     Known issues: 
#     https://www.cosmos.esa.int/web/gaia-users/known-issues 
# - DOCUMENTATION: >
#     Tutorials and documentation: 
#     https://www.cosmos.esa.int/web/gaia-users/archive 
# datatype:
# - 
#   name: solution_id
#   datatype: int64
#   description: Solution Identifier
#   meta:
#     ucd: meta.version
# - 
#   name: source_id
#   datatype: int64
#   description: Unique source identifier
#   meta:
#     ucd: meta.id;meta.main
# - 
#   name: global_ranking
#   datatype: float32
#   description: Number between 0 (worst) and 1 (best)
#   meta:
#     ucd: stat.param
# - 
#   name: reference_time
#   datatype: float64
#   unit: d
#   description: Reference time used for the geometric model fit
#   meta:
#     ucd: time.epoch
# - 
#   name: frequency
#   datatype: float64
#   unit: d**-1
#   description: Frequency of geometric model of the eclipsing binary light curve
#   meta:
#     ucd: src.orbital
# - 
#   name: frequency_error
#   datatype: float32
#   unit: d**-1
#   description: "Uncertainty of \\texttt{frequency}"
#   meta:
#     ucd: stat.error
# - 
#   name: geom_model_reference_level
#   datatype: float32
#   unit: mag
#   description: Magnitude reference level of geometric model
#   meta:
#     ucd: phot.mag;em.opt
# - 
#   name: geom_model_reference_level_error
#   datatype: float32
#   unit: mag
#   description: "Uncertainty of \\texttt{geomModelReferenceLevel}"
#   meta:
#     ucd: stat.error;phot.mag;em.opt
# - 
#   name: geom_model_gaussian1_phase
#   datatype: float32
#   description: Phase of the Gaussian 1 component
#   meta:
#     ucd: time.phase
# - 
#   name: geom_model_gaussian1_phase_error
#   datatype: float32
#   description: "Uncertainty of \\texttt{geomModelGaussian1Phase}"
#   meta:
#     ucd: stat.error;time.phase
# - 
#   name: geom_model_gaussian1_sigma
#   datatype: float32
#   description: "Standard deviation [phase] of Gaussian 1 component"
#   meta:
#     ucd: stat.stdev
# - 
#   name: geom_model_gaussian1_sigma_error
#   datatype: float32
#   description: "Uncertainty of \\texttt{geomModelGaussian1Sigma}"
#   meta:
#     ucd: stat.error
# - 
#   name: geom_model_gaussian1_depth
#   datatype: float32
#   unit: mag
#   description: Magnitude depth of Gaussian 1 component
#   meta:
#     ucd: src.var.amplitude
# - 
#   name: geom_model_gaussian1_depth_error
#   datatype: float32
#   unit: mag
#   description: "Uncertainty of \\texttt{geomModelGaussian1Depth}"
#   meta:
#     ucd: stat.error;src.var.amplitude
# - 
#   name: geom_model_gaussian2_phase
#   datatype: float32
#   description: Phase of Gaussian 2 component
#   meta:
#     ucd: time.phase
# - 
#   name: geom_model_gaussian2_phase_error
#   datatype: float32
#   description: "Uncertainty of \\texttt{geomModelGaussian2Phase}"
#   meta:
#     ucd: stat.error;time.phase
# - 
#   name: geom_model_gaussian2_sigma
#   datatype: float32
[...]
#   datatype: float32
#   description: "Secondary eclipse: uncertainty of \\texttt{derivedSecondaryEclDuration}"
#   meta:
#     ucd: stat.error;time.duration
# - 
#   name: derived_secondary_ecl_depth
#   datatype: float32
#   unit: mag
#   description: "Secondary eclipse: depth"
#   meta:
#     ucd: src.var.amplitude
# - 
#   name: derived_secondary_ecl_depth_error
#   datatype: float32
#   unit: mag
#   description: "Secondary eclipse: uncertainty of \\texttt{derivedSecondaryEclDepth}"
#   meta:
#     ucd: stat.error;src.var.amplitude
solution_id,source_id,global_ranking,reference_time,frequency,frequency_error,geom_model_reference_level,geom_model_reference_level_error,geom_model_gaussian1_phase,geom_model_gaussian1_phase_error,geom_model_gaussian1_sigma,geom_model_gaussian1_sigma_error,geom_model_gaussian1_depth,geom_model_gaussian1_depth_error,geom_model_gaussian2_phase,geom_model_gaussian2_phase_error,geom_model_gaussian2_sigma,geom_model_gaussian2_sigma_error,geom_model_gaussian2_depth,geom_model_gaussian2_depth_error,geom_model_cosine_half_period_amplitude,geom_model_cosine_half_period_amplitude_error,geom_model_cosine_half_period_phase,geom_model_cosine_half_period_phase_error,model_type,num_model_parameters,reduced_chi2,derived_primary_ecl_phase,derived_primary_ecl_phase_error,derived_primary_ecl_duration,derived_primary_ecl_duration_error,derived_primary_ecl_depth,derived_primary_ecl_depth_error,derived_secondary_ecl_phase,derived_secondary_ecl_phase_error,derived_secondary_ecl_duration,derived_secondary_ecl_duration_error,derived_secondary_ecl_depth,derived_secondary_ecl_depth_error
[from data line 111]
375316653866487564,5873807517532534016,0.67948246,2317.7525710047516,0.29458843024036097,1.071008E-6,15.145644,0.0011360768,0.34937045,0.0028334623,0.010752528,8.0083456E-4,0.50479656,0.14754415,0.8473834,2.7901618E-4,0.01171316,5.1966106E-4,0.553978,0.017644515,0.0024915775,0.0015176466,0.34937045,0.0028334623,"TWOGAUSSIANS_WITH_ELLIPSOIDAL_ON_ECLIPSE1",9,9.94971,0.8473834,2.7901618E-4,0.0655937,0.0029101018,0.5589604,0.017526455,0.34937045,0.0028334623,0.060214154,0.0044846735,0.5097797,0.14773497
375316653866487564,5873808239088744832,0.58413917,2294.677877294208,3.014619036513991,8.304766E-6,18.116175,0.005054442,0.25701666,0.0025831533,0.07357734,0.0027327666,0.29480433,0.007162999,0.74819356,0.002106637,0.07886126,0.003454871,0.34709352,0.0074390406,null,null,null,null,"TWOGAUSSIANS",8,3.3572686,0.74819356,0.002106637,0.4,0.0,0.344652,0.007422682,0.25701666,0.0025831533,0.4,0.0,0.2923628,0.0068450226
375316653866487564,5873808891922082432,0.44007817,2290.964362109373,3.9900097778374772,4.023308E-5,18.227406,0.025974369,0.54333425,0.012273081,0.16426706,0.025193075,0.29528236,0.033325624,0.9897092,0.96821785,0.015375109,0.0074186493,0.061038796,0.03207611,null,null,null,null,"TWOGAUSSIANS",8,25.48317,0.54333425,0.012273081,0.4,0.0,0.28947124,0.034734804,0.9897092,0.96821785,0.08610061,0.041544437,0.06359486,0.033639632
375316653866487564,5873809403001079296,0.5732716,2298.3983127307606,2.26931202983908,7.8812345E-6,18.652777,0.0054048416,0.22146416,0.0017611267,0.04316351,0.0073452853,0.1318625,0.016154861,0.7223793,0.0038098418,0.045392733,0.005455384,0.11349332,0.01543592,0.11329862,0.008140324,0.22146416,0.0017611267,"TWOGAUSSIANS_WITH_ELLIPSOIDAL_ON_ECLIPSE1",9,2.0726666,0.22146416,0.0017611267,0.24171565,0.041133597,0.3584597,0.0124856485,0.7223793,0.003586592,0.2541993,0.030550152,0.34008303,0.011051249
375316653866487564,5873809677882043264,0.5966623,2285.346042887767,2.2801622532415027,5.989221E-6,17.646624,0.006688858,0.25080308,0.0015923148,0.044875637,0.00649458,0.10218289,0.020530734,0.7352244,0.0052828332,0.050836336,0.00719122,0.12452244,0.01427312,0.11721571,0.008636723,0.25080308,0.0015923148,"TWOGAUSSIANS_WITH_ELLIPSOIDAL_ON_ECLIPSE1",9,4.1593137,0.7395444,0.0040429397,0.2846835,0.04027083,0.35733333,0.006281484,0.25080308,0.0015923148,0.25130355,0.036369648,0.33661377,0.01791157
375316653866487564,5873810575535744640,0.48092994,2295.216136521277,3.6286221286492277,1.864148E-5,18.822535,0.021510947,0.2730179,0.007129292,0.09235604,0.01768373,0.20493983,0.020695016,0.773598,0.004746212,0.09610772,0.012683536,0.23162779,0.018099014,null,null,null,null,"TWOGAUSSIANS",8,4.8200855,0.773598,0.004746212,0.4,0.0,0.21881446,0.009657074,0.2730179,0.007129292,0.4,0.0,0.19212694,0.021703603
375316653866487564,5873810816053977088,0.47517452,2289.868349441111,3.0781605757292727,1.7402612E-5,19.224905,0.019179543,0.30069095,0.0063280733,0.10548566,0.013930038,0.20032436,0.017869055,0.81972283,0.0071679023,0.09153435,0.013177663,0.15321963,0.019844797,null,null,null,null,"TWOGAUSSIANS",8,2.7631776,0.30069095,0.0063280733,0.4,0.0,0.18934913,0.011201094,0.81973284,0.0071644797,0.4,0.0,0.14225146,0.014601647
375316653866487564,5873810816067539328,0.5434001,2292.458616006551,2.7996623820161224,6.9924677E-6,18.292164,0.0034623093,0.18062623,0.0022768462,0.056590024,0.005023268,0.112348735,0.015101483,0.6834957,0.0010630094,0.017571652,0.0032373932,0.12119144,0.02763684,0.09827543,0.0056933304,0.18062623,0.0022768462,"TWOGAUSSIANS_WITH_ELLIPSOIDAL_ON_ECLIPSE1",9,4.8367734,0.6834957,0.0010630094,0.09840125,0.0181294,0.3176715,0.026890649,0.18062623,0.0022768462,0.31690413,0.0281303,0.3088927,0.013275792
375316653866487564,5873811430225632512,0.5257709,2290.947874049014,2.328074616261532,1.0952814E-5,18.627197,0.011193177,0.2413107,0.0025779135,0.09236593,0.006239278,0.19169036,0.01047531,0.7443722,0.004379643,0.09115222,0.008265995,0.19547102,0.011082638,null,null,null,null,"TWOGAUSSIANS",8,2.1613846,0.7443722,0.004379643,0.4,0.0,0.18643145,0.008720326,0.2413107,0.0025779135,0.4,0.0,0.18265073,0.006959588
375316653866487564,5873811778127952768,0.5600575,2301.847493513218,2.397866705034874,6.8564523E-6,19.489473,0.015675053,0.22181566,0.0022676059,0.05171077,0.0056191934,0.26895013,0.039240833,0.7206628,0.0023737121,0.04584538,0.004603313,0.36994022,0.041445147,0.12383067,0.02660704,0.22181566,0.0022676059,"TWOGAUSSIANS_WITH_ELLIPSOIDAL_ON_ECLIPSE1",9,2.1129322,0.72078276,0.002088062,0.25673413,0.02577855,0.6175872,0.03172545,0.22181566,0.0022676059,0.28958032,0.031467482,0.51660883,0.024771648
375316653866487564,5873812053018524032,0.63314575,2292.3757149850207,0.41954572212213104,2.0133994E-6,17.911182,0.0056476733,0.19207981,0.0044195275,0.028417833,0.0035243656,0.1257502,0.014563402,0.693597,5.482734E-4,0.030726805,6.3671113E-4,1.0974324,0.033964265,0.023672765,0.0063212328,0.19207981,0.0044195275,"TWOGAUSSIANS_WITH_ELLIPSOIDAL_ON_ECLIPSE1",9,6.484134,0.693597,5.469689E-4,0.1720701,0.0035655824,1.1447736,0.03369103,0.19207981,0.0044195275,0.15913987,0.019736448,0.17309569,0.006590272
375316653866487564,5873812156085015808,0.5300627,2288.349754739615,2.4194025150070124,1.3476918E-5,19.611105,0.011803927,0.27512524,0.0038129238,0.08306336,0.0038874012,0.49287948,0.020526918,0.77848274,0.004004483,0.07496156,0.0074679884,0.55253035,0.026012396,null,null,null,null,"TWOGAUSSIANS",8,2.169661,0.77848274,0.004004483,0.4,0.0039886595,0.5460252,0.027629292,0.27512524,0.0038129238,0.4,0.0,0.48637432,0.019766124
375316653866487564,5873812327896435712,0.51284504,2275.2653693291563,0.9364932945467175,2.6919335E-5,15.832044,0.32140702,0.24498616,0.011278739,0.25119442,0.088634714,0.4860568,0.31335685,0.7329822,0.008349008,0.16274433,0.028965712,0.4028875,0.20826428,null,null,null,null,"TWOGAUSSIANS",8,12.899099,0.7329822,0.008349008,0.4,0.0,0.12532942,0.0046845814,0.25020617,0.008506381,0.4,0.0,0.08174001,0.0031715701
375316653866487564,5873812602761930112,0.46529236,2282.100134347229,2.381313016663543,1.872177E-5,19.20476,0.03825207,0.24915433,0.006987506,0.10117548,0.03291121,0.1822859,0.020270271,0.756264,0.0056488956,0.10023178,0.016669458,0.20425543,0.036176763,null,null,null,null,"TWOGAUSSIANS",8,2.526227,0.756264,0.0056461417,0.4,0.0,0.18805254,0.011912469,0.24915433,0.0069835465,0.4,0.0,0.1660828,0.026666649
375316653866487564,5873812701534403840,0.60076755,2272.4470788035624,0.6325085301560764,4.10788E-5,17.978855,0.0043496042,0.19378343,0.007886597,0.024516182,0.014979316,0.122096434,0.08792639,0.6898279,0.0029664019,0.031998888,0.0047473973,1.1971663,0.23404558,null,null,null,null,"TWOGAUSSIANS",8,6.816446,0.6898279,0.0029664019,0.17919376,0.026585426,1.1971663,0.23404558,0.19378343,0.007886597,0.13729063,0.083884165,0.122096434,0.08792639
375316653866487564,5873812740213308288,0.48070994,2280.61285343256,2.299349552125929,2.3513488E-5,18.271124,0.016981777,0.19723065,0.0064569106,0.10276831,0.010404693,0.16661783,0.018996336,0.7143629,0.008496844,0.10556251,0.014820818,0.17298183,0.021394173,null,null,null,null,"TWOGAUSSIANS",8,4.8402414,0.71437293,0.008493592,0.4,0.0,0.15738977,0.017030207,0.19722065,0.0064570396,0.4,0.0,0.15102857,0.010685886
375316653866487564,5873812770266011392,0.542456,2287.7633409749187,1.727214867763804,5.1445513E-6,19.013487,0.0062504513,0.24800712,0.001290603,0.060493372,0.0017294559,0.4625934,0.013799151,0.7356016,0.00556947,0.07835068,0.007632305,0.09684182,0.007955718,null,null,null,null,"TWOGAUSSIANS",8,1.6911899,0.24800712,0.001290603,0.33876288,0.009684953,0.46218777,0.013760217,0.7356016,0.00556947,0.4,0.0,0.096436195,0.007879021
375316653866487564,5873813221236918272,0.50650764,2278.8160208996032,3.1282524396061815,1.3785138E-5,16.435234,0.222443,0.31312108,0.0033083642,0.26374552,0.032803964,1.1678742,0.21854521,0.8137513,0.0029557084,0.14811419,0.012192953,0.808578,0.13652655,null,null,null,null,"TWOGAUSSIANS",8,19.963726,0.81416124,0.0031223495,0.4,0.0,0.23870663,0.01679178,0.3130011,0.0034747566,0.4,0.0,0.21791586,0.01795598
375316653866487564,5873813358680087680,0.5673245,2321.3364812186346,0.4251059164851448,4.9106634E-6,19.498287,0.009079923,0.27453423,0.0050592916,0.023878736,0.0017742767,1.7259253,0.31368405,0.7771691,0.0054091425,0.026470168,0.0064110756,0.13851744,0.06758478,null,null,null,null,"TWOGAUSSIANS",8,4.720196,0.27453423,0.0050592916,0.13372092,0.009935949,1.7259253,0.31368405,0.7771691,0.0054091425,0.14823294,0.035902023,0.13851744,0.06758478
375316653866487564,5873814011523968384,0.47522134,2289.3297796270485,0.5818279638746979,3.6334444E-5,17.185148,0.0027783785,0.22147037,0.021235,0.018702608,0.024974082,0.06947081,2.0560834,0.7167192,0.0015854919,0.015785908,0.0024126929,0.19903441,0.030413933,null,null,null,null,"TWOGAUSSIANS",8,15.9981365,0.7167192,0.0015854919,0.08840109,0.01351108,0.19903441,0.030413933,0.22147037,0.021235,0.1047346,0.13985485,0.06947081,2.0560834
375316653866487564,5873814183322577792,0.5246976,2287.3247407547337,0.9388252391654375,2.1432972E-5,16.929955,0.0014501798,0.18014649,0.004771158,0.036554616,0.0056221182,0.026904177,0.0047224076,0.6874424,0.0030734024,0.042021926,0.0046678213,0.11340835,0.0085630985,null,null,null,null,"TWOGAUSSIANS",8,3.2211726,0.6874424,0.0030734024,0.2353228,0.0261398,0.11340835,0.0085630985,0.18014649,0.004771158,0.20470583,0.031483863,0.026904177,0.0047224076
375316653866487564,5873814320748910080,0.45149958,2299.3761339782095,0.8532118742661773,1.8289002E-5,18.583708,0.0055024717,0.3619285,0.0061567337,0.022477385,0.0059833503,0.28321952,0.0729694,0.86187047,0.0012278105,0.020058248,0.0027692523,0.3461654,0.05049297,null,null,null,null,"TWOGAUSSIANS",8,10.907873,0.86187047,0.0012278105,0.11232618,0.015507813,0.3461654,0.05049297,0.3619285,0.0061567337,0.12587336,0.033506762,0.28321952,0.0729694
375316653866487564,5873814561279691392,0.4603135,2290.9892095571095,1.408670101381806,2.7075019E-5,18.104576,0.013061798,0.30027384,0.0077057555,0.08220469,0.016037105,0.09008009,0.012100704,0.7966574,0.011925614,0.12602502,0.0308154,0.04938177,0.013079909,null,null,null,null,"TWOGAUSSIANS",8,1.804629,0.30028385,0.007761993,0.4,0.0,0.08370569,0.007025362,0.7966574,0.011925614,0.4,0.0,0.042969428,0.0064318227
375316653866487564,5873814801785522816,0.5566596,2273.152474290221,3.684407767212606,9.824086E-6,19.68438,0.00981234,0.2448998,0.0018424431,0.04850314,0.0034803743,0.38071,0.03227001,0.74050516,0.009373203,0.0417774,0.006648588,0.33504117,0.09456566,0.13347596,0.017224377,0.2448998,0.0018424431,"TWOGAUSSIANS_WITH_ELLIPSOIDAL_ON_ECLIPSE1",9,2.0072246,0.2448998,0.0018424431,0.2716176,0.019490097,0.64766115,0.020059118,0.74093515,0.008434895,0.23395343,0.037232094,0.60180897,0.09370561
375316653866487564,5873815076675796992,0.5197745,2282.871913348938,0.15192171022687295,3.129913E-6,17.424427,0.0025250223,0.25951767,0.0042364975,0.021994183,0.0080217,0.05186343,0.0110196145,0.7642778,8.146829E-4,0.021913467,8.8110485E-4,0.21554935,0.0073977555,0.019134361,0.0041860775,0.25951767,0.0042364975,"TWOGAUSSIANS_WITH_ELLIPSOIDAL_ON_ECLIPSE1",9,5.618953,0.7642778,8.146829E-4,0.12271541,0.004934187,0.25378385,0.007708421,0.25951767,0.0042364975,0.12316742,0.044921517,0.09013215,0.012326012
375316653866487564,5873815729510589952,0.45001855,2301.742085616988,0.926265888103071,1.2936892E-5,16.902504,0.0068935486,0.15969816,0.0035203653,0.03960872,0.0033619506,0.090112984,0.010031051,0.65376675,0.0017961282,0.03537094,0.0027783054,0.10915839,0.009595873,null,null,null,null,"TWOGAUSSIANS",8,27.096537,0.65376675,0.0017961282,0.19807725,0.015558511,0.10915839,0.009595873,0.15969816,0.0035203653,0.22180885,0.018826922,0.090112984,0.010031051
375316653866487564,5873815759562535680,0.51622903,2293.8532012456103,3.131318074256895,1.0582518E-5,18.224373,0.012259371,0.28641966,0.0021400796,0.10002897,0.0075760125,0.19110551,0.011440339,0.7740808,0.0053671226,0.09534491,0.010465516,0.18302074,0.011307961,null,null,null,null,"TWOGAUSSIANS",8,3.0262496,0.28641966,0.0021400796,0.4,0.0,0.17909,0.007980004,0.7740808,0.0053671226,0.4,0.0,0.17100644,0.007736727
375316653866487564,5873816034444019456,0.50081193,2298.042772015606,1.183635479831651,8.7582575E-6,18.18735,0.009145081,0.19158027,0.008363819,0.09627437,0.013163878,0.09297862,0.011433549,0.6910256,0.0025925082,0.072457865,0.0062271096,0.16745164,0.0112999575,null,null,null,null,"TWOGAUSSIANS",8,2.4033887,0.6910256,0.0025925082,0.4,0.019779518,0.16457638,0.010846841,0.19158027,0.008363819,0.4,0.0,0.0901031,0.010798769
375316653866487564,5873816485424912128,0.7067673,2274.0860239900826,0.09591664095238599,1.1042566E-6,14.988134,4.9115677E-4,0.28910866,2.1351942E-4,0.009895946,3.1599114E-4,0.5147932,0.024227403,0.91578925,3.1839518E-4,0.0067988946,3.27842E-4,0.5943225,0.008836288,null,null,null,null,"TWOGAUSSIANS",8,8.499744,0.91578925,3.1839518E-4,0.03807381,0.0018359151,0.5943225,0.008836288,0.28910866,2.1351942E-4,0.0554173,0.0017695504,0.5147932,0.024227403
375316653866487564,5873817172619695360,0.60792804,2280.188382430463,1.5520428628574814,5.2583346E-6,15.851327,0.0039973008,0.32000306,0.0015963194,0.050066393,0.011427682,0.027399998,0.017313544,0.81930137,0.0026619094,0.05796215,0.004171975,0.11864436,0.008803553,0.064638175,0.004777845,0.32000306,0.0015963194,"TWOGAUSSIANS_WITH_ELLIPSOIDAL_ON_ECLIPSE1",9,8.07995,0.8194614,0.0020478482,0.32458803,0.02336306,0.2479084,0.0049983123,0.32000306,0.0015963194,0.2803718,0.06399502,0.156666,0.013827705
375316653866487564,5873818924966394368,0.514576,2283.970181903755,0.42814247944424844,3.9602826E-5,15.593502,4.745103E-4,0.38597924,0.015480191,0.039153006,0.010282283,0.013248326,0.002643791,0.65049857,3.6690856E-6,0.005847707,2.2241762E-5,1.3762014,0.023394253,null,null,null,null,"TWOGAUSSIANS",8,4.013382,0.65049857,3.6690856E-6,0.03274716,1.2455387E-4,1.3762014,0.023394253,0.38597924,0.015480191,0.21925683,0.057580784,0.013248326,0.002643791
375316653866487564,5873819298603737472,0.5775024,2234.429407360518,1.3531248395164996,2.0669788E-6,11.52346,0.0014717202,0.26536396,4.7219484E-4,0.05726263,0.0010102334,0.15071923,0.0031310401,0.76641685,0.014885103,0.031498637,0.013638942,0.016430758,0.02930167,0.054374784,0.0016268909,0.26536396,4.7219484E-4,"TWOGAUSSIANS_WITH_ELLIPSOIDAL_ON_ECLIPSE1",9,21.972227,0.26536396,4.7219484E-4,0.32067072,0.0056573073,0.2594579,0.0018865794,0.76641685,0.014205514,0.17639236,0.07637807,0.12516464,0.029130548
375316653866487564,5873819302911629056,0.43816802,2241.949993051076,2.3396098537503973,3.714773E-5,18.990084,0.42244598,0.3161808,0.009977317,0.16884063,0.07525689,0.499236,0.38540888,0.8163959,0.0064671715,0.17517206,0.066027366,0.5205106,0.40447113,null,null,null,null,"TWOGAUSSIANS",8,5.6169004,0.8164459,0.006818544,0.4,0.0,0.17856576,0.013382909,0.3161108,0.009921078,0.4,0.0,0.1625593,0.02280879
375316653866487564,5873819680880662784,0.5569448,2260.5240740854906,2.474831704635095,1.5917312E-5,17.541328,0.012952601,0.24693592,0.0020723643,0.09946415,0.0051683816,0.31608403,0.012235375,0.7544832,0.012121608,0.09883085,0.013029835,0.20503367,0.015746303,null,null,null,null,"TWOGAUSSIANS",8,8.322424,0.24693592,0.0020723643,0.4,0.0,0.2969089,0.0055897576,0.7544832,0.012121608,0.4,0.0,0.1858595,0.00875805
375316653866487564,5873819749600139648,0.49340236,2256.568014069779,2.6383404415018714,1.9467909E-5,17.44692,0.0026961463,null,null,null,null,null,null,null,null,null,null,null,null,0.06045749,0.0032322663,0.2819899,0.005151176,"ELLIPSOIDAL",4,7.611615,null,null,null,null,null,null,null,null,null,null,null,null
