Gaia/vari_eclipsing_binary/VariEclipsingBinary_689024-689065.csv
# %ECSV 1.0
# ---
# delimiter: ','
# meta: !!omap
# - RELEASE: Gaia DR3
# - TABLE: vari_eclipsing_binary
# - DESCRIPTION: >
#     This table describes the properties of the eclipsing binaries resulting from the variability analysis. 
# - CITATION: >
#     How to cite and acknowledge Gaia: 
#     https://gea.esac.esa.int/archive/documentation/credits.html 
# - KNOWN_ISSUES: >
#     Known issues: 
#     https://www.cosmos.esa.int/web/gaia-users/known-issues 
# - DOCUMENTATION: >
#     Tutorials and documentation: 
#     https://www.cosmos.esa.int/web/gaia-users/archive 
# datatype:
# - 
#   name: solution_id
#   datatype: int64
#   description: Solution Identifier
#   meta:
#     ucd: meta.version
# - 
#   name: source_id
#   datatype: int64
#   description: Unique source identifier
#   meta:
#     ucd: meta.id;meta.main
# - 
#   name: global_ranking
#   datatype: float32
#   description: Number between 0 (worst) and 1 (best)
#   meta:
#     ucd: stat.param
# - 
#   name: reference_time
#   datatype: float64
#   unit: d
#   description: Reference time used for the geometric model fit
#   meta:
#     ucd: time.epoch
# - 
#   name: frequency
#   datatype: float64
#   unit: d**-1
#   description: Frequency of geometric model of the eclipsing binary light curve
#   meta:
#     ucd: src.orbital
# - 
#   name: frequency_error
#   datatype: float32
#   unit: d**-1
#   description: "Uncertainty of \\texttt{frequency}"
#   meta:
#     ucd: stat.error
# - 
#   name: geom_model_reference_level
#   datatype: float32
#   unit: mag
#   description: Magnitude reference level of geometric model
#   meta:
#     ucd: phot.mag;em.opt
# - 
#   name: geom_model_reference_level_error
#   datatype: float32
#   unit: mag
#   description: "Uncertainty of \\texttt{geomModelReferenceLevel}"
#   meta:
#     ucd: stat.error;phot.mag;em.opt
# - 
#   name: geom_model_gaussian1_phase
#   datatype: float32
#   description: Phase of the Gaussian 1 component
#   meta:
#     ucd: time.phase
# - 
#   name: geom_model_gaussian1_phase_error
#   datatype: float32
#   description: "Uncertainty of \\texttt{geomModelGaussian1Phase}"
#   meta:
#     ucd: stat.error;time.phase
# - 
#   name: geom_model_gaussian1_sigma
#   datatype: float32
#   description: "Standard deviation [phase] of Gaussian 1 component"
#   meta:
#     ucd: stat.stdev
# - 
#   name: geom_model_gaussian1_sigma_error
#   datatype: float32
#   description: "Uncertainty of \\texttt{geomModelGaussian1Sigma}"
#   meta:
#     ucd: stat.error
# - 
#   name: geom_model_gaussian1_depth
#   datatype: float32
#   unit: mag
#   description: Magnitude depth of Gaussian 1 component
#   meta:
#     ucd: src.var.amplitude
# - 
#   name: geom_model_gaussian1_depth_error
#   datatype: float32
#   unit: mag
#   description: "Uncertainty of \\texttt{geomModelGaussian1Depth}"
#   meta:
#     ucd: stat.error;src.var.amplitude
# - 
#   name: geom_model_gaussian2_phase
#   datatype: float32
#   description: Phase of Gaussian 2 component
#   meta:
#     ucd: time.phase
# - 
#   name: geom_model_gaussian2_phase_error
#   datatype: float32
#   description: "Uncertainty of \\texttt{geomModelGaussian2Phase}"
#   meta:
#     ucd: stat.error;time.phase
# - 
#   name: geom_model_gaussian2_sigma
#   datatype: float32
[...]
#   datatype: float32
#   description: "Secondary eclipse: uncertainty of \\texttt{derivedSecondaryEclDuration}"
#   meta:
#     ucd: stat.error;time.duration
# - 
#   name: derived_secondary_ecl_depth
#   datatype: float32
#   unit: mag
#   description: "Secondary eclipse: depth"
#   meta:
#     ucd: src.var.amplitude
# - 
#   name: derived_secondary_ecl_depth_error
#   datatype: float32
#   unit: mag
#   description: "Secondary eclipse: uncertainty of \\texttt{derivedSecondaryEclDepth}"
#   meta:
#     ucd: stat.error;src.var.amplitude
solution_id,source_id,global_ranking,reference_time,frequency,frequency_error,geom_model_reference_level,geom_model_reference_level_error,geom_model_gaussian1_phase,geom_model_gaussian1_phase_error,geom_model_gaussian1_sigma,geom_model_gaussian1_sigma_error,geom_model_gaussian1_depth,geom_model_gaussian1_depth_error,geom_model_gaussian2_phase,geom_model_gaussian2_phase_error,geom_model_gaussian2_sigma,geom_model_gaussian2_sigma_error,geom_model_gaussian2_depth,geom_model_gaussian2_depth_error,geom_model_cosine_half_period_amplitude,geom_model_cosine_half_period_amplitude_error,geom_model_cosine_half_period_phase,geom_model_cosine_half_period_phase_error,model_type,num_model_parameters,reduced_chi2,derived_primary_ecl_phase,derived_primary_ecl_phase_error,derived_primary_ecl_duration,derived_primary_ecl_duration_error,derived_primary_ecl_depth,derived_primary_ecl_depth_error,derived_secondary_ecl_phase,derived_secondary_ecl_phase_error,derived_secondary_ecl_duration,derived_secondary_ecl_duration_error,derived_secondary_ecl_depth,derived_secondary_ecl_depth_error
[from data line 183]
375316653866487564,6060803796539171712,0.5550508,2201.7388711893705,0.14978063161555602,2.8056863E-6,17.735533,0.0017367532,0.36419713,6.2467944E-4,0.0074365106,3.8188952E-4,0.25593773,0.01080422,0.86404985,0.0023176158,0.007791036,0.0029048787,0.25908047,0.31625116,null,null,null,null,"TWOGAUSSIANS",8,2.0561426,0.86404985,0.0023176158,0.0436298,0.016267322,0.25908047,0.31625116,0.36419713,6.2467944E-4,0.041644458,0.0021385814,0.25593773,0.01080422
375316653866487564,6060804307624945024,0.53350097,2175.6958250177145,2.7019499189494436,1.1151703E-5,19.537336,0.009942703,0.30044982,0.004279592,0.06608769,0.0039797197,0.4399634,0.020234866,0.7970858,0.0024139837,0.07226784,0.003967287,0.45203587,0.015916433,null,null,null,null,"TWOGAUSSIANS",8,1.9102548,0.7970858,0.0024139837,0.4,0.007372689,0.45084482,0.015974822,0.30044982,0.004279592,0.3700911,0.02228643,0.43877235,0.02012321
375316653866487564,6060805033472274176,0.547062,2222.1951531307764,3.6657050628919126,5.5027967E-6,18.457075,0.02426857,0.28615966,0.002052119,0.04825112,0.007540461,0.36330768,0.049848836,0.778794,0.0026714657,0.05182219,0.005067206,0.4282652,0.061787106,0.13143723,0.035195317,0.28615966,0.002052119,"TWOGAUSSIANS_WITH_ELLIPSOIDAL_ON_ECLIPSE1",9,10.871142,0.77964395,0.0023900168,0.29020426,0.028376354,0.69063914,0.033558466,0.28615966,0.002052119,0.27020627,0.042226583,0.6261795,0.025240837
375316653866487564,6060805132241937408,0.5129451,2235.282800808565,0.1953576450650974,7.3670194E-6,18.767025,0.0035380102,0.09300164,0.0013354096,0.002700561,0.0019381781,0.35301492,0.020099977,0.4315853,0.031204129,0.0074078753,0.027753508,0.549551,0.59565955,null,null,null,null,"TWOGAUSSIANS",8,3.2557137,0.4315853,0.031204129,0.041484103,0.15541965,0.549551,0.59565955,0.09300164,0.0013354096,0.015123141,0.010853797,0.35301492,0.020099977
375316653866487564,6060805377071152128,0.48742345,2216.9451062765397,3.5575376141416526,1.7402333E-5,19.34905,0.10676366,0.20769116,0.005919577,0.1212722,0.030998984,0.30124328,0.10211328,0.7006051,0.005353077,0.118535176,0.032488883,0.2800772,0.10168089,null,null,null,null,"TWOGAUSSIANS",8,1.953127,0.20772116,0.005879601,0.4,0.0,0.2391907,0.017156776,0.7006051,0.005353077,0.4,0.0,0.21807164,0.013271134
375316653866487564,6060806064285891584,0.46870002,2208.36897293322,2.9589177062507117,1.854716E-5,19.84681,0.011675898,0.22668447,0.0040611415,0.018066257,0.003902411,0.21598932,0.06715786,0.7295684,0.012730268,0.028493686,0.017721683,0.19720374,0.112070374,0.16080377,0.018423663,0.22668447,0.0040611415,"TWOGAUSSIANS_WITH_ELLIPSOIDAL_ON_ECLIPSE1",9,8.732212,0.22668447,0.0040611415,0.10117104,0.021853503,0.5375963,0.065155774,0.7295684,0.011548374,0.15956464,0.09924142,0.5187051,0.11766159
375316653866487564,6060807266873278976,0.5208861,2219.891074823874,2.6149664579337113,1.5469197E-5,14.374153,0.0063252905,0.21126866,0.04277027,0.019329414,0.02115213,0.094922796,0.48508197,0.7601631,0.003548517,0.013136123,0.017335149,0.05628154,0.032382604,0.1416034,0.009002988,0.7601631,0.003548517,"TWOGAUSSIANS_WITH_ELLIPSOIDAL_ON_ECLIPSE2",9,525.5238,0.21509866,0.040705875,0.10824472,0.11845192,0.3541789,0.48758912,0.7601631,0.003548517,0.07356229,0.097076826,0.33948806,0.032391444
375316653866487564,6060807335573384064,0.47451165,2238.1603212490413,3.047427937264783,2.9321694E-5,18.547949,0.047652863,0.2760239,0.009188765,0.109330505,0.019129077,0.21811788,0.047441155,0.785869,0.007431834,0.108159035,0.03210043,0.183927,0.034963112,null,null,null,null,"TWOGAUSSIANS",8,4.088675,0.2760139,0.009191686,0.4,0.0,0.19246568,0.013781345,0.785879,0.0074238167,0.4,0.0,0.15827923,0.02247823
375316653866487564,6060807404312242176,0.5003196,2230.9558998615194,0.06566340704662302,1.7599256E-6,16.896967,0.003225924,0.070134185,1.0062697E-4,9.686919E-4,1.12111935E-4,0.69989777,0.32302234,0.46059576,0.085300826,0.026171524,0.0077962764,0.32804585,0.3088137,null,null,null,null,"TWOGAUSSIANS",8,20.778345,0.070134185,1.0062697E-4,0.0054246746,6.2782684E-4,0.69989777,0.32302234,0.46059576,0.085300826,0.14656053,0.043659147,0.32804585,0.3088137
375316653866487564,6060807674864290304,0.44520947,2224.00334587139,1.8786299118222631,5.0191575E-5,18.29049,0.011256111,0.32133603,0.011674489,0.14770216,0.019034361,0.1475642,0.012363861,0.94155097,0.030794576,0.028686846,0.032532137,0.0365386,0.46945846,null,null,null,null,"TWOGAUSSIANS",8,10.1235075,0.32133603,0.011674489,0.4,0.0,0.14660063,0.011858596,0.94373095,0.03141651,0.16064633,0.18217997,0.0411103,0.47047934
375316653866487564,6060807747909636864,0.5978172,2182.786719349493,2.3153649549360447,5.4848283E-6,15.024091,0.060441855,0.20789988,0.0020869034,0.14333057,0.026191084,0.167071,0.05895964,0.70610166,9.701729E-4,0.1265558,0.020666692,0.16659571,0.055993464,null,null,null,null,"TWOGAUSSIANS",8,5.438206,0.70610166,9.701729E-4,0.4,0.0,0.108266555,0.001925907,0.2079299,0.0021190487,0.4,0.0,0.108116224,0.0032456412
375316653866487564,6060808228946019456,0.52845985,2240.807491740685,1.4973063341373825,1.6106374E-5,18.38875,0.0067063724,0.27951849,0.004428692,0.08499131,0.007158232,0.15529008,0.0066494793,0.7680212,0.004035584,0.084891826,0.005978251,0.21265359,0.007863346,null,null,null,null,"TWOGAUSSIANS",8,2.2075796,0.7680212,0.004035584,0.4,0.0,0.20875198,0.007492656,0.27951849,0.004428692,0.4,0.0,0.15138848,0.005976608
375316653866487564,6060809362817365248,0.5172129,2312.0460159388185,0.00533179834917712,1.0954892E-6,14.322836,0.0011383682,0.15609437,1.0541249E-7,2.5650678E-4,1.1478296E-6,0.4743915,0.0014060088,0.42502478,0.013952189,0.10255601,0.011027198,0.057378575,0.0059976005,null,null,null,null,"TWOGAUSSIANS",8,20.992262,0.15609437,1.0541249E-7,0.0014364381,6.427846E-6,0.4762339,0.0010981085,0.42502478,0.013952189,0.4,0.0,0.05737778,0.005998199
375316653866487564,6060809431517893376,0.4992699,2215.457693819603,2.9188801401354993,1.7058104E-5,19.747345,0.011069015,0.23217224,0.0054510385,0.062953636,0.0091445055,0.40890032,0.019105898,0.71030545,0.0104624145,0.06378847,0.012641475,0.38369462,0.02852082,null,null,null,null,"TWOGAUSSIANS",8,3.907342,0.23217224,0.0054510385,0.35254034,0.05120923,0.4087354,0.019114219,0.71030545,0.0104624145,0.35721546,0.05146454,0.3835297,0.028707156
375316653866487564,6060809770809938048,0.56230885,2204.3154002084348,0.32446610894802985,7.381091E-5,17.978863,0.0034185546,0.19660084,0.014301366,0.03736978,0.011908997,0.021970341,0.014095621,0.5132552,9.078624E-5,0.014711193,4.2608194E-4,0.6465254,0.00781921,null,null,null,null,"TWOGAUSSIANS",8,4.1394277,0.5132552,9.078624E-5,0.08238268,0.002386059,0.6465254,0.00781921,0.19660084,0.014301366,0.20927078,0.06669038,0.021970341,0.014095621
375316653866487564,6060810393609677568,0.6094679,2223.3144480360756,2.141776427853992,4.3607197E-6,16.560705,0.003234812,0.23983888,0.0013572506,0.093974076,0.00261246,0.1498792,0.0030648839,0.73360723,0.0018717453,0.09199851,0.0025356226,0.23631147,0.0037249383,null,null,null,null,"TWOGAUSSIANS",8,3.509093,0.73360723,0.0018717453,0.4,0.0,0.22711392,0.0030224593,0.23983888,0.0013572506,0.4,0.0,0.14068164,0.0019049844
375316653866487564,6060812317754950400,0.5779953,2198.2825858536166,0.9494250850254328,1.6062768E-5,16.832436,0.011116671,0.17688045,0.001113849,0.02963519,0.002539288,1.0544556,0.10356945,0.673485,0.004817825,0.027633041,0.0058934996,0.08272147,0.026411483,0.013547655,0.014537337,0.17688045,0.001113849,"TWOGAUSSIANS_WITH_ELLIPSOIDAL_ON_ECLIPSE1",9,33.46483,0.17688045,0.001113849,0.16595706,0.014220012,1.081551,0.112575345,0.673555,0.0047620907,0.15474503,0.0330036,0.10980469,0.004343454
375316653866487564,6060812450868172544,0.49652404,2222.9846417477847,3.165150920503167,2.4829818E-5,18.87941,0.025499007,0.2080337,0.010484442,0.09251522,0.010990186,0.29416633,0.027998444,0.71379536,0.0065855337,0.081951104,0.019061616,0.2713705,0.023904344,null,null,null,null,"TWOGAUSSIANS",8,8.199834,0.2080337,0.010484442,0.4,0.0,0.28570324,0.02048806,0.71379536,0.0065855337,0.4,0.0,0.26290768,0.03255256
375316653866487564,6060812798791243520,0.59674084,2209.0070327349113,1.1269287328904911,4.380217E-6,15.639299,0.0034250112,0.25112593,0.0017805403,0.102816604,0.0037794877,0.13601226,0.0031874483,0.75258577,0.001356624,0.09393431,0.0025405355,0.1547283,0.003656692,null,null,null,null,"TWOGAUSSIANS",8,5.14342,0.75258577,0.001356624,0.4,0.0,0.14351341,0.0030743466,0.25112593,0.0017805403,0.4,0.0,0.1247956,0.001969567
375316653866487564,6060812970589942656,0.6505438,2209.3743806819566,0.8375168103842728,4.559172E-6,16.302378,0.0042263023,0.16455664,0.0011120277,0.088085406,0.0021369176,0.29527116,0.004088436,0.66910243,0.002069434,0.09629282,0.0032069131,0.24422863,0.0053667524,null,null,null,null,"TWOGAUSSIANS",8,4.1097913,0.16455664,0.0011120277,0.4,0.0,0.28265083,0.0022486346,0.66910243,0.002069434,0.4,0.0,0.23160766,0.004810225
375316653866487564,6060813034983527040,0.53475976,2228.5877889550757,2.539993592048548,1.8061708E-5,18.554676,0.014978087,0.13248515,0.005154848,0.086856246,0.008482858,0.330064,0.020306488,0.6443872,0.005951671,0.08792286,0.0078871725,0.35555282,0.01937312,null,null,null,null,"TWOGAUSSIANS",8,6.068556,0.6443872,0.005951671,0.4,0.0,0.34615222,0.017583705,0.13248515,0.005154848,0.4,0.0,0.32066342,0.020180222
375316653866487564,6060813211089488512,0.5060823,2248.1863282906206,3.020880209624278,2.1221258E-5,18.344995,0.012260159,0.21985404,0.0033762348,0.082355574,0.006010051,0.26363656,0.014716014,0.7133724,0.0056499992,0.08107938,0.01091519,0.28162608,0.01792299,null,null,null,null,"TWOGAUSSIANS",8,6.90589,0.7133724,0.0056499992,0.4,0.0,0.27715105,0.020354295,0.21985404,0.0033762348,0.4,0.0,0.25916153,0.013546891
375316653866487564,6060813275501571072,0.6425431,2200.3698398026754,1.9479595930208013,4.2870206E-6,15.98108,0.002389055,0.1827238,0.0012085204,0.055955764,0.0060189194,0.06278655,0.005498368,0.6901434,0.0018607557,0.049536046,0.003301271,0.056865655,0.005064395,0.06359649,0.0029921844,0.1827238,0.0012085204,"TWOGAUSSIANS_WITH_ELLIPSOIDAL_ON_ECLIPSE1",9,3.9296415,0.1827238,0.0012085204,0.3133523,0.03370595,0.18997604,0.004238143,0.6901434,0.0018607557,0.27740186,0.018487118,0.18377891,0.001872488
375316653866487564,6060813584757341312,0.5400637,2189.966830140158,2.401523793944109,1.1114015E-5,19.294233,0.012484709,0.25409618,0.0044619623,0.07942677,0.007695894,0.47826463,0.021402463,0.759704,0.002750149,0.08185819,0.004530766,0.4753257,0.01631129,null,null,null,null,"TWOGAUSSIANS",8,2.8840308,0.25409618,0.0044619623,0.4,0.0,0.4712616,0.022740725,0.759704,0.002750149,0.4,0.0,0.46832266,0.015289785
375316653866487564,6060813687819007232,0.49766186,2199.8259562981393,2.9139113793031166,1.2048678E-5,19.13576,0.024498366,0.2723913,0.0057155914,0.104569376,0.016521873,0.21205984,0.019368494,0.7651837,0.0027040653,0.10694859,0.012967829,0.19121617,0.021586334,null,null,null,null,"TWOGAUSSIANS",8,1.1640548,0.2723913,0.0057079764,0.4,0.0,0.18937133,0.01262319,0.7651837,0.0027040653,0.4,0.0,0.16852532,0.0070279394
375316653866487564,6060815508889090944,0.5291286,2205.571245456056,1.0777440571498842,1.29999735E-5,15.369512,0.005476057,0.3053474,0.0062833577,0.022836067,0.0028608395,0.28558913,0.044960685,0.809631,0.0016263643,0.028834397,0.0016277398,0.47593245,0.0141794775,null,null,null,null,"TWOGAUSSIANS",8,263.47873,0.809631,0.0016263643,0.16147263,0.009115343,0.47593245,0.0141794775,0.3053474,0.0062833577,0.12788197,0.0160207,0.28558913,0.044960685
375316653866487564,6060815577600384256,0.48656037,2214.1402234413886,1.3157071662488562,2.008558E-5,17.328337,0.002632466,0.24806242,0.014875708,0.015940698,0.016238805,0.016520733,65541.35,0.53309643,0.0033384978,0.038931057,0.003006407,0.14923713,0.010785995,null,null,null,null,"TWOGAUSSIANS",8,8.381168,0.53309643,0.0033384978,0.21801393,0.01683588,0.14923713,0.010785995,0.24806242,0.014875708,0.08926791,0.0909373,0.016520733,65541.35
375316653866487564,6060815577601325696,0.42816737,2230.1036331176792,0.12948489214546482,8.85388E-6,18.553432,0.016231982,0.4454747,0.021605216,0.16107973,0.027602874,0.19524215,0.026512675,0.70400363,0.004699911,0.020160517,0.0025462003,0.26773912,0.05937847,null,null,null,null,"TWOGAUSSIANS",8,28.376778,0.70400363,0.004699911,0.11289889,0.014258722,0.31843984,0.058978673,0.4454747,0.021605216,0.4,0.0,0.19208442,0.027633423
375316653866487564,6060815577602716544,0.4682369,2214.081342548578,2.540789701289111,1.753253E-5,19.044449,0.035105888,0.32300666,0.006281465,0.0963969,0.017504713,0.19780874,0.033551756,0.8118949,0.0065208194,0.096885115,0.018502202,0.2389979,0.031912953,null,null,null,null,"TWOGAUSSIANS",8,5.4644003,0.8118949,0.0065208194,0.4,0.0,0.22582553,0.024860017,0.32300666,0.0062806564,0.4,0.0,0.18463662,0.018810943
375316653866487564,6060815616289990400,0.65968454,2236.522899687349,0.0318882416129437,6.404956E-5,14.101428,0.0010129978,0.5069575,0.0014871801,0.001883148,0.0011430847,0.56307125,30.08867,0.8562994,0.001725242,7.0682616E-4,2.8684727E-4,1.5825508,2.480116,0.0031735045,0.0015975652,0.8562994,0.001725242,"TWOGAUSSIANS_WITH_ELLIPSOIDAL_ON_ECLIPSE2",9,32.63983,0.8562994,0.001725242,0.0039582266,0.0016063447,1.5888977,2.4811661,0.5069575,0.0014871801,0.010545629,0.006401275,0.5652392,30.088573
375316653866487564,6060815753728933760,0.5340858,2208.805696707597,0.8681573639242691,9.400067E-6,16.275314,0.003060809,0.21158382,0.0026222947,0.033202104,0.003637242,0.052818403,0.0074359933,0.7047281,0.002408785,0.03782552,0.0029571082,0.13053691,0.0075469557,0.009497389,0.0039789095,0.21158382,0.0026222947,"TWOGAUSSIANS_WITH_ELLIPSOIDAL_ON_ECLIPSE1",9,6.786075,0.70483816,0.0023684416,0.21182293,0.016559806,0.14949702,0.006041369,0.21158382,0.0026222947,0.18593179,0.020368554,0.071813166,0.0034172111
375316653866487564,6060815891149993344,0.5079914,2215.2095766168304,2.753061646395859,1.5474847E-5,19.333796,0.02483617,0.27418154,0.0042462363,0.09033252,0.007292582,0.3948372,0.024000539,0.7692978,0.007858233,0.09863595,0.011507286,0.34005582,0.02463937,null,null,null,null,"TWOGAUSSIANS",8,4.528194,0.27418154,0.0042462363,0.4,0.0,0.3743001,0.0144895045,0.7692978,0.007858233,0.4,0.0,0.31951705,0.016877083
375316653866487564,6060815925527644928,0.55763453,2227.678186986515,3.2313584055461106,3.1096272E-6,18.56901,0.0046891435,0.15171106,0.0010816698,0.066458,0.0023216468,0.32436103,0.011258148,0.6441681,9.29414E-4,0.068818055,0.0025653702,0.343391,0.016729796,null,null,null,null,"TWOGAUSSIANS",8,2.0839272,0.6441681,9.29414E-4,0.3853811,0.0143660735,0.342805,0.016840555,0.15171106,0.0010816698,0.37216482,0.013001221,0.323775,0.011358309
375316653866487564,6060815994247409664,0.64648485,2229.882404670618,0.05989416731086436,3.8899034E-6,17.39288,0.0011266202,0.71014404,2.4942786E-4,0.006185381,2.1965598E-4,0.5184666,0.005264301,0.8613851,0.028881792,0.016856143,0.011902312,0.0023174705,0.011892004,null,null,null,null,"TWOGAUSSIANS",8,2.0159874,0.71014404,2.4942786E-4,0.034638133,0.0012300735,0.5184666,0.005264301,0.8613851,0.028881792,0.09439441,0.066652946,0.0023174705,0.011892004
375316653866487564,6060816097307971712,0.43142456,2189.495501964758,1.5035803867897455,1.1445604E-4,19.4689,0.010221594,0.22830126,0.0062174224,0.042604335,0.004994923,0.24272539,0.028289387,0.4883563,0.06641482,0.05777929,0.04889748,0.04143114,0.030224713,null,null,null,null,"TWOGAUSSIANS",8,6.113927,0.22830126,0.0062117223,0.23858428,0.027971568,0.24272704,0.028246664,0.4883563,0.06641482,0.32356402,0.11403811,0.04143114,0.030225558
