Gaia/vari_eclipsing_binary/VariEclipsingBinary_468014-468026.csv
# %ECSV 1.0
# ---
# delimiter: ','
# meta: !!omap
# - RELEASE: Gaia DR3
# - TABLE: vari_eclipsing_binary
# - DESCRIPTION: >
#     This table describes the properties of the eclipsing binaries resulting from the variability analysis. 
# - CITATION: >
#     How to cite and acknowledge Gaia: 
#     https://gea.esac.esa.int/archive/documentation/credits.html 
# - KNOWN_ISSUES: >
#     Known issues: 
#     https://www.cosmos.esa.int/web/gaia-users/known-issues 
# - DOCUMENTATION: >
#     Tutorials and documentation: 
#     https://www.cosmos.esa.int/web/gaia-users/archive 
# datatype:
# - 
#   name: solution_id
#   datatype: int64
#   description: Solution Identifier
#   meta:
#     ucd: meta.version
# - 
#   name: source_id
#   datatype: int64
#   description: Unique source identifier
#   meta:
#     ucd: meta.id;meta.main
# - 
#   name: global_ranking
#   datatype: float32
#   description: Number between 0 (worst) and 1 (best)
#   meta:
#     ucd: stat.param
# - 
#   name: reference_time
#   datatype: float64
#   unit: d
#   description: Reference time used for the geometric model fit
#   meta:
#     ucd: time.epoch
# - 
#   name: frequency
#   datatype: float64
#   unit: d**-1
#   description: Frequency of geometric model of the eclipsing binary light curve
#   meta:
#     ucd: src.orbital
# - 
#   name: frequency_error
#   datatype: float32
#   unit: d**-1
#   description: "Uncertainty of \\texttt{frequency}"
#   meta:
#     ucd: stat.error
# - 
#   name: geom_model_reference_level
#   datatype: float32
#   unit: mag
#   description: Magnitude reference level of geometric model
#   meta:
#     ucd: phot.mag;em.opt
# - 
#   name: geom_model_reference_level_error
#   datatype: float32
#   unit: mag
#   description: "Uncertainty of \\texttt{geomModelReferenceLevel}"
#   meta:
#     ucd: stat.error;phot.mag;em.opt
# - 
#   name: geom_model_gaussian1_phase
#   datatype: float32
#   description: Phase of the Gaussian 1 component
#   meta:
#     ucd: time.phase
# - 
#   name: geom_model_gaussian1_phase_error
#   datatype: float32
#   description: "Uncertainty of \\texttt{geomModelGaussian1Phase}"
#   meta:
#     ucd: stat.error;time.phase
# - 
#   name: geom_model_gaussian1_sigma
#   datatype: float32
#   description: "Standard deviation [phase] of Gaussian 1 component"
#   meta:
#     ucd: stat.stdev
# - 
#   name: geom_model_gaussian1_sigma_error
#   datatype: float32
#   description: "Uncertainty of \\texttt{geomModelGaussian1Sigma}"
#   meta:
#     ucd: stat.error
# - 
#   name: geom_model_gaussian1_depth
#   datatype: float32
#   unit: mag
#   description: Magnitude depth of Gaussian 1 component
#   meta:
#     ucd: src.var.amplitude
# - 
#   name: geom_model_gaussian1_depth_error
#   datatype: float32
#   unit: mag
#   description: "Uncertainty of \\texttt{geomModelGaussian1Depth}"
#   meta:
#     ucd: stat.error;src.var.amplitude
# - 
#   name: geom_model_gaussian2_phase
#   datatype: float32
#   description: Phase of Gaussian 2 component
#   meta:
#     ucd: time.phase
# - 
#   name: geom_model_gaussian2_phase_error
#   datatype: float32
#   description: "Uncertainty of \\texttt{geomModelGaussian2Phase}"
#   meta:
#     ucd: stat.error;time.phase
# - 
#   name: geom_model_gaussian2_sigma
#   datatype: float32
[...]
#   datatype: float32
#   description: "Secondary eclipse: uncertainty of \\texttt{derivedSecondaryEclDuration}"
#   meta:
#     ucd: stat.error;time.duration
# - 
#   name: derived_secondary_ecl_depth
#   datatype: float32
#   unit: mag
#   description: "Secondary eclipse: depth"
#   meta:
#     ucd: src.var.amplitude
# - 
#   name: derived_secondary_ecl_depth_error
#   datatype: float32
#   unit: mag
#   description: "Secondary eclipse: uncertainty of \\texttt{derivedSecondaryEclDepth}"
#   meta:
#     ucd: stat.error;src.var.amplitude
solution_id,source_id,global_ranking,reference_time,frequency,frequency_error,geom_model_reference_level,geom_model_reference_level_error,geom_model_gaussian1_phase,geom_model_gaussian1_phase_error,geom_model_gaussian1_sigma,geom_model_gaussian1_sigma_error,geom_model_gaussian1_depth,geom_model_gaussian1_depth_error,geom_model_gaussian2_phase,geom_model_gaussian2_phase_error,geom_model_gaussian2_sigma,geom_model_gaussian2_sigma_error,geom_model_gaussian2_depth,geom_model_gaussian2_depth_error,geom_model_cosine_half_period_amplitude,geom_model_cosine_half_period_amplitude_error,geom_model_cosine_half_period_phase,geom_model_cosine_half_period_phase_error,model_type,num_model_parameters,reduced_chi2,derived_primary_ecl_phase,derived_primary_ecl_phase_error,derived_primary_ecl_duration,derived_primary_ecl_duration_error,derived_primary_ecl_depth,derived_primary_ecl_depth_error,derived_secondary_ecl_phase,derived_secondary_ecl_phase_error,derived_secondary_ecl_duration,derived_secondary_ecl_duration_error,derived_secondary_ecl_depth,derived_secondary_ecl_depth_error
[from data line 669]
375316653866487564,4116799996680609536,0.5458691,2479.444324129754,1.6173932557042037,1.4153872E-5,18.707626,0.008688851,0.21728422,0.0035375906,0.076987684,0.005504451,0.40396756,0.017644674,0.73093385,0.0024456377,0.079791024,0.0034360443,0.40930182,0.0141074415,null,null,null,null,"TWOGAUSSIANS",8,4.37684,0.73093385,0.0024456377,0.4,0.0,0.4055052,0.014014699,0.21728422,0.0035375906,0.4,0.0,0.40017095,0.01864
375316653866487564,4116800129835047552,0.56946635,2462.54192282561,0.4147044651458332,1.4455081E-5,18.866507,0.006285083,0.20148791,0.0015884887,0.032222673,0.0018196916,1.4407216,0.16645938,0.70628923,0.0040182346,0.041985355,0.0057283184,0.19357422,0.02259245,null,null,null,null,"TWOGAUSSIANS",8,5.453657,0.20148791,0.0015884887,0.18044697,0.010190273,1.4407216,0.16645938,0.70628923,0.0040182346,0.23511799,0.032078583,0.19357422,0.02259245
375316653866487564,4116800335893831040,0.47598502,2412.0031170662173,0.7723168971355806,5.2593237E-5,17.851324,0.0044922675,0.28393188,0.00420297,0.03975617,0.007416674,0.16502853,0.02932538,0.78422594,0.01695477,0.0446753,0.026112238,0.10847341,0.07103981,null,null,null,null,"TWOGAUSSIANS",8,8.813412,0.28393188,0.00420297,0.22263455,0.041533377,0.16502853,0.029325407,0.78422594,0.01695477,0.25018167,0.14622854,0.108473405,0.07103982
375316653866487564,4116800408998721536,0.47087428,2451.864389665099,0.6466431748850561,3.548081E-5,18.12266,0.010968908,0.22295345,0.006529099,0.06535293,0.015960556,0.056353617,0.009047335,0.73294187,0.02438187,0.0465607,0.07086241,0.16350397,0.12032372,null,null,null,null,"TWOGAUSSIANS",8,2.0454404,0.73294187,0.02438187,0.26073992,0.14825006,0.16349868,0.12360095,0.22295345,0.006543804,0.3659764,0.04876271,0.05634832,0.006146299
375316653866487564,4116800615157388160,0.46543404,2440.0739004676216,4.620442784689115,3.277215E-5,19.378708,0.024650477,0.3400041,0.04402607,0.062348798,0.020553773,0.24120075,0.1281178,0.5353656,0.065173104,0.11099074,0.07749036,0.26614282,0.04042371,null,null,null,null,"TWOGAUSSIANS",8,7.2471156,0.35795408,0.019697456,0.34915325,0.10191776,0.30556995,0.033157207,0.5353656,0.065173104,0.4,0.06520132,0.26790062,0.040773734
375316653866487564,4116800748249368192,0.4146748,2432.3821605697117,0.03280354122813632,3.3480155E-5,18.793434,0.0041776136,0.20150217,0.008747497,0.012872938,0.00874366,0.071868606,1981.8064,null,null,null,null,null,null,0.03847623,0.0061006877,0.20150217,0.008747497,"ONEGAUSSIAN_WITH_ELLIPSOIDAL",6,3.8478756,0.20150217,0.008747497,0.07208845,0.048964493,0.14882106,1981.8087,null,null,null,null,null,null
375316653866487564,4116800855675427328,0.5700634,2455.106675804711,0.9917550958345271,6.989832E-6,18.025063,0.010751774,0.23872496,0.0020112162,0.08740631,0.004163477,0.32371715,0.009329225,0.7417171,0.002132822,0.09732853,0.004539703,0.26488528,0.012349329,null,null,null,null,"TWOGAUSSIANS",8,2.5636423,0.23872496,0.0020112162,0.4,0.0,0.3094601,0.006187511,0.7417171,0.002132822,0.4,0.0,0.25062728,0.010235385
375316653866487564,4116800958754603008,0.49052727,2472.624162692211,2.6962153816802212,3.2414056E-5,19.762337,0.015913693,0.26534924,0.008821989,0.07280349,0.012880916,0.4005931,0.0774166,0.7747756,0.00814443,0.0573374,0.023806397,0.48779786,0.23495828,null,null,null,null,"TWOGAUSSIANS",8,2.9489765,0.7747756,0.00814443,0.32108945,0.09852073,0.48739013,0.23760739,0.26534924,0.008821989,0.4,0.049974255,0.40018538,0.077680275
375316653866487564,4116801263646977664,0.46891487,2472.0431967529,3.336197117888947,5.9021542E-5,19.818888,0.031651173,0.2503932,0.010098227,0.06432228,0.013493185,0.51514053,0.03938247,0.7597319,0.0116978325,0.077121146,0.012817878,0.3492325,0.07312514,null,null,null,null,"TWOGAUSSIANS",8,8.569765,0.2503932,0.010098227,0.36020476,0.06351264,0.51387584,0.03900241,0.7597319,0.0116978325,0.4,0.01772361,0.34796777,0.073369
375316653866487564,4116801332364887552,0.5451295,2362.517105527305,1.7754801815746213,1.0446463E-5,18.556637,0.005886102,0.21826015,0.013384815,0.08708582,0.011676277,0.16463692,0.009395577,0.6888809,0.003737999,0.07408307,0.0056987433,0.25028682,0.01448285,null,null,null,null,"TWOGAUSSIANS",8,1.4349456,0.6888809,0.003737999,0.4,0.0,0.24848735,0.0148589285,0.21826015,0.013384815,0.4,0.0,0.16283737,0.008480713
375316653866487564,4116801714628361856,0.49997857,2382.836198312891,1.1800206156117135,3.614937E-5,18.325912,0.0028328912,0.30721685,0.007214144,0.09330042,0.007303017,0.12132246,0.00547069,0.8261386,0.006607049,0.043548834,0.012323877,0.06264688,0.016016383,null,null,null,null,"TWOGAUSSIANS",8,1.2954254,0.30721685,0.007214144,0.4,0.0,0.121183746,0.0054466566,0.8261386,0.006607049,0.24387346,0.06901371,0.0625084,0.01625149
375316653866487564,4116801916462805760,0.44779676,2455.0715116034244,1.8313039459768699,9.7226555E-5,18.948927,0.005752183,0.23724014,0.010632445,0.036797088,0.0075638974,0.10606298,0.020767735,0.7356907,0.01002722,0.07894028,0.008247362,0.17315015,0.021766905,null,null,null,null,"TWOGAUSSIANS",8,3.4787326,0.7356907,0.01002722,0.4,0.0,0.17312701,0.021774722,0.23724014,0.010632445,0.20606369,0.042357825,0.106039844,0.02076845
375316653866487564,4116802470541771520,0.43447706,2506.2275621157523,4.022610925881056,3.290233E-5,19.723286,0.012488339,0.31974164,0.023698037,0.11925884,0.028091174,0.12858891,0.019262215,0.8772707,0.11290387,0.015323423,0.024957368,0.519868,58.771156,null,null,null,null,"TWOGAUSSIANS",8,2.6628234,0.8772707,0.112904325,0.08581117,0.13976125,0.51995265,58.76936,0.31974164,0.023698037,0.4,0.0,0.12853937,0.019116012
375316653866487564,4116802534959462144,0.4891638,2490.1674871554255,2.687555365414134,4.5731602E-5,19.552917,0.22069867,0.25296682,0.009523626,0.11160247,0.040041678,0.5091497,0.20491499,0.77081716,0.008072952,0.11455479,0.039952815,0.47290242,0.21045688,null,null,null,null,"TWOGAUSSIANS",8,4.278904,0.25292683,0.009270343,0.4,0.0,0.43795857,0.07331751,0.77085716,0.008181976,0.4,0.0,0.40168253,0.05480915
375316653866487564,4116802603740956800,0.42605773,2457.142392280061,1.2410631410675816,4.0090767E-5,18.878607,0.08379538,0.24809001,0.017796537,0.09822042,0.06641843,0.15400395,0.0770264,0.75970435,0.008258261,0.08709998,0.033359513,0.2135192,0.07090854,null,null,null,null,"TWOGAUSSIANS",8,11.098871,0.75970435,0.007921345,0.4,0.0,0.2056156,0.04113604,0.24809001,0.017834403,0.4,0.0,0.14609952,0.021907495
375316653866487564,4116802882900072448,0.4901967,2577.4526475858556,3.200038698273136,1.4584877E-4,19.469696,0.0063994867,0.3088357,0.0089328615,0.07639394,0.0069862427,0.37365186,0.042981528,0.80211085,0.01291118,0.01102341,0.007860949,0.102892354,0.03628625,null,null,null,null,"TWOGAUSSIANS",8,2.392784,0.3088357,0.0089328615,0.4,0.0,0.37365183,0.042981558,0.80211085,0.01291118,0.061731096,0.044021316,0.10289233,0.036286343
375316653866487564,4116802917218771840,0.44977656,2540.030605529688,4.022520030161013,6.771243E-5,19.267761,0.02091898,0.32919452,0.01923834,0.06292228,0.018804671,0.12560992,0.038069475,0.78949165,0.0039526974,0.07142592,0.013777829,0.7394802,0.39786705,null,null,null,null,"TWOGAUSSIANS",8,2.3182793,0.78949165,0.0039526974,0.39998516,0.046577018,0.7392832,0.398405,0.32919452,0.01923834,0.35236475,0.10530616,0.12541291,0.037915394
375316653866487564,4116802947278020480,0.44729418,2505.835716645459,0.24884323285787138,6.744529E-5,17.902847,0.00792995,0.3055848,0.014378807,0.018970475,0.0100085605,0.24469624,0.12435197,0.784634,0.020689197,0.017773643,0.022412593,0.3296102,0.21051002,null,null,null,null,"TWOGAUSSIANS",8,21.412607,0.784634,0.020689197,0.0995324,0.12551051,0.3296102,0.21051002,0.3055848,0.014378807,0.106234655,0.056047942,0.24469624,0.12435197
375316653866487564,4116803123418128640,0.46199176,2401.2090248314753,0.13420377876965778,8.064753E-5,18.888058,0.0058643105,0.6640558,0.0022014028,0.015306456,0.0012776442,0.44090688,0.056322772,0.90017444,0.042380046,0.13605781,0.06044251,0.035903733,0.0063459245,null,null,null,null,"TWOGAUSSIANS",8,1.1596012,0.6641058,0.0022011877,0.08571615,0.0071548074,0.44879016,0.057012472,0.90017444,0.042380046,0.4,0.0,0.035819862,0.006226828
375316653866487564,4116803157736459520,0.43849814,2540.6132057538643,3.9658309414432495,2.3049453E-5,19.745808,0.17012078,0.05391984,0.004340885,0.0131447585,0.003916099,0.37257895,0.13769075,0.33917576,0.05009406,0.16945189,0.1359189,0.12454438,0.16754551,null,null,null,null,"TWOGAUSSIANS",8,4.0354867,0.05405984,0.0043578977,0.07361065,0.021930154,0.39960927,0.14884925,0.33917576,0.05009406,0.4,0.0,0.12133995,0.041158862
375316653866487564,4116803256515718784,0.43072125,2536.825515217222,2.1345026509683644,2.1570568E-5,19.51641,0.011204346,0.39105725,0.030613905,0.0544818,0.04421508,0.17957444,0.19431894,0.8724602,0.016923765,0.026089005,0.006250299,0.46540216,0.49367288,null,null,null,null,"TWOGAUSSIANS",8,3.6844895,0.8724602,0.016923765,0.14609843,0.035001673,0.46540216,0.49367288,0.39105725,0.030613905,0.3050981,0.24760444,0.17957444,0.19431894
375316653866487564,4116803325235187968,0.5014911,2493.1815215522042,1.1666110063376813,2.2059668E-5,19.229053,0.0066712215,0.19606504,0.06351495,0.06433231,0.036165968,0.09476478,0.06752359,0.6653967,0.0061700307,0.04984328,0.0129668545,0.34837633,0.11205589,null,null,null,null,"TWOGAUSSIANS",8,3.2191956,0.6653967,0.0061700307,0.27912235,0.07261439,0.34836966,0.1120621,0.19606504,0.06351495,0.3602609,0.20252943,0.09475811,0.0675278
375316653866487564,4116803394017285120,0.45174587,2509.849291996401,2.4742291326410766,2.9347202E-5,19.413876,0.006288374,null,null,null,null,null,null,null,null,null,null,null,null,0.06937968,0.0075961384,0.2745637,0.0095789395,"ELLIPSOIDAL",4,2.5568092,null,null,null,null,null,null,null,null,null,null,null,null
375316653866487564,4116803497081479552,0.44953063,2486.7147776789693,1.366045928024261,4.9124137E-5,18.970547,0.016444715,0.33446446,0.1065107,0.13471553,0.09390764,0.056263182,0.024235172,0.72760993,0.020195825,0.04686139,0.039860275,0.21433468,0.09619618,null,null,null,null,"TWOGAUSSIANS",8,4.093933,0.72760993,0.020195825,0.2624238,0.14756393,0.21462353,0.10147486,0.33446446,0.1065107,0.4,0.0,0.055753928,0.022667449
375316653866487564,4116803776253548032,0.45595607,2491.973911295881,2.3825554884084954,2.4805822E-5,19.287642,0.06892747,0.24892125,0.010149024,0.10782996,0.027314859,0.2933018,0.064773366,0.7756462,0.015042524,0.07225896,0.03019546,0.39024425,0.039531823,null,null,null,null,"TWOGAUSSIANS",8,7.7643356,0.77565616,0.014937367,0.4,0.047222618,0.38137662,0.075679734,0.24892125,0.010150308,0.4,0.0,0.284413,0.031069387
375316653866487564,4116803806228599680,0.6730823,2396.4686520189443,1.6856925424979068,4.405408E-6,16.174084,0.0053379387,0.28419593,0.0017960379,0.055427764,0.0061184783,0.12299429,0.010970091,0.7876936,0.0131751,0.052098453,0.009715669,0.13374366,0.024599088,0.08305114,0.0060171895,0.28419593,0.0017960379,"TWOGAUSSIANS_WITH_ELLIPSOIDAL_ON_ECLIPSE1",9,3.5928452,0.7876936,0.011648221,0.29175133,0.054407746,0.2997594,0.025004024,0.28419593,0.0017960379,0.31039548,0.034263477,0.28909025,0.0043274458
375316653866487564,4116803806269236352,0.4597116,2432.248686545787,1.4428096636013008,5.6761535E-5,18.339214,0.01871313,0.27224436,0.014446375,0.09415478,0.026606254,0.117518194,0.018418713,0.7761351,0.012488841,0.08244202,0.016215933,0.14472023,0.024717035,null,null,null,null,"TWOGAUSSIANS",8,6.9815555,0.7761351,0.012488216,0.4,0.0,0.1403186,0.021517163,0.27224436,0.014446375,0.4,0.0,0.1131164,0.012994727
375316653866487564,4116804326009349888,0.4455999,2480.8915283942256,2.0995982028652094,2.6039028E-5,19.331718,0.012393892,0.19148438,0.0056382893,0.030267794,0.013377618,0.07569737,0.039315477,null,null,null,null,null,null,0.13923343,0.019372424,0.19148438,0.0056382893,"ONEGAUSSIAN_WITH_ELLIPSOIDAL",6,7.6376677,0.19148438,0.0056382893,0.16949964,0.074914664,0.3541642,0.017199472,null,null,null,null,null,null
375316653866487564,4116804326009350400,0.60811347,2434.1287375406514,1.5157380768643265,2.585049E-6,16.527374,0.0025534232,0.33520672,9.0104894E-4,0.052745968,0.0013010274,0.20947815,0.0064610485,0.834775,0.0033726068,0.037576165,0.0035705206,0.069631316,0.008337629,0.035574373,0.004285654,0.33520672,9.0104894E-4,"TWOGAUSSIANS_WITH_ELLIPSOIDAL_ON_ECLIPSE1",9,4.9896727,0.33520672,9.0104894E-4,0.29537743,0.0072857533,0.28062412,0.0036495947,0.834815,0.00311112,0.21042652,0.019994915,0.14077681,0.0054203663
375316653866487564,4116804424723935616,0.43594918,2427.7148188535375,0.279473472554726,3.064382E-5,18.974148,0.008127599,0.5180515,0.028682197,0.018444851,0.011364888,0.4675387,0.39677066,0.8287958,0.014431058,0.048802484,0.011560978,0.06942682,0.026582867,null,null,null,null,"TWOGAUSSIANS",8,2.4464605,0.5180515,0.028682197,0.10329116,0.06364337,0.4675387,0.39677066,0.8287958,0.014431058,0.2732939,0.06474148,0.06942682,0.026582867
375316653866487564,4116804596548618368,0.4481038,2473.5324074619157,1.744891014207011,2.4000514E-5,18.906208,0.02765335,0.2804538,0.005713231,0.092477225,0.015075528,0.23303442,0.027806835,0.78084344,0.0080016265,0.08219763,0.013163535,0.22979234,0.031125067,null,null,null,null,"TWOGAUSSIANS",8,8.601358,0.2804538,0.005713231,0.4,0.0,0.22540057,0.022420792,0.78084344,0.0080016265,0.4,0.0,0.2221587,0.025658203
375316653866487564,4116804905774482432,0.51489556,2367.7065960142204,1.9770992946817005,1.526515E-5,18.866896,0.016675362,0.19993657,0.0066875187,0.085404456,0.009538011,0.2298974,0.018140325,0.70238507,0.0037908126,0.09073525,0.0081922235,0.26355043,0.0175116,null,null,null,null,"TWOGAUSSIANS",8,2.2560554,0.70238507,0.0037908126,0.4,0.0,0.25511807,0.014233237,0.19993657,0.0066875187,0.4,0.0,0.22146517,0.014163233
375316653866487564,4116805524257463680,0.4842781,2425.081294457568,1.0791212638848031,1.3206394E-5,19.097569,0.0069867396,0.280495,0.007558324,0.026451034,0.009034131,0.57209086,0.2521778,0.7506958,0.03565651,0.021933073,0.011085047,0.5690269,0.95897716,null,null,null,null,"TWOGAUSSIANS",8,5.5414815,0.280495,0.007558324,0.1481258,0.050591134,0.57209086,0.2521778,0.7506958,0.03565651,0.122825205,0.062076263,0.5690269,0.95897716
375316653866487564,4116805524257489792,0.520318,2382.9524921393067,2.5027976838959662,1.122943E-5,19.708143,0.023517068,0.23932505,0.015126386,0.07068581,0.013043009,0.56444806,0.10501497,0.74728197,0.0065413523,0.07044952,0.008115813,0.6234066,0.066375665,null,null,null,null,"TWOGAUSSIANS",8,3.1115766,0.74728197,0.0065413523,0.39451736,0.036514517,0.6215812,0.066939756,0.23932505,0.015126386,0.39584053,0.03605094,0.5626226,0.10726969
375316653866487564,4116805764773592576,0.47139037,2316.8529615011876,0.06156047665300741,3.427162E-5,19.8578,0.062067743,0.2035136,0.009758482,0.04932399,0.034534328,0.50886685,2.2110033,0.8668513,0.1260609,0.018929455,0.0583499,0.3797949,21.66205,0.03964835,0.029924927,0.8668513,0.1260609,"TWOGAUSSIANS_WITH_ELLIPSOIDAL_ON_ECLIPSE2",9,2.4706638,0.2056536,0.011282806,0.27621436,0.19339223,0.5306169,2.263439,0.8668513,0.1260609,0.10600495,0.32675943,0.4590914,21.679932
375316653866487564,4116805799134906624,0.4686741,2374.269085978604,4.539202845534814,1.0406403E-4,19.31132,0.054039743,0.08464505,0.021824677,0.06841944,0.03338198,0.0844657,0.03528469,0.52749085,0.02655898,0.17852297,0.03495803,0.34670833,0.05033526,null,null,null,null,"TWOGAUSSIANS",8,3.6642687,0.52749085,0.02655898,0.4,0.0,0.31210586,0.039735373,0.09687505,0.025408177,0.38314885,0.10903563,0.069571435,0.027092548
