Gaia/vari_eclipsing_binary/VariEclipsingBinary_467505-467527.csv
# %ECSV 1.0
# ---
# delimiter: ','
# meta: !!omap
# - RELEASE: Gaia DR3
# - TABLE: vari_eclipsing_binary
# - DESCRIPTION: >
#     This table describes the properties of the eclipsing binaries resulting from the variability analysis. 
# - CITATION: >
#     How to cite and acknowledge Gaia: 
#     https://gea.esac.esa.int/archive/documentation/credits.html 
# - KNOWN_ISSUES: >
#     Known issues: 
#     https://www.cosmos.esa.int/web/gaia-users/known-issues 
# - DOCUMENTATION: >
#     Tutorials and documentation: 
#     https://www.cosmos.esa.int/web/gaia-users/archive 
# datatype:
# - 
#   name: solution_id
#   datatype: int64
#   description: Solution Identifier
#   meta:
#     ucd: meta.version
# - 
#   name: source_id
#   datatype: int64
#   description: Unique source identifier
#   meta:
#     ucd: meta.id;meta.main
# - 
#   name: global_ranking
#   datatype: float32
#   description: Number between 0 (worst) and 1 (best)
#   meta:
#     ucd: stat.param
# - 
#   name: reference_time
#   datatype: float64
#   unit: d
#   description: Reference time used for the geometric model fit
#   meta:
#     ucd: time.epoch
# - 
#   name: frequency
#   datatype: float64
#   unit: d**-1
#   description: Frequency of geometric model of the eclipsing binary light curve
#   meta:
#     ucd: src.orbital
# - 
#   name: frequency_error
#   datatype: float32
#   unit: d**-1
#   description: "Uncertainty of \\texttt{frequency}"
#   meta:
#     ucd: stat.error
# - 
#   name: geom_model_reference_level
#   datatype: float32
#   unit: mag
#   description: Magnitude reference level of geometric model
#   meta:
#     ucd: phot.mag;em.opt
# - 
#   name: geom_model_reference_level_error
#   datatype: float32
#   unit: mag
#   description: "Uncertainty of \\texttt{geomModelReferenceLevel}"
#   meta:
#     ucd: stat.error;phot.mag;em.opt
# - 
#   name: geom_model_gaussian1_phase
#   datatype: float32
#   description: Phase of the Gaussian 1 component
#   meta:
#     ucd: time.phase
# - 
#   name: geom_model_gaussian1_phase_error
#   datatype: float32
#   description: "Uncertainty of \\texttt{geomModelGaussian1Phase}"
#   meta:
#     ucd: stat.error;time.phase
# - 
#   name: geom_model_gaussian1_sigma
#   datatype: float32
#   description: "Standard deviation [phase] of Gaussian 1 component"
#   meta:
#     ucd: stat.stdev
# - 
#   name: geom_model_gaussian1_sigma_error
#   datatype: float32
#   description: "Uncertainty of \\texttt{geomModelGaussian1Sigma}"
#   meta:
#     ucd: stat.error
# - 
#   name: geom_model_gaussian1_depth
#   datatype: float32
#   unit: mag
#   description: Magnitude depth of Gaussian 1 component
#   meta:
#     ucd: src.var.amplitude
# - 
#   name: geom_model_gaussian1_depth_error
#   datatype: float32
#   unit: mag
#   description: "Uncertainty of \\texttt{geomModelGaussian1Depth}"
#   meta:
#     ucd: stat.error;src.var.amplitude
# - 
#   name: geom_model_gaussian2_phase
#   datatype: float32
#   description: Phase of Gaussian 2 component
#   meta:
#     ucd: time.phase
# - 
#   name: geom_model_gaussian2_phase_error
#   datatype: float32
#   description: "Uncertainty of \\texttt{geomModelGaussian2Phase}"
#   meta:
#     ucd: stat.error;time.phase
# - 
#   name: geom_model_gaussian2_sigma
#   datatype: float32
[...]
#   datatype: float32
#   description: "Secondary eclipse: uncertainty of \\texttt{derivedSecondaryEclDuration}"
#   meta:
#     ucd: stat.error;time.duration
# - 
#   name: derived_secondary_ecl_depth
#   datatype: float32
#   unit: mag
#   description: "Secondary eclipse: depth"
#   meta:
#     ucd: src.var.amplitude
# - 
#   name: derived_secondary_ecl_depth_error
#   datatype: float32
#   unit: mag
#   description: "Secondary eclipse: uncertainty of \\texttt{derivedSecondaryEclDepth}"
#   meta:
#     ucd: stat.error;src.var.amplitude
solution_id,source_id,global_ranking,reference_time,frequency,frequency_error,geom_model_reference_level,geom_model_reference_level_error,geom_model_gaussian1_phase,geom_model_gaussian1_phase_error,geom_model_gaussian1_sigma,geom_model_gaussian1_sigma_error,geom_model_gaussian1_depth,geom_model_gaussian1_depth_error,geom_model_gaussian2_phase,geom_model_gaussian2_phase_error,geom_model_gaussian2_sigma,geom_model_gaussian2_sigma_error,geom_model_gaussian2_depth,geom_model_gaussian2_depth_error,geom_model_cosine_half_period_amplitude,geom_model_cosine_half_period_amplitude_error,geom_model_cosine_half_period_phase,geom_model_cosine_half_period_phase_error,model_type,num_model_parameters,reduced_chi2,derived_primary_ecl_phase,derived_primary_ecl_phase_error,derived_primary_ecl_duration,derived_primary_ecl_duration_error,derived_primary_ecl_depth,derived_primary_ecl_depth_error,derived_secondary_ecl_phase,derived_secondary_ecl_phase_error,derived_secondary_ecl_duration,derived_secondary_ecl_duration_error,derived_secondary_ecl_depth,derived_secondary_ecl_depth_error
[from data line 262]
375316653866487564,4112336662290169088,0.5681402,2278.3921635369147,2.9306613814398434,7.2735406E-6,18.841497,0.008878601,0.21525735,0.0022536968,0.06519245,0.0027122975,0.50809425,0.010998659,0.711452,0.0016863333,0.076677464,0.0041352757,0.5566013,0.044645626,null,null,null,null,"TWOGAUSSIANS",8,3.8875759,0.711452,0.0016863333,0.4,0.0,0.5546581,0.045337904,0.21525735,0.0022536968,0.36507776,0.015188865,0.506151,0.01052526
375316653866487564,4112337010209502208,0.4740032,2199.6165293474896,2.5748408736532014,3.6514917E-5,17.914886,0.011919989,0.24329178,0.0061585195,0.07486286,0.008189281,0.13684282,0.012866194,0.7542336,0.019549856,0.10400029,0.03955168,0.08594651,0.013744286,null,null,null,null,"TWOGAUSSIANS",8,5.003945,0.24329178,0.0061592152,0.4,0.002811493,0.13339716,0.009539244,0.7542336,0.019549856,0.4,0.0,0.082499,0.01947621
375316653866487564,4112337010214234240,0.5145455,2268.1532454219882,0.7757751550380885,1.4392471E-4,19.890478,0.012283038,0.6761019,0.0010090012,0.051258326,0.0033272896,0.36371133,0.009560383,null,null,null,null,null,null,null,null,null,null,"ONEGAUSSIAN",5,1.139705,0.6761019,0.0010090012,0.2870466,0.018632822,0.36371133,0.0,null,null,null,null,null,null
375316653866487564,4112337250727980544,0.5136887,2244.184494346736,2.318445630226337,2.1343425E-5,18.929358,0.010850661,0.28146017,0.010134075,0.09568418,0.01321091,0.13751881,0.01781397,0.7664853,0.0038343673,0.07684814,0.0068965745,0.33921137,0.027202507,null,null,null,null,"TWOGAUSSIANS",8,2.3265913,0.7664853,0.0038343673,0.4,0.0,0.33455068,0.02858337,0.28146017,0.010134075,0.4,0.0,0.13285767,0.01728975
375316653866487564,4112337521279913856,0.50098026,2246.1114553489133,0.03991307624944576,1.586518E-5,18.998686,0.0073998556,0.35497063,0.021933483,0.072769254,0.016644372,0.33280364,0.024880636,0.99184316,0.0010011006,0.011399103,0.0014781664,0.4353187,0.34745875,null,null,null,null,"TWOGAUSSIANS",8,3.0257304,0.99184316,0.0010011006,0.06383498,0.008277732,0.43532,0.3474575,0.35497063,0.021933483,0.4,0.021534966,0.33280364,0.024880638
375316653866487564,4112337800484408576,0.5274165,2238.1654464216444,2.3212696953289482,1.6405973E-5,18.643198,0.007270557,0.2580768,0.031598832,0.050290562,0.029580565,0.114508815,0.044285044,0.78006846,6.561641E-4,0.05351732,0.0022032985,0.53156,0.030268399,null,null,null,null,"TWOGAUSSIANS",8,4.5670705,0.78006846,6.561641E-4,0.29969698,0.012338472,0.5315584,0.030268235,0.2580768,0.031598832,0.28162715,0.16565116,0.114507206,0.044306587
375316653866487564,4112338144081609216,0.4598497,2246.221203575491,2.322385278306586,2.8781043E-4,19.558052,0.017644882,0.20014943,0.036533177,0.090451635,0.030002281,0.10793863,0.042256016,0.71273047,0.10828336,0.035540435,0.014079935,0.41690436,0.33279702,null,null,null,null,"TWOGAUSSIANS",8,3.4028924,0.71273047,0.10837764,0.19902645,0.07884764,0.41683376,0.33247834,0.20014943,0.036533177,0.4,0.0,0.10786798,0.0422859
375316653866487564,4112338414636895872,0.49982867,2222.799887191864,3.0886790471731547,3.8150545E-5,17.991905,0.015875574,0.23908019,0.011673683,0.07724097,0.011221138,0.31466594,0.023001336,0.7294047,0.005073711,0.07567458,0.007350532,0.3109678,0.029214801,null,null,null,null,"TWOGAUSSIANS",8,22.281761,0.23908019,0.011673683,0.4,0.0,0.31224495,0.02152016,0.7294047,0.005073711,0.4,0.0,0.3085468,0.0289874
375316653866487564,4112338483352619648,0.5649069,2194.405396076163,1.8449509966490585,1.986766E-5,18.822521,0.0072790347,0.25173536,0.004768655,0.053272616,0.0040687183,0.5895971,0.042921815,0.74866295,0.00757324,0.079746984,0.012874446,0.22247227,0.035500895,null,null,null,null,"TWOGAUSSIANS",8,3.471356,0.25173536,0.004768655,0.29832667,0.022784822,0.5891005,0.042968675,0.74866295,0.00757324,0.4,0.02078605,0.22197565,0.035869136
375316653866487564,4112338934355344128,0.5110746,2221.870296458895,2.055332153142767,7.1413738E-6,18.079317,0.022993492,0.21633165,0.017763173,0.0638168,0.012201505,0.30999708,0.052599583,0.7240601,0.003815773,0.07886421,0.010110259,0.29330468,0.020710777,null,null,null,null,"TWOGAUSSIANS",8,13.814108,0.21633165,0.017763173,0.35737407,0.068328425,0.30893376,0.051271647,0.7240601,0.003815773,0.4,0.0,0.29224136,0.019917438
375316653866487564,4112339514148602368,0.5887249,2209.712475494789,0.5579743260663637,3.0178991E-5,18.402275,0.024697442,0.30985355,0.00933293,0.038935058,0.010469753,0.83372295,0.108549386,0.8199359,0.002954422,0.03147423,0.008062334,0.33260578,0.10943849,0.020650612,0.0317286,0.30985355,0.00933293,"TWOGAUSSIANS_WITH_ELLIPSOIDAL_ON_ECLIPSE1",9,14.641234,0.30985355,0.00933293,0.21803632,0.05863062,0.87502414,0.113377966,0.8199359,0.002954422,0.17625569,0.045149066,0.3737414,0.12569474
375316653866487564,4112339518487656960,0.6563257,2187.6023470896976,0.9719736584262195,5.1953884E-6,16.339209,0.002102123,0.23610675,0.0031330802,0.03839251,0.009596375,0.026886728,0.005278806,0.736236,0.001068148,0.05085707,0.0015806779,0.15936245,0.004703535,0.02832722,0.0026644561,0.23610675,0.0031330802,"TWOGAUSSIANS_WITH_ELLIPSOIDAL_ON_ECLIPSE1",9,1.6078035,0.736236,9.811234E-4,0.2847996,0.008851796,0.21601589,0.0030108592,0.23610675,0.0031330802,0.21499807,0.053739697,0.08354021,0.0034821245
375316653866487564,4112340888536117248,0.42499036,2221.552727771376,1.6383600983904845,3.8036036E-5,18.28221,0.0650289,0.26436684,0.052128844,0.14261968,0.15266652,0.074217945,0.07529187,0.6633227,0.01911502,0.07463227,0.024768861,0.12368397,0.049599037,null,null,null,null,"TWOGAUSSIANS",8,7.8119144,0.6633227,0.01911502,0.4,0.06700417,0.121586144,0.039202344,0.26436684,0.05212301,0.4,0.1454948,0.0706263,0.06919048
375316653866487564,4112340922895886208,0.5924355,2181.6969124111674,3.8270704916944354,1.3461424E-5,17.454237,0.026674807,0.3232635,0.0041762465,0.09688114,0.008554567,0.34280375,0.02595596,0.8355602,0.009463953,0.09686892,0.013509098,0.3371155,0.027677113,null,null,null,null,"TWOGAUSSIANS",8,7.6717906,0.3232635,0.0041762465,0.4,0.0,0.32218462,0.014442196,0.8355602,0.009463953,0.4,0.0,0.31649637,0.015004865
375316653866487564,4112341305194336128,0.48708808,2267.3950924144597,0.04012267973180536,1.3233704E-5,18.945993,0.013456383,0.12208323,0.0011277479,0.018237595,0.0050686058,1.0184803,6.3758307,0.5492677,0.008691739,0.07702839,0.012297632,0.2629239,0.034384675,null,null,null,null,"TWOGAUSSIANS",8,5.032619,0.12208323,0.0011277479,0.102130525,0.028384192,1.0184803,6.3758307,0.5492677,0.008691739,0.4,0.0022317073,0.26292387,0.03438473
375316653866487564,4112341648781149952,0.51299304,2249.6305831847776,3.979919795182684,7.237735E-6,18.641556,0.021725979,0.17141299,0.0062238122,0.09397243,0.01175249,0.3934728,0.053623743,0.6689042,0.0018428355,0.07481682,0.003477948,0.64126253,0.022113027,null,null,null,null,"TWOGAUSSIANS",8,4.8005157,0.6689042,0.0018428355,0.4,0.0,0.6298065,0.021722734,0.17141299,0.0062238122,0.4,0.0,0.38201618,0.057117704
375316653866487564,4112342095468444032,0.512277,2202.0583657345474,3.4970929910705273,2.3638548E-5,17.784525,0.020503221,0.30615863,0.025912309,0.033772096,0.077163905,0.2234167,0.17641996,0.78491056,0.005692892,0.032875918,0.009822652,0.1308766,0.06758225,0.1358157,0.01905192,0.78491056,0.005692892,"TWOGAUSSIANS_WITH_ELLIPSOIDAL_ON_ECLIPSE2",9,27.631453,0.30407864,0.020573912,0.18912375,0.2593218,0.4907036,0.18981476,0.78491056,0.005692892,0.18410514,0.055006847,0.40250784,0.05622982
375316653866487564,4112342439065788800,0.59713435,2215.3462454390133,2.6452167294694475,4.270015E-6,16.044289,0.018231638,0.23535806,0.0072778114,0.044640616,0.0122027295,0.45760128,0.09245462,0.7438771,0.004323989,0.033845656,0.006528153,0.34845623,0.057554964,0.14694872,0.020646218,0.7438771,0.004323989,"TWOGAUSSIANS_WITH_ELLIPSOIDAL_ON_ECLIPSE2",9,102.46534,0.23613806,0.006483296,0.24998744,0.06833529,0.75073415,0.110901006,0.7438771,0.004323989,0.18953568,0.03655766,0.6423533,0.059187427
375316653866487564,4112342572178939392,0.5846527,2199.98802094581,3.2133249849392724,9.185616E-6,19.555353,0.0075780284,0.24087828,0.004340867,0.03598757,0.010242187,0.37047693,0.077733226,0.73783267,0.007020331,0.041372407,0.004074315,0.30601376,0.04252951,0.1398222,0.014743737,0.24087828,0.004340867,"TWOGAUSSIANS_WITH_ELLIPSOIDAL_ON_ECLIPSE1",9,1.0825847,0.24087828,0.004340867,0.2015304,0.05735625,0.65012115,0.08225947,0.73816264,0.005916685,0.23168549,0.022816164,0.5855669,0.03052569
375316653866487564,4112342640882983936,0.5540017,2224.7313470898102,2.7746394918591255,7.42037E-6,16.861692,0.0024798124,0.21308947,0.0021077325,0.030649103,0.00556621,0.050899986,0.0073313448,0.6881808,0.0013131814,0.0056515243,0.0014450881,0.086973965,0.04934939,0.090163745,0.0040526018,0.21308947,0.0021077325,"TWOGAUSSIANS_WITH_ELLIPSOIDAL_ON_ECLIPSE1",9,9.459362,0.6883108,0.0012091028,0.031648535,0.008092493,0.26294258,0.05179669,0.21308947,0.0021077325,0.17163497,0.031170776,0.23122735,0.0072948043
375316653866487564,4112344187069399040,0.52029544,2195.4578417227126,3.4612316895696638,2.547925E-5,19.12136,0.03732044,0.28813705,0.026247783,0.0816416,0.024042625,0.3349322,0.057516854,0.78229964,0.006470145,0.087886006,0.0150783025,0.276502,0.03633587,null,null,null,null,"TWOGAUSSIANS",8,2.8469992,0.28813705,0.026247783,0.4,0.0,0.32787266,0.041622207,0.78229964,0.006470145,0.4,0.0,0.2694424,0.02444839
375316653866487564,4112344569351806080,0.5272205,2212.143378125781,0.9060249264911634,2.3622451E-5,17.023611,0.0022242093,0.25474826,0.011478965,0.046350315,0.016142303,0.045258284,0.0039029266,0.7183312,0.0068286946,0.06697861,0.0063910056,0.1449663,0.029118774,null,null,null,null,"TWOGAUSSIANS",8,3.3406427,0.7183312,0.0068286946,0.3750802,0.03578963,0.14496389,0.029120393,0.25474826,0.011478965,0.25956175,0.0903969,0.045255873,0.003911265
375316653866487564,4112344878607264896,0.60544693,2240.905451897687,0.9690258676097238,1.0067794E-5,17.548212,0.005999771,0.27880862,0.0051722056,0.08858171,0.015139745,0.14091347,0.025596643,0.77407455,0.0018902274,0.0571105,0.002300807,0.46592987,0.010853258,null,null,null,null,"TWOGAUSSIANS",8,6.246325,0.77407455,0.0018902274,0.3198188,0.01288452,0.46487036,0.010663014,0.27880862,0.0051722056,0.4,0.0,0.13985392,0.026385527
375316653866487564,4112345256546915840,0.4408238,2186.6147199308666,2.172938384338018,5.5510736E-5,19.814676,0.017508412,0.28670898,0.009566112,0.08212218,0.015051362,0.3109554,0.039671443,0.62472874,0.0239184,0.07794497,0.03070507,0.13140388,0.026944218,null,null,null,null,"TWOGAUSSIANS",8,3.4389353,0.286719,0.009556997,0.4,0.0,0.31088766,0.039682016,0.62472874,0.0239184,0.4,0.016321158,0.13139044,0.026768884
375316653866487564,4112345290906837504,0.573411,2241.9575353063415,2.633079597276943,5.594826E-6,19.154284,0.014553254,0.25108433,0.011265045,0.074519634,0.009255985,0.6627984,0.13726412,0.747025,0.0021047955,0.0651743,0.0028737646,0.57475454,0.01597215,null,null,null,null,"TWOGAUSSIANS",8,3.032983,0.25108433,0.011265045,0.4,0.019763445,0.6609562,0.13813424,0.747025,0.0021047955,0.36497605,0.01609308,0.5729124,0.01528228
375316653866487564,4112345320940743424,0.4831667,2150.808396776193,0.5562739856624278,4.0559707E-6,19.803286,0.009629791,0.060300678,0.0012264964,0.00657817,8.7811874E-4,0.68641835,0.16369495,0.7490313,0.04110986,0.029339317,0.019307613,0.07857554,0.102298394,null,null,null,null,"TWOGAUSSIANS",8,1.3416662,0.060300678,0.0012264964,0.036837753,0.004917465,0.68641835,0.16369495,0.7490313,0.04110986,0.16430017,0.10812263,0.07857554,0.102298394
375316653866487564,4112346837095510528,0.56562036,2227.309650414509,2.1084003828958724,1.1283445E-5,17.951963,0.011346541,0.30535257,0.005102516,0.10450681,0.010640258,0.17667428,0.010698469,0.8087746,0.0031971848,0.080305055,0.0045976136,0.28457686,0.01235108,null,null,null,null,"TWOGAUSSIANS",8,2.7654543,0.8087746,0.0031971848,0.4,0.0,0.27413997,0.009357896,0.30535257,0.005102516,0.4,0.0,0.16623355,0.007155613
375316653866487564,4112347799185076864,0.52067477,2230.847932292267,2.952431205165607,2.4719975E-5,15.7526245,0.019019743,0.19372962,0.004942413,0.078586996,0.0064139646,0.27852288,0.026563376,0.71273804,0.006986384,0.090421565,0.016317392,0.23702678,0.019402644,null,null,null,null,"TWOGAUSSIANS",8,125.993576,0.19372962,0.004942413,0.4,0.0,0.2739629,0.02491579,0.71273804,0.006986384,0.4,0.0,0.2324666,0.01947327
375316653866487564,4112348589442479360,0.5127837,2197.995734001111,3.386358420979113,3.904594E-5,18.546988,0.021553678,0.19435918,0.014919013,0.10021282,0.019398674,0.19167426,0.03005971,0.70259887,0.0066781053,0.080122516,0.012978513,0.30632663,0.021928804,null,null,null,null,"TWOGAUSSIANS",8,7.682953,0.70259887,0.0066781053,0.4,0.0,0.29755947,0.0179492,0.19435918,0.014919013,0.4,0.0,0.18290548,0.029565461
375316653866487564,4112348756916544000,0.5951678,2233.406569530985,3.390264222118636,1.1531322E-5,18.14593,0.035290718,0.23529284,0.014669672,0.052148905,0.019675355,0.29926518,0.06950977,0.7556766,0.008530898,0.039243236,0.021126617,0.39405844,0.077043645,0.15018047,0.039180536,0.7556766,0.008530898,"TWOGAUSSIANS_WITH_ELLIPSOIDAL_ON_ECLIPSE2",9,13.61959,0.7556766,0.008530898,0.21976212,0.11830905,0.6944186,0.03542761,0.23889284,0.010717788,0.29203388,0.11018199,0.59558517,0.063462414
375316653866487564,4112349414037669888,0.45119607,2288.871494930573,1.405019592759792,1.645575E-5,17.956833,0.004744737,0.27942705,0.008769838,0.046878863,0.007729501,0.07275094,0.009165652,0.77590764,0.004818098,0.051029287,0.008321911,0.22790353,0.040666934,null,null,null,null,"TWOGAUSSIANS",8,4.744889,0.77590764,0.004818098,0.285764,0.046602704,0.22790305,0.040668927,0.27942705,0.008769838,0.26252162,0.043285206,0.072750464,0.009165412
375316653866487564,4112349585890670592,0.5466577,2321.8054117428455,2.6917701435664627,8.777059E-6,17.157804,0.012736499,0.19762947,0.0026536868,0.043170117,0.005941813,0.1780986,0.044219036,0.68831235,0.0077673937,0.05401808,0.009531902,0.1714676,0.031883422,0.10709806,0.015778191,0.19762947,0.0026536868,"TWOGAUSSIANS_WITH_ELLIPSOIDAL_ON_ECLIPSE1",9,23.379675,0.19762947,0.0026536868,0.24175265,0.03327415,0.3922922,0.034683872,0.6903924,0.0062142783,0.30250123,0.053378653,0.38509154,0.024896283
375316653866487564,4112349718987303936,0.5118545,2292.441069516359,1.0841364373308233,6.915918E-6,18.488234,0.005125471,0.20989805,0.0045623975,0.022105915,0.006166097,0.15429486,0.018791592,0.7102776,0.0035198305,0.03240099,0.003210022,0.20401824,0.015317352,0.026988935,0.010042788,0.20989805,0.0045623975,"TWOGAUSSIANS_WITH_ELLIPSOIDAL_ON_ECLIPSE1",9,3.7079988,0.7102776,0.0035116174,0.18144555,0.017976124,0.25799578,0.011733282,0.20989805,0.0045623975,0.123793125,0.03453014,0.20827273,0.021411806
375316653866487564,4112349757689323904,0.43833792,2319.6431235024106,2.9110383968013416,2.9302812E-5,18.738552,0.34575912,0.16871922,0.032641727,0.11373768,0.14390242,0.12899585,0.32799828,0.66322047,0.009207613,0.11468146,0.06024605,0.17413677,0.30571195,null,null,null,null,"TWOGAUSSIANS",8,4.5864787,0.66322047,0.009207613,0.4,0.0,0.14830863,0.014252727,0.16873921,0.0327229,0.4,0.0,0.10317745,0.03374199
375316653866487564,4112350066873234688,0.53528553,2335.608291169866,3.1289151496130563,3.2416276E-5,18.143156,0.009110935,0.30315387,0.0028840245,0.0918381,0.0042538103,0.30695954,0.0126398895,0.80091006,0.0062435125,0.09133747,0.007304701,0.2977878,0.014298587,null,null,null,null,"TWOGAUSSIANS",8,5.086802,0.30315387,0.0028840245,0.4,0.0,0.29286492,0.01129589,0.80091006,0.0062435125,0.4,0.0,0.28369322,0.013899541
