Gaia/vari_eclipsing_binary/VariEclipsingBinary_674684-674702.csv
# %ECSV 1.0
# ---
# delimiter: ','
# meta: !!omap
# - RELEASE: Gaia DR3
# - TABLE: vari_eclipsing_binary
# - DESCRIPTION: >
#     This table describes the properties of the eclipsing binaries resulting from the variability analysis. 
# - CITATION: >
#     How to cite and acknowledge Gaia: 
#     https://gea.esac.esa.int/archive/documentation/credits.html 
# - KNOWN_ISSUES: >
#     Known issues: 
#     https://www.cosmos.esa.int/web/gaia-users/known-issues 
# - DOCUMENTATION: >
#     Tutorials and documentation: 
#     https://www.cosmos.esa.int/web/gaia-users/archive 
# datatype:
# - 
#   name: solution_id
#   datatype: int64
#   description: Solution Identifier
#   meta:
#     ucd: meta.version
# - 
#   name: source_id
#   datatype: int64
#   description: Unique source identifier
#   meta:
#     ucd: meta.id;meta.main
# - 
#   name: global_ranking
#   datatype: float32
#   description: Number between 0 (worst) and 1 (best)
#   meta:
#     ucd: stat.param
# - 
#   name: reference_time
#   datatype: float64
#   unit: d
#   description: Reference time used for the geometric model fit
#   meta:
#     ucd: time.epoch
# - 
#   name: frequency
#   datatype: float64
#   unit: d**-1
#   description: Frequency of geometric model of the eclipsing binary light curve
#   meta:
#     ucd: src.orbital
# - 
#   name: frequency_error
#   datatype: float32
#   unit: d**-1
#   description: "Uncertainty of \\texttt{frequency}"
#   meta:
#     ucd: stat.error
# - 
#   name: geom_model_reference_level
#   datatype: float32
#   unit: mag
#   description: Magnitude reference level of geometric model
#   meta:
#     ucd: phot.mag;em.opt
# - 
#   name: geom_model_reference_level_error
#   datatype: float32
#   unit: mag
#   description: "Uncertainty of \\texttt{geomModelReferenceLevel}"
#   meta:
#     ucd: stat.error;phot.mag;em.opt
# - 
#   name: geom_model_gaussian1_phase
#   datatype: float32
#   description: Phase of the Gaussian 1 component
#   meta:
#     ucd: time.phase
# - 
#   name: geom_model_gaussian1_phase_error
#   datatype: float32
#   description: "Uncertainty of \\texttt{geomModelGaussian1Phase}"
#   meta:
#     ucd: stat.error;time.phase
# - 
#   name: geom_model_gaussian1_sigma
#   datatype: float32
#   description: "Standard deviation [phase] of Gaussian 1 component"
#   meta:
#     ucd: stat.stdev
# - 
#   name: geom_model_gaussian1_sigma_error
#   datatype: float32
#   description: "Uncertainty of \\texttt{geomModelGaussian1Sigma}"
#   meta:
#     ucd: stat.error
# - 
#   name: geom_model_gaussian1_depth
#   datatype: float32
#   unit: mag
#   description: Magnitude depth of Gaussian 1 component
#   meta:
#     ucd: src.var.amplitude
# - 
#   name: geom_model_gaussian1_depth_error
#   datatype: float32
#   unit: mag
#   description: "Uncertainty of \\texttt{geomModelGaussian1Depth}"
#   meta:
#     ucd: stat.error;src.var.amplitude
# - 
#   name: geom_model_gaussian2_phase
#   datatype: float32
#   description: Phase of Gaussian 2 component
#   meta:
#     ucd: time.phase
# - 
#   name: geom_model_gaussian2_phase_error
#   datatype: float32
#   description: "Uncertainty of \\texttt{geomModelGaussian2Phase}"
#   meta:
#     ucd: stat.error;time.phase
# - 
#   name: geom_model_gaussian2_sigma
#   datatype: float32
[...]
#   datatype: float32
#   description: "Secondary eclipse: uncertainty of \\texttt{derivedSecondaryEclDuration}"
#   meta:
#     ucd: stat.error;time.duration
# - 
#   name: derived_secondary_ecl_depth
#   datatype: float32
#   unit: mag
#   description: "Secondary eclipse: depth"
#   meta:
#     ucd: src.var.amplitude
# - 
#   name: derived_secondary_ecl_depth_error
#   datatype: float32
#   unit: mag
#   description: "Secondary eclipse: uncertainty of \\texttt{derivedSecondaryEclDepth}"
#   meta:
#     ucd: stat.error;src.var.amplitude
solution_id,source_id,global_ranking,reference_time,frequency,frequency_error,geom_model_reference_level,geom_model_reference_level_error,geom_model_gaussian1_phase,geom_model_gaussian1_phase_error,geom_model_gaussian1_sigma,geom_model_gaussian1_sigma_error,geom_model_gaussian1_depth,geom_model_gaussian1_depth_error,geom_model_gaussian2_phase,geom_model_gaussian2_phase_error,geom_model_gaussian2_sigma,geom_model_gaussian2_sigma_error,geom_model_gaussian2_depth,geom_model_gaussian2_depth_error,geom_model_cosine_half_period_amplitude,geom_model_cosine_half_period_amplitude_error,geom_model_cosine_half_period_phase,geom_model_cosine_half_period_phase_error,model_type,num_model_parameters,reduced_chi2,derived_primary_ecl_phase,derived_primary_ecl_phase_error,derived_primary_ecl_duration,derived_primary_ecl_duration_error,derived_primary_ecl_depth,derived_primary_ecl_depth_error,derived_secondary_ecl_phase,derived_secondary_ecl_phase_error,derived_secondary_ecl_duration,derived_secondary_ecl_duration_error,derived_secondary_ecl_depth,derived_secondary_ecl_depth_error
[from data line 181]
375316653866487564,5934649955518214144,0.5590819,2176.9450084829714,3.4732320611067697,1.6320959E-5,19.700445,0.01424831,0.20179842,0.003903577,0.04023457,0.010474239,0.52626145,0.62210745,0.6983486,0.0053079184,0.034935415,0.009833942,0.36319205,0.04839541,0.14068273,0.02322988,0.20179842,0.003903577,"TWOGAUSSIANS_WITH_ELLIPSOIDAL_ON_ECLIPSE1",9,2.4159148,0.20179842,0.003903577,0.22531359,0.05865574,0.80762666,0.62032735,0.6985886,0.0047452957,0.19563833,0.05507008,0.6444343,0.069651626
375316653866487564,5934649955518411776,0.52406,2162.1735017278174,0.7601426145322844,1.1158962E-5,19.639687,0.0067190975,0.34546182,0.003344737,0.036036402,0.0031091992,0.3992361,0.01830669,0.8480688,0.0022198348,0.037942786,0.0019474692,0.4053621,0.017771022,null,null,null,null,"TWOGAUSSIANS",8,1.235099,0.8480688,0.0022198348,0.2124796,0.010905827,0.4053621,0.017771022,0.34546182,0.003344737,0.20180385,0.017411517,0.3992361,0.01830669
375316653866487564,5934649955586178432,0.49685538,2131.025959253346,2.7826190175650436,2.9181592E-5,18.094461,0.03033851,0.30076942,0.0146773895,0.039151907,0.014324085,0.2556626,0.080685146,0.7633523,0.004194611,0.06741384,0.009951052,0.19017833,0.07790094,0.11792884,0.03959405,0.7633523,0.004194611,"TWOGAUSSIANS_WITH_ELLIPSOIDAL_ON_ECLIPSE2",9,17.425055,0.2970994,0.013470662,0.21925068,0.08021487,0.4797598,0.054520357,0.7633523,0.004194611,0.3775175,0.054838877,0.4258427,0.027772205
375316653866487564,5934650024304887552,0.54149866,2193.147760303043,2.2931741991247057,1.7132657E-5,16.323027,0.018841883,0.26347214,0.005287389,0.101669654,0.018740492,0.11597242,0.01588933,0.75965583,0.002639571,0.1193856,0.015199721,0.111926086,0.018006941,null,null,null,null,"TWOGAUSSIANS",8,4.442794,0.26348212,0.0053153993,0.4,0.0,0.09913425,0.0054629776,0.75965583,0.002639571,0.4,0.0,0.09505417,0.002735307
375316653866487564,5934650367835626368,0.4869812,2158.494936790202,1.863955814019627,5.1175073E-5,19.727943,0.013311505,0.11324502,0.013511043,0.012681248,0.020969208,0.07117726,19.886175,0.49713954,0.00859536,0.0943954,0.023153204,0.22623993,0.054581877,null,null,null,null,"TWOGAUSSIANS",8,1.3044285,0.49713954,0.00859536,0.4,0.0,0.22623958,0.0545848,0.113255024,0.013636069,0.071014985,0.11742757,0.071234845,19.886158
375316653866487564,5934650505274725888,0.49601892,2189.7089069479457,2.093127158091957,2.5126623E-5,18.356203,0.021760581,0.28645134,0.006362025,0.0938247,0.01185484,0.34691373,0.03515045,0.79730046,0.00804207,0.08536252,0.017161516,0.20794216,0.018581912,null,null,null,null,"TWOGAUSSIANS",8,7.750801,0.28645134,0.006362025,0.4,0.0,0.33761057,0.03740616,0.79730046,0.00804207,0.4,0.0,0.19863956,0.012789336
375316653866487564,5934650505341301248,0.57646674,2194.134153078397,1.0204958891215974,5.7201337E-6,16.066692,0.003936734,0.20980738,0.01508058,0.06753825,0.05342337,0.010986975,0.007711057,0.7112171,0.0019211965,0.033342015,0.0027394192,0.19022264,0.012469564,0.012186597,0.004255751,0.20980738,0.01508058,"TWOGAUSSIANS_WITH_ELLIPSOIDAL_ON_ECLIPSE1",9,6.5234056,0.7112171,0.0019204979,0.18671528,0.015340747,0.21458228,0.011613899,0.20980738,0.01508058,0.37821418,0.28667837,0.03534854,0.004629967
375316653866487564,5934650642780322048,0.46111277,2193.6106216578523,0.18394194785774506,4.174888E-6,18.934307,0.0070574386,0.18284363,0.0063688625,0.018263739,0.0073563294,0.215763,1.7399635,0.41650483,0.004232207,0.017856147,0.0021583145,0.6016163,0.10814286,null,null,null,null,"TWOGAUSSIANS",8,9.367509,0.41650483,0.004232207,0.09999442,0.012086561,0.6016163,0.10814286,0.18284363,0.0063688625,0.102276936,0.041195445,0.215763,1.7399635
375316653866487564,5934650672769642752,0.5725308,2212.1002300776167,2.983208707999068,9.045261E-6,18.026993,0.0080162175,0.20993587,0.0020520645,0.07376629,0.004129641,0.29808334,0.0093861185,0.71077895,0.002157433,0.074913025,0.0045652054,0.422436,0.021246575,null,null,null,null,"TWOGAUSSIANS",8,5.2268405,0.71077895,0.002157433,0.4,0.0,0.4199983,0.021786604,0.20993587,0.0020520645,0.4,0.0,0.29564562,0.009235396
375316653866487564,5934650711433445632,0.45665386,2198.675085183953,1.2318300264094801,3.2713688E-5,18.913902,0.13590705,0.22910674,0.007319312,0.07862873,0.017912665,0.28107187,0.06521931,0.721632,0.025726052,0.169736,0.14422312,0.11060249,0.13219738,null,null,null,null,"TWOGAUSSIANS",8,2.9495273,0.22923674,0.0072576776,0.4,0.012452341,0.25223726,0.022329422,0.721632,0.025726052,0.4,0.0,0.07885859,0.012522075
375316653866487564,5934650780219344768,0.6027713,2203.5352525552676,0.5514882247072674,9.906705E-6,16.358221,0.01804331,0.26868075,0.0027082018,0.13371874,0.011174891,0.14747399,0.017896496,0.7553286,0.002064341,0.119952366,0.006768543,0.19742382,0.017610975,null,null,null,null,"TWOGAUSSIANS",8,2.4524105,0.7553286,0.002064341,0.4,0.0,0.15436676,0.0025501607,0.26881075,0.0027042865,0.4,0.0,0.10420131,0.0016779217
375316653866487564,5934650951951697280,0.48292157,2170.1884219088215,2.7164073116120107,3.748087E-5,19.660568,0.026146822,0.21303128,0.020381792,0.08261698,0.018191319,0.29220176,0.04916912,0.6908866,0.006278537,0.09440851,0.0108230105,0.43112928,0.027953384,null,null,null,null,"TWOGAUSSIANS",8,4.498049,0.6908866,0.006278537,0.4,0.0,0.42187685,0.023943437,0.21303128,0.020381792,0.4,0.0,0.28295058,0.04800897
375316653866487564,5934651089390841728,0.4673373,2198.99359104679,0.9286994034246349,1.2380561E-5,18.123724,0.0046789865,0.27540606,0.0060954937,0.04437567,0.01239601,0.19712278,0.054389164,0.7673114,0.0031530631,0.023993084,0.00414214,0.08141304,0.023430234,0.036429416,0.0053948876,0.27540606,0.0060954937,"TWOGAUSSIANS_WITH_ELLIPSOIDAL_ON_ECLIPSE1",9,5.6604986,0.27540606,0.0060954937,0.24850374,0.069417655,0.26998156,0.055380657,0.7676314,0.0029692394,0.13436127,0.023195984,0.15409085,0.022914056
375316653866487564,5934651188206480000,0.42959133,2209.394986560534,0.11158494018375409,3.3976117E-5,18.534435,0.08773954,0.27077392,0.05110597,0.12056421,0.08507381,0.07679591,0.08753152,0.8359394,0.014561978,0.06957244,0.05385879,0.097487904,0.063617475,null,null,null,null,"TWOGAUSSIANS",8,4.7813663,0.83610946,0.009441861,0.38960567,0.06788752,0.095672145,0.029875664,0.27077392,0.051027067,0.4,0.0,0.07486358,0.031672377
375316653866487564,5934651325601914368,0.5511379,2208.1025803801035,0.5811965293523159,2.3735005E-5,14.754894,0.0010690289,0.41505134,0.006901918,0.018409949,0.007859052,0.017161237,0.022582863,0.54527825,0.0016532766,0.026747026,0.001784266,0.24565679,0.01993574,null,null,null,null,"TWOGAUSSIANS",8,31.164162,0.54527825,0.0016532766,0.14978334,0.009991889,0.24565679,0.01993574,0.41506132,0.0069046733,0.10309571,0.04401069,0.017162986,0.022584517
375316653866487564,5934651394319652096,0.46412894,2205.7075533326197,2.4128942729389986,3.054831E-5,16.907097,0.13223405,0.28281203,0.007833443,0.121238016,0.0513737,0.10962745,0.1213019,0.7705766,0.0070405714,0.13659127,0.086299464,0.11212929,0.12805635,null,null,null,null,"TWOGAUSSIANS",8,9.353404,0.7705766,0.0070405714,0.4,0.0,0.08140876,0.0066471244,0.28312203,0.0070228875,0.4,0.0,0.07914909,0.00878759
375316653866487564,5934651531758654848,0.59278077,2171.371843705452,2.109021104459185,7.926733E-6,16.927511,0.00620362,0.25313792,0.002871572,0.10089677,0.004901457,0.17642817,0.007128397,0.7549181,0.0023313917,0.09359947,0.0043741316,0.22824551,0.0057519646,null,null,null,null,"TWOGAUSSIANS",8,3.717339,0.7549181,0.0023313917,0.4,0.0,0.21396567,0.0033321474,0.25313792,0.002871572,0.4,0.0,0.16214697,0.005641104
375316653866487564,5934651536066402944,0.63288426,2173.226810391981,0.6047848317235966,5.0526874E-6,16.407433,0.0015844235,0.6104644,6.3408114E-4,0.02221331,5.264863E-4,0.56699896,0.010201221,null,null,null,null,null,null,null,null,null,null,"ONEGAUSSIAN",5,8.309579,0.6104644,6.3408114E-4,0.124394536,0.0029483233,0.56699896,0.0,null,null,null,null,null,null
375316653866487564,5934651776586577536,0.58180994,2168.4694165839173,2.5262257939376314,5.7600887E-6,19.19811,0.013455437,0.23572305,0.0031520885,0.046260405,0.007595461,0.5054597,0.11430678,0.7379374,0.0022245683,0.043258164,0.0032561666,0.44027212,0.029892268,0.1353373,0.01758231,0.23572305,0.0031520885,"TWOGAUSSIANS_WITH_ELLIPSOIDAL_ON_ECLIPSE1",9,1.7945656,0.23572305,0.0031520885,0.25905827,0.04253458,0.7761335,0.12372243,0.7379374,0.0022148946,0.24224572,0.018234534,0.71089345,0.010881842
375316653866487564,5934651806671583616,0.5335878,2165.294628656604,0.2435403910005506,4.401452E-6,18.29281,0.003358338,0.3043557,0.043068442,0.038470767,0.037354797,0.0338226,0.0152181145,0.8571145,8.776587E-4,0.0126653835,4.778506E-4,0.3287557,0.012873918,null,null,null,null,"TWOGAUSSIANS",8,3.124197,0.8571145,8.776587E-4,0.07092615,0.0026759633,0.3287557,0.012873918,0.3043557,0.043068442,0.2154363,0.20918687,0.0338226,0.0152181145
375316653866487564,5934652012799616640,0.49426636,2131.1417782597296,2.1308215313816095,2.4469338E-5,19.137255,0.014152219,0.20562872,0.008947776,0.07918536,0.012740394,0.26097623,0.03227248,0.69902104,0.0068615265,0.07719579,0.010836337,0.3026401,0.015907642,null,null,null,null,"TWOGAUSSIANS",8,3.9751527,0.69902104,0.0068615265,0.4,0.0,0.29968664,0.0149912825,0.20562872,0.008947776,0.4,0.0,0.2580228,0.03361457
375316653866487564,5934652017103265024,0.46553743,2188.9971818003614,2.461737017370035,2.212291E-5,18.166452,0.007326261,0.26007944,0.0050272504,0.031972494,0.0065103155,0.08491338,0.03281773,0.7336199,0.020750077,0.051424388,0.022787862,0.054051626,0.014767176,0.047488116,0.010363723,0.26007944,0.0050272504,"TWOGAUSSIANS_WITH_ELLIPSOIDAL_ON_ECLIPSE1",9,6.664942,0.26007944,0.0050272504,0.17904596,0.036457766,0.17988956,0.023876166,0.7407199,0.01905967,0.28797656,0.12761202,0.1471167,0.016521998
375316653866487564,5934652017103424512,0.46657807,2168.479476690357,2.6341574588636254,5.264427E-5,18.73594,0.014255138,0.2761827,0.010365034,0.05708644,0.015197504,0.07031232,0.054514073,0.73056644,0.004563174,0.021289865,0.0043312963,0.16345151,0.041275654,0.08806003,0.022783905,0.2761827,0.010365034,"TWOGAUSSIANS_WITH_ELLIPSOIDAL_ON_ECLIPSE1",9,15.886084,0.73218644,0.0044425367,0.11922324,0.02425526,0.32597485,0.032718644,0.2761827,0.010365034,0.3196841,0.08510602,0.24642745,0.032850057
375316653866487564,5934652085889268736,0.5709877,2172.177661325163,2.3829168345791545,1.1405318E-5,17.214077,0.0067951595,0.26960343,0.003957521,0.07689359,0.005073014,0.4120905,0.02170884,0.78237903,0.0025784269,0.072675936,0.0035966123,0.4139918,0.011105046,null,null,null,null,"TWOGAUSSIANS",8,19.5352,0.78237903,0.0025784269,0.4,0.0015498592,0.4116768,0.011071011,0.26960343,0.003957521,0.4,0.0,0.4097755,0.022088692
375316653866487564,5934652188902401792,0.55960137,2152.920656645854,0.8078285949762107,6.597143E-5,18.743156,0.015436628,0.19333269,0.00449313,0.026167126,0.018610716,0.1577813,56396.637,0.69216144,0.03662592,0.03299425,0.13822944,1.0198115,0.9927539,0.051233884,0.008842353,0.19333269,0.00449313,"TWOGAUSSIANS_WITH_ELLIPSOIDAL_ON_ECLIPSE1",9,2.6460807,0.69217145,0.036609348,0.18476781,0.21506034,1.1222737,1.0032591,0.19333269,0.0044623064,0.14653592,0.10422001,0.26024902,56396.64
375316653866487564,5934652773084238848,0.56657124,2199.928895747763,0.9404253638559129,1.3161177E-5,13.557645,0.0013375593,0.25401008,0.0035731634,0.04363636,0.0047419947,0.040560868,0.0030293737,0.76716065,0.021911427,0.04076738,0.022582058,0.005073265,0.002970053,0.0059845145,0.0017129284,0.25401008,0.0035731634,"TWOGAUSSIANS_WITH_ELLIPSOIDAL_ON_ECLIPSE1",9,6.883476,0.25401008,0.0035731634,0.2443636,0.026555171,0.052529894,0.001824039,0.76716065,0.021804344,0.22829732,0.12645952,0.01696076,0.0010230709
375316653866487564,5934652944882976896,0.51854604,2191.798825424217,1.4640779981174976,1.4077835E-5,16.230522,0.5165098,0.27365193,0.012282642,0.16268435,0.07797986,0.21201923,0.42453074,0.78621495,0.012774715,0.1760879,0.13136639,0.18439637,0.48610482,null,null,null,null,"TWOGAUSSIANS",8,3.4992325,0.27076194,0.004958149,0.4,0.0,0.09380882,0.004227687,0.78942496,0.0067979167,0.4,0.0,0.063383445,0.0048024347
375316653866487564,5934652979177024128,0.54309446,2166.7397621406676,4.094696098315672,2.7676493E-5,19.219727,0.013156452,0.26531023,5.4819975E-4,0.009018121,0.002815664,0.660637,0.46492332,0.6159186,0.0055094883,0.14682719,0.008655727,0.47270018,0.015955506,null,null,null,null,"TWOGAUSSIANS",8,3.569926,0.26536024,8.0590806E-4,0.050501477,0.015767718,0.6851234,0.46256953,0.6159186,0.0055094883,0.4,0.0,0.4698329,0.016086133
375316653866487564,5934653425853704832,0.62556624,2189.6668752752394,2.62435336612072,5.176012E-6,18.337574,0.013972742,0.22423646,0.0037824654,0.050723303,0.006215056,0.3704583,0.03137662,0.72275686,0.0027107992,0.04983979,0.0043784007,0.31987616,0.029313821,0.108154796,0.015225564,0.22423646,0.0037824654,"TWOGAUSSIANS_WITH_ELLIPSOIDAL_ON_ECLIPSE1",9,2.473962,0.22423646,0.0037824654,0.2840505,0.034804314,0.5867644,0.011712227,0.72292686,0.002376962,0.27910283,0.024519045,0.5361658,0.015949504
375316653866487564,5934653524667517568,0.55917084,2196.5199280112856,0.515840682160105,3.181857E-5,16.661928,0.0024509714,0.25967813,0.012988116,0.03560457,0.02505452,0.071673095,0.14985487,0.7648892,0.013763617,0.032673016,0.011856729,0.1976454,0.017626977,0.00868416,0.00400872,0.25967813,0.012988116,"TWOGAUSSIANS_WITH_ELLIPSOIDAL_ON_ECLIPSE1",9,4.5256886,0.7648892,0.0137249725,0.1829689,0.06639768,0.21499509,0.016548468,0.25967813,0.012988116,0.19938558,0.14030531,0.0890414,0.15189518
375316653866487564,5934653528932920704,0.47063863,2169.370178732921,0.1974011181207897,9.164279E-6,18.762754,0.0050690807,0.3527521,0.008103172,0.06809058,0.008788771,0.15246569,0.010634145,0.82660747,0.037725516,0.030140271,0.024341809,0.17647803,1.22267569E14,null,null,null,null,"TWOGAUSSIANS",8,2.008328,0.82660747,0.037725516,0.16878553,0.13631412,0.17647785,1.22267569E14,0.3527521,0.008103172,0.38130724,0.041765016,0.1524655,0.010634707
375316653866487564,5934654280566919040,0.5813048,2210.7784602608167,0.656703296629136,2.2778377E-5,16.632298,0.0064763,0.5431283,0.08560884,0.14453724,0.10181174,0.023601899,0.0067938855,0.7197905,0.0027945733,0.037839353,0.0025985448,0.43431532,0.030170443,null,null,null,null,"TWOGAUSSIANS",8,12.263252,0.7197905,0.0027945733,0.21190037,0.01455185,0.44537905,0.029903453,0.54410833,0.3390168,0.4,0.0,0.023491452,0.81415987
375316653866487564,5934654903388638080,0.5085884,2204.695114773829,3.3335529762978364,1.4268618E-5,18.291914,0.002205996,0.7811973,0.0048275436,0.02663448,0.009235664,0.028462967,0.0153937545,null,null,null,null,null,null,0.05771006,0.0033838977,0.7811973,0.0048275436,"ONEGAUSSIAN_WITH_ELLIPSOIDAL",6,2.4467037,0.7811973,0.0048275436,0.1491531,0.05171972,0.14388296,0.014224579,null,null,null,null,null,null
375316653866487564,5934655350065296256,0.64858806,2219.0167240902756,1.675882784140222,3.7494103E-6,17.0886,0.00529474,0.21831334,7.537116E-4,0.052149307,0.0023344278,0.2257513,0.011257369,0.7194022,0.0028922553,0.049020804,0.0029318728,0.24773434,0.016745117,0.118264325,0.006693837,0.21831334,7.537116E-4,"TWOGAUSSIANS_WITH_ELLIPSOIDAL_ON_ECLIPSE1",9,4.742384,0.7194022,0.0027599854,0.2745165,0.016418487,0.4842489,0.010980344,0.21831334,7.537116E-4,0.29203612,0.013072795,0.46227694,0.005182644
375316653866487564,5934655487441338368,0.42101884,2205.0359804695877,0.04352760426805072,3.6306603E-5,19.580627,0.0135630965,0.3302487,0.0058095404,0.019522399,0.0036521573,0.19469814,0.020536177,0.860773,0.00365741,0.039364293,0.005199466,0.19717753,0.022896944,null,null,null,null,"TWOGAUSSIANS",8,4.358591,0.860773,0.00365741,0.22044003,0.029117009,0.19717753,0.022896944,0.3302487,0.0058095404,0.10932543,0.02045208,0.19469814,0.020536177
