Gaia/vari_eclipsing_binary/VariEclipsingBinary_223624-223735.csv
# %ECSV 1.0
# ---
# delimiter: ','
# meta: !!omap
# - RELEASE: Gaia DR3
# - TABLE: vari_eclipsing_binary
# - DESCRIPTION: >
#     This table describes the properties of the eclipsing binaries resulting from the variability analysis. 
# - CITATION: >
#     How to cite and acknowledge Gaia: 
#     https://gea.esac.esa.int/archive/documentation/credits.html 
# - KNOWN_ISSUES: >
#     Known issues: 
#     https://www.cosmos.esa.int/web/gaia-users/known-issues 
# - DOCUMENTATION: >
#     Tutorials and documentation: 
#     https://www.cosmos.esa.int/web/gaia-users/archive 
# datatype:
# - 
#   name: solution_id
#   datatype: int64
#   description: Solution Identifier
#   meta:
#     ucd: meta.version
# - 
#   name: source_id
#   datatype: int64
#   description: Unique source identifier
#   meta:
#     ucd: meta.id;meta.main
# - 
#   name: global_ranking
#   datatype: float32
#   description: Number between 0 (worst) and 1 (best)
#   meta:
#     ucd: stat.param
# - 
#   name: reference_time
#   datatype: float64
#   unit: d
#   description: Reference time used for the geometric model fit
#   meta:
#     ucd: time.epoch
# - 
#   name: frequency
#   datatype: float64
#   unit: d**-1
#   description: Frequency of geometric model of the eclipsing binary light curve
#   meta:
#     ucd: src.orbital
# - 
#   name: frequency_error
#   datatype: float32
#   unit: d**-1
#   description: "Uncertainty of \\texttt{frequency}"
#   meta:
#     ucd: stat.error
# - 
#   name: geom_model_reference_level
#   datatype: float32
#   unit: mag
#   description: Magnitude reference level of geometric model
#   meta:
#     ucd: phot.mag;em.opt
# - 
#   name: geom_model_reference_level_error
#   datatype: float32
#   unit: mag
#   description: "Uncertainty of \\texttt{geomModelReferenceLevel}"
#   meta:
#     ucd: stat.error;phot.mag;em.opt
# - 
#   name: geom_model_gaussian1_phase
#   datatype: float32
#   description: Phase of the Gaussian 1 component
#   meta:
#     ucd: time.phase
# - 
#   name: geom_model_gaussian1_phase_error
#   datatype: float32
#   description: "Uncertainty of \\texttt{geomModelGaussian1Phase}"
#   meta:
#     ucd: stat.error;time.phase
# - 
#   name: geom_model_gaussian1_sigma
#   datatype: float32
#   description: "Standard deviation [phase] of Gaussian 1 component"
#   meta:
#     ucd: stat.stdev
# - 
#   name: geom_model_gaussian1_sigma_error
#   datatype: float32
#   description: "Uncertainty of \\texttt{geomModelGaussian1Sigma}"
#   meta:
#     ucd: stat.error
# - 
#   name: geom_model_gaussian1_depth
#   datatype: float32
#   unit: mag
#   description: Magnitude depth of Gaussian 1 component
#   meta:
#     ucd: src.var.amplitude
# - 
#   name: geom_model_gaussian1_depth_error
#   datatype: float32
#   unit: mag
#   description: "Uncertainty of \\texttt{geomModelGaussian1Depth}"
#   meta:
#     ucd: stat.error;src.var.amplitude
# - 
#   name: geom_model_gaussian2_phase
#   datatype: float32
#   description: Phase of Gaussian 2 component
#   meta:
#     ucd: time.phase
# - 
#   name: geom_model_gaussian2_phase_error
#   datatype: float32
#   description: "Uncertainty of \\texttt{geomModelGaussian2Phase}"
#   meta:
#     ucd: stat.error;time.phase
# - 
#   name: geom_model_gaussian2_sigma
#   datatype: float32
[...]
#   datatype: float32
#   description: "Secondary eclipse: uncertainty of \\texttt{derivedSecondaryEclDuration}"
#   meta:
#     ucd: stat.error;time.duration
# - 
#   name: derived_secondary_ecl_depth
#   datatype: float32
#   unit: mag
#   description: "Secondary eclipse: depth"
#   meta:
#     ucd: src.var.amplitude
# - 
#   name: derived_secondary_ecl_depth_error
#   datatype: float32
#   unit: mag
#   description: "Secondary eclipse: uncertainty of \\texttt{derivedSecondaryEclDepth}"
#   meta:
#     ucd: stat.error;src.var.amplitude
solution_id,source_id,global_ranking,reference_time,frequency,frequency_error,geom_model_reference_level,geom_model_reference_level_error,geom_model_gaussian1_phase,geom_model_gaussian1_phase_error,geom_model_gaussian1_sigma,geom_model_gaussian1_sigma_error,geom_model_gaussian1_depth,geom_model_gaussian1_depth_error,geom_model_gaussian2_phase,geom_model_gaussian2_phase_error,geom_model_gaussian2_sigma,geom_model_gaussian2_sigma_error,geom_model_gaussian2_depth,geom_model_gaussian2_depth_error,geom_model_cosine_half_period_amplitude,geom_model_cosine_half_period_amplitude_error,geom_model_cosine_half_period_phase,geom_model_cosine_half_period_phase_error,model_type,num_model_parameters,reduced_chi2,derived_primary_ecl_phase,derived_primary_ecl_phase_error,derived_primary_ecl_duration,derived_primary_ecl_duration_error,derived_primary_ecl_depth,derived_primary_ecl_depth_error,derived_secondary_ecl_phase,derived_secondary_ecl_phase_error,derived_secondary_ecl_duration,derived_secondary_ecl_duration_error,derived_secondary_ecl_depth,derived_secondary_ecl_depth_error
[from data line 682]
375316653866487564,1967820321289316736,0.535473,2170.0396525298543,3.515450971833367,1.0210198E-5,19.06407,0.0070630647,0.26792997,0.004843892,0.069343664,0.003889977,0.39997244,0.008500718,0.76481104,0.0051394515,0.07223429,0.005700881,0.30832103,0.010703088,null,null,null,null,"TWOGAUSSIANS",8,2.6208525,0.26792997,0.004843892,0.3883245,0.018712055,0.39870572,0.007999251,0.76481104,0.0051394515,0.4,0.0013271715,0.30705434,0.010628225
375316653866487564,1967822245435111424,0.5324289,2170.6678939924436,0.5827747041314253,1.504094E-5,18.144592,0.0019088553,0.5783687,2.2093182E-4,0.01540746,4.0368532E-4,0.6865311,0.049452893,0.7199703,0.006983925,0.02213087,0.006981009,0.02291147,0.001918971,null,null,null,null,"TWOGAUSSIANS",8,2.3504272,0.5783687,2.2093182E-4,0.08628178,0.002260638,0.6865311,0.049452897,0.7199703,0.006983925,0.12393287,0.03909365,0.02291147,0.001918971
375316653866487564,1967824311309886848,0.4712111,2162.0064921278,1.0324289341796904,3.1033418E-5,19.826387,0.0067213518,0.18303667,0.003305575,0.046771545,0.0040296307,0.2594434,0.027592262,0.74892473,2.4688613E-4,0.010059942,5.134312E-4,0.29726246,3.9216623E-4,null,null,null,null,"TWOGAUSSIANS",8,1.6899209,0.74892473,2.4688613E-4,0.056335673,0.002875215,0.29726246,3.9216623E-4,0.18303667,0.003305575,0.26192066,0.022565931,0.2594434,0.027592262
375316653866487564,1967824483119926528,0.54701394,2197.786764483625,0.18304569931477224,3.6410544E-5,17.368357,0.002186966,0.5149542,0.083825044,0.111377046,0.044390593,0.007571668,0.0029024184,0.6792325,0.004420678,0.0063595693,0.0015242,0.33036628,0.18681616,null,null,null,null,"TWOGAUSSIANS",8,2.8455834,0.6792325,0.004420678,0.03561359,0.008535519,0.33291703,0.18641813,0.5149542,0.083825044,0.4,0.0,0.0075710313,0.002897313
375316653866487564,1967824788055688960,0.57119817,2188.4190274853395,2.593530973380697,6.118057E-6,17.818502,0.0049134786,0.2645581,0.0042848075,0.027898123,0.012498295,0.12768492,0.04148033,0.7595212,0.0032242145,0.06456734,0.003142129,0.19889309,0.01748056,0.07570773,0.011040429,0.2645581,0.0042848075,"TWOGAUSSIANS_WITH_ELLIPSOIDAL_ON_ECLIPSE1",9,6.2318788,0.7605312,0.001990928,0.36157712,0.01759592,0.3501069,0.0109779835,0.2645581,0.0042848075,0.1562295,0.06999045,0.27901998,0.053299192
375316653866487564,1967826162445638400,0.5730288,2191.9493316692183,3.201770836162224,3.4685972E-6,19.341534,0.013659325,0.27473846,0.0020798706,0.07098533,0.002439071,0.5692885,0.0161702,0.77725095,0.0028554911,0.07175856,0.0043268506,0.5177026,0.028847974,null,null,null,null,"TWOGAUSSIANS",8,1.5097224,0.27473846,0.0020798706,0.39751786,0.013658797,0.567078,0.015342062,0.77725095,0.0028554911,0.4,0.015059426,0.51549214,0.029013656
375316653866487564,1967828709368874496,0.5315543,2180.6744035122792,0.42697097202838047,1.247409E-5,16.91155,8.676564E-4,0.27469474,0.0035235279,0.01497184,0.0025534865,0.13800082,0.015251457,0.79108685,8.641388E-5,0.011886005,6.4125727E-4,0.019359047,5.1558774E-4,null,null,null,null,"TWOGAUSSIANS",8,2.2111418,0.27469474,0.0035235279,0.0838423,0.014299524,0.13800082,0.015251457,0.79108685,8.641388E-5,0.06656163,0.0035910406,0.019359047,5.1558774E-4
375316653866487564,1967829873296782976,0.5019092,2171.001607439372,2.998646306249411,1.1717978E-5,17.985624,0.010375879,0.22125266,0.00595866,0.08791195,0.008459548,0.1404407,0.011610055,0.7184992,0.00618966,0.09987815,0.011864983,0.13928755,0.009992276,null,null,null,null,"TWOGAUSSIANS",8,3.9556532,0.22125266,0.00595866,0.4,0.0,0.13269378,0.008875968,0.7184992,0.00618966,0.4,0.0,0.13153963,0.008536599
375316653866487564,1967830427355777152,0.5253282,2154.2953413832274,2.7160796810889036,9.153302E-6,18.426653,0.021833904,0.3089119,0.0030682366,0.09551402,0.009025158,0.26454672,0.01978563,0.8134716,0.0040725973,0.0856412,0.012661104,0.2200937,0.019509507,null,null,null,null,"TWOGAUSSIANS",8,3.8880277,0.3089119,0.0030682366,0.4,0.0,0.25453395,0.013970155,0.8134716,0.0040725973,0.4,0.0,0.21008149,0.016861625
375316653866487564,1967830599154726784,0.54827505,2171.052291313738,3.075276849049616,6.183027E-6,16.786545,0.010303681,0.25131005,0.0028710472,0.052539915,0.0117752915,0.06872708,0.025395667,0.75953776,0.00707916,0.057822645,0.012485845,0.081883766,0.022928497,0.08045816,0.013836596,0.25131005,0.0028710472,"TWOGAUSSIANS_WITH_ELLIPSOIDAL_ON_ECLIPSE1",9,11.344606,0.75953776,0.00707916,0.32380682,0.06992073,0.24236548,0.009824572,0.25131005,0.0028710472,0.29422355,0.06594163,0.22963846,0.010523846
375316653866487564,1967834722323032320,0.6158213,2152.1026225152445,0.7501703172649149,2.0858106E-6,16.148876,0.0014074888,0.21487138,9.212301E-4,0.03222086,0.001190528,0.2412851,0.003235617,0.7145834,0.0010386978,0.02804652,0.0014134141,0.25979182,0.031382848,0.011234742,0.0025219272,0.21487138,9.212301E-4,"TWOGAUSSIANS_WITH_ELLIPSOIDAL_ON_ECLIPSE1",9,5.50211,0.7145834,0.001038641,0.15706052,0.00791512,0.28226122,0.032037128,0.21487138,9.212301E-4,0.1804368,0.006666957,0.26375458,0.0038442907
375316653866487564,1967837642892361344,0.48646787,2125.1698845693595,4.372911395236592,2.4363517E-5,19.845467,0.009457203,0.22689554,0.006343151,0.087830484,0.008495645,0.22048329,0.022268236,0.72373706,0.004168397,0.06154174,0.0055121565,0.50939244,0.04115449,null,null,null,null,"TWOGAUSSIANS",8,2.1392248,0.72373706,0.004168397,0.34463376,0.030868078,0.50732,0.041716196,0.22689554,0.006343151,0.4,0.0,0.21841082,0.022559319
375316653866487564,1967839051650545152,0.63305014,2138.3146245544517,2.8694606970686705,3.5951525E-6,15.424452,0.005509535,0.24898759,0.0022317187,0.04721749,0.0036158853,0.14491396,0.013079732,0.7530606,0.0016807497,0.049723152,0.0035249053,0.17989548,0.014710885,0.111085676,0.006524503,0.7530606,0.0016807497,"TWOGAUSSIANS_WITH_ELLIPSOIDAL_ON_ECLIPSE2",9,35.355595,0.7530606,0.0016807497,0.27844965,0.01973947,0.40206602,0.011076531,0.24985759,0.001621373,0.26441792,0.020248957,0.36696994,0.010257495
375316653866487564,1967839253506633216,0.56972075,2132.547443024143,3.3463456653481445,8.930199E-6,18.315956,0.006482337,0.23088227,0.0033764266,0.078790314,0.0034287393,0.4219247,0.012746419,0.73928076,0.0020148465,0.07660708,0.0030044904,0.4857672,0.01158134,null,null,null,null,"TWOGAUSSIANS",8,5.8200626,0.73928076,0.0020148465,0.4,0.0,0.4814815,0.011666475,0.23088227,0.0033764266,0.4,0.0,0.41763902,0.012599024
375316653866487564,1967840387377679872,0.43929517,2156.47592527271,1.9731453167416002,1.9898926E-5,17.987108,0.004163776,0.20748761,0.016573047,0.021432316,0.012803265,0.06078856,125.06656,0.67966723,0.008409351,0.031117056,0.006051773,0.12602139,0.014717585,0.022678312,0.006323193,0.20748761,0.016573047,"TWOGAUSSIANS_WITH_ELLIPSOIDAL_ON_ECLIPSE1",9,10.398582,0.6803972,0.008179729,0.1742555,0.03388993,0.17004186,0.013892858,0.20748761,0.016573047,0.12002097,0.071698286,0.10614518,125.06492
375316653866487564,1967840696615534208,0.422465,2157.3436473053266,2.3605686393460874,2.9529461E-5,19.352024,0.03161591,0.3029931,0.014839333,0.047080204,0.011713168,0.54186785,0.24623956,0.8675976,0.014856931,0.05617394,0.013373248,0.52927727,0.15972891,null,null,null,null,"TWOGAUSSIANS",8,44.89269,0.3029931,0.014839333,0.26364914,0.06559374,0.5418675,0.24623996,0.8675976,0.014856931,0.31457406,0.07489019,0.5292769,0.15972933
375316653866487564,1967840696615558272,0.5234099,2149.6311228927375,4.063552105553028,1.3168907E-5,19.20292,0.011964845,0.23753475,0.0039389697,0.0745488,0.0066027297,0.28404078,0.014728211,0.7306198,0.008636354,0.08259154,0.012906842,0.30607364,0.045814525,null,null,null,null,"TWOGAUSSIANS",8,2.6147957,0.7306198,0.008636354,0.4,0.0,0.30282852,0.04732429,0.23753475,0.0039389697,0.4,0.0,0.28079566,0.0137368655
375316653866487564,1967840730975428480,0.52954173,2133.6112624676935,2.156149607777395,8.183486E-6,19.836123,0.008668818,0.2609031,0.0049999733,0.05882765,0.009752382,0.17424425,0.016769297,0.7626009,0.004740022,0.045097683,0.0042964555,0.71560365,0.11847873,null,null,null,null,"TWOGAUSSIANS",8,1.2439568,0.7626009,0.004740022,0.25254703,0.024060152,0.7155982,0.11848305,0.2609031,0.0049999733,0.32943484,0.054613333,0.17423879,0.016774938
375316653866487564,1967841491182322688,0.4408269,2148.473540937632,2.8641886979909517,1.4124443E-5,19.357449,0.06281484,0.18492508,0.0048908875,0.11298999,0.024929048,0.24225977,0.054702,0.6759991,0.006836947,0.11776748,0.028863665,0.23890164,0.054688677,null,null,null,null,"TWOGAUSSIANS",8,1.8226812,0.18495508,0.004891597,0.4,0.0,0.20006692,0.020980543,0.6759991,0.006836947,0.4,0.0,0.1966764,0.01749181
375316653866487564,1967842831221737472,0.5708962,2148.9121565167707,2.0953826606380117,5.1517677E-6,15.86285,0.0059609152,0.27430028,0.0036148177,0.101223774,0.0062054927,0.14878017,0.007737551,0.76481134,0.0029635034,0.09115719,0.005103346,0.19715498,0.005788488,null,null,null,null,"TWOGAUSSIANS",8,11.082368,0.76481134,0.0029635034,0.4,0.0,0.18700366,0.005012621,0.27430028,0.0036148177,0.4,0.0,0.13862732,0.0074685984
375316653866487564,1967843445395317888,0.5624785,2129.3781714736347,0.4613523603843223,4.618407E-6,16.496422,0.0014873316,0.31956986,7.822289E-4,0.023792693,7.8026287E-4,0.31403115,0.018969245,0.8155896,0.0053198677,0.018233927,0.00623579,0.023206534,0.004984721,0.017994383,0.0021369527,0.31956986,7.822289E-4,"TWOGAUSSIANS_WITH_ELLIPSOIDAL_ON_ECLIPSE1",9,5.894773,0.31956986,7.822289E-4,0.13323908,0.004369472,0.35001993,0.019376934,0.8157496,0.0051728566,0.10210999,0.034920424,0.059173673,0.0059422124
375316653866487564,1967844617927676032,0.55587417,2188.4716459279707,1.251976815945343,6.9774483E-6,17.049704,0.0037774714,0.23020875,0.0068478244,0.031971775,0.0107555995,0.034067053,0.007668291,0.72679824,0.0018651461,0.044583414,0.0028056863,0.17550817,0.008440483,0.01530586,0.0047071064,0.23020875,0.0068478244,"TWOGAUSSIANS_WITH_ELLIPSOIDAL_ON_ECLIPSE1",9,3.968885,0.72688824,0.0017810644,0.24966711,0.015711844,0.20610613,0.003459807,0.23020875,0.0068478244,0.17904194,0.060231354,0.06467869,0.0033312805
375316653866487564,1967845884935427712,0.5550951,2190.9550297284695,0.6724336662650421,1.5726926E-5,18.66905,0.0032177572,0.14883485,0.0031065706,0.035299096,0.0016224717,0.72769326,0.07107853,0.6370332,0.005356304,0.043195322,0.007535048,0.12206951,0.016633272,null,null,null,null,"TWOGAUSSIANS",8,2.1954286,0.14883485,0.0031065706,0.19767494,0.0090858415,0.72769326,0.07107853,0.6370332,0.005356304,0.2418938,0.04219627,0.12206951,0.016633274
375316653866487564,1967846026676924800,0.607713,2156.2769413965207,1.8941517224374214,3.194383E-6,16.20671,0.007498793,0.2747293,0.0022205699,0.083289266,0.0035845723,0.34301126,0.0068754284,0.7917249,0.0021125728,0.08198044,0.0048357327,0.19359435,0.006712345,null,null,null,null,"TWOGAUSSIANS",8,9.636407,0.2747293,0.0022205699,0.4,0.0,0.33915403,0.0055976883,0.7917249,0.0021125728,0.4,0.0,0.18973714,0.005906903
375316653866487564,1967847023109573376,0.5668353,2166.2692134732015,2.2551154155317787,8.472119E-6,16.563782,0.004303774,0.17262465,0.0018630392,0.07367579,0.003542581,0.24004617,0.0059207412,0.67372704,0.0037638485,0.08046138,0.0043291296,0.21186586,0.008072121,null,null,null,null,"TWOGAUSSIANS",8,10.857115,0.17262465,0.0018630392,0.4,0.0,0.23776914,0.0060459827,0.67372704,0.0037638485,0.4,0.0,0.20958883,0.007939807
375316653866487564,1967848427557095296,0.62521267,2165.632520458352,0.8055307226785035,6.537546E-5,16.874308,0.0014829049,0.3996984,0.024986902,0.02477726,0.01671986,0.46057895,0.10764797,0.65898865,0.012695283,0.037338942,0.0093669165,0.009288861,0.0033854605,null,null,null,null,"TWOGAUSSIANS",8,2.546052,0.3996984,0.024986902,0.13875265,0.09363121,0.46057895,0.10764797,0.65898865,0.012695283,0.20909809,0.05245473,0.009288861,0.0033854605
375316653866487564,1967849149110858368,0.5069046,2155.648287529629,3.6663061933593655,1.1097319E-5,18.840685,0.0070646373,0.23356478,0.0033593758,0.07539088,0.0053009414,0.2243222,0.017147617,0.7233968,0.006393436,0.08181372,0.009029044,0.15376994,0.008369947,null,null,null,null,"TWOGAUSSIANS",8,1.860669,0.23356478,0.0033593758,0.4,0.0,0.22242509,0.017436842,0.7233968,0.006393436,0.4,0.0,0.15187284,0.0079336455
375316653866487564,1967849531370210816,0.6534929,2155.592157491895,2.1205803312839575,3.1764234E-6,17.652441,0.0033506912,0.22252281,6.4103963E-4,0.04377636,0.0021326698,0.19800328,0.007970412,0.72428316,0.0017238879,0.042877145,0.0024665655,0.18295707,0.00975964,0.1343106,0.0054547163,0.22252281,6.4103963E-4,"TWOGAUSSIANS_WITH_ELLIPSOIDAL_ON_ECLIPSE1",9,2.304519,0.22252281,6.4103963E-4,0.2451476,0.011942951,0.46662444,0.005116915,0.72428316,0.0017238879,0.240112,0.013812766,0.45154536,0.0065872557
375316653866487564,1967849874967588480,0.5202343,2181.3423652620545,0.5503318361877213,2.8627604E-5,15.9137,0.0012503995,0.12844303,0.0036785305,0.030194052,0.0027094567,0.21171588,0.020636633,0.29869613,0.0032580646,0.016073136,0.0034581525,0.017411973,0.006776846,null,null,null,null,"TWOGAUSSIANS",8,22.457003,0.12844303,0.0036785305,0.1690867,0.015172957,0.21171588,0.020636633,0.29869613,0.0032580646,0.090009555,0.019365653,0.017412,0.0067768507
375316653866487564,1967850321634872704,0.53671527,2168.0641199575643,2.9022923700492607,9.376051E-6,19.3025,0.011700877,0.25326344,0.0050099986,0.056526184,0.00517183,0.32154927,0.021523697,0.7539288,0.0039888714,0.077557325,0.0045150756,0.5361535,0.023161707,null,null,null,null,"TWOGAUSSIANS",8,3.8583565,0.7539288,0.0039888714,0.4,0.0,0.5353526,0.023267664,0.25326344,0.0050099986,0.31654662,0.028962247,0.32074833,0.021502491
375316653866487564,1967850527802608000,0.65493935,2168.8428592854193,3.5845231550161665,2.6754517E-6,18.02045,0.0065078647,0.2712952,0.0012323799,0.044961125,0.002138617,0.4928539,0.019395614,0.77420646,0.0012774623,0.048892934,0.002362016,0.29093903,0.0215574,0.13613096,0.00836187,0.2712952,0.0012323799,"TWOGAUSSIANS_WITH_ELLIPSOIDAL_ON_ECLIPSE1",9,3.339711,0.2712952,0.0012323799,0.2517823,0.011976254,0.7651147,0.02123268,0.77420646,0.0012774623,0.27380043,0.01322729,0.56310874,0.016703043
375316653866487564,1967850935817647616,0.58227974,2125.4057272911537,1.5141673098232926,8.252119E-6,19.453602,0.004425324,0.23882084,0.001663181,0.038822606,0.0019892275,0.8862035,0.038981028,0.7382328,0.004199061,0.042697746,0.004486512,0.18591647,0.01321355,null,null,null,null,"TWOGAUSSIANS",8,1.7970717,0.23882084,0.001663181,0.21740659,0.011139674,0.8862035,0.03898103,0.7382328,0.004199061,0.23910739,0.025124468,0.18591645,0.013213556
375316653866487564,1967851008838955520,0.63126886,2172.902977269688,0.33584665070464104,1.9320823E-5,14.19844,4.5556054E-4,0.1354717,0.015359253,0.025897652,0.018260347,0.06597155,0.05397147,0.8823123,0.0048888205,0.011394859,0.0024926427,0.3009878,0.048325334,null,null,null,null,"TWOGAUSSIANS",8,7.831299,0.8823123,0.0048888205,0.06381121,0.013958799,0.3009878,0.048325334,0.1354717,0.015359253,0.14502685,0.10225794,0.06597155,0.05397147
375316653866487564,1967851764743896064,0.47531858,2153.9760293175223,1.1681609819993015,2.955181E-5,18.905144,0.0057025114,0.145416,0.036889486,0.017419767,0.024764849,0.56118906,1.21421473E13,0.39358225,0.0088536,0.030435922,0.009656925,0.10554834,0.026948648,0.02602425,0.018782768,0.145416,0.036889486,"TWOGAUSSIANS_WITH_ELLIPSOIDAL_ON_ECLIPSE1",9,5.798137,0.145416,0.036889486,0.09755069,0.13868316,0.6132371,1.21421473E13,0.39358225,0.0088536,0.17044117,0.05407878,0.105554774,0.027185835
375316653866487564,1967852864265016704,0.55818015,2158.3065586670727,0.2901195389995667,6.28596E-5,15.197153,0.0014427952,0.36476377,0.020909665,0.005343307,0.013722862,0.56341,0.63732964,0.8451556,0.020076491,0.01940755,0.011864115,0.25675663,0.16318704,0.004113753,0.002376966,0.36476377,0.020909665,"TWOGAUSSIANS_WITH_ELLIPSOIDAL_ON_ECLIPSE1",9,26.590511,0.36476377,0.020909665,0.029922519,0.07684803,0.5716375,0.636423,0.8451756,0.019940183,0.108682275,0.06643904,0.26486,0.16403182
