Gaia/vari_eclipsing_binary/VariEclipsingBinary_762485-762556.csv
# %ECSV 1.0
# ---
# delimiter: ','
# meta: !!omap
# - RELEASE: Gaia DR3
# - TABLE: vari_eclipsing_binary
# - DESCRIPTION: >
#     This table describes the properties of the eclipsing binaries resulting from the variability analysis. 
# - CITATION: >
#     How to cite and acknowledge Gaia: 
#     https://gea.esac.esa.int/archive/documentation/credits.html 
# - KNOWN_ISSUES: >
#     Known issues: 
#     https://www.cosmos.esa.int/web/gaia-users/known-issues 
# - DOCUMENTATION: >
#     Tutorials and documentation: 
#     https://www.cosmos.esa.int/web/gaia-users/archive 
# datatype:
# - 
#   name: solution_id
#   datatype: int64
#   description: Solution Identifier
#   meta:
#     ucd: meta.version
# - 
#   name: source_id
#   datatype: int64
#   description: Unique source identifier
#   meta:
#     ucd: meta.id;meta.main
# - 
#   name: global_ranking
#   datatype: float32
#   description: Number between 0 (worst) and 1 (best)
#   meta:
#     ucd: stat.param
# - 
#   name: reference_time
#   datatype: float64
#   unit: d
#   description: Reference time used for the geometric model fit
#   meta:
#     ucd: time.epoch
# - 
#   name: frequency
#   datatype: float64
#   unit: d**-1
#   description: Frequency of geometric model of the eclipsing binary light curve
#   meta:
#     ucd: src.orbital
# - 
#   name: frequency_error
#   datatype: float32
#   unit: d**-1
#   description: "Uncertainty of \\texttt{frequency}"
#   meta:
#     ucd: stat.error
# - 
#   name: geom_model_reference_level
#   datatype: float32
#   unit: mag
#   description: Magnitude reference level of geometric model
#   meta:
#     ucd: phot.mag;em.opt
# - 
#   name: geom_model_reference_level_error
#   datatype: float32
#   unit: mag
#   description: "Uncertainty of \\texttt{geomModelReferenceLevel}"
#   meta:
#     ucd: stat.error;phot.mag;em.opt
# - 
#   name: geom_model_gaussian1_phase
#   datatype: float32
#   description: Phase of the Gaussian 1 component
#   meta:
#     ucd: time.phase
# - 
#   name: geom_model_gaussian1_phase_error
#   datatype: float32
#   description: "Uncertainty of \\texttt{geomModelGaussian1Phase}"
#   meta:
#     ucd: stat.error;time.phase
# - 
#   name: geom_model_gaussian1_sigma
#   datatype: float32
#   description: "Standard deviation [phase] of Gaussian 1 component"
#   meta:
#     ucd: stat.stdev
# - 
#   name: geom_model_gaussian1_sigma_error
#   datatype: float32
#   description: "Uncertainty of \\texttt{geomModelGaussian1Sigma}"
#   meta:
#     ucd: stat.error
# - 
#   name: geom_model_gaussian1_depth
#   datatype: float32
#   unit: mag
#   description: Magnitude depth of Gaussian 1 component
#   meta:
#     ucd: src.var.amplitude
# - 
#   name: geom_model_gaussian1_depth_error
#   datatype: float32
#   unit: mag
#   description: "Uncertainty of \\texttt{geomModelGaussian1Depth}"
#   meta:
#     ucd: stat.error;src.var.amplitude
# - 
#   name: geom_model_gaussian2_phase
#   datatype: float32
#   description: Phase of Gaussian 2 component
#   meta:
#     ucd: time.phase
# - 
#   name: geom_model_gaussian2_phase_error
#   datatype: float32
#   description: "Uncertainty of \\texttt{geomModelGaussian2Phase}"
#   meta:
#     ucd: stat.error;time.phase
# - 
#   name: geom_model_gaussian2_sigma
#   datatype: float32
[...]
#   datatype: float32
#   description: "Secondary eclipse: uncertainty of \\texttt{derivedSecondaryEclDuration}"
#   meta:
#     ucd: stat.error;time.duration
# - 
#   name: derived_secondary_ecl_depth
#   datatype: float32
#   unit: mag
#   description: "Secondary eclipse: depth"
#   meta:
#     ucd: src.var.amplitude
# - 
#   name: derived_secondary_ecl_depth_error
#   datatype: float32
#   unit: mag
#   description: "Secondary eclipse: uncertainty of \\texttt{derivedSecondaryEclDepth}"
#   meta:
#     ucd: stat.error;src.var.amplitude
solution_id,source_id,global_ranking,reference_time,frequency,frequency_error,geom_model_reference_level,geom_model_reference_level_error,geom_model_gaussian1_phase,geom_model_gaussian1_phase_error,geom_model_gaussian1_sigma,geom_model_gaussian1_sigma_error,geom_model_gaussian1_depth,geom_model_gaussian1_depth_error,geom_model_gaussian2_phase,geom_model_gaussian2_phase_error,geom_model_gaussian2_sigma,geom_model_gaussian2_sigma_error,geom_model_gaussian2_depth,geom_model_gaussian2_depth_error,geom_model_cosine_half_period_amplitude,geom_model_cosine_half_period_amplitude_error,geom_model_cosine_half_period_phase,geom_model_cosine_half_period_phase_error,model_type,num_model_parameters,reduced_chi2,derived_primary_ecl_phase,derived_primary_ecl_phase_error,derived_primary_ecl_duration,derived_primary_ecl_duration_error,derived_primary_ecl_depth,derived_primary_ecl_depth_error,derived_secondary_ecl_phase,derived_secondary_ecl_phase_error,derived_secondary_ecl_duration,derived_secondary_ecl_duration_error,derived_secondary_ecl_depth,derived_secondary_ecl_depth_error
[from data line 258]
375316653866487564,6707235579028923776,0.57839185,2388.4950109902884,2.693963572120697,1.0753557E-5,16.791883,0.017063966,0.29906106,0.019488392,0.060550917,0.020965822,0.17219068,0.050783355,0.7811544,0.0026015323,0.03817899,0.007900437,0.19112858,0.037113994,0.15876634,0.020487111,0.7811544,0.0026015323,"TWOGAUSSIANS_WITH_ELLIPSOIDAL_ON_ECLIPSE2",9,44.97651,0.7811544,0.0026015323,0.21380235,0.044242445,0.5086515,0.01855053,0.29282108,0.012897543,0.33908513,0.1174086,0.4870985,0.025703339
375316653866487564,6707236334932569600,0.5034651,2296.29557870064,3.5118689116010846,1.9308922E-5,19.876766,0.020461978,0.15937202,0.007271519,0.08038143,0.0074155587,0.482314,0.038223498,0.6575776,0.0055521475,0.07611722,0.009608542,0.506802,0.05624583,null,null,null,null,"TWOGAUSSIANS",8,2.1919258,0.6575776,0.0055521475,0.4,0.0,0.50101924,0.05867698,0.15937202,0.007271519,0.4,0.0,0.4765312,0.03682008
375316653866487564,6707237292711651200,0.5873294,2385.2909261632476,3.3588073896039154,1.2583276E-5,18.116095,0.0065048016,0.28141922,0.0028258127,0.080114156,0.0039078486,0.38317975,0.013213274,0.7767555,0.0025927648,0.07884884,0.0031335019,0.38761246,0.0067083505,null,null,null,null,"TWOGAUSSIANS",8,4.070946,0.7767555,0.0025927648,0.4,0.0,0.38261962,0.0060547534,0.28141922,0.0028258127,0.4,0.0,0.37818688,0.013508177
375316653866487564,6707238327808028160,0.49748072,2386.918408183531,1.4785970626791587,2.0216843E-5,16.952143,0.0032276164,0.2148888,0.010983391,0.013303574,0.005653787,0.016420845,0.015785113,0.68641627,1.20865094E-4,0.010012347,3.659143E-4,0.26818502,0.004145459,0.010806589,0.0046211868,0.2148888,0.010983391,"TWOGAUSSIANS_WITH_ELLIPSOIDAL_ON_ECLIPSE1",9,17.2868,0.68643624,1.1480153E-4,0.056069143,0.0020491201,0.28911424,0.0053084474,0.2148888,0.010983391,0.07450002,0.031661205,0.038034018,0.013235961
375316653866487564,6707238740114348032,0.4975196,2392.395716058849,2.8164661820905432,2.1446687E-5,18.796984,0.061344128,0.20308568,0.009369344,0.11338832,0.03136967,0.23427172,0.051378712,0.69758296,0.004020922,0.11963195,0.024626562,0.25519684,0.05561142,null,null,null,null,"TWOGAUSSIANS",8,3.9880884,0.69758296,0.004020922,0.4,0.0,0.20869425,0.012050551,0.20311569,0.009422016,0.4,0.0,0.18782407,0.019586135
375316653866487564,6707241832501425536,0.5352422,2322.875683126822,2.6254648714335422,3.8096045E-5,15.704892,0.021803848,0.21659195,0.028150627,0.049844615,0.038448818,0.0645763,0.19887425,0.769096,0.0064903856,0.04069487,0.015152969,0.0847394,0.056270123,0.08085629,0.023811376,0.769096,0.0064903856,"TWOGAUSSIANS_WITH_ELLIPSOIDAL_ON_ECLIPSE2",9,72.954445,0.769096,0.0064903856,0.22789127,0.08485663,0.24645084,0.019276764,0.23424195,0.024797134,0.27912983,0.21531337,0.21473119,0.21371546
375316653866487564,6707242107379640448,0.4824792,2328.1352484715967,2.817714276429174,3.477997E-5,17.5801,0.06988459,0.20212837,0.010805191,0.095657215,0.04254526,0.12739237,0.063931294,0.6914947,0.015495781,0.11907771,0.06401676,0.1258875,0.061447263,null,null,null,null,"TWOGAUSSIANS",8,9.726103,0.20215838,0.010821373,0.4,0.0,0.11256543,0.011138576,0.6914947,0.015495781,0.4,0.0,0.111021034,0.014242045
375316653866487564,6707242828934151808,0.4827087,2295.1735528789654,1.5182246255736496,2.2081937E-5,17.029072,0.003267665,0.311005,0.011825538,0.065535985,0.019925723,0.06506439,0.022111552,0.8015103,0.0028283237,0.048612535,0.0037494127,0.073727116,0.0033979358,null,null,null,null,"TWOGAUSSIANS",8,2.8895116,0.8015103,0.0028283237,0.2722302,0.02099671,0.073720716,0.0033697928,0.311005,0.011825538,0.3670015,0.07602073,0.06505799,0.022155046
375316653866487564,6707244336452899328,0.46353805,2336.4985874459626,2.703449939503767,3.657855E-5,17.81899,0.076097965,0.2618503,0.020747818,0.088871926,0.027832508,0.2469721,0.08979605,0.77639264,0.004882356,0.055799294,0.051328685,0.35491157,0.02236701,null,null,null,null,"TWOGAUSSIANS",8,61.625515,0.77639264,0.0048799785,0.31247604,0.095102966,0.35392725,0.03989824,0.2618503,0.020748096,0.4,0.0,0.24598767,0.064786345
375316653866487564,6707244680050832384,0.6270688,2303.084895347154,3.5009125630777493,1.311675E-5,19.315964,0.022172138,0.2168813,0.0038475476,0.045026418,0.009579833,0.34859088,0.056394577,0.7133621,0.0037905532,0.04013841,0.0060218032,0.47838178,0.030304855,0.13496123,0.022710465,0.2168813,0.0038475476,"TWOGAUSSIANS_WITH_ELLIPSOIDAL_ON_ECLIPSE1",9,1.4239266,0.7136021,0.003405856,0.22477509,0.0337221,0.748181,0.0330305,0.2168813,0.0038475476,0.25214794,0.05364706,0.6185132,0.057174988
375316653866487564,6707244959227526784,0.4749596,2317.044772564174,0.30938998239344256,1.3223255E-5,18.092632,0.012066788,0.3444292,0.009939852,0.057969786,0.015400175,0.21154203,0.027105141,0.6486628,0.00846131,0.03730279,0.00809474,0.0987485,0.018560406,null,null,null,null,"TWOGAUSSIANS",8,5.983336,0.3444292,0.009939852,0.3246308,0.086240984,0.21154203,0.027105141,0.6486628,0.00846131,0.20889562,0.045330547,0.09874872,0.01856156
375316653866487564,6707247055181993472,0.44995195,2314.0132487955552,0.9745010901635954,4.7563022E-5,19.326569,0.04284237,0.24490485,0.012056459,0.079207875,0.015684016,0.17699696,0.03775771,0.8260077,0.032146882,0.14022084,0.07399992,0.13246611,0.027306978,null,null,null,null,"TWOGAUSSIANS",8,3.3196146,0.24375485,0.010521427,0.4,0.023647988,0.17019488,0.029858267,0.8260077,0.032146983,0.4,0.0,0.12409302,0.023317762
375316653866487564,6707250078838480000,0.5734802,2394.656844142996,0.8524352536623422,5.6961704E-5,17.583014,0.0072769257,0.22430007,0.05563608,0.105269566,0.113934174,0.008113975,0.006642062,0.701046,0.0070334943,0.011123793,0.0028503132,0.37023738,0.1720627,null,null,null,null,"TWOGAUSSIANS",8,1.051684,0.701046,0.0070334943,0.062293243,0.015961753,0.37023708,0.17201224,0.22430007,0.05563608,0.4,0.06684015,0.008113345,0.00585022
375316653866487564,6707251934253977344,0.42708573,2431.8764096985615,1.8250397152218085,3.30745E-5,17.503525,0.021075618,0.29048625,0.03281524,0.11447285,0.052477285,0.04805449,0.033063762,0.7381266,0.0063885828,0.0840693,0.017882451,0.14534815,0.015085846,null,null,null,null,"TWOGAUSSIANS",8,6.749143,0.7381266,0.0063885828,0.4,0.0,0.14231485,0.011698963,0.29048625,0.032814085,0.4,0.0,0.0449979,0.028351199
375316653866487564,6707253411726496512,0.6489119,2367.295563602241,3.743993328445398,4.8931734E-6,17.03916,0.0070193466,0.21616334,0.0015350744,0.042334408,0.0019466121,0.3940585,0.019268163,0.714253,0.003114804,0.05201204,0.005271855,0.5734805,0.07263881,0.11563607,0.012004171,0.21616334,0.0015350744,"TWOGAUSSIANS_WITH_ELLIPSOIDAL_ON_ECLIPSE1",9,14.243942,0.71440303,0.0028495037,0.29126742,0.029522387,0.8047169,0.07713184,0.21616334,0.0015350744,0.23707268,0.010901028,0.62532556,0.012447763
375316653866487564,6707255026641340160,0.55525273,2362.9933867451955,3.220974157825824,6.472222E-6,14.677975,0.012513422,0.22387776,0.0032660535,0.082557365,0.005310246,0.27217427,0.015694238,0.7218542,0.006240069,0.08559999,0.007901632,0.26857188,0.02166547,null,null,null,null,"TWOGAUSSIANS",8,140.62814,0.22387776,0.0032660535,0.4,0.0,0.2659013,0.014366967,0.7218542,0.006240069,0.4,0.0,0.2622989,0.021125067
375316653866487564,6707255885634380544,0.5033331,2316.544356773734,2.8412503280136954,2.192484E-5,18.946178,0.039369985,0.2261901,0.015033777,0.07292059,0.017381335,0.22906336,0.041562043,0.7070429,0.011503395,0.090007775,0.03797443,0.2507496,0.029807406,null,null,null,null,"TWOGAUSSIANS",8,3.1724732,0.7070429,0.011503395,0.4,0.0,0.24776036,0.041246224,0.2261901,0.015029201,0.4,0.050388124,0.22607432,0.02611515
375316653866487564,6707256057433510400,0.55947614,2349.3488829119656,2.5087655876377584,9.169258E-6,17.987545,0.017190289,0.22817627,0.0026152618,0.08799175,0.0069752187,0.4731233,0.02757599,0.7421001,0.0056437086,0.10124776,0.00596695,0.43264633,0.020368349,null,null,null,null,"TWOGAUSSIANS",8,8.335859,0.22817627,0.002614217,0.4,0.0,0.4506269,0.03321373,0.7421001,0.0056437086,0.4,0.0,0.4101447,0.014527706
375316653866487564,6707257393164650112,0.60251683,2354.3133467597254,0.44391627930640465,5.5614488E-5,12.184873,0.004716392,0.5471827,0.015438182,0.016479928,0.02567407,0.118047394,486070.72,0.67632085,3.7692537E-4,0.015489148,4.5887753E-4,1.0057572,0.046420865,null,null,null,null,"TWOGAUSSIANS",8,532.14465,0.67632085,3.7692537E-4,0.08673923,0.002569714,1.0057572,0.046479743,0.5471827,0.015438182,0.09228759,0.1437748,0.118047394,486070.72
375316653866487564,6707258119017675520,0.6673312,2350.5178597994195,2.776837086526461,1.3618394E-5,14.588015,0.02606267,0.26579422,0.001926214,0.05907145,0.006825974,0.38712305,0.05602392,0.75977963,0.0024318853,0.06315472,0.004599426,0.4532468,0.05674915,0.060240567,0.032762215,0.26579422,0.001926214,"TWOGAUSSIANS_WITH_ELLIPSOIDAL_ON_ECLIPSE1",9,93.54496,0.76023966,0.0021857116,0.35366642,0.025756786,0.5733975,0.012959698,0.26579422,0.001926214,0.33080012,0.038225457,0.50743246,0.016441664
375316653866487564,6707258634413623936,0.45679766,2346.531479404424,0.0703854403034721,3.097819E-5,17.306368,0.005111545,0.31867987,0.009131942,0.090293445,0.012971524,0.16187647,0.060841992,0.7758787,0.044183724,0.04489897,0.028090304,0.11856932,0.06950324,null,null,null,null,"TWOGAUSSIANS",8,5.717982,0.31867987,0.009131942,0.4,0.0,0.16178949,0.060931113,0.7758787,0.044183724,0.2514342,0.1573057,0.11848278,0.06943862
375316653866487564,6707258703133111040,0.47296813,2334.376274809187,2.055566415096243,1.7656985E-5,15.341746,0.0039230958,null,null,null,null,null,null,null,null,null,null,null,null,0.06484871,0.0041344464,0.28150806,0.006737834,"ELLIPSOIDAL",4,22.062063,null,null,null,null,null,null,null,null,null,null,null,null
375316653866487564,6707259355958201472,0.5428024,2352.0096662521278,0.4104958641073177,1.52396215E-5,19.045263,0.011945215,0.28709838,0.056421272,0.095828265,0.06435897,0.065906495,0.025175732,0.6488951,0.0020444158,0.047054105,0.003413674,8.479087,3.170156,null,null,null,null,"TWOGAUSSIANS",8,8.41082,0.6488951,0.0020444158,0.263503,0.019116573,8.4791155,3.1714313,0.28709838,0.056421272,0.4,0.024756137,0.0658822,0.025326835
375316653866487564,6707259768275146752,0.44276074,2351.8987104602547,3.547502579905214,1.3629905E-5,18.791529,0.010098166,0.33365676,0.019105667,0.078145154,0.020027502,0.17369464,0.038207617,0.88529706,9.499691E-4,0.021900436,0.0015911378,0.20719011,0.008789734,null,null,null,null,"TWOGAUSSIANS",8,7.6357136,0.88529706,9.499691E-4,0.122642435,0.008910372,0.20719005,0.008789634,0.33365676,0.019105667,0.4,0.052272875,0.17369457,0.038207795
375316653866487564,6707262551423784064,0.4927999,2320.614904214224,3.9455002389837985,2.0194508E-5,17.201464,0.0047088615,0.59620446,0.024443092,0.052765056,0.041147742,0.04219629,0.029183472,0.8413464,0.005881481,0.013639286,0.004111529,0.33180013,0.5462871,0.028734213,0.010191035,0.8413464,0.005881481,"TWOGAUSSIANS_WITH_ELLIPSOIDAL_ON_ECLIPSE2",9,15.342768,0.8413464,0.005881481,0.07638,0.02302456,0.3892693,0.5466281,0.5982744,0.24434657,0.2954843,0.15008847,0.04227251,0.026207907
375316653866487564,6707262620143268224,0.6609508,2330.992917335982,0.8614171231994975,4.0639466E-6,15.72771,0.014802438,0.32422325,0.0025004758,0.061943393,0.0053812466,0.20633104,0.030976284,0.82905936,0.0011097194,0.060763706,0.008597843,0.12984756,0.028923916,0.08577891,0.01679851,0.82905936,0.0011097194,"TWOGAUSSIANS_WITH_ELLIPSOIDAL_ON_ECLIPSE2",9,12.354338,0.32519326,0.0018806588,0.346883,0.03013498,0.37769005,0.0060409964,0.82905936,0.0011097194,0.34027675,0.048147924,0.30133307,0.009645128
375316653866487564,6707264303760835200,0.4512177,2287.645305255989,0.15465062761738332,3.376899E-5,19.313364,0.02875219,0.22439036,0.029945603,0.071411096,0.05420787,0.10154345,0.029113838,0.8084663,0.013323438,0.065949716,0.03126512,0.21153346,0.072046824,null,null,null,null,"TWOGAUSSIANS",8,3.851467,0.8084663,0.013323438,0.3693184,0.06562505,0.21149941,0.072948374,0.22439036,0.029952528,0.39990214,0.25473368,0.10150939,0.028079037
375316653866487564,6707264441209534336,0.49212128,2350.224889167814,2.473251134526316,4.455482E-5,18.843569,0.026355818,0.2496702,0.042139057,0.09922776,0.03176905,0.20400953,0.08437857,0.9025074,2.743744E-4,0.00706121,2.4237539E-4,1.4460545,0.046740714,null,null,null,null,"TWOGAUSSIANS",8,13.951673,0.9025074,2.743744E-4,0.039542776,0.0013573022,1.4465016,0.048748128,0.2496702,0.042139057,0.4,0.0,0.20400828,0.08437366
375316653866487564,6707264784797108608,0.5279415,2325.226192875105,3.5438842524641005,2.0571824E-5,19.155802,0.00899358,0.266476,0.0042719226,0.09133897,0.006707287,0.2719495,0.010146685,0.7681723,0.008390706,0.09593948,0.011520865,0.23004591,0.01611293,null,null,null,null,"TWOGAUSSIANS",8,1.3330392,0.266476,0.0042719226,0.4,0.0,0.25816488,0.008938678,0.7681723,0.008390706,0.4,0.0,0.2162609,0.018835526
375316653866487564,6707266429764886400,0.5341408,2312.991156463193,3.51255967210416,1.1212335E-5,17.462435,0.010064184,0.21019152,0.0043063443,0.085168324,0.007092735,0.18466483,0.0106694605,0.7199153,0.0037355432,0.093172975,0.005810358,0.21006152,0.012438237,null,null,null,null,"TWOGAUSSIANS",8,4.6062946,0.7199153,0.0037355432,0.4,0.0,0.20341827,0.010821462,0.21019152,0.0043063443,0.4,0.0,0.17802183,0.008885875
375316653866487564,6707266743311930752,0.59597504,2350.928276487608,1.8672072049766224,1.0554626E-5,12.483891,0.6921386,0.30886585,0.007311431,0.13024151,0.11896751,0.18632442,0.6626484,0.7993576,0.0042183516,0.11892346,0.069928475,0.1605039,0.54670185,null,null,null,null,"TWOGAUSSIANS",8,58.788242,0.30891582,0.006514326,0.4,0.0,0.14353038,0.006273712,0.7993576,0.0042183516,0.4,0.0,0.11790436,0.0048159296
375316653866487564,6707267499224685312,0.43843737,2372.79924096048,3.9312352852710015,2.9376923E-5,17.149082,0.012163189,0.1316111,0.009785603,0.040714175,0.008101512,0.17628358,0.03249616,0.6140344,0.0060954886,0.048661612,0.009263779,0.14465424,0.0123097235,null,null,null,null,"TWOGAUSSIANS",8,58.156567,0.1316111,0.009785603,0.22799939,0.045368463,0.17628357,0.032496102,0.6140344,0.0060954886,0.27250504,0.051877163,0.14465423,0.01230964
375316653866487564,6707268456989287424,0.62947583,2310.0449100657784,1.7331537906998877,9.250151E-6,16.973507,0.0029925674,0.33849132,0.0024325775,0.047432538,0.0022040375,0.49817443,0.03661821,0.83589447,0.0020899668,0.05482212,0.002798772,0.09825636,0.003756862,null,null,null,null,"TWOGAUSSIANS",8,2.9427915,0.33849132,0.0024325775,0.2656222,0.01234261,0.4981721,0.036619533,0.83589447,0.0020899668,0.30700386,0.015673123,0.09825403,0.003756176
375316653866487564,6707274744834994560,0.6363782,2264.1163257081957,3.3101172255093356,4.7851536E-6,18.462463,0.011089567,0.27850905,0.0025102396,0.076556705,0.0034068988,0.6003739,0.013632391,0.78031385,0.0015828442,0.07398938,0.0023416604,0.55369794,0.011855079,null,null,null,null,"TWOGAUSSIANS",8,3.7929971,0.27850905,0.0025102396,0.4,0.0,0.5959119,0.0129692005,0.78031385,0.0015828442,0.4,0.0,0.54923594,0.010834074
375316653866487564,6707276054786361088,0.48940963,2285.567280804176,0.48420018635647744,2.6281952E-5,18.55053,0.008159793,0.19331762,0.027282713,0.017619599,0.086223595,0.01349095,0.020621302,0.43924034,7.213941E-4,0.009539188,5.0811603E-4,0.554129,0.041345578,0.01940982,0.010048691,0.19331762,0.027282713,"TWOGAUSSIANS_WITH_ELLIPSOIDAL_ON_ECLIPSE1",9,11.386949,0.43924034,7.213941E-4,0.053419452,0.0028454498,0.5541543,0.041327354,0.19331762,0.027282713,0.09866976,0.3369603,0.052310377,0.022517279
375316653866487564,6707277669711791744,0.4435896,2334.7010274156573,0.49409270426379714,4.7555524E-5,19.412569,0.019656165,null,null,null,null,null,null,null,null,null,null,null,null,0.16220653,0.026557548,0.2654258,0.010490898,"ELLIPSOIDAL",4,6.193526,null,null,null,null,null,null,null,null,null,null,null,null
