Gaia/vari_eclipsing_binary/VariEclipsingBinary_664398-664442.csv
# %ECSV 1.0
# ---
# delimiter: ','
# meta: !!omap
# - RELEASE: Gaia DR3
# - TABLE: vari_eclipsing_binary
# - DESCRIPTION: >
#     This table describes the properties of the eclipsing binaries resulting from the variability analysis. 
# - CITATION: >
#     How to cite and acknowledge Gaia: 
#     https://gea.esac.esa.int/archive/documentation/credits.html 
# - KNOWN_ISSUES: >
#     Known issues: 
#     https://www.cosmos.esa.int/web/gaia-users/known-issues 
# - DOCUMENTATION: >
#     Tutorials and documentation: 
#     https://www.cosmos.esa.int/web/gaia-users/archive 
# datatype:
# - 
#   name: solution_id
#   datatype: int64
#   description: Solution Identifier
#   meta:
#     ucd: meta.version
# - 
#   name: source_id
#   datatype: int64
#   description: Unique source identifier
#   meta:
#     ucd: meta.id;meta.main
# - 
#   name: global_ranking
#   datatype: float32
#   description: Number between 0 (worst) and 1 (best)
#   meta:
#     ucd: stat.param
# - 
#   name: reference_time
#   datatype: float64
#   unit: d
#   description: Reference time used for the geometric model fit
#   meta:
#     ucd: time.epoch
# - 
#   name: frequency
#   datatype: float64
#   unit: d**-1
#   description: Frequency of geometric model of the eclipsing binary light curve
#   meta:
#     ucd: src.orbital
# - 
#   name: frequency_error
#   datatype: float32
#   unit: d**-1
#   description: "Uncertainty of \\texttt{frequency}"
#   meta:
#     ucd: stat.error
# - 
#   name: geom_model_reference_level
#   datatype: float32
#   unit: mag
#   description: Magnitude reference level of geometric model
#   meta:
#     ucd: phot.mag;em.opt
# - 
#   name: geom_model_reference_level_error
#   datatype: float32
#   unit: mag
#   description: "Uncertainty of \\texttt{geomModelReferenceLevel}"
#   meta:
#     ucd: stat.error;phot.mag;em.opt
# - 
#   name: geom_model_gaussian1_phase
#   datatype: float32
#   description: Phase of the Gaussian 1 component
#   meta:
#     ucd: time.phase
# - 
#   name: geom_model_gaussian1_phase_error
#   datatype: float32
#   description: "Uncertainty of \\texttt{geomModelGaussian1Phase}"
#   meta:
#     ucd: stat.error;time.phase
# - 
#   name: geom_model_gaussian1_sigma
#   datatype: float32
#   description: "Standard deviation [phase] of Gaussian 1 component"
#   meta:
#     ucd: stat.stdev
# - 
#   name: geom_model_gaussian1_sigma_error
#   datatype: float32
#   description: "Uncertainty of \\texttt{geomModelGaussian1Sigma}"
#   meta:
#     ucd: stat.error
# - 
#   name: geom_model_gaussian1_depth
#   datatype: float32
#   unit: mag
#   description: Magnitude depth of Gaussian 1 component
#   meta:
#     ucd: src.var.amplitude
# - 
#   name: geom_model_gaussian1_depth_error
#   datatype: float32
#   unit: mag
#   description: "Uncertainty of \\texttt{geomModelGaussian1Depth}"
#   meta:
#     ucd: stat.error;src.var.amplitude
# - 
#   name: geom_model_gaussian2_phase
#   datatype: float32
#   description: Phase of Gaussian 2 component
#   meta:
#     ucd: time.phase
# - 
#   name: geom_model_gaussian2_phase_error
#   datatype: float32
#   description: "Uncertainty of \\texttt{geomModelGaussian2Phase}"
#   meta:
#     ucd: stat.error;time.phase
# - 
#   name: geom_model_gaussian2_sigma
#   datatype: float32
[...]
#   datatype: float32
#   description: "Secondary eclipse: uncertainty of \\texttt{derivedSecondaryEclDuration}"
#   meta:
#     ucd: stat.error;time.duration
# - 
#   name: derived_secondary_ecl_depth
#   datatype: float32
#   unit: mag
#   description: "Secondary eclipse: depth"
#   meta:
#     ucd: src.var.amplitude
# - 
#   name: derived_secondary_ecl_depth_error
#   datatype: float32
#   unit: mag
#   description: "Secondary eclipse: uncertainty of \\texttt{derivedSecondaryEclDepth}"
#   meta:
#     ucd: stat.error;src.var.amplitude
solution_id,source_id,global_ranking,reference_time,frequency,frequency_error,geom_model_reference_level,geom_model_reference_level_error,geom_model_gaussian1_phase,geom_model_gaussian1_phase_error,geom_model_gaussian1_sigma,geom_model_gaussian1_sigma_error,geom_model_gaussian1_depth,geom_model_gaussian1_depth_error,geom_model_gaussian2_phase,geom_model_gaussian2_phase_error,geom_model_gaussian2_sigma,geom_model_gaussian2_sigma_error,geom_model_gaussian2_depth,geom_model_gaussian2_depth_error,geom_model_cosine_half_period_amplitude,geom_model_cosine_half_period_amplitude_error,geom_model_cosine_half_period_phase,geom_model_cosine_half_period_phase_error,model_type,num_model_parameters,reduced_chi2,derived_primary_ecl_phase,derived_primary_ecl_phase_error,derived_primary_ecl_duration,derived_primary_ecl_duration_error,derived_primary_ecl_depth,derived_primary_ecl_depth_error,derived_secondary_ecl_phase,derived_secondary_ecl_phase_error,derived_secondary_ecl_duration,derived_secondary_ecl_duration_error,derived_secondary_ecl_depth,derived_secondary_ecl_depth_error
[from data line 327]
375316653866487564,5844294731337066112,0.60953957,2224.9394607851987,0.9377309989157897,4.0369246E-6,15.675626,0.006127322,0.2508322,0.0013006113,0.08309685,0.0022160579,0.33153546,0.006554865,0.7643509,0.0021994526,0.08461701,0.003906968,0.16985942,0.0056853206,null,null,null,null,"TWOGAUSSIANS",8,23.585693,0.2508322,0.0013006113,0.4,0.0,0.32720834,0.0057621067,0.7643509,0.0021994526,0.4,0.0,0.16553234,0.00465949
375316653866487564,5844295418534082304,0.54803455,2221.3734014734523,2.5004717976945243,1.2608273E-5,17.25029,0.024335489,0.2563832,0.0021090028,0.095157705,0.0066133416,0.33748677,0.023938917,0.75915796,0.00394638,0.09417801,0.011214396,0.32958323,0.020892158,null,null,null,null,"TWOGAUSSIANS",8,14.469426,0.2563832,0.0021090028,0.4,0.0,0.31785598,0.014071133,0.75915796,0.00394638,0.4,0.0,0.3099526,0.014260487
375316653866487564,5844295590333524352,0.45898962,2195.6850794684146,3.1820693615605595,1.9209945E-5,18.023115,0.07667426,0.18772902,0.006592357,0.114537776,0.029642029,0.20013121,0.07438304,0.7062123,0.009417015,0.11008134,0.043600935,0.18491645,0.065478764,null,null,null,null,"TWOGAUSSIANS",8,11.24183,0.18769902,0.006492774,0.4,0.0,0.17332932,0.020683551,0.7062623,0.009223449,0.4,0.0,0.158135,0.015503713
375316653866487564,5844295624705029888,0.53437334,2211.68831080612,2.8318801922866648,1.844558E-5,18.166424,0.0121607715,0.2516956,0.0032800424,0.08280563,0.005760201,0.36801368,0.022252643,0.7443138,0.004180994,0.08932621,0.005973617,0.28528252,0.018316597,null,null,null,null,"TWOGAUSSIANS",8,8.114958,0.2516956,0.0032800424,0.4,0.0,0.35966283,0.022562679,0.7443138,0.004180994,0.4,0.0,0.27693158,0.017001605
375316653866487564,5844295903864431104,0.46720168,2183.5115898052145,3.284303625928326,2.2367922E-5,18.796238,0.0038818899,null,null,null,null,null,null,null,null,null,null,null,null,0.06915938,0.005560006,0.30878747,0.0055206516,"ELLIPSOIDAL",4,4.0214005,null,null,null,null,null,null,null,null,null,null,null,null
375316653866487564,5844295933927822208,0.52667093,2181.671092425973,2.812916457962059,9.320019E-6,18.17739,0.0113852,0.2459318,0.003325088,0.106475666,0.009114361,0.18497543,0.009815561,0.7547148,0.0037188467,0.08978102,0.0074860943,0.19267663,0.010811772,null,null,null,null,"TWOGAUSSIANS",8,2.6744874,0.7547148,0.0037302002,0.4,0.0,0.17965521,0.008476782,0.2459318,0.003325088,0.4,0.0,0.17194763,0.007912066
375316653866487564,5844296831604211968,0.5176927,2237.6888522014974,2.6120130937738444,9.349131E-6,15.992536,0.029654851,0.29958358,0.006272571,0.117006384,0.020581089,0.23872316,0.019636352,0.80732864,0.0033087071,0.10057581,0.009588895,0.26471713,0.027466701,null,null,null,null,"TWOGAUSSIANS",8,42.90629,0.8073486,0.0033082985,0.4,0.0,0.23202483,0.010461936,0.29958358,0.0062749465,0.4,0.0,0.20597962,0.013764882
375316653866487564,5844297587491953152,0.5437967,2210.464145060724,4.388280665926131,1.3605091E-5,19.588034,0.010194269,0.2214791,0.0036081537,0.07900755,0.0047825724,0.36315778,0.012519772,0.7182456,0.0051312535,0.07458946,0.006495122,0.3643893,0.010242182,null,null,null,null,"TWOGAUSSIANS",8,1.2754397,0.7182456,0.0051312535,0.4,0.0,0.36099473,0.009994721,0.2214791,0.0036081537,0.4,0.0,0.35976318,0.011826497
375316653866487564,5844298515230940032,0.66689235,2236.1570742290432,1.9833209250368982,4.382711E-6,15.7697525,0.00567349,0.28971788,0.0014814939,0.10685405,0.0032481612,0.24665894,0.0050856858,0.7896367,8.0052484E-4,0.09925479,0.00228567,0.26934096,0.005397215,null,null,null,null,"TWOGAUSSIANS",8,3.3532665,0.7896367,8.0052484E-4,0.4,0.0,0.24227065,0.0024694134,0.28971788,0.0014814939,0.4,0.0,0.21958159,0.00282779
375316653866487564,5844298549590684288,0.54754704,2247.677681559867,0.4116143958765154,2.498162E-4,17.79563,0.0035539218,0.14047995,0.049971774,0.10401755,0.07356459,0.009432419,0.003543751,0.5739431,0.016305605,0.03822753,0.008551239,0.22718503,0.07932985,null,null,null,null,"TWOGAUSSIANS",8,0.8918122,0.5739431,0.016305605,0.21407416,0.04788694,0.22717376,0.079289295,0.14047995,0.049971774,0.4,0.0,0.009419543,0.0031356404
375316653866487564,5844298721389399808,0.46473935,2187.191835561816,2.798576785442102,3.1708078E-5,18.379375,0.017895103,0.23988159,0.047686584,0.076247044,0.041700482,0.2625207,0.86616564,0.722998,0.007463785,0.068761595,0.013039138,0.3373934,0.051214907,null,null,null,null,"TWOGAUSSIANS",8,16.12867,0.722998,0.007463785,0.38506493,0.04615255,0.33636606,0.05257099,0.23988159,0.047686584,0.4,0.19107993,0.26149338,0.8672157
375316653866487564,5844298751428733952,0.6240901,2254.337876161005,1.123680935951357,2.6605524E-6,17.38413,0.0029989523,0.18762973,0.011871321,0.029800368,0.010802161,0.12779689,0.24121739,0.6802645,4.5955682E-4,0.032831986,6.741759E-4,0.67100465,0.01474434,0.012980777,0.004172013,0.18762973,0.011871321,"TWOGAUSSIANS_WITH_ELLIPSOIDAL_ON_ECLIPSE1",9,3.788169,0.68028444,4.4389884E-4,0.18385912,0.003775385,0.69691074,0.015567569,0.18762973,0.011871321,0.16688205,0.060492102,0.15375839,0.24390745
375316653866487564,5844298927521960064,0.53060746,2228.7845609334595,2.9292085421410774,1.8522438E-5,19.495203,0.01229336,0.20207325,0.004174398,0.07540556,0.0055356747,0.39109784,0.015495431,0.6850617,0.0072531668,0.09429182,0.008307598,0.37166178,0.020718308,null,null,null,null,"TWOGAUSSIANS",8,1.9039448,0.20207325,0.004174398,0.4,0.0015482664,0.3838169,0.013951552,0.6850617,0.0072531668,0.4,0.0,0.36438,0.020227266
375316653866487564,5844299580356966784,0.5889197,2191.106723276986,2.7677571614935164,1.1457527E-5,18.576727,0.016532933,0.2875327,0.0022209086,0.047465254,0.0050519505,0.42856812,0.035378452,0.7878285,0.008764753,0.045159716,0.008480487,0.42313325,0.040062986,0.13195775,0.022248913,0.2875327,0.0022209086,"TWOGAUSSIANS_WITH_ELLIPSOIDAL_ON_ECLIPSE1",9,5.7443624,0.2875327,0.0022209086,0.26580542,0.028290922,0.6924832,0.02636997,0.7878285,0.008476331,0.25289443,0.047490727,0.68704736,0.02836767
375316653866487564,5844299610422236288,0.49086154,2249.247228597824,1.2483393340885538,1.44711385E-5,17.778961,0.00508025,0.2723209,0.017709209,0.024801705,0.009259108,0.25351658,0.073534384,0.76497674,0.0036349788,0.021669028,0.0027583367,0.21658695,0.014301112,null,null,null,null,"TWOGAUSSIANS",8,14.941236,0.2723209,0.017709209,0.13888955,0.051851008,0.25351658,0.073534384,0.76497674,0.0036349788,0.121346556,0.015446685,0.21658695,0.014301112
375316653866487564,5844299713501496192,0.60219204,2226.9977025469225,0.8404068340501121,8.470831E-6,17.549692,0.0064434805,0.279693,0.0020621382,0.030982247,0.0022764176,0.59798515,0.027626414,0.7852827,0.009339105,0.038631983,0.012473069,0.09116161,0.019505573,0.014630981,0.009374831,0.279693,0.0020621382,"TWOGAUSSIANS_WITH_ELLIPSOIDAL_ON_ECLIPSE1",9,5.261753,0.279693,0.0020621382,0.17350058,0.012747938,0.62724704,0.029730553,0.7852827,0.009298022,0.21633911,0.06984919,0.12038746,0.015635509
375316653866487564,5844300301915634048,0.55032796,2168.2835909199566,2.418390602568508,9.526556E-6,19.08274,0.014400279,0.28860602,0.0020729199,0.072905354,0.003435965,0.5535409,0.030659843,0.7879365,0.0022879106,0.08290152,0.003470239,0.56364906,0.015631601,null,null,null,null,"TWOGAUSSIANS",8,3.3394532,0.7879365,0.0022879106,0.4,0.0,0.55726403,0.013992167,0.28860602,0.0020729199,0.4,0.0,0.54715586,0.030770645
375316653866487564,5844300778651702784,0.587071,2170.9381643426323,3.896615533037149,5.126982E-6,18.837723,0.010457396,0.29267624,0.0013798466,0.03760444,0.0025234078,0.6760831,0.039000425,0.78920764,7.8755873E-4,0.031322297,0.00393647,0.7803719,0.10634474,0.090887055,0.018740727,0.29267624,0.0013798466,"TWOGAUSSIANS_WITH_ELLIPSOIDAL_ON_ECLIPSE1",9,6.639885,0.78926766,7.6526863E-4,0.17540486,0.022044232,0.96206105,0.112043105,0.29267624,0.0013798466,0.21058486,0.014131084,0.8578571,0.03672875
375316653866487564,5844301401450075008,0.61547995,2202.9690438458742,1.0407367813044919,9.525297E-6,17.555447,0.012010415,0.23376146,0.0033989379,0.027717924,0.012651086,0.16156344,0.05096275,0.7318218,0.0014211737,0.030528966,0.0016608743,1.406406,0.07683489,0.027692638,0.017893907,0.23376146,0.0033989379,"TWOGAUSSIANS_WITH_ELLIPSOIDAL_ON_ECLIPSE1",9,21.27678,0.7318318,0.0014095971,0.17096221,0.009300896,1.4617829,0.07981371,0.23376146,0.0033989379,0.15522037,0.07084608,0.21694861,0.06949573
375316653866487564,5844303664875072384,0.52927643,2139.6906024983596,3.2139043620821184,1.2268053E-5,18.669939,0.009127405,0.28616887,0.004467945,0.09813761,0.005924896,0.249259,0.01159716,0.7965918,0.006407889,0.09017925,0.008695377,0.25167826,0.012999566,null,null,null,null,"TWOGAUSSIANS",8,2.0705044,0.7965918,0.006407889,0.4,0.0,0.238975,0.013404601,0.28616887,0.004467945,0.4,0.0,0.23655455,0.009503038
375316653866487564,5844304661321774080,0.47353086,2162.436796505844,0.12351849134216879,8.014061E-5,18.52564,0.0058550923,0.40166742,0.012784379,0.005718186,0.0039622798,4.861433,7.0165358,0.71707916,0.09912665,0.066205256,0.052232455,0.08349644,0.03398741,0.01858694,0.0075073843,0.40166742,0.012784379,"TWOGAUSSIANS_WITH_ELLIPSOIDAL_ON_ECLIPSE1",9,10.815375,0.40166742,0.012784379,0.032021843,0.022188768,4.8986077,7.015299,0.72715914,0.10778098,0.3707494,0.29250175,0.09028885,0.034915425
375316653866487564,5844305348498387456,0.56349194,2205.184686078125,3.6796177845698796,1.3826535E-5,18.103533,0.006237741,0.24547766,0.002093497,0.078834206,0.0031412088,0.36760074,0.012815343,0.7501289,0.004838403,0.06999053,0.0043670796,0.29560652,0.015213144,null,null,null,null,"TWOGAUSSIANS",8,5.9457603,0.24547766,0.002093497,0.4,0.0,0.36549047,0.012947106,0.7501289,0.004838403,0.39194697,0.018218076,0.29349622,0.015255264
375316653866487564,5844305760815253376,0.5514926,2218.495903022973,3.6615481382436608,6.747107E-6,17.198866,0.0017361521,0.27556655,0.004971368,0.06639496,0.004704288,0.08764796,0.003939916,0.77386945,0.0019253767,0.066300415,0.0023219138,0.11344796,0.0035399827,null,null,null,null,"TWOGAUSSIANS",8,1.4978279,0.77386945,0.0019253767,0.37128234,0.013002717,0.11329112,0.0035410863,0.27556655,0.004971368,0.37181178,0.026344012,0.08749112,0.0039685145
375316653866487564,5844306108711935360,0.43874598,2222.2619661904214,0.04124161954626964,1.3454146E-5,19.473162,0.016259488,0.28332818,0.027627187,0.0687811,0.052989528,0.20702419,0.025862996,0.7178781,0.0036421162,0.027059812,0.0036532264,0.27816558,0.045763053,null,null,null,null,"TWOGAUSSIANS",8,6.1199656,0.7178781,0.0036421162,0.15153494,0.020458067,0.27816558,0.04579294,0.28332818,0.027627187,0.38517416,0.08435379,0.20702417,0.0258614
375316653866487564,5844306276212625024,0.52255625,2163.3418340612543,1.7028943697174481,1.0436988E-5,18.301516,0.0075751953,0.25858322,0.0048613134,0.08952045,0.007439994,0.1489174,0.007999175,0.75103265,0.0044770315,0.08278446,0.008768461,0.17170289,0.01020612,null,null,null,null,"TWOGAUSSIANS",8,1.7739862,0.75103265,0.0044770315,0.4,0.0,0.16754481,0.010203103,0.25858322,0.0048613134,0.4,0.0,0.14475927,0.0058526006
375316653866487564,5844306383590012416,0.5443781,2188.0277919935993,3.319917747080518,2.4632802E-5,19.576967,0.04256661,0.2437568,0.006129065,0.047892302,0.02133119,0.3238027,0.082637206,0.7373068,0.004114386,0.04066412,0.00844571,0.48126167,0.08521473,0.14798187,0.049342558,0.2437568,0.006129065,"TWOGAUSSIANS_WITH_ELLIPSOIDAL_ON_ECLIPSE1",9,4.062008,0.73778677,0.00354916,0.22771908,0.047295973,0.7767746,0.027129933,0.2437568,0.006129065,0.26819688,0.11945467,0.6197654,0.042748664
375316653866487564,5844307002065238272,0.5375701,2156.5378384079095,2.607564973682918,2.4192062E-5,18.567747,0.024726486,0.27276766,0.008382499,0.0990695,0.010655154,0.34148008,0.027825506,0.77516323,0.0043364107,0.09422233,0.0090762265,0.34341148,0.022770314,null,null,null,null,"TWOGAUSSIANS",8,6.8344035,0.77516323,0.0043364107,0.4,0.0,0.32005244,0.012703452,0.27276766,0.008382499,0.4,0.0,0.31811956,0.017712891
375316653866487564,5844308170296770560,0.5548302,2207.410157112174,2.9603695708581186,7.915684E-6,19.372253,0.009169424,0.299356,0.0044840933,0.071107075,0.005073327,0.5852995,0.02112312,0.7947334,0.0035066167,0.0637872,0.0037453193,0.4221987,0.018016446,null,null,null,null,"TWOGAUSSIANS",8,3.4898026,0.299356,0.0044840933,0.39819965,0.016677717,0.58438385,0.021281013,0.7947334,0.0035066167,0.3572083,0.020973789,0.4212831,0.017952528
375316653866487564,5844308170296779776,0.5254148,2187.8270673993375,3.2265828625780433,1.0580525E-5,18.60576,0.018401073,0.28897768,0.0047264434,0.08011621,0.0074680424,0.33299062,0.02319518,0.7867333,0.010076951,0.08117139,0.0107269725,0.38966504,0.027181428,null,null,null,null,"TWOGAUSSIANS",8,5.8160944,0.7867333,0.010076951,0.4,0.0,0.38401428,0.02447134,0.28897768,0.0047264434,0.4,0.0,0.32733986,0.021276586
375316653866487564,5844308651355875712,0.5989305,2190.6129373840063,2.740886928154127,7.351357E-6,17.187105,0.009181397,0.26489466,0.0024019417,0.05081073,0.0043448135,0.2803922,0.026378997,0.7641274,0.006124512,0.035218872,0.018789815,0.31213236,0.05662798,0.11375957,0.016375162,0.26489466,0.0024019417,"TWOGAUSSIANS_WITH_ELLIPSOIDAL_ON_ECLIPSE1",9,20.113985,0.7641774,0.006062861,0.19722569,0.10522296,0.53964484,0.053944703,0.26489466,0.0024019417,0.28454006,0.024330955,0.50790966,0.01787107
375316653866487564,5844309475988776064,0.5507266,2238.7339838426165,2.7286690491647745,8.328701E-6,17.040543,0.007858564,0.24455836,0.0036350545,0.09006298,0.0053060623,0.2514138,0.010485975,0.7471206,0.002710413,0.09321369,0.00488777,0.2449256,0.007199906,null,null,null,null,"TWOGAUSSIANS",8,9.552033,0.24455836,0.0036350545,0.4,0.0,0.23985812,0.009513847,0.7471206,0.002710413,0.4,0.0,0.23336975,0.004014385
375316653866487564,5844310094464878464,0.52103895,2247.121425414196,0.07550840753347828,1.3044944E-5,14.268414,0.0025003923,0.18351696,0.015681943,0.017993074,0.020634662,0.22669052,87.25565,0.6847353,0.005479971,0.03212749,0.0052997763,0.19477807,0.025405752,0.011725626,0.0045592,0.18351696,0.015681943,"TWOGAUSSIANS_WITH_ELLIPSOIDAL_ON_ECLIPSE1",9,194.22754,0.18351696,0.015681943,0.10076122,0.11555412,0.25014177,87.256615,0.6847353,0.005462891,0.17991394,0.029678747,0.21822794,0.02519418
375316653866487564,5844310334960350080,0.42954725,2215.3178611444264,3.0052307255310398,4.594099E-5,18.379705,0.0045469357,null,null,null,null,null,null,null,null,null,null,null,null,0.052980002,0.0060252063,0.17037123,0.011566544,"ELLIPSOIDAL",4,7.7837024,null,null,null,null,null,null,null,null,null,null,null,null
375316653866487564,5844310369320004736,0.4921473,2204.647457004217,2.5162044660392757,2.2638873E-5,19.366673,0.035536643,0.2545975,0.010890039,0.09952713,0.020556735,0.21471745,0.035888117,0.7344513,0.005778402,0.111529715,0.017039388,0.2553911,0.03252824,null,null,null,null,"TWOGAUSSIANS",8,1.9153328,0.7344513,0.005778402,0.4,0.0,0.23284632,0.018294103,0.25462753,0.010835898,0.4,0.0,0.19219974,0.020772457
375316653866487564,5844312052948107136,0.46894664,2210.3092662688987,1.8178336673151068,1.1480153E-4,19.671677,0.015448079,0.26629698,0.0019782325,0.005326542,0.0041139754,1.7348944,1.6683211,0.7878532,0.050031237,0.117976375,0.069560535,0.0448653,0.0141549865,null,null,null,null,"TWOGAUSSIANS",8,1.6853774,0.26629698,0.0019782325,0.029828634,0.023038263,1.734897,1.6683326,0.7878532,0.050031237,0.4,0.0,0.04485332,0.014156516
375316653866487564,5844312259106211072,0.57627296,2222.796853060224,2.5243344146726985,6.8048407E-6,18.984837,0.009792597,0.28410584,0.0015160403,0.07202577,0.0024920276,0.4375567,0.0130241355,0.78765553,0.0042572673,0.07323182,0.0038395538,0.44068545,0.01533582,null,null,null,null,"TWOGAUSSIANS",8,2.148767,0.78765553,0.0042572673,0.4,0.0025442494,0.438527,0.014925019,0.28410584,0.0015160403,0.4,0.004202061,0.43539825,0.012711905
