Gaia/vari_eclipsing_binary/VariEclipsingBinary_471704-471728.csv
# %ECSV 1.0
# ---
# delimiter: ','
# meta: !!omap
# - RELEASE: Gaia DR3
# - TABLE: vari_eclipsing_binary
# - DESCRIPTION: >
#     This table describes the properties of the eclipsing binaries resulting from the variability analysis. 
# - CITATION: >
#     How to cite and acknowledge Gaia: 
#     https://gea.esac.esa.int/archive/documentation/credits.html 
# - KNOWN_ISSUES: >
#     Known issues: 
#     https://www.cosmos.esa.int/web/gaia-users/known-issues 
# - DOCUMENTATION: >
#     Tutorials and documentation: 
#     https://www.cosmos.esa.int/web/gaia-users/archive 
# datatype:
# - 
#   name: solution_id
#   datatype: int64
#   description: Solution Identifier
#   meta:
#     ucd: meta.version
# - 
#   name: source_id
#   datatype: int64
#   description: Unique source identifier
#   meta:
#     ucd: meta.id;meta.main
# - 
#   name: global_ranking
#   datatype: float32
#   description: Number between 0 (worst) and 1 (best)
#   meta:
#     ucd: stat.param
# - 
#   name: reference_time
#   datatype: float64
#   unit: d
#   description: Reference time used for the geometric model fit
#   meta:
#     ucd: time.epoch
# - 
#   name: frequency
#   datatype: float64
#   unit: d**-1
#   description: Frequency of geometric model of the eclipsing binary light curve
#   meta:
#     ucd: src.orbital
# - 
#   name: frequency_error
#   datatype: float32
#   unit: d**-1
#   description: "Uncertainty of \\texttt{frequency}"
#   meta:
#     ucd: stat.error
# - 
#   name: geom_model_reference_level
#   datatype: float32
#   unit: mag
#   description: Magnitude reference level of geometric model
#   meta:
#     ucd: phot.mag;em.opt
# - 
#   name: geom_model_reference_level_error
#   datatype: float32
#   unit: mag
#   description: "Uncertainty of \\texttt{geomModelReferenceLevel}"
#   meta:
#     ucd: stat.error;phot.mag;em.opt
# - 
#   name: geom_model_gaussian1_phase
#   datatype: float32
#   description: Phase of the Gaussian 1 component
#   meta:
#     ucd: time.phase
# - 
#   name: geom_model_gaussian1_phase_error
#   datatype: float32
#   description: "Uncertainty of \\texttt{geomModelGaussian1Phase}"
#   meta:
#     ucd: stat.error;time.phase
# - 
#   name: geom_model_gaussian1_sigma
#   datatype: float32
#   description: "Standard deviation [phase] of Gaussian 1 component"
#   meta:
#     ucd: stat.stdev
# - 
#   name: geom_model_gaussian1_sigma_error
#   datatype: float32
#   description: "Uncertainty of \\texttt{geomModelGaussian1Sigma}"
#   meta:
#     ucd: stat.error
# - 
#   name: geom_model_gaussian1_depth
#   datatype: float32
#   unit: mag
#   description: Magnitude depth of Gaussian 1 component
#   meta:
#     ucd: src.var.amplitude
# - 
#   name: geom_model_gaussian1_depth_error
#   datatype: float32
#   unit: mag
#   description: "Uncertainty of \\texttt{geomModelGaussian1Depth}"
#   meta:
#     ucd: stat.error;src.var.amplitude
# - 
#   name: geom_model_gaussian2_phase
#   datatype: float32
#   description: Phase of Gaussian 2 component
#   meta:
#     ucd: time.phase
# - 
#   name: geom_model_gaussian2_phase_error
#   datatype: float32
#   description: "Uncertainty of \\texttt{geomModelGaussian2Phase}"
#   meta:
#     ucd: stat.error;time.phase
# - 
#   name: geom_model_gaussian2_sigma
#   datatype: float32
[...]
#   datatype: float32
#   description: "Secondary eclipse: uncertainty of \\texttt{derivedSecondaryEclDuration}"
#   meta:
#     ucd: stat.error;time.duration
# - 
#   name: derived_secondary_ecl_depth
#   datatype: float32
#   unit: mag
#   description: "Secondary eclipse: depth"
#   meta:
#     ucd: src.var.amplitude
# - 
#   name: derived_secondary_ecl_depth_error
#   datatype: float32
#   unit: mag
#   description: "Secondary eclipse: uncertainty of \\texttt{derivedSecondaryEclDepth}"
#   meta:
#     ucd: stat.error;src.var.amplitude
solution_id,source_id,global_ranking,reference_time,frequency,frequency_error,geom_model_reference_level,geom_model_reference_level_error,geom_model_gaussian1_phase,geom_model_gaussian1_phase_error,geom_model_gaussian1_sigma,geom_model_gaussian1_sigma_error,geom_model_gaussian1_depth,geom_model_gaussian1_depth_error,geom_model_gaussian2_phase,geom_model_gaussian2_phase_error,geom_model_gaussian2_sigma,geom_model_gaussian2_sigma_error,geom_model_gaussian2_depth,geom_model_gaussian2_depth_error,geom_model_cosine_half_period_amplitude,geom_model_cosine_half_period_amplitude_error,geom_model_cosine_half_period_phase,geom_model_cosine_half_period_phase_error,model_type,num_model_parameters,reduced_chi2,derived_primary_ecl_phase,derived_primary_ecl_phase_error,derived_primary_ecl_duration,derived_primary_ecl_duration_error,derived_primary_ecl_depth,derived_primary_ecl_depth_error,derived_secondary_ecl_phase,derived_secondary_ecl_phase_error,derived_secondary_ecl_duration,derived_secondary_ecl_duration_error,derived_secondary_ecl_depth,derived_secondary_ecl_depth_error
[from data line 38]
375316653866487564,4149163807835447552,0.49218065,2441.2116645683973,2.7604684137090336,1.7701095E-5,18.672579,0.014690173,0.19091295,0.0069446904,0.07752961,0.010995675,0.29198572,0.022830294,0.68608755,0.0063373963,0.09685184,0.010944307,0.20999366,0.018442348,null,null,null,null,"TWOGAUSSIANS",8,4.671976,0.19091295,0.0069446904,0.4,0.0,0.28470567,0.024749525,0.68608755,0.0063373963,0.4,0.0,0.20271292,0.016836544
375316653866487564,4149163880886551040,0.5599782,2419.3351416067476,2.2387925621579825,5.9206614E-6,18.729134,0.012028366,0.22865917,0.00127116,0.0857075,0.0036250004,0.34644225,0.011117149,0.7431438,0.0045804526,0.10860775,0.00943364,0.16677116,0.012009272,null,null,null,null,"TWOGAUSSIANS",8,1.3202951,0.22865917,0.001281035,0.4,0.0,0.33296984,0.0069022556,0.7431438,0.0045804526,0.4,0.0,0.15328892,0.0073391865
375316653866487564,4149164155735484800,0.46632007,2428.432106006276,3.212359289916026,3.618924E-5,18.930763,0.010313085,0.24482694,0.012702503,0.0847167,0.018100217,0.21524231,0.019425558,0.73468405,0.034701332,0.051451556,0.019259283,0.09115371,0.042960543,null,null,null,null,"TWOGAUSSIANS",8,5.26261,0.24482694,0.012702503,0.4,0.0051168273,0.21497217,0.019530527,0.73468405,0.034701332,0.28812873,0.10785199,0.09088359,0.043414272
375316653866487564,4149164911649846400,0.49845338,2523.132240810944,2.322809898231498,4.1610634E-5,19.773779,0.024081092,0.2449769,0.0067985114,0.07673692,0.0059917574,0.68879235,0.08403157,0.75958115,0.004184102,0.067858495,0.00787364,0.53841615,0.041866854,null,null,null,null,"TWOGAUSSIANS",8,3.4550645,0.2449769,0.0067985114,0.4,0.0,0.68661636,0.08438715,0.75958115,0.004184102,0.38000757,0.044092387,0.53624016,0.042556424
375316653866487564,4149165014732523264,0.53998405,2455.441082406103,3.6564078201413643,1.8167317E-5,18.739405,0.013502701,0.2454871,0.004203584,0.09095293,0.008065181,0.27781126,0.013298723,0.76093495,0.0045371833,0.09005865,0.010379863,0.31326938,0.017552758,null,null,null,null,"TWOGAUSSIANS",8,2.3094144,0.76093495,0.0045371833,0.4,0.0,0.30304083,0.020481104,0.2454871,0.004203584,0.4,0.0,0.26758268,0.010723803
375316653866487564,4149165422732311040,0.47664198,2473.9925796599464,0.03474216298291292,2.8953888E-5,18.685524,0.010597165,0.2735462,0.014797095,0.10512375,0.020248838,0.8187994,0.1892117,0.9363096,0.0057185316,0.039358202,0.006497487,0.17200574,0.01623631,null,null,null,null,"TWOGAUSSIANS",8,5.9618974,0.2735462,0.014797095,0.4,0.0,0.81876844,0.18957536,0.9376696,0.0053875893,0.22040594,0.036385927,0.17684324,0.015990986
375316653866487564,4149165530125789312,0.4938609,2454.9780684004986,2.3015917781724182,3.6155296E-5,18.752172,0.647071,0.2462088,0.008212813,0.15449682,0.10998063,0.3716369,0.6325831,0.7524463,0.005737944,0.12806953,0.05790154,0.36417612,0.5210261,null,null,null,null,"TWOGAUSSIANS",8,2.4816155,0.2460788,0.008123403,0.4,0.0,0.22490054,0.0106514245,0.7529163,0.0046219924,0.4,0.0,0.22106151,0.014218157
375316653866487564,4149165736293592960,0.4594709,2503.416079154838,3.6515084706152,1.0163199E-5,18.206831,0.0024119862,0.17251326,0.0027180267,0.022428777,0.0021646686,0.12497935,0.0071224524,0.67622477,0.0062381243,0.014269793,0.0013577155,1.355648,1.1086903,null,null,null,null,"TWOGAUSSIANS",8,1.9470247,0.67622477,0.0062381243,0.079910845,0.0076032067,1.355648,1.1086903,0.17251326,0.0027180267,0.12560114,0.012122145,0.12497935,0.0071224524
375316653866487564,4149166109924411648,0.57267374,2440.8431261580263,0.4728602489742082,1.2942652E-5,17.03541,0.0034740297,0.24032225,0.0135747185,0.023463154,0.012591859,0.015952192,0.013119569,0.71730703,0.0015456046,0.037117213,0.0022007707,0.25351495,0.008547962,0.013747118,0.0053019053,0.24032225,0.0135747185,"TWOGAUSSIANS_WITH_ELLIPSOIDAL_ON_ECLIPSE1",9,6.651089,0.717567,0.0014162124,0.2078564,0.0123243155,0.2804447,0.008438589,0.24032225,0.0135747185,0.13139367,0.07051441,0.043446396,0.007865451
375316653866487564,4149166182989187200,0.46238083,2441.8040425986856,3.211133044792261,4.2920114E-5,19.114088,0.004483975,null,null,null,null,null,null,null,null,null,null,null,null,0.074960835,0.006239639,0.24974537,0.0060225083,"ELLIPSOIDAL",4,3.2551131,null,null,null,null,null,null,null,null,null,null,null,null
375316653866487564,4149166560947565568,0.55316925,2474.0934898985843,0.20037024364340494,6.7862464E-5,16.976994,0.003590233,0.21521771,0.009865006,0.014074988,0.016665567,0.09320725,3.945603E29,0.72416985,0.014357016,0.023543276,0.02654979,0.51919943,0.41361928,0.027908174,0.00463433,0.21521771,0.009865006,"TWOGAUSSIANS_WITH_ELLIPSOIDAL_ON_ECLIPSE1",9,12.092589,0.72416985,0.014310126,0.13184234,0.14867882,0.57483923,0.4178668,0.21521771,0.009865006,0.07881993,0.09332717,0.14902346,3.945603E29
375316653866487564,4149166835796513792,0.44971964,2480.9438714819075,0.1010133043551064,3.6039528E-5,18.877583,0.040077507,0.38513753,0.0095334295,0.21510394,0.033348747,0.26893112,0.037573203,0.8749342,0.0077374154,0.015293276,0.008812693,0.06754575,0.05609135,null,null,null,null,"TWOGAUSSIANS",8,3.630567,0.38513753,0.0095334295,0.4,0.0,0.22992532,0.01869235,0.8749342,0.0077374154,0.085642345,0.04935108,0.06479907,0.057996433
375316653866487564,4149167626070660992,0.5874354,2503.9947419787677,2.5266529933407593,1.49272055E-5,18.493935,0.012122778,0.2253688,0.0011237074,0.037670184,0.004968924,0.6425785,0.09430807,0.7253432,0.0020105562,0.034807526,0.0019716807,0.5633801,0.036138956,0.12718658,0.01822845,0.2253688,0.0011237074,"TWOGAUSSIANS_WITH_ELLIPSOIDAL_ON_ECLIPSE1",9,4.941407,0.2253688,0.0011237074,0.21095303,0.027825974,0.89695156,0.10884486,0.7253432,0.0019972853,0.19492213,0.011041411,0.8177532,0.025504628
375316653866487564,4149167935307706496,0.45511353,2452.1134021707176,2.930811358326662,8.136213E-5,19.16405,0.058915988,0.23926207,0.006830199,0.10432335,0.023959937,0.27303845,0.05334511,0.76246977,0.008684765,0.07625165,0.019087443,0.2522224,0.05485079,null,null,null,null,"TWOGAUSSIANS",8,7.8959503,0.23926207,0.006830199,0.4,0.0,0.26520327,0.034005452,0.7624797,0.008677202,0.4,0.03651532,0.24439612,0.033521038
375316653866487564,4149168004027228672,0.57553184,2460.97927633791,1.9623538857884226,1.2118705E-5,19.165459,0.019421024,0.24043709,0.0023357843,0.046802267,0.0050199674,0.36777562,0.05337855,0.74501455,0.0019366023,0.039395373,0.0059069344,0.30556563,0.049328335,0.13533285,0.025322486,0.24043709,0.0023357843,"TWOGAUSSIANS_WITH_ELLIPSOIDAL_ON_ECLIPSE1",9,3.234325,0.24043709,0.0023357843,0.2620927,0.028111817,0.638441,0.03652727,0.74501455,0.0019366023,0.2206141,0.033078834,0.57600725,0.037204273
375316653866487564,4149168107134603008,0.6174888,2463.2036029200294,1.3142014771210033,3.4801544E-6,17.240416,0.006896192,0.20247069,0.001190888,0.096595034,0.0032069946,0.23231815,0.007328787,0.6982013,0.0027404912,0.095132,0.0042408267,0.27414995,0.006845096,null,null,null,null,"TWOGAUSSIANS",8,2.2455428,0.6982013,0.0027404912,0.4,0.0,0.2582892,0.004707469,0.20247069,0.001190888,0.4,0.0,0.21645722,0.0060840966
375316653866487564,4149168278904902784,0.58285666,2449.708664468514,2.7097766277545783,5.0469807E-6,19.1438,0.008377603,0.18049784,0.0029716901,0.06899307,0.0038434053,0.5514606,0.030610494,0.6882828,0.0022761996,0.07203764,0.0025319613,0.59648836,0.015393163,null,null,null,null,"TWOGAUSSIANS",8,1.5562226,0.6882828,0.0022761996,0.4,0.0017881885,0.5947312,0.0152109675,0.18049784,0.0029716901,0.3863612,0.020512637,0.5497035,0.031060835
375316653866487564,4149168450703532416,0.4615041,2435.288878333461,2.724502649204348,2.6369176E-5,19.022982,0.083621,0.2586878,0.0071972855,0.120904945,0.035672463,0.224916,0.07599189,0.7487148,0.005549106,0.112663224,0.026368845,0.21432726,0.07959666,null,null,null,null,"TWOGAUSSIANS",8,3.181828,0.2587078,0.007199629,0.4,0.0,0.184437,0.021793693,0.7487148,0.005549106,0.4,0.0,0.1739157,0.018785818
375316653866487564,4149168691222026240,0.5170651,2436.2035802222645,3.2696495565072894,1.0335896E-5,18.867626,0.013279105,0.22740658,0.003929013,0.08201496,0.005062308,0.3526117,0.017019924,0.73910654,0.002449417,0.08679178,0.0072209095,0.3268057,0.017502157,null,null,null,null,"TWOGAUSSIANS",8,2.5008583,0.22740658,0.003929013,0.4,0.0,0.34575975,0.0151657,0.73910654,0.002449417,0.4,0.0,0.3199537,0.01923985
375316653866487564,4149169374099993088,0.4474293,2450.77611808314,0.7069622065527418,2.8937682E-5,16.33104,0.005839935,0.23046474,0.0052969563,0.025820632,0.0037443475,0.22203998,0.054117132,0.91752243,0.05113347,0.026439488,0.028205447,0.018351216,0.02824167,0.017537627,0.007774661,0.23046474,0.0052969563,"TWOGAUSSIANS_WITH_ELLIPSOIDAL_ON_ECLIPSE1",9,89.45637,0.23046474,0.0052969563,0.14459553,0.020968346,0.25711524,0.052725147,0.91752243,0.05113347,0.14806113,0.1579505,0.023556987,0.031782173
375316653866487564,4149169996895079552,0.48996148,2381.9710387990954,2.646509615482572,6.229365E-5,19.675663,0.016006416,0.2544386,0.014140772,0.056430787,0.011924515,0.30473712,0.049610227,0.7755941,0.011476294,0.06247742,0.013717237,0.27887,0.03285228,null,null,null,null,"TWOGAUSSIANS",8,3.8168364,0.2544386,0.014140772,0.3160124,0.06677728,0.30469793,0.049599882,0.7755941,0.011476294,0.34987354,0.071606256,0.2788308,0.032841317
375316653866487564,4149170203053608320,0.53523767,2371.581153700185,2.8034302807345863,7.934892E-6,19.221565,0.013973088,0.2654661,0.0044729514,0.08365556,0.0038516482,0.52207714,0.029544918,0.77287865,0.0034941975,0.089338355,0.0055246837,0.44654986,0.01482428,null,null,null,null,"TWOGAUSSIANS",8,2.0071247,0.2654661,0.0044729514,0.4,0.0,0.50904655,0.028218592,0.77287865,0.0034941975,0.4,0.0,0.43351918,0.012705385
375316653866487564,4149170885927914752,0.4510703,2432.1639379889384,0.9361354224754206,8.1115E-5,17.333233,0.0061036386,0.1935356,0.011123518,0.043485295,0.009391874,0.093485124,0.011309446,0.71391535,0.058054432,0.041789867,0.04434742,0.23483215,0.1462175,null,null,null,null,"TWOGAUSSIANS",8,10.1120405,0.71391535,0.058054432,0.23402326,0.24834555,0.23483215,0.14621753,0.1935356,0.011123518,0.24351767,0.052594494,0.093485124,0.011309323
375316653866487564,4149171504417481856,0.45936757,2419.0286431401705,3.6261931087112176,3.127211E-5,19.764439,0.027390864,0.31393674,0.013494858,0.07612129,0.024758598,0.26400194,0.031829856,0.80928445,0.012064456,0.0902326,0.023698755,0.20563413,0.03183634,null,null,null,null,"TWOGAUSSIANS",8,2.3677738,0.31393674,0.013494858,0.4,0.031876344,0.259402,0.039091486,0.80928445,0.012064456,0.4,0.0,0.2010341,0.030885957
375316653866487564,4149171676201952000,0.6791787,2447.9349674598448,0.5225003758867615,1.2440372E-5,17.81882,0.0055934996,0.28248316,0.0016780035,0.027052736,0.0022882568,1.8133485,0.0827775,0.78777975,0.0049385806,0.035855778,0.009377022,0.18493041,0.09385184,null,null,null,null,"TWOGAUSSIANS",8,9.146571,0.28248316,0.0016780035,0.15149532,0.012814239,1.8133485,0.0827775,0.78777975,0.0049385806,0.20079236,0.052511327,0.18493041,0.09385184
375316653866487564,4149171882374664192,0.44532916,2391.6911407481366,0.22610305517734122,1.3116543E-4,19.246496,0.013114695,0.2813849,0.015555314,0.06538403,0.0533039,0.43009043,163.12619,0.7974535,0.008036927,0.036148384,0.0062151775,0.57006127,0.23391768,null,null,null,null,"TWOGAUSSIANS",8,5.120161,0.7974535,0.008036927,0.20243096,0.034804992,0.57005906,0.23392032,0.2813849,0.015555314,0.36615056,0.29111362,0.4300882,163.12619
375316653866487564,4149172019801792640,0.52047914,2403.9812103001827,0.21860007590875344,6.10446E-5,17.999626,0.0030289579,0.68681693,0.010029753,0.021617291,0.012624656,0.32714847,0.9818132,0.86442274,0.016353624,0.023072453,0.019337146,0.0133419335,0.008768272,null,null,null,null,"TWOGAUSSIANS",8,3.0803313,0.68681693,0.010029753,0.12105683,0.07069807,0.32714847,0.9818132,0.86442274,0.016353624,0.12920575,0.10828801,0.0133419335,0.008768272
375316653866487564,4149172432130993152,0.50939846,2431.748588545234,3.0195740621389873,2.5078876E-5,18.872402,0.01876667,0.20316969,0.0033994,0.07870914,0.007190374,0.30817106,0.018502004,0.7052534,0.0056691235,0.08061724,0.008458235,0.30687186,0.024288028,null,null,null,null,"TWOGAUSSIANS",8,3.3917007,0.20316969,0.0033994,0.4,0.0,0.30388108,0.01692074,0.7052534,0.0056691235,0.4,0.0,0.3025819,0.023296693
375316653866487564,4149172470794168704,0.4531175,2400.982725859462,3.2235348436385136,3.0378797E-5,19.651808,0.014713903,0.2280379,0.00620167,0.034281474,0.024917133,0.099329576,0.039538775,0.688774,0.020285219,0.040290404,0.034150463,0.22134385,3963449.5,0.20062104,0.034745097,0.2280379,0.00620167,"TWOGAUSSIANS_WITH_ELLIPSOIDAL_ON_ECLIPSE1",9,14.678654,0.696114,0.015277861,0.22562627,0.19124259,0.60301495,3963449.5,0.2280379,0.00620167,0.19197626,0.13953595,0.5005716,0.040715825
375316653866487564,4149172500840061952,0.42111173,2423.7541104410316,2.4611775617152705,6.0187802E-5,18.711178,0.027782455,0.12960662,0.011685262,0.040204324,0.027480572,0.06779746,0.042179048,0.6324735,0.018726291,0.1218799,0.072402254,0.12269937,0.01500527,null,null,null,null,"TWOGAUSSIANS",8,6.482789,0.6324735,0.018726291,0.4,0.0,0.1211963,0.020971706,0.12960662,0.011702671,0.22514422,0.1538912,0.06634899,0.04058507
375316653866487564,4149172883110948096,0.5179546,2434.227876548196,1.5283018220602922,1.5309837E-5,19.429104,0.029617006,0.22260532,0.011944647,0.10437918,0.03394293,0.15135178,0.02418758,0.73730135,0.0030294554,0.09142472,0.00835445,0.33857447,0.028737903,null,null,null,null,"TWOGAUSSIANS",8,1.2234675,0.73730135,0.0030346247,0.4,0.0,0.32493332,0.01569121,0.22260532,0.011944647,0.4,0.0,0.13770705,0.01831221
375316653866487564,4149173157993588352,0.48819664,2430.60527992779,2.5444394337802123,1.8503493E-5,19.609379,0.0584443,0.26840273,0.0060969642,0.08360174,0.017722812,0.3188247,0.05867048,0.7513035,0.011669211,0.0994758,0.03686734,0.32849836,0.029077219,null,null,null,null,"TWOGAUSSIANS",8,3.0505793,0.7513035,0.011669211,0.4,0.0,0.31654376,0.034663964,0.26840273,0.0060993438,0.4,0.0,0.30687305,0.047407925
375316653866487564,4149173222399378688,0.56609774,2426.702992216194,0.8138660373551507,7.342302E-6,18.825373,0.0043005035,0.25312865,0.005405524,0.037047047,0.0031787837,0.1497371,0.007459556,0.7549053,0.004322479,0.035649046,0.0041084453,0.9220341,0.28794372,null,null,null,null,"TWOGAUSSIANS",8,2.3411698,0.7549053,0.004322479,0.19963466,0.023007294,0.9220341,0.28794372,0.25312865,0.005405524,0.20746347,0.017801188,0.1497371,0.007459556
375316653866487564,4149173329787819264,0.49784037,2452.1530273021053,1.175196278463787,3.442571E-5,17.648926,0.002260731,0.2534787,0.0066857287,0.038508877,0.0053247637,0.08185007,0.011732262,0.7535539,0.0045402166,0.054978468,0.03010902,0.1697028,0.9206912,null,null,null,null,"TWOGAUSSIANS",8,1.5065918,0.7535539,0.0045402166,0.30787942,0.15032047,0.16970265,0.92069286,0.2534787,0.0066857287,0.21564971,0.029818678,0.08184992,0.011731262
375316653866487564,4149173913903490944,0.54511994,2442.055374904732,1.4008788715647758,2.3612152E-5,17.601173,0.0033868721,0.32993886,0.002482641,0.042542357,0.003637661,0.26151204,0.025582245,0.8254968,0.01151746,0.01176815,0.010025197,1.0864097,3.074949,0.044922497,0.006399058,0.32993886,0.002482641,"TWOGAUSSIANS_WITH_ELLIPSOIDAL_ON_ECLIPSE1",9,8.983827,0.8254968,0.011358568,0.065901645,0.0561411,1.1761847,3.078494,0.32993886,0.002482641,0.2382372,0.020370902,0.35135695,0.027081871
