Gaia/vari_eclipsing_binary/VariEclipsingBinary_461417-461429.csv
# %ECSV 1.0
# ---
# delimiter: ','
# meta: !!omap
# - RELEASE: Gaia DR3
# - TABLE: vari_eclipsing_binary
# - DESCRIPTION: >
#     This table describes the properties of the eclipsing binaries resulting from the variability analysis. 
# - CITATION: >
#     How to cite and acknowledge Gaia: 
#     https://gea.esac.esa.int/archive/documentation/credits.html 
# - KNOWN_ISSUES: >
#     Known issues: 
#     https://www.cosmos.esa.int/web/gaia-users/known-issues 
# - DOCUMENTATION: >
#     Tutorials and documentation: 
#     https://www.cosmos.esa.int/web/gaia-users/archive 
# datatype:
# - 
#   name: solution_id
#   datatype: int64
#   description: Solution Identifier
#   meta:
#     ucd: meta.version
# - 
#   name: source_id
#   datatype: int64
#   description: Unique source identifier
#   meta:
#     ucd: meta.id;meta.main
# - 
#   name: global_ranking
#   datatype: float32
#   description: Number between 0 (worst) and 1 (best)
#   meta:
#     ucd: stat.param
# - 
#   name: reference_time
#   datatype: float64
#   unit: d
#   description: Reference time used for the geometric model fit
#   meta:
#     ucd: time.epoch
# - 
#   name: frequency
#   datatype: float64
#   unit: d**-1
#   description: Frequency of geometric model of the eclipsing binary light curve
#   meta:
#     ucd: src.orbital
# - 
#   name: frequency_error
#   datatype: float32
#   unit: d**-1
#   description: "Uncertainty of \\texttt{frequency}"
#   meta:
#     ucd: stat.error
# - 
#   name: geom_model_reference_level
#   datatype: float32
#   unit: mag
#   description: Magnitude reference level of geometric model
#   meta:
#     ucd: phot.mag;em.opt
# - 
#   name: geom_model_reference_level_error
#   datatype: float32
#   unit: mag
#   description: "Uncertainty of \\texttt{geomModelReferenceLevel}"
#   meta:
#     ucd: stat.error;phot.mag;em.opt
# - 
#   name: geom_model_gaussian1_phase
#   datatype: float32
#   description: Phase of the Gaussian 1 component
#   meta:
#     ucd: time.phase
# - 
#   name: geom_model_gaussian1_phase_error
#   datatype: float32
#   description: "Uncertainty of \\texttt{geomModelGaussian1Phase}"
#   meta:
#     ucd: stat.error;time.phase
# - 
#   name: geom_model_gaussian1_sigma
#   datatype: float32
#   description: "Standard deviation [phase] of Gaussian 1 component"
#   meta:
#     ucd: stat.stdev
# - 
#   name: geom_model_gaussian1_sigma_error
#   datatype: float32
#   description: "Uncertainty of \\texttt{geomModelGaussian1Sigma}"
#   meta:
#     ucd: stat.error
# - 
#   name: geom_model_gaussian1_depth
#   datatype: float32
#   unit: mag
#   description: Magnitude depth of Gaussian 1 component
#   meta:
#     ucd: src.var.amplitude
# - 
#   name: geom_model_gaussian1_depth_error
#   datatype: float32
#   unit: mag
#   description: "Uncertainty of \\texttt{geomModelGaussian1Depth}"
#   meta:
#     ucd: stat.error;src.var.amplitude
# - 
#   name: geom_model_gaussian2_phase
#   datatype: float32
#   description: Phase of Gaussian 2 component
#   meta:
#     ucd: time.phase
# - 
#   name: geom_model_gaussian2_phase_error
#   datatype: float32
#   description: "Uncertainty of \\texttt{geomModelGaussian2Phase}"
#   meta:
#     ucd: stat.error;time.phase
# - 
#   name: geom_model_gaussian2_sigma
#   datatype: float32
[...]
#   datatype: float32
#   description: "Secondary eclipse: uncertainty of \\texttt{derivedSecondaryEclDuration}"
#   meta:
#     ucd: stat.error;time.duration
# - 
#   name: derived_secondary_ecl_depth
#   datatype: float32
#   unit: mag
#   description: "Secondary eclipse: depth"
#   meta:
#     ucd: src.var.amplitude
# - 
#   name: derived_secondary_ecl_depth_error
#   datatype: float32
#   unit: mag
#   description: "Secondary eclipse: uncertainty of \\texttt{derivedSecondaryEclDepth}"
#   meta:
#     ucd: stat.error;src.var.amplitude
solution_id,source_id,global_ranking,reference_time,frequency,frequency_error,geom_model_reference_level,geom_model_reference_level_error,geom_model_gaussian1_phase,geom_model_gaussian1_phase_error,geom_model_gaussian1_sigma,geom_model_gaussian1_sigma_error,geom_model_gaussian1_depth,geom_model_gaussian1_depth_error,geom_model_gaussian2_phase,geom_model_gaussian2_phase_error,geom_model_gaussian2_sigma,geom_model_gaussian2_sigma_error,geom_model_gaussian2_depth,geom_model_gaussian2_depth_error,geom_model_cosine_half_period_amplitude,geom_model_cosine_half_period_amplitude_error,geom_model_cosine_half_period_phase,geom_model_cosine_half_period_phase_error,model_type,num_model_parameters,reduced_chi2,derived_primary_ecl_phase,derived_primary_ecl_phase_error,derived_primary_ecl_duration,derived_primary_ecl_duration_error,derived_primary_ecl_depth,derived_primary_ecl_depth_error,derived_secondary_ecl_phase,derived_secondary_ecl_phase_error,derived_secondary_ecl_duration,derived_secondary_ecl_duration_error,derived_secondary_ecl_depth,derived_secondary_ecl_depth_error
375316653866487564,4058667614300170240,0.46043944,2310.7627297043523,0.30626595594855166,1.0148718E-5,18.832077,0.015309638,0.2084511,0.0016469217,0.010978419,0.0024350225,0.28601322,0.07475562,0.6542931,0.023130402,0.049792558,0.050354134,0.03488596,1.7843391E23,0.07173618,0.020268753,0.6542931,0.023130402,"TWOGAUSSIANS_WITH_ELLIPSOIDAL_ON_ECLIPSE2",9,13.452947,0.20821111,0.0015711441,0.061479148,0.013636126,0.41357115,0.081551634,0.6542931,0.023130402,0.2788383,0.28198314,0.17835812,1.7843391E23
375316653866487564,4058667717379476096,0.5311479,2299.415212808663,2.8327251616260947,4.4774242E-5,17.566765,0.032617766,0.23886403,0.009477797,0.08628195,0.01546951,0.32552135,0.04335611,0.72957677,0.008854024,0.0962022,0.013549675,0.34943566,0.03311308,null,null,null,null,"TWOGAUSSIANS",8,20.553074,0.72957677,0.008854024,0.4,0.0,0.33569926,0.019864433,0.23886403,0.009477797,0.4,0.0,0.31178597,0.039235055
375316653866487564,4058667884830146816,0.5639348,2313.735348058322,1.2869951140543305,2.1683358E-5,13.663417,6.56514E-4,0.235633,0.003654657,0.035229106,0.016067592,0.006087915,0.00861973,null,null,null,null,null,null,0.021438668,8.331664E-4,0.235633,0.003654657,"ONEGAUSSIAN_WITH_ELLIPSOIDAL",6,11.898276,0.235633,0.003654657,0.19728298,0.089978516,0.048965212,0.008640965,null,null,null,null,null,null
375316653866487564,4058667992316380672,0.49346188,2267.1802316401217,0.6722497175426403,9.3924966E-5,14.973419,0.005571996,0.27999297,0.0022870735,0.013874894,0.011395726,0.31031188,0.1315995,0.5901483,0.038229164,0.034812476,0.02810081,0.04780824,0.037680615,0.005873986,0.0075112553,0.27999297,0.0022870735,"TWOGAUSSIANS_WITH_ELLIPSOIDAL_ON_ECLIPSE1",9,40.852283,0.27999297,0.0022870735,0.07769941,0.06381607,0.32205984,0.13531108,0.5914583,0.0376556,0.19494987,0.15736453,0.049441203,0.03953616
375316653866487564,4058668164057075072,0.46623784,2272.9101988497055,0.0800430435848214,4.7274527E-5,19.673729,0.387488,0.34933382,0.03056447,0.14259113,0.08133146,0.40221593,0.3926392,0.8242742,0.015214413,0.10651575,0.05767926,0.31175065,0.3298415,null,null,null,null,"TWOGAUSSIANS",8,4.3235564,0.34936383,0.030367693,0.4,0.0,0.32480773,0.12113779,0.8242742,0.015214413,0.4,0.0,0.2363512,0.05236304
375316653866487564,4058669194852259456,0.5023355,2238.982965959117,0.7805644970672422,2.4930421E-5,19.313292,0.013425672,0.16652417,0.0028064768,0.039253406,0.0020410416,0.29003966,0.018607842,0.6103599,0.060508028,0.07253316,0.029884985,0.33840767,0.22119048,null,null,null,null,"TWOGAUSSIANS",8,2.8750038,0.6103599,0.060508028,0.4,0.015373611,0.33840507,0.22120222,0.16652417,0.0027958632,0.21981908,0.011429832,0.29003707,0.01866194
375316653866487564,4058670191281334144,0.5185954,2305.1527152389826,1.149388519990373,3.062086E-5,19.901,0.028245041,0.24747597,0.0030314762,0.04948799,0.0033949048,1.0212191,0.030878888,0.7700883,0.005687096,0.082092755,0.02515819,0.4271674,0.25085238,null,null,null,null,"TWOGAUSSIANS",8,5.101318,0.24747597,0.0030314762,0.27713272,0.019011466,1.0207939,0.03000672,0.7700883,0.005687096,0.4,0.0,0.42674217,0.252109
375316653866487564,4058670981556042496,0.5393258,2223.2683425062487,0.7931250041402611,3.9512848E-5,18.4215,0.0136536835,0.21661037,0.004849298,0.0855009,0.009201111,0.27271643,0.03290299,0.7151476,0.016210118,0.07953184,0.015474172,0.27837425,0.032126825,null,null,null,null,"TWOGAUSSIANS",8,3.1201062,0.7151476,0.016210118,0.4,0.0,0.2729315,0.036171433,0.21661037,0.004849298,0.4,0.0,0.26727363,0.03452182
375316653866487564,4058671393873218176,0.45489156,2286.705351548654,0.04002793643298014,5.7056215E-5,18.115858,0.018282717,0.32193533,0.012519467,0.014696236,0.0112825,0.13801648,0.13818212,0.70958656,0.011569189,0.14970472,0.023889149,0.32772726,0.103674844,null,null,null,null,"TWOGAUSSIANS",8,9.940371,0.70958656,0.011569189,0.4,0.0,0.3252482,0.105872564,0.32224533,0.013339234,0.08229892,0.063182,0.1471123,0.13832301
375316653866487564,4058673695976040448,0.48679146,2242.5020620303503,1.107224524412034,2.973317E-5,19.03126,0.022921773,0.29184324,0.01757045,0.04550424,0.021813953,1.6135031,2.0247433,0.79862386,0.009010364,0.09355073,0.020440184,0.23095071,0.02838883,null,null,null,null,"TWOGAUSSIANS",8,2.7440424,0.29184324,0.01757045,0.25482374,0.12215814,1.6124927,2.0277588,0.79862386,0.009010364,0.4,0.0,0.22993992,0.029746477
375316653866487564,4058674344462078592,0.48167932,2237.678469248322,0.09328782305852366,1.0583829E-4,16.581163,0.002447034,0.32229915,0.011408676,0.04538768,0.008523041,0.075232156,0.018948482,0.6988814,0.011671608,0.1062292,0.010974843,0.081895165,0.011203296,null,null,null,null,"TWOGAUSSIANS",8,3.5595808,0.6988814,0.011671608,0.4,0.0,0.081863895,0.011229597,0.32243913,0.011422701,0.254171,0.047729034,0.07535414,0.018971516
375316653866487564,4058674378821839232,0.5849821,2235.872032233652,2.9978309471686493,1.04951105E-5,18.206886,0.006082147,0.33322114,0.0026061381,0.06534947,0.0038088711,0.32973903,0.013313349,0.8367505,0.0017150752,0.07527415,0.0025693576,0.36142623,0.008654083,null,null,null,null,"TWOGAUSSIANS",8,2.9266355,0.8367505,0.0017150752,0.4,0.0,0.36029035,0.008465893,0.33322114,0.0026061381,0.36595702,0.021329679,0.32860315,0.013480345
375316653866487564,4058674761129290496,0.5113241,2247.4247256539584,0.4249698553253223,4.339102E-5,18.69114,0.007558622,0.16042341,0.02852625,0.02198291,0.021876734,0.18731014,0.11857326,0.6668531,0.0021961888,0.022980785,0.0016757223,0.2524159,0.012362388,null,null,null,null,"TWOGAUSSIANS",8,3.4871185,0.6668531,0.0021961888,0.12869239,0.009384044,0.2524159,0.012362388,0.16042341,0.02852625,0.1231043,0.1225097,0.18731014,0.11857326
375316653866487564,4058676273015400064,0.55276173,2253.111981694075,0.6197375395442362,1.0106451E-5,14.823669,0.0031416982,0.27999046,0.0051100273,0.047288705,0.009961531,0.13584642,0.014050479,0.7665009,4.5385084E-4,0.027835613,0.00158968,0.19420566,0.010542977,0.029340897,0.009132671,0.27999046,0.0051100273,"TWOGAUSSIANS_WITH_ELLIPSOIDAL_ON_ECLIPSE1",9,78.6724,0.76674086,4.023644E-4,0.15587944,0.008902208,0.25247437,0.010201627,0.27999046,0.0051100273,0.26481673,0.055784572,0.1945281,0.013303733
375316653866487564,4058676376042769792,0.55891055,2257.181015051804,1.8690988371324426,1.317699E-5,18.636557,0.009754077,0.2693907,0.0020032562,0.07370847,0.0038832224,0.53978425,0.02038127,0.7800906,0.010858722,0.07613652,0.011992721,0.1831541,0.01429041,null,null,null,null,"TWOGAUSSIANS",8,4.369393,0.2693907,0.0020032562,0.4,0.0,0.5379388,0.020623378,0.7800906,0.010858722,0.4,0.020498933,0.1813086,0.014318557
375316653866487564,4058676788357156864,0.4703173,2266.646069364466,1.0095872684955756,3.1515257E-5,19.394686,0.022731988,0.20937695,0.008082371,0.087976456,0.014163527,0.1788606,0.037687857,0.6842031,0.007504675,0.11028871,0.014703825,0.17731318,0.023141932,null,null,null,null,"TWOGAUSSIANS",8,1.3668058,0.20939694,0.0080744885,0.4,0.0,0.16829602,0.0372958,0.6842031,0.007504675,0.4,0.0,0.16672981,0.012998974
375316653866487564,4058677063235154176,0.5130735,2252.8680618236335,3.3200013530587524,2.5861968E-5,19.529324,0.037163775,0.22146587,0.008012655,0.075870566,0.011028174,0.38014832,0.04281961,0.7334897,0.017473564,0.08972247,0.02650873,0.39557126,0.080193914,null,null,null,null,"TWOGAUSSIANS",8,3.498406,0.7334897,0.017473564,0.4,0.0,0.38907486,0.09062872,0.22146587,0.008012655,0.4,0.012079219,0.37365207,0.034044847
375316653866487564,4058677647354388608,0.5035976,2402.8869019781278,2.092015447182374,4.8784532E-5,19.515749,0.021546587,0.18794541,0.08490442,0.045633353,0.06417952,0.6351972,2.3010669,0.7534196,0.014129243,0.0633503,0.01212092,0.5480798,0.13939618,null,null,null,null,"TWOGAUSSIANS",8,1.984192,0.18794541,0.08490442,0.25554678,0.2619309,0.63519555,2.3014548,0.7534196,0.014129243,0.35476166,0.06388629,0.5480782,0.13937756
375316653866487564,4058677887871395968,0.530739,2210.62841613069,1.8085877911709836,4.1458883E-5,19.503347,0.025868855,0.2275152,0.017237773,0.07306608,0.018660255,0.38651657,0.04811396,0.7237234,0.0067860945,0.07910968,0.011964783,0.45526865,0.027083078,null,null,null,null,"TWOGAUSSIANS",8,2.9212844,0.7237234,0.0067860945,0.4,0.0,0.45176217,0.02488136,0.2275152,0.017237773,0.4,0.03382471,0.38301006,0.049980488
375316653866487564,4058678192778030720,0.46030694,2230.6652224704603,1.8878645888552172,3.2597713E-5,19.51514,0.09920947,0.35881498,0.037927862,0.16186942,0.08246001,0.2324439,0.10094428,0.8080846,0.00844383,0.07696091,0.017002555,0.2255145,0.0616193,null,null,null,null,"TWOGAUSSIANS",8,2.4809482,0.35881498,0.037927862,0.4,0.0,0.20249803,0.06422554,0.8080846,0.00844383,0.4,0.01050965,0.20121881,0.031101936
375316653866487564,4058678334599831552,0.43172258,2209.1659745470765,0.22588527966647376,1.8307564E-5,19.600237,0.019541852,0.5444354,0.002820899,0.06143271,0.0063353083,0.26412323,0.036009297,null,null,null,null,null,null,0.11759966,0.023852602,0.5444354,0.002820899,"ONEGAUSSIAN_WITH_ELLIPSOIDAL",6,3.383886,0.5444354,0.002820899,0.34402317,0.035477724,0.49925604,0.04201853,null,null,null,null,null,null
375316653866487564,4058678437624995328,0.49417055,2271.924670455148,0.4308718068190736,8.001598E-5,15.390854,0.0055969777,0.21298935,0.003320189,0.06750323,0.018158052,0.1892031,0.1421887,0.72078824,0.0064946013,0.07528544,0.008849819,0.11128149,0.007623663,null,null,null,null,"TWOGAUSSIANS",8,39.561058,0.21298935,0.003320189,0.37801808,0.0885216,0.18869297,0.14300805,0.72078824,0.0064946013,0.4,0.0,0.110771365,0.007427899
375316653866487564,4058678639428812672,0.56271744,2272.7833221141536,2.779025778471332,1.6016329E-5,18.19429,0.042586982,0.23936315,0.011887075,0.05086661,0.01768305,0.14108229,0.077695265,0.76345134,0.016568366,0.047104124,0.016218534,0.19046856,0.1082111,0.14017312,0.045192067,0.23936315,0.011887075,"TWOGAUSSIANS_WITH_ELLIPSOIDAL_ON_ECLIPSE1",9,7.1865377,0.76345134,0.016568366,0.2637831,0.09082379,0.46444082,0.042689662,0.23936315,0.011887075,0.28485304,0.09902508,0.42142755,0.03687955
375316653866487564,4058678918661587968,0.50363976,2226.27516928041,0.19975516580545064,3.429972E-5,19.369453,0.36237755,0.23388153,0.014817562,0.15495986,0.03585193,0.8472262,0.35934427,0.82310134,0.023419738,0.12494374,0.033714037,0.5537587,0.3062628,null,null,null,null,"TWOGAUSSIANS",8,1.9064845,0.23194154,0.01107714,0.4,0.0,0.69794744,0.09946331,0.8379614,0.0122752795,0.4,0.0,0.4308355,0.11952445
375316653866487564,4058680705371556224,0.41903517,2282.6076127589477,4.64904983831943,5.7150537E-5,18.69959,0.23316777,0.14946704,6.636051E-4,0.010723745,0.004572494,0.6082437,9.194726,0.61379117,0.01807507,0.29697746,0.15331098,0.2455867,0.22479755,null,null,null,null,"TWOGAUSSIANS",8,6.7627277,0.14948703,6.4433215E-4,0.060052972,0.025605965,0.60961986,9.195159,0.61379117,0.01807507,0.4,0.0,0.1280416,0.016754042
375316653866487564,4058680911530097024,0.4559016,2336.779979602553,2.2718489007349074,3.7933303E-5,19.454315,0.22011939,0.16255012,0.014585374,0.08600751,0.05094706,0.26261526,0.121054135,0.6961088,0.026449071,0.18737315,0.0953763,0.39606106,0.19944158,null,null,null,null,"TWOGAUSSIANS",8,2.6538205,0.6961088,0.026447846,0.4,0.0,0.29896593,0.056412,0.15832011,0.015383636,0.4,0.17732666,0.1905406,0.043971803
375316653866487564,4058681289484950656,0.4321477,2256.1026042813787,2.202153915058371,8.192678E-5,19.102888,0.34595233,0.31620657,0.043776926,0.14939678,0.057195116,0.575004,0.33602926,0.7504113,0.020883001,0.120450705,0.049760107,1.0388972,0.29264164,null,null,null,null,"TWOGAUSSIANS",8,39.257313,0.7504113,0.020883001,0.4,0.0,0.88622546,0.13782729,0.31809658,0.039750304,0.4,0.0,0.4150952,0.06930271
375316653866487564,4058681388226163840,0.4901974,2281.595865665456,1.4247219344228288,5.2386542E-5,18.588427,0.016971627,0.20465647,0.008665522,0.08955763,0.017348185,0.17750303,0.014992298,0.70074946,0.011291988,0.068434216,0.021436341,0.26908952,0.045841258,null,null,null,null,"TWOGAUSSIANS",8,5.524054,0.70074946,0.011291988,0.38323158,0.0718049,0.26650146,0.05162308,0.20465647,0.008665522,0.4,0.0,0.17491491,0.012192232
375316653866487564,4058681530001392896,0.53040576,2241.859120434251,1.4314529039215673,2.3731433E-5,18.549679,0.012230693,0.3086987,0.00423656,0.032271706,0.005076167,0.5451318,0.0684934,0.86617726,0.014350858,0.04564644,0.01087282,0.10656936,0.08505742,0.061508257,0.021895695,0.3086987,0.00423656,"TWOGAUSSIANS_WITH_ELLIPSOIDAL_ON_ECLIPSE1",9,10.617945,0.3086987,0.00423656,0.18072155,0.028426535,0.6681482,0.07369991,0.86617726,0.014350858,0.25562006,0.060887795,0.21422648,0.07962806
375316653866487564,4058682114171404544,0.5768284,2302.9183056037764,2.6857321315610445,4.3313812E-5,15.236068,0.0144954035,0.2949407,0.007377421,0.051043414,0.012589588,0.16647346,0.038015455,0.78288585,0.0055083577,0.030223224,0.009359563,0.2396937,0.1001726,0.103795245,0.027785229,0.78288585,0.0055083577,"TWOGAUSSIANS_WITH_ELLIPSOIDAL_ON_ECLIPSE2",9,166.34378,0.78288585,0.0055083577,0.16925006,0.05241355,0.44728372,0.111246526,0.2924807,0.005680088,0.2858431,0.07050169,0.3731167,0.023015605
375316653866487564,4058682281561178368,0.6378743,2292.4207770354797,2.5749605336629613,4.606657E-6,13.501647,0.02310384,0.23426828,0.0023606552,0.05838567,0.009664678,0.24205421,0.047241,0.7377989,0.0017805725,0.055195514,0.011662616,0.18388048,0.036226764,0.09039462,0.027351534,0.23426828,0.0023606552,"TWOGAUSSIANS_WITH_ELLIPSOIDAL_ON_ECLIPSE1",9,147.83707,0.23426828,0.0023606552,0.32695976,0.0541222,0.42281336,0.011724435,0.7377989,0.0017805725,0.30909488,0.06531065,0.36455065,0.023540199
375316653866487564,4058682870035363456,0.47017586,2314.4231018435576,0.11319515633166347,7.769818E-5,19.700459,0.08083324,0.3609163,0.0035251668,0.02560597,0.005436442,0.3646697,0.084575444,0.8158386,0.020446364,0.083565935,0.04883919,0.24993989,0.1242563,null,null,null,null,"TWOGAUSSIANS",8,4.4865932,0.3609163,0.0035254988,0.14339343,0.030444073,0.36466798,0.08409663,0.8158386,0.020446364,0.4,0.041225143,0.24993809,0.12411819
375316653866487564,4058683110550125312,0.51595044,2244.0021930192584,0.09596154640637282,1.5141218E-5,19.660688,0.008876184,0.33125293,0.003067523,0.05414949,0.0059158285,0.16221572,0.010876986,0.78718656,0.07038312,0.04133982,0.05353936,0.2483153,0.08861613,null,null,null,null,"TWOGAUSSIANS",8,0.7521734,0.78718656,0.07038312,0.231503,0.21227816,0.24831527,0.088689685,0.33125293,0.003067278,0.30323714,0.033128638,0.1622157,0.010837975
375316653866487564,4058683247989085952,0.49158835,2244.2190551735894,4.82738021935157,1.3797145E-5,19.753267,0.06508752,0.35772264,0.0066954372,0.06375595,0.019824281,2.4812317,1.7534546,0.74903065,0.021677494,0.1057073,0.064300574,0.3887908,0.2763056,null,null,null,null,"TWOGAUSSIANS",8,4.663301,0.35774264,0.00640125,0.3570333,0.066748306,2.4793737,1.7627631,0.74903065,0.021677494,0.4,0.026703756,0.38652137,0.28208616
375316653866487564,4058683488511177216,0.4427785,2363.6223488557084,1.899431410714764,1.00475154E-4,19.211737,0.115469456,0.1386199,0.10088955,0.07013462,0.096109,0.12596269,0.10539815,0.5892841,0.019202795,0.05603074,0.09702153,0.23709938,0.04399522,null,null,null,null,"TWOGAUSSIANS",8,4.4262285,0.5892841,0.019202795,0.31377214,0.20556784,0.23707417,0.07893376,0.1386199,0.10050724,0.39275387,0.0720782,0.12593748,0.063584074
375316653866487564,4058683763438956544,0.48937014,2290.4447003628834,1.8097048609091988,2.7535307E-6,19.162182,0.031438086,0.2755779,0.045766518,0.05830597,0.017793685,0.10479476,0.043212198,0.7262041,0.0011842258,0.035328165,0.0032437437,1.7997355,0.50498337,null,null,null,null,"TWOGAUSSIANS",8,13.675598,0.7262041,0.0011842258,0.19783773,0.018164964,1.7997355,0.50498325,0.2755779,0.045766518,0.32651344,0.09964464,0.10479475,0.04321324
