Gaia/vari_eclipsing_binary/VariEclipsingBinary_660444-660617.csv
# %ECSV 1.0
# ---
# delimiter: ','
# meta: !!omap
# - RELEASE: Gaia DR3
# - TABLE: vari_eclipsing_binary
# - DESCRIPTION: >
#     This table describes the properties of the eclipsing binaries resulting from the variability analysis. 
# - CITATION: >
#     How to cite and acknowledge Gaia: 
#     https://gea.esac.esa.int/archive/documentation/credits.html 
# - KNOWN_ISSUES: >
#     Known issues: 
#     https://www.cosmos.esa.int/web/gaia-users/known-issues 
# - DOCUMENTATION: >
#     Tutorials and documentation: 
#     https://www.cosmos.esa.int/web/gaia-users/archive 
# datatype:
# - 
#   name: solution_id
#   datatype: int64
#   description: Solution Identifier
#   meta:
#     ucd: meta.version
# - 
#   name: source_id
#   datatype: int64
#   description: Unique source identifier
#   meta:
#     ucd: meta.id;meta.main
# - 
#   name: global_ranking
#   datatype: float32
#   description: Number between 0 (worst) and 1 (best)
#   meta:
#     ucd: stat.param
# - 
#   name: reference_time
#   datatype: float64
#   unit: d
#   description: Reference time used for the geometric model fit
#   meta:
#     ucd: time.epoch
# - 
#   name: frequency
#   datatype: float64
#   unit: d**-1
#   description: Frequency of geometric model of the eclipsing binary light curve
#   meta:
#     ucd: src.orbital
# - 
#   name: frequency_error
#   datatype: float32
#   unit: d**-1
#   description: "Uncertainty of \\texttt{frequency}"
#   meta:
#     ucd: stat.error
# - 
#   name: geom_model_reference_level
#   datatype: float32
#   unit: mag
#   description: Magnitude reference level of geometric model
#   meta:
#     ucd: phot.mag;em.opt
# - 
#   name: geom_model_reference_level_error
#   datatype: float32
#   unit: mag
#   description: "Uncertainty of \\texttt{geomModelReferenceLevel}"
#   meta:
#     ucd: stat.error;phot.mag;em.opt
# - 
#   name: geom_model_gaussian1_phase
#   datatype: float32
#   description: Phase of the Gaussian 1 component
#   meta:
#     ucd: time.phase
# - 
#   name: geom_model_gaussian1_phase_error
#   datatype: float32
#   description: "Uncertainty of \\texttt{geomModelGaussian1Phase}"
#   meta:
#     ucd: stat.error;time.phase
# - 
#   name: geom_model_gaussian1_sigma
#   datatype: float32
#   description: "Standard deviation [phase] of Gaussian 1 component"
#   meta:
#     ucd: stat.stdev
# - 
#   name: geom_model_gaussian1_sigma_error
#   datatype: float32
#   description: "Uncertainty of \\texttt{geomModelGaussian1Sigma}"
#   meta:
#     ucd: stat.error
# - 
#   name: geom_model_gaussian1_depth
#   datatype: float32
#   unit: mag
#   description: Magnitude depth of Gaussian 1 component
#   meta:
#     ucd: src.var.amplitude
# - 
#   name: geom_model_gaussian1_depth_error
#   datatype: float32
#   unit: mag
#   description: "Uncertainty of \\texttt{geomModelGaussian1Depth}"
#   meta:
#     ucd: stat.error;src.var.amplitude
# - 
#   name: geom_model_gaussian2_phase
#   datatype: float32
#   description: Phase of Gaussian 2 component
#   meta:
#     ucd: time.phase
# - 
#   name: geom_model_gaussian2_phase_error
#   datatype: float32
#   description: "Uncertainty of \\texttt{geomModelGaussian2Phase}"
#   meta:
#     ucd: stat.error;time.phase
# - 
#   name: geom_model_gaussian2_sigma
#   datatype: float32
[...]
#   datatype: float32
#   description: "Secondary eclipse: uncertainty of \\texttt{derivedSecondaryEclDuration}"
#   meta:
#     ucd: stat.error;time.duration
# - 
#   name: derived_secondary_ecl_depth
#   datatype: float32
#   unit: mag
#   description: "Secondary eclipse: depth"
#   meta:
#     ucd: src.var.amplitude
# - 
#   name: derived_secondary_ecl_depth_error
#   datatype: float32
#   unit: mag
#   description: "Secondary eclipse: uncertainty of \\texttt{derivedSecondaryEclDepth}"
#   meta:
#     ucd: stat.error;src.var.amplitude
solution_id,source_id,global_ranking,reference_time,frequency,frequency_error,geom_model_reference_level,geom_model_reference_level_error,geom_model_gaussian1_phase,geom_model_gaussian1_phase_error,geom_model_gaussian1_sigma,geom_model_gaussian1_sigma_error,geom_model_gaussian1_depth,geom_model_gaussian1_depth_error,geom_model_gaussian2_phase,geom_model_gaussian2_phase_error,geom_model_gaussian2_sigma,geom_model_gaussian2_sigma_error,geom_model_gaussian2_depth,geom_model_gaussian2_depth_error,geom_model_cosine_half_period_amplitude,geom_model_cosine_half_period_amplitude_error,geom_model_cosine_half_period_phase,geom_model_cosine_half_period_phase_error,model_type,num_model_parameters,reduced_chi2,derived_primary_ecl_phase,derived_primary_ecl_phase_error,derived_primary_ecl_duration,derived_primary_ecl_duration_error,derived_primary_ecl_depth,derived_primary_ecl_depth_error,derived_secondary_ecl_phase,derived_secondary_ecl_phase_error,derived_secondary_ecl_duration,derived_secondary_ecl_duration_error,derived_secondary_ecl_depth,derived_secondary_ecl_depth_error
375316653866487564,5809328646670201472,0.55535007,2250.1589725084386,3.6596277218584867,7.3913966E-6,18.663998,0.0093117105,0.22421615,0.0025386207,0.07957421,0.0034728227,0.54502,0.017939778,0.72802466,0.002044552,0.078516655,0.0031869381,0.4383153,0.013603969,null,null,null,null,"TWOGAUSSIANS",8,5.376397,0.22421615,0.0025386207,0.4,0.0,0.5389264,0.018160874,0.72802466,0.002044552,0.4,0.0,0.4322217,0.013387747
375316653866487564,5809330673895064192,0.5206262,2250.079773555944,4.383899193936723,8.0015425E-6,19.507183,0.007514579,0.2935505,0.0032527917,0.07499508,0.003201315,0.40352052,0.01648676,0.78956866,0.0019601912,0.08746872,0.0038029978,0.28837815,0.009506734,null,null,null,null,"TWOGAUSSIANS",8,1.9404856,0.2935505,0.0032527917,0.4,0.0,0.39807624,0.016650256,0.78956866,0.0019601912,0.4,0.0,0.28293377,0.009412499
375316653866487564,5809335454206492032,0.553637,2225.141705865202,2.609184665994806,6.4953206E-6,17.158827,0.020332107,0.24196361,0.0026538994,0.061331585,0.013321687,0.114463724,0.04350689,0.745554,0.0039489325,0.057081822,0.011875176,0.12500037,0.042761613,0.08063172,0.024162957,0.24196361,0.0026538994,"TWOGAUSSIANS_WITH_ELLIPSOIDAL_ON_ECLIPSE1",9,14.365002,0.745554,0.0039489325,0.31965822,0.066500984,0.28614596,0.013655413,0.24196361,0.0026538994,0.34345686,0.07460144,0.27569136,0.009089895
375316653866487564,5809335930935001600,0.5043873,2225.274009455333,2.5522542831789843,1.743771E-5,19.267078,0.0036676151,0.30118906,0.0028247817,0.013252382,0.0215506,0.06814445,0.019943487,0.7896979,0.012692178,0.030268664,0.010435471,0.14451376,0.031952485,0.08578284,0.006083008,0.30118906,0.0028247817,"TWOGAUSSIANS_WITH_ELLIPSOIDAL_ON_ECLIPSE1",9,2.1393654,0.79060787,0.011539747,0.16950452,0.05843864,0.3152568,0.028961284,0.30118906,0.0028247817,0.07421334,0.12068336,0.23971,0.025407469
375316653866487564,5809337756308906624,0.43824768,2173.216323735993,0.07251496543969957,3.8566974E-5,17.01804,0.0033428294,0.29957876,0.008338075,0.03863039,0.0057324613,0.25672916,0.049696974,0.76284003,0.0061885207,0.011245394,0.014224038,0.18910217,0.098079465,null,null,null,null,"TWOGAUSSIANS",8,5.26482,0.29957876,0.008338075,0.21633017,0.032101784,0.25672916,0.049696974,0.76284003,0.0061885207,0.06297421,0.07965461,0.18910217,0.098079465
375316653866487564,5809337962465212416,0.5356229,2236.493310843831,4.117482809235588,3.8782837E-6,19.773367,0.008321834,0.24947195,0.0018613116,0.07133704,0.0024741802,0.602673,0.016481077,0.74735904,0.0010928587,0.06966512,0.0024874625,0.5075852,0.017094478,null,null,null,null,"TWOGAUSSIANS",8,1.7454324,0.24947195,0.0018613116,0.39948738,0.0099829,0.6007208,0.016497782,0.74735904,0.0010928587,0.39012468,0.013929791,0.50563306,0.017217185
375316653866487564,5809339573067989248,0.543063,2208.609089124274,3.2303200658492557,5.602711E-6,18.5649,0.018763933,0.28341228,0.004117689,0.03222571,0.0051328605,0.29765418,0.057980735,0.7822444,0.003351046,0.048073623,0.0058677015,0.5822796,0.06339889,0.1559277,0.02780714,0.28341228,0.004117689,"TWOGAUSSIANS_WITH_ELLIPSOIDAL_ON_ECLIPSE1",9,24.095726,0.78234434,0.002820837,0.2692123,0.032859128,0.89411867,0.077681825,0.28341228,0.004117689,0.18046398,0.028744018,0.6095085,0.04006389
375316653866487564,5809339847945589504,0.5775245,2213.606812799821,3.0784791821892825,6.0353327E-6,16.396673,0.010695656,0.27247387,0.0020819304,0.049734313,0.010392586,0.11170628,0.021436764,0.76398444,0.003551051,0.05544047,0.005871201,0.17388852,0.023616383,0.098870136,0.013448832,0.27247387,0.0020819304,"TWOGAUSSIANS_WITH_ELLIPSOIDAL_ON_ECLIPSE1",9,28.219002,0.76582444,0.0026834072,0.31046665,0.032878727,0.3711827,0.0076974984,0.27247387,0.0020819304,0.27851215,0.058198478,0.30944118,0.015135744
375316653866487564,5809340230208039424,0.4438307,2232.739188972279,1.653584842318978,1.2286377E-5,17.94857,0.0026354885,0.3238496,0.08379416,0.1168891,0.059003238,0.01366541,0.006119634,0.6754372,0.002419678,0.02138,0.0018540258,0.14395523,0.0144104585,null,null,null,null,"TWOGAUSSIANS",8,6.249924,0.6754372,0.002419678,0.119728,0.010382544,0.14410059,0.014404142,0.3238496,0.08379416,0.4,0.0,0.013662503,0.0061214217
375316653866487564,5809341432799015936,0.5018759,2211.1957857764914,3.0351704733780576,1.7363944E-5,17.313978,0.019723983,0.26807395,0.0070995684,0.102492556,0.0137575045,0.26507068,0.016582571,0.7672508,0.0025794923,0.09973506,0.007761264,0.2665356,0.018017987,null,null,null,null,"TWOGAUSSIANS",8,22.587797,0.7672508,0.0025794923,0.4,0.0,0.24178149,0.007027432,0.26807395,0.0070995684,0.4,0.0,0.24031481,0.010882014
375316653866487564,5809344937494289152,0.5535165,2282.8620429442603,1.1741091930024334,9.666817E-6,19.605856,0.0056421496,0.24453862,0.004530377,0.02883017,0.0026259532,0.58008015,0.036225036,0.7404854,0.0015365528,0.03067915,0.0017640791,0.42969716,0.01919955,0.06132375,0.011323147,0.24453862,0.004530377,"TWOGAUSSIANS_WITH_ELLIPSOIDAL_ON_ECLIPSE1",9,1.8059517,0.24453862,0.004530377,0.16144896,0.014705338,0.7027277,0.033599693,0.7405654,0.0014954053,0.17180324,0.009878843,0.5522668,0.018329155
375316653866487564,5809345070622201984,0.605928,2252.070177903639,3.699802172694469,3.232581E-6,18.153824,0.008040011,0.24158596,7.347875E-4,0.046458613,0.0020996174,0.581506,0.018893352,0.7423651,0.0014680865,0.042072367,0.0020965992,0.37651637,0.020706784,0.12756743,0.0123706665,0.24158596,7.347875E-4,"TWOGAUSSIANS_WITH_ELLIPSOIDAL_ON_ECLIPSE1",9,7.9571757,0.24158596,7.347875E-4,0.26016825,0.011757857,0.8366404,0.020078596,0.7423651,0.0014680865,0.23560524,0.011740956,0.63164467,0.011378015
375316653866487564,5809347583192280704,0.46162254,2230.476875077357,0.07471951161715851,1.9929935E-6,17.341934,0.0011802065,0.5425434,7.0962944E-4,0.0023853586,3.2442829E-4,0.14578088,0.02897844,0.88042504,0.0060545146,0.022381993,0.01860241,0.017080665,0.022987418,null,null,null,null,"TWOGAUSSIANS",8,3.7253482,0.5425434,7.0962944E-4,0.013358007,0.0018167985,0.14578088,0.02897844,0.88042504,0.0060545146,0.12533917,0.104173504,0.017080665,0.022987418
375316653866487564,5809350636899115136,0.52780885,2231.447436389014,3.0212409979749295,7.409549E-6,17.868998,0.013947583,0.26795116,0.001990278,0.04739423,0.0057286625,0.25654247,0.03063875,0.7840831,0.0051366393,0.06232446,0.008174697,0.24522683,0.036318317,0.087061934,0.017324535,0.26795116,0.001990278,"TWOGAUSSIANS_WITH_ELLIPSOIDAL_ON_ECLIPSE1",9,16.20311,0.26795116,0.001990278,0.2654077,0.03208051,0.43063867,0.022187054,0.7840831,0.0051366393,0.34901696,0.0457783,0.41754022,0.025236124
375316653866487564,5809350881727422976,0.4804628,2267.1497103429692,2.7477747674955735,1.4919331E-5,14.491686,0.0810102,0.29654393,0.0040500294,0.12392489,0.028443314,0.19992818,0.07847989,0.80485654,0.005372259,0.1195185,0.034810856,0.19066755,0.07113536,null,null,null,null,"TWOGAUSSIANS",8,246.9267,0.29649392,0.004020211,0.4,0.0,0.15583363,0.0076357047,0.8049265,0.005246316,0.4,0.0,0.14663093,0.0135310665
375316653866487564,5809352629764085120,0.5619238,2245.6146283192047,1.098698920323789,2.1832059E-6,15.612057,0.0025920337,0.3031742,5.531096E-4,0.037767455,0.0011056918,0.21856117,0.0060113193,0.8040366,0.002199398,0.044791367,0.0035624437,0.08981405,0.0067558615,0.0100730425,0.0039735944,0.3031742,5.531096E-4,"TWOGAUSSIANS_WITH_ELLIPSOIDAL_ON_ECLIPSE1",9,15.734668,0.3031742,5.531096E-4,0.21149774,0.006191874,0.23870723,0.0043356637,0.8040366,0.0021942381,0.25083166,0.019949684,0.10995951,0.00494943
375316653866487564,5809355348493362176,0.5162418,2207.1914114430842,2.864016823726752,4.8009933E-6,18.630465,0.0045409584,0.19656625,0.0011346118,0.031449735,0.0027753147,0.25128278,0.018389227,0.6890194,0.0026224381,0.03207514,0.0026105575,0.23584418,0.0147769395,0.044394996,0.0071066674,0.19656625,0.0011346118,"TWOGAUSSIANS_WITH_ELLIPSOIDAL_ON_ECLIPSE1",9,5.3476043,0.19656625,0.0011346118,0.17611852,0.015541763,0.34007272,0.019653844,0.6892394,0.002532398,0.17962079,0.014619122,0.32444054,0.011303661
375316653866487564,5809362697172684416,0.49391073,2251.3746295059204,3.402714484308937,1.5493955E-5,18.48068,0.011153708,0.2891637,0.0051647313,0.01566446,0.030119967,0.4926976,1.4909991,0.7737383,0.010382223,0.043277495,0.012279233,0.08009174,0.02847768,0.10584429,0.016569963,0.2891637,0.0051647313,"TWOGAUSSIANS_WITH_ELLIPSOIDAL_ON_ECLIPSE1",9,14.15408,0.2891637,0.0051647313,0.087720975,0.16867182,0.70438606,1.5032203,0.7780784,0.006660597,0.24235396,0.0687637,0.29035315,0.016579948
375316653866487564,5809367713694614656,0.4996862,2253.54018698233,3.6029241348007823,2.2052725E-5,16.950676,0.4438937,0.24282545,0.0048313257,0.17036633,0.040628787,0.45932057,0.3707412,0.7499162,0.011444918,0.19016801,0.07098603,0.46616933,0.42012927,null,null,null,null,"TWOGAUSSIANS",8,9.369912,0.23972546,0.0033710627,0.4,0.0,0.14524001,0.0045932108,0.75230616,0.009645337,0.4,0.0,0.13500063,0.0071430583
375316653866487564,5809368473910833536,0.42887923,2253.7150365152966,0.02390029336147653,2.494832E-5,18.064629,0.0053867134,0.16838625,0.012637808,0.056340527,0.022436732,0.060831286,0.035278566,0.9183981,0.0035642858,0.027576022,0.004029856,0.14419122,0.031129343,0.035910632,0.0060505276,0.16838625,0.012637808,"TWOGAUSSIANS_WITH_ELLIPSOIDAL_ON_ECLIPSE1",9,6.849379,0.9183981,0.0035364584,0.15442573,0.022567196,0.14419124,0.031147113,0.16838625,0.012637808,0.31550696,0.1256457,0.13264933,0.034365594
375316653866487564,5809368675767388160,0.56369793,2247.1850632455935,4.382243106505447,5.4130596E-6,19.684872,0.007817544,0.258608,0.0023568494,0.067636065,0.003015461,0.6040974,0.02233771,0.75565386,0.0017811721,0.06592151,0.0019188497,0.6470266,0.01623793,null,null,null,null,"TWOGAUSSIANS",8,1.662774,0.75565386,0.0017811721,0.36916044,0.010745558,0.64598584,0.016204754,0.258608,0.0023568494,0.37876198,0.01688658,0.60305667,0.022477036
375316653866487564,5809369504702941312,0.5211876,2236.201694357649,2.2429797987613926,9.774736E-6,14.553189,0.09028699,0.22611514,0.0022698569,0.28619704,0.021148894,1.144819,0.08775443,0.72391975,0.0029939527,0.15697551,0.011771564,0.6720586,0.12452585,null,null,null,null,"TWOGAUSSIANS",8,54.803143,0.72391975,0.0029939527,0.4,0.0,0.1671786,0.0076063275,0.22679514,0.0023814735,0.4,0.0,0.15571891,0.0062713977
375316653866487564,5809370118872183040,0.5065631,2227.090799356373,2.8661482171132007,9.312694E-6,19.235924,0.018943213,0.27342975,0.0031981298,0.082608424,0.0062596863,0.30245468,0.017554952,0.7695942,0.004653088,0.08898002,0.008060009,0.34917882,0.020456329,null,null,null,null,"TWOGAUSSIANS",8,3.2722144,0.7695942,0.004653088,0.4,0.0,0.3404392,0.017656315,0.27342975,0.0031981298,0.4,0.0,0.29371515,0.01275102
375316653866487564,5809370977869798272,0.5750821,2211.0813822805076,3.733680103035883,5.204905E-6,18.50264,0.01462283,0.2132073,0.001930687,0.059967805,0.0032894318,0.3242692,0.034667324,0.7153975,0.0051379823,0.053499963,0.00543748,0.28814098,0.03410396,0.08538941,0.018517407,0.2132073,0.001930687,"TWOGAUSSIANS_WITH_ELLIPSOIDAL_ON_ECLIPSE1",9,6.053899,0.2132073,0.001930687,0.33581972,0.01842082,0.49498957,0.0103266705,0.7153975,0.005031488,0.2995998,0.030449886,0.45882902,0.016995704
375316653866487564,5809371149668496512,0.5037873,2231.8957469015554,0.2600663920185055,7.073883E-5,18.194664,0.0018649218,0.6135305,0.010891394,0.022537004,0.00787557,0.025401453,0.012763434,0.77120537,0.012530667,0.023891829,0.004757146,0.26892886,0.09290666,null,null,null,null,"TWOGAUSSIANS",8,2.1169589,0.77120537,0.012530667,0.13379425,0.026640017,0.26892886,0.092906654,0.6135305,0.010891394,0.12620723,0.04410319,0.025401453,0.012763434
375316653866487564,5809372150389579264,0.601213,2230.5165500581948,3.088646724258558,5.0570097E-6,18.27007,0.012375908,0.16544488,0.001630938,0.051875163,0.0045593376,0.29601565,0.027884716,0.66435075,0.0029488052,0.054119997,0.0050055906,0.26702672,0.026822787,0.07842187,0.015870752,0.16544488,0.001630938,"TWOGAUSSIANS_WITH_ELLIPSOIDAL_ON_ECLIPSE1",9,3.3014147,0.16544488,0.001630938,0.2905009,0.02553229,0.4528499,0.020094898,0.66448075,0.002705604,0.30307198,0.028031308,0.4238544,0.009914934
375316653866487564,5809373043742656000,0.51908916,2234.395221140773,1.6691425874969836,5.6277245E-6,19.945927,0.0051843333,0.154775,0.0027577672,0.022596387,0.0056936787,0.42147005,0.23328835,0.65347475,0.0035530822,0.020503579,0.0018966157,0.7685624,0.05386725,null,null,null,null,"TWOGAUSSIANS",8,1.5679437,0.65347475,0.0035530822,0.11482004,0.010621048,0.7685624,0.05386725,0.154775,0.0027577672,0.12653977,0.031884603,0.42147005,0.23328835
375316653866487564,5809375552017350016,0.48208293,2250.7853701764548,1.1472224651419412,9.675381E-6,17.632784,0.007039872,0.35483444,0.0016931383,0.026552292,0.0013516868,0.36575675,0.023055395,0.690789,0.070973255,0.09006899,0.07655818,0.02401894,0.012719012,null,null,null,null,"TWOGAUSSIANS",8,30.60126,0.35483444,0.001692944,0.14869283,0.0075694458,0.3657796,0.023064388,0.690789,0.070973255,0.4,0.28959608,0.024018928,0.012719069
375316653866487564,5809377196978679680,0.5581392,2236.7168194541973,2.445070223336786,5.9639065E-6,18.813648,0.011171807,0.2634265,0.0014126167,0.050756343,0.008341533,0.12892124,0.030133152,0.7731429,0.008929263,0.039164502,0.011127251,0.15008552,0.031246005,0.112069,0.01950403,0.2634265,0.0014126167,"TWOGAUSSIANS_WITH_ELLIPSOIDAL_ON_ECLIPSE1",9,2.4420075,0.7731429,0.008929263,0.21932122,0.062312607,0.37338844,0.014818178,0.2634265,0.0014126167,0.2842355,0.04671259,0.3530585,0.016789274
375316653866487564,5809383038134054400,0.51077163,2248.9228994601413,3.5863972677768894,1.4001192E-5,18.028482,0.01732535,0.23276223,0.0043670526,0.10001663,0.009280314,0.2282398,0.017106248,0.7326494,0.0049125077,0.100365154,0.010156989,0.19306518,0.017073452,null,null,null,null,"TWOGAUSSIANS",8,7.6741166,0.23276223,0.0043670526,0.4,0.0,0.20961633,0.009974485,0.7326494,0.0049125077,0.4,0.0,0.17444183,0.00942773
375316653866487564,5809389983113531904,0.5227451,2229.761694001201,0.6034253022996757,2.7107558E-6,16.252577,0.0024992488,0.18664739,0.0013277723,0.018779185,0.0018394862,0.13490056,0.013726454,0.68601626,0.005729554,0.017355802,0.0030637868,0.39182994,0.05062195,null,null,null,null,"TWOGAUSSIANS",8,30.49783,0.68601626,0.005729554,0.09719249,0.017157206,0.39182994,0.05062195,0.18664739,0.0013277723,0.10516343,0.010301122,0.13490056,0.013726454
375316653866487564,5809390464143811072,0.5054855,2256.798166072276,0.5392056436770534,4.304239E-5,15.361902,6.9407123E-4,0.2382705,0.0033821487,0.010231711,0.0032186855,0.06870747,0.013211862,0.7240649,1.588391E-4,0.0046003726,2.0157646E-4,0.47732604,0.065851435,0.0027846023,0.0010389808,0.2382705,0.0033821487,"TWOGAUSSIANS_WITH_ELLIPSOIDAL_ON_ECLIPSE1",9,10.807162,0.7240649,1.588391E-4,0.025762087,0.0011288283,0.48285097,0.06602259,0.2382705,0.0033821487,0.057297584,0.018024638,0.07427667,0.013403579
375316653866487564,5809391421919049984,0.5758177,2221.0182349008614,1.71601848938932,3.884041E-6,18.476934,0.005351683,0.308458,0.001007615,0.046600234,0.0029461617,0.53542286,0.04690903,0.83617353,0.0066390825,0.022888483,0.006665181,0.0538592,0.0152893225,0.047088295,0.006891305,0.308458,0.001007615,"TWOGAUSSIANS_WITH_ELLIPSOIDAL_ON_ECLIPSE1",9,2.288051,0.308458,0.001007615,0.2609613,0.016498506,0.62959915,0.050019886,0.83617353,0.0066390825,0.1281755,0.037325013,0.14520827,0.010210578
375316653866487564,5809392491355769216,0.43133372,2242.459845874827,1.8734544785266594,2.1052778E-5,14.006718,0.012416258,0.79056764,0.0011455119,0.010859501,0.0022301036,0.51499164,0.018610964,null,null,null,null,null,null,0.029317953,0.023850074,0.79056764,0.0011455119,"ONEGAUSSIAN_WITH_ELLIPSOIDAL",6,617.21594,0.79056764,0.0011455119,0.060813207,0.012488579,0.57362753,0.03674548,null,null,null,null,null,null
