Gaia/vari_eclipsing_binary/VariEclipsingBinary_659104-659182.csv
# %ECSV 1.0
# ---
# delimiter: ','
# meta: !!omap
# - RELEASE: Gaia DR3
# - TABLE: vari_eclipsing_binary
# - DESCRIPTION: >
#     This table describes the properties of the eclipsing binaries resulting from the variability analysis. 
# - CITATION: >
#     How to cite and acknowledge Gaia: 
#     https://gea.esac.esa.int/archive/documentation/credits.html 
# - KNOWN_ISSUES: >
#     Known issues: 
#     https://www.cosmos.esa.int/web/gaia-users/known-issues 
# - DOCUMENTATION: >
#     Tutorials and documentation: 
#     https://www.cosmos.esa.int/web/gaia-users/archive 
# datatype:
# - 
#   name: solution_id
#   datatype: int64
#   description: Solution Identifier
#   meta:
#     ucd: meta.version
# - 
#   name: source_id
#   datatype: int64
#   description: Unique source identifier
#   meta:
#     ucd: meta.id;meta.main
# - 
#   name: global_ranking
#   datatype: float32
#   description: Number between 0 (worst) and 1 (best)
#   meta:
#     ucd: stat.param
# - 
#   name: reference_time
#   datatype: float64
#   unit: d
#   description: Reference time used for the geometric model fit
#   meta:
#     ucd: time.epoch
# - 
#   name: frequency
#   datatype: float64
#   unit: d**-1
#   description: Frequency of geometric model of the eclipsing binary light curve
#   meta:
#     ucd: src.orbital
# - 
#   name: frequency_error
#   datatype: float32
#   unit: d**-1
#   description: "Uncertainty of \\texttt{frequency}"
#   meta:
#     ucd: stat.error
# - 
#   name: geom_model_reference_level
#   datatype: float32
#   unit: mag
#   description: Magnitude reference level of geometric model
#   meta:
#     ucd: phot.mag;em.opt
# - 
#   name: geom_model_reference_level_error
#   datatype: float32
#   unit: mag
#   description: "Uncertainty of \\texttt{geomModelReferenceLevel}"
#   meta:
#     ucd: stat.error;phot.mag;em.opt
# - 
#   name: geom_model_gaussian1_phase
#   datatype: float32
#   description: Phase of the Gaussian 1 component
#   meta:
#     ucd: time.phase
# - 
#   name: geom_model_gaussian1_phase_error
#   datatype: float32
#   description: "Uncertainty of \\texttt{geomModelGaussian1Phase}"
#   meta:
#     ucd: stat.error;time.phase
# - 
#   name: geom_model_gaussian1_sigma
#   datatype: float32
#   description: "Standard deviation [phase] of Gaussian 1 component"
#   meta:
#     ucd: stat.stdev
# - 
#   name: geom_model_gaussian1_sigma_error
#   datatype: float32
#   description: "Uncertainty of \\texttt{geomModelGaussian1Sigma}"
#   meta:
#     ucd: stat.error
# - 
#   name: geom_model_gaussian1_depth
#   datatype: float32
#   unit: mag
#   description: Magnitude depth of Gaussian 1 component
#   meta:
#     ucd: src.var.amplitude
# - 
#   name: geom_model_gaussian1_depth_error
#   datatype: float32
#   unit: mag
#   description: "Uncertainty of \\texttt{geomModelGaussian1Depth}"
#   meta:
#     ucd: stat.error;src.var.amplitude
# - 
#   name: geom_model_gaussian2_phase
#   datatype: float32
#   description: Phase of Gaussian 2 component
#   meta:
#     ucd: time.phase
# - 
#   name: geom_model_gaussian2_phase_error
#   datatype: float32
#   description: "Uncertainty of \\texttt{geomModelGaussian2Phase}"
#   meta:
#     ucd: stat.error;time.phase
# - 
#   name: geom_model_gaussian2_sigma
#   datatype: float32
[...]
#   datatype: float32
#   description: "Secondary eclipse: uncertainty of \\texttt{derivedSecondaryEclDuration}"
#   meta:
#     ucd: stat.error;time.duration
# - 
#   name: derived_secondary_ecl_depth
#   datatype: float32
#   unit: mag
#   description: "Secondary eclipse: depth"
#   meta:
#     ucd: src.var.amplitude
# - 
#   name: derived_secondary_ecl_depth_error
#   datatype: float32
#   unit: mag
#   description: "Secondary eclipse: uncertainty of \\texttt{derivedSecondaryEclDepth}"
#   meta:
#     ucd: stat.error;src.var.amplitude
solution_id,source_id,global_ranking,reference_time,frequency,frequency_error,geom_model_reference_level,geom_model_reference_level_error,geom_model_gaussian1_phase,geom_model_gaussian1_phase_error,geom_model_gaussian1_sigma,geom_model_gaussian1_sigma_error,geom_model_gaussian1_depth,geom_model_gaussian1_depth_error,geom_model_gaussian2_phase,geom_model_gaussian2_phase_error,geom_model_gaussian2_sigma,geom_model_gaussian2_sigma_error,geom_model_gaussian2_depth,geom_model_gaussian2_depth_error,geom_model_cosine_half_period_amplitude,geom_model_cosine_half_period_amplitude_error,geom_model_cosine_half_period_phase,geom_model_cosine_half_period_phase_error,model_type,num_model_parameters,reduced_chi2,derived_primary_ecl_phase,derived_primary_ecl_phase_error,derived_primary_ecl_duration,derived_primary_ecl_duration_error,derived_primary_ecl_depth,derived_primary_ecl_depth_error,derived_secondary_ecl_phase,derived_secondary_ecl_phase_error,derived_secondary_ecl_duration,derived_secondary_ecl_duration_error,derived_secondary_ecl_depth,derived_secondary_ecl_depth_error
[from data line 36]
375316653866487564,5797588611262524416,0.5947506,2239.2798986472726,1.996107698853743,6.1838673E-6,17.136726,0.0054835784,0.25765914,0.0017926807,0.08699228,0.002670043,0.3034517,0.007995764,0.7673651,0.0026430273,0.095321774,0.005990589,0.16738823,0.0058873757,null,null,null,null,"TWOGAUSSIANS",8,3.7230372,0.25765914,0.0017926807,0.4,0.0,0.2946095,0.008053424,0.7673651,0.0026430273,0.4,0.0,0.1585457,0.006114045
375316653866487564,5797588954860090496,0.5783962,2230.9986604659553,2.471985877664321,6.085126E-6,17.81852,0.0051416024,0.1974644,0.0018357098,0.08600443,0.0048977593,0.104897425,0.0053459466,0.6950132,0.004106188,0.07626896,0.005586635,0.23227476,0.0046928218,null,null,null,null,"TWOGAUSSIANS",8,1.5327407,0.6950132,0.004106188,0.4,0.0,0.2297844,0.004073278,0.1974644,0.0018357098,0.4,0.0,0.102407046,0.0045576235
375316653866487564,5797590745863769856,0.53401005,2214.9517462546755,1.849066009266834,1.943232E-5,18.827553,0.0069717877,0.18895939,0.010096296,0.06285875,0.0087615065,0.14297055,0.013639954,0.6754284,0.0033127805,0.04216213,0.0020488985,0.81428593,0.03447264,null,null,null,null,"TWOGAUSSIANS",8,8.987059,0.6754284,0.0033127805,0.23610795,0.011473832,0.8142824,0.034472346,0.18895939,0.010096296,0.35200903,0.04906444,0.142967,0.013640793
375316653866487564,5797592287757271040,0.5536892,2223.0463019973517,3.0891157483914617,9.216316E-6,19.106045,0.009894764,0.20888448,0.003503687,0.05269846,0.0070578097,0.31189823,0.03246556,0.70894235,0.0017532774,0.043285254,0.003226311,0.3153485,0.01670737,0.09236889,0.011225099,0.20888448,0.003503687,"TWOGAUSSIANS_WITH_ELLIPSOIDAL_ON_ECLIPSE1",9,2.6430473,0.70894235,0.0015755502,0.24239743,0.018067341,0.50008214,0.011741064,0.20888448,0.003503687,0.2951114,0.039523736,0.4966319,0.031528484
375316653866487564,5797592601301595904,0.4945081,2190.102948671812,3.0835542726169702,1.9830122E-5,19.810373,0.0110474285,0.27832702,0.00734823,0.06685944,0.009030253,0.47939146,0.035001725,0.7743768,0.006091024,0.076866716,0.0062992508,0.44742063,0.059581347,null,null,null,null,"TWOGAUSSIANS",8,3.0221388,0.27832702,0.00734823,0.37441286,0.050569415,0.47741967,0.035387356,0.7743768,0.006091024,0.4,0.0,0.44544885,0.060284894
375316653866487564,5797593666450351488,0.50784075,2252.238231014208,3.823028517513487,1.1985544E-5,17.389944,0.002716888,0.27403122,0.0031948395,0.08398054,0.006254112,0.07532947,0.0033074066,0.7762796,0.0050323526,0.08284032,0.005678512,0.073898636,0.0038024394,null,null,null,null,"TWOGAUSSIANS",8,1.192851,0.27403122,0.0031948395,0.4,0.0,0.07372402,0.0033164788,0.7762796,0.0050323526,0.4,0.0,0.072293185,0.0035176605
375316653866487564,5797596479642977024,0.5741251,2184.959388875623,2.4641320792055295,1.18838425E-5,18.6591,0.009419582,0.29929686,0.0027555046,0.07321877,0.0042424966,0.49938363,0.028267318,0.7991008,0.004152265,0.07868286,0.005329193,0.4660308,0.023699237,null,null,null,null,"TWOGAUSSIANS",8,4.37601,0.29929686,0.0027555046,0.4,0.0074129663,0.49512756,0.029134078,0.7991008,0.004152265,0.4,0.0,0.46177474,0.02464069
375316653866487564,5797600881995508992,0.6591498,2185.9964526298163,2.42530788983526,6.1734722E-6,15.918481,0.0071722916,0.31805477,0.0010482728,0.054596987,0.0026712462,0.28319982,0.01611325,0.8193498,0.003453454,0.04977376,0.004900103,0.22853923,0.01918451,0.10858387,0.009605259,0.31805477,0.0010482728,"TWOGAUSSIANS_WITH_ELLIPSOIDAL_ON_ECLIPSE1",9,21.886103,0.31805477,0.0010482728,0.30574313,0.014958979,0.50035876,0.0051502273,0.8193498,0.0034060662,0.27873304,0.027440578,0.44568378,0.013400198
375316653866487564,5797601186927833728,0.47018594,2187.782857996889,2.605443752844904,2.8305729E-5,18.701904,0.019796066,0.21404414,0.008863775,0.09714369,0.014562587,0.1972942,0.019132612,0.7030874,0.006531641,0.10068415,0.014486528,0.18000445,0.019130522,null,null,null,null,"TWOGAUSSIANS",8,4.159097,0.21404414,0.008872183,0.4,0.0,0.18389736,0.01320063,0.7030874,0.006531641,0.4,0.0,0.16660659,0.012556779
375316653866487564,5797602561326254720,0.5675136,2224.743043285803,2.5497807192280617,1.3508065E-5,17.780678,0.00808947,0.25232264,0.0041473736,0.08761651,0.0057084304,0.30739352,0.013528595,0.76041,0.0018456028,0.08269257,0.0034390392,0.2838313,0.008553674,null,null,null,null,"TWOGAUSSIANS",8,6.6531997,0.25232264,0.0041473736,0.4,0.0,0.30048937,0.013739769,0.76041,0.0018456028,0.4,0.0,0.27692717,0.0070920973
375316653866487564,5797602599982745216,0.59731555,2226.7317186811465,2.698684843477071,1.2628641E-5,17.87387,0.033969026,0.22251906,0.0025843105,0.048169576,0.005168267,0.42682913,0.066929914,0.7207517,0.002229606,0.040513843,0.0065873223,0.4062279,0.061231818,0.13309419,0.03647513,0.22251906,0.0025843105,"TWOGAUSSIANS_WITH_ELLIPSOIDAL_ON_ECLIPSE1",9,18.481699,0.22251906,0.0025843105,0.2697496,0.028942294,0.6930169,0.013981575,0.7208917,0.0020188207,0.22687753,0.036889005,0.6723854,0.02456019
375316653866487564,5797604691630327808,0.496761,2222.024890180995,2.402928690578834,2.30001E-5,18.992998,0.006916234,0.08613783,0.011648935,0.065466896,0.011509831,0.07577752,0.008254222,0.5699816,0.002535513,0.07030452,0.0044713262,0.25843194,0.015344448,null,null,null,null,"TWOGAUSSIANS",8,2.0693345,0.5699816,0.002535513,0.3937053,0.02139114,0.25822654,0.01534471,0.08613783,0.011648935,0.3666146,0.064455055,0.07557212,0.008078325
375316653866487564,5797610640161963008,0.4406443,2247.6257212984287,3.405617040851453,3.508626E-5,17.80524,0.0041023083,0.85460544,0.018214628,0.04137125,0.013350055,0.047788605,0.028288495,0.5876195,0.0075626075,0.080605954,0.011165592,0.1624008,0.0290533,null,null,null,null,"TWOGAUSSIANS",8,8.074625,0.5876195,0.0075626075,0.4,0.0,0.16240078,0.029053316,0.85357547,0.019334855,0.23167899,0.07476031,0.04847627,0.028366627
375316653866487564,5797611907163635712,0.63668376,2247.013415924413,3.382965442286762,4.274115E-6,16.493631,0.007247986,0.2719274,0.00129858,0.047055855,0.0027625735,0.35545388,0.016901752,0.7785257,0.0016195638,0.049058888,0.003014419,0.46276796,0.036360476,0.11878167,0.011692092,0.7785257,0.0016195638,"TWOGAUSSIANS_WITH_ELLIPSOIDAL_ON_ECLIPSE2",9,21.521698,0.7785257,0.0016195638,0.27472976,0.016880747,0.70033014,0.038763057,0.2726174,0.0011390395,0.2635128,0.015470412,0.5926506,0.007759738
375316653866487564,5797615995972816640,0.47313493,2246.26954259578,1.0614119935313198,1.4046546E-5,18.555225,0.006522153,0.3803668,0.006502893,0.023758857,0.0044311993,0.27854803,0.05193715,0.8798827,0.0031107415,0.014733914,0.0020087135,0.30922213,0.022668218,null,null,null,null,"TWOGAUSSIANS",8,12.299629,0.8798827,0.0031107415,0.08250992,0.011248796,0.30922213,0.022668218,0.3803668,0.006502893,0.13304959,0.024814716,0.27854803,0.05193715
375316653866487564,5797616889326486272,0.41200742,2204.7896509357984,4.683407060622109,1.9275645E-5,19.14482,0.35685685,0.11533668,0.004869381,0.006103216,0.006459869,0.08925738,29.20862,0.50113183,0.02827331,0.23055106,0.19150992,0.18909279,0.33883697,null,null,null,null,"TWOGAUSSIANS",8,9.62219,0.50113183,0.02827331,0.4,0.0,0.15311666,0.030288447,0.11545668,0.004794997,0.03417801,0.036175266,0.105331525,29.209211
375316653866487564,5797620394019957248,0.5510855,2184.9675942605063,1.8124359637642744,9.30099E-6,16.221802,0.007186677,0.22251299,0.007528584,0.06007574,0.02370639,0.02594772,0.022032518,0.71548593,0.0023761191,0.047374092,0.007559002,0.16337058,0.015892752,0.032325093,0.009764428,0.22251299,0.007528584,"TWOGAUSSIANS_WITH_ELLIPSOIDAL_ON_ECLIPSE1",9,14.824797,0.71594596,0.0019525423,0.2652949,0.04233041,0.22789823,0.02122579,0.22251299,0.007528584,0.33642414,0.13275577,0.09059306,0.011987694
375316653866487564,5797621497839453824,0.57807875,2192.9742283858322,1.9974352787416458,4.873196E-6,17.691341,0.0035467418,0.21551064,0.0015682509,0.06532911,0.0016542678,0.24486883,0.00544257,0.719629,0.0019946282,0.08306953,0.003207138,0.12818931,0.004760217,null,null,null,null,"TWOGAUSSIANS",8,1.5686387,0.21551064,0.0015682509,0.36584306,0.009263899,0.24382232,0.005319887,0.719629,0.0019946282,0.4,0.0,0.1271428,0.0046402877
375316653866487564,5797625139964029824,0.5397503,2186.558932413385,3.143543922133652,1.3045903E-5,17.13742,0.0058988957,0.24158189,0.0081105195,0.02339569,0.0052032904,0.13818125,0.030767422,0.725439,0.0027937212,0.059113592,0.012914026,0.086051896,0.032937177,0.1119321,0.008481823,0.725439,0.0027937212,"TWOGAUSSIANS_WITH_ELLIPSOIDAL_ON_ECLIPSE2",9,20.808538,0.24053188,0.00760354,0.13101585,0.029138425,0.3598879,0.028693851,0.725439,0.0027937212,0.33103612,0.07231855,0.3099048,0.028727917
375316653866487564,5797629430631084928,0.5063119,2217.5723808882444,4.17877638618299,2.0724865E-5,18.449821,0.018244123,0.26907927,0.009778978,0.07540725,0.009949015,0.39828706,0.04978051,0.7716177,0.0050894637,0.06886077,0.0063804826,0.4425042,0.026069732,null,null,null,null,"TWOGAUSSIANS",8,19.580765,0.7716177,0.0050894637,0.3856203,0.031827666,0.44056517,0.025396304,0.26907927,0.009778978,0.4,0.017923636,0.39634803,0.049945023
375316653866487564,5797631599602688512,0.59469795,2193.3488099992924,0.16116232091308125,1.2069922E-5,17.147074,0.0012057446,0.64297605,0.019673895,0.019020854,0.0048641157,4.2142997,3.0125384,null,null,null,null,null,null,null,null,null,null,"ONEGAUSSIAN",5,3.7506618,0.64297605,0.019673895,0.106516786,0.027239049,4.2142997,0.0,null,null,null,null,null,null
375316653866487564,5797631835813634816,0.55293167,2211.5246891611127,2.8620820095967177,1.2330124E-5,18.995466,0.04451415,0.20062391,0.010086936,0.09574864,0.019987864,0.35416868,0.03695188,0.70900524,0.004606932,0.10762068,0.012800143,0.33207014,0.043098327,null,null,null,null,"TWOGAUSSIANS",8,2.2851155,0.20061392,0.010091444,0.4,0.0,0.32416326,0.017243724,0.70900524,0.004606932,0.4,0.0,0.30205113,0.016683202
375316653866487564,5797631840113139584,0.4393107,2235.9190196235036,0.16372904325132095,5.3903917E-5,18.706558,0.04475278,0.223467,0.011662142,0.0615577,0.047758855,0.25914028,0.045049593,0.7478109,0.010248775,0.10374142,0.024944508,0.24664567,0.04353834,null,null,null,null,"TWOGAUSSIANS",8,10.214743,0.223467,0.01162269,0.3447231,0.09053389,0.2559852,0.06547011,0.7478109,0.010241626,0.4,0.0,0.24348319,0.033193
375316653866487564,5797632286797530112,0.68579394,2199.916245801331,1.628615476035028,1.7714061E-6,15.540441,0.002077111,0.31591508,9.708265E-4,0.05205775,0.0010473685,0.2548247,0.0054163937,0.8218584,0.0013368354,0.048247177,0.007549983,0.017912459,0.006543407,0.06513986,0.0034548496,0.8218584,0.0013368354,"TWOGAUSSIANS_WITH_ELLIPSOIDAL_ON_ECLIPSE2",9,5.013024,0.31650507,8.0144E-4,0.2915234,0.0058652638,0.38493878,0.0031660467,0.8218584,0.0013368354,0.2701842,0.042279903,0.14819026,0.0023844123
375316653866487564,5797632630394783232,0.5557061,2225.2455031208974,3.0985977167148193,1.27698595E-5,17.159292,0.0032879624,0.2624135,0.002489684,0.027496457,0.0048477794,0.049524266,0.011019452,0.747734,0.018606082,0.050591372,0.019446889,0.060406253,0.013861177,0.09227,0.0050382493,0.2624135,0.002489684,"TWOGAUSSIANS_WITH_ELLIPSOIDAL_ON_ECLIPSE1",9,9.417294,0.753354,0.01219773,0.2833117,0.10890258,0.24397615,0.012043899,0.2624135,0.002489684,0.15398017,0.027147565,0.23406303,0.0093145715
375316653866487564,5797633180150661120,0.6860049,2243.1306938498283,1.0376224747705485,1.4679104E-5,16.796951,0.0029521221,0.24719095,0.0013364143,0.028264381,0.001407872,0.18658161,0.008016456,0.7473359,0.0017358856,0.025066705,0.0011942593,1.7592278,0.08167913,0.031376485,0.004427729,0.24719095,0.0013364143,"TWOGAUSSIANS_WITH_ELLIPSOIDAL_ON_ECLIPSE1",9,10.644228,0.7473359,0.0017358856,0.14037356,0.0066878516,1.8219806,0.0805984,0.24719095,0.0013364143,0.15828054,0.007884083,0.2493345,0.006876289
375316653866487564,5797634344074720896,0.5102185,2248.200076944428,2.895544132149984,1.1426914E-5,17.469187,0.20181653,0.27390364,0.007982326,0.13705873,0.051264953,0.20241584,0.18888155,0.7574713,0.005815102,0.1405078,0.044678807,0.232602,0.1920678,null,null,null,null,"TWOGAUSSIANS",8,6.505922,0.7574713,0.005815102,0.4,0.0,0.1562906,0.0067248163,0.27470365,0.0071035195,0.4,0.0,0.12643375,0.010502563
375316653866487564,5797636135080681216,0.44589695,2206.433011992384,2.7828512758442265,4.074347E-5,18.24986,0.37278742,0.29609004,0.016386062,0.08586296,0.07116519,0.1466698,0.28962833,0.79011375,0.0132014835,0.03438968,0.19017163,0.13353567,0.29231423,null,null,null,null,"TWOGAUSSIANS",8,18.643679,0.29609004,0.01557318,0.4,0.0,0.14663278,0.03143773,0.79011375,0.0132014835,0.1925822,0.21721445,0.13349865,0.05087439
375316653866487564,5797636886695263488,0.4985449,2178.394917797884,4.084916460448098,1.6743077E-5,19.315792,0.0098484745,0.2077627,0.005309759,0.071762376,0.009044108,0.20897229,0.010108873,0.69515294,0.0066709328,0.08404875,0.006561236,0.18091455,0.012717829,null,null,null,null,"TWOGAUSSIANS",8,1.2341735,0.2077627,0.005309759,0.4,0.0170943,0.20725375,0.009633389,0.69515294,0.0066709328,0.4,0.0,0.179196,0.011587507
375316653866487564,5797637062801120896,0.5766914,2184.9977181881627,2.6720394018478526,8.096936E-6,15.06214,0.009064947,0.26960778,0.002856019,0.09528614,0.0061424007,0.21837944,0.008639144,0.7667135,0.0032926286,0.09605812,0.005448634,0.23678575,0.009779139,null,null,null,null,"TWOGAUSSIANS",8,48.873955,0.7667135,0.0032926286,0.4,0.0,0.22240174,0.008429376,0.26960778,0.002856019,0.4,0.0,0.20399559,0.0068540666
375316653866487564,5797637883128332672,0.5489102,2196.3203341313006,4.0956639781719675,1.757029E-5,17.017614,0.030700512,0.24172802,0.0050616786,0.053706534,0.036853485,0.11419585,0.057392698,0.7319027,0.007821479,0.050768916,0.018776152,0.17161405,0.06062198,0.096057996,0.03675438,0.24172802,0.0050616786,"TWOGAUSSIANS_WITH_ELLIPSOIDAL_ON_ECLIPSE1",9,25.082106,0.73372275,0.006157233,0.28430593,0.10514646,0.363131,0.034384407,0.24172802,0.0050616786,0.3007566,0.19248779,0.3063087,0.027339268
375316653866487564,5797637951847345920,0.44948727,2203.7633210209697,1.0866849407236392,1.2698258E-5,18.846594,0.007588294,0.1778019,0.0035333056,0.029044444,0.003620413,0.3419516,0.038326632,0.760036,0.045226455,0.08414389,0.020203209,0.062965766,0.020524671,null,null,null,null,"TWOGAUSSIANS",8,10.49445,0.1778019,0.0035333056,0.16264889,0.020274313,0.34195158,0.03832682,0.760036,0.045226455,0.4,0.017789505,0.06296546,0.020524671
375316653866487564,5797639777220612480,0.5869873,2236.3946560684144,3.6356035210213213,5.064544E-6,18.453377,0.0136421,0.19047317,0.0028951142,0.0560764,0.005260525,0.361932,0.03401218,0.69064206,0.003100918,0.046132505,0.005119496,0.30443692,0.028471364,0.1354017,0.016776716,0.19047317,0.0028951142,"TWOGAUSSIANS_WITH_ELLIPSOIDAL_ON_ECLIPSE1",9,5.953012,0.19047317,0.0028951142,0.31402785,0.029458938,0.6327178,0.019055706,0.69064206,0.002735554,0.25834203,0.028669177,0.5752224,0.012837445
375316653866487564,5797643208888394368,0.59257686,2195.3352877764437,4.076597742506878,3.6851538E-6,18.278294,0.01363866,0.15783732,0.0018071572,0.067637324,0.0032312258,0.541091,0.022461256,0.6595929,0.0013203534,0.072226636,0.00291829,0.53215235,0.013006815,null,null,null,null,"TWOGAUSSIANS",8,4.5793915,0.15783732,0.0018071572,0.37876904,0.018094864,0.5393705,0.022460766,0.6595929,0.0013203534,0.4,0.005998253,0.53043187,0.012641883
375316653866487564,5797644450145104000,0.6117345,2217.4430574062285,3.6688917365075344,4.625084E-6,14.080029,0.050227523,0.29485714,0.0014925791,0.064239465,0.009731233,0.36815566,0.106913246,0.7904514,0.0028804534,0.06274804,0.010427963,0.46361816,0.114581235,0.06983011,0.06253798,0.29485714,0.0014925791,"TWOGAUSSIANS_WITH_ELLIPSOIDAL_ON_ECLIPSE1",9,223.78253,0.7908314,0.0026795282,0.35138902,0.05839659,0.6028654,0.10450259,0.29485714,0.0014925791,0.359741,0.054494902,0.5075007,0.02182424
