Gaia/vari_eclipsing_binary/VariEclipsingBinary_478766-478841.csv
# %ECSV 1.0
# ---
# delimiter: ','
# meta: !!omap
# - RELEASE: Gaia DR3
# - TABLE: vari_eclipsing_binary
# - DESCRIPTION: >
#     This table describes the properties of the eclipsing binaries resulting from the variability analysis. 
# - CITATION: >
#     How to cite and acknowledge Gaia: 
#     https://gea.esac.esa.int/archive/documentation/credits.html 
# - KNOWN_ISSUES: >
#     Known issues: 
#     https://www.cosmos.esa.int/web/gaia-users/known-issues 
# - DOCUMENTATION: >
#     Tutorials and documentation: 
#     https://www.cosmos.esa.int/web/gaia-users/archive 
# datatype:
# - 
#   name: solution_id
#   datatype: int64
#   description: Solution Identifier
#   meta:
#     ucd: meta.version
# - 
#   name: source_id
#   datatype: int64
#   description: Unique source identifier
#   meta:
#     ucd: meta.id;meta.main
# - 
#   name: global_ranking
#   datatype: float32
#   description: Number between 0 (worst) and 1 (best)
#   meta:
#     ucd: stat.param
# - 
#   name: reference_time
#   datatype: float64
#   unit: d
#   description: Reference time used for the geometric model fit
#   meta:
#     ucd: time.epoch
# - 
#   name: frequency
#   datatype: float64
#   unit: d**-1
#   description: Frequency of geometric model of the eclipsing binary light curve
#   meta:
#     ucd: src.orbital
# - 
#   name: frequency_error
#   datatype: float32
#   unit: d**-1
#   description: "Uncertainty of \\texttt{frequency}"
#   meta:
#     ucd: stat.error
# - 
#   name: geom_model_reference_level
#   datatype: float32
#   unit: mag
#   description: Magnitude reference level of geometric model
#   meta:
#     ucd: phot.mag;em.opt
# - 
#   name: geom_model_reference_level_error
#   datatype: float32
#   unit: mag
#   description: "Uncertainty of \\texttt{geomModelReferenceLevel}"
#   meta:
#     ucd: stat.error;phot.mag;em.opt
# - 
#   name: geom_model_gaussian1_phase
#   datatype: float32
#   description: Phase of the Gaussian 1 component
#   meta:
#     ucd: time.phase
# - 
#   name: geom_model_gaussian1_phase_error
#   datatype: float32
#   description: "Uncertainty of \\texttt{geomModelGaussian1Phase}"
#   meta:
#     ucd: stat.error;time.phase
# - 
#   name: geom_model_gaussian1_sigma
#   datatype: float32
#   description: "Standard deviation [phase] of Gaussian 1 component"
#   meta:
#     ucd: stat.stdev
# - 
#   name: geom_model_gaussian1_sigma_error
#   datatype: float32
#   description: "Uncertainty of \\texttt{geomModelGaussian1Sigma}"
#   meta:
#     ucd: stat.error
# - 
#   name: geom_model_gaussian1_depth
#   datatype: float32
#   unit: mag
#   description: Magnitude depth of Gaussian 1 component
#   meta:
#     ucd: src.var.amplitude
# - 
#   name: geom_model_gaussian1_depth_error
#   datatype: float32
#   unit: mag
#   description: "Uncertainty of \\texttt{geomModelGaussian1Depth}"
#   meta:
#     ucd: stat.error;src.var.amplitude
# - 
#   name: geom_model_gaussian2_phase
#   datatype: float32
#   description: Phase of Gaussian 2 component
#   meta:
#     ucd: time.phase
# - 
#   name: geom_model_gaussian2_phase_error
#   datatype: float32
#   description: "Uncertainty of \\texttt{geomModelGaussian2Phase}"
#   meta:
#     ucd: stat.error;time.phase
# - 
#   name: geom_model_gaussian2_sigma
#   datatype: float32
[...]
#   datatype: float32
#   description: "Secondary eclipse: uncertainty of \\texttt{derivedSecondaryEclDuration}"
#   meta:
#     ucd: stat.error;time.duration
# - 
#   name: derived_secondary_ecl_depth
#   datatype: float32
#   unit: mag
#   description: "Secondary eclipse: depth"
#   meta:
#     ucd: src.var.amplitude
# - 
#   name: derived_secondary_ecl_depth_error
#   datatype: float32
#   unit: mag
#   description: "Secondary eclipse: uncertainty of \\texttt{derivedSecondaryEclDepth}"
#   meta:
#     ucd: stat.error;src.var.amplitude
solution_id,source_id,global_ranking,reference_time,frequency,frequency_error,geom_model_reference_level,geom_model_reference_level_error,geom_model_gaussian1_phase,geom_model_gaussian1_phase_error,geom_model_gaussian1_sigma,geom_model_gaussian1_sigma_error,geom_model_gaussian1_depth,geom_model_gaussian1_depth_error,geom_model_gaussian2_phase,geom_model_gaussian2_phase_error,geom_model_gaussian2_sigma,geom_model_gaussian2_sigma_error,geom_model_gaussian2_depth,geom_model_gaussian2_depth_error,geom_model_cosine_half_period_amplitude,geom_model_cosine_half_period_amplitude_error,geom_model_cosine_half_period_phase,geom_model_cosine_half_period_phase_error,model_type,num_model_parameters,reduced_chi2,derived_primary_ecl_phase,derived_primary_ecl_phase_error,derived_primary_ecl_duration,derived_primary_ecl_duration_error,derived_primary_ecl_depth,derived_primary_ecl_depth_error,derived_secondary_ecl_phase,derived_secondary_ecl_phase_error,derived_secondary_ecl_duration,derived_secondary_ecl_duration_error,derived_secondary_ecl_depth,derived_secondary_ecl_depth_error
[from data line 262]
375316653866487564,4211530993572423808,0.5603092,2182.2510249489096,3.4386940010713314,8.527145E-6,18.728077,0.016517675,0.20785654,0.004135936,0.07382831,0.0076372237,0.3684493,0.017340582,0.7157615,0.0069464925,0.08974866,0.009726619,0.36081907,0.03744357,null,null,null,null,"TWOGAUSSIANS",8,2.169936,0.20785654,0.004135936,0.4,0.008801935,0.36260727,0.015905116,0.7157615,0.0069464925,0.4,0.0,0.3549769,0.03871273
375316653866487564,4211531891226860672,0.72397846,2213.7027656535083,1.5583486505498816,1.0377639E-6,15.1044035,0.0028685492,0.28516096,0.0037930526,0.049724165,0.0044077854,0.045785602,0.006848947,0.778508,3.5509138E-4,0.048173733,5.1535066E-4,0.5138475,0.005538629,0.03301977,0.0030043686,0.28516096,0.0037930526,"TWOGAUSSIANS_WITH_ELLIPSOIDAL_ON_ECLIPSE1",9,6.5297627,0.77865803,3.134469E-4,0.26977292,0.0028859638,0.5797738,0.0018658183,0.28516096,0.0037930526,0.27845532,0.024683598,0.1118246,0.0035164636
375316653866487564,4211532196163444480,0.5186866,2205.0460082344193,4.326758191938696,3.024668E-5,16.941366,0.008708611,0.20299001,0.024921104,0.0690696,0.015743526,0.09668124,0.016877683,0.7267335,0.012449197,0.07832374,0.015150411,0.121386155,0.011277354,null,null,null,null,"TWOGAUSSIANS",8,8.649427,0.7267335,0.012449197,0.4,0.012535656,0.12099152,0.011149543,0.20299001,0.024921104,0.38678977,0.077164076,0.0962866,0.016715003
375316653866487564,4211535739518269952,0.56956255,2215.106028301107,1.7134713275233595,1.0754797E-5,14.802412,0.010719698,0.29631287,0.0028999024,0.10777486,0.010945469,0.13412368,0.008215198,0.79861015,0.0058598425,0.10177775,0.013288328,0.121665835,0.008237868,null,null,null,null,"TWOGAUSSIANS",8,11.888011,0.29631287,0.0028999024,0.4,0.0,0.11966612,0.007401819,0.79861015,0.005859365,0.4,0.0,0.10721258,0.004386931
375316653866487564,4211536323633819008,0.59937245,2210.5881868363163,1.3431893906351535,1.9060319E-5,15.039264,0.46176565,0.20219228,0.003836073,0.14982688,0.10166843,0.16419083,0.43985647,0.6919535,0.007125049,0.14533162,0.05304447,0.19970876,0.36866087,null,null,null,null,"TWOGAUSSIANS",8,5.693183,0.6919535,0.007125049,0.4,0.0,0.120101176,0.00617555,0.20303227,0.002572578,0.4,0.0,0.08440603,0.0032678063
375316653866487564,4211536353688801664,0.55740255,2192.441426889812,2.674990973155279,1.19748065E-5,18.920055,0.029665947,0.3124621,0.003686623,0.080396496,0.00925045,0.43049204,0.033912532,0.8237155,0.0040444485,0.10488997,0.0107230935,0.35885352,0.026171865,null,null,null,null,"TWOGAUSSIANS",8,1.5030192,0.3124621,0.0036927406,0.4,0.0,0.41345662,0.036994964,0.8237155,0.0040444485,0.4,0.0,0.3418087,0.018284103
375316653866487564,4211544428228348800,0.54785275,2188.5727829988705,0.9889019322803926,1.9573881E-5,17.750822,0.0503328,0.2844338,0.04303373,0.09278878,0.053688027,0.27480122,0.047252093,0.7678316,0.005182332,0.0867782,0.0077311248,0.49766013,0.05260045,null,null,null,null,"TWOGAUSSIANS",8,13.2792845,0.7678316,0.005182332,0.4,0.0,0.4860745,0.037508067,0.2844338,0.04305279,0.4,0.0,0.26321527,0.03283148
375316653866487564,4211546047439753728,0.4510683,2173.587586124859,3.1717874925818137,3.3548487E-5,19.356544,0.040554293,0.25312874,0.015617916,0.051896647,0.02447506,0.3398644,0.14849544,0.71905595,0.016047565,0.06101886,0.02419791,0.34335265,0.23558703,0.135115,0.051138468,0.71905595,0.016047565,"TWOGAUSSIANS_WITH_ELLIPSOIDAL_ON_ECLIPSE2",9,33.07243,0.71905595,0.016047565,0.34170562,0.112843715,0.61350423,0.1969683,0.24827874,0.01592674,0.29062122,0.13706033,0.5995266,0.13787313
375316653866487564,4211549066793348992,0.5337757,2174.699375139313,3.0681399595257095,1.2300459E-5,18.448517,0.022728132,0.30143318,0.009597217,0.04095095,0.0077492814,0.5141665,0.47682172,0.7996197,0.01178765,0.04043817,0.011369547,0.36332822,0.086956955,0.13694878,0.044625994,0.30143318,0.009597217,"TWOGAUSSIANS_WITH_ELLIPSOIDAL_ON_ECLIPSE1",9,10.944195,0.30143318,0.009597217,0.22932532,0.043395977,0.7880639,0.483873,0.79977965,0.011065817,0.22645377,0.063669465,0.6371932,0.041994892
375316653866487564,4211550544262274432,0.55698574,2171.4153812055342,2.7574732531335875,1.1944114E-5,18.777946,0.023165705,0.27258676,0.0029444357,0.09936435,0.0066859983,0.3655615,0.023594901,0.7645782,0.004269707,0.10801858,0.009047362,0.33833274,0.025202587,null,null,null,null,"TWOGAUSSIANS",8,1.6660333,0.27259678,0.002945709,0.4,0.0,0.33067903,0.01163793,0.7645782,0.004269707,0.4,0.0,0.30343688,0.01963933
375316653866487564,4211551884293466624,0.5150259,2182.0503584147277,2.9234565673346085,1.1030327E-5,18.850182,0.009528828,0.81466466,0.0035480766,0.062156804,0.08599138,0.013506141,0.061126325,null,null,null,null,null,null,0.17944607,0.015571396,0.81466466,0.0035480766,"ONEGAUSSIAN_WITH_ELLIPSOIDAL",6,7.113621,0.81466466,0.0035480766,0.3480781,0.1099063,0.37239403,0.044442438,null,null,null,null,null,null
375316653866487564,4211552163472832384,0.6425821,2204.5602038932884,3.8691283941837282,6.466527E-6,18.812283,0.007163056,0.2290843,6.3333457E-4,0.03767065,0.0020253717,0.42404732,0.010780203,0.7364624,0.0030882815,0.051182143,0.0037774788,0.37560382,0.07063565,0.11504607,0.007990253,0.2290843,6.3333457E-4,"TWOGAUSSIANS_WITH_ELLIPSOIDAL_ON_ECLIPSE1",9,0.5343812,0.2290843,6.3333457E-4,0.21095563,0.01134208,0.6541368,0.011102731,0.7364624,0.0030882815,0.28662002,0.02115388,0.60519916,0.07198808
375316653866487564,4211555015324626432,0.5140284,2184.194890509376,1.879158212179219,7.139554E-5,18.536331,0.003892986,0.25105795,0.010960537,0.0640779,0.0072572306,0.13289373,0.0221545,0.77659065,0.008715007,0.06321957,0.008975614,0.11203744,0.019594232,null,null,null,null,"TWOGAUSSIANS",8,1.8140106,0.25105795,0.010960537,0.35883623,0.040640492,0.13284512,0.022161512,0.77659065,0.008715007,0.3540296,0.050263435,0.11198883,0.019614851
375316653866487564,4211558481363729792,0.62459743,2245.0772608484262,2.4199861305180126,1.0092732E-5,18.068287,0.014302499,0.15935653,0.0032565687,0.04775965,0.016733011,0.22782113,0.16127475,0.65578645,0.011953715,0.04528266,0.013614979,0.35678425,0.05227112,0.123492554,0.033030484,0.15935653,0.0032565687,"TWOGAUSSIANS_WITH_ELLIPSOIDAL_ON_ECLIPSE1",9,4.803748,0.65614647,0.011566003,0.2535829,0.07624388,0.60365725,0.0313102,0.15935653,0.0032565687,0.26745403,0.093704864,0.4748058,0.16374594
375316653866487564,4211559138493464960,0.47416466,2191.9640635529954,1.2701468789199712,6.5795707E-6,19.618576,0.013517883,0.37649736,2.1962589E-4,0.008821149,0.0011014171,0.6448955,0.11702233,0.5606817,0.020083195,0.106073976,0.028024692,0.20215538,0.097402655,null,null,null,null,"TWOGAUSSIANS",8,1.5055171,0.37658736,1.9001542E-4,0.049398437,0.0061679357,0.6896917,0.13620831,0.5606817,0.020083195,0.4,0.0,0.20214932,0.097412705
375316653866487564,4211559168558622208,0.5171324,2195.333301652469,2.6806526152426398,2.1856638E-5,19.545996,0.020994224,0.17764206,0.019863613,0.08668708,0.02019794,0.40641618,0.04782843,0.69462854,0.0033887725,0.07548445,0.006250749,0.46497986,0.02241608,null,null,null,null,"TWOGAUSSIANS",8,1.2751751,0.69462854,0.0033887725,0.4,0.0,0.45962247,0.022769213,0.17764206,0.019863613,0.4,0.0,0.4010587,0.0469972
375316653866487564,4211560817825940480,0.59725314,2195.840751030023,2.6087093036853886,2.8370316E-5,17.125013,0.009218511,0.28517163,0.01150942,0.100245915,0.014085362,0.136426,0.013095329,0.75836277,0.0070303287,0.09358043,0.009568291,0.23640361,0.010063291,null,null,null,null,"TWOGAUSSIANS",8,5.2278533,0.75836277,0.0070303287,0.4,0.0,0.22762324,0.0068332814,0.28517163,0.011508634,0.4,0.0,0.12764421,0.01387949
375316653866487564,4211562570172856192,0.4841264,2238.328137850182,2.81136606814969,6.753422E-5,19.86545,0.029932601,0.29589504,0.031321935,0.076926135,0.025758797,0.371606,0.04788498,0.8052019,0.017686645,0.063091055,0.04028011,0.44673148,13.584281,null,null,null,null,"TWOGAUSSIANS",8,3.3081667,0.8052019,0.017686645,0.3533099,0.21082886,0.44565672,13.585656,0.29589504,0.031321935,0.4,0.09218528,0.37053126,0.047681864
375316653866487564,4211562677553052288,0.6138732,2186.5233822372456,1.4110760210385591,1.23199725E-5,16.741964,0.014018736,0.25385028,0.008125743,0.0956731,0.016299518,0.14893074,0.012550268,0.7372859,0.0028478205,0.096799545,0.0077475146,0.19708139,0.013889209,null,null,null,null,"TWOGAUSSIANS",8,2.1245806,0.7372859,0.0028478205,0.4,0.0,0.1877391,0.008003593,0.25385028,0.00813315,0.4,0.0,0.13958885,0.0044408357
375316653866487564,4211564082001471744,0.5626417,2137.3291246623317,3.26843966575985,3.909551E-5,19.177286,0.020533908,0.28507206,0.02275666,0.063134,0.012424661,0.51771694,0.0928545,0.8010602,0.040561,0.04693003,0.022164738,0.3765003,0.16785485,null,null,null,null,"TWOGAUSSIANS",8,6.923857,0.28507206,0.02275666,0.3535504,0.053203747,0.51770186,0.09257099,0.8010602,0.040561,0.26280814,0.12412254,0.3764852,0.16752586
375316653866487564,4211564975356402432,0.50705713,2258.9017530671813,1.7404369803919286,4.2698313E-5,14.623711,0.04257567,0.19320147,0.011773619,0.08971473,0.022770623,0.43741396,0.040288616,0.7544949,0.0041575823,0.059288573,0.010338012,0.38727134,0.04615883,null,null,null,null,"TWOGAUSSIANS",8,1092.7596,0.19320147,0.011773619,0.4,0.0,0.4367377,0.04064607,0.7544949,0.004150584,0.33201602,0.057892866,0.38659787,0.045661587
375316653866487564,4211565078434151168,0.5680682,2230.0386381814956,3.2949607021338805,1.507491E-5,17.845224,0.0096130865,0.20931864,0.0097362315,0.080382876,0.00848273,0.35977164,0.014036374,0.7223927,0.006168058,0.085826606,0.0049108793,0.36247647,0.024611494,null,null,null,null,"TWOGAUSSIANS",8,7.6871157,0.7223927,0.006168058,0.4,0.0,0.35632065,0.024722366,0.20931864,0.0097362315,0.4,0.0,0.35361585,0.01117598
375316653866487564,4211565147153226496,0.56500214,2238.2356199862634,1.757188174166285,1.382959E-5,18.568771,0.0048676506,0.24851725,0.0024893729,0.04786252,0.003175972,0.20370063,0.008612908,0.7513988,0.0070754928,0.0759282,0.011186189,0.0930198,0.010622293,null,null,null,null,"TWOGAUSSIANS",8,1.026971,0.24851725,0.0024893729,0.2680301,0.017785443,0.20363733,0.008629146,0.7513988,0.0070754928,0.4,0.021228833,0.092956506,0.010647158
375316653866487564,4211567414896135296,0.45257488,2193.4353573573135,1.0327730082228321,4.0711297E-5,15.942567,0.014285727,0.27883238,0.049912203,0.089800306,0.051679686,0.07965346,0.018672675,0.7791914,0.00654966,0.08852772,0.014011083,0.14202169,0.01512482,null,null,null,null,"TWOGAUSSIANS",8,56.452766,0.7791914,0.00654966,0.4,0.0,0.13790415,0.01311683,0.27883238,0.049912203,0.4,0.1456437,0.07553593,0.015818266
375316653866487564,4211570167971632512,0.63251895,2211.442372756669,1.704701922723572,5.9572712E-6,16.492249,0.005245528,0.22763099,0.001405459,0.07971861,0.0028114824,0.22812599,0.0047142836,0.72970533,0.002024057,0.08056491,0.0032375383,0.27406073,0.0061153173,null,null,null,null,"TWOGAUSSIANS",8,4.24275,0.72970533,0.002024057,0.4,0.0,0.27035856,0.005757579,0.22763099,0.001405459,0.4,0.0,0.22442381,0.00374175
375316653866487564,4211571645440372736,0.6427521,2165.633875413804,1.5370582791904979,3.344661E-6,15.706197,0.0061703045,0.22940278,0.0045429957,0.09427244,0.0071407203,0.2517292,0.007547525,0.7285779,0.0015004602,0.08635205,0.0033666086,0.30753857,0.005487691,null,null,null,null,"TWOGAUSSIANS",8,5.050765,0.7285779,0.0015004602,0.4,0.0,0.2957076,0.0054416615,0.22940278,0.0045429957,0.4,0.0,0.23989786,0.01003838
375316653866487564,4211572504435305088,0.6216578,2185.197149727836,1.8950590405677779,8.817279E-6,14.723562,0.043220304,0.30527225,0.004155875,0.062048517,0.019369988,0.17201246,0.08330524,0.7976932,0.01000977,0.04148199,0.03394794,0.12413689,0.056415133,0.06698754,0.04633573,0.30527225,0.004155875,"TWOGAUSSIANS_WITH_ELLIPSOIDAL_ON_ECLIPSE1",9,31.382692,0.30527225,0.004155875,0.34747168,0.08863603,0.30593672,0.014450179,0.79866314,0.008928875,0.23229915,0.19010846,0.25779632,0.054245252
375316653866487564,4211572878088823680,0.56214404,2132.1464754522717,4.591364263690634,1.2731749E-5,19.294685,0.021652726,0.2857844,0.0032186017,0.068314426,0.0073525226,0.59463,0.042400923,0.7832279,0.009995877,0.062148225,0.009510869,0.7179611,0.05752208,null,null,null,null,"TWOGAUSSIANS",8,2.924192,0.7832279,0.009995877,0.34803006,0.053260867,0.7171825,0.05747614,0.2857844,0.0032186017,0.3825608,0.04117413,0.59385145,0.042806845
375316653866487564,4211575283268574976,0.5699929,2189.2457054607275,2.9864443144127573,1.1238385E-5,19.332615,0.032635905,0.17937747,0.015199591,0.07437568,0.025344439,0.54801637,0.14306,0.679593,0.00546109,0.07689936,0.008245151,0.57465094,0.075142466,null,null,null,null,"TWOGAUSSIANS",8,2.5819442,0.679593,0.00546109,0.4,0.0,0.56990874,0.07388157,0.17937747,0.015199591,0.4,0.0,0.5432742,0.15459059
375316653866487564,4211575459371439744,0.58483094,2174.581064257934,2.07621967414777,1.5020248E-5,16.218845,0.00893665,0.3129904,0.0037076445,0.09430447,0.004650556,0.37322915,0.021291193,0.81401414,0.0034600813,0.094872616,0.003878423,0.34617713,0.013522572,null,null,null,null,"TWOGAUSSIANS",8,23.189547,0.3129904,0.0037076445,0.4,0.0,0.3516802,0.02176193,0.81401414,0.0034600813,0.4,0.0,0.32462808,0.009687686
375316653866487564,4211576524523282688,0.50516105,2138.1634507077056,4.041351666838225,9.347035E-6,19.355986,0.059711274,0.19004618,0.004960962,0.07720469,0.011697742,0.61840445,0.05602996,0.69715303,0.015565145,0.06849334,0.021178832,0.54233277,0.13904926,null,null,null,null,"TWOGAUSSIANS",8,8.3428135,0.19004618,0.004960962,0.4,0.019370249,0.61568636,0.053446796,0.69715303,0.015565145,0.38356268,0.060749207,0.5396147,0.14291595
375316653866487564,4211578036351832320,0.50702584,2146.5689008768522,2.921341246449992,3.259861E-5,17.362358,0.03944519,0.30587125,0.012606358,0.10537803,0.047334068,0.12046963,0.02695743,0.82782143,0.0073473398,0.10249558,0.03474865,0.11604923,0.03150031,null,null,null,null,"TWOGAUSSIANS",8,3.8187943,0.30586126,0.012588489,0.4,0.0,0.11036027,0.008643228,0.82783145,0.0072590373,0.4,0.0,0.10594207,0.01633751
375316653866487564,4211578478726217856,0.5298572,2141.1626890877183,3.0512259534470805,1.8004623E-5,17.187645,0.040196113,0.32169536,0.0059982394,0.10190876,0.017536862,0.21827744,0.03866133,0.81510884,0.0045640366,0.10347365,0.022126276,0.22507901,0.030648433,null,null,null,null,"TWOGAUSSIANS",8,7.1172724,0.81510884,0.0045640366,0.4,0.0,0.20391506,0.015031762,0.32169536,0.005997787,0.4,0.0,0.19711478,0.020645656
375316653866487564,4211582468755182080,0.5019031,2157.297097620498,2.2819300804627245,3.4673936E-5,19.671494,0.006923436,0.22339256,0.011845104,0.033735465,0.0099769905,0.08343447,0.02448356,0.6192356,0.006234595,0.073312744,0.018787948,0.23475423,0.05324118,null,null,null,null,"TWOGAUSSIANS",8,0.6245985,0.6192356,0.006234595,0.4,0.003392508,0.23475419,0.05324564,0.22339256,0.0118448045,0.1889186,0.055871148,0.083434545,0.024485357
375316653866487564,4211582881065447424,0.4785573,2133.4245776830726,3.295641911474854,2.57927E-5,19.141718,0.014143403,0.18774554,0.016168159,0.078556515,0.02615749,0.13937311,0.028575437,0.69519144,0.008695371,0.0663916,0.009190101,0.27234653,0.040669028,null,null,null,null,"TWOGAUSSIANS",8,2.6633856,0.69519144,0.008695371,0.371793,0.05146457,0.27152956,0.04057469,0.18774554,0.016168159,0.4,0.048010387,0.13855614,0.029937368
375316653866487564,4211585286258997760,0.6882834,2172.1856131932273,1.8395664476083635,5.7572365E-6,13.074808,0.0064354604,0.283722,0.0018750653,0.046032608,0.008637773,0.3383131,0.0899051,0.78346354,9.087507E-4,0.0429603,0.0015221784,0.37264442,0.013709398,0.16217892,0.008430922,0.283722,0.0018750653,"TWOGAUSSIANS_WITH_ELLIPSOIDAL_ON_ECLIPSE1",9,53.613167,0.7834935,7.617876E-4,0.24057768,0.008524199,0.69700086,0.0062129498,0.283722,0.0018750653,0.2577826,0.048371527,0.6626703,0.097712524
