Gaia/vari_eclipsing_binary/VariEclipsingBinary_429763-432522.csv
# %ECSV 1.0
# ---
# delimiter: ','
# meta: !!omap
# - RELEASE: Gaia DR3
# - TABLE: vari_eclipsing_binary
# - DESCRIPTION: >
#     This table describes the properties of the eclipsing binaries resulting from the variability analysis. 
# - CITATION: >
#     How to cite and acknowledge Gaia: 
#     https://gea.esac.esa.int/archive/documentation/credits.html 
# - KNOWN_ISSUES: >
#     Known issues: 
#     https://www.cosmos.esa.int/web/gaia-users/known-issues 
# - DOCUMENTATION: >
#     Tutorials and documentation: 
#     https://www.cosmos.esa.int/web/gaia-users/archive 
# datatype:
# - 
#   name: solution_id
#   datatype: int64
#   description: Solution Identifier
#   meta:
#     ucd: meta.version
# - 
#   name: source_id
#   datatype: int64
#   description: Unique source identifier
#   meta:
#     ucd: meta.id;meta.main
# - 
#   name: global_ranking
#   datatype: float32
#   description: Number between 0 (worst) and 1 (best)
#   meta:
#     ucd: stat.param
# - 
#   name: reference_time
#   datatype: float64
#   unit: d
#   description: Reference time used for the geometric model fit
#   meta:
#     ucd: time.epoch
# - 
#   name: frequency
#   datatype: float64
#   unit: d**-1
#   description: Frequency of geometric model of the eclipsing binary light curve
#   meta:
#     ucd: src.orbital
# - 
#   name: frequency_error
#   datatype: float32
#   unit: d**-1
#   description: "Uncertainty of \\texttt{frequency}"
#   meta:
#     ucd: stat.error
# - 
#   name: geom_model_reference_level
#   datatype: float32
#   unit: mag
#   description: Magnitude reference level of geometric model
#   meta:
#     ucd: phot.mag;em.opt
# - 
#   name: geom_model_reference_level_error
#   datatype: float32
#   unit: mag
#   description: "Uncertainty of \\texttt{geomModelReferenceLevel}"
#   meta:
#     ucd: stat.error;phot.mag;em.opt
# - 
#   name: geom_model_gaussian1_phase
#   datatype: float32
#   description: Phase of the Gaussian 1 component
#   meta:
#     ucd: time.phase
# - 
#   name: geom_model_gaussian1_phase_error
#   datatype: float32
#   description: "Uncertainty of \\texttt{geomModelGaussian1Phase}"
#   meta:
#     ucd: stat.error;time.phase
# - 
#   name: geom_model_gaussian1_sigma
#   datatype: float32
#   description: "Standard deviation [phase] of Gaussian 1 component"
#   meta:
#     ucd: stat.stdev
# - 
#   name: geom_model_gaussian1_sigma_error
#   datatype: float32
#   description: "Uncertainty of \\texttt{geomModelGaussian1Sigma}"
#   meta:
#     ucd: stat.error
# - 
#   name: geom_model_gaussian1_depth
#   datatype: float32
#   unit: mag
#   description: Magnitude depth of Gaussian 1 component
#   meta:
#     ucd: src.var.amplitude
# - 
#   name: geom_model_gaussian1_depth_error
#   datatype: float32
#   unit: mag
#   description: "Uncertainty of \\texttt{geomModelGaussian1Depth}"
#   meta:
#     ucd: stat.error;src.var.amplitude
# - 
#   name: geom_model_gaussian2_phase
#   datatype: float32
#   description: Phase of Gaussian 2 component
#   meta:
#     ucd: time.phase
# - 
#   name: geom_model_gaussian2_phase_error
#   datatype: float32
#   description: "Uncertainty of \\texttt{geomModelGaussian2Phase}"
#   meta:
#     ucd: stat.error;time.phase
# - 
#   name: geom_model_gaussian2_sigma
#   datatype: float32
[...]
#   datatype: float32
#   description: "Secondary eclipse: uncertainty of \\texttt{derivedSecondaryEclDuration}"
#   meta:
#     ucd: stat.error;time.duration
# - 
#   name: derived_secondary_ecl_depth
#   datatype: float32
#   unit: mag
#   description: "Secondary eclipse: depth"
#   meta:
#     ucd: src.var.amplitude
# - 
#   name: derived_secondary_ecl_depth_error
#   datatype: float32
#   unit: mag
#   description: "Secondary eclipse: uncertainty of \\texttt{derivedSecondaryEclDepth}"
#   meta:
#     ucd: stat.error;src.var.amplitude
solution_id,source_id,global_ranking,reference_time,frequency,frequency_error,geom_model_reference_level,geom_model_reference_level_error,geom_model_gaussian1_phase,geom_model_gaussian1_phase_error,geom_model_gaussian1_sigma,geom_model_gaussian1_sigma_error,geom_model_gaussian1_depth,geom_model_gaussian1_depth_error,geom_model_gaussian2_phase,geom_model_gaussian2_phase_error,geom_model_gaussian2_sigma,geom_model_gaussian2_sigma_error,geom_model_gaussian2_depth,geom_model_gaussian2_depth_error,geom_model_cosine_half_period_amplitude,geom_model_cosine_half_period_amplitude_error,geom_model_cosine_half_period_phase,geom_model_cosine_half_period_phase_error,model_type,num_model_parameters,reduced_chi2,derived_primary_ecl_phase,derived_primary_ecl_phase_error,derived_primary_ecl_duration,derived_primary_ecl_duration_error,derived_primary_ecl_depth,derived_primary_ecl_depth_error,derived_secondary_ecl_phase,derived_secondary_ecl_phase_error,derived_secondary_ecl_duration,derived_secondary_ecl_duration_error,derived_secondary_ecl_depth,derived_secondary_ecl_depth_error
375316653866487564,3780288136421202432,0.6305658,2193.7889456098474,3.3375182184698637,6.198331E-6,11.894122,0.028675864,0.33675057,0.006825088,0.057447944,0.009270629,0.3884087,0.09213751,0.83971274,0.002020495,0.049136702,0.009726174,0.45703068,0.06286117,0.09955935,0.047210936,0.83971274,0.002020495,"TWOGAUSSIANS_WITH_ELLIPSOIDAL_ON_ECLIPSE2",9,239.28464,0.83971274,0.002020495,0.27516553,0.054466575,0.65612406,0.103043,0.33710057,0.005790463,0.3217085,0.051915523,0.5874412,0.04359144
375316653866487564,3780592911595895808,0.54662615,2112.716310633592,1.794166998440446,3.5884084E-5,15.964681,0.014277947,0.25600156,0.008476624,0.038001977,0.010855106,0.51669174,0.06382174,0.75964725,0.0037104874,0.03415546,0.0026863469,0.68201005,0.07085897,null,null,null,null,"TWOGAUSSIANS",8,418.85593,0.75964725,0.0037104874,0.19127056,0.015043543,0.68201005,0.07085897,0.25600156,0.008476624,0.21281107,0.06078859,0.51669174,0.06382174
375316653866487564,3780630466789925248,0.5326729,2205.1101854917056,3.49128038861838,9.800471E-6,15.666117,0.12763314,0.24076684,0.01025407,0.110927604,0.048825383,0.29917812,0.09648524,0.7539057,0.00533493,0.10086911,0.031986453,0.31579137,0.11182916,null,null,null,null,"TWOGAUSSIANS",8,71.88854,0.7539257,0.0053794957,0.4,0.0,0.28325152,0.020203147,0.24076684,0.010291832,0.4,0.0,0.26661542,0.041297507
375316653866487564,3780696403127454720,0.5246908,2268.814103185978,2.4499092076417797,1.7503097E-6,14.543473,0.0027920245,0.5892947,0.00135955,0.021320533,0.0068841157,0.79211277,2.853276,0.9279224,0.039256223,0.05432206,0.024702908,0.00999144,0.004687541,null,null,null,null,"TWOGAUSSIANS",8,26.63831,0.5892947,0.00135955,0.11939499,0.038551047,0.79211277,2.853276,0.9279224,0.039256223,0.30420354,0.13833629,0.00999144,0.004687541
375316653866487564,3780769997395513088,0.46075726,2242.20205605469,0.5036798228874181,2.5177253E-6,18.419592,0.0050489283,0.55019486,0.010562158,0.008119063,0.012003152,0.21162744,0.28421512,0.7774978,0.017423842,0.025818354,0.0099888425,0.15442736,0.318043,null,null,null,null,"TWOGAUSSIANS",8,3.4295175,0.55019486,0.010562158,0.045466755,0.06721765,0.21162744,0.28421512,0.7774978,0.017423842,0.14458278,0.055937517,0.15442736,0.318043
375316653866487564,3780859474446167808,0.5054421,2216.5645341983422,2.6207434646370222,1.7936969E-5,15.252128,0.0022245627,0.27223718,0.0038896026,0.03758473,0.026093002,0.07119718,519018.25,0.77270645,0.007589281,0.025547242,0.0062477486,0.035193313,0.009368282,0.01959098,0.0027770824,0.27223718,0.0038896026,"TWOGAUSSIANS_WITH_ELLIPSOIDAL_ON_ECLIPSE1",9,11.186625,0.27223718,0.0038896026,0.21047448,0.14612082,0.11037907,519018.25,0.77270645,0.007439868,0.14306456,0.034987394,0.074374855,0.009317855
375316653866487564,3780902763421508352,0.4856428,2247.978579816241,0.9251672748329002,3.9869745E-5,18.667313,0.063015975,0.28053528,0.039204042,0.108162254,0.04042641,0.23836212,0.09923519,0.7351551,0.029545302,0.12567838,0.048037738,0.18806337,0.05051185,null,null,null,null,"TWOGAUSSIANS",8,1.1820494,0.2808953,0.038638078,0.4,0.0,0.21118578,0.10512464,0.7351551,0.029545302,0.4,0.0,0.16063492,0.020226557
375316653866487564,3780916404237162112,0.6718389,2154.641443361137,3.5248834752941014,3.892466E-6,16.71724,0.013687597,0.3075579,0.0027158763,0.05054817,0.004282169,0.37037805,0.03259363,0.80720645,0.0022762557,0.051728405,0.005255231,0.40173975,0.039318588,0.13184652,0.017798973,0.3075579,0.0027158763,"TWOGAUSSIANS_WITH_ELLIPSOIDAL_ON_ECLIPSE1",9,9.759717,0.80724645,0.001963553,0.28967908,0.029429294,0.6654263,0.054649606,0.3075579,0.0027158763,0.28306973,0.023980146,0.63406575,0.017232712
375316653866487564,3780926407216653696,0.4914354,2205.6416045530545,1.0959552487754258,6.0280163E-5,14.150012,0.0043235146,0.8663435,0.09580073,0.06849801,0.066416994,0.0119607095,0.030401634,0.43097934,0.013780016,0.13648812,0.019446546,0.08212754,0.008237989,null,null,null,null,"TWOGAUSSIANS",8,11.076075,0.43097934,0.013777238,0.4,0.0,0.0803359,0.008617874,0.86133355,0.10063285,0.38358885,0.30847272,0.0107204,0.031893056
375316653866487564,3780986085786700416,0.48687974,2190.542285115571,0.7063633503634617,3.3522814E-5,17.592768,0.030809676,0.2571625,0.006842808,0.1841045,0.037756804,0.11808245,0.030889789,0.7730331,0.021804899,0.07361095,0.03804182,0.042376783,0.022039577,null,null,null,null,"TWOGAUSSIANS",8,1.4714925,0.2571625,0.006842808,0.4,0.0,0.096125275,0.006190405,0.7756731,0.02272689,0.4,0.18084414,0.02649286,0.024128782
375316653866487564,3781137582168488704,0.52323973,2161.189701742015,4.402360974822316,1.4653846E-5,15.654695,0.0016067511,0.4781736,0.009457686,0.09248156,0.010694352,0.064633824,0.0048942533,0.8042257,0.04190479,0.027446365,0.030856304,0.040489264,0.021079496,null,null,null,null,"TWOGAUSSIANS",8,2.9588723,0.4781736,0.009457686,0.4,0.0,0.064633764,0.0048941863,0.8042257,0.04190479,0.15369964,0.17279531,0.04061844,0.021107905
375316653866487564,3781203587225972992,0.5687872,2180.775331300564,2.5320004481475022,3.4364133E-5,13.574279,0.81967777,0.23015471,0.005569328,0.109026685,0.034746073,0.2771336,0.2539959,0.7309858,0.008624774,0.13653679,0.1841518,0.25195938,0.7756446,null,null,null,null,"TWOGAUSSIANS",8,102.670654,0.23014471,0.0058140517,0.4,0.0,0.21273276,0.011221118,0.7309858,0.0086295325,0.4,0.0,0.18695633,0.035089463
375316653866487564,3781364047203623168,0.48246932,2173.777768160037,3.998768997733787,5.1102816E-5,17.916256,0.008955384,0.33702663,0.024868783,0.043586846,0.020572,0.5626673,103.96156,0.7698842,0.005474616,0.07031068,0.006476364,0.43237203,0.08824791,null,null,null,null,"TWOGAUSSIANS",8,3.7883577,0.33702663,0.024868783,0.24408634,0.115203194,0.5626635,103.96157,0.7698842,0.005474616,0.39373982,0.033532806,0.4323682,0.08825028
375316653866487564,3781546359976067840,0.64633924,2233.133907000506,3.6138389970578464,6.2101267E-6,17.360369,0.022065606,0.2989719,0.003108973,0.05344523,0.010104462,0.3209264,0.05722766,0.8016032,0.0023166952,0.054508477,0.005913527,0.46509656,0.040851936,0.11689135,0.028697526,0.2989719,0.003108973,"TWOGAUSSIANS_WITH_ELLIPSOIDAL_ON_ECLIPSE1",9,9.012265,0.8016032,0.0022747847,0.3052475,0.033115752,0.69879806,0.03365524,0.2989719,0.003108973,0.29929328,0.056584988,0.5546918,0.056779392
375316653866487564,3781673491007894144,0.49771842,2191.445730283932,3.0171322432607983,1.7575083E-5,15.077142,0.0019035569,null,null,null,null,null,null,null,null,null,null,null,null,0.03894242,0.0025509316,0.24385646,0.0053653046,"ELLIPSOIDAL",4,37.046265,null,null,null,null,null,null,null,null,null,null,null,null
375316653866487564,3781718742783283328,0.5994699,2188.677650719176,3.9659558335967984,1.588588E-5,16.712894,0.015533341,0.30034238,0.013901224,0.07727439,0.011500694,0.40026772,0.022258136,0.787233,0.003771169,0.07455124,0.0050650532,0.316149,0.014272535,null,null,null,null,"TWOGAUSSIANS",8,13.0085945,0.30034238,0.013901224,0.4,0.0,0.39790916,0.019813607,0.787233,0.003771169,0.4,0.0,0.31379044,0.012352275
375316653866487564,3781733242592972928,0.5970766,2182.9386653077618,3.511095016020952,3.3068336E-5,19.462486,0.015083742,0.3102587,0.009588232,0.08375457,0.010357827,0.4949645,0.058812942,0.8142532,0.002076094,0.074056484,0.004650747,0.6865082,0.020933924,null,null,null,null,"TWOGAUSSIANS",8,1.8480864,0.8142532,0.002076094,0.4,0.0029076138,0.679502,0.021565845,0.3102587,0.009588232,0.4,0.0,0.48795828,0.06111194
375316653866487564,3781873185511830272,0.6325849,2193.3770004347784,1.9711132971086054,1.9369027E-5,16.574043,0.0024920246,0.49923885,0.004367385,0.041347634,0.0014532766,0.79146314,0.06523252,0.7868069,0.007175894,0.021423368,0.017035455,0.29344437,4.65014686E11,0.017685877,0.0040410766,0.7868069,0.007175894,"TWOGAUSSIANS_WITH_ELLIPSOIDAL_ON_ECLIPSE2",9,8.921814,0.49901885,0.0043814564,0.23154676,0.008138348,0.79340863,0.06553433,0.7868069,0.007175894,0.11997086,0.095398545,0.32881606,4.65014686E11
375316653866487564,3781919055762525824,0.60789293,2223.2259776491237,2.030651381714894,2.1239859E-5,17.954092,0.007232606,0.16989143,0.024188599,0.04243868,0.013685618,0.46639827,0.104642704,0.6761201,0.005720181,0.0663719,0.016018473,0.10338813,0.030270068,null,null,null,null,"TWOGAUSSIANS",8,3.2639902,0.16989143,0.024188599,0.2376566,0.07663946,0.46639118,0.1045646,0.6761201,0.005720181,0.37168267,0.05688378,0.10338104,0.030304132
375316653866487564,3781960356168522112,0.5193273,2199.047494131179,0.02939309942643287,4.880214E-5,19.418999,0.006515803,0.29716846,0.01640523,0.07435441,0.015128886,0.15508518,0.02973852,0.71475875,0.016755879,0.044256695,0.04946387,0.09133891,0.030197898,null,null,null,null,"TWOGAUSSIANS",8,0.8206663,0.29716846,0.01640523,0.4,0.054797016,0.15508373,0.029741673,0.71475875,0.016755879,0.24783748,0.21763586,0.0913375,0.030235726
375316653866487564,3782044747980840960,0.54485476,2226.0813687524183,0.4899934190897949,3.79474E-5,18.967167,0.014717545,0.42591703,0.007148466,0.10696064,0.015726091,0.22523895,0.017401008,0.85750073,0.012690332,0.074149266,0.037877034,0.05131413,0.019338455,null,null,null,null,"TWOGAUSSIANS",8,0.8115738,0.42591703,0.0071511073,0.4,0.0,0.22351296,0.01755358,0.85750073,0.012690332,0.4,0.092410214,0.04965397,0.0203485
375316653866487564,3782068284401596160,0.5560529,2226.0997032963182,3.0199010693050674,2.0555746E-5,17.51004,0.019204253,0.22568208,0.0033898628,0.07707664,0.0076189325,0.24148372,0.01802445,0.7415397,0.01831757,0.07942066,0.032431755,0.18064909,0.021358026,null,null,null,null,"TWOGAUSSIANS",8,7.53716,0.22568208,0.0033898628,0.4,0.0,0.23966397,0.014942049,0.7415397,0.01831757,0.4,0.11138299,0.17882934,0.021077087
375316653866487564,3782070449065121792,0.48993897,2185.9420000200203,3.3666724122563014,2.9178978E-5,18.54264,0.009986065,0.741156,0.0072159767,0.048186846,0.055218045,0.031876434,4546.4834,null,null,null,null,null,null,0.12760134,0.015366243,0.741156,0.0072159767,"ONEGAUSSIAN_WITH_ELLIPSOIDAL",6,17.684612,0.741156,0.0072159767,0.26984635,0.30922106,0.2870788,4546.4844,null,null,null,null,null,null
375316653866487564,3782212526583433856,0.5525911,2171.6267404033047,3.518583210295069,1.8559032E-5,14.89501,0.006026351,0.28390083,0.0038932646,0.058573034,0.0028034633,0.1333545,0.012143031,0.7455443,0.0049168034,0.028288133,0.011146936,0.09590483,0.061341003,0.059777193,0.0070384084,0.7455443,0.0049168034,"TWOGAUSSIANS_WITH_ELLIPSOIDAL_ON_ECLIPSE2",9,50.14367,0.27651083,0.0024990174,0.32800898,0.015699394,0.24738087,0.0051520006,0.7455443,0.0049168034,0.15841354,0.06242284,0.2154575,0.06328374
375316653866487564,3782495891345605248,0.48800907,2209.9285188013196,0.13183833366530917,1.660554E-4,16.066545,0.011887336,0.26931244,0.0085492795,0.049471863,0.0063178083,0.3535203,0.016691418,0.73702776,0.009094546,0.09939731,0.018281536,0.2537466,0.0352671,null,null,null,null,"TWOGAUSSIANS",8,3.7576365,0.26931244,0.00854969,0.27704242,0.035379726,0.35263702,0.015668593,0.73702776,0.009094546,0.4,0.0,0.2528592,0.036170222
375316653866487564,3782624534206195584,0.65201753,2125.056328034125,2.722912283895055,5.917612E-6,13.708327,0.006754925,0.3066606,0.0012055357,0.06814034,0.001722038,0.4901884,0.0076518343,0.8033632,0.004282113,0.07115111,0.0039536688,0.5148248,0.020681622,null,null,null,null,"TWOGAUSSIANS",8,264.38284,0.8033632,0.004282113,0.39844623,0.011201982,0.51335496,0.020848105,0.3066606,0.0012055357,0.38158593,0.009643412,0.48871857,0.007391197
375316653866487564,3782774754982218496,0.59767926,2211.285889666077,3.9617587629752427,4.6653713E-5,16.209747,0.021487055,0.27921888,0.021465898,0.07061116,0.02934003,0.3747768,0.023232311,0.79711443,0.0030556915,0.08352461,0.00760241,0.2920372,0.019462802,null,null,null,null,"TWOGAUSSIANS",8,27.870272,0.27921888,0.021465898,0.3954225,0.026058173,0.37247446,0.014069553,0.79711443,0.0030556915,0.4,0.0,0.28973484,0.010133155
375316653866487564,3783097702163594880,0.5366047,2058.516965878056,2.8102937492643187,1.4678678E-5,16.178146,0.023008421,0.2523158,0.04719021,0.06984923,0.0637331,0.12781641,2.1170423,0.74879557,0.0032100542,0.04707497,0.019115794,0.2632489,0.13536195,0.13010506,0.027245158,0.74879557,0.0032100542,"TWOGAUSSIANS_WITH_ELLIPSOIDAL_ON_ECLIPSE2",9,72.585686,0.74879557,0.0032100542,0.26361984,0.107048444,0.52328324,0.14709234,0.2507658,0.04232549,0.3911557,0.33978704,0.3877794,2.1274552
375316653866487564,3783099901186835328,0.6079705,2091.009998695746,0.4490956843791256,1.992881E-4,15.924331,0.0033276316,0.20126131,0.03455972,0.051348653,0.03266302,0.33350006,0.19131044,0.46568412,0.11660077,0.028190427,0.020432567,0.205817,0.18399802,null,null,null,null,"TWOGAUSSIANS",8,9.183595,0.20126131,0.03455972,0.28755245,0.18291292,0.33350006,0.19131044,0.46568412,0.11660077,0.15786639,0.11442238,0.20581758,0.1839986
375316653866487564,3783113232765324032,0.7597413,2082.619613786479,0.07659357051433442,1.7025814E-5,15.2481785,6.8520184E-4,0.35495344,2.3014984E-6,0.017019771,1.3510594E-5,0.8850082,5.5822264E-4,null,null,null,null,null,null,null,null,null,null,"ONEGAUSSIAN",5,3.3067164,0.35495344,2.3014984E-6,0.09531072,7.565932E-5,0.8850082,0.0,null,null,null,null,null,null
375316653866487564,3783131443426731136,0.5082705,2079.890101266559,0.32034141211108624,1.8980969E-5,14.853663,0.00672383,0.2487881,0.015250701,0.021438763,0.017936025,0.0355337,0.053053528,0.61039656,0.0019233017,0.013330053,0.0020943168,1.8598396,2.0690808,0.009427762,0.010336255,0.2487881,0.015250701,"TWOGAUSSIANS_WITH_ELLIPSOIDAL_ON_ECLIPSE1",9,221.80074,0.6104066,0.00191483,0.07464829,0.011728174,1.8676888,2.0662327,0.2487881,0.015250701,0.12005707,0.10044174,0.05438919,0.050530918
375316653866487564,3783191847847049856,0.47660926,2056.932555490314,2.180828345844548,1.7300354E-5,18.657877,0.025620576,0.2832747,0.0069689946,0.09438121,0.015411083,0.20076911,0.024124496,0.7459371,0.0066993735,0.09692791,0.013993967,0.28338727,0.023733506,null,null,null,null,"TWOGAUSSIANS",8,1.9082284,0.7459371,0.0066993735,0.4,0.0,0.27414852,0.021007026,0.28328472,0.006965858,0.4,0.0,0.19153239,0.021488689
375316653866487564,3783234350843217024,0.45960173,2083.005553107541,2.8654359810164256,1.09072134E-4,14.311276,0.0033249026,0.21970658,0.028544897,0.045072258,0.03677663,0.077645645,2.054364,0.7047656,0.011492058,0.076677024,0.011147182,0.079244874,0.00926904,null,null,null,null,"TWOGAUSSIANS",8,159.81467,0.7047656,0.011492058,0.4,0.010178341,0.07922507,0.009277188,0.21970658,0.028544897,0.25240466,0.20594911,0.07762583,2.0543885
375316653866487564,3783369895716006016,0.49847567,2093.997769365474,4.144407376226906,1.5494641E-5,16.152296,0.0045749443,null,null,null,null,null,null,null,null,null,null,null,null,0.06886971,0.006630239,0.25977263,0.005454526,"ELLIPSOIDAL",4,42.649178,null,null,null,null,null,null,null,null,null,null,null,null
375316653866487564,3783374263697746432,0.44780773,2070.5683892054253,3.6556549979564936,9.195224E-5,16.58323,0.0046882224,null,null,null,null,null,null,null,null,null,null,null,null,0.05149454,0.005699584,0.75845975,0.011631638,"ELLIPSOIDAL",4,46.47287,null,null,null,null,null,null,null,null,null,null,null,null
375316653866487564,3783392989755045760,0.61219865,2102.5777736067053,1.664398233002889,7.770426E-6,9.652152,0.032071784,0.25911063,0.00211418,0.105645634,0.008816881,0.31192347,0.029341983,0.7630261,0.00618173,0.12173947,0.016229102,0.25244004,0.029146664,null,null,null,null,"TWOGAUSSIANS",8,59.53537,0.25909063,0.0021120468,0.4,0.0,0.26454237,0.009494651,0.7630261,0.0061808387,0.4,0.0,0.20495696,0.009257038
375316653866487564,3783402369963611648,0.4775725,2097.1046243918145,3.362531455680607,2.3605819E-5,19.12308,0.0063852514,0.30724058,0.041351512,0.049333222,0.019315457,0.23004429,0.13574366,0.8070792,0.013262931,0.052384786,0.012422669,0.28312907,0.3101043,null,null,null,null,"TWOGAUSSIANS",8,1.2730823,0.8070792,0.013262931,0.2933548,0.06956695,0.28312618,0.31010723,0.30724058,0.041351512,0.27626604,0.10816656,0.23004141,0.13574316
