Gaia/vari_eclipsing_binary/VariEclipsingBinary_299573-302248.csv
# %ECSV 1.0
# ---
# delimiter: ','
# meta: !!omap
# - RELEASE: Gaia DR3
# - TABLE: vari_eclipsing_binary
# - DESCRIPTION: >
#     This table describes the properties of the eclipsing binaries resulting from the variability analysis. 
# - CITATION: >
#     How to cite and acknowledge Gaia: 
#     https://gea.esac.esa.int/archive/documentation/credits.html 
# - KNOWN_ISSUES: >
#     Known issues: 
#     https://www.cosmos.esa.int/web/gaia-users/known-issues 
# - DOCUMENTATION: >
#     Tutorials and documentation: 
#     https://www.cosmos.esa.int/web/gaia-users/archive 
# datatype:
# - 
#   name: solution_id
#   datatype: int64
#   description: Solution Identifier
#   meta:
#     ucd: meta.version
# - 
#   name: source_id
#   datatype: int64
#   description: Unique source identifier
#   meta:
#     ucd: meta.id;meta.main
# - 
#   name: global_ranking
#   datatype: float32
#   description: Number between 0 (worst) and 1 (best)
#   meta:
#     ucd: stat.param
# - 
#   name: reference_time
#   datatype: float64
#   unit: d
#   description: Reference time used for the geometric model fit
#   meta:
#     ucd: time.epoch
# - 
#   name: frequency
#   datatype: float64
#   unit: d**-1
#   description: Frequency of geometric model of the eclipsing binary light curve
#   meta:
#     ucd: src.orbital
# - 
#   name: frequency_error
#   datatype: float32
#   unit: d**-1
#   description: "Uncertainty of \\texttt{frequency}"
#   meta:
#     ucd: stat.error
# - 
#   name: geom_model_reference_level
#   datatype: float32
#   unit: mag
#   description: Magnitude reference level of geometric model
#   meta:
#     ucd: phot.mag;em.opt
# - 
#   name: geom_model_reference_level_error
#   datatype: float32
#   unit: mag
#   description: "Uncertainty of \\texttt{geomModelReferenceLevel}"
#   meta:
#     ucd: stat.error;phot.mag;em.opt
# - 
#   name: geom_model_gaussian1_phase
#   datatype: float32
#   description: Phase of the Gaussian 1 component
#   meta:
#     ucd: time.phase
# - 
#   name: geom_model_gaussian1_phase_error
#   datatype: float32
#   description: "Uncertainty of \\texttt{geomModelGaussian1Phase}"
#   meta:
#     ucd: stat.error;time.phase
# - 
#   name: geom_model_gaussian1_sigma
#   datatype: float32
#   description: "Standard deviation [phase] of Gaussian 1 component"
#   meta:
#     ucd: stat.stdev
# - 
#   name: geom_model_gaussian1_sigma_error
#   datatype: float32
#   description: "Uncertainty of \\texttt{geomModelGaussian1Sigma}"
#   meta:
#     ucd: stat.error
# - 
#   name: geom_model_gaussian1_depth
#   datatype: float32
#   unit: mag
#   description: Magnitude depth of Gaussian 1 component
#   meta:
#     ucd: src.var.amplitude
# - 
#   name: geom_model_gaussian1_depth_error
#   datatype: float32
#   unit: mag
#   description: "Uncertainty of \\texttt{geomModelGaussian1Depth}"
#   meta:
#     ucd: stat.error;src.var.amplitude
# - 
#   name: geom_model_gaussian2_phase
#   datatype: float32
#   description: Phase of Gaussian 2 component
#   meta:
#     ucd: time.phase
# - 
#   name: geom_model_gaussian2_phase_error
#   datatype: float32
#   description: "Uncertainty of \\texttt{geomModelGaussian2Phase}"
#   meta:
#     ucd: stat.error;time.phase
# - 
#   name: geom_model_gaussian2_sigma
#   datatype: float32
[...]
#   datatype: float32
#   description: "Secondary eclipse: uncertainty of \\texttt{derivedSecondaryEclDuration}"
#   meta:
#     ucd: stat.error;time.duration
# - 
#   name: derived_secondary_ecl_depth
#   datatype: float32
#   unit: mag
#   description: "Secondary eclipse: depth"
#   meta:
#     ucd: src.var.amplitude
# - 
#   name: derived_secondary_ecl_depth_error
#   datatype: float32
#   unit: mag
#   description: "Secondary eclipse: uncertainty of \\texttt{derivedSecondaryEclDepth}"
#   meta:
#     ucd: stat.error;src.var.amplitude
solution_id,source_id,global_ranking,reference_time,frequency,frequency_error,geom_model_reference_level,geom_model_reference_level_error,geom_model_gaussian1_phase,geom_model_gaussian1_phase_error,geom_model_gaussian1_sigma,geom_model_gaussian1_sigma_error,geom_model_gaussian1_depth,geom_model_gaussian1_depth_error,geom_model_gaussian2_phase,geom_model_gaussian2_phase_error,geom_model_gaussian2_sigma,geom_model_gaussian2_sigma_error,geom_model_gaussian2_depth,geom_model_gaussian2_depth_error,geom_model_cosine_half_period_amplitude,geom_model_cosine_half_period_amplitude_error,geom_model_cosine_half_period_phase,geom_model_cosine_half_period_phase_error,model_type,num_model_parameters,reduced_chi2,derived_primary_ecl_phase,derived_primary_ecl_phase_error,derived_primary_ecl_duration,derived_primary_ecl_duration_error,derived_primary_ecl_depth,derived_primary_ecl_depth_error,derived_secondary_ecl_phase,derived_secondary_ecl_phase_error,derived_secondary_ecl_duration,derived_secondary_ecl_duration_error,derived_secondary_ecl_depth,derived_secondary_ecl_depth_error
375316653866487564,2635134136004387072,0.5261891,2185.6175701969782,2.1878908918410658,4.673737E-5,18.161781,0.004237281,0.4785933,0.008032649,0.04389345,0.0119336415,0.17119864,0.47766122,0.8440777,0.0027475248,0.01920051,0.00203841,0.6107502,0.38221127,null,null,null,null,"TWOGAUSSIANS",8,4.5901837,0.8440777,0.0027475248,0.10752285,0.011415095,0.6107502,0.38221127,0.4785933,0.008032649,0.24580331,0.06682839,0.17119864,0.47766122
375316653866487564,2635241132229389952,0.6602266,2224.0351798646243,3.095137082772801,3.272976E-6,12.890369,0.014758899,0.3143579,0.0037081952,0.05085733,0.00336673,0.64719486,0.03970783,0.8232925,0.0016514603,0.051078465,0.004544948,0.3759733,0.025971022,0.10214327,0.017347788,0.8232925,0.0016514603,"TWOGAUSSIANS_WITH_ELLIPSOIDAL_ON_ECLIPSE2",9,104.433136,0.31489792,0.0035056653,0.28480107,0.018853687,0.8508726,0.028271157,0.8232925,0.0016514603,0.2860394,0.02545171,0.5802553,0.016529864
375316653866487564,2635248755796107136,0.59432507,2100.7431124566733,4.003166483727491,4.2086736E-5,16.935163,0.019502804,0.36874428,0.008228394,0.09136535,0.009866947,0.32463664,0.027234232,0.86003685,0.0045843944,0.10054123,0.011423879,0.22825733,0.022189766,null,null,null,null,"TWOGAUSSIANS",8,7.534887,0.36874428,0.008228394,0.4,0.0,0.30863783,0.019061398,0.86003685,0.0045843944,0.4,0.0,0.21225663,0.020261649
375316653866487564,2635254154570246144,0.65378267,2171.2766380788917,0.48370095038161137,3.1088934E-5,15.027424,0.002867178,0.20829263,1.0890801E-4,0.015125982,1.7211282E-4,0.46270913,0.0031546913,0.8022912,0.024250617,0.0838769,0.02979451,0.023290738,0.013510322,null,null,null,null,"TWOGAUSSIANS",8,22.709759,0.20829263,1.0890801E-4,0.0847055,9.6383184E-4,0.4627093,0.0031554333,0.8022912,0.024250617,0.4,0.014451404,0.023290737,0.013510708
375316653866487564,2635267245630564992,0.56190664,2176.9231300364313,3.6681948218797613,2.4271363E-5,18.0101,0.023066297,0.35229784,0.0077634663,0.0698414,0.019038152,0.5602526,0.2865346,0.8500796,0.003004874,0.06590576,0.00515555,0.47240898,0.023136448,null,null,null,null,"TWOGAUSSIANS",8,12.366029,0.35229784,0.0077634663,0.39111182,0.07406102,0.55915344,0.28854302,0.8500796,0.003004874,0.36907226,0.02887108,0.4713098,0.02155599
375316653866487564,2635430316948933120,0.54514915,2207.317958142182,1.5646425645880737,2.2126847E-5,13.162611,0.00537932,0.22536089,0.0042098225,0.03449544,0.0033517438,0.23371886,0.0069786008,0.7280545,0.006945106,0.027491812,0.004872759,0.2074663,0.2666173,null,null,null,null,"TWOGAUSSIANS",8,272.76874,0.22536089,0.0042098225,0.19317447,0.018769765,0.23371886,0.0069786008,0.7280545,0.006945106,0.15395415,0.02728745,0.2074663,0.2666173
375316653866487564,2635602390518738688,0.55495185,2217.2024023699255,3.5988075664208514,3.209703E-5,17.812675,0.019672602,0.2363076,0.004453256,0.09695528,0.007709682,0.31130993,0.019494997,0.74232346,0.0073599084,0.08891251,0.009304132,0.29594737,0.03888483,null,null,null,null,"TWOGAUSSIANS",8,9.864855,0.2363076,0.004453256,0.4,0.0,0.2963871,0.01415868,0.74232346,0.0073599084,0.4,0.0,0.28102556,0.038182635
375316653866487564,2635617268285482624,0.6467149,2210.071682953986,2.83667206307847,5.9673803E-6,15.50058,0.012230325,0.29914156,0.004380518,0.042080875,0.010439966,0.13726033,0.048628703,0.8420898,0.009488646,0.054167073,0.012812189,0.117865354,0.034819733,0.10690153,0.009513858,0.8420898,0.009488646,"TWOGAUSSIANS_WITH_ELLIPSOIDAL_ON_ECLIPSE2",9,14.460527,0.30671155,0.0026944736,0.23565291,0.058463812,0.3384652,0.04815916,0.8420898,0.009488646,0.3033356,0.07174826,0.33166486,0.02355014
375316653866487564,2635617779385962112,0.56920946,2177.0271982629934,3.969076306080052,9.214817E-6,18.53421,0.012709591,0.31604224,0.010834706,0.080343306,0.008007117,0.47884896,0.044013806,0.80887425,0.0019157326,0.07921414,0.0035156638,0.4877283,0.022486791,null,null,null,null,"TWOGAUSSIANS",8,3.9855149,0.80887425,0.0019157326,0.4,0.0,0.48154473,0.022501884,0.31604224,0.010834706,0.4,0.0,0.4726654,0.04372167
375316653866487564,2635706736748952960,0.6231691,2266.704291616255,1.3800274165464455,2.4283513E-4,15.919957,0.0020237847,0.6083535,8.419188E-6,0.044785284,1.6623615E-4,0.5577408,0.0015934386,null,null,null,null,null,null,null,null,null,null,"ONEGAUSSIAN",5,14.211432,0.6083535,8.419188E-6,0.2507976,9.3092246E-4,0.5577408,0.0,null,null,null,null,null,null
375316653866487564,2635789578077990016,0.5529522,2215.570636834703,3.8477640717170365,9.393111E-6,15.818481,0.019360708,0.2106504,0.0013712358,0.07291632,0.0033779761,0.39161387,0.022317303,0.70924485,0.004691835,0.08172416,0.008532733,0.44418257,0.050096653,null,null,null,null,"TWOGAUSSIANS",8,100.47622,0.70924485,0.004691835,0.4,0.0,0.4398249,0.05155235,0.2106504,0.0013712358,0.4,0.0034404122,0.38725623,0.02016644
375316653866487564,2636065418057474560,0.52730525,2169.7178345668594,3.2991191729465474,1.997059E-5,18.29145,0.04512666,0.23796168,0.0074286372,0.11179159,0.028992455,0.15790655,0.041340075,0.7216179,0.007387813,0.12467864,0.026931819,0.16101573,0.04335349,null,null,null,null,"TWOGAUSSIANS",8,1.8299769,0.7216179,0.007387813,0.4,0.0,0.13166969,0.008458806,0.23810168,0.0076633026,0.4,0.0,0.12866062,0.0072064325
375316653866487564,2636111391387744256,0.5470342,2207.050127654323,3.997998635305504,1.8975503E-5,17.73029,0.009932782,0.30752552,0.0046558143,0.061048977,0.028324077,0.015421862,0.026167333,null,null,null,null,null,null,0.12031691,0.015070987,0.30752552,0.0046558143,"ONEGAUSSIAN_WITH_ELLIPSOIDAL",6,9.165672,0.30752552,0.0046558143,0.34187427,0.11090428,0.25605217,0.01341176,null,null,null,null,null,null
375316653866487564,2636321088870898176,0.6879608,2212.457401742165,0.7991533060628002,4.393163E-6,13.074858,0.0089977635,0.20191684,8.076864E-4,0.068592824,0.005694951,0.12673236,0.018893508,0.7114264,0.035025053,0.043227546,0.04101892,0.038780108,0.95766675,0.06283657,0.011035973,0.20191684,8.076864E-4,"TWOGAUSSIANS_WITH_ELLIPSOIDAL_ON_ECLIPSE1",9,13.006127,0.20191684,8.076864E-4,0.3841198,0.031891722,0.25224382,0.0048457733,0.7114264,0.035025053,0.24207425,0.22970593,0.16384345,0.95945245
375316653866487564,2636484572505820160,0.5510914,2183.597239392015,1.441498664099122,8.311361E-5,17.780804,0.0081363665,0.23432076,0.013541073,0.04906564,0.033082187,0.027778633,0.0062222965,0.6504655,0.029476587,0.0491412,0.034800805,0.99720365,0.9587658,null,null,null,null,"TWOGAUSSIANS",8,4.4026923,0.6504655,0.029476587,0.2751907,0.15053347,0.99720365,0.958808,0.23432076,0.013541941,0.27476758,0.18526024,0.027778625,0.0062103625
375316653866487564,2636691933527016320,0.48398426,2198.2486278452207,1.1621392195512406,8.9976646E-5,16.036154,0.0140778115,0.26029962,0.019875718,0.09949712,0.029181035,0.035457786,0.012447321,0.7487164,0.009324578,0.09909125,0.07913476,0.028634213,0.0077766264,null,null,null,null,"TWOGAUSSIANS",8,2.5602171,0.26029962,0.019703344,0.4,0.0,0.033151478,0.003537801,0.7487164,0.009324578,0.4,0.0,0.026327979,0.00667732
375316653866487564,2636749146786839168,0.601773,2220.548229292802,1.7455807602507636,1.0794881E-5,14.68286,0.006371772,0.22367011,0.0036222262,0.050846923,0.003125584,0.31825593,0.012874436,0.72117,0.0030338,0.054034393,0.0043961103,0.27360195,0.020754578,null,null,null,null,"TWOGAUSSIANS",8,50.686676,0.22367011,0.0036222262,0.28474277,0.01750327,0.31824982,0.012873549,0.72117,0.0030338,0.3025926,0.024618218,0.27359584,0.020760698
375316653866487564,2636779795673451392,0.6555609,2178.167298710567,1.8142295154778163,4.8101797E-6,10.478974,0.010678362,0.28477743,0.0028810161,0.053391382,0.004330252,0.34787962,0.03134743,0.79151076,0.004751353,0.04291708,0.011794155,0.05485433,0.024379997,0.07846378,0.016758379,0.79151076,0.004751353,"TWOGAUSSIANS_WITH_ELLIPSOIDAL_ON_ECLIPSE2",9,78.76983,0.28539744,0.0023865928,0.29899174,0.02424941,0.504549,0.023494119,0.79151076,0.004751353,0.24033564,0.066047266,0.21177858,0.010655271
375316653866487564,2636845079176381696,0.5086978,2134.8777672324227,3.216051049376158,1.0144245E-4,15.862266,0.011592932,0.18681489,0.012014533,0.048604656,0.019320505,0.13739918,0.06503655,0.68897617,0.04363121,0.049665984,0.06133735,0.11335473,0.0205601,null,null,null,null,"TWOGAUSSIANS",8,22.611492,0.18681489,0.012010149,0.27218607,0.10819483,0.13739866,0.06605233,0.68897617,0.04363121,0.27812952,0.18143143,0.1133542,0.019026015
375316653866487564,2636891151290153344,0.4683576,2035.2413047988198,2.2154691035118446,2.0852813E-4,19.315384,0.006163281,0.29557842,0.008622914,0.031803712,0.006664292,0.3111921,0.080792986,0.84362346,0.010826806,0.03609724,0.033999395,0.13810514,0.06087389,null,null,null,null,"TWOGAUSSIANS",8,2.3151264,0.29557842,0.008622914,0.1781008,0.037320036,0.3111921,0.08079299,0.84362346,0.010826806,0.20214453,0.18990968,0.13810514,0.06087401
375316653866487564,2637083570120212096,0.555568,2097.4455289393622,2.1093170006978004,1.2376542E-5,12.26979,0.020339359,0.22121784,0.0031998819,0.13015962,0.020312425,0.10408131,0.019898739,0.7158854,0.004099189,0.10446171,0.010909065,0.15900974,0.019565381,null,null,null,null,"TWOGAUSSIANS",8,59.06572,0.7158854,0.004099189,0.4,0.0,0.13490668,0.0040757293,0.22122784,0.003194191,0.4,0.0,0.079850174,0.0021834595
375316653866487564,2637152633194495104,0.59398776,2084.3087509822744,3.3013393184261086,1.0138385E-5,15.520217,0.010203735,0.18557216,0.0013085526,0.09023939,0.004942695,0.24773386,0.009471931,0.6802862,0.0027569833,0.091017134,0.004372402,0.26339453,0.0119955605,null,null,null,null,"TWOGAUSSIANS",8,26.766146,0.6802862,0.0027569833,0.4,0.0,0.25290245,0.009625796,0.18557216,0.0013085526,0.4,0.0,0.23724182,0.007194206
375316653866487564,2637447302310594944,0.67648274,2099.321844172817,1.9587545969311897,1.7768158E-5,14.707766,0.0031024613,0.28710365,0.0066364775,0.046813283,0.015134269,0.03900355,0.03836991,0.78800064,0.0017217111,0.052092753,0.00605175,0.3592482,0.008167427,0.03363629,0.0045023467,0.78800064,0.0017217111,"TWOGAUSSIANS_WITH_ELLIPSOIDAL_ON_ECLIPSE2",9,16.399254,0.78800064,0.0017217111,0.2917194,0.0338898,0.42651716,0.005690727,0.28731367,0.0050654924,0.26215437,0.08475191,0.10627088,0.04236757
375316653866487564,2637470460774304128,0.59440833,2020.4261878359907,0.8830971531820122,3.0313176E-5,16.93749,0.0028960244,0.22757903,0.0064303656,0.04209076,0.00401682,0.1985389,0.036393907,0.555735,0.014513109,0.028647875,0.015805008,0.38729492,0.32426432,null,null,null,null,"TWOGAUSSIANS",8,6.185178,0.555735,0.014513109,0.1604281,0.08850804,0.38729492,0.32426432,0.22757903,0.0064303656,0.23570825,0.022494193,0.1985389,0.036393907
375316653866487564,2637774613178434944,0.60284126,2105.9910208475394,1.9651659868015137,8.265116E-6,15.209659,0.08107431,0.26775548,0.00323353,0.14085285,0.025104722,0.17314813,0.07876426,0.77530336,0.0028004975,0.14129175,0.02859418,0.17237826,0.07714428,null,null,null,null,"TWOGAUSSIANS",8,5.527333,0.2674155,0.002905705,0.4,0.0,0.10530222,0.002810665,0.7756434,0.0025740934,0.4,0.0,0.104509726,0.004149574
375316653866487564,2637776120711378816,0.5317135,2124.47243002207,0.35502455666252763,4.8627226E-5,19.661907,0.00995479,0.12603937,0.001509786,0.0248337,0.029078849,1.6404054,1.4520042,0.6076601,0.008888683,0.03411519,0.00752048,0.15113501,0.012211235,null,null,null,null,"TWOGAUSSIANS",8,1.5666637,0.12603937,0.001509786,0.13906872,0.16284154,1.6404054,1.4520043,0.6076601,0.008888683,0.19104508,0.04211469,0.15113501,0.012211227
375316653866487564,2637827114858691840,0.56785554,2090.570035468966,0.052465415486481794,1.1939992E-5,13.8056965,0.0028036807,0.7406793,0.015825847,0.048768107,0.0040892866,0.476709,0.10784929,null,null,null,null,null,null,null,null,null,null,"ONEGAUSSIAN",5,219.50684,0.7406793,0.015825847,0.2731014,0.022900006,0.476709,0.0,null,null,null,null,null,null
375316653866487564,2638127590770687872,0.6210406,2065.119770167383,4.738719352020928,6.3286325E-6,18.048037,0.0192673,0.18630295,0.0025391735,0.057097424,0.0066268155,0.3982075,0.047363997,0.69046825,0.003501985,0.040946715,0.015055649,0.2575227,0.16738446,0.11380827,0.030505091,0.18630295,0.0025391735,"TWOGAUSSIANS_WITH_ELLIPSOIDAL_ON_ECLIPSE1",9,5.8959103,0.18630295,0.0025391735,0.31974557,0.03711017,0.6257968,0.021142924,0.69046825,0.003501985,0.22930162,0.084311634,0.48495612,0.1926237
375316653866487564,2638166309904817408,0.46484485,2079.155764792853,0.19987686645014277,1.0431236E-5,15.878295,0.011952495,0.27146277,0.029335842,0.029889379,0.025690116,0.018915115,1.4100606,0.8094448,7.4673764E-5,0.0047003487,1.378992E-4,0.2621978,0.007446529,0.027526997,0.014886621,0.27146277,0.029335842,"TWOGAUSSIANS_WITH_ELLIPSOIDAL_ON_ECLIPSE1",9,11.523314,0.8094448,7.4673764E-5,0.026321951,7.722355E-4,0.31417537,0.02670941,0.27146277,0.029335842,0.16738053,0.14386465,0.0739691,1.4069399
375316653866487564,2638637592367353216,0.63845545,2041.2564095779903,3.3100170258525514,7.5824073E-6,16.193783,0.010861384,0.2615974,0.0048665246,0.037304457,0.004159112,0.35775286,0.024284689,0.7414437,0.0018370376,0.049260326,0.008119719,0.26480913,0.12719534,0.10980345,0.013122758,0.7414437,0.0018370376,"TWOGAUSSIANS_WITH_ELLIPSOIDAL_ON_ECLIPSE2",9,27.478546,0.26033738,0.0047233845,0.20890495,0.023291029,0.57407475,0.012051508,0.7414437,0.0018370376,0.27585784,0.045470428,0.48441535,0.13744019
375316653866487564,2638676968627560192,0.57566655,2037.6070827894252,2.190769947705225,3.985612E-6,16.37872,0.0053434297,0.17633739,0.013145449,0.062795855,0.009197692,0.109203555,0.008756368,0.6717343,0.0030755785,0.051720988,0.0032815798,0.35832074,0.008881047,null,null,null,null,"TWOGAUSSIANS",8,15.41385,0.6717343,0.0030755785,0.28963754,0.018376848,0.35829842,0.008870027,0.17633739,0.013145449,0.35165676,0.051507074,0.10918124,0.008755942
375316653866487564,2638822099866675712,0.55789167,2121.4132582789807,4.597265741365403,1.8241444E-5,18.988714,0.021576708,0.21523717,0.00874078,0.08232514,0.01260209,0.29978186,0.036501076,0.7031807,0.0051116296,0.08386894,0.010490749,0.27987453,0.02034136,null,null,null,null,"TWOGAUSSIANS",8,1.9433763,0.21523717,0.00874078,0.4,0.0,0.29475442,0.035989173,0.7031807,0.0051116296,0.4,0.0,0.27484706,0.014658837
375316653866487564,2638878454133436928,0.57756287,2096.0393508135257,1.4700636405004608,7.1740533E-6,11.942787,0.23642205,0.23182152,0.002856686,0.18867849,0.0347901,0.37616092,0.2173951,0.7315935,0.0020373908,0.1809845,0.018279439,0.37079638,0.17830259,null,null,null,null,"TWOGAUSSIANS",8,34.495575,0.7315935,0.0020347964,0.4,0.0,0.09411382,0.003289045,0.23192152,0.003390563,0.4,0.0,0.09333941,0.0053233295
375316653866487564,2638913844663851008,0.48183638,2068.2640065283003,3.223629736371755,1.9763807E-5,13.481219,0.008091454,0.21068327,0.005352803,0.073528565,0.008488653,0.1084333,0.010735134,0.69876456,0.020339362,0.05656747,0.012185762,0.19097857,0.08447694,null,null,null,null,"TWOGAUSSIANS",8,211.20023,0.69876456,0.020339362,0.31677786,0.06824026,0.1908598,0.08445594,0.21068327,0.005352803,0.4,0.009889446,0.108314514,0.010626225
375316653866487564,2638969576159390208,0.57808125,2054.774536059803,4.35562150914837,1.5949203E-5,13.666157,0.019107964,0.16212857,0.005536374,0.09141443,0.008508085,0.2714785,0.01890916,0.6753955,0.0064514237,0.089176334,0.014357458,0.29740632,0.012208179,null,null,null,null,"TWOGAUSSIANS",8,312.006,0.6753955,0.0064514237,0.4,0.0,0.2874033,0.01585141,0.16212857,0.005536374,0.4,0.0,0.26147535,0.012368756
375316653866487564,2639016266748643968,0.64934874,2050.7432226538667,3.0102910329129524,9.888214E-6,11.683601,0.01563351,0.24680094,0.0058092023,0.051715285,0.011363228,0.34997582,0.053834382,0.75843966,0.001972301,0.047639813,0.008274178,0.2375854,0.027791925,0.12731984,0.016509984,0.75843966,0.001972301,"TWOGAUSSIANS_WITH_ELLIPSOIDAL_ON_ECLIPSE2",9,308.74655,0.24835093,0.0047372035,0.2896056,0.063634075,0.6034353,0.072148174,0.75843966,0.001972301,0.26678294,0.0463354,0.49222383,0.013117933
