Gaia/vari_eclipsing_binary/VariEclipsingBinary_461525-461537.csv
# %ECSV 1.0
# ---
# delimiter: ','
# meta: !!omap
# - RELEASE: Gaia DR3
# - TABLE: vari_eclipsing_binary
# - DESCRIPTION: >
#     This table describes the properties of the eclipsing binaries resulting from the variability analysis. 
# - CITATION: >
#     How to cite and acknowledge Gaia: 
#     https://gea.esac.esa.int/archive/documentation/credits.html 
# - KNOWN_ISSUES: >
#     Known issues: 
#     https://www.cosmos.esa.int/web/gaia-users/known-issues 
# - DOCUMENTATION: >
#     Tutorials and documentation: 
#     https://www.cosmos.esa.int/web/gaia-users/archive 
# datatype:
# - 
#   name: solution_id
#   datatype: int64
#   description: Solution Identifier
#   meta:
#     ucd: meta.version
# - 
#   name: source_id
#   datatype: int64
#   description: Unique source identifier
#   meta:
#     ucd: meta.id;meta.main
# - 
#   name: global_ranking
#   datatype: float32
#   description: Number between 0 (worst) and 1 (best)
#   meta:
#     ucd: stat.param
# - 
#   name: reference_time
#   datatype: float64
#   unit: d
#   description: Reference time used for the geometric model fit
#   meta:
#     ucd: time.epoch
# - 
#   name: frequency
#   datatype: float64
#   unit: d**-1
#   description: Frequency of geometric model of the eclipsing binary light curve
#   meta:
#     ucd: src.orbital
# - 
#   name: frequency_error
#   datatype: float32
#   unit: d**-1
#   description: "Uncertainty of \\texttt{frequency}"
#   meta:
#     ucd: stat.error
# - 
#   name: geom_model_reference_level
#   datatype: float32
#   unit: mag
#   description: Magnitude reference level of geometric model
#   meta:
#     ucd: phot.mag;em.opt
# - 
#   name: geom_model_reference_level_error
#   datatype: float32
#   unit: mag
#   description: "Uncertainty of \\texttt{geomModelReferenceLevel}"
#   meta:
#     ucd: stat.error;phot.mag;em.opt
# - 
#   name: geom_model_gaussian1_phase
#   datatype: float32
#   description: Phase of the Gaussian 1 component
#   meta:
#     ucd: time.phase
# - 
#   name: geom_model_gaussian1_phase_error
#   datatype: float32
#   description: "Uncertainty of \\texttt{geomModelGaussian1Phase}"
#   meta:
#     ucd: stat.error;time.phase
# - 
#   name: geom_model_gaussian1_sigma
#   datatype: float32
#   description: "Standard deviation [phase] of Gaussian 1 component"
#   meta:
#     ucd: stat.stdev
# - 
#   name: geom_model_gaussian1_sigma_error
#   datatype: float32
#   description: "Uncertainty of \\texttt{geomModelGaussian1Sigma}"
#   meta:
#     ucd: stat.error
# - 
#   name: geom_model_gaussian1_depth
#   datatype: float32
#   unit: mag
#   description: Magnitude depth of Gaussian 1 component
#   meta:
#     ucd: src.var.amplitude
# - 
#   name: geom_model_gaussian1_depth_error
#   datatype: float32
#   unit: mag
#   description: "Uncertainty of \\texttt{geomModelGaussian1Depth}"
#   meta:
#     ucd: stat.error;src.var.amplitude
# - 
#   name: geom_model_gaussian2_phase
#   datatype: float32
#   description: Phase of Gaussian 2 component
#   meta:
#     ucd: time.phase
# - 
#   name: geom_model_gaussian2_phase_error
#   datatype: float32
#   description: "Uncertainty of \\texttt{geomModelGaussian2Phase}"
#   meta:
#     ucd: stat.error;time.phase
# - 
#   name: geom_model_gaussian2_sigma
#   datatype: float32
[...]
#   datatype: float32
#   description: "Secondary eclipse: uncertainty of \\texttt{derivedSecondaryEclDuration}"
#   meta:
#     ucd: stat.error;time.duration
# - 
#   name: derived_secondary_ecl_depth
#   datatype: float32
#   unit: mag
#   description: "Secondary eclipse: depth"
#   meta:
#     ucd: src.var.amplitude
# - 
#   name: derived_secondary_ecl_depth_error
#   datatype: float32
#   unit: mag
#   description: "Secondary eclipse: uncertainty of \\texttt{derivedSecondaryEclDepth}"
#   meta:
#     ucd: stat.error;src.var.amplitude
solution_id,source_id,global_ranking,reference_time,frequency,frequency_error,geom_model_reference_level,geom_model_reference_level_error,geom_model_gaussian1_phase,geom_model_gaussian1_phase_error,geom_model_gaussian1_sigma,geom_model_gaussian1_sigma_error,geom_model_gaussian1_depth,geom_model_gaussian1_depth_error,geom_model_gaussian2_phase,geom_model_gaussian2_phase_error,geom_model_gaussian2_sigma,geom_model_gaussian2_sigma_error,geom_model_gaussian2_depth,geom_model_gaussian2_depth_error,geom_model_cosine_half_period_amplitude,geom_model_cosine_half_period_amplitude_error,geom_model_cosine_half_period_phase,geom_model_cosine_half_period_phase_error,model_type,num_model_parameters,reduced_chi2,derived_primary_ecl_phase,derived_primary_ecl_phase_error,derived_primary_ecl_duration,derived_primary_ecl_duration_error,derived_primary_ecl_depth,derived_primary_ecl_depth_error,derived_secondary_ecl_phase,derived_secondary_ecl_phase_error,derived_secondary_ecl_duration,derived_secondary_ecl_duration_error,derived_secondary_ecl_depth,derived_secondary_ecl_depth_error
[from data line 150]
375316653866487564,4059666314472708736,0.49308607,2317.9002588205885,3.6750120496123757,3.0134293E-5,18.111738,0.02299574,0.2542341,0.019565836,0.040725708,0.025335317,0.19831909,0.05635376,0.7536185,0.013614706,0.035266254,0.015267491,0.41773427,0.022356838,null,null,null,null,"TWOGAUSSIANS",8,1.9851956,0.7536185,0.013614706,0.19749103,0.08549795,0.41773427,0.02235908,0.2542341,0.019565836,0.22806397,0.14187779,0.19831909,0.056355093
375316653866487564,4059666383192315392,0.5232322,2259.758856945503,1.335056453295373,2.1645252E-5,18.449667,0.020764727,0.27284774,0.124811135,0.065018915,0.05938828,0.58206224,0.4140604,0.76462567,0.006498462,0.09300578,0.01047829,0.2624457,0.027127266,null,null,null,null,"TWOGAUSSIANS",8,8.370477,0.27284774,0.124811135,0.36410594,0.31902975,0.5780608,0.40793478,0.76462567,0.006498462,0.4,0.0,0.25844392,0.023876578
375316653866487564,4059666486336220288,0.5803231,2259.876947067075,0.9859828067283269,7.1145764E-6,15.305588,0.0030891718,0.36767027,0.0036016437,0.03166949,0.0014508059,0.86530256,0.11869155,0.89148855,0.0016621262,0.02126818,0.0017594396,0.21221286,0.025362384,0.004728926,0.0049087023,0.36767027,0.0036016437,"TWOGAUSSIANS_WITH_ELLIPSOIDAL_ON_ECLIPSE1",9,90.93363,0.36767027,0.0036016437,0.17734915,0.008124513,0.87476045,0.12015379,0.89148855,0.0016621262,0.11910181,0.009852862,0.22146046,0.025396729
375316653866487564,4059666864228667264,0.48047125,2226.9293784992074,0.006369645432877829,4.7338646E-5,19.929243,0.1427628,0.14685504,0.028655024,0.054494053,0.079794616,0.34648088,0.0746348,0.62497956,0.03051115,0.061259,0.06137063,0.27390763,0.10834156,null,null,null,null,"TWOGAUSSIANS",8,1.954726,0.14685504,0.02875863,0.3051667,0.13724755,0.34645736,0.07119992,0.62497956,0.03051115,0.34305042,0.10187597,0.2738841,0.06590911
375316653866487564,4059667688862169472,0.5062828,2272.0283613102183,0.9048536755724548,1.060521E-4,17.68073,0.0033949234,0.38913995,0.013297909,0.028385228,0.0068660136,0.20387253,0.08447584,0.85813564,0.028771041,0.03564693,0.021109985,0.13454045,0.52153265,null,null,null,null,"TWOGAUSSIANS",8,7.237725,0.38913995,0.013297909,0.15895727,0.03844968,0.20387253,0.08447584,0.85813564,0.028771041,0.19962281,0.11821591,0.13454045,0.52153265
375316653866487564,4059667929383377024,0.4615045,2299.557452101355,1.1522643303288085,1.1139175E-5,18.899057,0.027416386,0.32429853,0.012930152,0.18400626,0.039660297,0.15154582,0.024459014,0.9434079,0.0035099925,0.008800989,0.0020574871,0.15086652,0.042337414,null,null,null,null,"TWOGAUSSIANS",8,3.3640335,0.9435079,0.0034927893,0.04928554,0.011521928,0.16163546,0.043591343,0.32429853,0.012930152,0.4,0.0,0.14399101,0.0163802
375316653866487564,4059668066884720256,0.50351095,2291.2612468178754,1.3813542867199244,4.6212335E-5,18.54678,0.017028982,0.24867429,0.006269908,0.06554724,0.007140095,0.46472904,0.054315977,0.7540143,0.010429768,0.09067853,0.014384965,0.28184354,0.020490283,null,null,null,null,"TWOGAUSSIANS",8,14.250726,0.24867429,0.006269908,0.36706457,0.03998453,0.4610922,0.055019315,0.7540143,0.010429768,0.4,0.0,0.27820656,0.019090133
375316653866487564,4059668101244424192,0.47593695,2269.5912996655165,0.4018013709354355,5.7380853E-6,18.971209,0.012987655,0.3939165,0.0029370484,0.021419775,0.0044960678,0.23480095,0.024383193,0.71508783,0.001961751,0.033535015,0.003021898,0.25692445,0.023255032,0.051957674,0.022217246,0.3939165,0.0029370484,"TWOGAUSSIANS_WITH_ELLIPSOIDAL_ON_ECLIPSE1",9,5.8976035,0.3939165,0.0029370484,0.11995074,0.02517798,0.3387161,0.03811759,0.7173678,0.001216661,0.18779609,0.016922629,0.27693662,0.030505314
375316653866487564,4059668719657836928,0.47346294,2240.2896467788814,0.15441023391263284,9.122458E-5,19.891504,0.04783493,0.28301615,0.0064530885,0.08341567,0.0059479065,0.44177118,0.030176947,0.5324376,0.026034977,0.19216004,0.049833108,0.19117913,0.0425242,null,null,null,null,"TWOGAUSSIANS",8,3.1474319,0.29200613,0.0050684377,0.4,0.0,0.5112796,0.026251828,0.5324376,0.026034977,0.4,0.0,0.18082766,0.021123193
375316653866487564,4059669441212739072,0.50945187,2317.2184939639224,1.2884676708577942,3.8358263E-5,19.706135,0.016357925,0.36536685,0.0073536,0.050653383,0.0048613283,0.46722323,0.019225683,0.83303916,0.033133328,0.028421173,0.014768935,0.3939326,0.3719406,null,null,null,null,"TWOGAUSSIANS",8,1.4059343,0.36536685,0.0073536,0.28365895,0.027223438,0.46722323,0.019225685,0.83303916,0.033133328,0.15915857,0.082706034,0.3939326,0.3719406
375316653866487564,4059669441274451456,0.5927576,2297.674869157963,2.6438923240125463,1.256792E-5,14.877329,0.013362689,0.24545585,0.0033462346,0.101142816,0.0074283876,0.23316115,0.01310439,0.75711775,0.0023668357,0.09884872,0.006745154,0.19514643,0.0128858,null,null,null,null,"TWOGAUSSIANS",8,50.654797,0.24545585,0.0033462346,0.4,0.0,0.2169857,0.008196089,0.75711775,0.0023671202,0.4,0.0,0.17897238,0.0076281414
375316653866487564,4059669887896188800,0.508142,2272.825050161479,2.1944115060092058,1.999376E-5,17.637041,0.02922091,0.18945952,0.010564622,0.060491063,0.03361871,0.20161869,0.18112832,0.6973531,0.0021853847,0.032209665,0.013656757,0.6775143,2.131501,0.06605248,0.038442794,0.18945952,0.010564622,"TWOGAUSSIANS_WITH_ELLIPSOIDAL_ON_ECLIPSE1",9,19.149261,0.6973531,0.002183271,0.18037412,0.07647783,0.8092552,2.2019298,0.18945952,0.010564622,0.33874995,0.18826477,0.3336842,0.18188329
375316653866487564,4059670953049923200,0.45060045,2270.4929920492555,1.8861934591454081,6.549035E-5,19.542007,0.08364492,0.108505465,0.01956986,0.048441727,0.016081758,0.14546995,0.038658217,0.5763366,0.01374514,0.18000935,0.068432786,0.24626699,0.068766214,null,null,null,null,"TWOGAUSSIANS",8,3.062681,0.5763366,0.01374514,0.4,0.0,0.22100861,0.025921406,0.109685466,0.0201787,0.27127367,0.09005784,0.1317766,0.027460711
375316653866487564,4059671021767987840,0.42979106,2304.3472267170255,1.0717243578601139,1.2411193E-4,19.44884,0.11400282,0.21864639,0.01028558,0.086769596,0.050438374,0.3480926,0.061574243,0.7232444,0.077638336,0.059146475,0.06396127,0.23342189,0.10470335,null,null,null,null,"TWOGAUSSIANS",8,11.127607,0.21864639,0.010244326,0.4,0.012770655,0.34662095,0.054606613,0.7232444,0.077638336,0.33122027,0.11463108,0.23195028,0.089402616
375316653866487564,4059671674599284224,0.47060335,2245.0980959848857,0.03477718265195917,4.7002846E-5,19.660006,0.09023788,0.27674633,0.009560116,0.06061449,0.0102083,0.4624806,0.20837379,0.70891047,0.009967573,0.15701164,0.048981983,0.35435128,0.07104312,null,null,null,null,"TWOGAUSSIANS",8,1.9870255,0.2777863,0.010241725,0.33944112,0.057166483,0.44851765,0.20155658,0.70891047,0.009967573,0.4,0.0,0.33178577,0.051182047
375316653866487564,4059671880756676096,0.4490739,2278.3195673312525,2.6221002125948925,7.830896E-5,19.445063,0.079566136,0.28817096,0.0062918225,0.111525066,0.03520498,0.23143123,0.071363784,0.7693029,0.07547074,0.12115793,0.060367953,0.23800628,0.103174515,null,null,null,null,"TWOGAUSSIANS",8,3.5768354,0.7693029,0.07547964,0.4,0.04279392,0.1989845,0.056580454,0.28828096,0.006343436,0.4,0.0,0.19249828,0.025981622
375316653866487564,4059672121335091712,0.66560215,2264.076602928047,2.1214056273889983,2.9376097E-6,16.835295,0.006854701,0.34813616,0.0019098356,0.04976037,0.00650592,0.17901678,0.020238385,0.8406556,0.0030891343,0.046965323,0.004297089,0.19516845,0.020397307,0.10946477,0.012281721,0.34813616,0.0019098356,"TWOGAUSSIANS_WITH_ELLIPSOIDAL_ON_ECLIPSE1",9,2.9588592,0.8418757,0.0025888316,0.2630058,0.024063697,0.41369292,0.011114331,0.34813616,0.0019098356,0.27865806,0.036433153,0.39794567,0.009137708
375316653866487564,4059672121335098496,0.597555,2276.0178753803443,2.9047655144339353,6.9436633E-6,13.154197,0.008631444,0.2810401,0.0024759395,0.094556235,0.005557574,0.23302703,0.008333317,0.7823109,0.0020722344,0.09153775,0.0055258507,0.19205092,0.0071292035,null,null,null,null,"TWOGAUSSIANS",8,115.961914,0.2810401,0.0024759395,0.4,0.0,0.22177306,0.0069240625,0.7823109,0.0020722344,0.4,0.0,0.18079722,0.0047176033
375316653866487564,4059672980269121408,0.5128179,2257.2363335585073,1.4020935083409618,3.8552218E-5,19.485434,0.009802013,0.27392906,0.014504186,0.057614654,0.022515569,0.06574531,0.025340918,0.72250944,0.014292717,0.06822681,0.015624983,0.5376594,1.2088966,null,null,null,null,"TWOGAUSSIANS",8,1.2789624,0.72250944,0.014292717,0.3820701,0.0874999,0.53763235,1.2089292,0.27392906,0.014504186,0.32264206,0.12608719,0.06571829,0.025382824
375316653866487564,4059673461364991104,0.547555,2281.7708538669335,1.3553711347607897,8.536732E-6,18.583664,0.00967951,0.22355999,0.0034302832,0.082670785,0.0050233477,0.29019034,0.016367305,0.73523206,0.003408442,0.075835384,0.008606064,0.5499242,0.10677215,null,null,null,null,"TWOGAUSSIANS",8,1.9266374,0.73523206,0.003408442,0.4,0.0,0.54565525,0.11000745,0.22355999,0.0034302832,0.4,0.0,0.28592134,0.016186113
375316653866487564,4059673736183816576,0.48542312,2308.6215630432935,1.0293284701726055,5.0804032E-5,19.255363,0.014077938,0.22664739,0.015392911,0.066280656,0.014624062,0.19619468,0.014008492,0.7200896,0.008378652,0.08477591,0.028501246,0.09656813,0.019694047,null,null,null,null,"TWOGAUSSIANS",8,1.899426,0.22664739,0.015392911,0.37117165,0.07445068,0.19525915,0.011891325,0.7200896,0.008378652,0.4,0.0,0.0956326,0.021808673
375316653866487564,4059674182864155776,0.41925645,2258.651038958912,0.3337331121256302,4.2878564E-5,19.496304,0.010778654,null,null,null,null,null,null,null,null,null,null,null,null,0.18674704,0.013074844,0.22534418,0.007285213,"ELLIPSOIDAL",4,3.285314,null,null,null,null,null,null,null,null,null,null,null,null
375316653866487564,4059674457798260224,0.5213456,2286.3235764776914,3.9065651699652215,7.15176E-6,14.300982,0.0023903754,0.21446875,0.0034587812,0.07919933,0.0043172385,0.06603698,0.0027570953,0.6987824,0.00406292,0.08726964,0.0066414513,0.06251947,0.004042358,null,null,null,null,"TWOGAUSSIANS",8,14.496698,0.21446875,0.0034587812,0.4,0.0,0.06498045,0.0023157464,0.6987824,0.00406292,0.4,0.0,0.061462924,0.0040864837
375316653866487564,4059674659524140288,0.54843,2254.823553161998,1.5051184730600309,1.150247E-5,16.83987,0.009572186,0.26343557,0.003291355,0.0864714,0.0072081983,0.25793165,0.010442033,0.7699301,0.003096485,0.08282462,0.005213713,0.27042475,0.01091905,null,null,null,null,"TWOGAUSSIANS",8,12.109692,0.7699301,0.003096485,0.4,0.0,0.26441553,0.009821293,0.26343557,0.003291355,0.4,0.0,0.2519224,0.011399307
375316653866487564,4059674732616513024,0.49740967,2267.898375310513,0.5576470208683147,1.3825494E-4,19.84272,0.011519039,0.2623274,0.03310103,0.041009292,0.026491584,0.35307038,2.5865493,0.7572178,0.026589943,0.038931724,0.0341864,0.3274042,0.010358946,null,null,null,null,"TWOGAUSSIANS",8,1.4719857,0.2623274,0.03310103,0.22965203,0.14835288,0.35307038,2.5865502,0.7572178,0.026589943,0.21801765,0.17442158,0.3274042,0.010351908
375316653866487564,4059674796991581824,0.46564502,2247.830433249694,1.048935935165936,3.8808204E-5,18.054121,0.098250434,0.2659472,0.02276145,0.12099502,0.061019737,0.20471613,0.09297116,0.74417007,0.0143540185,0.11963602,0.025131337,0.2469056,0.08651925,null,null,null,null,"TWOGAUSSIANS",8,9.79008,0.74417007,0.0143540185,0.4,0.0,0.20424344,0.024390485,0.26609722,0.02327758,0.4,0.0,0.1620544,0.01548185
375316653866487564,4059675041913272320,0.6263693,2256.688505593096,1.018489649207995,1.4905516E-5,18.290142,0.010393066,0.26221988,0.0016636429,0.04582204,0.0033377393,0.5815168,0.025505764,null,null,null,null,null,null,0.05936738,0.014747507,0.26221988,0.0016636429,"ONEGAUSSIAN_WITH_ELLIPSOIDAL",6,3.382244,0.26221988,0.0016636429,0.25660342,0.01869134,0.70025116,0.021154922,null,null,null,null,null,null
375316653866487564,4059675419870731904,0.53094,2226.4742312065086,0.29787674642447,1.6255988E-5,19.681057,0.06997991,0.22149807,0.017265176,0.09019112,0.019055758,0.55599207,0.13431229,0.7443363,0.008051233,0.0865348,0.02703548,0.5623652,0.09771892,null,null,null,null,"TWOGAUSSIANS",8,2.8840392,0.7443363,0.008049834,0.4,0.0035431883,0.548311,0.11757297,0.22149807,0.01726556,0.4,0.0,0.5419376,0.12712939
375316653866487564,4059675449826402816,0.47844255,2263.246836760611,1.7077103869136685,4.4027554E-5,19.582317,0.018622132,0.3234873,0.017568247,0.06649821,0.025657829,0.19975938,0.3454768,0.8091382,0.010633509,0.07983767,0.015254099,0.19711238,0.035057086,null,null,null,null,"TWOGAUSSIANS",8,2.489801,0.3234873,0.017568247,0.37238997,0.14182332,0.19893938,0.34619272,0.8091382,0.010633509,0.4,0.0,0.19629239,0.035196476
375316653866487564,4059675454173589632,0.49270964,2259.910554738646,1.1405918017557461,7.0570575E-5,18.533936,0.01381738,0.2815139,0.0128548015,0.06762144,0.013715388,0.364966,0.034793206,0.7848369,0.015291594,0.07109168,0.011657986,0.34517634,0.042908814,null,null,null,null,"TWOGAUSSIANS",8,18.58368,0.2815139,0.0128548015,0.37868008,0.053863633,0.36398467,0.035443548,0.7848369,0.015291594,0.3981134,0.05949775,0.34419504,0.042490933
375316653866487564,4059675729050263296,0.5283593,2256.433047243064,1.9675050104288292,3.7278653E-5,19.24994,0.1050526,0.24045043,0.0050923987,0.11020974,0.018381393,0.44439596,0.09510088,0.71803665,0.014940129,0.13429435,0.03515134,0.36617625,0.091022916,null,null,null,null,"TWOGAUSSIANS",8,1.5376909,0.24078043,0.005169908,0.4,0.0,0.36453632,0.01872407,0.71803665,0.014940129,0.4,0.0,0.2855113,0.016091788
375316653866487564,4059675832129314176,0.5233229,2265.5287508436554,2.417944206544739,2.4582732E-5,18.090347,0.05461948,0.27629972,0.013963976,0.09165965,0.023046114,0.32806984,0.051718023,0.7622092,0.0053740926,0.10538651,0.018798042,0.29498306,0.05039179,null,null,null,null,"TWOGAUSSIANS",8,10.787192,0.2763097,0.013955331,0.4,0.0,0.30753806,0.02074898,0.7622092,0.0053740926,0.4,0.0,0.27444243,0.019465718
375316653866487564,4059676416244226176,0.52524364,2259.929904505052,1.0257398274866676,1.8124987E-5,17.820454,0.011909228,0.24248488,0.006539409,0.06645958,0.007857877,0.13982362,0.017305968,0.722883,0.011648625,0.036069855,0.01437737,0.32170975,0.042502005,null,null,null,null,"TWOGAUSSIANS",8,11.073534,0.722883,0.011648625,0.20199119,0.08051327,0.32170883,0.042523876,0.24248488,0.006539409,0.37217364,0.04400411,0.13982268,0.017297164
375316653866487564,4059676931639954176,0.48247755,2256.6883998645376,0.03231799920458991,2.5305993E-5,19.332472,0.49426183,0.35229403,0.008039736,0.2694532,0.13412254,0.6758385,0.48368192,0.8304049,0.009935693,0.07659491,0.045164883,0.955092,117116.93,null,null,null,null,"TWOGAUSSIANS",8,4.6909432,0.8304049,0.009935693,0.4,0.2193577,0.80772257,117117.03,0.35229403,0.008039736,0.4,0.0,0.28626183,0.027280541
375316653866487564,4059678718353198336,0.49042475,2282.3719926542954,0.1169136960652078,4.5667923E-5,19.774958,0.07431191,0.2535008,0.006280681,0.101747565,0.014452708,0.6948986,0.10770433,0.7452104,0.010676283,0.06807375,0.031265277,0.42508513,0.06547636,null,null,null,null,"TWOGAUSSIANS",8,4.5598035,0.2535008,0.006280681,0.4,0.0,0.68220913,0.10740615,0.7452104,0.010676283,0.381213,0.13651991,0.4124042,0.05786174
375316653866487564,4059678752713243520,0.5274896,2306.4928155954653,2.034700646063333,7.399106E-5,18.604992,0.02036666,0.07984792,0.06325859,0.035020445,0.03145975,0.21700148,0.16343547,0.7148256,0.023370223,0.065287314,0.025972959,0.44604427,0.047564667,null,null,null,null,"TWOGAUSSIANS",8,1.119861,0.7148256,0.023370223,0.36560896,0.14544857,0.44604427,0.047564663,0.07984792,0.06325859,0.19611448,0.17617458,0.21700156,0.16343519
375316653866487564,4059678924511979904,0.5723237,2263.4259787788255,0.12912292587068172,1.494173E-5,19.40845,0.011364936,0.18385369,0.035431176,0.038088154,0.021551209,0.84064555,0.88021725,0.72075236,0.008602452,0.0777633,0.005231381,0.73922586,0.07368072,null,null,null,null,"TWOGAUSSIANS",8,2.2349396,0.18385369,0.035431176,0.21329366,0.12068676,0.8406142,0.8803427,0.72075236,0.008602452,0.4,0.0,0.73919445,0.0736572
