Gaia/vari_eclipsing_binary/VariEclipsingBinary_461448-461462.csv
# %ECSV 1.0
# ---
# delimiter: ','
# meta: !!omap
# - RELEASE: Gaia DR3
# - TABLE: vari_eclipsing_binary
# - DESCRIPTION: >
#     This table describes the properties of the eclipsing binaries resulting from the variability analysis. 
# - CITATION: >
#     How to cite and acknowledge Gaia: 
#     https://gea.esac.esa.int/archive/documentation/credits.html 
# - KNOWN_ISSUES: >
#     Known issues: 
#     https://www.cosmos.esa.int/web/gaia-users/known-issues 
# - DOCUMENTATION: >
#     Tutorials and documentation: 
#     https://www.cosmos.esa.int/web/gaia-users/archive 
# datatype:
# - 
#   name: solution_id
#   datatype: int64
#   description: Solution Identifier
#   meta:
#     ucd: meta.version
# - 
#   name: source_id
#   datatype: int64
#   description: Unique source identifier
#   meta:
#     ucd: meta.id;meta.main
# - 
#   name: global_ranking
#   datatype: float32
#   description: Number between 0 (worst) and 1 (best)
#   meta:
#     ucd: stat.param
# - 
#   name: reference_time
#   datatype: float64
#   unit: d
#   description: Reference time used for the geometric model fit
#   meta:
#     ucd: time.epoch
# - 
#   name: frequency
#   datatype: float64
#   unit: d**-1
#   description: Frequency of geometric model of the eclipsing binary light curve
#   meta:
#     ucd: src.orbital
# - 
#   name: frequency_error
#   datatype: float32
#   unit: d**-1
#   description: "Uncertainty of \\texttt{frequency}"
#   meta:
#     ucd: stat.error
# - 
#   name: geom_model_reference_level
#   datatype: float32
#   unit: mag
#   description: Magnitude reference level of geometric model
#   meta:
#     ucd: phot.mag;em.opt
# - 
#   name: geom_model_reference_level_error
#   datatype: float32
#   unit: mag
#   description: "Uncertainty of \\texttt{geomModelReferenceLevel}"
#   meta:
#     ucd: stat.error;phot.mag;em.opt
# - 
#   name: geom_model_gaussian1_phase
#   datatype: float32
#   description: Phase of the Gaussian 1 component
#   meta:
#     ucd: time.phase
# - 
#   name: geom_model_gaussian1_phase_error
#   datatype: float32
#   description: "Uncertainty of \\texttt{geomModelGaussian1Phase}"
#   meta:
#     ucd: stat.error;time.phase
# - 
#   name: geom_model_gaussian1_sigma
#   datatype: float32
#   description: "Standard deviation [phase] of Gaussian 1 component"
#   meta:
#     ucd: stat.stdev
# - 
#   name: geom_model_gaussian1_sigma_error
#   datatype: float32
#   description: "Uncertainty of \\texttt{geomModelGaussian1Sigma}"
#   meta:
#     ucd: stat.error
# - 
#   name: geom_model_gaussian1_depth
#   datatype: float32
#   unit: mag
#   description: Magnitude depth of Gaussian 1 component
#   meta:
#     ucd: src.var.amplitude
# - 
#   name: geom_model_gaussian1_depth_error
#   datatype: float32
#   unit: mag
#   description: "Uncertainty of \\texttt{geomModelGaussian1Depth}"
#   meta:
#     ucd: stat.error;src.var.amplitude
# - 
#   name: geom_model_gaussian2_phase
#   datatype: float32
#   description: Phase of Gaussian 2 component
#   meta:
#     ucd: time.phase
# - 
#   name: geom_model_gaussian2_phase_error
#   datatype: float32
#   description: "Uncertainty of \\texttt{geomModelGaussian2Phase}"
#   meta:
#     ucd: stat.error;time.phase
# - 
#   name: geom_model_gaussian2_sigma
#   datatype: float32
[...]
#   datatype: float32
#   description: "Secondary eclipse: uncertainty of \\texttt{derivedSecondaryEclDuration}"
#   meta:
#     ucd: stat.error;time.duration
# - 
#   name: derived_secondary_ecl_depth
#   datatype: float32
#   unit: mag
#   description: "Secondary eclipse: depth"
#   meta:
#     ucd: src.var.amplitude
# - 
#   name: derived_secondary_ecl_depth_error
#   datatype: float32
#   unit: mag
#   description: "Secondary eclipse: uncertainty of \\texttt{derivedSecondaryEclDepth}"
#   meta:
#     ucd: stat.error;src.var.amplitude
solution_id,source_id,global_ranking,reference_time,frequency,frequency_error,geom_model_reference_level,geom_model_reference_level_error,geom_model_gaussian1_phase,geom_model_gaussian1_phase_error,geom_model_gaussian1_sigma,geom_model_gaussian1_sigma_error,geom_model_gaussian1_depth,geom_model_gaussian1_depth_error,geom_model_gaussian2_phase,geom_model_gaussian2_phase_error,geom_model_gaussian2_sigma,geom_model_gaussian2_sigma_error,geom_model_gaussian2_depth,geom_model_gaussian2_depth_error,geom_model_cosine_half_period_amplitude,geom_model_cosine_half_period_amplitude_error,geom_model_cosine_half_period_phase,geom_model_cosine_half_period_phase_error,model_type,num_model_parameters,reduced_chi2,derived_primary_ecl_phase,derived_primary_ecl_phase_error,derived_primary_ecl_duration,derived_primary_ecl_duration_error,derived_primary_ecl_depth,derived_primary_ecl_depth_error,derived_secondary_ecl_phase,derived_secondary_ecl_phase_error,derived_secondary_ecl_duration,derived_secondary_ecl_duration_error,derived_secondary_ecl_depth,derived_secondary_ecl_depth_error
[from data line 189]
375316653866487564,4059007981873879040,0.5533725,2224.4289813131873,2.277305109179608,1.0426485E-5,18.364155,0.018029824,0.26731744,0.002788276,0.09272509,0.0061307102,0.38938224,0.018066004,0.77015007,0.005502252,0.09686991,0.014875134,0.25935763,0.026326519,null,null,null,null,"TWOGAUSSIANS",8,2.6683931,0.26731744,0.002788276,0.4,0.0,0.37067905,0.01615388,0.77015007,0.005502252,0.4,0.0,0.24065396,0.0330422
375316653866487564,4059009665513203072,0.54134846,2298.893236968777,1.7098842396509586,4.0121202E-5,18.808983,0.011414027,0.27610886,0.007734951,0.079228126,0.008717834,0.36261854,0.033700306,0.7844869,0.015830314,0.075349756,0.011214098,0.20425801,0.011869453,null,null,null,null,"TWOGAUSSIANS",8,2.6754024,0.27610886,0.007734951,0.4,0.0,0.3601718,0.033990193,0.7844869,0.015830314,0.4,0.027210005,0.20181127,0.010797397
375316653866487564,4059009837311960320,0.50858057,2280.833432481588,1.564645797223671,2.0685574E-4,19.582453,0.010720613,0.28730217,0.025045319,0.07355489,0.032637678,0.050146803,0.014190536,0.66598344,0.019882329,0.101587616,0.025708972,0.49279204,0.20789157,null,null,null,null,"TWOGAUSSIANS",8,1.6024085,0.66598344,0.019882329,0.4,0.0,0.49213064,0.20875844,0.28931215,0.02257942,0.4,0.116309516,0.049976297,0.015002855
375316653866487564,4059009837311961856,0.48311418,2291.4412780433076,0.21333720692372377,3.4035762E-5,18.825224,0.0354395,0.21066451,0.005470588,0.050046872,0.0048991353,0.92616165,0.116432436,0.7605409,0.030928152,0.08645956,0.04917298,0.21490951,0.051068116,null,null,null,null,"TWOGAUSSIANS",8,12.27644,0.21066451,0.005470588,0.28026247,0.02743516,0.9259559,0.11657464,0.7605409,0.030928152,0.4,0.12998171,0.21470347,0.05112736
375316653866487564,4059009871671726976,0.43980515,2237.146974812873,0.14344625009599893,4.0309333E-5,19.52241,0.04915546,0.4533598,0.027532363,0.18141508,0.055944525,0.38148484,0.14639434,0.8341827,0.03572722,0.02617912,0.021889942,0.42091733,0.18900464,null,null,null,null,"TWOGAUSSIANS",8,5.2799015,0.8341827,0.03572722,0.14660306,0.12258367,0.44706208,0.18723445,0.4533598,0.027532363,0.4,0.0,0.36437127,0.1606619
375316653866487564,4059010180935334528,0.50799453,2281.093808009826,0.6771974945138854,1.6210794E-5,19.256517,0.022269629,0.33023813,0.044380873,0.028331602,0.031318698,0.5060833,0.40086228,0.79891866,0.0011023068,0.045320008,0.0023527476,0.47135496,0.023177547,null,null,null,null,"TWOGAUSSIANS",8,1.7105553,0.33023813,0.044380873,0.15865697,0.1753847,0.5060833,0.40086263,0.79891866,0.0011023068,0.25379205,0.013175387,0.47135496,0.023177454
375316653866487564,4059010524584084864,0.5658555,2282.9919158433904,1.8758304155383252,1.7325776E-5,16.917486,0.012323548,0.2784132,0.04078198,0.017647013,0.014049726,0.3126566,1.5093981,0.7478375,0.003599796,0.03559663,0.0055699702,0.4481669,0.0976815,0.07694797,0.015897498,0.7478375,0.003599796,"TWOGAUSSIANS_WITH_ELLIPSOIDAL_ON_ECLIPSE2",9,50.65648,0.7478375,0.003599796,0.19934115,0.031191835,0.6020627,0.10187032,0.2780532,0.040435106,0.09882327,0.07867847,0.46100673,1.5036428
375316653866487564,4059011761534302976,0.46372464,2226.6129672525567,0.09441880907046281,2.466986E-5,19.906958,0.01515204,null,null,null,null,null,null,null,null,null,null,null,null,0.27719632,0.023850737,0.8194478,0.004915407,"ELLIPSOIDAL",4,4.985461,null,null,null,null,null,null,null,null,null,null,null,null
375316653866487564,4059012620370851840,0.5519362,2271.498849715834,2.4040383906407246,1.3556356E-5,18.823444,0.011044549,0.22426844,0.0074348757,0.08150058,0.0075671063,0.26652536,0.014996912,0.72672147,0.006196317,0.072935596,0.0075028744,0.2943198,0.017949207,null,null,null,null,"TWOGAUSSIANS",8,2.259835,0.72672147,0.006196317,0.4,0.0013697579,0.29151633,0.018484827,0.22426844,0.0074348757,0.4,0.0,0.26372188,0.0144761
375316653866487564,4059013238951765888,0.5656441,2252.1973520827987,2.5190536975936872,1.9518087E-5,17.711975,0.02688831,0.33935577,0.011666039,0.08521759,0.02254286,0.25014836,0.027853968,0.8314123,0.00252491,0.091668636,0.009047731,0.3311028,0.022675252,null,null,null,null,"TWOGAUSSIANS",8,6.312495,0.8314123,0.00252491,0.4,0.0,0.3217459,0.012486766,0.33935577,0.011666039,0.4,0.0,0.24079171,0.019688303
375316653866487564,4059013406355716096,0.73073065,2262.9272069630597,0.4998825236459687,1.36083945E-5,13.576233,0.0016426151,0.78596234,0.002560699,0.02809537,0.0035121597,0.0119761145,0.001991731,0.6597513,5.317736E-4,0.024234015,5.899995E-4,0.6106168,0.014673241,0.0014434063,0.0020194089,0.6597513,5.317736E-4,"TWOGAUSSIANS_WITH_ELLIPSOIDAL_ON_ECLIPSE2",9,42.91866,0.6597513,5.317736E-4,0.1357105,0.0033039972,0.6135041,0.01449782,0.78475237,0.001083752,0.15733407,0.019668095,0.013409406,0.0022631374
375316653866487564,4059013410645254528,0.5038842,2265.3532441744464,3.5260087520223453,1.3413609E-5,17.154753,0.013310654,0.25638118,0.00515513,0.10076133,0.010160951,0.20294163,0.013706322,0.75489837,0.011258088,0.09003267,0.012059821,0.16969472,0.025180414,null,null,null,null,"TWOGAUSSIANS",8,14.548995,0.25638118,0.00515513,0.4,0.0,0.19116965,0.013343977,0.75489837,0.011258088,0.4,0.0,0.1579245,0.025167393
375316653866487564,4059013479364984192,0.5496114,2193.4046098781596,2.5042179074542394,1.9244937E-5,19.550354,0.03221687,0.26895255,0.016481789,0.09250508,0.0199012,0.51997465,0.10460851,0.77507925,0.00363463,0.08054203,0.0070608277,0.58488214,0.034556698,null,null,null,null,"TWOGAUSSIANS",8,1.8501995,0.77507925,0.00363463,0.4,0.0,0.5696864,0.029559378,0.26895255,0.016481789,0.4,0.0,0.50477844,0.11070299
375316653866487564,4059015094273193728,0.52247083,2273.540627796222,1.0661530554538916,1.3930003E-5,16.380863,0.0032667955,0.2934938,0.01898756,0.036012247,0.011951305,0.13369468,0.024138711,null,null,null,null,null,null,0.009710452,0.003675693,0.2934938,0.01898756,"ONEGAUSSIAN_WITH_ELLIPSOIDAL",6,14.87682,0.2934938,0.01898756,0.20166859,0.06692731,0.15311559,0.0224895,null,null,null,null,null,null
375316653866487564,4059015712758193280,0.5316263,2252.6597795944713,3.114041698658793,1.5734711E-5,19.09355,0.0068948595,0.27975014,0.01047289,0.075926274,0.0071846624,0.30228698,0.03709883,0.7908636,0.005626107,0.07683255,0.007326019,0.27896544,0.032455374,null,null,null,null,"TWOGAUSSIANS",8,1.7666937,0.27975014,0.01047289,0.4,0.0017472294,0.30013436,0.037063245,0.7908636,0.005626107,0.4,0.0,0.2768128,0.03339554
375316653866487564,4059015987636026368,0.49815774,2281.1761663442744,4.050786975825313,7.0836075E-5,19.158344,0.07896309,0.2226141,0.017932551,0.18009147,0.04319968,0.3371182,0.08416833,0.77317244,0.01963175,0.038429245,0.02307165,0.18890265,0.10430006,null,null,null,null,"TWOGAUSSIANS",8,2.1171021,0.2226141,0.017932551,0.4,0.0,0.31442684,0.046379507,0.77441245,0.018669747,0.21520378,0.12920123,0.18443109,0.10861524
375316653866487564,4059016125066475392,0.5709577,2268.9645512610327,1.5073483494381499,1.6061318E-5,19.896719,0.016876327,0.47089824,0.03186528,0.038946353,0.028057676,0.11401101,0.112466894,0.31697726,0.01509041,0.029618038,0.00895079,1.2222024,15.068667,null,null,null,null,"TWOGAUSSIANS",8,2.0948865,0.31697726,0.015093371,0.16586101,0.050124425,1.2222487,15.068558,0.47089824,0.031869233,0.21809956,0.15712298,0.11401268,0.11247439
375316653866487564,4059016468664689664,0.5412848,2212.527623442809,3.463307472574985,9.354431E-6,18.751917,0.00736547,0.21551567,0.001675479,0.06400529,0.0032047245,0.44207007,0.037623007,0.7265493,0.005662207,0.07823233,0.007253782,0.31157702,0.035716128,null,null,null,null,"TWOGAUSSIANS",8,2.2003653,0.21551567,0.001675479,0.35842964,0.017946457,0.44093132,0.03792029,0.7265493,0.005662207,0.4,0.0,0.31043828,0.03613328
375316653866487564,4059016812260608768,0.4624281,2168.559024543014,1.7402389490011771,8.379223E-5,19.86324,0.06335561,0.32982484,0.0066559017,0.030694598,0.007340005,0.17998144,0.040997505,0.60945296,0.027481781,0.114949696,0.056395628,0.267873,0.05406745,null,null,null,null,"TWOGAUSSIANS",8,3.8772388,0.60945296,0.027481781,0.4,0.0,0.26783127,0.0541803,0.33141482,0.0048202923,0.17188975,0.04110403,0.19407012,0.06373734
375316653866487564,4059017190217241856,0.44679648,2339.189176780771,3.893171613249916,6.118648E-5,18.938427,0.0743586,0.34616944,0.030911043,0.07142083,0.03641579,0.35465214,0.13275573,0.8237732,0.10652508,0.07970076,0.095112994,0.20324394,0.09143167,null,null,null,null,"TWOGAUSSIANS",8,3.3317895,0.34616944,0.029654637,0.39995667,0.10831679,0.3533164,0.12905781,0.8237732,0.10652508,0.4,0.10213485,0.2019082,0.08205511
375316653866487564,4059018186651036800,0.5035052,2243.931221215449,2.1769514073397063,4.749459E-5,17.659794,0.02341383,0.25639588,0.010515151,0.09045821,0.018168513,0.25030538,0.03538643,0.76759195,0.008647071,0.09619892,0.0136409495,0.25652656,0.0261994,null,null,null,null,"TWOGAUSSIANS",8,10.968686,0.76759195,0.008647071,0.4,0.0,0.24461149,0.020086914,0.25639588,0.010515151,0.4,0.0,0.23839098,0.04117262
375316653866487564,4059018221010884608,0.42233685,2254.388295229059,0.484395595053033,7.0983944E-5,19.555838,0.056009807,0.19948448,0.019223893,0.10172282,0.021984449,0.5509561,0.11492655,0.8529397,0.011463385,0.074922204,0.018275404,0.47813788,0.15431175,null,null,null,null,"TWOGAUSSIANS",8,12.981156,0.19947448,0.019227656,0.4,0.0,0.54987204,0.11460989,0.85360974,0.011269311,0.4,0.030522643,0.47872466,0.15459882
375316653866487564,4059019144425673984,0.58856183,2270.1106511188295,1.9405952193681626,8.026459E-6,13.815709,0.0029805333,0.24547192,0.0012607743,0.057420786,0.00222939,0.20145606,0.015783645,null,null,null,null,null,null,0.0585013,0.0050329887,0.24547192,0.0012607743,"ONEGAUSSIAN_WITH_ELLIPSOIDAL",6,121.55727,0.24547192,0.0012607743,0.32155642,0.012484584,0.31844327,0.014134852,null,null,null,null,null,null
375316653866487564,4059019457958734464,0.49503133,2244.231550327272,1.0474518554756829,2.6491893E-5,19.173752,0.039108414,0.21510965,0.008564732,0.124885194,0.021116551,0.2350614,0.03760477,0.70782524,0.0040707802,0.09809695,0.014461383,0.2403618,0.033758286,null,null,null,null,"TWOGAUSSIANS",8,1.5480254,0.70782524,0.0040707802,0.4,0.0,0.2051561,0.015721159,0.21510965,0.008564707,0.4,0.0,0.19969751,0.013377616
375316653866487564,4059020351312452736,0.433994,2317.7555528150947,2.4360066196582633,6.13026E-5,18.541697,0.038894504,0.33458096,0.06425863,0.15692575,0.051652998,0.23811929,0.04636922,0.9731563,0.86651,0.036061797,0.08159582,0.1027328,0.053766556,null,null,null,null,"TWOGAUSSIANS",8,5.0459676,0.33458096,0.05917637,0.4,0.0,0.23509489,0.045688663,0.97638625,0.8423297,0.20194606,0.19677866,0.116949156,0.04672298
375316653866487564,4059021450823481600,0.49102545,2264.7277042780543,4.03351927764997,2.603037E-5,19.808699,0.017931433,0.45806083,0.0021227822,0.0117098,0.0021764887,1.0632104,0.44200367,0.6738755,0.03139127,0.14510055,0.057665892,0.072890684,0.03597946,null,null,null,null,"TWOGAUSSIANS",8,1.1353067,0.4580908,0.0020828238,0.06557488,0.012188337,1.0869452,0.44566032,0.6738755,0.03139127,0.4,0.0,0.07250585,0.035352662
375316653866487564,4059021519543197056,0.5669854,2260.223652324921,2.169765887911273,1.2498524E-5,18.415478,0.015305876,0.14449778,0.0024665573,0.07894271,0.003639902,0.49672306,0.021232976,0.6591195,0.01278976,0.08576497,0.014351548,0.4080697,0.036723755,null,null,null,null,"TWOGAUSSIANS",8,4.2028556,0.14449778,0.0024665573,0.4,0.0,0.48993108,0.019436108,0.6591195,0.01278976,0.4,0.0,0.4012777,0.036876813
375316653866487564,4059023409435503744,0.58528554,2255.5012422384475,0.33074082072347893,4.5921606E-5,17.516949,0.0028646768,0.26850966,0.060038343,0.012297704,0.027636608,1.8077772,142.31319,0.66079265,0.0058403555,0.01960552,0.0046423473,0.34099573,0.16633469,null,null,null,null,"TWOGAUSSIANS",8,5.703223,0.26850966,0.060038343,0.06886715,0.15476501,1.8077772,142.31319,0.66079265,0.0058403555,0.10979091,0.025997145,0.34099573,0.16633469
375316653866487564,4059024126587877632,0.6730851,2254.350081317468,1.4993634197723362,1.7666305E-5,14.469448,0.0072786096,0.25739703,4.027854E-4,0.0414753,0.0017494577,0.721868,0.026088484,0.7736724,0.065777965,0.041866332,0.0184883,0.12683098,0.087652855,0.03117375,0.008998468,0.25739703,4.027854E-4,"TWOGAUSSIANS_WITH_ELLIPSOIDAL_ON_ECLIPSE1",9,20.9854,0.25739703,4.027854E-4,0.23226169,0.009796963,0.78421545,0.040337782,0.7736724,0.065777965,0.23445147,0.10353447,0.18852872,0.09955603
375316653866487564,4059025883231673728,0.45332363,2256.9751891008586,0.26762425521361394,3.2266864E-5,18.423746,0.02820931,0.16970013,0.010797719,0.09304838,0.037574388,0.12668687,0.020624785,0.57667,0.0660253,0.06944735,0.018815199,0.05173581,0.006596527,null,null,null,null,"TWOGAUSSIANS",8,3.498992,0.16970013,0.010797719,0.4,0.07120206,0.1264685,0.020867886,0.57667,0.0660253,0.38890517,0.1024238,0.051526327,0.0064832573
375316653866487564,4059025883231682816,0.6117999,2235.584845453158,2.5486998206435945,1.0919108E-5,18.976236,0.00436897,0.23000707,0.0022761014,0.079160154,0.0040736157,0.47349042,0.028834993,0.71994543,0.0021609392,0.067473754,0.0016602442,0.45005003,0.0123281395,null,null,null,null,"TWOGAUSSIANS",8,1.3826553,0.23000707,0.0022761014,0.4,0.0,0.47131604,0.029555034,0.71994543,0.0021609392,0.37785304,0.009297368,0.44787568,0.012212521
375316653866487564,4059026295693113728,0.5292496,2251.280996327518,0.04528025250470641,2.1758116E-5,19.7082,0.008921568,0.3909495,0.0037626391,0.110471524,0.0064063496,0.69350153,0.060303513,0.8034726,0.0041546854,0.018551733,0.0047873743,0.14761035,0.025821678,null,null,null,null,"TWOGAUSSIANS",8,0.96947134,0.3909495,0.0037626391,0.4,0.0,0.69345075,0.06035469,0.8034726,0.0041546854,0.103889704,0.026809296,0.14821035,0.025988791
375316653866487564,4059026639147528576,0.49323216,2232.8641163573143,2.219701119093823,4.1602398E-5,19.381178,0.030602662,0.18774855,0.007966403,0.06670095,0.010945447,0.50637805,0.1284263,0.67697513,0.02899924,0.06446975,0.027641142,0.4528529,0.06677735,null,null,null,null,"TWOGAUSSIANS",8,8.388716,0.18774855,0.007966403,0.37352535,0.048034266,0.5058893,0.12819695,0.67697513,0.02899924,0.36103058,0.049449217,0.45236415,0.0656017
375316653866487564,4059028219695476224,0.54839694,2169.4168361140164,1.3186049877245436,2.2935263E-5,19.413315,0.035656422,0.37026864,0.0063512204,0.09555383,0.012163841,0.32224354,0.034327615,0.85086906,0.008307132,0.096264996,0.025493735,0.17264096,0.032052442,null,null,null,null,"TWOGAUSSIANS",8,0.7616499,0.37026864,0.0063478174,0.4,0.0,0.31028548,0.017985985,0.85086906,0.008307132,0.4,0.0,0.1606833,0.0129996035
375316653866487564,4059029628447560576,0.46499217,2336.5897959109925,2.222824631292703,2.945523E-5,19.204863,0.021947062,0.20117293,0.0028592953,0.026029041,0.004144537,0.29397592,0.039787184,0.72856265,0.011881914,0.05080092,0.009973343,0.13328949,0.025062317,null,null,null,null,"TWOGAUSSIANS",8,3.278384,0.20117293,0.0028592953,0.14576262,0.023209406,0.29397592,0.039787184,0.72856265,0.011881914,0.28448513,0.055850726,0.13328949,0.025062317
375316653866487564,4059031965011817472,0.5021227,2247.567517931265,0.9838064708534224,9.268727E-6,17.372265,0.004282089,0.22696458,0.027550308,0.019623524,0.025177594,0.02324349,371.04062,0.7260125,9.950417E-4,0.017183188,0.001445446,0.18374714,0.010930558,0.017191859,0.0067576123,0.22696458,0.027550308,"TWOGAUSSIANS_WITH_ELLIPSOIDAL_ON_ECLIPSE1",9,6.110262,0.7260125,9.842739E-4,0.09622585,0.008094498,0.21812963,0.009197582,0.22696458,0.027550308,0.109891735,0.14099453,0.057627212,371.03586
375316653866487564,4059032308609222528,0.54327655,2275.7734385472218,2.6434895244397585,2.6266745E-5,15.658067,0.0144339455,0.24280497,0.007773769,0.0919276,0.009396811,0.303724,0.016131278,0.74397457,0.0030567676,0.08707065,0.006418485,0.30967733,0.017126556,null,null,null,null,"TWOGAUSSIANS",8,102.42997,0.74397457,0.0030567676,0.4,0.0,0.29751098,0.015327174,0.24280497,0.007773769,0.4,0.0,0.2915575,0.011676251
