Gaia/vari_eclipsing_binary/VariEclipsingBinary_211602-211665.csv
# %ECSV 1.0
# ---
# delimiter: ','
# meta: !!omap
# - RELEASE: Gaia DR3
# - TABLE: vari_eclipsing_binary
# - DESCRIPTION: >
#     This table describes the properties of the eclipsing binaries resulting from the variability analysis. 
# - CITATION: >
#     How to cite and acknowledge Gaia: 
#     https://gea.esac.esa.int/archive/documentation/credits.html 
# - KNOWN_ISSUES: >
#     Known issues: 
#     https://www.cosmos.esa.int/web/gaia-users/known-issues 
# - DOCUMENTATION: >
#     Tutorials and documentation: 
#     https://www.cosmos.esa.int/web/gaia-users/archive 
# datatype:
# - 
#   name: solution_id
#   datatype: int64
#   description: Solution Identifier
#   meta:
#     ucd: meta.version
# - 
#   name: source_id
#   datatype: int64
#   description: Unique source identifier
#   meta:
#     ucd: meta.id;meta.main
# - 
#   name: global_ranking
#   datatype: float32
#   description: Number between 0 (worst) and 1 (best)
#   meta:
#     ucd: stat.param
# - 
#   name: reference_time
#   datatype: float64
#   unit: d
#   description: Reference time used for the geometric model fit
#   meta:
#     ucd: time.epoch
# - 
#   name: frequency
#   datatype: float64
#   unit: d**-1
#   description: Frequency of geometric model of the eclipsing binary light curve
#   meta:
#     ucd: src.orbital
# - 
#   name: frequency_error
#   datatype: float32
#   unit: d**-1
#   description: "Uncertainty of \\texttt{frequency}"
#   meta:
#     ucd: stat.error
# - 
#   name: geom_model_reference_level
#   datatype: float32
#   unit: mag
#   description: Magnitude reference level of geometric model
#   meta:
#     ucd: phot.mag;em.opt
# - 
#   name: geom_model_reference_level_error
#   datatype: float32
#   unit: mag
#   description: "Uncertainty of \\texttt{geomModelReferenceLevel}"
#   meta:
#     ucd: stat.error;phot.mag;em.opt
# - 
#   name: geom_model_gaussian1_phase
#   datatype: float32
#   description: Phase of the Gaussian 1 component
#   meta:
#     ucd: time.phase
# - 
#   name: geom_model_gaussian1_phase_error
#   datatype: float32
#   description: "Uncertainty of \\texttt{geomModelGaussian1Phase}"
#   meta:
#     ucd: stat.error;time.phase
# - 
#   name: geom_model_gaussian1_sigma
#   datatype: float32
#   description: "Standard deviation [phase] of Gaussian 1 component"
#   meta:
#     ucd: stat.stdev
# - 
#   name: geom_model_gaussian1_sigma_error
#   datatype: float32
#   description: "Uncertainty of \\texttt{geomModelGaussian1Sigma}"
#   meta:
#     ucd: stat.error
# - 
#   name: geom_model_gaussian1_depth
#   datatype: float32
#   unit: mag
#   description: Magnitude depth of Gaussian 1 component
#   meta:
#     ucd: src.var.amplitude
# - 
#   name: geom_model_gaussian1_depth_error
#   datatype: float32
#   unit: mag
#   description: "Uncertainty of \\texttt{geomModelGaussian1Depth}"
#   meta:
#     ucd: stat.error;src.var.amplitude
# - 
#   name: geom_model_gaussian2_phase
#   datatype: float32
#   description: Phase of Gaussian 2 component
#   meta:
#     ucd: time.phase
# - 
#   name: geom_model_gaussian2_phase_error
#   datatype: float32
#   description: "Uncertainty of \\texttt{geomModelGaussian2Phase}"
#   meta:
#     ucd: stat.error;time.phase
# - 
#   name: geom_model_gaussian2_sigma
#   datatype: float32
[...]
#   datatype: float32
#   description: "Secondary eclipse: uncertainty of \\texttt{derivedSecondaryEclDuration}"
#   meta:
#     ucd: stat.error;time.duration
# - 
#   name: derived_secondary_ecl_depth
#   datatype: float32
#   unit: mag
#   description: "Secondary eclipse: depth"
#   meta:
#     ucd: src.var.amplitude
# - 
#   name: derived_secondary_ecl_depth_error
#   datatype: float32
#   unit: mag
#   description: "Secondary eclipse: uncertainty of \\texttt{derivedSecondaryEclDepth}"
#   meta:
#     ucd: stat.error;src.var.amplitude
solution_id,source_id,global_ranking,reference_time,frequency,frequency_error,geom_model_reference_level,geom_model_reference_level_error,geom_model_gaussian1_phase,geom_model_gaussian1_phase_error,geom_model_gaussian1_sigma,geom_model_gaussian1_sigma_error,geom_model_gaussian1_depth,geom_model_gaussian1_depth_error,geom_model_gaussian2_phase,geom_model_gaussian2_phase_error,geom_model_gaussian2_sigma,geom_model_gaussian2_sigma_error,geom_model_gaussian2_depth,geom_model_gaussian2_depth_error,geom_model_cosine_half_period_amplitude,geom_model_cosine_half_period_amplitude_error,geom_model_cosine_half_period_phase,geom_model_cosine_half_period_phase_error,model_type,num_model_parameters,reduced_chi2,derived_primary_ecl_phase,derived_primary_ecl_phase_error,derived_primary_ecl_duration,derived_primary_ecl_duration_error,derived_primary_ecl_depth,derived_primary_ecl_depth_error,derived_secondary_ecl_phase,derived_secondary_ecl_phase_error,derived_secondary_ecl_duration,derived_secondary_ecl_duration_error,derived_secondary_ecl_depth,derived_secondary_ecl_depth_error
[from data line 398]
375316653866487564,1861574104693291136,0.5688945,2237.058571099575,0.06906788628523548,4.0547156E-6,16.091873,9.597999E-4,0.40633214,3.4011068E-4,0.0021652952,2.6024834E-4,0.28946725,0.07274185,0.6569217,0.0016765681,0.003923475,0.0017410759,0.2397779,0.018223586,null,null,null,null,"TWOGAUSSIANS",8,7.1315784,0.40633214,3.4011068E-4,0.012125653,0.0014573907,0.28946725,0.07274185,0.6569217,0.0016765681,0.021971459,0.009750025,0.2397779,0.018223586
375316653866487564,1861574340901488640,0.51752204,2224.317681452715,3.2988236690761865,1.250811E-5,19.221539,0.014863939,0.28269666,0.0048852414,0.079970196,0.008095721,0.3292306,0.023861753,0.7872061,0.0054305037,0.07137309,0.005457237,0.40716293,0.019235443,null,null,null,null,"TWOGAUSSIANS",8,3.303801,0.7872061,0.0054305037,0.3996893,0.02055375,0.40435904,0.01786063,0.28269666,0.0048852414,0.4,0.0,0.3264267,0.024044387
375316653866487564,1861574688809062784,0.6071645,2227.4729852384926,2.3860402191377563,4.1370467E-6,14.312307,0.012556081,0.21520436,0.0013613971,0.09751856,0.0042581465,0.26117164,0.012172158,0.7118126,0.0018842935,0.10550769,0.0068614525,0.24341157,0.009636928,null,null,null,null,"TWOGAUSSIANS",8,56.06937,0.21520436,0.0013613971,0.4,0.0,0.23792112,0.0050110826,0.7118126,0.0018842935,0.4,0.0,0.22015557,0.0053360346
375316653866487564,1861574998046617856,0.49330896,2215.4360417037055,2.1292012205750543,1.7645092E-5,19.120985,0.02625621,0.25288817,0.00931104,0.118191436,0.02561149,0.1391694,0.023236934,0.74877,0.0044360054,0.087248094,0.009323651,0.28049436,0.024280995,null,null,null,null,"TWOGAUSSIANS",8,1.6856757,0.74877,0.0044360054,0.4,0.0,0.2627049,0.011383529,0.25288817,0.00931104,0.4,0.0,0.12134345,0.01244863
375316653866487564,1861575371694375168,0.45698524,2190.7000229791383,2.5722249756360696,3.2901295E-5,18.812243,0.05994721,0.2648728,0.009383348,0.09729989,0.029135766,0.140983,0.05753197,0.7833728,0.010360979,0.11277669,0.046483535,0.11345596,0.056406427,null,null,null,null,"TWOGAUSSIANS",8,2.4519567,0.2648528,0.009342443,0.4,0.0,0.12913607,0.012128957,0.7833728,0.010351138,0.4,0.0,0.1015944,0.013530608
375316653866487564,1861575646572137088,0.48889485,2197.568413212792,0.23728286631247836,8.858352E-6,18.669151,0.0027475161,0.4184534,0.0018291726,0.010584658,0.0014232806,0.2765183,0.04386429,0.9179652,0.020075968,0.00978171,0.007880272,0.108312994,17.389597,null,null,null,null,"TWOGAUSSIANS",8,2.6761246,0.4184534,0.0018291726,0.059274085,0.007970371,0.2765183,0.04386429,0.9179652,0.020075968,0.054777578,0.044129524,0.108312994,17.389597
375316653866487564,1861575852730655872,0.56546354,2211.147161807586,0.6252842018616543,5.544343E-6,18.614151,0.0041381116,0.26076254,0.0013521458,0.030191721,0.002194007,0.46153247,0.026750084,0.76907593,0.016005134,0.025283245,0.0066339066,0.35905674,0.12397919,0.018581338,0.0046616686,0.26076254,0.0013521458,"TWOGAUSSIANS_WITH_ELLIPSOIDAL_ON_ECLIPSE1",9,3.1782105,0.26076254,0.0013521458,0.16907364,0.012286439,0.49869505,0.027987445,0.76907593,0.016005134,0.14158617,0.03714988,0.39611802,0.123771034
375316653866487564,1861578429706345728,0.4628069,2225.4456221437636,0.9141919297357145,4.889097E-5,19.096535,0.0070086825,0.20734945,0.0069326116,0.014697473,0.0025754143,0.59609586,0.23051319,0.7270607,0.027052304,0.11425871,0.014099224,0.032806456,0.009594824,null,null,null,null,"TWOGAUSSIANS",8,4.757494,0.20734945,0.0069326116,0.08230585,0.01442232,0.5960833,0.2305115,0.7270607,0.027052304,0.4,0.0,0.032788053,0.009570503
375316653866487564,1861578949399469952,0.60389537,2221.5557916394587,3.8491248789902666,3.9849906E-6,19.457415,0.0110754445,0.2923466,0.0012508705,0.04273915,0.0030837301,0.45130345,0.0275582,0.7888805,0.0021209114,0.045665823,0.0036319944,0.53178155,0.04132943,0.14005451,0.018432103,0.2923466,0.0012508705,"TWOGAUSSIANS_WITH_ELLIPSOIDAL_ON_ECLIPSE1",9,1.4646069,0.78916055,0.0019252525,0.2557286,0.020339169,0.81176764,0.042786013,0.2923466,0.0012508705,0.23933925,0.017268889,0.7314118,0.023306033
375316653866487564,1861581006686317312,0.46618155,2212.8594595739455,0.03821289886926427,3.403782E-5,19.896366,0.0064560333,0.237373,0.003183911,0.018381694,0.009445835,0.37839726,2.7768066,0.80821574,0.00812897,0.06052294,0.0063404543,0.27316695,0.018819928,null,null,null,null,"TWOGAUSSIANS",8,2.754438,0.237373,0.003183911,0.10293749,0.052896675,0.37839726,2.7768066,0.80821574,0.00812897,0.33892846,0.035506546,0.27316695,0.018819928
375316653866487564,1861582282310958592,0.5408253,2224.5660534745957,3.1369663324911587,1.8797613E-5,19.10545,0.013897321,0.26937222,0.0049443585,0.07014911,0.0055367937,0.4985426,0.03134228,0.75833297,0.0024468687,0.0657338,0.0031145778,0.45128345,0.019489355,null,null,null,null,"TWOGAUSSIANS",8,5.122048,0.26937222,0.0049443585,0.392835,0.028001044,0.4977368,0.031339694,0.75833297,0.0024468687,0.3681093,0.017441636,0.45047766,0.019214144
375316653866487564,1861583347462980864,0.60317844,2235.927493138321,1.5477800888887197,4.287573E-6,16.303818,0.0042533986,0.2500249,0.0012479075,0.08651498,0.0019409009,0.30838254,0.0055877725,0.7636783,0.002247111,0.07285451,0.0038651126,0.16482612,0.0044307313,null,null,null,null,"TWOGAUSSIANS",8,10.822445,0.2500249,0.0012479075,0.4,0.0,0.30582795,0.0053402497,0.7636783,0.002247111,0.4,6.373811E-4,0.16227159,0.0041375686
375316653866487564,1861584373941303296,0.4903789,2188.8941397050726,2.9501467697860604,1.533646E-5,18.21387,0.046324033,0.23426263,0.0047070314,0.11840907,0.016336655,0.28109968,0.044415083,0.7226853,0.004521188,0.116109185,0.016155658,0.26987755,0.043734405,null,null,null,null,"TWOGAUSSIANS",8,6.546267,0.23430263,0.0046659205,0.4,0.0,0.23012625,0.009828216,0.7226853,0.004521188,0.4,0.0,0.21893056,0.011340642
375316653866487564,1861584481334451968,0.48120606,2202.0512674083807,2.959661405646875,2.9050687E-5,15.71126,0.008315725,0.18135644,0.008955177,0.08370224,0.011236751,0.13480505,0.009700362,0.6738921,0.005672764,0.08883646,0.008473914,0.13697496,0.011791888,null,null,null,null,"TWOGAUSSIANS",8,63.516193,0.6738921,0.005672764,0.4,0.0,0.13337967,0.0110498825,0.18135644,0.008955177,0.4,0.0,0.1312098,0.008381728
375316653866487564,1861584786258395264,0.44388962,2227.367005617056,0.05346833189370287,4.371756E-5,18.62206,0.0077479933,0.26801658,8.31329E-4,0.0073993485,0.0010147888,0.8242178,0.3006092,0.6886878,0.060659274,0.021932233,0.013416971,0.04019329,0.27091622,0.052755773,0.0128997145,0.26801658,8.31329E-4,"TWOGAUSSIANS_WITH_ELLIPSOIDAL_ON_ECLIPSE1",9,17.863602,0.26801658,8.31329E-4,0.04143635,0.0056828167,0.9297294,0.3035276,0.6952578,0.060191333,0.122820504,0.07513504,0.1233842,0.27375966
375316653866487564,1861585202872991104,0.56303805,2230.8479706600165,0.35929284574402814,8.169828E-6,19.097723,0.005255934,0.24560502,0.074683286,0.11156984,0.059966654,0.014816456,0.007376526,0.664412,0.0019881362,0.017510384,0.0014663559,0.5603745,0.053743593,null,null,null,null,"TWOGAUSSIANS",8,1.3582121,0.664412,0.0019881362,0.09805815,0.008211593,0.56038576,0.053741805,0.24560502,0.074683286,0.4,0.0,0.014814791,0.007359435
375316653866487564,1861586852156408960,0.5962545,2239.729801815401,0.16369850971840555,3.228931E-5,15.978252,0.0021403697,0.2523097,0.005478694,0.016862467,0.003062085,0.35959247,0.06592256,0.6896869,0.022415882,0.071401365,0.026246501,0.007961938,0.002788284,null,null,null,null,"TWOGAUSSIANS",8,10.836094,0.2523097,0.005478694,0.09442981,0.017147675,0.35959247,0.065922596,0.6896869,0.022415882,0.39984766,0.07334763,0.007961938,0.0027882769
375316653866487564,1861587573695505792,0.4916834,2231.39961796806,2.6053795441400576,1.1417368E-5,19.80556,0.016506346,0.24667299,0.0040811887,0.08815965,0.0068302206,0.31363338,0.018087804,0.74509454,0.008578511,0.0910266,0.010166988,0.31311402,0.036887687,null,null,null,null,"TWOGAUSSIANS",8,1.5842092,0.24667299,0.0040811887,0.4,0.0,0.301172,0.0147315925,0.74509454,0.008578511,0.4,0.0,0.3006525,0.038567234
375316653866487564,1861588290962076288,0.46550444,2206.8785947289925,1.306228190452136,1.1944099E-5,19.430832,0.0040683053,0.37224686,0.0011215174,0.028368656,0.003050368,0.69606805,0.24676244,0.6798135,0.005763532,0.011764927,0.007701271,0.07013988,0.053077415,null,null,null,null,"TWOGAUSSIANS",8,2.7586305,0.37224686,0.0011215174,0.15886447,0.017082062,0.69606805,0.24676244,0.6798135,0.005763532,0.065883584,0.04312712,0.07013988,0.053077415
375316653866487564,1861589360421182592,0.4373838,2238.7891689762523,0.5921440877339555,7.4862546E-5,17.381266,0.013453488,0.22196284,0.060859505,0.04380633,0.087267846,0.02863241,0.04048251,0.6591926,0.015375004,0.06108173,0.017352747,0.16299853,0.23496453,null,null,null,null,"TWOGAUSSIANS",8,2.7306483,0.6591926,0.015375004,0.34205768,0.09717538,0.16299844,0.2349757,0.22196284,0.060859505,0.24531545,0.28951535,0.028632324,0.040287916
375316653866487564,1861589875797742208,0.486962,2206.6607013454486,0.5864329337041906,3.3446056E-5,19.171541,0.005654189,0.17240761,0.004211727,0.016243143,0.008392892,0.096321955,0.06371007,0.68058544,0.0021713623,0.036775433,0.00358976,0.25428578,0.025455672,null,null,null,null,"TWOGAUSSIANS",8,2.499962,0.68058544,0.0021713623,0.20594242,0.020102656,0.25428578,0.025455672,0.17240761,0.004211727,0.0909616,0.047000192,0.096321955,0.06371007
375316653866487564,1861589875813502976,0.46145812,2221.7260269290014,0.6216599184428985,3.5934652E-5,16.494669,0.008205381,0.24468571,0.0076234527,0.05430372,0.00956102,0.10420237,0.016572108,0.75561386,0.014385718,0.010793447,0.023813322,0.3976655,4.3301125E9,0.04455732,0.010186326,0.75561386,0.014385718,"TWOGAUSSIANS_WITH_ELLIPSOIDAL_ON_ECLIPSE2",9,54.70371,0.75561386,0.014385718,0.0604433,0.1333546,0.48677906,4.3301125E9,0.24649571,0.0045157415,0.30410084,0.053541712,0.19296591,0.008765671
375316653866487564,1861590219411292800,0.61507154,2218.845026136322,2.1829107079221033,3.6531444E-6,17.444384,0.006338536,0.20292921,0.0017952267,0.09568101,0.0036918796,0.27620062,0.005880729,0.7026622,0.0012450822,0.09229468,0.0027852282,0.28574252,0.0067735366,null,null,null,null,"TWOGAUSSIANS",8,2.2076993,0.7026622,0.0012450822,0.4,0.0,0.26947284,0.005625572,0.20292921,0.0017952267,0.4,0.0,0.25993055,0.0036541715
375316653866487564,1861590833571935232,0.6195494,2231.8031669222164,0.3937210141401852,2.5366242E-6,17.598938,0.002439558,0.2962569,3.1473543E-4,0.028109903,5.246268E-4,0.3524167,0.005927691,0.79684323,0.007348303,0.023154352,0.0080677355,0.08537138,0.007651632,0.013516517,0.0038361554,0.2962569,3.1473543E-4,"TWOGAUSSIANS_WITH_ELLIPSOIDAL_ON_ECLIPSE1",9,2.6610687,0.2962569,3.1473543E-4,0.15741545,0.0029379101,0.3794497,0.0042016334,0.79684323,0.007161878,0.12966438,0.04517932,0.112404004,0.003857651
375316653866487564,1861591078389069568,0.5183405,2217.648820051349,2.6811192226766387,1.31532115E-5,19.257368,0.020788476,0.28280887,0.005906825,0.083675,0.007536623,0.37083372,0.027615653,0.7848547,0.004084276,0.09248143,0.009170257,0.35878813,0.019414335,null,null,null,null,"TWOGAUSSIANS",8,3.3494484,0.28280887,0.005906825,0.4,0.0,0.3582961,0.026102426,0.7848547,0.004084276,0.4,0.0,0.3462502,0.01833838
375316653866487564,1861592280995517312,0.59319824,2212.332089360491,2.631722912206203,4.356917E-6,18.388391,0.011866345,0.16469309,0.0016112245,0.051917028,0.004416117,0.29039282,0.025398426,0.6636454,0.0016845361,0.047218952,0.0038917232,0.2660878,0.0256377,0.07982427,0.014721552,0.16469309,0.0016112245,"TWOGAUSSIANS_WITH_ELLIPSOIDAL_ON_ECLIPSE1",9,3.2521012,0.16469309,0.0016112245,0.29073536,0.024730254,0.45003814,0.0139505565,0.6637454,0.0015044939,0.26442614,0.02179365,0.42572686,0.011149405
375316653866487564,1861592384059766016,0.41292712,2167.374780218084,3.5573079291538257,1.4408391E-4,18.949522,0.007923302,0.10254171,0.033880197,0.018767068,0.045712963,0.34837252,0.3571247,0.5880855,0.016576355,0.019369476,0.011952999,0.2136112,0.62347615,null,null,null,null,"TWOGAUSSIANS",8,5.671501,0.10254171,0.033880197,0.10509558,0.2559926,0.34837252,0.3571247,0.5880855,0.016576355,0.10846906,0.0669368,0.2136112,0.62347615
375316653866487564,1861593655385072512,0.5935223,2228.7449977985475,2.469491825733554,5.7024513E-6,16.26616,0.007626505,0.23534858,0.0046018837,0.098903395,0.0070962547,0.15481551,0.007968399,0.7236234,0.0013660511,0.092577174,0.0030471648,0.2884928,0.007005956,null,null,null,null,"TWOGAUSSIANS",8,8.558711,0.7236234,0.0013660511,0.4,0.0,0.27684537,0.003700938,0.23534858,0.0046018837,0.4,0.0,0.14316736,0.005967123
375316653866487564,1861595064134259584,0.50020486,2239.0373476796885,4.835421154703506,4.1814965E-5,17.565798,0.24191771,0.28166273,0.007860282,0.26907164,0.10573128,0.2653319,0.23270306,0.9134489,0.0063837557,0.021415213,0.016717976,0.13900492,6.5195704E11,null,null,null,null,"TWOGAUSSIANS",8,7.693619,0.28166273,0.007860282,0.4,0.0,0.17145787,0.008061075,0.9147189,0.0058314633,0.11992519,0.09362066,0.16571918,6.5195704E11
375316653866487564,1861595506497377024,0.57137346,2242.387630217426,3.023651635992466,8.355635E-6,17.861824,0.01137598,0.28623134,0.0026525257,0.046853993,0.007110584,0.16429777,0.025492117,0.78574944,0.010738163,0.058561143,0.013425344,0.1636426,0.024742141,0.12464952,0.012440458,0.28623134,0.0026525257,"TWOGAUSSIANS_WITH_ELLIPSOIDAL_ON_ECLIPSE1",9,7.2066383,0.28623134,0.0026525257,0.26238236,0.03981927,0.41357866,0.013746041,0.78588945,0.007361505,0.3279424,0.075181924,0.41292185,0.021525279
375316653866487564,1861596782120949120,0.614994,2233.219411197674,2.382604372710192,4.442368E-6,16.89509,0.0070300023,0.25587812,0.0012884071,0.0940907,0.0029948007,0.27232525,0.006469323,0.7536953,0.0018414608,0.10639978,0.0037266258,0.24579671,0.007158818,null,null,null,null,"TWOGAUSSIANS",8,4.000905,0.25587812,0.0012884071,0.4,0.0,0.25000754,0.0036266986,0.7536953,0.0018414608,0.4,0.0,0.22347148,0.0051478166
375316653866487564,1861597224484533632,0.52823925,2218.0348264144004,2.8023666802697638,9.470693E-6,18.075394,0.01713403,0.25702155,0.0028501577,0.09551019,0.0052549895,0.35393,0.01906054,0.7643504,0.0029861522,0.11075904,0.007611222,0.29849494,0.015873471,null,null,null,null,"TWOGAUSSIANS",8,6.164293,0.25701153,0.0028501577,0.4,0.0,0.32273823,0.013266934,0.7643504,0.0029861522,0.4,0.0,0.26728067,0.008796398
375316653866487564,1861597465002356096,0.54712856,2240.4126965786722,1.5729056422483585,8.1918915E-6,17.705729,0.030236972,0.1698063,0.0029486066,0.12153106,0.0118115805,0.22447483,0.029324569,0.65554106,0.0036211798,0.11646662,0.013679182,0.2144033,0.029137338,null,null,null,null,"TWOGAUSSIANS",8,3.404041,0.16985631,0.0029308246,0.4,0.0,0.18201499,0.004488079,0.65554106,0.0036211798,0.4,0.0,0.1720004,0.0045597213
375316653866487564,1861598603187025280,0.6205993,2232.305687909436,2.1408011564036977,2.9602018E-6,16.914072,0.0034505278,0.22351372,9.819702E-4,0.08081065,0.0017521643,0.26581892,0.004885838,0.7239206,0.0012433623,0.082768455,0.0015915706,0.36879352,0.0067447736,null,null,null,null,"TWOGAUSSIANS",8,3.6991148,0.7239206,0.0012433623,0.4,0.0,0.3629744,0.006781053,0.22351372,9.819702E-4,0.4,0.0,0.2599998,0.004825648
375316653866487564,1861598736313285376,0.56052,2211.919033425862,1.580969913807045,7.5579437E-6,19.215574,0.006129986,0.25695607,0.002591065,0.057287227,0.002236653,0.57546884,0.018868247,0.7573704,0.001728881,0.056969956,0.0021927871,0.5600872,0.028093804,null,null,null,null,"TWOGAUSSIANS",8,2.6890547,0.25695607,0.002591065,0.32080847,0.012525256,0.5753912,0.018870158,0.7573704,0.001728881,0.31903175,0.012279608,0.56000954,0.028113022
