Gaia/vari_eclipsing_binary/VariEclipsingBinary_611362-611697.csv
# %ECSV 1.0
# ---
# delimiter: ','
# meta: !!omap
# - RELEASE: Gaia DR3
# - TABLE: vari_eclipsing_binary
# - DESCRIPTION: >
#     This table describes the properties of the eclipsing binaries resulting from the variability analysis. 
# - CITATION: >
#     How to cite and acknowledge Gaia: 
#     https://gea.esac.esa.int/archive/documentation/credits.html 
# - KNOWN_ISSUES: >
#     Known issues: 
#     https://www.cosmos.esa.int/web/gaia-users/known-issues 
# - DOCUMENTATION: >
#     Tutorials and documentation: 
#     https://www.cosmos.esa.int/web/gaia-users/archive 
# datatype:
# - 
#   name: solution_id
#   datatype: int64
#   description: Solution Identifier
#   meta:
#     ucd: meta.version
# - 
#   name: source_id
#   datatype: int64
#   description: Unique source identifier
#   meta:
#     ucd: meta.id;meta.main
# - 
#   name: global_ranking
#   datatype: float32
#   description: Number between 0 (worst) and 1 (best)
#   meta:
#     ucd: stat.param
# - 
#   name: reference_time
#   datatype: float64
#   unit: d
#   description: Reference time used for the geometric model fit
#   meta:
#     ucd: time.epoch
# - 
#   name: frequency
#   datatype: float64
#   unit: d**-1
#   description: Frequency of geometric model of the eclipsing binary light curve
#   meta:
#     ucd: src.orbital
# - 
#   name: frequency_error
#   datatype: float32
#   unit: d**-1
#   description: "Uncertainty of \\texttt{frequency}"
#   meta:
#     ucd: stat.error
# - 
#   name: geom_model_reference_level
#   datatype: float32
#   unit: mag
#   description: Magnitude reference level of geometric model
#   meta:
#     ucd: phot.mag;em.opt
# - 
#   name: geom_model_reference_level_error
#   datatype: float32
#   unit: mag
#   description: "Uncertainty of \\texttt{geomModelReferenceLevel}"
#   meta:
#     ucd: stat.error;phot.mag;em.opt
# - 
#   name: geom_model_gaussian1_phase
#   datatype: float32
#   description: Phase of the Gaussian 1 component
#   meta:
#     ucd: time.phase
# - 
#   name: geom_model_gaussian1_phase_error
#   datatype: float32
#   description: "Uncertainty of \\texttt{geomModelGaussian1Phase}"
#   meta:
#     ucd: stat.error;time.phase
# - 
#   name: geom_model_gaussian1_sigma
#   datatype: float32
#   description: "Standard deviation [phase] of Gaussian 1 component"
#   meta:
#     ucd: stat.stdev
# - 
#   name: geom_model_gaussian1_sigma_error
#   datatype: float32
#   description: "Uncertainty of \\texttt{geomModelGaussian1Sigma}"
#   meta:
#     ucd: stat.error
# - 
#   name: geom_model_gaussian1_depth
#   datatype: float32
#   unit: mag
#   description: Magnitude depth of Gaussian 1 component
#   meta:
#     ucd: src.var.amplitude
# - 
#   name: geom_model_gaussian1_depth_error
#   datatype: float32
#   unit: mag
#   description: "Uncertainty of \\texttt{geomModelGaussian1Depth}"
#   meta:
#     ucd: stat.error;src.var.amplitude
# - 
#   name: geom_model_gaussian2_phase
#   datatype: float32
#   description: Phase of Gaussian 2 component
#   meta:
#     ucd: time.phase
# - 
#   name: geom_model_gaussian2_phase_error
#   datatype: float32
#   description: "Uncertainty of \\texttt{geomModelGaussian2Phase}"
#   meta:
#     ucd: stat.error;time.phase
# - 
#   name: geom_model_gaussian2_sigma
#   datatype: float32
[...]
#   datatype: float32
#   description: "Secondary eclipse: uncertainty of \\texttt{derivedSecondaryEclDuration}"
#   meta:
#     ucd: stat.error;time.duration
# - 
#   name: derived_secondary_ecl_depth
#   datatype: float32
#   unit: mag
#   description: "Secondary eclipse: depth"
#   meta:
#     ucd: src.var.amplitude
# - 
#   name: derived_secondary_ecl_depth_error
#   datatype: float32
#   unit: mag
#   description: "Secondary eclipse: uncertainty of \\texttt{derivedSecondaryEclDepth}"
#   meta:
#     ucd: stat.error;src.var.amplitude
solution_id,source_id,global_ranking,reference_time,frequency,frequency_error,geom_model_reference_level,geom_model_reference_level_error,geom_model_gaussian1_phase,geom_model_gaussian1_phase_error,geom_model_gaussian1_sigma,geom_model_gaussian1_sigma_error,geom_model_gaussian1_depth,geom_model_gaussian1_depth_error,geom_model_gaussian2_phase,geom_model_gaussian2_phase_error,geom_model_gaussian2_sigma,geom_model_gaussian2_sigma_error,geom_model_gaussian2_depth,geom_model_gaussian2_depth_error,geom_model_cosine_half_period_amplitude,geom_model_cosine_half_period_amplitude_error,geom_model_cosine_half_period_phase,geom_model_cosine_half_period_phase_error,model_type,num_model_parameters,reduced_chi2,derived_primary_ecl_phase,derived_primary_ecl_phase_error,derived_primary_ecl_duration,derived_primary_ecl_duration_error,derived_primary_ecl_depth,derived_primary_ecl_depth_error,derived_secondary_ecl_phase,derived_secondary_ecl_phase_error,derived_secondary_ecl_duration,derived_secondary_ecl_duration_error,derived_secondary_ecl_depth,derived_secondary_ecl_depth_error
[from data line 106]
375316653866487564,5378104549940399232,0.5161921,2294.4887497903924,3.88867836719689,8.2273755E-6,19.784122,0.007148874,0.30951813,0.0028275703,0.071430236,0.004226136,0.4986376,0.020991871,0.80672777,0.0021712822,0.063728645,0.0036203912,0.6125891,0.030992378,null,null,null,null,"TWOGAUSSIANS",8,2.2033906,0.80672777,0.0021712822,0.35688043,0.02027419,0.6115055,0.031330567,0.30951813,0.0028275703,0.4,0.015544738,0.49755397,0.02120758
375316653866487564,5378111490607600512,0.48917997,2279.853314831777,3.2382441229963344,3.2558997E-5,19.075562,0.00713459,0.75654936,0.008437308,0.03278867,0.0134545285,0.027038073,0.012867411,null,null,null,null,null,null,0.092222765,0.0063061286,0.75654936,0.008437308,"ONEGAUSSIAN_WITH_ELLIPSOIDAL",6,3.9888902,0.75654936,0.008437308,0.18361655,0.07534536,0.21148358,0.01271196,null,null,null,null,null,null
375316653866487564,5378111834204783488,0.43804637,2300.2738838697237,0.06668289044212584,9.0550115E-5,18.837866,0.06411299,0.20629953,0.029378338,0.13865851,0.06595489,0.0704778,0.06316492,0.7563236,0.012616806,0.113119796,0.017124623,0.2338622,0.051143352,null,null,null,null,"TWOGAUSSIANS",8,3.7017984,0.75675356,0.0106040845,0.4,0.0,0.21347225,0.018721763,0.20546953,0.029191123,0.4,0.0,0.049783736,0.016016971
375316653866487564,5378116270907723264,0.61149305,2240.0451574843964,2.57730082886973,5.9441286E-6,16.181328,0.0045779715,0.23935968,0.0013756204,0.08615227,0.0029690412,0.23130737,0.004760405,0.74006313,0.0027739657,0.08993768,0.0058654943,0.18421042,0.0045882384,null,null,null,null,"TWOGAUSSIANS",8,3.8583057,0.23935968,0.0013756204,0.4,0.0,0.22408967,0.0044900444,0.74006313,0.0027739657,0.4,0.0,0.17699267,0.004878223
375316653866487564,5378117091249077248,0.4710717,2266.7149683118187,0.27183998909435125,6.1452076E-5,18.37451,0.0035415548,0.22504851,0.00946678,0.057746254,0.010931715,0.055141132,0.006655562,0.88170356,0.019099686,0.01149417,0.007859937,0.13085851,0.1246947,null,null,null,null,"TWOGAUSSIANS",8,2.219652,0.88170356,0.019099686,0.064367354,0.044015646,0.13085853,0.1246947,0.22504851,0.00946678,0.32337904,0.061217606,0.055141132,0.006655562
375316653866487564,5378117542218203904,0.618641,2267.812899745312,1.8870057414132815,3.0924539E-6,16.042923,0.0023110267,0.21844678,0.0016908053,0.08952233,0.0018659793,0.21827309,0.0052656606,0.722059,9.414985E-4,0.086111195,0.0013974211,0.24095994,0.002991545,null,null,null,null,"TWOGAUSSIANS",8,4.5040474,0.722059,9.414985E-4,0.4,0.0,0.2334526,0.002598519,0.21844678,0.0016908053,0.4,0.0,0.21076569,0.0053188503
375316653866487564,5378119874383939200,0.5854567,2293.6430082932893,0.4381648947870796,5.4084426E-6,17.842192,0.0033867175,0.10686027,0.021508794,0.01699907,0.015881281,0.2891353,0.22912416,0.60601765,5.493584E-4,0.015061536,5.801868E-4,0.30569625,0.007907011,null,null,null,null,"TWOGAUSSIANS",8,2.0631313,0.60601765,5.493584E-4,0.0843446,0.003249046,0.30569625,0.007907011,0.10686027,0.021508794,0.095194794,0.088935174,0.2891353,0.22912416
375316653866487564,5378125268862681088,0.44518542,2255.0297938048234,3.7075298242048236,6.5613734E-5,18.630016,0.020079827,0.29384518,0.009497709,0.11110175,0.017953938,0.13284051,0.01978884,0.7602935,0.014075411,0.09026537,0.026283607,0.12242016,0.015347678,null,null,null,null,"TWOGAUSSIANS",8,4.5166607,0.29384518,0.009495184,0.4,0.0,0.12522899,0.010407494,0.7602935,0.014075411,0.4,0.0,0.114829496,0.0125013
375316653866487564,5378127742764007040,0.64265525,2259.190829095251,3.497395770202446,3.1991706E-6,17.696745,0.0073848283,0.25267902,0.001273889,0.047411926,0.0027636336,0.37102166,0.020525333,0.75255686,0.0018730595,0.045113057,0.002614435,0.35967752,0.022926632,0.13610929,0.01481121,0.25267902,0.001273889,"TWOGAUSSIANS_WITH_ELLIPSOIDAL_ON_ECLIPSE1",9,6.9949117,0.25267902,0.001273889,0.2655068,0.015476348,0.6432395,0.010581793,0.7525669,0.0017850478,0.25263312,0.014640836,0.63189524,0.015967801
375316653866487564,5378134241050445056,0.65492195,2259.474829944026,3.2056210148157347,2.9691466E-6,15.361668,0.00576322,0.2480079,0.0010600347,0.04545169,0.0025634593,0.24375735,0.015335378,0.7501354,0.0014169455,0.049461063,0.0026215683,0.37760973,0.018892111,0.1168002,0.00754914,0.2480079,0.0010600347,"TWOGAUSSIANS_WITH_ELLIPSOIDAL_ON_ECLIPSE1",9,33.07147,0.7501354,0.0014169455,0.27698195,0.014680782,0.611167,0.018718438,0.2480079,0.0010600347,0.25452945,0.014355372,0.47735634,0.011428274
375316653866487564,5378135954741624576,0.49939087,2243.6761607643602,3.952597882107277,1.394722E-5,18.795107,0.004970847,0.32602498,0.006406646,0.078247264,0.00790457,0.13143592,0.007132888,0.8152245,0.007883412,0.06966073,0.00796276,0.12782425,0.016382415,null,null,null,null,"TWOGAUSSIANS",8,1.1794248,0.32602498,0.006406646,0.4,0.0,0.13076995,0.006881842,0.8152245,0.007883412,0.3901001,0.04201998,0.12715828,0.01644467
375316653866487564,5378140047846245248,0.48848838,2238.7198272708483,1.9727397733906464,3.446332E-5,16.592491,0.017950838,0.2573233,0.028566457,0.07112277,0.031828485,0.10567454,0.03888641,0.73077,0.005163088,0.033445686,0.00492254,0.34995607,0.046507593,0.012498818,0.017841829,0.2573233,0.028566457,"TWOGAUSSIANS_WITH_ELLIPSOIDAL_ON_ECLIPSE1",9,79.6876,0.73093,0.005100977,0.18729584,0.027566222,0.37407333,0.035348725,0.2573233,0.028566457,0.39828753,0.16448483,0.13047697,0.025392491
375316653866487564,5378147469551287680,0.6109427,2253.6658901914575,3.087398019412682,6.2734493E-6,15.735544,0.005173228,0.27772674,0.0016754757,0.071966216,0.0015168458,0.46695557,0.008229843,0.779701,0.0023000366,0.078118704,0.0022130269,0.5289958,0.007095538,null,null,null,null,"TWOGAUSSIANS",8,55.545372,0.779701,0.0023000366,0.4,0.0,0.52528816,0.0066792783,0.27772674,0.0016754757,0.4,9.096632E-4,0.46324793,0.0079044355
375316653866487564,5378161690183697280,0.4613813,2189.8621852171095,3.006953675041499,1.4420865E-5,19.465559,0.009515348,0.15834388,0.0041391277,0.040508293,0.0034048636,0.3921705,0.009930575,0.656274,0.003710331,0.03875622,0.0034595001,0.22984315,0.01881155,null,null,null,null,"TWOGAUSSIANS",8,4.6921825,0.15834388,0.0041391277,0.22684644,0.019067237,0.3921705,0.009930574,0.656274,0.003710331,0.21703485,0.0193732,0.22984315,0.01881155
375316653866487564,5378171212127300480,0.5186668,2281.8527738715666,3.64666280017893,5.7942394E-5,19.576258,0.007787227,0.27668944,0.0042824363,0.023945376,0.0044580405,0.7466395,0.13795343,0.7910584,0.0073279655,0.01618215,0.0053530484,4.796919,160.28903,null,null,null,null,"TWOGAUSSIANS",8,3.6372142,0.7910584,0.0073279655,0.09062005,0.029977072,4.796919,160.28903,0.27668944,0.0042824363,0.1340941,0.024965027,0.7466395,0.13795343
375316653866487564,5378178698254370944,0.6081729,2263.931071423494,3.584442703733293,6.1248193E-6,18.319685,0.008471765,0.19174294,0.0017841265,0.051526856,0.003612659,0.2660807,0.021885162,0.6932958,0.0054072426,0.043478336,0.008626886,0.12954569,0.024350584,0.1056653,0.011065754,0.19174294,0.0017841265,"TWOGAUSSIANS_WITH_ELLIPSOIDAL_ON_ECLIPSE1",9,2.3906443,0.19174294,0.0017841265,0.28855038,0.020230891,0.47740886,0.013165528,0.6932958,0.004873553,0.24347869,0.04831056,0.34085372,0.023724688
375316653866487564,5378183199380237568,0.46265197,2262.3554161066586,0.07173460207602905,3.2643824E-5,18.484945,0.0034362087,0.5901997,0.037487462,0.05757949,0.019071406,0.21131039,0.091929846,0.44976148,0.037711844,0.027237207,0.024273671,0.08408028,0.032454666,null,null,null,null,"TWOGAUSSIANS",8,3.8381922,0.5901997,0.03613776,0.32244515,0.10679987,0.21131052,0.0905389,0.4546015,0.034453318,0.15252836,0.13593256,0.09596531,0.023212086
375316653866487564,5378187361207460736,0.5044266,2290.2869048377456,3.3917064454060903,1.13729E-5,19.14214,0.013799196,0.26392382,0.004036051,0.08789424,0.008396791,0.33546776,0.017931296,0.7552399,0.0047594537,0.07814297,0.009759701,0.2804147,0.02140056,null,null,null,null,"TWOGAUSSIANS",8,4.5936027,0.26392382,0.004036051,0.4,0.0,0.32982978,0.01765451,0.7552399,0.0047594537,0.4,0.0,0.2747768,0.022095172
375316653866487564,5378199558914497280,0.73582745,2212.7132530279123,0.1495773674777523,1.1099658E-6,11.577257,0.0020249246,0.28243935,0.0011325198,0.023538224,6.504776E-4,1.2841191,0.034809858,0.7874915,0.0038511986,0.03301018,0.0060159434,0.090583235,0.020774296,0.031277858,0.004826946,0.7874915,0.0038511986,"TWOGAUSSIANS_WITH_ELLIPSOIDAL_ON_ECLIPSE2",9,79.94328,0.28244933,0.0011325198,0.13181405,0.0036426745,1.346612,0.034029346,0.7874915,0.0038511986,0.18485701,0.033689283,0.15313895,0.023940843
375316653866487564,5378201964096241152,0.51987135,2244.726351558755,3.4023540322731765,1.0741947E-5,16.657894,0.016630057,0.18455732,0.0030573253,0.07087484,0.0063533075,0.35757422,0.015252841,0.68091047,0.004349582,0.09465591,0.0070457854,0.3356216,0.01897018,null,null,null,null,"TWOGAUSSIANS",8,65.22072,0.18455732,0.0030573253,0.3968991,0.027010525,0.35091984,0.014197779,0.68091047,0.004349582,0.4,0.0,0.32896662,0.017498896
375316653866487564,5378206568298514560,0.47226542,2276.2056960113464,4.034580456684788,3.862249E-6,17.714123,0.6068669,0.27088222,0.0022627593,0.15560633,0.0125353,0.79611665,0.2562453,0.7590145,0.0026402618,0.26778892,0.064158596,1.2016026,0.59701675,null,null,null,null,"TWOGAUSSIANS",8,1.7626107,0.28032222,0.0016214759,0.4,0.0,0.22859688,0.0055400343,0.7590145,0.0026402618,0.4,0.0,0.22335924,0.0016703776
375316653866487564,5378208110191011968,0.54400194,2260.668598748611,2.8526848753631575,1.5664034E-5,18.16756,0.009792258,0.26079622,0.0035981121,0.07918312,0.0050526867,0.36378187,0.012259962,0.74116546,0.0066026235,0.07871205,0.006317743,0.40705127,0.023235885,null,null,null,null,"TWOGAUSSIANS",8,12.382796,0.74116546,0.0066026235,0.4,0.0,0.40362903,0.023341144,0.26079622,0.0035981121,0.4,0.0,0.36035964,0.01180844
375316653866487564,5378213852562263936,0.44705635,2135.7628820764735,0.03055361907272396,2.016092E-5,17.122185,0.003541905,0.18444712,0.0051372778,0.07655006,0.00736207,0.10311117,0.00553291,0.6233518,0.0024551814,0.029304532,0.0026137559,0.43947476,0.21444264,null,null,null,null,"TWOGAUSSIANS",8,3.6647437,0.6233518,0.0024551814,0.16410539,0.0146370325,0.43947455,0.21444277,0.18444712,0.0051372778,0.4,0.0,0.103110954,0.005532933
375316653866487564,5378219693717965440,0.5275175,2165.3694030442502,3.3284683619900997,6.4989968E-6,19.110828,0.009435369,0.26597625,0.002449265,0.07912736,0.003379266,0.45506275,0.018481003,0.76981443,0.0025511105,0.08256546,0.0037307155,0.40089777,0.012200735,null,null,null,null,"TWOGAUSSIANS",8,2.7720156,0.26597625,0.002449265,0.4,0.0,0.44841957,0.018507566,0.76981443,0.0025511105,0.4,0.0,0.3942546,0.01195286
375316653866487564,5378231028136752000,0.5380233,2152.927336002995,3.1165075221999294,1.2225399E-5,17.982002,0.046983905,0.25989822,0.0029163298,0.056230694,0.026412336,0.11764291,0.088727586,0.7912486,0.01667647,0.042567413,0.026272519,0.15541683,0.08862379,0.09031473,0.04998205,0.25989822,0.0029163298,"TWOGAUSSIANS_WITH_ELLIPSOIDAL_ON_ECLIPSE1",9,10.483796,0.7912486,0.01667647,0.23837751,0.14712611,0.32912138,0.042747896,0.25989822,0.0029163298,0.31489187,0.115841135,0.29826593,0.018100867
375316653866487564,5378233433318607232,0.48507693,2159.843476590537,2.8173280969457735,2.0203272E-5,17.948214,0.035545446,0.24160834,0.004534911,0.112253174,0.02167921,0.1822891,0.0303076,0.74078804,0.007736295,0.10328816,0.018777106,0.2031819,0.03404702,null,null,null,null,"TWOGAUSSIANS",8,8.367005,0.74078804,0.0077472017,0.4,0.0,0.17742473,0.012001512,0.24160834,0.004534566,0.4,0.0,0.1565173,0.010964738
375316653866487564,5378236289474294400,0.45238754,2139.5563055545153,2.73508950174475,2.0077368E-5,17.52616,0.004702254,0.44328818,0.0027294685,0.038674522,0.0047468576,0.27109388,0.03658442,0.8209222,0.016318234,0.0074164215,0.0094608115,0.03398254,0.027441466,null,null,null,null,"TWOGAUSSIANS",8,23.896084,0.44328818,0.0027294685,0.21657732,0.026582401,0.27109388,0.03658442,0.8209222,0.016318234,0.04153196,0.052980546,0.03398254,0.027441466
375316653866487564,5378236942309329920,0.7028586,2150.524576611525,0.1418169412822991,4.388826E-6,14.908301,0.0013564391,0.23682831,8.7645865E-4,0.02455539,7.187288E-4,1.0418587,0.0103167975,0.73685056,5.394813E-4,0.02827198,7.3932996E-4,0.21088594,0.0061225174,0.046725314,0.002469181,0.23682831,8.7645865E-4,"TWOGAUSSIANS_WITH_ELLIPSOIDAL_ON_ECLIPSE1",9,22.83524,0.23682831,8.7645865E-4,0.13751018,0.0040248814,1.1353092,0.010614623,0.73685056,5.326631E-4,0.1583231,0.004140248,0.3043365,0.0058366684
375316653866487564,5378237900084766336,0.53733,2131.7626272551624,1.063666108497835,1.721452E-5,18.222956,0.0031168687,0.2875829,0.0055719567,0.0151347285,0.011315601,0.3396378,0.019381868,0.7864232,0.004471812,0.029482188,0.00683711,0.1296662,0.056342196,0.03551715,0.0042291735,0.2875829,0.0055719567,"TWOGAUSSIANS_WITH_ELLIPSOIDAL_ON_ECLIPSE1",9,4.069382,0.2875829,0.0055719567,0.08475448,0.06336737,0.41067207,0.01933107,0.7864632,0.0043447474,0.16510025,0.038287815,0.20069686,0.057379458
375316653866487564,5378243367580472576,0.56882614,2162.714533315783,0.27069248123836115,1.2762684E-5,12.409053,0.001859687,0.38562924,3.9639178E-4,0.011632529,5.694244E-4,0.43042523,0.008526196,null,null,null,null,null,null,0.0030591493,0.0028594064,0.38562924,3.9639178E-4,"ONEGAUSSIAN_WITH_ELLIPSOIDAL",6,279.53525,0.38562924,3.9639178E-4,0.06514216,0.0031887768,0.43654352,0.0077245175,null,null,null,null,null,null
375316653866487564,5378246631751957248,0.50584847,2168.82791858942,3.52920576271262,7.5367248E-6,18.551886,0.027527992,0.31353492,0.003687445,0.0999247,0.011835405,0.23800707,0.02491857,0.79155266,0.0046667275,0.110472254,0.013543637,0.20285489,0.026487539,null,null,null,null,"TWOGAUSSIANS",8,2.8209417,0.3135549,0.0036565887,0.4,0.0,0.21791942,0.010637014,0.79155266,0.0046667275,0.4,0.0,0.18274975,0.009712155
375316653866487564,5378248208006157824,0.43253195,2292.7447129129528,0.07175979136297937,3.5492798E-5,19.33559,0.010935183,0.35437378,0.0075072017,0.08534033,0.0073335473,0.18825363,0.014348447,0.72601694,0.023437638,0.059941776,0.014631208,0.06351026,0.021576712,null,null,null,null,"TWOGAUSSIANS",8,2.8392673,0.35437378,0.0075072017,0.4,0.0,0.18823317,0.014327872,0.72601694,0.023437638,0.33567396,0.081934765,0.06350415,0.021564765
375316653866487564,5378251747059505152,0.5101253,2202.094148459692,1.5426108487299506,1.7239967E-5,18.993893,0.009291787,0.3470322,0.024173701,0.027529715,0.013485408,0.33376566,0.07048617,0.84049463,0.0028542068,0.019637708,0.0020493963,0.72221166,0.15379453,null,null,null,null,"TWOGAUSSIANS",8,7.5427375,0.84049463,0.0028542068,0.109971166,0.011476619,0.72221166,0.15379453,0.3470322,0.024173701,0.1541664,0.07551829,0.33376566,0.07048617
375316653866487564,5378261062845847808,0.5915941,2233.139657116492,3.0669387473917245,7.3732854E-6,16.290752,0.0041491473,0.22642094,0.0021554974,0.085382886,0.0033354429,0.15958394,0.006315367,0.72803783,0.001761,0.0856707,0.0036256881,0.16851357,0.0038735217,null,null,null,null,"TWOGAUSSIANS",8,6.043509,0.72803783,0.001761,0.4,0.0,0.16406204,0.002944224,0.22642094,0.0021554974,0.4,0.0,0.15513241,0.006211907
375316653866487564,5378265941928589824,0.5506467,2194.997021162353,3.1617277981375214,8.419971E-6,15.369747,0.011773774,0.25877815,0.02126258,0.038270373,0.02069847,0.042742323,0.03336461,0.76846206,0.002654403,0.049184043,0.004025355,0.27849633,0.031508848,0.07530867,0.019967642,0.76846206,0.002654403,"TWOGAUSSIANS_WITH_ELLIPSOIDAL_ON_ECLIPSE2",9,188.87192,0.76846206,0.002654403,0.27543065,0.022541989,0.42911297,0.01649894,0.26158816,0.015482445,0.21431409,0.115911424,0.19296311,0.019111942
