Gaia/vari_eclipsing_binary/VariEclipsingBinary_674608-674621.csv
# %ECSV 1.0
# ---
# delimiter: ','
# meta: !!omap
# - RELEASE: Gaia DR3
# - TABLE: vari_eclipsing_binary
# - DESCRIPTION: >
#     This table describes the properties of the eclipsing binaries resulting from the variability analysis. 
# - CITATION: >
#     How to cite and acknowledge Gaia: 
#     https://gea.esac.esa.int/archive/documentation/credits.html 
# - KNOWN_ISSUES: >
#     Known issues: 
#     https://www.cosmos.esa.int/web/gaia-users/known-issues 
# - DOCUMENTATION: >
#     Tutorials and documentation: 
#     https://www.cosmos.esa.int/web/gaia-users/archive 
# datatype:
# - 
#   name: solution_id
#   datatype: int64
#   description: Solution Identifier
#   meta:
#     ucd: meta.version
# - 
#   name: source_id
#   datatype: int64
#   description: Unique source identifier
#   meta:
#     ucd: meta.id;meta.main
# - 
#   name: global_ranking
#   datatype: float32
#   description: Number between 0 (worst) and 1 (best)
#   meta:
#     ucd: stat.param
# - 
#   name: reference_time
#   datatype: float64
#   unit: d
#   description: Reference time used for the geometric model fit
#   meta:
#     ucd: time.epoch
# - 
#   name: frequency
#   datatype: float64
#   unit: d**-1
#   description: Frequency of geometric model of the eclipsing binary light curve
#   meta:
#     ucd: src.orbital
# - 
#   name: frequency_error
#   datatype: float32
#   unit: d**-1
#   description: "Uncertainty of \\texttt{frequency}"
#   meta:
#     ucd: stat.error
# - 
#   name: geom_model_reference_level
#   datatype: float32
#   unit: mag
#   description: Magnitude reference level of geometric model
#   meta:
#     ucd: phot.mag;em.opt
# - 
#   name: geom_model_reference_level_error
#   datatype: float32
#   unit: mag
#   description: "Uncertainty of \\texttt{geomModelReferenceLevel}"
#   meta:
#     ucd: stat.error;phot.mag;em.opt
# - 
#   name: geom_model_gaussian1_phase
#   datatype: float32
#   description: Phase of the Gaussian 1 component
#   meta:
#     ucd: time.phase
# - 
#   name: geom_model_gaussian1_phase_error
#   datatype: float32
#   description: "Uncertainty of \\texttt{geomModelGaussian1Phase}"
#   meta:
#     ucd: stat.error;time.phase
# - 
#   name: geom_model_gaussian1_sigma
#   datatype: float32
#   description: "Standard deviation [phase] of Gaussian 1 component"
#   meta:
#     ucd: stat.stdev
# - 
#   name: geom_model_gaussian1_sigma_error
#   datatype: float32
#   description: "Uncertainty of \\texttt{geomModelGaussian1Sigma}"
#   meta:
#     ucd: stat.error
# - 
#   name: geom_model_gaussian1_depth
#   datatype: float32
#   unit: mag
#   description: Magnitude depth of Gaussian 1 component
#   meta:
#     ucd: src.var.amplitude
# - 
#   name: geom_model_gaussian1_depth_error
#   datatype: float32
#   unit: mag
#   description: "Uncertainty of \\texttt{geomModelGaussian1Depth}"
#   meta:
#     ucd: stat.error;src.var.amplitude
# - 
#   name: geom_model_gaussian2_phase
#   datatype: float32
#   description: Phase of Gaussian 2 component
#   meta:
#     ucd: time.phase
# - 
#   name: geom_model_gaussian2_phase_error
#   datatype: float32
#   description: "Uncertainty of \\texttt{geomModelGaussian2Phase}"
#   meta:
#     ucd: stat.error;time.phase
# - 
#   name: geom_model_gaussian2_sigma
#   datatype: float32
[...]
#   datatype: float32
#   description: "Secondary eclipse: uncertainty of \\texttt{derivedSecondaryEclDuration}"
#   meta:
#     ucd: stat.error;time.duration
# - 
#   name: derived_secondary_ecl_depth
#   datatype: float32
#   unit: mag
#   description: "Secondary eclipse: depth"
#   meta:
#     ucd: src.var.amplitude
# - 
#   name: derived_secondary_ecl_depth_error
#   datatype: float32
#   unit: mag
#   description: "Secondary eclipse: uncertainty of \\texttt{derivedSecondaryEclDepth}"
#   meta:
#     ucd: stat.error;src.var.amplitude
solution_id,source_id,global_ranking,reference_time,frequency,frequency_error,geom_model_reference_level,geom_model_reference_level_error,geom_model_gaussian1_phase,geom_model_gaussian1_phase_error,geom_model_gaussian1_sigma,geom_model_gaussian1_sigma_error,geom_model_gaussian1_depth,geom_model_gaussian1_depth_error,geom_model_gaussian2_phase,geom_model_gaussian2_phase_error,geom_model_gaussian2_sigma,geom_model_gaussian2_sigma_error,geom_model_gaussian2_depth,geom_model_gaussian2_depth_error,geom_model_cosine_half_period_amplitude,geom_model_cosine_half_period_amplitude_error,geom_model_cosine_half_period_phase,geom_model_cosine_half_period_phase_error,model_type,num_model_parameters,reduced_chi2,derived_primary_ecl_phase,derived_primary_ecl_phase_error,derived_primary_ecl_duration,derived_primary_ecl_duration_error,derived_primary_ecl_depth,derived_primary_ecl_depth_error,derived_secondary_ecl_phase,derived_secondary_ecl_phase_error,derived_secondary_ecl_duration,derived_secondary_ecl_duration_error,derived_secondary_ecl_depth,derived_secondary_ecl_depth_error
[from data line 546]
375316653866487564,5934008527969740800,0.44162863,2188.581828230053,2.6908550697929403,2.7586786E-5,19.683432,0.03952298,0.26926464,0.03748481,0.09609929,0.04628401,0.16031486,0.040041838,0.771721,0.0069479463,0.08062627,0.015274352,0.25515172,0.034727324,null,null,null,null,"TWOGAUSSIANS",8,3.4439554,0.771721,0.0069479463,0.4,0.0,0.2482651,0.021252865,0.26926464,0.03748481,0.4,0.07994782,0.15342782,0.034661997
375316653866487564,5934008527969750784,0.53141123,2216.931183417634,3.068643191513495,1.6980195E-5,18.204704,0.010276708,0.28168035,0.005216432,0.08455973,0.0057417294,0.263905,0.010931246,0.776517,0.0042917747,0.09320559,0.009090149,0.21831203,0.013995356,null,null,null,null,"TWOGAUSSIANS",8,4.45512,0.28168035,0.005216432,0.4,0.0,0.25549933,0.008121685,0.776517,0.0042917747,0.4,0.0,0.20990613,0.015026794
375316653866487564,5934008905967424640,0.48067835,2245.2939844781386,4.433668364118714,9.2145245E-5,18.09032,0.022740956,0.45922086,0.026557164,0.05943205,0.058171958,0.07829545,0.05272061,0.27864078,0.08314946,0.16203545,0.06304414,0.13424422,0.045441497,null,null,null,null,"TWOGAUSSIANS",8,6.5786853,0.43455085,0.0548364,0.33281946,0.3174444,0.15403472,0.052496925,0.2933108,0.32711983,0.4,0.0,0.13298784,0.06154617
375316653866487564,5934008974686887936,0.4836869,2247.743394078696,0.19857772193175946,7.7085584E-5,14.6108265,0.002137836,0.40982446,0.029691411,0.043436218,0.021023128,0.19012856,0.1190471,0.61256844,0.29594433,0.032125544,0.0192343,0.003697679,0.0020514051,null,null,null,null,"TWOGAUSSIANS",8,210.64116,0.40982446,0.029691411,0.24324282,0.11772952,0.19012856,0.1190471,0.61256844,0.29594433,0.17990305,0.10771208,0.0037012117,0.002049511
375316653866487564,5934009043406226176,0.61100143,2209.3975203120062,1.831982136069849,5.193473E-6,16.447836,0.005998894,0.2830389,0.0010151098,0.09324354,0.0026254056,0.33574602,0.0076678954,0.79312587,0.0033792367,0.09742324,0.004972264,0.19934474,0.0072726705,null,null,null,null,"TWOGAUSSIANS",8,7.4136095,0.2830389,0.0010151098,0.4,0.0,0.3214805,0.0078193275,0.79312587,0.0033792367,0.4,0.0,0.1850788,0.006473246
375316653866487564,5934009077725696384,0.48913518,2187.5395185881257,2.863285586719738,2.8569975E-5,19.160892,0.0056227995,0.27216908,0.0055175503,0.05801065,0.0071377396,0.14604978,0.006400036,0.7868545,0.011772064,0.07666756,0.008296215,0.13253239,0.013545807,null,null,null,null,"TWOGAUSSIANS",8,1.7401052,0.27216908,0.0055175503,0.32485965,0.039971344,0.14586551,0.0063028065,0.7868545,0.011772064,0.4,0.0,0.13234812,0.013521771
375316653866487564,5934009077725709952,0.6063092,2195.497241076341,3.620321192663729,8.52129E-6,18.58698,0.01150706,0.2606196,0.002451333,0.048170004,0.0034650057,0.5819235,0.0348268,0.761757,0.006215099,0.04235717,0.0049757045,0.41774052,0.06997367,0.12762024,0.016876668,0.2606196,0.002451333,"TWOGAUSSIANS_WITH_ELLIPSOIDAL_ON_ECLIPSE1",9,3.8166332,0.2606196,0.002451333,0.26975203,0.019404031,0.83716303,0.02733047,0.761757,0.0060496144,0.23720014,0.027863946,0.672967,0.056792982
375316653866487564,5934009382637721344,0.57996345,2258.5432153852876,2.8312058835617395,9.15492E-6,17.953617,0.01640308,0.25088114,0.0039693997,0.09214975,0.0066283755,0.35459638,0.017338453,0.7564872,0.0014086273,0.08614781,0.004802158,0.31338486,0.0153151415,null,null,null,null,"TWOGAUSSIANS",8,4.3917484,0.25088114,0.0039693997,0.4,0.0,0.34261766,0.014084485,0.7564872,0.0014086273,0.4,0.0,0.3014064,0.011102202
375316653866487564,5934009558802099840,0.63117623,2255.1943104531115,0.8408565027928503,7.108687E-6,16.287617,0.0025151335,0.30782077,0.0021627329,0.041899588,0.0023968464,0.47767153,0.03293028,0.80384487,0.005171122,0.0403385,0.010297454,0.050146323,0.020251997,0.010682909,0.0036678102,0.30782077,0.0021627329,"TWOGAUSSIANS_WITH_ELLIPSOIDAL_ON_ECLIPSE1",9,6.622454,0.30782077,0.0021627329,0.23463771,0.01342234,0.4990373,0.034801263,0.80405486,0.0048580184,0.22589561,0.057665743,0.071499445,0.021009684
375316653866487564,5934009623124446080,0.5962829,2251.7005527074994,0.6116033476750499,3.6031076E-6,18.301577,0.0040391185,0.20533867,6.0636573E-4,0.025207063,5.445596E-4,0.8882122,0.031497378,0.7013046,0.005610848,0.04045708,0.0058374703,0.18127623,0.010164299,null,null,null,null,"TWOGAUSSIANS",8,4.627995,0.20533867,6.0636573E-4,0.14115955,0.0030495338,0.8882122,0.031497378,0.7013046,0.005610848,0.22655965,0.032689836,0.18127623,0.010164299
375316653866487564,5934009661840452736,0.5105669,2248.927077289506,1.8326801681368272,3.683266E-5,19.549404,0.030866798,0.20326139,0.051553834,0.060854666,0.047532655,0.23979522,0.05842511,0.71602345,0.0060301353,0.058136493,0.007345461,0.62910455,0.09335913,null,null,null,null,"TWOGAUSSIANS",8,6.6442475,0.71602345,0.0060301353,0.32556435,0.04113458,0.62903374,0.09305379,0.20326139,0.051553834,0.34078613,0.16762911,0.23972441,0.057451896
375316653866487564,5934009661842576768,0.51382226,2240.7348855665923,2.317133444313353,1.8611907E-5,19.855125,0.039147813,0.25890577,0.009985606,0.070323505,0.013557239,0.42371163,0.0789666,0.75507504,0.0033128615,0.072594635,0.007536325,0.5596832,0.03770747,null,null,null,null,"TWOGAUSSIANS",8,3.8465197,0.75507504,0.0033128615,0.4,0.02638948,0.557731,0.036383823,0.25890577,0.009985606,0.3938116,0.04841433,0.4217594,0.07950684
375316653866487564,5934009730600810624,0.51798755,2267.863597785967,1.9981793406072361,1.4143286E-5,17.082205,0.01503899,0.31200463,0.004256286,0.100421615,0.016423758,0.126566,0.009236941,0.79788834,0.004225875,0.09614989,0.017484983,0.115768135,0.010207028,null,null,null,null,"TWOGAUSSIANS",8,4.839142,0.31200463,0.004251986,0.4,0.0,0.118642844,0.007456513,0.79788834,0.004225875,0.4,0.0,0.10784589,0.0053076
375316653866487564,5934009764919679232,0.45521793,2260.8643439264324,0.07422132952062754,9.535808E-5,19.09335,0.008174779,0.38750017,0.005949603,0.07473751,0.008700926,0.2136325,0.018391797,0.9215672,0.012039571,0.015210476,0.0077078254,0.064677484,0.02280545,null,null,null,null,"TWOGAUSSIANS",8,4.4748907,0.38750017,0.005949603,0.4,0.0015115474,0.21363248,0.018391795,0.9215672,0.012039571,0.085178666,0.04316382,0.06467748,0.02280546
375316653866487564,5934009799320313600,0.5252526,2248.420549208337,1.4665360495003124,4.2243086E-5,17.580599,0.0027174624,0.232997,0.0114950845,0.017425278,0.012017201,0.0142396055,0.008253164,0.7258857,0.0071765366,0.046424586,0.009470893,0.116064265,0.016701965,0.020061327,0.0030528414,0.232997,0.0114950845,"TWOGAUSSIANS_WITH_ELLIPSOIDAL_ON_ECLIPSE1",9,3.578399,0.7262757,0.00650072,0.2599777,0.053037,0.15611129,0.017782832,0.232997,0.0114950845,0.09758156,0.067296326,0.054362234,0.008362048
375316653866487564,5934009833638988416,0.5838833,2224.430919184087,2.330546721888779,9.328543E-6,18.180634,0.012133605,0.28429657,0.0023580913,0.042888045,0.010241893,0.1753683,0.050777655,0.78683335,0.00844885,0.04569023,0.010186184,0.16585055,0.042412642,0.13495596,0.01592967,0.28429657,0.0023580913,"TWOGAUSSIANS_WITH_ELLIPSOIDAL_ON_ECLIPSE1",9,5.383133,0.28429657,0.0023580913,0.24017304,0.057354603,0.44527957,0.056284126,0.78683335,0.0080659585,0.2558653,0.057042632,0.43569326,0.0332768
375316653866487564,5934010005478721280,0.5221212,2242.7207758595073,0.42599153195603123,2.530905E-5,17.392273,0.0043551093,0.42186487,0.004413166,0.009710458,0.0018852165,0.8729982,0.4736216,0.91113585,0.017928272,0.021354232,0.008955319,0.1783453,0.0493477,null,null,null,null,"TWOGAUSSIANS",8,21.634207,0.42186487,0.004413166,0.05437856,0.010557212,0.8729982,0.4736216,0.91113585,0.017928272,0.1195837,0.05014979,0.1783453,0.0493477
375316653866487564,5934010245996921088,0.5888392,2227.93468568953,2.7404337102855574,6.188347E-6,17.021797,0.01634771,0.26338437,0.0019186019,0.055421267,0.00898514,0.2495161,0.022810046,0.7714723,0.005265339,0.05775353,0.0079187285,0.19110414,0.038109962,0.08684021,0.01973375,0.26338437,0.0019186019,"TWOGAUSSIANS_WITH_ELLIPSOIDAL_ON_ECLIPSE1",9,11.909467,0.26338437,0.0019186019,0.3103591,0.05031679,0.4231781,0.024843546,0.7714723,0.005265339,0.32341978,0.04434488,0.364318,0.023081217
375316653866487564,5934010383396504960,0.53731793,2226.570615702341,2.4776869340083834,1.4965925E-5,18.585058,0.014005363,0.3069731,0.0027139364,0.08625748,0.008630961,0.3106472,0.023987742,0.7985404,0.0039933524,0.08767214,0.005508164,0.30552608,0.014515444,null,null,null,null,"TWOGAUSSIANS",8,3.8203182,0.3069731,0.0027139364,0.4,0.0,0.30205533,0.026614679,0.7985404,0.0039933524,0.4,0.0,0.2969342,0.010727883
375316653866487564,5934010516481079296,0.5996744,2247.9166051492407,0.6801451095729713,1.5176384E-5,16.699297,0.00359237,0.23372316,0.0057735154,0.04402775,0.0053770635,0.22835743,0.013329655,0.7379233,0.011134664,0.03947282,0.007352526,0.24447891,0.029919919,0.037005052,0.0048789387,0.23372316,0.0057735154,"TWOGAUSSIANS_WITH_ELLIPSOIDAL_ON_ECLIPSE1",9,5.9053497,0.7379233,0.011134664,0.22104777,0.041174147,0.31843728,0.02770755,0.23372316,0.0057735154,0.24655539,0.030111555,0.30236733,0.011292199
375316653866487564,5934010791377757568,0.505115,2214.097521287986,2.7913735319228405,1.7177726E-5,18.276442,0.011453723,0.2023548,0.004926123,0.03913552,0.009433785,0.11979357,0.026476007,0.7316903,0.013796415,0.06160955,0.012156371,0.09185315,0.039233208,0.09099017,0.017307997,0.2023548,0.004926123,"TWOGAUSSIANS_WITH_ELLIPSOIDAL_ON_ECLIPSE1",9,8.434118,0.2023548,0.004926123,0.2191589,0.052829202,0.30177066,0.012627274,0.7316903,0.013796415,0.3450135,0.06807568,0.26771736,0.024147773
375316653866487564,5934011036270959616,0.5196323,2232.7417702591147,0.3702107319943981,1.5050654E-5,13.411195,0.0032375404,0.26213938,0.00951812,0.028442433,0.007010614,0.075294055,0.021325672,0.75781906,0.034757484,0.02893911,0.054634392,0.21302651,0.18072332,0.009504035,0.004426817,0.26213938,0.00951812,"TWOGAUSSIANS_WITH_ELLIPSOIDAL_ON_ECLIPSE1",9,64.36743,0.75784904,0.02866294,0.16205901,0.23710133,0.23202065,0.18190421,0.26213938,0.00951812,0.15927762,0.039259437,0.09430211,0.021329185
375316653866487564,5934011272392099584,0.61564815,2211.7071942065,2.2037709018093623,4.015785E-6,16.735868,0.003506693,0.24342747,0.0015659822,0.08413516,0.0015672372,0.4264222,0.009455862,0.74294096,0.0010620748,0.083328076,0.0017272743,0.44074294,0.008169534,null,null,null,null,"TWOGAUSSIANS",8,9.891945,0.74294096,0.0010620748,0.4,0.0,0.43077806,0.00846937,0.24342747,0.0015659822,0.4,0.0,0.41645733,0.009532159
375316653866487564,5934011311108392576,0.54524565,2224.0127087878614,0.48199340751264996,1.3089987E-5,17.880928,0.0030985172,0.24077322,0.0013997024,0.03481639,0.0030097638,0.3738674,0.014902141,0.71492475,0.01453085,0.04574984,0.009642079,0.40737665,0.15633735,null,null,null,null,"TWOGAUSSIANS",8,4.6351314,0.71492475,0.01453085,0.2561991,0.05399564,0.40737665,0.15633737,0.24077322,0.0013997024,0.19497178,0.016854677,0.3738674,0.014902141
375316653866487564,5934011620387177344,0.43641025,2207.8413958846504,0.05948358789448519,2.260181E-5,18.42656,0.0053973743,0.28801936,0.011009068,0.08197339,0.0061543155,0.19606835,0.029520823,0.8722063,0.0038921689,0.01451731,0.0053258697,0.49524328,2.3178422,null,null,null,null,"TWOGAUSSIANS",8,7.564093,0.8722063,0.0038921689,0.081296936,0.02982487,0.4952438,2.3178422,0.28801936,0.011009068,0.4,0.0,0.19606835,0.029520823
375316653866487564,5934012135783306624,0.49070215,2210.8829013745008,1.2170674138216417,2.1532478E-5,17.101906,0.0029997886,0.2439949,0.0047846735,0.026321646,0.0052255094,0.11205083,0.05635565,0.742919,0.007033512,0.034030095,0.008222111,0.20772864,0.06715313,0.013427593,0.004206476,0.2439949,0.0047846735,"TWOGAUSSIANS_WITH_ELLIPSOIDAL_ON_ECLIPSE1",9,7.163852,0.74292904,0.0069882455,0.19056852,0.046043817,0.2345826,0.068691015,0.2439949,0.0047846735,0.14740121,0.029262852,0.13890602,0.056678243
375316653866487564,5934012135783307392,0.49994063,2193.105034407382,0.7121499608440434,1.3763777E-5,14.962028,7.547849E-4,null,null,null,null,null,null,null,null,null,null,null,null,0.023866508,9.821221E-4,0.24212646,0.0035830627,"ELLIPSOIDAL",4,10.616625,null,null,null,null,null,null,null,null,null,null,null,null
375316653866487564,5934012376264116224,0.51784617,2194.8624422868215,2.216030124084278,1.5412726E-5,19.692543,0.008858503,0.29318738,0.0042640436,0.06459748,0.0063720807,0.29531145,0.024046041,0.8012235,0.006353454,0.069455996,0.008370276,0.31034303,0.029813357,null,null,null,null,"TWOGAUSSIANS",8,1.2818556,0.8012235,0.006353454,0.3889536,0.031269856,0.30988228,0.030051155,0.29318738,0.0042640436,0.36174586,0.03568365,0.2948507,0.024138492
375316653866487564,5934012513740469888,0.5568614,2215.7354899433863,3.64975396152991,1.2202793E-5,19.482769,0.011643747,0.2618366,0.0023723922,0.07108219,0.0030939495,0.540762,0.030447643,0.7657187,0.0037753806,0.054151658,0.004660723,0.7347508,0.048013836,null,null,null,null,"TWOGAUSSIANS",8,3.1991422,0.7657187,0.0037753806,0.30324927,0.026100047,0.73437816,0.048142496,0.2618366,0.0023723922,0.39806026,0.011384892,0.5403894,0.030519325
375316653866487564,5934012887310631424,0.5551914,2224.2565297098695,3.1806054543393363,1.7123271E-5,19.057716,0.012980561,0.29516873,0.0073290113,0.03404061,0.008661973,0.6050262,1.6098996,0.78910404,0.0017252037,0.040651042,0.0035923573,0.7746483,0.09809144,0.061821826,0.020541156,0.29516873,0.0073290113,"TWOGAUSSIANS_WITH_ELLIPSOIDAL_ON_ECLIPSE1",9,5.496429,0.789224,0.0016821566,0.22764583,0.0201172,0.8981161,0.10529159,0.29516873,0.0073290113,0.19062743,0.048507053,0.72866976,1.6099142
375316653866487564,5934012921690726400,0.5848595,2202.8302355004676,1.2927431358778105,1.3749451E-5,19.060127,0.008442758,0.14902933,0.0016928627,0.07155824,0.0024905722,0.61161715,0.0099576535,0.655727,0.042448517,0.07892895,0.02290593,0.22432752,0.055899333,null,null,null,null,"TWOGAUSSIANS",8,2.2037792,0.14902933,0.0016928627,0.4,0.006378327,0.6091601,0.009609612,0.655727,0.042448517,0.4,0.08136437,0.22187053,0.054389685
375316653866487564,5934013235295089408,0.47125483,2219.400774071284,2.6419816809425734,5.038841E-5,18.691809,0.0032678032,0.19960819,0.008174891,0.049663622,0.022230878,0.022003107,0.034533393,0.6758383,0.008882373,0.01449111,0.016267464,0.0690375,0.051218327,0.04384375,0.005141159,0.19960819,0.008174891,"TWOGAUSSIANS_WITH_ELLIPSOIDAL_ON_ECLIPSE1",9,2.3826199,0.6763183,0.008604587,0.08115022,0.091097794,0.15482262,0.057625756,0.19960819,0.008174891,0.2781163,0.12449292,0.10969045,0.033539418
375316653866487564,5934013544532771072,0.66050655,2210.619138455875,1.1213231042475043,6.420813E-6,17.58358,0.00997571,0.20166174,0.002785267,0.050145168,0.0088524595,0.09584009,0.023712099,0.69803405,0.0013725465,0.05100536,0.0026129838,0.39891997,0.023908896,0.06348933,0.015160287,0.20166174,0.002785267,"TWOGAUSSIANS_WITH_ELLIPSOIDAL_ON_ECLIPSE1",9,2.595413,0.69825405,0.0012678222,0.28563002,0.014632709,0.52583426,0.009969643,0.20166174,0.002785267,0.28081295,0.049573775,0.22281627,0.008820989
375316653866487564,5934013785050790144,0.6407904,2192.4364258835926,1.0848178293300492,1.9535932E-5,16.355991,0.0013018035,0.23541099,0.007916095,0.03541739,0.011437847,0.045897324,0.025308209,0.73983544,0.0011855118,0.025655245,0.0017298482,0.53994673,0.061721943,0.015635846,0.0020156794,0.23541099,0.007916095,"TWOGAUSSIANS_WITH_ELLIPSOIDAL_ON_ECLIPSE1",9,4.217221,0.73983544,0.0011855118,0.14366937,0.00968715,0.57119423,0.06253307,0.23541099,0.007916095,0.19833739,0.06405195,0.07716901,0.024552632
