Gaia/vari_eclipsing_binary/VariEclipsingBinary_668513-668562.csv
# %ECSV 1.0
# ---
# delimiter: ','
# meta: !!omap
# - RELEASE: Gaia DR3
# - TABLE: vari_eclipsing_binary
# - DESCRIPTION: >
#     This table describes the properties of the eclipsing binaries resulting from the variability analysis. 
# - CITATION: >
#     How to cite and acknowledge Gaia: 
#     https://gea.esac.esa.int/archive/documentation/credits.html 
# - KNOWN_ISSUES: >
#     Known issues: 
#     https://www.cosmos.esa.int/web/gaia-users/known-issues 
# - DOCUMENTATION: >
#     Tutorials and documentation: 
#     https://www.cosmos.esa.int/web/gaia-users/archive 
# datatype:
# - 
#   name: solution_id
#   datatype: int64
#   description: Solution Identifier
#   meta:
#     ucd: meta.version
# - 
#   name: source_id
#   datatype: int64
#   description: Unique source identifier
#   meta:
#     ucd: meta.id;meta.main
# - 
#   name: global_ranking
#   datatype: float32
#   description: Number between 0 (worst) and 1 (best)
#   meta:
#     ucd: stat.param
# - 
#   name: reference_time
#   datatype: float64
#   unit: d
#   description: Reference time used for the geometric model fit
#   meta:
#     ucd: time.epoch
# - 
#   name: frequency
#   datatype: float64
#   unit: d**-1
#   description: Frequency of geometric model of the eclipsing binary light curve
#   meta:
#     ucd: src.orbital
# - 
#   name: frequency_error
#   datatype: float32
#   unit: d**-1
#   description: "Uncertainty of \\texttt{frequency}"
#   meta:
#     ucd: stat.error
# - 
#   name: geom_model_reference_level
#   datatype: float32
#   unit: mag
#   description: Magnitude reference level of geometric model
#   meta:
#     ucd: phot.mag;em.opt
# - 
#   name: geom_model_reference_level_error
#   datatype: float32
#   unit: mag
#   description: "Uncertainty of \\texttt{geomModelReferenceLevel}"
#   meta:
#     ucd: stat.error;phot.mag;em.opt
# - 
#   name: geom_model_gaussian1_phase
#   datatype: float32
#   description: Phase of the Gaussian 1 component
#   meta:
#     ucd: time.phase
# - 
#   name: geom_model_gaussian1_phase_error
#   datatype: float32
#   description: "Uncertainty of \\texttt{geomModelGaussian1Phase}"
#   meta:
#     ucd: stat.error;time.phase
# - 
#   name: geom_model_gaussian1_sigma
#   datatype: float32
#   description: "Standard deviation [phase] of Gaussian 1 component"
#   meta:
#     ucd: stat.stdev
# - 
#   name: geom_model_gaussian1_sigma_error
#   datatype: float32
#   description: "Uncertainty of \\texttt{geomModelGaussian1Sigma}"
#   meta:
#     ucd: stat.error
# - 
#   name: geom_model_gaussian1_depth
#   datatype: float32
#   unit: mag
#   description: Magnitude depth of Gaussian 1 component
#   meta:
#     ucd: src.var.amplitude
# - 
#   name: geom_model_gaussian1_depth_error
#   datatype: float32
#   unit: mag
#   description: "Uncertainty of \\texttt{geomModelGaussian1Depth}"
#   meta:
#     ucd: stat.error;src.var.amplitude
# - 
#   name: geom_model_gaussian2_phase
#   datatype: float32
#   description: Phase of Gaussian 2 component
#   meta:
#     ucd: time.phase
# - 
#   name: geom_model_gaussian2_phase_error
#   datatype: float32
#   description: "Uncertainty of \\texttt{geomModelGaussian2Phase}"
#   meta:
#     ucd: stat.error;time.phase
# - 
#   name: geom_model_gaussian2_sigma
#   datatype: float32
[...]
#   datatype: float32
#   description: "Secondary eclipse: uncertainty of \\texttt{derivedSecondaryEclDuration}"
#   meta:
#     ucd: stat.error;time.duration
# - 
#   name: derived_secondary_ecl_depth
#   datatype: float32
#   unit: mag
#   description: "Secondary eclipse: depth"
#   meta:
#     ucd: src.var.amplitude
# - 
#   name: derived_secondary_ecl_depth_error
#   datatype: float32
#   unit: mag
#   description: "Secondary eclipse: uncertainty of \\texttt{derivedSecondaryEclDepth}"
#   meta:
#     ucd: stat.error;src.var.amplitude
solution_id,source_id,global_ranking,reference_time,frequency,frequency_error,geom_model_reference_level,geom_model_reference_level_error,geom_model_gaussian1_phase,geom_model_gaussian1_phase_error,geom_model_gaussian1_sigma,geom_model_gaussian1_sigma_error,geom_model_gaussian1_depth,geom_model_gaussian1_depth_error,geom_model_gaussian2_phase,geom_model_gaussian2_phase_error,geom_model_gaussian2_sigma,geom_model_gaussian2_sigma_error,geom_model_gaussian2_depth,geom_model_gaussian2_depth_error,geom_model_cosine_half_period_amplitude,geom_model_cosine_half_period_amplitude_error,geom_model_cosine_half_period_phase,geom_model_cosine_half_period_phase_error,model_type,num_model_parameters,reduced_chi2,derived_primary_ecl_phase,derived_primary_ecl_phase_error,derived_primary_ecl_duration,derived_primary_ecl_duration_error,derived_primary_ecl_depth,derived_primary_ecl_depth_error,derived_secondary_ecl_phase,derived_secondary_ecl_phase_error,derived_secondary_ecl_duration,derived_secondary_ecl_duration_error,derived_secondary_ecl_depth,derived_secondary_ecl_depth_error
[from data line 362]
375316653866487564,5880641905707456640,0.60912496,2122.060551114844,3.708500771798129,5.9703884E-6,18.839556,0.008502287,0.21854463,0.0014815066,0.041530296,0.003985126,0.37524182,0.02035558,0.7185181,0.002160144,0.0469653,0.0027803972,0.63457304,0.061988052,0.14693698,0.010289594,0.21854463,0.0014815066,"TWOGAUSSIANS_WITH_ELLIPSOIDAL_ON_ECLIPSE1",9,2.359384,0.7185181,0.002104449,0.26300567,0.015570224,0.9284465,0.06585165,0.21854463,0.0014815066,0.23256966,0.022316705,0.66911525,0.023270419
375316653866487564,5880641978740292480,0.5511612,2146.691454152054,1.3224521040244017,1.3988155E-4,18.297472,0.0031279735,0.26017475,0.004633914,0.03484924,0.0034123799,0.53397936,0.037439357,0.676364,0.07080046,0.03954157,0.046738256,0.044038117,0.6025945,null,null,null,null,"TWOGAUSSIANS",8,4.356056,0.26017475,0.004633914,0.19515574,0.019109327,0.53397936,0.037439354,0.676364,0.07080046,0.22143278,0.24503507,0.044038117,0.6025945
375316653866487564,5880642081823889792,0.5590281,2154.182647114281,2.387773454703914,1.6763672E-5,19.065155,0.0049099885,0.30529594,0.0021815302,0.018885994,0.0043724254,0.48941353,2.0575557,0.8065606,0.0071384325,0.023520492,0.0072822524,0.21340479,0.08290041,0.15431553,0.0065899156,0.30529594,0.0021815302,"TWOGAUSSIANS_WITH_ELLIPSOIDAL_ON_ECLIPSE1",9,2.6924849,0.30529594,0.0021815302,0.10576157,0.024485582,0.7980439,2.058109,0.8065606,0.007128011,0.13171475,0.04078061,0.5220157,0.084858924
375316653866487564,5880642219258493696,0.47392488,2128.064113084998,0.7807870524467997,1.652238E-5,18.927681,0.00565881,0.20365955,9.347046E-4,0.020339672,0.001581334,0.28893262,0.04046715,0.44867307,0.06397013,0.04820352,0.04144376,0.027090196,4.425133,null,null,null,null,"TWOGAUSSIANS",8,3.3875756,0.20365955,9.347046E-4,0.11390216,0.00885547,0.28893268,0.040467087,0.44867307,0.06397013,0.26993972,0.23208506,0.027090196,4.425133
375316653866487564,5880642287977931136,0.56488407,2156.2403868100114,2.9664635059673903,7.0855194E-6,17.066729,0.0064795455,0.22461507,0.0030850766,0.033316754,0.00882346,0.076968886,0.026632456,0.7271225,0.0058486625,0.067138515,0.00597004,0.10090497,0.016174758,0.09225408,0.009171428,0.22461507,0.0030850766,"TWOGAUSSIANS_WITH_ELLIPSOIDAL_ON_ECLIPSE1",9,9.110934,0.7271225,0.005745216,0.37597567,0.033432223,0.28528228,0.0070393486,0.22461507,0.0030850766,0.18657382,0.049411375,0.261392,0.023507306
375316653866487564,5880643314456462720,0.5107628,2159.644302643851,2.959728995381545,1.2262628E-5,19.001152,0.009500251,0.24239822,0.0039019743,0.09141145,0.0072132405,0.2129055,0.013954856,0.7422334,0.00311656,0.08033401,0.005672486,0.23432264,0.013770398,null,null,null,null,"TWOGAUSSIANS",8,1.918104,0.7422334,0.00311656,0.4,0.0,0.22792901,0.013420285,0.24239822,0.0039019743,0.4,0.0,0.20651172,0.013613823
375316653866487564,5880643658042093056,0.4773176,2141.516819120584,1.7035044721088375,1.0364761E-5,19.00552,0.009008627,0.2413633,0.016578073,0.07511415,0.015813066,0.14948177,0.017994044,0.75641197,0.0048315288,0.09508295,0.009344852,0.12561838,0.010281343,null,null,null,null,"TWOGAUSSIANS",8,1.5570621,0.2413633,0.016578073,0.4,0.052233648,0.14672291,0.017340561,0.75641197,0.0048315288,0.4,0.0,0.12285918,0.00902086
375316653866487564,5880644968041943424,0.52133876,2099.7667178231227,0.05339197783234225,1.4831044E-4,19.860338,0.0107999565,0.33804405,7.3262505E-5,0.006935621,1.6751478E-4,0.991259,0.004294023,0.85406,0.0018089153,0.01691731,0.0039895913,0.32005385,0.09815328,null,null,null,null,"TWOGAUSSIANS",8,2.8534846,0.33804405,7.3262505E-5,0.038839478,9.3808275E-4,0.991259,0.004294023,0.85406,0.0018089153,0.09473694,0.022341711,0.32005385,0.09815328
375316653866487564,5880646617288614656,0.4709076,2147.004303360891,0.6715498455399342,1.0346972E-4,19.656788,0.010474972,0.45308107,0.0113754505,0.014386652,0.013962385,0.7432483,0.97718906,0.8129822,0.1018052,0.089950114,0.09997907,0.04233758,0.069894545,null,null,null,null,"TWOGAUSSIANS",8,4.3889465,0.45308107,0.011381963,0.08056525,0.07818936,0.7432624,0.97728086,0.8129822,0.1018052,0.4,0.3549187,0.042337567,0.0698947
375316653866487564,5880647682440636544,0.4364821,2153.9239977212737,1.8680546824736002,7.4605254E-5,19.40769,0.0769368,0.33708003,0.04210538,0.15539792,0.049222883,0.19095905,0.07819267,0.7816022,0.011855237,0.054035988,0.012469139,0.852307,0.18862121,null,null,null,null,"TWOGAUSSIANS",8,6.372001,0.7816022,0.011855237,0.30260155,0.06982718,0.8422137,0.1829559,0.33708003,0.04210538,0.4,0.0,0.17735265,0.0511213
375316653866487564,5880650014596847232,0.5052169,2183.8804666362807,0.25621406468284136,2.4899598E-5,19.918964,0.077587746,0.25235274,0.002133217,0.0064923097,0.0015405706,0.6785764,0.32772484,0.39538538,0.040430777,0.21726082,0.17381553,0.07407992,0.070326075,null,null,null,null,"TWOGAUSSIANS",8,1.4075716,0.25236273,0.0021331632,0.036356933,0.008627196,0.72776806,0.32966527,0.39538538,0.040430777,0.4,0.0,0.06359677,0.01386997
375316653866487564,5880650426908684160,0.60069716,2145.4632411328944,2.4370215284488785,7.540515E-6,17.903078,0.015699597,0.21177132,0.0018271271,0.04774628,0.004699945,0.34514594,0.03983313,0.7165286,0.0038506978,0.053326637,0.0066970005,0.32152784,0.056704737,0.122114204,0.02427225,0.21177132,0.0018271271,"TWOGAUSSIANS_WITH_ELLIPSOIDAL_ON_ECLIPSE1",9,11.1827755,0.21177132,0.0018271271,0.26737916,0.026319692,0.58936954,0.025334638,0.7165286,0.0038506978,0.29862916,0.0375032,0.56553334,0.053977452
375316653866487564,5880654279527296128,0.63391167,2150.4380236666343,0.7952008873300837,2.6808979E-5,17.583195,0.0023760526,0.28887632,0.003765774,0.028637374,0.004290228,0.6727615,0.16180445,0.78663146,9.921249E-4,0.028136339,0.0011879504,0.47065505,0.013613121,0.020772511,0.0045050634,0.28887632,0.003765774,"TWOGAUSSIANS_WITH_ELLIPSOIDAL_ON_ECLIPSE1",9,2.8412266,0.28887632,0.003765774,0.16036929,0.024025276,0.7143065,0.16400905,0.7866415,9.866696E-4,0.1575635,0.0066525224,0.51219183,0.015173484
375316653866487564,5880655413383902720,0.48568264,2123.8803265460797,2.50025460296446,3.7754293E-5,18.211203,0.008081546,0.28582406,0.005880426,0.06584681,0.0058401353,0.15222928,0.009663262,0.7542901,0.021825839,0.06332712,0.038413282,0.062287126,0.0153447455,null,null,null,null,"TWOGAUSSIANS",8,4.8673496,0.28582406,0.005880426,0.36874214,0.032704756,0.15218817,0.009298626,0.7542901,0.021825839,0.35463187,0.116581075,0.06224601,0.015516711
375316653866487564,5880655688259929984,0.44544607,2117.777867900848,0.7318823853647544,4.5543737E-5,19.189482,0.009351889,0.25997156,0.03194451,0.090068534,0.024391327,0.053525474,0.014990683,0.76808923,0.01273217,0.07388346,0.012714072,0.19258478,0.026142301,null,null,null,null,"TWOGAUSSIANS",8,2.6277277,0.76808923,0.01273217,0.4,0.034754775,0.19107486,0.026786998,0.25997156,0.03194451,0.4,0.0,0.05201552,0.013973897
375316653866487564,5880655718309015040,0.5553756,2122.3384825169273,1.433418748526839,1.3164124E-5,18.509632,0.0036128922,0.22125421,0.00801458,0.0336797,0.02645759,0.08270456,0.47244868,0.4050975,0.0014317884,0.030236257,0.0016470079,0.33768517,0.009247052,null,null,null,null,"TWOGAUSSIANS",8,2.0706942,0.4050975,0.0014317884,0.16932304,0.009223244,0.3376852,0.009252587,0.22125421,0.00801458,0.18860632,0.1481625,0.08270456,0.47244868
375316653866487564,5880655860075198848,0.5478501,2127.9553351336426,0.4887234807888625,6.920108E-6,15.127005,7.1145844E-4,0.18052706,0.0033758215,0.015125155,0.0029717155,0.07817332,0.030282775,0.67762756,0.008372024,0.017311387,0.0032868441,0.05335453,0.017085,0.008651528,8.2901644E-4,0.18052706,0.0033758215,"TWOGAUSSIANS_WITH_ELLIPSOIDAL_ON_ECLIPSE1",9,5.381747,0.18052706,0.0033758215,0.08470087,0.016641608,0.09547637,0.030414397,0.67764753,0.008352827,0.096943766,0.018406328,0.07065188,0.017051699
375316653866487564,5880656577302184320,0.56417453,2149.6972689693766,3.560871758489681,1.1948664E-5,19.094091,0.027882982,0.302272,0.0034605742,0.0446381,0.0074245287,0.37683746,0.066179335,0.81065106,0.0020396416,0.044369295,0.009710183,0.48934534,0.061262425,0.1197223,0.03414438,0.302272,0.0034605742,"TWOGAUSSIANS_WITH_ELLIPSOIDAL_ON_ECLIPSE1",9,6.2448134,0.81065106,0.0020396416,0.24846806,0.054377027,0.72812617,0.039080456,0.302272,0.0034605742,0.24997336,0.04157736,0.6162814,0.047940105
375316653866487564,5880656753428815872,0.6107475,2151.663427616828,0.17524174917838278,1.6379206E-4,13.383145,7.635781E-4,0.12274866,2.4500146E-4,0.017831454,2.1606154E-4,0.25855145,0.0019978224,0.74868125,0.03207524,0.042916536,0.025059726,0.0044254754,0.0017232709,null,null,null,null,"TWOGAUSSIANS",8,12.613252,0.12274866,2.4500146E-4,0.099856146,0.0012099446,0.25855145,0.0019978224,0.74868125,0.03207524,0.24033262,0.14033447,0.0044254754,0.0017232709
375316653866487564,5880658643214521344,0.6861708,2145.0177781627976,0.9166305757865347,2.687063E-6,17.023962,0.0024808063,0.28809163,9.441656E-4,0.039322037,0.0010026615,0.46730977,0.008738499,0.7872699,3.590115E-4,0.039103754,6.6658185E-4,0.4570955,0.007000398,0.03952217,0.0034086548,0.28809163,9.441656E-4,"TWOGAUSSIANS_WITH_ELLIPSOIDAL_ON_ECLIPSE1",9,2.4009619,0.28809163,9.441656E-4,0.2202034,0.0056149047,0.5463541,0.006800835,0.7872899,3.455977E-4,0.21898101,0.0037328585,0.53613776,0.0063886945
375316653866487564,5880658643214527616,0.5187901,2167.1034141080936,0.8202684049971574,1.5692283E-5,17.48503,0.002637276,0.35424966,0.0016735839,0.007517812,0.004791202,0.83018863,0.5869257,null,null,null,null,null,null,0.018103559,0.0045330003,0.35424966,0.0016735839,"ONEGAUSSIAN_WITH_ELLIPSOIDAL",6,9.835385,0.35424966,0.0016735839,0.042099748,0.026830731,0.8663957,0.59258115,null,null,null,null,null,null
375316653866487564,5880658741964754176,0.5101608,2154.1356960431926,3.377740919411485,2.4751693E-5,18.526917,0.016605584,0.24336964,0.013930579,0.078553796,0.020266809,0.19249839,0.019318119,0.76837677,0.008615022,0.08679191,0.013381758,0.19593394,0.017080022,null,null,null,null,"TWOGAUSSIANS",8,4.426124,0.76837677,0.008615022,0.4,0.0,0.19342372,0.011856778,0.24336964,0.013930579,0.4,0.0,0.18998824,0.016404724
375316653866487564,5880661254554598784,0.69525576,2109.9152420262676,0.9582401454489196,2.252271E-6,16.532017,0.0030050804,0.26230264,0.0012372826,0.04028264,0.0020615985,0.4704523,0.052769557,0.76299846,8.274756E-4,0.0410565,8.129121E-4,0.46826774,0.006508337,0.053653248,0.004352663,0.26230264,0.0012372826,"TWOGAUSSIANS_WITH_ELLIPSOIDAL_ON_ECLIPSE1",9,5.077708,0.26230264,0.0012372826,0.22558278,0.011544952,0.5777586,0.05592565,0.76299846,8.274756E-4,0.22991638,0.004552308,0.575572,0.0035899582
375316653866487564,5880661903060750848,0.5581293,2146.166485455802,0.7748154990471205,5.4499895E-5,18.112597,5.059314,0.13294326,0.39318907,0.45036513,0.07104798,0.15218137,3.353118,0.53719693,0.002270069,0.03706782,0.0042647286,0.6258443,0.07767414,null,null,null,null,"TWOGAUSSIANS",8,4.4966807,0.53719693,0.0022720092,0.20757978,0.023882478,0.63916886,0.08499527,0.28714326,0.41258374,0.4,0.0,0.01751727,1.0161358
375316653866487564,5880662354068922752,0.5604279,2126.421216331536,0.3312578239194041,9.14475E-5,18.585585,0.0049253074,0.27856523,0.015172694,0.019933272,0.014041042,0.44819283,18.39087,0.486988,0.04591931,0.1157576,0.051093973,0.01533751,0.0059085,null,null,null,null,"TWOGAUSSIANS",8,1.3349864,0.27860522,0.01512291,0.11162632,0.07862984,0.45122358,18.391539,0.486988,0.04591931,0.4,0.0,0.015334784,0.005890127
375316653866487564,5880662800742892672,0.448896,2142.7744503306553,3.444775203811849,7.772374E-5,18.763927,0.007467484,0.1975869,0.0082069775,0.06447713,0.0066372096,0.14150313,0.018703125,0.6588063,0.012923647,0.07321482,0.01202695,0.1572989,0.023229742,null,null,null,null,"TWOGAUSSIANS",8,5.1236334,0.6588063,0.012923647,0.4,0.017693875,0.15715745,0.023320429,0.1975869,0.0082069775,0.36107194,0.037168372,0.14136168,0.01869698
375316653866487564,5880663449250430592,0.46209982,2137.7478218551105,1.7001794458202037,6.966437E-5,19.075584,0.004986308,0.4639127,0.011066505,0.0323853,0.0116174165,0.059549715,0.056739744,0.8423934,0.001002843,0.0101891365,3.39161E-4,3.1638334,0.6809398,null,null,null,null,"TWOGAUSSIANS",8,6.6186986,0.8423934,0.001002843,0.057059165,0.0018993015,3.1638334,0.6809398,0.4639127,0.011066505,0.18135768,0.06505753,0.059549715,0.056739744
375316653866487564,5880663483609445888,0.5614092,2160.824505260209,2.262815330192506,8.82693E-6,17.17128,0.021412132,0.27546972,0.0050833095,0.112454176,0.014213114,0.188742,0.018622398,0.77669716,0.001991586,0.10241003,0.009607364,0.20494366,0.01966901,null,null,null,null,"TWOGAUSSIANS",8,3.8340797,0.77669716,0.0019903884,0.4,0.0,0.17917395,0.0056569874,0.27546972,0.0050833095,0.4,0.0,0.16295576,0.0049532535
375316653866487564,5880663999005632768,0.53444785,2146.0820696380315,1.13550470379427,6.661218E-5,17.538794,0.001696804,0.20388325,1.7425904E-5,0.006983165,7.901388E-5,0.78686273,0.022904545,0.7669552,0.014952087,0.03960561,0.011965093,0.029978987,0.017375797,null,null,null,null,"TWOGAUSSIANS",8,2.6635478,0.20388325,1.7425904E-5,0.039105725,4.4247776E-4,0.78686273,0.022904545,0.7669552,0.014952087,0.22179142,0.067004524,0.029978987,0.017375797
375316653866487564,5880667331906495488,0.49362257,2092.4452214263015,3.0641646603006705,1.5223242E-4,18.942968,0.113042094,0.30697075,0.029843034,0.10112833,0.07387936,0.184493,0.11904773,0.7847993,0.012594711,0.080445,0.03163073,0.2753625,0.09744564,null,null,null,null,"TWOGAUSSIANS",8,4.353651,0.7847993,0.012594711,0.4,0.0,0.26840737,0.035792124,0.30697075,0.029830053,0.4,0.014691984,0.17753498,0.042988077
375316653866487564,5880669054214571008,0.615398,2152.3826021745385,2.5701934618063955,4.4873705E-6,17.734106,0.010061384,0.2697711,0.0015418294,0.05114044,0.0036301445,0.3362434,0.03268662,0.76299167,0.003051363,0.04398797,0.0046956073,0.26625586,0.032229416,0.11282244,0.022497183,0.2697711,0.0015418294,"TWOGAUSSIANS_WITH_ELLIPSOIDAL_ON_ECLIPSE1",9,8.185734,0.2697711,0.0015418294,0.28638646,0.020328809,0.5618855,0.019256685,0.7637717,0.0026731978,0.24633263,0.026295401,0.49153563,0.019788506
375316653866487564,5880670218125012224,0.48756608,2127.8112464646324,0.9640262579098947,1.1915607E-5,19.685379,0.0120172445,0.30716258,0.0043837046,0.017424785,0.0027409077,0.65931576,0.09976633,0.80576336,0.01043848,0.03300073,0.0069509665,0.1764828,0.018144581,null,null,null,null,"TWOGAUSSIANS",8,6.4776793,0.30716258,0.0043837046,0.097578794,0.015349084,0.65931576,0.09976633,0.80576336,0.01043848,0.18480408,0.038925413,0.1764828,0.018144581
375316653866487564,5880672176622406528,0.46046242,2139.3282804492583,0.4362684636394613,8.340218E-5,17.21712,0.0029774252,0.1916316,0.03985417,0.039779227,0.02561909,0.108668074,0.4656317,0.49904805,6.674994E-4,0.010475193,6.7479006E-4,0.22097625,0.067054175,null,null,null,null,"TWOGAUSSIANS",8,15.485639,0.49904805,6.674994E-4,0.05866108,0.0037788246,0.22097625,0.067054175,0.1916316,0.03985417,0.22276367,0.1434669,0.108668074,0.4656317
375316653866487564,5880674719250881408,0.46827957,2172.3262645516083,0.2600291473166005,6.928653E-5,19.689213,0.0076435697,0.11508892,2.763971E-4,0.022530971,4.914444E-4,0.691357,0.0184897,0.43962342,0.03513077,0.16787575,0.11846319,0.034814335,0.008250699,null,null,null,null,"TWOGAUSSIANS",8,1.1402326,0.11513892,2.3547122E-4,0.12617344,0.002752089,0.6959172,0.02244218,0.43962342,0.03513077,0.4,0.09087007,0.033989213,0.008786014
375316653866487564,5880676024921438336,0.5109562,2134.474723473446,0.8720697979394078,3.4172805E-5,19.487732,0.0040656244,0.23095752,0.004547374,0.035148993,0.0039247912,0.51247394,0.044142663,null,null,null,null,null,null,null,null,null,null,"ONEGAUSSIAN",5,2.238348,0.23095752,0.004547374,0.19683436,0.021978833,0.51247394,0.0,null,null,null,null,null,null
