Gaia/vari_eclipsing_binary/VariEclipsingBinary_212091-212187.csv
# %ECSV 1.0
# ---
# delimiter: ','
# meta: !!omap
# - RELEASE: Gaia DR3
# - TABLE: vari_eclipsing_binary
# - DESCRIPTION: >
#     This table describes the properties of the eclipsing binaries resulting from the variability analysis. 
# - CITATION: >
#     How to cite and acknowledge Gaia: 
#     https://gea.esac.esa.int/archive/documentation/credits.html 
# - KNOWN_ISSUES: >
#     Known issues: 
#     https://www.cosmos.esa.int/web/gaia-users/known-issues 
# - DOCUMENTATION: >
#     Tutorials and documentation: 
#     https://www.cosmos.esa.int/web/gaia-users/archive 
# datatype:
# - 
#   name: solution_id
#   datatype: int64
#   description: Solution Identifier
#   meta:
#     ucd: meta.version
# - 
#   name: source_id
#   datatype: int64
#   description: Unique source identifier
#   meta:
#     ucd: meta.id;meta.main
# - 
#   name: global_ranking
#   datatype: float32
#   description: Number between 0 (worst) and 1 (best)
#   meta:
#     ucd: stat.param
# - 
#   name: reference_time
#   datatype: float64
#   unit: d
#   description: Reference time used for the geometric model fit
#   meta:
#     ucd: time.epoch
# - 
#   name: frequency
#   datatype: float64
#   unit: d**-1
#   description: Frequency of geometric model of the eclipsing binary light curve
#   meta:
#     ucd: src.orbital
# - 
#   name: frequency_error
#   datatype: float32
#   unit: d**-1
#   description: "Uncertainty of \\texttt{frequency}"
#   meta:
#     ucd: stat.error
# - 
#   name: geom_model_reference_level
#   datatype: float32
#   unit: mag
#   description: Magnitude reference level of geometric model
#   meta:
#     ucd: phot.mag;em.opt
# - 
#   name: geom_model_reference_level_error
#   datatype: float32
#   unit: mag
#   description: "Uncertainty of \\texttt{geomModelReferenceLevel}"
#   meta:
#     ucd: stat.error;phot.mag;em.opt
# - 
#   name: geom_model_gaussian1_phase
#   datatype: float32
#   description: Phase of the Gaussian 1 component
#   meta:
#     ucd: time.phase
# - 
#   name: geom_model_gaussian1_phase_error
#   datatype: float32
#   description: "Uncertainty of \\texttt{geomModelGaussian1Phase}"
#   meta:
#     ucd: stat.error;time.phase
# - 
#   name: geom_model_gaussian1_sigma
#   datatype: float32
#   description: "Standard deviation [phase] of Gaussian 1 component"
#   meta:
#     ucd: stat.stdev
# - 
#   name: geom_model_gaussian1_sigma_error
#   datatype: float32
#   description: "Uncertainty of \\texttt{geomModelGaussian1Sigma}"
#   meta:
#     ucd: stat.error
# - 
#   name: geom_model_gaussian1_depth
#   datatype: float32
#   unit: mag
#   description: Magnitude depth of Gaussian 1 component
#   meta:
#     ucd: src.var.amplitude
# - 
#   name: geom_model_gaussian1_depth_error
#   datatype: float32
#   unit: mag
#   description: "Uncertainty of \\texttt{geomModelGaussian1Depth}"
#   meta:
#     ucd: stat.error;src.var.amplitude
# - 
#   name: geom_model_gaussian2_phase
#   datatype: float32
#   description: Phase of Gaussian 2 component
#   meta:
#     ucd: time.phase
# - 
#   name: geom_model_gaussian2_phase_error
#   datatype: float32
#   description: "Uncertainty of \\texttt{geomModelGaussian2Phase}"
#   meta:
#     ucd: stat.error;time.phase
# - 
#   name: geom_model_gaussian2_sigma
#   datatype: float32
[...]
#   datatype: float32
#   description: "Secondary eclipse: uncertainty of \\texttt{derivedSecondaryEclDuration}"
#   meta:
#     ucd: stat.error;time.duration
# - 
#   name: derived_secondary_ecl_depth
#   datatype: float32
#   unit: mag
#   description: "Secondary eclipse: depth"
#   meta:
#     ucd: src.var.amplitude
# - 
#   name: derived_secondary_ecl_depth_error
#   datatype: float32
#   unit: mag
#   description: "Secondary eclipse: uncertainty of \\texttt{derivedSecondaryEclDepth}"
#   meta:
#     ucd: stat.error;src.var.amplitude
solution_id,source_id,global_ranking,reference_time,frequency,frequency_error,geom_model_reference_level,geom_model_reference_level_error,geom_model_gaussian1_phase,geom_model_gaussian1_phase_error,geom_model_gaussian1_sigma,geom_model_gaussian1_sigma_error,geom_model_gaussian1_depth,geom_model_gaussian1_depth_error,geom_model_gaussian2_phase,geom_model_gaussian2_phase_error,geom_model_gaussian2_sigma,geom_model_gaussian2_sigma_error,geom_model_gaussian2_depth,geom_model_gaussian2_depth_error,geom_model_cosine_half_period_amplitude,geom_model_cosine_half_period_amplitude_error,geom_model_cosine_half_period_phase,geom_model_cosine_half_period_phase_error,model_type,num_model_parameters,reduced_chi2,derived_primary_ecl_phase,derived_primary_ecl_phase_error,derived_primary_ecl_duration,derived_primary_ecl_duration_error,derived_primary_ecl_depth,derived_primary_ecl_depth_error,derived_secondary_ecl_phase,derived_secondary_ecl_phase_error,derived_secondary_ecl_duration,derived_secondary_ecl_duration_error,derived_secondary_ecl_depth,derived_secondary_ecl_depth_error
[from data line 215]
375316653866487564,1865840652172681984,0.46197906,2199.0762565305495,2.900659445847856,2.0782258E-5,18.371439,0.5566137,0.18626171,0.008118377,0.17041448,0.16757345,0.28284836,0.5490736,0.6890338,0.0060733594,0.118117854,0.047699474,0.30266863,0.35697564,null,null,null,null,"TWOGAUSSIANS",8,7.3472323,0.68931377,0.0055850167,0.4,0.0,0.18627186,0.0143560255,0.18623172,0.008158174,0.4,0.0,0.15887812,0.017437316
375316653866487564,1865841343671924608,0.48750958,2206.228678620276,1.2702875031311434,1.4492309E-5,14.060296,0.061548192,0.26010382,0.0041079614,0.23291427,0.0515553,0.45859325,0.07173941,0.75684124,0.004139849,0.18872319,0.033445705,0.37116304,0.094625846,null,null,null,null,"TWOGAUSSIANS",8,24.43408,0.26272383,0.0035229535,0.4,0.0,0.070327125,0.0033856772,0.75684124,0.004139849,0.4,0.0,0.05217275,0.0033694035
375316653866487564,1865841584182488960,0.48031944,2208.3135854442144,2.9427449954495195,3.1677562E-5,17.947332,0.0482577,0.17376518,0.014448189,0.07139987,0.03117267,0.091430545,0.10800734,0.6695442,0.022898158,0.037662975,0.042067222,0.09458464,0.08146432,0.08473982,0.052862085,0.17376518,0.014448189,"TWOGAUSSIANS_WITH_ELLIPSOIDAL_ON_ECLIPSE1",9,27.201014,0.67025423,0.016550316,0.21091266,0.22487321,0.26376942,0.037710954,0.17376518,0.014448189,0.39983925,0.091878735,0.2607146,0.032473713
375316653866487564,1865843744549973504,0.52676076,2206.7988313356354,3.0050700542462128,1.7815924E-5,18.783329,0.016009107,0.17992692,0.0053602937,0.09841167,0.0078338105,0.30975163,0.016352706,0.6865289,0.0055591636,0.094828665,0.008807912,0.2725818,0.016091539,null,null,null,null,"TWOGAUSSIANS",8,3.2399337,0.17992692,0.0053602937,0.4,0.0,0.29103455,0.0108478675,0.6865289,0.0055591636,0.4,0.0,0.2538658,0.010157892
375316653866487564,1865843817573148928,0.40212208,2204.2125268231234,0.8403715431893547,9.184375E-5,17.015453,0.0039385,0.2501172,0.02731611,0.032541692,0.046397064,0.32541794,3683.6084,0.5016572,0.014686115,0.019269427,0.008489031,0.01123906,0.0067370245,8.939666E-4,0.004598555,0.2501172,0.02731611,"TWOGAUSSIANS_WITH_ELLIPSOIDAL_ON_ECLIPSE1",9,180.65564,0.2501172,0.02731611,0.18223348,0.25982356,0.32720587,3683.6143,0.5016672,0.014710439,0.107908785,0.04753858,0.011239228,0.006754553
375316653866487564,1865844264249803648,0.5173229,2186.323689495903,4.008768521498174,9.500468E-6,19.254648,0.011628578,0.2196704,0.0032347946,0.07218581,0.004979702,0.39129698,0.013709449,0.7291919,0.0028997108,0.06577294,0.006914047,0.48976442,0.037858874,null,null,null,null,"TWOGAUSSIANS",8,4.0309763,0.7291919,0.0028997108,0.36832848,0.038718663,0.4888155,0.038332358,0.2196704,0.0032347946,0.4,0.008839706,0.39034805,0.013597157
375316653866487564,1865845329401236352,0.5711408,2202.0620442329655,0.13725946849248677,4.824276E-6,17.910809,0.0012146276,0.41325703,0.032521524,0.026299322,0.03667282,0.013829196,0.018854598,0.5509055,2.634186E-4,0.007690562,1.4830234E-4,0.521853,0.021870518,null,null,null,null,"TWOGAUSSIANS",8,1.5744194,0.5509055,2.634186E-4,0.043067146,8.304931E-4,0.521853,0.022004303,0.41325703,0.032521524,0.14727621,0.20536779,0.013829196,0.018854598
375316653866487564,1865846566351822464,0.4741703,2200.8940345696838,2.8187274009375396,2.193145E-5,17.266798,0.042566776,0.23600729,0.0039336346,0.12542914,0.019743176,0.20991851,0.040170856,0.75246876,0.007335488,0.1107275,0.019865666,0.20043087,0.039941493,null,null,null,null,"TWOGAUSSIANS",8,18.196535,0.23597729,0.003914082,0.4,0.0,0.17242406,0.008835128,0.75261873,0.007288227,0.4,0.0,0.16308646,0.014634575
375316653866487564,1865848387418147328,0.49882123,2216.440201289502,1.7779341064494703,3.6183763E-5,16.639736,0.004822615,0.48802638,0.0048210705,0.04254176,0.0032092799,0.3573734,0.020620907,0.86995584,0.0018781517,0.011803867,0.0028838306,0.046656568,0.02038507,null,null,null,null,"TWOGAUSSIANS",8,65.771385,0.48802638,0.0048210705,0.23823386,0.017971966,0.3573734,0.020620907,0.86995584,0.0018781517,0.066101655,0.016149452,0.046656568,0.02038507
375316653866487564,1865850375978886656,0.5654166,2212.7454402530093,0.36721112489143626,1.4145151E-5,18.445522,0.009200675,0.21741983,0.002666201,0.043439567,0.0055273473,0.1558304,0.026088925,0.7242866,0.007444991,0.032052834,0.005851755,0.8947346,0.17921282,0.026672361,0.017065866,0.21741983,0.002666201,"TWOGAUSSIANS_WITH_ELLIPSOIDAL_ON_ECLIPSE1",9,4.848121,0.7242866,0.007444991,0.17949586,0.032769825,0.9479801,0.18107885,0.21741983,0.002666201,0.24326158,0.030953145,0.20917511,0.009714746
375316653866487564,1865854503444862592,0.52649605,2202.134748374606,2.975869909607331,6.374018E-6,18.532097,0.014964738,0.18370971,0.0033576458,0.10055174,0.005746834,0.3722089,0.014660785,0.6747112,0.0029798667,0.09986201,0.0052511473,0.39123428,0.015206513,null,null,null,null,"TWOGAUSSIANS",8,3.271425,0.6747112,0.0029798667,0.4,0.0,0.36090446,0.009874644,0.18370971,0.0033576458,0.4,0.0,0.34187868,0.008405243
375316653866487564,1865854842745569024,0.5360608,2201.7684471850284,3.1348731320526118,1.5367463E-5,19.61871,0.009772924,0.2890393,0.0036208085,0.07973387,0.00516984,0.3986426,0.017042289,0.79217297,0.0045061894,0.07631651,0.003998686,0.38152793,0.022721617,null,null,null,null,"TWOGAUSSIANS",8,1.3922151,0.2890393,0.0036208085,0.4,0.0,0.394328,0.017426165,0.79217297,0.0045061894,0.4,0.0,0.37721333,0.0224283
375316653866487564,1865855598660224384,0.42302588,2206.1911398508423,0.10992798271880867,2.9135948E-5,18.129274,0.003630601,0.25989974,0.029224208,0.08972363,0.025319392,0.03383168,0.0074017528,0.5581836,0.0025598253,0.012258517,0.0026657062,0.15379842,0.038811,null,null,null,null,"TWOGAUSSIANS",8,4.8884163,0.5581836,0.0025598253,0.0686477,0.014927954,0.15393311,0.038847223,0.25989974,0.029224208,0.4,0.0,0.033831667,0.007401758
375316653866487564,1865856771194607488,0.5571016,2205.7078830341743,0.49397368802605923,1.169015E-5,16.65769,0.0010789167,0.20898747,0.00947839,0.024340803,0.009851056,0.28712472,0.16416615,0.52908456,1.5911E-4,0.007363255,0.0014451719,0.22418442,0.13545811,null,null,null,null,"TWOGAUSSIANS",8,3.494667,0.20898747,0.00947839,0.1363085,0.055165913,0.28712472,0.16416615,0.52908456,1.5911E-4,0.04123423,0.008092962,0.22418442,0.13545811
375316653866487564,1865856904330697728,0.49966598,2207.441013648086,2.97993042022677,1.5305623E-5,18.479439,0.009664819,0.29654258,0.0033609455,0.07577089,0.005453559,0.31411913,0.031914916,0.796324,0.004804249,0.08483122,0.007939,0.24638599,0.013033755,null,null,null,null,"TWOGAUSSIANS",8,4.7182827,0.29654258,0.0033609455,0.4,0.0,0.30980963,0.03260342,0.796324,0.004804249,0.4,0.0,0.24207646,0.013245593
375316653866487564,1865858381798983424,0.5804782,2216.754779393151,3.3708982867444615,6.3503912E-6,18.56353,0.018681876,0.16303784,0.0019916075,0.055249017,0.009856599,0.3094904,0.034102593,0.6590407,0.0016352319,0.041328818,0.0060295984,0.36852184,0.04829109,0.13911405,0.019662842,0.16303784,0.0019916075,"TWOGAUSSIANS_WITH_ELLIPSOIDAL_ON_ECLIPSE1",9,3.2294598,0.6594107,0.0013707667,0.23144138,0.03376575,0.64657956,0.060665295,0.16303784,0.0019916075,0.30939448,0.05519696,0.5877074,0.012092404
375316653866487564,1865860516406079872,0.5558558,2198.4220564237553,1.5060479374740927,5.897475E-6,16.436026,0.0048079616,0.2027009,0.007954703,0.013799096,0.0054635024,0.2793843,0.091443345,0.67456996,0.0012329329,0.027513932,0.0011957664,0.5612555,0.033560127,0.011615665,0.0067300666,0.2027009,0.007954703,"TWOGAUSSIANS_WITH_ELLIPSOIDAL_ON_ECLIPSE1",9,67.83117,0.67464,0.001226903,0.15407802,0.0066962917,0.5837703,0.036646377,0.2027009,0.007954703,0.07727494,0.030595614,0.30261555,0.09036255
375316653866487564,1865860516406084480,0.5852517,2219.50789643127,1.8329388084055427,5.079222E-6,14.459391,0.0076497206,0.22744122,0.0015294367,0.102227315,0.0049798293,0.1328141,0.007107428,0.7246312,0.0019192385,0.12467017,0.008364862,0.09813872,0.007105719,null,null,null,null,"TWOGAUSSIANS",8,10.57177,0.22745122,0.0015314822,0.4,0.0,0.113814585,0.0020827132,0.7246312,0.0019192385,0.4,0.0,0.07907757,0.001915559
375316653866487564,1865861474176147456,0.49756232,2202.099747147432,3.8113068534484085,1.4314111E-5,19.400543,0.008910356,0.29285127,0.004492839,0.07106261,0.005705798,0.43107194,0.0248009,0.7895413,0.0037745961,0.07992941,0.004471509,0.36100847,0.014534671,null,null,null,null,"TWOGAUSSIANS",8,3.7208538,0.29285127,0.004492839,0.39795062,0.020836456,0.42804617,0.025249753,0.7895413,0.0037745961,0.4,0.0,0.35798267,0.014280849
375316653866487564,1865863059027174272,0.59663516,2191.5891028659476,0.5484012947214463,9.782343E-6,16.069948,8.2744716E-4,0.2831273,0.0027387594,0.019150976,0.0031330443,0.23731315,0.056155015,0.7833382,0.0012851137,0.017223848,7.3143037E-4,0.25229692,0.0071876827,null,null,null,null,"TWOGAUSSIANS",8,5.0787463,0.7833382,0.0012851137,0.09645355,0.00409601,0.25229692,0.0071876827,0.2831273,0.0027387594,0.10724546,0.017545048,0.23731315,0.056155015
375316653866487564,1865863059027184896,0.5495896,2175.431607753574,0.9047651627058563,7.815172E-6,14.988639,0.25870132,0.25008497,0.0021408848,0.18006955,0.13604306,0.12826961,0.25467518,0.7515244,0.0021468408,0.1413492,0.04496202,0.123126365,0.17749617,null,null,null,null,"TWOGAUSSIANS",8,3.9964345,0.24997497,0.002164163,0.4,0.0,0.054887623,0.002155816,0.7518444,0.0019136907,0.4,0.0,0.05470471,0.0013988654
375316653866487564,1865866456338082176,0.56424177,2211.282528951097,2.5430574171663403,8.781629E-6,16.826448,0.016429264,0.22407345,0.0018896825,0.045187667,0.004806247,0.22844449,0.038869496,0.7236112,0.004014654,0.0569581,0.00498837,0.67930895,0.040775083,0.08008164,0.02432565,0.22407345,0.0018896825,"TWOGAUSSIANS_WITH_ELLIPSOIDAL_ON_ECLIPSE1",9,77.26902,0.72364116,0.003809632,0.31896538,0.027934872,0.83942753,0.02816098,0.22407345,0.0018896825,0.25305092,0.026914982,0.38856435,0.017613165
375316653866487564,1865867766311499520,0.61623,2211.0402455123703,2.6141107723723382,4.299843E-6,15.960531,0.0054092743,0.25027284,0.0016573627,0.041820057,0.004685454,0.13208061,0.020006828,0.74558437,0.0025063797,0.048593845,0.003856312,0.17244296,0.011329781,0.10133041,0.006440826,0.25027284,0.0016573627,"TWOGAUSSIANS_WITH_ELLIPSOIDAL_ON_ECLIPSE1",9,21.547523,0.7464244,0.0019450339,0.27212554,0.021595346,0.37495875,0.006947723,0.25027284,0.0016573627,0.23419231,0.026238542,0.33474064,0.018983604
375316653866487564,1865870201549630464,0.4252724,2196.2017648828114,4.1467064893263474,2.786672E-5,19.233986,0.01578778,0.30732346,0.005263875,0.029217187,0.00962872,0.65146756,1.6836746,0.7767118,0.0043393895,0.025306497,0.007423752,0.2927118,0.025064277,null,null,null,null,"TWOGAUSSIANS",8,17.91873,0.30732346,0.005263875,0.16361625,0.05392083,0.65146756,1.6836746,0.7767118,0.0043393895,0.14171639,0.04157301,0.2927118,0.025064277
375316653866487564,1865870721249004672,0.59781516,2205.117916932388,2.1483725280591037,5.343673E-6,16.367798,0.023572745,0.22624157,0.0025085208,0.06988056,0.006098343,0.19343466,0.05334887,0.7124668,0.0010934649,0.062433966,0.0036497046,0.5583474,0.04574686,0.03584762,0.027189309,0.22624157,0.0025085208,"TWOGAUSSIANS_WITH_ELLIPSOIDAL_ON_ECLIPSE1",9,35.989616,0.7129868,0.0010250539,0.3496302,0.020438345,0.6291403,0.014608879,0.22624157,0.0025085208,0.39133114,0.029854972,0.26474306,0.011006127
375316653866487564,1865871541585077504,0.4676679,2191.0645629514465,1.4813987811949327,5.42179E-6,19.193668,0.010801791,0.5709014,0.036880665,0.14104642,0.0855604,0.041927814,0.009045954,0.7590089,0.0014601253,0.02161297,0.001016399,0.40243527,0.022010455,null,null,null,null,"TWOGAUSSIANS",8,3.9048152,0.7590089,0.0014601253,0.12103263,0.0056918343,0.4195083,0.022877445,0.5709014,0.036880665,0.4,0.0,0.04177123,0.009130103
375316653866487564,1865871782097548800,0.5487303,2213.9323610718143,4.21793647581727,8.297611E-6,18.641905,0.007593686,0.24531251,0.002377742,0.08499201,0.0047242567,0.27251163,0.009120013,0.7483731,0.0035144442,0.09175413,0.0059818015,0.2856144,0.01566044,null,null,null,null,"TWOGAUSSIANS",8,2.0649016,0.7483731,0.0035144442,0.4,0.0,0.2758965,0.016776504,0.24531251,0.002377742,0.4,0.0,0.26279393,0.008505904
375316653866487564,1865874191582389632,0.64355123,2169.085299523318,2.5530890484611537,1.7644621E-6,15.019538,0.0024294988,0.22058277,0.0010960684,0.087025836,0.0016771895,0.29048368,0.005487227,0.7205505,6.625004E-4,0.082650565,9.366224E-4,0.3630744,0.0032922826,null,null,null,null,"TWOGAUSSIANS",8,18.096544,0.7205505,6.625004E-4,0.4,0.0,0.35466346,0.003038242,0.22058277,0.0010960684,0.4,0.0,0.28207272,0.005790795
375316653866487564,1865877588890706432,0.5726868,2219.8163722713775,0.043170892113519196,1.0865276E-6,17.951958,0.001062896,0.50268924,0.0025095087,0.009007677,0.009280443,0.067647524,178769.1,0.6330208,4.594207E-5,0.0014090016,9.68643E-5,0.5917448,0.05819658,null,null,null,null,"TWOGAUSSIANS",8,1.7980396,0.6330208,4.594207E-5,0.007890409,5.424401E-4,0.5917448,0.05819658,0.50268924,0.0025095087,0.050442994,0.051970482,0.067647524,178769.1
375316653866487564,1865877588899062912,0.5560144,2196.2046747623835,3.4878512126947436,8.314249E-6,15.926452,0.0053815083,0.12679726,0.0027009123,0.054142956,0.015770426,0.017158253,0.014348702,0.59886235,0.010929796,0.035752594,0.019201757,0.05090727,0.011972728,0.08842152,0.006818549,0.12679726,0.0027009123,"TWOGAUSSIANS_WITH_ELLIPSOIDAL_ON_ECLIPSE1",9,24.791874,0.60616237,0.0097638825,0.20021452,0.10752984,0.2237436,0.01179128,0.12679726,0.0027009123,0.30320054,0.08831439,0.19400086,0.006812072
375316653866487564,1865878069927100800,0.5870738,2203.3326021667954,2.7145725739546087,6.417586E-6,17.40579,0.011018698,0.20154664,0.0019960178,0.05334314,0.005405908,0.25716105,0.024622267,0.70402503,0.0045649842,0.051911365,0.0058494164,0.152937,0.028897068,0.09131804,0.014561335,0.20154664,0.0019960178,"TWOGAUSSIANS_WITH_ELLIPSOIDAL_ON_ECLIPSE1",9,12.567748,0.20154664,0.0019960178,0.29872158,0.030273085,0.43979156,0.012819171,0.70402503,0.004472957,0.29070365,0.03275673,0.33552322,0.013653154
375316653866487564,1865878207366037760,0.42987442,2241.3833788070365,0.037863353849407234,1.8160802E-4,17.47745,0.007096907,0.23463406,0.012488759,0.053971633,0.009044767,0.18161182,0.12818795,0.55037665,0.029382803,0.08326713,0.027622575,0.038606796,0.012573176,null,null,null,null,"TWOGAUSSIANS",8,25.272194,0.23465405,0.012459646,0.30224115,0.050650697,0.18164042,0.12842114,0.55037665,0.029382803,0.4,0.0,0.03860626,0.012573437
375316653866487564,1865879238158338560,0.59570014,2203.179495398631,4.149733370280208,5.624279E-6,17.700872,0.006573277,0.2742356,0.001603211,0.046383355,0.0026827215,0.21151301,0.01658774,0.7696543,0.0026289837,0.047135454,0.003272526,0.3279846,0.019542944,0.119042896,0.010022183,0.2742356,0.001603211,"TWOGAUSSIANS_WITH_ELLIPSOIDAL_ON_ECLIPSE1",9,9.538143,0.77017426,0.0022729947,0.26395854,0.018326147,0.5658948,0.017431658,0.2742356,0.001603211,0.2597468,0.015023241,0.44959813,0.009404567
375316653866487564,1865882364902622464,0.53108066,2224.6487263735435,1.9848570716079372,1.1257614E-5,19.633892,0.0057800747,0.19965868,0.0149285495,0.02055844,0.01720713,0.29473096,0.084410764,0.69981736,0.0020696728,0.02868431,0.0012810038,0.83982974,0.05806676,null,null,null,null,"TWOGAUSSIANS",8,2.3868177,0.69981736,0.0020696728,0.16063215,0.0071736216,0.83982974,0.05806676,0.19965868,0.0149285495,0.115127265,0.09635993,0.29473096,0.084410764
