Gaia/vari_eclipsing_binary/VariEclipsingBinary_466972-466982.csv
# %ECSV 1.0
# ---
# delimiter: ','
# meta: !!omap
# - RELEASE: Gaia DR3
# - TABLE: vari_eclipsing_binary
# - DESCRIPTION: >
#     This table describes the properties of the eclipsing binaries resulting from the variability analysis. 
# - CITATION: >
#     How to cite and acknowledge Gaia: 
#     https://gea.esac.esa.int/archive/documentation/credits.html 
# - KNOWN_ISSUES: >
#     Known issues: 
#     https://www.cosmos.esa.int/web/gaia-users/known-issues 
# - DOCUMENTATION: >
#     Tutorials and documentation: 
#     https://www.cosmos.esa.int/web/gaia-users/archive 
# datatype:
# - 
#   name: solution_id
#   datatype: int64
#   description: Solution Identifier
#   meta:
#     ucd: meta.version
# - 
#   name: source_id
#   datatype: int64
#   description: Unique source identifier
#   meta:
#     ucd: meta.id;meta.main
# - 
#   name: global_ranking
#   datatype: float32
#   description: Number between 0 (worst) and 1 (best)
#   meta:
#     ucd: stat.param
# - 
#   name: reference_time
#   datatype: float64
#   unit: d
#   description: Reference time used for the geometric model fit
#   meta:
#     ucd: time.epoch
# - 
#   name: frequency
#   datatype: float64
#   unit: d**-1
#   description: Frequency of geometric model of the eclipsing binary light curve
#   meta:
#     ucd: src.orbital
# - 
#   name: frequency_error
#   datatype: float32
#   unit: d**-1
#   description: "Uncertainty of \\texttt{frequency}"
#   meta:
#     ucd: stat.error
# - 
#   name: geom_model_reference_level
#   datatype: float32
#   unit: mag
#   description: Magnitude reference level of geometric model
#   meta:
#     ucd: phot.mag;em.opt
# - 
#   name: geom_model_reference_level_error
#   datatype: float32
#   unit: mag
#   description: "Uncertainty of \\texttt{geomModelReferenceLevel}"
#   meta:
#     ucd: stat.error;phot.mag;em.opt
# - 
#   name: geom_model_gaussian1_phase
#   datatype: float32
#   description: Phase of the Gaussian 1 component
#   meta:
#     ucd: time.phase
# - 
#   name: geom_model_gaussian1_phase_error
#   datatype: float32
#   description: "Uncertainty of \\texttt{geomModelGaussian1Phase}"
#   meta:
#     ucd: stat.error;time.phase
# - 
#   name: geom_model_gaussian1_sigma
#   datatype: float32
#   description: "Standard deviation [phase] of Gaussian 1 component"
#   meta:
#     ucd: stat.stdev
# - 
#   name: geom_model_gaussian1_sigma_error
#   datatype: float32
#   description: "Uncertainty of \\texttt{geomModelGaussian1Sigma}"
#   meta:
#     ucd: stat.error
# - 
#   name: geom_model_gaussian1_depth
#   datatype: float32
#   unit: mag
#   description: Magnitude depth of Gaussian 1 component
#   meta:
#     ucd: src.var.amplitude
# - 
#   name: geom_model_gaussian1_depth_error
#   datatype: float32
#   unit: mag
#   description: "Uncertainty of \\texttt{geomModelGaussian1Depth}"
#   meta:
#     ucd: stat.error;src.var.amplitude
# - 
#   name: geom_model_gaussian2_phase
#   datatype: float32
#   description: Phase of Gaussian 2 component
#   meta:
#     ucd: time.phase
# - 
#   name: geom_model_gaussian2_phase_error
#   datatype: float32
#   description: "Uncertainty of \\texttt{geomModelGaussian2Phase}"
#   meta:
#     ucd: stat.error;time.phase
# - 
#   name: geom_model_gaussian2_sigma
#   datatype: float32
[...]
#   datatype: float32
#   description: "Secondary eclipse: uncertainty of \\texttt{derivedSecondaryEclDuration}"
#   meta:
#     ucd: stat.error;time.duration
# - 
#   name: derived_secondary_ecl_depth
#   datatype: float32
#   unit: mag
#   description: "Secondary eclipse: depth"
#   meta:
#     ucd: src.var.amplitude
# - 
#   name: derived_secondary_ecl_depth_error
#   datatype: float32
#   unit: mag
#   description: "Secondary eclipse: uncertainty of \\texttt{derivedSecondaryEclDepth}"
#   meta:
#     ucd: stat.error;src.var.amplitude
solution_id,source_id,global_ranking,reference_time,frequency,frequency_error,geom_model_reference_level,geom_model_reference_level_error,geom_model_gaussian1_phase,geom_model_gaussian1_phase_error,geom_model_gaussian1_sigma,geom_model_gaussian1_sigma_error,geom_model_gaussian1_depth,geom_model_gaussian1_depth_error,geom_model_gaussian2_phase,geom_model_gaussian2_phase_error,geom_model_gaussian2_sigma,geom_model_gaussian2_sigma_error,geom_model_gaussian2_depth,geom_model_gaussian2_depth_error,geom_model_cosine_half_period_amplitude,geom_model_cosine_half_period_amplitude_error,geom_model_cosine_half_period_phase,geom_model_cosine_half_period_phase_error,model_type,num_model_parameters,reduced_chi2,derived_primary_ecl_phase,derived_primary_ecl_phase_error,derived_primary_ecl_duration,derived_primary_ecl_duration_error,derived_primary_ecl_depth,derived_primary_ecl_depth_error,derived_secondary_ecl_phase,derived_secondary_ecl_phase_error,derived_secondary_ecl_duration,derived_secondary_ecl_duration_error,derived_secondary_ecl_depth,derived_secondary_ecl_depth_error
[from data line 148]
375316653866487564,4107555131104142464,0.5671264,2344.5254871563225,1.606113495517796,1.8920176E-5,18.675623,0.0102754,0.24436806,0.0034011821,0.08343896,0.0040886733,0.4241783,0.016162371,0.7594021,0.002895229,0.07182137,0.0057517267,0.25540268,0.012872229,null,null,null,null,"TWOGAUSSIANS",8,2.4771917,0.24436806,0.0034011821,0.4,0.0,0.42145386,0.015501206,0.7594021,0.002895229,0.4,0.019513117,0.25267828,0.012608431
375316653866487564,4107555401614972928,0.5781344,2323.994483610334,3.0167473597451147,1.0064197E-5,17.825783,0.010189485,0.24403165,0.002722704,0.047671046,0.0064412244,0.27355304,0.027145231,0.7445588,0.0029572472,0.038502295,0.005015297,0.2721826,0.02719576,0.12745707,0.013686584,0.24403165,0.002722704,"TWOGAUSSIANS_WITH_ELLIPSOIDAL_ON_ECLIPSE1",9,15.698556,0.24403165,0.002722704,0.26695785,0.036070857,0.5284669,0.019415144,0.7445588,0.0028815933,0.21561284,0.028085662,0.52709365,0.019922884
375316653866487564,4107555405982686080,0.44750753,2343.3589343362414,1.4335726175791457,4.971474E-5,18.468103,0.005453846,0.15595074,0.024114856,0.048176438,0.010961747,0.048547316,0.016663207,0.75043976,0.006466993,0.067335784,0.020126844,0.097832225,0.035555243,0.06458435,0.0068086805,0.75043976,0.006466993,"TWOGAUSSIANS_WITH_ELLIPSOIDAL_ON_ECLIPSE2",9,8.760207,0.75043976,0.006466993,0.37708038,0.09521264,0.22690208,0.035656273,0.19026074,0.01865862,0.26978806,0.061385784,0.14913887,0.013359502
375316653866487564,4107555474702543616,0.41080022,2328.2107420856455,4.060620011772066,1.2224144E-4,19.484463,0.010890426,0.4748929,0.0030750912,0.010503322,0.0035587896,0.19977964,0.045519967,0.8380319,0.013500704,0.05731911,0.014914982,0.15547791,0.041606516,0.03922284,0.023045199,0.8380319,0.013500704,"TWOGAUSSIANS_WITH_ELLIPSOIDAL_ON_ECLIPSE2",9,13.953716,0.8380319,0.013500704,0.32098702,0.0835239,0.23391213,0.037123203,0.4746229,0.0031364914,0.0588186,0.019929223,0.23323213,0.049267422
375316653866487564,4107555680854864384,0.48011985,2345.8683982400303,2.7111429847290327,3.4723016E-5,19.808596,0.08045519,0.21610479,0.0047082347,0.102404535,0.031527407,0.33541584,0.05731103,0.7088056,0.015397109,0.08147873,0.027859662,0.4052844,0.07525984,null,null,null,null,"TWOGAUSSIANS",8,3.224666,0.7088056,0.015397109,0.4,0.06836176,0.38921502,0.051828805,0.21610479,0.0047082347,0.4,0.0,0.31934172,0.03742256
375316653866487564,4107555710870002176,0.43061668,2348.397942420582,2.300414546468721,4.651071E-5,19.378723,0.018369254,0.35601637,0.0032206755,0.06033393,0.005386016,0.46638587,0.032495286,0.8246751,0.022171805,0.057589613,0.011788498,0.24519862,0.06708518,null,null,null,null,"TWOGAUSSIANS",8,12.795214,0.35601637,0.0032206755,0.33787,0.03016169,0.46635935,0.03250211,0.8246751,0.022171805,0.32250184,0.066015586,0.24517208,0.06714906
375316653866487564,4107555818294750720,0.45593983,2346.8817952605095,1.734280713900427,2.019336E-5,18.660078,0.0046089855,null,null,null,null,null,null,null,null,null,null,null,null,0.08312664,0.006015116,0.2496905,0.0058261193,"ELLIPSOIDAL",4,6.2516932,null,null,null,null,null,null,null,null,null,null,null,null
375316653866487564,4107555852654586752,0.42089158,2340.1405682709947,0.9986646159656257,7.433398E-5,19.064758,0.010580496,0.20397931,0.026100129,0.044356085,0.011966396,0.13665913,0.0631135,0.70962745,0.009362013,0.059877567,0.015693268,0.18546586,0.048907228,null,null,null,null,"TWOGAUSSIANS",8,8.30331,0.70962745,0.009362013,0.3353144,0.0878823,0.18546335,0.048917595,0.20397931,0.026100129,0.24839407,0.06701182,0.13665663,0.063117154
375316653866487564,4107556020089926016,0.5410102,2330.167149010216,2.5719073154659564,1.960181E-5,17.006271,0.011062251,0.28703088,0.004096872,0.104211204,0.009186882,0.17055832,0.010663979,0.7891859,0.0033587646,0.09133525,0.006347639,0.19705841,0.011098744,null,null,null,null,"TWOGAUSSIANS",8,7.31077,0.7891859,0.0033587646,0.4,0.0,0.18361671,0.009211677,0.28703088,0.004096872,0.4,0.0,0.15711331,0.0071292673
375316653866487564,4107556127531716352,0.48974037,2352.8660295766317,1.745603292956106,2.8864772E-5,19.250347,0.009914105,0.22443971,0.0062755398,0.038997985,0.00985261,0.09350246,0.044748586,0.7202896,0.0019302308,0.021756854,0.0039014623,0.15124454,0.0725882,0.08226023,0.013585761,0.22443971,0.0062755398,"TWOGAUSSIANS_WITH_ELLIPSOIDAL_ON_ECLIPSE1",9,4.395502,0.72044957,0.001826429,0.12183838,0.021848189,0.3156575,0.058297306,0.22443971,0.0062755398,0.2183887,0.055174615,0.2580229,0.03932871
375316653866487564,4107556398069383808,0.4972235,2338.783146763226,2.659102817955451,1.6122993E-5,18.505201,0.039775826,0.2819078,0.0131625775,0.06724746,0.012734278,0.24326122,0.0879666,0.81859905,0.0037778444,0.0641404,0.015711477,0.24823613,0.09570539,0.093792394,0.048561998,0.81859905,0.0037778444,"TWOGAUSSIANS_WITH_ELLIPSOIDAL_ON_ECLIPSE2",9,20.30645,0.81859905,0.0037778444,0.35918623,0.08361789,0.43566886,0.063726954,0.2897378,0.008930215,0.37658575,0.070173696,0.42294925,0.029789979
375316653866487564,4107556505489791360,0.454151,2372.7836937841303,0.1560920552554384,1.1072899E-4,19.09114,0.0068199225,0.66415906,0.0065343906,0.013024982,0.019193789,0.48588225,0.36027148,null,null,null,null,null,null,null,null,null,null,"ONEGAUSSIAN",5,3.7198012,0.66415906,0.0065343906,0.072939895,0.10748522,0.48588225,0.0,null,null,null,null,null,null
375316653866487564,4107556535503912192,0.5253119,2353.7457763482735,0.6740099283430467,1.8178676E-5,17.593008,0.008719758,0.24831039,0.0054684635,0.08734562,0.009586901,0.12121237,0.010783493,0.75184387,0.0027280375,0.07335684,0.0045189173,0.28476617,0.01925185,null,null,null,null,"TWOGAUSSIANS",8,8.350945,0.75184387,0.0027280375,0.4,0.0026783,0.28217223,0.019324254,0.24831039,0.0054684635,0.4,0.0,0.11861841,0.010553702
375316653866487564,4107556574209329792,0.47995964,2403.0612685951373,0.02927123672825287,8.780429E-5,19.021637,0.04370886,0.2136826,0.2878637,0.050979115,0.04348016,0.15550022,0.05496055,0.7848173,0.027141701,0.09081992,0.037763488,0.3492955,0.19154978,null,null,null,null,"TWOGAUSSIANS",8,5.056221,0.7848173,0.027141701,0.4,0.022115592,0.34914494,0.19270538,0.2136826,0.28795594,0.28548303,0.14270955,0.1553547,0.05361044
375316653866487564,4107556883448014336,0.50501996,2361.571811263386,0.7102908523680918,1.2744307E-5,18.818916,0.0048597166,0.3266976,0.004903024,0.034811452,0.00811756,1.0759068,0.5029114,0.82090575,0.002821813,0.049256008,0.007839783,0.29415917,0.05919431,null,null,null,null,"TWOGAUSSIANS",8,2.475537,0.3266976,0.004903024,0.19494414,0.04545834,1.0759068,0.50291187,0.82090575,0.002821813,0.27583364,0.043902785,0.29415917,0.05919442
375316653866487564,4107556917863723136,0.52035975,2364.202985815439,0.9432333920772527,4.0094394E-5,18.380423,0.00739404,0.1644284,0.0018665561,0.05362499,0.0023475583,0.47824,0.020819586,0.6656859,0.004575786,0.05803898,0.0062229545,0.15898062,0.013534081,null,null,null,null,"TWOGAUSSIANS",8,7.742738,0.1644284,0.0018665561,0.30029994,0.013146326,0.4782175,0.020821713,0.6656859,0.004575786,0.3250183,0.034848545,0.1589581,0.013535776
375316653866487564,4107557295779107072,0.4637016,2372.128865177471,4.841331403823505,6.54896E-5,19.820997,0.0694052,0.5251535,0.021453524,0.18457876,0.03505569,0.36209223,0.07083994,0.90890694,0.05018984,0.06804337,0.10258551,0.06315772,0.0486328,null,null,null,null,"TWOGAUSSIANS",8,2.1730127,0.5251535,0.021265905,0.4,0.0,0.336342,0.04080523,0.90890694,0.05018984,0.3810429,0.39342722,0.08048725,0.071388006
375316653866487564,4107557394501920640,0.41342664,2380.8595798119286,4.022844661585519,1.6580102E-4,19.738234,0.13728666,0.32047665,0.04273944,0.12918644,0.18644147,0.136466,0.12240358,0.8377347,0.019718116,0.064681865,0.013289614,0.23639937,0.10799344,null,null,null,null,"TWOGAUSSIANS",8,4.6669025,0.8377747,0.019492628,0.36221847,0.07442184,0.2279803,0.06525155,0.32047665,0.04273944,0.4,0.0,0.1278751,0.029655136
375316653866487564,4107558017327008640,0.49202096,2358.340425601359,1.6993474200476042,4.882697E-5,18.955364,0.012148785,0.26607966,0.003218263,0.086257264,0.005928109,0.22301055,0.015394465,0.7471368,0.011347945,0.11257824,0.018906014,0.1259907,0.013365574,null,null,null,null,"TWOGAUSSIANS",8,2.4922125,0.26608968,0.0032257163,0.4,0.0,0.21256302,0.013459751,0.7471368,0.011347945,0.4,0.0,0.1155265,0.01204938
375316653866487564,4107558086056105472,0.6095096,2358.014579678383,2.147384444769378,5.8813325E-6,16.257286,0.0094383145,0.22861029,0.0014580277,0.10454002,0.0040287706,0.3373871,0.008347959,0.72677916,0.0012814237,0.097528294,0.0027229087,0.37679788,0.010409606,null,null,null,null,"TWOGAUSSIANS",8,10.926743,0.72677916,0.0012814237,0.4,0.0,0.3442631,0.007711868,0.22861029,0.0014580277,0.4,0.0,0.3048465,0.00489693
375316653866487564,4107558945040531712,0.43799704,2369.3905420433025,1.6492648687754312,4.8664187E-5,19.681204,0.012917238,0.34623733,0.00954596,0.08174176,0.012002015,0.3454541,0.05196972,0.84761196,0.002288312,0.018197242,0.012039907,0.4088021,0.29009193,null,null,null,null,"TWOGAUSSIANS",8,4.3509517,0.84761196,0.002288312,0.10190456,0.067423485,0.40880015,0.29010013,0.34623733,0.00954596,0.4,0.0,0.34545216,0.05197065
375316653866487564,4107559254278267520,0.5145154,2364.6786486060373,2.766850965861551,2.497615E-5,18.624771,0.010271965,0.24866901,0.003522127,0.08846227,0.0069037103,0.31715772,0.015861044,0.7505865,0.004674433,0.077675864,0.005620806,0.33139917,0.016247816,null,null,null,null,"TWOGAUSSIANS",8,4.9546623,0.7505865,0.004674433,0.4,0.0,0.3246659,0.015611373,0.24866901,0.003522127,0.4,0.0,0.31042436,0.016951935
375316653866487564,4107559426125553920,0.518165,2374.3191432838917,1.872602956130298,2.1598147E-5,19.352623,0.018077528,0.23005918,0.004226722,0.07978371,0.007096225,0.4263971,0.018939171,0.72995967,0.0075343186,0.09696071,0.012878842,0.24862394,0.024575246,null,null,null,null,"TWOGAUSSIANS",8,2.7810826,0.23005918,0.004226722,0.4,0.0,0.41497687,0.01773359,0.72995967,0.0075343186,0.4,0.0,0.23720287,0.024597738
375316653866487564,4107559494804743424,0.44139042,2393.49561797872,1.1768968529576378,8.5499676E-5,19.551422,0.014727903,0.2031085,0.013383276,0.022318084,0.028861823,1.3828596,271.31317,0.78935516,0.0020810268,0.02164486,0.004987668,0.42094746,0.2241362,null,null,null,null,"TWOGAUSSIANS",8,4.47135,0.2031085,0.013383276,0.12498127,0.1616262,1.3828596,271.31317,0.78935516,0.0020810268,0.121211216,0.02793094,0.42094746,0.2241362
375316653866487564,4107559834021519744,0.6066705,2362.770229880617,0.7140980509921303,8.718562E-6,17.344107,0.004345291,0.2840353,0.0019117068,0.076966405,0.002240937,0.39557025,0.006846338,0.7902467,0.0018027262,0.08689322,0.0027933354,0.3097939,0.0067380047,null,null,null,null,"TWOGAUSSIANS",8,4.7918386,0.2840353,0.0019117068,0.4,0.0,0.3897096,0.0066656596,0.7902467,0.0018027262,0.4,0.0,0.3039332,0.006835422
375316653866487564,4107559868398729728,0.51203865,2377.9996794041867,1.552214171771044,7.2603157E-6,19.426191,0.019482272,0.17110418,0.0039473823,0.09269554,0.008395899,0.24948819,0.019731864,0.67958283,0.009302159,0.10129598,0.014109349,0.21862608,0.021678314,null,null,null,null,"TWOGAUSSIANS",8,1.2706156,0.17110418,0.003946465,0.4,0.0,0.23451443,0.011465353,0.67958283,0.009302159,0.4,0.0,0.20365016,0.019271787
375316653866487564,4107559941465752320,0.460536,2361.2003249863797,1.1795697877532205,6.4616914E-5,18.904974,0.007646707,0.34804896,0.0029501147,0.04275247,0.0027247893,0.45642567,0.030461906,0.8326609,0.027759423,0.057454232,0.02540653,0.058953512,0.062000953,null,null,null,null,"TWOGAUSSIANS",8,11.269303,0.34804896,0.0029501147,0.23941384,0.015258821,0.4564252,0.030461803,0.8326609,0.027759423,0.3217437,0.14227657,0.05895302,0.062001795
375316653866487564,4107560010185465344,0.6074177,2359.285920166939,2.9065337883948086,7.2734233E-6,18.151943,0.012785863,0.2933979,0.00206773,0.04407676,0.0072666947,0.33218515,0.056807376,0.788639,0.0021594346,0.054119784,0.003926327,0.3529413,0.029668042,0.114256665,0.021468235,0.2933979,0.00206773,"TWOGAUSSIANS_WITH_ELLIPSOIDAL_ON_ECLIPSE1",9,3.2935064,0.789259,0.0017688918,0.30307078,0.02198743,0.5812702,0.01566699,0.2933979,0.00206773,0.24682985,0.04069349,0.5606917,0.06412634
375316653866487564,4107560211978319488,0.500036,2344.4533229413532,0.47066649084238193,5.418654E-5,17.381596,0.00398762,0.18965927,0.0039303033,0.027605986,0.0045609097,0.18183872,0.09469989,0.69110286,0.0019058987,0.029670358,0.0019688027,0.24904019,0.012854653,null,null,null,null,"TWOGAUSSIANS",8,14.322199,0.69110286,0.0019058987,0.166154,0.011025295,0.24904019,0.012854653,0.18965927,0.0039303033,0.15459353,0.025541095,0.18183872,0.09469989
375316653866487564,4107560383802403712,0.58210325,2352.4881340785514,0.9486757372582604,6.609657E-6,18.151918,0.009392435,0.2558581,0.004348715,0.09449718,0.00570554,0.27241957,0.010781538,0.7524368,0.0015043677,0.08997708,0.0032511752,0.360839,0.0097558545,null,null,null,null,"TWOGAUSSIANS",8,2.9675596,0.7524368,0.0015043677,0.4,0.0,0.34578523,0.0077554537,0.2558581,0.004348715,0.4,0.0,0.2573655,0.009560778
375316653866487564,4107560388155944320,0.44699994,2346.0045920384127,4.795353408459678,7.57064E-5,19.727575,0.054511014,0.09310128,0.022213558,0.036732774,0.03531274,0.18351609,0.67368203,0.4288312,0.012315946,0.16596664,0.025005007,0.37552595,0.05413442,null,null,null,null,"TWOGAUSSIANS",8,6.279319,0.4288312,0.012315946,0.4,0.0,0.36748552,0.04658299,0.09765128,0.029846812,0.20570354,0.19775134,0.22546981,0.6553668
375316653866487564,4107560525581665024,0.47098926,2349.6298726438854,2.1380048263209805,2.7687935E-5,19.579298,0.004592616,null,null,null,null,null,null,null,null,null,null,null,null,0.11272157,0.0066760704,0.21854968,0.0046090344,"ELLIPSOIDAL",4,2.5084827,null,null,null,null,null,null,null,null,null,null,null,null
375316653866487564,4107560628660652160,0.45582178,2354.275615391161,2.2966461189113683,2.4654722E-5,19.474173,0.004047816,null,null,null,null,null,null,null,null,null,null,null,null,0.089645155,0.0055499016,0.2029808,0.005106914,"ELLIPSOIDAL",4,2.34706,null,null,null,null,null,null,null,null,null,null,null,null
375316653866487564,4107560693014817408,0.4455184,2353.335919871245,1.6245860963315046,5.4745113E-5,18.549616,0.043985453,0.2804787,0.007947703,0.089761764,0.014953736,0.36008823,0.04990107,0.75751144,0.014956637,0.07543141,0.04279338,0.2385129,0.029917931,null,null,null,null,"TWOGAUSSIANS",8,37.642952,0.2804787,0.007947703,0.4,0.0,0.35613024,0.042780656,0.75751144,0.014956637,0.4,0.062920816,0.23455518,0.031774625
375316653866487564,4107560766154540160,0.62839866,2341.9863364616835,2.4879699264127435,5.187576E-6,14.700348,0.0043226467,0.2362478,9.257561E-4,0.08677622,0.0020387578,0.33406472,0.0061560036,0.7436312,0.001636769,0.09907621,0.0028941804,0.17235139,0.0043339143,null,null,null,null,"TWOGAUSSIANS",8,21.00322,0.2362478,9.257561E-4,0.4,0.0,0.3229219,0.0065727346,0.7436312,0.001636769,0.4,0.0,0.16120751,0.0029934417
375316653866487564,4107562518454221184,0.49686134,2367.3352084754893,2.261926835323655,2.6970918E-5,19.790579,0.014447031,0.2713277,0.0046938825,0.084772006,0.0067763324,0.31323445,0.020237528,0.7770068,0.003006222,0.07378084,0.004173218,0.4148498,0.016664237,null,null,null,null,"TWOGAUSSIANS",8,2.247995,0.7770068,0.003006222,0.4,0.0,0.41045585,0.015493614,0.2713277,0.0046938825,0.4,0.0,0.30884048,0.019755231
375316653866487564,4107563240008955904,0.46784246,2371.4621243442757,2.087731138403079,1.8417652E-5,19.19303,0.017082188,0.2588105,0.0064859986,0.07415897,0.009349721,0.23785701,0.02775185,0.7559361,0.0051639746,0.07699648,0.008401165,0.26307407,0.03190447,null,null,null,null,"TWOGAUSSIANS",8,5.5046287,0.7559361,0.0051639746,0.4,0.0,0.26109642,0.031978644,0.2588105,0.0064859986,0.4,0.0039969636,0.23587938,0.027491057
