Gaia/vari_eclipsing_binary/VariEclipsingBinary_487593-487628.csv
# %ECSV 1.0
# ---
# delimiter: ','
# meta: !!omap
# - RELEASE: Gaia DR3
# - TABLE: vari_eclipsing_binary
# - DESCRIPTION: >
#     This table describes the properties of the eclipsing binaries resulting from the variability analysis. 
# - CITATION: >
#     How to cite and acknowledge Gaia: 
#     https://gea.esac.esa.int/archive/documentation/credits.html 
# - KNOWN_ISSUES: >
#     Known issues: 
#     https://www.cosmos.esa.int/web/gaia-users/known-issues 
# - DOCUMENTATION: >
#     Tutorials and documentation: 
#     https://www.cosmos.esa.int/web/gaia-users/archive 
# datatype:
# - 
#   name: solution_id
#   datatype: int64
#   description: Solution Identifier
#   meta:
#     ucd: meta.version
# - 
#   name: source_id
#   datatype: int64
#   description: Unique source identifier
#   meta:
#     ucd: meta.id;meta.main
# - 
#   name: global_ranking
#   datatype: float32
#   description: Number between 0 (worst) and 1 (best)
#   meta:
#     ucd: stat.param
# - 
#   name: reference_time
#   datatype: float64
#   unit: d
#   description: Reference time used for the geometric model fit
#   meta:
#     ucd: time.epoch
# - 
#   name: frequency
#   datatype: float64
#   unit: d**-1
#   description: Frequency of geometric model of the eclipsing binary light curve
#   meta:
#     ucd: src.orbital
# - 
#   name: frequency_error
#   datatype: float32
#   unit: d**-1
#   description: "Uncertainty of \\texttt{frequency}"
#   meta:
#     ucd: stat.error
# - 
#   name: geom_model_reference_level
#   datatype: float32
#   unit: mag
#   description: Magnitude reference level of geometric model
#   meta:
#     ucd: phot.mag;em.opt
# - 
#   name: geom_model_reference_level_error
#   datatype: float32
#   unit: mag
#   description: "Uncertainty of \\texttt{geomModelReferenceLevel}"
#   meta:
#     ucd: stat.error;phot.mag;em.opt
# - 
#   name: geom_model_gaussian1_phase
#   datatype: float32
#   description: Phase of the Gaussian 1 component
#   meta:
#     ucd: time.phase
# - 
#   name: geom_model_gaussian1_phase_error
#   datatype: float32
#   description: "Uncertainty of \\texttt{geomModelGaussian1Phase}"
#   meta:
#     ucd: stat.error;time.phase
# - 
#   name: geom_model_gaussian1_sigma
#   datatype: float32
#   description: "Standard deviation [phase] of Gaussian 1 component"
#   meta:
#     ucd: stat.stdev
# - 
#   name: geom_model_gaussian1_sigma_error
#   datatype: float32
#   description: "Uncertainty of \\texttt{geomModelGaussian1Sigma}"
#   meta:
#     ucd: stat.error
# - 
#   name: geom_model_gaussian1_depth
#   datatype: float32
#   unit: mag
#   description: Magnitude depth of Gaussian 1 component
#   meta:
#     ucd: src.var.amplitude
# - 
#   name: geom_model_gaussian1_depth_error
#   datatype: float32
#   unit: mag
#   description: "Uncertainty of \\texttt{geomModelGaussian1Depth}"
#   meta:
#     ucd: stat.error;src.var.amplitude
# - 
#   name: geom_model_gaussian2_phase
#   datatype: float32
#   description: Phase of Gaussian 2 component
#   meta:
#     ucd: time.phase
# - 
#   name: geom_model_gaussian2_phase_error
#   datatype: float32
#   description: "Uncertainty of \\texttt{geomModelGaussian2Phase}"
#   meta:
#     ucd: stat.error;time.phase
# - 
#   name: geom_model_gaussian2_sigma
#   datatype: float32
[...]
#   datatype: float32
#   description: "Secondary eclipse: uncertainty of \\texttt{derivedSecondaryEclDuration}"
#   meta:
#     ucd: stat.error;time.duration
# - 
#   name: derived_secondary_ecl_depth
#   datatype: float32
#   unit: mag
#   description: "Secondary eclipse: depth"
#   meta:
#     ucd: src.var.amplitude
# - 
#   name: derived_secondary_ecl_depth_error
#   datatype: float32
#   unit: mag
#   description: "Secondary eclipse: uncertainty of \\texttt{derivedSecondaryEclDepth}"
#   meta:
#     ucd: stat.error;src.var.amplitude
solution_id,source_id,global_ranking,reference_time,frequency,frequency_error,geom_model_reference_level,geom_model_reference_level_error,geom_model_gaussian1_phase,geom_model_gaussian1_phase_error,geom_model_gaussian1_sigma,geom_model_gaussian1_sigma_error,geom_model_gaussian1_depth,geom_model_gaussian1_depth_error,geom_model_gaussian2_phase,geom_model_gaussian2_phase_error,geom_model_gaussian2_sigma,geom_model_gaussian2_sigma_error,geom_model_gaussian2_depth,geom_model_gaussian2_depth_error,geom_model_cosine_half_period_amplitude,geom_model_cosine_half_period_amplitude_error,geom_model_cosine_half_period_phase,geom_model_cosine_half_period_phase_error,model_type,num_model_parameters,reduced_chi2,derived_primary_ecl_phase,derived_primary_ecl_phase_error,derived_primary_ecl_duration,derived_primary_ecl_duration_error,derived_primary_ecl_depth,derived_primary_ecl_depth_error,derived_secondary_ecl_phase,derived_secondary_ecl_phase_error,derived_secondary_ecl_duration,derived_secondary_ecl_duration_error,derived_secondary_ecl_depth,derived_secondary_ecl_depth_error
[from data line 488]
375316653866487564,4289142152118752640,0.5891139,2142.464763325622,3.490201128620055,9.5215955E-6,18.274035,0.018776936,0.2799561,0.003654584,0.04618914,0.022080095,0.2895869,0.032167137,0.7774833,0.011222762,0.045159865,0.008445043,0.19076379,0.044308644,0.12902912,0.023477636,0.2799561,0.003654584,"TWOGAUSSIANS_WITH_ELLIPSOIDAL_ON_ECLIPSE1",9,4.9497366,0.2799561,0.003654584,0.25865918,0.12364854,0.5476449,0.03231793,0.7779233,0.0093762325,0.25289524,0.047292244,0.44877067,0.027921053
375316653866487564,4289142293852106880,0.43230715,2203.9192854257444,0.1526581500613129,1.644628E-4,17.909481,0.06437263,0.2620624,0.04790451,0.11727172,0.09638025,0.08552204,0.06960082,0.56830484,0.0335066,0.06389146,0.032987077,0.08959367,0.056763604,null,null,null,null,"TWOGAUSSIANS",8,7.8614492,0.56830484,0.0335066,0.3577922,0.14044242,0.09231087,0.057876844,0.26207238,0.047813784,0.4,0.0,0.085413516,0.047313124
375316653866487564,4289142701873449984,0.454926,2150.8631237543004,0.1680114288099645,4.2865395E-5,18.133919,0.006755012,0.31195933,0.011197851,0.089545354,0.0131055815,0.07227376,0.013177394,0.78396446,0.012018237,0.06565813,0.0137541555,0.107784644,0.023987086,null,null,null,null,"TWOGAUSSIANS",8,4.058121,0.78396446,0.012018237,0.36768553,0.07450036,0.10726868,0.024200842,0.31195933,0.011197851,0.4,0.0,0.071757734,0.01305004
375316653866487564,4289143084154034944,0.5581596,2185.59207208484,0.7016733964939085,2.5917534E-5,16.089752,0.002509303,0.3618164,0.0529408,0.08607828,0.029674796,0.041605633,0.010663226,0.83501685,0.0017517677,0.03532329,0.0055161146,0.15178314,0.012588104,null,null,null,null,"TWOGAUSSIANS",8,6.6011105,0.83501685,0.0017517677,0.19781043,0.030890241,0.15177435,0.012608548,0.3618164,0.0529408,0.4,0.079967886,0.041596834,0.010655213
375316653866487564,4289143427751504384,0.4465132,2179.5005413720805,3.7415339200562014,4.7329748E-5,18.673914,0.00842296,null,null,null,null,null,null,null,null,null,null,null,null,0.093975484,0.009716621,0.29586533,0.009846922,"ELLIPSOIDAL",4,11.344124,null,null,null,null,null,null,null,null,null,null,null,null
375316653866487564,4289143457788962944,0.45811537,2196.355848242609,0.21849062170523814,1.3334422E-4,19.20102,0.15656006,0.17377268,0.0787464,0.10927111,0.047698747,0.09949699,0.072577655,0.5722258,0.049795233,0.18858173,0.12615688,0.19024272,0.15210791,null,null,null,null,"TWOGAUSSIANS",8,2.4228842,0.5722258,0.049795233,0.4,0.0,0.15181708,0.053218197,0.21208267,0.073171996,0.4,0.0,0.08632754,0.009397487
375316653866487564,4289143565190538624,0.622695,2204.0256139336475,2.094003316994858,4.3186287E-6,16.71384,0.0049953274,0.29884726,5.689645E-4,0.08640456,0.0015035904,0.38118806,0.006596916,0.8101291,0.0028457195,0.09358631,0.0041416427,0.2150531,0.005887196,null,null,null,null,"TWOGAUSSIANS",8,4.416177,0.29884726,5.689645E-4,0.4,0.0,0.37125263,0.0060097906,0.8101291,0.0028457195,0.4,0.0,0.2051174,0.0055341274
375316653866487564,4289145558027910400,0.4649094,2138.892846957667,4.234196486179925,1.865364E-5,18.903307,0.00401761,null,null,null,null,null,null,null,null,null,null,null,null,0.06831594,0.0048884596,0.29068,0.0069726533,"ELLIPSOIDAL",4,2.561624,null,null,null,null,null,null,null,null,null,null,null,null
375316653866487564,4289145558027978112,0.4671416,2133.636198137092,0.10654454427956948,4.6724548E-5,18.586088,0.021149663,0.19483045,0.008376638,0.057885267,0.009937261,0.31687763,0.07835904,0.73041505,0.074281916,0.105429806,0.08933787,0.14551269,0.074516594,null,null,null,null,"TWOGAUSSIANS",8,5.150617,0.19483045,0.008372268,0.32415748,0.055648666,0.31522572,0.0798195,0.73041505,0.074281916,0.4,0.16375205,0.14385152,0.07570332
375316653866487564,4289145626747508608,0.53098047,2157.7209334474037,4.094086637874823,2.5743842E-5,19.797697,0.028260713,0.22629283,0.01687328,0.07486841,0.021061935,0.4279699,0.041012865,0.70151716,0.009614096,0.07578808,0.012094719,0.3695188,0.028944578,null,null,null,null,"TWOGAUSSIANS",8,2.1788607,0.22629283,0.01687328,0.4,0.035678983,0.42612657,0.03701052,0.70151716,0.009614096,0.4,0.013608865,0.36767545,0.025631502
375316653866487564,4289146142170877824,0.4705429,2155.934535498587,2.7186237074401203,2.6475045E-5,17.565792,0.41923863,0.33319563,0.0045672758,0.15139903,0.05876529,0.42300785,0.3580655,0.83179045,0.014518946,0.18232144,0.11216576,0.39205903,0.40379235,null,null,null,null,"TWOGAUSSIANS",8,13.708181,0.3335356,0.004944623,0.4,0.0,0.18150033,0.0080424,0.83179045,0.014527531,0.4,0.0,0.13592166,0.018503785
375316653866487564,4289146240925071872,0.5123551,2130.509070181381,2.6183893111294587,2.4199398E-5,18.369944,0.0056700846,null,null,null,null,null,null,null,null,null,null,null,null,0.14654003,0.0072416044,0.2933365,0.0049901847,"ELLIPSOIDAL",4,11.83403,null,null,null,null,null,null,null,null,null,null,null,null
375316653866487564,4289146520101111552,0.5056861,2151.3448594582455,3.314539645571739,2.1101934E-5,18.138632,0.03154529,0.22944784,0.005601327,0.08411893,0.013098302,0.42179203,0.03073962,0.7333752,0.009252661,0.09078202,0.011751452,0.36258322,0.05179703,null,null,null,null,"TWOGAUSSIANS",8,19.377901,0.22944784,0.005601327,0.4,0.0,0.40952578,0.03141193,0.7333752,0.009252661,0.4,0.0,0.3503168,0.049838208
375316653866487564,4289146657540181632,0.5311552,2182.5545889874466,3.3310789533968115,1.4630027E-5,18.796925,0.033844225,0.24549009,0.003640721,0.07390066,0.008386542,0.3559915,0.03964848,0.7263789,0.004915213,0.08287166,0.0094642015,0.41207317,0.05042568,null,null,null,null,"TWOGAUSSIANS",8,3.6612601,0.7263789,0.004915213,0.4,0.0,0.40887812,0.049135312,0.24549009,0.003640721,0.4,0.0013059727,0.35279647,0.036997315
375316653866487564,4289146794979435776,0.5419352,2173.997104164609,3.9816261134014526,1.7415183E-5,18.395552,0.038421545,0.28033286,0.006607417,0.07029574,0.018136859,0.46996602,0.07692652,0.782855,0.005310656,0.08321896,0.010158654,0.50443804,0.04378866,null,null,null,null,"TWOGAUSSIANS",8,10.293817,0.782855,0.005310656,0.4,0.0,0.49985293,0.039075073,0.28033286,0.006607417,0.39365616,0.030072222,0.46538094,0.08664219
375316653866487564,4289146893763046656,0.53191763,2169.6815114728165,3.2622555283198746,1.1842857E-5,17.296402,0.0028027033,null,null,null,null,null,null,null,null,null,null,null,null,0.09148654,0.0034783017,0.20740075,0.0038439445,"ELLIPSOIDAL",4,10.341584,null,null,null,null,null,null,null,null,null,null,null,null
375316653866487564,4289148233793183360,0.53427094,2194.4357507978198,2.7996344487253766,2.205347E-5,16.778881,0.023577342,0.2895755,0.0032050556,0.09812086,0.009649798,0.2943952,0.020130934,0.7951611,0.006888083,0.101687714,0.012768224,0.27813724,0.025512408,null,null,null,null,"TWOGAUSSIANS",8,30.288343,0.2895755,0.0032050556,0.4,0.0,0.27111998,0.014676338,0.7951611,0.006888083,0.4,0.0,0.2548602,0.017972069
375316653866487564,4289148753484449152,0.50611126,2105.1128572454027,0.10670335401631292,2.3507244E-5,18.821115,0.032193627,0.21996787,0.009144252,0.048983037,0.024611924,0.326511,0.033591494,0.765713,0.022580368,0.06784489,0.043422263,0.43661422,0.16452886,null,null,null,null,"TWOGAUSSIANS",8,1.8402812,0.765713,0.022580368,0.3799314,0.0696461,0.43660027,0.1654734,0.21996787,0.009149526,0.27430502,0.12883638,0.32649708,0.03278547
375316653866487564,4289149264583923072,0.5438562,2173.2820899674557,2.2314786177459265,3.7741556E-5,19.439598,0.0060915696,0.26223043,0.0047834087,0.050092157,0.008065008,0.29390433,0.07089577,0.4584033,0.006420685,0.052390747,0.011634793,0.38716406,0.16080546,null,null,null,null,"TWOGAUSSIANS",8,0.44949687,0.4584033,0.006420685,0.2933882,0.06515484,0.38730142,0.16087307,0.26245043,0.0044783987,0.2805161,0.04516404,0.29425645,0.071214825
375316653866487564,4289149814337974272,0.57951224,2158.542562210909,2.145096258439222,1.0010227E-5,19.001873,0.0111578405,0.28468302,0.005382155,0.06492754,0.003986248,0.44584048,0.029260045,0.78328884,0.0034491066,0.060423236,0.0030010536,0.56732833,0.026985904,null,null,null,null,"TWOGAUSSIANS",8,2.9079418,0.78328884,0.0034491066,0.3383701,0.0168059,0.5669926,0.026985409,0.28468302,0.005382155,0.36359423,0.022322988,0.44550478,0.029195407
375316653866487564,4289150093541094912,0.61860204,2170.0238877549336,2.096460137114126,8.819081E-6,16.265478,0.01377285,0.30276397,0.0020657962,0.055216815,0.0053239795,0.25498432,0.030953668,0.80989766,0.003640713,0.053635854,0.0054319235,0.2480136,0.036599476,0.09962331,0.017939644,0.30276397,0.0020657962,"TWOGAUSSIANS_WITH_ELLIPSOIDAL_ON_ECLIPSE1",9,21.05221,0.30276397,0.0020657962,0.30921417,0.029814286,0.45421892,0.011640825,0.80989766,0.003640713,0.30036077,0.030418772,0.44684818,0.024713075
375316653866487564,4289150230980155648,0.7142695,2180.678216406552,0.7889184925515872,4.1334747E-6,14.17609,0.007272941,0.20952849,0.0027830815,0.04686262,0.0062145353,0.09928938,0.014683855,0.70779276,0.002144442,0.048572056,0.0046464372,0.72074604,0.015553529,0.047548402,0.00859097,0.70779276,0.002144442,"TWOGAUSSIANS_WITH_ELLIPSOIDAL_ON_ECLIPSE2",9,35.26094,0.70779276,0.002144442,0.2720035,0.026020048,0.81584144,0.01075705,0.2092785,0.00230201,0.26243067,0.034801397,0.19437507,0.009000795
375316653866487564,4289150712016409344,0.55614346,2142.359647967018,1.310789071778738,1.699552E-5,16.333317,0.39366567,0.21897307,0.006160353,0.30647054,0.13204303,0.49139252,0.3858794,0.6889073,0.006970058,0.14308883,0.011912619,0.32397494,0.08834528,null,null,null,null,"TWOGAUSSIANS",8,3.2582412,0.6889073,0.006970058,0.4,0.0,0.16159368,0.004408584,0.22557306,0.0040109684,0.4,0.0,0.07392009,0.0015731187
375316653866487564,4289150746376136064,0.5352821,2151.9246528512363,1.351660213805156,1.0073509E-5,15.925335,0.009319836,0.32522708,0.0035430633,0.10459714,0.009898273,0.08234557,0.0091799535,0.84552306,0.0054958635,0.115225345,0.019324627,0.061524086,0.008230387,null,null,null,null,"TWOGAUSSIANS",8,4.2431216,0.3251871,0.0035453017,0.4,0.0,0.073816806,0.0030376373,0.845543,0.0054958756,0.4,0.0,0.052984994,0.003335499
375316653866487564,4289151502290961920,0.5124848,2199.9620437528533,2.660206207117827,1.9124318E-5,15.995928,0.026294906,0.22491857,0.009262985,0.105450526,0.025667088,0.13366072,0.02119956,0.7188509,0.0064045326,0.10739708,0.019705147,0.1040828,0.0257204,null,null,null,null,"TWOGAUSSIANS",8,12.607182,0.22491857,0.009262584,0.4,0.0,0.11973878,0.008952246,0.7188509,0.0064045326,0.4,0.0,0.090160266,0.0066303676
375316653866487564,4289152464363434880,0.61107093,2114.0018261617925,2.442507311211549,1.1030836E-5,16.725147,0.03445092,0.19098584,0.0028557722,0.06338036,0.006340332,0.3945918,0.07323327,0.6862165,0.0040030596,0.060385466,0.006929332,0.51348084,0.076569736,0.073247366,0.039713893,0.19098584,0.0028557722,"TWOGAUSSIANS_WITH_ELLIPSOIDAL_ON_ECLIPSE1",9,25.10153,0.6865765,0.0036287913,0.3381586,0.03880426,0.65961915,0.047791883,0.19098584,0.0028557722,0.35493,0.035505857,0.5408517,0.009833071
375316653866487564,4289153254614011776,0.4920876,2148.631638324102,1.1552373550299049,1.09899804E-4,17.522118,0.002304734,0.54365414,0.008347528,0.05207794,0.0048842197,0.04723157,0.0034021994,0.7343832,0.0077059777,0.04002551,0.0045509674,0.07032325,0.007537807,null,null,null,null,"TWOGAUSSIANS",8,1.6255425,0.7343832,0.0077059777,0.22414285,0.025485417,0.070381016,0.007524049,0.54366416,0.008353282,0.29163647,0.02735163,0.047232393,0.0034023018
375316653866487564,4289154216710330624,0.6354107,2147.0013942824917,3.121477388946522,1.0680578E-5,15.937153,0.008864487,0.2986342,0.0029423186,0.055939797,0.01056312,0.12254365,0.019523166,0.7784072,0.020571353,0.048622034,0.028303895,0.0652397,0.09724287,0.095412105,0.012217223,0.2986342,0.0029423186,"TWOGAUSSIANS_WITH_ELLIPSOIDAL_ON_ECLIPSE1",9,15.002853,0.2986342,0.0029423186,0.31326288,0.059153475,0.31336123,0.009365125,0.78557724,0.023512129,0.2722834,0.15850182,0.2540703,0.10221622
375316653866487564,4289154972625327104,0.5025571,2177.745451216033,1.0179382506447319,2.7583266E-5,14.517812,0.0032704186,0.26960912,2.0467701E-4,0.055680733,0.0036226069,0.042703953,0.0032465626,0.76614416,0.00987506,0.06449276,0.009909004,0.06697763,0.00506016,null,null,null,null,"TWOGAUSSIANS",8,20.725645,0.76614416,0.00987506,0.36115944,0.052579027,0.066960886,0.0050428677,0.26960912,2.0467701E-4,0.3118121,0.020286597,0.042687215,0.0032192406
375316653866487564,4289155969057770624,0.4840322,2153.607365317723,3.79786831070766,2.013583E-5,17.813978,0.006066891,0.17823179,0.015377298,0.06725169,0.012699976,0.11180115,0.032296803,0.67132515,0.0045091235,0.067541316,0.0067402343,0.08652985,0.0067360424,null,null,null,null,"TWOGAUSSIANS",8,4.1735573,0.17823179,0.015377298,0.37660944,0.049706306,0.11163424,0.032431345,0.67132515,0.0045091235,0.37823135,0.03774531,0.08636294,0.0065930574
375316653866487564,4289156518812587776,0.58254683,2130.620522944393,1.9780799855045337,1.02215345E-5,15.744863,0.010110964,0.24533921,0.0069542495,0.115404814,0.012250477,0.14087957,0.009240937,0.7125121,0.0018748931,0.111477025,0.0057005305,0.23667146,0.008208112,null,null,null,null,"TWOGAUSSIANS",8,15.793683,0.7125121,0.0018748931,0.4,0.0,0.21384683,0.0035056933,0.24545921,0.006979082,0.4,0.0,0.118051715,0.008087929
375316653866487564,4289157652684216448,0.6408766,2165.0498328668705,1.143905372489083,5.2732316E-6,14.518498,0.008070813,0.23404373,0.0010156323,0.08086424,0.0020868687,0.4129717,0.007746986,0.7442088,0.0065403264,0.09637425,0.0049382565,0.3263882,0.013830026,null,null,null,null,"TWOGAUSSIANS",8,31.179735,0.23404373,0.0010156323,0.4,0.0,0.40150702,0.0057919174,0.7442088,0.0065403264,0.4,0.0,0.31492245,0.011878596
375316653866487564,4289158855275127552,0.48769137,2158.89306246474,0.26511061828807003,9.2160546E-5,17.521505,0.003904169,0.30205798,0.016627787,0.018429287,0.018172102,0.12547679,9.830059,0.7191638,0.0063888673,0.049288068,0.012781799,0.101245746,0.02508776,null,null,null,null,"TWOGAUSSIANS",8,5.065533,0.30205798,0.016627787,0.103204004,0.10176377,0.12547679,9.830059,0.7191638,0.0063888673,0.27601317,0.07157807,0.101245746,0.02508776
375316653866487564,4289159331985712768,0.5382758,2110.5844495684864,2.520563227005764,1.2954944E-5,17.484438,0.4758453,0.2716903,0.0060189115,0.15470952,0.0925152,0.34573942,0.4579834,0.76664203,0.0075251525,0.12877849,0.04867459,0.3365021,0.38372236,null,null,null,null,"TWOGAUSSIANS",8,5.2250648,0.2718003,0.005899386,0.4,0.0,0.20716363,0.0155737,0.76664203,0.0075251525,0.4,0.0,0.20131236,0.009689217
375316653866487564,4289159336288280448,0.5705942,2105.402841113957,4.849962256961198,1.419982E-4,19.451797,0.0047848006,0.30791718,0.0040256013,0.044294935,0.0037427132,0.6548435,0.23486617,null,null,null,null,null,null,null,null,null,null,"ONEGAUSSIAN",5,1.3881501,0.30791718,0.0040256013,0.24805164,0.020959195,0.6548435,0.0,null,null,null,null,null,null
375316653866487564,4289159886067883136,0.5779765,2139.036333544231,3.944337936060217,1.7079454E-5,17.027126,0.01931052,0.20575275,0.0038115666,0.1097466,0.008564185,0.24182813,0.02056678,0.68567425,0.0037476786,0.108070746,0.009398638,0.22343892,0.018452125,null,null,null,null,"TWOGAUSSIANS",8,3.7665472,0.20577274,0.0037920037,0.4,0.0,0.21495913,0.009662002,0.68567425,0.0037476786,0.4,0.0,0.1965764,0.0065130494
