Gaia/vari_eclipsing_binary/VariEclipsingBinary_765837-765869.csv
# %ECSV 1.0
# ---
# delimiter: ','
# meta: !!omap
# - RELEASE: Gaia DR3
# - TABLE: vari_eclipsing_binary
# - DESCRIPTION: >
#     This table describes the properties of the eclipsing binaries resulting from the variability analysis. 
# - CITATION: >
#     How to cite and acknowledge Gaia: 
#     https://gea.esac.esa.int/archive/documentation/credits.html 
# - KNOWN_ISSUES: >
#     Known issues: 
#     https://www.cosmos.esa.int/web/gaia-users/known-issues 
# - DOCUMENTATION: >
#     Tutorials and documentation: 
#     https://www.cosmos.esa.int/web/gaia-users/archive 
# datatype:
# - 
#   name: solution_id
#   datatype: int64
#   description: Solution Identifier
#   meta:
#     ucd: meta.version
# - 
#   name: source_id
#   datatype: int64
#   description: Unique source identifier
#   meta:
#     ucd: meta.id;meta.main
# - 
#   name: global_ranking
#   datatype: float32
#   description: Number between 0 (worst) and 1 (best)
#   meta:
#     ucd: stat.param
# - 
#   name: reference_time
#   datatype: float64
#   unit: d
#   description: Reference time used for the geometric model fit
#   meta:
#     ucd: time.epoch
# - 
#   name: frequency
#   datatype: float64
#   unit: d**-1
#   description: Frequency of geometric model of the eclipsing binary light curve
#   meta:
#     ucd: src.orbital
# - 
#   name: frequency_error
#   datatype: float32
#   unit: d**-1
#   description: "Uncertainty of \\texttt{frequency}"
#   meta:
#     ucd: stat.error
# - 
#   name: geom_model_reference_level
#   datatype: float32
#   unit: mag
#   description: Magnitude reference level of geometric model
#   meta:
#     ucd: phot.mag;em.opt
# - 
#   name: geom_model_reference_level_error
#   datatype: float32
#   unit: mag
#   description: "Uncertainty of \\texttt{geomModelReferenceLevel}"
#   meta:
#     ucd: stat.error;phot.mag;em.opt
# - 
#   name: geom_model_gaussian1_phase
#   datatype: float32
#   description: Phase of the Gaussian 1 component
#   meta:
#     ucd: time.phase
# - 
#   name: geom_model_gaussian1_phase_error
#   datatype: float32
#   description: "Uncertainty of \\texttt{geomModelGaussian1Phase}"
#   meta:
#     ucd: stat.error;time.phase
# - 
#   name: geom_model_gaussian1_sigma
#   datatype: float32
#   description: "Standard deviation [phase] of Gaussian 1 component"
#   meta:
#     ucd: stat.stdev
# - 
#   name: geom_model_gaussian1_sigma_error
#   datatype: float32
#   description: "Uncertainty of \\texttt{geomModelGaussian1Sigma}"
#   meta:
#     ucd: stat.error
# - 
#   name: geom_model_gaussian1_depth
#   datatype: float32
#   unit: mag
#   description: Magnitude depth of Gaussian 1 component
#   meta:
#     ucd: src.var.amplitude
# - 
#   name: geom_model_gaussian1_depth_error
#   datatype: float32
#   unit: mag
#   description: "Uncertainty of \\texttt{geomModelGaussian1Depth}"
#   meta:
#     ucd: stat.error;src.var.amplitude
# - 
#   name: geom_model_gaussian2_phase
#   datatype: float32
#   description: Phase of Gaussian 2 component
#   meta:
#     ucd: time.phase
# - 
#   name: geom_model_gaussian2_phase_error
#   datatype: float32
#   description: "Uncertainty of \\texttt{geomModelGaussian2Phase}"
#   meta:
#     ucd: stat.error;time.phase
# - 
#   name: geom_model_gaussian2_sigma
#   datatype: float32
[...]
#   datatype: float32
#   description: "Secondary eclipse: uncertainty of \\texttt{derivedSecondaryEclDuration}"
#   meta:
#     ucd: stat.error;time.duration
# - 
#   name: derived_secondary_ecl_depth
#   datatype: float32
#   unit: mag
#   description: "Secondary eclipse: depth"
#   meta:
#     ucd: src.var.amplitude
# - 
#   name: derived_secondary_ecl_depth_error
#   datatype: float32
#   unit: mag
#   description: "Secondary eclipse: uncertainty of \\texttt{derivedSecondaryEclDepth}"
#   meta:
#     ucd: stat.error;src.var.amplitude
solution_id,source_id,global_ranking,reference_time,frequency,frequency_error,geom_model_reference_level,geom_model_reference_level_error,geom_model_gaussian1_phase,geom_model_gaussian1_phase_error,geom_model_gaussian1_sigma,geom_model_gaussian1_sigma_error,geom_model_gaussian1_depth,geom_model_gaussian1_depth_error,geom_model_gaussian2_phase,geom_model_gaussian2_phase_error,geom_model_gaussian2_sigma,geom_model_gaussian2_sigma_error,geom_model_gaussian2_depth,geom_model_gaussian2_depth_error,geom_model_cosine_half_period_amplitude,geom_model_cosine_half_period_amplitude_error,geom_model_cosine_half_period_phase,geom_model_cosine_half_period_phase_error,model_type,num_model_parameters,reduced_chi2,derived_primary_ecl_phase,derived_primary_ecl_phase_error,derived_primary_ecl_duration,derived_primary_ecl_duration_error,derived_primary_ecl_depth,derived_primary_ecl_depth_error,derived_secondary_ecl_phase,derived_secondary_ecl_phase_error,derived_secondary_ecl_duration,derived_secondary_ecl_duration_error,derived_secondary_ecl_depth,derived_secondary_ecl_depth_error
[from data line 528]
375316653866487564,6736653390615157248,0.4839603,2245.678676710333,2.661342573548795,3.649742E-5,16.198572,0.0284911,0.3128018,0.011186848,0.08575746,0.020001162,0.15271291,0.039962515,0.7864737,0.015146289,0.07891657,0.021279788,0.22684267,0.024609819,null,null,null,null,"TWOGAUSSIANS",8,76.41425,0.7864737,0.015146289,0.4,0.0010331621,0.22461773,0.020624142,0.3128018,0.011186848,0.4,0.0,0.15048794,0.03610939
375316653866487564,6736653596773606272,0.49905375,2224.981319933856,0.049309518443769906,2.3860788E-5,18.917103,0.0071372148,0.29284534,0.0071226736,0.067438394,0.009619483,0.107752725,0.020201437,0.77248436,0.0074951523,0.04322907,0.006015828,0.15127432,0.022772765,null,null,null,null,"TWOGAUSSIANS",8,1.4208694,0.77248436,0.0074951523,0.24208277,0.033688635,0.15127054,0.022768257,0.29284534,0.0071226736,0.37765503,0.045610532,0.10774893,0.020200144
375316653866487564,6736654387048522368,0.61613613,2266.740514410106,2.121240780895395,6.8382533E-6,17.249928,0.006561549,0.24429512,0.0018765286,0.081144206,0.004436461,0.36940047,0.016059518,0.7602869,0.009742877,0.09305072,0.011680086,0.13971683,0.014087855,null,null,null,null,"TWOGAUSSIANS",8,3.9765651,0.24429512,0.0018765286,0.4,0.0,0.3640526,0.017565843,0.7602869,0.009742877,0.4,0.0,0.13436873,0.014471734
375316653866487564,6736654558832218240,0.5350265,2227.426575688146,3.580172602538286,2.972518E-5,19.785372,0.015623818,0.27835318,0.019148646,0.07321133,0.013675249,0.5885514,0.20958638,0.78337485,0.0033619837,0.08230604,0.0057139783,0.50273585,0.04769031,null,null,null,null,"TWOGAUSSIANS",8,2.1835616,0.27835318,0.019148646,0.4,0.008711119,0.5830111,0.21262725,0.78337485,0.0033619837,0.4,0.0,0.49719554,0.04926062
375316653866487564,6736654593207917440,0.5188651,2224.5444060646655,3.6751000176205726,3.2399774E-5,19.654758,0.011154663,0.20492674,0.009021042,0.07137831,0.006886759,0.40432528,0.042629484,0.70415866,0.009025248,0.078911215,0.013159856,0.32862702,0.048679505,null,null,null,null,"TWOGAUSSIANS",8,1.8312253,0.20492674,0.009021042,0.39971858,0.03256485,0.40151575,0.043139026,0.70415866,0.009025248,0.4,0.0,0.32581753,0.0504976
375316653866487564,6736654764990774528,0.5581476,2238.206873681583,3.189310488871023,1.0770419E-5,17.782274,0.15794215,0.33188912,0.004076538,0.13137916,0.03495908,0.39184695,0.14611162,0.8322738,0.0044296305,0.11918655,0.032968402,0.4021932,0.12892112,null,null,null,null,"TWOGAUSSIANS",8,7.6306944,0.8322838,0.0044545364,0.4,0.0,0.2949222,0.035455197,0.33188912,0.00408807,0.4,0.0,0.28413624,0.022328485
375316653866487564,6736655486544661888,0.48975933,2205.4836407549737,3.009262397359615,1.2348502E-5,18.20494,0.050707676,0.26658723,0.010700435,0.1055685,0.04651628,0.06652265,0.05068049,0.74637014,0.0075109047,0.11148982,0.035854746,0.1419563,0.040359117,null,null,null,null,"TWOGAUSSIANS",8,1.4433146,0.74637014,0.0075109047,0.4,0.0,0.13099563,0.011088818,0.2666572,0.01058688,0.4,0.0,0.055575628,0.012768634
375316653866487564,6736655757103564160,0.62145096,2240.966770864108,0.49313021713576044,1.04609986E-4,17.996553,0.0012666712,0.19237709,0.016211396,0.02585282,0.007884985,0.27857092,0.05856376,0.5454527,0.021263767,0.024201961,0.013851638,0.007412281,0.015057368,null,null,null,null,"TWOGAUSSIANS",8,0.62950003,0.19237709,0.016211396,0.1447758,0.044155918,0.27857092,0.05856376,0.5454527,0.021263767,0.13553098,0.07756917,0.007412281,0.015057368
375316653866487564,6736655860181689728,0.65457356,2258.4197717195125,2.2661759640686157,4.8221987E-6,16.127464,0.0044223466,0.2507319,0.0017919188,0.046712913,0.0048498795,0.09761578,0.011348254,0.74635875,0.006320139,0.040950436,0.007110551,0.095660485,0.019901663,0.120236635,0.00623239,0.2507319,0.0017919188,"TWOGAUSSIANS_WITH_ELLIPSOIDAL_ON_ECLIPSE1",9,8.372128,0.2507319,0.0017919188,0.2615923,0.027159324,0.33808848,0.006127897,0.74744874,0.005313213,0.22932243,0.039819084,0.335997,0.018014554
375316653866487564,6736657372013050624,0.49798918,2296.2298285103866,3.754687165952152,2.4466633E-5,19.107647,0.06166631,0.16859573,0.0038873714,0.0837984,0.0143063925,0.3970792,0.08485852,0.6574795,0.012417624,0.11748793,0.033247452,0.29294708,0.050850898,null,null,null,null,"TWOGAUSSIANS",8,3.5449803,0.16861573,0.0038177252,0.4,0.0,0.37128904,0.07808075,0.6574795,0.012417624,0.4,0.0,0.2670833,0.024855673
375316653866487564,6736657376345552384,0.44210976,2312.9465794972416,1.1415770767892748,2.5799498E-4,17.838253,0.0425579,0.78930336,0.08172739,0.097430274,0.02577842,0.060653083,0.040769488,0.4761078,0.03412875,0.096793495,0.113548785,0.10916661,0.032445014,null,null,null,null,"TWOGAUSSIANS",8,6.519741,0.4771178,0.03374267,0.4,0.07788983,0.10920631,0.035181843,0.7859334,0.0638985,0.4,0.0,0.060955346,0.042096995
375316653866487564,6736657719929267968,0.5499372,2341.002767416401,0.009310325314468156,9.538029E-6,18.838732,0.0011881703,0.24973173,0.0067002564,0.042927206,0.0051773214,0.18471771,0.010781239,0.7318595,0.006723791,0.11430239,0.004905354,0.1525644,0.010134951,null,null,null,null,"TWOGAUSSIANS",8,0.7060322,0.24974173,0.006707975,0.24039236,0.028993,0.1834868,0.010768483,0.7318595,0.006723791,0.4,0.0,0.15130728,0.010283724
375316653866487564,6736657749993917952,0.4669139,2304.175147331792,3.197413793778012,1.1354402E-4,18.923622,0.038338255,0.2656662,0.020191476,0.090242594,0.016338805,0.22503528,0.04508769,0.719827,0.020660676,0.13391322,0.04398044,0.17964496,0.033059098,null,null,null,null,"TWOGAUSSIANS",8,4.465807,0.26614618,0.02024107,0.4,0.0,0.20593044,0.032290645,0.719827,0.020660676,0.4,0.0,0.15992215,0.022055805
375316653866487564,6736658677705947264,0.52364904,2252.9298013175267,3.855382669909448,3.6948015E-5,19.38358,0.029586866,0.27615225,0.0142657105,0.0657339,0.015052354,0.48663756,0.052723803,0.7808342,0.005724233,0.07258393,0.011498022,0.323142,0.02665336,null,null,null,null,"TWOGAUSSIANS",8,4.3525248,0.27615225,0.0142657105,0.36810985,0.051156413,0.48563197,0.051845714,0.7808342,0.005724233,0.4,0.010774635,0.3221364,0.024809875
375316653866487564,6736659506634289024,0.5181464,2227.836694075745,0.4351476358526521,1.048803E-6,18.970152,0.085240975,0.33887276,0.0245755,0.30054164,0.13304424,0.12823571,0.0830452,0.92263097,3.4322654E-4,0.023945747,3.534572E-4,0.972915,0.028422512,null,null,null,null,"TWOGAUSSIANS",8,2.6420372,0.9226909,3.2446856E-4,0.13409619,0.0019793604,0.97691566,0.027265426,0.33887276,0.0245755,0.4,0.0,0.06465354,0.008032407
375316653866487564,6736659845910028416,0.47956392,2237.214026834147,2.3591617166879706,4.3244232E-5,18.4171,0.016565,0.43106568,0.011611675,0.040630285,0.026710175,0.50639313,0.093644395,0.74921286,0.008252886,0.04647233,0.0070036193,0.5252185,0.080798425,null,null,null,null,"TWOGAUSSIANS",8,33.222446,0.74921286,0.008252886,0.26024505,0.03922027,0.5252185,0.08079879,0.43106568,0.011611675,0.22752959,0.14957698,0.50639313,0.093644395
375316653866487564,6736659953314529792,0.52898765,2264.7113577999935,2.008965241370653,1.7514563E-5,19.753286,0.022831073,0.26828218,0.004041496,0.08748992,0.0061908155,0.40982646,0.022715984,0.80167854,0.015664324,0.08986337,0.026005689,0.1897671,0.026387906,null,null,null,null,"TWOGAUSSIANS",8,1.1630083,0.26828218,0.0040377136,0.4,0.0,0.40386003,0.015820812,0.80167854,0.015664324,0.4,0.0,0.18380071,0.023894703
375316653866487564,6736660365642944384,0.58251214,2283.4762594718723,2.219878660242433,8.542338E-6,17.822601,0.06207896,0.21053599,0.007749305,0.1269702,0.021086458,0.29792982,0.061314665,0.7210799,0.0030685444,0.109730735,0.016133772,0.31341654,0.053742778,null,null,null,null,"TWOGAUSSIANS",8,1.5062001,0.72117984,0.003092721,0.4,0.0,0.25433874,0.017158128,0.21051599,0.00773578,0.4,0.0,0.23860458,0.010109194
375316653866487564,6736661362075745536,0.6152216,2255.7476756813357,1.4349271979139757,6.3572716E-6,17.64435,0.005440429,0.19465142,7.100335E-4,0.03960537,0.00212095,0.8052289,0.12129716,0.68783075,0.02896299,0.041916307,0.020932358,0.16158648,0.07200861,null,null,null,null,"TWOGAUSSIANS",8,4.1678934,0.19465142,7.100335E-4,0.22179008,0.01187732,0.8052289,0.12129713,0.68783075,0.02896299,0.23473133,0.1172212,0.16158646,0.07200918
375316653866487564,6736662491612351488,0.5448098,2270.0014853601347,2.333820677869419,9.35795E-6,17.961903,0.025073785,0.25162008,0.00399798,0.096162036,0.007794085,0.42034373,0.028665578,0.743494,0.0075727045,0.09910111,0.012571385,0.36648303,0.048142113,null,null,null,null,"TWOGAUSSIANS",8,8.339473,0.25162008,0.00399798,0.4,0.0,0.39382213,0.022587832,0.743494,0.0075727045,0.4,0.0,0.3399603,0.054173168
375316653866487564,6736663007031462656,0.52221537,2247.8880608469253,2.962892587112632,2.7233942E-5,18.52804,0.017690206,0.18452272,0.004006891,0.087991334,0.008933016,0.4592122,0.045148075,0.6814016,0.011802855,0.0850008,0.023136985,0.22355002,0.15119232,null,null,null,null,"TWOGAUSSIANS",8,6.471686,0.18452272,0.004006891,0.4,0.0,0.44989672,0.05069001,0.6814016,0.011802855,0.4,0.033939525,0.21423462,0.15750438
375316653866487564,6736663110118243840,0.45973182,2263.1671023351073,3.2616068438512054,3.236275E-5,19.170986,0.06889869,0.22507447,0.01451986,0.13802269,0.05003902,0.14799482,0.06699031,0.7236884,0.0048664585,0.103700705,0.023543254,0.19944683,0.062944934,null,null,null,null,"TWOGAUSSIANS",8,2.7236807,0.7236884,0.0048869075,0.4,0.0,0.1615928,0.0118341055,0.22507447,0.014527158,0.4,0.0,0.10972567,0.021360874
375316653866487564,6736663213168874752,0.57555085,2279.9125009754534,2.9311724616685217,1.8888342E-5,16.423672,0.016147371,0.17554483,0.011239831,0.08798236,0.0123441005,0.3043419,0.051337473,0.6816759,0.0028013005,0.09247504,0.0061965203,0.33350462,0.015217081,null,null,null,null,"TWOGAUSSIANS",8,28.140936,0.6816759,0.0028013005,0.4,0.0,0.32101816,0.010223599,0.17554483,0.011239831,0.4,0.0,0.2918557,0.054103184
375316653866487564,6736663281910224512,0.5433064,2265.153998511697,2.618584494176994,1.4716952E-5,18.393505,0.023906333,0.25247282,0.0058292975,0.09671284,0.011668586,0.30154288,0.045524243,0.7388886,0.00473636,0.08792599,0.0075412127,0.49907333,0.027214421,null,null,null,null,"TWOGAUSSIANS",8,5.9960737,0.7388886,0.00473636,0.4,0.0,0.48318413,0.024922743,0.25247282,0.0058292975,0.4,0.0,0.2856526,0.04590951
375316653866487564,6736663316243753728,0.47310796,2262.9322758942444,0.18532001176591942,7.113172E-5,18.505838,0.005089317,null,null,null,null,null,null,null,null,null,null,null,null,0.06134061,0.005581988,0.28575864,0.012123433,"ELLIPSOIDAL",4,2.6011336,null,null,null,null,null,null,null,null,null,null,null,null
375316653866487564,6736663354932459392,0.524904,2332.219962728407,3.3167080238322346,3.9009505E-5,19.665247,0.019830545,0.2722164,0.014231908,0.084372096,0.014507797,0.38084817,0.02197601,0.7787532,0.0055190744,0.075189516,0.007146078,0.4510977,0.0418545,null,null,null,null,"TWOGAUSSIANS",8,2.61802,0.7787532,0.0055190744,0.4,0.0,0.44576538,0.04180964,0.2722164,0.014231908,0.4,0.0,0.37551582,0.020402612
375316653866487564,6736663526740017152,0.5077203,2225.085934104374,2.468737284491773,5.728874E-5,19.311596,0.08155981,0.26245764,0.020703264,0.024520028,0.06067809,0.40209147,0.22955441,0.7633765,0.020379726,0.046938963,0.0325689,0.13106555,0.08272553,null,null,null,null,"TWOGAUSSIANS",8,2.2209113,0.26245764,0.020703264,0.13731216,0.25568974,0.40209147,0.23242915,0.7633765,0.020379726,0.26285818,0.15328625,0.13106555,0.080238186
