Gaia/vari_eclipsing_binary/VariEclipsingBinary_207853-207918.csv
# %ECSV 1.0
# ---
# delimiter: ','
# meta: !!omap
# - RELEASE: Gaia DR3
# - TABLE: vari_eclipsing_binary
# - DESCRIPTION: >
#     This table describes the properties of the eclipsing binaries resulting from the variability analysis. 
# - CITATION: >
#     How to cite and acknowledge Gaia: 
#     https://gea.esac.esa.int/archive/documentation/credits.html 
# - KNOWN_ISSUES: >
#     Known issues: 
#     https://www.cosmos.esa.int/web/gaia-users/known-issues 
# - DOCUMENTATION: >
#     Tutorials and documentation: 
#     https://www.cosmos.esa.int/web/gaia-users/archive 
# datatype:
# - 
#   name: solution_id
#   datatype: int64
#   description: Solution Identifier
#   meta:
#     ucd: meta.version
# - 
#   name: source_id
#   datatype: int64
#   description: Unique source identifier
#   meta:
#     ucd: meta.id;meta.main
# - 
#   name: global_ranking
#   datatype: float32
#   description: Number between 0 (worst) and 1 (best)
#   meta:
#     ucd: stat.param
# - 
#   name: reference_time
#   datatype: float64
#   unit: d
#   description: Reference time used for the geometric model fit
#   meta:
#     ucd: time.epoch
# - 
#   name: frequency
#   datatype: float64
#   unit: d**-1
#   description: Frequency of geometric model of the eclipsing binary light curve
#   meta:
#     ucd: src.orbital
# - 
#   name: frequency_error
#   datatype: float32
#   unit: d**-1
#   description: "Uncertainty of \\texttt{frequency}"
#   meta:
#     ucd: stat.error
# - 
#   name: geom_model_reference_level
#   datatype: float32
#   unit: mag
#   description: Magnitude reference level of geometric model
#   meta:
#     ucd: phot.mag;em.opt
# - 
#   name: geom_model_reference_level_error
#   datatype: float32
#   unit: mag
#   description: "Uncertainty of \\texttt{geomModelReferenceLevel}"
#   meta:
#     ucd: stat.error;phot.mag;em.opt
# - 
#   name: geom_model_gaussian1_phase
#   datatype: float32
#   description: Phase of the Gaussian 1 component
#   meta:
#     ucd: time.phase
# - 
#   name: geom_model_gaussian1_phase_error
#   datatype: float32
#   description: "Uncertainty of \\texttt{geomModelGaussian1Phase}"
#   meta:
#     ucd: stat.error;time.phase
# - 
#   name: geom_model_gaussian1_sigma
#   datatype: float32
#   description: "Standard deviation [phase] of Gaussian 1 component"
#   meta:
#     ucd: stat.stdev
# - 
#   name: geom_model_gaussian1_sigma_error
#   datatype: float32
#   description: "Uncertainty of \\texttt{geomModelGaussian1Sigma}"
#   meta:
#     ucd: stat.error
# - 
#   name: geom_model_gaussian1_depth
#   datatype: float32
#   unit: mag
#   description: Magnitude depth of Gaussian 1 component
#   meta:
#     ucd: src.var.amplitude
# - 
#   name: geom_model_gaussian1_depth_error
#   datatype: float32
#   unit: mag
#   description: "Uncertainty of \\texttt{geomModelGaussian1Depth}"
#   meta:
#     ucd: stat.error;src.var.amplitude
# - 
#   name: geom_model_gaussian2_phase
#   datatype: float32
#   description: Phase of Gaussian 2 component
#   meta:
#     ucd: time.phase
# - 
#   name: geom_model_gaussian2_phase_error
#   datatype: float32
#   description: "Uncertainty of \\texttt{geomModelGaussian2Phase}"
#   meta:
#     ucd: stat.error;time.phase
# - 
#   name: geom_model_gaussian2_sigma
#   datatype: float32
[...]
#   datatype: float32
#   description: "Secondary eclipse: uncertainty of \\texttt{derivedSecondaryEclDuration}"
#   meta:
#     ucd: stat.error;time.duration
# - 
#   name: derived_secondary_ecl_depth
#   datatype: float32
#   unit: mag
#   description: "Secondary eclipse: depth"
#   meta:
#     ucd: src.var.amplitude
# - 
#   name: derived_secondary_ecl_depth_error
#   datatype: float32
#   unit: mag
#   description: "Secondary eclipse: uncertainty of \\texttt{derivedSecondaryEclDepth}"
#   meta:
#     ucd: stat.error;src.var.amplitude
solution_id,source_id,global_ranking,reference_time,frequency,frequency_error,geom_model_reference_level,geom_model_reference_level_error,geom_model_gaussian1_phase,geom_model_gaussian1_phase_error,geom_model_gaussian1_sigma,geom_model_gaussian1_sigma_error,geom_model_gaussian1_depth,geom_model_gaussian1_depth_error,geom_model_gaussian2_phase,geom_model_gaussian2_phase_error,geom_model_gaussian2_sigma,geom_model_gaussian2_sigma_error,geom_model_gaussian2_depth,geom_model_gaussian2_depth_error,geom_model_cosine_half_period_amplitude,geom_model_cosine_half_period_amplitude_error,geom_model_cosine_half_period_phase,geom_model_cosine_half_period_phase_error,model_type,num_model_parameters,reduced_chi2,derived_primary_ecl_phase,derived_primary_ecl_phase_error,derived_primary_ecl_duration,derived_primary_ecl_duration_error,derived_primary_ecl_depth,derived_primary_ecl_depth_error,derived_secondary_ecl_phase,derived_secondary_ecl_phase_error,derived_secondary_ecl_duration,derived_secondary_ecl_duration_error,derived_secondary_ecl_depth,derived_secondary_ecl_depth_error
[from data line 639]
375316653866487564,1828828548160847360,0.46013352,2266.711506664782,1.0236422650346964,1.39854E-5,18.32575,0.005740148,0.20556428,0.0025795237,0.03116115,0.0053848648,0.21520528,0.024318062,0.68933064,0.028611492,0.025034962,0.011677955,0.036434572,0.04125403,0.025429886,0.008179416,0.20556428,0.0025795237,"TWOGAUSSIANS_WITH_ELLIPSOIDAL_ON_ECLIPSE1",9,16.784946,0.20556428,0.0025795237,0.17450245,0.030155241,0.26606503,0.026387919,0.6903706,0.025540417,0.14019579,0.065396555,0.08680079,0.0416251
375316653866487564,1828829102227962368,0.5507115,2268.92652941953,0.2888600379922699,1.1175541E-5,15.155809,8.2456524E-4,0.25576577,0.0016934802,0.015411237,0.0073209833,0.179851,432.0217,0.7554526,0.0013689543,0.017397856,0.0012832993,0.11488418,0.0048177396,0.007391062,0.0011509431,0.25576577,0.0016934802,"TWOGAUSSIANS_WITH_ELLIPSOIDAL_ON_ECLIPSE1",9,12.917875,0.25576577,0.0016934802,0.08630293,0.040997505,0.1946331,432.02185,0.7554526,0.0013689543,0.097428,0.007186476,0.12966621,0.00423851
375316653866487564,1828829308386385536,0.514211,2269.880275357917,4.37261537230479,6.9904236E-6,18.740992,0.0069251265,0.26943362,0.0043249703,0.03690688,0.003720994,0.12673664,0.026881158,0.7716536,0.0028905268,0.039520636,0.0037109028,0.34100395,0.030383693,0.051372,0.010530506,0.26943362,0.0043249703,"TWOGAUSSIANS_WITH_ELLIPSOIDAL_ON_ECLIPSE1",9,4.0889826,0.7716536,0.0028905268,0.22131556,0.020781055,0.44372794,0.0316232,0.26943362,0.0043249703,0.20667852,0.020837568,0.22948061,0.018300151
375316653866487564,1828829514533366016,0.4958917,2268.341749952813,1.1197030228301286,2.229585E-5,18.48344,0.004032993,0.11085721,0.018513892,0.059036337,0.051550657,0.010687854,0.012529999,0.30194676,0.0045177103,0.024857618,0.005249077,0.5134871,0.07240664,0.011493013,0.0069647445,0.11085721,0.018513892,"TWOGAUSSIANS_WITH_ELLIPSOIDAL_ON_ECLIPSE1",9,5.138276,0.30194676,0.0045177103,0.13920265,0.029394832,0.51655054,0.07253,0.11085721,0.018513892,0.3306035,0.26334214,0.033672515,0.012703291
375316653866487564,1828830437946796288,0.4814715,2313.6902299961016,2.130864679178865,2.3337994E-5,19.185617,0.004407038,0.79750323,0.0055828323,0.029402837,0.0049168086,0.599671,0.09192118,null,null,null,null,null,null,null,null,null,null,"ONEGAUSSIAN",5,5.4453073,0.79750323,0.0055828323,0.16465588,0.02753413,0.599671,0.0,null,null,null,null,null,null
375316653866487564,1828830614056492032,0.6090621,2289.9564997710336,0.16747163907506438,1.0832745E-6,16.000868,7.174191E-4,0.35006243,0.002496226,0.007977651,0.0010948152,0.34552404,0.09774044,0.86004466,5.357783E-5,0.0025826574,8.384857E-5,3.1566026,0.61148256,null,null,null,null,"TWOGAUSSIANS",8,5.4251976,0.86004466,5.357783E-5,0.014462882,4.69552E-4,3.1566026,0.61148256,0.35006243,0.002496226,0.04467485,0.006130965,0.34552404,0.09774044
375316653866487564,1828831095083241728,0.5439039,2208.3788494015675,3.6577563721338286,8.000367E-6,19.273512,0.008610185,0.27025476,0.0028967855,0.06289638,0.0032967692,0.5400113,0.038057897,0.7674918,0.00224699,0.06449412,0.0037109596,0.53875846,0.032142334,null,null,null,null,"TWOGAUSSIANS",8,3.2150397,0.27025476,0.0028967855,0.3522197,0.018461907,0.5395639,0.038153384,0.7674918,0.00224699,0.36116707,0.020781374,0.53831106,0.0322872
375316653866487564,1828831571816979584,0.5008824,2205.7644475167986,0.551571945887021,6.8372356E-6,18.334951,0.0024773965,0.28975967,0.08760822,0.029593404,0.045874786,0.019223826,12071.577,0.67397594,4.938951E-4,0.014785265,0.0013350768,0.39982837,0.04893595,null,null,null,null,"TWOGAUSSIANS",8,4.051342,0.67397594,4.938951E-4,0.08279748,0.00747643,0.39982837,0.04893595,0.28975967,0.08760822,0.16572306,0.2568988,0.019223826,12071.577
375316653866487564,1828832950519311872,0.59467065,2221.1276240796747,3.7304678449099207,4.369404E-6,17.605677,0.006435647,0.12665579,0.0013352284,0.0786586,0.0023372103,0.3635425,0.007453176,0.63575375,0.0022240118,0.0801734,0.0030666853,0.39077416,0.013157074,null,null,null,null,"TWOGAUSSIANS",8,5.702084,0.63575375,0.0022240118,0.4,0.0,0.38634306,0.013329455,0.12665579,0.0013352284,0.4,0.0,0.3591114,0.006932311
375316653866487564,1828833465915414272,0.48877212,2242.741541663348,1.337505469911235,1.5173049E-5,14.820153,0.3909956,0.12542006,0.004826094,0.11767808,0.061115608,0.1302788,0.2568415,0.6294971,0.011285908,0.14471664,0.21369831,0.09595178,0.38801232,null,null,null,null,"TWOGAUSSIANS",8,27.340858,0.12531006,0.0047300896,0.4,0.0,0.09658594,0.0063068024,0.6295271,0.011238322,0.4,0.0,0.06179751,0.0040889415
375316653866487564,1828833672073870848,0.52162045,2270.9537674524136,2.4585945663248525,1.0208588E-5,17.272732,0.32830197,0.23627125,0.002546505,0.17844425,0.06951169,0.31507322,0.31566173,0.7353606,0.0058618146,0.15699306,0.049179763,0.2973399,0.28544548,null,null,null,null,"TWOGAUSSIANS",8,4.002866,0.23642124,0.0026160807,0.4,0.0,0.11814339,0.004559204,0.7353606,0.0058618146,0.4,0.0,0.10911361,0.0074326983
375316653866487564,1828833775152846592,0.55462116,2241.827356205389,2.408026680728139,1.1008802E-5,16.170588,0.03389512,0.19410849,0.0038620627,0.11153735,0.011096013,0.35942546,0.031989943,0.6839656,0.0030042764,0.10689109,0.009213805,0.3817364,0.03213968,null,null,null,null,"TWOGAUSSIANS",8,46.922447,0.6839656,0.0030042764,0.4,0.0,0.33337888,0.008181274,0.19411848,0.0038704143,0.4,0.0,0.31104916,0.0083731655
375316653866487564,1828835390059987200,0.5423818,2238.4406606119483,1.8019130182718062,1.0830677E-6,16.663967,0.0014480005,0.7346503,5.473441E-7,0.0028789218,1.2124584E-5,0.7619099,0.0026263024,null,null,null,null,null,null,null,null,null,null,"ONEGAUSSIAN",5,6.730713,0.7346503,5.473441E-7,0.016121961,6.789767E-5,0.7619099,0.0,null,null,null,null,null,null
375316653866487564,1828836592651617024,0.6498415,2209.960201775126,0.6321123314643565,3.829591E-6,15.507072,0.0021062207,0.27655506,4.440683E-4,0.024147013,4.8919016E-4,1.2884823,0.046204764,0.777216,0.0023330238,0.02475782,0.001963224,0.09504736,0.007796422,0.009979919,0.003148455,0.27655506,4.440683E-4,"TWOGAUSSIANS_WITH_ELLIPSOIDAL_ON_ECLIPSE1",9,29.165081,0.27655506,4.440683E-4,0.13522327,0.002739465,1.3084421,0.04740495,0.777216,0.0023268245,0.13864379,0.010994054,0.11500686,0.00718996
375316653866487564,1828836592651622272,0.6185045,2204.475131994383,0.6601219138039846,4.449007E-6,16.522385,0.0059866863,0.25070247,7.705448E-4,0.04532933,0.0020280837,0.72370124,0.038127363,0.7497441,0.01816123,0.044743907,0.016418224,0.079752594,0.019095363,0.024474284,0.0070923152,0.25070247,7.705448E-4,"TWOGAUSSIANS_WITH_ELLIPSOIDAL_ON_ECLIPSE1",9,9.81033,0.25070247,7.705448E-4,0.25384423,0.011357268,0.7726495,0.04388834,0.7498241,0.0172708,0.2505659,0.09194206,0.12869927,0.011617631
375316653866487564,1828838237607239424,0.45456558,2272.4807378067644,3.274858998277631,1.9498746E-5,19.805653,0.014007221,0.27058765,0.006567116,0.07709062,0.011076298,0.21447922,0.030752359,0.7759131,0.009634174,0.087913185,0.012021356,0.24819523,0.023507,null,null,null,null,"TWOGAUSSIANS",8,2.1781957,0.7759131,0.009634174,0.4,0.0,0.2439427,0.022808032,0.27058765,0.006567116,0.4,0.0,0.21022673,0.031069618
375316653866487564,1828839234039765760,0.5679514,2290.243627893333,2.2876116802892437,6.9646826E-6,18.104542,0.0044963034,0.26628137,0.0025247738,0.073566124,0.0030056369,0.3753804,0.015817849,0.75298023,0.0028479025,0.075377956,0.004151741,0.46600825,0.021327807,null,null,null,null,"TWOGAUSSIANS",8,6.530931,0.75298023,0.0028479025,0.4,0.0,0.4638012,0.02181879,0.26628137,0.0025247738,0.4,8.2029286E-4,0.37317336,0.016062334
375316653866487564,1828839886874392960,0.5093709,2259.836809304799,2.6659279582235786,1.12290845E-5,18.661366,0.008804929,0.24045551,0.0040645287,0.09987857,0.0067986,0.18643242,0.008306623,0.7621265,0.0036217296,0.08244979,0.0076115956,0.21190998,0.012307941,null,null,null,null,"TWOGAUSSIANS",8,2.250984,0.7621265,0.0036241447,0.4,0.0,0.20536071,0.013385828,0.24045551,0.0040645287,0.4,0.0,0.17988099,0.005497543
375316653866487564,1828839891174748416,0.5629849,2271.8084203319677,1.7022780043637735,3.983967E-6,17.01899,0.0069331094,0.3016138,0.0015247437,0.035812754,0.0026176963,0.45502725,0.04110538,0.7997234,8.0532784E-4,0.036785778,0.0017838002,0.5062442,0.020348782,0.03149049,0.014013272,0.3016138,0.0015247437,"TWOGAUSSIANS_WITH_ELLIPSOIDAL_ON_ECLIPSE1",9,41.36987,0.7997434,7.88028E-4,0.20600036,0.009989281,0.5692164,0.022010675,0.3016138,0.0015247437,0.20055142,0.014659099,0.51800823,0.04330668
375316653866487564,1828840990697605376,0.53272116,2269.3386677153403,2.803582990984858,9.01625E-6,17.36918,0.013877283,0.24041268,0.0030693777,0.08313375,0.0047226776,0.46026084,0.020072812,0.7517617,0.0023119007,0.079885736,0.004063688,0.42007434,0.013341997,null,null,null,null,"TWOGAUSSIANS",8,38.25644,0.24041268,0.0030693777,0.4,0.0,0.45383388,0.01962753,0.7517617,0.0023119007,0.4,0.0,0.4136474,0.011763327
375316653866487564,1828841506093653376,0.6033823,2272.162756876995,2.5152465610313377,4.548282E-6,16.110878,0.00741041,0.30126524,0.0028358637,0.05754287,0.0033499638,0.27083,0.017968548,0.80544007,0.0011433357,0.04922246,0.0037622578,0.22463761,0.016055612,0.097382315,0.009914038,0.80544007,0.0011433357,"TWOGAUSSIANS_WITH_ELLIPSOIDAL_ON_ECLIPSE2",9,32.45582,0.30192524,0.0023640364,0.32224008,0.018759796,0.4654656,0.009159152,0.80544007,0.0011433357,0.27564576,0.021068644,0.419386,0.009501658
375316653866487564,1828841982818862976,0.5381895,2293.510006265367,3.3553980361730544,1.1128533E-5,18.172407,0.010331388,0.23934522,0.005727178,0.09512423,0.008506201,0.24336578,0.0130679235,0.7359721,0.0031078625,0.08564806,0.0053185006,0.24921574,0.010295574,null,null,null,null,"TWOGAUSSIANS",8,4.397308,0.7359721,0.0031078625,0.4,0.0,0.23903671,0.0073629627,0.23934522,0.005727178,0.4,0.0,0.23318627,0.011329906
375316653866487564,1828842365087092352,0.67603123,2288.9023742177956,2.984458482394831,1.8477489E-6,15.318434,0.0058891554,0.25250798,7.7495654E-4,0.04886555,0.0024495232,0.43783626,0.015094667,0.7570703,3.5546965E-4,0.045725733,0.0014903418,0.36704326,0.012711583,0.1226619,0.0077660084,0.7570703,3.5546965E-4,"TWOGAUSSIANS_WITH_ELLIPSOIDAL_ON_ECLIPSE2",9,28.898554,0.252948,6.9102214E-4,0.27364707,0.01371733,0.6829761,0.019741055,0.7570703,3.5546965E-4,0.25606412,0.008345915,0.6123655,0.007068554
375316653866487564,1828842674324692736,0.55288506,2287.3356407518227,0.9274515408292651,6.9885245E-6,15.28465,0.0027518712,0.42515555,0.0021418158,0.022310158,0.0018062606,0.37051275,0.01457419,0.73340845,0.0065531135,0.010788345,0.010004048,0.042152915,4.1099891E10,0.0029483177,0.003698819,0.42515555,0.0021418158,"TWOGAUSSIANS_WITH_ELLIPSOIDAL_ON_ECLIPSE1",9,94.93914,0.42515555,0.0021418158,0.124936886,0.010115059,0.37640938,0.013767807,0.7334784,0.0065482846,0.06041473,0.05602267,0.04290906,4.1099891E10
375316653866487564,1828843322848949248,0.49886316,2272.5491393321568,3.631540296441157,1.162758E-5,18.504217,0.01451576,0.19366513,0.0032969075,0.07343152,0.0051713865,0.37338346,0.017106572,0.6940201,0.0061974437,0.08240358,0.00625657,0.39681703,0.017858533,null,null,null,null,"TWOGAUSSIANS",8,15.097268,0.6940201,0.0061974437,0.4,0.0,0.39237246,0.016459128,0.19366513,0.0032969075,0.4,0.0,0.3689389,0.016486319
375316653866487564,1828843395879283072,0.5245142,2289.671216451757,3.0247446913799445,1.0417929E-5,17.065037,0.011532226,0.21799456,0.0028512524,0.09485042,0.005392045,0.23938966,0.011579475,0.7192139,0.0030834118,0.099248536,0.0058577307,0.24048135,0.011654753,null,null,null,null,"TWOGAUSSIANS",8,14.926396,0.7192139,0.0030834118,0.4,0.0,0.22337958,0.007320363,0.21799456,0.0028512524,0.4,0.0,0.22228892,0.0069653406
375316653866487564,1828843735166087680,0.51346636,2284.757706646659,3.7024378108150344,8.41937E-6,19.203844,0.012163974,0.25452632,0.0032945839,0.079514116,0.0055690454,0.33817643,0.01693012,0.75706726,0.0043758997,0.0739914,0.009540487,0.37797984,0.048633926,null,null,null,null,"TWOGAUSSIANS",8,3.7767546,0.75706726,0.0043758997,0.4,0.0,0.37462467,0.051247045,0.25452632,0.0032945839,0.4,0.0,0.33482125,0.016376415
375316653866487564,1828843945635076736,0.60152036,2284.507951748814,1.6452764237124842,4.4579965E-6,16.096218,0.0029273483,0.25840813,0.0024533449,0.09535907,0.0026436627,0.18501244,0.0035408584,0.7577898,0.0013976393,0.08606397,0.0019732225,0.22563688,0.002957805,null,null,null,null,"TWOGAUSSIANS",8,6.1505694,0.7577898,0.0013976393,0.4,0.0,0.21663405,0.0019856682,0.25840813,0.0024533449,0.4,0.0,0.17600924,0.0024596064
375316653866487564,1828844044403857536,0.60016274,2270.302230476847,2.939307151066734,3.6213012E-6,18.184925,0.0063306293,0.32518408,0.0010380329,0.05225348,0.0029786804,0.28006136,0.014867548,0.82099336,0.0021302374,0.04522578,0.003261591,0.19181128,0.013389901,0.104055904,0.00821654,0.32518408,0.0010380329,"TWOGAUSSIANS_WITH_ELLIPSOIDAL_ON_ECLIPSE1",9,3.0978682,0.32518408,0.0010380329,0.2926195,0.01668061,0.4881701,0.01174368,0.8216133,0.0018194992,0.25326437,0.01826491,0.39979723,0.005075602
375316653866487564,1828844632818890880,0.525531,2284.992572028226,2.49253750460329,9.081694E-6,18.479801,0.014416829,0.24528114,0.0036330454,0.09329894,0.0076702284,0.28838205,0.013508394,0.75245684,0.0032036775,0.09014296,0.008192818,0.26055345,0.014689854,null,null,null,null,"TWOGAUSSIANS",8,4.1699276,0.24528114,0.0036330454,0.4,0.0,0.27637693,0.010546031,0.75245684,0.0032036775,0.4,0.0,0.24854858,0.014647177
375316653866487564,1828844770268851328,0.47867185,2279.546030088178,0.7930674329844781,7.5055764E-6,13.216985,0.0011280202,0.161394,0.0021734696,0.02778619,0.0022264265,0.06916794,0.0058631445,0.6425622,0.0110599045,0.010125679,0.005258031,0.021309169,0.020543387,0.010944109,0.0015440662,0.6425622,0.0110599045,"TWOGAUSSIANS_WITH_ELLIPSOIDAL_ON_ECLIPSE2",9,20.680183,0.161044,0.002121675,0.15560266,0.012467989,0.09075681,0.0054770433,0.6425622,0.0110599045,0.056703802,0.029444976,0.043197364,0.019908916
375316653866487564,1828844873348083584,0.45252818,2212.8389289866614,2.0155582956536233,3.262819E-5,15.210626,0.005887589,0.32071736,0.0040729856,0.009910914,0.0040755398,0.22615592,0.16833301,0.7697767,0.0069497903,0.0490874,0.0067559737,0.3196263,0.03686961,null,null,null,null,"TWOGAUSSIANS",8,83.42353,0.7697767,0.0069497903,0.27488944,0.037833452,0.3196263,0.03686961,0.32071736,0.0040729856,0.05550112,0.022823023,0.22615592,0.16833301
375316653866487564,1828846144647662208,0.4466003,2339.553729677296,2.0099914373743024,7.4525296E-6,14.980119,0.0027737715,0.14564279,0.0012018528,0.0013135121,3.9632255E-4,0.21817896,0.253979,0.5749374,9.0113994E-5,0.012555043,2.1049852E-4,0.20340791,0.003774798,0.014760957,0.004164155,0.14564279,0.0012018528,"TWOGAUSSIANS_WITH_ELLIPSOIDAL_ON_ECLIPSE1",9,10.49417,0.14564279,0.0012018528,0.0073556677,0.0022194062,0.24770081,0.2544275,0.57504743,6.216144E-5,0.070308246,0.0011787916,0.22748463,0.005262898
375316653866487564,1828849610680526336,0.5183058,2309.5594327646227,3.737012461353106,8.808743E-6,19.43132,0.010989601,0.23368105,0.0027275316,0.062473703,0.0045486377,0.51638573,0.03430388,0.7320554,0.0028705539,0.074538305,0.003402706,0.5432988,0.023468073,null,null,null,null,"TWOGAUSSIANS",8,5.1460257,0.7320554,0.0028705539,0.4,0.0,0.54199976,0.023470402,0.23368105,0.0027275316,0.34985274,0.02547237,0.5150867,0.034659587
375316653866487564,1828849855511481216,0.63738894,2298.3328895627037,0.6941061120880849,1.4367828E-6,17.326405,0.0019802328,0.25551444,0.0025399663,0.0354673,0.0031799744,0.1730972,0.024976443,0.7551065,4.135619E-4,0.03488611,4.4454506E-4,0.44366756,0.0071786386,0.015260672,0.0028752855,0.25551444,0.0025399663,"TWOGAUSSIANS_WITH_ELLIPSOIDAL_ON_ECLIPSE1",9,2.2792554,0.7551065,4.054539E-4,0.19536223,0.0024894525,0.47418872,0.0053043943,0.25551444,0.0025399663,0.19861689,0.017807856,0.20361854,0.026274664
