Gaia/vari_eclipsing_binary/VariEclipsingBinary_674888-674911.csv
# %ECSV 1.0
# ---
# delimiter: ','
# meta: !!omap
# - RELEASE: Gaia DR3
# - TABLE: vari_eclipsing_binary
# - DESCRIPTION: >
#     This table describes the properties of the eclipsing binaries resulting from the variability analysis. 
# - CITATION: >
#     How to cite and acknowledge Gaia: 
#     https://gea.esac.esa.int/archive/documentation/credits.html 
# - KNOWN_ISSUES: >
#     Known issues: 
#     https://www.cosmos.esa.int/web/gaia-users/known-issues 
# - DOCUMENTATION: >
#     Tutorials and documentation: 
#     https://www.cosmos.esa.int/web/gaia-users/archive 
# datatype:
# - 
#   name: solution_id
#   datatype: int64
#   description: Solution Identifier
#   meta:
#     ucd: meta.version
# - 
#   name: source_id
#   datatype: int64
#   description: Unique source identifier
#   meta:
#     ucd: meta.id;meta.main
# - 
#   name: global_ranking
#   datatype: float32
#   description: Number between 0 (worst) and 1 (best)
#   meta:
#     ucd: stat.param
# - 
#   name: reference_time
#   datatype: float64
#   unit: d
#   description: Reference time used for the geometric model fit
#   meta:
#     ucd: time.epoch
# - 
#   name: frequency
#   datatype: float64
#   unit: d**-1
#   description: Frequency of geometric model of the eclipsing binary light curve
#   meta:
#     ucd: src.orbital
# - 
#   name: frequency_error
#   datatype: float32
#   unit: d**-1
#   description: "Uncertainty of \\texttt{frequency}"
#   meta:
#     ucd: stat.error
# - 
#   name: geom_model_reference_level
#   datatype: float32
#   unit: mag
#   description: Magnitude reference level of geometric model
#   meta:
#     ucd: phot.mag;em.opt
# - 
#   name: geom_model_reference_level_error
#   datatype: float32
#   unit: mag
#   description: "Uncertainty of \\texttt{geomModelReferenceLevel}"
#   meta:
#     ucd: stat.error;phot.mag;em.opt
# - 
#   name: geom_model_gaussian1_phase
#   datatype: float32
#   description: Phase of the Gaussian 1 component
#   meta:
#     ucd: time.phase
# - 
#   name: geom_model_gaussian1_phase_error
#   datatype: float32
#   description: "Uncertainty of \\texttt{geomModelGaussian1Phase}"
#   meta:
#     ucd: stat.error;time.phase
# - 
#   name: geom_model_gaussian1_sigma
#   datatype: float32
#   description: "Standard deviation [phase] of Gaussian 1 component"
#   meta:
#     ucd: stat.stdev
# - 
#   name: geom_model_gaussian1_sigma_error
#   datatype: float32
#   description: "Uncertainty of \\texttt{geomModelGaussian1Sigma}"
#   meta:
#     ucd: stat.error
# - 
#   name: geom_model_gaussian1_depth
#   datatype: float32
#   unit: mag
#   description: Magnitude depth of Gaussian 1 component
#   meta:
#     ucd: src.var.amplitude
# - 
#   name: geom_model_gaussian1_depth_error
#   datatype: float32
#   unit: mag
#   description: "Uncertainty of \\texttt{geomModelGaussian1Depth}"
#   meta:
#     ucd: stat.error;src.var.amplitude
# - 
#   name: geom_model_gaussian2_phase
#   datatype: float32
#   description: Phase of Gaussian 2 component
#   meta:
#     ucd: time.phase
# - 
#   name: geom_model_gaussian2_phase_error
#   datatype: float32
#   description: "Uncertainty of \\texttt{geomModelGaussian2Phase}"
#   meta:
#     ucd: stat.error;time.phase
# - 
#   name: geom_model_gaussian2_sigma
#   datatype: float32
[...]
#   datatype: float32
#   description: "Secondary eclipse: uncertainty of \\texttt{derivedSecondaryEclDuration}"
#   meta:
#     ucd: stat.error;time.duration
# - 
#   name: derived_secondary_ecl_depth
#   datatype: float32
#   unit: mag
#   description: "Secondary eclipse: depth"
#   meta:
#     ucd: src.var.amplitude
# - 
#   name: derived_secondary_ecl_depth_error
#   datatype: float32
#   unit: mag
#   description: "Secondary eclipse: uncertainty of \\texttt{derivedSecondaryEclDepth}"
#   meta:
#     ucd: stat.error;src.var.amplitude
solution_id,source_id,global_ranking,reference_time,frequency,frequency_error,geom_model_reference_level,geom_model_reference_level_error,geom_model_gaussian1_phase,geom_model_gaussian1_phase_error,geom_model_gaussian1_sigma,geom_model_gaussian1_sigma_error,geom_model_gaussian1_depth,geom_model_gaussian1_depth_error,geom_model_gaussian2_phase,geom_model_gaussian2_phase_error,geom_model_gaussian2_sigma,geom_model_gaussian2_sigma_error,geom_model_gaussian2_depth,geom_model_gaussian2_depth_error,geom_model_cosine_half_period_amplitude,geom_model_cosine_half_period_amplitude_error,geom_model_cosine_half_period_phase,geom_model_cosine_half_period_phase_error,model_type,num_model_parameters,reduced_chi2,derived_primary_ecl_phase,derived_primary_ecl_phase_error,derived_primary_ecl_duration,derived_primary_ecl_duration_error,derived_primary_ecl_depth,derived_primary_ecl_depth_error,derived_secondary_ecl_phase,derived_secondary_ecl_phase_error,derived_secondary_ecl_duration,derived_secondary_ecl_duration_error,derived_secondary_ecl_depth,derived_secondary_ecl_depth_error
[from data line 584]
375316653866487564,5936565717114802560,0.46935013,2254.915856635626,2.9140882016227274,5.9967122E-5,19.895054,0.02561177,0.30237797,0.008760512,0.09779474,0.027027754,0.24951774,0.036190003,0.7824662,0.014262626,0.079308726,0.01426191,0.305402,0.026786081,null,null,null,null,"TWOGAUSSIANS",8,2.4918401,0.7824662,0.014262626,0.4,0.01908157,0.2981172,0.01762432,0.30237797,0.008760512,0.4,0.0,0.24223128,0.049351145
375316653866487564,5936565923268277376,0.4622577,2277.2418209993475,0.845607286663528,4.7743793E-5,17.90428,0.019323828,0.49209467,0.027438024,0.16938454,0.046216633,0.1116374,0.028642561,0.7029605,0.0014989052,0.018077798,0.0021404976,0.46926224,0.040233567,null,null,null,null,"TWOGAUSSIANS",8,15.1018915,0.7029605,0.0014989052,0.101235665,0.011986786,0.5178399,0.042096373,0.49209467,0.027438024,0.4,0.0,0.10877501,0.029763281
375316653866487564,5936567263298796800,0.47708628,2230.5334565766916,3.8820971638601796,3.7523852E-5,17.540644,0.016965436,0.13672477,0.0070909034,0.07702931,0.009780474,0.16552031,0.016968856,0.6622642,0.010425782,0.1092056,0.02033496,0.117480285,0.01676357,null,null,null,null,"TWOGAUSSIANS",8,13.039755,0.13671477,0.007086541,0.4,0.0,0.16059528,0.010956016,0.6622642,0.010425782,0.4,0.0,0.112544805,0.012850836
375316653866487564,5936567332017684480,0.41928998,2253.2707623568353,2.1123509457651983,8.306508E-5,19.01548,0.00693621,0.7570129,0.015958056,0.026589371,0.03477595,0.1366702,0.67523646,null,null,null,null,null,null,0.048205756,0.011307237,0.7570129,0.015958056,"ONEGAUSSIAN_WITH_ELLIPSOIDAL",6,8.575023,0.7570129,0.015958056,0.14890048,0.19474532,0.23308171,0.6756124,null,null,null,null,null,null
375316653866487564,5936567396409003264,0.5353388,2268.9885343129176,1.2526610300395813,2.3065293E-5,16.699701,0.009172716,0.25482127,0.0038278392,0.08682814,0.007256761,0.23731966,0.013257754,0.7443677,0.0054597785,0.083067864,0.009133501,0.29183155,0.018617254,null,null,null,null,"TWOGAUSSIANS",8,20.492907,0.7443677,0.0054597785,0.4,0.0,0.2860833,0.021942504,0.25482127,0.0038278392,0.4,0.0,0.23157139,0.013577237
375316653866487564,5936567499488289792,0.5862822,2258.842104864649,2.567806198782392,1.0457281E-5,17.78665,0.0115417885,0.24566479,0.0016529299,0.09008912,0.004271343,0.2659866,0.010743104,0.7622794,0.003462852,0.10934051,0.009674614,0.22937892,0.010440067,null,null,null,null,"TWOGAUSSIANS",8,2.0399902,0.24565479,0.0016475179,0.4,0.0,0.24900667,0.005658738,0.7622794,0.003462852,0.4,0.0,0.21238282,0.012082817
375316653866487564,5936567533848158592,0.63583064,2274.8782586738175,0.17165059331112015,1.1080264E-6,17.689188,0.0014312231,0.23672894,0.004584925,0.010586421,0.0010850684,0.6149457,0.21394902,0.734234,0.0058054514,0.008378376,0.0030706283,0.57075334,1.4802247,null,null,null,null,"TWOGAUSSIANS",8,2.3298295,0.23672894,0.004584925,0.05928396,0.0060763834,0.6149457,0.21394902,0.734234,0.0058054514,0.04691891,0.017195519,0.57075334,1.4802247
375316653866487564,5936568014884398208,0.56474286,2236.911854484062,1.0068872867483118,8.226039E-6,17.761145,0.0028721325,0.23681878,0.004843013,0.03170743,0.0062693236,0.15562661,0.028668871,0.7330543,0.0022063393,0.032385267,0.0028017655,0.2666201,0.008857648,null,null,null,null,"TWOGAUSSIANS",8,3.5614808,0.7330543,0.0022063393,0.18135749,0.015689887,0.2666201,0.008857648,0.23681878,0.004843013,0.17756161,0.035108212,0.15562661,0.028668871
375316653866487564,5936568225390060928,0.4563539,2270.4051969431744,1.2966987570785642,2.878087E-5,17.45183,0.010788922,0.19793445,0.0082251355,0.07926728,0.013318247,0.12734151,0.015700055,0.62802,0.016439548,0.09876455,0.024376148,0.08976923,0.020565283,null,null,null,null,"TWOGAUSSIANS",8,12.164893,0.19794445,0.00823773,0.4,0.0,0.1261122,0.015355676,0.62802,0.016439548,0.4,0.0,0.08853311,0.020608397
375316653866487564,5936568358490859904,0.49559706,2262.2245921258623,1.5033963410653484,4.7961617E-5,17.493841,0.5849987,0.28562582,0.0073794206,0.184159,0.17113274,0.3197167,0.5794667,0.7878347,0.008635213,0.110432126,0.06467943,0.19255352,0.3230796,null,null,null,null,"TWOGAUSSIANS",8,12.476327,0.28561583,0.00740734,0.4,0.0,0.19963457,0.010922039,0.78835475,0.0094297575,0.4,0.0,0.08850271,0.016355876
375316653866487564,5936568427201420416,0.63309777,2290.5294333371826,1.529079026227456,4.4335056E-6,16.448452,0.0088830665,0.21584746,0.0012273534,0.06430683,0.00909778,0.0913471,0.01649901,0.7214846,0.002667252,0.05345167,0.005059789,0.14209461,0.017732587,0.07925074,0.009427347,0.21584746,0.0012273534,"TWOGAUSSIANS_WITH_ELLIPSOIDAL_ON_ECLIPSE1",9,5.1295896,0.7214846,0.002667252,0.29932934,0.028334817,0.30034733,0.0052489587,0.21584746,0.0012273534,0.36011827,0.05094757,0.24979858,0.0050782966
375316653866487564,5936568633359999872,0.47652835,2251.8698046406917,4.261029621262926,1.4776796E-4,17.504889,0.008370302,0.7825674,0.038236294,0.033249695,0.023589356,0.103187256,0.009547424,0.5601661,0.004757005,0.043281976,0.0036435176,0.44973534,0.024423582,null,null,null,null,"TWOGAUSSIANS",8,46.73743,0.5601661,0.004757005,0.24237907,0.020403698,0.44973534,0.024423582,0.7825674,0.038246,0.18619828,0.13210039,0.10318808,0.0095326165
375316653866487564,5936568805158675968,0.51628596,2221.871860908671,3.6789008049497203,1.0098922E-5,17.623318,0.007877846,0.37281463,0.10405269,0.05436803,0.067159444,0.018968672,0.09564277,0.7740173,0.002687562,0.04256435,0.017591124,0.051544067,0.022151452,0.07463711,0.015907627,0.7740173,0.002687562,"TWOGAUSSIANS_WITH_ELLIPSOIDAL_ON_ECLIPSE2",9,5.7971997,0.7740173,0.002687562,0.23836038,0.098510295,0.20081827,0.016537536,0.28768462,0.14475939,0.30446097,0.34545505,0.15374339,0.0485302
375316653866487564,5936568843847718272,0.529272,2240.058443205979,2.817097126365561,1.6592114E-5,18.405449,0.005857429,0.23648791,0.005235353,0.07450614,0.006756882,0.2086916,0.011103288,0.7283082,0.0034548428,0.09050473,0.0048615104,0.20204116,0.008723089,null,null,null,null,"TWOGAUSSIANS",8,2.9983606,0.23648791,0.005235353,0.4,0.0,0.20513563,0.011275326,0.7283082,0.0034548428,0.4,0.0,0.19848509,0.008470876
375316653866487564,5936569050005268352,0.51131225,2255.1913764510705,2.956690986086952,2.255274E-5,18.995184,0.017681984,0.20992172,0.0062261266,0.10876347,0.0126024345,0.26459232,0.023077665,0.7221756,0.003493753,0.08584522,0.007200998,0.3046064,0.017527267,null,null,null,null,"TWOGAUSSIANS",8,3.793574,0.7221856,0.0034999033,0.4,0.0,0.28717265,0.012962672,0.20992172,0.0062261266,0.4,0.0,0.2471432,0.024022881
375316653866487564,5936569217475446144,0.54865485,2293.624785859822,3.5546354522789376,1.7026203E-5,17.935457,0.009305565,0.23593938,0.0015456165,0.07086137,0.0019435736,0.47332805,0.011953442,0.7307478,0.0042821844,0.07292737,0.003986819,0.414638,0.020722682,null,null,null,null,"TWOGAUSSIANS",8,12.221985,0.23593938,0.0015456165,0.39682367,0.010294193,0.47148144,0.011656783,0.7307478,0.0042821844,0.4,0.0021255864,0.4127914,0.020698415
375316653866487564,5936569427962890752,0.52800316,2255.76257521664,0.9260066059521207,1.708699E-5,18.974752,0.0069195596,0.28143346,0.0025831508,0.037352007,0.0029042277,0.48265198,0.05402592,0.7909825,0.011440537,0.036980517,0.010483187,0.10812983,0.0074522197,null,null,null,null,"TWOGAUSSIANS",8,3.1195362,0.28143346,0.0025831508,0.20917125,0.016263675,0.48265198,0.05402592,0.7909825,0.011440537,0.2070909,0.058705844,0.10812983,0.0074522197
375316653866487564,5936570213908073216,0.5140927,2234.137950184888,1.815092882524014,2.2433973E-5,17.59823,0.014042456,0.24491169,0.004151345,0.098296374,0.011118217,0.17962115,0.01157033,0.75934035,0.008011935,0.1081751,0.021074338,0.07905655,0.012735969,null,null,null,null,"TWOGAUSSIANS",8,4.5631914,0.24490167,0.004156135,0.4,0.0,0.16935661,0.0068301074,0.7593503,0.008025111,0.4,0.0,0.06878883,0.0078004915
375316653866487564,5936570493132865024,0.593612,2256.3339782964167,2.383917574383167,6.0280195E-6,16.27325,0.011792642,0.23433425,0.0038361389,0.095985375,0.0060186754,0.31046417,0.0120527735,0.74325633,0.001831147,0.09681658,0.0058320556,0.30670905,0.009906682,null,null,null,null,"TWOGAUSSIANS",8,12.773793,0.23433425,0.0038361389,0.4,0.0,0.2915238,0.009180957,0.74325633,0.001831147,0.4,0.0,0.28776848,0.008500885
375316653866487564,5936570733651017984,0.46213415,2262.3437133981943,0.17316903550261661,4.4494923E-4,16.683834,0.0030703438,0.11185125,0.010578283,0.043356597,0.019071003,0.038110264,0.02477208,0.55886906,0.009917859,0.11047745,0.009259247,0.15158452,0.012201456,null,null,null,null,"TWOGAUSSIANS",8,9.220028,0.55886906,0.009917859,0.4,0.0,0.15129384,0.012270852,0.11193125,0.010582911,0.24279694,0.10679762,0.03786241,0.025055142
375316653866487564,5936570832402210176,0.45734224,2280.246721242174,0.08665595077773917,6.167152E-5,19.77213,0.009156533,0.22115211,0.0029107488,0.05204184,0.0052060424,0.2989989,0.034462802,0.7676315,0.013384176,0.06955609,0.01155356,0.3131167,0.08585239,null,null,null,null,"TWOGAUSSIANS",8,2.7755969,0.7676315,0.013384176,0.3895141,0.06450237,0.3130917,0.08587052,0.22115211,0.0029107488,0.2914343,0.029153839,0.2989739,0.03447427
375316653866487564,5936571180317347456,0.4227727,2236.57274774583,1.2284093359071315,1.4167953E-4,19.299368,0.027369784,0.3687791,0.03035629,0.1302552,0.055953316,0.14512609,0.026492968,0.7417553,0.0039617303,0.02655341,0.017481238,0.12170826,0.09083868,null,null,null,null,"TWOGAUSSIANS",8,4.3041525,0.3687791,0.03035629,0.4,0.0,0.14494164,0.02585219,0.7417553,0.0039617303,0.14869909,0.09789493,0.123931244,0.09177556
375316653866487564,5936571833143908608,0.6007455,2260.6228182932446,2.665173202258192,4.5141787E-6,18.747095,0.0070811417,0.1644642,0.0014728984,0.064197235,0.0016167198,0.6752038,0.021088807,0.6749072,0.0011500937,0.0673887,0.0013869966,0.72033757,0.018293548,null,null,null,null,"TWOGAUSSIANS",8,2.4110324,0.6749072,0.0011500937,0.37737674,0.007767181,0.719584,0.01831537,0.1644642,0.0014728984,0.35950452,0.009053631,0.6744502,0.02115284
375316653866487564,5936572004942929024,0.5509162,2228.7636828792442,2.3744261552251666,7.722346E-6,18.169415,0.02300999,0.25542814,0.005146304,0.11350507,0.015434781,0.22992742,0.017161665,0.7448157,0.00425901,0.105003566,0.010691235,0.2595122,0.020245377,null,null,null,null,"TWOGAUSSIANS",8,1.6400902,0.7448157,0.00425901,0.4,0.0,0.22782455,0.006852694,0.25543815,0.005155005,0.4,0.0,0.19821627,0.008246093
375316653866487564,5936572142382058496,0.51466835,2265.759321076118,2.894049618232737,1.4026069E-5,19.668365,0.018079149,0.2951452,0.0069425562,0.08961907,0.0069776713,0.38887787,0.024368906,0.8002133,0.005677103,0.08349916,0.010928718,0.32710755,0.019444263,null,null,null,null,"TWOGAUSSIANS",8,1.4638197,0.2951452,0.0069425562,0.4,0.0,0.37873897,0.019485056,0.8002133,0.005677103,0.4,0.0,0.3169688,0.020896075
375316653866487564,5936572211101747968,0.44415447,2269.3333432146696,2.3633715222741714,8.2947954E-5,18.773382,0.3885559,0.28335342,0.03578613,0.29350248,0.14500906,0.46913642,0.38262352,0.75181305,0.021832492,0.10796387,0.06930923,0.20235015,0.16129808,null,null,null,null,"TWOGAUSSIANS",8,3.6811597,0.28347343,0.031286627,0.4,0.0,0.15280744,0.013171906,0.75181305,0.021832492,0.4,0.0,0.10544151,0.036655348
375316653866487564,5936572211101931904,0.47210854,2256.183016504331,3.1966863891196295,7.031875E-5,19.170513,0.015903056,0.2839541,0.008902946,0.07727619,0.010341031,0.24537116,0.021177895,0.7927485,0.036580022,0.05097022,0.041923024,0.21582858,0.025908463,null,null,null,null,"TWOGAUSSIANS",8,7.393018,0.2839541,0.008902946,0.4,0.0,0.24519676,0.01928674,0.7927485,0.036580022,0.28543323,0.14559583,0.21565418,0.028007902
375316653866487564,5936572309870287104,0.47752848,2250.254043365163,2.9009136467266297,2.599272E-5,19.755608,0.019300371,0.32605693,0.0050118216,0.086058155,0.00679588,0.35449514,0.02581719,0.8156387,0.0050956192,0.08663892,0.011813144,0.2782847,0.042761076,null,null,null,null,"TWOGAUSSIANS",8,2.0530565,0.32605693,0.0050118216,0.4,0.0,0.34654,0.023317188,0.8156387,0.0050956192,0.4,0.0,0.2703296,0.045044415
375316653866487564,5936573203204683392,0.62107855,2253.6719845866,2.134026223798696,5.7618204E-6,16.902348,0.010573758,0.26882794,0.0023780956,0.053656507,0.0074210903,0.17065255,0.022440141,0.77821577,0.03326132,0.04021901,0.017285326,0.13543218,0.020144243,0.13573883,0.012398329,0.26882794,0.0023780956,"TWOGAUSSIANS_WITH_ELLIPSOIDAL_ON_ECLIPSE1",9,11.066656,0.26882794,0.0023780956,0.30047643,0.041558105,0.44212645,0.014358439,0.77821577,0.03326132,0.22522645,0.09679783,0.40596265,0.016794318
375316653866487564,5936573413711218560,0.5139205,2228.4985846910063,0.32453839793926814,1.3826362E-5,17.542274,0.0032536685,0.21092802,0.0018695975,0.021915162,0.0015367504,0.16437274,0.009764991,0.41261068,0.038178377,0.07349357,0.08319419,0.019987337,0.029616334,null,null,null,null,"TWOGAUSSIANS",8,4.948747,0.21097803,0.0018170055,0.122724906,0.0086058015,0.16483606,0.009610775,0.41261068,0.038178377,0.4,0.33955905,0.019987337,0.029617608
375316653866487564,5936573448052132608,0.5116378,2269.401398240834,4.869307459167609,2.6303514E-5,19.728922,0.011652723,0.5343833,0.007482834,0.12447504,0.007144941,0.60373193,0.0447391,0.82210344,0.023825267,0.044076428,0.027664453,0.07463858,0.037619557,null,null,null,null,"TWOGAUSSIANS",8,3.1716218,0.5343833,0.007482834,0.4,0.0,0.60335267,0.044909973,0.82210344,0.023825267,0.246828,0.15492094,0.11600882,0.045380626
375316653866487564,5936573516771584384,0.509361,2249.8307287620537,0.3911394640205351,3.948077E-5,18.486832,0.0031474282,0.61080265,0.062473938,0.036287718,0.023398824,0.39078796,0.36887777,0.8963605,0.006273282,0.0249123,0.0044843354,0.03068558,0.0062410566,null,null,null,null,"TWOGAUSSIANS",8,4.298225,0.61080265,0.062473938,0.20321123,0.13103342,0.39078796,0.36887777,0.8963605,0.006273282,0.13950887,0.025112279,0.03068558,0.0062410575
375316653866487564,5936573821680055808,0.580285,2227.7833453644453,1.141563878030111,2.362174E-5,16.885845,0.004214097,0.21178076,0.024282753,0.019321585,0.026786862,0.1723515,8.5326477E8,0.713097,5.6085864E-4,0.022187063,6.356122E-4,0.55007064,0.0076990775,0.017120289,0.0056953044,0.21178076,0.024282753,"TWOGAUSSIANS_WITH_ELLIPSOIDAL_ON_ECLIPSE1",9,24.410267,0.713097,5.6085864E-4,0.12424755,0.003559428,0.5843088,0.007045558,0.21178076,0.024282753,0.10820087,0.15000643,0.20659202,8.5326477E8
375316653866487564,5936574268356834432,0.4609459,2242.4756523968094,1.3873762438466628,5.5330886E-5,19.6097,0.007181488,0.14523724,0.010766264,0.039782863,0.009816542,0.13706589,0.02710206,0.64759797,0.015513348,0.03694907,0.02549581,0.2691963,0.05044864,null,null,null,null,"TWOGAUSSIANS",8,3.2644536,0.64759797,0.015513348,0.20691478,0.14277653,0.2691963,0.050448723,0.14523724,0.010766264,0.22278404,0.054972637,0.13706589,0.027102036
375316653866487564,5936575303479476608,0.5623408,2242.485840805736,1.6233652462747423,1.1523761E-5,18.245121,0.15988798,0.24847956,0.0039466424,0.14564388,0.045435958,0.2858962,0.15672378,0.754028,0.0023685254,0.116796516,0.023887543,0.33481804,0.14500435,null,null,null,null,"TWOGAUSSIANS",8,1.4389856,0.75421804,0.0027967072,0.4,0.0,0.24165888,0.005932375,0.24843957,0.0038468041,0.4,0.0,0.19121821,0.0066904235
375316653866487564,5936576231192188800,0.5938814,2267.922430347834,2.666571664332155,1.1071004E-5,18.63076,0.010789719,0.29644313,0.0034839995,0.062792554,0.0036063655,0.5021472,0.013353842,0.7898787,0.0018544663,0.064008646,0.002407586,0.71153116,0.017850447,null,null,null,null,"TWOGAUSSIANS",8,5.330832,0.7898787,0.0018544663,0.35844842,0.013482481,0.71112156,0.017791644,0.29644313,0.0034839995,0.35163832,0.020195648,0.5017376,0.013238666
