Gaia/vari_eclipsing_binary/VariEclipsingBinary_665270-665286.csv
# %ECSV 1.0
# ---
# delimiter: ','
# meta: !!omap
# - RELEASE: Gaia DR3
# - TABLE: vari_eclipsing_binary
# - DESCRIPTION: >
#     This table describes the properties of the eclipsing binaries resulting from the variability analysis. 
# - CITATION: >
#     How to cite and acknowledge Gaia: 
#     https://gea.esac.esa.int/archive/documentation/credits.html 
# - KNOWN_ISSUES: >
#     Known issues: 
#     https://www.cosmos.esa.int/web/gaia-users/known-issues 
# - DOCUMENTATION: >
#     Tutorials and documentation: 
#     https://www.cosmos.esa.int/web/gaia-users/archive 
# datatype:
# - 
#   name: solution_id
#   datatype: int64
#   description: Solution Identifier
#   meta:
#     ucd: meta.version
# - 
#   name: source_id
#   datatype: int64
#   description: Unique source identifier
#   meta:
#     ucd: meta.id;meta.main
# - 
#   name: global_ranking
#   datatype: float32
#   description: Number between 0 (worst) and 1 (best)
#   meta:
#     ucd: stat.param
# - 
#   name: reference_time
#   datatype: float64
#   unit: d
#   description: Reference time used for the geometric model fit
#   meta:
#     ucd: time.epoch
# - 
#   name: frequency
#   datatype: float64
#   unit: d**-1
#   description: Frequency of geometric model of the eclipsing binary light curve
#   meta:
#     ucd: src.orbital
# - 
#   name: frequency_error
#   datatype: float32
#   unit: d**-1
#   description: "Uncertainty of \\texttt{frequency}"
#   meta:
#     ucd: stat.error
# - 
#   name: geom_model_reference_level
#   datatype: float32
#   unit: mag
#   description: Magnitude reference level of geometric model
#   meta:
#     ucd: phot.mag;em.opt
# - 
#   name: geom_model_reference_level_error
#   datatype: float32
#   unit: mag
#   description: "Uncertainty of \\texttt{geomModelReferenceLevel}"
#   meta:
#     ucd: stat.error;phot.mag;em.opt
# - 
#   name: geom_model_gaussian1_phase
#   datatype: float32
#   description: Phase of the Gaussian 1 component
#   meta:
#     ucd: time.phase
# - 
#   name: geom_model_gaussian1_phase_error
#   datatype: float32
#   description: "Uncertainty of \\texttt{geomModelGaussian1Phase}"
#   meta:
#     ucd: stat.error;time.phase
# - 
#   name: geom_model_gaussian1_sigma
#   datatype: float32
#   description: "Standard deviation [phase] of Gaussian 1 component"
#   meta:
#     ucd: stat.stdev
# - 
#   name: geom_model_gaussian1_sigma_error
#   datatype: float32
#   description: "Uncertainty of \\texttt{geomModelGaussian1Sigma}"
#   meta:
#     ucd: stat.error
# - 
#   name: geom_model_gaussian1_depth
#   datatype: float32
#   unit: mag
#   description: Magnitude depth of Gaussian 1 component
#   meta:
#     ucd: src.var.amplitude
# - 
#   name: geom_model_gaussian1_depth_error
#   datatype: float32
#   unit: mag
#   description: "Uncertainty of \\texttt{geomModelGaussian1Depth}"
#   meta:
#     ucd: stat.error;src.var.amplitude
# - 
#   name: geom_model_gaussian2_phase
#   datatype: float32
#   description: Phase of Gaussian 2 component
#   meta:
#     ucd: time.phase
# - 
#   name: geom_model_gaussian2_phase_error
#   datatype: float32
#   description: "Uncertainty of \\texttt{geomModelGaussian2Phase}"
#   meta:
#     ucd: stat.error;time.phase
# - 
#   name: geom_model_gaussian2_sigma
#   datatype: float32
[...]
#   datatype: float32
#   description: "Secondary eclipse: uncertainty of \\texttt{derivedSecondaryEclDuration}"
#   meta:
#     ucd: stat.error;time.duration
# - 
#   name: derived_secondary_ecl_depth
#   datatype: float32
#   unit: mag
#   description: "Secondary eclipse: depth"
#   meta:
#     ucd: src.var.amplitude
# - 
#   name: derived_secondary_ecl_depth_error
#   datatype: float32
#   unit: mag
#   description: "Secondary eclipse: uncertainty of \\texttt{derivedSecondaryEclDepth}"
#   meta:
#     ucd: stat.error;src.var.amplitude
solution_id,source_id,global_ranking,reference_time,frequency,frequency_error,geom_model_reference_level,geom_model_reference_level_error,geom_model_gaussian1_phase,geom_model_gaussian1_phase_error,geom_model_gaussian1_sigma,geom_model_gaussian1_sigma_error,geom_model_gaussian1_depth,geom_model_gaussian1_depth_error,geom_model_gaussian2_phase,geom_model_gaussian2_phase_error,geom_model_gaussian2_sigma,geom_model_gaussian2_sigma_error,geom_model_gaussian2_depth,geom_model_gaussian2_depth_error,geom_model_cosine_half_period_amplitude,geom_model_cosine_half_period_amplitude_error,geom_model_cosine_half_period_phase,geom_model_cosine_half_period_phase_error,model_type,num_model_parameters,reduced_chi2,derived_primary_ecl_phase,derived_primary_ecl_phase_error,derived_primary_ecl_duration,derived_primary_ecl_duration_error,derived_primary_ecl_depth,derived_primary_ecl_depth_error,derived_secondary_ecl_phase,derived_secondary_ecl_phase_error,derived_secondary_ecl_duration,derived_secondary_ecl_duration_error,derived_secondary_ecl_depth,derived_secondary_ecl_depth_error
[from data line 37]
375316653866487564,5851785433551128448,0.58224505,2162.5034174875523,2.4714638547707395,5.6238637E-6,16.375477,0.01102746,0.15512004,0.0015541286,0.092885785,0.0036748953,0.36609975,0.011452864,0.6508512,0.0024745264,0.091927506,0.0047904463,0.36935282,0.0109539665,null,null,null,null,"TWOGAUSSIANS",8,23.289057,0.6508512,0.0024745264,0.4,0.0,0.3515745,0.009948205,0.15512004,0.0015541286,0.4,0.0,0.34832135,0.0097966725
375316653866487564,5851785433551137152,0.4581338,2172.0548559304134,2.551356798126005,3.4832392E-5,19.49856,0.021008017,0.22921444,0.016504293,0.019344611,0.011096744,0.21697946,0.76372707,0.6675671,0.009622274,0.03029682,0.007191216,0.18273537,0.056056574,0.15107949,0.025300516,0.6675671,0.009622274,"TWOGAUSSIANS_WITH_ELLIPSOIDAL_ON_ECLIPSE2",9,20.353365,0.6675671,0.009622274,0.16966219,0.04027081,0.4848941,0.039791346,0.22697444,0.015104802,0.10832982,0.062141765,0.47750828,0.7606963
375316653866487564,5851786567376191232,0.4938216,2189.2046275140424,2.5747871373178395,1.0402061E-5,19.186962,0.014184923,0.2576379,0.0056636273,0.09143554,0.008015587,0.25201964,0.01575308,0.74003696,0.00458218,0.08563202,0.0075956285,0.24565378,0.016464086,null,null,null,null,"TWOGAUSSIANS",8,2.5350838,0.2576379,0.0056636273,0.4,0.0,0.24508025,0.013098263,0.74003696,0.00458218,0.4,0.0,0.2387146,0.014649395
375316653866487564,5851786773531869184,0.52020204,2176.687709831508,0.5638617733485927,7.1654767E-6,19.386961,0.003736739,0.24520743,0.002278237,0.033472493,0.0016923558,0.46983328,0.026544333,0.5138132,0.015804483,0.023046294,0.01761678,0.041738458,0.038879577,null,null,null,null,"TWOGAUSSIANS",8,2.0276368,0.24520743,0.002278237,0.18744595,0.009477193,0.46983328,0.026544333,0.5138132,0.015804483,0.12905926,0.09865397,0.041738458,0.038879577
375316653866487564,5851786807941161600,0.58750135,2217.110830006921,1.4295670571407768,5.447564E-6,14.305196,8.404011E-4,0.24260229,0.002235143,0.014231756,0.013607686,0.0035451155,0.0046737534,0.7367526,0.0050923442,0.06033934,0.006470858,0.03786988,0.0022186863,0.03159966,0.0012833633,0.24260229,0.002235143,"TWOGAUSSIANS_WITH_ELLIPSOIDAL_ON_ECLIPSE1",9,10.258709,0.7386526,0.0031571353,0.3379003,0.036236804,0.101006545,0.0020135,0.24260229,0.002235143,0.07969784,0.07620305,0.066739455,0.0041422816
375316653866487564,5851787392056794752,0.56921077,2193.594843184774,2.6737780543396297,9.0742105E-6,16.873203,0.0075688404,0.13909589,0.0035599268,0.09708564,0.0050429637,0.20843005,0.009560246,0.6508547,0.0014764618,0.09361771,0.0046034115,0.20242822,0.006982035,null,null,null,null,"TWOGAUSSIANS",8,6.339137,0.13909589,0.0035599268,0.4,0.0,0.19721183,0.008836467,0.6508547,0.0014764618,0.4,0.0,0.19121055,0.005611731
375316653866487564,5851787701294543744,0.6222156,2185.6544764626556,2.331284212771219,3.607027E-6,14.228809,0.010366817,0.27661642,0.002215133,0.064007886,0.0038218233,0.3068925,0.020418927,0.77142024,0.002086925,0.05140557,0.0048238267,0.20600489,0.02463995,0.08340988,0.011367279,0.77142024,0.002086925,"TWOGAUSSIANS_WITH_ELLIPSOIDAL_ON_ECLIPSE2",9,130.53477,0.27583644,0.0017677482,0.35844415,0.021402212,0.4734527,0.006828208,0.77142024,0.002086925,0.2878712,0.027013429,0.37271625,0.0147983255
375316653866487564,5851787976172376832,0.5591107,2146.183489164933,2.2744765068671344,7.0792016E-6,17.888441,0.009532011,0.22306795,0.0024815379,0.081727855,0.0037920384,0.2969394,0.011279936,0.7189706,0.0015174915,0.07474792,0.0037149487,0.2780502,0.012231025,null,null,null,null,"TWOGAUSSIANS",8,4.2200117,0.22306795,0.0024815379,0.4,0.0,0.29373336,0.010386996,0.7189706,0.0015174915,0.4,0.0,0.27484417,0.011932814
375316653866487564,5851788010532097280,0.6013036,2179.9899179762288,2.6779605958823485,4.899476E-6,16.740696,0.02096649,0.19716561,0.0011370502,0.06179328,0.006593443,0.2511714,0.04297041,0.7009078,0.0023515003,0.058798492,0.008122728,0.1893159,0.043706506,0.073196374,0.02457737,0.19716561,0.0011370502,"TWOGAUSSIANS_WITH_ELLIPSOIDAL_ON_ECLIPSE1",9,10.592377,0.19716561,0.0011370502,0.34604236,0.03692328,0.3974774,0.018485788,0.7009078,0.0023515003,0.32927155,0.045487277,0.33554098,0.0078031872
375316653866487564,5851788697736765568,0.5720855,2177.471439234329,0.3897586271969307,9.638988E-6,19.105537,0.005764452,0.14393103,0.0016509811,0.027224835,0.0012874351,0.62489116,0.014525402,0.6310863,0.010937949,0.04870151,0.014695194,0.116670884,0.01592039,null,null,null,null,"TWOGAUSSIANS",8,2.1273353,0.14393103,0.0016509811,0.15245907,0.0072096363,0.62489116,0.014525402,0.6310863,0.010937949,0.27272847,0.082293086,0.116670884,0.01592039
375316653866487564,5851788869477572352,0.5169392,2226.241110589134,0.15451038739843337,9.123624E-5,18.310564,0.0041427943,0.31027272,0.024278432,0.11476853,0.020951148,0.015019801,0.005171423,0.6185109,4.6704005E-4,0.012681976,5.240595E-4,0.31107965,0.0031196913,null,null,null,null,"TWOGAUSSIANS",8,1.8166872,0.6185109,4.6704005E-4,0.07101907,0.0029347334,0.31148508,0.0034847874,0.31027272,0.024278432,0.4,0.0,0.01501753,0.0051673255
375316653866487564,5851788933872690816,0.54439163,2189.4592840672744,0.6015789280110165,8.2481E-6,12.27462,0.04023992,0.17737578,0.0019862403,0.16454163,0.008846138,0.21167885,0.02446999,0.6758934,0.0022634887,0.21356215,0.020693487,0.2265054,0.039481208,null,null,null,null,"TWOGAUSSIANS",8,27.754084,0.17823577,0.002027483,0.4,0.0,0.06044645,0.0017830994,0.6758934,0.0022634887,0.4,0.0,0.050230507,0.0013482334
375316653866487564,5851789178763324928,0.5591657,2198.7609917891928,2.6766376320203444,8.4444055E-6,15.71751,0.010055138,0.314683,0.0022861077,0.081077345,0.003073429,0.5734328,0.01912514,0.8197079,0.0021585948,0.05995993,0.003185805,0.37810874,0.009257548,null,null,null,null,"TWOGAUSSIANS",8,125.68746,0.314683,0.0022861077,0.4,0.0,0.57187146,0.019095078,0.8197079,0.0021585948,0.3357756,0.017840507,0.37654746,0.008782971
375316653866487564,5851789419233364096,0.4971066,2204.4057870169668,2.6425746369065153,1.8772684E-5,19.646276,0.054275535,0.253528,0.012150324,0.1197398,0.039232843,0.1962397,0.051202163,0.743076,0.008016338,0.08930255,0.014498454,0.3663138,0.049248837,null,null,null,null,"TWOGAUSSIANS",8,1.9855946,0.743076,0.008016338,0.4,0.0,0.341178,0.02340309,0.253528,0.012150324,0.4,0.0,0.1710358,0.011811263
375316653866487564,5851789625391967488,0.52044475,2237.829343150014,2.5048965280297253,8.2956685E-6,18.443684,0.011313171,0.14293353,0.0030820966,0.100283034,0.009976538,0.15608364,0.011903318,0.6455496,0.0031761376,0.08595104,0.00742284,0.19453125,0.010297837,null,null,null,null,"TWOGAUSSIANS",8,1.7622867,0.6455496,0.0031761376,0.4,0.0,0.18552916,0.008009502,0.14293353,0.0030820966,0.4,0.0,0.1470803,0.011406036
375316653866487564,5851789831598524416,0.47859356,2256.922103059768,4.099263014891603,2.4555386E-5,18.554527,0.008044242,0.25914937,0.0077309576,0.08509678,0.016716067,0.09659042,0.01290895,0.77048844,0.005734397,0.07654968,0.012062327,0.11514408,0.008660252,null,null,null,null,"TWOGAUSSIANS",8,2.1454394,0.77048844,0.005734397,0.4,0.0,0.113737635,0.008836963,0.25914937,0.0077309576,0.4,0.0,0.09518397,0.013596025
375316653866487564,5851790587512561920,0.54479504,2203.4029478167595,2.5389991621296186,8.904471E-6,17.87639,0.032290973,0.24312408,0.007955595,0.044117548,0.01224101,0.39345706,0.06739831,0.75237024,0.0038592652,0.047436934,0.006746552,0.32396412,0.086237974,0.12888488,0.03972168,0.75237024,0.0038592652,"TWOGAUSSIANS_WITH_ELLIPSOIDAL_ON_ECLIPSE2",9,27.7309,0.24396408,0.0071518086,0.24705826,0.068549655,0.6504366,0.058202643,0.75237024,0.0038592652,0.26564685,0.03778069,0.58173335,0.050290503
375316653866487564,5851790999781346688,0.4309474,2176.225601909074,0.12508596675053565,1.7067423E-5,19.156567,0.020799842,0.20232387,0.0046016597,0.06998571,0.008132577,0.2817528,0.019147065,0.7344269,0.0467938,0.05754093,0.050796684,0.10583117,0.052035347,null,null,null,null,"TWOGAUSSIANS",8,3.694772,0.20232387,0.0046016597,0.39191997,0.022673324,0.28169328,0.017672513,0.7344269,0.0467938,0.3222292,0.13686988,0.105771676,0.052874465
375316653866487564,5851791034189325184,0.60052663,2216.675560529655,0.7195033589693062,2.903511E-6,14.130091,5.724826E-4,0.26132312,0.0011164156,0.02770779,0.0016159518,0.029147094,0.001747175,null,null,null,null,null,null,0.042126976,7.3760346E-4,0.26132312,0.0011164156,"ONEGAUSSIAN_WITH_ELLIPSOIDAL",6,13.63641,0.26132312,0.0011164156,0.15516362,0.00904933,0.11340093,0.0018689686,null,null,null,null,null,null
375316653866487564,5851791171579475072,0.5863806,2182.47863902905,2.686196553648314,5.4858565E-6,18.407091,0.01066734,0.1600992,0.0019509163,0.045533817,0.00378876,0.4272702,0.033337813,0.6678449,0.0022217454,0.045328658,0.0043679117,0.30487353,0.032073412,0.13312885,0.017359484,0.1600992,0.0019509163,"TWOGAUSSIANS_WITH_ELLIPSOIDAL_ON_ECLIPSE1",9,6.9038324,0.1600992,0.0019509163,0.2549894,0.021217056,0.6935272,0.01830612,0.6678449,0.0022217454,0.25384048,0.024460306,0.57050043,0.026957927
375316653866487564,5851791205939236352,0.5931251,2191.1249838985705,1.5514577804085776,6.4683095E-6,18.532692,0.0075680716,0.25165218,0.0020247123,0.0339003,0.0038358592,0.33226106,0.018011332,0.75272214,0.0018078069,0.047445823,0.002608394,0.39072448,0.022403445,0.1349675,0.011168482,0.25165218,0.0020247123,"TWOGAUSSIANS_WITH_ELLIPSOIDAL_ON_ECLIPSE1",9,4.804411,0.75272214,0.0018078069,0.26569661,0.014607006,0.66064674,0.018913092,0.25165218,0.0020247123,0.18984167,0.021480812,0.6021955,0.011975367
375316653866487564,5851791235996783872,0.57091093,2210.2399691651103,2.168146607984927,9.034068E-6,17.97303,0.024112793,0.17105018,0.0044130315,0.062094364,0.011267397,0.2467849,0.06072153,0.67161316,0.0034846023,0.05577457,0.0067321626,0.2893161,0.05827878,0.12346067,0.035821006,0.17105018,0.0044130315,"TWOGAUSSIANS_WITH_ELLIPSOIDAL_ON_ECLIPSE1",9,11.939845,0.67161316,0.0030950727,0.31233758,0.03770011,0.5361479,0.02260312,0.17105018,0.0044130315,0.34772843,0.06309742,0.49361977,0.016983455
375316653866487564,5851791270335614080,0.5598611,2189.1812568443083,1.096240946984051,5.5011974E-6,17.134922,0.0019169601,0.20848201,0.0013249328,0.034209233,0.0016414422,0.10070517,0.00483628,0.7140326,0.011881762,0.032151204,0.009094565,0.09335662,0.07005947,0.030866014,0.00262458,0.20848201,0.0013249328,"TWOGAUSSIANS_WITH_ELLIPSOIDAL_ON_ECLIPSE1",9,3.1893098,0.20848201,0.0013249328,0.1915717,0.0091920765,0.1624372,0.0037368315,0.7140326,0.011881762,0.18004675,0.05092956,0.15501359,0.06974721
375316653866487564,5851791510883723392,0.59951293,2200.9108385792742,2.0434729215965763,4.4511094E-6,18.099037,0.003853333,0.30903414,0.0010879996,0.07327195,0.0024534368,0.42410213,0.009701303,0.80793303,0.0017378121,0.07809587,0.0024599698,0.2610179,0.0061981725,null,null,null,null,"TWOGAUSSIANS",8,2.574913,0.30903414,0.0010879996,0.4,0.0,0.4213594,0.010108953,0.80793303,0.0017378121,0.4,0.0,0.25827515,0.0061306045
375316653866487564,5851791717012881024,0.6315559,2215.3548067438346,0.23585295119771427,4.7531016E-6,17.060444,0.004817279,0.19944264,0.0012108678,0.024614915,0.0014634131,1.5700516,0.21466547,0.70100516,0.002405608,0.03247368,0.0057067615,0.11481452,0.024126597,0.027533166,0.006589221,0.19944264,0.0012108678,"TWOGAUSSIANS_WITH_ELLIPSOIDAL_ON_ECLIPSE1",9,8.9929905,0.19944264,0.0012108678,0.13784353,0.008195113,1.6251179,0.21482836,0.70100516,0.002405608,0.18185261,0.031957865,0.16987555,0.023631142
375316653866487564,5851791961854390016,0.46172768,2206.556055020277,3.7593318086041916,1.9151212E-5,18.85869,0.14084497,0.26995063,0.006715308,0.12049595,0.041472595,0.15901586,0.13037714,0.75997764,0.011157409,0.119789824,0.06915127,0.12152498,0.13599621,null,null,null,null,"TWOGAUSSIANS",8,2.2155566,0.26999062,0.0066788257,0.4,0.0,0.12987946,0.009426771,0.75997764,0.011157409,0.4,0.0,0.09240749,0.009573049
375316653866487564,5851792232408378240,0.43357706,2228.2676513799347,0.48866466007453563,1.9781728E-5,17.479115,0.0038448568,0.24447037,0.0051710545,0.018496027,0.0060886485,0.08506319,0.03427412,0.70363647,0.02102086,0.0919912,0.020087967,0.054818563,0.009229769,null,null,null,null,"TWOGAUSSIANS",8,5.8030553,0.24447037,0.0051710545,0.103577755,0.03409643,0.08506283,0.03427444,0.70363647,0.02102086,0.4,0.0,0.05481799,0.009230025
375316653866487564,5851792335494761984,0.46027258,2261.5395693234223,0.1990515633673415,5.172571E-5,17.769527,0.0046367855,0.44234613,0.021763602,0.024511276,0.023967272,0.078310885,0.04471681,0.7380561,0.0049301935,0.03596998,0.004266889,0.30797815,0.0387803,null,null,null,null,"TWOGAUSSIANS",8,20.253197,0.7380561,0.0049301935,0.20143189,0.023894576,0.30797815,0.0387803,0.44234613,0.021763602,0.13726315,0.13421673,0.078310885,0.04471681
375316653866487564,5851792369877105408,0.61658853,2239.530920650492,2.7809451341792775,3.3641427E-6,17.700668,0.0069705406,0.22949381,0.0012676562,0.08944217,0.0026517813,0.36204866,0.0071558915,0.7304913,0.0014427424,0.08774255,0.0021689762,0.39544576,0.00807698,null,null,null,null,"TWOGAUSSIANS",8,2.4871373,0.7304913,0.0014427424,0.4,0.0,0.38156006,0.0068638227,0.22949381,0.0012676562,0.4,0.0,0.34816292,0.0064376146
375316653866487564,5851792683456873472,0.56008846,2226.9332110441956,0.5156667814184742,1.9205563E-5,16.012373,0.006545512,0.28286916,0.014963948,0.036126275,0.005029556,0.88177043,0.36815158,0.7836652,9.3876006E-4,0.03690183,0.005167487,0.08152659,0.012647175,0.007403012,0.0075291162,0.7836652,9.3876006E-4,"TWOGAUSSIANS_WITH_ELLIPSOIDAL_ON_ECLIPSE2",9,11.418795,0.28286916,0.014954128,0.20230713,0.028165512,0.89657605,0.359353,0.7836652,9.3876006E-4,0.20665026,0.028937928,0.09633261,0.0035137113
375316653866487564,5851792717768844416,0.5088756,2242.775433792322,2.3472871741671004,1.2135933E-5,18.93708,0.01904938,0.14107594,0.006134997,0.08678371,0.0070717493,0.36292925,0.029388133,0.64673674,0.003951894,0.09238888,0.010165916,0.36529815,0.020205924,null,null,null,null,"TWOGAUSSIANS",8,6.3008957,0.64673674,0.003951894,0.4,0.0,0.35172877,0.021455375,0.14107594,0.006134997,0.4,0.0,0.34936014,0.02612016
375316653866487564,5851793095725995392,0.46641085,2268.027845344777,2.720672984451112,2.1018315E-5,19.714983,0.018819477,0.25611815,0.006605058,0.08621429,0.01261988,0.24354726,0.025279274,0.7571375,0.0052477173,0.07487944,0.008335485,0.26178053,0.023302305,null,null,null,null,"TWOGAUSSIANS",8,2.2486908,0.7571375,0.0052477173,0.4,0.0035279717,0.25779545,0.021467697,0.25611815,0.006605058,0.4,0.0,0.23956214,0.025383733
375316653866487564,5851793130085863296,0.61717206,2230.6259155349226,1.2409681023089838,3.8707117E-6,16.438549,0.005282442,0.20657569,9.440419E-4,0.053417377,0.0025795782,0.24183188,0.01238861,0.7084641,0.0068382677,0.057355724,0.009023457,0.052940905,0.014964398,0.05750896,0.007845832,0.20657569,9.440419E-4,"TWOGAUSSIANS_WITH_ELLIPSOIDAL_ON_ECLIPSE1",9,6.066269,0.20657569,9.440419E-4,0.2991373,0.014445638,0.35684207,0.0062493496,0.7084641,0.0064062104,0.32119206,0.050531358,0.16793488,0.007221742
375316653866487564,5851793130133520256,0.4724664,2236.0385222300993,0.6938709666840733,1.0446761E-5,13.432359,0.0018923946,0.32127485,0.0030955789,0.0318442,0.0034960818,0.06352456,0.00939893,0.6342304,0.06800197,0.15254736,0.07586667,0.0042227907,0.0023490298,null,null,null,null,"TWOGAUSSIANS",8,36.44806,0.32138485,0.0030713913,0.1783275,0.019578058,0.06400071,0.009404099,0.6342304,0.06800197,0.4,0.0,0.0041835434,0.0021959327
