Gaia/vari_eclipsing_binary/VariEclipsingBinary_383395-383669.csv
# %ECSV 1.0
# ---
# delimiter: ','
# meta: !!omap
# - RELEASE: Gaia DR3
# - TABLE: vari_eclipsing_binary
# - DESCRIPTION: >
#     This table describes the properties of the eclipsing binaries resulting from the variability analysis. 
# - CITATION: >
#     How to cite and acknowledge Gaia: 
#     https://gea.esac.esa.int/archive/documentation/credits.html 
# - KNOWN_ISSUES: >
#     Known issues: 
#     https://www.cosmos.esa.int/web/gaia-users/known-issues 
# - DOCUMENTATION: >
#     Tutorials and documentation: 
#     https://www.cosmos.esa.int/web/gaia-users/archive 
# datatype:
# - 
#   name: solution_id
#   datatype: int64
#   description: Solution Identifier
#   meta:
#     ucd: meta.version
# - 
#   name: source_id
#   datatype: int64
#   description: Unique source identifier
#   meta:
#     ucd: meta.id;meta.main
# - 
#   name: global_ranking
#   datatype: float32
#   description: Number between 0 (worst) and 1 (best)
#   meta:
#     ucd: stat.param
# - 
#   name: reference_time
#   datatype: float64
#   unit: d
#   description: Reference time used for the geometric model fit
#   meta:
#     ucd: time.epoch
# - 
#   name: frequency
#   datatype: float64
#   unit: d**-1
#   description: Frequency of geometric model of the eclipsing binary light curve
#   meta:
#     ucd: src.orbital
# - 
#   name: frequency_error
#   datatype: float32
#   unit: d**-1
#   description: "Uncertainty of \\texttt{frequency}"
#   meta:
#     ucd: stat.error
# - 
#   name: geom_model_reference_level
#   datatype: float32
#   unit: mag
#   description: Magnitude reference level of geometric model
#   meta:
#     ucd: phot.mag;em.opt
# - 
#   name: geom_model_reference_level_error
#   datatype: float32
#   unit: mag
#   description: "Uncertainty of \\texttt{geomModelReferenceLevel}"
#   meta:
#     ucd: stat.error;phot.mag;em.opt
# - 
#   name: geom_model_gaussian1_phase
#   datatype: float32
#   description: Phase of the Gaussian 1 component
#   meta:
#     ucd: time.phase
# - 
#   name: geom_model_gaussian1_phase_error
#   datatype: float32
#   description: "Uncertainty of \\texttt{geomModelGaussian1Phase}"
#   meta:
#     ucd: stat.error;time.phase
# - 
#   name: geom_model_gaussian1_sigma
#   datatype: float32
#   description: "Standard deviation [phase] of Gaussian 1 component"
#   meta:
#     ucd: stat.stdev
# - 
#   name: geom_model_gaussian1_sigma_error
#   datatype: float32
#   description: "Uncertainty of \\texttt{geomModelGaussian1Sigma}"
#   meta:
#     ucd: stat.error
# - 
#   name: geom_model_gaussian1_depth
#   datatype: float32
#   unit: mag
#   description: Magnitude depth of Gaussian 1 component
#   meta:
#     ucd: src.var.amplitude
# - 
#   name: geom_model_gaussian1_depth_error
#   datatype: float32
#   unit: mag
#   description: "Uncertainty of \\texttt{geomModelGaussian1Depth}"
#   meta:
#     ucd: stat.error;src.var.amplitude
# - 
#   name: geom_model_gaussian2_phase
#   datatype: float32
#   description: Phase of Gaussian 2 component
#   meta:
#     ucd: time.phase
# - 
#   name: geom_model_gaussian2_phase_error
#   datatype: float32
#   description: "Uncertainty of \\texttt{geomModelGaussian2Phase}"
#   meta:
#     ucd: stat.error;time.phase
# - 
#   name: geom_model_gaussian2_sigma
#   datatype: float32
[...]
#   datatype: float32
#   description: "Secondary eclipse: uncertainty of \\texttt{derivedSecondaryEclDuration}"
#   meta:
#     ucd: stat.error;time.duration
# - 
#   name: derived_secondary_ecl_depth
#   datatype: float32
#   unit: mag
#   description: "Secondary eclipse: depth"
#   meta:
#     ucd: src.var.amplitude
# - 
#   name: derived_secondary_ecl_depth_error
#   datatype: float32
#   unit: mag
#   description: "Secondary eclipse: uncertainty of \\texttt{derivedSecondaryEclDepth}"
#   meta:
#     ucd: stat.error;src.var.amplitude
solution_id,source_id,global_ranking,reference_time,frequency,frequency_error,geom_model_reference_level,geom_model_reference_level_error,geom_model_gaussian1_phase,geom_model_gaussian1_phase_error,geom_model_gaussian1_sigma,geom_model_gaussian1_sigma_error,geom_model_gaussian1_depth,geom_model_gaussian1_depth_error,geom_model_gaussian2_phase,geom_model_gaussian2_phase_error,geom_model_gaussian2_sigma,geom_model_gaussian2_sigma_error,geom_model_gaussian2_depth,geom_model_gaussian2_depth_error,geom_model_cosine_half_period_amplitude,geom_model_cosine_half_period_amplitude_error,geom_model_cosine_half_period_phase,geom_model_cosine_half_period_phase_error,model_type,num_model_parameters,reduced_chi2,derived_primary_ecl_phase,derived_primary_ecl_phase_error,derived_primary_ecl_duration,derived_primary_ecl_duration_error,derived_primary_ecl_depth,derived_primary_ecl_depth_error,derived_secondary_ecl_phase,derived_secondary_ecl_phase_error,derived_secondary_ecl_duration,derived_secondary_ecl_duration_error,derived_secondary_ecl_depth,derived_secondary_ecl_depth_error
[from data line 484]
375316653866487564,3373801612509467008,0.62752694,2291.5700371027624,0.8326334098568211,8.770717E-6,15.337643,0.011704645,0.34490117,0.015423725,0.08800613,0.013336476,0.21827325,0.02087646,0.82831204,0.0031880515,0.08211531,0.0054910053,0.32272467,0.013400726,null,null,null,null,"TWOGAUSSIANS",8,32.259018,0.82831204,0.0031880515,0.4,0.0,0.3174999,0.013126872,0.34490117,0.015423725,0.4,0.0,0.21304843,0.017640285
375316653866487564,3373804082114285568,0.46679825,2226.078487570047,1.817629025063038,3.0230382E-5,16.574614,0.09875748,0.16540907,0.009167873,0.12157968,0.07586931,0.10699213,0.0906232,0.65141517,0.012177437,0.11118834,0.045480397,0.1313684,0.084563166,null,null,null,null,"TWOGAUSSIANS",8,15.408631,0.65141517,0.012177437,0.4,0.0,0.11088346,0.016018437,0.16543907,0.008999422,0.4,0.0,0.0864692,0.010098878
375316653866487564,3373807311929808128,0.48150346,2272.601678857134,0.2724213859902922,3.4420005E-5,18.351742,0.028438756,0.1848704,0.017416447,0.048603106,0.034187175,0.3310954,0.35019636,0.6861491,0.013865962,0.11869673,0.040037807,0.09551388,0.026565863,null,null,null,null,"TWOGAUSSIANS",8,4.261816,0.1848704,0.017425386,0.2721774,0.14414813,0.328454,0.3605765,0.6861491,0.013865962,0.4,0.0,0.09284564,0.017895114
375316653866487564,3373810541745243136,0.59986806,2268.151192869734,2.719843093069473,5.4532734E-6,17.917732,0.0071247085,0.2939653,7.6071086E-4,0.078026645,0.0033434313,0.30805114,0.010705693,0.7942108,0.0027905991,0.076172926,0.0045078103,0.3049664,0.010813591,null,null,null,null,"TWOGAUSSIANS",8,2.1068907,0.2939653,7.6071086E-4,0.4,0.0,0.30487317,0.011256346,0.7942108,0.0027905991,0.4,0.0,0.30178842,0.010878551
375316653866487564,3373814561833169152,0.5020454,2243.7395569887913,1.0998340672670248,6.4889864E-5,19.048962,0.06067913,0.10821256,0.01762873,0.11376873,0.030419996,0.12463118,0.05876228,0.5236903,0.011092834,0.11712462,0.02559639,0.35237506,0.03147122,null,null,null,null,"TWOGAUSSIANS",8,1.5680431,0.5236903,0.011092834,0.4,0.0,0.33579767,0.04670038,0.110382564,0.014623704,0.4,0.0,0.10857044,0.023096604
375316653866487564,3373817860368108416,0.56186926,2226.6136931270194,1.677525604274114,1.5602469E-4,18.895851,0.0061063888,0.58373296,0.055621337,0.08742815,0.042604387,0.0274329,0.009378401,0.77577025,0.0053834463,0.03156442,0.0032822273,0.76322746,0.3296194,null,null,null,null,"TWOGAUSSIANS",8,1.8965436,0.77577025,0.0053834463,0.17676073,0.018380474,0.7656856,0.331251,0.58373296,0.055621337,0.4,0.11224267,0.027432902,0.009378295
375316653866487564,3373818586219880576,0.53285396,2235.5822997818277,0.9739675468681566,5.1083125E-6,16.739422,0.0034414644,0.7238293,0.0016588849,0.024564961,0.0019109289,0.18429114,0.010178607,null,null,null,null,null,null,0.0108275255,0.006205269,0.7238293,0.0016588849,"ONEGAUSSIAN_WITH_ELLIPSOIDAL",6,10.254915,0.7238293,0.0016588849,0.13756378,0.010701202,0.20594616,0.010079899,null,null,null,null,null,null
375316653866487564,3373823426647179264,0.59869576,2243.9873326462202,3.346613284336317,1.2801837E-5,19.61684,0.019555448,0.32101506,0.0012174291,0.07259447,0.004009995,0.5350814,0.01745748,0.80968994,0.01868636,0.07012575,0.012765044,0.5077003,0.17822354,null,null,null,null,"TWOGAUSSIANS",8,1.6598935,0.32101506,0.0012174291,0.4,0.0012467612,0.5333793,0.015276823,0.80968994,0.01868636,0.3927042,0.036765438,0.50599825,0.17775439
375316653866487564,3373826729477803136,0.52456397,2255.8861408954917,3.3654045029104855,2.7612867E-5,18.389257,0.009316688,0.24675561,0.0076963645,0.077416375,0.017451432,0.17043325,0.016315814,0.7486623,0.023649398,0.063091576,0.028122013,0.16819397,0.09212018,null,null,null,null,"TWOGAUSSIANS",8,4.142843,0.24675561,0.0076963645,0.4,0.0,0.16986197,0.017093008,0.7486623,0.023649398,0.35331282,0.15748328,0.16762269,0.09268179
375316653866487564,3373830371610392704,0.58733374,2222.207726797789,2.7764638279231004,1.1386636E-5,15.244015,0.0019617868,null,null,null,null,null,null,null,null,null,null,null,null,0.09924859,0.00210174,0.254861,0.0028379743,"ELLIPSOIDAL",4,34.175575,null,null,null,null,null,null,null,null,null,null,null,null
375316653866487564,3373830573469767424,0.46173343,2282.4695512225794,0.09657917117156778,4.8911425E-5,19.65379,0.014833505,0.31565812,0.009735553,0.11626405,0.009670717,0.25794291,0.015680814,0.77828765,0.0090704365,0.070824414,0.014532943,0.2709459,0.030713845,null,null,null,null,"TWOGAUSSIANS",8,1.7291216,0.77828765,0.0090704365,0.39661673,0.04495544,0.26283878,0.033696327,0.31565812,0.009735553,0.4,0.0,0.2497358,0.011802342
375316653866487564,3373835899229483648,0.5779396,2289.341529667588,3.8642180871535383,1.1738104E-5,19.147785,0.018129656,0.3469244,0.010845126,0.09039742,0.008737456,0.40996662,0.027277974,0.82744807,0.0064631086,0.07875275,0.008060045,0.4599187,0.05220668,null,null,null,null,"TWOGAUSSIANS",8,1.1047438,0.82744807,0.0064631086,0.4,0.0,0.45220044,0.055287495,0.3469244,0.010845126,0.4,0.0,0.40224802,0.023448933
375316653866487564,3373842461941625728,0.486337,2238.1520049029077,0.2773992828517622,2.9526447E-5,19.669712,0.11218833,0.27777636,0.00845306,0.17618072,0.062371686,0.27928576,0.10343476,0.7833599,0.011947802,0.06490756,0.056039967,0.11766615,0.039927933,null,null,null,null,"TWOGAUSSIANS",8,1.1474138,0.27777636,0.00845306,0.4,0.0,0.23493113,0.04236842,0.7838499,0.012606235,0.36348233,0.30613002,0.083306834,0.054121353
375316653866487564,3373842668098007296,0.4915706,2291.9382894299674,3.7177129913409432,1.0709867E-4,19.115414,0.022808874,0.27890962,0.03155346,0.06569797,0.034419723,0.1613998,0.05135218,0.7012424,0.113963194,0.11075792,0.07127118,0.17926851,0.09429074,null,null,null,null,"TWOGAUSSIANS",8,2.501786,0.7012424,0.113963194,0.4,0.0,0.17770131,0.09098009,0.27902964,0.027757365,0.36790863,0.19275044,0.15995787,0.046526678
375316653866487564,3373849608765227904,0.6287748,2246.514443424263,3.5251401104327833,2.3787045E-6,15.964351,0.015255818,0.31596467,0.004589669,0.042526364,0.009319872,0.38281712,0.03949658,0.810755,0.0022883608,0.042778924,0.003482921,0.5223244,0.04516454,0.14755376,0.025812633,0.31596467,0.004589669,"TWOGAUSSIANS_WITH_ELLIPSOIDAL_ON_ECLIPSE1",9,63.644535,0.811145,0.0019538682,0.23956198,0.019504357,0.81713945,0.040200904,0.31596467,0.004589669,0.23814763,0.052191284,0.67792445,0.023220414
375316653866487564,3373852533641236224,0.56609637,2251.864471007079,4.0433310183154125,3.636716E-5,16.382225,0.05534872,0.23996347,0.0085925795,0.122027814,0.02140034,0.18332495,0.052068315,0.71741176,0.005565558,0.14445215,0.029606847,0.16384135,0.053651802,null,null,null,null,"TWOGAUSSIANS",8,7.5179796,0.24080347,0.00799635,0.4,0.0,0.1341662,0.00909425,0.71741176,0.005565558,0.4,0.0,0.11385313,0.0058198227
375316653866487564,3373862218789688576,0.4814079,2261.4300974231037,0.44824909831690496,4.050822E-5,19.274643,0.009580294,0.37340382,0.016098876,0.05998952,0.016180648,0.19190757,0.03781268,0.763697,0.032712914,0.06396922,0.02767578,0.12947223,0.033339296,null,null,null,null,"TWOGAUSSIANS",8,2.1305673,0.37340382,0.016098876,0.3359413,0.09061163,0.19190583,0.037816476,0.763697,0.032712914,0.35822764,0.13448697,0.12947048,0.03334526
375316653866487564,3373865895282407296,0.59069747,2194.421054506071,0.32488942272296595,6.486688E-5,16.170876,0.0015153732,0.3463198,0.07330448,0.02178798,0.020015294,0.16683096,2.8562672,0.84271795,0.015410646,0.03417455,0.011119954,0.17644273,0.14735964,null,null,null,null,"TWOGAUSSIANS",8,1.5196906,0.84271795,0.015410646,0.19137749,0.062271748,0.17644273,0.14735964,0.3463198,0.07330448,0.12201269,0.11208565,0.16683096,2.8562672
375316653866487564,3373866032722161408,0.51162016,2193.621536878669,0.9123248256953383,9.8878256E-5,19.484941,0.016154403,0.18335631,0.028142747,0.060913447,0.019314406,0.08762013,0.02231414,0.5122125,0.009448395,0.07133797,0.011874196,0.58041745,0.05085121,null,null,null,null,"TWOGAUSSIANS",8,4.3085165,0.5122125,0.009448395,0.39949262,0.03091057,0.58041626,0.05085356,0.18339631,0.028247012,0.34111533,0.108160675,0.08763303,0.022252718
375316653866487564,3373868339121044736,0.50252163,2244.789478285856,2.0184416735134203,4.3237593E-5,17.182852,0.008932044,0.44762,0.06260716,0.082144275,0.03848055,0.09555613,0.027686816,0.79281723,0.008453306,0.06192883,0.007817772,0.12878616,0.010188135,null,null,null,null,"TWOGAUSSIANS",8,8.653677,0.79281723,0.008453306,0.34680143,0.043779526,0.12879314,0.010165253,0.44762,0.06260716,0.4,0.04359649,0.09554913,0.027802678
375316653866487564,3373869129395078656,0.56071454,2212.10607083245,3.549467347861643,2.7136773E-5,19.01174,0.0065528164,0.27144367,0.008108657,0.048902657,0.011116737,0.09749218,0.13985336,0.6305131,0.035344653,0.034002617,0.023926124,0.5153639,245.4507,null,null,null,null,"TWOGAUSSIANS",8,1.5335246,0.6305131,0.035344653,0.19041465,0.1339863,0.5153639,245.4507,0.27144367,0.008108657,0.27385488,0.06225372,0.09749218,0.13985336
375316653866487564,3373871362778476672,0.58594275,2230.3155754869563,2.3245873206750933,1.0860081E-5,10.901153,0.04009472,0.2635394,0.006892244,0.070348665,0.008037545,0.32412165,0.102092616,0.7784,0.006153949,0.056891926,0.012427288,0.3258223,0.09716209,0.051670786,0.059807822,0.7784,0.006153949,"TWOGAUSSIANS_WITH_ELLIPSOIDAL_ON_ECLIPSE2",9,1691.4153,0.7784,0.006153949,0.31859478,0.06959281,0.428881,0.06472758,0.2651794,0.005542779,0.39395252,0.04038558,0.42638084,0.037887547
375316653866487564,3373873115124646528,0.47341233,2269.666927345345,0.5598190972733962,4.906742E-5,15.436528,0.0047991835,0.40325433,0.2297315,0.05706572,0.07757607,0.094179235,0.09890337,0.7056827,0.10487043,0.12086461,0.062070567,0.13977887,0.070563614,null,null,null,null,"TWOGAUSSIANS",8,4.3696017,0.7056827,0.10487043,0.4,0.076097615,0.1396639,0.03428996,0.40801433,0.23576117,0.31956804,0.15580009,0.100472085,0.103687204
375316653866487564,3373874313418567040,0.6063335,2255.443405606126,0.551417607722052,5.881403E-6,13.834006,0.0010449785,0.25091806,0.0011019746,0.017538153,0.0016250033,0.11475469,0.012588074,null,null,null,null,null,null,0.021189151,0.0017631012,0.25091806,0.0011019746,"ONEGAUSSIAN_WITH_ELLIPSOIDAL",6,10.280804,0.25091806,0.0011019746,0.09821365,0.009100019,0.15713298,0.014515255,null,null,null,null,null,null
375316653866487564,3373875657745206016,0.41065848,2281.6643470965328,0.05738339011725174,6.13978E-5,16.085917,0.10128081,null,null,null,null,null,null,null,null,null,null,null,null,0.15138227,0.12361242,0.30343008,0.018682139,"ELLIPSOIDAL",4,834.1565,null,null,null,null,null,null,null,null,null,null,null,null
375316653866487564,3373880257653544192,0.57730013,2268.5268681620323,1.3949247475501274,3.1830252E-5,16.844492,0.0011152545,0.959238,0.012293288,0.02458824,0.026640013,0.0043230276,0.0015488878,0.6681336,1.0466451E-4,0.03449805,4.691676E-4,0.25533798,0.00404907,null,null,null,null,"TWOGAUSSIANS",8,1.2382916,0.6681336,1.0466451E-4,0.19318908,0.0026273385,0.25533798,0.00404907,0.959238,0.012293288,0.13769415,0.14918408,0.0043230276,0.0015488878
375316653866487564,3373880777342522880,0.58666813,2254.9656505613957,2.88043524568659,1.6383005E-5,15.462707,0.03053881,0.25416252,0.018152436,0.045369998,0.018371154,0.28290126,0.058886636,0.7630951,0.00956516,0.051610123,0.011121481,0.31113216,0.06419537,0.12263322,0.033556167,0.25416252,0.018152436,"TWOGAUSSIANS_WITH_ELLIPSOIDAL_ON_ECLIPSE1",9,11.268752,0.7630951,0.00956516,0.2890167,0.06228029,0.5556245,0.025078239,0.25416252,0.018152436,0.254072,0.102878466,0.5281654,0.036515556
375316653866487564,3373891669383320704,0.45742205,2331.652815077755,1.05207259076298,1.09253735E-4,18.092974,0.03761236,0.31622326,0.022409493,0.09517367,0.034334287,0.22524582,0.067597404,0.67672366,0.048492726,0.13554433,0.052288745,0.16307272,0.06454392,null,null,null,null,"TWOGAUSSIANS",8,2.1417408,0.32023326,0.018415438,0.4,0.0,0.22236599,0.07876517,0.67672366,0.048492726,0.4,0.0,0.15543087,0.060366556
375316653866487564,3373895414594617472,0.6579172,2266.760462194218,2.0831452717572563,6.1362343E-6,16.767826,0.012004534,0.2667461,0.004370278,0.048805177,0.0074403603,0.15595642,0.04780062,0.76645637,5.3697685E-4,0.04598884,0.0013940673,0.5589988,0.02590099,0.07390107,0.013508426,0.2667461,0.004370278,"TWOGAUSSIANS_WITH_ELLIPSOIDAL_ON_ECLIPSE1",9,7.9629674,0.7664664,5.2467105E-4,0.25753748,0.007806777,0.7067996,0.008344821,0.2667461,0.004370278,0.273309,0.041666016,0.30375773,0.03676536
375316653866487564,3373896303651837312,0.51505077,2239.8402242895945,0.19315296123426604,1.321699E-4,19.186665,0.0046971473,0.34700745,0.02048569,0.07931447,0.02443718,0.11633802,0.020145105,0.8052417,0.033150464,0.034831773,0.008660051,0.84053004,0.5830408,null,null,null,null,"TWOGAUSSIANS",8,1.0906129,0.8052417,0.033150464,0.19505793,0.048496287,0.8405252,0.5830431,0.34700745,0.02048569,0.4,0.0059913564,0.11633316,0.020163406
375316653866487564,3373897609321556992,0.50620496,2243.4130584645027,3.9698817385873264,1.8073859E-5,19.624016,0.023345107,0.245228,0.006411361,0.06788821,0.010645537,0.38943073,0.026484082,0.760135,0.00901366,0.0798495,0.006771269,0.39252988,0.027781336,null,null,null,null,"TWOGAUSSIANS",8,3.1069207,0.760135,0.00901366,0.4,0.0,0.39073488,0.026536876,0.245228,0.006411361,0.38017395,0.054504953,0.38763574,0.02614824
375316653866487564,3373899331604769152,0.5173452,2277.4106586987227,1.2406062514140364,3.5603083E-5,13.905812,0.009831636,0.329193,0.010901278,0.08414472,0.03661635,0.091604054,0.01740099,0.82011724,0.012195359,0.072334,0.026503412,0.030709848,0.009500415,null,null,null,null,"TWOGAUSSIANS",8,25.308043,0.329193,0.010901278,0.4,0.0,0.09105583,0.024176773,0.82011724,0.01222647,0.4,0.010986068,0.030161628,0.003995382
375316653866487564,3373903111177336576,0.52128595,2221.299780081487,0.5007062830137097,3.2627948E-5,14.094181,0.002201325,0.31919613,0.002264692,0.04738705,0.0019381865,0.14155136,0.007526151,0.8096988,0.012832601,0.053169128,0.014647042,0.08874603,0.011865764,null,null,null,null,"TWOGAUSSIANS",8,35.672405,0.31919613,0.002264692,0.26536748,0.010853845,0.14155076,0.00752619,0.8096988,0.012832601,0.2977471,0.082023434,0.08874545,0.011865407
375316653866487564,3373903695293404928,0.48837015,2231.052799302101,0.08942741411833154,3.8262067E-5,18.910496,0.0065980037,0.40879557,0.009038002,0.050801218,0.0085433135,0.14769877,0.023562333,0.84307426,0.0026317227,0.035359785,0.0062300987,0.53365207,0.31541756,null,null,null,null,"TWOGAUSSIANS",8,2.7353623,0.84307426,0.0026317227,0.1980148,0.034888554,0.53365207,0.31541756,0.40879557,0.009038002,0.28448683,0.04784256,0.14769877,0.023562333
375316653866487564,3373906787665979264,0.56378156,2265.2429282760686,2.9736621024009002,1.5251045E-5,18.442768,0.009080096,0.30205122,0.0023632743,0.06518197,0.009298891,0.37689242,0.1050442,0.80558896,0.00563971,0.077510625,0.010611864,0.2408456,0.034991443,null,null,null,null,"TWOGAUSSIANS",8,3.7440517,0.30205122,0.0023632743,0.36501902,0.052073788,0.3757332,0.10565674,0.80558896,0.00563971,0.4,0.0,0.2396864,0.035984006
375316653866487564,3373907367486550016,0.506244,2262.2561877319604,2.9541894960889703,4.4213157E-5,17.97887,0.37022713,0.36774087,0.015192356,0.13077228,0.09604732,0.20888324,0.35232142,0.8575915,0.018529791,0.13002785,0.08521217,0.19493352,0.33734432,null,null,null,null,"TWOGAUSSIANS",8,5.3229756,0.36791086,0.015308479,0.4,0.0,0.14956471,0.018033486,0.8575915,0.018529791,0.4,0.0,0.1356559,0.01528763
375316653866487564,3373907882882637952,0.5663789,2207.7309862816433,1.4460352761874107,2.2681495E-5,17.029045,0.0019289104,0.12750156,0.0032972288,0.03959203,0.008775794,0.32051456,0.03767618,null,null,null,null,null,null,null,null,null,null,"ONEGAUSSIAN",5,20.34556,0.12750156,0.0032972288,0.22171539,0.049144443,0.32051456,0.0,null,null,null,null,null,null
