Gaia/vari_eclipsing_binary/VariEclipsingBinary_665358-665376.csv
# %ECSV 1.0
# ---
# delimiter: ','
# meta: !!omap
# - RELEASE: Gaia DR3
# - TABLE: vari_eclipsing_binary
# - DESCRIPTION: >
#     This table describes the properties of the eclipsing binaries resulting from the variability analysis. 
# - CITATION: >
#     How to cite and acknowledge Gaia: 
#     https://gea.esac.esa.int/archive/documentation/credits.html 
# - KNOWN_ISSUES: >
#     Known issues: 
#     https://www.cosmos.esa.int/web/gaia-users/known-issues 
# - DOCUMENTATION: >
#     Tutorials and documentation: 
#     https://www.cosmos.esa.int/web/gaia-users/archive 
# datatype:
# - 
#   name: solution_id
#   datatype: int64
#   description: Solution Identifier
#   meta:
#     ucd: meta.version
# - 
#   name: source_id
#   datatype: int64
#   description: Unique source identifier
#   meta:
#     ucd: meta.id;meta.main
# - 
#   name: global_ranking
#   datatype: float32
#   description: Number between 0 (worst) and 1 (best)
#   meta:
#     ucd: stat.param
# - 
#   name: reference_time
#   datatype: float64
#   unit: d
#   description: Reference time used for the geometric model fit
#   meta:
#     ucd: time.epoch
# - 
#   name: frequency
#   datatype: float64
#   unit: d**-1
#   description: Frequency of geometric model of the eclipsing binary light curve
#   meta:
#     ucd: src.orbital
# - 
#   name: frequency_error
#   datatype: float32
#   unit: d**-1
#   description: "Uncertainty of \\texttt{frequency}"
#   meta:
#     ucd: stat.error
# - 
#   name: geom_model_reference_level
#   datatype: float32
#   unit: mag
#   description: Magnitude reference level of geometric model
#   meta:
#     ucd: phot.mag;em.opt
# - 
#   name: geom_model_reference_level_error
#   datatype: float32
#   unit: mag
#   description: "Uncertainty of \\texttt{geomModelReferenceLevel}"
#   meta:
#     ucd: stat.error;phot.mag;em.opt
# - 
#   name: geom_model_gaussian1_phase
#   datatype: float32
#   description: Phase of the Gaussian 1 component
#   meta:
#     ucd: time.phase
# - 
#   name: geom_model_gaussian1_phase_error
#   datatype: float32
#   description: "Uncertainty of \\texttt{geomModelGaussian1Phase}"
#   meta:
#     ucd: stat.error;time.phase
# - 
#   name: geom_model_gaussian1_sigma
#   datatype: float32
#   description: "Standard deviation [phase] of Gaussian 1 component"
#   meta:
#     ucd: stat.stdev
# - 
#   name: geom_model_gaussian1_sigma_error
#   datatype: float32
#   description: "Uncertainty of \\texttt{geomModelGaussian1Sigma}"
#   meta:
#     ucd: stat.error
# - 
#   name: geom_model_gaussian1_depth
#   datatype: float32
#   unit: mag
#   description: Magnitude depth of Gaussian 1 component
#   meta:
#     ucd: src.var.amplitude
# - 
#   name: geom_model_gaussian1_depth_error
#   datatype: float32
#   unit: mag
#   description: "Uncertainty of \\texttt{geomModelGaussian1Depth}"
#   meta:
#     ucd: stat.error;src.var.amplitude
# - 
#   name: geom_model_gaussian2_phase
#   datatype: float32
#   description: Phase of Gaussian 2 component
#   meta:
#     ucd: time.phase
# - 
#   name: geom_model_gaussian2_phase_error
#   datatype: float32
#   description: "Uncertainty of \\texttt{geomModelGaussian2Phase}"
#   meta:
#     ucd: stat.error;time.phase
# - 
#   name: geom_model_gaussian2_sigma
#   datatype: float32
[...]
#   datatype: float32
#   description: "Secondary eclipse: uncertainty of \\texttt{derivedSecondaryEclDuration}"
#   meta:
#     ucd: stat.error;time.duration
# - 
#   name: derived_secondary_ecl_depth
#   datatype: float32
#   unit: mag
#   description: "Secondary eclipse: depth"
#   meta:
#     ucd: src.var.amplitude
# - 
#   name: derived_secondary_ecl_depth_error
#   datatype: float32
#   unit: mag
#   description: "Secondary eclipse: uncertainty of \\texttt{derivedSecondaryEclDepth}"
#   meta:
#     ucd: stat.error;src.var.amplitude
solution_id,source_id,global_ranking,reference_time,frequency,frequency_error,geom_model_reference_level,geom_model_reference_level_error,geom_model_gaussian1_phase,geom_model_gaussian1_phase_error,geom_model_gaussian1_sigma,geom_model_gaussian1_sigma_error,geom_model_gaussian1_depth,geom_model_gaussian1_depth_error,geom_model_gaussian2_phase,geom_model_gaussian2_phase_error,geom_model_gaussian2_sigma,geom_model_gaussian2_sigma_error,geom_model_gaussian2_depth,geom_model_gaussian2_depth_error,geom_model_cosine_half_period_amplitude,geom_model_cosine_half_period_amplitude_error,geom_model_cosine_half_period_phase,geom_model_cosine_half_period_phase_error,model_type,num_model_parameters,reduced_chi2,derived_primary_ecl_phase,derived_primary_ecl_phase_error,derived_primary_ecl_duration,derived_primary_ecl_duration_error,derived_primary_ecl_depth,derived_primary_ecl_depth_error,derived_secondary_ecl_phase,derived_secondary_ecl_phase_error,derived_secondary_ecl_duration,derived_secondary_ecl_duration_error,derived_secondary_ecl_depth,derived_secondary_ecl_depth_error
375316653866487564,5852551002877258624,0.5034142,2258.56209882251,0.8567163216696664,9.975648E-6,17.388016,0.0013346183,0.21312997,0.0032800804,0.012858127,0.0073474324,0.040776256,203.61281,0.55491185,0.0022411852,0.027594075,0.0025206613,0.18230292,0.017512452,null,null,null,null,"TWOGAUSSIANS",8,4.381851,0.55491185,0.0022411852,0.15452681,0.014115703,0.18230292,0.017512452,0.21312997,0.0032800804,0.07200551,0.041145623,0.040776256,203.61281
375316653866487564,5852551037236425728,0.5319981,2229.748857233713,0.03984890574283563,9.996207E-7,16.572834,0.0012380227,0.1311249,0.004749182,0.009072692,0.003883556,0.02133431,0.0037151636,0.8222427,2.195394E-6,9.3441794E-4,3.5512453E-6,0.38854,0.001495004,null,null,null,null,"TWOGAUSSIANS",8,7.830722,0.8222427,2.195394E-6,0.00523274,1.9886973E-5,0.38854,0.001495004,0.1311249,0.004749182,0.050807077,0.021747913,0.02133431,0.0037151636
375316653866487564,5852551105934543488,0.4947,2247.5770624690385,4.17017313977726,1.8051098E-5,19.382383,0.03219397,0.26004633,0.004032523,0.10005436,0.01246679,0.31879568,0.028821504,0.75378704,0.0046677245,0.09826552,0.011561209,0.27887326,0.03333462,null,null,null,null,"TWOGAUSSIANS",8,2.7750514,0.26004633,0.004032523,0.4,0.0,0.2958586,0.013189203,0.75378704,0.0046677245,0.4,0.0,0.25593728,0.022815999
375316653866487564,5852551209013719680,0.46161377,2250.419358650028,1.2852111775518344,5.050152E-5,18.37203,0.003654859,0.26285255,0.007617417,0.009323054,0.009208944,0.07363919,3.762858,0.7682197,0.0039798627,0.033290744,0.008229813,0.28033993,0.13946855,0.014560423,0.0045369994,0.26285255,0.007617417,"TWOGAUSSIANS_WITH_ELLIPSOIDAL_ON_ECLIPSE1",9,8.146383,0.7682197,0.0039798627,0.18642817,0.046086952,0.30942762,0.14131391,0.26285255,0.007617417,0.052209105,0.051570084,0.10276001,3.7626586
375316653866487564,5852551616992919040,0.49458113,2254.2855662855272,1.004590089197193,9.474251E-6,17.829216,0.00434795,0.32698452,0.0011008861,0.026600346,0.0018925427,0.37477565,0.023118684,0.6378395,0.03427839,0.017737508,0.045897525,0.04195346,0.72269756,null,null,null,null,"TWOGAUSSIANS",8,11.312689,0.32698452,0.0011008861,0.14896193,0.0105982395,0.37477565,0.023118684,0.6378395,0.03427839,0.099330045,0.25702614,0.04195346,0.72269756
375316653866487564,5852551788787535744,0.48927975,2240.2261014926407,0.5941897656185198,1.1448984E-5,18.39368,0.0038226985,0.28798833,0.0043270467,0.034558367,0.004410011,0.32197848,0.03226011,null,null,null,null,null,null,null,null,null,null,"ONEGAUSSIAN",5,11.336237,0.28798833,0.0043270467,0.19352685,0.024696063,0.32197848,0.0,null,null,null,null,null,null
375316653866487564,5852552033668884480,0.6193831,2241.388188181644,0.14142034314196622,5.539233E-6,15.68774,3.855776E-4,0.2603487,0.0012348101,0.0070770183,0.0011788856,0.22223248,0.08386209,0.7969543,8.375678E-4,0.007921092,6.804706E-4,0.11779609,0.0086244065,null,null,null,null,"TWOGAUSSIANS",8,2.2619655,0.2603487,0.0012348101,0.039631303,0.0066017597,0.22223248,0.08386209,0.7969543,8.375678E-4,0.044358116,0.0038106353,0.11779609,0.0086244065
375316653866487564,5852552068007348736,0.48835725,2263.1046607591984,1.7285404433003975,9.958931E-6,17.836515,0.0114281215,0.23259504,0.0077492683,0.09975996,0.013060909,0.09281853,0.011718186,0.7481874,0.005104796,0.10786159,0.016586613,0.089076474,0.009444235,null,null,null,null,"TWOGAUSSIANS",8,2.254449,0.23258504,0.0077478,0.4,0.0,0.084509894,0.0060162283,0.7481874,0.0051074633,0.4,0.0,0.080763996,0.004860988
375316653866487564,5852552205467614592,0.6060469,2254.1523081576775,3.004484446120394,4.9129017E-6,15.8640995,0.0054910625,0.2825191,0.0023202864,0.04944288,0.005877261,0.08273078,0.011467061,0.78438985,0.0033379092,0.05456693,0.0048033386,0.12248613,0.012387566,0.044284623,0.006697182,0.2825191,0.0023202864,"TWOGAUSSIANS_WITH_ELLIPSOIDAL_ON_ECLIPSE1",9,10.410991,0.78438985,0.0033053693,0.3055748,0.026898697,0.21104,0.0051343525,0.2825191,0.0023202864,0.27688015,0.03291266,0.1712969,0.0030375982
375316653866487564,5852552583405629312,0.55758554,2240.8024467969008,3.0093697171098373,5.711042E-6,19.278278,0.0076401834,0.27601913,0.0026190723,0.071608506,0.004103444,0.49345297,0.026493985,0.7766044,0.0017599742,0.08017821,0.002990291,0.40107855,0.008727132,null,null,null,null,"TWOGAUSSIANS",8,2.0328288,0.27601913,0.0026190723,0.4,0.009572655,0.48961848,0.02732179,0.7766044,0.0017599742,0.4,0.0,0.3972441,0.008263485
375316653866487564,5852552720842815232,0.47940525,2252.230280555776,1.464023996021107,8.129276E-6,17.254738,0.0019579201,0.23782921,0.0026446227,0.044298567,0.005109959,0.044096332,0.0051354025,0.7438372,0.014022733,0.03419907,0.00870287,0.040386003,0.00970068,0.037841268,0.0027452405,0.23782921,0.0026446227,"TWOGAUSSIANS_WITH_ELLIPSOIDAL_ON_ECLIPSE1",9,5.117805,0.23782921,0.0026446227,0.24807198,0.028615769,0.11977878,0.003653051,0.7438372,0.0135701485,0.1915148,0.048736077,0.11596066,0.008845571
375316653866487564,5852552961382006400,0.55015546,2263.3810222856237,1.2054476055698173,1.6517002E-5,17.961184,0.0016463434,0.30991784,0.0063270945,0.042493314,0.006139309,0.24779223,0.023759974,0.8111973,0.0053167585,0.03680292,0.004368358,0.0656932,0.0042316606,null,null,null,null,"TWOGAUSSIANS",8,1.8198657,0.30991784,0.0063270945,0.23796256,0.034380134,0.24779223,0.023759978,0.8111973,0.0053167585,0.20609635,0.024462804,0.0656932,0.0042316606
375316653866487564,5852553025736816256,0.47544962,2263.14414092417,0.8848675043324038,5.2072246E-6,16.832575,0.0033778036,0.10801008,0.013722645,0.016332364,0.0029879091,0.09862099,0.05847676,0.60738534,1.6232871E-4,0.020744665,8.5293315E-4,0.25614333,0.0029997677,null,null,null,null,"TWOGAUSSIANS",8,38.00701,0.60738534,1.6232871E-4,0.11617012,0.0047764257,0.25614333,0.0029997677,0.10801008,0.013722645,0.091461234,0.01673229,0.09862099,0.05847676
375316653866487564,5852553304979285504,0.54018694,2242.3969236483113,0.368750631978136,1.8062898E-5,13.031236,4.472181E-4,0.5846311,0.0027907907,0.017027766,0.0016482408,0.31704235,0.0599691,null,null,null,null,null,null,null,null,null,null,"ONEGAUSSIAN",5,116.1194,0.5846311,0.0027907907,0.09535549,0.009230149,0.31704235,0.0,null,null,null,null,null,null
375316653866487564,5852553304979286144,0.511858,2246.6827542964816,1.0831015018071843,7.2804196E-6,17.505669,0.010190842,0.24281333,0.0062068016,0.09785504,0.008336711,0.21189374,0.010849749,0.72716326,0.0024217837,0.084051274,0.0028810296,0.45367628,0.012035545,null,null,null,null,"TWOGAUSSIANS",8,20.00129,0.72716326,0.0024217837,0.4,0.0,0.4430253,0.010120295,0.24281333,0.0062068016,0.4,0.0,0.20124157,0.0091728605
375316653866487564,5852553369365775104,0.542763,2237.7006279827992,2.7186521521704745,5.7622765E-6,19.062197,0.011345424,0.23210947,0.0039550574,0.08286004,0.0056480733,0.37354797,0.015490896,0.7276945,0.0023657742,0.0810724,0.0036934514,0.3918948,0.014608479,null,null,null,null,"TWOGAUSSIANS",8,3.035953,0.7276945,0.0023657742,0.4,0.0,0.3851691,0.013565827,0.23210947,0.0039550574,0.4,0.0,0.36682227,0.014774353
375316653866487564,5852553575495019776,0.47811615,2241.944763570784,0.8243595316107957,1.5144561E-5,17.247171,0.005250214,0.2070525,0.012800346,0.029150803,0.011233175,0.26949188,0.024647182,0.74268556,0.0070748474,0.011617976,0.0064451406,0.098133065,0.030118978,0.029601483,0.010039305,0.2070525,0.012800346,"TWOGAUSSIANS_WITH_ELLIPSOIDAL_ON_ECLIPSE1",9,40.067757,0.2070525,0.012800346,0.1632445,0.06290578,0.32869482,0.02089806,0.74268556,0.0070748474,0.06506067,0.036092784,0.15441763,0.027941225
375316653866487564,5852553992174182144,0.63862455,2257.315761689088,1.168515851035897,2.8389725E-6,17.754217,0.0018265229,0.2660366,6.6292734E-4,0.035817657,6.509197E-4,0.91204655,0.02146003,0.76794696,0.0016402241,0.03547058,0.0021578677,0.13347857,0.008705468,null,null,null,null,"TWOGAUSSIANS",8,3.8599846,0.2660366,6.6292734E-4,0.20057888,0.00364515,0.91204655,0.02146003,0.76794696,0.0016402241,0.19863524,0.0120840585,0.13347857,0.008705468
375316653866487564,5852554541930036864,0.45126024,2249.2270022666207,2.6633759821483034,2.0418216E-5,15.567227,0.0028036756,0.16022216,0.0036088629,0.03423395,0.005816455,0.06692366,0.0070065185,0.6702174,0.0059779957,0.04480524,0.005206258,0.10328547,0.0056088204,null,null,null,null,"TWOGAUSSIANS",8,53.422596,0.6702174,0.0059779957,0.25090936,0.029155044,0.10328547,0.0056088204,0.16022216,0.0036088629,0.19171013,0.032572147,0.06692366,0.0070065185
375316653866487564,5852554610649542912,0.48143032,2237.75149031107,1.0541338211237665,1.08875965E-5,17.836878,0.0016487259,0.32797033,0.0030090648,0.016035067,0.00408899,0.07180908,0.013653825,0.8266833,0.0012272813,0.021254912,9.630507E-4,0.09353311,0.0031646711,null,null,null,null,"TWOGAUSSIANS",8,2.549918,0.8266833,0.0012272813,0.11902751,0.0053930837,0.09353311,0.0031646711,0.32797033,0.0030090648,0.08979637,0.022898344,0.07180908,0.013653825
375316653866487564,5852555022966452736,0.50855213,2248.6214817058335,0.4181537498127332,1.5792037E-5,14.863897,0.0023757103,0.21089572,0.0018812093,0.021993933,0.001785598,0.2170884,0.019865774,0.7159796,0.0069606435,0.028442575,0.005652643,0.07445156,0.015657006,0.0025726177,0.003953228,0.21089572,0.0018812093,"TWOGAUSSIANS_WITH_ELLIPSOIDAL_ON_ECLIPSE1",9,135.48639,0.21089572,0.0018812093,0.12316603,0.009999349,0.22223364,0.020147169,0.7159796,0.0069606435,0.15927842,0.0316548,0.07959154,0.01573763
375316653866487564,5852555190402864384,0.44384918,2250.3584585164854,0.34635780509049996,3.8888542E-5,17.595297,0.0054321527,0.13333344,0.004927502,0.018834755,0.013001589,0.28828362,268.79333,0.627133,0.009066556,0.019604715,0.0061258734,0.2108914,0.029725358,null,null,null,null,"TWOGAUSSIANS",8,19.420527,0.13333344,0.004927502,0.10547463,0.0728089,0.28828362,268.79333,0.627133,0.009066556,0.1097864,0.03430489,0.2108914,0.029725358
375316653866487564,5852555465305281024,0.49810436,2271.6420416817964,3.2465046450635775,1.4986405E-5,18.568619,0.012117507,0.26683962,0.006251726,0.08672735,0.0136591345,0.18435529,0.020399533,0.7554494,0.0034885514,0.08972205,0.006449573,0.23133135,0.012271246,null,null,null,null,"TWOGAUSSIANS",8,5.499672,0.7554494,0.0034885514,0.4,0.0,0.2251297,0.009155709,0.26683962,0.006251726,0.4,0.0,0.17815371,0.023034912
375316653866487564,5852555675801321216,0.58263034,2257.1088241091993,2.9688005487134728,3.448572E-6,14.759655,0.008919615,0.20766118,0.0019977544,0.09699124,0.00531739,0.23935027,0.007396617,0.69872445,0.0015519445,0.09806948,0.0048492774,0.22433242,0.0075559453,null,null,null,null,"TWOGAUSSIANS",8,44.176937,0.20766118,0.0019977544,0.4,0.0,0.22394773,0.0065600607,0.69872445,0.0015519445,0.4,0.0,0.20892966,0.0042014904
375316653866487564,5852555744520827392,0.547213,2263.8014011161627,0.8590665189243634,6.2769714E-6,17.857454,0.00530264,0.3151508,0.0023333887,0.08254899,0.004869322,0.13852693,0.0052769883,0.830706,0.0034370266,0.0910228,0.006841589,0.08370002,0.006123557,null,null,null,null,"TWOGAUSSIANS",8,2.009275,0.3151508,0.0023333887,0.4,0.0,0.1359622,0.0045920177,0.830706,0.0034370266,0.4,0.0,0.081135236,0.0056028226
375316653866487564,5852555808876805120,0.5216834,2246.2458779950525,1.3547119006445223,9.5901005E-6,18.127174,0.0037029998,0.33391896,0.003314883,0.036490582,0.0030622536,0.10021012,0.009255287,0.831662,0.0034391098,0.025723698,0.0023579518,0.32195023,0.023644825,null,null,null,null,"TWOGAUSSIANS",8,4.2007055,0.831662,0.0034391098,0.1440527,0.013204531,0.32195023,0.023644825,0.33391896,0.003314883,0.20434725,0.017148621,0.10021012,0.009255287
375316653866487564,5852555813219504000,0.4909608,2226.9354469815435,2.411672425541643,1.0886186E-5,17.903725,0.0018747236,0.33554617,0.0014662234,0.0068918895,0.0011121541,0.18162763,0.046453036,0.83194774,0.0033186711,0.012293353,0.0021047376,0.2648802,0.12593986,null,null,null,null,"TWOGAUSSIANS",8,2.4720876,0.83194774,0.0033186711,0.068842776,0.011786531,0.2648802,0.12593986,0.33554617,0.0014662234,0.03859458,0.006228063,0.18162763,0.046453036
375316653866487564,5852555950658549760,0.545133,2219.778773239664,2.7548091423801724,5.8002925E-6,19.089367,0.00838888,0.25318232,0.0016319841,0.06456158,0.0027549213,0.56780964,0.024122875,0.7577273,0.00397189,0.07312981,0.0056231604,0.40761212,0.028743736,null,null,null,null,"TWOGAUSSIANS",8,3.8983996,0.25318232,0.0016319841,0.36154488,0.015427559,0.5666579,0.024319764,0.7577273,0.00397189,0.4,0.008579451,0.40646037,0.029048335
375316653866487564,5852556118114468480,0.49839562,2237.1832963824895,2.846733503397663,1.9739839E-5,18.21552,0.040471967,0.23809409,0.006386574,0.105657406,0.018931536,0.19350597,0.040662203,0.74702543,0.004010793,0.11405714,0.01917319,0.1969386,0.037839413,null,null,null,null,"TWOGAUSSIANS",8,3.9604912,0.74703544,0.004025881,0.4,0.0,0.17026038,0.009048042,0.2380741,0.006366386,0.4,0.0,0.16684997,0.009848132
375316653866487564,5852556225537985920,0.51909554,2256.4399493191886,2.6045393564549553,9.253963E-6,19.786274,0.010001613,0.23422734,0.005295578,0.07856666,0.004856166,0.47988263,0.017827952,0.73529255,0.004267418,0.08158479,0.005474731,0.41909996,0.022130284,null,null,null,null,"TWOGAUSSIANS",8,1.9204618,0.23422734,0.005295578,0.4,0.0,0.4731785,0.017075218,0.73529255,0.004267418,0.4,0.0,0.4123958,0.023258537
375316653866487564,5852556362996094976,0.6263587,2255.297724374113,2.0235473824403454,3.1811153E-6,16.568516,0.0043927142,0.28395018,8.454712E-4,0.050909027,0.0046850895,0.09300823,0.009574937,0.7846874,0.0035713809,0.05337055,0.0034850957,0.12011766,0.0106016705,0.11097865,0.0053195246,0.28395018,8.454712E-4,"TWOGAUSSIANS_WITH_ELLIPSOIDAL_ON_ECLIPSE1",9,5.3966827,0.7846874,0.003019729,0.2988751,0.019516535,0.3420674,0.0045624846,0.28395018,8.454712E-4,0.28509057,0.0262365,0.31496274,0.006268304
375316653866487564,5852556500435108608,0.62544197,2251.0467253862994,2.266030438219349,3.62685E-6,16.129179,0.007119852,0.23568952,0.0015906141,0.048452877,0.002896073,0.24329822,0.014173739,0.7289369,0.0019121229,0.054105334,0.0037497566,0.2199217,0.023168245,0.12301943,0.009023341,0.7289369,0.0019121229,"TWOGAUSSIANS_WITH_ELLIPSOIDAL_ON_ECLIPSE2",9,22.630175,0.23461951,0.0011731671,0.2713361,0.016218008,0.48895895,0.0066847494,0.7289369,0.0019121229,0.30298987,0.020998636,0.46595526,0.010796583
375316653866487564,5852556637874080256,0.53396624,2245.5117260911506,2.1468794823295827,8.560983E-6,17.95288,0.011618761,0.28534344,0.003034425,0.06586929,0.02327413,0.03629146,0.02539265,0.78637516,0.016383894,0.04414571,0.028135002,0.047634766,0.021544037,0.07314913,0.01278082,0.28534344,0.003034425,"TWOGAUSSIANS_WITH_ELLIPSOIDAL_ON_ECLIPSE1",9,4.687827,0.78637516,0.011565274,0.24721599,0.15755601,0.19389993,0.009708052,0.28534344,0.003034425,0.368868,0.094549336,0.18256277,0.00976362
375316653866487564,5852556637874092288,0.5406544,2278.4546771390924,0.03671931365528625,1.1416176E-5,17.464014,0.003481795,0.49800628,0.015428967,0.06382343,0.016497487,0.05630409,0.019654792,0.7556993,0.003923504,0.0057344916,0.0032269086,0.8181222,0.76878166,0.010753703,0.0047113756,0.7556993,0.003923504,"TWOGAUSSIANS_WITH_ELLIPSOIDAL_ON_ECLIPSE2",9,17.017368,0.7556993,0.003923504,0.032113153,0.018070688,0.8396458,0.77055144,0.49692628,0.017198075,0.3574112,0.08326174,0.056361232,0.01978868
375316653866487564,5852556672233860864,0.50071037,2251.341595630025,0.6262546223114633,1.5255606E-5,17.593777,0.0018816479,0.27448136,0.002570402,0.03372239,0.010518422,0.039548527,0.008246727,null,null,null,null,null,null,0.024434464,0.0022641644,0.27448136,0.002570402,"ONEGAUSSIAN_WITH_ELLIPSOIDAL",6,2.2274518,0.27448136,0.002570402,0.18884538,0.058903165,0.08841745,0.00950191,null,null,null,null,null,null
