Gaia/vari_eclipsing_binary/VariEclipsingBinary_365698-366387.csv
# %ECSV 1.0
# ---
# delimiter: ','
# meta: !!omap
# - RELEASE: Gaia DR3
# - TABLE: vari_eclipsing_binary
# - DESCRIPTION: >
#     This table describes the properties of the eclipsing binaries resulting from the variability analysis. 
# - CITATION: >
#     How to cite and acknowledge Gaia: 
#     https://gea.esac.esa.int/archive/documentation/credits.html 
# - KNOWN_ISSUES: >
#     Known issues: 
#     https://www.cosmos.esa.int/web/gaia-users/known-issues 
# - DOCUMENTATION: >
#     Tutorials and documentation: 
#     https://www.cosmos.esa.int/web/gaia-users/archive 
# datatype:
# - 
#   name: solution_id
#   datatype: int64
#   description: Solution Identifier
#   meta:
#     ucd: meta.version
# - 
#   name: source_id
#   datatype: int64
#   description: Unique source identifier
#   meta:
#     ucd: meta.id;meta.main
# - 
#   name: global_ranking
#   datatype: float32
#   description: Number between 0 (worst) and 1 (best)
#   meta:
#     ucd: stat.param
# - 
#   name: reference_time
#   datatype: float64
#   unit: d
#   description: Reference time used for the geometric model fit
#   meta:
#     ucd: time.epoch
# - 
#   name: frequency
#   datatype: float64
#   unit: d**-1
#   description: Frequency of geometric model of the eclipsing binary light curve
#   meta:
#     ucd: src.orbital
# - 
#   name: frequency_error
#   datatype: float32
#   unit: d**-1
#   description: "Uncertainty of \\texttt{frequency}"
#   meta:
#     ucd: stat.error
# - 
#   name: geom_model_reference_level
#   datatype: float32
#   unit: mag
#   description: Magnitude reference level of geometric model
#   meta:
#     ucd: phot.mag;em.opt
# - 
#   name: geom_model_reference_level_error
#   datatype: float32
#   unit: mag
#   description: "Uncertainty of \\texttt{geomModelReferenceLevel}"
#   meta:
#     ucd: stat.error;phot.mag;em.opt
# - 
#   name: geom_model_gaussian1_phase
#   datatype: float32
#   description: Phase of the Gaussian 1 component
#   meta:
#     ucd: time.phase
# - 
#   name: geom_model_gaussian1_phase_error
#   datatype: float32
#   description: "Uncertainty of \\texttt{geomModelGaussian1Phase}"
#   meta:
#     ucd: stat.error;time.phase
# - 
#   name: geom_model_gaussian1_sigma
#   datatype: float32
#   description: "Standard deviation [phase] of Gaussian 1 component"
#   meta:
#     ucd: stat.stdev
# - 
#   name: geom_model_gaussian1_sigma_error
#   datatype: float32
#   description: "Uncertainty of \\texttt{geomModelGaussian1Sigma}"
#   meta:
#     ucd: stat.error
# - 
#   name: geom_model_gaussian1_depth
#   datatype: float32
#   unit: mag
#   description: Magnitude depth of Gaussian 1 component
#   meta:
#     ucd: src.var.amplitude
# - 
#   name: geom_model_gaussian1_depth_error
#   datatype: float32
#   unit: mag
#   description: "Uncertainty of \\texttt{geomModelGaussian1Depth}"
#   meta:
#     ucd: stat.error;src.var.amplitude
# - 
#   name: geom_model_gaussian2_phase
#   datatype: float32
#   description: Phase of Gaussian 2 component
#   meta:
#     ucd: time.phase
# - 
#   name: geom_model_gaussian2_phase_error
#   datatype: float32
#   description: "Uncertainty of \\texttt{geomModelGaussian2Phase}"
#   meta:
#     ucd: stat.error;time.phase
# - 
#   name: geom_model_gaussian2_sigma
#   datatype: float32
[...]
#   datatype: float32
#   description: "Secondary eclipse: uncertainty of \\texttt{derivedSecondaryEclDuration}"
#   meta:
#     ucd: stat.error;time.duration
# - 
#   name: derived_secondary_ecl_depth
#   datatype: float32
#   unit: mag
#   description: "Secondary eclipse: depth"
#   meta:
#     ucd: src.var.amplitude
# - 
#   name: derived_secondary_ecl_depth_error
#   datatype: float32
#   unit: mag
#   description: "Secondary eclipse: uncertainty of \\texttt{derivedSecondaryEclDepth}"
#   meta:
#     ucd: stat.error;src.var.amplitude
solution_id,source_id,global_ranking,reference_time,frequency,frequency_error,geom_model_reference_level,geom_model_reference_level_error,geom_model_gaussian1_phase,geom_model_gaussian1_phase_error,geom_model_gaussian1_sigma,geom_model_gaussian1_sigma_error,geom_model_gaussian1_depth,geom_model_gaussian1_depth_error,geom_model_gaussian2_phase,geom_model_gaussian2_phase_error,geom_model_gaussian2_sigma,geom_model_gaussian2_sigma_error,geom_model_gaussian2_depth,geom_model_gaussian2_depth_error,geom_model_cosine_half_period_amplitude,geom_model_cosine_half_period_amplitude_error,geom_model_cosine_half_period_phase,geom_model_cosine_half_period_phase_error,model_type,num_model_parameters,reduced_chi2,derived_primary_ecl_phase,derived_primary_ecl_phase_error,derived_primary_ecl_duration,derived_primary_ecl_duration_error,derived_primary_ecl_depth,derived_primary_ecl_depth_error,derived_secondary_ecl_phase,derived_secondary_ecl_phase_error,derived_secondary_ecl_duration,derived_secondary_ecl_duration_error,derived_secondary_ecl_depth,derived_secondary_ecl_depth_error
[from data line 72]
375316653866487564,3217367526217737856,0.44501543,2353.011841422736,3.87004224713616,5.5064516E-5,17.994232,0.03263878,0.23169564,0.015831161,0.1084887,0.028061373,0.12520044,0.035673458,0.69516057,0.016868731,0.093336515,0.028823858,0.1251261,0.034878552,null,null,null,null,"TWOGAUSSIANS",8,12.246295,0.23169564,0.01581271,0.4,0.0,0.117914915,0.021372445,0.69516057,0.016868731,0.4,0.0,0.11785427,0.011139565
375316653866487564,3217387459161753856,0.55478525,2324.4662165475,3.652264567338156,1.2127325E-5,15.168627,0.0038390588,0.25463256,0.0021871969,0.048128158,0.0072061243,0.045574393,0.009165774,0.74986416,0.004647541,0.052603602,0.007156669,0.051501125,0.009782559,0.028172694,0.0060987817,0.25463256,0.0021871969,"TWOGAUSSIANS_WITH_ELLIPSOIDAL_ON_ECLIPSE1",9,11.554573,0.75078416,0.003728498,0.29458016,0.040077347,0.107804924,0.005074588,0.25463256,0.0021871969,0.2695177,0.040354297,0.10191901,0.0039325794
375316653866487564,3217399171536567936,0.5230978,2358.2223632013665,3.3917459165043504,1.24262515E-5,18.246643,0.010382377,0.28427765,0.0048074536,0.080850974,0.007855725,0.25140524,0.010678912,0.79228646,0.0048355334,0.07953219,0.009612746,0.22367013,0.009735078,null,null,null,null,"TWOGAUSSIANS",8,5.0345697,0.28427765,0.0048074536,0.4,0.0,0.24826065,0.009079839,0.79228646,0.0048355334,0.4,0.0,0.22052553,0.009702885
375316653866487564,3217405394944931200,0.59267914,2406.47331129835,1.0268853908668034,1.4587622E-6,16.15671,0.0033266777,0.3881877,5.9582966E-5,0.019549841,1.2760975E-4,1.4561602,0.0037302873,null,null,null,null,null,null,null,null,null,null,"ONEGAUSSIAN",5,59.229805,0.3881877,5.9582966E-5,0.109479114,7.146146E-4,1.4561602,0.0,null,null,null,null,null,null
375316653866487564,3217421196129423232,0.55627143,2356.386290420894,2.50875691243374,6.682115E-6,19.341845,0.011519953,0.23487978,0.0037853231,0.086395815,0.0053288722,0.42397448,0.018565169,0.7263618,0.0024210485,0.077135704,0.0036861047,0.43416157,0.021055201,null,null,null,null,"TWOGAUSSIANS",8,1.1548934,0.7263618,0.0024210485,0.4,0.0,0.42735854,0.020877725,0.23487978,0.0037853231,0.4,0.0,0.4171714,0.01832914
375316653866487564,3217427483962033408,0.56217986,2366.7987062605807,3.020386890870781,1.0543604E-5,17.630205,0.009672522,0.2659367,0.003081982,0.09301517,0.004967343,0.28845873,0.012734611,0.76665616,0.003230527,0.091400966,0.0053375354,0.27410188,0.009457584,null,null,null,null,"TWOGAUSSIANS",8,5.9933887,0.2659367,0.003081982,0.4,0.0,0.2743566,0.0118577285,0.76665616,0.003230527,0.4,0.0,0.2599999,0.0068365796
375316653866487564,3217431439626587520,0.46942577,2358.637428449436,0.107896622781833,3.6622412E-5,10.292665,0.024531528,0.12419868,3.5276986E-4,0.01636369,6.154178E-4,0.92682064,0.025882328,0.76333714,0.109733,0.10031868,0.08160005,0.1608177,0.06874934,null,null,null,null,"TWOGAUSSIANS",8,8127.758,0.12419868,3.5041018E-4,0.091636665,0.0034463396,0.92706853,0.026311979,0.76333714,0.109733,0.4,0.29013357,0.1608164,0.06874386
375316653866487564,3217431577065539072,0.61307865,2331.543380424457,3.209570329062443,6.766751E-6,17.524788,0.003747153,0.2521455,0.0017231181,0.033159833,0.002900521,0.108783565,0.007839862,0.75883317,0.037971977,0.03728072,0.02729459,0.118998654,0.07011836,0.1154793,0.0046594255,0.2521455,0.0017231181,"TWOGAUSSIANS_WITH_ELLIPSOIDAL_ON_ECLIPSE1",9,3.4486244,0.75883317,0.037669968,0.20877203,0.1528497,0.3495495,0.061850358,0.2521455,0.0017231181,0.18569507,0.016242918,0.33974198,0.0038048658
375316653866487564,3217432088164994432,0.53023624,2348.4049143151783,3.197220537488231,1.2980343E-5,17.839024,0.017709432,0.2328984,0.008769289,0.08475413,0.0145998355,0.22061743,0.014910265,0.7083687,0.008649315,0.08946919,0.012800676,0.24137726,0.01903001,null,null,null,null,"TWOGAUSSIANS",8,8.986441,0.7083687,0.008649315,0.4,0.0,0.23640764,0.016051436,0.2328984,0.008769289,0.4,0.0,0.21564795,0.009452904
375316653866487564,3217471709239889920,0.6220709,2319.383285937534,0.778109965624785,3.658664E-6,13.517349,0.0011097755,0.30043244,8.380125E-4,0.031642597,0.0010733098,0.12522937,0.0035432298,null,null,null,null,null,null,0.0048331246,0.0017988725,0.30043244,8.380125E-4,"ONEGAUSSIAN_WITH_ELLIPSOIDAL",6,16.664612,0.30043244,8.380125E-4,0.17719856,0.0060105347,0.13489561,0.0027604802,null,null,null,null,null,null
375316653866487564,3217485281336495232,0.44357574,2359.9666134104373,0.10062301009498625,3.8551225E-5,18.296474,0.0042894394,0.1925596,0.020824563,0.00726065,0.020010484,0.018543188,21.65602,0.59623414,0.05593509,0.02355375,0.017682152,0.5502637,1.0571474,0.0015220435,0.0054672477,0.1925596,0.020824563,"TWOGAUSSIANS_WITH_ELLIPSOIDAL_ON_ECLIPSE1",9,24.405117,0.59625417,0.055926513,0.131901,0.09902006,0.55232257,1.0562178,0.1925596,0.020824563,0.04065964,0.112058714,0.021587271,21.657074
375316653866487564,3217496547034389632,0.49728703,2343.4842514082106,3.57870934307468,5.121892E-5,18.197292,0.029020974,0.25740185,0.007958297,0.11592723,0.027725259,0.12612602,0.027658235,0.75880903,0.03804192,0.07863083,0.05426405,0.14369197,0.7610351,null,null,null,null,"TWOGAUSSIANS",8,3.815859,0.75880903,0.038062923,0.4,0.21316871,0.13433887,0.7732913,0.25740185,0.007958297,0.4,0.0,0.11674985,0.00944079
375316653866487564,3217496856272082176,0.48768148,2344.007951334279,3.862548954941805,2.1414937E-5,19.879992,0.035807908,0.16478474,0.006811961,0.0943985,0.018926075,0.2868781,0.035121627,0.65815854,0.00513832,0.07792701,0.010571797,0.3312463,0.0382029,null,null,null,null,"TWOGAUSSIANS",8,1.5523014,0.65815854,0.00513832,0.4,0.0,0.32316804,0.03194366,0.16478474,0.006811961,0.4,0.0,0.27879936,0.03511624
375316653866487564,3217501292973096704,0.44587922,2359.41748600078,1.1393786629689928,7.043828E-5,19.107079,0.032303493,0.1718464,0.0074419845,0.060526844,0.016379312,0.1786085,0.032092236,0.6436447,0.017958837,0.11851933,0.03881333,0.1841661,0.11191692,null,null,null,null,"TWOGAUSSIANS",8,3.429852,0.6436447,0.017958837,0.4,0.0,0.17973791,0.11458236,0.17188641,0.007427359,0.3389503,0.09172415,0.17425603,0.03010959
375316653866487564,3217502422549888512,0.5862869,2336.4452387330084,3.358795746684568,4.419336E-6,17.874008,0.007718414,0.24684305,0.0023893516,0.08290602,0.0032650002,0.34962943,0.011541881,0.74037457,0.0028241647,0.08318261,0.004039234,0.30978104,0.009073605,null,null,null,null,"TWOGAUSSIANS",8,4.478903,0.24684305,0.0023893516,0.4,0.0,0.34333408,0.011310297,0.74037457,0.0028241647,0.4,0.0,0.3034857,0.008509449
375316653866487564,3217509569375505920,0.5444834,2330.019968393673,3.2729139832529666,2.2935694E-5,19.280956,0.004612667,0.2725306,0.0061154133,0.05243229,0.0050803176,0.3141467,0.02571378,0.77662015,0.002842158,0.04719837,0.0022158471,0.23988503,0.005148807,null,null,null,null,"TWOGAUSSIANS",8,1.6114224,0.2725306,0.0061154133,0.29362082,0.028449778,0.31414518,0.025714358,0.77662015,0.002842158,0.26431087,0.012408745,0.23988351,0.00514714
375316653866487564,3217517304612719616,0.5520396,2366.1586878569206,0.47903376742815645,1.1382668E-5,15.527039,0.0024202405,0.28586313,8.1133447E-4,0.01806886,0.0010055875,0.16341345,0.009692957,0.78863907,0.008993731,0.022418816,0.0104860505,0.2193033,0.037219252,0.018703775,0.004912334,0.78863907,0.008993731,"TWOGAUSSIANS_WITH_ELLIPSOIDAL_ON_ECLIPSE2",9,46.991844,0.78863907,0.008993731,0.12554537,0.05872188,0.25671083,0.037540443,0.28588313,7.963872E-4,0.101185605,0.00563129,0.20080967,0.011611495
375316653866487564,3217517540834068992,0.5879619,2359.2785138547283,0.8353163609371795,1.073102E-4,18.543913,0.003990499,0.41160724,0.0032324952,0.021048611,0.0011389664,1.0078001,0.14178336,0.5951434,0.03541969,0.13809334,0.05101655,0.02152722,0.0054516424,null,null,null,null,"TWOGAUSSIANS",8,1.5074462,0.41164726,0.0032328125,0.117872216,0.0063782115,1.0166409,0.14252222,0.5951434,0.03541969,0.4,0.0,0.021465946,0.005389604
375316653866487564,3217531147291347968,0.49585557,2376.040760418525,1.290392781840038,1.1380314E-5,18.105806,0.002365518,null,null,null,null,null,null,null,null,null,null,null,null,0.06271201,0.0037337067,0.17750336,0.003312826,"ELLIPSOIDAL",4,2.3424091,null,null,null,null,null,null,null,null,null,null,null,null
375316653866487564,3217536404331327744,0.52549064,2386.956829130743,1.2353993442201991,1.514444E-4,19.569405,0.005359878,0.11230436,0.014754533,0.021818165,0.015459659,0.5205544,140587.03,0.44720632,0.0023478132,0.018000588,0.001989617,0.8061446,0.16291685,null,null,null,null,"TWOGAUSSIANS",8,2.377904,0.44720632,0.0023478132,0.10080329,0.011141856,0.8061446,0.16291685,0.11230436,0.014754533,0.12218172,0.086574085,0.5205544,140587.03
375316653866487564,3217541322070616192,0.5975185,2326.964491606172,3.5994731590255,7.8901085E-6,14.619247,0.0037168919,0.22174194,0.001309202,0.049649395,0.006141911,0.056620214,0.011116517,0.72615594,0.0030771757,0.05030232,0.0069837184,0.08168391,0.009370643,0.05840091,0.005785484,0.22174194,0.001309202,"TWOGAUSSIANS_WITH_ELLIPSOIDAL_ON_ECLIPSE1",9,22.739908,0.72615594,0.0030771757,0.28169298,0.039108824,0.19839518,0.010514737,0.22174194,0.001309202,0.2780366,0.0343947,0.1734213,0.0073235375
375316653866487564,3217551763133997952,0.5035991,2286.3552830516123,3.7383931024747743,2.4415358E-5,18.913506,0.035326175,0.29959276,0.005760318,0.0840279,0.011073557,0.3463315,0.032930315,0.7908699,0.0076756706,0.09317341,0.020479908,0.32517534,0.025114752,null,null,null,null,"TWOGAUSSIANS",8,5.507879,0.29959276,0.0057600066,0.4,0.0,0.3354761,0.019147757,0.7908699,0.0076756706,0.4,0.0,0.31431955,0.027610682
375316653866487564,3217559017335873536,0.5123406,2357.7331267875497,1.0741820771253818,7.166076E-5,14.852112,0.005616696,0.24192458,0.017757548,0.033437815,0.015351441,0.027910996,0.022693615,0.75069773,0.0024237225,0.023537593,0.0025837466,0.28370357,0.03151505,0.013454736,0.008783249,0.24192458,0.017757548,"TWOGAUSSIANS_WITH_ELLIPSOIDAL_ON_ECLIPSE1",9,193.83772,0.75069773,0.00241278,0.13181052,0.014468981,0.31053138,0.031806957,0.24192458,0.017757548,0.18725175,0.08596807,0.054820463,0.016176313
375316653866487564,3217561422517551872,0.6652013,2380.271774807239,0.7195094625412333,1.5586273E-6,14.702585,0.0012023849,0.07047432,0.0010541737,0.022300532,0.0010697284,0.4614783,0.009942649,null,null,null,null,null,null,null,null,null,null,"ONEGAUSSIAN",5,25.851767,0.07047432,0.0010541737,0.12488298,0.0059904787,0.4614783,0.0,null,null,null,null,null,null
375316653866487564,3217564549252854528,0.44829836,2235.9246693510004,4.450448874760903,2.0202024E-5,18.179737,0.15343624,0.32750615,0.016977727,0.11313604,0.051041972,0.37578464,0.13629577,0.8732634,0.0073229843,0.08698204,0.022687618,0.3731274,0.14738764,null,null,null,null,"TWOGAUSSIANS",8,31.291594,0.32750615,0.016990252,0.4,0.0,0.3577822,0.065995485,0.87334347,0.00630648,0.4,0.0,0.35524672,0.08108512
375316653866487564,3217577227997774976,0.44732293,2349.9761661666985,0.1238834876358858,3.4794255E-5,18.938272,0.019767093,0.30578995,0.025253756,0.10064876,0.02007612,0.056006312,0.021790817,0.6381047,0.019126132,0.020074228,0.0050068055,1.8052611,2.958029,null,null,null,null,"TWOGAUSSIANS",8,6.209212,0.6381047,0.019126132,0.11241568,0.02803811,1.805501,2.9581847,0.30578995,0.025253756,0.4,0.0,0.05600582,0.021788212
375316653866487564,3217578357572122240,0.5051266,2314.3160231626557,2.9438350426367923,1.8925735E-5,18.524529,0.010088597,0.27244085,0.015998853,0.081716835,0.011476449,0.19203159,0.043392614,0.77193993,0.0075509516,0.08552424,0.010627834,0.16823569,0.014390569,null,null,null,null,"TWOGAUSSIANS",8,2.607263,0.27244085,0.015998853,0.4,0.0,0.18795893,0.043201745,0.77193993,0.0075509516,0.4,0.0,0.16416301,0.013983246
375316653866487564,3217581656106872704,0.5152244,2358.4686340257135,0.1860925877910973,1.2143705E-4,12.18486,0.010522335,0.25081828,0.020115292,0.084794566,0.046241857,0.029194096,0.00863537,0.57185155,0.0042300085,0.05249109,0.007210954,0.34451023,0.043266598,null,null,null,null,"TWOGAUSSIANS",8,716.45215,0.57185155,0.0042300085,0.2939501,0.040381342,0.34453207,0.043348815,0.25081828,0.020115292,0.4,0.03562404,0.029193416,0.008612932
375316653866487564,3217584748483594624,0.5691963,2361.6375999543507,3.5766810312732598,1.1786122E-5,18.89464,0.009618614,0.25905126,0.0032180627,0.08343802,0.0039609876,0.42709178,0.019769963,0.7528238,0.005142662,0.08966063,0.0062958286,0.32296172,0.0129091535,null,null,null,null,"TWOGAUSSIANS",8,1.6069412,0.25905126,0.0032180627,0.4,0.0,0.41685128,0.01972941,0.7528238,0.005142662,0.4,0.0,0.31272113,0.011235543
375316653866487564,3217586573845875072,0.5722445,2355.546732375136,1.3001762035529263,2.3922099E-5,14.830768,0.004559459,0.334603,0.00367244,0.05019352,0.0071145277,0.23505944,0.010534751,0.8263205,0.002155684,0.026715962,0.010082371,0.09891833,0.061013494,0.004664261,0.004981599,0.334603,0.00367244,"TWOGAUSSIANS_WITH_ELLIPSOIDAL_ON_ECLIPSE1",9,34.309807,0.334603,0.00367244,0.2810837,0.039841354,0.24438699,0.015434516,0.8263605,0.0021373855,0.14960939,0.05646128,0.108220786,0.068519615
375316653866487564,3217589356982690176,0.47461367,2386.914182802488,3.6956417092118192,2.6377313E-5,18.839867,0.017404106,0.19111876,0.00817117,0.084701926,0.014608447,0.18059833,0.016104007,0.69145906,0.0061332122,0.099182144,0.012683023,0.17123199,0.016908506,null,null,null,null,"TWOGAUSSIANS",8,2.8827538,0.19111876,0.00817117,0.4,0.0,0.17197184,0.012823193,0.69145906,0.0061332122,0.4,0.0,0.16260447,0.011811226
375316653866487564,3217595473016291840,0.4702126,2364.637777505059,0.7341516667106718,7.105743E-5,19.396204,0.007749464,0.18287481,0.0231689,0.033074383,0.011110787,0.20457569,0.2650776,0.6535726,0.024051804,0.030491468,0.011835997,0.3660583,0.05944677,null,null,null,null,"TWOGAUSSIANS",8,2.8369958,0.6535726,0.024051804,0.17075221,0.06628158,0.3660583,0.05944677,0.18287481,0.0231689,0.18521653,0.06222041,0.20457569,0.2650776
375316653866487564,3217605329965604864,0.5033479,2345.521404940102,2.971590185703833,7.960081E-5,18.985996,0.0029747381,0.15203437,0.03325589,0.030772423,0.01956114,0.05004968,0.025637595,0.49884346,8.6159405E-4,0.03168143,5.551083E-4,0.62629324,0.010584942,null,null,null,null,"TWOGAUSSIANS",8,1.8074162,0.49884346,8.6159405E-4,0.177416,0.0031086067,0.62629324,0.010584942,0.15203437,0.03325589,0.17232557,0.10954238,0.05004968,0.025637595
375316653866487564,3217605982800652288,0.5686509,2346.2884211722853,1.0726043790155777,5.235625E-6,18.634686,0.004830933,0.24828385,0.007270375,0.04153648,0.008241434,0.25300336,0.07825238,0.75636995,0.0016802175,0.0325619,0.002160689,0.6007293,0.038668517,null,null,null,null,"TWOGAUSSIANS",8,2.8666558,0.75636995,0.0016802175,0.18234663,0.012099859,0.6007293,0.038668517,0.24828385,0.007270375,0.23260428,0.046152025,0.25300336,0.07825238
375316653866487564,3217612996484618880,0.59572476,2352.6624995614648,0.029454359256032906,8.1933795E-6,14.50585,9.275781E-4,0.3536686,0.002084479,0.007761646,0.001739855,0.012886063,0.0038014224,0.82612705,4.659184E-6,0.004856248,2.6724363E-5,0.33138248,6.034874E-4,null,null,null,null,"TWOGAUSSIANS",8,13.838119,0.82612705,4.659184E-6,0.027194988,1.4965642E-4,0.33138248,6.034874E-4,0.3536686,0.002084479,0.04346522,0.0097431885,0.012886063,0.0038014224
375316653866487564,3217616535537686144,0.43550286,2377.8020506383764,0.047091663861050244,2.8030689E-5,17.717587,0.02063078,0.37066406,0.015899017,0.1710329,0.04775111,0.097823955,0.017040329,0.69137615,0.018872194,0.04034102,0.019600535,0.14832273,0.25032723,null,null,null,null,"TWOGAUSSIANS",8,5.994283,0.69137615,0.018872194,0.22590971,0.109763,0.16248772,0.24320196,0.37066406,0.015899017,0.4,0.0,0.09508994,0.013236826
375316653866487564,3217619864136218880,0.59916013,2306.308416907431,3.649384242956301,8.316848E-6,16.979523,0.0071662,0.23851523,0.0040176963,0.084039725,0.004359717,0.30906942,0.007453495,0.73411435,0.0025222965,0.08911227,0.00459568,0.33742118,0.0073840385,null,null,null,null,"TWOGAUSSIANS",8,9.602098,0.73411435,0.0025222965,0.4,0.0,0.32813507,0.0066716643,0.23851523,0.0040176963,0.4,0.0,0.2997834,0.0059833457
