Gaia/vari_eclipsing_binary/VariEclipsingBinary_619780-620634.csv
# %ECSV 1.0
# ---
# delimiter: ','
# meta: !!omap
# - RELEASE: Gaia DR3
# - TABLE: vari_eclipsing_binary
# - DESCRIPTION: >
#     This table describes the properties of the eclipsing binaries resulting from the variability analysis. 
# - CITATION: >
#     How to cite and acknowledge Gaia: 
#     https://gea.esac.esa.int/archive/documentation/credits.html 
# - KNOWN_ISSUES: >
#     Known issues: 
#     https://www.cosmos.esa.int/web/gaia-users/known-issues 
# - DOCUMENTATION: >
#     Tutorials and documentation: 
#     https://www.cosmos.esa.int/web/gaia-users/archive 
# datatype:
# - 
#   name: solution_id
#   datatype: int64
#   description: Solution Identifier
#   meta:
#     ucd: meta.version
# - 
#   name: source_id
#   datatype: int64
#   description: Unique source identifier
#   meta:
#     ucd: meta.id;meta.main
# - 
#   name: global_ranking
#   datatype: float32
#   description: Number between 0 (worst) and 1 (best)
#   meta:
#     ucd: stat.param
# - 
#   name: reference_time
#   datatype: float64
#   unit: d
#   description: Reference time used for the geometric model fit
#   meta:
#     ucd: time.epoch
# - 
#   name: frequency
#   datatype: float64
#   unit: d**-1
#   description: Frequency of geometric model of the eclipsing binary light curve
#   meta:
#     ucd: src.orbital
# - 
#   name: frequency_error
#   datatype: float32
#   unit: d**-1
#   description: "Uncertainty of \\texttt{frequency}"
#   meta:
#     ucd: stat.error
# - 
#   name: geom_model_reference_level
#   datatype: float32
#   unit: mag
#   description: Magnitude reference level of geometric model
#   meta:
#     ucd: phot.mag;em.opt
# - 
#   name: geom_model_reference_level_error
#   datatype: float32
#   unit: mag
#   description: "Uncertainty of \\texttt{geomModelReferenceLevel}"
#   meta:
#     ucd: stat.error;phot.mag;em.opt
# - 
#   name: geom_model_gaussian1_phase
#   datatype: float32
#   description: Phase of the Gaussian 1 component
#   meta:
#     ucd: time.phase
# - 
#   name: geom_model_gaussian1_phase_error
#   datatype: float32
#   description: "Uncertainty of \\texttt{geomModelGaussian1Phase}"
#   meta:
#     ucd: stat.error;time.phase
# - 
#   name: geom_model_gaussian1_sigma
#   datatype: float32
#   description: "Standard deviation [phase] of Gaussian 1 component"
#   meta:
#     ucd: stat.stdev
# - 
#   name: geom_model_gaussian1_sigma_error
#   datatype: float32
#   description: "Uncertainty of \\texttt{geomModelGaussian1Sigma}"
#   meta:
#     ucd: stat.error
# - 
#   name: geom_model_gaussian1_depth
#   datatype: float32
#   unit: mag
#   description: Magnitude depth of Gaussian 1 component
#   meta:
#     ucd: src.var.amplitude
# - 
#   name: geom_model_gaussian1_depth_error
#   datatype: float32
#   unit: mag
#   description: "Uncertainty of \\texttt{geomModelGaussian1Depth}"
#   meta:
#     ucd: stat.error;src.var.amplitude
# - 
#   name: geom_model_gaussian2_phase
#   datatype: float32
#   description: Phase of Gaussian 2 component
#   meta:
#     ucd: time.phase
# - 
#   name: geom_model_gaussian2_phase_error
#   datatype: float32
#   description: "Uncertainty of \\texttt{geomModelGaussian2Phase}"
#   meta:
#     ucd: stat.error;time.phase
# - 
#   name: geom_model_gaussian2_sigma
#   datatype: float32
[...]
#   datatype: float32
#   description: "Secondary eclipse: uncertainty of \\texttt{derivedSecondaryEclDuration}"
#   meta:
#     ucd: stat.error;time.duration
# - 
#   name: derived_secondary_ecl_depth
#   datatype: float32
#   unit: mag
#   description: "Secondary eclipse: depth"
#   meta:
#     ucd: src.var.amplitude
# - 
#   name: derived_secondary_ecl_depth_error
#   datatype: float32
#   unit: mag
#   description: "Secondary eclipse: uncertainty of \\texttt{derivedSecondaryEclDepth}"
#   meta:
#     ucd: stat.error;src.var.amplitude
solution_id,source_id,global_ranking,reference_time,frequency,frequency_error,geom_model_reference_level,geom_model_reference_level_error,geom_model_gaussian1_phase,geom_model_gaussian1_phase_error,geom_model_gaussian1_sigma,geom_model_gaussian1_sigma_error,geom_model_gaussian1_depth,geom_model_gaussian1_depth_error,geom_model_gaussian2_phase,geom_model_gaussian2_phase_error,geom_model_gaussian2_sigma,geom_model_gaussian2_sigma_error,geom_model_gaussian2_depth,geom_model_gaussian2_depth_error,geom_model_cosine_half_period_amplitude,geom_model_cosine_half_period_amplitude_error,geom_model_cosine_half_period_phase,geom_model_cosine_half_period_phase_error,model_type,num_model_parameters,reduced_chi2,derived_primary_ecl_phase,derived_primary_ecl_phase_error,derived_primary_ecl_duration,derived_primary_ecl_duration_error,derived_primary_ecl_depth,derived_primary_ecl_depth_error,derived_secondary_ecl_phase,derived_secondary_ecl_phase_error,derived_secondary_ecl_duration,derived_secondary_ecl_duration_error,derived_secondary_ecl_depth,derived_secondary_ecl_depth_error
[from data line 142]
375316653866487564,5453976044873402368,0.6564207,2086.4955207496823,0.148724300340274,1.377675E-6,14.27511,0.0012671908,0.39364243,0.002200788,0.009013877,8.290392E-4,0.4831548,0.071892686,0.8931549,0.0032852376,0.007204343,0.0014132292,0.43284252,0.109541245,null,null,null,null,"TWOGAUSSIANS",8,45.349205,0.39364243,0.002200788,0.05047771,0.0046426193,0.4831548,0.071892686,0.8931549,0.0032852376,0.04034432,0.007914083,0.43284252,0.109541245
375316653866487564,5453984012036627328,0.49612442,2042.8638678384432,0.9373723817650342,2.012551E-5,17.816193,0.0011609066,0.34331742,0.0054963185,0.018621573,0.0042918636,0.06762507,0.009379005,0.85118026,0.003878511,0.021273585,0.0036850064,0.09383544,0.007328561,null,null,null,null,"TWOGAUSSIANS",8,1.2990564,0.85118026,0.003878511,0.11913207,0.020636037,0.09383544,0.007328561,0.34331742,0.0054963185,0.10428081,0.024034437,0.06762507,0.009379005
375316653866487564,5453996145320156288,0.5698333,2071.555651850066,1.4648936554611984,1.006805E-5,14.104098,0.013542027,0.20446089,0.003269785,0.041836668,0.0087379385,0.19399384,0.029565696,0.6978417,0.0043291976,0.0656868,0.005000101,0.25587347,0.032583706,0.10067085,0.018749723,0.20446089,0.003269785,"TWOGAUSSIANS_WITH_ELLIPSOIDAL_ON_ECLIPSE1",9,619.9931,0.6992417,0.0031492636,0.3678461,0.028000563,0.45681816,0.01559688,0.20446089,0.003269785,0.23428534,0.048932455,0.39521307,0.018077236
375316653866487564,5454012809793667328,0.45290238,2090.263291012012,2.5600591894258105,2.8415434E-5,18.598494,0.033374704,0.18813278,0.012089702,0.058180828,0.013832044,0.10184265,0.038537055,0.6961919,0.013472033,0.1575138,0.038570803,0.1600478,0.031821277,null,null,null,null,"TWOGAUSSIANS",8,5.419399,0.6961919,0.013472033,0.4,0.0,0.14426242,0.016597558,0.18792278,0.012163486,0.32581264,0.07745945,0.088158615,0.034215644
375316653866487564,5454029096309658624,0.6588161,2022.7783127971127,3.7766961910723067,3.2505413E-6,12.700698,0.00758695,0.29295644,7.4589014E-4,0.04627489,0.0014225439,0.51821536,0.01796178,0.7906044,0.0017406357,0.0439818,0.0032004318,0.41100928,0.0283818,0.14046322,0.011021815,0.7906044,0.0017406357,"TWOGAUSSIANS_WITH_ELLIPSOIDAL_ON_ECLIPSE2",9,290.82477,0.29275644,6.3028105E-4,0.2591394,0.0079662455,0.7990852,0.006685781,0.7906044,0.0017406357,0.2462981,0.017922418,0.6919353,0.02507347
375316653866487564,5454045000570836224,0.5025277,2084.7330156345406,2.7104455893197734,1.846313E-5,16.72724,0.05624473,0.30516824,0.004326518,0.106946126,0.019706588,0.21660244,0.05286183,0.8096951,0.005048863,0.12089029,0.03353841,0.19360825,0.04607531,null,null,null,null,"TWOGAUSSIANS",8,21.66272,0.30514824,0.0043430403,0.4,0.0,0.18164827,0.014931129,0.8096951,0.0050549926,0.4,0.0,0.15858644,0.012137456
375316653866487564,5454046821637149184,0.4347193,2086.332426707782,0.8587512383495663,4.1962296E-5,17.906614,0.09985984,0.25248444,0.013796996,0.09625831,0.034974456,0.1374361,0.0806797,0.78690344,0.037059687,0.1023321,0.12653925,0.081698656,0.084818356,null,null,null,null,"TWOGAUSSIANS",8,18.041134,0.25247446,0.013461428,0.4,0.0,0.131853,0.0131961135,0.78691345,0.036926433,0.4,0.0,0.07611401,0.032244988
375316653866487564,5454062734493552768,0.6104225,2111.407176199798,4.14731262378046,6.239485E-6,16.820894,0.012147639,0.23065887,0.0014905295,0.043750446,0.0035614064,0.41524875,0.025410997,0.7355085,0.0016571297,0.04647712,0.004161863,0.43113583,0.023607163,0.13671917,0.015321117,0.23065887,0.0014905295,"TWOGAUSSIANS_WITH_ELLIPSOIDAL_ON_ECLIPSE1",9,34.120975,0.7355085,0.0016571297,0.26027188,0.023306433,0.70431983,0.015265477,0.23065887,0.0014905295,0.2450025,0.019943876,0.68868655,0.013913553
375316653866487564,5454065242754464768,0.499597,2094.988861943253,1.4166681670200105,1.3146595E-5,13.879193,0.0017184878,0.21467607,0.0051659187,0.030574733,0.0057926592,0.08515158,0.012910234,0.71144867,0.0035125029,0.04077534,0.00426153,0.06738522,0.0037983307,0.013352686,0.0023182088,0.21467607,0.0051659187,"TWOGAUSSIANS_WITH_ELLIPSOIDAL_ON_ECLIPSE1",9,24.905651,0.21467607,0.0051659187,0.17121851,0.032438893,0.11185691,0.012124263,0.7116087,0.0032632882,0.22834189,0.023864567,0.094080105,0.002486398
375316653866487564,5454068335128690432,0.508425,2110.1768146086138,1.861438240812425,1.5964426E-5,19.52272,0.010365285,0.38001698,0.028127551,0.09137367,0.08353426,0.057478465,0.023370225,0.65767556,0.001118193,0.018091952,0.00103699,0.7098734,0.050071053,null,null,null,null,"TWOGAUSSIANS",8,2.0711381,0.65767556,0.001118193,0.10131494,0.0058071436,0.7104414,0.05070728,0.38001698,0.028127551,0.4,0.0,0.057478428,0.023748714
375316653866487564,5454079089728779904,0.4295079,2058.987161948183,0.13566617725630478,8.573851E-5,12.685601,0.0012212842,0.33531263,0.033874147,0.059781734,0.035668194,0.045399535,0.07720324,0.7152238,0.013861436,0.096625514,0.015646204,0.028384581,0.0027809858,null,null,null,null,"TWOGAUSSIANS",8,26.814606,0.33535263,0.033988684,0.3347777,0.19361262,0.045386687,0.077227704,0.7152238,0.013861436,0.4,0.0,0.028359246,0.0027834151
375316653866487564,5454081563629952768,0.4995325,2089.3138298933154,3.7218590715132267,8.035153E-6,13.533054,0.15061927,0.28997552,0.0037879895,0.18552856,0.04287011,1.023257,0.47990143,0.7869708,0.0045183175,0.24974473,0.07661144,1.3660975,0.1827112,null,null,null,null,"TWOGAUSSIANS",8,134.35197,0.7869708,0.0045183175,0.4,0.0,0.17560455,0.012963467,0.29443553,0.003639749,0.4,0.0,0.1460877,0.0040269205
375316653866487564,5454089500729418112,0.62940395,2082.2902563519488,3.42718301628668,3.9773176E-6,18.01637,0.01604676,0.21932863,0.0016353913,0.05630173,0.0039306446,0.48864233,0.03350733,0.7203695,0.0014133655,0.05251822,0.0030842004,0.43816844,0.033583496,0.09183574,0.019042911,0.21932863,0.0016353913,"TWOGAUSSIANS_WITH_ELLIPSOIDAL_ON_ECLIPSE1",9,4.65938,0.21932863,0.0016353913,0.3152897,0.022011612,0.6722836,0.020464368,0.7203695,0.0014133655,0.294102,0.017271522,0.6218018,0.013557822
375316653866487564,5454119561203995392,0.55606884,2109.875006367611,3.983153811933997,7.8568E-6,18.642948,0.007829203,0.2535532,0.0017005687,0.0815666,0.003746222,0.2643002,0.008765881,0.753655,0.0067210793,0.081811324,0.0081737125,0.17091377,0.007270492,null,null,null,null,"TWOGAUSSIANS",8,1.5128975,0.2535532,0.0017005687,0.4,0.0,0.26038757,0.008078619,0.753655,0.0067210793,0.4,0.0,0.16700113,0.006505876
375316653866487564,5454121244831221120,0.4591272,2063.5822747743055,0.05574567805231605,3.7194033E-5,18.437181,0.008205536,0.38194293,0.0074444124,0.057010427,0.007348694,0.104987,0.013572936,0.67424166,0.017888004,0.050270323,0.025828118,0.0937952,0.03710577,null,null,null,null,"TWOGAUSSIANS",8,2.996254,0.38194293,0.0074444124,0.3192584,0.041152686,0.10498701,0.013572951,0.67424166,0.017888004,0.2815138,0.14463747,0.093795404,0.037105564
375316653866487564,5454128739550672384,0.6625123,2074.608832603791,1.3438896319681772,1.905601E-6,13.242193,0.0023735468,0.24426964,0.0013117729,0.049122147,0.0022350135,0.36690518,0.006783559,0.75001764,0.0044937273,0.04706464,0.004882702,0.05836815,0.008217528,0.08399936,0.0026116376,0.24426964,0.0013117729,"TWOGAUSSIANS_WITH_ELLIPSOIDAL_ON_ECLIPSE1",9,26.06091,0.24426964,0.0013117729,0.27508402,0.012516076,0.5349027,0.007377551,0.75001764,0.0044937273,0.263562,0.027343132,0.22614662,0.0075911894
375316653866487564,5454149419816423168,0.5338428,2028.6293455856442,0.051222360173747296,1.7084873E-5,18.266655,0.0020444687,0.41821322,0.0036996552,0.019543301,0.006364314,0.03245484,0.015192655,0.9032572,5.9095625E-4,0.0032645767,3.805567E-4,0.25551775,0.017570404,null,null,null,null,"TWOGAUSSIANS",8,1.3250086,0.9032572,5.9095625E-4,0.01828163,0.0021311175,0.25551775,0.017570404,0.41821322,0.0036996552,0.10944249,0.035640158,0.03245484,0.015192655
375316653866487564,5454155883744170752,0.54768986,2072.568781417662,1.4675751572977558,1.3497518E-5,12.032107,0.008206314,0.2499221,0.005258914,0.035194352,0.004321783,0.23488878,0.026844993,0.7444005,0.0012971511,0.03352634,0.0016638949,0.79487026,0.058520783,0.007835046,0.013119641,0.7444005,0.0012971511,"TWOGAUSSIANS_WITH_ELLIPSOIDAL_ON_ECLIPSE2",9,1593.903,0.7444005,0.0012971511,0.1877475,0.009317812,0.8105403,0.05966575,0.2498821,0.005222041,0.19708838,0.024201985,0.25054014,0.017036548
375316653866487564,5454157425635702784,0.49993703,2070.6120010021796,3.9507415749637214,5.046481E-5,19.78997,0.015505848,0.29097733,0.009693843,0.06946373,0.032173377,0.26408875,0.04776598,0.775561,0.0028330649,0.043995533,0.0034093335,0.454149,0.024141815,null,null,null,null,"TWOGAUSSIANS",8,2.4630244,0.775561,0.0028330649,0.24637498,0.019092267,0.45412815,0.024119504,0.29097733,0.009693843,0.3889969,0.17217633,0.2640679,0.047804177
375316653866487564,5454169726422149376,0.499735,2066.5397866827175,3.8177405827704707,1.20161485E-5,18.293947,0.023478137,0.24639362,0.006595422,0.09827675,0.017480621,0.18476002,0.01895139,0.75760037,0.003907034,0.097083054,0.011437881,0.22895074,0.020361165,null,null,null,null,"TWOGAUSSIANS",8,5.41129,0.75760037,0.0039061757,0.4,0.0,0.21556878,0.010389033,0.24639362,0.006595422,0.4,0.0,0.17137797,0.010744428
375316653866487564,5454194607169330688,0.45491335,2054.774475017106,1.2425416149639261,2.2065991E-5,17.097303,0.0072886613,0.16632232,0.006265254,0.019171024,0.01047382,0.18863352,1.9372171,0.6567149,0.0052706604,0.029718727,0.0039177234,0.19444732,0.014187515,null,null,null,null,"TWOGAUSSIANS",8,42.115746,0.6567149,0.0052706604,0.16642487,0.021939252,0.19444732,0.014187515,0.16632232,0.006265254,0.10735773,0.058653396,0.18863352,1.9372171
375316653866487564,5454202990945596800,0.51253766,2070.8837443559223,3.1333566308201553,1.3421412E-5,17.267775,0.01586386,0.2786156,0.008211014,0.10331525,0.012979677,0.24718337,0.016156033,0.76938146,0.0042266636,0.08779998,0.0076933675,0.24218872,0.016655969,null,null,null,null,"TWOGAUSSIANS",8,19.382425,0.2786156,0.008211014,0.4,0.0,0.23316562,0.012922555,0.76938146,0.0042266636,0.4,0.0,0.22817534,0.011252232
375316653866487564,5454205430487029504,0.67605346,2118.501810177445,3.2115695268208646,2.346668E-6,16.022003,0.007612689,0.21243611,8.104366E-4,0.046335813,0.0015089676,0.566016,0.016106758,0.71378314,0.0031990162,0.040901665,0.0028466668,0.40117016,0.018540256,0.12773007,0.009072097,0.21243611,8.104366E-4,"TWOGAUSSIANS_WITH_ELLIPSOIDAL_ON_ECLIPSE1",9,19.344193,0.21243611,8.104366E-4,0.25948057,0.0084502185,0.8214759,0.0059085265,0.71378314,0.0031990162,0.22904932,0.015941335,0.65661174,0.0041342485
375316653866487564,5454228795108731520,0.561121,2068.0786280189836,4.465435390111911,1.0437336E-5,17.547295,0.014286768,0.20421498,0.0035307782,0.08066858,0.0076651056,0.29807732,0.014596094,0.72402537,0.0037282184,0.08208294,0.0052018366,0.42557892,0.017410943,null,null,null,null,"TWOGAUSSIANS",8,12.194229,0.72402537,0.0037282184,0.4,0.0,0.4212378,0.015651325,0.20421498,0.0035307782,0.4,0.0,0.29373622,0.01439593
375316653866487564,5454256282899626368,0.6196753,2062.953594612967,4.000632065689907,4.3008754E-6,17.146065,0.0083333915,0.23526986,0.0014789355,0.045554727,0.004497695,0.182508,0.017771855,0.72573954,0.007963835,0.043887183,0.008842213,0.110739745,0.0248748,0.12118394,0.01408118,0.23526986,0.0014789355,"TWOGAUSSIANS_WITH_ELLIPSOIDAL_ON_ECLIPSE1",9,6.469947,0.23526986,0.0014789355,0.25510645,0.02518709,0.42487535,0.015487401,0.72811955,0.0057658902,0.24576823,0.049516395,0.3524555,0.0113198375
375316653866487564,5454266487741820928,0.508717,2047.270927636852,3.317125457699572,1.2875918E-5,13.818322,0.012340978,0.28115273,0.0051539843,0.09290057,0.007859604,0.27845547,0.015616802,0.78789544,0.0060660113,0.08322012,0.010120505,0.20043243,0.016126454,null,null,null,null,"TWOGAUSSIANS",8,761.53424,0.28115273,0.0051539843,0.4,0.0,0.2708757,0.01530543,0.78789544,0.0060660113,0.4,0.0,0.19285294,0.016381552
375316653866487564,5454270817068859392,0.55767983,2070.376400294099,3.6083025679821583,4.817027E-6,17.099657,0.01344245,0.22759527,0.0023928587,0.08728243,0.005294748,0.3238172,0.0122898035,0.71086293,0.0019065273,0.089465,0.00609514,0.25832936,0.0118261855,null,null,null,null,"TWOGAUSSIANS",8,11.67967,0.22759527,0.0023928587,0.4,0.0,0.3157788,0.00976224,0.71086293,0.0019065273,0.4,0.0,0.25029093,0.009303392
375316653866487564,5454285729195430016,0.61622214,2077.4696952376635,1.4525652224200214,4.0203904E-6,13.697597,0.0052708187,0.25291574,0.0014173536,0.10206283,0.004770409,0.15112123,0.006114138,0.7532681,0.0013126736,0.11786012,0.0052042906,0.12528907,0.0045009465,null,null,null,null,"TWOGAUSSIANS",8,11.4080715,0.25291574,0.0014173536,0.4,0.0,0.13072482,0.0072075166,0.7532681,0.0013126736,0.4,0.0,0.10486355,0.0018467518
375316653866487564,5454312873388668160,0.6099422,2085.0059077878486,3.337230695996105,5.6680437E-6,14.906463,0.008322762,0.25372845,0.0018557627,0.0546701,0.008903348,0.08551181,0.017568849,0.74515134,0.0097433515,0.047554698,0.010337788,0.09006508,0.020018492,0.08636683,0.010590396,0.25372845,0.0018557627,"TWOGAUSSIANS_WITH_ELLIPSOIDAL_ON_ECLIPSE1",9,43.364635,0.74734133,0.007790323,0.2663063,0.057891615,0.26242217,0.005073292,0.25372845,0.0018557627,0.30615255,0.04985875,0.2582424,0.0052535255
375316653866487564,5454316373784382208,0.47043046,2066.8576817054336,3.1405126440273112,1.2333617E-5,19.560555,0.0104029095,0.22486565,0.0049401033,0.046676893,0.006750979,0.26918396,0.022023393,0.68162555,0.022736592,0.088539876,0.028345512,0.1565004,0.031725295,null,null,null,null,"TWOGAUSSIANS",8,3.0603044,0.22486565,0.0049401033,0.2613906,0.037805483,0.26907295,0.022013696,0.68162555,0.022736592,0.4,0.031662054,0.15638913,0.031787507
375316653866487564,5454329537861902208,0.55489874,2116.9139051176385,0.5976009429826978,1.1830472E-5,13.784483,0.0017187302,0.28452283,0.0016583742,0.01705738,0.001106891,0.29395407,0.02642927,0.78001446,0.026853267,0.021706946,0.023784189,0.021130728,141.2157,0.019971587,0.0023837092,0.28452283,0.0016583742,"TWOGAUSSIANS_WITH_ELLIPSOIDAL_ON_ECLIPSE1",9,46.541428,0.28452283,0.0016583742,0.09552132,0.006198589,0.33389723,0.028085541,0.7803145,0.027163215,0.121558905,0.13319145,0.061043963,141.21513
375316653866487564,5454331702525414272,0.6038166,2040.3963814304716,4.326978501212979,6.6068765E-6,16.884323,0.013410565,0.24518502,0.0050479425,0.053007424,0.005278825,0.43599615,0.044738665,0.7298541,0.0011244558,0.05091165,0.0043373136,0.3342362,0.025935909,0.11234995,0.017016778,0.7298541,0.0011244558,"TWOGAUSSIANS_WITH_ELLIPSOIDAL_ON_ECLIPSE2",9,21.732046,0.24361502,0.0043000546,0.29684156,0.029561419,0.6588256,0.034745406,0.7298541,0.0011244558,0.28510523,0.024288956,0.5589324,0.01677214
375316653866487564,5454332698957836928,0.5372014,2050.029757649102,4.02927262175472,1.01035475E-5,17.125362,0.025612568,0.2768443,0.0038722744,0.1100205,0.016468396,0.21205026,0.020954315,0.7428186,0.007126073,0.083395645,0.009198994,0.37059972,0.029955968,null,null,null,null,"TWOGAUSSIANS",8,31.581762,0.7428186,0.007126073,0.4,0.0,0.35895905,0.025684154,0.2768443,0.0038722744,0.4,0.0,0.20038103,0.016196564
375316653866487564,5454343625354629760,0.47560263,2050.9848435788363,0.03181538811956311,1.4268282E-4,15.610566,0.008703889,0.044273358,0.0056548566,0.030231606,0.011022715,0.01716236,0.0040337904,0.50208914,0.011996139,0.18506677,0.02644893,0.081844844,0.0081613995,null,null,null,null,"TWOGAUSSIANS",8,5.776044,0.50208914,0.011996139,0.4,0.0,0.076537274,0.0068266257,0.04614336,0.0047524422,0.169297,0.061727203,0.016844396,0.00305211
