Gaia/vari_eclipsing_binary/VariEclipsingBinary_476606-476789.csv
# %ECSV 1.0
# ---
# delimiter: ','
# meta: !!omap
# - RELEASE: Gaia DR3
# - TABLE: vari_eclipsing_binary
# - DESCRIPTION: >
#     This table describes the properties of the eclipsing binaries resulting from the variability analysis. 
# - CITATION: >
#     How to cite and acknowledge Gaia: 
#     https://gea.esac.esa.int/archive/documentation/credits.html 
# - KNOWN_ISSUES: >
#     Known issues: 
#     https://www.cosmos.esa.int/web/gaia-users/known-issues 
# - DOCUMENTATION: >
#     Tutorials and documentation: 
#     https://www.cosmos.esa.int/web/gaia-users/archive 
# datatype:
# - 
#   name: solution_id
#   datatype: int64
#   description: Solution Identifier
#   meta:
#     ucd: meta.version
# - 
#   name: source_id
#   datatype: int64
#   description: Unique source identifier
#   meta:
#     ucd: meta.id;meta.main
# - 
#   name: global_ranking
#   datatype: float32
#   description: Number between 0 (worst) and 1 (best)
#   meta:
#     ucd: stat.param
# - 
#   name: reference_time
#   datatype: float64
#   unit: d
#   description: Reference time used for the geometric model fit
#   meta:
#     ucd: time.epoch
# - 
#   name: frequency
#   datatype: float64
#   unit: d**-1
#   description: Frequency of geometric model of the eclipsing binary light curve
#   meta:
#     ucd: src.orbital
# - 
#   name: frequency_error
#   datatype: float32
#   unit: d**-1
#   description: "Uncertainty of \\texttt{frequency}"
#   meta:
#     ucd: stat.error
# - 
#   name: geom_model_reference_level
#   datatype: float32
#   unit: mag
#   description: Magnitude reference level of geometric model
#   meta:
#     ucd: phot.mag;em.opt
# - 
#   name: geom_model_reference_level_error
#   datatype: float32
#   unit: mag
#   description: "Uncertainty of \\texttt{geomModelReferenceLevel}"
#   meta:
#     ucd: stat.error;phot.mag;em.opt
# - 
#   name: geom_model_gaussian1_phase
#   datatype: float32
#   description: Phase of the Gaussian 1 component
#   meta:
#     ucd: time.phase
# - 
#   name: geom_model_gaussian1_phase_error
#   datatype: float32
#   description: "Uncertainty of \\texttt{geomModelGaussian1Phase}"
#   meta:
#     ucd: stat.error;time.phase
# - 
#   name: geom_model_gaussian1_sigma
#   datatype: float32
#   description: "Standard deviation [phase] of Gaussian 1 component"
#   meta:
#     ucd: stat.stdev
# - 
#   name: geom_model_gaussian1_sigma_error
#   datatype: float32
#   description: "Uncertainty of \\texttt{geomModelGaussian1Sigma}"
#   meta:
#     ucd: stat.error
# - 
#   name: geom_model_gaussian1_depth
#   datatype: float32
#   unit: mag
#   description: Magnitude depth of Gaussian 1 component
#   meta:
#     ucd: src.var.amplitude
# - 
#   name: geom_model_gaussian1_depth_error
#   datatype: float32
#   unit: mag
#   description: "Uncertainty of \\texttt{geomModelGaussian1Depth}"
#   meta:
#     ucd: stat.error;src.var.amplitude
# - 
#   name: geom_model_gaussian2_phase
#   datatype: float32
#   description: Phase of Gaussian 2 component
#   meta:
#     ucd: time.phase
# - 
#   name: geom_model_gaussian2_phase_error
#   datatype: float32
#   description: "Uncertainty of \\texttt{geomModelGaussian2Phase}"
#   meta:
#     ucd: stat.error;time.phase
# - 
#   name: geom_model_gaussian2_sigma
#   datatype: float32
[...]
#   datatype: float32
#   description: "Secondary eclipse: uncertainty of \\texttt{derivedSecondaryEclDuration}"
#   meta:
#     ucd: stat.error;time.duration
# - 
#   name: derived_secondary_ecl_depth
#   datatype: float32
#   unit: mag
#   description: "Secondary eclipse: depth"
#   meta:
#     ucd: src.var.amplitude
# - 
#   name: derived_secondary_ecl_depth_error
#   datatype: float32
#   unit: mag
#   description: "Secondary eclipse: uncertainty of \\texttt{derivedSecondaryEclDepth}"
#   meta:
#     ucd: stat.error;src.var.amplitude
solution_id,source_id,global_ranking,reference_time,frequency,frequency_error,geom_model_reference_level,geom_model_reference_level_error,geom_model_gaussian1_phase,geom_model_gaussian1_phase_error,geom_model_gaussian1_sigma,geom_model_gaussian1_sigma_error,geom_model_gaussian1_depth,geom_model_gaussian1_depth_error,geom_model_gaussian2_phase,geom_model_gaussian2_phase_error,geom_model_gaussian2_sigma,geom_model_gaussian2_sigma_error,geom_model_gaussian2_depth,geom_model_gaussian2_depth_error,geom_model_cosine_half_period_amplitude,geom_model_cosine_half_period_amplitude_error,geom_model_cosine_half_period_phase,geom_model_cosine_half_period_phase_error,model_type,num_model_parameters,reduced_chi2,derived_primary_ecl_phase,derived_primary_ecl_phase_error,derived_primary_ecl_duration,derived_primary_ecl_duration_error,derived_primary_ecl_depth,derived_primary_ecl_depth_error,derived_secondary_ecl_phase,derived_secondary_ecl_phase_error,derived_secondary_ecl_duration,derived_secondary_ecl_duration_error,derived_secondary_ecl_depth,derived_secondary_ecl_depth_error
[from data line 108]
375316653866487564,4192679424332161280,0.6140312,2082.5939949460358,2.8914676408276865,2.9430437E-6,15.834255,0.013335089,0.16932555,0.0014984437,0.04725186,0.0044382103,0.43263733,0.038023256,0.66534454,0.0015542082,0.04449309,0.0035953633,0.38641182,0.031446893,0.12580632,0.018446522,0.16932555,0.0014984437,"TWOGAUSSIANS_WITH_ELLIPSOIDAL_ON_ECLIPSE1",9,76.62497,0.16932555,0.0014984437,0.26461044,0.024853976,0.68424946,0.0369041,0.66571456,0.0013847807,0.2491613,0.020134034,0.6378811,0.030177489
375316653866487564,4192681172378356096,0.5148257,2066.118446452334,2.782196894594142,2.9129944E-5,19.210619,0.012117241,0.23541912,0.003244104,0.051239785,0.0041095437,0.7189951,0.06308422,0.73049146,0.014581299,0.047605313,0.017632732,0.18850873,0.03170942,null,null,null,null,"TWOGAUSSIANS",8,5.9302335,0.23541912,0.003244104,0.28694278,0.023013445,0.7189935,0.06308562,0.73049146,0.014581299,0.26658976,0.098743305,0.18850712,0.03171824
375316653866487564,4192683062164164096,0.51536536,2150.54456065824,2.889616492357975,2.2813196E-5,17.704979,0.020502582,0.2592353,0.006750039,0.10154283,0.020370832,0.16068554,0.017707221,0.7487111,0.0073353364,0.10046202,0.01557104,0.1629112,0.019607345,null,null,null,null,"TWOGAUSSIANS",8,6.083274,0.7487111,0.0073353364,0.4,0.0,0.14963888,0.0072159553,0.2592353,0.0067497604,0.4,0.0,0.14741279,0.011236932
375316653866487564,4192685609085082112,0.44473276,2112.519415425416,0.0368918974493321,9.410269E-6,16.474506,0.0042491606,0.39038986,0.014661724,0.08570758,0.008291725,0.18056436,0.06562345,0.7811382,0.018306965,0.04606798,0.012525846,0.043350115,0.0053405953,null,null,null,null,"TWOGAUSSIANS",8,11.937749,0.39038986,0.014661724,0.4,0.0,0.1805596,0.065625936,0.7811382,0.018306965,0.25798067,0.07014474,0.043350887,0.0053273425
375316653866487564,4192698798924680064,0.6049981,2085.783824043564,2.5942531018743846,9.94723E-6,17.486702,0.006781535,0.31645697,0.0022539715,0.085123815,0.0028951552,0.2965894,0.009525056,0.8249978,0.0037518225,0.08611765,0.0045419442,0.2616365,0.007058085,null,null,null,null,"TWOGAUSSIANS",8,3.1546028,0.31645697,0.0022539715,0.4,0.0,0.2898196,0.008423383,0.8249978,0.0037518225,0.4,0.0,0.2548667,0.0049733804
375316653866487564,4192699181181981696,0.46121353,2089.639077468125,0.13625109290956822,7.946787E-5,16.085388,0.005458368,0.33921084,0.012599129,0.1731184,0.02125846,0.06443725,0.009697249,0.7670841,0.007376943,0.046237368,0.009107979,0.03295886,0.0061057336,null,null,null,null,"TWOGAUSSIANS",8,5.9269123,0.33921084,0.012599129,0.4,0.0,0.060990296,0.00907169,0.7670841,0.007376943,0.25892925,0.05100468,0.03282427,0.0060199667
375316653866487564,4192706254988160256,0.5655609,2131.655366785541,3.6700981704751086,1.1485215E-5,18.48145,0.0074094557,0.26762894,0.0042410963,0.093433365,0.006031682,0.2558656,0.008944929,0.7728923,0.004620324,0.08661049,0.0052747577,0.29510108,0.0113635855,null,null,null,null,"TWOGAUSSIANS",8,2.5453207,0.7728923,0.004620324,0.4,0.0,0.2844347,0.010907262,0.26762894,0.0042410963,0.4,0.0,0.24519895,0.008722904
375316653866487564,4192706637245134336,0.5352689,2081.380199050375,2.925623372868766,2.9618573E-6,15.125255,0.019294398,0.20046848,0.002296379,0.059037376,0.0052293125,0.34215084,0.03851015,0.7054457,0.00294472,0.05569326,0.0073625795,0.28389034,0.06674202,0.07520077,0.023608599,0.7054457,0.00294472,"TWOGAUSSIANS_WITH_ELLIPSOIDAL_ON_ECLIPSE2",9,65.59685,0.20100848,0.0019212817,0.33060932,0.029284151,0.49237877,0.020755373,0.7054457,0.00294472,0.31188226,0.041230448,0.43424946,0.058343016
375316653866487564,4192708698829432064,0.6061852,2152.713014992201,2.578788899727292,7.851139E-6,15.995405,0.012961895,0.24429913,0.0015785752,0.05261931,0.0039959545,0.25618747,0.029257666,0.74622834,0.0044587986,0.052589137,0.004570171,0.25941482,0.028706796,0.09415535,0.016142454,0.24429913,0.0015785752,"TWOGAUSSIANS_WITH_ELLIPSOIDAL_ON_ECLIPSE1",9,26.056177,0.74622834,0.0044587986,0.29449916,0.025592957,0.44769168,0.013268075,0.24429913,0.0015785752,0.29466814,0.022377346,0.44449198,0.010749466
375316653866487564,4192710829132317568,0.4935656,2069.0870053640574,2.8096924215012997,4.160396E-5,17.2252,0.044079203,0.26399007,0.01529892,0.097279936,0.024342895,0.28779173,0.03869622,0.7627093,0.008076762,0.11348561,0.017643008,0.2720422,0.04350627,null,null,null,null,"TWOGAUSSIANS",8,30.415485,0.26399007,0.015318761,0.4,0.0,0.25495368,0.024179634,0.7627093,0.008076762,0.4,0.0,0.23917204,0.019457161
375316653866487564,4192711172729696384,0.4393564,2085.806057132199,0.036849126246011665,2.2319464E-5,15.721778,0.0024113804,0.37061247,0.003265026,0.07273675,0.0044873264,0.53239226,0.15260296,0.77897155,0.0066010505,0.043431427,0.0050084456,0.060523774,0.0047382396,null,null,null,null,"TWOGAUSSIANS",8,15.964766,0.37061247,0.003265026,0.4,0.011667983,0.53239125,0.15260394,0.77897155,0.0066010505,0.24321598,0.028047295,0.0605228,0.004737514
375316653866487564,4192717769794316800,0.46924096,2093.2827275557547,3.1895348444905296,4.642836E-5,17.185158,0.025429647,0.22661465,0.014846477,0.09217248,0.024048934,0.15111955,0.026060117,0.739401,0.00749642,0.09376646,0.01681565,0.15442231,0.026239142,null,null,null,null,"TWOGAUSSIANS",8,24.648071,0.739401,0.0074949153,0.4,0.0,0.14760616,0.016112475,0.22661465,0.014851598,0.4,0.0,0.14430349,0.01758551
375316653866487564,4192718388274789632,0.5462329,2083.877311334263,3.37574551813512,9.647545E-6,16.042322,0.06992228,0.25541767,0.0029597227,0.12123234,0.025175517,0.22285792,0.06560172,0.7532824,0.0041464795,0.124495246,0.033276107,0.17264217,0.06756531,null,null,null,null,"TWOGAUSSIANS",8,15.457882,0.25543767,0.0029942482,0.4,0.0,0.17457785,0.00466535,0.7532824,0.0041464795,0.4,0.0,0.124343775,0.0058246376
375316653866487564,4192719384707458816,0.5205448,2112.821895415333,2.2255874178326223,8.5654516E-5,15.673631,0.016050007,0.21307419,0.024859197,0.02437881,0.016728912,0.4599928,0.029664673,0.71842283,0.032923542,0.02081417,0.060023792,0.1704783,0.10448639,0.021802729,0.018916987,0.21307419,0.024859197,"TWOGAUSSIANS_WITH_ELLIPSOIDAL_ON_ECLIPSE1",9,198.98698,0.21307419,0.024859197,0.13652132,0.0936819,0.5035982,0.02549632,0.71842283,0.03291393,0.11655935,0.28083846,0.2140345,0.12540455
375316653866487564,4192725638180806784,0.48360738,2107.1216731606796,3.1666092917187907,2.2664202E-5,17.592855,0.19351412,0.22281608,0.009071975,0.11570085,0.062327746,0.21335907,0.18970512,0.7056439,0.0066092825,0.108038664,0.04893276,0.20530811,0.18336143,null,null,null,null,"TWOGAUSSIANS",8,11.388111,0.22283608,0.0086865015,0.4,0.0,0.18442401,0.024297288,0.7056439,0.0066092825,0.4,0.0,0.17640649,0.026826946
375316653866487564,4192727184363618176,0.62687695,2054.764284160534,0.737455775633623,8.710513E-6,10.919443,0.0028691476,0.25776103,0.0013930628,0.030355852,0.0011590488,0.6032523,0.028969403,0.745113,0.009130208,0.036586802,0.004360587,0.68004644,0.05325052,0.022804057,0.004293234,0.745113,0.009130208,"TWOGAUSSIANS_WITH_ELLIPSOIDAL_ON_ECLIPSE2",9,501.79126,0.745113,0.009130208,0.20488611,0.024419287,0.72565454,0.054698035,0.25769103,0.0013850043,0.16999277,0.0064906734,0.64857453,0.02994033
375316653866487564,4192728043361856128,0.5635504,2050.54074095755,3.631817070128845,9.305225E-6,16.689648,0.014308399,0.28697994,0.0018128257,0.0916561,0.005669464,0.28427953,0.012702215,0.80779195,0.0027018196,0.096316405,0.0061652903,0.32869634,0.018018154,null,null,null,null,"TWOGAUSSIANS",8,15.399657,0.80779195,0.0027018196,0.4,0.0,0.3155159,0.017284341,0.28697994,0.0018128257,0.4,0.0,0.27110028,0.00848482
375316653866487564,4192733437834317312,0.42446116,2062.0034565122037,1.639128384620944,2.6835845E-5,18.76763,0.2117236,0.26331297,0.010335819,0.093684845,0.02622925,0.4254573,0.19471233,0.7722406,0.012907213,0.12327962,0.06937275,0.32212144,0.2025266,null,null,null,null,"TWOGAUSSIANS",8,19.51691,0.26328295,0.010317825,0.4,0.0,0.3800491,0.051079564,0.7722406,0.01289977,0.4,0.0,0.27653423,0.03805491
375316653866487564,4192733639699280128,0.56476194,2096.9827160011355,2.9216572174281903,1.2974818E-5,18.383516,0.0098551335,0.2874439,0.0031634422,0.07322896,0.003429122,0.4673786,0.014798127,0.78066117,0.0042443536,0.070689656,0.004608671,0.48620376,0.03055164,null,null,null,null,"TWOGAUSSIANS",8,4.843506,0.78066117,0.0042443536,0.39586207,0.016325936,0.48426935,0.030657291,0.2874439,0.0031634422,0.4,0.0021550083,0.46544418,0.014457901
375316653866487564,4192741714238055296,0.6005043,2128.384707580256,2.582755523772318,6.8783515E-6,17.108017,0.0062570497,0.2685747,0.0017413625,0.09158548,0.00280413,0.28287378,0.0073055336,0.7710843,0.0014885031,0.095908605,0.0025435844,0.25972646,0.007423696,null,null,null,null,"TWOGAUSSIANS",8,2.5663886,0.2685747,0.0017413625,0.4,0.0,0.26796025,0.005676863,0.7710843,0.0014885031,0.4,0.0,0.2448125,0.0058467044
375316653866487564,4192743088627679360,0.5381252,2098.262139476108,0.26935070244851156,4.034409E-5,19.573498,0.004443261,0.2693198,0.00988685,0.04229802,0.008737302,0.06177074,0.030716302,0.8483136,4.0483105E-4,0.024160039,6.9850805E-4,1.4566236,0.11408877,null,null,null,null,"TWOGAUSSIANS",8,1.2109921,0.8483136,4.0483105E-4,0.13529621,0.003911645,1.4566236,0.11408877,0.2693198,0.00988685,0.23686892,0.04892889,0.06177074,0.030716302
375316653866487564,4192745635548092672,0.57880956,2092.2620507342854,2.8142604934340185,9.105623E-6,16.874239,0.042395093,0.22552387,0.002523437,0.108208254,0.009718175,0.35620573,0.03992753,0.73088074,0.0023948313,0.119590506,0.016712578,0.31974873,0.028753623,null,null,null,null,"TWOGAUSSIANS",8,10.415561,0.22550386,0.002509845,0.4,0.0,0.29899085,0.0058782054,0.73089075,0.0023971768,0.4,0.0,0.26244667,0.01853907
375316653866487564,4192747903290454528,0.4686905,2080.0615307540074,3.1088075500400296,3.8759244E-5,17.324354,0.06774324,0.21506159,0.011709632,0.10838982,0.034834184,0.19388792,0.06043531,0.70849776,0.00978919,0.12176372,0.03999605,0.17549588,0.064372264,null,null,null,null,"TWOGAUSSIANS",8,17.923065,0.21509159,0.011710482,0.4,0.0,0.16142939,0.01278072,0.70849776,0.00978919,0.4,0.0,0.14296868,0.016243853
375316653866487564,4192752679294222208,0.5914992,2069.3692894722362,0.11189447849543305,5.5995706E-6,14.597214,0.00222001,0.28381497,9.395654E-4,0.010387148,7.3087745E-4,0.45573097,0.016138716,0.7808537,0.004984458,0.008080922,0.0037855383,0.84987676,57.405952,null,null,null,null,"TWOGAUSSIANS",8,128.7585,0.7808537,0.004984458,0.04525316,0.021199014,0.84987676,57.405952,0.28381497,9.395654E-4,0.058168028,0.0040929136,0.45573097,0.016138716
375316653866487564,4192760646455551616,0.5128281,2083.631680028552,3.6534792730025005,3.710156E-5,18.925074,0.07780836,0.1358057,0.008808106,0.078310914,0.03365195,0.38444427,0.06069663,0.6051132,0.014690354,0.097463176,0.028191369,0.48562932,0.07304979,null,null,null,null,"TWOGAUSSIANS",8,7.6614976,0.6051132,0.014690354,0.4,0.0,0.47650552,0.044125628,0.1358057,0.008859502,0.4,0.02366613,0.37532514,0.0817086
375316653866487564,4192776073976752512,0.56277287,2080.8659251911786,2.5671560603689145,1.2217179E-5,18.477402,0.011422333,0.23615439,0.0028465458,0.01660109,0.0058750603,0.18239895,0.020068515,0.74870336,0.003283816,0.052900307,0.005823693,0.35693285,0.04704884,0.10617655,0.015178931,0.74870336,0.003283816,"TWOGAUSSIANS_WITH_ELLIPSOIDAL_ON_ECLIPSE2",9,8.470776,0.74870336,0.003283816,0.29624173,0.03261268,0.5692806,0.038747292,0.23646438,0.002662821,0.0929661,0.032900337,0.39346164,0.024291435
375316653866487564,4192777693183988736,0.5830999,2080.8055300743954,1.188332373412804,7.4528316E-6,16.112509,0.051142476,0.2926758,0.0033394813,0.13670284,0.030105403,0.13246477,0.05006978,0.7922027,0.0029625732,0.1265052,0.0212393,0.13801669,0.048551824,null,null,null,null,"TWOGAUSSIANS",8,2.3553607,0.7922027,0.0029596142,0.4,0.0,0.0940874,0.0023550494,0.29268578,0.0033916524,0.4,0.0,0.08831761,0.0023249923
375316653866487564,4192778552177459200,0.52331495,2047.7463132724386,2.1619623407513835,1.3611651E-5,18.391861,0.007907234,0.2564744,0.0067910384,0.08613386,0.0102884285,0.1577075,0.01252719,0.7634315,0.0037178667,0.068657264,0.0041756174,0.285089,0.011999916,null,null,null,null,"TWOGAUSSIANS",8,2.931498,0.7634315,0.0037178667,0.38448068,0.023383455,0.28319502,0.011580321,0.2564744,0.0067910384,0.4,0.0,0.1558135,0.012732045
375316653866487564,4192778689616347264,0.5404923,2056.0937512261094,3.2968395684953036,2.2779242E-5,17.529314,0.014447468,0.26303193,0.0068445695,0.08769502,0.009531968,0.30164608,0.015442026,0.76742035,0.0045864927,0.086955704,0.0074001336,0.24476255,0.013430793,null,null,null,null,"TWOGAUSSIANS",8,16.272356,0.26303193,0.0068445695,0.4,0.0,0.29325256,0.0139337415,0.76742035,0.0045864927,0.4,0.0,0.23636903,0.00869978
375316653866487564,4192779613029937664,0.46131223,2087.5087798534073,0.03683375780662062,2.1172023E-5,18.800947,0.031457435,0.32526347,0.008889184,0.103513904,0.013432523,0.60271245,0.1594909,0.7611424,0.022117728,0.077322185,0.018270643,0.15597934,0.03546166,null,null,null,null,"TWOGAUSSIANS",8,11.353498,0.32526347,0.008889184,0.4,0.0,0.5976369,0.16068064,0.7611424,0.022117728,0.4,0.005821553,0.15098906,0.025283923
375316653866487564,4192781644553199488,0.65814066,2088.5846972362156,1.7642956429311065,1.0366834E-6,17.233416,0.0032723488,0.36249697,2.8698714E-4,0.04035789,3.6101392E-4,0.76948607,0.012364509,0.86198646,0.0029477708,0.049661193,0.0030426735,0.13011098,0.0073712505,null,null,null,null,"TWOGAUSSIANS",8,3.6719863,0.36249697,2.8698714E-4,0.22600418,0.0020216778,0.76948595,0.012364507,0.86198646,0.0029477708,0.27810267,0.017038971,0.13011086,0.0073712575
375316653866487564,4192786278816777088,0.556121,2108.312666572711,1.636157015003207,2.5473311E-5,18.154968,0.003959734,0.27219236,0.0052374415,0.053788487,0.0036928633,0.43229973,0.055965897,0.77490485,0.008044104,0.0633512,0.008493319,0.09444266,0.008128924,null,null,null,null,"TWOGAUSSIANS",8,3.184873,0.27219236,0.0052374415,0.30121553,0.020680035,0.43226257,0.05598024,0.77490485,0.008044104,0.35476673,0.047562588,0.09440548,0.008135102
375316653866487564,4192791127841021056,0.52909493,2078.3020526770224,2.7485404040242307,1.5918757E-5,14.587594,1.0886191,0.23086727,0.011540622,0.15060563,0.05957067,0.36455622,0.82957417,0.7492883,0.010990806,0.1642364,0.10031354,0.39087662,1.0298625,null,null,null,null,"TWOGAUSSIANS",8,103.14837,0.7511383,0.0063643735,0.4,0.0,0.19932444,0.006458058,0.22770727,0.004504872,0.4,0.0,0.17787082,0.005487309
375316653866487564,4192796144363069056,0.530373,2086.9693051213167,3.400563394087472,1.3805991E-5,15.489495,0.012718167,0.27134272,0.0067467955,0.09521892,0.01282095,0.17259967,0.014838791,0.76911044,0.0024017312,0.100950554,0.007679953,0.19944873,0.011942831,null,null,null,null,"TWOGAUSSIANS",8,47.55685,0.76911044,0.0024017312,0.4,0.0,0.18542612,0.00767967,0.27134272,0.0067467955,0.4,0.0,0.15857859,0.015935486
375316653866487564,4192797480091897088,0.59304917,2080.2044403845143,3.5091172286227414,8.429295E-6,17.807556,0.016226923,0.3149249,0.0029030964,0.107293785,0.0062736487,0.30396405,0.016068624,0.81161404,0.0021879154,0.11011892,0.0071088127,0.2618967,0.0153510105,null,null,null,null,"TWOGAUSSIANS",8,2.0539117,0.3149249,0.0029080745,0.4,0.0,0.26535028,0.005102193,0.81161404,0.0021879154,0.4,0.0,0.22327714,0.009179996
375316653866487564,4192798545243387648,0.4779922,2147.657866865082,0.18054937091041096,6.428614E-5,18.220114,0.0118291965,0.31909737,0.016820628,0.070764266,0.027954979,0.09017691,0.14273606,0.81507254,0.018403899,0.008176044,0.033973273,0.35295928,0.28669357,null,null,null,null,"TWOGAUSSIANS",8,6.472875,0.81507254,0.018403899,0.045785844,0.19025032,0.35295928,0.28672624,0.31909737,0.016820628,0.39627987,0.118920095,0.09017691,0.14273652
