Gaia/vari_eclipsing_binary/VariEclipsingBinary_688692-688717.csv
# %ECSV 1.0
# ---
# delimiter: ','
# meta: !!omap
# - RELEASE: Gaia DR3
# - TABLE: vari_eclipsing_binary
# - DESCRIPTION: >
#     This table describes the properties of the eclipsing binaries resulting from the variability analysis. 
# - CITATION: >
#     How to cite and acknowledge Gaia: 
#     https://gea.esac.esa.int/archive/documentation/credits.html 
# - KNOWN_ISSUES: >
#     Known issues: 
#     https://www.cosmos.esa.int/web/gaia-users/known-issues 
# - DOCUMENTATION: >
#     Tutorials and documentation: 
#     https://www.cosmos.esa.int/web/gaia-users/archive 
# datatype:
# - 
#   name: solution_id
#   datatype: int64
#   description: Solution Identifier
#   meta:
#     ucd: meta.version
# - 
#   name: source_id
#   datatype: int64
#   description: Unique source identifier
#   meta:
#     ucd: meta.id;meta.main
# - 
#   name: global_ranking
#   datatype: float32
#   description: Number between 0 (worst) and 1 (best)
#   meta:
#     ucd: stat.param
# - 
#   name: reference_time
#   datatype: float64
#   unit: d
#   description: Reference time used for the geometric model fit
#   meta:
#     ucd: time.epoch
# - 
#   name: frequency
#   datatype: float64
#   unit: d**-1
#   description: Frequency of geometric model of the eclipsing binary light curve
#   meta:
#     ucd: src.orbital
# - 
#   name: frequency_error
#   datatype: float32
#   unit: d**-1
#   description: "Uncertainty of \\texttt{frequency}"
#   meta:
#     ucd: stat.error
# - 
#   name: geom_model_reference_level
#   datatype: float32
#   unit: mag
#   description: Magnitude reference level of geometric model
#   meta:
#     ucd: phot.mag;em.opt
# - 
#   name: geom_model_reference_level_error
#   datatype: float32
#   unit: mag
#   description: "Uncertainty of \\texttt{geomModelReferenceLevel}"
#   meta:
#     ucd: stat.error;phot.mag;em.opt
# - 
#   name: geom_model_gaussian1_phase
#   datatype: float32
#   description: Phase of the Gaussian 1 component
#   meta:
#     ucd: time.phase
# - 
#   name: geom_model_gaussian1_phase_error
#   datatype: float32
#   description: "Uncertainty of \\texttt{geomModelGaussian1Phase}"
#   meta:
#     ucd: stat.error;time.phase
# - 
#   name: geom_model_gaussian1_sigma
#   datatype: float32
#   description: "Standard deviation [phase] of Gaussian 1 component"
#   meta:
#     ucd: stat.stdev
# - 
#   name: geom_model_gaussian1_sigma_error
#   datatype: float32
#   description: "Uncertainty of \\texttt{geomModelGaussian1Sigma}"
#   meta:
#     ucd: stat.error
# - 
#   name: geom_model_gaussian1_depth
#   datatype: float32
#   unit: mag
#   description: Magnitude depth of Gaussian 1 component
#   meta:
#     ucd: src.var.amplitude
# - 
#   name: geom_model_gaussian1_depth_error
#   datatype: float32
#   unit: mag
#   description: "Uncertainty of \\texttt{geomModelGaussian1Depth}"
#   meta:
#     ucd: stat.error;src.var.amplitude
# - 
#   name: geom_model_gaussian2_phase
#   datatype: float32
#   description: Phase of Gaussian 2 component
#   meta:
#     ucd: time.phase
# - 
#   name: geom_model_gaussian2_phase_error
#   datatype: float32
#   description: "Uncertainty of \\texttt{geomModelGaussian2Phase}"
#   meta:
#     ucd: stat.error;time.phase
# - 
#   name: geom_model_gaussian2_sigma
#   datatype: float32
[...]
#   datatype: float32
#   description: "Secondary eclipse: uncertainty of \\texttt{derivedSecondaryEclDuration}"
#   meta:
#     ucd: stat.error;time.duration
# - 
#   name: derived_secondary_ecl_depth
#   datatype: float32
#   unit: mag
#   description: "Secondary eclipse: depth"
#   meta:
#     ucd: src.var.amplitude
# - 
#   name: derived_secondary_ecl_depth_error
#   datatype: float32
#   unit: mag
#   description: "Secondary eclipse: uncertainty of \\texttt{derivedSecondaryEclDepth}"
#   meta:
#     ucd: stat.error;src.var.amplitude
solution_id,source_id,global_ranking,reference_time,frequency,frequency_error,geom_model_reference_level,geom_model_reference_level_error,geom_model_gaussian1_phase,geom_model_gaussian1_phase_error,geom_model_gaussian1_sigma,geom_model_gaussian1_sigma_error,geom_model_gaussian1_depth,geom_model_gaussian1_depth_error,geom_model_gaussian2_phase,geom_model_gaussian2_phase_error,geom_model_gaussian2_sigma,geom_model_gaussian2_sigma_error,geom_model_gaussian2_depth,geom_model_gaussian2_depth_error,geom_model_cosine_half_period_amplitude,geom_model_cosine_half_period_amplitude_error,geom_model_cosine_half_period_phase,geom_model_cosine_half_period_phase_error,model_type,num_model_parameters,reduced_chi2,derived_primary_ecl_phase,derived_primary_ecl_phase_error,derived_primary_ecl_duration,derived_primary_ecl_duration_error,derived_primary_ecl_depth,derived_primary_ecl_depth_error,derived_secondary_ecl_phase,derived_secondary_ecl_phase_error,derived_secondary_ecl_duration,derived_secondary_ecl_duration_error,derived_secondary_ecl_depth,derived_secondary_ecl_depth_error
[from data line 145]
375316653866487564,6057847652124740480,0.5501633,2187.84528757633,0.5794552835332579,6.2675845E-6,18.57313,0.0077663576,0.26116267,0.0024680658,0.07183923,0.004487775,0.28439745,0.010220254,0.76285547,6.035716E-4,0.058783367,0.0019171352,0.42431745,0.020746613,null,null,null,null,"TWOGAUSSIANS",8,3.2940836,0.76285547,6.035716E-4,0.32918686,0.010735957,0.42389446,0.020764964,0.26116267,0.0024680658,0.4,0.013023221,0.28397447,0.010225987
375316653866487564,6057849340092013312,0.4750447,2167.258126572325,3.9552177166441917,2.4336157E-5,19.796347,0.0321021,0.2893267,0.011520878,0.08411819,0.015014682,0.32965153,0.03852607,0.75403154,0.008728323,0.083457924,0.025817372,0.27444893,0.039269008,null,null,null,null,"TWOGAUSSIANS",8,2.964027,0.2893267,0.011521368,0.4,0.0,0.32599115,0.03386078,0.75403154,0.008728323,0.4,0.0,0.27078858,0.045356967
375316653866487564,6057850164717492992,0.4963082,2161.9607487841395,4.190021097075716,1.1756517E-6,17.295546,0.001439862,0.2882955,1.8659266E-5,0.0023714802,2.120046E-4,1.2813814,0.70520806,0.76990616,0.059643026,0.02180275,0.004804592,0.110033154,0.101709165,null,null,null,null,"TWOGAUSSIANS",8,3.913671,0.2882955,1.8659266E-5,0.013280289,0.0011872257,1.2813814,0.70520806,0.76990616,0.059643026,0.1220954,0.026905715,0.110033154,0.101709165
375316653866487564,6057850920631720192,0.68819404,2167.908639138572,0.139565928872086,2.9160528E-6,15.152098,5.466817E-4,0.37427565,2.1616978E-4,0.012363149,2.783599E-4,0.3460884,0.002676522,0.8731594,0.0028898998,0.012830019,0.0035866199,0.34284228,0.12256322,null,null,null,null,"TWOGAUSSIANS",8,6.0709333,0.37427565,2.1616978E-4,0.06923363,0.0015588154,0.3460884,0.002676522,0.8731594,0.0028898998,0.07184811,0.020085072,0.34284228,0.12256322
375316653866487564,6057850920631729408,0.6568698,2169.684410668836,0.8897785001942288,4.0207033E-6,16.86356,0.002819227,0.17715928,5.2935723E-4,0.0724181,0.00135745,0.40930003,0.005447609,0.67479014,0.0025675101,0.094477914,0.0034353884,0.15726592,0.0029853461,null,null,null,null,"TWOGAUSSIANS",8,3.0925238,0.17715928,5.2935723E-4,0.4,0.0,0.4043232,0.005802731,0.67479014,0.0025675101,0.4,0.0,0.15228882,0.0024949359
375316653866487564,6057851191173767040,0.51437014,2159.297337256718,1.9165806870113011,1.7839273E-5,17.373896,0.00615599,0.25569853,0.024114981,0.026192967,0.03055682,0.06556937,87403.38,0.764263,0.004303548,0.04417011,0.0063934866,0.26568875,0.017017,0.01112138,0.00775313,0.25569853,0.024114981,"TWOGAUSSIANS_WITH_ELLIPSOIDAL_ON_ECLIPSE1",9,21.874048,0.764263,0.004275391,0.24735263,0.035803527,0.28786713,0.016610285,0.25569853,0.024114981,0.14668062,0.1711182,0.08781209,87403.38
375316653866487564,6057851195509651200,0.51644015,2160.879527325731,1.1093303279865283,6.6253306E-6,14.827823,4.4148616E-4,0.24282625,0.0031760198,0.025895383,0.023983154,2.8436218E-4,8.881412E7,0.7506976,0.0073733884,0.050134134,0.0069183093,0.025291687,0.0035194624,0.014456437,5.7603454E-4,0.24282625,0.0031760198,"TWOGAUSSIANS_WITH_ELLIPSOIDAL_ON_ECLIPSE1",9,5.8160257,0.7506976,0.0073733884,0.28075114,0.03874253,0.054133724,0.0034756288,0.24282625,0.0031760198,0.14501414,0.13430567,0.029197065,8.881412E7
375316653866487564,6057852599926762496,0.55698484,2185.0110015999094,0.2882760634672156,5.685554E-6,17.110138,0.0032652048,0.3039173,0.0075561428,0.03509173,0.0045166733,0.03824777,0.0042279917,0.8044302,5.741513E-4,0.03185431,9.3068555E-4,0.19650288,0.004272689,null,null,null,null,"TWOGAUSSIANS",8,6.0951715,0.8044302,5.741513E-4,0.17838413,0.005211839,0.19650288,0.004272689,0.3039173,0.0075561428,0.19651371,0.02529337,0.03824777,0.0042279917
375316653866487564,6057852604259277312,0.6766522,2196.649894565296,0.09248446844613348,2.9545057E-5,15.493746,6.432513E-4,0.5441785,0.041138355,0.044943474,0.04022641,0.0047848434,0.0031364013,0.9278568,0.009026078,0.010573481,0.0052908035,0.41310844,0.46816036,null,null,null,null,"TWOGAUSSIANS",8,3.874774,0.9278568,0.009026078,0.059211496,0.0296285,0.41310844,0.46816036,0.5441785,0.041138355,0.25168347,0.2252679,0.0047848434,0.0031364013
375316653866487564,6057852776057934080,0.4694423,2198.642628387742,1.0490868560350224,7.4234104E-6,14.687627,0.003949834,0.2786361,0.009613129,0.032734163,0.01249536,0.1478298,0.040507633,0.7857664,0.0031034015,0.028701795,0.0033496402,0.1787113,0.013233355,0.014661265,0.005202146,0.2786361,0.009613129,"TWOGAUSSIANS_WITH_ELLIPSOIDAL_ON_ECLIPSE1",9,63.350384,0.7857664,0.0031034015,0.16073006,0.018757986,0.207975,0.011968707,0.2786361,0.009613129,0.18331131,0.06997402,0.17715232,0.043925483
375316653866487564,6057852840439962112,0.45210418,2216.316338116157,3.508946098043131,2.3236245E-5,15.636809,0.035013594,0.4373007,0.009070795,0.20045623,0.028062046,0.36528444,0.025034226,0.881257,0.0014347563,0.010296952,0.0033495564,0.13689944,0.030214347,null,null,null,null,"TWOGAUSSIANS",8,119.68001,0.4373007,0.009070795,0.4,0.0,0.33272868,0.027753223,0.881257,0.0014347563,0.05766293,0.018757515,0.14357808,0.03042878
375316653866487564,6057853222712318592,0.59559655,2171.109706078884,1.2166847781393435,1.707572E-5,18.163315,0.0030978364,0.20388794,0.01135471,0.050823603,0.006849789,0.0803233,0.015555131,0.7123014,0.0049546384,0.04286708,0.0028104694,0.5767524,0.026146287,null,null,null,null,"TWOGAUSSIANS",8,3.4830053,0.7123014,0.0049546384,0.24005564,0.015738629,0.5767523,0.02614631,0.20388794,0.01135471,0.28461218,0.03835882,0.080323145,0.015555166
375316653866487564,6057854180477158784,0.5023833,2212.2238931066595,0.10226094497866933,1.2208671E-5,19.667568,0.006876198,0.03384864,0.009462758,0.0045795096,0.007859323,0.037890017,2.5445137,0.7282127,0.0010397624,0.014067937,0.0018343627,0.5134097,0.054594267,null,null,null,null,"TWOGAUSSIANS",8,2.6995895,0.7282127,0.0010397624,0.07878044,0.010272431,0.5134097,0.054594267,0.03384864,0.009462758,0.025645254,0.04401221,0.037890017,2.5445137
375316653866487564,6057854219167025920,0.5667326,2221.2621505161446,2.6032933603800825,6.372966E-6,17.218575,0.0075026136,0.29340896,0.0020945086,0.09940746,0.003725682,0.20712467,0.007938635,0.7894615,0.0022779612,0.09821359,0.0054941424,0.21127078,0.00678796,null,null,null,null,"TWOGAUSSIANS",8,4.390103,0.7894615,0.0022779612,0.4,0.0,0.19507405,0.006107471,0.29340896,0.0020945086,0.4,0.0,0.1909276,0.0047667497
375316653866487564,6057854597103036160,0.61978716,2189.1386068866013,1.5024860889108849,5.0227454E-6,18.451065,0.008835177,0.24946573,0.008813617,0.043217916,0.00828057,0.04607831,0.023481365,0.7472408,0.0015681299,0.04356543,0.0017285668,0.74687606,0.021216778,0.04508116,0.011099986,0.24946573,0.008813617,"TWOGAUSSIANS_WITH_ELLIPSOIDAL_ON_ECLIPSE1",9,3.3231108,0.7472808,0.0014966863,0.24396642,0.009679974,0.837021,0.015511844,0.24946573,0.008813617,0.24202034,0.04637119,0.13624056,0.012552726
375316653866487564,6057855383065317504,0.6112991,2235.606500406075,2.5063243137878053,5.708398E-6,16.50919,0.0059680655,0.28749305,0.0021983576,0.07797384,0.0022874924,0.42817217,0.008706222,0.7899611,0.001791454,0.08211824,0.0022670708,0.4179673,0.008286754,null,null,null,null,"TWOGAUSSIANS",8,14.345236,0.28749305,0.0021983576,0.4,0.0,0.42203444,0.008242801,0.7899611,0.001791454,0.4,0.0,0.41182956,0.007904947
375316653866487564,6057855657946225152,0.47865382,2178.874630423955,3.3861902522533547,2.772779E-5,18.362436,0.57371837,0.1746936,0.014201804,0.114226185,0.06463687,0.19701812,0.44403827,0.6999381,0.016375933,0.120103694,0.11458219,0.16201001,0.5554375,null,null,null,null,"TWOGAUSSIANS",8,5.128389,0.1745736,0.01100387,0.4,0.0,0.16825144,0.013287193,0.7000381,0.015008443,0.4,0.0,0.13320634,0.016477797
375316653866487564,6057856173341936768,0.4474849,2177.6555051974037,0.9746015631972071,1.5493362E-5,18.342255,0.021012196,0.39720857,0.19759157,0.070131905,0.11863588,0.08280592,0.06549655,0.80754656,0.0030518568,0.01712519,0.0034287614,0.9416405,0.35517785,0.0701979,0.043227907,0.80754656,0.0030518568,"TWOGAUSSIANS_WITH_ELLIPSOIDAL_ON_ECLIPSE2",9,28.490643,0.80754656,0.0030518568,0.095901065,0.019201064,1.0820343,0.40906975,0.36020857,0.049075663,0.39273867,0.112428404,0.1976233,0.040293127
375316653866487564,6057857483342190336,0.46094245,2187.4514761254,0.04189179679700104,1.8935747E-5,17.034325,0.003062681,0.15454482,0.0014551742,0.003530139,9.1098546E-4,0.30272892,0.16437407,0.94329256,0.03958333,0.023321394,0.017660871,0.05270821,0.09572109,null,null,null,null,"TWOGAUSSIANS",8,13.473957,0.15454482,0.0014551742,0.01976878,0.0051015187,0.30272892,0.16437407,0.94329256,0.03958333,0.13059981,0.09890088,0.05270821,0.09572109
375316653866487564,6057857552039904896,0.55398256,2196.872988368844,2.8990372544346905,1.1662274E-5,19.395014,0.016341368,0.20283915,0.0033044708,0.07724199,0.004868495,0.56781375,0.016412888,0.69931555,0.0032763747,0.06885355,0.004184219,0.504733,0.022596749,null,null,null,null,"TWOGAUSSIANS",8,2.8947656,0.20283915,0.0033044708,0.4,0.0,0.56498843,0.015228975,0.69931555,0.0032763747,0.38557985,0.023431625,0.5019077,0.021955585
375316653866487564,6057857856980253952,0.6304467,2195.5892759839644,2.8614572425471447,6.1207684E-6,18.171276,0.005730053,0.27135432,0.0011501695,0.043402486,0.0026816742,0.5085033,0.03026729,0.7694285,0.0014891042,0.042255815,0.0016484604,0.49412563,0.015522066,0.12659937,0.008662638,0.27135432,0.0011501695,"TWOGAUSSIANS_WITH_ELLIPSOIDAL_ON_ECLIPSE1",9,5.0016017,0.27135432,0.0011501695,0.24305391,0.015017375,0.7617017,0.034603193,0.7695585,0.0013804553,0.23663257,0.009231378,0.7472895,0.009309302
375316653866487564,6057858307975966208,0.5577571,2177.7718798673814,0.607892662505556,1.07876385E-5,16.618532,0.007006026,0.2628059,0.00441631,0.03156777,0.007689919,0.09651334,0.018233504,0.7496295,0.00301078,0.0432524,0.0058666198,0.20411718,0.015123161,0.024585882,0.008814563,0.2628059,0.00441631,"TWOGAUSSIANS_WITH_ELLIPSOIDAL_ON_ECLIPSE1",9,8.091988,0.7500795,0.0028574455,0.24221344,0.03285307,0.25296408,0.012777021,0.2628059,0.00441631,0.17677951,0.043063547,0.14568502,0.011351892
375316653866487564,6057858548472830720,0.48276755,2200.4848133751007,1.993563851077977,1.9960175E-5,18.272758,0.022249196,0.15544458,0.0048306347,0.115573235,0.01767523,0.15963523,0.019651465,0.65188164,0.006040463,0.09369711,0.011976199,0.17390855,0.021102946,null,null,null,null,"TWOGAUSSIANS",8,4.158679,0.65188164,0.006040463,0.4,0.0,0.15573339,0.010669631,0.15544458,0.0048306347,0.4,0.0,0.14143254,0.011115277
375316653866487564,6057858789012372864,0.50225127,2218.1725891613964,1.9828662848603866,1.1973715E-5,17.547222,0.0072112423,0.13361052,0.0030354331,0.086605996,0.0070527443,0.11506383,0.00837712,0.6419519,0.0061321408,0.09430121,0.010052538,0.10860114,0.00873892,null,null,null,null,"TWOGAUSSIANS",8,3.146364,0.13361052,0.0030354331,0.4,0.0,0.11076099,0.0074011832,0.6419519,0.0061321408,0.4,0.0,0.10429813,0.0075982655
375316653866487564,6057859063890305536,0.5540744,2189.6215569732058,0.6841971756608428,5.868261E-6,15.568378,0.0027446433,0.15305676,0.0014418678,0.0208021,0.0013066605,0.22266442,0.025517223,0.6731863,0.019611737,0.0433869,0.05423707,0.090873204,0.06085093,null,null,null,null,"TWOGAUSSIANS",8,14.730023,0.15305676,0.0014418678,0.11649176,0.0073172986,0.22266442,0.025517222,0.6731863,0.019611737,0.24296664,0.18671124,0.090873204,0.060853995
375316653866487564,6057859338747639808,0.59343684,2193.700453192707,0.5734296396081846,3.2529242E-5,17.401249,0.003221514,0.20796576,0.02727354,0.029442323,0.011354365,0.13762605,0.054807432,0.71000314,0.004600763,0.02627538,0.0045417743,1.6709069,0.7196412,null,null,null,null,"TWOGAUSSIANS",8,10.951457,0.71000314,0.004600763,0.14714213,0.025433935,1.6709069,0.7196412,0.20796576,0.02727354,0.16487701,0.06358445,0.13762605,0.054807432
375316653866487564,6057859403168455424,0.44218507,2214.481196818548,0.3720395305302823,1.4731004E-4,18.832968,0.008075256,0.19429404,0.03899248,0.024016017,0.061149325,0.39353067,0.4102252,0.6575541,0.011792858,0.03694005,0.009258599,0.29822928,0.19220614,null,null,null,null,"TWOGAUSSIANS",8,7.1541686,0.19429404,0.03899248,0.1344897,0.2904939,0.39353067,0.41022956,0.6575541,0.011792858,0.20686428,0.051848155,0.29822928,0.19220631
375316653866487564,6057859579286356736,0.46970335,2188.1579087189634,0.5287671027427931,1.855704E-5,17.50966,0.0035757981,0.19158274,0.01463885,0.04203394,0.0122156935,0.10710059,0.022160541,0.70280534,0.0071464707,0.021161852,0.0054891207,0.19751166,0.07080815,null,null,null,null,"TWOGAUSSIANS",8,9.744471,0.70280534,0.0071464707,0.11850637,0.030739076,0.19751166,0.07080815,0.19158274,0.01463885,0.23539007,0.068407886,0.10710059,0.022160541
375316653866487564,6057861262913889664,0.44049668,2154.4550770158526,3.4761995326961603,4.6612688E-5,18.908087,0.04011332,0.17737745,0.016277572,0.06146271,0.049837664,0.15604967,0.063349076,0.6639339,0.008948104,0.06780225,0.032639775,0.14970103,0.019686164,null,null,null,null,"TWOGAUSSIANS",8,5.259973,0.17737745,0.016277572,0.3441912,0.21356283,0.1559353,0.06342049,0.6639339,0.008948104,0.3796926,0.105099924,0.14958665,0.016795645
375316653866487564,6057861709590450560,0.5703781,2180.049292593396,3.6649173610356356,4.6148507E-6,18.358206,0.0049977056,0.27916592,0.002087898,0.07446308,0.0024843554,0.37050897,0.013956962,0.7821168,0.0019295154,0.07414168,0.0023180498,0.44089758,0.009345688,null,null,null,null,"TWOGAUSSIANS",8,3.496191,0.7821168,0.0019295154,0.4,0.0,0.4382668,0.009398768,0.27916592,0.002087898,0.4,0.0,0.3678782,0.014109658
375316653866487564,6057862942206841344,0.5121962,2164.5849812503216,0.4329836773295487,5.0833954E-5,18.415173,0.0028150256,0.19397317,0.025637046,0.018633815,0.013180024,0.03231258,0.0736591,0.68139803,0.0048431307,0.024045313,0.0026363232,0.4413401,0.04003798,null,null,null,null,"TWOGAUSSIANS",8,3.24433,0.68139803,0.0048431307,0.13465375,0.01476341,0.4413401,0.04003798,0.19397317,0.025637046,0.10434936,0.07380813,0.03231258,0.0736591
375316653866487564,6057863633735959936,0.5279267,2152.014433303648,0.6604304233442388,1.0730754E-5,16.493074,0.0022801275,0.2217392,0.002595503,0.021019015,0.015223148,0.06513974,0.042399794,0.7132204,0.010475518,0.021705337,0.011981161,0.062777415,0.013297804,0.03333691,0.0030176179,0.2217392,0.002595503,"TWOGAUSSIANS_WITH_ELLIPSOIDAL_ON_ECLIPSE1",9,5.572754,0.2217392,0.002595503,0.117706485,0.08524963,0.13181342,0.042642023,0.7135404,0.010167674,0.12154988,0.0670945,0.12926748,0.013382336
375316653866487564,6057864114772255232,0.5199839,2172.652308958905,1.9021316761537475,2.2555867E-5,17.731827,0.030603264,0.21247423,0.007225581,0.045627605,0.03042349,0.1145002,0.06768922,0.6901356,0.0054090964,0.060244273,0.004933032,0.44807854,0.07713988,0.073055156,0.046073172,0.21247423,0.007225581,"TWOGAUSSIANS_WITH_ELLIPSOIDAL_ON_ECLIPSE1",9,24.072506,0.6920256,0.003917357,0.33736792,0.02762498,0.5915525,0.03984828,0.21247423,0.007225581,0.2555146,0.17037155,0.26059332,0.04363071
375316653866487564,6057864561428826112,0.52841336,2201.1636525105255,2.8089196870301225,1.2096149E-5,19.07824,0.025722798,0.20079678,0.007625177,0.093510464,0.011558845,0.41859666,0.035981093,0.7024496,0.0034143452,0.1034146,0.00861245,0.38740504,0.024151418,null,null,null,null,"TWOGAUSSIANS",8,3.4317422,0.20079678,0.007625177,0.4,0.0,0.38733047,0.0436668,0.7024496,0.0034143452,0.4,0.0,0.35613286,0.014860646
375316653866487564,6057864870686390400,0.5100482,2166.077923122413,2.8176916982174225,1.6010732E-5,18.75623,0.0103299655,0.26098335,0.005089726,0.08236251,0.008817706,0.19496796,0.011506584,0.7616124,0.0026576235,0.08215321,0.005963552,0.20599785,0.009795172,null,null,null,null,"TWOGAUSSIANS",8,2.1007686,0.7616124,0.0026576235,0.4,0.0,0.20208848,0.00810603,0.26098335,0.005089726,0.4,0.0,0.19105858,0.010779218
