Gaia/vari_eclipsing_binary/VariEclipsingBinary_367349-368119.csv
# %ECSV 1.0
# ---
# delimiter: ','
# meta: !!omap
# - RELEASE: Gaia DR3
# - TABLE: vari_eclipsing_binary
# - DESCRIPTION: >
#     This table describes the properties of the eclipsing binaries resulting from the variability analysis. 
# - CITATION: >
#     How to cite and acknowledge Gaia: 
#     https://gea.esac.esa.int/archive/documentation/credits.html 
# - KNOWN_ISSUES: >
#     Known issues: 
#     https://www.cosmos.esa.int/web/gaia-users/known-issues 
# - DOCUMENTATION: >
#     Tutorials and documentation: 
#     https://www.cosmos.esa.int/web/gaia-users/archive 
# datatype:
# - 
#   name: solution_id
#   datatype: int64
#   description: Solution Identifier
#   meta:
#     ucd: meta.version
# - 
#   name: source_id
#   datatype: int64
#   description: Unique source identifier
#   meta:
#     ucd: meta.id;meta.main
# - 
#   name: global_ranking
#   datatype: float32
#   description: Number between 0 (worst) and 1 (best)
#   meta:
#     ucd: stat.param
# - 
#   name: reference_time
#   datatype: float64
#   unit: d
#   description: Reference time used for the geometric model fit
#   meta:
#     ucd: time.epoch
# - 
#   name: frequency
#   datatype: float64
#   unit: d**-1
#   description: Frequency of geometric model of the eclipsing binary light curve
#   meta:
#     ucd: src.orbital
# - 
#   name: frequency_error
#   datatype: float32
#   unit: d**-1
#   description: "Uncertainty of \\texttt{frequency}"
#   meta:
#     ucd: stat.error
# - 
#   name: geom_model_reference_level
#   datatype: float32
#   unit: mag
#   description: Magnitude reference level of geometric model
#   meta:
#     ucd: phot.mag;em.opt
# - 
#   name: geom_model_reference_level_error
#   datatype: float32
#   unit: mag
#   description: "Uncertainty of \\texttt{geomModelReferenceLevel}"
#   meta:
#     ucd: stat.error;phot.mag;em.opt
# - 
#   name: geom_model_gaussian1_phase
#   datatype: float32
#   description: Phase of the Gaussian 1 component
#   meta:
#     ucd: time.phase
# - 
#   name: geom_model_gaussian1_phase_error
#   datatype: float32
#   description: "Uncertainty of \\texttt{geomModelGaussian1Phase}"
#   meta:
#     ucd: stat.error;time.phase
# - 
#   name: geom_model_gaussian1_sigma
#   datatype: float32
#   description: "Standard deviation [phase] of Gaussian 1 component"
#   meta:
#     ucd: stat.stdev
# - 
#   name: geom_model_gaussian1_sigma_error
#   datatype: float32
#   description: "Uncertainty of \\texttt{geomModelGaussian1Sigma}"
#   meta:
#     ucd: stat.error
# - 
#   name: geom_model_gaussian1_depth
#   datatype: float32
#   unit: mag
#   description: Magnitude depth of Gaussian 1 component
#   meta:
#     ucd: src.var.amplitude
# - 
#   name: geom_model_gaussian1_depth_error
#   datatype: float32
#   unit: mag
#   description: "Uncertainty of \\texttt{geomModelGaussian1Depth}"
#   meta:
#     ucd: stat.error;src.var.amplitude
# - 
#   name: geom_model_gaussian2_phase
#   datatype: float32
#   description: Phase of Gaussian 2 component
#   meta:
#     ucd: time.phase
# - 
#   name: geom_model_gaussian2_phase_error
#   datatype: float32
#   description: "Uncertainty of \\texttt{geomModelGaussian2Phase}"
#   meta:
#     ucd: stat.error;time.phase
# - 
#   name: geom_model_gaussian2_sigma
#   datatype: float32
[...]
#   datatype: float32
#   description: "Secondary eclipse: uncertainty of \\texttt{derivedSecondaryEclDuration}"
#   meta:
#     ucd: stat.error;time.duration
# - 
#   name: derived_secondary_ecl_depth
#   datatype: float32
#   unit: mag
#   description: "Secondary eclipse: depth"
#   meta:
#     ucd: src.var.amplitude
# - 
#   name: derived_secondary_ecl_depth_error
#   datatype: float32
#   unit: mag
#   description: "Secondary eclipse: uncertainty of \\texttt{derivedSecondaryEclDepth}"
#   meta:
#     ucd: stat.error;src.var.amplitude
solution_id,source_id,global_ranking,reference_time,frequency,frequency_error,geom_model_reference_level,geom_model_reference_level_error,geom_model_gaussian1_phase,geom_model_gaussian1_phase_error,geom_model_gaussian1_sigma,geom_model_gaussian1_sigma_error,geom_model_gaussian1_depth,geom_model_gaussian1_depth_error,geom_model_gaussian2_phase,geom_model_gaussian2_phase_error,geom_model_gaussian2_sigma,geom_model_gaussian2_sigma_error,geom_model_gaussian2_depth,geom_model_gaussian2_depth_error,geom_model_cosine_half_period_amplitude,geom_model_cosine_half_period_amplitude_error,geom_model_cosine_half_period_phase,geom_model_cosine_half_period_phase_error,model_type,num_model_parameters,reduced_chi2,derived_primary_ecl_phase,derived_primary_ecl_phase_error,derived_primary_ecl_duration,derived_primary_ecl_duration_error,derived_primary_ecl_depth,derived_primary_ecl_depth_error,derived_secondary_ecl_phase,derived_secondary_ecl_phase_error,derived_secondary_ecl_duration,derived_secondary_ecl_duration_error,derived_secondary_ecl_depth,derived_secondary_ecl_depth_error
[from data line 250]
375316653866487564,3234931541572872576,0.5371681,2318.2181563750646,2.4674060671287497,9.726433E-6,15.554267,0.057635125,0.2697666,0.0033858297,0.13036811,0.023019195,0.19101614,0.056021098,0.7628393,0.0053028488,0.122674614,0.025300222,0.19628668,0.052872773,null,null,null,null,"TWOGAUSSIANS",8,27.091291,0.7628393,0.0053028488,0.4,0.0,0.14453459,0.0064574387,0.2698266,0.0033757724,0.4,0.0,0.13911438,0.004845747
375316653866487564,3234941608976257920,0.612962,2365.0117945702027,0.19025285800369449,3.5913213E-6,15.4837265,7.664559E-4,0.27270225,0.0030308783,0.00811196,0.0012436099,0.29562643,0.067862086,0.7693221,0.005913877,0.007447537,0.004170884,0.3809536,0.9521454,null,null,null,null,"TWOGAUSSIANS",8,7.563004,0.7693221,0.005913877,0.041706204,0.023356948,0.3809536,0.9521454,0.27270225,0.0030308783,0.045426976,0.0069642155,0.29562643,0.067862086
375316653866487564,3234943017725508864,0.6802888,2373.6748965832176,0.33693128361748576,4.3326377E-6,12.624142,8.953978E-4,0.22314069,0.012617249,0.017881574,0.018255722,0.36911663,5.9175,0.7254062,1.4637619E-4,0.016149376,2.1043883E-4,0.37454033,0.003818253,0.0010872567,0.0012114389,0.22314069,0.012617249,"TWOGAUSSIANS_WITH_ELLIPSOIDAL_ON_ECLIPSE1",9,33.722885,0.7254062,1.4637619E-4,0.0904365,0.0011784575,0.3767144,0.0036828492,0.22314069,0.012617249,0.10013682,0.10223204,0.37129116,5.9178305
375316653866487564,3234965763872134272,0.5750917,2237.974859006362,0.07551987619044608,1.3760218E-5,14.670818,8.0798555E-4,0.15203825,0.002364437,0.0020634357,9.553291E-4,0.46148524,0.2209072,0.648438,4.0633357E-5,0.0013370039,1.7707423E-5,0.30972326,0.006765458,7.1028544E-4,0.0011917398,0.15203825,0.002364437,"TWOGAUSSIANS_WITH_ELLIPSOIDAL_ON_ECLIPSE1",9,23.876307,0.15203825,0.002364437,0.0115552405,0.005349843,0.46290582,0.22086166,0.648438,4.0633357E-5,0.0074872216,9.9161574E-5,0.3111431,0.0067858985
375316653866487564,3234977716764786560,0.4941457,2295.4014279674993,3.0691567395234305,1.6716047E-5,19.693356,0.012455344,0.31004858,0.006188246,0.063533366,0.008407186,0.6258771,0.085713916,0.80980545,0.0037250798,0.07062089,0.0040831272,0.5103368,0.02440779,null,null,null,null,"TWOGAUSSIANS",8,3.3799856,0.31004858,0.006188246,0.35578683,0.04708024,0.6248042,0.08670974,0.80980545,0.0037250798,0.39547694,0.019097885,0.50926393,0.024390543
375316653866487564,3235019154609464576,0.479469,2216.3347903015692,1.2897242551376846,2.4093829E-4,19.709196,0.006672871,0.16286865,0.017762901,0.049208023,0.010733207,0.3915676,0.06522286,0.55894655,0.026854958,0.03752186,0.007591905,0.12526351,0.112398654,null,null,null,null,"TWOGAUSSIANS",8,1.6865809,0.16286865,0.017762901,0.27556494,0.06010596,0.3915676,0.06522286,0.55894655,0.026854958,0.21012242,0.04251467,0.12526351,0.11239865
375316653866487564,3235030974359260544,0.55128795,2334.0708004934686,1.0603077309651459,1.0106489E-5,17.73004,0.0034601602,0.14687759,0.0052932473,0.040843066,0.026955206,0.042296268,1.9905345,0.30453736,9.776746E-4,0.027374908,0.0010685975,0.6284301,0.028098062,null,null,null,null,"TWOGAUSSIANS",8,10.305309,0.30453736,9.776746E-4,0.1532995,0.005984146,0.6284547,0.02810355,0.14687759,0.0052932473,0.22872117,0.15094915,0.042296305,1.9905345
375316653866487564,3235037678804739584,0.58594275,2351.8628809184534,2.723325054834354,5.3218223E-6,15.015101,0.0079184435,0.26166242,0.0010221986,0.08620005,0.0022699495,0.4827398,0.008088293,0.76870453,0.0024395438,0.087060414,0.0029633108,0.4489321,0.010137293,null,null,null,null,"TWOGAUSSIANS",8,104.38655,0.26166242,0.0010221986,0.4,0.0,0.46988252,0.0071272096,0.76870453,0.0024395438,0.4,0.0,0.43607482,0.009103557
375316653866487564,3235054064103527936,0.5479986,2342.703756181269,4.583781351233942,1.33516505E-5,18.601824,0.01163103,0.2545794,0.00677744,0.087033175,0.008023526,0.29180637,0.013928014,0.76232576,0.0034878126,0.09006923,0.0060157515,0.34003747,0.012826729,null,null,null,null,"TWOGAUSSIANS",8,3.5360026,0.76232576,0.0034878126,0.4,0.0,0.3296873,0.0122402245,0.2545794,0.00677744,0.4,0.0,0.28145632,0.010582862
375316653866487564,3235064204522719872,0.5565043,2167.6809880118576,0.5696522735154329,1.0981522E-6,17.483213,0.00402053,0.100369714,9.955552E-7,0.0028696647,1.7186743E-5,5.4516544,0.11162098,0.8066108,0.0028639692,0.031200217,0.003781752,0.29157907,0.19662052,null,null,null,null,"TWOGAUSSIANS",8,10.879537,0.100369714,9.955552E-7,0.016070122,9.6245756E-5,5.4516544,0.11162098,0.8066108,0.0028639692,0.17472121,0.02117781,0.29157907,0.19662052
375316653866487564,3235066300466721536,0.5661479,2165.4085411477886,0.359235410948759,6.1621016E-5,17.779156,0.0025811498,0.054810774,0.0022296759,0.01196234,0.0011267434,0.01552927,0.006817553,0.47490135,0.014297455,0.05241492,0.007840208,0.31281424,0.026143642,null,null,null,null,"TWOGAUSSIANS",8,3.0996773,0.47490135,0.014297455,0.29352355,0.04390516,0.31281424,0.026143642,0.054810774,0.0022296759,0.06698911,0.006309763,0.01552927,0.006817553
375316653866487564,3235080250520547968,0.44185585,2190.5582554629714,3.408026975409482,1.4887148E-5,17.195717,0.00264167,0.24622604,0.018219698,0.011487214,0.010674394,0.07314998,0.03159438,0.82356614,0.004038807,0.008571312,0.0023146179,0.10761807,0.101771265,0.03084172,0.0036329946,0.82356614,0.004038807,"TWOGAUSSIANS_WITH_ELLIPSOIDAL_ON_ECLIPSE2",9,13.837792,0.82356614,0.004038807,0.04799935,0.01296186,0.16930151,0.10219989,0.24680604,0.018822873,0.064328395,0.059776604,0.121470556,0.036586627
375316653866487564,3235105436209391744,0.53076756,2194.8781626773575,3.252352511912922,1.8887911E-5,18.377014,0.0076300194,0.2334979,0.0047340617,0.07402312,0.00792573,0.20778835,0.014162821,0.7171116,0.008079606,0.083158754,0.010045776,0.21289352,0.012288558,null,null,null,null,"TWOGAUSSIANS",8,2.8572378,0.7171116,0.008079606,0.4,0.0,0.21098907,0.0124677755,0.2334979,0.0047340617,0.4,0.014726886,0.2058839,0.014629396
375316653866487564,3235112991054103808,0.5643064,2164.0332641349396,4.300236216342433,5.991483E-5,18.316814,0.0037336536,0.3199328,0.008551847,0.043859243,0.0046680644,0.34281176,0.037495192,0.52134544,0.022799507,0.075218245,0.030386398,0.052013543,0.014037219,null,null,null,null,"TWOGAUSSIANS",8,1.7472541,0.3202228,0.008272804,0.24561176,0.026141161,0.34426183,0.036400836,0.52134544,0.022799507,0.4,0.11515211,0.052022573,0.014041344
375316653866487564,3235113235869182976,0.6690378,2168.5252245893676,2.8446637874296297,2.2059437E-6,17.119976,0.0052077095,0.28483838,0.0014337032,0.051607978,0.0032434775,0.21777135,0.012988872,0.78073543,0.006042846,0.047153156,0.004626188,0.18816324,0.013884905,0.11414124,0.007403616,0.28483838,0.0014337032,"TWOGAUSSIANS_WITH_ELLIPSOIDAL_ON_ECLIPSE1",9,2.9477663,0.28483838,0.0014337032,0.28900468,0.018163474,0.4460516,0.009613521,0.7814554,0.0051367916,0.2640577,0.025906652,0.41631845,0.0080724275
375316653866487564,3235156907097287808,0.5585311,2342.839779802647,3.51224608971399,7.0812707E-6,16.243258,0.11417136,0.2650058,0.004193327,0.14016935,0.023766937,0.2746476,0.10973665,0.74946475,0.005529857,0.14043538,0.028939024,0.25122917,0.10898087,null,null,null,null,"TWOGAUSSIANS",8,8.96123,0.26562577,0.0031360842,0.4,0.0,0.17848992,0.0037938505,0.74946475,0.005529857,0.4,0.0,0.15513347,0.0065157516
375316653866487564,3235163229289082496,0.50902534,2312.5782955258433,2.262944833901017,2.4347046E-5,12.204986,0.07154839,0.34264097,0.0070764963,0.19818324,0.07438891,0.15857498,0.083953045,0.8496158,0.00908604,0.19926898,0.10358215,0.120007105,0.048133735,null,null,null,null,"TWOGAUSSIANS",8,33.163815,0.33904096,0.0062866956,0.4,0.0,0.04824465,0.0030411202,0.85991585,0.010895634,0.4,0.0,0.0125832325,0.003721332
375316653866487564,3235164294440994688,0.46823964,2330.1116321422455,0.49815107992603574,5.2475966E-6,16.166283,0.0015629547,0.21719345,0.003551951,0.038555793,0.0029168874,0.11515105,0.015735885,0.72813255,0.009027717,0.058077864,0.007384052,0.062613554,0.009844443,null,null,null,null,"TWOGAUSSIANS",8,17.094278,0.21719345,0.003551951,0.21591243,0.01633457,0.11515091,0.015735932,0.72813255,0.009027717,0.32523605,0.041350693,0.06261343,0.0098446375
375316653866487564,3235164638036768512,0.5973124,2301.8068154113553,3.3817585698169963,9.181991E-6,11.106077,0.022974173,0.2202305,0.0057060947,0.053864945,0.0076110903,0.42450172,0.046219762,0.72577524,0.0020626776,0.051361457,0.005078618,0.3002528,0.05245293,0.12117656,0.02695103,0.72577524,0.0020626776,"TWOGAUSSIANS_WITH_ELLIPSOIDAL_ON_ECLIPSE2",9,532.51483,0.2208705,0.00497538,0.3016437,0.042622108,0.6665862,0.026145238,0.72577524,0.0020626776,0.28762415,0.028440261,0.54259735,0.018509261
375316653866487564,3235172815656061952,0.6061603,2315.710457089677,4.059483296980604,5.3167937E-6,16.258717,0.0014448056,0.23942728,0.0015015549,0.041486036,0.002401273,0.0621839,0.0038496705,0.7425315,0.0020732407,0.040327955,0.0029312524,0.054925397,0.003183597,0.032644376,0.001725402,0.23942728,0.0015015549,"TWOGAUSSIANS_WITH_ELLIPSOIDAL_ON_ECLIPSE1",9,1.7764765,0.23942728,0.0015015549,0.2323218,0.013447129,0.12747264,0.0027618436,0.7425315,0.0020732407,0.22583655,0.016415013,0.1201893,0.0023328746
375316653866487564,3235219059566049536,0.5392825,2246.7681849873215,3.1055661852770444,9.2039145E-6,18.261908,0.007144098,0.27374646,0.0032721842,0.04365827,0.008050158,0.09447739,0.023294361,0.77631736,0.0052216346,0.03032239,0.008285368,0.14488432,0.018321266,0.10127503,0.009989098,0.27374646,0.0032721842,"TWOGAUSSIANS_WITH_ELLIPSOIDAL_ON_ECLIPSE1",9,4.9787164,0.77631736,0.0052216346,0.16980538,0.04639806,0.34738111,0.020220779,0.27374646,0.0032721842,0.24448633,0.04508088,0.29702705,0.01565041
375316653866487564,3235223045295587200,0.5706771,2168.4133184332354,2.9538750606486626,3.2478267E-5,12.891663,0.019405112,0.25941747,0.0039529926,0.03908931,0.015571284,0.16897105,0.041515857,0.73343813,0.026671926,0.045369145,0.022218345,0.40478745,0.18864724,0.116357364,0.021631323,0.25941747,0.0039529926,"TWOGAUSSIANS_WITH_ELLIPSOIDAL_ON_ECLIPSE1",9,223.83563,0.7356281,0.025325982,0.2540672,0.12442273,0.6318686,0.20950887,0.25941747,0.0039529926,0.21890014,0.08719919,0.40168422,0.013822274
375316653866487564,3235270362953031168,0.5853461,2165.5103674520333,0.7057025137378082,8.546433E-6,15.366707,0.0024795004,0.55818295,0.0012409256,0.015326578,0.0013023829,0.48623714,0.03774286,0.9004602,0.008764965,0.022780592,0.003458118,0.2890325,0.12396099,null,null,null,null,"TWOGAUSSIANS",8,47.925358,0.55818295,0.0012409256,0.08582883,0.007293344,0.48623714,0.03774286,0.9004602,0.008764965,0.12757131,0.019365462,0.2890325,0.12396099
375316653866487564,3235279159043878912,0.63423675,2276.5806978591218,3.254047231902718,4.483063E-6,18.282932,0.015977308,0.25955462,0.0013254135,0.052528802,0.0035229416,0.3434584,0.033381466,0.75819856,0.0016531097,0.057596922,0.0058853426,0.38424265,0.026125891,0.106273994,0.01907764,0.25955462,0.0013254135,"TWOGAUSSIANS_WITH_ELLIPSOIDAL_ON_ECLIPSE1",9,2.6110878,0.75836855,0.0014690815,0.32254276,0.03295792,0.59674394,0.0154288905,0.25955462,0.0013254135,0.2941613,0.019728472,0.5559732,0.009736611
375316653866487564,3235283552795774336,0.5761205,2265.3109880799275,2.8324238543271787,8.76488E-6,18.248722,0.019000318,0.24765503,0.0036495298,0.04862983,0.010451391,0.32340702,0.04908187,0.7495322,0.003846162,0.045283586,0.008105007,0.37940753,0.058042165,0.13990663,0.025722684,0.24765503,0.0036495298,"TWOGAUSSIANS_WITH_ELLIPSOIDAL_ON_ECLIPSE1",9,14.242859,0.7495322,0.0037653025,0.25358808,0.04538804,0.65918094,0.06928455,0.24765503,0.0036495298,0.27232704,0.05852779,0.60321933,0.03940213
375316653866487564,3235297369706396672,0.624485,2252.281090031676,3.015076620879315,3.3443578E-6,17.240973,0.014841493,0.25005803,0.0019760148,0.05651154,0.003499238,0.4643362,0.040034793,0.75082725,0.0018692915,0.050909214,0.0033935776,0.41165376,0.0340999,0.094389275,0.020343523,0.25005803,0.0019760148,"TWOGAUSSIANS_WITH_ELLIPSOIDAL_ON_ECLIPSE1",9,15.693541,0.25005803,0.0019760148,0.3164646,0.019595733,0.6530861,0.030048717,0.75082725,0.0018383837,0.28509158,0.019004034,0.60039926,0.0137135405
375316653866487564,3235299083397203840,0.55388176,2279.77994580279,4.181202812876981,7.999139E-6,18.178024,0.018300341,0.28575885,0.0027529828,0.098104484,0.006325405,0.30638784,0.017996732,0.8032583,0.0025232234,0.09791447,0.008595914,0.26821682,0.01574291,null,null,null,null,"TWOGAUSSIANS",8,3.4179826,0.28575885,0.00275332,0.4,0.0,0.2888185,0.010677975,0.8032583,0.0025284966,0.4,0.0,0.2506478,0.008436458
375316653866487564,3235311830861112448,0.52613795,2331.4175735192252,3.691255096523671,1.5967742E-5,17.41319,0.055918336,0.23697619,0.008971601,0.096172035,0.019996561,0.2739298,0.05372579,0.73388726,0.002991414,0.105541185,0.027713861,0.2864157,0.026570443,null,null,null,null,"TWOGAUSSIANS",8,12.087436,0.73388726,0.002991414,0.4,0.0,0.26143864,0.030817723,0.23697619,0.008981819,0.4,0.0,0.2489597,0.016664576
375316653866487564,3235327984231896960,0.5397883,2347.4776351747346,1.4758995551901513,1.3634896E-5,16.92323,0.006047463,0.27685446,0.019054092,0.09246989,0.020533852,0.0932042,0.010353566,0.7555244,0.0027356865,0.06716774,0.0031578508,0.3475076,0.011686367,null,null,null,null,"TWOGAUSSIANS",8,21.601023,0.7555244,0.0027356865,0.37613934,0.017683964,0.34601024,0.011550231,0.27685446,0.019054092,0.4,0.0,0.09170669,0.010248015
375316653866487564,3235330247681056640,0.5954812,2367.5021792437574,4.363410103465653,1.6315507E-5,19.065548,0.0021596802,0.09412734,0.023792518,0.008262942,0.006175243,0.49297282,2.22215,0.81605446,5.1045274E-5,0.010051523,1.3409575E-4,0.71402305,0.008073068,null,null,null,null,"TWOGAUSSIANS",8,0.7826419,0.81605446,5.1045274E-5,0.05628853,7.509362E-4,0.71402305,0.008073068,0.09412734,0.023792518,0.04627247,0.03458136,0.49297282,2.22215
375316653866487564,3235333855453581184,0.456817,2369.2625006887038,0.2238570265575623,7.148436E-5,19.568771,0.098307066,0.09831517,0.09835452,0.0722798,0.06738391,0.07825458,0.13710302,0.6731875,0.012453358,0.13490549,0.03468104,0.25507167,0.09820051,null,null,null,null,"TWOGAUSSIANS",8,5.096047,0.6731875,0.012434439,0.4,0.0,0.24823397,0.03189801,0.095425166,0.10065779,0.4,0.19481395,0.07328397,0.0605821
375316653866487564,3235337982917011072,0.56498295,2385.536035777066,2.202094525852973,2.5305892E-5,16.782433,0.0057164314,0.13862239,0.0027129839,0.033324428,0.0037503785,0.4089156,0.0242638,0.64081126,0.0036262714,0.028062712,0.0028453423,0.3981178,0.037070766,null,null,null,null,"TWOGAUSSIANS",8,40.7533,0.13862239,0.0027129839,0.1866168,0.02100212,0.4089156,0.0242638,0.64081126,0.0036262714,0.15715119,0.015933918,0.3981178,0.037070766
375316653866487564,3235343789712940800,0.48122907,2238.2853167421126,1.8955698946551318,2.3095643E-5,16.601192,0.061085,0.2166587,0.007215145,0.1312355,0.054215293,0.084514074,0.05934459,0.71846926,0.006292548,0.120034836,0.04065814,0.09464827,0.05752313,null,null,null,null,"TWOGAUSSIANS",8,6.549794,0.7184993,0.0062559564,0.4,0.0,0.07054513,0.008022217,0.2166487,0.0073051183,0.4,0.0,0.060324054,0.0037493962
375316653866487564,3235379008444688512,0.6420931,2342.643287586053,3.5821934959866883,2.467771E-6,17.86778,0.0084783565,0.26512942,0.0015364238,0.039816994,0.004835697,0.22794278,0.013565619,0.7673368,0.0017791349,0.04382521,0.0032474706,0.25978976,0.020448292,0.13468695,0.013295809,0.26512942,0.0015364238,"TWOGAUSSIANS_WITH_ELLIPSOIDAL_ON_ECLIPSE1",9,3.239688,0.7673368,0.0017791349,0.24542117,0.018185835,0.5291117,0.009622163,0.26512942,0.0015364238,0.22297516,0.027079903,0.49731648,0.020703845
