Gaia/vari_eclipsing_binary/VariEclipsingBinary_684260-684300.csv
# %ECSV 1.0
# ---
# delimiter: ','
# meta: !!omap
# - RELEASE: Gaia DR3
# - TABLE: vari_eclipsing_binary
# - DESCRIPTION: >
#     This table describes the properties of the eclipsing binaries resulting from the variability analysis. 
# - CITATION: >
#     How to cite and acknowledge Gaia: 
#     https://gea.esac.esa.int/archive/documentation/credits.html 
# - KNOWN_ISSUES: >
#     Known issues: 
#     https://www.cosmos.esa.int/web/gaia-users/known-issues 
# - DOCUMENTATION: >
#     Tutorials and documentation: 
#     https://www.cosmos.esa.int/web/gaia-users/archive 
# datatype:
# - 
#   name: solution_id
#   datatype: int64
#   description: Solution Identifier
#   meta:
#     ucd: meta.version
# - 
#   name: source_id
#   datatype: int64
#   description: Unique source identifier
#   meta:
#     ucd: meta.id;meta.main
# - 
#   name: global_ranking
#   datatype: float32
#   description: Number between 0 (worst) and 1 (best)
#   meta:
#     ucd: stat.param
# - 
#   name: reference_time
#   datatype: float64
#   unit: d
#   description: Reference time used for the geometric model fit
#   meta:
#     ucd: time.epoch
# - 
#   name: frequency
#   datatype: float64
#   unit: d**-1
#   description: Frequency of geometric model of the eclipsing binary light curve
#   meta:
#     ucd: src.orbital
# - 
#   name: frequency_error
#   datatype: float32
#   unit: d**-1
#   description: "Uncertainty of \\texttt{frequency}"
#   meta:
#     ucd: stat.error
# - 
#   name: geom_model_reference_level
#   datatype: float32
#   unit: mag
#   description: Magnitude reference level of geometric model
#   meta:
#     ucd: phot.mag;em.opt
# - 
#   name: geom_model_reference_level_error
#   datatype: float32
#   unit: mag
#   description: "Uncertainty of \\texttt{geomModelReferenceLevel}"
#   meta:
#     ucd: stat.error;phot.mag;em.opt
# - 
#   name: geom_model_gaussian1_phase
#   datatype: float32
#   description: Phase of the Gaussian 1 component
#   meta:
#     ucd: time.phase
# - 
#   name: geom_model_gaussian1_phase_error
#   datatype: float32
#   description: "Uncertainty of \\texttt{geomModelGaussian1Phase}"
#   meta:
#     ucd: stat.error;time.phase
# - 
#   name: geom_model_gaussian1_sigma
#   datatype: float32
#   description: "Standard deviation [phase] of Gaussian 1 component"
#   meta:
#     ucd: stat.stdev
# - 
#   name: geom_model_gaussian1_sigma_error
#   datatype: float32
#   description: "Uncertainty of \\texttt{geomModelGaussian1Sigma}"
#   meta:
#     ucd: stat.error
# - 
#   name: geom_model_gaussian1_depth
#   datatype: float32
#   unit: mag
#   description: Magnitude depth of Gaussian 1 component
#   meta:
#     ucd: src.var.amplitude
# - 
#   name: geom_model_gaussian1_depth_error
#   datatype: float32
#   unit: mag
#   description: "Uncertainty of \\texttt{geomModelGaussian1Depth}"
#   meta:
#     ucd: stat.error;src.var.amplitude
# - 
#   name: geom_model_gaussian2_phase
#   datatype: float32
#   description: Phase of Gaussian 2 component
#   meta:
#     ucd: time.phase
# - 
#   name: geom_model_gaussian2_phase_error
#   datatype: float32
#   description: "Uncertainty of \\texttt{geomModelGaussian2Phase}"
#   meta:
#     ucd: stat.error;time.phase
# - 
#   name: geom_model_gaussian2_sigma
#   datatype: float32
[...]
#   datatype: float32
#   description: "Secondary eclipse: uncertainty of \\texttt{derivedSecondaryEclDuration}"
#   meta:
#     ucd: stat.error;time.duration
# - 
#   name: derived_secondary_ecl_depth
#   datatype: float32
#   unit: mag
#   description: "Secondary eclipse: depth"
#   meta:
#     ucd: src.var.amplitude
# - 
#   name: derived_secondary_ecl_depth_error
#   datatype: float32
#   unit: mag
#   description: "Secondary eclipse: uncertainty of \\texttt{derivedSecondaryEclDepth}"
#   meta:
#     ucd: stat.error;src.var.amplitude
solution_id,source_id,global_ranking,reference_time,frequency,frequency_error,geom_model_reference_level,geom_model_reference_level_error,geom_model_gaussian1_phase,geom_model_gaussian1_phase_error,geom_model_gaussian1_sigma,geom_model_gaussian1_sigma_error,geom_model_gaussian1_depth,geom_model_gaussian1_depth_error,geom_model_gaussian2_phase,geom_model_gaussian2_phase_error,geom_model_gaussian2_sigma,geom_model_gaussian2_sigma_error,geom_model_gaussian2_depth,geom_model_gaussian2_depth_error,geom_model_cosine_half_period_amplitude,geom_model_cosine_half_period_amplitude_error,geom_model_cosine_half_period_phase,geom_model_cosine_half_period_phase_error,model_type,num_model_parameters,reduced_chi2,derived_primary_ecl_phase,derived_primary_ecl_phase_error,derived_primary_ecl_duration,derived_primary_ecl_duration_error,derived_primary_ecl_depth,derived_primary_ecl_depth_error,derived_secondary_ecl_phase,derived_secondary_ecl_phase_error,derived_secondary_ecl_duration,derived_secondary_ecl_duration_error,derived_secondary_ecl_depth,derived_secondary_ecl_depth_error
[from data line 113]
375316653866487564,6018928754427621888,0.5593021,2209.9333923789204,2.6282973895433597,1.4699312E-5,18.148216,0.0156739,0.31364822,0.0059848875,0.07916668,0.013728799,0.2873715,0.08734804,0.8074736,0.006502003,0.081276506,0.010287578,0.26488608,0.015899919,null,null,null,null,"TWOGAUSSIANS",8,4.572941,0.31364822,0.0059848875,0.4,0.0,0.283568,0.091252685,0.8074736,0.006502003,0.4,0.0,0.2610826,0.011967564
375316653866487564,6018931193968954112,0.539541,2210.203295620269,1.5784321871384388,1.4422726E-5,17.939388,0.110005334,0.23352107,0.004436296,0.10972344,0.030277101,0.23492028,0.09785517,0.7386648,0.0067568547,0.1185635,0.045582283,0.21192446,0.10327309,null,null,null,null,"TWOGAUSSIANS",8,2.4820807,0.23350108,0.0042193006,0.4,0.0,0.19654451,0.017266324,0.7386748,0.00688356,0.4,0.0,0.17350437,0.01361766
375316653866487564,6018933878324004864,0.49702182,2218.5162196394767,0.7177708636695398,1.9138191E-5,19.093136,0.005976981,null,null,null,null,null,null,null,null,null,null,null,null,0.09227723,0.0077276365,0.24732353,0.006068516,"ELLIPSOIDAL",4,2.3527737,null,null,null,null,null,null,null,null,null,null,null,null
375316653866487564,6018935523296585856,0.5057857,2192.9371593848446,2.424770741968234,4.9368467E-5,17.229477,0.06524724,0.32230985,0.014748719,0.099701636,0.030774476,0.23114105,0.063101456,0.82730865,0.007251569,0.10764487,0.027212303,0.21043515,0.063273124,null,null,null,null,"TWOGAUSSIANS",8,22.489408,0.32230985,0.014753735,0.4,0.0,0.20850174,0.042230833,0.82730865,0.007251569,0.4,0.0,0.1877886,0.016421454
375316653866487564,6018935974268087040,0.52970916,2202.159208100431,1.8368842827915692,2.6131693E-5,19.508432,0.009061209,0.22098257,0.013689103,0.054076,0.014002185,0.2627868,0.019825252,0.7456965,0.006151493,0.054469906,0.0069324058,0.31027234,0.05480757,null,null,null,null,"TWOGAUSSIANS",8,1.6669222,0.7456965,0.006151493,0.30503145,0.038821474,0.3102675,0.05481259,0.22098257,0.013689103,0.3028256,0.078412235,0.26278198,0.019828852
375316653866487564,6018936038695838848,0.63924724,2200.041028527297,2.4896940662502454,5.2453433E-6,17.51069,0.013432756,0.20455033,0.0010969474,0.044665184,0.0029359236,0.50626224,0.02505967,0.7033699,0.0069232136,0.05101523,0.009869766,0.54574174,0.13442206,0.11246167,0.015930517,0.20455033,0.0010969474,"TWOGAUSSIANS_WITH_ELLIPSOIDAL_ON_ECLIPSE1",9,6.2641125,0.7034599,0.0067555024,0.2856853,0.055270694,0.7706498,0.1490338,0.20455033,0.0010969474,0.25012502,0.016441172,0.73118174,0.013370288
375316653866487564,6018938138948579968,0.45922202,2168.7742015314443,3.1969872103732144,4.0815343E-5,17.003292,0.006539945,null,null,null,null,null,null,null,null,null,null,null,null,0.08073652,0.009533443,0.29092547,0.008402738,"ELLIPSOIDAL",4,38.9822,null,null,null,null,null,null,null,null,null,null,null,null
375316653866487564,6018940166173144192,0.49889442,2206.9567258343204,2.7898094502596686,2.2971195E-5,16.47726,0.02267348,0.2729146,0.0064092423,0.08898175,0.014773934,0.23929977,0.026398335,0.7708939,0.004981694,0.08670449,0.012525311,0.24849916,0.026548345,null,null,null,null,"TWOGAUSSIANS",8,46.291584,0.7708939,0.004981694,0.4,0.0,0.24027777,0.027847089,0.2729146,0.0064092423,0.4,0.0,0.23107836,0.026897242
375316653866487564,6018943426036076032,0.47378314,2184.483692554065,2.1354499442278985,1.0013084E-4,19.476074,0.047025412,0.26427013,0.015361171,0.08999771,0.0367906,0.19468269,0.036357034,0.7313432,0.014554088,0.075369306,0.022253199,0.55270857,0.062415347,null,null,null,null,"TWOGAUSSIANS",8,6.1645803,0.7313432,0.014554088,0.4,0.09731458,0.5493083,0.061365224,0.26427013,0.015361171,0.4,0.03524471,0.1912822,0.030104006
375316653866487564,6018943670866519168,0.4667465,2177.08881442037,3.3196981461336708,6.0078124E-5,18.641132,0.006997771,null,null,null,null,null,null,null,null,null,null,null,null,0.08248345,0.011786415,0.2504325,0.009024476,"ELLIPSOIDAL",4,11.143658,null,null,null,null,null,null,null,null,null,null,null,null
375316653866487564,6018943700914120064,0.5770749,2191.504882748955,0.9957191112898564,6.80732E-6,18.750145,0.00595535,0.18909934,0.008414884,0.037739307,0.007892692,0.10915318,0.01779023,0.7008329,0.0018241399,0.050536465,0.0039211735,0.4447423,0.027930913,null,null,null,null,"TWOGAUSSIANS",8,2.265916,0.7008329,0.0018241399,0.2830042,0.02195857,0.44474226,0.027930975,0.18909934,0.008414884,0.21134013,0.044199076,0.10915316,0.01779026
375316653866487564,6018946041688474880,0.559465,2183.0342110269835,3.1575027893605463,1.5735066E-5,17.974613,0.08596014,0.15766095,0.004406001,0.12088895,0.017426057,0.34304482,0.08236385,0.64176786,0.003950186,0.13513073,0.032853495,0.29167786,0.07020317,null,null,null,null,"TWOGAUSSIANS",8,2.601766,0.15796095,0.0041360934,0.4,0.0,0.26140258,0.009595945,0.64176786,0.003950186,0.4,0.0,0.20950975,0.032794487
375316653866487564,6018946655851665152,0.48651588,2219.656333280957,2.156374764557503,5.505553E-5,18.289236,0.1179034,0.048746083,0.029470323,0.044245403,0.037521057,0.054788016,0.07591853,0.4712139,0.04138304,0.11923323,0.09076657,0.23256993,0.12125,null,null,null,null,"TWOGAUSSIANS",8,8.584069,0.4712139,0.04138304,0.4,0.0,0.23201911,0.03081224,0.049216084,0.026995564,0.24777426,0.17750394,0.054679014,0.026682846
375316653866487564,6018947927162167168,0.45935538,2201.8179651333307,0.20228456146143362,2.4318877E-5,18.698917,0.008426585,0.43389228,0.0075071943,0.04249963,0.0074402764,0.09885501,0.013099542,0.76862776,0.012592956,0.103182755,0.013265848,0.15044782,0.02691252,null,null,null,null,"TWOGAUSSIANS",8,2.192476,0.76862776,0.012592956,0.4,0.0,0.15044035,0.026914822,0.4343423,0.0075020934,0.23799793,0.04166555,0.0996331,0.013309503
375316653866487564,6018948412493667840,0.5213122,2238.267406387652,2.5784512466056593,4.765715E-5,19.343822,0.06865423,0.27389753,0.003395101,0.08069644,0.012229212,0.6082593,0.057584565,0.7802496,0.024433637,0.10104385,0.0462838,0.2630768,0.061085183,null,null,null,null,"TWOGAUSSIANS",8,6.44156,0.27389753,0.003386406,0.4,0.0,0.5929287,0.048656873,0.7802496,0.024433637,0.4,0.0,0.24774356,0.043236732
375316653866487564,6018949404634368896,0.4331794,2206.672922901667,1.102420262444505,5.7748195E-5,18.263317,0.046495147,0.27772462,0.021806452,0.17145453,0.072975114,0.11547345,0.043093216,0.7434946,0.046428785,0.07090402,0.05884815,0.0792403,0.034136005,null,null,null,null,"TWOGAUSSIANS",8,5.2008348,0.27772462,0.021365233,0.4,0.0,0.098788895,0.010365065,0.7434946,0.046428785,0.39706248,0.09545785,0.06633969,0.0290492
375316653866487564,6018950748957570432,0.50523573,2302.0501838114724,3.2478352790462472,1.7909838E-4,19.276857,0.041285355,0.27411717,0.009156821,0.08554644,0.015661601,0.36208346,0.057465352,0.7679399,0.0053531546,0.08871779,0.013700645,0.31357828,0.042604186,null,null,null,null,"TWOGAUSSIANS",8,3.075018,0.27411717,0.009156821,0.4,0.0,0.3521821,0.054180004,0.7679399,0.0053531546,0.4,0.0,0.3036768,0.03406043
375316653866487564,6018951401807855104,0.4633457,2251.3847816665334,1.7227368673041024,1.6165784E-5,19.238482,0.027978074,0.1466025,0.0045889798,0.01826068,0.0101265,0.37368178,5.3306756,0.75375205,0.01549856,0.095402695,0.023973804,0.18853305,0.027712373,null,null,null,null,"TWOGAUSSIANS",8,3.598359,0.1466025,0.004589683,0.10225981,0.056708403,0.3737206,5.33064,0.75375205,0.01549856,0.4,0.0,0.18853264,0.027705306
375316653866487564,6018951779748168192,0.48618412,2232.155707728924,0.20010945927251048,3.077337E-5,18.473417,0.006525756,0.23220553,0.0078762835,0.06400964,0.0148789985,0.16073999,0.08314694,0.7183981,0.0014931693,0.04326984,0.004224721,0.3458611,0.055022553,null,null,null,null,"TWOGAUSSIANS",8,3.354415,0.7183981,0.0014931693,0.2423111,0.023658438,0.34585664,0.05502745,0.23220553,0.0078762835,0.35845396,0.08332239,0.16073553,0.08315452
375316653866487564,6018952260784596736,0.51135373,2174.838758522984,3.174791885308984,3.0085957E-5,19.779032,0.14764243,0.27566528,0.050407678,0.097859986,0.043098282,0.5516038,0.18354745,0.75234926,0.015517422,0.10724167,0.036404144,0.5484045,0.12128085,null,null,null,null,"TWOGAUSSIANS",8,2.2536607,0.27568528,0.050420348,0.4,0.0,0.5092571,0.12885663,0.75234926,0.015517422,0.4,0.0,0.5060302,0.06361528
375316653866487564,6018952393928546560,0.58508563,2166.525058527758,2.2298838382155,8.4900974E-5,18.653837,0.006066688,0.2948957,0.002817754,0.019327067,0.0028838455,0.6431865,0.038208053,0.6213027,0.0028088312,0.016839337,0.00366567,0.08304683,0.023380764,null,null,null,null,"TWOGAUSSIANS",8,3.344335,0.2948957,0.002817754,0.108231574,0.016149536,0.6431865,0.038208053,0.6213027,0.0028088312,0.094300285,0.020527752,0.08304683,0.023380764
375316653866487564,6018952673118191232,0.58210886,2168.2701509719077,2.3242127386502314,2.6538557E-5,16.403372,0.29626998,0.25987065,0.007521231,0.14657725,0.028450446,0.27762437,0.22674935,0.78252584,0.013403794,0.16776676,0.08694108,0.18061942,0.28620493,null,null,null,null,"TWOGAUSSIANS",8,5.369293,0.25753066,0.0035278325,0.4,0.0,0.17405936,0.0051136636,0.7859658,0.010105626,0.4,0.0,0.07435488,0.008945548
375316653866487564,6018953252925259776,0.47480974,2280.4521509889755,3.6708264126176604,2.0436217E-5,19.201189,0.25591242,0.35875094,0.009069683,0.19902503,0.08896657,0.39480895,0.24790843,0.8343409,0.02889583,0.11325508,0.04656114,0.1839965,0.16534209,null,null,null,null,"TWOGAUSSIANS",8,2.592561,0.35884094,0.00898604,0.4,0.0,0.25273824,0.018735578,0.8343409,0.02889583,0.4,0.011044541,0.07688219,0.036162354
375316653866487564,6018956280878736128,0.57217395,2216.9998139820273,2.116595591227126,1.1661317E-5,18.991945,0.017801195,0.20065564,0.0033162993,0.084302604,0.005420791,0.41910213,0.020027015,0.7002618,0.0046663866,0.08279303,0.006581827,0.38633013,0.023692295,null,null,null,null,"TWOGAUSSIANS",8,1.7221771,0.20065564,0.0033162993,0.4,0.0,0.41001493,0.015018476,0.7002618,0.0046663866,0.4,0.0,0.3772429,0.021749696
375316653866487564,6018956963776661248,0.47954637,2240.4323956088515,3.3028359560713607,9.149573E-5,19.650814,0.019753166,0.302733,0.019203922,0.09833314,0.022543518,0.16017345,0.022558844,0.7379275,0.016685078,0.10239944,0.015336585,0.17372741,0.023983747,null,null,null,null,"TWOGAUSSIANS",8,1.3143141,0.7379275,0.016685078,0.4,0.0,0.16736317,0.016239306,0.302783,0.019257087,0.4,0.0,0.1538211,0.017818935
375316653866487564,6018960468470175104,0.5769219,2173.2957677894715,2.298663817494897,1.0838162E-6,18.15872,0.005185099,0.42815053,0.021276005,0.04056408,0.028058527,0.032918632,0.014169061,0.59386194,2.8774355E-7,0.0010230439,7.561437E-6,0.541301,0.00478844,null,null,null,null,"TWOGAUSSIANS",8,4.007687,0.59386194,2.8774355E-7,0.005729046,4.2344047E-5,0.5413088,0.004722432,0.42815053,0.021276005,0.22715883,0.15712775,0.032918632,0.014169061
375316653866487564,6018963358983660672,0.5325009,2264.90425031067,2.1548278382224852,1.4972001E-5,19.080494,0.008097009,0.25748476,0.0017607323,0.08410892,0.0035151907,0.3321447,0.009961605,0.7773226,0.00747996,0.08981627,0.010959397,0.20204856,0.0096747875,null,null,null,null,"TWOGAUSSIANS",8,1.049462,0.25748476,0.0017607323,0.4,0.0,0.32627404,0.009857696,0.7773226,0.00747996,0.4,0.0,0.19617778,0.00869578
375316653866487564,6018966932396016768,0.52706105,2224.894762907822,3.729143804385327,2.3167026E-5,19.790356,0.028977074,0.31944034,0.006012097,0.06849458,0.011327103,0.5501164,0.028132198,0.81547034,0.015912266,0.064909086,0.02620515,0.47478607,0.1592352,null,null,null,null,"TWOGAUSSIANS",8,2.920709,0.31944034,0.006012097,0.38356966,0.047340807,0.5493014,0.027756874,0.81547034,0.015912266,0.3634909,0.06994935,0.47397104,0.16471118
375316653866487564,6018968268131877632,0.63979393,2174.431612369863,3.2038535230278704,5.0349804E-6,18.321163,0.016832847,0.22711013,0.0018243685,0.055736918,0.006528174,0.37019303,0.057713877,0.72521496,0.0043420545,0.046274677,0.005692379,0.36987355,0.052769702,0.14236,0.026772197,0.22711013,0.0018243685,"TWOGAUSSIANS_WITH_ELLIPSOIDAL_ON_ECLIPSE1",9,2.3415213,0.22711013,0.0018243685,0.31212676,0.036557775,0.65489703,0.049764678,0.72543496,0.004066793,0.2591382,0.031877324,0.65454185,0.043322083
375316653866487564,6018970437089931392,0.5642116,2200.5913571208034,3.659974933279921,1.45670865E-5,19.232712,0.01829007,0.22079106,0.012078363,0.07008654,0.017274255,0.57782114,1.5056068,0.7088613,0.0065887733,0.070165865,0.009001505,0.5812368,0.028013129,null,null,null,null,"TWOGAUSSIANS",8,5.3906918,0.7088613,0.0065887733,0.39292884,0.040630646,0.57975405,0.027579248,0.22079106,0.012078363,0.3924846,0.09262128,0.5763384,1.5068243
375316653866487564,6018970810752465536,0.59104913,2157.5801198716367,1.9615436233068577,1.2109252E-5,18.06676,0.006620141,0.28742716,0.004080948,0.08930749,0.004542469,0.22906452,0.009571048,0.78516924,0.0029726292,0.08786829,0.0055370354,0.20720571,0.0070563103,null,null,null,null,"TWOGAUSSIANS",8,1.3305527,0.28742716,0.004080948,0.4,0.0,0.22122455,0.008464553,0.78516924,0.0029726292,0.4,0.0,0.19936576,0.0060858727
375316653866487564,6018971188709881216,0.65780014,2131.090366755886,0.7799643050844602,9.361435E-6,17.357468,0.0029859168,0.27951178,0.0012691434,0.062117852,0.0024707457,0.17497334,0.012086124,0.7764293,0.0018314404,0.0571027,0.0020922953,0.4898173,0.006863795,null,null,null,null,"TWOGAUSSIANS",8,2.3088236,0.7764293,0.0018314404,0.3197751,0.011716855,0.48974016,0.0068601132,0.27951178,0.0012691434,0.34785998,0.013836176,0.1748962,0.0121000055
375316653866487564,6018974178005288064,0.54500973,2236.6045572603334,1.2325762803164002,3.2143238E-5,13.612836,0.004778456,0.17329064,0.0058319857,0.05463058,0.011037609,0.07804438,0.010346349,0.6868995,0.011878406,0.04911123,0.017994339,0.038375266,0.016470915,0.008627439,0.005902795,0.17329064,0.0058319857,"TWOGAUSSIANS_WITH_ELLIPSOIDAL_ON_ECLIPSE1",9,55.11182,0.17329064,0.0058319857,0.30593127,0.061810605,0.09529703,0.003769219,0.6868995,0.011878406,0.27502286,0.10076829,0.055502072,0.014192946
375316653866487564,6018974594632801152,0.56045216,2258.75625861067,2.4611682212257677,1.9038358E-5,18.794918,0.011857656,0.21455508,0.0046326215,0.081579775,0.006889035,0.31417063,0.016993403,0.72457004,0.0036442843,0.08874817,0.0043096966,0.38267457,0.0139557645,null,null,null,null,"TWOGAUSSIANS",8,1.717933,0.72457004,0.0036442843,0.4,0.0,0.3748135,0.012392387,0.21455508,0.0046326215,0.4,0.0,0.30630967,0.016329331
375316653866487564,6018976205231475328,0.5794532,2229.553831817933,3.0834598761159477,6.640568E-6,18.307253,0.008594983,0.24786769,0.0014575598,0.067715265,0.0057057934,0.53371024,0.038847834,0.74339527,0.0033019455,0.06790197,0.0023509879,0.7163934,0.020170426,null,null,null,null,"TWOGAUSSIANS",8,7.4363327,0.74339527,0.0033019455,0.38025102,0.013165533,0.7151707,0.019925984,0.24786769,0.0014575598,0.37920547,0.03195244,0.5324876,0.039482076
375316653866487564,6018977270383580160,0.523738,2207.140297335442,3.370788121837854,1.6606586E-5,18.55982,0.017480586,0.18222278,0.005494418,0.09644579,0.012438437,0.20696004,0.015705865,0.6844573,0.005180771,0.091300175,0.008223405,0.23944266,0.01522736,null,null,null,null,"TWOGAUSSIANS",8,2.3474975,0.6844573,0.005180771,0.4,0.0,0.22704698,0.007978762,0.18222278,0.005494418,0.4,0.0,0.19456391,0.012506651
375316653866487564,6018977446491103488,0.55830616,2216.512002295428,0.36714612736023144,1.3284058E-5,16.419506,0.0019211379,0.1899192,0.001639683,0.030988883,0.0021139851,0.15058513,0.010493829,null,null,null,null,null,null,0.016254568,0.0025585433,0.1899192,0.001639683,"ONEGAUSSIAN_WITH_ELLIPSOIDAL",6,8.483199,0.1899192,0.001639683,0.17353775,0.011838317,0.18309426,0.010542784,null,null,null,null,null,null
