Gaia/vari_eclipsing_binary/VariEclipsingBinary_468750-468761.csv
# %ECSV 1.0
# ---
# delimiter: ','
# meta: !!omap
# - RELEASE: Gaia DR3
# - TABLE: vari_eclipsing_binary
# - DESCRIPTION: >
#     This table describes the properties of the eclipsing binaries resulting from the variability analysis. 
# - CITATION: >
#     How to cite and acknowledge Gaia: 
#     https://gea.esac.esa.int/archive/documentation/credits.html 
# - KNOWN_ISSUES: >
#     Known issues: 
#     https://www.cosmos.esa.int/web/gaia-users/known-issues 
# - DOCUMENTATION: >
#     Tutorials and documentation: 
#     https://www.cosmos.esa.int/web/gaia-users/archive 
# datatype:
# - 
#   name: solution_id
#   datatype: int64
#   description: Solution Identifier
#   meta:
#     ucd: meta.version
# - 
#   name: source_id
#   datatype: int64
#   description: Unique source identifier
#   meta:
#     ucd: meta.id;meta.main
# - 
#   name: global_ranking
#   datatype: float32
#   description: Number between 0 (worst) and 1 (best)
#   meta:
#     ucd: stat.param
# - 
#   name: reference_time
#   datatype: float64
#   unit: d
#   description: Reference time used for the geometric model fit
#   meta:
#     ucd: time.epoch
# - 
#   name: frequency
#   datatype: float64
#   unit: d**-1
#   description: Frequency of geometric model of the eclipsing binary light curve
#   meta:
#     ucd: src.orbital
# - 
#   name: frequency_error
#   datatype: float32
#   unit: d**-1
#   description: "Uncertainty of \\texttt{frequency}"
#   meta:
#     ucd: stat.error
# - 
#   name: geom_model_reference_level
#   datatype: float32
#   unit: mag
#   description: Magnitude reference level of geometric model
#   meta:
#     ucd: phot.mag;em.opt
# - 
#   name: geom_model_reference_level_error
#   datatype: float32
#   unit: mag
#   description: "Uncertainty of \\texttt{geomModelReferenceLevel}"
#   meta:
#     ucd: stat.error;phot.mag;em.opt
# - 
#   name: geom_model_gaussian1_phase
#   datatype: float32
#   description: Phase of the Gaussian 1 component
#   meta:
#     ucd: time.phase
# - 
#   name: geom_model_gaussian1_phase_error
#   datatype: float32
#   description: "Uncertainty of \\texttt{geomModelGaussian1Phase}"
#   meta:
#     ucd: stat.error;time.phase
# - 
#   name: geom_model_gaussian1_sigma
#   datatype: float32
#   description: "Standard deviation [phase] of Gaussian 1 component"
#   meta:
#     ucd: stat.stdev
# - 
#   name: geom_model_gaussian1_sigma_error
#   datatype: float32
#   description: "Uncertainty of \\texttt{geomModelGaussian1Sigma}"
#   meta:
#     ucd: stat.error
# - 
#   name: geom_model_gaussian1_depth
#   datatype: float32
#   unit: mag
#   description: Magnitude depth of Gaussian 1 component
#   meta:
#     ucd: src.var.amplitude
# - 
#   name: geom_model_gaussian1_depth_error
#   datatype: float32
#   unit: mag
#   description: "Uncertainty of \\texttt{geomModelGaussian1Depth}"
#   meta:
#     ucd: stat.error;src.var.amplitude
# - 
#   name: geom_model_gaussian2_phase
#   datatype: float32
#   description: Phase of Gaussian 2 component
#   meta:
#     ucd: time.phase
# - 
#   name: geom_model_gaussian2_phase_error
#   datatype: float32
#   description: "Uncertainty of \\texttt{geomModelGaussian2Phase}"
#   meta:
#     ucd: stat.error;time.phase
# - 
#   name: geom_model_gaussian2_sigma
#   datatype: float32
[...]
#   datatype: float32
#   description: "Secondary eclipse: uncertainty of \\texttt{derivedSecondaryEclDuration}"
#   meta:
#     ucd: stat.error;time.duration
# - 
#   name: derived_secondary_ecl_depth
#   datatype: float32
#   unit: mag
#   description: "Secondary eclipse: depth"
#   meta:
#     ucd: src.var.amplitude
# - 
#   name: derived_secondary_ecl_depth_error
#   datatype: float32
#   unit: mag
#   description: "Secondary eclipse: uncertainty of \\texttt{derivedSecondaryEclDepth}"
#   meta:
#     ucd: stat.error;src.var.amplitude
solution_id,source_id,global_ranking,reference_time,frequency,frequency_error,geom_model_reference_level,geom_model_reference_level_error,geom_model_gaussian1_phase,geom_model_gaussian1_phase_error,geom_model_gaussian1_sigma,geom_model_gaussian1_sigma_error,geom_model_gaussian1_depth,geom_model_gaussian1_depth_error,geom_model_gaussian2_phase,geom_model_gaussian2_phase_error,geom_model_gaussian2_sigma,geom_model_gaussian2_sigma_error,geom_model_gaussian2_depth,geom_model_gaussian2_depth_error,geom_model_cosine_half_period_amplitude,geom_model_cosine_half_period_amplitude_error,geom_model_cosine_half_period_phase,geom_model_cosine_half_period_phase_error,model_type,num_model_parameters,reduced_chi2,derived_primary_ecl_phase,derived_primary_ecl_phase_error,derived_primary_ecl_duration,derived_primary_ecl_duration_error,derived_primary_ecl_depth,derived_primary_ecl_depth_error,derived_secondary_ecl_phase,derived_secondary_ecl_phase_error,derived_secondary_ecl_duration,derived_secondary_ecl_duration_error,derived_secondary_ecl_depth,derived_secondary_ecl_depth_error
[from data line 445]
375316653866487564,4123227844673941120,0.47129777,2380.3869401491193,2.759655909438511,7.734428E-5,19.693914,0.019043472,0.26863387,0.033745825,0.05572763,0.025387637,0.44028705,0.05505378,0.7889725,0.0050660637,0.06908921,0.0067453324,0.38594472,0.037239686,null,null,null,null,"TWOGAUSSIANS",8,4.176975,0.26863387,0.033745825,0.31207472,0.09125614,0.44015014,0.055892207,0.7889725,0.0050660637,0.3868996,0.03260582,0.3858078,0.03677145
375316653866487564,4123227879033665664,0.41715655,2379.6134063439617,2.5798589055046506,4.1234533E-5,18.010326,0.0053821635,null,null,null,null,null,null,null,null,null,null,null,null,0.057995044,0.0072666504,0.22911482,0.010622639,"ELLIPSOIDAL",4,18.18073,null,null,null,null,null,null,null,null,null,null,null,null
375316653866487564,4123227947753377280,0.46635488,2342.2920714060574,1.8175555949372904,2.7572582E-5,18.525421,0.077400126,0.34235126,0.009407453,0.094194956,0.040630408,0.1414459,0.06751672,0.8439626,0.008213657,0.12492451,0.052924395,0.12444616,0.07511158,null,null,null,null,"TWOGAUSSIANS",8,2.8967545,0.34234127,0.009662428,0.4,0.0,0.12266645,0.016966928,0.8439626,0.008213657,0.4,0.0,0.10558413,0.008633316
375316653866487564,4123228119550629888,0.43645504,2449.060385034043,0.4956729791618633,4.5435296E-5,19.328096,0.008015065,0.10597036,0.002191041,0.025775539,0.0034661256,0.15253444,0.015359843,0.5816038,0.087064855,0.057869628,0.06588928,0.19892895,1.0808777,null,null,null,null,"TWOGAUSSIANS",8,2.865532,0.5816038,0.087064855,0.32406992,0.36897993,0.19892895,1.0808777,0.10597036,0.002191041,0.14434302,0.019410303,0.15253444,0.015359842
375316653866487564,4123228153910492416,0.43767482,2436.290670080394,1.9933312079692769,6.11499E-5,19.707222,0.0098898485,0.37417826,0.0074037956,0.029536068,0.0060423203,0.19030826,0.030155025,0.5416092,0.0042882697,0.009801337,0.0077223037,0.064416796,0.029657718,null,null,null,null,"TWOGAUSSIANS",8,3.1071606,0.37417826,0.0074037956,0.16540198,0.033836994,0.19030826,0.030155025,0.5416092,0.0042882697,0.054887485,0.0432449,0.06441681,0.029657707
375316653866487564,4123228252692111616,0.54600614,2398.730207913644,1.17158065300501,1.6799902E-5,18.552494,0.0039652046,0.19280532,0.023740465,0.03944293,0.019059667,0.08818733,0.015337913,0.69974697,0.0034298634,0.047183085,0.0025976356,0.441855,0.011605184,null,null,null,null,"TWOGAUSSIANS",8,2.1845865,0.69974697,0.0034298634,0.26422527,0.01454676,0.44185498,0.011605008,0.19280532,0.023740465,0.22088042,0.106734134,0.088187315,0.015337798
375316653866487564,4123228256989982592,0.5363474,2405.409565082794,2.480599752682994,1.5967178E-5,17.56844,0.043440625,0.3132924,0.004202557,0.058842957,0.028047284,0.23279226,0.082838975,0.81508803,0.010674892,0.04807296,0.0131938495,0.22745317,0.10307003,0.12305239,0.053623367,0.3132924,0.004202557,"TWOGAUSSIANS_WITH_ELLIPSOIDAL_ON_ECLIPSE1",9,31.064835,0.3132924,0.004202557,0.32952055,0.15525825,0.4788686,0.07089164,0.81508803,0.009796544,0.26920858,0.07388556,0.4734982,0.033560835
375316653866487564,4123228566227378432,0.42265776,2444.832732070187,1.953356421330612,2.1936907E-4,19.356544,0.042914376,0.38731623,0.05967241,0.07627208,0.0677607,0.15238139,0.033061415,0.79637724,0.03580241,0.07123406,0.04824367,0.07792169,0.046724107,null,null,null,null,"TWOGAUSSIANS",8,4.2641516,0.38731623,0.059656497,0.4,0.021196393,0.15230952,0.044890936,0.79637724,0.03580241,0.39891076,0.09494188,0.077849895,0.038464323
375316653866487564,4123228600587213696,0.46595827,2372.727638904136,0.20671410292748063,2.1359223E-5,16.865881,0.0073609212,0.27884218,0.010491919,0.082327224,0.018214,0.11536846,0.028873142,0.7874974,0.008948665,0.078672744,0.013957956,0.1292403,0.020237256,null,null,null,null,"TWOGAUSSIANS",8,14.333569,0.7874974,0.008948665,0.4,0.0,0.12758262,0.021558838,0.27884218,0.010491919,0.4,0.0,0.113710776,0.030608324
375316653866487564,4123228630649635712,0.43035758,2418.036754336057,0.9070223599978368,3.3339176E-5,19.450691,0.018733956,0.33560076,0.007545779,0.049574465,0.005803959,0.15748398,0.032446276,0.7284041,0.023744117,0.06551474,0.025997778,0.30110747,0.10973854,null,null,null,null,"TWOGAUSSIANS",8,5.334333,0.7284041,0.023744117,0.36688256,0.09952443,0.30110705,0.10976736,0.33560076,0.007545779,0.27761698,0.03250217,0.15748358,0.032437857
375316653866487564,4123228634946867968,0.42564842,2376.4602957208876,0.46267212614997616,3.0998603E-5,16.483566,0.016401498,0.15784585,0.011330016,0.020963287,0.01025122,0.06579888,0.04619476,0.704521,0.102458455,0.021377707,0.09967747,0.57050896,0.5068325,0.06535055,0.025334163,0.15784585,0.011330016,"TWOGAUSSIANS_WITH_ELLIPSOIDAL_ON_ECLIPSE1",9,33.64772,0.704521,0.07472314,0.119715154,0.28764266,0.6902875,0.52099246,0.15784585,0.011318223,0.1173944,0.05740683,0.19649996,0.030202862
375316653866487564,4123228802448219648,0.4189064,2384.8258197961604,0.2680020080138171,8.114186E-5,18.816898,0.004811888,0.38918918,0.008537143,0.03035646,0.009412932,0.08460171,0.019468566,0.6836896,0.021168798,0.05475592,0.022239903,0.06931468,0.034171283,null,null,null,null,"TWOGAUSSIANS",8,3.486719,0.38918918,0.008537143,0.16999617,0.052712422,0.084601745,0.019468604,0.6836896,0.021168798,0.30663314,0.12454346,0.06931468,0.034171283
375316653866487564,4123228841201591040,0.4274571,2422.9608789570148,1.4569012170651745,2.8912953E-5,19.546324,0.012041795,0.47725073,0.020899124,0.09107645,0.028202677,0.13078122,0.02035015,0.3028169,0.01902959,0.039368585,0.014297949,0.13486117,0.03198618,null,null,null,null,"TWOGAUSSIANS",8,3.364634,0.3083569,0.020997388,0.22046407,0.080068514,0.15696415,0.021187987,0.47720072,0.020867832,0.4,0.0,0.13078852,0.020351525
375316653866487564,4123228944265071744,0.45003733,2398.619053662203,2.397170046055895,3.9989805E-5,19.205912,0.009008671,null,null,null,null,null,null,null,null,null,null,null,null,0.116920464,0.01339636,0.2897068,0.0082582915,"ELLIPSOIDAL",4,8.447259,null,null,null,null,null,null,null,null,null,null,null,null
375316653866487564,4123229012984586752,0.46281666,2426.3561499613,0.050649841225850374,1.4527078E-5,19.263828,0.4607567,0.04731396,0.00992702,0.036073554,0.017680414,0.23139183,0.25852448,0.4840033,0.03963094,0.19496238,0.20195377,0.2930475,0.4164889,null,null,null,null,"TWOGAUSSIANS",8,2.4873114,0.4840033,0.03963094,0.4,0.0,0.26548988,0.05093654,0.048503958,0.01080946,0.2020119,0.09901032,0.2323171,0.28060117
375316653866487564,4123229081624259072,0.5079527,2414.519919881592,2.914497637203324,2.626174E-5,17.902853,0.01389343,0.30879438,0.009641257,0.08041328,0.010626418,0.23116983,0.023582447,0.8143644,0.0049101985,0.09128929,0.012171774,0.19671007,0.011337894,null,null,null,null,"TWOGAUSSIANS",8,7.7894487,0.30879438,0.009641257,0.4,0.0,0.2256285,0.021765733,0.8143644,0.0049101985,0.4,0.0,0.1911686,0.01055359
375316653866487564,4123229390941777024,0.4860845,2387.857648421387,1.2978592416853825,3.304144E-5,17.698723,0.007248443,0.21834978,0.005260025,0.07085832,0.008106565,0.11643166,0.010708588,0.7266498,0.010598936,0.054374352,0.020365834,0.55151886,0.33041558,null,null,null,null,"TWOGAUSSIANS",8,8.304391,0.7266498,0.010598936,0.30449638,0.10075154,0.5514019,0.33108065,0.21834978,0.005260025,0.39680663,0.024787258,0.116314694,0.010519951
375316653866487564,4123229425301551232,0.5307463,2360.249203019389,2.5582194680201154,1.0369447E-5,13.224645,0.2145757,0.24900194,0.003281766,0.11992323,0.039091866,0.21329492,0.18806577,0.74612755,0.003010728,0.14757667,0.05760592,0.23625363,0.21183296,null,null,null,null,"TWOGAUSSIANS",8,247.0871,0.74612755,0.003010728,0.4,0.0,0.15966894,0.006495638,0.24915195,0.0035447893,0.4,0.0,0.13816115,0.0077738394
375316653866487564,4123229459581848448,0.47086278,2383.891155722491,0.053161462434607294,2.7169142E-5,19.757994,0.02574624,0.15717176,0.006815744,0.046254087,0.007917974,0.4584064,0.04120228,0.6895268,0.0038156598,0.06511293,0.013280917,0.3847165,0.19736427,null,null,null,null,"TWOGAUSSIANS",8,4.4935555,0.15717176,0.006815744,0.2590229,0.044340655,0.45839748,0.041209143,0.6895268,0.0038156598,0.36463246,0.072379254,0.3847076,0.19737586
375316653866487564,4123229493941495296,0.54200256,2381.4351900773995,2.183739963816456,8.6572E-6,18.954924,0.009678985,0.23532239,0.0037533133,0.07138567,0.0048168483,0.53043085,0.03178502,0.72997725,0.0049417126,0.090636745,0.008663579,0.4351918,0.040199384,null,null,null,null,"TWOGAUSSIANS",8,4.376612,0.23532239,0.0037533133,0.39975974,0.016529867,0.52317023,0.032935105,0.72997725,0.0049417126,0.4,0.0,0.427931,0.042525258
375316653866487564,4123229562661195264,0.4750777,2375.80471216878,2.3059654597385943,2.8860977E-5,18.961742,0.7531449,0.2022642,0.017870372,0.14897643,0.043554414,0.64809316,0.51379216,0.7173209,0.010333389,0.22425847,0.10765465,0.7424308,0.74649096,null,null,null,null,"TWOGAUSSIANS",8,1.1983491,0.1946942,0.01140011,0.4,0.0,0.24254392,0.0143652,0.71993095,0.0071720863,0.4,0.0,0.21655323,0.014962264
375316653866487564,4123229768818909440,0.4754404,2446.077367898414,0.034278252036254744,5.5115528E-5,19.218819,0.021003978,0.40331364,0.0030781298,0.046355397,0.014699033,0.5845223,0.2711564,0.83077955,0.025136448,0.07358781,0.03921357,0.10071276,0.023758879,null,null,null,null,"TWOGAUSSIANS",8,3.5930974,0.40331364,0.0030781298,0.2595902,0.08231459,0.5845181,0.27115506,0.83077955,0.025136448,0.4,0.15460716,0.1007085,0.02375934
375316653866487564,4123229768818994048,0.41285545,2325.678565442907,0.05865890347193945,1.9333864E-4,19.478785,0.023308491,0.7178312,0.008652349,0.051694088,0.021647347,0.1039902,0.12323665,null,null,null,null,null,null,0.09146527,0.02793018,0.7178312,0.008652349,"ONEGAUSSIAN_WITH_ELLIPSOIDAL",6,7.5143623,0.7178312,0.008652349,0.28948689,0.12122514,0.28691974,0.11330201,null,null,null,null,null,null
375316653866487564,4123229803178621824,0.48086196,2298.2678477866725,2.049715276439142,2.0600173E-5,18.137247,0.020981196,0.2509143,0.0060483217,0.09189607,0.0076454016,0.45294735,0.025449635,0.72911674,0.01799209,0.05282324,0.012812049,0.652865,0.22796552,null,null,null,null,"TWOGAUSSIANS",8,16.68894,0.72911674,0.01799209,0.29581016,0.071747474,0.6513777,0.22876234,0.2509143,0.0060483217,0.4,0.0,0.45145938,0.025335914
375316653866487564,4123230073762809344,0.4179068,2406.223057731939,1.5481200446463872,9.331321E-5,18.722486,0.0984637,0.24061343,0.015854023,0.08032093,0.040124744,0.122186966,0.08613316,0.72388244,0.038859136,0.068379745,0.13771348,0.07809999,0.09078554,null,null,null,null,"TWOGAUSSIANS",8,7.278556,0.24061343,0.014606344,0.4,0.0017267346,0.1217141,0.036208656,0.72388244,0.038859136,0.38292658,0.27905193,0.077627115,0.02853114
375316653866487564,4123230078136567936,0.42482996,2412.6060264082716,0.9966879278019243,1.2831479E-4,18.730043,0.0062450045,0.29330352,0.47737852,0.090381786,0.09259611,0.019201312,0.03217004,0.80935776,0.006752765,0.04462314,0.009502019,0.106413454,0.025919763,null,null,null,null,"TWOGAUSSIANS",8,4.566566,0.80935776,0.006752765,0.2498896,0.053211305,0.10637248,0.021766305,0.29330352,0.5172267,0.4,0.14286111,0.019160327,0.09027787
375316653866487564,4123230108118071424,0.45148483,2375.1126313754753,2.6082805977869845,2.3010745E-5,19.148232,0.030624032,0.11694641,0.0042221174,0.054776873,0.0056360853,0.39837134,0.05165509,0.64958835,0.0136576705,0.080932416,0.012201175,0.4798304,0.05012385,null,null,null,null,"TWOGAUSSIANS",8,21.104992,0.64958835,0.0136576705,0.4,0.0,0.4794357,0.050007742,0.11694641,0.0042221174,0.30675048,0.03156208,0.39797664,0.051474907
375316653866487564,4123230112416996736,0.4633554,2404.637361077295,2.380366646452631,2.4766274E-5,18.097599,0.010557013,0.25404936,0.00532752,0.07176297,0.01069044,0.16573365,0.06957513,0.7526905,0.012140343,0.08136304,0.014877728,0.19144316,0.015839523,null,null,null,null,"TWOGAUSSIANS",8,9.507456,0.7526905,0.012140343,0.4,0.0,0.18976416,0.016074212,0.25404936,0.00532752,0.4,0.045393355,0.16405465,0.07022367
375316653866487564,4123230146776654848,0.4522272,2409.6598110068835,3.628951430365745,3.069209E-5,19.67684,0.0061580786,0.23794948,0.007178198,0.039070044,0.02622394,0.02609494,2.4657829,0.7281176,0.017602237,0.01634899,0.019585863,0.088313505,0.020806922,0.09310095,0.02105373,0.23794948,0.007178198,"TWOGAUSSIANS_WITH_ELLIPSOIDAL_ON_ECLIPSE1",9,3.0359714,0.72853756,0.017200487,0.09155434,0.109680824,0.27383584,0.023854196,0.23794948,0.007178198,0.21879223,0.14685407,0.21229683,2.4628217
375316653866487564,4123230181140379392,0.5005989,2390.562727867548,2.8594642400299715,1.2441644E-5,19.548851,0.10585144,0.27314147,0.0063995593,0.12525333,0.0373564,0.3686372,0.08593867,0.7821999,0.0073785577,0.09975611,0.018824264,0.42094663,0.0998676,null,null,null,null,"TWOGAUSSIANS",8,2.7771883,0.7822499,0.0073447023,0.4,0.0,0.36133403,0.02410802,0.27314147,0.0064071612,0.4,0.0,0.3087623,0.022139845
375316653866487564,4123230417362940416,0.53141177,2370.865927166099,2.8449230486968142,9.6059675E-6,19.548544,0.019620972,0.33788806,0.016854582,0.08085814,0.015463111,0.5725211,0.10210232,0.83860224,0.0031127364,0.0769779,0.005390468,0.5758472,0.049219515,null,null,null,null,"TWOGAUSSIANS",8,3.121936,0.83860224,0.0031127364,0.4,0.0,0.5683561,0.050322454,0.33788806,0.016854582,0.4,0.0,0.56503,0.10787739
375316653866487564,4123230421658878336,0.47169152,2388.4424799739213,0.03437194554480667,2.0351035E-5,19.248539,0.38282263,0.33567286,0.015074352,0.19550903,0.12709478,0.28186083,0.3710747,0.8550648,0.0041023875,0.039738964,0.006542634,0.14500433,0.02493763,null,null,null,null,"TWOGAUSSIANS",8,2.1241562,0.33567286,0.015074352,0.4,0.0,0.24445559,0.011057931,0.8557448,0.004057821,0.2225382,0.03663875,0.12962319,0.019854762
375316653866487564,4123231108929538432,0.5666797,2401.5170863650364,1.4284275360790282,8.405148E-6,17.872871,0.014036255,0.29301965,0.0054722195,0.103518106,0.01146628,0.21875322,0.013148075,0.7935444,0.0019706576,0.09190397,0.006885425,0.28350452,0.016000351,null,null,null,null,"TWOGAUSSIANS",8,2.5046997,0.7935444,0.0019706576,0.4,0.0,0.26500264,0.016300928,0.29301965,0.0054722195,0.4,0.0,0.2002478,0.010501065
375316653866487564,4123231383732283776,0.5145405,2386.726392843583,0.744173756428174,2.5695286E-5,19.04217,0.007108407,0.35037005,0.00312997,0.027125526,0.0034423128,0.9097278,0.59649944,null,null,null,null,null,null,null,null,null,null,"ONEGAUSSIAN",5,7.7957296,0.35037005,0.00312997,0.15190294,0.019276952,0.9097278,0.0,null,null,null,null,null,null
375316653866487564,4123231727329853568,0.5148639,2394.4718958155913,1.759520278105382,1.0957165E-5,19.604418,0.019426178,0.24974704,0.012285154,0.06232852,0.009129104,0.47034243,0.048306264,0.74096894,0.002967583,0.08677717,0.005774696,0.6892462,0.03241375,null,null,null,null,"TWOGAUSSIANS",8,2.6992266,0.74096894,0.002967583,0.4,0.0,0.68581104,0.033576716,0.24974704,0.012285154,0.34903973,0.051122982,0.46690735,0.047303025
375316653866487564,4123231791752509952,0.47742292,2396.6917930836553,1.9840139836074775,2.2684626E-5,18.930763,0.048138767,0.22374776,0.005173164,0.08868044,0.013911211,0.37032008,0.042679783,0.7085025,0.0077518383,0.10491288,0.018344462,0.3314368,0.044744894,null,null,null,null,"TWOGAUSSIANS",8,6.837944,0.22375776,0.005176872,0.4,0.0,0.35023296,0.025130402,0.7085025,0.0077518383,0.4,0.0,0.31134024,0.029717688
375316653866487564,4123231796049515648,0.49131113,2386.289992108637,0.1650756520619692,3.5281053E-5,19.432411,0.007104266,0.38466367,0.022965781,0.0833881,0.017590478,0.25429824,0.019952662,0.7849005,0.04112064,0.035297338,0.027004812,0.109303,0.060624976,null,null,null,null,"TWOGAUSSIANS",8,2.2545865,0.38466367,0.022965781,0.4,0.0,0.2542972,0.019952273,0.7849005,0.04112064,0.1976651,0.15122694,0.109304495,0.060620755
