Gaia/vari_eclipsing_binary/VariEclipsingBinary_674315-674331.csv
# %ECSV 1.0
# ---
# delimiter: ','
# meta: !!omap
# - RELEASE: Gaia DR3
# - TABLE: vari_eclipsing_binary
# - DESCRIPTION: >
#     This table describes the properties of the eclipsing binaries resulting from the variability analysis. 
# - CITATION: >
#     How to cite and acknowledge Gaia: 
#     https://gea.esac.esa.int/archive/documentation/credits.html 
# - KNOWN_ISSUES: >
#     Known issues: 
#     https://www.cosmos.esa.int/web/gaia-users/known-issues 
# - DOCUMENTATION: >
#     Tutorials and documentation: 
#     https://www.cosmos.esa.int/web/gaia-users/archive 
# datatype:
# - 
#   name: solution_id
#   datatype: int64
#   description: Solution Identifier
#   meta:
#     ucd: meta.version
# - 
#   name: source_id
#   datatype: int64
#   description: Unique source identifier
#   meta:
#     ucd: meta.id;meta.main
# - 
#   name: global_ranking
#   datatype: float32
#   description: Number between 0 (worst) and 1 (best)
#   meta:
#     ucd: stat.param
# - 
#   name: reference_time
#   datatype: float64
#   unit: d
#   description: Reference time used for the geometric model fit
#   meta:
#     ucd: time.epoch
# - 
#   name: frequency
#   datatype: float64
#   unit: d**-1
#   description: Frequency of geometric model of the eclipsing binary light curve
#   meta:
#     ucd: src.orbital
# - 
#   name: frequency_error
#   datatype: float32
#   unit: d**-1
#   description: "Uncertainty of \\texttt{frequency}"
#   meta:
#     ucd: stat.error
# - 
#   name: geom_model_reference_level
#   datatype: float32
#   unit: mag
#   description: Magnitude reference level of geometric model
#   meta:
#     ucd: phot.mag;em.opt
# - 
#   name: geom_model_reference_level_error
#   datatype: float32
#   unit: mag
#   description: "Uncertainty of \\texttt{geomModelReferenceLevel}"
#   meta:
#     ucd: stat.error;phot.mag;em.opt
# - 
#   name: geom_model_gaussian1_phase
#   datatype: float32
#   description: Phase of the Gaussian 1 component
#   meta:
#     ucd: time.phase
# - 
#   name: geom_model_gaussian1_phase_error
#   datatype: float32
#   description: "Uncertainty of \\texttt{geomModelGaussian1Phase}"
#   meta:
#     ucd: stat.error;time.phase
# - 
#   name: geom_model_gaussian1_sigma
#   datatype: float32
#   description: "Standard deviation [phase] of Gaussian 1 component"
#   meta:
#     ucd: stat.stdev
# - 
#   name: geom_model_gaussian1_sigma_error
#   datatype: float32
#   description: "Uncertainty of \\texttt{geomModelGaussian1Sigma}"
#   meta:
#     ucd: stat.error
# - 
#   name: geom_model_gaussian1_depth
#   datatype: float32
#   unit: mag
#   description: Magnitude depth of Gaussian 1 component
#   meta:
#     ucd: src.var.amplitude
# - 
#   name: geom_model_gaussian1_depth_error
#   datatype: float32
#   unit: mag
#   description: "Uncertainty of \\texttt{geomModelGaussian1Depth}"
#   meta:
#     ucd: stat.error;src.var.amplitude
# - 
#   name: geom_model_gaussian2_phase
#   datatype: float32
#   description: Phase of Gaussian 2 component
#   meta:
#     ucd: time.phase
# - 
#   name: geom_model_gaussian2_phase_error
#   datatype: float32
#   description: "Uncertainty of \\texttt{geomModelGaussian2Phase}"
#   meta:
#     ucd: stat.error;time.phase
# - 
#   name: geom_model_gaussian2_sigma
#   datatype: float32
[...]
#   datatype: float32
#   description: "Secondary eclipse: uncertainty of \\texttt{derivedSecondaryEclDuration}"
#   meta:
#     ucd: stat.error;time.duration
# - 
#   name: derived_secondary_ecl_depth
#   datatype: float32
#   unit: mag
#   description: "Secondary eclipse: depth"
#   meta:
#     ucd: src.var.amplitude
# - 
#   name: derived_secondary_ecl_depth_error
#   datatype: float32
#   unit: mag
#   description: "Secondary eclipse: uncertainty of \\texttt{derivedSecondaryEclDepth}"
#   meta:
#     ucd: stat.error;src.var.amplitude
solution_id,source_id,global_ranking,reference_time,frequency,frequency_error,geom_model_reference_level,geom_model_reference_level_error,geom_model_gaussian1_phase,geom_model_gaussian1_phase_error,geom_model_gaussian1_sigma,geom_model_gaussian1_sigma_error,geom_model_gaussian1_depth,geom_model_gaussian1_depth_error,geom_model_gaussian2_phase,geom_model_gaussian2_phase_error,geom_model_gaussian2_sigma,geom_model_gaussian2_sigma_error,geom_model_gaussian2_depth,geom_model_gaussian2_depth_error,geom_model_cosine_half_period_amplitude,geom_model_cosine_half_period_amplitude_error,geom_model_cosine_half_period_phase,geom_model_cosine_half_period_phase_error,model_type,num_model_parameters,reduced_chi2,derived_primary_ecl_phase,derived_primary_ecl_phase_error,derived_primary_ecl_duration,derived_primary_ecl_duration_error,derived_primary_ecl_depth,derived_primary_ecl_depth_error,derived_secondary_ecl_phase,derived_secondary_ecl_phase_error,derived_secondary_ecl_duration,derived_secondary_ecl_duration_error,derived_secondary_ecl_depth,derived_secondary_ecl_depth_error
[from data line 37]
375316653866487564,5931346472878364288,0.4997437,2155.971145423059,0.06871238270823286,2.2992082E-5,18.652838,0.0016792058,0.22406504,5.5447145E-4,0.0057072504,3.2290278E-4,0.34531102,0.019077389,0.7260001,0.0017235338,0.009331871,0.0014977102,0.050480094,0.007807351,null,null,null,null,"TWOGAUSSIANS",8,1.7390143,0.22406504,5.5447145E-4,0.031960603,0.0018082556,0.34531102,0.019077389,0.7260001,0.0017235338,0.052258477,0.008387177,0.050480094,0.007807351
375316653866487564,5931346949598564736,0.5181836,2127.033840870853,2.746706885380688,1.2597042E-5,18.918398,0.01334087,0.25302318,0.002218367,0.089833245,0.004975802,0.2728583,0.012675706,0.7543467,0.0050602667,0.095325366,0.010343125,0.24334012,0.012427707,null,null,null,null,"TWOGAUSSIANS",8,3.1913974,0.25302318,0.002218367,0.4,0.0,0.25970438,0.0074043293,0.7543467,0.0050602667,0.4,0.0,0.23018579,0.010350846
375316653866487564,5931347709829438848,0.50962955,2121.568227002027,3.141341160683326,1.3688649E-5,19.62641,0.010418337,0.28683263,0.0032992202,0.08082158,0.0071742944,0.31445238,0.016146911,0.786441,0.0035178543,0.074001275,0.0039991965,0.3087585,0.012683328,null,null,null,null,"TWOGAUSSIANS",8,1.8424056,0.28683263,0.0032992202,0.4,0.0,0.3110942,0.01672856,0.786441,0.0035178543,0.4,0.0,0.3054003,0.0116094565
375316653866487564,5931347984707275904,0.5475687,2140.2202816918307,3.698497738501165,1.4005165E-5,18.046215,0.014591791,0.21059282,0.001289226,0.05816293,0.004289641,0.29573685,0.032167926,0.709104,0.005584433,0.06573695,0.0060353186,0.24491145,0.036179185,0.08500038,0.019091332,0.21059282,0.001289226,"TWOGAUSSIANS_WITH_ELLIPSOIDAL_ON_ECLIPSE1",9,11.762467,0.21059282,0.001289226,0.3257124,0.02402199,0.46554807,0.010415632,0.709394,0.004462025,0.3681269,0.033797782,0.41471064,0.01104875
375316653866487564,5931348122146321024,0.5502592,2143.4585016736482,3.202398123547129,4.9960763E-6,19.188843,0.015632436,0.29832715,0.0019530411,0.096071586,0.00467107,0.4321466,0.01933468,0.8009055,0.0025595352,0.09045391,0.004753843,0.43664172,0.016801676,null,null,null,null,"TWOGAUSSIANS",8,2.0282018,0.8009055,0.0025595352,0.4,0.0,0.41362113,0.012736456,0.29832715,0.0019530411,0.4,0.0,0.40912506,0.018198745
375316653866487564,5931348259585508864,0.48086628,2128.294952855723,0.04467108940874568,5.9555085E-5,19.46971,0.0054647056,0.14124861,0.0015042257,0.014661304,0.0016894301,0.30454794,0.015089494,0.85047793,8.225907E-4,0.0024550545,3.7825006E-4,0.6272782,0.07547931,0.0018127168,0.006997814,0.85047793,8.225907E-4,"TWOGAUSSIANS_WITH_ELLIPSOIDAL_ON_ECLIPSE2",9,3.8603554,0.85047793,8.225907E-4,0.013748305,0.0021182003,0.6309036,0.07252729,0.14125861,0.0014718953,0.082103305,0.009460809,0.30478072,0.015885409
375316653866487564,5931348323976775168,0.51307595,2142.167640193908,0.12680852681393534,1.054664E-5,18.945356,0.00408654,0.09612945,1.0611576E-4,0.004527262,9.606821E-5,0.85093534,0.018822117,0.7716647,0.016179629,0.08321869,0.012060087,0.07481235,0.013632357,null,null,null,null,"TWOGAUSSIANS",8,3.884485,0.09612945,1.0611576E-4,0.025352666,5.37982E-4,0.8509728,0.018819615,0.7716647,0.016179629,0.4,0.0,0.074812345,0.013632371
375316653866487564,5931348431418589312,0.63213336,2133.806813171761,2.214829338777544,4.6303226E-6,16.299446,0.0035724489,0.2732579,8.663931E-4,0.08744039,0.0015262703,0.29190087,0.004196082,0.77437955,0.0016232862,0.08922954,0.0029949006,0.27285483,0.00656366,null,null,null,null,"TWOGAUSSIANS",8,5.3587527,0.2732579,8.663931E-4,0.4,0.0,0.28180113,0.0035921002,0.77437955,0.0016232862,0.4,0.0,0.26275507,0.0072146137
375316653866487564,5931349114226413824,0.4675238,2138.5852091575,1.6857401593740173,2.2245142E-5,16.56663,0.0050999285,0.21454217,0.008961775,0.09370275,0.010805401,0.05747495,0.005840919,0.6873959,0.0046046698,0.086678505,0.009230403,0.10805421,0.0069753523,null,null,null,null,"TWOGAUSSIANS",8,12.520859,0.6873959,0.0046046698,0.4,0.0,0.10589767,0.0071031107,0.21454217,0.008961775,0.4,0.0,0.055318266,0.004813646
375316653866487564,5931349256018657792,0.49661446,2111.508104741248,1.366845067279497,2.0467693E-5,19.672556,0.003273744,0.24071439,0.0020964805,0.01790712,0.0025468455,0.3544166,0.045896377,0.71555483,1.2359208E-4,0.0069802287,2.2437789E-4,0.2497742,9.26502E-5,null,null,null,null,"TWOGAUSSIANS",8,1.3946419,0.24071439,0.0020964805,0.10027987,0.014262335,0.3544166,0.045896377,0.71555483,1.2359208E-4,0.03908928,0.0012565162,0.2497742,9.26502E-5
375316653866487564,5931349256052435712,0.61840373,2141.2035161203235,0.7725360804665701,5.896031E-6,13.492332,0.030049274,0.29888406,0.0016911528,0.13972802,0.014362601,0.15368906,0.029622335,0.7912087,0.0014078704,0.13013189,0.014175781,0.13247477,0.028536955,null,null,null,null,"TWOGAUSSIANS",8,11.826597,0.2990141,0.001593093,0.4,0.0,0.10514407,0.001378576,0.7912087,0.0014078704,0.4,0.0,0.08427935,0.0017425128
375316653866487564,5931349393457729536,0.4566857,2130.914962732091,1.5474661062283093,3.9822444E-5,18.202541,0.0038665424,0.27109268,0.008932662,0.07463822,0.013475509,0.07777793,0.0061278734,0.7528713,0.022120807,0.053619966,0.022046546,0.019066637,0.006508423,null,null,null,null,"TWOGAUSSIANS",8,3.4397712,0.27109268,0.008932662,0.4,0.0,0.077753834,0.0061292253,0.7528713,0.022120807,0.3002718,0.12346065,0.019042548,0.0064931773
375316653866487564,5931349595264277632,0.4581802,2150.8118217930455,0.9349038013258896,2.093414E-5,18.531322,0.0034001947,0.18025307,0.0037851206,0.05762836,0.003910828,0.14872663,0.0086265495,0.6249304,0.007370053,0.0061660726,0.004468301,0.04700272,0.006159972,null,null,null,null,"TWOGAUSSIANS",8,4.2005363,0.18025307,0.0037851206,0.3227188,0.021900635,0.14872663,0.0086265495,0.6249304,0.007370053,0.034530006,0.025022484,0.04700272,0.006159972
375316653866487564,5931349634009579136,0.5302138,2127.377533756484,0.2969275839007913,1.7678703E-5,15.97016,0.014257413,0.22310267,0.0014580494,0.029109046,0.00249126,0.5002536,0.053885654,0.729635,0.0140530495,0.05358936,0.046381827,0.102756545,0.0482003,0.015217467,0.017064873,0.729635,0.0140530495,"TWOGAUSSIANS_WITH_ELLIPSOIDAL_ON_ECLIPSE2",9,66.76999,0.22313267,0.0014444952,0.16301066,0.013951056,0.5306356,0.05064905,0.729635,0.0140530495,0.30010042,0.25973824,0.13318954,0.07302832
375316653866487564,5931349668335691136,0.4941522,2140.196563909439,3.065209956309722,2.4552037E-5,18.162977,0.016197521,0.24083994,0.0058124056,0.10401718,0.010930545,0.19716927,0.016417539,0.74410164,0.005418527,0.09166592,0.01060204,0.21444023,0.017446682,null,null,null,null,"TWOGAUSSIANS",8,6.510026,0.74410164,0.0054186755,0.4,0.0,0.19946802,0.015941188,0.24083994,0.0058124056,0.4,0.0,0.1821934,0.008848047
375316653866487564,5931350076300241792,0.445889,2136.84480493169,2.2562955765802664,8.028866E-5,17.550446,0.284276,0.25265032,0.012549212,0.10875438,0.12682731,0.09168466,0.28166398,0.7850718,0.019409088,0.08138593,0.060385387,0.09430287,0.2014927,null,null,null,null,"TWOGAUSSIANS",8,17.430552,0.7850918,0.014322702,0.4,0.0,0.09067588,0.023132017,0.25265032,0.012359481,0.4,0.0,0.08804823,0.02509413
375316653866487564,5931350836600587904,0.44602987,2116.541359565138,2.6570595579434055,4.417137E-5,19.561901,0.014727187,0.30079183,0.015391132,0.08303315,0.010406972,0.21151079,0.033562068,0.76837105,0.0094514545,0.07546258,0.011878455,0.25770986,0.033041295,null,null,null,null,"TWOGAUSSIANS",8,6.1413865,0.76837105,0.0094514545,0.4,0.0015439598,0.25606567,0.033082224,0.30079183,0.015391132,0.4,0.0,0.20986658,0.03306359
375316653866487564,5931350905320093568,0.5180172,2129.7598587592975,3.3963702701669023,1.3165365E-5,18.288057,0.010316557,0.22699134,0.0041205413,0.091370046,0.0068197115,0.20405675,0.011722088,0.7421332,0.0035664493,0.09188926,0.005908274,0.2549637,0.010207197,null,null,null,null,"TWOGAUSSIANS",8,4.536492,0.7421332,0.0035664493,0.4,0.0,0.24619205,0.0075313,0.22699134,0.0041205413,0.4,0.0,0.19528522,0.009700944
375316653866487564,5931351180165426176,0.63158107,2127.5169350971514,3.119348466546966,5.404854E-6,18.38344,0.0071992218,0.24392557,0.0011083808,0.054111924,0.0024623342,0.45304644,0.01544208,0.7431962,0.0028378589,0.047957137,0.0033279657,0.35506704,0.017678523,0.10370017,0.008917664,0.24392557,0.0011083808,"TWOGAUSSIANS_WITH_ELLIPSOIDAL_ON_ECLIPSE1",9,2.6479108,0.24392557,0.0011083808,0.30302677,0.013789073,0.66043574,0.008775279,0.74326617,0.002561922,0.26855996,0.018636608,0.56245244,0.01550343
375316653866487564,5931351523795423232,0.4370843,2121.648926449458,3.3312469675027088,5.4350738E-5,19.494251,0.034556124,0.23850419,0.023657454,0.06704859,0.029991882,0.2957436,0.04054359,0.76057065,0.009104079,0.07730553,0.012536379,0.3833143,0.077304535,null,null,null,null,"TWOGAUSSIANS",8,13.601951,0.76057065,0.009104079,0.4,0.0,0.38233492,0.07633489,0.23850419,0.023657454,0.37547207,0.060784865,0.29476425,0.04094847
375316653866487564,5931351867392832640,0.4874732,2102.3417162220735,1.517030866901151,1.4050074E-5,17.963058,0.004634361,0.23320138,0.02058203,0.057740282,0.019696562,0.07133609,0.016507693,0.7159289,0.0034003258,0.055683967,0.0054577244,0.23751044,0.020934392,null,null,null,null,"TWOGAUSSIANS",8,6.208006,0.7159289,0.0034003258,0.31183022,0.030563258,0.23750268,0.020947088,0.23320138,0.02058203,0.32334557,0.11030075,0.07132833,0.016507281
375316653866487564,5931352004799408384,0.47954467,2093.6813494176436,3.505799767191053,1.0251317E-5,19.802639,0.011663922,0.23478447,0.011355547,0.013260008,0.018098077,0.25418818,0.09900697,0.722904,0.014227057,0.054860685,0.009946223,0.28196117,0.044671416,0.0942933,0.016619643,0.23478447,0.011355547,"TWOGAUSSIANS_WITH_ELLIPSOIDAL_ON_ECLIPSE1",9,4.278222,0.72453403,0.011748808,0.30721983,0.05569885,0.46963874,0.03966116,0.23478447,0.011355547,0.07425605,0.101349235,0.44277135,0.103895016
375316653866487564,5931352210994023552,0.50084996,2054.077499770189,3.2125109615318808,6.714605E-5,17.837303,0.02149559,0.20865257,0.0054075033,0.09691712,0.010654012,0.34378183,0.020991737,0.7220827,0.004579346,0.08957719,0.008945925,0.2656176,0.02599399,null,null,null,null,"TWOGAUSSIANS",8,17.593634,0.20865257,0.0054075033,0.4,0.0,0.3300697,0.014067606,0.7220827,0.004579346,0.4,0.0,0.25190678,0.02247948
375316653866487564,5931352245350036096,0.4028804,2120.956946463482,0.09844643968394799,1.8281076E-5,17.936754,0.006168062,0.38213846,6.7914376E-4,0.0018997828,0.0020638306,0.18361352,2.3991842,0.5701394,0.008469834,0.037529923,0.010826904,0.15495262,0.057488017,null,null,null,null,"TWOGAUSSIANS",8,9.184964,0.38213846,6.7914376E-4,0.010638784,0.011557451,0.18361408,2.3991838,0.5701394,0.008469834,0.21016756,0.060630664,0.15495262,0.057488017
375316653866487564,5931352279677538560,0.40334997,2121.241675473677,2.429210300531921,4.420552E-5,15.545742,0.0011279951,0.08978705,0.0032961452,0.010595513,0.0023952343,0.17036813,0.14792776,0.31526092,0.02808065,0.035738856,0.023744712,0.0264723,0.05618857,null,null,null,null,"TWOGAUSSIANS",8,8.6729555,0.08978705,0.0032961452,0.05933487,0.013413312,0.17036813,0.14792776,0.31526092,0.02808065,0.2001376,0.13297038,0.0264723,0.05618857
375316653866487564,5931352554587668096,0.58483124,2118.2849918691204,2.2180900391004745,8.787475E-6,18.14534,0.0066241594,0.27449197,0.001542366,0.08425811,0.0026818097,0.26897603,0.00634013,0.78212607,0.0034012068,0.10905287,0.0072816163,0.12019272,0.006440846,null,null,null,null,"TWOGAUSSIANS",8,1.2682238,0.27449197,0.001542366,0.4,0.0,0.25845295,0.0032076992,0.78212607,0.0034012068,0.4,0.0,0.10966278,0.004223813
375316653866487564,5931352584583846400,0.49415404,2115.7777395299026,2.7856253107625584,2.075389E-5,19.469893,0.016567474,0.22807805,0.003058477,0.083052665,0.0077835596,0.50502604,0.047774468,0.7268537,0.0055050235,0.07535656,0.0071935453,0.46966586,0.03375755,null,null,null,null,"TWOGAUSSIANS",8,6.3232527,0.22807805,0.003058477,0.4,0.0,0.4984966,0.050049413,0.7268537,0.0055050235,0.4,0.0053582396,0.46313643,0.03452054
375316653866487564,5931352657666906752,0.54626316,2103.833476573951,0.5256378523207298,1.2472722E-5,16.655325,0.0026481713,0.26642647,0.0014628987,0.02154024,0.0010795721,0.35387096,0.009674737,0.7637649,3.631942E-4,0.023455698,9.964397E-4,0.36251512,0.009413743,null,null,null,null,"TWOGAUSSIANS",8,24.490519,0.7637649,3.631942E-4,0.13135192,0.0055800625,0.36251512,0.009413743,0.26642647,0.0014628987,0.12062534,0.0060456037,0.35387096,0.009674737
375316653866487564,5931352932513239040,0.50876623,2124.00607995932,2.936061888295502,1.3384427E-5,18.587204,0.011624006,0.2031616,0.0038317703,0.09589184,0.0067186537,0.2644373,0.014970451,0.6970297,0.0039195037,0.08650245,0.006902602,0.2976019,0.014649073,null,null,null,null,"TWOGAUSSIANS",8,4.847031,0.6970297,0.0039195037,0.4,0.0,0.2857273,0.0143292695,0.2031616,0.0038317703,0.4,0.0,0.25256205,0.014254779
375316653866487564,5931353069983875072,0.5169047,2067.8262587589325,1.374559828225694,2.4282837E-5,16.275002,0.0072421995,0.224408,0.0045535676,0.066133335,0.01429458,0.053299323,0.015371316,0.7521456,0.018563468,0.06249844,0.019322071,0.058238737,0.014915222,0.034809995,0.008704984,0.224408,0.0045535676,"TWOGAUSSIANS_WITH_ELLIPSOIDAL_ON_ECLIPSE1",9,15.18542,0.7521456,0.018563468,0.34999126,0.108203605,0.12572053,0.0076285633,0.224408,0.0045535676,0.3703467,0.07469159,0.12287441,0.0039463514
375316653866487564,5931353237396228864,0.49758253,2118.895602419972,0.8619176074510638,1.5254664E-6,18.396069,0.0039761267,0.22883055,3.9634597E-4,0.030840484,6.6405354E-4,0.8206017,0.03292764,0.72474504,0.006517796,0.02547861,0.0059711635,0.11896651,0.007021667,null,null,null,null,"TWOGAUSSIANS",8,6.353534,0.22883055,3.9634597E-4,0.17270672,0.0037187,0.8206017,0.03292764,0.72474504,0.006517796,0.14268023,0.033438515,0.11896651,0.007021667
375316653866487564,5931353374868222720,0.52898115,2116.391978720736,2.6560356708016704,1.3676433E-5,18.83597,0.007870446,0.25374195,0.0030160644,0.030349746,0.006684134,0.3330392,0.23198028,0.7524051,0.004957739,0.047592178,0.00744745,0.1784899,0.03021049,0.15143277,0.009956265,0.25374195,0.0030160644,"TWOGAUSSIANS_WITH_ELLIPSOIDAL_ON_ECLIPSE1",9,7.0249867,0.25374195,0.0030160644,0.16995858,0.03743115,0.63590384,0.23492293,0.7527151,0.0040211496,0.26651618,0.04170572,0.48133817,0.031246616
375316653866487564,5931353447909389952,0.47528046,2133.0044289331527,2.5150837182334667,2.6505477E-5,18.369328,0.15060076,0.28172904,0.0077505615,0.123409495,0.032862924,0.15550593,0.13220362,0.7537002,0.011167515,0.14559408,0.05385705,0.15895948,0.1501005,null,null,null,null,"TWOGAUSSIANS",8,2.1695263,0.7537002,0.011167515,0.4,0.0,0.11343243,0.009036751,0.28306904,0.0050537954,0.4,0.0,0.110919364,0.0059873206
375316653866487564,5931353654099479424,0.47391585,2141.6361622997106,3.3196047750512805,3.91197E-5,18.229988,0.019055286,0.22947434,0.006540694,0.10348326,0.013973265,0.16742627,0.018560853,0.73409075,0.009293178,0.09616733,0.017398233,0.17578018,0.019833494,null,null,null,null,"TWOGAUSSIANS",8,8.159021,0.73409075,0.009297072,0.4,0.0,0.16174139,0.01715757,0.22947434,0.0065406617,0.4,0.0,0.15338506,0.009512048
375316653866487564,5931353963340684672,0.5674468,2129.5348285744226,1.552260449211825,1.3873769E-5,16.789995,0.010389247,0.25040436,0.002777479,0.09284927,0.0059932526,0.18855228,0.00968439,0.73578364,0.0026320003,0.0874666,0.006242219,0.36338982,0.014666792,null,null,null,null,"TWOGAUSSIANS",8,16.266478,0.73578364,0.0026320003,0.4,0.0,0.35464233,0.016349938,0.25040436,0.002777479,0.4,0.0,0.17980464,0.0068247216
