Gaia/vari_eclipsing_binary/VariEclipsingBinary_685315-685324.csv
# %ECSV 1.0
# ---
# delimiter: ','
# meta: !!omap
# - RELEASE: Gaia DR3
# - TABLE: vari_eclipsing_binary
# - DESCRIPTION: >
#     This table describes the properties of the eclipsing binaries resulting from the variability analysis. 
# - CITATION: >
#     How to cite and acknowledge Gaia: 
#     https://gea.esac.esa.int/archive/documentation/credits.html 
# - KNOWN_ISSUES: >
#     Known issues: 
#     https://www.cosmos.esa.int/web/gaia-users/known-issues 
# - DOCUMENTATION: >
#     Tutorials and documentation: 
#     https://www.cosmos.esa.int/web/gaia-users/archive 
# datatype:
# - 
#   name: solution_id
#   datatype: int64
#   description: Solution Identifier
#   meta:
#     ucd: meta.version
# - 
#   name: source_id
#   datatype: int64
#   description: Unique source identifier
#   meta:
#     ucd: meta.id;meta.main
# - 
#   name: global_ranking
#   datatype: float32
#   description: Number between 0 (worst) and 1 (best)
#   meta:
#     ucd: stat.param
# - 
#   name: reference_time
#   datatype: float64
#   unit: d
#   description: Reference time used for the geometric model fit
#   meta:
#     ucd: time.epoch
# - 
#   name: frequency
#   datatype: float64
#   unit: d**-1
#   description: Frequency of geometric model of the eclipsing binary light curve
#   meta:
#     ucd: src.orbital
# - 
#   name: frequency_error
#   datatype: float32
#   unit: d**-1
#   description: "Uncertainty of \\texttt{frequency}"
#   meta:
#     ucd: stat.error
# - 
#   name: geom_model_reference_level
#   datatype: float32
#   unit: mag
#   description: Magnitude reference level of geometric model
#   meta:
#     ucd: phot.mag;em.opt
# - 
#   name: geom_model_reference_level_error
#   datatype: float32
#   unit: mag
#   description: "Uncertainty of \\texttt{geomModelReferenceLevel}"
#   meta:
#     ucd: stat.error;phot.mag;em.opt
# - 
#   name: geom_model_gaussian1_phase
#   datatype: float32
#   description: Phase of the Gaussian 1 component
#   meta:
#     ucd: time.phase
# - 
#   name: geom_model_gaussian1_phase_error
#   datatype: float32
#   description: "Uncertainty of \\texttt{geomModelGaussian1Phase}"
#   meta:
#     ucd: stat.error;time.phase
# - 
#   name: geom_model_gaussian1_sigma
#   datatype: float32
#   description: "Standard deviation [phase] of Gaussian 1 component"
#   meta:
#     ucd: stat.stdev
# - 
#   name: geom_model_gaussian1_sigma_error
#   datatype: float32
#   description: "Uncertainty of \\texttt{geomModelGaussian1Sigma}"
#   meta:
#     ucd: stat.error
# - 
#   name: geom_model_gaussian1_depth
#   datatype: float32
#   unit: mag
#   description: Magnitude depth of Gaussian 1 component
#   meta:
#     ucd: src.var.amplitude
# - 
#   name: geom_model_gaussian1_depth_error
#   datatype: float32
#   unit: mag
#   description: "Uncertainty of \\texttt{geomModelGaussian1Depth}"
#   meta:
#     ucd: stat.error;src.var.amplitude
# - 
#   name: geom_model_gaussian2_phase
#   datatype: float32
#   description: Phase of Gaussian 2 component
#   meta:
#     ucd: time.phase
# - 
#   name: geom_model_gaussian2_phase_error
#   datatype: float32
#   description: "Uncertainty of \\texttt{geomModelGaussian2Phase}"
#   meta:
#     ucd: stat.error;time.phase
# - 
#   name: geom_model_gaussian2_sigma
#   datatype: float32
[...]
#   datatype: float32
#   description: "Secondary eclipse: uncertainty of \\texttt{derivedSecondaryEclDuration}"
#   meta:
#     ucd: stat.error;time.duration
# - 
#   name: derived_secondary_ecl_depth
#   datatype: float32
#   unit: mag
#   description: "Secondary eclipse: depth"
#   meta:
#     ucd: src.var.amplitude
# - 
#   name: derived_secondary_ecl_depth_error
#   datatype: float32
#   unit: mag
#   description: "Secondary eclipse: uncertainty of \\texttt{derivedSecondaryEclDepth}"
#   meta:
#     ucd: stat.error;src.var.amplitude
solution_id,source_id,global_ranking,reference_time,frequency,frequency_error,geom_model_reference_level,geom_model_reference_level_error,geom_model_gaussian1_phase,geom_model_gaussian1_phase_error,geom_model_gaussian1_sigma,geom_model_gaussian1_sigma_error,geom_model_gaussian1_depth,geom_model_gaussian1_depth_error,geom_model_gaussian2_phase,geom_model_gaussian2_phase_error,geom_model_gaussian2_sigma,geom_model_gaussian2_sigma_error,geom_model_gaussian2_depth,geom_model_gaussian2_depth_error,geom_model_cosine_half_period_amplitude,geom_model_cosine_half_period_amplitude_error,geom_model_cosine_half_period_phase,geom_model_cosine_half_period_phase_error,model_type,num_model_parameters,reduced_chi2,derived_primary_ecl_phase,derived_primary_ecl_phase_error,derived_primary_ecl_duration,derived_primary_ecl_duration_error,derived_primary_ecl_depth,derived_primary_ecl_depth_error,derived_secondary_ecl_phase,derived_secondary_ecl_phase_error,derived_secondary_ecl_duration,derived_secondary_ecl_duration_error,derived_secondary_ecl_depth,derived_secondary_ecl_depth_error
[from data line 74]
375316653866487564,6028109917045594752,0.56536245,2263.2869699754647,1.0025046107543518,4.5911943E-6,18.727182,0.0058763605,0.27665997,8.9500385E-4,0.03645938,9.737384E-4,0.840803,0.037567366,0.7943698,0.007750939,0.01283495,0.008557512,0.07391064,0.034966215,null,null,null,null,"TWOGAUSSIANS",8,2.5678616,0.27665997,8.9500385E-4,0.20417252,0.005452935,0.840803,0.037567366,0.7943698,0.007750939,0.07187572,0.04792207,0.07391064,0.034966215
375316653866487564,6028109955720952320,0.45712423,2279.2753325010513,2.118978920836525,2.7267699E-5,18.915665,0.02249844,0.25080773,0.0120281745,0.09910741,0.019769935,0.12160668,0.025544818,0.72649294,0.0061823167,0.08651904,0.016879346,0.21819347,0.018768067,null,null,null,null,"TWOGAUSSIANS",8,5.5188894,0.72649294,0.0061823167,0.4,0.0,0.21234815,0.016634488,0.25080773,0.0120281745,0.4,0.0,0.1157601,0.020637391
375316653866487564,6028110024440414592,0.5161717,2281.222174861359,2.0187374453845717,3.1200052E-5,19.332005,0.011853101,0.33397824,0.0037283911,0.06497336,0.015429925,0.34930015,0.07443338,0.85179305,0.0065772976,0.029307833,0.0069525517,0.15373221,0.024611432,0.0946415,0.021337317,0.33397824,0.0037283911,"TWOGAUSSIANS_WITH_ELLIPSOIDAL_ON_ECLIPSE1",9,3.0784013,0.33397824,0.0037283911,0.36385083,0.07150906,0.5383752,0.0611315,0.85179305,0.0065772976,0.16412386,0.03893429,0.3404456,0.029610438
375316653866487564,6028110230599153664,0.42604893,2278.2787028116354,1.8067501771997956,1.99913E-5,19.394924,0.011187639,0.18429393,0.13733973,0.06006432,0.11496536,0.032971818,0.23047616,0.86047447,0.0017134115,0.037786137,0.0035528603,0.2830825,0.046377797,null,null,null,null,"TWOGAUSSIANS",8,3.5439363,0.86047447,0.0017114655,0.21160237,0.01989602,0.28308252,0.046381343,0.18429393,0.13733973,0.3363602,0.6062253,0.032971818,0.23047616
375316653866487564,6028110295029426560,0.545756,2302.8103986999527,0.5159503125712895,3.688041E-5,18.80551,0.003609895,0.22626711,0.006476787,0.026296403,0.007371958,0.520997,0.29889673,0.7344319,0.006020505,0.01651726,0.014491793,0.82979065,0.41180208,null,null,null,null,"TWOGAUSSIANS",8,4.318878,0.7344319,0.006020505,0.092496656,0.08115404,0.82979065,0.41180208,0.22626711,0.006476787,0.14725986,0.041282967,0.520997,0.29889673
375316653866487564,6028110333678382592,0.43611315,2295.857024841317,2.7368165788842633,2.0246918E-5,18.56051,0.0023040085,0.16519886,0.019984385,0.012015415,0.010392392,0.41954124,1069.4669,0.7775063,0.0022711623,0.0049863537,0.004126793,0.1275739,7.109833,null,null,null,null,"TWOGAUSSIANS",8,2.8059366,0.16519886,0.019984385,0.06728633,0.058197398,0.41954124,1069.4669,0.7775063,0.0022711623,0.02792358,0.02311004,0.1275739,7.109833
375316653866487564,6028110471117056000,0.41827822,2259.0268239871602,4.940503153537304,1.0069427E-4,19.496407,0.03646791,0.33187222,0.026235059,0.15938607,0.039251633,0.2647922,0.03680839,0.7130833,0.004307075,0.01668974,0.0073439237,0.20622842,0.13242562,null,null,null,null,"TWOGAUSSIANS",8,11.500468,0.33187222,0.026235059,0.4,0.0,0.26092863,0.030368999,0.7130833,0.004307075,0.09346254,0.04112597,0.217667,0.13324638
375316653866487564,6028110711635477376,0.41572827,2315.2533416105643,4.792580597966459,6.926077E-5,18.592655,0.019874392,0.26247996,0.053781357,0.064570904,0.05616034,0.12205378,0.17995846,0.8339423,0.0041190865,0.06300221,0.0060576806,0.2614145,0.030047245,null,null,null,null,"TWOGAUSSIANS",8,8.583391,0.8339423,0.0041190865,0.35281235,0.03392301,0.26139894,0.030028999,0.26247996,0.053781357,0.36159706,0.31424287,0.12203822,0.17997557
375316653866487564,6028110780448390528,0.6469865,2305.778703938072,0.2449920287899483,8.241284E-6,15.0323925,0.0013923695,0.27880666,0.0010018467,0.021500202,9.353814E-4,0.23738284,0.0065321047,0.77814466,0.008582569,0.021868398,0.0055907844,0.26548883,0.101436116,0.0038389033,0.0020189653,0.27880666,0.0010018467,"TWOGAUSSIANS_WITH_ELLIPSOIDAL_ON_ECLIPSE1",9,9.134112,0.77814466,0.008572848,0.122463025,0.031308394,0.27316648,0.10204155,0.27880666,0.0010018467,0.12040114,0.005238136,0.24506064,0.0055619953
375316653866487564,6028110952153832448,0.47869307,2257.836401660682,2.1018795068033995,4.9394763E-5,19.425482,0.037740853,0.2806729,0.0068032723,0.10572249,0.01813866,0.249598,0.035278026,0.77980417,0.0077576963,0.09635868,0.015604868,0.25780025,0.039013274,null,null,null,null,"TWOGAUSSIANS",8,2.2554607,0.77980417,0.0077633127,0.4,0.0,0.23434514,0.021826267,0.2806729,0.0068032723,0.4,0.0,0.22613668,0.016203366
375316653866487564,6028111089686074752,0.44593874,2292.9806724893965,0.03843661963812636,8.885799E-5,19.363068,0.009969638,null,null,null,null,null,null,null,null,null,null,null,null,0.13048248,0.0106235165,0.22632016,0.008679503,"ELLIPSOIDAL",4,5.715932,null,null,null,null,null,null,null,null,null,null,null,null
375316653866487564,6028111154034551296,0.43399632,2264.1653340201237,4.680665332100957,2.7956264E-4,19.683453,0.006849038,0.16116738,0.025622487,0.06560679,0.014700764,0.084939994,0.022140482,0.7969003,0.011304584,0.01708004,0.015293968,0.79344,1.3774586E7,null,null,null,null,"TWOGAUSSIANS",8,3.380153,0.7969003,0.011304584,0.09564822,0.08564622,0.79344004,1.3774586E7,0.16116738,0.025622487,0.36739802,0.07765823,0.084939994,0.022140482
375316653866487564,6028111192672173952,0.4848228,2278.0697007560625,1.4131938001994,3.6142916E-5,19.57767,0.015535499,0.15885925,0.023052141,0.0401199,0.022409195,0.07850613,0.041721366,0.6930942,0.0021069443,0.036752716,0.0038634273,0.8743893,0.33949888,null,null,null,null,"TWOGAUSSIANS",8,5.8046193,0.6930942,0.0021069443,0.20581521,0.021635193,0.8743893,0.33949888,0.15885925,0.023052141,0.22467145,0.12549148,0.07850613,0.041721366
375316653866487564,6028111295751469696,0.54098594,2266.2910473174948,2.5963904425371376,3.980662E-5,19.30189,0.011614724,0.26389918,0.0041318987,0.07778986,0.0048873485,0.45005026,0.022334702,0.7714412,0.0054801903,0.07753235,0.008235788,0.38767546,0.025692098,null,null,null,null,"TWOGAUSSIANS",8,3.3241768,0.26389918,0.0041318987,0.4,0.0,0.446039,0.022118999,0.7714412,0.0054801903,0.4,0.0,0.38366422,0.026928283
375316653866487564,6028111944264674816,0.5530276,2273.2403006316363,0.6308621999353297,8.987122E-6,17.706125,0.0025640295,0.20610988,6.855127E-4,0.035212778,7.6122285E-4,0.4079171,0.008215817,0.705098,0.0017347168,0.0339983,0.0015766984,0.46671987,0.03496556,null,null,null,null,"TWOGAUSSIANS",8,6.4058647,0.705098,0.0017347168,0.19039048,0.008829511,0.46671987,0.03496556,0.20610988,6.855127E-4,0.19719155,0.004262848,0.4079171,0.008215817
375316653866487564,6028111948679758720,0.64340055,2274.171716601703,1.0737152713943492,1.5219568E-5,17.233568,0.0014683078,0.23070225,7.727419E-4,0.055674568,0.0010580475,0.325934,0.0036699118,0.73384756,0.002852671,0.06910394,0.0028467192,0.11478647,0.00452362,null,null,null,null,"TWOGAUSSIANS",8,2.0605888,0.23070225,7.727419E-4,0.3117776,0.005925066,0.32582822,0.0036709916,0.73384756,0.002852671,0.38698208,0.01594163,0.114680685,0.004533165
375316653866487564,6028112360908234880,0.4253028,2271.660755757831,2.771722964488277,4.5121356E-5,19.349213,0.016681394,0.23552153,0.010253901,0.08959519,0.016853565,0.16527882,0.025555655,0.7610514,0.016429449,0.06530239,0.014208474,0.15598096,0.03235604,null,null,null,null,"TWOGAUSSIANS",8,6.4280224,0.23552153,0.010253901,0.4,0.0,0.16427091,0.026088862,0.7610514,0.016429449,0.36569336,0.07463773,0.1549732,0.031785104
375316653866487564,6028112360908409600,0.5838776,2268.27850628127,1.7293263977544129,1.337597E-5,17.86357,0.005866566,0.2490018,0.0022912347,0.093685076,0.0040905457,0.1854102,0.0064150034,0.75280285,0.0028418514,0.08752203,0.0056855264,0.25196713,0.007199853,null,null,null,null,"TWOGAUSSIANS",8,2.062588,0.75280285,0.0028418514,0.4,0.0,0.24298026,0.0078438,0.2490018,0.0022912347,0.4,0.0,0.17642313,0.004757432
375316653866487564,6028112429627988096,0.54849696,2270.23762620041,0.6017623296004625,3.1950673E-5,18.263708,0.0027996819,0.3394641,0.023196029,0.027367555,0.014426786,0.29758465,1.1018964,0.8394832,0.0010394148,0.026135376,7.348182E-4,0.4703339,0.016998803,null,null,null,null,"TWOGAUSSIANS",8,3.3908768,0.8394832,0.0010394148,0.1463581,0.004114982,0.4703339,0.016998803,0.3394641,0.023196029,0.15325831,0.080790006,0.29758465,1.1018964
375316653866487564,6028112498436106368,0.5568507,2260.998231917909,2.713777303904588,1.5559053E-5,18.683527,0.013902411,0.2817557,0.0033457978,0.05780881,0.0056617092,0.379576,0.037300386,0.77340126,0.018197907,0.04341059,0.015630433,0.33343202,0.048541702,0.12943941,0.021372845,0.2817557,0.0033457978,"TWOGAUSSIANS_WITH_ELLIPSOIDAL_ON_ECLIPSE1",9,8.228646,0.2817557,0.0033457978,0.32372934,0.031705573,0.6384207,0.022346582,0.7742613,0.017489973,0.2430993,0.08753042,0.59163773,0.031002821
375316653866487564,6028112876304536320,0.45542267,2250.764953421313,3.296620886577949,2.2840048E-5,19.027039,0.007191428,0.1915058,0.0054095313,0.018139621,0.015415486,0.24242699,4.2750504E7,null,null,null,null,null,null,0.15096344,0.010680964,0.1915058,0.0054095313,"ONEGAUSSIAN_WITH_ELLIPSOIDAL",6,13.093164,0.1915058,0.0054095313,0.10158188,0.08632672,0.54435384,4.2750504E7,null,null,null,null,null,null
375316653866487564,6028113009420348544,0.4710531,2265.0695312788694,2.5475845438960762,4.0674E-5,18.035461,0.011946143,0.27644956,0.005137583,0.09896664,0.012897923,0.1407864,0.010563361,0.7789761,0.0067243185,0.08964351,0.011052203,0.10154225,0.0140306195,null,null,null,null,"TWOGAUSSIANS",8,4.3045278,0.27644956,0.005137583,0.4,0.0,0.13387346,0.006943228,0.7789761,0.0067243185,0.4,0.0,0.09463009,0.009740682
375316653866487564,6028113185630941184,0.49409002,2268.455813019568,3.4477047026499488,3.1076568E-5,19.834818,0.029271025,0.2579848,0.0060995123,0.08557399,0.008759849,0.4345719,0.028758777,0.7424131,0.011896231,0.10091908,0.023873875,0.30167106,0.09335851,null,null,null,null,"TWOGAUSSIANS",8,2.4019313,0.2579848,0.00609971,0.4,0.0,0.4190886,0.016953256,0.7424131,0.011896231,0.4,0.0,0.28618416,0.100102514
375316653866487564,6028113391701407872,0.43436977,2261.323943934356,2.8044021728953012,1.3000774E-4,19.467672,0.071512334,0.25408357,0.03828037,0.09722037,0.06490306,0.2227049,0.065344684,0.7448633,0.012877881,0.06834317,0.025692146,0.43181095,0.07208,null,null,null,null,"TWOGAUSSIANS",8,13.836974,0.7448633,0.012877379,0.38272175,0.13165265,0.42679518,0.06475409,0.25408357,0.03828037,0.4,0.0,0.21768826,0.037948176
375316653866487564,6028113494780849664,0.47377187,2258.8113490108303,2.377071442876711,6.061731E-5,19.011463,0.35869062,0.3052323,0.00933016,0.106141455,0.05391811,0.20254289,0.31485286,0.7852923,0.01390976,0.11325115,0.08457644,0.18643422,0.34915325,null,null,null,null,"TWOGAUSSIANS",8,3.3589866,0.30527228,0.007936035,0.4,0.0,0.17918792,0.022800097,0.7852923,0.01390976,0.4,0.0,0.1630595,0.019473288
375316653866487564,6028113524817293952,0.59521866,2262.8741613423194,0.5111236048583433,3.5208495E-6,18.318144,0.005939609,0.17564867,0.014595853,0.03747723,0.013051398,0.04765635,0.018557796,0.678493,0.0011217281,0.024101352,9.582115E-4,1.2031344,0.03136154,0.024760421,0.0123204775,0.17564867,0.014595853,"TWOGAUSSIANS_WITH_ELLIPSOIDAL_ON_ECLIPSE1",9,12.689103,0.678493,0.0011209131,0.13496757,0.0053659845,1.2526393,0.033549547,0.17564867,0.014595853,0.20987248,0.073087834,0.097177096,0.020405427
375316653866487564,6028113563500552064,0.5398759,2267.698538073417,1.8385461615466616,1.0342649E-5,18.815012,0.0053768153,0.21465096,0.002247731,0.049516868,0.0026907949,0.69043416,0.07398968,0.7125304,0.0015072986,0.046456203,0.0039962837,0.49446955,0.033592023,null,null,null,null,"TWOGAUSSIANS",8,4.0277667,0.21465096,0.002247731,0.27729446,0.015068451,0.69043285,0.07399054,0.7125304,0.0015072986,0.26015472,0.022379188,0.49446824,0.03359337
375316653866487564,6028113627897447040,0.5815614,2263.28977257552,0.9269088877818517,3.48143E-6,17.809017,0.0014205604,0.22643833,0.0022067581,0.036948375,0.001819451,0.18021122,0.0021246262,0.7315918,6.769851E-4,0.033389557,5.6177634E-4,0.30875,0.0049419114,null,null,null,null,"TWOGAUSSIANS",8,1.8207092,0.7315918,6.769851E-4,0.18698151,0.0031459476,0.30875,0.0049419114,0.22643833,0.0022067581,0.20691091,0.010188926,0.18021122,0.0021246262
375316653866487564,6028114044539835136,0.4213522,2299.9434410106023,1.0617326101800506,7.813876E-5,18.945951,0.012732104,0.124584705,0.007144759,0.010890105,0.009097855,0.15967226,0.21899135,0.7400306,0.0042715035,0.03739073,0.006492725,0.46724048,0.21833205,null,null,null,null,"TWOGAUSSIANS",8,8.635013,0.7400306,0.0042715035,0.2093881,0.03635926,0.46724048,0.21833205,0.124584705,0.007144759,0.060984585,0.050947983,0.15967226,0.21899135
375316653866487564,6028114074568273280,0.5653075,2253.262109721479,0.40199442728940693,2.1303262E-5,15.73822,0.0011020914,0.24213552,0.002745314,0.028800301,0.0026759095,0.031192338,0.0013698873,0.7466625,0.002277933,0.020727493,0.0019352331,0.26577285,0.021924084,null,null,null,null,"TWOGAUSSIANS",8,12.772563,0.7466625,0.002277933,0.11607396,0.010837305,0.26577285,0.021924084,0.24213552,0.002745314,0.16128169,0.014985094,0.031192338,0.0013698873
375316653866487564,6028114113344037504,0.42966318,2299.1408750614037,3.334659378097047,5.7021054E-5,16.93571,0.013052336,0.27990994,0.0024335666,0.039322957,0.002884467,0.62539256,0.06747816,0.65507555,0.008409783,0.027335411,0.008866198,0.5298588,0.048071798,null,null,null,null,"TWOGAUSSIANS",8,5.6311674,0.27990994,0.0024335666,0.22020856,0.016153015,0.62539256,0.06747816,0.65507555,0.008409783,0.1530783,0.04965071,0.5298588,0.048071798
375316653866487564,6028114628651729920,0.46862608,2258.732447193352,2.192868616144928,2.835694E-5,18.215263,0.01396631,0.21120694,0.0049907756,0.027651012,0.018847242,0.067124665,0.040301368,0.7408078,0.019839564,0.040894903,0.03147838,0.07736867,0.02857759,0.107360475,0.021007182,0.21120694,0.0049907756,"TWOGAUSSIANS_WITH_ELLIPSOIDAL_ON_ECLIPSE1",9,13.361324,0.7408078,0.019839564,0.22901145,0.17627892,0.28474683,0.017905882,0.21120694,0.0049907756,0.15484567,0.10554456,0.28184506,0.023344884
375316653866487564,6028115212767491200,0.4991137,2257.3773228829837,2.2603643035716297,3.747357E-5,19.744497,0.014928423,0.22814277,0.004555991,0.07083827,0.004469337,0.56425333,0.03288595,0.72643393,0.010324147,0.07343993,0.012140298,0.70018494,0.099882446,null,null,null,null,"TWOGAUSSIANS",8,4.5987206,0.72643393,0.010324147,0.4,0.0,0.6972049,0.10233451,0.22814277,0.004555991,0.39669433,0.020512272,0.5612732,0.0327801
375316653866487564,6028115281486691328,0.5465375,2250.60963840269,3.1850995754152915,1.3583783E-5,18.260542,0.009986598,0.23152126,0.0023372083,0.05534351,0.0044916566,0.27621007,0.031036593,0.7471487,0.02235379,0.03199209,0.008627408,0.2756159,0.09529107,0.13001585,0.0126446355,0.23152126,0.0023372083,"TWOGAUSSIANS_WITH_ELLIPSOIDAL_ON_ECLIPSE1",9,13.058451,0.23152126,0.0023372083,0.30992365,0.025153277,0.5362315,0.020750102,0.7471487,0.021504732,0.17915569,0.048313484,0.53313833,0.09063903
375316653866487564,6028115453286023936,0.52419883,2269.231723700921,0.10174954471064027,5.6593094E-6,18.095568,0.0015305058,0.16485202,0.006496779,0.036944825,0.013968706,0.19717889,8.890423,0.61274076,2.4179155E-6,0.0043699094,3.1425967E-5,0.32325676,6.6195316E-5,null,null,null,null,"TWOGAUSSIANS",8,1.4594707,0.61274076,2.4179155E-6,0.024471492,1.759854E-4,0.32325676,6.6195316E-5,0.16485202,0.006496779,0.20689102,0.078224756,0.19717889,8.890423
375316653866487564,6028115487645905792,0.4682317,2257.30350981503,0.17158716938651902,3.9527764E-5,18.513079,0.010056985,0.46525568,0.018607363,0.13289951,0.027315056,0.14949392,0.015874742,0.579714,0.0047842255,0.025613511,0.00399361,0.2961155,0.046418197,null,null,null,null,"TWOGAUSSIANS",8,10.965582,0.579714,0.0047842255,0.14343566,0.022364216,0.39903423,0.04513786,0.4655557,0.019541744,0.4,0.0,0.14925554,0.0161358
