Gaia/vari_eclipsing_binary/VariEclipsingBinary_460310-460320.csv
# %ECSV 1.0
# ---
# delimiter: ','
# meta: !!omap
# - RELEASE: Gaia DR3
# - TABLE: vari_eclipsing_binary
# - DESCRIPTION: >
#     This table describes the properties of the eclipsing binaries resulting from the variability analysis. 
# - CITATION: >
#     How to cite and acknowledge Gaia: 
#     https://gea.esac.esa.int/archive/documentation/credits.html 
# - KNOWN_ISSUES: >
#     Known issues: 
#     https://www.cosmos.esa.int/web/gaia-users/known-issues 
# - DOCUMENTATION: >
#     Tutorials and documentation: 
#     https://www.cosmos.esa.int/web/gaia-users/archive 
# datatype:
# - 
#   name: solution_id
#   datatype: int64
#   description: Solution Identifier
#   meta:
#     ucd: meta.version
# - 
#   name: source_id
#   datatype: int64
#   description: Unique source identifier
#   meta:
#     ucd: meta.id;meta.main
# - 
#   name: global_ranking
#   datatype: float32
#   description: Number between 0 (worst) and 1 (best)
#   meta:
#     ucd: stat.param
# - 
#   name: reference_time
#   datatype: float64
#   unit: d
#   description: Reference time used for the geometric model fit
#   meta:
#     ucd: time.epoch
# - 
#   name: frequency
#   datatype: float64
#   unit: d**-1
#   description: Frequency of geometric model of the eclipsing binary light curve
#   meta:
#     ucd: src.orbital
# - 
#   name: frequency_error
#   datatype: float32
#   unit: d**-1
#   description: "Uncertainty of \\texttt{frequency}"
#   meta:
#     ucd: stat.error
# - 
#   name: geom_model_reference_level
#   datatype: float32
#   unit: mag
#   description: Magnitude reference level of geometric model
#   meta:
#     ucd: phot.mag;em.opt
# - 
#   name: geom_model_reference_level_error
#   datatype: float32
#   unit: mag
#   description: "Uncertainty of \\texttt{geomModelReferenceLevel}"
#   meta:
#     ucd: stat.error;phot.mag;em.opt
# - 
#   name: geom_model_gaussian1_phase
#   datatype: float32
#   description: Phase of the Gaussian 1 component
#   meta:
#     ucd: time.phase
# - 
#   name: geom_model_gaussian1_phase_error
#   datatype: float32
#   description: "Uncertainty of \\texttt{geomModelGaussian1Phase}"
#   meta:
#     ucd: stat.error;time.phase
# - 
#   name: geom_model_gaussian1_sigma
#   datatype: float32
#   description: "Standard deviation [phase] of Gaussian 1 component"
#   meta:
#     ucd: stat.stdev
# - 
#   name: geom_model_gaussian1_sigma_error
#   datatype: float32
#   description: "Uncertainty of \\texttt{geomModelGaussian1Sigma}"
#   meta:
#     ucd: stat.error
# - 
#   name: geom_model_gaussian1_depth
#   datatype: float32
#   unit: mag
#   description: Magnitude depth of Gaussian 1 component
#   meta:
#     ucd: src.var.amplitude
# - 
#   name: geom_model_gaussian1_depth_error
#   datatype: float32
#   unit: mag
#   description: "Uncertainty of \\texttt{geomModelGaussian1Depth}"
#   meta:
#     ucd: stat.error;src.var.amplitude
# - 
#   name: geom_model_gaussian2_phase
#   datatype: float32
#   description: Phase of Gaussian 2 component
#   meta:
#     ucd: time.phase
# - 
#   name: geom_model_gaussian2_phase_error
#   datatype: float32
#   description: "Uncertainty of \\texttt{geomModelGaussian2Phase}"
#   meta:
#     ucd: stat.error;time.phase
# - 
#   name: geom_model_gaussian2_sigma
#   datatype: float32
[...]
#   datatype: float32
#   description: "Secondary eclipse: uncertainty of \\texttt{derivedSecondaryEclDuration}"
#   meta:
#     ucd: stat.error;time.duration
# - 
#   name: derived_secondary_ecl_depth
#   datatype: float32
#   unit: mag
#   description: "Secondary eclipse: depth"
#   meta:
#     ucd: src.var.amplitude
# - 
#   name: derived_secondary_ecl_depth_error
#   datatype: float32
#   unit: mag
#   description: "Secondary eclipse: uncertainty of \\texttt{derivedSecondaryEclDepth}"
#   meta:
#     ucd: stat.error;src.var.amplitude
solution_id,source_id,global_ranking,reference_time,frequency,frequency_error,geom_model_reference_level,geom_model_reference_level_error,geom_model_gaussian1_phase,geom_model_gaussian1_phase_error,geom_model_gaussian1_sigma,geom_model_gaussian1_sigma_error,geom_model_gaussian1_depth,geom_model_gaussian1_depth_error,geom_model_gaussian2_phase,geom_model_gaussian2_phase_error,geom_model_gaussian2_sigma,geom_model_gaussian2_sigma_error,geom_model_gaussian2_depth,geom_model_gaussian2_depth_error,geom_model_cosine_half_period_amplitude,geom_model_cosine_half_period_amplitude_error,geom_model_cosine_half_period_phase,geom_model_cosine_half_period_phase_error,model_type,num_model_parameters,reduced_chi2,derived_primary_ecl_phase,derived_primary_ecl_phase_error,derived_primary_ecl_duration,derived_primary_ecl_duration_error,derived_primary_ecl_depth,derived_primary_ecl_depth_error,derived_secondary_ecl_phase,derived_secondary_ecl_phase_error,derived_secondary_ecl_duration,derived_secondary_ecl_duration_error,derived_secondary_ecl_depth,derived_secondary_ecl_depth_error
[from data line 227]
375316653866487564,4048950474193596416,0.47657168,2319.81589112541,2.57733246327397,2.0401805E-5,17.111843,0.0059436006,null,null,null,null,null,null,null,null,null,null,null,null,0.08890774,0.0099643115,0.7478327,0.0063117496,"ELLIPSOIDAL",4,40.86191,null,null,null,null,null,null,null,null,null,null,null,null
375316653866487564,4048950611632533376,0.48677832,2271.136052590714,0.22381315107936678,4.8639868E-5,18.953308,0.035134096,0.28358567,0.013608236,0.05649819,0.010604119,0.24111041,0.031238075,0.6885425,0.017692609,0.14291768,0.031913273,0.261287,0.03289251,null,null,null,null,"TWOGAUSSIANS",8,3.8276036,0.6885425,0.017692609,0.4,0.0,0.2558732,0.027776169,0.28483567,0.01334642,0.31638986,0.05938307,0.24051662,0.030619577
375316653866487564,4048950985251533568,0.49167088,2299.3277970063864,4.960496103446509,1.4278828E-4,19.697947,0.032712445,0.11082975,0.81862354,0.080472164,0.063375406,0.14880987,0.09245126,0.67038256,0.029973082,0.02543568,0.013678841,0.554566,0.3641936,null,null,null,null,"TWOGAUSSIANS",8,1.2553316,0.67038256,0.029973082,0.14243981,0.07660151,0.5545658,0.36419582,0.11082975,0.81862354,0.4,0.25691566,0.14880957,0.09244638
375316653866487564,4048951092668943104,0.46050927,2266.6155457999553,0.6958299154243368,5.843273E-5,18.648409,0.6326044,0.24742082,0.011829397,0.16079068,0.15123816,0.3026014,0.6253236,0.73161966,0.0074518854,0.0986074,0.040184624,0.35641402,0.27719828,null,null,null,null,"TWOGAUSSIANS",8,11.680589,0.73161966,0.0074518854,0.4,5.38497E-4,0.27613568,0.07375314,0.24743082,0.01178118,0.4,0.0,0.21731366,0.057672273
375316653866487564,4048951161323606784,0.54482925,2302.683323560125,0.14520894227704312,6.271338E-5,18.900177,0.016714511,0.26140508,0.0029164427,0.07497552,0.006689093,0.40185285,0.014356219,0.62995243,0.007853148,0.03662631,0.0077151586,0.43480557,0.040580977,null,null,null,null,"TWOGAUSSIANS",8,7.029606,0.62995243,0.007853148,0.20510733,0.04320489,0.43480778,0.04058405,0.26140508,0.0029164427,0.4,0.0,0.40185276,0.014356111
375316653866487564,4048951539280958848,0.4985579,2359.3612931598823,2.0665014194757183,3.065645E-5,18.621424,0.030494472,0.23540913,0.006405176,0.06860299,0.011193723,0.44167027,0.061285656,0.72214454,0.005698682,0.096210375,0.01637187,0.48003587,0.041612454,null,null,null,null,"TWOGAUSSIANS",8,9.56179,0.72214454,0.005698682,0.4,0.0,0.4728783,0.047552947,0.23540913,0.00640525,0.38417673,0.049602333,0.43451434,0.06421088
375316653866487564,4048951569335598080,0.4448727,2238.750416522388,2.2691580610363,3.1675132E-5,18.52051,0.13700801,0.19501016,0.020536775,0.10690425,0.06250483,0.40203458,0.11862392,0.7213628,0.013488265,0.08649072,0.021868346,0.5469706,0.138375,null,null,null,null,"TWOGAUSSIANS",8,22.687706,0.72137284,0.013396106,0.4,0.0,0.52450764,0.079035014,0.19501016,0.020536775,0.4,0.0,0.37954763,0.12934594
375316653866487564,4048951917301993472,0.43918806,2305.1516577550665,1.563451885611142,1.3840733E-5,18.841354,0.0099949045,0.2189258,0.0063920254,0.05066191,0.0065716766,0.23820503,0.041500285,0.737761,0.009201957,0.08773327,0.00787139,0.28357622,0.084150426,null,null,null,null,"TWOGAUSSIANS",8,2.356876,0.737761,0.009201957,0.4,0.0,0.2831215,0.08438911,0.2189258,0.0063920254,0.2837067,0.03680139,0.23775037,0.041642424
375316653866487564,4048951981654064896,0.46706334,2260.7781620943892,1.9624289020667858,4.5100078E-5,18.617245,0.018803567,0.26161492,0.01156905,0.08461575,0.014024372,0.31072155,0.034525495,0.7769731,0.025327899,0.0758153,0.028892467,0.2459661,0.082020566,null,null,null,null,"TWOGAUSSIANS",8,11.9233465,0.26161492,0.01156905,0.4,0.0,0.30753013,0.034017757,0.7769731,0.025327899,0.4,0.07916861,0.24277472,0.08721235
375316653866487564,4048952016013631744,0.57413393,2277.6505129106336,0.1908804491671235,1.0657441E-5,17.473175,0.0017459058,0.4032388,0.014068437,0.01098609,0.007957795,0.3148658,4.343402,0.6763506,0.0015624011,0.0041184123,0.0035161774,0.07620832,0.01861149,null,null,null,null,"TWOGAUSSIANS",8,3.0151181,0.4032388,0.014068437,0.0615221,0.04456365,0.3148658,4.343402,0.6763506,0.0015624011,0.023063108,0.019690594,0.07620832,0.01861149
375316653866487564,4048952020381175936,0.5112269,2298.796038064876,1.095989182569517,7.413607E-5,19.766659,0.059537925,0.297207,0.019632936,0.09386438,0.02172818,0.3979276,0.0669825,0.77361256,0.020186964,0.083313584,0.06565723,0.11675255,0.050224483,null,null,null,null,"TWOGAUSSIANS",8,2.2682102,0.297207,0.019628929,0.4,0.0,0.39237344,0.04178114,0.77361256,0.020186964,0.4,0.061949223,0.11119946,0.017832765
375316653866487564,4048952089100696320,0.43971604,2222.5850360797604,0.14507325537327279,9.8356744E-5,19.170816,0.009776681,0.38365155,0.09462431,0.08073273,0.048160464,0.3158786,0.24555297,0.85084873,0.047630016,0.031897757,0.039068565,0.17545044,0.080649056,null,null,null,null,"TWOGAUSSIANS",8,3.277588,0.38365155,0.09462431,0.4,0.19373617,0.3158719,0.24560115,0.85084873,0.047630016,0.17862745,0.21878396,0.17544374,0.080947995
375316653866487564,4048952325253384576,0.5174792,2297.917361474602,2.4883864264452025,1.786021E-5,18.854929,0.09159323,0.22496249,0.0076999604,0.12607485,0.047205895,0.22023205,0.08572226,0.74489045,0.006621462,0.10246955,0.028550709,0.29524016,0.08095842,null,null,null,null,"TWOGAUSSIANS",8,2.4909332,0.74501044,0.0064686476,0.4,0.0,0.2581456,0.024734309,0.22495249,0.007675869,0.4,0.0,0.18294203,0.028382557
375316653866487564,4048952565771615616,0.5264513,2262.473196147459,2.7820366718706904,2.5194824E-5,19.457603,0.111877754,0.21836384,0.0076552765,0.08552333,0.029103648,0.26791456,0.10508126,0.7120664,0.015666455,0.087134235,0.06739005,0.34976155,0.070784956,null,null,null,null,"TWOGAUSSIANS",8,1.9507995,0.7120664,0.015666455,0.4,0.0,0.34144786,0.1152583,0.21836384,0.0073435875,0.4,0.011537892,0.25960088,0.045804717
375316653866487564,4048952604434008192,0.5419632,2291.7372846194507,1.3223261949855687,2.2934506E-5,17.118155,0.009207959,0.26045942,0.0038382842,0.085910544,0.005955457,0.3118044,0.016306493,0.75620216,0.0049178437,0.0917813,0.007379458,0.28264338,0.019972023,null,null,null,null,"TWOGAUSSIANS",8,11.118744,0.26045942,0.0038382842,0.4,0.0,0.30124316,0.017375238,0.75620216,0.0049178437,0.4,0.0,0.27208194,0.021278435
375316653866487564,4048952741871230208,0.5002907,2265.0929884699494,2.3424100709987576,2.2849223E-5,17.80831,0.012380835,0.27121085,0.006953567,0.0910329,0.009563577,0.21169174,0.016172875,0.79233843,0.022974558,0.07170618,0.029334672,0.13356462,0.025600709,null,null,null,null,"TWOGAUSSIANS",8,7.541728,0.27121085,0.006953567,0.4,0.0,0.20965666,0.014869632,0.79233843,0.022974558,0.4,0.07709788,0.13152976,0.027502012
375316653866487564,4048952771927640064,0.46008572,2218.1736662023836,4.17588183796552,2.896867E-5,19.142029,0.015444894,0.19473441,0.0032704568,0.031277247,0.004288417,0.33169866,0.042333346,0.49444804,0.054838877,0.051749066,0.031041257,0.2307237,0.107778646,null,null,null,null,"TWOGAUSSIANS",8,5.321149,0.19473441,0.0032704568,0.17515257,0.024015134,0.3316987,0.042334117,0.49444804,0.054838877,0.28979477,0.13031332,0.2307237,0.10777861
375316653866487564,4048952840649160064,0.46338004,2247.978410491851,2.4087116677018687,2.2626378E-5,19.537369,0.39072582,0.15022467,0.020134525,0.04968206,0.015592822,0.26580018,0.1423808,0.5790422,0.013347055,0.28054073,0.13540027,0.45153713,0.3770501,null,null,null,null,"TWOGAUSSIANS",8,2.2035975,0.15365466,0.019790271,0.27821952,0.0873198,0.26229373,0.1513852,0.5790422,0.013347055,0.4,0.0,0.2517798,0.046679005
375316653866487564,4048952840649176064,0.4622108,2225.194831291186,1.8275409165714742,3.6406145E-5,18.94209,0.03249775,0.2868685,0.013186639,0.10031154,0.024755683,0.24065728,0.050596375,0.78121364,0.011020023,0.10385622,0.02132227,0.15640418,0.03385294,null,null,null,null,"TWOGAUSSIANS",8,4.3421836,0.2868685,0.013187096,0.4,0.0,0.22275734,0.053092606,0.78121364,0.011020023,0.4,0.0,0.13850325,0.019301308
375316653866487564,4048952948094223744,0.44166455,2237.691422687898,2.0377529681283986,6.171182E-5,18.247343,0.023023495,0.3350475,0.018398052,0.09872786,0.030546227,0.14151484,0.021774165,0.7849309,0.0092282435,0.08309725,0.02012619,0.17454915,0.049166393,null,null,null,null,"TWOGAUSSIANS",8,12.581833,0.7849309,0.0092282435,0.4,0.0,0.17136787,0.049167465,0.3350475,0.018397547,0.4,0.0,0.13832922,0.01905473
375316653866487564,4048952978087803264,0.48624295,2272.5955653928963,0.06020911392216862,7.618208E-5,19.1747,0.039241776,0.23221901,0.014578168,0.07938294,0.016290428,0.3880756,0.058436673,0.7150872,0.010013743,0.115211666,0.021614376,0.32532874,0.035969555,null,null,null,null,"TWOGAUSSIANS",8,4.2531033,0.23223901,0.01460864,0.4,0.002765604,0.3681362,0.054211874,0.7150872,0.010013743,0.4,0.0,0.30532572,0.026225768
375316653866487564,4048953115555811328,0.4617854,2234.7983769546013,0.16446840525188156,5.364942E-5,19.282227,0.016963832,0.3067739,0.07721247,0.04861611,0.027555007,0.32429588,0.27438283,0.7927725,0.010317595,0.056878395,0.02399155,0.27958593,0.086793,null,null,null,null,"TWOGAUSSIANS",8,3.3737974,0.3067739,0.07721247,0.27225024,0.15430805,0.3242917,0.2744297,0.7927725,0.010317595,0.31851903,0.100451075,0.27958176,0.08698224
375316653866487564,4048953218606251392,0.51689315,2259.8376294850814,2.4885291215494463,1.6763286E-5,18.573565,0.01448206,0.15352596,0.0047494196,0.09968198,0.008504527,0.31773287,0.021245595,0.64635557,0.004610314,0.085008584,0.008145545,0.3658079,0.033251427,null,null,null,null,"TWOGAUSSIANS",8,3.1938968,0.64635557,0.004610314,0.4,0.0,0.35026148,0.037066285,0.15352596,0.0047494196,0.4,0.0,0.30218413,0.021856757
375316653866487564,4048953390433500288,0.5518257,2294.180978396614,0.889067829339725,8.822907E-6,17.187681,0.007931915,0.2406845,0.008169677,0.013317209,0.0097542275,0.0938023,27.48824,0.71915674,0.0025009944,0.039940625,0.0029127977,0.2357112,0.02893849,0.04083361,0.009810946,0.2406845,0.008169677,"TWOGAUSSIANS_WITH_ELLIPSOIDAL_ON_ECLIPSE1",9,10.313739,0.72004676,0.0023481958,0.2236675,0.016311668,0.31595427,0.023166683,0.2406845,0.008169677,0.07457637,0.054623675,0.17546938,27.491476
375316653866487564,4048953390433533440,0.49180144,2302.8769234757333,2.4025694518936977,4.2412248E-5,18.966364,0.045785315,0.264177,0.010750077,0.07559158,0.0171137,0.5206257,0.08427759,0.76475084,0.01740011,0.078057915,0.020553628,0.69578576,0.056646112,null,null,null,null,"TWOGAUSSIANS",8,10.011614,0.76475084,0.01740011,0.4,0.0,0.68981,0.054393716,0.264177,0.010750077,0.4,0.0,0.5146499,0.08740636
375316653866487564,4048953493513069056,0.4263836,2240.5464354115034,3.0994085306674033,5.2956875E-5,18.464972,0.010515417,0.24193409,0.015598522,0.10771443,0.0179792,0.22770217,0.02314438,0.6731909,0.012670709,0.064958215,0.011078317,0.2340379,0.027257202,null,null,null,null,"TWOGAUSSIANS",8,2.007569,0.6731909,0.012670709,0.363766,0.062038574,0.2321535,0.027030589,0.24193409,0.015598522,0.4,0.0,0.2257423,0.023728257
375316653866487564,4048953699669632256,0.47532865,2272.1138629916086,0.17580198111656603,4.31879E-5,18.418106,0.15235049,0.2742741,0.0018156708,0.02498577,0.022352155,0.22241066,0.033081748,0.57965434,0.04868913,0.2643205,0.15600562,0.1617892,0.14692709,null,null,null,null,"TWOGAUSSIANS",8,5.21262,0.2751541,7.6798E-4,0.13992031,0.12517206,0.25660232,0.03679064,0.57965434,0.04868913,0.4,0.0,0.10797097,0.015653314
375316653866487564,4048953768362729472,0.52380896,2236.300553066633,0.28330878307585683,3.3825658E-5,19.321072,0.016814366,0.17586005,0.010511932,0.057364367,0.011586288,0.84270686,0.46949336,0.56279075,0.018494688,0.09010117,0.01990949,0.35820767,0.079628766,null,null,null,null,"TWOGAUSSIANS",8,4.0267134,0.17587006,0.010508199,0.32124045,0.06488322,0.8425723,0.46980044,0.56279075,0.018494688,0.4,0.0,0.35803765,0.07995043
375316653866487564,4048954047543004672,0.49119872,2270.7097311614775,4.504720207312695,4.4418248E-5,18.56789,0.3224038,0.34611914,0.010899463,0.17638741,0.07416737,0.6761993,0.28377,0.82316345,0.060830504,0.08196131,0.040984802,0.18990111,0.19015254,null,null,null,null,"TWOGAUSSIANS",8,25.654829,0.34611914,0.010899463,0.4,0.0,0.5671331,0.077807225,0.82316345,0.060830504,0.4,0.14755042,0.10662635,0.16695808
375316653866487564,4048954111986091648,0.48079234,2362.8998156873945,0.10389449862254657,5.2835057E-5,19.435274,0.036385704,0.23898321,0.009505727,0.07083641,0.014532851,0.2639334,0.039513577,0.7419232,0.0025039245,0.035525173,0.005510229,0.45554322,0.07778377,null,null,null,null,"TWOGAUSSIANS",8,3.6611512,0.7419232,0.0025039245,0.19894096,0.030857284,0.4555349,0.07776997,0.23898321,0.009505727,0.39668387,0.04357111,0.2639251,0.039479587
375316653866487564,4048954185045622656,0.5541599,2319.6599491442607,2.682204495189475,1.600722E-5,17.634747,0.015382489,0.22498155,0.0025850253,0.082841165,0.004867938,0.31845644,0.0143934,0.71441025,0.006961742,0.09737246,0.010010197,0.31291312,0.026472911,null,null,null,null,"TWOGAUSSIANS",8,8.888576,0.22498155,0.0025850253,0.4,0.0,0.30709922,0.009250933,0.71441025,0.006961742,0.4,0.0,0.3015546,0.027160073
375316653866487564,4048954249424664064,0.43386918,2277.546435668815,0.5591451380284488,6.3398693E-6,17.766012,0.0069851386,0.116444126,0.0012085991,0.013673008,0.0012061325,0.28166145,0.03271372,0.5254763,8.478117E-4,0.01457868,0.0019550868,0.14164668,0.025225542,null,null,null,null,"TWOGAUSSIANS",8,19.890558,0.116444126,0.0012085991,0.07656885,0.0067543415,0.28166145,0.03271372,0.5254763,8.478117E-4,0.08164061,0.010948487,0.14164668,0.025225542
375316653866487564,4048954249425027456,0.5276761,2285.747338789572,2.6548904143890657,1.36123535E-5,18.850105,0.011497611,0.31873977,0.007541738,0.08552868,0.008591067,0.28309244,0.02209044,0.8290673,0.005788243,0.082860604,0.006280857,0.3359205,0.028922329,null,null,null,null,"TWOGAUSSIANS",8,2.2815864,0.8290673,0.005788243,0.4,0.0,0.32968667,0.02912221,0.31873977,0.007541738,0.4,0.0,0.27685857,0.022307923
375316653866487564,4048954253765138944,0.5150505,2319.594211039603,2.2054896153303645,2.6801232E-5,18.430897,0.039392732,0.2505793,0.007628501,0.08895609,0.013525924,0.39453793,0.039771304,0.7766131,0.020533334,0.078969754,0.022141444,0.38487503,0.10030333,null,null,null,null,"TWOGAUSSIANS",8,10.640823,0.2505793,0.007628501,0.4,0.0,0.38877773,0.03692098,0.7766131,0.020533334,0.4,0.06374874,0.3791151,0.100690015
375316653866487564,4048954352503615744,0.5235583,2292.133680439962,2.4259833924265024,1.7451242E-5,19.38525,0.021294655,0.814292,0.009729537,0.034262028,0.0116082085,0.1565434,0.062948495,null,null,null,null,null,null,0.14211129,0.029051071,0.814292,0.009729537,"ONEGAUSSIAN_WITH_ELLIPSOIDAL",6,5.3346047,0.814292,0.009729537,0.19186735,0.065005966,0.44076538,0.045406558,null,null,null,null,null,null
375316653866487564,4048954524302297088,0.44947487,2296.565222095454,0.4101199544745718,4.8842347E-5,19.432089,0.031256814,0.5872127,0.019506695,0.13347228,0.027879365,0.18049844,0.0323632,0.9603459,0.024974464,0.045792323,0.03848126,0.09007315,0.023691498,null,null,null,null,"TWOGAUSSIANS",8,2.3873742,0.5872127,0.019506695,0.4,0.0,0.17985553,0.029500261,0.9603459,0.024974464,0.256437,0.20081873,0.093058966,0.02635721
375316653866487564,4048954799100881536,0.5641159,2261.4994835672796,2.1070289565974094,1.2182666E-5,18.070776,0.020080976,0.3127451,0.0124546485,0.0975415,0.012696152,0.3509871,0.03897596,0.80469966,0.0031891821,0.08885167,0.005881637,0.38614312,0.02230662,null,null,null,null,"TWOGAUSSIANS",8,6.652176,0.80469966,0.0031891821,0.4,0.0,0.36827552,0.017397188,0.3127451,0.0124546485,0.4,0.0,0.3331181,0.036673363
