Gaia/vari_eclipsing_binary/VariEclipsingBinary_485277-485321.csv
# %ECSV 1.0
# ---
# delimiter: ','
# meta: !!omap
# - RELEASE: Gaia DR3
# - TABLE: vari_eclipsing_binary
# - DESCRIPTION: >
#     This table describes the properties of the eclipsing binaries resulting from the variability analysis. 
# - CITATION: >
#     How to cite and acknowledge Gaia: 
#     https://gea.esac.esa.int/archive/documentation/credits.html 
# - KNOWN_ISSUES: >
#     Known issues: 
#     https://www.cosmos.esa.int/web/gaia-users/known-issues 
# - DOCUMENTATION: >
#     Tutorials and documentation: 
#     https://www.cosmos.esa.int/web/gaia-users/archive 
# datatype:
# - 
#   name: solution_id
#   datatype: int64
#   description: Solution Identifier
#   meta:
#     ucd: meta.version
# - 
#   name: source_id
#   datatype: int64
#   description: Unique source identifier
#   meta:
#     ucd: meta.id;meta.main
# - 
#   name: global_ranking
#   datatype: float32
#   description: Number between 0 (worst) and 1 (best)
#   meta:
#     ucd: stat.param
# - 
#   name: reference_time
#   datatype: float64
#   unit: d
#   description: Reference time used for the geometric model fit
#   meta:
#     ucd: time.epoch
# - 
#   name: frequency
#   datatype: float64
#   unit: d**-1
#   description: Frequency of geometric model of the eclipsing binary light curve
#   meta:
#     ucd: src.orbital
# - 
#   name: frequency_error
#   datatype: float32
#   unit: d**-1
#   description: "Uncertainty of \\texttt{frequency}"
#   meta:
#     ucd: stat.error
# - 
#   name: geom_model_reference_level
#   datatype: float32
#   unit: mag
#   description: Magnitude reference level of geometric model
#   meta:
#     ucd: phot.mag;em.opt
# - 
#   name: geom_model_reference_level_error
#   datatype: float32
#   unit: mag
#   description: "Uncertainty of \\texttt{geomModelReferenceLevel}"
#   meta:
#     ucd: stat.error;phot.mag;em.opt
# - 
#   name: geom_model_gaussian1_phase
#   datatype: float32
#   description: Phase of the Gaussian 1 component
#   meta:
#     ucd: time.phase
# - 
#   name: geom_model_gaussian1_phase_error
#   datatype: float32
#   description: "Uncertainty of \\texttt{geomModelGaussian1Phase}"
#   meta:
#     ucd: stat.error;time.phase
# - 
#   name: geom_model_gaussian1_sigma
#   datatype: float32
#   description: "Standard deviation [phase] of Gaussian 1 component"
#   meta:
#     ucd: stat.stdev
# - 
#   name: geom_model_gaussian1_sigma_error
#   datatype: float32
#   description: "Uncertainty of \\texttt{geomModelGaussian1Sigma}"
#   meta:
#     ucd: stat.error
# - 
#   name: geom_model_gaussian1_depth
#   datatype: float32
#   unit: mag
#   description: Magnitude depth of Gaussian 1 component
#   meta:
#     ucd: src.var.amplitude
# - 
#   name: geom_model_gaussian1_depth_error
#   datatype: float32
#   unit: mag
#   description: "Uncertainty of \\texttt{geomModelGaussian1Depth}"
#   meta:
#     ucd: stat.error;src.var.amplitude
# - 
#   name: geom_model_gaussian2_phase
#   datatype: float32
#   description: Phase of Gaussian 2 component
#   meta:
#     ucd: time.phase
# - 
#   name: geom_model_gaussian2_phase_error
#   datatype: float32
#   description: "Uncertainty of \\texttt{geomModelGaussian2Phase}"
#   meta:
#     ucd: stat.error;time.phase
# - 
#   name: geom_model_gaussian2_sigma
#   datatype: float32
[...]
#   datatype: float32
#   description: "Secondary eclipse: uncertainty of \\texttt{derivedSecondaryEclDuration}"
#   meta:
#     ucd: stat.error;time.duration
# - 
#   name: derived_secondary_ecl_depth
#   datatype: float32
#   unit: mag
#   description: "Secondary eclipse: depth"
#   meta:
#     ucd: src.var.amplitude
# - 
#   name: derived_secondary_ecl_depth_error
#   datatype: float32
#   unit: mag
#   description: "Secondary eclipse: uncertainty of \\texttt{derivedSecondaryEclDepth}"
#   meta:
#     ucd: stat.error;src.var.amplitude
solution_id,source_id,global_ranking,reference_time,frequency,frequency_error,geom_model_reference_level,geom_model_reference_level_error,geom_model_gaussian1_phase,geom_model_gaussian1_phase_error,geom_model_gaussian1_sigma,geom_model_gaussian1_sigma_error,geom_model_gaussian1_depth,geom_model_gaussian1_depth_error,geom_model_gaussian2_phase,geom_model_gaussian2_phase_error,geom_model_gaussian2_sigma,geom_model_gaussian2_sigma_error,geom_model_gaussian2_depth,geom_model_gaussian2_depth_error,geom_model_cosine_half_period_amplitude,geom_model_cosine_half_period_amplitude_error,geom_model_cosine_half_period_phase,geom_model_cosine_half_period_phase_error,model_type,num_model_parameters,reduced_chi2,derived_primary_ecl_phase,derived_primary_ecl_phase_error,derived_primary_ecl_duration,derived_primary_ecl_duration_error,derived_primary_ecl_depth,derived_primary_ecl_depth_error,derived_secondary_ecl_phase,derived_secondary_ecl_phase_error,derived_secondary_ecl_duration,derived_secondary_ecl_duration_error,derived_secondary_ecl_depth,derived_secondary_ecl_depth_error
[from data line 339]
375316653866487564,4268902346392876928,0.62237674,2268.4821365682797,3.2214108684360143,1.001553E-5,17.542194,0.01702234,0.27060655,0.0051178006,0.052536193,0.009757154,0.37822628,0.03773469,0.77048135,0.0042574056,0.047127686,0.005970491,0.29768077,0.041595355,0.114345476,0.021436222,0.27060655,0.0051178006,"TWOGAUSSIANS_WITH_ELLIPSOIDAL_ON_ECLIPSE1",9,10.574679,0.27060655,0.0051178006,0.2942027,0.05464006,0.6069123,0.03442559,0.77049136,0.0040635006,0.26391503,0.03343475,0.5263667,0.032684747
375316653866487564,4268902655670673152,0.5953338,2247.8974143844644,1.8339653268214922,1.7694536E-5,18.074438,0.0073608966,0.2880846,0.0290618,0.06507083,0.017506298,0.28773287,0.061940305,0.7706035,0.0036972212,0.076240994,0.006114839,0.5568547,0.029361645,null,null,null,null,"TWOGAUSSIANS",8,7.758907,0.7706035,0.0036972212,0.4,0.0,0.555854,0.02998082,0.2880846,0.0290618,0.36439663,0.09803527,0.28673217,0.06155037
375316653866487564,4268902758704700160,0.44383913,2289.3783477869288,1.0544910618882775,5.682677E-5,19.418564,0.12196646,0.25083494,0.036252037,0.1275623,0.085715935,0.25836885,1.2447566,0.73424697,0.055181235,0.080234,0.056177054,0.33880368,0.14740379,null,null,null,null,"TWOGAUSSIANS",8,3.3497913,0.73424697,0.055181235,0.4,0.050636962,0.31394437,0.085328415,0.25083494,0.03553943,0.4,0.110679805,0.23324187,1.2672493
375316653866487564,4268902930502453632,0.5824896,2272.7973834743884,2.6608262330826005,1.0395365E-5,19.071512,0.055358067,0.2527874,0.007946274,0.10255938,0.02027201,0.3662212,0.047914136,0.7460068,0.0023166982,0.09005455,0.011317042,0.43381602,0.049663033,null,null,null,null,"TWOGAUSSIANS",8,1.6715654,0.7460068,0.0023213215,0.4,0.0,0.40903327,0.01620412,0.2527874,0.007946274,0.4,0.0,0.34143332,0.016467277
375316653866487564,4268902999267183104,0.5689743,2227.0926672563774,0.7625474982870851,2.6659098E-5,17.186377,0.0024015713,0.52275413,5.8859907E-4,0.011777213,9.674861E-4,3.5092106,1.4483253,null,null,null,null,null,null,null,null,null,null,"ONEGAUSSIAN",5,7.1820316,0.52275413,5.8859907E-4,0.06595239,0.005417922,3.5092106,0.0,null,null,null,null,null,null
375316653866487564,4268903063626044288,0.4654864,2218.7568022040737,0.12913635358582676,1.6189691E-5,16.488356,0.0040452783,0.24550556,0.008955946,0.0882284,0.014232098,0.06534493,0.014560602,0.70841086,0.011118673,0.056673493,0.0112892,0.070967995,0.01830931,null,null,null,null,"TWOGAUSSIANS",8,3.3996873,0.70841086,0.011118673,0.31737158,0.06321952,0.07083148,0.018402446,0.24550556,0.008955946,0.4,0.0,0.06520834,0.014644969
375316653866487564,4268903067941361664,0.52362585,2229.057882423231,3.017760258011105,4.005137E-5,19.692318,0.037119377,0.23635554,0.0067976546,0.07562751,0.008723618,0.57816494,0.046153467,0.7643116,0.009222984,0.06540259,0.011357754,0.5122286,0.05403601,null,null,null,null,"TWOGAUSSIANS",8,4.6536946,0.23635554,0.0067976546,0.4,0.0,0.5771777,0.0452608,0.7643116,0.009222984,0.3662545,0.06360342,0.5112414,0.053435706
375316653866487564,4268903132346228608,0.49487042,2209.2076954313147,1.9745256041039978,3.203176E-5,18.577719,0.22316681,0.3389205,0.009687551,0.13402031,0.06390963,0.19630781,0.21487643,0.8295311,0.012234414,0.1317288,0.069950424,0.12842755,0.20211406,null,null,null,null,"TWOGAUSSIANS",8,2.0499606,0.3390505,0.010732561,0.4,0.0,0.14622344,0.00896394,0.8295311,0.012234414,0.4,0.0,0.07853023,0.008234442
375316653866487564,4268903136661153280,0.4776183,2181.37989981847,2.034561279722122,8.68814E-5,18.675558,0.0059612016,0.27365148,0.019713657,0.0893164,0.016023276,0.106165014,0.026893323,0.8152497,0.0012597411,0.024076851,0.0018668518,0.1265172,0.0065246844,null,null,null,null,"TWOGAUSSIANS",8,2.5477457,0.8152497,0.0012597411,0.13483037,0.010454371,0.12651537,0.00652257,0.27365148,0.019713657,0.4,0.0,0.10616297,0.026893895
375316653866487564,4268903686462838272,0.574851,2296.951220307545,3.4786361345639243,8.221719E-6,15.6103115,0.10693189,0.26346976,0.0030419426,0.11118323,0.026126152,0.31183234,0.09572467,0.7766555,0.016192902,0.08791755,0.06492352,0.1361748,0.09990398,null,null,null,null,"TWOGAUSSIANS",8,33.10792,0.26346976,0.0026624259,0.4,0.0,0.29644868,0.011053544,0.7766855,0.01675219,0.4,0.022940096,0.1208199,0.017501678
375316653866487564,4268903961295914752,0.50845075,2241.8128503787834,1.8530131915373298,1.9916553E-5,18.786545,0.0075333,0.17251025,0.005340313,0.033369265,0.0070879846,0.07897293,0.033998255,0.6099947,0.013858342,0.110643245,0.013759707,0.34121925,0.060170595,null,null,null,null,"TWOGAUSSIANS",8,2.7216988,0.6099947,0.013858342,0.4,0.0,0.34101546,0.06037249,0.17258024,0.0053483406,0.18686788,0.039692715,0.07890758,0.034066673
375316653866487564,4268904992087485696,0.4947189,2285.5632986393475,0.9999367663094327,2.8268118E-5,19.319658,0.07974669,0.26833114,0.0060992152,0.093258046,0.01766884,0.42360297,0.06418092,0.75681776,0.006254892,0.10892162,0.034678835,0.37004948,0.06294474,null,null,null,null,"TWOGAUSSIANS",8,3.037803,0.26834112,0.0060669635,0.4,0.0,0.39168635,0.042918812,0.75681776,0.006254892,0.4,0.0,0.33811155,0.035342317
375316653866487564,4268905090851609472,0.57603455,2168.6116452090932,1.2232845106579053,6.525428E-6,18.44636,0.008569639,0.18396209,0.020395136,0.06311449,0.03311689,0.13532428,0.30930755,0.6805586,0.0027381992,0.054185882,0.003970945,0.4068578,0.016974773,null,null,null,null,"TWOGAUSSIANS",8,4.2412186,0.6805586,0.0027381992,0.30344093,0.022237292,0.40681335,0.01695979,0.18396209,0.020395136,0.35344112,0.12070732,0.13527983,0.30945513
375316653866487564,4268905748002435456,0.5904546,2238.2978802997573,2.647269449677368,2.1764276E-5,19.490986,0.011154495,0.2942971,0.0029412122,0.06540005,0.0036772785,0.5213768,0.026159815,0.78860295,0.0058523696,0.060397748,0.0071723964,0.57387656,0.07634465,null,null,null,null,"TWOGAUSSIANS",8,1.1369495,0.78860295,0.0058523696,0.3382274,0.04016542,0.57353866,0.0764958,0.2942971,0.0029412122,0.3662403,0.02059276,0.52103895,0.026172332
375316653866487564,4268906606996615168,0.4420392,2260.339103015732,0.19690653944901765,7.628161E-5,19.767736,0.024948644,0.02617735,0.0043929564,0.031463522,0.0071661137,0.0879639,0.017666303,0.37779853,0.02402797,0.18401372,0.0425564,0.1899012,0.021398574,null,null,null,null,"TWOGAUSSIANS",8,2.1400132,0.37779853,0.02402797,0.4,0.0,0.18043037,0.02022586,0.029797351,0.003638764,0.17619571,0.04013024,0.1100305,0.017840747
375316653866487564,4268907878311326336,0.4851185,2300.944812858895,4.743988935871098,3.446301E-5,19.032595,0.13123855,0.27896452,0.041322973,0.19375683,0.105055645,0.20670626,0.12065237,0.73921686,0.082219206,0.07072659,0.04673855,0.2297392,0.115160115,null,null,null,null,"TWOGAUSSIANS",8,1.4874448,0.73921686,0.082219206,0.3960689,0.047735542,0.19955136,0.098770246,0.27896452,0.03896195,0.4,0.0,0.15994565,0.024154982
375316653866487564,4268907981390196736,0.5495535,2246.949444457877,3.5158724906872187,4.1030733E-5,18.713354,0.0071745673,0.19754364,0.033137888,0.03137272,0.015403745,0.67241454,1.3012311,0.5671647,0.011991416,0.056311052,0.005700331,0.7320744,0.20316489,null,null,null,null,"TWOGAUSSIANS",8,4.10745,0.5671647,0.011991416,0.3153419,0.031921852,0.7320744,0.20316489,0.19754364,0.033137888,0.17568722,0.086260974,0.67241454,1.3012311
375316653866487564,4268908732990823808,0.58128476,2242.2688627389853,1.6932203055404533,1.3109674E-5,18.92979,0.005022085,0.30353358,0.008897471,0.05878115,0.0068693897,0.53585154,0.043715328,0.78830355,0.009031223,0.066282876,0.011665517,0.15306318,0.02649175,null,null,null,null,"TWOGAUSSIANS",8,3.843993,0.30353358,0.008897471,0.32917443,0.038468584,0.53573954,0.04375876,0.78830355,0.009031223,0.37118408,0.0653269,0.1529512,0.026545234
375316653866487564,4268909733733822208,0.55623025,2260.2007330093197,2.7229238632678685,2.054938E-5,19.586836,0.026589392,0.20202519,0.018954474,0.068035014,0.01474066,0.36147103,0.04450778,0.70619255,0.018134417,0.06698401,0.015276435,0.4897663,0.038299486,null,null,null,null,"TWOGAUSSIANS",8,3.2589843,0.70619255,0.018134417,0.37511048,0.04025504,0.48897827,0.036093213,0.20202519,0.018954474,0.38099608,0.04156804,0.360683,0.043092873
375316653866487564,4268909974252578816,0.54499346,2276.9924115091358,2.904063618460634,1.055424E-5,19.5774,0.009109951,0.35755304,0.0018647598,0.07250886,0.0034898522,0.42640316,0.029003376,0.8461598,0.0066373195,0.071926415,0.007717573,0.3889483,0.018642552,null,null,null,null,"TWOGAUSSIANS",8,1.5129365,0.35755304,0.0018647598,0.4,0.005401332,0.42485875,0.029221045,0.8461598,0.0066373195,0.4,0.017813252,0.38740388,0.01939638
375316653866487564,4268910038660889600,0.5451322,2243.1843363240446,2.2149938278958783,1.725169E-5,18.432383,0.021176627,0.25110778,0.0035399664,0.09813259,0.014963384,0.2104151,0.01570204,0.74813706,0.008579156,0.08982019,0.010558596,0.2165095,0.02383699,null,null,null,null,"TWOGAUSSIANS",8,2.8665202,0.74813706,0.008579156,0.4,0.0,0.20464058,0.016278448,0.25110778,0.0035399664,0.4,0.0,0.19854528,0.013737157
375316653866487564,4268910279179536128,0.48353747,2206.0002288218416,2.536482857923414,3.1267053E-5,18.515154,0.023172503,0.17098877,0.007728116,0.07980098,0.021262104,0.14085527,0.015976703,0.6515021,0.0060518673,0.079997346,0.012656322,0.15425184,0.023986345,null,null,null,null,"TWOGAUSSIANS",8,1.9496893,0.6515021,0.0060518673,0.4,0.0,0.15275683,0.019693945,0.17098877,0.007728116,0.4,0.0,0.13936026,0.012855714
375316653866487564,4268911142525219840,0.6933513,2170.1651617032394,2.1817522021816718,8.530327E-6,17.154366,0.01732786,0.25267768,0.0025382177,0.057099614,0.0075542466,0.22602654,0.036062375,0.752398,0.0026281446,0.054677106,0.00604537,0.27193114,0.03509725,0.11555502,0.019924518,0.25267768,0.0025382177,"TWOGAUSSIANS_WITH_ELLIPSOIDAL_ON_ECLIPSE1",9,2.7800615,0.752448,0.002205218,0.3061918,0.03385407,0.50301665,0.009887707,0.25267768,0.0025382177,0.31975782,0.04230378,0.4571126,0.009728063
375316653866487564,4268911382998493184,0.48075038,2221.8828423954405,1.0890095887305935,4.478877E-5,19.691568,0.04314085,0.26472268,0.019740773,0.0949539,0.028055124,0.28797573,0.04373145,0.721172,0.015842024,0.09308567,0.025592793,0.19608271,0.04899574,null,null,null,null,"TWOGAUSSIANS",8,1.848827,0.26472268,0.01973003,0.4,0.0,0.2806927,0.048703615,0.721172,0.015842024,0.4,0.0,0.18880127,0.041531257
375316653866487564,4268912070198247168,0.6044771,2212.7468729869906,0.6301302515609208,6.76469E-5,18.247997,0.005882769,0.272821,0.0065636444,0.024546552,0.0048808716,0.13136297,0.016332291,0.7690274,0.030234665,0.03262667,0.009762259,0.7194881,0.60933536,null,null,null,null,"TWOGAUSSIANS",8,2.1792629,0.7690274,0.030234665,0.18270935,0.054668654,0.7194881,0.60933536,0.272821,0.0065636444,0.1374607,0.027332881,0.13136297,0.016332291
375316653866487564,4268912207677321600,0.6593667,2177.1767987733374,2.134798668076502,3.4527897E-5,14.571555,0.002206452,0.910182,0.018853536,0.0143526085,0.009747688,0.017896594,0.014337,0.59750724,0.05612289,0.08117734,0.044211492,0.43400624,0.31508076,null,null,null,null,"TWOGAUSSIANS",8,20.57084,0.59750724,0.05612289,0.4,0.16428064,0.43400624,0.31508076,0.91004205,0.019366082,0.08037461,0.05458705,0.018158033,0.0142053645
375316653866487564,4268912379432200064,0.5774878,2218.7990180941756,2.2304353241738117,1.605914E-5,19.207668,0.005504462,0.2506417,0.011450313,0.022021774,0.0075671277,0.25537437,0.068791926,0.76371276,0.0018770988,0.056389175,0.0032155393,0.25684217,0.009364729,null,null,null,null,"TWOGAUSSIANS",8,1.0957866,0.76371276,0.0018770988,0.3157794,0.01800702,0.25684217,0.00936473,0.2506417,0.011450313,0.12332194,0.042375915,0.25537437,0.06879193
375316653866487564,4268912649994807424,0.57744455,2158.3937966394556,2.0267521564937048,2.0710955E-5,17.958448,0.01038406,0.164781,0.0059381095,0.067420565,0.0066162893,0.35163763,0.01868072,0.6735923,0.005609126,0.060699422,0.0047435476,0.38220942,0.017758695,null,null,null,null,"TWOGAUSSIANS",8,6.4762936,0.6735923,0.005609126,0.33991677,0.026563866,0.38193467,0.017749496,0.164781,0.0059381095,0.37755516,0.032595962,0.35136285,0.018664671
375316653866487564,4268912890511604992,0.5018169,2135.8012589224613,2.7289746349391,6.420853E-5,16.35769,0.69370896,0.29975662,0.009275599,0.26061046,0.16531225,0.6427207,0.68580645,0.7922871,0.008168964,0.14062166,0.033314127,0.45185158,0.33537704,null,null,null,null,"TWOGAUSSIANS",8,21.89736,0.7922871,0.008168964,0.4,0.0,0.15916552,0.013286925,0.30061662,0.008304921,0.4,0.0,0.14822388,0.0082641365
375316653866487564,4268913062311730560,0.4592803,2189.442162323419,0.44390611428929694,3.5793546E-5,17.761217,0.013922893,0.43356332,0.03452125,0.18965183,0.07990218,0.0451931,0.012499191,0.7452242,0.012211892,0.05916218,0.010698094,0.09054039,0.011044222,null,null,null,null,"TWOGAUSSIANS",8,5.453266,0.7452242,0.012211892,0.33130822,0.059909325,0.09924272,0.009649624,0.4335733,0.03449215,0.4,0.0,0.04212057,0.008814275
375316653866487564,4268913337188161280,0.59073323,2191.3341560092326,1.9208885118023544,1.3183631E-5,17.028643,0.012684868,0.16912888,0.0058858064,0.06705654,0.006286546,0.31614426,0.022659414,0.66495377,0.005141292,0.079497434,0.010624691,0.51228046,0.068347074,null,null,null,null,"TWOGAUSSIANS",8,14.410175,0.66495377,0.005141292,0.4,0.0,0.5100794,0.07053872,0.16912888,0.0058858064,0.3755166,0.035204656,0.31394315,0.021977717
375316653866487564,4268914063057915136,0.5586405,2143.276143736199,4.5367541995148875,9.8200755E-5,19.503567,0.016227134,0.13314459,0.021338947,0.027774,0.02269889,0.32493782,0.18008488,0.5006458,0.010253689,0.12714428,0.029366275,0.74529535,0.07126328,null,null,null,null,"TWOGAUSSIANS",8,3.6189263,0.5006458,0.010253689,0.4,0.0,0.7446385,0.07260901,0.13376458,0.023157472,0.1555344,0.12711379,0.33579814,0.18617417
375316653866487564,4268914303621314816,0.5740503,2149.865390288739,0.14451171422308784,4.6578632E-5,16.883905,0.003735484,0.21637014,0.019852001,0.017195087,0.016126715,0.08509316,0.28321102,0.5752656,4.556315E-5,0.014164243,2.8965564E-4,1.5832708,0.107439294,null,null,null,null,"TWOGAUSSIANS",8,6.235261,0.5752656,4.556315E-5,0.07931976,0.0016220716,1.5832708,0.107439294,0.21637014,0.019852001,0.09629248,0.090309605,0.08509316,0.28321102
375316653866487564,4268915609248491392,0.54612917,2215.5634749975466,4.657933558648971,5.2087504E-5,19.017706,0.014647142,0.32078454,0.023429785,0.06709455,0.020334179,0.14204676,0.13892476,0.85865533,0.011797467,0.031598397,0.005318968,0.6523289,0.15272838,null,null,null,null,"TWOGAUSSIANS",8,2.6271987,0.85865533,0.011797467,0.17695102,0.029786222,0.6523287,0.15272777,0.32078454,0.023429785,0.3757295,0.1028231,0.14204662,0.13892491
375316653866487564,4268916640041985920,0.47577655,2239.636287950687,1.8535888104613156,4.08767E-5,19.400917,0.062615395,0.1451188,0.019849442,0.0301413,0.016099079,0.08071416,0.06782712,0.49865112,0.013634005,0.1539047,0.04040541,0.36339915,0.088064,null,null,null,null,"TWOGAUSSIANS",8,4.5443745,0.49865112,0.013634005,0.4,0.0,0.359687,0.08383873,0.1497688,0.018202627,0.16879128,0.090154834,0.103925265,0.07780775
375316653866487564,4268917116760994560,0.57022375,2201.3832938133946,0.4240729877694472,1.17549316E-4,18.553574,0.012933461,0.45365566,0.10916402,0.030911684,0.045035593,0.66963685,1.0319322,0.80549985,0.03408137,0.03729994,0.028631847,0.74210036,0.6533886,null,null,null,null,"TWOGAUSSIANS",8,9.46041,0.80549985,0.03408137,0.20887965,0.16033834,0.74210036,0.6533883,0.45365566,0.10916402,0.17310543,0.21398975,0.66963685,1.031936
