Gaia/vari_eclipsing_binary/VariEclipsingBinary_246844-246939.csv
# %ECSV 1.0
# ---
# delimiter: ','
# meta: !!omap
# - RELEASE: Gaia DR3
# - TABLE: vari_eclipsing_binary
# - DESCRIPTION: >
#     This table describes the properties of the eclipsing binaries resulting from the variability analysis. 
# - CITATION: >
#     How to cite and acknowledge Gaia: 
#     https://gea.esac.esa.int/archive/documentation/credits.html 
# - KNOWN_ISSUES: >
#     Known issues: 
#     https://www.cosmos.esa.int/web/gaia-users/known-issues 
# - DOCUMENTATION: >
#     Tutorials and documentation: 
#     https://www.cosmos.esa.int/web/gaia-users/archive 
# datatype:
# - 
#   name: solution_id
#   datatype: int64
#   description: Solution Identifier
#   meta:
#     ucd: meta.version
# - 
#   name: source_id
#   datatype: int64
#   description: Unique source identifier
#   meta:
#     ucd: meta.id;meta.main
# - 
#   name: global_ranking
#   datatype: float32
#   description: Number between 0 (worst) and 1 (best)
#   meta:
#     ucd: stat.param
# - 
#   name: reference_time
#   datatype: float64
#   unit: d
#   description: Reference time used for the geometric model fit
#   meta:
#     ucd: time.epoch
# - 
#   name: frequency
#   datatype: float64
#   unit: d**-1
#   description: Frequency of geometric model of the eclipsing binary light curve
#   meta:
#     ucd: src.orbital
# - 
#   name: frequency_error
#   datatype: float32
#   unit: d**-1
#   description: "Uncertainty of \\texttt{frequency}"
#   meta:
#     ucd: stat.error
# - 
#   name: geom_model_reference_level
#   datatype: float32
#   unit: mag
#   description: Magnitude reference level of geometric model
#   meta:
#     ucd: phot.mag;em.opt
# - 
#   name: geom_model_reference_level_error
#   datatype: float32
#   unit: mag
#   description: "Uncertainty of \\texttt{geomModelReferenceLevel}"
#   meta:
#     ucd: stat.error;phot.mag;em.opt
# - 
#   name: geom_model_gaussian1_phase
#   datatype: float32
#   description: Phase of the Gaussian 1 component
#   meta:
#     ucd: time.phase
# - 
#   name: geom_model_gaussian1_phase_error
#   datatype: float32
#   description: "Uncertainty of \\texttt{geomModelGaussian1Phase}"
#   meta:
#     ucd: stat.error;time.phase
# - 
#   name: geom_model_gaussian1_sigma
#   datatype: float32
#   description: "Standard deviation [phase] of Gaussian 1 component"
#   meta:
#     ucd: stat.stdev
# - 
#   name: geom_model_gaussian1_sigma_error
#   datatype: float32
#   description: "Uncertainty of \\texttt{geomModelGaussian1Sigma}"
#   meta:
#     ucd: stat.error
# - 
#   name: geom_model_gaussian1_depth
#   datatype: float32
#   unit: mag
#   description: Magnitude depth of Gaussian 1 component
#   meta:
#     ucd: src.var.amplitude
# - 
#   name: geom_model_gaussian1_depth_error
#   datatype: float32
#   unit: mag
#   description: "Uncertainty of \\texttt{geomModelGaussian1Depth}"
#   meta:
#     ucd: stat.error;src.var.amplitude
# - 
#   name: geom_model_gaussian2_phase
#   datatype: float32
#   description: Phase of Gaussian 2 component
#   meta:
#     ucd: time.phase
# - 
#   name: geom_model_gaussian2_phase_error
#   datatype: float32
#   description: "Uncertainty of \\texttt{geomModelGaussian2Phase}"
#   meta:
#     ucd: stat.error;time.phase
# - 
#   name: geom_model_gaussian2_sigma
#   datatype: float32
[...]
#   datatype: float32
#   description: "Secondary eclipse: uncertainty of \\texttt{derivedSecondaryEclDuration}"
#   meta:
#     ucd: stat.error;time.duration
# - 
#   name: derived_secondary_ecl_depth
#   datatype: float32
#   unit: mag
#   description: "Secondary eclipse: depth"
#   meta:
#     ucd: src.var.amplitude
# - 
#   name: derived_secondary_ecl_depth_error
#   datatype: float32
#   unit: mag
#   description: "Secondary eclipse: uncertainty of \\texttt{derivedSecondaryEclDepth}"
#   meta:
#     ucd: stat.error;src.var.amplitude
solution_id,source_id,global_ranking,reference_time,frequency,frequency_error,geom_model_reference_level,geom_model_reference_level_error,geom_model_gaussian1_phase,geom_model_gaussian1_phase_error,geom_model_gaussian1_sigma,geom_model_gaussian1_sigma_error,geom_model_gaussian1_depth,geom_model_gaussian1_depth_error,geom_model_gaussian2_phase,geom_model_gaussian2_phase_error,geom_model_gaussian2_sigma,geom_model_gaussian2_sigma_error,geom_model_gaussian2_depth,geom_model_gaussian2_depth_error,geom_model_cosine_half_period_amplitude,geom_model_cosine_half_period_amplitude_error,geom_model_cosine_half_period_phase,geom_model_cosine_half_period_phase_error,model_type,num_model_parameters,reduced_chi2,derived_primary_ecl_phase,derived_primary_ecl_phase_error,derived_primary_ecl_duration,derived_primary_ecl_duration_error,derived_primary_ecl_depth,derived_primary_ecl_depth_error,derived_secondary_ecl_phase,derived_secondary_ecl_phase_error,derived_secondary_ecl_duration,derived_secondary_ecl_duration_error,derived_secondary_ecl_depth,derived_secondary_ecl_depth_error
[from data line 35]
375316653866487564,2171305598209579392,0.4935627,2150.0901709062905,3.8281135550202716,1.1585567E-5,17.397802,0.6881095,0.20113634,0.006686475,0.17189161,0.08041361,0.67346305,0.62036556,0.69881856,0.00486545,0.19175634,0.10068047,0.7043035,0.65645915,null,null,null,null,"TWOGAUSSIANS",8,5.7286363,0.69881856,0.00486545,0.4,0.0,0.19336866,0.008740433,0.20225634,0.005618538,0.4,0.0,0.18998827,0.0096509615
375316653866487564,2171306285404336000,0.6204769,2113.2351273591294,2.7928088570175307,2.1157437E-6,18.151197,0.014480157,0.2471487,0.001581801,0.045788452,0.004523264,0.39929786,0.028891353,0.74589413,0.0019945465,0.04927561,0.0028396077,0.47010654,0.03645628,0.114878915,0.021657836,0.2471487,0.001581801,"TWOGAUSSIANS_WITH_ELLIPSOIDAL_ON_ECLIPSE1",9,4.3677034,0.7460041,0.0017793464,0.27594343,0.015901804,0.6998499,0.022710763,0.2471487,0.001581801,0.25641534,0.025330277,0.62905425,0.020087112
375316653866487564,2171307492290201088,0.5388667,2123.1684788900643,3.5125506840033056,9.748595E-6,19.429506,0.01963802,0.2768486,0.0050763837,0.07279801,0.005918845,0.61337394,0.02355772,0.7734281,0.0023798305,0.075369135,0.0052687246,0.51212347,0.030307239,null,null,null,null,"TWOGAUSSIANS",8,5.4211893,0.2768486,0.0050763837,0.4,0.007494677,0.60989183,0.022473257,0.7734281,0.0023798305,0.4,0.0,0.50864136,0.030182976
375316653866487564,2171307522354839680,0.5934741,2144.4127469010373,2.9045643589233014,5.158466E-6,17.807726,0.00738127,0.28600782,0.0017792119,0.044653077,0.0038137084,0.2656931,0.02190483,0.78623843,0.0017933784,0.04828259,0.003623963,0.2727997,0.017109387,0.098477274,0.008970298,0.28600782,0.0017792119,"TWOGAUSSIANS_WITH_ELLIPSOIDAL_ON_ECLIPSE1",9,5.6967964,0.78623843,0.0017067491,0.2703825,0.020294193,0.46975335,0.014399091,0.28600782,0.0017792119,0.25005722,0.021356767,0.46264717,0.019839168
375316653866487564,2171308243909367424,0.5523044,2141.976162984531,3.8248680437381184,9.247337E-6,18.081102,0.013698748,0.23345493,0.0030426604,0.09498097,0.005822785,0.28325456,0.013702672,0.7209451,0.0027946706,0.105022706,0.0077170483,0.22405845,0.012452878,null,null,null,null,"TWOGAUSSIANS",8,3.4137511,0.23345493,0.0030425787,0.4,0.0,0.26454324,0.008179543,0.7209451,0.0027946706,0.4,0.0,0.20534158,0.007751179
375316653866487564,2171308351296764800,0.5699922,2153.483047391109,0.2781258228150659,9.188507E-6,14.941366,0.0038968078,0.081618935,0.0055899094,0.015472459,0.0091033215,0.5737655,0.09853929,0.58236855,9.2522264E-4,0.01640974,7.990233E-4,0.40149716,0.017382957,null,null,null,null,"TWOGAUSSIANS",8,230.00095,0.081618935,0.0055899094,0.08664577,0.0509786,0.5737655,0.09853929,0.58236855,9.2522264E-4,0.091894545,0.0044745305,0.40149716,0.017382957
375316653866487564,2171309725690222720,0.5220149,2143.6644721039024,1.2971369397544121,1.0872005E-5,18.06865,0.0040950403,0.34847066,0.0015388042,0.04191905,0.0021677967,0.36532152,0.020464698,0.86145484,0.0062799524,0.04657185,0.008205805,0.062336016,0.020605832,null,null,null,null,"TWOGAUSSIANS",8,3.806461,0.34847066,0.0015388042,0.23474666,0.012139661,0.3653215,0.02046471,0.86145484,0.0062799524,0.26080236,0.04595251,0.062336005,0.020605853
375316653866487564,2171309996256370944,0.49122936,2148.769324404923,2.0153137410902295,8.300752E-6,18.995213,0.009075713,0.21310794,0.0042113587,0.029615212,0.003203707,0.3854276,0.07397747,0.7143102,0.004362321,0.033083983,0.0044509163,0.36353448,0.046641216,null,null,null,null,"TWOGAUSSIANS",8,7.264529,0.21310794,0.0042113587,0.16584519,0.01794076,0.3854276,0.07397747,0.7143102,0.004362321,0.1852703,0.024925131,0.36353448,0.046641216
375316653866487564,2171310271150183936,0.5896718,2155.6589497420327,2.739245430468486,5.825712E-6,18.719345,0.008009808,0.24691379,0.002084435,0.043060135,0.004050903,0.3550545,0.0372444,0.7495483,0.0039896313,0.040210806,0.005935281,0.23480617,0.021950392,0.14988919,0.010543634,0.24691379,0.002084435,"TWOGAUSSIANS_WITH_ELLIPSOIDAL_ON_ECLIPSE1",9,2.8307004,0.24691379,0.002084435,0.24113676,0.022685057,0.6548328,0.036948398,0.7495483,0.0039438587,0.2251805,0.033237573,0.53450227,0.022082368
375316653866487564,2171310378521563648,0.62653244,2154.169860342368,2.37128304300916,3.6854935E-6,15.832229,0.0050852103,0.24147886,0.0011732754,0.04748066,0.003619299,0.1748252,0.011682524,0.7383716,0.006349327,0.05007128,0.005827643,0.1746908,0.013816226,0.084119685,0.00653357,0.24147886,0.0011732754,"TWOGAUSSIANS_WITH_ELLIPSOIDAL_ON_ECLIPSE1",9,14.039173,0.24147886,0.0011732754,0.2658917,0.020268073,0.3430635,0.007008023,0.73887163,0.0054380465,0.28039917,0.032634802,0.3428752,0.0034138153
375316653866487564,2171310923969370752,0.5830336,2165.634998944228,0.040239696088768935,9.880617E-7,17.408407,0.0014467358,0.6467439,1.8654431E-6,0.0018388109,1.8290682E-5,0.9215371,0.01394827,null,null,null,null,null,null,null,null,null,null,"ONEGAUSSIAN",5,3.242917,0.6467439,1.8654431E-6,0.010297341,1.0242782E-4,0.9215371,0.0,null,null,null,null,null,null
375316653866487564,2171313127300348160,0.48914883,2149.8056948722215,3.473940761695707,2.880239E-5,16.45482,0.006793827,0.39759144,0.0055031837,0.0748198,0.011139188,0.5634517,0.09747231,0.55324244,0.014718041,0.031662975,0.00863472,0.081576295,0.05986264,null,null,null,null,"TWOGAUSSIANS",8,118.13676,0.39759144,0.005493827,0.4,0.027553292,0.5634521,0.097467154,0.55324244,0.014718041,0.17731266,0.048354432,0.14630236,0.058235336
375316653866487564,2171313299099270144,0.49673322,2180.9151715743596,0.9367605654369908,2.745423E-5,17.553082,0.002233025,0.23967601,0.005917832,0.051296424,0.0070482483,0.13293698,0.019715669,0.74061555,0.008514526,0.08329964,0.008891041,0.041908637,0.0041752313,null,null,null,null,"TWOGAUSSIANS",8,2.936641,0.23967601,0.005917832,0.28725997,0.039470192,0.1328157,0.019774212,0.74061555,0.008514526,0.4,0.0,0.041787367,0.004161403
375316653866487564,2171313500949722624,0.4813926,2152.086248993583,0.06658669869574653,3.669525E-5,19.76536,0.007260856,0.05915112,2.3689825E-5,0.005671105,1.0053931E-4,1.9890038,0.08599752,0.2645276,0.01785091,0.07509828,0.01225987,0.0733423,0.014333472,null,null,null,null,"TWOGAUSSIANS",8,1.5945468,0.05915112,2.3689825E-5,0.031758185,5.630201E-4,1.9907469,0.08662058,0.2645276,0.01785091,0.4,0.0047988584,0.0733423,0.014333472
375316653866487564,2171314192439630720,0.48927832,2117.5904977236873,2.23497005214411,2.6978454E-5,19.459879,0.029304087,0.1254992,0.0071994676,0.10334155,0.014883415,0.29128915,0.033758886,0.622709,0.0059387633,0.07761122,0.011157487,0.35491994,0.035249587,null,null,null,null,"TWOGAUSSIANS",8,4.139616,0.622709,0.0059387633,0.4,0.0,0.34175858,0.034393366,0.1254992,0.0071994676,0.4,0.0,0.27812293,0.02935131
375316653866487564,2171314364238718592,0.5784195,2146.6058689758347,0.694638970472741,6.6408335E-5,19.211859,0.003988826,0.41008773,0.0014020386,0.026315352,0.0011194001,0.57906157,0.01811967,0.51798683,0.034419805,0.08757682,0.01352064,0.04312974,0.013741036,null,null,null,null,"TWOGAUSSIANS",8,1.4333868,0.41042772,0.0013557168,0.14736597,0.006268641,0.5993009,0.01640811,0.51798683,0.034419805,0.4,0.0,0.04325917,0.01383378
375316653866487564,2171315291964090496,0.50386107,2132.3837058895397,1.2263774990921867,5.1073726E-5,16.930363,0.0026628275,0.41511998,0.006684091,0.029353585,0.0054198797,0.32470113,0.0609572,0.90948045,0.013865966,0.03426946,0.007613632,0.0792798,0.018783994,null,null,null,null,"TWOGAUSSIANS",8,18.137081,0.41511998,0.006684091,0.16438007,0.030351328,0.32470113,0.0609572,0.90948045,0.013865966,0.19190899,0.04263634,0.0792798,0.018783994
375316653866487564,2171321270562113920,0.47145057,2118.1017877825843,4.4557481007566,1.1101197E-5,18.87902,0.0048012678,0.37396184,0.011761101,0.017886985,0.0045300894,0.4162479,0.16562775,0.6362555,0.00543813,0.02047748,0.0060409266,0.05414663,0.0138103375,null,null,null,null,"TWOGAUSSIANS",8,3.167496,0.37396184,0.011761101,0.10016712,0.0253685,0.4162479,0.16562775,0.6362555,0.00543813,0.11467388,0.03382919,0.05414663,0.0138103375
375316653866487564,2171322640640257024,0.47729722,2139.2351468975694,3.1538522721567532,1.5333165E-4,18.699898,0.0034644813,0.34789604,0.0012307343,0.01451942,8.216628E-4,0.36701187,0.03041499,0.8688274,0.056006312,0.04858724,0.031164424,0.058120403,0.028245676,null,null,null,null,"TWOGAUSSIANS",8,3.2140992,0.34789604,0.0012307343,0.08130875,0.004601312,0.36701187,0.03041499,0.8688274,0.056006312,0.27208856,0.17452078,0.058120403,0.028245676
375316653866487564,2171325221928226816,0.57825166,2149.3848315244045,2.0813155962458314,4.184525E-6,15.066466,0.006756535,0.1531426,0.0020550587,0.08865735,0.0026234796,0.39367267,0.013408104,0.6550761,0.0020963985,0.07637966,0.0030506426,0.40407518,0.0086198505,null,null,null,null,"TWOGAUSSIANS",8,101.76355,0.6550761,0.0020963985,0.4,0.0,0.3962865,0.008546119,0.1531426,0.0020550587,0.4,0.0,0.38588387,0.0135396905
375316653866487564,2171325943482708736,0.5521042,2123.804021432946,2.3499659918553935,9.874321E-6,16.028551,0.008649991,0.23994662,0.003547226,0.089706674,0.0048693763,0.28843445,0.010802014,0.7423092,0.0037507832,0.094277,0.004970727,0.274836,0.009433692,null,null,null,null,"TWOGAUSSIANS",8,38.522923,0.23994662,0.003547226,0.4,0.0,0.27490816,0.009364069,0.7423092,0.0037507832,0.4,0.0,0.2613094,0.0062741237
375316653866487564,2171330238449964160,0.4850292,2178.544022046022,0.18483057604514483,2.430348E-5,15.35882,0.01372838,0.21322453,0.06158202,0.022793606,0.037654035,0.7656443,1.793178,0.73942435,0.00501759,0.035620958,0.0058265734,0.38908476,0.41153026,null,null,null,null,"TWOGAUSSIANS",8,838.1157,0.21322453,0.06158202,0.1276442,0.21086259,0.7656443,1.793178,0.73942435,0.00501759,0.19947737,0.032628812,0.38908476,0.41153026
375316653866487564,2171331505453516288,0.475428,2118.12967691621,0.729552583797735,2.0310486E-5,18.891546,0.024017965,0.29083356,0.014702706,0.10044995,0.025446126,0.19072221,0.027770368,0.78495646,0.007561584,0.08607911,0.013397188,0.27797207,0.021577166,null,null,null,null,"TWOGAUSSIANS",8,4.364182,0.78495646,0.007561584,0.4,0.0,0.266595,0.01033098,0.29083356,0.014702706,0.4,0.0,0.17934352,0.0303217
375316653866487564,2171334292899993728,0.6749327,2150.21874158867,0.3536337334227099,2.6184352E-6,14.198317,6.1961164E-4,0.30213115,0.0039083404,0.01568668,0.0016752856,0.32476395,0.03624379,0.7995152,9.850736E-4,0.018335067,0.0016863155,0.31152666,0.015115186,0.0026915069,0.0011880362,0.30213115,0.0039083404,"TWOGAUSSIANS_WITH_ELLIPSOIDAL_ON_ECLIPSE1",9,12.520106,0.30213115,0.0039083404,0.08784541,0.0093816,0.33014697,0.03558136,0.7995152,9.850736E-4,0.10267638,0.009443367,0.3169082,0.015229565
375316653866487564,2171334327259729280,0.6130414,2166.611091987164,0.4234490578074734,4.6758905E-6,14.609699,9.858515E-4,0.26075158,5.975749E-4,0.016592933,0.0016391441,0.12732145,0.009673254,0.740613,0.0019602438,0.01409478,0.0014370679,0.1734889,0.016162243,0.0050600516,0.0012769421,0.740613,0.0019602438,"TWOGAUSSIANS_WITH_ELLIPSOIDAL_ON_ECLIPSE2",9,9.371825,0.740613,0.0019602438,0.07893077,0.00804758,0.18360901,0.016653592,0.2607216,5.944342E-4,0.09292042,0.0091792075,0.13728066,0.0095014395
375316653866487564,2171334391670828928,0.5105004,2151.5355390857053,2.6679797509241836,1.3651229E-5,19.21138,0.018899487,0.25499403,0.004664977,0.101107724,0.008347776,0.31181902,0.026770141,0.7525768,0.003163147,0.07872002,0.007157933,0.32559627,0.022505503,null,null,null,null,"TWOGAUSSIANS",8,2.813318,0.7525768,0.003163147,0.4,0.0,0.31289044,0.021581473,0.25499403,0.004664977,0.4,0.0,0.29911008,0.025476648
375316653866487564,2171334597845454976,0.57631207,2177.137898947847,2.997411298330135,8.687479E-6,18.766836,0.007930032,0.20473439,0.0013817761,0.043238718,0.0026547695,0.34386963,0.016898228,0.7095478,0.0063849096,0.042218644,0.0052588503,0.47011364,0.08951485,0.11710243,0.010908504,0.20473439,0.0013817761,"TWOGAUSSIANS_WITH_ELLIPSOIDAL_ON_ECLIPSE1",9,2.829474,0.7095478,0.0063849096,0.2364244,0.029449562,0.7041038,0.08868726,0.20473439,0.0013817761,0.2421368,0.01486671,0.578074,0.008007622
375316653866487564,2171335289332383616,0.57339376,2100.519686314739,2.729329748000228,8.27844E-6,16.048208,0.0051348917,0.17914847,0.002518712,0.06117494,0.0059156017,0.08160366,0.01097482,0.66628414,0.0086169075,0.044066507,0.016440481,0.083611794,0.023459049,0.044816855,0.0058612446,0.17914847,0.002518712,"TWOGAUSSIANS_WITH_ELLIPSOIDAL_ON_ECLIPSE1",9,9.85454,0.6680941,0.008020155,0.24677244,0.09206669,0.17272411,0.028509818,0.17914847,0.002518712,0.34257966,0.03312737,0.1712182,0.0027281241
375316653866487564,2171336350179919872,0.53451955,2112.8874842389596,2.6987409550645287,1.0163153E-5,17.513443,0.0146377385,0.30561996,0.0026110236,0.068593755,0.006159649,0.18598275,0.035417683,0.79934055,0.006749515,0.051881753,0.0095133195,0.20208795,0.03952373,0.08405951,0.017864974,0.30561996,0.0026110236,"TWOGAUSSIANS_WITH_ELLIPSOIDAL_ON_ECLIPSE1",9,17.302767,0.8002806,0.0056962287,0.2905378,0.05327459,0.36974597,0.033467025,0.30561996,0.0026110236,0.38412502,0.034494035,0.3538631,0.0140369795
375316653866487564,2171337209170053376,0.5622453,2111.6562623956484,3.6986321672292966,8.564011E-6,19.068268,0.0098482985,0.19237657,0.0030253455,0.07138356,0.0036451695,0.61022955,0.028042017,0.67980075,0.0034393845,0.06568327,0.0033666717,0.5045249,0.019031826,null,null,null,null,"TWOGAUSSIANS",8,5.7256513,0.19237657,0.0030253455,0.39974794,0.013506936,0.6092065,0.028144872,0.67980075,0.0034393845,0.3678263,0.01885336,0.50350183,0.018960103
375316653866487564,2171337243527294336,0.5417534,2110.562762156604,1.540087840664209,6.2641925E-6,19.127155,0.010315132,0.12671845,0.0060266727,0.09030744,0.008372787,0.16829431,0.012579744,0.6248479,0.0023095468,0.07033744,0.0041003167,0.34299505,0.023673076,null,null,null,null,"TWOGAUSSIANS",8,1.8250631,0.6248479,0.0023095468,0.39388967,0.020581892,0.33957365,0.023714857,0.12671845,0.0060266727,0.4,0.0,0.16487284,0.011694579
375316653866487564,2171338312989349120,0.59087044,2117.887202335339,0.4897273114717731,1.4529908E-6,14.050804,3.6859905E-4,0.27682683,0.007583926,0.006256075,0.0012600687,2.103556,9.079119,0.8043121,0.035924297,0.04545224,0.018660948,0.0024362963,0.0026771424,0.0048343805,6.369611E-4,0.27682683,0.007583926,"TWOGAUSSIANS_WITH_ELLIPSOIDAL_ON_ECLIPSE1",9,4.701946,0.27682683,0.007583926,0.03503402,0.007056385,2.1132245,9.079354,0.8043121,0.035924297,0.25453255,0.1045013,0.011819525,0.002435383
375316653866487564,2171339236394489472,0.5378351,2135.912349828122,0.6157017604602166,6.2707236E-6,16.99618,0.00435472,0.043262962,0.0022796711,0.009993542,0.008100066,0.43160933,1.9607768E7,0.29812676,0.0014378158,0.0345015,0.001434859,0.49176836,0.02821653,0.008505555,0.0057928544,0.043262962,0.0022796711,"TWOGAUSSIANS_WITH_ELLIPSOIDAL_ON_ECLIPSE1",9,23.191225,0.29814675,0.0014455944,0.1932084,0.00803521,0.49178413,0.028216785,0.043262962,0.0022796711,0.055963833,0.04536037,0.4486203,1.9607768E7
375316653866487564,2171340030976460544,0.50839835,2120.432291646783,3.1766802425184038,1.3374927E-5,13.575883,0.16435808,0.31811076,0.010668123,0.26764765,0.10061124,0.9080171,0.18386574,0.8130357,0.00813372,0.17886572,0.054184258,0.6005449,0.42931852,null,null,null,null,"TWOGAUSSIANS",8,94.6735,0.32173076,0.008364969,0.4,0.0,0.11280394,0.0058833277,0.8130357,0.00813372,0.4,0.0,0.09670789,0.006031499
375316653866487564,2171341096117306240,0.48142445,2122.238679455958,0.7622630528767153,1.2156547E-5,19.569004,0.009860291,0.23233736,0.02185383,0.078681245,0.0234605,0.06634263,0.019095907,0.5682931,0.0018705829,0.03625284,0.002214156,0.28842255,0.01664209,null,null,null,null,"TWOGAUSSIANS",8,2.1476643,0.5682931,0.0018705829,0.20301591,0.012399274,0.28842983,0.016645638,0.23233736,0.02185383,0.4,0.03598891,0.06634262,0.019096248
