Gaia/vari_eclipsing_binary/VariEclipsingBinary_086704-090620.csv
# %ECSV 1.0
# ---
# delimiter: ','
# meta: !!omap
# - RELEASE: Gaia DR3
# - TABLE: vari_eclipsing_binary
# - DESCRIPTION: >
#     This table describes the properties of the eclipsing binaries resulting from the variability analysis. 
# - CITATION: >
#     How to cite and acknowledge Gaia: 
#     https://gea.esac.esa.int/archive/documentation/credits.html 
# - KNOWN_ISSUES: >
#     Known issues: 
#     https://www.cosmos.esa.int/web/gaia-users/known-issues 
# - DOCUMENTATION: >
#     Tutorials and documentation: 
#     https://www.cosmos.esa.int/web/gaia-users/archive 
# datatype:
# - 
#   name: solution_id
#   datatype: int64
#   description: Solution Identifier
#   meta:
#     ucd: meta.version
# - 
#   name: source_id
#   datatype: int64
#   description: Unique source identifier
#   meta:
#     ucd: meta.id;meta.main
# - 
#   name: global_ranking
#   datatype: float32
#   description: Number between 0 (worst) and 1 (best)
#   meta:
#     ucd: stat.param
# - 
#   name: reference_time
#   datatype: float64
#   unit: d
#   description: Reference time used for the geometric model fit
#   meta:
#     ucd: time.epoch
# - 
#   name: frequency
#   datatype: float64
#   unit: d**-1
#   description: Frequency of geometric model of the eclipsing binary light curve
#   meta:
#     ucd: src.orbital
# - 
#   name: frequency_error
#   datatype: float32
#   unit: d**-1
#   description: "Uncertainty of \\texttt{frequency}"
#   meta:
#     ucd: stat.error
# - 
#   name: geom_model_reference_level
#   datatype: float32
#   unit: mag
#   description: Magnitude reference level of geometric model
#   meta:
#     ucd: phot.mag;em.opt
# - 
#   name: geom_model_reference_level_error
#   datatype: float32
#   unit: mag
#   description: "Uncertainty of \\texttt{geomModelReferenceLevel}"
#   meta:
#     ucd: stat.error;phot.mag;em.opt
# - 
#   name: geom_model_gaussian1_phase
#   datatype: float32
#   description: Phase of the Gaussian 1 component
#   meta:
#     ucd: time.phase
# - 
#   name: geom_model_gaussian1_phase_error
#   datatype: float32
#   description: "Uncertainty of \\texttt{geomModelGaussian1Phase}"
#   meta:
#     ucd: stat.error;time.phase
# - 
#   name: geom_model_gaussian1_sigma
#   datatype: float32
#   description: "Standard deviation [phase] of Gaussian 1 component"
#   meta:
#     ucd: stat.stdev
# - 
#   name: geom_model_gaussian1_sigma_error
#   datatype: float32
#   description: "Uncertainty of \\texttt{geomModelGaussian1Sigma}"
#   meta:
#     ucd: stat.error
# - 
#   name: geom_model_gaussian1_depth
#   datatype: float32
#   unit: mag
#   description: Magnitude depth of Gaussian 1 component
#   meta:
#     ucd: src.var.amplitude
# - 
#   name: geom_model_gaussian1_depth_error
#   datatype: float32
#   unit: mag
#   description: "Uncertainty of \\texttt{geomModelGaussian1Depth}"
#   meta:
#     ucd: stat.error;src.var.amplitude
# - 
#   name: geom_model_gaussian2_phase
#   datatype: float32
#   description: Phase of Gaussian 2 component
#   meta:
#     ucd: time.phase
# - 
#   name: geom_model_gaussian2_phase_error
#   datatype: float32
#   description: "Uncertainty of \\texttt{geomModelGaussian2Phase}"
#   meta:
#     ucd: stat.error;time.phase
# - 
#   name: geom_model_gaussian2_sigma
#   datatype: float32
[...]
#   datatype: float32
#   description: "Secondary eclipse: uncertainty of \\texttt{derivedSecondaryEclDuration}"
#   meta:
#     ucd: stat.error;time.duration
# - 
#   name: derived_secondary_ecl_depth
#   datatype: float32
#   unit: mag
#   description: "Secondary eclipse: depth"
#   meta:
#     ucd: src.var.amplitude
# - 
#   name: derived_secondary_ecl_depth_error
#   datatype: float32
#   unit: mag
#   description: "Secondary eclipse: uncertainty of \\texttt{derivedSecondaryEclDepth}"
#   meta:
#     ucd: stat.error;src.var.amplitude
solution_id,source_id,global_ranking,reference_time,frequency,frequency_error,geom_model_reference_level,geom_model_reference_level_error,geom_model_gaussian1_phase,geom_model_gaussian1_phase_error,geom_model_gaussian1_sigma,geom_model_gaussian1_sigma_error,geom_model_gaussian1_depth,geom_model_gaussian1_depth_error,geom_model_gaussian2_phase,geom_model_gaussian2_phase_error,geom_model_gaussian2_sigma,geom_model_gaussian2_sigma_error,geom_model_gaussian2_depth,geom_model_gaussian2_depth_error,geom_model_cosine_half_period_amplitude,geom_model_cosine_half_period_amplitude_error,geom_model_cosine_half_period_phase,geom_model_cosine_half_period_phase_error,model_type,num_model_parameters,reduced_chi2,derived_primary_ecl_phase,derived_primary_ecl_phase_error,derived_primary_ecl_duration,derived_primary_ecl_duration_error,derived_primary_ecl_depth,derived_primary_ecl_depth_error,derived_secondary_ecl_phase,derived_secondary_ecl_phase_error,derived_secondary_ecl_duration,derived_secondary_ecl_duration_error,derived_secondary_ecl_depth,derived_secondary_ecl_depth_error
[from data line 215]
375316653866487564,789742987067741056,0.6167645,2068.4728237199038,4.345810249861454,4.1659346E-6,17.520607,0.01875868,0.20941103,0.0015694377,0.054682065,0.0066050827,0.43575692,0.05424628,0.7003835,0.0016945711,0.04807467,0.003571073,0.4690026,0.038963262,0.11786835,0.02328028,0.20941103,0.0015694377,"TWOGAUSSIANS_WITH_ELLIPSOIDAL_ON_ECLIPSE1",9,14.139621,0.7011435,0.0015283624,0.26921815,0.019998008,0.70403093,0.014188345,0.20941103,0.0015694377,0.30621955,0.036988463,0.6714794,0.046730217
375316653866487564,789856893899283584,0.6152755,2093.2204623609637,2.4032079309253565,3.784686E-6,13.223835,0.0070142257,0.3034615,0.0011007566,0.05004566,0.0035376246,0.24918723,0.018126236,0.81181717,0.0020585167,0.05173711,0.0035309207,0.16891247,0.017923558,0.115830496,0.010905179,0.3034615,0.0011007566,"TWOGAUSSIANS_WITH_ELLIPSOIDAL_ON_ECLIPSE1",9,196.5197,0.3034615,0.0011007566,0.2802557,0.019810699,0.48084655,0.010855115,0.81181717,0.0020585167,0.28972784,0.019773155,0.39993384,0.008035563
375316653866487564,789901385461203328,0.6022241,2064.8787867719952,3.4062386520032946,3.5848548E-6,18.269384,0.007733788,0.22700854,0.0012477782,0.04433235,0.0039674374,0.19549371,0.021038793,0.7296679,0.0032193242,0.048855517,0.005144194,0.17886381,0.01916275,0.12446536,0.011848473,0.22700854,0.0012477782,"TWOGAUSSIANS_WITH_ELLIPSOIDAL_ON_ECLIPSE1",9,2.2106712,0.22700854,0.0012477782,0.24826117,0.02221765,0.4444239,0.013142109,0.7296679,0.0032193242,0.2735909,0.028807484,0.4277245,0.010210026
375316653866487564,789957116957155456,0.43770316,2128.003397126948,2.6456541268469875,2.5496742E-5,19.394724,0.009341169,null,null,null,null,null,null,null,null,null,null,null,null,0.108491376,0.013003518,0.2847482,0.007934979,"ELLIPSOIDAL",4,7.7319803,null,null,null,null,null,null,null,null,null,null,null,null
375316653866487564,790009691654627200,0.60195446,2085.5114233778377,2.4367219388875676,6.0617167E-6,11.721918,0.025498826,0.24689822,0.002333882,0.068659656,0.0044570104,0.3612829,0.058779504,0.742972,0.003249923,0.060653068,0.0064032045,0.34253842,0.05571547,0.071177125,0.030543271,0.24689822,0.002333882,"TWOGAUSSIANS_WITH_ELLIPSOIDAL_ON_ECLIPSE1",9,397.47202,0.24689822,0.002333882,0.38449407,0.024959257,0.50312436,0.019046517,0.74339205,0.0027559127,0.3396572,0.035857946,0.48430252,0.01075946
375316653866487564,790017834912646784,0.5203834,2097.5132965623898,1.0285134060047505,3.1665359E-6,17.202787,0.0031370686,0.19180062,5.107558E-4,0.015976412,8.046093E-4,0.18756779,0.0033367213,0.68865234,0.0011816858,0.016466828,8.4629265E-4,0.28272894,0.0059878593,null,null,null,null,"TWOGAUSSIANS",8,12.875964,0.68865234,0.0011816858,0.09221424,0.004739239,0.28272894,0.0059878593,0.19180062,5.107558E-4,0.08946791,0.004505812,0.18756779,0.0033367213
375316653866487564,790196986587984896,0.55947196,2116.2765877500533,0.12659640662323687,7.765271E-6,14.412047,0.0012045547,0.20897166,0.012263851,0.025144525,0.012934448,0.012109882,0.0028796445,0.6020858,1.8860691E-4,0.00316827,2.5414408E-4,0.33246157,0.025583556,null,null,null,null,"TWOGAUSSIANS",8,34.235218,0.6020858,1.8860691E-4,0.017742312,0.0014232068,0.33246157,0.025583556,0.20897166,0.012263851,0.14080934,0.072432905,0.012109882,0.0028796445
375316653866487564,790213749843218048,0.4981263,2139.4316251646273,4.526376699377543,1.0349724E-5,18.252619,0.35906786,0.22023198,0.003993754,0.13491333,0.058890652,0.35950282,0.3272726,0.7137272,0.004692991,0.14116988,0.046127815,0.3641823,0.33313254,null,null,null,null,"TWOGAUSSIANS",8,3.8918061,0.7137272,0.004692991,0.4,0.0,0.23048048,0.008911771,0.22050199,0.0039371676,0.4,0.0,0.22643405,0.022393467
375316653866487564,790394348928731136,0.5150174,2030.1515301424147,2.0109123373503976,2.1999953E-5,16.128006,0.0011173089,0.22865604,0.007598415,0.030001864,0.0015808493,1.8264468,0.994511,0.84753305,0.04851942,0.05215823,0.029394038,0.006560321,0.0076442054,null,null,null,null,"TWOGAUSSIANS",8,13.979126,0.22865604,0.007598415,0.16801044,0.008852757,1.8264468,0.994511,0.84753305,0.04851942,0.2920861,0.16460662,0.006560321,0.0076442054
375316653866487564,790548040036637184,0.6777429,2114.7914808690907,0.02722532438506678,9.107013E-6,15.547863,3.961464E-4,0.4880303,0.020046571,0.041165218,0.017837184,0.016424548,0.051172726,0.7840388,1.2581154E-5,0.002424074,8.032655E-6,0.5482512,0.0015952936,null,null,null,null,"TWOGAUSSIANS",8,2.772311,0.7840388,1.2581154E-5,0.013574815,4.498287E-5,0.5482512,0.0015952939,0.4880303,0.020046571,0.23052523,0.09988822,0.016424548,0.051172726
375316653866487564,790586454223389952,0.6050607,2120.213196301685,0.10326046099776104,8.543317E-5,13.077049,5.62181E-4,0.36970133,0.09605196,0.0776475,0.1031819,0.0030858482,0.0077302516,0.542452,4.5973796E-4,0.0051830444,2.074463E-4,0.43368423,0.03413032,null,null,null,null,"TWOGAUSSIANS",8,26.414259,0.542452,4.5973796E-4,0.029025048,0.0011616993,0.433944,0.034148067,0.36970133,0.09605196,0.4,0.4331026,0.0030858482,0.007730255
375316653866487564,790711935987769472,0.5055697,2131.0791882705385,3.184114373488034,1.21553185E-5,18.049421,0.004046612,0.25830653,0.005011074,0.004699386,0.0033909369,0.30304343,1.8281375,0.7409718,0.004043989,0.038430788,0.0053499313,0.32788828,0.04044958,0.05319177,0.004589834,0.7409718,0.004043989,"TWOGAUSSIANS_WITH_ELLIPSOIDAL_ON_ECLIPSE2",9,10.385145,0.7409718,0.004043989,0.2152124,0.029959615,0.4342718,0.041747857,0.25829655,0.005002611,0.02631656,0.018989246,0.40817067,1.8337463
375316653866487564,790756603647683712,0.43395042,2091.160952445453,2.0806992740792913,8.3812774E-5,17.159075,0.28531754,0.248678,0.020429423,0.19564538,0.10228173,0.20359564,0.25645843,0.72472656,0.05573756,0.17232242,0.0923982,0.13691112,0.23031056,null,null,null,null,"TWOGAUSSIANS",8,13.416763,0.254448,0.010006857,0.4,0.0,0.08625848,0.0051874025,0.72472656,0.05573756,0.4,0.0,0.03133024,0.006664805
375316653866487564,791063504830301696,0.40281412,2170.8350291497322,0.061040323770721765,9.082163E-5,12.4936695,9.4509614E-4,0.106928036,0.0052967886,0.030992597,0.0043242197,0.022274029,0.0036193118,0.52440315,0.015826436,0.14987087,0.023342393,0.015664745,0.003013194,null,null,null,null,"TWOGAUSSIANS",8,15.057084,0.10717803,0.005237081,0.17355855,0.02421563,0.022435762,0.0036291254,0.52440315,0.015826436,0.4,0.0,0.015493948,0.003119274
375316653866487564,791403013404618240,0.49208453,2171.79246538739,3.981409356578943,1.5429203E-5,15.56279,0.02543183,0.21518485,0.007524081,0.10729348,0.015840024,0.1961409,0.022257384,0.7068247,0.0036153337,0.10884589,0.009188766,0.27365154,0.026063658,null,null,null,null,"TWOGAUSSIANS",8,153.15005,0.7068247,0.0036153337,0.4,0.0,0.24455452,0.008254164,0.21519487,0.0075357985,0.4,0.0,0.16705103,0.010914313
375316653866487564,791498155520114816,0.43824002,2160.391753488429,2.4677804306518616,3.0864678E-5,17.308363,0.024526043,0.25018716,0.013856189,0.090619415,0.032405473,0.11936797,0.021092227,0.75289625,0.0077176066,0.09913167,0.020963866,0.10874545,0.02392691,null,null,null,null,"TWOGAUSSIANS",8,24.865337,0.25018716,0.01387248,0.4,0.0,0.11257755,0.011577497,0.75289625,0.0077176066,0.4,0.0,0.10195443,0.011053591
375316653866487564,791612436009821696,0.45599467,2151.9777987847224,1.8430571660503825,4.447418E-5,17.177711,0.0029169125,0.2790872,0.0037145577,0.026680464,0.0060808756,0.13190629,0.013313674,0.78932756,0.016593805,0.028358875,0.008939051,0.037351783,0.017193954,0.010929606,0.0038618087,0.2790872,0.0037145577,"TWOGAUSSIANS_WITH_ELLIPSOIDAL_ON_ECLIPSE1",9,7.974261,0.2790872,0.0037145577,0.1494106,0.034052905,0.1537655,0.014333264,0.78932756,0.016564574,0.15880969,0.05005869,0.059120625,0.013169214
375316653866487564,791678372348311936,0.5673074,2119.6554137851213,1.66255770214706,8.3590385E-6,18.206038,0.0018081932,0.2696738,0.0027977156,0.020519232,0.0024645515,0.50141567,0.024075111,0.7718868,0.007624862,0.020762527,0.0058990605,0.22789197,0.035649095,null,null,null,null,"TWOGAUSSIANS",8,3.2652323,0.2696738,0.0027977156,0.114907704,0.013801488,0.50141567,0.024075111,0.7718868,0.007624862,0.116270155,0.03303474,0.22789197,0.035649095
375316653866487564,791716786536296064,0.50799555,2167.333505327539,3.403047300080272,9.193171E-6,11.449876,0.0147209875,0.2727978,0.0042680227,0.09279908,0.0074865483,0.3188592,0.02678182,0.7632442,0.0030065554,0.08431139,0.005168581,0.35332197,0.017514918,null,null,null,null,"TWOGAUSSIANS",8,608.92645,0.7632442,0.0030065554,0.4,0.0,0.34266457,0.015187682,0.2727978,0.0042680227,0.4,0.0,0.30820146,0.027209017
375316653866487564,791733141771255552,0.61176026,2116.2018040411513,3.855067801347001,2.5892452E-6,15.479193,0.005383513,0.233017,0.0014093216,0.056598123,0.0032888066,0.42395583,0.032332934,0.7388227,0.0010591522,0.04597994,0.0022001148,0.37330133,0.011752202,0.11822776,0.0064617735,0.7388227,0.0010591522,"TWOGAUSSIANS_WITH_ELLIPSOIDAL_ON_ECLIPSE2",9,60.85359,0.23373699,0.0011910048,0.3169495,0.018417317,0.6601185,0.035207924,0.7388227,0.0010591522,0.25748765,0.012320643,0.6097397,0.0071664085
375316653866487564,791918306400807808,0.57700485,2104.319435260264,2.609969226552437,5.989778E-6,12.739427,0.013607101,0.1738722,0.00240768,0.06920355,0.0059295446,0.259286,0.027221207,0.67981774,0.0027674995,0.04883997,0.0056857704,0.23147038,0.026955338,0.07636889,0.014463997,0.1738722,0.00240768,"TWOGAUSSIANS_WITH_ELLIPSOIDAL_ON_ECLIPSE1",9,402.92844,0.1738722,0.00240768,0.38753986,0.03308643,0.4116585,0.009888748,0.67981774,0.0027674995,0.27350384,0.031840313,0.38362983,0.020003418
375316653866487564,791922670088160128,0.54679185,2128.4193880353637,1.1841478569581436,8.528733E-6,16.425877,9.554523E-4,0.27459466,4.8238668E-4,0.01589539,3.8775222E-4,0.1286324,0.0061823563,0.774352,0.0018585845,0.014308829,0.0017005273,0.31513596,0.054704428,null,null,null,null,"TWOGAUSSIANS",8,6.557917,0.774352,0.0018585845,0.08012944,0.009522953,0.31513596,0.054704428,0.27459466,4.8238668E-4,0.08901419,0.0021714123,0.1286324,0.0061823563
375316653866487564,792127007452212224,0.45869592,2206.960259655839,3.9161346479934425,5.6302677E-5,16.956123,0.0057989657,0.17708355,5.4555724E-4,0.010679543,4.635743E-4,0.7376001,0.032448802,0.41531333,0.06486873,0.06568446,0.07772939,0.021239512,0.005421506,null,null,null,null,"TWOGAUSSIANS",8,5.286251,0.17708355,5.423266E-4,0.05980544,0.0025960163,0.73762965,0.036366004,0.41531333,0.06486873,0.36783296,0.13928877,0.021239512,0.005415515
375316653866487564,792288979258208128,0.492008,2165.367146550942,0.5354341810569777,3.7521993E-5,14.088712,0.0037288105,0.39784336,0.0024867004,0.009560227,0.0027631456,0.23905148,0.060326595,0.8900156,0.0060128095,0.0106813805,0.0035435539,0.6717082,0.86820674,0.0053729177,0.005945022,0.39784336,0.0024867004,"TWOGAUSSIANS_WITH_ELLIPSOIDAL_ON_ECLIPSE1",9,641.5791,0.8900156,0.0060128095,0.05981573,0.019843902,0.68242806,0.86857706,0.39784336,0.0024867004,0.053537276,0.015473615,0.2497973,0.06259561
375316653866487564,792321036894045824,0.52897066,2178.7397108622276,2.4717155896049157,1.1971625E-5,13.814702,0.051232964,0.24188755,0.003154315,0.112494774,0.014115047,0.32177293,0.048569113,0.74473757,0.00526387,0.12083748,0.01730733,0.2978768,0.047927063,null,null,null,null,"TWOGAUSSIANS",8,375.53595,0.24187756,0.0031650292,0.4,0.0,0.26133886,0.008355622,0.7447476,0.005270329,0.4,0.0,0.23736134,0.010882008
375316653866487564,792352510414014464,0.63115925,2233.299317580428,4.66138363940703,2.48319E-6,16.92304,0.005701636,0.23639883,7.500161E-4,0.044961706,0.0016411234,0.48651513,0.013224443,0.74111754,0.0011893355,0.0438588,0.0013346481,0.45459935,0.019191975,0.10364257,0.007400153,0.23639883,7.500161E-4,"TWOGAUSSIANS_WITH_ELLIPSOIDAL_ON_ECLIPSE1",9,11.659921,0.23639883,7.500161E-4,0.25178555,0.009190291,0.6938001,0.010232701,0.74111754,0.0011893355,0.24560928,0.0074740294,0.66170216,0.015427229
375316653866487564,792489915007626368,0.51659226,2212.179256319984,2.21129250644178,9.398289E-6,14.94636,0.01186749,0.1972499,0.0043251575,0.04685588,0.011614479,0.14722265,0.034246117,0.70274836,0.0037459338,0.054260597,0.00420376,0.30162326,0.028932659,0.048197366,0.01582281,0.1972499,0.0043251575,"TWOGAUSSIANS_WITH_ELLIPSOIDAL_ON_ECLIPSE1",9,374.64166,0.70274836,0.0037459338,0.30385935,0.023541056,0.39789805,0.016655086,0.1972499,0.0043251575,0.26239294,0.06504108,0.24361244,0.03137203
375316653866487564,792696447098571648,0.5134248,2333.094157890408,1.0415505719833567,1.3816946E-4,15.454019,0.0010831128,0.56023645,0.009386199,0.027559124,0.00899358,0.21531084,0.10589708,0.72472495,0.010038793,0.029622797,0.018236483,0.008462271,0.0068557295,null,null,null,null,"TWOGAUSSIANS",8,21.490116,0.56023645,0.009386199,0.15433109,0.050364047,0.21531084,0.1058967,0.72472495,0.010038793,0.16588767,0.1021243,0.008462275,0.006855851
375316653866487564,792786405188675072,0.62029237,2302.7562745566065,1.1501734409995024,1.9538666E-6,11.753162,0.0028535957,0.2915911,0.017913375,0.03735295,0.024253514,0.0336956,0.0075764903,0.77796924,4.074099E-4,0.04739567,0.0010698935,0.27138588,0.0058556492,0.03236099,0.0034259777,0.77796924,4.074099E-4,"TWOGAUSSIANS_WITH_ELLIPSOIDAL_ON_ECLIPSE2",9,35.79287,0.77796924,4.074099E-4,0.26541576,0.0059914035,0.33610758,0.0039327233,0.2892111,0.0178551,0.20917651,0.13581967,0.09802662,0.0054234783
375316653866487564,792898104402907392,0.4470984,2339.738026007265,3.947458719260615,3.4254244E-5,19.746521,0.041660756,0.25490728,0.012259815,0.10263972,0.033421986,0.17629926,0.039104443,0.746579,0.009098154,0.09919407,0.022153737,0.2354608,0.037705794,null,null,null,null,"TWOGAUSSIANS",8,1.939587,0.746579,0.009098154,0.4,0.0,0.21846017,0.024206381,0.25490728,0.012262412,0.4,0.0,0.15929751,0.025083557
375316653866487564,793049635145383936,0.6277165,2254.820120859009,3.381407050965488,4.537883E-6,16.276312,0.011188672,0.25843364,0.0018093658,0.061262622,0.0031444188,0.47238445,0.027757527,0.75277054,7.0454803E-4,0.056974854,0.0026216307,0.374269,0.023028191,0.09154198,0.013473111,0.75277054,7.0454803E-4,"TWOGAUSSIANS_WITH_ELLIPSOIDAL_ON_ECLIPSE2",9,21.192495,0.25785363,0.0016180233,0.3430707,0.017608745,0.6551566,0.021634443,0.75277054,7.0454803E-4,0.3190592,0.014681132,0.55724907,0.008437043
375316653866487564,793067399130259968,0.52621865,2336.1241116274864,3.861789308244828,1.9255489E-5,19.055164,0.009481668,0.23365101,0.004128076,0.084665686,0.005074244,0.2811957,0.016331755,0.72108525,0.008143132,0.092924275,0.008846795,0.287735,0.021032128,null,null,null,null,"TWOGAUSSIANS",8,2.165468,0.72108525,0.008143132,0.4,0.0,0.27890727,0.02073546,0.23365101,0.004128076,0.4,0.0,0.27236834,0.015461488
375316653866487564,793075542388233728,0.5057566,2316.183409174721,4.497230632725438,3.155898E-5,12.530783,0.0018582395,0.71160966,0.024368733,0.020175101,0.01979808,0.011431683,0.012175984,0.8396936,0.001351448,0.018106861,0.001061095,0.17653495,0.009048937,null,null,null,null,"TWOGAUSSIANS",8,167.03981,0.8396936,0.001351448,0.10139842,0.0059421323,0.17653495,0.009048993,0.71160966,0.024368733,0.112980574,0.11086925,0.011431683,0.012175993
375316653866487564,793141994122185856,0.5130817,2307.77099979392,0.5408347934950839,1.0297815E-6,16.812374,0.00159981,0.1531269,4.616873E-5,0.0057207607,4.7846537E-5,0.871966,0.002333599,0.68213856,9.050597E-6,0.003399524,1.3575064E-4,1.7662226,0.40730187,null,null,null,null,"TWOGAUSSIANS",8,7.217359,0.68213856,9.050597E-6,0.019037332,7.602036E-4,1.7662226,0.40730187,0.1531269,4.616873E-5,0.03203626,2.679406E-4,0.871966,0.002333599
