Gaia/vari_eclipsing_binary/VariEclipsingBinary_668769-668804.csv
# %ECSV 1.0
# ---
# delimiter: ','
# meta: !!omap
# - RELEASE: Gaia DR3
# - TABLE: vari_eclipsing_binary
# - DESCRIPTION: >
#     This table describes the properties of the eclipsing binaries resulting from the variability analysis. 
# - CITATION: >
#     How to cite and acknowledge Gaia: 
#     https://gea.esac.esa.int/archive/documentation/credits.html 
# - KNOWN_ISSUES: >
#     Known issues: 
#     https://www.cosmos.esa.int/web/gaia-users/known-issues 
# - DOCUMENTATION: >
#     Tutorials and documentation: 
#     https://www.cosmos.esa.int/web/gaia-users/archive 
# datatype:
# - 
#   name: solution_id
#   datatype: int64
#   description: Solution Identifier
#   meta:
#     ucd: meta.version
# - 
#   name: source_id
#   datatype: int64
#   description: Unique source identifier
#   meta:
#     ucd: meta.id;meta.main
# - 
#   name: global_ranking
#   datatype: float32
#   description: Number between 0 (worst) and 1 (best)
#   meta:
#     ucd: stat.param
# - 
#   name: reference_time
#   datatype: float64
#   unit: d
#   description: Reference time used for the geometric model fit
#   meta:
#     ucd: time.epoch
# - 
#   name: frequency
#   datatype: float64
#   unit: d**-1
#   description: Frequency of geometric model of the eclipsing binary light curve
#   meta:
#     ucd: src.orbital
# - 
#   name: frequency_error
#   datatype: float32
#   unit: d**-1
#   description: "Uncertainty of \\texttt{frequency}"
#   meta:
#     ucd: stat.error
# - 
#   name: geom_model_reference_level
#   datatype: float32
#   unit: mag
#   description: Magnitude reference level of geometric model
#   meta:
#     ucd: phot.mag;em.opt
# - 
#   name: geom_model_reference_level_error
#   datatype: float32
#   unit: mag
#   description: "Uncertainty of \\texttt{geomModelReferenceLevel}"
#   meta:
#     ucd: stat.error;phot.mag;em.opt
# - 
#   name: geom_model_gaussian1_phase
#   datatype: float32
#   description: Phase of the Gaussian 1 component
#   meta:
#     ucd: time.phase
# - 
#   name: geom_model_gaussian1_phase_error
#   datatype: float32
#   description: "Uncertainty of \\texttt{geomModelGaussian1Phase}"
#   meta:
#     ucd: stat.error;time.phase
# - 
#   name: geom_model_gaussian1_sigma
#   datatype: float32
#   description: "Standard deviation [phase] of Gaussian 1 component"
#   meta:
#     ucd: stat.stdev
# - 
#   name: geom_model_gaussian1_sigma_error
#   datatype: float32
#   description: "Uncertainty of \\texttt{geomModelGaussian1Sigma}"
#   meta:
#     ucd: stat.error
# - 
#   name: geom_model_gaussian1_depth
#   datatype: float32
#   unit: mag
#   description: Magnitude depth of Gaussian 1 component
#   meta:
#     ucd: src.var.amplitude
# - 
#   name: geom_model_gaussian1_depth_error
#   datatype: float32
#   unit: mag
#   description: "Uncertainty of \\texttt{geomModelGaussian1Depth}"
#   meta:
#     ucd: stat.error;src.var.amplitude
# - 
#   name: geom_model_gaussian2_phase
#   datatype: float32
#   description: Phase of Gaussian 2 component
#   meta:
#     ucd: time.phase
# - 
#   name: geom_model_gaussian2_phase_error
#   datatype: float32
#   description: "Uncertainty of \\texttt{geomModelGaussian2Phase}"
#   meta:
#     ucd: stat.error;time.phase
# - 
#   name: geom_model_gaussian2_sigma
#   datatype: float32
[...]
#   datatype: float32
#   description: "Secondary eclipse: uncertainty of \\texttt{derivedSecondaryEclDuration}"
#   meta:
#     ucd: stat.error;time.duration
# - 
#   name: derived_secondary_ecl_depth
#   datatype: float32
#   unit: mag
#   description: "Secondary eclipse: depth"
#   meta:
#     ucd: src.var.amplitude
# - 
#   name: derived_secondary_ecl_depth_error
#   datatype: float32
#   unit: mag
#   description: "Secondary eclipse: uncertainty of \\texttt{derivedSecondaryEclDepth}"
#   meta:
#     ucd: stat.error;src.var.amplitude
solution_id,source_id,global_ranking,reference_time,frequency,frequency_error,geom_model_reference_level,geom_model_reference_level_error,geom_model_gaussian1_phase,geom_model_gaussian1_phase_error,geom_model_gaussian1_sigma,geom_model_gaussian1_sigma_error,geom_model_gaussian1_depth,geom_model_gaussian1_depth_error,geom_model_gaussian2_phase,geom_model_gaussian2_phase_error,geom_model_gaussian2_sigma,geom_model_gaussian2_sigma_error,geom_model_gaussian2_depth,geom_model_gaussian2_depth_error,geom_model_cosine_half_period_amplitude,geom_model_cosine_half_period_amplitude_error,geom_model_cosine_half_period_phase,geom_model_cosine_half_period_phase_error,model_type,num_model_parameters,reduced_chi2,derived_primary_ecl_phase,derived_primary_ecl_phase_error,derived_primary_ecl_duration,derived_primary_ecl_duration_error,derived_primary_ecl_depth,derived_primary_ecl_depth_error,derived_secondary_ecl_phase,derived_secondary_ecl_phase_error,derived_secondary_ecl_duration,derived_secondary_ecl_duration_error,derived_secondary_ecl_depth,derived_secondary_ecl_depth_error
[from data line 252]
375316653866487564,5882673012909166208,0.6380277,2226.1226702045788,1.9023262278504223,6.9362545E-6,18.306496,0.005433829,0.24637702,9.683108E-4,0.044030756,0.0019448684,0.34317195,0.014663338,0.74537975,0.0023155068,0.044573303,0.002657378,0.37898454,0.016642446,0.14978889,0.008042836,0.24637702,9.683108E-4,"TWOGAUSSIANS_WITH_ELLIPSOIDAL_ON_ECLIPSE1",9,2.468511,0.7454897,0.0020753152,0.2496105,0.0148813175,0.67855155,0.012844047,0.24637702,9.683108E-4,0.24657223,0.010891262,0.6427494,0.009406594
375316653866487564,5882673597032315136,0.42517906,2145.404364996923,0.6065517493366516,1.3329722E-4,19.772606,0.01941779,0.5926825,0.036188036,0.06077956,0.04446631,0.1888939,0.20023556,0.2864032,0.0028462356,0.023544297,0.00806411,2.4073575,1.9802077,null,null,null,null,"TWOGAUSSIANS",8,2.9536579,0.2864032,0.0028462356,0.13184807,0.045159016,2.407358,1.9802046,0.5926825,0.036188036,0.34036553,0.23674533,0.1888939,0.20023556
375316653866487564,5882673738789164416,0.5526235,2155.7713631327542,2.605635297960171,1.1250095E-5,19.447163,0.018825307,0.2278269,0.0027199422,0.053665087,0.0062807887,0.42753613,0.04562106,0.7299149,0.0026080888,0.03518745,0.005009535,0.28436613,0.04348201,0.13775812,0.02903744,0.2278269,0.0027199422,"TWOGAUSSIANS_WITH_ELLIPSOIDAL_ON_ECLIPSE1",9,4.232231,0.2278269,0.0027199422,0.30052447,0.035172418,0.70304376,0.029110475,0.7299149,0.0026080888,0.19704972,0.028053395,0.5598263,0.024058301
375316653866487564,5882674151106135680,0.47957698,2136.6550999440706,1.9549093176480306,4.9510592E-5,18.849691,0.050111186,0.24428324,0.013935761,0.118541814,0.026842395,0.48882383,0.07630857,0.68134195,0.047808867,0.0663576,0.058834884,0.5267152,10392.563,null,null,null,null,"TWOGAUSSIANS",8,1.9935474,0.68134195,0.047808867,0.37160257,0.32947534,0.5179574,10392.573,0.24428324,0.013935761,0.4,0.0,0.47951365,0.08104754
375316653866487564,5882674868334935936,0.49506804,2222.5652109105777,0.1543195347399556,1.07545475E-5,17.909325,0.0037754483,0.18402259,0.0016663974,0.017345283,0.001909435,0.25052282,0.04080613,0.6863324,0.0069973078,0.020806352,0.011372007,0.30782455,0.19128564,null,null,null,null,"TWOGAUSSIANS",8,6.3834963,0.6863324,0.0069973078,0.11651557,0.06368324,0.30782455,0.19128564,0.18402259,0.0016663974,0.097133584,0.010692836,0.25052282,0.04080613
375316653866487564,5882675491142388608,0.60476965,2223.942068895722,3.258476922243063,6.991261E-6,17.090322,0.008442184,0.27698535,0.0021473076,0.07885761,0.003185123,0.3655187,0.012399764,0.7694878,0.0020629258,0.08127971,0.0034470777,0.46591815,0.009125964,null,null,null,null,"TWOGAUSSIANS",8,10.873704,0.7694878,0.0020629258,0.4,0.0,0.4604705,0.008624897,0.27698535,0.0021473076,0.4,0.0,0.36007106,0.011912199
375316653866487564,5882676212690564736,0.51822436,2140.406168832451,0.8029477849478279,2.3441386E-5,19.913034,0.013434256,0.25646687,0.003117062,0.021623079,0.015497885,0.568305,278.65866,0.7398844,0.009617091,0.03609211,0.010993871,0.7967394,0.26335356,null,null,null,null,"TWOGAUSSIANS",8,2.8104355,0.7398844,0.009617091,0.20211582,0.061565675,0.7967394,0.26335356,0.25646687,0.003117062,0.12108924,0.086788155,0.568305,278.65866
375316653866487564,5882676968611185536,0.5287923,2106.8273197101416,0.6553690207182598,3.992816E-6,19.549677,0.005914819,0.21931319,8.024446E-4,0.012575728,7.376513E-4,0.45971075,0.0010540616,0.7171318,8.664125E-5,0.013056983,2.7103673E-4,0.9457587,0.038621902,null,null,null,null,"TWOGAUSSIANS",8,1.7470015,0.7171318,8.664125E-5,0.073119104,0.0015178057,0.9457587,0.038621902,0.21931319,8.024446E-4,0.07042407,0.0041308473,0.45971075,0.0010540616
375316653866487564,5882677754552919808,0.45781532,2146.372899706366,3.1004394127237522,4.476634E-5,19.306295,0.2239392,0.23293003,0.0088970885,0.1148304,0.050924264,0.17567746,0.19876894,0.7273396,0.01184266,0.12618913,0.08303113,0.18115762,0.21225564,null,null,null,null,"TWOGAUSSIANS",8,2.1638632,0.7273396,0.01184266,0.4,0.0,0.14168009,0.01945769,0.23299003,0.008867852,0.4,0.0,0.1363158,0.01914164
375316653866487564,5882678755318025088,0.4798289,2171.4791220226234,0.4861889565808491,3.8939314E-5,19.633677,0.012330335,0.19016398,0.0037884216,0.031239226,0.0035913058,0.48315182,0.06517244,0.6085011,0.021032885,0.048034787,0.033695742,0.055669505,0.03761424,null,null,null,null,"TWOGAUSSIANS",8,2.998286,0.19016398,0.0037884216,0.17493968,0.020111313,0.48315182,0.06517244,0.6085011,0.021032885,0.2689948,0.18869615,0.055669505,0.03761424
375316653866487564,5882679133275151616,0.61060494,2208.115448668835,2.408160331596586,5.0620642E-6,16.806227,0.0045047053,0.20048083,0.0012398914,0.10032609,0.0028800059,0.19368915,0.0043283463,0.7024892,0.0019208193,0.091901645,0.0033166143,0.2120708,0.004937377,null,null,null,null,"TWOGAUSSIANS",8,1.770538,0.7024892,0.0019208193,0.4,0.0,0.19872825,0.0047216914,0.20048083,0.0012398914,0.4,0.0,0.18034521,0.0029554048
375316653866487564,5882679197662150272,0.59149975,2217.899059736608,0.8734368125552634,8.431217E-6,18.6445,0.010313282,0.21039963,0.0024210021,0.045989964,0.0050263875,0.3895164,0.06213361,0.7084323,0.0015495179,0.04591761,0.002439883,0.5230641,0.032589585,0.05774084,0.01257894,0.21039963,0.0024210021,"TWOGAUSSIANS_WITH_ELLIPSOIDAL_ON_ECLIPSE1",9,2.713782,0.7085023,0.0014839196,0.25713864,0.013663345,0.63852835,0.031364955,0.21039963,0.0024210021,0.2575438,0.02814777,0.5049977,0.06943286
375316653866487564,5882680640771340544,0.5224492,2215.940190577083,0.35522170093166755,2.7236369E-5,18.094362,0.0025852881,0.18256171,0.0042832266,0.015462374,0.001817364,0.25007805,0.01971251,0.6885768,0.015273052,0.014057847,0.013162844,0.108891495,0.41168597,null,null,null,null,"TWOGAUSSIANS",8,3.731728,0.18256171,0.0042832266,0.0865893,0.010177239,0.25007805,0.01971251,0.6885768,0.015273052,0.07872394,0.073711924,0.108891495,0.41168597
375316653866487564,5882680954341346176,0.5407222,2217.0204408191403,1.361938676770707,2.5322781E-6,17.046297,0.0024075657,0.23010387,5.222604E-4,0.042135485,0.0011063297,0.12650217,0.002085425,0.73190403,0.015897907,0.046119805,0.035043865,0.19900525,0.16344991,null,null,null,null,"TWOGAUSSIANS",8,3.6105556,0.73190403,0.015897907,0.25827092,0.14313422,0.19900522,0.16347213,0.23010387,5.222604E-4,0.23595871,0.006195446,0.12650213,0.0020769218
375316653866487564,5882681774642790656,0.42424485,2242.19070736063,0.1741888117458999,1.783254E-4,18.280378,0.10684993,0.30132893,0.018819565,0.103799276,0.023199074,0.12869991,0.050121043,0.84775925,0.027034156,0.19089216,0.13458359,0.076153114,0.10668194,null,null,null,null,"TWOGAUSSIANS",8,3.9973354,0.29796892,0.015353293,0.4,0.0,0.10463106,0.010633343,0.84793925,0.02659656,0.4,0.0,0.04623867,0.013119193
375316653866487564,5882681916408748672,0.53422076,2151.4988907505635,0.32393778789170197,1.08981134E-4,19.544695,0.010695689,0.25218725,0.0010605651,0.016904898,0.0014403783,0.5172672,0.031037224,0.75739866,2.619262E-4,0.016744584,4.535387E-4,0.57103795,0.010591905,null,null,null,null,"TWOGAUSSIANS",8,3.398933,0.75739866,2.619262E-4,0.09376967,0.0025398168,0.57103795,0.010591905,0.25218725,0.0010605651,0.09466743,0.008066119,0.5172672,0.031037224
375316653866487564,5882682053852941952,0.5639405,2234.388643685228,0.18754901688545111,1.9246514E-5,15.687636,0.00612587,0.6662276,0.05079136,0.17800067,0.13177267,0.010480412,0.004871945,0.85501,1.492319E-4,0.0077358102,1.6964618E-4,0.4122758,0.010380856,null,null,null,null,"TWOGAUSSIANS",8,8.9726715,0.85501,1.492319E-4,0.043320537,9.500186E-4,0.4178427,0.010612823,0.6662276,0.05079136,0.4,0.0,0.01007487,0.0029224223
375316653866487564,5882682152599678720,0.49548176,2206.8176066932624,1.2624497784305146,1.6464513E-5,18.76175,0.005110617,0.20955421,0.006852215,0.054380633,0.007913538,0.1269318,0.018735787,0.7121715,0.0020111108,0.04238,0.0018734168,0.32281923,0.022191064,null,null,null,null,"TWOGAUSSIANS",8,2.3942723,0.7121715,0.0020111108,0.23732801,0.010491135,0.32281873,0.022191115,0.20955421,0.006852215,0.30453154,0.04431581,0.12693128,0.01873628
375316653866487564,5882682221319194112,0.54974,2197.7941638948214,0.6360688217840058,6.423212E-6,18.863222,0.003930065,0.27645382,6.5431604E-4,0.022303838,9.1753714E-4,0.52311563,0.020007972,0.8020751,0.0013430881,0.023758622,0.0015489293,0.29841384,0.008201935,null,null,null,null,"TWOGAUSSIANS",8,2.2651842,0.27645382,6.5431604E-4,0.124901496,0.005138208,0.52311563,0.020007972,0.8020751,0.0013430881,0.13304828,0.008674004,0.29841384,0.008201935
375316653866487564,5882682878486708352,0.62735426,2218.644788403717,0.45979965553317387,1.3796772E-6,16.369774,0.0055053593,0.27828607,0.005400199,0.027344082,0.007890454,0.07385787,0.07269857,0.78160757,3.4237525E-4,0.038076915,0.00118372,0.46862325,0.0088538565,0.016534716,0.0064029787,0.27828607,0.005400199,"TWOGAUSSIANS_WITH_ELLIPSOIDAL_ON_ECLIPSE1",9,13.42326,0.78160757,3.4237525E-4,0.21323071,0.0066288314,0.50167817,0.0064422614,0.27828607,0.005400199,0.15312685,0.044186536,0.10692723,0.071882345
375316653866487564,5882683939306302336,0.5142188,2207.240085204376,2.8405759799827006,1.0342705E-5,16.78451,0.030297913,0.21058638,0.0041526915,0.2092566,0.03173542,0.6207361,0.038569786,0.7080659,0.0038034278,0.18155202,0.024406858,0.5984128,0.06947619,null,null,null,null,"TWOGAUSSIANS",8,4.3824143,0.7080659,0.0038034278,0.4,0.0,0.13727894,0.0034244233,0.21213637,0.003955575,0.4,0.0,0.115118906,0.0062576192
375316653866487564,5882683943633595136,0.5517039,2172.097641507534,3.9034674260670585,3.1581858E-6,19.497183,0.013098183,0.13206962,0.0012337003,0.06489943,0.0030252142,0.57486236,0.023504825,0.62671834,0.0035008746,0.060351282,0.0050867973,0.64027536,0.03428506,null,null,null,null,"TWOGAUSSIANS",8,2.285708,0.62671834,0.0035008746,0.3379672,0.028486066,0.6399223,0.034426667,0.13206962,0.0012337003,0.3634368,0.0169412,0.5745093,0.023540342
375316653866487564,5882686486259897088,0.4910541,2195.4733645666647,2.5402763942058346,2.525656E-5,17.505047,0.0047832686,0.22055991,0.0045815264,0.023451393,0.013612277,0.06701104,0.024777161,0.7530239,0.027076425,0.06446386,0.0194282,0.028277788,0.01810768,0.059917826,0.007859299,0.22055991,0.0045815264,"TWOGAUSSIANS_WITH_ELLIPSOIDAL_ON_ECLIPSE1",9,10.98195,0.22055991,0.0045815264,0.1313278,0.07622875,0.18684475,0.028529497,0.7530239,0.027076425,0.36099762,0.10879792,0.1431943,0.015645945
375316653866487564,5882686898534714752,0.50379163,2150.6997827257114,1.1292003401378121,1.6140453E-5,19.874792,0.010182089,0.28003016,0.0040759807,0.070225604,0.0055540814,0.44413003,0.033142872,0.7809869,0.0062456927,0.08159511,0.0078001465,0.23424883,0.01860935,null,null,null,null,"TWOGAUSSIANS",8,1.2304683,0.28003016,0.0040759807,0.39326337,0.025962343,0.44143614,0.033748116,0.7809869,0.0062456927,0.4,0.0,0.23155496,0.018480938
375316653866487564,5882686898572019712,0.57178015,2190.921682826486,1.9922398623437465,1.0681871E-5,16.643173,0.004204657,0.2820743,0.0021703027,0.08265605,0.0031498747,0.27920008,0.009138319,0.7735404,0.0030666583,0.082341485,0.0033557396,0.17575541,0.0054658176,null,null,null,null,"TWOGAUSSIANS",8,8.075625,0.2820743,0.0021703027,0.4,0.0,0.27537516,0.009467805,0.7735404,0.0030666583,0.4,0.0,0.17193049,0.004979377
375316653866487564,5882687242132162304,0.47313738,2161.4666267970847,0.7867916065615876,1.4767639E-5,19.787258,0.0060671847,0.34729528,0.004130517,0.041696575,0.0050257947,0.33949035,0.048537347,0.8270191,0.0046057287,0.02802493,0.007365877,0.062654875,0.011989947,null,null,null,null,"TWOGAUSSIANS",8,1.762935,0.34729528,0.004130517,0.23350082,0.02814445,0.33949035,0.048537347,0.8270191,0.0046057287,0.15693961,0.04124891,0.062654875,0.011989947
375316653866487564,5882688204242171136,0.51715964,2209.201180210722,0.4507067751869005,1.2819206E-5,15.658576,7.699396E-4,0.2639361,0.0018735026,0.02041048,0.0018617624,0.068425864,0.00942746,0.7653181,0.0015534784,0.021225126,0.001829028,0.06100081,0.005182928,0.007779818,0.0012143777,0.2639361,0.0018735026,"TWOGAUSSIANS_WITH_ELLIPSOIDAL_ON_ECLIPSE1",9,5.2247777,0.2639361,0.0018735026,0.11429869,0.010425869,0.08398549,0.009427967,0.7653181,0.0015534784,0.118860714,0.010242557,0.07655927,0.00536753
375316653866487564,5882688925796660736,0.5646913,2196.891384409484,0.35764350517416776,3.269818E-5,15.908322,0.0010436983,0.511424,0.0021728948,0.015816895,0.0016881953,0.64630306,0.10427603,null,null,null,null,null,null,null,null,null,null,"ONEGAUSSIAN",5,38.560604,0.511424,0.0021728948,0.08857462,0.009453894,0.64630306,0.0,null,null,null,null,null,null
375316653866487564,5882689574307431808,0.47123823,2192.104332635829,0.9864285931542349,2.9448256E-5,19.82172,0.014438871,0.44980827,0.026976025,0.1279421,0.055477478,0.14873108,0.053390577,0.8076434,0.0036424354,0.042564917,0.004383942,0.5145394,0.02881417,null,null,null,null,"TWOGAUSSIANS",8,5.267101,0.8076434,0.0036424354,0.23836355,0.024550077,0.5172108,0.029322922,0.44980827,0.026976025,0.4,0.0,0.14842485,0.05582088
375316653866487564,5882690987381020800,0.5137673,2216.0046319793396,3.0255277860311796,1.4270365E-5,16.951998,0.0011098236,0.7498602,9.7190414E-4,0.012924752,8.732143E-4,0.42206138,0.07249239,0.87720186,0.024152907,0.022791864,0.015752392,0.028039541,0.05999243,null,null,null,null,"TWOGAUSSIANS",8,2.9179575,0.7498602,9.7190414E-4,0.07237861,0.00489,0.42206138,0.07249239,0.87720186,0.024152907,0.12763444,0.0882134,0.028039541,0.05999243
375316653866487564,5882691262258923008,0.4821662,2209.7701995528755,0.9374382303964099,1.37825455E-5,15.384324,0.0021513205,0.1908626,0.003485827,0.021606544,0.002281002,0.1501613,0.019160543,0.6845487,0.0068263686,0.028198691,0.004172142,0.1371094,0.009955511,null,null,null,null,"TWOGAUSSIANS",8,64.90728,0.1908626,0.003485827,0.12099665,0.012773611,0.1501613,0.019160543,0.6845487,0.0068263686,0.15791267,0.023363996,0.1371094,0.009955511
375316653866487564,5882692877129726976,0.4777584,2142.633416846461,3.824095525767,3.1990166E-5,19.437233,0.041753344,0.23573849,0.007955753,0.09011412,0.01843365,0.2374282,0.03842288,0.7350161,0.007477438,0.09711085,0.026555648,0.32004905,0.026438383,null,null,null,null,"TWOGAUSSIANS",8,4.167612,0.7350161,0.007477438,0.4,0.0,0.3045639,0.04463574,0.23573849,0.00795398,0.4,0.0,0.22194408,0.022722866
375316653866487564,5882693736160184192,0.50533265,2217.3555337342127,0.8446195967421545,5.2449427E-6,16.739027,0.002635666,0.1939418,0.0030070131,0.021881627,0.0017340289,0.32052886,0.025193783,0.63441354,1.896453E-4,0.002548016,3.1116273E-4,0.034113385,0.0028306516,null,null,null,null,"TWOGAUSSIANS",8,15.921356,0.1939418,0.0030070131,0.12253711,0.0097105615,0.32052886,0.025193783,0.63441354,1.896453E-4,0.014268889,0.0017425113,0.034113385,0.0028306516
375316653866487564,5882694766952379264,0.51600164,2188.3255316389773,1.2145641474151334,1.3446244E-5,16.70531,0.004253958,0.25536585,0.0072085243,0.032975756,0.0077038105,0.03776689,0.013428388,0.74865645,0.0028595265,0.051299863,0.0059129475,0.14381093,0.012037839,0.024803879,0.0054262322,0.25536585,0.0072085243,"TWOGAUSSIANS_WITH_ELLIPSOIDAL_ON_ECLIPSE1",9,17.867554,0.74910647,0.0025370135,0.28727922,0.033112504,0.19333567,0.011550017,0.25536585,0.0072085243,0.18466423,0.04314134,0.087373845,0.008830068
