Gaia/vari_eclipsing_binary/VariEclipsingBinary_389957-390171.csv
# %ECSV 1.0
# ---
# delimiter: ','
# meta: !!omap
# - RELEASE: Gaia DR3
# - TABLE: vari_eclipsing_binary
# - DESCRIPTION: >
#     This table describes the properties of the eclipsing binaries resulting from the variability analysis. 
# - CITATION: >
#     How to cite and acknowledge Gaia: 
#     https://gea.esac.esa.int/archive/documentation/credits.html 
# - KNOWN_ISSUES: >
#     Known issues: 
#     https://www.cosmos.esa.int/web/gaia-users/known-issues 
# - DOCUMENTATION: >
#     Tutorials and documentation: 
#     https://www.cosmos.esa.int/web/gaia-users/archive 
# datatype:
# - 
#   name: solution_id
#   datatype: int64
#   description: Solution Identifier
#   meta:
#     ucd: meta.version
# - 
#   name: source_id
#   datatype: int64
#   description: Unique source identifier
#   meta:
#     ucd: meta.id;meta.main
# - 
#   name: global_ranking
#   datatype: float32
#   description: Number between 0 (worst) and 1 (best)
#   meta:
#     ucd: stat.param
# - 
#   name: reference_time
#   datatype: float64
#   unit: d
#   description: Reference time used for the geometric model fit
#   meta:
#     ucd: time.epoch
# - 
#   name: frequency
#   datatype: float64
#   unit: d**-1
#   description: Frequency of geometric model of the eclipsing binary light curve
#   meta:
#     ucd: src.orbital
# - 
#   name: frequency_error
#   datatype: float32
#   unit: d**-1
#   description: "Uncertainty of \\texttt{frequency}"
#   meta:
#     ucd: stat.error
# - 
#   name: geom_model_reference_level
#   datatype: float32
#   unit: mag
#   description: Magnitude reference level of geometric model
#   meta:
#     ucd: phot.mag;em.opt
# - 
#   name: geom_model_reference_level_error
#   datatype: float32
#   unit: mag
#   description: "Uncertainty of \\texttt{geomModelReferenceLevel}"
#   meta:
#     ucd: stat.error;phot.mag;em.opt
# - 
#   name: geom_model_gaussian1_phase
#   datatype: float32
#   description: Phase of the Gaussian 1 component
#   meta:
#     ucd: time.phase
# - 
#   name: geom_model_gaussian1_phase_error
#   datatype: float32
#   description: "Uncertainty of \\texttt{geomModelGaussian1Phase}"
#   meta:
#     ucd: stat.error;time.phase
# - 
#   name: geom_model_gaussian1_sigma
#   datatype: float32
#   description: "Standard deviation [phase] of Gaussian 1 component"
#   meta:
#     ucd: stat.stdev
# - 
#   name: geom_model_gaussian1_sigma_error
#   datatype: float32
#   description: "Uncertainty of \\texttt{geomModelGaussian1Sigma}"
#   meta:
#     ucd: stat.error
# - 
#   name: geom_model_gaussian1_depth
#   datatype: float32
#   unit: mag
#   description: Magnitude depth of Gaussian 1 component
#   meta:
#     ucd: src.var.amplitude
# - 
#   name: geom_model_gaussian1_depth_error
#   datatype: float32
#   unit: mag
#   description: "Uncertainty of \\texttt{geomModelGaussian1Depth}"
#   meta:
#     ucd: stat.error;src.var.amplitude
# - 
#   name: geom_model_gaussian2_phase
#   datatype: float32
#   description: Phase of Gaussian 2 component
#   meta:
#     ucd: time.phase
# - 
#   name: geom_model_gaussian2_phase_error
#   datatype: float32
#   description: "Uncertainty of \\texttt{geomModelGaussian2Phase}"
#   meta:
#     ucd: stat.error;time.phase
# - 
#   name: geom_model_gaussian2_sigma
#   datatype: float32
[...]
#   datatype: float32
#   description: "Secondary eclipse: uncertainty of \\texttt{derivedSecondaryEclDuration}"
#   meta:
#     ucd: stat.error;time.duration
# - 
#   name: derived_secondary_ecl_depth
#   datatype: float32
#   unit: mag
#   description: "Secondary eclipse: depth"
#   meta:
#     ucd: src.var.amplitude
# - 
#   name: derived_secondary_ecl_depth_error
#   datatype: float32
#   unit: mag
#   description: "Secondary eclipse: uncertainty of \\texttt{derivedSecondaryEclDepth}"
#   meta:
#     ucd: stat.error;src.var.amplitude
solution_id,source_id,global_ranking,reference_time,frequency,frequency_error,geom_model_reference_level,geom_model_reference_level_error,geom_model_gaussian1_phase,geom_model_gaussian1_phase_error,geom_model_gaussian1_sigma,geom_model_gaussian1_sigma_error,geom_model_gaussian1_depth,geom_model_gaussian1_depth_error,geom_model_gaussian2_phase,geom_model_gaussian2_phase_error,geom_model_gaussian2_sigma,geom_model_gaussian2_sigma_error,geom_model_gaussian2_depth,geom_model_gaussian2_depth_error,geom_model_cosine_half_period_amplitude,geom_model_cosine_half_period_amplitude_error,geom_model_cosine_half_period_phase,geom_model_cosine_half_period_phase_error,model_type,num_model_parameters,reduced_chi2,derived_primary_ecl_phase,derived_primary_ecl_phase_error,derived_primary_ecl_duration,derived_primary_ecl_duration_error,derived_primary_ecl_depth,derived_primary_ecl_depth_error,derived_secondary_ecl_phase,derived_secondary_ecl_phase_error,derived_secondary_ecl_duration,derived_secondary_ecl_duration_error,derived_secondary_ecl_depth,derived_secondary_ecl_depth_error
[from data line 75]
375316653866487564,3430268612702310912,0.6511904,2215.57710630625,0.8990796288935196,8.816866E-6,16.32984,0.001180103,0.5022779,3.558182E-4,0.031191967,9.937801E-4,0.27962354,0.009268583,0.27858925,0.23021148,0.027139837,0.12050495,0.0074657206,0.0044418005,null,null,null,null,"TWOGAUSSIANS",8,2.7395961,0.5022779,3.555452E-4,0.17467502,0.0055651683,0.27962354,0.008522372,0.27858925,0.23021148,0.15198308,0.24356677,0.0074657206,0.22333127
375316653866487564,3430269059378886400,0.64670587,2225.9755558499573,3.983872827442278,1.1621067E-5,17.31301,0.022234261,0.30515888,0.004644692,0.05261586,0.009582993,0.23554109,0.0635579,0.7995255,0.0046086437,0.05270749,0.010763598,0.33219153,0.041940037,0.11871507,0.023995893,0.30515888,0.004644692,"TWOGAUSSIANS_WITH_ELLIPSOIDAL_ON_ECLIPSE1",9,4.4001007,0.8002855,0.003814346,0.29516193,0.060276143,0.56935894,0.015962766,0.30515888,0.004644692,0.29464883,0.05366476,0.4729656,0.042553905
375316653866487564,3430270979224702720,0.5971536,2351.2301116895555,3.2665734355861993,7.8392295E-6,18.507078,0.008028194,0.20102666,0.004628172,0.07224205,0.0037472732,0.5183454,0.029867377,0.69546545,0.0024869666,0.07069287,0.0078853415,0.49988183,0.07995,null,null,null,null,"TWOGAUSSIANS",8,3.4358122,0.20102666,0.004628172,0.4,0.007252987,0.51638967,0.030070601,0.69546545,0.0024869666,0.39588007,0.009772407,0.4979261,0.08149301
375316653866487564,3430271597699735936,0.5019868,2290.202025332023,2.7463606170530284,3.9327035E-5,18.435913,0.004584719,0.25826043,0.0317348,0.051469374,0.020198839,0.15242152,0.024741353,0.78264743,0.014518951,0.06590469,0.010730183,0.27358806,0.042188592,null,null,null,null,"TWOGAUSSIANS",8,8.654786,0.78264743,0.014518951,0.3690663,0.05381803,0.2735686,0.042238865,0.25826043,0.0317348,0.28822848,0.11311349,0.15240206,0.024414128
375316653866487564,3430274213335670784,0.5350716,2255.461863746021,0.09060641699999998,1.2249977E-5,16.87865,0.004635273,0.23625252,2.192072E-6,0.0041161077,3.5944297E-5,0.37978974,0.0045689405,0.7439392,0.022550171,0.04896951,0.04790222,0.28480002,0.2606411,null,null,null,null,"TWOGAUSSIANS",8,6.3423243,0.23625252,2.192072E-6,0.023050202,2.0128806E-4,0.37978974,0.0045689456,0.7439392,0.022550171,0.27422926,0.16059475,0.28480002,0.26064113
375316653866487564,3430276236266470528,0.5270296,2269.3740662844525,3.109792235684819,1.3461906E-5,19.030125,0.012781983,0.2631133,0.023541797,0.062190752,0.024176052,0.35154387,0.07577167,0.7576032,0.0031999373,0.06457663,0.004932556,0.3575835,0.037162013,null,null,null,null,"TWOGAUSSIANS",8,4.6354995,0.7576032,0.0031999373,0.36162916,0.027622314,0.35733363,0.03723404,0.2631133,0.023541797,0.3482682,0.100623935,0.351294,0.0765587
375316653866487564,3430277919893837568,0.60551286,2243.036678995114,3.188053524293921,6.2387453E-6,17.943367,0.007791475,0.23142457,0.0011283304,0.0732334,0.0025587576,0.33768803,0.01776608,0.73035437,0.003098415,0.07492783,0.0044749067,0.39239305,0.015402208,null,null,null,null,"TWOGAUSSIANS",8,3.0756226,0.73035437,0.003098415,0.4,0.0,0.3900006,0.015601582,0.23142457,0.0011283304,0.4,4.3898777E-4,0.3352956,0.01776159
375316653866487564,3430278847606660992,0.595877,2259.6444731484285,2.0025683228184477,2.7544063E-5,16.72702,0.0018038547,0.32189456,0.015685996,0.09370603,0.009366023,0.1563533,0.014272445,0.88582695,0.006408076,0.030064879,0.012300561,0.012736806,0.0025326544,null,null,null,null,"TWOGAUSSIANS",8,2.746381,0.32189456,0.015685996,0.4,0.0,0.15634874,0.014269078,0.8858369,0.0064171767,0.16836332,0.06888314,0.01273535,0.0025370454
375316653866487564,3430284620040641536,0.6330646,2292.821539334845,2.7387379137127854,6.3300595E-6,17.613016,0.0150853535,0.29981095,0.0029259003,0.052837215,0.013129176,0.34541753,0.095927685,0.8058766,0.007678183,0.05053076,0.011577722,0.2785745,0.13297792,0.096911065,0.01956443,0.29981095,0.0029259003,"TWOGAUSSIANS_WITH_ELLIPSOIDAL_ON_ECLIPSE1",9,3.9667358,0.29981095,0.0029259003,0.2958884,0.07352339,0.53923357,0.11361602,0.8058766,0.007678183,0.28297228,0.06483524,0.47210914,0.13817278
375316653866487564,3430284864858582912,0.54637235,2293.813696940248,0.7595325320965981,9.084337E-6,13.569603,0.0025457945,0.8244116,0.0023032248,0.030728584,0.004489614,0.11165712,0.006690346,null,null,null,null,null,null,0.005849282,0.0038717152,0.8244116,0.0023032248,"ONEGAUSSIAN_WITH_ELLIPSOIDAL",6,31.908134,0.8244116,0.0023032248,0.17208007,0.025141839,0.12335567,0.009590985,null,null,null,null,null,null
375316653866487564,3430290224977339648,0.7258327,2277.3726143649264,0.6622450057038336,2.3596542E-5,14.583794,0.0012120402,0.20195551,0.049249396,0.026487574,0.027135983,0.49561766,8.089618,0.7028241,0.0050677145,0.023939962,0.0038694844,0.619127,0.45238048,0.015526313,0.002371204,0.7028241,0.0050677145,"TWOGAUSSIANS_WITH_ELLIPSOIDAL_ON_ECLIPSE2",9,7.3096004,0.7028241,0.0050677145,0.13406378,0.021669112,0.65017956,0.45200494,0.20195551,0.049243882,0.14833042,0.1519615,0.5266693,8.09003
375316653866487564,3430290392476813696,0.56274366,2260.9936018654407,0.4277512519130988,1.958962E-6,17.994774,0.005360504,0.31756255,3.2724455E-4,0.012501112,7.4201066E-4,0.37548503,0.019062964,null,null,null,null,null,null,0.015169388,0.010356804,0.31756255,3.2724455E-4,"ONEGAUSSIAN_WITH_ELLIPSOIDAL",6,6.8128977,0.31756255,3.2724455E-4,0.07000623,0.0041552596,0.40582383,0.020684134,null,null,null,null,null,null
375316653866487564,3430290564275480320,0.53753144,2237.409342141303,0.23384851058098768,8.096228E-5,17.677662,0.0035829863,0.1490194,0.004310674,0.018072976,0.0029975239,0.1536067,0.03054236,0.8470106,0.058799163,0.058044437,0.036084212,0.024142101,0.011382661,null,null,null,null,"TWOGAUSSIANS",8,1.1991996,0.1490194,0.004306987,0.101208664,0.016786134,0.15360673,0.030585837,0.8470106,0.058799163,0.32504883,0.11564691,0.024142101,0.011382668
375316653866487564,3430292660221611008,0.4912849,2284.987908345462,1.0027673154006076,1.1773142E-5,15.942406,0.034156337,0.16107215,0.0101137655,0.106413014,0.040797967,0.06958087,0.031472724,0.66143906,0.006086361,0.09035472,0.03868176,0.08925434,0.020281686,null,null,null,null,"TWOGAUSSIANS",8,11.392928,0.66143906,0.006086361,0.4,0.0,0.08314886,0.014687523,0.16107215,0.01011808,0.4,0.0,0.06347319,0.003911102
375316653866487564,3430294240769765504,0.4681754,2235.1932840080594,0.6854178411219092,3.5000863E-5,16.982805,0.00800666,0.32294714,0.014112626,0.06105408,0.06920861,0.18329497,0.15906367,0.6499342,0.035574112,0.041522738,0.048849374,0.046074543,0.009761213,null,null,null,null,"TWOGAUSSIANS",8,8.32761,0.32294714,0.014089284,0.34190285,0.099595085,0.18329497,0.15921779,0.6499342,0.035574112,0.23252735,0.1723677,0.04607465,0.010268085
375316653866487564,3430298608753468928,0.6091178,2218.7676978036534,3.021262301737817,2.695302E-5,16.035164,0.012427582,0.2258889,0.003852228,0.044775043,0.0062288023,0.23534854,0.027466897,0.72242373,0.008703534,0.053405616,0.0077785756,0.26903045,0.03479767,0.09237121,0.016508982,0.2258889,0.003852228,"TWOGAUSSIANS_WITH_ELLIPSOIDAL_ON_ECLIPSE1",9,47.623363,0.7228837,0.007308813,0.29907143,0.043560024,0.4536935,0.031613763,0.2258889,0.003852228,0.25074023,0.034881294,0.42008743,0.01062608
375316653866487564,3430298780547867776,0.60197264,2265.531544946539,1.1400516617788077,2.1506256E-5,12.121787,0.007791719,0.25857434,0.00321776,0.10483928,0.010107362,0.086952485,0.006106741,0.7669862,0.008119965,0.090810485,0.015960585,0.10232542,0.008085754,null,null,null,null,"TWOGAUSSIANS",8,15.448021,0.7669862,0.00813461,0.4,0.0,0.09594748,0.011006549,0.25857434,0.0032137742,0.4,0.0,0.08057247,0.0022905525
375316653866487564,3430300498539325696,0.6378087,2265.132947342955,2.267738285345596,5.2232175E-5,17.034569,0.0021735856,0.11925684,0.045496695,0.043089844,0.03265182,0.012403365,0.013364762,0.551304,0.005972959,0.03749442,0.002234754,0.8334636,0.24084266,null,null,null,null,"TWOGAUSSIANS",8,2.3050034,0.551304,0.005972959,0.20996876,0.012514622,0.8334636,0.24084266,0.11925684,0.045496695,0.24130313,0.1828502,0.012403365,0.013364762
375316653866487564,3430302594483317632,0.525296,2241.1363115582753,2.5986806781074043,1.2676757E-5,17.621609,0.0071476316,0.29576638,0.0041467864,0.063590765,0.0057452247,0.2589158,0.051720753,0.78250253,0.002996116,0.075353496,0.00478036,0.2424302,0.014843221,null,null,null,null,"TWOGAUSSIANS",8,7.5956287,0.29576638,0.0041467864,0.35610828,0.032173257,0.25837398,0.051885977,0.78250253,0.002996116,0.4,0.0,0.24188839,0.014918872
375316653866487564,3430303414820003200,0.50180316,2323.6866894958707,0.4337436733657461,7.7123805E-5,18.543245,0.019058019,0.18377484,0.10726571,0.10531978,0.08389497,0.05558723,0.022832626,0.5424431,0.021245455,0.083027534,0.021271013,0.14485395,0.028478688,null,null,null,null,"TWOGAUSSIANS",8,2.0323665,0.5424431,0.021245455,0.4,0.015203453,0.14451951,0.02251871,0.18390484,0.108583204,0.4,0.068725646,0.05509718,0.021003868
375316653866487564,3430305098447075456,0.44383755,2298.191255271495,0.2929540722794528,3.1013482E-5,18.657877,0.009757481,null,null,null,null,null,null,null,null,null,null,null,null,0.10122658,0.011522303,0.2377932,0.009146972,"ELLIPSOIDAL",4,4.834768,null,null,null,null,null,null,null,null,null,null,null,null
375316653866487564,3430312283929417472,0.610351,2297.1215704106094,2.5052093195862826,7.4605505E-6,17.044765,0.0086593665,0.2688479,0.0025730478,0.04699128,0.009641023,0.09645582,0.04722828,0.7654134,0.0063515017,0.055803724,0.0071688993,0.08708525,0.021245262,0.08801146,0.011318022,0.2688479,0.0025730478,"TWOGAUSSIANS_WITH_ELLIPSOIDAL_ON_ECLIPSE1",9,5.105951,0.2688479,0.0025730478,0.26315117,0.05398973,0.2724756,0.048411556,0.7665534,0.004161491,0.31250086,0.040145837,0.2630503,0.00835422
375316653866487564,3430314684814480256,0.6070357,2342.5613284500832,1.595740901637236,7.1077848E-6,16.342028,0.06314727,0.26409167,0.008933845,0.08140627,0.04438036,0.41799378,0.09643302,0.7687406,0.0031061186,0.091370784,0.015522402,0.3637792,0.048302215,null,null,null,null,"TWOGAUSSIANS",8,12.230683,0.26409167,0.008952532,0.4,0.0,0.40711397,0.14792119,0.7687406,0.0030732218,0.4,0.0,0.35289913,0.015608063
375316653866487564,3430315268930103552,0.47114307,2315.4033575530116,1.086223393843634,3.760784E-5,18.056553,0.058956306,0.26153088,0.009320727,0.12638813,0.039432235,0.2416288,0.05437871,0.7600633,0.010939521,0.10540011,0.017733872,0.25475553,0.055909917,null,null,null,null,"TWOGAUSSIANS",8,10.501119,0.7600633,0.010942475,0.4,0.0,0.20756151,0.010594681,0.26153088,0.009328792,0.4,0.0,0.19424815,0.057050847
375316653866487564,3430315612525904640,0.5611337,2277.6742314861326,3.373949606075668,3.176069E-5,18.202953,0.009786693,0.29652634,0.012249658,0.07743648,0.008695604,0.63919693,0.052529577,0.7999663,0.005516478,0.06783868,0.0058656908,0.5372917,0.042214744,null,null,null,null,"TWOGAUSSIANS",8,14.757302,0.29652634,0.012249658,0.4,0.0,0.6362946,0.052345537,0.7999663,0.005516478,0.37989664,0.032847866,0.5343893,0.043117125
375316653866487564,3430316231002859008,0.5659437,2287.058801698161,2.6642859170204454,2.5441503E-5,19.116379,0.078717135,0.27792245,0.020720094,0.0931164,0.0845957,0.10971184,0.06637262,0.8083259,0.011939323,0.057612367,0.029026205,0.55180424,0.19155174,null,null,null,null,"TWOGAUSSIANS",8,2.655778,0.8083259,0.011786269,0.32262927,0.080479115,0.55102915,0.238066,0.27792245,0.020720094,0.4,0.0,0.108936384,0.035733435
375316653866487564,3430316746397304320,0.6081812,2399.357810508286,2.782638616090157,4.8871584E-6,17.41228,0.005430771,0.28415918,0.004233477,0.067892835,0.01608548,0.36986938,0.06037495,0.7904603,0.0034762248,0.07343841,0.0039784466,0.347069,0.016877063,null,null,null,null,"TWOGAUSSIANS",8,4.8945074,0.28415918,0.004233477,0.38019988,0.019792948,0.36870086,0.06350537,0.7904603,0.0034762248,0.4,0.0,0.3459005,0.016847717
375316653866487564,3430316780757038976,0.542785,2316.8886714523246,2.3881287248520975,7.432335E-5,16.021446,0.0012045153,0.25931525,0.02103316,0.024577389,0.024435718,0.009255837,0.03338395,0.48686695,0.005707207,0.013400947,0.0056630624,0.092696495,0.05810258,null,null,null,null,"TWOGAUSSIANS",8,5.371899,0.48686695,0.005707207,0.0750453,0.03171315,0.092696495,0.05810258,0.25931525,0.02103316,0.13763338,0.13684002,0.009255837,0.03338395
375316653866487564,3430317089996360064,0.47766307,2298.7111891721443,0.049321593460459175,3.0620613E-5,18.518927,0.00867353,0.3381951,0.0016692955,0.024797836,0.0053827236,0.25963357,0.12573901,0.8425362,0.011425872,0.0665259,0.015686505,0.12164838,0.024980672,null,null,null,null,"TWOGAUSSIANS",8,4.769872,0.3381951,0.0016692955,0.13886788,0.030143252,0.2596335,0.1257391,0.8425362,0.011425872,0.37254503,0.07968109,0.12164831,0.024981042
375316653866487564,3430317987646163712,0.64641637,2297.891915199609,0.9189137350975639,1.3711733E-5,15.528316,0.0016454846,0.1351013,0.0044923993,0.028438523,0.0066601136,0.420301,0.26000342,0.65805846,0.0019325514,0.019648803,0.0089821275,0.1901776,0.2438068,0.026182488,0.001999083,0.1351013,0.0044923993,"TWOGAUSSIANS_WITH_ELLIPSOIDAL_ON_ECLIPSE1",9,11.032147,0.1351013,0.0044923993,0.15925573,0.037296638,0.47266588,0.2607056,0.65805846,0.0019325514,0.110033296,0.050299913,0.2414605,0.24411952
375316653866487564,3430320010573884288,0.59154665,2276.211444140346,3.2619214079744445,3.7935833E-6,16.720486,0.0014763487,0.20903017,0.0011657419,0.03459233,0.0043051983,0.14154936,0.050654303,0.703582,0.0052057644,0.032347247,0.013444828,0.12127949,32.935028,0.043840732,0.0019426856,0.20903017,0.0011657419,"TWOGAUSSIANS_WITH_ELLIPSOIDAL_ON_ECLIPSE1",9,1.3763249,0.20903017,0.0011657419,0.19371705,0.02410911,0.2292308,0.053122506,0.70389193,0.005085743,0.1811446,0.07529104,0.20886402,32.93505
375316653866487564,3430321281884224128,0.49207833,2336.078979933115,4.139217372023949,2.9934188E-5,18.82116,0.051540367,0.11604008,0.01232966,0.089517415,0.020943983,0.18440343,0.05450794,0.6074648,0.008669168,0.11500838,0.031460054,0.19817571,0.044325583,null,null,null,null,"TWOGAUSSIANS",8,2.3900433,0.6074648,0.008669168,0.4,0.0,0.18087687,0.019966299,0.11606008,0.01237839,0.4,0.0,0.16713725,0.03312723
375316653866487564,3430321973375718528,0.5698077,2321.0041760911463,2.2111588710491175,9.797279E-6,16.702572,0.040009405,0.28724054,0.003079895,0.1026626,0.0100560505,0.43070146,0.03148028,0.81472135,0.005347933,0.12735072,0.013147506,0.3517339,0.037213452,null,null,null,null,"TWOGAUSSIANS",8,17.332985,0.28703052,0.0029914363,0.4,0.0,0.37619552,0.022212114,0.8147413,0.005330902,0.4,0.0,0.29681212,0.018132014
375316653866487564,3430323480905942912,0.5864353,2231.107432986236,2.922182176555481,1.1937092E-5,18.238482,0.008688463,0.24654008,0.0028719897,0.091907755,0.004601272,0.33987722,0.011374703,0.7445048,0.006846002,0.082224615,0.0052099586,0.42755923,0.02418943,null,null,null,null,"TWOGAUSSIANS",8,1.3129028,0.7445048,0.006846002,0.4,0.0,0.41572967,0.02373192,0.24654008,0.0028719897,0.4,0.0,0.32804742,0.011558731
375316653866487564,3430326921173889536,0.6144482,2295.29133801253,3.5795266256567433,1.1837013E-5,18.409063,0.011935544,0.21530707,0.020819493,0.07711238,0.017360363,0.56481874,0.027308179,0.6978949,0.003290419,0.06809972,0.002997631,0.5613077,0.018199889,null,null,null,null,"TWOGAUSSIANS",8,3.4897234,0.21530707,0.020819493,0.4,0.041934464,0.5628515,0.027622368,0.6978949,0.003290419,0.38135844,0.016786734,0.5593404,0.01772677
375316653866487564,3430329803099654144,0.57846075,2242.7094592369313,2.4032193507630675,4.2075928E-5,18.817427,0.008496123,0.27506036,0.019313723,0.039343175,0.014090945,0.42216787,0.10041157,0.8099377,0.01883,0.04950324,0.0073534967,1.223018,0.39028504,null,null,null,null,"TWOGAUSSIANS",8,3.6156309,0.8099377,0.01883,0.27721813,0.041179582,1.223018,0.39028472,0.27506036,0.019313723,0.22032177,0.07890929,0.42216784,0.100409105
