Gaia/vari_eclipsing_binary/VariEclipsingBinary_783518-784479.csv
# %ECSV 1.0
# ---
# delimiter: ','
# meta: !!omap
# - RELEASE: Gaia DR3
# - TABLE: vari_eclipsing_binary
# - DESCRIPTION: >
#     This table describes the properties of the eclipsing binaries resulting from the variability analysis. 
# - CITATION: >
#     How to cite and acknowledge Gaia: 
#     https://gea.esac.esa.int/archive/documentation/credits.html 
# - KNOWN_ISSUES: >
#     Known issues: 
#     https://www.cosmos.esa.int/web/gaia-users/known-issues 
# - DOCUMENTATION: >
#     Tutorials and documentation: 
#     https://www.cosmos.esa.int/web/gaia-users/archive 
# datatype:
# - 
#   name: solution_id
#   datatype: int64
#   description: Solution Identifier
#   meta:
#     ucd: meta.version
# - 
#   name: source_id
#   datatype: int64
#   description: Unique source identifier
#   meta:
#     ucd: meta.id;meta.main
# - 
#   name: global_ranking
#   datatype: float32
#   description: Number between 0 (worst) and 1 (best)
#   meta:
#     ucd: stat.param
# - 
#   name: reference_time
#   datatype: float64
#   unit: d
#   description: Reference time used for the geometric model fit
#   meta:
#     ucd: time.epoch
# - 
#   name: frequency
#   datatype: float64
#   unit: d**-1
#   description: Frequency of geometric model of the eclipsing binary light curve
#   meta:
#     ucd: src.orbital
# - 
#   name: frequency_error
#   datatype: float32
#   unit: d**-1
#   description: "Uncertainty of \\texttt{frequency}"
#   meta:
#     ucd: stat.error
# - 
#   name: geom_model_reference_level
#   datatype: float32
#   unit: mag
#   description: Magnitude reference level of geometric model
#   meta:
#     ucd: phot.mag;em.opt
# - 
#   name: geom_model_reference_level_error
#   datatype: float32
#   unit: mag
#   description: "Uncertainty of \\texttt{geomModelReferenceLevel}"
#   meta:
#     ucd: stat.error;phot.mag;em.opt
# - 
#   name: geom_model_gaussian1_phase
#   datatype: float32
#   description: Phase of the Gaussian 1 component
#   meta:
#     ucd: time.phase
# - 
#   name: geom_model_gaussian1_phase_error
#   datatype: float32
#   description: "Uncertainty of \\texttt{geomModelGaussian1Phase}"
#   meta:
#     ucd: stat.error;time.phase
# - 
#   name: geom_model_gaussian1_sigma
#   datatype: float32
#   description: "Standard deviation [phase] of Gaussian 1 component"
#   meta:
#     ucd: stat.stdev
# - 
#   name: geom_model_gaussian1_sigma_error
#   datatype: float32
#   description: "Uncertainty of \\texttt{geomModelGaussian1Sigma}"
#   meta:
#     ucd: stat.error
# - 
#   name: geom_model_gaussian1_depth
#   datatype: float32
#   unit: mag
#   description: Magnitude depth of Gaussian 1 component
#   meta:
#     ucd: src.var.amplitude
# - 
#   name: geom_model_gaussian1_depth_error
#   datatype: float32
#   unit: mag
#   description: "Uncertainty of \\texttt{geomModelGaussian1Depth}"
#   meta:
#     ucd: stat.error;src.var.amplitude
# - 
#   name: geom_model_gaussian2_phase
#   datatype: float32
#   description: Phase of Gaussian 2 component
#   meta:
#     ucd: time.phase
# - 
#   name: geom_model_gaussian2_phase_error
#   datatype: float32
#   description: "Uncertainty of \\texttt{geomModelGaussian2Phase}"
#   meta:
#     ucd: stat.error;time.phase
# - 
#   name: geom_model_gaussian2_sigma
#   datatype: float32
[...]
#   datatype: float32
#   description: "Secondary eclipse: uncertainty of \\texttt{derivedSecondaryEclDuration}"
#   meta:
#     ucd: stat.error;time.duration
# - 
#   name: derived_secondary_ecl_depth
#   datatype: float32
#   unit: mag
#   description: "Secondary eclipse: depth"
#   meta:
#     ucd: src.var.amplitude
# - 
#   name: derived_secondary_ecl_depth_error
#   datatype: float32
#   unit: mag
#   description: "Secondary eclipse: uncertainty of \\texttt{derivedSecondaryEclDepth}"
#   meta:
#     ucd: stat.error;src.var.amplitude
solution_id,source_id,global_ranking,reference_time,frequency,frequency_error,geom_model_reference_level,geom_model_reference_level_error,geom_model_gaussian1_phase,geom_model_gaussian1_phase_error,geom_model_gaussian1_sigma,geom_model_gaussian1_sigma_error,geom_model_gaussian1_depth,geom_model_gaussian1_depth_error,geom_model_gaussian2_phase,geom_model_gaussian2_phase_error,geom_model_gaussian2_sigma,geom_model_gaussian2_sigma_error,geom_model_gaussian2_depth,geom_model_gaussian2_depth_error,geom_model_cosine_half_period_amplitude,geom_model_cosine_half_period_amplitude_error,geom_model_cosine_half_period_phase,geom_model_cosine_half_period_phase_error,model_type,num_model_parameters,reduced_chi2,derived_primary_ecl_phase,derived_primary_ecl_phase_error,derived_primary_ecl_duration,derived_primary_ecl_duration_error,derived_primary_ecl_depth,derived_primary_ecl_depth_error,derived_secondary_ecl_phase,derived_secondary_ecl_phase_error,derived_secondary_ecl_duration,derived_secondary_ecl_duration_error,derived_secondary_ecl_depth,derived_secondary_ecl_depth_error
375316653866487564,6891903534767502720,0.48360938,2285.1499175862614,0.33980921853081186,7.6787954E-5,18.233625,0.052293323,0.21268344,0.027110118,0.07290516,0.06333215,0.041748628,0.050215565,0.74361455,0.0079991035,0.056363497,0.10076736,0.25779417,0.1504252,null,null,null,null,"TWOGAUSSIANS",8,1.7427996,0.74361455,0.007993548,0.3156356,0.08596008,0.25775564,0.1922233,0.21268344,0.026176667,0.4,0.07737462,0.04171012,0.011873107
375316653866487564,6891959953456922240,0.5120059,2279.8676075657354,3.400624140776658,3.14337E-5,18.78098,0.01972435,0.29823163,0.009301758,0.089052275,0.019322464,0.23794696,0.022052605,0.8058245,0.007033811,0.09083252,0.011351613,0.24656671,0.022476356,null,null,null,null,"TWOGAUSSIANS",8,3.8178794,0.8058245,0.007033811,0.4,0.0,0.23752396,0.018727783,0.29823163,0.009301758,0.4,0.0,0.22890428,0.022328319
375316653866487564,6891979882105300480,0.521432,2291.3945883405363,4.868446380530421,2.7913115E-5,18.88237,0.009675415,0.5119587,0.029595247,0.029154403,0.009089655,0.6873219,0.7139613,0.8498285,0.011859867,0.043380562,0.02183571,0.44748688,206.61295,null,null,null,null,"TWOGAUSSIANS",8,5.356752,0.5119587,0.029595247,0.16326466,0.050902072,0.6873219,0.7139613,0.8498285,0.011859867,0.24293116,0.12227998,0.44748688,206.61295
375316653866487564,6892001567395808768,0.45067158,2290.0224926493097,2.670587933551029,3.5125646E-5,16.962986,0.011443515,0.26549214,0.0028516094,0.06664898,0.00872056,0.20007485,0.016879924,0.7934424,0.0238042,0.07708539,0.020884778,0.048685826,0.015266808,null,null,null,null,"TWOGAUSSIANS",8,38.734913,0.26549214,0.0028516094,0.3732343,0.048835136,0.19986016,0.01705212,0.7934424,0.0238042,0.4,0.03252872,0.04847113,0.014970004
375316653866487564,6892017579033839616,0.6508794,2257.7694156856205,3.802351656128035,4.7055655E-6,15.782647,0.007839751,0.23430617,8.456431E-4,0.046764355,0.0021192087,0.46009848,0.015213313,0.7323963,0.0021328346,0.0456605,0.0023757312,0.35643113,0.022726642,0.12989363,0.009730782,0.23430617,8.456431E-4,"TWOGAUSSIANS_WITH_ELLIPSOIDAL_ON_ECLIPSE1",9,43.60708,0.23430617,8.456431E-4,0.26188037,0.011867569,0.719885,0.00988568,0.73259634,0.0018946915,0.2556988,0.013304095,0.61618423,0.017785007
375316653866487564,6892026787443864832,0.5068917,2276.059449576782,3.7907360613154037,3.6746693E-5,16.419235,0.06603338,0.26999933,0.003976711,0.10542746,0.022963295,0.22110443,0.0621747,0.7893498,0.011377032,0.09838234,0.03697247,0.15716092,0.06741039,null,null,null,null,"TWOGAUSSIANS",8,29.570913,0.26999933,0.003982682,0.4,0.0,0.20654847,0.010786261,0.78935975,0.011253677,0.4,0.0,0.14261177,0.012563287
375316653866487564,6892042004512712960,0.57983303,2296.0959921527974,2.9104718377915364,2.9152054E-6,17.880354,0.0028492028,0.2873638,6.3060004E-5,0.003610575,7.372273E-5,0.43980882,0.00377024,null,null,null,null,null,null,null,null,null,null,"ONEGAUSSIAN",5,3.1817434,0.2873638,6.3060004E-5,0.02021922,4.1284732E-4,0.43980882,0.0,null,null,null,null,null,null
375316653866487564,6892053033988862080,0.5574527,2295.3466341392505,4.339390845334354,1.8188402E-5,17.337978,0.021684837,0.22211577,0.004290247,0.040361512,0.009154167,0.30440277,0.0954272,0.7118299,0.013785169,0.041821398,0.019709848,0.3111939,0.068394646,0.1010139,0.03074838,0.22211577,0.004290247,"TWOGAUSSIANS_WITH_ELLIPSOIDAL_ON_ECLIPSE1",9,20.806767,0.7126699,0.012660714,0.23419984,0.11037515,0.512448,0.06528871,0.22211577,0.004290247,0.22602448,0.051263332,0.5064304,0.08222963
375316653866487564,6892054618831917440,0.47134763,2273.0301787873605,4.233499118486534,1.2574393E-5,16.537676,0.0071857693,0.088210605,0.007904393,0.023634262,0.008058977,0.095897585,0.16919373,0.79919416,0.027961776,0.03364967,0.01588823,0.27522406,0.10706071,0.010398333,0.009398023,0.79919416,0.027961776,"TWOGAUSSIANS_WITH_ELLIPSOIDAL_ON_ECLIPSE2",9,50.92626,0.79919416,0.027961776,0.18843818,0.08897409,0.2960206,0.099985145,0.0885706,0.0077649355,0.13235186,0.04513027,0.09713359,0.16957173
375316653866487564,6892141102293007616,0.5926611,2243.7210572724625,2.2872117722495506,5.176255E-6,14.697815,0.0019158869,0.2773105,0.0010790089,0.069096014,0.0018161491,0.18632385,0.0042003007,null,null,null,null,null,null,0.064248666,0.0028326346,0.2773105,0.0010790089,"ONEGAUSSIAN_WITH_ELLIPSOIDAL",6,27.179123,0.2773105,0.0010790089,0.3869377,0.0101704355,0.31456262,0.00460425,null,null,null,null,null,null
375316653866487564,6892147596283572864,0.43243822,2256.639143716215,0.17153943344567243,9.602455E-5,16.684004,0.004186862,0.2903904,0.015309583,0.045648534,0.012446421,0.20312814,0.10743142,0.82289743,0.016758412,0.06242439,0.010125956,0.13766815,0.016193429,null,null,null,null,"TWOGAUSSIANS",8,11.028085,0.2903904,0.015309583,0.2556318,0.06969996,0.20312643,0.1074308,0.82289743,0.016758412,0.3495766,0.056705352,0.13766643,0.016194906
375316653866487564,6892205659945723520,0.44441733,2267.998885328946,1.8370941520467365,1.3961709E-5,13.109796,0.5027805,0.23565762,0.008098169,0.14782166,0.07487467,0.32464173,0.37441018,0.7316757,0.01214596,0.2242349,0.2004646,0.35121414,0.49336997,null,null,null,null,"TWOGAUSSIANS",8,75.17784,0.23745762,0.0052319504,0.4,0.0,0.11921394,0.008295742,0.7316757,0.01214596,0.4,0.0,0.0894325,0.0070164697
375316653866487564,6892242734104626304,0.56134474,2259.6781153253046,3.298065052020475,3.1983272E-5,16.465462,0.015652733,0.2740242,0.0053188712,0.026351947,0.040370926,0.12173933,0.061222132,0.7814573,0.013136127,0.036182087,0.013948923,0.06016943,0.049196035,0.08583898,0.019715102,0.2740242,0.0053188712,"TWOGAUSSIANS_WITH_ELLIPSOIDAL_ON_ECLIPSE1",9,20.764345,0.2740242,0.0053188712,0.14757091,0.2260772,0.29341727,0.08601667,0.7814573,0.013136127,0.20261969,0.078113966,0.2314732,0.031108292
375316653866487564,6892266854639754240,0.5184924,2313.946554580275,1.7801551542764982,4.210513E-5,9.267924,0.20482486,0.2898064,0.012260019,0.17255567,0.046550192,0.4868358,0.21547364,0.7906492,0.014197137,0.20603222,0.047662195,0.50613016,0.14425734,null,null,null,null,"TWOGAUSSIANS",8,413.19302,0.2892964,0.011041534,0.4,0.0,0.12774913,0.0117473835,0.79101914,0.015713355,0.4,0.0,0.10841485,0.0056302124
375316653866487564,6892270191830099968,0.5073653,2282.8042286938007,0.03981068129929335,1.949268E-5,16.284885,0.002109769,0.5469329,0.02432957,0.058071837,0.009580948,0.08349777,0.017826274,0.39949048,0.011808945,0.044726938,0.006212964,0.118675105,0.017056989,null,null,null,null,"TWOGAUSSIANS",8,3.4285078,0.40220046,0.009539123,0.25047085,0.0347926,0.12219731,0.013679624,0.54520285,0.024411507,0.3252023,0.05365331,0.08404915,0.017703738
375316653866487564,6892314344093418496,0.6526358,2271.665302180204,1.5126610813191208,3.859208E-6,10.593124,0.008144421,0.31635892,0.0027980225,0.09987021,0.0045901183,0.3563626,0.012892039,0.8155435,0.0010967018,0.08878314,0.0028153185,0.3621607,0.0071939398,null,null,null,null,"TWOGAUSSIANS",8,53.668606,0.8155435,0.0010967018,0.4,0.0,0.34102857,0.004599664,0.31635892,0.0027980225,0.4,0.0,0.335228,0.013704675
375316653866487564,6892344855541981952,0.61508876,2286.1673392631806,2.963351239205348,8.085668E-6,18.068739,0.008831495,0.23107769,0.001873487,0.08172026,0.0031010713,0.46070644,0.009282317,0.7333379,0.0031531532,0.091363445,0.0053573,0.39056993,0.0145652145,null,null,null,null,"TWOGAUSSIANS",8,3.1089242,0.23107769,0.001873487,0.4,0.0,0.44820762,0.0074041435,0.7333379,0.0031531532,0.4,0.0,0.37807083,0.016012492
375316653866487564,6892394711521888384,0.5360939,2282.54160199491,3.1086428651869644,5.6803743E-5,19.559595,0.010150339,0.29133508,0.0056966525,0.05933417,0.015887767,0.1517096,0.06807542,0.7867494,0.004779646,0.041235123,0.004887271,0.57597154,0.054016434,null,null,null,null,"TWOGAUSSIANS",8,1.6373475,0.7867494,0.004779646,0.23091668,0.027368719,0.5759698,0.05401783,0.29133508,0.0056966525,0.33227134,0.088971496,0.15170786,0.068081915
375316653866487564,6892442089305690112,0.64505637,2237.5801612986957,4.057525209945052,6.280894E-6,16.801126,0.016003232,0.24141479,0.0033373856,0.050865877,0.0079435585,0.20152336,0.039460544,0.7479387,0.017328935,0.055618994,0.017163854,0.27087468,0.043743916,0.09619177,0.023940368,0.24141479,0.0033373856,"TWOGAUSSIANS_WITH_ELLIPSOIDAL_ON_ECLIPSE1",9,11.640792,0.7479387,0.017328935,0.31146637,0.08955119,0.4629274,0.03462357,0.24141479,0.0033373856,0.2848489,0.044483926,0.39389917,0.013672983
375316653866487564,6892445250401435136,0.5446055,2295.326714004621,1.8199514606444365,1.0701825E-6,18.454763,0.0023023654,0.253713,9.63635E-4,0.016635822,0.0027771485,0.044586472,0.010735557,0.7651398,1.2658161E-4,0.008521583,2.3194721E-4,0.413366,0.0131885465,null,null,null,null,"TWOGAUSSIANS",8,1.3997594,0.7651398,1.2658161E-4,0.047720864,0.0012989044,0.413366,0.0131885465,0.253713,9.63635E-4,0.0931606,0.015552031,0.044586472,0.010735557
375316653866487564,6892447380705127680,0.50891393,2267.561158961769,1.726877798304222,2.2344235E-5,12.414504,0.009211928,0.24343576,0.0036940123,0.031326156,0.0050764726,0.3247323,0.05013613,0.73248786,0.0067688143,0.03758434,0.00566826,0.30384102,0.11874004,0.015243087,0.021915203,0.24343576,0.0036940123,"TWOGAUSSIANS_WITH_ELLIPSOIDAL_ON_ECLIPSE1",9,2070.3003,0.24343576,0.0036940123,0.17542648,0.028428247,0.35521847,0.05430367,0.73260784,0.006659377,0.2104723,0.031742256,0.33418477,0.11818766
375316653866487564,6892510946221640704,0.53372556,2260.7740462186935,3.660811324828335,4.4201497E-5,16.778215,0.0075409906,0.29949644,0.0057860566,0.07239031,0.0049000783,0.19780423,0.011354191,0.8128979,0.006266804,0.08428212,0.0139523875,0.19076219,0.034590058,null,null,null,null,"TWOGAUSSIANS",8,13.15375,0.29949644,0.0057860566,0.4,0.0077807475,0.19600274,0.010735589,0.8128979,0.006266804,0.4,0.0,0.18896069,0.036151078
375316653866487564,6892515412987101568,0.48434928,2293.9731261119287,0.17295519680249394,3.533159E-5,17.968468,0.006342847,0.20731151,0.016931506,0.03400635,0.0064797993,1.4187073,1.3896217,0.49263367,0.046974495,0.030915568,0.010944885,0.1311705,0.08090073,null,null,null,null,"TWOGAUSSIANS",8,12.344518,0.20731151,0.016931506,0.19043556,0.036286876,1.4187073,1.3896217,0.49263367,0.046974495,0.17312717,0.06129136,0.1311705,0.08090073
375316653866487564,6892531978676640640,0.5461452,2276.5561955831345,3.203439125948841,1.864225E-5,16.672348,0.012841149,0.25772747,0.003279022,0.081403695,0.007881037,0.20525636,0.014395593,0.74780595,0.006382156,0.08215174,0.011682188,0.19947745,0.014463487,null,null,null,null,"TWOGAUSSIANS",8,30.460001,0.25772747,0.003279022,0.4,0.0,0.20212017,0.013117069,0.74780595,0.006382156,0.4,0.0,0.19634126,0.013121872
375316653866487564,6892575890421773056,0.5149125,2289.173222248961,0.37642130201624224,4.013226E-5,19.249624,0.0109602,0.2725353,0.0023318483,0.04900153,0.0041187075,0.38221303,0.044568155,0.7854296,0.05280568,0.11768662,0.027290618,0.08365893,0.032586657,null,null,null,null,"TWOGAUSSIANS",8,1.4905449,0.2725353,0.0023318483,0.27440858,0.023064762,0.38025653,0.0453464,0.7854296,0.05280568,0.4,0.0,0.08168021,0.031858508
375316653866487564,6892584995752958080,0.55520064,2269.630423631156,0.42558830584045515,4.7283018E-5,12.406864,0.0013880063,0.32380083,5.5505696E-4,0.018924406,0.0012841251,0.11754309,0.0032862402,0.85210824,0.018981913,0.022301644,0.017790537,0.072326526,0.056539483,0.004214369,0.0027716344,0.32380083,5.5505696E-4,"TWOGAUSSIANS_WITH_ELLIPSOIDAL_ON_ECLIPSE1",9,38.89151,0.32380083,5.5505696E-4,0.10597667,0.007191101,0.12597181,0.0056194435,0.85210824,0.018981913,0.1248892,0.099627,0.080491416,0.05915028
375316653866487564,6892601076110534400,0.5300326,2265.890822754905,3.9067038491605968,1.7001123E-5,19.556477,0.00399065,0.41738057,2.9269055E-5,0.005632395,8.145666E-5,1.0330911,0.016851002,0.637984,0.013877937,0.012788655,0.00784343,0.07314222,0.019918554,null,null,null,null,"TWOGAUSSIANS",8,1.4879164,0.41738057,2.9269055E-5,0.03154141,4.5615732E-4,1.0330911,0.016851002,0.637984,0.013877937,0.07161647,0.04392321,0.07314222,0.019918554
375316653866487564,6892611555830938112,0.6068574,2294.0246745341037,2.1085694946818005,1.4062417E-5,15.199094,0.004862157,0.22490892,0.0024560827,0.08170126,0.003350633,0.19969453,0.0062899166,0.7256265,0.004607253,0.10346015,0.008939683,0.1311047,0.0044852095,null,null,null,null,"TWOGAUSSIANS",8,11.451795,0.22490892,0.0024560827,0.4,0.0,0.19166681,0.0056366883,0.7256265,0.004607253,0.4,0.0,0.123074755,0.003868284
375316653866487564,6892682062014677248,0.45304424,2341.193949411763,0.12100100017078504,3.7100228E-5,19.730907,0.18254915,0.21500221,0.01465479,0.058657777,0.041931838,1.2096357,1.7895353,0.7378509,0.009786324,0.14466205,0.050947167,0.36573043,0.17825663,null,null,null,null,"TWOGAUSSIANS",8,2.8782182,0.2149322,0.014148152,0.32848355,0.13521278,1.1795344,1.8601091,0.7378509,0.009786324,0.4,0.0,0.33350798,0.06053147
375316653866487564,6892682263876962816,0.6492944,2277.2158343544575,3.6056451678130332,1.963087E-5,16.474798,0.015659483,0.18736434,0.0020087094,0.05353101,0.0054249847,0.30005783,0.029932806,0.6879041,0.0038119154,0.05333123,0.008829334,0.2478975,0.0270273,0.10076062,0.017052276,0.18736434,0.0020087094,"TWOGAUSSIANS_WITH_ELLIPSOIDAL_ON_ECLIPSE1",9,13.916561,0.18736434,0.0020087094,0.29977366,0.030379914,0.5015695,0.012027767,0.6879041,0.0034829767,0.29865488,0.04944427,0.44940686,0.020532936
375316653866487564,6892700410114465408,0.4766145,2264.161251005721,2.8817810865439526,7.1771494E-5,16.924026,0.5702937,0.1955365,0.021522,0.15220447,0.04940194,0.35032162,0.3485713,0.68367076,0.021144636,0.24319959,0.16176422,0.5119413,0.56107557,null,null,null,null,"TWOGAUSSIANS",8,12.468947,0.68367076,0.021144636,0.4,0.0,0.13569093,0.009611481,0.2051065,0.011099341,0.4,0.0,0.0951483,0.013284848
375316653866487564,6892701574050418048,0.46477106,2286.5123139088955,0.546123786494069,3.0524032E-5,17.944242,0.011688858,0.15797259,0.0315249,0.04718498,0.033695273,0.08171734,0.043656796,0.8447737,0.003582976,0.0102152815,0.0036775034,0.4914288,0.18850726,0.022411825,0.024156634,0.8447737,0.003582976,"TWOGAUSSIANS_WITH_ELLIPSOIDAL_ON_ECLIPSE2",9,16.821388,0.8447737,0.003582976,0.057205576,0.02059402,0.5362524,0.19273451,0.16387258,0.029294807,0.26423588,0.14868146,0.08901232,0.051046953
375316653866487564,6892710267064223104,0.45317855,2276.7554543303763,0.11192404512613413,7.3076466E-5,19.511934,0.0132618975,0.06162354,0.015266554,0.012760772,0.00893817,0.30554813,0.36716998,0.6661599,0.03145714,0.05421624,0.029199699,0.1384387,0.0629156,null,null,null,null,"TWOGAUSSIANS",8,2.4989834,0.06162354,0.015266554,0.07146032,0.050053753,0.30554813,0.36716998,0.6661599,0.03145714,0.30361095,0.1213128,0.1384387,0.0629156
375316653866487564,6892723907880703744,0.48171538,2284.237080373646,3.3488450236573817,2.8790737E-5,17.7119,0.012806283,0.21854235,0.006377327,0.07394523,0.012412074,0.11807065,0.013719423,0.7325762,0.010357859,0.08264802,0.017992752,0.1337942,0.015762841,null,null,null,null,"TWOGAUSSIANS",8,10.8710575,0.7325762,0.010357859,0.4,0.0,0.13264252,0.0151474895,0.21854235,0.006377327,0.4,2.4377006E-4,0.116918966,0.011940176
375316653866487564,6892840868429105536,0.48659614,2384.103835327755,1.541306582459963,4.419697E-5,18.865532,0.0073806173,0.28818923,0.006542497,0.04992075,0.006594352,0.27199486,0.12961322,0.7642878,0.00658055,0.05012398,0.012032324,0.22599004,0.012397794,null,null,null,null,"TWOGAUSSIANS",8,4.913334,0.28818923,0.006542497,0.2795562,0.03692837,0.2719943,0.12961361,0.7642878,0.00658055,0.28069428,0.06738102,0.22598949,0.012399349
375316653866487564,6892843587144191232,0.6799926,2373.2758901892526,2.9419734721505697,4.400389E-6,16.284025,0.0076563456,0.22417752,0.0015920425,0.05422453,0.002259876,0.39035663,0.01858514,0.7273613,0.0020483206,0.052001838,0.0022141694,0.35671878,0.01835173,0.09299606,0.009504173,0.22417752,0.0015920425,"TWOGAUSSIANS_WITH_ELLIPSOIDAL_ON_ECLIPSE1",9,8.798334,0.22417752,0.0015920425,0.30365738,0.012655307,0.57633626,0.009733006,0.7273613,0.0020483206,0.2912103,0.012399349,0.542624,0.0072467974
