Gaia/vari_eclipsing_binary/VariEclipsingBinary_726250-727564.csv
# %ECSV 1.0
# ---
# delimiter: ','
# meta: !!omap
# - RELEASE: Gaia DR3
# - TABLE: vari_eclipsing_binary
# - DESCRIPTION: >
#     This table describes the properties of the eclipsing binaries resulting from the variability analysis. 
# - CITATION: >
#     How to cite and acknowledge Gaia: 
#     https://gea.esac.esa.int/archive/documentation/credits.html 
# - KNOWN_ISSUES: >
#     Known issues: 
#     https://www.cosmos.esa.int/web/gaia-users/known-issues 
# - DOCUMENTATION: >
#     Tutorials and documentation: 
#     https://www.cosmos.esa.int/web/gaia-users/archive 
# datatype:
# - 
#   name: solution_id
#   datatype: int64
#   description: Solution Identifier
#   meta:
#     ucd: meta.version
# - 
#   name: source_id
#   datatype: int64
#   description: Unique source identifier
#   meta:
#     ucd: meta.id;meta.main
# - 
#   name: global_ranking
#   datatype: float32
#   description: Number between 0 (worst) and 1 (best)
#   meta:
#     ucd: stat.param
# - 
#   name: reference_time
#   datatype: float64
#   unit: d
#   description: Reference time used for the geometric model fit
#   meta:
#     ucd: time.epoch
# - 
#   name: frequency
#   datatype: float64
#   unit: d**-1
#   description: Frequency of geometric model of the eclipsing binary light curve
#   meta:
#     ucd: src.orbital
# - 
#   name: frequency_error
#   datatype: float32
#   unit: d**-1
#   description: "Uncertainty of \\texttt{frequency}"
#   meta:
#     ucd: stat.error
# - 
#   name: geom_model_reference_level
#   datatype: float32
#   unit: mag
#   description: Magnitude reference level of geometric model
#   meta:
#     ucd: phot.mag;em.opt
# - 
#   name: geom_model_reference_level_error
#   datatype: float32
#   unit: mag
#   description: "Uncertainty of \\texttt{geomModelReferenceLevel}"
#   meta:
#     ucd: stat.error;phot.mag;em.opt
# - 
#   name: geom_model_gaussian1_phase
#   datatype: float32
#   description: Phase of the Gaussian 1 component
#   meta:
#     ucd: time.phase
# - 
#   name: geom_model_gaussian1_phase_error
#   datatype: float32
#   description: "Uncertainty of \\texttt{geomModelGaussian1Phase}"
#   meta:
#     ucd: stat.error;time.phase
# - 
#   name: geom_model_gaussian1_sigma
#   datatype: float32
#   description: "Standard deviation [phase] of Gaussian 1 component"
#   meta:
#     ucd: stat.stdev
# - 
#   name: geom_model_gaussian1_sigma_error
#   datatype: float32
#   description: "Uncertainty of \\texttt{geomModelGaussian1Sigma}"
#   meta:
#     ucd: stat.error
# - 
#   name: geom_model_gaussian1_depth
#   datatype: float32
#   unit: mag
#   description: Magnitude depth of Gaussian 1 component
#   meta:
#     ucd: src.var.amplitude
# - 
#   name: geom_model_gaussian1_depth_error
#   datatype: float32
#   unit: mag
#   description: "Uncertainty of \\texttt{geomModelGaussian1Depth}"
#   meta:
#     ucd: stat.error;src.var.amplitude
# - 
#   name: geom_model_gaussian2_phase
#   datatype: float32
#   description: Phase of Gaussian 2 component
#   meta:
#     ucd: time.phase
# - 
#   name: geom_model_gaussian2_phase_error
#   datatype: float32
#   description: "Uncertainty of \\texttt{geomModelGaussian2Phase}"
#   meta:
#     ucd: stat.error;time.phase
# - 
#   name: geom_model_gaussian2_sigma
#   datatype: float32
[...]
#   datatype: float32
#   description: "Secondary eclipse: uncertainty of \\texttt{derivedSecondaryEclDuration}"
#   meta:
#     ucd: stat.error;time.duration
# - 
#   name: derived_secondary_ecl_depth
#   datatype: float32
#   unit: mag
#   description: "Secondary eclipse: depth"
#   meta:
#     ucd: src.var.amplitude
# - 
#   name: derived_secondary_ecl_depth_error
#   datatype: float32
#   unit: mag
#   description: "Secondary eclipse: uncertainty of \\texttt{derivedSecondaryEclDepth}"
#   meta:
#     ucd: stat.error;src.var.amplitude
solution_id,source_id,global_ranking,reference_time,frequency,frequency_error,geom_model_reference_level,geom_model_reference_level_error,geom_model_gaussian1_phase,geom_model_gaussian1_phase_error,geom_model_gaussian1_sigma,geom_model_gaussian1_sigma_error,geom_model_gaussian1_depth,geom_model_gaussian1_depth_error,geom_model_gaussian2_phase,geom_model_gaussian2_phase_error,geom_model_gaussian2_sigma,geom_model_gaussian2_sigma_error,geom_model_gaussian2_depth,geom_model_gaussian2_depth_error,geom_model_cosine_half_period_amplitude,geom_model_cosine_half_period_amplitude_error,geom_model_cosine_half_period_phase,geom_model_cosine_half_period_phase_error,model_type,num_model_parameters,reduced_chi2,derived_primary_ecl_phase,derived_primary_ecl_phase_error,derived_primary_ecl_duration,derived_primary_ecl_duration_error,derived_primary_ecl_depth,derived_primary_ecl_depth_error,derived_secondary_ecl_phase,derived_secondary_ecl_phase_error,derived_secondary_ecl_duration,derived_secondary_ecl_duration_error,derived_secondary_ecl_depth,derived_secondary_ecl_depth_error
[from data line 214]
375316653866487564,6396541871071666048,0.49740064,2183.9669828159267,1.6427428584030237,1.5242401E-5,18.93863,0.0036739716,0.17444663,0.0029529226,0.027696934,0.008532556,0.1500239,0.036789183,0.6657699,0.0025850348,0.039413996,0.0030065603,0.28937668,0.021661256,null,null,null,null,"TWOGAUSSIANS",8,3.10099,0.6657699,0.0025850348,0.22071838,0.016836738,0.28937668,0.021661256,0.17444663,0.0029529226,0.15510283,0.047782313,0.1500239,0.036789183
375316653866487564,6396553450304223104,0.49520534,2170.951287235467,4.776909191761958,1.6375094E-5,19.49341,0.01563952,0.2632857,0.006263595,0.067255,0.008542291,0.333351,0.018459214,0.77204716,0.006069582,0.07159759,0.012534703,0.23675258,0.031974893,null,null,null,null,"TWOGAUSSIANS",8,2.6736562,0.2632857,0.006263595,0.37662798,0.04783683,0.33267304,0.018283425,0.77204716,0.006069582,0.4,0.034593135,0.23607464,0.03268364
375316653866487564,6396569595083531648,0.51489484,2249.0245681093356,0.5319251736218044,4.6898112E-5,18.42894,0.0028678807,0.56152934,0.0055941227,0.016392251,0.0033864598,0.3480655,0.11094948,0.8459864,0.008785892,0.02229765,0.010233433,0.01853423,0.0039553884,null,null,null,null,"TWOGAUSSIANS",8,2.8172596,0.56152934,0.0055941227,0.09179661,0.018964175,0.3480655,0.11094948,0.8459864,0.008785892,0.12486685,0.057307225,0.01853423,0.0039553884
375316653866487564,6396584816447674496,0.52754575,2233.7033316471957,3.7070993619487784,9.37337E-6,18.750591,0.014670669,0.21185958,0.024089402,0.023957204,0.034586962,0.11937061,0.03748032,0.6716585,0.0025477484,0.0403405,0.0127249975,0.09603681,0.036775026,0.093072906,0.021872753,0.6716585,0.0025477484,"TWOGAUSSIANS_WITH_ELLIPSOIDAL_ON_ECLIPSE2",9,2.4160023,0.20927958,0.027148206,0.13416034,0.19368699,0.2946171,0.062009465,0.6716585,0.0025477484,0.22590682,0.07125999,0.28218222,0.014777096
375316653866487564,6396613133167555840,0.5013298,2219.752947536361,1.6060010554720643,2.451553E-4,17.747765,0.019862972,0.23975478,0.010175726,0.063934505,0.011268707,0.32805297,0.09502067,0.7195032,0.016935362,0.15264298,0.044430666,0.087137915,0.017237494,null,null,null,null,"TWOGAUSSIANS",8,2.0205584,0.23984478,0.010192549,0.35803324,0.063104756,0.31683758,0.09848616,0.7195032,0.016935362,0.4,0.0,0.07503652,0.009653691
375316653866487564,6396617939235469312,0.52830654,2227.552835936866,3.6097229190244433,1.1729219E-5,17.785252,0.05326176,0.25870606,0.004015327,0.11419378,0.018659059,0.28992933,0.04699207,0.7435288,0.004137809,0.10782116,0.022057017,0.26724792,0.04389887,null,null,null,null,"TWOGAUSSIANS",8,7.519405,0.25871608,0.004005065,0.4,0.0,0.25221062,0.015039081,0.7435288,0.004137809,0.4,0.0,0.22956176,0.012175652
375316653866487564,6396701850012935552,0.5987001,2199.339104684259,4.384284444329599,6.4543365E-6,17.013063,0.0076197423,0.2139628,0.0016619863,0.072074,0.0020315265,0.52343917,0.012430625,0.70670795,0.0042812023,0.071241595,0.0036759172,0.527331,0.028267605,null,null,null,null,"TWOGAUSSIANS",8,19.71225,0.70670795,0.0042812023,0.3989529,0.012918754,0.5253303,0.028440995,0.2139628,0.0016619863,0.4,0.0010369815,0.52143854,0.012282255
375316653866487564,6396831966046029568,0.4604886,2227.515037215148,0.07986494034869174,1.6689013E-5,18.729544,0.004196108,0.30402046,0.011642833,0.03513135,0.029134177,0.10386713,0.019387232,0.7531069,0.007785949,0.038373943,0.005256826,0.11777052,0.011848346,null,null,null,null,"TWOGAUSSIANS",8,3.0159316,0.7531069,0.007785949,0.21489407,0.029438226,0.11777052,0.011848317,0.30402046,0.011642833,0.19673556,0.16315138,0.10386713,0.019387348
375316653866487564,6396833580953753600,0.53477365,2217.056149638726,1.0220048560936756,4.5262987E-6,18.449781,0.048702493,0.5351262,0.05478516,0.17461812,0.15772472,0.06244653,0.044154648,0.82546777,6.267338E-4,0.013222033,7.834269E-4,0.51989925,0.024290683,null,null,null,null,"TWOGAUSSIANS",8,6.435339,0.82546777,6.267338E-4,0.074043386,0.0043871906,0.5335183,0.025909545,0.5351262,0.05478516,0.4,0.0,0.0603757,0.0126941325
375316653866487564,6396836746345632000,0.55887574,2214.8755270749593,3.512433918078973,6.5621907E-6,17.869421,0.006932309,0.25528327,0.0040460713,0.08026602,0.00556908,0.27938476,0.008273079,0.7519889,0.003559251,0.07961869,0.0043530012,0.31655705,0.009384491,null,null,null,null,"TWOGAUSSIANS",8,4.83681,0.7519889,0.003559251,0.4,0.0,0.31236434,0.0088971825,0.25528327,0.0040460713,0.4,0.0,0.27519205,0.008144466
375316653866487564,6396868868405362944,0.5836478,2200.3678996515036,2.683216282846027,6.0546745E-6,15.413557,0.027295062,0.21657531,0.0012432334,0.06513113,0.013495117,0.16018282,0.048375573,0.7009533,0.0078112916,0.06882591,0.013352135,0.16233921,0.05547646,0.10088444,0.02795436,0.21657531,0.0012432334,"TWOGAUSSIANS_WITH_ELLIPSOIDAL_ON_ECLIPSE1",9,63.965893,0.7059133,0.005102001,0.38542506,0.069852926,0.3625855,0.019780876,0.21657531,0.0012432334,0.36473432,0.075572655,0.36175427,0.014078988
375316653866487564,6396929582062204800,0.52988106,2205.5969201725575,2.569503794803061,9.4294855E-6,14.8344555,0.0018701819,0.25575745,0.0026048648,0.027543606,0.007099168,0.03929883,0.0080433665,0.77651644,0.038762372,0.0329755,0.046414904,0.022785341,3.38070895E17,0.068025105,0.005393435,0.25575745,0.0026048648,"TWOGAUSSIANS_WITH_ELLIPSOIDAL_ON_ECLIPSE1",9,70.49375,0.25575745,0.0026048648,0.1542442,0.03975534,0.17534871,0.0072821314,0.77651644,0.038762372,0.18466279,0.2599235,0.15653373,3.38070895E17
375316653866487564,6397028370606593024,0.6226067,2209.592800088989,4.25202875116798,4.8174866E-6,16.706793,0.0047980044,0.2606665,0.0017064326,0.0392646,0.0029997102,0.23032582,0.010936781,0.75869733,0.0031102856,0.04660674,0.004131405,0.1800315,0.009781153,0.11491231,0.006585466,0.2606665,0.0017064326,"TWOGAUSSIANS_WITH_ELLIPSOIDAL_ON_ECLIPSE1",9,10.78475,0.2606665,0.0017064326,0.21988176,0.016798377,0.4601501,0.0043892777,0.7590473,0.0024647336,0.26099774,0.023135869,0.4098269,0.006541991
375316653866487564,6397066063239573248,0.61817074,2220.085132980509,3.8207967542170143,5.70346E-6,17.826174,0.012888582,0.2533752,0.0015135644,0.038799312,0.00298626,0.33773935,0.029312529,0.748736,0.0044262954,0.04799418,0.0053618923,0.3878798,0.0414573,0.1321514,0.01641679,0.2533752,0.0015135644,"TWOGAUSSIANS_WITH_ELLIPSOIDAL_ON_ECLIPSE1",9,9.020262,0.74924606,0.003957606,0.26876742,0.030026598,0.65198183,0.028362822,0.2533752,0.0015135644,0.21727614,0.016723055,0.6020411,0.01368747
375316653866487564,6397082933870985600,0.5267358,2187.8608546634155,2.9135805789067226,1.2011661E-5,16.77771,0.044367008,0.23353614,0.0044006063,0.12902053,0.019802349,0.21568768,0.042747475,0.73372966,0.0029509256,0.1140837,0.013982931,0.22894946,0.042935014,null,null,null,null,"TWOGAUSSIANS",8,8.681749,0.73372966,0.0029585352,0.4,0.0,0.17592889,0.005410259,0.23353614,0.0044140834,0.4,0.0,0.16246158,0.0052351956
375316653866487564,6397100010661067648,0.64890856,2227.3026865260917,0.4275349785540567,1.1762679E-4,15.353559,4.1123223E-4,0.23636076,0.02970933,0.024424745,0.012530133,0.26771867,0.2171033,0.5311869,0.0059124096,0.012152898,0.004808386,0.13531797,0.74792624,0.0013124694,6.463492E-4,0.23636076,0.02970933,"TWOGAUSSIANS_WITH_ELLIPSOIDAL_ON_ECLIPSE1",9,2.3272855,0.23636076,0.02970933,0.13677856,0.07016875,0.2703436,0.21768208,0.5311969,0.00590895,0.06805623,0.02692696,0.13552077,0.7479061
375316653866487564,6397115880564155136,0.44893655,2198.5728671138963,0.03156768563284558,3.7741025E-5,19.31777,0.009178003,0.2616919,0.015775306,0.11926516,0.011723704,0.24811861,0.034978084,0.55709344,0.0034132197,0.022281557,0.0026572403,0.16625075,0.04524335,null,null,null,null,"TWOGAUSSIANS",8,6.3780355,0.2616919,0.015775306,0.4,0.0,0.2480429,0.03501319,0.55709344,0.0034132197,0.12477672,0.0148805445,0.17772314,0.04416875
375316653866487564,6397134026801956352,0.634514,2191.377647157196,1.9433987532039805,1.4700083E-6,13.724939,0.0034343959,0.26940176,2.7472552E-4,0.048162322,9.5385197E-4,0.285911,0.008068867,0.77555394,0.006321698,0.040865913,0.0066608964,0.039853357,0.011442614,0.022081597,0.004919142,0.26940176,2.7472552E-4,"TWOGAUSSIANS_WITH_ELLIPSOIDAL_ON_ECLIPSE1",9,37.80663,0.26940176,2.7472552E-4,0.269709,0.005341571,0.33007377,0.0033390797,0.77555394,0.006321698,0.22884911,0.037301023,0.08395017,0.008053876
375316653866487564,6397160793038260096,0.45771867,2210.8142188331176,1.7208667407586962,1.8162273E-5,15.290773,0.007087043,0.21099281,0.007858518,0.024177462,0.0062600495,0.043885093,0.020707425,0.7131745,0.0062455987,0.05435025,0.019098222,0.14773586,0.048600882,0.0072131734,0.009244119,0.21099281,0.007858518,"TWOGAUSSIANS_WITH_ELLIPSOIDAL_ON_ECLIPSE1",9,101.56687,0.7131745,0.006133072,0.3043614,0.10468824,0.16215636,0.051877372,0.21099281,0.007858518,0.13539378,0.035056278,0.058308292,0.012405162
375316653866487564,6397227897607163136,0.5361164,2227.9633203125613,1.0154675199606575,6.751401E-5,13.747936,0.0065125814,0.3062948,0.012905592,0.012830266,0.011426752,0.799007,93.62892,null,null,null,null,null,null,0.017170899,0.009565417,0.3062948,0.012905592,"ONEGAUSSIAN_WITH_ELLIPSOIDAL",6,1408.7651,0.3062948,0.012905592,0.07184949,0.06398982,0.83334875,93.6303,null,null,null,null,null,null
375316653866487564,6397239133241719680,0.5207483,2219.273395212675,3.707905155211174,1.0445979E-5,14.865195,0.0185976,0.21674004,0.0037480188,0.046646766,0.012013855,0.16259062,0.039647892,0.71099174,0.0064855013,0.06897623,0.011611592,0.15317689,0.03972798,0.0662269,0.023774497,0.21674004,0.0037480188,"TWOGAUSSIANS_WITH_ELLIPSOIDAL_ON_ECLIPSE1",9,240.00903,0.21674004,0.0037480188,0.2612219,0.067277595,0.2948881,0.0146654975,0.71240175,0.004528722,0.3862669,0.05897125,0.28534397,0.013671904
375316653866487564,6397261948107943680,0.645395,2211.6389919990725,3.8842449820939424,2.7194342E-6,17.239948,0.006236582,0.23819232,0.0013197871,0.049419936,0.002660689,0.19369878,0.014589494,0.72755075,0.005292196,0.043954384,0.005331645,0.16969743,0.015866986,0.11433767,0.008538354,0.23819232,0.0013197871,"TWOGAUSSIANS_WITH_ELLIPSOIDAL_ON_ECLIPSE1",9,4.2819514,0.23819232,0.0013197871,0.27675164,0.014899858,0.4223732,0.0037358555,0.72936076,0.0047370177,0.24614455,0.02985721,0.39752463,0.009239138
375316653866487564,6397359147512081280,0.53988194,2239.3243530876675,1.860101851776094,1.2314227E-5,19.714323,0.00869922,0.28449672,0.008695253,0.048018117,0.012063276,0.15421256,0.029185172,0.8348607,0.002912437,0.020848192,0.0022296302,1.3334386,0.30490437,null,null,null,null,"TWOGAUSSIANS",8,1.8469537,0.8348607,0.002912437,0.116749875,0.01248593,1.3334386,0.30490437,0.28449672,0.008695253,0.26890147,0.06755435,0.15421256,0.029185172
375316653866487564,6397375163445829504,0.5502567,2218.2887325484185,2.9584745238151715,3.2627208E-6,14.353532,0.020748546,0.27905887,0.0017841712,0.041203167,0.004349104,0.6298204,0.13881198,0.77356994,0.045325525,0.03837837,0.022412525,0.62145954,0.33692786,0.055386648,0.026903188,0.27905887,0.0017841712,"TWOGAUSSIANS_WITH_ELLIPSOIDAL_ON_ECLIPSE1",9,638.7147,0.27905887,0.0017841712,0.23073773,0.024354983,0.74059373,0.13680057,0.77368,0.044785183,0.21491885,0.12551014,0.7321038,0.33070174
375316653866487564,6397384749812877696,0.6560859,2191.473295434179,1.4232479054547877,3.9463016E-6,17.353275,0.0025016225,0.2740118,7.7532115E-4,0.032262307,0.0018412474,0.31434813,0.01692437,0.7755092,3.1858683E-4,0.02921965,9.308237E-4,0.7608311,0.023110878,0.03871979,0.003564362,0.2740118,7.7532115E-4,"TWOGAUSSIANS_WITH_ELLIPSOIDAL_ON_ECLIPSE1",9,3.5551796,0.7755092,3.1858683E-4,0.16363004,0.0052126125,0.83826387,0.024094658,0.2740118,7.7532115E-4,0.18066892,0.010310986,0.3917877,0.018682756
375316653866487564,6397457936054612096,0.5273302,2214.6352906002344,3.6192146300320913,9.544487E-6,14.684397,0.017905496,0.24425836,0.004600187,0.045601226,0.011393156,0.2026203,0.041607775,0.75432813,0.0037890256,0.05280214,0.007350719,0.20040382,0.04335986,0.10440451,0.027536644,0.24425836,0.004600187,"TWOGAUSSIANS_WITH_ELLIPSOIDAL_ON_ECLIPSE1",9,226.69061,0.24425836,0.004600187,0.25536686,0.063801676,0.4114277,0.020501176,0.75432813,0.0037890256,0.295692,0.041164026,0.40837646,0.015314914
375316653866487564,6397571559414217600,0.4935347,2201.1055045785065,1.758120921564985,5.679233E-6,18.627468,0.004458408,0.2580989,0.0050210734,0.022945894,0.0043596723,0.10483495,0.021053249,0.7597691,0.001154022,0.022145014,7.083762E-4,0.59645754,0.032672957,null,null,null,null,"TWOGAUSSIANS",8,7.0964794,0.7597691,0.001154022,0.12401208,0.0039669066,0.59645754,0.032672957,0.2580989,0.0050210734,0.128497,0.024414165,0.10483495,0.021053249
375316653866487564,6397649349862593024,0.48334002,2233.2999855839553,0.4328970397608418,1.426254E-5,18.084484,0.004527481,0.7007,3.631202E-4,0.00919758,1.7662188E-4,0.9150132,0.026088735,null,null,null,null,null,null,null,null,null,null,"ONEGAUSSIAN",5,20.680174,0.7007,3.631202E-4,0.051506445,9.890825E-4,0.9150132,0.0,null,null,null,null,null,null
375316653866487564,6397655637694417920,0.45123896,2258.8075883279002,1.3796550204297147,3.390299E-5,18.827179,0.008548183,0.32924893,0.004128694,0.060958732,0.0048751356,0.18875848,0.015759762,0.84770215,0.024492465,0.10172255,0.047698118,0.03385716,0.014210243,null,null,null,null,"TWOGAUSSIANS",8,2.3232148,0.32924893,0.0041281073,0.34136888,0.02730076,0.1880259,0.015183622,0.84770215,0.024492465,0.4,0.044021834,0.03312405,0.014179057
375316653866487564,6397664090190413056,0.61498755,2221.4557519332275,3.9170121453110864,3.5088265E-6,18.22048,0.010541924,0.22986269,0.0010746141,0.049707104,0.003895504,0.44075754,0.044395346,0.7278597,0.0017064878,0.05096042,0.0025831326,0.51795894,0.026127612,0.10530925,0.014083631,0.22986269,0.0010746141,"TWOGAUSSIANS_WITH_ELLIPSOIDAL_ON_ECLIPSE1",9,3.5799868,0.72800964,0.001538214,0.28537837,0.0144655425,0.72854257,0.020943219,0.22986269,0.0010746141,0.27835977,0.021814823,0.65137196,0.051478185
375316653866487564,6397695602365698304,0.4705386,2209.256226385762,2.248663752431075,1.3108549E-5,16.438744,0.002153555,0.3984775,0.005673091,0.04123609,0.0039355694,0.1016813,0.012133021,0.8044177,0.0054576704,0.005491579,0.005559009,0.027231958,0.009718819,null,null,null,null,"TWOGAUSSIANS",8,10.241162,0.3984775,0.005673091,0.23092212,0.022039188,0.1016813,0.012133021,0.8044177,0.0054576704,0.030752841,0.031130452,0.027231958,0.009718819
375316653866487564,6397707589618241920,0.5483677,2224.5746394281496,3.1616333091359614,7.4775107E-6,17.158255,0.009963413,0.29368564,0.0027731173,0.082402,0.0053875814,0.37865275,0.018656237,0.8083117,0.003617474,0.07546829,0.005355644,0.2835496,0.010672735,null,null,null,null,"TWOGAUSSIANS",8,19.951447,0.29368564,0.0027731173,0.4,0.0,0.37540814,0.019077415,0.8083117,0.003617474,0.4,0.0,0.28030503,0.009726609
375316653866487564,6397731469636528768,0.5817609,2243.719480876524,0.8858496135876612,7.2383186E-6,18.216232,0.0069538695,0.23882881,0.0061921775,0.054521818,0.010013442,0.25042716,0.017197974,0.7466985,0.006813137,0.033860903,0.0049807094,0.40821332,0.020010296,0.040969137,0.00834201,0.23882881,0.0061921775,"TWOGAUSSIANS_WITH_ELLIPSOIDAL_ON_ECLIPSE1",9,4.9779997,0.7466985,0.006813137,0.18962106,0.027891971,0.48994443,0.014986221,0.23882881,0.0061921775,0.30532217,0.056075275,0.33235845,0.010530149
375316653866487564,6397837164487831552,0.49810186,2223.0208739681507,1.2115372887338727,1.3773694E-5,15.248483,0.002875769,0.18798345,7.5703254E-4,0.022262504,0.0010069391,0.319844,0.007812828,0.43695062,0.022467326,0.022830496,0.02131595,0.052614078,34.895924,0.013035734,0.004153544,0.18798345,7.5703254E-4,"TWOGAUSSIANS_WITH_ELLIPSOIDAL_ON_ECLIPSE1",9,211.85358,0.18798345,7.5703254E-4,0.12467002,0.0056388592,0.34591547,0.0085301325,0.43695062,0.02247956,0.12785077,0.11936933,0.052615173,34.89592
