Gaia/vari_eclipsing_binary/VariEclipsingBinary_636290-636389.csv
# %ECSV 1.0
# ---
# delimiter: ','
# meta: !!omap
# - RELEASE: Gaia DR3
# - TABLE: vari_eclipsing_binary
# - DESCRIPTION: >
#     This table describes the properties of the eclipsing binaries resulting from the variability analysis. 
# - CITATION: >
#     How to cite and acknowledge Gaia: 
#     https://gea.esac.esa.int/archive/documentation/credits.html 
# - KNOWN_ISSUES: >
#     Known issues: 
#     https://www.cosmos.esa.int/web/gaia-users/known-issues 
# - DOCUMENTATION: >
#     Tutorials and documentation: 
#     https://www.cosmos.esa.int/web/gaia-users/archive 
# datatype:
# - 
#   name: solution_id
#   datatype: int64
#   description: Solution Identifier
#   meta:
#     ucd: meta.version
# - 
#   name: source_id
#   datatype: int64
#   description: Unique source identifier
#   meta:
#     ucd: meta.id;meta.main
# - 
#   name: global_ranking
#   datatype: float32
#   description: Number between 0 (worst) and 1 (best)
#   meta:
#     ucd: stat.param
# - 
#   name: reference_time
#   datatype: float64
#   unit: d
#   description: Reference time used for the geometric model fit
#   meta:
#     ucd: time.epoch
# - 
#   name: frequency
#   datatype: float64
#   unit: d**-1
#   description: Frequency of geometric model of the eclipsing binary light curve
#   meta:
#     ucd: src.orbital
# - 
#   name: frequency_error
#   datatype: float32
#   unit: d**-1
#   description: "Uncertainty of \\texttt{frequency}"
#   meta:
#     ucd: stat.error
# - 
#   name: geom_model_reference_level
#   datatype: float32
#   unit: mag
#   description: Magnitude reference level of geometric model
#   meta:
#     ucd: phot.mag;em.opt
# - 
#   name: geom_model_reference_level_error
#   datatype: float32
#   unit: mag
#   description: "Uncertainty of \\texttt{geomModelReferenceLevel}"
#   meta:
#     ucd: stat.error;phot.mag;em.opt
# - 
#   name: geom_model_gaussian1_phase
#   datatype: float32
#   description: Phase of the Gaussian 1 component
#   meta:
#     ucd: time.phase
# - 
#   name: geom_model_gaussian1_phase_error
#   datatype: float32
#   description: "Uncertainty of \\texttt{geomModelGaussian1Phase}"
#   meta:
#     ucd: stat.error;time.phase
# - 
#   name: geom_model_gaussian1_sigma
#   datatype: float32
#   description: "Standard deviation [phase] of Gaussian 1 component"
#   meta:
#     ucd: stat.stdev
# - 
#   name: geom_model_gaussian1_sigma_error
#   datatype: float32
#   description: "Uncertainty of \\texttt{geomModelGaussian1Sigma}"
#   meta:
#     ucd: stat.error
# - 
#   name: geom_model_gaussian1_depth
#   datatype: float32
#   unit: mag
#   description: Magnitude depth of Gaussian 1 component
#   meta:
#     ucd: src.var.amplitude
# - 
#   name: geom_model_gaussian1_depth_error
#   datatype: float32
#   unit: mag
#   description: "Uncertainty of \\texttt{geomModelGaussian1Depth}"
#   meta:
#     ucd: stat.error;src.var.amplitude
# - 
#   name: geom_model_gaussian2_phase
#   datatype: float32
#   description: Phase of Gaussian 2 component
#   meta:
#     ucd: time.phase
# - 
#   name: geom_model_gaussian2_phase_error
#   datatype: float32
#   description: "Uncertainty of \\texttt{geomModelGaussian2Phase}"
#   meta:
#     ucd: stat.error;time.phase
# - 
#   name: geom_model_gaussian2_sigma
#   datatype: float32
[...]
#   datatype: float32
#   description: "Secondary eclipse: uncertainty of \\texttt{derivedSecondaryEclDuration}"
#   meta:
#     ucd: stat.error;time.duration
# - 
#   name: derived_secondary_ecl_depth
#   datatype: float32
#   unit: mag
#   description: "Secondary eclipse: depth"
#   meta:
#     ucd: src.var.amplitude
# - 
#   name: derived_secondary_ecl_depth_error
#   datatype: float32
#   unit: mag
#   description: "Secondary eclipse: uncertainty of \\texttt{derivedSecondaryEclDepth}"
#   meta:
#     ucd: stat.error;src.var.amplitude
solution_id,source_id,global_ranking,reference_time,frequency,frequency_error,geom_model_reference_level,geom_model_reference_level_error,geom_model_gaussian1_phase,geom_model_gaussian1_phase_error,geom_model_gaussian1_sigma,geom_model_gaussian1_sigma_error,geom_model_gaussian1_depth,geom_model_gaussian1_depth_error,geom_model_gaussian2_phase,geom_model_gaussian2_phase_error,geom_model_gaussian2_sigma,geom_model_gaussian2_sigma_error,geom_model_gaussian2_depth,geom_model_gaussian2_depth_error,geom_model_cosine_half_period_amplitude,geom_model_cosine_half_period_amplitude_error,geom_model_cosine_half_period_phase,geom_model_cosine_half_period_phase_error,model_type,num_model_parameters,reduced_chi2,derived_primary_ecl_phase,derived_primary_ecl_phase_error,derived_primary_ecl_duration,derived_primary_ecl_duration_error,derived_primary_ecl_depth,derived_primary_ecl_depth_error,derived_secondary_ecl_phase,derived_secondary_ecl_phase_error,derived_secondary_ecl_duration,derived_secondary_ecl_duration_error,derived_secondary_ecl_depth,derived_secondary_ecl_depth_error
[from data line 865]
375316653866487564,5597733651165195008,0.5810437,2237.8411965779674,0.4559780508688166,8.47038E-6,16.257004,0.0010122592,0.2365538,0.03607514,0.024242193,0.024928961,0.1289756,0.11711151,0.70937926,0.0020026616,0.01828152,0.0015129312,0.24085003,0.014688412,null,null,null,null,"TWOGAUSSIANS",8,3.5043151,0.70937926,0.0020026616,0.102376506,0.008472415,0.24085003,0.014688412,0.2365538,0.03607514,0.13575628,0.13960218,0.1289756,0.11711151
375316653866487564,5597735059914384512,0.50869375,2213.6485367514033,2.3220341026233045,1.595213E-5,17.34222,0.009072078,0.18783227,0.007170359,0.10096011,0.015968949,0.09741005,0.010527099,0.6965697,0.0051633916,0.100779384,0.011212882,0.1003758,0.0085764285,null,null,null,null,"TWOGAUSSIANS",8,3.7081695,0.6965697,0.0051637553,0.4,0.0,0.09214975,0.0038365817,0.18783227,0.007170359,0.4,0.0,0.089183986,0.012170471
375316653866487564,5597735266072800256,0.66166645,2209.111746541935,0.14632684535629176,1.1249155E-6,16.009281,3.9458816E-4,0.3863186,1.410042E-7,0.004331693,6.0293623E-6,0.39721838,1.254837E-4,0.8872598,7.117063E-5,0.0061158584,1.3529597E-4,0.07151757,4.929412E-4,null,null,null,null,"TWOGAUSSIANS",8,1.3198568,0.3863186,1.410042E-7,0.02425748,3.376443E-5,0.39721838,1.254837E-4,0.8872598,7.117063E-5,0.034248807,7.5765746E-4,0.07151757,4.929412E-4
375316653866487564,5597735506590963200,0.5622561,2216.3054322833605,0.41500073539319177,6.417258E-5,18.677973,0.002087587,0.21467431,0.009415685,0.007053543,0.0016667654,4.7345576,21.021307,null,null,null,null,null,null,null,null,null,null,"ONEGAUSSIAN",5,1.6043595,0.21467431,0.009415685,0.03949984,0.009333886,4.7345576,0.0,null,null,null,null,null,null
375316653866487564,5597737666943686016,0.4722593,2227.968282182768,0.96414915570836,1.289673E-5,18.612585,0.005451076,0.1758418,0.003655397,0.018100232,0.0042595556,0.24915956,0.13987243,0.6743394,0.002667442,0.016471343,0.0038900783,0.48190296,0.6514819,null,null,null,null,"TWOGAUSSIANS",8,6.250433,0.6743394,0.002667442,0.09223952,0.021784438,0.48190296,0.6514819,0.1758418,0.003655397,0.1013613,0.02385351,0.24915956,0.13987243
375316653866487564,5597737701312367104,0.51232296,2192.3413514989925,2.5424169100264273,4.1828687E-5,18.582775,0.004524295,0.08049917,0.03220548,0.015046425,0.016799508,0.5323296,0.2576466,0.4376339,0.03839447,0.011205099,0.02003699,0.42714286,1.6852,null,null,null,null,"TWOGAUSSIANS",8,4.692543,0.08049917,0.03220548,0.08425998,0.09407724,0.5323296,0.2576466,0.4376339,0.03839447,0.06274855,0.11220714,0.42714286,1.6852
375316653866487564,5597739457961076480,0.58196265,2226.952082988173,1.8880196113521346,5.414323E-6,17.34688,0.010743605,0.20627722,0.0035862532,0.04785345,0.009277369,0.11875811,0.025406962,0.70278454,0.0013110497,0.05033688,0.002724515,0.3979274,0.023611896,0.04742198,0.01397651,0.20627722,0.0035862532,"TWOGAUSSIANS_WITH_ELLIPSOIDAL_ON_ECLIPSE1",9,7.4122014,0.7029445,0.0012161337,0.28188652,0.015257284,0.49272597,0.012227177,0.20627722,0.0035862532,0.26797932,0.051953267,0.21360028,0.016599232
375316653866487564,5597739664119193856,0.566033,2219.9184990303906,3.14811788568383,7.049519E-6,16.221815,0.012639046,0.28481284,0.0018575321,0.034007214,0.004882506,0.54640883,0.057770815,0.78335464,0.0030633374,0.042311613,0.0062612747,0.78435695,0.106202245,0.1376048,0.018530484,0.28481284,0.0018575321,"TWOGAUSSIANS_WITH_ELLIPSOIDAL_ON_ECLIPSE1",9,167.75832,0.7834246,0.0029263354,0.23694503,0.03506314,1.059544,0.12403792,0.28481284,0.0018575321,0.1904404,0.027342033,0.82161784,0.073135
375316653866487564,5597739904637359616,0.5319022,2214.227954850418,1.1269862768323498,1.2881223E-5,16.988382,0.0020404784,0.6608236,0.028999135,0.013822507,0.013076748,0.07880589,5.4519224,0.79001915,0.0017285333,0.045903534,0.0032228865,0.06783643,0.005406811,0.022885783,0.002989709,0.79001915,0.0017285333,"TWOGAUSSIANS_WITH_ELLIPSOIDAL_ON_ECLIPSE2",9,2.7920878,0.79001915,0.0017285333,0.25705978,0.018048164,0.11360797,0.0034022778,0.6617236,0.028072206,0.07740604,0.07322979,0.10194259,5.464962
375316653866487564,5597740901069769472,0.6293831,2245.309879728901,3.051487215527141,4.2127217E-6,17.57237,0.01483915,0.18294805,0.0012561372,0.049484722,0.004269559,0.3029952,0.036005378,0.6787577,0.0025464273,0.052323565,0.0055940677,0.34154943,0.027034894,0.109827854,0.0199405,0.18294805,0.0012561372,"TWOGAUSSIANS_WITH_ELLIPSOIDAL_ON_ECLIPSE1",9,5.083623,0.6792677,0.0021612246,0.29301196,0.03132678,0.56106806,0.02011994,0.18294805,0.0012561372,0.27711445,0.02390953,0.5226475,0.014173349
375316653866487564,5597741347746448384,0.43714708,2207.219522542651,0.9306602771997343,1.2812973E-5,13.245237,0.0022462138,0.14713567,0.0044325516,0.0958159,0.007850418,0.03909544,0.0026197918,0.62492406,0.010093548,0.06982736,0.021079388,0.016886272,0.0023798505,null,null,null,null,"TWOGAUSSIANS",8,15.873072,0.14713567,0.0044325516,0.4,0.0,0.03872026,0.0022904621,0.62492406,0.010093548,0.39103323,0.094354734,0.016511263,0.0024368193
375316653866487564,5597742374232768512,0.6078302,2205.992041894488,0.21813314143383924,2.0771242E-6,14.46381,8.7869243E-4,0.31585804,4.5521944E-4,0.0117597375,3.369539E-4,0.18139994,0.005142122,0.8111722,4.315479E-4,0.0115835015,5.328789E-4,0.25169352,0.0061110635,null,null,null,null,"TWOGAUSSIANS",8,15.125753,0.8111722,4.315479E-4,0.06486761,0.002984122,0.25169352,0.0061110635,0.31585804,4.5521944E-4,0.06585453,0.0018869418,0.18139994,0.005142122
375316653866487564,5597743478039033600,0.42030516,2224.5627188946055,2.6963690633427717,3.410708E-5,18.772291,0.007421607,0.2204923,0.00896057,0.044518612,0.0071056224,0.16969575,0.03198271,0.7383379,0.014291151,0.039123714,0.020332314,0.11658873,0.055881612,null,null,null,null,"TWOGAUSSIANS",8,7.372865,0.2204923,0.00896057,0.24930423,0.039791483,0.16969575,0.03198271,0.7383379,0.014291151,0.2190928,0.11386096,0.11658873,0.055881675
375316653866487564,5597744302683875968,0.5572594,2222.752702712754,0.23348423771426682,4.4443846E-6,16.394203,0.0017428105,0.93584687,7.264326E-4,0.017373472,8.6177205E-4,0.2980544,0.02757223,null,null,null,null,null,null,null,null,null,null,"ONEGAUSSIAN",5,12.810455,0.93584687,7.264326E-4,0.09729145,0.0048259236,0.2980544,0.0,null,null,null,null,null,null
