Gaia/vari_eclipsing_binary/VariEclipsingBinary_662981-663011.csv
# %ECSV 1.0
# ---
# delimiter: ','
# meta: !!omap
# - RELEASE: Gaia DR3
# - TABLE: vari_eclipsing_binary
# - DESCRIPTION: >
#     This table describes the properties of the eclipsing binaries resulting from the variability analysis. 
# - CITATION: >
#     How to cite and acknowledge Gaia: 
#     https://gea.esac.esa.int/archive/documentation/credits.html 
# - KNOWN_ISSUES: >
#     Known issues: 
#     https://www.cosmos.esa.int/web/gaia-users/known-issues 
# - DOCUMENTATION: >
#     Tutorials and documentation: 
#     https://www.cosmos.esa.int/web/gaia-users/archive 
# datatype:
# - 
#   name: solution_id
#   datatype: int64
#   description: Solution Identifier
#   meta:
#     ucd: meta.version
# - 
#   name: source_id
#   datatype: int64
#   description: Unique source identifier
#   meta:
#     ucd: meta.id;meta.main
# - 
#   name: global_ranking
#   datatype: float32
#   description: Number between 0 (worst) and 1 (best)
#   meta:
#     ucd: stat.param
# - 
#   name: reference_time
#   datatype: float64
#   unit: d
#   description: Reference time used for the geometric model fit
#   meta:
#     ucd: time.epoch
# - 
#   name: frequency
#   datatype: float64
#   unit: d**-1
#   description: Frequency of geometric model of the eclipsing binary light curve
#   meta:
#     ucd: src.orbital
# - 
#   name: frequency_error
#   datatype: float32
#   unit: d**-1
#   description: "Uncertainty of \\texttt{frequency}"
#   meta:
#     ucd: stat.error
# - 
#   name: geom_model_reference_level
#   datatype: float32
#   unit: mag
#   description: Magnitude reference level of geometric model
#   meta:
#     ucd: phot.mag;em.opt
# - 
#   name: geom_model_reference_level_error
#   datatype: float32
#   unit: mag
#   description: "Uncertainty of \\texttt{geomModelReferenceLevel}"
#   meta:
#     ucd: stat.error;phot.mag;em.opt
# - 
#   name: geom_model_gaussian1_phase
#   datatype: float32
#   description: Phase of the Gaussian 1 component
#   meta:
#     ucd: time.phase
# - 
#   name: geom_model_gaussian1_phase_error
#   datatype: float32
#   description: "Uncertainty of \\texttt{geomModelGaussian1Phase}"
#   meta:
#     ucd: stat.error;time.phase
# - 
#   name: geom_model_gaussian1_sigma
#   datatype: float32
#   description: "Standard deviation [phase] of Gaussian 1 component"
#   meta:
#     ucd: stat.stdev
# - 
#   name: geom_model_gaussian1_sigma_error
#   datatype: float32
#   description: "Uncertainty of \\texttt{geomModelGaussian1Sigma}"
#   meta:
#     ucd: stat.error
# - 
#   name: geom_model_gaussian1_depth
#   datatype: float32
#   unit: mag
#   description: Magnitude depth of Gaussian 1 component
#   meta:
#     ucd: src.var.amplitude
# - 
#   name: geom_model_gaussian1_depth_error
#   datatype: float32
#   unit: mag
#   description: "Uncertainty of \\texttt{geomModelGaussian1Depth}"
#   meta:
#     ucd: stat.error;src.var.amplitude
# - 
#   name: geom_model_gaussian2_phase
#   datatype: float32
#   description: Phase of Gaussian 2 component
#   meta:
#     ucd: time.phase
# - 
#   name: geom_model_gaussian2_phase_error
#   datatype: float32
#   description: "Uncertainty of \\texttt{geomModelGaussian2Phase}"
#   meta:
#     ucd: stat.error;time.phase
# - 
#   name: geom_model_gaussian2_sigma
#   datatype: float32
[...]
#   datatype: float32
#   description: "Secondary eclipse: uncertainty of \\texttt{derivedSecondaryEclDuration}"
#   meta:
#     ucd: stat.error;time.duration
# - 
#   name: derived_secondary_ecl_depth
#   datatype: float32
#   unit: mag
#   description: "Secondary eclipse: depth"
#   meta:
#     ucd: src.var.amplitude
# - 
#   name: derived_secondary_ecl_depth_error
#   datatype: float32
#   unit: mag
#   description: "Secondary eclipse: uncertainty of \\texttt{derivedSecondaryEclDepth}"
#   meta:
#     ucd: stat.error;src.var.amplitude
solution_id,source_id,global_ranking,reference_time,frequency,frequency_error,geom_model_reference_level,geom_model_reference_level_error,geom_model_gaussian1_phase,geom_model_gaussian1_phase_error,geom_model_gaussian1_sigma,geom_model_gaussian1_sigma_error,geom_model_gaussian1_depth,geom_model_gaussian1_depth_error,geom_model_gaussian2_phase,geom_model_gaussian2_phase_error,geom_model_gaussian2_sigma,geom_model_gaussian2_sigma_error,geom_model_gaussian2_depth,geom_model_gaussian2_depth_error,geom_model_cosine_half_period_amplitude,geom_model_cosine_half_period_amplitude_error,geom_model_cosine_half_period_phase,geom_model_cosine_half_period_phase_error,model_type,num_model_parameters,reduced_chi2,derived_primary_ecl_phase,derived_primary_ecl_phase_error,derived_primary_ecl_duration,derived_primary_ecl_duration_error,derived_primary_ecl_depth,derived_primary_ecl_depth_error,derived_secondary_ecl_phase,derived_secondary_ecl_phase_error,derived_secondary_ecl_duration,derived_secondary_ecl_duration_error,derived_secondary_ecl_depth,derived_secondary_ecl_depth_error
[from data line 326]
375316653866487564,5831813526357346944,0.5510302,2117.969665208498,2.9931385005379014,1.6846801E-5,16.920671,0.014739872,0.20838374,0.0016479898,0.08404324,0.0053562876,0.34271,0.013979033,0.70496017,0.008022626,0.08530206,0.012762428,0.31392816,0.011543719,null,null,null,null,"TWOGAUSSIANS",8,17.667612,0.20838374,0.0016479898,0.4,0.0,0.334809,0.012012675,0.70496017,0.008022626,0.4,0.0,0.30602714,0.015574568
375316653866487564,5831816000258716416,0.6453007,2096.8124496427586,1.0569564024216027,5.049143E-6,17.263597,0.0031433394,0.23597617,4.973494E-4,0.048208605,7.656507E-4,0.42262027,0.0072483276,0.73727465,0.00478118,0.05425858,0.003974326,0.07609355,0.008841919,0.03938762,0.0043310616,0.23597617,4.973494E-4,"TWOGAUSSIANS_WITH_ELLIPSOIDAL_ON_ECLIPSE1",9,3.2665546,0.23597617,4.973494E-4,0.26996818,0.004287644,0.50139284,0.0031674495,0.73727465,0.0044439486,0.30384806,0.022256225,0.15486084,0.0046277544
375316653866487564,5831817065410591872,0.57894176,2094.4291591749698,2.1782638583046907,5.3515887E-6,18.00441,0.0067178616,0.34116942,0.0015682442,0.07521685,0.0016167858,0.44078395,0.009176793,0.8561048,0.003629573,0.09014745,0.0054098265,0.15081196,0.007802795,null,null,null,null,"TWOGAUSSIANS",8,3.2637243,0.34116942,0.0015682442,0.4,0.0,0.43703118,0.008323214,0.8561048,0.003629573,0.4,0.0,0.1470591,0.0072362325
375316653866487564,5831817408991777664,0.5671494,2120.56081108691,2.5064393096157582,1.0916161E-5,18.378666,0.025953569,0.24789055,0.0025587068,0.05199351,0.005767545,0.47916955,0.05868984,0.75527024,0.003527606,0.05549928,0.0070195193,0.33195665,0.05982334,0.07160098,0.036889277,0.24789055,0.0025587068,"TWOGAUSSIANS_WITH_ELLIPSOIDAL_ON_ECLIPSE1",9,9.266947,0.24789055,0.0025587068,0.29116368,0.032298252,0.62235904,0.021908842,0.75527024,0.003527606,0.310796,0.039309308,0.47483847,0.025164314
375316653866487564,5831818371080723328,0.5983673,2122.8601946553804,0.9190874666168448,7.25611E-6,14.302673,1.242598,0.23455596,0.0074872323,0.15923864,0.032888692,0.49504608,0.64309245,0.7459505,0.0052335137,0.19703431,0.12251704,0.52833694,1.2088135,null,null,null,null,"TWOGAUSSIANS",8,26.881105,0.22958596,0.002240962,0.4,0.0,0.17392574,0.0042377864,0.7485305,0.002662341,0.4,0.0,0.17179611,0.0042338283
375316653866487564,5831818508519912576,0.42507792,2104.9941009117438,1.9759177730911162,3.4664965E-5,18.404997,0.0038777175,0.22178008,0.018816786,0.05175399,0.016873535,0.12167232,0.22739904,0.67299694,0.0073569077,0.017708458,0.0060417354,0.26871887,0.04861765,null,null,null,null,"TWOGAUSSIANS",8,3.7468264,0.67299694,0.0073569077,0.09916737,0.03383372,0.26871887,0.04861765,0.22178008,0.018816786,0.28982234,0.09449179,0.12167232,0.22739904
375316653866487564,5831818611584543488,0.46661952,2147.9044793383036,2.5877063136575393,4.2257263E-5,17.955166,0.024514167,0.371907,0.008526963,0.13814253,0.018106772,0.16493164,0.024851406,0.7859873,0.00872138,0.091899596,0.017263275,0.14319988,0.02235401,null,null,null,null,"TWOGAUSSIANS",8,7.820214,0.371937,0.008476563,0.4,0.0,0.15303273,0.015531283,0.7859873,0.00872138,0.4,0.0,0.13316193,0.017661354
375316653866487564,5831818749025319424,0.57937,2134.17284600052,3.4678924911799816,7.3063825E-6,19.6314,0.01369408,0.2526759,0.0017953593,0.038779765,0.0034461932,0.4844076,0.035311688,0.74873453,0.0026856977,0.04987954,0.004229051,0.5258018,0.045759175,0.13288558,0.023682252,0.2526759,0.0017953593,"TWOGAUSSIANS_WITH_ELLIPSOIDAL_ON_ECLIPSE1",9,2.473351,0.74909455,0.002411568,0.27932543,0.023682686,0.7914223,0.034740146,0.2526759,0.0017953593,0.21716669,0.019298682,0.7501764,0.019370312
375316653866487564,5831818989556288896,0.4672092,2123.18297225212,2.4852743194031883,3.301066E-5,16.650831,0.09548502,0.19310416,0.0051061986,0.18559359,0.032382302,0.4195678,0.09032066,0.6917783,0.005551864,0.1871102,0.032670785,0.43017805,0.089882374,null,null,null,null,"TWOGAUSSIANS",8,16.025993,0.6917783,0.005551864,0.4,0.0,0.10834144,0.0072211693,0.19381416,0.0053617205,0.4,0.0,0.09967449,0.007692829
375316653866487564,5831819264434182912,0.5379062,2143.4929595341973,1.6904754448806663,1.2355528E-5,15.822461,0.022966327,0.27352354,0.0024673103,0.11889314,0.0140131,0.10671577,0.021965688,0.77314574,0.0020581514,0.13841204,0.01934158,0.10918302,0.021913363,null,null,null,null,"TWOGAUSSIANS",8,4.2241883,0.77314574,0.0020596604,0.4,0.0,0.07671809,0.0019768956,0.27353355,0.0025308565,0.4,0.0,0.07454032,0.0023492365
375316653866487564,5831819642376978688,0.5524947,2108.314987503139,1.5279050347855783,4.9575997E-6,18.918928,0.0060505,0.27336508,9.754052E-4,0.040013395,0.0014464462,0.59628344,0.012237425,0.7698131,0.009644514,0.047466803,0.0076581854,0.1516836,0.0163421,null,null,null,null,"TWOGAUSSIANS",8,3.8005557,0.27336508,9.754052E-4,0.22407502,0.008100099,0.59628344,0.012237417,0.7698131,0.009644514,0.2658141,0.04288584,0.15168355,0.016342124
375316653866487564,5831820123427681920,0.43114328,2135.6373572895113,0.41419933355602223,9.0678135E-5,16.610722,0.11904281,0.3229279,0.019407952,0.04401026,0.14049646,0.10481161,0.08608977,0.82210386,0.03446249,0.020152744,0.115735576,0.24561425,0.07468111,null,null,null,null,"TWOGAUSSIANS",8,72.889275,0.82210386,0.03446249,0.11285537,0.2858083,0.24561425,0.15361929,0.3229279,0.01858991,0.24645744,0.20620595,0.10481161,0.06478539
375316653866487564,5831820325248130688,0.48408344,2135.1973125609325,2.2177345316853256,4.391058E-5,18.001808,0.37035865,0.22043087,0.031951033,0.21495439,0.17039047,0.22282402,0.3643787,0.64359933,0.030942718,0.14211637,0.021538815,0.28767353,0.11975737,null,null,null,null,"TWOGAUSSIANS",8,5.9100647,0.64359933,0.030942718,0.4,0.0,0.19769734,0.010431202,0.24232087,0.030476814,0.4,0.0,0.09891036,0.006345995
375316653866487564,5831820398305629440,0.570926,2136.9348182356616,3.2524306329044106,6.647474E-6,18.459291,0.008992456,0.23514976,0.0021024866,0.044892855,0.0059594763,0.14706452,0.020675782,0.7358219,0.0043081422,0.053318802,0.0068192016,0.23121467,0.030291948,0.10679782,0.010267021,0.23514976,0.0021024866,"TWOGAUSSIANS_WITH_ELLIPSOIDAL_ON_ECLIPSE1",9,2.752995,0.7358219,0.004113587,0.2985853,0.03818753,0.44480208,0.02902618,0.23514976,0.0021024866,0.2514,0.033373065,0.36065573,0.011574696
375316653866487564,5831820810622425600,0.41426742,2140.624486089779,0.9903839328532834,9.522965E-5,17.986376,0.011577369,0.39006355,0.04414253,0.040825695,0.033747092,0.29220814,0.5709081,0.80013126,0.0110768955,0.01833444,0.0074916347,0.34249538,0.20151493,null,null,null,null,"TWOGAUSSIANS",8,8.439399,0.80013126,0.0110768955,0.10267287,0.041953154,0.34249538,0.20151493,0.39006355,0.04414253,0.22862388,0.18898371,0.29220814,0.5709081
375316653866487564,5831821841414664448,0.51423216,2141.4609215866394,1.8009394659475286,1.492964E-5,19.21824,0.023037557,0.24056363,0.013605477,0.100553855,0.022458337,0.2434996,0.02043078,0.7358204,0.0024959792,0.09245331,0.006930633,0.30115494,0.021379089,null,null,null,null,"TWOGAUSSIANS",8,1.8006672,0.7358204,0.0024959792,0.4,0.0,0.283559,0.009413585,0.24056363,0.013605477,0.4,0.0,0.2259018,0.022054829
375316653866487564,5831822597328965248,0.57184434,2147.2328579831933,3.1826739826704604,8.812098E-6,17.132076,0.0077223117,0.25321698,0.0027820033,0.09176882,0.0052822935,0.21722466,0.007225508,0.73639673,0.0031752265,0.09826486,0.0051013245,0.26091582,0.008427658,null,null,null,null,"TWOGAUSSIANS",8,6.8885365,0.73639673,0.0031752265,0.4,0.0,0.24909568,0.0065728063,0.25321698,0.0027820033,0.4,0.0,0.205406,0.0055883643
375316653866487564,5831822803473655040,0.47388798,2142.344720665467,1.3134334233961205,1.4533019E-5,19.079996,0.0066698445,0.39643088,0.0036232364,0.026915941,0.0057463436,0.31973445,0.079624206,0.89846766,0.002129426,0.02099939,0.0037665511,0.1962787,0.035819348,null,null,null,null,"TWOGAUSSIANS",8,4.7660227,0.39643088,0.0036232364,0.15072927,0.032179527,0.31973445,0.079624206,0.89846766,0.002129426,0.11759659,0.021092685,0.1962787,0.035819348
375316653866487564,5831823043991472640,0.5631423,2125.5794578667396,0.3278539914011472,8.096965E-6,18.328531,0.0025657755,0.20080832,0.01122622,0.012979599,0.009676725,0.45963183,0.3557669,0.7034578,0.0012647266,0.008345716,6.44174E-4,0.58047855,0.060908537,null,null,null,null,"TWOGAUSSIANS",8,3.1741858,0.7034578,0.0012647266,0.04673601,0.0036073746,0.58047855,0.060908537,0.20080832,0.01122622,0.072685756,0.054189656,0.45963183,0.3557669
375316653866487564,5831823181444516224,0.53253233,2122.7258615914984,2.031160777277152,1.8133667E-5,16.796007,0.009955744,0.2600882,0.0040214425,0.052865136,0.030510265,0.12834342,0.06545141,0.7416871,0.011276833,0.047564305,0.010039115,0.15269166,0.024411988,0.112407506,0.012722446,0.2600882,0.0040214425,"TWOGAUSSIANS_WITH_ELLIPSOIDAL_ON_ECLIPSE1",9,47.573563,0.7455071,0.008658272,0.2663601,0.056219045,0.3751315,0.013942477,0.2600882,0.0040214425,0.29604477,0.17085749,0.35315657,0.064837076
375316653866487564,5831823456308411648,0.5182547,2117.554559305145,3.490530418874449,9.317327E-6,18.698433,0.00565248,0.26657903,0.002976251,0.07600702,0.004089063,0.24422291,0.015484583,0.7636096,0.0044933325,0.07085302,0.004283955,0.20339823,0.010466635,null,null,null,null,"TWOGAUSSIANS",8,2.385765,0.26657903,0.002976251,0.4,0.0,0.24295482,0.015632318,0.7636096,0.0044933325,0.39677688,0.019087674,0.20213014,0.0103747
375316653866487564,5831825277388604800,0.44600737,2167.575906314428,0.529420392012544,3.6297264E-5,16.462276,0.0062246346,0.25801077,0.013701082,0.06664067,0.0147555955,0.14109053,0.039549943,0.76652485,0.013380044,0.08761148,0.012077806,0.15083252,0.019580964,null,null,null,null,"TWOGAUSSIANS",8,92.613075,0.76652485,0.013380044,0.4,0.0,0.14956537,0.019607877,0.25801077,0.013701082,0.37318775,0.082631335,0.1398234,0.040401
375316653866487564,5831825380454111872,0.5736183,2146.7856337374214,3.2516127660679457,6.9299276E-6,18.402147,0.019613393,0.1852788,0.0021231899,0.05546266,0.008006245,0.26536047,0.043915782,0.6838162,0.0028976572,0.05554101,0.00532737,0.34903446,0.047758326,0.09204024,0.024350261,0.1852788,0.0021231899,"TWOGAUSSIANS_WITH_ELLIPSOIDAL_ON_ECLIPSE1",9,5.432723,0.6839862,0.002540948,0.31102964,0.029833272,0.5330776,0.030399809,0.1852788,0.0021231899,0.3105909,0.04483497,0.4494174,0.034336332
375316653866487564,5831825483533383808,0.5012873,2150.085615393347,0.3765635070248773,6.1935516E-6,18.73127,0.0045009865,0.31083262,0.003599742,0.010245238,0.0068529355,0.74057007,0.58429927,0.8211567,3.4497607E-5,0.0031782752,9.494242E-5,0.8801397,0.053958315,null,null,null,null,"TWOGAUSSIANS",8,5.61751,0.8211567,3.4497607E-5,0.01779834,5.3167756E-4,0.8801397,0.053958315,0.31083262,0.003599742,0.057373337,0.03837644,0.74057007,0.58429927
375316653866487564,5831825483547074432,0.55683756,2148.8745783245276,2.9052471916460796,9.691622E-6,16.220879,0.002257529,0.16243415,0.0032398012,0.04598357,0.006159857,0.096758865,0.0064502005,0.66257524,0.004131856,0.0350703,0.0052018603,0.07322728,0.013842419,0.038522907,0.0035208943,0.16243415,0.0032398012,"TWOGAUSSIANS_WITH_ELLIPSOIDAL_ON_ECLIPSE1",9,8.938026,0.16243415,0.0032398012,0.25750798,0.0344952,0.17380464,0.0056134574,0.66257524,0.003974829,0.19639367,0.02913042,0.150273,0.014354606
375316653866487564,5831825792771015296,0.4611685,2158.59430884456,2.776949225298201,5.2875457E-5,18.245098,0.044400066,0.24115449,0.0073670354,0.10241634,0.0250437,0.15214275,0.04150279,0.7355386,0.009607861,0.11240023,0.032680113,0.14467847,0.04268966,null,null,null,null,"TWOGAUSSIANS",8,6.656162,0.24116449,0.0073856893,0.4,0.0,0.13361588,0.011852185,0.7355386,0.009607861,0.4,0.0,0.12613875,0.010580404
375316653866487564,5831825827130799104,0.49088222,2153.75995590828,2.51822030795459,1.9795714E-5,19.234179,0.028908353,0.24251287,0.0044775875,0.09256622,0.0087076565,0.45977965,0.027585426,0.75387096,0.0056271395,0.09595983,0.012321808,0.36170337,0.03984101,null,null,null,null,"TWOGAUSSIANS",8,5.2368298,0.24251287,0.0044775875,0.4,0.0,0.4392565,0.019167608,0.75387096,0.0056271395,0.4,0.0,0.34117964,0.0413012
375316653866487564,5831826479966129920,0.47475788,2125.498984473218,0.15057198780365222,4.5555775E-5,19.354443,0.011742017,0.2402803,0.0049325894,0.06594394,0.0070457347,0.28537107,0.020427845,0.73164815,0.010515105,0.076871954,0.013143142,0.24702609,0.027286606,null,null,null,null,"TWOGAUSSIANS",8,3.9808922,0.2402803,0.0049325894,0.36928606,0.039456114,0.28444475,0.020348404,0.73164815,0.010515105,0.4,0.0037765536,0.24609977,0.02806949
375316653866487564,5831827613851183488,0.5041148,2108.299931455405,0.09695248292874471,1.8295408E-5,17.85819,0.001530475,0.19751179,0.03322926,0.06663461,0.030218309,0.057390217,0.036643274,0.7424664,0.0014535434,0.009676525,0.0011463105,0.30193743,0.04775951,0.0118499175,0.002212657,0.7424664,0.0014535434,"TWOGAUSSIANS_WITH_ELLIPSOIDAL_ON_ECLIPSE2",9,4.0978694,0.7424664,0.0014535434,0.05418854,0.0064193383,0.3256341,0.047959782,0.2030118,0.036037493,0.37315384,0.16922253,0.07946482,0.034499988
375316653866487564,5831828747722649856,0.52347654,2102.549494502171,2.124906522568587,1.52225475E-5,17.544939,0.095906444,0.24782123,0.004940714,0.14941296,0.08891458,0.08287556,0.094270825,0.74545485,0.0028851281,0.11455595,0.030557718,0.12709254,0.07893426,null,null,null,null,"TWOGAUSSIANS",8,1.4239731,0.74545485,0.0028851281,0.4,0.0,0.09605583,0.003287753,0.24784124,0.004958605,0.4,0.0,0.051243328,0.0028403034
375316653866487564,5831828846460643584,0.5182309,2108.1601526126533,2.5012004899039737,2.125419E-5,17.566784,0.020556057,0.21012926,0.0045936257,0.09436434,0.013678197,0.19381599,0.01734742,0.7195413,0.0038552,0.106322855,0.011024148,0.23668262,0.019406918,null,null,null,null,"TWOGAUSSIANS",8,11.1861925,0.7195413,0.0038552,0.4,0.0,0.21952543,0.013640938,0.21011926,0.004605638,0.4,0.0,0.17666653,0.008758303
375316653866487564,5831829331826584448,0.5226264,2109.9508127645786,3.2097446294925596,1.6959768E-5,18.614147,0.0045324783,0.2660946,0.0026300445,0.058184747,0.0061393543,0.088337764,0.019287499,0.7672589,0.013461997,0.036793016,0.0112431785,0.087482885,0.016105197,0.083148696,0.0064070243,0.2660946,0.0026300445,"TWOGAUSSIANS_WITH_ELLIPSOIDAL_ON_ECLIPSE1",9,3.2231104,0.2660946,0.0026300445,0.3258346,0.034380384,0.2546265,0.016269486,0.7672589,0.012491667,0.20604089,0.0629618,0.25376272,0.013865889
375316653866487564,5831829366186463104,0.47933915,2108.6484385819313,2.828918093562415,1.6703734E-5,19.158983,0.016892467,0.21631965,0.008215908,0.09763339,0.013227966,0.23371889,0.018154426,0.7388631,0.004986967,0.08515053,0.009351175,0.29057714,0.022424582,null,null,null,null,"TWOGAUSSIANS",8,4.390203,0.7388631,0.0049862987,0.4,0.0,0.2819257,0.022969298,0.21631965,0.008215908,0.4,0.0,0.22506587,0.012736174
375316653866487564,5831829709795270528,0.6223792,2128.3564086540946,0.15636358321231542,2.843954E-6,17.3953,0.0015702788,0.46020293,3.514487E-4,0.007629889,2.7952623E-4,0.14360239,0.0041777133,0.959114,4.168281E-4,0.005470912,2.905456E-4,0.5652163,0.018205889,null,null,null,null,"TWOGAUSSIANS",8,4.271504,0.959114,4.168281E-4,0.030637108,0.0016270553,0.5652163,0.018205889,0.46020293,3.514487E-4,0.042727377,0.001565347,0.14360239,0.0041777133
375316653866487564,5831830878026479360,0.48751262,2113.940424932977,0.9118118423068394,1.6426255E-5,17.131128,0.0036873766,0.19606675,0.0044384305,0.0824188,0.009929029,0.040546294,0.0036013701,0.70469344,0.0038657344,0.09385704,0.007873044,0.06721266,0.0037613348,null,null,null,null,"TWOGAUSSIANS",8,2.436152,0.70469344,0.0038657344,0.4,0.0,0.0655682,0.0032967438,0.19606675,0.0044384305,0.4,0.0,0.038901933,0.002817111
