Gaia/vari_eclipsing_binary/VariEclipsingBinary_353485-353689.csv
# %ECSV 1.0
# ---
# delimiter: ','
# meta: !!omap
# - RELEASE: Gaia DR3
# - TABLE: vari_eclipsing_binary
# - DESCRIPTION: >
#     This table describes the properties of the eclipsing binaries resulting from the variability analysis. 
# - CITATION: >
#     How to cite and acknowledge Gaia: 
#     https://gea.esac.esa.int/archive/documentation/credits.html 
# - KNOWN_ISSUES: >
#     Known issues: 
#     https://www.cosmos.esa.int/web/gaia-users/known-issues 
# - DOCUMENTATION: >
#     Tutorials and documentation: 
#     https://www.cosmos.esa.int/web/gaia-users/archive 
# datatype:
# - 
#   name: solution_id
#   datatype: int64
#   description: Solution Identifier
#   meta:
#     ucd: meta.version
# - 
#   name: source_id
#   datatype: int64
#   description: Unique source identifier
#   meta:
#     ucd: meta.id;meta.main
# - 
#   name: global_ranking
#   datatype: float32
#   description: Number between 0 (worst) and 1 (best)
#   meta:
#     ucd: stat.param
# - 
#   name: reference_time
#   datatype: float64
#   unit: d
#   description: Reference time used for the geometric model fit
#   meta:
#     ucd: time.epoch
# - 
#   name: frequency
#   datatype: float64
#   unit: d**-1
#   description: Frequency of geometric model of the eclipsing binary light curve
#   meta:
#     ucd: src.orbital
# - 
#   name: frequency_error
#   datatype: float32
#   unit: d**-1
#   description: "Uncertainty of \\texttt{frequency}"
#   meta:
#     ucd: stat.error
# - 
#   name: geom_model_reference_level
#   datatype: float32
#   unit: mag
#   description: Magnitude reference level of geometric model
#   meta:
#     ucd: phot.mag;em.opt
# - 
#   name: geom_model_reference_level_error
#   datatype: float32
#   unit: mag
#   description: "Uncertainty of \\texttt{geomModelReferenceLevel}"
#   meta:
#     ucd: stat.error;phot.mag;em.opt
# - 
#   name: geom_model_gaussian1_phase
#   datatype: float32
#   description: Phase of the Gaussian 1 component
#   meta:
#     ucd: time.phase
# - 
#   name: geom_model_gaussian1_phase_error
#   datatype: float32
#   description: "Uncertainty of \\texttt{geomModelGaussian1Phase}"
#   meta:
#     ucd: stat.error;time.phase
# - 
#   name: geom_model_gaussian1_sigma
#   datatype: float32
#   description: "Standard deviation [phase] of Gaussian 1 component"
#   meta:
#     ucd: stat.stdev
# - 
#   name: geom_model_gaussian1_sigma_error
#   datatype: float32
#   description: "Uncertainty of \\texttt{geomModelGaussian1Sigma}"
#   meta:
#     ucd: stat.error
# - 
#   name: geom_model_gaussian1_depth
#   datatype: float32
#   unit: mag
#   description: Magnitude depth of Gaussian 1 component
#   meta:
#     ucd: src.var.amplitude
# - 
#   name: geom_model_gaussian1_depth_error
#   datatype: float32
#   unit: mag
#   description: "Uncertainty of \\texttt{geomModelGaussian1Depth}"
#   meta:
#     ucd: stat.error;src.var.amplitude
# - 
#   name: geom_model_gaussian2_phase
#   datatype: float32
#   description: Phase of Gaussian 2 component
#   meta:
#     ucd: time.phase
# - 
#   name: geom_model_gaussian2_phase_error
#   datatype: float32
#   description: "Uncertainty of \\texttt{geomModelGaussian2Phase}"
#   meta:
#     ucd: stat.error;time.phase
# - 
#   name: geom_model_gaussian2_sigma
#   datatype: float32
[...]
#   datatype: float32
#   description: "Secondary eclipse: uncertainty of \\texttt{derivedSecondaryEclDuration}"
#   meta:
#     ucd: stat.error;time.duration
# - 
#   name: derived_secondary_ecl_depth
#   datatype: float32
#   unit: mag
#   description: "Secondary eclipse: depth"
#   meta:
#     ucd: src.var.amplitude
# - 
#   name: derived_secondary_ecl_depth_error
#   datatype: float32
#   unit: mag
#   description: "Secondary eclipse: uncertainty of \\texttt{derivedSecondaryEclDepth}"
#   meta:
#     ucd: stat.error;src.var.amplitude
solution_id,source_id,global_ranking,reference_time,frequency,frequency_error,geom_model_reference_level,geom_model_reference_level_error,geom_model_gaussian1_phase,geom_model_gaussian1_phase_error,geom_model_gaussian1_sigma,geom_model_gaussian1_sigma_error,geom_model_gaussian1_depth,geom_model_gaussian1_depth_error,geom_model_gaussian2_phase,geom_model_gaussian2_phase_error,geom_model_gaussian2_sigma,geom_model_gaussian2_sigma_error,geom_model_gaussian2_depth,geom_model_gaussian2_depth_error,geom_model_cosine_half_period_amplitude,geom_model_cosine_half_period_amplitude_error,geom_model_cosine_half_period_phase,geom_model_cosine_half_period_phase_error,model_type,num_model_parameters,reduced_chi2,derived_primary_ecl_phase,derived_primary_ecl_phase_error,derived_primary_ecl_duration,derived_primary_ecl_duration_error,derived_primary_ecl_depth,derived_primary_ecl_depth_error,derived_secondary_ecl_phase,derived_secondary_ecl_phase_error,derived_secondary_ecl_duration,derived_secondary_ecl_duration_error,derived_secondary_ecl_depth,derived_secondary_ecl_depth_error
[from data line 263]
375316653866487564,3109750699648250112,0.6679089,2222.760487920349,0.028388998640215393,1.0782936E-6,16.729567,0.001273209,0.07905121,0.029877217,0.06469274,0.063474685,0.006369162,0.10706058,0.6322158,7.930488E-8,4.4776459E-4,1.134017E-6,2.4571328,0.0141544165,null,null,null,null,"TWOGAUSSIANS",8,1.4495126,0.6322158,7.930488E-8,0.0025074817,6.350495E-6,2.4571328,0.0141544165,0.07905121,0.029877217,0.3622794,0.32086855,0.006369162,0.10706058
375316653866487564,3109751421202460288,0.60806674,2146.974551825898,1.5234788970774022,1.1292874E-5,15.890999,0.00893106,0.30166772,0.005533424,0.1047009,0.009978365,0.14593728,0.008400059,0.79353493,0.0017091774,0.10794597,0.006394691,0.16048957,0.007955549,null,null,null,null,"TWOGAUSSIANS",8,3.2632887,0.79353493,0.0017091774,0.4,0.0,0.14286746,0.0053349263,0.30167773,0.005541105,0.4,0.0,0.12831914,0.0028836664
375316653866487564,3109751657416917504,0.46393695,2145.6383110923193,0.407826267633637,1.0055202E-4,18.289574,0.0047730175,0.40017948,0.021614304,0.11475822,0.03837622,0.10795842,0.021660052,0.6970832,0.002605344,0.010178754,0.004829919,0.048692245,0.027233463,null,null,null,null,"TWOGAUSSIANS",8,4.036355,0.40017948,0.021614304,0.4,0.0,0.10794213,0.021793121,0.6970832,0.002605344,0.05700102,0.027047547,0.052475628,0.03086608
375316653866487564,3109751863575371520,0.5799976,2194.448807714968,3.227393776864291,8.7183425E-6,17.671976,0.0128006665,0.18399246,0.0053988323,0.07828136,0.0063289385,0.3852455,0.0141472835,0.6813194,0.002347325,0.07445092,0.0038461767,0.46369103,0.020716172,null,null,null,null,"TWOGAUSSIANS",8,8.069587,0.6813194,0.002347325,0.4,0.0,0.4599457,0.020483652,0.18399246,0.0053988323,0.4,0.0,0.3815002,0.012668857
375316653866487564,3109751902239105280,0.5145121,2237.841097358675,0.17007370335778613,5.873613E-5,12.817275,0.011173168,0.25014,0.013336504,0.054621838,0.013521512,0.08636512,0.023690647,0.7493998,0.035202768,0.10903726,0.075093225,0.057438597,0.082032315,null,null,null,null,"TWOGAUSSIANS",8,31.563179,0.25014,0.0133483,0.3058823,0.07572047,0.0852321,0.023820432,0.7493998,0.035202768,0.4,0.0,0.05630246,0.08464942
375316653866487564,3109753654585703168,0.50028026,2138.852319197387,2.469424042597582,3.7916154E-5,17.88291,0.010743346,0.22822483,0.012575519,0.015856683,0.011962663,0.11613558,0.062044576,0.72786087,0.022784665,0.06437691,0.02512558,0.30943,0.05330234,0.03296233,0.014375832,0.22822483,0.012575519,"TWOGAUSSIANS_WITH_ELLIPSOIDAL_ON_ECLIPSE1",9,15.768436,0.7278809,0.022621507,0.3605107,0.14070325,0.37520176,0.049223375,0.22822483,0.012575519,0.08879743,0.06699091,0.18190765,0.06412788
375316653866487564,3109754135622000896,0.61377424,2160.3030054887154,2.623510261961707,1.1756256E-5,15.921595,0.016646352,0.27481958,0.0019811096,0.04136824,0.0054984195,0.4174521,0.037269246,0.7686782,0.003871749,0.046834707,0.0052616005,0.34055653,0.042307615,0.15307711,0.021361245,0.27481958,0.0019811096,"TWOGAUSSIANS_WITH_ELLIPSOIDAL_ON_ECLIPSE1",9,84.837326,0.27481958,0.0019811096,0.23166212,0.03079115,0.7236057,0.01496555,0.7695082,0.0031982488,0.26227435,0.029464962,0.6463158,0.015781974
375316653866487564,3109756781321532032,0.66036755,2122.19726251179,2.3066845290086273,2.5922168E-6,17.072096,0.009149935,0.26539505,0.001409666,0.046952274,0.0034181764,0.2904664,0.021228416,0.76373124,0.002421092,0.048589986,0.0036818606,0.25321236,0.026029387,0.14066304,0.011647549,0.26539505,0.001409666,"TWOGAUSSIANS_WITH_ELLIPSOIDAL_ON_ECLIPSE1",9,4.911376,0.26539505,0.001409666,0.26293272,0.019141788,0.5717915,0.016075145,0.7640213,0.0019357415,0.27210394,0.02061842,0.53451204,0.018671062
375316653866487564,3109756983178861056,0.4971323,2084.177008707795,2.119998565639732,4.5588364E-5,19.375607,0.015666882,0.3579593,0.012603081,0.100549765,0.021831555,0.38729334,0.1077484,0.76776683,0.066520385,0.05634965,0.038921162,0.10646332,0.06448293,null,null,null,null,"TWOGAUSSIANS",8,1.4379885,0.3579593,0.012603081,0.4,0.0,0.3868991,0.10965141,0.76776683,0.066520385,0.31555805,0.21795852,0.10616484,0.06469745
375316653866487564,3109758121342757504,0.5626642,2108.3888347717875,3.947822472835326,3.4112913E-5,17.454506,0.080958396,0.1310368,0.0039105313,0.095806934,0.015362061,0.23580234,0.071996525,0.66208917,0.014600194,0.121344075,0.043911003,0.25901198,0.06950362,null,null,null,null,"TWOGAUSSIANS",8,4.047392,0.66208917,0.014576112,0.4,0.0,0.23421343,0.02021049,0.1308768,0.0034462388,0.4,0.0,0.21116851,0.008813142
375316653866487564,3109762034060440448,0.51554585,2198.1942776919523,2.80488216543879,1.2070106E-5,14.13845,0.025205942,0.24594577,0.005637898,0.09579508,0.009884924,0.41792333,0.044525124,0.7493709,0.005060781,0.079604864,0.008024965,0.49864438,0.039963588,null,null,null,null,"TWOGAUSSIANS",8,886.90405,0.7493709,0.005060781,0.4,0.0,0.4840134,0.039872006,0.24594577,0.005637898,0.4,0.0,0.4032913,0.04483827
375316653866487564,3109762107081170432,0.6301911,2198.972066663677,1.325923764597778,1.09483835E-5,11.928051,0.005492365,0.23311849,0.003356851,0.06259931,0.0036180392,0.2462999,0.011760567,0.735825,0.0015838142,0.047546577,0.0019312818,0.91551185,0.04995425,null,null,null,null,"TWOGAUSSIANS",8,418.90747,0.735825,0.0015838142,0.26626083,0.010815178,0.9154864,0.049967192,0.23311849,0.003356851,0.35055614,0.02026102,0.24627449,0.011760754
375316653866487564,3109764065586217472,0.6674075,2141.7518588559196,0.3958586325789604,3.5990986E-6,13.269453,8.1997237E-4,0.49562165,0.03530533,0.021850014,0.04049876,0.007898362,0.0018349816,0.23080839,6.164619E-4,0.023095619,9.579806E-4,0.26843774,0.007176108,null,null,null,null,"TWOGAUSSIANS",8,20.804123,0.23080839,6.164619E-4,0.12933546,0.0053646914,0.26843774,0.007176321,0.49562165,0.03530533,0.12236007,0.22679307,0.007898362,0.0018349816
375316653866487564,3109764164364384640,0.5070551,2167.8523475713355,3.4911613183199313,2.0120813E-5,18.57359,0.08116006,0.236323,0.007418011,0.12353136,0.032448206,0.2625599,0.079522476,0.73197174,0.017002484,0.10890076,0.027440133,0.2954101,0.07773706,null,null,null,null,"TWOGAUSSIANS",8,3.9734263,0.73197174,0.01701078,0.4,0.0,0.2430621,0.022417191,0.23633301,0.007442867,0.4,0.0,0.21008089,0.01030012
375316653866487564,3109765336888142720,0.43646875,2117.0571770244633,4.727133236690053,3.9070386E-5,18.963022,0.012961925,0.5570772,0.034299657,0.081562065,0.043513127,0.17012595,0.04352701,0.7460629,0.008091341,0.038339667,0.007317722,0.43981838,0.07593103,null,null,null,null,"TWOGAUSSIANS",8,4.3319874,0.7460629,0.008091341,0.21470213,0.04097924,0.45143127,0.06271723,0.5570872,0.03435059,0.4,0.022723721,0.17012829,0.043532886
375316653866487564,3109765882349972608,0.56585205,2128.350704612342,2.851649363996975,1.1878259E-6,18.505646,0.0038796267,0.30168533,7.55241E-6,0.004108778,3.775966E-5,4.364023,0.1317092,null,null,null,null,null,null,null,null,null,null,"ONEGAUSSIAN",5,4.408918,0.30168533,7.55241E-6,0.023009157,2.114541E-4,4.364023,0.0,null,null,null,null,null,null
375316653866487564,3109768566711908096,0.6236273,2094.7996347886997,3.8252938637640033,7.973751E-6,17.308294,0.02294295,0.25160637,0.0028245323,0.049493216,0.006223878,0.5239105,0.057587016,0.7528117,0.00835395,0.04293221,0.008397771,0.63448244,0.347423,0.11500632,0.025950916,0.25160637,0.0028245323,"TWOGAUSSIANS_WITH_ELLIPSOIDAL_ON_ECLIPSE1",9,13.486238,0.7528117,0.008351655,0.24042037,0.047027517,0.86448026,0.3480623,0.25160637,0.0028245323,0.27716202,0.034853715,0.7539215,0.050564744
375316653866487564,3109768768568047872,0.47422367,2119.5689894174816,0.07729771013345292,1.4859274E-5,18.11945,0.015998505,0.04116621,0.0026566526,0.0047183735,0.0040310035,0.05369573,5.1285625,0.65812796,0.06528074,0.11172038,0.059168477,0.13436137,0.028110055,null,null,null,null,"TWOGAUSSIANS",8,3.6819594,0.65812796,0.06528074,0.4,0.017707337,0.13434936,0.027779045,0.04116621,0.0026607623,0.026422892,0.022573618,0.05406021,5.128262
375316653866487564,3109772170180721408,0.44466168,2160.3596920199757,2.8539484403956648,1.2643538E-4,19.472136,0.008598191,0.15291214,0.010793786,0.066306874,0.016061649,0.20615913,0.06935415,0.70251125,0.015067514,0.02796867,0.015836567,0.25592244,0.051696293,null,null,null,null,"TWOGAUSSIANS",8,3.1989639,0.70251125,0.015067514,0.15662456,0.088684775,0.25592244,0.051696397,0.15291214,0.010793786,0.3713185,0.07133874,0.20615911,0.069354326
375316653866487564,3109772170180728320,0.516017,2146.5543996631377,2.0625917160492557,1.6175562E-5,18.081331,0.013119091,0.22999895,0.0051572043,0.09649311,0.011348462,0.13991706,0.012466219,0.7430986,0.0064026006,0.10063767,0.009259829,0.15983741,0.013899292,null,null,null,null,"TWOGAUSSIANS",8,2.3383932,0.7430986,0.0064026006,0.4,0.0,0.14971909,0.007582764,0.22999895,0.0051608533,0.4,0.0,0.1297999,0.0073062605
375316653866487564,3109772174485287040,0.46903497,2150.211575795155,1.3097591262403898,2.1145375E-5,16.209616,0.002042493,0.48602155,0.008813605,0.012415246,0.004758723,0.28781337,0.22992206,0.8520982,0.017357718,0.0316319,0.035086412,0.10597501,1.96809638E9,null,null,null,null,"TWOGAUSSIANS",8,25.710701,0.48602155,0.008813605,0.069525376,0.02664885,0.28781337,0.22992206,0.8520982,0.017357718,0.17713866,0.19648391,0.10597501,1.96809638E9
375316653866487564,3109773858112305024,0.4757865,2148.6558291238953,1.6624179395310874,5.1887775E-5,13.8087,0.016006634,0.7426063,0.012726428,0.023859452,0.010442629,0.83273876,3.955267,null,null,null,null,null,null,0.080854595,0.017761229,0.7426063,0.012726428,"ONEGAUSSIAN_WITH_ELLIPSOIDAL",6,146.50987,0.7426063,0.012726428,0.13361293,0.058478724,0.9944479,3.962458,null,null,null,null,null,null
375316653866487564,3109773858112316800,0.55366755,2144.697366826827,0.07727666756346921,2.140202E-5,17.02083,0.0012602195,0.6870686,0.0061949077,0.050130907,0.012579437,0.124969594,0.019032575,null,null,null,null,null,null,null,null,null,null,"ONEGAUSSIAN",5,2.0452304,0.6870686,0.0061949077,0.28073308,0.07044485,0.124969594,0.0,null,null,null,null,null,null
375316653866487564,3109775606154664320,0.5448752,2176.3318287568122,3.4313366364433,2.2147353E-5,18.424973,0.008853004,0.20703532,0.004268519,0.057088327,0.0032570437,0.54155546,0.02484194,0.72824115,0.017551111,0.062299356,0.021371858,0.20424637,0.071317695,null,null,null,null,"TWOGAUSSIANS",8,8.009314,0.20703532,0.004268519,0.31969464,0.018239446,0.54150856,0.024815997,0.72824115,0.017551111,0.3488764,0.07636479,0.20419943,0.07157224
375316653866487564,3109775782259633920,0.52247363,2170.7126644213727,0.07730195341496343,1.7436114E-5,19.383627,0.01502237,0.11637619,0.003222224,0.02414898,0.004259668,0.1015631,0.016560826,0.683424,0.009669265,0.1290397,0.01649892,0.23997442,0.013597083,null,null,null,null,"TWOGAUSSIANS",8,1.0496082,0.683424,0.009669265,0.4,0.0,0.23957646,0.013198205,0.116246186,0.0031942981,0.13523428,0.02385414,0.10204424,0.01706786
375316653866487564,3109776430792410368,0.48975274,2204.963555708728,0.02659724039760192,5.4921926E-5,17.812214,0.0057106465,0.33318043,0.016273767,0.10409783,0.017891867,0.086592056,0.008222145,0.7873734,0.006417338,0.062592424,0.0067601996,0.09177987,0.008087439,null,null,null,null,"TWOGAUSSIANS",8,2.4579203,0.7873734,0.006417338,0.35051757,0.037857115,0.09098354,0.0073715798,0.33318043,0.016273767,0.4,0.0,0.08578926,0.007961159
375316653866487564,3109778286214480128,0.59964347,2129.5329351657792,3.558667229420725,9.748977E-6,17.952091,0.009572819,0.26351473,0.00314321,0.06958397,0.004448092,0.23337291,0.011702244,0.76646614,0.0026540624,0.08272112,0.0046523977,0.26444662,0.01151497,null,null,null,null,"TWOGAUSSIANS",8,2.1096022,0.76646614,0.0026540624,0.4,0.0,0.2623135,0.011119859,0.26351473,0.00314321,0.38967022,0.023531452,0.23123977,0.011133749
375316653866487564,3109779317006671360,0.5621081,2213.98504719559,1.2367922487687688,1.794537E-5,16.845072,9.5467E-4,0.268739,0.0043063434,0.030465255,0.0034288755,0.097106524,0.021989057,null,null,null,null,null,null,0.01683926,0.0014880747,0.268739,0.0043063434,"ONEGAUSSIAN_WITH_ELLIPSOIDAL",6,1.5380813,0.268739,0.0043063434,0.17060542,0.019201702,0.13078499,0.021793557,null,null,null,null,null,null
375316653866487564,3109782581181925248,0.5504332,2190.249668263082,3.891218311756389,1.3122386E-5,19.31797,0.014385632,0.3232389,0.014433211,0.07976909,0.021414958,0.28983206,0.02298943,0.82286453,0.003703183,0.08444339,0.008666998,0.33305693,0.02347273,null,null,null,null,"TWOGAUSSIANS",8,1.0412436,0.82286453,0.003703183,0.4,0.0,0.32706127,0.027105514,0.3232389,0.014433211,0.4,0.021460345,0.2838364,0.025320807
375316653866487564,3109784337832453632,0.5127984,2185.950530715242,0.4763522606646267,8.14295E-6,13.29613,0.0047264015,0.2933104,0.010457629,0.061498903,0.027694061,0.03133418,0.011525598,0.7781082,0.01294398,0.03283516,0.007506614,0.16818602,0.044737123,0.017324723,0.006193814,0.2933104,0.010457629,"TWOGAUSSIANS_WITH_ELLIPSOIDAL_ON_ECLIPSE1",9,40.316135,0.7783682,0.0126851285,0.1838769,0.042037036,0.20251764,0.039530925,0.2933104,0.010457629,0.34439385,0.14474061,0.06597559,0.007284121
375316653866487564,3109785128106442496,0.5062621,2167.3133914098617,0.828417319051475,1.3685387E-5,18.324585,0.037176497,0.5198041,0.0788845,0.15132909,0.22310083,0.03858501,0.03238174,0.89827067,9.992141E-4,0.0148714585,0.0013712554,0.65307975,0.16976245,null,null,null,null,"TWOGAUSSIANS",8,6.641131,0.89827067,9.992141E-4,0.08328017,0.0076790303,0.6544506,0.16892782,0.5198041,0.0788845,0.4,0.0,0.03825623,0.0125928465
375316653866487564,3109785128106452352,0.5828384,2165.640883902927,2.7554011283064894,1.9111167E-5,15.934813,0.020658497,0.26756856,0.003065254,0.08634552,0.0084490925,0.33687466,0.018543007,0.7712476,0.0020739185,0.082941316,0.0055889175,0.34408325,0.018203748,null,null,null,null,"TWOGAUSSIANS",8,20.282188,0.7712476,0.0020739185,0.4,0.0,0.33594346,0.011954573,0.26756856,0.003065254,0.4,0.0,0.32873487,0.017867774
375316653866487564,3109786292033766784,0.5189317,2205.0470915361766,0.02655889621473379,2.6984353E-5,17.656448,0.009127577,0.37566048,0.014426334,0.12525278,0.017936653,0.1722197,0.009915689,0.7962056,0.0065263677,0.06961571,0.0065833833,0.18985972,0.045780495,null,null,null,null,"TWOGAUSSIANS",8,3.6239023,0.7962056,0.0065263677,0.38984793,0.036866948,0.18639044,0.045954555,0.37566048,0.014426334,0.4,0.0,0.16813262,0.007603911
375316653866487564,3109796982216210048,0.5052605,2125.406742951712,0.05385984242237307,2.5774714E-5,11.177809,0.058660384,0.16138066,0.0049684034,0.115736045,0.019630417,0.12138972,0.050928555,0.6569601,0.011136629,0.15112987,0.04172851,0.13199218,0.058538664,null,null,null,null,"TWOGAUSSIANS",8,16.603838,0.6569601,0.011136629,0.4,0.0,0.08979605,0.004218804,0.16163068,0.0043029045,0.4,0.0,0.08028539,0.0051158154
375316653866487564,3109797600691462144,0.50266516,2098.859590340907,1.3564597598526253,3.308824E-5,16.205683,0.022065138,0.27893513,0.012360887,0.09018448,0.027834164,0.11405895,0.019523308,0.81224495,0.011181049,0.103371546,0.033967044,0.055140655,0.02096044,null,null,null,null,"TWOGAUSSIANS",8,9.544331,0.27892515,0.012358631,0.4,0.0,0.110641465,0.016017778,0.81224495,0.011181516,0.4,0.0,0.051721193,0.0116374465
375316653866487564,3109798558460453376,0.5256328,2086.9196088564413,3.0885019398973825,3.0753385E-5,17.989155,0.074996874,0.14136475,0.0075626024,0.10697725,0.028553799,0.21914287,0.075143926,0.6450977,0.0055087646,0.1109353,0.02682334,0.25541562,0.07025622,null,null,null,null,"TWOGAUSSIANS",8,3.4048269,0.6450977,0.0055095106,0.4,0.0,0.22268759,0.03556326,0.14135475,0.007600563,0.4,0.0,0.18642685,0.010668295
