Gaia/vari_eclipsing_binary/VariEclipsingBinary_635255-635388.csv
# %ECSV 1.0
# ---
# delimiter: ','
# meta: !!omap
# - RELEASE: Gaia DR3
# - TABLE: vari_eclipsing_binary
# - DESCRIPTION: >
#     This table describes the properties of the eclipsing binaries resulting from the variability analysis. 
# - CITATION: >
#     How to cite and acknowledge Gaia: 
#     https://gea.esac.esa.int/archive/documentation/credits.html 
# - KNOWN_ISSUES: >
#     Known issues: 
#     https://www.cosmos.esa.int/web/gaia-users/known-issues 
# - DOCUMENTATION: >
#     Tutorials and documentation: 
#     https://www.cosmos.esa.int/web/gaia-users/archive 
# datatype:
# - 
#   name: solution_id
#   datatype: int64
#   description: Solution Identifier
#   meta:
#     ucd: meta.version
# - 
#   name: source_id
#   datatype: int64
#   description: Unique source identifier
#   meta:
#     ucd: meta.id;meta.main
# - 
#   name: global_ranking
#   datatype: float32
#   description: Number between 0 (worst) and 1 (best)
#   meta:
#     ucd: stat.param
# - 
#   name: reference_time
#   datatype: float64
#   unit: d
#   description: Reference time used for the geometric model fit
#   meta:
#     ucd: time.epoch
# - 
#   name: frequency
#   datatype: float64
#   unit: d**-1
#   description: Frequency of geometric model of the eclipsing binary light curve
#   meta:
#     ucd: src.orbital
# - 
#   name: frequency_error
#   datatype: float32
#   unit: d**-1
#   description: "Uncertainty of \\texttt{frequency}"
#   meta:
#     ucd: stat.error
# - 
#   name: geom_model_reference_level
#   datatype: float32
#   unit: mag
#   description: Magnitude reference level of geometric model
#   meta:
#     ucd: phot.mag;em.opt
# - 
#   name: geom_model_reference_level_error
#   datatype: float32
#   unit: mag
#   description: "Uncertainty of \\texttt{geomModelReferenceLevel}"
#   meta:
#     ucd: stat.error;phot.mag;em.opt
# - 
#   name: geom_model_gaussian1_phase
#   datatype: float32
#   description: Phase of the Gaussian 1 component
#   meta:
#     ucd: time.phase
# - 
#   name: geom_model_gaussian1_phase_error
#   datatype: float32
#   description: "Uncertainty of \\texttt{geomModelGaussian1Phase}"
#   meta:
#     ucd: stat.error;time.phase
# - 
#   name: geom_model_gaussian1_sigma
#   datatype: float32
#   description: "Standard deviation [phase] of Gaussian 1 component"
#   meta:
#     ucd: stat.stdev
# - 
#   name: geom_model_gaussian1_sigma_error
#   datatype: float32
#   description: "Uncertainty of \\texttt{geomModelGaussian1Sigma}"
#   meta:
#     ucd: stat.error
# - 
#   name: geom_model_gaussian1_depth
#   datatype: float32
#   unit: mag
#   description: Magnitude depth of Gaussian 1 component
#   meta:
#     ucd: src.var.amplitude
# - 
#   name: geom_model_gaussian1_depth_error
#   datatype: float32
#   unit: mag
#   description: "Uncertainty of \\texttt{geomModelGaussian1Depth}"
#   meta:
#     ucd: stat.error;src.var.amplitude
# - 
#   name: geom_model_gaussian2_phase
#   datatype: float32
#   description: Phase of Gaussian 2 component
#   meta:
#     ucd: time.phase
# - 
#   name: geom_model_gaussian2_phase_error
#   datatype: float32
#   description: "Uncertainty of \\texttt{geomModelGaussian2Phase}"
#   meta:
#     ucd: stat.error;time.phase
# - 
#   name: geom_model_gaussian2_sigma
#   datatype: float32
[...]
#   datatype: float32
#   description: "Secondary eclipse: uncertainty of \\texttt{derivedSecondaryEclDuration}"
#   meta:
#     ucd: stat.error;time.duration
# - 
#   name: derived_secondary_ecl_depth
#   datatype: float32
#   unit: mag
#   description: "Secondary eclipse: depth"
#   meta:
#     ucd: src.var.amplitude
# - 
#   name: derived_secondary_ecl_depth_error
#   datatype: float32
#   unit: mag
#   description: "Secondary eclipse: uncertainty of \\texttt{derivedSecondaryEclDepth}"
#   meta:
#     ucd: stat.error;src.var.amplitude
solution_id,source_id,global_ranking,reference_time,frequency,frequency_error,geom_model_reference_level,geom_model_reference_level_error,geom_model_gaussian1_phase,geom_model_gaussian1_phase_error,geom_model_gaussian1_sigma,geom_model_gaussian1_sigma_error,geom_model_gaussian1_depth,geom_model_gaussian1_depth_error,geom_model_gaussian2_phase,geom_model_gaussian2_phase_error,geom_model_gaussian2_sigma,geom_model_gaussian2_sigma_error,geom_model_gaussian2_depth,geom_model_gaussian2_depth_error,geom_model_cosine_half_period_amplitude,geom_model_cosine_half_period_amplitude_error,geom_model_cosine_half_period_phase,geom_model_cosine_half_period_phase_error,model_type,num_model_parameters,reduced_chi2,derived_primary_ecl_phase,derived_primary_ecl_phase_error,derived_primary_ecl_duration,derived_primary_ecl_duration_error,derived_primary_ecl_depth,derived_primary_ecl_depth_error,derived_secondary_ecl_phase,derived_secondary_ecl_phase_error,derived_secondary_ecl_duration,derived_secondary_ecl_duration_error,derived_secondary_ecl_depth,derived_secondary_ecl_depth_error
[from data line 690]
375316653866487564,5588733353910856448,0.4854711,2223.110144086203,3.360070387643688,2.4485036E-5,19.575056,0.030227333,0.22883289,0.010021428,0.07530783,0.012209748,0.29623106,0.037286673,0.7381523,0.011025956,0.082097396,0.026892157,0.27389756,0.029948948,null,null,null,null,"TWOGAUSSIANS",8,2.5205986,0.22883289,0.010021428,0.4,0.0,0.29320514,0.03263074,0.7381523,0.011025956,0.4,0.0,0.27087164,0.03273309
375316653866487564,5588735896531552640,0.43702322,2231.238196872284,0.06362392287461215,3.991924E-5,18.05565,0.45155168,0.09460586,0.007805636,0.026799932,0.0067583066,0.081378035,0.016962485,0.6012828,0.010836625,0.27646443,0.15330032,0.25684723,0.42901218,null,null,null,null,"TWOGAUSSIANS",8,8.576208,0.6012828,0.010836625,0.4,0.0,0.14903513,0.01410994,0.09442586,0.007840347,0.15007962,0.037846517,0.07299654,0.01907085
375316653866487564,5588736343208123008,0.6324172,2218.5565618152314,1.7719204576559389,6.116532E-6,18.176516,0.0029477673,0.21126741,0.0018367459,0.039792832,0.004863776,0.081106015,0.0075380974,0.7054728,0.0033498046,0.04585713,0.0018628975,0.46023837,0.0143014705,0.048916638,0.0045053284,0.21126741,0.0018367459,"TWOGAUSSIANS_WITH_ELLIPSOIDAL_ON_ECLIPSE1",9,1.1457319,0.70567286,0.0032282174,0.25679994,0.010432226,0.55794597,0.011536208,0.21126741,0.0018367459,0.22283986,0.027237143,0.17893884,0.005125746
375316653866487564,5588736450587463808,0.6235274,2221.1839356825994,3.393684368738871,3.828838E-6,18.553076,0.0073116715,0.24861567,0.0020184736,0.042409606,0.0028642216,0.27690697,0.018687451,0.7382168,0.004416054,0.053850334,0.0033801747,0.32703495,0.022523329,0.11615114,0.011525696,0.24861567,0.0020184736,"TWOGAUSSIANS_WITH_ELLIPSOIDAL_ON_ECLIPSE1",9,2.0232713,0.7396668,0.0036953303,0.30156186,0.018928979,0.55848104,0.014317584,0.24861567,0.0020184736,0.2374938,0.016039642,0.5092052,0.0076361215
375316653866487564,5588738610951074432,0.45903063,2231.997536259823,2.1299955355184124,2.9795241E-5,18.238287,0.015197259,0.28933477,0.022717264,0.08030156,0.030950882,0.16280676,0.063889794,0.7739895,0.008177371,0.08002895,0.01270205,0.18184364,0.018821437,null,null,null,null,"TWOGAUSSIANS",8,13.02423,0.7739895,0.008177371,0.4,0.0,0.17987958,0.01702106,0.28933477,0.022717264,0.4,0.038912166,0.1608427,0.06654825
375316653866487564,5588739955281021696,0.4808428,2237.5008909747025,0.406907178339157,4.5159624E-5,17.387222,0.0015379583,0.7215696,0.0041791466,0.022028966,0.0050027138,0.12161184,0.035306703,null,null,null,null,null,null,0.012395495,0.002234006,0.7215696,0.0041791466,"ONEGAUSSIAN_WITH_ELLIPSOIDAL",6,2.1938431,0.7215696,0.0041791466,0.12336221,0.028015198,0.14640282,0.035968877,null,null,null,null,null,null
375316653866487564,5588742837196649600,0.5396078,2218.5418683406856,2.7527326825872214,8.7454855E-6,19.06509,0.009380933,0.22099076,0.002850604,0.086721055,0.0042814156,0.3105554,0.016761012,0.71932983,0.0029985139,0.09074378,0.0048768707,0.29047698,0.010505896,null,null,null,null,"TWOGAUSSIANS",8,1.5215935,0.22099076,0.002850604,0.4,0.0,0.29951686,0.016736228,0.71932983,0.0029985139,0.4,0.0,0.27943832,0.009656229
375316653866487564,5588743185096443392,0.60194546,2245.447549730813,1.0716205131782142,7.918614E-6,15.387112,0.014528802,0.22922622,0.001964985,0.11676625,0.008761444,0.19181444,0.012891978,0.73366714,0.0022867974,0.100821786,0.0074787084,0.19754031,0.013477786,null,null,null,null,"TWOGAUSSIANS",8,13.400225,0.73367715,0.0022955993,0.4,0.0,0.17120524,0.0053765764,0.22922622,0.001964985,0.4,0.0,0.16544068,0.004697038
375316653866487564,5588743528693788032,0.59200025,2216.4526500583556,3.885104886895083,9.541425E-6,16.700153,0.016107455,0.24444671,0.0024761644,0.051846176,0.0054520494,0.46057892,0.04429759,0.7442348,0.002927577,0.05755256,0.0054019084,0.40429235,0.0349649,0.09641886,0.01955287,0.24444671,0.0024761644,"TWOGAUSSIANS_WITH_ELLIPSOIDAL_ON_ECLIPSE1",9,41.56793,0.24444671,0.0024761644,0.29033858,0.030531477,0.65337956,0.05035274,0.7442548,0.0026755417,0.32229435,0.030250687,0.5970927,0.010139453
375316653866487564,5588744147169111040,0.6268849,2227.2247252400834,0.3070732033557289,1.5344607E-5,16.206316,0.0015399511,0.2537525,6.6096894E-4,0.020916674,0.0013029743,0.20999056,0.00719744,0.7508342,0.003923181,0.01824995,0.00508516,0.34893414,0.17801836,0.0105840955,0.0025102317,0.2537525,6.6096894E-4,"TWOGAUSSIANS_WITH_ELLIPSOIDAL_ON_ECLIPSE1",9,6.2999296,0.7508342,0.003914746,0.10219972,0.028476898,0.37009516,0.17939311,0.2537525,6.6096894E-4,0.11713337,0.007296656,0.23115869,0.0073245647
375316653866487564,5588745104941784704,0.5316439,2253.588883316556,4.692166588153093,1.14197705E-4,19.184893,0.0052803,0.063626796,0.08393464,0.039419215,0.058415007,0.016087161,0.1398952,0.30164102,0.022242758,0.017876675,0.004858606,2.1096373,3.2264965,null,null,null,null,"TWOGAUSSIANS",8,1.9932021,0.30164102,0.022242758,0.10010938,0.027208194,2.1096373,3.2265108,0.063626796,0.08393464,0.2207476,0.28082097,0.016087161,0.13989522
375316653866487564,5588746067014620800,0.49991435,2224.2130792158187,2.3399482126668896,6.886862E-5,19.74546,0.027855696,0.32210648,0.011934962,0.021305598,0.012214752,0.75205624,151.8407,0.56494415,0.093537875,0.08951606,0.16145928,0.044244368,0.022121955,null,null,null,null,"TWOGAUSSIANS",8,2.932614,0.32212648,0.011915856,0.11931135,0.06840261,0.753173,151.84082,0.56494415,0.093537875,0.4,0.27548286,0.044244353,0.017691124
375316653866487564,5588747651862274304,0.6083082,2225.055735662153,2.6584017221735827,3.142005E-6,16.293877,0.010387619,0.24849917,0.0010914013,0.047209155,0.002855433,0.3715088,0.02766294,0.74933755,0.0016644726,0.04821631,0.0042578187,0.34573418,0.030294245,0.12596057,0.014516207,0.24849917,0.0010914013,"TWOGAUSSIANS_WITH_ELLIPSOIDAL_ON_ECLIPSE1",9,30.89912,0.24849917,0.0010914013,0.26437125,0.015990425,0.6234292,0.016698798,0.74933755,0.0016619706,0.27001134,0.023843786,0.59764755,0.03263778
375316653866487564,5588750465061337856,0.57769406,2245.1871671005947,1.2513871630444933,2.6358605E-6,19.018267,0.0032638595,0.29637262,0.020544408,0.0042277244,0.0078884,0.50081944,2.0696023,0.7951395,2.6254544E-5,0.007984858,8.02549E-5,1.9433029,0.015736554,0.001897648,0.005533467,0.29637262,0.020544408,"TWOGAUSSIANS_WITH_ELLIPSOIDAL_ON_ECLIPSE1",9,3.625757,0.7951395,2.6254544E-5,0.044715207,4.4942743E-4,1.9470979,0.026000433,0.29637262,0.020544408,0.023675257,0.04417504,0.5046147,2.0692482
375316653866487564,5588750641159443584,0.5475904,2263.1772807211446,0.11112490849861574,1.2132158E-6,17.672026,0.0010489702,0.3032827,7.098934E-6,0.0017813529,5.9208633E-5,0.1897496,0.01737094,0.46852794,0.0199169,0.01747225,0.013937002,0.6087496,0.52840936,null,null,null,null,"TWOGAUSSIANS",8,1.5348383,0.46852794,0.0199169,0.0978446,0.07804721,0.6087496,0.52840936,0.3032827,7.098934E-6,0.009975576,3.3156836E-4,0.1897496,0.01737094
375316653866487564,5588753797956092672,0.5417699,2237.6776209653453,0.17607529265123265,6.2888525E-5,18.45243,0.0023139147,0.17275336,2.3485718E-5,0.009102873,9.154953E-5,0.24247389,0.0020072155,0.6677876,9.6952106E-5,0.010073451,1.13034046E-4,0.2603973,0.0023047763,null,null,null,null,"TWOGAUSSIANS",8,1.9105649,0.6677876,9.6952106E-5,0.05641133,6.329906E-4,0.2603973,0.0023047763,0.17275336,2.3485718E-5,0.050976083,5.1267736E-4,0.24247389,0.0020072155
375316653866487564,5588754519513104000,0.52694523,2248.5625267807713,2.960549014363753,1.2758256E-5,18.894081,0.02062553,0.26092938,0.004377145,0.094027564,0.010775984,0.27477482,0.017818287,0.75967896,0.008845277,0.08815203,0.009804431,0.3089236,0.025925707,null,null,null,null,"TWOGAUSSIANS",8,2.724021,0.75967896,0.008845277,0.4,0.0,0.29573277,0.017003579,0.26092938,0.004377145,0.4,0.0,0.26158366,0.010675735
375316653866487564,5588755176644905600,0.6854116,2261.2848533320466,1.4863056490434061,1.7691488E-6,14.45244,0.0049847346,0.14261037,0.0023509928,0.065442815,0.0050188606,0.107168235,0.010041328,0.63813096,5.297373E-4,0.058659166,0.0031704758,0.14619428,0.010860648,0.094903186,0.0061550243,0.63813096,5.297373E-4,"TWOGAUSSIANS_WITH_ELLIPSOIDAL_ON_ECLIPSE2",9,15.671517,0.63813096,5.297373E-4,0.32849133,0.017754665,0.33592832,0.0038264391,0.14093037,0.0013733564,0.36647978,0.02810562,0.29680824,0.0033919713
375316653866487564,5588756340572315904,0.57862574,2194.9239317487545,2.645881309533696,9.2070595E-6,18.727144,0.006947738,0.2941231,0.0022169908,0.08231221,0.00391642,0.37474832,0.0086514605,0.7932067,0.0032105187,0.08058307,0.0035209374,0.41873598,0.014427898,null,null,null,null,"TWOGAUSSIANS",8,2.6301289,0.7932067,0.0032105187,0.4,0.0,0.41173586,0.014254056,0.2941231,0.0022169908,0.4,0.0,0.36774817,0.008647753
375316653866487564,5588757714962060288,0.4999172,2196.7502002567503,0.528080598897035,6.9435973E-6,18.48831,0.005246142,0.5950387,0.005970757,0.028881654,0.005460911,0.09849354,0.010682475,0.8500708,0.0012898316,0.017445572,0.0016667481,0.32179585,0.04121322,null,null,null,null,"TWOGAUSSIANS",8,5.605153,0.8500708,0.0012898316,0.0976952,0.009333789,0.32179585,0.04121322,0.5950387,0.005970757,0.16173726,0.030581102,0.09849354,0.010682475
375316653866487564,5588758165942966016,0.76420534,2216.167358582682,0.09991083901162204,2.1331569E-5,14.380693,5.2981544E-4,0.25596428,9.974579E-5,0.008118194,8.179077E-5,0.5681651,0.0030676054,0.7579566,0.0041554095,0.00987874,0.0012750106,0.50945807,0.15542348,null,null,null,null,"TWOGAUSSIANS",8,5.877643,0.25596428,9.974579E-5,0.045461886,4.580283E-4,0.5681651,0.0030676054,0.7579566,0.0041554095,0.05532094,0.0071400595,0.50945807,0.15542348
375316653866487564,5588759295510307456,0.64887935,2194.9468591254536,2.464271176584274,3.8196677E-6,16.772833,0.005226267,0.25019217,8.778144E-4,0.05241773,0.0041496595,0.11195625,0.01223134,0.74785906,0.002802219,0.05670267,0.0041163056,0.112865776,0.013471595,0.09787724,0.007605299,0.25019217,8.778144E-4,"TWOGAUSSIANS_WITH_ELLIPSOIDAL_ON_ECLIPSE1",9,2.9594498,0.748569,0.0018640491,0.31753495,0.023051312,0.30858377,0.0062181996,0.25019217,8.778144E-4,0.2935393,0.023238093,0.30770344,0.004467987
375316653866487564,5588759402893519872,0.5021828,2183.737592305407,1.6250540218530067,1.057985E-5,16.69926,0.016433535,0.19314244,0.003423204,0.12087865,0.014994749,0.08240929,0.015392408,0.6654424,0.0061663333,0.13369226,0.02001235,0.078210115,0.015920598,null,null,null,null,"TWOGAUSSIANS",8,2.8818393,0.19370244,0.003206809,0.4,0.0,0.06392729,0.002864607,0.6654424,0.0061663333,0.4,0.0,0.0595883,0.0042992984
375316653866487564,5588762323468567424,0.5085851,2237.9888936814746,3.268642938948117,2.1448208E-5,19.747868,0.026658615,0.18617648,0.007210883,0.09084591,0.013533973,0.302686,0.027739218,0.69300586,0.011779575,0.089906216,0.019828696,0.2971578,0.02512187,null,null,null,null,"TWOGAUSSIANS",8,1.4895204,0.18617648,0.007210883,0.4,0.0,0.29091668,0.025052754,0.69300586,0.011779575,0.4,0.0,0.28538853,0.029293312
375316653866487564,5588763830995882112,0.5621614,2237.98984053429,3.3259305538349433,8.560828E-6,18.190968,0.005778414,0.22634198,0.0021169607,0.07733786,0.00274304,0.25126976,0.008126404,0.72777754,0.001873628,0.07998978,0.0036262663,0.24494623,0.007382021,null,null,null,null,"TWOGAUSSIANS",8,2.1495955,0.22634198,0.0021169607,0.4,0.0,0.24818212,0.0077882973,0.72777754,0.001873628,0.4,0.0,0.24185859,0.007439168
375316653866487564,5588764896147634560,0.54659134,2200.8435998804102,2.1610439633609584,1.3201936E-5,18.376642,0.0062227463,0.23324122,0.0033157738,0.08888377,0.0041427957,0.2272949,0.008657059,0.74141777,0.004809834,0.08897095,0.005430884,0.23308729,0.012157226,null,null,null,null,"TWOGAUSSIANS",8,2.4226735,0.74141777,0.004809834,0.4,0.0,0.22531903,0.011343252,0.23324122,0.0033157738,0.4,0.0,0.21952665,0.0076728463
375316653866487564,5588766373617476864,0.47903547,2237.596014795561,0.83519431410127,5.7968673E-6,18.863552,0.011800732,0.102139965,0.0015179246,0.030986197,0.0026565823,0.39982542,0.02060005,0.5972866,0.005139842,0.034068663,0.0035271372,0.29063883,0.03652529,null,null,null,null,"TWOGAUSSIANS",8,13.624274,0.102139965,0.0015179246,0.17352271,0.014876861,0.39982542,0.02060005,0.5972866,0.005139842,0.19078451,0.01975197,0.29063883,0.03652529
375316653866487564,5588766480999512576,0.5030108,2220.704269858374,0.9494030661410814,1.1106938E-5,14.0073395,0.0010394916,0.069125816,0.059323613,0.054417837,0.043855757,0.006137539,0.002418821,0.68750864,0.0028020767,0.057483498,0.006539196,0.020592935,0.0026248933,0.01837338,0.0012292909,0.68750864,0.0028020767,"TWOGAUSSIANS_WITH_ELLIPSOIDAL_ON_ECLIPSE2",9,13.304997,0.68750864,0.0028020767,0.32190758,0.036619496,0.05733809,0.0026737447,0.17653582,0.15583378,0.3047399,0.24559224,0.03744577,0.02294158
375316653866487564,5588774757392635520,0.46039602,2235.250711972913,1.7195263585579827,1.988522E-5,19.072374,0.0090263905,0.21701051,0.011226196,0.044623315,0.010593432,0.070303224,0.012659705,0.70251876,0.029283972,0.042428482,0.028207645,0.29062796,0.10848475,null,null,null,null,"TWOGAUSSIANS",8,5.340472,0.70251876,0.029283972,0.23759949,0.15796281,0.29062793,0.108489715,0.21701051,0.011226196,0.24989057,0.05932322,0.07030322,0.0126574775
375316653866487564,5588780632909322240,0.48454094,2233.488614933367,0.87857225478698,5.3811134E-5,19.420383,0.0069418475,0.25706807,0.006557497,0.03888273,0.004536618,0.30462036,0.032606885,0.757211,0.008125718,0.03803685,0.01963207,0.14998429,0.10238446,null,null,null,null,"TWOGAUSSIANS",8,2.1748285,0.25706807,0.006557497,0.21774329,0.02540506,0.30462036,0.032606877,0.757211,0.008125718,0.21300635,0.10993958,0.14998429,0.10238456
375316653866487564,5588783794005352960,0.5618516,2219.868938602195,4.82785827883544,5.4346612E-5,18.01029,0.0023352765,0.21842673,0.003911458,0.016090784,0.0023064974,0.43015486,0.08825276,0.6297363,0.052828677,0.06367846,0.0316628,0.012721954,0.0053999117,null,null,null,null,"TWOGAUSSIANS",8,2.1098557,0.21842673,0.003911458,0.090108395,0.012916385,0.43015486,0.08825276,0.6297363,0.052828677,0.3565994,0.17731169,0.012721954,0.0053999117
375316653866487564,5588784829099773056,0.639452,2176.4860003697213,0.6819430932068047,2.0743921E-6,16.33219,0.0019553518,0.24946132,0.0026335684,0.023862572,0.002716255,0.18555233,0.007960747,0.7483719,0.001430617,0.019585265,0.0012480039,0.67648715,0.06835449,null,null,null,null,"TWOGAUSSIANS",8,8.731777,0.7483719,0.001430617,0.109677486,0.006988822,0.67648715,0.06835449,0.24946132,0.0026335684,0.13363041,0.015211028,0.18555233,0.007960747
375316653866487564,5588788643030656256,0.5338923,2208.965030505094,0.6545221969698215,9.39446E-6,16.75861,0.0054483744,0.17561406,0.0018614243,0.040623415,0.001759194,0.4889014,0.025707958,0.6799149,0.026695047,0.049335163,0.03351398,0.25566047,0.15340152,null,null,null,null,"TWOGAUSSIANS",8,50.70451,0.17561406,0.0018614243,0.22749113,0.009851486,0.4889013,0.025706828,0.6799149,0.026695047,0.27627692,0.16773951,0.25566036,0.15341857
375316653866487564,5588788814831471488,0.5911571,2217.1139543759386,3.2729962561989376,6.0517878E-6,17.096016,0.005053648,0.2529287,0.0020979757,0.033465896,0.002710181,0.1909947,0.01510175,0.76733756,0.0018644194,0.0435468,0.003385366,0.22052102,0.015781412,0.12434997,0.0069670836,0.76733756,0.0018644194,"TWOGAUSSIANS_WITH_ELLIPSOIDAL_ON_ECLIPSE2",9,9.265511,0.76733756,0.0018644194,0.24386208,0.018958049,0.4692206,0.011188966,0.25440872,0.001931636,0.18740901,0.015177013,0.43787003,0.012369303
