Gaia/vari_eclipsing_binary/VariEclipsingBinary_523752-524427.csv
# %ECSV 1.0
# ---
# delimiter: ','
# meta: !!omap
# - RELEASE: Gaia DR3
# - TABLE: vari_eclipsing_binary
# - DESCRIPTION: >
#     This table describes the properties of the eclipsing binaries resulting from the variability analysis. 
# - CITATION: >
#     How to cite and acknowledge Gaia: 
#     https://gea.esac.esa.int/archive/documentation/credits.html 
# - KNOWN_ISSUES: >
#     Known issues: 
#     https://www.cosmos.esa.int/web/gaia-users/known-issues 
# - DOCUMENTATION: >
#     Tutorials and documentation: 
#     https://www.cosmos.esa.int/web/gaia-users/archive 
# datatype:
# - 
#   name: solution_id
#   datatype: int64
#   description: Solution Identifier
#   meta:
#     ucd: meta.version
# - 
#   name: source_id
#   datatype: int64
#   description: Unique source identifier
#   meta:
#     ucd: meta.id;meta.main
# - 
#   name: global_ranking
#   datatype: float32
#   description: Number between 0 (worst) and 1 (best)
#   meta:
#     ucd: stat.param
# - 
#   name: reference_time
#   datatype: float64
#   unit: d
#   description: Reference time used for the geometric model fit
#   meta:
#     ucd: time.epoch
# - 
#   name: frequency
#   datatype: float64
#   unit: d**-1
#   description: Frequency of geometric model of the eclipsing binary light curve
#   meta:
#     ucd: src.orbital
# - 
#   name: frequency_error
#   datatype: float32
#   unit: d**-1
#   description: "Uncertainty of \\texttt{frequency}"
#   meta:
#     ucd: stat.error
# - 
#   name: geom_model_reference_level
#   datatype: float32
#   unit: mag
#   description: Magnitude reference level of geometric model
#   meta:
#     ucd: phot.mag;em.opt
# - 
#   name: geom_model_reference_level_error
#   datatype: float32
#   unit: mag
#   description: "Uncertainty of \\texttt{geomModelReferenceLevel}"
#   meta:
#     ucd: stat.error;phot.mag;em.opt
# - 
#   name: geom_model_gaussian1_phase
#   datatype: float32
#   description: Phase of the Gaussian 1 component
#   meta:
#     ucd: time.phase
# - 
#   name: geom_model_gaussian1_phase_error
#   datatype: float32
#   description: "Uncertainty of \\texttt{geomModelGaussian1Phase}"
#   meta:
#     ucd: stat.error;time.phase
# - 
#   name: geom_model_gaussian1_sigma
#   datatype: float32
#   description: "Standard deviation [phase] of Gaussian 1 component"
#   meta:
#     ucd: stat.stdev
# - 
#   name: geom_model_gaussian1_sigma_error
#   datatype: float32
#   description: "Uncertainty of \\texttt{geomModelGaussian1Sigma}"
#   meta:
#     ucd: stat.error
# - 
#   name: geom_model_gaussian1_depth
#   datatype: float32
#   unit: mag
#   description: Magnitude depth of Gaussian 1 component
#   meta:
#     ucd: src.var.amplitude
# - 
#   name: geom_model_gaussian1_depth_error
#   datatype: float32
#   unit: mag
#   description: "Uncertainty of \\texttt{geomModelGaussian1Depth}"
#   meta:
#     ucd: stat.error;src.var.amplitude
# - 
#   name: geom_model_gaussian2_phase
#   datatype: float32
#   description: Phase of Gaussian 2 component
#   meta:
#     ucd: time.phase
# - 
#   name: geom_model_gaussian2_phase_error
#   datatype: float32
#   description: "Uncertainty of \\texttt{geomModelGaussian2Phase}"
#   meta:
#     ucd: stat.error;time.phase
# - 
#   name: geom_model_gaussian2_sigma
#   datatype: float32
[...]
#   datatype: float32
#   description: "Secondary eclipse: uncertainty of \\texttt{derivedSecondaryEclDuration}"
#   meta:
#     ucd: stat.error;time.duration
# - 
#   name: derived_secondary_ecl_depth
#   datatype: float32
#   unit: mag
#   description: "Secondary eclipse: depth"
#   meta:
#     ucd: src.var.amplitude
# - 
#   name: derived_secondary_ecl_depth_error
#   datatype: float32
#   unit: mag
#   description: "Secondary eclipse: uncertainty of \\texttt{derivedSecondaryEclDepth}"
#   meta:
#     ucd: stat.error;src.var.amplitude
solution_id,source_id,global_ranking,reference_time,frequency,frequency_error,geom_model_reference_level,geom_model_reference_level_error,geom_model_gaussian1_phase,geom_model_gaussian1_phase_error,geom_model_gaussian1_sigma,geom_model_gaussian1_sigma_error,geom_model_gaussian1_depth,geom_model_gaussian1_depth_error,geom_model_gaussian2_phase,geom_model_gaussian2_phase_error,geom_model_gaussian2_sigma,geom_model_gaussian2_sigma_error,geom_model_gaussian2_depth,geom_model_gaussian2_depth_error,geom_model_cosine_half_period_amplitude,geom_model_cosine_half_period_amplitude_error,geom_model_cosine_half_period_phase,geom_model_cosine_half_period_phase_error,model_type,num_model_parameters,reduced_chi2,derived_primary_ecl_phase,derived_primary_ecl_phase_error,derived_primary_ecl_duration,derived_primary_ecl_duration_error,derived_primary_ecl_depth,derived_primary_ecl_depth_error,derived_secondary_ecl_phase,derived_secondary_ecl_phase_error,derived_secondary_ecl_duration,derived_secondary_ecl_duration_error,derived_secondary_ecl_depth,derived_secondary_ecl_depth_error
[from data line 321]
375316653866487564,4611631631259007104,0.60498124,2162.561396268528,0.7525929696648446,1.2547853E-5,13.864871,0.0018717581,0.33532146,0.0053126574,0.04053558,0.0024282935,1.605218,0.40121415,0.58055854,0.098057196,0.032711405,0.0655761,0.01232947,0.12767233,0.0039775926,0.0021706945,0.33532146,0.0053126574,"TWOGAUSSIANS_WITH_ELLIPSOIDAL_ON_ECLIPSE1",9,121.34342,0.33532146,0.005304677,0.22699924,0.013598444,1.6131732,0.4024157,0.58055854,0.098142594,0.18318386,0.25054148,0.012336585,0.1277829
375316653866487564,4611640530431322112,0.49898142,2177.78213493132,0.27537691671055087,2.004003E-5,12.789958,0.027106678,0.27371556,0.0022010119,0.03862131,0.00750527,0.19234528,0.028141381,0.7623095,0.042281624,0.07220935,0.050200358,0.15096962,0.012524861,null,null,null,null,"TWOGAUSSIANS",8,755.202,0.27371556,0.0021929492,0.21627934,0.04202951,0.19233784,0.027465623,0.7623095,0.042281624,0.4,0.015194226,0.15096219,0.0118475305
375316653866487564,4611648463235017600,0.46055263,2214.558250921248,2.3339266491669104,1.4268045E-5,18.930367,0.0133855445,0.28759855,0.0020178978,0.030137118,0.0025988063,0.39701784,0.027229413,0.7746185,0.12706952,0.07287779,0.098156825,0.038381953,0.019571612,null,null,null,null,"TWOGAUSSIANS",8,5.9419613,0.28759855,0.0020089634,0.16876785,0.014553316,0.39701727,0.027477922,0.7746185,0.12706952,0.4,0.046540704,0.0383814,0.019938672
375316653866487564,4611652315821501952,0.44968507,2173.5595127191386,1.010436200664976,1.1035206E-5,17.558214,0.006743133,0.16082764,0.0039686267,0.011510917,0.0018122281,0.41344574,0.3410849,0.6463871,0.010406595,0.015298853,0.005197559,0.14931521,0.078647465,null,null,null,null,"TWOGAUSSIANS",8,33.68428,0.16082764,0.0039686267,0.064461134,0.010148478,0.41344574,0.3410849,0.6463871,0.010406595,0.08567357,0.029106332,0.14931521,0.078647465
375316653866487564,4611685812270818432,0.49062592,2160.2221627156227,2.1325719052839776,1.1179501E-6,19.588842,0.0048260377,0.5264296,8.980773E-6,0.004116295,4.1021398E-5,1.647509,0.020815104,0.71901894,0.0053673172,0.02228966,0.0053565474,0.17352612,0.04900036,null,null,null,null,"TWOGAUSSIANS",8,1.4248575,0.5264296,8.980773E-6,0.02305125,2.2971982E-4,1.647509,0.020815104,0.71901894,0.0053673172,0.1248221,0.029996665,0.17352612,0.04900036
375316653866487564,4611722542829406336,0.70214784,2168.6677177575425,2.7916453578866016,4.126864E-6,15.423676,0.004678743,0.27760234,0.0025880893,0.04133385,0.036649607,0.73285055,null,0.77581507,0.001604527,0.04743147,0.001528553,0.4770015,0.0121901715,0.13514812,0.006281921,0.27760234,0.0025880893,"TWOGAUSSIANS_WITH_ELLIPSOIDAL_ON_ECLIPSE1",9,24.868248,0.27760234,0.0025880893,0.23146956,0.2052378,1.0031462,null,0.77597505,0.0013364848,0.26561624,0.008559897,0.7472662,0.008246392
375316653866487564,4611723333103427200,0.5535958,2141.631642938047,3.8627012255432818,1.33156755E-5,19.332577,0.017101634,0.26436174,0.004376022,0.06537205,0.0046548345,0.5490757,0.019842876,0.76619697,0.0036963741,0.06550504,0.004739367,0.6569215,0.06706648,null,null,null,null,"TWOGAUSSIANS",8,3.4687328,0.76619697,0.0036963741,0.36682823,0.026540456,0.65615076,0.06728422,0.26436174,0.004376022,0.36608347,0.026067073,0.54830503,0.019541357
375316653866487564,4611744709157749376,0.58989626,2173.1019692491654,2.9013921196507457,6.6942916E-6,14.30669,0.023430595,0.23074262,0.0084623685,0.05729996,0.012785567,0.1495939,0.050528638,0.72749394,0.0014871733,0.060705647,0.005895845,0.29467794,0.04721524,0.07593247,0.026180696,0.72749394,0.0014871733,"TWOGAUSSIANS_WITH_ELLIPSOIDAL_ON_ECLIPSE2",9,234.64227,0.72749394,0.0014871733,0.3399516,0.03301673,0.44647336,0.011245729,0.23006262,0.006627824,0.32087976,0.07159918,0.30133927,0.017430848
375316653866487564,4611758006376709504,0.63725126,2238.195464168074,3.2719588592182345,4.9789605E-6,15.518008,0.012560542,0.23815118,0.0020861228,0.052282948,0.0051891883,0.29457474,0.02851798,0.73769635,0.0021972922,0.05954275,0.0033657579,0.35860208,0.024574613,0.10336208,0.014639981,0.23815118,0.0020861228,"TWOGAUSSIANS_WITH_ELLIPSOIDAL_ON_ECLIPSE1",9,48.430573,0.7377563,0.0019311046,0.33343938,0.018848244,0.56526923,0.012335827,0.23815118,0.0020861228,0.2927845,0.029059455,0.50124335,0.01732888
375316653866487564,4611763091617028736,0.4936643,2267.66150295003,0.5627953994914601,6.5466345E-5,14.193664,9.872994E-4,0.34404728,0.034264386,0.04017012,0.05296327,0.029473482,null,0.68942076,0.0054555256,0.02737553,0.0032644547,0.36056617,0.30953765,null,null,null,null,"TWOGAUSSIANS",8,6.6223593,0.68942076,0.0054555256,0.15330297,0.018280946,0.36056617,0.30953765,0.34404728,0.034264386,0.22495267,0.29659432,0.029473482,null
375316653866487564,4611768898413548800,0.49410295,2175.518769496367,2.305761602389863,1.9205623E-5,17.578629,0.17528354,0.2408735,0.011394336,0.14401506,0.054165244,0.16739221,0.1687485,0.70968634,0.014349101,0.13651128,0.048709776,0.17380247,0.16225295,null,null,null,null,"TWOGAUSSIANS",8,3.3503983,0.70968634,0.014349101,0.4,0.0,0.11809644,0.006758437,0.2420935,0.008239649,0.4,0.0,0.11123627,0.008956457
375316653866487564,4611776869873123584,0.59769684,2202.407985823224,2.58412190919357,9.400202E-6,14.216223,0.012533303,0.27609715,0.0030510959,0.10283831,0.0068113827,0.283707,0.011779603,0.77213705,0.0033818926,0.093079045,0.0055646603,0.29621163,0.013532257,null,null,null,null,"TWOGAUSSIANS",8,105.50159,0.77213705,0.0033818926,0.4,0.0,0.27506846,0.0061788815,0.27609715,0.0030510959,0.4,0.0,0.2625599,0.008816325
375316653866487564,4611777316549655040,0.6411102,2216.714602047375,3.413486817240649,4.2286542E-6,14.1999655,0.0066884295,0.32690942,0.0010256048,0.05825395,0.005882065,0.26695585,0.023824839,0.8226013,0.0012551754,0.047630306,0.0029689907,0.21464597,0.013846955,0.09398297,0.008478543,0.32690942,0.0010256048,"TWOGAUSSIANS_WITH_ELLIPSOIDAL_ON_ECLIPSE1",9,63.466614,0.32690942,0.0010256048,0.32622212,0.03293956,0.45489436,0.030834934,0.82318133,0.0010666195,0.2667297,0.016626349,0.40246546,0.007782083
375316653866487564,4611803807907694464,0.57506996,2190.8111737454096,3.625210520901249,1.6609672E-5,16.681273,0.011779496,0.18640819,0.0030725205,0.04634361,0.010330633,0.19544004,0.072940975,0.6687208,0.006541607,0.06425263,0.009386339,0.28091392,0.031159667,0.08535669,0.017639345,0.18640819,0.0030725205,"TWOGAUSSIANS_WITH_ELLIPSOIDAL_ON_ECLIPSE1",9,33.30592,0.6716308,0.005359103,0.35981473,0.0525635,0.44982365,0.023150643,0.18640819,0.0030725205,0.25952423,0.057851546,0.36610523,0.079962246
375316653866487564,4611834074540149248,0.6336625,2176.9967996693613,3.4600331523286876,5.1677475E-6,17.376371,0.015400473,0.2790633,0.0013092718,0.05348941,0.0039608614,0.33160236,0.031778734,0.77667916,0.0031718782,0.0604534,0.006403854,0.36541104,0.033033192,0.1006419,0.017650269,0.2790633,0.0013092718,"TWOGAUSSIANS_WITH_ELLIPSOIDAL_ON_ECLIPSE1",9,7.7625494,0.7770091,0.0026886219,0.33853906,0.035861585,0.5665898,0.03387166,0.2790633,0.0013092718,0.2995407,0.022180822,0.53282005,0.009549933
375316653866487564,4611839194141145216,0.5511758,2184.430424002895,3.939819149494067,1.4088745E-5,18.917538,0.0054215426,0.30038127,0.0028226995,0.07834489,0.0036407928,0.40768334,0.008839723,0.78868324,0.0031004213,0.08484125,0.0040673497,0.29721183,0.016047826,null,null,null,null,"TWOGAUSSIANS",8,1.9412577,0.30038127,0.0028226995,0.4,0.0,0.4026297,0.008997665,0.78868324,0.0031004213,0.4,0.0,0.2921582,0.016574388
375316653866487564,4611841431819958528,0.54363954,2215.5543711727723,0.9749258082422863,5.7427504E-5,19.748075,0.004021659,0.1211266,0.011576426,0.02350118,0.0046036607,0.494598,0.031927787,0.59202087,8.804276E-6,0.0031481534,1.8155597E-4,0.2126728,0.0144238565,null,null,null,null,"TWOGAUSSIANS",8,1.0061607,0.1211266,0.011576426,0.13160661,0.0257805,0.494598,0.031927787,0.59202087,8.804276E-6,0.017629659,0.0010167133,0.2126728,0.0144238565
375316653866487564,4611846822003161088,0.52802134,2172.2387709478703,1.4351016147100992,1.20501005E-4,18.288877,0.0018394594,0.18716463,0.014100325,0.026749635,0.02023165,0.027808646,0.7759262,0.7644266,0.044750787,0.059972346,0.031368535,0.2554804,2.1975727,null,null,null,null,"TWOGAUSSIANS",8,1.0195115,0.7644266,0.044750787,0.33584514,0.17566378,0.2554804,2.1975727,0.18716463,0.014100325,0.14979796,0.11329724,0.027808646,0.7759262
375316653866487564,4611865895954975232,0.52830976,2156.0703746933127,3.3101332013179623,7.3278666E-6,17.37566,0.011779324,0.2598504,0.0040418403,0.10546572,0.007964758,0.19956988,0.011506298,0.7581186,0.0021967418,0.09366348,0.0062809763,0.18085323,0.0113166785,null,null,null,null,"TWOGAUSSIANS",8,4.591433,0.2598504,0.0040418403,0.4,0.0,0.18365924,0.009219416,0.7581186,0.0021967418,0.4,0.0,0.16494763,0.007197049
375316653866487564,4611891627102249728,0.47634435,2197.160054119616,1.1590717389891734,4.334451E-5,16.148235,0.026405195,0.24532561,0.010211938,0.076664716,0.013189638,0.3628985,0.032093152,0.74673337,0.010719856,0.09798438,0.014222565,0.34818026,0.028091602,null,null,null,null,"TWOGAUSSIANS",8,334.00397,0.24532561,0.010211938,0.4,0.0,0.35149524,0.027571457,0.74673337,0.010719856,0.4,0.0,0.33677545,0.023011036
375316653866487564,4611899083166231808,0.5477071,2196.896693965701,0.8279594042784758,3.283393E-5,18.584171,0.0045086243,0.2775611,0.018740974,0.06460748,0.021234652,0.05025133,0.00798907,0.72387475,0.0050902735,0.0070487154,0.0025038796,0.51099557,0.75231147,null,null,null,null,"TWOGAUSSIANS",8,2.7086375,0.72387475,0.0050902735,0.039472807,0.014021725,0.51099557,0.75231147,0.2775611,0.018740974,0.3618019,0.0903745,0.05025133,0.00798907
375316653866487564,4611899156181849216,0.6075215,2205.734851814576,1.3387007259232777,4.958075E-6,14.504215,0.0052230633,0.2770496,0.0014591059,0.09504308,0.0034376592,0.17957266,0.0048518977,0.78470886,0.00219124,0.102871396,0.004703065,0.14348869,0.004946763,null,null,null,null,"TWOGAUSSIANS",8,13.098811,0.2770496,0.0014591059,0.4,0.0,0.16769823,0.0032787682,0.78470886,0.00219124,0.4,0.0,0.13161238,0.0027882243
375316653866487564,4611919939527604352,0.5264006,2189.443999341449,3.819400666899362,1.7245382E-5,14.9038725,0.0052316017,0.4444908,0.042813346,0.0101633845,0.020636521,0.86777526,487.4097,0.62247187,0.0068056737,0.01576713,0.002183472,4.3686266,3.3848028,0.008780551,0.007953201,0.4444908,0.042813346,"TWOGAUSSIANS_WITH_ELLIPSOIDAL_ON_ECLIPSE1",9,551.5844,0.62247187,0.0068056737,0.08829593,0.012227443,4.3719835,3.3845673,0.4444908,0.042813346,0.056914955,0.115564525,0.8853363,487.40958
375316653866487564,4611934233177685248,0.5712903,2187.27929961553,2.5285612303826506,5.1793754E-6,12.644805,0.0037490951,0.23689033,0.0021340633,0.082525946,0.0031625482,0.1327694,0.0041168765,0.73730713,0.0017147315,0.09669274,0.0064054895,0.12091797,0.0055030645,null,null,null,null,"TWOGAUSSIANS",8,36.83194,0.23689033,0.0021340633,0.4,0.0,0.12767157,0.0032164834,0.73730713,0.0017147315,0.4,0.0,0.11581977,0.006574421
375316653866487564,4611938910398929024,0.5590617,2182.3264477263206,3.041351877302333,9.617283E-6,17.689917,0.0100928135,0.2689422,0.0036120529,0.06151939,0.011512175,0.08521627,0.024287758,0.76386636,0.0026139938,0.045015175,0.00428411,0.13944006,0.022783713,0.08090226,0.011182864,0.2689422,0.0036120529,"TWOGAUSSIANS_WITH_ELLIPSOIDAL_ON_ECLIPSE1",9,6.6516285,0.76465636,0.0021248462,0.25208497,0.023991015,0.30108353,0.004985479,0.2689422,0.0036120529,0.3445086,0.06446818,0.24699852,0.009698825
375316653866487564,4611953753805877760,0.6475287,2180.7380613443706,3.1438886093940246,2.6740113E-6,16.599518,0.007935986,0.30587325,0.001034929,0.05665349,0.0021309075,0.37309173,0.019034019,0.8069883,0.0011462991,0.048958503,0.0020473883,0.37469363,0.019638835,0.099055916,0.011728118,0.30587325,0.001034929,"TWOGAUSSIANS_WITH_ELLIPSOIDAL_ON_ECLIPSE1",9,12.894579,0.8069883,0.0011462991,0.27416763,0.011465374,0.5727722,0.00946174,0.30587325,0.001034929,0.31725955,0.011933082,0.57118005,0.007502539
375316653866487564,4612002780856220288,0.49056122,2160.651199384561,1.7635624372197976,4.171172E-5,18.020245,0.0031290243,0.32892567,0.0066562076,0.021357162,0.0012874644,0.0037707007,0.006203788,0.8084218,0.010524465,0.033825517,0.0128933005,0.11406678,0.01632701,0.04634264,0.0038002986,0.32892567,0.0066562076,"TWOGAUSSIANS_WITH_ELLIPSOIDAL_ON_ECLIPSE1",9,8.138442,0.8098118,0.009498479,0.18942289,0.07220249,0.2053253,0.017769927,0.32892567,0.0066562076,0.1196001,0.0072098006,0.096455894,0.005026204
375316653866487564,4612013844692015232,0.51042485,2189.501800390178,4.3023412630345454,3.0357565E-5,19.142637,0.018439109,0.451634,0.03876901,0.18989298,0.12453095,0.032506872,0.016379885,0.85006446,0.0023928292,0.029667482,0.006014311,0.4642264,0.104657024,null,null,null,null,"TWOGAUSSIANS",8,1.8943033,0.85006446,0.0023928292,0.1661379,0.033680145,0.4658529,0.10540995,0.451634,0.03876901,0.4,0.0,0.03032071,0.011857002
375316653866487564,4612038347482249472,0.6220335,2202.3116795496235,3.6637422258621886,6.1999745E-6,18.191244,0.016884955,0.24672297,7.6887145E-4,0.055228025,0.0030306857,0.49700275,0.04028175,0.73814684,0.0097022345,0.045841716,0.007972604,0.3677586,0.059394225,0.11987465,0.025834102,0.24672297,7.6887145E-4,"TWOGAUSSIANS_WITH_ELLIPSOIDAL_ON_ECLIPSE1",9,4.786412,0.24672297,7.6887145E-4,0.30927694,0.01697184,0.73673326,0.017733568,0.73898685,0.008832045,0.2567136,0.04464658,0.60686135,0.022400646
375316653866487564,4612047418453129088,0.5151447,2222.3927249812887,2.5811085018650615,2.8207542E-5,17.109055,0.017618125,0.32122323,0.02563714,0.036275815,0.0120648695,0.55597144,0.24852073,0.83030677,0.002498683,0.027618036,0.004261275,0.564762,0.05846134,0.04649037,0.025343401,0.32122323,0.02563714,"TWOGAUSSIANS_WITH_ELLIPSOIDAL_ON_ECLIPSE1",9,66.19397,0.83030677,0.002498683,0.154661,0.023863139,0.6574401,0.061986048,0.32122323,0.02563714,0.20314457,0.067563266,0.6489521,0.2526749
375316653866487564,4612076757372482304,0.45695615,2202.0332975005817,0.5285551524235848,2.8125452E-5,17.519009,0.0045464267,0.18773197,0.0018092403,0.022057889,0.0013459565,0.1851818,0.018022027,0.7427556,0.0047561037,0.0033055576,0.0026736048,0.28762522,661.7892,0.031482723,0.0064128092,0.7427556,0.0047561037,"TWOGAUSSIANS_WITH_ELLIPSOIDAL_ON_ECLIPSE2",9,18.34796,0.7427556,0.0047561037,0.018511122,0.014972187,0.35059053,661.78937,0.18839195,0.0017623623,0.12352418,0.007537356,0.24099907,0.019516427
375316653866487564,4612109059823597312,0.6242805,2209.1375824417837,2.4661667731885895,4.8237084E-6,16.99316,0.011222934,0.18555884,0.0012639328,0.05633989,0.00791711,0.15918076,0.025584802,0.6674404,0.016361715,0.0663723,0.022629984,0.099896565,0.023900757,0.088048,0.012640387,0.18555884,0.0012639328,"TWOGAUSSIANS_WITH_ELLIPSOIDAL_ON_ECLIPSE1",9,3.6521482,0.18555884,0.0012639328,0.3155034,0.044335812,0.33523917,0.025896136,0.6743404,0.012708466,0.37168485,0.12655964,0.27454314,0.006130956
375316653866487564,4612130324204594304,0.62445575,2182.999146244412,2.7840268201979326,3.6336612E-6,15.730539,0.008470888,0.2389442,0.004400382,0.048366055,0.0050432496,0.2990765,0.030815413,0.7426434,8.958814E-4,0.051622674,0.002444208,0.4207877,0.019570727,0.12018752,0.010820221,0.7426434,8.958814E-4,"TWOGAUSSIANS_WITH_ELLIPSOIDAL_ON_ECLIPSE2",9,49.73217,0.7426434,8.958814E-4,0.28908697,0.013687565,0.66115886,0.017269842,0.2394242,0.0038430113,0.2708499,0.028242199,0.5393346,0.027239628
375316653866487564,4612144759591554048,0.4387712,2209.0634152918956,1.3540386450826647,8.663293E-5,14.808688,0.015507813,0.30831194,0.011154093,0.033722073,0.024388887,0.4140249,51.47239,0.5862766,0.013968769,0.06872198,0.013528522,0.1079192,0.033337552,0.034875333,0.020820312,0.30831194,0.011154093,"TWOGAUSSIANS_WITH_ELLIPSOIDAL_ON_ECLIPSE1",9,486.39963,0.30831194,0.011163773,0.18884361,0.13657777,0.4838056,51.481274,0.5948366,0.016433455,0.38484308,0.073043846,0.110694535,0.033998203
