Gaia/vari_eclipsing_binary/VariEclipsingBinary_466983-466994.csv
# %ECSV 1.0
# ---
# delimiter: ','
# meta: !!omap
# - RELEASE: Gaia DR3
# - TABLE: vari_eclipsing_binary
# - DESCRIPTION: >
#     This table describes the properties of the eclipsing binaries resulting from the variability analysis. 
# - CITATION: >
#     How to cite and acknowledge Gaia: 
#     https://gea.esac.esa.int/archive/documentation/credits.html 
# - KNOWN_ISSUES: >
#     Known issues: 
#     https://www.cosmos.esa.int/web/gaia-users/known-issues 
# - DOCUMENTATION: >
#     Tutorials and documentation: 
#     https://www.cosmos.esa.int/web/gaia-users/archive 
# datatype:
# - 
#   name: solution_id
#   datatype: int64
#   description: Solution Identifier
#   meta:
#     ucd: meta.version
# - 
#   name: source_id
#   datatype: int64
#   description: Unique source identifier
#   meta:
#     ucd: meta.id;meta.main
# - 
#   name: global_ranking
#   datatype: float32
#   description: Number between 0 (worst) and 1 (best)
#   meta:
#     ucd: stat.param
# - 
#   name: reference_time
#   datatype: float64
#   unit: d
#   description: Reference time used for the geometric model fit
#   meta:
#     ucd: time.epoch
# - 
#   name: frequency
#   datatype: float64
#   unit: d**-1
#   description: Frequency of geometric model of the eclipsing binary light curve
#   meta:
#     ucd: src.orbital
# - 
#   name: frequency_error
#   datatype: float32
#   unit: d**-1
#   description: "Uncertainty of \\texttt{frequency}"
#   meta:
#     ucd: stat.error
# - 
#   name: geom_model_reference_level
#   datatype: float32
#   unit: mag
#   description: Magnitude reference level of geometric model
#   meta:
#     ucd: phot.mag;em.opt
# - 
#   name: geom_model_reference_level_error
#   datatype: float32
#   unit: mag
#   description: "Uncertainty of \\texttt{geomModelReferenceLevel}"
#   meta:
#     ucd: stat.error;phot.mag;em.opt
# - 
#   name: geom_model_gaussian1_phase
#   datatype: float32
#   description: Phase of the Gaussian 1 component
#   meta:
#     ucd: time.phase
# - 
#   name: geom_model_gaussian1_phase_error
#   datatype: float32
#   description: "Uncertainty of \\texttt{geomModelGaussian1Phase}"
#   meta:
#     ucd: stat.error;time.phase
# - 
#   name: geom_model_gaussian1_sigma
#   datatype: float32
#   description: "Standard deviation [phase] of Gaussian 1 component"
#   meta:
#     ucd: stat.stdev
# - 
#   name: geom_model_gaussian1_sigma_error
#   datatype: float32
#   description: "Uncertainty of \\texttt{geomModelGaussian1Sigma}"
#   meta:
#     ucd: stat.error
# - 
#   name: geom_model_gaussian1_depth
#   datatype: float32
#   unit: mag
#   description: Magnitude depth of Gaussian 1 component
#   meta:
#     ucd: src.var.amplitude
# - 
#   name: geom_model_gaussian1_depth_error
#   datatype: float32
#   unit: mag
#   description: "Uncertainty of \\texttt{geomModelGaussian1Depth}"
#   meta:
#     ucd: stat.error;src.var.amplitude
# - 
#   name: geom_model_gaussian2_phase
#   datatype: float32
#   description: Phase of Gaussian 2 component
#   meta:
#     ucd: time.phase
# - 
#   name: geom_model_gaussian2_phase_error
#   datatype: float32
#   description: "Uncertainty of \\texttt{geomModelGaussian2Phase}"
#   meta:
#     ucd: stat.error;time.phase
# - 
#   name: geom_model_gaussian2_sigma
#   datatype: float32
[...]
#   datatype: float32
#   description: "Secondary eclipse: uncertainty of \\texttt{derivedSecondaryEclDuration}"
#   meta:
#     ucd: stat.error;time.duration
# - 
#   name: derived_secondary_ecl_depth
#   datatype: float32
#   unit: mag
#   description: "Secondary eclipse: depth"
#   meta:
#     ucd: src.var.amplitude
# - 
#   name: derived_secondary_ecl_depth_error
#   datatype: float32
#   unit: mag
#   description: "Secondary eclipse: uncertainty of \\texttt{derivedSecondaryEclDepth}"
#   meta:
#     ucd: stat.error;src.var.amplitude
solution_id,source_id,global_ranking,reference_time,frequency,frequency_error,geom_model_reference_level,geom_model_reference_level_error,geom_model_gaussian1_phase,geom_model_gaussian1_phase_error,geom_model_gaussian1_sigma,geom_model_gaussian1_sigma_error,geom_model_gaussian1_depth,geom_model_gaussian1_depth_error,geom_model_gaussian2_phase,geom_model_gaussian2_phase_error,geom_model_gaussian2_sigma,geom_model_gaussian2_sigma_error,geom_model_gaussian2_depth,geom_model_gaussian2_depth_error,geom_model_cosine_half_period_amplitude,geom_model_cosine_half_period_amplitude_error,geom_model_cosine_half_period_phase,geom_model_cosine_half_period_phase_error,model_type,num_model_parameters,reduced_chi2,derived_primary_ecl_phase,derived_primary_ecl_phase_error,derived_primary_ecl_duration,derived_primary_ecl_duration_error,derived_primary_ecl_depth,derived_primary_ecl_depth_error,derived_secondary_ecl_phase,derived_secondary_ecl_phase_error,derived_secondary_ecl_duration,derived_secondary_ecl_duration_error,derived_secondary_ecl_depth,derived_secondary_ecl_depth_error
[from data line 75]
375316653866487564,4107636151340087040,0.52394545,2325.906484857745,2.5108769159713864,4.3876164E-5,19.092476,0.016418811,0.27239934,0.008046287,0.079825364,0.010521817,0.28591207,0.024397846,0.76351357,0.009078375,0.07880245,0.011698701,0.27749756,0.015839789,null,null,null,null,"TWOGAUSSIANS",8,2.673164,0.27239934,0.008046287,0.4,0.0,0.28263095,0.023122206,0.76351357,0.009078375,0.4,0.0,0.27421647,0.012253867
375316653866487564,4107636185699832832,0.5650469,2344.236673652922,3.1657414192038074,7.810672E-5,19.781996,0.0047231214,0.25057057,0.021332743,0.05805097,0.018192012,0.45384014,0.10622742,0.72799104,0.0056202374,0.062574245,0.0057681114,0.5107895,0.0522797,null,null,null,null,"TWOGAUSSIANS",8,0.7453368,0.72799104,0.0056202374,0.35041577,0.032301422,0.5107084,0.05234358,0.25057057,0.021332743,0.32508543,0.10187527,0.45375904,0.10627919
375316653866487564,4107636357498312832,0.48184824,2323.535333549075,2.3349118487543583,3.561192E-5,18.865818,0.018903647,0.28390792,0.0056288093,0.08538648,0.011862859,0.40655917,0.036176186,0.7837489,0.0072716726,0.077897765,0.013732142,0.37240648,0.017638195,null,null,null,null,"TWOGAUSSIANS",8,10.208044,0.28390792,0.0056288093,0.4,0.0,0.399412,0.038914945,0.7837489,0.0072716726,0.4,0.0,0.36525935,0.015904333
375316653866487564,4107636460577749632,0.5534294,2375.7438037914762,2.2598638444821497,1.6050204E-5,19.7036,0.033466097,0.23843436,0.008110611,0.04418422,0.015198192,0.23140731,0.08904039,0.73919964,0.004190473,0.033928357,0.004758539,0.9227298,0.12713806,0.16652614,0.03709785,0.23843436,0.008110611,"TWOGAUSSIANS_WITH_ELLIPSOIDAL_ON_ECLIPSE1",9,3.3489704,0.73919964,0.0040618693,0.1899988,0.02664782,1.2557743,0.13769656,0.23843436,0.008110611,0.24743164,0.085109875,0.5644595,0.053398263
375316653866487564,4107636701166546816,0.47405538,2319.2633997199714,0.04643283024433448,8.650668E-5,19.176323,0.009064516,0.32901874,0.014625136,0.06191508,0.017927526,0.14670253,0.016224254,0.67127454,0.052228715,0.065496586,0.03186588,0.20378824,0.05386848,null,null,null,null,"TWOGAUSSIANS",8,2.8135157,0.67127454,0.052228715,0.36678088,0.05554285,0.20378771,0.053863313,0.32901874,0.014126984,0.34672445,0.100394145,0.1467022,0.016782537
375316653866487564,4107636769819689856,0.5511371,2333.915323238645,0.6282148634799652,6.793875E-5,18.86016,0.0034481112,0.42592034,8.112442E-5,0.022055252,3.8690443E-4,0.87794954,0.011015988,null,null,null,null,null,null,null,null,null,null,"ONEGAUSSIAN",5,2.5646946,0.42592034,8.112442E-5,0.123509414,0.0021666647,0.87794954,0.0,null,null,null,null,null,null
375316653866487564,4107636769820428416,0.44905707,2337.011066093376,2.6232239870765612,5.25075E-5,19.241346,0.40003785,0.23348212,0.039404783,0.11472764,0.057240926,0.3408713,0.29785478,0.70851856,0.033959717,0.12398846,0.12261228,0.3029449,0.3862426,null,null,null,null,"TWOGAUSSIANS",8,8.20016,0.23367211,0.03894568,0.4,0.0,0.28408888,0.058021568,0.70851856,0.033959717,0.4,0.0025880483,0.24600074,0.03604041
375316653866487564,4107636872900407680,0.45669144,2366.853606509202,3.0297938241774975,7.5298005E-5,19.751463,0.13734464,0.2818254,0.013287203,0.10219529,0.033958904,0.36166853,0.12508878,0.74041086,0.018887134,0.11225614,0.040927287,0.23909247,0.13727592,null,null,null,null,"TWOGAUSSIANS",8,4.9212723,0.2818854,0.012792504,0.4,0.0,0.3378426,0.061492432,0.74041086,0.018887134,0.4,0.0,0.21522316,0.04475913
375316653866487564,4107636941615634560,0.47072062,2340.731337741857,2.817794710220403,3.525863E-5,19.397703,0.023748029,0.28441262,0.009143639,0.081824206,0.022436136,0.20814908,0.042966448,0.78113896,0.008060991,0.08895815,0.013781259,0.21586561,0.027267748,null,null,null,null,"TWOGAUSSIANS",8,2.3740673,0.78113896,0.008060991,0.4,0.0,0.2103502,0.02508298,0.28441262,0.009143639,0.4,0.0,0.20263372,0.04784203
375316653866487564,4107637010404392320,0.44565958,2320.9665466320216,3.49210056843085,1.0222351E-4,19.679928,0.20402771,0.35016593,0.03858949,0.11056008,0.067703635,0.43204117,0.18722437,0.8078822,0.015582418,0.11179773,0.053445548,0.394458,0.16139564,null,null,null,null,"TWOGAUSSIANS",8,9.464655,0.35025594,0.038367603,0.4,0.0,0.38996053,0.09741504,0.8078822,0.015582418,0.4,0.0,0.3523683,0.04202744
375316653866487564,4107637079054637824,0.53690964,2348.5064490234527,2.798586276770917,3.1952786E-5,19.667086,0.014745358,0.21443716,0.0028458785,0.08107653,0.007725245,0.54666615,0.100225635,0.71402764,0.005802874,0.08190838,0.014032123,0.38616303,0.18024984,null,null,null,null,"TWOGAUSSIANS",8,1.0266523,0.21443716,0.0028458785,0.4,0.0,0.5384416,0.103745155,0.71402764,0.005802874,0.4,0.0,0.37793848,0.18533154
375316653866487564,4107637079058364416,0.46022353,2404.584751913774,4.260377884423005,4.401753E-5,19.670053,0.033864036,0.16829564,0.00823922,0.09295402,0.01271177,0.43281955,0.06594234,0.55079997,0.011817067,0.08654557,0.013768243,0.2297811,0.035215482,null,null,null,null,"TWOGAUSSIANS",8,2.046719,0.16830564,0.008231729,0.4,0.0,0.43112215,0.06696645,0.55079997,0.011817067,0.4,0.0,0.22816159,0.03377442
375316653866487564,4107637109097705216,0.55463254,2334.1051953334645,1.9821998080375696,7.360014E-6,18.887241,0.028750606,0.3411382,0.0061819004,0.08018831,0.011232891,0.5302054,0.03161091,0.84462297,0.0032728012,0.07658087,0.004995197,0.514353,0.031706113,null,null,null,null,"TWOGAUSSIANS",8,7.1390553,0.3411382,0.0061819004,0.4,0.0,0.52419174,0.03308959,0.84462297,0.0032728012,0.4,0.0,0.5083392,0.027832698
375316653866487564,4107637422652377728,0.5700714,2333.878403939259,3.1310462322386674,1.7418397E-5,19.346289,0.0114399595,0.24653095,0.006010192,0.076554045,0.0074721393,0.47424093,0.03518541,0.7458381,0.0025371704,0.07297615,0.0028817498,0.5429949,0.023710433,null,null,null,null,"TWOGAUSSIANS",8,1.7830433,0.7458381,0.0025371704,0.4,0.0,0.5392724,0.023421152,0.24653095,0.006010192,0.4,0.0,0.4705184,0.03598551
375316653866487564,4107637594447431040,0.48569992,2330.9685761163587,3.792550778727392,8.93485E-5,18.744215,0.0048995726,0.13217364,0.004290128,0.024584912,0.00993293,1.5693511,13.306799,0.9271655,0.012978013,0.009862052,0.014090925,0.52573854,309.74686,null,null,null,null,"TWOGAUSSIANS",8,5.6783757,0.13217364,0.004290128,0.13767551,0.055624407,1.5693511,13.306799,0.9271655,0.012978013,0.055227496,0.07890919,0.52573854,309.74686
375316653866487564,4107637731958939008,0.62820035,2326.017044357424,2.0604909562177007,8.606283E-6,15.546611,0.0038895446,0.26435018,0.0046039694,0.04306693,0.0062991246,0.064673334,0.008987371,0.7551629,0.0018806541,0.04318822,0.0044653337,0.10579141,0.011913103,0.095301524,0.0051573412,0.7551629,0.0018806541,"TWOGAUSSIANS_WITH_ELLIPSOIDAL_ON_ECLIPSE2",9,13.670237,0.7551629,0.0018806541,0.24185404,0.025005868,0.29639426,0.0073832083,0.2615802,0.0031475946,0.2411748,0.035275098,0.25483283,0.004557607
375316653866487564,4107637869325465344,0.49167785,2310.407545143183,1.673528489568554,2.0514111E-5,18.147514,0.0017269694,null,null,null,null,null,null,null,null,null,null,null,null,0.04338896,0.0020098826,0.27249634,0.005165944,"ELLIPSOIDAL",4,1.727626,null,null,null,null,null,null,null,null,null,null,null,null
375316653866487564,4107638036782257664,0.5518178,2333.939577251438,2.824272771124932,1.942626E-5,16.52636,0.01473218,0.29733476,0.0055401437,0.03785291,0.03352812,0.13879806,0.024702147,0.79076385,0.007587771,0.034777455,0.010555772,0.09635296,0.03781984,0.10101931,0.024208996,0.29733476,0.0055401437,"TWOGAUSSIANS_WITH_ELLIPSOIDAL_ON_ECLIPSE1",9,46.12177,0.29733476,0.0055401437,0.21197629,0.18775746,0.34083632,0.0258934,0.79186386,0.006711338,0.19475375,0.05911232,0.29810438,0.01987127
375316653866487564,4107638041127821440,0.49300617,2323.304290705799,1.1058648176114116,2.7388947E-5,18.50655,0.013401265,0.2726878,0.009596091,0.070629075,0.013389205,0.16538958,0.012986017,0.7654009,0.014865678,0.09327521,0.021110972,0.08764822,0.015179974,null,null,null,null,"TWOGAUSSIANS",8,2.5299373,0.2726878,0.009596091,0.39552283,0.03133164,0.16351354,0.010675899,0.7654009,0.014865678,0.4,0.0,0.08577206,0.012955708
375316653866487564,4107638144206970624,0.44137642,2331.9912519130235,2.86235041236503,3.0667492E-5,19.490967,0.8555087,0.2170723,0.0063342475,0.10639916,0.030566182,0.66522115,0.43931574,0.71371156,0.014654527,0.19269864,0.177691,0.52880436,0.84526396,null,null,null,null,"TWOGAUSSIANS",8,10.1738205,0.2174323,0.0063715526,0.4,0.0,0.4439068,0.0638344,0.71371156,0.014654527,0.4,0.0,0.2709722,0.044195026
375316653866487564,4107638453444990720,0.516514,2328.6654136266966,2.100513766852131,3.2070828E-5,18.747719,0.009035757,0.25306717,0.0059737107,0.065319225,0.0076688323,0.43391582,0.05610621,0.75053024,0.011914641,0.08702201,0.010733371,0.11876728,0.015693549,null,null,null,null,"TWOGAUSSIANS",8,3.4167874,0.25306717,0.0059737107,0.36578766,0.042945463,0.43219215,0.056860503,0.75053024,0.011914641,0.4,0.0,0.11704356,0.015142963
375316653866487564,4107638487873262848,0.6910423,2325.6780407606057,0.3555554218550309,3.987882E-6,14.789134,0.003386176,0.2607259,1.4006691E-4,0.02952602,3.09645E-4,1.3895947,0.01575704,0.75906146,0.0017873747,0.032706395,0.004308845,0.10470859,0.011288057,0.008639905,0.0050228527,0.2607259,1.4006691E-4,"TWOGAUSSIANS_WITH_ELLIPSOIDAL_ON_ECLIPSE1",9,38.845196,0.2607259,1.4006691E-4,0.16534571,0.0017340119,1.4068744,0.01844077,0.7590814,0.00177051,0.1831558,0.024129532,0.12198651,0.012584804
375316653866487564,4107638522164605824,0.50829816,2332.4083446674776,2.1638653339252443,1.6597267E-5,18.580217,0.022944082,0.227001,0.010441604,0.108695626,0.023804309,0.1723489,0.01983663,0.7232757,0.0042450908,0.086611874,0.010968796,0.22693396,0.020020364,null,null,null,null,"TWOGAUSSIANS",8,2.9882011,0.7232757,0.0042450908,0.4,0.0,0.21311226,0.0125793135,0.227001,0.010441604,0.4,0.0,0.15851837,0.018210484
375316653866487564,4107638522165979520,0.5654364,2329.288312922232,2.6407451291886725,1.581848E-5,19.212286,0.042533375,0.25998423,0.0034252778,0.11296523,0.013931333,0.39486387,0.034688357,0.77118325,0.0031460826,0.101976454,0.0104043605,0.45308828,0.035429664,null,null,null,null,"TWOGAUSSIANS",8,1.2412736,0.7712032,0.003150009,0.4,0.0,0.40343922,0.016308611,0.25998423,0.0034300226,0.4,0.0,0.34517294,0.026149742
375316653866487564,4107638556523987712,0.46937466,2340.0963950066175,0.13853343913837865,3.274743E-5,18.652266,0.024042157,0.101769,0.02125528,0.06137756,0.024970824,0.11540827,0.02484942,0.5689584,0.011709609,0.13033758,0.013358757,0.3163436,0.03068205,null,null,null,null,"TWOGAUSSIANS",8,8.369949,0.5689584,0.011709609,0.4,0.0,0.3073339,0.02660297,0.102159,0.021605806,0.34371433,0.13983661,0.106988296,0.023074808
375316653866487564,4107638694031103872,0.5952129,2320.885507371414,2.791496229399223,5.0310687E-6,16.10649,0.008595469,0.15653285,0.002011293,0.081156,0.0025086435,0.47477192,0.011238287,0.6640634,0.0021354286,0.07618567,0.0023523653,0.45035166,0.016042322,null,null,null,null,"TWOGAUSSIANS",8,25.06973,0.15653285,0.002011293,0.4,0.0,0.46968067,0.010628159,0.6640634,0.0021354286,0.4,0.0,0.44526044,0.015681919
375316653866487564,4107638762678806656,0.5624588,2289.609376898901,2.0971029175089937,1.1766442E-5,19.057844,0.011527823,0.28328824,0.004761413,0.088329524,0.006314839,0.34467894,0.0121898865,0.7858832,0.003982867,0.08628647,0.0075347875,0.2894749,0.0124461055,null,null,null,null,"TWOGAUSSIANS",8,1.2499497,0.28328824,0.004761413,0.4,0.0,0.33463612,0.009549395,0.7858832,0.003982867,0.4,0.0,0.27943215,0.012254955
375316653866487564,4107638762763236864,0.43716553,2267.1361353225893,0.27406560200566077,7.39471E-5,19.431364,0.027482089,0.29094642,0.027500266,0.05544671,0.03481688,2.485954,284976.06,0.7276137,0.01110523,0.10009324,0.018636571,0.24196486,0.029586956,null,null,null,null,"TWOGAUSSIANS",8,3.2487357,0.29094642,0.02750011,0.31050158,0.19497453,2.4845717,284976.06,0.7276137,0.01110523,0.4,0.0,0.24056467,0.027870553
375316653866487564,4107638865761922688,0.46978322,2329.6434455287663,0.03713485855150027,2.4390109E-5,19.799946,0.009543939,null,null,null,null,null,null,null,null,null,null,null,null,0.15004368,0.024944045,0.6759025,0.0052974275,"ELLIPSOIDAL",4,3.6849625,null,null,null,null,null,null,null,null,null,null,null,null
375316653866487564,4107639003268774784,0.5679304,2292.3261192240902,0.7308788151053234,4.1475205E-6,17.521467,0.0016412154,0.3438177,0.022278823,0.033517715,0.029007006,0.027656235,0.044651605,0.5612711,9.715046E-4,0.038893774,0.0011240613,0.2134978,0.0051860446,null,null,null,null,"TWOGAUSSIANS",8,2.1096375,0.5612711,9.715046E-4,0.21780513,0.006294743,0.2134978,0.0051860386,0.3438177,0.022278823,0.1876992,0.16243923,0.02765627,0.044651665
375316653866487564,4107639239392410496,0.50409985,2309.2472290934447,3.585963533533087,1.8777944E-5,18.500078,0.015238991,0.27671102,0.005648454,0.07492652,0.007751916,0.24564663,0.022761311,0.78763145,0.0033390438,0.07429667,0.005324068,0.32016805,0.022436518,null,null,null,null,"TWOGAUSSIANS",8,6.511842,0.78763145,0.0033390438,0.4,0.0,0.3185731,0.022084748,0.27671102,0.005648454,0.4,0.0,0.24405167,0.022429127
375316653866487564,4107639278076502912,0.4847149,2280.368097425402,0.1182469398126848,1.9152958E-5,19.450348,0.021064803,0.1966974,0.022345714,0.06160791,0.020759497,0.77085966,3.354393,0.6175273,0.0022162294,0.071629725,0.0063011725,0.54503286,0.052336026,null,null,null,null,"TWOGAUSSIANS",8,4.837526,0.1966974,0.022345714,0.3450043,0.11625318,0.7707592,3.354501,0.6175273,0.0022162294,0.4,0.012659592,0.54493237,0.05241534
375316653866487564,4107639346796146816,0.49304935,2322.277734618799,2.466527184118271,3.2806183E-5,19.492098,0.023887381,0.30999374,0.0064906836,0.09167983,0.018448437,0.34598675,0.029059524,0.82368565,0.014942233,0.089738935,0.015167213,0.33103535,0.038437042,null,null,null,null,"TWOGAUSSIANS",8,2.5932271,0.30999374,0.0064906836,0.4,0.0,0.333695,0.037657008,0.82368565,0.014942233,0.4,0.0,0.31874377,0.036046684
375316653866487564,4107639656033689728,0.53527045,2294.1396111782506,2.4197549142181844,3.7954764E-5,19.30917,0.047305487,0.22006984,0.012863951,0.073676035,0.023110537,0.50330997,0.04318861,0.7206481,0.0072829127,0.071071066,0.015041048,0.38885236,0.084757976,null,null,null,null,"TWOGAUSSIANS",8,4.933924,0.22006984,0.012863951,0.4,0.03424202,0.5010687,0.036602426,0.7206481,0.0072829127,0.39799798,0.03326887,0.38661107,0.08504867
375316653866487564,4107639759113138688,0.43053934,2242.9259760542463,4.64674769537722,1.2375026E-4,19.60088,0.7762332,0.3663237,0.02140888,0.13256223,0.10416778,0.3192237,0.78527707,0.85099745,0.0329632,0.09086335,0.06313939,0.42254078,0.590632,null,null,null,null,"TWOGAUSSIANS",8,7.406611,0.85099745,0.0329632,0.4,0.07954892,0.37449273,0.14050615,0.3663237,0.021786617,0.4,0.0,0.27060974,0.10562378
375316653866487564,4107640068355135360,0.5124126,2331.8934278922316,1.268840108160389,2.0559299E-5,19.079327,0.014531373,0.17926529,0.005162733,0.045128845,0.007076988,0.7769492,0.5892474,0.69881755,0.011923343,0.07457655,0.011586453,0.29801166,0.060202606,null,null,null,null,"TWOGAUSSIANS",8,5.940452,0.17926529,0.005162733,0.25272152,0.039631132,0.7768828,0.58929986,0.69881755,0.011923343,0.4,0.0149670495,0.2979452,0.060162235
375316653866487564,4107640171434306560,0.4959487,2304.4999923784308,3.0706233155757383,4.2045027E-5,19.584204,0.01806884,0.26618525,0.008805489,0.08172629,0.010300861,0.29819688,0.042007513,0.7838305,0.009166733,0.068424225,0.008701675,0.3009254,0.034281857,null,null,null,null,"TWOGAUSSIANS",8,2.7145314,0.7838305,0.009166733,0.38317567,0.046879373,0.29936007,0.03389254,0.26618525,0.008805489,0.4,0.0,0.29663154,0.042059533
