Gaia/vari_eclipsing_binary/VariEclipsingBinary_368120-369507.csv
# %ECSV 1.0
# ---
# delimiter: ','
# meta: !!omap
# - RELEASE: Gaia DR3
# - TABLE: vari_eclipsing_binary
# - DESCRIPTION: >
#     This table describes the properties of the eclipsing binaries resulting from the variability analysis. 
# - CITATION: >
#     How to cite and acknowledge Gaia: 
#     https://gea.esac.esa.int/archive/documentation/credits.html 
# - KNOWN_ISSUES: >
#     Known issues: 
#     https://www.cosmos.esa.int/web/gaia-users/known-issues 
# - DOCUMENTATION: >
#     Tutorials and documentation: 
#     https://www.cosmos.esa.int/web/gaia-users/archive 
# datatype:
# - 
#   name: solution_id
#   datatype: int64
#   description: Solution Identifier
#   meta:
#     ucd: meta.version
# - 
#   name: source_id
#   datatype: int64
#   description: Unique source identifier
#   meta:
#     ucd: meta.id;meta.main
# - 
#   name: global_ranking
#   datatype: float32
#   description: Number between 0 (worst) and 1 (best)
#   meta:
#     ucd: stat.param
# - 
#   name: reference_time
#   datatype: float64
#   unit: d
#   description: Reference time used for the geometric model fit
#   meta:
#     ucd: time.epoch
# - 
#   name: frequency
#   datatype: float64
#   unit: d**-1
#   description: Frequency of geometric model of the eclipsing binary light curve
#   meta:
#     ucd: src.orbital
# - 
#   name: frequency_error
#   datatype: float32
#   unit: d**-1
#   description: "Uncertainty of \\texttt{frequency}"
#   meta:
#     ucd: stat.error
# - 
#   name: geom_model_reference_level
#   datatype: float32
#   unit: mag
#   description: Magnitude reference level of geometric model
#   meta:
#     ucd: phot.mag;em.opt
# - 
#   name: geom_model_reference_level_error
#   datatype: float32
#   unit: mag
#   description: "Uncertainty of \\texttt{geomModelReferenceLevel}"
#   meta:
#     ucd: stat.error;phot.mag;em.opt
# - 
#   name: geom_model_gaussian1_phase
#   datatype: float32
#   description: Phase of the Gaussian 1 component
#   meta:
#     ucd: time.phase
# - 
#   name: geom_model_gaussian1_phase_error
#   datatype: float32
#   description: "Uncertainty of \\texttt{geomModelGaussian1Phase}"
#   meta:
#     ucd: stat.error;time.phase
# - 
#   name: geom_model_gaussian1_sigma
#   datatype: float32
#   description: "Standard deviation [phase] of Gaussian 1 component"
#   meta:
#     ucd: stat.stdev
# - 
#   name: geom_model_gaussian1_sigma_error
#   datatype: float32
#   description: "Uncertainty of \\texttt{geomModelGaussian1Sigma}"
#   meta:
#     ucd: stat.error
# - 
#   name: geom_model_gaussian1_depth
#   datatype: float32
#   unit: mag
#   description: Magnitude depth of Gaussian 1 component
#   meta:
#     ucd: src.var.amplitude
# - 
#   name: geom_model_gaussian1_depth_error
#   datatype: float32
#   unit: mag
#   description: "Uncertainty of \\texttt{geomModelGaussian1Depth}"
#   meta:
#     ucd: stat.error;src.var.amplitude
# - 
#   name: geom_model_gaussian2_phase
#   datatype: float32
#   description: Phase of Gaussian 2 component
#   meta:
#     ucd: time.phase
# - 
#   name: geom_model_gaussian2_phase_error
#   datatype: float32
#   description: "Uncertainty of \\texttt{geomModelGaussian2Phase}"
#   meta:
#     ucd: stat.error;time.phase
# - 
#   name: geom_model_gaussian2_sigma
#   datatype: float32
[...]
#   datatype: float32
#   description: "Secondary eclipse: uncertainty of \\texttt{derivedSecondaryEclDuration}"
#   meta:
#     ucd: stat.error;time.duration
# - 
#   name: derived_secondary_ecl_depth
#   datatype: float32
#   unit: mag
#   description: "Secondary eclipse: depth"
#   meta:
#     ucd: src.var.amplitude
# - 
#   name: derived_secondary_ecl_depth_error
#   datatype: float32
#   unit: mag
#   description: "Secondary eclipse: uncertainty of \\texttt{derivedSecondaryEclDepth}"
#   meta:
#     ucd: stat.error;src.var.amplitude
solution_id,source_id,global_ranking,reference_time,frequency,frequency_error,geom_model_reference_level,geom_model_reference_level_error,geom_model_gaussian1_phase,geom_model_gaussian1_phase_error,geom_model_gaussian1_sigma,geom_model_gaussian1_sigma_error,geom_model_gaussian1_depth,geom_model_gaussian1_depth_error,geom_model_gaussian2_phase,geom_model_gaussian2_phase_error,geom_model_gaussian2_sigma,geom_model_gaussian2_sigma_error,geom_model_gaussian2_depth,geom_model_gaussian2_depth_error,geom_model_cosine_half_period_amplitude,geom_model_cosine_half_period_amplitude_error,geom_model_cosine_half_period_phase,geom_model_cosine_half_period_phase_error,model_type,num_model_parameters,reduced_chi2,derived_primary_ecl_phase,derived_primary_ecl_phase_error,derived_primary_ecl_duration,derived_primary_ecl_duration_error,derived_primary_ecl_depth,derived_primary_ecl_depth_error,derived_secondary_ecl_phase,derived_secondary_ecl_phase_error,derived_secondary_ecl_duration,derived_secondary_ecl_duration_error,derived_secondary_ecl_depth,derived_secondary_ecl_depth_error
[from data line 216]
375316653866487564,3240496990257619712,0.5063293,2365.6811044532733,0.4726065948364458,2.0718873E-5,19.56536,0.008243403,0.20221917,3.1858432E-4,0.0083299,4.295055E-4,1.907596,0.33482835,0.06775412,0.019748462,0.03609507,0.037428513,0.06450817,0.10731409,null,null,null,null,"TWOGAUSSIANS",8,2.0590699,0.20221917,3.1476305E-4,0.04664744,0.002405231,1.9076585,0.33630133,0.06775412,0.019748462,0.20213239,0.20959967,0.06450817,0.10731409
375316653866487564,3240500116993519104,0.53338265,2355.3732901491103,2.8838200381383325,1.1014388E-5,18.68101,0.010962632,0.2650212,0.0038501327,0.08794616,0.0056776283,0.24795209,0.012617901,0.7575498,0.0034245467,0.093165785,0.0061039766,0.256864,0.014210912,null,null,null,null,"TWOGAUSSIANS",8,1.9384457,0.7575498,0.0034245467,0.4,0.0,0.24690384,0.01364543,0.2650212,0.0038501327,0.4,0.0,0.23799218,0.010176394
375316653866487564,3240501525742880384,0.51194847,2325.623429950633,0.35277362817308916,6.5071445E-6,19.832651,0.009357455,0.08809013,0.0011473943,0.006832803,7.9876283E-4,0.56394464,0.15330808,0.5198464,2.9264734E-4,0.008738131,3.9067995E-4,0.63864845,0.01877229,null,null,null,null,"TWOGAUSSIANS",8,2.1062782,0.5198464,2.9264734E-4,0.048933536,0.0021878076,0.63864845,0.01877229,0.08809013,0.0011473943,0.038263697,0.004473072,0.56394464,0.15330808
375316653866487564,3240507985373907456,0.44213983,2389.2662319022006,0.5831984475542682,2.762587E-5,17.43154,0.0032270043,0.23275693,0.0013512274,0.009909462,0.0018580834,0.15469241,0.111773476,0.74109864,0.009789747,0.009491673,0.011565783,0.068120785,0.08608297,null,null,null,null,"TWOGAUSSIANS",8,7.504681,0.23275693,0.0013512274,0.05549299,0.010405268,0.15469241,0.111773476,0.74109864,0.009789747,0.053153366,0.06476838,0.068120785,0.08608297
375316653866487564,3240526745792418048,0.5765171,2347.002704168998,3.6011187977370738,7.588408E-6,18.97839,0.0077176746,0.23079836,0.0022028333,0.07657635,0.0023987293,0.4916512,0.011995235,0.7246534,0.0058272523,0.082095,0.0043258346,0.5606734,0.020699173,null,null,null,null,"TWOGAUSSIANS",8,2.700263,0.7246534,0.0058272523,0.4,0.0,0.55418104,0.02041872,0.23079836,0.0022028333,0.4,0.0,0.48515886,0.011328532
375316653866487564,3240544788950102656,0.611794,2309.692814550483,0.165054496143771,8.9606865E-6,14.656411,0.0013942749,0.27556717,0.04493835,0.070139445,0.013200048,0.009107359,0.002998097,0.66328734,0.003971792,0.012087977,0.0018572261,0.28276935,0.050703343,0.0016753181,0.0019343015,0.27556717,0.04493835,"TWOGAUSSIANS_WITH_ELLIPSOIDAL_ON_ECLIPSE1",9,18.989626,0.66329736,0.003971792,0.06769267,0.010400466,0.28469667,0.05102721,0.27556717,0.04493835,0.3927809,0.05852408,0.0124432,0.0038273735
375316653866487564,3240549599313450368,0.5819152,2345.140394104225,0.4568798924728273,4.6072386E-5,16.072426,0.0040816064,0.21040052,0.0045271413,0.029357513,0.005043886,0.111504965,0.006807063,0.705134,0.03516504,0.026232637,0.02099292,0.8651017,0.46909004,null,null,null,null,"TWOGAUSSIANS",8,20.513527,0.705134,0.03516504,0.14690277,0.11756036,0.8651017,0.46909004,0.21040052,0.0045271413,0.16440207,0.028245762,0.111504965,0.006807063
375316653866487564,3240556436901588096,0.55430174,2425.2163316858987,0.49103883531235576,1.2028047E-5,14.60596,0.0028306656,0.43092638,0.0012414847,0.03075583,6.363786E-4,0.4829166,0.017838564,null,null,null,null,null,null,null,null,null,null,"ONEGAUSSIAN",5,169.34993,0.43092638,0.0012414847,0.17223266,0.00356372,0.4829166,0.0,null,null,null,null,null,null
375316653866487564,3240562278057038592,0.42555898,2484.8522276480167,1.9997427854809595,2.52767E-4,15.447591,0.032521203,0.13403672,0.029207857,0.05686148,0.03456664,0.17969806,0.03768549,0.5937154,0.028770702,0.057896163,0.029481074,0.13624744,0.053424314,null,null,null,null,"TWOGAUSSIANS",8,4.5715847,0.13403672,0.029207857,0.31842428,0.1648359,0.17969327,0.03748984,0.5937154,0.028770702,0.3242185,0.14643328,0.13624264,0.053346213
375316653866487564,3240571555186239232,0.41011727,2440.2682372739714,3.995464402831419,2.5765594E-5,11.922377,0.0020857705,0.2568209,0.09395926,0.08742061,0.043154474,0.009789249,0.006736795,0.6302869,0.007455567,0.036640827,0.01526116,0.026890533,0.022324482,null,null,null,null,"TWOGAUSSIANS",8,37.906837,0.6302869,0.007455567,0.20518863,0.085462496,0.02689153,0.022323743,0.2568209,0.09395926,0.4,0.0610522,0.00978918,0.0067366594
375316653866487564,3240572719121498496,0.5149564,2441.4031803454645,2.130721695285408,7.733468E-6,17.504126,0.005447786,0.2910833,0.0023360702,0.041170888,0.004891176,0.10176776,0.013620235,0.78564435,0.013020951,0.0412023,0.014565524,0.091250286,0.023982223,0.082985885,0.009016968,0.2910833,0.0023360702,"TWOGAUSSIANS_WITH_ELLIPSOIDAL_ON_ECLIPSE1",9,13.125158,0.2910833,0.0023360702,0.23055696,0.027390586,0.2677395,0.0072139907,0.7867143,0.010599881,0.23073287,0.08156693,0.25706625,0.023427326
375316653866487564,3240574647562710016,0.48251486,2402.1743979291746,0.16360506645554795,1.07738095E-4,13.383738,0.0015940099,0.28326562,0.009195812,0.02159855,0.008921084,0.010586907,0.0015932195,0.6395895,0.018146047,0.048189525,0.05360071,0.059774477,0.0416058,null,null,null,null,"TWOGAUSSIANS",8,29.859037,0.6395895,0.018146047,0.26986134,0.12809944,0.059774477,0.04160613,0.28326562,0.009190473,0.12095188,0.049958073,0.010586907,0.0016009281
375316653866487564,3240587184571423616,0.5316095,2400.3466196060062,2.1406246023880913,7.592845E-5,17.969725,0.0018923432,0.28557423,1.6271224E-4,0.0050867777,3.9244624E-4,0.2328179,0.0076367343,0.7570146,0.031026548,0.04338995,0.03674622,0.05321824,0.04014182,null,null,null,null,"TWOGAUSSIANS",8,1.7357137,0.28557423,1.6271224E-4,0.028485954,0.002197699,0.2328179,0.0076367343,0.7570146,0.031026548,0.24298373,0.17428993,0.05321824,0.04014182
375316653866487564,3240593094447115520,0.6535379,2425.611070412039,4.474541449866227,2.6876512E-6,18.684263,0.005163876,0.2235876,6.5161305E-4,0.043326497,0.0011498024,0.5594706,0.014532011,0.72686,0.010929845,0.035024326,0.011466393,0.4036553,0.0317887,0.14581864,0.008608434,0.2235876,6.5161305E-4,"TWOGAUSSIANS_WITH_ELLIPSOIDAL_ON_ECLIPSE1",9,1.8244787,0.2235876,6.5161305E-4,0.24262838,0.006438893,0.85110766,0.0112355715,0.72686,0.010706693,0.19613624,0.0642118,0.6951691,0.032048777
375316653866487564,3240642675549319552,0.57920706,2223.4171228487553,3.0334047385955443,7.4938944E-6,17.12044,0.012690442,0.31555375,0.002886631,0.09164348,0.004841447,0.39776614,0.015094055,0.8100437,0.0023318415,0.086036846,0.0046734833,0.45447212,0.018123262,null,null,null,null,"TWOGAUSSIANS",8,10.254494,0.8100437,0.0023318415,0.4,0.0,0.43966344,0.019583168,0.31555375,0.002886631,0.4,0.0,0.3829572,0.012475612
375316653866487564,3240646558198372224,0.5155904,2298.658332504737,3.658293389106502,4.661418E-5,19.657162,0.0066993656,0.30673543,0.0035459672,0.023194995,0.0068636495,0.5401247,0.44075787,0.13882597,0.0027507462,0.020486027,0.01439246,0.46707922,1.1453592,null,null,null,null,"TWOGAUSSIANS",8,1.4354485,0.30673543,0.0035459672,0.12989198,0.03843644,0.5401247,0.44075784,0.13882597,0.0027507462,0.11472175,0.08059777,0.46707922,1.1453592
375316653866487564,3240651097980853248,0.52333164,2299.6666928958193,0.06804248954137107,6.559883E-5,15.0613365,0.013622586,0.19966078,0.026103219,0.03187957,0.02822274,1.4164497,5634.166,0.9636559,0.0051374277,0.008236819,0.0029435726,0.2725627,0.11078077,0.040824015,0.023720173,0.19966078,0.026103219,"TWOGAUSSIANS_WITH_ELLIPSOIDAL_ON_ECLIPSE1",9,1399.4443,0.19966078,0.026103219,0.1785256,0.15804735,1.4980975,5634.1978,0.96367586,0.005126952,0.046126187,0.016484007,0.27319327,0.11175656
375316653866487564,3240654499594947328,0.5836808,2272.079559390298,1.1450682588259151,6.305591E-5,18.648014,0.0043211468,0.3779969,0.007965284,0.033276387,0.004776862,0.38666195,0.025941208,0.8400772,0.0054249982,0.04418503,0.006177582,0.83049226,0.36394626,null,null,null,null,"TWOGAUSSIANS",8,2.0115743,0.8400772,0.0054249982,0.24743617,0.034594458,0.83049226,0.36394626,0.3779969,0.007965284,0.18634775,0.026750429,0.38666195,0.025941208
375316653866487564,3240655530387096192,0.53449357,2266.102956492054,0.5132305026139586,6.989359E-5,13.300556,0.017823936,0.27372268,0.0055512576,0.07087542,0.007845178,0.33322644,0.035305608,0.7158315,0.017155683,0.041089512,0.05294547,1.7806466,1.8714185,null,null,null,null,"TWOGAUSSIANS",8,646.6015,0.7158315,0.017155683,0.23010126,0.17291018,1.7806419,1.8736613,0.27372268,0.0055512576,0.39690238,0.020078884,0.3332217,0.034447465
375316653866487564,3240663261328801536,0.44775596,2260.9908738543986,0.3072459155245215,7.462976E-5,15.92872,0.00378319,0.37209722,0.0844645,0.083779745,0.06974559,0.025932146,0.01673494,0.7443328,0.09806328,0.10812629,0.07710899,0.015500494,0.006358681,null,null,null,null,"TWOGAUSSIANS",8,1.9217507,0.3724572,0.08345137,0.4,0.2357731,0.025792394,0.016809434,0.7443328,0.09806328,0.4,0.0,0.01532046,0.005985992
375316653866487564,3240667006539894656,0.69296026,2346.5286527955745,2.1410895228894837,2.8714164E-6,14.667977,0.0041859252,0.24104339,0.0018350661,0.044807326,0.007446425,0.03376075,0.009952724,0.7381793,8.985291E-4,0.054157984,0.0011870582,0.34895703,0.009135867,0.07775249,0.004321089,0.24104339,0.0018350661,"TWOGAUSSIANS_WITH_ELLIPSOIDAL_ON_ECLIPSE1",9,11.020568,0.73844934,7.6885143E-4,0.3032847,0.0066475254,0.5044099,0.0038338364,0.24104339,0.0018350661,0.25092104,0.04169998,0.18925925,0.004502202
375316653866487564,3240678409676255744,0.54792494,2225.9038011504726,3.5464268377803294,1.0452731E-5,18.574865,0.033447683,0.215188,0.0029770639,0.08608204,0.00983835,0.35215455,0.029026156,0.7187594,0.0031276816,0.0830465,0.0103269275,0.36820555,0.028489297,null,null,null,null,"TWOGAUSSIANS",8,4.766811,0.7187594,0.0031276816,0.4,0.0,0.3596526,0.022057377,0.215188,0.0029770639,0.4,0.0,0.34360158,0.020860171
375316653866487564,3240688751957654272,0.6151466,2243.2156539724774,2.599066829113006,1.1983134E-5,16.434603,0.0037893231,0.26206797,0.0028613745,0.044024922,0.013677735,0.101181366,0.014554843,0.7647829,0.0017338498,0.038940642,0.0037514563,0.11215864,0.010417197,0.05959971,0.0058835614,0.26206797,0.0028613745,"TWOGAUSSIANS_WITH_ELLIPSOIDAL_ON_ECLIPSE1",9,5.7393937,0.7647829,0.0017338498,0.2180676,0.021008154,0.23132335,0.00875083,0.26206797,0.0028613745,0.24653956,0.07659532,0.22038075,0.020094408
375316653866487564,3240706451519131520,0.52260286,2215.2459411982636,2.845560035651562,2.8228897E-5,16.386806,0.08205273,0.23091768,0.005765707,0.114586376,0.034468617,0.13863134,0.08103013,0.7231532,0.009354556,0.12101025,0.041246265,0.133834,0.07981526,null,null,null,null,"TWOGAUSSIANS",8,9.465045,0.23095767,0.005666488,0.4,0.0,0.11201061,0.005634863,0.7231532,0.009354556,0.4,0.0,0.10718018,0.0066288956
375316653866487564,3240708684902344576,0.4595406,2283.6599470084166,0.6877329454563136,4.6025896E-5,19.589249,0.4522285,0.28592077,0.041599136,0.1960184,0.12196371,0.56100714,0.4388011,0.7766742,0.017760612,0.1398025,0.05943863,0.46311644,0.36493212,null,null,null,null,"TWOGAUSSIANS",8,1.643875,0.28656077,0.041513264,0.4,0.0,0.23902382,0.026428204,0.7766742,0.017759727,0.4,0.0,0.18317218,0.03013564
375316653866487564,3240710673471263104,0.59674865,2198.200116648063,4.8410977623110725,1.2612015E-5,17.823433,0.02021716,0.26464126,0.0056135207,0.08733555,0.009869888,0.41813388,0.046425972,0.77518886,0.0064036055,0.084497295,0.00783724,0.36282265,0.021102337,null,null,null,null,"TWOGAUSSIANS",8,5.344738,0.26464126,0.0056135207,0.4,0.0,0.40869394,0.048507426,0.77518886,0.0064036055,0.4,0.0,0.35338277,0.015166059
375316653866487564,3240718752305456768,0.6237756,2281.563573165311,3.7164949917580747,1.3985159E-5,18.177034,0.026096785,0.26652187,0.0022940256,0.04482548,0.007695977,0.3067203,0.057902683,0.76156867,0.00834523,0.052168522,0.013761886,0.23117709,0.0637084,0.15309316,0.03675638,0.26652187,0.0022940256,"TWOGAUSSIANS_WITH_ELLIPSOIDAL_ON_ECLIPSE1",9,5.3895197,0.26652187,0.0022940256,0.2510227,0.043097474,0.6129028,0.020127485,0.7626686,0.006029805,0.29214373,0.07706656,0.5371288,0.047063448
375316653866487564,3240719400843640448,0.6458868,2233.3110023783765,1.186547445907798,8.635021E-6,13.45749,0.008871772,0.2866793,0.0014761375,0.10323795,0.0047997553,0.22349316,0.008474339,0.785796,0.0025836555,0.09808027,0.006219534,0.25301856,0.007909896,null,null,null,null,"TWOGAUSSIANS",8,32.56986,0.785796,0.0025836555,0.4,0.0,0.23154917,0.0040429514,0.2866793,0.0014761375,0.4,0.0,0.20202132,0.006714529
375316653866487564,3240723287790918272,0.62494385,2274.3492136820846,2.2876791825035414,7.854651E-6,16.79089,0.010607467,0.16545972,0.0028953317,0.111347735,0.007862923,0.19942321,0.00910393,0.66612595,0.0040169256,0.08104289,0.004748081,0.37930378,0.014478877,null,null,null,null,"TWOGAUSSIANS",8,4.3712053,0.66612595,0.0040169256,0.4,0.0,0.3621719,0.013171491,0.16545972,0.0028953317,0.4,0.0,0.18227461,0.005010898
375316653866487564,3240729025867388032,0.74786824,2239.546977744366,3.4239063132815235,4.3185414E-6,14.822766,0.0047167507,0.31700036,7.877563E-4,0.036765125,0.0010762411,0.48322904,0.01627236,0.8202657,0.0013084223,0.04548351,0.0015178019,0.5588694,0.013741799,0.15398972,0.009826721,0.8202657,0.0013084223,"TWOGAUSSIANS_WITH_ELLIPSOIDAL_ON_ECLIPSE2",9,29.515137,0.8202657,0.0013084223,0.25470766,0.00849969,0.86684823,0.008441364,0.31721035,7.0779753E-4,0.2058847,0.00602695,0.7910865,0.012510922
375316653866487564,3240747610189712768,0.57999367,2234.17962690978,3.019576213944081,1.4106081E-5,17.06339,0.0077956603,0.1865759,0.0027475012,0.066779025,0.0035665894,0.23873703,0.008297257,0.68974614,0.0057774098,0.07265333,0.0045725256,0.3369463,0.025420545,null,null,null,null,"TWOGAUSSIANS",8,12.56707,0.68974614,0.0057774098,0.4,0.0045190845,0.33609816,0.025536625,0.1865759,0.0027475012,0.37396255,0.0199729,0.23788889,0.007994802
375316653866487564,3240761530179657600,0.58875597,2277.51029701757,3.2011273956798867,1.2493229E-5,15.935485,0.01737215,0.32308426,0.0043420955,0.0978913,0.006736512,0.422495,0.018270012,0.8183654,0.0020436456,0.086279,0.008432743,0.29391363,0.03366147,null,null,null,null,"TWOGAUSSIANS",8,50.505737,0.32308426,0.0043420955,0.4,0.0,0.40586686,0.014457217,0.8183654,0.0020436456,0.4,0.0,0.27728733,0.03624017
375316653866487564,3240764721338983296,0.5463228,2414.399559417015,3.941940427516027,1.0725701E-5,18.342453,0.020054014,0.23381649,0.0052695675,0.09201655,0.012793859,0.18772985,0.018525664,0.7504558,0.008287815,0.0961106,0.015762731,0.19700271,0.022572588,null,null,null,null,"TWOGAUSSIANS",8,1.7705013,0.7504558,0.008287815,0.4,0.0,0.18814181,0.020476444,0.23381649,0.0052717086,0.4,0.0,0.17886946,0.009825327
375316653866487564,3240773036395793024,0.6257326,2434.875142383522,0.5870436093767506,5.4167717E-6,18.439709,0.0015844002,0.2062995,0.0022230328,0.023621172,0.0013446494,0.5192801,0.04731539,0.7075882,0.0016037102,0.021349756,0.0026964315,0.58417684,0.07118845,null,null,null,null,"TWOGAUSSIANS",8,1.1937231,0.7075882,0.0016037102,0.11955864,0.015100015,0.58417684,0.07118845,0.2062995,0.0022230328,0.13227856,0.007530037,0.5192801,0.04731539
375316653866487564,3240780698617404928,0.54205924,2307.2689695179683,4.180343062000799,4.9282407E-5,19.18737,0.0028709972,0.18626098,0.03455384,0.024680266,0.0084435865,0.5638001,0.5518351,0.37950972,0.0047018393,0.018997265,0.0060819783,0.025791058,0.0049658455,null,null,null,null,"TWOGAUSSIANS",8,0.8599431,0.18626098,0.03455384,0.13820949,0.047284085,0.5638001,0.5518351,0.37950972,0.0047018393,0.10638469,0.034059078,0.025791058,0.0049658744
