Gaia/vari_eclipsing_binary/VariEclipsingBinary_673713-673739.csv
# %ECSV 1.0
# ---
# delimiter: ','
# meta: !!omap
# - RELEASE: Gaia DR3
# - TABLE: vari_eclipsing_binary
# - DESCRIPTION: >
#     This table describes the properties of the eclipsing binaries resulting from the variability analysis. 
# - CITATION: >
#     How to cite and acknowledge Gaia: 
#     https://gea.esac.esa.int/archive/documentation/credits.html 
# - KNOWN_ISSUES: >
#     Known issues: 
#     https://www.cosmos.esa.int/web/gaia-users/known-issues 
# - DOCUMENTATION: >
#     Tutorials and documentation: 
#     https://www.cosmos.esa.int/web/gaia-users/archive 
# datatype:
# - 
#   name: solution_id
#   datatype: int64
#   description: Solution Identifier
#   meta:
#     ucd: meta.version
# - 
#   name: source_id
#   datatype: int64
#   description: Unique source identifier
#   meta:
#     ucd: meta.id;meta.main
# - 
#   name: global_ranking
#   datatype: float32
#   description: Number between 0 (worst) and 1 (best)
#   meta:
#     ucd: stat.param
# - 
#   name: reference_time
#   datatype: float64
#   unit: d
#   description: Reference time used for the geometric model fit
#   meta:
#     ucd: time.epoch
# - 
#   name: frequency
#   datatype: float64
#   unit: d**-1
#   description: Frequency of geometric model of the eclipsing binary light curve
#   meta:
#     ucd: src.orbital
# - 
#   name: frequency_error
#   datatype: float32
#   unit: d**-1
#   description: "Uncertainty of \\texttt{frequency}"
#   meta:
#     ucd: stat.error
# - 
#   name: geom_model_reference_level
#   datatype: float32
#   unit: mag
#   description: Magnitude reference level of geometric model
#   meta:
#     ucd: phot.mag;em.opt
# - 
#   name: geom_model_reference_level_error
#   datatype: float32
#   unit: mag
#   description: "Uncertainty of \\texttt{geomModelReferenceLevel}"
#   meta:
#     ucd: stat.error;phot.mag;em.opt
# - 
#   name: geom_model_gaussian1_phase
#   datatype: float32
#   description: Phase of the Gaussian 1 component
#   meta:
#     ucd: time.phase
# - 
#   name: geom_model_gaussian1_phase_error
#   datatype: float32
#   description: "Uncertainty of \\texttt{geomModelGaussian1Phase}"
#   meta:
#     ucd: stat.error;time.phase
# - 
#   name: geom_model_gaussian1_sigma
#   datatype: float32
#   description: "Standard deviation [phase] of Gaussian 1 component"
#   meta:
#     ucd: stat.stdev
# - 
#   name: geom_model_gaussian1_sigma_error
#   datatype: float32
#   description: "Uncertainty of \\texttt{geomModelGaussian1Sigma}"
#   meta:
#     ucd: stat.error
# - 
#   name: geom_model_gaussian1_depth
#   datatype: float32
#   unit: mag
#   description: Magnitude depth of Gaussian 1 component
#   meta:
#     ucd: src.var.amplitude
# - 
#   name: geom_model_gaussian1_depth_error
#   datatype: float32
#   unit: mag
#   description: "Uncertainty of \\texttt{geomModelGaussian1Depth}"
#   meta:
#     ucd: stat.error;src.var.amplitude
# - 
#   name: geom_model_gaussian2_phase
#   datatype: float32
#   description: Phase of Gaussian 2 component
#   meta:
#     ucd: time.phase
# - 
#   name: geom_model_gaussian2_phase_error
#   datatype: float32
#   description: "Uncertainty of \\texttt{geomModelGaussian2Phase}"
#   meta:
#     ucd: stat.error;time.phase
# - 
#   name: geom_model_gaussian2_sigma
#   datatype: float32
[...]
#   datatype: float32
#   description: "Secondary eclipse: uncertainty of \\texttt{derivedSecondaryEclDuration}"
#   meta:
#     ucd: stat.error;time.duration
# - 
#   name: derived_secondary_ecl_depth
#   datatype: float32
#   unit: mag
#   description: "Secondary eclipse: depth"
#   meta:
#     ucd: src.var.amplitude
# - 
#   name: derived_secondary_ecl_depth_error
#   datatype: float32
#   unit: mag
#   description: "Secondary eclipse: uncertainty of \\texttt{derivedSecondaryEclDepth}"
#   meta:
#     ucd: stat.error;src.var.amplitude
solution_id,source_id,global_ranking,reference_time,frequency,frequency_error,geom_model_reference_level,geom_model_reference_level_error,geom_model_gaussian1_phase,geom_model_gaussian1_phase_error,geom_model_gaussian1_sigma,geom_model_gaussian1_sigma_error,geom_model_gaussian1_depth,geom_model_gaussian1_depth_error,geom_model_gaussian2_phase,geom_model_gaussian2_phase_error,geom_model_gaussian2_sigma,geom_model_gaussian2_sigma_error,geom_model_gaussian2_depth,geom_model_gaussian2_depth_error,geom_model_cosine_half_period_amplitude,geom_model_cosine_half_period_amplitude_error,geom_model_cosine_half_period_phase,geom_model_cosine_half_period_phase_error,model_type,num_model_parameters,reduced_chi2,derived_primary_ecl_phase,derived_primary_ecl_phase_error,derived_primary_ecl_duration,derived_primary_ecl_duration_error,derived_primary_ecl_depth,derived_primary_ecl_depth_error,derived_secondary_ecl_phase,derived_secondary_ecl_phase_error,derived_secondary_ecl_duration,derived_secondary_ecl_duration_error,derived_secondary_ecl_depth,derived_secondary_ecl_depth_error
[from data line 216]
375316653866487564,5926131317393553024,0.5569647,2262.285856232148,3.877170159194995,8.705976E-6,19.111477,0.008371525,0.27108365,0.0058502546,0.0764122,0.003977307,0.38053462,0.014171836,0.7763537,0.002698551,0.08044218,0.0037116064,0.4202043,0.014225185,null,null,null,null,"TWOGAUSSIANS",8,1.8094581,0.7763537,0.002698551,0.4,0.0,0.41573632,0.01418465,0.27108365,0.0058502546,0.4,0.0,0.37606663,0.012611251
375316653866487564,5926131626655046400,0.5486778,2274.668320388967,2.683065918293383,1.4702986E-5,17.63678,0.017997801,0.33303347,0.0015899711,0.039938435,0.0036873247,0.663012,0.07895463,0.8493566,0.022323426,0.03519647,0.015920378,0.20024759,0.08717689,0.033043712,0.02780723,0.33303347,0.0015899711,"TWOGAUSSIANS_WITH_ELLIPSOIDAL_ON_ECLIPSE1",9,15.982181,0.33303347,0.0015899711,0.22365524,0.020649018,0.72909945,0.082219124,0.8493566,0.022217065,0.19710024,0.089154124,0.2656423,0.05091262
375316653866487564,5926131970252422400,0.43035424,2277.458335965528,0.058764300098123716,6.99399E-5,19.401289,0.023139006,0.14351022,0.014520786,0.065661445,0.02191263,0.15347044,0.02684103,0.6789584,0.008624287,0.09629823,0.021165377,0.15046605,0.027168108,null,null,null,null,"TWOGAUSSIANS",8,2.9408207,0.14351022,0.014520634,0.3677041,0.11709912,0.1522131,0.02666015,0.6789584,0.008624287,0.4,0.0,0.14920735,0.025843587
375316653866487564,5926132275151184256,0.49185556,2277.2085629609783,1.511846434853334,1.7902932E-5,16.967442,0.017150646,0.2753087,0.010489851,0.12987532,0.02887021,0.05072171,0.016708305,0.74088734,0.0056075873,0.12623386,0.016133936,0.0938798,0.015855229,null,null,null,null,"TWOGAUSSIANS",8,2.8274002,0.74088734,0.0056075873,0.4,0.0,0.078635186,0.0056222444,0.2762187,0.010111379,0.4,0.0,0.03550191,0.0043846327
375316653866487564,5926132927986099968,0.43432954,2288.5974244663716,2.425935392498252,2.8566943E-5,17.183208,0.09646077,0.2441429,0.007862805,0.2507943,0.060028158,0.5251422,0.09650967,0.73655754,0.009112237,0.14846462,0.03184125,0.39397,0.13061094,null,null,null,null,"TWOGAUSSIANS",8,26.027,0.73655754,0.009112237,0.4,0.0,0.12686163,0.021407835,0.24553291,0.0078058755,0.4,0.0,0.11701604,0.008887875
375316653866487564,5926134375409033088,0.44716552,2272.7099776524406,2.734485046657476,5.9159167E-5,18.878998,0.05128909,0.2626837,0.014561957,0.11012205,0.029734336,0.22291447,0.04403774,0.8005419,0.015747849,0.104171276,0.02894188,0.17396706,0.035149403,null,null,null,null,"TWOGAUSSIANS",8,7.6314015,0.2626637,0.014470088,0.4,0.0,0.20600633,0.01755533,0.80062187,0.015443273,0.4,0.0,0.1570843,0.026473194
375316653866487564,5926134714697091200,0.5344576,2299.4600089647843,1.0887810582553548,4.870104E-5,17.055826,0.0020002173,0.2447926,0.003493777,0.049925447,0.00249816,0.1694507,0.006351401,0.738712,0.0037364035,0.04430433,0.0067072967,0.11086222,0.018764487,null,null,null,null,"TWOGAUSSIANS",8,8.621143,0.2447926,0.003493777,0.2795825,0.013989696,0.16945055,0.006351394,0.738712,0.0037364035,0.24810426,0.03756086,0.11086207,0.018764872
375316653866487564,5926135608047986816,0.5695316,2293.215451160599,2.4658065248203993,8.200206E-6,16.218027,0.008343745,0.27644625,0.006689966,0.04799237,0.0095175905,0.13760033,0.019727238,0.7961768,0.0019637912,0.05572592,0.007341598,0.10421429,0.03169353,0.1644717,0.014318914,0.7961768,0.0019637912,"TWOGAUSSIANS_WITH_ELLIPSOIDAL_ON_ECLIPSE2",9,60.85281,0.28243628,0.005701962,0.26875728,0.053298507,0.46302435,0.01454837,0.7961768,0.0019637912,0.31206515,0.04111295,0.43315163,0.021265857
375316653866487564,5926135749823760768,0.53625566,2262.020279837976,0.3554046935963848,2.2557573E-5,14.423471,0.0017614692,0.4054968,0.020053776,0.018103031,0.01002483,0.17445007,0.1925938,0.8957613,0.0038435294,0.0095462315,0.009066667,0.15668446,3.9536471,0.0031324448,0.002951223,0.4054968,0.020053776,"TWOGAUSSIANS_WITH_ELLIPSOIDAL_ON_ECLIPSE1",9,38.08072,0.4054968,0.020053776,0.10137698,0.056139044,0.18071495,0.19259982,0.8957613,0.0038358688,0.053458896,0.050773337,0.16292593,3.9541512
375316653866487564,5926136024701705216,0.44384566,2339.4159291316428,0.7625408351623415,1.5452957E-4,18.120655,0.29141787,0.33495018,0.01859036,0.21141648,0.16902877,0.22730988,0.27602032,0.7833899,0.017531486,0.07320867,0.013477562,0.14430743,0.07512543,null,null,null,null,"TWOGAUSSIANS",8,5.495389,0.33495018,0.01859036,0.4,0.0,0.16986726,0.019843603,0.7833899,0.017531486,0.4,0.044116963,0.118389376,0.055602517
375316653866487564,5926136059061452928,0.44215697,2257.1333794425623,0.1501431874370707,2.8162767E-5,19.42431,0.014762781,0.2438564,0.011280187,0.06188536,0.02027073,0.12603272,0.035386402,0.72635597,0.0066394634,0.07742054,0.009147998,0.28800455,0.040678862,null,null,null,null,"TWOGAUSSIANS",8,4.1618166,0.72635597,0.0066394634,0.4,0.0,0.28760636,0.040897146,0.2438564,0.011280187,0.34655803,0.113516085,0.12563452,0.035698242
375316653866487564,5926136849310235264,0.5259354,2288.0162303088055,3.9481537121606594,1.6080136E-5,19.740786,0.011450575,0.1674565,0.003444497,0.074889645,0.005220329,0.533281,0.058412883,0.66841066,0.005762464,0.07346938,0.005458907,0.55892396,0.034201846,null,null,null,null,"TWOGAUSSIANS",8,1.8422064,0.66841066,0.005762464,0.4,9.142207E-4,0.5552746,0.03444234,0.1674565,0.003444497,0.4,0.0,0.52963173,0.059676327
375316653866487564,5926137330346718720,0.47625053,2277.84072685668,2.7942966158840505,2.3227025E-5,19.10737,0.0062536183,null,null,null,null,null,null,null,null,null,null,null,null,0.10096816,0.009035865,0.25507474,0.0058015496,"ELLIPSOIDAL",4,4.17255,null,null,null,null,null,null,null,null,null,null,null,null
375316653866487564,5926137360397020672,0.46781254,2280.8731311345396,0.032709873703425776,2.0707794E-5,17.337475,0.0057688425,0.16779386,0.0044459156,0.06587021,0.0098291645,0.22726148,0.06927325,0.5872593,0.029749222,0.1598315,0.03320805,0.036736272,0.005714574,null,null,null,null,"TWOGAUSSIANS",8,2.6235564,0.16814385,0.004021811,0.36887315,0.052992858,0.22473294,0.07137107,0.5872593,0.029749222,0.4,0.0,0.032980945,0.0033809824
375316653866487564,5926137364731479936,0.6866621,2273.3654753417145,0.24841173390054616,1.0782494E-6,13.23907,3.2285348E-4,0.6781704,5.911221E-7,0.009896615,1.7721231E-5,0.38327914,1.5768631E-4,null,null,null,null,null,null,null,null,null,null,"ONEGAUSSIAN",5,9.152601,0.6781704,5.911221E-7,0.05542104,9.92389E-5,0.38327914,0.0,null,null,null,null,null,null
375316653866487564,5926137536505307520,0.515225,2270.108442932196,2.396296928408661,1.6250056E-5,19.40616,0.022002427,0.2394893,0.00400984,0.09100196,0.008221927,0.45772734,0.02163941,0.7501985,0.007064384,0.09563711,0.007945173,0.37803864,0.033856146,null,null,null,null,"TWOGAUSSIANS",8,2.8655264,0.2394893,0.00400984,0.4,0.0,0.43811503,0.019810902,0.7501985,0.007064384,0.4,0.0,0.35842562,0.03237628
375316653866487564,5926137635272779264,0.56269854,2260.1669993919295,1.6834983033698487,3.563137E-5,18.275421,0.0032001273,0.46037152,0.035919473,0.028689478,0.038604327,0.05459238,0.12224671,0.7069992,9.865039E-4,0.03009501,0.0017526512,7.501406,3.2221134,null,null,null,null,"TWOGAUSSIANS",8,6.231426,0.7069992,9.865039E-4,0.16853204,0.009814847,7.501406,3.2221134,0.46037152,0.035919473,0.16066107,0.21618423,0.05459238,0.12224671
375316653866487564,5926138086261383040,0.53613377,2256.6139723466945,2.9440701669694134,2.4035337E-5,18.483826,0.01573391,0.2734702,0.005015967,0.09529223,0.010043015,0.18375447,0.01684022,0.77634597,0.002764687,0.102827705,0.010015856,0.21364486,0.013307631,null,null,null,null,"TWOGAUSSIANS",8,2.1958275,0.77634597,0.002764687,0.4,0.0,0.19780122,0.0060685407,0.2734702,0.005015967,0.4,0.0,0.1679136,0.012437745
375316653866487564,5926138670376989824,0.5961966,2248.889595113164,1.909957261894836,1.2769238E-5,18.506155,0.0074322647,0.2192367,0.0016653887,0.07823714,0.002365101,0.42822647,0.006970749,0.71152914,0.00213492,0.0707754,0.0022349805,0.48807758,0.016845915,null,null,null,null,"TWOGAUSSIANS",8,2.2373912,0.71152914,0.00213492,0.39634222,0.01114378,0.48533487,0.016707262,0.2192367,0.0016653887,0.4,0.0,0.42548376,0.0062863687
375316653866487564,5926138940943192192,0.59928334,2245.0568218512512,0.5147565646999227,3.2952134E-6,16.999937,0.004306076,0.21633397,9.362212E-4,0.03125646,0.0010467829,0.712856,0.024667777,0.7169754,0.0012448671,0.034789097,0.0023017246,0.53456914,0.057712335,0.01294184,0.013203053,0.21633397,9.362212E-4,"TWOGAUSSIANS_WITH_ELLIPSOIDAL_ON_ECLIPSE1",9,23.153921,0.21633397,9.362212E-4,0.17503618,0.0058619846,0.7387396,0.029172914,0.7169754,0.0012448671,0.19481894,0.012889657,0.5604524,0.063500926
375316653866487564,5926138945279536640,0.5316041,2239.6149178334895,1.2766395441226024,1.3713685E-5,15.740079,0.014533801,0.25138843,0.004076111,0.09358849,0.006376894,0.32920992,0.01752805,0.76122195,0.0036672337,0.09196123,0.0071265497,0.3615593,0.014223975,null,null,null,null,"TWOGAUSSIANS",8,42.54338,0.76122195,0.0036672337,0.4,0.0,0.3457422,0.01160475,0.25138843,0.004076111,0.4,0.0,0.31339267,0.015207328
375316653866487564,5926139426297907328,0.4804839,2289.9290178514707,1.1485964726051723,2.606663E-5,16.35731,0.0022789876,0.12948221,0.004507895,0.06770285,0.011267171,0.044307396,0.0053563314,0.6429865,0.0072120354,0.084133245,0.011453586,0.042512782,0.0035699075,null,null,null,null,"TWOGAUSSIANS",8,3.1646738,0.12948221,0.004507895,0.37913597,0.04980312,0.044024896,0.00553858,0.6429865,0.0072120354,0.4,0.0,0.04223028,0.0036408594
375316653866487564,5926139460657652096,0.4702089,2283.4731846848094,1.0043604441407958,6.274634E-5,19.082748,0.0055072694,0.1351259,3.2038064E-4,0.014450901,3.421106E-4,2.566394,0.2909388,0.5912966,0.03661978,0.06335965,0.023370335,0.05063743,0.018460054,null,null,null,null,"TWOGAUSSIANS",8,2.812905,0.1351259,3.2038064E-4,0.08092505,0.0019158195,2.566394,0.2909388,0.5912966,0.03661978,0.35481405,0.12194827,0.05063743,0.018460054
375316653866487564,5926139666816006400,0.5447026,2277.9140919979077,1.7760716754520676,3.4765828E-5,18.656036,0.0043229777,0.30735072,0.0020870091,0.053932745,0.003958219,0.36548296,0.016423784,0.77861685,0.0066664256,0.019946218,0.014315344,0.09070224,0.011780994,null,null,null,null,"TWOGAUSSIANS",8,2.2611408,0.30735072,0.0020870091,0.30202338,0.022166029,0.36548296,0.016423784,0.77861685,0.0066664256,0.111698814,0.08016593,0.09070224,0.011780994
375316653866487564,5926140525809851008,0.47206026,2277.4277153881208,0.4579866136375331,7.8514444E-5,18.958996,0.004530557,0.18065345,0.02920284,0.045816347,0.022584403,0.03277779,0.008032624,0.7336833,0.0015500081,0.017802889,0.0021249948,0.36832583,0.05310316,null,null,null,null,"TWOGAUSSIANS",8,2.2488737,0.7336833,0.0015500081,0.099696174,0.0118999705,0.36832583,0.05310316,0.18065345,0.02920284,0.25657156,0.12647265,0.03277779,0.008032624
375316653866487564,5926141384803108352,0.54386204,2304.54605254345,3.606438582103695,2.0989624E-5,19.38708,0.011633833,0.2639481,0.0031207986,0.07226198,0.004221166,0.453867,0.016236277,0.75624204,0.014401197,0.08313796,0.009828015,0.5169381,0.060172364,null,null,null,null,"TWOGAUSSIANS",8,2.5933802,0.75624204,0.014401197,0.4,0.0,0.5122677,0.060316157,0.2639481,0.0031207986,0.4,0.0030205003,0.44919667,0.015689243
375316653866487564,5926141449200864384,0.54444313,2282.2193235948293,2.566308030097183,2.3725328E-5,18.122046,0.015484539,0.19861794,0.0037846307,0.091371976,0.0073172813,0.30751574,0.015075804,0.7085968,0.004706272,0.092083134,0.008070306,0.3193026,0.017894952,null,null,null,null,"TWOGAUSSIANS",8,3.9846432,0.7085968,0.004706272,0.4,0.0,0.30614796,0.016990382,0.19861794,0.0037846307,0.4,0.0,0.29436117,0.010212175
375316653866487564,5926142553034541440,0.5040181,2288.1488613227157,0.04796216612194926,1.4525633E-5,18.600634,0.0046100672,0.139172,0.0016366486,0.028370457,0.0027905896,0.23222454,0.012364017,0.6012249,0.01074614,0.11264165,0.007833365,0.235565,0.028677698,null,null,null,null,"TWOGAUSSIANS",8,2.6907632,0.6012249,0.01074614,0.4,0.0,0.23529889,0.028779162,0.13918202,0.001638464,0.15887456,0.015627302,0.23201334,0.012406492
375316653866487564,5926142617432565504,0.5136309,2282.739636441137,0.23849000504762108,1.854474E-5,17.359743,0.0023616776,0.17616971,0.0011949422,0.004749464,0.0021215156,0.96143776,0.6074628,null,null,null,null,null,null,null,null,null,null,"ONEGAUSSIAN",5,30.858334,0.17616971,0.0011949422,0.026596999,0.011880487,0.96143776,0.0,null,null,null,null,null,null
375316653866487564,5926143446386508544,0.4962507,2241.101515836969,2.4417725313374445,1.9313555E-5,18.624454,0.020583527,0.21782696,0.004369373,0.08040331,0.010406429,0.39307863,0.04636567,0.7197524,0.006872619,0.07722242,0.0075077633,0.43144393,0.030897344,null,null,null,null,"TWOGAUSSIANS",8,11.896335,0.7197524,0.006872619,0.4,0.0,0.4262751,0.029421229,0.21782696,0.004369373,0.4,0.0,0.3879098,0.048156388
375316653866487564,5926143858722525440,0.49282137,2265.2124922087805,0.07834998224332922,1.0123522E-5,13.3697195,0.0028461155,0.39120117,0.0021461966,0.008886514,0.0020480552,0.14851515,0.017163273,0.60669297,0.0032222758,0.009576417,0.0108944625,0.08980252,0.04932591,0.0028203186,0.0051658796,0.39120117,0.0021461966,"TWOGAUSSIANS_WITH_ELLIPSOIDAL_ON_ECLIPSE1",9,311.34375,0.39120117,0.0021461966,0.04976448,0.011469109,0.15415579,0.018585654,0.60669297,0.0032222758,0.05362793,0.061008986,0.090063564,0.04889938
375316653866487564,5926144202302245504,0.5326557,2275.9899751783364,3.7256749396780156,1.52413895E-5,18.742136,0.019684233,0.24317321,0.0038339593,0.09398354,0.007250489,0.3093419,0.019671714,0.7149453,0.004787374,0.101133995,0.010066981,0.33031353,0.016318114,null,null,null,null,"TWOGAUSSIANS",8,3.1438737,0.7149453,0.004787374,0.4,0.0,0.31392854,0.013200689,0.24318323,0.0038351868,0.4,0.0,0.29296246,0.012555456
375316653866487564,5926144305381532544,0.4313395,2282.1068553533046,0.2434499467975179,6.06619E-5,19.149519,0.010978061,0.42831552,0.01784193,0.064040236,0.0120275,0.16580361,0.026739813,0.85267675,0.014693818,0.079958856,0.015225156,0.1403109,0.01612894,null,null,null,null,"TWOGAUSSIANS",8,5.754865,0.42831552,0.01784193,0.35862532,0.067354,0.16570203,0.026685605,0.85267675,0.014693818,0.4,0.0,0.14020921,0.016142678
375316653866487564,5926144923857030656,0.4477003,2292.447097403268,1.94002952338273,1.3043072E-5,19.870459,0.006167451,0.21921489,0.017973036,0.03127301,0.006471522,0.18644238,0.17914988,0.7945668,6.413095E-5,0.011848138,2.0844648E-4,0.69371265,0.020250045,null,null,null,null,"TWOGAUSSIANS",8,2.4093533,0.7945668,6.413095E-5,0.06634957,0.0011673003,0.69371265,0.020250045,0.21921489,0.017973036,0.17512886,0.03624052,0.18644238,0.17914988
375316653866487564,5926145645411240960,0.471378,2274.424417796389,2.4142192852897457,3.8804184E-5,19.268389,0.036972515,0.25382623,0.010546079,0.08899113,0.014666195,0.272055,0.045598812,0.74848896,0.0077754166,0.11577057,0.026057476,0.20918977,0.03355697,null,null,null,null,"TWOGAUSSIANS",8,2.372343,0.25383624,0.010557859,0.4,0.0,0.25011244,0.029799266,0.74848896,0.0077754166,0.4,0.0,0.18720934,0.021571176
375316653866487564,5926146229544696960,0.45904586,2285.661662441582,1.4025120617505578,8.594682E-5,18.341383,0.003780398,0.2750589,0.01969762,0.07948172,0.021980353,0.08050353,0.016061569,0.78943413,0.013335785,0.05333941,0.008696781,0.13078849,0.022111142,null,null,null,null,"TWOGAUSSIANS",8,1.8571923,0.78943413,0.013335785,0.2987007,0.048701968,0.1306829,0.022136042,0.2750589,0.01969762,0.4,0.045355156,0.080397956,0.016385898
375316653866487564,5926146676203688832,0.5382457,2312.3964347001775,2.628581589393015,1.7621534E-5,19.519096,0.013231492,0.1791242,0.0024277766,0.063673906,0.004643298,0.53650403,0.025852114,0.6817516,0.006148791,0.06843685,0.004816727,0.5375307,0.020732911,null,null,null,null,"TWOGAUSSIANS",8,2.2542183,0.6817516,0.006148791,0.3832464,0.02636507,0.53675866,0.020249043,0.1791242,0.0024277766,0.35657388,0.026002469,0.535732,0.025951974
