Gaia/vari_eclipsing_binary/VariEclipsingBinary_693428-693584.csv
# %ECSV 1.0
# ---
# delimiter: ','
# meta: !!omap
# - RELEASE: Gaia DR3
# - TABLE: vari_eclipsing_binary
# - DESCRIPTION: >
#     This table describes the properties of the eclipsing binaries resulting from the variability analysis. 
# - CITATION: >
#     How to cite and acknowledge Gaia: 
#     https://gea.esac.esa.int/archive/documentation/credits.html 
# - KNOWN_ISSUES: >
#     Known issues: 
#     https://www.cosmos.esa.int/web/gaia-users/known-issues 
# - DOCUMENTATION: >
#     Tutorials and documentation: 
#     https://www.cosmos.esa.int/web/gaia-users/archive 
# datatype:
# - 
#   name: solution_id
#   datatype: int64
#   description: Solution Identifier
#   meta:
#     ucd: meta.version
# - 
#   name: source_id
#   datatype: int64
#   description: Unique source identifier
#   meta:
#     ucd: meta.id;meta.main
# - 
#   name: global_ranking
#   datatype: float32
#   description: Number between 0 (worst) and 1 (best)
#   meta:
#     ucd: stat.param
# - 
#   name: reference_time
#   datatype: float64
#   unit: d
#   description: Reference time used for the geometric model fit
#   meta:
#     ucd: time.epoch
# - 
#   name: frequency
#   datatype: float64
#   unit: d**-1
#   description: Frequency of geometric model of the eclipsing binary light curve
#   meta:
#     ucd: src.orbital
# - 
#   name: frequency_error
#   datatype: float32
#   unit: d**-1
#   description: "Uncertainty of \\texttt{frequency}"
#   meta:
#     ucd: stat.error
# - 
#   name: geom_model_reference_level
#   datatype: float32
#   unit: mag
#   description: Magnitude reference level of geometric model
#   meta:
#     ucd: phot.mag;em.opt
# - 
#   name: geom_model_reference_level_error
#   datatype: float32
#   unit: mag
#   description: "Uncertainty of \\texttt{geomModelReferenceLevel}"
#   meta:
#     ucd: stat.error;phot.mag;em.opt
# - 
#   name: geom_model_gaussian1_phase
#   datatype: float32
#   description: Phase of the Gaussian 1 component
#   meta:
#     ucd: time.phase
# - 
#   name: geom_model_gaussian1_phase_error
#   datatype: float32
#   description: "Uncertainty of \\texttt{geomModelGaussian1Phase}"
#   meta:
#     ucd: stat.error;time.phase
# - 
#   name: geom_model_gaussian1_sigma
#   datatype: float32
#   description: "Standard deviation [phase] of Gaussian 1 component"
#   meta:
#     ucd: stat.stdev
# - 
#   name: geom_model_gaussian1_sigma_error
#   datatype: float32
#   description: "Uncertainty of \\texttt{geomModelGaussian1Sigma}"
#   meta:
#     ucd: stat.error
# - 
#   name: geom_model_gaussian1_depth
#   datatype: float32
#   unit: mag
#   description: Magnitude depth of Gaussian 1 component
#   meta:
#     ucd: src.var.amplitude
# - 
#   name: geom_model_gaussian1_depth_error
#   datatype: float32
#   unit: mag
#   description: "Uncertainty of \\texttt{geomModelGaussian1Depth}"
#   meta:
#     ucd: stat.error;src.var.amplitude
# - 
#   name: geom_model_gaussian2_phase
#   datatype: float32
#   description: Phase of Gaussian 2 component
#   meta:
#     ucd: time.phase
# - 
#   name: geom_model_gaussian2_phase_error
#   datatype: float32
#   description: "Uncertainty of \\texttt{geomModelGaussian2Phase}"
#   meta:
#     ucd: stat.error;time.phase
# - 
#   name: geom_model_gaussian2_sigma
#   datatype: float32
[...]
#   datatype: float32
#   description: "Secondary eclipse: uncertainty of \\texttt{derivedSecondaryEclDuration}"
#   meta:
#     ucd: stat.error;time.duration
# - 
#   name: derived_secondary_ecl_depth
#   datatype: float32
#   unit: mag
#   description: "Secondary eclipse: depth"
#   meta:
#     ucd: src.var.amplitude
# - 
#   name: derived_secondary_ecl_depth_error
#   datatype: float32
#   unit: mag
#   description: "Secondary eclipse: uncertainty of \\texttt{derivedSecondaryEclDepth}"
#   meta:
#     ucd: stat.error;src.var.amplitude
solution_id,source_id,global_ranking,reference_time,frequency,frequency_error,geom_model_reference_level,geom_model_reference_level_error,geom_model_gaussian1_phase,geom_model_gaussian1_phase_error,geom_model_gaussian1_sigma,geom_model_gaussian1_sigma_error,geom_model_gaussian1_depth,geom_model_gaussian1_depth_error,geom_model_gaussian2_phase,geom_model_gaussian2_phase_error,geom_model_gaussian2_sigma,geom_model_gaussian2_sigma_error,geom_model_gaussian2_depth,geom_model_gaussian2_depth_error,geom_model_cosine_half_period_amplitude,geom_model_cosine_half_period_amplitude_error,geom_model_cosine_half_period_phase,geom_model_cosine_half_period_phase_error,model_type,num_model_parameters,reduced_chi2,derived_primary_ecl_phase,derived_primary_ecl_phase_error,derived_primary_ecl_duration,derived_primary_ecl_duration_error,derived_primary_ecl_depth,derived_primary_ecl_depth_error,derived_secondary_ecl_phase,derived_secondary_ecl_phase_error,derived_secondary_ecl_duration,derived_secondary_ecl_duration_error,derived_secondary_ecl_depth,derived_secondary_ecl_depth_error
375316653866487564,6099461933848189824,0.4946039,2162.6761267674588,3.8619701431973517,2.9848043E-5,19.020353,0.0250032,0.29299042,0.013194126,0.070366375,0.03443112,0.12138251,0.02416638,0.7915808,0.013383262,0.078455955,0.016874168,0.16350283,0.027065655,null,null,null,null,"TWOGAUSSIANS",8,1.8836071,0.7915808,0.013383262,0.4,0.019030498,0.16253088,0.024974892,0.29299042,0.013194126,0.3940517,0.14157836,0.12041057,0.023853065
375316653866487564,6099462797143248896,0.53493965,2162.6412652217614,3.912032677368154,2.280084E-5,19.561522,0.020276066,0.26399484,0.0150102135,0.05135641,0.012858924,0.4693822,0.16212621,0.7876331,0.011166307,0.06609972,0.020485513,0.4433383,0.12336342,null,null,null,null,"TWOGAUSSIANS",8,1.7796762,0.26399484,0.0150102135,0.28759587,0.07200998,0.46933863,0.1622711,0.7876331,0.011166307,0.3701584,0.044989295,0.4432947,0.12403954
375316653866487564,6099464682633244416,0.6528603,2184.4980877070634,2.599326720654268,1.2849121E-5,16.657757,0.02019459,0.27171218,0.0027837222,0.09288893,0.0054266066,0.3913673,0.022266498,0.7764824,0.004093689,0.094368376,0.009148857,0.3947412,0.019795557,null,null,null,null,"TWOGAUSSIANS",8,4.6653724,0.7764824,0.004093689,0.4,0.0,0.3739616,0.022184854,0.27171218,0.0027837222,0.4,0.0,0.37058792,0.018232074
375316653866487564,6099485818166318464,0.50967515,2145.761118113687,0.1475243081128513,2.1279868E-4,19.908222,0.018670397,0.37706125,0.013859204,0.048470583,0.011364888,0.286896,0.10656903,0.6817192,0.004773073,0.05963797,0.033695806,0.80270296,0.48371962,null,null,null,null,"TWOGAUSSIANS",8,2.0534344,0.6817192,0.004773073,0.33397263,0.08368868,0.80270296,0.48372033,0.37706125,0.013865005,0.27143526,0.06364337,0.28689772,0.108291626
375316653866487564,6099486569783120256,0.4721131,2228.9405308874434,0.2887784636841983,2.5214378E-5,16.417376,0.0054426477,0.20959784,0.006373749,0.04585966,0.00501358,0.15416722,0.019262848,0.7542313,0.032041505,0.1366893,0.051659014,0.035684716,0.00721914,null,null,null,null,"TWOGAUSSIANS",8,4.4366393,0.20955785,0.006371003,0.2568141,0.028076047,0.1533288,0.019021021,0.7542313,0.032041505,0.4,0.0,0.034694653,0.007541189
375316653866487564,6099490899110472064,0.58361065,2145.950086437163,1.9525490625490054,1.38437545E-5,18.338512,0.016161375,0.2027626,0.025646182,0.04683577,0.035700023,0.16997932,0.05552363,0.69062924,0.03353978,0.041464094,0.013981922,0.98641694,0.4715233,null,null,null,null,"TWOGAUSSIANS",8,9.445527,0.69062924,0.03353978,0.23219892,0.07829876,0.9864169,0.47152033,0.2027626,0.025646182,0.26228032,0.19992013,0.16997929,0.055523295
375316653866487564,6099498634344076928,0.5087394,2183.21141546249,3.3729003917454854,1.8055194E-5,17.425476,0.03780026,0.29838505,0.0047225845,0.093378365,0.016831899,0.18487549,0.036464147,0.79941076,0.00644405,0.09665836,0.029525971,0.14124031,0.032781847,null,null,null,null,"TWOGAUSSIANS",8,9.463086,0.29838505,0.0047371425,0.4,0.0,0.17491783,0.018808402,0.79941076,0.00644405,0.4,0.0,0.13128243,0.020366477
375316653866487564,6099500146179066880,0.5002881,2181.2982341768625,2.7637398729328106,7.5500575E-5,17.958078,0.0071477173,0.22002998,0.0025697062,0.023619872,0.002223334,0.50681597,0.10902362,0.45240042,0.052284114,0.1326773,0.046850644,0.05607784,0.009849258,null,null,null,null,"TWOGAUSSIANS",8,9.368076,0.22020999,0.002447807,0.13227127,0.012450671,0.51883566,0.10686461,0.45240042,0.052284114,0.4,0.0,0.05598538,0.009755967
375316653866487564,6099501073892095616,0.5551389,2122.9280612619527,3.415523584369605,2.8873439E-5,18.753101,0.029881405,0.23153797,0.0038074572,0.08680622,0.012718155,0.3674586,0.022706348,0.7279346,0.012932351,0.0759778,0.017120931,0.48795846,0.06466382,null,null,null,null,"TWOGAUSSIANS",8,4.0205984,0.7279346,0.012932351,0.4,0.0,0.48098618,0.065045945,0.23153797,0.0038074572,0.4,0.0,0.36048624,0.020277303
375316653866487564,6099502791878956672,0.6074847,2090.1094219730367,0.27441425583372003,2.9762508E-5,15.746395,0.08291582,0.2764708,0.028543936,0.023664765,0.013154131,0.43571043,0.2397643,0.7012582,0.02572786,0.24538547,0.18355522,0.04704771,0.079115234,null,null,null,null,"TWOGAUSSIANS",8,29.15761,0.2765308,0.028595481,0.13252269,0.07366314,0.43719625,0.24069668,0.7012582,0.02572786,0.4,0.0,0.035025142,0.008371045
375316653866487564,6099503234254859520,0.53573376,2101.9689211156124,1.7025259051873318,5.8688664E-5,19.382204,0.008961933,0.21371251,0.007223907,0.04078542,0.004578174,0.6002791,0.036548592,0.7345302,0.026496448,0.044492684,0.020120556,0.28427148,0.13692486,null,null,null,null,"TWOGAUSSIANS",8,3.6170838,0.21371251,0.007223907,0.22839835,0.025637774,0.6002791,0.036548547,0.7345302,0.026496448,0.24915904,0.112675115,0.28427148,0.13692513
375316653866487564,6099508285137109632,0.5249494,2165.470608247305,3.861918965787792,2.8739818E-5,17.901653,0.04469363,0.23171945,0.0056834193,0.09425761,0.01387373,0.36859515,0.0456914,0.75340354,0.0064685736,0.085588105,0.015761886,0.36536512,0.041423347,null,null,null,null,"TWOGAUSSIANS",8,22.187738,0.23171945,0.0056834193,0.4,0.0,0.357679,0.03513632,0.75340354,0.0064685736,0.4,0.0,0.35444993,0.028624505
375316653866487564,6099509041051440512,0.58561254,2133.022053678301,3.4666081780006803,7.000721E-6,18.358084,0.03813803,0.30163077,0.011606455,0.064215004,0.021358883,0.47070977,0.13999933,0.80730855,0.0032586788,0.06146681,0.016376184,0.5725257,0.12120002,null,null,null,null,"TWOGAUSSIANS",8,3.7384245,0.80730855,0.0032586788,0.34421414,0.07767566,0.5722095,0.12405442,0.30163077,0.011606455,0.35960403,0.05735082,0.47039354,0.14211485
375316653866487564,6099510007423950336,0.5027992,2174.1907684256034,3.2206971634758177,3.286718E-5,16.626883,0.0123366825,0.31453198,0.009521704,0.09775992,0.018265232,0.16559365,0.016055841,0.8059954,0.0069274586,0.07629009,0.008817262,0.17055455,0.016835244,null,null,null,null,"TWOGAUSSIANS",8,29.359932,0.8059954,0.0069274586,0.4,0.0,0.16589798,0.015169525,0.31453198,0.009521704,0.4,0.0,0.16093633,0.016830722
375316653866487564,6099511308793090816,0.4772526,2180.738773459251,4.456871834456434,4.1988707E-5,18.707773,0.1691076,0.14204258,0.044609126,0.062370196,0.04181927,0.05799452,0.05035328,0.5548642,0.027778625,0.18092054,0.11963049,0.15973672,0.16663136,null,null,null,null,"TWOGAUSSIANS",8,2.634181,0.5548642,0.027778625,0.4,0.0,0.14672287,0.025626412,0.15245257,0.0321887,0.34927312,0.15681684,0.058323517,0.025258206
375316653866487564,6099514882208498560,0.6943637,2163.380564833874,1.1634821497817125,3.3844362E-6,12.193335,0.03392161,0.26305443,0.0014452472,0.0625561,0.009987009,0.18462431,0.06616965,0.7649246,0.0015024095,0.07044023,0.009883963,0.15565605,0.06600664,0.06480722,0.033067312,0.26305443,0.0014452472,"TWOGAUSSIANS_WITH_ELLIPSOIDAL_ON_ECLIPSE1",9,45.13028,0.26305443,0.0014452472,0.35031417,0.051333174,0.31391877,0.0040753875,0.7649246,0.0014959376,0.3944653,0.015648283,0.28493258,0.0025646354
375316653866487564,6099518425561266176,0.5064831,2142.8375621521973,2.5351803142876315,1.997192E-5,18.57712,0.05541586,0.22472447,0.01938788,0.107134044,0.04818668,0.20444737,0.049325302,0.7386514,0.0077216094,0.09917905,0.023100786,0.22601387,0.051769156,null,null,null,null,"TWOGAUSSIANS",8,4.133281,0.7386614,0.0076911845,0.4,0.0,0.20677048,0.014905367,0.22472447,0.019393222,0.4,0.0,0.18519671,0.04850021
375316653866487564,6099520139246887680,0.5085341,2121.809638555285,0.4495999687911388,1.674773E-4,17.648043,0.0069894157,0.2682634,0.049990434,0.04772013,0.040041715,0.24401495,0.16895759,0.88562834,0.01588368,0.029387163,0.011681328,0.036562685,0.011269118,null,null,null,null,"TWOGAUSSIANS",8,10.439301,0.2682634,0.049990434,0.26723272,0.15040241,0.24401495,0.16895853,0.88562834,0.01588368,0.16456811,0.065415435,0.036562685,0.011268989
375316653866487564,6099520933815730048,0.45236212,2152.736997478511,1.6929010480135263,4.3594868E-5,19.754086,0.010052864,0.41330206,0.020999637,0.077058464,0.015782727,0.1639007,0.045582723,0.72694796,0.022606783,0.07690799,0.015125995,0.2797458,0.047174387,null,null,null,null,"TWOGAUSSIANS",8,3.4885585,0.72694796,0.022606783,0.4,0.008724317,0.27976653,0.047203798,0.41343206,0.020955544,0.4,0.013859517,0.16394868,0.04562836
375316653866487564,6099521754155171456,0.51907575,2156.544366277198,0.02660618600785706,1.6359654E-5,17.969032,0.03526509,0.20273237,0.025380295,0.09527044,0.04831003,0.15956458,0.04151859,0.68288916,0.005886954,0.05503804,0.009319532,0.31567463,0.06152535,null,null,null,null,"TWOGAUSSIANS",8,2.8226714,0.68288916,0.005886954,0.30821303,0.05218938,0.31469196,0.058127593,0.20273237,0.025380295,0.4,0.0,0.15858136,0.04146439
375316653866487564,6099524228056464384,0.57393575,2108.67566906618,4.337658084533829,1.5114159E-5,18.296524,0.020271517,0.28548172,0.0035151439,0.09276906,0.0060954606,0.5000845,0.024831604,0.78294677,0.012574223,0.07841085,0.011598857,0.57446146,0.03863138,null,null,null,null,"TWOGAUSSIANS",8,8.586276,0.78294677,0.012574223,0.4,0.023364892,0.56020576,0.035955522,0.28548172,0.0035151439,0.4,0.0,0.4858283,0.022977393
375316653866487564,6099525190129217536,0.55122995,2175.5403555647026,2.7956061884882804,9.929423E-5,17.983818,0.005183793,0.29501113,0.024122167,0.036368795,0.018992463,0.33008358,0.3068161,0.79107106,0.005040526,0.028884532,0.003928431,0.395192,0.1181146,null,null,null,null,"TWOGAUSSIANS",8,8.189098,0.79107106,0.005040526,0.16175339,0.021999212,0.395192,0.1181146,0.29501113,0.024122167,0.20366526,0.10635779,0.33008358,0.3068161
375316653866487564,6099529038419202432,0.6287644,2153.2463310548283,3.7392509741354134,4.543942E-6,18.409561,0.015887871,0.35748982,0.00199985,0.07133649,0.003397141,0.6082346,0.016459284,0.85719734,0.0049907854,0.06839387,0.015657531,0.57771677,0.24530052,null,null,null,null,"TWOGAUSSIANS",8,3.028902,0.35748982,0.00199985,0.39948437,0.011879156,0.606283,0.015610638,0.85719734,0.0049907854,0.38300568,0.024640387,0.5757652,0.24804427
375316653866487564,6099531031284493056,0.60481507,2139.056143407381,3.3386392547930743,2.3928504E-5,16.222862,0.012506991,0.29329988,0.002754785,0.045464713,0.007625628,0.21479341,0.043890737,0.80130523,0.004403667,0.06873162,0.006786377,0.18236496,0.027949357,0.106147796,0.017450431,0.29329988,0.002754785,"TWOGAUSSIANS_WITH_ELLIPSOIDAL_ON_ECLIPSE1",9,38.688354,0.29329988,0.002754785,0.25460237,0.042703517,0.4269317,0.04177972,0.80130523,0.004403667,0.38489705,0.038003713,0.3939666,0.014715215
375316653866487564,6099534746435935104,0.4644057,2196.99936476271,0.10001460516206016,1.0148274E-4,18.518066,0.016199382,0.22647221,0.020466646,0.14783616,0.041503787,0.08863422,0.015302964,0.76000637,0.010786601,0.05598408,0.02454451,0.19964729,7.093853,null,null,null,null,"TWOGAUSSIANS",8,1.750361,0.7601564,0.010854627,0.31351086,0.13744925,0.19419847,7.096934,0.22647221,0.020466646,0.4,0.0,0.08244248,0.008532755
375316653866487564,6099534986954109056,0.44497985,2153.421080179839,0.43998473813126016,5.9830905E-5,19.021822,0.030324584,0.29397276,0.011486387,0.09681347,0.028794555,0.11405578,0.030349106,0.7933674,0.0032017247,0.036114525,0.007365206,0.19136468,0.05300197,null,null,null,null,"TWOGAUSSIANS",8,2.4814126,0.7933674,0.0032017247,0.20224133,0.04124515,0.191172,0.052717827,0.29397276,0.011486387,0.4,0.0,0.113862745,0.029368058
375316653866487564,6099539900397024640,0.52981424,2153.601749994869,3.801075233114793,2.336932E-5,17.71115,0.1113588,0.26073352,0.0054157483,0.094041735,0.041878123,0.3823035,0.06388703,0.7922371,0.012407739,0.09174656,0.035048846,0.2627043,0.10290362,null,null,null,null,"TWOGAUSSIANS",8,15.993044,0.26073352,0.0055212174,0.4,0.0,0.37171513,0.027413333,0.7922371,0.012035368,0.4,0.0,0.25211698,0.036530755
375316653866487564,6099557080266257152,0.5446243,2203.261583658344,0.3293397250503672,2.8822502E-5,14.697452,0.0034875008,0.31099242,0.0217335,0.040056814,0.018683057,0.030344633,0.034165476,0.7844132,0.0025179964,0.010857603,0.0014684671,0.2977787,0.08473868,0.012692549,0.007973761,0.31099242,0.0217335,"TWOGAUSSIANS_WITH_ELLIPSOIDAL_ON_ECLIPSE1",9,96.642296,0.7844332,0.0025106433,0.060802575,0.008223415,0.32246292,0.08461605,0.31099242,0.0217335,0.22431815,0.10462512,0.05572973,0.038205497
375316653866487564,6099559274991357568,0.4879244,2141.8277548657575,0.38097178010165644,1.2576731E-5,19.29876,0.016982779,0.23511237,0.0034806991,0.06418243,0.0051864823,1.0929387,0.12066227,0.5329877,0.012061644,0.03534662,0.015466637,0.18527597,0.10989503,null,null,null,null,"TWOGAUSSIANS",8,4.289945,0.23511237,0.0034806991,0.35942164,0.029044302,1.0929387,0.12066227,0.5329877,0.012061644,0.19794106,0.08661317,0.18529895,0.109912395
375316653866487564,6099559584228969984,0.5041334,2160.420985115658,2.8106837758880494,2.7971606E-5,17.515972,0.02053376,0.26721242,0.00570985,0.08925573,0.010339505,0.29760283,0.038446005,0.7819697,0.009196172,0.08164073,0.013710052,0.2941022,0.056913678,null,null,null,null,"TWOGAUSSIANS",8,28.018414,0.26721242,0.00570985,0.4,0.0,0.29126942,0.038106002,0.7819697,0.009196172,0.4,0.0,0.2877689,0.058465682
375316653866487564,6099562161209124736,0.4964355,2138.1260638840076,3.849441355777797,2.7658643E-5,19.063887,0.0038385391,0.2591315,0.029825682,0.049712885,0.05387433,0.16806406,3.1379206,0.72281116,0.0047734375,0.07941103,0.0048293243,0.18139963,0.014584398,null,null,null,null,"TWOGAUSSIANS",8,1.2902403,0.72281116,0.0047734375,0.4,0.0,0.18133813,0.014597534,0.2591315,0.029825682,0.27839217,0.30169624,0.16800256,3.1379998
375316653866487564,6099570274397768064,0.45722792,2137.30828183239,1.0300281595373466,5.515053E-5,19.077501,0.036182377,0.2734668,0.013464823,0.05194874,0.07144076,0.29042783,0.16580294,0.8167463,0.13296756,0.07502455,0.07749088,0.07748576,0.36203337,null,null,null,null,"TWOGAUSSIANS",8,3.233371,0.2734668,0.013398598,0.29091296,0.10591685,0.29040065,0.18811665,0.8167463,0.13294074,0.4,0.31487012,0.0774586,0.36190894
375316653866487564,6099572194250300032,0.61492497,2137.3215676830905,3.7268569364755204,1.1711214E-5,15.882492,0.06211226,0.232837,0.003999713,0.067888916,0.016777337,0.25295243,0.11551788,0.7342117,0.0012694818,0.06264599,0.014287658,0.27260274,0.11932271,0.05797149,0.06272975,0.232837,0.003999713,"TWOGAUSSIANS_WITH_ELLIPSOIDAL_ON_ECLIPSE1",9,24.154335,0.7342117,0.0012204789,0.35081753,0.07110581,0.38816714,0.010885305,0.232837,0.003999713,0.38017792,0.06252994,0.36852548,0.029416554
375316653866487564,6099579547234993280,0.58262175,2139.2218505262304,3.339090507893522,6.296398E-6,18.834896,0.010458036,0.3170407,0.0049903546,0.07146517,0.0042268955,0.40328023,0.023572624,0.81719244,0.0044896696,0.06976479,0.0040534367,0.35222298,0.02526813,null,null,null,null,"TWOGAUSSIANS",8,1.9090466,0.3170407,0.0049903546,0.4,0.0060638757,0.40185404,0.023518968,0.81719244,0.0044896696,0.39068285,0.01659026,0.3507968,0.025239553
375316653866487564,6099579787753210880,0.6295352,2193.7720393405925,2.829356725248957,1.0941679E-5,17.846457,0.0076328395,0.2834631,0.042426,0.072848186,0.02529284,0.34957305,0.07080272,0.7890639,0.0048021525,0.07671584,0.0043438915,0.3092955,0.010866399,null,null,null,null,"TWOGAUSSIANS",8,2.0715954,0.2834631,0.042426,0.4,0.0058675166,0.3474077,0.06606693,0.7890639,0.0048021525,0.4,0.0,0.3071302,0.009484802
375316653866487564,6099580444885768448,0.6908931,2140.2143696521666,1.322098839033592,2.551059E-6,14.80448,0.0050138775,0.65419495,4.7345227E-4,0.040619757,8.5837423E-4,0.6520398,0.01013067,null,null,null,null,null,null,0.022239445,0.0064401464,0.65419495,4.7345227E-4,"ONEGAUSSIAN_WITH_ELLIPSOIDAL",6,23.218826,0.65419495,4.7345227E-4,0.22747064,0.0048068957,0.6965186,0.008667372,null,null,null,null,null,null
