Gaia/vari_eclipsing_binary/VariEclipsingBinary_596549-596713.csv
# %ECSV 1.0
# ---
# delimiter: ','
# meta: !!omap
# - RELEASE: Gaia DR3
# - TABLE: vari_eclipsing_binary
# - DESCRIPTION: >
#     This table describes the properties of the eclipsing binaries resulting from the variability analysis. 
# - CITATION: >
#     How to cite and acknowledge Gaia: 
#     https://gea.esac.esa.int/archive/documentation/credits.html 
# - KNOWN_ISSUES: >
#     Known issues: 
#     https://www.cosmos.esa.int/web/gaia-users/known-issues 
# - DOCUMENTATION: >
#     Tutorials and documentation: 
#     https://www.cosmos.esa.int/web/gaia-users/archive 
# datatype:
# - 
#   name: solution_id
#   datatype: int64
#   description: Solution Identifier
#   meta:
#     ucd: meta.version
# - 
#   name: source_id
#   datatype: int64
#   description: Unique source identifier
#   meta:
#     ucd: meta.id;meta.main
# - 
#   name: global_ranking
#   datatype: float32
#   description: Number between 0 (worst) and 1 (best)
#   meta:
#     ucd: stat.param
# - 
#   name: reference_time
#   datatype: float64
#   unit: d
#   description: Reference time used for the geometric model fit
#   meta:
#     ucd: time.epoch
# - 
#   name: frequency
#   datatype: float64
#   unit: d**-1
#   description: Frequency of geometric model of the eclipsing binary light curve
#   meta:
#     ucd: src.orbital
# - 
#   name: frequency_error
#   datatype: float32
#   unit: d**-1
#   description: "Uncertainty of \\texttt{frequency}"
#   meta:
#     ucd: stat.error
# - 
#   name: geom_model_reference_level
#   datatype: float32
#   unit: mag
#   description: Magnitude reference level of geometric model
#   meta:
#     ucd: phot.mag;em.opt
# - 
#   name: geom_model_reference_level_error
#   datatype: float32
#   unit: mag
#   description: "Uncertainty of \\texttt{geomModelReferenceLevel}"
#   meta:
#     ucd: stat.error;phot.mag;em.opt
# - 
#   name: geom_model_gaussian1_phase
#   datatype: float32
#   description: Phase of the Gaussian 1 component
#   meta:
#     ucd: time.phase
# - 
#   name: geom_model_gaussian1_phase_error
#   datatype: float32
#   description: "Uncertainty of \\texttt{geomModelGaussian1Phase}"
#   meta:
#     ucd: stat.error;time.phase
# - 
#   name: geom_model_gaussian1_sigma
#   datatype: float32
#   description: "Standard deviation [phase] of Gaussian 1 component"
#   meta:
#     ucd: stat.stdev
# - 
#   name: geom_model_gaussian1_sigma_error
#   datatype: float32
#   description: "Uncertainty of \\texttt{geomModelGaussian1Sigma}"
#   meta:
#     ucd: stat.error
# - 
#   name: geom_model_gaussian1_depth
#   datatype: float32
#   unit: mag
#   description: Magnitude depth of Gaussian 1 component
#   meta:
#     ucd: src.var.amplitude
# - 
#   name: geom_model_gaussian1_depth_error
#   datatype: float32
#   unit: mag
#   description: "Uncertainty of \\texttt{geomModelGaussian1Depth}"
#   meta:
#     ucd: stat.error;src.var.amplitude
# - 
#   name: geom_model_gaussian2_phase
#   datatype: float32
#   description: Phase of Gaussian 2 component
#   meta:
#     ucd: time.phase
# - 
#   name: geom_model_gaussian2_phase_error
#   datatype: float32
#   description: "Uncertainty of \\texttt{geomModelGaussian2Phase}"
#   meta:
#     ucd: stat.error;time.phase
# - 
#   name: geom_model_gaussian2_sigma
#   datatype: float32
[...]
#   datatype: float32
#   description: "Secondary eclipse: uncertainty of \\texttt{derivedSecondaryEclDuration}"
#   meta:
#     ucd: stat.error;time.duration
# - 
#   name: derived_secondary_ecl_depth
#   datatype: float32
#   unit: mag
#   description: "Secondary eclipse: depth"
#   meta:
#     ucd: src.var.amplitude
# - 
#   name: derived_secondary_ecl_depth_error
#   datatype: float32
#   unit: mag
#   description: "Secondary eclipse: uncertainty of \\texttt{derivedSecondaryEclDepth}"
#   meta:
#     ucd: stat.error;src.var.amplitude
solution_id,source_id,global_ranking,reference_time,frequency,frequency_error,geom_model_reference_level,geom_model_reference_level_error,geom_model_gaussian1_phase,geom_model_gaussian1_phase_error,geom_model_gaussian1_sigma,geom_model_gaussian1_sigma_error,geom_model_gaussian1_depth,geom_model_gaussian1_depth_error,geom_model_gaussian2_phase,geom_model_gaussian2_phase_error,geom_model_gaussian2_sigma,geom_model_gaussian2_sigma_error,geom_model_gaussian2_depth,geom_model_gaussian2_depth_error,geom_model_cosine_half_period_amplitude,geom_model_cosine_half_period_amplitude_error,geom_model_cosine_half_period_phase,geom_model_cosine_half_period_phase_error,model_type,num_model_parameters,reduced_chi2,derived_primary_ecl_phase,derived_primary_ecl_phase_error,derived_primary_ecl_duration,derived_primary_ecl_duration_error,derived_primary_ecl_depth,derived_primary_ecl_depth_error,derived_secondary_ecl_phase,derived_secondary_ecl_phase_error,derived_secondary_ecl_duration,derived_secondary_ecl_duration_error,derived_secondary_ecl_depth,derived_secondary_ecl_depth_error
[from data line 72]
375316653866487564,5247452336293004416,0.5580573,2190.649228381838,3.509099163873365,1.5795747E-5,16.25478,0.0488783,0.23608613,0.004164534,0.10967484,0.01694133,0.2144934,0.047176726,0.7461028,0.004045591,0.11755494,0.02214409,0.243771,0.038622644,null,null,null,null,"TWOGAUSSIANS",8,17.210075,0.7461128,0.0040416904,0.4,0.0,0.20689201,0.012239686,0.23604614,0.0041028466,0.4,0.0,0.17766126,0.0061938264
375316653866487564,5247453264006229760,0.6094694,2210.410418223546,2.3183239029324456,4.0069776E-6,16.055357,0.028497469,0.21001211,0.0010103044,0.113577284,0.007936805,0.23295814,0.027263721,0.7093959,0.0023716404,0.12857404,0.0145185655,0.21536212,0.024280144,null,null,null,null,"TWOGAUSSIANS",8,3.191893,0.2100221,0.001014545,0.4,0.0,0.18062784,0.0025146334,0.7093959,0.0023716404,0.4,0.0,0.16283661,0.0067228056
375316653866487564,5247453294063788160,0.5981125,2189.8023547118614,2.4409060950882933,3.9442607E-6,18.155878,0.0030347966,0.15613224,7.578799E-4,0.029973827,0.0010467811,0.34326696,0.010618939,0.6528856,0.033567198,0.03233605,0.01888755,0.39767918,0.20330334,null,null,null,null,"TWOGAUSSIANS",8,2.1298103,0.6528856,0.033567198,0.18108188,0.10577028,0.39767918,0.20330334,0.15613224,7.578799E-4,0.16785343,0.005861974,0.34326696,0.010618939
375316653866487564,5247453603301361408,0.59025276,2204.3761141864625,3.206979245280272,7.668372E-6,17.887981,0.024350192,0.2421108,0.0032943196,0.05850928,0.011877749,0.25498354,0.04473306,0.7416823,0.004909951,0.05295598,0.006088441,0.33524665,0.055998474,0.08356711,0.026630277,0.2421108,0.0032943196,"TWOGAUSSIANS_WITH_ELLIPSOIDAL_ON_ECLIPSE1",9,10.511599,0.7417223,0.0047496813,0.2965535,0.03409527,0.5023475,0.026684811,0.2421108,0.0032943196,0.32765195,0.06651539,0.42208552,0.014741804
375316653866487564,5247454462295331712,0.48057887,2226.4623542021013,0.6226956686525729,5.7729227E-5,19.359383,0.004769273,0.32952285,0.09186856,0.047113627,0.041234538,0.049214512,0.031916674,0.7291503,0.02184764,0.016691756,0.017745955,0.42835155,0.30679682,null,null,null,null,"TWOGAUSSIANS",8,1.6124641,0.7291503,0.02184764,0.09347384,0.09937735,0.42835155,0.30679682,0.32952285,0.09186856,0.2638363,0.21699256,0.049214512,0.031916674
375316653866487564,5247456356382325120,0.60769504,2208.476518234876,3.561390307209315,1.0085878E-5,16.425606,0.010504415,0.26773134,0.002669244,0.051503155,0.005303202,0.42350367,0.03834922,0.75652736,0.0021807742,0.044608776,0.0033478008,0.42173004,0.02933337,0.13004494,0.016753972,0.26773134,0.002669244,"TWOGAUSSIANS_WITH_ELLIPSOIDAL_ON_ECLIPSE1",9,43.9453,0.26773134,0.002669244,0.28841767,0.029697932,0.6835895,0.03775033,0.75751734,0.0019052827,0.24980915,0.018747684,0.6806423,0.022793915
375316653866487564,5247457593326325888,0.44717863,2223.4315718904722,1.1514148628648184,3.4546414E-5,19.63136,0.032663036,0.21168059,0.012793539,0.079673626,0.014162633,0.25747052,0.039631054,0.6971047,0.020980582,0.084552675,0.03988123,0.21598463,0.03381737,null,null,null,null,"TWOGAUSSIANS",8,2.9914572,0.21168059,0.012791539,0.4,0.0,0.2540026,0.031751655,0.6971047,0.020980582,0.4,0.06274056,0.21251671,0.032640234
375316653866487564,5247457760830255872,0.47355273,2198.891921961884,2.2333683759854064,4.1262556E-5,18.59981,0.024420792,0.25377753,0.010461965,0.10051409,0.025198707,0.13473609,0.022242704,0.740368,0.007239995,0.1033511,0.019010345,0.13173313,0.022846064,null,null,null,null,"TWOGAUSSIANS",8,3.71853,0.25377753,0.010465656,0.4,0.0,0.12356214,0.011433017,0.740368,0.007239995,0.4,0.0,0.12055798,0.007965056
375316653866487564,5247461402960076672,0.4684306,2197.1658979832323,2.214127455513172,6.941462E-5,18.75399,0.01802621,0.1853524,0.0028460214,0.0319885,0.0033318254,0.34448123,0.058984064,0.713613,0.047650326,0.08557937,0.07501512,0.12416175,0.043886725,null,null,null,null,"TWOGAUSSIANS",8,9.0611725,0.1853524,0.0028460214,0.17913562,0.018658223,0.34446934,0.058958642,0.713613,0.047650326,0.4,0.16664417,0.12414983,0.043953206
375316653866487564,5247463258388017664,0.49437797,2216.492259150184,2.494486022001086,2.330684E-5,18.617062,0.062343884,0.31663626,0.013973997,0.09991922,0.029297836,0.24031425,0.038288493,0.7680684,0.012673051,0.12909852,0.03011466,0.17382076,0.063217275,null,null,null,null,"TWOGAUSSIANS",8,4.290389,0.31704625,0.012893211,0.4,0.0,0.21836706,0.028869193,0.7680684,0.012673051,0.4,0.0,0.15147518,0.017698307
375316653866487564,5247466350769811840,0.5585457,2209.174771117242,3.062823883477589,1.0310659E-5,19.407162,0.017140293,0.21099222,0.0025591422,0.06955656,0.004275085,0.45076796,0.023752157,0.7201223,0.0075106653,0.07333533,0.006220279,0.6309655,0.074845165,null,null,null,null,"TWOGAUSSIANS",8,2.5042021,0.7201223,0.0075106653,0.4,0.0,0.6290917,0.075909555,0.21099222,0.0025591422,0.3895167,0.023368735,0.44889423,0.023399709
375316653866487564,5247467965671356288,0.5171587,2186.43021674591,0.7300972974286772,4.261544E-5,17.76003,0.0036010838,0.21112919,0.0451372,0.08207285,0.04223507,0.024382798,0.012055103,0.4024685,0.0028990866,0.012634322,0.0011456452,0.54999286,0.14083359,null,null,null,null,"TWOGAUSSIANS",8,2.4771218,0.4024685,0.0028990866,0.0707522,0.006415613,0.55160296,0.14044456,0.21112919,0.0451372,0.4,0.15594427,0.024382798,0.012055103
375316653866487564,5247469477504015360,0.60540175,2176.62354241236,3.0753347496130767,1.1683999E-5,19.055677,0.008482912,0.27890706,0.0028094288,0.06959445,0.0023106975,0.4916774,0.012135224,0.78580296,0.0016997512,0.07425947,0.0028728147,0.39253995,0.009016716,null,null,null,null,"TWOGAUSSIANS",8,0.8872665,0.27890706,0.0028094288,0.38972893,0.012939906,0.48991773,0.011692575,0.78580296,0.0016997512,0.4,0.0,0.39078027,0.008758654
375316653866487564,5247471126767565312,0.56925225,2203.8248046853005,2.828201737658131,1.2533363E-5,16.787296,0.01283636,0.2970109,0.006570821,0.085832596,0.009245167,0.37652597,0.036153115,0.80288285,0.0037334538,0.077728756,0.005901429,0.34100243,0.019050017,null,null,null,null,"TWOGAUSSIANS",8,16.625809,0.2970109,0.006570821,0.4,0.0,0.37051892,0.038149983,0.80288285,0.0037334538,0.4,0.0,0.33499545,0.019046593
375316653866487564,5247471470371169152,0.5757072,2208.782872372526,3.1937499029193086,6.1963583E-6,19.097382,0.016036931,0.22971271,0.0018748619,0.07277558,0.003351931,0.5374928,0.020978943,0.74056196,0.0047813966,0.06388129,0.008160255,0.5030023,0.03190277,null,null,null,null,"TWOGAUSSIANS",8,2.1354935,0.22971271,0.0018748619,0.4,0.0,0.536532,0.020649318,0.74056196,0.0047813966,0.35773525,0.04569743,0.50204146,0.032362156
375316653866487564,5247471612107017728,0.6278098,2220.7299360563134,2.634882207392146,3.8081087E-6,16.581427,0.014776847,0.27992418,0.0021371683,0.05188674,0.004656867,0.33643126,0.036789533,0.7866693,0.0015284749,0.05229439,0.0059917956,0.244853,0.03861426,0.10133747,0.025350051,0.7866693,0.0015284749,"TWOGAUSSIANS_WITH_ELLIPSOIDAL_ON_ECLIPSE2",9,14.473429,0.2806942,0.0018304554,0.29056576,0.026078457,0.5387792,0.02063505,0.7866693,0.0015284749,0.29284856,0.033554055,0.4475235,0.016051006
375316653866487564,5247471955704265600,0.6471546,2201.866545162189,2.012145131798522,5.0987983E-6,14.642512,0.0038434733,0.20574051,0.002062159,0.04233318,0.0040272945,0.1169771,0.017110629,0.7014044,0.001920122,0.04443529,0.0013962389,0.52117175,0.023095725,0.09510728,0.0054856683,0.20574051,0.002062159,"TWOGAUSSIANS_WITH_ELLIPSOIDAL_ON_ECLIPSE1",9,43.465343,0.7016344,0.0017875488,0.24883762,0.007818938,0.71125233,0.023095498,0.20574051,0.002062159,0.23706579,0.022552848,0.30719125,0.01002204
375316653866487564,5247472294997353344,0.57138747,2190.8177965820432,3.098283726526171,6.465111E-6,16.898165,0.0072016944,0.2790585,0.002717011,0.09131963,0.0045066983,0.23986211,0.008320275,0.7796471,0.003439496,0.08899419,0.005422065,0.20278524,0.0077715837,null,null,null,null,"TWOGAUSSIANS",8,6.2388487,0.2790585,0.002717011,0.4,0.0,0.23050402,0.007955136,0.7796471,0.003439496,0.4,0.0,0.19342723,0.0069118827
375316653866487564,5247472986496362240,0.530733,2193.799021248196,1.9566576605485786,7.720767E-6,18.083618,0.010343702,0.22270389,0.004549475,0.038642853,0.0042931326,0.42806378,0.05079781,0.7304908,0.0011837387,0.038343128,0.0017291245,0.43396384,0.009472982,null,null,null,null,"TWOGAUSSIANS",8,16.048307,0.7304908,0.0011837387,0.21472152,0.009683097,0.43396384,0.009472981,0.22270389,0.004549475,0.21639998,0.024041543,0.42806378,0.05079781
375316653866487564,5247480064594153600,0.50561893,2177.998145718878,3.920091879072111,3.5625253E-5,19.422947,0.02146531,0.25497124,0.0070494604,0.079048194,0.008094736,0.4632798,0.036044423,0.7528034,0.007480192,0.07404534,0.012575802,0.37995008,0.024863146,null,null,null,null,"TWOGAUSSIANS",8,5.9524717,0.25497124,0.0070494604,0.4,0.0,0.45940244,0.034795444,0.7528034,0.007480192,0.4,0.0015581156,0.37607267,0.02459539
375316653866487564,5247488688896820352,0.5630158,2212.2160285836458,3.2678832439632806,1.6963151E-5,16.434626,0.01223858,0.30030248,0.27436867,0.03819892,0.0060131396,0.31194782,0.17446075,0.7717042,0.0044955458,0.066915594,0.0053967186,0.3318051,0.049111616,0.08146446,0.040300563,0.7717042,0.0044955458,"TWOGAUSSIANS_WITH_ELLIPSOIDAL_ON_ECLIPSE2",9,144.00815,0.7717042,0.0044955458,0.37472734,0.030221626,0.49443588,0.03739251,0.29870248,0.29597905,0.21391396,0.03367358,0.4696614,0.28439108
375316653866487564,5247488718952433024,0.5136866,2205.3518495293415,3.4058335874418195,1.344348E-5,18.292526,0.073862694,0.22833273,0.006141973,0.09758745,0.018167948,0.36007276,0.071939595,0.74528396,0.0086425105,0.088438705,0.022157663,0.31056038,0.071424894,null,null,null,null,"TWOGAUSSIANS",8,8.960164,0.22833273,0.006136895,0.4,0.0,0.34596574,0.04321021,0.74528396,0.008663795,0.4,0.0,0.29645523,0.03742341
375316653866487564,5247489715385190912,0.4863225,2180.630835808506,0.43126197756990564,7.184905E-5,18.34142,0.005165703,0.40736774,0.067531414,0.13099468,0.05515656,0.048136864,0.012105811,0.8025011,0.0059218677,0.040374164,0.004566302,0.27049884,0.07569799,null,null,null,null,"TWOGAUSSIANS",8,2.6317685,0.8025011,0.0059218677,0.22609532,0.02557129,0.27077228,0.07573995,0.40736774,0.067531414,0.4,0.0,0.04790017,0.012106946
375316653866487564,5247489925847324672,0.5080544,2235.8395305548584,2.785464044097214,2.8722956E-5,16.068663,0.010177682,0.25892934,0.012820268,0.074761614,0.012768363,0.20099424,0.031167882,0.74711263,0.0038841416,0.090829596,0.007390149,0.2086893,0.009713945,null,null,null,null,"TWOGAUSSIANS",8,56.025547,0.74711263,0.0038841416,0.4,0.0,0.20524934,0.008215629,0.25892934,0.012820268,0.4,0.021287177,0.19755442,0.03174882
375316653866487564,5247492258005567232,0.6034197,2222.719628324509,4.406543720589548,4.016827E-6,18.816738,0.007295126,0.2983567,0.0024604152,0.042772796,0.0039931685,0.23574816,0.04042446,0.8032663,0.0015062983,0.04188848,0.002538516,0.32225725,0.018808858,0.15083942,0.012824655,0.2983567,0.0024604152,"TWOGAUSSIANS_WITH_ELLIPSOIDAL_ON_ECLIPSE1",9,2.3686705,0.8032663,0.0015062983,0.2345755,0.014215689,0.62364864,0.014270975,0.2983567,0.0024604152,0.23952766,0.022361742,0.53742653,0.035599772
375316653866487564,5247493018224095616,0.5158623,2212.0073385641576,1.8413094546349584,9.077591E-6,16.67485,0.0037383402,0.28784102,0.005860474,0.060852196,0.010297825,0.08336131,0.008122224,0.795715,0.0019095165,0.056931224,0.009759736,0.064502954,0.0034725228,null,null,null,null,"TWOGAUSSIANS",8,4.8987546,0.28784102,0.005860474,0.3407723,0.057667818,0.08334781,0.008139665,0.795715,0.0019095165,0.31881487,0.05465452,0.06448945,0.0034671377
375316653866487564,5247493220078284672,0.5614529,2189.977061950393,3.8049066043931146,9.631543E-6,19.028439,0.014723192,0.23947616,0.007039996,0.07246075,0.007637742,0.47908708,0.049451392,0.7379979,0.0030678704,0.06933925,0.00399312,0.6115188,0.016993187,null,null,null,null,"TWOGAUSSIANS",8,3.428528,0.7379979,0.0030678704,0.38829982,0.018939974,0.60944396,0.016688552,0.23947616,0.007039996,0.4,0.029695252,0.47701222,0.05002141
375316653866487564,5247496351118591488,0.46127376,2152.2287548959184,1.4550513834232588,2.7864198E-5,16.43546,0.0018665056,null,null,null,null,null,null,null,null,null,null,null,null,0.033076677,0.0027297558,0.27974063,0.006064006,"ELLIPSOIDAL",4,11.433629,null,null,null,null,null,null,null,null,null,null,null,null
375316653866487564,5247498751996458624,0.52039987,2211.6059768760115,3.3853080817570786,8.972646E-6,18.796213,0.0073915212,0.31091395,0.0025869133,0.0780367,0.004332219,0.29944125,0.01448271,0.8133216,0.005405519,0.07189097,0.0047819377,0.33553368,0.021229582,null,null,null,null,"TWOGAUSSIANS",8,2.88117,0.8133216,0.005405519,0.4,0.016482543,0.3332314,0.021286836,0.31091395,0.0025869133,0.4,0.0,0.29713896,0.014769721
375316653866487564,5247502398432346752,0.6452437,2173.379352306416,0.09904543818884781,7.6029384E-5,15.550477,6.219311E-4,0.8383793,0.04668909,0.06199647,0.039893847,0.00560189,0.009834704,0.47945997,5.8088143E-4,0.0097761,2.742278E-4,0.37228337,0.011360314,null,null,null,null,"TWOGAUSSIANS",8,4.557149,0.47945997,5.8088143E-4,0.05474616,0.0015356756,0.37228337,0.011360314,0.8383793,0.04668909,0.34718022,0.22340554,0.00560189,0.009834704
375316653866487564,5247502810749885568,0.45456138,2206.5162604093052,3.3975721435380537,5.1878964E-5,17.89246,0.14470215,0.3198187,0.015048887,0.116640046,0.06577239,0.14278916,0.13806963,0.81483823,0.019993464,0.11288775,0.09152034,0.09425854,0.1388906,null,null,null,null,"TWOGAUSSIANS",8,8.991413,0.3198287,0.01508881,0.4,0.0,0.12220193,0.011671539,0.81483823,0.01999693,0.4,0.0,0.07369043,0.023498023
375316653866487564,5247506895256150912,0.5234584,2234.193390895612,3.517565566513325,8.761168E-6,18.823677,0.021768587,0.34330538,0.003736315,0.09881584,0.01274247,0.25128502,0.019253485,0.83461326,0.0036044861,0.099465065,0.0087125655,0.29307902,0.020772705,null,null,null,null,"TWOGAUSSIANS",8,1.9848527,0.83461326,0.0036044861,0.4,0.0,0.27288428,0.012599444,0.34330538,0.0037374496,0.4,0.0,0.23109086,0.0219175
375316653866487564,5247513080006690432,0.49050078,2228.8065157317983,1.4129918032732212,1.2396704E-5,18.994265,0.0029680654,0.3540118,0.01354913,0.024704212,0.0074595897,0.18028149,0.16259463,0.8533275,8.59068E-4,0.019036017,0.0020630031,0.34705272,0.029735582,null,null,null,null,"TWOGAUSSIANS",8,3.4689302,0.8533275,8.59068E-4,0.1066017,0.011552817,0.34705272,0.029735582,0.3540118,0.01354913,0.13834359,0.041773703,0.18028149,0.16259463
375316653866487564,5247513943297730560,0.43281505,2234.1161224251505,0.06369503635146967,9.938855E-5,18.832808,0.03921044,0.30616778,0.016544098,0.11059762,0.04809019,0.123587236,0.029797155,0.76749516,0.023836365,0.10795694,0.030841535,0.11878431,0.048950326,null,null,null,null,"TWOGAUSSIANS",8,4.4287486,0.3062178,0.016434511,0.4,0.0,0.1119768,0.021842878,0.76749516,0.023836365,0.4,0.0,0.107181996,0.030071588
375316653866487564,5247514355614713216,0.50566757,2148.195282806974,2.4940862249612707,3.417713E-5,18.965569,0.016010415,0.25860715,0.008914869,0.00967265,0.016146809,0.35106692,5147.5474,0.7134452,0.009313691,0.049270183,0.0144744655,0.8359334,1.6803204,0.11172986,0.02145973,0.25860715,0.008914869,"TWOGAUSSIANS_WITH_ELLIPSOIDAL_ON_ECLIPSE1",9,10.982737,0.7155452,0.01063767,0.27591303,0.081057005,1.0426694,1.6768396,0.25860715,0.008914869,0.054166842,0.09042213,0.5745252,5147.548
375316653866487564,5247518062171479168,0.51688683,2223.72331278871,3.126187905442648,2.0454827E-5,17.630983,0.010748556,0.22239408,0.006134837,0.079721674,0.0059916335,0.28134033,0.025136726,0.7212323,0.0032214238,0.07665522,0.005007768,0.25131065,0.017545005,null,null,null,null,"TWOGAUSSIANS",8,16.28595,0.22239408,0.006134837,0.4,0.0,0.27820843,0.025135523,0.7212323,0.0032214238,0.4,0.0,0.24817874,0.017278714
