Gaia/vari_eclipsing_binary/VariEclipsingBinary_246031-246093.csv
# %ECSV 1.0
# ---
# delimiter: ','
# meta: !!omap
# - RELEASE: Gaia DR3
# - TABLE: vari_eclipsing_binary
# - DESCRIPTION: >
#     This table describes the properties of the eclipsing binaries resulting from the variability analysis. 
# - CITATION: >
#     How to cite and acknowledge Gaia: 
#     https://gea.esac.esa.int/archive/documentation/credits.html 
# - KNOWN_ISSUES: >
#     Known issues: 
#     https://www.cosmos.esa.int/web/gaia-users/known-issues 
# - DOCUMENTATION: >
#     Tutorials and documentation: 
#     https://www.cosmos.esa.int/web/gaia-users/archive 
# datatype:
# - 
#   name: solution_id
#   datatype: int64
#   description: Solution Identifier
#   meta:
#     ucd: meta.version
# - 
#   name: source_id
#   datatype: int64
#   description: Unique source identifier
#   meta:
#     ucd: meta.id;meta.main
# - 
#   name: global_ranking
#   datatype: float32
#   description: Number between 0 (worst) and 1 (best)
#   meta:
#     ucd: stat.param
# - 
#   name: reference_time
#   datatype: float64
#   unit: d
#   description: Reference time used for the geometric model fit
#   meta:
#     ucd: time.epoch
# - 
#   name: frequency
#   datatype: float64
#   unit: d**-1
#   description: Frequency of geometric model of the eclipsing binary light curve
#   meta:
#     ucd: src.orbital
# - 
#   name: frequency_error
#   datatype: float32
#   unit: d**-1
#   description: "Uncertainty of \\texttt{frequency}"
#   meta:
#     ucd: stat.error
# - 
#   name: geom_model_reference_level
#   datatype: float32
#   unit: mag
#   description: Magnitude reference level of geometric model
#   meta:
#     ucd: phot.mag;em.opt
# - 
#   name: geom_model_reference_level_error
#   datatype: float32
#   unit: mag
#   description: "Uncertainty of \\texttt{geomModelReferenceLevel}"
#   meta:
#     ucd: stat.error;phot.mag;em.opt
# - 
#   name: geom_model_gaussian1_phase
#   datatype: float32
#   description: Phase of the Gaussian 1 component
#   meta:
#     ucd: time.phase
# - 
#   name: geom_model_gaussian1_phase_error
#   datatype: float32
#   description: "Uncertainty of \\texttt{geomModelGaussian1Phase}"
#   meta:
#     ucd: stat.error;time.phase
# - 
#   name: geom_model_gaussian1_sigma
#   datatype: float32
#   description: "Standard deviation [phase] of Gaussian 1 component"
#   meta:
#     ucd: stat.stdev
# - 
#   name: geom_model_gaussian1_sigma_error
#   datatype: float32
#   description: "Uncertainty of \\texttt{geomModelGaussian1Sigma}"
#   meta:
#     ucd: stat.error
# - 
#   name: geom_model_gaussian1_depth
#   datatype: float32
#   unit: mag
#   description: Magnitude depth of Gaussian 1 component
#   meta:
#     ucd: src.var.amplitude
# - 
#   name: geom_model_gaussian1_depth_error
#   datatype: float32
#   unit: mag
#   description: "Uncertainty of \\texttt{geomModelGaussian1Depth}"
#   meta:
#     ucd: stat.error;src.var.amplitude
# - 
#   name: geom_model_gaussian2_phase
#   datatype: float32
#   description: Phase of Gaussian 2 component
#   meta:
#     ucd: time.phase
# - 
#   name: geom_model_gaussian2_phase_error
#   datatype: float32
#   description: "Uncertainty of \\texttt{geomModelGaussian2Phase}"
#   meta:
#     ucd: stat.error;time.phase
# - 
#   name: geom_model_gaussian2_sigma
#   datatype: float32
[...]
#   datatype: float32
#   description: "Secondary eclipse: uncertainty of \\texttt{derivedSecondaryEclDuration}"
#   meta:
#     ucd: stat.error;time.duration
# - 
#   name: derived_secondary_ecl_depth
#   datatype: float32
#   unit: mag
#   description: "Secondary eclipse: depth"
#   meta:
#     ucd: src.var.amplitude
# - 
#   name: derived_secondary_ecl_depth_error
#   datatype: float32
#   unit: mag
#   description: "Secondary eclipse: uncertainty of \\texttt{derivedSecondaryEclDepth}"
#   meta:
#     ucd: stat.error;src.var.amplitude
solution_id,source_id,global_ranking,reference_time,frequency,frequency_error,geom_model_reference_level,geom_model_reference_level_error,geom_model_gaussian1_phase,geom_model_gaussian1_phase_error,geom_model_gaussian1_sigma,geom_model_gaussian1_sigma_error,geom_model_gaussian1_depth,geom_model_gaussian1_depth_error,geom_model_gaussian2_phase,geom_model_gaussian2_phase_error,geom_model_gaussian2_sigma,geom_model_gaussian2_sigma_error,geom_model_gaussian2_depth,geom_model_gaussian2_depth_error,geom_model_cosine_half_period_amplitude,geom_model_cosine_half_period_amplitude_error,geom_model_cosine_half_period_phase,geom_model_cosine_half_period_phase_error,model_type,num_model_parameters,reduced_chi2,derived_primary_ecl_phase,derived_primary_ecl_phase_error,derived_primary_ecl_duration,derived_primary_ecl_duration_error,derived_primary_ecl_depth,derived_primary_ecl_depth_error,derived_secondary_ecl_phase,derived_secondary_ecl_phase_error,derived_secondary_ecl_duration,derived_secondary_ecl_duration_error,derived_secondary_ecl_depth,derived_secondary_ecl_depth_error
[from data line 578]
375316653866487564,2164419223760620672,0.5914148,2197.434281805872,0.6428994768885649,1.497207E-5,15.103836,9.126636E-4,0.17032117,0.0022125186,0.031222278,0.0031054306,0.07842771,0.01086385,0.6743827,0.00398321,0.024058191,0.002788952,0.07797938,0.004364634,0.022228656,0.001594432,0.17032117,0.0022125186,"TWOGAUSSIANS_WITH_ELLIPSOIDAL_ON_ECLIPSE1",9,7.4202304,0.17032117,0.0022125186,0.17484476,0.017390411,0.122885,0.011008117,0.6743827,0.00398321,0.13472587,0.0156181315,0.12240773,0.004003893
375316653866487564,2164419734848847232,0.5409683,2241.7523686628188,2.7138865657452738,1.9123714E-5,19.101559,0.013070002,0.22053842,0.0035180592,0.08641213,0.0048690974,0.33762833,0.014442466,0.73423874,0.0047238665,0.09907685,0.009898285,0.34404665,0.01658398,null,null,null,null,"TWOGAUSSIANS",8,1.9221326,0.73423874,0.0047238665,0.4,0.0,0.32934868,0.017875496,0.22053842,0.0035173846,0.4,0.0,0.32293284,0.0116197895
375316653866487564,2164420971799311104,0.47083354,2252.3495847697336,3.3890277407971037,2.4304136E-5,19.473373,0.059817772,0.31296995,0.012762486,0.10149661,0.027367186,0.23654756,0.05444158,0.82172877,0.007434477,0.12153451,0.027251983,0.23932,0.057828143,null,null,null,null,"TWOGAUSSIANS",8,2.1812315,0.82172877,0.007432079,0.4,0.0,0.20419343,0.01363646,0.31292996,0.012844662,0.4,0.0,0.20152356,0.020442089
375316653866487564,2164421972521137280,0.5508487,2207.3796761181366,0.3336146908708478,5.9392634E-5,19.204544,0.003448994,0.34397313,0.0129470695,0.027844563,0.0059632864,0.42169094,0.262825,0.8369271,0.006533767,0.019520706,0.0037908365,0.41021845,0.068507485,null,null,null,null,"TWOGAUSSIANS",8,1.680069,0.34397313,0.0129470695,0.15592955,0.033394404,0.42169094,0.262825,0.8369271,0.006533767,0.10931595,0.021228686,0.41021845,0.068507485
375316653866487564,2164422144338022144,0.48047218,2230.9463328851803,2.775105403344721,2.1143675E-5,16.254713,0.6764314,0.23706158,0.0049941023,0.14494811,0.046750627,0.44953412,0.38480714,0.7414582,0.0060691223,0.2545724,0.19101728,0.5512316,0.66739553,null,null,null,null,"TWOGAUSSIANS",8,28.110266,0.23489158,0.0033456478,0.4,0.0,0.16615112,0.016094942,0.7422082,0.0058440836,0.4,0.0,0.110383436,0.0109148035
375316653866487564,2164422311828627584,0.5929872,2217.5902135264155,3.6336316930125085,5.856954E-6,17.671574,0.0057812217,0.27272362,0.0024223472,0.074166514,0.002616153,0.5582751,0.012573865,0.77910143,0.0025905748,0.07448905,0.0020484386,0.46156812,0.010609546,null,null,null,null,"TWOGAUSSIANS",8,9.823017,0.27272362,0.0024223472,0.4,0.0,0.5552086,0.012372438,0.77910143,0.0025905748,0.4,0.0,0.45850164,0.010348067
375316653866487564,2164422762813279104,0.5245463,2246.6338314187005,0.36143583233039056,2.3041877E-5,15.630897,0.0018817711,0.35125464,0.014862971,0.00807854,0.0098692365,0.42835367,1.2864692,0.84662527,0.001350565,0.011132672,0.0019431597,0.19044521,0.024603128,null,null,null,null,"TWOGAUSSIANS",8,28.03071,0.35125464,0.014862971,0.045239825,0.05526772,0.42835367,1.2864692,0.84662527,0.001350565,0.062342964,0.010881695,0.19044521,0.024603128
375316653866487564,2164423209471807616,0.4925151,2258.0049135157674,2.5567853298505345,1.0087554E-5,17.733408,0.071143344,0.21326798,0.0023409412,0.16553248,0.01294921,0.68383944,0.054279283,0.71022373,0.0029812003,0.21492024,0.027478145,0.7648597,0.06813959,null,null,null,null,"TWOGAUSSIANS",8,4.922273,0.21522799,0.0022192171,0.4,0.0,0.18338184,0.006742739,0.71022373,0.0029812003,0.4,0.0,0.17648678,0.011848354
375316653866487564,2164423312569151360,0.57164466,2211.78642184652,0.30515748552210653,2.0554764E-5,13.4775,6.5368984E-4,0.2005991,6.0447626E-5,0.0065542194,5.5395E-5,0.15643497,0.0013772448,0.70776224,0.017031977,0.010966578,0.009395482,0.02007857,0.06517273,null,null,null,null,"TWOGAUSSIANS",8,17.764185,0.2005991,6.0447626E-5,0.036703628,3.10212E-4,0.15643497,0.0013772448,0.70776224,0.017031977,0.061412834,0.0526147,0.02007857,0.06517273
375316653866487564,2164423518727622912,0.5558602,2232.8669335468962,0.7850291266146288,6.0561753E-5,17.991135,0.0014182942,0.24655885,0.023383353,0.07147751,0.017071066,0.013496267,0.0032572446,0.81073594,0.022233943,0.023182321,0.007163281,0.22610597,0.06831309,null,null,null,null,"TWOGAUSSIANS",8,1.1062379,0.81073594,0.022233943,0.129821,0.040114373,0.22610597,0.06831309,0.24655885,0.023383353,0.4,0.0598652,0.013496266,0.0032572465
375316653866487564,2164423656166525952,0.6291761,2244.893209340741,0.33361243437615173,6.3254905E-5,15.426586,3.826284E-4,0.77495193,6.011972E-4,0.021320565,0.0116141895,0.31433693,0.27157566,0.6675797,6.90083E-6,0.0067551495,1.6334816E-5,0.42671832,0.0013101621,null,null,null,null,"TWOGAUSSIANS",8,1.7162323,0.6675797,6.90083E-6,0.037828837,9.147497E-5,0.4267193,0.0012459623,0.77495193,6.011972E-4,0.11939517,0.06503946,0.31433693,0.27157566
375316653866487564,2164423892377070848,0.62832785,2267.7658667033916,0.6694417180375603,7.06786E-6,18.10982,0.0017181572,0.1309162,0.0012497441,0.032128688,8.664297E-4,0.6691906,0.019008433,null,null,null,null,null,null,null,null,null,null,"ONEGAUSSIAN",5,2.6295352,0.1309162,0.0012497441,0.17992064,0.004852006,0.6691906,0.0,null,null,null,null,null,null
375316653866487564,2164424446421970688,0.5557412,2251.583522675746,2.0825011311284483,9.7866805E-6,19.412354,0.0101318685,0.2761509,0.0040665665,0.08479619,0.005866223,0.41145027,0.015457124,0.77187777,0.003927519,0.07607245,0.005243418,0.47669533,0.025713513,null,null,null,null,"TWOGAUSSIANS",8,1.8712223,0.77187777,0.003927519,0.4,0.0,0.4702271,0.026584206,0.2761509,0.0040665665,0.4,0.0,0.40498197,0.015938452
375316653866487564,2164424854449833344,0.4506069,2262.42114323687,2.2440005853272846,4.3972475E-5,18.185078,0.020513326,0.26969287,0.029696973,0.0847195,0.03875005,0.09247872,0.03711598,0.7709776,0.014602043,0.07060915,0.02918219,0.104173675,0.018846191,null,null,null,null,"TWOGAUSSIANS",8,9.197202,0.7709776,0.014602043,0.39541125,0.08439208,0.10311026,0.015561382,0.26969287,0.029696973,0.4,0.061159432,0.09141531,0.03704149
375316653866487564,2164425752110414976,0.51127636,2268.7379475010416,0.185797536760087,7.859544E-6,16.347631,0.0013033291,null,null,null,null,null,null,null,null,null,null,null,null,0.03063033,0.002093452,0.2480868,0.0028222902,"ELLIPSOIDAL",4,2.8025947,null,null,null,null,null,null,null,null,null,null,null,null
375316653866487564,2164426022680393984,0.533362,2239.3852202633448,1.8819051086717589,1.4274259E-5,18.67835,0.014049938,0.24071243,0.003715848,0.08485787,0.010309284,0.23350158,0.011427939,0.73903674,0.0064754924,0.09655979,0.010211872,0.2948911,0.018990954,null,null,null,null,"TWOGAUSSIANS",8,4.013993,0.73903674,0.0064754924,0.4,0.0,0.2833626,0.018212462,0.24071243,0.003715848,0.4,0.0,0.22197396,0.012133911
375316653866487564,2164426920323656960,0.5293575,2242.591360836246,1.9755649608988148,1.3311476E-5,19.212969,0.014927994,0.15735272,0.003250554,0.09459731,0.006842478,0.31563547,0.016297538,0.654373,0.0036618034,0.087652214,0.0064920345,0.34041017,0.015784213,null,null,null,null,"TWOGAUSSIANS",8,1.827918,0.654373,0.0036618034,0.4,0.0,0.32590443,0.012518793,0.15735272,0.003250554,0.4,0.0,0.30112928,0.01535215
375316653866487564,2164427087832380672,0.5687674,2258.151822174378,1.9195732946863466,9.314079E-6,17.91152,0.009401594,0.31975955,0.003094493,0.09264089,0.004989102,0.26777002,0.010741902,0.81818616,0.003090818,0.10864619,0.008054212,0.1719209,0.008676585,null,null,null,null,"TWOGAUSSIANS",8,1.3171741,0.31975955,0.003094493,0.4,0.0,0.24909166,0.008839394,0.81818616,0.003090818,0.4,0.0,0.15323408,0.0037025171
375316653866487564,2164428187344042112,0.506387,2229.2572895426238,0.2538663023901367,1.3992978E-5,17.148573,0.0012015529,0.23948011,0.0011153204,0.016449107,0.0012903713,0.14617309,0.020243313,0.7371522,0.024127373,0.026588976,0.046598963,0.061740264,0.060273275,null,null,null,null,"TWOGAUSSIANS",8,1.6103163,0.23948011,0.0011153204,0.092115,0.0072260792,0.14617309,0.020243313,0.7371522,0.024127373,0.14889827,0.24836878,0.061740264,0.06027328
375316653866487564,2164428638328705920,0.5884553,2220.031207150125,0.3708141750373545,8.535056E-5,12.359096,6.8291713E-4,0.22155523,0.004183488,0.021628179,0.004690836,0.16077417,0.025549546,0.563489,0.026943583,0.017091174,0.019690914,0.18760602,4738.614,0.0017787586,0.0013854802,0.563489,0.026943583,"TWOGAUSSIANS_WITH_ELLIPSOIDAL_ON_ECLIPSE2",9,60.629673,0.563489,0.026943583,0.095710576,0.110269114,0.19116352,4738.6143,0.22149524,0.004192571,0.1211178,0.026268682,0.16183549,0.025319252
375316653866487564,2164428810127482624,0.6072673,2185.00377346217,0.6840660458163983,1.4834851E-5,15.109776,7.790324E-4,0.25488967,0.078069724,0.04565278,0.041376974,0.012933339,0.04166987,0.49830052,0.0016574273,0.040025007,0.0025085262,0.1969628,0.0033509969,null,null,null,null,"TWOGAUSSIANS",8,9.2149515,0.49830052,0.0016574273,0.22414003,0.014047747,0.1969628,0.0033511186,0.25488967,0.078069724,0.25565556,0.23171106,0.012933341,0.04170406
375316653866487564,2164428810127716608,0.52994806,2208.0135483091394,1.655976574347835,2.1327103E-5,17.718565,0.0040568234,0.18850552,0.010870492,0.06474679,0.013405541,0.086500615,0.008257688,0.69696313,0.0046110866,0.06727901,0.0044365623,0.19180886,0.007155958,null,null,null,null,"TWOGAUSSIANS",8,4.961906,0.69696313,0.0046110866,0.37676245,0.024844749,0.19165346,0.007113147,0.18850552,0.010870492,0.362582,0.07507103,0.086345226,0.008300308
375316653866487564,2164429737840309888,0.5664015,2229.96691286669,0.42467645398171555,1.8729383E-5,15.189144,6.073333E-4,0.49047005,0.011819954,0.03699144,0.00759237,0.26855323,0.082670026,null,null,null,null,null,null,null,null,null,null,"ONEGAUSSIAN",5,15.596805,0.49047005,0.011819954,0.20715207,0.04251727,0.26855323,0.0,null,null,null,null,null,null
375316653866487564,2164430459400155648,0.5001003,2203.8272442329026,3.9597994397986804,1.6964681E-4,18.4246,0.0023258515,0.14603114,0.03317629,0.037537005,0.015689835,0.01762515,0.02104166,0.40134442,0.029873831,0.033018943,0.019819293,0.38478976,0.63386005,0.0077648587,0.004220932,0.14603114,0.03317629,"TWOGAUSSIANS_WITH_ELLIPSOIDAL_ON_ECLIPSE1",9,2.439276,0.40136442,0.029895883,0.18490608,0.110988036,0.38480714,0.63379556,0.14603114,0.03317629,0.21020724,0.08786308,0.033154856,0.020809615
375316653866487564,2164431039201363712,0.5627118,2172.570592693402,4.309431568286451,7.0420874E-6,19.364933,0.013580043,0.29206496,0.003103572,0.07520184,0.0043663993,0.5239482,0.016766675,0.79617876,0.0030067246,0.07746188,0.0046899607,0.5194502,0.018826088,null,null,null,null,"TWOGAUSSIANS",8,1.9488333,0.29206496,0.003103572,0.4,0.0,0.51947486,0.016048208,0.79617876,0.0030067246,0.4,0.0,0.5149768,0.019160526
375316653866487564,2164432211746831872,0.48072457,2209.49519202693,0.7593572132516994,2.55945E-5,15.677525,0.00455374,0.22330827,0.0053591877,0.096660756,0.011477611,0.050646666,0.004734425,0.7539754,0.007875819,0.10198687,0.015377637,0.040014133,0.005078453,null,null,null,null,"TWOGAUSSIANS",8,7.61967,0.22329827,0.0053638024,0.4,0.0,0.04812127,0.0037659442,0.7539754,0.007870537,0.4,0.0,0.037488073,0.0035625277
375316653866487564,2164432791547939328,0.5498222,2264.6040422013543,0.019662409200874965,5.2488118E-5,18.804008,0.003914339,0.53702545,0.020976534,0.015954083,0.014021994,0.087326206,1.0640926,0.74393827,6.851478E-4,0.009328101,3.484078E-4,0.8550857,0.027514284,null,null,null,null,"TWOGAUSSIANS",8,4.405413,0.74393827,6.851478E-4,0.052237365,0.0019510837,0.8550857,0.027514284,0.53702545,0.020976534,0.08934286,0.07852317,0.087326206,1.0640926
375316653866487564,2164432933296303744,0.5912828,2260.334964875544,3.0196240542094506,8.954647E-6,16.684402,0.028992955,0.22643548,0.002433993,0.061355885,0.011363618,0.24070649,0.05369476,0.7234818,0.0025703069,0.064389504,0.006715767,0.32981554,0.057745755,0.06757733,0.030465173,0.22643548,0.002433993,"TWOGAUSSIANS_WITH_ELLIPSOIDAL_ON_ECLIPSE1",9,21.060461,0.7238318,0.0021643576,0.36058122,0.037608296,0.46472353,0.007048354,0.22643548,0.002433993,0.34359294,0.063636266,0.37565553,0.025291782
375316653866487564,2164433066426967808,0.52190715,2211.9124356844395,3.084927363437366,1.3939105E-5,19.703138,0.012177941,0.20532149,0.0056106583,0.08370778,0.007720342,0.42731377,0.040340673,0.70671,0.00288126,0.07182769,0.003740064,0.42381155,0.017374689,null,null,null,null,"TWOGAUSSIANS",8,2.2353084,0.20532149,0.0056106583,0.4,0.0,0.42261258,0.042019103,0.70671,0.00288126,0.4,0.009932366,0.41911036,0.01700055
375316653866487564,2164433586131075200,0.49348477,2214.097926719988,0.3818032296799292,1.862703E-5,14.493463,8.3992345E-4,0.23618901,0.055637624,0.076967396,0.031511802,0.010364208,0.012209825,0.72950697,7.754887E-4,0.016135627,8.225939E-4,0.060083296,0.0014087686,null,null,null,null,"TWOGAUSSIANS",8,11.531959,0.72950697,7.754887E-4,0.09035952,0.004606526,0.06008329,0.0014087558,0.23618901,0.055637624,0.4,0.12293573,0.0103642,0.0122098345
375316653866487564,2164433723569905536,0.4484213,2189.4964022017975,2.02955101949961,1.3681583E-4,17.005962,0.0111244125,0.21590587,0.07198502,0.15518843,0.09528041,0.040234815,0.009332765,0.77772534,0.014685069,0.025963496,0.015942225,0.22155055,0.102113746,null,null,null,null,"TWOGAUSSIANS",8,5.9533234,0.77776533,0.014929396,0.14539558,0.08927646,0.22167753,0.10273188,0.21590587,0.07198502,0.4,0.0,0.039557025,0.0070977644
375316653866487564,2164434651265535104,0.5345418,2243.844815288896,0.8551840943684679,1.73349E-5,19.172487,0.007862126,0.24709956,0.0032743025,0.055787995,0.006540895,0.4563129,0.07833921,0.7328399,0.0063986867,0.054884486,0.0040027993,0.6442101,0.051730458,null,null,null,null,"TWOGAUSSIANS",8,3.09579,0.7328399,0.0063986867,0.3073531,0.022415675,0.6441879,0.051727585,0.24709956,0.0032743025,0.31241277,0.036629014,0.45629072,0.07836824
375316653866487564,2164435097959602816,0.60643786,2220.7788397030276,1.2810428519627626,4.646446E-6,13.881507,0.067878984,0.2581008,0.0028476934,0.13347642,0.012291793,0.23713852,0.059765898,0.77706015,0.0024120049,0.16023289,0.02511033,0.18905237,0.06664413,null,null,null,null,"TWOGAUSSIANS",8,12.578365,0.2565608,0.001573211,0.4,0.0,0.15344763,0.0031505853,0.77793014,0.0017311784,0.4,0.0,0.102747895,0.0028294888
375316653866487564,2164435682075259904,0.5087295,2181.2098836687073,0.2111706751412527,6.170284E-5,18.064352,0.003370144,0.1849162,0.020678619,0.037800997,0.008205644,0.27474144,0.097986035,0.684179,0.022511672,0.06498967,0.023553435,0.04142912,0.068995565,null,null,null,null,"TWOGAUSSIANS",8,2.1904523,0.1849162,0.020678619,0.21168558,0.045951605,0.27474037,0.097984344,0.684179,0.022511672,0.36394218,0.13189924,0.041428026,0.068996735
375316653866487564,2164436231830964992,0.57329243,2224.4445853373904,0.9413223872450587,5.2372484E-6,14.426076,0.09820654,0.23590083,0.0024546054,0.16536947,0.019618452,0.16336304,0.07943787,0.7383618,0.0023199862,0.18824075,0.035584036,0.16853073,0.093869574,null,null,null,null,"TWOGAUSSIANS",8,3.4839175,0.23493084,0.0023770782,0.4,0.0,0.052548554,0.0014978062,0.7390218,0.002421103,0.4,0.0,0.051193446,0.0012578127
375316653866487564,2164436266190687616,0.4882229,2223.0332754169112,3.2976049662314506,1.0693999E-5,18.727884,0.010302527,0.24098873,0.009466129,0.023971004,0.06563004,0.17101239,0.15727505,0.7296765,0.0037033558,0.012516526,0.004399778,0.11728842,0.031740114,0.1506665,0.0104761105,0.24098873,0.009466129,"TWOGAUSSIANS_WITH_ELLIPSOIDAL_ON_ECLIPSE1",9,13.644621,0.24098873,0.009466129,0.13423763,0.31463766,0.47234538,0.1616718,0.7300265,0.0036005494,0.070092544,0.024638755,0.41714826,0.030044474
