Gaia/vari_eclipsing_binary/VariEclipsingBinary_478692-478765.csv
# %ECSV 1.0
# ---
# delimiter: ','
# meta: !!omap
# - RELEASE: Gaia DR3
# - TABLE: vari_eclipsing_binary
# - DESCRIPTION: >
#     This table describes the properties of the eclipsing binaries resulting from the variability analysis. 
# - CITATION: >
#     How to cite and acknowledge Gaia: 
#     https://gea.esac.esa.int/archive/documentation/credits.html 
# - KNOWN_ISSUES: >
#     Known issues: 
#     https://www.cosmos.esa.int/web/gaia-users/known-issues 
# - DOCUMENTATION: >
#     Tutorials and documentation: 
#     https://www.cosmos.esa.int/web/gaia-users/archive 
# datatype:
# - 
#   name: solution_id
#   datatype: int64
#   description: Solution Identifier
#   meta:
#     ucd: meta.version
# - 
#   name: source_id
#   datatype: int64
#   description: Unique source identifier
#   meta:
#     ucd: meta.id;meta.main
# - 
#   name: global_ranking
#   datatype: float32
#   description: Number between 0 (worst) and 1 (best)
#   meta:
#     ucd: stat.param
# - 
#   name: reference_time
#   datatype: float64
#   unit: d
#   description: Reference time used for the geometric model fit
#   meta:
#     ucd: time.epoch
# - 
#   name: frequency
#   datatype: float64
#   unit: d**-1
#   description: Frequency of geometric model of the eclipsing binary light curve
#   meta:
#     ucd: src.orbital
# - 
#   name: frequency_error
#   datatype: float32
#   unit: d**-1
#   description: "Uncertainty of \\texttt{frequency}"
#   meta:
#     ucd: stat.error
# - 
#   name: geom_model_reference_level
#   datatype: float32
#   unit: mag
#   description: Magnitude reference level of geometric model
#   meta:
#     ucd: phot.mag;em.opt
# - 
#   name: geom_model_reference_level_error
#   datatype: float32
#   unit: mag
#   description: "Uncertainty of \\texttt{geomModelReferenceLevel}"
#   meta:
#     ucd: stat.error;phot.mag;em.opt
# - 
#   name: geom_model_gaussian1_phase
#   datatype: float32
#   description: Phase of the Gaussian 1 component
#   meta:
#     ucd: time.phase
# - 
#   name: geom_model_gaussian1_phase_error
#   datatype: float32
#   description: "Uncertainty of \\texttt{geomModelGaussian1Phase}"
#   meta:
#     ucd: stat.error;time.phase
# - 
#   name: geom_model_gaussian1_sigma
#   datatype: float32
#   description: "Standard deviation [phase] of Gaussian 1 component"
#   meta:
#     ucd: stat.stdev
# - 
#   name: geom_model_gaussian1_sigma_error
#   datatype: float32
#   description: "Uncertainty of \\texttt{geomModelGaussian1Sigma}"
#   meta:
#     ucd: stat.error
# - 
#   name: geom_model_gaussian1_depth
#   datatype: float32
#   unit: mag
#   description: Magnitude depth of Gaussian 1 component
#   meta:
#     ucd: src.var.amplitude
# - 
#   name: geom_model_gaussian1_depth_error
#   datatype: float32
#   unit: mag
#   description: "Uncertainty of \\texttt{geomModelGaussian1Depth}"
#   meta:
#     ucd: stat.error;src.var.amplitude
# - 
#   name: geom_model_gaussian2_phase
#   datatype: float32
#   description: Phase of Gaussian 2 component
#   meta:
#     ucd: time.phase
# - 
#   name: geom_model_gaussian2_phase_error
#   datatype: float32
#   description: "Uncertainty of \\texttt{geomModelGaussian2Phase}"
#   meta:
#     ucd: stat.error;time.phase
# - 
#   name: geom_model_gaussian2_sigma
#   datatype: float32
[...]
#   datatype: float32
#   description: "Secondary eclipse: uncertainty of \\texttt{derivedSecondaryEclDuration}"
#   meta:
#     ucd: stat.error;time.duration
# - 
#   name: derived_secondary_ecl_depth
#   datatype: float32
#   unit: mag
#   description: "Secondary eclipse: depth"
#   meta:
#     ucd: src.var.amplitude
# - 
#   name: derived_secondary_ecl_depth_error
#   datatype: float32
#   unit: mag
#   description: "Secondary eclipse: uncertainty of \\texttt{derivedSecondaryEclDepth}"
#   meta:
#     ucd: stat.error;src.var.amplitude
solution_id,source_id,global_ranking,reference_time,frequency,frequency_error,geom_model_reference_level,geom_model_reference_level_error,geom_model_gaussian1_phase,geom_model_gaussian1_phase_error,geom_model_gaussian1_sigma,geom_model_gaussian1_sigma_error,geom_model_gaussian1_depth,geom_model_gaussian1_depth_error,geom_model_gaussian2_phase,geom_model_gaussian2_phase_error,geom_model_gaussian2_sigma,geom_model_gaussian2_sigma_error,geom_model_gaussian2_depth,geom_model_gaussian2_depth_error,geom_model_cosine_half_period_amplitude,geom_model_cosine_half_period_amplitude_error,geom_model_cosine_half_period_phase,geom_model_cosine_half_period_phase_error,model_type,num_model_parameters,reduced_chi2,derived_primary_ecl_phase,derived_primary_ecl_phase_error,derived_primary_ecl_duration,derived_primary_ecl_duration_error,derived_primary_ecl_depth,derived_primary_ecl_depth_error,derived_secondary_ecl_phase,derived_secondary_ecl_phase_error,derived_secondary_ecl_duration,derived_secondary_ecl_duration_error,derived_secondary_ecl_depth,derived_secondary_ecl_depth_error
[from data line 74]
375316653866487564,4210732511910686464,0.5521146,2202.7294794154104,2.6362163836253893,2.1314767E-5,14.318077,0.012079902,0.24467985,0.0052556973,0.089275435,0.0067921933,0.2227572,0.013432183,0.73609126,0.0052304757,0.10218152,0.010009688,0.21072124,0.012131154,null,null,null,null,"TWOGAUSSIANS",8,140.1945,0.24467985,0.0052556973,0.4,0.0,0.21010105,0.008289161,0.73609126,0.0052304757,0.4,0.0,0.19806229,0.011379668
375316653866487564,4210734981506836608,0.64596814,2110.6458780264256,2.3461182266971012,5.319428E-6,16.607,0.007867991,0.2086512,0.0024590613,0.054301847,0.0076902327,0.14183572,0.017006684,0.7053674,0.0024383017,0.04789936,0.0037540763,0.17226107,0.01585798,0.10801424,0.009061183,0.2086512,0.0024590613,"TWOGAUSSIANS_WITH_ELLIPSOIDAL_ON_ECLIPSE1",9,5.469571,0.7059774,0.0016601476,0.26823643,0.021022828,0.38821042,0.0050344206,0.2086512,0.0024590613,0.30409032,0.043065306,0.35786,0.004781769
375316653866487564,4210742128333306880,0.627878,2037.9129224875473,3.145807767498787,4.6618075E-6,17.648344,0.0074722352,0.20321275,0.001962693,0.05246326,0.005114576,0.29866546,0.038036063,0.67989296,0.0075426693,0.036232866,0.005295503,0.25201216,0.020325841,0.13334474,0.009641868,0.20321275,0.001962693,"TWOGAUSSIANS_WITH_ELLIPSOIDAL_ON_ECLIPSE1",9,5.0988746,0.20321275,0.001962693,0.29379424,0.028641624,0.5653509,0.03604503,0.68218297,0.0073353015,0.20290405,0.029654818,0.51356554,0.015761156
375316653866487564,4210743953703093248,0.60923773,2204.1325680092855,2.7535477430060595,1.5562377E-5,16.880276,0.028232396,0.22329725,0.0021161116,0.052048042,0.008215837,0.3373164,0.056674227,0.7313078,0.026670894,0.03490893,0.028783353,0.86522335,0.8795282,0.12193355,0.03341308,0.22329725,0.0021161116,"TWOGAUSSIANS_WITH_ELLIPSOIDAL_ON_ECLIPSE1",9,26.964737,0.7313078,0.026037026,0.19549002,0.16118677,1.1084696,0.91383123,0.22329725,0.0021161116,0.29146904,0.046008687,0.58118,0.015985705
375316653866487564,4210745499891783808,0.56669044,2239.664483441553,2.381049395869251,1.5291416E-5,15.097262,0.017769506,0.2554599,0.004132704,0.096906014,0.007782002,0.29598805,0.01753396,0.7580315,0.0056000766,0.09860922,0.010255063,0.31451365,0.013463673,null,null,null,null,"TWOGAUSSIANS",8,86.44632,0.7580315,0.0056000766,0.4,0.0,0.2920874,0.015551147,0.2554599,0.004132704,0.4,0.0,0.27356246,0.011392522
375316653866487564,4210745633026047104,0.5286588,2199.343592703,3.1383453312585035,9.151067E-6,18.32042,0.008780875,0.2910018,0.0028568686,0.08577012,0.0055780243,0.24568374,0.008958295,0.80013406,0.004876176,0.080334745,0.0048034135,0.22486028,0.013717493,null,null,null,null,"TWOGAUSSIANS",8,2.613356,0.2910018,0.0028568686,0.4,0.0,0.24139337,0.008177026,0.80013406,0.004876176,0.4,0.0,0.22056992,0.012854929
375316653866487564,4210747698905136768,0.45448667,2178.394072005721,3.6728804186265993,2.4267596E-5,19.718317,0.01729339,0.3511194,0.006578398,0.070156656,0.012496912,0.21624307,0.07931738,0.8414615,0.008612255,0.08177394,0.011692396,0.23091795,0.024967177,null,null,null,null,"TWOGAUSSIANS",8,1.7486682,0.8414615,0.008612255,0.4,0.0,0.22930905,0.024680255,0.3511194,0.006578398,0.39287728,0.06197082,0.21463418,0.079899825
375316653866487564,4210748794122170496,0.6352657,2193.068226436429,3.3823832427217426,4.104823E-6,18.785337,0.007325147,0.27017066,0.0014593609,0.04410342,0.0072483676,0.4280485,0.13636814,0.7734336,0.004144193,0.044006437,0.0028528208,0.47506443,0.043571226,0.1472643,0.012932477,0.27017066,0.0014593609,"TWOGAUSSIANS_WITH_ELLIPSOIDAL_ON_ECLIPSE1",9,2.03031,0.7734336,0.004144193,0.24643606,0.015975796,0.7694689,0.035972685,0.27017066,0.0014593609,0.24697915,0.04059086,0.7225767,0.14261281
375316653866487564,4210749760489453696,0.44023412,2200.5365200703254,3.2239892056949273,1.5715812E-5,19.851198,0.025433205,0.13341205,0.004905972,0.0804196,0.010087995,0.30930075,0.029917786,0.642555,0.0055424124,0.09069991,0.012571605,0.28846133,0.0459328,null,null,null,null,"TWOGAUSSIANS",8,2.1334553,0.13341205,0.004905972,0.4,0.0,0.30218884,0.028278949,0.642555,0.0055424124,0.4,0.0,0.28134927,0.046600662
375316653866487564,4210749824914456320,0.5650722,2216.4146448303695,3.582200323628982,1.865385E-5,18.390034,0.046757687,0.28330365,0.0044357907,0.05590247,0.011973684,0.38722515,0.10630836,0.7865971,0.0047211302,0.060895376,0.023134105,0.2985711,0.08805405,0.07860405,0.06315379,0.28330365,0.0044357907,"TWOGAUSSIANS_WITH_ELLIPSOIDAL_ON_ECLIPSE1",9,7.2435093,0.28330365,0.0044357907,0.31305382,0.067052625,0.54436255,0.030433672,0.7865971,0.0047211302,0.3410141,0.12955098,0.4556412,0.12453481
375316653866487564,4210749927993626240,0.51334757,2215.8373597119985,3.5710610596955883,1.897019E-5,18.884579,0.025788134,0.21829021,0.0066828737,0.095822416,0.014454921,0.22748527,0.02268885,0.7088228,0.0045006135,0.08911987,0.011291823,0.2927701,0.02374683,null,null,null,null,"TWOGAUSSIANS",8,2.902272,0.7088228,0.0045006135,0.4,0.0,0.28124106,0.017385617,0.21829021,0.0066828737,0.4,0.0,0.21595569,0.014669153
375316653866487564,4210751272327532160,0.49136904,2218.133677283444,2.3776118412098697,1.9362824E-5,17.398474,0.0024199374,null,null,null,null,null,null,null,null,null,null,null,null,0.062310297,0.003244863,0.18084452,0.00428152,"ELLIPSOIDAL",4,4.69103,null,null,null,null,null,null,null,null,null,null,null,null
375316653866487564,4210752028241872128,0.6120654,2145.177768038585,3.1436414408271585,5.0573076E-6,15.3415575,0.020014415,0.25486058,0.0012590721,0.05535419,0.0045256764,0.4606635,0.03429395,0.75739086,0.0017519164,0.0457802,0.005632742,0.36749977,0.03691431,0.09175656,0.022180887,0.25486058,0.0012590721,"TWOGAUSSIANS_WITH_ELLIPSOIDAL_ON_ECLIPSE1",9,66.884476,0.25486058,0.0012590721,0.30998346,0.025343787,0.64415896,0.020247446,0.75739086,0.0017519164,0.25636914,0.031543355,0.55094886,0.023210024
375316653866487564,4210752504974008576,0.5721026,2226.601175709054,2.308500111674078,1.4171897E-5,16.221582,0.012834112,0.1728206,0.0026164548,0.09589851,0.01256391,0.11167207,0.010599868,0.6656287,0.003261092,0.10300573,0.0061616134,0.20018247,0.013869733,null,null,null,null,"TWOGAUSSIANS",8,6.8164372,0.6656287,0.003261092,0.4,0.0,0.18855618,0.009330717,0.1728206,0.002625809,0.4,0.0,0.10004871,0.0038579484
375316653866487564,4210753024674313216,0.54268306,2238.9022598336855,2.5985003567523925,1.16152505E-5,15.58459,0.012446152,0.25387692,0.003991577,0.08024701,0.009126346,0.19895622,0.014026038,0.76223725,0.003725803,0.086502135,0.0082888985,0.23097315,0.02253145,null,null,null,null,"TWOGAUSSIANS",8,55.78561,0.76223725,0.003725803,0.4,0.0,0.22685371,0.02309956,0.25387692,0.003991577,0.4,0.0,0.19483681,0.013082407
375316653866487564,4210753157809280256,0.56536317,2264.137330296925,4.38256236895369,1.9642466E-5,19.525434,0.014541494,0.1838047,0.0038004369,0.038528573,0.006944191,0.3409024,0.044919834,0.6923339,0.011604866,0.03958128,0.01531279,0.50108093,0.24038738,0.14961687,0.01846669,0.1838047,0.0038004369,"TWOGAUSSIANS_WITH_ELLIPSOIDAL_ON_ECLIPSE1",9,2.8269224,0.6923339,0.011604866,0.22165516,0.08575162,0.79945594,0.2522268,0.1838047,0.0038004369,0.21576001,0.03888747,0.64013594,0.038782485
375316653866487564,4210753295248267392,0.5294827,2221.856184714445,2.545250338840473,9.436912E-6,18.990015,0.017223863,0.28018877,0.0029132052,0.09304813,0.008209239,0.38256976,0.013989351,0.7861994,0.0029359222,0.09172128,0.0049258675,0.36488774,0.022641066,null,null,null,null,"TWOGAUSSIANS",8,2.3109407,0.28018877,0.0029132052,0.4,0.0,0.36499384,0.012339342,0.7861994,0.0029359222,0.4,0.0,0.347312,0.01995141
375316653866487564,4210756254489736320,0.48863083,2207.4901691478913,3.326309564249014,2.5824691E-5,15.879978,0.008452727,0.31084812,0.0124675045,0.09161305,0.015398398,0.09076549,0.011858601,0.82285213,0.004360297,0.07891276,0.011858198,0.08868243,0.010270784,null,null,null,null,"TWOGAUSSIANS",8,8.071167,0.31084812,0.0124675045,0.4,0.0,0.08879119,0.0107060075,0.82285213,0.004360297,0.4,0.0,0.0867082,0.009848848
375316653866487564,4210756769885828480,0.4277096,2197.4085059856375,0.22225678100965662,2.1661996E-5,19.94407,0.00807681,null,null,null,null,null,null,null,null,null,null,null,null,0.11114553,0.026249953,0.26532388,0.016844073,"ELLIPSOIDAL",4,4.7148733,null,null,null,null,null,null,null,null,null,null,null,null
375316653866487564,4210758552288932992,0.49358976,2127.3179270262194,4.645771757785935,1.4957222E-5,19.731277,0.0051025916,0.26757964,0.0049435804,0.065320864,0.047799442,0.017009806,0.018191285,null,null,null,null,null,null,0.105943546,0.007057295,0.26757964,0.0049435804,"ONEGAUSSIAN_WITH_ELLIPSOIDAL",6,1.2684574,0.26757964,0.0049435804,0.36579683,0.2644546,0.2288856,0.017036622,null,null,null,null,null,null
375316653866487564,4210758831470130688,0.6095058,2106.29649845656,2.453165443446136,1.6542865E-5,17.04752,0.018132458,0.2475442,0.0022692957,0.062227048,0.0051090885,0.37903142,0.046856683,0.76604706,0.007918708,0.041387193,0.008387306,0.21340232,0.04392321,0.07129732,0.026698368,0.2475442,0.0022692957,"TWOGAUSSIANS_WITH_ELLIPSOIDAL_ON_ECLIPSE1",9,10.871363,0.2475442,0.0022692957,0.34847146,0.028610894,0.52150995,0.030878669,0.76604706,0.007918708,0.23176828,0.04696891,0.35396224,0.013457527
375316653866487564,4210759617440983424,0.59871185,2175.5204417269847,3.9255324273514307,1.3075296E-5,18.571104,0.009020205,0.263679,0.0031325424,0.06097239,0.0033090597,0.62755454,0.03850821,0.7652872,0.0033785265,0.069581404,0.0057170615,0.5016491,0.023852346,null,null,null,null,"TWOGAUSSIANS",8,4.4237537,0.263679,0.0031325424,0.3414454,0.018530734,0.6268628,0.038626306,0.7652872,0.0033785265,0.38965586,0.032015543,0.50095737,0.024073554
375316653866487564,4210762641101937792,0.5215386,1987.9180020331112,3.1266218202637,8.360171E-6,19.628176,0.008044876,0.22897667,0.0019265168,0.065313645,0.002459827,0.37950623,0.010937969,0.72470444,0.004717423,0.07614229,0.0049523306,0.5461751,0.029101608,null,null,null,null,"TWOGAUSSIANS",8,1.9025419,0.72470444,0.004717423,0.4,0.0,0.54457414,0.029426487,0.22897667,0.0019265168,0.36575642,0.013775032,0.37790525,0.010635112
375316653866487564,4210762915979853952,0.6066254,1974.63106373472,2.973206970263891,1.4084364E-5,17.947544,0.005794612,0.24060069,0.004000772,0.07458478,0.0057060136,0.60941297,0.010543271,0.7484512,0.0054587335,0.06427699,0.0058723674,0.54445606,0.012887812,null,null,null,null,"TWOGAUSSIANS",8,6.584687,0.24060069,0.004000772,0.4,0.0,0.6079748,0.01053926,0.7484512,0.0054587335,0.35995114,0.032885257,0.543018,0.012135908
375316653866487564,4210769478689963648,0.49711654,1962.2079824761736,3.4573239774575697,1.5953978E-5,18.8901,0.01691519,0.29159558,0.0068372777,0.0923044,0.009594983,0.27025005,0.018561127,0.7893963,0.006765972,0.10026926,0.009752598,0.28616935,0.016983386,null,null,null,null,"TWOGAUSSIANS",8,2.8428555,0.7893963,0.006765972,0.4,0.0,0.26760855,0.011017421,0.29159558,0.0068372777,0.4,0.0,0.25169134,0.01332148
375316653866487564,4210776080059188352,0.43378726,1971.4067923477626,2.6011855156601777,5.041306E-6,16.81636,0.0016047185,0.76455534,0.0055797915,0.005743944,0.003005796,0.09220331,0.06575496,null,null,null,null,null,null,0.03396663,0.0023681365,0.76455534,0.0055797915,"ONEGAUSSIAN_WITH_ELLIPSOIDAL",6,14.867804,0.76455534,0.0055797915,0.032166086,0.016832458,0.16013658,0.064185366,null,null,null,null,null,null
375316653866487564,4210776320577385088,0.5805646,1998.4373824867178,1.1216441597138438,1.2505279E-5,17.340229,0.0014816286,0.21807027,0.0015783305,0.031338252,0.0018079467,0.22684807,0.012693845,0.7124185,0.009709418,0.03474243,0.010551396,0.082435824,0.02278339,0.019151272,0.0025938835,0.21807027,0.0015783305,"TWOGAUSSIANS_WITH_ELLIPSOIDAL_ON_ECLIPSE1",9,1.5464737,0.21807027,0.0015783305,0.17549421,0.010124502,0.2651506,0.012826343,0.7126585,0.0096270265,0.1945576,0.059087817,0.12069212,0.02498249
375316653866487564,4210776556792335488,0.46324393,1966.0390675894191,2.7975039442410137,5.3077252E-5,19.146868,0.029527223,0.21420507,0.01635904,0.029804042,0.012585113,0.08745268,0.062992245,0.7275588,0.02569823,0.046156153,0.05384571,0.13033302,0.051225998,0.088476054,0.033699982,0.21420507,0.01635904,"TWOGAUSSIANS_WITH_ELLIPSOIDAL_ON_ECLIPSE1",9,10.440283,0.7275588,0.024765171,0.25847447,0.27873155,0.30604187,0.06372562,0.21420507,0.01635904,0.16690263,0.07047663,0.26440433,0.035741236
375316653866487564,4210777145211135232,0.60446817,1981.7017001635281,3.2854859034483135,6.653445E-6,18.12897,0.01251136,0.28926262,0.0016132551,0.042900402,0.0033758,0.38711783,0.033113718,0.78879833,0.0010473656,0.042985376,0.0040674973,0.4499462,0.02309508,0.13183978,0.018778909,0.28926262,0.0016132551,"TWOGAUSSIANS_WITH_ELLIPSOIDAL_ON_ECLIPSE1",9,6.714284,0.7888383,9.5706363E-4,0.24071811,0.022777984,0.7136231,0.022977943,0.28926262,0.0016132551,0.24024226,0.018904481,0.65079683,0.019091813
375316653866487564,4210784979224247808,0.5987921,2013.8926429544522,2.981540487482143,1.309343E-5,17.491943,0.007825244,0.27840048,0.0035945734,0.08303613,0.0048464127,0.33143395,0.010422671,0.7786806,0.00198911,0.08327104,0.0044733183,0.3353681,0.0074620303,null,null,null,null,"TWOGAUSSIANS",8,7.442068,0.7786806,0.00198911,0.4,0.0,0.3281393,0.0065289023,0.27840048,0.0035945734,0.4,0.0,0.32420513,0.009966813
375316653866487564,4210794256361098624,0.5533323,1998.1040322371696,2.7311026607134896,1.40830025E-5,16.172924,0.05657829,0.2814804,0.002587862,0.12475297,0.016543742,0.2455804,0.055139937,0.7717891,0.003824945,0.12690234,0.018522188,0.25515082,0.054198824,null,null,null,null,"TWOGAUSSIANS",8,15.466575,0.7717891,0.003824945,0.4,0.0,0.19092658,0.0064049833,0.2816004,0.0025167176,0.4,0.0,0.1814158,0.0044237203
375316653866487564,4210794840476661632,0.5148121,1989.5641119285099,2.792306876590942,1.3067488E-5,17.819792,0.054476067,0.26796114,0.006205433,0.11963675,0.024947971,0.20190403,0.05097351,0.7529829,0.004121236,0.115573145,0.020917479,0.20333497,0.052394282,null,null,null,null,"TWOGAUSSIANS",8,5.393867,0.7529829,0.004121236,0.4,0.0,0.16653842,0.007286847,0.26801112,0.006153918,0.4,0.0,0.16507429,0.010431958
375316653866487564,4210797761054970368,0.6009638,2202.1792108951977,2.399834523036131,9.380925E-6,16.229645,0.007123562,0.29823974,0.003486974,0.08657261,0.0043191914,0.26297078,0.011463064,0.7933398,0.0033826276,0.07979849,0.0042216806,0.2993666,0.009176139,null,null,null,null,"TWOGAUSSIANS",8,12.405522,0.7933398,0.0033826276,0.4,0.0,0.29377675,0.008692037,0.29823974,0.003486974,0.4,0.0,0.2573809,0.0110480655
375316653866487564,4210798031627681536,0.63427824,2214.659339028534,0.9868895199776566,2.0957618E-6,16.9685,0.0022126462,0.26987454,0.00929718,0.046772305,0.0063475226,0.16638765,0.00703586,0.78044325,5.028407E-4,0.03321859,5.2089675E-4,0.6036569,0.0098551605,null,null,null,null,"TWOGAUSSIANS",8,3.6369715,0.78044325,5.028407E-4,0.18602408,0.002917022,0.6036569,0.0098551605,0.26987454,0.00929718,0.2619249,0.035546128,0.16638765,0.007035863
375316653866487564,4210798134706979712,0.5428129,2199.9039998263584,3.4931541599162053,1.3659135E-5,18.72026,0.0078252535,0.28799415,0.0038379075,0.069828026,0.0041354015,0.3930103,0.026598403,0.78955853,0.0035656244,0.06531531,0.0044907667,0.35947242,0.021234157,null,null,null,null,"TWOGAUSSIANS",8,4.063543,0.28799415,0.0038379075,0.39103696,0.023158249,0.39224207,0.026679311,0.78955853,0.0035656244,0.36576575,0.025148293,0.35870424,0.02142148
375316653866487564,4210798272146082304,0.5044179,2220.8422701633485,2.482773067135771,2.2818886E-5,19.488092,0.08666939,0.28752428,0.0066102636,0.10281444,0.025023744,0.40162572,0.07620293,0.79231983,0.010250614,0.09762889,0.02862831,0.3320322,0.077018864,null,null,null,null,"TWOGAUSSIANS",8,2.3977268,0.28752428,0.006598574,0.4,0.0,0.37093356,0.041842967,0.79231983,0.010284404,0.4,0.0,0.3013447,0.030412305
