Gaia/vari_eclipsing_binary/VariEclipsingBinary_670357-670416.csv
# %ECSV 1.0
# ---
# delimiter: ','
# meta: !!omap
# - RELEASE: Gaia DR3
# - TABLE: vari_eclipsing_binary
# - DESCRIPTION: >
#     This table describes the properties of the eclipsing binaries resulting from the variability analysis. 
# - CITATION: >
#     How to cite and acknowledge Gaia: 
#     https://gea.esac.esa.int/archive/documentation/credits.html 
# - KNOWN_ISSUES: >
#     Known issues: 
#     https://www.cosmos.esa.int/web/gaia-users/known-issues 
# - DOCUMENTATION: >
#     Tutorials and documentation: 
#     https://www.cosmos.esa.int/web/gaia-users/archive 
# datatype:
# - 
#   name: solution_id
#   datatype: int64
#   description: Solution Identifier
#   meta:
#     ucd: meta.version
# - 
#   name: source_id
#   datatype: int64
#   description: Unique source identifier
#   meta:
#     ucd: meta.id;meta.main
# - 
#   name: global_ranking
#   datatype: float32
#   description: Number between 0 (worst) and 1 (best)
#   meta:
#     ucd: stat.param
# - 
#   name: reference_time
#   datatype: float64
#   unit: d
#   description: Reference time used for the geometric model fit
#   meta:
#     ucd: time.epoch
# - 
#   name: frequency
#   datatype: float64
#   unit: d**-1
#   description: Frequency of geometric model of the eclipsing binary light curve
#   meta:
#     ucd: src.orbital
# - 
#   name: frequency_error
#   datatype: float32
#   unit: d**-1
#   description: "Uncertainty of \\texttt{frequency}"
#   meta:
#     ucd: stat.error
# - 
#   name: geom_model_reference_level
#   datatype: float32
#   unit: mag
#   description: Magnitude reference level of geometric model
#   meta:
#     ucd: phot.mag;em.opt
# - 
#   name: geom_model_reference_level_error
#   datatype: float32
#   unit: mag
#   description: "Uncertainty of \\texttt{geomModelReferenceLevel}"
#   meta:
#     ucd: stat.error;phot.mag;em.opt
# - 
#   name: geom_model_gaussian1_phase
#   datatype: float32
#   description: Phase of the Gaussian 1 component
#   meta:
#     ucd: time.phase
# - 
#   name: geom_model_gaussian1_phase_error
#   datatype: float32
#   description: "Uncertainty of \\texttt{geomModelGaussian1Phase}"
#   meta:
#     ucd: stat.error;time.phase
# - 
#   name: geom_model_gaussian1_sigma
#   datatype: float32
#   description: "Standard deviation [phase] of Gaussian 1 component"
#   meta:
#     ucd: stat.stdev
# - 
#   name: geom_model_gaussian1_sigma_error
#   datatype: float32
#   description: "Uncertainty of \\texttt{geomModelGaussian1Sigma}"
#   meta:
#     ucd: stat.error
# - 
#   name: geom_model_gaussian1_depth
#   datatype: float32
#   unit: mag
#   description: Magnitude depth of Gaussian 1 component
#   meta:
#     ucd: src.var.amplitude
# - 
#   name: geom_model_gaussian1_depth_error
#   datatype: float32
#   unit: mag
#   description: "Uncertainty of \\texttt{geomModelGaussian1Depth}"
#   meta:
#     ucd: stat.error;src.var.amplitude
# - 
#   name: geom_model_gaussian2_phase
#   datatype: float32
#   description: Phase of Gaussian 2 component
#   meta:
#     ucd: time.phase
# - 
#   name: geom_model_gaussian2_phase_error
#   datatype: float32
#   description: "Uncertainty of \\texttt{geomModelGaussian2Phase}"
#   meta:
#     ucd: stat.error;time.phase
# - 
#   name: geom_model_gaussian2_sigma
#   datatype: float32
[...]
#   datatype: float32
#   description: "Secondary eclipse: uncertainty of \\texttt{derivedSecondaryEclDuration}"
#   meta:
#     ucd: stat.error;time.duration
# - 
#   name: derived_secondary_ecl_depth
#   datatype: float32
#   unit: mag
#   description: "Secondary eclipse: depth"
#   meta:
#     ucd: src.var.amplitude
# - 
#   name: derived_secondary_ecl_depth_error
#   datatype: float32
#   unit: mag
#   description: "Secondary eclipse: uncertainty of \\texttt{derivedSecondaryEclDepth}"
#   meta:
#     ucd: stat.error;src.var.amplitude
solution_id,source_id,global_ranking,reference_time,frequency,frequency_error,geom_model_reference_level,geom_model_reference_level_error,geom_model_gaussian1_phase,geom_model_gaussian1_phase_error,geom_model_gaussian1_sigma,geom_model_gaussian1_sigma_error,geom_model_gaussian1_depth,geom_model_gaussian1_depth_error,geom_model_gaussian2_phase,geom_model_gaussian2_phase_error,geom_model_gaussian2_sigma,geom_model_gaussian2_sigma_error,geom_model_gaussian2_depth,geom_model_gaussian2_depth_error,geom_model_cosine_half_period_amplitude,geom_model_cosine_half_period_amplitude_error,geom_model_cosine_half_period_phase,geom_model_cosine_half_period_phase_error,model_type,num_model_parameters,reduced_chi2,derived_primary_ecl_phase,derived_primary_ecl_phase_error,derived_primary_ecl_duration,derived_primary_ecl_duration_error,derived_primary_ecl_depth,derived_primary_ecl_depth_error,derived_secondary_ecl_phase,derived_secondary_ecl_phase_error,derived_secondary_ecl_duration,derived_secondary_ecl_duration_error,derived_secondary_ecl_depth,derived_secondary_ecl_depth_error
[from data line 146]
375316653866487564,5896637570807365248,0.46346426,2313.3921279517217,0.9641424324919367,6.7494315E-5,16.15062,0.006033972,0.21995495,0.0166221,0.018868979,0.049080297,0.074670024,0.046390355,0.7141793,0.006999494,0.058411125,0.02043972,0.050923675,0.008846305,null,null,null,null,"TWOGAUSSIANS",8,11.221975,0.21995495,0.0166221,0.10566629,0.27484965,0.074670024,0.046558652,0.7141793,0.006999494,0.3271023,0.09236142,0.050923675,0.008815757
375316653866487564,5896637845691413248,0.5307828,2292.5755211234455,2.107150593225932,1.6852164E-5,17.968294,0.008730701,0.2112868,0.011843566,0.029264087,0.018958895,0.090987965,0.063022494,0.71475863,0.0054242485,0.0520175,0.004432907,0.2949994,0.024077712,0.073835,0.012327594,0.2112868,0.011843566,"TWOGAUSSIANS_WITH_ELLIPSOIDAL_ON_ECLIPSE1",9,12.115248,0.71475863,0.0054040607,0.291298,0.024824278,0.44259688,0.019437285,0.2112868,0.011843566,0.16387889,0.106169805,0.2386557,0.06644861
375316653866487564,5896640177839987072,0.46044376,2266.5079174235498,0.02664968454703657,1.432129E-5,19.258698,0.0056708264,0.37584946,0.0060645933,0.0062024244,0.0042343587,0.17385824,0.045974243,0.7067218,0.022399683,0.12682542,0.019035647,0.14194031,0.022983287,null,null,null,null,"TWOGAUSSIANS",8,2.146477,0.37586945,0.0060811257,0.03473358,0.023712408,0.17846191,0.04602025,0.7067218,0.022399683,0.4,0.0,0.14182061,0.023034243
375316653866487564,5896640285226946688,0.60313666,2299.588990501334,1.7487832990121157,4.3209334E-6,15.719729,0.0061929077,0.22592404,0.0023266112,0.09804131,0.005121743,0.14380208,0.0058846804,0.7255571,0.0013328278,0.10807133,0.005428032,0.14688754,0.0051715896,null,null,null,null,"TWOGAUSSIANS",8,4.62727,0.7255571,0.0013328278,0.4,0.0,0.1316368,0.0026050822,0.22592404,0.0023266112,0.4,0.0,0.12855731,0.00342902
375316653866487564,5896640590150825856,0.48590267,2276.0583991666463,0.17023499000974954,4.458582E-5,19.46527,0.014075821,0.34755954,0.07072978,0.02749075,0.017107747,0.8370117,5.1515937,0.81036687,0.042523455,0.0898689,0.043665737,0.08088373,0.015315824,null,null,null,null,"TWOGAUSSIANS",8,2.237339,0.34755954,0.07072978,0.15394819,0.09580339,0.8370054,5.151335,0.81036687,0.042523455,0.4,0.092740566,0.08087726,0.015269122
375316653866487564,5896641041122489728,0.490508,2254.124931375468,3.6989445787513753,4.5201145E-5,19.172632,0.044901278,0.23827425,0.008025741,0.09843624,0.019041087,0.31199315,0.04065197,0.71023613,0.009221124,0.08197931,0.01351042,0.5896538,0.062143344,null,null,null,null,"TWOGAUSSIANS",8,9.127902,0.71023613,0.009221124,0.4,0.0,0.57832867,0.053426158,0.23827425,0.008025741,0.4,0.0,0.30066475,0.026143862
375316653866487564,5896641930179194624,0.48608145,2337.842618385948,2.968364641252939,3.9382292E-5,17.315062,0.0033423682,null,null,null,null,null,null,null,null,null,null,null,null,0.048543844,0.00590113,0.23395845,0.0060179755,"ELLIPSOIDAL",4,9.08452,null,null,null,null,null,null,null,null,null,null,null,null
375316653866487564,5896643068371804800,0.42868957,2317.5117187164738,4.829949100380997,1.8595811E-4,19.274948,0.09254304,0.6444096,0.019158836,0.21060118,0.08496336,0.18340899,0.08666534,0.13771987,0.056857184,0.03203537,0.032780413,0.036938768,0.042060547,null,null,null,null,"TWOGAUSSIANS",8,6.0600758,0.6444096,0.019158836,0.4,0.0,0.1537908,0.024977319,0.13771987,0.057100024,0.17939806,0.18357031,0.029268721,0.039575826
375316653866487564,5896644301001231232,0.5101763,2316.433299198344,0.1804479320341269,1.530334E-5,14.636084,0.004566193,0.29115748,8.0209394E-4,0.028410047,0.0013714039,0.2797779,0.008839612,0.8039988,0.019569926,0.02901191,0.022497937,0.22235972,0.19752918,null,null,null,null,"TWOGAUSSIANS",8,184.35127,0.29115748,8.0209394E-4,0.15909627,0.0076798624,0.2797779,0.008839612,0.8039988,0.019569926,0.1624667,0.12598845,0.22235972,0.19752918
375316653866487564,5896644648919792512,0.58347857,2342.5102506532326,2.952217822949287,1.8541106E-5,18.292461,0.005793193,0.23704116,0.0019653204,0.0823209,0.0031924313,0.28341612,0.008459417,0.7351429,0.003805197,0.07971331,0.0047839186,0.34367323,0.010867283,null,null,null,null,"TWOGAUSSIANS",8,1.9961704,0.7351429,0.003805197,0.4,0.0,0.33853394,0.011252266,0.23704116,0.0019653204,0.4,0.0,0.27827686,0.00844975
375316653866487564,5896645503593682816,0.46578273,2306.534160110899,1.4262228502250924,9.871367E-6,18.93474,0.010636125,0.38063338,0.005172352,0.045887228,0.006120347,0.18992272,0.014503285,0.8743776,0.0048198043,0.040660765,0.0027640495,0.19226165,0.02208452,null,null,null,null,"TWOGAUSSIANS",8,7.2966423,0.8743776,0.0048198043,0.2277003,0.015478677,0.19226164,0.022084508,0.38063338,0.005172352,0.25696847,0.034273945,0.1899227,0.01450327
375316653866487564,5896645679688325504,0.5667507,2276.813979073845,2.828774987274624,1.6699321E-5,18.424438,0.016754061,0.2816406,0.0038415885,0.01637351,0.0100175785,0.16513065,0.03866118,0.76777154,0.008848319,0.036165316,0.027707618,0.16810851,0.25246432,0.1716856,0.021532666,0.2816406,0.0038415885,"TWOGAUSSIANS_WITH_ELLIPSOIDAL_ON_ECLIPSE1",9,6.858736,0.77018154,0.0102764955,0.20252576,0.15516266,0.5093298,0.26832056,0.2816406,0.0038415885,0.09169165,0.05609844,0.5085017,0.05407899
375316653866487564,5896646641779138304,0.4662842,2272.0363070775943,1.689899213705654,4.1094496E-5,19.318748,0.008294025,0.24376044,0.0061484016,0.05943303,0.009022298,0.58316547,0.16983037,0.7518577,0.007087738,0.05100572,0.006919584,0.2664012,0.046606794,null,null,null,null,"TWOGAUSSIANS",8,5.5058513,0.24376044,0.0061484016,0.33282498,0.05052487,0.58314496,0.16986454,0.7518577,0.007087738,0.28563204,0.03874967,0.26638073,0.04661916
375316653866487564,5896647221580516608,0.46772337,2301.7762375977554,3.4508445891072337,2.0757228E-5,19.154243,0.10245528,0.21155976,0.00449389,0.13273138,0.033783678,0.30419856,0.09649252,0.7265704,0.0043384,0.11824773,0.037886873,0.26055387,0.092271246,null,null,null,null,"TWOGAUSSIANS",8,2.1929026,0.21148977,0.0045454665,0.4,0.0,0.23550609,0.023323322,0.72689044,0.0044309194,0.4,0.0,0.19233188,0.01867597
375316653866487564,5896647363333655040,0.52210236,2319.02825707235,0.769716809053884,2.6528793E-5,16.743319,0.003572388,0.11273847,0.02344068,0.01220254,0.011017783,0.51798505,0.28480303,0.60662365,0.0018769306,0.016516717,0.0025974403,0.40773883,0.026300203,null,null,null,null,"TWOGAUSSIANS",8,56.284286,0.11273847,0.02344068,0.06833423,0.061699584,0.51798505,0.28480303,0.60662365,0.0018769306,0.092493616,0.014545666,0.40773883,0.026300203
375316653866487564,5896648733407601280,0.47989938,2283.238393056178,2.4867325699688108,2.2174989E-5,17.505434,0.002181245,null,null,null,null,null,null,null,null,null,null,null,null,0.053602565,0.003108091,0.2143584,0.0043211244,"ELLIPSOIDAL",4,9.006621,null,null,null,null,null,null,null,null,null,null,null,null
375316653866487564,5896648978222411648,0.50060385,2305.352386105602,0.7330535930207521,3.529681E-5,18.761776,0.0054724864,0.22544864,0.006003521,0.065533705,0.0046223295,0.4116022,0.05034682,0.7580552,0.017925955,0.038659554,0.012847954,0.031218147,0.013471094,null,null,null,null,"TWOGAUSSIANS",8,5.2466826,0.22544864,0.006003521,0.36698878,0.025885046,0.41160154,0.05034721,0.7580552,0.017925955,0.2164935,0.07194854,0.031217512,0.013471346
375316653866487564,5896648978222435328,0.54963905,2310.2185551356893,3.505443733757556,9.627552E-6,18.944422,0.005773792,0.26079586,0.003034719,0.035342976,0.006558621,0.2374367,0.025324393,0.78731555,0.011315082,0.05008991,0.00996397,0.11131369,0.029242856,0.105616935,0.011945687,0.26079586,0.003034719,"TWOGAUSSIANS_WITH_ELLIPSOIDAL_ON_ECLIPSE1",9,3.2391837,0.26079586,0.003034719,0.19792068,0.036728278,0.44866988,0.025730364,0.78731555,0.011315082,0.2805035,0.055798233,0.31673607,0.027235035
375316653866487564,5896649970360042112,0.52215683,2268.3574638150353,0.7920281228152475,2.1692858E-5,17.823942,0.009968615,0.25485057,0.04944203,0.03724029,0.057863224,0.053188577,2898.4292,0.8401216,0.0015456545,0.040154513,0.0019703591,0.567237,0.021110397,0.012489575,0.011278705,0.25485057,0.04944203,"TWOGAUSSIANS_WITH_ELLIPSOIDAL_ON_ECLIPSE1",9,19.715572,0.8401216,0.0015456545,0.22486527,0.011034012,0.58570606,0.019017188,0.25485057,0.04944203,0.20854563,0.32403407,0.07816761,2898.4302
375316653866487564,5896650073438787840,0.55795175,2283.6259604311253,2.2949466172782644,1.4097174E-5,17.58273,0.01650131,0.26094484,0.017160244,0.03284146,0.013657862,0.5221076,0.08185026,0.75436914,0.0022067248,0.036107287,0.0051858574,0.24345984,0.03783794,0.051717345,0.023851361,0.26094484,0.017160244,"TWOGAUSSIANS_WITH_ELLIPSOIDAL_ON_ECLIPSE1",9,28.582945,0.26094484,0.017160244,0.18391216,0.07648403,0.6255423,0.051432896,0.7546491,0.0019066846,0.2022008,0.0290408,0.34672543,0.014694429
375316653866487564,5896650386971708544,0.6087856,2310.0907403748165,3.1956932818819546,1.34735965E-5,18.743835,0.009877959,0.24515708,0.0016587076,0.044436377,0.0024274527,0.37041128,0.027249804,0.73919386,0.0032252995,0.045111496,0.0035349634,0.56061715,0.040294647,0.124679334,0.014569627,0.24515708,0.0016587076,"TWOGAUSSIANS_WITH_ELLIPSOIDAL_ON_ECLIPSE1",9,2.7402925,0.73959386,0.0030147743,0.2526244,0.019795796,0.8096489,0.041095644,0.24515708,0.0016587076,0.2488437,0.013593736,0.6197696,0.01560375
375316653866487564,5896650386990324096,0.5126023,2251.884266439329,2.973623297398068,1.4077478E-5,19.10812,0.047062542,0.25111428,0.005875488,0.0981334,0.020447835,0.29729924,0.034626655,0.74403334,0.0054793707,0.1088311,0.020774279,0.285528,0.040296346,null,null,null,null,"TWOGAUSSIANS",8,2.1891866,0.2511243,0.0058614286,0.4,0.0,0.26842958,0.039571036,0.74403334,0.0054793707,0.4,0.0,0.25664425,0.02566006
375316653866487564,5896650691912669696,0.5568625,2332.2898915614273,2.825438050146302,1.911548E-5,17.018236,0.021694032,0.23560558,0.0020051773,0.06613606,0.016576344,0.15120183,0.036370274,0.7562928,0.011796168,0.06095474,0.01758811,0.13907789,0.048743818,0.060569413,0.02465275,0.23560558,0.0020051773,"TWOGAUSSIANS_WITH_ELLIPSOIDAL_ON_ECLIPSE1",9,14.262454,0.23560558,0.0020051773,0.37036195,0.09282753,0.27221575,0.016214458,0.7562928,0.011796168,0.34134653,0.09849341,0.25805664,0.017770907
375316653866487564,5896650691914200192,0.4631844,2332.4779683966062,2.9503097841672417,2.3578545E-5,18.254633,0.29584357,0.13043472,0.006550761,0.1496258,0.03549144,0.3794586,0.21494114,0.6236961,0.0060262284,0.21386038,0.07680667,0.45691326,0.29276228,null,null,null,null,"TWOGAUSSIANS",8,3.569627,0.6236961,0.0060262284,0.4,0.0,0.14410515,0.009511935,0.13394472,0.0052863243,0.4,0.0,0.123368576,0.009497704
375316653866487564,5896655399203383168,0.49483913,2276.7439473455115,1.9228755997213407,4.5295335E-5,18.84218,0.0042231274,0.18238854,0.0017888056,0.035130918,0.0021111476,0.573771,0.086305976,null,null,null,null,null,null,null,null,null,null,"ONEGAUSSIAN",5,4.1183534,0.18238854,0.0017888056,0.19673315,0.011822427,0.573771,0.0,null,null,null,null,null,null
375316653866487564,5896655880238363520,0.61052066,2292.0612394218233,0.5097318496486062,4.764502E-6,11.808057,5.269865E-4,0.21984525,7.1229954E-4,0.029148148,5.0384656E-4,0.15329741,0.005183674,0.72068614,0.003669177,0.02744026,0.0031479425,0.14995454,0.028686432,0.017939026,7.501241E-4,0.21984525,7.1229954E-4,"TWOGAUSSIANS_WITH_ELLIPSOIDAL_ON_ECLIPSE1",9,13.824825,0.21984525,7.1229954E-4,0.16322963,0.0028215407,0.18917544,0.005239623,0.72068614,0.003663008,0.15366545,0.017628478,0.18583156,0.029203545
375316653866487564,5896656296866245504,0.60410595,2297.429419202059,2.934865694082804,7.961629E-6,18.460144,0.021508772,0.25558308,0.003639996,0.050276656,0.010191383,0.36171255,0.04404351,0.7542348,0.0031009407,0.04674274,0.006110842,0.30931196,0.045440152,0.12704185,0.025605602,0.25558308,0.003639996,"TWOGAUSSIANS_WITH_ELLIPSOIDAL_ON_ECLIPSE1",9,4.371243,0.25558308,0.003639996,0.28154927,0.057071745,0.6157944,0.020318342,0.7544048,0.002599588,0.26175934,0.034220714,0.56337786,0.02247096
375316653866487564,5896656880982108160,0.5962483,2280.1189768700924,1.994442233665151,7.071256E-6,17.558039,0.005207473,0.22242725,0.0012813534,0.0814163,0.0026962797,0.30396304,0.011557678,0.7227088,0.0034282273,0.10854953,0.007833869,0.13820542,0.0058603906,null,null,null,null,"TWOGAUSSIANS",8,1.6103332,0.22242725,0.0012813534,0.4,0.0,0.29228267,0.012664303,0.7227088,0.0034282273,0.4,0.0,0.12651822,0.007598383
375316653866487564,5896657258939233536,0.5728024,2287.338785092658,2.645597380018932,9.641574E-6,17.32995,0.01233657,0.22606745,0.004325755,0.09730822,0.0066874055,0.2912853,0.013722108,0.7303936,0.0016881049,0.09127476,0.0040024105,0.32162973,0.011622856,null,null,null,null,"TWOGAUSSIANS",8,7.387475,0.7303936,0.0016881049,0.4,0.0,0.30454037,0.0069518317,0.22606745,0.004325755,0.4,0.0,0.27419502,0.010335644
375316653866487564,5896657946120025600,0.55011714,2255.070238821547,3.8240495959639818,6.8846375E-6,19.599209,0.014459924,0.17507203,0.0016278155,0.067558326,0.0021911487,0.70296544,0.021568047,0.6640365,0.006573957,0.072098665,0.0064489623,0.45773628,0.052364886,null,null,null,null,"TWOGAUSSIANS",8,1.4198958,0.17507203,0.0016278155,0.37832662,0.012270433,0.70157576,0.021222377,0.6640365,0.006573957,0.4,0.009905268,0.4563466,0.052823886
375316653866487564,5896658908206350976,0.57023793,2307.3739570276853,1.5945568429105221,6.290546E-6,16.017471,0.020053482,0.2224653,0.0029697418,0.14691609,0.022141634,0.085292116,0.019621247,0.7184983,0.0024316509,0.10141394,0.009527943,0.11492853,0.018263124,null,null,null,null,"TWOGAUSSIANS",8,2.416312,0.7184983,0.0024316509,0.4,0.0,0.09168402,0.0032150587,0.2224653,0.002969045,0.4,0.0,0.06152583,0.002536899
375316653866487564,5896659286163494400,0.56682956,2303.3140073289455,3.1407863486066017,1.0263836E-5,18.301706,0.0052898135,0.27944818,0.0033034952,0.039365787,0.0078419335,0.09654685,0.015932571,0.77640873,0.007898719,0.054086145,0.005351915,0.31915912,0.026892195,0.08968608,0.008465225,0.27944818,0.0033034952,"TWOGAUSSIANS_WITH_ELLIPSOIDAL_ON_ECLIPSE1",9,4.4701447,0.77675873,0.0070096715,0.3028824,0.029970724,0.49846628,0.022800514,0.27944818,0.0033034952,0.2204484,0.04391483,0.27591193,0.013078277
375316653866487564,5896660110797235712,0.6269074,2299.365260389281,1.3198382928964183,7.447785E-6,15.590496,0.0028064076,0.28137845,0.0020555607,0.07059567,0.0019285214,0.3078025,0.009240211,0.7865302,0.002643411,0.0918409,0.0041128355,0.10874791,0.0030708693,null,null,null,null,"TWOGAUSSIANS",8,9.997716,0.28137845,0.0020555607,0.39533576,0.01079972,0.30517346,0.0092796,0.7865302,0.002643411,0.4,0.0,0.10611877,0.0027188102
375316653866487564,5896660660553088512,0.59368306,2299.1083149513142,1.7808936228157042,5.584572E-6,16.834705,0.008499438,0.2729577,0.0011184172,0.09782676,0.0032498268,0.25659853,0.008126722,0.77834857,0.0017018658,0.11161557,0.0054503996,0.21287079,0.007328278,null,null,null,null,"TWOGAUSSIANS",8,2.8229368,0.27294773,0.0011200606,0.4,0.0,0.23146483,0.0040943315,0.77834857,0.0017018658,0.4,0.0,0.1877191,0.003993995
375316653866487564,5896661377798066432,0.5478872,2274.293433777873,2.4026167505540084,1.0571608E-5,18.311157,0.015687294,0.2874112,0.0026372701,0.09449021,0.007243961,0.33964965,0.016191429,0.7795003,0.0038727613,0.08835347,0.0067883544,0.3553429,0.016853996,null,null,null,null,"TWOGAUSSIANS",8,3.7279387,0.7795003,0.0038727613,0.4,0.0,0.34070164,0.012984077,0.2874112,0.0026372701,0.4,0.0,0.32500786,0.016302265
375316653866487564,5896661450827084032,0.47717667,2290.5753142604012,0.6150797573429576,4.998097E-5,18.399223,0.003800132,0.33528242,4.7333774E-4,0.02543364,3.8918955E-4,0.28295672,0.004791389,0.4990349,0.005587396,0.0039374544,0.0035453055,0.32111758,2161.9985,0.014875191,0.005837258,0.4990349,0.005587396,"TWOGAUSSIANS_WITH_ELLIPSOIDAL_ON_ECLIPSE2",9,6.73845,0.4990349,0.005587396,0.022049746,0.019853711,0.35086787,2161.999,0.33566242,3.259013E-4,0.1424284,0.0021794615,0.2909021,0.0068380856
