Gaia/vari_eclipsing_binary/VariEclipsingBinary_463391-463403.csv
# %ECSV 1.0
# ---
# delimiter: ','
# meta: !!omap
# - RELEASE: Gaia DR3
# - TABLE: vari_eclipsing_binary
# - DESCRIPTION: >
#     This table describes the properties of the eclipsing binaries resulting from the variability analysis. 
# - CITATION: >
#     How to cite and acknowledge Gaia: 
#     https://gea.esac.esa.int/archive/documentation/credits.html 
# - KNOWN_ISSUES: >
#     Known issues: 
#     https://www.cosmos.esa.int/web/gaia-users/known-issues 
# - DOCUMENTATION: >
#     Tutorials and documentation: 
#     https://www.cosmos.esa.int/web/gaia-users/archive 
# datatype:
# - 
#   name: solution_id
#   datatype: int64
#   description: Solution Identifier
#   meta:
#     ucd: meta.version
# - 
#   name: source_id
#   datatype: int64
#   description: Unique source identifier
#   meta:
#     ucd: meta.id;meta.main
# - 
#   name: global_ranking
#   datatype: float32
#   description: Number between 0 (worst) and 1 (best)
#   meta:
#     ucd: stat.param
# - 
#   name: reference_time
#   datatype: float64
#   unit: d
#   description: Reference time used for the geometric model fit
#   meta:
#     ucd: time.epoch
# - 
#   name: frequency
#   datatype: float64
#   unit: d**-1
#   description: Frequency of geometric model of the eclipsing binary light curve
#   meta:
#     ucd: src.orbital
# - 
#   name: frequency_error
#   datatype: float32
#   unit: d**-1
#   description: "Uncertainty of \\texttt{frequency}"
#   meta:
#     ucd: stat.error
# - 
#   name: geom_model_reference_level
#   datatype: float32
#   unit: mag
#   description: Magnitude reference level of geometric model
#   meta:
#     ucd: phot.mag;em.opt
# - 
#   name: geom_model_reference_level_error
#   datatype: float32
#   unit: mag
#   description: "Uncertainty of \\texttt{geomModelReferenceLevel}"
#   meta:
#     ucd: stat.error;phot.mag;em.opt
# - 
#   name: geom_model_gaussian1_phase
#   datatype: float32
#   description: Phase of the Gaussian 1 component
#   meta:
#     ucd: time.phase
# - 
#   name: geom_model_gaussian1_phase_error
#   datatype: float32
#   description: "Uncertainty of \\texttt{geomModelGaussian1Phase}"
#   meta:
#     ucd: stat.error;time.phase
# - 
#   name: geom_model_gaussian1_sigma
#   datatype: float32
#   description: "Standard deviation [phase] of Gaussian 1 component"
#   meta:
#     ucd: stat.stdev
# - 
#   name: geom_model_gaussian1_sigma_error
#   datatype: float32
#   description: "Uncertainty of \\texttt{geomModelGaussian1Sigma}"
#   meta:
#     ucd: stat.error
# - 
#   name: geom_model_gaussian1_depth
#   datatype: float32
#   unit: mag
#   description: Magnitude depth of Gaussian 1 component
#   meta:
#     ucd: src.var.amplitude
# - 
#   name: geom_model_gaussian1_depth_error
#   datatype: float32
#   unit: mag
#   description: "Uncertainty of \\texttt{geomModelGaussian1Depth}"
#   meta:
#     ucd: stat.error;src.var.amplitude
# - 
#   name: geom_model_gaussian2_phase
#   datatype: float32
#   description: Phase of Gaussian 2 component
#   meta:
#     ucd: time.phase
# - 
#   name: geom_model_gaussian2_phase_error
#   datatype: float32
#   description: "Uncertainty of \\texttt{geomModelGaussian2Phase}"
#   meta:
#     ucd: stat.error;time.phase
# - 
#   name: geom_model_gaussian2_sigma
#   datatype: float32
[...]
#   datatype: float32
#   description: "Secondary eclipse: uncertainty of \\texttt{derivedSecondaryEclDuration}"
#   meta:
#     ucd: stat.error;time.duration
# - 
#   name: derived_secondary_ecl_depth
#   datatype: float32
#   unit: mag
#   description: "Secondary eclipse: depth"
#   meta:
#     ucd: src.var.amplitude
# - 
#   name: derived_secondary_ecl_depth_error
#   datatype: float32
#   unit: mag
#   description: "Secondary eclipse: uncertainty of \\texttt{derivedSecondaryEclDepth}"
#   meta:
#     ucd: stat.error;src.var.amplitude
solution_id,source_id,global_ranking,reference_time,frequency,frequency_error,geom_model_reference_level,geom_model_reference_level_error,geom_model_gaussian1_phase,geom_model_gaussian1_phase_error,geom_model_gaussian1_sigma,geom_model_gaussian1_sigma_error,geom_model_gaussian1_depth,geom_model_gaussian1_depth_error,geom_model_gaussian2_phase,geom_model_gaussian2_phase_error,geom_model_gaussian2_sigma,geom_model_gaussian2_sigma_error,geom_model_gaussian2_depth,geom_model_gaussian2_depth_error,geom_model_cosine_half_period_amplitude,geom_model_cosine_half_period_amplitude_error,geom_model_cosine_half_period_phase,geom_model_cosine_half_period_phase_error,model_type,num_model_parameters,reduced_chi2,derived_primary_ecl_phase,derived_primary_ecl_phase_error,derived_primary_ecl_duration,derived_primary_ecl_duration_error,derived_primary_ecl_depth,derived_primary_ecl_depth_error,derived_secondary_ecl_phase,derived_secondary_ecl_phase_error,derived_secondary_ecl_duration,derived_secondary_ecl_duration_error,derived_secondary_ecl_depth,derived_secondary_ecl_depth_error
[from data line 607]
375316653866487564,4076126244089393536,0.5051042,2312.981821050852,1.77360640167444,2.8962124E-5,19.19624,0.030417474,0.23930322,0.014642554,0.08311015,0.016132014,0.33965278,0.057126414,0.73434055,0.010017009,0.07402388,0.015207337,0.33698437,0.06167089,null,null,null,null,"TWOGAUSSIANS",8,2.427039,0.23930322,0.014642554,0.4,0.0,0.33578742,0.056520972,0.73434055,0.010017009,0.4,0.032015648,0.33311903,0.06198948
375316653866487564,4076126342771106432,0.4651114,2250.937929833606,0.6394353801644167,1.4887382E-4,18.320644,0.01114854,0.48300302,0.014972858,0.13981959,0.044991795,0.13996246,0.09209,0.89095896,0.03708978,0.08708944,0.029468354,0.04527044,0.010192853,null,null,null,null,"TWOGAUSSIANS",8,1.6325798,0.483013,0.014930914,0.4,0.0,0.13413627,0.0966909,0.89095896,0.03708978,0.4,0.012691637,0.04144473,0.008960603
375316653866487564,4076126381477650816,0.5242757,2298.483093946753,1.7307065694802668,1.5305997E-5,17.765354,0.010677259,0.17470448,0.005606745,0.076089576,0.009033083,0.31614578,0.016962271,0.74505943,0.0125227505,0.042938925,0.017237792,0.2580822,0.3629012,null,null,null,null,"TWOGAUSSIANS",8,15.99637,0.17470448,0.005606745,0.4,0.012227628,0.31613997,0.016962407,0.74505943,0.0125227505,0.24045798,0.09653164,0.2580764,0.36291385
375316653866487564,4076126381528402944,0.6044673,2317.7174431381873,1.288793786038108,9.190345E-6,17.286703,0.013095283,0.25510728,0.0041290247,0.105050966,0.007952084,0.23505841,0.012916567,0.755676,0.003078637,0.09366681,0.006882288,0.25381848,0.013205357,null,null,null,null,"TWOGAUSSIANS",8,2.2116933,0.755676,0.003078637,0.4,0.0,0.23345475,0.010160706,0.25510728,0.0041290247,0.4,0.0,0.21468934,0.004624154
375316653866487564,4076126411521848320,0.47209248,2239.2719613202785,4.500508261641047,3.5626206E-5,18.553741,0.008076283,0.2406288,0.013151184,0.0676952,0.017080076,0.20826495,0.15197572,0.7725701,0.0073300856,0.058611527,0.006857226,0.17412569,0.015810508,null,null,null,null,"TWOGAUSSIANS",8,3.6224966,0.2406288,0.013151184,0.3790931,0.08371487,0.2082111,0.1520442,0.7725701,0.0073300856,0.32822457,0.038400467,0.17407185,0.01580671
375316653866487564,4076126415837095424,0.52157485,2260.2223692976045,0.06681703928353437,9.0345575E-6,18.687712,0.005709338,0.3235672,7.3923625E-6,0.0010530456,2.849155E-5,0.67563695,0.025347216,0.818809,0.044406805,0.09333268,0.059197854,0.05136443,0.04160568,null,null,null,null,"TWOGAUSSIANS",8,2.0644414,0.3235672,7.3923625E-6,0.005897056,1.5955267E-4,0.67563695,0.025347205,0.818809,0.044406805,0.4,0.2039882,0.05136437,0.04160576
375316653866487564,4076126518979094656,0.4831656,2228.361613733033,1.0143049805846824,3.923295E-5,19.604984,0.04660726,0.29895735,0.007425631,0.107780576,0.01779041,0.45043576,0.037036322,0.7858565,0.01185205,0.10276656,0.01642659,0.3415454,0.04364085,null,null,null,null,"TWOGAUSSIANS",8,1.5854987,0.29895735,0.0074499096,0.4,0.0,0.41010562,0.04683972,0.7858565,0.01185205,0.4,0.0,0.3012315,0.03164576
375316653866487564,4076126931233340416,0.49411547,2239.632793221236,2.4862855971691227,1.37527095E-5,17.61926,0.8979669,0.20065215,0.006935062,0.18289362,0.071788594,1.0620264,0.8321472,0.69733006,0.0039116433,0.1821247,0.07602683,1.0594372,0.83905196,null,null,null,null,"TWOGAUSSIANS",8,6.9740205,0.20210215,0.0071176593,0.4,0.0,0.2906429,0.028016856,0.69733006,0.0039116433,0.4,0.0,0.28972608,0.014273037
375316653866487564,4076127068668302208,0.45205256,2231.4426556994886,0.7806201311465555,4.371457E-5,18.78635,0.00808686,0.43530333,0.012850223,0.054629643,0.011900876,0.1568684,0.023642479,0.747298,0.020181287,0.056854974,0.014561567,0.051569737,0.027162123,null,null,null,null,"TWOGAUSSIANS",8,3.5699944,0.43530333,0.012850223,0.305926,0.0666449,0.15686841,0.023642428,0.747298,0.020181287,0.31838784,0.08154478,0.05156975,0.027162174
375316653866487564,4076127103019195392,0.5302444,2223.863065656041,2.062670907530645,1.7531946E-5,18.589228,0.037381258,0.38055158,0.004467475,0.080234855,0.010067281,0.3355269,0.036190975,0.88128346,0.0059261816,0.084326684,0.030924454,0.32740647,0.033876553,null,null,null,null,"TWOGAUSSIANS",8,4.590125,0.38055158,0.004467475,0.4,0.0,0.32906106,0.018570554,0.88128346,0.0059261816,0.4,0.019923618,0.3209406,0.046925347
375316653866487564,4076127167440276992,0.48545045,2291.5702874287185,0.48441080913198886,1.566836E-5,17.660202,0.0066695805,0.22664873,0.005405718,0.04751421,0.011137144,0.8508972,10.933883,0.5451077,0.0013622124,0.028390294,0.0023346886,0.3260374,0.045787886,null,null,null,null,"TWOGAUSSIANS",8,13.993436,0.22664873,0.005405718,0.26607957,0.062368006,0.8508972,10.933883,0.5451077,0.0013622124,0.15898564,0.0130742565,0.3260374,0.045787886
375316653866487564,4076127270519596800,0.5194347,2202.354964583413,2.3751184067645985,1.818331E-5,18.304712,0.097375296,0.30615383,0.016560817,0.09088689,0.023240667,0.39340824,0.10678818,0.8154043,0.008128791,0.09618483,0.024541628,0.38880432,0.08876502,null,null,null,null,"TWOGAUSSIANS",8,13.340787,0.30615383,0.016559776,0.4,0.0,0.37418354,0.07635207,0.8154043,0.00813369,0.4,0.0,0.36957866,0.046180677
375316653866487564,4076127343537408640,0.5367966,2249.0846209712113,3.103005600755426,2.1394097E-5,19.081316,0.02152607,0.32450992,0.002733933,0.07078603,0.0071928045,0.47409144,0.030538335,0.801654,0.004494228,0.09061059,0.008221519,0.46894562,0.02828367,null,null,null,null,"TWOGAUSSIANS",8,1.9454455,0.32450992,0.002733933,0.39640176,0.030624969,0.46917492,0.034177102,0.801654,0.004494228,0.4,0.0,0.46402863,0.028118541
375316653866487564,4076127549696071680,0.5580186,2268.0322368635098,4.367072201215338,2.7082022E-5,17.939247,0.37840757,0.04826214,0.006078348,0.044644736,0.020955985,0.12038203,0.5493797,0.5715006,0.0066793663,0.26739433,0.0860815,0.5384507,0.3637675,null,null,null,null,"TWOGAUSSIANS",8,3.3005126,0.5715006,0.0066793663,0.4,0.0,0.3231984,0.015508735,0.04544214,0.006040774,0.25001052,0.117353514,0.093583055,0.5647382
375316653866487564,4076127584055965440,0.5196505,2246.4835751593837,2.495978824107789,1.2164987E-5,19.141924,0.04847182,0.27445808,0.0027430584,0.044160806,0.011741469,0.30555323,0.12999496,null,null,null,null,null,null,0.13060893,0.059741404,0.27445808,0.0027430584,"ONEGAUSSIAN_WITH_ELLIPSOIDAL",6,5.994116,0.27445808,0.0027430584,0.2473005,0.06575222,0.56677103,0.09369363,null,null,null,null,null,null
375316653866487564,4076127755918809728,0.54611516,2283.804429455059,2.15347882794637,1.559591E-5,17.631481,0.008241612,0.26648986,0.0014543987,0.08490964,0.0071298652,0.1578144,0.0068243886,0.75577354,0.008122576,0.08334626,0.00733509,0.16521485,0.010264273,null,null,null,null,"TWOGAUSSIANS",8,3.29433,0.75577354,0.008122576,0.4,0.0,0.16199124,0.008860482,0.26648986,0.0014543987,0.4,0.0,0.15459077,0.005413515
375316653866487564,4076127790294340096,0.4595486,2292.286322943998,1.5472072765577747,4.2703294E-5,18.568178,0.010809345,0.19189763,0.009091289,0.025703749,0.018158307,0.1277157,0.08050133,0.56835204,0.073971204,0.06448477,0.05970879,0.51038754,1.6390158,0.03342292,0.007692485,0.56835204,0.073971204,"TWOGAUSSIANS_WITH_ELLIPSOIDAL_ON_ECLIPSE2",9,4.5080237,0.56835204,0.073971204,0.36111468,0.30062085,0.5769777,1.6521026,0.18971764,0.009968674,0.143941,0.101686515,0.16195045,0.08576836
375316653866487564,4076127854593769728,0.65228283,2281.4596127128666,0.9173686585275687,1.026234E-5,16.366816,0.004311495,0.14882971,6.2377146E-4,0.035588995,0.0015154893,0.5964874,0.016908545,0.6466025,0.0019138472,0.040057123,0.004312965,0.098091915,0.008513401,null,null,null,null,"TWOGAUSSIANS",8,9.78736,0.14882971,6.2377146E-4,0.19929838,0.00848674,0.5964874,0.016908545,0.6466025,0.0019138472,0.22431988,0.024152605,0.098091915,0.008513401
375316653866487564,4076127854593836800,0.5376416,2300.498264869713,1.0819148252362547,1.7735707E-5,14.365435,0.037256975,0.26418778,0.009866219,0.0966272,0.03150802,0.08512556,0.03592677,0.7659806,0.004703639,0.10948094,0.058412187,0.060414154,0.031295974,null,null,null,null,"TWOGAUSSIANS",8,6.070699,0.26418778,0.009879231,0.4,0.0,0.07785704,0.024973428,0.7659806,0.0046970393,0.4,0.0,0.053142317,0.0051829545
375316653866487564,4076127957673038720,0.6455096,2266.678272732581,1.6794870071801282,1.2708522E-5,17.076443,0.0059879157,0.30531335,0.0063314647,0.10019231,0.0073316502,0.14291416,0.0061129793,0.7902127,0.002540514,0.07887659,0.0028927547,0.32609028,0.009367381,null,null,null,null,"TWOGAUSSIANS",8,2.4302213,0.7902127,0.002540514,0.4,0.0,0.31969586,0.008149741,0.30531335,0.0063314647,0.4,0.0,0.13651831,0.004063099
375316653866487564,4076127992032802048,0.6602598,2282.6890524897744,0.6350157896936096,2.5778393E-6,16.48845,0.00439544,0.3656501,0.012542613,0.10607174,0.007828738,0.12424634,0.016016234,0.75900316,0.0012200898,0.045810845,9.894867E-4,0.43235496,0.006272016,null,null,null,null,"TWOGAUSSIANS",8,6.501262,0.75900316,0.0012200898,0.25654075,0.005541126,0.43237185,0.0063243005,0.3656501,0.012542613,0.4,0.0,0.12413495,0.016023384
375316653866487564,4076128369989868288,0.51837415,2280.7850938152933,1.0638272766761367,3.427629E-5,17.352818,0.008380743,0.09828056,0.013552518,0.050897066,0.018629784,0.042534925,0.010647687,0.7289642,0.0111606335,0.059652284,0.005265704,0.7474683,0.18707211,null,null,null,null,"TWOGAUSSIANS",8,2.1896389,0.7289642,0.0111606335,0.33405277,0.029487941,0.7474683,0.18707213,0.09828056,0.013552518,0.28502357,0.10432679,0.042534895,0.010647564
375316653866487564,4076128443049836416,0.5291321,2322.0101653706984,4.96529706857041,1.1096325E-4,17.660913,0.011715232,0.43456334,0.062260408,0.04505925,0.030791987,0.27493998,0.1366322,0.7711155,0.02264948,0.055874806,0.022708125,0.4766713,1.3680341,null,null,null,null,"TWOGAUSSIANS",8,14.06793,0.7711155,0.02264948,0.3128989,0.1271655,0.4766713,1.3680341,0.43456334,0.062260408,0.2523318,0.17243513,0.27493998,0.13663019
375316653866487564,4076128614848585600,0.5296496,2199.223297767903,2.0181855421199395,1.30100925E-5,17.89746,0.004010457,0.2733955,0.04642904,0.061710916,0.026420504,0.124399826,0.08391369,0.5781894,0.023856753,0.034271587,0.014101947,0.27570164,0.61990774,null,null,null,null,"TWOGAUSSIANS",8,0.9706012,0.5781894,0.023856753,0.19192089,0.0789709,0.27570227,0.61990726,0.2733955,0.04642904,0.34558114,0.14795482,0.124399826,0.08391369
375316653866487564,4076128644903901568,0.49081588,2261.9592805850366,0.5264360655401545,6.169472E-5,18.855522,0.051655337,0.16447884,0.012561531,0.12452457,0.021457607,0.3005336,0.049065147,0.83772457,0.076997995,0.048844486,0.066009484,0.1812425,0.05530744,null,null,null,null,"TWOGAUSSIANS",8,4.309334,0.16447884,0.012203305,0.4,0.0,0.30023682,0.03917895,0.84053457,0.07768197,0.27352914,0.16311839,0.19084008,0.044046942
375316653866487564,4076128649208416000,0.4372835,2236.967073770586,0.6154369980762202,1.6489297E-5,18.856613,0.0119028045,0.2714058,0.008123828,0.05246151,0.010811742,0.13374925,0.016439306,0.6758504,0.03629881,0.07104921,0.030523572,0.068388894,0.02860121,null,null,null,null,"TWOGAUSSIANS",8,4.6642385,0.2714058,0.008123828,0.29378444,0.060545757,0.13374765,0.016434388,0.6758504,0.03629881,0.39787558,0.14597137,0.0683873,0.028600719
375316653866487564,4076128683568356608,0.51906633,2277.463375238258,3.350127428986567,7.028677E-5,18.99774,0.025360564,0.34101412,0.007209825,0.076137215,0.0075958646,0.3928218,0.02410645,0.82529664,0.014348494,0.080464065,0.016190851,0.35737765,0.07302597,null,null,null,null,"TWOGAUSSIANS",8,3.8536804,0.34101412,0.007209825,0.4,0.0049600196,0.38951907,0.019844076,0.82529664,0.014348494,0.4,0.0,0.35407493,0.07332607
375316653866487564,4076128683632022912,0.46943977,2218.1033050198403,0.391897686818492,7.4810254E-5,19.318085,0.04965162,0.46454868,0.036512207,0.07412508,0.12170742,0.55759335,0.29005772,0.92641175,0.0014915357,0.016177297,0.0027809567,0.10342441,0.021222454,null,null,null,null,"TWOGAUSSIANS",8,5.7415853,0.46454868,0.036512207,0.4,0.0,0.5575933,0.31342945,0.92641175,0.0014915357,0.09059287,0.015573358,0.10342439,0.027413674
375316653866487564,4076129027165563648,0.5247488,2250.0358181656143,2.1991081802207137,1.8164077E-5,18.233984,0.22308439,0.22543968,0.0056829327,0.11296708,0.031117225,0.51523876,0.21289858,0.736215,0.023086447,0.09287888,0.04544202,0.4935644,0.22128862,null,null,null,null,"TWOGAUSSIANS",8,11.081115,0.22543968,0.005548302,0.4,0.0,0.4689656,0.03244253,0.73623496,0.02310696,0.4,0.0,0.44735295,0.050567318
375316653866487564,4076129095885131904,0.45715877,2214.215519422562,3.6671069725006427,9.3158924E-5,18.336931,0.004821427,0.49625042,0.012750489,0.109153375,0.021371618,0.11491958,0.01634449,0.8317097,0.030169636,0.059031542,0.026300155,0.051059272,0.07192799,null,null,null,null,"TWOGAUSSIANS",8,2.0351677,0.49625042,0.012750867,0.4,0.0,0.11485215,0.016395073,0.8317097,0.030169636,0.33057663,0.14728087,0.05201377,0.07228933
375316653866487564,4076129130308646912,0.50738615,2267.8968324962034,0.7635574763019982,2.1291002E-5,18.919565,0.022414336,0.23829624,0.008291195,0.09110517,0.015587224,0.317102,0.07430881,0.6720833,0.004762516,0.08124657,0.011798736,0.32184523,0.031364523,null,null,null,null,"TWOGAUSSIANS",8,2.411704,0.6720833,0.004762516,0.4,0.0,0.3189592,0.030427022,0.23829624,0.008290393,0.4,0.0,0.31421238,0.07579074
375316653866487564,4076129164604449024,0.4575559,2272.600315220032,0.8432777658634323,4.9202838E-5,19.075953,0.049585123,0.26424846,0.029603936,0.04142759,0.05861533,1.081503,0.69684714,0.75953645,0.018979672,0.06860509,0.024727067,0.830817,0.36570346,null,null,null,null,"TWOGAUSSIANS",8,31.119175,0.26424846,0.029603936,0.2319945,0.21928647,1.0814551,0.71022,0.75953645,0.018979672,0.38418847,0.06053537,0.83076906,0.36713535
375316653866487564,4076129439545902592,0.45168176,2245.2596124115908,0.1854036738225126,1.7765127E-5,18.678804,0.19966033,0.2890293,0.007768974,0.12716188,0.035160813,0.47318456,0.1687636,0.76382315,0.030582456,0.13393946,0.059257373,0.39367503,0.18789274,null,null,null,null,"TWOGAUSSIANS",8,2.2667782,0.2895293,0.006780472,0.4,0.0,0.36051548,0.049871687,0.76382315,0.030582456,0.4,0.0,0.2806246,0.06432739
375316653866487564,4076129542625209216,0.5135657,2265.7082815700364,0.16675136143184568,5.689299E-5,18.95131,0.015978241,0.37957048,0.0075099454,0.06329998,0.014542648,0.31927624,0.101211324,0.74667895,0.012355157,0.07629407,0.021541258,0.3117462,0.33430544,null,null,null,null,"TWOGAUSSIANS",8,3.0578518,0.37957048,0.007511945,0.35447988,0.077749826,0.3192576,0.10125547,0.74667895,0.012355157,0.4,0.06137427,0.31172463,0.3343525
375316653866487564,4076129783143481600,0.5548828,2320.5910630732956,2.6133573855720047,3.3804718E-5,15.408646,0.8871909,0.25102875,0.009195586,0.12727298,0.10681155,0.21328813,0.8320241,0.7735119,0.01767695,0.12614676,0.09271632,0.2124093,0.72141355,null,null,null,null,"TWOGAUSSIANS",8,27.471256,0.25074875,0.0053620897,0.4,0.0,0.16266897,0.026741376,0.7738119,0.016288895,0.4,0.023705427,0.16181986,0.02549717
375316653866487564,4076129920523418752,0.56005853,2309.4655414188514,0.6827479452081324,3.6396377E-5,19.387283,0.010217002,0.25621918,5.242023E-7,0.007988721,1.2453261E-4,0.43646055,0.009813381,0.7530606,0.0027096036,0.022796698,0.007952027,0.50843,0.21694507,null,null,null,null,"TWOGAUSSIANS",8,2.2970657,0.7530606,0.0027096036,0.12766151,0.044531353,0.50843,0.21694507,0.25621918,5.242023E-7,0.044736836,6.973826E-4,0.43646055,0.009813381
375316653866487564,4076130264196001664,0.4913045,2320.0272848963664,0.3018100031382319,3.2951586E-5,19.434305,0.013738814,0.36410072,0.007839854,0.08709403,0.009756612,0.45875394,0.044217903,0.7950643,0.011139071,0.057869267,0.008742341,0.5745431,0.11087935,null,null,null,null,"TWOGAUSSIANS",8,2.2280686,0.7950643,0.011139071,0.3240679,0.048957106,0.57410336,0.11104264,0.36410072,0.007839854,0.4,0.0,0.458312,0.044425398
