Gaia/vari_eclipsing_binary/VariEclipsingBinary_629178-629318.csv
# %ECSV 1.0
# ---
# delimiter: ','
# meta: !!omap
# - RELEASE: Gaia DR3
# - TABLE: vari_eclipsing_binary
# - DESCRIPTION: >
#     This table describes the properties of the eclipsing binaries resulting from the variability analysis. 
# - CITATION: >
#     How to cite and acknowledge Gaia: 
#     https://gea.esac.esa.int/archive/documentation/credits.html 
# - KNOWN_ISSUES: >
#     Known issues: 
#     https://www.cosmos.esa.int/web/gaia-users/known-issues 
# - DOCUMENTATION: >
#     Tutorials and documentation: 
#     https://www.cosmos.esa.int/web/gaia-users/archive 
# datatype:
# - 
#   name: solution_id
#   datatype: int64
#   description: Solution Identifier
#   meta:
#     ucd: meta.version
# - 
#   name: source_id
#   datatype: int64
#   description: Unique source identifier
#   meta:
#     ucd: meta.id;meta.main
# - 
#   name: global_ranking
#   datatype: float32
#   description: Number between 0 (worst) and 1 (best)
#   meta:
#     ucd: stat.param
# - 
#   name: reference_time
#   datatype: float64
#   unit: d
#   description: Reference time used for the geometric model fit
#   meta:
#     ucd: time.epoch
# - 
#   name: frequency
#   datatype: float64
#   unit: d**-1
#   description: Frequency of geometric model of the eclipsing binary light curve
#   meta:
#     ucd: src.orbital
# - 
#   name: frequency_error
#   datatype: float32
#   unit: d**-1
#   description: "Uncertainty of \\texttt{frequency}"
#   meta:
#     ucd: stat.error
# - 
#   name: geom_model_reference_level
#   datatype: float32
#   unit: mag
#   description: Magnitude reference level of geometric model
#   meta:
#     ucd: phot.mag;em.opt
# - 
#   name: geom_model_reference_level_error
#   datatype: float32
#   unit: mag
#   description: "Uncertainty of \\texttt{geomModelReferenceLevel}"
#   meta:
#     ucd: stat.error;phot.mag;em.opt
# - 
#   name: geom_model_gaussian1_phase
#   datatype: float32
#   description: Phase of the Gaussian 1 component
#   meta:
#     ucd: time.phase
# - 
#   name: geom_model_gaussian1_phase_error
#   datatype: float32
#   description: "Uncertainty of \\texttt{geomModelGaussian1Phase}"
#   meta:
#     ucd: stat.error;time.phase
# - 
#   name: geom_model_gaussian1_sigma
#   datatype: float32
#   description: "Standard deviation [phase] of Gaussian 1 component"
#   meta:
#     ucd: stat.stdev
# - 
#   name: geom_model_gaussian1_sigma_error
#   datatype: float32
#   description: "Uncertainty of \\texttt{geomModelGaussian1Sigma}"
#   meta:
#     ucd: stat.error
# - 
#   name: geom_model_gaussian1_depth
#   datatype: float32
#   unit: mag
#   description: Magnitude depth of Gaussian 1 component
#   meta:
#     ucd: src.var.amplitude
# - 
#   name: geom_model_gaussian1_depth_error
#   datatype: float32
#   unit: mag
#   description: "Uncertainty of \\texttt{geomModelGaussian1Depth}"
#   meta:
#     ucd: stat.error;src.var.amplitude
# - 
#   name: geom_model_gaussian2_phase
#   datatype: float32
#   description: Phase of Gaussian 2 component
#   meta:
#     ucd: time.phase
# - 
#   name: geom_model_gaussian2_phase_error
#   datatype: float32
#   description: "Uncertainty of \\texttt{geomModelGaussian2Phase}"
#   meta:
#     ucd: stat.error;time.phase
# - 
#   name: geom_model_gaussian2_sigma
#   datatype: float32
[...]
#   datatype: float32
#   description: "Secondary eclipse: uncertainty of \\texttt{derivedSecondaryEclDuration}"
#   meta:
#     ucd: stat.error;time.duration
# - 
#   name: derived_secondary_ecl_depth
#   datatype: float32
#   unit: mag
#   description: "Secondary eclipse: depth"
#   meta:
#     ucd: src.var.amplitude
# - 
#   name: derived_secondary_ecl_depth_error
#   datatype: float32
#   unit: mag
#   description: "Secondary eclipse: uncertainty of \\texttt{derivedSecondaryEclDepth}"
#   meta:
#     ucd: stat.error;src.var.amplitude
solution_id,source_id,global_ranking,reference_time,frequency,frequency_error,geom_model_reference_level,geom_model_reference_level_error,geom_model_gaussian1_phase,geom_model_gaussian1_phase_error,geom_model_gaussian1_sigma,geom_model_gaussian1_sigma_error,geom_model_gaussian1_depth,geom_model_gaussian1_depth_error,geom_model_gaussian2_phase,geom_model_gaussian2_phase_error,geom_model_gaussian2_sigma,geom_model_gaussian2_sigma_error,geom_model_gaussian2_depth,geom_model_gaussian2_depth_error,geom_model_cosine_half_period_amplitude,geom_model_cosine_half_period_amplitude_error,geom_model_cosine_half_period_phase,geom_model_cosine_half_period_phase_error,model_type,num_model_parameters,reduced_chi2,derived_primary_ecl_phase,derived_primary_ecl_phase_error,derived_primary_ecl_duration,derived_primary_ecl_duration_error,derived_primary_ecl_depth,derived_primary_ecl_depth_error,derived_secondary_ecl_phase,derived_secondary_ecl_phase_error,derived_secondary_ecl_duration,derived_secondary_ecl_duration_error,derived_secondary_ecl_depth,derived_secondary_ecl_depth_error
[from data line 726]
375316653866487564,5535425495441034496,0.6219305,2221.443448682373,4.03148687410019,5.909757E-6,15.609841,0.015848618,0.25993845,0.002453035,0.056383472,0.00764096,0.17483383,0.031605896,0.76648223,0.0014373531,0.053183556,0.005910323,0.2767522,0.030480724,0.08743158,0.018418752,0.76648223,0.0014373531,"TWOGAUSSIANS_WITH_ELLIPSOIDAL_ON_ECLIPSE2",9,27.32531,0.76648223,0.0014373531,0.29782793,0.033097807,0.45160535,0.010402639,0.26124847,0.0019104162,0.31574744,0.042789377,0.3494508,0.01035574
375316653866487564,5535425907758303360,0.49953723,2251.6641223072443,0.2143004991639055,1.2542621E-5,13.4695425,0.0034753093,0.13661669,0.04055537,0.02796799,0.011717685,0.2365542,0.219784,0.66751075,0.0034112846,0.028989058,0.0027688548,0.2115065,0.01636786,null,null,null,null,"TWOGAUSSIANS",8,513.75195,0.13661669,0.04055537,0.15662074,0.06561903,0.2365542,0.219784,0.66751075,0.0034112846,0.16233872,0.015505588,0.2115065,0.01636786
375316653866487564,5535426143977335424,0.5029472,2238.1549270055834,3.4241158465508144,1.7545775E-5,19.70874,0.049302533,0.26024505,0.0075216815,0.08135083,0.017748026,0.40635931,0.05864775,0.76313007,0.006156442,0.0834301,0.014524394,0.5098614,0.040305752,null,null,null,null,"TWOGAUSSIANS",8,2.728104,0.76313007,0.006156442,0.4,0.0,0.5012101,0.0322887,0.26024505,0.0075216815,0.4,0.014797325,0.397708,0.05875529
375316653866487564,5535426796812430592,0.61695504,2234.3735500886437,1.737685601354165,3.7917061E-6,18.964134,0.014581661,0.23353983,0.0015875131,0.0366357,0.004575262,0.92813414,0.14299531,0.73899966,0.012384387,0.036750477,0.011904066,0.1351159,0.035697006,0.074873894,0.019767622,0.23353983,0.0015875131,"TWOGAUSSIANS_WITH_ELLIPSOIDAL_ON_ECLIPSE1",9,2.010483,0.23353983,0.0015875131,0.20515993,0.025621466,1.0778819,0.16898459,0.73899966,0.011883675,0.20580268,0.06666277,0.28468752,0.014279749
375316653866487564,5535429240652186496,0.5502329,2212.3850662165846,0.30403686444828487,2.1251195E-5,18.645342,0.0033270614,0.4623743,1.5294565E-6,0.009756124,5.6648536E-5,0.46089157,0.003200697,0.767832,0.011927928,0.012771013,0.015460917,0.01434457,0.025801457,null,null,null,null,"TWOGAUSSIANS",8,2.211617,0.4623743,1.5294565E-6,0.054634295,3.172318E-4,0.46089157,0.003200697,0.767832,0.011927928,0.071517676,0.08658113,0.01434457,0.025801457
375316653866487564,5535430752481241856,0.61429626,2218.6282805346195,2.977707864105712,4.786602E-6,16.413546,0.008267354,0.16510306,0.0018123068,0.0469356,0.0028497363,0.36651462,0.023019774,0.6588567,0.0021288088,0.05102142,0.0029145163,0.50606185,0.02043029,0.12253876,0.012430295,0.16510306,0.0018123068,"TWOGAUSSIANS_WITH_ELLIPSOIDAL_ON_ECLIPSE1",9,32.032368,0.6594267,0.0018950013,0.28571996,0.01632129,0.7507939,0.016017832,0.16510306,0.0018123068,0.26283935,0.015958523,0.61158985,0.011999972
375316653866487564,5535431847694448640,0.44945908,2228.5846707940655,3.8441775317056397,2.1928945E-5,18.150803,0.0059448783,0.20575292,0.0067676026,0.06959169,0.009628171,0.112763286,0.010937002,0.67653745,0.009866196,0.09112451,0.017718635,0.07498443,0.008908514,null,null,null,null,"TWOGAUSSIANS",8,4.295219,0.20575292,0.0067676026,0.38971347,0.045905136,0.111983806,0.010971326,0.67653745,0.009866196,0.4,0.0,0.07420483,0.009193668
375316653866487564,5535438689576825984,0.5641033,2201.224556393395,2.6881163091723144,7.183053E-6,19.039396,0.012121435,0.31966212,0.0061896746,0.04960745,0.0142229,0.30991176,0.11485738,0.8164341,0.0020681103,0.036359925,0.005956832,0.94769,0.24036098,0.05218819,0.033855952,0.31966212,0.0061896746,"TWOGAUSSIANS_WITH_ELLIPSOIDAL_ON_ECLIPSE1",9,5.702109,0.8164741,0.0020329426,0.20361559,0.03335826,1.0520229,0.25907296,0.31966212,0.0061896746,0.27780172,0.07964824,0.41428718,0.11913839
375316653866487564,5535439239336271232,0.48322716,2226.4673794284145,0.6057293842354339,4.776099E-5,18.321161,0.0022161428,0.4005115,0.004688335,0.018852586,0.0037548516,0.03927547,0.014838457,0.8061147,0.0019449239,0.016478837,0.002247337,0.19333339,0.056705676,null,null,null,null,"TWOGAUSSIANS",8,1.6895765,0.8061147,0.0019449239,0.09228149,0.012585088,0.19333339,0.056705676,0.4005115,0.004688335,0.10557448,0.02102717,0.03927547,0.014838457
375316653866487564,5535442980249585792,0.5376228,2215.5694189137203,3.3738123800162327,1.0383579E-5,19.477118,0.016004382,0.27205133,0.0027471262,0.07040992,0.006319776,0.5491903,0.07213934,0.76825327,0.005755243,0.062431585,0.007507198,0.5287258,0.018423866,null,null,null,null,"TWOGAUSSIANS",8,3.2688487,0.27205133,0.0027471262,0.3942955,0.02736556,0.5483793,0.07258914,0.76825327,0.005755243,0.3496169,0.04204031,0.52791476,0.018409418
375316653866487564,5535443152050274560,0.4326493,2200.023462551432,4.797815977173162,6.42316E-5,17.770916,0.006026016,0.44017208,0.0025361888,0.015837321,0.0064398805,0.046892203,0.025197217,0.6108643,0.010573916,0.027894279,0.016614927,0.071286246,0.029149072,null,null,null,null,"TWOGAUSSIANS",8,8.990908,0.6108643,0.010573916,0.15620796,0.09304359,0.071286246,0.029149072,0.44017208,0.0025361888,0.088689,0.036063332,0.046892207,0.02519722
375316653866487564,5535443495645762560,0.44230095,2227.0370926505816,4.036747864892426,3.4221506E-5,18.962801,0.007870393,0.7829644,0.021743767,0.06817831,0.1489606,0.025521377,null,null,null,null,null,null,null,0.06324388,0.010515115,0.7829644,0.021743767,"ONEGAUSSIAN_WITH_ELLIPSOIDAL",6,6.036028,0.7829644,0.021743767,0.38179854,0.82083386,0.15197852,null,null,null,null,null,null,null
375316653866487564,5535446347504423040,0.5458351,2208.7087459615304,3.2265386077352267,9.1857E-6,18.390272,0.012226877,0.28153637,0.002743683,0.06370711,0.0075127105,0.12931556,0.029052075,0.7581598,0.0028821067,0.034923725,0.0063877073,0.124026075,0.029203784,0.11163361,0.0146293035,0.28153637,0.002743683,"TWOGAUSSIANS_WITH_ELLIPSOIDAL_ON_ECLIPSE1",9,4.4542885,0.28153637,0.002743683,0.35675982,0.04207118,0.3525242,0.012980983,0.76159984,0.0020004841,0.19557287,0.03577116,0.34314942,0.016913217
375316653866487564,5535448168570595712,0.5351992,2222.6041044654976,2.721445243066862,1.3027497E-5,18.906746,0.014722693,0.2306948,0.0055814,0.09554642,0.008683531,0.22635803,0.015236396,0.7191503,0.0044436674,0.095284075,0.009181961,0.25276864,0.014192566,null,null,null,null,"TWOGAUSSIANS",8,2.1293797,0.7191503,0.0044436674,0.4,0.0,0.23960845,0.0127806915,0.2306948,0.0055814,0.4,0.0,0.21319787,0.010452807
375316653866487564,5535450608112262528,0.46076295,2173.9632381419383,2.4425046953194185,5.580813E-5,19.316572,0.0064267307,0.78443056,0.0010228001,0.018850464,0.0019621963,0.57971424,0.027256845,null,null,null,null,null,null,null,null,null,null,"ONEGAUSSIAN",5,5.3581295,0.78443056,0.0010228001,0.105562605,0.010988299,0.57971424,0.0,null,null,null,null,null,null
375316653866487564,5535452055519122944,0.50492007,2205.4269858700636,2.0890268302724198,4.1260937E-5,17.147518,0.0013916005,0.45632082,0.001712153,0.023356808,0.0018103237,0.11340005,0.005897066,null,null,null,null,null,null,null,null,null,null,"ONEGAUSSIAN",5,2.2456417,0.45632082,0.001712153,0.13079813,0.010137812,0.11340005,0.0,null,null,null,null,null,null
375316653866487564,5535455250973732480,0.6556654,2216.101499361977,1.3833009654138917,3.7560512E-6,14.47886,0.004052531,0.26707885,0.0024308627,0.04166672,0.0031619286,0.07570333,0.008877472,0.7656798,6.0944306E-4,0.042927433,0.0011230895,0.35374483,0.0093150195,0.039178196,0.004362107,0.26707885,0.0024308627,"TWOGAUSSIANS_WITH_ELLIPSOIDAL_ON_ECLIPSE1",9,22.48207,0.7657198,5.571334E-4,0.24039362,0.0062893005,0.43209535,0.006679079,0.26707885,0.0024308627,0.23333362,0.0177068,0.1540597,0.005440592
375316653866487564,5535458613932496128,0.5961842,2179.6380056899297,3.0198876224044082,9.590577E-6,18.38206,0.007128962,0.21211755,0.0022508428,0.06985732,0.00293796,0.46787468,0.021528194,0.7092426,0.0024800107,0.06814914,0.004787271,0.56433874,0.04124704,null,null,null,null,"TWOGAUSSIANS",8,5.918247,0.7092426,0.0024800107,0.3816352,0.022272171,0.5629961,0.041893605,0.21211755,0.0022508428,0.391201,0.016452575,0.46653205,0.021607652
375316653866487564,5535462157281178240,0.57943946,2219.2853220255943,2.410888501447907,9.993706E-6,12.971928,0.18299465,0.27568516,0.0018407869,0.18532458,0.0154570555,0.6236974,0.15997164,0.775563,0.0024130105,0.1903032,0.0144878775,0.6363869,0.15995502,null,null,null,null,"TWOGAUSSIANS",8,90.39048,0.775563,0.0024436584,0.4,0.0,0.14935708,0.0041906787,0.27575517,0.0016985119,0.4,0.0,0.1442454,0.0023014662
375316653866487564,5535466383528875904,0.48523158,2227.5401585389322,3.1204699019131246,2.3188402E-5,16.361217,0.005611756,0.17463051,0.01273179,0.018737553,0.015478294,0.09407542,0.07394846,0.6819151,0.01059574,0.017029585,0.017114015,0.51781154,7951325.0,0.055167943,0.007200325,0.6819151,0.01059574,"TWOGAUSSIANS_WITH_ELLIPSOIDAL_ON_ECLIPSE2",9,11.308728,0.6819151,0.01059574,0.09536567,0.09583849,0.6281474,7951325.0,0.1748605,0.010203129,0.1049303,0.086678445,0.20418757,0.08331758
375316653866487564,5535468028500255104,0.56668645,2221.297544536585,3.061537205307792,8.147016E-6,18.530996,0.012317451,0.25166413,0.0033610356,0.08082015,0.0043991553,0.46923763,0.015791066,0.7551204,0.00308516,0.079076305,0.0033735794,0.4757237,0.019717868,null,null,null,null,"TWOGAUSSIANS",8,4.7626114,0.7551204,0.00308516,0.4,0.0,0.4690777,0.018934535,0.25166413,0.0033610356,0.4,0.0,0.46259162,0.0150506245
375316653866487564,5535468685631379200,0.6291025,2213.468186941385,2.655417000155893,2.7307362E-6,16.464115,0.0060137594,0.24600697,0.0013747676,0.049045023,0.0040203203,0.18762146,0.031161144,0.7433698,0.0022081456,0.048856962,0.005243244,0.20166038,0.013579798,0.12562501,0.0068876613,0.24600697,0.0013747676,"TWOGAUSSIANS_WITH_ELLIPSOIDAL_ON_ECLIPSE1",9,11.043987,0.74386984,0.0016872435,0.273599,0.029362166,0.4528538,0.018352192,0.24600697,0.0013747676,0.27465212,0.022513794,0.43887076,0.026814247
375316653866487564,5535472224684381440,0.5849014,2232.0085854913277,2.6712967057334582,1.2869735E-5,16.70916,0.02081762,0.20006162,0.0031143555,0.04538426,0.0070122518,0.3236499,0.047458228,0.6863478,0.004144309,0.055373304,0.005582818,0.36645547,0.046346366,0.11939111,0.027119344,0.20006162,0.0031143555,"TWOGAUSSIANS_WITH_ELLIPSOIDAL_ON_ECLIPSE1",9,37.151196,0.6882078,0.0031935244,0.3100905,0.03126378,0.6037043,0.021409374,0.20006162,0.0031143555,0.25415185,0.03926861,0.5624276,0.023194402
375316653866487564,5535476725809981056,0.63535386,2219.909757062536,0.5057150103018244,5.085103E-6,14.273786,0.001083703,0.21184771,0.012638519,0.02487007,0.003610405,0.50807273,0.28364602,0.6989679,0.0033798262,0.019241603,0.0023951544,0.21061602,0.028754212,null,null,null,null,"TWOGAUSSIANS",8,13.82877,0.21184771,0.012638519,0.13927239,0.020218266,0.50807273,0.28364602,0.6989679,0.0033798262,0.10775298,0.013412865,0.21061602,0.028754212
375316653866487564,5535477511788125952,0.5068024,2208.369683485093,0.6391234561524138,4.902285E-5,17.93759,0.0031801169,0.1863118,0.015666664,0.012118483,0.006299909,0.47591627,0.3960934,0.86230016,0.0098997215,0.023905918,0.004697394,0.29985398,0.12059747,0.0092601,0.0050297217,0.1863118,0.015666664,"TWOGAUSSIANS_WITH_ELLIPSOIDAL_ON_ECLIPSE1",9,5.558502,0.1863118,0.015666664,0.0678635,0.035279494,0.49443647,0.395772,0.86230016,0.0098997215,0.13387315,0.026305407,0.3035785,0.12010423
375316653866487564,5535478924833356160,0.6003063,2218.4006014652855,1.6634631402348135,7.9769725E-6,14.945576,0.0104594985,0.21973301,0.0025874074,0.1102585,0.0071876813,0.18543456,0.009278913,0.71818936,0.0018484415,0.10205433,0.0042522224,0.25458133,0.01020979,null,null,null,null,"TWOGAUSSIANS",8,21.020546,0.71818936,0.0018484415,0.4,0.0,0.2282031,0.00432836,0.21973301,0.0025874074,0.4,0.0,0.15904674,0.0031451732
375316653866487564,5535480432365874816,0.56717074,2208.0032354700706,3.147923329972521,1.1787495E-5,18.780893,0.010635876,0.2801951,0.0028317578,0.075187646,0.0036467414,0.3259632,0.013889393,0.7647958,0.0068407026,0.08152147,0.0069949087,0.31821573,0.01616397,null,null,null,null,"TWOGAUSSIANS",8,2.5838351,0.2801951,0.0028317578,0.4,0.0,0.32308188,0.012781194,0.7647958,0.0068407026,0.4,0.0,0.3153344,0.0141053945
375316653866487564,5535480745899516544,0.56486595,2227.955020747381,0.0958407616969503,8.009552E-6,16.595387,0.0027956082,0.5928779,1.6529935E-4,0.0038579416,1.4198745E-4,0.39655522,0.008161414,0.79259336,0.019740835,0.012732867,0.01289584,0.047045592,0.042257298,0.0029092892,0.0035466605,0.5928779,1.6529935E-4,"TWOGAUSSIANS_WITH_ELLIPSOIDAL_ON_ECLIPSE1",9,19.77639,0.5928779,1.6529935E-4,0.021604473,7.951297E-4,0.40237376,0.009126593,0.79259336,0.019740835,0.07130406,0.072216704,0.047607295,0.042737775
375316653866487564,5535485895561899520,0.6059337,2215.9640418192757,0.6236694167950647,1.0591817E-5,11.748014,0.0011379386,0.20690383,0.03725431,0.012430292,0.020183623,0.025644897,0.036230113,0.7177346,0.0010296453,0.01731627,0.0010677461,0.27259773,0.030972868,0.0039747776,0.0017693944,0.20690383,0.03725431,"TWOGAUSSIANS_WITH_ELLIPSOIDAL_ON_ECLIPSE1",9,80.38575,0.7177346,0.0010291175,0.09697112,0.005979378,0.28051054,0.031292286,0.20690383,0.03725431,0.069609635,0.11302829,0.03359445,0.034894865
375316653866487564,5535487510472130560,0.5893785,2231.3358835300282,3.6225750587565124,5.4064026E-6,17.297245,0.011717159,0.3136354,0.0031244468,0.077827685,0.005464953,0.41760632,0.03104957,0.8166322,0.0020346593,0.0800624,0.0035831453,0.3642755,0.011743062,null,null,null,null,"TWOGAUSSIANS",8,8.543295,0.3136354,0.0031244468,0.4,0.0,0.41273427,0.032234218,0.8166322,0.0020346593,0.4,0.0,0.3594034,0.010243172
375316653866487564,5535488335105868928,0.4916386,2235.3806608421855,1.8377776797610483,3.9738658E-5,18.578682,0.005228907,0.32109183,0.013165995,0.027799807,0.0130031295,0.12934585,0.010146297,0.8378843,0.0032789924,0.033296905,0.0025366603,0.44653353,0.0397886,null,null,null,null,"TWOGAUSSIANS",8,7.8706574,0.8378843,0.0032789924,0.18646267,0.014205297,0.44653353,0.0397886,0.32109183,0.013165995,0.15567893,0.07281753,0.12934585,0.010146297
375316653866487564,5535489881289089024,0.520283,2186.8090406166325,2.379045777227401,1.27427875E-5,10.391342,0.009295742,0.19973823,0.003262204,0.047868647,0.01645563,0.06967567,0.020880552,0.7096297,0.014590242,0.05703699,0.014547674,0.10521733,0.022246778,0.116291754,0.013541714,0.19973823,0.003262204,"TWOGAUSSIANS_WITH_ELLIPSOIDAL_ON_ECLIPSE1",9,309.87344,0.7096297,0.013707581,0.31940714,0.08146697,0.33689958,0.013211668,0.19973823,0.003262204,0.26806444,0.09215152,0.30225512,0.02589935
375316653866487564,5535490091751577216,0.65579665,2196.11632108476,1.4464033534972376,2.551215E-6,14.307579,0.02763384,0.30201533,0.0015878292,0.05552162,0.025485061,0.06444265,0.05314282,0.79600376,0.0037337383,0.05904315,0.024774663,0.06945392,0.05231676,0.11391162,0.029428478,0.30201533,0.0015878292,"TWOGAUSSIANS_WITH_ELLIPSOIDAL_ON_ECLIPSE1",9,29.39877,0.79885375,0.0017907487,0.33064163,0.1095959,0.2970981,0.009552717,0.30201533,0.0015878292,0.31092107,0.12391877,0.2922576,0.010304861
375316653866487564,5535490297909983616,0.53704184,2222.2123648522406,1.4590370997604585,6.700888E-5,18.796453,0.004330594,0.28970164,0.007028607,0.049781315,0.004872817,0.3222234,0.011347255,0.8058447,0.004818273,0.058903486,0.0065094847,0.077138565,0.006085701,null,null,null,null,"TWOGAUSSIANS",8,1.9997296,0.28970164,0.007028607,0.27877536,0.027287774,0.32221973,0.01134663,0.8058447,0.004818273,0.32985952,0.036453113,0.07713487,0.0060846717
375316653866487564,5535490400989200000,0.48579943,2229.31544615779,2.5117148626863965,2.3733084E-5,18.32538,0.046049904,0.14659195,0.0062034754,0.11293487,0.023289187,0.116503395,0.043742318,0.6393594,0.005670205,0.12779856,0.027994704,0.17582418,0.040525142,null,null,null,null,"TWOGAUSSIANS",8,2.2846377,0.6393594,0.005670205,0.4,0.0,0.14449885,0.011055631,0.14671195,0.006161629,0.4,0.0,0.08533539,0.00824409
