Gaia/vari_eclipsing_binary/VariEclipsingBinary_377722-377964.csv
# %ECSV 1.0
# ---
# delimiter: ','
# meta: !!omap
# - RELEASE: Gaia DR3
# - TABLE: vari_eclipsing_binary
# - DESCRIPTION: >
#     This table describes the properties of the eclipsing binaries resulting from the variability analysis. 
# - CITATION: >
#     How to cite and acknowledge Gaia: 
#     https://gea.esac.esa.int/archive/documentation/credits.html 
# - KNOWN_ISSUES: >
#     Known issues: 
#     https://www.cosmos.esa.int/web/gaia-users/known-issues 
# - DOCUMENTATION: >
#     Tutorials and documentation: 
#     https://www.cosmos.esa.int/web/gaia-users/archive 
# datatype:
# - 
#   name: solution_id
#   datatype: int64
#   description: Solution Identifier
#   meta:
#     ucd: meta.version
# - 
#   name: source_id
#   datatype: int64
#   description: Unique source identifier
#   meta:
#     ucd: meta.id;meta.main
# - 
#   name: global_ranking
#   datatype: float32
#   description: Number between 0 (worst) and 1 (best)
#   meta:
#     ucd: stat.param
# - 
#   name: reference_time
#   datatype: float64
#   unit: d
#   description: Reference time used for the geometric model fit
#   meta:
#     ucd: time.epoch
# - 
#   name: frequency
#   datatype: float64
#   unit: d**-1
#   description: Frequency of geometric model of the eclipsing binary light curve
#   meta:
#     ucd: src.orbital
# - 
#   name: frequency_error
#   datatype: float32
#   unit: d**-1
#   description: "Uncertainty of \\texttt{frequency}"
#   meta:
#     ucd: stat.error
# - 
#   name: geom_model_reference_level
#   datatype: float32
#   unit: mag
#   description: Magnitude reference level of geometric model
#   meta:
#     ucd: phot.mag;em.opt
# - 
#   name: geom_model_reference_level_error
#   datatype: float32
#   unit: mag
#   description: "Uncertainty of \\texttt{geomModelReferenceLevel}"
#   meta:
#     ucd: stat.error;phot.mag;em.opt
# - 
#   name: geom_model_gaussian1_phase
#   datatype: float32
#   description: Phase of the Gaussian 1 component
#   meta:
#     ucd: time.phase
# - 
#   name: geom_model_gaussian1_phase_error
#   datatype: float32
#   description: "Uncertainty of \\texttt{geomModelGaussian1Phase}"
#   meta:
#     ucd: stat.error;time.phase
# - 
#   name: geom_model_gaussian1_sigma
#   datatype: float32
#   description: "Standard deviation [phase] of Gaussian 1 component"
#   meta:
#     ucd: stat.stdev
# - 
#   name: geom_model_gaussian1_sigma_error
#   datatype: float32
#   description: "Uncertainty of \\texttt{geomModelGaussian1Sigma}"
#   meta:
#     ucd: stat.error
# - 
#   name: geom_model_gaussian1_depth
#   datatype: float32
#   unit: mag
#   description: Magnitude depth of Gaussian 1 component
#   meta:
#     ucd: src.var.amplitude
# - 
#   name: geom_model_gaussian1_depth_error
#   datatype: float32
#   unit: mag
#   description: "Uncertainty of \\texttt{geomModelGaussian1Depth}"
#   meta:
#     ucd: stat.error;src.var.amplitude
# - 
#   name: geom_model_gaussian2_phase
#   datatype: float32
#   description: Phase of Gaussian 2 component
#   meta:
#     ucd: time.phase
# - 
#   name: geom_model_gaussian2_phase_error
#   datatype: float32
#   description: "Uncertainty of \\texttt{geomModelGaussian2Phase}"
#   meta:
#     ucd: stat.error;time.phase
# - 
#   name: geom_model_gaussian2_sigma
#   datatype: float32
[...]
#   datatype: float32
#   description: "Secondary eclipse: uncertainty of \\texttt{derivedSecondaryEclDuration}"
#   meta:
#     ucd: stat.error;time.duration
# - 
#   name: derived_secondary_ecl_depth
#   datatype: float32
#   unit: mag
#   description: "Secondary eclipse: depth"
#   meta:
#     ucd: src.var.amplitude
# - 
#   name: derived_secondary_ecl_depth_error
#   datatype: float32
#   unit: mag
#   description: "Secondary eclipse: uncertainty of \\texttt{derivedSecondaryEclDepth}"
#   meta:
#     ucd: stat.error;src.var.amplitude
solution_id,source_id,global_ranking,reference_time,frequency,frequency_error,geom_model_reference_level,geom_model_reference_level_error,geom_model_gaussian1_phase,geom_model_gaussian1_phase_error,geom_model_gaussian1_sigma,geom_model_gaussian1_sigma_error,geom_model_gaussian1_depth,geom_model_gaussian1_depth_error,geom_model_gaussian2_phase,geom_model_gaussian2_phase_error,geom_model_gaussian2_sigma,geom_model_gaussian2_sigma_error,geom_model_gaussian2_depth,geom_model_gaussian2_depth_error,geom_model_cosine_half_period_amplitude,geom_model_cosine_half_period_amplitude_error,geom_model_cosine_half_period_phase,geom_model_cosine_half_period_phase_error,model_type,num_model_parameters,reduced_chi2,derived_primary_ecl_phase,derived_primary_ecl_phase_error,derived_primary_ecl_duration,derived_primary_ecl_duration_error,derived_primary_ecl_depth,derived_primary_ecl_depth_error,derived_secondary_ecl_phase,derived_secondary_ecl_phase_error,derived_secondary_ecl_duration,derived_secondary_ecl_duration_error,derived_secondary_ecl_depth,derived_secondary_ecl_depth_error
[from data line 367]
375316653866487564,3323528951590613504,0.66642946,2279.643934487722,2.9037236874058334,5.373999E-6,16.392569,0.011465429,0.2947501,0.0023246792,0.042139843,0.0056888247,0.26478973,0.03256081,0.78833294,0.0015831161,0.045256846,0.004707661,0.30900353,0.031435955,0.12664111,0.017656429,0.2947501,0.0023246792,"TWOGAUSSIANS_WITH_ELLIPSOIDAL_ON_ECLIPSE1",9,16.792086,0.78908294,0.0012860871,0.25343832,0.026362902,0.5619218,0.03645626,0.2947501,0.0023246792,0.23598312,0.03185742,0.51807135,0.017379517
375316653866487564,3323529535706229504,0.63912004,2241.5772848678857,4.207964862120013,3.9411307E-6,17.551102,0.005811474,0.143169,0.0020626548,0.07117741,0.0056361817,0.4023376,0.073123604,0.6340815,9.336189E-4,0.06874479,0.0029756345,0.3976921,0.010321032,null,null,null,null,"TWOGAUSSIANS",8,3.4699194,0.143169,0.0020626548,0.3985935,0.008276204,0.4012694,0.07364703,0.6340815,9.336189E-4,0.38497084,0.016663553,0.3966239,0.010514185
375316653866487564,3323530424759806848,0.58397824,2259.949754119098,2.4283279976147885,1.892911E-5,17.699593,0.007673472,0.2969913,0.03877769,0.076946005,0.028218608,0.22966537,0.07778151,0.7927812,0.004394674,0.07136717,0.0065769944,0.25573933,0.015511636,null,null,null,null,"TWOGAUSSIANS",8,2.5165446,0.7927812,0.004394674,0.39965612,0.016473476,0.25424471,0.015551215,0.2969913,0.03877769,0.4,0.12363855,0.22817077,0.07913488
375316653866487564,3323535406923647104,0.5302807,2235.014654245473,3.675445310936044,2.3151008E-5,18.33957,0.017151898,0.26559165,0.009731705,0.084340446,0.013013247,0.27289927,0.02103655,0.76827574,0.011182455,0.09760957,0.017126366,0.22423603,0.019931808,null,null,null,null,"TWOGAUSSIANS",8,3.2619345,0.26559165,0.009731705,0.4,0.0,0.26214162,0.01973078,0.76827574,0.011182455,0.4,0.0,0.21347748,0.017279482
375316653866487564,3323539873689509888,0.574259,2221.2413082699654,2.441384160595525,1.1958217E-5,14.815268,0.013139545,0.29864413,0.010598461,0.06618327,0.015655648,0.16874643,0.053117044,0.80492693,0.003324205,0.034264084,0.0064203334,0.56773573,0.18509252,0.16376603,0.016541045,0.80492693,0.003324205,"TWOGAUSSIANS_WITH_ELLIPSOIDAL_ON_ECLIPSE2",9,234.80746,0.80492693,0.003324205,0.19187887,0.03595387,0.8951725,0.2079501,0.30116412,0.005328702,0.3706263,0.083801754,0.49587786,0.045248922
375316653866487564,3323539908049454848,0.50104547,2206.910278573125,3.2640017561001344,3.015349E-5,17.422789,0.009256289,0.26726905,0.013554433,0.06974208,0.027586676,0.12131563,0.022557463,0.76941967,0.004766242,0.085747816,0.011174274,0.112726845,0.008148634,null,null,null,null,"TWOGAUSSIANS",8,5.6825438,0.26726905,0.013554433,0.39055568,0.10943423,0.12005699,0.024195934,0.76941967,0.004766242,0.4,0.0,0.11146819,0.0057805567
375316653866487564,3323540118505707520,0.5356375,2248.202104271481,0.49751555028546957,8.995682E-5,18.15165,0.004110453,0.1390505,0.08481155,0.05028911,0.024791459,0.23373412,0.21951745,0.4318671,0.032050937,0.074711375,0.021332234,0.025133174,0.01658541,null,null,null,null,"TWOGAUSSIANS",8,2.062448,0.13906051,0.08481639,0.281619,0.136526,0.23374571,0.21956304,0.4318671,0.032050937,0.4,0.074866295,0.02513317,0.016539974
375316653866487564,3323541626036407808,0.6459947,2252.17667838004,1.353810175540214,4.5604165E-6,17.990301,0.005071816,0.16048723,0.0011557149,0.036714524,0.001313908,0.542836,0.020397618,0.6597443,0.0013832172,0.03715741,0.0013576258,0.52017444,0.028109755,0.03533553,0.008442165,0.16048723,0.0011557149,"TWOGAUSSIANS_WITH_ELLIPSOIDAL_ON_ECLIPSE1",9,1.9734039,0.16048723,0.0011557149,0.20560133,0.0073578847,0.6135071,0.017745411,0.65975434,0.0013731099,0.2080815,0.007602704,0.590844,0.028098458
375316653866487564,3323545989721527168,0.6130741,2262.1948326660718,4.016469833039319,9.49504E-6,18.07331,0.012793098,0.2373647,0.003502857,0.05012682,0.006984452,0.36216018,0.046977583,0.7301635,0.008487364,0.05045838,0.0077174916,0.22585854,0.043088168,0.12557518,0.01573396,0.2373647,0.003502857,"TWOGAUSSIANS_WITH_ELLIPSOIDAL_ON_ECLIPSE1",9,6.7975254,0.2373647,0.003502857,0.2807102,0.03911293,0.6133072,0.039798714,0.7314835,0.006895715,0.28256693,0.043217953,0.4765855,0.033754062
375316653866487564,3323549631853883520,0.6166138,2267.615506587151,2.7742528430198887,3.2422358E-6,18.965818,0.0072523435,null,null,null,null,null,null,null,null,null,null,null,null,0.39461532,0.009792718,0.1908905,0.0012560706,"ELLIPSOIDAL",4,1.8654091,null,null,null,null,null,null,null,null,null,null,null,null
375316653866487564,3323552453651647104,0.55423796,2335.7913039047066,0.2303034817831896,2.058248E-5,19.496798,0.018018143,0.2558579,0.014339937,0.06767913,0.009451308,0.615306,0.15435919,0.77690613,0.003752507,0.06604545,0.0047574583,0.59298533,0.015234266,null,null,null,null,"TWOGAUSSIANS",8,3.248933,0.2558579,0.014339937,0.37900314,0.052927323,0.6146959,0.15476088,0.77690613,0.003752507,0.3698545,0.026641767,0.5923752,0.01467561
375316653866487564,3323553789382064384,0.5416147,2199.218221714027,3.600960743810941,3.9872324E-5,19.495573,0.012501697,0.25964034,0.010046761,0.06945138,0.018484185,0.29943871,0.05175259,0.751829,0.015415804,0.08158982,0.020673709,0.33948454,0.04801735,null,null,null,null,"TWOGAUSSIANS",8,1.9354864,0.751829,0.015415804,0.4,0.01831934,0.33724126,0.049602017,0.25964034,0.010046761,0.3889277,0.0821102,0.29719543,0.054405756
375316653866487564,3323554545296323200,0.49189717,2241.0243444088096,3.914488014314092,2.0684898E-5,17.897165,0.01589272,0.2812684,0.008176145,0.080075085,0.013158452,0.19220641,0.01648064,0.78658736,0.006697764,0.076832116,0.010001534,0.23157541,0.020613799,null,null,null,null,"TWOGAUSSIANS",8,8.641573,0.78658736,0.006697764,0.4,0.0,0.22922072,0.019721786,0.2812684,0.008176145,0.4,0.0,0.1898517,0.014660566
375316653866487564,3323554682735309568,0.5715785,2266.0199410446935,3.4864912751178267,1.3276808E-5,18.61336,0.016446592,0.19731973,0.0037383868,0.08247327,0.005599936,0.417388,0.023339499,0.69449013,0.0067791007,0.08118265,0.00652509,0.40633786,0.022551203,null,null,null,null,"TWOGAUSSIANS",8,3.0551443,0.19731973,0.0037383868,0.4,0.0,0.41004482,0.022109495,0.69449013,0.0067791007,0.4,0.0,0.39899468,0.019770656
375316653866487564,3323561142366211968,0.58954966,2225.4776909877487,4.165964939318796,6.075686E-6,18.020473,0.011256672,0.28394112,0.0023638215,0.07260296,0.0031131736,0.44950524,0.014815254,0.7772942,0.01068403,0.073849216,0.010648387,0.51308125,0.12977439,null,null,null,null,"TWOGAUSSIANS",8,4.9497504,0.7772942,0.01068403,0.4,0.0,0.51066107,0.13189133,0.28394112,0.0023638215,0.4,0.003049989,0.44708502,0.014192795
375316653866487564,3323561932640350336,0.51127744,2187.4593918042387,3.766820998996631,2.4214582E-5,17.810673,0.023169167,0.29080576,0.009564834,0.08625025,0.011628973,0.24822989,0.02686107,0.7980977,0.010199545,0.08762836,0.017335502,0.20261492,0.028407972,null,null,null,null,"TWOGAUSSIANS",8,7.4619465,0.29080576,0.009564834,0.4,0.0,0.2418796,0.02133016,0.7980977,0.010199545,0.4,0.0,0.19626461,0.02661879
375316653866487564,3323564750138895104,0.49531138,2253.280714962117,0.2302108541993215,3.0344581E-5,17.915731,0.005007446,0.29611605,0.012614208,0.08469891,0.015341761,0.114079565,0.04163191,0.831141,0.006480718,0.0540783,0.00826824,0.20459016,0.10259562,null,null,null,null,"TWOGAUSSIANS",8,2.3245595,0.831141,0.006480718,0.30283847,0.046302143,0.2044261,0.1027254,0.29611605,0.012614208,0.4,0.0,0.113915466,0.04176759
375316653866487564,3323565025016810240,0.47561866,2312.113668596927,0.8103055660909552,4.211105E-5,17.364428,0.0047883536,0.23627743,0.0171827,0.10143384,0.02411037,0.056584626,0.01470041,0.708596,0.010340593,0.053872265,0.018726852,0.106505476,0.034382634,null,null,null,null,"TWOGAUSSIANS",8,3.590827,0.708596,0.010340593,0.30168468,0.099667355,0.106095195,0.035426136,0.23627743,0.0171827,0.4,0.0,0.05617316,0.015169636
375316653866487564,3323572210501164160,0.52991086,2246.421795576292,3.9843430521441188,1.7775204E-5,19.130466,0.019245505,0.25947225,0.014217,0.06328116,0.014635552,0.47630015,0.059250735,0.75342196,0.0031245742,0.06954923,0.0067224456,0.48087335,0.05390566,null,null,null,null,"TWOGAUSSIANS",8,4.0183444,0.75342196,0.0031245742,0.38947567,0.03435661,0.48019886,0.05437103,0.25947225,0.014217,0.35437453,0.0685901,0.47562566,0.059229054
375316653866487564,3323572794616988032,0.56234854,2296.343208517015,3.4161862868616684,2.6756465E-5,17.419075,0.007655223,0.14053616,0.004319044,0.07567273,0.0059330254,0.40050328,0.04369013,0.6319301,0.0074454853,0.08092911,0.006429569,0.43152788,0.025528453,null,null,null,null,"TWOGAUSSIANS",8,19.969301,0.6319301,0.0074454853,0.4,0.0,0.4272653,0.02564005,0.14053616,0.004319044,0.4,0.0011000391,0.3962407,0.04475693
375316653866487564,3323573305713743872,0.5082375,2302.6053225442465,0.48991999753075044,1.6295414E-4,15.751428,0.005747095,0.27170348,0.037337434,0.04698873,0.05403322,0.5087342,0.44150266,null,null,null,null,null,null,null,null,null,null,"ONEGAUSSIAN",5,117.81898,0.27170348,0.037337434,0.2631369,0.13233805,0.5087342,0.0,null,null,null,null,null,null
375316653866487564,3323577673696040576,0.4666997,2236.9965428387573,3.3297074117943164,7.408399E-5,19.086815,0.10907221,0.14345258,0.031246547,0.08561373,0.027007967,0.1101855,0.093421675,0.7137011,0.015068306,0.15669309,0.05971337,0.200382,0.10603688,null,null,null,null,"TWOGAUSSIANS",8,3.3606856,0.7137011,0.015063677,0.4,0.0,0.18084821,0.028764986,0.13790259,0.025820168,0.4,0.0,0.09578747,0.03469341
375316653866487564,3323578150437063168,0.55310583,2245.9513232144373,4.13729933193968,1.9578714E-5,18.46786,0.08730954,0.2757219,0.0034196626,0.14874248,0.020483457,0.3872026,0.08689267,0.77955854,0.00669755,0.108986065,0.01582944,0.4567524,0.07542491,null,null,null,null,"TWOGAUSSIANS",8,3.8068113,0.77968854,0.006866903,0.4,0.0,0.33922234,0.016879732,0.27571192,0.0034295467,0.4,0.0,0.26696345,0.013143239
375316653866487564,3323582793301352576,0.51853335,2200.6899332831194,1.1959938541711748,3.5118728E-6,19.508942,0.1756432,0.41646785,0.039632715,0.15771559,0.17474374,0.12403842,0.15672073,0.8898949,0.011558159,0.032679852,0.00935215,0.7730385,0.103406735,null,null,null,null,"TWOGAUSSIANS",8,1.1163486,0.8898949,0.011558159,0.18300717,0.052372042,0.76943815,0.11790893,0.41646785,0.039632715,0.4,0.0,0.11859648,0.026506178
375316653866487564,3323583205617001088,0.63816535,2226.686657113012,3.3287376923185388,4.2457577E-6,16.681047,0.00687621,0.26484147,0.0019932732,0.08559924,0.0024805053,0.39592493,0.010247798,0.76590204,0.0019985891,0.08315721,0.002522627,0.42211533,0.009725056,null,null,null,null,"TWOGAUSSIANS",8,9.844352,0.76590204,0.0019985891,0.4,0.0,0.412163,0.009053606,0.26484147,0.0019932732,0.4,0.0,0.38597253,0.00975952
375316653866487564,3323583407477159040,0.51258963,2242.821218261483,4.887398834580798,6.554225E-5,17.984459,0.0027152712,0.38347644,0.001137195,0.015563968,9.664664E-4,0.31355026,0.07807563,0.7522417,0.07627699,0.06621548,0.045819167,0.0144636985,0.0043152,4.133823E-4,0.0033364422,0.38347644,0.001137195,"TWOGAUSSIANS_WITH_ELLIPSOIDAL_ON_ECLIPSE1",9,2.0558023,0.38347644,0.001137195,0.08715822,0.0054122116,0.314377,0.076706536,0.75381166,0.07735403,0.37080666,0.2534123,0.014848793,0.0041354927
375316653866487564,3323585267202510720,0.496361,2295.600950919565,0.12253268952995248,1.0430789E-4,18.123781,0.052023977,0.1758841,0.040388584,0.1439723,0.18684967,0.048742186,0.041124634,0.59798974,0.03008841,0.07644955,0.024619685,0.45672822,0.079521865,null,null,null,null,"TWOGAUSSIANS",8,1.8244374,0.59798974,0.03008841,0.4,0.090453856,0.45174226,0.07259507,0.1758841,0.040389705,0.4,0.31614223,0.043078095,0.042121895
375316653866487564,3323593650977675264,0.549591,2235.6269746659286,3.6707799656735753,2.7404798E-5,16.8377,0.008411093,0.2586303,0.012783979,0.092436135,0.025701785,0.07851382,0.006446856,0.73460656,0.005702344,0.095130086,0.009720166,0.08491891,0.008031445,null,null,null,null,"TWOGAUSSIANS",8,1.863973,0.73460656,0.005702344,0.4,0.0,0.08162073,0.003646685,0.2586303,0.012790949,0.4,0.0,0.07521584,0.00343432
375316653866487564,3323596464182189056,0.5821189,2330.6460717999807,0.02120055507989763,3.6772286E-5,18.433382,0.016207723,0.4043037,0.022093527,0.054559488,0.02157359,0.22169188,0.033970755,0.23539372,0.015305211,0.059196576,0.006066946,0.349292,0.055834588,0.04452253,0.022116812,0.4043037,0.022093527,"TWOGAUSSIANS_WITH_ELLIPSOIDAL_ON_ECLIPSE1",9,2.5010397,0.24188371,0.0036928211,0.33150083,0.033974897,0.37418088,0.020110954,0.40009367,0.02661853,0.30553314,0.09356721,0.31729147,0.015801782
375316653866487564,3323600312469897216,0.49611783,2287.0698883631776,4.175759377805896,3.1218453E-5,19.480247,0.03186431,0.2997698,0.017230755,0.06380921,0.015473453,0.48047543,0.08556874,0.8278969,0.0055801244,0.09392924,0.012106117,0.4070816,0.043166995,null,null,null,null,"TWOGAUSSIANS",8,5.398554,0.2997698,0.017230755,0.35733157,0.08665134,0.4773425,0.086168654,0.8278969,0.0055801244,0.4,0.0,0.40394726,0.04218863
375316653866487564,3323600793506219520,0.45489013,2318.222367823353,2.331359242440068,2.3393844E-5,18.541286,0.005259443,0.2769746,0.005324277,0.017943233,0.020070435,1.4667212,1.7536181,0.713038,0.0069946274,0.029513922,0.011408764,0.10127647,0.04330158,null,null,null,null,"TWOGAUSSIANS",8,2.4467065,0.2769746,0.005324277,0.100482106,0.11239444,1.4667212,1.7536181,0.713038,0.0069946274,0.16527796,0.06388908,0.10127647,0.04330158
375316653866487564,3323603065545902336,0.60670656,2295.943422034853,0.2194052477455351,6.143263E-5,14.848968,0.0040762224,0.3571741,0.0073168613,0.03464115,0.012016887,0.087977655,0.022115119,0.71984035,0.005312428,0.0620221,0.0036206075,0.66226393,0.10341798,null,null,null,null,"TWOGAUSSIANS",8,83.174286,0.71984035,0.005312428,0.34732378,0.020275403,0.66226393,0.10341798,0.3571741,0.0073168613,0.19399044,0.06729457,0.08797768,0.022115136
375316653866487564,3323603507925739136,0.4741915,2308.113557155606,0.35283766065902183,3.2777632E-5,18.675379,0.010386015,0.069962725,0.0068518114,0.0073060445,0.0023012622,1.1342705,1.1396531,0.7332608,0.042600125,0.022907676,0.025560685,0.44779754,6610.879,0.022546029,0.01784404,0.069962725,0.0068518114,"TWOGAUSSIANS_WITH_ELLIPSOIDAL_ON_ECLIPSE1",9,16.284819,0.069962725,0.0068518114,0.04091385,0.012887069,1.1793623,1.1273334,0.7332608,0.042600125,0.12828298,0.14313984,0.4599067,6610.876
375316653866487564,3323604233777153664,0.5877452,2204.0783133092837,2.758988007568529,1.6848871E-5,15.570988,0.0052362145,0.2462774,0.0031331861,0.09507411,0.0051797545,0.16231196,0.00605729,0.749017,0.0019631197,0.08521237,0.003926326,0.17638306,0.0060864137,null,null,null,null,"TWOGAUSSIANS",8,11.260118,0.749017,0.0019631197,0.4,0.0,0.16948149,0.0055835675,0.2462774,0.0031331861,0.4,0.0,0.15541007,0.0055527072
375316653866487564,3323607081338304256,0.49923387,2228.371969637607,0.21310965196618328,2.0820441E-4,18.90873,0.14524657,0.20387533,0.053247493,0.08680254,0.056185555,0.09769139,0.09548366,0.62384135,0.04412572,0.17710656,0.08252254,0.25885883,0.14933951,null,null,null,null,"TWOGAUSSIANS",8,2.0924108,0.62384135,0.04412572,0.4,0.0,0.22651133,0.027100584,0.22269532,0.03970222,0.4,0.17911066,0.0838345,0.098029554
375316653866487564,3323608009051344128,0.5413322,2247.23553422224,2.625663192065056,1.1814308E-5,18.089846,0.018091325,0.2652796,0.0072695506,0.09359519,0.013795179,0.2329503,0.020226117,0.7601601,0.004135092,0.10185973,0.010199345,0.2543512,0.020602917,null,null,null,null,"TWOGAUSSIANS",8,3.1685483,0.7601601,0.004135092,0.4,0.0,0.2370712,0.019575039,0.2652796,0.0072692484,0.4,0.0,0.21567306,0.023636509
