Gaia/vari_eclipsing_binary/VariEclipsingBinary_237016-237137.csv
# %ECSV 1.0
# ---
# delimiter: ','
# meta: !!omap
# - RELEASE: Gaia DR3
# - TABLE: vari_eclipsing_binary
# - DESCRIPTION: >
#     This table describes the properties of the eclipsing binaries resulting from the variability analysis. 
# - CITATION: >
#     How to cite and acknowledge Gaia: 
#     https://gea.esac.esa.int/archive/documentation/credits.html 
# - KNOWN_ISSUES: >
#     Known issues: 
#     https://www.cosmos.esa.int/web/gaia-users/known-issues 
# - DOCUMENTATION: >
#     Tutorials and documentation: 
#     https://www.cosmos.esa.int/web/gaia-users/archive 
# datatype:
# - 
#   name: solution_id
#   datatype: int64
#   description: Solution Identifier
#   meta:
#     ucd: meta.version
# - 
#   name: source_id
#   datatype: int64
#   description: Unique source identifier
#   meta:
#     ucd: meta.id;meta.main
# - 
#   name: global_ranking
#   datatype: float32
#   description: Number between 0 (worst) and 1 (best)
#   meta:
#     ucd: stat.param
# - 
#   name: reference_time
#   datatype: float64
#   unit: d
#   description: Reference time used for the geometric model fit
#   meta:
#     ucd: time.epoch
# - 
#   name: frequency
#   datatype: float64
#   unit: d**-1
#   description: Frequency of geometric model of the eclipsing binary light curve
#   meta:
#     ucd: src.orbital
# - 
#   name: frequency_error
#   datatype: float32
#   unit: d**-1
#   description: "Uncertainty of \\texttt{frequency}"
#   meta:
#     ucd: stat.error
# - 
#   name: geom_model_reference_level
#   datatype: float32
#   unit: mag
#   description: Magnitude reference level of geometric model
#   meta:
#     ucd: phot.mag;em.opt
# - 
#   name: geom_model_reference_level_error
#   datatype: float32
#   unit: mag
#   description: "Uncertainty of \\texttt{geomModelReferenceLevel}"
#   meta:
#     ucd: stat.error;phot.mag;em.opt
# - 
#   name: geom_model_gaussian1_phase
#   datatype: float32
#   description: Phase of the Gaussian 1 component
#   meta:
#     ucd: time.phase
# - 
#   name: geom_model_gaussian1_phase_error
#   datatype: float32
#   description: "Uncertainty of \\texttt{geomModelGaussian1Phase}"
#   meta:
#     ucd: stat.error;time.phase
# - 
#   name: geom_model_gaussian1_sigma
#   datatype: float32
#   description: "Standard deviation [phase] of Gaussian 1 component"
#   meta:
#     ucd: stat.stdev
# - 
#   name: geom_model_gaussian1_sigma_error
#   datatype: float32
#   description: "Uncertainty of \\texttt{geomModelGaussian1Sigma}"
#   meta:
#     ucd: stat.error
# - 
#   name: geom_model_gaussian1_depth
#   datatype: float32
#   unit: mag
#   description: Magnitude depth of Gaussian 1 component
#   meta:
#     ucd: src.var.amplitude
# - 
#   name: geom_model_gaussian1_depth_error
#   datatype: float32
#   unit: mag
#   description: "Uncertainty of \\texttt{geomModelGaussian1Depth}"
#   meta:
#     ucd: stat.error;src.var.amplitude
# - 
#   name: geom_model_gaussian2_phase
#   datatype: float32
#   description: Phase of Gaussian 2 component
#   meta:
#     ucd: time.phase
# - 
#   name: geom_model_gaussian2_phase_error
#   datatype: float32
#   description: "Uncertainty of \\texttt{geomModelGaussian2Phase}"
#   meta:
#     ucd: stat.error;time.phase
# - 
#   name: geom_model_gaussian2_sigma
#   datatype: float32
[...]
#   datatype: float32
#   description: "Secondary eclipse: uncertainty of \\texttt{derivedSecondaryEclDuration}"
#   meta:
#     ucd: stat.error;time.duration
# - 
#   name: derived_secondary_ecl_depth
#   datatype: float32
#   unit: mag
#   description: "Secondary eclipse: depth"
#   meta:
#     ucd: src.var.amplitude
# - 
#   name: derived_secondary_ecl_depth_error
#   datatype: float32
#   unit: mag
#   description: "Secondary eclipse: uncertainty of \\texttt{derivedSecondaryEclDepth}"
#   meta:
#     ucd: stat.error;src.var.amplitude
solution_id,source_id,global_ranking,reference_time,frequency,frequency_error,geom_model_reference_level,geom_model_reference_level_error,geom_model_gaussian1_phase,geom_model_gaussian1_phase_error,geom_model_gaussian1_sigma,geom_model_gaussian1_sigma_error,geom_model_gaussian1_depth,geom_model_gaussian1_depth_error,geom_model_gaussian2_phase,geom_model_gaussian2_phase_error,geom_model_gaussian2_sigma,geom_model_gaussian2_sigma_error,geom_model_gaussian2_depth,geom_model_gaussian2_depth_error,geom_model_cosine_half_period_amplitude,geom_model_cosine_half_period_amplitude_error,geom_model_cosine_half_period_phase,geom_model_cosine_half_period_phase_error,model_type,num_model_parameters,reduced_chi2,derived_primary_ecl_phase,derived_primary_ecl_phase_error,derived_primary_ecl_duration,derived_primary_ecl_duration_error,derived_primary_ecl_depth,derived_primary_ecl_depth_error,derived_secondary_ecl_phase,derived_secondary_ecl_phase_error,derived_secondary_ecl_duration,derived_secondary_ecl_duration_error,derived_secondary_ecl_depth,derived_secondary_ecl_depth_error
[from data line 583]
375316653866487564,2085660342556599040,0.6319293,2237.7170427694405,2.5815777604212458,3.4568081E-6,16.519909,0.006208906,0.23678009,6.64483E-4,0.09157961,0.002621174,0.25119177,0.00575105,0.7346618,0.0032564064,0.09932939,0.005835895,0.22905895,0.006371589,null,null,null,null,"TWOGAUSSIANS",8,2.5464046,0.23678009,6.64483E-4,0.4,0.0,0.23614733,0.003852428,0.7346618,0.0032564064,0.4,0.0,0.21401322,0.008351693
375316653866487564,2085661545147152384,0.5628862,2224.7145044966674,0.7522702565158795,2.7410746E-5,18.776638,0.005842888,0.29208666,0.0022689064,0.03705546,0.002316451,1.3302671,0.26982772,0.8026597,0.0064851777,0.04819316,0.008181697,0.14146498,0.017711826,null,null,null,null,"TWOGAUSSIANS",8,4.465596,0.29208666,0.0022689064,0.20751056,0.012972126,1.3302671,0.26982775,0.8026597,0.0064851777,0.2698817,0.0458175,0.14146498,0.017711835
375316653866487564,2085662988256552576,0.5793335,2199.0454253940607,2.5095705368809478,7.2286643E-6,18.34209,0.016860055,0.2132658,0.0016057782,0.05738901,0.0067016184,0.41450232,0.048270524,0.7109134,0.0030448968,0.05366023,0.0050646774,0.3431907,0.03673115,0.08394598,0.020983825,0.2132658,0.0016057782,"TWOGAUSSIANS_WITH_ELLIPSOIDAL_ON_ECLIPSE1",9,5.2504907,0.2132658,0.0016057782,0.32137847,0.037529062,0.58235747,0.057570413,0.71115345,0.0027518787,0.30049726,0.028362194,0.51101285,0.029585788
375316653866487564,2085663748472150656,0.44672197,2253.679938038676,1.846247647923561,3.0298099E-5,17.205467,0.0041252095,0.25717163,0.004788608,0.0073665935,0.0055483584,0.16369478,2.99221586E10,0.6916016,0.0339731,0.06701076,0.03140769,0.04471098,0.047992762,0.042504482,0.0057690786,0.25717163,0.004788608,"TWOGAUSSIANS_WITH_ELLIPSOIDAL_ON_ECLIPSE1",9,17.506924,0.25717163,0.004788608,0.041252922,0.031070806,0.24870296,2.99221586E10,0.71867156,0.0305808,0.37526026,0.16598384,0.12133768,0.043086223
375316653866487564,2085664293926581632,0.65855837,2248.2940266964442,2.955751259143586,6.6271136E-6,17.57266,0.013821446,0.22293063,0.0017444346,0.05185126,0.0038591363,0.3467518,0.028960163,0.7231031,0.0035004837,0.05079383,0.0040782653,0.44874856,0.03218958,0.11658198,0.015719857,0.22293063,0.0017444346,"TWOGAUSSIANS_WITH_ELLIPSOIDAL_ON_ECLIPSE1",9,6.8142066,0.7231031,0.0032535894,0.28444543,0.022838287,0.6819066,0.012155734,0.22293063,0.0017444346,0.29036707,0.021611163,0.57991016,0.013877831
375316653866487564,2085666011913562368,0.56325597,2213.3439447605415,0.9226159485659818,1.9207819E-6,17.740694,0.0020998337,0.08590713,3.7194233E-4,0.0019423882,1.6620889E-4,0.42292902,0.048889387,0.6597964,6.072273E-4,0.022669591,0.015862288,0.019513175,0.006370131,null,null,null,null,"TWOGAUSSIANS",8,2.6270506,0.08590713,3.7194233E-4,0.010877375,9.307698E-4,0.42292902,0.048889387,0.6597964,6.072273E-4,0.12694971,0.08882881,0.019513175,0.006370131
375316653866487564,2085668524475996416,0.5381569,2237.232153798669,0.17696419552575135,2.0211764E-5,17.238453,0.0015311746,0.49350774,0.007717853,0.032125868,0.0025437975,0.5159807,0.0992415,0.8845716,0.03345679,0.048628923,0.022654034,0.009913236,0.0041587222,null,null,null,null,"TWOGAUSSIANS",8,1.6048799,0.49350774,0.007717853,0.17990486,0.014245266,0.5159807,0.0992415,0.8845716,0.03345679,0.27232197,0.12686259,0.009913236,0.0041587222
375316653866487564,2085668554533039232,0.50752026,2213.1508590124795,4.242357925811895,3.0239557E-5,18.715559,0.04818002,0.27404976,0.006592213,0.1147419,0.024766961,0.25035965,0.04196227,0.7829401,0.007587872,0.10750357,0.022697816,0.19074629,0.04599146,null,null,null,null,"TWOGAUSSIANS",8,2.866176,0.27403978,0.0065809167,0.4,0.0,0.21851194,0.011208901,0.7829701,0.0076108016,0.4,0.0,0.15893014,0.020004306
375316653866487564,2085668627555222272,0.54409605,2230.463365303488,3.878375646262813,1.4118146E-5,16.660797,0.08142934,0.20735565,0.0061595608,0.040252697,0.039560802,0.1279665,0.1590357,0.69323766,0.008683931,0.06777636,0.0161063,0.21237609,0.16894636,0.092399925,0.08687094,0.20735565,0.0061595608,"TWOGAUSSIANS_WITH_ELLIPSOIDAL_ON_ECLIPSE1",9,36.136284,0.69661766,0.0050822026,0.37954763,0.051764477,0.39596602,0.035723332,0.20735565,0.0061595608,0.2254151,0.18338141,0.3126603,0.033235133
375316653866487564,2085668932490257152,0.56627434,2240.7073851989394,2.124340365275649,6.2689514E-6,18.750784,0.005572073,0.28157014,0.005541461,0.084636316,0.004799659,0.22396085,0.012593407,0.79463613,0.001547207,0.074854635,0.003045233,0.27359983,0.009114781,null,null,null,null,"TWOGAUSSIANS",8,1.0197197,0.79463613,0.001547207,0.4,0.0,0.2708236,0.009247858,0.28157014,0.005541461,0.4,0.0,0.22118458,0.012441437
375316653866487564,2085669001209781632,0.540415,2224.3007279979693,3.193858343754001,1.395908E-5,18.209959,0.0077397507,0.30486605,0.0028229214,0.08087397,0.0048432588,0.2936035,0.016260386,0.8098423,0.00525416,0.08727335,0.0064439294,0.26274186,0.015119799,null,null,null,null,"TWOGAUSSIANS",8,2.8763638,0.30486605,0.0028229214,0.4,0.0,0.28751177,0.01708711,0.8098423,0.00525416,0.4,0.0,0.2566501,0.01589369
375316653866487564,2085669108591519232,0.6472528,2207.7687051263442,1.5905388971546364,7.1483328E-6,11.700423,0.0030486928,0.19181538,0.0015621614,0.096834846,0.0019753417,0.26642042,0.0054388214,0.69094896,0.0014143835,0.087950006,0.0017526946,0.30390182,0.0059275897,null,null,null,null,"TWOGAUSSIANS",8,103.18238,0.69094896,0.0014143835,0.4,0.0,0.28953195,0.0058054123,0.19181538,0.0015621614,0.4,0.0,0.25204974,0.0053445343
375316653866487564,2085671238895419776,0.6292608,2197.3272966081463,2.920741068998247,5.4881352E-6,18.000399,0.015246748,0.24275762,0.002388031,0.05678658,0.0041371477,0.33815628,0.036980722,0.74026746,0.0019273777,0.05820488,0.004441939,0.30290514,0.03260895,0.09566319,0.019528627,0.24275762,0.002388031,"TWOGAUSSIANS_WITH_ELLIPSOIDAL_ON_ECLIPSE1",9,3.5127344,0.24275762,0.002388031,0.31800485,0.023168027,0.5294365,0.010085214,0.74062747,0.0015115223,0.32594734,0.024874857,0.49414533,0.010884602
375316653866487564,2085673674131727232,0.5091009,2215.044804478687,2.6760392063779976,2.507862E-5,18.783052,0.01103542,0.2574031,0.009871743,0.023060247,0.019342272,0.13380007,7.4845618E11,0.7821217,0.0082064215,0.056860734,0.007999958,0.18421061,0.043099962,0.10954763,0.016262671,0.2574031,0.009871743,"TWOGAUSSIANS_WITH_ELLIPSOIDAL_ON_ECLIPSE1",9,11.671618,0.7821217,0.0082064215,0.3184201,0.04479976,0.3980616,0.03614362,0.2574031,0.009871743,0.12913738,0.10831672,0.35289365,7.4845618E11
375316653866487564,2085674915387363456,0.5643673,2200.8085265697405,2.5080264521524693,9.907127E-6,13.998402,0.013914128,0.2678562,0.0024254434,0.092097566,0.0053590243,0.29261172,0.013575202,0.76279265,0.0035718104,0.09611005,0.009277223,0.30098665,0.011312526,null,null,null,null,"TWOGAUSSIANS",8,236.13371,0.76279265,0.0035718104,0.4,0.0,0.28477862,0.012253348,0.2678562,0.0024254434,0.4,0.0,0.2764043,0.008726581
375316653866487564,2085678076483010048,0.63217497,2246.415912318879,2.0366681750118563,6.393916E-6,15.41769,0.010408683,0.20944951,0.0024659021,0.10632021,0.008446044,0.20967148,0.006416417,0.7099222,0.0011468912,0.097798854,0.004571961,0.22390097,0.008754578,null,null,null,null,"TWOGAUSSIANS",8,9.936534,0.7099222,0.0011468912,0.4,0.0,0.20251809,0.0028739204,0.20944951,0.0024659021,0.4,0.0,0.18828292,0.010319516
375316653866487564,2085679171693509632,0.5266869,2205.045953416256,3.6307909471276076,1.1505622E-5,19.190218,0.012755712,0.2899214,0.0037161964,0.08008751,0.007919654,0.41983172,0.019034883,0.7868649,0.0034719673,0.08040016,0.005715473,0.3699009,0.035705294,null,null,null,null,"TWOGAUSSIANS",8,2.9396064,0.2899214,0.0037161964,0.4,0.0,0.41403887,0.020183038,0.7868649,0.0034719673,0.4,0.0,0.36410806,0.03644496
375316653866487564,2085679931909007360,0.6253254,2225.4574686641345,2.9985981692561863,2.5829926E-5,13.323169,0.005293535,0.115156375,0.032388795,0.03546828,0.017983694,0.012719129,0.010018428,0.33211848,3.1170473E-4,0.021163454,0.0017628991,0.8303574,0.0294964,0.005311181,0.0075492472,0.115156375,0.032388795,"TWOGAUSSIANS_WITH_ELLIPSOIDAL_ON_ECLIPSE1",9,337.3485,0.33211848,3.1170473E-4,0.11851535,0.009872235,0.8308085,0.029825965,0.115156375,0.032388795,0.19862238,0.100708686,0.023341456,0.011720023
375316653866487564,2085683264803866368,0.52566916,2263.5880419884074,2.9689047014513728,1.4681515E-5,16.214117,0.019922422,0.2300771,0.0042012366,0.09533375,0.010702523,0.23701325,0.019128943,0.7285949,0.005477009,0.09171449,0.008653782,0.2519296,0.021945352,null,null,null,null,"TWOGAUSSIANS",8,45.38283,0.7285949,0.005477009,0.4,0.0,0.23850782,0.014967821,0.2300771,0.0042012366,0.4,0.0,0.22359115,0.015595775
375316653866487564,2085684291291069440,0.53872883,2268.284634116462,1.5387592414964775,1.7024578E-5,18.668089,0.0054165176,0.23155656,4.450666E-4,0.02065536,0.001945311,0.0893994,0.0016904145,0.37379575,0.017992713,0.011191542,0.016765192,0.85406405,0.7646429,null,null,null,null,"TWOGAUSSIANS",8,4.4234824,0.37379575,0.017992713,0.06267264,0.09388508,0.85406405,0.7646429,0.23155656,4.450666E-4,0.11567001,0.010893742,0.0893994,0.0016904186
375316653866487564,2085688895496125312,0.5329632,2231.226919638386,0.22598286540259638,6.989416E-5,18.349125,0.0019189072,0.21548927,0.015639007,0.0062917643,0.003159817,0.7896645,8.415512,0.568418,0.054677177,0.118863724,0.048887663,0.02095274,0.00482694,null,null,null,null,"TWOGAUSSIANS",8,1.0943011,0.21548927,0.015639007,0.035233878,0.017694974,0.7899137,8.41563,0.568418,0.054677177,0.4,0.0,0.020946717,0.0048486427
375316653866487564,2085691025799963264,0.6069106,2218.0739017399046,3.3697247345416717,4.709603E-6,18.100878,0.011006517,0.29326358,0.003485784,0.03290034,0.011972352,0.3011114,0.030399961,0.7924799,0.00850431,0.048480187,0.005292509,0.4769132,0.050192486,0.15179925,0.020031605,0.29326358,0.003485784,"TWOGAUSSIANS_WITH_ELLIPSOIDAL_ON_ECLIPSE1",9,6.4690814,0.79255986,0.0076091755,0.27148905,0.02963805,0.78050375,0.041868016,0.29326358,0.003485784,0.1842419,0.067045175,0.60470855,0.023184735
375316653866487564,2085691712994733312,0.65025926,2212.3693824730085,2.7074870451645663,3.4910947E-6,16.512766,0.012527795,0.24659434,0.0012240694,0.050034422,0.0031639452,0.37579742,0.028037386,0.74629265,0.0016386826,0.042861033,0.003958113,0.32189953,0.034917336,0.11788444,0.019513026,0.24659434,0.0012240694,"TWOGAUSSIANS_WITH_ELLIPSOIDAL_ON_ECLIPSE1",9,19.519035,0.24659434,0.0012240694,0.28019276,0.017718092,0.61156476,0.0146189965,0.74632263,0.0014603918,0.2400218,0.022165434,0.5576661,0.020278005
375316653866487564,2085691751659292544,0.54113686,2205.237656266035,2.7500893687226866,1.4251928E-5,17.012379,0.026066972,0.21526921,0.0036897955,0.10311282,0.009997498,0.26515952,0.024881704,0.7179321,0.011500815,0.10567093,0.012978817,0.2603527,0.03490617,null,null,null,null,"TWOGAUSSIANS",8,11.423745,0.21526921,0.0036897955,0.4,0.0,0.23620746,0.009508125,0.7179321,0.011500815,0.4,0.0,0.23139761,0.018026387
375316653866487564,2085692949948256896,0.6381824,2253.9909525749486,0.12368163016057011,1.0930837E-6,13.47597,5.8788655E-4,0.3734764,1.4577787E-8,0.0016611265,2.1819533E-6,10.32631,0.07643515,null,null,null,null,null,null,null,null,null,null,"ONEGAUSSIAN",5,20.95758,0.3734764,1.4577787E-8,0.009302308,1.22189385E-5,10.32631,0.0,null,null,null,null,null,null
375316653866487564,2085695252055309056,0.5156287,2186.4327585773526,1.0647391840104778,5.3810207E-5,17.86941,0.0057683336,0.26388878,0.011129795,0.07650966,0.014949575,0.08339009,0.015652841,0.7554712,8.2815037E-4,0.021892052,0.0011681386,0.6125514,0.05080495,null,null,null,null,"TWOGAUSSIANS",8,11.739586,0.7554712,8.2815037E-4,0.12259549,0.0065415762,0.61255103,0.050804973,0.26388878,0.011129795,0.4,0.0054067415,0.083389744,0.015653826
375316653866487564,2085700994429226880,0.50011104,2183.405247527892,3.2017292676647657,2.969799E-5,18.060022,0.0725709,0.3105354,0.010370635,0.15168433,0.034218974,0.21344833,0.06723209,0.7264977,0.0111070415,0.10892614,0.012084099,0.26486358,0.059277277,null,null,null,null,"TWOGAUSSIANS",8,5.7916455,0.7264977,0.0111070415,0.4,0.0,0.23286434,0.01543206,0.31123543,0.00957586,0.4,0.0,0.17653354,0.013936798
375316653866487564,2085701539882527232,0.552847,2234.2051673166407,0.03251196368600938,3.8663937E-5,17.97763,0.0013258355,0.29504308,0.0017216376,0.0052550244,7.784521E-4,0.02266491,0.0068955803,0.77625847,0.01916307,0.023831522,0.013800229,0.46372786,51.15703,null,null,null,null,"TWOGAUSSIANS",8,1.0904049,0.77625847,0.01916307,0.13345653,0.07728128,0.46372786,51.15703,0.29504308,0.0017216376,0.029428136,0.004359332,0.02266491,0.0068955803
375316653866487564,2085701711683198208,0.47317776,2184.833249451793,3.7876019071633014,4.7469817E-5,19.848803,0.017627934,0.22971146,0.0067221024,0.085030966,0.0130914515,0.32063043,0.040607113,0.7293171,0.009024446,0.080364324,0.0069230753,0.46009678,0.049675263,null,null,null,null,"TWOGAUSSIANS",8,1.6532058,0.7293171,0.009024446,0.4,0.0,0.4522571,0.05076784,0.22971146,0.0067221024,0.4,0.0,0.31279072,0.044873167
375316653866487564,2085702162660507648,0.54377764,2191.491102890073,0.2452790609398595,4.6257624E-6,17.483463,0.0027882783,0.3590553,0.054342896,0.0137700355,0.042799935,0.020461755,0.057449263,0.696754,0.0013022944,0.010424914,0.0011943197,0.23397063,0.03319315,null,null,null,null,"TWOGAUSSIANS",8,3.5589855,0.696754,0.0013022944,0.058379516,0.0066881906,0.23397063,0.03319315,0.3590553,0.054342896,0.0771122,0.23967963,0.020461755,0.057449263
375316653866487564,2085702574977381248,0.4536124,2178.075764539616,0.17026395552772627,1.4804379E-5,19.202703,0.31375116,0.2974355,0.01232941,0.11009288,0.046577767,0.2248341,0.2534864,0.7859198,0.017594468,0.12823828,0.110438846,0.1705358,0.3090765,null,null,null,null,"TWOGAUSSIANS",8,2.120419,0.29752547,0.011922952,0.4,0.0,0.18663855,0.017557263,0.7859198,0.017594468,0.4,0.0,0.13217638,0.026609888
375316653866487564,2085703326590800128,0.57222867,2248.354642702961,2.4869669271894526,7.1961636E-6,18.991894,0.01269239,0.30797094,0.0017030716,0.042985313,0.007680782,0.2556094,0.02989004,0.8045559,0.0036139458,0.04592522,0.008224405,0.22834276,0.033522062,0.18887734,0.01942858,0.30797094,0.0017030716,"TWOGAUSSIANS_WITH_ELLIPSOIDAL_ON_ECLIPSE1",9,2.5570102,0.30797094,0.0017030716,0.24071775,0.04301238,0.6333639,0.026524056,0.8052959,0.0025561575,0.25718123,0.04605667,0.6059609,0.039048176
375316653866487564,2085703635828511232,0.61529994,2224.5394059896325,2.4376217666534905,5.5306864E-6,17.84282,0.0040156953,0.21904704,0.0022372322,0.08190905,0.0032431234,0.38067737,0.012102483,0.72375363,0.0025634076,0.0793804,0.0022065383,0.3885117,0.0119956,null,null,null,null,"TWOGAUSSIANS",8,3.5011995,0.72375363,0.0025634076,0.4,0.0,0.3827626,0.01179186,0.21904704,0.0022372322,0.4,0.0,0.3749283,0.012872025
375316653866487564,2085705182016847104,0.5405396,2226.0350546479744,2.8141654968935788,2.9099296E-5,18.370682,0.013116672,0.22196543,0.004660027,0.0918707,0.008826119,0.21083215,0.01261371,0.71273,0.0073629664,0.095706925,0.010003206,0.19989677,0.01390823,null,null,null,null,"TWOGAUSSIANS",8,2.90921,0.22196543,0.004660027,0.4,0.0,0.20053808,0.0073062726,0.71273,0.0073629664,0.4,0.0,0.18960235,0.0089105405
375316653866487564,2085708209974595840,0.60292464,2224.051343990227,3.7676640258877536,5.521676E-6,14.673216,0.009099141,0.24886478,0.0013591874,0.05447505,0.005613797,0.16625698,0.016701072,0.7494205,0.0030971537,0.053781927,0.005631282,0.12213956,0.019736707,0.08673358,0.010815317,0.24886478,0.0013591874,"TWOGAUSSIANS_WITH_ELLIPSOIDAL_ON_ECLIPSE1",9,63.677605,0.24886478,0.0013591874,0.3050603,0.031437263,0.33971694,0.008889809,0.7494205,0.002899811,0.30117878,0.03153518,0.2955974,0.006204763
