Gaia/vari_eclipsing_binary/VariEclipsingBinary_207376-207396.csv
# %ECSV 1.0
# ---
# delimiter: ','
# meta: !!omap
# - RELEASE: Gaia DR3
# - TABLE: vari_eclipsing_binary
# - DESCRIPTION: >
#     This table describes the properties of the eclipsing binaries resulting from the variability analysis. 
# - CITATION: >
#     How to cite and acknowledge Gaia: 
#     https://gea.esac.esa.int/archive/documentation/credits.html 
# - KNOWN_ISSUES: >
#     Known issues: 
#     https://www.cosmos.esa.int/web/gaia-users/known-issues 
# - DOCUMENTATION: >
#     Tutorials and documentation: 
#     https://www.cosmos.esa.int/web/gaia-users/archive 
# datatype:
# - 
#   name: solution_id
#   datatype: int64
#   description: Solution Identifier
#   meta:
#     ucd: meta.version
# - 
#   name: source_id
#   datatype: int64
#   description: Unique source identifier
#   meta:
#     ucd: meta.id;meta.main
# - 
#   name: global_ranking
#   datatype: float32
#   description: Number between 0 (worst) and 1 (best)
#   meta:
#     ucd: stat.param
# - 
#   name: reference_time
#   datatype: float64
#   unit: d
#   description: Reference time used for the geometric model fit
#   meta:
#     ucd: time.epoch
# - 
#   name: frequency
#   datatype: float64
#   unit: d**-1
#   description: Frequency of geometric model of the eclipsing binary light curve
#   meta:
#     ucd: src.orbital
# - 
#   name: frequency_error
#   datatype: float32
#   unit: d**-1
#   description: "Uncertainty of \\texttt{frequency}"
#   meta:
#     ucd: stat.error
# - 
#   name: geom_model_reference_level
#   datatype: float32
#   unit: mag
#   description: Magnitude reference level of geometric model
#   meta:
#     ucd: phot.mag;em.opt
# - 
#   name: geom_model_reference_level_error
#   datatype: float32
#   unit: mag
#   description: "Uncertainty of \\texttt{geomModelReferenceLevel}"
#   meta:
#     ucd: stat.error;phot.mag;em.opt
# - 
#   name: geom_model_gaussian1_phase
#   datatype: float32
#   description: Phase of the Gaussian 1 component
#   meta:
#     ucd: time.phase
# - 
#   name: geom_model_gaussian1_phase_error
#   datatype: float32
#   description: "Uncertainty of \\texttt{geomModelGaussian1Phase}"
#   meta:
#     ucd: stat.error;time.phase
# - 
#   name: geom_model_gaussian1_sigma
#   datatype: float32
#   description: "Standard deviation [phase] of Gaussian 1 component"
#   meta:
#     ucd: stat.stdev
# - 
#   name: geom_model_gaussian1_sigma_error
#   datatype: float32
#   description: "Uncertainty of \\texttt{geomModelGaussian1Sigma}"
#   meta:
#     ucd: stat.error
# - 
#   name: geom_model_gaussian1_depth
#   datatype: float32
#   unit: mag
#   description: Magnitude depth of Gaussian 1 component
#   meta:
#     ucd: src.var.amplitude
# - 
#   name: geom_model_gaussian1_depth_error
#   datatype: float32
#   unit: mag
#   description: "Uncertainty of \\texttt{geomModelGaussian1Depth}"
#   meta:
#     ucd: stat.error;src.var.amplitude
# - 
#   name: geom_model_gaussian2_phase
#   datatype: float32
#   description: Phase of Gaussian 2 component
#   meta:
#     ucd: time.phase
# - 
#   name: geom_model_gaussian2_phase_error
#   datatype: float32
#   description: "Uncertainty of \\texttt{geomModelGaussian2Phase}"
#   meta:
#     ucd: stat.error;time.phase
# - 
#   name: geom_model_gaussian2_sigma
#   datatype: float32
[...]
#   datatype: float32
#   description: "Secondary eclipse: uncertainty of \\texttt{derivedSecondaryEclDuration}"
#   meta:
#     ucd: stat.error;time.duration
# - 
#   name: derived_secondary_ecl_depth
#   datatype: float32
#   unit: mag
#   description: "Secondary eclipse: depth"
#   meta:
#     ucd: src.var.amplitude
# - 
#   name: derived_secondary_ecl_depth_error
#   datatype: float32
#   unit: mag
#   description: "Secondary eclipse: uncertainty of \\texttt{derivedSecondaryEclDepth}"
#   meta:
#     ucd: stat.error;src.var.amplitude
solution_id,source_id,global_ranking,reference_time,frequency,frequency_error,geom_model_reference_level,geom_model_reference_level_error,geom_model_gaussian1_phase,geom_model_gaussian1_phase_error,geom_model_gaussian1_sigma,geom_model_gaussian1_sigma_error,geom_model_gaussian1_depth,geom_model_gaussian1_depth_error,geom_model_gaussian2_phase,geom_model_gaussian2_phase_error,geom_model_gaussian2_sigma,geom_model_gaussian2_sigma_error,geom_model_gaussian2_depth,geom_model_gaussian2_depth_error,geom_model_cosine_half_period_amplitude,geom_model_cosine_half_period_amplitude_error,geom_model_cosine_half_period_phase,geom_model_cosine_half_period_phase_error,model_type,num_model_parameters,reduced_chi2,derived_primary_ecl_phase,derived_primary_ecl_phase_error,derived_primary_ecl_duration,derived_primary_ecl_duration_error,derived_primary_ecl_depth,derived_primary_ecl_depth_error,derived_secondary_ecl_phase,derived_secondary_ecl_phase_error,derived_secondary_ecl_duration,derived_secondary_ecl_duration_error,derived_secondary_ecl_depth,derived_secondary_ecl_depth_error
[from data line 110]
375316653866487564,1824125868211688192,0.6284809,2170.274355379134,1.1091504164011448,6.1136348E-6,17.931507,0.002652215,0.19604409,9.815283E-4,0.04477104,8.9714053E-4,0.541711,0.009848178,0.70159423,0.0051867296,0.07039017,0.0053530023,0.073209,0.006764527,null,null,null,null,"TWOGAUSSIANS",8,1.7300587,0.19604409,9.815283E-4,0.25071782,0.005023987,0.5416914,0.009846833,0.70159423,0.0051867296,0.39418495,0.026984364,0.073189445,0.006766454
375316653866487564,1824126040033249408,0.5277576,2153.8733691237944,0.3594102436425531,3.907432E-5,18.64479,0.0042093033,0.36620265,3.3419543E-5,0.00844209,2.4687697E-4,1.0199734,0.048889972,0.87163204,0.0018408694,0.013418431,0.0030486307,0.17083272,0.038163073,null,null,null,null,"TWOGAUSSIANS",8,3.9438365,0.36620265,3.3419543E-5,0.047275703,0.001382511,1.0199734,0.048889972,0.87163204,0.0018408694,0.07514322,0.017072331,0.17083272,0.038163073
375316653866487564,1824126731552061568,0.47321248,2164.804761169437,3.708068969645596,3.7243706E-5,18.08995,0.0022643264,0.29039082,5.81206E-4,0.020533143,8.398585E-4,0.15795407,0.0043024,0.51929265,0.027007502,0.029972112,0.014952126,0.028818637,0.014851513,null,null,null,null,"TWOGAUSSIANS",8,1.9198257,0.29039082,5.81206E-4,0.1149856,0.0047032074,0.15795407,0.0043024,0.51929265,0.027007502,0.16784382,0.083731905,0.028818637,0.014851513
375316653866487564,1824126903350776320,0.48982733,2153.750052897149,0.328009408752622,2.191284E-5,18.886488,0.0051813764,0.1495312,0.0066769524,0.013690754,0.016274214,0.31303415,0.19029227,0.8167606,0.007436938,0.0135721965,0.0024857533,0.5395374,0.1962885,null,null,null,null,"TWOGAUSSIANS",8,3.396762,0.8167606,0.007436938,0.076004304,0.013920219,0.5395374,0.1962885,0.1495312,0.0066769524,0.076668225,0.09113559,0.31303415,0.19029227
375316653866487564,1824127006429990528,0.5108388,2137.776100923011,1.1630822592953316,8.25235E-6,18.661505,0.0077347336,0.22376175,0.0017318978,0.019863022,0.0025360154,0.27885905,0.047815017,0.723279,0.0021755209,0.029021807,0.0015138906,0.7484777,0.018764226,null,null,null,null,"TWOGAUSSIANS",8,14.184317,0.723279,0.0021755209,0.16252212,0.008477787,0.7484777,0.018764226,0.22376175,0.0017318978,0.11123293,0.014201687,0.27885905,0.047815017
375316653866487564,1824127006429999360,0.57523227,2172.818726782196,0.513537949451898,5.554568E-6,15.279227,0.0067577627,0.22456317,0.007263756,0.04285118,0.014652706,0.08583852,0.012109226,0.72388613,3.641506E-4,0.02634301,9.615838E-4,0.72239363,0.016547814,0.012054056,0.011413561,0.22456317,0.007263756,"TWOGAUSSIANS_WITH_ELLIPSOIDAL_ON_ECLIPSE1",9,47.04057,0.72388613,3.635875E-4,0.14752086,0.0053848694,0.74650127,0.023193365,0.22456317,0.007263756,0.2399666,0.08205515,0.109946616,0.018512407
375316653866487564,1824127040742431232,0.45481268,2150.268784618483,2.018551369640763,5.4580654E-5,18.641258,0.033162978,0.2710952,0.028509457,0.04120768,0.06483092,0.18692897,0.07911022,0.7492888,0.004315644,0.07824264,0.014036993,0.27148262,0.025030382,null,null,null,null,"TWOGAUSSIANS",8,9.149653,0.7492888,0.004315644,0.4,0.0,0.27144998,0.017791433,0.2710952,0.02851825,0.230763,0.18462819,0.18689634,0.08159786
375316653866487564,1824127345703367424,0.53991055,2176.436655735947,1.2822361915310438,1.5840855E-5,19.770039,0.005959447,0.10612104,0.0033949725,0.042467866,0.0028052193,0.4243983,0.034506734,0.606596,0.0023457878,0.048031576,0.0036110396,0.75277823,0.1032203,null,null,null,null,"TWOGAUSSIANS",8,1.185568,0.606596,0.0023457878,0.26897684,0.020221822,0.75277793,0.10322069,0.10612104,0.0033949725,0.23782004,0.015709227,0.42439806,0.034506883
375316653866487564,1824127418747015552,0.55769897,2189.077030197627,2.1423452190438392,1.1821769E-5,17.124487,0.014797572,0.2927385,0.0033253052,0.10025973,0.008226329,0.22162771,0.013866489,0.79416454,0.004713346,0.09617021,0.012356952,0.14260148,0.014206959,null,null,null,null,"TWOGAUSSIANS",8,5.9862585,0.2927385,0.0033253052,0.4,0.0,0.20794298,0.006694815,0.79416454,0.004713346,0.4,0.0,0.12891811,0.009794836
375316653866487564,1824128170331359104,0.49689493,2173.3559370732473,2.2917288222756445,2.4195337E-5,19.060013,0.029468546,0.2404278,0.007076231,0.113069914,0.019998813,0.19511536,0.025255032,0.7244195,0.0069019804,0.09924335,0.011632734,0.23335084,0.030645806,null,null,null,null,"TWOGAUSSIANS",8,2.1824331,0.7244195,0.0069019804,0.4,0.0,0.21134692,0.013352214,0.2404278,0.0070781084,0.4,0.0,0.17308699,0.0118735675
375316653866487564,1824128380772979712,0.53053916,2162.5967375010127,2.644808491960737,1.5777356E-5,19.658043,0.013935712,0.18370385,0.004281991,0.068376005,0.006800551,0.3597433,0.023087977,0.68948424,0.004533435,0.066714905,0.006285483,0.46362874,0.024352629,null,null,null,null,"TWOGAUSSIANS",8,2.4208078,0.68948424,0.004533435,0.3736035,0.03284251,0.46289197,0.024323735,0.18370385,0.004281991,0.38290563,0.037501134,0.35900652,0.023142686
375316653866487564,1824128994948954752,0.45799235,2168.2871752323254,3.196371255471071,4.96488E-5,17.502222,0.09126153,0.18188712,0.0107972985,0.12557395,0.03004023,0.24966702,0.08483459,0.65443426,0.01777725,0.13134365,0.047767755,0.1661853,0.08445315,null,null,null,null,"TWOGAUSSIANS",8,25.031202,0.18223712,0.010158311,0.4,0.0,0.20108452,0.01891505,0.65443426,0.01777725,0.4,0.0,0.11753951,0.013079313
375316653866487564,1824129475984440960,0.4802131,2155.9477177785056,3.2922591509466894,3.1923442E-5,16.917429,0.009545231,0.23617621,0.009584797,0.044267774,0.022855263,0.042050738,0.024568561,0.6886166,0.014319617,0.054753613,0.015151116,0.05869914,0.01841975,0.045883708,0.012094013,0.23617621,0.009584797,"TWOGAUSSIANS_WITH_ELLIPSOIDAL_ON_ECLIPSE1",9,16.136194,0.70141655,0.011222794,0.30662024,0.08484625,0.14457607,0.006945212,0.23617621,0.009584797,0.24789953,0.12798947,0.133818,0.009174854
375316653866487564,1824129480331216512,0.5595913,2182.207508867584,0.9363503612310754,1.9488529E-5,16.231464,0.0049412283,0.20756635,0.0034153303,0.040099967,0.006079668,0.19110116,0.034183495,0.7086133,0.00366657,0.039512444,0.002815046,0.31154522,0.026745664,0.036505483,0.0073425006,0.20756635,0.0034153303,"TWOGAUSSIANS_WITH_ELLIPSOIDAL_ON_ECLIPSE1",9,28.336494,0.7086133,0.003648275,0.2212697,0.015764259,0.384553,0.02464635,0.20756635,0.0034153303,0.22455981,0.034046143,0.2641121,0.029290505
375316653866487564,1824129583410674816,0.54881126,2127.5855305283744,2.7857805646640275,1.0254545E-5,19.233555,0.015658395,0.30856505,0.0030406744,0.06608841,0.0038580012,0.5850432,0.021015069,0.80649275,0.0036227843,0.0705187,0.0032373983,0.60073686,0.019939696,null,null,null,null,"TWOGAUSSIANS",8,4.2535353,0.80649275,0.0036227843,0.39490473,0.016378159,0.5993541,0.019513847,0.30856505,0.0030406744,0.37009507,0.021604806,0.5836604,0.020798272
375316653866487564,1824130025740552320,0.5492962,2142.7566982839676,1.2482972978092501,1.3786687E-5,18.237745,0.013323259,0.26560667,0.0032465984,0.10503012,0.009465865,0.19880141,0.011478526,0.7732095,0.0039474107,0.09223822,0.00709867,0.23111887,0.014192916,null,null,null,null,"TWOGAUSSIANS",8,2.541555,0.7732095,0.0039471835,0.4,0.0,0.21561415,0.011307944,0.26560667,0.0032465984,0.4,0.0,0.18329187,0.0056021395
375316653866487564,1824130854673889024,0.4720307,2151.5163308247797,2.711402834600179,2.9816225E-5,19.592651,0.006404277,0.27949736,0.004366123,0.058088783,0.0140767135,0.0344305,0.033377312,null,null,null,null,null,null,0.10262302,0.024204249,0.27949736,0.004366123,"ONEGAUSSIAN_WITH_ELLIPSOIDAL",6,3.8117316,0.27949736,0.004366123,0.32529718,0.078829594,0.23967327,0.028789647,null,null,null,null,null,null
375316653866487564,1824131022188586240,0.5414007,2134.369445062196,2.603546569334978,1.0703145E-5,19.173088,0.011401954,0.18253876,0.0036970584,0.0822957,0.004505454,0.36327383,0.015619828,0.66979843,0.002818383,0.07866475,0.0051445854,0.42544526,0.014463342,null,null,null,null,"TWOGAUSSIANS",8,2.6957238,0.66979843,0.002818383,0.4,0.0,0.4205364,0.014332791,0.18253876,0.0036970584,0.4,0.0,0.35836497,0.014977888
375316653866487564,1824132362196735104,0.57497096,2169.886710101243,3.1737136629772214,5.7095244E-6,17.38686,0.007599644,0.28662884,0.0020157848,0.08868176,0.0036078747,0.3200088,0.010796161,0.78643465,0.002233198,0.08286875,0.0031375133,0.36919823,0.011556539,null,null,null,null,"TWOGAUSSIANS",8,7.4937253,0.78643465,0.002233198,0.4,0.0,0.35943496,0.0110706845,0.28662884,0.0020157848,0.4,0.0,0.31024548,0.010558455
375316653866487564,1824132641427369216,0.596329,2143.753901474472,2.5942840373985003,7.982974E-6,16.580984,0.010465562,0.14711055,0.0019394477,0.09704182,0.0038037945,0.35268757,0.010423417,0.6429627,0.002927593,0.10320861,0.005979467,0.3183685,0.010651612,null,null,null,null,"TWOGAUSSIANS",8,12.290051,0.14711055,0.0019394477,0.4,0.0,0.3245935,0.004713299,0.6429627,0.002927593,0.4,0.0,0.2902705,0.011170594
375316653866487564,1824132847598781184,0.62324685,2136.4352235610186,0.5561016562019863,1.5258093E-5,18.404955,0.0021245386,0.5575681,4.944102E-4,0.028973494,4.5625732E-4,0.5660021,0.011713945,0.7464959,0.059430968,0.038619325,0.049426697,0.015022257,0.18446793,null,null,null,null,"TWOGAUSSIANS",8,1.6555762,0.5575681,4.67344E-4,0.16225156,0.002555041,0.5660022,0.011730172,0.7464959,0.059430968,0.21626821,0.27678952,0.015022257,0.18446794
375316653866487564,1824133122463763968,0.47338185,2159.085255699887,0.07556925110734536,3.5398112E-5,17.466135,0.0028496822,0.19769107,8.15644E-4,0.0077679353,0.001181764,0.19504449,0.0068317764,0.66606116,0.014600251,0.023126353,0.010640011,0.018069156,0.01204674,0.020369407,0.004045393,0.19769107,8.15644E-4,"TWOGAUSSIANS_WITH_ELLIPSOIDAL_ON_ECLIPSE1",9,10.8244705,0.19769107,8.15644E-4,0.04350044,0.006617878,0.2357832,0.008776646,0.66877115,0.013249097,0.12950759,0.059584066,0.057353854,0.012016988
375316653866487564,1824134011469431168,0.5008656,2141.0185985180274,1.4377274381188105,4.0013274E-5,18.241562,0.0034607137,0.24548973,0.017582027,0.036119904,0.016642913,0.12573646,0.038167544,0.7262005,0.0041384017,0.048314143,0.005888611,0.27999535,0.014445724,null,null,null,null,"TWOGAUSSIANS",8,5.253451,0.7262005,0.0041384017,0.2705592,0.032976225,0.27999532,0.014445726,0.24548973,0.017582027,0.20227146,0.09320031,0.12573645,0.03816759
375316653866487564,1824134015830068480,0.47939962,2145.1067958101294,2.202402031812424,1.17681724E-4,19.678577,0.020907566,0.20698886,0.007081934,0.06400432,0.009177227,0.47311565,0.027518934,0.7378786,0.018307894,0.06788668,0.019895494,0.24161342,0.031626783,null,null,null,null,"TWOGAUSSIANS",8,5.655131,0.20698886,0.007081934,0.35842416,0.051392466,0.47291356,0.027507676,0.7378786,0.018307894,0.3801654,0.11037116,0.24141133,0.031696487
375316653866487564,1824134015830069376,0.51983494,2138.207493447084,3.0486128049593506,2.547197E-5,18.209532,0.026643837,0.23497845,0.00746573,0.10807284,0.020772984,0.15895331,0.024202181,0.7281167,0.0062545133,0.11072114,0.016614191,0.16803756,0.02499179,null,null,null,null,"TWOGAUSSIANS",8,2.5221972,0.7281167,0.0062545133,0.4,0.0,0.1457031,0.008658437,0.23498845,0.0074707074,0.4,0.0,0.13662441,0.010257273
375316653866487564,1824134496808686208,0.4639043,2143.340510297445,2.533327387552706,1.9485242E-5,18.892895,0.0046713054,0.7238484,0.004735805,0.02629303,0.023431797,0.030130178,268.38644,null,null,null,null,null,null,0.08962014,0.006846113,0.7238484,0.004735805,"ONEGAUSSIAN_WITH_ELLIPSOIDAL",6,5.2287054,0.7238484,0.004735805,0.14724097,0.13121806,0.20937034,268.38318,null,null,null,null,null,null
375316653866487564,1824134904840582400,0.5195675,2135.8484271495313,2.384845160270715,1.1157104E-5,19.10418,0.010493523,0.23238645,0.0027677496,0.074280456,0.0050605144,0.39821792,0.023865119,0.7325938,0.0034082714,0.07564797,0.0048332885,0.40862793,0.03508631,null,null,null,null,"TWOGAUSSIANS",8,3.4482014,0.7325938,0.0034082714,0.4,0.0,0.40553918,0.035518117,0.23238645,0.0027677496,0.4,0.0,0.39512914,0.024486655
375316653866487564,1824135184048708352,0.45463786,2149.4328856397005,2.2091617681356923,4.15275E-5,16.062681,0.008628533,0.24647169,0.014812294,0.020087851,0.06848048,0.043036535,6034.0337,0.7627233,0.03111371,0.010913437,0.021582073,0.22939123,2565.778,0.055770274,0.012256616,0.24647169,0.014812294,"TWOGAUSSIANS_WITH_ELLIPSOIDAL_ON_ECLIPSE1",9,128.29964,0.7627233,0.031004174,0.06111525,0.12085961,0.3397728,2565.778,0.24647169,0.014812294,0.112491965,0.30649033,0.15457708,6034.0425
375316653866487564,1824135424566839680,0.66528296,2154.5641888530463,1.0110221023186825,3.0104807E-6,14.329997,0.0021527177,0.29266965,5.7374936E-4,0.04928378,0.0013796047,0.2522694,0.0051327753,0.7926788,0.00344132,0.03920151,0.0047356994,0.041162744,0.006272313,0.04797798,0.0033202204,0.29266965,5.7374936E-4,"TWOGAUSSIANS_WITH_ELLIPSOIDAL_ON_ECLIPSE1",9,17.932533,0.29266965,5.7374936E-4,0.27598917,0.0077257864,0.34822464,0.004563272,0.7926788,0.0029754983,0.21952845,0.026519915,0.13711798,0.004370618
375316653866487564,1824135596320497024,0.46180394,2139.4566422162866,3.859584576142164,1.9623762E-5,19.772747,0.022621496,0.24322617,0.009631872,0.0765226,0.013741677,0.45364162,0.03433505,0.74556684,0.008083893,0.07036669,0.0073128333,0.6964345,0.09350715,null,null,null,null,"TWOGAUSSIANS",8,6.511699,0.74556684,0.008083893,0.39405346,0.029008346,0.6932307,0.09408903,0.24322617,0.009631872,0.4,0.016494054,0.45043787,0.035280354
375316653866487564,1824135665085012480,0.58530766,2169.306247134226,1.6140650792516706,8.318383E-6,15.975182,0.01246099,0.23974155,0.0021947557,0.10219683,0.0052935444,0.28468916,0.01153561,0.74335945,0.0022548528,0.11436373,0.007311626,0.21917236,0.01060192,null,null,null,null,"TWOGAUSSIANS",8,13.085464,0.23973155,0.0022003679,0.4,0.0,0.25170696,0.007645595,0.74335945,0.0022548528,0.4,0.0,0.18616256,0.007136166
375316653866487564,1824135699444764544,0.6205751,2144.1268799020636,3.25328826919179,8.372107E-6,17.143953,0.0045543043,0.19343211,0.0029682997,0.050696053,0.006164013,0.11182486,0.011321607,0.6903375,0.003246204,0.04022205,0.005472344,0.09938276,0.00932026,0.046456147,0.005418209,0.19343211,0.0029682997,"TWOGAUSSIANS_WITH_ELLIPSOIDAL_ON_ECLIPSE1",9,1.7424719,0.19343211,0.0029682997,0.2838979,0.034518473,0.20473656,0.0064055533,0.69066745,0.0027530552,0.22524346,0.030645126,0.1922631,0.0065321983
375316653866487564,1824135763839525888,0.5950244,2144.622845624815,1.7499316678731702,2.6228667E-5,18.640728,0.0070177065,0.1340631,0.0030415175,0.06503346,0.006330365,0.11264719,0.0097769555,0.6357033,0.0010003487,0.05365931,0.0012501132,0.6264976,0.014466318,null,null,null,null,"TWOGAUSSIANS",8,2.8027182,0.6357033,0.0010003487,0.30049214,0.0070006344,0.62643486,0.014442203,0.1340631,0.0030415175,0.36418736,0.035450045,0.112584434,0.009757451
375316653866487564,1824136725906958336,0.5000351,2159.425650507781,0.8066648563176751,3.6266807E-5,19.422892,0.0070286426,0.25345877,0.0020775571,0.036950115,0.0029115363,0.5132215,0.060034193,0.7590276,0.0059056534,0.039711874,0.0074937055,0.1020092,0.02158776,null,null,null,null,"TWOGAUSSIANS",8,2.487809,0.25345877,0.0020775571,0.20692064,0.016304603,0.5132215,0.060034193,0.7590276,0.0059056534,0.2223865,0.04196475,0.1020092,0.021587761
