Gaia/vari_eclipsing_binary/VariEclipsingBinary_665827-665851.csv
# %ECSV 1.0
# ---
# delimiter: ','
# meta: !!omap
# - RELEASE: Gaia DR3
# - TABLE: vari_eclipsing_binary
# - DESCRIPTION: >
#     This table describes the properties of the eclipsing binaries resulting from the variability analysis. 
# - CITATION: >
#     How to cite and acknowledge Gaia: 
#     https://gea.esac.esa.int/archive/documentation/credits.html 
# - KNOWN_ISSUES: >
#     Known issues: 
#     https://www.cosmos.esa.int/web/gaia-users/known-issues 
# - DOCUMENTATION: >
#     Tutorials and documentation: 
#     https://www.cosmos.esa.int/web/gaia-users/archive 
# datatype:
# - 
#   name: solution_id
#   datatype: int64
#   description: Solution Identifier
#   meta:
#     ucd: meta.version
# - 
#   name: source_id
#   datatype: int64
#   description: Unique source identifier
#   meta:
#     ucd: meta.id;meta.main
# - 
#   name: global_ranking
#   datatype: float32
#   description: Number between 0 (worst) and 1 (best)
#   meta:
#     ucd: stat.param
# - 
#   name: reference_time
#   datatype: float64
#   unit: d
#   description: Reference time used for the geometric model fit
#   meta:
#     ucd: time.epoch
# - 
#   name: frequency
#   datatype: float64
#   unit: d**-1
#   description: Frequency of geometric model of the eclipsing binary light curve
#   meta:
#     ucd: src.orbital
# - 
#   name: frequency_error
#   datatype: float32
#   unit: d**-1
#   description: "Uncertainty of \\texttt{frequency}"
#   meta:
#     ucd: stat.error
# - 
#   name: geom_model_reference_level
#   datatype: float32
#   unit: mag
#   description: Magnitude reference level of geometric model
#   meta:
#     ucd: phot.mag;em.opt
# - 
#   name: geom_model_reference_level_error
#   datatype: float32
#   unit: mag
#   description: "Uncertainty of \\texttt{geomModelReferenceLevel}"
#   meta:
#     ucd: stat.error;phot.mag;em.opt
# - 
#   name: geom_model_gaussian1_phase
#   datatype: float32
#   description: Phase of the Gaussian 1 component
#   meta:
#     ucd: time.phase
# - 
#   name: geom_model_gaussian1_phase_error
#   datatype: float32
#   description: "Uncertainty of \\texttt{geomModelGaussian1Phase}"
#   meta:
#     ucd: stat.error;time.phase
# - 
#   name: geom_model_gaussian1_sigma
#   datatype: float32
#   description: "Standard deviation [phase] of Gaussian 1 component"
#   meta:
#     ucd: stat.stdev
# - 
#   name: geom_model_gaussian1_sigma_error
#   datatype: float32
#   description: "Uncertainty of \\texttt{geomModelGaussian1Sigma}"
#   meta:
#     ucd: stat.error
# - 
#   name: geom_model_gaussian1_depth
#   datatype: float32
#   unit: mag
#   description: Magnitude depth of Gaussian 1 component
#   meta:
#     ucd: src.var.amplitude
# - 
#   name: geom_model_gaussian1_depth_error
#   datatype: float32
#   unit: mag
#   description: "Uncertainty of \\texttt{geomModelGaussian1Depth}"
#   meta:
#     ucd: stat.error;src.var.amplitude
# - 
#   name: geom_model_gaussian2_phase
#   datatype: float32
#   description: Phase of Gaussian 2 component
#   meta:
#     ucd: time.phase
# - 
#   name: geom_model_gaussian2_phase_error
#   datatype: float32
#   description: "Uncertainty of \\texttt{geomModelGaussian2Phase}"
#   meta:
#     ucd: stat.error;time.phase
# - 
#   name: geom_model_gaussian2_sigma
#   datatype: float32
[...]
#   datatype: float32
#   description: "Secondary eclipse: uncertainty of \\texttt{derivedSecondaryEclDuration}"
#   meta:
#     ucd: stat.error;time.duration
# - 
#   name: derived_secondary_ecl_depth
#   datatype: float32
#   unit: mag
#   description: "Secondary eclipse: depth"
#   meta:
#     ucd: src.var.amplitude
# - 
#   name: derived_secondary_ecl_depth_error
#   datatype: float32
#   unit: mag
#   description: "Secondary eclipse: uncertainty of \\texttt{derivedSecondaryEclDepth}"
#   meta:
#     ucd: stat.error;src.var.amplitude
solution_id,source_id,global_ranking,reference_time,frequency,frequency_error,geom_model_reference_level,geom_model_reference_level_error,geom_model_gaussian1_phase,geom_model_gaussian1_phase_error,geom_model_gaussian1_sigma,geom_model_gaussian1_sigma_error,geom_model_gaussian1_depth,geom_model_gaussian1_depth_error,geom_model_gaussian2_phase,geom_model_gaussian2_phase_error,geom_model_gaussian2_sigma,geom_model_gaussian2_sigma_error,geom_model_gaussian2_depth,geom_model_gaussian2_depth_error,geom_model_cosine_half_period_amplitude,geom_model_cosine_half_period_amplitude_error,geom_model_cosine_half_period_phase,geom_model_cosine_half_period_phase_error,model_type,num_model_parameters,reduced_chi2,derived_primary_ecl_phase,derived_primary_ecl_phase_error,derived_primary_ecl_duration,derived_primary_ecl_duration_error,derived_primary_ecl_depth,derived_primary_ecl_depth_error,derived_secondary_ecl_phase,derived_secondary_ecl_phase_error,derived_secondary_ecl_duration,derived_secondary_ecl_duration_error,derived_secondary_ecl_depth,derived_secondary_ecl_depth_error
[from data line 620]
375316653866487564,5856866998317922944,0.43833184,2183.0788993846504,2.944037673109259,4.7295493E-5,19.749224,0.024867803,null,null,null,null,null,null,null,null,null,null,null,null,0.16671096,0.02965366,0.22449693,0.013601502,"ELLIPSOIDAL",4,21.775602,null,null,null,null,null,null,null,null,null,null,null,null
375316653866487564,5856867062723118464,0.4329518,2179.35875903149,0.45662856482414704,3.487629E-5,18.725231,0.028225971,0.20956737,0.014239069,0.14740637,0.0395341,0.14788294,0.024272399,0.7661207,0.0060692807,0.031477615,0.009115276,0.11602698,0.03020576,null,null,null,null,"TWOGAUSSIANS",8,6.0008817,0.20956737,0.014239069,0.4,0.0,0.14599241,0.020108303,0.76637065,0.006147883,0.17627466,0.051045544,0.115861155,0.030479193
375316653866487564,5856867067003741056,0.4602995,2192.89704892848,4.977210615572927,6.1026756E-5,19.404272,0.012984198,0.41369098,0.020866688,0.10567546,0.0143886935,0.28344202,0.027007068,0.67738587,0.020297155,0.05022744,0.024276169,0.13979343,0.061712008,null,null,null,null,"TWOGAUSSIANS",8,6.1020856,0.41369098,0.020877464,0.4,0.0,0.28343287,0.027004305,0.67738587,0.020297155,0.28127366,0.13594654,0.1523839,0.063553505
375316653866487564,5856867170116879360,0.612275,2213.7877494992395,1.190344716268028,6.1935502E-6,14.496493,0.013823121,0.2800846,0.0034133573,0.117283404,0.00806252,0.22662692,0.0137225,0.7806579,0.0012050266,0.10131494,0.004182354,0.29157525,0.012919562,null,null,null,null,"TWOGAUSSIANS",8,45.6024,0.7806579,0.0012050266,0.4,0.0,0.25487676,0.004099963,0.2800846,0.0034133573,0.4,0.0,0.18988015,0.00461261
375316653866487564,5856867513681792128,0.5272147,2232.389552548785,3.4084809545636476,1.3018792E-5,19.773647,0.011551979,0.18048339,0.0048227487,0.0751341,0.0073290025,0.48012716,0.04432873,0.68297565,0.002678766,0.07146357,0.0044829957,0.631748,0.047256205,null,null,null,null,"TWOGAUSSIANS",8,2.8716745,0.68297565,0.002678766,0.4,0.013392004,0.628668,0.047748692,0.18048339,0.0048227487,0.4,0.011575754,0.47704715,0.045618024
375316653866487564,5856867582400507904,0.53977525,2196.792373449011,2.16580230243977,6.7144215E-6,18.908142,0.011368287,0.2020712,0.0023912704,0.05924832,0.004073518,0.3806568,0.019499416,0.70825976,0.0026189531,0.04858793,0.001949339,0.7831598,0.017444827,null,null,null,null,"TWOGAUSSIANS",8,5.28677,0.70825976,0.0026189531,0.2720924,0.010916299,0.7831426,0.017436758,0.2020712,0.0023912704,0.3317906,0.0228117,0.38063967,0.019503247
375316653866487564,5856867887328334080,0.42730132,2250.774747929585,0.8385376837560853,7.4248084E-5,17.699465,0.0063891453,0.16410027,0.008161161,0.06211549,0.012811516,0.093203746,0.020877765,0.6562408,0.025962122,0.08495532,0.03433803,0.06459692,0.012373301,null,null,null,null,"TWOGAUSSIANS",8,9.209774,0.16410027,0.008162487,0.34784675,0.071744494,0.09282209,0.021655079,0.6562408,0.025962122,0.4,9.612275E-4,0.06421526,0.012728674
375316653866487564,5856869128589256192,0.4280698,2216.1146250848014,0.1699166117678672,5.003679E-5,18.68381,0.005366844,0.49911368,0.016842786,0.05905386,0.018161304,0.107117064,0.018985076,0.81813365,0.006504068,0.02340114,0.006806932,0.037627015,0.010234223,null,null,null,null,"TWOGAUSSIANS",8,5.9524775,0.49911368,0.016842786,0.33070162,0.09585135,0.107117064,0.018985076,0.81813365,0.006504068,0.13104638,0.038118817,0.037627064,0.010234782
375316653866487564,5856869575266022016,0.5738793,2191.9890765667615,2.9055716119206707,1.241088E-5,18.553152,0.005196828,0.23184566,0.004185022,0.08252517,0.005595206,0.18141516,0.008058133,0.72214276,0.0026741026,0.082817845,0.003059909,0.2971754,0.0062615396,null,null,null,null,"TWOGAUSSIANS",8,1.6839932,0.72214276,0.0026741026,0.4,0.0,0.29317614,0.005588833,0.23184566,0.004185022,0.4,0.0,0.17741589,0.008074945
375316653866487564,5856869644018214528,0.51333976,2213.889398659539,2.803610726836334,1.6696787E-5,19.451532,0.0126681095,0.2591673,0.007673887,0.072868705,0.010749241,0.22677244,0.026672374,0.76420736,0.007036033,0.08151144,0.007908902,0.27135777,0.015172534,null,null,null,null,"TWOGAUSSIANS",8,2.2778442,0.76420736,0.007036033,0.4,0.0,0.26899648,0.012868083,0.2591673,0.007673887,0.4,0.016832542,0.22441113,0.026987193
375316653866487564,5856869815817191552,0.53353,2255.33728069386,0.638605731653216,7.1066256E-6,17.115402,0.0014901547,0.19569954,0.0015029688,0.029142033,0.0010456246,0.15067323,0.0034167643,0.5298332,0.029766763,0.06909858,0.016104437,0.013534693,0.003568003,null,null,null,null,"TWOGAUSSIANS",8,3.673351,0.19569954,0.0015029688,0.16319539,0.005855498,0.15067334,0.0034167918,0.5298332,0.029766763,0.38695204,0.07461738,0.013534693,0.003568003
375316653866487564,5856869983298717568,0.5711597,2244.6413899290865,2.6397233448116952,1.2135929E-5,18.464958,0.0038715356,0.2362108,0.0017466119,0.07598111,0.0038633042,0.2528291,0.008903468,0.7310669,0.004312991,0.074304946,0.005740309,0.26288414,0.0110113565,null,null,null,null,"TWOGAUSSIANS",8,1.3140872,0.7310669,0.004312991,0.4,0.0,0.26106876,0.01121101,0.2362108,0.0017466119,0.4,0.0,0.25101373,0.0091873165
375316653866487564,5856870228141604096,0.5839562,2244.6483888656185,1.4034303691458496,1.8419089E-5,18.499748,0.0042594573,0.25594535,0.005349348,0.042488247,0.005361393,0.15216748,0.009698821,0.7569851,0.0016028902,0.035916783,0.0015006108,0.92882925,0.05759761,null,null,null,null,"TWOGAUSSIANS",8,3.4845538,0.7569851,0.0016028902,0.20113398,0.00840342,0.92882925,0.05759761,0.25594535,0.005349348,0.23793419,0.030023802,0.15216748,0.009698821
375316653866487564,5856870945336430464,0.5081395,2216.9302685978155,3.3486336580122837,1.3743399E-5,17.832685,0.0037070962,0.11749798,0.0026720266,0.019623768,0.0059585897,0.17933418,0.11837577,0.8482225,6.919316E-4,0.019214427,6.5162586E-4,0.31288368,0.005970302,null,null,null,null,"TWOGAUSSIANS",8,3.9937758,0.8482225,6.919316E-4,0.10760079,0.0036491049,0.31288368,0.005970302,0.11749798,0.0026720266,0.1098931,0.033368103,0.17933418,0.11837577
375316653866487564,5856871873050992768,0.48337162,2227.235624212158,2.9929804031558196,1.8966222E-5,17.8801,0.0028863973,null,null,null,null,null,null,null,null,null,null,null,null,0.06948011,0.0049139303,0.27031186,0.0038192563,"ELLIPSOIDAL",4,5.725574,null,null,null,null,null,null,null,null,null,null,null,null
375316653866487564,5856872049200577024,0.586411,2210.8376959873817,2.0924800771514325,9.404567E-6,17.502436,0.0068853963,0.29322416,0.0031273786,0.078744836,0.0037512064,0.46393716,0.014870488,0.8012234,0.0022184846,0.07717006,0.0035999506,0.18881123,0.006963221,null,null,null,null,"TWOGAUSSIANS",8,5.535902,0.29322416,0.0031273786,0.4,0.0,0.46102184,0.0149627365,0.8012234,0.0022184846,0.4,0.0,0.18589592,0.005993582
375316653866487564,5856872117889666432,0.5712473,2224.5129181698803,3.3565480616855523,7.926121E-6,19.209972,0.009106338,0.23301288,0.0032198299,0.037398368,0.005427286,0.22966795,0.032970365,0.7304862,0.0031941833,0.044430885,0.003390189,0.4501317,0.029891636,0.13820767,0.014376246,0.23301288,0.0032198299,"TWOGAUSSIANS_WITH_ELLIPSOIDAL_ON_ECLIPSE1",9,2.524436,0.7307062,0.0028409243,0.24881296,0.01898506,0.7264834,0.023717945,0.23301288,0.0032198299,0.20943086,0.030392803,0.50608325,0.024369128
375316653866487564,5856872427127376640,0.5689069,2212.0808363230867,2.7234141694596516,7.335623E-6,19.247253,0.008252195,0.28034335,0.0016748459,0.07361976,0.002870425,0.43594,0.024967078,0.78466624,0.003941883,0.07468966,0.0036654705,0.42446557,0.017978858,null,null,null,null,"TWOGAUSSIANS",8,1.7335567,0.28034335,0.0016748459,0.4,0.0,0.43328705,0.02512307,0.78466624,0.003941883,0.4,0.0,0.42181262,0.01769959
375316653866487564,5856872491525050880,0.5797548,2238.4765386368726,0.06271435361903191,1.7485148E-5,18.969055,0.0021417649,0.34277728,7.6984527E-4,0.007605018,6.201805E-4,0.99732447,0.18883455,0.74635863,0.0010373262,0.016207615,8.74346E-4,0.14994225,0.022374738,null,null,null,null,"TWOGAUSSIANS",8,1.2386419,0.34277728,7.6984527E-4,0.0425881,0.0034730108,0.99732447,0.18883455,0.74635863,0.0010373262,0.090762645,0.0048963376,0.14994225,0.022374738
375316653866487564,5856872667644409600,0.5444606,2183.900392414793,2.8111648965831106,1.2538767E-5,17.914925,0.08661635,0.26200348,0.023959506,0.116572164,0.06440858,0.1430101,0.07455187,0.7280279,0.005100288,0.134099,0.02448725,0.38580015,0.079700045,null,null,null,null,"TWOGAUSSIANS",8,8.245059,0.7280279,0.005100288,0.4,0.0,0.33696106,0.014708658,0.26401347,0.02558131,0.4,0.07299919,0.09519755,0.013163327
375316653866487564,5856872942522344960,0.47448036,2178.8093382035304,1.6066013256921123,3.4496654E-5,18.536003,0.0044545652,0.82166666,3.2349984E-4,0.010107317,0.0019441071,0.041000977,0.0020904804,0.49500042,0.0051764557,0.08412018,0.006962705,0.16129611,0.011547014,null,null,null,null,"TWOGAUSSIANS",8,2.4232538,0.49500042,0.0051764557,0.4,0.0,0.1612961,0.011547025,0.82165664,3.3220902E-4,0.056600973,0.010887,0.041086692,0.0020762372
375316653866487564,5856873900306681984,0.66390336,2208.7956527169067,2.715822604754836,6.265841E-6,18.352896,0.009854213,0.24616075,0.0024959373,0.048063036,0.0040562097,0.3482209,0.023193927,0.7406792,0.002125603,0.050372962,0.0032919322,0.3842709,0.020464897,0.12219952,0.010877663,0.24616075,0.0024959373,"TWOGAUSSIANS_WITH_ELLIPSOIDAL_ON_ECLIPSE1",9,1.5394583,0.7412992,0.0018164313,0.28208858,0.01843482,0.6284111,0.009193666,0.24616075,0.0024959373,0.269153,0.022714773,0.5926182,0.00825878
375316653866487564,5856873904626581632,0.4372862,2199.4428145833035,0.22224412865936466,7.5843054E-5,17.854187,0.0043176305,0.25875813,0.029412018,0.03428549,0.04409434,0.11320404,0.091315396,0.8267771,0.008557204,0.036127985,0.0051264875,0.10578789,0.024816763,null,null,null,null,"TWOGAUSSIANS",8,5.532443,0.25875813,0.029412018,0.19199874,0.24692829,0.11320404,0.091315456,0.8267771,0.008557204,0.20231672,0.02870833,0.10578789,0.024816757
375316653866487564,5856874110755075072,0.5525038,2159.355642595367,0.9735766542828537,2.417547E-5,19.392159,0.0035950614,0.26489195,0.007109146,0.051210765,0.0039349073,0.4814095,0.113038756,0.56418616,0.018255541,0.008765074,0.016276797,0.09363684,0.07727457,null,null,null,null,"TWOGAUSSIANS",8,0.39910334,0.26489195,0.007109146,0.28678027,0.02203548,0.4814095,0.113038756,0.56418616,0.018255541,0.049084418,0.09115006,0.093636855,0.077274546
375316653866487564,5856874248223487872,0.5141009,2220.4350246953677,1.346815318856098,1.1454827E-5,16.189472,0.0021769821,0.25928006,0.0041963453,0.044571616,0.041147746,0.08556912,0.052468516,0.76036835,0.015454962,0.021953072,0.012883012,0.012955881,0.0052945777,0.020372698,0.0013766647,0.25928006,0.0041963453,"TWOGAUSSIANS_WITH_ELLIPSOIDAL_ON_ECLIPSE1",9,4.541038,0.25928006,0.0041963453,0.24960105,0.14776514,0.12631442,0.05307937,0.76036835,0.014997466,0.12293721,0.072144866,0.053699274,0.0051559005
375316653866487564,5856874316911551744,0.49479437,2202.324125234841,4.707174910695051,1.3672273E-5,19.181313,0.009688996,0.17665933,0.0043545333,0.08229538,0.0052255318,0.37521076,0.024402544,0.68354774,0.0055607096,0.07559223,0.009182028,0.41546348,0.031612307,null,null,null,null,"TWOGAUSSIANS",8,2.301053,0.68354774,0.0055607096,0.4,0.01439538,0.41091585,0.033973984,0.17665933,0.0043545333,0.4,0.0,0.37066314,0.024990102
375316653866487564,5856874660509012224,0.5117188,2199.886960975062,4.057474331706467,1.0730083E-5,19.512325,0.023157267,0.25023672,0.0031789052,0.06485783,0.005496442,0.42701244,0.06313736,0.77413875,0.005070086,0.050635137,0.0066406815,0.40594536,0.051997464,0.094507985,0.027553393,0.25023672,0.0031789052,"TWOGAUSSIANS_WITH_ELLIPSOIDAL_ON_ECLIPSE1",9,5.2988973,0.25023672,0.0031789052,0.36320385,0.030780073,0.61578107,0.040135488,0.77413875,0.005070086,0.28355676,0.037187815,0.59048283,0.036520053
375316653866487564,5856874969778052480,0.48183778,2202.015963433408,2.843131661400811,1.4807794E-5,19.379295,0.011459143,0.19643226,0.0041748947,0.078631006,0.0061308765,0.34326532,0.022088958,0.68782514,0.0075775404,0.07232698,0.009227119,0.48097396,0.06521913,null,null,null,null,"TWOGAUSSIANS",8,3.6412647,0.68782514,0.0075775404,0.4,0.004233543,0.47821572,0.06746299,0.19643226,0.0041748947,0.4,0.0,0.34050712,0.02226299
375316653866487564,5856875072857284224,0.5475256,2192.674396022646,3.7327273529399223,1.3893205E-5,15.926512,0.014656976,0.24341959,0.0023478062,0.043008637,0.02089163,0.07336148,0.030031504,0.75339013,0.01989187,0.0680281,0.059069715,0.05958067,0.020460544,0.08266918,0.020875558,0.24341959,0.0023478062,"TWOGAUSSIANS_WITH_ELLIPSOIDAL_ON_ECLIPSE1",9,38.520107,0.24341959,0.0023478062,0.24084836,0.11699312,0.23865947,0.01804188,0.75339013,0.01989187,0.38095737,0.31432027,0.22423062,0.034607198
375316653866487564,5856875725692315520,0.47355473,2210.4941582346232,2.574249540155572,2.4774075E-5,15.889789,0.018862298,0.20581815,0.00609105,0.082045265,0.007335607,0.40558994,0.035113648,0.7220058,0.010810899,0.085460104,0.01003843,0.34052467,0.05796261,null,null,null,null,"TWOGAUSSIANS",8,463.1905,0.20581815,0.00609105,0.4,0.0,0.3991641,0.034512073,0.7220058,0.010810899,0.4,0.0,0.33409882,0.059188683
375316653866487564,5856876034930022912,0.61915624,2184.904595393421,3.6290101215850386,5.617199E-6,15.451545,0.01643682,0.16828792,0.0017041101,0.051905233,0.0041257897,0.5066255,0.038185913,0.66119397,0.0014157825,0.04317234,0.002968272,0.4673424,0.042404167,0.11674597,0.024385897,0.16828792,0.0017041101,"TWOGAUSSIANS_WITH_ELLIPSOIDAL_ON_ECLIPSE1",9,77.50741,0.16828792,0.0017041101,0.2906693,0.023104422,0.7401126,0.023684649,0.661684,0.0013050532,0.2417651,0.016622324,0.7003977,0.022557411
375316653866487564,5856876481576604416,0.5392711,2202.5752822382183,2.782072016503897,1.0099994E-5,18.488888,0.008484725,0.17396769,0.005729881,0.02095434,0.011888528,0.14473969,4.790123,0.68065023,0.0023036655,0.043682557,0.004419553,0.5726571,0.05084093,0.087092675,0.017935198,0.68065023,0.0023036655,"TWOGAUSSIANS_WITH_ELLIPSOIDAL_ON_ECLIPSE2",9,12.475858,0.68065023,0.0023036655,0.24462232,0.024749497,0.7468421,0.057824932,0.1742377,0.0055995905,0.117344305,0.06657576,0.31863004,4.7906194
375316653866487564,5856876511616016768,0.45450404,2216.520739727236,0.23452477885852235,7.0282265E-5,16.476799,0.0034643242,0.28168172,0.0041562775,0.04973264,0.0053859297,0.0648005,0.009231085,0.7749332,0.02861186,0.019862002,0.019996675,0.24262604,0.39415255,null,null,null,null,"TWOGAUSSIANS",8,19.876175,0.7749332,0.02861186,0.11122721,0.111981384,0.24262604,0.39415258,0.28168172,0.0041562775,0.2785028,0.030161206,0.0648005,0.009231083
375316653866487564,5856876515966672000,0.65790623,2224.2479121992315,0.36663438055806935,2.507697E-5,16.925964,6.901037E-4,0.7491141,0.0033442716,0.015191598,0.005122585,0.020857854,0.006467636,0.8950111,0.0045463257,0.009115001,0.0034109468,0.4372532,0.08288701,null,null,null,null,"TWOGAUSSIANS",8,1.1311443,0.8950111,0.0045463257,0.05104401,0.019101301,0.4372532,0.08288701,0.7491141,0.0033442716,0.08507295,0.028686477,0.020857854,0.006467636
375316653866487564,5856876889603932416,0.52826786,2218.633364646988,2.4579249959691665,2.1464397E-5,18.14642,0.010740929,0.23774652,0.014532964,0.04477886,0.013108353,0.07095805,0.025638504,0.76825345,0.0041447035,0.030145103,0.008590441,0.11257433,0.023890857,0.11661931,0.015734447,0.76825345,0.0041447035,"TWOGAUSSIANS_WITH_ELLIPSOIDAL_ON_ECLIPSE2",9,11.603472,0.76825345,0.0041447035,0.16881257,0.04810647,0.34581232,0.016768267,0.24830653,0.009320226,0.25076163,0.07340678,0.2986056,0.0145058315
375316653866487564,5856877409288715264,0.4360324,2180.345123106442,1.5229655572651732,4.828028E-5,19.693207,0.01591694,0.22706403,0.02003775,0.075230524,0.018547157,0.10480098,0.02669579,0.6751841,0.013314296,0.065239824,0.022148458,0.30748796,0.09499794,null,null,null,null,"TWOGAUSSIANS",8,3.7597332,0.6751841,0.013314296,0.365343,0.07933638,0.30733657,0.096038125,0.22706403,0.02003775,0.4,0.04084609,0.10464958,0.02649431
