Gaia/vari_eclipsing_binary/VariEclipsingBinary_285122-288626.csv
# %ECSV 1.0
# ---
# delimiter: ','
# meta: !!omap
# - RELEASE: Gaia DR3
# - TABLE: vari_eclipsing_binary
# - DESCRIPTION: >
#     This table describes the properties of the eclipsing binaries resulting from the variability analysis. 
# - CITATION: >
#     How to cite and acknowledge Gaia: 
#     https://gea.esac.esa.int/archive/documentation/credits.html 
# - KNOWN_ISSUES: >
#     Known issues: 
#     https://www.cosmos.esa.int/web/gaia-users/known-issues 
# - DOCUMENTATION: >
#     Tutorials and documentation: 
#     https://www.cosmos.esa.int/web/gaia-users/archive 
# datatype:
# - 
#   name: solution_id
#   datatype: int64
#   description: Solution Identifier
#   meta:
#     ucd: meta.version
# - 
#   name: source_id
#   datatype: int64
#   description: Unique source identifier
#   meta:
#     ucd: meta.id;meta.main
# - 
#   name: global_ranking
#   datatype: float32
#   description: Number between 0 (worst) and 1 (best)
#   meta:
#     ucd: stat.param
# - 
#   name: reference_time
#   datatype: float64
#   unit: d
#   description: Reference time used for the geometric model fit
#   meta:
#     ucd: time.epoch
# - 
#   name: frequency
#   datatype: float64
#   unit: d**-1
#   description: Frequency of geometric model of the eclipsing binary light curve
#   meta:
#     ucd: src.orbital
# - 
#   name: frequency_error
#   datatype: float32
#   unit: d**-1
#   description: "Uncertainty of \\texttt{frequency}"
#   meta:
#     ucd: stat.error
# - 
#   name: geom_model_reference_level
#   datatype: float32
#   unit: mag
#   description: Magnitude reference level of geometric model
#   meta:
#     ucd: phot.mag;em.opt
# - 
#   name: geom_model_reference_level_error
#   datatype: float32
#   unit: mag
#   description: "Uncertainty of \\texttt{geomModelReferenceLevel}"
#   meta:
#     ucd: stat.error;phot.mag;em.opt
# - 
#   name: geom_model_gaussian1_phase
#   datatype: float32
#   description: Phase of the Gaussian 1 component
#   meta:
#     ucd: time.phase
# - 
#   name: geom_model_gaussian1_phase_error
#   datatype: float32
#   description: "Uncertainty of \\texttt{geomModelGaussian1Phase}"
#   meta:
#     ucd: stat.error;time.phase
# - 
#   name: geom_model_gaussian1_sigma
#   datatype: float32
#   description: "Standard deviation [phase] of Gaussian 1 component"
#   meta:
#     ucd: stat.stdev
# - 
#   name: geom_model_gaussian1_sigma_error
#   datatype: float32
#   description: "Uncertainty of \\texttt{geomModelGaussian1Sigma}"
#   meta:
#     ucd: stat.error
# - 
#   name: geom_model_gaussian1_depth
#   datatype: float32
#   unit: mag
#   description: Magnitude depth of Gaussian 1 component
#   meta:
#     ucd: src.var.amplitude
# - 
#   name: geom_model_gaussian1_depth_error
#   datatype: float32
#   unit: mag
#   description: "Uncertainty of \\texttt{geomModelGaussian1Depth}"
#   meta:
#     ucd: stat.error;src.var.amplitude
# - 
#   name: geom_model_gaussian2_phase
#   datatype: float32
#   description: Phase of Gaussian 2 component
#   meta:
#     ucd: time.phase
# - 
#   name: geom_model_gaussian2_phase_error
#   datatype: float32
#   description: "Uncertainty of \\texttt{geomModelGaussian2Phase}"
#   meta:
#     ucd: stat.error;time.phase
# - 
#   name: geom_model_gaussian2_sigma
#   datatype: float32
[...]
#   datatype: float32
#   description: "Secondary eclipse: uncertainty of \\texttt{derivedSecondaryEclDuration}"
#   meta:
#     ucd: stat.error;time.duration
# - 
#   name: derived_secondary_ecl_depth
#   datatype: float32
#   unit: mag
#   description: "Secondary eclipse: depth"
#   meta:
#     ucd: src.var.amplitude
# - 
#   name: derived_secondary_ecl_depth_error
#   datatype: float32
#   unit: mag
#   description: "Secondary eclipse: uncertainty of \\texttt{derivedSecondaryEclDepth}"
#   meta:
#     ucd: stat.error;src.var.amplitude
solution_id,source_id,global_ranking,reference_time,frequency,frequency_error,geom_model_reference_level,geom_model_reference_level_error,geom_model_gaussian1_phase,geom_model_gaussian1_phase_error,geom_model_gaussian1_sigma,geom_model_gaussian1_sigma_error,geom_model_gaussian1_depth,geom_model_gaussian1_depth_error,geom_model_gaussian2_phase,geom_model_gaussian2_phase_error,geom_model_gaussian2_sigma,geom_model_gaussian2_sigma_error,geom_model_gaussian2_depth,geom_model_gaussian2_depth_error,geom_model_cosine_half_period_amplitude,geom_model_cosine_half_period_amplitude_error,geom_model_cosine_half_period_phase,geom_model_cosine_half_period_phase_error,model_type,num_model_parameters,reduced_chi2,derived_primary_ecl_phase,derived_primary_ecl_phase_error,derived_primary_ecl_duration,derived_primary_ecl_duration_error,derived_primary_ecl_depth,derived_primary_ecl_depth_error,derived_secondary_ecl_phase,derived_secondary_ecl_phase_error,derived_secondary_ecl_duration,derived_secondary_ecl_duration_error,derived_secondary_ecl_depth,derived_secondary_ecl_depth_error
[from data line 147]
375316653866487564,2524968117487484928,0.43608978,2113.4634919080804,3.215002717664617,1.270436E-5,18.37484,0.0062210006,0.40188166,0.02093415,0.00924301,0.0059152297,0.5396723,10.372395,0.766918,0.008493474,0.05433033,0.021257356,0.054046452,0.013271354,null,null,null,null,"TWOGAUSSIANS",8,9.544374,0.40188166,0.02093415,0.051760852,0.033125285,0.5396723,10.372395,0.766918,0.008493474,0.30424985,0.1190412,0.054046452,0.013271354
375316653866487564,2525041548543719168,0.509808,2114.3955425818385,4.320523419961609,2.5118054E-5,16.781353,0.0704489,0.3645669,0.009372266,0.123699814,0.025693938,0.18923704,0.059783973,0.8492233,0.008312369,0.13925253,0.04003879,0.13494596,0.069216564,null,null,null,null,"TWOGAUSSIANS",8,14.056411,0.3649069,0.008730203,0.4,0.0,0.1438259,0.011893625,0.8492233,0.008312369,0.4,0.0,0.08919484,0.005070836
375316653866487564,2525198503829264256,0.49697718,2127.6541351781993,1.9727922777119353,3.061084E-5,17.860308,0.005599894,0.1964767,0.048730437,0.049025238,0.029918766,0.14744823,0.14681137,0.5259498,0.0024457444,0.006830324,9.115593E-4,0.64560133,0.17755942,null,null,null,null,"TWOGAUSSIANS",8,1.9739169,0.5259498,0.0024457444,0.038249813,0.0051047322,0.64560133,0.17755942,0.1964767,0.048730437,0.27454132,0.16754508,0.14744823,0.14681137
375316653866487564,2525452765893408640,0.63846636,2083.5934271850883,4.536365860311061,3.886478E-6,16.017454,0.008174789,0.28446332,0.0010758656,0.046614457,0.0025309874,0.41816476,0.02316778,0.7853733,9.7182166E-4,0.042452067,0.002281276,0.30048594,0.017872704,0.14160205,0.011230747,0.28446332,0.0010758656,"TWOGAUSSIANS_WITH_ELLIPSOIDAL_ON_ECLIPSE1",9,32.777496,0.28446332,0.0010758656,0.26104096,0.014173529,0.7013686,0.020004159,0.7853733,9.7182166E-4,0.23773158,0.012775146,0.5836805,0.008841074
375316653866487564,2525632226806780416,0.66687775,2054.5793522590175,0.5883033580885171,6.3169473E-6,12.520533,0.002188817,0.24654844,6.388871E-4,0.03205479,4.2675508E-4,1.336429,0.016770238,0.7459584,0.0021264663,0.03835259,0.0015560619,0.14429995,0.0065612174,0.001953965,0.0029952563,0.7459584,0.0021264663,"TWOGAUSSIANS_WITH_ELLIPSOIDAL_ON_ECLIPSE2",9,141.14128,0.24654844,6.388871E-4,0.17950682,0.0023898284,1.3403369,0.016328137,0.7459584,0.0021264663,0.21477452,0.008713947,0.14820789,0.004941033
375316653866487564,2525711185485547520,0.63219655,2087.34225108802,0.4730531682901596,5.719945E-6,13.439548,0.0026395323,0.25926948,0.0017570276,0.019886138,0.0034435045,0.05742898,0.008829313,0.7647058,7.693964E-4,0.02695048,7.456294E-4,0.5412418,0.011726527,0.02198761,0.003979431,0.7647058,7.693964E-4,"TWOGAUSSIANS_WITH_ELLIPSOIDAL_ON_ECLIPSE2",9,129.52551,0.7647058,7.693964E-4,0.1509227,0.0041755247,0.585217,0.011726613,0.2593995,0.0017409212,0.111362375,0.019283624,0.10135404,0.0070445715
375316653866487564,2525717335878722432,0.5541913,2073.0678368477884,0.5658004421612508,5.735039E-6,16.105234,0.03361224,0.06671553,3.030946E-4,0.012595119,3.7905303E-4,0.5266341,0.011838441,0.65801954,0.05134217,0.16532987,0.1677082,0.02400329,0.030877868,null,null,null,null,"TWOGAUSSIANS",8,30.876625,0.06671553,3.076733E-4,0.070532665,0.002122697,0.52730906,0.012175263,0.65801954,0.05134217,0.4,0.0,0.02350756,0.00564833
375316653866487564,2525739046937068416,0.53389513,2063.8844141760896,1.8595997307660177,2.8834977E-5,17.597061,0.0044377157,0.18689148,0.032775607,0.021274073,0.019379584,0.16696979,5.524075,0.69288206,0.0035619268,0.025820833,0.0028142747,0.44423625,0.024301719,0.011803041,0.008754436,0.18689148,0.032775607,"TWOGAUSSIANS_WITH_ELLIPSOIDAL_ON_ECLIPSE1",9,25.668232,0.69288206,0.0035541768,0.14459667,0.01575994,0.4678089,0.023781871,0.18689148,0.032775607,0.119134806,0.10852567,0.19057588,5.528727
375316653866487564,2525799318214404608,0.49433938,2096.2530134297267,2.5283042343412956,3.1268697E-5,14.306786,0.8916487,0.2739633,0.009074022,0.13122201,0.076514855,0.29765984,0.6809727,0.7765165,0.018073197,0.1582894,0.16070706,0.28699458,0.87174284,null,null,null,null,"TWOGAUSSIANS",8,280.60638,0.27373332,0.009067599,0.4,0.0,0.17317553,0.017629653,0.7765965,0.01799834,0.4,0.0,0.15901466,0.016738573
375316653866487564,2526137035786854528,0.48166227,2153.8661169034867,3.279275720789587,2.6237505E-5,15.588745,0.07843891,0.23809893,0.012902286,0.11238715,0.042341318,0.11604517,0.074325815,0.7425667,0.008795726,0.12573011,0.057480626,0.10809557,0.075942054,null,null,null,null,"TWOGAUSSIANS",8,41.199837,0.23805894,0.012844601,0.4,0.0,0.09249029,0.0075798025,0.74257666,0.008895971,0.4,0.0,0.08447224,0.0069577736
375316653866487564,2526185792255137792,0.5523535,2130.349854272085,0.987202223511809,4.1772714E-6,19.839933,0.0069008567,0.09384742,0.0010926675,0.025218492,7.9246826E-4,1.1332347,0.043383088,0.6021554,0.0027075575,0.030406917,0.0037180346,0.21392055,0.032434687,null,null,null,null,"TWOGAUSSIANS",8,1.4132122,0.09384742,0.0010926675,0.14122356,0.0044378224,1.1332347,0.043383088,0.6021554,0.0027075575,0.17027873,0.020820994,0.21392055,0.032434687
375316653866487564,2526273894920028032,0.6497571,2128.6231268063134,3.6934183389542263,3.757449E-6,15.131632,0.0119795725,0.31132683,0.0014442737,0.05415333,0.0037330582,0.26267198,0.02682014,0.81235254,0.001982591,0.049571816,0.0030221909,0.29512107,0.028458377,0.10559709,0.015578664,0.31132683,0.0014442737,"TWOGAUSSIANS_WITH_ELLIPSOIDAL_ON_ECLIPSE1",9,55.59186,0.81235254,0.001982591,0.27760217,0.01692427,0.50629914,0.009311152,0.31132683,0.0014442737,0.30325866,0.020905126,0.47385883,0.0071061174
375316653866487564,2526309629047847296,0.6459124,2096.955386128633,3.6286569092939858,8.3769455E-6,16.268385,0.0073809223,0.27568838,0.0018511056,0.051238403,0.0047225477,0.15980384,0.022107769,0.77211994,0.0014166238,0.053393997,0.0035021054,0.22363918,0.0154953515,0.09348669,0.010075547,0.27568838,0.0018511056,"TWOGAUSSIANS_WITH_ELLIPSOIDAL_ON_ECLIPSE1",9,10.256572,0.77268994,0.0010516085,0.2990064,0.01961179,0.41052875,0.009086298,0.27568838,0.0018511056,0.28693506,0.026446266,0.34677252,0.015026448
375316653866487564,2526337357356730368,0.49415267,2106.8891060977517,1.921399102894616,5.649726E-6,17.19576,0.0036081006,0.26115555,0.0012765958,0.03217837,0.0014224866,0.24614497,0.010109718,0.66068214,0.004107853,0.0077018393,0.0052912673,0.062042516,0.18520327,null,null,null,null,"TWOGAUSSIANS",8,13.155448,0.26115555,0.0012765958,0.18019885,0.007965925,0.24614497,0.010109718,0.66068214,0.004107853,0.0431303,0.029631097,0.062042516,0.18520327
375316653866487564,2526357247349775616,0.46864748,2145.8005095617973,1.9009849934454215,2.341641E-5,19.149508,0.0074947304,0.22850229,0.04589295,0.026607435,0.02226914,0.12518354,0.13408141,0.7213628,0.0038250769,0.0379782,0.0031457527,0.3717128,0.021936486,null,null,null,null,"TWOGAUSSIANS",8,6.591027,0.7213628,0.0038250769,0.21267793,0.017616216,0.3717128,0.021936486,0.22850229,0.04589295,0.14900163,0.12470719,0.12518354,0.13408141
375316653866487564,2526428548102447744,0.46099845,2132.7899660092235,3.7130445640751275,2.5127081E-5,13.595008,0.07341956,0.27928182,0.03210026,0.061510283,0.027046414,0.1454685,0.14858457,0.7327115,0.0058121053,0.06363891,0.03168254,0.21090856,0.15635407,0.08478425,0.09110191,0.7327115,0.0058121053,"TWOGAUSSIANS_WITH_ELLIPSOIDAL_ON_ECLIPSE2",9,173.9604,0.7327115,0.0058121053,0.35637787,0.1364189,0.3803828,0.039751243,0.2673718,0.013165322,0.3444576,0.06915797,0.3043255,0.05439381
375316653866487564,2526548807187541632,0.55872583,2096.523776532139,4.495362263013083,7.098158E-5,17.735352,0.006629566,0.16362882,3.014726E-5,0.0067519043,2.0314787E-4,0.6806234,0.0037686578,0.7219065,0.119770095,0.12778065,0.099412255,0.024885852,0.009315671,null,null,null,null,"TWOGAUSSIANS",8,6.596186,0.16362882,3.014726E-5,0.037810665,0.0011376281,0.6806649,0.0037232535,0.7219065,0.119770095,0.4,0.10458409,0.024862291,0.00901641
375316653866487564,2526749914736451712,0.5462165,2098.518050837347,0.4250185323911978,9.812243E-7,18.739853,0.0025784767,0.28579387,4.3624714E-6,0.005759805,1.1697015E-4,11.5197525,1.5050031,null,null,null,null,null,null,null,null,null,null,"ONEGAUSSIAN",5,1.723008,0.28579387,4.3624714E-6,0.03225491,6.5503287E-4,11.5197525,0.0,null,null,null,null,null,null
375316653866487564,2526767987958943872,0.6327806,2050.81513110681,0.2866581040170837,5.2203482E-5,9.730772,0.002770791,0.19981274,0.0036064698,0.026194667,0.005052017,0.05789282,0.015613743,0.70171666,0.0026745712,0.031003581,0.004480395,0.40709522,0.036919378,0.013682414,0.0035072,0.19981274,0.0036064698,"TWOGAUSSIANS_WITH_ELLIPSOIDAL_ON_ECLIPSE1",9,76.67501,0.70171666,0.0026745712,0.17362005,0.025090212,0.4344561,0.03888507,0.19981274,0.0036064698,0.14669015,0.028291294,0.08525763,0.015158795
375316653866487564,2526770393140561280,0.5616157,2088.1446649446134,4.581428804446908,2.8897864E-5,16.807829,0.0076482035,0.23006581,0.0044461773,0.037933428,0.007839412,0.20578964,0.019925764,0.7312973,0.005566831,0.04593769,0.0046229726,0.25913775,0.020350423,0.0685386,0.0106878225,0.23006581,0.0044461773,"TWOGAUSSIANS_WITH_ELLIPSOIDAL_ON_ECLIPSE1",9,24.945158,0.7312973,0.0054196343,0.25725105,0.025888648,0.3962066,0.011453524,0.23006581,0.0044461773,0.21242718,0.043900713,0.3428667,0.01015852
375316653866487564,2526792207277518720,0.53813446,2042.1302638390557,3.16161207256659,1.0119288E-5,19.757242,0.008748493,0.25767374,0.0020604203,0.08492043,0.0031959037,0.43828145,0.012271083,0.75037134,0.002160111,0.09156763,0.0040695225,0.3978538,0.01598242,null,null,null,null,"TWOGAUSSIANS",8,0.80050725,0.25767374,0.0020604203,0.4,0.0,0.42490527,0.012153184,0.75037134,0.002160111,0.4,0.0,0.38447735,0.016698541
375316653866487564,2526832790424383360,0.6309566,2103.1046397897517,3.7773778708636465,1.1530058E-5,14.630881,0.010452276,0.29715288,0.0031618204,0.055832453,0.0034713442,0.3536768,0.02504242,0.77877253,0.0036107916,0.059595197,0.007426603,0.26770392,0.02981361,0.089295134,0.013513876,0.77877253,0.0036107916,"TWOGAUSSIANS_WITH_ELLIPSOIDAL_ON_ECLIPSE2",9,98.46622,0.29513288,0.0026792048,0.31266174,0.019439528,0.53011155,0.015007695,0.77877253,0.0036107916,0.3337331,0.041588977,0.44625056,0.016983092
375316653866487564,2526908106970927232,0.61612886,2105.4471144291,4.213917555377305,8.646536E-6,18.083273,0.00881613,0.27499998,0.0017866025,0.070879236,0.0034902138,0.39272684,0.013203944,0.7775559,0.0026591767,0.068379566,0.0026946967,0.48599753,0.013244885,null,null,null,null,"TWOGAUSSIANS",8,3.6571229,0.7775559,0.0026591767,0.38292557,0.015090302,0.4847025,0.013122605,0.27499998,0.0017866025,0.39692372,0.014598683,0.3914318,0.013246611
375316653866487564,2526942737291993856,0.4565953,2080.7678296896333,0.7510557639098685,1.8442948E-5,19.719614,0.008800676,0.28481182,0.004248371,0.023982994,0.00406422,0.25881717,0.040237606,null,null,null,null,null,null,0.04718881,0.01098979,0.28481182,0.004248371,"ONEGAUSSIAN_WITH_ELLIPSOIDAL",6,2.6498153,0.28481182,0.004248371,0.13430478,0.022759631,0.3531946,0.036173828,null,null,null,null,null,null
375316653866487564,2526990123667067520,0.61716336,2060.5360489201794,3.567886901811687,8.1526E-6,16.956814,0.0028340586,0.2296585,0.0018598274,0.09024643,0.002486093,0.23521383,0.004599477,0.72594583,0.0015013507,0.08392824,0.0020667461,0.24951464,0.005208115,null,null,null,null,"TWOGAUSSIANS",8,2.5639617,0.72594583,0.0015013507,0.4,0.0,0.2421308,0.0053581507,0.2296585,0.0018598274,0.4,0.0,0.22782989,0.0045108655
375316653866487564,2527165564490733056,0.6620517,2071.958973277519,4.175702120025266,3.209625E-6,16.517473,0.0055372645,0.1445183,8.189806E-4,0.047664836,0.0021193128,0.32194352,0.013688103,0.639242,0.0023160023,0.050513335,0.002253072,0.30629885,0.014813387,0.119938284,0.007893715,0.1445183,8.189806E-4,"TWOGAUSSIANS_WITH_ELLIPSOIDAL_ON_ECLIPSE1",9,9.728028,0.1445183,8.189806E-4,0.26692307,0.011868152,0.5618175,0.008827009,0.63996196,0.0019886706,0.28287467,0.012617204,0.5459452,0.008169254
375316653866487564,2527170168695661952,0.43337074,2067.9036485745855,2.501269838161349,3.607409E-5,16.288372,0.17794846,0.3215235,0.014036286,0.13919535,0.11947075,0.107312836,0.17583375,0.78717005,0.016261065,0.07900916,0.039308306,0.148854,0.100506544,null,null,null,null,"TWOGAUSSIANS",8,54.548866,0.78717005,0.016261065,0.4,0.0,0.13792808,0.016300702,0.3215235,0.0140003115,0.4,0.0,0.095920585,0.015520719
375316653866487564,2527184668505222912,0.5861275,2065.8593282763854,1.4299733643762476,4.9152563E-6,13.678571,0.0057371273,0.18306339,0.014545421,0.037351985,0.008144609,0.617204,0.018742347,0.67936444,0.0011941832,0.042075455,0.0024855286,0.17030145,0.013389361,0.003938965,0.008697278,0.18306339,0.014545421,"TWOGAUSSIANS_WITH_ELLIPSOIDAL_ON_ECLIPSE1",9,176.64589,0.18306339,0.014545421,0.20917112,0.045609806,0.6250819,0.01962255,0.67938447,0.0011733305,0.23562254,0.01391896,0.17817514,0.0070901364
375316653866487564,2527449479008916864,0.49491256,2137.2531601967144,1.2354475650377612,3.1441345E-5,17.220558,0.0018970448,0.21661313,0.010919572,0.0144081535,0.003392934,0.17994377,0.07134609,0.71262777,0.005411005,0.017968249,0.011782652,0.06477892,0.0113037,null,null,null,null,"TWOGAUSSIANS",8,6.711312,0.21661313,0.010919572,0.08068566,0.019000432,0.17994377,0.07134609,0.71262777,0.005411005,0.10062219,0.06598285,0.06477892,0.0113037
375316653866487564,2527528609486808576,0.61190116,2045.2877755660613,2.5802742098312126,1.0105427E-4,13.964756,0.001774297,0.6515696,0.004378617,0.002363541,0.0015932079,2.5617363,1.6158789,null,null,null,null,null,null,0.0029559701,0.0024428575,0.6515696,0.004378617,"ONEGAUSSIAN_WITH_ELLIPSOIDAL",6,74.05779,0.6515696,0.004378617,0.013235829,0.008921965,2.5676482,1.6158308,null,null,null,null,null,null
375316653866487564,2527756307176513024,0.46821594,2143.545909334869,0.04517867963756139,4.1900446E-5,19.011772,0.05297158,0.5551035,0.013448112,0.21123445,0.039138716,0.3564313,0.053157166,0.34595498,0.032553792,0.016960792,0.010814519,1.00546,2.458575,null,null,null,null,"TWOGAUSSIANS",8,8.206209,0.346245,0.032441672,0.09498043,0.060561303,1.1809647,2.4793913,0.5551035,0.013448112,0.4,0.0,0.3131539,0.049736675
375316653866487564,2527913885232749568,0.50832635,2077.786635162014,2.1702189290902094,5.577464E-5,14.915164,0.002263754,0.25320077,0.0013568043,0.026783047,0.0017193484,0.11932231,0.007992715,0.760998,0.021203928,0.03494265,0.017814644,0.02519889,0.0056891264,0.008784759,0.00300519,0.25320077,0.0013568043,"TWOGAUSSIANS_WITH_ELLIPSOIDAL_ON_ECLIPSE1",9,25.392227,0.25320077,0.0013568043,0.14998506,0.009628351,0.1368918,0.006135312,0.760998,0.021000328,0.19567883,0.099762,0.042726245,0.0041231755
375316653866487564,2527919760748091392,0.53638816,2104.797632178939,1.4811572124329389,6.004126E-6,18.14227,0.0037548067,0.20891364,0.0017450274,0.019490238,0.0038964527,0.26989582,0.032461204,0.7091412,0.0047265664,0.017518217,0.002272194,0.5809283,0.039922465,null,null,null,null,"TWOGAUSSIANS",8,8.306125,0.7091412,0.0047265664,0.09810202,0.012724286,0.5809283,0.039922465,0.20891364,0.0017450274,0.10914533,0.021820135,0.26989582,0.032461204
375316653866487564,2527952196340839552,0.470297,2089.248394629903,2.5931183876012813,5.6053927E-5,13.776374,0.021248575,0.23944966,0.009357191,0.09309173,0.02701207,0.08524509,0.019985301,0.7222377,0.013875563,0.113518246,0.030698473,0.09214615,0.020756362,null,null,null,null,"TWOGAUSSIANS",8,109.66799,0.7222377,0.013875563,0.4,0.0,0.084432945,0.015256538,0.23947966,0.00930079,0.4,0.0,0.077545494,0.009640983
375316653866487564,2527964595910928512,0.54088825,2096.4593687930706,1.8171349906440826,2.8128768E-5,18.867767,0.004329988,0.32338467,0.0020646693,0.027494881,0.0010123807,0.64283866,0.06556536,0.755932,0.019480528,0.1050055,0.023424206,0.053827852,0.009302112,null,null,null,null,"TWOGAUSSIANS",8,1.1372069,0.32338467,0.0020646693,0.15397133,0.0056693316,0.64283514,0.06557184,0.755932,0.019480528,0.4,0.0,0.05381314,0.009346452
