Gaia/vari_eclipsing_binary/VariEclipsingBinary_207441-207465.csv
# %ECSV 1.0
# ---
# delimiter: ','
# meta: !!omap
# - RELEASE: Gaia DR3
# - TABLE: vari_eclipsing_binary
# - DESCRIPTION: >
#     This table describes the properties of the eclipsing binaries resulting from the variability analysis. 
# - CITATION: >
#     How to cite and acknowledge Gaia: 
#     https://gea.esac.esa.int/archive/documentation/credits.html 
# - KNOWN_ISSUES: >
#     Known issues: 
#     https://www.cosmos.esa.int/web/gaia-users/known-issues 
# - DOCUMENTATION: >
#     Tutorials and documentation: 
#     https://www.cosmos.esa.int/web/gaia-users/archive 
# datatype:
# - 
#   name: solution_id
#   datatype: int64
#   description: Solution Identifier
#   meta:
#     ucd: meta.version
# - 
#   name: source_id
#   datatype: int64
#   description: Unique source identifier
#   meta:
#     ucd: meta.id;meta.main
# - 
#   name: global_ranking
#   datatype: float32
#   description: Number between 0 (worst) and 1 (best)
#   meta:
#     ucd: stat.param
# - 
#   name: reference_time
#   datatype: float64
#   unit: d
#   description: Reference time used for the geometric model fit
#   meta:
#     ucd: time.epoch
# - 
#   name: frequency
#   datatype: float64
#   unit: d**-1
#   description: Frequency of geometric model of the eclipsing binary light curve
#   meta:
#     ucd: src.orbital
# - 
#   name: frequency_error
#   datatype: float32
#   unit: d**-1
#   description: "Uncertainty of \\texttt{frequency}"
#   meta:
#     ucd: stat.error
# - 
#   name: geom_model_reference_level
#   datatype: float32
#   unit: mag
#   description: Magnitude reference level of geometric model
#   meta:
#     ucd: phot.mag;em.opt
# - 
#   name: geom_model_reference_level_error
#   datatype: float32
#   unit: mag
#   description: "Uncertainty of \\texttt{geomModelReferenceLevel}"
#   meta:
#     ucd: stat.error;phot.mag;em.opt
# - 
#   name: geom_model_gaussian1_phase
#   datatype: float32
#   description: Phase of the Gaussian 1 component
#   meta:
#     ucd: time.phase
# - 
#   name: geom_model_gaussian1_phase_error
#   datatype: float32
#   description: "Uncertainty of \\texttt{geomModelGaussian1Phase}"
#   meta:
#     ucd: stat.error;time.phase
# - 
#   name: geom_model_gaussian1_sigma
#   datatype: float32
#   description: "Standard deviation [phase] of Gaussian 1 component"
#   meta:
#     ucd: stat.stdev
# - 
#   name: geom_model_gaussian1_sigma_error
#   datatype: float32
#   description: "Uncertainty of \\texttt{geomModelGaussian1Sigma}"
#   meta:
#     ucd: stat.error
# - 
#   name: geom_model_gaussian1_depth
#   datatype: float32
#   unit: mag
#   description: Magnitude depth of Gaussian 1 component
#   meta:
#     ucd: src.var.amplitude
# - 
#   name: geom_model_gaussian1_depth_error
#   datatype: float32
#   unit: mag
#   description: "Uncertainty of \\texttt{geomModelGaussian1Depth}"
#   meta:
#     ucd: stat.error;src.var.amplitude
# - 
#   name: geom_model_gaussian2_phase
#   datatype: float32
#   description: Phase of Gaussian 2 component
#   meta:
#     ucd: time.phase
# - 
#   name: geom_model_gaussian2_phase_error
#   datatype: float32
#   description: "Uncertainty of \\texttt{geomModelGaussian2Phase}"
#   meta:
#     ucd: stat.error;time.phase
# - 
#   name: geom_model_gaussian2_sigma
#   datatype: float32
[...]
#   datatype: float32
#   description: "Secondary eclipse: uncertainty of \\texttt{derivedSecondaryEclDuration}"
#   meta:
#     ucd: stat.error;time.duration
# - 
#   name: derived_secondary_ecl_depth
#   datatype: float32
#   unit: mag
#   description: "Secondary eclipse: depth"
#   meta:
#     ucd: src.var.amplitude
# - 
#   name: derived_secondary_ecl_depth_error
#   datatype: float32
#   unit: mag
#   description: "Secondary eclipse: uncertainty of \\texttt{derivedSecondaryEclDepth}"
#   meta:
#     ucd: stat.error;src.var.amplitude
solution_id,source_id,global_ranking,reference_time,frequency,frequency_error,geom_model_reference_level,geom_model_reference_level_error,geom_model_gaussian1_phase,geom_model_gaussian1_phase_error,geom_model_gaussian1_sigma,geom_model_gaussian1_sigma_error,geom_model_gaussian1_depth,geom_model_gaussian1_depth_error,geom_model_gaussian2_phase,geom_model_gaussian2_phase_error,geom_model_gaussian2_sigma,geom_model_gaussian2_sigma_error,geom_model_gaussian2_depth,geom_model_gaussian2_depth_error,geom_model_cosine_half_period_amplitude,geom_model_cosine_half_period_amplitude_error,geom_model_cosine_half_period_phase,geom_model_cosine_half_period_phase_error,model_type,num_model_parameters,reduced_chi2,derived_primary_ecl_phase,derived_primary_ecl_phase_error,derived_primary_ecl_duration,derived_primary_ecl_duration_error,derived_primary_ecl_depth,derived_primary_ecl_depth_error,derived_secondary_ecl_phase,derived_secondary_ecl_phase_error,derived_secondary_ecl_duration,derived_secondary_ecl_duration_error,derived_secondary_ecl_depth,derived_secondary_ecl_depth_error
[from data line 73]
375316653866487564,1824691120265964032,0.5849212,2134.1414772675735,1.2889626966896701,7.733081E-6,15.221756,0.040873516,0.29035163,0.002199705,0.13838069,0.02687265,0.11498094,0.040032577,0.7886773,0.0023203073,0.117256194,0.017516464,0.1264226,0.038111947,null,null,null,null,"TWOGAUSSIANS",8,6.1076813,0.7886773,0.0023203073,0.4,0.0,0.091964,0.002326552,0.29036164,0.002225411,0.4,0.0,0.08021428,0.0024856713
375316653866487564,1824691605640982656,0.45163962,2177.885619404636,3.192092035046877,1.9836547E-5,16.302032,0.0019485148,0.1701822,0.011708542,0.030125339,0.015160867,0.039555434,0.024782255,0.6950823,0.0046386956,0.025186198,0.012400016,0.060607802,0.030075628,0.021932857,0.0039326022,0.6950823,0.0046386956,"TWOGAUSSIANS_WITH_ELLIPSOIDAL_ON_ECLIPSE2",9,13.417636,0.6950823,0.0046386956,0.14104271,0.06944009,0.10447349,0.031403944,0.1719922,0.010945297,0.1687019,0.084900856,0.082432956,0.024700085
375316653866487564,1824691639961853312,0.4549371,2157.3240562303727,3.373731182865443,2.529208E-5,19.85121,0.026015906,0.13814008,0.006660995,0.051136363,0.009787073,0.45986423,0.061451316,0.62884337,0.024695532,0.033826493,0.011995369,0.37860483,0.2157639,0.12800243,0.042776804,0.13814008,0.006660995,"TWOGAUSSIANS_WITH_ELLIPSOIDAL_ON_ECLIPSE1",9,3.3910623,0.13814008,0.006660995,0.28636363,0.05480761,0.71586555,0.040456746,0.6293734,0.021091292,0.18942836,0.06717407,0.63378376,0.2392237
375316653866487564,1824691880479780608,0.5151069,2121.933324503164,3.3626154778877284,2.9400278E-5,19.706493,0.06029405,0.26122883,0.014791482,0.06815499,0.03920528,0.43716145,0.040212788,0.765724,0.0056499406,0.07667102,0.014299154,0.3975999,0.05723041,null,null,null,null,"TWOGAUSSIANS",8,3.5184455,0.26122883,0.014791482,0.38166794,0.05906449,0.43523827,0.04922483,0.765724,0.0056541343,0.4,0.0,0.3956767,0.03679823
375316653866487564,1824691880479788416,0.48781264,2121.3403807851655,2.8200515733342675,3.7638198E-5,19.644947,0.013640301,0.30763486,0.011222988,0.07849897,0.009755233,0.31364465,0.032500558,0.7913366,0.0061327973,0.08139048,0.010211432,0.3245914,0.03115246,null,null,null,null,"TWOGAUSSIANS",8,2.7885277,0.7913366,0.0061327973,0.4,0.0,0.32111782,0.032308977,0.30763486,0.011222988,0.4,0.0,0.31017107,0.03376865
375316653866487564,1824692464634533632,0.6542652,2149.681567631923,1.8041253598399212,2.2515085E-6,17.155642,0.0075224577,0.2324063,0.007784696,0.055471573,0.026114382,0.043199237,0.056477416,0.7277163,8.6712505E-4,0.051554754,0.0015695986,0.4131861,0.017414678,0.02743093,0.010138479,0.2324063,0.007784696,"TWOGAUSSIANS_WITH_ELLIPSOIDAL_ON_ECLIPSE1",9,3.909624,0.7278463,7.8233E-4,0.28870663,0.008789752,0.46799746,0.008443923,0.2324063,0.007784696,0.3106408,0.14624055,0.09805693,0.06508184
375316653866487564,1824692876951356928,0.4593006,2169.063744105781,0.03438767013739612,1.1673753E-5,15.662105,0.006445122,0.1409887,0.014883581,0.049983997,0.020559033,0.06907636,0.008034149,0.7737181,0.0017541872,0.015583354,0.0014612062,0.4960497,0.03859722,0.025868166,0.010548318,0.7737181,0.0017541872,"TWOGAUSSIANS_WITH_ELLIPSOIDAL_ON_ECLIPSE2",9,216.89111,0.7737181,0.0017541872,0.08726678,0.008182755,0.547786,0.04869678,0.15307869,0.008395169,0.2799104,0.11513059,0.09436984,0.009520106
375316653866487564,1824692945670881024,0.5754171,2155.1242056231463,0.29059499880390005,1.1186173E-6,18.201344,0.002574655,0.16978985,1.2812251E-4,0.019642415,2.0403227E-4,0.3542555,0.0025768161,0.4893329,1.6184784E-6,0.00703787,3.2195156E-5,0.7081982,7.760963E-4,null,null,null,null,"TWOGAUSSIANS",8,2.6583588,0.4893329,1.6184784E-6,0.039412074,1.8029287E-4,0.7081982,7.760963E-4,0.16978985,1.2812251E-4,0.109997526,0.0011425806,0.3542555,0.0025768161
375316653866487564,1824692980030590848,0.44318262,2137.0813960267465,2.6283093764888683,4.146261E-5,16.021587,0.02523261,0.2771939,0.01835265,0.09423798,0.030711712,0.10923384,0.023106772,0.75744694,0.0067193843,0.11070876,0.023154438,0.12783605,0.023042012,null,null,null,null,"TWOGAUSSIANS",8,81.55644,0.75744694,0.0067193843,0.4,0.0,0.11832311,0.010803661,0.27722389,0.018316576,0.4,0.0,0.0997332,0.015268628
375316653866487564,1824693083109814272,0.6436919,2145.1644049724077,0.7683190971802588,4.1215067E-6,15.980069,0.001395428,0.2742245,0.006434497,0.026591979,0.0029143565,0.11987036,0.025549665,0.76936257,5.6811946E-4,0.029572977,9.159859E-4,0.36498564,0.00963204,0.01145594,0.0021833302,0.2742245,0.006434497,"TWOGAUSSIANS_WITH_ELLIPSOIDAL_ON_ECLIPSE1",9,8.657168,0.7693826,5.662877E-4,0.16560866,0.0051295212,0.38787618,0.009745697,0.2742245,0.006434497,0.14891508,0.016320396,0.1427822,0.025873855
375316653866487564,1824693250593493888,0.5790435,2140.9462901391807,2.3519557507917424,8.936815E-6,19.332184,0.04486743,0.25654387,0.005122798,0.037038404,0.019157257,0.64095193,0.0845176,0.76086146,0.0036653937,0.040250503,0.0072541414,0.50950307,0.075399786,0.096157394,0.05550441,0.25654387,0.005122798,"TWOGAUSSIANS_WITH_ELLIPSOIDAL_ON_ECLIPSE1",9,3.7433925,0.25654387,0.005122798,0.20741506,0.10728064,0.83326674,0.09946894,0.76086146,0.0036653937,0.22540282,0.04062319,0.70167637,0.056256857
375316653866487564,1824693632865765632,0.6401687,2130.038243824299,0.16181367478747752,3.5669465E-5,14.8224535,7.208296E-4,0.25466514,0.007916079,0.0056290864,0.004772262,0.009009328,0.0063798516,0.43704796,0.0039528213,0.012265444,0.002799988,0.24147181,0.009866904,null,null,null,null,"TWOGAUSSIANS",8,6.190788,0.43704796,0.0039528213,0.068686485,0.015679933,0.24147181,0.009866904,0.25466514,0.007916079,0.031522885,0.026724668,0.009009328,0.0063798516
375316653866487564,1824694079542348416,0.71492195,2172.6510203661674,0.26889046698173646,3.3008746E-5,16.616653,6.7091204E-4,0.39164844,6.3598022E-6,0.01725488,1.5909656E-5,0.650377,6.2936294E-4,0.65603405,9.024089E-4,0.009968381,0.0012480731,0.012374533,9.890244E-4,null,null,null,null,"TWOGAUSSIANS",8,1.519639,0.39164844,6.3598022E-6,0.096627325,8.909408E-5,0.650377,6.2936294E-4,0.65603405,9.024089E-4,0.05582294,0.006989209,0.012374533,9.890244E-4
375316653866487564,1824694315718687744,0.5655279,2156.4987593163996,3.8602222242649513,9.872649E-6,18.589123,0.009944943,0.13721007,0.0021910428,0.043758545,0.0057634343,0.27617207,0.03286174,0.6472005,0.006507423,0.037267704,0.016102294,0.1371552,0.08415153,0.1295172,0.013928127,0.13721007,0.0021910428,"TWOGAUSSIANS_WITH_ELLIPSOIDAL_ON_ECLIPSE1",9,4.402735,0.13721007,0.0021910428,0.24504784,0.032275233,0.53520614,0.03450835,0.6472005,0.006507423,0.20869914,0.09017285,0.39516994,0.09424114
375316653866487564,1824694354420302464,0.50806797,2170.7226385677395,1.097148718627004,1.493871E-5,16.347574,0.005823478,0.34450537,0.004273929,0.09162065,0.007403356,0.12671086,0.0068991785,0.84806085,0.0035041978,0.07255794,0.0072845346,0.09113906,0.005960266,null,null,null,null,"TWOGAUSSIANS",8,15.109326,0.34450537,0.004273929,0.4,0.0,0.124739,0.006564902,0.84806085,0.0035041978,0.4,0.016460128,0.08916728,0.0054014386
375316653866487564,1824694835418083456,0.57274175,2151.498916562612,2.7510052109223375,1.0751191E-5,18.792202,0.015137031,0.22350773,0.0038156942,0.07222297,0.005297444,0.49882692,0.025689969,0.7227711,0.0031231467,0.0772281,0.008052743,0.46766686,0.07208944,null,null,null,null,"TWOGAUSSIANS",8,3.3406148,0.22350773,0.0038156942,0.4,0.0141077265,0.49530727,0.025634864,0.7227711,0.0031231467,0.4,0.0,0.4641472,0.07384997
375316653866487564,1824695075936974592,0.5404424,2150.6719210271845,1.5823293099830011,1.2280947E-5,19.40606,0.0077567007,0.28189608,0.0033182062,0.040774576,0.0061763837,0.26650518,0.093091354,0.7848427,0.0016139055,0.034233652,0.0017732445,0.69362456,0.02117629,null,null,null,null,"TWOGAUSSIANS",8,2.3174992,0.7848427,0.0016139055,0.19170846,0.009930168,0.69362456,0.02117629,0.28189608,0.0033182062,0.22833763,0.03458775,0.26650518,0.093091354
375316653866487564,1824695483949913984,0.51541024,2123.2986749151173,1.945179176204056,1.6392078E-5,18.803799,0.017457366,0.20019239,0.0051735966,0.08543734,0.008176046,0.42060173,0.031615626,0.7107292,0.0044846344,0.07043562,0.006808352,0.2840575,0.021479627,null,null,null,null,"TWOGAUSSIANS",8,6.6923976,0.20019239,0.0051735966,0.4,0.0,0.41731986,0.03150039,0.7107292,0.0044846344,0.39443946,0.034177262,0.28077567,0.020216784
375316653866487564,1824695763169458304,0.6048471,2148.7536563654426,2.2899353397877413,5.9735476E-6,17.26516,0.006440256,0.24149662,0.0011483997,0.10192672,0.0035267952,0.22547078,0.005607407,0.74336046,0.002638448,0.099973224,0.00405474,0.24383047,0.006349658,null,null,null,null,"TWOGAUSSIANS",8,2.6677322,0.74336046,0.002638448,0.4,0.0,0.22249587,0.005938991,0.24149662,0.0011483997,0.4,0.0,0.20413528,0.0035039915
375316653866487564,1824695861907023104,0.5802871,2152.3556365228133,0.21171279163483359,1.1284325E-5,17.503563,0.0017530774,0.27415568,0.00713424,0.020142809,0.003018719,1.0166836,0.9946681,0.6683564,0.037424278,0.047842275,0.03893767,0.01912128,0.008459555,null,null,null,null,"TWOGAUSSIANS",8,3.5082455,0.27415568,0.00713424,0.11279973,0.016904825,1.0166836,0.9946681,0.6683564,0.037424278,0.26791674,0.21805094,0.01912128,0.008459555
375316653866487564,1824695934930146304,0.51370174,2126.118956799583,2.415836993134814,1.5610496E-5,19.14553,0.017999023,0.22553432,0.0048688413,0.08470377,0.009671297,0.46026704,0.018442055,0.7210289,0.0044258493,0.08747091,0.006379816,0.42292756,0.03431383,null,null,null,null,"TWOGAUSSIANS",8,4.7997446,0.22553432,0.0048688413,0.4,0.0,0.44822165,0.018856892,0.7210289,0.0044258493,0.4,0.0,0.41088212,0.034791168
375316653866487564,1824696175486313472,0.5668911,2130.250931607245,2.7426769622927583,1.0574223E-5,18.292456,0.010251243,0.26360017,0.0019236241,0.0844692,0.004084679,0.34803587,0.012521551,0.76456344,0.0040819617,0.09079008,0.007055105,0.30608812,0.025417574,null,null,null,null,"TWOGAUSSIANS",8,3.047237,0.26360017,0.0019236241,0.4,0.0,0.33709732,0.011779319,0.76456344,0.0040819617,0.4,0.0,0.2951494,0.02764249
375316653866487564,1824696686544248192,0.47174585,2157.3273567916394,0.4656949862095574,2.57447E-5,17.543634,0.010251974,0.31443334,0.0032986272,0.057495054,0.0039374083,0.32573643,0.015377995,0.82626176,0.011970421,0.059679784,0.008116861,0.09303908,0.01651754,null,null,null,null,"TWOGAUSSIANS",8,26.46324,0.31443334,0.0032986272,0.3219723,0.022049485,0.32571197,0.01536779,0.82626176,0.011970421,0.3342068,0.04545442,0.09301462,0.016490592
375316653866487564,1824696759565510784,0.45296335,2114.992738742668,2.8018650457996355,3.569369E-5,19.32383,0.1539703,0.3522364,0.011083916,0.21445827,0.074214794,0.30122107,0.15071116,0.77701104,0.008249203,0.07913994,0.013088803,0.38184622,0.058700092,null,null,null,null,"TWOGAUSSIANS",8,4.6607647,0.77701104,0.008249203,0.4,0.0,0.34730598,0.050783042,0.3522364,0.011080639,0.4,0.0,0.21607529,0.029346436
375316653866487564,1824696995780882304,0.46801668,2125.1615081406208,3.0122981050194313,1.6492051E-5,18.21035,0.0024190536,null,null,null,null,null,null,null,null,null,null,null,null,0.050212592,0.0031042926,0.2728764,0.005079127,"ELLIPSOIDAL",4,3.6029634,null,null,null,null,null,null,null,null,null,null,null,null
375316653866487564,1824697000131474432,0.47235188,2118.5033950677316,3.5044121658028073,2.8625172E-5,19.691996,0.02001619,0.25767222,0.009780449,0.08036578,0.010659665,0.2649868,0.03227441,0.7751467,0.0061591356,0.09198776,0.015459939,0.2780157,0.02599941,null,null,null,null,"TWOGAUSSIANS",8,2.4672842,0.7751467,0.0061591356,0.4,0.0,0.2720331,0.028324848,0.25767222,0.009780449,0.4,0.0,0.25900456,0.030614892
375316653866487564,1824697236324816000,0.4654204,2127.704889497403,2.8679275150188817,8.911275E-5,19.40361,0.11361432,0.23309016,0.01090792,0.105769135,0.043705568,0.25718957,0.10181966,0.72556466,0.0071912766,0.09748928,0.034416955,0.24250539,0.11434128,null,null,null,null,"TWOGAUSSIANS",8,2.8409784,0.23309016,0.010922358,0.4,0.0,0.23506807,0.032767236,0.72556466,0.0071912766,0.4,0.0,0.22039051,0.03608142
375316653866487564,1824697790394576384,0.5619021,2098.3890611678703,3.68823889274612,1.04759865E-5,18.187384,0.008565259,0.30156907,0.0034277278,0.07763076,0.0032217794,0.33054537,0.011655842,0.8038831,0.004494161,0.07838963,0.0045255944,0.38375482,0.012895973,null,null,null,null,"TWOGAUSSIANS",8,4.084901,0.8038831,0.004494161,0.4,0.0,0.3797564,0.011780802,0.30156907,0.0034277278,0.4,0.0,0.32654697,0.010973821
375316653866487564,1824697859114116864,0.58641016,2133.2330890195212,1.1225304399026288,5.5064274E-6,16.109592,0.016107218,0.26946706,0.0025591464,0.1227803,0.013485769,0.11499867,0.015675098,0.7656191,0.00162448,0.10896343,0.01076352,0.12818927,0.01502592,null,null,null,null,"TWOGAUSSIANS",8,2.4852831,0.7656191,0.00162448,0.4,0.0,0.10555257,0.0025977877,0.26947707,0.0025673273,0.4,0.0,0.092310846,0.002767228
375316653866487564,1824697893473891200,0.6071134,2139.7175827862407,3.8568400666036755,8.681327E-6,18.201988,0.013287935,0.2826166,0.0014693326,0.05338101,0.0030047488,0.40751722,0.030735321,0.7823801,0.0015562489,0.049446795,0.004501666,0.2981342,0.028977979,0.09894317,0.016989991,0.2826166,0.0014693326,"TWOGAUSSIANS_WITH_ELLIPSOIDAL_ON_ECLIPSE1",9,3.8014545,0.2826166,0.0014693326,0.29893366,0.016826592,0.60539556,0.009239012,0.7824101,0.0013824557,0.27690205,0.025209328,0.49601215,0.014304723
375316653866487564,1824697962193321216,0.47699726,2130.905495361533,2.290822263301301,4.8614642E-5,17.600767,0.18200324,0.25792927,0.0058318838,0.117222115,0.04900372,0.15431747,0.15752405,0.75552917,0.008020164,0.13050318,0.08060165,0.15197521,0.17162298,null,null,null,null,"TWOGAUSSIANS",8,6.370636,0.25795925,0.0058223805,0.4,0.0,0.11543689,0.008281195,0.75552917,0.008020164,0.4,0.0,0.11293149,0.014769252
375316653866487564,1824698267117063296,0.5778665,2105.478776683312,2.3754726015615324,1.1107857E-5,18.39187,0.009590907,0.27656862,0.0017494009,0.08784083,0.0038508351,0.29840782,0.009284136,0.7778858,0.0034299889,0.09001031,0.005212856,0.28543174,0.0106843095,null,null,null,null,"TWOGAUSSIANS",8,2.1170673,0.27656862,0.0017494009,0.4,0.0,0.28742558,0.0072780303,0.7778858,0.0034299889,0.4,0.0,0.27444944,0.008476856
375316653866487564,1824698305790811904,0.42581877,2178.888461360474,0.022595724940497032,2.8750414E-5,19.86677,0.013602641,0.21506684,0.0075835017,0.027342467,0.0069113327,0.19802025,0.046551377,0.7030543,0.006085974,0.072661586,0.0075113974,0.18173744,0.014489961,null,null,null,null,"TWOGAUSSIANS",8,3.0765052,0.21506684,0.0075835017,0.1531178,0.038703464,0.19801956,0.04655159,0.7030543,0.006085974,0.4,0.01232518,0.18173675,0.014488371
375316653866487564,1824698748127746304,0.5143381,2102.313212323325,2.811584324180908,2.6862414E-5,18.794296,0.034854215,0.26998317,0.013185445,0.099411026,0.015441552,0.21980473,0.03440077,0.76371205,0.007200274,0.11236619,0.020276552,0.22177546,0.03033396,null,null,null,null,"TWOGAUSSIANS",8,2.8859742,0.76371205,0.007200274,0.4,0.0,0.19647247,0.011604291,0.26999316,0.013172629,0.4,0.0,0.19452317,0.01581104
375316653866487564,1824698786827079296,0.68537366,2128.8188302360154,0.3684973368253961,1.1852806E-5,14.7343,6.531575E-4,0.4710996,5.3331314E-4,0.018875305,3.1450228E-4,0.432819,0.012196431,0.80239624,1.0902119E-4,0.008965703,1.18289776E-4,0.28120998,0.0014254263,0.0032963764,0.0010461934,0.80239624,1.0902119E-4,"TWOGAUSSIANS_WITH_ELLIPSOIDAL_ON_ECLIPSE2",9,8.138097,0.47106957,5.325704E-4,0.10570171,0.0017612128,0.43439516,0.012178647,0.80239624,1.0902119E-4,0.050207935,6.6242274E-4,0.2878027,0.0019755494
