Gaia/vari_eclipsing_binary/VariEclipsingBinary_250049-250171.csv
# %ECSV 1.0
# ---
# delimiter: ','
# meta: !!omap
# - RELEASE: Gaia DR3
# - TABLE: vari_eclipsing_binary
# - DESCRIPTION: >
#     This table describes the properties of the eclipsing binaries resulting from the variability analysis. 
# - CITATION: >
#     How to cite and acknowledge Gaia: 
#     https://gea.esac.esa.int/archive/documentation/credits.html 
# - KNOWN_ISSUES: >
#     Known issues: 
#     https://www.cosmos.esa.int/web/gaia-users/known-issues 
# - DOCUMENTATION: >
#     Tutorials and documentation: 
#     https://www.cosmos.esa.int/web/gaia-users/archive 
# datatype:
# - 
#   name: solution_id
#   datatype: int64
#   description: Solution Identifier
#   meta:
#     ucd: meta.version
# - 
#   name: source_id
#   datatype: int64
#   description: Unique source identifier
#   meta:
#     ucd: meta.id;meta.main
# - 
#   name: global_ranking
#   datatype: float32
#   description: Number between 0 (worst) and 1 (best)
#   meta:
#     ucd: stat.param
# - 
#   name: reference_time
#   datatype: float64
#   unit: d
#   description: Reference time used for the geometric model fit
#   meta:
#     ucd: time.epoch
# - 
#   name: frequency
#   datatype: float64
#   unit: d**-1
#   description: Frequency of geometric model of the eclipsing binary light curve
#   meta:
#     ucd: src.orbital
# - 
#   name: frequency_error
#   datatype: float32
#   unit: d**-1
#   description: "Uncertainty of \\texttt{frequency}"
#   meta:
#     ucd: stat.error
# - 
#   name: geom_model_reference_level
#   datatype: float32
#   unit: mag
#   description: Magnitude reference level of geometric model
#   meta:
#     ucd: phot.mag;em.opt
# - 
#   name: geom_model_reference_level_error
#   datatype: float32
#   unit: mag
#   description: "Uncertainty of \\texttt{geomModelReferenceLevel}"
#   meta:
#     ucd: stat.error;phot.mag;em.opt
# - 
#   name: geom_model_gaussian1_phase
#   datatype: float32
#   description: Phase of the Gaussian 1 component
#   meta:
#     ucd: time.phase
# - 
#   name: geom_model_gaussian1_phase_error
#   datatype: float32
#   description: "Uncertainty of \\texttt{geomModelGaussian1Phase}"
#   meta:
#     ucd: stat.error;time.phase
# - 
#   name: geom_model_gaussian1_sigma
#   datatype: float32
#   description: "Standard deviation [phase] of Gaussian 1 component"
#   meta:
#     ucd: stat.stdev
# - 
#   name: geom_model_gaussian1_sigma_error
#   datatype: float32
#   description: "Uncertainty of \\texttt{geomModelGaussian1Sigma}"
#   meta:
#     ucd: stat.error
# - 
#   name: geom_model_gaussian1_depth
#   datatype: float32
#   unit: mag
#   description: Magnitude depth of Gaussian 1 component
#   meta:
#     ucd: src.var.amplitude
# - 
#   name: geom_model_gaussian1_depth_error
#   datatype: float32
#   unit: mag
#   description: "Uncertainty of \\texttt{geomModelGaussian1Depth}"
#   meta:
#     ucd: stat.error;src.var.amplitude
# - 
#   name: geom_model_gaussian2_phase
#   datatype: float32
#   description: Phase of Gaussian 2 component
#   meta:
#     ucd: time.phase
# - 
#   name: geom_model_gaussian2_phase_error
#   datatype: float32
#   description: "Uncertainty of \\texttt{geomModelGaussian2Phase}"
#   meta:
#     ucd: stat.error;time.phase
# - 
#   name: geom_model_gaussian2_sigma
#   datatype: float32
[...]
#   datatype: float32
#   description: "Secondary eclipse: uncertainty of \\texttt{derivedSecondaryEclDuration}"
#   meta:
#     ucd: stat.error;time.duration
# - 
#   name: derived_secondary_ecl_depth
#   datatype: float32
#   unit: mag
#   description: "Secondary eclipse: depth"
#   meta:
#     ucd: src.var.amplitude
# - 
#   name: derived_secondary_ecl_depth_error
#   datatype: float32
#   unit: mag
#   description: "Secondary eclipse: uncertainty of \\texttt{derivedSecondaryEclDepth}"
#   meta:
#     ucd: stat.error;src.var.amplitude
solution_id,source_id,global_ranking,reference_time,frequency,frequency_error,geom_model_reference_level,geom_model_reference_level_error,geom_model_gaussian1_phase,geom_model_gaussian1_phase_error,geom_model_gaussian1_sigma,geom_model_gaussian1_sigma_error,geom_model_gaussian1_depth,geom_model_gaussian1_depth_error,geom_model_gaussian2_phase,geom_model_gaussian2_phase_error,geom_model_gaussian2_sigma,geom_model_gaussian2_sigma_error,geom_model_gaussian2_depth,geom_model_gaussian2_depth_error,geom_model_cosine_half_period_amplitude,geom_model_cosine_half_period_amplitude_error,geom_model_cosine_half_period_phase,geom_model_cosine_half_period_phase_error,model_type,num_model_parameters,reduced_chi2,derived_primary_ecl_phase,derived_primary_ecl_phase_error,derived_primary_ecl_duration,derived_primary_ecl_duration_error,derived_primary_ecl_depth,derived_primary_ecl_depth_error,derived_secondary_ecl_phase,derived_secondary_ecl_phase_error,derived_secondary_ecl_duration,derived_secondary_ecl_duration_error,derived_secondary_ecl_depth,derived_secondary_ecl_depth_error
[from data line 36]
375316653866487564,2199481545744533248,0.5211286,2115.3579154239037,2.417504697985591,9.603554E-6,19.246904,0.010788061,0.23291035,0.0029645818,0.07058695,0.0047642323,0.35610756,0.009106797,0.7366483,0.007837945,0.071251184,0.008947078,0.3360633,0.028504062,null,null,null,null,"TWOGAUSSIANS",8,1.942268,0.23291035,0.0029645818,0.39528692,0.023654144,0.35484558,0.008604918,0.7366483,0.007837945,0.3990066,0.02245453,0.33480132,0.029031765
375316653866487564,2199482507817412352,0.53435373,2140.3516185665367,2.519474044272578,7.798683E-6,18.0739,0.0071278894,0.29276535,0.0043127416,0.08680131,0.0077225957,0.15738292,0.012954561,0.8002103,0.0045609083,0.08318073,0.0068842866,0.16916098,0.008852723,null,null,null,null,"TWOGAUSSIANS",8,2.6803188,0.8002103,0.0045609083,0.4,0.0,0.16537663,0.008234624,0.29276535,0.0043127416,0.4,0.0,0.15359855,0.013239356
375316653866487564,2199483233668802048,0.45170328,2125.375318108259,2.9112549585608027,1.5088461E-5,19.521534,0.025179464,0.29859793,0.010077512,0.10884973,0.017895745,0.2571716,0.0255349,0.80659586,0.012144428,0.07693075,0.014352637,0.31116983,0.036944363,null,null,null,null,"TWOGAUSSIANS",8,2.9776902,0.80659586,0.012148416,0.4,0.0,0.2982058,0.03736231,0.29859793,0.010077512,0.4,0.0,0.24419335,0.019097948
375316653866487564,2199483920871453312,0.5560122,2154.7355607870313,0.4490098254271668,6.739365E-6,13.7248335,0.0019410719,0.27621815,9.298546E-4,0.019797448,0.0012022727,0.14319499,0.0046501122,0.77923167,0.008153951,0.014816855,0.0049965493,0.52445495,0.3020437,null,null,null,null,"TWOGAUSSIANS",8,160.34666,0.77923167,0.008153951,0.08297439,0.027980676,0.52445495,0.3020437,0.27621815,9.298546E-4,0.11086571,0.006732727,0.14319499,0.0046501122
375316653866487564,2199486326044833280,0.547806,2131.879267618197,3.1818485641002408,6.1387323E-6,18.901304,0.01169849,0.28675982,0.0030494973,0.08224855,0.004431871,0.42712244,0.013197502,0.7788245,0.0037219687,0.07959139,0.0041483496,0.4849853,0.02001798,null,null,null,null,"TWOGAUSSIANS",8,3.31015,0.7788245,0.0037219687,0.4,0.0,0.47838503,0.019391041,0.28675982,0.0030494973,0.4,0.0,0.42052218,0.01227145
375316653866487564,2199486978888027008,0.5815206,2146.2552083271426,1.4256117225054032,6.848076E-6,15.619667,0.0016238542,0.174789,0.0024254348,0.036025655,0.0050123273,0.014167813,0.00661844,0.66989136,0.0028638022,0.037761696,0.0039466396,0.15029453,0.01882955,0.0360165,0.0024165255,0.174789,0.0024254348,"TWOGAUSSIANS_WITH_ELLIPSOIDAL_ON_ECLIPSE1",9,8.38406,0.67014134,0.002720127,0.21146551,0.02210118,0.22226277,0.019533983,0.174789,0.0024254348,0.20174366,0.028069034,0.08620076,0.0041041453
375316653866487564,2199490689732230784,0.51028967,2140.2020913554375,0.7734854983587246,3.3429856E-6,19.705791,0.005682578,0.35671517,0.0022279397,0.011092466,0.0016482112,0.9656643,0.95693284,0.851586,0.0032081718,0.010371212,0.001567285,0.7472512,0.32017034,null,null,null,null,"TWOGAUSSIANS",8,2.4434981,0.35671517,0.0022279397,0.06211781,0.009229982,0.9656643,0.95693284,0.851586,0.0032081718,0.05807879,0.008776796,0.7472512,0.32017034
375316653866487564,2199491961050382464,0.59944916,2131.776907676708,2.43463685363385,3.211977E-6,16.032248,0.008853041,0.18154469,0.0014183357,0.088554434,0.0029711183,0.36624435,0.008519458,0.6806255,0.0019091269,0.08810613,0.0048190323,0.3798385,0.018410243,null,null,null,null,"TWOGAUSSIANS",8,20.65778,0.6806255,0.0019091269,0.4,0.0,0.3664471,0.020473823,0.18154469,0.0014183357,0.4,0.0,0.3528529,0.0063014138
375316653866487564,2199493056258311296,0.46683174,2136.3891639100657,2.84070260175047,1.7257533E-5,19.57798,0.031684414,0.22925574,0.007999899,0.09883509,0.021053795,0.3013608,0.034997635,0.72229344,0.003297687,0.07886678,0.0073062424,0.35575843,0.035056833,null,null,null,null,"TWOGAUSSIANS",8,4.056863,0.72229344,0.003297687,0.4,0.0,0.3447734,0.02587453,0.22925574,0.007999899,0.4,0.0,0.290374,0.038828243
375316653866487564,2199494263152821376,0.5607716,2161.917159067355,0.4728258775089915,1.17063995E-4,14.633403,9.5208467E-4,0.51121116,0.0022758376,0.02845364,0.00938673,0.40263835,0.5642931,0.8298045,0.019254053,0.03383212,0.010581721,0.0072565107,0.0018873325,null,null,null,null,"TWOGAUSSIANS",8,21.529865,0.51121116,0.0022758376,0.15934038,0.052565686,0.40263835,0.5642931,0.8298045,0.019254053,0.18945989,0.059257634,0.0072565107,0.0018873325
375316653866487564,2199495878060510464,0.6482593,2125.543502947465,0.7373280435699191,3.0723572E-6,14.9716625,0.0020998893,0.2330267,6.021274E-4,0.03981233,8.2277204E-4,0.23944484,0.0070644426,0.7349398,0.0029121584,0.039362635,0.0024558902,0.26339403,0.024631208,0.033315465,0.0029520455,0.2330267,6.021274E-4,"TWOGAUSSIANS_WITH_ELLIPSOIDAL_ON_ECLIPSE1",9,13.146897,0.7349398,0.002904382,0.22043076,0.013752985,0.33001533,0.025182936,0.2330267,6.021274E-4,0.22294906,0.0046075233,0.30607575,0.006280768
375316653866487564,2199496045555633536,0.4624048,2127.05166485459,3.1641356795046063,2.2704937E-5,19.872766,0.015861256,0.15262347,0.011091066,0.08884555,0.014667869,0.24174742,0.020446125,0.6531112,0.011194108,0.08364627,0.019144908,0.20631112,0.01826043,null,null,null,null,"TWOGAUSSIANS",8,1.6889747,0.15262347,0.011091066,0.4,0.0,0.23510006,0.017717514,0.6531112,0.011194108,0.4,0.0019770118,0.19966382,0.02104929
375316653866487564,2199498759974354688,0.48107997,2113.826593066851,0.19586098210881003,2.4339055E-5,18.701244,0.0031283093,0.61528337,0.0039043953,0.017660815,0.0025206571,0.11346542,0.017766904,0.90483576,0.0068280464,0.011281896,0.0051290886,0.6649035,2.3373673,null,null,null,null,"TWOGAUSSIANS",8,2.6018188,0.90483576,0.0068280464,0.06317862,0.028722897,0.6649035,2.3373673,0.61528337,0.0039043953,0.098900564,0.01411568,0.11346542,0.017766904
375316653866487564,2199499588912091648,0.5714054,2132.5181318041696,3.208628159787792,5.4599877E-6,16.59877,0.017793298,0.22056183,0.0037695586,0.107230164,0.010845347,0.22215797,0.015409558,0.71708167,0.0015710774,0.106499314,0.008193357,0.23842227,0.014335514,null,null,null,null,"TWOGAUSSIANS",8,8.050265,0.71708167,0.0015710774,0.4,0.0,0.20972958,0.004927683,0.22056183,0.0037695586,0.4,0.0,0.19346464,0.008563518
375316653866487564,2199499790766740992,0.61756235,2158.940268044403,0.8142918776281143,9.3555E-6,17.518717,0.008018967,0.31774136,0.016951565,0.03247725,0.01811653,1.6055973,0.94125473,0.8210719,0.001547636,0.03570063,0.0028738498,0.23247743,0.008523325,null,null,null,null,"TWOGAUSSIANS",8,13.048818,0.31774136,0.016951565,0.18187259,0.10145257,1.6055973,0.9412548,0.8210719,0.001547636,0.19992355,0.01609356,0.23247743,0.008523319
375316653866487564,2199502268971831040,0.58783954,2110.35399389337,2.5805518213144736,1.0670982E-5,16.690365,0.05315074,0.24771562,0.0027070213,0.053403273,0.021642048,0.10393307,0.106060825,0.7381101,0.011129732,0.047376867,0.034634385,0.15995191,0.062260564,0.09296544,0.05470382,0.24771562,0.0027070213,"TWOGAUSSIANS_WITH_ELLIPSOIDAL_ON_ECLIPSE1",9,12.753791,0.73975015,0.009368574,0.26531047,0.14099967,0.34531915,0.051102094,0.24771562,0.0027070213,0.29905832,0.10328327,0.28986147,0.0118627455
375316653866487564,2199503776496633600,0.50321835,2127.6005080653913,1.9252557468920963,1.2376246E-5,18.458227,0.010289595,0.2657565,0.0062924316,0.106766984,0.02033511,0.083213866,0.0074423812,0.7700782,0.002716522,0.076801285,0.005550421,0.18122852,0.011220734,null,null,null,null,"TWOGAUSSIANS",8,1.8424945,0.7700782,0.002716522,0.4,0.0,0.17612353,0.009127166,0.2657565,0.0062924316,0.4,0.0,0.07810595,0.0060579446
375316653866487564,2199507212470737152,0.5060814,2099.2719389285576,0.894628445485792,1.5697347E-5,19.18067,0.0068550045,0.3537917,0.030137224,0.035239324,0.015439583,0.3526881,0.11714905,0.8181243,0.0031205376,0.023679307,0.0044064275,0.22392625,0.032554805,null,null,null,null,"TWOGAUSSIANS",8,2.2772577,0.3537917,0.030137224,0.19734022,0.08646166,0.3526881,0.11714905,0.8181243,0.0031205376,0.13260412,0.024675993,0.22392625,0.032554805
375316653866487564,2199512370734892032,0.513798,2150.8814979952376,0.8808722496835483,4.054108E-5,15.249123,7.2302675E-4,0.279526,0.0034124395,0.019518308,0.0038396271,0.053053048,0.011353368,null,null,null,null,null,null,0.010179405,9.869705E-4,0.279526,0.0034124395,"ONEGAUSSIAN_WITH_ELLIPSOIDAL",6,5.7782564,0.279526,0.0034124395,0.10930252,0.021501912,0.07341186,0.011505372,null,null,null,null,null,null
375316653866487564,2199514260520608768,0.48876506,2141.0378668770672,0.5115695613270921,1.8218747E-5,14.489537,0.0014656743,0.23747338,0.0042645093,0.023359502,0.0058153556,0.07746062,0.017103337,null,null,null,null,null,null,0.016460942,0.0021474499,0.23747338,0.0042645093,"ONEGAUSSIAN_WITH_ELLIPSOIDAL",6,26.57911,0.23747338,0.0042645093,0.13081321,0.032565992,0.110382505,0.017823612,null,null,null,null,null,null
375316653866487564,2199514810276416256,0.54232013,2159.381343381776,0.008543892009308465,3.6838024E-5,13.975261,0.0014708887,0.08469724,0.0034095028,0.017376227,0.001938437,0.41745704,0.028998856,null,null,null,null,null,null,null,null,null,null,"ONEGAUSSIAN",5,203.45038,0.08469724,0.0034095028,0.09730687,0.010855247,0.41745704,0.0,null,null,null,null,null,null
375316653866487564,2199515428751764864,0.6748729,2132.0536651594985,2.0201009228721243,2.4331546E-6,15.1551895,0.007904089,0.24049525,0.0012253373,0.05727744,0.0030567793,0.30346045,0.015818292,0.7414572,0.0022168967,0.05967708,0.0027535423,0.2638462,0.018628608,0.095660865,0.009394704,0.24049525,0.0012253373,"TWOGAUSSIANS_WITH_ELLIPSOIDAL_ON_ECLIPSE1",9,19.547112,0.24049525,0.0012253373,0.32075366,0.017117964,0.49472192,0.008228301,0.7414572,0.0020387713,0.33419162,0.015419836,0.45510066,0.005923231
375316653866487564,2199520239115372160,0.5445679,2137.619972208723,0.8620468740644761,8.627571E-6,17.02404,9.998635E-4,0.23521556,0.0022365483,0.033650655,0.0023862359,0.06767441,0.003780369,0.8775904,0.032169566,0.026009243,0.033801094,0.008221068,2.60205584E8,0.02442984,0.0012976105,0.23521556,0.0022365483,"TWOGAUSSIANS_WITH_ELLIPSOIDAL_ON_ECLIPSE1",9,1.4067137,0.23521556,0.0022365483,0.18844366,0.013362921,0.11653395,0.0033423097,0.8775904,0.032169566,0.14565176,0.18928613,0.027359072,2.60205584E8
375316653866487564,2199522639992396544,0.54349065,2124.5281159431674,3.556320023075497,1.0857963E-5,17.596464,0.009553288,0.26644233,0.0037089945,0.08255052,0.004291852,0.4753136,0.016242158,0.7619355,0.0026388776,0.081222855,0.0043343003,0.4537871,0.029524248,null,null,null,null,"TWOGAUSSIANS",8,20.941559,0.26644233,0.0037089945,0.4,0.0,0.46723387,0.016067294,0.7619355,0.0026388776,0.4,0.0,0.44570735,0.030470679
375316653866487564,2199523361547255424,0.60024285,2147.782245713184,3.4428898715306433,6.0764232E-6,15.600663,0.025337791,0.25277904,0.0026366285,0.05356606,0.006439962,0.3622039,0.053907145,0.7454522,0.0025090128,0.058432195,0.0057762284,0.44291306,0.05889089,0.10646775,0.03281963,0.7454522,0.0025090128,"TWOGAUSSIANS_WITH_ELLIPSOIDAL_ON_ECLIPSE2",9,106.22652,0.7454522,0.0025090128,0.3272203,0.032346882,0.6557973,0.028399404,0.25191903,0.0022437589,0.29996994,0.036063787,0.5746901,0.01816318
375316653866487564,2199524705881616640,0.6435371,2110.934782309265,2.2205318803018885,5.342712E-6,13.59503,0.0028292763,0.23721583,0.0015971579,0.08884121,0.0021717602,0.40465936,0.007591701,0.7380466,0.0015644273,0.083220355,0.0014458001,0.45863461,0.0073681856,null,null,null,null,"TWOGAUSSIANS",8,121.27272,0.7380466,0.0015644273,0.4,0.0,0.4462143,0.007444182,0.23721583,0.0015971579,0.4,0.0,0.39223894,0.008211913
375316653866487564,2199526011551655936,0.58263487,2108.9529773170416,1.9238849184170308,4.5652337E-6,16.429226,0.026209341,0.11464161,0.0049779494,0.049895592,0.009006484,0.30811584,0.06941483,0.61878437,0.0020894334,0.05003287,0.008914893,0.3017212,0.046906523,0.12941398,0.029558612,0.61878437,0.0020894334,"TWOGAUSSIANS_WITH_ELLIPSOIDAL_ON_ECLIPSE2",9,49.8092,0.11523161,0.00433207,0.2794153,0.050436314,0.56679046,0.05750189,0.61878437,0.0020894334,0.28018406,0.049923398,0.5605463,0.031101532
375316653866487564,2199526045911495424,0.51807255,2113.0376821281125,0.6917051464269527,1.932696E-5,15.718488,0.0017241808,0.22074723,0.0032099148,0.020162106,0.003108719,0.19455148,0.09553474,0.7220789,0.0021392086,0.021458324,0.015692588,0.07769601,0.015698276,null,null,null,null,"TWOGAUSSIANS",8,15.057199,0.22074723,0.0032099148,0.11290779,0.017408825,0.19455148,0.09553474,0.7220789,0.0021392086,0.120166615,0.087878495,0.07769601,0.015698276
375316653866487564,2199528274990216960,0.5518897,2110.2252030190334,0.6707352045708138,3.3841865E-5,18.157562,0.0024913636,0.277117,2.9633136E-4,0.016835017,5.160658E-4,0.47153842,0.028919809,0.46332306,0.0047344393,0.035225075,0.0057136216,0.043961897,0.004964611,null,null,null,null,"TWOGAUSSIANS",8,4.229593,0.277117,2.9633136E-4,0.09427609,0.0028899687,0.47153845,0.028919805,0.46332306,0.0047344393,0.19726041,0.03199628,0.043961897,0.004964611
375316653866487564,2199529035208729216,0.60706043,2090.8980875262305,1.1277309708611958,2.4025294E-6,17.068743,0.0024786978,0.22393078,0.0017592973,0.04038118,0.0024435427,0.16655841,0.0062945676,0.7462332,0.0031059096,0.016144505,0.005546694,0.24266617,0.30298477,0.04362571,0.00321696,0.22393078,0.0017592973,"TWOGAUSSIANS_WITH_ELLIPSOIDAL_ON_ECLIPSE1",9,2.1790113,0.7462332,0.0031059096,0.090409234,0.031061487,0.32821545,0.30624044,0.22393078,0.0017592973,0.2261346,0.013683839,0.25380984,0.005282679
375316653866487564,2199529065263843968,0.6069487,2113.740848305109,2.9957734184712086,3.7809878E-6,19.056742,0.011462027,0.27820173,0.0016759292,0.042999033,0.0030300866,0.40888697,0.036357146,0.77737075,0.0022690666,0.044661447,0.0023685258,0.44509533,0.035895295,0.11382694,0.015244468,0.27820173,0.0016759292,"TWOGAUSSIANS_WITH_ELLIPSOIDAL_ON_ECLIPSE1",9,2.1011226,0.7774307,0.0020809663,0.2501041,0.013263744,0.6727431,0.02735402,0.27820173,0.0016759292,0.24079457,0.016968485,0.6365405,0.024878724
375316653866487564,2199529172642041216,0.52265316,2113.4702593512834,2.0198854060577944,9.421327E-6,19.3658,0.012059848,0.25900126,0.009737726,0.09116374,0.013697606,0.19888115,0.01791257,0.74889284,0.0035507837,0.07657025,0.005503887,0.36976007,0.020225119,null,null,null,null,"TWOGAUSSIANS",8,1.3717223,0.74889284,0.0035507837,0.4,0.0,0.36464927,0.020160872,0.25900126,0.009737726,0.4,0.0,0.1937702,0.017708365
375316653866487564,2199529378800604544,0.51907504,2131.0896815910837,2.9426799996364084,8.307884E-6,19.690601,0.012680088,0.19204937,0.0026658168,0.058226056,0.0027205455,0.6257413,0.025795806,0.68855333,0.0032222485,0.0630311,0.0032966305,0.7599935,0.048278626,null,null,null,null,"TWOGAUSSIANS",8,2.8605173,0.68855333,0.0032222485,0.35297415,0.01846113,0.759744,0.048323367,0.19204937,0.0026658168,0.3260659,0.015235055,0.62549186,0.025786584
375316653866487564,2199529615019866112,0.6013869,2126.5126011601255,1.2178687801829362,8.60071E-6,17.918627,0.0029257687,0.3094423,0.0020272369,0.046033885,0.0013757775,0.5852704,0.010955265,0.7957518,0.0057440363,0.06407729,0.0052311122,0.09971776,0.008623446,null,null,null,null,"TWOGAUSSIANS",8,3.6586971,0.3094423,0.0020272369,0.25778976,0.007704354,0.58526284,0.010953814,0.7957518,0.0057440363,0.3588328,0.029294228,0.0997102,0.008625854
375316653866487564,2199529688043754496,0.6217654,2126.250177674642,1.4067939065788595,3.5288513E-6,15.371785,0.005621658,0.28963318,0.003534762,0.054309893,0.021759408,0.015225732,0.0185476,0.7813795,0.0023569642,0.06567196,0.0035916157,0.107069686,0.012112324,0.047676876,0.007094341,0.28963318,0.003534762,"TWOGAUSSIANS_WITH_ELLIPSOIDAL_ON_ECLIPSE1",9,8.736098,0.78329957,0.0010095688,0.36776298,0.020113047,0.20217992,0.003247569,0.28963318,0.003534762,0.3041354,0.12185269,0.11053265,0.010625798
