Gaia/vari_eclipsing_binary/VariEclipsingBinary_467009-467023.csv
# %ECSV 1.0
# ---
# delimiter: ','
# meta: !!omap
# - RELEASE: Gaia DR3
# - TABLE: vari_eclipsing_binary
# - DESCRIPTION: >
#     This table describes the properties of the eclipsing binaries resulting from the variability analysis. 
# - CITATION: >
#     How to cite and acknowledge Gaia: 
#     https://gea.esac.esa.int/archive/documentation/credits.html 
# - KNOWN_ISSUES: >
#     Known issues: 
#     https://www.cosmos.esa.int/web/gaia-users/known-issues 
# - DOCUMENTATION: >
#     Tutorials and documentation: 
#     https://www.cosmos.esa.int/web/gaia-users/archive 
# datatype:
# - 
#   name: solution_id
#   datatype: int64
#   description: Solution Identifier
#   meta:
#     ucd: meta.version
# - 
#   name: source_id
#   datatype: int64
#   description: Unique source identifier
#   meta:
#     ucd: meta.id;meta.main
# - 
#   name: global_ranking
#   datatype: float32
#   description: Number between 0 (worst) and 1 (best)
#   meta:
#     ucd: stat.param
# - 
#   name: reference_time
#   datatype: float64
#   unit: d
#   description: Reference time used for the geometric model fit
#   meta:
#     ucd: time.epoch
# - 
#   name: frequency
#   datatype: float64
#   unit: d**-1
#   description: Frequency of geometric model of the eclipsing binary light curve
#   meta:
#     ucd: src.orbital
# - 
#   name: frequency_error
#   datatype: float32
#   unit: d**-1
#   description: "Uncertainty of \\texttt{frequency}"
#   meta:
#     ucd: stat.error
# - 
#   name: geom_model_reference_level
#   datatype: float32
#   unit: mag
#   description: Magnitude reference level of geometric model
#   meta:
#     ucd: phot.mag;em.opt
# - 
#   name: geom_model_reference_level_error
#   datatype: float32
#   unit: mag
#   description: "Uncertainty of \\texttt{geomModelReferenceLevel}"
#   meta:
#     ucd: stat.error;phot.mag;em.opt
# - 
#   name: geom_model_gaussian1_phase
#   datatype: float32
#   description: Phase of the Gaussian 1 component
#   meta:
#     ucd: time.phase
# - 
#   name: geom_model_gaussian1_phase_error
#   datatype: float32
#   description: "Uncertainty of \\texttt{geomModelGaussian1Phase}"
#   meta:
#     ucd: stat.error;time.phase
# - 
#   name: geom_model_gaussian1_sigma
#   datatype: float32
#   description: "Standard deviation [phase] of Gaussian 1 component"
#   meta:
#     ucd: stat.stdev
# - 
#   name: geom_model_gaussian1_sigma_error
#   datatype: float32
#   description: "Uncertainty of \\texttt{geomModelGaussian1Sigma}"
#   meta:
#     ucd: stat.error
# - 
#   name: geom_model_gaussian1_depth
#   datatype: float32
#   unit: mag
#   description: Magnitude depth of Gaussian 1 component
#   meta:
#     ucd: src.var.amplitude
# - 
#   name: geom_model_gaussian1_depth_error
#   datatype: float32
#   unit: mag
#   description: "Uncertainty of \\texttt{geomModelGaussian1Depth}"
#   meta:
#     ucd: stat.error;src.var.amplitude
# - 
#   name: geom_model_gaussian2_phase
#   datatype: float32
#   description: Phase of Gaussian 2 component
#   meta:
#     ucd: time.phase
# - 
#   name: geom_model_gaussian2_phase_error
#   datatype: float32
#   description: "Uncertainty of \\texttt{geomModelGaussian2Phase}"
#   meta:
#     ucd: stat.error;time.phase
# - 
#   name: geom_model_gaussian2_sigma
#   datatype: float32
[...]
#   datatype: float32
#   description: "Secondary eclipse: uncertainty of \\texttt{derivedSecondaryEclDuration}"
#   meta:
#     ucd: stat.error;time.duration
# - 
#   name: derived_secondary_ecl_depth
#   datatype: float32
#   unit: mag
#   description: "Secondary eclipse: depth"
#   meta:
#     ucd: src.var.amplitude
# - 
#   name: derived_secondary_ecl_depth_error
#   datatype: float32
#   unit: mag
#   description: "Secondary eclipse: uncertainty of \\texttt{derivedSecondaryEclDepth}"
#   meta:
#     ucd: stat.error;src.var.amplitude
solution_id,source_id,global_ranking,reference_time,frequency,frequency_error,geom_model_reference_level,geom_model_reference_level_error,geom_model_gaussian1_phase,geom_model_gaussian1_phase_error,geom_model_gaussian1_sigma,geom_model_gaussian1_sigma_error,geom_model_gaussian1_depth,geom_model_gaussian1_depth_error,geom_model_gaussian2_phase,geom_model_gaussian2_phase_error,geom_model_gaussian2_sigma,geom_model_gaussian2_sigma_error,geom_model_gaussian2_depth,geom_model_gaussian2_depth_error,geom_model_cosine_half_period_amplitude,geom_model_cosine_half_period_amplitude_error,geom_model_cosine_half_period_phase,geom_model_cosine_half_period_phase_error,model_type,num_model_parameters,reduced_chi2,derived_primary_ecl_phase,derived_primary_ecl_phase_error,derived_primary_ecl_duration,derived_primary_ecl_duration_error,derived_primary_ecl_depth,derived_primary_ecl_depth_error,derived_secondary_ecl_phase,derived_secondary_ecl_phase_error,derived_secondary_ecl_duration,derived_secondary_ecl_duration_error,derived_secondary_ecl_depth,derived_secondary_ecl_depth_error
[from data line 188]
375316653866487564,4107917145348465152,0.58128446,2307.9884199202097,0.3826662787155857,9.880608E-6,15.241979,0.0012794507,0.3422916,0.004163348,0.019401131,0.003775181,0.09833917,0.016063696,0.84131134,2.2776866E-4,0.013449905,8.0433727E-4,0.42712155,0.029045409,null,null,null,null,"TWOGAUSSIANS",8,21.662628,0.84131134,2.2776866E-4,0.07531947,0.004504289,0.42712155,0.029045409,0.3422916,0.004163348,0.10864634,0.021141013,0.09833917,0.016063696
375316653866487564,4107917454514488704,0.5159423,2305.6253729190303,2.736318709428845,1.1603216E-5,19.482464,0.013052936,0.23552723,0.002846581,0.08131828,0.006823374,0.32852557,0.02471653,0.74680436,0.00747794,0.094325475,0.011920436,0.20249557,0.01590273,null,null,null,null,"TWOGAUSSIANS",8,1.1398785,0.23552723,0.002846581,0.4,0.0,0.32126832,0.025951482,0.74680436,0.00747794,0.4,0.0,0.19523793,0.015681302
375316653866487564,4107917626313366912,0.46778098,2339.8201825958417,1.2700857376571049,2.5809792E-5,18.592247,0.013952927,0.26116326,0.017693998,0.08242785,0.0151567925,0.2001798,0.021788659,0.775256,0.005649124,0.07604482,0.007911717,0.2697205,0.012135295,null,null,null,null,"TWOGAUSSIANS",8,8.597988,0.775256,0.005649124,0.4,0.0,0.26733157,0.009348377,0.26116326,0.017693998,0.4,0.0,0.19779089,0.01685387
375316653866487564,4107917901193254016,0.4355262,2324.5611900517843,2.4823653047142296,3.7226684E-5,19.246355,0.372516,0.17119978,0.009186838,0.09767984,0.054787826,0.2563498,0.27599967,0.67256796,0.010505009,0.12868215,0.08653354,0.22519085,0.36730683,null,null,null,null,"TWOGAUSSIANS",8,4.9743633,0.17118979,0.009249461,0.4,0.0,0.216194,0.037920386,0.67256796,0.0105073,0.4,0.0,0.18479864,0.024971532
375316653866487564,4107917935553302528,0.5214034,2327.9876897045096,1.3683359367394055,1.9335272E-5,19.58425,0.025539713,0.24362974,0.0041382574,0.06447084,0.0053231195,0.72549653,0.032802913,0.754404,0.008061117,0.06409874,0.0098040085,0.65458333,0.053654104,null,null,null,null,"TWOGAUSSIANS",8,4.5099506,0.24362974,0.0041382574,0.36103672,0.02980947,0.72498107,0.0325879,0.754404,0.008061117,0.35895294,0.054902446,0.6540679,0.05374017
375316653866487564,4107919000774398976,0.43697798,2327.5144602723954,4.081531596140134,1.5726757E-4,19.709057,0.023272345,0.2904257,0.046039876,0.06165605,0.012930135,0.10742178,0.04965465,0.61768335,0.04068362,0.11807665,0.04071153,0.39485738,0.03533904,null,null,null,null,"TWOGAUSSIANS",8,3.1548536,0.61768335,0.04068362,0.4,0.0,0.39441556,0.032714404,0.29884568,0.27251515,0.34527388,0.07240876,0.116289854,0.28962815
375316653866487564,4107919035064471168,0.44361004,2372.000360083585,1.3005859528798527,1.1290523E-6,19.557283,0.012866989,0.2857479,3.0969693E-6,0.0018013034,3.6755402E-5,0.3410494,0.011451428,0.47383207,0.019992368,0.066875786,0.013091381,0.10594321,0.038753428,null,null,null,null,"TWOGAUSSIANS",8,2.3278418,0.2857479,3.0969693E-6,0.010087299,2.0583025E-4,0.34307933,0.01292834,0.47383207,0.019992368,0.37450442,0.07331173,0.10594321,0.038753428
375316653866487564,4107919275586747776,0.53920466,2312.4148517831077,1.577355561380577,1.1648564E-5,19.590372,0.008113485,0.27970132,0.0039513004,0.08718105,0.0054463195,0.36806878,0.014581051,0.77740264,0.0070163347,0.07407676,0.005874533,0.322353,0.015930437,null,null,null,null,"TWOGAUSSIANS",8,1.0629256,0.27970132,0.0039513004,0.4,0.0,0.3626706,0.01501931,0.77740264,0.0070163347,0.4,0.0012467041,0.31695488,0.014634428
375316653866487564,4107919481810799232,0.44296435,2307.4357704376125,1.7225681772103874,6.915509E-5,15.95628,0.03230144,0.25162843,0.021518808,0.013594574,0.024839591,0.13463207,0.069875345,0.4249738,0.035488863,0.20450409,0.08480353,0.07187147,0.026745787,null,null,null,null,"TWOGAUSSIANS",8,58.547436,0.25190845,0.019707816,0.076129615,0.13910171,0.1776262,0.07769737,0.4249738,0.035488863,0.4,0.0,0.0646357,0.0104319025
375316653866487564,4107919653540391296,0.57566035,2303.682268105989,0.2314420994741965,8.431381E-6,18.682293,0.0033684825,0.6111793,0.0016584214,0.010705318,0.0021128396,0.3121539,0.16889173,0.8442682,2.9535757E-4,0.015515291,4.3275935E-4,0.7032492,0.009662683,0.023431102,0.00705425,0.8442682,2.9535757E-4,"TWOGAUSSIANS_WITH_ELLIPSOIDAL_ON_ECLIPSE2",9,3.309305,0.8442682,2.9535757E-4,0.08688563,0.0024234522,0.7501114,0.011164699,0.61119926,0.0016423704,0.05994978,0.011831902,0.31268162,0.168978
375316653866487564,4107919756620010624,0.5076486,2323.3527269653114,4.157740437839408,6.430242E-5,19.621195,0.018336864,0.2784763,0.008936448,0.14003247,0.014913612,0.4933953,0.027616149,0.94970614,0.0105547905,0.045531813,0.009603062,0.09829011,0.017078724,null,null,null,null,"TWOGAUSSIANS",8,3.173453,0.2784763,0.008936448,0.4,0.0,0.49164605,0.027984237,0.96370614,0.015700793,0.25497815,0.053777147,0.13145149,0.01810713
375316653866487564,4107920753052459008,0.48720002,2305.5539550938784,1.2926783447245422,4.7242385E-5,18.78219,0.02249128,0.19043651,0.00473007,0.1156769,0.013395678,0.23756397,0.02122745,0.68432254,0.008135686,0.07674719,0.012015626,0.3219715,0.05937101,null,null,null,null,"TWOGAUSSIANS",8,5.570467,0.68432254,0.008135686,0.4,0.01006809,0.30564794,0.062423833,0.19043651,0.00473007,0.4,0.0,0.2211977,0.015384133
375316653866487564,4107920787480535296,0.48974505,2331.669221651639,0.3577271072630972,2.1331503E-5,19.232588,0.014477929,0.4217829,0.0322968,0.021591775,0.018152341,0.078596815,0.062081438,0.73740095,0.0015756799,0.02391969,0.004988587,1.2914311,2.5220933,0.09087942,0.02909189,0.73740095,0.0015756799,"TWOGAUSSIANS_WITH_ELLIPSOIDAL_ON_ECLIPSE2",9,16.300293,0.73740095,0.0015756799,0.13395026,0.027936086,1.4731886,2.5238435,0.4163329,0.025642985,0.12091394,0.10165311,0.110026985,0.07418069
375316653866487564,4107920890488673024,0.48596635,2351.3660110894625,2.558631546228846,2.5725494E-5,19.507662,0.158383,0.25956565,0.0073355422,0.12030288,0.036729578,0.3907816,0.14929166,0.7736032,0.0071118074,0.12152046,0.035576943,0.38128838,0.14606704,null,null,null,null,"TWOGAUSSIANS",8,2.4929836,0.25947565,0.0073085534,0.4,0.0,0.31034854,0.018013552,0.7736932,0.006911483,0.4,0.0,0.3008315,0.02132779
375316653866487564,4107920924848437632,0.49606463,2362.000992824367,0.678671304261035,2.9862204E-5,18.2129,0.0045204596,0.28663373,0.0084875,0.053621653,0.013825064,0.12705827,0.013761971,0.79521626,0.013099247,0.043451954,0.010402231,0.052747037,0.008454971,null,null,null,null,"TWOGAUSSIANS",8,2.689241,0.28663373,0.0084875,0.30028126,0.077420354,0.12705807,0.013763951,0.79521626,0.013099247,0.24333094,0.058252495,0.05274685,0.00845384
375316653866487564,4107920959279247488,0.47290385,2364.3237661239036,1.82223598624247,3.0386273E-5,18.422462,1.0213234,0.2667383,0.009028619,0.16535766,0.06747291,1.2002763,0.8179568,0.7571,0.0059841885,0.21294227,0.0914058,1.2520202,1.0036887,null,null,null,null,"TWOGAUSSIANS",8,6.0691953,0.2721783,0.004374723,0.4,0.0,0.37967238,0.033600993,0.7571,0.0059841885,0.4,0.0,0.29646555,0.06443344
375316653866487564,4107921062291024896,0.46500447,2352.7787598041223,2.9479005538915914,4.068412E-5,19.74255,0.023350405,0.20164202,0.010362863,0.089962214,0.015329124,0.33612168,0.056087915,0.7075384,0.007917688,0.06923854,0.011836301,0.41028368,0.046821892,null,null,null,null,"TWOGAUSSIANS",8,5.0648212,0.7075384,0.007917688,0.38773584,0.05611017,0.40563294,0.04822472,0.20164202,0.010362863,0.4,0.0,0.3314708,0.05835392
375316653866487564,4107921302808790656,0.47008085,2323.3942455020842,1.2671422033751645,2.2801132E-5,18.403374,0.017061617,0.28850862,0.0168133,0.08398156,0.017235596,0.18415576,0.03310561,0.797004,0.0048213894,0.0988313,0.01262849,0.21881768,0.016160639,null,null,null,null,"TWOGAUSSIANS",8,8.824267,0.797004,0.0048213894,0.4,0.0,0.21039835,0.015437035,0.28850862,0.0168133,0.4,0.0,0.17573775,0.033029966
375316653866487564,4107921332851991680,0.52949,2320.8585012758244,0.8204697460869139,8.8116785E-6,18.327322,0.0029552495,0.19787401,0.003588885,0.069944054,0.0042153043,0.13381788,0.0050925706,0.6926106,0.002033267,0.0575202,0.003479386,0.2505287,0.01023851,null,null,null,null,"TWOGAUSSIANS",8,1.8212116,0.6926106,0.002033267,0.32211313,0.019484561,0.25039256,0.0102921445,0.19787401,0.003588885,0.3916867,0.021590892,0.13368174,0.0050929696
375316653866487564,4107921539010423040,0.42095348,2329.9391480825648,2.1755715011251886,3.1842264E-5,18.928896,0.011366003,0.25864187,0.012945432,0.04018259,0.016897205,0.032837626,0.03973803,0.7872053,0.007105041,0.02722708,0.006836916,0.15277377,0.046287104,0.07144785,0.018229004,0.25864187,0.012945432,"TWOGAUSSIANS_WITH_ELLIPSOIDAL_ON_ECLIPSE1",9,16.105556,0.7872053,0.007105041,0.15247165,0.038286727,0.29111603,0.03828515,0.25864187,0.012945432,0.22502251,0.09462435,0.17573322,0.025275268
375316653866487564,4107921779528507264,0.50293916,2360.6127812794234,0.5085313283038128,5.5537337E-5,18.852577,0.021916188,0.23879799,0.008699573,0.0376326,0.01203289,0.12420711,0.031583533,0.73651904,0.0013332498,0.030339617,0.0013455409,1.2221775,0.109257534,null,null,null,null,"TWOGAUSSIANS",8,20.310347,0.73651904,0.0013332498,0.16990186,0.007535029,1.2221775,0.109257534,0.23879799,0.008699573,0.21074255,0.06738418,0.12420711,0.031583533
375316653866487564,4107922024364581760,0.44013083,2355.0280156606195,3.0711861223692405,2.9422312E-5,19.666462,0.085996464,0.26831093,0.012136329,0.10874691,0.034533873,0.34190422,0.062708445,0.76218474,0.010586638,0.1089644,0.02623439,0.33875617,0.08407844,null,null,null,null,"TWOGAUSSIANS",8,5.6307826,0.26832095,0.012148912,0.4,0.0,0.29628232,0.03153253,0.76218474,0.010586638,0.4,0.0,0.29313368,0.0414229
375316653866487564,4107922264882420992,0.51165056,2363.853117692238,0.5151551313571205,6.314437E-5,18.227102,0.0034651523,0.21518551,0.0026564868,0.040132854,0.0055309595,0.23170178,0.06265079,0.71666694,0.0019055257,0.027833782,0.0027360863,0.66916513,0.15578397,null,null,null,null,"TWOGAUSSIANS",8,5.25682,0.71666694,0.0019055257,0.15586917,0.015322083,0.66916513,0.15578397,0.21518551,0.0026564868,0.22474398,0.030973373,0.23170178,0.06265079
375316653866487564,4107922505400947584,0.51377374,2343.9135316546112,0.4114904825296593,3.5225756E-5,19.551928,0.00478201,0.32885158,2.951903E-4,0.009701705,3.2792406E-4,0.6203567,0.031303708,0.8264391,0.008690351,0.038833443,0.007140228,0.37606698,0.34570047,null,null,null,null,"TWOGAUSSIANS",8,1.5885859,0.32885158,2.951903E-4,0.054329548,0.0018363746,0.6203567,0.031303708,0.8264391,0.008690351,0.2174673,0.039985277,0.37606698,0.34570047
375316653866487564,4107923089515724544,0.42107636,2330.0880077940797,1.2074590931035813,1.2728054E-4,19.543264,0.056416716,0.346684,0.02019496,0.0499834,0.022338085,0.77166456,0.20585491,0.78314614,0.018504072,0.11483257,0.036215175,0.23140316,0.06512453,null,null,null,null,"TWOGAUSSIANS",8,25.820787,0.346704,0.020147385,0.27990705,0.12509328,0.7701194,0.20834471,0.78314614,0.018504072,0.4,0.0,0.2296878,0.06179871
375316653866487564,4107923158235526784,0.54238397,2365.776246021796,3.2131851466770884,1.0965536E-5,18.667639,0.012620055,0.2642433,0.002616096,0.078818604,0.0066473503,0.41427353,0.041731734,0.7531027,0.0031204459,0.08147488,0.0051822406,0.43948752,0.01482774,null,null,null,null,"TWOGAUSSIANS",8,3.5126925,0.7531027,0.0031204459,0.4,0.0,0.43419948,0.015239648,0.2642433,0.002616096,0.4,0.0,0.4089855,0.04339731
375316653866487564,4107923398753544192,0.50366443,2341.2318059271274,4.539822027314113,6.169129E-5,19.819445,0.027594337,0.34301153,0.006960144,0.14219436,0.011830567,0.5004124,0.03171256,0.6960702,0.02041176,0.033267323,0.01463425,0.059869967,0.027681725,null,null,null,null,"TWOGAUSSIANS",8,2.5721245,0.34301153,0.006960144,0.4,0.0,0.4983414,0.031095613,0.6960702,0.02041176,0.186297,0.0819518,0.08075678,0.032000832
375316653866487564,4107923433113343616,0.44836876,2323.7716023601824,3.6910144477164946,5.785746E-5,19.40896,0.022320298,0.27374965,0.012724601,0.06656902,0.012883364,0.31607285,0.052173834,0.75983167,0.009466617,0.080784485,0.022523569,0.28084493,0.025410373,null,null,null,null,"TWOGAUSSIANS",8,7.85869,0.27374965,0.012724601,0.37278655,0.07214684,0.3147274,0.05201386,0.75983167,0.009466617,0.4,0.0,0.27949944,0.027191686
375316653866487564,4107923570552365568,0.47479805,2322.649358080407,1.2128178198331074,1.09769026E-4,19.588575,0.008108866,0.24581972,0.009171478,0.058767363,0.014387456,0.7665982,0.40551743,0.7654966,0.022023,0.046246562,0.017396785,0.11566549,0.03630808,null,null,null,null,"TWOGAUSSIANS",8,2.5222304,0.24581972,0.009171478,0.32909724,0.079360224,0.76659507,0.40555093,0.7654966,0.022023,0.25898075,0.097422004,0.11566235,0.036309402
375316653866487564,4107923604912177152,0.47390604,2326.2167609797366,0.02392714641232695,1.0349672E-4,19.788052,0.009442897,0.32015705,0.029794091,0.07259245,0.016740948,0.6079958,0.05571122,0.8303193,0.006350958,0.032056645,0.008207141,0.18096976,0.025068654,null,null,null,null,"TWOGAUSSIANS",8,2.5085216,0.32015705,0.029794091,0.4,0.071610905,0.60799044,0.05571153,0.8303193,0.006350958,0.17951721,0.04595999,0.1809644,0.025070969
375316653866487564,4107923639272213120,0.52290744,2313.268148092298,1.325984329877284,1.39557005E-5,18.451637,0.0072606727,0.24550202,0.0020433215,0.08914412,0.004100147,0.25050735,0.009276095,0.7488751,0.008943894,0.08255075,0.008080516,0.16635388,0.019265829,null,null,null,null,"TWOGAUSSIANS",8,2.6342967,0.24550202,0.0020433215,0.4,0.0,0.24492522,0.0090452,0.7488751,0.008943894,0.4,0.0,0.16077182,0.02006961
375316653866487564,4107923708074630528,0.49246982,2318.2745612505837,0.5903234692448499,2.0980986E-5,18.286364,0.0033719994,0.19892243,0.0056086,0.027477993,0.008331564,0.1782095,0.06323862,null,null,null,null,null,null,0.017126817,0.0050966567,0.19892243,0.0056086,"ONEGAUSSIAN_WITH_ELLIPSOIDAL",6,2.0589306,0.19892243,0.0056086,0.15387675,0.046656758,0.21246314,0.06658061,null,null,null,null,null,null
375316653866487564,4107923742351245184,0.47917137,2332.4797149340234,2.658781809081135,8.189146E-5,19.523615,0.009564464,0.33915365,0.0109930225,0.021346364,0.015368034,0.19039898,0.03879928,0.77505505,0.013481828,0.07071536,0.009787292,0.24141261,0.018841209,null,null,null,null,"TWOGAUSSIANS",8,2.6616168,0.77505505,0.013481828,0.39600602,0.042195786,0.24141261,0.01884124,0.33915365,0.0109930225,0.11953963,0.08606099,0.19039898,0.038799454
375316653866487564,4107923982869792128,0.5331583,2331.6014773978845,2.053525164022137,1.6147895E-5,19.426058,0.019014446,0.15539351,0.0057324166,0.080603205,0.00835354,0.2943382,0.021102522,0.6471926,0.004047943,0.08809458,0.009280445,0.28298378,0.018639902,null,null,null,null,"TWOGAUSSIANS",8,1.1283978,0.15539351,0.0057324166,0.4,0.0,0.28817502,0.015036172,0.6471926,0.004047943,0.4,0.0,0.2768205,0.015012333
375316653866487564,4107924012903752448,0.56386954,2326.6016693935094,0.1874006496763043,6.2838244E-6,18.2286,0.0038089538,0.29728135,6.520657E-4,0.021067493,0.0013558668,0.49629393,0.04831034,null,null,null,null,null,null,0.05007345,0.006978155,0.29728135,6.520657E-4,"ONEGAUSSIAN_WITH_ELLIPSOIDAL",6,3.4311626,0.29728135,6.520657E-4,0.117977954,0.007592854,0.5964406,0.048202638,null,null,null,null,null,null
375316653866487564,4107924773144623360,0.43178684,2349.0745877106224,2.5727951592074385,4.5606408E-5,19.46018,0.052308504,0.29402727,0.011281187,0.087443925,0.028657285,0.23732084,0.043990146,0.7465153,0.018424213,0.11915003,0.035939913,0.17043322,0.050563578,null,null,null,null,"TWOGAUSSIANS",8,4.432306,0.29414728,0.01126195,0.4,0.0,0.22597942,0.028561195,0.7465153,0.018424213,0.4,0.0,0.15896165,0.029742267
