Gaia/vari_eclipsing_binary/VariEclipsingBinary_490284-490315.csv
# %ECSV 1.0
# ---
# delimiter: ','
# meta: !!omap
# - RELEASE: Gaia DR3
# - TABLE: vari_eclipsing_binary
# - DESCRIPTION: >
#     This table describes the properties of the eclipsing binaries resulting from the variability analysis. 
# - CITATION: >
#     How to cite and acknowledge Gaia: 
#     https://gea.esac.esa.int/archive/documentation/credits.html 
# - KNOWN_ISSUES: >
#     Known issues: 
#     https://www.cosmos.esa.int/web/gaia-users/known-issues 
# - DOCUMENTATION: >
#     Tutorials and documentation: 
#     https://www.cosmos.esa.int/web/gaia-users/archive 
# datatype:
# - 
#   name: solution_id
#   datatype: int64
#   description: Solution Identifier
#   meta:
#     ucd: meta.version
# - 
#   name: source_id
#   datatype: int64
#   description: Unique source identifier
#   meta:
#     ucd: meta.id;meta.main
# - 
#   name: global_ranking
#   datatype: float32
#   description: Number between 0 (worst) and 1 (best)
#   meta:
#     ucd: stat.param
# - 
#   name: reference_time
#   datatype: float64
#   unit: d
#   description: Reference time used for the geometric model fit
#   meta:
#     ucd: time.epoch
# - 
#   name: frequency
#   datatype: float64
#   unit: d**-1
#   description: Frequency of geometric model of the eclipsing binary light curve
#   meta:
#     ucd: src.orbital
# - 
#   name: frequency_error
#   datatype: float32
#   unit: d**-1
#   description: "Uncertainty of \\texttt{frequency}"
#   meta:
#     ucd: stat.error
# - 
#   name: geom_model_reference_level
#   datatype: float32
#   unit: mag
#   description: Magnitude reference level of geometric model
#   meta:
#     ucd: phot.mag;em.opt
# - 
#   name: geom_model_reference_level_error
#   datatype: float32
#   unit: mag
#   description: "Uncertainty of \\texttt{geomModelReferenceLevel}"
#   meta:
#     ucd: stat.error;phot.mag;em.opt
# - 
#   name: geom_model_gaussian1_phase
#   datatype: float32
#   description: Phase of the Gaussian 1 component
#   meta:
#     ucd: time.phase
# - 
#   name: geom_model_gaussian1_phase_error
#   datatype: float32
#   description: "Uncertainty of \\texttt{geomModelGaussian1Phase}"
#   meta:
#     ucd: stat.error;time.phase
# - 
#   name: geom_model_gaussian1_sigma
#   datatype: float32
#   description: "Standard deviation [phase] of Gaussian 1 component"
#   meta:
#     ucd: stat.stdev
# - 
#   name: geom_model_gaussian1_sigma_error
#   datatype: float32
#   description: "Uncertainty of \\texttt{geomModelGaussian1Sigma}"
#   meta:
#     ucd: stat.error
# - 
#   name: geom_model_gaussian1_depth
#   datatype: float32
#   unit: mag
#   description: Magnitude depth of Gaussian 1 component
#   meta:
#     ucd: src.var.amplitude
# - 
#   name: geom_model_gaussian1_depth_error
#   datatype: float32
#   unit: mag
#   description: "Uncertainty of \\texttt{geomModelGaussian1Depth}"
#   meta:
#     ucd: stat.error;src.var.amplitude
# - 
#   name: geom_model_gaussian2_phase
#   datatype: float32
#   description: Phase of Gaussian 2 component
#   meta:
#     ucd: time.phase
# - 
#   name: geom_model_gaussian2_phase_error
#   datatype: float32
#   description: "Uncertainty of \\texttt{geomModelGaussian2Phase}"
#   meta:
#     ucd: stat.error;time.phase
# - 
#   name: geom_model_gaussian2_sigma
#   datatype: float32
[...]
#   datatype: float32
#   description: "Secondary eclipse: uncertainty of \\texttt{derivedSecondaryEclDuration}"
#   meta:
#     ucd: stat.error;time.duration
# - 
#   name: derived_secondary_ecl_depth
#   datatype: float32
#   unit: mag
#   description: "Secondary eclipse: depth"
#   meta:
#     ucd: src.var.amplitude
# - 
#   name: derived_secondary_ecl_depth_error
#   datatype: float32
#   unit: mag
#   description: "Secondary eclipse: uncertainty of \\texttt{derivedSecondaryEclDepth}"
#   meta:
#     ucd: stat.error;src.var.amplitude
solution_id,source_id,global_ranking,reference_time,frequency,frequency_error,geom_model_reference_level,geom_model_reference_level_error,geom_model_gaussian1_phase,geom_model_gaussian1_phase_error,geom_model_gaussian1_sigma,geom_model_gaussian1_sigma_error,geom_model_gaussian1_depth,geom_model_gaussian1_depth_error,geom_model_gaussian2_phase,geom_model_gaussian2_phase_error,geom_model_gaussian2_sigma,geom_model_gaussian2_sigma_error,geom_model_gaussian2_depth,geom_model_gaussian2_depth_error,geom_model_cosine_half_period_amplitude,geom_model_cosine_half_period_amplitude_error,geom_model_cosine_half_period_phase,geom_model_cosine_half_period_phase_error,model_type,num_model_parameters,reduced_chi2,derived_primary_ecl_phase,derived_primary_ecl_phase_error,derived_primary_ecl_duration,derived_primary_ecl_duration_error,derived_primary_ecl_depth,derived_primary_ecl_depth_error,derived_secondary_ecl_phase,derived_secondary_ecl_phase_error,derived_secondary_ecl_duration,derived_secondary_ecl_duration_error,derived_secondary_ecl_depth,derived_secondary_ecl_depth_error
[from data line 376]
375316653866487564,4312758601071025152,0.48464185,2202.975982939664,2.652648126455288,2.1360722E-5,19.647974,0.1937959,0.22557476,0.019644877,0.14227845,0.09648787,0.27731302,0.18469855,0.7036994,0.004006506,0.06869026,0.016681572,0.53717566,0.12614688,null,null,null,null,"TWOGAUSSIANS",8,2.1825202,0.7036994,0.004006506,0.3846655,0.06260188,0.50927997,0.09152168,0.22557476,0.019644877,0.4,0.0,0.24810618,0.050814655
375316653866487564,4312758807229751040,0.49767503,2204.754846797873,2.77737598090925,3.2178254E-5,19.670443,0.042381197,0.25045276,0.0124899065,0.08673662,0.016205141,0.33413398,0.05069181,0.7563881,0.01778242,0.095722035,0.023628497,0.33909237,0.060244977,null,null,null,null,"TWOGAUSSIANS",8,2.951589,0.7563881,0.01778242,0.4,0.0,0.3247007,0.06255314,0.25045276,0.012489967,0.4,0.0,0.31974316,0.034876883
375316653866487564,4312758944668634368,0.50263447,2150.0009852622015,0.7838993206141205,2.0998223E-4,19.912817,0.02786173,0.37066996,0.02382433,0.035329107,0.011417645,0.5655366,0.06214176,0.8777964,0.07887738,0.05793736,0.086118154,0.087620065,0.12866993,null,null,null,null,"TWOGAUSSIANS",8,1.1754112,0.37066996,0.023826476,0.197843,0.06393881,0.5655365,0.061696474,0.8777964,0.07887738,0.3244492,0.12482107,0.08761994,0.12874399
375316653866487564,4312759460076857856,0.48034295,2214.5013423170426,2.478954827568476,6.601668E-5,18.281384,0.8582848,0.25634727,0.014205506,0.11897553,0.069467746,0.5464499,0.7274233,0.758566,0.0067382026,0.13581836,0.09992974,0.51471645,0.8420044,null,null,null,null,"TWOGAUSSIANS",8,22.43538,0.2562973,0.014332787,0.4,0.0,0.39646217,0.07693235,0.75858605,0.0068407464,0.4,0.0,0.3637129,0.040338863
375316653866487564,4312759627524549632,0.51458246,2188.563590625283,3.291009522473423,2.0807087E-5,18.324411,0.08174193,0.21917091,0.0052674115,0.11151946,0.028127974,0.38715017,0.056714516,0.7451422,0.013564961,0.10504916,0.027589573,0.3613394,0.07749885,null,null,null,null,"TWOGAUSSIANS",8,8.958706,0.2191509,0.005162687,0.4,0.0,0.34795785,0.040896323,0.7451922,0.013527652,0.4,0.0,0.322184,0.029063644
375316653866487564,4312760009795666944,0.51376593,2235.263580810201,3.1073112753102103,1.0871296E-5,19.011835,0.014013244,0.26679325,0.0036166338,0.08192485,0.011185432,0.34694663,0.04720604,0.768106,0.0054359073,0.10224223,0.007562083,0.28452736,0.02043815,null,null,null,null,"TWOGAUSSIANS",8,2.2296214,0.26679325,0.0036166338,0.4,0.0,0.33180022,0.05479631,0.768106,0.0054359073,0.4,0.0,0.26937732,0.018405452
375316653866487564,4312760696971536128,0.48813534,2208.3194942404166,2.124508622718635,4.6857294E-5,19.221432,0.014200225,0.30968755,0.0061475155,0.091800205,0.016812451,0.16985118,0.008174209,0.8191305,0.02233773,0.05410894,0.02184211,0.15528077,0.07755388,null,null,null,null,"TWOGAUSSIANS",8,1.1802083,0.30968755,0.0061475155,0.4,0.0,0.16913672,0.007655343,0.8191305,0.02233773,0.30301005,0.12231582,0.15456645,0.07808196
375316653866487564,4312761624684296320,0.6033559,2205.0239073010175,2.4672537071053244,3.0446974E-5,19.071384,0.006704809,0.22101341,0.0017486111,0.039992183,0.0022891776,0.4140963,0.03951065,0.7223592,0.0044417875,0.061530463,0.00838095,0.2854342,0.08525676,0.13565244,0.013064867,0.22101341,0.0017486111,"TWOGAUSSIANS_WITH_ELLIPSOIDAL_ON_ECLIPSE1",9,1.2188843,0.22101341,0.0017486111,0.22395623,0.012819395,0.6853325,0.030994205,0.7223592,0.0044032508,0.34457058,0.046933323,0.556651,0.0766584
375316653866487564,4312762380594886784,0.55713457,2212.066481663731,2.099727475717861,1.4936239E-5,19.49507,0.02002058,0.3141845,0.0022154218,0.08987515,0.0051549478,0.39239612,0.020001363,0.79133457,0.0072327997,0.07827974,0.010004158,0.25343028,0.029424002,null,null,null,null,"TWOGAUSSIANS",8,1.044666,0.3141845,0.0022154218,0.4,0.0,0.38732135,0.016189057,0.79133457,0.0072327997,0.4,0.0,0.24835582,0.027795346
375316653866487564,4312762651181696640,0.51880157,2188.9127392431556,2.5705325845239266,2.7314867E-5,19.474113,0.010905207,0.2916536,0.008415751,0.08867327,0.013829746,0.30037206,0.020395556,0.7669798,0.01970483,0.085853554,0.011865156,0.41294172,0.11367203,null,null,null,null,"TWOGAUSSIANS",8,1.9757454,0.7669798,0.01970483,0.4,0.0,0.40529794,0.11776253,0.2916536,0.008415751,0.4,0.0,0.2927282,0.023162127
375316653866487564,4312762994779074560,0.49242517,2187.7074738551228,2.5155122263114653,3.778086E-5,18.820633,0.18321665,0.291221,0.012198125,0.10684376,0.04541808,0.34551743,0.1755137,0.7745841,0.04264783,0.10298223,0.05202484,0.3571372,0.25525445,null,null,null,null,"TWOGAUSSIANS",8,9.638012,0.7745841,0.04264783,0.4,0.031908844,0.32327053,0.20793547,0.29123098,0.012124247,0.4,0.0,0.31164253,0.03517064
375316653866487564,4312764545262103040,0.5290379,2242.970342889716,3.2897250860108245,1.3153609E-5,18.996792,0.052699998,0.303598,0.0043384624,0.092682235,0.01855084,0.40761283,0.04592151,0.80663526,0.004530956,0.08266435,0.016358297,0.38925755,0.040125776,null,null,null,null,"TWOGAUSSIANS",8,2.8395677,0.303598,0.0043384624,0.4,0.0,0.39461207,0.04916361,0.80663526,0.004530956,0.4,0.020482138,0.3762572,0.02808643
375316653866487564,4312764991938559616,0.55286545,2262.0281195013886,4.666434920003849,7.1664275E-5,19.321117,0.004610271,0.18748963,5.553895E-4,0.027026542,0.0016811095,0.79244214,0.07331145,null,null,null,null,null,null,null,null,null,null,"ONEGAUSSIAN",5,0.9014848,0.18748963,5.553895E-4,0.15134864,0.009414214,0.79244214,0.0,null,null,null,null,null,null
375316653866487564,4312765880997273984,0.61727786,2246.064044809391,1.2620880226584694,7.017713E-6,17.848228,0.0064104823,0.30460507,0.0036786518,0.05124281,0.0040318733,0.7150141,0.042079575,0.80787337,0.016823856,0.063199654,0.010778596,0.15356581,0.022080455,null,null,null,null,"TWOGAUSSIANS",8,3.6634712,0.30460507,0.0036786518,0.28695974,0.02257849,0.71497643,0.042095263,0.80787337,0.016823856,0.35391808,0.060360134,0.15352814,0.022045508
375316653866487564,4312767117947983744,0.46620667,2202.716152829123,2.096245757380316,2.282469E-5,18.85217,0.005587801,0.65482616,0.056083117,0.06579988,0.065072075,0.26035145,4064292.2,0.95075834,0.012347144,0.012653226,0.008616674,0.068476334,0.3767978,0.014086193,0.008797082,0.65482616,0.056083117,"TWOGAUSSIANS_WITH_ELLIPSOIDAL_ON_ECLIPSE1",9,2.6988292,0.65482616,0.056083117,0.3684793,0.35436708,0.28835452,4064292.2,0.95098835,0.012279126,0.07085806,0.048253372,0.07061039,0.3765353
375316653866487564,4312771176710000640,0.6036424,2119.291650415364,0.28946485182383414,2.0405958E-5,15.230069,0.0012768902,0.3199402,0.008014755,0.014253695,0.0043498105,0.25079143,0.056980155,0.49939945,0.068912,0.05614535,0.028193839,0.008617811,0.004508523,0.0054997914,0.0030055386,0.3199402,0.008014755,"TWOGAUSSIANS_WITH_ELLIPSOIDAL_ON_ECLIPSE1",9,11.16041,0.3199402,0.008014338,0.07982069,0.02435894,0.26184312,0.054955278,0.49939945,0.068912,0.31441396,0.15788549,0.010640773,0.003405988
375316653866487564,4312771279789219456,0.7181475,2094.353554359371,2.524114921056044,2.246527E-6,14.518108,0.0062465225,0.29550257,9.3368546E-4,0.05831444,0.0030479848,0.18876578,0.013218441,0.7945209,0.0015127588,0.052473646,0.0030990422,0.1796426,0.0131843705,0.104424626,0.0071180607,0.29550257,9.3368546E-4,"TWOGAUSSIANS_WITH_ELLIPSOIDAL_ON_ECLIPSE1",9,13.643788,0.29550257,9.3368546E-4,0.32656085,0.017068716,0.3975935,0.002501252,0.79472095,0.0011980974,0.29385242,0.017354637,0.38846397,0.002334133
375316653866487564,4312773169574913536,0.58030415,2183.3024621569475,0.9643625598126042,2.2304393E-5,16.456196,0.004131116,0.19835289,0.005373381,0.075047724,0.006925063,0.16527396,0.0065444307,0.6799678,0.003748191,0.07134718,0.006382866,0.19581988,0.035130274,null,null,null,null,"TWOGAUSSIANS",8,6.1940947,0.6799678,0.003748191,0.3995442,0.025342748,0.19514064,0.035645947,0.19835289,0.005373381,0.4,0.0,0.16459472,0.0065179886
375316653866487564,4312773684949235584,0.5961027,2185.710807954745,1.043884965690003,8.563591E-6,19.330719,0.008188608,0.29729447,0.008286159,0.048624758,0.0043177963,0.6307836,0.043436497,0.78511107,0.0049319183,0.05753288,0.0062051704,0.1760249,0.009968791,null,null,null,null,"TWOGAUSSIANS",8,1.0503331,0.29729447,0.008286159,0.27229866,0.02417966,0.63077813,0.043430746,0.78511107,0.0049319183,0.32218415,0.034748953,0.17601942,0.009969208
375316653866487564,4312775402957908736,0.66948795,2155.2610273182,2.98649410020143,8.278586E-6,11.338069,0.012573217,0.31394628,0.0019344173,0.044705514,0.0044187466,0.34153518,0.030480944,0.81034255,0.0016263437,0.050929777,0.0039822026,0.4423559,0.021657571,0.11121225,0.013291536,0.31394628,0.0019344173,"TWOGAUSSIANS_WITH_ELLIPSOIDAL_ON_ECLIPSE1",9,109.03492,0.8106826,0.0015009902,0.28520674,0.022300335,0.66467506,0.011315454,0.31394628,0.0019344173,0.25035086,0.02474498,0.5639577,0.025317425
375316653866487564,4312775536084415104,0.46786863,2127.0009405535793,1.4821153142185353,5.889913E-5,19.402103,0.014296345,0.14111109,0.012394284,0.07271215,0.021171357,0.14161427,0.020806996,0.8001542,3.250262E-4,0.029742924,0.0054533505,0.08652203,0.009506827,null,null,null,null,"TWOGAUSSIANS",8,1.7692908,0.14111109,0.012394284,0.4,0.07142063,0.14161427,0.020807002,0.8001542,3.2586942E-4,0.16656038,0.030538762,0.086524405,0.0095261065
375316653866487564,4312779010730857472,0.59479797,2253.213553600992,1.5289355685010486,1.983793E-5,17.947458,0.0061052493,0.20172895,0.0020359603,0.051997893,0.0022274528,0.28490323,0.012344949,0.7011029,0.051098466,0.044440605,0.018785981,0.9754809,1.0200431,null,null,null,null,"TWOGAUSSIANS",8,4.404228,0.7011029,0.051098466,0.24886739,0.1052015,0.9754795,1.020042,0.20172895,0.0020359603,0.29118818,0.012473736,0.28490183,0.0123446155
375316653866487564,4312780763077496704,0.5286407,2270.325790652898,2.5719643195682904,2.6993981E-5,19.05899,0.019333925,0.2565638,0.009236943,0.07771445,0.014006274,0.2589665,0.020722859,0.75649637,0.0038359035,0.06953338,0.035662275,0.31774652,0.121399686,null,null,null,null,"TWOGAUSSIANS",8,2.20607,0.75649637,0.0038359035,0.3893869,0.022336608,0.3159656,0.1350663,0.2565638,0.009236943,0.4,0.0,0.2571856,0.0163057
375316653866487564,4312780797417347200,0.50123733,2240.3435738985686,0.7081561552513336,1.0512589E-5,19.015593,0.0060163895,0.4531429,0.039199572,0.049875755,0.018194139,0.12699455,0.053161863,0.7818434,0.0029494367,0.020526698,0.002697977,0.3769223,0.0937259,null,null,null,null,"TWOGAUSSIANS",8,2.843414,0.7818434,0.0029494367,0.11494951,0.015108671,0.3769223,0.0937259,0.4531429,0.039199572,0.27930424,0.10188718,0.12699455,0.053161863
375316653866487564,4312781858275815040,0.5206029,2254.5367707878536,0.05451555343274239,1.1280824E-4,17.524187,0.006461891,0.38049197,0.020143501,0.033049844,0.018459115,0.13187164,0.21630023,0.76078665,0.017151946,0.05580016,0.039093025,0.54302305,0.4582562,null,null,null,null,"TWOGAUSSIANS",8,8.636338,0.76078665,0.017151946,0.3124809,0.08647026,0.54302305,0.4582597,0.38049197,0.020144118,0.18507913,0.10337105,0.13187164,0.2163
375316653866487564,4312781896926074240,0.5264412,2297.414021624654,3.2645683069642626,3.2296273E-5,19.362946,0.08043413,0.3241552,0.011525074,0.08945371,0.030220125,0.6114498,0.056528386,0.8204638,0.012221346,0.08630407,0.019804208,0.5627169,0.063494,null,null,null,null,"TWOGAUSSIANS",8,3.0567565,0.3241552,0.011525074,0.4,0.0,0.5921225,0.08743852,0.8204638,0.012221346,0.4,0.0,0.5433898,0.029698242
375316653866487564,4312782996437833600,0.58970374,2187.9124300157728,2.153815151327034,2.6968824E-5,19.051455,0.019527141,0.25166333,0.008901482,0.066259176,0.01116442,0.46714547,0.024176123,0.758822,0.009193698,0.07497108,0.0095013445,0.42671886,0.023336673,null,null,null,null,"TWOGAUSSIANS",8,2.1838872,0.25166333,0.008901482,0.3710514,0.055297222,0.4657379,0.023887131,0.758822,0.009193698,0.4,0.009977166,0.4253113,0.02276496
375316653866487564,4312783060866952448,0.5708464,2220.738809659859,1.1504717717315198,9.073246E-6,18.227526,0.01156805,0.30636546,0.0032424154,0.07228847,0.0043047667,0.28564912,0.017376566,0.8171878,0.008201751,0.07921741,0.007319373,0.3376028,0.025913315,null,null,null,null,"TWOGAUSSIANS",8,3.0694444,0.8171878,0.008201751,0.4,0.0,0.33548504,0.025504591,0.30636546,0.0032424154,0.4,0.0073594176,0.2835314,0.016986601
375316653866487564,4312783683634924032,0.51435584,2240.5107954168484,0.1737833030746096,1.1733513E-4,19.46727,0.0063504307,0.29421622,0.054095533,0.023980567,0.07904517,0.08864777,0.03800779,0.53502834,0.0036512837,0.045519795,0.002784802,0.75437605,0.10087223,0.022028813,0.008927308,0.53502834,0.0036512837,"TWOGAUSSIANS_WITH_ELLIPSOIDAL_ON_ECLIPSE2",9,1.6254841,0.53502834,0.0036512837,0.25491086,0.015594892,0.79843336,0.09746112,0.2944262,0.0648539,0.13429117,0.32941562,0.088798136,0.039020564
375316653866487564,4312785470361558144,0.5549056,2248.113114112382,0.2923406530333987,1.1513522E-5,17.273762,0.013036488,0.26897463,0.0032643995,0.033702645,0.0041284245,0.15979947,0.014461704,0.7483363,0.046082266,0.049443383,0.13415231,0.15233351,0.13133258,null,null,null,null,"TWOGAUSSIANS",8,3.1144583,0.26897463,0.0032643995,0.1887348,0.023119176,0.15979947,0.012966101,0.7483363,0.046082266,0.27688295,0.15361425,0.15233351,0.13552694
375316653866487564,4312785539060723456,0.57133454,2223.054434805214,2.2531074021986286,1.9004896E-5,19.124443,0.034773976,0.2502636,0.024708617,0.080159046,0.014177781,0.5106193,0.08146815,0.7506416,0.0034759168,0.07298653,0.02636246,0.47380322,0.08976146,null,null,null,null,"TWOGAUSSIANS",8,2.1580315,0.2502636,0.024708617,0.4,0.012714967,0.505887,0.07765509,0.7506416,0.0034759168,0.4,0.015432385,0.46907094,0.108930774
375316653866487564,4312785607779422848,0.4332879,2244.918862021428,0.6166947669347328,4.8567956E-5,19.272678,0.7712689,0.08961978,0.053195763,0.24873441,0.21261206,0.46787456,0.756069,0.4751069,0.050105464,0.11551738,0.05151074,0.46700817,0.25518444,null,null,null,null,"TWOGAUSSIANS",8,4.498469,0.4751069,0.050105464,0.4,0.0,0.4074468,0.14102778,0.098219775,0.0427017,0.4,0.0,0.24769789,0.17679662
375316653866487564,4312785706567269504,0.5754269,2249.2603612886533,0.8777017616459069,6.6094544E-5,18.04642,0.0029910312,0.2410376,0.0077977823,0.01592852,0.010796927,0.03427459,0.0052740984,0.73058444,4.485342E-4,0.024588762,6.09391E-4,0.58362514,0.016823405,null,null,null,null,"TWOGAUSSIANS",8,2.7369857,0.73058444,4.485342E-4,0.13769706,0.0034125897,0.58362514,0.016823405,0.2410376,0.0077977823,0.08919971,0.060462788,0.03427459,0.0052740984
375316653866487564,4312785710879730944,0.48974034,2235.8013431401646,2.406046029937875,3.9879524E-5,17.138186,0.0027601994,0.2783674,0.010415834,0.044166084,0.009666947,0.06444491,0.012397503,0.75915784,0.020598982,0.07663419,0.022571122,0.03099107,0.012405605,null,null,null,null,"TWOGAUSSIANS",8,1.9547857,0.2783674,0.010415834,0.24733007,0.0541349,0.06443738,0.012408129,0.75915784,0.020598982,0.4,0.06659075,0.030983543,0.012409773
375316653866487564,4312786118887986560,0.60419554,2186.7456609691258,2.4420663290169538,2.197244E-5,18.87179,0.007872689,0.25276393,0.0027839364,0.06719891,0.0024065196,0.5823397,0.016631322,0.7705189,0.0032201433,0.06148696,0.0030323446,0.7705205,0.06374675,null,null,null,null,"TWOGAUSSIANS",8,3.2696824,0.7705189,0.0032201433,0.34432697,0.01698113,0.7701146,0.06386539,0.25276393,0.0027839364,0.3763139,0.01347651,0.58193374,0.016559308
375316653866487564,4312787875550653440,0.4802547,2232.6400717906786,1.5175839090120502,1.5072773E-5,18.6744,0.0063079507,0.13645391,0.05940409,0.16005372,0.04764747,0.039291974,0.008432878,0.40956995,0.0023899835,0.020050015,0.0025274607,0.19791867,0.027838485,null,null,null,null,"TWOGAUSSIANS",8,2.4688022,0.40956995,0.0023899835,0.112280086,0.0141537795,0.20648517,0.027625462,0.13645391,0.05940409,0.4,0.0,0.03869469,0.0083123045
