Gaia/vari_eclipsing_binary/VariEclipsingBinary_765325-765403.csv
# %ECSV 1.0
# ---
# delimiter: ','
# meta: !!omap
# - RELEASE: Gaia DR3
# - TABLE: vari_eclipsing_binary
# - DESCRIPTION: >
#     This table describes the properties of the eclipsing binaries resulting from the variability analysis. 
# - CITATION: >
#     How to cite and acknowledge Gaia: 
#     https://gea.esac.esa.int/archive/documentation/credits.html 
# - KNOWN_ISSUES: >
#     Known issues: 
#     https://www.cosmos.esa.int/web/gaia-users/known-issues 
# - DOCUMENTATION: >
#     Tutorials and documentation: 
#     https://www.cosmos.esa.int/web/gaia-users/archive 
# datatype:
# - 
#   name: solution_id
#   datatype: int64
#   description: Solution Identifier
#   meta:
#     ucd: meta.version
# - 
#   name: source_id
#   datatype: int64
#   description: Unique source identifier
#   meta:
#     ucd: meta.id;meta.main
# - 
#   name: global_ranking
#   datatype: float32
#   description: Number between 0 (worst) and 1 (best)
#   meta:
#     ucd: stat.param
# - 
#   name: reference_time
#   datatype: float64
#   unit: d
#   description: Reference time used for the geometric model fit
#   meta:
#     ucd: time.epoch
# - 
#   name: frequency
#   datatype: float64
#   unit: d**-1
#   description: Frequency of geometric model of the eclipsing binary light curve
#   meta:
#     ucd: src.orbital
# - 
#   name: frequency_error
#   datatype: float32
#   unit: d**-1
#   description: "Uncertainty of \\texttt{frequency}"
#   meta:
#     ucd: stat.error
# - 
#   name: geom_model_reference_level
#   datatype: float32
#   unit: mag
#   description: Magnitude reference level of geometric model
#   meta:
#     ucd: phot.mag;em.opt
# - 
#   name: geom_model_reference_level_error
#   datatype: float32
#   unit: mag
#   description: "Uncertainty of \\texttt{geomModelReferenceLevel}"
#   meta:
#     ucd: stat.error;phot.mag;em.opt
# - 
#   name: geom_model_gaussian1_phase
#   datatype: float32
#   description: Phase of the Gaussian 1 component
#   meta:
#     ucd: time.phase
# - 
#   name: geom_model_gaussian1_phase_error
#   datatype: float32
#   description: "Uncertainty of \\texttt{geomModelGaussian1Phase}"
#   meta:
#     ucd: stat.error;time.phase
# - 
#   name: geom_model_gaussian1_sigma
#   datatype: float32
#   description: "Standard deviation [phase] of Gaussian 1 component"
#   meta:
#     ucd: stat.stdev
# - 
#   name: geom_model_gaussian1_sigma_error
#   datatype: float32
#   description: "Uncertainty of \\texttt{geomModelGaussian1Sigma}"
#   meta:
#     ucd: stat.error
# - 
#   name: geom_model_gaussian1_depth
#   datatype: float32
#   unit: mag
#   description: Magnitude depth of Gaussian 1 component
#   meta:
#     ucd: src.var.amplitude
# - 
#   name: geom_model_gaussian1_depth_error
#   datatype: float32
#   unit: mag
#   description: "Uncertainty of \\texttt{geomModelGaussian1Depth}"
#   meta:
#     ucd: stat.error;src.var.amplitude
# - 
#   name: geom_model_gaussian2_phase
#   datatype: float32
#   description: Phase of Gaussian 2 component
#   meta:
#     ucd: time.phase
# - 
#   name: geom_model_gaussian2_phase_error
#   datatype: float32
#   description: "Uncertainty of \\texttt{geomModelGaussian2Phase}"
#   meta:
#     ucd: stat.error;time.phase
# - 
#   name: geom_model_gaussian2_sigma
#   datatype: float32
[...]
#   datatype: float32
#   description: "Secondary eclipse: uncertainty of \\texttt{derivedSecondaryEclDuration}"
#   meta:
#     ucd: stat.error;time.duration
# - 
#   name: derived_secondary_ecl_depth
#   datatype: float32
#   unit: mag
#   description: "Secondary eclipse: depth"
#   meta:
#     ucd: src.var.amplitude
# - 
#   name: derived_secondary_ecl_depth_error
#   datatype: float32
#   unit: mag
#   description: "Secondary eclipse: uncertainty of \\texttt{derivedSecondaryEclDepth}"
#   meta:
#     ucd: stat.error;src.var.amplitude
solution_id,source_id,global_ranking,reference_time,frequency,frequency_error,geom_model_reference_level,geom_model_reference_level_error,geom_model_gaussian1_phase,geom_model_gaussian1_phase_error,geom_model_gaussian1_sigma,geom_model_gaussian1_sigma_error,geom_model_gaussian1_depth,geom_model_gaussian1_depth_error,geom_model_gaussian2_phase,geom_model_gaussian2_phase_error,geom_model_gaussian2_sigma,geom_model_gaussian2_sigma_error,geom_model_gaussian2_depth,geom_model_gaussian2_depth_error,geom_model_cosine_half_period_amplitude,geom_model_cosine_half_period_amplitude_error,geom_model_cosine_half_period_phase,geom_model_cosine_half_period_phase_error,model_type,num_model_parameters,reduced_chi2,derived_primary_ecl_phase,derived_primary_ecl_phase_error,derived_primary_ecl_duration,derived_primary_ecl_duration_error,derived_primary_ecl_depth,derived_primary_ecl_depth_error,derived_secondary_ecl_phase,derived_secondary_ecl_phase_error,derived_secondary_ecl_duration,derived_secondary_ecl_duration_error,derived_secondary_ecl_depth,derived_secondary_ecl_depth_error
[from data line 263]
375316653866487564,6732273103764558592,0.53621525,2202.2030539998314,0.40760612308703686,7.4676944E-5,19.515472,0.0064886278,0.28656453,0.037119787,0.08614009,0.026490878,0.21452558,0.01574731,0.14996748,0.014565451,0.041281935,0.034599803,0.12608531,0.053239986,null,null,null,null,"TWOGAUSSIANS",8,1.186743,0.28491452,0.034773808,0.4,0.0,0.21508914,0.014871634,0.17078748,0.11107062,0.23117884,0.19375889,0.19796504,0.05359413
375316653866487564,6732274276279576704,0.5615122,2205.2308193301396,1.7772468162358528,1.552994E-5,17.63723,0.0028260178,0.23277688,0.0026795191,0.05544476,0.0028170513,0.2348768,0.010102554,0.738106,0.015135193,0.05163589,0.02293844,0.20583448,0.096907154,null,null,null,null,"TWOGAUSSIANS",8,2.176156,0.23277688,0.0026795191,0.31049064,0.015775487,0.23487037,0.010089591,0.738106,0.015135193,0.289161,0.11877742,0.20582806,0.097020715
375316653866487564,6732277746628529280,0.47144634,2274.1863719326393,0.7519773153212723,2.3550541E-5,18.788652,0.0037484127,null,null,null,null,null,null,null,null,null,null,null,null,0.059589874,0.0073282328,0.28038925,0.0060660737,"ELLIPSOIDAL",4,2.2095447,null,null,null,null,null,null,null,null,null,null,null,null
375316653866487564,6732278846132011392,0.5431549,2285.326441035622,2.645540487131174,2.2323926E-5,19.919195,0.012868331,0.2322639,0.016573975,0.072057314,0.014534402,0.1898211,0.032989442,0.7173002,0.00276577,0.08017386,0.005372915,0.34387332,0.018014101,null,null,null,null,"TWOGAUSSIANS",8,0.35934603,0.7173002,0.00276577,0.4,0.0,0.34218028,0.017440632,0.2322639,0.016573975,0.4,0.028480975,0.18812805,0.031912606
375316653866487564,6732280289247455488,0.5222977,2212.8971159357216,3.2057548147051667,1.18556045E-5,16.610806,0.040940374,0.2608063,0.0028935235,0.07939104,0.008692998,0.41214496,0.037479345,0.7455247,0.008211007,0.10339318,0.018157832,0.31666398,0.0360181,null,null,null,null,"TWOGAUSSIANS",8,64.310104,0.2608063,0.002897879,0.4,0.0,0.39897516,0.02493113,0.7455247,0.008211007,0.4,0.0,0.30348754,0.024917597
375316653866487564,6732280834694116992,0.5961872,2283.6749990976778,2.9919321613710927,1.650196E-5,17.007698,0.01275989,0.31540874,0.004446028,0.07350666,0.0101607675,0.401578,0.08165248,0.8048619,0.003159066,0.067217015,0.0043185297,0.65494317,0.01657788,null,null,null,null,"TWOGAUSSIANS",8,28.511127,0.8048619,0.003159066,0.37641528,0.024183765,0.65354294,0.016494717,0.31540874,0.004446028,0.4,0.026118211,0.40017778,0.08264471
375316653866487564,6732281526185632512,0.5476275,2257.0726228251183,2.568857835968205,1.6306903E-5,18.684172,0.012769472,0.34853378,0.0031281877,0.07632965,0.0039290506,0.39476717,0.015857676,0.8441365,0.0055486374,0.07558274,0.016935794,0.14000401,0.036010046,null,null,null,null,"TWOGAUSSIANS",8,3.6086497,0.34853378,0.0031281877,0.4,0.0,0.39288905,0.0150348,0.8441365,0.0055486374,0.4,0.053209245,0.1381259,0.036975164
375316653866487564,6732285477557024000,0.5146396,2270.2050945252445,2.1724497451194944,1.6183967E-5,15.652023,0.0015867504,0.520715,0.06296167,0.05003864,0.012339366,0.7441558,2.9021993,0.78951293,0.0064911777,0.033885054,0.02254938,0.016009346,0.015750986,null,null,null,null,"TWOGAUSSIANS",8,8.604065,0.520715,0.06296167,0.2802164,0.06910045,0.7441558,2.9021993,0.78951293,0.0064911777,0.1897563,0.12627652,0.01600975,0.015751038
375316653866487564,6732286641489825152,0.6515948,2275.444097881549,3.566114247368321,7.4021073E-6,17.50251,0.008244983,0.21605593,0.002804992,0.074314,0.0028948314,0.5604583,0.012820502,0.7191936,0.0014644956,0.072562605,0.0031651123,0.54681015,0.008477106,null,null,null,null,"TWOGAUSSIANS",8,5.045798,0.21605593,0.002804992,0.4,0.0,0.55732405,0.012520385,0.7191936,0.0014644956,0.4,0.006841646,0.5436759,0.008135956
375316653866487564,6732288359488612992,0.54264736,2295.7039774560167,3.7574452333494643,1.234499E-5,19.158283,0.007884058,0.22937736,0.0069411653,0.07997295,0.006864536,0.4639464,0.03798187,0.73458534,0.008518025,0.072926834,0.0076517225,0.41580015,0.033918165,null,null,null,null,"TWOGAUSSIANS",8,2.0320177,0.22937736,0.0069411653,0.4,0.0,0.4601996,0.038957577,0.73458534,0.008518025,0.4,0.028134584,0.41205335,0.034748603
375316653866487564,6732288771794914176,0.54884917,2272.932612449732,3.39115909279727,2.1017984E-5,18.366804,0.02536423,0.22962476,0.002011836,0.08573458,0.015430122,0.3311139,0.08580674,0.73071307,0.006971329,0.085534155,0.007238576,0.37294993,0.026823353,null,null,null,null,"TWOGAUSSIANS",8,3.9512029,0.73071307,0.006971329,0.4,0.0,0.36322397,0.019544551,0.22962476,0.002011836,0.4,0.0,0.32138795,0.09203465
375316653866487564,6732288943592318720,0.49294028,2293.939815711004,2.9045043027613513,2.4676156E-5,17.773457,0.023444004,0.30200493,0.0060180575,0.09601625,0.009827221,0.25560504,0.023143964,0.7626026,0.014309515,0.07913058,0.031565245,0.21292442,0.053329103,null,null,null,null,"TWOGAUSSIANS",8,9.958767,0.30200493,0.006015124,0.4,0.0,0.2515198,0.014812475,0.7626026,0.014309515,0.4,0.0,0.20884179,0.06629828
375316653866487564,6732289050976133632,0.5204033,2305.0094133923035,4.294523529003129,1.0961295E-5,19.249685,0.011502242,0.2246754,0.016386988,0.089876086,0.0149620315,0.19561967,0.021907087,0.7448281,0.020658499,0.025763836,0.005167559,0.851686,0.99055195,null,null,null,null,"TWOGAUSSIANS",8,2.515757,0.7448281,0.020658499,0.14427748,0.02893833,0.85166806,0.9905481,0.2246754,0.016386988,0.4,0.0,0.19560158,0.021903824
375316653866487564,6732290150492915584,0.48282665,2256.0497199137126,0.9488913576121202,4.4510984E-5,16.737257,0.025193645,0.2752338,0.01132585,0.081444845,0.01431012,0.11891347,0.025889521,0.7821222,0.011027293,0.13625383,0.035064258,0.09321751,0.023481945,null,null,null,null,"TWOGAUSSIANS",8,9.110006,0.2751738,0.01139963,0.4,0.0,0.106178336,0.013212464,0.7821222,0.011027293,0.4,0.0,0.080256775,0.008892144
375316653866487564,6732290352342956160,0.46548748,2274.4191687790403,0.07417915296584741,5.894131E-5,16.668535,0.008686284,0.77006334,0.016121797,0.042966627,0.022035765,0.20605122,3.2704093,0.4743831,0.08145175,0.109043345,0.09214943,0.22740845,438756.28,null,null,null,null,"TWOGAUSSIANS",8,44.647705,0.4743831,0.08145175,0.4,0.23197746,0.22739443,438756.28,0.76874334,0.0133958915,0.24061312,0.123400286,0.21188855,3.27114
375316653866487564,6732292864912157568,0.4834899,2204.5947467470187,2.0756233420652026,3.5383473E-5,14.279406,0.10116072,0.19846807,0.008088641,0.102930605,0.028409095,0.2003514,0.09627724,0.7168157,0.01336927,0.11949322,0.05939766,0.19879979,0.07885259,null,null,null,null,"TWOGAUSSIANS",8,283.58023,0.19839808,0.007880116,0.4,0.0,0.17411225,0.016160436,0.71682566,0.013303641,0.4,0.0,0.1724895,0.025776036
375316653866487564,6732293719597412992,0.60321,2291.0388981823603,0.07417307009691379,2.0501527E-6,17.537401,0.0030779883,0.61910975,2.736517E-4,0.0069364277,8.967703E-4,0.029236764,0.0031806186,0.802643,6.3363885E-5,0.003612135,8.4949424E-5,0.42147782,5.3983164E-4,null,null,null,null,"TWOGAUSSIANS",8,4.6457534,0.802643,6.3363885E-5,0.020227956,4.757168E-4,0.42147782,5.3983164E-4,0.61910975,2.736517E-4,0.038843993,0.0050219134,0.029236764,0.0031806186
375316653866487564,6732295270082250624,0.53436387,2149.9733540300253,1.9029988280801973,1.5666656E-5,16.329084,0.0025357865,0.24622056,0.0043150806,0.036079124,0.020234939,0.00668981,1.7590849,null,null,null,null,null,null,0.07060994,0.0030995666,0.24622056,0.0043150806,"ONEGAUSSIAN_WITH_ELLIPSOIDAL",6,14.076163,0.24622056,0.0043150806,0.2020431,0.113315664,0.14790942,1.757641,null,null,null,null,null,null
375316653866487564,6732296816282179072,0.49910626,2212.335680641539,2.059823331171118,5.621117E-5,17.683714,0.004267681,0.2711644,0.0052630557,0.054978807,0.02111927,0.09615705,0.030613417,0.745619,0.0063803834,0.06233018,0.012345752,0.07516734,0.021337144,null,null,null,null,"TWOGAUSSIANS",8,2.472727,0.2711644,0.0052630557,0.30788133,0.094278105,0.096149676,0.030740516,0.745619,0.0063803834,0.349049,0.06453294,0.07515997,0.021355595
375316653866487564,6732297705324949760,0.5026666,2224.3404929440885,1.3228588257376335,3.0204925E-5,12.084899,0.32259372,0.23222293,0.0062695765,0.1697785,0.033176336,0.30258393,0.20924097,0.7364366,0.0074323034,0.25349647,0.123087615,0.41564283,0.30243322,null,null,null,null,"TWOGAUSSIANS",8,92.78388,0.7385166,0.0064665773,0.4,0.0,0.06490755,0.014228554,0.22785293,0.0044124895,0.4,0.0,0.062492147,0.0040182713
375316653866487564,6732300527133943936,0.5689758,2205.8987873563938,2.651978281860852,2.3028399E-5,17.461632,0.032740053,0.3199984,0.0031225733,0.08426798,0.0089765135,0.36510208,0.033115946,0.82243216,0.008473208,0.09504869,0.013835044,0.35301274,0.032702066,null,null,null,null,"TWOGAUSSIANS",8,11.648223,0.3199984,0.0031225733,0.4,0.0,0.35097882,0.027319087,0.82243216,0.008473208,0.4,0.0,0.3388888,0.024078242
375316653866487564,6732302309529893888,0.66049975,2299.3545399564423,0.5206321667870364,4.2062722E-5,9.983809,0.005448744,0.49851966,2.1342596E-4,0.030324144,2.3113769E-4,0.8270597,0.0063853147,0.91218525,0.03932859,0.02708102,0.01448426,0.13051799,0.18724206,0.011113104,0.006296954,0.91218525,0.03932859,"TWOGAUSSIANS_WITH_ELLIPSOIDAL_ON_ECLIPSE2",9,403.80078,0.49837965,1.3013717E-4,0.16981521,0.001294371,0.843371,0.009038847,0.91218525,0.03932859,0.15165372,0.081111856,0.1527442,0.18885867
375316653866487564,6732302382554568448,0.5261084,2299.5321376206657,2.8827441902428537,3.7579986E-5,18.780283,0.030342935,0.26725724,0.03578899,0.070824124,0.024832483,0.46184906,0.19188446,0.76585656,0.014505329,0.07700818,0.017449718,0.44209844,0.076265536,null,null,null,null,"TWOGAUSSIANS",8,13.351413,0.26725724,0.03578899,0.3966151,0.041935246,0.45898274,0.19493987,0.76585656,0.014505329,0.4,0.051071987,0.43923214,0.07800545
375316653866487564,6732306192181247744,0.49061558,2261.4855254465324,2.617537992770516,2.4057805E-5,17.633211,0.0053301337,null,null,null,null,null,null,null,null,null,null,null,null,0.08486619,0.0059147784,0.2790629,0.008023907,"ELLIPSOIDAL",4,12.914459,null,null,null,null,null,null,null,null,null,null,null,null
375316653866487564,6732308464222954752,0.5486827,2253.802516238304,3.349119399390651,1.345653E-5,18.326702,0.01619109,0.20818774,0.0060624178,0.08584038,0.010220854,0.2973524,0.021104645,0.7159386,0.0018032545,0.07920681,0.0067476826,0.30851445,0.011768259,null,null,null,null,"TWOGAUSSIANS",8,3.0648947,0.7159386,0.0018032545,0.4,0.0,0.30318832,0.010797214,0.20818774,0.0060624178,0.4,0.0,0.29202628,0.021426886
375316653866487564,6732309220137384576,0.47957546,2244.224371603072,0.4778398817920409,3.0861225E-5,19.041561,0.015320389,0.2872156,0.014987225,0.09910639,0.025975613,0.099146225,0.018961648,0.75618553,0.010166569,0.06943958,0.010539382,0.12879528,0.018178048,null,null,null,null,"TWOGAUSSIANS",8,1.5366404,0.75618553,0.010166569,0.38886166,0.03982934,0.12728451,0.014718848,0.2872156,0.014987225,0.4,0.0,0.09763402,0.017401025
375316653866487564,6732309662516273024,0.43680525,2233.860794941092,0.45290110366480685,1.1254248E-4,17.59441,0.0042080386,0.38447794,0.032633085,0.0832036,0.013184317,0.13631803,0.041538805,0.6938581,0.028101599,0.035284735,0.019877896,0.09250319,0.06617246,null,null,null,null,"TWOGAUSSIANS",8,7.3652253,0.38447794,0.032633085,0.4,0.0,0.13631801,0.041539107,0.6938581,0.028101599,0.19759452,0.11131621,0.09263878,0.06632352
375316653866487564,6732311552300569088,0.5976734,2259.8358100140053,1.9978455578992684,1.1041125E-5,16.242596,0.012118781,0.16551416,0.0031436235,0.09470924,0.005828592,0.26320997,0.012644291,0.663686,0.0055287397,0.076712,0.009810892,0.34759992,0.045862,null,null,null,null,"TWOGAUSSIANS",8,10.474683,0.663686,0.0055287397,0.4,0.0,0.33946508,0.050083723,0.16551416,0.0031436235,0.4,0.0,0.25507465,0.009763646
375316653866487564,6732313480755428480,0.6052063,2231.9281185203295,0.00928721504791837,4.8364873E-5,19.873419,0.014345065,0.24331303,3.9030064E-4,0.017628761,3.2359138E-4,1.7341324,0.029966328,0.7370084,0.026153361,0.07384011,0.033759445,0.6580011,0.04404604,null,null,null,null,"TWOGAUSSIANS",8,2.7785459,0.24331303,3.9030064E-4,0.09872106,0.0018121117,1.7341322,0.02996527,0.7370084,0.026153361,0.4,0.14119047,0.6580008,0.044044644
375316653866487564,6732314271018652416,0.47757953,2219.3681620256857,0.5593645395050555,4.782002E-5,19.792961,0.015798409,0.19304678,0.027143208,0.055663854,0.026507972,0.25652787,0.050353277,0.73929787,0.020657614,0.05882928,0.020103958,0.2536726,0.05293685,null,null,null,null,"TWOGAUSSIANS",8,1.5912657,0.19304678,0.027143208,0.31171757,0.09208844,0.25652203,0.051050153,0.73929787,0.020657614,0.32944396,0.10809991,0.2536668,0.05281909
375316653866487564,6732314442817519744,0.46420306,2251.1130386408167,0.687374815597095,7.485472E-5,18.696527,0.047539208,0.0995243,0.0030847834,0.027649488,0.003636344,0.082374506,0.01330215,0.4666726,0.018888002,0.20244545,0.059596237,0.14829555,0.04569542,null,null,null,null,"TWOGAUSSIANS",8,1.9780259,0.4666726,0.018888002,0.4,0.0,0.13424931,0.020350128,0.101794295,0.0024084423,0.15483713,0.020363526,0.098354146,0.01920089
375316653866487564,6732315576689076864,0.4552005,2233.765905989746,3.937345106271174,3.7824037E-5,18.259464,0.13641457,0.35927206,0.03917473,0.08441285,0.052468378,0.11353774,0.1005637,0.82196087,0.01067965,0.11397885,0.075007245,0.12649995,0.12981932,null,null,null,null,"TWOGAUSSIANS",8,7.7522135,0.82196087,0.01067965,0.4,0.0,0.12040137,0.01675926,0.35934207,0.038576026,0.4,0.01117617,0.10747445,0.021652523
375316653866487564,6732315847275774208,0.5844382,2252.011009699675,1.8475240677857268,7.694284E-6,18.821241,0.013365889,0.22919716,0.001960525,0.06438762,0.0025953278,0.53592265,0.017053375,0.72809047,0.008941054,0.08818814,0.019203043,0.18378201,0.020295443,null,null,null,null,"TWOGAUSSIANS",8,2.4023132,0.22919716,0.001960525,0.36057067,0.014533836,0.5333889,0.01564847,0.72809047,0.008941054,0.4,0.0,0.1812482,0.02112261
375316653866487564,6732316500102948352,0.49007383,2199.7208976974666,0.19323912544731303,7.241674E-5,16.51914,0.0043201395,0.17389384,0.042059742,0.051147725,0.017635701,0.25381336,0.10359567,0.83662575,0.020912029,0.014246106,0.014071539,0.071921535,0.019083442,null,null,null,null,"TWOGAUSSIANS",8,29.781614,0.17389384,0.042059742,0.28642726,0.09875993,0.25381336,0.10359567,0.83662575,0.020912029,0.079778194,0.07880062,0.071921535,0.019083442
375316653866487564,6732316985437996672,0.59193605,2221.314554706756,3.2035200725092428,5.906523E-6,18.914059,0.015995273,0.28493413,0.004430907,0.08349302,0.005069018,0.6028133,0.029607419,0.76703554,0.0021683937,0.07361431,0.0047113057,0.51700664,0.04333847,null,null,null,null,"TWOGAUSSIANS",8,2.4839575,0.28493413,0.004430907,0.4,0.0,0.59792143,0.029687675,0.76703554,0.0021683937,0.4,0.0,0.5121148,0.04394009
375316653866487564,6732317054168991872,0.49077725,2215.5776092146375,2.9881229347226403,3.4913264E-5,17.767632,0.02887373,0.33670607,0.053912707,0.07697318,0.043250106,0.09352422,0.060986705,0.8144422,0.0068552173,0.06484422,0.0156393,0.21430616,0.064729154,null,null,null,null,"TWOGAUSSIANS",8,2.2430053,0.8144422,0.0068552173,0.36312762,0.0657137,0.214,0.06434577,0.33670607,0.053912707,0.4,0.13010314,0.09321806,0.060491733
375316653866487564,6732318291108628992,0.4910675,2274.3793700795914,4.109118661852541,2.4469613E-5,19.866169,0.06151886,0.23915626,0.012510969,0.077685915,0.025523707,0.30286738,0.122949205,0.7552609,0.0072916695,0.09048235,0.024148349,0.32273656,0.05439994,null,null,null,null,"TWOGAUSSIANS",8,2.5232012,0.7552609,0.007294089,0.4,0.0,0.3171048,0.029474659,0.23915626,0.012515196,0.4,0.0,0.29723585,0.12637775
