Gaia/vari_eclipsing_binary/VariEclipsingBinary_515584-515740.csv
# %ECSV 1.0
# ---
# delimiter: ','
# meta: !!omap
# - RELEASE: Gaia DR3
# - TABLE: vari_eclipsing_binary
# - DESCRIPTION: >
#     This table describes the properties of the eclipsing binaries resulting from the variability analysis. 
# - CITATION: >
#     How to cite and acknowledge Gaia: 
#     https://gea.esac.esa.int/archive/documentation/credits.html 
# - KNOWN_ISSUES: >
#     Known issues: 
#     https://www.cosmos.esa.int/web/gaia-users/known-issues 
# - DOCUMENTATION: >
#     Tutorials and documentation: 
#     https://www.cosmos.esa.int/web/gaia-users/archive 
# datatype:
# - 
#   name: solution_id
#   datatype: int64
#   description: Solution Identifier
#   meta:
#     ucd: meta.version
# - 
#   name: source_id
#   datatype: int64
#   description: Unique source identifier
#   meta:
#     ucd: meta.id;meta.main
# - 
#   name: global_ranking
#   datatype: float32
#   description: Number between 0 (worst) and 1 (best)
#   meta:
#     ucd: stat.param
# - 
#   name: reference_time
#   datatype: float64
#   unit: d
#   description: Reference time used for the geometric model fit
#   meta:
#     ucd: time.epoch
# - 
#   name: frequency
#   datatype: float64
#   unit: d**-1
#   description: Frequency of geometric model of the eclipsing binary light curve
#   meta:
#     ucd: src.orbital
# - 
#   name: frequency_error
#   datatype: float32
#   unit: d**-1
#   description: "Uncertainty of \\texttt{frequency}"
#   meta:
#     ucd: stat.error
# - 
#   name: geom_model_reference_level
#   datatype: float32
#   unit: mag
#   description: Magnitude reference level of geometric model
#   meta:
#     ucd: phot.mag;em.opt
# - 
#   name: geom_model_reference_level_error
#   datatype: float32
#   unit: mag
#   description: "Uncertainty of \\texttt{geomModelReferenceLevel}"
#   meta:
#     ucd: stat.error;phot.mag;em.opt
# - 
#   name: geom_model_gaussian1_phase
#   datatype: float32
#   description: Phase of the Gaussian 1 component
#   meta:
#     ucd: time.phase
# - 
#   name: geom_model_gaussian1_phase_error
#   datatype: float32
#   description: "Uncertainty of \\texttt{geomModelGaussian1Phase}"
#   meta:
#     ucd: stat.error;time.phase
# - 
#   name: geom_model_gaussian1_sigma
#   datatype: float32
#   description: "Standard deviation [phase] of Gaussian 1 component"
#   meta:
#     ucd: stat.stdev
# - 
#   name: geom_model_gaussian1_sigma_error
#   datatype: float32
#   description: "Uncertainty of \\texttt{geomModelGaussian1Sigma}"
#   meta:
#     ucd: stat.error
# - 
#   name: geom_model_gaussian1_depth
#   datatype: float32
#   unit: mag
#   description: Magnitude depth of Gaussian 1 component
#   meta:
#     ucd: src.var.amplitude
# - 
#   name: geom_model_gaussian1_depth_error
#   datatype: float32
#   unit: mag
#   description: "Uncertainty of \\texttt{geomModelGaussian1Depth}"
#   meta:
#     ucd: stat.error;src.var.amplitude
# - 
#   name: geom_model_gaussian2_phase
#   datatype: float32
#   description: Phase of Gaussian 2 component
#   meta:
#     ucd: time.phase
# - 
#   name: geom_model_gaussian2_phase_error
#   datatype: float32
#   description: "Uncertainty of \\texttt{geomModelGaussian2Phase}"
#   meta:
#     ucd: stat.error;time.phase
# - 
#   name: geom_model_gaussian2_sigma
#   datatype: float32
[...]
#   datatype: float32
#   description: "Secondary eclipse: uncertainty of \\texttt{derivedSecondaryEclDuration}"
#   meta:
#     ucd: stat.error;time.duration
# - 
#   name: derived_secondary_ecl_depth
#   datatype: float32
#   unit: mag
#   description: "Secondary eclipse: depth"
#   meta:
#     ucd: src.var.amplitude
# - 
#   name: derived_secondary_ecl_depth_error
#   datatype: float32
#   unit: mag
#   description: "Secondary eclipse: uncertainty of \\texttt{derivedSecondaryEclDepth}"
#   meta:
#     ucd: stat.error;src.var.amplitude
solution_id,source_id,global_ranking,reference_time,frequency,frequency_error,geom_model_reference_level,geom_model_reference_level_error,geom_model_gaussian1_phase,geom_model_gaussian1_phase_error,geom_model_gaussian1_sigma,geom_model_gaussian1_sigma_error,geom_model_gaussian1_depth,geom_model_gaussian1_depth_error,geom_model_gaussian2_phase,geom_model_gaussian2_phase_error,geom_model_gaussian2_sigma,geom_model_gaussian2_sigma_error,geom_model_gaussian2_depth,geom_model_gaussian2_depth_error,geom_model_cosine_half_period_amplitude,geom_model_cosine_half_period_amplitude_error,geom_model_cosine_half_period_phase,geom_model_cosine_half_period_phase_error,model_type,num_model_parameters,reduced_chi2,derived_primary_ecl_phase,derived_primary_ecl_phase_error,derived_primary_ecl_duration,derived_primary_ecl_duration_error,derived_primary_ecl_depth,derived_primary_ecl_depth_error,derived_secondary_ecl_phase,derived_secondary_ecl_phase_error,derived_secondary_ecl_duration,derived_secondary_ecl_duration_error,derived_secondary_ecl_depth,derived_secondary_ecl_depth_error
[from data line 36]
375316653866487564,4535217291124035456,0.43232167,2186.856688583136,2.1616814133345525,4.9857783E-5,14.560522,0.14846583,0.18844764,0.008463344,0.10037758,0.032479364,0.14603418,0.10299999,0.68727946,0.012175729,0.14709611,0.099913806,0.14238799,0.14485335,null,null,null,null,"TWOGAUSSIANS",8,518.39874,0.18848765,0.008415804,0.4,0.0,0.1107833,0.0149062285,0.68727946,0.012175729,0.4,0.0,0.10625582,0.010269432
375316653866487564,4535217428563001472,0.55224824,2203.635459436357,0.21607894314761494,1.6367514E-5,16.564342,0.0019378646,0.44566488,0.018030675,0.008726787,0.006820953,0.20410989,0.14893575,0.94178784,0.0013572214,0.007951442,0.0014742485,0.33243608,0.019490672,null,null,null,null,"TWOGAUSSIANS",8,12.695162,0.94178784,0.0013572214,0.04452808,0.008255792,0.33243608,0.019490672,0.44566488,0.018030675,0.04887001,0.03819734,0.20410989,0.14893575
375316653866487564,4535219107884528512,0.5683085,2190.609339814378,3.1979611176649443,6.1366027E-6,18.318796,0.01326545,0.28078488,0.0016975298,0.052913602,0.0045701414,0.35350606,0.044562448,0.7790146,0.0041396236,0.05271568,0.0052096373,0.20783,0.03235213,0.12697527,0.019211799,0.28078488,0.0016975298,"TWOGAUSSIANS_WITH_ELLIPSOIDAL_ON_ECLIPSE1",9,6.8351374,0.28078488,0.0016975298,0.29631618,0.025592793,0.6074486,0.03945931,0.7793846,0.0033594773,0.2952078,0.02917397,0.46174777,0.013483462
375316653866487564,4535220624018714368,0.5775213,2204.5827765694926,1.825940859311787,5.309608E-6,15.65971,0.0031567162,0.19209234,6.26489E-4,0.026056953,7.0147373E-4,0.7609002,0.016878508,0.69248754,0.0022318547,0.029155675,0.0037883143,0.2793312,0.08272703,0.009544213,0.0047744205,0.19209234,6.26489E-4,"TWOGAUSSIANS_WITH_ELLIPSOIDAL_ON_ECLIPSE1",9,89.86581,0.19209234,6.26489E-4,0.14591894,0.003928253,0.7799886,0.017327618,0.69248754,0.0022254603,0.16327178,0.02121456,0.2984195,0.08470833
375316653866487564,4535222101487356160,0.5210709,2209.4245956143673,2.6255370340850703,9.942801E-6,17.137386,0.011418547,0.2845268,0.0028782804,0.08891465,0.0062370147,0.2294406,0.01051704,0.7686417,0.0045127296,0.09037547,0.008552648,0.22282651,0.0131366365,null,null,null,null,"TWOGAUSSIANS",8,17.115065,0.2845268,0.0028782804,0.4,0.0,0.22223887,0.00701063,0.7686417,0.0045127296,0.4,0.0,0.21562473,0.012572955
375316653866487564,4535223372797693056,0.4561706,2204.5638061603445,1.8546523386230471,2.125069E-5,17.563847,0.026779668,0.0900135,0.0035479176,0.024353322,0.0022340405,1.8675355,0.23302683,0.5651894,0.013690118,0.013630836,0.013218903,1.46559,22.72279,null,null,null,null,"TWOGAUSSIANS",8,1117.5886,0.0900135,0.0035479176,0.1363786,0.012510627,1.8675355,0.23302683,0.5651894,0.013690118,0.07633268,0.074025854,1.46559,22.72279
375316653866487564,4535236807456217216,0.46097836,2182.7941047465915,3.2920800827198766,3.4080404E-5,17.16838,0.014049247,0.2662181,0.014696402,0.085802294,0.030530713,0.14539772,0.036593452,0.7705286,0.003215027,0.08155598,0.010652836,0.13626213,0.012100009,null,null,null,null,"TWOGAUSSIANS",8,41.83468,0.2662181,0.014696402,0.4,0.012446542,0.14239167,0.041005258,0.7705286,0.0032137341,0.4,0.0,0.13325608,0.007349133
375316653866487564,4535236944895165696,0.4601945,2213.925599766244,0.8407113307802588,1.6060032E-5,14.180969,9.077028E-4,0.18107639,0.004035349,0.025297202,0.006153593,0.028880784,0.003927366,null,null,null,null,null,null,0.0105527565,0.0012468984,0.18107639,0.004035349,"ONEGAUSSIAN_WITH_ELLIPSOIDAL",6,24.158178,0.18107639,0.004035349,0.14166433,0.03446012,0.04998628,0.0042910315,null,null,null,null,null,null
375316653866487564,4535239036535959552,0.5640062,2204.0398208345014,1.286383838794938,4.1603566E-6,17.117483,0.0016400582,0.15988326,6.3912733E-4,0.036241103,9.968426E-4,0.28651857,0.0038490056,0.6602247,0.0042114826,0.03735028,0.004658763,0.049110662,0.004347179,null,null,null,null,"TWOGAUSSIANS",8,4.862379,0.15988326,6.3912733E-4,0.20295018,0.005582319,0.28651857,0.0038490056,0.6602247,0.0042114826,0.20916156,0.026089072,0.049110662,0.004347179
375316653866487564,4535240346509529344,0.54060745,2204.07170420677,3.3714756100574,9.9042645E-6,19.07791,0.005290951,0.12439569,0.005994823,0.059939053,0.007738819,0.20311086,0.0339765,0.6226506,0.0017345421,0.05499284,0.0024730486,0.6178067,0.022004966,null,null,null,null,"TWOGAUSSIANS",8,4.8936768,0.6226506,0.0017345421,0.3079599,0.013849072,0.61775696,0.022015328,0.12439569,0.005994823,0.3356587,0.043337386,0.2030611,0.034012657
375316653866487564,4535241446021117056,0.59854364,2193.304176841162,0.9561827719353637,4.2054817E-6,14.244418,0.0054531293,0.26722616,0.0017118684,0.11632394,0.0057764454,0.115177035,0.004911711,0.7632362,0.0014488223,0.10202681,0.003954773,0.16768782,0.004366396,null,null,null,null,"TWOGAUSSIANS",8,11.667253,0.7632362,0.0014488223,0.4,0.0,0.14875917,0.0036456822,0.26722616,0.0017118684,0.4,0.0,0.096227825,0.0015874519
375316653866487564,4535241789618414464,0.51540136,2197.13517203387,2.683869422773017,1.9742472E-5,15.564335,0.030263614,0.21923652,0.0038522037,0.10705642,0.014920281,0.23622714,0.025168639,0.72671974,0.008777527,0.10805826,0.016997429,0.24352536,0.02856468,null,null,null,null,"TWOGAUSSIANS",8,99.91775,0.72672975,0.008785315,0.4,0.0,0.2138545,0.008410073,0.21922652,0.0038469995,0.4,0.0,0.20655866,0.012913547
375316653866487564,4535243434579821312,0.6186018,2213.26452895661,3.9604045669890056,5.411446E-6,18.536692,0.01137861,0.25692728,0.0010428586,0.04611954,0.0019868312,0.5224926,0.025936935,0.75878567,0.0012948214,0.04491547,0.0031992616,0.4425051,0.028971218,0.10886407,0.013626944,0.25692728,0.0010428586,"TWOGAUSSIANS_WITH_ELLIPSOIDAL_ON_ECLIPSE1",9,3.545063,0.25692728,0.0010428586,0.25826943,0.011126255,0.74022037,0.017453188,0.75878567,0.0012948214,0.25152662,0.017915865,0.66020316,0.027714064
375316653866487564,4535244504037896576,0.47200587,2214.789290621151,3.0027164585460526,2.45424E-5,17.61202,0.00809144,0.30035284,0.009517603,0.07023817,0.007548291,0.17849897,0.019503767,0.78019655,0.0044033187,0.077682026,0.0076158256,0.201299,0.007866455,null,null,null,null,"TWOGAUSSIANS",8,19.941143,0.78019655,0.0044033187,0.4,0.0,0.20051467,0.0075005875,0.30035284,0.009517603,0.39333376,0.040679436,0.17771466,0.01951685
375316653866487564,4535248043090529408,0.50960344,2219.580886848823,3.513012708402382,1.4981212E-5,15.750764,0.013666379,0.22949994,0.0033353628,0.094664045,0.006134587,0.3194641,0.014240007,0.70770013,0.0063182567,0.09317109,0.008055192,0.36290014,0.016732333,null,null,null,null,"TWOGAUSSIANS",8,184.18103,0.70770013,0.0063182567,0.4,0.0,0.34854603,0.0148691675,0.22949994,0.0033353628,0.4,0.0,0.3051097,0.011615278
375316653866487564,4535254502721590400,0.5148399,2196.624777660655,3.9478455542395943,1.1334952E-5,18.729053,0.0018898066,0.779336,0.002482467,0.017668441,0.006203348,0.0110651,0.015428664,null,null,null,null,null,null,0.09152441,0.0023104243,0.779336,0.002482467,"ONEGAUSSIAN_WITH_ELLIPSOIDAL",6,1.8712816,0.779336,0.002482467,0.09894327,0.034738746,0.19411364,0.014870068,null,null,null,null,null,null
375316653866487564,4535255018117629952,0.60120887,2187.1726983293024,2.8864181003519507,4.786949E-6,17.246662,0.009652842,0.24621107,0.0016998982,0.04697667,0.0036666086,0.3580673,0.022004938,0.75298053,0.0038747124,0.059598237,0.004192567,0.34685138,0.024822306,0.100939974,0.0112821795,0.24621107,0.0016998982,"TWOGAUSSIANS_WITH_ELLIPSOIDAL_ON_ECLIPSE1",9,14.554997,0.24621107,0.0016998982,0.26306936,0.020533009,0.5599134,0.016381027,0.75298053,0.0038747124,0.33375013,0.023478376,0.54833245,0.016750079
375316653866487564,4535258071831269632,0.58584064,2176.780157062097,3.936906013159562,6.267345E-6,18.962708,0.018805407,0.19572067,0.0022863238,0.052783273,0.008930851,0.25821492,0.037801266,0.6952866,0.003143835,0.047495425,0.004470631,0.4296215,0.04139744,0.11169835,0.024295526,0.19572067,0.0022863238,"TWOGAUSSIANS_WITH_ELLIPSOIDAL_ON_ECLIPSE1",9,2.954205,0.6953266,0.0029277818,0.26597437,0.025035534,0.6530123,0.019357085,0.19572067,0.0022863238,0.29558632,0.050012764,0.48160723,0.018234726
375316653866487564,4535259102623471360,0.50903577,2220.517443194354,2.5309629372159033,1.2712488E-5,18.355272,0.008209777,0.26354215,0.002949627,0.09174482,0.005403192,0.20645271,0.008601322,0.7642425,0.0033850702,0.08499347,0.0051537794,0.21530211,0.0136531275,null,null,null,null,"TWOGAUSSIANS",8,4.233769,0.7642425,0.0033850702,0.4,0.0,0.20769213,0.013198146,0.26354215,0.002949627,0.4,0.0,0.1988426,0.007387118
375316653866487564,4535265016801626752,0.44133762,2189.443879522702,2.449894312002563,4.890032E-5,17.770748,0.006205549,0.33856648,0.019015767,0.097887576,0.017270464,0.060751528,0.010679405,0.760124,0.002625894,0.037606824,0.0048177876,0.25714496,0.04667132,null,null,null,null,"TWOGAUSSIANS",8,16.554907,0.760124,0.002625894,0.21059822,0.02697961,0.2571332,0.046688043,0.33856648,0.019015767,0.4,0.0,0.060734037,0.010671357
375316653866487564,4535267005361299712,0.55098176,2213.3608645427903,3.663080897384669,9.368198E-6,18.11779,0.016171623,0.27558666,0.0030317127,0.097701445,0.00876588,0.3112928,0.015943896,0.75635993,0.0033909336,0.09056525,0.00811206,0.2527661,0.014844251,null,null,null,null,"TWOGAUSSIANS",8,4.489351,0.27558666,0.0030317127,0.4,0.0,0.2987441,0.018085422,0.75635993,0.0033909336,0.4,0.0,0.24021916,0.0097467
375316653866487564,4535282398524885248,0.45176655,2212.977125961198,0.9599438819349179,1.4098804E-5,18.519829,0.003958345,0.51171184,0.027852673,0.022438757,0.020364739,0.26440382,0.28272334,0.83773977,0.0018091054,0.008258664,0.004843551,0.28935292,0.027396455,null,null,null,null,"TWOGAUSSIANS",8,7.9689646,0.83773977,0.0018091054,0.04624852,0.027123887,0.28935292,0.027396455,0.51171184,0.027852673,0.12565704,0.11404254,0.26440382,0.28272334
375316653866487564,4535286148037460864,0.58849406,2218.6477923775647,0.1367906019784986,1.4319299E-5,18.043196,0.0016573486,0.3825956,0.0036439453,0.0063719642,0.0027221444,0.58181727,0.62060124,0.8815406,0.00404297,0.0058337045,0.003997285,0.42565364,0.79887956,null,null,null,null,"TWOGAUSSIANS",8,2.344992,0.3825956,0.0036439453,0.035683,0.015244008,0.58181727,0.62060124,0.8815406,0.00404297,0.032668743,0.022384796,0.42565364,0.79887956
375316653866487564,4535289717147559168,0.56480926,2191.0667646500065,3.5220560228711917,7.1541062E-6,18.46136,0.0051378584,0.263843,0.0025660305,0.0818366,0.002438642,0.44717652,0.018295575,0.76512665,0.00246941,0.08145176,0.0033585879,0.43351877,0.020269841,null,null,null,null,"TWOGAUSSIANS",8,3.4235845,0.263843,0.0025660305,0.4,0.0,0.43926448,0.01859272,0.76512665,0.00246941,0.4,0.0,0.42560673,0.021411998
375316653866487564,4535293535381315584,0.4862216,2197.1277620788974,3.268837473552212,1.702651E-5,17.384708,0.0026735668,null,null,null,null,null,null,null,null,null,null,null,null,0.06227338,0.0038473462,0.2314811,0.0044952966,"ELLIPSOIDAL",4,11.047032,null,null,null,null,null,null,null,null,null,null,null,null
375316653866487564,4535294325655198592,0.5709594,2218.3649789367664,1.9009035155864895,6.219658E-6,18.650482,0.003002859,0.24213056,0.005813061,0.061255682,0.0042665894,0.08990377,0.007923266,0.7338096,0.0010404766,0.048619807,0.001479935,0.41587937,0.009628507,null,null,null,null,"TWOGAUSSIANS",8,1.9356827,0.7338096,0.0010404766,0.27227092,0.008287636,0.4158716,0.009629471,0.24213056,0.005813061,0.34303182,0.023892902,0.08989599,0.007924063
375316653866487564,4535294974189354624,0.6382297,2214.7272444455452,0.3739239859529403,2.164845E-6,17.55536,0.0023941807,0.21117786,0.002643786,0.028052831,0.004592914,0.054990593,0.008021118,0.71106476,2.506126E-4,0.030739555,4.9413554E-4,0.63647544,0.006489327,0.021576535,0.004509169,0.21117786,0.002643786,"TWOGAUSSIANS_WITH_ELLIPSOIDAL_ON_ECLIPSE1",9,3.5680861,0.71106476,2.4988287E-4,0.1721415,0.002767159,0.67962843,0.006958891,0.21117786,0.002643786,0.15709586,0.025720319,0.098143585,0.0069303764
375316653866487564,4535295764463512448,0.46113795,2175.371671758671,3.4255565691870515,2.9212502E-5,18.951328,0.02876209,0.257583,0.009771575,0.09725826,0.022754835,0.16811024,0.026414761,0.74946064,0.008502955,0.09765226,0.01683704,0.17889002,0.029058246,null,null,null,null,"TWOGAUSSIANS",8,3.43283,0.74946064,0.008502955,0.4,0.0,0.16729353,0.015950337,0.257583,0.0097740255,0.4,0.0,0.15651388,0.016569909
375316653866487564,4535296108061055488,0.6023953,2210.381188656226,1.1480814628541058,2.8723534E-6,18.066776,0.0040323017,0.27569875,5.18769E-4,0.037539713,9.1413443E-4,0.44177803,0.009008859,0.7761489,0.002356983,0.03838617,0.004338778,0.0702087,0.010812715,0.019301768,0.0061029447,0.27569875,5.18769E-4,"TWOGAUSSIANS_WITH_ELLIPSOIDAL_ON_ECLIPSE1",9,2.9082031,0.27569875,5.18769E-4,0.21022238,0.005119153,0.48038152,0.006403695,0.7761489,0.002335989,0.21496256,0.024297157,0.108811885,0.0077581196
375316653866487564,4535302262755451136,0.5805354,2199.925439546074,2.663759650799583,1.3696884E-5,14.866918,0.007823271,0.30389193,0.0036643932,0.08522742,0.0038187415,0.4679978,0.012723921,0.8007795,0.0020202857,0.085688025,0.0029663928,0.45215067,0.014398493,null,null,null,null,"TWOGAUSSIANS",8,179.156,0.30389193,0.0036643932,0.4,0.0,0.45591393,0.011975045,0.8007795,0.0020202857,0.4,0.0,0.4400668,0.014767385
375316653866487564,4535302468913877632,0.4947885,2197.28233449308,1.5830810063299803,1.2623839E-5,15.801799,0.009459948,0.25987065,0.004208085,0.05102159,0.0057906224,0.31687438,0.02709786,0.7520814,0.0076586134,0.03699109,0.006761654,0.08047354,0.0274159,0.040740006,0.013422426,0.7520814,0.0076586134,"TWOGAUSSIANS_WITH_ELLIPSOIDAL_ON_ECLIPSE2",9,169.17673,0.25948066,0.0038232768,0.2857209,0.032427486,0.39816824,0.027501125,0.7520814,0.0076586134,0.20715012,0.037865262,0.16195263,0.011409148
375316653866487564,4535303602785347456,0.45470664,2221.2801976097417,0.5762752547256387,3.501813E-5,16.48688,0.01997903,0.32634103,0.016717646,0.13932613,0.024635082,0.07407457,0.018823696,0.7573963,0.019932164,0.13490036,0.038318347,0.04448423,0.018659774,null,null,null,null,"TWOGAUSSIANS",8,7.508887,0.32803103,0.013427918,0.4,0.0,0.06107419,0.00546634,0.7573963,0.019932164,0.4,0.0,0.031838655,0.0040122685
375316653866487564,4535304629280823936,0.5326621,2210.980625941753,4.078748125402182,1.1385328E-5,19.175426,0.02452169,0.31787536,0.0034363135,0.08660473,0.0050923717,0.60267055,0.028511034,0.7974204,0.003724676,0.087255344,0.0071327323,0.5631056,0.024135858,null,null,null,null,"TWOGAUSSIANS",8,4.0707426,0.31787536,0.0034363135,0.4,0.0,0.5894762,0.024346711,0.7974204,0.003724676,0.4,0.0,0.54991126,0.0228668
375316653866487564,4535304977178001024,0.5414135,2228.253396630535,3.571346033814892,1.0649084E-5,16.93826,0.015733538,0.27101463,0.0037580212,0.04795565,0.0035279542,0.47677806,0.059335303,0.775098,0.007406637,0.034478605,0.016628806,0.4334877,0.39003056,0.14201939,0.022784613,0.775098,0.007406637,"TWOGAUSSIANS_WITH_ELLIPSOIDAL_ON_ECLIPSE2",9,74.74882,0.27141464,0.0029388464,0.26855165,0.019756544,0.7606471,0.04729114,0.775098,0.007406637,0.1930802,0.093121305,0.71752554,0.42528158
375316653866487564,4535306450342031616,0.557145,2214.374979425254,3.6057758279089853,7.737367E-6,19.405321,0.007809819,0.2178439,0.00394237,0.08045391,0.00434739,0.37641817,0.01193306,0.72072756,0.002577091,0.07126955,0.0030472204,0.44291374,0.01195676,null,null,null,null,"TWOGAUSSIANS",8,1.4081293,0.72072756,0.002577091,0.39910948,0.011194853,0.43957785,0.011696673,0.2178439,0.00394237,0.4,0.0,0.37308228,0.011706382
