Gaia/vari_eclipsing_binary/VariEclipsingBinary_208418-208472.csv
# %ECSV 1.0
# ---
# delimiter: ','
# meta: !!omap
# - RELEASE: Gaia DR3
# - TABLE: vari_eclipsing_binary
# - DESCRIPTION: >
#     This table describes the properties of the eclipsing binaries resulting from the variability analysis. 
# - CITATION: >
#     How to cite and acknowledge Gaia: 
#     https://gea.esac.esa.int/archive/documentation/credits.html 
# - KNOWN_ISSUES: >
#     Known issues: 
#     https://www.cosmos.esa.int/web/gaia-users/known-issues 
# - DOCUMENTATION: >
#     Tutorials and documentation: 
#     https://www.cosmos.esa.int/web/gaia-users/archive 
# datatype:
# - 
#   name: solution_id
#   datatype: int64
#   description: Solution Identifier
#   meta:
#     ucd: meta.version
# - 
#   name: source_id
#   datatype: int64
#   description: Unique source identifier
#   meta:
#     ucd: meta.id;meta.main
# - 
#   name: global_ranking
#   datatype: float32
#   description: Number between 0 (worst) and 1 (best)
#   meta:
#     ucd: stat.param
# - 
#   name: reference_time
#   datatype: float64
#   unit: d
#   description: Reference time used for the geometric model fit
#   meta:
#     ucd: time.epoch
# - 
#   name: frequency
#   datatype: float64
#   unit: d**-1
#   description: Frequency of geometric model of the eclipsing binary light curve
#   meta:
#     ucd: src.orbital
# - 
#   name: frequency_error
#   datatype: float32
#   unit: d**-1
#   description: "Uncertainty of \\texttt{frequency}"
#   meta:
#     ucd: stat.error
# - 
#   name: geom_model_reference_level
#   datatype: float32
#   unit: mag
#   description: Magnitude reference level of geometric model
#   meta:
#     ucd: phot.mag;em.opt
# - 
#   name: geom_model_reference_level_error
#   datatype: float32
#   unit: mag
#   description: "Uncertainty of \\texttt{geomModelReferenceLevel}"
#   meta:
#     ucd: stat.error;phot.mag;em.opt
# - 
#   name: geom_model_gaussian1_phase
#   datatype: float32
#   description: Phase of the Gaussian 1 component
#   meta:
#     ucd: time.phase
# - 
#   name: geom_model_gaussian1_phase_error
#   datatype: float32
#   description: "Uncertainty of \\texttt{geomModelGaussian1Phase}"
#   meta:
#     ucd: stat.error;time.phase
# - 
#   name: geom_model_gaussian1_sigma
#   datatype: float32
#   description: "Standard deviation [phase] of Gaussian 1 component"
#   meta:
#     ucd: stat.stdev
# - 
#   name: geom_model_gaussian1_sigma_error
#   datatype: float32
#   description: "Uncertainty of \\texttt{geomModelGaussian1Sigma}"
#   meta:
#     ucd: stat.error
# - 
#   name: geom_model_gaussian1_depth
#   datatype: float32
#   unit: mag
#   description: Magnitude depth of Gaussian 1 component
#   meta:
#     ucd: src.var.amplitude
# - 
#   name: geom_model_gaussian1_depth_error
#   datatype: float32
#   unit: mag
#   description: "Uncertainty of \\texttt{geomModelGaussian1Depth}"
#   meta:
#     ucd: stat.error;src.var.amplitude
# - 
#   name: geom_model_gaussian2_phase
#   datatype: float32
#   description: Phase of Gaussian 2 component
#   meta:
#     ucd: time.phase
# - 
#   name: geom_model_gaussian2_phase_error
#   datatype: float32
#   description: "Uncertainty of \\texttt{geomModelGaussian2Phase}"
#   meta:
#     ucd: stat.error;time.phase
# - 
#   name: geom_model_gaussian2_sigma
#   datatype: float32
[...]
#   datatype: float32
#   description: "Secondary eclipse: uncertainty of \\texttt{derivedSecondaryEclDuration}"
#   meta:
#     ucd: stat.error;time.duration
# - 
#   name: derived_secondary_ecl_depth
#   datatype: float32
#   unit: mag
#   description: "Secondary eclipse: depth"
#   meta:
#     ucd: src.var.amplitude
# - 
#   name: derived_secondary_ecl_depth_error
#   datatype: float32
#   unit: mag
#   description: "Secondary eclipse: uncertainty of \\texttt{derivedSecondaryEclDepth}"
#   meta:
#     ucd: stat.error;src.var.amplitude
solution_id,source_id,global_ranking,reference_time,frequency,frequency_error,geom_model_reference_level,geom_model_reference_level_error,geom_model_gaussian1_phase,geom_model_gaussian1_phase_error,geom_model_gaussian1_sigma,geom_model_gaussian1_sigma_error,geom_model_gaussian1_depth,geom_model_gaussian1_depth_error,geom_model_gaussian2_phase,geom_model_gaussian2_phase_error,geom_model_gaussian2_sigma,geom_model_gaussian2_sigma_error,geom_model_gaussian2_depth,geom_model_gaussian2_depth_error,geom_model_cosine_half_period_amplitude,geom_model_cosine_half_period_amplitude_error,geom_model_cosine_half_period_phase,geom_model_cosine_half_period_phase_error,model_type,num_model_parameters,reduced_chi2,derived_primary_ecl_phase,derived_primary_ecl_phase_error,derived_primary_ecl_duration,derived_primary_ecl_duration_error,derived_primary_ecl_depth,derived_primary_ecl_depth_error,derived_secondary_ecl_phase,derived_secondary_ecl_phase_error,derived_secondary_ecl_duration,derived_secondary_ecl_duration_error,derived_secondary_ecl_depth,derived_secondary_ecl_depth_error
[from data line 180]
375316653866487564,1833366095222948352,0.47686577,2257.684110149856,1.648142567018237,2.8929237E-5,19.917553,0.007931955,0.28971753,0.004473814,0.041706048,0.0038874967,0.49319926,0.012669892,0.785454,0.038128234,0.050730746,0.0361864,0.098005496,0.39279324,null,null,null,null,"TWOGAUSSIANS",8,2.8918228,0.28971753,0.004473814,0.23355386,0.021769982,0.4931991,0.012669703,0.785454,0.038128234,0.2840922,0.20264384,0.098005354,0.3927935
375316653866487564,1833366614928694912,0.5613891,2255.9821562424972,3.018083230908895,6.9081275E-6,15.158057,0.009062296,0.15498346,0.0022797417,0.09931297,0.005018214,0.2726271,0.009723888,0.66058606,0.0021559107,0.09403334,0.0041884575,0.2916028,0.010340732,null,null,null,null,"TWOGAUSSIANS",8,77.764534,0.66058606,0.0021559107,0.4,0.0,0.27317074,0.009113477,0.15498346,0.0022797417,0.4,0.0,0.25419372,0.009087291
375316653866487564,1833366885483076992,0.531919,2268.2797369834266,2.267561886850141,9.134068E-6,18.219107,0.10344613,0.24928707,0.0032897,0.13180585,0.033574644,0.18355916,0.09900834,0.7438951,0.003241565,0.13481009,0.041391164,0.15975626,0.09947197,null,null,null,null,"TWOGAUSSIANS",8,1.0256933,0.24940707,0.0031949691,0.4,0.0,0.12720501,0.005419506,0.7438951,0.003241565,0.4,0.0,0.103348024,0.0043543954
375316653866487564,1833367710116865280,0.4981441,2259.5328657528457,2.9761049929244896,2.633739E-5,19.476595,0.020022068,0.26999816,0.010292927,0.09669021,0.012295326,0.23157701,0.026168693,0.7812572,0.005714126,0.09153983,0.012441481,0.26745462,0.018974232,null,null,null,null,"TWOGAUSSIANS",8,1.9136814,0.7812572,0.005714126,0.4,0.0,0.2550485,0.014482376,0.26999816,0.010292927,0.4,0.0,0.21917026,0.021218544
375316653866487564,1833368156793517696,0.5568233,2249.153808376354,0.1579886896605714,1.1220728E-6,18.558073,0.002067123,0.31747022,0.007797365,0.0040189894,0.0023074902,0.5107162,1.0598052,0.85366595,5.336432E-4,0.006328087,2.451163E-4,0.40083906,0.016884837,null,null,null,null,"TWOGAUSSIANS",8,1.7727854,0.31747022,0.007797365,0.02250634,0.012921945,0.5107162,1.0598052,0.85366595,5.336432E-4,0.035437286,0.0013726512,0.40083906,0.016884837
375316653866487564,1833368328592233856,0.5631802,2253.4941211831483,2.0235653361788892,5.2996006E-6,18.803682,0.011233928,0.22697245,0.0037777012,0.10807014,0.007900186,0.22488794,0.011498718,0.7129334,0.0015218786,0.09430266,0.004711868,0.34326848,0.011507331,null,null,null,null,"TWOGAUSSIANS",8,0.98567253,0.7129334,0.0015218786,0.4,0.0,0.32172722,0.012457266,0.22697245,0.0037777012,0.4,0.0,0.2033355,0.009412299
375316653866487564,1833368985740080896,0.5055517,2205.1845268650645,1.2872654685996767,1.5621537E-5,18.970594,0.002321838,0.18408509,9.975263E-4,0.04045077,0.0017799204,0.35108802,0.025973441,0.6737687,0.0069821537,0.056688104,0.006796199,0.15330072,0.015025925,null,null,null,null,"TWOGAUSSIANS",8,1.5147716,0.18408509,9.975263E-4,0.22652432,0.009967554,0.3510876,0.025973627,0.6737687,0.0069821537,0.31745338,0.038058713,0.15330029,0.015026313
375316653866487564,1833369260628475904,0.613159,2238.8188294023817,0.6866782311972767,3.345193E-6,15.017851,0.025081798,0.2413734,0.0017870229,0.13306347,0.009039973,0.26614463,0.023125542,0.7171923,0.0019782358,0.121685654,0.006722873,0.33350325,0.021482514,null,null,null,null,"TWOGAUSSIANS",8,19.951012,0.7171923,0.0019782358,0.4,0.0,0.26302326,0.009015015,0.2416434,0.0017315873,0.4,0.0,0.19529723,0.0035184273
375316653866487564,1833369428104014976,0.6215911,2231.1886011299644,0.7819095852304404,2.35104E-6,17.629763,0.00293562,0.2551788,6.258227E-4,0.02996623,6.498673E-4,0.70944554,0.015927289,0.7498986,0.004971378,0.02720363,0.005813082,0.08487186,0.011617726,null,null,null,null,"TWOGAUSSIANS",8,6.923758,0.2551788,6.258227E-4,0.16781089,0.0036392568,0.70944554,0.015927289,0.7498986,0.004971378,0.15234034,0.03255326,0.08487186,0.011617726
375316653866487564,1833370046588904192,0.5092989,2258.419878449949,0.3980461437645991,5.7510602E-5,18.322655,0.006108306,0.4833999,0.00879505,0.015412185,0.0055387393,0.3555816,0.5483217,0.7525162,0.0030178686,0.017945405,0.001808411,1.4338131,0.40471926,0.011898975,0.009740064,0.7525162,0.0030178686,"TWOGAUSSIANS_WITH_ELLIPSOIDAL_ON_ECLIPSE2",9,13.731227,0.7525162,0.0030178686,0.10049427,0.010127101,1.4576108,0.41050816,0.4833799,0.008810351,0.08630823,0.03101694,0.35592347,0.5481235
375316653866487564,1833372623559286272,0.5684805,2223.754519132248,1.7714936347185375,7.799438E-6,18.715223,0.006675109,0.20959894,0.0038035852,0.07342689,0.004859848,0.19384561,0.010416087,0.7078265,0.002897749,0.06329834,0.003581232,0.42653945,0.010709052,null,null,null,null,"TWOGAUSSIANS",8,2.0005975,0.7078265,0.002897749,0.3544707,0.0200549,0.42588243,0.010616956,0.20959894,0.0038035852,0.4,0.008588484,0.19318858,0.010358711
375316653866487564,1833372898438458752,0.54368055,2233.765011182136,3.4341983553863273,8.264755E-6,18.964504,0.009452029,0.29790395,0.0034956953,0.07048802,0.0044109738,0.37592563,0.019177457,0.8026565,0.0031107562,0.080802724,0.0041989964,0.33227217,0.01906872,null,null,null,null,"TWOGAUSSIANS",8,2.542957,0.29790395,0.0034956953,0.39473292,0.020250635,0.37323967,0.019252457,0.8026565,0.0031107562,0.4,0.0,0.32958624,0.019041166
375316653866487564,1833373212000714368,0.5567169,2312.5790634482228,2.078044786971192,8.660698E-6,19.15724,0.0050401506,0.21372211,0.0020014318,0.04223757,0.003667249,0.36724684,0.02756508,0.7464539,0.0050475444,0.021318626,0.0047256486,0.07951994,0.012513767,0.0917661,0.0069968547,0.21372211,0.0020014318,"TWOGAUSSIANS_WITH_ELLIPSOIDAL_ON_ECLIPSE1",9,1.9719278,0.21372211,0.0020014318,0.2365304,0.020536596,0.5507786,0.026595626,0.7464539,0.0050475444,0.1193843,0.026463633,0.2553979,0.010087782
375316653866487564,1833374758187053440,0.53891295,2271.1917163796143,0.14417106628957757,9.629535E-6,18.410172,0.0023984548,0.21084407,0.028475031,0.071879245,0.024726134,0.028011302,0.007850929,0.86870813,4.5967856E-4,0.008350301,2.774553E-4,0.59991467,0.025558269,null,null,null,null,"TWOGAUSSIANS",8,2.827636,0.86870813,4.5967856E-4,0.046761684,0.0015537497,0.599915,0.025558578,0.21084407,0.028475031,0.4,0.103003055,0.028011302,0.007850929
375316653866487564,1833375509777306880,0.54076356,2281.1307385993123,1.4413877070528256,9.34242E-6,17.929428,0.0025040384,0.27328125,0.0029789147,0.025676923,0.005991285,0.030717311,0.005379348,0.7761177,0.0041121966,0.048652787,0.004718358,0.11395091,0.010832336,0.049472377,0.0030731014,0.27328125,0.0029789147,"TWOGAUSSIANS_WITH_ELLIPSOIDAL_ON_ECLIPSE1",9,2.3786643,0.7761177,0.0041121966,0.2724556,0.026422806,0.21286385,0.011067258,0.27328125,0.0029789147,0.14379077,0.033551197,0.12966166,0.0036640903
375316653866487564,1833375578496838656,0.47162777,2263.2723010381833,2.5053936958708167,1.6990796E-5,19.841284,0.06858375,0.26867872,0.008660971,0.096780606,0.028443536,0.31966522,0.05387269,0.75825065,0.008882376,0.10312015,0.022735475,0.35352775,0.065384805,null,null,null,null,"TWOGAUSSIANS",8,2.3549817,0.75825065,0.008882376,0.4,0.0,0.32768884,0.02850727,0.26867872,0.008684082,0.4,0.0,0.29383135,0.02602671
375316653866487564,1833376579253229568,0.4705753,2267.7473523056838,1.0470857368206903,4.598673E-6,17.278322,0.0017750409,0.5158147,2.7478018E-4,0.03316751,9.118781E-4,0.26969552,0.009273784,0.84833384,0.03713317,0.04335995,0.068080254,0.027573211,0.12848774,1.6093766E-4,0.0018416586,0.84833384,0.03713317,"TWOGAUSSIANS_WITH_ELLIPSOIDAL_ON_ECLIPSE2",9,6.1681013,0.5158047,2.3046654E-4,0.18573806,0.005106517,0.2697746,0.009500119,0.84833384,0.03713317,0.24281573,0.2299705,0.027895086,0.1282645
375316653866487564,1833376682322646528,0.43521032,2258.6274272288897,1.8371291827478458,3.041705E-5,19.617113,0.0074831727,0.39377594,0.011634224,0.026662564,0.002844834,0.49948454,0.19142865,0.8887722,0.017822262,0.01877583,0.022223644,0.18310627,0.15328796,null,null,null,null,"TWOGAUSSIANS",8,6.565185,0.39377594,0.011634224,0.14931037,0.01593107,0.49948454,0.19142865,0.8887722,0.017822262,0.10514465,0.12445241,0.18310627,0.15328796
375316653866487564,1833376987246359424,0.49580285,2278.8287302626973,0.8122643442381305,2.326721E-5,17.682196,0.0032941536,0.29124632,0.010079282,0.031762473,0.016894368,0.082849406,0.022113282,0.78067166,0.007567472,0.031048413,0.005396797,0.062451575,0.013215621,0.013330492,0.0042056255,0.29124632,0.010079282,"TWOGAUSSIANS_WITH_ELLIPSOIDAL_ON_ECLIPSE1",9,2.8464708,0.29124632,0.010079282,0.17786986,0.09460846,0.10951035,0.023486856,0.7810016,0.007310612,0.17387111,0.030222062,0.088998675,0.010746923
375316653866487564,1833376991569973248,0.6034503,2266.6734197315,0.3972714235658786,1.3347513E-5,17.052307,0.0011358545,0.63885725,0.0017012473,0.023898399,0.0014005217,0.4334901,0.018605279,0.8176651,0.016220314,0.03306653,0.014622447,0.011709769,0.0039359396,null,null,null,null,"TWOGAUSSIANS",8,2.971251,0.63885725,0.0017012473,0.13383104,0.007842922,0.4334901,0.018605277,0.8176651,0.016220314,0.18517256,0.0818857,0.011709769,0.0039359396
375316653866487564,1833378537758016640,0.61019415,2242.162262109219,1.2374170609039614,2.6332043E-6,16.4944,0.013888009,0.28798547,0.0011270589,0.077559136,0.003078347,0.3670967,0.013082227,0.79954106,0.0015607544,0.09161179,0.0063852556,0.34099987,0.017953103,null,null,null,null,"TWOGAUSSIANS",8,11.636659,0.28798547,0.0011270589,0.4,0.0,0.35983562,0.010324158,0.79954106,0.0015607544,0.4,0.0,0.3337385,0.0185128
375316653866487564,1833380010903388288,0.49878484,2265.3584996707073,3.5870833756207925,1.1816244E-5,18.889906,0.011863405,0.30793533,0.0035176638,0.07955824,0.004934725,0.40073913,0.019611843,0.78859615,0.0053370115,0.080908954,0.0067063444,0.32420066,0.014701626,null,null,null,null,"TWOGAUSSIANS",8,7.201355,0.30793533,0.0035176638,0.4,0.0,0.39691353,0.019357268,0.78859615,0.0053370115,0.4,0.0,0.32037506,0.014250305
375316653866487564,1833380217061843584,0.5339413,2260.836949257608,1.271296946841812,8.581395E-6,18.035606,0.0025818413,0.25645697,0.0056295353,0.046061803,0.0079735955,0.06294477,0.005552418,0.75948185,0.0012850143,0.045975428,0.0015771269,0.22428793,0.004359896,null,null,null,null,"TWOGAUSSIANS",8,2.2099535,0.75948185,0.0012850143,0.2574624,0.008831911,0.22428785,0.004359874,0.25645697,0.0056295353,0.2579461,0.044652134,0.06294469,0.005552515
375316653866487564,1833381458327010688,0.46982077,2230.7465220572867,3.4662244627452163,2.1933765E-5,19.280418,0.030737026,0.23005638,0.0057576126,0.04244552,0.008044007,0.30200145,0.059855707,0.71559674,0.010779934,0.03872298,0.009320873,0.49639133,0.17038737,0.1144507,0.038363796,0.23005638,0.0057576126,"TWOGAUSSIANS_WITH_ELLIPSOIDAL_ON_ECLIPSE1",9,22.486822,0.71634674,0.009990569,0.21684869,0.05219689,0.7235053,0.1625888,0.23005638,0.0057576126,0.23769492,0.04504644,0.5309028,0.035343915
375316653866487564,1833382106848457856,0.4942999,2241.483392742963,2.680615161879073,1.075747E-5,19.413816,0.017188653,0.24616838,0.005579693,0.09374543,0.00995676,0.28002355,0.017907284,0.7467113,0.004041996,0.092522375,0.007450805,0.26742402,0.019067062,null,null,null,null,"TWOGAUSSIANS",8,1.6073414,0.24616838,0.005579693,0.4,0.0,0.2652249,0.015022122,0.7467113,0.004041996,0.4,0.0,0.25262552,0.014844939
375316653866487564,1833383313761860480,0.55747813,2248.613257900684,0.5576289667622741,2.1382712E-5,16.898605,0.0010986807,0.24336165,0.012097675,0.011636598,0.0057863593,0.25075257,0.09417345,0.7327814,0.013195395,0.026112251,0.0076395236,0.23796801,0.18157043,null,null,null,null,"TWOGAUSSIANS",8,3.794929,0.24336165,0.012097675,0.065164946,0.032403614,0.25075257,0.09417345,0.7327814,0.013195395,0.1462286,0.04278133,0.23796801,0.18157043
375316653866487564,1833383653035798144,0.66757876,2227.546446968342,2.1467809972813487,2.2681704E-6,15.927103,0.0035842136,0.2761522,8.3570916E-4,0.04723915,0.0027988066,0.15076652,0.00866955,0.77645916,0.0019103172,0.051476475,0.0021639795,0.168728,0.008672077,0.12794207,0.0048034512,0.2761522,8.3570916E-4,"TWOGAUSSIANS_WITH_ELLIPSOIDAL_ON_ECLIPSE1",9,12.019133,0.77645916,0.001815245,0.28826827,0.012118285,0.42460954,0.0058690165,0.2761522,8.3570916E-4,0.26453924,0.015673317,0.40664902,0.006618154
375316653866487564,1833383927914605696,0.44065496,2221.455465978661,0.7411839608554692,3.89598E-5,19.500378,0.009471436,0.222339,0.030881168,0.08394493,0.02642088,0.06705647,0.020098029,0.72452,0.0046780366,0.044224393,0.0073965145,0.24574421,0.030978704,null,null,null,null,"TWOGAUSSIANS",8,5.7050757,0.72452,0.0046780366,0.2476566,0.041420482,0.24565405,0.031010177,0.222339,0.030881168,0.4,0.037567005,0.066966295,0.020130796
375316653866487564,1833384000956700672,0.56606257,2266.545014016694,0.33679473978875973,4.0956125E-5,17.517548,0.0011654616,0.14965977,0.09220199,0.05581022,0.08186591,0.007845275,0.039087825,0.3914795,0.007605084,0.010935872,0.005091087,0.5351713,0.13262285,null,null,null,null,"TWOGAUSSIANS",8,5.357105,0.3914795,0.007605084,0.06124088,0.028510088,0.5351719,0.13262281,0.14965977,0.09220199,0.31253722,0.4584491,0.007845275,0.039087825
375316653866487564,1833386401815787392,0.518708,2244.9369174836097,3.4948139485248473,1.1403816E-5,19.484953,0.010049392,0.23286851,0.0040227515,0.0773302,0.0053266166,0.31491792,0.013793346,0.75286764,0.002827122,0.07592313,0.005363656,0.3424242,0.013960247,null,null,null,null,"TWOGAUSSIANS",8,1.9518958,0.75286764,0.002827122,0.4,0.0,0.340348,0.013927123,0.23286851,0.0040227515,0.4,0.0,0.3128417,0.013494829
375316653866487564,1833386985930547840,0.4774982,2251.1648272543903,2.7726567183343422,2.659307E-5,18.92425,0.1576727,0.2154917,0.011579949,0.112389825,0.03883147,0.22813076,0.15298186,0.7011839,0.009309541,0.11842985,0.049438782,0.19838937,0.15210171,null,null,null,null,"TWOGAUSSIANS",8,3.5168252,0.21554169,0.011237224,0.4,0.0,0.19276296,0.016211862,0.7011839,0.009309541,0.4,0.0,0.16298798,0.0097372
375316653866487564,1833388227172816512,0.5578444,2227.6027316866525,2.778664657210797,5.5299274E-6,19.741373,0.009222835,0.25141513,0.0029016768,0.06571897,0.002971891,0.5458652,0.014123915,0.7536159,0.001901458,0.06501323,0.0019576838,0.5941691,0.016636813,null,null,null,null,"TWOGAUSSIANS",8,1.5317932,0.7536159,0.001901458,0.36407408,0.01096303,0.5934576,0.01658324,0.25141513,0.0029016768,0.36802626,0.016642591,0.5451537,0.01407468
375316653866487564,1833388261532536448,0.4670406,2251.7430877467455,1.4295990004323156,1.9978703E-5,19.579395,0.008065207,0.27451333,0.009017681,0.0452392,0.025401315,0.21002026,0.05070189,0.78557795,0.013782502,0.054468244,0.011246154,0.19605926,0.036099683,null,null,null,null,"TWOGAUSSIANS",8,2.6314933,0.27451333,0.009017681,0.2533395,0.14224736,0.21001947,0.050789062,0.78557795,0.013782502,0.30502218,0.06297846,0.19605845,0.03609185
375316653866487564,1833388639508833664,0.42522043,2322.460965524561,4.222889094917902,6.9555106E-5,17.980587,0.022060778,0.20910083,0.01340351,0.02259501,0.018992689,0.0810313,343.20187,0.6177627,0.017639356,0.114137635,0.018556083,0.23931766,0.03240749,null,null,null,null,"TWOGAUSSIANS",8,15.131721,0.6177627,0.017639356,0.4,0.0,0.23927945,0.03235222,0.20918082,0.013332661,0.12653206,0.10635905,0.08138772,343.2019
375316653866487564,1833390563635134848,0.53601336,2248.456538218522,0.4467991404698841,1.2495641E-5,19.042019,0.003249729,0.09725806,0.0019884263,0.019391706,0.002097585,0.5627905,0.086142175,0.597337,4.988836E-4,0.019774854,5.373169E-4,0.5611215,0.015635377,null,null,null,null,"TWOGAUSSIANS",8,1.8888987,0.09725806,0.0019884263,0.10859355,0.011746476,0.5627905,0.086142175,0.597337,4.988836E-4,0.11073919,0.0030089747,0.5611215,0.015635377
