Gaia/vari_eclipsing_binary/VariEclipsingBinary_458897-458909.csv
# %ECSV 1.0
# ---
# delimiter: ','
# meta: !!omap
# - RELEASE: Gaia DR3
# - TABLE: vari_eclipsing_binary
# - DESCRIPTION: >
#     This table describes the properties of the eclipsing binaries resulting from the variability analysis. 
# - CITATION: >
#     How to cite and acknowledge Gaia: 
#     https://gea.esac.esa.int/archive/documentation/credits.html 
# - KNOWN_ISSUES: >
#     Known issues: 
#     https://www.cosmos.esa.int/web/gaia-users/known-issues 
# - DOCUMENTATION: >
#     Tutorials and documentation: 
#     https://www.cosmos.esa.int/web/gaia-users/archive 
# datatype:
# - 
#   name: solution_id
#   datatype: int64
#   description: Solution Identifier
#   meta:
#     ucd: meta.version
# - 
#   name: source_id
#   datatype: int64
#   description: Unique source identifier
#   meta:
#     ucd: meta.id;meta.main
# - 
#   name: global_ranking
#   datatype: float32
#   description: Number between 0 (worst) and 1 (best)
#   meta:
#     ucd: stat.param
# - 
#   name: reference_time
#   datatype: float64
#   unit: d
#   description: Reference time used for the geometric model fit
#   meta:
#     ucd: time.epoch
# - 
#   name: frequency
#   datatype: float64
#   unit: d**-1
#   description: Frequency of geometric model of the eclipsing binary light curve
#   meta:
#     ucd: src.orbital
# - 
#   name: frequency_error
#   datatype: float32
#   unit: d**-1
#   description: "Uncertainty of \\texttt{frequency}"
#   meta:
#     ucd: stat.error
# - 
#   name: geom_model_reference_level
#   datatype: float32
#   unit: mag
#   description: Magnitude reference level of geometric model
#   meta:
#     ucd: phot.mag;em.opt
# - 
#   name: geom_model_reference_level_error
#   datatype: float32
#   unit: mag
#   description: "Uncertainty of \\texttt{geomModelReferenceLevel}"
#   meta:
#     ucd: stat.error;phot.mag;em.opt
# - 
#   name: geom_model_gaussian1_phase
#   datatype: float32
#   description: Phase of the Gaussian 1 component
#   meta:
#     ucd: time.phase
# - 
#   name: geom_model_gaussian1_phase_error
#   datatype: float32
#   description: "Uncertainty of \\texttt{geomModelGaussian1Phase}"
#   meta:
#     ucd: stat.error;time.phase
# - 
#   name: geom_model_gaussian1_sigma
#   datatype: float32
#   description: "Standard deviation [phase] of Gaussian 1 component"
#   meta:
#     ucd: stat.stdev
# - 
#   name: geom_model_gaussian1_sigma_error
#   datatype: float32
#   description: "Uncertainty of \\texttt{geomModelGaussian1Sigma}"
#   meta:
#     ucd: stat.error
# - 
#   name: geom_model_gaussian1_depth
#   datatype: float32
#   unit: mag
#   description: Magnitude depth of Gaussian 1 component
#   meta:
#     ucd: src.var.amplitude
# - 
#   name: geom_model_gaussian1_depth_error
#   datatype: float32
#   unit: mag
#   description: "Uncertainty of \\texttt{geomModelGaussian1Depth}"
#   meta:
#     ucd: stat.error;src.var.amplitude
# - 
#   name: geom_model_gaussian2_phase
#   datatype: float32
#   description: Phase of Gaussian 2 component
#   meta:
#     ucd: time.phase
# - 
#   name: geom_model_gaussian2_phase_error
#   datatype: float32
#   description: "Uncertainty of \\texttt{geomModelGaussian2Phase}"
#   meta:
#     ucd: stat.error;time.phase
# - 
#   name: geom_model_gaussian2_sigma
#   datatype: float32
[...]
#   datatype: float32
#   description: "Secondary eclipse: uncertainty of \\texttt{derivedSecondaryEclDuration}"
#   meta:
#     ucd: stat.error;time.duration
# - 
#   name: derived_secondary_ecl_depth
#   datatype: float32
#   unit: mag
#   description: "Secondary eclipse: depth"
#   meta:
#     ucd: src.var.amplitude
# - 
#   name: derived_secondary_ecl_depth_error
#   datatype: float32
#   unit: mag
#   description: "Secondary eclipse: uncertainty of \\texttt{derivedSecondaryEclDepth}"
#   meta:
#     ucd: stat.error;src.var.amplitude
solution_id,source_id,global_ranking,reference_time,frequency,frequency_error,geom_model_reference_level,geom_model_reference_level_error,geom_model_gaussian1_phase,geom_model_gaussian1_phase_error,geom_model_gaussian1_sigma,geom_model_gaussian1_sigma_error,geom_model_gaussian1_depth,geom_model_gaussian1_depth_error,geom_model_gaussian2_phase,geom_model_gaussian2_phase_error,geom_model_gaussian2_sigma,geom_model_gaussian2_sigma_error,geom_model_gaussian2_depth,geom_model_gaussian2_depth_error,geom_model_cosine_half_period_amplitude,geom_model_cosine_half_period_amplitude_error,geom_model_cosine_half_period_phase,geom_model_cosine_half_period_phase_error,model_type,num_model_parameters,reduced_chi2,derived_primary_ecl_phase,derived_primary_ecl_phase_error,derived_primary_ecl_duration,derived_primary_ecl_duration_error,derived_primary_ecl_depth,derived_primary_ecl_depth_error,derived_secondary_ecl_phase,derived_secondary_ecl_phase_error,derived_secondary_ecl_duration,derived_secondary_ecl_duration_error,derived_secondary_ecl_depth,derived_secondary_ecl_depth_error
[from data line 335]
375316653866487564,4036558462661757568,0.4678257,2415.7291996147183,1.244727886260064,3.5230056E-5,18.821623,0.0037595364,0.26566583,0.0060877614,0.053692706,0.0070254114,0.107505575,0.015879646,0.7797571,0.017710274,0.03224351,0.023666915,0.05724442,0.055623434,null,null,null,null,"TWOGAUSSIANS",8,1.7687263,0.26566583,0.0060877614,0.30067915,0.039342303,0.107505575,0.015879698,0.7797571,0.017710274,0.18056364,0.13253473,0.057244416,0.055623658
375316653866487564,4036558703180426240,0.5916059,2399.438641921544,2.5371539525873175,2.6107917E-5,19.194841,0.021691758,0.32791272,0.012058916,0.08742303,0.012933854,0.46045494,0.02127743,0.8322697,0.0044533093,0.07957148,0.0053701056,0.46523958,0.023050211,null,null,null,null,"TWOGAUSSIANS",8,1.8781644,0.8322697,0.0044533093,0.4,0.0,0.45557722,0.016929483,0.32791272,0.012058916,0.4,0.0,0.45079252,0.020227531
375316653866487564,4036558703180728576,0.5648934,2386.1463560148504,2.8038019154046423,1.1905739E-5,19.613668,0.0142293265,0.249903,0.0033544125,0.084352575,0.007956554,0.5176547,0.018263612,0.75262773,0.0038476384,0.08164859,0.0048672464,0.50098103,0.020523055,null,null,null,null,"TWOGAUSSIANS",8,1.4144288,0.249903,0.0033544125,0.4,0.0,0.50726825,0.020789696,0.75262773,0.0038476384,0.4,0.0,0.4905946,0.020248678
375316653866487564,4036558909339386496,0.48357308,2439.144744469436,0.7339600338849959,1.9048317E-5,18.669565,0.011253013,0.15663555,0.07367052,0.029154168,0.042780034,0.5436598,0.30489218,0.71139264,0.004008188,0.025203533,0.0053856336,0.06946639,0.011067564,null,null,null,null,"TWOGAUSSIANS",8,7.2552233,0.15663555,0.07367052,0.16326335,0.23956819,0.5436598,0.3048922,0.71139264,0.004008188,0.14113979,0.030159548,0.06946639,0.011067551
375316653866487564,4036559081138934784,0.52377445,2433.1666204898356,3.7890572870430654,1.6202828E-5,19.535713,0.021538848,0.22813746,0.0062324284,0.083769865,0.007069581,0.42175677,0.025709994,0.70971614,0.0075657107,0.07821561,0.008895938,0.40017602,0.05200766,null,null,null,null,"TWOGAUSSIANS",8,2.145487,0.22813746,0.0062324284,0.4,0.0,0.4168513,0.022891508,0.70971614,0.0075657107,0.4,0.0,0.3952706,0.052770622
375316653866487564,4036559424736602112,0.46567878,2423.115664318054,2.126144844250034,2.4197716E-5,17.79858,0.016011696,0.2132469,0.07040482,0.036994815,0.10281356,0.0982614,0.054470547,0.7371474,0.008424329,0.0928313,0.013750562,0.15187767,0.018930027,null,null,null,null,"TWOGAUSSIANS",8,11.291876,0.7371474,0.008424329,0.4,0.0,0.15180679,0.013166613,0.2132469,0.07042286,0.20717096,0.26745212,0.09819084,0.066386364
375316653866487564,4036559493524585216,0.6435278,2391.3857317309917,1.941237334735689,4.458454E-6,14.793001,0.021151965,0.2844754,0.005240961,0.05390471,0.0055816052,0.51516116,0.053802654,0.78829175,0.0032330358,0.05330692,0.0048328177,0.34554732,0.049197726,0.08924639,0.025952196,0.78829175,0.0032330358,"TWOGAUSSIANS_WITH_ELLIPSOIDAL_ON_ECLIPSE2",9,79.72392,0.28475538,0.0048288903,0.30186635,0.03125699,0.6935448,0.018216094,0.78829175,0.0032330358,0.29851875,0.02706378,0.52402604,0.027267244
375316653866487564,4036559562174959232,0.55807453,2438.2509172339987,3.0885861634340763,2.0807316E-5,19.617104,0.014849777,0.2781648,0.0054717995,0.07118978,0.004911375,0.6345027,0.053942394,0.79085934,0.011565704,0.06594891,0.009416012,0.50178635,0.060845643,null,null,null,null,"TWOGAUSSIANS",8,2.6424475,0.2781648,0.0054717995,0.3986628,0.021366563,0.63345766,0.054169476,0.79085934,0.011565704,0.3693139,0.04282065,0.5007413,0.06123893
375316653866487564,4036559596603725696,0.57374424,2385.3090567741156,2.390614554936264,1.35781565E-5,16.870197,0.0072021484,0.30675837,0.004253029,0.08925037,0.0062877103,0.2997164,0.011309653,0.79818076,0.0047006733,0.08502119,0.004942169,0.31089953,0.01645559,null,null,null,null,"TWOGAUSSIANS",8,14.600204,0.79818076,0.0047006733,0.4,0.0,0.3022697,0.017032277,0.30675837,0.004253029,0.4,0.0,0.2910865,0.012033851
375316653866487564,4036559905773272064,0.4277194,2396.0886793189416,0.19172310142435517,5.5575747E-5,19.338997,0.088023536,0.056444608,0.03465004,0.057654463,0.03597107,0.108903944,0.07763745,0.6484191,0.021856911,0.18308367,0.047081944,0.30809614,0.08272502,null,null,null,null,"TWOGAUSSIANS",8,4.583161,0.6484191,0.021856911,0.4,0.0,0.2847253,0.032372393,0.046564605,0.04403253,0.32286498,0.1935819,0.114290096,0.06832233
375316653866487564,4036560111929189120,0.42975295,2417.8369441142645,1.5139883051730367,3.188151E-5,19.171484,0.052509513,0.31686965,0.03251563,0.08657408,0.046561733,0.24114032,0.09719309,0.7969095,0.067403644,0.05020638,0.048545677,0.37031406,1.6987296,null,null,null,null,"TWOGAUSSIANS",8,5.6872663,0.7969095,0.067403644,0.28115574,0.2718558,0.36992073,1.6999192,0.31686965,0.03251563,0.4,0.010227715,0.24074692,0.1008333
375316653866487564,4036560215100157952,0.5564271,2389.5245242975975,0.01866960046772059,9.840228E-5,18.877213,0.011391791,0.04480981,3.609158E-4,0.010824816,5.8545155E-4,0.0839231,0.012669742,0.5538312,0.007008635,0.11802049,0.0074297637,0.36400357,0.01728812,null,null,null,null,"TWOGAUSSIANS",8,3.0448976,0.5538312,0.007008635,0.4,0.0,0.3638167,0.017203413,0.04480981,3.609158E-4,0.060618974,0.0032785288,0.08383301,0.012595842
375316653866487564,4036560421168203136,0.5477349,2409.2280806879344,2.7231900347860885,7.2061457E-6,18.922281,0.03103785,0.22899076,0.0023318413,0.072129585,0.0077930726,0.43111348,0.019652305,0.721981,0.007216199,0.08020745,0.014141135,0.41970372,0.061055638,null,null,null,null,"TWOGAUSSIANS",8,4.0131054,0.22899076,0.0023318413,0.4,0.017673023,0.4277756,0.01763195,0.721981,0.007216199,0.4,0.0,0.4163658,0.06338279
375316653866487564,4036560455527964672,0.5307434,2433.541748688918,0.5452572352749387,1.2427417E-4,19.47957,0.061573733,0.31338775,0.029334012,0.054232977,0.015098865,1.8201418,0.8838738,0.9128637,0.0206683,0.123822734,0.06639209,0.08037416,0.06089352,null,null,null,null,"TWOGAUSSIANS",8,2.3580198,0.31336775,0.02916067,0.30370468,0.084553644,1.8194151,0.8924675,0.9128637,0.0206683,0.4,0.0,0.079217136,0.04305929
375316653866487564,4036560455528007936,0.51047707,2411.059152702845,2.791522093992121,2.2800426E-5,18.6939,0.016921155,0.27888495,0.009231182,0.07900356,0.014750291,0.3062693,0.024191644,0.79728776,0.0048084906,0.081027046,0.007761091,0.2716928,0.024682857,null,null,null,null,"TWOGAUSSIANS",8,6.396459,0.27888495,0.009231182,0.4,0.0,0.30323553,0.026424998,0.79728776,0.0048084906,0.4,0.0,0.26865906,0.023269782
375316653866487564,4036560592966864640,0.60872203,2431.4486162220114,1.998278050167375,7.35805E-6,17.631346,0.0051089386,0.29673165,0.0020553488,0.08553926,0.0035296374,0.3672283,0.0078044394,0.8002898,0.0013277333,0.08769789,0.0036372223,0.25779215,0.006008809,null,null,null,null,"TWOGAUSSIANS",8,1.7222794,0.29673165,0.0020553488,0.4,0.0,0.35826686,0.008215825,0.8002898,0.0013277333,0.4,0.0,0.24883068,0.0066513494
375316653866487564,4036560661685352960,0.51306325,2420.370500994562,2.816261458621755,1.5896421E-5,17.550707,0.107865505,0.29735273,0.005494575,0.12108793,0.041891374,0.15947607,0.10334142,0.7899895,0.0057994043,0.13178502,0.042361893,0.19463852,0.10394064,null,null,null,null,"TWOGAUSSIANS",8,4.581968,0.7899895,0.0057994043,0.4,0.0,0.14749238,0.008715708,0.2975127,0.005675113,0.4,0.0,0.11256238,0.009538594
375316653866487564,4036560661685411968,0.5809309,2433.202022912084,1.922276739029691,1.4728995E-5,17.755144,0.008469393,0.21255869,0.00787527,0.088046856,0.008500142,0.19953512,0.012406683,0.7105855,0.004239372,0.08929778,0.006648613,0.20449656,0.008681311,null,null,null,null,"TWOGAUSSIANS",8,2.0583217,0.7105855,0.004239372,0.4,0.0,0.19713917,0.005760949,0.21255869,0.00787527,0.4,0.0,0.19217776,0.0102204215
375316653866487564,4036560730474978688,0.45926076,2404.6197680234463,2.287028093849614,2.9857085E-5,18.10845,0.020571118,0.30578429,0.009333956,0.020503897,0.024831012,0.24129973,0.96455324,0.7772243,0.04537755,0.056952257,0.04459342,0.23410209,0.13483374,0.16968398,0.038991142,0.30578429,0.009333956,"TWOGAUSSIANS_WITH_ELLIPSOIDAL_ON_ECLIPSE1",9,37.404697,0.30578429,0.009333956,0.11482182,0.13905367,0.58066523,0.9673105,0.7849443,0.050605915,0.31893265,0.24972317,0.5655412,0.0879184
375316653866487564,4036560936563924480,0.44355726,2460.5851712571916,4.001017530872296,2.9123683E-5,19.85901,0.09141413,0.20937614,0.00647064,0.04625555,0.008042356,0.6610451,0.086229615,0.68064934,0.060248192,0.08671335,0.087569736,0.30725253,0.07924577,null,null,null,null,"TWOGAUSSIANS",8,5.7615333,0.20937614,0.0060818344,0.2590311,0.045037195,0.660767,0.08526611,0.68064934,0.060248192,0.4,0.0,0.30697435,0.0696889
375316653866487564,4036561104063813120,0.48959196,2398.581428568486,2.3325927177446375,2.2053337E-5,18.939598,0.034242157,0.21672767,0.004234174,0.082396284,0.008847308,0.46043822,0.04099984,0.7274637,0.01670965,0.09634935,0.022503676,0.35402974,0.06337404,null,null,null,null,"TWOGAUSSIANS",8,6.9137864,0.21672767,0.0042332057,0.4,0.0,0.44703728,0.03722172,0.7274637,0.01670965,0.4,0.0,0.34062764,0.06418752
375316653866487564,4036561142722870144,0.5708638,2379.9626975388865,3.8001717423577968,3.8338217E-6,18.951649,0.009763235,0.24439478,0.0032218958,0.067645825,0.003016677,0.6345612,0.027129732,0.74985844,0.0030762746,0.06787304,0.0026543033,0.47375122,0.017662166,null,null,null,null,"TWOGAUSSIANS",8,3.429198,0.24439478,0.0032218958,0.3788166,0.01689339,0.63351727,0.02718305,0.74985844,0.0030762746,0.380089,0.014864099,0.47270724,0.017550405
375316653866487564,4036561280162434816,0.4756027,2402.3286038718343,2.0695069319160853,8.645804E-5,19.545017,0.021363772,0.47931233,0.016831992,0.10036927,0.021886582,0.25932258,0.059508517,0.7959595,0.047972124,0.09309676,0.0264344,0.072205506,0.031390868,null,null,null,null,"TWOGAUSSIANS",8,2.9286814,0.47963232,0.01635714,0.4,0.0,0.25900725,0.060491253,0.7959595,0.047972124,0.4,0.0,0.07345574,0.03199476
375316653866487564,4036561280162498176,0.5914293,2400.6928585351734,1.2476467875109065,1.3194143E-5,17.14825,0.010190611,0.26062724,0.0022367807,0.07889385,0.0029861568,0.44942406,0.011569435,0.7670648,0.0037464164,0.06669629,0.009182378,0.220821,0.017030139,null,null,null,null,"TWOGAUSSIANS",8,15.828219,0.26062724,0.0022367807,0.4,0.0,0.44790387,0.010942052,0.7670648,0.0037464164,0.3734992,0.051034257,0.21930082,0.017577939
375316653866487564,4036561417601625600,0.4172749,2457.348496107237,2.9206305584299277,4.515864E-5,19.065273,0.09854237,0.28522977,0.021927323,0.029939476,0.043764364,3.4829507,8.07053,0.7730144,0.015898768,0.08881892,0.048379235,0.1906786,0.080486625,null,null,null,null,"TWOGAUSSIANS",8,7.146461,0.28522977,0.021936852,0.16766107,0.2296117,3.4828918,8.08279,0.7730144,0.015898768,0.4,0.0,0.19061959,0.055567108
375316653866487564,4036561417669900672,0.5666842,2384.6068677667904,1.9299823747933953,9.875716E-6,16.878963,0.012429918,0.2939667,0.002755142,0.10011789,0.008741344,0.15422997,0.011590209,0.7915693,0.003634421,0.10563654,0.011760555,0.12227148,0.012222936,null,null,null,null,"TWOGAUSSIANS",8,2.1574585,0.2939667,0.002755142,0.4,0.0,0.14037415,0.0067605586,0.7915693,0.003634421,0.4,0.0,0.108413495,0.0045216368
375316653866487564,4036561623760258816,0.52359414,2391.935058841258,0.49219942680420636,2.4448966E-5,18.015848,0.004101573,0.122685455,0.0042856606,0.033353865,0.0030074685,0.24350591,0.04822594,0.5930928,0.006332908,0.051909123,0.007849009,0.051066358,0.006290701,null,null,null,null,"TWOGAUSSIANS",8,3.000268,0.122685455,0.0042856606,0.18678166,0.016841825,0.24350591,0.04822594,0.5930928,0.006332908,0.29069108,0.043954447,0.051066358,0.006290702
375316653866487564,4036561761198768256,0.47230142,2380.555021951162,3.058519340410618,6.494469E-5,19.385736,0.035125025,0.14900053,0.008338081,0.078943655,0.014814947,0.48804516,0.06899959,0.6538043,0.010082029,0.050179902,0.023215229,0.604779,0.3129307,null,null,null,null,"TWOGAUSSIANS",8,15.405552,0.6538043,0.010082029,0.28100747,0.13000527,0.6042841,0.3150567,0.14900053,0.008338081,0.4,0.0,0.48755026,0.06964663
375316653866487564,4036561829918485632,0.494558,2394.1134944719565,2.162462299395453,1.8602695E-5,18.276802,0.041661095,0.23257779,0.01927404,0.0700118,0.022497928,0.32432857,0.060264833,0.73900896,0.0077804197,0.092323355,0.016384615,0.5926782,0.060445324,null,null,null,null,"TWOGAUSSIANS",8,38.555283,0.73900896,0.0077804197,0.4,0.0,0.5857148,0.064465426,0.23257779,0.01927404,0.3920661,0.100040205,0.31736577,0.061635397
375316653866487564,4036562001717387008,0.43857652,2470.7079567418,3.8458436033644605,8.590264E-5,18.941236,0.016030354,0.18756092,0.020658296,0.06322374,0.009583899,0.37545487,0.11881454,0.8134374,0.018202066,0.04622744,0.018822307,0.10569145,0.030682264,null,null,null,null,"TWOGAUSSIANS",8,3.3725784,0.18756092,0.020658296,0.35405296,0.053669836,0.37545484,0.11881454,0.8134374,0.018202066,0.25887367,0.10540491,0.105691426,0.030682268
375316653866487564,4036562070443001728,0.46173754,2441.846343196231,3.514135538753934,3.9177226E-5,19.849524,0.007736701,null,null,null,null,null,null,null,null,null,null,null,null,0.09673798,0.010482683,0.25775954,0.008533128,"ELLIPSOIDAL",4,2.0380425,null,null,null,null,null,null,null,null,null,null,null,null
375316653866487564,4036562207875975680,0.6659604,2403.4152989816625,2.9976160854268272,6.275306E-6,18.782051,0.015128887,0.25482965,0.0012175374,0.048916712,0.0026323814,0.40974006,0.03357493,0.76369214,0.0014889014,0.0519,0.0030772162,0.458908,0.03733544,0.113077015,0.017835487,0.25482965,0.0012175374,"TWOGAUSSIANS_WITH_ELLIPSOIDAL_ON_ECLIPSE1",9,1.0229712,0.76369214,0.0014889014,0.29064,0.01723241,0.6843579,0.021648549,0.25482965,0.0012175374,0.2739336,0.014741336,0.6358905,0.010263983
375316653866487564,4036562345384134784,0.5535029,2383.3527217606834,2.394049178592291,2.1492504E-5,13.921038,0.0049801185,0.22544704,0.0026977751,0.08118386,0.004002176,0.27133945,0.018329442,0.7277834,0.0117267165,0.067914434,0.00886499,0.18454455,0.016084902,null,null,null,null,"TWOGAUSSIANS",8,177.83662,0.22544704,0.0026977751,0.4,0.0,0.26978546,0.01859167,0.7277834,0.0117267165,0.38032085,0.04241025,0.18299057,0.015877573
375316653866487564,4036562620206090368,0.5705261,2427.0847969220613,2.9277493548017763,9.090235E-6,17.652563,0.0066534583,0.30312926,0.0019366358,0.08052683,0.0023597127,0.41870224,0.0107911285,0.80489606,0.006205798,0.08418952,0.003758224,0.34120312,0.01623536,null,null,null,null,"TWOGAUSSIANS",8,5.875712,0.30312926,0.0019366358,0.4,0.0,0.4114249,0.010235184,0.80489606,0.006205798,0.4,0.0,0.33392575,0.01499386
375316653866487564,4036562929442369920,0.524755,2388.3077548098386,2.579052205819644,1.0773769E-5,18.978882,0.0061537162,0.25880376,0.0040954747,0.080105595,0.0052535604,0.2632087,0.012167235,0.7627012,0.002451584,0.08207153,0.0049812994,0.2391306,0.011403696,null,null,null,null,"TWOGAUSSIANS",8,1.181813,0.25880376,0.0040954747,0.4,0.0,0.25919268,0.012509816,0.7627012,0.002451584,0.4,0.0,0.23511459,0.011965234
375316653866487564,4036563032517728384,0.42588213,2437.5301790812405,0.7787717355887261,1.05515486E-4,18.686743,0.0072009494,0.25933498,0.01247491,0.016289061,0.0050621117,0.15607788,0.07892741,0.8065627,0.02992405,0.031016551,0.02826191,0.07995381,0.06874132,null,null,null,null,"TWOGAUSSIANS",8,3.0570617,0.25933498,0.01247491,0.09121875,0.028347826,0.15607788,0.07892741,0.8065627,0.02992405,0.17369269,0.1582667,0.07995381,0.06874132
375316653866487564,4036563062562619648,0.46550685,2394.7051426644857,0.30883175223358833,3.5917477E-5,18.884995,0.019256001,0.21259151,0.0051218085,0.049160976,0.0063475417,0.111112826,0.019126846,0.64933133,0.013408062,0.118621215,0.02518139,0.2681443,0.029395595,null,null,null,null,"TWOGAUSSIANS",8,5.14955,0.64933133,0.013408062,0.4,0.0,0.26678917,0.030230643,0.21279152,0.0050992165,0.2753015,0.035546232,0.11006739,0.017401895
