Gaia/vari_eclipsing_binary/VariEclipsingBinary_464815-464863.csv
# %ECSV 1.0
# ---
# delimiter: ','
# meta: !!omap
# - RELEASE: Gaia DR3
# - TABLE: vari_eclipsing_binary
# - DESCRIPTION: >
#     This table describes the properties of the eclipsing binaries resulting from the variability analysis. 
# - CITATION: >
#     How to cite and acknowledge Gaia: 
#     https://gea.esac.esa.int/archive/documentation/credits.html 
# - KNOWN_ISSUES: >
#     Known issues: 
#     https://www.cosmos.esa.int/web/gaia-users/known-issues 
# - DOCUMENTATION: >
#     Tutorials and documentation: 
#     https://www.cosmos.esa.int/web/gaia-users/archive 
# datatype:
# - 
#   name: solution_id
#   datatype: int64
#   description: Solution Identifier
#   meta:
#     ucd: meta.version
# - 
#   name: source_id
#   datatype: int64
#   description: Unique source identifier
#   meta:
#     ucd: meta.id;meta.main
# - 
#   name: global_ranking
#   datatype: float32
#   description: Number between 0 (worst) and 1 (best)
#   meta:
#     ucd: stat.param
# - 
#   name: reference_time
#   datatype: float64
#   unit: d
#   description: Reference time used for the geometric model fit
#   meta:
#     ucd: time.epoch
# - 
#   name: frequency
#   datatype: float64
#   unit: d**-1
#   description: Frequency of geometric model of the eclipsing binary light curve
#   meta:
#     ucd: src.orbital
# - 
#   name: frequency_error
#   datatype: float32
#   unit: d**-1
#   description: "Uncertainty of \\texttt{frequency}"
#   meta:
#     ucd: stat.error
# - 
#   name: geom_model_reference_level
#   datatype: float32
#   unit: mag
#   description: Magnitude reference level of geometric model
#   meta:
#     ucd: phot.mag;em.opt
# - 
#   name: geom_model_reference_level_error
#   datatype: float32
#   unit: mag
#   description: "Uncertainty of \\texttt{geomModelReferenceLevel}"
#   meta:
#     ucd: stat.error;phot.mag;em.opt
# - 
#   name: geom_model_gaussian1_phase
#   datatype: float32
#   description: Phase of the Gaussian 1 component
#   meta:
#     ucd: time.phase
# - 
#   name: geom_model_gaussian1_phase_error
#   datatype: float32
#   description: "Uncertainty of \\texttt{geomModelGaussian1Phase}"
#   meta:
#     ucd: stat.error;time.phase
# - 
#   name: geom_model_gaussian1_sigma
#   datatype: float32
#   description: "Standard deviation [phase] of Gaussian 1 component"
#   meta:
#     ucd: stat.stdev
# - 
#   name: geom_model_gaussian1_sigma_error
#   datatype: float32
#   description: "Uncertainty of \\texttt{geomModelGaussian1Sigma}"
#   meta:
#     ucd: stat.error
# - 
#   name: geom_model_gaussian1_depth
#   datatype: float32
#   unit: mag
#   description: Magnitude depth of Gaussian 1 component
#   meta:
#     ucd: src.var.amplitude
# - 
#   name: geom_model_gaussian1_depth_error
#   datatype: float32
#   unit: mag
#   description: "Uncertainty of \\texttt{geomModelGaussian1Depth}"
#   meta:
#     ucd: stat.error;src.var.amplitude
# - 
#   name: geom_model_gaussian2_phase
#   datatype: float32
#   description: Phase of Gaussian 2 component
#   meta:
#     ucd: time.phase
# - 
#   name: geom_model_gaussian2_phase_error
#   datatype: float32
#   description: "Uncertainty of \\texttt{geomModelGaussian2Phase}"
#   meta:
#     ucd: stat.error;time.phase
# - 
#   name: geom_model_gaussian2_sigma
#   datatype: float32
[...]
#   datatype: float32
#   description: "Secondary eclipse: uncertainty of \\texttt{derivedSecondaryEclDuration}"
#   meta:
#     ucd: stat.error;time.duration
# - 
#   name: derived_secondary_ecl_depth
#   datatype: float32
#   unit: mag
#   description: "Secondary eclipse: depth"
#   meta:
#     ucd: src.var.amplitude
# - 
#   name: derived_secondary_ecl_depth_error
#   datatype: float32
#   unit: mag
#   description: "Secondary eclipse: uncertainty of \\texttt{derivedSecondaryEclDepth}"
#   meta:
#     ucd: stat.error;src.var.amplitude
solution_id,source_id,global_ranking,reference_time,frequency,frequency_error,geom_model_reference_level,geom_model_reference_level_error,geom_model_gaussian1_phase,geom_model_gaussian1_phase_error,geom_model_gaussian1_sigma,geom_model_gaussian1_sigma_error,geom_model_gaussian1_depth,geom_model_gaussian1_depth_error,geom_model_gaussian2_phase,geom_model_gaussian2_phase_error,geom_model_gaussian2_sigma,geom_model_gaussian2_sigma_error,geom_model_gaussian2_depth,geom_model_gaussian2_depth_error,geom_model_cosine_half_period_amplitude,geom_model_cosine_half_period_amplitude_error,geom_model_cosine_half_period_phase,geom_model_cosine_half_period_phase_error,model_type,num_model_parameters,reduced_chi2,derived_primary_ecl_phase,derived_primary_ecl_phase_error,derived_primary_ecl_duration,derived_primary_ecl_duration_error,derived_primary_ecl_depth,derived_primary_ecl_depth_error,derived_secondary_ecl_phase,derived_secondary_ecl_phase_error,derived_secondary_ecl_duration,derived_secondary_ecl_duration_error,derived_secondary_ecl_depth,derived_secondary_ecl_depth_error
[from data line 488]
375316653866487564,4088953627688499968,0.5370221,2285.8450287170012,0.5222926712853264,2.1395348E-5,14.76864,0.035858575,0.27039552,0.014847971,0.1206241,0.013377648,0.32746372,0.03627578,0.75494856,0.0049278955,0.086879864,0.016266681,0.71606106,0.93016154,null,null,null,null,"TWOGAUSSIANS",8,182.1627,0.75494856,0.0049278955,0.4,0.0,0.67632765,0.9460493,0.27039552,0.014847971,0.4,0.0,0.28759235,0.03433906
375316653866487564,4088957024989654016,0.4696822,2258.7493362201785,1.9470722421358695,8.385028E-5,16.763197,0.0015203104,0.46690625,0.011789497,0.05631383,0.016286949,0.08700105,0.03547763,0.2736913,0.0037250647,0.023074778,0.001932835,0.13447148,0.049208265,null,null,null,null,"TWOGAUSSIANS",8,2.3259249,0.2737513,0.0034598778,0.12921876,0.010823876,0.13471359,0.048423186,0.46690625,0.011789497,0.31535748,0.09120691,0.08700105,0.03547763
375316653866487564,4088957609105274624,0.5262348,2210.111879792436,1.9054364715033365,2.621031E-5,18.498135,0.15813804,0.36306345,0.0072980174,0.15554781,0.067775264,0.27000841,0.14578816,0.83257437,0.010719386,0.09252429,0.03369801,0.2799008,0.12483498,null,null,null,null,"TWOGAUSSIANS",8,2.76883,0.83257437,0.010719386,0.4,0.0,0.23020975,0.026649052,0.36306345,0.007240587,0.4,0.0,0.21667565,0.028127654
375316653866487564,4088959262685650176,0.6429893,2257.7668420493255,2.000607010254511,2.8660927E-6,17.747591,0.016528152,0.28444183,9.010304E-4,0.08435777,0.0042443913,0.35051075,0.013454338,0.7910756,0.0053744228,0.11278078,0.0124524385,0.1725036,0.016390225,null,null,null,null,"TWOGAUSSIANS",8,1.2669297,0.28444183,9.013111E-4,0.4,0.0,0.33386886,0.0065961974,0.7910756,0.0053744228,0.4,0.0,0.15584251,0.009951151
375316653866487564,4088959297038004480,0.44302437,2218.4373811333726,0.5034295677247376,1.8948705E-4,19.770884,0.005128991,0.4443973,0.017569218,0.060244996,0.0127901295,0.47085562,0.096169606,null,null,null,null,null,null,null,null,null,null,"ONEGAUSSIAN",5,3.5575564,0.4443973,0.017569218,0.33737198,0.071624726,0.47085562,0.0,null,null,null,null,null,null
375316653866487564,4088959400124596480,0.4974454,2279.8902688504777,0.8406626062779198,1.4570898E-4,18.36678,0.006743332,0.019255418,0.91284174,0.059479475,0.05019194,0.019959657,0.007693509,0.30939096,4.9174094E-4,0.0376257,0.0021014523,0.32508984,0.0148214605,null,null,null,null,"TWOGAUSSIANS",8,1.440854,0.30939096,4.9174094E-4,0.21070392,0.011768133,0.32508996,0.014827574,0.019255418,0.91284174,0.33308506,0.2385991,0.019959657,0.007693509
375316653866487564,4088959640635413760,0.45759442,2300.193366160802,1.3489771123674699,1.2498935E-4,18.974844,0.010130922,0.21672733,0.010415557,0.04267567,0.034921847,0.06154793,0.05774852,0.78401643,0.008519257,0.050228536,0.0078122416,0.12120599,0.025552219,null,null,null,null,"TWOGAUSSIANS",8,2.861193,0.78401643,0.008519257,0.2812798,0.043748554,0.12120599,0.025552217,0.21672733,0.010415557,0.23898375,0.19556235,0.06154793,0.05774863
375316653866487564,4088962664300148224,0.57310903,2263.962275295737,2.695742770674148,2.3972334E-5,18.12698,0.006524015,0.23439813,0.0062493375,0.06625531,0.011464689,0.100114904,0.007811611,0.72719246,0.008714021,0.08802497,0.0069395187,0.20073512,0.011533129,null,null,null,null,"TWOGAUSSIANS",8,1.6604462,0.72719246,0.008714021,0.4,0.0,0.19941163,0.010815683,0.23439813,0.0062493375,0.37102973,0.063910805,0.09879146,0.008120258
375316653866487564,4088964966402431488,0.47002846,2242.9119960598864,0.9543711518382453,3.3063916E-5,18.979647,0.15032181,0.2923504,0.024596117,0.12602778,0.11935744,0.1131036,0.14639837,0.78463256,0.008312415,0.0675132,0.04009722,0.13980654,0.09673224,null,null,null,null,"TWOGAUSSIANS",8,1.7372165,0.78463256,0.008581274,0.3780739,0.09406735,0.13254148,0.030945811,0.2923504,0.024596117,0.4,0.0,0.10574973,0.027010558
375316653866487564,4088967092394520192,0.6099549,2267.6426895271966,1.1886455876852475,4.001418E-5,16.795446,0.0031371415,0.2545359,0.0033925993,0.055899333,0.00510996,0.089448415,0.0055758064,0.7539924,0.012354743,0.04670972,0.007919172,0.40711942,0.0709346,null,null,null,null,"TWOGAUSSIANS",8,3.7851212,0.7539924,0.012354743,0.26157442,0.04434736,0.40711704,0.07093393,0.2545359,0.0033925993,0.31303626,0.028615778,0.08944604,0.0055741873
375316653866487564,4088967440303609728,0.46190098,2267.4428693450714,0.3108674497026897,1.0056851E-5,16.672348,0.018977055,0.22450952,0.007420189,0.044970535,0.020818021,0.161666,0.32787293,0.5255737,0.01864827,0.033476073,0.053508494,0.23016831,0.1934812,0.024991402,0.019753318,0.5255737,0.01864827,"TWOGAUSSIANS_WITH_ELLIPSOIDAL_ON_ECLIPSE2",9,23.849846,0.5255737,0.01864827,0.18746601,0.20828685,0.28015104,0.19002296,0.22205952,0.005946449,0.251835,0.11658092,0.16686732,0.32400802
375316653866487564,4088967818254323712,0.45595556,2237.377683381467,0.31204517105942525,1.0488915E-4,18.626972,0.01512065,0.20119825,0.02749356,0.027458746,0.019136338,0.04093887,0.042192504,0.75760674,0.053543713,0.123626135,0.07667223,0.088147946,0.018066479,null,null,null,null,"TWOGAUSSIANS",8,2.4520538,0.75760674,0.053543713,0.4,0.0,0.0880041,0.018288085,0.20112824,0.027463563,0.15376897,0.10716349,0.04093976,0.04224831
375316653866487564,4088968157546505984,0.5564364,2249.018494937097,0.9850363767283384,1.0516371E-5,16.820415,0.0019067044,0.18200399,0.025035478,0.03960393,0.024995802,0.083704464,0.072103225,0.73290694,0.0033724797,0.024961472,0.008857977,0.03980248,0.00581005,0.03158877,0.002982162,0.73290694,0.0033724797,"TWOGAUSSIANS_WITH_ELLIPSOIDAL_ON_ECLIPSE2",9,2.4108381,0.18615398,0.027788412,0.221782,0.13997649,0.14112663,0.06977538,0.73290694,0.0033724797,0.13978425,0.04960467,0.102979735,0.0037212814
375316653866487564,4088969398808271872,0.5405641,2246.6209951694104,0.2913622989279099,2.5715004E-4,17.664486,0.0015446956,0.2803459,0.006087678,0.0471346,0.0034656823,0.17203961,0.008721826,null,null,null,null,null,null,null,null,null,null,"ONEGAUSSIAN",5,1.3685412,0.2803459,0.006087678,0.26395378,0.019407822,0.17203961,0.0,null,null,null,null,null,null
375316653866487564,4088972899189991296,0.508895,2174.503126418661,0.11864742174445048,8.76391E-5,18.175785,0.00512312,0.31628323,0.0058398475,0.09125149,0.010566606,0.18667924,0.034244865,0.60297406,6.991448E-5,0.0024911286,1.2560948E-4,0.12030391,0.0037670636,null,null,null,null,"TWOGAUSSIANS",8,2.2927654,0.31628323,0.0058398475,0.4,0.0,0.18667912,0.0342457,0.60297406,6.991448E-5,0.013950321,7.034131E-4,0.12164564,0.0048603825
375316653866487564,4088972937854559872,0.49476358,2225.432785931013,1.7076674979752597,1.714525E-5,18.22775,0.019372048,0.16576284,0.005069152,0.10771164,0.026797803,0.069062755,0.017758494,0.66313696,0.012083862,0.091210224,0.020529963,0.09778626,0.01939735,null,null,null,null,"TWOGAUSSIANS",8,0.9867082,0.66313696,0.012083862,0.4,0.0,0.091196485,0.012107941,0.16576284,0.005069152,0.4,0.0,0.062470123,0.008797942
375316653866487564,4088973521970138240,0.541238,2210.421447442064,0.8155359970334477,2.3936635E-5,19.409836,0.015219274,0.3297717,0.074919455,0.057942566,0.049227014,0.252069,0.08144757,0.7754286,0.0072516664,0.083440885,0.013914402,0.271879,0.019683784,null,null,null,null,"TWOGAUSSIANS",8,1.2898331,0.7754286,0.0072516664,0.4,0.0,0.27164114,0.019185841,0.3297717,0.074919455,0.32447836,0.115662634,0.2518313,0.08996097
375316653866487564,4088974003005306624,0.5253533,2255.7989267501266,2.726097298880806,1.997325E-5,18.955275,0.03343551,0.22920257,0.0072520343,0.089843094,0.022112824,0.29978317,0.0362134,0.72807354,0.009852105,0.09164589,0.017434435,0.30450562,0.03178748,null,null,null,null,"TWOGAUSSIANS",8,2.38048,0.72807354,0.009852105,0.4,0.0,0.29115042,0.02822596,0.22920257,0.0072520343,0.4,0.0,0.2864281,0.051650427
375316653866487564,4088977091078303744,0.55024886,2243.2799660739993,3.3353672824682548,2.0609466E-5,17.648623,0.19808911,0.2753317,0.008055277,0.10584285,0.031853165,0.3747138,0.18266226,0.7834417,0.0061269263,0.12233415,0.04657539,0.35777915,0.19322777,null,null,null,null,"TWOGAUSSIANS",8,8.234732,0.27529168,0.0080285985,0.4,0.0,0.31385556,0.041920755,0.78345174,0.006104994,0.4,0.0,0.29675764,0.015835807
375316653866487564,4088980703162675584,0.52091116,2236.1041611461037,0.022240566302839947,7.15164E-6,16.81206,0.0041315607,0.11977432,0.011613149,0.04597142,0.025415,0.15073174,5.348839,0.46578905,0.0018720018,0.030884517,0.0014344698,0.15933952,0.008392725,null,null,null,null,"TWOGAUSSIANS",8,5.0681868,0.46578905,0.0018720018,0.17295331,0.008033031,0.15933952,0.008392725,0.11977432,0.011613149,0.25743994,0.14232399,0.15073174,5.348839
375316653866487564,4088981149839271680,0.5513365,2247.599917331194,2.400861905535064,5.1203955E-5,18.9685,0.004331632,0.26942307,0.038731024,0.04073144,0.015913598,0.40586442,0.18979213,0.74429536,0.013358725,0.06609299,0.009888805,0.23641992,0.02000922,null,null,null,null,"TWOGAUSSIANS",8,1.0127352,0.26942307,0.038731024,0.22809607,0.089116156,0.40586123,0.18978867,0.74429536,0.013358725,0.37012073,0.05537731,0.23641674,0.020014875
375316653866487564,4088981184193844224,0.5808697,2273.3450727667937,2.7409162720979108,1.6836426E-5,18.701706,0.01380252,0.2772689,0.0046544224,0.07420265,0.0061370526,0.53466696,0.047267597,0.77512693,0.0081402045,0.069991715,0.008013834,0.4483889,0.01709559,null,null,null,null,"TWOGAUSSIANS",8,3.532723,0.2772689,0.0046544224,0.4,0.002474102,0.5323839,0.0479657,0.77512693,0.0081402045,0.39195362,0.02287071,0.4461059,0.015396573
375316653866487564,4088982249350925184,0.48368835,2214.769891118518,0.8094497135602744,2.9419583E-5,15.289286,0.009119415,0.36997104,0.007824223,0.060941648,0.009544935,0.13066435,0.019533701,0.83215976,0.012799735,0.08724661,0.016388267,0.111998886,0.023899544,null,null,null,null,"TWOGAUSSIANS",8,76.12709,0.36997104,0.007824223,0.34127322,0.053451635,0.13034111,0.019486424,0.83215976,0.012799735,0.4,0.0,0.11167555,0.024017014
375316653866487564,4088984615861578112,0.46261504,2289.8865346038774,0.4926754226074794,5.8869213E-5,17.311527,0.041027837,0.2043808,0.012370359,0.106171474,0.027896527,0.20549563,0.039132632,0.69935,0.019024437,0.08371673,0.02601154,0.2628486,0.06333674,null,null,null,null,"TWOGAUSSIANS",8,4.587434,0.69935,0.019024437,0.4,0.0,0.24967644,0.059948754,0.2043808,0.012367621,0.4,0.0,0.19231705,0.026304541
375316653866487564,4088985066849664896,0.6533206,2225.911518059976,3.3560894634848912,5.8388464E-6,16.754911,0.01469393,0.25855002,0.0049945056,0.046245463,0.014401854,0.21454105,0.0313562,0.75731015,0.0032559214,0.04635569,0.008880965,0.13885783,0.030471189,0.09261729,0.018607058,0.25855002,0.0049945056,"TWOGAUSSIANS_WITH_ELLIPSOIDAL_ON_ECLIPSE1",9,6.2675424,0.25855002,0.0049945056,0.25897458,0.08065038,0.39977545,0.032414008,0.75754017,0.002818936,0.25959185,0.049733408,0.32408306,0.008326628
375316653866487564,4088985891477907072,0.5689037,2203.9211257454954,3.5843278829016834,2.198868E-5,18.940666,0.015414072,0.29464066,0.002694463,0.07892372,0.0046156095,0.40078476,0.014962042,0.7976634,0.004886661,0.06545026,0.011923575,0.4461468,0.055759314,null,null,null,null,"TWOGAUSSIANS",8,2.7603168,0.7976634,0.004886661,0.36652145,0.05252707,0.44421157,0.058371965,0.29464066,0.002694463,0.4,0.0,0.39884955,0.014579776
375316653866487564,4088986716111018624,0.49428174,2196.3705214624188,2.9230812195578486,1.5246797E-5,19.56491,0.006991614,null,null,null,null,null,null,null,null,null,null,null,null,0.1646382,0.011021277,0.6562409,0.0036620745,"ELLIPSOIDAL",4,3.1155348,null,null,null,null,null,null,null,null,null,null,null,null
