Gaia/vari_eclipsing_binary/VariEclipsingBinary_471594-471612.csv
# %ECSV 1.0
# ---
# delimiter: ','
# meta: !!omap
# - RELEASE: Gaia DR3
# - TABLE: vari_eclipsing_binary
# - DESCRIPTION: >
#     This table describes the properties of the eclipsing binaries resulting from the variability analysis. 
# - CITATION: >
#     How to cite and acknowledge Gaia: 
#     https://gea.esac.esa.int/archive/documentation/credits.html 
# - KNOWN_ISSUES: >
#     Known issues: 
#     https://www.cosmos.esa.int/web/gaia-users/known-issues 
# - DOCUMENTATION: >
#     Tutorials and documentation: 
#     https://www.cosmos.esa.int/web/gaia-users/archive 
# datatype:
# - 
#   name: solution_id
#   datatype: int64
#   description: Solution Identifier
#   meta:
#     ucd: meta.version
# - 
#   name: source_id
#   datatype: int64
#   description: Unique source identifier
#   meta:
#     ucd: meta.id;meta.main
# - 
#   name: global_ranking
#   datatype: float32
#   description: Number between 0 (worst) and 1 (best)
#   meta:
#     ucd: stat.param
# - 
#   name: reference_time
#   datatype: float64
#   unit: d
#   description: Reference time used for the geometric model fit
#   meta:
#     ucd: time.epoch
# - 
#   name: frequency
#   datatype: float64
#   unit: d**-1
#   description: Frequency of geometric model of the eclipsing binary light curve
#   meta:
#     ucd: src.orbital
# - 
#   name: frequency_error
#   datatype: float32
#   unit: d**-1
#   description: "Uncertainty of \\texttt{frequency}"
#   meta:
#     ucd: stat.error
# - 
#   name: geom_model_reference_level
#   datatype: float32
#   unit: mag
#   description: Magnitude reference level of geometric model
#   meta:
#     ucd: phot.mag;em.opt
# - 
#   name: geom_model_reference_level_error
#   datatype: float32
#   unit: mag
#   description: "Uncertainty of \\texttt{geomModelReferenceLevel}"
#   meta:
#     ucd: stat.error;phot.mag;em.opt
# - 
#   name: geom_model_gaussian1_phase
#   datatype: float32
#   description: Phase of the Gaussian 1 component
#   meta:
#     ucd: time.phase
# - 
#   name: geom_model_gaussian1_phase_error
#   datatype: float32
#   description: "Uncertainty of \\texttt{geomModelGaussian1Phase}"
#   meta:
#     ucd: stat.error;time.phase
# - 
#   name: geom_model_gaussian1_sigma
#   datatype: float32
#   description: "Standard deviation [phase] of Gaussian 1 component"
#   meta:
#     ucd: stat.stdev
# - 
#   name: geom_model_gaussian1_sigma_error
#   datatype: float32
#   description: "Uncertainty of \\texttt{geomModelGaussian1Sigma}"
#   meta:
#     ucd: stat.error
# - 
#   name: geom_model_gaussian1_depth
#   datatype: float32
#   unit: mag
#   description: Magnitude depth of Gaussian 1 component
#   meta:
#     ucd: src.var.amplitude
# - 
#   name: geom_model_gaussian1_depth_error
#   datatype: float32
#   unit: mag
#   description: "Uncertainty of \\texttt{geomModelGaussian1Depth}"
#   meta:
#     ucd: stat.error;src.var.amplitude
# - 
#   name: geom_model_gaussian2_phase
#   datatype: float32
#   description: Phase of Gaussian 2 component
#   meta:
#     ucd: time.phase
# - 
#   name: geom_model_gaussian2_phase_error
#   datatype: float32
#   description: "Uncertainty of \\texttt{geomModelGaussian2Phase}"
#   meta:
#     ucd: stat.error;time.phase
# - 
#   name: geom_model_gaussian2_sigma
#   datatype: float32
[...]
#   datatype: float32
#   description: "Secondary eclipse: uncertainty of \\texttt{derivedSecondaryEclDuration}"
#   meta:
#     ucd: stat.error;time.duration
# - 
#   name: derived_secondary_ecl_depth
#   datatype: float32
#   unit: mag
#   description: "Secondary eclipse: depth"
#   meta:
#     ucd: src.var.amplitude
# - 
#   name: derived_secondary_ecl_depth_error
#   datatype: float32
#   unit: mag
#   description: "Secondary eclipse: uncertainty of \\texttt{derivedSecondaryEclDepth}"
#   meta:
#     ucd: stat.error;src.var.amplitude
solution_id,source_id,global_ranking,reference_time,frequency,frequency_error,geom_model_reference_level,geom_model_reference_level_error,geom_model_gaussian1_phase,geom_model_gaussian1_phase_error,geom_model_gaussian1_sigma,geom_model_gaussian1_sigma_error,geom_model_gaussian1_depth,geom_model_gaussian1_depth_error,geom_model_gaussian2_phase,geom_model_gaussian2_phase_error,geom_model_gaussian2_sigma,geom_model_gaussian2_sigma_error,geom_model_gaussian2_depth,geom_model_gaussian2_depth_error,geom_model_cosine_half_period_amplitude,geom_model_cosine_half_period_amplitude_error,geom_model_cosine_half_period_phase,geom_model_cosine_half_period_phase_error,model_type,num_model_parameters,reduced_chi2,derived_primary_ecl_phase,derived_primary_ecl_phase_error,derived_primary_ecl_duration,derived_primary_ecl_duration_error,derived_primary_ecl_depth,derived_primary_ecl_depth_error,derived_secondary_ecl_phase,derived_secondary_ecl_phase_error,derived_secondary_ecl_duration,derived_secondary_ecl_duration_error,derived_secondary_ecl_depth,derived_secondary_ecl_depth_error
[from data line 485]
375316653866487564,4148314503813922176,0.5404448,2433.1081451453274,2.636136435223409,1.35521805E-5,18.525116,0.015825322,0.2575014,0.0065811756,0.09290713,0.0066836104,0.3793752,0.025155088,0.7560337,0.0055249096,0.08674757,0.0065065497,0.3964265,0.02142429,null,null,null,null,"TWOGAUSSIANS",8,4.591619,0.7560337,0.0055249096,0.4,0.0,0.38068277,0.019136248,0.2575014,0.0065811756,0.4,0.0,0.36363113,0.021574942
375316653866487564,4148314542495188736,0.44284725,2517.6554433573906,3.99494387980724,1.4603937E-4,17.197504,0.013206287,0.4835874,0.050361443,0.15557587,0.05779436,0.08551382,0.049904928,0.90998733,0.02475293,0.034803074,0.019785766,0.20677829,0.08733089,null,null,null,null,"TWOGAUSSIANS",8,2.7320068,0.90998733,0.02475293,0.19489722,0.11080029,0.20707116,0.08757392,0.4835874,0.050361443,0.4,0.0,0.083711974,0.052037835
375316653866487564,4148315126643171712,0.5476233,2401.5726238717302,2.2648057716651673,6.6112016E-6,16.76553,0.4350986,0.26226002,0.0028692815,0.16199993,0.0723069,0.37876916,0.4000559,0.761576,0.0021884174,0.17133969,0.08039959,0.38088924,0.41382575,null,null,null,null,"TWOGAUSSIANS",8,5.8398705,0.26242003,0.0031064597,0.4,0.0,0.1437782,0.009431883,0.761576,0.0021828343,0.4,0.0,0.14158651,0.0042816065
375316653866487564,4148315332769681920,0.4975442,2442.3764571019124,2.4733515948143503,4.3520533E-5,19.188835,0.053127304,0.1762531,0.010002581,0.08096724,0.018747004,0.47173598,0.063091785,0.6621975,0.009548401,0.08254349,0.01839177,0.47504327,0.06298695,null,null,null,null,"TWOGAUSSIANS",8,9.529415,0.6621975,0.009548401,0.4,0.008283713,0.468282,0.059708472,0.1762531,0.010002581,0.4,0.002069318,0.46497476,0.060161375
375316653866487564,4148315538928292992,0.49155548,2484.484046588486,3.6185676625770973,4.3998865E-5,19.589088,0.027536683,0.18029039,0.00733197,0.09496918,0.01321267,0.2444865,0.02844192,0.67631525,0.0075859255,0.091740295,0.012860194,0.29166684,0.027818363,null,null,null,null,"TWOGAUSSIANS",8,2.0579422,0.67631525,0.0075859255,0.4,0.0,0.27772364,0.015515568,0.18029039,0.00733197,0.4,0.0,0.23054303,0.020648818
375316653866487564,4148317424387655040,0.47749987,2287.7470892332785,0.259297053949748,1.8932034E-5,17.73841,0.00382766,0.3022401,0.0077899364,0.06734114,0.014020793,0.03632567,0.0140343085,0.6859839,0.0029352224,0.046157755,0.0063015274,0.14581367,0.052893817,null,null,null,null,"TWOGAUSSIANS",8,1.5639064,0.6859839,0.0029352224,0.25848344,0.035288554,0.14581361,0.052893892,0.3022401,0.0077899364,0.3771104,0.07377147,0.036325622,0.014034397
375316653866487564,4148317600510361728,0.46544906,2279.230478084518,3.9571697169138855,4.1170944E-5,19.864206,0.022688804,0.22667693,0.03893406,0.04734295,0.020563256,0.1776572,0.11045631,0.5783379,0.011382795,0.04470112,0.017982205,0.52299565,0.341976,null,null,null,null,"TWOGAUSSIANS",8,3.697233,0.5783379,0.011382795,0.25032628,0.10070035,0.52299565,0.341976,0.22667693,0.03893406,0.2651205,0.11515423,0.1776572,0.11045631
375316653866487564,4148317699270935808,0.47684017,2293.914919928721,0.1497104575533754,3.6016703E-5,18.458324,0.004151323,0.3562352,0.014190205,0.050511826,0.0072443862,0.86100984,0.5939074,0.67839044,0.007951698,0.028810496,0.006092049,0.055499047,0.018943176,null,null,null,null,"TWOGAUSSIANS",8,4.14678,0.3562352,0.014190205,0.2828662,0.04056856,0.86100984,0.5939074,0.67839044,0.007951698,0.16133878,0.034115475,0.055499047,0.018943176
375316653866487564,4148318356425161728,0.5231054,2273.3983003239537,2.4934486189397584,1.5764075E-5,19.458097,0.031714655,0.23751706,0.006754954,0.078780875,0.009148006,0.48332047,0.043131784,0.7360088,0.020916114,0.06270008,0.018726554,0.57224524,0.18342064,null,null,null,null,"TWOGAUSSIANS",8,5.1030583,0.7360088,0.020916114,0.3511204,0.10256162,0.57031375,0.18428025,0.23751706,0.006754954,0.4,0.0,0.48138896,0.042373486
375316653866487564,4148318425144342912,0.5452939,2279.9874593497834,3.0088028969362695,1.4575768E-5,17.956701,0.023663921,0.3067255,0.0049342336,0.046631943,0.0114398515,0.4340446,0.09895183,0.8023066,0.0031145257,0.046849858,0.003770574,0.5113601,0.06443181,0.12879547,0.033788364,0.3067255,0.0049342336,"TWOGAUSSIANS_WITH_ELLIPSOIDAL_ON_ECLIPSE1",9,33.022102,0.8026566,0.0027900853,0.2623592,0.021115215,0.76876736,0.037158918,0.3067255,0.0049342336,0.2611389,0.06406317,0.6916344,0.11751242
375316653866487564,4148318489542760704,0.51011544,2337.0973804582763,2.4267416320352884,1.6049002E-5,16.82327,0.008406781,0.18532455,0.0054598083,0.054243036,0.010123591,0.032615095,0.01900466,null,null,null,null,null,null,0.09560249,0.014175192,0.18532455,0.0054598083,"ONEGAUSSIAN_WITH_ELLIPSOIDAL",6,48.724556,0.18532455,0.0054598083,0.303761,0.05669211,0.2238192,0.025949683,null,null,null,null,null,null
375316653866487564,4148318562583937536,0.45811188,2427.1018930425753,0.7702010031773276,7.6938755E-5,19.797274,0.21363586,0.21300131,0.009953379,0.053851143,0.017184416,0.3277917,0.1533569,0.6338495,0.036451004,0.14062688,0.10935508,0.35972446,0.187435,null,null,null,null,"TWOGAUSSIANS",8,3.2114267,0.6338495,0.036451004,0.4,0.0,0.35224003,0.08062735,0.21376131,0.008394294,0.3015664,0.09623273,0.32449922,0.12821944
375316653866487564,4148318734387719808,0.4807107,2311.1760883895645,0.1480716520103439,2.3716599E-5,19.895948,0.017648568,0.25287476,0.004510117,0.06635296,0.006823572,0.54096067,0.062169228,0.6658738,0.0031720765,0.064302094,0.011391052,0.29977298,0.019917056,null,null,null,null,"TWOGAUSSIANS",8,2.024661,0.25287476,0.004510117,0.37157658,0.038212,0.54092723,0.062189892,0.6658738,0.0031720765,0.36009175,0.05358071,0.29973954,0.019901715
375316653866487564,4148318768742414336,0.57310754,2316.4481695498316,3.3601446365010283,2.4958143E-5,18.91573,0.009445657,0.2323212,0.005182881,0.069119155,0.0052027623,0.5850217,0.025881639,0.74153167,0.003717929,0.06430485,0.0034658029,0.4768027,0.042309053,null,null,null,null,"TWOGAUSSIANS",8,2.8348272,0.2323212,0.005182881,0.3870673,0.023178725,0.5842936,0.02568634,0.74153167,0.003717929,0.36010715,0.019408496,0.47607464,0.042373545
375316653866487564,4148318940539770624,0.5433414,2282.007273910039,2.1925976409198613,1.1455263E-5,18.690647,0.12981468,0.24223238,0.010246728,0.13291286,0.043003876,0.3161201,0.12532271,0.73719555,0.004703869,0.12042275,0.030029112,0.3254283,0.12313291,null,null,null,null,"TWOGAUSSIANS",8,2.580626,0.73719555,0.004703869,0.4,0.0,0.23825583,0.011008307,0.24227239,0.010316119,0.4,0.0,0.22852728,0.012930737
375316653866487564,4148318940539916800,0.46447796,2303.233844349743,2.875764125669075,5.6535864E-5,19.576305,0.05780636,0.15861866,0.011884039,0.09902485,0.02477116,0.30766064,0.04948818,0.68642443,0.014092569,0.11256202,0.023678161,0.27861175,0.07063454,null,null,null,null,"TWOGAUSSIANS",8,3.346021,0.15857866,0.011889542,0.4,0.0,0.28179258,0.031325143,0.68643445,0.01408983,0.4,0.0,0.2527007,0.0591699
375316653866487564,4148319868286860032,0.54426277,2258.96212570567,0.31861072661133444,3.4232922E-5,18.94781,0.011092203,0.2546148,0.0015534647,0.029273348,0.0021838737,0.7804708,0.0547833,null,null,null,null,null,null,0.05230251,0.01434237,0.2546148,0.0015534647,"ONEGAUSSIAN_WITH_ELLIPSOIDAL",6,10.163813,0.2546148,0.0015534647,0.16393074,0.012229692,0.88507575,0.054879077,null,null,null,null,null,null
375316653866487564,4148320418009945600,0.52172524,2297.1488531372024,1.4594767274585572,3.9207167E-5,18.867388,0.15442324,0.20791115,0.008964582,0.11827862,0.05641938,0.25290018,0.12348186,0.6925751,0.010012535,0.1140706,0.029219652,0.30414075,0.1438918,null,null,null,null,"TWOGAUSSIANS",8,2.6256635,0.6925751,0.010012535,0.4,0.0,0.25697026,0.014547964,0.20796116,0.008760701,0.4,0.0,0.2057013,0.03547416
375316653866487564,4148320654223014144,0.4780125,2233.213139296714,2.4944213877158474,1.1654074E-4,19.345661,0.08655111,0.27468303,0.017520841,0.09780691,0.06940861,0.32092017,0.11875475,0.7656687,0.013000592,0.087124124,0.023884667,0.2990562,0.09453691,null,null,null,null,"TWOGAUSSIANS",8,5.792254,0.27468303,0.017520841,0.4,0.0,0.306887,0.154398,0.7656687,0.013000592,0.4,0.0,0.28502446,0.06260893
375316653866487564,4148320688582746752,0.47412497,2216.7484001661082,2.8947780874317472,5.3234464E-5,19.00672,0.0456928,0.19102219,0.009877803,0.106721744,0.032587808,0.16729523,0.036483366,0.67709106,0.016728805,0.108948395,0.038380083,0.1616101,0.046195768,null,null,null,null,"TWOGAUSSIANS",8,3.0924404,0.19103219,0.00989216,0.4,0.0,0.14808254,0.02271051,0.67709106,0.016728805,0.4,0.0,0.1423941,0.033167623
375316653866487564,4148320997812967424,0.48630518,2201.8348783066494,2.707212955892198,2.5025955E-5,19.37103,0.1577442,0.26005396,0.011502486,0.13902386,0.054483335,0.33511558,0.1547995,0.76939327,0.005867027,0.09968403,0.03514422,0.35060364,0.13382575,null,null,null,null,"TWOGAUSSIANS",8,2.1953166,0.76956326,0.0059680217,0.4,0.0,0.28284192,0.02263991,0.26005396,0.011511281,0.4,0.0,0.26628688,0.03387265
375316653866487564,4148321410120546560,0.54369,2386.4548157281824,3.298076527937916,1.32691575E-5,15.503407,0.021447487,0.2999845,0.0020578594,0.09124146,0.0066800145,0.42617878,0.015464972,0.7971722,0.0041103056,0.10153075,0.008305917,0.37212378,0.022841176,null,null,null,null,"TWOGAUSSIANS",8,117.178116,0.2999845,0.0020578594,0.4,0.0,0.39981267,0.01186663,0.7971722,0.0041103056,0.4,0.0,0.34575385,0.018017123
375316653866487564,4148321517522451968,0.5730604,2388.7383600280477,3.1109653526802457,1.8280043E-5,18.573298,0.010689408,0.24460731,0.007191799,0.0737826,0.006011929,0.4278917,0.027049696,0.7489067,0.0031695936,0.07794722,0.005004119,0.44647098,0.019965658,null,null,null,null,"TWOGAUSSIANS",8,4.6365023,0.7489067,0.0031695936,0.4,0.0,0.44297954,0.020134268,0.24460731,0.007191799,0.4,0.0,0.42440027,0.02622371
375316653866487564,4148322303492840448,0.50657505,2383.2584016127125,2.682669054663008,4.689697E-5,19.071903,0.25823063,0.15452367,0.013941668,0.14739572,0.043513242,0.46683618,0.25565863,0.6715807,0.007892497,0.13748902,0.05394193,0.44302648,0.2291061,null,null,null,null,"TWOGAUSSIANS",8,2.6949565,0.15387368,0.013200115,0.4,0.0,0.29289573,0.02002753,0.67271066,0.00698972,0.4,0.0,0.27096304,0.045060527
375316653866487564,4148322337852572544,0.5727473,2432.0709680315504,2.4046028784132947,1.599989E-5,19.071314,0.011810167,0.24267724,0.0021274185,0.09074407,0.006162486,0.31507635,0.016933518,0.7457726,0.0046690325,0.0933206,0.006514492,0.35534048,0.012006911,null,null,null,null,"TWOGAUSSIANS",8,1.0170128,0.7457726,0.0046690325,0.4,0.0,0.33935958,0.009012736,0.24267724,0.0021274185,0.4,0.0,0.29909572,0.019120365
375316653866487564,4148322445236117632,0.48369285,2399.446678535597,2.6649671470455996,1.9350675E-5,19.815453,0.06591138,0.25323045,0.005591369,0.08080443,0.02958666,0.4646599,0.09038447,0.753942,0.01013427,0.09575658,0.035925426,0.36057127,0.047331553,null,null,null,null,"TWOGAUSSIANS",8,3.0437908,0.25323045,0.0055921376,0.4,0.0,0.4502348,0.13003433,0.753942,0.01013427,0.4,0.0,0.34614533,0.048475884
375316653866487564,4148322956309874944,0.5333094,2411.3302468639026,2.0874725225392132,3.6496072E-5,18.59848,0.016255392,0.23855051,0.0076126163,0.09005413,0.011467625,0.2306169,0.020500623,0.73791945,0.0073908954,0.097679354,0.011896804,0.22058584,0.01795182,null,null,null,null,"TWOGAUSSIANS",8,2.7233388,0.23855051,0.0076126163,0.4,0.0,0.21775997,0.020184262,0.73791945,0.0073908954,0.4,0.0,0.2077281,0.014692028
375316653866487564,4148323579106779136,0.56958824,2363.4078000541404,0.029332028913350402,1.8991153E-5,19.284113,0.011734026,0.40427828,0.012578423,0.120837286,0.012154156,0.48430753,0.04563102,0.83679533,0.0031329854,0.028918946,0.0040064403,0.5974066,0.012003027,null,null,null,null,"TWOGAUSSIANS",8,2.383699,0.83679533,0.0031329854,0.16194609,0.022436066,0.597582,0.01177414,0.40427828,0.012578423,0.4,0.0,0.48367503,0.046322115
375316653866487564,4148323609144947328,0.5248551,2353.517632828612,0.6923815809931553,3.145827E-5,18.578005,0.0045222305,0.18991797,0.016009437,0.032962732,0.0051836637,0.14535606,0.06254329,0.87169755,0.017829085,0.01752978,0.005542954,0.66910315,1.3915318,null,null,null,null,"TWOGAUSSIANS",8,2.4461393,0.87169755,0.017829085,0.098166764,0.031040542,0.66910315,1.3915318,0.18991797,0.016009437,0.18459131,0.029028516,0.14535606,0.06254329
375316653866487564,4148323780944749952,0.5755573,2302.5847876813405,3.349717436692452,1.5128189E-5,18.413193,0.008458832,0.23254366,0.0014211553,0.07415398,0.0022099258,0.45325541,0.009942565,0.7223331,0.006671878,0.076287,0.0072509157,0.53110087,0.025778193,null,null,null,null,"TWOGAUSSIANS",8,6.157031,0.7223331,0.006671878,0.4,0.006369261,0.5279776,0.02652818,0.23254366,0.0014211553,0.4,0.0,0.45013216,0.009523653
375316653866487564,4148323922703575296,0.4833247,2296.5531228371124,1.2244541747598285,3.2011852E-5,19.238398,0.016538024,0.2962767,0.006362512,0.0689735,0.006610559,0.5230469,0.05182764,0.78747547,0.026614714,0.06241246,0.015844328,0.34851104,0.1545245,null,null,null,null,"TWOGAUSSIANS",8,9.927696,0.2962767,0.006362512,0.38625157,0.03701913,0.5225699,0.0519059,0.78747547,0.026614714,0.34950978,0.088728234,0.34803408,0.15475422
375316653866487564,4148324266301579776,0.5578597,2321.5250151385803,2.8272035932155486,4.3185835E-5,19.854025,0.013556334,0.28925925,0.007877745,0.06761943,0.0060822126,0.66246706,0.055455703,0.7952847,0.014423611,0.070459805,0.010211746,0.6547055,0.08111579,null,null,null,null,"TWOGAUSSIANS",8,2.6883502,0.28925925,0.007877745,0.3786688,0.03286185,0.6608708,0.055991985,0.7952847,0.014423611,0.3945749,0.04405134,0.65310925,0.08095715
375316653866487564,4148324369380896640,0.56850797,2290.047841320962,2.1222191593225683,3.4615467E-5,19.12258,0.0066159717,0.19066367,0.005273284,0.06282563,0.007468618,0.14253487,0.013409742,0.6947045,4.7151867E-4,0.05430208,0.0011764137,0.3831388,0.0062689446,null,null,null,null,"TWOGAUSSIANS",8,0.8130748,0.6947045,4.7151867E-4,0.30409166,0.006587917,0.38309634,0.0062115393,0.19066367,0.005273284,0.3518235,0.04182426,0.14249241,0.013417217
375316653866487564,4148324433777710976,0.6312923,2351.2273114644486,0.7845682384907473,4.8938728E-6,17.568956,0.00691161,0.1801965,0.005851302,0.055489637,0.01032537,0.106389984,0.007557931,0.68259877,0.0023477748,0.049725063,0.001741724,0.53315437,0.020261273,null,null,null,null,"TWOGAUSSIANS",8,3.3415523,0.68259877,0.0023477748,0.27846035,0.009753655,0.53314936,0.020256018,0.1801965,0.005851302,0.31074196,0.057822075,0.10638498,0.007560683
375316653866487564,4148324781729917568,0.45821658,2326.3875202508525,0.667592687666944,6.5135886E-5,17.141195,0.023468874,0.2441212,0.042282585,0.04432615,0.054371446,0.13485086,2.0728667,0.6806675,0.010076678,0.06262355,0.0105960835,0.47289234,0.082725205,null,null,null,null,"TWOGAUSSIANS",8,72.50822,0.6806675,0.010076678,0.35069188,0.059338067,0.47289184,0.08272612,0.2441212,0.042282585,0.24822643,0.3044801,0.13485034,2.0728703
375316653866487564,4148324987860213888,0.4685061,2305.013614204456,2.6372958786594434,2.0952832E-5,19.805609,0.048408758,0.1273653,0.019843517,0.084786706,0.03471589,0.2405069,0.059577156,0.60567015,0.009152704,0.0868159,0.013604006,0.3864688,0.06089713,null,null,null,null,"TWOGAUSSIANS",8,3.461254,0.60567015,0.009152704,0.4,0.0,0.3804704,0.051512495,0.1273653,0.019845383,0.4,0.0031092258,0.23450857,0.05269535
