Gaia/vari_eclipsing_binary/VariEclipsingBinary_223736-223828.csv
# %ECSV 1.0
# ---
# delimiter: ','
# meta: !!omap
# - RELEASE: Gaia DR3
# - TABLE: vari_eclipsing_binary
# - DESCRIPTION: >
#     This table describes the properties of the eclipsing binaries resulting from the variability analysis. 
# - CITATION: >
#     How to cite and acknowledge Gaia: 
#     https://gea.esac.esa.int/archive/documentation/credits.html 
# - KNOWN_ISSUES: >
#     Known issues: 
#     https://www.cosmos.esa.int/web/gaia-users/known-issues 
# - DOCUMENTATION: >
#     Tutorials and documentation: 
#     https://www.cosmos.esa.int/web/gaia-users/archive 
# datatype:
# - 
#   name: solution_id
#   datatype: int64
#   description: Solution Identifier
#   meta:
#     ucd: meta.version
# - 
#   name: source_id
#   datatype: int64
#   description: Unique source identifier
#   meta:
#     ucd: meta.id;meta.main
# - 
#   name: global_ranking
#   datatype: float32
#   description: Number between 0 (worst) and 1 (best)
#   meta:
#     ucd: stat.param
# - 
#   name: reference_time
#   datatype: float64
#   unit: d
#   description: Reference time used for the geometric model fit
#   meta:
#     ucd: time.epoch
# - 
#   name: frequency
#   datatype: float64
#   unit: d**-1
#   description: Frequency of geometric model of the eclipsing binary light curve
#   meta:
#     ucd: src.orbital
# - 
#   name: frequency_error
#   datatype: float32
#   unit: d**-1
#   description: "Uncertainty of \\texttt{frequency}"
#   meta:
#     ucd: stat.error
# - 
#   name: geom_model_reference_level
#   datatype: float32
#   unit: mag
#   description: Magnitude reference level of geometric model
#   meta:
#     ucd: phot.mag;em.opt
# - 
#   name: geom_model_reference_level_error
#   datatype: float32
#   unit: mag
#   description: "Uncertainty of \\texttt{geomModelReferenceLevel}"
#   meta:
#     ucd: stat.error;phot.mag;em.opt
# - 
#   name: geom_model_gaussian1_phase
#   datatype: float32
#   description: Phase of the Gaussian 1 component
#   meta:
#     ucd: time.phase
# - 
#   name: geom_model_gaussian1_phase_error
#   datatype: float32
#   description: "Uncertainty of \\texttt{geomModelGaussian1Phase}"
#   meta:
#     ucd: stat.error;time.phase
# - 
#   name: geom_model_gaussian1_sigma
#   datatype: float32
#   description: "Standard deviation [phase] of Gaussian 1 component"
#   meta:
#     ucd: stat.stdev
# - 
#   name: geom_model_gaussian1_sigma_error
#   datatype: float32
#   description: "Uncertainty of \\texttt{geomModelGaussian1Sigma}"
#   meta:
#     ucd: stat.error
# - 
#   name: geom_model_gaussian1_depth
#   datatype: float32
#   unit: mag
#   description: Magnitude depth of Gaussian 1 component
#   meta:
#     ucd: src.var.amplitude
# - 
#   name: geom_model_gaussian1_depth_error
#   datatype: float32
#   unit: mag
#   description: "Uncertainty of \\texttt{geomModelGaussian1Depth}"
#   meta:
#     ucd: stat.error;src.var.amplitude
# - 
#   name: geom_model_gaussian2_phase
#   datatype: float32
#   description: Phase of Gaussian 2 component
#   meta:
#     ucd: time.phase
# - 
#   name: geom_model_gaussian2_phase_error
#   datatype: float32
#   description: "Uncertainty of \\texttt{geomModelGaussian2Phase}"
#   meta:
#     ucd: stat.error;time.phase
# - 
#   name: geom_model_gaussian2_sigma
#   datatype: float32
[...]
#   datatype: float32
#   description: "Secondary eclipse: uncertainty of \\texttt{derivedSecondaryEclDuration}"
#   meta:
#     ucd: stat.error;time.duration
# - 
#   name: derived_secondary_ecl_depth
#   datatype: float32
#   unit: mag
#   description: "Secondary eclipse: depth"
#   meta:
#     ucd: src.var.amplitude
# - 
#   name: derived_secondary_ecl_depth_error
#   datatype: float32
#   unit: mag
#   description: "Secondary eclipse: uncertainty of \\texttt{derivedSecondaryEclDepth}"
#   meta:
#     ucd: stat.error;src.var.amplitude
solution_id,source_id,global_ranking,reference_time,frequency,frequency_error,geom_model_reference_level,geom_model_reference_level_error,geom_model_gaussian1_phase,geom_model_gaussian1_phase_error,geom_model_gaussian1_sigma,geom_model_gaussian1_sigma_error,geom_model_gaussian1_depth,geom_model_gaussian1_depth_error,geom_model_gaussian2_phase,geom_model_gaussian2_phase_error,geom_model_gaussian2_sigma,geom_model_gaussian2_sigma_error,geom_model_gaussian2_depth,geom_model_gaussian2_depth_error,geom_model_cosine_half_period_amplitude,geom_model_cosine_half_period_amplitude_error,geom_model_cosine_half_period_phase,geom_model_cosine_half_period_phase_error,model_type,num_model_parameters,reduced_chi2,derived_primary_ecl_phase,derived_primary_ecl_phase_error,derived_primary_ecl_duration,derived_primary_ecl_duration_error,derived_primary_ecl_depth,derived_primary_ecl_depth_error,derived_secondary_ecl_phase,derived_secondary_ecl_phase_error,derived_secondary_ecl_duration,derived_secondary_ecl_duration_error,derived_secondary_ecl_depth,derived_secondary_ecl_depth_error
375316653866487564,1968006658454269568,0.59945214,2138.239346494468,3.100377276760411,9.210018E-6,17.523571,0.00738459,0.26510566,0.0021579633,0.0692765,0.0022976124,0.45021257,0.012407289,0.7658482,0.00420672,0.070573404,0.0051265606,0.481771,0.014411232,null,null,null,null,"TWOGAUSSIANS",8,10.922719,0.7658482,0.00420672,0.39521104,0.009986572,0.4802387,0.014965503,0.26510566,0.0021579633,0.3879484,0.012866629,0.44868028,0.012220872
375316653866487564,1968009166715133696,0.67109764,2156.8655829639433,1.719405722903509,1.7997951E-6,15.455644,0.004936812,0.17192703,0.0010994845,0.05154806,0.0057455557,0.061677676,0.010561773,0.6691433,0.0010811185,0.053530943,0.0032182662,0.2712994,0.011321661,0.08332523,0.0059336526,0.17192703,0.0010994845,"TWOGAUSSIANS_WITH_ELLIPSOIDAL_ON_ECLIPSE1",9,6.9585824,0.6694833,8.328443E-4,0.29977328,0.01802229,0.4379007,0.01865744,0.17192703,0.0010994845,0.28866914,0.032175113,0.22832376,0.0021386656
375316653866487564,1968009506009827712,0.5701273,2180.3126471027276,0.09274131128812485,1.994879E-4,18.610735,0.0013979955,0.45344907,3.3820508E-4,0.010350615,2.3112222E-4,0.47384495,0.008311185,0.6614079,0.021069694,0.020406447,0.010192184,0.017971452,0.011454709,null,null,null,null,"TWOGAUSSIANS",8,1.1119163,0.45344907,3.3820508E-4,0.057963442,0.0012942844,0.47384495,0.008311185,0.6614079,0.021069694,0.11427611,0.05707623,0.017971452,0.011454709
375316653866487564,1968011979911038336,0.49940372,2155.98474827321,2.9650863142234116,9.904207E-6,18.705896,0.119472675,0.20705593,0.0044594817,0.11104795,0.027593244,0.26903638,0.10916478,0.7085249,0.0037514772,0.13671507,0.04349092,0.23966767,0.11422535,null,null,null,null,"TWOGAUSSIANS",8,2.1380596,0.20702592,0.004480887,0.4,0.0,0.20514776,0.012292081,0.7085249,0.0037665246,0.4,0.0,0.17520265,0.010598846
375316653866487564,1968012254784475904,0.5871749,2124.6937868541545,2.0323722417560828,6.110664E-6,18.43901,0.006281776,0.25090826,0.0014671386,0.09019395,0.0028326397,0.35503778,0.009959593,0.75288516,0.0027163401,0.08002883,0.0031138195,0.39236334,0.0073445146,null,null,null,null,"TWOGAUSSIANS",8,1.728193,0.75288516,0.0027163401,0.4,0.0,0.38276407,0.0063174656,0.25090826,0.0014671386,0.4,0.0,0.34543836,0.009995986
375316653866487564,1968013285576800384,0.4702108,2150.58790376031,0.10695277767048622,1.6342234E-5,17.637587,0.0022509587,0.20731327,0.016709734,0.05754483,0.0089575425,0.03124663,0.009133445,0.6478958,5.8905804E-4,0.005189512,5.5802887E-4,0.24734671,0.041650414,null,null,null,null,"TWOGAUSSIANS",8,5.4436226,0.6478958,5.8905804E-4,0.029061267,0.0031249616,0.24734671,0.041650414,0.20731327,0.016709734,0.32225105,0.050162237,0.03124663,0.009133445
375316653866487564,1968013526099496704,0.51527995,2165.91082452561,0.4601820278689623,4.3049706E-5,16.719982,0.0016384025,0.3151014,0.018166628,0.033008344,0.025206007,0.021053495,0.0064954674,0.76123667,0.008774846,0.017997172,0.0065408936,0.2350184,0.2815127,null,null,null,null,"TWOGAUSSIANS",8,2.5611098,0.76123667,0.008774846,0.10078416,0.036629003,0.2350184,0.2815127,0.3151014,0.018166628,0.18484673,0.14115363,0.021053495,0.0064954674
375316653866487564,1968015072283377664,0.5719647,2169.17412545655,3.9593325943343696,6.301811E-6,18.532057,0.008557564,0.21930388,0.002045037,0.04533195,0.007502868,0.21582752,0.016475674,0.73668337,0.009751246,0.06032072,0.006909174,0.1684158,0.02862538,0.09203184,0.011487851,0.21930388,0.002045037,"TWOGAUSSIANS_WITH_ELLIPSOIDAL_ON_ECLIPSE1",9,3.0260491,0.21930388,0.002045037,0.25385892,0.04201606,0.39988172,0.0153506445,0.73668337,0.009751246,0.33779603,0.038691375,0.35028386,0.020046242
375316653866487564,1968016073025041152,0.5659841,2153.6520348501303,0.35666269184792004,2.2391118E-6,13.643754,0.0012032646,0.34706372,0.0035895223,0.009906627,0.0020862683,0.28308976,0.2891488,0.8419031,8.043763E-4,0.012564666,0.0010464096,0.1301645,0.0019525016,null,null,null,null,"TWOGAUSSIANS",8,24.201982,0.34706372,0.0035895223,0.05547711,0.011683102,0.28308976,0.2891488,0.8419031,8.043763E-4,0.07036213,0.0058598937,0.1301645,0.0019525016
375316653866487564,1968016515396791936,0.48689306,2159.346633916636,0.7575777692459588,1.7119119E-5,17.13209,0.0012095866,0.6241956,0.0011508471,0.01075458,7.900899E-4,0.1643659,0.013660911,0.8373259,0.014322915,0.03211871,0.011045198,0.023075521,0.0053740405,0.0060290406,0.0021220068,0.6241956,0.0011508471,"TWOGAUSSIANS_WITH_ELLIPSOIDAL_ON_ECLIPSE1",9,4.453918,0.6241956,0.0011508471,0.060225643,0.0044245035,0.17642397,0.014090396,0.8373259,0.014322915,0.1798648,0.061853107,0.02371112,0.005743166
375316653866487564,1968016996433086080,0.49949795,2133.4741575792737,0.6576680693090109,2.3854725E-6,17.96684,0.003256251,0.32823098,0.0053356513,0.0026303446,0.003195624,0.2512545,1.86435056E8,0.920929,2.927733E-4,0.013955276,4.6005409E-4,0.46204853,0.027516076,null,null,null,null,"TWOGAUSSIANS",8,6.9007792,0.920929,2.927733E-4,0.07814955,0.002576303,0.46204853,0.027516076,0.32823098,0.0053356513,0.01472993,0.017895494,0.2512545,1.86435056E8
375316653866487564,1968020088805850752,0.61474293,2177.251289708168,3.359981447010285,6.1566484E-6,18.321241,0.011714246,0.23639798,0.0025806308,0.053048186,0.006685454,0.33915728,0.023237396,0.73281705,0.0014605889,0.04409866,0.0036763276,0.27893183,0.021550123,0.08941574,0.011993208,0.23639798,0.0025806308,"TWOGAUSSIANS_WITH_ELLIPSOIDAL_ON_ECLIPSE1",9,4.401276,0.23639798,0.0025806308,0.29706985,0.03743854,0.5179836,0.02024575,0.7331371,0.0012654865,0.24695249,0.020587435,0.45767573,0.009095057
375316653866487564,1968021119601473152,0.516185,2149.985622886319,3.1124803716997245,8.30602E-6,19.177547,0.0037461324,0.4821534,0.03523874,0.04398507,0.029497644,0.033859804,0.11805531,0.77274686,0.0029053534,0.03556877,0.0052741216,0.08681131,0.01360734,0.11419053,0.0073257494,0.77274686,0.0029053534,"TWOGAUSSIANS_WITH_ELLIPSOIDAL_ON_ECLIPSE2",9,1.8882174,0.77274686,0.0029053534,0.19918512,0.029535081,0.3151917,0.014842137,0.27275336,0.21665195,0.24631639,0.16518681,0.22838077,0.068302386
375316653866487564,1968021841156043136,0.55887854,2140.2351882415714,3.5163232766486328,5.4759707E-6,18.93113,0.006061875,0.19959798,0.0020342206,0.04636255,0.00394481,0.17511755,0.023542274,0.69256765,0.016704043,0.034957394,0.005455102,0.21974443,0.09628206,0.12533937,0.010669388,0.19959798,0.0020342206,"TWOGAUSSIANS_WITH_ELLIPSOIDAL_ON_ECLIPSE1",9,2.447425,0.69326764,0.01594367,0.19576141,0.030548569,0.46998245,0.101305164,0.19959798,0.0020342206,0.25963026,0.022090936,0.425796,0.01797984
375316653866487564,1968022567013078016,0.55342716,2169.6988452389396,1.0247928258640382,5.5662626E-6,15.525244,0.00946714,0.26609823,0.0010349854,0.03500812,0.0023884391,0.40471554,0.02273634,0.7641497,0.0016186255,0.039314676,0.0032091287,0.4621785,0.029140119,0.01760979,0.013589298,0.26609823,0.0010349854,"TWOGAUSSIANS_WITH_ELLIPSOIDAL_ON_ECLIPSE1",9,223.63455,0.76416975,0.0016069857,0.22016218,0.01797112,0.49739286,0.023823995,0.26609823,0.0010349854,0.19604547,0.01337526,0.4399351,0.01584983
375316653866487564,1968022837588591488,0.5166002,2158.319704733341,0.547201679405992,1.9856183E-5,18.49173,0.001675108,0.70654684,9.043357E-4,0.023799093,0.0016671973,0.28563422,0.017039377,0.8413963,0.0130314175,0.02189494,0.0067079687,0.015379767,0.0035656556,null,null,null,null,"TWOGAUSSIANS",8,1.2643882,0.70654684,9.043357E-4,0.13327493,0.009336306,0.28563422,0.017039377,0.8413963,0.0130314175,0.12261166,0.037564624,0.015379797,0.0035656625
375316653866487564,1968024250633401600,0.58442074,2166.7055074243667,3.5575084884644497,2.5127054E-6,18.928127,0.007291603,0.24753274,0.0012390352,0.04952051,0.0021280102,0.4594789,0.024954919,0.75024045,8.9265476E-4,0.042310532,0.0018288038,0.42313054,0.01908698,0.126608,0.011911912,0.24753274,0.0012390352,"TWOGAUSSIANS_WITH_ELLIPSOIDAL_ON_ECLIPSE1",9,3.2370737,0.24753274,0.0012390352,0.27731487,0.011916856,0.7126936,0.020292902,0.75024045,8.9265476E-4,0.23693898,0.010241301,0.67627186,0.014221851
375316653866487564,1968025895605376640,0.5080935,2124.51405018681,3.193258680608383,1.202495E-5,18.745289,0.007837444,0.25333315,0.004629609,0.047525693,0.008823076,0.16851227,0.024281489,0.74992234,0.0068068886,0.033392914,0.0075882915,0.106167965,0.019420154,0.098520316,0.0113343615,0.25333315,0.004629609,"TWOGAUSSIANS_WITH_ELLIPSOIDAL_ON_ECLIPSE1",9,5.4414654,0.25333315,0.004629609,0.2661439,0.049409226,0.3655525,0.018707361,0.75040233,0.0058881408,0.1870003,0.04249443,0.30313045,0.013980517
375316653866487564,1968026002986715264,0.55149275,2139.1717926321203,2.5580767295806326,1.1265853E-5,17.449717,0.002180672,0.14479052,0.03773808,0.048127975,0.040882535,0.02514477,0.01160225,0.64665836,0.0021533999,0.008436202,0.0030120078,0.036199976,0.011422487,0.06418543,0.0033648314,0.64665836,0.0021533999,"TWOGAUSSIANS_WITH_ELLIPSOIDAL_ON_ECLIPSE2",9,2.955176,0.64665836,0.0021533999,0.04724273,0.016867243,0.16457051,0.009505697,0.14569052,0.034271315,0.26951665,0.2289422,0.15350616,0.008491027
375316653866487564,1968027033779028096,0.587768,2153.8417018845084,2.4798621466717687,7.325317E-6,15.39918,0.010881103,0.2332593,0.00340644,0.050806522,0.0064016944,0.15121165,0.03048123,0.7301293,0.0017828981,0.052193727,0.0028011815,0.5566875,0.026146011,0.083311506,0.016441677,0.2332593,0.00340644,"TWOGAUSSIANS_WITH_ELLIPSOIDAL_ON_ECLIPSE1",9,196.56702,0.7303193,0.0016192903,0.29228488,0.015686616,0.72324413,0.018509392,0.2332593,0.00340644,0.2845165,0.03584949,0.31782886,0.013680195
375316653866487564,1968027751031515648,0.4746975,2148.4603197685406,2.9521605040516596,2.0005646E-5,18.164436,0.0033448096,null,null,null,null,null,null,null,null,null,null,null,null,0.082299285,0.005306716,0.3280029,0.004082313,"ELLIPSOIDAL",4,8.143181,null,null,null,null,null,null,null,null,null,null,null,null
375316653866487564,1968028683039286528,0.52479506,2150.5224694618696,3.300923935686529,1.19662745E-5,19.457443,0.011575462,0.24393578,0.0038019156,0.08603922,0.0044027553,0.37939635,0.012385696,0.7474919,0.0046830876,0.09342279,0.0078803385,0.29804778,0.0151713295,null,null,null,null,"TWOGAUSSIANS",8,1.9412305,0.24393578,0.0038019156,0.4,0.0,0.36637282,0.007985688,0.7474919,0.0046830876,0.4,0.0,0.28502396,0.014567108
375316653866487564,1968031015206757888,0.5577349,2144.0046070787994,3.998186903574863,5.8823957E-6,19.486553,0.010798255,0.22459312,0.0027901158,0.045537826,0.0045216023,0.2987732,0.035025068,0.71757704,0.003176962,0.043697502,0.0045518503,0.26910508,0.027544942,0.15094107,0.016723815,0.22459312,0.0027901158,"TWOGAUSSIANS_WITH_ELLIPSOIDAL_ON_ECLIPSE1",9,2.437672,0.22459312,0.0027901158,0.25501183,0.025320973,0.600655,0.019675339,0.71858704,0.002677984,0.24470602,0.025490362,0.57048535,0.016121484
375316653866487564,1968032874934989824,0.6578755,2193.589873893477,2.728503765244503,4.3981104E-6,15.310723,0.004186504,0.22225669,6.891228E-4,0.08326018,0.0011354223,0.4409247,0.0045373226,0.7257108,0.0028074444,0.08853301,0.004098228,0.3959355,0.006951275,null,null,null,null,"TWOGAUSSIANS",8,29.662685,0.22225669,6.891228E-4,0.4,0.0,0.42954832,0.0033435498,0.7257108,0.0028074444,0.4,0.0,0.38455904,0.0076809977
375316653866487564,1968033901424808576,0.58858997,2155.8472625976383,3.276189880443357,3.7222205E-6,16.379042,0.014152069,0.26223102,0.0021705737,0.059831657,0.0056687286,0.20345488,0.03098424,0.76003104,0.0022666466,0.058702435,0.006282248,0.17439987,0.030046545,0.062225875,0.017164534,0.26223102,0.0021705737,"TWOGAUSSIANS_WITH_ELLIPSOIDAL_ON_ECLIPSE1",9,19.707539,0.26223102,0.0021705737,0.3350573,0.03174488,0.3278566,0.010742215,0.76039106,0.0017462936,0.32873365,0.03518059,0.29878166,0.0066537773
375316653866487564,1968033901424814976,0.52903676,2164.2359312157414,3.095380587191573,5.9283884E-6,18.950369,0.010137232,0.22787184,0.0039872564,0.07257371,0.005805762,0.33996952,0.012890367,0.73902047,0.002564415,0.066527665,0.0041533574,0.28323966,0.010188853,null,null,null,null,"TWOGAUSSIANS",8,3.0174694,0.22787184,0.0039872564,0.4,0.0113474615,0.33924183,0.012820055,0.73902047,0.002564415,0.37255493,0.023258802,0.28251195,0.00988292
375316653866487564,1968034382461191424,0.51727736,2168.4674548506227,1.1720765402172992,1.2102882E-5,17.545088,0.0049687363,0.25795656,0.0077112117,0.028680978,0.006470552,0.030764416,0.011879082,0.753399,0.0046346406,0.05023482,0.008397333,0.1337104,0.012981915,0.021324439,0.005732327,0.25795656,0.0077112117,"TWOGAUSSIANS_WITH_ELLIPSOIDAL_ON_ECLIPSE1",9,4.945351,0.75366896,0.00424015,0.281315,0.04702507,0.17632604,0.014799555,0.25795656,0.0077112117,0.16061348,0.03623509,0.07341294,0.004140239
375316653866487564,1968034726058557952,0.5804531,2176.200121848609,1.8903436143783154,5.569494E-6,17.223162,0.0066595795,0.29256478,0.0016906068,0.083741136,0.0024844203,0.40601477,0.010459196,0.80429894,0.0014730752,0.06694247,0.0033880258,0.23338063,0.0089892745,null,null,null,null,"TWOGAUSSIANS",8,10.325091,0.29256478,0.0016906068,0.4,0.0,0.40404198,0.0103257615,0.80429894,0.0014730752,0.37487784,0.018972944,0.23140787,0.008957432
375316653866487564,1968036895016574848,0.5487259,2172.4989683394188,2.8035009278986545,9.578712E-6,18.606138,0.009537617,0.26096338,0.00270398,0.08709684,0.0041054115,0.32650447,0.011323186,0.7655588,0.0035415818,0.08698456,0.0045871595,0.29767007,0.014288346,null,null,null,null,"TWOGAUSSIANS",8,2.3042815,0.26096338,0.00270398,0.4,0.0,0.31716397,0.010107815,0.7655588,0.0035415818,0.4,0.0,0.28832957,0.012735372
375316653866487564,1968037444780084352,0.5612417,2145.51588215195,0.5152305546055777,1.130477E-5,16.961916,0.006702557,0.26630232,0.0027169443,0.03958224,0.0060787136,0.34786066,0.014664889,0.7712407,0.015683176,0.03831011,0.017582662,0.10681386,0.044449594,0.06917572,0.010228509,0.26630232,0.0027169443,"TWOGAUSSIANS_WITH_ELLIPSOIDAL_ON_ECLIPSE1",9,21.595938,0.26630232,0.0027169443,0.22166055,0.034040798,0.48621187,0.015257851,0.7712407,0.0153348325,0.2145366,0.09846291,0.2450319,0.054612245
375316653866487564,1968038849224965632,0.54343355,2184.923069255497,2.8215867320099126,1.13695105E-5,18.72444,0.0110755395,0.21234562,0.0036713376,0.09029394,0.0049597835,0.3721443,0.012783019,0.7215212,0.0033065584,0.08506775,0.0047103763,0.35182366,0.0133293765,null,null,null,null,"TWOGAUSSIANS",8,4.367348,0.21234562,0.0036713376,0.4,0.0,0.36145362,0.010977568,0.7215212,0.0033065584,0.4,0.0,0.34113315,0.012097131
375316653866487564,1968039330259190016,0.5072027,2175.7669708262247,2.955516433504566,8.00702E-6,17.77494,0.010978683,0.28039265,0.0033355502,0.08150485,0.006748195,0.24749994,0.01541827,0.77755326,0.0037831175,0.08896218,0.006761607,0.23770107,0.01794414,null,null,null,null,"TWOGAUSSIANS",8,10.764315,0.28039265,0.0033355502,0.4,0.0,0.24125564,0.0155433705,0.77755326,0.0037831175,0.4,0.0,0.23145671,0.018043615
375316653866487564,1968040056120845568,0.56247616,2177.8121355292283,2.089208485435175,7.400794E-6,17.265814,0.008125831,0.24386697,0.0043843794,0.091320276,0.009629024,0.10409066,0.0074572167,0.7269736,0.0021055567,0.0972225,0.0055335583,0.18212163,0.008502882,null,null,null,null,"TWOGAUSSIANS",8,3.5025804,0.7269736,0.0021055567,0.4,0.0,0.17567399,0.007130125,0.24386697,0.004384993,0.4,0.0,0.09764385,0.0047409143
375316653866487564,1968041838520593792,0.48983225,2159.814138674756,3.399811500336798,1.5222272E-5,19.438532,0.021397326,0.22334142,0.0070636184,0.09657444,0.014601949,0.20798743,0.018836057,0.7174263,0.0054429574,0.10172353,0.012649921,0.22953072,0.019111654,null,null,null,null,"TWOGAUSSIANS",8,1.3959185,0.7174263,0.0054429574,0.4,0.0,0.2126491,0.00930384,0.22334142,0.0070636184,0.4,0.0,0.19110787,0.019666575
375316653866487564,1968041941599949056,0.49414048,2150.221768855287,0.2194705842556496,1.5634785E-5,18.255615,0.006708866,0.51949114,0.0015444609,0.008152604,0.0010023568,0.42342564,0.05574013,0.6562478,0.046586987,0.13474256,0.049349938,0.038797602,0.011673414,null,null,null,null,"TWOGAUSSIANS",8,6.926352,0.5195211,0.0015353089,0.04565458,0.005613198,0.44652882,0.054364253,0.6562478,0.046586987,0.4,0.0,0.038718216,0.011557826
