Gaia/vari_eclipsing_binary/VariEclipsingBinary_460810-460823.csv
# %ECSV 1.0
# ---
# delimiter: ','
# meta: !!omap
# - RELEASE: Gaia DR3
# - TABLE: vari_eclipsing_binary
# - DESCRIPTION: >
#     This table describes the properties of the eclipsing binaries resulting from the variability analysis. 
# - CITATION: >
#     How to cite and acknowledge Gaia: 
#     https://gea.esac.esa.int/archive/documentation/credits.html 
# - KNOWN_ISSUES: >
#     Known issues: 
#     https://www.cosmos.esa.int/web/gaia-users/known-issues 
# - DOCUMENTATION: >
#     Tutorials and documentation: 
#     https://www.cosmos.esa.int/web/gaia-users/archive 
# datatype:
# - 
#   name: solution_id
#   datatype: int64
#   description: Solution Identifier
#   meta:
#     ucd: meta.version
# - 
#   name: source_id
#   datatype: int64
#   description: Unique source identifier
#   meta:
#     ucd: meta.id;meta.main
# - 
#   name: global_ranking
#   datatype: float32
#   description: Number between 0 (worst) and 1 (best)
#   meta:
#     ucd: stat.param
# - 
#   name: reference_time
#   datatype: float64
#   unit: d
#   description: Reference time used for the geometric model fit
#   meta:
#     ucd: time.epoch
# - 
#   name: frequency
#   datatype: float64
#   unit: d**-1
#   description: Frequency of geometric model of the eclipsing binary light curve
#   meta:
#     ucd: src.orbital
# - 
#   name: frequency_error
#   datatype: float32
#   unit: d**-1
#   description: "Uncertainty of \\texttt{frequency}"
#   meta:
#     ucd: stat.error
# - 
#   name: geom_model_reference_level
#   datatype: float32
#   unit: mag
#   description: Magnitude reference level of geometric model
#   meta:
#     ucd: phot.mag;em.opt
# - 
#   name: geom_model_reference_level_error
#   datatype: float32
#   unit: mag
#   description: "Uncertainty of \\texttt{geomModelReferenceLevel}"
#   meta:
#     ucd: stat.error;phot.mag;em.opt
# - 
#   name: geom_model_gaussian1_phase
#   datatype: float32
#   description: Phase of the Gaussian 1 component
#   meta:
#     ucd: time.phase
# - 
#   name: geom_model_gaussian1_phase_error
#   datatype: float32
#   description: "Uncertainty of \\texttt{geomModelGaussian1Phase}"
#   meta:
#     ucd: stat.error;time.phase
# - 
#   name: geom_model_gaussian1_sigma
#   datatype: float32
#   description: "Standard deviation [phase] of Gaussian 1 component"
#   meta:
#     ucd: stat.stdev
# - 
#   name: geom_model_gaussian1_sigma_error
#   datatype: float32
#   description: "Uncertainty of \\texttt{geomModelGaussian1Sigma}"
#   meta:
#     ucd: stat.error
# - 
#   name: geom_model_gaussian1_depth
#   datatype: float32
#   unit: mag
#   description: Magnitude depth of Gaussian 1 component
#   meta:
#     ucd: src.var.amplitude
# - 
#   name: geom_model_gaussian1_depth_error
#   datatype: float32
#   unit: mag
#   description: "Uncertainty of \\texttt{geomModelGaussian1Depth}"
#   meta:
#     ucd: stat.error;src.var.amplitude
# - 
#   name: geom_model_gaussian2_phase
#   datatype: float32
#   description: Phase of Gaussian 2 component
#   meta:
#     ucd: time.phase
# - 
#   name: geom_model_gaussian2_phase_error
#   datatype: float32
#   description: "Uncertainty of \\texttt{geomModelGaussian2Phase}"
#   meta:
#     ucd: stat.error;time.phase
# - 
#   name: geom_model_gaussian2_sigma
#   datatype: float32
[...]
#   datatype: float32
#   description: "Secondary eclipse: uncertainty of \\texttt{derivedSecondaryEclDuration}"
#   meta:
#     ucd: stat.error;time.duration
# - 
#   name: derived_secondary_ecl_depth
#   datatype: float32
#   unit: mag
#   description: "Secondary eclipse: depth"
#   meta:
#     ucd: src.var.amplitude
# - 
#   name: derived_secondary_ecl_depth_error
#   datatype: float32
#   unit: mag
#   description: "Secondary eclipse: uncertainty of \\texttt{derivedSecondaryEclDepth}"
#   meta:
#     ucd: stat.error;src.var.amplitude
solution_id,source_id,global_ranking,reference_time,frequency,frequency_error,geom_model_reference_level,geom_model_reference_level_error,geom_model_gaussian1_phase,geom_model_gaussian1_phase_error,geom_model_gaussian1_sigma,geom_model_gaussian1_sigma_error,geom_model_gaussian1_depth,geom_model_gaussian1_depth_error,geom_model_gaussian2_phase,geom_model_gaussian2_phase_error,geom_model_gaussian2_sigma,geom_model_gaussian2_sigma_error,geom_model_gaussian2_depth,geom_model_gaussian2_depth_error,geom_model_cosine_half_period_amplitude,geom_model_cosine_half_period_amplitude_error,geom_model_cosine_half_period_phase,geom_model_cosine_half_period_phase_error,model_type,num_model_parameters,reduced_chi2,derived_primary_ecl_phase,derived_primary_ecl_phase_error,derived_primary_ecl_duration,derived_primary_ecl_duration_error,derived_primary_ecl_depth,derived_primary_ecl_depth_error,derived_secondary_ecl_phase,derived_secondary_ecl_phase_error,derived_secondary_ecl_duration,derived_secondary_ecl_duration_error,derived_secondary_ecl_depth,derived_secondary_ecl_depth_error
[from data line 113]
375316653866487564,4053381471569384448,0.54964495,2333.531340729723,0.10947329051018391,1.5838757E-5,17.832626,0.0048519867,0.4707713,0.007139901,0.027679102,0.0022240437,1.2432488,0.27740824,0.7108199,0.015745904,0.009305537,0.016834944,0.015006547,0.01763117,0.0110841375,0.0066925087,0.7108199,0.015745904,"TWOGAUSSIANS_WITH_ELLIPSOIDAL_ON_ECLIPSE2",9,6.292321,0.4707813,0.0071493834,0.15500298,0.012454644,1.2433354,0.27729288,0.7108199,0.015745904,0.052111004,0.09427569,0.037174806,0.01861018
375316653866487564,4053381540288963840,0.4535043,2315.2990289525665,1.1331082488275173,3.356382E-5,19.417847,0.037999615,0.24757539,0.02152789,0.092748314,0.047296345,0.11040429,0.03851007,0.72493577,0.004323079,0.101165034,0.019812314,0.22601752,0.03332127,null,null,null,null,"TWOGAUSSIANS",8,2.5402246,0.72493577,0.004323079,0.4,0.0,0.21760193,0.02367078,0.24758539,0.021596534,0.4,0.0,0.101992145,0.03724122
375316653866487564,4053381643368211712,0.45245123,2294.473431555419,1.3918101226594402,8.423624E-5,19.022547,0.012948724,0.3560158,0.025917426,0.10519958,0.049509447,0.14047965,0.040740386,0.6353242,0.07386922,0.043544468,0.049643192,0.11693689,0.28002453,null,null,null,null,"TWOGAUSSIANS",8,2.5694761,0.3560158,0.025539292,0.4,0.0,0.14047591,0.04118459,0.6353242,0.07386922,0.24384902,0.27446318,0.12107219,0.27961588
375316653866487564,4053382090044746624,0.44185424,2388.3021155410715,3.743985488857353,3.902372E-5,19.146841,0.31495735,0.32167813,0.0055660186,0.1314835,0.023175396,0.78020144,0.23914592,0.8367642,0.06875948,0.19740579,0.110881045,0.37277502,0.32485163,null,null,null,null,"TWOGAUSSIANS",8,5.8530965,0.3201281,0.0046347114,0.4,0.0,0.54761964,0.051336203,0.8383342,0.07069945,0.4,0.0,0.11075298,0.03766717
375316653866487564,4053382090044826880,0.49271405,2308.935657947666,2.692207265814525,1.3567898E-5,18.217356,0.079868935,0.29405573,0.0052727438,0.08708739,0.01660343,0.36907023,0.07903941,0.7925325,0.009261947,0.11150452,0.033040047,0.31956238,0.072101556,null,null,null,null,"TWOGAUSSIANS",8,14.405257,0.29405573,0.0052766474,0.4,0.0,0.34134302,0.038103193,0.7925325,0.009261947,0.4,0.0,0.29180765,0.03558268
375316653866487564,4053382227483990656,0.44510844,2407.4368014521833,4.05881496037778,4.8260885E-5,19.07115,0.0070226532,0.11095574,0.0037407996,0.03916062,0.004683248,0.16968918,0.02874515,0.5955405,0.022029044,0.034874916,0.02369777,0.1299261,0.0381709,null,null,null,null,"TWOGAUSSIANS",8,1.9009147,0.11095574,0.0037407996,0.21929948,0.026226189,0.16968918,0.028745148,0.5955405,0.022029044,0.19529952,0.1327075,0.1299261,0.03817092
375316653866487564,4053382468002391296,0.5365653,2336.7102384933955,2.0509260169630026,1.2530074E-5,18.8191,0.02676661,0.279811,0.0067016417,0.10312475,0.012794793,0.23863904,0.026512878,0.7918629,0.003415604,0.10613051,0.01443612,0.23185022,0.022829289,null,null,null,null,"TWOGAUSSIANS",8,1.2725544,0.279801,0.0066947658,0.4,0.0,0.21509239,0.010499636,0.7918629,0.0034131084,0.4,0.0,0.2082999,0.018247982
375316653866487564,4053383052117327616,0.5373192,2414.387882568253,2.9053256009505795,1.9464404E-5,19.293295,0.01484286,0.124185495,0.0029859147,0.068152085,0.004735093,0.41561186,0.0285753,0.62513155,0.0050309356,0.07423848,0.0060995766,0.46494105,0.058674235,null,null,null,null,"TWOGAUSSIANS",8,2.779118,0.62513155,0.0050309356,0.4,0.002489436,0.46313348,0.05926313,0.124185495,0.0029859147,0.38165167,0.026516521,0.4138043,0.028596953
375316653866487564,4053383223928534912,0.49270326,2450.8753682812244,2.8165775610074575,3.53024E-5,19.51244,0.022321159,0.19630711,0.008208797,0.067305356,0.0071419603,0.66613495,0.05487091,0.68979037,0.009188912,0.052840058,0.010183134,0.6028814,0.059235252,null,null,null,null,"TWOGAUSSIANS",8,10.465131,0.19630711,0.008208797,0.37691,0.039994977,0.66596,0.054875605,0.68979037,0.009188912,0.2959043,0.05702555,0.6027064,0.059365243
375316653866487564,4053383430074528640,0.4576148,2385.5224932120445,3.70597831847194,7.4439845E-6,19.368801,0.018771978,0.20860787,0.01070357,0.026473215,0.005737519,0.22977278,0.09313824,0.4382422,0.010135648,0.039393317,0.0046557058,0.47572714,0.045006502,null,null,null,null,"TWOGAUSSIANS",8,3.7494464,0.4382422,0.010135648,0.22060259,0.026071953,0.47572714,0.045006502,0.20860787,0.01070357,0.14825,0.032130104,0.22977279,0.09313825
375316653866487564,4053383563217850368,0.61126685,2435.817954546079,0.8119992265416528,9.747823E-6,16.975325,0.003271863,0.2410207,0.010360123,0.040770154,0.0083353035,0.42670792,0.04308887,0.72873795,0.0048608393,0.04122369,0.004389815,0.08641826,0.011037671,0.015384565,0.005743551,0.2410207,0.010360123,"TWOGAUSSIANS_WITH_ELLIPSOIDAL_ON_ECLIPSE1",9,4.134614,0.2410207,0.010360123,0.22831286,0.0466777,0.45747706,0.041958757,0.72929794,0.004404269,0.23085266,0.024582963,0.117012784,0.0071863164
375316653866487564,4053384289068374016,0.4667567,2410.5189292563014,1.9309802771894593,4.0361163E-5,19.649218,0.11941519,0.24733436,0.008285119,0.061102737,0.018359633,0.35906053,0.101714976,0.7460111,0.0438874,0.08928256,0.120292015,0.19365048,0.08609677,null,null,null,null,"TWOGAUSSIANS",8,4.7057214,0.24733436,0.00825534,0.34217533,0.09318553,0.35719344,0.05569966,0.7460111,0.0438874,0.4,0.009059792,0.19178335,0.034450274
375316653866487564,4053384563946715392,0.5091897,2375.602796646635,0.9534566205405552,1.6651442E-5,19.031088,0.021181336,0.23826244,0.004079291,0.08365147,0.0072147585,0.32153097,0.020623483,0.73493326,0.0042240284,0.089001626,0.0082130805,0.48444816,0.030402737,null,null,null,null,"TWOGAUSSIANS",8,2.4767816,0.73493326,0.0042240284,0.4,0.0,0.47313803,0.03228335,0.23826244,0.004079291,0.4,0.0,0.310221,0.014663333
375316653866487564,4053384873184599424,0.54567415,2281.3351221583216,4.059375089841309,3.504312E-5,18.65776,0.033189747,0.31943065,0.0034913262,0.07010785,0.014496757,0.31372654,0.028709553,0.83501947,0.009092297,0.08137783,0.01602851,0.3210426,0.029634342,null,null,null,null,"TWOGAUSSIANS",8,5.0079184,0.83501947,0.009092297,0.4,0.013944129,0.3191097,0.027060693,0.31943065,0.0034913262,0.39260396,0.04713554,0.31179366,0.026592717
375316653866487564,4053384941913927168,0.4713522,2293.5419737790507,0.38970142353591014,1.4218544E-4,19.68546,0.032364927,0.43789673,0.010300559,0.08335342,0.016729979,0.33666655,0.0755258,0.8039278,0.03439189,0.07862879,0.032257717,0.14783433,0.03853459,null,null,null,null,"TWOGAUSSIANS",8,3.2512367,0.43789673,0.0102962,0.4,0.0077117146,0.33645758,0.075401,0.8039278,0.03439189,0.4,0.09369392,0.14764433,0.037843693
375316653866487564,4053384941995809920,0.47775006,2331.2332644891503,4.928028976909901,4.9329592E-5,19.750652,0.20714732,0.330963,0.007261506,0.17998385,0.06318487,0.46825528,0.18303224,0.7602615,0.02053769,0.0910812,0.032949425,0.25087973,0.08829992,null,null,null,null,"TWOGAUSSIANS",8,2.8373344,0.330973,0.0073180916,0.4,0.0,0.38875213,0.0468954,0.7602615,0.02053769,0.4,0.0,0.20167576,0.0726565
375316653866487564,4053385079343410048,0.55065364,2216.648114060683,2.3081230455130926,2.1015137E-5,17.987324,0.015824439,0.28639007,0.007902562,0.06958622,0.005518229,0.5745279,0.032081466,0.78591377,0.0044062827,0.06627894,0.0055921334,0.5140058,0.032676425,null,null,null,null,"TWOGAUSSIANS",8,15.118685,0.28639007,0.007902562,0.3896828,0.030252367,0.573297,0.03186685,0.78591377,0.0044062827,0.3711621,0.031315945,0.51277494,0.032808896
375316653866487564,4053385182422753152,0.47386098,2298.2211347465254,2.9031770662176157,1.2559067E-4,19.52157,0.022860609,0.19773255,0.011915683,0.07571528,0.016809924,0.28815618,0.06104968,0.6915438,0.013720144,0.046165626,0.02593938,1.0265825,0.84294474,null,null,null,null,"TWOGAUSSIANS",8,6.2661643,0.6915438,0.013720144,0.25852752,0.14526053,1.0264233,0.8442029,0.19773255,0.011915683,0.4,0.008161908,0.28799707,0.06120189
375316653866487564,4053385830961394432,0.55130124,2308.7944294816125,1.8331164273970644,1.1375026E-5,17.892113,0.005253481,0.22877465,0.0021692119,0.07735009,0.0025376906,0.22240809,0.007362557,0.71721256,0.0042461012,0.08223566,0.0047860756,0.4283441,0.060953625,null,null,null,null,"TWOGAUSSIANS",8,3.1944795,0.71721256,0.0042461012,0.4,0.0,0.42470276,0.06134426,0.22877465,0.0021692119,0.4,0.0,0.21876675,0.006703093
375316653866487564,4053386075776189440,0.46981445,2253.116811379877,0.9593420867224934,8.545579E-5,19.709139,0.058652073,0.20654224,0.029005729,0.084300056,0.08815992,0.1594008,0.036414783,0.71079946,0.009892748,0.081975944,0.017986566,0.3499041,0.05801267,null,null,null,null,"TWOGAUSSIANS",8,2.93429,0.71079946,0.009892748,0.4,0.0,0.34522292,0.040992104,0.20654224,0.029005729,0.4,0.24749751,0.15471965,0.04011823
375316653866487564,4053386110136234496,0.58105576,2237.1451088364124,3.461280863932924,8.520064E-6,18.361563,0.015463526,0.26355335,0.003474071,0.0460031,0.008022009,0.20148963,0.048403822,0.764103,0.006279079,0.04268915,0.007946359,0.40160298,0.110614486,0.1763806,0.027702238,0.26355335,0.003474071,"TWOGAUSSIANS_WITH_ELLIPSOIDAL_ON_ECLIPSE1",9,8.658917,0.764103,0.005721131,0.23905924,0.04449961,0.7543599,0.1116094,0.26355335,0.003474071,0.25761735,0.04492325,0.5542507,0.026850162
375316653866487564,4053386694260995584,0.542291,2329.040973782436,0.2893484881383042,1.0979649E-5,19.010145,0.0040689437,0.6529244,0.022453751,0.018241165,0.015699916,0.1245895,0.087500274,0.77252966,0.001406711,0.02916518,0.0014668687,0.42616454,0.0093615865,null,null,null,null,"TWOGAUSSIANS",8,2.249696,0.77252966,0.001406711,0.16332501,0.008214464,0.42616454,0.009364709,0.6529644,0.02253423,0.10215052,0.087919526,0.124684714,0.087502874
375316653866487564,4053387003579739648,0.7366197,2332.596155006763,0.6588053504706894,1.1925407E-6,15.897111,0.003612485,0.25723952,3.0357367E-4,0.03823392,8.088303E-4,0.51951915,0.006726648,0.75839293,0.001220581,0.03770783,0.0034369354,0.4725075,0.011418663,0.04066113,0.0050343922,0.25723952,3.0357367E-4,"TWOGAUSSIANS_WITH_ELLIPSOIDAL_ON_ECLIPSE1",9,6.7163434,0.25723952,3.0357367E-4,0.21410996,0.0045294496,0.6008412,0.0045397887,0.75839293,0.001220581,0.21116385,0.019246837,0.5538253,0.012161666
375316653866487564,4053387690683321216,0.55598795,2392.8281846997183,2.4305762254336365,1.462109E-5,17.829937,0.0065389657,0.3100041,0.0044562644,0.03549238,0.012483902,0.06625577,0.016313663,0.8396976,0.009062193,0.021779338,0.010188721,0.09051109,0.030716121,0.10175515,0.008076307,0.3100041,0.0044562644,"TWOGAUSSIANS_WITH_ELLIPSOIDAL_ON_ECLIPSE1",9,4.9438415,0.8396976,0.009062193,0.12196429,0.057056837,0.28701934,0.030009972,0.3100041,0.0044562644,0.19875734,0.069909856,0.26976606,0.0086637065
375316653866487564,4053387931202159744,0.5376508,2370.5854713061112,0.07847287539590551,5.451275E-5,19.083342,0.077716105,0.5493418,0.047387403,0.048642054,0.22456796,0.75343627,9.549507,0.7590805,0.0023977899,0.0053228373,0.001449947,0.47807872,0.052992623,0.03371367,0.023466077,0.7590805,0.0023977899,"TWOGAUSSIANS_WITH_ELLIPSOIDAL_ON_ECLIPSE2",9,3.516221,0.5499918,0.114876874,0.2723955,0.20881982,0.757727,9.552529,0.7590805,0.0023977899,0.029807888,0.008119703,0.5455752,0.04697384
375316653866487564,4053388206080455168,0.42546296,2305.706051410546,1.3347873242921882,4.6893456E-5,17.221592,0.009970969,0.29719946,0.011227005,0.038189784,0.03420414,0.031444907,0.023109028,0.7647465,0.025977157,0.027313827,0.036498785,0.09091954,0.11563419,0.06917908,0.012515533,0.29719946,0.011227005,"TWOGAUSSIANS_WITH_ELLIPSOIDAL_ON_ECLIPSE1",9,56.53661,0.76736647,0.0064745713,0.15295742,0.20439321,0.22405556,0.11662485,0.29719946,0.011227005,0.21386278,0.19154318,0.16980293,0.0160976
375316653866487564,4053388343519408128,0.42151886,2397.5569407198263,0.38639584043854397,8.400481E-5,19.835487,0.04302859,0.10679125,0.0011878577,0.012328182,0.003956312,0.20937245,0.089057155,0.56817454,0.018874181,0.14730915,0.041872624,0.25466526,0.04329327,null,null,null,null,"TWOGAUSSIANS",8,5.273347,0.56817454,0.018874181,0.4,0.0,0.2529623,0.040714733,0.106811255,0.0011721313,0.06903782,0.022155346,0.20987524,0.08987995
375316653866487564,4053388515318339200,0.5277708,2318.208042678857,3.324159645277112,2.1799835E-5,19.133772,0.027360197,0.29859218,0.009796403,0.08786989,0.01252405,0.49624217,0.042918548,0.8115108,0.009036814,0.083494216,0.009976483,0.46550274,0.03348933,null,null,null,null,"TWOGAUSSIANS",8,5.072108,0.29859218,0.009796403,0.4,0.0,0.48533654,0.034656975,0.8115108,0.009036814,0.4,0.0,0.45459718,0.027125614
375316653866487564,4053388927635410944,0.43845162,2375.2161708292924,1.9320051059529404,7.66043E-6,19.215572,0.028584603,0.30870387,5.7441345E-4,0.0073349494,0.0015123911,7.708224,19.08426,0.70738417,0.016104434,0.046573877,0.016991206,0.03685323,0.05678115,0.098461136,0.043181226,0.70738417,0.016104434,"TWOGAUSSIANS_WITH_ELLIPSOIDAL_ON_ECLIPSE2",9,5.9299555,0.3086939,5.749271E-4,0.041075718,0.008469391,7.835559,19.083214,0.70738417,0.016104434,0.2608137,0.09515075,0.23377545,0.07955185
375316653866487564,4053388962085108352,0.5028994,2361.348248013401,0.10022548038719402,5.5832974E-5,15.585868,0.0042309584,0.3519804,0.0015333965,0.015386711,0.0021260777,0.32784194,0.13304079,0.62858206,0.014409032,0.06635226,0.032288358,0.023596097,0.0073207174,0.0075828405,0.006692738,0.3519804,0.0015333965,"TWOGAUSSIANS_WITH_ELLIPSOIDAL_ON_ECLIPSE1",9,19.458715,0.3519804,0.0015294863,0.086165585,0.011906035,0.34301156,0.13331026,0.63600206,0.016975883,0.3715727,0.095141806,0.024131516,0.007664065
375316653866487564,4053388996444867456,0.59825164,2341.864057246707,1.3265912005694915,4.7456606E-6,14.52611,0.0015345296,0.24850395,0.0013689756,0.050176665,0.0016725044,0.13426258,0.003489174,0.73039836,0.0066476944,0.02765235,0.004585789,0.028503412,0.005801511,0.015409353,0.0018264186,0.73039836,0.0066476944,"TWOGAUSSIANS_WITH_ELLIPSOIDAL_ON_ECLIPSE2",9,19.681492,0.24772395,0.0012424758,0.28098932,0.009366024,0.16470098,0.002668842,0.73039836,0.0066476944,0.15485315,0.025680419,0.059321824,0.0048637334
375316653866487564,4053389305683880960,0.5361009,2471.0322313364773,3.162112408007983,2.194683E-5,18.211868,0.04483738,0.20929047,0.008836663,0.044221126,0.022449205,0.33229178,0.07511669,0.7087663,0.009537345,0.04752874,0.013836598,0.33964795,0.09875567,0.08370638,0.051352777,0.20929047,0.008836663,"TWOGAUSSIANS_WITH_ELLIPSOIDAL_ON_ECLIPSE1",9,15.054534,0.7088063,0.009141634,0.26616094,0.07748495,0.50705844,0.095781624,0.20929047,0.008836663,0.2476383,0.12571555,0.49970394,0.036904037
375316653866487564,4053389438742795648,0.5071031,2482.3403102930206,1.5143913246141785,8.054622E-6,17.099005,0.0027387908,0.2700987,0.0037119868,0.053250536,0.0088874195,0.04001713,0.01024248,0.7736881,6.6076196E-4,0.03129846,0.0026223015,0.10665291,0.0062508606,0.022180874,0.0051141074,0.2700987,0.0037119868,"TWOGAUSSIANS_WITH_ELLIPSOIDAL_ON_ECLIPSE1",9,5.315228,0.7736881,6.6076196E-4,0.17527136,0.0146848885,0.15099144,0.008014909,0.2700987,0.0037119868,0.298203,0.04976955,0.08437822,0.0076151
375316653866487564,4053389821004962560,0.57666975,2484.1739735742112,0.32049358765072405,1.5342626E-5,18.243948,0.0028319908,0.29998657,0.032635327,0.03004803,0.020461489,0.04078794,0.03184407,0.80940944,0.0033608712,0.032528188,0.0021022763,0.4356399,0.040176343,null,null,null,null,"TWOGAUSSIANS",8,1.8370585,0.80940944,0.0033608712,0.18215784,0.011772747,0.4356399,0.040176343,0.29998657,0.032635327,0.16826896,0.114584334,0.04078794,0.03184407
