Gaia/vari_eclipsing_binary/VariEclipsingBinary_466498-466513.csv
# %ECSV 1.0
# ---
# delimiter: ','
# meta: !!omap
# - RELEASE: Gaia DR3
# - TABLE: vari_eclipsing_binary
# - DESCRIPTION: >
#     This table describes the properties of the eclipsing binaries resulting from the variability analysis. 
# - CITATION: >
#     How to cite and acknowledge Gaia: 
#     https://gea.esac.esa.int/archive/documentation/credits.html 
# - KNOWN_ISSUES: >
#     Known issues: 
#     https://www.cosmos.esa.int/web/gaia-users/known-issues 
# - DOCUMENTATION: >
#     Tutorials and documentation: 
#     https://www.cosmos.esa.int/web/gaia-users/archive 
# datatype:
# - 
#   name: solution_id
#   datatype: int64
#   description: Solution Identifier
#   meta:
#     ucd: meta.version
# - 
#   name: source_id
#   datatype: int64
#   description: Unique source identifier
#   meta:
#     ucd: meta.id;meta.main
# - 
#   name: global_ranking
#   datatype: float32
#   description: Number between 0 (worst) and 1 (best)
#   meta:
#     ucd: stat.param
# - 
#   name: reference_time
#   datatype: float64
#   unit: d
#   description: Reference time used for the geometric model fit
#   meta:
#     ucd: time.epoch
# - 
#   name: frequency
#   datatype: float64
#   unit: d**-1
#   description: Frequency of geometric model of the eclipsing binary light curve
#   meta:
#     ucd: src.orbital
# - 
#   name: frequency_error
#   datatype: float32
#   unit: d**-1
#   description: "Uncertainty of \\texttt{frequency}"
#   meta:
#     ucd: stat.error
# - 
#   name: geom_model_reference_level
#   datatype: float32
#   unit: mag
#   description: Magnitude reference level of geometric model
#   meta:
#     ucd: phot.mag;em.opt
# - 
#   name: geom_model_reference_level_error
#   datatype: float32
#   unit: mag
#   description: "Uncertainty of \\texttt{geomModelReferenceLevel}"
#   meta:
#     ucd: stat.error;phot.mag;em.opt
# - 
#   name: geom_model_gaussian1_phase
#   datatype: float32
#   description: Phase of the Gaussian 1 component
#   meta:
#     ucd: time.phase
# - 
#   name: geom_model_gaussian1_phase_error
#   datatype: float32
#   description: "Uncertainty of \\texttt{geomModelGaussian1Phase}"
#   meta:
#     ucd: stat.error;time.phase
# - 
#   name: geom_model_gaussian1_sigma
#   datatype: float32
#   description: "Standard deviation [phase] of Gaussian 1 component"
#   meta:
#     ucd: stat.stdev
# - 
#   name: geom_model_gaussian1_sigma_error
#   datatype: float32
#   description: "Uncertainty of \\texttt{geomModelGaussian1Sigma}"
#   meta:
#     ucd: stat.error
# - 
#   name: geom_model_gaussian1_depth
#   datatype: float32
#   unit: mag
#   description: Magnitude depth of Gaussian 1 component
#   meta:
#     ucd: src.var.amplitude
# - 
#   name: geom_model_gaussian1_depth_error
#   datatype: float32
#   unit: mag
#   description: "Uncertainty of \\texttt{geomModelGaussian1Depth}"
#   meta:
#     ucd: stat.error;src.var.amplitude
# - 
#   name: geom_model_gaussian2_phase
#   datatype: float32
#   description: Phase of Gaussian 2 component
#   meta:
#     ucd: time.phase
# - 
#   name: geom_model_gaussian2_phase_error
#   datatype: float32
#   description: "Uncertainty of \\texttt{geomModelGaussian2Phase}"
#   meta:
#     ucd: stat.error;time.phase
# - 
#   name: geom_model_gaussian2_sigma
#   datatype: float32
[...]
#   datatype: float32
#   description: "Secondary eclipse: uncertainty of \\texttt{derivedSecondaryEclDuration}"
#   meta:
#     ucd: stat.error;time.duration
# - 
#   name: derived_secondary_ecl_depth
#   datatype: float32
#   unit: mag
#   description: "Secondary eclipse: depth"
#   meta:
#     ucd: src.var.amplitude
# - 
#   name: derived_secondary_ecl_depth_error
#   datatype: float32
#   unit: mag
#   description: "Secondary eclipse: uncertainty of \\texttt{derivedSecondaryEclDepth}"
#   meta:
#     ucd: stat.error;src.var.amplitude
solution_id,source_id,global_ranking,reference_time,frequency,frequency_error,geom_model_reference_level,geom_model_reference_level_error,geom_model_gaussian1_phase,geom_model_gaussian1_phase_error,geom_model_gaussian1_sigma,geom_model_gaussian1_sigma_error,geom_model_gaussian1_depth,geom_model_gaussian1_depth_error,geom_model_gaussian2_phase,geom_model_gaussian2_phase_error,geom_model_gaussian2_sigma,geom_model_gaussian2_sigma_error,geom_model_gaussian2_depth,geom_model_gaussian2_depth_error,geom_model_cosine_half_period_amplitude,geom_model_cosine_half_period_amplitude_error,geom_model_cosine_half_period_phase,geom_model_cosine_half_period_phase_error,model_type,num_model_parameters,reduced_chi2,derived_primary_ecl_phase,derived_primary_ecl_phase_error,derived_primary_ecl_duration,derived_primary_ecl_duration_error,derived_primary_ecl_depth,derived_primary_ecl_depth_error,derived_secondary_ecl_phase,derived_secondary_ecl_phase_error,derived_secondary_ecl_duration,derived_secondary_ecl_duration_error,derived_secondary_ecl_depth,derived_secondary_ecl_depth_error
[from data line 153]
375316653866487564,4103393273386324352,0.52306885,2196.981329993152,0.058252551951637685,4.593336E-5,19.018606,0.087174125,0.55067456,0.015369462,0.18597496,0.05884839,0.40336722,0.07197598,0.9189705,0.034379795,0.024683999,0.011592453,0.64326316,1.1324068,null,null,null,null,"TWOGAUSSIANS",8,4.121037,0.9189705,0.034379795,0.1382304,0.064917736,0.6795548,1.1468508,0.55067456,0.015369462,0.4,0.0,0.38163278,0.028351624
375316653866487564,4103393372148087424,0.5096818,2235.3514922976956,3.781949106966213,1.078769E-4,17.7074,0.0130176265,0.24834242,0.01266307,0.086347856,0.019591592,0.08751366,0.013308455,0.7495635,0.026735114,0.068658315,0.024264773,0.10074602,0.017371645,null,null,null,null,"TWOGAUSSIANS",8,3.7101386,0.7495635,0.026735114,0.38448656,0.13112381,0.09975489,0.016053166,0.24834242,0.01266307,0.4,0.0,0.08652252,0.012047717
375316653866487564,4103393617036275328,0.54836166,2284.46811987718,0.04798871934368898,4.1758325E-5,19.276999,0.25110245,0.14234066,0.013626401,0.09862385,0.025547309,0.75709164,0.25264573,0.6423634,0.004010233,0.11467002,0.034596343,0.81236756,0.22124799,null,null,null,null,"TWOGAUSSIANS",8,2.1540875,0.6423634,0.004010233,0.4,0.0,0.7119188,0.13406353,0.14234066,0.013658776,0.4,0.0,0.65675974,0.09201871
375316653866487564,4103393681385864576,0.6572128,2260.1951742811575,1.681482010094357,1.03733855E-5,17.964024,0.017600957,0.21445993,0.0061870087,0.09519775,0.023750864,0.22338974,0.047027122,0.7081344,0.0023229956,0.08762175,0.0055344612,0.30124044,0.017967552,null,null,null,null,"TWOGAUSSIANS",8,1.0153422,0.7081344,0.0023229956,0.4,0.0,0.29014456,0.011050551,0.21445993,0.0061870087,0.4,0.0,0.21229343,0.058438607
375316653866487564,4103393784465241856,0.69528824,2238.9610573441805,1.279065637323805,3.3704473E-5,15.881724,6.8595546E-4,0.21625957,0.01889661,0.04711736,0.009391719,0.15135092,0.014976923,0.69125104,0.0031301633,0.05403881,0.001660693,0.17731026,0.005095195,null,null,null,null,"TWOGAUSSIANS",8,1.5148633,0.69125104,0.0031301633,0.30261734,0.009299881,0.1773098,0.0050952495,0.21625957,0.01889661,0.26385722,0.052593622,0.15135045,0.014974356
375316653866487564,4103393857554484992,0.51174694,2243.056684975809,2.7272631771873495,3.4867255E-5,19.733034,0.0135735115,0.31051457,0.016987368,0.06893978,0.018090196,0.40527946,0.063495845,0.8462941,0.009333434,0.054132253,0.009640758,0.40811583,0.08685228,null,null,null,null,"TWOGAUSSIANS",8,3.6224651,0.8462941,0.009333434,0.30314064,0.053988244,0.40805396,0.08688844,0.31051457,0.016987368,0.3860628,0.09582054,0.4052176,0.063540414
375316653866487564,4103393960581332864,0.52551967,2250.473719517346,2.581240114425466,2.8464465E-5,18.497543,0.017775964,0.19069314,0.0037752348,0.08150313,0.007825198,0.36512077,0.02527659,0.68762475,0.0087309405,0.092915624,0.010447841,0.3106518,0.02807463,null,null,null,null,"TWOGAUSSIANS",8,4.0322113,0.19069314,0.0037752348,0.4,0.0,0.35469505,0.027415585,0.68762475,0.0087309405,0.4,0.0,0.3002258,0.02644505
375316653866487564,4103394132432445440,0.591414,2255.058903763443,0.15368520769351077,9.85679E-5,16.182608,0.0074920524,0.40184838,6.40317E-4,0.0148496125,0.0015802355,0.4237088,0.2644317,0.76114404,0.10858053,0.047096673,0.17007571,0.010073038,0.013842562,0.009622508,0.006382387,0.40184838,6.40317E-4,"TWOGAUSSIANS_WITH_ELLIPSOIDAL_ON_ECLIPSE1",9,5.395765,0.40184838,6.354403E-4,0.08315783,0.008849319,0.44295377,0.26556352,0.794534,0.043819368,0.26374137,0.2603982,0.01957799,0.014069241
375316653866487564,4103394338538660736,0.5021077,2249.6117888781177,0.13942067718340923,4.9929124E-5,19.732296,0.045657795,0.23623462,0.019145982,0.10297402,0.033933472,0.20584239,0.054252017,0.692859,0.01107876,0.081872694,0.018201059,0.77186674,0.36003515,null,null,null,null,"TWOGAUSSIANS",8,0.8070063,0.692859,0.01107876,0.4,0.0,0.7624782,0.38303164,0.23623462,0.019139089,0.4,0.0,0.19644272,0.03955922
375316653866487564,4103394407258472192,0.46439332,2277.4073183462633,1.7390295197598178,9.4311436E-5,18.730186,0.008675626,0.16362554,0.01004806,0.027668385,0.010087919,0.07070622,0.014530808,0.49628016,0.0123142935,0.09789268,0.011519114,0.14311722,0.014963998,null,null,null,null,"TWOGAUSSIANS",8,1.993884,0.49628016,0.0123142935,0.4,0.0,0.1431166,0.014964001,0.16379555,0.010254541,0.15494296,0.056492347,0.071151726,0.014675156
375316653866487564,4103394471660019072,0.47516558,2304.7157844654575,0.5319878710616692,5.434784E-5,19.080421,0.034679953,0.28511882,0.0065954006,0.06283932,0.015791483,0.20458539,0.027750032,0.7516727,0.022626953,0.118157946,0.043762088,0.14635222,0.05213088,null,null,null,null,"TWOGAUSSIANS",8,1.7665828,0.28514883,0.006650455,0.3519002,0.08210272,0.20062985,0.020738665,0.7516727,0.022626953,0.4,0.0,0.14233091,0.04785686
375316653866487564,4103394579056538752,0.51764655,2248.7740520745724,2.423500171717164,2.575603E-5,18.75764,0.023009798,0.26812208,0.010890962,0.082231104,0.015281707,0.34533387,0.051139947,0.77523124,0.0051260064,0.091078125,0.012182582,0.30406013,0.042322006,null,null,null,null,"TWOGAUSSIANS",8,6.8123326,0.26812208,0.010890962,0.4,0.0,0.33641893,0.052385855,0.77523124,0.0051260064,0.4,0.0,0.29514498,0.043879896
375316653866487564,4103394780897830016,0.6113674,2232.35877103422,2.203743704539935,1.0981345E-5,17.842165,0.029505743,0.2683137,0.007410224,0.1212128,0.04882466,0.14029422,0.029420927,0.7518656,0.0023530622,0.08956436,0.00561298,0.2894201,0.025109593,null,null,null,null,"TWOGAUSSIANS",8,2.0128055,0.7518656,0.0023530622,0.4,0.0,0.27118993,0.009099589,0.2683137,0.007410224,0.4,0.0,0.12199903,0.044390775
375316653866487564,4103394987072586496,0.54588175,2276.0400197580984,2.674380291783468,2.4749657E-5,18.28113,0.006545493,0.3172078,0.0023284305,0.07895992,0.0042052963,0.19732888,0.010073213,0.7914123,0.008370302,0.061992437,0.008018746,0.2131778,0.029748589,null,null,null,null,"TWOGAUSSIANS",8,1.7742074,0.7914123,0.008370302,0.34715766,0.04490498,0.21279252,0.029708285,0.3172078,0.0023284305,0.4,0.0,0.19694361,0.009957767
375316653866487564,4103395231883706624,0.5096921,2232.2977426611765,2.9165981317024494,1.5386955E-5,18.533615,0.057314772,0.33898905,0.0050395997,0.096816,0.024844488,0.30585843,0.04203645,0.8317708,0.0067717615,0.098967254,0.023477942,0.28075373,0.05324565,null,null,null,null,"TWOGAUSSIANS",8,6.2070475,0.33898905,0.0050408016,0.4,0.0,0.28543445,0.02630411,0.8317708,0.0067717615,0.4,0.0,0.2603291,0.032215774
375316653866487564,4103395575480594432,0.5217638,2223.9658134748192,3.0586716173799084,3.320878E-5,19.625523,0.020900778,0.12792818,0.008501786,0.058202006,0.008959434,0.49388218,0.056776125,0.62494683,0.0095593985,0.08107635,0.009366581,0.46949372,0.038284466,null,null,null,null,"TWOGAUSSIANS",8,4.7024674,0.12792818,0.008501786,0.32593125,0.050172832,0.49249113,0.05708717,0.62494683,0.0095593985,0.4,0.0,0.46810266,0.037990626
375316653866487564,4103395639889537792,0.53810096,2229.9947804744693,2.2132986572919133,4.502998E-5,18.893465,0.014833603,0.2698844,0.0076284697,0.08082506,0.0055902144,0.40790576,0.044051662,0.77198476,0.0064191967,0.087967426,0.007452523,0.43535662,0.01561069,null,null,null,null,"TWOGAUSSIANS",8,4.6901326,0.77198476,0.0064191967,0.4,0.0,0.42525265,0.010869265,0.2698844,0.0076284697,0.4,0.0,0.39780185,0.04030862
375316653866487564,4103395815999790592,0.5074354,2267.8100698499206,1.333616695209686,2.2757044E-5,18.134794,0.009314226,0.20330521,0.0024834045,0.034226984,0.003935132,0.7484578,0.133575,0.66336554,0.018608969,0.08512302,0.01369,0.14513244,0.045282852,null,null,null,null,"TWOGAUSSIANS",8,19.406815,0.20330521,0.0024834045,0.1916711,0.02203674,0.7484431,0.13358189,0.66336554,0.018608969,0.4,0.0,0.1451177,0.0452852
375316653866487564,4103396361444067328,0.55669034,2280.555364428365,0.7831106814742668,2.641845E-5,18.812191,0.008884968,0.5228308,0.083457634,0.037302926,0.036563575,0.3270092,0.5885041,0.85778666,0.010098046,0.031417005,0.005058796,0.41981998,0.13360438,null,null,null,null,"TWOGAUSSIANS",8,3.3266425,0.85778666,0.010098046,0.17593522,0.028329259,0.41981998,0.13360438,0.5228308,0.083457634,0.20889638,0.20475602,0.3270092,0.5885041
375316653866487564,4103396503195741952,0.6124457,2234.9898656088094,2.871602941145059,4.6736208E-5,19.339798,0.021173764,0.2614639,0.008953102,0.09718765,0.011164401,0.42190614,0.02377796,0.7675066,0.0048118853,0.08191605,0.004923876,0.4210808,0.033606905,null,null,null,null,"TWOGAUSSIANS",8,1.5733764,0.2614639,0.008953102,0.4,0.0,0.40639588,0.015616659,0.7675066,0.0048118853,0.4,0.0,0.4055721,0.030923193
375316653866487564,4103396503195844480,0.4680885,2247.3060850072625,0.6919499201359137,2.7719789E-5,19.305418,0.03307695,0.23543932,0.0044332314,0.024920752,0.0061859866,0.41192496,0.22136098,0.8411552,0.021648237,0.055270795,0.027257258,0.15882398,0.13238977,null,null,null,null,"TWOGAUSSIANS",8,6.6156826,0.23543932,0.0044332314,0.13955621,0.034641527,0.41192496,0.22136098,0.8411552,0.021648237,0.30951643,0.15264064,0.15882398,0.13238977
375316653866487564,4103396674993806848,0.55486494,2287.723188192754,0.6979444458815534,2.8640672E-5,17.839231,0.00394153,0.7270081,0.021638695,0.10336247,0.0421748,0.038207028,0.0272918,0.42540038,0.005499642,0.043921605,0.0035496685,0.14051436,0.026893442,null,null,null,null,"TWOGAUSSIANS",8,1.0287482,0.42561036,0.0052991784,0.245961,0.019878143,0.1410556,0.027085362,0.7270081,0.021638695,0.4,0.0,0.038205605,0.027321268
375316653866487564,4103396778073014016,0.49498224,2265.9023089881393,0.05834657309515053,1.1595225E-4,19.468233,0.042390853,0.3934814,0.006851246,0.032866072,0.0102109015,0.17830348,0.045872573,0.5971351,0.060940187,0.15735222,0.08525897,0.19391437,0.0459953,null,null,null,null,"TWOGAUSSIANS",8,3.9129214,0.3977514,0.008565969,0.18405,0.05718105,0.26120436,0.038838673,0.5971351,0.060940187,0.4,0.0,0.19142498,0.04818302
375316653866487564,4103396846792856704,0.46262532,2267.5059222066557,0.06787818122827204,5.7080448E-5,19.620768,0.040782925,0.3128045,0.01457894,0.060689308,0.016601864,0.28009903,0.06199822,0.8203322,0.02178363,0.080388576,0.042916786,0.23123312,0.111005105,null,null,null,null,"TWOGAUSSIANS",8,3.4100907,0.3128045,0.01457894,0.3398601,0.084830046,0.27933085,0.061082374,0.8203322,0.02178363,0.4,0.11921753,0.23046494,0.11197623
375316653866487564,4103397460955969408,0.49416944,2176.593118084309,1.592743391355983,3.2641685E-5,17.06989,0.020148871,0.29566365,0.0057634446,0.0961838,0.010320366,0.21917695,0.019276028,0.79630256,0.019513955,0.09460565,0.029160364,0.17283341,0.03388356,null,null,null,null,"TWOGAUSSIANS",8,19.089884,0.29566365,0.0057634446,0.4,0.0,0.20673142,0.0080928225,0.79630256,0.019513955,0.4,0.019378876,0.16038817,0.039950356
375316653866487564,4103397499626954880,0.5170549,2190.2953006445596,2.425830331181447,2.835912E-5,18.7519,0.075429074,0.24649516,0.007206035,0.0896609,0.025721163,0.18821847,0.071553126,0.73141074,0.008369736,0.12784794,0.046137866,0.22185953,0.06147404,null,null,null,null,"TWOGAUSSIANS",8,1.7085956,0.73141074,0.008369736,0.4,0.0,0.19715467,0.020928903,0.24661516,0.007697125,0.4,0.0,0.16374676,0.020869115
375316653866487564,4103397534046957312,0.49025577,2251.12006732663,2.879869059420605,2.4575678E-5,17.694452,0.047886014,0.23962335,0.010030217,0.070345335,0.013142581,0.5005342,0.057099164,0.71695787,0.0057734037,0.08838837,0.013367453,0.49409428,0.053987555,null,null,null,null,"TWOGAUSSIANS",8,42.868225,0.23962335,0.010030217,0.3939339,0.057683434,0.49617022,0.05477128,0.71695787,0.0057734037,0.4,0.0,0.4897301,0.05303459
375316653866487564,4103397602766429696,0.6562393,2191.1094978736255,3.705181961333886,1.4224864E-5,17.328508,0.028191801,0.3459919,0.004374075,0.047472816,0.007572601,0.5119648,0.06933902,0.8440559,0.0043718717,0.046417933,0.008421899,0.46465412,0.06420304,0.13483489,0.038877215,0.3459919,0.004374075,"TWOGAUSSIANS_WITH_ELLIPSOIDAL_ON_ECLIPSE1",9,15.062565,0.3459919,0.004374075,0.26584777,0.042406566,0.78163373,0.029547542,0.8442259,0.003870027,0.25994045,0.047162633,0.7342868,0.02251497
375316653866487564,4103397804553685504,0.55260235,2258.8184841473303,0.5992641026928208,5.1068346E-5,16.337801,0.0027717147,0.31847548,0.011939423,0.06749799,0.00459345,0.32102135,0.037558116,0.69227064,0.014809916,0.06344832,0.008700324,0.07302458,0.018119738,null,null,null,null,"TWOGAUSSIANS",8,13.242925,0.31847548,0.011939423,0.37798876,0.025723321,0.321018,0.037556857,0.69227064,0.014809916,0.35531056,0.048721816,0.07302129,0.0181201
375316653866487564,4103397873273301376,0.5765325,2176.0436120298536,1.9121417089371298,1.422624E-5,17.173847,0.014351356,0.32989123,0.0042307363,0.10288753,0.010464793,0.27458462,0.02197648,0.8453939,0.001934339,0.09822767,0.0054798285,0.20139788,0.014705871,null,null,null,null,"TWOGAUSSIANS",8,3.021586,0.32989123,0.0042307363,0.4,0.0,0.25694653,0.025374541,0.8454039,0.001935483,0.4,0.0,0.1837637,0.007845943
375316653866487564,4103398010712173440,0.5662805,2219.1052515200026,0.06241087066456499,1.049148E-5,17.078482,0.0027505928,0.39060453,4.9578343E-6,0.0033224877,7.306747E-5,0.15544678,0.0018467807,0.84171206,6.951229E-5,0.016652307,3.8507325E-4,0.16552424,0.0025016211,null,null,null,null,"TWOGAUSSIANS",8,4.8489017,0.84171206,6.951229E-5,0.09325291,0.0021564101,0.16552424,0.0025016211,0.39060453,4.9578343E-6,0.018605933,4.0917785E-4,0.15544678,0.0018467807
375316653866487564,4103398285589860096,0.6938336,2235.3308740859998,1.9725505616736365,3.4522898E-6,13.6374035,0.009490989,0.23211797,0.0017401895,0.06012683,0.008910695,0.08754138,0.020440081,0.73684436,0.0023794225,0.067343414,0.0034669451,0.1925187,0.020230584,0.08198189,0.01064632,0.23211797,0.0017401895,"TWOGAUSSIANS_WITH_ELLIPSOIDAL_ON_ECLIPSE1",9,22.752165,0.73684436,0.0023794225,0.37712312,0.019414892,0.35617393,0.0030590442,0.23211797,0.0017401895,0.33671024,0.049899895,0.25134116,0.007115714
375316653866487564,4103398358680792320,0.47554478,2211.8029169993792,2.3023190977916754,1.5693873E-5,19.338663,0.37231618,0.24413691,0.0055571706,0.18285654,0.060468227,0.57697177,0.3616275,0.75989836,0.012846679,0.15381573,0.032537263,0.62969804,0.34144312,null,null,null,null,"TWOGAUSSIANS",8,2.4430757,0.7638584,0.008980894,0.4,0.0,0.28998783,0.0393979,0.24131691,0.003104115,0.4,0.0,0.21575274,0.010917259
375316653866487564,4103398972785236864,0.501634,2238.058297437093,2.6046566680000005,1.0009511E-5,18.453344,0.021373294,0.38102737,3.3878436E-4,0.03123049,0.0010573628,2.0315986,0.16147003,0.6268744,0.05919978,0.20001996,0.06142228,0.061122894,0.021175079,null,null,null,null,"TWOGAUSSIANS",8,11.54238,0.38110736,3.3229758E-4,0.17489076,0.005921231,2.0549996,0.15896854,0.6268744,0.05919978,0.4,0.0,0.055748876,0.014925024
375316653866487564,4103399213303534208,0.51977617,2176.793825129767,1.084112785468499,6.511026E-5,17.863134,0.008740983,0.3943975,0.041698,0.019490242,0.06335573,1.3564471,1.4514457,0.8879762,0.008134564,0.028905395,0.008216326,0.07365095,0.0152347395,null,null,null,null,"TWOGAUSSIANS",8,10.610869,0.3943975,0.041698,0.10914536,0.27533466,1.3564471,1.4514483,0.8879762,0.008134564,0.16187021,0.046011426,0.07365095,0.015234191
375316653866487564,4103399694339044480,0.6401474,2229.2125291706157,2.1623372043855955,1.1797593E-5,16.237411,0.005137359,0.30021518,0.05770523,0.030822918,0.03407296,0.1929924,0.36243498,0.79120815,0.002196043,0.04912904,0.005518483,0.123015404,0.011093992,0.096411966,0.0063225958,0.79120815,0.002196043,"TWOGAUSSIANS_WITH_ELLIPSOIDAL_ON_ECLIPSE2",9,8.899276,0.2995852,0.0530436,0.17260833,0.19080858,0.3852418,0.3494801,0.79120815,0.002196043,0.2751226,0.030903505,0.31583884,0.0047505274
