Gaia/vari_eclipsing_binary/VariEclipsingBinary_104417-106070.csv
# %ECSV 1.0
# ---
# delimiter: ','
# meta: !!omap
# - RELEASE: Gaia DR3
# - TABLE: vari_eclipsing_binary
# - DESCRIPTION: >
#     This table describes the properties of the eclipsing binaries resulting from the variability analysis. 
# - CITATION: >
#     How to cite and acknowledge Gaia: 
#     https://gea.esac.esa.int/archive/documentation/credits.html 
# - KNOWN_ISSUES: >
#     Known issues: 
#     https://www.cosmos.esa.int/web/gaia-users/known-issues 
# - DOCUMENTATION: >
#     Tutorials and documentation: 
#     https://www.cosmos.esa.int/web/gaia-users/archive 
# datatype:
# - 
#   name: solution_id
#   datatype: int64
#   description: Solution Identifier
#   meta:
#     ucd: meta.version
# - 
#   name: source_id
#   datatype: int64
#   description: Unique source identifier
#   meta:
#     ucd: meta.id;meta.main
# - 
#   name: global_ranking
#   datatype: float32
#   description: Number between 0 (worst) and 1 (best)
#   meta:
#     ucd: stat.param
# - 
#   name: reference_time
#   datatype: float64
#   unit: d
#   description: Reference time used for the geometric model fit
#   meta:
#     ucd: time.epoch
# - 
#   name: frequency
#   datatype: float64
#   unit: d**-1
#   description: Frequency of geometric model of the eclipsing binary light curve
#   meta:
#     ucd: src.orbital
# - 
#   name: frequency_error
#   datatype: float32
#   unit: d**-1
#   description: "Uncertainty of \\texttt{frequency}"
#   meta:
#     ucd: stat.error
# - 
#   name: geom_model_reference_level
#   datatype: float32
#   unit: mag
#   description: Magnitude reference level of geometric model
#   meta:
#     ucd: phot.mag;em.opt
# - 
#   name: geom_model_reference_level_error
#   datatype: float32
#   unit: mag
#   description: "Uncertainty of \\texttt{geomModelReferenceLevel}"
#   meta:
#     ucd: stat.error;phot.mag;em.opt
# - 
#   name: geom_model_gaussian1_phase
#   datatype: float32
#   description: Phase of the Gaussian 1 component
#   meta:
#     ucd: time.phase
# - 
#   name: geom_model_gaussian1_phase_error
#   datatype: float32
#   description: "Uncertainty of \\texttt{geomModelGaussian1Phase}"
#   meta:
#     ucd: stat.error;time.phase
# - 
#   name: geom_model_gaussian1_sigma
#   datatype: float32
#   description: "Standard deviation [phase] of Gaussian 1 component"
#   meta:
#     ucd: stat.stdev
# - 
#   name: geom_model_gaussian1_sigma_error
#   datatype: float32
#   description: "Uncertainty of \\texttt{geomModelGaussian1Sigma}"
#   meta:
#     ucd: stat.error
# - 
#   name: geom_model_gaussian1_depth
#   datatype: float32
#   unit: mag
#   description: Magnitude depth of Gaussian 1 component
#   meta:
#     ucd: src.var.amplitude
# - 
#   name: geom_model_gaussian1_depth_error
#   datatype: float32
#   unit: mag
#   description: "Uncertainty of \\texttt{geomModelGaussian1Depth}"
#   meta:
#     ucd: stat.error;src.var.amplitude
# - 
#   name: geom_model_gaussian2_phase
#   datatype: float32
#   description: Phase of Gaussian 2 component
#   meta:
#     ucd: time.phase
# - 
#   name: geom_model_gaussian2_phase_error
#   datatype: float32
#   description: "Uncertainty of \\texttt{geomModelGaussian2Phase}"
#   meta:
#     ucd: stat.error;time.phase
# - 
#   name: geom_model_gaussian2_sigma
#   datatype: float32
[...]
#   datatype: float32
#   description: "Secondary eclipse: uncertainty of \\texttt{derivedSecondaryEclDuration}"
#   meta:
#     ucd: stat.error;time.duration
# - 
#   name: derived_secondary_ecl_depth
#   datatype: float32
#   unit: mag
#   description: "Secondary eclipse: depth"
#   meta:
#     ucd: src.var.amplitude
# - 
#   name: derived_secondary_ecl_depth_error
#   datatype: float32
#   unit: mag
#   description: "Secondary eclipse: uncertainty of \\texttt{derivedSecondaryEclDepth}"
#   meta:
#     ucd: stat.error;src.var.amplitude
solution_id,source_id,global_ranking,reference_time,frequency,frequency_error,geom_model_reference_level,geom_model_reference_level_error,geom_model_gaussian1_phase,geom_model_gaussian1_phase_error,geom_model_gaussian1_sigma,geom_model_gaussian1_sigma_error,geom_model_gaussian1_depth,geom_model_gaussian1_depth_error,geom_model_gaussian2_phase,geom_model_gaussian2_phase_error,geom_model_gaussian2_sigma,geom_model_gaussian2_sigma_error,geom_model_gaussian2_depth,geom_model_gaussian2_depth_error,geom_model_cosine_half_period_amplitude,geom_model_cosine_half_period_amplitude_error,geom_model_cosine_half_period_phase,geom_model_cosine_half_period_phase_error,model_type,num_model_parameters,reduced_chi2,derived_primary_ecl_phase,derived_primary_ecl_phase_error,derived_primary_ecl_duration,derived_primary_ecl_duration_error,derived_primary_ecl_depth,derived_primary_ecl_depth_error,derived_secondary_ecl_phase,derived_secondary_ecl_phase_error,derived_secondary_ecl_duration,derived_secondary_ecl_duration_error,derived_secondary_ecl_depth,derived_secondary_ecl_depth_error
[from data line 220]
375316653866487564,924112482032043520,0.44474295,2138.8645094922217,4.089599133478912,5.539433E-5,17.704506,0.15574491,0.3177722,0.051698145,0.15199375,0.08258471,0.16149369,0.12822184,0.7178145,0.026009744,0.12602341,0.04730821,0.22611314,0.12743875,null,null,null,null,"TWOGAUSSIANS",8,16.171083,0.7178145,0.026009744,0.4,0.0,0.19506364,0.032153945,0.32382223,0.039428264,0.4,0.0,0.12690006,0.038311545
375316653866487564,924139527441852288,0.5938511,2165.8779107416494,2.189892510844235,7.979724E-6,14.065522,0.014006068,0.1947271,0.00305735,0.050173778,0.01119415,0.15307312,0.027845971,0.69475484,0.0042906874,0.050406177,0.0051709,0.35147932,0.050485257,0.024144262,0.020514494,0.1947271,0.00305735,"TWOGAUSSIANS_WITH_ELLIPSOIDAL_ON_ECLIPSE1",9,173.66463,0.69475484,0.0042735897,0.28227457,0.028957041,0.39976555,0.041646514,0.1947271,0.00305735,0.28097317,0.06268724,0.20135935,0.021107728
375316653866487564,924160452522472320,0.6321544,2163.0876732516563,3.1896399847326737,5.1721513E-6,14.859328,0.008006953,0.32310808,0.0021482587,0.04621574,0.0034259332,0.33536607,0.019272665,0.8200813,0.0019458164,0.031491563,0.003996153,0.28466117,0.03880881,0.13502416,0.010538076,0.32310808,0.0021482587,"TWOGAUSSIANS_WITH_ELLIPSOIDAL_ON_ECLIPSE1",9,129.9604,0.32310808,0.0021482587,0.25880814,0.019185226,0.6054142,0.010205424,0.82029134,0.0017930903,0.17635275,0.022378456,0.5546184,0.052096784
375316653866487564,924160624321162112,0.54838747,2130.98596331986,2.946253090420591,1.720211E-5,16.624598,0.0070136725,0.27301902,0.005824025,0.091607004,0.006565221,0.17761831,0.009141856,0.7658187,0.0050185756,0.088035814,0.0076992377,0.19743432,0.012484423,null,null,null,null,"TWOGAUSSIANS",8,6.958073,0.7658187,0.0050185756,0.4,0.0,0.19048753,0.012782656,0.27301902,0.005824025,0.4,0.0,0.17067145,0.008831173
375316653866487564,924185500771670528,0.45778123,2155.8116330241064,1.089978282979189,2.9484114E-5,14.404962,0.005808708,0.21465363,0.009470058,0.06275734,0.012306505,0.08872009,0.009167277,0.7040755,0.024531465,0.055009503,0.031337935,0.122844085,0.05330813,null,null,null,null,"TWOGAUSSIANS",8,228.354,0.7040755,0.024531465,0.30805323,0.13718878,0.12282703,0.05338045,0.21465363,0.009470058,0.35144114,0.06891643,0.08870304,0.009119622
375316653866487564,924211236215700224,0.547905,2113.500252885905,2.323404290519181,2.9055589E-6,15.289186,0.010764436,0.20880005,6.958587E-4,0.032304116,0.0024714528,0.48263076,0.023642773,0.7057751,0.0017466749,0.03768002,0.002936004,0.54329515,0.022391738,0.0068326606,0.022797879,0.20880005,6.958587E-4,"TWOGAUSSIANS_WITH_ELLIPSOIDAL_ON_ECLIPSE1",9,296.63452,0.7057851,0.001749918,0.21100812,0.016441623,0.5569555,0.024714898,0.20880005,6.958587E-4,0.18090305,0.013840136,0.49629605,0.027052218
375316653866487564,924211511093607040,0.5305269,2129.462714338542,4.538632313765905,1.0206314E-5,16.242706,0.021687156,0.22155473,0.0045874054,0.10722433,0.013447643,0.18127024,0.020026317,0.72426206,0.003300052,0.10720414,0.010213637,0.22049628,0.019544315,null,null,null,null,"TWOGAUSSIANS",8,17.836027,0.72426206,0.0032991439,0.4,0.0,0.19492131,0.007998489,0.22155473,0.0045909043,0.4,0.0,0.15569673,0.008442033
375316653866487564,924227007335883520,0.45305017,2165.8644314332746,2.4268180658129768,3.070877E-5,14.583611,0.53903025,0.25435683,0.015194946,0.23986724,0.20161593,0.30134547,0.527914,0.7511343,0.009837871,0.12614217,0.041213498,0.23601227,0.20246872,null,null,null,null,"TWOGAUSSIANS",8,201.74341,0.7511343,0.0090708835,0.4,0.0,0.09956825,0.008775741,0.25446683,0.015750935,0.4,0.0,0.0965268,0.024293613
375316653866487564,924240888670198528,0.55570453,2146.6705408641365,4.766967611828362,1.400505E-5,14.001206,0.004890821,0.18350098,0.012967789,0.017283829,0.02029332,0.5798991,0.035503935,0.56834525,2.2733044E-4,0.009592038,2.911228E-4,0.5422404,0.0049126167,null,null,null,null,"TWOGAUSSIANS",8,433.09628,0.18350098,0.012967789,0.09678944,0.11364259,0.5798991,0.035503935,0.56834525,2.2733044E-4,0.05371541,0.0016302876,0.5422404,0.0049126167
375316653866487564,924242430562956160,0.59492254,2106.8511274325615,4.119562136337033,1.9022618E-5,16.675987,0.03824393,0.26187035,0.005167802,0.048559144,0.010398779,0.31887984,0.08440898,0.7628431,0.0036302018,0.059799865,0.012628756,0.38802862,0.0532163,0.078876905,0.041268963,0.26187035,0.005167802,"TWOGAUSSIANS_WITH_ELLIPSOIDAL_ON_ECLIPSE1",9,42.972813,0.7628431,0.0033756674,0.33487925,0.07072104,0.54571855,0.037198383,0.26187035,0.005167802,0.2719312,0.05823316,0.47657564,0.024431067
375316653866487564,924250092784220544,0.5916227,2102.219820330158,3.047689623495034,7.2395183E-6,19.128561,0.0092284605,0.298556,0.011113254,0.06562705,0.007962555,0.6527416,0.07307297,0.78695077,0.0025350647,0.0669932,0.0030246486,0.58903134,0.029057652,null,null,null,null,"TWOGAUSSIANS",8,2.4022136,0.298556,0.011113254,0.36751148,0.037936646,0.6520143,0.07323446,0.78695077,0.0025350647,0.3751619,0.016938033,0.5883041,0.029110968
375316653866487564,924299334585108992,0.5244815,2102.611599066636,2.729862937715743,2.4916344E-5,14.764137,0.015665693,0.27679706,0.004494451,0.10026066,0.010560169,0.14400768,0.015347736,0.78399795,0.0076055843,0.09711476,0.018046739,0.13491473,0.0137429545,null,null,null,null,"TWOGAUSSIANS",8,83.07459,0.27679706,0.004492745,0.4,0.0,0.13373995,0.008983717,0.78399795,0.0076128305,0.4,0.0,0.1246477,0.01248146
375316653866487564,924312803602548096,0.54422545,2120.0764091785272,2.050673297016759,5.8878E-5,11.932243,0.002596869,0.307834,0.0028452554,0.046211023,0.008642459,0.038894195,0.01079166,0.77208084,0.012081371,0.021686073,0.023058187,0.09519353,0.029009098,0.0037140034,0.0041784807,0.307834,0.0028452554,"TWOGAUSSIANS_WITH_ELLIPSOIDAL_ON_ECLIPSE1",9,31.988735,0.77218086,0.012011236,0.12144201,0.12912585,0.10225392,0.035938106,0.307834,0.0028452554,0.25878173,0.048397772,0.046322167,0.010571841
375316653866487564,924340974292122368,0.5540369,2195.822745651643,0.9351858588196742,6.97838E-5,19.81374,0.0055999425,0.4083539,0.007814069,0.03826932,0.0043886327,0.52242666,0.054030735,0.8250379,0.029392874,0.05160388,0.023606889,0.0406032,0.028004464,null,null,null,null,"TWOGAUSSIANS",8,1.1774713,0.4083539,0.007814069,0.21430819,0.024576344,0.52242666,0.054030735,0.8250379,0.029392874,0.28898174,0.13219859,0.0406032,0.028004464
375316653866487564,924387085061697408,0.683566,2049.0768086468693,3.7757480775933594,3.0724325E-6,16.922756,0.0044888523,0.26013362,3.6410827E-4,0.044300627,7.004425E-4,0.45090166,0.01086308,0.7578584,0.0014401458,0.04475457,0.001724844,0.42537454,0.017309964,0.12043007,0.0065050717,0.26013362,3.6410827E-4,"TWOGAUSSIANS_WITH_ELLIPSOIDAL_ON_ECLIPSE1",9,5.3155913,0.26013362,3.6410827E-4,0.24808352,0.003922478,0.69176155,0.0033889236,0.7580484,0.0013263228,0.25062558,0.009659126,0.66618925,0.016050529
375316653866487564,924410763217350272,0.44130892,2132.987559387499,2.5460322142953222,6.274109E-5,18.129292,0.012224622,0.27130026,0.012998566,0.07891129,0.031904176,0.110299334,0.02186561,0.73758054,0.02409311,0.075298004,0.021984193,0.0915687,0.018748967,null,null,null,null,"TWOGAUSSIANS",8,11.195939,0.27130026,0.012998566,0.4,0.0062376135,0.10979478,0.023940444,0.73758054,0.02409311,0.4,0.08430496,0.09106415,0.01770685
375316653866487564,924430898023899776,0.4296872,2065.1899527057985,1.4809443995956784,2.9951747E-5,16.058754,0.0071758362,0.21744226,0.009442527,0.06958125,0.013310652,0.087421104,0.011270387,0.69784117,0.027749123,0.052134417,0.023982594,0.067768805,0.03470488,null,null,null,null,"TWOGAUSSIANS",8,58.818794,0.21744226,0.009442527,0.389655,0.053081475,0.087403975,0.011258274,0.69784117,0.027749123,0.29195273,0.13430253,0.06775168,0.03470918
375316653866487564,924432478571841664,0.5291645,2102.2327422243147,4.49065184283994,1.376575E-5,17.97682,0.015332783,0.3091907,0.0073078116,0.0989579,0.013243798,0.1907244,0.016550822,0.81522375,0.0032771523,0.09397839,0.0077312067,0.22148265,0.014065573,null,null,null,null,"TWOGAUSSIANS",8,4.242477,0.81522375,0.0032771523,0.4,0.0,0.20833825,0.0070147095,0.3091907,0.0073078116,0.4,0.0,0.1775792,0.012333424
375316653866487564,924441545247062144,0.6263515,2040.603900991907,3.0340831647519546,3.0833758E-6,18.030457,0.013946493,0.2502959,0.0017261746,0.04933968,0.004508129,0.2739658,0.028048387,0.7499337,9.58239E-4,0.049129147,0.0043781647,0.21162912,0.028537793,0.09790837,0.01613565,0.2502959,0.0017261746,"TWOGAUSSIANS_WITH_ELLIPSOIDAL_ON_ECLIPSE1",9,3.6262956,0.2502959,0.0017261746,0.2763022,0.025245523,0.46978098,0.013268135,0.74998367,7.1881176E-4,0.27512324,0.024517722,0.40744343,0.005946037
375316653866487564,924458278439683200,0.5385539,2021.6571903671622,0.6887469293955896,1.5041373E-5,17.698229,0.0034663624,0.16645685,0.00301075,0.011948441,0.0038547397,0.47795552,2.6486428,0.66363245,0.0012711629,0.013923769,0.0015984003,0.30993313,0.02291263,null,null,null,null,"TWOGAUSSIANS",8,11.716574,0.16645685,0.00301075,0.066911265,0.021586541,0.47795552,2.6486428,0.66363245,0.0012711629,0.077973105,0.008951042,0.30993313,0.02291263
375316653866487564,924477386749817728,0.6786245,2064.271911566001,1.0181175249364833,3.863553E-6,12.223548,0.0021339983,0.21909261,9.354301E-4,0.09395864,0.0013765112,0.22143649,0.0025971916,0.72215694,0.001089701,0.089153185,0.0019093852,0.24165522,0.0024153446,null,null,null,null,"TWOGAUSSIANS",8,25.04821,0.72215694,0.001089701,0.4,0.0,0.2310512,0.0021409895,0.21909261,9.354301E-4,0.4,0.0,0.21083222,0.0023786626
375316653866487564,924492161437432192,0.6240954,2054.835186673922,2.3650022728980566,7.287474E-6,17.18724,0.0027372716,0.23909922,0.0031409224,0.06610061,0.003545332,0.27280128,0.0066538323,0.73984754,0.013417307,0.080202416,0.0074335486,0.13142721,0.012257959,null,null,null,null,"TWOGAUSSIANS",8,2.4887152,0.23909922,0.0031409224,0.37016344,0.019853858,0.2717708,0.0068202103,0.73984754,0.013417307,0.4,0.0,0.13039675,0.011905834
375316653866487564,924525352944324608,0.55448383,2155.706385662683,0.2463671937890235,2.558468E-4,16.880919,0.0011119877,0.8089758,0.004707011,0.020595675,0.0021975734,0.32683647,0.05040153,null,null,null,null,null,null,null,null,null,null,"ONEGAUSSIAN",5,3.751488,0.8089758,0.004707011,0.115335785,0.012306412,0.32683647,0.0,null,null,null,null,null,null
375316653866487564,924552565856856704,0.54372334,2092.1474979702707,2.1096784110786455,1.3302914E-5,14.07775,0.036904667,0.28216675,0.0055875336,0.09791616,0.023456361,0.12100456,0.033041663,0.7785937,0.005419578,0.12711959,0.036625367,0.1064373,0.034409527,null,null,null,null,"TWOGAUSSIANS",8,49.557858,0.28218675,0.0056130425,0.4,0.0,0.10292876,0.007980569,0.7785937,0.005419578,0.4,0.0,0.08826846,0.0057562087
375316653866487564,924577820264673664,0.4483602,2131.3989178035617,0.9425482414915719,6.627847E-5,17.515692,0.008609181,0.34731215,0.021478115,0.047329552,0.04062772,0.07783007,0.14052546,0.91188234,0.0053481827,0.022687426,0.004311597,0.13733876,0.01637128,null,null,null,null,"TWOGAUSSIANS",8,34.757275,0.91188234,0.0053481827,0.12704958,0.024144942,0.13733876,0.01637128,0.34731215,0.021478115,0.2650455,0.22751525,0.07783007,0.14052546
375316653866487564,924612351801663232,0.60114706,2121.152340607528,0.5047355579026738,1.0233747E-6,16.937286,0.002777549,0.38114485,1.3260308E-6,0.004825163,1.5164915E-5,3.851159,0.025840847,0.8238432,0.0038652304,0.035690922,0.003981373,0.07533918,0.004641689,null,null,null,null,"TWOGAUSSIANS",8,9.006823,0.38114485,1.3260308E-6,0.027020913,8.492352E-5,3.851159,0.025840847,0.8238432,0.0038652304,0.19986916,0.022295687,0.07533918,0.004641689
375316653866487564,924646230504926336,0.54418445,2011.677562241999,0.05594236256374575,2.6762977E-5,18.175741,0.0018643781,0.31743693,0.012498771,0.08991477,0.011201425,0.29955903,0.06320731,0.7607198,0.011786759,0.069590196,0.01366716,0.027155166,0.0028471919,null,null,null,null,"TWOGAUSSIANS",8,0.8031891,0.31743693,0.012498771,0.4,0.0,0.2991111,0.06344342,0.7607198,0.011786759,0.38970512,0.058203034,0.026708797,0.0028862373
375316653866487564,924662310862408960,0.54649234,2046.7427746074975,2.3180770604957743,1.5662568E-5,15.914949,0.012899636,0.30710745,0.00786948,0.095165424,0.014539521,0.10908017,0.013013677,0.77752215,0.0026867087,0.1035806,0.007941363,0.17185624,0.012243453,null,null,null,null,"TWOGAUSSIANS",8,12.966347,0.77752215,0.0026867087,0.4,0.0,0.16394481,0.0060097277,0.30712745,0.007858186,0.4,0.0,0.10117427,0.007898714
375316653866487564,924666605829732352,0.55213726,2067.3286897584703,2.0243453400848046,7.0837204E-6,17.810465,0.014875071,0.112055175,0.0060623325,0.04717782,0.008116431,0.18554612,0.03600146,0.6115067,0.0025196064,0.046306364,0.0042219246,0.46422312,0.039282784,0.06827943,0.017067919,0.112055175,0.0060623325,"TWOGAUSSIANS_WITH_ELLIPSOIDAL_ON_ECLIPSE1",9,16.268543,0.61153674,0.0023409037,0.25931564,0.023642777,0.6007799,0.04208094,0.112055175,0.0060623325,0.2641958,0.045452014,0.32210442,0.011333294
375316653866487564,924671171378039808,0.49133322,2057.595545443464,3.2699052145965988,2.0686202E-5,16.88052,0.027455099,0.2524897,0.0052615046,0.099292204,0.020028248,0.12696569,0.025221944,0.73929703,0.0070547205,0.11738391,0.030614043,0.12553313,0.021647204,null,null,null,null,"TWOGAUSSIANS",8,8.838891,0.2525297,0.005300824,0.4,0.0,0.11179073,0.009152233,0.73929703,0.0070547205,0.4,0.0,0.11032713,0.010337738
375316653866487564,924677837167883392,0.45658708,2017.670907801478,0.2631916679486854,8.517823E-6,18.65346,0.0030633346,0.32826996,0.018716818,0.018161157,0.012172339,0.1485559,1.3948756,0.6378401,0.0032537766,0.009683751,0.0016548835,0.046404198,0.0067262435,null,null,null,null,"TWOGAUSSIANS",8,1.8848795,0.32826996,0.018716818,0.10170248,0.06816509,0.1485559,1.3948756,0.6378401,0.0032537766,0.054229006,0.009267348,0.046404198,0.0067262435
375316653866487564,924705844650785024,0.63432336,2016.801029098651,3.3784166148453396,1.1175799E-5,14.979234,6.2859134E-4,0.22144952,1.2554108E-4,0.010218044,1.20359924E-4,0.27100667,0.002097633,null,null,null,null,null,null,null,null,null,null,"ONEGAUSSIAN",5,4.594424,0.22144952,1.2554108E-4,0.057221048,6.740156E-4,0.27100667,0.0,null,null,null,null,null,null
375316653866487564,924737176435359872,0.49259168,2057.5411424269037,3.601490287490519,1.3286425E-5,18.341164,0.21091393,0.2391361,0.006841121,0.1042597,0.03037623,0.36857292,0.17413539,0.76206934,0.013422728,0.14888617,0.07487135,0.2789322,0.20654622,null,null,null,null,"TWOGAUSSIANS",8,7.035103,0.2384761,0.005288935,0.4,0.0,0.2989073,0.019256346,0.7620994,0.013335955,0.4,0.0,0.20704243,0.02308185
375316653866487564,924738795639959424,0.5117337,2067.69020814819,2.1946420960760102,4.5700995E-6,14.074887,0.0060301777,0.23246768,7.886601E-4,0.048327636,0.0021990552,0.2557235,0.016194683,0.7356019,0.008152259,0.04102174,0.008094583,0.28367215,0.09215976,0.12447709,0.0077870195,0.23246768,7.886601E-4,"TWOGAUSSIANS_WITH_ELLIPSOIDAL_ON_ECLIPSE1",9,63.883892,0.7356019,0.008015125,0.22972174,0.045329664,0.5325294,0.09599983,0.23246768,7.886601E-4,0.27063474,0.012314708,0.5046773,0.010601462
375316653866487564,924779443210295680,0.45140564,2022.4121376976466,1.0460517087702004,1.6753293E-5,16.63022,0.004966456,0.3102927,0.0075170123,0.010926928,0.006503853,0.5377485,722.4454,0.8532868,0.008290607,0.060341686,0.0098659415,0.1024715,0.061615985,0.023577191,0.0064536138,0.3102927,0.0075170123,"TWOGAUSSIANS_WITH_ELLIPSOIDAL_ON_ECLIPSE1",9,23.434355,0.3102927,0.0075170123,0.0611908,0.03642158,0.584902,722.4452,0.8532868,0.008290607,0.33791342,0.055249274,0.14626673,0.06091191
