Gaia/vari_eclipsing_binary/VariEclipsingBinary_234463-234557.csv
# %ECSV 1.0
# ---
# delimiter: ','
# meta: !!omap
# - RELEASE: Gaia DR3
# - TABLE: vari_eclipsing_binary
# - DESCRIPTION: >
#     This table describes the properties of the eclipsing binaries resulting from the variability analysis. 
# - CITATION: >
#     How to cite and acknowledge Gaia: 
#     https://gea.esac.esa.int/archive/documentation/credits.html 
# - KNOWN_ISSUES: >
#     Known issues: 
#     https://www.cosmos.esa.int/web/gaia-users/known-issues 
# - DOCUMENTATION: >
#     Tutorials and documentation: 
#     https://www.cosmos.esa.int/web/gaia-users/archive 
# datatype:
# - 
#   name: solution_id
#   datatype: int64
#   description: Solution Identifier
#   meta:
#     ucd: meta.version
# - 
#   name: source_id
#   datatype: int64
#   description: Unique source identifier
#   meta:
#     ucd: meta.id;meta.main
# - 
#   name: global_ranking
#   datatype: float32
#   description: Number between 0 (worst) and 1 (best)
#   meta:
#     ucd: stat.param
# - 
#   name: reference_time
#   datatype: float64
#   unit: d
#   description: Reference time used for the geometric model fit
#   meta:
#     ucd: time.epoch
# - 
#   name: frequency
#   datatype: float64
#   unit: d**-1
#   description: Frequency of geometric model of the eclipsing binary light curve
#   meta:
#     ucd: src.orbital
# - 
#   name: frequency_error
#   datatype: float32
#   unit: d**-1
#   description: "Uncertainty of \\texttt{frequency}"
#   meta:
#     ucd: stat.error
# - 
#   name: geom_model_reference_level
#   datatype: float32
#   unit: mag
#   description: Magnitude reference level of geometric model
#   meta:
#     ucd: phot.mag;em.opt
# - 
#   name: geom_model_reference_level_error
#   datatype: float32
#   unit: mag
#   description: "Uncertainty of \\texttt{geomModelReferenceLevel}"
#   meta:
#     ucd: stat.error;phot.mag;em.opt
# - 
#   name: geom_model_gaussian1_phase
#   datatype: float32
#   description: Phase of the Gaussian 1 component
#   meta:
#     ucd: time.phase
# - 
#   name: geom_model_gaussian1_phase_error
#   datatype: float32
#   description: "Uncertainty of \\texttt{geomModelGaussian1Phase}"
#   meta:
#     ucd: stat.error;time.phase
# - 
#   name: geom_model_gaussian1_sigma
#   datatype: float32
#   description: "Standard deviation [phase] of Gaussian 1 component"
#   meta:
#     ucd: stat.stdev
# - 
#   name: geom_model_gaussian1_sigma_error
#   datatype: float32
#   description: "Uncertainty of \\texttt{geomModelGaussian1Sigma}"
#   meta:
#     ucd: stat.error
# - 
#   name: geom_model_gaussian1_depth
#   datatype: float32
#   unit: mag
#   description: Magnitude depth of Gaussian 1 component
#   meta:
#     ucd: src.var.amplitude
# - 
#   name: geom_model_gaussian1_depth_error
#   datatype: float32
#   unit: mag
#   description: "Uncertainty of \\texttt{geomModelGaussian1Depth}"
#   meta:
#     ucd: stat.error;src.var.amplitude
# - 
#   name: geom_model_gaussian2_phase
#   datatype: float32
#   description: Phase of Gaussian 2 component
#   meta:
#     ucd: time.phase
# - 
#   name: geom_model_gaussian2_phase_error
#   datatype: float32
#   description: "Uncertainty of \\texttt{geomModelGaussian2Phase}"
#   meta:
#     ucd: stat.error;time.phase
# - 
#   name: geom_model_gaussian2_sigma
#   datatype: float32
[...]
#   datatype: float32
#   description: "Secondary eclipse: uncertainty of \\texttt{derivedSecondaryEclDuration}"
#   meta:
#     ucd: stat.error;time.duration
# - 
#   name: derived_secondary_ecl_depth
#   datatype: float32
#   unit: mag
#   description: "Secondary eclipse: depth"
#   meta:
#     ucd: src.var.amplitude
# - 
#   name: derived_secondary_ecl_depth_error
#   datatype: float32
#   unit: mag
#   description: "Secondary eclipse: uncertainty of \\texttt{derivedSecondaryEclDepth}"
#   meta:
#     ucd: stat.error;src.var.amplitude
solution_id,source_id,global_ranking,reference_time,frequency,frequency_error,geom_model_reference_level,geom_model_reference_level_error,geom_model_gaussian1_phase,geom_model_gaussian1_phase_error,geom_model_gaussian1_sigma,geom_model_gaussian1_sigma_error,geom_model_gaussian1_depth,geom_model_gaussian1_depth_error,geom_model_gaussian2_phase,geom_model_gaussian2_phase_error,geom_model_gaussian2_sigma,geom_model_gaussian2_sigma_error,geom_model_gaussian2_depth,geom_model_gaussian2_depth_error,geom_model_cosine_half_period_amplitude,geom_model_cosine_half_period_amplitude_error,geom_model_cosine_half_period_phase,geom_model_cosine_half_period_phase_error,model_type,num_model_parameters,reduced_chi2,derived_primary_ecl_phase,derived_primary_ecl_phase_error,derived_primary_ecl_duration,derived_primary_ecl_duration_error,derived_primary_ecl_depth,derived_primary_ecl_depth_error,derived_secondary_ecl_phase,derived_secondary_ecl_phase_error,derived_secondary_ecl_duration,derived_secondary_ecl_duration_error,derived_secondary_ecl_depth,derived_secondary_ecl_depth_error
[from data line 435]
375316653866487564,2062744080692899328,0.53834397,2198.6758470661944,1.346265290535611,2.5884658E-5,18.860922,0.0058264146,0.19777194,0.0074954177,0.07348184,0.008809827,0.12284241,0.009233066,0.6798875,0.032029305,0.04249454,0.016336558,0.42750528,0.14380907,null,null,null,null,"TWOGAUSSIANS",8,2.250288,0.6798875,0.032029305,0.23796941,0.091484725,0.42748812,0.14351651,0.19777194,0.0074954177,0.4,0.01759606,0.122825235,0.009195036
375316653866487564,2062744870966931072,0.47277296,2216.8478936866627,2.2153663485602992,1.5782083E-5,19.57898,0.03203577,0.21007971,0.0037499645,0.098223425,0.013372109,0.30273068,0.027061766,0.7078037,0.009187461,0.09902274,0.012934107,0.31075498,0.035003256,null,null,null,null,"TWOGAUSSIANS",8,2.1973891,0.7078037,0.009187461,0.4,0.0,0.28678235,0.022549698,0.21007971,0.0037499645,0.4,0.0,0.27875844,0.019565385
375316653866487564,2062744875271875968,0.4899786,2212.5334673427033,2.500690843956792,2.6541558E-5,18.377718,0.038498018,0.17117874,0.007130811,0.11797557,0.024600623,0.18321383,0.033630375,0.66505814,0.005719935,0.104849964,0.019202443,0.19998772,0.03242242,null,null,null,null,"TWOGAUSSIANS",8,3.4593062,0.66505814,0.005719935,0.4,0.0,0.17117393,0.017709875,0.17117874,0.00711873,0.4,0.0,0.15435767,0.011796492
375316653866487564,2062745042765687936,0.5657029,2212.716920611221,0.21994041229528039,2.4148176E-5,17.8886,0.0020250452,0.26647714,0.0019727685,0.018616254,0.001448471,0.25165698,0.015356859,0.7643633,0.012436144,0.018393043,0.00748962,0.30944636,0.09515939,null,null,null,null,"TWOGAUSSIANS",8,3.7832577,0.7643633,0.012436144,0.10300104,0.04194187,0.30944636,0.09515939,0.26647714,0.0019727685,0.10425102,0.008111437,0.25165698,0.015356859
375316653866487564,2062745764320000128,0.47092134,2223.5090716689683,3.151776459130038,1.613193E-5,19.04724,0.020237535,0.2123571,0.006349787,0.07852446,0.015270547,0.1421422,0.018755402,0.7282356,0.010606253,0.07565956,0.014349611,0.1435512,0.023206389,null,null,null,null,"TWOGAUSSIANS",8,1.9861677,0.7282356,0.010606253,0.4,0.02699481,0.14249232,0.020643918,0.2123571,0.006349787,0.4,0.0,0.14108332,0.016078716
375316653866487564,2062746490172682496,0.5064722,2209.3290205658327,0.6050934813276644,2.1518592E-6,19.47639,0.0057281232,0.29549235,0.042994965,0.032269113,0.022022676,0.09311764,0.38955632,0.80230224,6.9534284E-4,0.017602684,0.0012601361,0.44521934,0.019545645,null,null,null,null,"TWOGAUSSIANS",8,2.2880177,0.80230224,6.9534284E-4,0.098575026,0.0070567625,0.44521934,0.019545645,0.29549235,0.042994965,0.18070704,0.12332698,0.09311764,0.38955632
375316653866487564,2062750128007613312,0.52456313,2226.2608102969825,3.60938409538536,1.0532738E-5,19.608463,0.0056568054,0.5998154,0.0024886737,0.0652117,0.001833854,0.6421678,0.026823351,0.8568199,0.0023821834,0.003804862,0.0033852954,0.061545067,0.0027443874,null,null,null,null,"TWOGAUSSIANS",8,1.9845868,0.5998154,0.0024886737,0.36518553,0.010269583,0.6421678,0.026823351,0.8568199,0.0023821834,0.021307228,0.018957654,0.061817273,0.0028133965
375316653866487564,2062751678500076672,0.49543706,2203.7177396322572,0.5358542351202168,9.301377E-6,19.623428,0.0047767307,0.1649806,0.0015078429,0.014528239,0.0032150797,0.34262016,0.22949132,0.66763914,0.013529502,0.015867578,0.008488257,0.44077504,0.19531466,null,null,null,null,"TWOGAUSSIANS",8,1.5484724,0.66763914,0.013529502,0.08885843,0.047534242,0.44077504,0.19531466,0.1649806,0.0015078429,0.081358135,0.018004445,0.34262016,0.22949132
375316653866487564,2062751949073332480,0.46101156,2194.851513092186,2.875536774446409,3.5793742E-5,18.324377,0.025548942,0.2450478,0.0107080415,0.10954219,0.02326266,0.18020058,0.023015967,0.7445946,0.013466469,0.08806731,0.020263238,0.19839089,0.028582178,null,null,null,null,"TWOGAUSSIANS",8,7.9374175,0.7445946,0.013466469,0.4,0.0,0.18329613,0.023398193,0.2450478,0.0107080415,0.4,0.0,0.16509509,0.017882017
375316653866487564,2062753499566225024,0.46786666,2197.2507796449527,1.3598865511362588,1.5246822E-5,18.588663,0.008753249,0.25750437,0.0060919146,0.03266956,0.005408775,0.2864309,0.042858727,0.7567855,0.0024227754,0.037018962,0.0045371447,0.44787863,0.09604329,null,null,null,null,"TWOGAUSSIANS",8,13.624337,0.7567855,0.0024227754,0.20730619,0.025408009,0.44787863,0.09604329,0.25750437,0.0060919146,0.18294953,0.030289141,0.2864309,0.042858727
375316653866487564,2062753774444103040,0.5993429,2221.345741120443,1.5107634980605968,4.273344E-6,17.307346,0.008685532,0.32897756,0.008499174,0.024492927,0.006055741,0.7381648,0.07099832,0.82878095,0.0014154345,0.022747654,0.0018962926,0.6189728,0.018977055,0.016668139,0.011852618,0.32897756,0.008499174,"TWOGAUSSIANS_WITH_ELLIPSOIDAL_ON_ECLIPSE1",9,47.147198,0.32897756,0.008499174,0.13716039,0.03391215,0.771501,0.06060384,0.82878095,0.00141441,0.12738687,0.010619238,0.652309,0.016277203
375316653866487564,2062753976298475008,0.49562675,2199.9905256420457,2.6880810029551485,1.0138825E-5,18.566206,0.018719073,0.18822514,0.003592572,0.092144676,0.012545888,0.2466522,0.020441012,0.6905413,0.004404644,0.09598749,0.012041763,0.2547149,0.021135518,null,null,null,null,"TWOGAUSSIANS",8,3.3631063,0.6905413,0.004404644,0.4,0.0,0.24052092,0.023310045,0.18822514,0.003592572,0.4,0.0,0.2324587,0.025937581
375316653866487564,2062754766571512192,0.5028101,2182.4385624578726,0.7333321552778819,2.8420214E-5,19.34945,0.0034995123,0.4659487,0.01502593,0.042120688,0.015651127,0.071114,0.02847963,0.81755555,0.0036111418,0.0312921,0.003865724,0.35415938,0.02945585,null,null,null,null,"TWOGAUSSIANS",8,1.917655,0.81755555,0.0036111418,0.17523576,0.021648055,0.35415938,0.02945585,0.4659487,0.01502593,0.23587584,0.08764631,0.071114,0.02847963
375316653866487564,2062754972730023296,0.4526334,2200.8784074145274,2.7594221318217205,3.6527887E-5,18.791054,0.27250424,0.23062703,0.011751436,0.124597,0.069098234,0.19136108,0.24764065,0.73910403,0.01027176,0.12045581,0.08222673,0.19096282,0.25752214,null,null,null,null,"TWOGAUSSIANS",8,3.9094117,0.23057702,0.011220092,0.4,0.0,0.14702697,0.013927326,0.739184,0.010331382,0.4,0.0,0.14668284,0.014297329
375316653866487564,2062755011395120640,0.511521,2198.6412325272936,0.1473176139244114,1.6863114E-5,17.66459,0.009590552,0.21208324,0.0016288804,0.016697178,0.0013349327,0.49972418,0.017313395,0.7075159,0.006672172,0.016653473,0.0067644212,0.18911603,1.990829,null,null,null,null,"TWOGAUSSIANS",8,45.905365,0.21208324,0.0016288804,0.0935042,0.0074756234,0.49972418,0.017313395,0.7075159,0.006672172,0.09325944,0.03788076,0.18911603,1.990829
375316653866487564,2062755247607991296,0.6226411,2177.115385955519,0.8089720369567257,1.871913E-5,16.777617,0.0029070526,0.42370465,0.0021478499,0.0385418,0.0022345707,0.64446735,0.017503925,0.7020599,0.01106615,0.010885429,0.0065695257,0.07997831,0.11506525,null,null,null,null,"TWOGAUSSIANS",8,12.906799,0.42370465,0.0021478499,0.21583408,0.012513596,0.64446735,0.017503925,0.7020599,0.01106615,0.060958397,0.036789343,0.07997831,0.11506525
375316653866487564,2062757927668876288,0.51971084,2187.041018123466,2.356989601565375,1.2067156E-5,19.495144,0.026682906,0.2758883,0.00452352,0.0986181,0.010231843,0.36095813,0.023424875,0.77966565,0.004122149,0.10184506,0.009865645,0.361601,0.023421286,null,null,null,null,"TWOGAUSSIANS",8,1.6217787,0.77966565,0.004122149,0.4,0.0,0.330883,0.012507631,0.2758883,0.00452352,0.4,0.0,0.3302425,0.015466646
375316653866487564,2062759645654651264,0.51621705,2198.201063762647,3.183994470637026,1.1143981E-5,19.01898,0.0090662595,0.2276098,0.0027200445,0.08232911,0.0064924173,0.1878832,0.008490553,0.7284507,0.0068815104,0.077210814,0.0112154735,0.23984733,0.012589811,null,null,null,null,"TWOGAUSSIANS",8,1.8582284,0.7284507,0.0068815104,0.4,0.0,0.23678929,0.0139541915,0.2276098,0.0027200445,0.4,0.0,0.18482515,0.0073580896
375316653866487564,2062764357244168960,0.47458762,2221.4736017697605,0.5733430669049134,4.623801E-5,17.161339,0.0019603437,0.36646414,0.011365403,0.03138051,0.005313348,0.13177375,0.032392763,0.70357144,0.028085154,0.065242276,0.039348096,0.010328849,0.0029868525,null,null,null,null,"TWOGAUSSIANS",8,5.309031,0.36646414,0.011365403,0.17573087,0.029754749,0.13177377,0.032393835,0.70357144,0.028085154,0.36535674,0.15139437,0.010328849,0.0029868535
375316653866487564,2062764662177735296,0.57519734,2234.0685514785305,2.3475963257672827,7.863496E-6,18.205318,0.008159002,0.20301566,0.0027932262,0.067156404,0.0035510769,0.58394206,0.016456408,0.7175005,0.0019204492,0.06966126,0.003419337,0.30961215,0.012691498,null,null,null,null,"TWOGAUSSIANS",8,8.023277,0.20301566,0.0027932262,0.37607583,0.01988603,0.5832264,0.016489398,0.7175005,0.0019204492,0.39010304,0.019148288,0.30889648,0.012666022
375316653866487564,2062764838280492928,0.48847848,2235.824598444164,0.7154081519547104,1.3633306E-5,10.431802,0.0010279065,0.09461201,0.003844839,0.022648899,0.0035051003,0.058295395,0.0036669222,0.7998874,0.030445928,0.032919336,0.01965459,0.006161556,0.0017191599,null,null,null,null,"TWOGAUSSIANS",8,18.346468,0.09461201,0.003844839,0.12683383,0.019628562,0.058295395,0.0036669222,0.7998874,0.030445928,0.18434827,0.110065706,0.006161556,0.0017191599
375316653866487564,2062767342237568128,0.52118343,2239.30661648615,0.23614635228862488,1.4851095E-5,18.861864,0.002108808,0.32186437,8.9230726E-4,0.017656906,0.0010380842,0.23975895,0.005949687,0.81866,0.005312251,0.021029994,0.0031760915,0.26335308,0.11613466,null,null,null,null,"TWOGAUSSIANS",8,1.2470629,0.81866,0.005312251,0.11776796,0.017786112,0.26335308,0.11613466,0.32186437,8.9230726E-4,0.09887867,0.0058132713,0.23975895,0.005949687
375316653866487564,2062768991504939904,0.64989847,2199.6868053440726,0.41096943798008856,1.9334063E-6,18.31873,0.0030576007,0.3230659,8.779255E-4,0.032448594,9.399858E-4,0.9539791,0.02078907,0.8259795,0.0050161425,0.0395776,0.004326801,0.10771462,0.013897351,null,null,null,null,"TWOGAUSSIANS",8,2.6214137,0.3230659,8.779255E-4,0.18171212,0.0052639204,0.9539791,0.02078907,0.8259795,0.0050161425,0.22163455,0.024230085,0.10771462,0.013897351
375316653866487564,2062770060960983168,0.59632283,2239.4955244848916,0.23626425174826915,3.067086E-5,18.256548,0.001286624,0.5527068,0.0051837,0.017564854,0.0017549789,0.5774631,0.103930086,0.7903614,0.049720906,0.050728247,0.027922932,0.014841954,0.010123358,0.0019289159,0.0018362611,0.5527068,0.0051837,"TWOGAUSSIANS_WITH_ELLIPSOIDAL_ON_ECLIPSE1",9,1.007083,0.5527068,0.0051837,0.09836318,0.009827882,0.5813212,0.103134595,0.7903614,0.050154954,0.28407818,0.15636842,0.014865095,0.010122457
375316653866487564,2062771431046504192,0.5819288,2218.7019105997683,1.1773086574075564,4.4943013E-6,18.924215,0.0055772373,0.3129271,0.0030249748,0.03428178,0.003554103,0.4945192,0.013689093,0.81063795,0.00104149,0.03428144,0.0014479866,0.54585963,0.033187654,null,null,null,null,"TWOGAUSSIANS",8,3.5306242,0.81063795,0.00104149,0.19197606,0.008108725,0.54585963,0.033187654,0.3129271,0.0030249748,0.19197798,0.019902976,0.4945192,0.013689093
375316653866487564,2062772809741295616,0.5418633,2210.4875592344088,2.5771258178270067,1.126813E-5,19.010828,0.017930133,0.23262754,0.003103394,0.044023782,0.017679542,0.13544826,0.057019804,0.7276998,0.0061387164,0.039483633,0.013107913,0.19199067,0.04483489,0.14148873,0.040635336,0.23262754,0.003103394,"TWOGAUSSIANS_WITH_ELLIPSOIDAL_ON_ECLIPSE1",9,3.7052677,0.72845984,0.005145888,0.22110835,0.07340431,0.47473833,0.05013695,0.23262754,0.003103394,0.24653317,0.09900544,0.41842547,0.03981676
375316653866487564,2062773531294204800,0.6448188,2183.1141042265012,1.5321250942767553,4.1634867E-6,17.878614,0.0059147673,0.24502343,6.595112E-4,0.049928438,0.0016574147,0.5690455,0.011836982,0.7492955,0.0018751845,0.0398491,0.011989726,0.15005773,0.061630335,0.05686337,0.008013646,0.24502343,6.595112E-4,"TWOGAUSSIANS_WITH_ELLIPSOIDAL_ON_ECLIPSE1",9,2.1521428,0.24502343,6.595112E-4,0.27959925,0.009281523,0.6827702,0.010138326,0.7492955,0.0018751845,0.22315495,0.067142464,0.26370052,0.06463478
375316653866487564,2062773630068334336,0.5490874,2194.526353630526,1.509417241917124,1.3517716E-5,18.892605,0.008089386,0.2258865,0.0033924128,0.063254625,0.0039472,0.24708697,0.008464451,0.7298063,0.0029337588,0.051696364,0.0052432264,0.79589015,0.1393195,null,null,null,null,"TWOGAUSSIANS",8,2.8372355,0.7298063,0.0029337588,0.28949964,0.029362068,0.795835,0.13939558,0.2258865,0.0033924128,0.3542259,0.02210432,0.2470318,0.008406459
375316653866487564,2062774390282793600,0.51513207,2196.8433298472883,0.17956105958905558,2.0233601E-5,10.7324915,0.010729352,0.21878333,0.005337177,0.013193111,0.006838786,0.248729,0.041458942,0.71369684,0.009812838,0.01550993,0.030725216,0.2789765,0.20462781,0.020889562,0.017598385,0.21878333,0.005337177,"TWOGAUSSIANS_WITH_ELLIPSOIDAL_ON_ECLIPSE1",9,277.4636,0.71370685,0.009429398,0.086855605,0.17206122,0.320713,0.23364154,0.21878333,0.005337177,0.073881425,0.038297202,0.29050806,0.04825445
375316653866487564,2062775485508660480,0.5317397,2224.993796466594,0.4198303343883382,1.2603959E-5,19.5874,0.0059164274,0.24118063,0.013557295,0.014211355,0.010260327,0.45319432,0.13925669,0.57194763,0.0021354344,0.010959905,0.0016085187,0.43680403,0.045102503,null,null,null,null,"TWOGAUSSIANS",8,2.277456,0.24118063,0.013557295,0.07958359,0.057457827,0.45319432,0.13925669,0.57194763,0.0021354344,0.061375465,0.009007704,0.43680403,0.045102503
375316653866487564,2062776069611484416,0.5251122,2204.0704607006514,2.230585167294559,1.9431023E-5,19.042444,0.06659227,0.26137224,0.008070914,0.12717126,0.03604547,0.25092074,0.054258287,0.76187384,0.0028777232,0.098957784,0.01300915,0.34811532,0.06136622,null,null,null,null,"TWOGAUSSIANS",8,2.876788,0.76187384,0.0028886858,0.4,0.0,0.29922977,0.014708257,0.26137224,0.008070914,0.4,0.0,0.20181642,0.02091353
375316653866487564,2062776073915072768,0.54913193,2225.967393691605,1.6876472491310655,1.1125816E-5,19.168533,0.008536093,0.393665,0.03599322,0.13181247,0.035405252,0.04338321,0.013114586,0.7474104,0.002457079,0.048209157,0.001995651,0.5870276,0.033993285,null,null,null,null,"TWOGAUSSIANS",8,3.0437407,0.7474104,0.002457079,0.26997128,0.011175646,0.58798146,0.034161143,0.393665,0.03599322,0.4,0.0,0.04315278,0.012885688
375316653866487564,2062776623670679680,0.5637491,2203.261338809814,0.01866580477411996,1.3048541E-4,16.682714,0.0011610433,0.1551809,0.003386025,0.015354179,0.0023955356,0.61604387,0.21247132,0.74171066,0.07860138,0.0015525498,0.012232245,0.27170628,1.84828989E13,null,null,null,null,"TWOGAUSSIANS",8,5.5045915,0.1551809,0.003386025,0.0859834,0.013414999,0.61604387,0.21247132,0.74171066,0.07860138,0.008694279,0.06850057,0.27170628,1.84828989E13
375316653866487564,2062777203485940480,0.43337876,2207.4292763558433,2.1100310580127504,5.1881223E-5,19.228851,0.052912287,0.16983952,0.022168357,0.11760066,0.067787334,0.07803399,0.051196408,0.67122585,0.009684666,0.090103194,0.02590855,0.15846846,0.049421698,null,null,null,null,"TWOGAUSSIANS",8,2.9593203,0.67122585,0.009692273,0.4,0.0,0.14733328,0.014735132,0.16983952,0.022168405,0.4,0.0,0.06688033,0.022654291
375316653866487564,2062778268633539968,0.5211492,2221.866115623279,2.4068197403132334,1.1817323E-5,19.50944,0.010488787,0.2532105,0.0031603242,0.08195197,0.0050928416,0.36688852,0.018758094,0.75448954,0.0033058685,0.0821064,0.005496539,0.36854774,0.022061007,null,null,null,null,"TWOGAUSSIANS",8,1.6211793,0.75448954,0.0033058685,0.4,0.0,0.36164135,0.022936197,0.2532105,0.0031603242,0.4,0.0,0.35998213,0.019299421
