Gaia/vari_eclipsing_binary/VariEclipsingBinary_529980-530011.csv
# %ECSV 1.0
# ---
# delimiter: ','
# meta: !!omap
# - RELEASE: Gaia DR3
# - TABLE: vari_eclipsing_binary
# - DESCRIPTION: >
#     This table describes the properties of the eclipsing binaries resulting from the variability analysis. 
# - CITATION: >
#     How to cite and acknowledge Gaia: 
#     https://gea.esac.esa.int/archive/documentation/credits.html 
# - KNOWN_ISSUES: >
#     Known issues: 
#     https://www.cosmos.esa.int/web/gaia-users/known-issues 
# - DOCUMENTATION: >
#     Tutorials and documentation: 
#     https://www.cosmos.esa.int/web/gaia-users/archive 
# datatype:
# - 
#   name: solution_id
#   datatype: int64
#   description: Solution Identifier
#   meta:
#     ucd: meta.version
# - 
#   name: source_id
#   datatype: int64
#   description: Unique source identifier
#   meta:
#     ucd: meta.id;meta.main
# - 
#   name: global_ranking
#   datatype: float32
#   description: Number between 0 (worst) and 1 (best)
#   meta:
#     ucd: stat.param
# - 
#   name: reference_time
#   datatype: float64
#   unit: d
#   description: Reference time used for the geometric model fit
#   meta:
#     ucd: time.epoch
# - 
#   name: frequency
#   datatype: float64
#   unit: d**-1
#   description: Frequency of geometric model of the eclipsing binary light curve
#   meta:
#     ucd: src.orbital
# - 
#   name: frequency_error
#   datatype: float32
#   unit: d**-1
#   description: "Uncertainty of \\texttt{frequency}"
#   meta:
#     ucd: stat.error
# - 
#   name: geom_model_reference_level
#   datatype: float32
#   unit: mag
#   description: Magnitude reference level of geometric model
#   meta:
#     ucd: phot.mag;em.opt
# - 
#   name: geom_model_reference_level_error
#   datatype: float32
#   unit: mag
#   description: "Uncertainty of \\texttt{geomModelReferenceLevel}"
#   meta:
#     ucd: stat.error;phot.mag;em.opt
# - 
#   name: geom_model_gaussian1_phase
#   datatype: float32
#   description: Phase of the Gaussian 1 component
#   meta:
#     ucd: time.phase
# - 
#   name: geom_model_gaussian1_phase_error
#   datatype: float32
#   description: "Uncertainty of \\texttt{geomModelGaussian1Phase}"
#   meta:
#     ucd: stat.error;time.phase
# - 
#   name: geom_model_gaussian1_sigma
#   datatype: float32
#   description: "Standard deviation [phase] of Gaussian 1 component"
#   meta:
#     ucd: stat.stdev
# - 
#   name: geom_model_gaussian1_sigma_error
#   datatype: float32
#   description: "Uncertainty of \\texttt{geomModelGaussian1Sigma}"
#   meta:
#     ucd: stat.error
# - 
#   name: geom_model_gaussian1_depth
#   datatype: float32
#   unit: mag
#   description: Magnitude depth of Gaussian 1 component
#   meta:
#     ucd: src.var.amplitude
# - 
#   name: geom_model_gaussian1_depth_error
#   datatype: float32
#   unit: mag
#   description: "Uncertainty of \\texttt{geomModelGaussian1Depth}"
#   meta:
#     ucd: stat.error;src.var.amplitude
# - 
#   name: geom_model_gaussian2_phase
#   datatype: float32
#   description: Phase of Gaussian 2 component
#   meta:
#     ucd: time.phase
# - 
#   name: geom_model_gaussian2_phase_error
#   datatype: float32
#   description: "Uncertainty of \\texttt{geomModelGaussian2Phase}"
#   meta:
#     ucd: stat.error;time.phase
# - 
#   name: geom_model_gaussian2_sigma
#   datatype: float32
[...]
#   datatype: float32
#   description: "Secondary eclipse: uncertainty of \\texttt{derivedSecondaryEclDuration}"
#   meta:
#     ucd: stat.error;time.duration
# - 
#   name: derived_secondary_ecl_depth
#   datatype: float32
#   unit: mag
#   description: "Secondary eclipse: depth"
#   meta:
#     ucd: src.var.amplitude
# - 
#   name: derived_secondary_ecl_depth_error
#   datatype: float32
#   unit: mag
#   description: "Secondary eclipse: uncertainty of \\texttt{derivedSecondaryEclDepth}"
#   meta:
#     ucd: stat.error;src.var.amplitude
solution_id,source_id,global_ranking,reference_time,frequency,frequency_error,geom_model_reference_level,geom_model_reference_level_error,geom_model_gaussian1_phase,geom_model_gaussian1_phase_error,geom_model_gaussian1_sigma,geom_model_gaussian1_sigma_error,geom_model_gaussian1_depth,geom_model_gaussian1_depth_error,geom_model_gaussian2_phase,geom_model_gaussian2_phase_error,geom_model_gaussian2_sigma,geom_model_gaussian2_sigma_error,geom_model_gaussian2_depth,geom_model_gaussian2_depth_error,geom_model_cosine_half_period_amplitude,geom_model_cosine_half_period_amplitude_error,geom_model_cosine_half_period_phase,geom_model_cosine_half_period_phase_error,model_type,num_model_parameters,reduced_chi2,derived_primary_ecl_phase,derived_primary_ecl_phase_error,derived_primary_ecl_duration,derived_primary_ecl_duration_error,derived_primary_ecl_depth,derived_primary_ecl_depth_error,derived_secondary_ecl_phase,derived_secondary_ecl_phase_error,derived_secondary_ecl_duration,derived_secondary_ecl_duration_error,derived_secondary_ecl_depth,derived_secondary_ecl_depth_error
[from data line 142]
375316653866487564,4661794031777111296,0.48697534,2192.7733910543466,0.4067533685846253,2.3946322E-5,18.502392,0.006062304,0.2157049,0.0120279,0.07174489,0.012545645,0.16550581,0.1073956,0.7354508,0.028289694,0.09176672,0.0242114,0.11690169,0.01861755,null,null,null,null,"TWOGAUSSIANS",8,1.0961483,0.2157049,0.0120279,0.4,0.061339594,0.16378482,0.10839971,0.7354508,0.028289694,0.4,0.0,0.115180545,0.018193629
375316653866487564,4661794272317035392,0.56474215,2197.437337569681,0.6644312436481019,1.3459579E-5,18.681126,0.004427611,0.28156075,0.0181519,0.034767482,0.020643536,0.509288,0.33666146,0.790139,0.008015118,0.03367977,0.007831231,0.3596151,0.16084021,null,null,null,null,"TWOGAUSSIANS",8,2.2636447,0.28156075,0.0181519,0.1946979,0.1156038,0.509288,0.33666152,0.790139,0.008015118,0.18860671,0.043854892,0.3596151,0.16084021
375316653866487564,4661794542933023872,0.5408086,2218.45903504581,0.6762515931363047,1.5978612E-5,18.254347,0.006433545,0.27895367,0.003754192,0.03723121,0.0029200502,0.4651295,0.025824351,0.7796199,0.0019884678,0.0459345,0.0022275783,0.42141885,0.016043525,null,null,null,null,"TWOGAUSSIANS",8,10.14134,0.27895367,0.003754192,0.20849477,0.016352281,0.4651295,0.025824353,0.7796199,0.0019884678,0.2572332,0.012474438,0.42141885,0.01604353
375316653866487564,4661794577237334272,0.4831034,2219.1660218671973,0.06488289723917746,1.19759876E-4,18.20236,0.004597446,0.29441896,0.0045526735,0.021853013,0.0030811636,0.20427865,0.021301955,0.85569626,0.019508531,0.052138694,0.01388169,0.068431064,0.012547201,null,null,null,null,"TWOGAUSSIANS",8,3.550117,0.29441896,0.0045526735,0.122376874,0.017254516,0.20427865,0.021301955,0.85569626,0.019508531,0.2919767,0.077737466,0.068431064,0.012547201
375316653866487564,4661794680355120128,0.49776235,2200.02060368229,0.9929923478604398,6.5395805E-5,19.245815,0.008536467,0.43350497,0.0076196417,0.022399351,0.011226059,0.065867275,0.0794447,0.67559433,0.007705789,0.036887616,0.0064790007,0.48476416,0.19516346,null,null,null,null,"TWOGAUSSIANS",8,2.1676836,0.67559433,0.007705789,0.20657066,0.036282405,0.48476416,0.19516346,0.43350497,0.0076196417,0.12543637,0.06286593,0.065867275,0.0794447
375316653866487564,4661794959489912192,0.4465653,2229.6406356738134,1.2175549003587638,3.7633417E-5,18.372389,0.011339513,0.35189727,0.012363218,0.061870374,0.012841679,0.10718831,0.029925626,0.5951081,0.022852877,0.034744013,0.02584095,0.12406792,619.8938,0.043912154,0.020741351,0.5951081,0.022852877,"TWOGAUSSIANS_WITH_ELLIPSOIDAL_ON_ECLIPSE2",9,4.5373807,0.5951081,0.022852877,0.19456647,0.14470932,0.21193926,619.8832,0.35412726,0.009670535,0.34647408,0.071913406,0.1074002,0.02970535
375316653866487564,4661795955944260992,0.4324026,2207.4606522038466,1.792541950947194,3.359556E-5,18.23202,0.011407776,0.17576036,0.004017545,0.016712237,0.014235926,0.6366173,1.1939876,0.8298288,0.04263971,0.025213612,0.021220528,0.33042336,1.7344033,null,null,null,null,"TWOGAUSSIANS",8,12.596538,0.17576036,0.004017545,0.09358853,0.07972118,0.6366173,1.1939876,0.8298288,0.04263971,0.14119622,0.11883495,0.33042336,1.7344033
375316653866487564,4661796329605011328,0.54627925,2203.682978415083,4.894895448016798,2.4858913E-5,19.077215,0.0064526796,0.5241655,0.050632864,0.03738355,0.023086911,1.3781509,99.50055,0.8104731,5.622785E-7,0.012803641,6.689308E-4,0.23635867,0.0083797425,null,null,null,null,"TWOGAUSSIANS",8,3.2466478,0.5241655,0.050632864,0.20934787,0.1292867,1.3781509,99.50055,0.8104731,5.622785E-7,0.071700394,0.0037460127,0.23635867,0.0083797425
375316653866487564,4661796398324711424,0.5542178,2166.382739308124,0.18903883466734436,4.4096327E-5,18.59716,0.006323002,0.31266838,0.0073921657,0.039915375,0.010075666,0.05262646,0.011356968,0.6311273,0.02209829,0.048459843,0.011977485,0.50788456,0.057565432,null,null,null,null,"TWOGAUSSIANS",8,5.007142,0.6311273,0.02209829,0.27137512,0.06707392,0.50788456,0.057565432,0.31266838,0.0073921657,0.2235261,0.056423727,0.05262646,0.011356969
375316653866487564,4661796638847963904,0.5783518,2183.992665945024,0.147568323436851,7.6056145E-5,19.11064,0.003714173,0.43101704,0.027664764,0.027061533,0.017397322,0.43508506,0.16603346,0.8981794,1.6624505E-4,0.0029679185,2.3804934E-4,0.11523449,0.0018177473,null,null,null,null,"TWOGAUSSIANS",8,0.9590854,0.43101704,0.027664764,0.15154459,0.097425,0.43508506,0.16603346,0.8981794,1.6624505E-4,0.016620344,0.0013330763,0.11523449,0.0018177473
375316653866487564,4661796643138903424,0.54784787,2168.862159252438,0.5208884014847647,7.606764E-5,17.702042,0.0023718704,0.4504614,0.0108441,0.0311576,0.0056454856,0.36590105,0.0557436,null,null,null,null,null,null,null,null,null,null,"ONEGAUSSIAN",5,5.6846185,0.4504614,0.0108441,0.17448255,0.03161472,0.36590105,0.0,null,null,null,null,null,null
375316653866487564,4661796776260786560,0.56162256,2199.421726399689,0.04229685679833823,1.4710383E-6,18.154167,0.0032650314,0.18813717,3.8716762E-4,0.0023822107,2.7772496E-4,0.2677483,0.018341407,0.46367455,1.6862807E-5,0.005482984,2.7723736E-4,0.03329368,0.0028756775,8.631134E-4,0.0046780943,0.18813717,3.8716762E-4,"TWOGAUSSIANS_WITH_ELLIPSOIDAL_ON_ECLIPSE1",9,2.6368413,0.18813717,3.8716762E-4,0.01334038,0.0015552598,0.2694745,0.017708251,0.46367455,1.2820817E-5,0.030704709,0.0015525292,0.03333774,0.0030426956
375316653866487564,4661796810620446720,0.53995025,2192.097341528628,2.787141830236925,1.0634833E-4,17.197735,0.003167813,0.19219363,0.07966154,0.053151764,0.014119006,0.8608772,1.0586866,0.7733249,0.021603733,0.020800026,0.02016158,0.015799636,49029.16,null,null,null,null,"TWOGAUSSIANS",8,3.139605,0.19219363,0.07966154,0.29764986,0.07906643,0.8608772,1.0586866,0.7733249,0.021603733,0.11648015,0.11290485,0.015799636,49029.16
375316653866487564,4661797158513105536,0.46023783,2156.5443950969025,0.14716663637230498,3.6718448E-5,19.538113,0.006803162,0.14389431,0.0089409,0.06266884,0.007051962,0.20224361,0.034423385,0.52921015,0.008351341,0.02169109,0.004128482,0.08513875,0.015510656,null,null,null,null,"TWOGAUSSIANS",8,1.6850806,0.14389431,0.0089409,0.3509455,0.039490987,0.20224361,0.034423385,0.52921015,0.008351341,0.1214701,0.023119502,0.08513875,0.015510657
375316653866487564,4661797841412536320,0.5653504,2197.72261210374,0.16685753081988278,5.0128696E-5,17.823042,0.0026580475,0.84002995,0.0017367663,0.022830093,0.001016684,0.41518885,0.027863638,null,null,null,null,null,null,null,null,null,null,"ONEGAUSSIAN",5,3.7369351,0.84002995,0.0017367663,0.12784852,0.0056934305,0.41518885,0.0,null,null,null,null,null,null
375316653866487564,4661799799944514944,0.56547266,2197.104208944271,0.763827836375512,5.6345275E-6,19.149975,0.008355593,0.23461458,0.0029056398,0.040280562,0.0030335675,0.38452554,0.023345435,0.73469734,0.0063469596,0.037726626,0.006352705,0.5002132,0.103075996,0.054482855,0.014068974,0.23461458,0.0029056398,"TWOGAUSSIANS_WITH_ELLIPSOIDAL_ON_ECLIPSE1",9,2.1168709,0.73469734,0.006241458,0.21126911,0.035575148,0.6091788,0.10576476,0.23461458,0.0029056398,0.22557116,0.016987978,0.49349117,0.017571168
375316653866487564,4661801041163176192,0.45680198,2214.9570265017746,0.3152154822447174,5.5998407E-6,19.315222,0.010055775,0.37782896,0.031717453,0.093595706,0.015591018,0.07253421,0.021322887,0.7768934,0.015934907,0.0049342318,0.0061489167,0.5782899,1.5188782,null,null,null,null,"TWOGAUSSIANS",8,7.4219856,0.7768934,0.015934907,0.027631698,0.034433935,0.57829803,1.5188766,0.37782896,0.031717453,0.4,0.0,0.072534114,0.021323012
375316653866487564,4661801174307494272,0.58150303,2171.6849462159744,0.7584789812276042,1.2510707E-5,18.42527,0.008853377,0.25918338,0.0066532185,0.07313374,0.0096523585,0.12626491,0.011813183,0.7582548,0.004516396,0.061275028,0.004054069,0.4356397,0.021233097,null,null,null,null,"TWOGAUSSIANS",8,3.325722,0.7582548,0.004516396,0.34314016,0.022702787,0.43522146,0.02116038,0.25918338,0.0066532185,0.4,0.017449278,0.12584668,0.011751023
375316653866487564,4661802170775668096,0.45547253,2184.1198282430673,3.299418154026788,3.4409673E-5,18.738598,0.0052801697,0.14428945,3.2536848E-4,0.018460806,6.662563E-4,0.25739226,0.006034886,0.81610537,0.04068145,0.06619829,0.025344593,0.04696686,0.016428804,null,null,null,null,"TWOGAUSSIANS",8,3.3726635,0.14428945,3.2536848E-4,0.103380516,0.0037310352,0.25739247,0.0060350746,0.81610537,0.04068145,0.37071043,0.14192972,0.04696686,0.016428804
375316653866487564,4661802175057813120,0.6098788,2183.5292613224888,1.0635809708885586,6.8921577E-6,15.96394,0.008172705,0.28514233,0.0019006074,0.052791543,0.0069434126,0.15764233,0.016202476,0.7716802,0.0043979352,0.06420916,0.0046500126,0.22455734,0.018491391,0.07902638,0.008761941,0.28514233,0.0019006074,"TWOGAUSSIANS_WITH_ELLIPSOIDAL_ON_ECLIPSE1",9,9.671305,0.7741802,0.0034258985,0.35957134,0.026040072,0.3816392,0.018025396,0.28514233,0.0019006074,0.29563263,0.03888311,0.31564298,0.011159883
375316653866487564,4661802205125645824,0.5227921,2196.636219049845,1.3176733683049002,3.66172E-5,18.723473,0.006912082,0.2839394,0.004654976,0.056388233,0.003665626,0.37461984,0.01444058,0.79267675,0.0073132403,0.081018716,0.009471589,0.08547253,0.013173435,null,null,null,null,"TWOGAUSSIANS",8,3.09212,0.2839394,0.004654976,0.3157741,0.020527506,0.37430435,0.014333102,0.79267675,0.0073132403,0.4,0.0,0.085157044,0.013126226
375316653866487564,4661802273819013248,0.4868669,2163.8821920819237,0.379991019224254,1.4009779E-4,16.387436,0.0016547802,0.2937919,1.9089018E-4,0.024114719,0.0011227108,0.10606817,0.0014139158,0.8295793,0.02581113,0.01667616,0.0080033755,0.101729915,0.1629339,null,null,null,null,"TWOGAUSSIANS",8,5.9308476,0.2937919,1.9089018E-4,0.13504241,0.00628718,0.10606817,0.0014139158,0.8295793,0.02581113,0.09338649,0.044818904,0.101729915,0.1629339
375316653866487564,4661802720531484800,0.45851564,2160.7902780089416,0.34971045685375884,4.2737578E-5,18.5044,0.044795822,0.23842394,0.013052542,0.09497227,0.0423536,0.096768156,0.041105323,0.7004944,0.0255551,0.08262653,0.05797047,0.1148943,0.032415688,null,null,null,null,"TWOGAUSSIANS",8,3.9278932,0.7004944,0.0255551,0.4,0.06477186,0.1127688,0.021433393,0.23842394,0.013033895,0.4,0.0,0.09464197,0.017339032
375316653866487564,4661804129280768384,0.4409212,2180.7168180685276,0.24752340922668462,7.341043E-6,19.523258,0.0109290285,0.3434002,0.009724353,0.09644793,0.015712168,0.20262045,0.03248707,0.7469903,8.8291813E-4,0.005981576,0.0017132155,0.2969698,0.39349562,null,null,null,null,"TWOGAUSSIANS",8,3.6530304,0.7469903,8.8291813E-4,0.033496827,0.009594007,0.29700115,0.3934825,0.3434002,0.009724353,0.4,0.0,0.20261985,0.032489765
375316653866487564,4661804167922557440,0.44152215,2148.002207986508,0.2900157408331499,3.1347554E-5,19.288454,0.007787062,null,null,null,null,null,null,null,null,null,null,null,null,0.10160246,0.0098987,0.24426489,0.010488966,"ELLIPSOIDAL",4,8.01493,null,null,null,null,null,null,null,null,null,null,null,null
375316653866487564,4661804404145191552,0.46656042,2142.5124122643156,0.408231131386789,6.198147E-5,19.086714,0.0032696938,0.5151835,0.0061070938,0.031189779,0.0055670585,0.24034216,0.06916537,0.8312931,0.010900445,0.023384433,0.005874046,0.110415876,0.019519383,null,null,null,null,"TWOGAUSSIANS",8,1.7569679,0.5151835,0.0061070938,0.17466275,0.031175528,0.24034216,0.06916537,0.8312931,0.010900445,0.13095284,0.032894656,0.110415876,0.019519383
375316653866487564,4661805336153609984,0.48473665,2145.1711327708554,0.023179234790806823,1.40234715E-5,17.805576,0.0056019435,0.15902919,0.0011014624,0.02078791,0.0031169502,0.16713482,0.06567105,0.79725754,0.0026470355,0.038374264,0.002420979,0.27068302,0.021026378,null,null,null,null,"TWOGAUSSIANS",8,13.133684,0.79725754,0.0026470355,0.21489587,0.013557483,0.27068302,0.021026378,0.15902919,0.0011014624,0.11641229,0.017454922,0.16713482,0.06567105
375316653866487564,4661805507952252160,0.48226833,2090.164238231963,3.9904015781219453,1.5673988E-5,17.752113,0.2262216,0.1883969,0.0057738516,0.15491527,0.041122336,0.35976046,0.22310425,0.6843383,0.006123813,0.13455838,0.030912856,0.33484018,0.20718405,null,null,null,null,"TWOGAUSSIANS",8,9.120557,0.1885269,0.005637686,0.4,0.0,0.20804875,0.012511826,0.6843383,0.006123813,0.4,0.0,0.1864001,0.019526254
375316653866487564,4661805537994524544,0.4669397,2088.5238083160884,0.20410968624399997,2.0904436E-6,18.501331,0.00285752,0.07405229,0.009250673,0.016759949,0.009218455,0.15323298,0.7721386,0.56666666,0.10047094,0.017178513,0.035505574,0.097406805,0.32255122,null,null,null,null,"TWOGAUSSIANS",8,1.855564,0.07405229,0.009250673,0.09385572,0.05162335,0.15323298,0.7721386,0.56666666,0.10047094,0.09619968,0.19883122,0.097406805,0.32255122
375316653866487564,4661805847253322624,0.45066735,2081.9774327619552,0.0669377694659911,1.5125894E-5,18.978174,0.0038839902,0.36705196,0.009046482,0.0069031683,0.0056923586,0.2363576,528.8612,0.8732148,0.0034427254,0.01320642,0.0021074822,0.5119819,0.7239148,null,null,null,null,"TWOGAUSSIANS",8,2.2096987,0.8732148,0.0034427254,0.07395595,0.0118019,0.5119819,0.7239148,0.36705196,0.009046482,0.038657743,0.03187721,0.2363576,528.8612
375316653866487564,4661805954628848384,0.6170741,2088.7346322833528,0.19224785421589738,1.4150162E-5,17.924744,0.0035459741,0.14011933,0.0064961244,0.03440785,0.0052119046,0.05103094,0.005313553,0.49306124,7.868006E-4,0.017852,3.3252191E-4,2.6234572,0.073637344,null,null,null,null,"TWOGAUSSIANS",8,8.391903,0.49306124,7.868006E-4,0.099971205,0.0018621227,2.6234572,0.073637344,0.14011933,0.0064961244,0.19268395,0.029186666,0.05103094,0.005313553
375316653866487564,4661806263867642880,0.4716737,2255.3133235920777,2.4662332862683862,4.088888E-5,18.83692,0.11822827,0.18777946,0.014146735,0.074517354,0.016478306,0.39461252,0.11977169,0.5429751,0.11561054,0.06261247,0.111704566,0.16929087,0.17080289,null,null,null,null,"TWOGAUSSIANS",8,4.944027,0.18777946,0.013745087,0.4,0.019626908,0.3946041,0.057945445,0.5429751,0.11561054,0.35062984,0.22423685,0.16928704,0.09578391
375316653866487564,4661806500066561920,0.47532615,2172.996523976017,0.2624950196376952,2.3994413E-5,18.454424,0.00865205,null,null,null,null,null,null,null,null,null,null,null,null,0.10699106,0.015026475,0.2435311,0.005931016,"ELLIPSOIDAL",4,8.125968,null,null,null,null,null,null,null,null,null,null,null,null
375316653866487564,4661808909567484544,0.51653796,2177.0051756115554,0.3642505258072243,2.1829477E-5,17.209703,0.0064232363,0.25008,0.00494665,0.15523495,0.016618354,0.080767274,0.00587868,0.6956016,0.03575287,0.032881342,0.03387193,0.03336076,0.021398103,null,null,null,null,"TWOGAUSSIANS",8,1.9181962,0.25008,0.00494665,0.4,0.0,0.079192564,0.0057954,0.6956016,0.03575287,0.18413551,0.18968281,0.033237208,0.022224694
375316653866487564,4661810039138780928,0.5476552,2149.345460618205,1.764607934606966,1.52183375E-5,18.499876,0.037622213,0.17972037,0.0020677259,0.021256221,0.0032026286,0.6024594,0.24146217,0.60460764,0.03278343,0.18602978,0.12100271,0.045549378,0.03534471,null,null,null,null,"TWOGAUSSIANS",8,1.9241567,0.17975037,0.0020440293,0.11903484,0.01793472,0.60362566,0.24166317,0.60460764,0.03278343,0.4,0.0,0.042977072,0.0076383674
375316653866487564,4661812890996047232,0.48389468,2137.741371565595,0.2039700855132012,5.490456E-6,19.697323,0.005235576,0.38829175,1.7471001E-6,0.0035443432,1.7652493E-4,1.1270022,0.247718,0.70380783,0.016342416,0.0633702,0.022223659,0.7996808,0.60680264,null,null,null,null,"TWOGAUSSIANS",8,1.0999724,0.38829175,1.7471001E-6,0.01984832,9.885397E-4,1.1270055,0.24765415,0.70380783,0.016342416,0.35487312,0.06695026,0.7996808,0.60680264
