Gaia/vari_eclipsing_binary/VariEclipsingBinary_528972-529167.csv
# %ECSV 1.0
# ---
# delimiter: ','
# meta: !!omap
# - RELEASE: Gaia DR3
# - TABLE: vari_eclipsing_binary
# - DESCRIPTION: >
#     This table describes the properties of the eclipsing binaries resulting from the variability analysis. 
# - CITATION: >
#     How to cite and acknowledge Gaia: 
#     https://gea.esac.esa.int/archive/documentation/credits.html 
# - KNOWN_ISSUES: >
#     Known issues: 
#     https://www.cosmos.esa.int/web/gaia-users/known-issues 
# - DOCUMENTATION: >
#     Tutorials and documentation: 
#     https://www.cosmos.esa.int/web/gaia-users/archive 
# datatype:
# - 
#   name: solution_id
#   datatype: int64
#   description: Solution Identifier
#   meta:
#     ucd: meta.version
# - 
#   name: source_id
#   datatype: int64
#   description: Unique source identifier
#   meta:
#     ucd: meta.id;meta.main
# - 
#   name: global_ranking
#   datatype: float32
#   description: Number between 0 (worst) and 1 (best)
#   meta:
#     ucd: stat.param
# - 
#   name: reference_time
#   datatype: float64
#   unit: d
#   description: Reference time used for the geometric model fit
#   meta:
#     ucd: time.epoch
# - 
#   name: frequency
#   datatype: float64
#   unit: d**-1
#   description: Frequency of geometric model of the eclipsing binary light curve
#   meta:
#     ucd: src.orbital
# - 
#   name: frequency_error
#   datatype: float32
#   unit: d**-1
#   description: "Uncertainty of \\texttt{frequency}"
#   meta:
#     ucd: stat.error
# - 
#   name: geom_model_reference_level
#   datatype: float32
#   unit: mag
#   description: Magnitude reference level of geometric model
#   meta:
#     ucd: phot.mag;em.opt
# - 
#   name: geom_model_reference_level_error
#   datatype: float32
#   unit: mag
#   description: "Uncertainty of \\texttt{geomModelReferenceLevel}"
#   meta:
#     ucd: stat.error;phot.mag;em.opt
# - 
#   name: geom_model_gaussian1_phase
#   datatype: float32
#   description: Phase of the Gaussian 1 component
#   meta:
#     ucd: time.phase
# - 
#   name: geom_model_gaussian1_phase_error
#   datatype: float32
#   description: "Uncertainty of \\texttt{geomModelGaussian1Phase}"
#   meta:
#     ucd: stat.error;time.phase
# - 
#   name: geom_model_gaussian1_sigma
#   datatype: float32
#   description: "Standard deviation [phase] of Gaussian 1 component"
#   meta:
#     ucd: stat.stdev
# - 
#   name: geom_model_gaussian1_sigma_error
#   datatype: float32
#   description: "Uncertainty of \\texttt{geomModelGaussian1Sigma}"
#   meta:
#     ucd: stat.error
# - 
#   name: geom_model_gaussian1_depth
#   datatype: float32
#   unit: mag
#   description: Magnitude depth of Gaussian 1 component
#   meta:
#     ucd: src.var.amplitude
# - 
#   name: geom_model_gaussian1_depth_error
#   datatype: float32
#   unit: mag
#   description: "Uncertainty of \\texttt{geomModelGaussian1Depth}"
#   meta:
#     ucd: stat.error;src.var.amplitude
# - 
#   name: geom_model_gaussian2_phase
#   datatype: float32
#   description: Phase of Gaussian 2 component
#   meta:
#     ucd: time.phase
# - 
#   name: geom_model_gaussian2_phase_error
#   datatype: float32
#   description: "Uncertainty of \\texttt{geomModelGaussian2Phase}"
#   meta:
#     ucd: stat.error;time.phase
# - 
#   name: geom_model_gaussian2_sigma
#   datatype: float32
[...]
#   datatype: float32
#   description: "Secondary eclipse: uncertainty of \\texttt{derivedSecondaryEclDuration}"
#   meta:
#     ucd: stat.error;time.duration
# - 
#   name: derived_secondary_ecl_depth
#   datatype: float32
#   unit: mag
#   description: "Secondary eclipse: depth"
#   meta:
#     ucd: src.var.amplitude
# - 
#   name: derived_secondary_ecl_depth_error
#   datatype: float32
#   unit: mag
#   description: "Secondary eclipse: uncertainty of \\texttt{derivedSecondaryEclDepth}"
#   meta:
#     ucd: stat.error;src.var.amplitude
solution_id,source_id,global_ranking,reference_time,frequency,frequency_error,geom_model_reference_level,geom_model_reference_level_error,geom_model_gaussian1_phase,geom_model_gaussian1_phase_error,geom_model_gaussian1_sigma,geom_model_gaussian1_sigma_error,geom_model_gaussian1_depth,geom_model_gaussian1_depth_error,geom_model_gaussian2_phase,geom_model_gaussian2_phase_error,geom_model_gaussian2_sigma,geom_model_gaussian2_sigma_error,geom_model_gaussian2_depth,geom_model_gaussian2_depth_error,geom_model_cosine_half_period_amplitude,geom_model_cosine_half_period_amplitude_error,geom_model_cosine_half_period_phase,geom_model_cosine_half_period_phase_error,model_type,num_model_parameters,reduced_chi2,derived_primary_ecl_phase,derived_primary_ecl_phase_error,derived_primary_ecl_duration,derived_primary_ecl_duration_error,derived_primary_ecl_depth,derived_primary_ecl_depth_error,derived_secondary_ecl_phase,derived_secondary_ecl_phase_error,derived_secondary_ecl_duration,derived_secondary_ecl_duration_error,derived_secondary_ecl_depth,derived_secondary_ecl_depth_error
[from data line 258]
375316653866487564,4654601507754939008,0.53198487,2189.139036341814,1.3358786047325306,2.3006682E-5,19.413803,0.013108451,0.31332964,0.002006501,0.052086342,0.0060625155,0.7672414,0.11574787,0.8197589,0.005395144,0.047361102,0.004457798,0.29481098,0.02458987,null,null,null,null,"TWOGAUSSIANS",8,3.589138,0.31332964,0.002006501,0.29168352,0.033950087,0.76723915,0.115756705,0.8197589,0.005395144,0.26522216,0.024963668,0.29480872,0.024588544
375316653866487564,4654602744705973120,0.50121784,2103.0510661237463,0.02755803975884455,9.761704E-5,19.934786,0.004717168,0.19362186,0.057228006,0.020252673,0.062267374,0.47379673,1.4573703,0.65270543,0.047403757,0.026403526,0.032427292,0.055442188,0.26826018,null,null,null,null,"TWOGAUSSIANS",8,0.5771663,0.19362186,0.057228006,0.113414966,0.2890309,0.47379673,1.4573704,0.65270543,0.047403757,0.14785975,0.18159284,0.055442188,0.2682602
375316653866487564,4654603363189449984,0.5330312,2163.8290445969424,0.958157104328265,1.6177273E-5,17.760015,0.0052188276,0.16994783,0.002454565,0.017543027,0.0029728774,0.39957264,0.18626674,0.67014635,0.012100032,0.017875198,0.014547869,0.5864037,0.3833123,null,null,null,null,"TWOGAUSSIANS",8,12.384136,0.67014635,0.012100032,0.10010111,0.08146806,0.5864037,0.3833123,0.16994783,0.002454565,0.09824096,0.016648114,0.39957264,0.18626674
375316653866487564,4654606180679580288,0.4629025,2154.4858158678817,1.4926456776358215,4.4284046E-5,19.31355,0.007834092,0.19215855,0.0070149484,0.06816297,0.015796803,0.20570642,0.037177343,0.7159634,0.024694756,0.029685814,0.03573664,0.123225786,0.07651153,null,null,null,null,"TWOGAUSSIANS",8,2.4035058,0.19215855,0.0070149484,0.38171265,0.08733848,0.20570622,0.037179224,0.7159634,0.024694756,0.16624056,0.20012519,0.12322559,0.07655055
375316653866487564,4654606382555051264,0.48300236,2164.339668895457,0.10254124957633,6.4818705E-6,18.187248,0.001508712,0.2914694,0.004479054,0.0064207744,0.0011956342,9.0287946E-4,0.21981941,null,null,null,null,null,null,0.045069404,0.0020744808,0.2914694,0.004479054,"ONEGAUSSIAN_WITH_ELLIPSOIDAL",6,2.1767437,0.2914694,0.004479054,0.035956338,0.006695552,0.09104167,0.22205506,null,null,null,null,null,null
375316653866487564,4654606519979388544,0.5039546,2101.933032745167,1.454775250072723,9.1529255E-5,19.130203,0.009517703,0.15677086,0.010355775,0.06157736,0.010904156,0.71057546,0.26674408,0.67644227,0.05076676,0.11073191,0.03382747,0.036278207,0.013556876,null,null,null,null,"TWOGAUSSIANS",8,2.2561884,0.15677086,0.010356887,0.34483323,0.06106327,0.7087585,0.26900718,0.67644227,0.05076676,0.4,0.0,0.034457665,0.011203366
375316653866487564,4654606867874233216,0.419573,2139.5944541408658,1.3413325010932955,7.04995E-5,17.055223,0.010332537,0.22030386,0.0117299715,0.04442425,0.030070487,0.070517816,0.025747387,0.6561907,0.027605167,0.05842417,0.025997747,0.09397114,0.25675473,0.02311572,0.012598118,0.22030386,0.0117299715,"TWOGAUSSIANS_WITH_ELLIPSOIDAL_ON_ECLIPSE1",9,10.187193,0.6631807,0.023013934,0.32717535,0.14558738,0.13382798,0.2574644,0.22030386,0.0117299715,0.2487758,0.16839473,0.116748996,0.029184347
375316653866487564,4654607486357561728,0.48257813,2197.14062992497,0.21577395902551877,8.14892E-5,16.544888,0.004039521,0.31478232,0.008299051,0.05994927,0.013012578,0.07644521,0.035716604,0.76879126,0.0043896716,0.024653831,0.0029747512,0.10808173,0.011370194,0.008199009,0.004519741,0.31478232,0.008299051,"TWOGAUSSIANS_WITH_ELLIPSOIDAL_ON_ECLIPSE1",9,14.57481,0.76910126,0.0043444326,0.13806145,0.016658606,0.12314449,0.008265696,0.31478232,0.008299051,0.33571592,0.07256743,0.09283072,0.035422776
375316653866487564,4654607688210281216,0.4759812,2171.778771768486,0.21738779433356262,6.8940026E-5,19.513494,0.006115707,0.55473703,0.10800242,0.029210739,0.06861325,0.9244339,4.426461,0.81640834,0.009475365,0.036076937,0.012214928,0.6090146,11.285895,null,null,null,null,"TWOGAUSSIANS",8,1.7251761,0.55473703,0.10800242,0.16358013,0.23331839,0.9244339,4.4264617,0.81640834,0.009475365,0.20203084,0.068403594,0.6090146,11.285895
375316653866487564,4654608856441514624,0.6006495,2165.924970053928,0.683321141834079,9.9600504E-5,19.187119,0.0055569275,0.27790833,0.0052542295,0.05728802,0.005784716,0.14727089,0.029033847,0.73652333,0.015145182,0.04857095,0.011902463,1.2579129,0.22003545,null,null,null,null,"TWOGAUSSIANS",8,2.3626885,0.73652333,0.015145182,0.2719973,0.06665379,1.2579113,0.22004338,0.27790833,0.0052542295,0.32081294,0.03239441,0.14726928,0.02903546
375316653866487564,4654609818514334848,0.51984185,2118.365385036653,1.0353974999956996,2.5566953E-5,17.254686,0.006871636,0.5128701,0.0024033221,0.05594789,0.0027397193,0.2375854,0.0145736635,0.82213104,0.04750746,0.10652179,0.048501156,0.018730056,0.0076596006,null,null,null,null,"TWOGAUSSIANS",8,7.2418084,0.5129701,0.0022502986,0.31330818,0.015342427,0.23785305,0.0151472725,0.82213104,0.04750746,0.4,0.0,0.018720558,0.007548798
