Gaia/vari_eclipsing_binary/VariEclipsingBinary_511441-511697.csv
# %ECSV 1.0
# ---
# delimiter: ','
# meta: !!omap
# - RELEASE: Gaia DR3
# - TABLE: vari_eclipsing_binary
# - DESCRIPTION: >
#     This table describes the properties of the eclipsing binaries resulting from the variability analysis. 
# - CITATION: >
#     How to cite and acknowledge Gaia: 
#     https://gea.esac.esa.int/archive/documentation/credits.html 
# - KNOWN_ISSUES: >
#     Known issues: 
#     https://www.cosmos.esa.int/web/gaia-users/known-issues 
# - DOCUMENTATION: >
#     Tutorials and documentation: 
#     https://www.cosmos.esa.int/web/gaia-users/archive 
# datatype:
# - 
#   name: solution_id
#   datatype: int64
#   description: Solution Identifier
#   meta:
#     ucd: meta.version
# - 
#   name: source_id
#   datatype: int64
#   description: Unique source identifier
#   meta:
#     ucd: meta.id;meta.main
# - 
#   name: global_ranking
#   datatype: float32
#   description: Number between 0 (worst) and 1 (best)
#   meta:
#     ucd: stat.param
# - 
#   name: reference_time
#   datatype: float64
#   unit: d
#   description: Reference time used for the geometric model fit
#   meta:
#     ucd: time.epoch
# - 
#   name: frequency
#   datatype: float64
#   unit: d**-1
#   description: Frequency of geometric model of the eclipsing binary light curve
#   meta:
#     ucd: src.orbital
# - 
#   name: frequency_error
#   datatype: float32
#   unit: d**-1
#   description: "Uncertainty of \\texttt{frequency}"
#   meta:
#     ucd: stat.error
# - 
#   name: geom_model_reference_level
#   datatype: float32
#   unit: mag
#   description: Magnitude reference level of geometric model
#   meta:
#     ucd: phot.mag;em.opt
# - 
#   name: geom_model_reference_level_error
#   datatype: float32
#   unit: mag
#   description: "Uncertainty of \\texttt{geomModelReferenceLevel}"
#   meta:
#     ucd: stat.error;phot.mag;em.opt
# - 
#   name: geom_model_gaussian1_phase
#   datatype: float32
#   description: Phase of the Gaussian 1 component
#   meta:
#     ucd: time.phase
# - 
#   name: geom_model_gaussian1_phase_error
#   datatype: float32
#   description: "Uncertainty of \\texttt{geomModelGaussian1Phase}"
#   meta:
#     ucd: stat.error;time.phase
# - 
#   name: geom_model_gaussian1_sigma
#   datatype: float32
#   description: "Standard deviation [phase] of Gaussian 1 component"
#   meta:
#     ucd: stat.stdev
# - 
#   name: geom_model_gaussian1_sigma_error
#   datatype: float32
#   description: "Uncertainty of \\texttt{geomModelGaussian1Sigma}"
#   meta:
#     ucd: stat.error
# - 
#   name: geom_model_gaussian1_depth
#   datatype: float32
#   unit: mag
#   description: Magnitude depth of Gaussian 1 component
#   meta:
#     ucd: src.var.amplitude
# - 
#   name: geom_model_gaussian1_depth_error
#   datatype: float32
#   unit: mag
#   description: "Uncertainty of \\texttt{geomModelGaussian1Depth}"
#   meta:
#     ucd: stat.error;src.var.amplitude
# - 
#   name: geom_model_gaussian2_phase
#   datatype: float32
#   description: Phase of Gaussian 2 component
#   meta:
#     ucd: time.phase
# - 
#   name: geom_model_gaussian2_phase_error
#   datatype: float32
#   description: "Uncertainty of \\texttt{geomModelGaussian2Phase}"
#   meta:
#     ucd: stat.error;time.phase
# - 
#   name: geom_model_gaussian2_sigma
#   datatype: float32
[...]
#   datatype: float32
#   description: "Secondary eclipse: uncertainty of \\texttt{derivedSecondaryEclDuration}"
#   meta:
#     ucd: stat.error;time.duration
# - 
#   name: derived_secondary_ecl_depth
#   datatype: float32
#   unit: mag
#   description: "Secondary eclipse: depth"
#   meta:
#     ucd: src.var.amplitude
# - 
#   name: derived_secondary_ecl_depth_error
#   datatype: float32
#   unit: mag
#   description: "Secondary eclipse: uncertainty of \\texttt{derivedSecondaryEclDepth}"
#   meta:
#     ucd: stat.error;src.var.amplitude
solution_id,source_id,global_ranking,reference_time,frequency,frequency_error,geom_model_reference_level,geom_model_reference_level_error,geom_model_gaussian1_phase,geom_model_gaussian1_phase_error,geom_model_gaussian1_sigma,geom_model_gaussian1_sigma_error,geom_model_gaussian1_depth,geom_model_gaussian1_depth_error,geom_model_gaussian2_phase,geom_model_gaussian2_phase_error,geom_model_gaussian2_sigma,geom_model_gaussian2_sigma_error,geom_model_gaussian2_depth,geom_model_gaussian2_depth_error,geom_model_cosine_half_period_amplitude,geom_model_cosine_half_period_amplitude_error,geom_model_cosine_half_period_phase,geom_model_cosine_half_period_phase_error,model_type,num_model_parameters,reduced_chi2,derived_primary_ecl_phase,derived_primary_ecl_phase_error,derived_primary_ecl_duration,derived_primary_ecl_duration_error,derived_primary_ecl_depth,derived_primary_ecl_depth_error,derived_secondary_ecl_phase,derived_secondary_ecl_phase_error,derived_secondary_ecl_duration,derived_secondary_ecl_duration_error,derived_secondary_ecl_depth,derived_secondary_ecl_depth_error
[from data line 215]
375316653866487564,4499506214302680192,0.56439656,2245.7706829851927,3.284444442739936,1.4494465E-5,17.478687,0.25399357,0.32698488,0.009571708,0.10339447,0.10413701,0.22664562,0.20872739,0.8098067,0.0053366586,0.087008364,0.033532117,0.2773874,0.19717363,null,null,null,null,"TWOGAUSSIANS",8,7.2728734,0.8098067,0.0053366586,0.4,0.0,0.26504394,0.020691732,0.32698488,0.0095954845,0.4,0.0,0.21429719,0.025637923
375316653866487564,4499506218599020416,0.42772302,2251.2842503813263,1.4803813375979304,7.475931E-5,17.503756,0.008874214,0.30909207,0.019074162,0.14110063,0.03826176,0.07259759,0.011407305,0.6759539,0.009118077,0.016735338,0.009929357,0.07650092,0.01571768,null,null,null,null,"TWOGAUSSIANS",8,15.287074,0.6759539,0.009118077,0.093717895,0.055604402,0.07870332,0.015923625,0.30909207,0.019074162,0.4,0.0,0.072325155,0.011322178
375316653866487564,4499509959513514752,0.46540108,2280.4928010028584,3.7908125203183727,2.1471944E-5,18.51307,0.5919752,0.31118625,0.011162466,0.15800108,0.13881637,0.24700539,0.58357966,0.78793174,0.0127818985,0.13034709,0.038170543,0.30435312,0.35522956,null,null,null,null,"TWOGAUSSIANS",8,4.008533,0.78793174,0.0127818985,0.4,0.0,0.20471165,0.044819325,0.31198627,0.010147714,0.4,0.0,0.14421192,0.017035931
375316653866487564,4499510131312202752,0.576989,2258.1425861171942,1.7848255641174764,5.768396E-6,18.283653,0.005561269,0.27914846,0.0037757196,0.071447246,0.0057129045,0.47329348,0.027680324,0.78067696,0.004076257,0.096039034,0.006170002,0.1481688,0.0071810437,null,null,null,null,"TWOGAUSSIANS",8,1.5686268,0.27914846,0.0037757196,0.4,0.017049577,0.4680286,0.029627608,0.78067696,0.004076257,0.4,0.0,0.14290354,0.0066966005
375316653866487564,4499515216554273664,0.52149415,2264.1123366761453,3.265087445322367,1.2357304E-5,19.225725,0.031134857,0.16142431,0.0040824334,0.09282476,0.009216176,0.47266704,0.033097208,0.67363983,0.0047514793,0.0775286,0.008862987,0.37401435,0.03090865,null,null,null,null,"TWOGAUSSIANS",8,4.224851,0.16142431,0.0040824334,0.4,0.0,0.46345466,0.030157175,0.67363983,0.0047514793,0.4,0.0030317132,0.36480254,0.025153164
375316653866487564,4499520404872709888,0.57726705,2314.1735932761544,2.673458004037569,5.777685E-6,17.134624,0.011945183,0.2900189,0.0016908024,0.096414626,0.0065378295,0.29243228,0.012154368,0.789894,0.0025874383,0.10949395,0.0071926285,0.20874193,0.011797058,null,null,null,null,"TWOGAUSSIANS",8,3.3116612,0.2900189,0.0016908024,0.4,0.0,0.26703972,0.016434094,0.789894,0.0025874383,0.4,0.0,0.18333785,0.008258194
375316653866487564,4499523703407628288,0.5348045,2306.0745483666387,0.06470688242134434,9.3870585E-6,17.833748,0.006732847,0.2064189,0.0013028112,0.0067436984,0.0013627083,0.6204172,0.20245746,0.42192945,0.019778444,0.03180739,0.0103115775,0.22680293,0.40732536,0.04016495,0.009400548,0.2064189,0.0013028112,"TWOGAUSSIANS_WITH_ELLIPSOIDAL_ON_ECLIPSE1",9,17.77234,0.2064189,0.0013028112,0.037764713,0.007631166,0.7007464,0.20664872,0.42192945,0.019778444,0.17812137,0.05774483,0.2305159,0.41110572
375316653866487564,4499526903161324800,0.6729949,2292.2494316179504,3.8476884889227123,2.5638903E-6,15.739059,0.0029006647,0.20324627,0.0015671235,0.04693731,0.0017034645,0.286998,0.00836376,0.71080655,0.0016401545,0.02995641,0.0028762287,0.25685275,0.061136376,0.10196718,0.0038328462,0.71080655,0.0016401545,"TWOGAUSSIANS_WITH_ELLIPSOIDAL_ON_ECLIPSE2",9,11.745295,0.20407626,0.0013129709,0.26284894,0.009539401,0.49052235,0.0072026183,0.71080655,0.0016401545,0.1677559,0.01610688,0.46078643,0.06263407
375316653866487564,4499539337088782080,0.5033681,2344.527771524262,3.3544704311733615,2.7021648E-5,18.619135,0.09912403,0.25229305,0.0095223095,0.121368505,0.020318666,0.23436049,0.088466756,0.7197654,0.023628281,0.14839894,0.07028776,0.13208646,0.096959904,null,null,null,null,"TWOGAUSSIANS",8,3.3917546,0.25323305,0.008222369,0.4,0.0,0.18821144,0.010849688,0.7197654,0.023628281,0.4,0.0,0.08495077,0.006955932
375316653866487564,4499541402970720256,0.46806002,2287.660710093139,0.3333536361244263,1.1882545E-5,17.284418,0.013244557,0.17930895,0.007767358,0.016812798,0.0035968022,0.58870345,0.11683583,0.81677455,0.03641331,0.031630863,0.02355401,2.074875,3.1250181,0.06701118,0.013289935,0.81677455,0.03641331,"TWOGAUSSIANS_WITH_ELLIPSOIDAL_ON_ECLIPSE2",9,45.58578,0.81677455,0.03641331,0.17713284,0.13190246,2.2088974,3.111173,0.17970896,0.007690029,0.09415167,0.020142091,0.6454264,0.10729421
375316653866487564,4499541677848629248,0.56062484,2284.6078687244967,1.096785471213184,1.3467033E-5,16.433104,0.0070325267,0.32975653,0.0015458554,0.04100303,0.0029278519,0.23130903,0.015023273,0.8283416,0.004645555,0.032160208,0.009267034,0.08476033,0.01675534,0.0382299,0.009005703,0.32975653,0.0015458554,"TWOGAUSSIANS_WITH_ELLIPSOIDAL_ON_ECLIPSE1",9,21.213022,0.32975653,0.0015458554,0.22961695,0.016395971,0.30776873,0.0068870066,0.8284416,0.0043527614,0.18009716,0.051895387,0.1612144,0.013751359
375316653866487564,4499543224037156224,0.52563584,2312.8785439270405,0.9497961737716536,2.4100325E-5,15.922543,0.0038958823,0.13438445,0.009226114,0.045089588,0.0145051945,0.04219213,0.11473153,0.636023,0.007914413,0.033605367,0.016648905,0.06626936,0.009695726,0.020830393,0.0059913867,0.13438445,0.009226114,"TWOGAUSSIANS_WITH_ELLIPSOIDAL_ON_ECLIPSE1",9,11.615154,0.636023,0.007706897,0.18819006,0.093233876,0.10792572,0.0141592035,0.13438445,0.009226114,0.2525017,0.08122909,0.08385291,0.114433825
375316653866487564,4499543636354499072,0.5259299,2297.4973570168127,3.239477479353973,1.7522789E-5,17.483622,0.0100890985,0.21325782,0.007541749,0.08547868,0.013228618,0.18900417,0.014927646,0.7229745,0.005859877,0.08818493,0.0073770224,0.19071801,0.013937076,null,null,null,null,"TWOGAUSSIANS",8,6.210379,0.7229745,0.005859877,0.4,0.0,0.18560383,0.012455582,0.21325782,0.007541749,0.4,0.0,0.18389001,0.019418627
375316653866487564,4499545109524935680,0.5651985,2297.638931187559,0.630055741962471,2.2960676E-5,18.68331,0.0029347881,0.52042955,0.0065752077,0.014779746,0.009265814,0.026118109,0.022136468,0.7569367,3.968855E-4,0.019969145,0.001428858,0.7028617,0.0923874,null,null,null,null,"TWOGAUSSIANS",8,1.4614055,0.7569367,3.968855E-4,0.11182722,0.008001605,0.7028617,0.0923874,0.52042955,0.0065752077,0.08276658,0.05188856,0.026118109,0.022136468
375316653866487564,4499548171839440768,0.4914614,2305.8548188389495,2.917125191190785,1.3701332E-5,15.981456,0.011863949,0.24578679,0.00426632,0.093138054,0.007930709,0.33586073,0.023191838,0.7477048,0.006693552,0.08375199,0.010303433,0.18346772,0.018188955,null,null,null,null,"TWOGAUSSIANS",8,25.681763,0.24578679,0.00426632,0.4,0.0,0.32690555,0.02526801,0.7477048,0.006693552,0.4,0.0,0.17451292,0.017668063
375316653866487564,4499555486166053888,0.5829692,2294.8422642280952,4.190889627247382,3.9518536E-6,18.666054,0.012478596,0.26305035,0.004132481,0.03750983,0.00783943,0.19469257,0.046803486,0.76462156,0.0017051673,0.04642713,0.0032125595,0.37105086,0.027577512,0.13975622,0.020767778,0.26305035,0.004132481,"TWOGAUSSIANS_WITH_ELLIPSOIDAL_ON_ECLIPSE1",9,4.1382203,0.76462156,0.0016356035,0.25999194,0.017990332,0.6505358,0.01793315,0.26305035,0.004132481,0.21005504,0.04390081,0.47420475,0.033392366
375316653866487564,4499560541345148160,0.42402017,2293.836781880724,0.9144867310696477,2.282144E-5,16.023348,0.0091285445,0.7254266,0.0043895114,0.013870389,0.005639855,0.18593495,0.031521674,null,null,null,null,null,null,0.047627416,0.024304109,0.7254266,0.0043895114,"ONEGAUSSIAN_WITH_ELLIPSOIDAL",6,57.15504,0.7254266,0.0043895114,0.07767418,0.031583186,0.28118977,0.047469005,null,null,null,null,null,null
375316653866487564,4499564698873392256,0.51582533,2307.132633205143,2.0234762245029976,2.323762E-5,16.17839,0.2824587,0.24950688,0.025464918,0.17195493,0.10834021,0.17180294,0.2738815,0.70992106,0.015520158,0.14358349,0.03229274,0.28947884,0.20365855,null,null,null,null,"TWOGAUSSIANS",8,33.017986,0.70992106,0.015520158,0.4,0.0,0.19794753,0.01679082,0.25596687,0.019479271,0.4,0.0,0.07629751,0.010180846
375316653866487564,4499569577956864640,0.57270116,2297.5660816106883,3.0820133618030123,1.3644033E-5,16.663206,0.018192038,0.31357777,0.004860194,0.073769845,0.00727196,0.3685365,0.02969719,0.8023722,0.009602841,0.068598434,0.008921149,0.50397825,0.022008302,null,null,null,null,"TWOGAUSSIANS",8,57.57694,0.8023722,0.009602841,0.38415125,0.025644124,0.50262207,0.02061152,0.31357777,0.004860194,0.4,0.002198523,0.36718032,0.029579487
375316653866487564,4499579336122225408,0.6067644,2283.5018887981714,2.9590171443077162,5.388973E-6,15.568048,0.019476341,0.29374352,0.0028048642,0.04677181,0.0065584835,0.31961456,0.04015593,0.80111337,0.0023365633,0.0481857,0.019242955,0.27284253,0.062005498,0.11626129,0.02201549,0.80111337,0.0023365633,"TWOGAUSSIANS_WITH_ELLIPSOIDAL_ON_ECLIPSE2",9,55.09246,0.2945635,0.0024785674,0.26192212,0.036727507,0.55169356,0.027417228,0.80111337,0.0023365633,0.2698399,0.107760556,0.50536424,0.10010573
375316653866487564,4499586169411816576,0.50631636,2296.3285583946204,2.0648797905054668,2.4847684E-5,10.976069,0.14578511,0.24279967,0.004465161,0.15498552,0.023420176,0.58883625,0.25542548,0.7487115,0.0043983483,0.29951993,0.050746705,1.1037008,0.13849756,null,null,null,null,"TWOGAUSSIANS",8,520.56683,0.23805967,0.0048379633,0.4,0.0,0.16050076,0.0111091565,0.7504115,0.0049571623,0.4,0.0,0.14195189,0.013698657
375316653866487564,4499596584711358592,0.49463886,2298.4861738937684,1.820982327519071,3.7222824E-5,15.043044,0.005642881,0.22523229,0.0030066324,0.040460516,0.0061936574,0.18115863,0.021207044,0.73073053,0.025960764,0.022051143,0.012836916,0.665887,4183.2397,0.015422689,0.009554738,0.73073053,0.025960764,"TWOGAUSSIANS_WITH_ELLIPSOIDAL_ON_ECLIPSE2",9,217.38857,0.73073053,0.025960764,0.1234864,0.07188673,0.69673234,4183.2397,0.22535229,0.002852345,0.22657889,0.03468448,0.21196792,0.020436369
375316653866487564,4499597649862826624,0.6302034,2253.9862315064347,1.8915226023517042,2.1312262E-6,15.358202,0.0054686517,0.283548,8.0204563E-4,0.049264908,0.0015690502,0.33330163,0.012069867,0.7830365,0.005168426,0.044108957,0.007681248,0.049168788,0.010731566,0.018298896,0.0054527107,0.283548,8.0204563E-4,"TWOGAUSSIANS_WITH_ELLIPSOIDAL_ON_ECLIPSE1",9,14.056555,0.283548,8.0204563E-4,0.2758835,0.008786681,0.36989856,0.007098564,0.7830865,0.004757029,0.24701016,0.04301499,0.08576538,0.0044583143
375316653866487564,4499600050747138816,0.4544636,2304.3113891855264,0.3020269626524259,2.7480897E-5,17.598595,0.028706254,0.2105854,0.02293944,0.1018702,0.028547078,0.16526386,0.027962685,0.66044503,0.009747258,0.11267101,0.015097403,0.20114067,0.031783722,null,null,null,null,"TWOGAUSSIANS",8,11.606199,0.66044503,0.009747258,0.4,0.0,0.18748753,0.018554183,0.21073541,0.02292271,0.4,0.0,0.151672,0.023302162
375316653866487564,4499608851137965056,0.50995517,2345.4986848065414,2.540805475061352,1.06601365E-5,15.659873,0.014242286,0.32448667,0.0052440804,0.09037718,0.008801544,0.26107565,0.023221064,0.8458367,0.0033898624,0.08355935,0.008409906,0.21159892,0.014669663,null,null,null,null,"TWOGAUSSIANS",8,98.86968,0.32448667,0.0052440804,0.4,0.0,0.2557958,0.023170307,0.8458367,0.0033898624,0.4,0.0,0.20631927,0.012703711
375316653866487564,4499621529881262976,0.5201582,2248.1790948688795,2.8157310355301464,1.344873E-4,17.528357,0.009576256,0.30245894,0.006170745,0.056726255,0.006356821,0.39514935,0.05933199,0.7784552,0.0014601366,0.03361702,0.0031212363,0.5994697,0.027093578,null,null,null,null,"TWOGAUSSIANS",8,41.761837,0.7784552,0.0014601366,0.18825531,0.017478922,0.59946966,0.027093628,0.30245894,0.006170745,0.317667,0.035598196,0.39514932,0.05933224
375316653866487564,4499623587169094784,0.5316856,2318.075923961184,3.868424308010322,1.3055175E-5,18.039677,0.004584269,0.24202412,0.004554122,0.03691847,0.027724048,0.10282002,947684.75,0.7494712,0.010015802,0.042581595,0.00900434,0.10035147,0.010736719,0.0800871,0.0057400716,0.24202412,0.004554122,"TWOGAUSSIANS_WITH_ELLIPSOIDAL_ON_ECLIPSE1",9,4.0118923,0.24202412,0.004554122,0.20674343,0.15525468,0.2629942,947684.75,0.7494712,0.010015802,0.23845693,0.0504243,0.26017523,0.005999916
375316653866487564,4499628260092683392,0.45085773,2279.4050410765003,3.5120422957543855,2.5736615E-5,18.967892,0.009070005,null,null,null,null,null,null,null,null,null,null,null,null,0.11744506,0.015963092,0.27656817,0.007468971,"ELLIPSOIDAL",4,12.957129,null,null,null,null,null,null,null,null,null,null,null,null
375316653866487564,4499629050366810240,0.43477887,2313.7026090562163,1.429607909159532,3.1626238E-5,18.533573,0.16304557,0.23160255,0.011541689,0.114252806,0.045293473,0.15432483,0.13085143,0.74666804,0.015436259,0.14953764,0.09968847,0.13107857,0.15990563,null,null,null,null,"TWOGAUSSIANS",8,6.1378865,0.23100255,0.009880668,0.4,0.0,0.11423598,0.013353133,0.7467481,0.015197178,0.4,0.0,0.08998253,0.015865713
375316653866487564,4499634311703694720,0.41969648,2309.48344989291,0.2700745354246999,3.3013657E-5,19.488638,0.014812199,null,null,null,null,null,null,null,null,null,null,null,null,0.19316778,0.020186897,0.29678115,0.00988691,"ELLIPSOIDAL",4,8.309169,null,null,null,null,null,null,null,null,null,null,null,null
375316653866487564,4499645062005749504,0.44590035,2289.7449605213305,2.5640454007873714,4.394962E-5,19.459196,0.015553923,0.27856663,0.01811331,0.06878191,0.013534497,0.12697482,0.03557361,0.67707676,0.00723445,0.06670498,0.013460527,0.25774395,0.03372557,null,null,null,null,"TWOGAUSSIANS",8,5.2746215,0.67707676,0.00723445,0.37354788,0.071458735,0.25772515,0.033755377,0.27856663,0.01811331,0.38517871,0.060022503,0.12695599,0.035568614
375316653866487564,4499649116454903424,0.56839067,2281.831672737932,4.190799886596136,9.083447E-6,18.77072,0.00871855,0.24142863,0.0019611719,0.078151695,0.0027420027,0.38484,0.009784835,0.74129885,0.0026079665,0.081560425,0.0054867906,0.4052763,0.017886475,null,null,null,null,"TWOGAUSSIANS",8,2.240466,0.74129885,0.0026079665,0.4,0.0,0.39941007,0.019331368,0.24142863,0.0019611719,0.4,0.0,0.37897378,0.008403616
375316653866487564,4499650460780849664,0.58273274,2285.2241485703457,3.0983020787289512,4.368302E-6,16.67304,0.012095461,0.29507357,0.0015092074,0.056981504,0.002849668,0.39506766,0.03092432,0.798854,0.0041855946,0.05160775,0.0054490766,0.24246472,0.032982234,0.06723101,0.018857941,0.29507357,0.0015092074,"TWOGAUSSIANS_WITH_ELLIPSOIDAL_ON_ECLIPSE1",9,23.450579,0.29507357,0.0015092074,0.31909642,0.01595814,0.5295019,0.010564273,0.798854,0.0041855946,0.2890034,0.030514829,0.3768231,0.016094103
375316653866487564,4499651491573024640,0.505121,2266.8468661939255,2.0094518886146893,1.49054395E-5,17.735395,0.0081212185,0.22225189,0.015944075,0.039259866,0.011103163,0.16349138,0.02374451,0.7522218,0.0084388135,0.055223454,0.013936422,0.026563523,0.022022251,0.0401768,0.010193916,0.7522218,0.0084388135,"TWOGAUSSIANS_WITH_ELLIPSOIDAL_ON_ECLIPSE2",9,7.7814345,0.2239119,0.014663865,0.21985525,0.06217771,0.24118207,0.012037808,0.7522218,0.0084388135,0.30925134,0.07804397,0.10691599,0.011351532
375316653866487564,4499659737911040896,0.5441225,2293.2813343521634,2.3468658163083553,1.5933587E-5,17.00222,0.005544211,0.20224437,0.015569729,0.022579579,0.010175305,0.051997498,0.02733791,0.73058873,0.0027248212,0.05618038,0.0039635436,0.2934197,0.016457709,0.045416098,0.008802702,0.73058873,0.0027248212,"TWOGAUSSIANS_WITH_ELLIPSOIDAL_ON_ECLIPSE2",9,34.38415,0.73058873,0.0027248212,0.31461012,0.022195844,0.38423726,0.0133647015,0.20408437,0.015280251,0.12644564,0.056981713,0.14014687,0.023602216
