Gaia/vari_eclipsing_binary/VariEclipsingBinary_229178-229302.csv
# %ECSV 1.0
# ---
# delimiter: ','
# meta: !!omap
# - RELEASE: Gaia DR3
# - TABLE: vari_eclipsing_binary
# - DESCRIPTION: >
#     This table describes the properties of the eclipsing binaries resulting from the variability analysis. 
# - CITATION: >
#     How to cite and acknowledge Gaia: 
#     https://gea.esac.esa.int/archive/documentation/credits.html 
# - KNOWN_ISSUES: >
#     Known issues: 
#     https://www.cosmos.esa.int/web/gaia-users/known-issues 
# - DOCUMENTATION: >
#     Tutorials and documentation: 
#     https://www.cosmos.esa.int/web/gaia-users/archive 
# datatype:
# - 
#   name: solution_id
#   datatype: int64
#   description: Solution Identifier
#   meta:
#     ucd: meta.version
# - 
#   name: source_id
#   datatype: int64
#   description: Unique source identifier
#   meta:
#     ucd: meta.id;meta.main
# - 
#   name: global_ranking
#   datatype: float32
#   description: Number between 0 (worst) and 1 (best)
#   meta:
#     ucd: stat.param
# - 
#   name: reference_time
#   datatype: float64
#   unit: d
#   description: Reference time used for the geometric model fit
#   meta:
#     ucd: time.epoch
# - 
#   name: frequency
#   datatype: float64
#   unit: d**-1
#   description: Frequency of geometric model of the eclipsing binary light curve
#   meta:
#     ucd: src.orbital
# - 
#   name: frequency_error
#   datatype: float32
#   unit: d**-1
#   description: "Uncertainty of \\texttt{frequency}"
#   meta:
#     ucd: stat.error
# - 
#   name: geom_model_reference_level
#   datatype: float32
#   unit: mag
#   description: Magnitude reference level of geometric model
#   meta:
#     ucd: phot.mag;em.opt
# - 
#   name: geom_model_reference_level_error
#   datatype: float32
#   unit: mag
#   description: "Uncertainty of \\texttt{geomModelReferenceLevel}"
#   meta:
#     ucd: stat.error;phot.mag;em.opt
# - 
#   name: geom_model_gaussian1_phase
#   datatype: float32
#   description: Phase of the Gaussian 1 component
#   meta:
#     ucd: time.phase
# - 
#   name: geom_model_gaussian1_phase_error
#   datatype: float32
#   description: "Uncertainty of \\texttt{geomModelGaussian1Phase}"
#   meta:
#     ucd: stat.error;time.phase
# - 
#   name: geom_model_gaussian1_sigma
#   datatype: float32
#   description: "Standard deviation [phase] of Gaussian 1 component"
#   meta:
#     ucd: stat.stdev
# - 
#   name: geom_model_gaussian1_sigma_error
#   datatype: float32
#   description: "Uncertainty of \\texttt{geomModelGaussian1Sigma}"
#   meta:
#     ucd: stat.error
# - 
#   name: geom_model_gaussian1_depth
#   datatype: float32
#   unit: mag
#   description: Magnitude depth of Gaussian 1 component
#   meta:
#     ucd: src.var.amplitude
# - 
#   name: geom_model_gaussian1_depth_error
#   datatype: float32
#   unit: mag
#   description: "Uncertainty of \\texttt{geomModelGaussian1Depth}"
#   meta:
#     ucd: stat.error;src.var.amplitude
# - 
#   name: geom_model_gaussian2_phase
#   datatype: float32
#   description: Phase of Gaussian 2 component
#   meta:
#     ucd: time.phase
# - 
#   name: geom_model_gaussian2_phase_error
#   datatype: float32
#   description: "Uncertainty of \\texttt{geomModelGaussian2Phase}"
#   meta:
#     ucd: stat.error;time.phase
# - 
#   name: geom_model_gaussian2_sigma
#   datatype: float32
[...]
#   datatype: float32
#   description: "Secondary eclipse: uncertainty of \\texttt{derivedSecondaryEclDuration}"
#   meta:
#     ucd: stat.error;time.duration
# - 
#   name: derived_secondary_ecl_depth
#   datatype: float32
#   unit: mag
#   description: "Secondary eclipse: depth"
#   meta:
#     ucd: src.var.amplitude
# - 
#   name: derived_secondary_ecl_depth_error
#   datatype: float32
#   unit: mag
#   description: "Secondary eclipse: uncertainty of \\texttt{derivedSecondaryEclDepth}"
#   meta:
#     ucd: stat.error;src.var.amplitude
solution_id,source_id,global_ranking,reference_time,frequency,frequency_error,geom_model_reference_level,geom_model_reference_level_error,geom_model_gaussian1_phase,geom_model_gaussian1_phase_error,geom_model_gaussian1_sigma,geom_model_gaussian1_sigma_error,geom_model_gaussian1_depth,geom_model_gaussian1_depth_error,geom_model_gaussian2_phase,geom_model_gaussian2_phase_error,geom_model_gaussian2_sigma,geom_model_gaussian2_sigma_error,geom_model_gaussian2_depth,geom_model_gaussian2_depth_error,geom_model_cosine_half_period_amplitude,geom_model_cosine_half_period_amplitude_error,geom_model_cosine_half_period_phase,geom_model_cosine_half_period_phase_error,model_type,num_model_parameters,reduced_chi2,derived_primary_ecl_phase,derived_primary_ecl_phase_error,derived_primary_ecl_duration,derived_primary_ecl_duration_error,derived_primary_ecl_depth,derived_primary_ecl_depth_error,derived_secondary_ecl_phase,derived_secondary_ecl_phase_error,derived_secondary_ecl_duration,derived_secondary_ecl_duration_error,derived_secondary_ecl_depth,derived_secondary_ecl_depth_error
[from data line 620]
375316653866487564,2016692758449460224,0.5047811,2188.3374618155385,1.0417810041035112,2.4677376E-5,15.094817,0.0334869,0.23997691,0.0033579986,0.09553503,0.010461496,0.28427762,0.030918168,0.7461213,0.006537615,0.111697346,0.019875111,0.2472154,0.027933551,null,null,null,null,"TWOGAUSSIANS",8,138.59554,0.2399669,0.003359543,0.4,0.0,0.257726,0.0114601785,0.7461213,0.006537615,0.4,0.0,0.22064182,0.017142616
375316653866487564,2016700248870751360,0.52207106,2231.9700729444844,1.3097958672742895,2.16481E-5,16.970524,0.00261026,0.22386336,0.011397703,0.015968883,0.014992693,0.034086034,4.18659806E18,0.71828896,0.0052985596,0.03058386,0.005813083,0.12229505,0.013390555,0.021160817,0.003248887,0.22386336,0.011397703,"TWOGAUSSIANS_WITH_ELLIPSOIDAL_ON_ECLIPSE1",9,5.869556,0.71842897,0.0051355823,0.17126961,0.032553267,0.16456607,0.014642561,0.22386336,0.011397703,0.08942574,0.08395909,0.07640765,4.18659806E18
375316653866487564,2016714641302090240,0.59084404,2214.381104633703,0.8669511536785961,2.0726406E-5,17.79444,0.0025171544,0.43860328,0.004705709,0.034509066,0.0057326737,0.6385639,0.06348545,null,null,null,null,null,null,null,null,null,null,"ONEGAUSSIAN",5,4.4440956,0.43860328,0.004705709,0.19325078,0.032102972,0.6385639,0.0,null,null,null,null,null,null
375316653866487564,2016716569746171392,0.60767555,2182.0634412764557,0.9572621673231477,5.403066E-6,16.943443,0.0027545916,0.2739834,0.0015416347,0.04494093,0.007828008,0.029136581,0.0075298883,0.76816094,0.0022366703,0.05982131,0.0027014809,0.14610092,0.008547644,0.06648743,0.0052574934,0.2739834,0.0015416347,"TWOGAUSSIANS_WITH_ELLIPSOIDAL_ON_ECLIPSE1",9,3.260983,0.7693509,0.0016578697,0.33499935,0.015128292,0.27891868,0.005149762,0.2739834,0.0015416347,0.2516692,0.043836847,0.16209586,0.0042786174
375316653866487564,2016719142429062272,0.5133736,2164.6522549651127,2.8988899393302514,1.6315316E-5,19.045094,0.004621087,0.3758765,1.473217E-4,0.012646429,4.0232358E-4,0.61458224,0.029030893,0.8828725,0.005694341,0.018325042,0.0025445882,0.3137483,0.05115095,null,null,null,null,"TWOGAUSSIANS",8,2.9739957,0.3758765,1.473217E-4,0.070820004,0.002253012,0.61458224,0.029030893,0.8828725,0.005694341,0.10262024,0.014249694,0.3137483,0.05115095
375316653866487564,2016722617060296832,0.59750533,2202.60612279723,4.910240313823318,3.2376967E-5,16.017807,0.0010230565,0.21543227,0.015917968,0.020663548,0.005371004,0.26314074,0.040271807,0.52697504,0.0014553955,0.0067312424,0.0011732843,0.3441384,0.13360338,null,null,null,null,"TWOGAUSSIANS",8,4.7752423,0.52697504,0.0014553955,0.037694957,0.0065703914,0.3441384,0.13360338,0.21543227,0.015917968,0.11571587,0.030077621,0.26314074,0.040271807
375316653866487564,2016726293547613824,0.5097561,2139.415148173368,3.542049212775739,1.8091368E-5,19.474514,0.017155496,0.29442254,0.017420337,0.067753755,0.01510602,0.31108785,0.025679043,0.801511,0.0098388055,0.06741374,0.009327966,0.3741708,0.024877235,null,null,null,null,"TWOGAUSSIANS",8,2.4341292,0.801511,0.0098388055,0.37751693,0.050809354,0.37357154,0.024440574,0.29442254,0.017420337,0.37942103,0.06053166,0.31048858,0.024018442
375316653866487564,2016733779675579264,0.614462,2232.142240624481,0.38551220566391253,2.8896636E-6,17.411585,0.0021566213,0.27163085,0.0022882153,0.027566718,0.001193242,0.4365411,0.020902433,0.7644877,0.0032500196,0.05218302,0.008702924,0.0677972,0.01996919,null,null,null,null,"TWOGAUSSIANS",8,2.9182673,0.27163085,0.0022882153,0.15437362,0.0066821557,0.4365411,0.020902433,0.7644877,0.0032500196,0.2922249,0.048736375,0.0677972,0.019969191
375316653866487564,2016739693850737536,0.5147025,2226.3014761110553,0.5062261442746802,1.3329149E-5,14.202032,0.007652216,0.22019625,0.0028817279,0.10725628,0.01196479,0.060859036,0.0071508265,0.70700073,0.012660876,0.100537665,0.019918405,0.06535572,0.005039678,null,null,null,null,"TWOGAUSSIANS",8,9.513134,0.70700073,0.012660876,0.4,0.0,0.059396178,0.003852618,0.22019625,0.0028822892,0.4,0.0,0.05489747,0.0020061228
375316653866487564,2016746256561080704,0.5672817,2206.762106860673,2.334874248453362,9.306526E-6,17.370226,0.04306166,0.25577465,0.0039431057,0.12135817,0.016728524,0.24322645,0.03910564,0.7554875,0.002425996,0.11466889,0.013346884,0.25641027,0.041540895,null,null,null,null,"TWOGAUSSIANS",8,4.5879116,0.7554875,0.0024251905,0.4,0.0,0.20375904,0.0055055288,0.25577465,0.0039505935,0.4,0.0,0.19051312,0.008554738
375316653866487564,2016749142779096960,0.4720483,2242.091152094305,0.9862043588961079,2.504959E-5,13.137555,0.0037566293,0.085010566,0.0014403928,0.025601054,0.002424918,0.1109125,0.0056917467,0.41824818,0.008649753,0.030898932,0.009168956,0.09300949,0.025463138,null,null,null,null,"TWOGAUSSIANS",8,247.38257,0.085010566,0.0014403928,0.14336589,0.013579542,0.1109125,0.0056917467,0.41824818,0.008649753,0.17303401,0.051346157,0.09300949,0.025463138
375316653866487564,2016751062624198784,0.49960256,2186.1970930792395,1.7117979333647424,1.6963908E-5,18.013556,0.008317184,0.35527337,0.0037157114,0.058300067,0.009867639,0.37678802,0.045197744,0.7264779,0.0032511961,0.013020588,0.008754764,0.2789867,4.2123218,null,null,null,null,"TWOGAUSSIANS",8,21.669792,0.35527337,0.0037157114,0.32648036,0.05525878,0.37678802,0.045197744,0.7264779,0.0032511961,0.07291529,0.04902668,0.2789867,4.2123218
375316653866487564,2016753162868100608,0.5534898,2165.408921168264,0.6342710256737395,1.7375343E-5,17.520147,0.0028684763,0.25730026,0.0037205925,0.053290874,0.0042269155,0.26079193,0.0112313405,0.76825094,0.0059054117,0.05256499,0.014894254,0.16553606,0.08838129,null,null,null,null,"TWOGAUSSIANS",8,4.134267,0.25730026,0.0037205925,0.2984289,0.023670727,0.2607883,0.011231896,0.76825094,0.0059054117,0.29436395,0.08340782,0.16553243,0.08840555
375316653866487564,2016756835058813312,0.5546621,2203.166034065974,1.1868602214713726,5.8509813E-6,18.761929,0.004836046,0.25470912,0.001398959,0.030355537,0.0013382869,0.38274935,0.018248219,0.75013334,0.012859822,0.02566259,0.010065124,0.21796198,0.013991594,null,null,null,null,"TWOGAUSSIANS",8,2.5810442,0.25470912,0.001398959,0.16999102,0.007494407,0.38274935,0.018248219,0.75013334,0.012859822,0.1437105,0.056364696,0.21796198,0.013991594
375316653866487564,2016758351188530048,0.4923418,2234.811403441593,0.7251510624934903,1.7356993E-5,17.18317,0.0023841998,0.2407188,0.0038470181,0.025162006,0.0037424844,0.091812655,0.00635944,null,null,null,null,null,null,0.02732775,0.004003958,0.2407188,0.0038470181,"ONEGAUSSIAN_WITH_ELLIPSOIDAL",6,6.507157,0.2407188,0.0038470181,0.14090723,0.020957911,0.14646804,0.0053597586,null,null,null,null,null,null
375316653866487564,2016759308960357120,0.51818573,2189.407878009885,1.822233732235608,3.3960005E-5,19.432634,0.0034659267,0.19524445,0.0032363224,0.008413308,0.0025403833,0.5171155,2.406955,0.74212986,0.014295999,0.0664699,0.029046422,0.035147674,0.0069396403,null,null,null,null,"TWOGAUSSIANS",8,0.855393,0.19524445,0.0032363224,0.047114525,0.014226146,0.5171155,2.406955,0.74212986,0.014295999,0.37223145,0.08951666,0.035147674,0.006939644
375316653866487564,2016761233105441280,0.47807768,2188.3505759945538,1.3571527439908928,4.447463E-5,18.576485,0.0039631925,0.26634434,9.82179E-4,0.02928584,0.0014868409,0.17397732,0.0033184502,0.75723916,0.004076018,0.038495824,0.007875564,0.088414736,0.009927751,null,null,null,null,"TWOGAUSSIANS",8,2.336126,0.26634434,9.82179E-4,0.1640007,0.008326309,0.17397732,0.0033184502,0.75723916,0.004076018,0.21557662,0.044103153,0.088414736,0.009927751
375316653866487564,2016761782861251840,0.5202345,2206.6967710354684,2.4949787014022324,1.2550539E-5,18.22299,0.011956299,0.21631901,0.008166168,0.09842576,0.0119639365,0.16087595,0.016209358,0.71663964,0.0076125627,0.089311905,0.011365143,0.18341409,0.012281546,null,null,null,null,"TWOGAUSSIANS",8,2.756125,0.71663964,0.0076125627,0.4,0.0,0.17360994,0.008200341,0.21631901,0.008166168,0.4,0.0,0.15107106,0.015021012
375316653866487564,2016764806518333568,0.5551413,2132.439545997742,0.4724253422592405,2.6174775E-5,19.285069,0.007012412,0.29101217,4.1069818E-4,0.021601737,5.410368E-4,1.9787768,0.11010776,0.791801,0.00423385,0.03526037,0.0058996654,0.14993864,0.02631924,null,null,null,null,"TWOGAUSSIANS",8,3.7993352,0.29101217,4.1069818E-4,0.12096973,0.0030298058,1.9787768,0.11010776,0.791801,0.00423385,0.19745806,0.03303813,0.14993864,0.02631924
375316653866487564,2016766077828651904,0.4842284,2154.974011173392,2.578515556370671,1.1772665E-5,18.916842,0.007699293,0.19294935,0.006209548,0.082275115,0.0063235033,0.31820303,0.022072656,0.6965195,0.002911689,0.08046413,0.004157113,0.32906684,0.016255533,null,null,null,null,"TWOGAUSSIANS",8,2.6347992,0.6965195,0.002911689,0.4,0.0,0.32367486,0.016544806,0.19294935,0.006209548,0.4,0.0,0.31281105,0.022463795
375316653866487564,2016766421426069248,0.5394097,2213.226752505439,1.852315942163481,8.647696E-6,18.496752,0.0063700466,0.26011306,0.0048594517,0.081726834,0.008758884,0.19187023,0.007338039,0.7656932,0.0035846743,0.08272183,0.005177298,0.1691344,0.0094865,null,null,null,null,"TWOGAUSSIANS",8,1.2484081,0.26011306,0.0048594517,0.4,0.0,0.18867943,0.008117926,0.7656932,0.0035846743,0.4,0.0,0.1659436,0.00896947
375316653866487564,2016768418594718976,0.6301502,2199.320574487896,0.4876458614656617,3.0388749E-6,17.845701,0.0025022288,0.30889192,6.230996E-4,0.027762057,7.1789505E-4,0.4774115,0.007852906,0.80762094,0.0017432397,0.028575031,0.0013262134,0.4086636,0.028254643,null,null,null,null,"TWOGAUSSIANS",8,2.6915267,0.30889192,6.230996E-4,0.15546753,0.004020212,0.4774115,0.007852906,0.80762094,0.0017432397,0.16002017,0.007426795,0.4086636,0.028254643
375316653866487564,2016774118010903040,0.4788809,2185.7673788363663,1.5589170405940775,2.3830471E-5,19.420525,0.004300595,0.29996896,0.03452935,0.036182936,0.03835774,0.03194334,0.08344769,0.57557946,5.757592E-4,0.006122602,4.1040903E-4,0.4425303,0.06271762,null,null,null,null,"TWOGAUSSIANS",8,1.8690097,0.57557946,5.757592E-4,0.034286574,0.0022982906,0.4425303,0.06271762,0.29996896,0.03452935,0.20262444,0.21480332,0.03194334,0.08344769
375316653866487564,2016778928374510720,0.47086066,2188.6502574821325,2.7710470736057653,1.625675E-5,19.59877,0.03323526,0.32428932,0.0042194324,0.0817355,0.011570231,0.4095245,0.06278779,0.79730934,0.008025537,0.10138564,0.017433159,0.23508352,0.032225564,null,null,null,null,"TWOGAUSSIANS",8,3.0385704,0.32428932,0.0042155,0.4,0.0,0.4000946,0.06517106,0.79730934,0.008025537,0.4,0.0,0.22564891,0.023327613
375316653866487564,2016779448062202496,0.61737716,2180.6829757821392,2.8575370124759454,7.6829765E-6,18.62841,0.014793797,0.3009536,0.0015881811,0.051197793,0.004447491,0.40493077,0.035911888,0.7998772,0.0035334511,0.049409572,0.0056517934,0.2967153,0.035040315,0.11540773,0.021133333,0.3009536,0.0015881811,"TWOGAUSSIANS_WITH_ELLIPSOIDAL_ON_ECLIPSE1",9,2.6017785,0.3009536,0.0015881811,0.28670764,0.024905948,0.6357427,0.010376868,0.80001724,0.0032935627,0.2766936,0.031650044,0.52751803,0.020738404
375316653866487564,2016780440203097728,0.42725587,2158.8715077990796,3.130403277764536,2.8039107E-5,18.72905,0.36248344,0.30433384,0.0078143235,0.2195229,0.091559045,0.5165247,0.35020638,0.8122016,0.010785678,0.1418514,0.028266836,0.39364564,0.23988825,null,null,null,null,"TWOGAUSSIANS",8,7.885899,0.30361384,0.0076643997,0.4,0.0,0.17865002,0.018317267,0.81631166,0.008895394,0.4,0.0,0.13164505,0.019222012
375316653866487564,2016781509646439040,0.5131015,2238.500957911174,0.3599783586552554,3.2135536E-5,19.765554,0.00487941,0.18950462,0.01709785,0.026516147,0.009135505,0.033078033,0.024650402,0.7612536,0.017207015,0.019286094,0.006411849,0.67022157,0.4775146,0.038457125,0.007248732,0.7612536,0.017207015,"TWOGAUSSIANS_WITH_ELLIPSOIDAL_ON_ECLIPSE2",9,1.2654,0.7612536,0.017207015,0.10800213,0.035906356,0.7471357,0.4775396,0.19722462,0.018218502,0.14849043,0.051158827,0.09682817,0.021388719
375316653866487564,2016782192549840384,0.65178406,2210.5919420023197,0.5574590808882081,1.13322985E-5,17.469557,0.0019436051,0.28579584,0.018668631,0.02402764,0.01959671,0.5949347,5.8981943E15,0.78462505,0.009771949,0.02315844,0.0039889137,0.5464544,0.06003848,0.013645177,0.0031565535,0.28579584,0.018668631,"TWOGAUSSIANS_WITH_ELLIPSOIDAL_ON_ECLIPSE1",9,2.258459,0.28579584,0.018668631,0.13455479,0.10974158,0.622225,5.8981943E15,0.78462505,0.009752691,0.12968726,0.022337915,0.5737432,0.060565542
375316653866487564,2016786728035055488,0.5445571,2207.9867357084295,2.0518164805728976,8.721253E-6,16.496784,0.018462202,0.2651902,0.0020691932,0.043284114,0.0059429575,0.28054833,0.035950076,0.7598366,0.0056112357,0.047726575,0.009200283,0.27973875,0.04680529,0.051220596,0.022381043,0.2651902,0.0020691932,"TWOGAUSSIANS_WITH_ELLIPSOIDAL_ON_ECLIPSE1",9,35.443356,0.2651902,0.0020691932,0.24239103,0.033280563,0.38298923,0.019088788,0.76016665,0.005270697,0.2672688,0.051521588,0.38207093,0.044125345
375316653866487564,2016788003645507200,0.51096207,2212.434081859706,0.2995986197650902,4.9777067E-5,16.874754,0.0018039631,0.13297498,0.015156188,0.015213753,0.017457606,0.026656857,6.228073,0.50892925,0.0058423863,0.028047655,0.0027487297,0.41147402,0.047085296,null,null,null,null,"TWOGAUSSIANS",8,13.598228,0.50892925,0.0058423863,0.15706687,0.0153928865,0.41147402,0.047085296,0.13297498,0.015156188,0.08519702,0.09776259,0.026656857,6.228073
375316653866487564,2016789378025747456,0.57136595,2176.614431534968,3.576333836751721,5.668452E-6,18.932272,0.009813567,0.32346907,0.0028216247,0.07058625,0.003533166,0.6605437,0.039529614,0.8226605,0.0028966179,0.07056437,0.0030566007,0.59059644,0.0426649,null,null,null,null,"TWOGAUSSIANS",8,3.0515366,0.32346907,0.0028216247,0.39528298,0.014029253,0.6582368,0.039933108,0.8226605,0.0028966179,0.39516044,0.013756193,0.58828956,0.042990066
375316653866487564,2016790507606380288,0.5082694,2172.696954474511,1.8040502690962381,1.66143E-5,18.072054,0.019709041,0.21767847,0.0044875806,0.118561864,0.02000738,0.10623116,0.017375646,0.7168475,0.004460312,0.1050822,0.013065084,0.14803632,0.019027151,null,null,null,null,"TWOGAUSSIANS",8,1.7507958,0.7168475,0.0044692326,0.4,0.0,0.12799829,0.005767581,0.21767847,0.0044875806,0.4,0.0,0.086167514,0.0038551795
375316653866487564,2016791302180338304,0.6300753,2209.6817819597327,0.3904751433937835,4.9066584E-6,16.781654,0.0018664803,0.26045832,0.001386174,0.026854873,0.0011514691,0.3514251,0.021900592,0.76456577,0.034484327,0.02634492,0.030404838,0.28853154,3692271.0,0.015227064,0.0022416972,0.26045832,0.001386174,"TWOGAUSSIANS_WITH_ELLIPSOIDAL_ON_ECLIPSE1",9,3.6507304,0.26045832,0.001386174,0.15038729,0.006448227,0.3818792,0.022023609,0.76456577,0.034484327,0.14753155,0.17026709,0.31896538,3692271.0
375316653866487564,2016792401691974400,0.56569743,2207.4665589338856,0.4280228872672031,8.137127E-6,13.814389,5.839978E-4,0.19174887,0.002646352,0.020894406,0.0019153245,0.074701004,0.00394828,0.69731796,0.015581376,0.021773182,0.009065462,0.0068907095,0.0033105568,0.008784502,0.0010223868,0.19174887,0.002646352,"TWOGAUSSIANS_WITH_ELLIPSOIDAL_ON_ECLIPSE1",9,12.705617,0.19174887,0.002646352,0.11700867,0.010725817,0.09226998,0.0033786886,0.69731796,0.013236672,0.12192982,0.050766587,0.024438186,0.0022519166
375316653866487564,2016793084587187072,0.5435214,2238.431164744404,1.784929167062691,5.2656815E-6,16.83511,0.0034529304,0.16927737,0.006122184,0.014328358,0.0017931763,0.58981735,0.22603582,0.38074398,0.057356056,0.1005017,0.042708684,0.023306621,0.007349864,null,null,null,null,"TWOGAUSSIANS",8,15.220106,0.16929737,0.006112753,0.080238804,0.010041787,0.59236515,0.22546686,0.38074398,0.057356056,0.4,0.0,0.023306424,0.007347295
