Gaia/vari_eclipsing_binary/VariEclipsingBinary_230227-230249.csv
# %ECSV 1.0
# ---
# delimiter: ','
# meta: !!omap
# - RELEASE: Gaia DR3
# - TABLE: vari_eclipsing_binary
# - DESCRIPTION: >
#     This table describes the properties of the eclipsing binaries resulting from the variability analysis. 
# - CITATION: >
#     How to cite and acknowledge Gaia: 
#     https://gea.esac.esa.int/archive/documentation/credits.html 
# - KNOWN_ISSUES: >
#     Known issues: 
#     https://www.cosmos.esa.int/web/gaia-users/known-issues 
# - DOCUMENTATION: >
#     Tutorials and documentation: 
#     https://www.cosmos.esa.int/web/gaia-users/archive 
# datatype:
# - 
#   name: solution_id
#   datatype: int64
#   description: Solution Identifier
#   meta:
#     ucd: meta.version
# - 
#   name: source_id
#   datatype: int64
#   description: Unique source identifier
#   meta:
#     ucd: meta.id;meta.main
# - 
#   name: global_ranking
#   datatype: float32
#   description: Number between 0 (worst) and 1 (best)
#   meta:
#     ucd: stat.param
# - 
#   name: reference_time
#   datatype: float64
#   unit: d
#   description: Reference time used for the geometric model fit
#   meta:
#     ucd: time.epoch
# - 
#   name: frequency
#   datatype: float64
#   unit: d**-1
#   description: Frequency of geometric model of the eclipsing binary light curve
#   meta:
#     ucd: src.orbital
# - 
#   name: frequency_error
#   datatype: float32
#   unit: d**-1
#   description: "Uncertainty of \\texttt{frequency}"
#   meta:
#     ucd: stat.error
# - 
#   name: geom_model_reference_level
#   datatype: float32
#   unit: mag
#   description: Magnitude reference level of geometric model
#   meta:
#     ucd: phot.mag;em.opt
# - 
#   name: geom_model_reference_level_error
#   datatype: float32
#   unit: mag
#   description: "Uncertainty of \\texttt{geomModelReferenceLevel}"
#   meta:
#     ucd: stat.error;phot.mag;em.opt
# - 
#   name: geom_model_gaussian1_phase
#   datatype: float32
#   description: Phase of the Gaussian 1 component
#   meta:
#     ucd: time.phase
# - 
#   name: geom_model_gaussian1_phase_error
#   datatype: float32
#   description: "Uncertainty of \\texttt{geomModelGaussian1Phase}"
#   meta:
#     ucd: stat.error;time.phase
# - 
#   name: geom_model_gaussian1_sigma
#   datatype: float32
#   description: "Standard deviation [phase] of Gaussian 1 component"
#   meta:
#     ucd: stat.stdev
# - 
#   name: geom_model_gaussian1_sigma_error
#   datatype: float32
#   description: "Uncertainty of \\texttt{geomModelGaussian1Sigma}"
#   meta:
#     ucd: stat.error
# - 
#   name: geom_model_gaussian1_depth
#   datatype: float32
#   unit: mag
#   description: Magnitude depth of Gaussian 1 component
#   meta:
#     ucd: src.var.amplitude
# - 
#   name: geom_model_gaussian1_depth_error
#   datatype: float32
#   unit: mag
#   description: "Uncertainty of \\texttt{geomModelGaussian1Depth}"
#   meta:
#     ucd: stat.error;src.var.amplitude
# - 
#   name: geom_model_gaussian2_phase
#   datatype: float32
#   description: Phase of Gaussian 2 component
#   meta:
#     ucd: time.phase
# - 
#   name: geom_model_gaussian2_phase_error
#   datatype: float32
#   description: "Uncertainty of \\texttt{geomModelGaussian2Phase}"
#   meta:
#     ucd: stat.error;time.phase
# - 
#   name: geom_model_gaussian2_sigma
#   datatype: float32
[...]
#   datatype: float32
#   description: "Secondary eclipse: uncertainty of \\texttt{derivedSecondaryEclDuration}"
#   meta:
#     ucd: stat.error;time.duration
# - 
#   name: derived_secondary_ecl_depth
#   datatype: float32
#   unit: mag
#   description: "Secondary eclipse: depth"
#   meta:
#     ucd: src.var.amplitude
# - 
#   name: derived_secondary_ecl_depth_error
#   datatype: float32
#   unit: mag
#   description: "Secondary eclipse: uncertainty of \\texttt{derivedSecondaryEclDepth}"
#   meta:
#     ucd: stat.error;src.var.amplitude
solution_id,source_id,global_ranking,reference_time,frequency,frequency_error,geom_model_reference_level,geom_model_reference_level_error,geom_model_gaussian1_phase,geom_model_gaussian1_phase_error,geom_model_gaussian1_sigma,geom_model_gaussian1_sigma_error,geom_model_gaussian1_depth,geom_model_gaussian1_depth_error,geom_model_gaussian2_phase,geom_model_gaussian2_phase_error,geom_model_gaussian2_sigma,geom_model_gaussian2_sigma_error,geom_model_gaussian2_depth,geom_model_gaussian2_depth_error,geom_model_cosine_half_period_amplitude,geom_model_cosine_half_period_amplitude_error,geom_model_cosine_half_period_phase,geom_model_cosine_half_period_phase_error,model_type,num_model_parameters,reduced_chi2,derived_primary_ecl_phase,derived_primary_ecl_phase_error,derived_primary_ecl_duration,derived_primary_ecl_duration_error,derived_primary_ecl_depth,derived_primary_ecl_depth_error,derived_secondary_ecl_phase,derived_secondary_ecl_phase_error,derived_secondary_ecl_duration,derived_secondary_ecl_duration_error,derived_secondary_ecl_depth,derived_secondary_ecl_depth_error
[from data line 182]
375316653866487564,2025143463112017920,0.48470148,2243.336726239868,0.7075439977227612,7.6049537E-6,19.777342,0.005752466,0.2257004,0.002504958,0.021983573,0.0015182408,0.5217506,0.037627097,0.7270353,0.0053005507,0.02620289,0.003919219,0.3044678,0.02818302,null,null,null,null,"TWOGAUSSIANS",8,1.6119205,0.2257004,0.002504958,0.123108014,0.008502148,0.5217506,0.037627097,0.7270353,0.0053005507,0.14673617,0.021947628,0.3044678,0.02818302
375316653866487564,2025143570514885632,0.48215097,2234.415199881675,2.7338284018750856,1.6716207E-5,17.926039,0.06178937,0.28840175,0.0056342944,0.11848046,0.03219544,0.18185578,0.056307677,0.79934126,0.005818257,0.11381607,0.029837953,0.17578396,0.05790262,null,null,null,null,"TWOGAUSSIANS",8,6.99136,0.28837174,0.0056110714,0.4,0.0,0.1500444,0.011450043,0.79939127,0.0057567954,0.4,0.0,0.14400093,0.0110441055
375316653866487564,2025143570514887424,0.5966883,2239.7143824069594,0.944446030313312,5.7690577E-6,18.354982,0.0025608293,0.27011678,0.0014277779,0.046323054,0.0015997639,0.6627282,0.015283081,0.77421635,0.006488582,0.046147097,0.0056013763,0.1259477,0.0058765765,null,null,null,null,"TWOGAUSSIANS",8,2.5907853,0.27011678,0.0014277779,0.2594091,0.008958678,0.66272795,0.015283164,0.77421635,0.006488582,0.25842375,0.031367708,0.12594749,0.005876563
375316653866487564,2025144188957042816,0.45024735,2250.5742636362907,2.7140007739360548,1.4129793E-5,18.50352,0.5446745,0.25201932,0.005272723,0.1131817,0.037356477,0.29022595,0.27348202,0.74904245,0.0071463254,0.18741786,0.20606986,0.24616128,0.5364832,null,null,null,null,"TWOGAUSSIANS",8,6.719833,0.25237933,0.00517273,0.4,0.0,0.18208782,0.015409236,0.74904245,0.0071463254,0.4,0.0,0.12402547,0.018379452
375316653866487564,2025144429507995776,0.5282805,2217.4383561129,0.6153395103016376,1.1712429E-5,15.519011,0.083130635,0.2613225,0.002925201,0.1873546,0.03696947,0.15398227,0.077859394,0.7598326,0.0035952658,0.16888474,0.036188588,0.13413116,0.072887234,null,null,null,null,"TWOGAUSSIANS",8,3.7263205,0.2617125,0.0029157703,0.4,0.0,0.05032295,0.0025855696,0.7598326,0.0035952658,0.4,0.0,0.03586935,0.002278419
375316653866487564,2025144601306741248,0.63131666,2233.314090715406,0.17767570283902118,4.2100723E-6,16.237005,8.560639E-4,0.44025376,4.1197243E-4,0.007006684,1.5151848E-4,0.36429676,0.016323807,0.93655217,0.016467325,0.0085127195,0.0060845143,0.3181914,1.9175655,null,null,null,null,"TWOGAUSSIANS",8,2.6977136,0.44025376,4.1197243E-4,0.03923743,8.485035E-4,0.36429676,0.016323807,0.93655217,0.016467325,0.047671232,0.03407328,0.3181914,1.9175655
375316653866487564,2025144803117472128,0.5889309,2249.232212969277,2.2057133036395875,5.0607414E-6,18.6362,0.0076504736,0.24508569,0.0030155075,0.037922755,0.007347842,0.10592651,0.020934684,0.746507,0.0018594117,0.05162203,0.0020701026,0.5629386,0.029650383,0.08740897,0.013710972,0.24508569,0.0030155075,"TWOGAUSSIANS_WITH_ELLIPSOIDAL_ON_ECLIPSE1",9,4.2398705,0.746507,0.0018525384,0.28908336,0.011592574,0.7377373,0.027450256,0.24508569,0.0030155075,0.21236743,0.041147914,0.28073916,0.011164663
375316653866487564,2025145082343006720,0.6058131,2223.9875099912833,2.3174791132638006,3.7180223E-6,17.548822,0.002462089,0.29875636,0.0011380359,0.068550624,0.0010585957,0.3715075,0.007718611,0.7941791,0.0045427573,0.0911014,0.004842284,0.11254357,0.0050956104,null,null,null,null,"TWOGAUSSIANS",8,2.223593,0.29875636,0.0011380359,0.3838835,0.005928136,0.36905816,0.0076812278,0.7941791,0.0045427573,0.4,0.0,0.11009415,0.0051459274
375316653866487564,2025145322827683584,0.5507573,2215.5076260837955,0.2865948631503701,2.947223E-6,18.964024,0.0029329874,0.39201322,0.013180352,0.011417419,0.0039629624,0.7180652,0.58951175,0.88908935,9.210736E-4,0.01264386,8.2222966E-4,0.45480257,0.02994854,null,null,null,null,"TWOGAUSSIANS",8,1.5096198,0.39201322,0.013180352,0.063937545,0.02219259,0.7180652,0.58951175,0.88908935,9.210736E-4,0.07080562,0.004604486,0.45480257,0.02994854
375316653866487564,2025145322827719936,0.5975692,2225.5261345971007,1.2113427959345815,4.669736E-6,17.910044,0.0021152713,0.23310323,0.0033591005,0.030464722,0.0025664964,0.60658276,0.07880141,0.73493654,0.00135016,0.028415902,9.972561E-4,0.68046445,0.026164973,null,null,null,null,"TWOGAUSSIANS",8,3.9323072,0.73493654,0.00135016,0.15912905,0.0055846344,0.68046445,0.026164973,0.23310323,0.0033591005,0.17060244,0.0143723795,0.60658276,0.07880141
375316653866487564,2025145872584282112,0.47495884,2208.9150969453253,1.6999898028661131,1.7008177E-5,18.632273,0.5559651,0.26975644,0.0052908906,0.21755955,0.11687031,0.5296699,0.54915637,0.7634434,0.0055224183,0.14111823,0.020411348,0.52438027,0.33652085,null,null,null,null,"TWOGAUSSIANS",8,4.143773,0.7634434,0.0055224183,0.4,0.0,0.22476563,0.010609531,0.27047643,0.005108744,0.4,0.0,0.15641579,0.00973496
375316653866487564,2025145941303260800,0.42061514,2227.9561088536293,1.6610238804276185,4.6337642E-5,18.82269,0.015055552,0.38554072,0.022335745,0.095359385,0.025500452,0.088358,0.022890553,0.8594118,0.009167864,0.06143085,0.010700114,0.1860405,0.016978487,null,null,null,null,"TWOGAUSSIANS",8,10.277543,0.8594118,0.009167864,0.34401277,0.05992064,0.18522483,0.016536973,0.38554072,0.022335745,0.4,0.0,0.087541915,0.022925586
375316653866487564,2025146044415833088,0.46350053,2228.141183548699,0.031681454811334886,7.9744415E-5,19.835354,0.015605491,0.30397266,0.010946383,0.1140675,0.015294156,0.3134222,0.018512886,0.50356275,0.009985326,0.04745882,0.007040891,0.25740138,0.04853596,null,null,null,null,"TWOGAUSSIANS",8,4.8788557,0.50356275,0.009985326,0.2657694,0.039428987,0.3251707,0.042891815,0.30411264,0.010954277,0.4,0.0,0.31341743,0.018478042
375316653866487564,2025146250574308480,0.48080793,2242.6379844879384,2.3204811122723545,1.4964991E-5,16.639992,0.00701691,0.2051062,0.0051958184,0.06710202,0.0055073714,0.29049292,0.03129412,0.7082305,0.004218933,0.058226157,0.0038393645,0.22996904,0.0069674156,null,null,null,null,"TWOGAUSSIANS",8,81.014725,0.2051062,0.0051958184,0.37577134,0.03084128,0.29032832,0.03136336,0.7082305,0.004218933,0.3260665,0.02150044,0.22980444,0.0068715946
375316653866487564,2025146250574716032,0.6089512,2231.6083648414274,1.7267437040832463,5.120104E-6,16.80375,0.004718563,0.2531406,0.001699208,0.07559166,0.0034274987,0.25723627,0.006650446,0.7444109,0.0015391796,0.07726108,0.0017764214,0.44598383,0.006423302,null,null,null,null,"TWOGAUSSIANS",8,9.497076,0.7444109,0.0015391796,0.4,0.0,0.4433214,0.0061612297,0.2531406,0.001699208,0.4,0.0,0.25457385,0.00674075
375316653866487564,2025146280582354304,0.5938249,2229.6298357442424,2.3262166892399936,6.005535E-6,18.614141,0.011259204,0.25182167,0.0016915477,0.04612645,0.0069167316,0.22544552,0.028257793,0.7476842,0.0017542192,0.04730859,0.004919456,0.31299424,0.024560079,0.11743578,0.01576535,0.25182167,0.0016915477,"TWOGAUSSIANS_WITH_ELLIPSOIDAL_ON_ECLIPSE1",9,3.0692482,0.7481642,0.0015064945,0.2649281,0.027548952,0.54772514,0.01473696,0.25182167,0.0016915477,0.25830814,0.038733695,0.46031654,0.03085232
375316653866487564,2025146800330395520,0.45568764,2220.236054639506,0.9709659484771919,1.3966655E-5,18.229856,0.00795323,0.2590316,0.0065870467,0.039749425,0.0069129653,0.2822013,0.0478669,0.74682635,0.0020046625,0.026515089,0.004387997,0.08222621,0.016998278,null,null,null,null,"TWOGAUSSIANS",8,14.456181,0.2590316,0.0065870467,0.22259678,0.038712606,0.2822013,0.0478669,0.74682635,0.0020046625,0.1484845,0.024572784,0.08222621,0.016998278
375316653866487564,2025146972096702720,0.46456566,2227.3519446619684,1.306034631247199,2.1177642E-5,17.869846,0.0020829428,0.17315051,0.01318349,0.042518415,0.013532637,0.03566377,0.008774709,0.6792263,0.0075486256,0.039188158,0.008386021,0.11309617,0.0124923205,null,null,null,null,"TWOGAUSSIANS",8,3.9355237,0.6792263,0.0075486256,0.21945368,0.046961717,0.11309617,0.012492321,0.17315051,0.01318349,0.2381031,0.07578277,0.03566377,0.008774714
375316653866487564,2025147212614255616,0.43583533,2241.2222253947834,2.6467280375189217,2.1079753E-5,19.841808,0.009822712,0.13615842,0.013695519,0.03679855,0.011621488,0.13859402,0.070601635,0.64998215,0.006988052,0.047876116,0.0071237916,0.35231358,0.062795304,null,null,null,null,"TWOGAUSSIANS",8,4.646236,0.64998215,0.006988052,0.26810625,0.039893232,0.35231355,0.06279531,0.13615842,0.013695519,0.20607188,0.06508033,0.13859402,0.070601635
375316653866487564,2025147212614274560,0.49494353,2207.8740200318102,3.1456503848780373,1.1625757E-5,19.515911,0.04060177,0.27679917,0.0045236023,0.08851661,0.013029702,0.42599192,0.031665355,0.7833503,0.0047516627,0.08087825,0.010461711,0.36984864,0.048282184,null,null,null,null,"TWOGAUSSIANS",8,5.1101856,0.27679917,0.0045236023,0.4,0.0,0.41689494,0.025940016,0.7833503,0.0047516627,0.4,0.0,0.36075175,0.042691905
375316653866487564,2025147586252195840,0.51742256,2226.858223350347,2.7572268750579583,9.521524E-6,18.66621,0.016076896,0.2657742,0.004009926,0.07902512,0.0051993243,0.37616774,0.029434398,0.7649839,0.005391915,0.08855795,0.0078124832,0.3823615,0.016445147,null,null,null,null,"TWOGAUSSIANS",8,7.252399,0.7649839,0.005391915,0.4,0.0,0.3736465,0.013470063,0.2657742,0.004009926,0.4,0.0,0.36745283,0.028531538
375316653866487564,2025147762403093760,0.5437465,2214.38246278895,0.4978778427606939,3.1908814E-5,16.34106,0.0020170715,0.16352387,0.013810037,0.019007504,0.0052112583,0.11534528,0.030938441,0.690432,9.5540345E-5,0.004915706,0.0011363163,2.5374765,9.741225,null,null,null,null,"TWOGAUSSIANS",8,8.638692,0.690432,9.5540345E-5,0.027527953,0.0063633714,2.5374765,9.741225,0.16352387,0.013810037,0.10644203,0.029183045,0.11534528,0.030938441
375316653866487564,2025147861152637824,0.63927084,2263.1308620070354,0.9469608214946521,4.1677235E-6,18.244291,0.006269727,0.22838254,9.5966936E-4,0.04408056,0.0015098704,0.5961177,0.02175365,0.72700286,0.0038172856,0.043685682,0.0063089402,0.20531331,0.030239543,0.119684234,0.008941188,0.22838254,9.5966936E-4,"TWOGAUSSIANS_WITH_ELLIPSOIDAL_ON_ECLIPSE1",9,2.780198,0.22838254,9.5966936E-4,0.24685113,0.008455275,0.835486,0.019307451,0.7272129,0.0033113835,0.24463983,0.035330065,0.44466633,0.03497743
375316653866487564,2025147968529439616,0.5338976,2216.003134591015,2.9459770113230213,1.1050704E-5,19.251225,0.012217844,0.27877253,0.0028489323,0.08121094,0.0047218557,0.4400642,0.024055695,0.79018015,0.004171027,0.08172537,0.003539806,0.6070706,0.021040553,null,null,null,null,"TWOGAUSSIANS",8,3.3928885,0.79018015,0.004171027,0.4,0.0,0.59957415,0.019596208,0.27877253,0.0028489323,0.4,0.0,0.43256772,0.024364794
375316653866487564,2025148037248866048,0.47826806,2205.714124243893,2.199262468236433,1.8824237E-5,18.843733,0.009604323,0.20952813,0.014995345,0.09191409,0.018206656,0.09712862,0.010847188,0.6998069,0.00523237,0.0933697,0.008004608,0.14492488,0.011752725,null,null,null,null,"TWOGAUSSIANS",8,1.9207491,0.6998069,0.00523237,0.4,0.0,0.1395383,0.009490051,0.20952813,0.014995345,0.4,0.0,0.09174215,0.008347457
375316653866487564,2025148758835382144,0.56576765,2236.073071512998,2.694554439345488,5.765631E-6,16.90034,0.011474208,0.282685,0.0013667211,0.09181347,0.003121088,0.4247758,0.0109248515,0.7822909,0.0026648843,0.0949456,0.0046742633,0.40250897,0.014185091,null,null,null,null,"TWOGAUSSIANS",8,17.594006,0.282685,0.0013667211,0.4,0.0,0.40195814,0.0065712733,0.7822909,0.0026648843,0.4,0.0,0.37969086,0.013370731
375316653866487564,2025148995005638272,0.60346687,2238.8576689768656,0.9064088119508988,2.1448725E-6,18.50942,0.006443998,0.2530274,0.0027148232,0.05467409,0.0038718898,0.21587214,0.013145672,0.75406957,5.429212E-4,0.043064915,0.001278954,0.87402827,0.028907167,null,null,null,null,"TWOGAUSSIANS",8,5.682794,0.75406957,5.429212E-4,0.24116352,0.007162142,0.8740267,0.028907683,0.2530274,0.0027148232,0.30617487,0.021682583,0.21587059,0.013146186
375316653866487564,2025149102400091008,0.50358474,2184.625461969837,2.72429376102056,2.090596E-5,19.357712,0.14929508,0.26669118,0.006019792,0.116550796,0.048454512,0.35383415,0.12738922,0.7752466,0.006326425,0.104193285,0.027017392,0.35740995,0.14134434,null,null,null,null,"TWOGAUSSIANS",8,3.8996272,0.7752666,0.0061500566,0.4,0.0,0.30753967,0.032789692,0.26669118,0.006102827,0.4,0.0,0.3038968,0.014703458
375316653866487564,2025149171119647744,0.53911406,2214.989932685838,1.5735726212081678,1.1669461E-5,18.962883,0.0053420817,0.28543937,0.0037991279,0.070095286,0.006077383,0.16599323,0.011606309,0.78639865,0.0025135025,0.05584767,0.0055808765,0.34008813,0.025700904,null,null,null,null,"TWOGAUSSIANS",8,1.6422857,0.78639865,0.0025135025,0.31274694,0.03125291,0.33992308,0.025825996,0.28543937,0.0037991279,0.39253363,0.02996635,0.16582817,0.011643697
375316653866487564,2025149377316857984,0.42303213,2177.8970036117726,3.5497119928548293,1.8154448E-4,18.845478,0.037683606,0.22087513,0.016329575,0.054148905,0.041169155,0.24406916,0.05009623,0.7080756,0.018998664,0.10034543,0.030677604,0.122426055,0.038516562,null,null,null,null,"TWOGAUSSIANS",8,7.808108,0.22087513,0.01632117,0.30323386,0.116311304,0.24288517,0.06608347,0.7080756,0.018998664,0.4,0.0,0.12124087,0.02689353
375316653866487564,2025149888358898688,0.54748416,2221.3954455891553,0.44650805780281955,6.7816327E-6,18.481226,0.0018767471,0.23322916,0.002535779,0.02098298,0.0012982994,0.33217412,0.041312933,0.73361254,0.001038832,0.01941239,9.779797E-4,0.3176735,0.020741776,null,null,null,null,"TWOGAUSSIANS",8,1.3722872,0.23322916,0.002535779,0.11750469,0.007270477,0.33217412,0.041312933,0.73361254,0.001038832,0.108709395,0.005476686,0.3176735,0.020741776
375316653866487564,2025150884804422272,0.5231081,2210.204079815803,1.286551755574753,1.3995662E-5,18.585638,0.003526657,0.7671854,0.0014543899,0.011261296,0.00211549,1.0286163,0.6564903,null,null,null,null,null,null,null,null,null,null,"ONEGAUSSIAN",5,4.653516,0.7671854,0.0014543899,0.06306326,0.011846743,1.0286163,0.0,null,null,null,null,null,null
375316653866487564,2025151060907472000,0.52821255,2228.2763438532197,2.3790875489483745,1.1535495E-5,19.666712,0.014007047,0.21485074,0.005431327,0.08442638,0.006864542,0.7133292,0.046770044,0.7150466,0.0028194555,0.0643685,0.0037884533,0.3703474,0.022646457,null,null,null,null,"TWOGAUSSIANS",8,3.3924117,0.21485074,0.005431327,0.4,0.0,0.7095919,0.047853805,0.7150466,0.0028194555,0.3604636,0.021215338,0.36661014,0.021964999
375316653866487564,2025151541944414976,0.49929515,2251.4091704483294,2.9169044732415106,2.090822E-5,19.551506,0.019099804,0.22321776,0.0034428507,0.079703465,0.0060878126,0.3506885,0.02530319,0.7342966,0.005452116,0.09035781,0.008169868,0.36824998,0.019634454,null,null,null,null,"TWOGAUSSIANS",8,3.7534328,0.7342966,0.005452116,0.4,0.0,0.3603939,0.016567126,0.22321776,0.0034428507,0.4,0.0,0.3428326,0.023999596
375316653866487564,2025151541974673152,0.43639892,2227.992980162965,2.5021363390891054,5.088892E-5,19.65395,0.022593265,0.23039748,0.009612057,0.061826378,0.008994587,0.50426227,0.048189744,0.73613584,0.02141731,0.061626565,0.020357957,0.39618972,0.028745493,null,null,null,null,"TWOGAUSSIANS",8,10.383445,0.23039748,0.009612057,0.34622774,0.050369684,0.5040595,0.048104975,0.73613584,0.02141731,0.34510875,0.087186866,0.39598697,0.02814709
375316653866487564,2025151645023636992,0.4450529,2255.322610195597,1.7442366120591788,1.0347839E-5,19.278503,0.008667,0.3065446,0.0068837246,0.03120475,0.0053350194,0.36288446,0.0865983,0.8052718,0.0025344328,0.029270466,0.005297592,0.29195204,0.03309129,null,null,null,null,"TWOGAUSSIANS",8,11.007743,0.3065446,0.0068837246,0.1747466,0.02987611,0.36288446,0.0865983,0.8052718,0.0025344328,0.1639146,0.029666515,0.29195204,0.03309129
