Gaia/vari_eclipsing_binary/VariEclipsingBinary_686027-686062.csv
# %ECSV 1.0
# ---
# delimiter: ','
# meta: !!omap
# - RELEASE: Gaia DR3
# - TABLE: vari_eclipsing_binary
# - DESCRIPTION: >
#     This table describes the properties of the eclipsing binaries resulting from the variability analysis. 
# - CITATION: >
#     How to cite and acknowledge Gaia: 
#     https://gea.esac.esa.int/archive/documentation/credits.html 
# - KNOWN_ISSUES: >
#     Known issues: 
#     https://www.cosmos.esa.int/web/gaia-users/known-issues 
# - DOCUMENTATION: >
#     Tutorials and documentation: 
#     https://www.cosmos.esa.int/web/gaia-users/archive 
# datatype:
# - 
#   name: solution_id
#   datatype: int64
#   description: Solution Identifier
#   meta:
#     ucd: meta.version
# - 
#   name: source_id
#   datatype: int64
#   description: Unique source identifier
#   meta:
#     ucd: meta.id;meta.main
# - 
#   name: global_ranking
#   datatype: float32
#   description: Number between 0 (worst) and 1 (best)
#   meta:
#     ucd: stat.param
# - 
#   name: reference_time
#   datatype: float64
#   unit: d
#   description: Reference time used for the geometric model fit
#   meta:
#     ucd: time.epoch
# - 
#   name: frequency
#   datatype: float64
#   unit: d**-1
#   description: Frequency of geometric model of the eclipsing binary light curve
#   meta:
#     ucd: src.orbital
# - 
#   name: frequency_error
#   datatype: float32
#   unit: d**-1
#   description: "Uncertainty of \\texttt{frequency}"
#   meta:
#     ucd: stat.error
# - 
#   name: geom_model_reference_level
#   datatype: float32
#   unit: mag
#   description: Magnitude reference level of geometric model
#   meta:
#     ucd: phot.mag;em.opt
# - 
#   name: geom_model_reference_level_error
#   datatype: float32
#   unit: mag
#   description: "Uncertainty of \\texttt{geomModelReferenceLevel}"
#   meta:
#     ucd: stat.error;phot.mag;em.opt
# - 
#   name: geom_model_gaussian1_phase
#   datatype: float32
#   description: Phase of the Gaussian 1 component
#   meta:
#     ucd: time.phase
# - 
#   name: geom_model_gaussian1_phase_error
#   datatype: float32
#   description: "Uncertainty of \\texttt{geomModelGaussian1Phase}"
#   meta:
#     ucd: stat.error;time.phase
# - 
#   name: geom_model_gaussian1_sigma
#   datatype: float32
#   description: "Standard deviation [phase] of Gaussian 1 component"
#   meta:
#     ucd: stat.stdev
# - 
#   name: geom_model_gaussian1_sigma_error
#   datatype: float32
#   description: "Uncertainty of \\texttt{geomModelGaussian1Sigma}"
#   meta:
#     ucd: stat.error
# - 
#   name: geom_model_gaussian1_depth
#   datatype: float32
#   unit: mag
#   description: Magnitude depth of Gaussian 1 component
#   meta:
#     ucd: src.var.amplitude
# - 
#   name: geom_model_gaussian1_depth_error
#   datatype: float32
#   unit: mag
#   description: "Uncertainty of \\texttt{geomModelGaussian1Depth}"
#   meta:
#     ucd: stat.error;src.var.amplitude
# - 
#   name: geom_model_gaussian2_phase
#   datatype: float32
#   description: Phase of Gaussian 2 component
#   meta:
#     ucd: time.phase
# - 
#   name: geom_model_gaussian2_phase_error
#   datatype: float32
#   description: "Uncertainty of \\texttt{geomModelGaussian2Phase}"
#   meta:
#     ucd: stat.error;time.phase
# - 
#   name: geom_model_gaussian2_sigma
#   datatype: float32
[...]
#   datatype: float32
#   description: "Secondary eclipse: uncertainty of \\texttt{derivedSecondaryEclDuration}"
#   meta:
#     ucd: stat.error;time.duration
# - 
#   name: derived_secondary_ecl_depth
#   datatype: float32
#   unit: mag
#   description: "Secondary eclipse: depth"
#   meta:
#     ucd: src.var.amplitude
# - 
#   name: derived_secondary_ecl_depth_error
#   datatype: float32
#   unit: mag
#   description: "Secondary eclipse: uncertainty of \\texttt{derivedSecondaryEclDepth}"
#   meta:
#     ucd: stat.error;src.var.amplitude
solution_id,source_id,global_ranking,reference_time,frequency,frequency_error,geom_model_reference_level,geom_model_reference_level_error,geom_model_gaussian1_phase,geom_model_gaussian1_phase_error,geom_model_gaussian1_sigma,geom_model_gaussian1_sigma_error,geom_model_gaussian1_depth,geom_model_gaussian1_depth_error,geom_model_gaussian2_phase,geom_model_gaussian2_phase_error,geom_model_gaussian2_sigma,geom_model_gaussian2_sigma_error,geom_model_gaussian2_depth,geom_model_gaussian2_depth_error,geom_model_cosine_half_period_amplitude,geom_model_cosine_half_period_amplitude_error,geom_model_cosine_half_period_phase,geom_model_cosine_half_period_phase_error,model_type,num_model_parameters,reduced_chi2,derived_primary_ecl_phase,derived_primary_ecl_phase_error,derived_primary_ecl_duration,derived_primary_ecl_duration_error,derived_primary_ecl_depth,derived_primary_ecl_depth_error,derived_secondary_ecl_phase,derived_secondary_ecl_phase_error,derived_secondary_ecl_duration,derived_secondary_ecl_duration_error,derived_secondary_ecl_depth,derived_secondary_ecl_depth_error
[from data line 327]
375316653866487564,6034582810712330880,0.5493304,2222.9926045156717,3.443736656119835,2.69716E-5,18.7175,0.0059083044,0.26826814,0.0056042103,0.070391916,0.0064264396,0.23332381,0.011039757,0.75887716,0.007200496,0.0721802,0.006641396,0.26133597,0.009813436,null,null,null,null,"TWOGAUSSIANS",8,2.687747,0.75887716,0.007200496,0.4,0.010256035,0.2605005,0.009582041,0.26826814,0.0056042103,0.39419472,0.030135244,0.23248835,0.011007409
375316653866487564,6034582918109911296,0.54523164,2236.4982306352304,3.0443333914095057,1.542012E-5,19.125237,0.009913368,0.23266712,0.004327495,0.040432237,0.005754863,0.2519324,0.039408788,0.72811466,0.009259563,0.042869,0.008566468,0.18105702,0.036421064,0.08731088,0.013789184,0.23266712,0.004327495,"TWOGAUSSIANS_WITH_ELLIPSOIDAL_ON_ECLIPSE1",9,3.2676299,0.23266712,0.004327495,0.22642052,0.03222723,0.4265539,0.031748682,0.7286747,0.008274425,0.24006641,0.047972217,0.3555532,0.030959576
375316653866487564,6034585357633990656,0.41867217,2231.056916126661,3.3730214370387883,3.4054325E-4,19.183182,0.0383531,0.25623146,0.05772036,0.08777529,0.082295634,0.11523939,0.036888305,0.722559,0.029067062,0.057817847,0.04422958,0.15497482,0.033455446,null,null,null,null,"TWOGAUSSIANS",8,8.26324,0.722559,0.029067062,0.32377994,0.097478375,0.15466955,0.02785328,0.25623146,0.05771645,0.4,0.0,0.11493404,0.035520468
375316653866487564,6034585495070992384,0.51076835,2212.9756211300105,3.3495884271616996,2.4368659E-5,16.411207,0.015878484,0.25678656,0.017929902,0.031195743,0.016314028,0.07572095,0.037179694,0.8183906,0.0033491396,0.05139358,0.010270873,0.06377329,0.04177773,0.109144874,0.023337847,0.8183906,0.0033491396,"TWOGAUSSIANS_WITH_ELLIPSOIDAL_ON_ECLIPSE2",9,64.757195,0.8183906,0.0033491396,0.28780407,0.05751689,0.2820623,0.010851373,0.26791656,0.017403033,0.17469616,0.09135856,0.26811224,0.024882857
375316653866487564,6034585593851781120,0.5642217,2204.706533964759,2.0410999203982003,1.5453039E-5,17.823809,0.0035464468,0.27124646,0.0035057587,0.084476836,0.0037211883,0.22632672,0.0068106707,0.7758895,0.00286268,0.07465837,0.0033928347,0.20236568,0.010856256,null,null,null,null,"TWOGAUSSIANS",8,2.928727,0.27124646,0.0035057587,0.4,0.0,0.22351798,0.006808815,0.7758895,0.00286268,0.4,0.0,0.19955696,0.011010815
375316653866487564,6034585666889000960,0.55734396,2225.414292233442,2.6364105978699053,1.6737911E-5,16.307217,0.017955415,0.21854845,0.0043992624,0.08028585,0.0066152834,0.42485067,0.020816412,0.70109034,0.0036821815,0.08610376,0.008117883,0.44945425,0.020191148,null,null,null,null,"TWOGAUSSIANS",8,78.937035,0.70109034,0.0036821815,0.4,0.0,0.44251174,0.021158706,0.21854845,0.0043992624,0.4,0.0,0.41790822,0.019786002
375316653866487564,6034586079185811456,0.56065136,2204.5618977213244,1.506875711547386,2.7557877E-5,17.289528,0.0019722586,0.27567366,0.0036709134,0.063965455,0.00393658,0.13935225,0.0055587534,0.7739958,0.0070061656,0.05242887,0.006650475,0.3165302,0.07216494,null,null,null,null,"TWOGAUSSIANS",8,3.2851126,0.7739958,0.0070061656,0.2936017,0.03724266,0.31649333,0.07218669,0.27567366,0.0036709134,0.35820654,0.022044849,0.13931541,0.0055645076
375316653866487564,6034586319704003712,0.4694283,2241.381971197764,0.040095667664077024,6.556775E-5,18.766808,0.0060664485,0.17098877,0.016350098,0.0077538285,0.010514489,0.09829781,0.13182382,0.57136595,0.007101384,0.10718864,0.0051621855,0.3855235,0.028059363,null,null,null,null,"TWOGAUSSIANS",8,6.3667226,0.57136595,0.007101384,0.4,0.0,0.38550895,0.028064394,0.17099877,0.016340755,0.04342144,0.058881138,0.09864345,0.13168398
375316653866487564,6034586697661024640,0.54186994,2191.3451974297923,2.6672221953831587,1.5131612E-5,19.398771,0.016389113,0.1470984,0.003530667,0.08001667,0.005160709,0.45563713,0.018361546,0.65805423,0.004172528,0.081244215,0.005243022,0.46440035,0.016293965,null,null,null,null,"TWOGAUSSIANS",8,2.447418,0.65805423,0.004172528,0.4,0.0,0.45832205,0.013980434,0.1470984,0.003530667,0.4,0.0,0.44955882,0.016824704
375316653866487564,6034587522314758272,0.5080794,2212.1717061991176,2.1260512225181105,1.3495626E-5,17.487732,0.13375872,0.1500794,0.0032791938,0.20003445,0.056292236,0.24809952,0.13083358,0.6498503,0.0034623859,0.15740182,0.035625156,0.22169693,0.113007315,null,null,null,null,"TWOGAUSSIANS",8,1.5592219,0.15012941,0.0034523422,0.4,0.0,0.07493634,0.002981265,0.6498503,0.0033919269,0.4,0.0,0.067501746,0.0027000129
375316653866487564,6034588621832463616,0.47675288,2246.2686700134395,3.927462547548871,4.6687623E-5,19.707218,0.017861046,0.27982026,0.030385468,0.05247568,0.026303727,0.3250211,0.096487634,0.76155525,0.01852846,0.061290894,0.012863847,0.32279995,0.030362891,null,null,null,null,"TWOGAUSSIANS",8,3.813043,0.27982026,0.030385468,0.2938638,0.14730088,0.32500097,0.09679559,0.76155525,0.01852846,0.343229,0.07203755,0.32277983,0.030177202
375316653866487564,6034588931064534144,0.5531463,2234.176817868296,3.187288492368364,9.709921E-6,17.346256,0.014526116,0.26030776,0.004534292,0.102635644,0.008101913,0.23391959,0.014542142,0.75520426,0.002021375,0.09782137,0.0058934265,0.28398818,0.013404518,null,null,null,null,"TWOGAUSSIANS",8,4.8907533,0.75520426,0.002021375,0.4,0.0,0.26252353,0.007706854,0.26030776,0.004534292,0.4,0.0,0.21245281,0.009940012
375316653866487564,6034589515162111616,0.43110856,2222.19704775844,2.143941402552049,2.2485168E-5,19.118305,0.0075279563,0.21482868,6.911231E-5,0.0059064515,2.3197135E-4,0.243278,0.0056213876,0.7813644,0.0037236433,0.037066612,0.004442314,0.261236,0.05350975,null,null,null,null,"TWOGAUSSIANS",8,6.036973,0.7813644,0.0037236433,0.20757304,0.024876958,0.261236,0.05350975,0.21482868,6.911231E-5,0.033076126,0.0012990396,0.243278,0.0056213876
375316653866487564,6034589991895804928,0.42860955,2233.141045553052,2.5029116264741247,2.7668948E-5,18.990433,0.029103993,0.31817383,0.03568607,0.18234642,0.092871,0.061376646,0.025788907,0.75859135,0.0042217937,0.027651215,0.0061199833,0.17312266,0.035379093,null,null,null,null,"TWOGAUSSIANS",8,3.858016,0.75859135,0.0042217937,0.1548468,0.034271907,0.17343575,0.03572547,0.31817383,0.03568607,0.4,0.0,0.05781547,0.015006153
375316653866487564,6034590511612037632,0.63727313,2225.066107909764,2.1712633214154478,2.9815142E-6,18.343428,0.008992031,0.14002188,0.0034154162,0.04496889,0.004790789,0.17573205,0.032734513,0.6363899,7.928068E-4,0.047661416,0.0012527809,0.68323255,0.020054523,0.09863493,0.01250169,0.14002188,0.0034154162,"TWOGAUSSIANS_WITH_ELLIPSOIDAL_ON_ECLIPSE1",9,3.71321,0.6365699,6.809371E-4,0.26690394,0.007015573,0.88040406,0.011432819,0.14002188,0.0034154162,0.25182578,0.026828418,0.37300125,0.030394113
375316653866487564,6034591473665526144,0.5257409,2215.0843485995088,3.1280300414784112,4.9974762E-5,19.618864,0.018467935,0.27790073,0.0031078123,0.07387009,0.004299773,0.49022835,0.038697433,0.78126043,0.01288334,0.06794184,0.017670551,0.3489402,0.020463388,null,null,null,null,"TWOGAUSSIANS",8,2.3454192,0.27790073,0.0031078123,0.4,0.0,0.4886999,0.038309325,0.78126043,0.01288334,0.38047427,0.04234633,0.34741172,0.019686041
375316653866487564,6034592848056860672,0.5915999,2214.825204103961,3.5885690034702407,1.5645759E-5,19.079037,0.004823527,0.24182512,0.0023619025,0.06889075,0.0030595602,0.5762162,0.04025603,0.73885036,0.002168596,0.06982563,0.0019272858,0.50013924,0.014173315,null,null,null,null,"TWOGAUSSIANS",8,1.5105244,0.24182512,0.0023619025,0.3857882,0.017133538,0.5747174,0.040636264,0.73885036,0.002168596,0.3910235,0.0107928,0.4986404,0.014198616
375316653866487564,6034592916793781120,0.52085114,2236.3314112803837,1.536636650431704,1.0751282E-5,16.554052,0.009122291,0.23518237,0.006223116,0.11436018,0.01427863,0.06490436,0.009208267,0.7390676,0.0028487465,0.11311551,0.01216228,0.07321775,0.008391487,null,null,null,null,"TWOGAUSSIANS",8,2.1259778,0.7390776,0.002854809,0.4,0.0,0.061380167,0.0031708565,0.23517238,0.006234598,0.4,0.0,0.05306598,0.003878955
375316653866487564,6034594291183810688,0.4767961,2250.7698171743227,0.022791158679150863,4.7304584E-5,18.34518,0.0031737734,0.16007005,0.0079785045,0.01408102,0.0019567627,0.09233984,0.059201032,0.6116392,0.0048077935,0.060026698,0.010698635,0.22403406,0.076152086,null,null,null,null,"TWOGAUSSIANS",8,2.8383617,0.6116392,0.0048077935,0.3361495,0.059912357,0.22403406,0.076152086,0.16007005,0.0079785045,0.07885371,0.010957872,0.09233984,0.059201032
375316653866487564,6034594630464065408,0.58921856,2230.3590712931596,2.382203672816626,5.880881E-6,17.770342,0.012314524,0.24071878,0.0037371973,0.109894305,0.0090329265,0.23512039,0.010057469,0.74366474,0.002033503,0.09391949,0.00543705,0.25817683,0.011566027,null,null,null,null,"TWOGAUSSIANS",8,1.9123057,0.74366474,0.002033503,0.4,0.0,0.23492442,0.0059909425,0.24071878,0.0037371973,0.4,0.0,0.21185319,0.009447611
375316653866487564,6034595077139131776,0.6021215,2227.702051559554,3.2584863467426537,5.038605E-6,18.015501,0.0041855914,0.25293884,0.0021626286,0.07720538,0.0022536323,0.35865894,0.00778357,0.7512626,0.0019051328,0.07140388,0.0030033605,0.41543856,0.020792093,null,null,null,null,"TWOGAUSSIANS",8,3.6369696,0.7512626,0.0019051328,0.39986172,0.0073251827,0.4128613,0.021287628,0.25293884,0.0021626286,0.4,0.0,0.3560817,0.0077108834
375316653866487564,6034595390675872896,0.52794296,2219.231260931604,3.263424167976654,1.6936954E-5,19.620909,0.022190887,0.27558303,0.004758398,0.075000465,0.0059447894,0.51097065,0.029039932,0.7636948,0.026246846,0.07347319,0.018761212,0.44433358,0.051781047,null,null,null,null,"TWOGAUSSIANS",8,2.9945748,0.27558303,0.004758398,0.4,0.0,0.50846875,0.02791098,0.7636948,0.026246846,0.4,0.08436349,0.4418317,0.049926717
375316653866487564,6034595626895177088,0.5185167,2239.2272507343228,0.5373817956159329,3.5676923E-5,18.129696,0.0042113047,0.12331108,0.02187627,0.029408105,0.016806709,0.06176878,0.017847225,0.78984314,0.0042881086,0.012043772,0.0043628165,0.48584616,1.8248768,0.01622475,0.0072436566,0.78984314,0.0042881086,"TWOGAUSSIANS_WITH_ELLIPSOIDAL_ON_ECLIPSE2",9,5.9457383,0.78984314,0.0042881086,0.06744512,0.024431773,0.5182955,1.8262993,0.12584108,0.025112262,0.16468538,0.09411757,0.07012782,0.019886322
375316653866487564,6034596318389254272,0.56221694,2247.429692127848,3.687936227074753,1.2115628E-5,19.11916,0.007255805,0.29497692,0.0033403682,0.06984368,0.0028668859,0.42123938,0.012409435,0.7866664,0.0053888494,0.06208106,0.007022369,0.39656368,0.012033459,null,null,null,null,"TWOGAUSSIANS",8,2.2123728,0.29497692,0.0033403682,0.3911246,0.016054561,0.42075095,0.012241517,0.7866664,0.0053888494,0.34765396,0.039325267,0.39607525,0.0120836
375316653866487564,6034596485888794240,0.46537367,2218.0472987198214,1.914064232097027,2.0522586E-5,18.178549,0.014687994,0.12364787,0.0054142117,0.022240127,0.0060191695,0.252782,0.038937725,0.61951023,0.008263929,0.03897684,0.007633003,0.22441097,0.02955243,null,null,null,null,"TWOGAUSSIANS",8,27.683294,0.12364787,0.0054142117,0.1245447,0.033707347,0.252782,0.038937725,0.61951023,0.008263929,0.21827032,0.04274482,0.22441097,0.02955243
375316653866487564,6034598036376078592,0.5050322,2230.268181848103,1.514549155865856,2.5504301E-5,19.072197,0.008561565,0.2588593,0.0074959393,0.046747074,0.008687768,0.14669856,0.023699917,0.7448462,0.006884775,0.05185824,0.00996083,0.3194985,0.04162185,null,null,null,null,"TWOGAUSSIANS",8,4.3778524,0.7448462,0.006884775,0.29040614,0.055780645,0.31949794,0.041624755,0.2588593,0.0074959393,0.2617836,0.048651498,0.14669801,0.023700008
375316653866487564,6034599131589378176,0.54474825,2232.17596284631,2.8029806726328697,1.3205307E-5,18.686115,0.012805031,0.22536196,0.0029297282,0.08091281,0.005711091,0.3468697,0.016841982,0.7192692,0.004220615,0.083120555,0.008667687,0.3635987,0.020704618,null,null,null,null,"TWOGAUSSIANS",8,3.6128073,0.7192692,0.004220615,0.4,0.0,0.35751072,0.022054473,0.22536196,0.0029297282,0.4,0.0,0.34078172,0.01653611
375316653866487564,6034600029259870976,0.4746004,2213.6812399053783,0.1812864659389908,3.8487942E-5,17.21425,0.0017563939,0.36102715,0.0094082365,0.028805707,0.00795042,0.03531596,0.010807035,0.6510917,0.013141716,0.0135677075,0.013841016,0.13807723,0.29095513,0.01824532,0.0045929295,0.6510917,0.013141716,"TWOGAUSSIANS_WITH_ELLIPSOIDAL_ON_ECLIPSE2",9,7.7337627,0.6510917,0.013141716,0.07597916,0.077509694,0.17456782,0.2959316,0.35825714,0.009014196,0.16131195,0.04452235,0.037732992,0.010917129
375316653866487564,6034600334179681408,0.47378355,2219.2538157984245,3.2456815761083484,4.7369416E-5,18.430292,0.0110373525,0.27403003,0.011006548,0.07906153,0.010988478,0.21220577,0.02943893,0.79494494,0.0078115277,0.08591878,0.012808569,0.13843459,0.013446097,null,null,null,null,"TWOGAUSSIANS",8,8.534793,0.27403003,0.011006548,0.4,0.0,0.20989124,0.029873194,0.79494494,0.0078115277,0.4,0.0,0.13612004,0.012471076
375316653866487564,6034601197472766976,0.53764915,2231.663280896005,0.8553592068858338,1.3957564E-5,19.27977,0.012288976,0.26715988,0.0017458345,0.021336043,0.0019695377,0.7195925,0.10921386,0.75948226,0.018023944,0.027248306,0.0077754976,0.43744165,0.25484037,null,null,null,null,"TWOGAUSSIANS",8,4.4782352,0.26715988,0.0017458345,0.11948184,0.011029411,0.7195925,0.10921386,0.75948226,0.018023944,0.15259051,0.043542787,0.43744165,0.25484037
375316653866487564,6034602739362042368,0.64095336,2220.5183858026694,2.485640376115605,4.2755582E-6,16.92429,0.006387969,0.27192372,0.0018248376,0.09686034,0.004765617,0.2910705,0.0061319666,0.7701074,8.008285E-4,0.088987365,0.0018895261,0.3307167,0.006259005,null,null,null,null,"TWOGAUSSIANS",8,3.3906467,0.7701074,8.008285E-4,0.4,0.0,0.31458697,0.0042083594,0.27192372,0.0018248376,0.4,0.0,0.2749399,0.007174735
375316653866487564,6034603671397740416,0.60649407,2202.0475612970517,3.047294186489391,1.268217E-5,16.68961,0.0075149336,0.2762114,0.0020556578,0.047856245,0.007927446,0.08575942,0.015261356,0.7756419,0.0051454143,0.05548164,0.0067787194,0.16635932,0.016700106,0.077192694,0.009448516,0.2762114,0.0020556578,"TWOGAUSSIANS_WITH_ELLIPSOIDAL_ON_ECLIPSE1",9,6.859849,0.77574193,0.004746322,0.31069717,0.037960827,0.3207365,0.00571746,0.2762114,0.0020556578,0.26799497,0.044393696,0.24013822,0.007140742
375316653866487564,6034604221147834752,0.43660116,2243.3776466009513,0.10913668840374638,4.371092E-5,18.93003,0.05623109,0.2896169,0.0179375,0.15587102,0.061181046,0.13609385,0.052829143,0.6694935,0.037965827,0.08896192,0.03548278,0.08938649,0.041853484,null,null,null,null,"TWOGAUSSIANS",8,2.816035,0.2896969,0.01762895,0.4,0.0,0.12694176,0.025095865,0.6694935,0.037965827,0.4,0.014560626,0.08725792,0.030119412
375316653866487564,6034604697866934656,0.6483674,2223.896982289773,1.1163218140617508,1.1447826E-5,17.543694,0.0022909392,0.19333929,0.002370783,0.06500084,0.002904447,0.16011761,0.0053158067,0.6805955,0.0024262432,0.05802459,0.0010823506,0.80776286,0.015815746,null,null,null,null,"TWOGAUSSIANS",8,2.577853,0.6805955,0.0024262432,0.3249377,0.0060611633,0.8076495,0.015809013,0.19333929,0.002370783,0.3640047,0.016264904,0.16000424,0.0053283367
375316653866487564,6034604972744956416,0.64113295,2224.3444553924055,3.7498568944465123,4.944028E-6,16.726158,0.008585792,0.29681513,0.0014976504,0.048091367,0.0022483077,0.45103294,0.020887524,0.79342234,0.0015516886,0.044753518,0.0032377292,0.37740484,0.017382793,0.13819863,0.011719929,0.79342234,0.0015516886,"TWOGAUSSIANS_WITH_ELLIPSOIDAL_ON_ECLIPSE2",9,14.278344,0.2964751,0.0013249507,0.26931167,0.012590523,0.72731614,0.013553335,0.79342234,0.0015516886,0.2506197,0.018131284,0.653801,0.01821089
