Gaia/vari_eclipsing_binary/VariEclipsingBinary_663269-663283.csv
# %ECSV 1.0
# ---
# delimiter: ','
# meta: !!omap
# - RELEASE: Gaia DR3
# - TABLE: vari_eclipsing_binary
# - DESCRIPTION: >
#     This table describes the properties of the eclipsing binaries resulting from the variability analysis. 
# - CITATION: >
#     How to cite and acknowledge Gaia: 
#     https://gea.esac.esa.int/archive/documentation/credits.html 
# - KNOWN_ISSUES: >
#     Known issues: 
#     https://www.cosmos.esa.int/web/gaia-users/known-issues 
# - DOCUMENTATION: >
#     Tutorials and documentation: 
#     https://www.cosmos.esa.int/web/gaia-users/archive 
# datatype:
# - 
#   name: solution_id
#   datatype: int64
#   description: Solution Identifier
#   meta:
#     ucd: meta.version
# - 
#   name: source_id
#   datatype: int64
#   description: Unique source identifier
#   meta:
#     ucd: meta.id;meta.main
# - 
#   name: global_ranking
#   datatype: float32
#   description: Number between 0 (worst) and 1 (best)
#   meta:
#     ucd: stat.param
# - 
#   name: reference_time
#   datatype: float64
#   unit: d
#   description: Reference time used for the geometric model fit
#   meta:
#     ucd: time.epoch
# - 
#   name: frequency
#   datatype: float64
#   unit: d**-1
#   description: Frequency of geometric model of the eclipsing binary light curve
#   meta:
#     ucd: src.orbital
# - 
#   name: frequency_error
#   datatype: float32
#   unit: d**-1
#   description: "Uncertainty of \\texttt{frequency}"
#   meta:
#     ucd: stat.error
# - 
#   name: geom_model_reference_level
#   datatype: float32
#   unit: mag
#   description: Magnitude reference level of geometric model
#   meta:
#     ucd: phot.mag;em.opt
# - 
#   name: geom_model_reference_level_error
#   datatype: float32
#   unit: mag
#   description: "Uncertainty of \\texttt{geomModelReferenceLevel}"
#   meta:
#     ucd: stat.error;phot.mag;em.opt
# - 
#   name: geom_model_gaussian1_phase
#   datatype: float32
#   description: Phase of the Gaussian 1 component
#   meta:
#     ucd: time.phase
# - 
#   name: geom_model_gaussian1_phase_error
#   datatype: float32
#   description: "Uncertainty of \\texttt{geomModelGaussian1Phase}"
#   meta:
#     ucd: stat.error;time.phase
# - 
#   name: geom_model_gaussian1_sigma
#   datatype: float32
#   description: "Standard deviation [phase] of Gaussian 1 component"
#   meta:
#     ucd: stat.stdev
# - 
#   name: geom_model_gaussian1_sigma_error
#   datatype: float32
#   description: "Uncertainty of \\texttt{geomModelGaussian1Sigma}"
#   meta:
#     ucd: stat.error
# - 
#   name: geom_model_gaussian1_depth
#   datatype: float32
#   unit: mag
#   description: Magnitude depth of Gaussian 1 component
#   meta:
#     ucd: src.var.amplitude
# - 
#   name: geom_model_gaussian1_depth_error
#   datatype: float32
#   unit: mag
#   description: "Uncertainty of \\texttt{geomModelGaussian1Depth}"
#   meta:
#     ucd: stat.error;src.var.amplitude
# - 
#   name: geom_model_gaussian2_phase
#   datatype: float32
#   description: Phase of Gaussian 2 component
#   meta:
#     ucd: time.phase
# - 
#   name: geom_model_gaussian2_phase_error
#   datatype: float32
#   description: "Uncertainty of \\texttt{geomModelGaussian2Phase}"
#   meta:
#     ucd: stat.error;time.phase
# - 
#   name: geom_model_gaussian2_sigma
#   datatype: float32
[...]
#   datatype: float32
#   description: "Secondary eclipse: uncertainty of \\texttt{derivedSecondaryEclDuration}"
#   meta:
#     ucd: stat.error;time.duration
# - 
#   name: derived_secondary_ecl_depth
#   datatype: float32
#   unit: mag
#   description: "Secondary eclipse: depth"
#   meta:
#     ucd: src.var.amplitude
# - 
#   name: derived_secondary_ecl_depth_error
#   datatype: float32
#   unit: mag
#   description: "Secondary eclipse: uncertainty of \\texttt{derivedSecondaryEclDepth}"
#   meta:
#     ucd: stat.error;src.var.amplitude
solution_id,source_id,global_ranking,reference_time,frequency,frequency_error,geom_model_reference_level,geom_model_reference_level_error,geom_model_gaussian1_phase,geom_model_gaussian1_phase_error,geom_model_gaussian1_sigma,geom_model_gaussian1_sigma_error,geom_model_gaussian1_depth,geom_model_gaussian1_depth_error,geom_model_gaussian2_phase,geom_model_gaussian2_phase_error,geom_model_gaussian2_sigma,geom_model_gaussian2_sigma_error,geom_model_gaussian2_depth,geom_model_gaussian2_depth_error,geom_model_cosine_half_period_amplitude,geom_model_cosine_half_period_amplitude_error,geom_model_cosine_half_period_phase,geom_model_cosine_half_period_phase_error,model_type,num_model_parameters,reduced_chi2,derived_primary_ecl_phase,derived_primary_ecl_phase_error,derived_primary_ecl_duration,derived_primary_ecl_duration_error,derived_primary_ecl_depth,derived_primary_ecl_depth_error,derived_secondary_ecl_phase,derived_secondary_ecl_phase_error,derived_secondary_ecl_duration,derived_secondary_ecl_duration_error,derived_secondary_ecl_depth,derived_secondary_ecl_depth_error
[from data line 586]
375316653866487564,5834289794004424704,0.55020773,2186.796960394947,2.170967717698745,8.374381E-6,17.66009,0.008370927,0.25649622,0.003723452,0.1011201,0.0059967926,0.2312474,0.009614468,0.75247824,0.0026607956,0.09405456,0.0048717866,0.2619776,0.0075461543,null,null,null,null,"TWOGAUSSIANS",8,4.289346,0.75247824,0.0026607956,0.4,0.0,0.24450283,0.0043226266,0.25649622,0.003723452,0.4,0.0,0.2137707,0.007866145
375316653866487564,5834289970196691072,0.6556293,2174.377455284001,1.271660034972262,4.85022E-6,15.0671625,0.004766386,0.23974802,7.7355304E-4,0.088292666,0.0013344552,0.38847512,0.00503587,0.73225045,0.0010966043,0.07959129,0.0021985276,0.43484944,0.007696354,null,null,null,null,"TWOGAUSSIANS",8,29.095226,0.73225045,0.0010966043,0.4,0.0,0.42636853,0.007972094,0.23974802,7.7355304E-4,0.4,0.0,0.37999415,0.0042997096
375316653866487564,5834290176263344256,0.41474655,2180.331033522666,0.1070926368588956,6.538444E-5,18.12269,0.025766276,0.40966552,0.030083936,0.1408044,0.061819896,0.09982112,0.020777874,0.85381883,0.018463977,0.075158276,0.012660091,0.0949351,0.034252234,null,null,null,null,"TWOGAUSSIANS",8,8.293026,0.40966552,0.030083936,0.4,0.0,0.09304288,0.015585301,0.85381883,0.018463977,0.4,0.0020541595,0.088887624,0.02570056
375316653866487564,5834290623032577920,0.60933393,2174.6440293125906,1.6020566278363149,5.657876E-6,16.191,0.003426714,0.2519664,0.0021032419,0.10758112,0.0042307987,0.11657185,0.0033121058,0.74821246,0.0020660667,0.09146476,0.0027374711,0.16102734,0.0038872168,null,null,null,null,"TWOGAUSSIANS",8,2.3881912,0.74821246,0.0020660667,0.4,0.0,0.15013088,0.00323398,0.2519664,0.0021032419,0.4,0.0,0.10567069,0.0014773324
375316653866487564,5834291134029274752,0.61318773,2184.9308560132413,1.0681975610287233,4.1834955E-6,14.461636,0.013678991,0.26210293,9.631378E-4,0.11245274,0.0069153123,0.134166,0.012862008,0.76516676,0.0012755318,0.1342315,0.012087053,0.100319944,0.013132611,null,null,null,null,"TWOGAUSSIANS",8,6.3351874,0.26206294,9.7008765E-4,0.4,0.0,0.106077276,0.0014852907,0.7651768,0.001279159,0.4,0.0,0.072049566,0.0018620945
375316653866487564,5834291310227182720,0.5305364,2162.314459615726,2.1433666015087844,1.6328073E-5,19.424116,0.008395261,0.2635163,0.0035577752,0.085666575,0.00553955,0.4371785,0.03958868,0.76610047,0.004258045,0.083076075,0.0064838096,0.32597205,0.017365623,null,null,null,null,"TWOGAUSSIANS",8,2.2232687,0.2635163,0.0035577752,0.4,0.0,0.42822206,0.041788734,0.76610047,0.004258045,0.4,0.0,0.31701565,0.018629935
375316653866487564,5834291447666872704,0.5885629,2192.3446025931134,0.6673308856323376,1.0525156E-5,16.035746,0.0012285626,0.26273653,5.8924576E-4,0.023441264,0.0010196166,0.15568623,0.0028176433,0.76307976,0.0026770697,0.023973774,0.0018935177,0.19079763,0.017953504,null,null,null,null,"TWOGAUSSIANS",8,5.9555225,0.76307976,0.0026770697,0.13425314,0.010603699,0.19079763,0.017953504,0.26273653,5.8924576E-4,0.13127108,0.0057098535,0.15568623,0.0028176433
375316653866487564,5834291791263863168,0.5105433,2166.5688887508577,2.490241562220441,2.0650006E-5,16.32964,0.0070513454,0.29463902,0.002515726,0.09084982,0.007900042,0.13070644,0.006809523,0.84529054,0.01135169,0.055439565,0.008176117,0.07807594,0.012281703,null,null,null,null,"TWOGAUSSIANS",8,13.943415,0.29463902,0.002515726,0.4,0.0,0.13053145,0.0067828977,0.84529054,0.01135169,0.31046158,0.045786254,0.07790159,0.012237895
375316653866487564,5834292066050075776,0.43268433,2172.5221770971784,0.06415509705139938,1.4254483E-4,18.520851,0.013358831,0.33839473,0.010489902,0.07760122,0.013971522,0.15486057,0.01817325,0.78952694,0.018688904,0.07378278,0.029993294,0.19664036,0.07995937,null,null,null,null,"TWOGAUSSIANS",8,11.480649,0.78952694,0.018688904,0.4,0.12194026,0.19615446,0.080766805,0.33839473,0.010489902,0.4,0.0032813838,0.15437467,0.017792217
375316653866487564,5834292783330741504,0.5012261,2158.0565972773943,3.213384933904802,1.3270252E-5,18.754911,0.0117387045,0.2516515,0.005031216,0.086988986,0.009342444,0.22181965,0.0142492475,0.7517633,0.0074558584,0.08314996,0.012215752,0.1833403,0.053356778,null,null,null,null,"TWOGAUSSIANS",8,3.362052,0.2516515,0.005031216,0.4,0.0,0.21644768,0.014476771,0.7517633,0.0074558584,0.4,0.0,0.17796835,0.05469695
375316653866487564,5834293062482184576,0.52756506,2156.6286779241577,1.7233885389152994,3.129896E-6,19.415304,0.009269622,0.2616203,0.0032747188,0.046438467,0.014127664,0.22966406,0.023691045,0.759586,8.0088456E-4,0.03340539,0.0011317497,0.864688,0.06596656,null,null,null,null,"TWOGAUSSIANS",8,3.1408525,0.759586,8.0088456E-4,0.18707018,0.006337798,0.864688,0.065966554,0.2616203,0.0032747188,0.2600554,0.07911492,0.22966406,0.023691243
375316653866487564,5834293234281119872,0.46630478,2144.780902807053,2.472606718601806,4.0786716E-5,19.222181,0.0808602,0.24337889,0.008725947,0.10542862,0.03925968,0.23177806,0.06362923,0.74751884,0.009766404,0.11303608,0.029871823,0.22322078,0.07818876,null,null,null,null,"TWOGAUSSIANS",8,3.9933,0.2433689,0.008741914,0.4,0.0,0.20011617,0.026157778,0.74751884,0.00977496,0.4,0.0,0.19153957,0.022408271
375316653866487564,5834293234281157376,0.45284578,2146.5900631958853,3.2452511602755325,3.728977E-5,19.790672,0.060936358,0.22591363,0.012366058,0.10277093,0.026329858,0.25805616,0.05888404,0.72068876,0.0095483335,0.10896837,0.024837565,0.28032243,0.058912016,null,null,null,null,"TWOGAUSSIANS",8,2.9098382,0.72068876,0.0095483335,0.4,0.0,0.24908204,0.0178785,0.22592363,0.012367131,0.4,0.0,0.2268273,0.02093678
375316653866487564,5834293371720222464,0.53808343,2160.4723045565593,3.697133035389934,1.7942895E-5,19.276398,0.013622369,0.23459497,0.0027484454,0.04855238,0.008339548,0.25632566,0.028475989,0.7258467,0.009883405,0.026807724,0.011309787,0.13648586,0.044672772,0.13713071,0.01730103,0.23459497,0.0027484454,"TWOGAUSSIANS_WITH_ELLIPSOIDAL_ON_ECLIPSE1",9,3.3201516,0.23459497,0.0027484454,0.27189332,0.046701465,0.53058654,0.01502019,0.72673666,0.008247844,0.15012325,0.06333481,0.41000342,0.036082204
375316653866487564,5834293406082200832,0.5463818,2151.454397757435,2.0500734412190593,8.19523E-6,19.734848,0.0080127325,0.27244246,0.0046338527,0.076084875,0.0036907196,0.55667585,0.023216886,0.77224517,0.0038410164,0.06332819,0.004162885,0.5193076,0.0423934,null,null,null,null,"TWOGAUSSIANS",8,1.5282497,0.27244246,0.0046338527,0.4,0.0,0.55495477,0.023242736,0.77224517,0.0038410164,0.35463786,0.023312155,0.5175865,0.042723965
375316653866487564,5834294059006660736,0.48760006,2158.4496220454753,1.0130176311764467,2.830287E-5,17.435791,0.012101261,0.25573173,0.010103261,0.09715801,0.010756052,0.14727367,0.013105876,0.7616933,0.008628062,0.08348204,0.010463723,0.18308431,0.012848559,null,null,null,null,"TWOGAUSSIANS",8,10.375068,0.7616933,0.008628062,0.4,0.0,0.17667304,0.008735514,0.25573173,0.010103261,0.4,0.0,0.14086187,0.008556379
375316653866487564,5834294471232543872,0.60985184,2149.142581838943,0.8742909607961856,8.209104E-6,18.433542,0.0041420083,0.23957326,0.0036247794,0.0736044,0.0042547155,0.17902401,0.012061112,0.7425833,0.0012064147,0.061890114,0.0013853883,0.54574394,0.008011504,null,null,null,null,"TWOGAUSSIANS",8,2.0931935,0.7425833,0.0012064147,0.34658465,0.0077581746,0.5451499,0.007989999,0.23957326,0.0036247794,0.4,0.0,0.17842998,0.012146244
375316653866487564,5834294505592503168,0.43523747,2123.9638235268767,1.9262914886082134,6.655271E-5,19.583572,0.2665181,0.22057492,0.023567172,0.22754116,0.17166309,0.24101733,0.25617504,0.7031411,0.00649279,0.11195286,0.02557885,0.32411027,0.16079961,null,null,null,null,"TWOGAUSSIANS",8,2.4174383,0.7031411,0.00649279,0.4,0.0,0.21901393,0.015586705,0.22075492,0.023331475,0.4,0.0,0.092396416,0.014440641
375316653866487564,5834294780560796032,0.5623553,2174.3651439037203,0.3533819482348326,6.227366E-5,14.371367,0.0012534828,0.13385801,0.020390766,0.010400063,0.011032244,0.2722311,0.5334664,0.6346308,0.004675124,0.02650523,0.0031019896,0.2332277,0.026558073,null,null,null,null,"TWOGAUSSIANS",8,39.760212,0.13385801,0.020390766,0.058240354,0.06178057,0.2722311,0.5334664,0.6346308,0.004675124,0.14842929,0.017371142,0.2332277,0.026558073
375316653866487564,5834295021079368064,0.5295283,2171.911389571052,2.5724102337738977,1.6957154E-5,17.007624,0.013276065,0.23763302,0.0020990816,0.053100947,0.0106070675,0.21657056,0.032035936,0.7536699,0.008930927,0.04850605,0.011296629,0.15647781,0.02738011,0.09946045,0.015757494,0.23763302,0.0020990816,"TWOGAUSSIANS_WITH_ELLIPSOIDAL_ON_ECLIPSE1",9,26.860548,0.23763302,0.0020990816,0.2973653,0.05939958,0.4154879,0.04723346,0.7536699,0.008930927,0.2716339,0.06326112,0.3533823,0.019527964
375316653866487564,5834295192786784512,0.53628737,2164.3973886742697,2.8139211429032533,1.4918639E-5,18.927414,0.014965389,0.2342837,0.004261066,0.09055651,0.006304812,0.35708058,0.016777515,0.7231609,0.003565866,0.08275597,0.0051066633,0.4267634,0.020117376,null,null,null,null,"TWOGAUSSIANS",8,4.301373,0.7231609,0.003565866,0.4,0.0,0.41673553,0.018652527,0.2342837,0.004261066,0.4,0.0,0.3470525,0.014902641
375316653866487564,5834295227237805184,0.5851111,2153.518673977278,1.6303500183784627,3.8863855E-6,16.599176,0.0067962,0.303674,5.558133E-4,0.05041746,0.0016223328,0.42109922,0.013206467,0.8100652,0.0021743013,0.04334365,0.004569052,0.14857334,0.014281669,0.01576185,0.008939338,0.303674,5.558133E-4,"TWOGAUSSIANS_WITH_ELLIPSOIDAL_ON_ECLIPSE1",9,19.023174,0.303674,5.558133E-4,0.28233778,0.009085064,0.45262095,0.009173136,0.8100652,0.0021743013,0.24272442,0.025586689,0.18004425,0.008692593
375316653866487564,5834295291557819520,0.54792535,2173.9807347763626,3.0744040961316297,1.5206981E-5,17.110617,0.028657584,0.19666673,0.004065614,0.102311365,0.011644411,0.25035706,0.026998278,0.6803259,0.009479252,0.11331369,0.018757874,0.27757624,0.02593281,null,null,null,null,"TWOGAUSSIANS",8,14.072802,0.6803259,0.009479252,0.4,0.0,0.24756023,0.016334755,0.19669673,0.0040401085,0.4,0.0,0.22037615,0.0073885373
375316653866487564,5834295291557824128,0.43350288,2180.4131117447855,1.161927047975799,2.7522023E-5,16.9055,0.00555936,0.2364608,0.011134236,0.028589232,0.025501262,0.0472425,2789.545,0.7133123,0.0069187847,0.028822273,0.005923387,0.116910234,0.022299785,0.042979117,0.010546667,0.2364608,0.011134236,"TWOGAUSSIANS_WITH_ELLIPSOIDAL_ON_ECLIPSE1",9,66.97461,0.7143623,0.006521326,0.16140473,0.03317097,0.20114435,0.02357433,0.2364608,0.011134236,0.1600997,0.14280707,0.13320073,2789.545
375316653866487564,5834295330225829504,0.4404115,2188.6392139934783,0.6409539695123476,6.123286E-5,15.203837,0.0018412306,0.28632528,0.0027827008,0.029870596,0.0044023474,0.0461082,0.011674326,0.7935258,0.016183674,0.08484427,0.023942644,0.015058395,0.0042597903,null,null,null,null,"TWOGAUSSIANS",8,14.396808,0.28632528,0.0027827008,0.16727534,0.024653146,0.046106216,0.0116746165,0.7935258,0.016183674,0.4,0.029948935,0.015056407,0.0042610406
375316653866487564,5834295502024836736,0.5742949,2155.971705312069,0.9797050510335987,5.9468393E-6,18.96568,0.0048698345,0.2638644,9.270501E-4,0.032977283,0.0011264655,0.8413574,0.032586828,0.7676575,0.009329535,0.037896313,0.0073247813,0.09794386,0.0121570565,null,null,null,null,"TWOGAUSSIANS",8,3.3097706,0.2638644,9.270501E-4,0.18467279,0.006308207,0.8413574,0.032586828,0.7676575,0.009329535,0.21221934,0.041018777,0.09794386,0.0121570565
375316653866487564,5834295948699202304,0.46932623,2161.716547306461,2.4277406647615387,2.2022032E-5,19.845839,0.021071205,0.26214212,0.0052156504,0.080827534,0.007429395,0.41071248,0.05340923,0.7711871,0.012282522,0.07565807,0.014845073,0.36478868,0.038782135,null,null,null,null,"TWOGAUSSIANS",8,2.2753336,0.26214212,0.0052156504,0.4,0.0,0.4068076,0.05334032,0.7711871,0.012282522,0.4,0.0,0.3608838,0.03864367
375316653866487564,5834295948699205760,0.5521073,2151.544984405095,2.0544694712812133,9.057326E-6,18.837465,0.01491031,0.22550902,0.0029575792,0.098509945,0.007858345,0.28843963,0.016049346,0.7201698,0.0033017849,0.08968144,0.00573619,0.38518286,0.017491229,null,null,null,null,"TWOGAUSSIANS",8,2.2082531,0.7201698,0.0033017849,0.4,0.0,0.36725962,0.015506662,0.22550902,0.0029575792,0.4,0.0,0.27051502,0.015551296
375316653866487564,5834296223670292608,0.6090954,2164.4620139158815,1.678487568048569,4.4090834E-6,17.746893,0.0051754816,0.14832692,0.0028856897,0.08920602,0.004255004,0.16977338,0.0057166577,0.6454679,7.963932E-4,0.07136508,0.0017038449,0.4746077,0.006764742,null,null,null,null,"TWOGAUSSIANS",8,2.8703296,0.6454679,7.963932E-4,0.39964446,0.005641662,0.47073817,0.0067772768,0.14832692,0.0028856897,0.4,0.0,0.1659038,0.0051234863
375316653866487564,5834296601537182464,0.5824145,2180.0364387922973,1.5477890295651795,2.1396721E-5,18.786491,0.005449395,0.25878054,0.0018340531,0.04417834,0.0019031258,0.5592724,0.01936486,0.75797784,0.017233865,0.034129906,0.0110630505,0.102378085,0.04003862,0.037985176,0.008470918,0.25878054,0.0018340531,"TWOGAUSSIANS_WITH_ELLIPSOIDAL_ON_ECLIPSE1",9,2.4299798,0.25878054,0.0018340531,0.2473987,0.010657504,0.6352425,0.01843562,0.75802785,0.017161,0.19112748,0.061953083,0.1783464,0.037306234
375316653866487564,5834296704706769792,0.5674462,2173.98895485365,1.6451868953524682,7.819785E-6,15.1300955,0.009185851,0.27742037,0.0021398836,0.09190396,0.006004931,0.23557532,0.009654561,0.78412515,0.0034340736,0.09065373,0.005599067,0.19474584,0.009590203,null,null,null,null,"TWOGAUSSIANS",8,36.231083,0.27742037,0.0021398836,0.4,0.0,0.22647652,0.009733342,0.78412515,0.0034340736,0.4,0.0,0.18564713,0.0074526323
375316653866487564,5834296773334845312,0.51189715,2173.0602610950446,0.309703600523428,4.1079547E-5,17.858828,0.002550622,0.2590651,4.1064286E-5,0.0106254425,1.6467177E-4,0.59913653,0.0069391346,0.774041,0.009349254,0.019991364,0.012775178,1.0061064,1069785.5,null,null,null,null,"TWOGAUSSIANS",8,6.2664995,0.774041,0.009349254,0.11195164,0.071541,1.0061064,1069785.5,0.2590651,4.1064286E-5,0.059502475,9.2216197E-4,0.59913653,0.0069391346
375316653866487564,5834296773334913664,0.60101426,2189.3966835600954,2.7529384073238656,5.9020986E-6,18.752937,0.01214054,0.27029136,0.001393867,0.047601365,0.0036603329,0.5149276,0.033683605,0.7687721,0.0021998738,0.043191515,0.0028625564,0.45166758,0.03868128,0.12885709,0.017785158,0.27029136,0.001393867,"TWOGAUSSIANS_WITH_ELLIPSOIDAL_ON_ECLIPSE1",9,3.412852,0.27029136,0.001393867,0.26656765,0.020497864,0.7726407,0.035029575,0.7688921,0.002012322,0.24187249,0.016030315,0.709359,0.031100433
375316653866487564,5834297013853515264,0.45441732,2163.1157114916055,0.5413255198071337,1.778058E-5,18.343658,0.011845607,0.2504328,0.019351862,0.044380754,0.07881113,0.26476172,0.22701803,0.7389947,0.0036812287,0.031361613,0.007594719,0.083186164,0.011964982,null,null,null,null,"TWOGAUSSIANS",8,3.4667485,0.2504328,0.019351862,0.24853222,0.1550219,0.26476172,0.2276121,0.7389947,0.0036812287,0.17562503,0.04253043,0.083186164,0.011521582
375316653866487564,5834297116932749184,0.52918476,2172.063334358393,1.525218583860943,1.9402107E-5,18.992077,0.010948923,0.2552618,0.0034538005,0.090190224,0.006566187,0.3001592,0.011379937,0.76396376,0.005311794,0.097432815,0.008714799,0.25509167,0.017932551,null,null,null,null,"TWOGAUSSIANS",8,1.7131252,0.2552618,0.0034538005,0.4,0.0,0.2862095,0.009308408,0.76396376,0.005311794,0.4,0.0,0.24114107,0.020509088
375316653866487564,5834297181367828736,0.5249707,2165.6208509900916,0.5825186131213006,1.2729156E-5,18.701368,0.0040179323,0.24587575,0.013981343,0.0467275,0.018911863,0.06307896,0.023814095,0.5429809,0.005876776,0.01758936,0.003239132,0.40999058,0.044474233,0.022128357,0.004647287,0.5429809,0.005876776,"TWOGAUSSIANS_WITH_ELLIPSOIDAL_ON_ECLIPSE2",9,3.5042787,0.5429809,0.005876776,0.098500416,0.018139139,0.45424724,0.044194,0.23986575,0.016223893,0.26167402,0.105906434,0.0673082,0.02387872
