Gaia/vari_eclipsing_binary/VariEclipsingBinary_603388-603448.csv
# %ECSV 1.0
# ---
# delimiter: ','
# meta: !!omap
# - RELEASE: Gaia DR3
# - TABLE: vari_eclipsing_binary
# - DESCRIPTION: >
#     This table describes the properties of the eclipsing binaries resulting from the variability analysis. 
# - CITATION: >
#     How to cite and acknowledge Gaia: 
#     https://gea.esac.esa.int/archive/documentation/credits.html 
# - KNOWN_ISSUES: >
#     Known issues: 
#     https://www.cosmos.esa.int/web/gaia-users/known-issues 
# - DOCUMENTATION: >
#     Tutorials and documentation: 
#     https://www.cosmos.esa.int/web/gaia-users/archive 
# datatype:
# - 
#   name: solution_id
#   datatype: int64
#   description: Solution Identifier
#   meta:
#     ucd: meta.version
# - 
#   name: source_id
#   datatype: int64
#   description: Unique source identifier
#   meta:
#     ucd: meta.id;meta.main
# - 
#   name: global_ranking
#   datatype: float32
#   description: Number between 0 (worst) and 1 (best)
#   meta:
#     ucd: stat.param
# - 
#   name: reference_time
#   datatype: float64
#   unit: d
#   description: Reference time used for the geometric model fit
#   meta:
#     ucd: time.epoch
# - 
#   name: frequency
#   datatype: float64
#   unit: d**-1
#   description: Frequency of geometric model of the eclipsing binary light curve
#   meta:
#     ucd: src.orbital
# - 
#   name: frequency_error
#   datatype: float32
#   unit: d**-1
#   description: "Uncertainty of \\texttt{frequency}"
#   meta:
#     ucd: stat.error
# - 
#   name: geom_model_reference_level
#   datatype: float32
#   unit: mag
#   description: Magnitude reference level of geometric model
#   meta:
#     ucd: phot.mag;em.opt
# - 
#   name: geom_model_reference_level_error
#   datatype: float32
#   unit: mag
#   description: "Uncertainty of \\texttt{geomModelReferenceLevel}"
#   meta:
#     ucd: stat.error;phot.mag;em.opt
# - 
#   name: geom_model_gaussian1_phase
#   datatype: float32
#   description: Phase of the Gaussian 1 component
#   meta:
#     ucd: time.phase
# - 
#   name: geom_model_gaussian1_phase_error
#   datatype: float32
#   description: "Uncertainty of \\texttt{geomModelGaussian1Phase}"
#   meta:
#     ucd: stat.error;time.phase
# - 
#   name: geom_model_gaussian1_sigma
#   datatype: float32
#   description: "Standard deviation [phase] of Gaussian 1 component"
#   meta:
#     ucd: stat.stdev
# - 
#   name: geom_model_gaussian1_sigma_error
#   datatype: float32
#   description: "Uncertainty of \\texttt{geomModelGaussian1Sigma}"
#   meta:
#     ucd: stat.error
# - 
#   name: geom_model_gaussian1_depth
#   datatype: float32
#   unit: mag
#   description: Magnitude depth of Gaussian 1 component
#   meta:
#     ucd: src.var.amplitude
# - 
#   name: geom_model_gaussian1_depth_error
#   datatype: float32
#   unit: mag
#   description: "Uncertainty of \\texttt{geomModelGaussian1Depth}"
#   meta:
#     ucd: stat.error;src.var.amplitude
# - 
#   name: geom_model_gaussian2_phase
#   datatype: float32
#   description: Phase of Gaussian 2 component
#   meta:
#     ucd: time.phase
# - 
#   name: geom_model_gaussian2_phase_error
#   datatype: float32
#   description: "Uncertainty of \\texttt{geomModelGaussian2Phase}"
#   meta:
#     ucd: stat.error;time.phase
# - 
#   name: geom_model_gaussian2_sigma
#   datatype: float32
[...]
#   datatype: float32
#   description: "Secondary eclipse: uncertainty of \\texttt{derivedSecondaryEclDuration}"
#   meta:
#     ucd: stat.error;time.duration
# - 
#   name: derived_secondary_ecl_depth
#   datatype: float32
#   unit: mag
#   description: "Secondary eclipse: depth"
#   meta:
#     ucd: src.var.amplitude
# - 
#   name: derived_secondary_ecl_depth_error
#   datatype: float32
#   unit: mag
#   description: "Secondary eclipse: uncertainty of \\texttt{derivedSecondaryEclDepth}"
#   meta:
#     ucd: stat.error;src.var.amplitude
solution_id,source_id,global_ranking,reference_time,frequency,frequency_error,geom_model_reference_level,geom_model_reference_level_error,geom_model_gaussian1_phase,geom_model_gaussian1_phase_error,geom_model_gaussian1_sigma,geom_model_gaussian1_sigma_error,geom_model_gaussian1_depth,geom_model_gaussian1_depth_error,geom_model_gaussian2_phase,geom_model_gaussian2_phase_error,geom_model_gaussian2_sigma,geom_model_gaussian2_sigma_error,geom_model_gaussian2_depth,geom_model_gaussian2_depth_error,geom_model_cosine_half_period_amplitude,geom_model_cosine_half_period_amplitude_error,geom_model_cosine_half_period_phase,geom_model_cosine_half_period_phase_error,model_type,num_model_parameters,reduced_chi2,derived_primary_ecl_phase,derived_primary_ecl_phase_error,derived_primary_ecl_duration,derived_primary_ecl_duration_error,derived_primary_ecl_depth,derived_primary_ecl_depth_error,derived_secondary_ecl_phase,derived_secondary_ecl_phase_error,derived_secondary_ecl_duration,derived_secondary_ecl_duration_error,derived_secondary_ecl_depth,derived_secondary_ecl_depth_error
[from data line 466]
375316653866487564,5307755223333113344,0.6126074,2122.386750764534,0.34328691057572785,5.4726574E-6,16.190924,6.527896E-4,0.20583598,0.01655493,0.009634771,0.012833735,0.07969589,0.03428094,0.6819539,9.882165E-4,0.016964108,0.0012696391,0.35979012,0.017150937,0.0037305579,0.0010787058,0.20583598,0.01655493,"TWOGAUSSIANS_WITH_ELLIPSOIDAL_ON_ECLIPSE1",9,4.9337993,0.6819639,9.882165E-4,0.09499901,0.0071099787,0.36708456,0.017689291,0.20583598,0.01655493,0.05395472,0.07186892,0.087156996,0.03375807
375316653866487564,5307755670009762944,0.64507306,2105.6073102419496,0.5522542882292387,2.8196484E-6,16.143375,0.0033425726,0.24280272,0.0010595756,0.0430326,0.0022300293,0.14891829,0.0080301305,0.74368167,0.0013023989,0.03989222,0.0016152085,0.19233435,0.008194667,0.06861732,0.0044840425,0.24280272,0.0010595756,"TWOGAUSSIANS_WITH_ELLIPSOIDAL_ON_ECLIPSE1",9,8.909369,0.74368167,0.0012959914,0.22339642,0.009045167,0.3295646,0.0037915932,0.24280272,0.0010595756,0.24098256,0.012488164,0.28615272,0.004802508
375316653866487564,5307755979247187200,0.4242112,2055.479226341178,0.9709901839625417,2.5020638E-5,18.472649,0.01762108,0.22461684,2.3390107E-4,0.01375558,9.716926E-4,1.3429334,0.19331236,0.8781344,0.014406032,0.06190444,0.01030938,0.10817463,0.027664581,null,null,null,null,"TWOGAUSSIANS",8,26.865726,0.22461684,2.3390107E-4,0.07703125,0.0054414785,1.3429335,0.19331236,0.8781344,0.014406032,0.34666488,0.057732526,0.10817463,0.027664581
375316653866487564,5307756902644513152,0.6305849,2123.14911295089,0.6084395546398403,7.738519E-6,16.989965,0.0021690032,0.16908373,0.0016157748,0.047376983,0.0020721636,0.15521431,0.0035073573,0.66203773,0.0041819513,0.04425941,0.0030041575,0.78877497,0.1158201,null,null,null,null,"TWOGAUSSIANS",8,4.927082,0.66203773,0.0041819513,0.24785268,0.01682328,0.78877485,0.11582043,0.16908373,0.0016157748,0.2653111,0.011604116,0.15521416,0.0035073597
375316653866487564,5307757456715773312,0.4611415,2131.956120625685,0.7794859966213793,1.676002E-5,17.090715,0.0029008707,0.6261764,0.039225116,0.027885089,0.028142825,0.021876004,190455.7,0.8197629,0.002289896,0.012202666,0.004197074,0.36140746,0.11302061,null,null,null,null,"TWOGAUSSIANS",8,30.277416,0.8197629,0.002289896,0.06833493,0.023503615,0.36140746,0.11302061,0.6261764,0.039225116,0.1561565,0.15759982,0.021876004,190455.7
375316653866487564,5307757555479551360,0.55928504,2129.755017033952,1.4713634858791742,2.3974875E-5,18.134623,0.005122767,0.28359395,0.0016077294,0.03213962,0.0021758997,0.2611668,0.012853497,0.7866842,0.014148973,0.030317208,0.009844159,0.07151542,0.02936062,0.027162202,0.0074285865,0.28359395,0.0016077294,"TWOGAUSSIANS_WITH_ELLIPSOIDAL_ON_ECLIPSE1",9,2.711258,0.28359395,0.0016077294,0.17998189,0.012185038,0.3154912,0.0058010314,0.7866842,0.014129955,0.16977637,0.05512729,0.12581934,0.028218938
375316653866487564,5307757697234157312,0.48289,2118.503808718896,2.7208237673684437,1.4667682E-5,16.609434,0.40792036,0.1876464,0.0124441795,0.11325014,0.07720809,0.10333777,0.3041238,0.70530707,0.0072602057,0.12946723,0.14018956,0.1147599,0.39440885,null,null,null,null,"TWOGAUSSIANS",8,11.499567,0.7053571,0.0058370368,0.4,0.0,0.09234351,0.005946826,0.1873964,0.007712614,0.4,0.0,0.0810566,0.005465327
375316653866487564,5307758448835463168,0.49195987,2073.740725871927,0.4065922042505502,8.16358E-6,19.44625,0.005376056,0.19565101,0.008617845,0.01666208,0.0027128076,1.122465,0.8516393,0.6883122,0.008312072,0.025448455,0.008995441,0.24143855,0.034260344,null,null,null,null,"TWOGAUSSIANS",8,1.8283503,0.19565101,0.008617845,0.093307644,0.015191722,1.122465,0.8516393,0.6883122,0.008312072,0.14251135,0.050374467,0.24143855,0.034260344
375316653866487564,5307758517552365696,0.5497183,2113.1766285361,0.5548037170975775,1.0197842E-5,17.548899,0.00196429,0.26826224,0.002378359,0.039793495,0.0059043514,0.0502227,0.005622964,0.7646395,0.017602278,0.028136613,0.019765612,0.11933842,3.643493,0.037538752,0.002753733,0.26826224,0.002378359,"TWOGAUSSIANS_WITH_ELLIPSOIDAL_ON_ECLIPSE1",9,1.7139306,0.7647795,0.01737952,0.15756503,0.11068742,0.19437833,3.6454132,0.26826224,0.002378359,0.22284357,0.03306437,0.12530002,0.0042597246
375316653866487564,5307759239107140864,0.4661549,2039.5283675869496,2.7252395793335538,2.0296415E-5,19.625391,0.016848687,0.24390851,0.0064346166,0.0850714,0.009888253,0.22996171,0.021305572,0.7448063,0.010378517,0.09255421,0.015052354,0.22940783,0.02273283,null,null,null,null,"TWOGAUSSIANS",8,1.8164146,0.24390851,0.0064346166,0.4,0.0,0.22135395,0.01881274,0.7448063,0.010378517,0.4,0.0,0.22079986,0.021813963
375316653866487564,5307759410905647616,0.47049832,2099.9642808905037,2.8210216204679006,1.29124755E-5,18.992464,0.022598177,0.23171411,0.0031410954,0.07076224,0.0050851814,0.35428542,0.03534526,0.7177603,0.010622564,0.07817679,0.015664969,0.37507278,0.05675966,null,null,null,null,"TWOGAUSSIANS",8,8.414775,0.7177603,0.010622564,0.4,0.0,0.37318006,0.05742139,0.23171411,0.0031410954,0.39626855,0.023938727,0.35239267,0.034343798
375316653866487564,5307760441697611776,0.4473705,2136.6988569326018,1.7955226641885587,2.5871997E-5,17.261183,0.0058497717,0.24274157,0.022546515,0.06562372,0.024807673,0.08633253,0.041727178,0.76387745,0.008245746,0.05937207,0.008924136,0.19168103,0.025906429,null,null,null,null,"TWOGAUSSIANS",8,52.329594,0.76387745,0.008245746,0.33248362,0.04997516,0.19163895,0.025927905,0.24274157,0.022546515,0.36749285,0.13892296,0.08629046,0.041762613
375316653866487564,5307761163254886016,0.52237636,2082.41988274169,0.6650339442730437,1.5531345E-5,18.451773,0.0033491356,0.3777093,0.004856379,0.045768302,0.003625383,0.34163156,0.017868364,0.7242025,0.0800595,0.062882274,0.05897336,0.038144376,0.029461516,null,null,null,null,"TWOGAUSSIANS",8,2.088193,0.3777093,0.0048250942,0.2563025,0.020302143,0.34163156,0.017787956,0.7242025,0.0800595,0.35214075,0.1216376,0.038144372,0.029465025
375316653866487564,5307762060922672256,0.5553731,2106.755418855612,0.8869382131107243,1.2303478E-5,19.425508,0.0060610957,0.11174397,0.017255744,0.008204763,0.0053590285,0.7364624,397.99847,0.47587022,0.002812929,0.031594466,0.0042271335,0.6141835,0.080694385,null,null,null,null,"TWOGAUSSIANS",8,2.022197,0.11174397,0.017255744,0.045946673,0.030010559,0.7364624,397.99847,0.47587022,0.002812929,0.17692901,0.023671946,0.6141835,0.080694385
375316653866487564,5307762709443111040,0.5672746,2099.56307414282,2.1615341656301275,8.081947E-6,19.53929,0.012817068,0.28777146,0.0022067653,0.077590525,0.002668501,0.6815852,0.02919127,0.78652227,0.0044915816,0.080188505,0.004907514,0.61926323,0.023834711,null,null,null,null,"TWOGAUSSIANS",8,1.9681304,0.28777146,0.0022067653,0.4,0.0,0.67323524,0.02870397,0.78652227,0.0044915816,0.4,0.0,0.6109132,0.023680259
375316653866487564,5307764912779396352,0.630623,2100.8249813567204,1.3336695215817973,9.323257E-6,16.462969,0.004475022,0.24527231,0.0013579174,0.040673874,0.0031204135,0.19531186,0.015479605,0.7474856,0.0048869373,0.038970135,0.003330729,0.36537936,0.031280734,0.026193738,0.0051100473,0.24527231,0.0013579174,"TWOGAUSSIANS_WITH_ELLIPSOIDAL_ON_ECLIPSE1",9,7.447329,0.7474856,0.0048869373,0.21823275,0.018652081,0.41775662,0.030449845,0.24527231,0.0013579174,0.2277737,0.017474316,0.24769923,0.01686524
375316653866487564,5307764977183498880,0.494769,2104.6433183971817,0.3388085579513563,9.179513E-6,14.603526,0.0015265889,0.28437996,0.0018522904,0.01612362,0.0011700857,0.08795117,0.0064855656,0.7910213,0.020953672,0.015708212,0.016918298,0.047110435,0.17930867,0.0077608465,0.0021347718,0.28437996,0.0018522904,"TWOGAUSSIANS_WITH_ELLIPSOIDAL_ON_ECLIPSE1",9,31.969475,0.28437996,0.0018522904,0.09029228,0.00655248,0.103472844,0.00688386,0.7910213,0.020953672,0.08796598,0.09474246,0.062605105,0.17960204
375316653866487564,5307765771772564992,0.5218394,2069.213355035421,1.0497090833120808,9.5855885E-6,14.046541,0.04155295,0.2765082,0.0032606295,0.16184391,0.013059014,0.35198468,0.049029395,0.7792602,0.0027236405,0.24458128,0.025755338,0.45511577,0.041712616,null,null,null,null,"TWOGAUSSIANS",8,29.507565,0.27429822,0.003991468,0.4,0.0,0.08702032,0.004606223,0.7802102,0.0027694798,0.4,0.0,0.08366197,0.00396538
375316653866487564,5307766596406283392,0.6125973,2074.0209367904995,0.19871503077126446,1.5789724E-6,17.251581,9.828515E-4,0.2410747,0.010302897,0.01072903,0.009747991,0.2730798,106233.016,0.7364074,6.415607E-4,0.0077898367,7.9872133E-4,0.25681,0.023536734,null,null,null,null,"TWOGAUSSIANS",8,1.4205208,0.2410747,0.010302897,0.060082566,0.05458875,0.2730798,106233.016,0.7364074,6.415607E-4,0.043623086,0.0044728396,0.25681,0.023536734
375316653866487564,5307766596406287744,0.63487554,2073.047354096875,0.2699770678064189,1.2555361E-6,16.985254,0.0019909395,0.20952408,8.4750203E-4,0.014673426,7.2602823E-4,0.4563492,0.0062515084,0.7088118,0.0044330885,0.015266773,0.0050414465,0.180765,0.074857615,null,null,null,null,"TWOGAUSSIANS",8,6.732393,0.20952408,8.4750203E-4,0.08217119,0.004065758,0.4563492,0.0062515084,0.7088118,0.0044330885,0.08549393,0.0282321,0.180765,0.074857615
375316653866487564,5307767829042171904,0.4877063,2111.145609789919,1.3899696816183817,7.161561E-6,17.042564,0.0012432189,0.24213718,0.001646302,0.02952466,0.0029308596,0.07234133,0.0064776633,null,null,null,null,null,null,0.013594807,0.0023143273,0.24213718,0.001646302,"ONEGAUSSIAN_WITH_ELLIPSOIDAL",6,2.9675066,0.24213718,0.001646302,0.1653381,0.016412813,0.09953092,0.0078119365,null,null,null,null,null,null
375316653866487564,5307767966483267200,0.48756918,2082.3444292759764,2.6467843157020154,1.0836161E-5,19.128021,0.017940499,0.21833809,0.0049108523,0.0665058,0.0058468315,0.54365796,0.058054224,0.7293309,0.004673212,0.06550616,0.009639249,0.6316736,0.10697225,null,null,null,null,"TWOGAUSSIANS",8,16.67139,0.7293309,0.004673212,0.36683452,0.052518845,0.63102037,0.10755779,0.21833809,0.0049108523,0.37243247,0.03274226,0.54300475,0.058189355
375316653866487564,5307768554911407616,0.59840864,2122.637397626613,0.49303558640224504,2.1024689E-5,14.634305,7.553127E-4,0.5814235,0.002685527,0.015237852,0.004449164,0.546415,0.1242495,null,null,null,null,null,null,null,null,null,null,"ONEGAUSSIAN",5,22.870937,0.5814235,0.002685527,0.08533197,0.024915319,0.546415,0.0,null,null,null,null,null,null
375316653866487564,5307768928548707328,0.52356416,2101.95158973662,3.0965088021696467,1.315927E-5,18.28251,0.01057785,0.25348416,0.0063880025,0.07536125,0.011256007,0.32943854,0.011834641,0.75022304,0.006878652,0.070574105,0.021517433,0.20425251,0.015624157,null,null,null,null,"TWOGAUSSIANS",8,6.508686,0.25348416,0.0063880025,0.4,0.037763085,0.3280741,0.010637703,0.75022304,0.006878652,0.39521497,0.031599388,0.20288806,0.018010668
375316653866487564,5307769134714368512,0.561986,2122.6345188706337,1.6459548203643222,9.73256E-6,19.464306,0.009419008,0.2521612,0.0014082241,0.040714182,0.0024879195,0.7233225,0.040879034,0.7506329,0.009588108,0.03232266,0.011492097,0.23795977,0.21527806,0.082853906,0.016068755,0.2521612,0.0014082241,"TWOGAUSSIANS_WITH_ELLIPSOIDAL_ON_ECLIPSE1",9,2.932394,0.2521612,0.0014082241,0.22799942,0.013932349,0.88903016,0.04424545,0.75071293,0.009450685,0.1810069,0.06435574,0.40365297,0.21270227
375316653866487564,5307769276465854848,0.5084914,2093.176742679177,1.0095186359666417,3.6728336E-5,17.880774,0.0017480039,0.80307406,9.118904E-4,0.026770286,0.0015203233,0.3180147,0.034951486,null,null,null,null,null,null,null,null,null,null,"ONEGAUSSIAN",5,2.1822624,0.80307406,9.118904E-4,0.1499136,0.00851381,0.3180147,0.0,null,null,null,null,null,null
375316653866487564,5307769547028979072,0.5992308,2111.953422950633,2.96653095179116,6.121487E-6,18.086037,0.0050265286,0.30040687,0.003353521,0.07404961,0.0037664361,0.3424617,0.012876614,0.79778564,0.0019672345,0.07672968,0.002613286,0.49270362,0.008828242,null,null,null,null,"TWOGAUSSIANS",8,5.681301,0.79778564,0.0019672345,0.4,0.0,0.48952323,0.008867099,0.30040687,0.003353521,0.4,2.9281803E-4,0.33928132,0.013142204
375316653866487564,5307770715262299392,0.5027374,2108.090096516198,1.0526119804448777,1.8531913E-5,19.520792,0.0067805266,0.24370867,0.013268252,0.052710336,0.009204625,0.71167034,0.22704256,0.7220554,0.0090443995,0.05439892,0.00882634,0.15043686,0.022490077,null,null,null,null,"TWOGAUSSIANS",8,2.3747098,0.24370867,0.013268252,0.29517788,0.0515459,0.7116658,0.22705571,0.7220554,0.0090443995,0.30463398,0.0494275,0.15043235,0.022490038
375316653866487564,5307772089644660608,0.5003145,2110.9293596068946,0.3993766280723848,4.4284578E-5,14.004793,0.0059043267,0.1679277,0.0022554745,0.012860372,0.0031602872,0.37696314,0.036852926,0.46404353,0.013980314,0.041215967,0.010215627,0.34178314,0.03902854,0.012086699,0.008482579,0.1679277,0.0022554745,"TWOGAUSSIANS_WITH_ELLIPSOIDAL_ON_ECLIPSE1",9,407.50266,0.1679277,0.0022554745,0.07201808,0.017697608,0.40113655,0.039383214,0.46446353,0.013787347,0.23080942,0.05720751,0.34377384,0.039251503
375316653866487564,5307772575000609408,0.69701,2123.8349308880474,0.4840622120932269,3.5542193E-6,13.493318,5.666054E-4,0.26235795,5.136006E-4,0.025911288,4.2502503E-4,0.281315,0.008716886,0.7659003,8.847275E-4,0.017524917,0.0023854328,0.3680181,0.059997804,0.01427359,7.8993494E-4,0.26235795,5.136006E-4,"TWOGAUSSIANS_WITH_ELLIPSOIDAL_ON_ECLIPSE1",9,13.496503,0.7659003,8.847275E-4,0.09813954,0.013358424,0.3965511,0.060418084,0.26235795,5.136006E-4,0.14510322,0.0023801401,0.30986217,0.008715463
375316653866487564,5307772884229123840,0.49014416,2115.9710474477693,2.702706270199018,1.1515957E-5,19.647276,0.018727861,0.25158662,0.0054740035,0.09302486,0.010824176,0.30794176,0.019057926,0.7619067,0.0040224097,0.08112679,0.0074215275,0.3403713,0.030943846,null,null,null,null,"TWOGAUSSIANS",8,1.7028391,0.7619067,0.0040224097,0.4,0.0,0.33158618,0.030601481,0.25158662,0.0054740035,0.4,0.0,0.29915625,0.018098889
375316653866487564,5307773945077684992,0.52352303,2122.7912221308297,2.407100086032321,1.1921987E-5,18.92216,0.008858903,0.26140133,0.003682961,0.08114227,0.005743962,0.2204569,0.010208859,0.7634058,0.004548184,0.09223153,0.010082638,0.21079376,0.022427922,null,null,null,null,"TWOGAUSSIANS",8,1.6343763,0.26140133,0.003682961,0.4,0.0,0.21396548,0.009111619,0.7634058,0.004548184,0.4,0.0,0.20430216,0.024841346
375316653866487564,5307774013795273600,0.4788299,2124.99603112776,0.4656920127795619,4.4555385E-5,18.062614,0.0027296022,0.1829594,6.4098864E-4,0.0080894865,0.00159271,0.09510142,0.0062534246,0.7955979,0.0126325665,0.01261333,0.008059371,0.20114423,0.10374783,null,null,null,null,"TWOGAUSSIANS",8,3.9436157,0.7955979,0.0126325665,0.07063465,0.045132477,0.20114423,0.10374783,0.1829594,6.4098864E-4,0.04530113,0.008919177,0.09510142,0.0062534246
375316653866487564,5307774151234242944,0.48422012,2116.8451750486934,0.6273897993804168,2.7449238E-5,17.255566,0.0015461555,0.17370258,0.03931614,0.032312423,0.020472197,0.08898804,0.121806346,0.6990445,0.007415653,0.03947272,0.008443542,0.016080065,0.0022300126,null,null,null,null,"TWOGAUSSIANS",8,1.5410548,0.17370258,0.03931614,0.18094955,0.114644304,0.08898804,0.12180634,0.6990445,0.007415653,0.22104724,0.047283836,0.016080065,0.0022300093
375316653866487564,5307775491264121088,0.44300613,2083.710780717861,2.545815200571818,6.0293616E-5,18.582886,0.004971201,0.13615239,0.01777284,0.021776827,0.01942348,0.10362775,4.071447E29,0.6464725,0.0038653407,0.02098101,0.0027409948,0.23863085,0.06240165,0.021993395,0.0063766018,0.13615239,0.01777284,"TWOGAUSSIANS_WITH_ELLIPSOIDAL_ON_ECLIPSE1",9,5.0253825,0.6464725,0.0038656944,0.11749366,0.015349571,0.28243285,0.06400043,0.13615239,0.01777284,0.12195023,0.10877149,0.14761443,4.071447E29
