Gaia/vari_eclipsing_binary/VariEclipsingBinary_205234-205346.csv
# %ECSV 1.0
# ---
# delimiter: ','
# meta: !!omap
# - RELEASE: Gaia DR3
# - TABLE: vari_eclipsing_binary
# - DESCRIPTION: >
#     This table describes the properties of the eclipsing binaries resulting from the variability analysis. 
# - CITATION: >
#     How to cite and acknowledge Gaia: 
#     https://gea.esac.esa.int/archive/documentation/credits.html 
# - KNOWN_ISSUES: >
#     Known issues: 
#     https://www.cosmos.esa.int/web/gaia-users/known-issues 
# - DOCUMENTATION: >
#     Tutorials and documentation: 
#     https://www.cosmos.esa.int/web/gaia-users/archive 
# datatype:
# - 
#   name: solution_id
#   datatype: int64
#   description: Solution Identifier
#   meta:
#     ucd: meta.version
# - 
#   name: source_id
#   datatype: int64
#   description: Unique source identifier
#   meta:
#     ucd: meta.id;meta.main
# - 
#   name: global_ranking
#   datatype: float32
#   description: Number between 0 (worst) and 1 (best)
#   meta:
#     ucd: stat.param
# - 
#   name: reference_time
#   datatype: float64
#   unit: d
#   description: Reference time used for the geometric model fit
#   meta:
#     ucd: time.epoch
# - 
#   name: frequency
#   datatype: float64
#   unit: d**-1
#   description: Frequency of geometric model of the eclipsing binary light curve
#   meta:
#     ucd: src.orbital
# - 
#   name: frequency_error
#   datatype: float32
#   unit: d**-1
#   description: "Uncertainty of \\texttt{frequency}"
#   meta:
#     ucd: stat.error
# - 
#   name: geom_model_reference_level
#   datatype: float32
#   unit: mag
#   description: Magnitude reference level of geometric model
#   meta:
#     ucd: phot.mag;em.opt
# - 
#   name: geom_model_reference_level_error
#   datatype: float32
#   unit: mag
#   description: "Uncertainty of \\texttt{geomModelReferenceLevel}"
#   meta:
#     ucd: stat.error;phot.mag;em.opt
# - 
#   name: geom_model_gaussian1_phase
#   datatype: float32
#   description: Phase of the Gaussian 1 component
#   meta:
#     ucd: time.phase
# - 
#   name: geom_model_gaussian1_phase_error
#   datatype: float32
#   description: "Uncertainty of \\texttt{geomModelGaussian1Phase}"
#   meta:
#     ucd: stat.error;time.phase
# - 
#   name: geom_model_gaussian1_sigma
#   datatype: float32
#   description: "Standard deviation [phase] of Gaussian 1 component"
#   meta:
#     ucd: stat.stdev
# - 
#   name: geom_model_gaussian1_sigma_error
#   datatype: float32
#   description: "Uncertainty of \\texttt{geomModelGaussian1Sigma}"
#   meta:
#     ucd: stat.error
# - 
#   name: geom_model_gaussian1_depth
#   datatype: float32
#   unit: mag
#   description: Magnitude depth of Gaussian 1 component
#   meta:
#     ucd: src.var.amplitude
# - 
#   name: geom_model_gaussian1_depth_error
#   datatype: float32
#   unit: mag
#   description: "Uncertainty of \\texttt{geomModelGaussian1Depth}"
#   meta:
#     ucd: stat.error;src.var.amplitude
# - 
#   name: geom_model_gaussian2_phase
#   datatype: float32
#   description: Phase of Gaussian 2 component
#   meta:
#     ucd: time.phase
# - 
#   name: geom_model_gaussian2_phase_error
#   datatype: float32
#   description: "Uncertainty of \\texttt{geomModelGaussian2Phase}"
#   meta:
#     ucd: stat.error;time.phase
# - 
#   name: geom_model_gaussian2_sigma
#   datatype: float32
[...]
#   datatype: float32
#   description: "Secondary eclipse: uncertainty of \\texttt{derivedSecondaryEclDuration}"
#   meta:
#     ucd: stat.error;time.duration
# - 
#   name: derived_secondary_ecl_depth
#   datatype: float32
#   unit: mag
#   description: "Secondary eclipse: depth"
#   meta:
#     ucd: src.var.amplitude
# - 
#   name: derived_secondary_ecl_depth_error
#   datatype: float32
#   unit: mag
#   description: "Secondary eclipse: uncertainty of \\texttt{derivedSecondaryEclDepth}"
#   meta:
#     ucd: stat.error;src.var.amplitude
solution_id,source_id,global_ranking,reference_time,frequency,frequency_error,geom_model_reference_level,geom_model_reference_level_error,geom_model_gaussian1_phase,geom_model_gaussian1_phase_error,geom_model_gaussian1_sigma,geom_model_gaussian1_sigma_error,geom_model_gaussian1_depth,geom_model_gaussian1_depth_error,geom_model_gaussian2_phase,geom_model_gaussian2_phase_error,geom_model_gaussian2_sigma,geom_model_gaussian2_sigma_error,geom_model_gaussian2_depth,geom_model_gaussian2_depth_error,geom_model_cosine_half_period_amplitude,geom_model_cosine_half_period_amplitude_error,geom_model_cosine_half_period_phase,geom_model_cosine_half_period_phase_error,model_type,num_model_parameters,reduced_chi2,derived_primary_ecl_phase,derived_primary_ecl_phase_error,derived_primary_ecl_duration,derived_primary_ecl_duration_error,derived_primary_ecl_depth,derived_primary_ecl_depth_error,derived_secondary_ecl_phase,derived_secondary_ecl_phase_error,derived_secondary_ecl_duration,derived_secondary_ecl_duration_error,derived_secondary_ecl_depth,derived_secondary_ecl_depth_error
[from data line 220]
375316653866487564,1805699432014344832,0.4389965,2217.432439967503,3.5693800125147437,1.11006244E-4,18.404045,0.02491633,0.24545339,0.02621622,0.07497666,0.02325729,0.3332702,0.046466757,0.7420653,0.01416745,0.08330205,0.018685509,0.34876883,0.048954636,null,null,null,null,"TWOGAUSSIANS",8,47.98628,0.7420653,0.01416745,0.4,0.0,0.34443188,0.050896898,0.24545339,0.02621622,0.4,0.06598021,0.32893324,0.0442887
375316653866487564,1805701661099648640,0.45872992,2201.363907142142,0.5491969988833995,9.8782184E-5,16.786661,0.014364814,0.35089168,0.02761338,0.1281984,0.029301452,0.076594934,0.019118166,0.74196875,0.03888539,0.00877653,0.043758426,1.1324738,1.1582345,null,null,null,null,"TWOGAUSSIANS",8,71.14018,0.74196875,0.03888539,0.049148567,0.24504718,1.1331288,1.1577508,0.35089168,0.02761338,0.4,0.0,0.076518714,0.019028734
375316653866487564,1805701970337320192,0.5690846,2194.3840134165357,2.975212081353657,9.449312E-6,18.136889,0.0077549196,0.26522413,0.0025190052,0.08462009,0.0043311566,0.3199615,0.011548926,0.7670168,0.001664639,0.08372645,0.003136124,0.31039086,0.007650051,null,null,null,null,"TWOGAUSSIANS",8,3.0723667,0.26522413,0.0025190052,0.4,0.0,0.31254333,0.01174639,0.7670168,0.001664639,0.4,0.0,0.3029727,0.0061811963
375316653866487564,1805707712712112000,0.42428708,2245.818775768623,0.8730780141583903,5.4778448E-5,19.289173,0.0075058066,0.20004143,0.0037985789,0.04444769,0.013364349,0.13986982,0.023304604,0.73640215,2.2349929E-4,0.008297741,5.1409897E-4,0.20249492,0.0031608567,null,null,null,null,"TWOGAUSSIANS",8,4.1897945,0.73640215,2.2349929E-4,0.046467353,0.0028789542,0.20249492,0.0031608567,0.20004143,0.0037985789,0.24890706,0.07484035,0.13986982,0.023304604
375316653866487564,1805709426400250368,0.6056882,2240.3007800080322,3.06164356995359,7.916794E-6,18.314318,0.019161288,0.2352295,0.0016654566,0.049659315,0.0038469573,0.6034709,0.058002796,0.74958247,0.0064708837,0.044245403,0.0070000966,0.4330432,0.05831496,0.102277994,0.0379452,0.2352295,0.0016654566,"TWOGAUSSIANS_WITH_ELLIPSOIDAL_ON_ECLIPSE1",9,7.2043242,0.2352295,0.0016654566,0.27809218,0.02154296,0.8080245,0.042308703,0.74958247,0.0064708837,0.24777426,0.03920054,0.6359377,0.020455504
375316653866487564,1805710667649644288,0.51523197,2242.9103857334844,3.544025996825943,2.5192487E-5,17.093367,0.01692113,0.30081677,0.0057243593,0.06490675,0.0064944196,0.3751913,0.03199309,0.7710684,0.006815053,0.0709422,0.014289409,0.54864436,0.10562834,null,null,null,null,"TWOGAUSSIANS",8,84.267876,0.7710684,0.006815053,0.39727634,0.06885309,0.54818857,0.106196366,0.30081677,0.0057243593,0.36347783,0.03636875,0.3747355,0.031849507
375316653866487564,1805711556704230912,0.47228765,2248.079338106789,0.9626137064460475,2.4704315E-5,12.851738,0.006701834,0.25909436,0.009779087,0.08808981,0.023117427,0.03526178,0.0055644647,0.80017895,0.015997205,0.11225339,0.030362977,0.03161306,0.0073704957,null,null,null,null,"TWOGAUSSIANS",8,34.494267,0.25903434,0.00986936,0.4,0.0,0.033557046,0.004307372,0.80017895,0.015981268,0.4,0.0,0.029900653,0.0053971247
375316653866487564,1805713485148512640,0.6217768,2194.999629540655,3.3100293932807223,8.873029E-6,16.865788,0.01048832,0.24217789,0.0011982548,0.053487957,0.0050098086,0.23076636,0.019061405,0.7402382,0.005643634,0.050366666,0.005995122,0.15022492,0.022026714,0.11370731,0.012187617,0.24217789,0.0011982548,"TWOGAUSSIANS_WITH_ELLIPSOIDAL_ON_ECLIPSE1",9,8.922151,0.24217789,0.0011982548,0.29953256,0.028054927,0.45817602,0.008437457,0.7406882,0.004980167,0.28205335,0.03357268,0.37760866,0.0044441344
375316653866487564,1805713687007855104,0.44317913,2223.4121589808647,1.208056026264141,3.7692433E-5,18.889437,0.020227704,0.24771807,0.0074083693,0.06388901,0.0125121,0.11885069,0.02187716,0.7846602,0.020325279,0.12932163,0.041325893,0.09058493,0.01828098,null,null,null,null,"TWOGAUSSIANS",8,2.8763978,0.24759807,0.0072868303,0.3577785,0.07006776,0.11514175,0.018149788,0.7846602,0.020325279,0.4,0.0,0.086710475,0.0135178855
375316653866487564,1805714580362004224,0.48773056,2237.950102889688,0.6340464198931851,3.6039757E-5,18.780958,0.0042504957,0.2824321,0.015707884,0.04912719,0.013310204,0.057044458,0.010459643,0.59102803,5.7367387E-4,0.011803138,7.420744E-4,0.37017402,0.059055656,null,null,null,null,"TWOGAUSSIANS",8,1.7236168,0.59102803,5.7367387E-4,0.06609757,0.0041556167,0.37017402,0.059055656,0.2824321,0.015707884,0.27511227,0.07453714,0.057044458,0.010459643
375316653866487564,1805714820879322112,0.5932155,2215.6261004857133,0.5421754502276045,7.297363E-5,16.70772,7.4921735E-4,0.1496275,0.059405826,0.046868827,0.03917694,0.0028630646,0.005176336,0.39252576,0.015865304,0.039293613,0.005296959,0.20827729,0.039986305,null,null,null,null,"TWOGAUSSIANS",8,1.2493404,0.39252576,0.015865304,0.22004424,0.02966297,0.20827729,0.039986294,0.1496275,0.059414793,0.26246542,0.21939087,0.0028630658,0.005178629
375316653866487564,1805716470147130752,0.63125265,2203.0510162736414,3.2934863182911682,6.01807E-6,17.881887,0.022955423,0.28798667,0.0022507473,0.058600616,0.013934732,0.43181548,0.13645785,0.7921566,0.002243923,0.053428426,0.0047571654,0.4077057,0.04653638,0.073071614,0.025406009,0.28798667,0.0022507473,"TWOGAUSSIANS_WITH_ELLIPSOIDAL_ON_ECLIPSE1",9,3.7927861,0.28798667,0.0022507473,0.32816344,0.07498477,0.5779054,0.16562025,0.7921566,0.002243923,0.2991992,0.026640126,0.5536953,0.016282026
375316653866487564,1805716680603246464,0.46048465,2211.644468501562,0.284345327130896,1.6575463E-5,17.931787,0.0049151224,0.25865054,0.007836693,0.038478773,0.0064942376,0.121467315,0.011000218,0.78087586,0.01691213,0.056629788,0.014101374,0.13576789,0.015843136,null,null,null,null,"TWOGAUSSIANS",8,4.9933863,0.78087586,0.01691213,0.3171268,0.0789677,0.13576783,0.015846953,0.25865054,0.007836693,0.21548113,0.03636773,0.12146724,0.010999161
375316653866487564,1805718909688780928,0.50917995,2243.596787190753,2.8015777551883407,1.7332184E-5,17.955557,0.010081154,0.193775,0.005322024,0.07885277,0.009263786,0.1968263,0.02705158,0.684302,0.006693917,0.084731326,0.0068612755,0.26677153,0.020324498,null,null,null,null,"TWOGAUSSIANS",8,7.4323993,0.684302,0.006693917,0.4,0.0,0.26316854,0.019532248,0.193775,0.005322024,0.4,0.0,0.19322333,0.028041534
375316653866487564,1805726576208844672,0.48859012,2244.562086960343,2.584047138790036,3.0468273E-5,17.114244,0.004559495,0.21414268,0.0075831413,0.021861821,0.019757537,0.0407222,0.31668544,null,null,null,null,null,null,0.086436965,0.006295782,0.21414268,0.0075831413,"ONEGAUSSIAN_WITH_ELLIPSOIDAL",6,27.213675,0.21414268,0.0075831413,0.1224262,0.11064221,0.21359591,0.31476897,null,null,null,null,null,null
375316653866487564,1805727469562046080,0.64218503,2239.666067867678,2.7878255861168912,1.0250878E-5,14.956851,0.0053830515,0.21379633,0.0018123783,0.08543471,0.0020220582,0.46125868,0.0073613496,0.7185264,0.0023933891,0.07774933,0.0029424678,0.36529326,0.005438287,null,null,null,null,"TWOGAUSSIANS",8,56.56573,0.21379633,0.0018123783,0.4,0.0,0.4543601,0.006559903,0.7185264,0.0023933891,0.4,0.0,0.3583947,0.0041761054
375316653866487564,1805727881878918912,0.5691976,2247.1108038121774,1.1297566448657685,1.2160029E-5,11.791172,0.45174327,0.2871643,0.0024763502,0.13338977,0.06125271,0.1551402,0.36591652,0.7877334,0.0023250128,0.14734031,0.0990088,0.18687737,0.43533015,null,null,null,null,"TWOGAUSSIANS",8,66.21563,0.7877434,0.00229386,0.4,0.0,0.117480956,0.0026932736,0.2871243,0.0026717605,0.4,0.0,0.08664815,0.0028339345
375316653866487564,1805728637788615936,0.44218695,2193.912670489684,2.5099865444896494,8.826524E-5,19.23892,0.013347355,0.54376066,0.014981287,0.15720533,0.030675907,0.15352812,0.019021984,0.9197847,0.0339574,0.055742577,0.0139897745,0.057590462,0.023934757,null,null,null,null,"TWOGAUSSIANS",8,3.6803582,0.54376066,0.014981287,0.4,0.0,0.15024167,0.020345964,0.9197847,0.0339574,0.31215844,0.078342736,0.063148774,0.02290708
375316653866487564,1805729526848377472,0.45200107,2204.3445451018656,1.2981950202396149,2.551323E-5,17.475382,0.0041646087,0.4406232,0.011752756,0.012045855,0.010173069,0.08749936,0.01703598,0.93879926,0.008246175,0.018059287,0.0060783536,0.15699948,0.09216777,null,null,null,null,"TWOGAUSSIANS",8,12.118501,0.93879926,0.008246175,0.101132005,0.03403878,0.15699948,0.09216777,0.4406232,0.011752756,0.06745679,0.05696919,0.08749936,0.01703598
375316653866487564,1805730218342719360,0.53695214,2212.6604691634657,4.003744490631709,1.5646596E-5,16.981333,0.044340946,0.3013689,0.0034013942,0.122884244,0.017371815,0.26196685,0.036598627,0.8313391,0.005047476,0.1221517,0.015896156,0.24252395,0.041818056,null,null,null,null,"TWOGAUSSIANS",8,9.439647,0.3011389,0.0032508634,0.4,0.0,0.21352443,0.013304685,0.83162916,0.0049078306,0.4,0.0,0.1941124,0.008239953
375316653866487564,1805734646445984768,0.46186644,2208.7261036888126,0.03579359347242901,2.7138158E-5,18.22392,0.0041353623,0.21554732,0.014839948,0.04700048,0.018665202,0.0731463,0.05936561,0.72205466,0.034798626,0.032998662,0.016257714,0.15734343,0.098264866,null,null,null,null,"TWOGAUSSIANS",8,1.9465,0.72205466,0.034798626,0.1847925,0.091043204,0.15734343,0.098264866,0.21554732,0.014839948,0.2632027,0.104525134,0.0731463,0.059365615
375316653866487564,1805735711597963136,0.58645296,2210.3193515887024,2.7763214583988183,6.3735415E-6,18.806416,0.01465745,0.1591316,0.0021555154,0.033723593,0.003123395,0.49080688,0.0457447,0.6518149,0.007961119,0.030283641,0.006128309,0.59427816,0.035436112,0.14711405,0.023416081,0.1591316,0.0021555154,"TWOGAUSSIANS_WITH_ELLIPSOIDAL_ON_ECLIPSE1",9,8.013149,0.6520649,0.0077206073,0.16958839,0.03431853,0.8879057,0.029210249,0.1591316,0.0021555154,0.18885212,0.017491011,0.7850344,0.039781973
375316653866487564,1805737296446589568,0.5362521,2190.5362428132507,1.2423951783155567,1.1437083E-5,18.570839,0.00567188,0.31474513,0.004236244,0.021459753,0.002121998,0.6937688,0.06881491,0.80789113,0.016619947,0.0191761,0.010957145,0.43566245,0.12722115,null,null,null,null,"TWOGAUSSIANS",8,7.196501,0.31474513,0.004236244,0.12017462,0.011883188,0.6937688,0.06881491,0.80789113,0.016619947,0.10738616,0.061360016,0.43566245,0.12722115
375316653866487564,1805738288579723520,0.544639,2226.0009745064203,2.8540910937120643,1.775764E-5,12.6308975,0.01647164,0.23978923,0.004363379,0.09871251,0.010573211,0.17222393,0.015598649,0.7448775,0.0049942764,0.11238696,0.0126511855,0.18440345,0.0154310595,null,null,null,null,"TWOGAUSSIANS",8,266.36002,0.7448775,0.0049942764,0.4,0.0,0.16404127,0.0058098054,0.23977923,0.004371738,0.4,0.0,0.15187973,0.007212231
375316653866487564,1805739113219162240,0.5630914,2187.184145544817,2.6186038808968792,1.7586166E-5,19.164385,0.009095606,0.26188546,0.0044557527,0.06230657,0.0045118886,0.55431056,0.044881202,0.7660242,0.0045361593,0.06221551,0.0041070455,0.5052299,0.016873168,null,null,null,null,"TWOGAUSSIANS",8,3.5269341,0.26188546,0.0044557527,0.3489168,0.025266575,0.5540185,0.04498294,0.7660242,0.0045361593,0.34840688,0.022999454,0.5049378,0.016827744
375316653866487564,1805743133301924352,0.45370477,2207.131937760578,2.9994026194766437,1.1096348E-4,17.480005,0.61486715,0.20485449,0.024672529,0.16098054,0.10700165,0.37617174,0.4592399,0.6880257,0.026614292,0.23876482,0.23132926,0.41915545,0.5781332,null,null,null,null,"TWOGAUSSIANS",8,7.3551903,0.21528448,0.013353823,0.4,0.0,0.13059682,0.030837085,0.6880257,0.026614292,0.4,0.06460341,0.085199624,0.017476946
375316653866487564,1805744752509717120,0.5769028,2227.255352154436,2.4143400495210496,9.4960205E-6,15.489699,0.007034272,0.106061235,0.002593189,0.07538439,0.0036049897,0.40121725,0.017888423,0.60143095,0.003837938,0.07961732,0.004530746,0.38099146,0.009499377,null,null,null,null,"TWOGAUSSIANS",8,73.03222,0.106061235,0.002593189,0.4,0.0,0.3973169,0.018156448,0.60143095,0.003837938,0.4,0.0,0.37709108,0.009021776
375316653866487564,1805744821229219328,0.61150086,2236.4644778524266,1.2158602006628203,9.007401E-6,13.831478,0.0019860568,0.316198,3.1920706E-4,0.041277096,7.1138225E-4,0.386678,0.006927403,0.81902766,0.009695514,0.03127117,0.0055401498,0.05615961,0.008967976,0.0066889073,0.002671206,0.316198,3.1920706E-4,"TWOGAUSSIANS_WITH_ELLIPSOIDAL_ON_ECLIPSE1",9,63.860195,0.316198,3.1920706E-4,0.23115174,0.0039837407,0.40005583,0.0070297653,0.81902766,0.009695514,0.17511855,0.03102484,0.069533184,0.0069570593
375316653866487564,1805750829883184128,0.47552472,2247.4806871066767,0.03582593949842536,1.543148E-5,17.939886,0.012885034,0.3222539,0.0040412354,0.043347865,0.008188144,0.27264473,0.08467525,0.76504177,0.007787886,0.04784845,0.005938719,0.14473808,0.030781671,0.015489994,0.014954168,0.3222539,0.0040412354,"TWOGAUSSIANS_WITH_ELLIPSOIDAL_ON_ECLIPSE1",9,7.4352775,0.3222539,0.0040412354,0.24274805,0.04585361,0.30362466,0.092132285,0.76701176,0.0076779444,0.2679513,0.033256825,0.17201054,0.01770787
375316653866487564,1805753063266475648,0.5053681,2206.8174423706164,1.953088217269221,1.8187858E-4,19.913197,0.007809575,0.25344566,0.027271273,0.03381441,0.013580217,0.3989974,0.055277612,0.71185195,0.017577203,0.07163412,0.012705514,0.11905674,0.020629292,null,null,null,null,"TWOGAUSSIANS",8,1.3369766,0.25344566,0.027271273,0.18936071,0.076049216,0.3989968,0.055276755,0.71185195,0.017577203,0.4,0.045056082,0.119056135,0.020629285
375316653866487564,1805753509946808960,0.4577593,2231.4446034300854,3.0449354820438055,2.7570157E-5,17.82573,0.09059015,0.32716107,0.0056289667,0.116601475,0.041411243,0.18875252,0.081017025,0.8145219,0.0055132653,0.109347574,0.03759783,0.20246467,0.08118562,null,null,null,null,"TWOGAUSSIANS",8,10.4484215,0.8145219,0.0055132653,0.4,0.0,0.17276107,0.021284487,0.32718107,0.00566622,0.4,0.0,0.15901981,0.02233917
375316653866487564,1805753789121121536,0.61979383,2204.8083513337774,4.231751034462191,6.806805E-6,17.118189,0.0068506096,0.26892006,0.0016089989,0.05015323,0.003468603,0.2774175,0.018245222,0.7664036,0.0014426722,0.054364715,0.0027103552,0.25673842,0.015520358,0.07301212,0.009240581,0.26892006,0.0016089989,"TWOGAUSSIANS_WITH_ELLIPSOIDAL_ON_ECLIPSE1",9,6.225952,0.26892006,0.0016089989,0.28085807,0.019424176,0.4234353,0.011990731,0.7666936,0.0012025272,0.3044424,0.015177988,0.402724,0.00984284
375316653866487564,1805754132718546048,0.55533355,2221.5325453731357,0.41619508679030714,1.338021E-5,15.621371,0.003223861,0.25646156,0.015460327,0.026536074,0.02937029,0.22480892,0.07143489,0.7673999,0.0049375696,0.026977599,0.0076880106,0.023259753,0.00864839,0.015641533,0.0045000743,0.25646156,0.015460327,"TWOGAUSSIANS_WITH_ELLIPSOIDAL_ON_ECLIPSE1",9,7.7643623,0.25646156,0.015460327,0.14860201,0.16447362,0.25609198,0.07899192,0.7673999,0.0047893035,0.15107456,0.04305286,0.054395285,0.005276164
375316653866487564,1805754545035450368,0.5182231,2225.6556372724067,3.052785864583244,1.2926583E-5,18.948948,0.012727038,0.24487132,0.0044032107,0.08379332,0.0063317097,0.3752621,0.0341642,0.7496773,0.0043103606,0.080949366,0.004987498,0.36143246,0.018262843,null,null,null,null,"TWOGAUSSIANS",8,4.310155,0.24487132,0.0044032107,0.4,0.0,0.3685259,0.035260532,0.7496773,0.0043103606,0.4,0.0,0.3546962,0.017355736
375316653866487564,1805755197870485248,0.57587624,2217.329581402167,1.419572790635202,7.3435585E-5,15.714478,0.002739015,0.21814886,1.8703706E-4,0.027880635,6.1977503E-4,0.7993228,0.021295551,0.38424626,0.014656094,0.01829018,0.0118761165,0.043256283,0.5728337,null,null,null,null,"TWOGAUSSIANS",8,58.76174,0.21814886,1.8703706E-4,0.15613157,0.00347074,0.7993228,0.021295551,0.38424626,0.014656094,0.10242502,0.06650625,0.043256298,0.5728337
