Gaia/vari_eclipsing_binary/VariEclipsingBinary_697395-697683.csv
# %ECSV 1.0
# ---
# delimiter: ','
# meta: !!omap
# - RELEASE: Gaia DR3
# - TABLE: vari_eclipsing_binary
# - DESCRIPTION: >
#     This table describes the properties of the eclipsing binaries resulting from the variability analysis. 
# - CITATION: >
#     How to cite and acknowledge Gaia: 
#     https://gea.esac.esa.int/archive/documentation/credits.html 
# - KNOWN_ISSUES: >
#     Known issues: 
#     https://www.cosmos.esa.int/web/gaia-users/known-issues 
# - DOCUMENTATION: >
#     Tutorials and documentation: 
#     https://www.cosmos.esa.int/web/gaia-users/archive 
# datatype:
# - 
#   name: solution_id
#   datatype: int64
#   description: Solution Identifier
#   meta:
#     ucd: meta.version
# - 
#   name: source_id
#   datatype: int64
#   description: Unique source identifier
#   meta:
#     ucd: meta.id;meta.main
# - 
#   name: global_ranking
#   datatype: float32
#   description: Number between 0 (worst) and 1 (best)
#   meta:
#     ucd: stat.param
# - 
#   name: reference_time
#   datatype: float64
#   unit: d
#   description: Reference time used for the geometric model fit
#   meta:
#     ucd: time.epoch
# - 
#   name: frequency
#   datatype: float64
#   unit: d**-1
#   description: Frequency of geometric model of the eclipsing binary light curve
#   meta:
#     ucd: src.orbital
# - 
#   name: frequency_error
#   datatype: float32
#   unit: d**-1
#   description: "Uncertainty of \\texttt{frequency}"
#   meta:
#     ucd: stat.error
# - 
#   name: geom_model_reference_level
#   datatype: float32
#   unit: mag
#   description: Magnitude reference level of geometric model
#   meta:
#     ucd: phot.mag;em.opt
# - 
#   name: geom_model_reference_level_error
#   datatype: float32
#   unit: mag
#   description: "Uncertainty of \\texttt{geomModelReferenceLevel}"
#   meta:
#     ucd: stat.error;phot.mag;em.opt
# - 
#   name: geom_model_gaussian1_phase
#   datatype: float32
#   description: Phase of the Gaussian 1 component
#   meta:
#     ucd: time.phase
# - 
#   name: geom_model_gaussian1_phase_error
#   datatype: float32
#   description: "Uncertainty of \\texttt{geomModelGaussian1Phase}"
#   meta:
#     ucd: stat.error;time.phase
# - 
#   name: geom_model_gaussian1_sigma
#   datatype: float32
#   description: "Standard deviation [phase] of Gaussian 1 component"
#   meta:
#     ucd: stat.stdev
# - 
#   name: geom_model_gaussian1_sigma_error
#   datatype: float32
#   description: "Uncertainty of \\texttt{geomModelGaussian1Sigma}"
#   meta:
#     ucd: stat.error
# - 
#   name: geom_model_gaussian1_depth
#   datatype: float32
#   unit: mag
#   description: Magnitude depth of Gaussian 1 component
#   meta:
#     ucd: src.var.amplitude
# - 
#   name: geom_model_gaussian1_depth_error
#   datatype: float32
#   unit: mag
#   description: "Uncertainty of \\texttt{geomModelGaussian1Depth}"
#   meta:
#     ucd: stat.error;src.var.amplitude
# - 
#   name: geom_model_gaussian2_phase
#   datatype: float32
#   description: Phase of Gaussian 2 component
#   meta:
#     ucd: time.phase
# - 
#   name: geom_model_gaussian2_phase_error
#   datatype: float32
#   description: "Uncertainty of \\texttt{geomModelGaussian2Phase}"
#   meta:
#     ucd: stat.error;time.phase
# - 
#   name: geom_model_gaussian2_sigma
#   datatype: float32
[...]
#   datatype: float32
#   description: "Secondary eclipse: uncertainty of \\texttt{derivedSecondaryEclDuration}"
#   meta:
#     ucd: stat.error;time.duration
# - 
#   name: derived_secondary_ecl_depth
#   datatype: float32
#   unit: mag
#   description: "Secondary eclipse: depth"
#   meta:
#     ucd: src.var.amplitude
# - 
#   name: derived_secondary_ecl_depth_error
#   datatype: float32
#   unit: mag
#   description: "Secondary eclipse: uncertainty of \\texttt{derivedSecondaryEclDepth}"
#   meta:
#     ucd: stat.error;src.var.amplitude
solution_id,source_id,global_ranking,reference_time,frequency,frequency_error,geom_model_reference_level,geom_model_reference_level_error,geom_model_gaussian1_phase,geom_model_gaussian1_phase_error,geom_model_gaussian1_sigma,geom_model_gaussian1_sigma_error,geom_model_gaussian1_depth,geom_model_gaussian1_depth_error,geom_model_gaussian2_phase,geom_model_gaussian2_phase_error,geom_model_gaussian2_sigma,geom_model_gaussian2_sigma_error,geom_model_gaussian2_depth,geom_model_gaussian2_depth_error,geom_model_cosine_half_period_amplitude,geom_model_cosine_half_period_amplitude_error,geom_model_cosine_half_period_phase,geom_model_cosine_half_period_phase_error,model_type,num_model_parameters,reduced_chi2,derived_primary_ecl_phase,derived_primary_ecl_phase_error,derived_primary_ecl_duration,derived_primary_ecl_duration_error,derived_primary_ecl_depth,derived_primary_ecl_depth_error,derived_secondary_ecl_phase,derived_secondary_ecl_phase_error,derived_secondary_ecl_duration,derived_secondary_ecl_duration_error,derived_secondary_ecl_depth,derived_secondary_ecl_depth_error
[from data line 37]
375316653866487564,6134520618015501568,0.589169,2316.1850994153124,3.1526353658447683,4.4975623E-6,17.94652,0.013016792,0.22264601,0.0011885458,0.07775971,0.0035592709,0.4238975,0.009785167,0.7178655,0.0015641166,0.07757779,0.0027102053,0.4952518,0.017239442,null,null,null,null,"TWOGAUSSIANS",8,6.1205263,0.7178655,0.0015641166,0.4,0.0,0.4905865,0.01647334,0.22264601,0.0011885458,0.4,0.0,0.4192322,0.008786075
375316653866487564,6134527872221158656,0.6121165,2315.485852693278,1.6491942971152533,7.598094E-6,16.517946,0.00836626,0.23706345,0.0018899115,0.078059524,0.0028933575,0.49761856,0.010119808,0.7493458,0.00701359,0.081314035,0.0066777715,0.1897496,0.008961278,null,null,null,null,"TWOGAUSSIANS",8,20.581587,0.23706345,0.0018899115,0.4,0.0,0.49419257,0.009609109,0.7493458,0.00701359,0.4,0.0,0.1863236,0.007928249
375316653866487564,6134535706241593728,0.5912829,2306.2785454196533,3.1916846597762203,7.051526E-6,14.028761,0.0031034113,0.20838386,0.0026754148,0.054011185,0.005978835,0.052479964,0.0077900924,0.70324,0.0025801386,0.05715982,0.0054787,0.063651666,0.007032985,0.023417788,0.0041398485,0.20838386,0.0026754148,"TWOGAUSSIANS_WITH_ELLIPSOIDAL_ON_ECLIPSE1",9,17.22361,0.70405996,0.0020773772,0.32009497,0.03068072,0.11044157,0.0037625255,0.20838386,0.0026754148,0.30246264,0.033481475,0.09931097,0.0043094717
375316653866487564,6134537626084698752,0.5891894,2271.5023951032003,1.0630588405090466,4.1346666E-6,18.289724,0.0031809323,0.3312444,8.678241E-4,0.03443632,0.0011663674,0.61299556,0.024953302,0.8296535,0.0024869186,0.0420311,0.0032488501,0.1664257,0.0077047544,null,null,null,null,"TWOGAUSSIANS",8,2.5615196,0.3312444,8.678241E-4,0.19284339,0.0065316577,0.61299556,0.024953302,0.8296535,0.0024869186,0.23537414,0.018193562,0.1664257,0.007704755
375316653866487564,6134540825841958400,0.56799763,2307.0238764912356,2.5681284028682394,4.313158E-6,17.141249,0.007507333,0.24312805,0.00719137,0.09962692,0.009595286,0.12334747,0.007140073,0.72836566,0.001740504,0.10105649,0.0035673017,0.19052091,0.0073167537,null,null,null,null,"TWOGAUSSIANS",8,2.7767298,0.72836566,0.001740504,0.4,0.0,0.17912465,0.0050126784,0.24313805,0.0071926233,0.4,0.0,0.111952454,0.005516435
375316653866487564,6134544949012223232,0.47075158,2305.408210484302,2.4717100906837777,8.003449E-5,19.819305,0.008908548,0.43579483,0.02516487,0.08092294,0.03030507,0.05329283,0.010526394,0.8409662,2.5107086E-4,0.009803174,6.5436383E-4,1.5902673,0.330892,null,null,null,null,"TWOGAUSSIANS",8,1.4577854,0.8409662,2.5107086E-4,0.054897774,0.0036644374,1.5902674,0.33088773,0.43579483,0.02516487,0.4,9.167045E-4,0.05329283,0.010526327
375316653866487564,6134551168123358208,0.52013177,2303.8369813010845,3.2280598963964255,1.0567575E-5,15.428519,0.0038664828,0.2097522,0.0044536265,0.0443577,0.008378851,0.10153413,0.018615607,null,null,null,null,null,null,0.092587054,0.0048994245,0.2097522,0.0044536265,"ONEGAUSSIAN_WITH_ELLIPSOIDAL",6,184.17332,0.2097522,0.0044536265,0.2484031,0.046921566,0.2867079,0.018208297,null,null,null,null,null,null
375316653866487564,6134552091536457344,0.44089332,2317.1815932324903,0.1010987057721717,5.719348E-5,18.91635,0.0027968576,0.38822958,0.0153172435,0.07971749,0.02142517,0.092057325,0.009460176,0.7211063,0.010645397,0.023822267,0.017154064,0.045945924,0.010148278,null,null,null,null,"TWOGAUSSIANS",8,1.9949545,0.38822958,0.0153172435,0.4,0.040209774,0.092057325,0.009460218,0.7211063,0.010645397,0.13340469,0.09606276,0.04596098,0.01013013
375316653866487564,6134569550576757888,0.4470356,2328.9250459201203,2.8676750591176785,3.610358E-5,18.461027,0.016516758,0.1453523,0.0240136,0.01917605,0.015985383,0.5170205,45.607666,0.67491984,0.009435935,0.030980255,0.009700787,0.34181532,0.05033891,null,null,null,null,"TWOGAUSSIANS",8,12.500608,0.1453523,0.0240136,0.107385874,0.08951814,0.5170205,45.607666,0.67491984,0.009435935,0.17348942,0.05432441,0.34181532,0.05033891
375316653866487564,6134579343109092992,0.4953971,2361.3979060379456,0.04403627850955765,4.910354E-6,14.639719,0.003922916,0.41713202,0.027917929,0.113120295,0.026470324,0.048666697,0.009338215,0.98718876,9.1169897E-4,0.0017287667,7.4644986E-4,0.7419592,0.55350554,null,null,null,null,"TWOGAUSSIANS",8,214.31497,0.98718876,9.1169897E-4,0.0096810935,0.0041801194,0.7419893,0.55349284,0.41713202,0.027917929,0.4,0.0,0.048661128,0.009349363
375316653866487564,6134582263687062272,0.51301175,2296.9492554231115,0.061686639643877494,5.12472E-6,13.525287,0.011607559,0.33724907,0.0012759143,0.012908077,9.794026E-4,0.520053,0.021605311,0.67996454,0.0035421322,0.038194176,0.010269712,1.1725271,1.4724954,0.021633375,0.0178352,0.67996454,0.0035421322,"TWOGAUSSIANS_WITH_ELLIPSOIDAL_ON_ECLIPSE2",9,1289.182,0.67996454,0.0035421322,0.2138874,0.057510383,1.2157938,1.4904745,0.33716905,0.0012821654,0.07228523,0.005484654,0.53315854,0.022147788
375316653866487564,6134586730453084800,0.46260598,2325.999854125854,2.8436447054755574,1.6576196E-5,16.29535,0.04228983,0.21403468,0.00667649,0.25739768,0.025420338,1.1157792,0.037553284,0.7112344,0.006989547,0.15743074,0.011530719,0.89348793,0.15054806,null,null,null,null,"TWOGAUSSIANS",8,62.93675,0.7112344,0.006989547,0.4,0.0,0.2735655,0.015689857,0.21499467,0.006030033,0.4,0.0,0.1702865,0.0036884004
375316653866487564,6134586833526266112,0.57197547,2305.470405955824,3.9900743063580264,8.204087E-6,18.696636,0.009448633,0.20962802,0.0019278975,0.09148746,0.0033144525,0.35246646,0.010939356,0.7171688,0.0027585689,0.080531575,0.0038803287,0.3983865,0.010724528,null,null,null,null,"TWOGAUSSIANS",8,1.8071684,0.7171688,0.0027585689,0.4,0.0,0.38880658,0.009537662,0.20962802,0.0019278975,0.4,0.0,0.34288627,0.00924633
375316653866487564,6134597893068669312,0.4391002,2351.0631724640834,0.07717211898963036,3.1812564E-5,17.449385,0.0021114922,0.2764706,0.0031224715,0.01363086,0.0037495745,0.045101132,0.016156869,0.5532945,0.00729707,0.05961422,0.0052251797,0.08006686,0.0084533775,null,null,null,null,"TWOGAUSSIANS",8,4.208935,0.5532945,0.00729707,0.33383963,0.029261006,0.08006686,0.0084533775,0.2764706,0.0031224715,0.076332815,0.020997617,0.045102794,0.01615709
375316653866487564,6134598477180691584,0.6250292,2316.262754834324,0.7527996524658015,2.7765704E-5,17.252989,0.004790559,0.2669282,0.0026036603,0.026042303,0.0016712701,1.3169405,0.0846632,0.77397156,0.0056473655,0.025793105,0.007574036,0.13585728,0.03772427,0.043820985,0.0073972675,0.77397156,0.0056473655,"TWOGAUSSIANS_WITH_ELLIPSOIDAL_ON_ECLIPSE2",9,18.792215,0.2669482,0.002594909,0.1458369,0.009359113,1.4044116,0.08532874,0.77397156,0.0056473655,0.14444138,0.042414602,0.22349925,0.041385684
375316653866487564,6134598511540447360,0.6255554,2313.5794326786536,4.158188431028005,4.240672E-6,18.197548,0.0069787856,0.2488238,7.0558244E-4,0.044620227,0.0017555638,0.386334,0.017442197,0.7430451,0.0030660108,0.046869405,0.0034622666,0.28996667,0.017613996,0.123390354,0.008834174,0.2488238,7.0558244E-4,"TWOGAUSSIANS_WITH_ELLIPSOIDAL_ON_ECLIPSE1",9,2.6911986,0.2488238,7.0558244E-4,0.24987327,0.0098311575,0.6331143,0.012997936,0.74378514,0.0026350538,0.26246867,0.019388694,0.5364635,0.010672086
375316653866487564,6134599718434253312,0.58167547,2344.9259802794277,0.6568985529126429,6.3727507E-6,16.118319,0.0010998372,0.7496215,0.001316135,0.049522113,0.0023078083,0.073800616,0.0036922696,null,null,null,null,null,null,0.021780584,0.0022260721,0.7496215,0.001316135,"ONEGAUSSIAN_WITH_ELLIPSOIDAL",6,2.6684875,0.7496215,0.001316135,0.27732384,0.012923727,0.117361546,0.0030028145,null,null,null,null,null,null
375316653866487564,6134622769516210944,0.56703526,2324.4388977617928,2.0224959217360166,7.87746E-6,17.805645,0.009597742,0.285078,0.0031846177,0.10520779,0.008274779,0.1655796,0.008793334,0.784039,0.0022120944,0.08793001,0.004796898,0.2636271,0.008503734,null,null,null,null,"TWOGAUSSIANS",8,2.1633642,0.784039,0.0022120944,0.4,0.0,0.2496671,0.008367334,0.285078,0.0031846177,0.4,0.0,0.1516155,0.0054080505
375316653866487564,6134632184084549376,0.51481897,2275.1133293515372,0.38581290102814036,2.4304401E-5,18.226086,0.0024655545,0.19062729,0.038015045,0.015241368,0.027938258,0.05494943,1.09652502E12,0.4581996,4.1787658E-4,0.017157853,5.086488E-4,0.3248063,0.0083746975,null,null,null,null,"TWOGAUSSIANS",8,2.2795324,0.4581996,4.1787658E-4,0.09608397,0.0028484333,0.3248063,0.0083746975,0.19062729,0.038015045,0.08535165,0.15645424,0.05494943,1.09652502E12
375316653866487564,6134632428904938880,0.5063341,2322.456582119393,1.0096493182204154,1.9329513E-5,16.916885,0.0026923583,0.30502874,0.0035281351,0.052618876,0.0035443115,0.1350314,0.009078689,0.7790834,0.011157606,0.041204322,0.011337629,0.029642504,0.010712541,null,null,null,null,"TWOGAUSSIANS",8,9.718445,0.30502874,0.0035281351,0.2946657,0.019848144,0.13503139,0.009078696,0.7790834,0.011157606,0.2307442,0.06349072,0.029642483,0.010712593
375316653866487564,6134632978660695808,0.549552,2311.081833829994,3.0703883178603597,7.1445293E-6,16.072351,0.0073464555,0.21917044,0.0021758706,0.08486327,0.0033173873,0.29151696,0.008614848,0.7228126,0.001706663,0.09254686,0.0034945165,0.2793461,0.007901153,null,null,null,null,"TWOGAUSSIANS",8,32.054058,0.21917044,0.0021758706,0.4,0.0,0.28139016,0.0075679775,0.7228126,0.001706663,0.4,0.0,0.26921907,0.0071412334
375316653866487564,6134644489174053248,0.5570296,2331.5121750688927,2.9549189717049567,1.2502018E-5,17.422533,0.008052999,0.17811562,0.0031671457,0.06752373,0.004268513,0.29863688,0.025582036,0.67892706,0.006163777,0.07046774,0.007329395,0.2825989,0.025338873,null,null,null,null,"TWOGAUSSIANS",8,15.309246,0.17811562,0.0031671457,0.3781329,0.023903674,0.29783595,0.025719298,0.67892706,0.006163777,0.39461932,0.033000898,0.28179795,0.02568117
375316653866487564,6134645382528127488,0.5470392,2318.9621327046093,0.5295283670483127,4.4039836E-5,12.291047,0.02020917,0.098334245,0.008294907,0.027190855,0.01215886,0.13324998,0.06522046,0.78844506,0.013254806,0.064780444,0.008265128,1.7092056,0.13908544,0.044412393,0.030623654,0.78844506,0.013254806,"TWOGAUSSIANS_WITH_ELLIPSOIDAL_ON_ECLIPSE2",9,5411.671,0.78844506,0.013254806,0.36277047,0.046284717,1.7972097,0.13150877,0.10051424,0.008875296,0.1522688,0.06808962,0.14485584,0.06774225
375316653866487564,6134654006821233024,0.61314744,2323.4773798396936,3.240863129705328,1.543439E-5,17.570152,0.013571292,0.20240723,0.0022160388,0.038447056,0.0044249147,0.31366625,0.037024107,0.70620275,0.0039515127,0.04636219,0.004410657,0.4793701,0.035730638,0.13137443,0.018792009,0.20240723,0.0022160388,"TWOGAUSSIANS_WITH_ELLIPSOIDAL_ON_ECLIPSE1",9,17.35526,0.70620275,0.0039515127,0.25962827,0.02469968,0.74196935,0.026108911,0.20240723,0.0022160388,0.21530351,0.02477952,0.57641494,0.033437934
375316653866487564,6134654277398553856,0.47926682,2375.601801664591,4.158828890386602,3.7654707E-5,19.140778,0.0063757966,null,null,null,null,null,null,null,null,null,null,null,null,0.0899955,0.008617531,0.20931534,0.00966489,"ELLIPSOIDAL",4,2.7881618,null,null,null,null,null,null,null,null,null,null,null,null
375316653866487564,6134665719190202624,0.5348486,2305.4330380683828,3.061557205622162,1.0877969E-5,18.286968,0.009998195,0.1641668,0.004054881,0.08567355,0.006034066,0.28993326,0.017610842,0.67047507,0.0034350534,0.079283364,0.004280073,0.29368708,0.012514288,null,null,null,null,"TWOGAUSSIANS",8,4.3115973,0.67047507,0.0034350534,0.4,0.0,0.28843948,0.011273326,0.1641668,0.004054881,0.4,0.0,0.28468567,0.017614579
375316653866487564,6134676649888862208,0.53666717,2319.699624694192,3.230276610746142,1.5260403E-5,14.164342,0.37962002,0.29515824,0.007990993,0.12639835,0.09727751,0.2733211,0.36389312,0.7973554,0.0021112412,0.100526236,0.028090883,0.3464169,0.27857825,null,null,null,null,"TWOGAUSSIANS",8,304.8002,0.79736537,0.0021243128,0.4,0.0,0.2948714,0.011939887,0.29515824,0.008003117,0.4,0.0,0.22155936,0.021605482
375316653866487564,6134679394365204992,0.5142823,2297.0552281926325,3.764937688118463,2.355429E-5,19.306385,0.00921836,0.24443093,0.008967106,0.02855197,0.030927323,0.10107752,1.55171315E9,0.74019927,0.0042972686,0.036510553,0.0054918886,0.29092738,0.021344017,0.0594328,0.011937586,0.24443093,0.008967106,"TWOGAUSSIANS_WITH_ELLIPSOIDAL_ON_ECLIPSE1",9,3.5522323,0.74036926,0.004038389,0.2044591,0.030754577,0.4097124,0.015496205,0.24443093,0.008967106,0.15989104,0.17319301,0.21994309,1.55171315E9
375316653866487564,6134679604825725952,0.5622694,2302.8838955803403,0.3627504082693061,9.9082E-6,13.674645,0.009283412,0.18831211,0.0027284177,0.03629227,0.0015510257,0.98988646,0.04703574,null,null,null,null,null,null,0.03984896,0.014658525,0.18831211,0.0027284177,"ONEGAUSSIAN_WITH_ELLIPSOIDAL",6,3027.9136,0.18831211,0.0027284177,0.20323671,0.008685743,1.0695844,0.045674887,null,null,null,null,null,null
375316653866487564,6134691252777180416,0.5607762,2291.6930411123517,1.3525840303766583,1.156403E-5,15.608486,0.0036364382,0.32792905,0.002481337,0.028546406,0.002540096,0.5739489,0.059074536,0.8278403,0.0036808944,0.021878645,0.0023035407,0.60355735,0.15396005,null,null,null,null,"TWOGAUSSIANS",8,133.57536,0.8278403,0.0036808944,0.12252042,0.012899828,0.60355735,0.15396005,0.32792905,0.002481337,0.15985988,0.014224538,0.5739489,0.059074536
375316653866487564,6134705271550535296,0.45610416,2332.3831438219754,1.1992417665021058,2.1498907E-5,16.680944,0.0037714373,0.32867128,0.0096473405,0.061593153,0.022687163,0.083413,0.016288478,0.8274186,0.070659086,0.0602211,0.040811908,0.018700784,0.011775371,null,null,null,null,"TWOGAUSSIANS",8,12.767562,0.32867128,0.0096473405,0.34492165,0.11185708,0.08339651,0.016399294,0.8274186,0.070659086,0.33723813,0.2285467,0.018684296,0.011756497
375316653866487564,6134705885724542976,0.5658949,2298.365877743062,2.875461861354932,1.0468818E-5,15.738101,0.018204495,0.26530647,0.0031234336,0.042917468,0.02434362,0.08389739,0.03356971,0.801453,0.049004126,0.051224142,0.057439398,0.037346836,0.030571202,0.09243692,0.02328962,0.26530647,0.0031234336,"TWOGAUSSIANS_WITH_ELLIPSOIDAL_ON_ECLIPSE1",9,47.007446,0.26530647,0.0031234336,0.24033782,0.13632426,0.2687709,0.022871837,0.801453,0.049004126,0.2868552,0.32166064,0.21284716,0.025266591
375316653866487564,6134705920084305664,0.41461176,2316.0040463142664,0.06680796410875203,7.768872E-5,17.225939,0.22269484,0.33365574,0.028167978,0.118340544,0.04509801,0.18462376,0.20215829,0.76877815,0.020832265,0.12290858,0.074535154,0.17587334,0.21160774,null,null,null,null,"TWOGAUSSIANS",8,8.784884,0.33438575,0.02305641,0.4,0.0,0.16174354,0.04065831,0.76877815,0.020832265,0.4,0.0,0.15286733,0.033327084
375316653866487564,6134712109138420352,0.5494613,2314.876951873181,3.5597484005048234,7.460025E-6,16.569546,0.008940076,0.22634827,0.0039413585,0.029961431,0.008984524,0.093758844,0.019800458,0.73045754,0.005580935,0.044654574,0.0075402865,0.1869095,0.026079182,0.12524553,0.013543626,0.22634827,0.0039413585,"TWOGAUSSIANS_WITH_ELLIPSOIDAL_ON_ECLIPSE1",9,52.093143,0.73045754,0.005580935,0.25006562,0.042225603,0.43723342,0.02996446,0.22634827,0.0039413585,0.16778402,0.050313335,0.3442497,0.015838519
375316653866487564,6134713822824110592,0.44310212,2325.9637845089205,3.712210122681773,3.1461954E-5,18.134836,0.009229362,0.24317093,0.0065716347,0.07289652,0.007850002,0.16856329,0.021690581,0.74372554,0.013665904,0.078741334,0.019371055,0.14500597,0.025191274,null,null,null,null,"TWOGAUSSIANS",8,15.982751,0.24317093,0.0065716347,0.4,0.020909809,0.1672233,0.021679528,0.74372554,0.013665904,0.4,0.0,0.14366597,0.02623905
