Gaia/vari_eclipsing_binary/VariEclipsingBinary_062588-063327.csv
# %ECSV 1.0
# ---
# delimiter: ','
# meta: !!omap
# - RELEASE: Gaia DR3
# - TABLE: vari_eclipsing_binary
# - DESCRIPTION: >
#     This table describes the properties of the eclipsing binaries resulting from the variability analysis. 
# - CITATION: >
#     How to cite and acknowledge Gaia: 
#     https://gea.esac.esa.int/archive/documentation/credits.html 
# - KNOWN_ISSUES: >
#     Known issues: 
#     https://www.cosmos.esa.int/web/gaia-users/known-issues 
# - DOCUMENTATION: >
#     Tutorials and documentation: 
#     https://www.cosmos.esa.int/web/gaia-users/archive 
# datatype:
# - 
#   name: solution_id
#   datatype: int64
#   description: Solution Identifier
#   meta:
#     ucd: meta.version
# - 
#   name: source_id
#   datatype: int64
#   description: Unique source identifier
#   meta:
#     ucd: meta.id;meta.main
# - 
#   name: global_ranking
#   datatype: float32
#   description: Number between 0 (worst) and 1 (best)
#   meta:
#     ucd: stat.param
# - 
#   name: reference_time
#   datatype: float64
#   unit: d
#   description: Reference time used for the geometric model fit
#   meta:
#     ucd: time.epoch
# - 
#   name: frequency
#   datatype: float64
#   unit: d**-1
#   description: Frequency of geometric model of the eclipsing binary light curve
#   meta:
#     ucd: src.orbital
# - 
#   name: frequency_error
#   datatype: float32
#   unit: d**-1
#   description: "Uncertainty of \\texttt{frequency}"
#   meta:
#     ucd: stat.error
# - 
#   name: geom_model_reference_level
#   datatype: float32
#   unit: mag
#   description: Magnitude reference level of geometric model
#   meta:
#     ucd: phot.mag;em.opt
# - 
#   name: geom_model_reference_level_error
#   datatype: float32
#   unit: mag
#   description: "Uncertainty of \\texttt{geomModelReferenceLevel}"
#   meta:
#     ucd: stat.error;phot.mag;em.opt
# - 
#   name: geom_model_gaussian1_phase
#   datatype: float32
#   description: Phase of the Gaussian 1 component
#   meta:
#     ucd: time.phase
# - 
#   name: geom_model_gaussian1_phase_error
#   datatype: float32
#   description: "Uncertainty of \\texttt{geomModelGaussian1Phase}"
#   meta:
#     ucd: stat.error;time.phase
# - 
#   name: geom_model_gaussian1_sigma
#   datatype: float32
#   description: "Standard deviation [phase] of Gaussian 1 component"
#   meta:
#     ucd: stat.stdev
# - 
#   name: geom_model_gaussian1_sigma_error
#   datatype: float32
#   description: "Uncertainty of \\texttt{geomModelGaussian1Sigma}"
#   meta:
#     ucd: stat.error
# - 
#   name: geom_model_gaussian1_depth
#   datatype: float32
#   unit: mag
#   description: Magnitude depth of Gaussian 1 component
#   meta:
#     ucd: src.var.amplitude
# - 
#   name: geom_model_gaussian1_depth_error
#   datatype: float32
#   unit: mag
#   description: "Uncertainty of \\texttt{geomModelGaussian1Depth}"
#   meta:
#     ucd: stat.error;src.var.amplitude
# - 
#   name: geom_model_gaussian2_phase
#   datatype: float32
#   description: Phase of Gaussian 2 component
#   meta:
#     ucd: time.phase
# - 
#   name: geom_model_gaussian2_phase_error
#   datatype: float32
#   description: "Uncertainty of \\texttt{geomModelGaussian2Phase}"
#   meta:
#     ucd: stat.error;time.phase
# - 
#   name: geom_model_gaussian2_sigma
#   datatype: float32
[...]
#   datatype: float32
#   description: "Secondary eclipse: uncertainty of \\texttt{derivedSecondaryEclDuration}"
#   meta:
#     ucd: stat.error;time.duration
# - 
#   name: derived_secondary_ecl_depth
#   datatype: float32
#   unit: mag
#   description: "Secondary eclipse: depth"
#   meta:
#     ucd: src.var.amplitude
# - 
#   name: derived_secondary_ecl_depth_error
#   datatype: float32
#   unit: mag
#   description: "Secondary eclipse: uncertainty of \\texttt{derivedSecondaryEclDepth}"
#   meta:
#     ucd: stat.error;src.var.amplitude
solution_id,source_id,global_ranking,reference_time,frequency,frequency_error,geom_model_reference_level,geom_model_reference_level_error,geom_model_gaussian1_phase,geom_model_gaussian1_phase_error,geom_model_gaussian1_sigma,geom_model_gaussian1_sigma_error,geom_model_gaussian1_depth,geom_model_gaussian1_depth_error,geom_model_gaussian2_phase,geom_model_gaussian2_phase_error,geom_model_gaussian2_sigma,geom_model_gaussian2_sigma_error,geom_model_gaussian2_depth,geom_model_gaussian2_depth_error,geom_model_cosine_half_period_amplitude,geom_model_cosine_half_period_amplitude_error,geom_model_cosine_half_period_phase,geom_model_cosine_half_period_phase_error,model_type,num_model_parameters,reduced_chi2,derived_primary_ecl_phase,derived_primary_ecl_phase_error,derived_primary_ecl_duration,derived_primary_ecl_duration_error,derived_primary_ecl_depth,derived_primary_ecl_depth_error,derived_secondary_ecl_phase,derived_secondary_ecl_phase_error,derived_secondary_ecl_duration,derived_secondary_ecl_duration_error,derived_secondary_ecl_depth,derived_secondary_ecl_depth_error
[from data line 460]
375316653866487564,555309417057196672,0.62773633,2119.4351063719646,3.0985857524014,6.473409E-6,14.575014,0.009035583,0.27752355,0.0024184356,0.042838756,0.004523704,0.17705005,0.0210016,0.7797908,0.0025836274,0.048771285,0.0030489278,0.45624718,0.022117317,0.094547465,0.010774282,0.27752355,0.0024184356,"TWOGAUSSIANS_WITH_ELLIPSOIDAL_ON_ECLIPSE1",9,185.42543,0.7797908,0.0025836274,0.27311918,0.017073996,0.645303,0.015603716,0.27752355,0.0024184356,0.23989704,0.025332741,0.36614427,0.006027884
375316653866487564,555327971315827456,0.4543619,2100.595203985919,0.551216134922367,6.801734E-5,17.266403,0.012344896,0.19318195,0.004489926,0.04750364,0.019410793,0.52265334,97.92018,null,null,null,null,null,null,0.08194636,0.020380292,0.19318195,0.004489926,"ONEGAUSSIAN_WITH_ELLIPSOIDAL",6,20.23841,0.19318195,0.004489926,0.2660204,0.10870044,0.6865452,97.91844,null,null,null,null,null,null
375316653866487564,555331853966261504,0.56588644,2183.1113092604337,2.340390239132697,1.0574048E-5,14.39718,0.0219407,0.27414885,0.003135505,0.08632255,0.0044155396,0.4336841,0.023378095,0.7802674,0.0023248673,0.08502694,0.0075268224,0.45935097,0.016296525,null,null,null,null,"TWOGAUSSIANS",8,476.44745,0.7802674,0.0023248673,0.4,0.0,0.44797242,0.01219215,0.27414885,0.003135505,0.4,0.0,0.42230555,0.018422624
375316653866487564,555333709392216192,0.5282187,2143.1678951354147,3.328551931032121,1.1876467E-5,17.84761,0.01185968,0.27228692,0.0059863064,0.06454734,0.0049569425,0.44638664,0.02061349,0.7633095,0.004956431,0.079022825,0.00479137,0.5179096,0.053648457,null,null,null,null,"TWOGAUSSIANS",8,23.230568,0.7633095,0.004956431,0.4,0.0,0.516111,0.05408768,0.27228692,0.0059863064,0.3614651,0.02775888,0.44458804,0.020158336
375316653866487564,555334499666180224,0.52522683,2188.974320380999,3.2457636126224383,1.5659029E-5,15.883523,0.16903737,0.27206555,0.004253476,0.12189455,0.0480454,0.15518744,0.15801507,0.7713765,0.004276532,0.121785104,0.05327125,0.1670897,0.15710722,null,null,null,null,"TWOGAUSSIANS",8,27.0058,0.7713765,0.004295673,0.4,0.0,0.12815626,0.008061063,0.27207556,0.0042845462,0.4,0.0,0.116258174,0.008403086
375316653866487564,555361403341389952,0.6046209,2184.264341275225,3.7901393223279194,6.9079297E-6,17.699873,0.017714579,0.24779887,0.036448464,0.035571944,0.022388568,0.1879639,0.27915376,0.7563486,0.001839584,0.04217157,0.011560704,0.20903456,0.037525725,0.13226983,0.030864837,0.7563486,0.001839584,"TWOGAUSSIANS_WITH_ELLIPSOIDAL_ON_ECLIPSE2",9,12.648124,0.7563486,0.001839584,0.2361608,0.064739935,0.47357395,0.03617455,0.24884887,0.033997245,0.19920288,0.12537599,0.45183447,0.28145993
375316653866487564,555368550167662464,0.55382407,2192.4234441198737,1.707087133585,1.0095123E-5,18.508955,0.006604771,0.2888917,0.008572807,0.030372081,0.006748053,0.36596853,0.13165244,0.7827051,0.0012050116,0.026332472,9.561279E-4,0.75471765,0.029286372,null,null,null,null,"TWOGAUSSIANS",8,9.260864,0.7827051,0.0012050116,0.14746185,0.005354316,0.75471765,0.029286372,0.2888917,0.008572807,0.17008366,0.037789095,0.36596853,0.13165244
375316653866487564,555374833702319488,0.66430277,2198.7649677114728,1.3799513657781524,2.950253E-6,17.0953,0.003297479,0.23608942,9.932228E-4,0.04562075,0.0017446814,0.54213893,0.021536501,0.7291277,0.0059684194,0.048422486,0.005077184,0.070129514,0.013010329,0.02472689,0.003568978,0.23608942,9.932228E-4,"TWOGAUSSIANS_WITH_ELLIPSOIDAL_ON_ECLIPSE1",9,2.8604238,0.23608942,9.932228E-4,0.2554762,0.0097702155,0.59159243,0.02508607,0.7299277,0.0053043636,0.2711659,0.028432231,0.1194994,0.0111418
375316653866487564,555397584145819264,0.5627748,2218.8038879790715,2.183124068050669,8.619323E-6,14.652693,0.011643003,0.2708012,0.0023127326,0.08187862,0.0046222624,0.4731307,0.025650574,0.768365,0.0040871077,0.07159957,0.0053292657,0.31212017,0.01910455,null,null,null,null,"TWOGAUSSIANS",8,163.12486,0.2708012,0.0023127326,0.4,0.0,0.46947327,0.026287809,0.768365,0.0040871077,0.4,0.018400513,0.30846274,0.018816583
375316653866487564,555399813232455680,0.48271632,2216.926914158694,3.798751671290423,2.2191789E-5,18.19052,0.0031618176,null,null,null,null,null,null,null,null,null,null,null,null,0.06052276,0.0043981364,0.27325383,0.0057430356,"ELLIPSOIDAL",4,3.039236,null,null,null,null,null,null,null,null,null,null,null,null
375316653866487564,555419368220711808,0.572662,2195.9458042904976,2.2513373003330144,1.605133E-5,12.5133,0.008487486,0.21531267,0.004150779,0.076610565,0.006181392,0.22472171,0.009356658,0.7115981,0.004018824,0.078648224,0.0049208645,0.5227828,0.027320126,null,null,null,null,"TWOGAUSSIANS",8,284.70386,0.7115981,0.004018824,0.4,0.0,0.5192431,0.027949532,0.21531267,0.004150779,0.4,0.0,0.22118206,0.008586655
375316653866487564,555435792174727424,0.6120941,2237.508987013918,0.5159994666730421,2.1402042E-5,14.737193,0.0091111725,0.28631416,0.0016748143,0.0303553,0.0031558534,0.19911806,0.022929877,0.7879008,0.0021949636,0.028878668,0.004221308,1.5800133,0.22607149,0.046914864,0.013535774,0.28631416,0.0016748143,"TWOGAUSSIANS_WITH_ELLIPSOIDAL_ON_ECLIPSE1",9,456.06064,0.7879008,0.0021949636,0.16172054,0.023639325,1.6738335,0.24054976,0.28631416,0.0016748143,0.16998968,0.017672779,0.2929476,0.011155244
375316653866487564,555450528206863488,0.5825006,2215.5270510201067,3.4924840425392594,6.9843354E-6,18.360003,0.02285307,0.31684104,0.0038613349,0.058662545,0.007471839,0.34990048,0.047769107,0.8220081,0.006103945,0.04852424,0.0066443374,0.34836268,0.049013015,0.10408773,0.024324391,0.31684104,0.0038613349,"TWOGAUSSIANS_WITH_ELLIPSOIDAL_ON_ECLIPSE1",9,7.786141,0.31684104,0.0038613349,0.32851025,0.041842297,0.55803436,0.019207872,0.8220081,0.006041195,0.27173573,0.03720829,0.5562772,0.0311211
375316653866487564,555452280553536384,0.53734887,2209.5348760842558,4.347366646993438,9.755451E-6,18.160936,0.008288762,0.26512972,0.0046911757,0.081412435,0.0067729293,0.33495915,0.013978232,0.78924155,0.0044767596,0.079422735,0.0054979576,0.26586133,0.010855923,null,null,null,null,"TWOGAUSSIANS",8,6.022008,0.26512972,0.0046911757,0.4,0.0,0.3320057,0.014045546,0.78924155,0.0044767596,0.4,0.0,0.2629079,0.0103622535
375316653866487564,555459569113604352,0.61095047,2155.499102250242,2.7034666417118687,7.176418E-6,13.818153,0.048880078,0.26261047,0.0037906761,0.070479855,0.020574685,0.23341835,0.07953465,0.77253646,0.0024820575,0.06516544,0.018162401,0.22258322,0.09518543,0.07087747,0.05121687,0.77253646,0.0024820575,"TWOGAUSSIANS_WITH_ELLIPSOIDAL_ON_ECLIPSE2",9,161.96033,0.26452047,0.0030387451,0.39468718,0.09480632,0.37432662,0.034359027,0.77253646,0.0024820575,0.36492646,0.10170945,0.36393648,0.010640456
375316653866487564,555460359387931008,0.6256922,2239.1200858712837,1.8464252987927223,5.759618E-6,16.431316,0.0030293185,0.22694597,0.0014599785,0.084144324,0.0018070564,0.31630716,0.0048464164,0.72751004,0.0012487613,0.09217416,0.0016184177,0.23456644,0.0035338465,null,null,null,null,"TWOGAUSSIANS",8,4.8826013,0.22694597,0.0014599785,0.4,0.0,0.30672443,0.004687972,0.72751004,0.0012487613,0.4,0.0,0.22498356,0.0028169164
375316653866487564,555463928504913792,0.56738734,2157.669802765345,3.195495403484492,9.62503E-6,17.786888,0.009318623,0.14749224,0.0031538743,0.026182946,0.026623592,0.14013778,0.015710771,0.6635887,0.007129373,0.047367528,0.0064239968,0.13702846,0.02577606,0.111889996,0.012373452,0.14749224,0.0031538743,"TWOGAUSSIANS_WITH_ELLIPSOIDAL_ON_ECLIPSE1",9,7.2879653,0.14749224,0.0031538743,0.1466245,0.14909212,0.36391768,0.014771998,0.6635887,0.007129373,0.26525816,0.035974383,0.35852715,0.012372102
375316653866487564,555467643652061312,0.5805727,2195.0341093608,4.599426257041631,8.7785265E-6,17.726358,0.0059560677,0.24586153,0.0014423344,0.05521943,0.0026839592,0.318947,0.016957238,0.751008,0.014467941,0.036419086,0.021518288,0.085321985,0.02036089,0.082261994,0.009462066,0.24586153,0.0014423344,"TWOGAUSSIANS_WITH_ELLIPSOIDAL_ON_ECLIPSE1",9,5.27601,0.24586153,0.0014423344,0.3092288,0.015030172,0.48345944,0.010953701,0.751008,0.013948729,0.20394687,0.12050241,0.24966246,0.024836889
375316653866487564,555473519167396480,0.5803443,2230.536864441971,2.360562798723101,5.259268E-6,17.21914,0.015699163,0.2619644,0.004837799,0.06220566,0.01786813,0.09296854,0.038226333,0.7530124,0.0015683012,0.042834047,0.0026280957,0.59233487,0.04030408,0.08711342,0.019320635,0.2619644,0.004837799,"TWOGAUSSIANS_WITH_ELLIPSOIDAL_ON_ECLIPSE1",9,27.072823,0.75338244,0.0014081476,0.23987067,0.014717336,0.7660045,0.029580513,0.2619644,0.004837799,0.34835172,0.10006153,0.26716635,0.0111533385
375316653866487564,555476577184995456,0.61402076,2206.5872893608985,2.7711582895707805,7.6080155E-6,17.521393,0.009520206,0.20721555,0.0024165807,0.04973028,0.0068842364,0.1451151,0.021929579,0.6979834,0.005183621,0.053862244,0.008106912,0.123021714,0.019770617,0.13098316,0.0102743115,0.20721555,0.0024165807,"TWOGAUSSIANS_WITH_ELLIPSOIDAL_ON_ECLIPSE1",9,5.0870786,0.20721555,0.0024165807,0.27848956,0.038551725,0.4070791,0.014439461,0.7010134,0.0035005365,0.30162856,0.045398705,0.3843936,0.01291499
375316653866487564,555490252359884160,0.5571146,2187.5771324932816,3.979609904907191,7.2620496E-6,18.591732,0.007945679,0.20263259,0.0018943442,0.07485854,0.0026253383,0.34638783,0.009748344,0.7091606,0.002614128,0.08537969,0.0041334718,0.3260628,0.011841676,null,null,null,null,"TWOGAUSSIANS",8,2.0794702,0.20263259,0.0018943442,0.4,0.0,0.34186238,0.009027599,0.7091606,0.002614128,0.4,0.0,0.3215373,0.012013552
375316653866487564,555501659792121088,0.47538683,2176.6029087068478,3.8210711285277585,1.9297453E-5,18.346144,0.008575545,0.30841827,0.0072154473,0.06869276,0.01091635,0.23150238,0.019891,0.8117363,0.0061003244,0.0601572,0.010859439,0.21698123,0.10877346,null,null,null,null,"TWOGAUSSIANS",8,9.161463,0.30841827,0.0072154473,0.38467944,0.04549379,0.23128448,0.019976428,0.8117363,0.0061003244,0.3368803,0.060812857,0.21676333,0.108944476
375316653866487564,555511040000745216,0.4689756,2195.5308775058643,0.5191258606260467,4.2030904E-5,19.800156,0.0068455455,0.36991075,8.6037844E-4,0.016198833,0.002609362,0.09646843,0.0048847785,0.81032306,0.0106096,0.008910303,0.020401074,0.50149524,0.42593756,null,null,null,null,"TWOGAUSSIANS",8,1.8397981,0.81032306,0.0106096,0.0498977,0.11424601,0.50149524,0.42593756,0.36991075,8.6037844E-4,0.09071346,0.014612426,0.09646843,0.0048847785
375316653866487564,555518869725931008,0.57001317,2193.4383797161263,0.8875806323246314,5.2827956E-5,18.175133,0.009197215,0.7038106,7.0194865E-4,0.029586423,0.0016394397,1.2325746,0.111157574,null,null,null,null,null,null,0.028743165,0.013945964,0.7038106,7.0194865E-4,"ONEGAUSSIAN_WITH_ELLIPSOIDAL",6,5.933811,0.7038106,7.0194865E-4,0.16568397,0.009180862,1.2900609,0.11724099,null,null,null,null,null,null
375316653866487564,555537600078608256,0.47669008,2171.7451075297868,0.07904415958377238,2.1274947E-5,15.079287,0.0015196872,0.15424775,2.3042547E-4,0.006949508,2.4300916E-4,0.16674168,0.003232401,0.746759,0.03724817,0.024065817,0.032464113,0.09679108,1322.5391,0.0044271066,0.0034715862,0.746759,0.03724817,"TWOGAUSSIANS_WITH_ELLIPSOIDAL_ON_ECLIPSE2",9,18.317657,0.15425774,2.2535062E-4,0.038917243,0.0013608512,0.17292675,0.0038181476,0.746759,0.03724817,0.13476858,0.18179902,0.10564528,1322.539
375316653866487564,555543643096675200,0.44859725,2184.309936244739,0.327464586948615,1.6473183E-5,18.227758,0.0030692199,0.21302724,0.0034516756,0.0018450749,0.0017497631,0.23887289,0.03282398,0.6271308,0.06533308,0.052941766,0.03253434,0.01857627,0.01910652,0.013886327,0.0035962441,0.21302724,0.0034516756,"TWOGAUSSIANS_WITH_ELLIPSOIDAL_ON_ECLIPSE1",9,5.5442376,0.21302724,0.0034516756,0.01033242,0.009798674,0.26664555,0.033614725,0.6478908,0.07525128,0.2964739,0.1821923,0.040576395,0.01920561
375316653866487564,555548968856847360,0.5697143,2195.957324817149,3.3736999214320034,1.0662646E-5,16.202627,0.027390301,0.26024374,0.0025355357,0.061285738,0.008412927,0.24697496,0.062050615,0.75695515,0.0038045375,0.056886584,0.011603909,0.29658088,0.046337955,0.08789612,0.03337294,0.26024374,0.0025355357,"TWOGAUSSIANS_WITH_ELLIPSOIDAL_ON_ECLIPSE1",9,37.348545,0.75738513,0.003187073,0.3185649,0.064981885,0.47223338,0.044796158,0.26024374,0.0025355357,0.34320015,0.047112394,0.42269263,0.01742571
375316653866487564,555555123544598016,0.5093717,2176.4893600217006,2.8670892519722635,1.4195535E-5,14.294899,0.004852164,0.26578787,0.0070720357,0.026435878,0.012177511,0.041892476,0.010649554,0.7493022,0.005397104,0.039283305,0.015003708,0.041225888,0.017657917,0.08004889,0.00925506,0.7493022,0.005397104,"TWOGAUSSIANS_WITH_ELLIPSOIDAL_ON_ECLIPSE2",9,120.50196,0.7493022,0.005397104,0.21998651,0.08402076,0.20132342,0.014403085,0.26291785,0.005287572,0.14804092,0.06819406,0.20057501,0.010990595
375316653866487564,555580339298687616,0.5280102,2226.3200683164073,0.24822162579472165,7.0483744E-5,16.824606,0.0019991836,0.15164515,0.016524136,0.01182479,0.014183009,0.03137595,3.1164462E21,0.78984594,0.00575159,0.023763465,0.009714161,0.17895442,0.03019328,null,null,null,null,"TWOGAUSSIANS",8,6.8554983,0.78984594,0.00575159,0.1330754,0.0543993,0.17895442,0.03019328,0.15164515,0.016524136,0.06621883,0.07942485,0.03137595,3.1164462E21
375316653866487564,555586837584593792,0.49707738,2232.9129114787415,2.7264641645583056,1.578095E-5,17.770231,0.0057341526,0.21618924,0.0228016,0.069973074,0.02635451,0.0569945,0.0056245765,0.7375106,0.005263723,0.08006345,0.0074240216,0.115920916,0.0070485203,null,null,null,null,"TWOGAUSSIANS",8,3.7560124,0.7375106,0.005263723,0.4,0.0,0.1155254,0.0065883086,0.21618924,0.0228016,0.39184922,0.06155002,0.056598984,0.005957966
375316653866487564,555595045266316800,0.541974,2203.6423128907727,3.097419067045624,1.1949029E-5,18.845552,0.014403944,0.25094366,0.003322503,0.047265474,0.0054645897,0.57197195,0.04385908,0.7524816,0.002267918,0.04047953,0.0040664007,0.51888376,0.040859666,0.09417122,0.030549368,0.25094366,0.003322503,"TWOGAUSSIANS_WITH_ELLIPSOIDAL_ON_ECLIPSE1",9,15.020648,0.25094366,0.003322503,0.26468667,0.030601703,0.76031387,0.030063463,0.7524816,0.002266454,0.22668537,0.022771843,0.70720816,0.03094805
375316653866487564,555596454015358336,0.5276838,2172.273891597086,2.90963388230115,1.0168131E-5,19.89606,0.007657039,0.26606083,0.003043064,0.051033184,0.0051057166,0.60680854,0.075134754,0.76171756,0.002900073,0.04728045,0.0041344594,0.5289082,0.04918045,null,null,null,null,"TWOGAUSSIANS",8,2.580334,0.26606083,0.003043064,0.28578582,0.028592013,0.60680634,0.07513824,0.76171756,0.002900073,0.2647705,0.023152974,0.528906,0.049182437
375316653866487564,555597248585457152,0.6085522,2182.9213118745884,1.6706967031982378,8.5549855E-6,15.7569685,0.002106457,0.15829173,0.0023955072,0.06402157,0.0029434874,0.29896694,0.013795704,0.6655662,0.002750552,0.07668092,0.0037559052,0.1267505,0.005221941,null,null,null,null,"TWOGAUSSIANS",8,11.180742,0.15829173,0.0023955072,0.3585208,0.016483529,0.29841158,0.013932549,0.6655662,0.002750552,0.4,0.0,0.12619513,0.0052681034
375316653866487564,555600645903663104,0.5769145,2215.546552639277,3.5261334018789907,8.7296485E-6,16.55128,0.011278509,0.30976617,0.0036234774,0.04457323,0.006879261,0.27051997,0.022010753,0.8207278,0.0042444277,0.04738849,0.004385043,0.2539365,0.028764267,0.12388069,0.0139088575,0.30976617,0.0036234774,"TWOGAUSSIANS_WITH_ELLIPSOIDAL_ON_ECLIPSE1",9,38.57518,0.30976617,0.0036234774,0.24961008,0.038523864,0.51828086,0.011474009,0.8207278,0.0042444277,0.26537552,0.02455624,0.5005239,0.015356387
375316653866487564,555602363890541312,0.50582105,2212.8551498085203,2.9032917061450854,4.591398E-5,17.94364,0.013896284,0.2479055,0.010685024,0.04206128,0.03206935,0.14253308,0.048840486,0.73069406,0.0017941265,0.025475932,0.0019214225,0.49097025,0.05048442,0.035026144,0.020291429,0.2479055,0.010685024,"TWOGAUSSIANS_WITH_ELLIPSOIDAL_ON_ECLIPSE1",9,21.223404,0.73081404,0.0017994489,0.14266522,0.010759966,0.5602123,0.05006885,0.2479055,0.010685024,0.23554316,0.17958838,0.21258534,0.052868616
