Gaia/vari_eclipsing_binary/VariEclipsingBinary_674516-674533.csv
# %ECSV 1.0
# ---
# delimiter: ','
# meta: !!omap
# - RELEASE: Gaia DR3
# - TABLE: vari_eclipsing_binary
# - DESCRIPTION: >
#     This table describes the properties of the eclipsing binaries resulting from the variability analysis. 
# - CITATION: >
#     How to cite and acknowledge Gaia: 
#     https://gea.esac.esa.int/archive/documentation/credits.html 
# - KNOWN_ISSUES: >
#     Known issues: 
#     https://www.cosmos.esa.int/web/gaia-users/known-issues 
# - DOCUMENTATION: >
#     Tutorials and documentation: 
#     https://www.cosmos.esa.int/web/gaia-users/archive 
# datatype:
# - 
#   name: solution_id
#   datatype: int64
#   description: Solution Identifier
#   meta:
#     ucd: meta.version
# - 
#   name: source_id
#   datatype: int64
#   description: Unique source identifier
#   meta:
#     ucd: meta.id;meta.main
# - 
#   name: global_ranking
#   datatype: float32
#   description: Number between 0 (worst) and 1 (best)
#   meta:
#     ucd: stat.param
# - 
#   name: reference_time
#   datatype: float64
#   unit: d
#   description: Reference time used for the geometric model fit
#   meta:
#     ucd: time.epoch
# - 
#   name: frequency
#   datatype: float64
#   unit: d**-1
#   description: Frequency of geometric model of the eclipsing binary light curve
#   meta:
#     ucd: src.orbital
# - 
#   name: frequency_error
#   datatype: float32
#   unit: d**-1
#   description: "Uncertainty of \\texttt{frequency}"
#   meta:
#     ucd: stat.error
# - 
#   name: geom_model_reference_level
#   datatype: float32
#   unit: mag
#   description: Magnitude reference level of geometric model
#   meta:
#     ucd: phot.mag;em.opt
# - 
#   name: geom_model_reference_level_error
#   datatype: float32
#   unit: mag
#   description: "Uncertainty of \\texttt{geomModelReferenceLevel}"
#   meta:
#     ucd: stat.error;phot.mag;em.opt
# - 
#   name: geom_model_gaussian1_phase
#   datatype: float32
#   description: Phase of the Gaussian 1 component
#   meta:
#     ucd: time.phase
# - 
#   name: geom_model_gaussian1_phase_error
#   datatype: float32
#   description: "Uncertainty of \\texttt{geomModelGaussian1Phase}"
#   meta:
#     ucd: stat.error;time.phase
# - 
#   name: geom_model_gaussian1_sigma
#   datatype: float32
#   description: "Standard deviation [phase] of Gaussian 1 component"
#   meta:
#     ucd: stat.stdev
# - 
#   name: geom_model_gaussian1_sigma_error
#   datatype: float32
#   description: "Uncertainty of \\texttt{geomModelGaussian1Sigma}"
#   meta:
#     ucd: stat.error
# - 
#   name: geom_model_gaussian1_depth
#   datatype: float32
#   unit: mag
#   description: Magnitude depth of Gaussian 1 component
#   meta:
#     ucd: src.var.amplitude
# - 
#   name: geom_model_gaussian1_depth_error
#   datatype: float32
#   unit: mag
#   description: "Uncertainty of \\texttt{geomModelGaussian1Depth}"
#   meta:
#     ucd: stat.error;src.var.amplitude
# - 
#   name: geom_model_gaussian2_phase
#   datatype: float32
#   description: Phase of Gaussian 2 component
#   meta:
#     ucd: time.phase
# - 
#   name: geom_model_gaussian2_phase_error
#   datatype: float32
#   description: "Uncertainty of \\texttt{geomModelGaussian2Phase}"
#   meta:
#     ucd: stat.error;time.phase
# - 
#   name: geom_model_gaussian2_sigma
#   datatype: float32
[...]
#   datatype: float32
#   description: "Secondary eclipse: uncertainty of \\texttt{derivedSecondaryEclDuration}"
#   meta:
#     ucd: stat.error;time.duration
# - 
#   name: derived_secondary_ecl_depth
#   datatype: float32
#   unit: mag
#   description: "Secondary eclipse: depth"
#   meta:
#     ucd: src.var.amplitude
# - 
#   name: derived_secondary_ecl_depth_error
#   datatype: float32
#   unit: mag
#   description: "Secondary eclipse: uncertainty of \\texttt{derivedSecondaryEclDepth}"
#   meta:
#     ucd: stat.error;src.var.amplitude
solution_id,source_id,global_ranking,reference_time,frequency,frequency_error,geom_model_reference_level,geom_model_reference_level_error,geom_model_gaussian1_phase,geom_model_gaussian1_phase_error,geom_model_gaussian1_sigma,geom_model_gaussian1_sigma_error,geom_model_gaussian1_depth,geom_model_gaussian1_depth_error,geom_model_gaussian2_phase,geom_model_gaussian2_phase_error,geom_model_gaussian2_sigma,geom_model_gaussian2_sigma_error,geom_model_gaussian2_depth,geom_model_gaussian2_depth_error,geom_model_cosine_half_period_amplitude,geom_model_cosine_half_period_amplitude_error,geom_model_cosine_half_period_phase,geom_model_cosine_half_period_phase_error,model_type,num_model_parameters,reduced_chi2,derived_primary_ecl_phase,derived_primary_ecl_phase_error,derived_primary_ecl_duration,derived_primary_ecl_duration_error,derived_primary_ecl_depth,derived_primary_ecl_depth_error,derived_secondary_ecl_phase,derived_secondary_ecl_phase_error,derived_secondary_ecl_duration,derived_secondary_ecl_duration_error,derived_secondary_ecl_depth,derived_secondary_ecl_depth_error
[from data line 252]
375316653866487564,5933162797398996864,0.4900119,2120.2629414665003,0.3251158037857515,7.786152E-5,18.162453,0.0015366316,0.3749806,0.017824672,0.046069667,0.01853864,0.025675202,0.008283862,0.764497,0.0039723706,0.024191244,0.003332901,0.25778103,0.054906435,null,null,null,null,"TWOGAUSSIANS",8,2.52673,0.764497,0.0039723706,0.13547097,0.018664246,0.25778103,0.054906435,0.3749806,0.017824672,0.25799012,0.10381639,0.025675202,0.008283862
375316653866487564,5933163347115813504,0.4275802,2037.7491425377289,1.9302941736400527,8.029361E-5,19.38096,0.0143738985,0.29654065,0.012203663,0.027569428,0.026400657,0.12791084,2204158.8,0.82793444,0.045576464,0.05663996,0.05289054,0.054711457,0.22776845,0.075446606,0.030509396,0.29654065,0.012203663,"TWOGAUSSIANS_WITH_ELLIPSOIDAL_ON_ECLIPSE1",9,5.8657584,0.29654065,0.012203663,0.1543888,0.14784369,0.2788038,2204158.8,0.82793444,0.045576464,0.31718376,0.29618704,0.1998091,0.2299725
375316653866487564,5933163480241039488,0.5614363,2090.036255804232,4.061394576440659,7.890637E-6,19.171278,0.008871316,0.25228703,0.0018197122,0.070761815,0.002095595,0.5290824,0.013008027,0.7589204,0.0023529714,0.07413863,0.004344232,0.5510498,0.052621994,null,null,null,null,"TWOGAUSSIANS",8,3.0201077,0.7589204,0.0023529714,0.4,0.0,0.5486571,0.053334452,0.25228703,0.0018197122,0.3962662,0.011577106,0.5266897,0.012642729
375316653866487564,5933164034311345536,0.53231335,2113.139916436477,2.665888202308386,2.0724528E-5,18.265343,0.005939721,0.14121395,0.020298105,0.019538334,0.012733084,0.043694336,0.018988447,0.49012762,0.0030696304,0.083687544,0.0036143165,0.2631179,0.008251394,null,null,null,null,"TWOGAUSSIANS",8,4.0031857,0.49012762,0.0030696304,0.4,0.0,0.26311788,0.00825139,0.14123395,0.020295307,0.10941467,0.07130527,0.043738563,0.018963289
375316653866487564,5933164103069174016,0.5576239,2133.76152427334,0.02565803516211683,6.955854E-6,15.902185,7.237891E-4,0.46848446,3.6613594E-4,0.004099822,3.4756877E-4,0.13200326,0.005895646,0.9677106,2.8032463E-4,0.00356849,2.835164E-4,0.146179,0.01032257,null,null,null,null,"TWOGAUSSIANS",8,4.699595,0.9677106,2.8032463E-4,0.019983543,0.0015876918,0.146179,0.01032257,0.46848446,3.6613594E-4,0.022959003,0.001946385,0.13200326,0.005895646
375316653866487564,5933164343548964608,0.57033813,2092.8820835789415,1.1731851194270884,5.2804144E-6,18.859756,0.009629267,0.17993864,7.40165E-4,0.04764453,0.0017954954,0.6618514,0.025343869,0.68072826,0.010552543,0.04932683,0.005699178,0.07370639,0.03152593,0.04840706,0.01967505,0.17993864,7.40165E-4,"TWOGAUSSIANS_WITH_ELLIPSOIDAL_ON_ECLIPSE1",9,4.131607,0.17993864,7.40165E-4,0.26680937,0.010054775,0.7586646,0.019300696,0.68072826,0.0097301155,0.27623025,0.031915396,0.17051722,0.015313622
375316653866487564,5933164446666555904,0.5554034,2125.4024620291416,0.09305132380894006,2.7798877E-5,16.405334,8.256411E-4,0.43031082,0.0015228294,0.008538119,0.0014872783,0.11795816,0.011642819,0.7961,0.0024886397,0.010394176,0.0013010891,0.23622027,0.015959097,null,null,null,null,"TWOGAUSSIANS",8,5.9949,0.7961,0.0024886397,0.058207385,0.007286099,0.23622027,0.015959097,0.43031082,0.0015228294,0.047813464,0.008328758,0.11795816,0.011642819
375316653866487564,5933164549707716864,0.46978322,2100.590271261609,0.703206901310696,4.6072462E-5,19.151838,0.003650029,0.18528502,0.01173455,0.017284613,0.013123272,0.3263837,0.19601764,0.7011872,1.92438E-4,0.0081327045,2.2239957E-4,0.5476508,0.041153174,null,null,null,null,"TWOGAUSSIANS",8,2.810895,0.7011872,1.92438E-4,0.045543145,0.0012454375,0.5476508,0.041153174,0.18528502,0.01173455,0.09679383,0.07349032,0.3263837,0.19601764
375316653866487564,5933164618465265536,0.5247566,2113.1848834149273,2.8243084613444487,1.3879582E-5,18.26748,0.0017661856,0.23020875,0.002175159,0.021147469,0.027818387,0.011315499,0.009995321,null,null,null,null,null,null,0.08208726,0.0027012082,0.23020875,0.002175159,"ONEGAUSSIAN_WITH_ELLIPSOIDAL",6,2.90395,0.23020875,0.002175159,0.11842583,0.15578297,0.1754897,0.009722373,null,null,null,null,null,null
375316653866487564,5933164682801434496,0.5049968,2129.510469407769,2.3732481463974917,1.5182553E-5,17.877874,0.26624006,0.15806863,0.0042517185,0.14827463,0.066920124,0.22953169,0.2570051,0.65738004,0.0029666058,0.14076936,0.062214393,0.20660782,0.2493941,null,null,null,null,"TWOGAUSSIANS",8,2.904007,0.15809862,0.0043262243,0.4,0.0,0.13304834,0.0052148593,0.65738004,0.0029675947,0.4,0.0,0.1109301,0.0050030374
375316653866487564,5933165030782230912,0.46253732,2123.2808139314902,1.3527415728405785,3.288387E-5,18.89073,0.16409734,0.40333557,0.014495765,0.25446144,0.18812782,0.11362683,0.1558693,0.83405685,0.0013139716,0.029213296,0.0017662388,0.5290816,0.036308672,null,null,null,null,"TWOGAUSSIANS",8,5.6665163,0.83405685,0.0013139716,0.16359445,0.009890937,0.5308934,0.036550738,0.40333557,0.014495765,0.4,0.0,0.07911378,0.012489775
375316653866487564,5933165060758549120,0.5201428,2108.781366785562,1.8745422032913084,1.5355032E-5,18.644104,0.0033827166,0.30478203,0.0027200473,0.07390873,0.0022818376,0.23219123,0.010323139,0.80632675,0.0050947773,0.07903506,0.0050720833,0.12451933,0.00653506,null,null,null,null,"TWOGAUSSIANS",8,2.0874093,0.30478203,0.0027200473,0.4,0.0,0.23064564,0.010341955,0.80632675,0.0050947773,0.4,0.0,0.122973725,0.0065783816
375316653866487564,5933165168221208960,0.6058395,2131.7464548822177,0.5707869320153499,2.876661E-6,15.6924925,0.0022382364,0.24769396,5.335807E-4,0.042726386,9.5736136E-4,0.2519773,0.006085018,0.7467816,0.0015311938,0.040184412,0.001791866,0.20350729,0.007648401,0.037026733,0.0033722145,0.24769396,5.335807E-4,"TWOGAUSSIANS_WITH_ELLIPSOIDAL_ON_ECLIPSE1",9,10.087424,0.24769396,5.335807E-4,0.23926777,0.0053612236,0.32603064,0.004470628,0.7468216,0.0014654084,0.2250327,0.010034449,0.2775583,0.0068136696
375316653866487564,5933165266917936896,0.47261304,2128.460563806146,0.5725586196740503,1.0122636E-5,18.219961,0.0024250108,0.22832565,0.0013268034,0.025528025,0.0017575531,0.22883889,0.014156579,0.7321728,0.0021561412,0.026423117,0.003044955,0.088094264,0.008818054,null,null,null,null,"TWOGAUSSIANS",8,3.1307046,0.22832565,0.0013268034,0.14295694,0.009842297,0.22883889,0.014156579,0.7321728,0.0021561412,0.14796945,0.017051747,0.088094264,0.008818054
375316653866487564,5933165541825615744,0.59685206,2128.1231060966056,2.1926376171661213,4.6430328E-6,18.161549,0.010605933,0.2642478,0.0025973432,0.041412633,0.004097103,0.46935984,0.05615484,0.76551765,0.0011811213,0.041729167,0.0021607422,0.5030157,0.024248565,0.14432469,0.0139309475,0.2642478,0.0025973432,"TWOGAUSSIANS_WITH_ELLIPSOIDAL_ON_ECLIPSE1",9,9.606581,0.76551765,0.0011524081,0.23368333,0.012100156,0.79164606,0.017521514,0.2642478,0.0025973432,0.23191075,0.022943778,0.7580086,0.05479544
375316653866487564,5933165717977057536,0.53919816,2111.4335223325556,2.0999274317028545,9.524738E-6,18.944273,0.0099492455,0.26861805,0.0026618305,0.042699043,0.0053606676,0.34090602,0.05224385,0.7632729,0.0044984613,0.044047244,0.00479192,0.29966095,0.03898475,0.14551225,0.016302083,0.26861805,0.0026618305,"TWOGAUSSIANS_WITH_ELLIPSOIDAL_ON_ECLIPSE1",9,8.22257,0.26861805,0.0026618305,0.23911463,0.03001974,0.63193035,0.0514393,0.76396286,0.0039055527,0.24666455,0.026834752,0.5903996,0.03476208
375316653866487564,5933165851041102848,0.41987187,2110.7630106076817,4.200856471645676,3.1457286E-5,19.292004,0.006119276,0.50362575,0.0051778527,0.032676887,0.0037396916,0.42204082,0.091515586,0.89410025,0.0100933695,0.03114231,0.009263182,0.13639541,0.0783626,null,null,null,null,"TWOGAUSSIANS",8,6.2467017,0.50362575,0.0051778527,0.18299058,0.020942273,0.42204082,0.091515586,0.89410025,0.0100933695,0.17439693,0.051873818,0.13639541,0.0783626
375316653866487564,5933166164653675776,0.58248806,2112.0901231592406,3.275343512015597,7.3452725E-6,18.859995,0.015456853,0.25445524,0.0019675412,0.050902635,0.004015245,0.3970071,0.03462551,0.74876666,0.002660623,0.053073432,0.005469325,0.5123104,0.027015796,0.088273,0.018506492,0.25445524,0.0019675412,"TWOGAUSSIANS_WITH_ELLIPSOIDAL_ON_ECLIPSE1",9,3.9785829,0.74916667,0.0024485271,0.29721123,0.03062822,0.6886385,0.02798372,0.25445524,0.0019675412,0.28505474,0.022485372,0.5735446,0.016383776
375316653866487564,5933166508251066496,0.53239644,2113.1722674220778,1.2665470445308284,1.2801108E-5,16.512766,0.0032119164,0.31149244,0.003351222,0.086061805,0.004437776,0.12506756,0.0044287,0.8222758,0.0046024714,0.0753032,0.008769468,0.05746691,0.0032170722,null,null,null,null,"TWOGAUSSIANS",8,5.0253744,0.31149244,0.003351222,0.4,0.0,0.12391567,0.0041861236,0.8222758,0.0046024714,0.4,0.0,0.05631504,0.0029628782
375316653866487564,5933166645690039040,0.4480967,2143.8229779679864,0.5337454847210464,2.7195356E-5,17.606638,0.0016316725,0.28017694,2.5447225E-4,0.014618549,7.176602E-4,0.048845835,0.0014743435,0.7888237,0.004123039,0.023842685,0.003471015,0.12853742,0.014362895,null,null,null,null,"TWOGAUSSIANS",8,4.886891,0.7888237,0.004123039,0.13351904,0.019437684,0.12853742,0.014362895,0.28017694,2.5447225E-4,0.08186387,0.004018897,0.048845835,0.0014743435
375316653866487564,5933167161050351872,0.52668697,2103.314396542256,0.3526774290872124,7.155574E-6,19.62227,0.0044444925,0.16824834,0.0064281365,0.017037485,0.0035672917,0.75084525,0.13124833,0.66921973,0.0026915814,0.026083613,0.0029895464,0.39051345,0.078069344,null,null,null,null,"TWOGAUSSIANS",8,1.9311134,0.16824834,0.0064281365,0.095409915,0.019976834,0.75084525,0.13124833,0.66921973,0.0026915814,0.14606823,0.01674146,0.39051345,0.078069344
375316653866487564,5933167332884921600,0.57146686,2152.023270273273,1.6881585136425188,9.976449E-6,17.314201,0.009809786,0.27213377,0.0029338887,0.09434233,0.0068374807,0.29431933,0.008393005,0.78842616,0.0017600581,0.1009201,0.0067862156,0.1538891,0.008936526,null,null,null,null,"TWOGAUSSIANS",8,4.3403354,0.27213377,0.0029338887,0.4,0.0,0.2816933,0.009479811,0.78842616,0.0017600581,0.4,0.0,0.14126186,0.004842513
375316653866487564,5933167539043370624,0.50313926,2154.6494116732047,0.9755564260964442,1.6613649E-5,17.609924,0.0011840465,0.097077824,0.0011585563,0.014808163,5.537377E-4,0.32050908,0.02603977,0.782932,0.004417176,0.008324026,0.005923962,0.06321253,29488.674,null,null,null,null,"TWOGAUSSIANS",8,2.1248388,0.097077824,0.0011585563,0.082925715,0.003100931,0.32050908,0.02603977,0.782932,0.004417176,0.046614546,0.03317419,0.06321253,29488.674
375316653866487564,5933167573403137920,0.5782136,2157.9520839900633,2.2097473804882934,6.9522935E-6,17.604498,0.0050353296,0.22052434,0.0022536544,0.08371581,0.0029634002,0.2562649,0.0069232387,0.71733016,0.0013596142,0.08450587,0.0020096095,0.40666172,0.0070983307,null,null,null,null,"TWOGAUSSIANS",8,4.414488,0.71733016,0.0013596142,0.4,0.0,0.39931437,0.006884275,0.22052434,0.0022536544,0.4,0.0,0.24891758,0.0065476405
375316653866487564,5933168157482912128,0.5180984,2094.7584080098195,0.4595855861631658,1.1784105E-5,19.448929,0.0053795134,0.27177763,0.002366851,0.026943171,0.0013216465,0.46483636,0.023590298,0.77004945,0.0043447525,0.025215296,0.004624134,0.41598946,0.027462017,null,null,null,null,"TWOGAUSSIANS",8,2.8156621,0.27177763,0.002366851,0.15088177,0.00740122,0.46483636,0.023590298,0.77004945,0.0043447525,0.14120565,0.02589515,0.41598946,0.027462017
375316653866487564,5933168432361064960,0.5844701,2139.824242327818,1.2430754081285245,9.395944E-6,16.8822,0.0044041653,0.25913712,0.0014278875,0.080903776,0.0019126133,0.40537128,0.008396655,0.76057816,0.003079966,0.08585238,0.0041981107,0.2928688,0.012060071,null,null,null,null,"TWOGAUSSIANS",8,11.727101,0.25913712,0.0014278875,0.4,0.0,0.39793226,0.008389544,0.76057816,0.003079966,0.4,0.0,0.28542975,0.01275155
375316653866487564,5933168569835620352,0.55213153,2145.951450004899,0.7649331968577513,7.6275833E-6,16.954779,0.0099620195,0.2697551,0.001725632,0.04727669,0.0042006876,0.301167,0.021520078,0.7657271,0.0033651635,0.044974178,0.0047786855,0.30293995,0.025127418,0.07688009,0.013383581,0.2697551,0.001725632,"TWOGAUSSIANS_WITH_ELLIPSOIDAL_ON_ECLIPSE1",9,21.777658,0.7660271,0.0030976005,0.2518554,0.026760638,0.45660836,0.016002377,0.2697551,0.001725632,0.26474947,0.02352385,0.45492652,0.015385733
375316653866487564,5933168879040077568,0.46914762,2109.507029137624,0.5404391505537843,1.0039071E-5,19.825876,0.005044938,0.19553944,0.0031166866,0.028632648,0.0038995692,0.30375925,0.041108817,0.69412416,0.012730794,0.036129907,0.006717253,0.24098657,0.038266223,null,null,null,null,"TWOGAUSSIANS",8,1.7732347,0.19553944,0.0031166866,0.16034283,0.021837588,0.30375925,0.041108817,0.69412416,0.012730794,0.20232749,0.037616618,0.24098657,0.038266223
375316653866487564,5933169085238644608,0.5068693,2140.4390704125103,1.7152819006949795,1.1968156E-5,17.520245,0.0020685866,0.25353768,0.009458311,0.093284115,0.011573086,0.039655477,0.0027966711,0.7657181,0.001939319,0.052327007,0.004455908,0.13478541,0.017220406,null,null,null,null,"TWOGAUSSIANS",8,2.2040303,0.7657181,0.001939319,0.29303125,0.024953086,0.13454965,0.01732507,0.25353768,0.009458311,0.4,0.0,0.039419655,0.0028010018
375316653866487564,5933169153951263360,0.6349991,2143.7363884625315,1.0286648105793923,3.0816316E-6,16.556154,0.0013546441,0.2152585,0.0019133211,0.053347263,0.0023448272,0.090904795,0.0029705479,0.71475554,5.9109327E-4,0.0427693,6.8053126E-4,0.52490854,0.011978878,null,null,null,null,"TWOGAUSSIANS",8,4.712878,0.71475554,5.9109327E-4,0.23950809,0.003810975,0.524908,0.011978944,0.2152585,0.0019133211,0.29874468,0.013131032,0.09090429,0.002970658
375316653866487564,5933169394469281664,0.5848107,2173.50160780333,0.1952215002938491,1.8209286E-5,13.504833,8.689625E-4,0.1844873,0.003376876,0.013372519,0.0036071832,0.034286793,0.036844708,0.6669491,9.612091E-4,0.009279204,4.20818E-4,0.25852913,0.013902596,null,null,null,null,"TWOGAUSSIANS",8,47.56148,0.6669491,9.612091E-4,0.05196354,0.0023565807,0.25852913,0.013902596,0.1844873,0.003376876,0.074886106,0.020200226,0.034286793,0.036844708
375316653866487564,5933170111644650752,0.43516946,2148.6924539300694,2.5794098489128934,1.7981587E-5,18.36465,0.011653682,0.25388116,0.0056847706,0.037435763,0.009437693,0.07341647,0.03038444,0.7519061,0.012735515,0.012252291,0.013943148,0.12922446,0.2526656,0.07139245,0.016744941,0.25388116,0.0056847706,"TWOGAUSSIANS_WITH_ELLIPSOIDAL_ON_ECLIPSE1",9,17.837223,0.75193614,0.012688839,0.06861283,0.07808163,0.27198756,0.2778373,0.25388116,0.0056847706,0.20964026,0.05285108,0.21620128,0.013414892
375316653866487564,5933170356542468480,0.580295,2149.887688474259,0.32701690822304,6.3337216E-6,16.145658,0.0016970128,0.21665417,7.559074E-4,0.014550577,6.8809814E-4,0.4552796,0.010662148,0.71714795,0.013691345,0.014490131,0.00863519,0.245343,2.9089935,null,null,null,null,"TWOGAUSSIANS",8,19.274248,0.21665417,7.559074E-4,0.08148323,0.0038533495,0.4552796,0.010662148,0.71714795,0.013691345,0.081144735,0.048357066,0.245343,2.9089935
375316653866487564,5933170970638231424,0.53301543,2153.5672982697292,1.0233795955864426,2.0151758E-5,17.646086,0.0031974616,0.19348441,0.012553819,0.0531126,0.019512972,0.059232846,0.01525889,0.6982338,0.0032041676,0.03039436,0.001451525,0.4034841,0.02458387,null,null,null,null,"TWOGAUSSIANS",8,7.6288004,0.6982338,0.0032041676,0.17020841,0.008128541,0.4034841,0.02458387,0.19348441,0.012553819,0.29743055,0.10927264,0.059232842,0.0152589
