Gaia/vari_eclipsing_binary/VariEclipsingBinary_595899-595924.csv
# %ECSV 1.0
# ---
# delimiter: ','
# meta: !!omap
# - RELEASE: Gaia DR3
# - TABLE: vari_eclipsing_binary
# - DESCRIPTION: >
#     This table describes the properties of the eclipsing binaries resulting from the variability analysis. 
# - CITATION: >
#     How to cite and acknowledge Gaia: 
#     https://gea.esac.esa.int/archive/documentation/credits.html 
# - KNOWN_ISSUES: >
#     Known issues: 
#     https://www.cosmos.esa.int/web/gaia-users/known-issues 
# - DOCUMENTATION: >
#     Tutorials and documentation: 
#     https://www.cosmos.esa.int/web/gaia-users/archive 
# datatype:
# - 
#   name: solution_id
#   datatype: int64
#   description: Solution Identifier
#   meta:
#     ucd: meta.version
# - 
#   name: source_id
#   datatype: int64
#   description: Unique source identifier
#   meta:
#     ucd: meta.id;meta.main
# - 
#   name: global_ranking
#   datatype: float32
#   description: Number between 0 (worst) and 1 (best)
#   meta:
#     ucd: stat.param
# - 
#   name: reference_time
#   datatype: float64
#   unit: d
#   description: Reference time used for the geometric model fit
#   meta:
#     ucd: time.epoch
# - 
#   name: frequency
#   datatype: float64
#   unit: d**-1
#   description: Frequency of geometric model of the eclipsing binary light curve
#   meta:
#     ucd: src.orbital
# - 
#   name: frequency_error
#   datatype: float32
#   unit: d**-1
#   description: "Uncertainty of \\texttt{frequency}"
#   meta:
#     ucd: stat.error
# - 
#   name: geom_model_reference_level
#   datatype: float32
#   unit: mag
#   description: Magnitude reference level of geometric model
#   meta:
#     ucd: phot.mag;em.opt
# - 
#   name: geom_model_reference_level_error
#   datatype: float32
#   unit: mag
#   description: "Uncertainty of \\texttt{geomModelReferenceLevel}"
#   meta:
#     ucd: stat.error;phot.mag;em.opt
# - 
#   name: geom_model_gaussian1_phase
#   datatype: float32
#   description: Phase of the Gaussian 1 component
#   meta:
#     ucd: time.phase
# - 
#   name: geom_model_gaussian1_phase_error
#   datatype: float32
#   description: "Uncertainty of \\texttt{geomModelGaussian1Phase}"
#   meta:
#     ucd: stat.error;time.phase
# - 
#   name: geom_model_gaussian1_sigma
#   datatype: float32
#   description: "Standard deviation [phase] of Gaussian 1 component"
#   meta:
#     ucd: stat.stdev
# - 
#   name: geom_model_gaussian1_sigma_error
#   datatype: float32
#   description: "Uncertainty of \\texttt{geomModelGaussian1Sigma}"
#   meta:
#     ucd: stat.error
# - 
#   name: geom_model_gaussian1_depth
#   datatype: float32
#   unit: mag
#   description: Magnitude depth of Gaussian 1 component
#   meta:
#     ucd: src.var.amplitude
# - 
#   name: geom_model_gaussian1_depth_error
#   datatype: float32
#   unit: mag
#   description: "Uncertainty of \\texttt{geomModelGaussian1Depth}"
#   meta:
#     ucd: stat.error;src.var.amplitude
# - 
#   name: geom_model_gaussian2_phase
#   datatype: float32
#   description: Phase of Gaussian 2 component
#   meta:
#     ucd: time.phase
# - 
#   name: geom_model_gaussian2_phase_error
#   datatype: float32
#   description: "Uncertainty of \\texttt{geomModelGaussian2Phase}"
#   meta:
#     ucd: stat.error;time.phase
# - 
#   name: geom_model_gaussian2_sigma
#   datatype: float32
[...]
#   datatype: float32
#   description: "Secondary eclipse: uncertainty of \\texttt{derivedSecondaryEclDuration}"
#   meta:
#     ucd: stat.error;time.duration
# - 
#   name: derived_secondary_ecl_depth
#   datatype: float32
#   unit: mag
#   description: "Secondary eclipse: depth"
#   meta:
#     ucd: src.var.amplitude
# - 
#   name: derived_secondary_ecl_depth_error
#   datatype: float32
#   unit: mag
#   description: "Secondary eclipse: uncertainty of \\texttt{derivedSecondaryEclDepth}"
#   meta:
#     ucd: stat.error;src.var.amplitude
solution_id,source_id,global_ranking,reference_time,frequency,frequency_error,geom_model_reference_level,geom_model_reference_level_error,geom_model_gaussian1_phase,geom_model_gaussian1_phase_error,geom_model_gaussian1_sigma,geom_model_gaussian1_sigma_error,geom_model_gaussian1_depth,geom_model_gaussian1_depth_error,geom_model_gaussian2_phase,geom_model_gaussian2_phase_error,geom_model_gaussian2_sigma,geom_model_gaussian2_sigma_error,geom_model_gaussian2_depth,geom_model_gaussian2_depth_error,geom_model_cosine_half_period_amplitude,geom_model_cosine_half_period_amplitude_error,geom_model_cosine_half_period_phase,geom_model_cosine_half_period_phase_error,model_type,num_model_parameters,reduced_chi2,derived_primary_ecl_phase,derived_primary_ecl_phase_error,derived_primary_ecl_duration,derived_primary_ecl_duration_error,derived_primary_ecl_depth,derived_primary_ecl_depth_error,derived_secondary_ecl_phase,derived_secondary_ecl_phase_error,derived_secondary_ecl_duration,derived_secondary_ecl_duration_error,derived_secondary_ecl_depth,derived_secondary_ecl_depth_error
[from data line 37]
375316653866487564,5241594718154707968,0.4377184,2183.945137185458,2.174699831113851,2.9574452E-5,18.21724,0.010240663,0.15938103,0.013814514,0.09698494,0.024478119,0.079677254,0.010868376,0.62796986,0.009070082,0.07252371,0.009546743,0.17801306,0.028764434,null,null,null,null,"TWOGAUSSIANS",8,5.3899903,0.62796986,0.009070082,0.4,0.023110745,0.17640689,0.028946528,0.15938103,0.013814514,0.4,0.0,0.07807038,0.009956244
375316653866487564,5241594997376043776,0.6565612,2195.5212723474133,1.5491435846099202,4.3097543E-6,15.1497135,0.0043251244,0.21927752,0.0021108729,0.04019474,0.008578693,0.036719374,0.018163966,0.7161972,0.0020961396,0.05353591,0.002685841,0.19009586,0.010479954,0.070577756,0.0051236977,0.21927752,0.0021108729,"TWOGAUSSIANS_WITH_ELLIPSOIDAL_ON_ECLIPSE1",9,13.315849,0.7166372,0.0016594991,0.29980108,0.01504071,0.33120283,0.0068104463,0.21927752,0.0021108729,0.22509053,0.04804068,0.17787161,0.015079951
375316653866487564,5241595203514666624,0.53760743,2179.7066748080706,1.6783171995647124,1.456704E-5,19.250656,0.012929508,0.29407877,0.004080068,0.0842659,0.005444693,0.24081434,0.014076776,0.78381515,0.00373273,0.08150705,0.0059120487,0.38978848,0.013700836,null,null,null,null,"TWOGAUSSIANS",8,1.945178,0.78381515,0.00373273,0.4,0.0,0.38446194,0.013108596,0.29407877,0.004080068,0.4,0.0,0.2354878,0.011776923
375316653866487564,5241595237875487872,0.42613032,2175.738259679458,0.2619242045952552,4.4112367E-5,19.82516,0.018652378,0.2856216,0.024995426,0.12832923,0.024778618,0.1911731,0.028406302,0.8235996,0.009568424,0.053106185,0.0073457304,1.2273657,0.5177331,null,null,null,null,"TWOGAUSSIANS",8,5.4656086,0.82361954,0.009564766,0.29739463,0.04113609,1.220871,0.5178498,0.2856216,0.024995426,0.4,0.0,0.18435615,0.028682193
375316653866487564,5241595375333059072,0.6115828,2203.8857855241736,1.856116879022908,4.1632175E-6,16.914082,0.0060850056,0.25867617,0.0015394094,0.086475044,0.0029498043,0.25542763,0.006620755,0.7590853,0.0024837817,0.09739426,0.0044696727,0.21419562,0.006162703,null,null,null,null,"TWOGAUSSIANS",8,3.4152322,0.25867617,0.0015394094,0.4,0.0,0.24400125,0.0058220443,0.7590853,0.0024837817,0.4,0.0,0.20276846,0.0046997066
375316653866487564,5241595444052477568,0.5022378,2193.927051954423,2.8760333500377224,1.0460333E-5,18.956186,0.023746215,0.27291295,0.0054515577,0.09338085,0.012890979,0.23948868,0.023501592,0.777648,0.003212982,0.090084866,0.011707201,0.2389845,0.021297785,null,null,null,null,"TWOGAUSSIANS",8,3.1779835,0.27291295,0.0054515577,0.4,0.0,0.22861695,0.016601605,0.777648,0.003212982,0.4,0.0,0.22811297,0.013085999
375316653866487564,5241595680227401984,0.43530983,2181.192934944282,3.1613986974095263,5.7829213E-5,17.996231,0.007001867,0.17998536,0.007495481,0.07575267,0.014088219,0.07975678,0.006500814,0.6846649,0.012050593,0.06475914,0.010869023,0.07783593,0.023267787,null,null,null,null,"TWOGAUSSIANS",8,5.9636035,0.17998536,0.007495481,0.4,0.0043438165,0.079508334,0.0063010994,0.6846649,0.012050593,0.3626512,0.060866535,0.077587485,0.023231626
375316653866487564,5241595787650009088,0.57497406,2170.7526019396664,1.7471412074396977,8.1992675E-6,16.381886,0.010857446,0.22540283,0.002745497,0.08785749,0.004915888,0.44743633,0.016149636,0.7268607,0.0035551814,0.08045543,0.0040516555,0.46301803,0.021370823,null,null,null,null,"TWOGAUSSIANS",8,55.58944,0.7268607,0.0035551814,0.4,0.0,0.45228094,0.021063037,0.22540283,0.002745497,0.4,0.0,0.43669915,0.016792435
375316653866487564,5241595925070081280,0.48176473,2211.281838371361,0.04267753751321686,1.7392059E-4,19.779484,0.015675709,0.30450544,0.044209298,0.037257362,0.11942293,0.12322082,0.2948252,0.604809,0.066604674,0.05922986,0.048836384,0.6078382,2.7485473,null,null,null,null,"TWOGAUSSIANS",8,3.0440671,0.604809,0.066604674,0.3316872,0.266388,0.6078382,2.751128,0.30450544,0.044173893,0.20864123,0.2857605,0.12322241,0.2949167
375316653866487564,5241596234305973376,0.46040535,2185.0184923271977,1.6684532850514118,2.3226848E-5,18.7359,0.008467262,0.23282033,0.008146881,0.093663104,0.014915944,0.13481444,0.010914307,0.73534554,0.005069612,0.06403258,0.0047765523,0.35382172,0.037366007,null,null,null,null,"TWOGAUSSIANS",8,5.688933,0.73534554,0.005069612,0.35858244,0.026748693,0.35143372,0.037302937,0.23282033,0.008146881,0.4,0.0,0.13242628,0.011342873
375316653866487564,5241596646623039360,0.50808686,2195.4150207046464,2.9627226024068785,1.5216742E-5,18.551271,0.124115035,0.22334255,0.0029097728,0.10900539,0.02033901,0.28197137,0.10909697,0.73163164,0.006354376,0.14924945,0.05635612,0.21217872,0.11950139,null,null,null,null,"TWOGAUSSIANS",8,3.1212032,0.22308254,0.0025382375,0.4,0.0,0.21639527,0.009363681,0.7316516,0.006388796,0.4,0.0,0.14504233,0.018236611
375316653866487564,5241596715362603776,0.5886307,2208.566207061418,0.28367547789694075,4.37033E-5,16.569124,9.240925E-4,0.24428242,0.023278391,0.011431994,0.014429625,0.14870825,2.5370474,0.74827987,5.7024154E-4,0.011612406,0.0011706165,0.15132959,0.003312982,0.0018161682,0.0019969924,0.24428242,0.023278391,"TWOGAUSSIANS_WITH_ELLIPSOIDAL_ON_ECLIPSE1",9,2.1122985,0.74827987,5.7024154E-4,0.06502947,0.0065554525,0.15495963,0.0069641443,0.24428242,0.023278391,0.064019166,0.080805905,0.15234058,2.5373888
375316653866487564,5241596852801599744,0.5345078,2189.966104113893,2.910244765001138,1.1213504E-5,17.796251,0.025956027,0.258464,0.0062087034,0.114941604,0.022688968,0.1583609,0.020174624,0.74512976,0.0034868286,0.104362324,0.013704068,0.19958891,0.02190623,null,null,null,null,"TWOGAUSSIANS",8,3.3974676,0.74512976,0.0034868286,0.4,0.0,0.176869,0.0074853776,0.25847402,0.0062176073,0.4,0.0,0.13561824,0.011342815
375316653866487564,5241597539976189824,0.4878318,2184.312816709626,4.363833381944589,2.2922897E-5,19.95006,0.011816338,0.25252855,0.008611581,0.07923105,0.016293028,0.5637047,0.18907134,0.7501072,0.00594943,0.07189221,0.007376586,0.67580813,0.14049552,null,null,null,null,"TWOGAUSSIANS",8,1.9982841,0.7501072,0.00594943,0.4,0.023742069,0.67092615,0.14326073,0.25252855,0.008611581,0.4,0.015795022,0.5588227,0.19393611
375316653866487564,5241597677414998144,0.53721935,2176.1836449909024,2.7725566909533477,1.840836E-5,17.891014,0.23311278,0.24342605,0.007855232,0.15809664,0.13753334,0.14087224,0.22935468,0.74096864,0.0042238543,0.10440641,0.020663936,0.24001463,0.120999634,null,null,null,null,"TWOGAUSSIANS",8,2.6740212,0.74096864,0.0042238543,0.4,0.0,0.18930526,0.0074966596,0.24342605,0.007921946,0.4,0.0,0.08826956,0.008135369
375316653866487564,5241597952294765312,0.42640522,2138.856590149454,1.996858110251854,1.8900178E-5,19.128817,0.013484193,0.46093526,0.029177494,0.1622684,0.041610517,0.12048568,0.016406395,0.7594379,0.0052280566,0.03700577,0.010630927,0.1290816,0.08210741,null,null,null,null,"TWOGAUSSIANS",8,3.8306782,0.7594379,0.0052280566,0.20723231,0.059533194,0.14918923,0.083987504,0.46093526,0.029177494,0.4,0.0,0.11839508,0.015854962
375316653866487564,5241598192811647616,0.46237692,2159.720769923457,0.19250506675040832,4.065182E-5,19.121052,0.012960434,0.8347054,0.023605231,0.032855414,0.016438344,0.23490669,0.021034427,0.54652035,0.027839996,0.09856794,0.019719727,0.21126632,0.027144868,null,null,null,null,"TWOGAUSSIANS",8,8.629577,0.83429545,0.023675457,0.18399031,0.09205473,0.23786515,0.021608789,0.54652035,0.027839996,0.4,0.0,0.21126522,0.027144585
375316653866487564,5241598467709477504,0.60852665,2195.4035920641345,2.9341457018328616,5.200055E-6,17.251688,0.003649748,0.31272274,0.0016297408,0.07883503,0.0022040568,0.22388597,0.0051800967,0.8106602,0.0023334192,0.08100538,0.0031511295,0.24346736,0.0049139317,null,null,null,null,"TWOGAUSSIANS",8,2.8518422,0.8106602,0.0023334192,0.4,0.0,0.24010164,0.0046903365,0.31272274,0.0016297408,0.4,0.0,0.22052026,0.0048728567
375316653866487564,5241598502049682816,0.45446008,2199.1810408795704,1.6675860755861691,2.3051343E-5,17.996271,0.0045559984,0.27353796,0.041901726,0.036295068,0.010608166,0.17398137,0.07393648,0.7865984,0.008913474,0.03834379,0.016074155,0.14504507,0.07526583,null,null,null,null,"TWOGAUSSIANS",8,12.960028,0.27353796,0.041901726,0.20325239,0.059405733,0.17398137,0.07393648,0.7865984,0.008913474,0.21472524,0.09001527,0.14504507,0.07526583
375316653866487564,5241598948726569472,0.44186378,2191.5439846739077,2.163820067897562,6.3881474E-5,18.67627,0.21973057,0.2108031,0.021721382,0.12801002,0.10208165,0.16012439,0.21446322,0.7005256,0.009059709,0.10952538,0.04112566,0.21484679,0.18916611,null,null,null,null,"TWOGAUSSIANS",8,9.923983,0.7005256,0.009059709,0.4,0.0,0.17887172,0.021061836,0.2108231,0.021684121,0.4,0.0,0.12400025,0.024128333
375316653866487564,5241599017446325120,0.5152976,2159.667419593908,2.07386854306029,3.7110323E-5,19.104614,0.003921885,0.34356877,0.006340127,0.063887365,0.006139213,0.18684089,0.009643561,0.9561459,0.04818617,0.020999802,0.028004091,0.013028733,0.026829103,null,null,null,null,"TWOGAUSSIANS",8,1.3474294,0.34356877,0.006340127,0.35776925,0.034379594,0.18684089,0.009643564,0.9561459,0.04818617,0.11759889,0.1568229,0.013028735,0.026829094
375316653866487564,5241599326683803776,0.541381,2170.6068993301124,3.65243370140015,8.8711295E-6,19.676603,0.012788058,0.23713376,0.0033505487,0.09185689,0.005069324,0.5128133,0.016434796,0.73434657,0.0044709765,0.08507343,0.0063203666,0.4354679,0.027242698,null,null,null,null,"TWOGAUSSIANS",8,1.8524653,0.23713376,0.0033505487,0.4,0.0,0.49610418,0.016264098,0.73434657,0.0044709765,0.4,0.0,0.4187591,0.027827239
375316653866487564,5241599498482901632,0.51596934,2183.988723588111,2.796764546299555,2.4062738E-5,18.645067,0.025622198,0.31227157,0.009326766,0.077763796,0.015939454,0.22027983,0.026625711,0.8094916,0.003982053,0.09012844,0.011304188,0.23354788,0.023290921,null,null,null,null,"TWOGAUSSIANS",8,3.4522302,0.8094916,0.003982053,0.4,0.0,0.22843063,0.016332664,0.31227157,0.009326766,0.4,0.0,0.21516268,0.022502458
375316653866487564,5241599528548769024,0.47210604,2173.529231975915,0.7678092636770076,2.0454649E-5,18.73772,0.0034748716,0.16482714,0.0032897452,0.016921924,0.0022659397,0.29287615,0.12847658,0.825162,0.010319856,0.017940128,0.0053161304,0.09874484,0.049173277,null,null,null,null,"TWOGAUSSIANS",8,2.4918416,0.16482714,0.0032897452,0.09476277,0.012689263,0.29287615,0.12847658,0.825162,0.010319856,0.10046472,0.02977033,0.09874484,0.049173277
375316653866487564,5241599635921075328,0.5187144,2202.310163282854,2.363506677681954,7.95037E-6,17.380266,0.045584656,0.21581648,0.004171145,0.12361455,0.025665438,0.18451233,0.041628536,0.71860796,0.0030287802,0.108848244,0.0199818,0.2000753,0.038811807,null,null,null,null,"TWOGAUSSIANS",8,4.118938,0.7186279,0.0030670003,0.4,0.0,0.16335058,0.0088664,0.21581648,0.0041790446,0.4,0.0,0.14769438,0.00823466
375316653866487564,5241599670300357888,0.5669132,2207.4688046000815,1.4482450547301504,1.1725899E-5,16.765745,0.055775374,0.30346245,0.0026580489,0.07992922,0.023831554,0.2586661,0.021443242,0.8166012,0.005499142,0.11139237,0.036567584,0.12810507,0.053666253,null,null,null,null,"TWOGAUSSIANS",8,7.225003,0.30345246,0.002539142,0.4,0.0,0.24957335,0.022863293,0.8166012,0.005496652,0.4,0.0,0.11900008,0.011536712
375316653866487564,5241599910799005952,0.55360967,2183.820812997495,2.620205957772053,1.488968E-5,19.6406,0.014888772,0.21507126,0.009735247,0.058542676,0.012212013,0.5564749,0.09721656,0.7074468,0.0025539207,0.07241066,0.005188223,0.5785263,0.014620863,null,null,null,null,"TWOGAUSSIANS",8,2.866958,0.7074468,0.0025539207,0.4,0.013074274,0.5779091,0.0143928,0.21507126,0.009735247,0.327839,0.06838728,0.5558577,0.09765827
375316653866487564,5241599945178256768,0.5205177,2217.6692408509175,2.229679058597487,3.956172E-5,17.966534,0.004702021,0.18334506,0.0071114786,0.060817935,0.011886661,0.266251,0.015151399,0.8962193,0.012347922,0.015296246,0.01529222,0.19111665,5.8316626E9,null,null,null,null,"TWOGAUSSIANS",8,6.776476,0.18334506,0.0071114786,0.34058043,0.0665653,0.266251,0.015151399,0.8962193,0.012347922,0.08565898,0.08563643,0.19112049,5.8316626E9
375316653866487564,5241600048238190208,0.48142803,2160.708404303512,3.5025637683839848,2.4225359E-5,18.975483,0.46229184,0.2326016,0.0035943813,0.17251183,0.085784554,0.458164,0.439073,0.7340185,0.0072191106,0.16489592,0.08573235,0.44088963,0.43057293,null,null,null,null,"TWOGAUSSIANS",8,1.6040311,0.2323016,0.0035768778,0.4,0.0,0.16899736,0.009397381,0.7343985,0.0076719387,0.4,0.0,0.1565732,0.010429462
375316653866487564,5241600357495166080,0.6385238,2219.848623316743,0.09173136867197386,3.9491926E-5,15.243416,8.8965695E-4,0.30919263,0.08310392,0.103332885,0.07150309,0.0043471833,0.0023770146,0.45324558,5.4505026E-6,0.0037707102,2.5984287E-5,0.26959714,0.0016119205,null,null,null,null,"TWOGAUSSIANS",8,3.6447542,0.45324558,5.4505026E-6,0.021115977,1.4551201E-4,0.27124217,0.0010128806,0.30919263,0.08310392,0.4,0.16251785,0.0043471116,0.0023778314
375316653866487564,5241600426214657792,0.42423165,2231.8868854332013,2.6772230487900157,6.845682E-5,12.322296,5.351818E-4,0.1666365,0.014216963,0.05331184,0.049935266,0.0048509203,0.0032147483,0.68546206,0.003948786,0.020297082,0.0063639847,0.0076790377,0.0025562926,null,null,null,null,"TWOGAUSSIANS",8,9.742184,0.68546206,0.003948786,0.11366366,0.035638314,0.0076790377,0.0025562926,0.1666365,0.014216963,0.2985463,0.2796375,0.0048509203,0.0032147483
375316653866487564,5241600524980752768,0.51081765,2198.9240496083385,1.4350455052620052,3.8441044E-6,18.136871,0.0018693928,0.19768777,0.007189667,0.052512888,0.0071967673,0.062490698,0.009264396,0.69875497,0.0012555809,0.0349931,0.0026165966,0.12786551,0.008245159,null,null,null,null,"TWOGAUSSIANS",8,1.2752224,0.69875497,0.0012555809,0.19596137,0.01465294,0.1278655,0.008245169,0.19768777,0.007189667,0.29407218,0.040301897,0.062490687,0.009264407
375316653866487564,5241600632373408000,0.683287,2208.76579457503,0.981024505416759,4.368402E-6,13.67782,0.0020551598,0.23285912,7.678077E-4,0.03137046,0.0011329682,0.5270832,0.008924543,0.73102087,6.847337E-4,0.03049972,0.0012538141,0.44431308,0.012018015,0.02069889,0.0028641315,0.23285912,7.678077E-4,"TWOGAUSSIANS_WITH_ELLIPSOIDAL_ON_ECLIPSE1",9,24.01527,0.23285912,7.678077E-4,0.17567459,0.006344622,0.56848097,0.0094679,0.7310309,6.8467186E-4,0.17079844,0.007021359,0.48570535,0.011259682
375316653866487564,5241600735452652160,0.5035225,2169.353279411418,2.699163492253013,2.0803594E-5,18.944334,0.040336937,0.18979503,0.004544657,0.10690452,0.01744896,0.25626737,0.033213183,0.71699303,0.0070957644,0.11725304,0.016935933,0.29202002,0.040421996,null,null,null,null,"TWOGAUSSIANS",8,2.8325336,0.717023,0.0070761307,0.4,0.0,0.25753927,0.018342393,0.18968503,0.004447336,0.4,0.0,0.22186884,0.013964453
375316653866487564,5241600902909108352,0.5913881,2169.968999723789,1.9567821791788371,9.687012E-6,17.865284,0.008339126,0.17676719,0.009266077,0.041242573,0.005131789,0.49593326,0.054376442,0.7076457,0.034899376,0.053163853,0.015291881,0.45553648,1.8645071,0.03796311,0.011294912,0.17676719,0.009266077,"TWOGAUSSIANS_WITH_ELLIPSOIDAL_ON_ECLIPSE1",9,4.2007165,0.17676719,0.009266077,0.23095842,0.028738018,0.57185876,0.050386585,0.7076457,0.034899376,0.29771757,0.08563454,0.5286396,1.8671482
375316653866487564,5241601143431162880,0.5675076,2171.6311228716663,0.19740804378657684,1.7381197E-6,18.128963,0.022462217,0.1700974,3.4401225E-4,0.008913386,6.3881086E-4,0.6891059,0.009384291,0.6655522,0.05088775,0.19113892,0.109397985,0.037477266,0.02159152,null,null,null,null,"TWOGAUSSIANS",8,5.534801,0.1700974,3.4401225E-4,0.04991496,0.0035773409,0.6888336,0.009599083,0.6655522,0.05088775,0.4,0.0,0.03475262,0.015969327
