Gaia/vari_eclipsing_binary/VariEclipsingBinary_251080-251247.csv
# %ECSV 1.0
# ---
# delimiter: ','
# meta: !!omap
# - RELEASE: Gaia DR3
# - TABLE: vari_eclipsing_binary
# - DESCRIPTION: >
#     This table describes the properties of the eclipsing binaries resulting from the variability analysis. 
# - CITATION: >
#     How to cite and acknowledge Gaia: 
#     https://gea.esac.esa.int/archive/documentation/credits.html 
# - KNOWN_ISSUES: >
#     Known issues: 
#     https://www.cosmos.esa.int/web/gaia-users/known-issues 
# - DOCUMENTATION: >
#     Tutorials and documentation: 
#     https://www.cosmos.esa.int/web/gaia-users/archive 
# datatype:
# - 
#   name: solution_id
#   datatype: int64
#   description: Solution Identifier
#   meta:
#     ucd: meta.version
# - 
#   name: source_id
#   datatype: int64
#   description: Unique source identifier
#   meta:
#     ucd: meta.id;meta.main
# - 
#   name: global_ranking
#   datatype: float32
#   description: Number between 0 (worst) and 1 (best)
#   meta:
#     ucd: stat.param
# - 
#   name: reference_time
#   datatype: float64
#   unit: d
#   description: Reference time used for the geometric model fit
#   meta:
#     ucd: time.epoch
# - 
#   name: frequency
#   datatype: float64
#   unit: d**-1
#   description: Frequency of geometric model of the eclipsing binary light curve
#   meta:
#     ucd: src.orbital
# - 
#   name: frequency_error
#   datatype: float32
#   unit: d**-1
#   description: "Uncertainty of \\texttt{frequency}"
#   meta:
#     ucd: stat.error
# - 
#   name: geom_model_reference_level
#   datatype: float32
#   unit: mag
#   description: Magnitude reference level of geometric model
#   meta:
#     ucd: phot.mag;em.opt
# - 
#   name: geom_model_reference_level_error
#   datatype: float32
#   unit: mag
#   description: "Uncertainty of \\texttt{geomModelReferenceLevel}"
#   meta:
#     ucd: stat.error;phot.mag;em.opt
# - 
#   name: geom_model_gaussian1_phase
#   datatype: float32
#   description: Phase of the Gaussian 1 component
#   meta:
#     ucd: time.phase
# - 
#   name: geom_model_gaussian1_phase_error
#   datatype: float32
#   description: "Uncertainty of \\texttt{geomModelGaussian1Phase}"
#   meta:
#     ucd: stat.error;time.phase
# - 
#   name: geom_model_gaussian1_sigma
#   datatype: float32
#   description: "Standard deviation [phase] of Gaussian 1 component"
#   meta:
#     ucd: stat.stdev
# - 
#   name: geom_model_gaussian1_sigma_error
#   datatype: float32
#   description: "Uncertainty of \\texttt{geomModelGaussian1Sigma}"
#   meta:
#     ucd: stat.error
# - 
#   name: geom_model_gaussian1_depth
#   datatype: float32
#   unit: mag
#   description: Magnitude depth of Gaussian 1 component
#   meta:
#     ucd: src.var.amplitude
# - 
#   name: geom_model_gaussian1_depth_error
#   datatype: float32
#   unit: mag
#   description: "Uncertainty of \\texttt{geomModelGaussian1Depth}"
#   meta:
#     ucd: stat.error;src.var.amplitude
# - 
#   name: geom_model_gaussian2_phase
#   datatype: float32
#   description: Phase of Gaussian 2 component
#   meta:
#     ucd: time.phase
# - 
#   name: geom_model_gaussian2_phase_error
#   datatype: float32
#   description: "Uncertainty of \\texttt{geomModelGaussian2Phase}"
#   meta:
#     ucd: stat.error;time.phase
# - 
#   name: geom_model_gaussian2_sigma
#   datatype: float32
[...]
#   datatype: float32
#   description: "Secondary eclipse: uncertainty of \\texttt{derivedSecondaryEclDuration}"
#   meta:
#     ucd: stat.error;time.duration
# - 
#   name: derived_secondary_ecl_depth
#   datatype: float32
#   unit: mag
#   description: "Secondary eclipse: depth"
#   meta:
#     ucd: src.var.amplitude
# - 
#   name: derived_secondary_ecl_depth_error
#   datatype: float32
#   unit: mag
#   description: "Secondary eclipse: uncertainty of \\texttt{derivedSecondaryEclDepth}"
#   meta:
#     ucd: stat.error;src.var.amplitude
solution_id,source_id,global_ranking,reference_time,frequency,frequency_error,geom_model_reference_level,geom_model_reference_level_error,geom_model_gaussian1_phase,geom_model_gaussian1_phase_error,geom_model_gaussian1_sigma,geom_model_gaussian1_sigma_error,geom_model_gaussian1_depth,geom_model_gaussian1_depth_error,geom_model_gaussian2_phase,geom_model_gaussian2_phase_error,geom_model_gaussian2_sigma,geom_model_gaussian2_sigma_error,geom_model_gaussian2_depth,geom_model_gaussian2_depth_error,geom_model_cosine_half_period_amplitude,geom_model_cosine_half_period_amplitude_error,geom_model_cosine_half_period_phase,geom_model_cosine_half_period_phase_error,model_type,num_model_parameters,reduced_chi2,derived_primary_ecl_phase,derived_primary_ecl_phase_error,derived_primary_ecl_duration,derived_primary_ecl_duration_error,derived_primary_ecl_depth,derived_primary_ecl_depth_error,derived_secondary_ecl_phase,derived_secondary_ecl_phase_error,derived_secondary_ecl_duration,derived_secondary_ecl_duration_error,derived_secondary_ecl_depth,derived_secondary_ecl_depth_error
[from data line 145]
375316653866487564,2208732531645956992,0.5132872,2158.0397795503904,1.0830768064571368,1.353645E-5,17.300034,0.07667315,0.22009864,0.003736404,0.11933388,0.024357773,0.13904747,0.0695513,0.7182922,0.0043725995,0.15553805,0.051368486,0.14038105,0.0751848,null,null,null,null,"TWOGAUSSIANS",8,2.7508755,0.22021864,0.0038117298,0.4,0.0,0.088457525,0.0051602824,0.7182922,0.0043725995,0.4,0.0,0.08823212,0.005086625
375316653866487564,2208733008378301568,0.49036908,2168.6933095405325,0.5199561550407202,4.4830467E-5,18.687801,0.016012073,0.18353073,0.025589535,0.014412976,0.012147087,0.46686158,11190.081,0.68132645,0.0076701227,0.011097441,0.0056017083,0.59253985,0.18280122,0.020525182,0.017200654,0.18353073,0.025589535,"TWOGAUSSIANS_WITH_ELLIPSOIDAL_ON_ECLIPSE1",9,20.564789,0.68132645,0.007672948,0.06214567,0.031369567,0.6335823,0.18130775,0.18353073,0.025589535,0.08071267,0.06802369,0.5079119,11190.085
375316653866487564,2208736826604013056,0.45900774,2223.0054229883017,2.2734883447011818,3.4378554E-5,18.395712,0.00673338,0.18842965,0.010124345,0.035681408,0.027808167,0.068026364,5.5375288E7,0.72729534,0.017781217,0.0149925975,0.021303535,0.08928379,0.052090432,0.07076892,0.0118593965,0.18842965,0.010124345,"TWOGAUSSIANS_WITH_ELLIPSOIDAL_ON_ECLIPSE1",9,10.837167,0.72729534,0.017781217,0.083958544,0.11929979,0.22254767,0.055934366,0.18842965,0.010124345,0.1998159,0.15572573,0.20956421,5.5375288E7
375316653866487564,2208737956181397248,0.47552404,2230.4274457127744,0.6469575142660484,1.21326855E-4,19.663116,0.0051179104,0.26362476,0.0115996385,0.021472476,0.008141318,0.34164652,0.069051884,0.74687225,0.017150152,0.04031892,0.014251317,0.1748894,0.21813522,null,null,null,null,"TWOGAUSSIANS",8,1.4528898,0.26362476,0.0115996385,0.120245874,0.04559138,0.34164652,0.069051884,0.74687225,0.017150152,0.22578596,0.07980738,0.1748894,0.21813522
375316653866487564,2208737960480329472,0.5015673,2206.957478273738,3.1944842890186598,1.4830804E-5,17.693766,0.021982292,0.2400207,0.006791107,0.09495038,0.010651419,0.26232135,0.023824574,0.741244,0.005569586,0.08877903,0.011706234,0.2667632,0.019208018,null,null,null,null,"TWOGAUSSIANS",8,19.846148,0.741244,0.005569586,0.4,0.0,0.2539694,0.010317104,0.2400207,0.006791107,0.4,0.0,0.24952711,0.016349064
375316653866487564,2208740228223028608,0.57150877,2189.024344738513,0.6393212920469193,3.425809E-5,16.12346,0.0012629419,0.19599693,0.0014320143,0.019385748,0.0011488128,0.14265674,0.014455453,0.703322,0.002748238,0.016039005,0.0051309587,0.21186349,0.315648,null,null,null,null,"TWOGAUSSIANS",8,3.7131279,0.703322,0.002748238,0.08981842,0.02873337,0.21186349,0.315648,0.19599693,0.0014320143,0.10856018,0.006433352,0.14265674,0.014455453
375316653866487564,2208740911118583552,0.54179245,2181.0172915310204,1.5867770889069963,1.030031E-5,18.151882,0.0066089034,0.18727414,0.007959792,0.058023095,0.017114434,0.1025137,0.024479272,0.6770009,0.0036439537,0.05806323,0.00480032,0.22946827,0.011808377,null,null,null,null,"TWOGAUSSIANS",8,3.450668,0.6770009,0.0036439537,0.3251541,0.026881794,0.2294488,0.011785537,0.18727414,0.007959792,0.32492933,0.095840834,0.10249423,0.024555635
375316653866487564,2208746516050152448,0.44533277,2169.8366355540043,2.28529063095802,1.6849219E-5,18.018003,0.008270958,0.7447033,0.03245234,0.052532855,0.037406415,0.045895636,0.1250054,0.54975027,0.0097088115,0.033145703,0.029718844,0.21752378,0.2097006,null,null,null,null,"TWOGAUSSIANS",8,4.8579803,0.5497703,0.009708733,0.18561594,0.16642553,0.21757072,0.20975678,0.7447033,0.03224795,0.294184,0.20947592,0.045895644,0.12500785
375316653866487564,2208747920505326976,0.5616394,2183.210135676303,1.6733211330679931,3.0778053E-6,18.502186,0.0057236585,0.23176663,3.9132574E-4,0.037684284,8.6075196E-4,0.584667,0.0093041845,0.7306331,0.0041049193,0.042980354,0.0026546381,0.5632408,0.029260537,null,null,null,null,"TWOGAUSSIANS",8,4.704629,0.23176663,3.9132574E-4,0.21103199,0.004820211,0.584667,0.0093041845,0.7306331,0.0041049193,0.24068998,0.014865974,0.5632408,0.029260537
375316653866487564,2208748607700423680,0.4929197,2152.4451497108553,3.416947430677827,2.8029932E-5,19.263897,0.0709881,0.29164517,0.008748092,0.0785897,0.011392352,0.7628567,0.08619736,0.78907686,0.010678721,0.086195394,0.017299484,0.56117886,0.063411236,null,null,null,null,"TWOGAUSSIANS",8,10.841295,0.29164517,0.008748092,0.4,0.009678122,0.7504852,0.08022541,0.78907686,0.010678721,0.4,0.0,0.54880726,0.053765103
375316653866487564,2208752696508882432,0.5567959,2177.20446914691,3.7259856597572205,7.251404E-6,18.522932,0.006651714,0.3155705,0.002589901,0.050187215,0.0042987526,0.5146271,0.0622477,0.8100283,0.0048395726,0.037615266,0.0035928038,0.3123128,0.04491659,0.13816236,0.0138621535,0.3155705,0.002589901,"TWOGAUSSIANS_WITH_ELLIPSOIDAL_ON_ECLIPSE1",9,8.470503,0.3155705,0.002589901,0.28104842,0.024073014,0.7909497,0.05918753,0.81052834,0.0043318174,0.21064548,0.020119702,0.58833057,0.04658687
375316653866487564,2208752799591364608,0.44763783,2175.373113562491,2.750073923001215,2.7557942E-5,18.404196,0.00526039,null,null,null,null,null,null,null,null,null,null,null,null,0.07378485,0.009043721,0.18455112,0.007067738,"ELLIPSOIDAL",4,7.7463837,null,null,null,null,null,null,null,null,null,null,null,null
375316653866487564,2208755032971453184,0.5105076,2185.0165242967178,1.5348341677494153,1.2837971E-5,19.771338,0.0051988782,0.24537787,0.0026107423,0.03568837,0.004763959,0.5443373,0.11375675,0.7618447,0.004160967,0.031480603,0.0035763464,0.23936261,0.02674696,null,null,null,null,"TWOGAUSSIANS",8,1.5163336,0.24537787,0.0026107423,0.19985487,0.02667817,0.5443373,0.11375675,0.7618447,0.004160967,0.17629138,0.02002754,0.23936261,0.02674696
375316653866487564,2208758541963493504,0.59854454,2254.0878952012877,0.30816616137106706,5.8249493E-6,17.012535,0.004176759,0.3086002,0.0016230844,0.05050742,0.002689938,0.39162818,0.013369582,0.81096584,0.0017203361,0.058442764,0.0037444928,0.18615744,0.013659836,null,null,null,null,"TWOGAUSSIANS",8,5.25217,0.3086002,0.0016230844,0.28284153,0.015063654,0.39161557,0.013374198,0.81096584,0.0017203361,0.32727948,0.02096916,0.18614483,0.013664436
375316653866487564,2208759190497912704,0.55351263,2212.64558863468,0.20963159956526084,3.1145435E-5,16.874298,0.0026746602,0.4408522,0.0477075,0.13309287,0.1470171,0.007840645,0.0037967814,0.71581244,0.002835441,0.026130624,0.0018239499,0.23893662,0.017732238,null,null,null,null,"TWOGAUSSIANS",8,1.9019203,0.71581244,0.002835441,0.1463315,0.010214119,0.23985113,0.01833158,0.4408522,0.0477075,0.4,0.0,0.007827133,0.003838703
375316653866487564,2208764447538062976,0.56370074,2199.308502092135,0.19735477771825696,9.170473E-6,17.531042,0.0021583016,0.31935126,1.7716913E-4,0.014329098,2.460628E-4,0.26509163,0.0032001662,null,null,null,null,null,null,0.012612727,0.0039159376,0.31935126,1.7716913E-4,"ONEGAUSSIAN_WITH_ELLIPSOIDAL",6,3.4015064,0.31935126,1.7716913E-4,0.080242954,0.0013779516,0.29031703,0.006049091,null,null,null,null,null,null
375316653866487564,2208767024518524672,0.45439756,2157.3090720875343,0.37563570450216016,2.687115E-5,18.256102,0.00825923,0.12696642,0.0012371633,0.006630257,0.0010840442,0.5159257,0.24683525,0.6927327,0.0148999365,0.11067292,0.03755015,0.05199275,0.05657292,null,null,null,null,"TWOGAUSSIANS",8,3.4041576,0.12696642,0.0012371633,0.037129436,0.0060706474,0.51594555,0.246814,0.6927327,0.0148999365,0.4,0.0,0.051988907,0.056572698
375316653866487564,2208771182051804800,0.4874906,2180.359748077097,1.5324613615825404,1.9820987E-5,19.180786,0.006986737,0.26989356,0.016924312,0.064609654,0.01378894,0.08684298,0.007656725,0.77209026,0.0056004166,0.06811022,0.0051752916,0.24613309,0.016185002,null,null,null,null,"TWOGAUSSIANS",8,1.6605597,0.77209026,0.0056004166,0.3814172,0.028981632,0.2459046,0.016138555,0.26989356,0.016924312,0.36181405,0.07585718,0.08661448,0.0074808635
375316653866487564,2208775820614114176,0.57017314,2208.7496065653113,1.1316209148385183,7.4846885E-6,19.388239,0.005394799,0.2057662,0.0066629546,0.050407164,0.0058403844,0.16646577,0.01203042,0.7045889,0.002552347,0.03959328,0.00163047,0.8793224,0.036012,null,null,null,null,"TWOGAUSSIANS",8,1.4691223,0.7045889,0.002552347,0.22172236,0.0091306325,0.8793223,0.03601204,0.2057662,0.0066629546,0.28228012,0.032706153,0.16646564,0.012030508
375316653866487564,2208776821344727424,0.6616365,2244.642285194662,0.41968590355481583,4.776023E-6,13.878566,0.0034483979,0.25836658,0.018889291,0.025195912,0.011268744,0.44670832,0.29670957,0.7580784,0.008430097,0.024387032,0.005454706,0.47352836,0.14407088,0.0042828647,0.005856357,0.25836658,0.018889291,"TWOGAUSSIANS_WITH_ELLIPSOIDAL_ON_ECLIPSE1",9,35.74257,0.7580784,0.008420317,0.13656737,0.030546354,0.48209405,0.14635284,0.25836658,0.018889291,0.14109711,0.06310497,0.45527405,0.2963721
375316653866487564,2208779325306693248,0.54903924,2190.0698017342675,2.8959818026968445,6.5612403E-6,18.294804,0.007888987,0.21878344,0.0049444614,0.08679123,0.005768752,0.3734067,0.010771086,0.7274027,0.0033440192,0.07493734,0.0039825123,0.4295699,0.014680633,null,null,null,null,"TWOGAUSSIANS",8,4.0122285,0.7274027,0.0033440192,0.4,0.0,0.42391944,0.014363808,0.21878344,0.0049444614,0.4,0.0,0.36775622,0.009743509
375316653866487564,2208781391190304512,0.5051902,2227.581514345057,0.3353327224269726,9.473282E-6,16.415724,0.00272465,0.22060136,0.003954816,0.021223465,0.0048557897,0.17343932,0.0099410275,0.71683276,0.0039375187,0.01769698,0.0040022777,0.14454459,0.012808098,null,null,null,null,"TWOGAUSSIANS",8,20.354282,0.22060136,0.003954816,0.1188514,0.027192423,0.17343932,0.0099410275,0.71683276,0.0039375187,0.099103086,0.022412756,0.14454459,0.012808098
375316653866487564,2208790114264625152,0.5494118,2210.992636706153,2.094534141127344,9.563027E-6,17.94747,0.014175573,0.29262906,0.002401322,0.07628736,0.0048971674,0.6235115,0.033596497,0.80714285,0.0044219345,0.07441889,0.006434519,0.30753487,0.01795685,null,null,null,null,"TWOGAUSSIANS",8,10.828842,0.29262906,0.002401322,0.4,0.0,0.6209354,0.034313314,0.80714285,0.0044219345,0.4,0.011294528,0.3049588,0.017679963
375316653866487564,2208790767099645184,0.5076745,2193.9526776181065,2.4770231575641715,1.0311801E-5,17.237518,0.07167054,0.25415462,0.00553226,0.12867898,0.03220742,0.16453986,0.06877835,0.7616407,0.0040873075,0.12571381,0.031424426,0.15904209,0.0673115,null,null,null,null,"TWOGAUSSIANS",8,6.0339727,0.25407463,0.0054188687,0.4,0.0,0.12041931,0.0065098335,0.76175076,0.0040350775,0.4,0.0,0.114979096,0.007961515
375316653866487564,2208794894562290816,0.5194113,2193.214271736366,1.075604659434721,8.528562E-6,17.975342,0.0038341517,0.23434576,0.002198801,0.05514033,0.005952641,0.37931255,0.07958132,0.73639035,0.005165439,0.064051494,0.005350878,0.10530241,0.008215771,null,null,null,null,"TWOGAUSSIANS",8,3.009191,0.23434576,0.002198801,0.30878586,0.03333479,0.37925997,0.07966237,0.73639035,0.005165439,0.35868838,0.029964916,0.105249844,0.008214967
375316653866487564,2208797127950044160,0.5307394,2193.8255886491024,1.1099785809777867,2.2264354E-5,19.125172,0.0039238636,0.45893136,0.011603171,0.06405129,0.019137861,0.05675334,0.0134708015,0.6741607,0.0061396128,0.015303321,0.001691394,0.9689561,0.38068575,null,null,null,null,"TWOGAUSSIANS",8,2.1765795,0.6741607,0.0061396128,0.0856986,0.009471807,0.9691566,0.38067937,0.45893136,0.011603171,0.35868725,0.10130693,0.05675334,0.0134708015
375316653866487564,2208799876729462144,0.5279848,2181.2665764519297,0.809777047895969,7.0293086E-6,18.716154,0.0034812638,0.3610122,0.0012244009,0.040948406,0.0018498774,0.34195554,0.009588609,0.59945446,0.025181975,0.06625265,0.02421488,0.028003493,0.010336162,null,null,null,null,"TWOGAUSSIANS",8,1.8588215,0.3610222,0.0012636855,0.22931108,0.010359313,0.34199867,0.009361274,0.59945446,0.025181975,0.37101483,0.100692935,0.028003508,0.010336113
375316653866487564,2208803720722039552,0.5107296,2193.3753668225963,3.1909640184899897,1.3444579E-5,19.27846,0.025241697,0.21979153,0.0047213,0.09521784,0.009807637,0.2832042,0.024905158,0.7184933,0.005456238,0.114909016,0.013031674,0.2900608,0.02393567,null,null,null,null,"TWOGAUSSIANS",8,1.5472116,0.7184933,0.005456238,0.4,0.0,0.25689468,0.010492742,0.21979153,0.0047198944,0.4,0.0,0.25008243,0.014445303
375316653866487564,2208804820232114944,0.48813665,2259.962247181883,2.3036931358270047,1.7289178E-5,18.799627,0.025102867,0.268333,0.006136685,0.096490234,0.016532365,0.1997461,0.02087129,0.7683019,0.004561842,0.11232959,0.0158056,0.1868171,0.022585787,null,null,null,null,"TWOGAUSSIANS",8,1.5659057,0.268333,0.0061447853,0.4,0.0,0.17793737,0.02366933,0.7683019,0.004561842,0.4,0.0,0.16499032,0.0094828205
375316653866487564,2208805717884188544,0.51243824,2263.6382073941922,2.9933140775543947,2.2094058E-5,16.289246,0.08325787,0.2691726,0.0032157789,0.1197875,0.027446829,0.20859505,0.08003893,0.7864143,0.009205283,0.10618595,0.029195536,0.21288864,0.08096429,null,null,null,null,"TWOGAUSSIANS",8,29.095634,0.7864944,0.008907186,0.4,0.0,0.18236592,0.008557282,0.2691526,0.0031707478,0.4,0.0,0.17800003,0.01047847
375316653866487564,2208812070135555712,0.5453134,2177.1628086090063,2.2965468917091605,8.7102335E-6,17.922617,0.008992284,0.23572558,0.005712495,0.07392871,0.004587369,0.3308412,0.016255813,0.7319859,0.004428779,0.079701915,0.005809546,0.36428073,0.016655078,null,null,null,null,"TWOGAUSSIANS",8,7.0012727,0.7319859,0.004428779,0.4,0.0,0.36106336,0.016877983,0.23572558,0.005712495,0.4,0.0010603146,0.32762387,0.015634052
375316653866487564,2208812654251115904,0.49854043,2186.583662324809,0.6243393044720593,1.8938888E-5,18.414705,0.0026259955,0.296631,0.0021405048,0.039042998,0.0016294639,0.16564141,0.009290988,0.8942242,0.03445715,0.053444456,0.01584125,0.0067613586,0.0034672113,null,null,null,null,"TWOGAUSSIANS",8,1.0588292,0.296631,0.0021405048,0.2186408,0.009124998,0.16564141,0.009290988,0.8942242,0.03445715,0.29928896,0.088711,0.0067613586,0.0034672108
375316653866487564,2208812826049822720,0.5838288,2191.632879738375,2.3939909189148136,5.1659026E-6,17.881346,0.014872476,0.25309885,0.0022616892,0.10729779,0.006977523,0.33686024,0.012906779,0.7578033,0.0019244167,0.0974301,0.0040350882,0.37677345,0.014340949,null,null,null,null,"TWOGAUSSIANS",8,3.1691203,0.7578033,0.0019244167,0.4,0.0,0.3428274,0.0053989557,0.25309885,0.0022616892,0.4,0.0,0.30290246,0.012303348
375316653866487564,2208812967783521280,0.48891336,2183.0366663266295,0.2905268936296784,8.668132E-5,19.48946,0.0097351,0.451534,0.08314129,0.06480653,0.11123885,0.060091328,0.043849982,0.7949351,0.004460643,0.008074059,0.0064013344,0.6589616,0.61796397,null,null,null,null,"TWOGAUSSIANS",8,1.625437,0.7949351,0.004460643,0.04521473,0.035847474,0.65896165,0.6179557,0.451534,0.08314129,0.36291656,0.20382403,0.060091328,0.04408554
375316653866487564,2208816438122953344,0.6791521,2164.410871213134,0.8677549095181066,2.7736269E-6,16.651785,0.0013725202,0.7405381,0.018165601,0.01858722,0.01994715,0.0068541956,4.7781319E10,0.45068172,5.6310015E-4,0.036018904,4.246184E-4,0.61714476,0.009922626,null,null,null,null,"TWOGAUSSIANS",8,3.3210719,0.45068172,5.6310015E-4,0.20170586,0.002377863,0.61714476,0.009922626,0.7405381,0.018165601,0.10408844,0.111704044,0.0068541956,4.7781319E10
375316653866487564,2208818083090496768,0.45002165,2191.9820436249283,2.487165498314168,3.420255E-5,19.541195,0.014189726,0.2765466,0.011074843,0.10024241,0.013027883,0.19805743,0.02006113,0.7668723,0.011291326,0.07037334,0.020947967,0.16533396,0.03143043,null,null,null,null,"TWOGAUSSIANS",8,2.1773446,0.2765466,0.011074843,0.4,0.0,0.1938808,0.018651148,0.7668723,0.011291326,0.3940907,0.052714493,0.16115908,0.0356542
