Gaia/vari_eclipsing_binary/VariEclipsingBinary_682114-682183.csv
# %ECSV 1.0
# ---
# delimiter: ','
# meta: !!omap
# - RELEASE: Gaia DR3
# - TABLE: vari_eclipsing_binary
# - DESCRIPTION: >
#     This table describes the properties of the eclipsing binaries resulting from the variability analysis. 
# - CITATION: >
#     How to cite and acknowledge Gaia: 
#     https://gea.esac.esa.int/archive/documentation/credits.html 
# - KNOWN_ISSUES: >
#     Known issues: 
#     https://www.cosmos.esa.int/web/gaia-users/known-issues 
# - DOCUMENTATION: >
#     Tutorials and documentation: 
#     https://www.cosmos.esa.int/web/gaia-users/archive 
# datatype:
# - 
#   name: solution_id
#   datatype: int64
#   description: Solution Identifier
#   meta:
#     ucd: meta.version
# - 
#   name: source_id
#   datatype: int64
#   description: Unique source identifier
#   meta:
#     ucd: meta.id;meta.main
# - 
#   name: global_ranking
#   datatype: float32
#   description: Number between 0 (worst) and 1 (best)
#   meta:
#     ucd: stat.param
# - 
#   name: reference_time
#   datatype: float64
#   unit: d
#   description: Reference time used for the geometric model fit
#   meta:
#     ucd: time.epoch
# - 
#   name: frequency
#   datatype: float64
#   unit: d**-1
#   description: Frequency of geometric model of the eclipsing binary light curve
#   meta:
#     ucd: src.orbital
# - 
#   name: frequency_error
#   datatype: float32
#   unit: d**-1
#   description: "Uncertainty of \\texttt{frequency}"
#   meta:
#     ucd: stat.error
# - 
#   name: geom_model_reference_level
#   datatype: float32
#   unit: mag
#   description: Magnitude reference level of geometric model
#   meta:
#     ucd: phot.mag;em.opt
# - 
#   name: geom_model_reference_level_error
#   datatype: float32
#   unit: mag
#   description: "Uncertainty of \\texttt{geomModelReferenceLevel}"
#   meta:
#     ucd: stat.error;phot.mag;em.opt
# - 
#   name: geom_model_gaussian1_phase
#   datatype: float32
#   description: Phase of the Gaussian 1 component
#   meta:
#     ucd: time.phase
# - 
#   name: geom_model_gaussian1_phase_error
#   datatype: float32
#   description: "Uncertainty of \\texttt{geomModelGaussian1Phase}"
#   meta:
#     ucd: stat.error;time.phase
# - 
#   name: geom_model_gaussian1_sigma
#   datatype: float32
#   description: "Standard deviation [phase] of Gaussian 1 component"
#   meta:
#     ucd: stat.stdev
# - 
#   name: geom_model_gaussian1_sigma_error
#   datatype: float32
#   description: "Uncertainty of \\texttt{geomModelGaussian1Sigma}"
#   meta:
#     ucd: stat.error
# - 
#   name: geom_model_gaussian1_depth
#   datatype: float32
#   unit: mag
#   description: Magnitude depth of Gaussian 1 component
#   meta:
#     ucd: src.var.amplitude
# - 
#   name: geom_model_gaussian1_depth_error
#   datatype: float32
#   unit: mag
#   description: "Uncertainty of \\texttt{geomModelGaussian1Depth}"
#   meta:
#     ucd: stat.error;src.var.amplitude
# - 
#   name: geom_model_gaussian2_phase
#   datatype: float32
#   description: Phase of Gaussian 2 component
#   meta:
#     ucd: time.phase
# - 
#   name: geom_model_gaussian2_phase_error
#   datatype: float32
#   description: "Uncertainty of \\texttt{geomModelGaussian2Phase}"
#   meta:
#     ucd: stat.error;time.phase
# - 
#   name: geom_model_gaussian2_sigma
#   datatype: float32
[...]
#   datatype: float32
#   description: "Secondary eclipse: uncertainty of \\texttt{derivedSecondaryEclDuration}"
#   meta:
#     ucd: stat.error;time.duration
# - 
#   name: derived_secondary_ecl_depth
#   datatype: float32
#   unit: mag
#   description: "Secondary eclipse: depth"
#   meta:
#     ucd: src.var.amplitude
# - 
#   name: derived_secondary_ecl_depth_error
#   datatype: float32
#   unit: mag
#   description: "Secondary eclipse: uncertainty of \\texttt{derivedSecondaryEclDepth}"
#   meta:
#     ucd: stat.error;src.var.amplitude
solution_id,source_id,global_ranking,reference_time,frequency,frequency_error,geom_model_reference_level,geom_model_reference_level_error,geom_model_gaussian1_phase,geom_model_gaussian1_phase_error,geom_model_gaussian1_sigma,geom_model_gaussian1_sigma_error,geom_model_gaussian1_depth,geom_model_gaussian1_depth_error,geom_model_gaussian2_phase,geom_model_gaussian2_phase_error,geom_model_gaussian2_sigma,geom_model_gaussian2_sigma_error,geom_model_gaussian2_depth,geom_model_gaussian2_depth_error,geom_model_cosine_half_period_amplitude,geom_model_cosine_half_period_amplitude_error,geom_model_cosine_half_period_phase,geom_model_cosine_half_period_phase_error,model_type,num_model_parameters,reduced_chi2,derived_primary_ecl_phase,derived_primary_ecl_phase_error,derived_primary_ecl_duration,derived_primary_ecl_duration_error,derived_primary_ecl_depth,derived_primary_ecl_depth_error,derived_secondary_ecl_phase,derived_secondary_ecl_phase_error,derived_secondary_ecl_duration,derived_secondary_ecl_duration_error,derived_secondary_ecl_depth,derived_secondary_ecl_depth_error
[from data line 38]
375316653866487564,5999977988646066432,0.63771164,2069.321595042671,1.069195957465619,6.010219E-6,14.785006,0.0036197312,0.26579413,0.0013300775,0.098278314,0.0025897678,0.23765579,0.0038886624,0.76618034,0.0015025503,0.09204856,0.0021848707,0.28672343,0.0055461065,null,null,null,null,"TWOGAUSSIANS",8,14.920158,0.76618034,0.0015025503,0.4,0.0,0.27033186,0.0052428185,0.26579413,0.0013300775,0.4,0.0,0.22126329,0.0036846253
375316653866487564,5999978774606659456,0.6234605,2066.077269449575,1.2317198089279389,8.292262E-6,15.030578,0.004940481,0.14937188,0.0011466787,0.03766649,0.0020987806,0.19793789,0.0138817625,0.6462981,0.0019183842,0.03992625,0.0021204313,0.5253556,0.02548325,0.042971946,0.008601268,0.14937188,0.0011466787,"TWOGAUSSIANS_WITH_ELLIPSOIDAL_ON_ECLIPSE1",9,77.50558,0.64635813,0.001886987,0.22358699,0.011874415,0.61126804,0.02500358,0.14937188,0.0011466787,0.21093234,0.011753172,0.28388178,0.008153497
375316653866487564,5999979672273330176,0.5628129,2037.121370811784,2.777918964961476,1.3556187E-5,18.296488,0.02503323,0.22469623,0.003378356,0.097422406,0.008000752,0.3303871,0.024395386,0.7384143,0.003785854,0.10936403,0.010163536,0.33015916,0.022699598,null,null,null,null,"TWOGAUSSIANS",8,3.2369995,0.22468624,0.0033916757,0.4,0.0,0.30028883,0.0104692215,0.7384143,0.0037847022,0.4,0.0,0.30004036,0.010022932
375316653866487564,5999980050230410496,0.57368046,2039.6709315109256,2.9949856048899184,1.0881475E-5,17.66721,0.0070567355,0.17027222,0.0020871698,0.08080563,0.0033119014,0.35813847,0.009585868,0.6690223,0.0026106117,0.08246633,0.003864096,0.38866132,0.015181017,null,null,null,null,"TWOGAUSSIANS",8,6.4226646,0.6690223,0.0026106117,0.4,0.0,0.38195702,0.015982138,0.17027222,0.0020871698,0.4,0.0,0.35143417,0.009352634
375316653866487564,5999980325108343168,0.6194006,2040.8461846741732,2.7059111964224116,7.3638926E-6,17.60054,0.012060581,0.17940085,0.001682741,0.045571275,0.0045016613,0.20352657,0.027317414,0.674675,0.0024694593,0.052698597,0.0042980067,0.27611238,0.026885431,0.13201754,0.013895132,0.17940085,0.001682741,"TWOGAUSSIANS_WITH_ELLIPSOIDAL_ON_ECLIPSE1",9,7.6309004,0.675495,0.0019513132,0.29511216,0.024068838,0.53995025,0.014888543,0.17940085,0.001682741,0.25519916,0.025209304,0.46755683,0.007950006
375316653866487564,5999980840504436096,0.5497262,2026.604284899726,2.895072778485308,1.1632252E-5,17.628971,0.015179902,0.23112251,0.0033559646,0.09004482,0.006206354,0.39653823,0.016789848,0.7245939,0.0030037703,0.09463523,0.0048676613,0.4092899,0.01624844,null,null,null,null,"TWOGAUSSIANS",8,15.207712,0.7245939,0.0030037703,0.4,0.0,0.3905524,0.012285733,0.23112251,0.0033559646,0.4,0.0,0.3778013,0.01537582
375316653866487564,5999981252807210752,0.6226529,2060.503982336226,3.746024673158828,1.235772E-5,18.951239,0.0070845806,0.2628173,0.0018089995,0.04197289,0.0030152146,0.37548584,0.020388002,0.76214373,0.0059728795,0.044133045,0.004538684,0.42532572,0.014983419,0.1277258,0.008623767,0.2628173,0.0018089995,"TWOGAUSSIANS_WITH_ELLIPSOIDAL_ON_ECLIPSE1",9,1.3071816,0.76220375,0.005756039,0.24714504,0.025416631,0.68077266,0.007899779,0.2628173,0.0018089995,0.23504819,0.0168852,0.630937,0.014824373
375316653866487564,5999983348769015168,0.5182386,2034.2976981922523,1.3840200322351048,2.1553806E-5,15.778687,0.008267051,0.22204888,0.007152656,0.0972285,0.0241794,0.0493405,0.0057065035,0.7044666,0.0037974252,0.09441619,0.0111995125,0.09804553,0.006603609,null,null,null,null,"TWOGAUSSIANS",8,11.46455,0.7044666,0.0037974252,0.4,0.0,0.09447444,0.0045398367,0.22204888,0.0071535897,0.4,0.0,0.04576939,0.004346081
375316653866487564,5999984615759292416,0.4594596,2022.963994090946,2.330038275416803,3.808002E-5,18.222044,0.0053377887,0.2978642,0.052883357,0.13875811,0.043743465,0.041724246,0.006761415,0.60999924,0.00711916,0.07267747,0.009813989,0.1684978,0.014148747,null,null,null,null,"TWOGAUSSIANS",8,8.698017,0.60999924,0.00711916,0.4,0.02527915,0.17119816,0.0143997045,0.2983342,0.05342243,0.4,0.0,0.041117914,0.006655435
375316653866487564,5999984860594036096,0.5177767,2023.1601353133708,0.5647751706309316,6.453037E-5,17.805298,0.002670501,0.77177584,0.0013639684,0.024444059,0.0022165733,0.20330678,0.017912354,null,null,null,null,null,null,0.023103036,0.0036807803,0.77177584,0.0013639684,"ONEGAUSSIAN_WITH_ELLIPSOIDAL",6,4.1340756,0.77177584,0.0013639684,0.13688673,0.012412811,0.24951275,0.018491939,null,null,null,null,null,null
375316653866487564,5999985028086086656,0.50620854,2033.0254309187203,0.43202730761980124,8.133759E-5,18.869709,0.0026181838,0.41517952,5.521996E-4,0.025489213,6.949326E-4,0.35497662,0.004255559,0.78612196,0.02766981,0.030835869,0.03321456,0.017844578,62.464397,null,null,null,null,"TWOGAUSSIANS",8,1.7493215,0.41517952,5.521996E-4,0.1427396,0.0038916226,0.35497662,0.004255559,0.78612196,0.02766981,0.17268087,0.18600154,0.017844578,62.464397
375316653866487564,5999985066752452352,0.54806715,2039.9476558972244,2.4811353783247685,1.2968398E-5,18.94944,0.024438247,0.2649484,0.003679197,0.11823455,0.008491615,0.30307248,0.024028722,0.7593791,0.0019617495,0.107253015,0.007183323,0.3261062,0.021840267,null,null,null,null,"TWOGAUSSIANS",8,1.3262224,0.7593791,0.0019617495,0.4,0.0,0.2754661,0.0069854367,0.2649584,0.003686927,0.4,0.0,0.2523644,0.008115115
375316653866487564,5999985375990134528,0.5410856,2029.2438333784548,0.32823017138133725,8.138275E-5,17.959457,0.0013981174,0.5101915,1.3573162E-4,0.020233447,1.215071E-4,0.32266963,0.0014153033,null,null,null,null,null,null,null,null,null,null,"ONEGAUSSIAN",5,2.0453596,0.5101915,1.3573162E-4,0.1133073,6.8043976E-4,0.32266963,0.0,null,null,null,null,null,null
375316653866487564,5999985887069753984,0.43805164,2013.5157162732755,1.10295097019465,6.385369E-5,18.45108,0.019156143,0.20771267,0.0034618995,0.01793449,0.0034225709,0.11232045,0.032639917,0.5991872,0.012606573,0.1398656,0.032137234,0.13586502,0.019757783,null,null,null,null,"TWOGAUSSIANS",8,10.004309,0.5991872,0.012606573,0.4,0.0,0.1354089,0.018900566,0.20786266,0.0033255252,0.10043314,0.019166397,0.114582784,0.034417987
375316653866487564,5999985887069754112,0.5471692,2011.0553214399952,2.1592955302033436,1.1248204E-5,19.445286,0.007806662,0.20429167,0.0019166785,0.08282202,0.0034140928,0.47990766,0.010633047,0.695749,0.01812583,0.07451094,0.013071855,0.26653168,0.03215598,null,null,null,null,"TWOGAUSSIANS",8,2.2618165,0.20429167,0.0019166785,0.4,0.0,0.47601154,0.0103343865,0.695749,0.01812583,0.4,0.023598306,0.26263556,0.03433514
375316653866487564,5999986234983638912,0.47414646,2029.7447153234746,2.8353578003662547,5.4911958E-5,13.811275,0.013134014,0.18578975,0.0053796223,0.097516716,0.009973349,0.1498502,0.014110487,0.69272405,0.0058479235,0.08293503,0.013173269,0.16719314,0.011913381,null,null,null,null,"TWOGAUSSIANS",8,601.7768,0.69272405,0.0058479235,0.4,0.0,0.16112822,0.010636841,0.18578975,0.0053796223,0.4,0.0,0.14378466,0.010615988
375316653866487564,5999986265026966400,0.57956225,2027.795965358367,2.873441775523412,6.326506E-6,18.47172,0.0043319967,0.28073916,0.0025555894,0.068765014,0.0026182425,0.33269972,0.007915886,0.7741018,0.0018200383,0.0742808,0.0019089315,0.38359135,0.007914291,null,null,null,null,"TWOGAUSSIANS",8,2.6054008,0.7741018,0.0018200383,0.4,0.0,0.38223958,0.007875435,0.28073916,0.0025555894,0.38508406,0.014662158,0.33134797,0.007906131
375316653866487564,5999987918614284032,0.4797359,2022.9238370417447,1.0306708559195545,4.8850263E-5,17.893541,0.0048286174,0.17044288,0.006708791,0.025672661,0.0036829137,0.34894714,0.06412318,null,null,null,null,null,null,0.008257342,0.0068331794,0.17044288,0.006708791,"ONEGAUSSIAN_WITH_ELLIPSOIDAL",6,19.593447,0.17044288,0.006708791,0.14376691,0.020624317,0.3654618,0.06379356,null,null,null,null,null,null
375316653866487564,5999991212833969408,0.5517096,2075.965178764548,2.76444690318392,1.0721557E-5,18.76822,0.009644333,0.22952424,0.0030656185,0.09126824,0.0050265775,0.3679075,0.017416574,0.72816175,0.002624066,0.09780639,0.004832711,0.28558645,0.011573406,null,null,null,null,"TWOGAUSSIANS",8,1.7281129,0.22952424,0.0030656185,0.4,0.0,0.348773,0.019979233,0.72816175,0.002624066,0.4,0.0,0.26645097,0.0104783615
375316653866487564,5999991904340687360,0.4580905,2076.124932481274,0.2899947112169698,3.0604744E-5,17.000063,0.0029823838,0.27876356,0.013375422,0.019198777,0.015976096,0.30238008,4.7393868E12,null,null,null,null,null,null,0.019518381,0.0050313063,0.27876356,0.013375422,"ONEGAUSSIAN_WITH_ELLIPSOIDAL",6,23.60133,0.27876356,0.013375422,0.10751316,0.08946614,0.34141678,4.7393868E12,null,null,null,null,null,null
375316653866487564,5999992144858850560,0.5243336,2058.2082348671565,1.519111012677313,1.0671407E-5,16.172777,0.004340676,0.287825,0.0074667362,0.023727259,0.0084401425,0.19017906,0.053588793,0.7934626,0.0016512617,0.024992535,0.001612618,0.42389947,0.019566495,0.0047600702,0.007020928,0.287825,0.0074667362,"TWOGAUSSIANS_WITH_ELLIPSOIDAL_ON_ECLIPSE1",9,76.82979,0.7934626,0.0016512617,0.13995819,0.009030661,0.43340766,0.019900365,0.287825,0.0074667362,0.13287266,0.0472648,0.1996992,0.05541641
375316653866487564,5999993102620667904,0.52829796,2060.6890065439475,4.101509028443613,1.6414164E-5,18.486694,0.023216493,0.22295505,0.0038889886,0.103670314,0.012573776,0.24581556,0.019357441,0.7185718,0.006042129,0.098779425,0.010051356,0.27138007,0.025625747,null,null,null,null,"TWOGAUSSIANS",8,2.7856443,0.7185718,0.006042129,0.4,0.0,0.24824198,0.018632554,0.22295505,0.0038889886,0.4,0.0,0.22267455,0.011745646
375316653866487564,5999993892893838464,0.55206585,2065.219378933122,3.7508771420426603,1.3405688E-5,18.306438,0.004942096,0.28155607,0.0040428457,0.076973304,0.0058696778,0.24213913,0.018118883,0.7759104,0.0021553652,0.07876544,0.0033366787,0.23852591,0.0071256827,null,null,null,null,"TWOGAUSSIANS",8,2.4197872,0.28155607,0.0040428457,0.4,0.0,0.23966901,0.018614441,0.7759104,0.0021553652,0.4,0.0,0.23605579,0.0069739157
375316653866487564,5999994030331791744,0.49135292,2089.015401755751,1.0139182378761509,9.610404E-6,13.101589,0.0016755618,0.21131481,0.0024289335,0.09082671,0.005791979,0.033424284,0.0015510248,0.7084585,0.005677051,0.08970054,0.008909354,0.024406414,0.0018141539,null,null,null,null,"TWOGAUSSIANS",8,8.749015,0.21131481,0.0024289335,0.4,0.0,0.032244846,0.0011379549,0.7084585,0.005677051,0.4,0.0,0.023226988,0.0014399062
375316653866487564,5999994408289877504,0.5085121,2082.25391927523,3.0364135459615036,1.5169345E-5,18.047583,0.03125731,0.27634892,0.0074377456,0.09907745,0.016362345,0.3200742,0.026312238,0.8012845,0.0027150565,0.09479464,0.010161272,0.332776,0.027111199,null,null,null,null,"TWOGAUSSIANS",8,9.319261,0.8012845,0.0027141515,0.4,0.0,0.31609076,0.018215124,0.27634892,0.0074377456,0.4,0.0,0.30338666,0.023821028
375316653866487564,5999995679600095360,0.4326629,2022.9975092356822,0.2718073865956992,1.2951858E-4,19.886831,0.02108397,0.17775762,0.022435255,0.06442325,0.018832915,0.23230511,0.033668667,0.6775597,0.003920192,0.07725542,0.007293054,0.27378651,0.02030185,null,null,null,null,"TWOGAUSSIANS",8,4.466623,0.6775597,0.003920192,0.4,0.0,0.27279204,0.019132685,0.17775762,0.022435255,0.3607702,0.105464324,0.23131064,0.033557028
375316653866487564,5999997191428878720,0.57184786,2079.9752880035426,3.6541326037908393,1.40762995E-5,18.797588,0.017811146,0.27209333,0.00364222,0.08884232,0.0068834797,0.37319627,0.01910887,0.7690275,0.002963716,0.09537582,0.007865792,0.3383807,0.015122819,null,null,null,null,"TWOGAUSSIANS",8,1.4356625,0.27209333,0.00364222,0.4,0.0,0.3561717,0.016533751,0.7690275,0.002963716,0.4,0.0,0.32135546,0.00940606
375316653866487564,5999999768409164672,0.59579587,2064.444521266358,3.3961585107846375,2.729266E-6,18.75207,0.0140542025,0.28976795,0.0013259402,0.04745801,0.0027995824,0.39289317,0.035018068,0.78920615,0.00351061,0.050873987,0.004805699,0.4036422,0.043385137,0.11740762,0.021507863,0.28976795,0.0013259402,"TWOGAUSSIANS_WITH_ELLIPSOIDAL_ON_ECLIPSE1",9,3.220199,0.7892661,0.0032655122,0.28489432,0.026911914,0.63845164,0.0354402,0.28976795,0.0013259402,0.26576486,0.015677663,0.6277052,0.020495933
375316653866487564,5999999944519784064,0.533944,2067.5726678394103,2.452836157747198,1.6681213E-5,17.95036,0.00950319,0.25168562,0.004110742,0.07947913,0.0052494947,0.39997038,0.017952302,0.74669635,0.0031151548,0.06889801,0.0049029686,0.35189235,0.032737553,null,null,null,null,"TWOGAUSSIANS",8,12.277912,0.25168562,0.004110742,0.4,0.0,0.39767468,0.018125651,0.74669635,0.0031151548,0.38582885,0.026363965,0.34959665,0.033083025
375316653866487564,6000001250178344192,0.5048926,2074.315422887932,2.1971587765116904,1.2474919E-4,19.602144,0.008199447,0.43209824,0.004820214,0.035733055,0.008993902,0.5417356,0.066459954,0.67439187,0.20357747,0.04130273,0.065307446,0.097177565,0.3156231,null,null,null,null,"TWOGAUSSIANS",8,4.158248,0.43209824,0.0045855995,0.2001051,0.050365854,0.5417356,0.041233797,0.67439187,0.20357747,0.23129529,0.19130114,0.097177565,0.34958
375316653866487564,6000002074823982592,0.5817079,2084.1949005603283,0.9346416885657065,7.1274044E-6,17.700588,0.008223762,0.18482164,0.0020285724,0.04047549,0.0019832146,0.59087807,0.018948473,0.68285125,7.534685E-4,0.037275665,0.0018964509,0.6481774,0.03431047,0.063776106,0.011715485,0.18482164,0.0020285724,"TWOGAUSSIANS_WITH_ELLIPSOIDAL_ON_ECLIPSE1",9,19.018566,0.68289125,7.3863316E-4,0.20874372,0.010620125,0.7757104,0.027991543,0.18482164,0.0020285724,0.22666276,0.011106002,0.7184302,0.011555526
375316653866487564,6000005231606747008,0.5152767,2051.4548766516527,3.0322882235655055,1.270764E-5,18.619291,0.009914961,0.31698018,0.005048394,0.07185403,0.0054412005,0.26200947,0.014455761,0.8064238,0.0059824903,0.07285285,0.010796562,0.24318641,0.016625484,null,null,null,null,"TWOGAUSSIANS",8,4.3315883,0.31698018,0.005048394,0.4,0.022589874,0.2610095,0.014043867,0.8064238,0.0059824903,0.4,0.023594001,0.24218647,0.016886877
375316653866487564,6000005476437801728,0.6416174,2063.8935269253525,1.2861938480157575,6.1636056E-6,16.398258,0.015990257,0.26347286,0.0026082718,0.06735458,0.0070152325,0.20059519,0.03293699,0.76121944,0.0021622381,0.06937835,0.003928781,0.35774067,0.031000178,0.061502356,0.015907936,0.26347286,0.0026082718,"TWOGAUSSIANS_WITH_ELLIPSOIDAL_ON_ECLIPSE1",9,9.206747,0.76147944,0.001807942,0.38851875,0.022001173,0.48004508,0.0075767376,0.26347286,0.0026082718,0.37718567,0.039285302,0.3229214,0.01616399
375316653866487564,6000006919538067712,0.435068,2086.9467085540846,0.03724696504052011,1.7275834E-5,18.801912,0.01166728,0.18853097,0.0054472815,0.10155144,0.012929886,0.18221578,0.019550482,0.5977556,0.054428313,0.09218042,0.057184134,0.07195078,0.39137697,null,null,null,null,"TWOGAUSSIANS",8,3.6451669,0.18854097,0.005437959,0.4,0.0,0.18000509,0.020237543,0.5977556,0.054428313,0.4,0.1866226,0.069790564,0.39329743
375316653866487564,6000008117823471616,0.5861184,2084.686993801281,3.9120911777122873,8.663355E-6,18.989202,0.0049820826,0.22508462,0.0021997264,0.06428743,0.0021461,0.5442115,0.015814662,0.7215321,0.005621309,0.07269455,0.0037877867,0.48137623,0.03023235,null,null,null,null,"TWOGAUSSIANS",8,1.7042041,0.22508462,0.0021997264,0.3600096,0.01201816,0.5430281,0.01584687,0.7215321,0.005621309,0.4,0.003195593,0.48019287,0.030243834
