Gaia/vari_eclipsing_binary/VariEclipsingBinary_466180-466214.csv
# %ECSV 1.0
# ---
# delimiter: ','
# meta: !!omap
# - RELEASE: Gaia DR3
# - TABLE: vari_eclipsing_binary
# - DESCRIPTION: >
#     This table describes the properties of the eclipsing binaries resulting from the variability analysis. 
# - CITATION: >
#     How to cite and acknowledge Gaia: 
#     https://gea.esac.esa.int/archive/documentation/credits.html 
# - KNOWN_ISSUES: >
#     Known issues: 
#     https://www.cosmos.esa.int/web/gaia-users/known-issues 
# - DOCUMENTATION: >
#     Tutorials and documentation: 
#     https://www.cosmos.esa.int/web/gaia-users/archive 
# datatype:
# - 
#   name: solution_id
#   datatype: int64
#   description: Solution Identifier
#   meta:
#     ucd: meta.version
# - 
#   name: source_id
#   datatype: int64
#   description: Unique source identifier
#   meta:
#     ucd: meta.id;meta.main
# - 
#   name: global_ranking
#   datatype: float32
#   description: Number between 0 (worst) and 1 (best)
#   meta:
#     ucd: stat.param
# - 
#   name: reference_time
#   datatype: float64
#   unit: d
#   description: Reference time used for the geometric model fit
#   meta:
#     ucd: time.epoch
# - 
#   name: frequency
#   datatype: float64
#   unit: d**-1
#   description: Frequency of geometric model of the eclipsing binary light curve
#   meta:
#     ucd: src.orbital
# - 
#   name: frequency_error
#   datatype: float32
#   unit: d**-1
#   description: "Uncertainty of \\texttt{frequency}"
#   meta:
#     ucd: stat.error
# - 
#   name: geom_model_reference_level
#   datatype: float32
#   unit: mag
#   description: Magnitude reference level of geometric model
#   meta:
#     ucd: phot.mag;em.opt
# - 
#   name: geom_model_reference_level_error
#   datatype: float32
#   unit: mag
#   description: "Uncertainty of \\texttt{geomModelReferenceLevel}"
#   meta:
#     ucd: stat.error;phot.mag;em.opt
# - 
#   name: geom_model_gaussian1_phase
#   datatype: float32
#   description: Phase of the Gaussian 1 component
#   meta:
#     ucd: time.phase
# - 
#   name: geom_model_gaussian1_phase_error
#   datatype: float32
#   description: "Uncertainty of \\texttt{geomModelGaussian1Phase}"
#   meta:
#     ucd: stat.error;time.phase
# - 
#   name: geom_model_gaussian1_sigma
#   datatype: float32
#   description: "Standard deviation [phase] of Gaussian 1 component"
#   meta:
#     ucd: stat.stdev
# - 
#   name: geom_model_gaussian1_sigma_error
#   datatype: float32
#   description: "Uncertainty of \\texttt{geomModelGaussian1Sigma}"
#   meta:
#     ucd: stat.error
# - 
#   name: geom_model_gaussian1_depth
#   datatype: float32
#   unit: mag
#   description: Magnitude depth of Gaussian 1 component
#   meta:
#     ucd: src.var.amplitude
# - 
#   name: geom_model_gaussian1_depth_error
#   datatype: float32
#   unit: mag
#   description: "Uncertainty of \\texttt{geomModelGaussian1Depth}"
#   meta:
#     ucd: stat.error;src.var.amplitude
# - 
#   name: geom_model_gaussian2_phase
#   datatype: float32
#   description: Phase of Gaussian 2 component
#   meta:
#     ucd: time.phase
# - 
#   name: geom_model_gaussian2_phase_error
#   datatype: float32
#   description: "Uncertainty of \\texttt{geomModelGaussian2Phase}"
#   meta:
#     ucd: stat.error;time.phase
# - 
#   name: geom_model_gaussian2_sigma
#   datatype: float32
[...]
#   datatype: float32
#   description: "Secondary eclipse: uncertainty of \\texttt{derivedSecondaryEclDuration}"
#   meta:
#     ucd: stat.error;time.duration
# - 
#   name: derived_secondary_ecl_depth
#   datatype: float32
#   unit: mag
#   description: "Secondary eclipse: depth"
#   meta:
#     ucd: src.var.amplitude
# - 
#   name: derived_secondary_ecl_depth_error
#   datatype: float32
#   unit: mag
#   description: "Secondary eclipse: uncertainty of \\texttt{derivedSecondaryEclDepth}"
#   meta:
#     ucd: stat.error;src.var.amplitude
solution_id,source_id,global_ranking,reference_time,frequency,frequency_error,geom_model_reference_level,geom_model_reference_level_error,geom_model_gaussian1_phase,geom_model_gaussian1_phase_error,geom_model_gaussian1_sigma,geom_model_gaussian1_sigma_error,geom_model_gaussian1_depth,geom_model_gaussian1_depth_error,geom_model_gaussian2_phase,geom_model_gaussian2_phase_error,geom_model_gaussian2_sigma,geom_model_gaussian2_sigma_error,geom_model_gaussian2_depth,geom_model_gaussian2_depth_error,geom_model_cosine_half_period_amplitude,geom_model_cosine_half_period_amplitude_error,geom_model_cosine_half_period_phase,geom_model_cosine_half_period_phase_error,model_type,num_model_parameters,reduced_chi2,derived_primary_ecl_phase,derived_primary_ecl_phase_error,derived_primary_ecl_duration,derived_primary_ecl_duration_error,derived_primary_ecl_depth,derived_primary_ecl_depth_error,derived_secondary_ecl_phase,derived_secondary_ecl_phase_error,derived_secondary_ecl_duration,derived_secondary_ecl_duration_error,derived_secondary_ecl_depth,derived_secondary_ecl_depth_error
[from data line 113]
375316653866487564,4100632056102025600,0.46373212,2239.7422408880498,2.895177676460778,2.8235847E-5,17.813541,0.03894491,0.22360896,0.009210654,0.09460573,0.015352861,0.28822565,0.040370945,0.73310864,0.0103863655,0.09436309,0.01830676,0.30610815,0.038873967,null,null,null,null,"TWOGAUSSIANS",8,12.9428005,0.73310864,0.0103863655,0.4,0.0,0.29043326,0.02751846,0.22360896,0.009210654,0.4,0.0,0.27255073,0.029463857
375316653866487564,4100632326644743040,0.60623205,2243.982116265193,2.030144972295237,1.1944857E-5,17.734055,0.004702606,0.3407842,0.0012321372,0.06059486,0.001983623,0.32225585,0.0058277524,0.8292991,0.0037432835,0.064835116,0.003991447,0.21839643,0.009619116,null,null,null,null,"TWOGAUSSIANS",8,2.7918131,0.3407842,0.0012321372,0.3393312,0.0111082895,0.322127,0.005798146,0.8292991,0.0037432835,0.36307666,0.022352103,0.2182676,0.009640317
375316653866487564,4100633254365296512,0.49253148,2138.0201217169806,0.20517221630699864,1.5354935E-5,18.458542,0.14903697,0.32349005,0.022411618,0.13749608,0.064563535,0.24142039,0.14656039,0.8031791,0.0063180174,0.11154394,0.03250322,0.27042267,0.12834486,null,null,null,null,"TWOGAUSSIANS",8,2.5033498,0.8031791,0.0063180174,0.4,0.0,0.21440217,0.013692931,0.32355005,0.022468982,0.4,0.0,0.1846942,0.02213299
375316653866487564,4100636316694232064,0.51646084,2181.2365892651796,4.357359262546809,3.5417142E-5,19.546974,0.022415617,0.12320446,0.02601569,0.0389972,0.011921151,0.33564726,0.1589508,0.6337291,0.020198887,0.03870307,0.011234854,0.47160405,0.10940526,null,null,null,null,"TWOGAUSSIANS",8,5.7954793,0.6337291,0.020198887,0.21673718,0.06291518,0.47160405,0.10940525,0.12320446,0.02601569,0.21838431,0.06675845,0.33564726,0.15895082
375316653866487564,4100636694651635840,0.5809704,2153.5163691858925,2.096780848841199,1.260899E-5,17.498499,0.009331919,0.23362465,0.0019507242,0.08102653,0.005429916,0.45393494,0.03357186,0.7457319,0.022604477,0.078058176,0.032279402,0.5562459,2.5879295,null,null,null,null,"TWOGAUSSIANS",8,10.145543,0.7457319,0.022604477,0.4,0.13193531,0.55061257,2.5931609,0.23362465,0.0019507242,0.4,0.0,0.44830158,0.035781115
375316653866487564,4100636763384532608,0.6437254,2136.858032688597,3.348712670003464,3.2323803E-6,18.00995,0.011048175,0.19694869,0.0013891394,0.0658196,0.0021210522,0.50870085,0.01555018,0.6918196,0.001495411,0.06709949,0.0021180224,0.6309592,0.017773598,null,null,null,null,"TWOGAUSSIANS",8,2.8273025,0.6918196,0.001495411,0.37575713,0.011860925,0.63013023,0.017685777,0.19694869,0.0013891394,0.36858976,0.0118778935,0.5078719,0.015358936
375316653866487564,4100636935183211392,0.49730548,2157.6597504658066,0.20515309817833446,2.6090293E-5,18.34698,0.07008042,0.27221653,0.015582312,0.09076252,0.021063814,0.5686186,0.17935556,0.72880214,0.03391423,0.13620164,0.051554814,0.37002742,0.08125325,null,null,null,null,"TWOGAUSSIANS",8,1.7993659,0.27264652,0.0176616,0.4,0.0,0.5219093,0.19839297,0.72880214,0.03391423,0.4,0.0,0.32184163,0.09073452
375316653866487564,4100637068290979840,0.54460424,2182.7123025014935,3.4717278533233844,1.9814723E-5,16.707365,0.07249782,0.34226522,0.013634698,0.14536482,0.04892158,0.18754993,0.06503124,0.7884909,0.014693525,0.11607742,0.015709793,0.32807943,0.051450282,null,null,null,null,"TWOGAUSSIANS",8,15.640575,0.7884909,0.014693525,0.4,0.0,0.28025833,0.026255252,0.3430252,0.0129627045,0.4,0.0,0.13811918,0.025439877
375316653866487564,4100637244410049920,0.54125345,2121.165422779647,3.6068648650515587,1.7626835E-5,18.622585,0.013305022,0.3024339,0.0064965333,0.07831765,0.011473388,0.29482383,0.047416974,0.82167685,0.0030331584,0.083550416,0.004346466,0.29298133,0.014232951,null,null,null,null,"TWOGAUSSIANS",8,1.9911418,0.3024339,0.0064965333,0.4,0.0,0.29140034,0.049903538,0.82167685,0.0030331584,0.4,0.0,0.28955784,0.012036643
375316653866487564,4100637553645139456,0.51909834,2178.545736931941,1.564530591650257,1.3026496E-4,18.537792,0.03613693,0.39063406,0.07793833,0.24738772,0.16740018,0.056077417,0.025502304,0.64330447,0.0127470875,0.02144582,0.006879128,0.18672195,0.12736237,null,null,null,null,"TWOGAUSSIANS",8,1.1278588,0.64330447,0.0127470875,0.120096594,0.03852312,0.20604606,0.12524687,0.39063406,0.07793833,0.4,0.0,0.04156163,0.008488613
375316653866487564,4100637553645192576,0.5637621,2217.1238539036085,2.7709202438368976,1.2590962E-5,19.04821,0.029541332,0.2570444,0.0066693625,0.07556847,0.012873161,0.47833422,0.07124555,0.770429,0.0048424904,0.090811744,0.010114361,0.48591876,0.02647613,null,null,null,null,"TWOGAUSSIANS",8,1.8848958,0.770429,0.0048424904,0.4,0.0,0.47769552,0.023400996,0.2570444,0.0066693625,0.4,0.005728055,0.4701113,0.0758284
375316653866487564,4100638103414354944,0.52213436,2218.7123733494477,0.24395542583474553,2.3582246E-5,19.125101,0.025173737,0.21859987,0.012127524,0.069605865,0.01358267,0.3388565,0.06530451,0.74143493,0.0012866883,0.05689351,0.004862729,0.31458908,0.022867922,null,null,null,null,"TWOGAUSSIANS",8,3.986983,0.21859987,0.012127524,0.38979283,0.041729633,0.33872917,0.0655818,0.74143493,0.0012866883,0.31860363,0.027231283,0.31446177,0.022449778
375316653866487564,4100638172120506496,0.58043677,2196.8693152333108,0.5580964825894721,2.1136064E-5,17.682287,0.046788204,0.18650725,0.015970537,0.20404899,0.11741394,0.057834785,0.04564535,0.7052617,0.0010052405,0.09113667,0.0021500892,0.52815527,0.026389526,null,null,null,null,"TWOGAUSSIANS",8,5.3005137,0.70547175,8.692824E-4,0.4,0.0,0.5000966,0.0021031394,0.18648724,0.015984304,0.4,0.0,0.023908384,0.0078018964
375316653866487564,4100638481371519104,0.704751,2203.5771839281947,1.0134480898333178,3.355927E-6,13.3986435,0.006624917,0.2508172,0.006311183,0.03553693,0.008413567,0.40269616,0.057328437,0.7521868,7.273754E-4,0.038551338,0.0015104498,0.3645247,0.014029116,0.038121186,0.00834948,0.2508172,0.006311183,"TWOGAUSSIANS_WITH_ELLIPSOIDAL_ON_ECLIPSE1",9,35.771683,0.2508172,0.006311183,0.19900681,0.047115974,0.47893843,0.062738165,0.7521868,6.852735E-4,0.2158875,0.008458518,0.44076133,0.007482162
375316653866487564,4100638550091015168,0.6769966,2214.167549266473,1.6641857439927938,5.1369093E-6,14.835797,0.011427453,0.35860065,0.0023913726,0.05173325,0.0041816523,0.20237486,0.038659237,0.86301404,0.0026723107,0.058608003,0.0036211293,0.2696593,0.024696382,0.09096958,0.013106723,0.35860065,0.0023913726,"TWOGAUSSIANS_WITH_ELLIPSOIDAL_ON_ECLIPSE1",9,25.506762,0.86301404,0.0026723107,0.3282048,0.020278323,0.45143503,0.0067588845,0.35860065,0.0023913726,0.2897062,0.023417253,0.38429046,0.021955924
375316653866487564,4100640302438096256,0.5065296,2205.345420675841,2.7435329162087942,1.4355438E-4,19.099707,0.01754434,0.18563117,0.03342851,0.0659723,0.02882482,0.25058374,0.035094637,0.63035876,1.5384914E-7,0.004541026,1.5693506E-4,0.9566564,0.019659331,null,null,null,null,"TWOGAUSSIANS",8,6.0813704,0.63035876,1.5384914E-7,0.025429744,8.788363E-4,0.9566564,0.019659331,0.18563117,0.03342851,0.36944488,0.16091794,0.25058374,0.035094637
375316653866487564,4100640336786609664,0.45102268,2200.183614214647,0.5616479655692075,3.7262183E-5,19.335482,0.011298909,null,null,null,null,null,null,null,null,null,null,null,null,0.1256056,0.02361354,0.32062253,0.008664091,"ELLIPSOIDAL",4,5.842067,null,null,null,null,null,null,null,null,null,null,null,null
375316653866487564,4100640779142841216,0.53962743,2256.1093787708705,1.3128873324243246,5.908459E-5,19.060785,0.037851065,0.07100872,0.009871356,0.064004585,0.013735349,0.0804827,0.027142512,0.5188927,0.0131205795,0.16559762,0.029195918,0.25938419,0.036394544,null,null,null,null,"TWOGAUSSIANS",8,2.0495586,0.5188927,0.0131205795,0.4,0.0,0.24023628,0.0112703005,0.07605872,0.007063512,0.3584257,0.055055402,0.069250524,0.009521584
375316653866487564,4100641882974245120,0.47000253,2143.2755457264457,0.4251267708768573,1.0683939E-5,18.339092,0.066553414,0.22831231,0.031501863,0.17190796,0.04844494,0.2977409,0.08942804,0.71939576,0.0012910392,0.029068032,0.006386682,0.18934962,0.04358305,null,null,null,null,"TWOGAUSSIANS",8,9.856506,0.22831231,0.031501863,0.4,0.0,0.2799239,0.08268053,0.71939576,0.0012725415,0.16278097,0.03576542,0.1802872,0.031946015
375316653866487564,4100642054772957184,0.60790706,2202.038928463374,2.1905256879893398,1.4088985E-5,17.271328,0.017856378,0.20669669,0.014743454,0.091892794,0.014651154,0.33496407,0.021946583,0.7090697,0.0074424986,0.088996336,0.0074996897,0.36924696,0.022170428,null,null,null,null,"TWOGAUSSIANS",8,5.002326,0.7090697,0.0074424986,0.4,0.0,0.35439524,0.015038958,0.20669669,0.014743454,0.4,0.0,0.3201122,0.0128670605
375316653866487564,4100642501461256192,0.5648977,2215.5031112232696,2.2232839915020084,1.3324505E-5,15.888357,0.09783465,0.35299477,0.00886984,0.069843575,0.030556541,0.1694071,0.20461996,0.8613145,0.008868844,0.060036603,0.031346757,0.12583973,0.20188126,0.092371985,0.107850306,0.35299477,0.00886984,"TWOGAUSSIANS_WITH_ELLIPSOIDAL_ON_ECLIPSE1",9,48.81298,0.35299477,0.00886984,0.391124,0.05761477,0.35386467,0.034926265,0.8613145,0.00826882,0.33620498,0.12554127,0.30979294,0.025911493
375316653866487564,4100642741979458304,0.48201656,2191.086183798176,2.539040957567316,2.7909256E-5,16.174603,0.060329646,0.2690394,0.015756521,0.10881621,0.06315282,0.1678487,0.026456466,0.7343418,0.009315478,0.08953103,0.02131627,0.15358254,0.05646996,null,null,null,null,"TWOGAUSSIANS",8,51.808224,0.2690394,0.015738795,0.4,0.0,0.15936999,0.034500767,0.7343418,0.009315478,0.4,0.0,0.14512254,0.022343427
375316653866487564,4100644391239563904,0.56474084,2185.276781374012,4.646365587450931,1.3685209E-4,18.474413,0.019346856,0.15642467,0.022132903,0.018557532,0.0153686255,0.74698347,0.3784295,0.45062917,0.019600634,0.04377327,0.012054057,0.79728043,1.2679067,0.031283654,0.044656996,0.15642467,0.022132903,"TWOGAUSSIANS_WITH_ELLIPSOIDAL_ON_ECLIPSE1",9,24.283512,0.15642467,0.022132903,0.10392217,0.0860643,0.8095502,0.3811861,0.45112917,0.01956058,0.24513032,0.067502715,0.8020358,1.2688608
375316653866487564,4100644593074187392,0.5596088,2199.3262032902576,3.173559336411768,2.9859364E-5,17.999401,0.028499642,0.28329802,0.0025786976,0.068623446,0.010615118,0.11462009,0.0665451,0.81791353,0.024035638,0.071201004,0.020424964,0.05998411,0.065121695,0.057447348,0.036416817,0.28329802,0.0025786976,"TWOGAUSSIANS_WITH_ELLIPSOIDAL_ON_ECLIPSE1",9,3.4436831,0.28329802,0.0025786976,0.3842913,0.039791737,0.22934538,0.011049864,0.81791353,0.024035638,0.39872563,0.074412584,0.16935953,0.015959432
375316653866487564,4100645422039439232,0.6040454,2225.892445949437,3.1180912691822367,5.511039E-6,13.456577,0.0021504015,0.17984135,0.0023220384,0.04107348,0.004638182,0.107506126,0.016649257,0.67567605,0.006204837,0.046891958,0.0066861706,0.050051246,0.0070511056,0.044419087,0.0044934414,0.17984135,0.0023220384,"TWOGAUSSIANS_WITH_ELLIPSOIDAL_ON_ECLIPSE1",9,11.636859,0.17984135,0.0023220384,0.23001148,0.025973821,0.19634424,0.02061598,0.67665607,0.004497066,0.26259497,0.037442554,0.13884287,0.0051962784
375316653866487564,4100646727709194112,0.64180136,2220.313025947205,2.9163953137431857,1.1176916E-5,15.907807,0.004747401,0.18366843,0.0043890877,0.0385677,0.011557965,0.12683263,0.017559564,0.6489751,0.06011749,0.055933375,0.020973824,0.16847464,0.1610206,0.06937662,0.0057193777,0.18366843,0.0043890877,"TWOGAUSSIANS_WITH_ELLIPSOIDAL_ON_ECLIPSE1",9,7.69085,0.6547551,0.053272724,0.3132269,0.10042309,0.30180082,0.1321598,0.18366843,0.0043890877,0.21597911,0.0647246,0.2655851,0.016501153
375316653866487564,4100647307493485440,0.4973569,2244.4916802964526,1.5260180647467414,2.23473E-5,17.373955,0.47920328,0.27802116,0.012891893,0.22832093,0.14059298,0.44159153,0.46137813,0.76931745,0.016822938,0.1716382,0.08190715,0.41596112,0.3712791,null,null,null,null,"TWOGAUSSIANS",8,1.3834995,0.76931745,0.016822938,0.4,0.0,0.11847938,0.014456385,0.28293115,0.008916557,0.4,0.0,0.0757832,0.018089594
375316653866487564,4100647483625641472,0.5146029,2240.5354046500074,0.13815050896741068,6.4026455E-5,19.013731,0.0337166,0.35073033,0.009199858,0.10527287,0.023540428,0.2714145,0.03167909,0.78754604,0.003810834,0.10519559,0.009879627,0.339716,0.04698105,null,null,null,null,"TWOGAUSSIANS",8,1.2970762,0.78754604,0.003810834,0.4,0.0,0.32285675,0.03700399,0.35083035,0.009203713,0.4,0.0,0.2545671,0.023655625
375316653866487564,4100648273899751552,0.5105806,2233.9481719698806,2.698477035444575,6.292657E-5,16.37979,0.00507698,0.7601826,0.012966941,0.043246202,0.08961767,0.037729222,0.023925073,null,null,null,null,null,null,0.061192237,0.0044934563,0.7601826,0.012966941,"ONEGAUSSIAN_WITH_ELLIPSOIDAL",6,28.016006,0.7601826,0.012966941,0.24217874,0.2795633,0.16011354,0.02415766,null,null,null,null,null,null
375316653866487564,4100648823647285376,0.55305827,2190.0281298494474,2.9545057283758283,2.2849403E-5,19.553509,0.060643394,0.26065156,0.03214547,0.08844858,0.0356767,0.40246144,0.087178655,0.73403794,0.02885395,0.078574695,0.019175498,0.47703758,0.15874186,null,null,null,null,"TWOGAUSSIANS",8,1.3787957,0.73403794,0.028857632,0.4,0.023045864,0.47100443,0.14874911,0.26065156,0.03214547,0.4,0.0,0.39642805,0.045007657
375316653866487564,4100649300358599808,0.55107164,2223.776540942633,3.3220931214693166,3.218447E-5,18.798285,0.023381213,0.2502173,0.010167845,0.07439393,0.008933972,0.56415796,0.038329832,0.7586597,0.01438428,0.08568246,0.017142031,0.622382,0.20281516,null,null,null,null,"TWOGAUSSIANS",8,9.423689,0.7586597,0.01438428,0.4,0.014550135,0.6147346,0.20766455,0.2502173,0.010167845,0.4,0.0,0.5565107,0.03955652
375316653866487564,4100650571668998656,0.54096717,2188.49017579152,3.1479639399398245,2.2311637E-5,19.104515,0.02177183,0.34699798,0.009469253,0.083745554,0.01319457,0.35255733,0.03707207,0.85518765,0.00395057,0.079645135,0.008689798,0.32784668,0.049922053,null,null,null,null,"TWOGAUSSIANS",8,2.642113,0.34699798,0.009469253,0.4,0.0,0.34716088,0.039121475,0.85518765,0.00395057,0.4,0.0,0.32245025,0.05041526
375316653866487564,4100650949622791424,0.524612,2187.4400983399687,0.3039607914826948,1.7109367E-5,18.835392,0.010816081,0.20014851,0.002728011,0.051757812,0.006120133,0.19582878,0.019472787,0.6847172,0.028904228,0.07880982,0.026444321,0.13981703,0.0154631,null,null,null,null,"TWOGAUSSIANS",8,1.6000636,0.20014851,0.002728011,0.28984374,0.034272745,0.19570014,0.019501546,0.6847172,0.028904228,0.4,0.081853,0.13968839,0.015575131
375316653866487564,4100651568097559936,0.5714636,2169.9581676561743,2.4642883194876295,1.75183E-5,18.251469,0.021725478,0.14476547,0.0019589972,0.08977918,0.0097899595,0.22262622,0.019052256,0.63123053,0.026599653,0.080448866,0.027694521,0.19983824,0.050172515,null,null,null,null,"TWOGAUSSIANS",8,1.6091615,0.14476547,0.0019589972,0.4,0.0,0.21816364,0.011261272,0.63123053,0.026599653,0.4,0.004337478,0.19537577,0.04953937
375316653866487564,4100652328333697280,0.5670742,2226.6858862454637,3.4685016259893886,5.7578007E-5,19.473118,0.05857357,0.24662007,0.0031598057,0.07178001,0.011025848,0.44559082,0.06978739,0.719481,0.03724987,0.07327242,0.029926337,0.45712593,0.11136375,null,null,null,null,"TWOGAUSSIANS",8,3.5210438,0.719481,0.03724987,0.4,0.06390824,0.45590207,0.10592745,0.24662007,0.0031491516,0.4,0.0211063,0.444367,0.065290384
375316653866487564,4100652495809878272,0.5129274,2236.500346054365,3.308669208173005,1.409371E-5,19.29923,0.03188252,0.2716287,0.0030487622,0.07676865,0.0072466745,0.5100019,0.031202175,0.7617286,0.018876676,0.07004203,0.015452728,0.47788253,0.14193983,null,null,null,null,"TWOGAUSSIANS",8,3.7041814,0.2716287,0.0030487622,0.4,0.0,0.5076291,0.029153515,0.7617286,0.018876676,0.39223534,0.04644052,0.47550976,0.14325874
