Gaia/vari_eclipsing_binary/VariEclipsingBinary_235143-235362.csv
# %ECSV 1.0
# ---
# delimiter: ','
# meta: !!omap
# - RELEASE: Gaia DR3
# - TABLE: vari_eclipsing_binary
# - DESCRIPTION: >
#     This table describes the properties of the eclipsing binaries resulting from the variability analysis. 
# - CITATION: >
#     How to cite and acknowledge Gaia: 
#     https://gea.esac.esa.int/archive/documentation/credits.html 
# - KNOWN_ISSUES: >
#     Known issues: 
#     https://www.cosmos.esa.int/web/gaia-users/known-issues 
# - DOCUMENTATION: >
#     Tutorials and documentation: 
#     https://www.cosmos.esa.int/web/gaia-users/archive 
# datatype:
# - 
#   name: solution_id
#   datatype: int64
#   description: Solution Identifier
#   meta:
#     ucd: meta.version
# - 
#   name: source_id
#   datatype: int64
#   description: Unique source identifier
#   meta:
#     ucd: meta.id;meta.main
# - 
#   name: global_ranking
#   datatype: float32
#   description: Number between 0 (worst) and 1 (best)
#   meta:
#     ucd: stat.param
# - 
#   name: reference_time
#   datatype: float64
#   unit: d
#   description: Reference time used for the geometric model fit
#   meta:
#     ucd: time.epoch
# - 
#   name: frequency
#   datatype: float64
#   unit: d**-1
#   description: Frequency of geometric model of the eclipsing binary light curve
#   meta:
#     ucd: src.orbital
# - 
#   name: frequency_error
#   datatype: float32
#   unit: d**-1
#   description: "Uncertainty of \\texttt{frequency}"
#   meta:
#     ucd: stat.error
# - 
#   name: geom_model_reference_level
#   datatype: float32
#   unit: mag
#   description: Magnitude reference level of geometric model
#   meta:
#     ucd: phot.mag;em.opt
# - 
#   name: geom_model_reference_level_error
#   datatype: float32
#   unit: mag
#   description: "Uncertainty of \\texttt{geomModelReferenceLevel}"
#   meta:
#     ucd: stat.error;phot.mag;em.opt
# - 
#   name: geom_model_gaussian1_phase
#   datatype: float32
#   description: Phase of the Gaussian 1 component
#   meta:
#     ucd: time.phase
# - 
#   name: geom_model_gaussian1_phase_error
#   datatype: float32
#   description: "Uncertainty of \\texttt{geomModelGaussian1Phase}"
#   meta:
#     ucd: stat.error;time.phase
# - 
#   name: geom_model_gaussian1_sigma
#   datatype: float32
#   description: "Standard deviation [phase] of Gaussian 1 component"
#   meta:
#     ucd: stat.stdev
# - 
#   name: geom_model_gaussian1_sigma_error
#   datatype: float32
#   description: "Uncertainty of \\texttt{geomModelGaussian1Sigma}"
#   meta:
#     ucd: stat.error
# - 
#   name: geom_model_gaussian1_depth
#   datatype: float32
#   unit: mag
#   description: Magnitude depth of Gaussian 1 component
#   meta:
#     ucd: src.var.amplitude
# - 
#   name: geom_model_gaussian1_depth_error
#   datatype: float32
#   unit: mag
#   description: "Uncertainty of \\texttt{geomModelGaussian1Depth}"
#   meta:
#     ucd: stat.error;src.var.amplitude
# - 
#   name: geom_model_gaussian2_phase
#   datatype: float32
#   description: Phase of Gaussian 2 component
#   meta:
#     ucd: time.phase
# - 
#   name: geom_model_gaussian2_phase_error
#   datatype: float32
#   description: "Uncertainty of \\texttt{geomModelGaussian2Phase}"
#   meta:
#     ucd: stat.error;time.phase
# - 
#   name: geom_model_gaussian2_sigma
#   datatype: float32
[...]
#   datatype: float32
#   description: "Secondary eclipse: uncertainty of \\texttt{derivedSecondaryEclDuration}"
#   meta:
#     ucd: stat.error;time.duration
# - 
#   name: derived_secondary_ecl_depth
#   datatype: float32
#   unit: mag
#   description: "Secondary eclipse: depth"
#   meta:
#     ucd: src.var.amplitude
# - 
#   name: derived_secondary_ecl_depth_error
#   datatype: float32
#   unit: mag
#   description: "Secondary eclipse: uncertainty of \\texttt{derivedSecondaryEclDepth}"
#   meta:
#     ucd: stat.error;src.var.amplitude
solution_id,source_id,global_ranking,reference_time,frequency,frequency_error,geom_model_reference_level,geom_model_reference_level_error,geom_model_gaussian1_phase,geom_model_gaussian1_phase_error,geom_model_gaussian1_sigma,geom_model_gaussian1_sigma_error,geom_model_gaussian1_depth,geom_model_gaussian1_depth_error,geom_model_gaussian2_phase,geom_model_gaussian2_phase_error,geom_model_gaussian2_sigma,geom_model_gaussian2_sigma_error,geom_model_gaussian2_depth,geom_model_gaussian2_depth_error,geom_model_cosine_half_period_amplitude,geom_model_cosine_half_period_amplitude_error,geom_model_cosine_half_period_phase,geom_model_cosine_half_period_phase_error,model_type,num_model_parameters,reduced_chi2,derived_primary_ecl_phase,derived_primary_ecl_phase_error,derived_primary_ecl_duration,derived_primary_ecl_duration_error,derived_primary_ecl_depth,derived_primary_ecl_depth_error,derived_secondary_ecl_phase,derived_secondary_ecl_phase_error,derived_secondary_ecl_duration,derived_secondary_ecl_duration_error,derived_secondary_ecl_depth,derived_secondary_ecl_depth_error
[from data line 73]
375316653866487564,2068620489307274496,0.54276925,2214.9204944227663,0.976604176055401,2.1261285E-5,19.57357,0.0073928093,0.2711573,0.0064040893,0.045578938,0.0043456717,0.8311026,0.1033583,0.7718187,0.0048283134,0.04458353,0.0056425845,0.20192596,0.015179304,null,null,null,null,"TWOGAUSSIANS",8,1.1933787,0.2711573,0.0064040893,0.25524205,0.02433576,0.83110243,0.10335853,0.7718187,0.0048283134,0.24966776,0.031598475,0.20192578,0.015179388
375316653866487564,2068621421319905536,0.5323038,2248.9954980006964,2.492566916644926,2.5320665E-5,16.849354,0.017955944,0.25124744,0.009341126,0.10333443,0.018199826,0.1972616,0.018144328,0.743938,0.0036202385,0.09006449,0.009303214,0.19248852,0.01615736,null,null,null,null,"TWOGAUSSIANS",8,15.080429,0.25124744,0.009341126,0.4,0.0,0.18479203,0.013835598,0.743938,0.0036202385,0.4,0.0,0.18002228,0.007330829
375316653866487564,2068621932413698176,0.5896156,2245.2431798413027,2.544540530127979,6.699294E-6,18.313967,0.008858099,0.1803443,0.004699231,0.07495247,0.0044721495,0.46621424,0.013785516,0.67730343,0.0016252439,0.076693796,0.0037471307,0.47037977,0.021090502,null,null,null,null,"TWOGAUSSIANS",8,5.051857,0.67730343,0.0016252439,0.4,0.0,0.466559,0.021563655,0.1803443,0.004699231,0.4,0.0,0.46239346,0.013060228
375316653866487564,2068626261740597248,0.5160923,2234.3604801161096,2.172433843567498,2.3478735E-5,19.716135,0.014875223,0.20598193,0.006115893,0.071371615,0.0070133344,0.44983363,0.02299561,0.69983435,0.00800778,0.08442759,0.007946123,0.44078577,0.023703042,null,null,null,null,"TWOGAUSSIANS",8,3.0508022,0.20598193,0.006115893,0.39968106,0.022011032,0.44530672,0.022601249,0.69983435,0.00800778,0.4,0.0,0.43625885,0.021369943
375316653866487564,2068630350548098816,0.6004254,2237.002970794245,0.2709872783479508,3.865135E-6,17.92764,0.009959768,0.26343042,0.0011554738,0.040868327,0.0015807855,0.88783044,0.04132217,0.76206374,0.002073945,0.04083972,0.0039978777,0.23592776,0.0209603,0.038429238,0.0118580535,0.26343042,0.0011554738,"TWOGAUSSIANS_WITH_ELLIPSOIDAL_ON_ECLIPSE1",9,6.6240177,0.26343042,0.0011554738,0.22886264,0.008852399,0.9646889,0.04056084,0.76212376,0.001988192,0.22870244,0.022388116,0.31278077,0.009460791
375316653866487564,2068630595369772288,0.47320306,2199.402108027675,2.286040515725218,3.0183437E-5,18.218628,0.041509714,0.28795645,0.012659579,0.08884142,0.10114924,0.05601612,0.03140318,0.7651203,0.012541076,0.1010613,0.028956212,0.10412903,0.03671058,null,null,null,null,"TWOGAUSSIANS",8,2.911031,0.7651203,0.012541076,0.4,0.0,0.10063147,0.009946745,0.28796646,0.012919481,0.4,0.0,0.052520186,0.01354213
375316653866487564,2068632141555048576,0.48872036,2160.875233295102,2.6753250633831804,7.126885E-6,17.800678,0.02646848,0.31620586,0.0024917473,0.058416747,0.00461259,0.65159583,0.07131236,0.8106958,0.0018239713,0.037492856,0.0031361845,0.81966674,0.0863783,null,null,null,null,"TWOGAUSSIANS",8,49.665264,0.8106958,0.0018239713,0.20995998,0.017562633,0.81966543,0.086378545,0.31620586,0.0024917473,0.32713377,0.025830505,0.6515945,0.07131326
375316653866487564,2068633550307319808,0.515118,2217.3915802579413,0.29137753376760545,1.7801444E-4,12.800515,0.0020868096,0.6045025,0.03042412,0.044802085,0.029904,0.025116766,0.03891375,0.429573,0.0017819615,0.0069832755,0.0010603026,0.25003335,0.05294921,null,null,null,null,"TWOGAUSSIANS",8,180.1783,0.429573,0.0017819615,0.039106343,0.005937694,0.25004563,0.052952368,0.6045025,0.03042412,0.2508917,0.16746241,0.025116766,0.03891375
375316653866487564,2068634267560313216,0.6269028,2225.361598317963,0.14611224635138084,3.3440505E-5,19.1349,0.004670883,0.2434867,0.010957307,0.05084219,0.0056458474,0.47718897,0.36031407,0.71729887,0.012234468,0.040893063,0.006124535,1.45308,0.16892746,null,null,null,null,"TWOGAUSSIANS",8,1.8760254,0.71729887,0.012234468,0.22900115,0.034297395,1.4530799,0.16892633,0.2434867,0.010957307,0.28471625,0.031616747,0.47718886,0.36031452
375316653866487564,2068635023477534592,0.51555955,2220.8537562631814,3.5685133015597987,2.1483831E-5,19.137236,0.011832533,0.15578167,0.007561946,0.08672346,0.013435119,0.20289388,0.018043693,0.65986407,0.004291727,0.082931526,0.005714528,0.26359856,0.015237699,null,null,null,null,"TWOGAUSSIANS",8,2.2123117,0.65986407,0.004291727,0.4,0.0,0.2580254,0.013594835,0.15578167,0.007561946,0.4,0.0,0.19732073,0.019456778
375316653866487564,2068635233930778624,0.5200486,2235.7536899842094,1.7092213025912688,1.896355E-5,19.335575,0.009331366,0.30408257,0.0040718913,0.06347439,0.004083319,0.27501208,0.010671936,0.79159564,0.008924032,0.06687888,0.014801206,0.11760952,0.011788041,null,null,null,null,"TWOGAUSSIANS",8,1.5501212,0.30408257,0.0040718913,0.35545656,0.022866586,0.2748566,0.010518899,0.79159564,0.008924032,0.37452173,0.06132008,0.117454045,0.011873857
375316653866487564,2068635848108145280,0.49126768,2207.9477582516047,0.24947461029337342,1.9849202E-5,17.713446,0.001727823,0.25645807,0.002642291,0.014477725,0.0023982516,0.18798965,0.039455373,0.7661301,0.004595971,0.01260009,0.0022372326,0.03782084,0.010264061,null,null,null,null,"TWOGAUSSIANS",8,3.99255,0.25645807,0.002642291,0.08107526,0.013430208,0.18798965,0.039455373,0.7661301,0.004595971,0.07056051,0.012528502,0.03782084,0.010264061
375316653866487564,2068635921120718848,0.56097513,2222.3650294135537,2.1937476812245116,1.3490426E-5,19.662836,0.0057966374,0.21642871,0.005410299,0.043928258,0.004436667,0.49511635,0.044808917,0.7192982,0.0056553325,0.042903423,0.0042954846,0.75187933,0.062478952,null,null,null,null,"TWOGAUSSIANS",8,1.6850083,0.7192982,0.0056553325,0.24025917,0.024054715,0.7518793,0.062479004,0.21642871,0.005410299,0.24599825,0.024845336,0.4951163,0.04480895
375316653866487564,2068636157347659136,0.527525,2200.8680777062486,2.486821099648248,2.2101793E-5,18.7998,0.031246526,0.2841929,0.006289098,0.08945908,0.013748457,0.3312154,0.028134257,0.79256105,0.008847258,0.086485185,0.016562555,0.32981512,0.023130832,null,null,null,null,"TWOGAUSSIANS",8,6.171039,0.2841929,0.006289098,0.4,0.0,0.3210447,0.019155432,0.79256105,0.008847258,0.4,0.0,0.3196445,0.011839449
375316653866487564,2068636878900378368,0.59341615,2205.432892234048,2.1660694714225026,7.161898E-6,18.437004,0.0073417,0.23954019,0.005052408,0.07814834,0.0062815174,0.3838571,0.017668385,0.74000216,0.0016390282,0.077324785,0.0024000895,0.397279,0.010846169,null,null,null,null,"TWOGAUSSIANS",8,2.2511322,0.74000216,0.0016390282,0.4,0.0,0.39288774,0.010321956,0.23954019,0.005052408,0.4,0.0,0.37946585,0.018648982
375316653866487564,2068637673474910336,0.4801057,2226.8748991485254,3.1562361640935808,5.382463E-5,16.080986,0.61284465,0.28221342,0.01972458,0.12693693,0.16153002,0.18118092,0.60583067,0.78060305,0.01082846,0.10613419,0.07694772,0.21289793,0.46507868,null,null,null,null,"TWOGAUSSIANS",8,125.10012,0.78060305,0.010919868,0.4,0.0,0.1748739,0.01303146,0.28221342,0.019765837,0.4,0.0,0.14300829,0.019862145
375316653866487564,2068638532461411712,0.43805805,2238.103619506552,1.5635266181152134,7.859473E-5,19.155302,0.028989552,0.27647182,0.014365394,0.08566036,0.033381525,0.16963749,0.027457196,0.75971156,0.017798416,0.07905822,0.021151952,0.11748639,0.03135253,null,null,null,null,"TWOGAUSSIANS",8,4.612439,0.27647182,0.014365394,0.4,0.0,0.16756746,0.02983254,0.75971156,0.017798416,0.4,0.0,0.115416385,0.024531106
375316653866487564,2068639352802679808,0.55374295,2194.138821008927,4.002594041374984,1.604491E-5,19.533398,0.0089392075,0.18284501,0.0030149745,0.0703409,0.0042740037,0.43220618,0.014901015,0.6512869,0.014256008,0.06911891,0.0067677735,0.39484164,0.05819244,null,null,null,null,"TWOGAUSSIANS",8,1.2815973,0.18284501,0.0030149745,0.39390904,0.02153436,0.4316274,0.014891206,0.6512869,0.014256008,0.38706592,0.03789953,0.39426285,0.057955574
375316653866487564,2068639597617273088,0.5031193,2160.745788191632,2.3325009152685894,1.4864193E-5,19.737375,0.043247633,0.32987177,0.008745818,0.07143591,0.010500714,0.40335736,0.045057166,0.82415134,0.004359334,0.07077111,0.0084477095,0.548203,0.048842955,null,null,null,null,"TWOGAUSSIANS",8,3.5370932,0.82415134,0.004359334,0.39631826,0.028587352,0.54651886,0.046777613,0.32987177,0.008745818,0.4,0.033106692,0.40167323,0.042402495
375316653866487564,2068641075085954816,0.5625983,2160.1493167221533,1.9433825320698828,1.8590723E-5,18.537544,0.0030946662,0.21017632,0.004076029,0.063497536,0.0038346439,0.28042474,0.019938448,0.7154417,0.003943616,0.069849074,0.006403334,0.12434177,0.0060330327,null,null,null,null,"TWOGAUSSIANS",8,1.4545517,0.21017632,0.004076029,0.3555862,0.021474006,0.28014782,0.019996662,0.7154417,0.003943616,0.3911548,0.03129152,0.124064855,0.0060643563
375316653866487564,2068641521766550016,0.5924569,2203.2872367747395,2.2475462614243473,7.2040043E-6,14.667237,0.012416143,0.27163076,0.004208852,0.049946286,0.005750626,0.366979,0.041224014,0.78177315,0.0026552523,0.047372907,0.007550548,0.152042,0.039356187,0.08551384,0.01563661,0.78177315,0.0026552523,"TWOGAUSSIANS_WITH_ELLIPSOIDAL_ON_ECLIPSE2",9,183.85277,0.2724808,0.0035370665,0.27969918,0.032203507,0.5373702,0.043546427,0.78177315,0.0026552523,0.2652883,0.042283066,0.32306865,0.034712996
375316653866487564,2068641590485345408,0.46612346,2187.994410226418,0.140587496329574,5.4280616E-5,12.981015,0.0026912577,0.25257674,0.010995654,0.05685884,0.014807493,0.03160873,0.025626622,0.91497916,0.007325579,0.055414367,0.008327111,0.04270647,0.009750897,0.038649544,0.002794367,0.25257674,0.010995654,"TWOGAUSSIANS_WITH_ELLIPSOIDAL_ON_ECLIPSE1",9,39.172848,0.25257674,0.010995654,0.3184095,0.08292197,0.108905785,0.026077898,0.91497916,0.007325579,0.31032047,0.04663182,0.0638497,0.0071825893
375316653866487564,2068642857496882688,0.46511167,2213.727471167294,0.16010403147965308,7.312472E-5,19.743595,0.009769219,0.21796164,0.0093334215,0.053272456,0.014613145,0.3893891,0.1425043,0.70688665,0.013250922,0.047945514,0.034998618,0.28306726,0.23565105,null,null,null,null,"TWOGAUSSIANS",8,2.2452033,0.21796164,0.0093334215,0.29832578,0.08183361,0.38938716,0.14253971,0.70688665,0.013250922,0.26849487,0.14269994,0.28306532,0.23582417
375316653866487564,2068644575483697664,0.53890365,2222.6788674502545,2.4003168796918795,1.1996788E-5,19.107761,0.019008443,0.25301868,0.0046108747,0.088606566,0.00785974,0.318923,0.023927938,0.74998426,0.0029440287,0.09019815,0.0063585714,0.34457344,0.021510785,null,null,null,null,"TWOGAUSSIANS",8,2.122744,0.74998426,0.0029440287,0.4,0.0,0.33189824,0.017930524,0.25301868,0.0046108747,0.4,0.0,0.30624786,0.020559918
375316653866487564,2068646057245337472,0.53208584,2229.0589830530525,0.229908378873988,1.4265005E-5,18.627737,0.0027736418,0.35615188,0.07354138,0.015473183,0.038723707,0.026985388,0.012424499,0.6228381,0.0029554241,0.013508826,0.0019933465,0.28348657,0.03808743,null,null,null,null,"TWOGAUSSIANS",8,1.8676263,0.6228381,0.0029554241,0.075649425,0.01116274,0.28348657,0.03808743,0.35615188,0.07354138,0.08664983,0.21685275,0.026985388,0.012424499
375316653866487564,2068646229050025216,0.49348816,2235.260452881951,1.06075031624997,1.3187615E-5,14.905526,9.847542E-4,null,null,null,null,null,null,null,null,null,null,null,null,0.021263188,0.0012723366,0.28115898,0.0040073665,"ELLIPSOIDAL",4,10.442599,null,null,null,null,null,null,null,null,null,null,null,null
375316653866487564,2068646671427895936,0.47631222,2268.472958215821,0.2386363469178347,2.9900055E-5,19.714312,0.008991823,0.34542167,0.0049580294,0.028706461,0.0076112873,0.26522243,0.09414508,0.8157201,0.008726559,0.0558614,0.0077805226,0.37228236,0.08398854,null,null,null,null,"TWOGAUSSIANS",8,2.5959764,0.8157201,0.008726559,0.31282383,0.04357093,0.37228236,0.08398854,0.34542167,0.0049580294,0.16075619,0.04262321,0.26522243,0.09414508
375316653866487564,2068647324262970240,0.45561945,2258.8643481187587,0.09378313212605369,2.313861E-5,19.387928,0.11812923,0.16684908,0.0020550445,0.020088354,0.0019835648,0.36273006,0.029404465,0.5300612,0.027038496,0.24712254,0.14728685,0.13320857,0.11223919,null,null,null,null,"TWOGAUSSIANS",8,5.0057425,0.16708907,0.0020290453,0.11249478,0.011107963,0.37839952,0.033944707,0.5300612,0.027038496,0.4,0.0,0.09887717,0.022483634
375316653866487564,2068647358620451456,0.5313694,2272.707193538335,3.190860094234542,1.2198416E-5,10.832607,0.004989069,0.8010202,0.003170036,0.025082665,0.019972857,0.08184785,21047.72,null,null,null,null,null,null,0.13734046,0.008780579,0.8010202,0.003170036,"ONEGAUSSIAN_WITH_ELLIPSOIDAL",6,1557.844,0.8010202,0.003170036,0.14046292,0.111848004,0.35652873,21047.719,null,null,null,null,null,null
375316653866487564,2068649076609335808,0.5491657,2216.6307955845423,3.6645825177403233,1.0212517E-5,19.82791,0.016006518,0.18336469,0.010992017,0.07294433,0.0075904895,0.5686952,0.04469212,0.67370147,0.0016024126,0.060415752,0.0028051897,0.60729223,0.01990262,null,null,null,null,"TWOGAUSSIANS",8,1.8101151,0.67370147,0.0016024126,0.3383282,0.015709063,0.60650676,0.019444799,0.18336469,0.010992017,0.4,0.0012673236,0.5679098,0.04383986
375316653866487564,2068650450997416960,0.484115,2203.3815078229577,0.46018240792742254,1.0067475E-5,18.83421,0.005127512,0.26032063,0.0043175803,0.044315606,0.0033786504,0.24600823,0.023508536,0.7047736,0.015463794,0.05051011,0.0131966155,0.039666858,0.0067867558,null,null,null,null,"TWOGAUSSIANS",8,2.6417437,0.26032063,0.0043175803,0.2481674,0.018920442,0.24600823,0.023508541,0.7047736,0.015463794,0.2828566,0.07390104,0.039666854,0.006786737
375316653866487564,2068650592736564480,0.48949936,2205.532210189249,0.3088383384405577,4.1454958E-5,17.615421,0.011249724,0.21915516,0.015216473,0.010793578,0.056594674,0.42784163,36.46419,0.5889656,0.020340957,0.005658073,0.016689658,0.46237254,19.247168,0.015706435,0.0133500155,0.21915516,0.015216473,"TWOGAUSSIANS_WITH_ELLIPSOIDAL_ON_ECLIPSE1",9,26.1692,0.58897555,0.019905418,0.03168521,0.09346209,0.47705662,19.247946,0.21915516,0.015216473,0.060444035,0.31693017,0.45925447,36.48004
375316653866487564,2068657636482992768,0.4091467,2239.432092305437,0.7794415410248081,4.6917015E-5,13.192977,0.0016022767,0.38221642,0.04768271,0.021023339,0.035329565,0.05347544,10686.977,0.8701764,0.004025002,0.033503167,0.0064000017,0.09242601,0.014026994,0.0036898383,0.0036677856,0.38221642,0.04768271,"TWOGAUSSIANS_WITH_ELLIPSOIDAL_ON_ECLIPSE1",9,62.69688,0.8702564,0.003948106,0.18761775,0.03584001,0.099763826,0.015194172,0.38221642,0.04768271,0.1177307,0.19784556,0.060855113,10686.978
375316653866487564,2068658632915468672,0.47442126,2257.7044176138807,0.804643181517979,5.279419E-6,16.099337,0.0025397157,0.28245935,0.0010678412,0.022031838,0.0014418,0.09504031,0.006314054,0.7075899,0.0113678565,0.016982347,0.009793996,0.092945695,0.33755755,0.006054565,0.003936369,0.7075899,0.0113678565,"TWOGAUSSIANS_WITH_ELLIPSOIDAL_ON_ECLIPSE2",9,24.751093,0.7075899,0.0113678565,0.09510114,0.054846376,0.10505482,0.34293893,0.28214934,0.0010040762,0.12337829,0.008074081,0.1046713,0.006405604
375316653866487564,2068658770354456320,0.64216614,2234.2417944000044,0.6635711938534459,1.1644055E-5,10.763018,0.0032435623,0.24551,0.0072408975,0.034528136,0.008711488,0.29490885,0.17037009,0.7434756,0.0056319046,0.03446129,0.0026004852,0.39361316,0.021862771,0.015026056,0.0035931666,0.24551,0.0072408975,"TWOGAUSSIANS_WITH_ELLIPSOIDAL_ON_ECLIPSE1",9,34.71487,0.7434856,0.005614968,0.19298321,0.014562718,0.4236604,0.021856867,0.24551,0.0072408975,0.19335756,0.04878433,0.32496095,0.1711461
