Gaia/vari_eclipsing_binary/VariEclipsingBinary_767716-768009.csv
# %ECSV 1.0
# ---
# delimiter: ','
# meta: !!omap
# - RELEASE: Gaia DR3
# - TABLE: vari_eclipsing_binary
# - DESCRIPTION: >
#     This table describes the properties of the eclipsing binaries resulting from the variability analysis. 
# - CITATION: >
#     How to cite and acknowledge Gaia: 
#     https://gea.esac.esa.int/archive/documentation/credits.html 
# - KNOWN_ISSUES: >
#     Known issues: 
#     https://www.cosmos.esa.int/web/gaia-users/known-issues 
# - DOCUMENTATION: >
#     Tutorials and documentation: 
#     https://www.cosmos.esa.int/web/gaia-users/archive 
# datatype:
# - 
#   name: solution_id
#   datatype: int64
#   description: Solution Identifier
#   meta:
#     ucd: meta.version
# - 
#   name: source_id
#   datatype: int64
#   description: Unique source identifier
#   meta:
#     ucd: meta.id;meta.main
# - 
#   name: global_ranking
#   datatype: float32
#   description: Number between 0 (worst) and 1 (best)
#   meta:
#     ucd: stat.param
# - 
#   name: reference_time
#   datatype: float64
#   unit: d
#   description: Reference time used for the geometric model fit
#   meta:
#     ucd: time.epoch
# - 
#   name: frequency
#   datatype: float64
#   unit: d**-1
#   description: Frequency of geometric model of the eclipsing binary light curve
#   meta:
#     ucd: src.orbital
# - 
#   name: frequency_error
#   datatype: float32
#   unit: d**-1
#   description: "Uncertainty of \\texttt{frequency}"
#   meta:
#     ucd: stat.error
# - 
#   name: geom_model_reference_level
#   datatype: float32
#   unit: mag
#   description: Magnitude reference level of geometric model
#   meta:
#     ucd: phot.mag;em.opt
# - 
#   name: geom_model_reference_level_error
#   datatype: float32
#   unit: mag
#   description: "Uncertainty of \\texttt{geomModelReferenceLevel}"
#   meta:
#     ucd: stat.error;phot.mag;em.opt
# - 
#   name: geom_model_gaussian1_phase
#   datatype: float32
#   description: Phase of the Gaussian 1 component
#   meta:
#     ucd: time.phase
# - 
#   name: geom_model_gaussian1_phase_error
#   datatype: float32
#   description: "Uncertainty of \\texttt{geomModelGaussian1Phase}"
#   meta:
#     ucd: stat.error;time.phase
# - 
#   name: geom_model_gaussian1_sigma
#   datatype: float32
#   description: "Standard deviation [phase] of Gaussian 1 component"
#   meta:
#     ucd: stat.stdev
# - 
#   name: geom_model_gaussian1_sigma_error
#   datatype: float32
#   description: "Uncertainty of \\texttt{geomModelGaussian1Sigma}"
#   meta:
#     ucd: stat.error
# - 
#   name: geom_model_gaussian1_depth
#   datatype: float32
#   unit: mag
#   description: Magnitude depth of Gaussian 1 component
#   meta:
#     ucd: src.var.amplitude
# - 
#   name: geom_model_gaussian1_depth_error
#   datatype: float32
#   unit: mag
#   description: "Uncertainty of \\texttt{geomModelGaussian1Depth}"
#   meta:
#     ucd: stat.error;src.var.amplitude
# - 
#   name: geom_model_gaussian2_phase
#   datatype: float32
#   description: Phase of Gaussian 2 component
#   meta:
#     ucd: time.phase
# - 
#   name: geom_model_gaussian2_phase_error
#   datatype: float32
#   description: "Uncertainty of \\texttt{geomModelGaussian2Phase}"
#   meta:
#     ucd: stat.error;time.phase
# - 
#   name: geom_model_gaussian2_sigma
#   datatype: float32
[...]
#   datatype: float32
#   description: "Secondary eclipse: uncertainty of \\texttt{derivedSecondaryEclDuration}"
#   meta:
#     ucd: stat.error;time.duration
# - 
#   name: derived_secondary_ecl_depth
#   datatype: float32
#   unit: mag
#   description: "Secondary eclipse: depth"
#   meta:
#     ucd: src.var.amplitude
# - 
#   name: derived_secondary_ecl_depth_error
#   datatype: float32
#   unit: mag
#   description: "Secondary eclipse: uncertainty of \\texttt{derivedSecondaryEclDepth}"
#   meta:
#     ucd: stat.error;src.var.amplitude
solution_id,source_id,global_ranking,reference_time,frequency,frequency_error,geom_model_reference_level,geom_model_reference_level_error,geom_model_gaussian1_phase,geom_model_gaussian1_phase_error,geom_model_gaussian1_sigma,geom_model_gaussian1_sigma_error,geom_model_gaussian1_depth,geom_model_gaussian1_depth_error,geom_model_gaussian2_phase,geom_model_gaussian2_phase_error,geom_model_gaussian2_sigma,geom_model_gaussian2_sigma_error,geom_model_gaussian2_depth,geom_model_gaussian2_depth_error,geom_model_cosine_half_period_amplitude,geom_model_cosine_half_period_amplitude_error,geom_model_cosine_half_period_phase,geom_model_cosine_half_period_phase_error,model_type,num_model_parameters,reduced_chi2,derived_primary_ecl_phase,derived_primary_ecl_phase_error,derived_primary_ecl_duration,derived_primary_ecl_duration_error,derived_primary_ecl_depth,derived_primary_ecl_depth_error,derived_secondary_ecl_phase,derived_secondary_ecl_phase_error,derived_secondary_ecl_duration,derived_secondary_ecl_duration_error,derived_secondary_ecl_depth,derived_secondary_ecl_depth_error
375316653866487564,6752902690670970368,0.45772624,2234.3310053027326,1.4138797861186176,2.2476523E-5,18.91395,0.010825445,0.3284058,0.0053775143,0.048046455,0.008156936,0.23461169,0.038394757,0.8642253,0.01004969,0.056557197,0.009503185,0.13856891,0.018107258,null,null,null,null,"TWOGAUSSIANS",8,4.938129,0.3284058,0.0053775143,0.26906013,0.04567884,0.23461099,0.038397573,0.8642253,0.01004969,0.3167203,0.053217832,0.13856821,0.018106947
375316653866487564,6752903175999525248,0.4565766,2219.621025010979,4.177820087054984,9.569634E-6,16.448584,0.003580218,0.39932445,0.0010436656,0.042114276,0.0030765047,1.1387542,0.32300812,0.115552366,0.010104448,0.046875056,0.0091279335,0.22947016,0.17689249,null,null,null,null,"TWOGAUSSIANS",8,2.2560406,0.39932445,0.0010436656,0.23583995,0.017228426,1.1387542,0.32300812,0.115552366,0.010104448,0.26250032,0.051116426,0.22947016,0.17689249
375316653866487564,6752905959138439040,0.536703,2197.3812067476474,2.4290601781888603,1.3852587E-6,19.850525,0.008912782,0.52820253,6.326537E-4,0.03393465,0.0015114391,1.1904424,0.17598309,0.77807987,0.015230665,0.019728977,0.020428253,0.03695143,0.074566536,null,null,null,null,"TWOGAUSSIANS",8,0.9456001,0.52820253,6.326537E-4,0.19003403,0.008464059,1.1904424,0.17598309,0.77807987,0.015230665,0.110482275,0.11439822,0.03695143,0.074566536
375316653866487564,6752908707921167104,0.5046487,2246.928799388315,0.8899139311711814,5.4846045E-5,15.91975,0.012698985,0.24423917,0.014301878,0.07306669,0.02243232,0.16516127,0.08318344,0.57065296,0.016597353,0.15090029,0.058285944,0.048083078,0.01192822,null,null,null,null,"TWOGAUSSIANS",8,4.8509474,0.24643917,0.015788348,0.4,0.080582455,0.1684415,0.08136916,0.57065296,0.016597353,0.4,0.0,0.04666179,0.01065537
375316653866487564,6752909871856493056,0.6524839,2211.9714963853953,4.31245296145098,3.7383224E-6,16.403482,0.0058229677,0.28160438,0.0018168276,0.08057447,0.0027007735,0.44267786,0.02614342,0.7643563,7.621289E-4,0.07901715,0.0016121147,0.36922252,0.0076521398,null,null,null,null,"TWOGAUSSIANS",8,7.139439,0.28160438,0.0018168276,0.4,0.0,0.43844226,0.026640553,0.7643563,7.621289E-4,0.4,0.0,0.36498693,0.007337332
375316653866487564,6752916919898625280,0.49119753,2216.229636266077,1.347284614594437,1.9799106E-4,17.27328,0.011177654,0.17923401,0.0042197807,0.05264733,0.008061864,0.239489,0.029810889,0.92233163,0.0727822,0.06842854,0.047760896,0.04401114,0.026728623,0.017119916,0.014348952,0.17923401,0.0042197807,"TWOGAUSSIANS_WITH_ELLIPSOIDAL_ON_ECLIPSE1",9,24.025927,0.17921402,0.004190255,0.29482505,0.045146443,0.2737641,0.028266402,0.92233163,0.075842895,0.3831998,0.22799228,0.044074077,0.027478699
375316653866487564,6752933442635542400,0.5812939,2225.7864195776565,2.3567524144567686,1.9863191E-5,17.508648,0.0023168882,0.29586026,0.056466125,0.05710012,0.043455373,0.161337,3.8980196,0.786981,0.0040831696,0.0545823,0.0049113827,0.23303345,0.0071780095,null,null,null,null,"TWOGAUSSIANS",8,2.9658096,0.786981,0.0040831696,0.3056609,0.027503744,0.23302148,0.007181561,0.29586026,0.056466125,0.31976068,0.24335009,0.16132504,3.8980339
375316653866487564,6752934477725046144,0.6812763,2179.338248488871,2.7811956156693953,7.901077E-6,15.726639,0.008795956,0.1959997,0.0021621373,0.09331342,0.0037214993,0.31581244,0.009971286,0.6918838,0.0018913249,0.1083388,0.004401691,0.29924056,0.007772477,null,null,null,null,"TWOGAUSSIANS",8,4.333262,0.1959997,0.0021705134,0.4,0.0,0.28896335,0.006378968,0.6918838,0.0018913249,0.4,0.0,0.27237746,0.004677798
375316653866487564,6752939318148694912,0.5419495,2191.986198870661,2.196955193111579,1.2988161E-5,18.09644,0.05026947,0.18081723,0.0063162693,0.09697686,0.03263465,0.1757684,0.033916414,0.69925225,0.0064424872,0.103320435,0.02355258,0.194753,0.04568658,null,null,null,null,"TWOGAUSSIANS",8,1.5529597,0.69925225,0.0064455965,0.4,0.0,0.18175276,0.017841239,0.18080723,0.0062244274,0.4,0.0,0.16277169,0.016750269
375316653866487564,6752940692538321408,0.4990858,2248.9375832775086,0.02408230876226774,1.4753509E-5,17.157911,0.008280336,0.48155287,0.008931702,0.128066,0.0135933,0.15273687,0.011695749,0.9562413,0.0041644797,0.03905765,0.037750535,0.13363478,0.25486794,null,null,null,null,"TWOGAUSSIANS",8,2.4852943,0.48155287,0.008931702,0.4,0.0,0.15092956,0.011807649,0.9562413,0.0041644797,0.21872285,0.18338737,0.13202007,0.25811517
375316653866487564,6752941001777182720,0.48654404,2206.1604004266264,4.205852211587483,2.0079624E-5,19.392239,0.004156725,null,null,null,null,null,null,null,null,null,null,null,null,0.097733766,0.0060023195,0.29583737,0.0046681887,"ELLIPSOIDAL",4,1.4902501,null,null,null,null,null,null,null,null,null,null,null,null
375316653866487564,6752943514336031488,0.6046178,2200.330714316312,1.327488295834266,9.070235E-6,16.387741,0.006548365,0.253973,0.0031168398,0.10259074,0.005249738,0.21001558,0.0064649386,0.75240844,0.0029489575,0.09082074,0.00367303,0.24325748,0.007861062,null,null,null,null,"TWOGAUSSIANS",8,5.7286267,0.75240844,0.0029489575,0.4,0.0,0.22771996,0.0057630925,0.253973,0.0031168398,0.4,0.0,0.19447528,0.004923916
375316653866487564,6752946808571859968,0.43899077,2235.3175174408925,0.4785124701385383,4.046052E-5,16.958363,0.0126167415,0.29762268,0.039940633,0.02505354,0.05046535,0.07905484,1.5344155,0.8717997,0.82160836,0.059918057,0.07212961,0.031210586,0.03344425,0.021786863,0.020687692,0.29762268,0.039940633,"TWOGAUSSIANS_WITH_ELLIPSOIDAL_ON_ECLIPSE1",9,20.06573,0.29762268,0.039959565,0.14029983,0.2778952,0.12262854,1.5718743,0.8717997,0.82160836,0.33554113,0.26710364,0.065985024,0.05608039
375316653866487564,6752957979785902464,0.47485337,2243.395961432982,1.9296584829730232,2.3230721E-5,19.936749,0.007263252,0.10745762,0.008869816,0.022873094,0.0030646506,0.7616952,0.25196716,0.6218123,0.004206541,0.03146748,0.0017832582,0.50871843,0.08375096,null,null,null,null,"TWOGAUSSIANS",8,2.0524962,0.10745762,0.008869816,0.12808934,0.017162044,0.7616952,0.25196716,0.6218123,0.004206541,0.17621788,0.009986246,0.50871843,0.08375096
375316653866487564,6752969215420859904,0.595595,2266.6203972257877,3.707045029676204,2.4675819E-5,17.502512,0.012631077,0.27691397,0.024302546,0.05136411,0.016304713,0.42324072,0.049904827,0.7526383,0.0025613671,0.04317301,0.00641346,0.24998157,0.039937414,0.13850087,0.032050688,0.7526383,0.0025613671,"TWOGAUSSIANS_WITH_ELLIPSOIDAL_ON_ECLIPSE2",9,22.645926,0.27402398,0.021918025,0.287639,0.09130639,0.6945999,0.046598054,0.7526383,0.0025613671,0.24176885,0.035915375,0.5269816,0.029556142
375316653866487564,6752970521090894848,0.43351734,2256.917988547602,0.00930188725241508,2.466888E-5,17.570435,0.0031630185,0.03826046,0.0020586704,0.01222181,0.0049871993,0.08066149,0.09119804,0.5421064,0.013156201,0.058620743,0.011311975,0.041425556,0.0055290842,null,null,null,null,"TWOGAUSSIANS",8,6.8395367,0.03826046,0.0020586704,0.068442136,0.027928317,0.08066149,0.09119804,0.5421064,0.013156201,0.32827616,0.06334706,0.041425556,0.0055290842
375316653866487564,6752972440941583104,0.5634475,2241.1686271050253,2.532820423654867,1.59437E-5,18.58313,0.28759322,0.24779305,0.01379012,0.10641051,0.09485864,0.2267926,0.2824504,0.7348407,0.006563264,0.094463386,0.027904728,0.42481175,0.22825797,null,null,null,null,"TWOGAUSSIANS",8,3.5970948,0.7348407,0.006563264,0.4,0.0,0.40177035,0.032586325,0.24779305,0.0140510285,0.4,0.0,0.20374365,0.04072571
375316653866487564,6752984368065255552,0.49061736,2238.478085586808,1.78425284391269,9.252356E-6,14.913644,0.011258306,0.18130843,0.020766247,0.11644832,0.044245385,0.03453241,0.011094218,0.67217976,0.013261686,0.09445967,0.016190384,0.07463553,0.009092561,null,null,null,null,"TWOGAUSSIANS",8,12.771142,0.67217976,0.013261686,0.4,0.0,0.06950229,0.008044389,0.18130843,0.020766247,0.4,0.0,0.029392086,0.0037653048
375316653866487564,6752991441874204160,0.6227132,2224.3383370271576,3.456534806392314,1.1756346E-5,17.239664,0.011192278,0.2519074,0.003584832,0.08794675,0.004437152,0.42930114,0.02562731,0.7719689,0.0044609825,0.08136098,0.0049644546,0.414232,0.012445796,null,null,null,null,"TWOGAUSSIANS",8,6.3780746,0.2519074,0.003584832,0.4,0.0,0.42176503,0.025440997,0.7719689,0.0044609825,0.4,0.0,0.406696,0.010820977
375316653866487564,6752991824128604672,0.45590916,2223.7780629236518,1.3864972670699958,1.708025E-4,16.836264,0.10060754,0.43907666,0.02395791,0.21988316,0.087676354,0.14788246,0.09752864,0.87930596,0.04076218,0.04448261,0.0218414,0.14473413,0.11694591,null,null,null,null,"TWOGAUSSIANS",8,3.0776348,0.87930596,0.04076218,0.24910262,0.12231183,0.14141102,0.11789431,0.43907666,0.02395791,0.4,0.0,0.118850335,0.017604101
375316653866487564,6752998073304023296,0.5138219,2177.1276886564456,2.9329735954425677,2.276163E-5,18.996983,0.12103792,0.26182342,0.004722385,0.10105488,0.032722913,0.30850863,0.10998027,0.79466975,0.007226127,0.09073027,0.032773916,0.24992967,0.113722675,null,null,null,null,"TWOGAUSSIANS",8,3.2622116,0.26182342,0.004712243,0.4,0.0,0.2967571,0.041510448,0.79467976,0.0072105387,0.4,0.0,0.23818505,0.04731523
375316653866487564,6752998107663513600,0.55187166,2191.249883105476,4.00800249436615,2.0983467E-5,19.380047,0.011792065,0.20155738,0.0045284727,0.071671814,0.008552298,0.4287288,0.060320932,0.6919561,0.007049279,0.05408099,0.008902465,0.37696156,0.021261018,null,null,null,null,"TWOGAUSSIANS",8,1.8056103,0.20155738,0.0045284727,0.4,0.009562207,0.42851052,0.060563784,0.6919561,0.007049279,0.30285352,0.0498538,0.3767433,0.021204531
375316653866487564,6752998146320445056,0.6245659,2201.3278246269324,2.598516386054468,9.193623E-6,15.32156,0.058771793,0.25860143,0.017976914,0.060824677,0.019804677,0.20808733,0.12286892,0.77023375,0.0050764666,0.056980725,0.02523709,0.16238147,0.11230892,0.075580634,0.059924383,0.77023375,0.0050764666,"TWOGAUSSIANS_WITH_ELLIPSOIDAL_ON_ECLIPSE2",9,36.44138,0.2606314,0.014939473,0.3406182,0.098980695,0.35855213,0.026536493,0.77023375,0.0050764666,0.31909207,0.11717374,0.3135117,0.01840798
375316653866487564,6753005048330967552,0.5715261,2222.0197042093905,3.4092127202740503,1.2736155E-5,17.4345,0.017941693,0.28003627,0.004681637,0.08828268,0.007902923,0.31947392,0.03678399,0.7710863,0.0040437295,0.092794664,0.00853658,0.33431908,0.015410283,null,null,null,null,"TWOGAUSSIANS",8,9.083911,0.7710863,0.0040437295,0.4,0.0,0.3217298,0.012087953,0.28003627,0.004681637,0.4,0.0,0.3068849,0.037753507
375316653866487564,6753008900917288448,0.53340805,2242.664850733552,0.6689548037869995,1.0352867E-5,14.919247,0.0011296526,null,null,null,null,null,null,null,null,null,null,null,null,0.043907665,0.0018573614,0.2799541,0.0030750001,"ELLIPSOIDAL",4,12.591479,null,null,null,null,null,null,null,null,null,null,null,null
375316653866487564,6753026458743525120,0.5367692,2202.492212205686,2.7210040122488577,1.5290141E-5,15.323774,0.01658479,0.25164047,0.010726695,0.037090316,0.007167582,0.09816392,0.030041272,0.8201767,0.0032130794,0.05219637,0.0137893995,0.09068317,0.047739267,0.11029404,0.021307973,0.8201767,0.0032130794,"TWOGAUSSIANS_WITH_ELLIPSOIDAL_ON_ECLIPSE2",9,235.78505,0.8201767,0.0032130794,0.29229966,0.07722063,0.31126958,0.03454968,0.26489046,0.007535776,0.20770577,0.040138457,0.28711778,0.008193204
375316653866487564,6753028314169491584,0.6240037,2205.66348999978,2.62427266510434,5.2365244E-6,16.345566,0.007388178,0.2652765,0.0039973767,0.087520085,0.0046208706,0.369365,0.016401093,0.7567405,0.0022059402,0.08585443,0.004015038,0.37969854,0.008147686,null,null,null,null,"TWOGAUSSIANS",8,16.937302,0.7567405,0.0022059402,0.4,0.0,0.369555,0.008263844,0.2652765,0.0039973767,0.4,0.0,0.35922143,0.017447442
375316653866487564,6753028825268729344,0.51825565,2207.552955773314,3.0007560234858883,8.28721E-5,18.330408,0.007633526,0.2505327,0.0023587288,0.018691793,0.0021277093,0.22533834,0.0365918,0.62512237,0.0759719,0.1331335,0.113671765,0.0139106475,0.02215554,null,null,null,null,"TWOGAUSSIANS",8,1.3882608,0.2505427,0.002361408,0.10467404,0.011915172,0.22558014,0.03649322,0.62512237,0.0759719,0.4,0.013242869,0.013886572,0.02177373
375316653866487564,6753030955572486272,0.44344944,2181.439871345869,3.8063126724814484,1.7961018E-5,18.085072,0.025414761,0.1760124,0.010930891,0.07027782,0.014064348,0.18421283,0.033994522,0.6646427,0.0066146962,0.0759572,0.02947536,0.16998221,0.041103438,null,null,null,null,"TWOGAUSSIANS",8,10.858562,0.1760124,0.010930891,0.39355576,0.06329308,0.18343207,0.03313468,0.6646427,0.0066146962,0.4,0.05979932,0.16920146,0.043807473
375316653866487564,6753036693648978304,0.52531826,2203.4196672257335,1.93103804022051,5.5681216E-5,19.04312,0.00913711,0.2884472,0.039985787,0.03474266,0.027787428,0.057342328,0.09423964,0.60117775,0.0026012484,0.024146078,0.001800676,1.005554,0.16044906,null,null,null,null,"TWOGAUSSIANS",8,5.1040626,0.60117775,0.0026012484,0.13521804,0.010083785,1.005554,0.16044906,0.2884472,0.039985787,0.1945589,0.1556096,0.057342328,0.09423964
375316653866487564,6753057794825158784,0.5102854,2248.2775732563146,3.3015722927413598,2.0151283E-5,16.67756,0.07299824,0.26547986,0.006866248,0.15552625,0.0394581,0.11765415,0.07317952,0.7772552,0.0053465744,0.108884975,0.026211374,0.13316017,0.06630202,null,null,null,null,"TWOGAUSSIANS",8,6.247385,0.7778252,0.0050732344,0.4,0.0,0.097447634,0.010765801,0.26544985,0.0070483494,0.4,0.0,0.080571145,0.01316962
375316653866487564,6753060612323790336,0.5865511,2236.6986995573393,2.4857169338732747,9.7165375E-6,15.85929,0.025797062,0.32802406,0.01700399,0.06258285,0.02777092,0.11779254,0.061936792,0.8429119,0.005489092,0.056355823,0.020807082,0.15802835,0.05775313,0.06825388,0.034130737,0.8429119,0.005489092,"TWOGAUSSIANS_WITH_ELLIPSOIDAL_ON_ECLIPSE2",9,23.579996,0.8429119,0.005489092,0.31559262,0.11651966,0.29451185,0.03884655,0.33194405,0.011878102,0.35046396,0.15551716,0.25339794,0.01825346
375316653866487564,6753062841408022144,0.56756157,2225.576787285297,1.4505060409710202,1.3738834E-5,16.442707,0.00912487,0.29753256,0.020469006,0.07601507,0.014872306,0.20815238,0.024017245,0.81170356,0.011928905,0.065753505,0.014000693,0.053715266,0.009029476,null,null,null,null,"TWOGAUSSIANS",8,13.146735,0.29753256,0.020469006,0.4,0.0,0.20784856,0.022987233,0.81170356,0.011928905,0.3682196,0.06177265,0.053411443,0.0080859
375316653866487564,6753065074791041280,0.62569386,2191.210476998566,3.6854124797588,2.0820113E-5,17.304447,0.03900825,0.23532248,0.00308431,0.0505756,0.006824582,0.6462725,0.106550574,0.74715126,0.007488803,0.0615372,0.009315364,0.6714671,0.08121346,0.06220824,0.041475754,0.23532248,0.00308431,"TWOGAUSSIANS_WITH_ELLIPSOIDAL_ON_ECLIPSE1",9,13.410141,0.74715126,0.007488803,0.3446083,0.05216604,0.7951165,0.013933373,0.23532248,0.00308431,0.28322336,0.03821766,0.77060777,0.095548704
375316653866487564,6753065830705299200,0.51866215,2235.3463541160986,4.049820126004301,1.0712257E-5,19.17843,0.013936619,0.22679277,0.009842682,0.07987444,0.008460755,0.31471065,0.031388327,0.7235984,0.0031579563,0.073924035,0.0039363937,0.41858563,0.020218601,null,null,null,null,"TWOGAUSSIANS",8,3.8782253,0.7235984,0.0031579563,0.4,0.0,0.4151739,0.019436596,0.22679277,0.009842682,0.4,0.0,0.3112989,0.031544164
375316653866487564,6753066311741615104,0.5908271,2183.9709497609756,4.1500170956797655,1.0418542E-5,18.007729,0.009281826,0.2270939,0.0030224773,0.08035408,0.0074246647,0.36925688,0.045244955,0.7206974,0.0026326452,0.067282915,0.0044046156,0.43744427,0.017199358,null,null,null,null,"TWOGAUSSIANS",8,3.3179774,0.7206974,0.0026326452,0.37678432,0.024665847,0.43523148,0.017074753,0.2270939,0.0030224773,0.4,0.0,0.3670441,0.04648276
375316653866487564,6753075520151988480,0.46447605,2267.8928150882984,3.514832174237217,4.49239E-5,18.083895,0.01878882,0.20663242,0.017769886,0.07129635,0.018873377,0.17167825,0.022834178,0.75438344,0.0455607,0.056341004,0.027170306,0.31196472,1.2128745,null,null,null,null,"TWOGAUSSIANS",8,9.529298,0.75438344,0.0455607,0.31550962,0.15215372,0.31192046,1.2127118,0.20663242,0.017769886,0.39925957,0.06408829,0.17163397,0.02273368
