Gaia/vari_eclipsing_binary/VariEclipsingBinary_247691-247808.csv
# %ECSV 1.0
# ---
# delimiter: ','
# meta: !!omap
# - RELEASE: Gaia DR3
# - TABLE: vari_eclipsing_binary
# - DESCRIPTION: >
#     This table describes the properties of the eclipsing binaries resulting from the variability analysis. 
# - CITATION: >
#     How to cite and acknowledge Gaia: 
#     https://gea.esac.esa.int/archive/documentation/credits.html 
# - KNOWN_ISSUES: >
#     Known issues: 
#     https://www.cosmos.esa.int/web/gaia-users/known-issues 
# - DOCUMENTATION: >
#     Tutorials and documentation: 
#     https://www.cosmos.esa.int/web/gaia-users/archive 
# datatype:
# - 
#   name: solution_id
#   datatype: int64
#   description: Solution Identifier
#   meta:
#     ucd: meta.version
# - 
#   name: source_id
#   datatype: int64
#   description: Unique source identifier
#   meta:
#     ucd: meta.id;meta.main
# - 
#   name: global_ranking
#   datatype: float32
#   description: Number between 0 (worst) and 1 (best)
#   meta:
#     ucd: stat.param
# - 
#   name: reference_time
#   datatype: float64
#   unit: d
#   description: Reference time used for the geometric model fit
#   meta:
#     ucd: time.epoch
# - 
#   name: frequency
#   datatype: float64
#   unit: d**-1
#   description: Frequency of geometric model of the eclipsing binary light curve
#   meta:
#     ucd: src.orbital
# - 
#   name: frequency_error
#   datatype: float32
#   unit: d**-1
#   description: "Uncertainty of \\texttt{frequency}"
#   meta:
#     ucd: stat.error
# - 
#   name: geom_model_reference_level
#   datatype: float32
#   unit: mag
#   description: Magnitude reference level of geometric model
#   meta:
#     ucd: phot.mag;em.opt
# - 
#   name: geom_model_reference_level_error
#   datatype: float32
#   unit: mag
#   description: "Uncertainty of \\texttt{geomModelReferenceLevel}"
#   meta:
#     ucd: stat.error;phot.mag;em.opt
# - 
#   name: geom_model_gaussian1_phase
#   datatype: float32
#   description: Phase of the Gaussian 1 component
#   meta:
#     ucd: time.phase
# - 
#   name: geom_model_gaussian1_phase_error
#   datatype: float32
#   description: "Uncertainty of \\texttt{geomModelGaussian1Phase}"
#   meta:
#     ucd: stat.error;time.phase
# - 
#   name: geom_model_gaussian1_sigma
#   datatype: float32
#   description: "Standard deviation [phase] of Gaussian 1 component"
#   meta:
#     ucd: stat.stdev
# - 
#   name: geom_model_gaussian1_sigma_error
#   datatype: float32
#   description: "Uncertainty of \\texttt{geomModelGaussian1Sigma}"
#   meta:
#     ucd: stat.error
# - 
#   name: geom_model_gaussian1_depth
#   datatype: float32
#   unit: mag
#   description: Magnitude depth of Gaussian 1 component
#   meta:
#     ucd: src.var.amplitude
# - 
#   name: geom_model_gaussian1_depth_error
#   datatype: float32
#   unit: mag
#   description: "Uncertainty of \\texttt{geomModelGaussian1Depth}"
#   meta:
#     ucd: stat.error;src.var.amplitude
# - 
#   name: geom_model_gaussian2_phase
#   datatype: float32
#   description: Phase of Gaussian 2 component
#   meta:
#     ucd: time.phase
# - 
#   name: geom_model_gaussian2_phase_error
#   datatype: float32
#   description: "Uncertainty of \\texttt{geomModelGaussian2Phase}"
#   meta:
#     ucd: stat.error;time.phase
# - 
#   name: geom_model_gaussian2_sigma
#   datatype: float32
[...]
#   datatype: float32
#   description: "Secondary eclipse: uncertainty of \\texttt{derivedSecondaryEclDuration}"
#   meta:
#     ucd: stat.error;time.duration
# - 
#   name: derived_secondary_ecl_depth
#   datatype: float32
#   unit: mag
#   description: "Secondary eclipse: depth"
#   meta:
#     ucd: src.var.amplitude
# - 
#   name: derived_secondary_ecl_depth_error
#   datatype: float32
#   unit: mag
#   description: "Secondary eclipse: uncertainty of \\texttt{derivedSecondaryEclDepth}"
#   meta:
#     ucd: stat.error;src.var.amplitude
solution_id,source_id,global_ranking,reference_time,frequency,frequency_error,geom_model_reference_level,geom_model_reference_level_error,geom_model_gaussian1_phase,geom_model_gaussian1_phase_error,geom_model_gaussian1_sigma,geom_model_gaussian1_sigma_error,geom_model_gaussian1_depth,geom_model_gaussian1_depth_error,geom_model_gaussian2_phase,geom_model_gaussian2_phase_error,geom_model_gaussian2_sigma,geom_model_gaussian2_sigma_error,geom_model_gaussian2_depth,geom_model_gaussian2_depth_error,geom_model_cosine_half_period_amplitude,geom_model_cosine_half_period_amplitude_error,geom_model_cosine_half_period_phase,geom_model_cosine_half_period_phase_error,model_type,num_model_parameters,reduced_chi2,derived_primary_ecl_phase,derived_primary_ecl_phase_error,derived_primary_ecl_duration,derived_primary_ecl_duration_error,derived_primary_ecl_depth,derived_primary_ecl_depth_error,derived_secondary_ecl_phase,derived_secondary_ecl_phase_error,derived_secondary_ecl_duration,derived_secondary_ecl_duration_error,derived_secondary_ecl_depth,derived_secondary_ecl_depth_error
[from data line 253]
375316653866487564,2179019359474642944,0.5694137,2109.048136008341,0.44859160500725237,2.485404E-5,17.90064,0.0021244504,0.2833984,0.013917329,0.02983055,0.007139564,0.31901315,0.03008616,0.7675278,0.003657026,0.018981172,0.006347459,0.20771872,0.013971157,null,null,null,null,"TWOGAUSSIANS",8,2.1920514,0.2833984,0.013917329,0.16705109,0.03998156,0.31901315,0.03008616,0.7675278,0.003657026,0.10629456,0.03554577,0.20771872,0.013971157
375316653866487564,2179023998040635264,0.58859825,2053.7183288908823,0.29689230135585964,7.754264E-6,18.347502,0.0022999481,0.3174395,0.0339059,0.099066556,0.01711655,0.01514067,0.004304645,0.81728077,5.032985E-4,0.020256108,0.001268044,0.40874964,0.0036820513,null,null,null,null,"TWOGAUSSIANS",8,1.002545,0.81728077,5.032985E-4,0.1134342,0.0071010464,0.40874386,0.0036821093,0.3174395,0.0339059,0.4,0.0,0.015134797,0.004303217
375316653866487564,2179024414660630272,0.5442362,2107.467721439033,1.1307127779243746,9.08995E-6,15.799037,0.024569074,0.25508735,0.0047614523,0.12685063,0.021161178,0.12380288,0.022993108,0.7399849,0.0027383205,0.10916951,0.011966839,0.17786145,0.022311559,null,null,null,null,"TWOGAUSSIANS",8,14.43194,0.7399849,0.0027383205,0.4,0.0,0.15122737,0.0052801357,0.25511733,0.004757531,0.4,0.0,0.09706501,0.0043944893
375316653866487564,2179026368863014912,0.45271203,2060.4118711698834,2.780199120561172,3.4479555E-5,19.108624,0.028195651,0.25501713,0.009180903,0.09256136,0.020971544,0.15359408,0.036256015,0.7375538,0.01358802,0.09104184,0.023986304,0.19522436,0.024466472,null,null,null,null,"TWOGAUSSIANS",8,3.5628412,0.7375538,0.01358802,0.4,0.0,0.18871325,0.017547216,0.25501713,0.009181082,0.4,0.0,0.14708294,0.03016991
375316653866487564,2179026476244810880,0.5025355,2070.9012565029475,1.9281891926576613,1.84067E-5,18.720987,0.012744439,0.25331894,0.005118497,0.06808731,0.0058089346,0.3107602,0.022316035,0.77405417,0.00925968,0.084568165,0.012876221,0.121072315,0.015016961,null,null,null,null,"TWOGAUSSIANS",8,4.5169115,0.25331894,0.005118497,0.38128892,0.032530036,0.30968702,0.021771107,0.77405417,0.00925968,0.4,0.0,0.11999913,0.014536685
375316653866487564,2179029289440551936,0.5931193,2083.631579219527,1.8282475900569033,6.155338E-6,19.002216,0.0038557083,0.20619524,0.0031835567,0.032180503,0.0029707858,0.33140627,0.02844448,0.70524067,9.824736E-4,0.03043243,9.77164E-4,0.9240168,0.015255881,null,null,null,null,"TWOGAUSSIANS",8,2.8558357,0.70524067,9.824736E-4,0.1704216,0.005472119,0.9240168,0.015255881,0.20619524,0.0031835567,0.18021083,0.0166364,0.33140627,0.02844448
375316653866487564,2179030461971152768,0.58124685,2059.346168552602,1.0825583321610606,6.8792574E-6,18.991531,0.004669947,0.24082233,0.04305481,0.025728758,0.05805566,0.04761764,0.045048434,0.47367072,0.0010923088,0.050515976,0.0014633376,0.47241083,0.011955521,null,null,null,null,"TWOGAUSSIANS",8,1.6322777,0.47367072,0.0010923088,0.28288946,0.00819469,0.47241083,0.011947108,0.24083233,0.0430494,0.14408104,0.30412805,0.047629148,0.045057528
375316653866487564,2179031355327873664,0.5705945,2106.418874102942,0.08120286932482854,2.5384425E-6,13.6214075,8.370046E-4,0.82821053,0.016045151,0.019848075,0.008620799,0.040810287,0.014689885,0.7124012,1.6227134E-6,0.0021008633,9.964239E-6,0.22554842,5.9447926E-4,null,null,null,null,"TWOGAUSSIANS",8,32.192326,0.7124012,1.6227134E-6,0.011764835,5.579974E-5,0.22554842,5.945756E-4,0.82821053,0.016045151,0.111149214,0.04827647,0.040810287,0.014689885
375316653866487564,2179031492766941824,0.5642145,2097.8661054720906,0.42190138628991597,4.027546E-6,17.284163,0.0013182546,0.25848234,5.816675E-4,0.022774152,6.987225E-4,0.22435522,0.008122804,0.7920607,0.04751459,0.010427869,0.018284906,0.047217228,145.20479,null,null,null,null,"TWOGAUSSIANS",8,2.204536,0.25848234,5.816675E-4,0.12753525,0.0039128456,0.22435522,0.008122804,0.7920607,0.04751459,0.058396067,0.10239547,0.047217228,145.20479
375316653866487564,2179035650291221760,0.50164986,2060.997493903658,2.724625477440955,1.31594625E-5,19.829782,0.0175337,0.24884026,0.0052703074,0.08114251,0.006214061,0.43229297,0.04121048,0.7398124,0.013495481,0.10500596,0.015738996,0.23719938,0.052173816,null,null,null,null,"TWOGAUSSIANS",8,0.9484664,0.24884026,0.0052703074,0.4,0.0,0.41796008,0.03937712,0.7398124,0.013495481,0.4,0.0,0.22286038,0.053082395
375316653866487564,2179036096971861888,0.5916271,2099.582510131188,3.3901850191008798,1.0332397E-5,18.385433,0.0046211253,0.6252236,0.002832772,0.05722672,0.0031020106,0.7325244,0.02017457,0.91275436,0.015381868,0.008250347,0.009198981,0.08933626,259604.52,null,null,null,null,"TWOGAUSSIANS",8,5.703965,0.6252236,0.002832772,0.32046965,0.01737126,0.7325244,0.02017457,0.91275436,0.015381868,0.046201944,0.051514294,0.089338675,259604.52
375316653866487564,2179037299562813824,0.60479414,2142.6983896260613,0.5729672220503906,3.7352947E-6,12.5966215,7.3354243E-4,0.78606486,0.0011611744,0.029831337,0.0017121972,0.43520308,0.041329365,null,null,null,null,null,null,null,null,null,null,"ONEGAUSSIAN",5,83.24121,0.78606486,0.0011611744,0.16705549,0.009588304,0.43520308,0.0,null,null,null,null,null,null
375316653866487564,2179038192916005248,0.44518027,2126.630128995751,1.4078033636309677,4.286241E-5,17.90598,0.0033823259,0.41510814,0.021251872,0.11520098,0.029514406,0.0663368,0.008301232,0.1377484,0.017314672,0.03876333,0.011962346,0.023035966,0.014030297,null,null,null,null,"TWOGAUSSIANS",8,3.1959484,0.41510814,0.021251872,0.4,0.0,0.06632604,0.008318503,0.1432784,0.015363171,0.21707463,0.06698914,0.026891438,0.014021238
375316653866487564,2179038704005657984,0.5708483,2070.7671475139377,1.5748759894021678,1.2307502E-5,18.44001,0.010769848,0.25573984,0.0022464357,0.04177932,0.0025805181,0.4566024,0.032407407,0.75497395,0.013809284,0.03838953,0.010426085,0.16724293,0.09669405,0.043908894,0.01387613,0.25573984,0.0022464357,"TWOGAUSSIANS_WITH_ELLIPSOIDAL_ON_ECLIPSE1",9,5.061958,0.25573984,0.0022464357,0.23396419,0.014450901,0.54442,0.024970487,0.755014,0.01357298,0.21498136,0.05838608,0.25505862,0.09319543
375316653866487564,2179039876542043136,0.5379272,2060.3293097233372,2.1380270965413875,6.4331807E-6,18.9864,0.0056889337,0.27429608,0.001882372,0.072693,0.0028699604,0.43608624,0.018429909,0.773475,0.0034535006,0.07717167,0.0043719183,0.45306098,0.042114623,null,null,null,null,"TWOGAUSSIANS",8,2.1473322,0.773475,0.0034535006,0.4,0.0,0.44971985,0.042804018,0.27429608,0.001882372,0.4,0.0,0.4327451,0.018826481
375316653866487564,2179040318913453184,0.42975384,2059.6375719484754,3.1081728705457468,7.364009E-5,18.92186,0.0057763336,0.2565852,0.005984076,0.043853734,0.006229078,0.118657865,0.014909364,0.74844366,0.019850494,0.060410555,0.009009443,0.099331416,0.018388908,null,null,null,null,"TWOGAUSSIANS",8,3.5086482,0.2565852,0.005984076,0.24558091,0.034882836,0.1186564,0.014909707,0.74844366,0.019850494,0.3382991,0.05045288,0.09932995,0.018388929
375316653866487564,2179040353273197952,0.59861004,2084.7003976895417,0.8985828021473068,5.2260257E-6,17.133532,0.010502648,0.2484293,0.0031147304,0.08997593,0.006063014,0.33928382,0.011709591,0.73530734,0.0011385562,0.07747909,0.0022785775,0.43872923,0.010459708,null,null,null,null,"TWOGAUSSIANS",8,8.681053,0.73530734,0.0011385562,0.4,0.0,0.4317782,0.008459148,0.2484293,0.0031147304,0.4,0.0,0.3323326,0.011613394
375316653866487564,2179040799950284288,0.48362848,2076.2150591980558,3.4523286928189396,1.40207485E-5,18.311998,0.018942539,0.22160876,0.007204193,0.100132205,0.01497114,0.18458071,0.01903719,0.7274874,0.0075231222,0.0976099,0.015749285,0.1316763,0.018242076,null,null,null,null,"TWOGAUSSIANS",8,4.263645,0.22160876,0.007204193,0.4,0.0,0.17275998,0.013155448,0.7274874,0.0075255837,0.4,0.0,0.1198565,0.009187929
375316653866487564,2179041693303579648,0.5613928,2099.066391914151,0.11085235290374142,7.932851E-6,18.031885,0.0021314376,0.91876036,2.6656737E-4,0.0055973656,1.5474543E-4,0.38386858,0.011676503,null,null,null,null,null,null,null,null,null,null,"ONEGAUSSIAN",5,1.9537566,0.91876036,2.6656737E-4,0.03134525,8.665744E-4,0.38386858,0.0,null,null,null,null,null,null
375316653866487564,2179044652543031808,0.561078,2122.170845767059,0.07530493701941925,2.6187641E-5,16.616922,0.0018351274,0.48431793,0.049773015,0.035125017,0.020807575,0.24284439,0.21897078,0.82259303,0.0010581191,0.0060619516,0.001275315,0.25330123,0.01038151,0.0068459325,0.0032146696,0.82259303,0.0010581191,"TWOGAUSSIANS_WITH_ELLIPSOIDAL_ON_ECLIPSE2",9,6.2582393,0.82259303,0.0010581191,0.033946928,0.007141764,0.26699296,0.011145617,0.48392794,0.043517716,0.1967001,0.11652242,0.24665688,0.22150475
375316653866487564,2179045099219620224,0.47659674,2085.5018922822337,2.312303332424582,2.2404622E-5,16.959978,0.1759144,0.24900423,0.007630011,0.10992442,0.05567944,0.24222673,0.15374978,0.76289356,0.009302244,0.112135865,0.05166316,0.209841,0.16529869,null,null,null,null,"TWOGAUSSIANS",8,41.574596,0.24898423,0.0076500033,0.4,0.0,0.21131115,0.01946749,0.7629136,0.009013323,0.4,0.0,0.1789203,0.019918516
375316653866487564,2179045301081108864,0.44641232,2079.303304013007,3.3527900368380523,1.9565297E-5,19.418093,0.016655803,0.2627525,0.003740991,0.06935683,0.0074446546,0.4820634,0.03922323,0.75404954,0.0065316064,0.08267787,0.0071459375,0.3136366,0.038673796,null,null,null,null,"TWOGAUSSIANS",8,4.0364327,0.2627525,0.003740991,0.38839823,0.029380001,0.4792582,0.040300038,0.75404954,0.0065316064,0.4,0.0,0.3108314,0.038531765
375316653866487564,2179045511536500480,0.6075633,2119.122115706998,0.3187859738004267,2.3966304E-6,15.870568,5.136026E-4,0.5628029,3.768104E-4,0.021902027,3.555468E-4,0.2638974,0.0028742903,0.27555332,0.0061469087,0.019049428,0.006811035,0.014643254,0.01297565,null,null,null,null,"TWOGAUSSIANS",8,2.841126,0.5628029,3.768104E-4,0.12265135,0.001991062,0.2638974,0.0028742903,0.27555332,0.0061469087,0.1066768,0.038141795,0.014643254,0.01297565
375316653866487564,2179045580256187776,0.5473722,2125.856974115229,1.0943362454321242,3.8789105E-5,12.93936,0.0041113277,0.2696583,0.012783433,0.070849426,0.021370223,0.015435424,0.009469102,0.7661753,0.0046581826,0.034840554,0.0035659717,0.13736442,0.01815313,0.009811882,0.005470086,0.7661753,0.0046581826,"TWOGAUSSIANS_WITH_ELLIPSOIDAL_ON_ECLIPSE2",9,125.61292,0.7661753,0.0046581826,0.1951071,0.019969443,0.15696296,0.013116122,0.26848832,0.0079301745,0.3967568,0.093450695,0.035027716,0.002327724
375316653866487564,2179046434947586688,0.596183,2120.7949714439806,0.13313476056667617,1.6749938E-6,18.64416,0.0026974345,0.31468624,0.0037224072,0.012633605,0.0028592288,0.45327803,0.01925072,0.7557157,5.335215E-4,0.013783397,8.800749E-4,0.43621734,0.011486373,null,null,null,null,"TWOGAUSSIANS",8,1.82002,0.31468624,0.0037224072,0.07074819,0.016011681,0.45327803,0.01925072,0.7557157,5.335215E-4,0.077187024,0.0049284194,0.43621734,0.011486373
375316653866487564,2179046439249425792,0.6083532,2098.0665203806125,1.99256301638546,3.6070774E-6,16.17003,0.008685358,0.22439022,0.002084431,0.10292791,0.0048416303,0.17184457,0.008584154,0.7199445,0.0012667363,0.11182897,0.004965517,0.19275147,0.007893147,null,null,null,null,"TWOGAUSSIANS",8,4.1049485,0.7199445,0.0012667363,0.4,0.0,0.16965076,0.003444456,0.22440022,0.0020866394,0.4,0.0,0.14875908,0.0033909539
375316653866487564,2179048530896782848,0.49379966,2046.4935625926744,0.08862531615252867,8.106828E-5,18.868244,0.006752712,0.31879154,0.08153731,0.020507367,0.027041852,0.24773772,0.8411156,0.79479384,0.024376916,0.14386131,0.03292186,0.041567985,0.008875181,null,null,null,null,"TWOGAUSSIANS",8,1.5588022,0.31879154,0.0815601,0.11484125,0.15143438,0.2475054,0.83897996,0.79479384,0.024376916,0.4,0.0,0.041106615,0.008124923
375316653866487564,2179049394187223424,0.6246667,2102.6763246408304,3.4586436095462836,3.299517E-6,18.520418,0.009968498,0.16494578,8.176787E-4,0.058961887,0.001957931,0.50614643,0.025878146,0.66850287,0.0018536831,0.053777203,0.0025599087,0.42956692,0.023978082,0.08667583,0.012340371,0.16494578,8.176787E-4,"TWOGAUSSIANS_WITH_ELLIPSOIDAL_ON_ECLIPSE1",9,1.5493046,0.16494578,8.176787E-4,0.33018658,0.010964414,0.6794288,0.017587466,0.66850287,0.0018536831,0.30115235,0.014335489,0.60276276,0.01077222
375316653866487564,2179053036319449088,0.469658,2084.634535581597,1.0623417688437788,3.9370647E-5,17.668575,0.010301278,0.20929827,0.024910308,0.07716805,0.047690097,0.045444928,0.01005825,0.72913176,0.009671195,0.081113346,0.0147827165,0.10518663,0.009540969,null,null,null,null,"TWOGAUSSIANS",8,3.9685836,0.72913176,0.009671195,0.4,0.0,0.10455637,0.0071089133,0.20929827,0.024910308,0.4,0.10021899,0.044814672,0.010306577
375316653866487564,2179053586075259776,0.5897616,2061.1900787988743,0.7031400103719379,1.0534642E-5,15.456366,0.0023367822,0.26721218,0.001978077,0.033171654,0.0017756535,0.4522516,0.012758662,0.7659239,0.001080584,0.034997385,0.0024228594,0.096116014,0.0049958294,0.006555919,0.0032263363,0.26721218,0.001978077,"TWOGAUSSIANS_WITH_ELLIPSOIDAL_ON_ECLIPSE1",9,31.75893,0.26721218,0.001978077,0.18576127,0.009943659,0.46536344,0.0114627415,0.76594394,0.0010680362,0.19598536,0.013568013,0.10922699,0.002353907
375316653866487564,2179053684852666112,0.5529267,2091.630317758293,3.8895989441729855,6.5405698E-6,18.95238,0.012108871,0.21843083,0.0035084414,0.07795812,0.0043891333,0.39581358,0.01579475,0.7257667,0.005577776,0.07353981,0.005023056,0.4424688,0.019675974,null,null,null,null,"TWOGAUSSIANS",8,3.1283436,0.7257667,0.005577776,0.4,6.432579E-4,0.43940336,0.018775005,0.21843083,0.0035084414,0.4,0.0,0.39274815,0.015245104
375316653866487564,2179056575372326272,0.5362876,2110.107095314444,1.6133304963355928,6.5832705E-6,18.893824,0.0061451904,0.18566324,0.006020435,0.076465674,0.007819498,0.10858105,0.010099612,0.6914374,0.0019150712,0.061335407,0.0050435327,0.30456972,0.02439152,null,null,null,null,"TWOGAUSSIANS",8,1.4597886,0.6914374,0.0019150712,0.3434783,0.028243782,0.30417,0.02464359,0.18566324,0.006020435,0.4,0.0,0.10818136,0.010099921
375316653866487564,2179057296926585344,0.6117991,2072.123524240674,0.6757361649804022,6.515997E-6,16.10001,0.0011406422,0.3002646,8.3739444E-4,0.021290462,8.073076E-4,0.61997724,0.009074808,0.40514895,0.049619835,0.013173113,0.035786137,0.05720732,5.1718648E19,null,null,null,null,"TWOGAUSSIANS",8,8.051798,0.3002646,8.2019746E-4,0.11922659,0.0045209224,0.61997724,0.0089633325,0.40514895,0.049619835,0.07376943,0.20040236,0.05721065,5.1718648E19
375316653866487564,2179059491647706240,0.5557265,2090.3387539102737,2.7619620053611253,6.4927713E-6,19.105495,0.00986371,0.26968366,0.0030278626,0.079972476,0.003166666,0.4751014,0.015214769,0.7613967,0.003326474,0.07762322,0.005427472,0.47533852,0.019362774,null,null,null,null,"TWOGAUSSIANS",8,2.592053,0.7613967,0.003326474,0.4,0.0,0.47010195,0.01984403,0.26968366,0.0030278626,0.4,0.0,0.46986485,0.014548352
375316653866487564,2179061209634640896,0.5496795,2103.704156773937,2.189078357035752,6.7397473E-6,19.130945,0.019572131,0.21465142,0.0069928244,0.08349909,0.0104247155,0.23342262,0.018524697,0.70731574,0.0037441747,0.06951696,0.0071281446,0.53357375,0.026749754,null,null,null,null,"TWOGAUSSIANS",8,2.331999,0.70731574,0.0037441747,0.38929498,0.03631972,0.530832,0.027597643,0.21465142,0.0069928244,0.4,0.0,0.23068088,0.01640674
