Gaia/vari_eclipsing_binary/VariEclipsingBinary_609085-609162.csv
# %ECSV 1.0
# ---
# delimiter: ','
# meta: !!omap
# - RELEASE: Gaia DR3
# - TABLE: vari_eclipsing_binary
# - DESCRIPTION: >
#     This table describes the properties of the eclipsing binaries resulting from the variability analysis. 
# - CITATION: >
#     How to cite and acknowledge Gaia: 
#     https://gea.esac.esa.int/archive/documentation/credits.html 
# - KNOWN_ISSUES: >
#     Known issues: 
#     https://www.cosmos.esa.int/web/gaia-users/known-issues 
# - DOCUMENTATION: >
#     Tutorials and documentation: 
#     https://www.cosmos.esa.int/web/gaia-users/archive 
# datatype:
# - 
#   name: solution_id
#   datatype: int64
#   description: Solution Identifier
#   meta:
#     ucd: meta.version
# - 
#   name: source_id
#   datatype: int64
#   description: Unique source identifier
#   meta:
#     ucd: meta.id;meta.main
# - 
#   name: global_ranking
#   datatype: float32
#   description: Number between 0 (worst) and 1 (best)
#   meta:
#     ucd: stat.param
# - 
#   name: reference_time
#   datatype: float64
#   unit: d
#   description: Reference time used for the geometric model fit
#   meta:
#     ucd: time.epoch
# - 
#   name: frequency
#   datatype: float64
#   unit: d**-1
#   description: Frequency of geometric model of the eclipsing binary light curve
#   meta:
#     ucd: src.orbital
# - 
#   name: frequency_error
#   datatype: float32
#   unit: d**-1
#   description: "Uncertainty of \\texttt{frequency}"
#   meta:
#     ucd: stat.error
# - 
#   name: geom_model_reference_level
#   datatype: float32
#   unit: mag
#   description: Magnitude reference level of geometric model
#   meta:
#     ucd: phot.mag;em.opt
# - 
#   name: geom_model_reference_level_error
#   datatype: float32
#   unit: mag
#   description: "Uncertainty of \\texttt{geomModelReferenceLevel}"
#   meta:
#     ucd: stat.error;phot.mag;em.opt
# - 
#   name: geom_model_gaussian1_phase
#   datatype: float32
#   description: Phase of the Gaussian 1 component
#   meta:
#     ucd: time.phase
# - 
#   name: geom_model_gaussian1_phase_error
#   datatype: float32
#   description: "Uncertainty of \\texttt{geomModelGaussian1Phase}"
#   meta:
#     ucd: stat.error;time.phase
# - 
#   name: geom_model_gaussian1_sigma
#   datatype: float32
#   description: "Standard deviation [phase] of Gaussian 1 component"
#   meta:
#     ucd: stat.stdev
# - 
#   name: geom_model_gaussian1_sigma_error
#   datatype: float32
#   description: "Uncertainty of \\texttt{geomModelGaussian1Sigma}"
#   meta:
#     ucd: stat.error
# - 
#   name: geom_model_gaussian1_depth
#   datatype: float32
#   unit: mag
#   description: Magnitude depth of Gaussian 1 component
#   meta:
#     ucd: src.var.amplitude
# - 
#   name: geom_model_gaussian1_depth_error
#   datatype: float32
#   unit: mag
#   description: "Uncertainty of \\texttt{geomModelGaussian1Depth}"
#   meta:
#     ucd: stat.error;src.var.amplitude
# - 
#   name: geom_model_gaussian2_phase
#   datatype: float32
#   description: Phase of Gaussian 2 component
#   meta:
#     ucd: time.phase
# - 
#   name: geom_model_gaussian2_phase_error
#   datatype: float32
#   description: "Uncertainty of \\texttt{geomModelGaussian2Phase}"
#   meta:
#     ucd: stat.error;time.phase
# - 
#   name: geom_model_gaussian2_sigma
#   datatype: float32
[...]
#   datatype: float32
#   description: "Secondary eclipse: uncertainty of \\texttt{derivedSecondaryEclDuration}"
#   meta:
#     ucd: stat.error;time.duration
# - 
#   name: derived_secondary_ecl_depth
#   datatype: float32
#   unit: mag
#   description: "Secondary eclipse: depth"
#   meta:
#     ucd: src.var.amplitude
# - 
#   name: derived_secondary_ecl_depth_error
#   datatype: float32
#   unit: mag
#   description: "Secondary eclipse: uncertainty of \\texttt{derivedSecondaryEclDepth}"
#   meta:
#     ucd: stat.error;src.var.amplitude
solution_id,source_id,global_ranking,reference_time,frequency,frequency_error,geom_model_reference_level,geom_model_reference_level_error,geom_model_gaussian1_phase,geom_model_gaussian1_phase_error,geom_model_gaussian1_sigma,geom_model_gaussian1_sigma_error,geom_model_gaussian1_depth,geom_model_gaussian1_depth_error,geom_model_gaussian2_phase,geom_model_gaussian2_phase_error,geom_model_gaussian2_sigma,geom_model_gaussian2_sigma_error,geom_model_gaussian2_depth,geom_model_gaussian2_depth_error,geom_model_cosine_half_period_amplitude,geom_model_cosine_half_period_amplitude_error,geom_model_cosine_half_period_phase,geom_model_cosine_half_period_phase_error,model_type,num_model_parameters,reduced_chi2,derived_primary_ecl_phase,derived_primary_ecl_phase_error,derived_primary_ecl_duration,derived_primary_ecl_duration_error,derived_primary_ecl_depth,derived_primary_ecl_depth_error,derived_secondary_ecl_phase,derived_secondary_ecl_phase_error,derived_secondary_ecl_duration,derived_secondary_ecl_duration_error,derived_secondary_ecl_depth,derived_secondary_ecl_depth_error
[from data line 322]
375316653866487564,5357834954314054912,0.6260672,2182.637402375707,0.3875938499377704,1.3260825E-5,13.505063,5.733068E-4,0.14840463,6.851236E-4,0.012609637,2.241482E-4,0.27525023,0.012221748,0.65415305,0.0010995753,0.017724076,6.58761E-4,0.23971717,0.0064466135,null,null,null,null,"TWOGAUSSIANS",8,13.41079,0.14840463,6.851236E-4,0.07061397,0.0012552299,0.27525023,0.012221748,0.65415305,0.0010995753,0.099254824,0.0036890619,0.23971717,0.0064466135
375316653866487564,5357836569211480192,0.5466564,2155.2169194914663,1.3370422990183533,7.257258E-6,15.759782,0.0046573174,0.27440724,0.0015615133,0.029791847,0.0016944231,0.3371487,0.02284539,0.77693444,0.0037078469,0.027411629,0.0047646244,0.45214245,0.04304985,0.03308948,0.010158269,0.27440724,0.0015615133,"TWOGAUSSIANS_WITH_ELLIPSOIDAL_ON_ECLIPSE1",9,133.99257,0.77693444,0.0037078469,0.15350512,0.026681896,0.5183047,0.04805078,0.27440724,0.0015615133,0.16683434,0.00948877,0.4033276,0.022010759
375316653866487564,5357836839790327936,0.50546455,2118.828840458998,3.459328490248061,1.759878E-5,19.064138,0.01603948,0.2501347,0.008775679,0.075594194,0.0082434965,0.28952098,0.0256573,0.75322336,0.0064959805,0.07578931,0.008963505,0.35260114,0.028125351,null,null,null,null,"TWOGAUSSIANS",8,5.370858,0.75322336,0.0064959805,0.4,0.0,0.3500471,0.02821801,0.2501347,0.008775679,0.4,0.0091409795,0.28696698,0.02485444
375316653866487564,5357839416771015936,0.5222682,2153.378645464534,0.39285416796360867,1.6298614E-5,18.388454,0.0043041534,0.21677871,0.0011557345,0.005273297,0.0010468146,0.94817054,1.4849108,0.6905996,0.051187024,0.0957704,0.030424284,0.036713727,0.009464427,null,null,null,null,"TWOGAUSSIANS",8,5.329229,0.21677871,0.0011557345,0.029530462,0.005862162,0.9481706,1.4849108,0.6905996,0.051187024,0.4,0.0,0.03671363,0.009464815
375316653866487564,5357840103965866880,0.6627139,2160.2498457807665,1.204186396730367,3.968841E-6,16.889654,0.006896907,0.23167591,0.0021325015,0.045828,0.0029667118,0.49245873,0.018009227,0.72295123,0.005048838,0.04571432,0.0066074827,0.14455448,0.015798721,0.06253589,0.008503139,0.23167591,0.0021325015,"TWOGAUSSIANS_WITH_ELLIPSOIDAL_ON_ECLIPSE1",9,4.6088758,0.23167591,0.0021325015,0.2566368,0.016613586,0.61753,0.015864149,0.7240412,0.0044953134,0.2560002,0.037001904,0.2692971,0.010044189
375316653866487564,5357840138331773568,0.5033639,2139.3770324929606,3.4827612290822936,9.640709E-6,19.329788,0.013241404,0.27464586,0.003441542,0.08634335,0.005209504,0.3210432,0.0153736565,0.7654376,0.0035507893,0.093147665,0.00730632,0.34852645,0.02388816,null,null,null,null,"TWOGAUSSIANS",8,1.9063003,0.7654376,0.0035507893,0.4,0.0,0.33655545,0.025944315,0.27464586,0.003441542,0.4,0.0,0.30907258,0.012575496
375316653866487564,5357842268628734976,0.55059135,2156.837360871693,0.46049430143015435,6.5504823E-6,17.649776,0.0039194543,0.29504043,0.013723642,0.020192003,0.01310604,0.07642091,0.009871203,0.79492855,0.0023588766,0.012314817,0.0012559611,0.32914662,0.028348623,0.008755579,0.0047217817,0.29504043,0.013723642,"TWOGAUSSIANS_WITH_ELLIPSOIDAL_ON_ECLIPSE1",9,6.804842,0.79492855,0.0023588766,0.06896298,0.007033382,0.34665778,0.028211115,0.29504043,0.013723642,0.11307522,0.07339382,0.09393207,0.006926971
375316653866487564,5357843200650888832,0.6541578,2177.4156686261563,1.85724777300113,2.3355904E-6,15.705783,0.00516718,0.23333804,8.4582274E-4,0.057475895,0.0031180463,0.15383302,0.010373029,0.73085064,0.0030612028,0.057898734,0.0036878781,0.12672663,0.011336603,0.072099864,0.005788276,0.23333804,8.4582274E-4,"TWOGAUSSIANS_WITH_ELLIPSOIDAL_ON_ECLIPSE1",9,5.376215,0.23333804,8.4582274E-4,0.321865,0.01746106,0.2980107,0.0049104895,0.73143065,0.0022879583,0.3242329,0.020652117,0.27087724,0.0054681622
375316653866487564,5357843784766448384,0.4416513,2177.9133533648596,0.03179630945006345,4.7375168E-5,17.925518,0.0056744744,0.25266504,0.0081582675,0.07029778,0.011559464,0.21077313,0.049156997,0.6995549,0.020921104,0.082550526,0.018759536,0.14124529,0.010469871,null,null,null,null,"TWOGAUSSIANS",8,8.037198,0.25266504,0.0081582675,0.39366755,0.04746436,0.2102894,0.04944268,0.6995549,0.020921104,0.4,0.0,0.14076151,0.010436743
375316653866487564,5357843883536757632,0.6072583,2171.6050418707423,0.37600468495270073,6.1643577E-6,17.4085,0.0024256983,0.15505987,0.0016001454,0.03627394,0.001811356,0.13828743,0.0038573975,0.6551095,0.007876385,0.033946723,0.0034598985,0.7732262,0.16963184,null,null,null,null,"TWOGAUSSIANS",8,4.8392153,0.6551095,0.007876385,0.19010165,0.01937543,0.7732262,0.16963184,0.15505987,0.0016001454,0.20313407,0.010143594,0.13828743,0.0038573975
375316653866487564,5357844673812115712,0.45430213,2150.860989647117,3.7836806289277227,5.0967188E-5,18.940409,0.054138068,0.18962997,0.011427092,0.071502306,0.023163522,0.23690297,0.03790438,0.63801175,0.009252041,0.15051313,0.04050849,0.16696042,0.051508628,null,null,null,null,"TWOGAUSSIANS",8,5.713133,0.19037998,0.012567592,0.4,0.075011216,0.22345203,0.02633,0.63801175,0.009252041,0.4,0.0,0.15131956,0.024107642
375316653866487564,5357845017411684864,0.45218036,2183.0386763331126,1.7812798563288883,2.4402181E-5,18.464893,0.0044040503,0.25250345,0.002990948,0.0078908,0.0072564855,0.79596853,7.872916E9,null,null,null,null,null,null,0.06457694,0.006915946,0.25250345,0.002990948,"ONEGAUSSIAN_WITH_ELLIPSOIDAL",6,10.685399,0.25250345,0.002990948,0.04418848,0.040636316,0.9251224,7.872916E9,null,null,null,null,null,null
375316653866487564,5357846739703639680,0.6407527,2163.5281931266763,0.18559337261744316,1.0532621E-5,16.05552,0.0010137153,0.120826825,0.024421405,0.005720211,0.009021708,0.15411443,0.1908392,0.76912296,4.4698692E-5,0.012305206,4.320315E-5,0.49073872,0.001177609,0.001162754,0.001606682,0.120826825,0.024421405,"TWOGAUSSIANS_WITH_ELLIPSOIDAL_ON_ECLIPSE1",9,5.8914013,0.76912296,4.4698692E-5,0.06890915,2.4193763E-4,0.49156594,0.0018017911,0.120826825,0.024421405,0.032033183,0.050521564,0.15643993,0.19149801
375316653866487564,5357847873575180672,0.64747995,2158.302765787441,1.366296813650935,2.1844548E-6,17.59177,0.009544034,0.16292752,0.0017377905,0.05748362,0.0054046176,0.15256767,0.020669185,0.6604366,0.0012722628,0.05097775,0.0017916263,0.537231,0.0219266,0.058698572,0.011626999,0.16292752,0.0017377905,"TWOGAUSSIANS_WITH_ELLIPSOIDAL_ON_ECLIPSE1",9,3.0786736,0.66054654,0.0012003578,0.2854754,0.010033107,0.6545862,0.011063573,0.16292752,0.0017377905,0.32190827,0.03026586,0.26995036,0.0059524444
375316653866487564,5357849522842646272,0.5874237,2178.0639403806977,1.9246094285831044,4.7227754E-6,17.259514,0.006977607,0.23267367,0.0029772744,0.07755645,0.0039944556,0.21410345,0.0068977363,0.7130642,0.002136282,0.091484815,0.0026560305,0.39495683,0.010447922,null,null,null,null,"TWOGAUSSIANS",8,7.6645675,0.7130642,0.002136282,0.4,0.0,0.38969576,0.010037567,0.23267367,0.0029772744,0.4,0.0,0.2088428,0.005634872
375316653866487564,5357850587994577920,0.58184385,2169.5006994556074,0.7124550344547262,2.7399092E-6,16.441374,0.0030717037,0.15405752,0.001575797,0.01651152,0.0013659316,0.41135624,0.013769438,0.65247846,5.783046E-4,0.015009884,7.907101E-4,0.90296596,0.1583561,0.004636969,0.005757606,0.15405752,0.001575797,"TWOGAUSSIANS_WITH_ELLIPSOIDAL_ON_ECLIPSE1",9,36.563446,0.65247846,5.783046E-4,0.08405535,0.0044279764,0.912239,0.15885527,0.15405752,0.001575797,0.092464514,0.0076492173,0.42063016,0.014702074
375316653866487564,5357850931591933440,0.538499,2162.584276735442,0.33240198512409497,2.6497387E-6,16.392706,0.0012833782,0.11501436,0.01213414,0.012900844,0.009286341,0.14230466,0.17476545,0.60845065,0.0011616303,0.019626947,0.0018559201,0.11040058,0.024904627,0.005141902,0.001598724,0.11501436,0.01213414,"TWOGAUSSIANS_WITH_ELLIPSOIDAL_ON_ECLIPSE1",9,3.7546415,0.11501436,0.01213414,0.072244726,0.052003514,0.15258844,0.17437255,0.6084707,0.0011581245,0.109910905,0.010393152,0.12066694,0.02517537
375316653866487564,5357851099084330496,0.466283,2168.0833815843703,3.215809728511267,1.2146618E-5,19.245043,0.024319964,0.29046553,0.004409695,0.10835222,0.012202228,0.23071656,0.022355283,0.7907603,0.005950954,0.09912641,0.016349105,0.16711192,0.02246351,null,null,null,null,"TWOGAUSSIANS",8,1.6668646,0.29046553,0.004409695,0.4,0.0,0.20916162,0.009233295,0.7907603,0.005950954,0.4,0.0,0.14556696,0.009146115
375316653866487564,5357856257345864704,0.6473259,2147.7258135192615,2.8804658605362525,4.0074046E-6,18.12029,0.0074205333,0.27187437,9.434218E-4,0.043981273,0.0019405063,0.4394666,0.017413538,0.7719183,0.0035220305,0.04398659,0.003143201,0.40700737,0.020973807,0.12425548,0.010628833,0.27187437,9.434218E-4,"TWOGAUSSIANS_WITH_ELLIPSOIDAL_ON_ECLIPSE1",9,3.6231031,0.27187437,9.434218E-4,0.24629512,0.010866836,0.68797725,0.008464392,0.7719183,0.0032453479,0.2463249,0.017601926,0.655518,0.015574136
375316653866487564,5357856394790209920,0.59402335,2147.7512738962473,3.557256821293717,5.830647E-6,17.352428,0.0058430685,0.2723326,0.0018567631,0.04995331,0.0051167365,0.17736219,0.017886465,0.7767083,0.0026367954,0.04597626,0.003937688,0.12803341,0.015960218,0.10292034,0.008119054,0.2723326,0.0018567631,"TWOGAUSSIANS_WITH_ELLIPSOIDAL_ON_ECLIPSE1",9,6.0838213,0.2723326,0.0018567631,0.27973855,0.028653726,0.3832019,0.01416183,0.7767083,0.0026367954,0.25746706,0.022051055,0.33371758,0.008795409
375316653866487564,5357856699722758400,0.5188924,2141.3276750377768,2.7998829911369283,1.1800713E-5,18.30276,0.02679605,0.17475975,0.005593019,0.062497143,0.007887475,0.31844056,0.025609758,0.6602115,0.0063929516,0.085557975,0.009982494,0.6148809,0.040674143,null,null,null,null,"TWOGAUSSIANS",8,26.202866,0.6602115,0.0063929516,0.4,0.0,0.61268973,0.041152697,0.17475975,0.005593019,0.349984,0.044169858,0.31624943,0.024040757
375316653866487564,5357857700461167744,0.4014618,2161.8863451626967,0.149060734589444,3.3954868E-5,17.171877,0.016420923,0.34306788,0.09380101,0.0974351,0.06303984,0.12993993,0.07585765,0.107652456,0.17082465,0.06317558,0.10823493,0.057968672,0.02729955,null,null,null,null,"TWOGAUSSIANS",8,11.501012,0.3428279,0.08438373,0.4,0.19328147,0.12999403,0.041432403,0.12515245,0.39477372,0.35378325,0.19472776,0.06643989,0.09950657
375316653866487564,5357857971032368768,0.51157254,2171.272968838484,3.186539693401891,1.3008174E-5,17.80481,0.012031703,0.17953505,0.005006976,0.072103,0.0057822703,0.48489502,0.05864529,0.67882216,0.0044020806,0.088832356,0.0067420336,0.3534399,0.015657293,null,null,null,null,"TWOGAUSSIANS",8,25.88153,0.17953505,0.005006976,0.4,0.011718161,0.47851452,0.05953034,0.67882216,0.0044020806,0.4,0.0,0.3470593,0.015495422
375316653866487564,5357859070541387264,0.51283824,2155.634760185055,3.3567783657804653,2.3025445E-5,18.41289,0.004140233,0.16442482,0.0050921305,0.031968426,0.0033436124,0.22157927,0.018281814,0.6721088,0.0024311142,0.04113854,0.0018371254,0.21599339,0.009658292,null,null,null,null,"TWOGAUSSIANS",8,4.616182,0.16442482,0.0050921305,0.17902319,0.01872423,0.22157927,0.018281814,0.6721088,0.0024311142,0.23037584,0.010287902,0.21599339,0.009658292
375316653866487564,5357860174361175680,0.46191445,2180.002809369104,0.5016218462858121,2.0377578E-5,15.123511,0.0025376116,0.15680525,0.0028782291,0.014248177,0.0025425022,0.12041365,0.016528536,0.48495612,0.017385418,0.028125763,0.020807067,0.030279588,0.3881759,0.009939729,0.0047976314,0.15680525,0.0028782291,"TWOGAUSSIANS_WITH_ELLIPSOIDAL_ON_ECLIPSE1",9,89.16549,0.15680525,0.0028782291,0.079789795,0.014238013,0.1402931,0.016648676,0.48774612,0.019633077,0.15750428,0.11651958,0.03484432,0.38658932
375316653866487564,5357862609594803072,0.5049914,2169.8368273567257,3.2736790375821077,1.3141556E-5,17.712805,0.017727256,0.25074688,0.0060754768,0.105681784,0.015558771,0.11879071,0.017064411,0.7536207,0.0039567524,0.10500337,0.014842839,0.13479884,0.014898718,null,null,null,null,"TWOGAUSSIANS",8,4.2054396,0.7536207,0.0039567524,0.4,0.0,0.120151006,0.006116236,0.25074688,0.0060785306,0.4,0.0,0.10414282,0.00628543
375316653866487564,5357863369817927168,0.5917154,2160.767440155222,0.6478904337172565,4.2434385E-6,16.067896,0.007021292,0.22084907,0.0018162112,0.083140954,0.0034347663,0.20293869,0.0065283407,0.71443135,0.001673819,0.08087471,0.0036174029,0.45853794,0.021181557,null,null,null,null,"TWOGAUSSIANS",8,22.843212,0.71443135,0.001673819,0.4,0.0,0.45342952,0.022058418,0.22084907,0.0018162112,0.4,0.0,0.19783027,0.0052376776
375316653866487564,5357863846545305344,0.5564304,2124.7260546821267,1.5322068591236169,1.5168188E-5,19.19839,0.0039520557,0.2910578,0.0042794133,0.04906128,0.004114896,0.10817295,0.0056235255,0.7893749,0.0062669334,0.042342562,0.0032029157,0.607929,0.05392762,null,null,null,null,"TWOGAUSSIANS",8,1.3052262,0.7893749,0.0062669334,0.23711835,0.017936328,0.6079289,0.053927463,0.2910578,0.0042794133,0.27474317,0.023043418,0.10817281,0.0056234393
375316653866487564,5357864228804412416,0.5155843,2141.6410080911014,1.191280482525553,1.9857367E-5,17.861248,0.014011964,0.16833523,0.038706284,0.08018505,0.042239357,0.081889056,0.058836862,0.62630725,0.001639687,0.042297866,0.0064463033,0.7993639,0.17389984,null,null,null,null,"TWOGAUSSIANS",8,35.52795,0.62630725,0.001639687,0.23686804,0.0360993,0.7993457,0.17394285,0.16833523,0.038706284,0.4,0.1584735,0.08187081,0.05885495
375316653866487564,5357864980417743104,0.64907,2132.7538557312564,2.4888342839665976,2.148531E-6,16.74075,0.006522192,0.26839998,9.970694E-4,0.04613013,0.0031052353,0.26508853,0.022446053,0.76090217,0.0010940122,0.050415114,0.0027674325,0.30880985,0.015600416,0.1101695,0.008580666,0.26839998,9.970694E-4,"TWOGAUSSIANS_WITH_ELLIPSOIDAL_ON_ECLIPSE1",9,6.959307,0.76184213,9.03106E-4,0.28232464,0.015497621,0.52871925,0.013601785,0.26839998,9.970694E-4,0.2583287,0.017389316,0.48542547,0.020144505
375316653866487564,5357865186576005632,0.49192178,2160.925002700477,2.5535867879491483,1.4570754E-5,17.756195,0.0075384253,0.24779059,0.008874071,0.09526987,0.014110194,0.072234884,0.0073584034,0.725858,0.0067288936,0.0927645,0.016131124,0.092558004,0.0062362044,null,null,null,null,"TWOGAUSSIANS",8,1.8932614,0.725858,0.0067288936,0.4,0.0,0.089097194,0.0062258556,0.24779059,0.00887375,0.4,0.0,0.068773985,0.0046390863
375316653866487564,5357867939656389120,0.43106735,2162.36960324708,0.10361590161330253,8.067145E-5,18.50108,0.017328965,0.22371715,0.028433762,0.122681156,0.032229245,0.15066238,0.021326397,0.53671885,0.017339848,0.017292636,0.01974995,0.13977937,0.1240159,null,null,null,null,"TWOGAUSSIANS",8,12.373976,0.22371715,0.028433762,0.4,0.0,0.15058789,0.021226732,0.53671885,0.017339848,0.09683876,0.11059972,0.14551947,0.12735718
375316653866487564,5357868519470648704,0.54454416,2138.074087786522,3.1965875434334525,7.932925E-6,18.49645,0.0107606705,0.23603071,0.0027117473,0.085366994,0.004515367,0.27503118,0.011406724,0.7330111,0.004666426,0.08713824,0.0072629494,0.2902313,0.014416611,null,null,null,null,"TWOGAUSSIANS",8,3.3656573,0.7330111,0.004666426,0.4,0.0,0.28218064,0.014393949,0.23603071,0.0027117473,0.4,0.0,0.26698056,0.009343665
375316653866487564,5357868833009544704,0.56721216,2147.1463469087143,3.368660445428535,4.928586E-6,19.17454,0.008485352,0.15432969,0.0014097278,0.06289001,0.0028592448,0.58358973,0.022735802,0.6594861,0.0022341658,0.06553511,0.0029153933,0.69300765,0.044246368,null,null,null,null,"TWOGAUSSIANS",8,2.7995536,0.6594861,0.0022341658,0.36699665,0.016326202,0.6924513,0.044379782,0.15432969,0.0014097278,0.35218403,0.01601177,0.5830334,0.02286107
