Gaia/vari_eclipsing_binary/VariEclipsingBinary_678672-678698.csv
# %ECSV 1.0
# ---
# delimiter: ','
# meta: !!omap
# - RELEASE: Gaia DR3
# - TABLE: vari_eclipsing_binary
# - DESCRIPTION: >
#     This table describes the properties of the eclipsing binaries resulting from the variability analysis. 
# - CITATION: >
#     How to cite and acknowledge Gaia: 
#     https://gea.esac.esa.int/archive/documentation/credits.html 
# - KNOWN_ISSUES: >
#     Known issues: 
#     https://www.cosmos.esa.int/web/gaia-users/known-issues 
# - DOCUMENTATION: >
#     Tutorials and documentation: 
#     https://www.cosmos.esa.int/web/gaia-users/archive 
# datatype:
# - 
#   name: solution_id
#   datatype: int64
#   description: Solution Identifier
#   meta:
#     ucd: meta.version
# - 
#   name: source_id
#   datatype: int64
#   description: Unique source identifier
#   meta:
#     ucd: meta.id;meta.main
# - 
#   name: global_ranking
#   datatype: float32
#   description: Number between 0 (worst) and 1 (best)
#   meta:
#     ucd: stat.param
# - 
#   name: reference_time
#   datatype: float64
#   unit: d
#   description: Reference time used for the geometric model fit
#   meta:
#     ucd: time.epoch
# - 
#   name: frequency
#   datatype: float64
#   unit: d**-1
#   description: Frequency of geometric model of the eclipsing binary light curve
#   meta:
#     ucd: src.orbital
# - 
#   name: frequency_error
#   datatype: float32
#   unit: d**-1
#   description: "Uncertainty of \\texttt{frequency}"
#   meta:
#     ucd: stat.error
# - 
#   name: geom_model_reference_level
#   datatype: float32
#   unit: mag
#   description: Magnitude reference level of geometric model
#   meta:
#     ucd: phot.mag;em.opt
# - 
#   name: geom_model_reference_level_error
#   datatype: float32
#   unit: mag
#   description: "Uncertainty of \\texttt{geomModelReferenceLevel}"
#   meta:
#     ucd: stat.error;phot.mag;em.opt
# - 
#   name: geom_model_gaussian1_phase
#   datatype: float32
#   description: Phase of the Gaussian 1 component
#   meta:
#     ucd: time.phase
# - 
#   name: geom_model_gaussian1_phase_error
#   datatype: float32
#   description: "Uncertainty of \\texttt{geomModelGaussian1Phase}"
#   meta:
#     ucd: stat.error;time.phase
# - 
#   name: geom_model_gaussian1_sigma
#   datatype: float32
#   description: "Standard deviation [phase] of Gaussian 1 component"
#   meta:
#     ucd: stat.stdev
# - 
#   name: geom_model_gaussian1_sigma_error
#   datatype: float32
#   description: "Uncertainty of \\texttt{geomModelGaussian1Sigma}"
#   meta:
#     ucd: stat.error
# - 
#   name: geom_model_gaussian1_depth
#   datatype: float32
#   unit: mag
#   description: Magnitude depth of Gaussian 1 component
#   meta:
#     ucd: src.var.amplitude
# - 
#   name: geom_model_gaussian1_depth_error
#   datatype: float32
#   unit: mag
#   description: "Uncertainty of \\texttt{geomModelGaussian1Depth}"
#   meta:
#     ucd: stat.error;src.var.amplitude
# - 
#   name: geom_model_gaussian2_phase
#   datatype: float32
#   description: Phase of Gaussian 2 component
#   meta:
#     ucd: time.phase
# - 
#   name: geom_model_gaussian2_phase_error
#   datatype: float32
#   description: "Uncertainty of \\texttt{geomModelGaussian2Phase}"
#   meta:
#     ucd: stat.error;time.phase
# - 
#   name: geom_model_gaussian2_sigma
#   datatype: float32
[...]
#   datatype: float32
#   description: "Secondary eclipse: uncertainty of \\texttt{derivedSecondaryEclDuration}"
#   meta:
#     ucd: stat.error;time.duration
# - 
#   name: derived_secondary_ecl_depth
#   datatype: float32
#   unit: mag
#   description: "Secondary eclipse: depth"
#   meta:
#     ucd: src.var.amplitude
# - 
#   name: derived_secondary_ecl_depth_error
#   datatype: float32
#   unit: mag
#   description: "Secondary eclipse: uncertainty of \\texttt{derivedSecondaryEclDepth}"
#   meta:
#     ucd: stat.error;src.var.amplitude
solution_id,source_id,global_ranking,reference_time,frequency,frequency_error,geom_model_reference_level,geom_model_reference_level_error,geom_model_gaussian1_phase,geom_model_gaussian1_phase_error,geom_model_gaussian1_sigma,geom_model_gaussian1_sigma_error,geom_model_gaussian1_depth,geom_model_gaussian1_depth_error,geom_model_gaussian2_phase,geom_model_gaussian2_phase_error,geom_model_gaussian2_sigma,geom_model_gaussian2_sigma_error,geom_model_gaussian2_depth,geom_model_gaussian2_depth_error,geom_model_cosine_half_period_amplitude,geom_model_cosine_half_period_amplitude_error,geom_model_cosine_half_period_phase,geom_model_cosine_half_period_phase_error,model_type,num_model_parameters,reduced_chi2,derived_primary_ecl_phase,derived_primary_ecl_phase_error,derived_primary_ecl_duration,derived_primary_ecl_duration_error,derived_primary_ecl_depth,derived_primary_ecl_depth_error,derived_secondary_ecl_phase,derived_secondary_ecl_phase_error,derived_secondary_ecl_duration,derived_secondary_ecl_duration_error,derived_secondary_ecl_depth,derived_secondary_ecl_depth_error
[from data line 221]
375316653866487564,5969797661460432896,0.5443769,2285.4489566688435,3.6765528481683405,1.1009343E-5,19.103493,0.01627969,0.23219316,0.0041174744,0.071035676,0.006313309,0.6281804,0.03154461,0.7257301,0.0033369486,0.07466504,0.0041905395,0.6190474,0.027850484,null,null,null,null,"TWOGAUSSIANS",8,5.3601456,0.23219316,0.0041174744,0.3977998,0.018314732,0.6252154,0.03196708,0.7257301,0.0033369486,0.4,0.0,0.6160825,0.027706392
375316653866487564,5969797803221294208,0.6883514,2293.80997561272,0.12206700911969781,1.1238617E-6,12.990703,7.838936E-4,0.5778722,1.7738826E-6,0.008594969,2.6445145E-5,1.7561967,0.013387827,null,null,null,null,null,null,null,null,null,null,"ONEGAUSSIAN",5,17.079313,0.5778722,1.7738826E-6,0.04813183,1.480928E-4,1.7561967,0.0,null,null,null,null,null,null
375316653866487564,5969798451735160320,0.5057621,2261.4778107637667,3.4200267700279285,2.0763737E-5,16.927176,0.0030292524,0.22809714,0.002882294,0.013516866,0.009257352,0.033042658,0.041352894,null,null,null,null,null,null,0.08249945,0.005530134,0.22809714,0.002882294,"ONEGAUSSIAN_WITH_ELLIPSOIDAL",6,19.373577,0.22809714,0.002882294,0.07569445,0.05184117,0.19804147,0.034376968,null,null,null,null,null,null
375316653866487564,5969798937080278528,0.49473503,2283.6470319147616,2.529390749463456,3.4294164E-5,19.799738,0.06610632,0.3098923,0.007193437,0.08596605,0.023961343,0.35173386,0.050979912,0.8272747,0.011649234,0.109206624,0.036061056,0.29738677,0.04246262,null,null,null,null,"TWOGAUSSIANS",8,1.9796176,0.3098823,0.0071210135,0.4,0.0,0.33287627,0.030639205,0.8272747,0.011649234,0.4,0.0,0.2785082,0.035794992
375316653866487564,5969799452476552576,0.458902,2300.407119231295,1.4446731172512093,4.4007058E-5,17.556787,0.009063239,0.19559562,0.012037972,0.03554533,0.020843163,0.05442367,0.035762377,0.64355665,0.042526644,0.05601514,0.031776752,0.07743832,0.031805567,0.03979426,0.011861678,0.19559562,0.012037972,"TWOGAUSSIANS_WITH_ELLIPSOIDAL_ON_ECLIPSE1",9,16.203722,0.65387666,0.040806815,0.3136848,0.17794982,0.15037876,0.02992728,0.19559562,0.012037972,0.19905385,0.11672172,0.13401178,0.03653333
375316653866487564,5969799654325254656,0.56009436,2290.768684839147,3.1121563277616042,5.4121288E-6,18.57981,0.008784783,0.24838117,0.0017206088,0.07227735,0.0039295764,0.43141854,0.0124092605,0.7581095,0.0021014772,0.076113746,0.005979553,0.3569811,0.055571105,null,null,null,null,"TWOGAUSSIANS",8,2.2085197,0.24838117,0.0017206088,0.4,0.005248954,0.4292752,0.012685851,0.7581095,0.0021014772,0.4,0.00514402,0.3548378,0.05627637
375316653866487564,5969800582037341440,0.5134432,2292.281739237879,3.0878101466457792,1.6415213E-5,18.98058,0.060875475,0.17398095,0.0060580103,0.08787668,0.025461517,0.34787488,0.028783677,0.6772576,0.0045980574,0.10162416,0.018366791,0.34092548,0.05203535,null,null,null,null,"TWOGAUSSIANS",8,4.015303,0.17398095,0.0060580103,0.4,0.0,0.32770503,0.046862252,0.6772576,0.0045980574,0.4,0.0,0.32075188,0.018267306
375316653866487564,5969801131794803456,0.44638947,2277.1992660683127,1.1903943192031776,3.864119E-5,16.140867,0.036380563,0.2811835,0.016167048,0.13008952,0.08503311,0.06240982,0.02879846,0.7901858,0.010226455,0.08343138,0.021470228,0.09786494,0.02742126,null,null,null,null,"TWOGAUSSIANS",8,37.839596,0.7902258,0.010146092,0.4,7.8124506E-4,0.08963198,0.010524409,0.2811835,0.016167048,0.4,0.0,0.054096933,0.010796104
375316653866487564,5969801239195172224,0.6278541,2292.084021368532,2.793610680866196,4.6554837E-6,16.041494,0.013095569,0.22565971,0.003515878,0.04805284,0.009015212,0.15836321,0.027992459,0.72326785,0.0019767922,0.053248573,0.0049632257,0.2216303,0.025922034,0.10675158,0.015268011,0.22565971,0.003515878,"TWOGAUSSIANS_WITH_ELLIPSOIDAL_ON_ECLIPSE1",9,23.90071,0.7236878,0.0012730887,0.29819202,0.027794063,0.4350899,0.007870604,0.22565971,0.003515878,0.2690959,0.050485186,0.37186247,0.010201744
375316653866487564,5969802957149995520,0.43546617,2267.0705226670034,2.2296928460876533,8.139772E-5,19.53448,0.060159456,0.19880457,0.021942828,0.08500831,0.04871624,0.15181729,0.057132307,0.6701128,0.019343862,0.054349765,0.06787167,0.23033923,0.04292596,null,null,null,null,"TWOGAUSSIANS",8,4.29476,0.6701128,0.019343862,0.3043587,0.1372787,0.23007964,0.07584191,0.19880457,0.021924721,0.4,0.029366387,0.15155767,0.038567886
375316653866487564,5969803021581877632,0.599306,2273.0149188402606,2.4091819504839065,5.8190267E-6,18.337751,0.004196057,0.2641108,0.0012132884,0.045429077,0.0031509064,0.15420924,0.012636989,0.76608485,0.0075000026,0.0421808,0.0047574067,0.12402624,0.013060923,0.12283818,0.0055959737,0.2641108,0.0012132884,"TWOGAUSSIANS_WITH_ELLIPSOIDAL_ON_ECLIPSE1",9,1.5722631,0.2641108,0.0012132884,0.25440285,0.017645076,0.39988548,0.011625742,0.76608485,0.0075000026,0.23621246,0.026641477,0.36966467,0.008115942
375316653866487564,5969803605709208704,0.4352093,2270.067477967184,1.7984956553380576,4.8042395E-5,19.008312,0.023402654,0.17969409,0.011757288,0.088309035,0.021603052,0.13553387,0.024778781,0.7011674,0.009187345,0.10596905,0.018766966,0.12701125,0.024783215,null,null,null,null,"TWOGAUSSIANS",8,3.51073,0.17968409,0.011779376,0.4,0.0,0.12844494,0.01804371,0.7011674,0.009188875,0.4,0.0,0.119916946,0.016848354
375316653866487564,5969803816143750016,0.47239,2247.9930907463695,1.4709631286779135,2.9669694E-5,19.901537,0.014515226,0.24337682,0.024935441,0.04704459,0.029983148,0.2651681,0.14848389,0.7585981,0.004952159,0.06305621,0.0055294367,0.32704234,0.018744681,null,null,null,null,"TWOGAUSSIANS",8,2.5531902,0.7585981,0.004952159,0.35311478,0.030964846,0.32703194,0.01867325,0.24337682,0.024935441,0.26344973,0.15386455,0.2651577,0.14873858
375316653866487564,5969803880575149184,0.6563572,2267.8630054494934,2.3360867896787436,7.750082E-6,14.519759,0.005218696,0.21743178,0.0011055369,0.085094355,0.0014449853,0.43889192,0.0051932116,0.7175292,0.0026308384,0.08912271,0.0036075104,0.39959252,0.006913044,null,null,null,null,"TWOGAUSSIANS",8,35.43797,0.21743178,0.0011055369,0.4,0.0,0.4253085,0.0031296564,0.7175292,0.0026308384,0.4,0.0,0.38600898,0.0066734
375316653866487564,5969804056661871488,0.533883,2265.8309697485665,0.6359706671839602,2.1450267E-5,17.966108,0.0056223026,0.31180924,0.0026207669,0.04546303,0.0036182525,0.4879543,0.046630487,0.8100473,0.0057080397,0.045531515,0.0062846174,0.115265936,0.010169294,null,null,null,null,"TWOGAUSSIANS",8,10.578089,0.31180924,0.0026207669,0.25459296,0.020262213,0.48795417,0.046630688,0.8100473,0.0057080397,0.25497648,0.035193857,0.11526582,0.010169286
375316653866487564,5969804572058040448,0.5346017,2256.5662235854643,0.3177700135548084,4.0720694E-5,17.706274,0.004982946,0.3568809,6.681698E-4,0.018419145,0.0010215287,0.4099138,0.04509794,0.85365564,0.0017502656,0.021587526,0.0022299113,0.5857584,0.03818691,null,null,null,null,"TWOGAUSSIANS",8,13.929648,0.85365564,0.0017502656,0.12089015,0.012487503,0.5857584,0.03818691,0.3568809,6.681698E-4,0.10314721,0.005720561,0.4099138,0.04509794
375316653866487564,5969804705209112320,0.52794176,2258.9132568129876,3.652312704614817,1.0874344E-5,18.347212,0.0034900857,0.30043578,0.012445921,0.07482836,0.010001136,0.13019253,0.018598499,0.7962492,0.0013514318,0.05735077,0.0022067628,0.18171939,0.0055438457,null,null,null,null,"TWOGAUSSIANS",8,2.7182314,0.7962492,0.0013514318,0.3211643,0.012357872,0.18151337,0.0055041905,0.30043578,0.012445921,0.4,0.01063881,0.12998651,0.018751437
375316653866487564,5969805121813610752,0.6153276,2237.904404689381,2.8636105419950435,5.670452E-6,18.990276,0.015187397,0.33456603,0.0019198013,0.047735345,0.0034760977,0.42877468,0.034255363,0.8312788,0.0025550683,0.04284722,0.0042760563,0.34600848,0.031762216,0.14414057,0.017832106,0.33456603,0.0019198013,"TWOGAUSSIANS_WITH_ELLIPSOIDAL_ON_ECLIPSE1",9,2.0611815,0.33456603,0.0019198013,0.26731792,0.019466149,0.7170553,0.013425311,0.8316288,0.0022717826,0.23994444,0.023945915,0.6341794,0.016018828
375316653866487564,5969805156233811968,0.55159914,2274.961138889862,3.0891774705909287,1.0015325E-5,16.204893,0.014417733,0.25738898,0.0035051527,0.048088454,0.0056880517,0.21916732,0.034940924,0.7519069,0.0053288783,0.06384159,0.009638149,0.28379133,0.03724469,0.06420649,0.021221608,0.7519069,0.0053288783,"TWOGAUSSIANS_WITH_ELLIPSOIDAL_ON_ECLIPSE2",9,64.57008,0.7519069,0.0053288783,0.35751292,0.053973634,0.4120739,0.02182858,0.25685897,0.003031662,0.26929533,0.03185309,0.3473123,0.015477775
375316653866487564,5969805877728170368,0.51656777,2279.9303741560398,2.9062151562075043,4.218628E-5,19.764467,0.015453726,0.30296066,0.0057590357,0.082891524,0.0072172782,0.49020883,0.018177632,0.8136405,0.0052599115,0.07520994,0.01025712,0.38389117,0.04837198,null,null,null,null,"TWOGAUSSIANS",8,1.9895041,0.30296066,0.0057590357,0.4,0.0,0.48548073,0.017167475,0.8136405,0.0052599115,0.4,0.0,0.37916306,0.05138209
375316653866487564,5969805942170060160,0.5885172,2285.1594566556028,2.46725380372573,1.7263257E-5,18.859394,0.026027357,0.25326982,0.009467081,0.07801204,0.013559968,0.5588649,0.02895531,0.7689151,0.0028508496,0.0824974,0.010091437,0.4010816,0.019005284,null,null,null,null,"TWOGAUSSIANS",8,2.8359997,0.25326982,0.009467081,0.4,0.0,0.55346733,0.03330795,0.7689151,0.0028508496,0.4,0.0,0.39568403,0.012971611
375316653866487564,5969806010871760640,0.56874335,2281.887278474048,2.296998662472905,1.2589995E-5,18.38637,0.008819046,0.2770982,0.0032441013,0.07428234,0.0034064446,0.4441632,0.012102879,0.78453946,0.005091687,0.07517751,0.005484992,0.36325732,0.020844411,null,null,null,null,"TWOGAUSSIANS",8,3.5650105,0.2770982,0.0032441013,0.4,0.0,0.44164345,0.011837163,0.78453946,0.005091687,0.4,0.0,0.36073756,0.02080337
375316653866487564,5969806045236384000,0.6027263,2243.908941245508,0.563301302938875,1.2245177E-5,17.463278,0.0031650094,0.1780151,0.001526689,0.03187596,0.0023392667,0.14511172,0.010512031,0.6813402,0.002657644,0.042028703,0.0042643617,0.84109324,0.21550967,0.021788407,0.004004733,0.1780151,0.001526689,"TWOGAUSSIANS_WITH_ELLIPSOIDAL_ON_ECLIPSE1",9,3.127125,0.6813402,0.002657644,0.23536074,0.023880426,0.884651,0.21863477,0.1780151,0.001526689,0.17850538,0.013099894,0.1886885,0.011156426
375316653866487564,5969806530563659904,0.549935,2263.559789592287,2.0950943693612296,9.138331E-6,19.102623,0.013989104,0.25849673,0.0027869907,0.077787526,0.0045387447,0.44985092,0.016305868,0.75960916,0.003971074,0.08517638,0.0061596446,0.39552388,0.01725023,null,null,null,null,"TWOGAUSSIANS",8,2.0575268,0.25849673,0.0027869907,0.4,0.0,0.4424219,0.014504541,0.75960916,0.003971074,0.4,0.0,0.38809487,0.01665249
375316653866487564,5969806805447594752,0.50902015,2285.8592983292037,2.5212890082783317,3.0657768E-5,19.70345,0.022217758,0.23843555,0.0063891476,0.07544956,0.00867411,0.39536852,0.02675841,0.73857033,0.009134761,0.074379906,0.0104871625,0.5273882,0.03795979,null,null,null,null,"TWOGAUSSIANS",8,3.1340878,0.73857033,0.009134761,0.4,0.032888655,0.52392,0.03787564,0.23843555,0.0063891476,0.4,0.0,0.39190033,0.025843455
375316653866487564,5969807389616503424,0.5433863,2270.564457666666,2.1583001388295204,9.614039E-6,14.130486,0.0075084795,0.27283284,0.0013908921,0.048216507,0.019451033,0.045659736,0.033630595,0.77831054,0.0051911413,0.052049402,0.014157851,0.06337403,0.012523316,0.07671343,0.008736692,0.27283284,0.0013908921,"TWOGAUSSIANS_WITH_ELLIPSOIDAL_ON_ECLIPSE1",9,42.708225,0.77831054,0.0051911413,0.29147667,0.07928397,0.2166182,0.009011276,0.27283284,0.0013908921,0.27001244,0.10892579,0.19908558,0.025229456
375316653866487564,5969807698854244096,0.42620286,2294.2939960774816,1.0529784804606919,1.8506402E-5,16.230204,0.0032948114,0.31660423,0.0150556285,0.040840458,0.01590966,0.050962117,0.022623263,0.42803743,0.08944359,0.12911797,0.050238837,0.032333158,0.018507294,null,null,null,null,"TWOGAUSSIANS",8,17.687475,0.32145423,0.0143412175,0.22870657,0.089094095,0.073565826,0.010079311,0.42803743,0.08944359,0.4,0.0,0.033529423,0.01945094
375316653866487564,5969808072463514240,0.50850296,2279.9477030077023,2.171873383302984,1.3658766E-5,17.525906,0.00762376,0.2622512,0.003507336,0.09800985,0.00747057,0.11473615,0.007302089,0.7618018,0.003989256,0.091141015,0.008757537,0.1333001,0.007552211,null,null,null,null,"TWOGAUSSIANS",8,2.3639252,0.7618018,0.003989256,0.4,0.0,0.12586431,0.007812969,0.2622512,0.003507336,0.4,0.0,0.10729994,0.003839857
375316653866487564,5969808351630802688,0.51157343,2251.2732309038565,2.7001164955190355,3.931572E-5,19.076918,0.008299162,0.2803279,0.010370491,0.075484045,0.0070257103,0.36302972,0.026977567,0.77691513,0.010682287,0.054438274,0.010121862,0.47698262,0.04119531,null,null,null,null,"TWOGAUSSIANS",8,6.6219535,0.77691513,0.010682287,0.30485433,0.05668243,0.47654262,0.041199196,0.2803279,0.010370491,0.4,0.0,0.36258972,0.026880428
375316653866487564,5969808656579068288,0.5062622,2282.2276948996628,0.7976927386068545,1.0821393E-6,18.082184,0.0024504135,0.3640474,9.335354E-6,0.004450508,5.8071077E-5,3.1707268,0.1837284,null,null,null,null,null,null,null,null,null,null,"ONEGAUSSIAN",5,3.183482,0.3640474,9.335354E-6,0.024922844,3.2519805E-4,3.1707268,0.0,null,null,null,null,null,null
375316653866487564,5969809004548960128,0.45196354,2264.285785237543,3.784859449794167,8.792233E-5,19.654552,0.09731099,0.48719645,0.02240177,0.18218316,0.0682982,0.35059142,0.07634939,0.86375177,0.08484158,0.067115806,0.0563443,0.0898195,0.082061745,null,null,null,null,"TWOGAUSSIANS",8,5.303519,0.48719645,0.02240177,0.4,0.0,0.32724476,0.045844942,0.86375177,0.08484158,0.37584853,0.31496322,0.108889036,0.09044341
375316653866487564,5969809103255465472,0.44843218,2292.213826107389,0.19822911002377877,3.566772E-5,16.281006,0.0025540227,0.1460494,0.003219093,0.018816557,0.00587602,0.081741765,0.018883305,0.6980186,0.00978122,0.06494738,0.010965347,0.06697236,0.0121156825,0.011862108,0.003342543,0.1460494,0.003219093,"TWOGAUSSIANS_WITH_ELLIPSOIDAL_ON_ECLIPSE1",9,7.82634,0.1460494,0.003219093,0.10537272,0.032905713,0.10546447,0.01952395,0.6980186,0.00978122,0.36370537,0.061405946,0.088254154,0.0118141
375316653866487564,5969809244984509312,0.492686,2323.2696065255527,1.2048478786729753,3.426637E-5,18.4313,0.007041973,0.22592358,0.016886503,0.07395844,0.01499887,0.11076171,0.010042984,0.72103995,0.009506392,0.0575062,0.007985307,0.49650425,0.28168708,null,null,null,null,"TWOGAUSSIANS",8,4.1321015,0.72103995,0.009506392,0.32203472,0.044717718,0.49624565,0.28180397,0.22592358,0.016886503,0.4,0.04036704,0.11050309,0.009823752
375316653866487564,5969809416789244544,0.45525575,2267.3209930166913,0.07075018880447755,1.702744E-4,19.841265,0.03183628,0.27699682,0.022066098,0.07138033,0.018757934,0.43326524,0.13669255,0.69192374,0.018840076,0.14423202,0.043855466,0.15847851,0.027759498,null,null,null,null,"TWOGAUSSIANS",8,3.845055,0.27758682,0.021664526,0.39972988,0.09806201,0.425813,0.14221835,0.69192374,0.018840076,0.4,0.0,0.14844103,0.022837754
375316653866487564,5969809657300532608,0.53516954,2222.868953584541,0.3303421910599271,1.18508615E-5,19.427155,0.008992218,0.2963114,0.00401651,0.035361316,0.0052865637,1.0867274,0.37905854,0.77237314,0.013748651,0.05280951,0.00871371,0.19843297,0.027723119,null,null,null,null,"TWOGAUSSIANS",8,3.1282938,0.2963114,0.00401651,0.19802336,0.029604757,1.0867273,0.3790587,0.77237314,0.013748651,0.29573324,0.048796773,0.19843295,0.027723102
375316653866487564,5969809863518003072,0.5404153,2300.03312426032,0.03224424325878306,9.527545E-5,15.717677,0.0018141661,0.14432856,0.006003857,0.037197955,0.010933187,0.01247597,0.0028703758,0.8571187,0.0011208248,0.0056858547,3.878604E-4,0.67216235,0.09899439,null,null,null,null,"TWOGAUSSIANS",8,16.390362,0.8571187,0.0011208248,0.031840786,0.0021720182,0.67216235,0.09899439,0.14432856,0.006003857,0.20830855,0.061225843,0.01247597,0.0028703758
