Gaia/vari_eclipsing_binary/VariEclipsingBinary_760669-761182.csv
# %ECSV 1.0
# ---
# delimiter: ','
# meta: !!omap
# - RELEASE: Gaia DR3
# - TABLE: vari_eclipsing_binary
# - DESCRIPTION: >
#     This table describes the properties of the eclipsing binaries resulting from the variability analysis. 
# - CITATION: >
#     How to cite and acknowledge Gaia: 
#     https://gea.esac.esa.int/archive/documentation/credits.html 
# - KNOWN_ISSUES: >
#     Known issues: 
#     https://www.cosmos.esa.int/web/gaia-users/known-issues 
# - DOCUMENTATION: >
#     Tutorials and documentation: 
#     https://www.cosmos.esa.int/web/gaia-users/archive 
# datatype:
# - 
#   name: solution_id
#   datatype: int64
#   description: Solution Identifier
#   meta:
#     ucd: meta.version
# - 
#   name: source_id
#   datatype: int64
#   description: Unique source identifier
#   meta:
#     ucd: meta.id;meta.main
# - 
#   name: global_ranking
#   datatype: float32
#   description: Number between 0 (worst) and 1 (best)
#   meta:
#     ucd: stat.param
# - 
#   name: reference_time
#   datatype: float64
#   unit: d
#   description: Reference time used for the geometric model fit
#   meta:
#     ucd: time.epoch
# - 
#   name: frequency
#   datatype: float64
#   unit: d**-1
#   description: Frequency of geometric model of the eclipsing binary light curve
#   meta:
#     ucd: src.orbital
# - 
#   name: frequency_error
#   datatype: float32
#   unit: d**-1
#   description: "Uncertainty of \\texttt{frequency}"
#   meta:
#     ucd: stat.error
# - 
#   name: geom_model_reference_level
#   datatype: float32
#   unit: mag
#   description: Magnitude reference level of geometric model
#   meta:
#     ucd: phot.mag;em.opt
# - 
#   name: geom_model_reference_level_error
#   datatype: float32
#   unit: mag
#   description: "Uncertainty of \\texttt{geomModelReferenceLevel}"
#   meta:
#     ucd: stat.error;phot.mag;em.opt
# - 
#   name: geom_model_gaussian1_phase
#   datatype: float32
#   description: Phase of the Gaussian 1 component
#   meta:
#     ucd: time.phase
# - 
#   name: geom_model_gaussian1_phase_error
#   datatype: float32
#   description: "Uncertainty of \\texttt{geomModelGaussian1Phase}"
#   meta:
#     ucd: stat.error;time.phase
# - 
#   name: geom_model_gaussian1_sigma
#   datatype: float32
#   description: "Standard deviation [phase] of Gaussian 1 component"
#   meta:
#     ucd: stat.stdev
# - 
#   name: geom_model_gaussian1_sigma_error
#   datatype: float32
#   description: "Uncertainty of \\texttt{geomModelGaussian1Sigma}"
#   meta:
#     ucd: stat.error
# - 
#   name: geom_model_gaussian1_depth
#   datatype: float32
#   unit: mag
#   description: Magnitude depth of Gaussian 1 component
#   meta:
#     ucd: src.var.amplitude
# - 
#   name: geom_model_gaussian1_depth_error
#   datatype: float32
#   unit: mag
#   description: "Uncertainty of \\texttt{geomModelGaussian1Depth}"
#   meta:
#     ucd: stat.error;src.var.amplitude
# - 
#   name: geom_model_gaussian2_phase
#   datatype: float32
#   description: Phase of Gaussian 2 component
#   meta:
#     ucd: time.phase
# - 
#   name: geom_model_gaussian2_phase_error
#   datatype: float32
#   description: "Uncertainty of \\texttt{geomModelGaussian2Phase}"
#   meta:
#     ucd: stat.error;time.phase
# - 
#   name: geom_model_gaussian2_sigma
#   datatype: float32
[...]
#   datatype: float32
#   description: "Secondary eclipse: uncertainty of \\texttt{derivedSecondaryEclDuration}"
#   meta:
#     ucd: stat.error;time.duration
# - 
#   name: derived_secondary_ecl_depth
#   datatype: float32
#   unit: mag
#   description: "Secondary eclipse: depth"
#   meta:
#     ucd: src.var.amplitude
# - 
#   name: derived_secondary_ecl_depth_error
#   datatype: float32
#   unit: mag
#   description: "Secondary eclipse: uncertainty of \\texttt{derivedSecondaryEclDepth}"
#   meta:
#     ucd: stat.error;src.var.amplitude
solution_id,source_id,global_ranking,reference_time,frequency,frequency_error,geom_model_reference_level,geom_model_reference_level_error,geom_model_gaussian1_phase,geom_model_gaussian1_phase_error,geom_model_gaussian1_sigma,geom_model_gaussian1_sigma_error,geom_model_gaussian1_depth,geom_model_gaussian1_depth_error,geom_model_gaussian2_phase,geom_model_gaussian2_phase_error,geom_model_gaussian2_sigma,geom_model_gaussian2_sigma_error,geom_model_gaussian2_depth,geom_model_gaussian2_depth_error,geom_model_cosine_half_period_amplitude,geom_model_cosine_half_period_amplitude_error,geom_model_cosine_half_period_phase,geom_model_cosine_half_period_phase_error,model_type,num_model_parameters,reduced_chi2,derived_primary_ecl_phase,derived_primary_ecl_phase_error,derived_primary_ecl_duration,derived_primary_ecl_duration_error,derived_primary_ecl_depth,derived_primary_ecl_depth_error,derived_secondary_ecl_phase,derived_secondary_ecl_phase_error,derived_secondary_ecl_duration,derived_secondary_ecl_duration_error,derived_secondary_ecl_depth,derived_secondary_ecl_depth_error
[from data line 219]
375316653866487564,6693463989719986560,0.5386308,2171.7772050962462,3.5409042102735357,1.3161424E-5,16.373734,0.0136831505,0.2544079,0.008151773,0.09427122,0.011350044,0.30583322,0.029877827,0.7289845,0.004051046,0.083398215,0.005780312,0.3162655,0.016351394,null,null,null,null,"TWOGAUSSIANS",8,27.297848,0.7289845,0.004051046,0.4,0.0,0.3084451,0.013709684,0.2544079,0.008151773,0.4,0.0,0.29801184,0.032178216
375316653866487564,6693474224625529088,0.5409988,2161.2320545906186,3.3134139206967577,3.7450485E-5,17.948402,0.017321775,0.2670747,0.011846129,0.086741254,0.017055461,0.24414814,0.035378564,0.7587086,0.012721388,0.0719133,0.011578159,0.35722938,0.028522743,null,null,null,null,"TWOGAUSSIANS",8,11.336117,0.7587086,0.012721388,0.4,0.053431932,0.353838,0.026582869,0.2670747,0.011846129,0.4,0.0,0.24075674,0.037430324
375316653866487564,6693476324866063488,0.49642885,2176.020800798158,2.4211454687005864,4.855377E-5,18.12228,0.0124589065,0.12007117,0.0104137035,0.029194752,0.024772713,0.15594432,0.19470441,0.6238389,0.0062212576,0.034248095,0.00404063,0.40342912,0.016941315,null,null,null,null,"TWOGAUSSIANS",8,18.046778,0.6238389,0.0062212576,0.19178933,0.022627527,0.40342912,0.016941315,0.12007117,0.0104137035,0.16349061,0.13872719,0.15594432,0.19470441
375316653866487564,6693491168273097216,0.5939803,2118.966837443248,2.29388316745979,4.6016644E-6,14.13495,0.011333106,0.22006124,0.0019147153,0.09718696,0.005731382,0.32622313,0.013041292,0.7099738,0.0022352638,0.09120386,0.0050849994,0.31361762,0.016095938,null,null,null,null,"TWOGAUSSIANS",8,78.70562,0.22006124,0.0019147153,0.4,0.0,0.30985007,0.013619886,0.7099738,0.0022352638,0.4,0.0,0.29724565,0.016052734
375316653866487564,6693505908600921088,0.5534298,2163.830842059816,4.173333596627661,9.246254E-6,17.20128,0.009737305,0.3025375,0.0037319842,0.081688195,0.007977387,0.1903919,0.0094808005,0.8106659,0.0044749333,0.087282784,0.006229381,0.19710505,0.011607328,null,null,null,null,"TWOGAUSSIANS",8,4.898973,0.8106659,0.0044749333,0.4,0.0,0.1928929,0.009822014,0.3025375,0.0037319842,0.4,0.0,0.18617977,0.007732625
375316653866487564,6693547827481770752,0.53343296,2175.058877774729,2.918294104264508,1.073887E-5,16.287867,0.0019851662,0.27044457,0.0051043257,0.060435105,0.0058866926,0.04202795,0.004116491,0.7517712,0.0026876845,0.04011071,0.003942189,0.10428345,0.014458435,null,null,null,null,"TWOGAUSSIANS",8,3.0046773,0.7517712,0.0026876845,0.22461998,0.022076257,0.10428326,0.014458776,0.27044457,0.0051043257,0.3384366,0.032965478,0.042027753,0.004116631
375316653866487564,6693558891317555456,0.5435006,2179.016906684262,2.9320904044936955,1.0060326E-5,13.288874,0.008942042,0.2858686,0.031329397,0.044242956,0.031392626,0.057133224,1.2115058,0.7680883,0.002718869,0.055557605,0.016582822,0.060393773,0.02139034,0.07459281,0.013203354,0.7680883,0.002718869,"TWOGAUSSIANS_WITH_ELLIPSOIDAL_ON_ECLIPSE2",9,270.54688,0.7680883,0.002718869,0.3111226,0.092863806,0.20957692,0.015634643,0.28074858,0.034601126,0.24776056,0.1757987,0.20499307,1.2071134
375316653866487564,6693577376856855296,0.58130544,2117.1921799084994,1.0992776302999916,6.558309E-5,16.468798,0.0033222723,0.22791311,0.016689155,0.03656902,0.022300245,0.044716354,0.079832494,0.69965863,0.0069854204,0.042942803,0.007664901,0.22352758,0.016624114,null,null,null,null,"TWOGAUSSIANS",8,10.4011345,0.69965863,0.0069854204,0.2404797,0.042923447,0.22352758,0.016624114,0.22791311,0.016689155,0.20478651,0.12488137,0.044716354,0.079832494
375316653866487564,6693594728524838144,0.42401847,2152.7816687298073,0.20542572462992806,3.2525135E-5,15.9135475,0.0043970495,0.03883933,0.008146446,0.032196533,0.009132351,0.064867556,0.010330772,0.5591208,0.021532359,0.15231408,0.022719689,0.08602777,0.012658163,null,null,null,null,"TWOGAUSSIANS",8,8.573299,0.5591208,0.021532359,0.4,0.0,0.083565846,0.01224233,0.03872933,0.008138401,0.18030058,0.05114116,0.06326119,0.011311693
375316653866487564,6693601493096805248,0.57625246,2152.137247438498,2.9633287961589723,1.7708211E-5,17.80048,0.007377939,0.28397253,0.0027683852,0.086359546,0.0039953007,0.23559947,0.007907464,0.78390414,0.0028299699,0.09858151,0.007159404,0.20726112,0.006378255,null,null,null,null,"TWOGAUSSIANS",8,2.1034517,0.28397253,0.0027683852,0.4,0.0,0.22426605,0.00580893,0.78390414,0.0028299699,0.4,0.0,0.19592664,0.007247739
375316653866487564,6693616409519396224,0.5275442,2215.4471869967815,1.7977570194991732,1.4569248E-5,14.887826,0.013925043,0.11967132,0.00807207,0.03714825,0.013272706,0.10142554,0.036588445,0.62781024,0.0032917985,0.041573238,0.014252839,0.31391996,0.10634153,0.07276403,0.019449502,0.62781024,0.0032917985,"TWOGAUSSIANS_WITH_ELLIPSOIDAL_ON_ECLIPSE2",9,216.34251,0.62781024,0.0032917985,0.23281012,0.079815894,0.459448,0.12866722,0.12077132,0.007058931,0.2080302,0.074327156,0.24662465,0.029721556
375316653866487564,6693623865582676096,0.6509649,2173.572690065257,3.9419960351908054,3.119678E-6,14.394408,0.009712153,0.19984664,0.0018414889,0.051251628,0.004169523,0.20248145,0.019091424,0.6955909,0.0015917986,0.051843617,0.005707034,0.15474334,0.02095416,0.087073684,0.011778966,0.6955909,0.0015917986,"TWOGAUSSIANS_WITH_ELLIPSOIDAL_ON_ECLIPSE2",9,60.013393,0.19920664,0.0015147793,0.28700912,0.023349326,0.37652,0.0063487566,0.6955909,0.0015917986,0.29032424,0.03195939,0.32888755,0.0057921377
375316653866487564,6693630698873722880,0.57869786,2167.5142809822055,4.3022142756419575,1.3020647E-5,18.564407,0.0116214445,0.3056756,0.003118883,0.04702523,0.0050009717,0.2696364,0.02973653,0.7915544,0.02462503,0.039746232,0.013350329,0.31332383,0.080508165,0.12799402,0.016970726,0.3056756,0.003118883,"TWOGAUSSIANS_WITH_ELLIPSOIDAL_ON_ECLIPSE1",9,5.0630493,0.79285437,0.022841454,0.2225789,0.074761845,0.5674863,0.08178976,0.3056756,0.003118883,0.26334128,0.02800544,0.5256241,0.013927834
375316653866487564,6693641801366828800,0.6120081,2165.986788110487,2.4969421027495247,7.4347195E-6,15.333306,0.00669171,0.14106719,0.0019207459,0.09676515,0.0037923914,0.20588927,0.006906902,0.6426315,0.002791327,0.088456966,0.0048848973,0.26048425,0.0079540415,null,null,null,null,"TWOGAUSSIANS",8,6.669382,0.6426315,0.002791327,0.4,0.0,0.24874045,0.0077113453,0.14106719,0.0019207459,0.4,0.0,0.19414487,0.0048206146
375316653866487564,6693644962462476288,0.46711335,2232.027598085008,2.86078664899764,5.113757E-5,19.809683,0.08070765,0.132226,0.017068457,0.10656677,0.07175867,0.19544794,0.058885463,0.6212297,0.0072227246,0.07438252,0.021128433,0.26918694,0.080422685,null,null,null,null,"TWOGAUSSIANS",8,2.65503,0.6212297,0.0072227246,0.4,0.04175073,0.26111814,0.050800964,0.132226,0.017068457,0.4,0.057746403,0.18737191,0.0315209
375316653866487564,6693645988957492608,0.5563089,2149.5263663851238,3.1238124823366182,1.3650033E-5,14.783754,0.005685704,0.29152057,0.0027441164,0.056583457,0.0027668623,0.49961108,0.02176275,0.7331681,0.006377876,0.027782867,0.009327919,0.09355373,0.1710988,null,null,null,null,"TWOGAUSSIANS",8,286.20123,0.29152057,0.0027441164,0.31686735,0.0154944295,0.49961108,0.02176275,0.7331681,0.006377876,0.15558405,0.05223635,0.09355373,0.1710988
375316653866487564,6693654720627902976,0.4485576,2139.1377853285476,0.2368708409239881,5.2888405E-5,13.947828,0.0042164642,0.31358275,0.012536926,0.040449396,0.013439051,0.1948305,0.04089215,0.7872407,0.024793688,0.053580556,0.021276196,0.1946051,8.105331,null,null,null,null,"TWOGAUSSIANS",8,16.892265,0.31358275,0.012536926,0.2265166,0.07525869,0.19483045,0.040892925,0.7872407,0.024793688,0.30005112,0.1191467,0.19460504,8.105332
375316653866487564,6693664959829950976,0.6027874,2105.0419917237946,1.575100256236821,7.34929E-6,12.727598,0.012270565,0.1690189,0.0034631721,0.089389235,0.0067079635,0.25884706,0.011777378,0.67403615,0.0019098474,0.09568047,0.0072368993,0.19844194,0.010830906,null,null,null,null,"TWOGAUSSIANS",8,80.29007,0.1690189,0.0034631721,0.4,0.0,0.24797644,0.008887894,0.67403615,0.0019098474,0.4,0.0,0.18757093,0.0051962207
375316653866487564,6693665612664990976,0.5898151,2095.7629654658576,0.049097318911015736,4.6118843E-5,16.875769,0.002471927,0.29544502,0.042413443,0.12613705,0.032127988,0.012976324,0.0036209156,0.7293383,0.017922157,0.060059343,0.008429688,0.24869563,0.020312447,null,null,null,null,"TWOGAUSSIANS",8,2.671222,0.7293383,0.017922157,0.33633232,0.047206257,0.24820013,0.020198641,0.29544502,0.042413443,0.4,0.0,0.012445304,0.0031458207
375316653866487564,6693704675390755200,0.5552442,2172.356057059617,3.8122272910325026,1.2853099E-5,17.390726,0.00824625,0.17335092,0.0044612866,0.094900414,0.008545548,0.09531824,0.007844855,0.69232,0.0047073034,0.11142233,0.011806281,0.09237146,0.00736128,null,null,null,null,"TWOGAUSSIANS",8,1.2205408,0.17333092,0.004459578,0.4,0.0,0.0874357,0.0033991477,0.69232,0.0047073034,0.4,0.0,0.084479116,0.0045506232
375316653866487564,6693721168065572864,0.48777613,2125.372581419125,4.01295237594666,7.1313065E-5,18.83288,0.09253881,0.33266565,0.010176757,0.105578326,0.02491427,0.2167608,0.08881693,0.81413126,0.018901492,0.104192115,0.057935506,0.13387582,0.089163184,null,null,null,null,"TWOGAUSSIANS",8,3.6910965,0.33267567,0.01040259,0.4,0.0,0.20077334,0.021735806,0.81413126,0.018901492,0.4,0.0,0.11789256,0.027024252
375316653866487564,6693730312052406656,0.5464854,2140.0294989529857,2.7771355354203804,2.9336077E-5,18.131443,0.009076,0.3261008,0.0019829615,0.049574696,0.003937425,0.27335784,0.017551942,0.8335178,0.0057356325,0.039897528,0.011785664,0.7305451,0.2320387,null,null,null,null,"TWOGAUSSIANS",8,10.087478,0.8335178,0.0057356325,0.22342616,0.06599972,0.73054504,0.23203985,0.3261008,0.0019829615,0.27761832,0.02204958,0.27335775,0.017551836
375316653866487564,6693747006588858496,0.63733715,2174.8634654049033,2.076240237063922,3.86091E-6,17.693233,0.0045079784,0.23109281,0.0039835502,0.035070714,0.011371664,0.13238479,0.716536,0.7316383,0.0012189235,0.04498384,0.0013477057,0.63422745,0.01628263,0.043257464,0.0053655826,0.23109281,0.0039835502,"TWOGAUSSIANS_WITH_ELLIPSOIDAL_ON_ECLIPSE1",9,2.7677581,0.7316383,0.001198603,0.2519095,0.0075471518,0.72074115,0.016829036,0.23109281,0.0039835502,0.196396,0.06368131,0.21889955,0.7182484
375316653866487564,6693753882833036032,0.5298941,2179.8943940041468,0.9731726032378727,6.495846E-6,14.309366,0.003030707,0.18487152,0.02896483,0.0245608,0.015103843,0.06675177,0.06133408,0.6878793,9.3738217E-4,0.026569981,0.0015138673,0.10072008,0.006925243,0.017954633,0.0027042357,0.18487152,0.02896483,"TWOGAUSSIANS_WITH_ELLIPSOIDAL_ON_ECLIPSE1",9,19.01288,0.6878793,9.3738217E-4,0.1487919,0.008477656,0.13661651,0.0052588363,0.18487152,0.02896483,0.13754047,0.084581524,0.10266103,0.06264685
375316653866487564,6693755252927078912,0.47879142,2148.2684111844924,2.1660069721349995,2.0985228E-5,19.561714,0.007844029,0.5659478,0.0061016413,0.040772825,0.012535188,0.76971394,0.4695613,0.8123372,0.022077873,0.03521594,0.020760598,0.05787448,0.018646974,null,null,null,null,"TWOGAUSSIANS",8,1.5708103,0.5659478,0.0061016413,0.22832783,0.07019705,0.76971394,0.46956146,0.8123372,0.022077873,0.19720927,0.11625935,0.057874486,0.018647686
375316653866487564,6693789921902068096,0.5137122,2110.9481483263426,3.5635320829763706,5.0601455E-5,19.014526,0.032390967,0.2223731,0.0050002057,0.102424964,0.018342776,0.2187494,0.029181626,0.7256221,0.010821033,0.106337234,0.024296815,0.22023088,0.03508231,null,null,null,null,"TWOGAUSSIANS",8,2.2193153,0.7256221,0.010820522,0.4,0.0,0.19621666,0.031222606,0.2223731,0.0050035557,0.4,0.0,0.19473927,0.02233617
375316653866487564,6693797794576574848,0.49572608,2229.065850751044,1.5300379255662442,6.900122E-5,19.172312,0.007878629,0.42443863,0.0074166297,0.02444176,0.0025683383,0.92116,0.27543864,0.7648905,0.012000601,0.047954347,0.019057613,0.23115717,2.7805274,null,null,null,null,"TWOGAUSSIANS",8,1.6457237,0.42443863,0.0074166297,0.13687386,0.014382694,0.92116,0.27543864,0.7648905,0.012000601,0.26854435,0.10672264,0.23115717,2.7805274
375316653866487564,6693809648688544000,0.5561772,2166.532327759761,2.1129512390722494,1.2555099E-5,15.819183,0.017196957,0.24928096,0.005233767,0.04523648,0.005355701,0.36047283,0.076124035,0.7480978,0.0052720737,0.07040696,0.0056591574,0.6020423,0.02788626,null,null,null,null,"TWOGAUSSIANS",8,249.96233,0.7480978,0.0052720737,0.39427897,0.023879906,0.60196203,0.027864143,0.24928096,0.005233767,0.2533243,0.029991925,0.3603925,0.07615085
375316653866487564,6693820884322980224,0.49105096,2148.0402016729345,2.606352441764059,4.5459085E-5,17.22239,0.0026633244,0.35804957,0.07166385,0.05846045,0.029184684,0.007042521,0.00774332,0.7548665,0.00440322,0.0637741,0.017325718,0.037410226,0.008140254,0.03296491,0.003058871,0.7548665,0.00440322,"TWOGAUSSIANS_WITH_ELLIPSOIDAL_ON_ECLIPSE2",9,6.4668107,0.7548665,0.00440322,0.35713497,0.08154196,0.10332292,0.008102176,0.26532957,0.018934269,0.32737854,0.16343424,0.06763031,0.004490881
375316653866487564,6693822086913839616,0.534003,2144.306513166449,3.4130027528587923,1.364685E-5,18.161821,0.010803812,0.3147219,0.0060529667,0.0575417,0.016182734,0.12216632,0.057038244,0.8173351,0.0041552046,0.011006257,0.008212135,0.124629654,1.7904452,0.10381753,0.011459466,0.3147219,0.0060529667,"TWOGAUSSIANS_WITH_ELLIPSOIDAL_ON_ECLIPSE1",9,8.437757,0.8173351,0.0041544633,0.06163504,0.045987956,0.3321987,1.7910833,0.3147219,0.0060529667,0.3222335,0.09062331,0.32979134,0.05479239
375316653866487564,6693837170838902016,0.44223234,2127.67151614029,0.7615440266230781,3.896289E-5,17.089626,0.036005,0.27181277,0.012753878,0.030995041,0.0129663395,0.059844762,0.02772351,0.6936173,0.017279066,0.16794887,0.07366586,0.1296307,0.017072195,null,null,null,null,"TWOGAUSSIANS",8,2.7167375,0.6936173,0.017279066,0.4,0.0,0.12604317,0.023476003,0.27305278,0.01217638,0.17357223,0.0726115,0.062183786,0.028514354
375316653866487564,6693844661261829504,0.4469616,2132.8070031131,0.06271245366627565,7.643628E-5,15.883595,0.0058022435,0.4761273,0.012655925,0.057797838,0.00905952,0.13817026,0.049838908,0.7522632,0.038538717,0.023208162,0.012283638,0.79521465,71.7657,0.011918101,0.0071904166,0.7522632,0.038538717,"TWOGAUSSIANS_WITH_ELLIPSOIDAL_ON_ECLIPSE2",9,60.046253,0.7522632,0.038538717,0.12996571,0.06878838,0.81905234,71.76592,0.47490728,0.012455601,0.3236679,0.050733317,0.13883671,0.049712066
375316653866487564,6693851808085171072,0.5061344,2102.7493490704055,4.580597709569845,2.6302941E-5,19.105013,0.018432772,0.13415068,0.008523302,0.10559879,0.015315802,0.19854255,0.018627219,0.63487744,0.007381833,0.07808739,0.0074572833,0.31818044,0.023829423,null,null,null,null,"TWOGAUSSIANS",8,3.2734168,0.63487744,0.007381833,0.4,0.0,0.30663538,0.01856178,0.13415068,0.008523302,0.4,0.0,0.1869921,0.013658809
375316653866487564,6693856785953471872,0.58203346,2165.633063327102,3.769411626556696,2.0408019E-5,17.407448,0.01341146,0.27886418,0.005397382,0.078230254,0.014969828,0.35277835,0.015182022,0.7858043,0.0042252326,0.08180513,0.005533143,0.33736327,0.01792419,null,null,null,null,"TWOGAUSSIANS",8,10.811494,0.27886418,0.005397382,0.4,0.0,0.34821153,0.01816377,0.7858043,0.0042252326,0.4,0.0,0.33279645,0.015677823
375316653866487564,6693884445543137024,0.5685391,2149.6105625385026,1.8488242326984994,6.8137756E-6,18.231585,0.009773164,0.27728528,9.273564E-4,0.03113965,0.001306606,0.5652296,0.04401106,0.7531727,0.023421133,0.017274344,0.014687138,0.7054203,0.5381539,null,null,null,null,"TWOGAUSSIANS",8,10.680297,0.7531727,0.023421133,0.096736334,0.08224797,0.7054203,0.5381539,0.27728528,9.273564E-4,0.17438205,0.0073169935,0.5652296,0.04401106
