Gaia/vari_eclipsing_binary/VariEclipsingBinary_440356-443548.csv
# %ECSV 1.0
# ---
# delimiter: ','
# meta: !!omap
# - RELEASE: Gaia DR3
# - TABLE: vari_eclipsing_binary
# - DESCRIPTION: >
#     This table describes the properties of the eclipsing binaries resulting from the variability analysis. 
# - CITATION: >
#     How to cite and acknowledge Gaia: 
#     https://gea.esac.esa.int/archive/documentation/credits.html 
# - KNOWN_ISSUES: >
#     Known issues: 
#     https://www.cosmos.esa.int/web/gaia-users/known-issues 
# - DOCUMENTATION: >
#     Tutorials and documentation: 
#     https://www.cosmos.esa.int/web/gaia-users/archive 
# datatype:
# - 
#   name: solution_id
#   datatype: int64
#   description: Solution Identifier
#   meta:
#     ucd: meta.version
# - 
#   name: source_id
#   datatype: int64
#   description: Unique source identifier
#   meta:
#     ucd: meta.id;meta.main
# - 
#   name: global_ranking
#   datatype: float32
#   description: Number between 0 (worst) and 1 (best)
#   meta:
#     ucd: stat.param
# - 
#   name: reference_time
#   datatype: float64
#   unit: d
#   description: Reference time used for the geometric model fit
#   meta:
#     ucd: time.epoch
# - 
#   name: frequency
#   datatype: float64
#   unit: d**-1
#   description: Frequency of geometric model of the eclipsing binary light curve
#   meta:
#     ucd: src.orbital
# - 
#   name: frequency_error
#   datatype: float32
#   unit: d**-1
#   description: "Uncertainty of \\texttt{frequency}"
#   meta:
#     ucd: stat.error
# - 
#   name: geom_model_reference_level
#   datatype: float32
#   unit: mag
#   description: Magnitude reference level of geometric model
#   meta:
#     ucd: phot.mag;em.opt
# - 
#   name: geom_model_reference_level_error
#   datatype: float32
#   unit: mag
#   description: "Uncertainty of \\texttt{geomModelReferenceLevel}"
#   meta:
#     ucd: stat.error;phot.mag;em.opt
# - 
#   name: geom_model_gaussian1_phase
#   datatype: float32
#   description: Phase of the Gaussian 1 component
#   meta:
#     ucd: time.phase
# - 
#   name: geom_model_gaussian1_phase_error
#   datatype: float32
#   description: "Uncertainty of \\texttt{geomModelGaussian1Phase}"
#   meta:
#     ucd: stat.error;time.phase
# - 
#   name: geom_model_gaussian1_sigma
#   datatype: float32
#   description: "Standard deviation [phase] of Gaussian 1 component"
#   meta:
#     ucd: stat.stdev
# - 
#   name: geom_model_gaussian1_sigma_error
#   datatype: float32
#   description: "Uncertainty of \\texttt{geomModelGaussian1Sigma}"
#   meta:
#     ucd: stat.error
# - 
#   name: geom_model_gaussian1_depth
#   datatype: float32
#   unit: mag
#   description: Magnitude depth of Gaussian 1 component
#   meta:
#     ucd: src.var.amplitude
# - 
#   name: geom_model_gaussian1_depth_error
#   datatype: float32
#   unit: mag
#   description: "Uncertainty of \\texttt{geomModelGaussian1Depth}"
#   meta:
#     ucd: stat.error;src.var.amplitude
# - 
#   name: geom_model_gaussian2_phase
#   datatype: float32
#   description: Phase of Gaussian 2 component
#   meta:
#     ucd: time.phase
# - 
#   name: geom_model_gaussian2_phase_error
#   datatype: float32
#   description: "Uncertainty of \\texttt{geomModelGaussian2Phase}"
#   meta:
#     ucd: stat.error;time.phase
# - 
#   name: geom_model_gaussian2_sigma
#   datatype: float32
[...]
#   datatype: float32
#   description: "Secondary eclipse: uncertainty of \\texttt{derivedSecondaryEclDuration}"
#   meta:
#     ucd: stat.error;time.duration
# - 
#   name: derived_secondary_ecl_depth
#   datatype: float32
#   unit: mag
#   description: "Secondary eclipse: depth"
#   meta:
#     ucd: src.var.amplitude
# - 
#   name: derived_secondary_ecl_depth_error
#   datatype: float32
#   unit: mag
#   description: "Secondary eclipse: uncertainty of \\texttt{derivedSecondaryEclDepth}"
#   meta:
#     ucd: stat.error;src.var.amplitude
solution_id,source_id,global_ranking,reference_time,frequency,frequency_error,geom_model_reference_level,geom_model_reference_level_error,geom_model_gaussian1_phase,geom_model_gaussian1_phase_error,geom_model_gaussian1_sigma,geom_model_gaussian1_sigma_error,geom_model_gaussian1_depth,geom_model_gaussian1_depth_error,geom_model_gaussian2_phase,geom_model_gaussian2_phase_error,geom_model_gaussian2_sigma,geom_model_gaussian2_sigma_error,geom_model_gaussian2_depth,geom_model_gaussian2_depth_error,geom_model_cosine_half_period_amplitude,geom_model_cosine_half_period_amplitude_error,geom_model_cosine_half_period_phase,geom_model_cosine_half_period_phase_error,model_type,num_model_parameters,reduced_chi2,derived_primary_ecl_phase,derived_primary_ecl_phase_error,derived_primary_ecl_duration,derived_primary_ecl_duration_error,derived_primary_ecl_depth,derived_primary_ecl_depth_error,derived_secondary_ecl_phase,derived_secondary_ecl_phase_error,derived_secondary_ecl_duration,derived_secondary_ecl_duration_error,derived_secondary_ecl_depth,derived_secondary_ecl_depth_error
[from data line 183]
375316653866487564,3889807534727174144,0.60848916,2258.2857208710448,3.21732420490463,2.2081877E-5,18.421453,0.0070571243,0.12017015,0.0034914552,0.07411885,0.0045353663,0.3367898,0.031857364,0.6139184,0.0044349185,0.09298955,0.006045029,0.27169967,0.012302453,null,null,null,null,"TWOGAUSSIANS",8,0.90913534,0.12017015,0.0034914552,0.4,0.001474975,0.33077118,0.032791898,0.6139184,0.0044349185,0.4,0.0,0.26568076,0.012909329
375316653866487564,3889830491327228160,0.5365241,2237.009908420964,1.7730147365832138,7.0531646E-6,16.46653,0.0017161609,0.22439145,0.0034504747,0.06585562,0.058054544,0.005197176,0.3916506,null,null,null,null,null,null,0.049122967,0.0023386239,0.22439145,0.0034504747,"ONEGAUSSIAN_WITH_ELLIPSOIDAL",6,3.8279269,0.22439145,0.0034504747,0.3687915,0.32253158,0.10343924,0.39109415,null,null,null,null,null,null
375316653866487564,3889913328361504384,0.56379896,2219.349275185333,3.553385516138237,6.4064014E-5,19.489162,0.0053114407,0.35164496,0.013392123,0.02307247,0.005744995,0.3952978,0.14859408,0.63251173,0.010592829,0.015276904,0.014558358,0.15125453,8742.261,null,null,null,null,"TWOGAUSSIANS",8,1.0141028,0.35164496,0.013392123,0.12920584,0.032171972,0.3952978,0.14859408,0.63251173,0.010592829,0.085550666,0.08152681,0.15125453,8742.261
375316653866487564,3889931543317323648,0.70546496,2234.763456131165,3.007705440938407,1.6889552E-6,14.697443,0.006645389,0.27892902,6.375742E-4,0.053145982,0.010934306,0.17428723,0.1420611,0.7827221,0.006889417,0.051921714,0.0067544663,0.21730798,0.020409489,0.112670965,0.008797844,0.27892902,6.375742E-4,"TWOGAUSSIANS_WITH_ELLIPSOIDAL_ON_ECLIPSE1",9,6.7876453,0.7827221,0.006889417,0.29076162,0.03782501,0.44251633,0.018922636,0.27892902,6.375742E-4,0.2976175,0.061232116,0.39962354,0.14782336
375316653866487564,3889936491119648256,0.52092654,2228.322090688714,2.8859629382708127,2.0695285E-5,9.197138,0.104720615,0.24381486,0.00867281,0.14619125,0.027681043,0.2538639,0.10419413,0.7586712,0.0074026124,0.13419953,0.03690465,0.22035107,0.09523023,null,null,null,null,"TWOGAUSSIANS",8,366.83096,0.24341486,0.007972936,0.4,0.0,0.16650543,0.017811775,0.7596312,0.007014338,0.4,0.0,0.13408189,0.016205968
375316653866487564,3890176631331173376,0.58582,2250.2334959710884,3.563464342943413,1.3553453E-5,12.730508,0.0023189483,0.30981165,0.0023519213,0.05731797,0.005292509,0.04993347,0.005537283,0.82181144,0.014449043,0.021318099,0.019712243,0.022736799,0.0069017787,0.032884303,0.0024276397,0.30981165,0.0023519213,"TWOGAUSSIANS_WITH_ELLIPSOIDAL_ON_ECLIPSE1",9,32.121212,0.30981165,0.0023519213,0.32098064,0.029638052,0.11569816,0.0037437098,0.82181144,0.014081812,0.11938135,0.11038856,0.08812832,0.0050071753
375316653866487564,3890232805208690944,0.603476,2365.340571618838,4.4042120914613525,9.4161505E-6,18.264519,0.0071232817,0.2185383,0.0028910295,0.08278514,0.0032270264,0.39496118,0.013113572,0.72953665,0.0044152257,0.075100884,0.005462563,0.3737174,0.012746708,null,null,null,null,"TWOGAUSSIANS",8,2.3769195,0.2185383,0.0028910295,0.4,0.0,0.39087713,0.013288231,0.72953665,0.0044152257,0.4,0.004508693,0.36963335,0.012977763
375316653866487564,3890250569193106816,0.44724882,2446.0035024053404,2.907704009561352,1.1918544E-4,18.45226,0.10890415,0.15953417,0.035685226,0.06465619,0.020192277,0.0672417,0.029795792,0.57368934,0.0327538,0.22442977,0.097541004,0.20725772,0.10424406,null,null,null,null,"TWOGAUSSIANS",8,9.577823,0.57368934,0.0327538,0.4,0.0,0.16248125,0.014164577,0.17737417,0.04461347,0.36207467,0.113076754,0.06908624,0.019389894
375316653866487564,3890338534418539008,0.48596174,2378.2437434296357,2.876469007076575,3.0773866E-5,16.53966,0.015638698,0.3077282,0.012186017,0.08690884,0.020135976,0.19930461,0.040337022,0.75795436,0.008864777,0.07188867,0.010004206,0.26324612,0.021830935,null,null,null,null,"TWOGAUSSIANS",8,101.24416,0.75795436,0.008864777,0.4,0.022129914,0.2621256,0.02091898,0.3077282,0.012186017,0.4,0.0,0.1981838,0.04127333
375316653866487564,3890429789588622848,0.6182695,2367.922964053532,0.20869159697066644,4.9402646E-5,12.420202,0.004005422,0.3046017,0.0066151833,0.013148882,0.0048798174,0.6219732,2.0222113,0.8056944,0.024068069,0.12509228,0.09935627,0.0112104295,0.064202756,null,null,null,null,"TWOGAUSSIANS",8,39.0862,0.3046017,0.0066151833,0.073633745,0.027326977,0.6219518,2.0222394,0.8056944,0.024068069,0.4,0.093011595,0.011181423,0.06424875
375316653866487564,3890551045105288320,0.5656594,2237.8175885562528,0.9953917440963681,8.5571344E-5,16.373209,0.017557219,0.32312554,0.02153961,0.057585843,0.012688579,0.124386325,0.036899846,0.5716401,0.026695544,0.027361626,0.016064694,0.6170989,0.278017,0.050415322,0.022295935,0.5716401,0.026695544,"TWOGAUSSIANS_WITH_ELLIPSOIDAL_ON_ECLIPSE2",9,44.653275,0.5716401,0.026695544,0.1532251,0.08996229,0.7179407,0.291832,0.32352552,0.022626571,0.3224807,0.07105604,0.12439734,0.036661778
375316653866487564,3890559364457031936,0.61885077,2233.4805373349986,1.8057770771624337,1.8446193E-5,13.108468,0.002346162,0.77365834,0.0039646584,0.037636552,0.006014315,0.17669581,0.0093260845,null,null,null,null,null,null,0.06660872,0.0051816152,0.77365834,0.0039646584,"ONEGAUSSIAN_WITH_ELLIPSOIDAL",6,69.9812,0.77365834,0.0039646584,0.21076469,0.033680163,0.30991316,0.007649817,null,null,null,null,null,null
375316653866487564,3890664677055320064,0.47180003,2344.9946157463883,3.6781354120080723,4.052507E-5,14.090652,0.573658,0.19469006,0.008900781,0.17995046,0.12748758,0.6154556,0.58014476,0.69648015,0.016509412,0.17806214,0.049187202,0.64619666,0.2388058,null,null,null,null,"TWOGAUSSIANS",8,164.46152,0.69712013,0.017643614,0.4,0.0,0.19990769,0.034540717,0.19397005,0.008209158,0.4,0.0,0.16831139,0.029479232
375316653866487564,3890708996823437696,0.4772901,2255.8076703792635,2.0894568207297635,2.4737315E-5,19.181145,0.017799636,0.32702765,0.019089831,0.12446433,0.020166071,0.2052963,0.015453503,0.7909101,0.03333859,0.041948956,0.012011614,0.5719723,0.27826294,null,null,null,null,"TWOGAUSSIANS",8,2.1105409,0.7909101,0.03333859,0.23491415,0.06726504,0.5696841,0.2780201,0.32702765,0.019089831,0.4,0.0,0.20279114,0.013014544
375316653866487564,3890756554995338496,0.5976082,2242.281218758601,1.3715329799838338,8.369717E-5,15.985616,0.003118989,0.4701614,3.9199367E-5,0.025552215,3.827273E-4,0.88353586,0.018370556,0.1335091,0.006279545,0.03172553,0.0062247207,0.05667335,0.005478698,null,null,null,null,"TWOGAUSSIANS",8,17.252502,0.4701614,3.9199367E-5,0.1430924,0.002143273,0.88353586,0.018370556,0.1335091,0.006279545,0.17766297,0.034858435,0.05667335,0.005478698
375316653866487564,3890810843381961472,0.631669,2345.4838069229145,3.560832930036484,1.3035634E-5,14.75509,0.007529119,0.21052754,0.0033109586,0.04024489,0.0056203175,0.277511,0.03171654,0.7002654,0.005238087,0.055337075,0.004024971,0.51738036,0.032751903,0.113540284,0.01533072,0.21052754,0.0033109586,"TWOGAUSSIANS_WITH_ELLIPSOIDAL_ON_ECLIPSE1",9,194.95538,0.70124537,0.004658133,0.30988762,0.022539837,0.74359876,0.031118551,0.21052754,0.0033109586,0.22537138,0.03147378,0.50458205,0.0277333
375316653866487564,3890814103262355200,0.5018987,2349.2418607327695,1.4509793430605016,2.7546157E-5,13.29325,0.012705853,0.31180653,0.00843272,0.12771995,0.025028648,0.046195034,0.012446768,0.8349803,0.026818614,0.119899996,0.05689141,0.018684184,0.012172669,null,null,null,null,"TWOGAUSSIANS",8,24.407116,0.31174654,0.008293175,0.4,0.0,0.039972994,0.003545601,0.8357203,0.02632771,0.4,0.0,0.012508189,0.0031320108
375316653866487564,3890916838879716608,0.49842042,2390.328136673852,3.420490040770321,1.859529E-5,17.819847,0.0125739,0.11058087,0.009225743,0.05975853,0.01612471,0.13152167,0.018262506,0.6281201,0.0066320444,0.076812305,0.011244798,0.24187075,0.02368436,null,null,null,null,"TWOGAUSSIANS",8,13.396428,0.6281201,0.0066320444,0.4,0.0019273508,0.2415911,0.023966428,0.11058087,0.009225743,0.33464777,0.09029838,0.13124202,0.01874104
375316653866487564,3890953603800120576,0.44119316,2382.0766195544984,3.8515574019553696,8.064818E-5,18.321562,0.031203073,0.1507783,0.0055369157,0.07175273,0.013317881,0.124714755,0.026180577,0.6389911,0.020047491,0.11886939,0.054174207,0.12607016,0.02743077,null,null,null,null,"TWOGAUSSIANS",8,6.2731495,0.6389911,0.020047491,0.4,0.0,0.11947448,0.010705165,0.15079829,0.005455518,0.4,0.024199072,0.11815837,0.011669444
375316653866487564,3891154814427590528,0.4496179,1992.260823702099,0.3541438225788583,6.4503576E-5,19.00565,0.0034571285,0.1369781,0.0121806525,0.027315821,0.006527903,0.15505505,0.052056044,0.55929804,0.0015362317,0.025263637,0.0018160556,0.17495646,0.0076136114,null,null,null,null,"TWOGAUSSIANS",8,2.001244,0.55929804,0.0015362317,0.14147636,0.010169911,0.17495646,0.0076136114,0.1369781,0.0121806525,0.1529686,0.03655626,0.15505505,0.052056044
375316653866487564,3891311980167155584,0.4757454,1942.037607139906,0.6063366969521121,6.236371E-6,16.571499,0.0025030484,0.28638822,0.0071772602,0.04206224,0.0073013715,0.07975841,0.0067193345,0.7881422,0.008375087,0.03089401,0.0054140836,0.18931493,0.05227715,null,null,null,null,"TWOGAUSSIANS",8,12.066478,0.7881422,0.008375087,0.17300645,0.03031887,0.18931493,0.05227715,0.28638822,0.0071772602,0.23554854,0.04088768,0.07975841,0.0067193345
375316653866487564,3891315892881613696,0.5168783,1926.2765142158771,2.7527247316942054,2.4638064E-5,15.943993,0.01793683,0.22951078,0.004549088,0.07863235,0.006922809,0.47123688,0.01961227,0.72643787,0.008106014,0.07160821,0.01190638,0.3982056,0.03547333,null,null,null,null,"TWOGAUSSIANS",8,85.3793,0.22951078,0.004549088,0.4,0.0,0.46804336,0.018457832,0.72643787,0.008106014,0.4,0.039346606,0.39501208,0.03607561
375316653866487564,3891365611423079168,0.5017908,1945.5575684407913,4.3055381405209285,2.2556542E-5,18.908987,0.015029384,0.19353808,0.008818052,0.080291376,0.009866297,0.19991645,0.018014744,0.69166553,0.006455648,0.09653807,0.012562076,0.1681634,0.014994573,null,null,null,null,"TWOGAUSSIANS",8,2.1292574,0.19353808,0.008818052,0.4,0.0,0.1934763,0.015267544,0.69166553,0.006455648,0.4,0.0,0.16172276,0.012170905
375316653866487564,3891447769853259008,0.5312012,1972.275279560727,1.5427753864823561,3.796836E-5,17.285025,0.0014922112,0.58751535,0.011213741,0.026569646,0.0065176473,0.26222876,0.25196546,null,null,null,null,null,null,null,null,null,null,"ONEGAUSSIAN",5,3.652672,0.58751535,0.011213741,0.14879002,0.036498826,0.26222876,0.0,null,null,null,null,null,null
375316653866487564,3891885822157269632,0.6122424,1961.7079426633406,4.134239228975963,5.7706643E-6,16.624113,0.007819096,0.16264407,0.0012807599,0.048566535,0.0030955055,0.2288722,0.017567066,0.66513026,0.002954471,0.047478136,0.005933572,0.14686127,0.016709939,0.09790153,0.009952035,0.16264407,0.0012807599,"TWOGAUSSIANS_WITH_ELLIPSOIDAL_ON_ECLIPSE1",9,10.692309,0.16264407,0.0012807599,0.2719726,0.017334832,0.42467433,0.0060711666,0.66513026,0.002954471,0.26587757,0.033228006,0.34261563,0.009397256
375316653866487564,3892038581258505600,0.5147736,1950.5626511842227,0.5382156690187196,1.562437E-5,17.762691,0.005497244,0.11536131,0.0071104756,0.012043797,0.004616467,0.19694418,0.016094932,0.6195503,0.015883515,0.013523012,0.010000011,0.45764616,0.15512204,null,null,null,null,"TWOGAUSSIANS",8,17.962027,0.6195503,0.015883515,0.07572887,0.05600006,0.45764616,0.15512204,0.11536131,0.0071104756,0.06744526,0.025852213,0.19694418,0.016094932
375316653866487564,3892084696323140736,0.6568515,2018.6029675837617,2.161510751900847,2.0832626E-6,17.357151,0.0063238316,0.17193526,0.002253923,0.040042255,0.0038948164,0.17377214,0.019195752,0.6704865,6.0353935E-4,0.037358698,9.473476E-4,0.6963529,0.013485395,0.017162003,0.00755104,0.17193526,0.002253923,"TWOGAUSSIANS_WITH_ELLIPSOIDAL_ON_ECLIPSE1",9,4.5551414,0.6704965,6.031489E-4,0.20920871,0.0053051463,0.7306741,0.0062749553,0.17193526,0.002253923,0.22423662,0.021810971,0.20809615,0.013964893
375316653866487564,3892239727462940160,0.4491836,1974.6506057955487,4.842870038573981,9.158622E-5,16.89759,0.011378401,0.23664556,0.0065323487,0.031152802,0.00593982,0.50637305,0.027532015,0.7703999,0.011227986,0.013664451,0.009956526,0.277255,0.13762951,null,null,null,null,"TWOGAUSSIANS",8,22.365,0.23664556,0.0065323487,0.17445569,0.03326299,0.50637305,0.027532015,0.7703999,0.011227986,0.07652093,0.055756543,0.277255,0.13762951
375316653866487564,3892439976017998976,0.46900612,2029.6296947555165,0.023425923210213126,9.804432E-6,16.087334,0.0010074791,0.5296687,0.012151272,0.09887558,0.007957868,0.054400284,0.0052407174,0.92711055,0.0021872297,0.0054476648,0.0035271416,0.010600698,0.004030589,null,null,null,null,"TWOGAUSSIANS",8,4.2341228,0.5296687,0.012151272,0.4,0.0,0.054399982,0.0052408343,0.92711055,0.0021872297,0.030506924,0.019751994,0.010617263,0.0040328614
375316653866487564,3892548449711669888,0.61369234,2040.7863346389813,2.475849235143621,4.9363202E-6,13.110813,0.0011752658,0.7230057,0.0010045343,0.052502517,0.002208977,0.24076633,0.011524807,null,null,null,null,null,null,0.061648276,0.0016761115,0.7230057,0.0010045343,"ONEGAUSSIAN_WITH_ELLIPSOIDAL",6,27.496435,0.7230057,0.0010045343,0.2940141,0.012370271,0.36405998,0.010937789,null,null,null,null,null,null
375316653866487564,3892604181207276800,0.6039601,2053.4392425853025,3.0664700957158053,6.7905353E-6,13.503788,0.03325759,0.18071263,0.0041607465,0.08975313,0.012201412,0.2552814,0.029813316,0.6796413,0.008296653,0.09276518,0.023237862,0.31372994,0.04166072,null,null,null,null,"TWOGAUSSIANS",8,154.03828,0.6796413,0.008296653,0.4,0.0,0.3006481,0.058900725,0.18071263,0.0041607465,0.4,0.0,0.24219975,0.010835134
375316653866487564,3892733644405486592,0.43613,1994.9101882624145,2.2400473625867705,8.533322E-5,17.93425,0.012020111,0.43044296,0.019915618,0.1861539,0.05525486,0.06058095,0.008651838,0.84309286,0.005272618,0.021187462,0.006488828,0.040055074,0.0294081,null,null,null,null,"TWOGAUSSIANS",8,3.5447414,0.43044296,0.019915618,0.4,0.0,0.0572873,0.007091577,0.84309286,0.005272618,0.11864979,0.036337435,0.042370547,0.029533166
375316653866487564,3892760273202823552,0.52175885,1996.1670839687463,1.0174602925403688,2.48787E-5,18.69249,0.0044026827,0.19773372,0.032585796,0.05403909,0.028455496,0.051969737,0.05535631,0.674574,0.004050057,0.019616634,0.0038487585,0.51504093,0.15262571,null,null,null,null,"TWOGAUSSIANS",8,3.6872854,0.674574,0.004050057,0.10985314,0.021553047,0.51504093,0.15262571,0.19773372,0.032585796,0.3026189,0.15935078,0.051969737,0.05535631
375316653866487564,3892796866324555392,0.56910944,1972.5688434913377,0.980186107567924,2.7799739E-5,18.766289,0.0036548965,0.17123996,0.008350817,0.039868377,0.010827795,0.09032917,0.017495422,0.6694806,0.0011807554,0.027803747,0.0013164649,0.77575845,0.04070582,null,null,null,null,"TWOGAUSSIANS",8,3.6678545,0.6694806,0.0011807554,0.15570098,0.007372203,0.77575845,0.04070582,0.17123996,0.008350817,0.2232629,0.06063565,0.09032917,0.017495422
375316653866487564,3892806074733970176,0.49271137,1976.8406387284554,0.05997583008623152,2.126698E-5,19.373276,0.015399597,0.32799894,0.0051103337,0.08505563,0.006320495,0.3836513,0.016194815,0.8076303,0.0054504573,0.060939986,0.018830424,0.47260582,0.6394111,null,null,null,null,"TWOGAUSSIANS",8,2.7999973,0.8076303,0.0054504573,0.34126392,0.10545038,0.47117066,0.64106655,0.32799894,0.0051103337,0.4,0.0,0.3822161,0.014383789
