Gaia/vari_eclipsing_binary/VariEclipsingBinary_686210-686314.csv
# %ECSV 1.0
# ---
# delimiter: ','
# meta: !!omap
# - RELEASE: Gaia DR3
# - TABLE: vari_eclipsing_binary
# - DESCRIPTION: >
#     This table describes the properties of the eclipsing binaries resulting from the variability analysis. 
# - CITATION: >
#     How to cite and acknowledge Gaia: 
#     https://gea.esac.esa.int/archive/documentation/credits.html 
# - KNOWN_ISSUES: >
#     Known issues: 
#     https://www.cosmos.esa.int/web/gaia-users/known-issues 
# - DOCUMENTATION: >
#     Tutorials and documentation: 
#     https://www.cosmos.esa.int/web/gaia-users/archive 
# datatype:
# - 
#   name: solution_id
#   datatype: int64
#   description: Solution Identifier
#   meta:
#     ucd: meta.version
# - 
#   name: source_id
#   datatype: int64
#   description: Unique source identifier
#   meta:
#     ucd: meta.id;meta.main
# - 
#   name: global_ranking
#   datatype: float32
#   description: Number between 0 (worst) and 1 (best)
#   meta:
#     ucd: stat.param
# - 
#   name: reference_time
#   datatype: float64
#   unit: d
#   description: Reference time used for the geometric model fit
#   meta:
#     ucd: time.epoch
# - 
#   name: frequency
#   datatype: float64
#   unit: d**-1
#   description: Frequency of geometric model of the eclipsing binary light curve
#   meta:
#     ucd: src.orbital
# - 
#   name: frequency_error
#   datatype: float32
#   unit: d**-1
#   description: "Uncertainty of \\texttt{frequency}"
#   meta:
#     ucd: stat.error
# - 
#   name: geom_model_reference_level
#   datatype: float32
#   unit: mag
#   description: Magnitude reference level of geometric model
#   meta:
#     ucd: phot.mag;em.opt
# - 
#   name: geom_model_reference_level_error
#   datatype: float32
#   unit: mag
#   description: "Uncertainty of \\texttt{geomModelReferenceLevel}"
#   meta:
#     ucd: stat.error;phot.mag;em.opt
# - 
#   name: geom_model_gaussian1_phase
#   datatype: float32
#   description: Phase of the Gaussian 1 component
#   meta:
#     ucd: time.phase
# - 
#   name: geom_model_gaussian1_phase_error
#   datatype: float32
#   description: "Uncertainty of \\texttt{geomModelGaussian1Phase}"
#   meta:
#     ucd: stat.error;time.phase
# - 
#   name: geom_model_gaussian1_sigma
#   datatype: float32
#   description: "Standard deviation [phase] of Gaussian 1 component"
#   meta:
#     ucd: stat.stdev
# - 
#   name: geom_model_gaussian1_sigma_error
#   datatype: float32
#   description: "Uncertainty of \\texttt{geomModelGaussian1Sigma}"
#   meta:
#     ucd: stat.error
# - 
#   name: geom_model_gaussian1_depth
#   datatype: float32
#   unit: mag
#   description: Magnitude depth of Gaussian 1 component
#   meta:
#     ucd: src.var.amplitude
# - 
#   name: geom_model_gaussian1_depth_error
#   datatype: float32
#   unit: mag
#   description: "Uncertainty of \\texttt{geomModelGaussian1Depth}"
#   meta:
#     ucd: stat.error;src.var.amplitude
# - 
#   name: geom_model_gaussian2_phase
#   datatype: float32
#   description: Phase of Gaussian 2 component
#   meta:
#     ucd: time.phase
# - 
#   name: geom_model_gaussian2_phase_error
#   datatype: float32
#   description: "Uncertainty of \\texttt{geomModelGaussian2Phase}"
#   meta:
#     ucd: stat.error;time.phase
# - 
#   name: geom_model_gaussian2_sigma
#   datatype: float32
[...]
#   datatype: float32
#   description: "Secondary eclipse: uncertainty of \\texttt{derivedSecondaryEclDuration}"
#   meta:
#     ucd: stat.error;time.duration
# - 
#   name: derived_secondary_ecl_depth
#   datatype: float32
#   unit: mag
#   description: "Secondary eclipse: depth"
#   meta:
#     ucd: src.var.amplitude
# - 
#   name: derived_secondary_ecl_depth_error
#   datatype: float32
#   unit: mag
#   description: "Secondary eclipse: uncertainty of \\texttt{derivedSecondaryEclDepth}"
#   meta:
#     ucd: stat.error;src.var.amplitude
solution_id,source_id,global_ranking,reference_time,frequency,frequency_error,geom_model_reference_level,geom_model_reference_level_error,geom_model_gaussian1_phase,geom_model_gaussian1_phase_error,geom_model_gaussian1_sigma,geom_model_gaussian1_sigma_error,geom_model_gaussian1_depth,geom_model_gaussian1_depth_error,geom_model_gaussian2_phase,geom_model_gaussian2_phase_error,geom_model_gaussian2_sigma,geom_model_gaussian2_sigma_error,geom_model_gaussian2_depth,geom_model_gaussian2_depth_error,geom_model_cosine_half_period_amplitude,geom_model_cosine_half_period_amplitude_error,geom_model_cosine_half_period_phase,geom_model_cosine_half_period_phase_error,model_type,num_model_parameters,reduced_chi2,derived_primary_ecl_phase,derived_primary_ecl_phase_error,derived_primary_ecl_duration,derived_primary_ecl_duration_error,derived_primary_ecl_depth,derived_primary_ecl_depth_error,derived_secondary_ecl_phase,derived_secondary_ecl_phase_error,derived_secondary_ecl_duration,derived_secondary_ecl_duration_error,derived_secondary_ecl_depth,derived_secondary_ecl_depth_error
[from data line 38]
375316653866487564,6036058393983194496,0.5825534,2100.7205416957827,3.0104272383110997,7.580727E-6,16.21759,0.023627767,0.22151965,0.002069576,0.10542454,0.0099627115,0.23664807,0.0217275,0.7106288,0.0019840237,0.11348806,0.010516512,0.24298285,0.02009291,null,null,null,null,"TWOGAUSSIANS",8,10.0402355,0.7106288,0.0019840237,0.4,0.0,0.21150677,0.00843773,0.22153965,0.0020617456,0.4,0.0,0.20519726,0.0069030602
375316653866487564,6036061864312413184,0.48119572,2122.205953317662,3.615506734408118,2.1055837E-5,19.41166,0.0818029,0.28739753,0.00758675,0.12393812,0.040394917,0.23712663,0.068775564,0.78495115,0.008301166,0.10531361,0.024656635,0.29682598,0.08140893,null,null,null,null,"TWOGAUSSIANS",8,1.9736327,0.78495115,0.008304107,0.4,0.0,0.24973503,0.046549935,0.28739753,0.0075906846,0.4,0.0,0.18990424,0.02005272
375316653866487564,6036065403369646592,0.46013558,2091.029803597567,1.7191376039656443,4.1639825E-5,15.2696085,1.0603805,0.22186676,0.01668607,0.159401,0.09363307,0.3709094,0.6221485,0.73098177,0.01537298,0.19996858,0.19457144,0.45205364,1.0337933,null,null,null,null,"TWOGAUSSIANS",8,144.45207,0.73281175,0.012644605,0.4,0.0,0.15525398,0.021128325,0.21679676,0.009944285,0.4,0.0,0.10861702,0.016855607
375316653866487564,6036066434161803904,0.6111241,2067.656540273889,1.7952999308267517,7.0636006E-6,17.165964,0.003977205,0.22824982,7.884839E-4,0.025200354,9.4505574E-4,0.57469785,0.025476916,0.7263034,0.0027374844,0.024527619,0.0021667,0.51396835,0.014175997,0.01929536,0.006048148,0.22824982,7.884839E-4,"TWOGAUSSIANS_WITH_ELLIPSOIDAL_ON_ECLIPSE1",9,16.30584,0.22824982,7.884839E-4,0.14112198,0.0052923122,0.6132885,0.027429515,0.7263134,0.0027288583,0.13735466,0.012133521,0.55255324,0.015004378
375316653866487564,6036073615347033856,0.5914581,2098.0645241996112,2.5414338191465062,1.412891E-5,14.118914,0.021465058,0.22530034,0.003131443,0.06381182,0.011229433,0.15135811,0.04151316,0.7151596,0.008727783,0.037421934,0.009890026,0.174271,0.044555075,0.12669136,0.022273116,0.22530034,0.003131443,"TWOGAUSSIANS_WITH_ELLIPSOIDAL_ON_ECLIPSE1",9,361.50577,0.7165596,0.007777425,0.20956282,0.055384144,0.42669848,0.012709479,0.22530034,0.003131443,0.35734618,0.06288482,0.40467095,0.011169997
375316653866487564,6036073782839545728,0.5611033,2099.805860548607,1.5401371024981318,2.348372E-5,18.69419,0.005102751,0.26554963,0.009622925,0.024336979,0.010699633,0.0728518,0.015875136,0.7457008,0.012173205,0.03960047,0.007978613,0.4605246,0.031795718,null,null,null,null,"TWOGAUSSIANS",8,2.4936345,0.7457008,0.012173205,0.22176264,0.044680227,0.4605246,0.031795718,0.26554963,0.009622925,0.13628708,0.05991794,0.0728518,0.015875136
375316653866487564,6036075329027998720,0.4311063,2108.484332756302,0.8898031864580813,6.9654576E-5,19.373354,0.00906383,0.276384,0.010404921,0.04865187,0.012901791,0.21650814,0.12635131,0.7837968,0.01838678,0.09531768,0.017852351,0.08401339,0.0154825775,null,null,null,null,"TWOGAUSSIANS",8,3.278515,0.276384,0.010404921,0.27245048,0.07225003,0.21607868,0.12662812,0.7837968,0.01838678,0.4,0.0,0.08358376,0.015382123
375316653866487564,6036076153661758208,0.63115335,2107.6783780479764,2.3340223509071447,3.6104066E-6,17.895298,0.011388331,0.30882037,5.53304E-4,0.05471138,0.0020786321,0.5885229,0.029454833,0.80714446,0.0016317527,0.04885309,0.0022305879,0.4957694,0.026204152,0.06754107,0.0148936035,0.30882037,5.53304E-4,"TWOGAUSSIANS_WITH_ELLIPSOIDAL_ON_ECLIPSE1",9,4.966198,0.30882037,5.53304E-4,0.30638373,0.01164034,0.7235863,0.023140864,0.80722445,0.0015556873,0.27357727,0.012491292,0.6308186,0.009219988
375316653866487564,6036084193840902400,0.59134746,2065.3730538291884,2.5614324853126074,8.964442E-6,19.409615,0.014171988,0.25337082,0.0021688463,0.04330641,0.0026583727,0.52113515,0.03982792,0.7504589,0.0034795648,0.04085215,0.0040292065,0.4946751,0.051910512,0.1214537,0.017790847,0.25337082,0.0021688463,"TWOGAUSSIANS_WITH_ELLIPSOIDAL_ON_ECLIPSE1",9,2.6411645,0.25337082,0.0021688463,0.24251589,0.014886887,0.7640423,0.028380716,0.75063884,0.0032368999,0.22877204,0.022563556,0.7375059,0.05047498
375316653866487564,6036084438664790912,0.5328871,2086.8504776258083,1.6440634514652388,2.8589862E-5,16.392155,0.019215943,0.2586345,0.010066799,0.044863842,0.0073655187,0.22842841,0.05605759,0.75106543,0.001681857,0.04696593,0.008541487,0.9028399,0.17132184,0.013898395,0.02800998,0.2586345,0.010066799,"TWOGAUSSIANS_WITH_ELLIPSOIDAL_ON_ECLIPSE1",9,175.54605,0.7511054,0.0016461936,0.26300922,0.047832325,0.93057376,0.19259436,0.2586345,0.010066799,0.2512375,0.041246906,0.25622475,0.02146669
375316653866487564,6036085190277052928,0.6332047,2068.250886385171,1.029164384980621,3.9177626E-6,15.650296,0.0051769344,0.3058284,0.0024979822,0.06973243,0.0053203856,0.07411129,0.012101198,0.7976357,7.8012527E-4,0.05336491,0.0016334171,0.27756032,0.011611311,0.01741873,0.006558535,0.3058284,0.0024979822,"TWOGAUSSIANS_WITH_ELLIPSOIDAL_ON_ECLIPSE1",9,9.598336,0.7978557,7.331086E-4,0.2988435,0.0091471365,0.3121916,0.0065160417,0.3058284,0.0024979822,0.3905016,0.029119952,0.10883231,0.005405997
375316653866487564,6036089042869764096,0.50707066,2092.8169873872966,1.7156666477940627,4.6047222E-5,17.081526,0.005409319,0.37454242,0.005835853,0.043254446,0.004152499,0.37602338,0.0339306,0.7439435,0.014372108,0.024985665,0.022977827,0.2322344,6.5752786E9,null,null,null,null,"TWOGAUSSIANS",8,41.69824,0.37454242,0.005835853,0.24222489,0.023253994,0.37602338,0.0339306,0.7439435,0.014372108,0.13991973,0.12867583,0.2322344,6.5752786E9
375316653866487564,6036091134504245504,0.5750947,2021.6296507602385,3.314819235646231,1.1353866E-5,18.774614,0.009956936,0.24357338,0.0031553202,0.037652895,0.0051995185,0.2598765,0.027732257,0.74054056,0.004795942,0.041007236,0.0069446727,0.19875105,0.024404336,0.120835684,0.0142911365,0.24357338,0.0031553202,"TWOGAUSSIANS_WITH_ELLIPSOIDAL_ON_ECLIPSE1",9,3.7557476,0.24357338,0.0031553202,0.21085621,0.029117305,0.50154775,0.022644768,0.7409606,0.0041257,0.22964053,0.038890164,0.4403468,0.016331255
375316653866487564,6036091207534112640,0.5745183,2037.6182904570212,0.7510976438399135,8.210126E-6,15.607325,0.0101765795,0.32426915,0.0013405847,0.09966437,0.0053875386,0.19871129,0.008690457,0.8207025,0.0026052732,0.11140643,0.0069614686,0.18652996,0.009112683,null,null,null,null,"TWOGAUSSIANS",8,13.635511,0.32426915,0.0013447328,0.4,0.0,0.17645556,0.0044832374,0.8207025,0.0026052732,0.4,0.0,0.16425969,0.004817224
375316653866487564,6036091894728889344,0.49447003,2042.2951009758444,2.75502409594388,2.7929938E-5,14.303199,0.030659886,0.24508409,0.00597767,0.107046336,0.015735473,0.1507805,0.029727641,0.69328755,0.004931911,0.12490569,0.014678529,0.22845815,0.028700067,null,null,null,null,"TWOGAUSSIANS",8,252.32138,0.69328755,0.004931911,0.4,0.0,0.20632169,0.0112288995,0.2458641,0.0054156934,0.4,0.0,0.1290028,0.0143136345
375316653866487564,6036093956313250944,0.5724262,2053.3226424773584,0.14329482229008625,1.5555186E-6,17.379389,0.0014956058,0.49891552,1.5864434E-6,0.002351612,1.0394332E-5,1.2621012,0.00887521,0.8705746,5.903284E-5,0.015289897,4.8199884E-4,0.09712428,0.0011022876,null,null,null,null,"TWOGAUSSIANS",8,3.440311,0.49891552,1.5864434E-6,0.013169028,5.820826E-5,1.2621012,0.00887521,0.8705746,5.903284E-5,0.08562343,0.0026991935,0.09712428,0.0011022876
375316653866487564,6036096808171558400,0.63553226,2060.3204454842153,2.366647099961264,5.1788197E-6,14.719008,0.0085109295,0.25548542,0.0010045371,0.060547587,0.0042970986,0.14428996,0.018087752,0.75762653,0.0028372067,0.060117383,0.005313275,0.13390477,0.018004654,0.07718437,0.009703283,0.25548542,0.0010045371,"TWOGAUSSIANS_WITH_ELLIPSOIDAL_ON_ECLIPSE1",9,26.561686,0.25548542,0.0010045371,0.3390665,0.024063751,0.29860976,0.0057009016,0.75762653,0.0028372067,0.33665735,0.029754339,0.28819665,0.0047102347
375316653866487564,6036097426646864000,0.5036149,2074.6355324602264,1.9752878884272056,1.4886309E-5,15.961575,0.0037170318,0.22335209,0.0034444311,0.060127217,0.0036003927,0.14962348,0.011205769,0.723235,0.007136975,0.05077301,0.0070854803,0.21086851,0.030657254,null,null,null,null,"TWOGAUSSIANS",8,27.985748,0.723235,0.007136975,0.28432885,0.03967869,0.21085513,0.030663656,0.22335209,0.0034444311,0.33671242,0.020162199,0.14961012,0.011207482
375316653866487564,6036097942042991488,0.5153197,2047.5506227038786,0.8372901810169987,5.896505E-5,16.46092,0.0013647967,0.32145032,0.0022651188,0.026523883,0.00622575,0.21926367,0.09796625,0.8330992,0.032447867,0.023465674,0.01979704,0.106530935,65.27344,null,null,null,null,"TWOGAUSSIANS",8,6.343497,0.32145032,0.0022651188,0.14853373,0.0348642,0.21926367,0.09796625,0.8330992,0.032447867,0.13140778,0.110863425,0.106530935,65.27344
375316653866487564,6036098148201444352,0.55546457,2058.2750524273997,2.9996942027496014,2.2634134E-5,17.1611,0.015428607,0.24551347,0.0051731323,0.03591798,0.014442047,0.070842445,0.041142136,0.7573477,0.017135616,0.0345834,0.023248825,0.19497803,0.04680745,0.1279397,0.017690502,0.24551347,0.0051731323,"TWOGAUSSIANS_WITH_ELLIPSOIDAL_ON_ECLIPSE1",9,28.72026,0.7573477,0.017135616,0.19366705,0.13019343,0.44944528,0.034914326,0.24551347,0.0051731323,0.20114067,0.080875464,0.32672185,0.020528775
375316653866487564,6036099660029771776,0.60087025,2076.025950084165,2.375845488803325,6.0937145E-6,15.6828575,0.0061269077,0.26786593,0.0017138899,0.092044085,0.004677005,0.12565407,0.005821593,0.75762254,0.0014542728,0.09730865,0.0038560284,0.17825107,0.0056000673,null,null,null,null,"TWOGAUSSIANS",8,6.5999937,0.75762254,0.0014542728,0.4,0.0,0.17029743,0.0031566017,0.26786593,0.0017138899,0.4,0.0,0.11770106,0.0038767369
375316653866487564,6036105879127567872,0.4185858,2079.270308126226,0.04503693390661815,3.823505E-5,17.48174,0.022373674,0.41193485,0.010502989,0.106152,0.02075469,0.120587945,0.028790671,0.8713679,0.032912485,0.09210252,0.027226917,0.053564046,0.025378145,null,null,null,null,"TWOGAUSSIANS",8,8.807827,0.41193485,0.010501202,0.4,0.0,0.11661304,0.023365699,0.8713679,0.032912485,0.4,0.0,0.04959952,0.016601525
375316653866487564,6036110002297379072,0.5925021,2034.5929244189404,3.1983128611665785,1.6419717E-5,18.782846,0.013629422,0.315001,0.003066636,0.03811932,0.0071149557,0.36611646,0.04128615,0.81323963,0.0075582815,0.047748584,0.008581881,0.4887816,0.15402621,0.1402289,0.018558241,0.315001,0.003066636,"TWOGAUSSIANS_WITH_ELLIPSOIDAL_ON_ECLIPSE1",9,3.9134269,0.8133996,0.007102284,0.26739207,0.04805854,0.7692078,0.15745512,0.315001,0.003066636,0.2134682,0.03984375,0.6465738,0.033543307
375316653866487564,6036111548499600000,0.4653848,2068.248386281099,3.396320862002878,2.2004255E-5,19.000788,0.026153177,0.2967312,0.0077700657,0.09238794,0.021333598,0.17832372,0.020397654,0.79298383,0.0074055945,0.10021712,0.016437924,0.19861138,0.02951322,null,null,null,null,"TWOGAUSSIANS",8,3.5441442,0.79298383,0.0074055945,0.4,0.0,0.18628505,0.02601737,0.2967312,0.0077700657,0.4,0.0,0.1659988,0.018426467
375316653866487564,6036118587939488384,0.529332,2085.1988604174207,3.1501162489609214,1.2123739E-5,19.31947,0.013487199,0.19876137,0.0029575427,0.078050315,0.0054514185,0.3920278,0.020897925,0.7013548,0.005042011,0.08117883,0.0065933713,0.453413,0.022856696,null,null,null,null,"TWOGAUSSIANS",8,2.581485,0.7013548,0.005042011,0.4,0.0,0.4476189,0.022790425,0.19876137,0.0029575427,0.4,0.0,0.3862337,0.02122718
375316653866487564,6036119653091507584,0.48316932,2092.9242784638263,3.4151755661705296,1.446132E-5,18.682943,0.03157213,0.24160236,0.00511529,0.09332496,0.01608399,0.21877773,0.026487099,0.7611027,0.0046356483,0.10069833,0.015463985,0.22188719,0.029116763,null,null,null,null,"TWOGAUSSIANS",8,5.369404,0.7611027,0.004634808,0.4,0.0,0.20966591,0.019858407,0.24160236,0.0051263548,0.4,0.0,0.20655893,0.016852228
375316653866487564,6036120963067984512,0.5305716,2061.847736238041,2.375363198740323,1.1951561E-5,15.563647,0.012825455,0.21796986,0.0065296823,0.09902292,0.010189629,0.21419986,0.014886844,0.7228289,0.0032904637,0.092637114,0.0063637886,0.2204283,0.0122532705,null,null,null,null,"TWOGAUSSIANS",8,58.56966,0.7228289,0.0032904637,0.4,0.0,0.20691387,0.006928721,0.21796986,0.0065296823,0.4,0.0,0.20068435,0.010742586
375316653866487564,6036124326016127616,0.4937871,2069.6764544145503,1.74453319947581,1.0552857E-5,18.19885,0.002581246,0.42197868,0.015941532,0.035928603,0.010063553,0.02646914,0.0065316553,0.7130804,0.005900143,0.0076545193,0.0018671417,0.52955073,0.31853372,null,null,null,null,"TWOGAUSSIANS",8,2.4461198,0.7130804,0.005900143,0.04286531,0.010455994,0.52955073,0.31853372,0.42197868,0.015941532,0.20120019,0.056355897,0.02646914,0.0065316553
375316653866487564,6036128934516457728,0.5262186,2070.405066042218,3.5382599561308767,1.3152229E-5,19.835642,0.012283504,0.25498122,0.008367638,0.077619195,0.0071619195,0.53680146,0.056793626,0.7454681,0.004319529,0.08008242,0.0066017797,0.53843707,0.028966494,null,null,null,null,"TWOGAUSSIANS",8,1.8477972,0.7454681,0.004319529,0.4,0.0,0.53261906,0.030019464,0.25498122,0.008367638,0.4,0.0,0.53098345,0.058226958
375316653866487564,6036133813599848448,0.49489138,2098.6699496665583,1.741968441967899,5.165852E-5,19.547325,0.038445316,0.2286208,0.007217926,0.10066518,0.016449643,0.31682214,0.0413642,0.7196141,0.014253909,0.11112382,0.034134794,0.18202095,0.034716245,null,null,null,null,"TWOGAUSSIANS",8,2.164232,0.2286308,0.007212071,0.4,0.0,0.29077834,0.036882047,0.7196141,0.014253909,0.4,0.0,0.15596464,0.030777508
375316653866487564,6036139276809691008,0.46634895,2080.406284088412,3.070698099918462,3.6274552E-5,17.178596,0.015753673,0.08609132,0.17654347,0.028720414,0.19523793,0.007877557,1.5818757,0.55461156,0.010338856,0.040559217,0.01002669,0.20292081,0.03296052,null,null,null,null,"TWOGAUSSIANS",8,36.497326,0.55461156,0.010338856,0.2271316,0.056149464,0.20292081,0.03371481,0.08609132,0.17654347,0.16083433,0.36283293,0.007877557,1.5819091
375316653866487564,6036140170162909184,0.5422217,2105.5386132128815,3.1822865460484873,7.4933887E-6,17.89449,0.14098586,0.31468278,0.002306007,0.043087132,0.055984218,0.20260145,0.14453773,0.8108832,0.008442024,0.04061625,0.050092667,0.09668657,0.24582753,0.12375539,0.12184851,0.31468278,0.002306007,"TWOGAUSSIANS_WITH_ELLIPSOIDAL_ON_ECLIPSE1",9,8.4204,0.31468278,0.002306007,0.24128795,0.15953805,0.45011207,0.12329131,0.81183326,0.006869601,0.22745101,0.17220724,0.34409142,0.02568258
375316653866487564,6036140341950399744,0.4989786,2083.9819742912887,3.722457338902404,4.3558546E-5,18.38587,0.005402344,0.26985842,0.00628817,0.039794877,0.017854974,0.12397097,0.026191713,0.7636031,0.03229709,0.02790926,0.026295312,0.052982792,0.047445815,0.093523376,0.011994835,0.26985842,0.00628817,"TWOGAUSSIANS_WITH_ELLIPSOIDAL_ON_ECLIPSE1",9,8.759126,0.26985842,0.00628817,0.2228513,0.09998786,0.3110175,0.02000989,0.7647231,0.030077545,0.15629186,0.14725375,0.23979203,0.045178965
375316653866487564,6036143537404449024,0.4878787,2107.500274698424,1.181420509598701,1.5446071E-4,18.324667,0.007996956,0.24387646,0.027555149,0.025606843,0.026427416,0.1556989,0.13118003,0.7276296,0.04042968,0.022021241,0.015132973,0.49236062,0.35957736,null,null,null,null,"TWOGAUSSIANS",8,13.076869,0.7276296,0.04042968,0.123318955,0.08474465,0.49236062,0.35957736,0.24387646,0.027555149,0.14339831,0.14799352,0.1556989,0.13118003
