Gaia/vari_eclipsing_binary/VariEclipsingBinary_477700-477728.csv
# %ECSV 1.0
# ---
# delimiter: ','
# meta: !!omap
# - RELEASE: Gaia DR3
# - TABLE: vari_eclipsing_binary
# - DESCRIPTION: >
#     This table describes the properties of the eclipsing binaries resulting from the variability analysis. 
# - CITATION: >
#     How to cite and acknowledge Gaia: 
#     https://gea.esac.esa.int/archive/documentation/credits.html 
# - KNOWN_ISSUES: >
#     Known issues: 
#     https://www.cosmos.esa.int/web/gaia-users/known-issues 
# - DOCUMENTATION: >
#     Tutorials and documentation: 
#     https://www.cosmos.esa.int/web/gaia-users/archive 
# datatype:
# - 
#   name: solution_id
#   datatype: int64
#   description: Solution Identifier
#   meta:
#     ucd: meta.version
# - 
#   name: source_id
#   datatype: int64
#   description: Unique source identifier
#   meta:
#     ucd: meta.id;meta.main
# - 
#   name: global_ranking
#   datatype: float32
#   description: Number between 0 (worst) and 1 (best)
#   meta:
#     ucd: stat.param
# - 
#   name: reference_time
#   datatype: float64
#   unit: d
#   description: Reference time used for the geometric model fit
#   meta:
#     ucd: time.epoch
# - 
#   name: frequency
#   datatype: float64
#   unit: d**-1
#   description: Frequency of geometric model of the eclipsing binary light curve
#   meta:
#     ucd: src.orbital
# - 
#   name: frequency_error
#   datatype: float32
#   unit: d**-1
#   description: "Uncertainty of \\texttt{frequency}"
#   meta:
#     ucd: stat.error
# - 
#   name: geom_model_reference_level
#   datatype: float32
#   unit: mag
#   description: Magnitude reference level of geometric model
#   meta:
#     ucd: phot.mag;em.opt
# - 
#   name: geom_model_reference_level_error
#   datatype: float32
#   unit: mag
#   description: "Uncertainty of \\texttt{geomModelReferenceLevel}"
#   meta:
#     ucd: stat.error;phot.mag;em.opt
# - 
#   name: geom_model_gaussian1_phase
#   datatype: float32
#   description: Phase of the Gaussian 1 component
#   meta:
#     ucd: time.phase
# - 
#   name: geom_model_gaussian1_phase_error
#   datatype: float32
#   description: "Uncertainty of \\texttt{geomModelGaussian1Phase}"
#   meta:
#     ucd: stat.error;time.phase
# - 
#   name: geom_model_gaussian1_sigma
#   datatype: float32
#   description: "Standard deviation [phase] of Gaussian 1 component"
#   meta:
#     ucd: stat.stdev
# - 
#   name: geom_model_gaussian1_sigma_error
#   datatype: float32
#   description: "Uncertainty of \\texttt{geomModelGaussian1Sigma}"
#   meta:
#     ucd: stat.error
# - 
#   name: geom_model_gaussian1_depth
#   datatype: float32
#   unit: mag
#   description: Magnitude depth of Gaussian 1 component
#   meta:
#     ucd: src.var.amplitude
# - 
#   name: geom_model_gaussian1_depth_error
#   datatype: float32
#   unit: mag
#   description: "Uncertainty of \\texttt{geomModelGaussian1Depth}"
#   meta:
#     ucd: stat.error;src.var.amplitude
# - 
#   name: geom_model_gaussian2_phase
#   datatype: float32
#   description: Phase of Gaussian 2 component
#   meta:
#     ucd: time.phase
# - 
#   name: geom_model_gaussian2_phase_error
#   datatype: float32
#   description: "Uncertainty of \\texttt{geomModelGaussian2Phase}"
#   meta:
#     ucd: stat.error;time.phase
# - 
#   name: geom_model_gaussian2_sigma
#   datatype: float32
[...]
#   datatype: float32
#   description: "Secondary eclipse: uncertainty of \\texttt{derivedSecondaryEclDuration}"
#   meta:
#     ucd: stat.error;time.duration
# - 
#   name: derived_secondary_ecl_depth
#   datatype: float32
#   unit: mag
#   description: "Secondary eclipse: depth"
#   meta:
#     ucd: src.var.amplitude
# - 
#   name: derived_secondary_ecl_depth_error
#   datatype: float32
#   unit: mag
#   description: "Secondary eclipse: uncertainty of \\texttt{derivedSecondaryEclDepth}"
#   meta:
#     ucd: stat.error;src.var.amplitude
solution_id,source_id,global_ranking,reference_time,frequency,frequency_error,geom_model_reference_level,geom_model_reference_level_error,geom_model_gaussian1_phase,geom_model_gaussian1_phase_error,geom_model_gaussian1_sigma,geom_model_gaussian1_sigma_error,geom_model_gaussian1_depth,geom_model_gaussian1_depth_error,geom_model_gaussian2_phase,geom_model_gaussian2_phase_error,geom_model_gaussian2_sigma,geom_model_gaussian2_sigma_error,geom_model_gaussian2_depth,geom_model_gaussian2_depth_error,geom_model_cosine_half_period_amplitude,geom_model_cosine_half_period_amplitude_error,geom_model_cosine_half_period_phase,geom_model_cosine_half_period_phase_error,model_type,num_model_parameters,reduced_chi2,derived_primary_ecl_phase,derived_primary_ecl_phase_error,derived_primary_ecl_duration,derived_primary_ecl_duration_error,derived_primary_ecl_depth,derived_primary_ecl_depth_error,derived_secondary_ecl_phase,derived_secondary_ecl_phase_error,derived_secondary_ecl_duration,derived_secondary_ecl_duration_error,derived_secondary_ecl_depth,derived_secondary_ecl_depth_error
[from data line 376]
375316653866487564,4202069494188261504,0.46055937,2209.233584450438,0.11318415602730782,1.20965315E-5,16.923178,0.0066386936,0.27851108,0.009145523,0.05311764,0.010331026,0.26177216,0.17136864,0.7240612,0.005662965,0.041644346,0.01787722,0.66540253,1.3238701,null,null,null,null,"TWOGAUSSIANS",8,22.754519,0.7240612,0.005662965,0.23320834,0.10011242,0.6654025,1.3238708,0.27851108,0.009145523,0.29745877,0.05785375,0.26177213,0.1713688
375316653866487564,4202069562883715968,0.48888904,2162.7337590595034,0.20669178074072952,2.19205E-5,19.253094,0.012805063,0.28236806,0.006193831,0.08178111,0.0125963995,0.20461184,0.020462187,0.7800468,0.0064291595,0.05685069,0.015221023,0.2776835,0.1690803,null,null,null,null,"TWOGAUSSIANS",8,1.1054091,0.7800468,0.0064291595,0.31836388,0.08523773,0.2770431,0.16989811,0.28236806,0.006193831,0.4,0.0,0.20397145,0.020825647
375316653866487564,4202071001678973568,0.5792408,2146.4381394350617,2.315230412240533,3.593987E-5,16.400736,0.034878794,0.31635022,0.0067038396,0.11263648,0.028775325,0.1385167,0.03175069,0.81976086,0.003921918,0.10562353,0.016091222,0.15308139,0.033938702,null,null,null,null,"TWOGAUSSIANS",8,5.685317,0.8197708,0.003922532,0.4,0.0,0.13278174,0.005669632,0.31635022,0.006705338,0.4,0.0,0.118206576,0.006142609
375316653866487564,4202071654516807424,0.5131976,2178.0737047834828,0.40437122910865797,1.884634E-5,18.540089,0.0024096407,0.21867415,0.00317817,0.02661793,0.00224469,0.29669642,0.04213801,0.07998728,0.00454857,0.01692416,0.0034446826,0.1008202,0.07597111,null,null,null,null,"TWOGAUSSIANS",8,1.9708983,0.21867415,0.00317817,0.14906041,0.012570264,0.29669642,0.04213801,0.07998728,0.00454857,0.09477529,0.019290222,0.10082058,0.07597103
375316653866487564,4202073235062328192,0.57104564,2177.5962634651896,2.3892944377966145,1.2663916E-5,17.996393,0.017268876,0.28667048,0.002184436,0.09043181,0.006648092,0.35248363,0.026241543,0.7869999,0.006952603,0.08022599,0.014845914,0.26986107,0.026887845,null,null,null,null,"TWOGAUSSIANS",8,3.4277563,0.28667048,0.002184436,0.4,0.0,0.3440446,0.026122386,0.7869999,0.006952603,0.4,0.0,0.26142222,0.030074814
375316653866487564,4202073686056303872,0.59392446,2231.2334709614834,2.741676085674417,8.668113E-6,17.686369,0.016635584,0.20213798,0.0043416405,0.10237169,0.0086363135,0.26788625,0.014814502,0.69885504,0.003908486,0.10114024,0.012523048,0.2173362,0.018539028,null,null,null,null,"TWOGAUSSIANS",8,1.5281154,0.20213798,0.0043416405,0.4,0.0,0.24521971,0.0077271312,0.69885504,0.003908486,0.4,0.0,0.19467105,0.022674017
375316653866487564,4202073892214805248,0.5394054,2192.799710398525,2.0782564825870065,1.0498506E-5,18.428976,0.009640878,0.33546245,0.017464792,0.047414195,0.007093756,0.50495017,0.1670965,0.84387535,0.013020618,0.0770467,0.015625758,0.11589826,0.012036,null,null,null,null,"TWOGAUSSIANS",8,1.9636285,0.33546245,0.017464792,0.2655195,0.03972503,0.5048588,0.16687426,0.84387535,0.013020618,0.4,0.013395982,0.115806915,0.011896535
375316653866487564,4202074270168897280,0.48745462,2158.9717546375773,1.234419605819766,2.9959747E-5,19.180183,0.0052510453,0.23000337,0.0029566241,0.039402954,0.0054871887,0.19080539,0.025485575,0.69897246,0.04809031,0.044750746,0.033567317,0.17445228,3.3327456,null,null,null,null,"TWOGAUSSIANS",8,2.0322993,0.23000337,0.0029566241,0.22065654,0.030728258,0.19080539,0.025485583,0.69897246,0.04809031,0.25060418,0.18797697,0.17445228,3.3327458
375316653866487564,4202074716869038592,0.62008846,2157.374840839589,2.6721412967476135,1.6731408E-5,16.2875,0.014921929,0.21919037,0.004279689,0.047679186,0.006650657,0.18016465,0.04084974,0.72177744,0.010688049,0.04548217,0.011532098,0.13380645,0.034222778,0.110296704,0.017905097,0.21919037,0.004279689,"TWOGAUSSIANS_WITH_ELLIPSOIDAL_ON_ECLIPSE1",9,44.212757,0.21919037,0.004279689,0.26700345,0.03724368,0.40075737,0.020220473,0.72177744,0.010216121,0.25470015,0.064579755,0.3543409,0.015287146
375316653866487564,4202074923027484672,0.5250567,2168.6403757035223,2.519313063720162,2.9303848E-5,18.472862,0.05803849,0.22834374,0.006064573,0.09595472,0.016435396,0.43251437,0.05096848,0.7392153,0.0133328,0.10120467,0.021132383,0.39583382,0.047748864,null,null,null,null,"TWOGAUSSIANS",8,9.050566,0.22834374,0.006078182,0.4,0.0,0.40374538,0.027705237,0.7392153,0.01333415,0.4,0.0,0.36706161,0.030334484
375316653866487564,4202074991723484928,0.5871885,2145.5498961342983,2.2729231970644204,7.758572E-6,18.363691,0.08980232,0.24171077,0.02107397,0.09578479,0.040637914,0.47331786,0.0481613,0.72966665,0.0043080654,0.116031535,0.014908586,0.45981336,0.084705755,null,null,null,null,"TWOGAUSSIANS",8,2.1781216,0.24174076,0.021676864,0.4,0.0,0.42354378,0.051791374,0.72966665,0.0043080654,0.4,0.0,0.40994707,0.017846642
375316653866487564,4202076228673902720,0.5567723,2139.858356942168,0.37264256052887934,4.4717577E-5,19.579025,0.00521915,0.29514003,2.0410264E-6,0.015564224,1.8167328E-4,1.7886689,0.04454597,0.77667296,0.02245518,0.05852657,0.014809357,0.2057234,0.017919362,null,null,null,null,"TWOGAUSSIANS",8,0.5232468,0.29514003,2.0410264E-6,0.08715965,0.0010173704,1.7886689,0.04454597,0.77667296,0.02245518,0.3277488,0.07552929,0.2057234,0.01791936
375316653866487564,4202076331753027200,0.52875894,2089.511117214879,2.6625330733205086,6.646229E-5,18.856928,0.039074503,0.28513637,0.0075383093,0.09022391,0.026849434,0.28618866,0.051641356,0.79216695,0.019855998,0.081643,0.019280415,0.36230594,0.03872373,null,null,null,null,"TWOGAUSSIANS",8,3.5697782,0.79216695,0.019855998,0.4,0.0,0.35408133,0.024687866,0.28513637,0.0075383093,0.4,0.0,0.2779639,0.06280642
375316653866487564,4202076567969482624,0.5651135,2146.5931430837704,2.975665201178437,4.1491294E-5,18.649197,0.07329946,0.25372604,0.0051060193,0.12408093,0.020117378,0.31778756,0.071554,0.7427375,0.006396028,0.11937558,0.02149397,0.32237104,0.068650596,null,null,null,null,"TWOGAUSSIANS",8,1.4330636,0.7427375,0.006396028,0.4,0.0,0.25186074,0.009850688,0.25378603,0.0050784764,0.4,0.0,0.24718367,0.01439016
375316653866487564,4202076778433040640,0.516937,2205.0188679204152,0.37069504279645515,2.8348744E-5,18.92367,0.0075358073,0.60350496,0.006960691,0.09935741,0.01180467,0.13224505,0.01057622,0.9694029,0.023700964,0.018986082,0.022065746,0.033669084,2.2506542,null,null,null,null,"TWOGAUSSIANS",8,0.88758326,0.60350496,0.006960691,0.4,0.0,0.1322442,0.0105781155,0.9694029,0.023700964,0.10632205,0.12356817,0.03381837,2.250592
375316653866487564,4202078526462118784,0.4753761,2265.2747870868793,3.298753909542455,3.8029022E-5,17.675707,0.0046183635,0.32201234,0.02803372,0.05754676,0.020200513,0.0632857,0.014211965,0.87754655,0.013374504,0.033504847,0.024371358,0.030436037,0.018369453,null,null,null,null,"TWOGAUSSIANS",8,2.372299,0.32201234,0.02803372,0.32226184,0.10303211,0.0632857,0.014212198,0.87754655,0.013374504,0.18762714,0.1364796,0.030436035,0.018369759
375316653866487564,4202079802089844992,0.51853216,2219.882326483912,4.5556461308969025,5.329173E-5,18.0458,0.31599075,0.49455938,0.015896814,0.15457033,0.026250912,0.73915505,0.30859396,0.94066447,0.050191585,0.10309757,0.08845665,0.18424712,0.3068378,null,null,null,null,"TWOGAUSSIANS",8,40.743584,0.49457937,0.014004542,0.4,0.0,0.6593236,0.05216696,0.94066447,0.050191585,0.4,0.0,0.117084265,0.045308568
375316653866487564,4202080553689147392,0.579752,2299.273776184617,2.4173345328256066,1.421448E-5,17.809013,0.0076886127,0.30865186,0.006144085,0.091914095,0.0063863895,0.17110518,0.012120837,0.8096957,0.0046147876,0.08168865,0.0044971984,0.3469201,0.022553911,null,null,null,null,"TWOGAUSSIANS",8,1.917787,0.8096957,0.0046147876,0.4,0.0,0.33960515,0.02195552,0.30865186,0.006144085,0.4,0.0,0.16379009,0.01143602
375316653866487564,4202082374753607936,0.6064679,2290.5293390532424,3.0735454180879658,6.78999E-6,18.094303,0.006596448,0.33264172,0.0045058895,0.06929509,0.010233681,0.376584,0.039437976,0.8306722,0.0026247844,0.07006107,0.003023222,0.45139402,0.022555793,null,null,null,null,"TWOGAUSSIANS",8,3.056976,0.8306722,0.0026247844,0.392342,0.013650879,0.45013827,0.022635981,0.33264172,0.0045058895,0.38805252,0.057308614,0.37532827,0.04021929
375316653866487564,4202082374753685376,0.46627963,2261.6731250203793,0.8802485614898944,5.9213125E-5,17.481503,0.06565043,0.2765795,0.023851926,0.12835854,0.040680766,0.2309059,0.06335847,0.70959234,0.013540474,0.07330421,0.024680957,0.30200744,0.07050458,null,null,null,null,"TWOGAUSSIANS",8,3.1345155,0.70959234,0.013540474,0.4,0.05711532,0.29348713,0.060700223,0.2765795,0.023851449,0.4,0.0,0.22159195,0.03781425
375316653866487564,4202082443491000576,0.5496582,2282.3881086697997,3.253506073021507,7.4723815E-5,18.891634,0.02212226,0.20818093,0.0033549918,0.090475924,0.0060043377,0.5961755,0.017277703,0.72944826,0.018444505,0.09135538,0.026633758,0.47711062,0.03295309,null,null,null,null,"TWOGAUSSIANS",8,2.764307,0.20818093,0.0033549918,0.4,0.0,0.5786853,0.013445034,0.72944826,0.018444505,0.4,0.030373665,0.45962042,0.034686476
375316653866487564,4202082512210471808,0.50183517,2310.2901406914234,0.5606683620058459,1.7738732E-4,18.251009,0.06666545,0.21102034,0.0458877,0.11298651,0.14914325,0.04076951,0.059045102,0.75649625,0.005099191,0.05776167,0.006965063,0.48682925,0.035744574,null,null,null,null,"TWOGAUSSIANS",8,10.566662,0.75649625,0.0047265682,0.32346535,0.039004352,0.48586613,0.022767268,0.21102034,0.0458877,0.4,0.0,0.039793547,0.01670237
375316653866487564,4202082615273578752,0.4932951,2273.022615455594,2.78107550103552,5.5115783E-5,18.173853,0.0042876303,null,null,null,null,null,null,null,null,null,null,null,null,0.0757364,0.005391782,0.40566105,0.007461737,"ELLIPSOIDAL",4,5.067054,null,null,null,null,null,null,null,null,null,null,null,null
375316653866487564,4202082894466356096,0.50783193,2280.4647192575853,1.1878540025850917,9.9505596E-5,17.084175,0.019691816,0.24224146,0.006980125,0.07533675,0.009444102,0.28033057,0.03132515,0.7613927,0.0055397297,0.10274481,0.007893236,0.38623956,0.043359533,null,null,null,null,"TWOGAUSSIANS",8,42.230686,0.7613927,0.0055397297,0.4,0.0,0.37672493,0.043726303,0.24223146,0.0069885203,0.4,0.0,0.2708238,0.030510368
375316653866487564,4202083925258975872,0.44100717,2198.3830041786728,0.05053089077331472,7.839098E-5,18.701365,0.029668152,0.21229486,0.0057373894,0.09430032,0.031308725,0.21833582,0.06386785,0.76481926,0.0073780194,0.086730696,0.011938067,0.27375084,0.035770163,null,null,null,null,"TWOGAUSSIANS",8,6.6784277,0.76481926,0.00736938,0.4,0.0,0.2691461,0.030757165,0.21229486,0.0057373894,0.4,0.0,0.21372871,0.07002156
375316653866487564,4202084401990163072,0.51095545,2222.67108620854,2.3162634066504664,6.225521E-5,18.589308,0.03504357,0.22820124,0.0066350587,0.08175376,0.013764829,0.22822194,0.035769075,0.7716022,0.01901074,0.08946751,0.042535502,0.16915525,0.14182596,null,null,null,null,"TWOGAUSSIANS",8,2.7133958,0.22820124,0.006642602,0.4,0.0,0.22569348,0.026171774,0.7716022,0.01901288,0.4,0.042828098,0.16662647,0.14436565
375316653866487564,4202084745593254016,0.60544455,2255.366875269905,2.5128635569378526,2.0106849E-5,17.819252,0.030055901,0.25232202,0.00828168,0.09315317,0.020700129,0.18624076,0.020913158,0.75840044,0.0143915415,0.11444599,0.022566477,0.16156925,0.029340496,null,null,null,null,"TWOGAUSSIANS",8,0.9980873,0.252312,0.008273882,0.4,0.0,0.16876383,0.019385276,0.75840044,0.014392059,0.4,0.0,0.14406879,0.0062339404
375316653866487564,4202085742008253440,0.516666,2306.5398105633794,0.33971183280881256,8.772409E-5,16.308186,0.054124273,0.24873549,0.02404521,0.13265683,0.038842585,0.29707468,0.057695474,0.7853011,0.04669284,0.029313864,0.012670205,2.7231393,9.05058,null,null,null,null,"TWOGAUSSIANS",8,9.006372,0.7853011,0.04669754,0.16415764,0.07095315,2.7211592,9.041113,0.24873549,0.02404521,0.4,0.0,0.29434648,0.055848867
375316653866487564,4202087219475890432,0.49436134,2124.256386132695,2.4203581072689158,4.2513693E-5,18.392403,0.12787808,0.2375473,0.010868682,0.10897484,0.049383633,0.1891482,0.11529661,0.7266383,0.009148627,0.12370396,0.049183726,0.1787063,0.12686948,null,null,null,null,"TWOGAUSSIANS",8,3.3949337,0.23761728,0.010707327,0.4,0.0,0.1564142,0.018909298,0.7266383,0.009148627,0.4,0.0,0.14587606,0.009302119
375316653866487564,4202087842266131968,0.5018776,2164.2264852776043,3.091754972428174,2.1990769E-5,18.729452,0.02731008,0.26331383,0.009132775,0.084907144,0.011227545,0.43980914,0.038212683,0.7597051,0.005932284,0.06912096,0.012602518,0.58222026,0.21912003,null,null,null,null,"TWOGAUSSIANS",8,3.8091614,0.7597051,0.005932284,0.3870774,0.03798719,0.5774994,0.22287957,0.26331383,0.009132775,0.4,0.0,0.43508825,0.036815967
375316653866487564,4202088048447722624,0.49272484,2111.565865028153,0.23481648375586067,3.5692185E-5,18.222633,0.23965336,0.2336258,0.016229818,0.07229895,0.054466363,0.081130914,0.17514865,0.64285195,0.053049278,0.113385834,0.08564858,0.35558775,0.23287328,null,null,null,null,"TWOGAUSSIANS",8,8.072268,0.64285195,0.053049278,0.4,0.0,0.35314882,0.02146521,0.2347458,0.006627719,0.4,0.08430182,0.07922954,0.011772696
375316653866487564,4202088151526911232,0.51804274,2204.1392525594447,2.7792330950173967,3.4604072E-5,16.830597,0.022379901,0.3109424,0.011157354,0.105589315,0.017722843,0.16406064,0.022652887,0.7927944,0.008360673,0.10174316,0.01712382,0.16139106,0.02152305,null,null,null,null,"TWOGAUSSIANS",8,12.918692,0.31095243,0.011158518,0.4,0.0,0.14973235,0.015100417,0.7927944,0.008360673,0.4,0.0,0.14706613,0.010679155
375316653866487564,4202088735646662784,0.590808,2138.9814030823254,3.9004517384816544,2.968122E-5,19.469845,0.013811829,0.31964275,0.007761145,0.05880347,0.007095242,0.3429086,0.034968786,0.8123186,0.0036567312,0.07088908,0.0055502723,0.3775588,0.012890639,null,null,null,null,"TWOGAUSSIANS",8,1.1366153,0.8123186,0.0036567312,0.39697883,0.018583028,0.37721646,0.012641849,0.31964275,0.007761145,0.32929942,0.039733354,0.34256625,0.035068884
375316653866487564,4202089319758122880,0.6005875,2186.18673319556,2.4460163080193316,9.019956E-6,16.255074,0.012067986,0.28081363,0.003183306,0.09670452,0.006422566,0.21320745,0.011285572,0.774266,0.0025138683,0.10975014,0.008855458,0.19074732,0.009589706,null,null,null,null,"TWOGAUSSIANS",8,3.2543252,0.28082362,0.003180197,0.4,0.0,0.1934742,0.0042066607,0.774266,0.0025138683,0.4,0.0,0.17100248,0.006613583
375316653866487564,4202089521578805760,0.5991877,2198.263812875192,1.7298765200939132,1.8392439E-5,17.553577,0.005234501,0.28370887,0.005476865,0.08628036,0.0060910964,0.15870668,0.008248583,0.7730479,0.003492298,0.083216935,0.0046871156,0.20120005,0.006465805,null,null,null,null,"TWOGAUSSIANS",8,1.4407424,0.7730479,0.003492298,0.4,0.0,0.19739288,0.0061057406,0.28370887,0.005476865,0.4,0.0,0.1548995,0.007909297
375316653866487564,4202089727737283072,0.5472075,2238.303692582628,3.2895420102062203,3.6019548E-5,17.28065,0.043336693,0.225183,0.01093159,0.09221553,0.015949443,0.54636747,0.08479706,0.7309327,0.00630632,0.077884085,0.013581286,0.4651539,0.04044277,null,null,null,null,"TWOGAUSSIANS",8,47.80867,0.225183,0.01093159,0.4,0.0,0.5341958,0.08159605,0.7309327,0.00630632,0.4,0.0,0.45298266,0.029930403
375316653866487564,4202090071334776448,0.5176648,2211.4078370239977,0.050866329272928605,7.6031956E-6,18.501364,0.017853081,0.39639023,9.424607E-4,0.038576443,0.0023139257,0.30625907,0.01777712,0.8915903,0.014528824,0.14089878,0.034264293,0.12736014,0.018898757,null,null,null,null,"TWOGAUSSIANS",8,2.5204022,0.39640024,9.434606E-4,0.21602806,0.012957984,0.30200437,0.015048436,0.8915903,0.014528824,0.4,0.0,0.12263283,0.018670058
375316653866487564,4202090075652430208,0.5285897,2197.4792249348147,2.7730950947775885,3.2121643E-5,18.576124,0.0072044097,0.15928593,0.0047080214,0.06859043,0.009135234,0.2345888,0.019176327,0.651729,0.009693315,0.07095052,0.009671387,0.30303216,0.029278275,null,null,null,null,"TWOGAUSSIANS",8,3.5651915,0.651729,0.009693315,0.39732292,0.032313995,0.3023165,0.029580647,0.15928593,0.0047080214,0.3841064,0.04155547,0.23387314,0.019518947
