Gaia/vari_eclipsing_binary/VariEclipsingBinary_512147-512207.csv
# %ECSV 1.0
# ---
# delimiter: ','
# meta: !!omap
# - RELEASE: Gaia DR3
# - TABLE: vari_eclipsing_binary
# - DESCRIPTION: >
#     This table describes the properties of the eclipsing binaries resulting from the variability analysis. 
# - CITATION: >
#     How to cite and acknowledge Gaia: 
#     https://gea.esac.esa.int/archive/documentation/credits.html 
# - KNOWN_ISSUES: >
#     Known issues: 
#     https://www.cosmos.esa.int/web/gaia-users/known-issues 
# - DOCUMENTATION: >
#     Tutorials and documentation: 
#     https://www.cosmos.esa.int/web/gaia-users/archive 
# datatype:
# - 
#   name: solution_id
#   datatype: int64
#   description: Solution Identifier
#   meta:
#     ucd: meta.version
# - 
#   name: source_id
#   datatype: int64
#   description: Unique source identifier
#   meta:
#     ucd: meta.id;meta.main
# - 
#   name: global_ranking
#   datatype: float32
#   description: Number between 0 (worst) and 1 (best)
#   meta:
#     ucd: stat.param
# - 
#   name: reference_time
#   datatype: float64
#   unit: d
#   description: Reference time used for the geometric model fit
#   meta:
#     ucd: time.epoch
# - 
#   name: frequency
#   datatype: float64
#   unit: d**-1
#   description: Frequency of geometric model of the eclipsing binary light curve
#   meta:
#     ucd: src.orbital
# - 
#   name: frequency_error
#   datatype: float32
#   unit: d**-1
#   description: "Uncertainty of \\texttt{frequency}"
#   meta:
#     ucd: stat.error
# - 
#   name: geom_model_reference_level
#   datatype: float32
#   unit: mag
#   description: Magnitude reference level of geometric model
#   meta:
#     ucd: phot.mag;em.opt
# - 
#   name: geom_model_reference_level_error
#   datatype: float32
#   unit: mag
#   description: "Uncertainty of \\texttt{geomModelReferenceLevel}"
#   meta:
#     ucd: stat.error;phot.mag;em.opt
# - 
#   name: geom_model_gaussian1_phase
#   datatype: float32
#   description: Phase of the Gaussian 1 component
#   meta:
#     ucd: time.phase
# - 
#   name: geom_model_gaussian1_phase_error
#   datatype: float32
#   description: "Uncertainty of \\texttt{geomModelGaussian1Phase}"
#   meta:
#     ucd: stat.error;time.phase
# - 
#   name: geom_model_gaussian1_sigma
#   datatype: float32
#   description: "Standard deviation [phase] of Gaussian 1 component"
#   meta:
#     ucd: stat.stdev
# - 
#   name: geom_model_gaussian1_sigma_error
#   datatype: float32
#   description: "Uncertainty of \\texttt{geomModelGaussian1Sigma}"
#   meta:
#     ucd: stat.error
# - 
#   name: geom_model_gaussian1_depth
#   datatype: float32
#   unit: mag
#   description: Magnitude depth of Gaussian 1 component
#   meta:
#     ucd: src.var.amplitude
# - 
#   name: geom_model_gaussian1_depth_error
#   datatype: float32
#   unit: mag
#   description: "Uncertainty of \\texttt{geomModelGaussian1Depth}"
#   meta:
#     ucd: stat.error;src.var.amplitude
# - 
#   name: geom_model_gaussian2_phase
#   datatype: float32
#   description: Phase of Gaussian 2 component
#   meta:
#     ucd: time.phase
# - 
#   name: geom_model_gaussian2_phase_error
#   datatype: float32
#   description: "Uncertainty of \\texttt{geomModelGaussian2Phase}"
#   meta:
#     ucd: stat.error;time.phase
# - 
#   name: geom_model_gaussian2_sigma
#   datatype: float32
[...]
#   datatype: float32
#   description: "Secondary eclipse: uncertainty of \\texttt{derivedSecondaryEclDuration}"
#   meta:
#     ucd: stat.error;time.duration
# - 
#   name: derived_secondary_ecl_depth
#   datatype: float32
#   unit: mag
#   description: "Secondary eclipse: depth"
#   meta:
#     ucd: src.var.amplitude
# - 
#   name: derived_secondary_ecl_depth_error
#   datatype: float32
#   unit: mag
#   description: "Secondary eclipse: uncertainty of \\texttt{derivedSecondaryEclDepth}"
#   meta:
#     ucd: stat.error;src.var.amplitude
solution_id,source_id,global_ranking,reference_time,frequency,frequency_error,geom_model_reference_level,geom_model_reference_level_error,geom_model_gaussian1_phase,geom_model_gaussian1_phase_error,geom_model_gaussian1_sigma,geom_model_gaussian1_sigma_error,geom_model_gaussian1_depth,geom_model_gaussian1_depth_error,geom_model_gaussian2_phase,geom_model_gaussian2_phase_error,geom_model_gaussian2_sigma,geom_model_gaussian2_sigma_error,geom_model_gaussian2_depth,geom_model_gaussian2_depth_error,geom_model_cosine_half_period_amplitude,geom_model_cosine_half_period_amplitude_error,geom_model_cosine_half_period_phase,geom_model_cosine_half_period_phase_error,model_type,num_model_parameters,reduced_chi2,derived_primary_ecl_phase,derived_primary_ecl_phase_error,derived_primary_ecl_duration,derived_primary_ecl_duration_error,derived_primary_ecl_depth,derived_primary_ecl_depth_error,derived_secondary_ecl_phase,derived_secondary_ecl_phase_error,derived_secondary_ecl_duration,derived_secondary_ecl_duration_error,derived_secondary_ecl_depth,derived_secondary_ecl_depth_error
[from data line 584]
375316653866487564,4505371906994875904,0.51808804,2248.1881373170295,0.5352659966785032,2.8623675E-5,15.553399,0.002733365,0.7318833,0.004210937,0.0016610906,0.0015165971,5.086327,10.486516,null,null,null,null,null,null,0.022394998,0.003366828,0.7318833,0.004210937,"ONEGAUSSIAN_WITH_ELLIPSOIDAL",6,20.14656,0.7318833,0.004210937,0.009302108,0.008492944,5.131117,10.487119,null,null,null,null,null,null
375316653866487564,4505372246280531456,0.5420774,2221.041366309856,1.6239710616494545,1.7123253E-5,18.042957,0.026708895,0.1795208,0.0037453137,0.1131483,0.01624974,0.1576518,0.024658153,0.6713846,0.0035804147,0.10332624,0.011008388,0.20180398,0.02520111,null,null,null,null,"TWOGAUSSIANS",8,1.5395075,0.6713846,0.0035804147,0.4,0.0,0.17935053,0.007407929,0.1795208,0.0037471065,0.4,0.0,0.13518289,0.0077298037
375316653866487564,4505372589877912192,0.61069417,2211.004610463844,0.24307334554418147,1.02793856E-4,17.752129,0.0034498551,0.10799077,1.7095331E-4,0.014876975,7.3287793E-4,0.5226879,0.008708689,0.8378529,0.08230375,0.066824615,0.0669001,0.01709138,0.024016513,null,null,null,null,"TWOGAUSSIANS",8,2.6675763,0.10799077,1.7095331E-4,0.08331106,0.0041041165,0.52269274,0.00876832,0.8378529,0.08230375,0.37421784,0.13900222,0.01709138,0.024016894
375316653866487564,4505372727317135488,0.5116542,2211.8514150425976,3.6910316370826584,2.1886548E-5,18.854113,0.031281404,0.23572624,0.005259296,0.08855287,0.016743178,0.26768476,0.02656965,0.7365622,0.008892508,0.07187455,0.022392424,0.24476726,0.03218972,null,null,null,null,"TWOGAUSSIANS",8,4.3863597,0.23572624,0.005259296,0.4,0.0,0.2637723,0.021713048,0.7365622,0.008892508,0.4,0.09387259,0.24085489,0.027830048
375316653866487564,4505373212665105920,0.5381692,2237.385923149457,1.605045934295315,1.8036026E-5,16.086575,0.26569012,0.26435468,0.0046314076,0.18406639,0.07257991,0.29262272,0.25639796,0.7662051,0.003871356,0.16737548,0.04638519,0.2823883,0.21642071,null,null,null,null,"TWOGAUSSIANS",8,4.546795,0.26385468,0.0048693065,0.4,0.0,0.091791734,0.003037334,0.76690507,0.0034553322,0.4,0.0,0.08966512,0.0034043188
375316653866487564,4505373418823551744,0.5567848,2219.3003679830504,2.3215441329205224,1.0084744E-5,15.065626,0.070557624,0.28490755,0.0038848575,0.13781577,0.025004186,0.15691154,0.0669784,0.79912096,0.0030516442,0.14788565,0.030535286,0.15486142,0.068936914,null,null,null,null,"TWOGAUSSIANS",8,10.005298,0.28400755,0.002815178,0.4,0.0,0.096343026,0.004125061,0.799711,0.0026036715,0.4,0.0,0.09368454,0.0041779187
375316653866487564,4505375407385224448,0.5810596,2241.8140994040623,4.192964783736644,7.2875837E-6,18.467978,0.007266621,0.32291484,0.0018640594,0.0707557,0.0025707576,0.54102945,0.011469274,0.8156257,0.0030745491,0.07836876,0.004624998,0.4269552,0.0135855405,null,null,null,null,"TWOGAUSSIANS",8,2.6924992,0.32291484,0.0018640594,0.3962319,0.013925766,0.53810394,0.011252663,0.8156257,0.0030745491,0.4,0.0,0.42402968,0.014028686
375316653866487564,4505376064523374848,0.44703174,2254.4017974666135,1.1500022714012184,2.1291238E-5,16.378752,0.009075401,0.2671383,0.015033146,0.07990996,0.01789087,0.03742568,0.010772253,0.7409706,0.004901807,0.06262847,0.0138234515,0.1496696,0.04511128,null,null,null,null,"TWOGAUSSIANS",8,26.504232,0.7409706,0.004901807,0.35071945,0.07741133,0.14952323,0.04538703,0.2671383,0.015033146,0.4,0.0,0.037279293,0.010359081
375316653866487564,4505376957865941632,0.5132629,2192.7681935931273,3.040027463165733,2.3913462E-5,19.859049,0.015125488,0.25842357,0.0038172659,0.06917873,0.0053218794,0.46182707,0.035595786,0.77021897,0.005103702,0.06615042,0.004599188,0.477679,0.03254534,null,null,null,null,"TWOGAUSSIANS",8,2.0061374,0.77021897,0.005103702,0.37044236,0.025755452,0.47694308,0.032479215,0.25842357,0.0038172659,0.3874009,0.02759281,0.46109116,0.03579523
375316653866487564,4505377159726108160,0.45867956,2235.1323153140006,4.025722284810357,1.3013284E-5,18.548138,0.017882334,0.20281644,0.0128056975,0.015487404,0.009491403,1.0213366,1.0252721,0.54339004,0.018421937,0.081198715,0.014790258,0.094386846,0.02459459,null,null,null,null,"TWOGAUSSIANS",8,19.8329,0.20281644,0.0128056975,0.08672946,0.053151857,1.0213509,1.0252545,0.54339004,0.018421937,0.4,0.0,0.094386846,0.024594583
375316653866487564,4505377232743667712,0.54653496,2146.617570291168,3.4650077153079617,6.73066E-5,19.73944,0.006522183,0.25376517,0.02466904,0.057938922,0.013547261,1.0010543,0.48738068,0.7274544,0.006142703,0.014071041,0.017746104,0.1020363,0.045994405,null,null,null,null,"TWOGAUSSIANS",8,1.4151506,0.25376517,0.02466904,0.32445797,0.075864665,1.0010543,0.48738068,0.7274544,0.006142703,0.07879783,0.099378176,0.1020363,0.04599442
375316653866487564,4505378126097111040,0.5837468,2201.225187831314,3.311486296320056,9.213072E-6,18.6544,0.014068467,0.20466097,0.0041957204,0.0398656,0.0358408,0.30818892,null,0.70019335,0.0029007322,0.054158308,0.0048616338,0.31160924,0.032546334,0.11739291,0.020729374,0.20466097,0.0041957204,"TWOGAUSSIANS_WITH_ELLIPSOIDAL_ON_ECLIPSE1",9,2.872232,0.70085335,0.0021165728,0.30328652,0.02722515,0.54623187,0.019870596,0.20466097,0.0041957204,0.22324736,0.20070846,0.54296905,null
375316653866487564,4505379083871528960,0.46205133,2207.056634961529,3.0056638438436774,6.343742E-5,17.125555,0.51658547,0.23817827,0.008179021,0.2705938,0.18605275,0.5035918,0.51166785,0.7430309,0.006831936,0.11975841,0.057878304,0.30762678,0.22019467,null,null,null,null,"TWOGAUSSIANS",8,14.499457,0.23808827,0.008259981,0.4,0.0,0.14364798,0.018389305,0.7449209,0.008459052,0.4,0.0,0.12927246,0.012913832
375316653866487564,4505380084613009536,0.51480234,2196.992466451136,2.236331646576439,4.0299168E-5,17.120537,0.026117759,0.17424715,0.008915432,0.09880497,0.019783253,0.19253983,0.022732968,0.6556146,0.005101179,0.091569625,0.011632781,0.20351534,0.02549548,null,null,null,null,"TWOGAUSSIANS",8,15.209871,0.6556146,0.005101179,0.4,0.0,0.19385454,0.0146578485,0.17424715,0.008915432,0.4,0.0,0.18287772,0.014775052
375316653866487564,4505380355179305344,0.57141167,2187.44619931596,3.3096932027356645,1.1875006E-5,17.552954,0.007931898,0.21514769,0.0034504978,0.08074915,0.004526346,0.43353638,0.016363058,0.7055135,0.0015813848,0.08201938,0.003247336,0.34162077,0.012451539,null,null,null,null,"TWOGAUSSIANS",8,8.962,0.21514769,0.0034504978,0.4,0.0,0.42782488,0.016770873,0.7055135,0.0015813848,0.4,0.0,0.33590928,0.012435608
375316653866487564,4505380393850617344,0.5306616,2213.154119350261,3.8896904756752,7.990354E-5,16.207388,0.006664251,0.2848422,0.0066910526,0.03597198,0.007589695,0.08010452,0.017906314,0.7625792,0.0038999121,0.057636555,0.00830928,0.12327946,0.016719539,0.023252284,0.007970556,0.7625792,0.0038999121,"TWOGAUSSIANS_WITH_ELLIPSOIDAL_ON_ECLIPSE2",9,15.340081,0.7625792,0.0038999121,0.3227647,0.046531968,0.16977395,0.011365787,0.2836122,0.0063007385,0.20144309,0.04250229,0.12574472,0.01252016
375316653866487564,4505380630049287296,0.51863194,2212.754124990609,0.7822324934817388,4.880192E-5,19.608576,0.007952359,0.33415303,6.406088E-5,0.012968515,3.3971053E-4,0.7098394,0.003984922,0.8301399,0.010684449,0.03215474,0.008025346,0.42300764,0.1763589,null,null,null,null,"TWOGAUSSIANS",8,3.2454867,0.33415303,6.406088E-5,0.072623685,0.001902379,0.7098394,0.003984922,0.8301399,0.010684449,0.18006654,0.04494194,0.42300764,0.1763589
375316653866487564,4505380840527255296,0.5426034,2215.088153057784,2.010069662752373,1.811232E-5,17.307875,0.050067768,0.28677416,0.0049167066,0.1331405,0.026942309,0.160513,0.047827717,0.7935256,0.0041386355,0.1223933,0.025832597,0.14499453,0.046651173,null,null,null,null,"TWOGAUSSIANS",8,2.6053894,0.28672418,0.004873028,0.4,0.0,0.11782531,0.006047784,0.7936756,0.004108496,0.4,0.0,0.10251904,0.006180086
375316653866487564,4505381974398730240,0.5560242,2239.205406472852,2.1995341876045393,1.3427336E-5,17.827557,0.011555405,0.2641611,0.003742786,0.0954366,0.008832679,0.31366873,0.015330323,0.77555364,0.004318438,0.09299901,0.0061607244,0.2988837,0.011967794,null,null,null,null,"TWOGAUSSIANS",8,4.993553,0.2641611,0.003742786,0.4,0.0,0.29825968,0.0193799,0.77555364,0.004318438,0.4,0.0,0.2834751,0.008038106
375316653866487564,4505382519842826112,0.5422827,2237.453057825117,2.6111021619911448,1.4722068E-5,18.50683,0.02597255,0.21039009,0.0042487425,0.102584206,0.009925302,0.28195173,0.026000993,0.7170046,0.006996853,0.104763456,0.016342985,0.23827891,0.023207106,null,null,null,null,"TWOGAUSSIANS",8,2.6497774,0.21039009,0.0042467294,0.4,0.0,0.2558021,0.013657265,0.7170046,0.0070018023,0.4,0.0,0.21212776,0.018044958
375316653866487564,4505382588554220672,0.58116996,2282.359108241458,0.014747167738976693,1.7569516E-6,18.321207,0.0019181705,0.36423603,2.9145778E-5,2.9534573E-4,2.3339162E-5,0.0515039,0.0041671665,0.51115495,0.0030172244,0.027449848,0.0021168294,1.0598897,0.25830895,null,null,null,null,"TWOGAUSSIANS",8,1.3976431,0.51115495,0.0030172244,0.15371916,0.011854244,1.0598897,0.25830895,0.36423603,2.9145778E-5,0.0016539361,1.306993E-4,0.05150454,0.00416733
375316653866487564,4505383864184302208,0.65308243,2195.377234053384,3.014200329351724,6.1843143E-6,16.745733,0.016288927,0.28943902,0.0016135173,0.0462485,0.004126461,0.53122157,0.055479433,0.7811132,0.0067011383,0.037826218,0.005853369,0.37434706,0.046614807,0.15481906,0.019659193,0.28943902,0.0016135173,"TWOGAUSSIANS_WITH_ELLIPSOIDAL_ON_ECLIPSE1",9,24.964046,0.28943902,0.0016135173,0.2589916,0.023108184,0.8408593,0.059177265,0.7818232,0.006249555,0.21182682,0.032778867,0.6832104,0.022230642
375316653866487564,4505384203462156800,0.7246147,2236.678962002722,0.19688142951168155,3.5701294E-6,16.577398,0.005221896,0.25026098,0.008061107,0.050615773,0.013853727,0.11338668,0.013919379,0.7442646,8.1099605E-4,0.024072183,7.195188E-4,1.2367234,0.017215136,0.037790496,0.008241547,0.25026098,0.008061107,"TWOGAUSSIANS_WITH_ELLIPSOIDAL_ON_ECLIPSE1",9,8.923705,0.7442846,8.173913E-4,0.13480422,0.004029305,1.3121967,0.011684683,0.25026098,0.008061107,0.28344834,0.07758087,0.18896694,0.004048431
375316653866487564,4505386681682782208,0.59018147,2192.9251238100605,2.596230639732037,6.4672304E-6,16.756014,0.019542078,0.23540868,0.001897042,0.086840905,0.005669072,0.39304832,0.018081166,0.7441064,0.0068624644,0.09951236,0.011810965,0.3457171,0.013561303,null,null,null,null,"TWOGAUSSIANS",8,12.218332,0.23540868,0.001897042,0.4,0.0,0.37542886,0.014846424,0.7441064,0.0068624644,0.4,0.0,0.3280952,0.013903427
375316653866487564,4505387197068327552,0.47256684,2211.166039552412,4.165408460614296,2.6120319E-5,18.803593,0.016295047,0.38912752,0.016124932,0.16281366,0.02267592,0.20415291,0.016609188,0.85978305,7.6376286E-4,0.0102620255,0.0028010036,0.36086723,0.23669235,null,null,null,null,"TWOGAUSSIANS",8,6.225364,0.85978305,7.6376286E-4,0.057467345,0.01568562,0.36121133,0.23702464,0.38912752,0.016124932,0.4,0.0,0.20033413,0.01495846
375316653866487564,4505387502008024064,0.55962324,2248.069898249944,2.8683620322040793,8.4407375E-6,18.057476,0.014028582,0.16562702,0.0038763857,0.08590202,0.007614543,0.37263262,0.029807732,0.66167945,0.0025863762,0.08173498,0.0049517723,0.35102347,0.01932118,null,null,null,null,"TWOGAUSSIANS",8,5.476328,0.16562702,0.0038763857,0.4,0.0,0.3647411,0.03158431,0.66167945,0.0025863762,0.4,0.0,0.34313193,0.018432839
375316653866487564,4505389872821500288,0.5017954,2192.4091333512547,3.065517456959251,5.516558E-5,19.445545,0.08634737,0.28253895,0.036988996,0.07167334,0.09916749,0.2804754,0.04893029,0.7662319,0.0067668837,0.0677303,0.017349174,0.2761877,0.07449675,null,null,null,null,"TWOGAUSSIANS",8,3.418572,0.28253895,0.036988996,0.4,0.03992326,0.2798907,0.104503274,0.7662319,0.0065534064,0.3792897,0.055435237,0.27560294,0.030507568
375316653866487564,4505390353856257792,0.48081374,2219.148641476318,3.8863297047521104,6.577432E-5,19.300108,0.021534946,0.2542325,0.0047659953,0.09057417,0.012414057,0.15693974,0.02159344,0.7537275,0.012978566,0.084585994,0.023290077,0.15872365,0.016980093,null,null,null,null,"TWOGAUSSIANS",8,1.7608211,0.7537275,0.012978566,0.4,0.0,0.15340422,0.012447063,0.2542325,0.0047659953,0.4,0.0,0.15162025,0.014321664
375316653866487564,4505391285887830784,0.5477674,2224.6337262917523,0.5141459698085125,4.026822E-5,15.719056,0.006020905,0.18377344,0.03346622,0.02838455,0.016186891,0.21049465,0.69274867,0.667112,0.0016208766,0.03062063,0.0020725802,0.85700285,0.11652936,0.017175067,0.009108173,0.18377344,0.03346622,"TWOGAUSSIANS_WITH_ELLIPSOIDAL_ON_ECLIPSE1",9,131.6915,0.66716194,0.0015859631,0.17147553,0.011606448,0.89097893,0.11882273,0.18377344,0.03346622,0.15895347,0.09064659,0.24484475,0.6926681
375316653866487564,4505391629485289216,0.54328537,2228.8376249003245,1.880050173752021,1.3247587E-5,18.633661,0.006216253,0.26178586,0.003498875,0.05784613,0.0037951842,0.36564255,0.026528588,0.75578684,0.007839109,0.061569072,0.005704988,0.44860828,0.09466603,null,null,null,null,"TWOGAUSSIANS",8,5.6538396,0.75578684,0.007839109,0.34478682,0.031947933,0.44850576,0.094781265,0.26178586,0.003498875,0.32393834,0.02125303,0.36554003,0.026546378
375316653866487564,4505391693886536320,0.59820443,2207.2186914418735,3.2087029076914417,6.527407E-6,16.945547,0.0058373865,0.2086461,0.0037627842,0.07988497,0.0048235795,0.2199102,0.008034834,0.71077365,0.0022847962,0.07510171,0.0029105097,0.22203949,0.010527305,null,null,null,null,"TWOGAUSSIANS",8,3.4746966,0.71077365,0.0022847962,0.4,0.0,0.21971777,0.010235819,0.2086461,0.0037627842,0.4,0.0,0.21758848,0.007366168
375316653866487564,4505391766914307584,0.55327356,2197.117128693758,3.1494149605586945,1.3805932E-5,19.837635,0.03669795,0.20526282,0.010151956,0.10330732,0.012292536,0.52312475,0.05291744,0.7032393,0.0026258389,0.08466161,0.008261008,0.5023688,0.03507949,null,null,null,null,"TWOGAUSSIANS",8,1.1896241,0.20526282,0.010151956,0.4,0.0,0.49425438,0.03523435,0.7032393,0.0026258389,0.4,0.0,0.47350702,0.023212267
375316653866487564,4505392110521516160,0.50297445,2232.362717597884,2.4562168372138466,1.9733692E-5,17.128132,0.02671006,0.21419182,0.009620492,0.12462277,0.022108382,0.13220672,0.026908558,0.7069628,0.005992656,0.10541063,0.020377737,0.123950124,0.024426755,null,null,null,null,"TWOGAUSSIANS",8,6.4452786,0.21420182,0.009618188,0.4,0.0,0.10972005,0.008250117,0.7069628,0.005992656,0.4,0.0,0.10154671,0.004256288
375316653866487564,4505393003864716544,0.6357238,2249.9190386931546,3.4791267037412985,1.2444227E-5,19.397448,0.010808945,0.23846334,0.0015416151,0.048784215,0.004999565,0.44069144,0.053568788,0.739123,0.004811808,0.039808977,0.0062568076,0.41739437,0.03567493,0.15226142,0.016702797,0.23846334,0.0015416151,"TWOGAUSSIANS_WITH_ELLIPSOIDAL_ON_ECLIPSE1",9,0.97292376,0.23846334,0.0015416151,0.2731916,0.027997565,0.7452134,0.045170225,0.739123,0.0047512418,0.22293028,0.03503812,0.7219111,0.03220104
375316653866487564,4505395340337343872,0.5612842,2236.2023992220757,2.533053072144054,1.3453365E-5,17.512783,0.02230683,0.22697406,0.0028242911,0.09897218,0.006617014,0.38817516,0.020907156,0.7235029,0.0038393093,0.103303485,0.010726535,0.3708644,0.01880555,null,null,null,null,"TWOGAUSSIANS",8,8.587369,0.22697406,0.0028242911,0.4,0.0,0.35394448,0.010081712,0.7235029,0.0038393093,0.4,0.0,0.3366298,0.018993217
375316653866487564,4505395748334632064,0.56842595,2234.8740807522086,3.6264511959213173,1.2697144E-5,19.475557,0.025555758,0.2666541,0.0046456098,0.036785662,0.007745321,0.48374808,0.07718861,0.77275944,0.005595108,0.039241645,0.016874027,0.3390614,0.09284655,0.18111424,0.030320348,0.2666541,0.0046456098,"TWOGAUSSIANS_WITH_ELLIPSOIDAL_ON_ECLIPSE1",9,3.3910294,0.2666541,0.0046456098,0.2059997,0.043373797,0.8459763,0.06911801,0.77275944,0.005595108,0.2197532,0.09449455,0.70075685,0.12144157
