Gaia/vari_eclipsing_binary/VariEclipsingBinary_230250-230271.csv
# %ECSV 1.0
# ---
# delimiter: ','
# meta: !!omap
# - RELEASE: Gaia DR3
# - TABLE: vari_eclipsing_binary
# - DESCRIPTION: >
#     This table describes the properties of the eclipsing binaries resulting from the variability analysis. 
# - CITATION: >
#     How to cite and acknowledge Gaia: 
#     https://gea.esac.esa.int/archive/documentation/credits.html 
# - KNOWN_ISSUES: >
#     Known issues: 
#     https://www.cosmos.esa.int/web/gaia-users/known-issues 
# - DOCUMENTATION: >
#     Tutorials and documentation: 
#     https://www.cosmos.esa.int/web/gaia-users/archive 
# datatype:
# - 
#   name: solution_id
#   datatype: int64
#   description: Solution Identifier
#   meta:
#     ucd: meta.version
# - 
#   name: source_id
#   datatype: int64
#   description: Unique source identifier
#   meta:
#     ucd: meta.id;meta.main
# - 
#   name: global_ranking
#   datatype: float32
#   description: Number between 0 (worst) and 1 (best)
#   meta:
#     ucd: stat.param
# - 
#   name: reference_time
#   datatype: float64
#   unit: d
#   description: Reference time used for the geometric model fit
#   meta:
#     ucd: time.epoch
# - 
#   name: frequency
#   datatype: float64
#   unit: d**-1
#   description: Frequency of geometric model of the eclipsing binary light curve
#   meta:
#     ucd: src.orbital
# - 
#   name: frequency_error
#   datatype: float32
#   unit: d**-1
#   description: "Uncertainty of \\texttt{frequency}"
#   meta:
#     ucd: stat.error
# - 
#   name: geom_model_reference_level
#   datatype: float32
#   unit: mag
#   description: Magnitude reference level of geometric model
#   meta:
#     ucd: phot.mag;em.opt
# - 
#   name: geom_model_reference_level_error
#   datatype: float32
#   unit: mag
#   description: "Uncertainty of \\texttt{geomModelReferenceLevel}"
#   meta:
#     ucd: stat.error;phot.mag;em.opt
# - 
#   name: geom_model_gaussian1_phase
#   datatype: float32
#   description: Phase of the Gaussian 1 component
#   meta:
#     ucd: time.phase
# - 
#   name: geom_model_gaussian1_phase_error
#   datatype: float32
#   description: "Uncertainty of \\texttt{geomModelGaussian1Phase}"
#   meta:
#     ucd: stat.error;time.phase
# - 
#   name: geom_model_gaussian1_sigma
#   datatype: float32
#   description: "Standard deviation [phase] of Gaussian 1 component"
#   meta:
#     ucd: stat.stdev
# - 
#   name: geom_model_gaussian1_sigma_error
#   datatype: float32
#   description: "Uncertainty of \\texttt{geomModelGaussian1Sigma}"
#   meta:
#     ucd: stat.error
# - 
#   name: geom_model_gaussian1_depth
#   datatype: float32
#   unit: mag
#   description: Magnitude depth of Gaussian 1 component
#   meta:
#     ucd: src.var.amplitude
# - 
#   name: geom_model_gaussian1_depth_error
#   datatype: float32
#   unit: mag
#   description: "Uncertainty of \\texttt{geomModelGaussian1Depth}"
#   meta:
#     ucd: stat.error;src.var.amplitude
# - 
#   name: geom_model_gaussian2_phase
#   datatype: float32
#   description: Phase of Gaussian 2 component
#   meta:
#     ucd: time.phase
# - 
#   name: geom_model_gaussian2_phase_error
#   datatype: float32
#   description: "Uncertainty of \\texttt{geomModelGaussian2Phase}"
#   meta:
#     ucd: stat.error;time.phase
# - 
#   name: geom_model_gaussian2_sigma
#   datatype: float32
[...]
#   datatype: float32
#   description: "Secondary eclipse: uncertainty of \\texttt{derivedSecondaryEclDuration}"
#   meta:
#     ucd: stat.error;time.duration
# - 
#   name: derived_secondary_ecl_depth
#   datatype: float32
#   unit: mag
#   description: "Secondary eclipse: depth"
#   meta:
#     ucd: src.var.amplitude
# - 
#   name: derived_secondary_ecl_depth_error
#   datatype: float32
#   unit: mag
#   description: "Secondary eclipse: uncertainty of \\texttt{derivedSecondaryEclDepth}"
#   meta:
#     ucd: stat.error;src.var.amplitude
solution_id,source_id,global_ranking,reference_time,frequency,frequency_error,geom_model_reference_level,geom_model_reference_level_error,geom_model_gaussian1_phase,geom_model_gaussian1_phase_error,geom_model_gaussian1_sigma,geom_model_gaussian1_sigma_error,geom_model_gaussian1_depth,geom_model_gaussian1_depth_error,geom_model_gaussian2_phase,geom_model_gaussian2_phase_error,geom_model_gaussian2_sigma,geom_model_gaussian2_sigma_error,geom_model_gaussian2_depth,geom_model_gaussian2_depth_error,geom_model_cosine_half_period_amplitude,geom_model_cosine_half_period_amplitude_error,geom_model_cosine_half_period_phase,geom_model_cosine_half_period_phase_error,model_type,num_model_parameters,reduced_chi2,derived_primary_ecl_phase,derived_primary_ecl_phase_error,derived_primary_ecl_duration,derived_primary_ecl_duration_error,derived_primary_ecl_depth,derived_primary_ecl_depth_error,derived_secondary_ecl_phase,derived_secondary_ecl_phase_error,derived_secondary_ecl_duration,derived_secondary_ecl_duration_error,derived_secondary_ecl_depth,derived_secondary_ecl_depth_error
[from data line 723]
375316653866487564,2025486480712299648,0.56979233,2219.980627274795,2.53372694879587,5.8780315E-6,15.590086,0.009991848,0.19402418,0.0027817446,0.09286563,0.0039033405,0.42161906,0.011893702,0.6926385,0.0034471538,0.08493351,0.004391163,0.4483877,0.012559168,null,null,null,null,"TWOGAUSSIANS",8,69.647934,0.6926385,0.0034471538,0.4,0.0,0.43212047,0.012016022,0.19402418,0.0027817446,0.4,0.0,0.4053514,0.0103146555
375316653866487564,2025486579436112128,0.59527445,2237.686773581951,3.591315907454823,4.1459184E-6,17.866829,0.027655447,0.25485906,0.0014253046,0.044755545,0.006547169,0.3278737,0.054410815,0.7606145,0.0018890363,0.047573082,0.0065800175,0.42639905,0.07740955,0.1298841,0.033391863,0.7606145,0.0018890363,"TWOGAUSSIANS_WITH_ELLIPSOIDAL_ON_ECLIPSE2",9,10.432194,0.7606145,0.0018890363,0.26640925,0.036848098,0.6861667,0.06538143,0.25549906,0.0011934572,0.25063103,0.036664147,0.5873396,0.027506392
375316653866487564,2025486652511051264,0.6130477,2240.7204598737494,0.7583482816059487,5.8624632E-6,16.913086,0.0054283896,0.20996137,0.0012278705,0.087973714,0.0020794254,0.4004859,0.008099584,0.7098046,0.002102755,0.09397259,0.0029162418,0.34980917,0.007904556,null,null,null,null,"TWOGAUSSIANS",8,6.1927047,0.20996137,0.0012278705,0.4,0.0,0.3834324,0.007896551,0.7098046,0.002102755,0.4,0.0,0.33275524,0.0075456602
375316653866487564,2025487202251542400,0.5618965,2223.9175603968065,3.2639444014976027,5.3522904E-6,19.769354,0.008538303,0.2389454,0.0030184276,0.06519269,0.004338682,0.826631,0.02486214,0.7313212,0.0017896186,0.06575478,0.0020351089,0.7287601,0.028909015,null,null,null,null,"TWOGAUSSIANS",8,1.8979818,0.2389454,0.0030184276,0.3650791,0.02429662,0.8257846,0.025061548,0.7313212,0.0017896186,0.36822677,0.011396609,0.72791374,0.028979063
375316653866487564,2025487545863963008,0.5314716,2205.9564028894006,2.407994503400764,1.7390277E-5,17.269854,0.018047294,0.2199209,0.008986757,0.0920442,0.01585466,0.14704175,0.016538689,0.7066802,0.0048962496,0.09601284,0.009983173,0.2419357,0.01644345,null,null,null,null,"TWOGAUSSIANS",8,11.227261,0.7066802,0.0048962496,0.4,0.0,0.23282328,0.010600618,0.2199209,0.008986859,0.4,0.0,0.13792998,0.010893882
375316653866487564,2025488301778230400,0.5997213,2228.3446278188294,2.4937466674759468,7.448669E-6,15.689391,0.03019781,0.21210657,0.0039159083,0.059115477,0.013956833,0.21415402,0.06259506,0.71582025,0.003699668,0.058230788,0.008823849,0.24793725,0.06107294,0.09252278,0.033904694,0.21210657,0.0039159083,"TWOGAUSSIANS_WITH_ELLIPSOIDAL_ON_ECLIPSE1",9,57.454353,0.71582025,0.003699668,0.32609242,0.049413554,0.43283463,0.010731555,0.21210657,0.0039159083,0.33104667,0.07815826,0.39915213,0.016827514
375316653866487564,2025488404857440128,0.59173244,2234.1061607214724,2.232539209693197,5.9106314E-6,17.383045,0.019957447,0.2745671,0.0022698133,0.12251109,0.009954546,0.2018689,0.018804837,0.777299,0.0023436605,0.109483115,0.007351876,0.22119069,0.020324204,null,null,null,null,"TWOGAUSSIANS",8,1.4770672,0.77731895,0.0023521178,0.4,0.0,0.18112344,0.0039595743,0.2745671,0.002274052,0.4,0.0,0.16171691,0.003338125
375316653866487564,2025488434857925376,0.60922855,2245.583210207303,0.47951233717007874,3.621268E-5,16.942568,0.0014109018,0.34277532,0.009860193,0.038108476,0.006965354,0.5615451,0.26037592,null,null,null,null,null,null,null,null,null,null,"ONEGAUSSIAN",5,4.2697754,0.34277532,0.009860193,0.21340746,0.039005984,0.5615451,0.0,null,null,null,null,null,null
375316653866487564,2025489568733397632,0.5380571,2219.1690836432704,1.811640969525572,7.489374E-6,18.36141,0.0054220427,0.22649539,0.005789884,0.06189425,0.0064748586,0.2587828,0.036400273,0.7202673,0.002019204,0.061017923,0.0028786603,0.4726,0.019419903,null,null,null,null,"TWOGAUSSIANS",8,8.2736435,0.7202673,0.002019204,0.34170038,0.016120497,0.4724557,0.019455452,0.22649539,0.005789884,0.3466078,0.036259208,0.2586385,0.036476504
375316653866487564,2025489603113699456,0.4454813,2247.3386814829933,0.5352527499642215,1.429218E-4,18.870876,0.7015279,0.15092975,0.09020039,0.04926266,0.3990013,0.16579199,0.60140336,0.62795997,0.0065955794,0.012809048,0.007937955,1.3392774,1.250942,null,null,null,null,"TWOGAUSSIANS",8,29.207113,0.62795997,0.0065955794,0.07173067,0.044452548,1.3392774,1.2502874,0.15092975,0.09020039,0.2758709,0.18320909,0.16579199,0.06849824
375316653866487564,2025489671833235072,0.5800105,2237.9562995525257,3.2994711132233436,7.5708595E-6,18.967358,0.014261757,0.2669853,0.001467678,0.041786768,0.0032762198,0.47377375,0.037668895,0.76243013,0.008971049,0.03853182,0.006792496,0.6400669,0.18030272,0.13342921,0.022682479,0.2669853,0.001467678,"TWOGAUSSIANS_WITH_ELLIPSOIDAL_ON_ECLIPSE1",9,4.835786,0.7626401,0.0087065855,0.21577819,0.038037978,0.90671694,0.18512733,0.2669853,0.001467678,0.23400591,0.018346831,0.7406322,0.027443493
375316653866487564,2025489981046180224,0.5598661,2251.010044725778,0.3431258603151339,1.0332637E-5,17.722414,0.0026043782,0.7171515,0.0031640045,0.02510786,0.0024760964,0.23660281,0.016052544,null,null,null,null,null,null,0.029484417,0.004069619,0.7171515,0.0031640045,"ONEGAUSSIAN_WITH_ELLIPSOIDAL",6,3.0589395,0.7171515,0.0031640045,0.14060402,0.01386614,0.29557157,0.0148332575,null,null,null,null,null,null
375316653866487564,2025490294643365760,0.6115197,2240.2042872256266,2.3305820810663715,5.6881463E-6,17.389423,0.013297055,0.26037472,0.0023280117,0.055031884,0.003810336,0.4280941,0.03128597,0.7631699,0.0024224634,0.047765967,0.0040529133,0.36922154,0.030061407,0.10307679,0.017055312,0.26037472,0.0023280117,"TWOGAUSSIANS_WITH_ELLIPSOIDAL_ON_ECLIPSE1",9,11.688256,0.26037472,0.0023280117,0.30817854,0.021337882,0.63423324,0.014265639,0.7631699,0.0024224634,0.2674894,0.022696314,0.5752971,0.015608716
375316653866487564,2025490603881101824,0.54987967,2217.464839810505,2.5795050253177214,1.8719127E-5,18.142866,0.014428029,0.31474248,0.007351211,0.07548296,0.008619715,0.6293958,0.04573064,0.81856,0.0016988205,0.06512884,0.0046519567,0.29864872,0.013288242,null,null,null,null,"TWOGAUSSIANS",8,12.779748,0.31474248,0.007351211,0.4,0.0,0.62795234,0.04629743,0.81856,0.0016988205,0.36472148,0.026050957,0.29720524,0.012538672
375316653866487564,2025490741305831424,0.57872397,2222.5294092618096,3.795176836644662,6.291395E-6,19.424465,0.019491713,0.26849228,0.0033111088,0.05001219,0.0071266503,0.4357069,0.041313764,0.769565,0.0074123675,0.045065038,0.0072249384,0.38969466,0.05317768,0.122566834,0.025478235,0.26849228,0.0033111088,"TWOGAUSSIANS_WITH_ELLIPSOIDAL_ON_ECLIPSE1",9,2.9934664,0.26849228,0.0033111088,0.28006825,0.039909244,0.6808389,0.033106018,0.769565,0.0073183523,0.2523642,0.040459655,0.6348155,0.027188387
375316653866487564,2025490908763309184,0.4677427,2241.3398250379537,4.223555912889986,3.65807E-5,19.58249,0.04301942,0.2741773,0.009525493,0.088354185,0.020618288,0.19077435,0.042205807,0.7464313,0.01499851,0.11274233,0.026197962,0.20387393,0.04261811,null,null,null,null,"TWOGAUSSIANS",8,2.2398722,0.7464313,0.01499851,0.4,0.0,0.19132183,0.02180706,0.27421734,0.009615582,0.4,0.0,0.1782573,0.01945279
375316653866487564,2025491943895814912,0.50809157,2197.423374429079,0.9214560081629449,1.418001E-5,18.025185,0.19081451,0.25212187,0.004138915,0.15907535,0.07725203,0.18770802,0.18924735,0.7492533,0.0049220384,0.11662099,0.031717967,0.23428756,0.1488996,null,null,null,null,"TWOGAUSSIANS",8,2.2049851,0.7492533,0.0049220384,0.4,0.0,0.16086298,0.01326882,0.25214186,0.0041404944,0.4,0.0,0.111640945,0.0049557383
375316653866487564,2025492867290568192,0.45427758,2175.5258733086425,0.2440008870077981,2.445119E-5,19.186832,0.00767989,0.15572098,5.650971E-4,0.009772488,7.29044E-4,0.5494909,0.09045317,0.9010118,0.025226519,0.01895361,0.019917695,0.5167374,31371.377,null,null,null,null,"TWOGAUSSIANS",8,6.2807264,0.15572098,5.650971E-4,0.05472593,0.0040826467,0.5494909,0.09045317,0.9010118,0.025226519,0.10614022,0.11153909,0.5167374,31371.377
375316653866487564,2025492974703046784,0.4654945,2187.062682758044,1.6366171052339074,2.4011946E-5,16.623825,0.011837307,0.30681017,0.017463177,0.09431118,0.026183425,0.07496762,0.014978863,0.8057999,0.006078991,0.08503454,0.01779113,0.07153562,0.010515559,null,null,null,null,"TWOGAUSSIANS",8,13.868845,0.30681017,0.017463177,0.4,0.0,0.072009094,0.010947978,0.8057999,0.0060754344,0.4,0.0,0.06857721,0.0048085796
375316653866487564,2025493313945133184,0.53493035,2171.5029176643843,3.5119163176084705,1.9967096E-5,19.311718,0.03379075,0.25076768,0.005066879,0.037954446,0.02385069,0.2175303,0.07886459,0.7496331,0.02485963,0.047497187,0.02743969,0.14936651,0.07419893,0.14230075,0.04130012,0.25076768,0.005066879,"TWOGAUSSIANS_WITH_ELLIPSOIDAL_ON_ECLIPSE1",9,3.3592048,0.25076768,0.005066879,0.2125449,0.13356386,0.5021311,0.089175545,0.7499231,0.02269791,0.26598424,0.15366226,0.4339565,0.0319893
375316653866487564,2025493627523382016,0.47649208,2181.0827988575884,2.4181326950255397,2.4348237E-5,18.769424,0.0399778,0.23027489,0.01023854,0.09034562,0.018976364,0.38701957,0.07729581,0.7178334,0.007849117,0.08559724,0.013206767,0.48979566,0.037354566,null,null,null,null,"TWOGAUSSIANS",8,21.148085,0.7178334,0.007849117,0.4,0.0,0.4773301,0.029288732,0.23027489,0.01023854,0.4,0.0,0.37455386,0.08079872
375316653866487564,2025493764977106944,0.5675213,2202.695928509653,0.7298517907148104,9.309371E-6,15.970749,0.0016191287,0.22973616,0.032010246,0.08253474,0.03329752,0.0058989623,0.002772532,0.44193834,0.0025326663,0.027203647,0.0026304238,0.17316201,0.020033961,null,null,null,null,"TWOGAUSSIANS",8,4.7098584,0.44193834,0.0025326663,0.15234043,0.014730373,0.17337845,0.02025653,0.22973616,0.032010246,0.4,0.028303677,0.0058989623,0.0027725324
