Gaia/vari_eclipsing_binary/VariEclipsingBinary_221912-222128.csv
# %ECSV 1.0
# ---
# delimiter: ','
# meta: !!omap
# - RELEASE: Gaia DR3
# - TABLE: vari_eclipsing_binary
# - DESCRIPTION: >
#     This table describes the properties of the eclipsing binaries resulting from the variability analysis. 
# - CITATION: >
#     How to cite and acknowledge Gaia: 
#     https://gea.esac.esa.int/archive/documentation/credits.html 
# - KNOWN_ISSUES: >
#     Known issues: 
#     https://www.cosmos.esa.int/web/gaia-users/known-issues 
# - DOCUMENTATION: >
#     Tutorials and documentation: 
#     https://www.cosmos.esa.int/web/gaia-users/archive 
# datatype:
# - 
#   name: solution_id
#   datatype: int64
#   description: Solution Identifier
#   meta:
#     ucd: meta.version
# - 
#   name: source_id
#   datatype: int64
#   description: Unique source identifier
#   meta:
#     ucd: meta.id;meta.main
# - 
#   name: global_ranking
#   datatype: float32
#   description: Number between 0 (worst) and 1 (best)
#   meta:
#     ucd: stat.param
# - 
#   name: reference_time
#   datatype: float64
#   unit: d
#   description: Reference time used for the geometric model fit
#   meta:
#     ucd: time.epoch
# - 
#   name: frequency
#   datatype: float64
#   unit: d**-1
#   description: Frequency of geometric model of the eclipsing binary light curve
#   meta:
#     ucd: src.orbital
# - 
#   name: frequency_error
#   datatype: float32
#   unit: d**-1
#   description: "Uncertainty of \\texttt{frequency}"
#   meta:
#     ucd: stat.error
# - 
#   name: geom_model_reference_level
#   datatype: float32
#   unit: mag
#   description: Magnitude reference level of geometric model
#   meta:
#     ucd: phot.mag;em.opt
# - 
#   name: geom_model_reference_level_error
#   datatype: float32
#   unit: mag
#   description: "Uncertainty of \\texttt{geomModelReferenceLevel}"
#   meta:
#     ucd: stat.error;phot.mag;em.opt
# - 
#   name: geom_model_gaussian1_phase
#   datatype: float32
#   description: Phase of the Gaussian 1 component
#   meta:
#     ucd: time.phase
# - 
#   name: geom_model_gaussian1_phase_error
#   datatype: float32
#   description: "Uncertainty of \\texttt{geomModelGaussian1Phase}"
#   meta:
#     ucd: stat.error;time.phase
# - 
#   name: geom_model_gaussian1_sigma
#   datatype: float32
#   description: "Standard deviation [phase] of Gaussian 1 component"
#   meta:
#     ucd: stat.stdev
# - 
#   name: geom_model_gaussian1_sigma_error
#   datatype: float32
#   description: "Uncertainty of \\texttt{geomModelGaussian1Sigma}"
#   meta:
#     ucd: stat.error
# - 
#   name: geom_model_gaussian1_depth
#   datatype: float32
#   unit: mag
#   description: Magnitude depth of Gaussian 1 component
#   meta:
#     ucd: src.var.amplitude
# - 
#   name: geom_model_gaussian1_depth_error
#   datatype: float32
#   unit: mag
#   description: "Uncertainty of \\texttt{geomModelGaussian1Depth}"
#   meta:
#     ucd: stat.error;src.var.amplitude
# - 
#   name: geom_model_gaussian2_phase
#   datatype: float32
#   description: Phase of Gaussian 2 component
#   meta:
#     ucd: time.phase
# - 
#   name: geom_model_gaussian2_phase_error
#   datatype: float32
#   description: "Uncertainty of \\texttt{geomModelGaussian2Phase}"
#   meta:
#     ucd: stat.error;time.phase
# - 
#   name: geom_model_gaussian2_sigma
#   datatype: float32
[...]
#   datatype: float32
#   description: "Secondary eclipse: uncertainty of \\texttt{derivedSecondaryEclDuration}"
#   meta:
#     ucd: stat.error;time.duration
# - 
#   name: derived_secondary_ecl_depth
#   datatype: float32
#   unit: mag
#   description: "Secondary eclipse: depth"
#   meta:
#     ucd: src.var.amplitude
# - 
#   name: derived_secondary_ecl_depth_error
#   datatype: float32
#   unit: mag
#   description: "Secondary eclipse: uncertainty of \\texttt{derivedSecondaryEclDepth}"
#   meta:
#     ucd: stat.error;src.var.amplitude
solution_id,source_id,global_ranking,reference_time,frequency,frequency_error,geom_model_reference_level,geom_model_reference_level_error,geom_model_gaussian1_phase,geom_model_gaussian1_phase_error,geom_model_gaussian1_sigma,geom_model_gaussian1_sigma_error,geom_model_gaussian1_depth,geom_model_gaussian1_depth_error,geom_model_gaussian2_phase,geom_model_gaussian2_phase_error,geom_model_gaussian2_sigma,geom_model_gaussian2_sigma_error,geom_model_gaussian2_depth,geom_model_gaussian2_depth_error,geom_model_cosine_half_period_amplitude,geom_model_cosine_half_period_amplitude_error,geom_model_cosine_half_period_phase,geom_model_cosine_half_period_phase_error,model_type,num_model_parameters,reduced_chi2,derived_primary_ecl_phase,derived_primary_ecl_phase_error,derived_primary_ecl_duration,derived_primary_ecl_duration_error,derived_primary_ecl_depth,derived_primary_ecl_depth_error,derived_secondary_ecl_phase,derived_secondary_ecl_phase_error,derived_secondary_ecl_duration,derived_secondary_ecl_duration_error,derived_secondary_ecl_depth,derived_secondary_ecl_depth_error
[from data line 534]
375316653866487564,1953568382849647488,0.54849494,2255.477461114383,4.078963206717167,9.931363E-6,18.555504,0.010078618,0.25700155,0.0040567894,0.08951179,0.0065346067,0.3104413,0.013121869,0.7463411,0.0023163068,0.079375096,0.0042401096,0.3385847,0.011172575,null,null,null,null,"TWOGAUSSIANS",8,3.4475448,0.7463411,0.0023163068,0.4,0.0,0.33191067,0.0105341,0.25700155,0.0040567894,0.4,0.0,0.30376714,0.012744015
375316653866487564,1953569929038000128,0.58929986,2258.1360753262957,4.713191535251472,1.1344494E-5,19.09715,0.005822405,0.2742031,0.0019814407,0.060193393,0.0024732004,0.6637666,0.018709606,0.77884644,0.0020873374,0.06526393,0.0028264509,0.72550136,0.03975809,null,null,null,null,"TWOGAUSSIANS",8,2.5992894,0.77884644,0.0020873374,0.36547798,0.015828125,0.72507536,0.039885417,0.2742031,0.0019814407,0.337083,0.013849922,0.6633406,0.01875373
375316653866487564,1953572029281702784,0.5365067,2250.5445243988497,3.373945059156049,1.8266897E-5,17.498714,0.0098612765,0.25418955,0.0044796276,0.07855115,0.005606141,0.31614706,0.015198996,0.7370704,0.0058946847,0.077802174,0.006423812,0.44127068,0.014611326,null,null,null,null,"TWOGAUSSIANS",8,18.715149,0.7370704,0.0058946847,0.4,0.0,0.43813,0.013284039,0.25418955,0.0044796276,0.4,0.0,0.31300637,0.014995927
375316653866487564,1953575602694591232,0.55636317,2263.5548658321964,2.2889388756408766,6.7788806E-6,14.384532,0.002500075,0.19991526,0.0025410005,0.05449266,0.008886821,0.0411973,0.005722452,0.70187545,0.0039874376,0.052232824,0.005829862,0.03746045,0.0056450455,0.021185646,0.003236069,0.19991526,0.0025410005,"TWOGAUSSIANS_WITH_ELLIPSOIDAL_ON_ECLIPSE1",9,16.58088,0.19991526,0.0025410005,0.3051589,0.049766198,0.08356701,0.0041271765,0.70187545,0.003963257,0.2925038,0.032647226,0.079823725,0.0029916316
375316653866487564,1953580172537427712,0.58990353,2243.197571255024,3.546787190198722,6.209553E-6,18.304466,0.020483006,0.23488021,0.0013291172,0.048932396,0.0044831177,0.3716179,0.04085691,0.73230976,0.005750274,0.05724429,0.008615412,0.31565535,0.042595483,0.05843584,0.023643987,0.23488021,0.0013291172,"TWOGAUSSIANS_WITH_ELLIPSOIDAL_ON_ECLIPSE1",9,4.091194,0.23488021,0.0013291172,0.27402142,0.025105458,0.48847017,0.015281267,0.73252976,0.0052518444,0.32056803,0.048246305,0.4324798,0.016801234
375316653866487564,1953585940673017856,0.4539512,2247.8576922203333,0.3297192572514697,2.148314E-5,18.699411,0.003935348,0.13336375,0.009471571,0.008118363,0.006061582,0.23076761,16.17943,0.82388675,0.0011013157,0.009698695,0.0011024032,0.36141106,0.0953072,null,null,null,null,"TWOGAUSSIANS",8,5.8592315,0.82388675,0.0011013157,0.054312687,0.0061734575,0.36141106,0.0953072,0.13336375,0.009471571,0.045462836,0.03394486,0.23076761,16.17943
375316653866487564,1953589380947406464,0.66293174,2233.407719006534,2.7290442843376566,5.1339125E-6,14.781384,0.0052519734,0.2627281,0.0016448711,0.045525618,0.0020275456,0.34509775,0.015000277,0.76069564,0.0011475623,0.04578066,0.0037339833,0.32543847,0.011127237,0.12213675,0.007863764,0.76069564,0.0011475623,"TWOGAUSSIANS_WITH_ELLIPSOIDAL_ON_ECLIPSE2",9,68.682076,0.2625181,0.0014565246,0.25494346,0.011354255,0.58933496,0.01023722,0.76069564,0.0011475623,0.2563717,0.020910306,0.5697114,0.00852021
375316653866487564,1953591270733155072,0.53909,2250.650420083738,3.6233391819293113,6.6762705E-6,17.098663,0.037889082,0.24812365,0.0026251806,0.037689444,0.012632446,0.27077532,0.065856,0.74491405,0.0034468363,0.056958757,0.009203064,0.44067118,0.07726848,0.11205161,0.047787957,0.24812365,0.0026251806,"TWOGAUSSIANS_WITH_ELLIPSOIDAL_ON_ECLIPSE1",9,82.95655,0.7452841,0.0029622864,0.31896904,0.051537156,0.6646709,0.04641335,0.24812365,0.0026251806,0.21106088,0.0707417,0.49485564,0.03659246
375316653866487564,1953593396736857600,0.55500346,2248.593078874588,2.823827090433955,1.3298535E-5,18.271223,0.007289648,0.15468821,0.004943155,0.08557971,0.005825534,0.272432,0.009608757,0.6614663,0.0033630077,0.08645755,0.0046526366,0.22824667,0.008132793,null,null,null,null,"TWOGAUSSIANS",8,3.5351708,0.15468821,0.004943155,0.4,0.0,0.265928,0.008773038,0.6614663,0.0033630077,0.4,0.0,0.22174267,0.0068978597
375316653866487564,1953595870637475584,0.44398454,2228.609343907893,1.3078759466146763,2.2953678E-5,17.369202,0.0088979965,0.35001722,0.013424648,0.025960222,0.031689808,0.17322621,0.08822543,0.8393493,0.009561624,0.020149412,0.006506262,0.32555422,0.25813845,null,null,null,null,"TWOGAUSSIANS",8,38.291367,0.8393493,0.009561624,0.11283671,0.036435064,0.32555422,0.25813845,0.35001722,0.013424648,0.14537725,0.17746294,0.17322621,0.08822543
375316653866487564,1953597627284718720,0.5466762,2253.1936651236456,0.2333078454930285,2.8359971E-5,12.719405,4.0411483E-4,0.5241163,0.0049217464,0.0063997842,0.0033304878,0.14401312,0.023322033,null,null,null,null,null,null,null,null,null,null,"ONEGAUSSIAN",5,32.777027,0.5241163,0.0049217464,0.035838794,0.018650731,0.14401312,0.0,null,null,null,null,null,null
375316653866487564,1953601093318099712,0.58081686,2264.6960780119707,2.0545807737561796,5.7012485E-6,18.068518,0.0035620916,0.26338413,0.0014491595,0.07581279,0.0021005254,0.29979044,0.0071603647,0.77076644,0.0023903772,0.09236917,0.0040788627,0.16226558,0.004341467,null,null,null,null,"TWOGAUSSIANS",8,1.6537877,0.26338413,0.0014491595,0.4,0.0,0.2953377,0.007311143,0.77076644,0.0023903772,0.4,0.0,0.1578127,0.0040359916
375316653866487564,1953604739750601984,0.49978814,2256.12327535605,1.8810392710622446,2.5591191E-5,14.047831,0.033730697,0.25946403,0.0045459075,0.11864959,0.017126812,0.18082501,0.032293078,0.74921566,0.00813059,0.111889325,0.023220014,0.16350076,0.029004108,null,null,null,null,"TWOGAUSSIANS",8,236.291,0.25948402,0.0045238286,0.4,0.0,0.15111506,0.00678535,0.74921566,0.00813059,0.4,0.0,0.13382804,0.0121948905
375316653866487564,1953613020442862720,0.48040348,2293.4421068538772,3.269837523023919,1.6530219E-5,18.1178,0.006920063,0.23967387,0.0064335214,0.051321093,0.0077890377,0.15683234,0.012184912,0.74185246,0.005190848,0.06277148,0.006208813,0.16843098,0.008449693,null,null,null,null,"TWOGAUSSIANS",8,9.060341,0.74185246,0.005190848,0.35152027,0.034769353,0.16841084,0.008439429,0.23967387,0.0064335214,0.28739813,0.043618612,0.15681218,0.012187141
375316653866487564,1953614188679161856,0.47434345,2236.1105941824085,0.444581277589111,2.6665615E-5,15.643912,0.31789953,0.36916754,0.015663197,0.34431234,0.045914624,0.57120085,0.28467667,0.8383599,0.003777974,0.037927963,0.0030810551,0.41403687,0.04569145,null,null,null,null,"TWOGAUSSIANS",8,284.2625,0.8383599,0.003777974,0.2123966,0.01725391,0.39871156,0.04487191,0.36916754,0.015663197,0.4,0.0,0.17283915,0.024649888
375316653866487564,1953622606815076352,0.5765907,2242.228538850804,2.4562365840466667,8.284619E-6,16.526192,0.018153535,0.2072501,0.005999679,0.055668052,0.008978159,0.22981095,0.041014764,0.71428835,0.002555129,0.054236464,0.005468555,0.2388533,0.039915238,0.1126913,0.021932364,0.71428835,0.002555129,"TWOGAUSSIANS_WITH_ELLIPSOIDAL_ON_ECLIPSE2",9,44.77045,0.71428835,0.002555129,0.3037242,0.030623907,0.4642244,0.009878154,0.2086101,0.004638591,0.3117411,0.05027769,0.45482674,0.025848094
375316653866487564,1953626558184908544,0.47383058,2235.255625491111,1.0905949120446585,7.3320325E-6,19.869757,0.0067365975,0.10656985,0.005764972,0.009113525,0.008445875,0.35704786,9.4176301E8,0.63536286,0.0013977933,0.017348696,0.0011562252,0.6476255,0.0587821,null,null,null,null,"TWOGAUSSIANS",8,3.108397,0.63536286,0.0013977933,0.097152695,0.0064748614,0.6476255,0.0587821,0.10656985,0.005764972,0.05103574,0.047296897,0.35704786,9.4176301E8
375316653866487564,1953627142300450816,0.49639013,2232.4545234202888,1.3681665840341526,1.7125389E-5,16.483309,0.0064702802,0.2391938,0.005522524,0.109840564,0.014452833,0.0609533,0.0060540214,0.7479772,0.00417415,0.10060608,0.011616593,0.052771382,0.0061582215,null,null,null,null,"TWOGAUSSIANS",8,2.8067398,0.2391938,0.005522524,0.4,0.0,0.054838225,0.0025743295,0.7479872,0.00418282,0.4,0.0,0.046659913,0.0023815157
375316653866487564,1953632257601743360,0.55743533,2258.446753032972,3.4745110283540948,9.05136E-6,19.175442,0.0066636354,0.22943522,0.0030999316,0.07908982,0.0043205502,0.34067348,0.010142411,0.7407138,0.0030586887,0.081039,0.0035916138,0.30647638,0.0077776425,null,null,null,null,"TWOGAUSSIANS",8,1.2236385,0.22943522,0.0030999316,0.4,0.0,0.3367266,0.00997554,0.7407138,0.0030586887,0.4,0.0,0.30252954,0.006750101
375316653866487564,1953632291961503104,0.6384474,2240.7894399525376,2.9529462942404883,4.647405E-6,17.879936,0.0047919205,0.2751834,9.34586E-4,0.04894272,0.0030792032,0.31514505,0.033907745,0.77434355,0.0015039067,0.051763296,0.0018641968,0.32628793,0.013117393,0.115934104,0.0055558644,0.2751834,9.34586E-4,"TWOGAUSSIANS_WITH_ELLIPSOIDAL_ON_ECLIPSE1",9,2.917813,0.7744536,0.0012906755,0.28987446,0.010439502,0.558147,0.010504872,0.2751834,9.34586E-4,0.27407923,0.017243538,0.54700977,0.03626675
375316653866487564,1953635865374493056,0.52517223,2267.49914050366,2.0165174259057648,7.4960844E-6,19.377007,0.0072009927,0.25350484,0.0027858983,0.047645863,0.004453625,0.7043683,0.11006221,0.75556034,0.0053580753,0.047106683,0.0058940146,0.3879616,0.029139427,null,null,null,null,"TWOGAUSSIANS",8,3.8584328,0.25350484,0.0027858983,0.26681682,0.0249403,0.70436746,0.11006359,0.75556034,0.0053580753,0.26379743,0.03300648,0.38796076,0.02914174
375316653866487564,1953636174612135424,0.6044897,2249.534254195099,3.767989164918402,4.682014E-6,17.044851,0.0075928527,0.26718274,0.0013829741,0.046307784,0.0028805097,0.2692685,0.01718891,0.772702,0.004289208,0.05328316,0.0048523294,0.21308884,0.018418837,0.10802655,0.008701918,0.26718274,0.0013829741,"TWOGAUSSIANS_WITH_ELLIPSOIDAL_ON_ECLIPSE1",9,11.9727745,0.26718274,0.0013829741,0.2593236,0.016130853,0.4853183,0.0099751055,0.772702,0.004289208,0.29838568,0.027173044,0.4288789,0.013900264
375316653866487564,1953638618453261824,0.5121772,2252.302553296326,3.5831103877290995,1.5472124E-5,17.051973,0.23861858,0.27229485,0.0047172704,0.12174921,0.045681924,0.20692618,0.21632977,0.76286787,0.0048217936,0.13461292,0.056411102,0.22866248,0.23217055,null,null,null,null,"TWOGAUSSIANS",8,12.049053,0.76286787,0.0048217936,0.4,0.0,0.16827466,0.007083553,0.27252486,0.0038608164,0.4,0.0,0.14692059,0.0074603246
375316653866487564,1953645937077284224,0.63613355,2236.631395063806,1.7927312264185005,2.9718387E-6,13.646896,0.0036908572,0.25645906,9.672954E-4,0.064887635,0.0039990474,0.07469251,0.007690007,0.75326574,0.0037605106,0.05515774,0.003741403,0.0928043,0.0083401585,0.032633815,0.004271452,0.25645906,9.672954E-4,"TWOGAUSSIANS_WITH_ELLIPSOIDAL_ON_ECLIPSE1",9,17.640247,0.75372577,0.0032167784,0.30888334,0.020951858,0.15800288,0.0034496563,0.25645906,9.672954E-4,0.36337078,0.022394666,0.13991357,0.0017684593
375316653866487564,1953653186982592896,0.6666829,2260.582052732846,0.3463273679180576,6.951747E-6,15.820714,0.002363548,0.2034423,0.0022253543,0.027530696,0.0017586983,0.09232363,0.00571771,0.7057687,3.545343E-4,0.028774941,4.6394425E-4,0.95673746,0.015008181,0.024023334,0.0037323835,0.2034423,0.0022253543,"TWOGAUSSIANS_WITH_ELLIPSOIDAL_ON_ECLIPSE1",9,30.21134,0.7057687,3.545343E-4,0.16113967,0.0025980878,1.0047739,0.015654394,0.2034423,0.0022253543,0.1541719,0.00984871,0.1403703,0.004292855
375316653866487564,1953656244999489792,0.6210679,2241.4623799820406,3.1703223121852337,3.616509E-6,14.029536,0.010876549,0.23938367,0.006139989,0.04734706,0.0054759644,0.16065246,0.02391821,0.73147756,0.0019649302,0.054101594,0.0076728673,0.22611436,0.018041562,0.101765834,0.011971648,0.73147756,0.0019649302,"TWOGAUSSIANS_WITH_ELLIPSOIDAL_ON_ECLIPSE2",9,166.95195,0.73147756,0.0019649302,0.30296892,0.042968057,0.42964047,0.016627083,0.23793367,0.0050077196,0.26514354,0.0306654,0.36376852,0.0063266787
375316653866487564,1953656897834381184,0.53960097,2218.915952702109,3.3889695031515816,1.6401915E-5,16.708221,0.016874326,0.26781717,0.0031535649,0.098924585,0.0072289575,0.3047162,0.01608192,0.7649219,0.006173948,0.09797196,0.009658117,0.2930497,0.018307729,null,null,null,null,"TWOGAUSSIANS",8,31.417948,0.26781717,0.0031535649,0.4,0.0,0.28181154,0.009741688,0.7649219,0.006173948,0.4,0.0,0.27014545,0.016859174
375316653866487564,1953658237864368000,0.49723965,2230.3225864262054,0.32752096112272056,6.487545E-5,17.800396,0.0014532557,0.40994468,0.04337868,0.022249999,0.025542676,0.018085718,1.1872114,0.62710375,0.0116503155,0.033096317,0.006063283,0.1283775,0.023500044,null,null,null,null,"TWOGAUSSIANS",8,1.1701945,0.62710375,0.0116503155,0.18533938,0.033954386,0.1283775,0.023500044,0.40994468,0.04337868,0.124599986,0.14303899,0.018085718,1.1872114
375316653866487564,1953662807709428096,0.6078373,2261.1750710412957,3.28820169482232,4.25176E-6,15.196767,0.009265176,0.2530189,0.0013654145,0.05439889,0.0026143766,0.3751603,0.024365578,0.7519474,0.0027023605,0.046041865,0.003836287,0.2881751,0.023533197,0.100639075,0.014337941,0.2530189,0.0013654145,"TWOGAUSSIANS_WITH_ELLIPSOIDAL_ON_ECLIPSE1",9,156.84926,0.2530189,0.0013654145,0.3046338,0.014640508,0.57642865,0.012411524,0.7520574,0.0024556695,0.25783446,0.021483207,0.4894353,0.012107323
375316653866487564,1953666582981632640,0.5412837,2274.1637944329837,2.497353103096212,7.741797E-6,18.79857,0.008568582,0.27187857,0.003810611,0.087531075,0.004464057,0.29729223,0.01174562,0.772935,0.0022342312,0.08154002,0.0037194404,0.33824787,0.01202465,null,null,null,null,"TWOGAUSSIANS",8,2.412054,0.772935,0.0022342312,0.4,0.0,0.33042124,0.01197229,0.27187857,0.003810611,0.4,0.0,0.28946558,0.0107957
375316653866487564,1953667549353425152,0.6363616,2253.5946636836643,4.0516817334292785,3.4959874E-6,17.463902,0.00351437,0.23383757,0.0015583772,0.051287428,0.0029430026,0.17648359,0.013981866,0.73423976,0.0013364361,0.042718124,0.002379827,0.1972239,0.008107196,0.06884806,0.004807172,0.23383757,0.0015583772,"TWOGAUSSIANS_WITH_ELLIPSOIDAL_ON_ECLIPSE1",9,2.8192391,0.73423976,0.0013063553,0.2392215,0.01332703,0.33491778,0.007390955,0.23383757,0.0015583772,0.2872096,0.016480815,0.31417835,0.012429202
375316653866487564,1953668751944292352,0.46934074,2250.093279151024,2.3103470439724023,2.0008622E-5,16.690588,0.0017886114,null,null,null,null,null,null,null,null,null,null,null,null,0.03121401,0.0024128195,0.2060015,0.0055015637,"ELLIPSOIDAL",4,6.5603952,null,null,null,null,null,null,null,null,null,null,null,null
375316653866487564,1953671874381534592,0.49812368,2261.247387485363,4.314096070578065,1.3318343E-5,19.4291,0.016862536,0.21579006,0.0044211755,0.0885715,0.009389443,0.28061104,0.017593669,0.70534647,0.0049128113,0.08910918,0.009292017,0.32097444,0.028307803,null,null,null,null,"TWOGAUSSIANS",8,1.7657971,0.70534647,0.0049128113,0.4,0.0,0.3112878,0.029199336,0.21579006,0.0044211755,0.4,0.0,0.27092442,0.016301803
375316653866487564,1953675138556755200,0.5754482,2249.6129747207206,3.7230365644838774,6.6300704E-6,19.155672,0.0078120837,0.28554776,0.0027417922,0.066221885,0.0030398362,0.5365579,0.020812795,0.78343827,0.004749254,0.066647366,0.005020914,0.6360774,0.031842332,null,null,null,null,"TWOGAUSSIANS",8,2.2814775,0.78343827,0.004749254,0.37322524,0.028117118,0.6351514,0.032033004,0.28554776,0.0027417922,0.37084258,0.017023083,0.5356319,0.020929147
375316653866487564,1953675482154159360,0.5447868,2213.948512312737,3.7259837294690503,9.025251E-6,19.07708,0.00791496,0.23156177,0.0029143551,0.08500876,0.0044240477,0.26049525,0.013108153,0.726402,0.0049262014,0.06864065,0.0046244124,0.3474278,0.012908173,null,null,null,null,"TWOGAUSSIANS",8,1.5829678,0.726402,0.0049262014,0.38438764,0.025896711,0.3447869,0.012059759,0.23156177,0.0029143551,0.4,0.0,0.25785437,0.0129876705
