Gaia/vari_eclipsing_binary/VariEclipsingBinary_465039-465051.csv
# %ECSV 1.0
# ---
# delimiter: ','
# meta: !!omap
# - RELEASE: Gaia DR3
# - TABLE: vari_eclipsing_binary
# - DESCRIPTION: >
#     This table describes the properties of the eclipsing binaries resulting from the variability analysis. 
# - CITATION: >
#     How to cite and acknowledge Gaia: 
#     https://gea.esac.esa.int/archive/documentation/credits.html 
# - KNOWN_ISSUES: >
#     Known issues: 
#     https://www.cosmos.esa.int/web/gaia-users/known-issues 
# - DOCUMENTATION: >
#     Tutorials and documentation: 
#     https://www.cosmos.esa.int/web/gaia-users/archive 
# datatype:
# - 
#   name: solution_id
#   datatype: int64
#   description: Solution Identifier
#   meta:
#     ucd: meta.version
# - 
#   name: source_id
#   datatype: int64
#   description: Unique source identifier
#   meta:
#     ucd: meta.id;meta.main
# - 
#   name: global_ranking
#   datatype: float32
#   description: Number between 0 (worst) and 1 (best)
#   meta:
#     ucd: stat.param
# - 
#   name: reference_time
#   datatype: float64
#   unit: d
#   description: Reference time used for the geometric model fit
#   meta:
#     ucd: time.epoch
# - 
#   name: frequency
#   datatype: float64
#   unit: d**-1
#   description: Frequency of geometric model of the eclipsing binary light curve
#   meta:
#     ucd: src.orbital
# - 
#   name: frequency_error
#   datatype: float32
#   unit: d**-1
#   description: "Uncertainty of \\texttt{frequency}"
#   meta:
#     ucd: stat.error
# - 
#   name: geom_model_reference_level
#   datatype: float32
#   unit: mag
#   description: Magnitude reference level of geometric model
#   meta:
#     ucd: phot.mag;em.opt
# - 
#   name: geom_model_reference_level_error
#   datatype: float32
#   unit: mag
#   description: "Uncertainty of \\texttt{geomModelReferenceLevel}"
#   meta:
#     ucd: stat.error;phot.mag;em.opt
# - 
#   name: geom_model_gaussian1_phase
#   datatype: float32
#   description: Phase of the Gaussian 1 component
#   meta:
#     ucd: time.phase
# - 
#   name: geom_model_gaussian1_phase_error
#   datatype: float32
#   description: "Uncertainty of \\texttt{geomModelGaussian1Phase}"
#   meta:
#     ucd: stat.error;time.phase
# - 
#   name: geom_model_gaussian1_sigma
#   datatype: float32
#   description: "Standard deviation [phase] of Gaussian 1 component"
#   meta:
#     ucd: stat.stdev
# - 
#   name: geom_model_gaussian1_sigma_error
#   datatype: float32
#   description: "Uncertainty of \\texttt{geomModelGaussian1Sigma}"
#   meta:
#     ucd: stat.error
# - 
#   name: geom_model_gaussian1_depth
#   datatype: float32
#   unit: mag
#   description: Magnitude depth of Gaussian 1 component
#   meta:
#     ucd: src.var.amplitude
# - 
#   name: geom_model_gaussian1_depth_error
#   datatype: float32
#   unit: mag
#   description: "Uncertainty of \\texttt{geomModelGaussian1Depth}"
#   meta:
#     ucd: stat.error;src.var.amplitude
# - 
#   name: geom_model_gaussian2_phase
#   datatype: float32
#   description: Phase of Gaussian 2 component
#   meta:
#     ucd: time.phase
# - 
#   name: geom_model_gaussian2_phase_error
#   datatype: float32
#   description: "Uncertainty of \\texttt{geomModelGaussian2Phase}"
#   meta:
#     ucd: stat.error;time.phase
# - 
#   name: geom_model_gaussian2_sigma
#   datatype: float32
[...]
#   datatype: float32
#   description: "Secondary eclipse: uncertainty of \\texttt{derivedSecondaryEclDuration}"
#   meta:
#     ucd: stat.error;time.duration
# - 
#   name: derived_secondary_ecl_depth
#   datatype: float32
#   unit: mag
#   description: "Secondary eclipse: depth"
#   meta:
#     ucd: src.var.amplitude
# - 
#   name: derived_secondary_ecl_depth_error
#   datatype: float32
#   unit: mag
#   description: "Secondary eclipse: uncertainty of \\texttt{derivedSecondaryEclDepth}"
#   meta:
#     ucd: stat.error;src.var.amplitude
solution_id,source_id,global_ranking,reference_time,frequency,frequency_error,geom_model_reference_level,geom_model_reference_level_error,geom_model_gaussian1_phase,geom_model_gaussian1_phase_error,geom_model_gaussian1_sigma,geom_model_gaussian1_sigma_error,geom_model_gaussian1_depth,geom_model_gaussian1_depth_error,geom_model_gaussian2_phase,geom_model_gaussian2_phase_error,geom_model_gaussian2_sigma,geom_model_gaussian2_sigma_error,geom_model_gaussian2_depth,geom_model_gaussian2_depth_error,geom_model_cosine_half_period_amplitude,geom_model_cosine_half_period_amplitude_error,geom_model_cosine_half_period_phase,geom_model_cosine_half_period_phase_error,model_type,num_model_parameters,reduced_chi2,derived_primary_ecl_phase,derived_primary_ecl_phase_error,derived_primary_ecl_duration,derived_primary_ecl_duration_error,derived_primary_ecl_depth,derived_primary_ecl_depth_error,derived_secondary_ecl_phase,derived_secondary_ecl_phase_error,derived_secondary_ecl_duration,derived_secondary_ecl_duration_error,derived_secondary_ecl_depth,derived_secondary_ecl_depth_error
[from data line 265]
375316653866487564,4090565546128800640,0.43229958,2332.0439033064367,2.4366290360742333,6.087637E-5,18.262308,0.13824208,0.4116479,0.023841267,0.15767041,0.1298861,0.14797278,0.11888495,0.9866429,0.08102911,0.02391253,0.049202576,0.042573027,0.12891488,null,null,null,null,"TWOGAUSSIANS",8,10.367679,0.4116479,0.023841267,0.4,0.0,0.14592613,0.031197397,0.9874929,0.08022415,0.13391016,0.27553442,0.044656694,0.096531205
375316653866487564,4090565576207145984,0.49640945,2254.904337554138,0.2930004184821707,1.9899706E-5,19.485409,0.10089437,0.2993363,0.013042259,0.10924328,0.036708362,0.24861613,0.099676885,0.83551294,0.004293445,0.09381609,0.021327566,0.32929757,0.09349123,null,null,null,null,"TWOGAUSSIANS",8,1.116633,0.8355429,0.004323772,0.4,0.0,0.31210905,0.0423894,0.2993363,0.013014542,0.4,0.0,0.23139751,0.048421916
375316653866487564,4090565782299820800,0.49168295,2245.112065499631,0.2840155096952233,1.43001835E-5,17.78565,0.008111565,0.2046453,0.0064506656,0.087224916,0.0072141434,0.185301,0.01062369,0.572401,7.028782E-4,0.045057427,0.0029603636,0.19768687,0.006674632,null,null,null,null,"TWOGAUSSIANS",8,2.9346817,0.572401,7.028782E-4,0.25232157,0.016578035,0.19770852,0.0066979504,0.2046453,0.0064506656,0.4,0.0,0.18529707,0.010616788
375316653866487564,4090565782365534336,0.54851735,2267.962158286791,1.2128671580683836,1.3376827E-5,18.495918,0.008075762,0.23320165,0.0064320182,0.052335624,0.0063070906,0.33267874,0.035834823,0.73708224,0.020370977,0.051447153,0.014358835,0.3482701,0.018603565,null,null,null,null,"TWOGAUSSIANS",8,5.689776,0.73708224,0.020370977,0.28810406,0.080409475,0.3482649,0.018550215,0.23320165,0.0064320182,0.2930795,0.03531971,0.33267355,0.035833124
375316653866487564,4090566125944955520,0.4739612,2276.9016833293836,1.9877549802443122,2.6085085E-5,19.665125,0.007467589,0.2287955,0.0042359526,0.033409946,0.003608055,0.61925715,0.16841415,null,null,null,null,null,null,null,null,null,null,"ONEGAUSSIAN",5,2.6237833,0.2287955,0.0042359526,0.1870957,0.020205107,0.61925715,0.0,null,null,null,null,null,null
375316653866487564,4090566130243280256,0.46017385,2295.603184350163,1.4796514339397708,1.5263613E-4,17.926367,0.014282758,0.66978216,0.11065107,0.11417386,0.050318304,0.075704314,0.031147562,0.4421032,0.061358668,0.062313043,0.06666284,0.17829739,0.044068374,null,null,null,null,"TWOGAUSSIANS",8,11.187265,0.4462732,0.05713913,0.34895304,0.07664612,0.18902412,0.055152785,0.6671622,0.15903942,0.4,0.0,0.07593029,0.056212775
375316653866487564,4090566508200400640,0.56260663,2279.185673730028,0.8515617405554348,2.0732658E-5,17.39384,0.013442052,0.18556656,0.013660399,0.091221556,0.015587743,0.1164202,0.016433312,0.6750353,0.0032293992,0.07328312,0.0042690253,0.35837904,0.015806584,null,null,null,null,"TWOGAUSSIANS",8,10.570167,0.6750353,0.0032293992,0.4,0.001551919,0.3553622,0.014326062,0.18556656,0.013660399,0.4,0.0,0.11340329,0.015344314
375316653866487564,4090566542507791360,0.5017466,2297.615612422656,2.3591272734964006,3.7864076E-5,19.008905,0.09379928,0.36323667,0.009221411,0.09587263,0.025935492,0.41554406,0.080259345,0.85069525,0.030074678,0.0753413,0.050986014,0.5008001,2911.326,null,null,null,null,"TWOGAUSSIANS",8,7.174127,0.85069525,0.030074678,0.4,0.24448894,0.49068546,2911.336,0.36323667,0.009221411,0.4,0.0,0.40542823,0.061290663
375316653866487564,4090566606982716416,0.48808783,2326.304026705176,2.1549799727708177,1.1682185E-5,19.5366,0.0710208,0.38062826,0.024481814,0.23113614,0.08953259,0.16913155,0.063402236,0.742967,0.0036353483,0.042445876,0.006169006,0.5031285,0.20168181,null,null,null,null,"TWOGAUSSIANS",8,1.3532664,0.742967,0.0036353483,0.23769692,0.034546435,0.52284074,0.19645268,0.38062826,0.024481814,0.4,0.0,0.13561243,0.016120968
375316653866487564,4090566679950529792,0.47284406,2321.788745654054,0.46297430299301773,3.4104145E-5,19.09499,0.18572527,0.12652376,0.0037455924,0.07755671,0.022197338,0.4913252,0.17578639,0.5177769,0.12053496,0.064408325,0.04465565,4.040681,42.476814,null,null,null,null,"TWOGAUSSIANS",8,1.9992787,0.5177769,0.12053496,0.36068663,0.2404067,4.040433,42.47728,0.12652376,0.0037418567,0.4,0.0,0.4910758,0.16868748
375316653866487564,4090566813140927488,0.4893368,2330.37177909671,0.2634342631469542,9.834664E-5,19.796148,0.009189642,0.32503188,0.005016835,0.04106874,0.004290057,0.2549759,0.023749063,0.7596182,0.008835968,0.07031237,0.0091089215,0.2733907,0.013620947,null,null,null,null,"TWOGAUSSIANS",8,1.2337296,0.7596182,0.008835968,0.3937493,0.039124977,0.2733894,0.01361992,0.32503188,0.005016835,0.22998494,0.024024319,0.2549746,0.023749419
375316653866487564,4090567053605612672,0.5106822,2331.9877529148375,3.0070230350590537,7.051504E-5,17.769154,0.016553441,0.21512754,0.00445895,0.07439964,0.006659707,0.3368253,0.032073013,0.7354096,0.020979669,0.08434773,0.022590593,0.2594237,0.039057005,null,null,null,null,"TWOGAUSSIANS",8,31.04296,0.21512754,0.00445895,0.4,0.008954282,0.3341085,0.031545967,0.7354096,0.020979669,0.4,0.028971925,0.25670686,0.037148055
375316653866487564,4090567087996769280,0.4829622,2309.272944214529,2.1514265581205434,3.5715442E-5,18.617847,0.07145024,0.17803505,0.022482237,0.07739845,0.038326625,0.3692681,0.108005196,0.72404486,0.033655163,0.037857622,0.05802363,0.30757546,0.056336276,null,null,null,null,"TWOGAUSSIANS",8,24.331656,0.17803505,0.02248385,0.4,0.029672021,0.36925936,0.10807908,0.72404486,0.033655364,0.2120027,0.23980704,0.30756673,0.049503956
375316653866487564,4090567156736974592,0.49647564,2284.8798636767615,2.5395528966847087,3.204959E-5,19.647303,0.22645956,0.32206365,0.014564277,0.12932071,0.05866186,0.3406331,0.21619913,0.81202334,0.011952527,0.106229275,0.03733771,0.32672042,0.20880331,null,null,null,null,"TWOGAUSSIANS",8,1.6567283,0.32207364,0.0145716285,0.4,0.0,0.2768766,0.032110896,0.81202334,0.011952527,0.4,0.0,0.26335573,0.028989296
375316653866487564,4090567161064397824,0.41102782,2305.9589312976686,1.4708525496404778,6.802668E-5,19.692518,0.17497803,0.21459977,0.020996487,0.119834416,0.06229036,0.24924625,0.1782022,0.5685551,0.015676616,0.08542126,0.018959418,0.5332611,0.24813557,null,null,null,null,"TWOGAUSSIANS",8,4.3933144,0.5685551,0.015676616,0.4,0.0,0.53175354,0.24200284,0.21487977,0.020930722,0.4,0.0,0.24466084,0.13190016
375316653866487564,4090567294175788544,0.5174064,2265.8610783069457,2.2100770172971007,8.200083E-5,18.787378,0.012006883,0.34987587,0.027873082,0.052318677,0.02221582,0.041324824,0.020647293,0.81142044,0.008804781,0.0234228,0.027513398,0.28758648,null,0.1255742,0.013764744,0.81142044,0.008804781,"TWOGAUSSIANS_WITH_ELLIPSOIDAL_ON_ECLIPSE2",9,11.212218,0.81142044,0.008804781,0.13116768,0.15407503,0.5387336,null,0.32722586,0.009763989,0.2929846,0.124408595,0.2863065,0.018644793
375316653866487564,4090567367194019072,0.6221975,2303.8236597694,3.455973636358804,4.4190197E-6,18.601856,0.019541938,0.16318572,0.009856525,0.07306335,0.008305702,0.45920286,0.051551424,0.6716428,7.399614E-4,0.066479616,0.002347708,0.6366088,0.018759716,null,null,null,null,"TWOGAUSSIANS",8,4.1454163,0.6716428,7.399614E-4,0.37228584,0.013147165,0.63520783,0.017684111,0.16318572,0.009856525,0.4,0.012100242,0.4578019,0.051196504
375316653866487564,4090567569010792064,0.54224694,2327.545532119336,1.0204984659675969,1.2676229E-4,16.947765,0.011195156,0.46100873,0.091468826,0.05284912,0.048289865,1.1004139,2103.6172,0.22699502,0.015764436,0.034985043,0.033186425,0.24822253,0.11780397,null,null,null,null,"TWOGAUSSIANS",8,134.76578,0.46100873,0.091458246,0.2959551,0.27042326,1.1004139,2103.617,0.22702502,0.01634237,0.19591624,0.18584399,0.2482834,0.11769573
375316653866487564,4090567569055135488,0.4871449,2326.1818569242214,0.08921326037525079,4.396681E-5,17.96684,0.013482449,0.41713724,0.021422194,0.04005755,0.0141761135,0.14381245,0.027183423,0.84056586,0.012719883,0.08414203,0.014865646,0.1684519,0.019095672,null,null,null,null,"TWOGAUSSIANS",8,4.085728,0.84056586,0.012719883,0.4,0.0,0.16844563,0.019081859,0.41713724,0.021422194,0.22432229,0.079386234,0.14380673,0.02710381
375316653866487564,4090567848181472384,0.50609726,2259.576796205538,2.4667830768325354,4.1722175E-5,19.113075,0.507803,0.0555215,0.015875986,0.055354234,0.018006878,0.20663932,0.2041079,0.40632263,0.017679587,0.18376145,0.123172745,0.4681733,0.48937842,null,null,null,null,"TWOGAUSSIANS",8,2.2088509,0.40632263,0.017679587,0.4,0.0,0.44226867,0.118828334,0.0684815,0.014704677,0.3099837,0.10083851,0.2622444,0.24936354
375316653866487564,4090567878292640000,0.5747571,2319.2293322224486,2.1784410100272686,1.2122137E-5,18.879654,0.051431034,0.2715176,0.005835297,0.09917074,0.013144544,0.4240096,0.048095733,0.75803787,0.002596386,0.08269467,0.011977674,0.49766466,0.037469584,null,null,null,null,"TWOGAUSSIANS",8,2.697425,0.75803787,0.002596386,0.4,0.0,0.48082754,0.028968431,0.2715176,0.005835297,0.4,0.0,0.40716934,0.026675774
375316653866487564,4090567882590096768,0.60452175,2323.643907796054,0.8225472021626742,5.474626E-5,18.758713,0.005702123,0.2496107,9.874231E-4,0.023858855,8.4645074E-4,0.5855775,0.0052706753,0.7819267,0.060042582,0.038377445,0.03763248,0.32648122,450519.1,null,null,null,null,"TWOGAUSSIANS",8,3.0848556,0.2496107,9.874231E-4,0.13360958,0.004740124,0.5855775,0.0052706753,0.7819267,0.060042582,0.2149137,0.21074189,0.32648122,450519.1
375316653866487564,4090568118811346048,0.5317413,2316.7023460107193,1.759345481254087,1.812679E-5,17.882734,0.0037617632,0.7609717,0.003803722,0.054807577,0.05231074,0.013026861,164.69365,null,null,null,null,null,null,0.12145784,0.004884912,0.7609717,0.003803722,"ONEGAUSSIAN_WITH_ELLIPSOIDAL",6,8.58337,0.7609717,0.003803722,0.30692244,0.29294014,0.25594214,164.68965,null,null,null,null,null,null
375316653866487564,4090568118811378560,0.5171791,2350.0185054509166,2.4228790620178713,8.809302E-5,19.609522,0.022126349,0.4266979,0.010175296,0.1336644,0.01853922,0.49904284,0.08341397,0.798077,0.015620895,0.04594503,0.01881401,0.117369264,0.030186862,null,null,null,null,"TWOGAUSSIANS",8,1.6810534,0.4266979,0.010175296,0.4,0.0,0.49751675,0.08595295,0.798077,0.015620895,0.25729218,0.10535846,0.12636617,0.03069475
375316653866487564,4090568393639740672,0.533538,2290.28772867821,1.4122454839234273,2.2045087E-5,18.11044,0.07072565,0.21728563,0.004145839,0.06579603,0.015173329,0.38090715,0.057140417,0.71265656,0.042460866,0.07453963,0.060764946,0.8675114,0.40678096,null,null,null,null,"TWOGAUSSIANS",8,23.427885,0.71265656,0.042460866,0.4,0.0,0.86568797,0.4455035,0.21728563,0.0041076713,0.36845776,0.04872128,0.37908378,0.028246645
375316653866487564,4090568535375784320,0.47456598,2279.1862197105897,0.05632076803404586,1.2971116E-4,19.035946,0.013841927,0.38350537,0.006205606,0.023281036,0.0052641192,0.36316362,0.2128126,0.70847535,0.027708337,0.067030504,0.02314474,0.22591215,0.03216579,null,null,null,null,"TWOGAUSSIANS",8,3.1229239,0.38350537,0.006205404,0.13037379,0.029479068,0.3631654,0.21280439,0.70847535,0.027708337,0.37537083,0.061187442,0.22591215,0.032165777
375316653866487564,4090568599818884224,0.48764375,2322.036240263423,2.543523909653331,2.2468583E-5,18.558832,0.018716421,0.24188145,0.014231351,0.09611444,0.014769432,0.200205,0.030567277,0.75571996,0.010600737,0.067401595,0.025566299,0.3639291,0.19015202,null,null,null,null,"TWOGAUSSIANS",8,7.437326,0.75571996,0.010600737,0.37744895,0.07300524,0.3603555,0.19933577,0.24188145,0.014231351,0.4,0.0,0.19663073,0.02831114
375316653866487564,4090568634179109248,0.51855636,2220.843221027162,0.2830181760440199,7.8537065E-5,19.396805,0.090934634,0.21048482,0.0061904574,0.1589062,0.032129537,0.40200064,0.08698198,0.73700637,0.011197851,0.08333466,0.01751444,0.39233157,0.07965564,null,null,null,null,"TWOGAUSSIANS",8,1.925929,0.21048482,0.0061904574,0.4,0.0,0.3312418,0.03273541,0.73800635,0.011026624,0.4,0.0,0.3280069,0.051412314
375316653866487564,4090568771598534784,0.6799244,2282.0135385888734,0.8403254189772994,3.5190476E-6,12.0286,0.0026690958,0.48100823,3.5246904E-4,0.050531853,4.8779455E-4,0.39579776,0.0027275884,null,null,null,null,null,null,null,null,null,null,"ONEGAUSSIAN",5,102.05164,0.48100823,3.5246904E-4,0.2829784,0.0027316494,0.39579776,0.0,null,null,null,null,null,null
375316653866487564,4090568874743010176,0.57443964,2264.3816551013847,2.36979899863604,1.5378446E-5,19.244684,0.013062032,0.34736016,0.01716987,0.07083786,0.016708411,0.48097086,0.060767353,0.85729617,0.0033910756,0.08172527,0.008179053,0.34878254,0.021590985,null,null,null,null,"TWOGAUSSIANS",8,1.7307893,0.34736016,0.01716987,0.39669204,0.06802393,0.4779495,0.06215751,0.85729617,0.0033910756,0.4,0.0,0.34576118,0.02265535
375316653866487564,4090568913332883712,0.53985417,2303.9125593049903,0.6892724359890046,1.5151248E-5,18.101013,0.07035951,0.2309549,0.0056783967,0.133604,0.032677967,0.23671061,0.06358809,0.71385247,0.005161587,0.10061848,0.019059703,0.36150116,0.037058096,null,null,null,null,"TWOGAUSSIANS",8,3.017026,0.71385247,0.005161587,0.4,0.0,0.3135765,0.04252549,0.2309649,0.005655732,0.4,0.0,0.18831328,0.012233318
375316653866487564,4090569085181029120,0.49267226,2234.7771330737487,0.38179181897303727,4.349862E-5,19.277563,0.08363012,0.19169863,0.03297588,0.10924065,0.032544315,0.3497639,0.073873095,0.5665599,0.15401457,0.17848903,0.18527772,0.20922671,0.29542243,null,null,null,null,"TWOGAUSSIANS",8,6.868773,0.20159861,0.019299252,0.4,0.0,0.32903737,0.035561156,0.5665599,0.15401457,0.4,0.2219083,0.1646636,0.34151816
375316653866487564,4090569424452394496,0.49345738,2277.61762970168,0.6890297218097694,6.861471E-5,17.847326,0.0059496327,0.1519526,0.0058258935,0.03536869,0.004797047,0.060073808,0.008519013,0.74776185,0.006271499,0.07772176,0.015830617,0.097760536,0.027649755,null,null,null,null,"TWOGAUSSIANS",8,3.138268,0.74776185,0.006271499,0.4,0.0018436101,0.09776039,0.027651655,0.1519526,0.0058258935,0.19806466,0.026863463,0.060073793,0.008519223
375316653866487564,4090569458842166656,0.44363397,2316.463148013457,0.224723064921151,5.3113985E-5,19.47618,0.05123246,0.26692578,0.020187328,0.09037552,0.025192134,0.2804807,0.09407986,0.8431746,0.0015767997,0.024322813,0.0065749646,1.1568614,1.0687318,null,null,null,null,"TWOGAUSSIANS",8,10.258505,0.8431746,0.0015735899,0.13620776,0.036819804,1.1568642,1.068718,0.26692578,0.020187328,0.4,0.0,0.2804787,0.09403984
375316653866487564,4090569841095916672,0.6106758,2278.850669666626,3.51841977166789,1.9594663E-5,19.108557,0.011938427,0.25394785,0.002239903,0.03760586,0.0042104283,0.4667742,0.039904717,0.79946464,0.047644436,0.057355594,0.027049659,0.66240555,0.54659355,0.15259835,0.021416983,0.25394785,0.002239903,"TWOGAUSSIANS_WITH_ELLIPSOIDAL_ON_ECLIPSE1",9,5.4071836,0.79946464,0.047644436,0.3211913,0.10575722,0.9433098,0.5895652,0.25394785,0.002239903,0.2105928,0.023578398,0.7719674,0.04373567
375316653866487564,4090569875405722496,0.50893956,2311.97370290768,2.4691175128686793,4.917982E-5,19.51391,0.057618238,0.2893481,0.012417937,0.08759719,0.021270556,0.3221937,0.055729188,0.78694767,0.007522682,0.10733658,0.021800801,0.29526174,0.046702117,null,null,null,null,"TWOGAUSSIANS",8,2.930025,0.2893481,0.012422273,0.4,0.001632068,0.30018282,0.032950293,0.78694767,0.007522682,0.4,0.0,0.2732394,0.02034732
375316653866487564,4090569875455633280,0.4326891,2251.9433937731887,0.5394824122806644,9.035642E-5,19.582876,0.011633007,0.31749746,0.0069529866,0.039244764,0.011844524,0.17410763,0.023907783,0.7056656,0.028014557,0.055413097,0.05093511,0.27290455,0.0657966,null,null,null,null,"TWOGAUSSIANS",8,6.9051223,0.7056656,0.028014557,0.31031334,0.08294232,0.27290455,0.065957755,0.31749746,0.0069551095,0.21977067,0.06632934,0.17410763,0.023908997
