Gaia/vari_eclipsing_binary/VariEclipsingBinary_647616-647753.csv
# %ECSV 1.0
# ---
# delimiter: ','
# meta: !!omap
# - RELEASE: Gaia DR3
# - TABLE: vari_eclipsing_binary
# - DESCRIPTION: >
#     This table describes the properties of the eclipsing binaries resulting from the variability analysis. 
# - CITATION: >
#     How to cite and acknowledge Gaia: 
#     https://gea.esac.esa.int/archive/documentation/credits.html 
# - KNOWN_ISSUES: >
#     Known issues: 
#     https://www.cosmos.esa.int/web/gaia-users/known-issues 
# - DOCUMENTATION: >
#     Tutorials and documentation: 
#     https://www.cosmos.esa.int/web/gaia-users/archive 
# datatype:
# - 
#   name: solution_id
#   datatype: int64
#   description: Solution Identifier
#   meta:
#     ucd: meta.version
# - 
#   name: source_id
#   datatype: int64
#   description: Unique source identifier
#   meta:
#     ucd: meta.id;meta.main
# - 
#   name: global_ranking
#   datatype: float32
#   description: Number between 0 (worst) and 1 (best)
#   meta:
#     ucd: stat.param
# - 
#   name: reference_time
#   datatype: float64
#   unit: d
#   description: Reference time used for the geometric model fit
#   meta:
#     ucd: time.epoch
# - 
#   name: frequency
#   datatype: float64
#   unit: d**-1
#   description: Frequency of geometric model of the eclipsing binary light curve
#   meta:
#     ucd: src.orbital
# - 
#   name: frequency_error
#   datatype: float32
#   unit: d**-1
#   description: "Uncertainty of \\texttt{frequency}"
#   meta:
#     ucd: stat.error
# - 
#   name: geom_model_reference_level
#   datatype: float32
#   unit: mag
#   description: Magnitude reference level of geometric model
#   meta:
#     ucd: phot.mag;em.opt
# - 
#   name: geom_model_reference_level_error
#   datatype: float32
#   unit: mag
#   description: "Uncertainty of \\texttt{geomModelReferenceLevel}"
#   meta:
#     ucd: stat.error;phot.mag;em.opt
# - 
#   name: geom_model_gaussian1_phase
#   datatype: float32
#   description: Phase of the Gaussian 1 component
#   meta:
#     ucd: time.phase
# - 
#   name: geom_model_gaussian1_phase_error
#   datatype: float32
#   description: "Uncertainty of \\texttt{geomModelGaussian1Phase}"
#   meta:
#     ucd: stat.error;time.phase
# - 
#   name: geom_model_gaussian1_sigma
#   datatype: float32
#   description: "Standard deviation [phase] of Gaussian 1 component"
#   meta:
#     ucd: stat.stdev
# - 
#   name: geom_model_gaussian1_sigma_error
#   datatype: float32
#   description: "Uncertainty of \\texttt{geomModelGaussian1Sigma}"
#   meta:
#     ucd: stat.error
# - 
#   name: geom_model_gaussian1_depth
#   datatype: float32
#   unit: mag
#   description: Magnitude depth of Gaussian 1 component
#   meta:
#     ucd: src.var.amplitude
# - 
#   name: geom_model_gaussian1_depth_error
#   datatype: float32
#   unit: mag
#   description: "Uncertainty of \\texttt{geomModelGaussian1Depth}"
#   meta:
#     ucd: stat.error;src.var.amplitude
# - 
#   name: geom_model_gaussian2_phase
#   datatype: float32
#   description: Phase of Gaussian 2 component
#   meta:
#     ucd: time.phase
# - 
#   name: geom_model_gaussian2_phase_error
#   datatype: float32
#   description: "Uncertainty of \\texttt{geomModelGaussian2Phase}"
#   meta:
#     ucd: stat.error;time.phase
# - 
#   name: geom_model_gaussian2_sigma
#   datatype: float32
[...]
#   datatype: float32
#   description: "Secondary eclipse: uncertainty of \\texttt{derivedSecondaryEclDuration}"
#   meta:
#     ucd: stat.error;time.duration
# - 
#   name: derived_secondary_ecl_depth
#   datatype: float32
#   unit: mag
#   description: "Secondary eclipse: depth"
#   meta:
#     ucd: src.var.amplitude
# - 
#   name: derived_secondary_ecl_depth_error
#   datatype: float32
#   unit: mag
#   description: "Secondary eclipse: uncertainty of \\texttt{derivedSecondaryEclDepth}"
#   meta:
#     ucd: stat.error;src.var.amplitude
solution_id,source_id,global_ranking,reference_time,frequency,frequency_error,geom_model_reference_level,geom_model_reference_level_error,geom_model_gaussian1_phase,geom_model_gaussian1_phase_error,geom_model_gaussian1_sigma,geom_model_gaussian1_sigma_error,geom_model_gaussian1_depth,geom_model_gaussian1_depth_error,geom_model_gaussian2_phase,geom_model_gaussian2_phase_error,geom_model_gaussian2_sigma,geom_model_gaussian2_sigma_error,geom_model_gaussian2_depth,geom_model_gaussian2_depth_error,geom_model_cosine_half_period_amplitude,geom_model_cosine_half_period_amplitude_error,geom_model_cosine_half_period_phase,geom_model_cosine_half_period_phase_error,model_type,num_model_parameters,reduced_chi2,derived_primary_ecl_phase,derived_primary_ecl_phase_error,derived_primary_ecl_duration,derived_primary_ecl_duration_error,derived_primary_ecl_depth,derived_primary_ecl_depth_error,derived_secondary_ecl_phase,derived_secondary_ecl_phase_error,derived_secondary_ecl_duration,derived_secondary_ecl_duration_error,derived_secondary_ecl_depth,derived_secondary_ecl_depth_error
[from data line 737]
375316653866487564,5697591709516563328,0.48341712,2253.5706559562373,2.7137616549972043,1.9988818E-5,16.675602,0.3885166,0.2946448,0.009688426,0.14958794,0.04215975,0.30290025,0.2664284,0.80316675,0.0062892437,0.20274436,0.114364244,0.29502213,0.3826913,null,null,null,null,"TWOGAUSSIANS",8,9.987347,0.2916848,0.006579544,0.4,0.0,0.12511835,0.008440335,0.80460674,0.005162949,0.4,0.0,0.091190666,0.0064750677
375316653866487564,5697592053113926016,0.4724527,2266.3806070029023,3.386978802109046,2.5494224E-5,15.52212,0.053073686,0.27793878,0.0069653746,0.2154083,0.06985756,0.88695765,0.1641972,0.7742911,0.006680317,0.19898967,0.056493856,0.8594525,0.24527766,null,null,null,null,"TWOGAUSSIANS",8,43.343796,0.7742911,0.006680317,0.4,0.0,0.14297897,0.00993762,0.2817988,0.005934798,0.4,0.0,0.12378947,0.013401897
375316653866487564,5697593393143678208,0.45757464,2275.696718230479,0.09005670009053013,9.744944E-5,18.084755,0.003725355,0.34118408,0.05297602,0.0068134964,0.038542345,0.2892535,0.5654076,0.80295676,0.012688077,0.093491405,0.01639487,0.036239106,0.0049072714,null,null,null,null,"TWOGAUSSIANS",8,3.1690183,0.34118408,0.05297602,0.038155578,0.21583712,0.28925365,0.56540036,0.80295676,0.012688077,0.4,0.0,0.03623906,0.004895468
375316653866487564,5697593874179999232,0.6075171,2253.2254051801174,1.7823304863812932,2.961605E-6,15.883072,0.009168119,0.23125844,0.0033590242,0.10105129,0.0082367305,0.15585074,0.007750406,0.7161651,0.0011254526,0.08427468,0.0024077157,0.3272012,0.0093514975,null,null,null,null,"TWOGAUSSIANS",8,9.659053,0.7161651,0.0011254526,0.4,0.0,0.31820324,0.0068297326,0.23125844,0.0033590242,0.4,0.0,0.14685087,0.005631331
375316653866487564,5697594939331989888,0.4862422,2267.568723791562,2.8065169301402815,2.474955E-5,15.975937,0.0030744404,0.285315,0.0038841981,0.007333063,0.003020576,0.052379876,0.034154266,null,null,null,null,null,null,0.05800418,0.0037679086,0.285315,0.0038841981,"ONEGAUSSIAN_WITH_ELLIPSOIDAL",6,64.13123,0.285315,0.0038841981,0.041065153,0.016915224,0.16838801,0.033545244,null,null,null,null,null,null
375316653866487564,5697596824812545536,0.5681005,2262.8606848266368,1.2502205057539366,2.7460078E-6,17.251806,0.0023267027,0.2556351,0.0036433965,0.029144779,0.0033197515,0.08039618,0.007436529,0.75622946,8.4006507E-4,0.029736938,0.004574983,0.32006028,0.08172397,0.02557869,0.003494121,0.2556351,0.0036433965,"TWOGAUSSIANS_WITH_ELLIPSOIDAL_ON_ECLIPSE1",9,2.8776376,0.75622946,8.37833E-4,0.16652685,0.025619904,0.37121692,0.085518226,0.2556351,0.0036433965,0.16321076,0.018590609,0.13155353,0.00619345
375316653866487564,5697599371738495616,0.6079539,2289.529948842183,1.9198139282117803,6.716879E-6,16.011402,0.0064319954,0.11585041,0.0011589413,0.041509952,0.0022438124,0.2996336,0.014417341,0.6184517,0.001857744,0.041864816,0.0020018665,0.9155082,0.041008294,0.07617045,0.009401821,0.6184517,0.001857744,"TWOGAUSSIANS_WITH_ELLIPSOIDAL_ON_ECLIPSE2",9,53.584545,0.6184517,0.001857744,0.23444296,0.011210453,1.067849,0.04000095,0.11602041,0.001048566,0.23245573,0.01256535,0.45193636,0.007188436
375316653866487564,5697599504871694976,0.5506752,2312.4698521559235,0.8897266816255256,7.881295E-6,19.797907,0.0048911776,0.3163536,0.0041193147,0.030844783,0.0034455692,0.1192128,0.019711988,0.8201394,0.0017801975,0.027560102,0.0010239058,1.0383502,0.04093886,null,null,null,null,"TWOGAUSSIANS",8,1.8222774,0.8201394,0.0017801975,0.15433657,0.0057338728,1.0383502,0.04093886,0.3163536,0.0041193147,0.17273079,0.019295188,0.1192128,0.019711988
375316653866487564,5697599509177412992,0.43242282,2286.582955443841,1.43936806748002,4.6608195E-5,17.786757,0.0037960073,null,null,null,null,null,null,null,null,null,null,null,null,0.045456164,0.0043029618,0.27427822,0.011037239,"ELLIPSOIDAL",4,12.2436075,null,null,null,null,null,null,null,null,null,null,null,null
375316653866487564,5697600780483347840,0.5319531,2290.6623203862923,3.4394284372500867,1.3646231E-5,18.974483,0.021477908,0.2729284,0.0036523207,0.08823476,0.0062614647,0.40806842,0.025861634,0.77236193,0.0043994556,0.099034324,0.012659164,0.33615664,0.021557868,null,null,null,null,"TWOGAUSSIANS",8,3.62833,0.2729284,0.0036523207,0.4,0.0,0.38745424,0.021924017,0.77236193,0.0043994556,0.4,0.0,0.3155406,0.027155101
375316653866487564,5697600814847495680,0.49376765,2284.1182644026794,2.4220460339630554,2.8110364E-5,14.855895,0.015992029,0.28630486,0.06389427,0.039334603,0.068337016,0.029308427,11.76771,0.7379376,0.009770899,0.02545415,0.07327444,0.014637566,0.029482426,0.05478447,0.012528016,0.7379376,0.009770899,"TWOGAUSSIANS_WITH_ELLIPSOIDAL_ON_ECLIPSE2",9,128.0065,0.27060485,0.06747577,0.22027378,0.3227278,0.13208172,11.769517,0.7379376,0.009770899,0.14254324,0.30835015,0.1242065,0.013702823
375316653866487564,5697603494902470912,0.4980683,2278.4222993030025,2.208712397202067,1.1608954E-5,17.736195,0.0056211594,0.30910265,0.005516798,0.04733116,0.0061319484,0.15662107,0.026574997,0.79681385,0.0013796476,0.043758266,0.0027403326,0.6516268,0.059877988,null,null,null,null,"TWOGAUSSIANS",8,24.396376,0.79681385,0.0013796476,0.24504627,0.015345862,0.65162677,0.059878066,0.30910265,0.005516798,0.2650545,0.03433891,0.15662098,0.02657505
375316653866487564,5697603902913640448,0.4921734,2286.9068371447556,0.2449120809085707,1.8125123E-5,16.783018,0.0031784852,0.39801177,0.009655818,0.015047109,0.0049686767,0.2102034,0.33829716,0.8902245,4.8225437E-4,0.008221879,3.6903934E-4,0.30543032,0.0073895175,null,null,null,null,"TWOGAUSSIANS",8,25.508072,0.8902245,4.8225437E-4,0.04604252,0.0020666202,0.30543032,0.0073895175,0.39801177,0.009655818,0.08426381,0.02782459,0.2102034,0.33829716
375316653866487564,5697605075454647808,0.55296934,2251.1020304207245,2.584824282106552,8.991025E-6,15.821135,0.011772793,0.19472213,0.0038553847,0.08131107,0.006063498,0.41931814,0.015010684,0.7053565,0.0031489006,0.074452475,0.005139233,0.21032743,0.013200987,null,null,null,null,"TWOGAUSSIANS",8,77.477554,0.19472213,0.0038553847,0.4,0.0,0.4165368,0.014527052,0.7053565,0.0031489006,0.4,0.0,0.20754611,0.011979504
375316653866487564,5697605487771864832,0.5745868,2273.404868667962,0.5742703843330933,1.0626522E-5,14.786284,5.556929E-4,0.26413894,0.0013706356,0.036389824,0.0022742185,0.08984509,0.0051200558,0.76932913,0.008141825,0.038718387,0.008095452,0.0072385767,0.0017072049,0.008280967,8.2512136E-4,0.26413894,0.0013706356,"TWOGAUSSIANS_WITH_ELLIPSOIDAL_ON_ECLIPSE1",9,3.0483499,0.26413894,0.0013706356,0.20378302,0.012735624,0.10640701,0.0052826866,0.76932913,0.00809495,0.21682298,0.04533453,0.023782894,0.0011708786
375316653866487564,5697606484203892352,0.6358549,2210.104469600224,0.9934006985720039,3.6299443E-6,14.100824,0.0025670424,0.21518925,5.438296E-4,0.0343818,0.001055049,0.5459856,0.017969592,0.7153236,4.9637764E-4,0.033409826,5.740597E-4,0.57779753,0.011829709,0.03137061,0.004487388,0.21518925,5.438296E-4,"TWOGAUSSIANS_WITH_ELLIPSOIDAL_ON_ECLIPSE1",9,31.051838,0.7153236,4.9637764E-4,0.18709502,0.0032147344,0.64053863,0.010737681,0.21518925,5.438296E-4,0.19253808,0.0059082746,0.6087266,0.021370543
375316653866487564,5697606930875112576,0.6159307,2231.374556702219,2.440370542911497,9.487961E-6,17.779213,0.019109597,0.24164982,0.002311693,0.06583088,0.0066947215,0.21606576,0.040178325,0.7418957,0.007910156,0.059654765,0.011073827,0.20820864,0.044481754,0.11684163,0.021503076,0.24164982,0.002311693,"TWOGAUSSIANS_WITH_ELLIPSOIDAL_ON_ECLIPSE1",9,5.8069053,0.24164982,0.002311693,0.3686529,0.03749044,0.44955733,0.007459071,0.7418957,0.0069720815,0.3340667,0.06201343,0.44169965,0.033560812
375316653866487564,5697607201448679040,0.5211185,2231.774118470752,1.3335310525115034,1.1250817E-5,19.060114,0.0036679066,0.25785583,6.2468956E-4,0.019207073,0.0019699913,0.57351863,0.25159672,0.760073,0.03710698,0.022343915,0.020601222,0.82256716,7.2106776,null,null,null,null,"TWOGAUSSIANS",8,3.2066782,0.760073,0.03710698,0.12512591,0.11536685,0.82256716,7.2106776,0.25785583,6.2468956E-4,0.10755961,0.011031951,0.57351863,0.25159672
375316653866487564,5697608129166526592,0.53954977,2234.2968672283173,3.4393342482911313,1.1626159E-5,18.94845,0.013835495,0.25391623,0.0024611785,0.091954514,0.005481265,0.3259555,0.013788864,0.7616849,0.00549026,0.09926587,0.009589722,0.2560371,0.020219626,null,null,null,null,"TWOGAUSSIANS",8,1.9037575,0.25391623,0.0024611785,0.4,0.0,0.3090764,0.010838044,0.7616849,0.00549026,0.4,0.0,0.23915654,0.022114601
375316653866487564,5697609714019780864,0.61283916,2250.303410665932,2.7120876468022583,6.859465E-6,16.955664,0.006848483,0.28120756,0.0031882196,0.08970586,0.003756377,0.43435487,0.009199292,0.782802,0.0017548596,0.08782787,0.0021574143,0.46125475,0.011219571,null,null,null,null,"TWOGAUSSIANS",8,11.027954,0.782802,0.0017548596,0.4,0.0,0.44472256,0.010229916,0.28120756,0.0031882196,0.4,0.0,0.41782266,0.007854524
375316653866487564,5697611427696622464,0.5633695,2240.5957736568016,0.5953817218101847,2.4843455E-5,17.097628,9.207611E-4,0.09540618,0.04466487,0.015295094,0.0272525,0.01732013,0.0061914204,0.6290835,0.0061935615,0.015967956,0.0056604445,0.15552263,0.040850155,null,null,null,null,"TWOGAUSSIANS",8,1.3679566,0.6290835,0.0061935615,0.08942055,0.03169849,0.15552263,0.040850155,0.09540618,0.04466487,0.08565253,0.15261401,0.01732013,0.0061914204
375316653866487564,5697611466365909760,0.4770318,2229.8060404846015,2.861770726657384,2.1118225E-5,17.627218,0.0037136876,null,null,null,null,null,null,null,null,null,null,null,null,0.067889355,0.0037633586,0.250434,0.0066896603,"ELLIPSOIDAL",4,7.7253575,null,null,null,null,null,null,null,null,null,null,null,null
375316653866487564,5697613218707141888,0.56750774,2237.59078285636,1.7563056277289688,1.3898454E-5,18.960423,0.0065437984,0.12203391,0.0034703943,0.04865863,0.0054205544,0.15914138,0.015830664,0.6287157,0.0030085805,0.050789855,0.0036061653,0.6076094,0.010853578,null,null,null,null,"TWOGAUSSIANS",8,3.0873225,0.6287157,0.0030085805,0.2844232,0.020194525,0.6076079,0.010854678,0.12203391,0.0034703943,0.27248836,0.030355103,0.15913993,0.015831443
375316653866487564,5697613459225321728,0.5667137,2238.071816884584,2.1045735734858866,9.101035E-6,17.898285,0.019987239,0.25926208,0.00288816,0.054305207,0.0077161756,0.40705487,0.037800405,0.7583639,0.011078863,0.048270516,0.011026089,0.15781628,0.043849405,0.054071516,0.023713686,0.25926208,0.00288816,"TWOGAUSSIANS_WITH_ELLIPSOIDAL_ON_ECLIPSE1",9,8.405786,0.25926208,0.00288816,0.30410916,0.043210585,0.51518744,0.031291626,0.7584639,0.010872786,0.2703149,0.061746098,0.2659458,0.01439281
375316653866487564,5697614936699470848,0.50977993,2247.683860370712,3.122890626919268,1.2254271E-5,16.831078,0.015373666,0.22173907,0.0031333386,0.08890819,0.0064294934,0.255964,0.016539052,0.7214249,0.006354751,0.091454536,0.011463949,0.24756764,0.017449705,null,null,null,null,"TWOGAUSSIANS",8,32.06818,0.22173907,0.0031333386,0.4,0.0,0.24522659,0.012853119,0.7214249,0.006354751,0.4,0.0,0.23683015,0.016347058
375316653866487564,5697615314656591488,0.5830784,2238.5370960799637,0.22760207050355466,3.0721267E-6,17.609722,0.0016961904,0.42757687,5.7493336E-4,0.012911626,8.78674E-4,0.31313294,0.014116073,0.9261573,0.001462394,0.013039434,0.001162171,0.2504892,0.06081378,null,null,null,null,"TWOGAUSSIANS",8,2.6339402,0.42757687,5.7493336E-4,0.072305106,0.0049205744,0.31313294,0.014116073,0.9261573,0.001462394,0.07302083,0.006508158,0.2504892,0.06081378
375316653866487564,5697616036211104256,0.6709091,2206.2234170844135,0.3432888157486156,1.0847501E-6,16.994267,0.0014011405,0.6329184,7.4896843E-7,0.013218229,4.072052E-5,0.5480184,0.0013159368,null,null,null,null,null,null,null,null,null,null,"ONEGAUSSIAN",5,1.9773457,0.6329184,7.4896843E-7,0.074022084,2.280349E-4,0.5480184,0.0,null,null,null,null,null,null
375316653866487564,5697616482882436608,0.47971225,2231.331793248208,1.3967937727013633,8.4631065E-6,12.837077,0.04161352,0.24241675,0.0026053987,0.13069649,0.02520308,0.089619115,0.039151393,0.73910314,0.0028358528,0.14425279,0.04003603,0.06909924,0.040876094,null,null,null,null,"TWOGAUSSIANS",8,17.267124,0.24253675,0.002542721,0.4,0.0,0.060915828,0.0017106755,0.73910314,0.0028358528,0.4,0.0,0.040174246,0.0012278055
375316653866487564,5697617857272065792,0.53760344,2231.2325231631426,2.4456958810944633,9.476398E-6,14.333953,0.31018502,0.24827617,0.0067906934,0.14968646,0.0940145,0.15475684,0.29684755,0.7364999,0.0070735277,0.14327966,0.05275249,0.21406813,0.27262712,null,null,null,null,"TWOGAUSSIANS",8,37.03412,0.7364999,0.0070735277,0.4,0.0,0.13706057,0.004130988,0.24926616,0.0042778864,0.4,0.0,0.07755426,0.0037892938
375316653866487564,5697619781417198848,0.60062087,2231.918423076908,2.092249232570248,7.686187E-6,18.30839,0.011153433,0.22771184,0.0014161164,0.036930304,0.0022963774,0.5515173,0.031308748,0.72796065,0.004945397,0.03663204,0.003981773,0.7808697,0.06193486,0.034697946,0.014696579,0.22771184,0.0014161164,"TWOGAUSSIANS_WITH_ELLIPSOIDAL_ON_ECLIPSE1",9,8.994625,0.72796065,0.0049184733,0.20513941,0.022297928,0.8502653,0.054798022,0.22771184,0.0014161164,0.2068097,0.012859713,0.620913,0.027207563
375316653866487564,5697619918856120320,0.5270316,2233.6945633419055,1.6430482004204947,6.983186E-6,14.1630945,0.015245158,0.25816354,0.0030919027,0.1139638,0.010759851,0.14034186,0.014450986,0.75333345,0.0021755185,0.11770445,0.0102812,0.14665024,0.014119578,null,null,null,null,"TWOGAUSSIANS",8,31.284538,0.75333345,0.0021755185,0.4,0.0,0.119955204,0.00330409,0.25818354,0.0031027067,0.4,0.0,0.11366387,0.0029110492
375316653866487564,5697622461476947584,0.44177425,2232.4443913150667,3.6664967532149397,2.0889656E-5,18.046608,0.12856017,0.24982108,0.006442106,0.12713908,0.052090015,0.23238146,0.114247784,0.7405726,0.004946894,0.12275121,0.030547146,0.28755343,0.12334221,null,null,null,null,"TWOGAUSSIANS",8,23.34164,0.7405726,0.004946894,0.4,0.0,0.22323726,0.009980757,0.24992108,0.006435251,0.4,0.0,0.16800383,0.02457523
375316653866487564,5697622628971045504,0.53206426,2216.7522948925425,4.942037657056029,1.048287E-5,18.862074,0.023284,0.27459797,0.002828688,0.051916655,0.010473978,0.26329434,0.051559143,0.7852015,0.0080471495,0.052360974,0.007130336,0.42372242,0.06724368,0.12154718,0.029657293,0.27459797,0.002828688,"TWOGAUSSIANS_WITH_ELLIPSOIDAL_ON_ECLIPSE1",9,9.813037,0.7852015,0.0080471495,0.29322144,0.03992988,0.66573507,0.047783297,0.27459797,0.002828688,0.29073328,0.058654275,0.50638443,0.05061972
375316653866487564,5697623045592395008,0.45327252,2266.6158541588975,4.592227803776541,3.54284E-5,18.044485,0.02177285,0.29791328,0.0047728135,0.016428431,0.02215336,0.30476412,0.082143545,0.7617482,6.85239E-4,0.019787706,0.0093762325,0.24469665,0.0747799,0.2114058,0.06004413,0.29791328,0.0047728135,"TWOGAUSSIANS_WITH_ELLIPSOIDAL_ON_ECLIPSE1",9,75.51734,0.29791328,0.0047728135,0.09199922,0.12405882,0.7275754,0.0727083,0.7635382,0.002374042,0.11081116,0.0525069,0.64708966,0.047242336
375316653866487564,5697623969000993152,0.5891136,2219.3661586431813,4.337585819075703,3.2771945E-6,18.17503,0.021278966,0.25611258,9.5099147E-4,0.061586786,0.0044035856,0.41219676,0.042531203,0.74883264,0.0017778325,0.05681454,0.003943801,0.44424418,0.047689114,0.08434957,0.026940815,0.25611258,9.5099147E-4,"TWOGAUSSIANS_WITH_ELLIPSOIDAL_ON_ECLIPSE1",9,6.582564,0.7494726,0.0016132827,0.31816143,0.022085285,0.6124977,0.016734807,0.25611258,9.5099147E-4,0.344886,0.024660079,0.5807719,0.015163799
375316653866487564,5697625828730938496,0.67009103,2208.6057154243504,0.5715266019591517,1.0850449E-6,16.132399,4.97493E-4,0.626689,2.431862E-7,0.008030096,9.269459E-6,8.488883,0.050052408,null,null,null,null,null,null,null,null,null,null,"ONEGAUSSIAN",5,1.7436031,0.626689,2.431862E-7,0.044968538,5.1908974E-5,8.488883,0.0,null,null,null,null,null,null
