Gaia/vari_eclipsing_binary/VariEclipsingBinary_230347-230376.csv
# %ECSV 1.0
# ---
# delimiter: ','
# meta: !!omap
# - RELEASE: Gaia DR3
# - TABLE: vari_eclipsing_binary
# - DESCRIPTION: >
#     This table describes the properties of the eclipsing binaries resulting from the variability analysis. 
# - CITATION: >
#     How to cite and acknowledge Gaia: 
#     https://gea.esac.esa.int/archive/documentation/credits.html 
# - KNOWN_ISSUES: >
#     Known issues: 
#     https://www.cosmos.esa.int/web/gaia-users/known-issues 
# - DOCUMENTATION: >
#     Tutorials and documentation: 
#     https://www.cosmos.esa.int/web/gaia-users/archive 
# datatype:
# - 
#   name: solution_id
#   datatype: int64
#   description: Solution Identifier
#   meta:
#     ucd: meta.version
# - 
#   name: source_id
#   datatype: int64
#   description: Unique source identifier
#   meta:
#     ucd: meta.id;meta.main
# - 
#   name: global_ranking
#   datatype: float32
#   description: Number between 0 (worst) and 1 (best)
#   meta:
#     ucd: stat.param
# - 
#   name: reference_time
#   datatype: float64
#   unit: d
#   description: Reference time used for the geometric model fit
#   meta:
#     ucd: time.epoch
# - 
#   name: frequency
#   datatype: float64
#   unit: d**-1
#   description: Frequency of geometric model of the eclipsing binary light curve
#   meta:
#     ucd: src.orbital
# - 
#   name: frequency_error
#   datatype: float32
#   unit: d**-1
#   description: "Uncertainty of \\texttt{frequency}"
#   meta:
#     ucd: stat.error
# - 
#   name: geom_model_reference_level
#   datatype: float32
#   unit: mag
#   description: Magnitude reference level of geometric model
#   meta:
#     ucd: phot.mag;em.opt
# - 
#   name: geom_model_reference_level_error
#   datatype: float32
#   unit: mag
#   description: "Uncertainty of \\texttt{geomModelReferenceLevel}"
#   meta:
#     ucd: stat.error;phot.mag;em.opt
# - 
#   name: geom_model_gaussian1_phase
#   datatype: float32
#   description: Phase of the Gaussian 1 component
#   meta:
#     ucd: time.phase
# - 
#   name: geom_model_gaussian1_phase_error
#   datatype: float32
#   description: "Uncertainty of \\texttt{geomModelGaussian1Phase}"
#   meta:
#     ucd: stat.error;time.phase
# - 
#   name: geom_model_gaussian1_sigma
#   datatype: float32
#   description: "Standard deviation [phase] of Gaussian 1 component"
#   meta:
#     ucd: stat.stdev
# - 
#   name: geom_model_gaussian1_sigma_error
#   datatype: float32
#   description: "Uncertainty of \\texttt{geomModelGaussian1Sigma}"
#   meta:
#     ucd: stat.error
# - 
#   name: geom_model_gaussian1_depth
#   datatype: float32
#   unit: mag
#   description: Magnitude depth of Gaussian 1 component
#   meta:
#     ucd: src.var.amplitude
# - 
#   name: geom_model_gaussian1_depth_error
#   datatype: float32
#   unit: mag
#   description: "Uncertainty of \\texttt{geomModelGaussian1Depth}"
#   meta:
#     ucd: stat.error;src.var.amplitude
# - 
#   name: geom_model_gaussian2_phase
#   datatype: float32
#   description: Phase of Gaussian 2 component
#   meta:
#     ucd: time.phase
# - 
#   name: geom_model_gaussian2_phase_error
#   datatype: float32
#   description: "Uncertainty of \\texttt{geomModelGaussian2Phase}"
#   meta:
#     ucd: stat.error;time.phase
# - 
#   name: geom_model_gaussian2_sigma
#   datatype: float32
[...]
#   datatype: float32
#   description: "Secondary eclipse: uncertainty of \\texttt{derivedSecondaryEclDuration}"
#   meta:
#     ucd: stat.error;time.duration
# - 
#   name: derived_secondary_ecl_depth
#   datatype: float32
#   unit: mag
#   description: "Secondary eclipse: depth"
#   meta:
#     ucd: src.var.amplitude
# - 
#   name: derived_secondary_ecl_depth_error
#   datatype: float32
#   unit: mag
#   description: "Secondary eclipse: uncertainty of \\texttt{derivedSecondaryEclDepth}"
#   meta:
#     ucd: stat.error;src.var.amplitude
solution_id,source_id,global_ranking,reference_time,frequency,frequency_error,geom_model_reference_level,geom_model_reference_level_error,geom_model_gaussian1_phase,geom_model_gaussian1_phase_error,geom_model_gaussian1_sigma,geom_model_gaussian1_sigma_error,geom_model_gaussian1_depth,geom_model_gaussian1_depth_error,geom_model_gaussian2_phase,geom_model_gaussian2_phase_error,geom_model_gaussian2_sigma,geom_model_gaussian2_sigma_error,geom_model_gaussian2_depth,geom_model_gaussian2_depth_error,geom_model_cosine_half_period_amplitude,geom_model_cosine_half_period_amplitude_error,geom_model_cosine_half_period_phase,geom_model_cosine_half_period_phase_error,model_type,num_model_parameters,reduced_chi2,derived_primary_ecl_phase,derived_primary_ecl_phase_error,derived_primary_ecl_duration,derived_primary_ecl_duration_error,derived_primary_ecl_depth,derived_primary_ecl_depth_error,derived_secondary_ecl_phase,derived_secondary_ecl_phase_error,derived_secondary_ecl_duration,derived_secondary_ecl_duration_error,derived_secondary_ecl_depth,derived_secondary_ecl_depth_error
[from data line 291]
375316653866487564,2026242046998274816,0.5099823,2228.1360610113143,1.6919708456545837,9.41325E-5,18.244717,0.009139585,0.32841682,0.016432641,0.04049142,0.020692252,0.19630915,0.11453891,0.8238996,0.0053621773,0.041280244,0.004612878,0.3268265,0.021840058,null,null,null,null,"TWOGAUSSIANS",8,11.609434,0.8238996,0.0053621773,0.23116937,0.025832117,0.3268265,0.021839956,0.32841682,0.016432641,0.22675195,0.11587661,0.19630913,0.11453981
375316653866487564,2026243391333563264,0.4302305,2233.835034316598,0.09813202604425134,5.9987397E-5,19.583872,0.028749026,0.13274683,0.018987067,0.06437963,0.026277108,0.18851474,0.07216331,0.533015,0.028014593,0.10761505,0.04814066,0.11273176,0.02770244,null,null,null,null,"TWOGAUSSIANS",8,5.409061,0.13283683,0.019499449,0.36052597,0.122611254,0.1880269,0.07264337,0.533015,0.028014593,0.4,0.0,0.11213205,0.024688864
375316653866487564,2026243425693352448,0.5222055,2208.067773784292,1.8341579102015078,1.0349854E-5,16.925335,0.013563929,0.2311055,0.005624223,0.08194925,0.009604997,0.15829493,0.013764604,0.7064432,0.0047439337,0.08659442,0.009267863,0.31743893,0.010200979,null,null,null,null,"TWOGAUSSIANS",8,18.217731,0.7064432,0.0047439337,0.4,0.0,0.3139003,0.008372735,0.2311055,0.005624223,0.4,0.0,0.15475635,0.011028158
375316653866487564,2026244005503591552,0.53643715,2195.117102660935,2.7985672289866317,1.0690774E-5,18.316914,0.021411616,0.19242571,0.007222896,0.09177219,0.016136192,0.23434688,0.024596393,0.6736458,0.0032071914,0.10379539,0.009323515,0.26559773,0.019745719,null,null,null,null,"TWOGAUSSIANS",8,3.8886335,0.6736458,0.0032071914,0.4,0.0,0.2507759,0.01023858,0.19243573,0.007241653,0.4,0.0,0.21953149,0.025709813
375316653866487564,2026244353405667968,0.5200854,2206.0749424796627,2.7628390657486044,1.0908369E-5,19.166662,0.00922002,0.26086342,0.001903084,0.06772583,0.0034263255,0.3594494,0.011658402,0.76563966,0.0035474522,0.07998717,0.0045537115,0.30367103,0.014537003,null,null,null,null,"TWOGAUSSIANS",8,2.5378065,0.26086342,0.001903084,0.37926462,0.019187422,0.35754752,0.01148581,0.76563966,0.0035474522,0.4,0.0,0.30176917,0.01445487
375316653866487564,2026244623998753536,0.4087283,2200.2371774112316,0.1537624731375091,4.800261E-6,19.295883,0.014218005,0.3001127,0.0011536737,0.010007426,0.0015372416,0.49338058,0.10999924,0.6056914,8.752345E-4,0.0051172753,6.617226E-4,0.34197873,0.06273847,null,null,null,null,"TWOGAUSSIANS",8,10.632631,0.3001127,0.0011536737,0.056041587,0.008608554,0.49338058,0.10999924,0.6056914,8.752345E-4,0.028656742,0.0037056466,0.34197873,0.06273847
375316653866487564,2026245143680261888,0.49776965,2222.2180476707676,2.7892403957923637,1.5453104E-5,18.404692,0.0832525,0.296487,0.008836588,0.12895276,0.034996565,0.21629068,0.07937069,0.7809014,0.006943209,0.11830019,0.02314978,0.27438837,0.08117514,null,null,null,null,"TWOGAUSSIANS",8,4.621622,0.7809014,0.006943209,0.4,0.0,0.2197961,0.0153267225,0.296597,0.008755446,0.4,0.0,0.16152221,0.014322781
375316653866487564,2026246174504034944,0.618317,2231.4237366383327,2.8349910283744904,4.17839E-6,16.920666,0.018672403,0.22582492,0.0020027636,0.05979481,0.007994184,0.3268491,0.048099205,0.7269787,0.0043280856,0.056125026,0.00719401,0.2918122,0.041027177,0.107843876,0.023955783,0.22582492,0.0020027636,"TWOGAUSSIANS_WITH_ELLIPSOIDAL_ON_ECLIPSE1",9,16.894184,0.22582492,0.0020027636,0.33485094,0.044767436,0.5424695,0.045504354,0.7269787,0.0042174896,0.31430015,0.04028646,0.50742126,0.0154636195
375316653866487564,2026246449381995136,0.4602675,2240.026103203109,1.7577265890683558,4.023763E-5,17.064657,0.017845433,0.24209072,0.0138422465,0.09360841,0.017543713,0.31225213,0.05161868,0.72758716,0.0064032027,0.06536841,0.008442542,0.7414777,0.22548412,null,null,null,null,"TWOGAUSSIANS",8,70.08964,0.72758716,0.0064032027,0.3660631,0.04727823,0.73690116,0.22789375,0.24209072,0.0138422465,0.4,0.0,0.30767506,0.052969214
375316653866487564,2026246758588579456,0.46461713,2246.46453964509,0.9118284732902416,2.567673E-5,15.913442,0.0020542182,0.7053813,0.0042683827,0.03280107,0.0076802345,0.06639749,0.009761815,null,null,null,null,null,null,0.037221007,0.0030220433,0.7053813,0.0042683827,"ONEGAUSSIAN_WITH_ELLIPSOIDAL",6,34.556057,0.7053813,0.0042683827,0.18368599,0.04300931,0.14083949,0.008589358,null,null,null,null,null,null
375316653866487564,2026247033497540992,0.5384573,2236.7746673682177,0.8873710449286462,1.7803308E-5,15.302916,0.0017547063,0.18711405,0.0040126313,0.029960988,0.0033851946,0.13259667,0.0060881875,null,null,null,null,null,null,0.032104276,0.003015681,0.18711405,0.0040126313,"ONEGAUSSIAN_WITH_ELLIPSOIDAL",6,34.213554,0.18711405,0.0040126313,0.16778153,0.01895709,0.19680513,0.0053009912,null,null,null,null,null,null
375316653866487564,2026247273985056512,0.4715998,2229.835325508399,2.937601722899922,2.8717375E-5,19.7463,0.058274664,0.23792374,0.0060374956,0.106669486,0.01951682,0.2925372,0.05507103,0.74765754,0.012094041,0.10475823,0.030559337,0.31094623,0.04922971,null,null,null,null,"TWOGAUSSIANS",8,2.701512,0.7476675,0.012098496,0.4,0.0,0.27798775,0.031999752,0.23791374,0.0060400995,0.4,0.0,0.25957564,0.021256033
375316653866487564,2026247445783961856,0.6318927,2264.5988349107306,3.2640256814067605,5.8198825E-6,18.271482,0.012168623,0.25428724,0.0025490702,0.041657135,0.003417029,0.34133682,0.021927472,0.75568414,0.0023241718,0.055741988,0.0034655472,0.44296756,0.031956274,0.11334117,0.012996811,0.25428724,0.0025490702,"TWOGAUSSIANS_WITH_ELLIPSOIDAL_ON_ECLIPSE1",9,3.9251482,0.75568414,0.002276821,0.31215513,0.019407066,0.66961473,0.027383624,0.25428724,0.0025490702,0.23327996,0.019135363,0.56800145,0.009260727
375316653866487564,2026247651942140672,0.49799493,2269.281621410567,0.031987352346730565,2.7040373E-6,18.17982,0.0044981088,0.1642863,0.0029377914,0.017064804,0.0019160022,0.05539068,0.009618054,0.82468235,5.35653E-4,0.0017705222,3.1073822E-4,0.43104643,0.40608016,0.025824143,0.006802305,0.82468235,5.35653E-4,"TWOGAUSSIANS_WITH_ELLIPSOIDAL_ON_ECLIPSE2",9,5.911529,0.82468235,5.35653E-4,0.009914924,0.0017401341,0.48269472,0.40606725,0.1658463,0.0028839852,0.095562905,0.010729613,0.07033137,0.012875358
375316653866487564,2026248025593275520,0.5163566,2243.031834869099,0.3104645936354187,2.53428E-5,18.523975,0.002427512,0.33350384,0.014163568,0.01059484,0.007967291,0.2593932,0.12053789,0.84349495,0.0021518962,0.010652123,0.004971866,0.061840117,0.09113525,null,null,null,null,"TWOGAUSSIANS",8,2.280263,0.33350384,0.014163568,0.059331108,0.044616833,0.2593932,0.12053789,0.84349495,0.0021518962,0.059651893,0.02784245,0.061840117,0.09113525
375316653866487564,2026248476575489536,0.4770071,2243.146095226447,2.9837674539724786,2.1838276E-5,19.446928,0.036347855,0.30508125,0.0093797175,0.082787335,0.019433374,0.23200993,0.034040764,0.8102837,0.006821858,0.09580937,0.019496217,0.22089659,0.032929815,null,null,null,null,"TWOGAUSSIANS",8,3.315725,0.30508125,0.0093797175,0.4,0.0,0.22376707,0.026926829,0.8102837,0.006821858,0.4,0.0,0.21265317,0.022896204
375316653866487564,2026249743581400960,0.5475555,2257.3689956716385,2.4091247283720527,9.660019E-6,17.971802,0.009060996,0.262627,0.002176857,0.08854573,0.003600536,0.29818577,0.010303923,0.76962006,0.003093908,0.09219385,0.0042631454,0.30526578,0.010814361,null,null,null,null,"TWOGAUSSIANS",8,4.697295,0.76962006,0.003093908,0.4,0.0,0.29346302,0.009272206,0.262627,0.002176857,0.4,0.0,0.28638318,0.00850634
375316653866487564,2026250228923299456,0.5124609,2251.818688120162,2.767320001320578,8.260216E-6,19.652784,0.013762987,0.26297355,0.003074659,0.07125141,0.0055655963,0.51897806,0.030413808,0.76852965,0.00205581,0.072038315,0.002137545,0.655798,0.021065012,null,null,null,null,"TWOGAUSSIANS",8,2.5958064,0.76852965,0.00205581,0.4,0.0030307337,0.65348595,0.02067787,0.26297355,0.003074659,0.3990079,0.017755654,0.51666605,0.031107126
375316653866487564,2026250435112154624,0.6125962,2250.1339669717886,0.572103728006643,4.924988E-6,10.047991,0.0011883299,0.23649234,0.0013101521,0.039841928,0.0030434534,0.15279013,0.005102761,0.74074084,0.0011333378,0.03998395,0.0013231756,0.20322426,0.0036635215,0.032568295,0.0019602636,0.23649234,0.0013101521,"TWOGAUSSIANS_WITH_ELLIPSOIDAL_ON_ECLIPSE1",9,14.160948,0.74074084,0.0011333378,0.22391011,0.0074097835,0.26831445,0.00283756,0.23649234,0.0013101521,0.2231148,0.01704334,0.21792671,0.004813533
375316653866487564,2026250533851092864,0.59128743,2239.5693645420756,1.962906839788257,6.980195E-6,16.262478,0.007342145,0.27773362,0.001954814,0.046474602,0.0075683747,0.0912388,0.016036466,0.79146475,0.0066489694,0.05173597,0.008496312,0.06433077,0.017153068,0.09501393,0.009640811,0.27773362,0.001954814,"TWOGAUSSIANS_WITH_ELLIPSOIDAL_ON_ECLIPSE1",9,17.105522,0.27773362,0.001954814,0.26025778,0.0423829,0.28126615,0.008790347,0.79146475,0.0066489694,0.28972143,0.04757935,0.25294718,0.005282782
375316653866487564,2026250774378562688,0.43228042,2238.5916239676108,4.674093797610099,2.0076714E-5,18.475555,0.0043645194,0.21935704,0.0119281085,0.039823975,0.012747211,0.118730895,0.08567843,0.9463667,0.0021851151,0.006543299,0.0017853369,0.077463396,0.015685191,null,null,null,null,"TWOGAUSSIANS",8,5.3842244,0.21935704,0.0119281085,0.22301427,0.071384385,0.118730895,0.08567843,0.9463667,0.0021851151,0.036642473,0.009997887,0.077463396,0.015685193
375316653866487564,2026250877448694912,0.5685351,2232.4266132310017,2.534899710963522,1.1196919E-5,17.652182,0.0068319924,0.17178082,0.003707439,0.08850767,0.006390683,0.2448059,0.0069140517,0.68103546,0.003919061,0.08909184,0.0062023387,0.22521013,0.009749767,null,null,null,null,"TWOGAUSSIANS",8,3.1498773,0.17178082,0.003707439,0.4,0.0,0.23711103,0.00825523,0.68103546,0.003919061,0.4,0.0,0.21751526,0.0105506955
375316653866487564,2026251117969282048,0.49118727,2273.8122067403306,0.09698331997446805,2.5433506E-5,18.857208,0.007644623,0.36548117,0.014594976,0.0063100667,0.0042546107,1.1841551,3.5031087,0.72747076,0.0052638464,0.010619317,0.0051646484,0.14037934,0.06083946,0.02374966,0.011654963,0.36548117,0.014594976,"TWOGAUSSIANS_WITH_ELLIPSOIDAL_ON_ECLIPSE1",9,10.523164,0.36548117,0.014594976,0.035336375,0.02382582,1.2316544,3.5021722,0.7277108,0.0051043755,0.059468176,0.028922033,0.16029817,0.061974127
375316653866487564,2026251255405941888,0.6478409,2266.507285932695,1.429264580901426,3.1337952E-6,15.528282,0.010025177,0.18118057,0.0015562677,0.056084476,0.022580387,0.08523283,0.5000158,0.6724286,0.0010217121,0.060501352,0.003392124,0.41111177,0.017551946,0.08088864,0.012124113,0.18118057,0.0015562677,"TWOGAUSSIANS_WITH_ELLIPSOIDAL_ON_ECLIPSE1",9,34.98187,0.6733186,8.804928E-4,0.33880758,0.018995894,0.572401,0.013152277,0.18118057,0.0015562677,0.3140731,0.12645017,0.24696101,0.50960505
375316653866487564,2026251259745886208,0.5938933,2266.4640928496874,2.144145022970303,4.404494E-6,15.979846,0.0027398446,0.27686822,0.0017241294,0.041520163,0.0047772382,0.098904334,0.010143984,0.78392327,0.0052441694,0.040954184,0.00584976,0.08917444,0.0119572105,0.10191072,0.006327421,0.27686822,0.0017241294,"TWOGAUSSIANS_WITH_ELLIPSOIDAL_ON_ECLIPSE1",9,22.737509,0.27686822,0.0017241294,0.23251292,0.026752533,0.30272558,0.0073287715,0.78392327,0.0052441694,0.22934343,0.032758657,0.29259545,0.011516557
375316653866487564,2026251500235372032,0.46702734,2205.7361483577447,3.0862980268338838,1.7915758E-5,19.6489,0.013289856,0.19900626,0.009223036,0.08061802,0.011255479,0.22461475,0.018333582,0.70768523,0.007007737,0.084338196,0.010744501,0.2103461,0.016307818,null,null,null,null,"TWOGAUSSIANS",8,2.6446936,0.19900626,0.009223036,0.4,0.0,0.22087547,0.0187942,0.70768523,0.007007737,0.4,0.0,0.2066068,0.016411819
375316653866487564,2026251908262460928,0.63748723,2231.8238231946043,2.1086568001024304,3.9511033E-6,18.3945,0.0058793104,0.25449684,0.002477275,0.04504927,0.0027457173,0.5762314,0.017241085,0.7705784,0.014709957,0.04521705,0.037396293,0.032158073,3.0974066,0.093513645,0.00794434,0.25449684,0.002477275,"TWOGAUSSIANS_WITH_ELLIPSOIDAL_ON_ECLIPSE1",9,2.3942308,0.25449684,0.002477275,0.25227588,0.015376017,0.7632586,0.010885747,0.7705784,0.014709957,0.25321546,0.20941924,0.21728224,3.1033797
375316653866487564,2026252457997034112,0.50869083,2237.9549909812667,0.14489508427503342,1.9708263E-5,18.04562,0.006345761,0.35405856,0.005186033,0.011754602,0.0062795402,0.2599048,0.15084454,0.7872152,0.02252719,0.043310277,0.03271877,1.1555961,178.46255,null,null,null,null,"TWOGAUSSIANS",8,19.12456,0.7872152,0.02252719,0.24253754,0.18322513,1.1555961,178.46255,0.35405856,0.005186033,0.06582577,0.035165425,0.2599048,0.15084454
375316653866487564,2026252492359039744,0.5982783,2232.1731201774205,3.496811027648155,9.193511E-6,19.233145,0.009832429,0.27103367,0.0028755732,0.042798582,0.005797186,0.46389285,0.025882283,0.7683697,0.0029674517,0.046065602,0.003758889,0.32452944,0.027851975,0.15323637,0.014712489,0.27103367,0.0028755732,"TWOGAUSSIANS_WITH_ELLIPSOIDAL_ON_ECLIPSE1",9,1.958947,0.27103367,0.0028755732,0.23967206,0.03246424,0.7703655,0.021709422,0.7687297,0.0025223517,0.25796738,0.021049777,0.6309279,0.01406922
375316653866487564,2026252771544945792,0.43004316,2280.9396206051233,3.4338716887341874,4.3330067E-5,19.601742,0.03726835,0.23565277,0.01631515,0.042553015,0.017775603,0.2279153,0.0884433,null,null,null,null,null,null,0.1959448,0.050513197,0.23565277,0.01631515,"ONEGAUSSIAN_WITH_ELLIPSOIDAL",6,46.26957,0.23565277,0.01631515,0.23829688,0.09954337,0.61980444,0.039339554,null,null,null,null,null,null
375316653866487564,2026252805934061824,0.5496717,2252.560829225613,1.1440476012014176,5.1527145E-6,15.565314,0.014660734,0.29641548,0.0016330024,0.14086194,0.014415116,0.09768226,0.014123479,0.79036,0.0014677758,0.11248233,0.008126591,0.12222255,0.013402466,null,null,null,null,"TWOGAUSSIANS",8,2.7059796,0.79036,0.0014677758,0.4,0.0,0.093653314,0.0018813498,0.29643548,0.0016453961,0.4,0.0,0.06876319,0.0013276589
375316653866487564,2026252943344045184,0.5539015,2252.5307012251496,2.2988557761511133,1.0900769E-5,17.597528,0.051945902,0.2231146,0.0027098833,0.11827472,0.017792005,0.25500712,0.0476766,0.72103435,0.0022483377,0.12231877,0.018178284,0.24524723,0.04851241,null,null,null,null,"TWOGAUSSIANS",8,3.7488492,0.2231246,0.0027500016,0.4,0.0,0.19847646,0.0062040878,0.72103435,0.0022483377,0.4,0.0,0.1886682,0.006045536
375316653866487564,2026253733619866624,0.47399357,2235.781068190334,0.4022841267735661,1.3196975E-4,18.170464,0.00799321,0.39485332,0.01902019,0.060444888,0.019045481,0.056041457,0.01639543,0.70169246,0.028788706,0.038935073,0.014754744,0.32051894,0.10628516,null,null,null,null,"TWOGAUSSIANS",8,10.535494,0.70169246,0.028788706,0.21803641,0.08262657,0.3205191,0.10628494,0.39485332,0.01902019,0.33849135,0.102960244,0.056041457,0.016395424
375316653866487564,2026253768006839424,0.43241808,2275.3596008423556,3.2500339439583232,5.7855603E-5,18.982883,0.012715509,0.31718314,0.0127929645,0.053101134,0.020084456,0.49178788,0.1798204,0.8028663,0.0063123065,0.073986925,0.00567547,0.44013765,0.03589892,null,null,null,null,"TWOGAUSSIANS",8,23.894241,0.31718314,0.0127929645,0.29736635,0.11247295,0.49153554,0.18064688,0.8028663,0.0063123065,0.4,0.0073957336,0.43988532,0.03583003
375316653866487564,2026255039317350656,0.60663766,2237.121097360851,1.32117556470603,4.1209264E-6,15.114393,5.967729E-4,0.7607828,0.0011480415,0.059348136,0.005869357,0.034279242,0.0025300954,null,null,null,null,null,null,0.045820564,8.723163E-4,0.7607828,0.0011480415,"ONEGAUSSIAN_WITH_ELLIPSOIDAL",6,4.9213834,0.7607828,0.0011480415,0.33234954,0.032868396,0.12591545,0.0024453497,null,null,null,null,null,null
