Gaia/vari_eclipsing_binary/VariEclipsingBinary_606588-606610.csv
# %ECSV 1.0
# ---
# delimiter: ','
# meta: !!omap
# - RELEASE: Gaia DR3
# - TABLE: vari_eclipsing_binary
# - DESCRIPTION: >
#     This table describes the properties of the eclipsing binaries resulting from the variability analysis. 
# - CITATION: >
#     How to cite and acknowledge Gaia: 
#     https://gea.esac.esa.int/archive/documentation/credits.html 
# - KNOWN_ISSUES: >
#     Known issues: 
#     https://www.cosmos.esa.int/web/gaia-users/known-issues 
# - DOCUMENTATION: >
#     Tutorials and documentation: 
#     https://www.cosmos.esa.int/web/gaia-users/archive 
# datatype:
# - 
#   name: solution_id
#   datatype: int64
#   description: Solution Identifier
#   meta:
#     ucd: meta.version
# - 
#   name: source_id
#   datatype: int64
#   description: Unique source identifier
#   meta:
#     ucd: meta.id;meta.main
# - 
#   name: global_ranking
#   datatype: float32
#   description: Number between 0 (worst) and 1 (best)
#   meta:
#     ucd: stat.param
# - 
#   name: reference_time
#   datatype: float64
#   unit: d
#   description: Reference time used for the geometric model fit
#   meta:
#     ucd: time.epoch
# - 
#   name: frequency
#   datatype: float64
#   unit: d**-1
#   description: Frequency of geometric model of the eclipsing binary light curve
#   meta:
#     ucd: src.orbital
# - 
#   name: frequency_error
#   datatype: float32
#   unit: d**-1
#   description: "Uncertainty of \\texttt{frequency}"
#   meta:
#     ucd: stat.error
# - 
#   name: geom_model_reference_level
#   datatype: float32
#   unit: mag
#   description: Magnitude reference level of geometric model
#   meta:
#     ucd: phot.mag;em.opt
# - 
#   name: geom_model_reference_level_error
#   datatype: float32
#   unit: mag
#   description: "Uncertainty of \\texttt{geomModelReferenceLevel}"
#   meta:
#     ucd: stat.error;phot.mag;em.opt
# - 
#   name: geom_model_gaussian1_phase
#   datatype: float32
#   description: Phase of the Gaussian 1 component
#   meta:
#     ucd: time.phase
# - 
#   name: geom_model_gaussian1_phase_error
#   datatype: float32
#   description: "Uncertainty of \\texttt{geomModelGaussian1Phase}"
#   meta:
#     ucd: stat.error;time.phase
# - 
#   name: geom_model_gaussian1_sigma
#   datatype: float32
#   description: "Standard deviation [phase] of Gaussian 1 component"
#   meta:
#     ucd: stat.stdev
# - 
#   name: geom_model_gaussian1_sigma_error
#   datatype: float32
#   description: "Uncertainty of \\texttt{geomModelGaussian1Sigma}"
#   meta:
#     ucd: stat.error
# - 
#   name: geom_model_gaussian1_depth
#   datatype: float32
#   unit: mag
#   description: Magnitude depth of Gaussian 1 component
#   meta:
#     ucd: src.var.amplitude
# - 
#   name: geom_model_gaussian1_depth_error
#   datatype: float32
#   unit: mag
#   description: "Uncertainty of \\texttt{geomModelGaussian1Depth}"
#   meta:
#     ucd: stat.error;src.var.amplitude
# - 
#   name: geom_model_gaussian2_phase
#   datatype: float32
#   description: Phase of Gaussian 2 component
#   meta:
#     ucd: time.phase
# - 
#   name: geom_model_gaussian2_phase_error
#   datatype: float32
#   description: "Uncertainty of \\texttt{geomModelGaussian2Phase}"
#   meta:
#     ucd: stat.error;time.phase
# - 
#   name: geom_model_gaussian2_sigma
#   datatype: float32
[...]
#   datatype: float32
#   description: "Secondary eclipse: uncertainty of \\texttt{derivedSecondaryEclDuration}"
#   meta:
#     ucd: stat.error;time.duration
# - 
#   name: derived_secondary_ecl_depth
#   datatype: float32
#   unit: mag
#   description: "Secondary eclipse: depth"
#   meta:
#     ucd: src.var.amplitude
# - 
#   name: derived_secondary_ecl_depth_error
#   datatype: float32
#   unit: mag
#   description: "Secondary eclipse: uncertainty of \\texttt{derivedSecondaryEclDepth}"
#   meta:
#     ucd: stat.error;src.var.amplitude
solution_id,source_id,global_ranking,reference_time,frequency,frequency_error,geom_model_reference_level,geom_model_reference_level_error,geom_model_gaussian1_phase,geom_model_gaussian1_phase_error,geom_model_gaussian1_sigma,geom_model_gaussian1_sigma_error,geom_model_gaussian1_depth,geom_model_gaussian1_depth_error,geom_model_gaussian2_phase,geom_model_gaussian2_phase_error,geom_model_gaussian2_sigma,geom_model_gaussian2_sigma_error,geom_model_gaussian2_depth,geom_model_gaussian2_depth_error,geom_model_cosine_half_period_amplitude,geom_model_cosine_half_period_amplitude_error,geom_model_cosine_half_period_phase,geom_model_cosine_half_period_phase_error,model_type,num_model_parameters,reduced_chi2,derived_primary_ecl_phase,derived_primary_ecl_phase_error,derived_primary_ecl_duration,derived_primary_ecl_duration_error,derived_primary_ecl_depth,derived_primary_ecl_depth_error,derived_secondary_ecl_phase,derived_secondary_ecl_phase_error,derived_secondary_ecl_duration,derived_secondary_ecl_duration_error,derived_secondary_ecl_depth,derived_secondary_ecl_depth_error
[from data line 581]
375316653866487564,5335754527474546560,0.55403537,2231.1693053312247,2.9065222529027372,2.0566775E-5,19.067118,0.010509426,0.2522552,0.012542222,0.07585299,0.010653048,0.53190106,0.05839279,0.75067854,0.0029940754,0.07055655,0.0053831763,0.5304642,0.018636694,null,null,null,null,"TWOGAUSSIANS",8,3.8917708,0.2522552,0.012542222,0.4,0.021421049,0.5288986,0.05939208,0.75067854,0.0029940754,0.3951167,0.027424837,0.52746177,0.019216532
375316653866487564,5335754660598110208,0.4724626,2243.8564052214265,2.192258309822476,1.4554486E-5,18.62061,0.0074209203,0.5500815,0.0071441736,0.021161042,0.0025670563,1.4090195,0.42296514,0.76940817,0.0036291478,0.025317175,0.004485202,0.13304351,0.016243372,null,null,null,null,"TWOGAUSSIANS",8,20.384182,0.5500815,0.0071441736,0.118501835,0.014375515,1.4090195,0.42296514,0.76940817,0.0036291478,0.14177617,0.025117133,0.13304351,0.016243372
375316653866487564,5335754802350533248,0.5242699,2189.6652527044653,1.9060330289047,1.0109123E-5,18.062199,0.0074351714,0.24196792,0.0033917797,0.09495513,0.0063283117,0.14354466,0.007414538,0.7415278,0.0031509763,0.0948353,0.0073953834,0.15153454,0.006596166,null,null,null,null,"TWOGAUSSIANS",8,1.7303283,0.7415278,0.0031509763,0.4,0.0,0.14241502,0.0051681865,0.24196792,0.0033917797,0.4,0.0,0.13442515,0.005368772
375316653866487564,5335754836709744768,0.51682615,2160.686967002575,2.7248903428652134,2.2295797E-5,19.688572,0.02705402,0.26458886,0.009132461,0.08150692,0.011868749,0.46856987,0.047981292,0.7596423,0.006405692,0.08181457,0.0069077793,0.43672714,0.033726588,null,null,null,null,"TWOGAUSSIANS",8,3.459977,0.26458886,0.009132461,0.4,0.0,0.46096918,0.046448886,0.7596423,0.006405692,0.4,0.0,0.42912647,0.027810229
375316653866487564,5335754901094186112,0.53407246,2239.4203219553156,0.05573113011187146,3.3038825E-5,17.661263,0.0012968348,0.13736443,0.0053125117,0.013139287,0.0045276196,0.021645514,0.034984715,0.53008085,0.01454593,0.04840445,0.0072095618,0.34570587,0.17450571,null,null,null,null,"TWOGAUSSIANS",8,2.1725376,0.53008085,0.01454593,0.2710649,0.040373545,0.34570587,0.17450571,0.13736443,0.0053125117,0.073580004,0.02535467,0.021645514,0.034984715
375316653866487564,5335755352127125888,0.4504529,2196.4397313413688,0.7387601360433099,1.2739039E-5,18.402475,0.012281406,0.16211429,0.0023947873,0.019193783,0.0056837373,0.4982504,0.20742229,0.6507358,0.008659307,0.0104448525,0.0039324113,0.19331604,0.07899226,null,null,null,null,"TWOGAUSSIANS",8,28.817327,0.16211429,0.0023947873,0.10748519,0.03182893,0.4982504,0.20742229,0.6507358,0.008659307,0.058491174,0.022021504,0.19331604,0.07899226
375316653866487564,5335755416512427776,0.45691562,2180.862593537366,0.41025009053499906,3.4062512E-5,18.350653,0.0019135841,0.51814926,0.017432183,0.045327846,0.016660972,0.030496871,0.009385518,0.84373814,0.0012034201,0.016251957,8.2302646E-4,0.19472285,0.023941068,null,null,null,null,"TWOGAUSSIANS",8,1.3907688,0.84373814,0.0012034201,0.09101096,0.0046089482,0.19472285,0.023941068,0.51814926,0.017432183,0.25383592,0.09330144,0.030496871,0.009385518
375316653866487564,5335755420824957184,0.53093463,2171.571637143083,1.9628060316836589,1.4052676E-5,19.513351,0.012972293,0.19914277,0.003366386,0.07104187,0.004709128,0.46714774,0.020567814,0.6945943,0.0038514403,0.08364411,0.005567867,0.34852824,0.029485503,null,null,null,null,"TWOGAUSSIANS",8,2.462581,0.19914277,0.003366386,0.39783445,0.0156077705,0.46326697,0.020819062,0.6945943,0.0038514403,0.4,0.0,0.34464744,0.029711489
375316653866487564,5335755489544402304,0.45958474,2217.1014434652348,2.7674826808789477,3.3463253E-5,19.857965,0.047665156,0.29694432,0.005303454,0.07217322,0.020730946,0.2365694,0.036898196,0.79624987,0.022276757,0.091078065,0.047049362,0.2185284,0.03671883,null,null,null,null,"TWOGAUSSIANS",8,2.0413237,0.29694432,0.00530855,0.4,0.03856638,0.23249932,0.024446884,0.79624987,0.022276757,0.4,0.0,0.21445818,0.03908476
375316653866487564,5335755523904302336,0.5392665,2236.352291488767,2.86517657509122,9.300197E-6,19.604048,0.0123126665,0.21125568,0.0033950661,0.06927853,0.005316207,0.5234591,0.035007536,0.72415733,0.008278705,0.066871464,0.0063717356,0.49670964,0.033166718,null,null,null,null,"TWOGAUSSIANS",8,2.8087845,0.21125568,0.0033950661,0.38795975,0.02154548,0.5226138,0.035355244,0.72415733,0.008278705,0.3744802,0.03568172,0.49586442,0.033330243
375316653866487564,5335755725750031616,0.51140153,2233.305146763703,2.5008584536327563,1.7071623E-5,17.911703,0.00973482,0.24267939,0.004248002,0.10011527,0.010122401,0.13599752,0.009043451,0.7405901,0.0049651507,0.09122465,0.00992099,0.15099421,0.009300763,null,null,null,null,"TWOGAUSSIANS",8,2.8917687,0.7405901,0.0049651507,0.4,0.0,0.14187142,0.0071919165,0.24267939,0.004248002,0.4,0.0,0.12687378,0.006425595
375316653866487564,5335755798782817664,0.48322713,2246.6352620147286,0.3751781619852979,4.3719167E-5,18.212587,0.0023866382,0.22537555,0.0024759818,0.023303527,0.004542653,0.15392537,0.042883996,0.89085275,0.008197602,0.029242728,0.007576647,0.07186112,0.22079127,null,null,null,null,"TWOGAUSSIANS",8,2.1074762,0.22537555,0.0024759818,0.13049975,0.025438856,0.15392537,0.042883996,0.89085275,0.008197602,0.16375928,0.042429227,0.07186112,0.22079127
375316653866487564,5335756073660832896,0.45104268,2225.1231644621225,2.762588858919477,2.305362E-5,19.667355,0.04230178,0.23750083,0.01427948,0.20050202,0.043113336,0.22566314,0.03785769,0.6042711,0.018757463,0.037191976,0.013174708,0.07885513,0.10688699,null,null,null,null,"TWOGAUSSIANS",8,3.08738,0.23750083,0.01427948,0.4,0.0,0.20541494,0.03007305,0.6042711,0.018757463,0.20827506,0.07377836,0.10249439,0.113894805
375316653866487564,5335756417258778752,0.5015587,2185.6295792964224,2.9004913238594634,2.2183765E-5,19.314896,0.01717095,0.3006774,0.009601298,0.090949096,0.015274402,0.23724994,0.02117835,0.7781064,0.007263089,0.08193231,0.008911351,0.24737373,0.021694316,null,null,null,null,"TWOGAUSSIANS",8,2.8439193,0.7781064,0.007263089,0.4,0.0,0.24236126,0.019147623,0.3006774,0.009601298,0.4,0.0,0.23223722,0.020854069
375316653866487564,5335756692136814976,0.44677547,2199.466680972869,1.7570330352701782,2.946805E-5,19.317287,0.054806016,0.22054921,0.00837345,0.06991984,0.017500356,0.32649854,0.051809855,0.7424497,0.022010485,0.09659543,0.049270365,0.15711847,0.043902703,null,null,null,null,"TWOGAUSSIANS",8,9.745533,0.22054921,0.008369453,0.3915511,0.0848455,0.3234418,0.04601277,0.7424497,0.022010485,0.4,0.044810522,0.15406089,0.03750392
375316653866487564,5335756932655715456,0.48374948,2223.8384244374156,3.107859874388996,3.0350595E-5,17.7597,0.16921416,0.1954403,0.0070396904,0.10345666,0.03981672,0.16267179,0.15293978,0.7158374,0.015864773,0.10839237,0.0749997,0.15265033,0.16900203,null,null,null,null,"TWOGAUSSIANS",8,10.317904,0.1954203,0.006906844,0.4,0.0,0.14727677,0.014027844,0.7158474,0.015590052,0.4,0.0,0.13724928,0.013606157
375316653866487564,5335757035754642560,0.6039086,2192.0421636893734,0.2718936339020693,5.682595E-6,14.478855,0.0028038286,0.20399037,0.0024939016,0.01330459,0.005714198,0.37513977,0.043961186,0.6154133,0.019000037,0.017083965,0.015182979,0.4814183,5.0955276E7,0.0043358216,0.0034812922,0.20399037,0.0024939016,"TWOGAUSSIANS_WITH_ELLIPSOIDAL_ON_ECLIPSE1",9,80.95027,0.6154433,0.019027585,0.09567021,0.085024685,0.4876708,5.0955276E7,0.20399037,0.0024939016,0.07450571,0.03199951,0.3838114,0.043190535
375316653866487564,5335757207533819520,0.5178114,2207.128108910343,0.14475139786836302,5.5876637E-5,19.276693,0.0054917443,0.3208196,0.027729543,0.014085667,0.017794555,0.37126595,0.37504306,0.7244206,0.028403033,0.030479195,0.0129972985,0.8476813,0.41310695,null,null,null,null,"TWOGAUSSIANS",8,3.5189474,0.7244206,0.028403033,0.17068349,0.07278487,0.8476813,0.41310695,0.3208196,0.027729543,0.07887974,0.09964951,0.37126595,0.37504306
375316653866487564,5335757443731017856,0.49926704,2216.888745703222,3.4554173330675013,1.531384E-5,18.731176,0.042252313,0.2976159,0.0043439385,0.11358156,0.020120695,0.22708248,0.037848115,0.79502046,0.005444449,0.10974714,0.015586296,0.23945223,0.04212981,null,null,null,null,"TWOGAUSSIANS",8,2.2103148,0.79502046,0.005444449,0.4,0.0,0.20244613,0.009307134,0.2976159,0.004352048,0.4,0.0,0.1900631,0.016226398
375316653866487564,5335757546794227200,0.5684605,2244.388493772154,0.3358192722540794,1.8874458E-5,18.094841,0.0017382666,0.44169584,0.040851504,0.059662905,0.055601366,0.00803832,27.91098,0.6908271,0.0013821754,0.020038985,0.0016128191,0.27579245,0.010091708,null,null,null,null,"TWOGAUSSIANS",8,1.3761272,0.6908271,0.0013821754,0.11221832,0.0090317875,0.27579376,0.010091965,0.44169584,0.040851504,0.33411226,0.31136766,0.00803832,27.91098
375316653866487564,5335757585489817344,0.55002004,2204.4370955626855,0.5881828830386262,5.1518646E-6,18.510784,0.003587546,0.25441527,0.0063725663,0.028705502,0.00635337,0.49594262,0.077932194,0.75603116,0.004712433,0.023489654,0.0026385207,0.5192029,0.20940286,null,null,null,null,"TWOGAUSSIANS",8,2.6491299,0.75603116,0.004712433,0.13154206,0.014775716,0.5192029,0.20940286,0.25441527,0.0063725663,0.16075082,0.035578873,0.49594262,0.077932194
375316653866487564,5335757722929231616,0.5738386,2233.1875864797153,0.6068905834449724,1.355457E-5,18.05624,0.0041071097,0.25788242,0.008384868,0.028542569,0.0036569224,0.3520984,0.06605966,0.75691617,0.0018100112,0.013950567,0.001583705,0.7610696,0.018575687,null,null,null,null,"TWOGAUSSIANS",8,9.115064,0.75691617,0.0018100112,0.078123175,0.008868748,0.7610696,0.018575687,0.25788242,0.008384868,0.1598384,0.020478765,0.3520984,0.06605966
375316653866487564,5335757752952666368,0.4838584,2196.7964865673925,0.9239246575514146,1.4663598E-4,17.719664,0.0020443387,0.2078194,1.2885683E-5,0.004728637,6.228802E-5,0.16922113,0.0026399416,0.37074226,0.034220524,0.07650958,0.03728293,0.016777761,0.008180332,null,null,null,null,"TWOGAUSSIANS",8,2.169833,0.2078294,1.3870493E-5,0.02648037,3.4881287E-4,0.17095934,0.0018809824,0.37074226,0.034220524,0.4,0.12875986,0.016777761,0.008180341
375316653866487564,5335757959110929408,0.47513324,2187.262136793893,2.5013066080942865,3.0722284E-5,17.956348,0.74447453,0.28175527,0.0077721532,0.114315316,0.08678106,0.20175155,0.6619848,0.79262066,0.009560197,0.11468276,0.10216517,0.20299056,0.6928676,null,null,null,null,"TWOGAUSSIANS",8,12.17847,0.79265064,0.009051028,0.4,0.0,0.16941008,0.026384141,0.28172526,0.007156818,0.4,0.0,0.16817316,0.025872651
375316653866487564,5335758062189987968,0.5090285,2240.8620665737003,0.3183007290496702,1.6247639E-5,15.988407,8.10966E-4,0.65913177,0.002832762,0.0134071,0.002421124,0.055673067,0.005382647,null,null,null,null,null,null,0.004344068,0.0010876121,0.65913177,0.002832762,"ONEGAUSSIAN_WITH_ELLIPSOIDAL",6,4.5748806,0.65913177,0.002832762,0.07507976,0.013558294,0.064361185,0.005439532,null,null,null,null,null,null
375316653866487564,5335758169606244864,0.42463195,2199.9271360183748,0.19716471209947597,1.1511445E-4,19.326345,0.017904276,0.18377909,0.0035493507,0.040935107,0.00660939,0.18571292,0.019018304,0.7772204,0.027089763,0.07329457,0.022814522,0.19582249,0.03718623,null,null,null,null,"TWOGAUSSIANS",8,7.4846635,0.7772204,0.027089763,0.4,0.0646767,0.19582197,0.03717927,0.18377909,0.0035493507,0.2292366,0.037012585,0.18571246,0.019009434
375316653866487564,5335758203985781760,0.42950192,2231.477376779533,3.1589214180421648,1.8535371E-4,17.081917,0.17843221,0.16225156,0.07715552,0.061605312,0.051799405,0.050881192,0.03720214,0.48740712,0.03081757,0.18672198,0.15612076,0.12670292,0.17302696,null,null,null,null,"TWOGAUSSIANS",8,36.553555,0.48740712,0.03081757,0.4,0.0,0.11909772,0.025598114,0.18597156,0.2940468,0.34498975,0.21853682,0.074181065,0.059353173
375316653866487564,5335758337073533056,0.49720308,2198.2548327162635,0.32928938574922867,4.3055017E-5,18.427616,0.012418054,0.18095459,0.0267197,0.047993764,0.038789723,0.06209825,0.02045021,0.6548918,0.008643047,0.04597778,0.007859764,0.27182856,0.021023748,null,null,null,null,"TWOGAUSSIANS",8,7.2413187,0.6548918,0.008643047,0.25747555,0.044014677,0.2718285,0.02102322,0.18095459,0.0267197,0.2687651,0.21722245,0.06209821,0.020451456
375316653866487564,5335758410122063744,0.45017302,2217.103861119322,1.9573116725822854,5.7172627E-5,19.15706,0.0067721345,0.124302514,0.059964728,0.04690075,0.040834807,0.034485348,0.04495246,0.888064,0.021220379,0.050420243,0.009705443,0.23809357,0.04969207,null,null,null,null,"TWOGAUSSIANS",8,3.561079,0.888064,0.021220379,0.28235337,0.054350484,0.23809367,0.04969093,0.12428252,0.06002276,0.26264417,0.2286749,0.034489427,0.045315076
375316653866487564,5335758513201507456,0.53131104,2233.1368367176306,2.504107815242674,1.6216527E-5,19.811537,0.020196982,0.26811925,0.004273671,0.07822242,0.005334729,0.5530835,0.039266758,0.77722996,0.01477177,0.075284,0.012118032,0.49377954,0.039277624,null,null,null,null,"TWOGAUSSIANS",8,2.4039924,0.26811925,0.004273671,0.4,0.0,0.5488074,0.039197583,0.77722996,0.01477177,0.4,0.0,0.4895034,0.0333733
375316653866487564,5335758891158966272,0.61646116,2225.3115969910536,1.7539724894846331,4.2464853E-6,18.594604,0.007928714,0.2784206,0.0014589927,0.043265775,0.0026027428,0.53502065,0.031200005,0.7795913,0.001664918,0.044357188,0.0030383205,0.51442623,0.03404055,0.10723927,0.014140398,0.2784206,0.0014589927,"TWOGAUSSIANS_WITH_ELLIPSOIDAL_ON_ECLIPSE1",9,3.477391,0.2784206,0.0014589927,0.24228834,0.0145753585,0.749499,0.030906308,0.7795913,0.0016638013,0.24840024,0.017014595,0.728893,0.041308988
375316653866487564,5335759028619208320,0.535569,2237.988636225277,1.7966448204325258,6.752299E-6,17.886023,0.0054243756,0.33234894,9.7026245E-4,0.03163001,7.9293817E-4,0.6504359,0.024004873,0.8359577,0.0056820256,0.040693976,0.007705713,0.19221577,0.03030673,null,null,null,null,"TWOGAUSSIANS",8,8.996356,0.33234894,9.7026245E-4,0.17712805,0.004440454,0.6504359,0.024004873,0.8359577,0.0056820256,0.22788626,0.043151993,0.19221577,0.030306732
375316653866487564,5335759093004074240,0.6069489,2252.3563951446836,1.2422202287563864,3.566765E-6,18.199062,0.0027862894,0.23503144,0.013231723,0.05165274,0.005417345,0.19664858,0.017898085,0.7708531,7.677816E-4,0.034916334,0.0024198098,0.543436,0.04965916,null,null,null,null,"TWOGAUSSIANS",8,1.8737923,0.7708531,7.677816E-4,0.19553147,0.013550935,0.543436,0.049659163,0.23503144,0.013231723,0.28925535,0.030337133,0.19664858,0.017898083
375316653866487564,5335759131677984256,0.5034944,2219.454593932196,1.118352880300082,1.8770259E-5,18.44797,0.0054714615,0.2211393,0.0047972887,0.05144812,0.0037220225,0.19035405,0.019107867,0.7143689,0.0056330543,0.06995271,0.011914178,0.29825407,0.07877614,null,null,null,null,"TWOGAUSSIANS",8,3.4820533,0.7143689,0.0056330543,0.39173517,0.037011802,0.29817387,0.07894497,0.2211393,0.0047972887,0.28810948,0.020843325,0.19027384,0.01909324
375316653866487564,5335759131698885120,0.5587936,2259.167525312592,0.7009002994550182,1.04647166E-4,16.546991,0.0068816054,0.2833726,0.007928439,0.0037248747,0.009362157,6.052827,106929.74,null,null,null,null,null,null,0.062014684,0.010280671,0.2833726,0.007928439,"ONEGAUSSIAN_WITH_ELLIPSOIDAL",6,112.29588,0.2833726,0.007928439,0.0208593,0.05242808,6.176856,106929.74,null,null,null,null,null,null
375316653866487564,5335759234756728832,0.45008972,2233.935760411424,1.0227360044038603,6.276689E-5,19.836882,0.0064097187,0.25205103,1.9866135E-4,0.014557551,4.6036585E-4,1.6252105,0.1153073,0.7872147,0.020169066,0.041328236,0.012213869,0.08145826,0.027785236,null,null,null,null,"TWOGAUSSIANS",8,3.078727,0.25205103,1.9866135E-4,0.081522286,0.0025780487,1.6252105,0.1153073,0.7872147,0.020169066,0.23143812,0.06839767,0.08145826,0.027785236
