Gaia/vari_eclipsing_binary/VariEclipsingBinary_478126-478152.csv
# %ECSV 1.0
# ---
# delimiter: ','
# meta: !!omap
# - RELEASE: Gaia DR3
# - TABLE: vari_eclipsing_binary
# - DESCRIPTION: >
#     This table describes the properties of the eclipsing binaries resulting from the variability analysis. 
# - CITATION: >
#     How to cite and acknowledge Gaia: 
#     https://gea.esac.esa.int/archive/documentation/credits.html 
# - KNOWN_ISSUES: >
#     Known issues: 
#     https://www.cosmos.esa.int/web/gaia-users/known-issues 
# - DOCUMENTATION: >
#     Tutorials and documentation: 
#     https://www.cosmos.esa.int/web/gaia-users/archive 
# datatype:
# - 
#   name: solution_id
#   datatype: int64
#   description: Solution Identifier
#   meta:
#     ucd: meta.version
# - 
#   name: source_id
#   datatype: int64
#   description: Unique source identifier
#   meta:
#     ucd: meta.id;meta.main
# - 
#   name: global_ranking
#   datatype: float32
#   description: Number between 0 (worst) and 1 (best)
#   meta:
#     ucd: stat.param
# - 
#   name: reference_time
#   datatype: float64
#   unit: d
#   description: Reference time used for the geometric model fit
#   meta:
#     ucd: time.epoch
# - 
#   name: frequency
#   datatype: float64
#   unit: d**-1
#   description: Frequency of geometric model of the eclipsing binary light curve
#   meta:
#     ucd: src.orbital
# - 
#   name: frequency_error
#   datatype: float32
#   unit: d**-1
#   description: "Uncertainty of \\texttt{frequency}"
#   meta:
#     ucd: stat.error
# - 
#   name: geom_model_reference_level
#   datatype: float32
#   unit: mag
#   description: Magnitude reference level of geometric model
#   meta:
#     ucd: phot.mag;em.opt
# - 
#   name: geom_model_reference_level_error
#   datatype: float32
#   unit: mag
#   description: "Uncertainty of \\texttt{geomModelReferenceLevel}"
#   meta:
#     ucd: stat.error;phot.mag;em.opt
# - 
#   name: geom_model_gaussian1_phase
#   datatype: float32
#   description: Phase of the Gaussian 1 component
#   meta:
#     ucd: time.phase
# - 
#   name: geom_model_gaussian1_phase_error
#   datatype: float32
#   description: "Uncertainty of \\texttt{geomModelGaussian1Phase}"
#   meta:
#     ucd: stat.error;time.phase
# - 
#   name: geom_model_gaussian1_sigma
#   datatype: float32
#   description: "Standard deviation [phase] of Gaussian 1 component"
#   meta:
#     ucd: stat.stdev
# - 
#   name: geom_model_gaussian1_sigma_error
#   datatype: float32
#   description: "Uncertainty of \\texttt{geomModelGaussian1Sigma}"
#   meta:
#     ucd: stat.error
# - 
#   name: geom_model_gaussian1_depth
#   datatype: float32
#   unit: mag
#   description: Magnitude depth of Gaussian 1 component
#   meta:
#     ucd: src.var.amplitude
# - 
#   name: geom_model_gaussian1_depth_error
#   datatype: float32
#   unit: mag
#   description: "Uncertainty of \\texttt{geomModelGaussian1Depth}"
#   meta:
#     ucd: stat.error;src.var.amplitude
# - 
#   name: geom_model_gaussian2_phase
#   datatype: float32
#   description: Phase of Gaussian 2 component
#   meta:
#     ucd: time.phase
# - 
#   name: geom_model_gaussian2_phase_error
#   datatype: float32
#   description: "Uncertainty of \\texttt{geomModelGaussian2Phase}"
#   meta:
#     ucd: stat.error;time.phase
# - 
#   name: geom_model_gaussian2_sigma
#   datatype: float32
[...]
#   datatype: float32
#   description: "Secondary eclipse: uncertainty of \\texttt{derivedSecondaryEclDuration}"
#   meta:
#     ucd: stat.error;time.duration
# - 
#   name: derived_secondary_ecl_depth
#   datatype: float32
#   unit: mag
#   description: "Secondary eclipse: depth"
#   meta:
#     ucd: src.var.amplitude
# - 
#   name: derived_secondary_ecl_depth_error
#   datatype: float32
#   unit: mag
#   description: "Secondary eclipse: uncertainty of \\texttt{derivedSecondaryEclDepth}"
#   meta:
#     ucd: stat.error;src.var.amplitude
solution_id,source_id,global_ranking,reference_time,frequency,frequency_error,geom_model_reference_level,geom_model_reference_level_error,geom_model_gaussian1_phase,geom_model_gaussian1_phase_error,geom_model_gaussian1_sigma,geom_model_gaussian1_sigma_error,geom_model_gaussian1_depth,geom_model_gaussian1_depth_error,geom_model_gaussian2_phase,geom_model_gaussian2_phase_error,geom_model_gaussian2_sigma,geom_model_gaussian2_sigma_error,geom_model_gaussian2_depth,geom_model_gaussian2_depth_error,geom_model_cosine_half_period_amplitude,geom_model_cosine_half_period_amplitude_error,geom_model_cosine_half_period_phase,geom_model_cosine_half_period_phase_error,model_type,num_model_parameters,reduced_chi2,derived_primary_ecl_phase,derived_primary_ecl_phase_error,derived_primary_ecl_duration,derived_primary_ecl_duration_error,derived_primary_ecl_depth,derived_primary_ecl_depth_error,derived_secondary_ecl_phase,derived_secondary_ecl_phase_error,derived_secondary_ecl_duration,derived_secondary_ecl_duration_error,derived_secondary_ecl_depth,derived_secondary_ecl_depth_error
[from data line 452]
375316653866487564,4205818996300022784,0.6594042,2193.331881830992,2.0920207863838223,3.4059399E-6,16.137432,0.0028526403,0.26714486,0.0019261483,0.0849283,0.0022412923,0.2243331,0.004628373,0.76294196,0.0012565118,0.08230866,0.0015144707,0.29472628,0.0036922768,null,null,null,null,"TWOGAUSSIANS",8,3.283119,0.76294196,0.0012565118,0.4,0.0,0.28928372,0.0035446945,0.26714486,0.0019261483,0.4,0.0,0.21889052,0.004759049
375316653866487564,4205819172396460288,0.53024185,2214.8758817284775,2.135036870365851,1.8001096E-5,18.585783,0.017015021,0.2673019,0.004709352,0.07193007,0.009904865,0.4699589,0.10875125,0.77734214,0.00805729,0.07922336,0.009862647,0.3786518,0.045342337,null,null,null,null,"TWOGAUSSIANS",8,7.032902,0.2673019,0.004709352,0.4,0.038545307,0.46713728,0.11047658,0.77734214,0.00805729,0.4,0.0,0.37583017,0.04584542
375316653866487564,4205819687823421952,0.59071416,2224.49887125361,2.2594395743609925,1.0446806E-5,16.263676,0.031704187,0.25250083,0.006602444,0.10082407,0.013967523,0.27976584,0.028667646,0.7559675,0.0065291766,0.10652703,0.022542465,0.24638927,0.079730965,null,null,null,null,"TWOGAUSSIANS",8,13.024132,0.25250083,0.006602444,0.4,0.0,0.2523105,0.016287124,0.7559675,0.0065291766,0.4,0.0,0.21892835,0.09084104
375316653866487564,4205820130173390720,0.58029234,2187.1249662208234,1.6807599755730391,4.3128963E-5,18.20098,0.007072396,0.2636503,0.0048767733,0.07343088,0.0033713619,0.58800465,0.0279217,0.74481314,0.016380519,0.075028524,0.012370906,0.2298613,0.039976172,null,null,null,null,"TWOGAUSSIANS",8,9.680909,0.2636503,0.0048767733,0.4,0.0,0.58639175,0.027896289,0.74481314,0.016380519,0.4,0.012805519,0.22824842,0.04046754
375316653866487564,4205820581146142976,0.557954,2164.249444532958,1.2526535868969981,9.511861E-6,16.552633,0.013963978,0.15640879,0.002062476,0.1061285,0.008639387,0.12404608,0.013401435,0.6626253,0.004591354,0.113410294,0.01657345,0.10497515,0.012287246,null,null,null,null,"TWOGAUSSIANS",8,2.0807369,0.15639879,0.002055991,0.4,0.0,0.10814686,0.0036218774,0.66263527,0.004605403,0.4,0.0,0.08906685,0.0051899967
375316653866487564,4205820615506071552,0.56902945,2189.1575755242375,3.8276986665390513,1.2304301E-5,19.064327,0.03586991,0.22053927,0.005779196,0.07420354,0.0075901835,0.50079244,0.046080794,0.71830696,0.008713601,0.0777369,0.018736206,0.26575768,0.098279,null,null,null,null,"TWOGAUSSIANS",8,2.7010777,0.22053927,0.005779196,0.4,0.0,0.4977394,0.03916798,0.71830696,0.008713601,0.4,1.4130838E-4,0.26270464,0.09911913
375316653866487564,4205821268366419712,0.47504056,2241.8467483728573,0.4512717248462067,3.8085276E-5,16.839443,0.002143943,0.18937105,0.031597015,0.025343884,0.009412683,0.06162937,0.08766865,0.6695689,0.02830799,0.06588754,0.021951862,0.122613765,0.42862937,null,null,null,null,"TWOGAUSSIANS",8,2.3713512,0.6695689,0.02830799,0.36897025,0.11010319,0.12261375,0.42862958,0.18937105,0.031597015,0.14192575,0.052711025,0.061629355,0.0876675
375316653866487564,4205822780170805632,0.47010997,2193.782682112132,4.074455083381814,3.6148736E-5,19.619038,0.012725,0.19389194,0.0039420514,0.08404144,0.007125056,0.24080485,0.02455757,0.67275476,0.01634356,0.07737847,0.0193627,0.23369913,0.04082693,null,null,null,null,"TWOGAUSSIANS",8,3.2083678,0.19389194,0.0039420514,0.4,0.0,0.2382178,0.024718456,0.67275476,0.01634356,0.4,0.047125217,0.23111211,0.042141598
375316653866487564,4205823467364890752,0.6108624,2187.0034953378918,3.507947664500465,1.7326414E-5,18.524286,0.04003217,0.29625472,0.0033584822,0.042193428,0.010869735,0.39875573,0.08703216,0.7962597,0.010202944,0.051279224,0.01577806,0.48203918,0.08134948,0.14724192,0.046089634,0.29625472,0.0033584822,"TWOGAUSSIANS_WITH_ELLIPSOIDAL_ON_ECLIPSE1",9,4.4822345,0.7962597,0.009181,0.28716367,0.088357136,0.7765191,0.07076498,0.29625472,0.0033584822,0.23628318,0.060870517,0.6932357,0.068842374
375316653866487564,4205823639188191232,0.4854299,2184.181948471338,2.1885972423643443,1.3383604E-5,15.539238,0.006851787,0.23741412,0.008636577,0.0062225102,0.0032085818,0.08338812,0.1984807,0.83544517,0.06518804,0.045362767,0.09707446,0.039011184,1.20677682E18,0.08603911,0.0097059775,0.23741412,0.008636577,"TWOGAUSSIANS_WITH_ELLIPSOIDAL_ON_ECLIPSE1",9,170.97215,0.23741412,0.008636577,0.034846056,0.017968059,0.2554663,0.20421568,0.83544517,0.06518804,0.2540315,0.43633375,0.15365408,1.20677682E18
375316653866487564,4205823845346529408,0.48636103,2205.8475069668275,3.4545240151776153,1.7003029E-5,17.51562,0.09338916,0.27931717,0.0056438423,0.11470841,0.033380784,0.31780034,0.069505095,0.7825046,0.0053376653,0.10759008,0.027099319,0.25236088,0.0873214,null,null,null,null,"TWOGAUSSIANS",8,22.539148,0.27931717,0.0056544608,0.4,0.0,0.27400345,0.029240068,0.78251463,0.0053237136,0.4,0.0,0.20860147,0.027000347
375316653866487564,4205824257639166848,0.5325066,2200.31168553964,3.575138822001306,2.3196646E-5,19.10412,0.011656671,0.1791707,0.0064107305,0.07172616,0.009132584,0.42856455,0.04079744,0.6774202,0.007075646,0.08391288,0.012782607,0.35487437,0.064902484,null,null,null,null,"TWOGAUSSIANS",8,1.1190064,0.1791707,0.0064107305,0.4,0.0117568895,0.4242977,0.043060094,0.6774202,0.007075646,0.4,0.0,0.35060748,0.06763057
375316653866487564,4205824635596973184,0.60709673,2196.7345696837556,2.64939132312621,9.265824E-6,16.739304,0.012500965,0.24561171,8.709343E-4,0.08474687,0.0026823832,0.45871794,0.011302557,0.7497824,0.005597626,0.08783892,0.0063266656,0.4933855,0.021351421,null,null,null,null,"TWOGAUSSIANS",8,13.583407,0.7497824,0.005597626,0.4,0.0,0.480035,0.018619495,0.24561171,8.709343E-4,0.4,0.0,0.44536752,0.00687664
375316653866487564,4205824665659017600,0.50703824,2227.2290679206603,3.211188979620874,1.5337588E-5,19.25089,0.025839739,0.25200626,0.008847963,0.08636304,0.011000568,0.27421647,0.029707342,0.7621725,0.005032702,0.08811609,0.011262212,0.26500553,0.030838994,null,null,null,null,"TWOGAUSSIANS",8,3.1728742,0.25200626,0.008847963,0.4,0.0,0.26671576,0.026526824,0.7621725,0.005032702,0.4,0.0,0.25750482,0.02831344
375316653866487564,4205824841756656512,0.538857,2233.0707414768617,2.807125866378801,4.097889E-5,19.392166,0.0152022205,0.2102267,0.0060002874,0.07166802,0.006054356,0.4731372,0.013704231,0.72764695,0.0053068083,0.048536282,0.0046409457,0.51047236,0.05671678,null,null,null,null,"TWOGAUSSIANS",8,4.362541,0.72764695,0.0053068083,0.27180317,0.025989296,0.51038176,0.056735814,0.2102267,0.0060002874,0.4,0.018908031,0.4730466,0.013664808
375316653866487564,4205825357175200640,0.6481957,2205.698188591025,2.4363676189263868,2.9899693E-6,14.766533,0.012522452,0.24257427,0.0010112183,0.054166306,0.0036668263,0.3391462,0.026183372,0.74845195,0.0010638852,0.058468062,0.002599478,0.38270715,0.027695218,0.090416834,0.017341781,0.24257427,0.0010112183,"TWOGAUSSIANS_WITH_ELLIPSOIDAL_ON_ECLIPSE1",9,50.01904,0.74845195,0.0010638852,0.32742116,0.014557077,0.5632598,0.009730422,0.24257427,0.0010112183,0.30333132,0.020534227,0.5199454,0.017695019
375316653866487564,4205825838185871104,0.57303447,2218.759573716039,2.8170498104408415,1.3115271E-5,19.171894,0.019219568,0.2113012,0.009139687,0.07783834,0.010839614,0.40929744,0.041747272,0.70944047,0.006279676,0.06604425,0.005939545,0.391163,0.021878539,null,null,null,null,"TWOGAUSSIANS",8,2.3018894,0.2113012,0.009139687,0.4,0.0,0.40747482,0.042314038,0.70944047,0.006279676,0.36984777,0.033261452,0.38934037,0.020514522
375316653866487564,4205825838211612160,0.6051262,2204.7792752163723,2.802324047429977,1.0254285E-5,16.265108,0.018398473,0.21576709,0.002899608,0.085681036,0.005723029,0.38819638,0.016258601,0.71486115,0.006964534,0.0957569,0.011151024,0.3383859,0.0460019,null,null,null,null,"TWOGAUSSIANS",8,22.334215,0.21576709,0.002899608,0.4,0.0,0.3722598,0.009612388,0.71486115,0.006964534,0.4,0.0,0.32244855,0.04938897
375316653866487564,4205826078703268736,0.54657525,2112.513005578907,3.2529336648533547,2.146597E-5,19.680511,0.019809334,0.3362566,0.013564905,0.08918184,0.02078275,0.3129138,0.042457607,0.8243977,0.008281742,0.09615353,0.013851827,0.29146227,0.044078603,null,null,null,null,"TWOGAUSSIANS",8,0.7049667,0.3362566,0.013564905,0.4,0.007847915,0.29962015,0.04861894,0.8243977,0.008281742,0.4,0.0,0.27816784,0.047056977
375316653866487564,4205826143129863808,0.5481339,2184.730044922042,0.8109298558711701,4.935737E-5,17.960766,0.006124814,0.2670608,0.0045956136,0.04595821,0.005271394,0.23686859,0.007111971,0.6410592,0.030140005,0.038478844,0.037200045,0.059582807,0.019314086,null,null,null,null,"TWOGAUSSIANS",8,4.6873736,0.2670608,0.0045956136,0.25736597,0.029519804,0.23686859,0.0071116555,0.6410592,0.030140005,0.21548152,0.19395179,0.059582807,0.01931435
375316653866487564,4205826422326736384,0.5871842,2194.1457818654376,1.312165904476542,7.0310043E-6,15.076218,0.011568403,0.27287692,0.0036051723,0.09134082,0.0071041635,0.16397668,0.010752997,0.7789355,0.003031268,0.0866495,0.007831748,0.11997475,0.011193348,null,null,null,null,"TWOGAUSSIANS",8,21.707716,0.27287692,0.0036051723,0.4,0.0,0.15903634,0.006566032,0.7789355,0.003031268,0.4,0.0,0.11503449,0.0071804994
375316653866487564,4205827831050067968,0.5840023,2140.9597069267797,4.057865127359822,2.9418814E-5,19.170376,0.012081926,0.26028183,0.0056009754,0.07198372,0.005122788,0.5153815,0.0355956,0.7532382,0.004564184,0.0768997,0.010739616,0.55057985,0.0845213,null,null,null,null,"TWOGAUSSIANS",8,1.5174072,0.7532382,0.004564184,0.4,0.0,0.54735,0.088114865,0.26028183,0.0056009754,0.4,0.01900889,0.5121516,0.034639526
375316653866487564,4205828376512043904,0.54702073,2141.8222650916805,0.3994152098071548,4.1572443E-5,18.391731,0.0064315596,0.22018602,0.021949353,0.034146138,0.01762005,0.4642609,0.076626115,0.6191313,0.02331306,0.06757124,0.025030103,0.11643848,0.027543439,null,null,null,null,"TWOGAUSSIANS",8,3.123989,0.22018602,0.021949353,0.19121838,0.09867228,0.4642609,0.07662943,0.6191313,0.02331306,0.37839895,0.05346546,0.11643846,0.027543947
375316653866487564,4205829686477315584,0.5496876,2104.7967694908925,0.7152872169796763,1.8092747E-5,19.111465,0.07073976,0.23700619,0.009209432,0.11449851,0.027617427,0.21352942,0.0693452,0.7200997,0.0062109837,0.13045073,0.028766185,0.23672785,0.06841955,null,null,null,null,"TWOGAUSSIANS",8,0.53726345,0.7200997,0.0062109837,0.4,0.0,0.1881895,0.014052104,0.2372762,0.009126453,0.4,0.0,0.1652958,0.030253632
375316653866487564,4205830163219371392,0.53945124,2211.9665629669153,0.30418280839010187,7.833244E-5,16.242317,0.011572765,0.5113918,0.034066796,0.01936316,0.04279357,0.5277132,0.49907726,0.8365465,0.015681606,0.0068055415,0.0054465295,0.28262138,2.0395737,0.020816073,0.012276049,0.8365465,0.015681606,"TWOGAUSSIANS_WITH_ELLIPSOIDAL_ON_ECLIPSE2",9,33.782005,0.51124185,0.034166455,0.10843369,0.23964399,0.53634226,0.50436705,0.8365465,0.015681606,0.03811103,0.030500565,0.32425317,2.0421999
375316653866487564,4205830476776029568,0.54486984,2180.747368593093,2.712425686213792,3.081499E-5,18.330236,0.011829806,0.27414614,0.006652021,0.077652134,0.011214805,0.19718578,0.02078856,0.75607806,0.010753421,0.07292076,0.009221962,0.20748214,0.016208654,null,null,null,null,"TWOGAUSSIANS",8,3.1479332,0.75607806,0.010753421,0.4,0.010690906,0.20639628,0.016006721,0.27414614,0.006652021,0.4,0.0041276347,0.19609992,0.021209992
375316653866487564,4205830614190436864,0.61494404,2165.5972701569294,1.2082662799504902,1.0966455E-6,18.799414,0.005701974,0.27727267,1.4246395E-4,0.047648456,0.0015112655,0.29762375,6.298178E-4,0.7542898,5.001366E-5,0.012806096,1.5405263E-4,3.265845,0.13791712,null,null,null,null,"TWOGAUSSIANS",8,7.994772,0.7542898,5.001366E-5,0.07171414,8.626947E-4,3.265845,0.13791712,0.27727267,1.4246395E-4,0.26683134,0.008463087,0.29762375,6.298178E-4
375316653866487564,4205830751654000384,0.5918452,2209.7508374185363,2.2484767935474768,1.1680853E-5,16.948729,0.025572518,0.19190821,0.003814874,0.107215114,0.014592257,0.17723526,0.023524577,0.70105547,0.0040332465,0.091515124,0.014658676,0.27591303,0.022841794,null,null,null,null,"TWOGAUSSIANS",8,4.8249025,0.70105547,0.0040326677,0.4,0.0,0.2597776,0.007646803,0.19190821,0.0038161792,0.4,0.0,0.16109283,0.010611053
375316653866487564,4205831163970900736,0.52709985,2193.950095061704,3.4125871283447005,9.553921E-6,17.126993,0.056821328,0.3481944,0.0102098975,0.09238151,0.051671267,0.14276332,0.034800306,0.8330777,0.0025615268,0.08318114,0.02205665,0.26885113,0.022984808,null,null,null,null,"TWOGAUSSIANS",8,4.2389774,0.8330777,0.0025615268,0.4,0.0,0.26369792,0.024630068,0.3481944,0.010223892,0.4,0.0,0.13760993,0.013953663
375316653866487564,4205832568397279104,0.6197597,2169.3507985456736,3.2620430136387295,1.4374064E-5,16.801815,0.0050095147,0.21066718,0.004478019,0.07966975,0.0044632703,0.19681236,0.008485878,0.7067547,0.008478811,0.07789436,0.008484096,0.19823202,0.0069985637,null,null,null,null,"TWOGAUSSIANS",8,3.404567,0.7067547,0.008478811,0.4,0.0,0.19585727,0.006023065,0.21066718,0.004478019,0.4,0.0,0.1944376,0.008154841
375316653866487564,4205833706568194688,0.54232484,2160.1411183064806,3.7762060951869003,4.1628435E-5,19.161612,0.012417833,0.19516163,0.04413959,0.039918687,0.017893294,0.6009021,0.5449848,0.72685254,0.016289704,0.08576272,0.017511075,0.43170857,0.064012006,null,null,null,null,"TWOGAUSSIANS",8,3.2027073,0.19516163,0.04413959,0.22354466,0.10020244,0.6007866,0.5450856,0.72685254,0.016289704,0.4,0.0,0.431593,0.06436493
375316653866487564,4205833740951294592,0.48950717,2202.7924996704864,1.6873280587108304,5.517625E-5,15.706917,0.008269612,0.26572174,0.004072878,0.026995925,0.00660974,0.17726159,0.055576727,0.5181993,0.012966242,0.07224286,0.009951365,0.18264416,0.023530804,null,null,null,null,"TWOGAUSSIANS",8,81.45753,0.5181993,0.012966242,0.4,0.014735458,0.18264416,0.023530804,0.26580173,0.0041116867,0.15117718,0.037014544,0.17766918,0.055528536
375316653866487564,4205835493276394880,0.5775725,2140.7301780021885,2.3628662390362374,3.4565986E-5,18.760658,0.0026089614,0.5172634,0.021605453,0.0651319,0.021199225,0.565608,0.42327562,0.92669386,0.006707106,0.038696956,0.0063502705,0.032878812,0.006772016,null,null,null,null,"TWOGAUSSIANS",8,1.3125839,0.5172634,0.021605453,0.36473864,0.04703818,0.565608,0.42328006,0.92669386,0.006707106,0.21670295,0.035561513,0.03287878,0.0067717116
375316653866487564,4205837554883391616,0.6074845,2248.342665497826,0.6442907342377131,5.921738E-5,16.465334,0.0038878308,0.18665539,0.01822175,0.06431865,0.011677008,0.08650208,0.014255554,0.6856241,0.016454097,0.053498227,0.011475162,0.26849985,0.059578452,null,null,null,null,"TWOGAUSSIANS",8,3.8074749,0.6856241,0.016454097,0.29959008,0.06426091,0.26846617,0.059684068,0.18665539,0.01822175,0.36018443,0.06539125,0.08646842,0.014193039
375316653866487564,4205838173358685824,0.61308557,2233.3588518546417,2.421823846102832,1.5753323E-5,17.836588,0.027608437,0.2649028,0.007088035,0.093166426,0.018797098,0.37404624,0.05582426,0.78405523,0.010794737,0.077581,0.009967153,0.35554063,0.02618809,null,null,null,null,"TWOGAUSSIANS",8,5.586422,0.2649028,0.007088035,0.4,0.0,0.3668905,0.062686004,0.78405523,0.010791761,0.4,0.0,0.34838554,0.013693839
375316653866487564,4205839066711399296,0.5577381,2181.97649750697,2.9744710864349195,1.8963567E-5,17.789984,0.021491058,0.26942557,0.0069826907,0.09645507,0.015120449,0.15715683,0.019365672,0.7514992,0.011138031,0.11793053,0.02085534,0.16997288,0.01954234,null,null,null,null,"TWOGAUSSIANS",8,1.7551754,0.7514992,0.011138031,0.4,0.0,0.15233812,0.0060989554,0.26948556,0.0069988314,0.4,0.0,0.13957241,0.008828033
