Gaia/vari_eclipsing_binary/VariEclipsingBinary_059071-059307.csv
# %ECSV 1.0
# ---
# delimiter: ','
# meta: !!omap
# - RELEASE: Gaia DR3
# - TABLE: vari_eclipsing_binary
# - DESCRIPTION: >
#     This table describes the properties of the eclipsing binaries resulting from the variability analysis. 
# - CITATION: >
#     How to cite and acknowledge Gaia: 
#     https://gea.esac.esa.int/archive/documentation/credits.html 
# - KNOWN_ISSUES: >
#     Known issues: 
#     https://www.cosmos.esa.int/web/gaia-users/known-issues 
# - DOCUMENTATION: >
#     Tutorials and documentation: 
#     https://www.cosmos.esa.int/web/gaia-users/archive 
# datatype:
# - 
#   name: solution_id
#   datatype: int64
#   description: Solution Identifier
#   meta:
#     ucd: meta.version
# - 
#   name: source_id
#   datatype: int64
#   description: Unique source identifier
#   meta:
#     ucd: meta.id;meta.main
# - 
#   name: global_ranking
#   datatype: float32
#   description: Number between 0 (worst) and 1 (best)
#   meta:
#     ucd: stat.param
# - 
#   name: reference_time
#   datatype: float64
#   unit: d
#   description: Reference time used for the geometric model fit
#   meta:
#     ucd: time.epoch
# - 
#   name: frequency
#   datatype: float64
#   unit: d**-1
#   description: Frequency of geometric model of the eclipsing binary light curve
#   meta:
#     ucd: src.orbital
# - 
#   name: frequency_error
#   datatype: float32
#   unit: d**-1
#   description: "Uncertainty of \\texttt{frequency}"
#   meta:
#     ucd: stat.error
# - 
#   name: geom_model_reference_level
#   datatype: float32
#   unit: mag
#   description: Magnitude reference level of geometric model
#   meta:
#     ucd: phot.mag;em.opt
# - 
#   name: geom_model_reference_level_error
#   datatype: float32
#   unit: mag
#   description: "Uncertainty of \\texttt{geomModelReferenceLevel}"
#   meta:
#     ucd: stat.error;phot.mag;em.opt
# - 
#   name: geom_model_gaussian1_phase
#   datatype: float32
#   description: Phase of the Gaussian 1 component
#   meta:
#     ucd: time.phase
# - 
#   name: geom_model_gaussian1_phase_error
#   datatype: float32
#   description: "Uncertainty of \\texttt{geomModelGaussian1Phase}"
#   meta:
#     ucd: stat.error;time.phase
# - 
#   name: geom_model_gaussian1_sigma
#   datatype: float32
#   description: "Standard deviation [phase] of Gaussian 1 component"
#   meta:
#     ucd: stat.stdev
# - 
#   name: geom_model_gaussian1_sigma_error
#   datatype: float32
#   description: "Uncertainty of \\texttt{geomModelGaussian1Sigma}"
#   meta:
#     ucd: stat.error
# - 
#   name: geom_model_gaussian1_depth
#   datatype: float32
#   unit: mag
#   description: Magnitude depth of Gaussian 1 component
#   meta:
#     ucd: src.var.amplitude
# - 
#   name: geom_model_gaussian1_depth_error
#   datatype: float32
#   unit: mag
#   description: "Uncertainty of \\texttt{geomModelGaussian1Depth}"
#   meta:
#     ucd: stat.error;src.var.amplitude
# - 
#   name: geom_model_gaussian2_phase
#   datatype: float32
#   description: Phase of Gaussian 2 component
#   meta:
#     ucd: time.phase
# - 
#   name: geom_model_gaussian2_phase_error
#   datatype: float32
#   description: "Uncertainty of \\texttt{geomModelGaussian2Phase}"
#   meta:
#     ucd: stat.error;time.phase
# - 
#   name: geom_model_gaussian2_sigma
#   datatype: float32
[...]
#   datatype: float32
#   description: "Secondary eclipse: uncertainty of \\texttt{derivedSecondaryEclDuration}"
#   meta:
#     ucd: stat.error;time.duration
# - 
#   name: derived_secondary_ecl_depth
#   datatype: float32
#   unit: mag
#   description: "Secondary eclipse: depth"
#   meta:
#     ucd: src.var.amplitude
# - 
#   name: derived_secondary_ecl_depth_error
#   datatype: float32
#   unit: mag
#   description: "Secondary eclipse: uncertainty of \\texttt{derivedSecondaryEclDepth}"
#   meta:
#     ucd: stat.error;src.var.amplitude
solution_id,source_id,global_ranking,reference_time,frequency,frequency_error,geom_model_reference_level,geom_model_reference_level_error,geom_model_gaussian1_phase,geom_model_gaussian1_phase_error,geom_model_gaussian1_sigma,geom_model_gaussian1_sigma_error,geom_model_gaussian1_depth,geom_model_gaussian1_depth_error,geom_model_gaussian2_phase,geom_model_gaussian2_phase_error,geom_model_gaussian2_sigma,geom_model_gaussian2_sigma_error,geom_model_gaussian2_depth,geom_model_gaussian2_depth_error,geom_model_cosine_half_period_amplitude,geom_model_cosine_half_period_amplitude_error,geom_model_cosine_half_period_phase,geom_model_cosine_half_period_phase_error,model_type,num_model_parameters,reduced_chi2,derived_primary_ecl_phase,derived_primary_ecl_phase_error,derived_primary_ecl_duration,derived_primary_ecl_duration_error,derived_primary_ecl_depth,derived_primary_ecl_depth_error,derived_secondary_ecl_phase,derived_secondary_ecl_phase_error,derived_secondary_ecl_duration,derived_secondary_ecl_duration_error,derived_secondary_ecl_depth,derived_secondary_ecl_depth_error
[from data line 506]
375316653866487564,520737399930691200,0.55962247,2248.670486517112,2.7883228766773476,6.4633923E-6,18.668907,0.011429537,0.18044597,0.002078533,0.086277954,0.0041059908,0.34400737,0.012879996,0.6823515,0.0029844672,0.085364014,0.0042431653,0.34277517,0.013907839,null,null,null,null,"TWOGAUSSIANS",8,2.3727577,0.18044597,0.002078533,0.4,0.0,0.33445567,0.011538468,0.6823515,0.0029844672,0.4,0.0,0.33322346,0.01220134
375316653866487564,520740359165827968,0.63362026,2249.3430161310134,2.5544079865930707,3.4420407E-6,17.411125,0.011890105,0.152784,0.0020969375,0.05194337,0.004960241,0.26140282,0.024679527,0.65042925,0.0020930064,0.056481186,0.005466674,0.2719222,0.02562644,0.09224868,0.013524573,0.152784,0.0020969375,"TWOGAUSSIANS_WITH_ELLIPSOIDAL_ON_ECLIPSE1",9,5.391529,0.65076923,0.0016962441,0.31629464,0.030613374,0.45637006,0.02843711,0.152784,0.0020969375,0.29088286,0.02777735,0.44588512,0.009025632
375316653866487564,520741076422713472,0.54076076,2246.066929142506,3.980714378114525,1.1739814E-5,17.86361,0.01900279,0.25445595,0.0037344843,0.09178014,0.00786867,0.39836195,0.019044932,0.7321683,0.0051409923,0.102844834,0.009024948,0.33231565,0.018321494,null,null,null,null,"TWOGAUSSIANS",8,9.77929,0.25446597,0.0037425703,0.4,0.0,0.37866977,0.018567815,0.7321683,0.0051409923,0.4,0.0,0.31261635,0.013730586
375316653866487564,520742931848648320,0.56783295,2233.217942224092,2.4281967848087525,8.161266E-6,18.255398,0.014620014,0.24702741,0.002334517,0.041653868,0.005190741,0.4333726,0.033889744,0.7543707,0.009210711,0.049063284,0.0064881993,0.3767265,0.048159216,0.073258504,0.017946705,0.24702741,0.002334517,"TWOGAUSSIANS_WITH_ELLIPSOIDAL_ON_ECLIPSE1",9,5.5851855,0.24702741,0.002334517,0.23326166,0.02906815,0.57988787,0.03622394,0.7543707,0.009186098,0.2747544,0.03633392,0.5229301,0.046801724
375316653866487564,520747707852069248,0.47754502,2241.661364721779,2.773003949468834,1.5215785E-5,17.987745,0.006403005,0.25704756,0.0059439153,0.078727335,0.014499587,0.09004351,0.011439063,0.74444795,0.0052018855,0.09571223,0.008174378,0.10035356,0.007240937,null,null,null,null,"TWOGAUSSIANS",8,2.7432582,0.74444795,0.0052018855,0.4,0.0,0.09781769,0.0060560624,0.25704756,0.0059439153,0.4,0.0,0.08750793,0.012948249
375316653866487564,520749047881972736,0.6198526,2237.6842684477633,2.5842870990363624,4.739167E-6,17.747355,0.012611185,0.25674695,0.0010827299,0.04361328,0.0027290306,0.4216619,0.029141055,0.75593674,0.004374549,0.047515403,0.010198054,0.44460097,0.05348539,0.12769523,0.016573418,0.25674695,0.0010827299,"TWOGAUSSIANS_WITH_ELLIPSOIDAL_ON_ECLIPSE1",9,6.374955,0.7560168,0.0037918498,0.26608628,0.057109103,0.6999844,0.07733712,0.25674695,0.0010827299,0.24423438,0.015282571,0.6770513,0.015381526
375316653866487564,520749116602682240,0.4423724,2222.753056889135,3.4672764672880776,3.62077E-5,18.38966,0.5223476,0.27656862,0.011417981,0.16597661,0.1262753,0.2817785,0.51540023,0.76085246,0.013901252,0.13020845,0.043302998,0.28415912,0.37866354,null,null,null,null,"TWOGAUSSIANS",8,8.859843,0.76085246,0.013901252,0.4,0.0,0.16753112,0.020846687,0.27703863,0.010517796,0.4,0.0,0.15929565,0.01661887
375316653866487564,520757843975588480,0.43759015,2223.471309502599,2.3339748969340213,4.8188667E-5,19.022097,0.0056821425,0.49034557,0.0150135625,0.04459663,0.025471834,0.1512911,0.048112612,0.7461447,0.0015341414,0.0060735303,6.985441E-4,0.13296735,0.023680273,null,null,null,null,"TWOGAUSSIANS",8,5.8150015,0.49034557,0.0150135625,0.24974112,0.14264227,0.1512911,0.048112612,0.7461447,0.0015341414,0.03401177,0.003911847,0.13296737,0.023681177
375316653866487564,520760077358613760,0.54848635,2265.4859762979927,3.3174502127963983,6.62027E-6,19.55742,0.011622113,0.24793185,0.0054533454,0.07441991,0.004991079,0.46266767,0.019305203,0.7493512,0.0031184037,0.07415865,0.004057435,0.4651465,0.0270335,null,null,null,null,"TWOGAUSSIANS",8,2.0830083,0.7493512,0.0031184037,0.4,0.0,0.46202448,0.02716858,0.24793185,0.0054533454,0.4,0.0,0.45954564,0.018682411
375316653866487564,520760597051361536,0.6609581,2236.079841597233,0.39220210154490076,3.058034E-6,17.485525,0.00575851,0.25088364,0.001210606,0.022612805,5.4198294E-4,1.5649257,0.05640155,0.7536975,7.7188894E-4,0.021781463,0.002948889,0.0733831,0.012569173,0.03057701,0.0072120125,0.25088364,0.001210606,"TWOGAUSSIANS_WITH_ELLIPSOIDAL_ON_ECLIPSE1",9,11.490958,0.25088364,0.001210606,0.1266317,0.0030351046,1.6260797,0.055572737,0.7536975,7.7188894E-4,0.1219762,0.016513778,0.13451797,0.0027700989
375316653866487564,520760970711990400,0.5537759,2249.6712584524284,2.498701182713386,1.0035368E-5,18.080576,0.024535133,0.21980363,0.0030596284,0.062096193,0.0075926613,0.21640944,0.059906583,0.7195008,0.0047309557,0.053560797,0.010713671,0.21748152,0.049840376,0.10276794,0.030489776,0.21980363,0.0030596284,"TWOGAUSSIANS_WITH_ELLIPSOIDAL_ON_ECLIPSE1",9,12.350991,0.7195508,0.004196277,0.29994047,0.059996556,0.42294657,0.020160379,0.21980363,0.0030596284,0.34773868,0.042518903,0.42187512,0.022511771
375316653866487564,520761760985939840,0.557344,2252.0227000471264,0.6619087060588934,2.188393E-5,16.835234,0.0018763139,0.250684,0.001543486,0.024409676,0.0021373194,0.3441244,0.03674915,0.76549983,0.041893974,0.02900191,0.024949359,0.16961375,40.61482,null,null,null,null,"TWOGAUSSIANS",8,8.906123,0.250684,0.001543486,0.13669418,0.011968988,0.3441244,0.03674915,0.76549983,0.041893974,0.16241069,0.1397164,0.16961375,40.61482
375316653866487564,520764028728168064,0.45555285,2225.5405107946376,4.728122301591446,3.82196E-5,19.42815,0.032865684,0.3058078,0.016462076,0.03170945,0.032723874,0.18814771,2.6737776,0.74197793,0.07757139,0.058868803,0.058853205,0.14056492,0.10172825,0.093368925,0.039860625,0.3058078,0.016462076,"TWOGAUSSIANS_WITH_ELLIPSOIDAL_ON_ECLIPSE1",9,9.676977,0.3058078,0.01646399,0.17757294,0.18325369,0.374885,2.7116477,0.7587679,0.028161753,0.3296653,0.19953172,0.30585665,0.080661975
375316653866487564,520766090312620288,0.5305498,2233.9781158093074,3.1874337913533513,8.009465E-6,18.057306,0.013084459,0.23816422,0.012721319,0.091656074,0.014820331,0.22536607,0.016077127,0.72638184,0.0020080258,0.089802355,0.0075359233,0.2477854,0.011712153,null,null,null,null,"TWOGAUSSIANS",8,4.3083806,0.72638184,0.0020080258,0.4,0.0,0.23893707,0.009892167,0.23816422,0.012721319,0.4,0.0,0.21651766,0.012921219
375316653866487564,520766747444807168,0.5843723,2206.942545841567,2.1355113118948545,5.2094674E-6,17.822336,0.0032060456,0.30637342,0.0014431501,0.056884553,0.002062497,0.5663867,0.04791192,0.80849534,0.002251089,0.06161179,0.002788895,0.17861454,0.004612553,null,null,null,null,"TWOGAUSSIANS",8,2.9075687,0.30637342,0.0014431501,0.3185535,0.011549982,0.5663092,0.047938034,0.80849534,0.002251089,0.34502605,0.015617812,0.17853704,0.0046031284
375316653866487564,520774272227463296,0.47993332,2246.818805606012,4.152576941170331,2.7586577E-5,19.6397,0.009324704,0.23246884,0.008710543,0.07190228,0.009887978,0.21715729,0.023716088,0.7186001,0.0061010676,0.063597545,0.0083190305,0.24562684,0.027909294,null,null,null,null,"TWOGAUSSIANS",8,1.9169278,0.7186001,0.0061010676,0.35614625,0.04658657,0.24528104,0.028055184,0.23246884,0.008710543,0.4,0.019788044,0.2168115,0.023769796
375316653866487564,520775440459638400,0.4994556,2259.740829389421,2.369876873102801,2.7506834E-5,16.708149,0.04327972,0.24344452,0.027563551,0.054956358,0.023212524,0.11948187,0.095603056,0.72685754,0.006478613,0.043196864,0.0362643,0.1360455,0.07610432,0.09899165,0.045182314,0.72685754,0.006478613,"TWOGAUSSIANS_WITH_ELLIPSOIDAL_ON_ECLIPSE2",9,74.25456,0.72685754,0.006478613,0.24190244,0.17028853,0.33402774,0.03574528,0.23874451,0.01485813,0.3077556,0.12999013,0.3159256,0.036613435
375316653866487564,520776295155612928,0.5364723,2237.281168322985,1.3848628507466798,1.6520864E-5,18.199791,0.0015810131,0.5076202,0.0028304134,0.044932365,0.0021818702,0.16870391,0.0052799326,0.7129198,0.0035222098,0.012716555,0.006445012,0.019780623,0.016942494,null,null,null,null,"TWOGAUSSIANS",8,0.98287916,0.5076202,0.0028304134,0.25162125,0.012218473,0.16870391,0.0052799326,0.7129198,0.0035222098,0.07121271,0.036092065,0.019785564,0.016944265
375316653866487564,520787741244536832,0.6123597,2240.409304198962,0.4303566276808723,4.0443833E-6,16.634842,0.0046173465,0.16653804,0.0063436804,0.028866753,0.0042349515,0.050602697,0.01561714,0.6671614,8.1570854E-4,0.03329979,0.0012323611,0.7507286,0.019072047,0.014879882,0.00768178,0.16653804,0.0063436804,"TWOGAUSSIANS_WITH_ELLIPSOIDAL_ON_ECLIPSE1",9,28.363474,0.6671614,8.1544137E-4,0.18647882,0.006901222,0.7804879,0.020760836,0.16653804,0.0063436804,0.16165382,0.023715727,0.08036245,0.012468696
375316653866487564,520789764170564992,0.48540753,2192.7856573602,2.9416010316317696,1.4944038E-5,18.579308,0.051480744,0.26558638,0.006827618,0.10993361,0.032062147,0.1438131,0.045998726,0.7563589,0.003666819,0.104301594,0.032843627,0.17317785,0.031605672,null,null,null,null,"TWOGAUSSIANS",8,2.4182577,0.7563589,0.003666819,0.4,0.0,0.15454789,0.020309536,0.2655964,0.00679934,0.4,0.0,0.12517707,0.012550311
375316653866487564,520799865935525504,0.4231502,2247.077472999126,3.585633198803731,3.1848616E-5,19.468685,0.02670767,0.16971594,0.016963243,0.07147129,0.02639418,0.1822932,0.06992545,0.69115126,0.018697524,0.08215881,0.021739995,0.18074875,0.028608765,null,null,null,null,"TWOGAUSSIANS",8,7.2679787,0.16971594,0.016963243,0.4,0.12579261,0.18115248,0.070414685,0.69115126,0.018697524,0.4,0.0,0.17960802,0.026060773
375316653866487564,520799900295085952,0.5816121,2242.1321432351865,2.802984159373324,4.970212E-6,18.511114,0.012702696,0.24667436,0.001593805,0.049906846,0.0061206413,0.22669934,0.028412571,0.7425629,0.003567627,0.04466108,0.0062262556,0.30762714,0.03366602,0.1096699,0.017148552,0.24667436,0.001593805,"TWOGAUSSIANS_WITH_ELLIPSOIDAL_ON_ECLIPSE1",9,3.0745146,0.74297285,0.0032122983,0.25010204,0.03486703,0.5268342,0.03769464,0.24667436,0.001593805,0.27947834,0.03427559,0.44603798,0.011527051
375316653866487564,520800553130338432,0.4962426,2230.96848482215,0.31252141253652893,2.5336361E-5,18.818241,0.003081257,0.3997925,0.052685473,0.014732518,0.03202386,0.023676911,0.013137573,0.50775635,3.5391797E-5,0.005926104,7.747291E-5,0.31437147,0.0027698374,null,null,null,null,"TWOGAUSSIANS",8,2.1726809,0.50775635,3.5391797E-5,0.033186182,4.3384833E-4,0.31437147,0.002890037,0.3997925,0.052685473,0.082502104,0.1793336,0.023676911,0.013137573
375316653866487564,520802889592882816,0.56330675,2236.5887209686975,0.32551051875561865,8.430197E-6,18.467108,0.0028501793,0.52647954,0.02656237,0.009311236,0.05201124,0.032293145,0.09927132,0.9091724,0.0012045659,0.01833931,7.0171285E-4,0.48065484,0.031837676,null,null,null,null,"TWOGAUSSIANS",8,1.5042129,0.9091724,0.0012045659,0.10270014,0.0039295917,0.48065484,0.031837676,0.52647954,0.02656237,0.052142926,0.29126295,0.032293145,0.09927132
375316653866487564,520816530406883712,0.5970664,2239.875826091953,2.4938341642176463,5.6897284E-6,17.418787,0.0050548357,0.23280892,0.0014517185,0.050976027,0.004413636,0.10252394,0.011992316,0.7333451,0.0059195054,0.043464832,0.0063932952,0.09416378,0.012243331,0.11054502,0.005901354,0.23280892,0.0014517185,"TWOGAUSSIANS_WITH_ELLIPSOIDAL_ON_ECLIPSE1",9,6.079238,0.23280892,0.0014517185,0.28546575,0.024716362,0.32361308,0.0062694894,0.7333451,0.0057052528,0.24340306,0.035802454,0.31525043,0.0056643444
375316653866487564,520818523271146368,0.48048422,2272.6739925708252,2.9441454751232596,7.096663E-5,19.333542,0.0045045046,0.2746758,0.0053945887,0.017446809,0.0036184704,1.3875321,1.2262471,0.4937136,0.13345027,0.030982358,0.091618605,0.044245802,2.165096E7,null,null,null,null,"TWOGAUSSIANS",8,1.8098866,0.2746758,0.00539291,0.09770213,0.020263435,1.3875321,1.2368789,0.4937136,0.13345027,0.17350121,0.3826542,0.044245802,2.165096E7
375316653866487564,520821890525678592,0.489379,2222.075690763785,3.65055914249193,2.0497915E-5,18.17989,0.007775842,0.1869487,0.006114944,0.082788594,0.012418176,0.09754441,0.010739169,0.7087165,0.004890558,0.078530006,0.00895984,0.088362664,0.008781522,null,null,null,null,"TWOGAUSSIANS",8,2.0565145,0.1869487,0.006114944,0.4,0.0,0.09655008,0.010721674,0.7087165,0.004890558,0.4,0.0,0.08736834,0.007901636
375316653866487564,520828590675204480,0.46263316,2264.575978507295,2.317684271344303,1.2852495E-5,17.689138,0.008688163,0.23830013,0.008311621,0.1106764,0.016428094,0.058074214,0.009011874,0.7325733,0.0037276929,0.10117451,0.0116409715,0.076258115,0.008078085,null,null,null,null,"TWOGAUSSIANS",8,2.1875274,0.7325733,0.0037276929,0.4,0.0,0.0686395,0.003503896,0.23830013,0.008311621,0.4,0.0,0.05045198,0.005660602
375316653866487564,520829999424354176,0.44445267,2239.8622807470833,3.359693358119369,2.0736325E-5,19.725765,0.049765985,0.24423309,0.005036001,0.107769966,0.026852377,0.24405491,0.03628528,0.72363234,0.013160395,0.104051776,0.022369118,0.23596136,0.044363666,null,null,null,null,"TWOGAUSSIANS",8,2.9353228,0.24424309,0.0050167628,0.4,0.0,0.2206404,0.022243312,0.72363234,0.013160395,0.4,0.0,0.2125546,0.023607207
375316653866487564,520836837012259072,0.48657718,2229.7669325500465,0.6193740533665787,2.1273323E-5,18.71228,0.0018988358,0.1423663,0.009014326,0.0274274,0.006925358,0.20324096,0.020440465,0.63867134,0.015667848,0.02952256,0.010505499,0.07063987,0.0077651944,null,null,null,null,"TWOGAUSSIANS",8,1.4192319,0.1423663,0.009014326,0.15359344,0.038782004,0.20324096,0.020440465,0.63867134,0.015667848,0.16532634,0.058830798,0.07063987,0.0077651944
375316653866487564,520836978749563904,0.48056865,2231.4726997993525,0.29789050608409334,1.7462111E-5,19.542545,0.0065594306,0.26069483,0.0012943614,0.0072042244,0.001598406,0.8817731,2.3727283,0.4297254,0.014548561,0.04756145,0.012228194,0.051724654,0.016900837,null,null,null,null,"TWOGAUSSIANS",8,3.1127841,0.26069483,0.0012943614,0.040343657,0.0089510735,0.88186663,2.3727243,0.4297254,0.014548561,0.26634413,0.068477884,0.051724654,0.016900837
375316653866487564,520839585791443584,0.48085743,2214.0440070873824,1.7254518030243349,4.4354638E-5,18.462889,0.0053642774,0.4735039,0.0011767426,0.021397753,0.002037702,1.1960887,0.4153452,0.5740974,0.011724073,0.0077249226,0.011969079,0.17292725,0.1430226,null,null,null,null,"TWOGAUSSIANS",8,8.346084,0.4735039,0.0011767426,0.11982742,0.011411131,1.1960887,0.4153452,0.5740974,0.011724073,0.043259565,0.067026846,0.17294624,0.14309424
375316653866487564,520846977433332096,0.46039578,2215.7857689775888,2.366452481007062,3.236138E-5,18.412354,0.082999684,0.25269324,0.0077462606,0.11039947,0.0322389,0.2186383,0.07884191,0.75981843,0.01019561,0.10087056,0.028520733,0.2311721,0.07795167,null,null,null,null,"TWOGAUSSIANS",8,11.895316,0.75982845,0.010216361,0.4,0.0,0.20604084,0.02403268,0.25269324,0.0077597788,0.4,0.0,0.1934933,0.019955391
375316653866487564,520847973865768704,0.54181415,2226.640998261163,0.3110431392377807,6.3016837E-6,18.151335,0.001520214,0.2854254,2.0475806E-4,0.009017626,1.6397094E-4,0.4096326,0.017592449,0.7796,3.6744826E-4,0.012649883,3.4924346E-4,0.19759311,0.0021366572,null,null,null,null,"TWOGAUSSIANS",8,2.0695107,0.2854254,2.0475806E-4,0.050498705,9.1823726E-4,0.4096326,0.017592449,0.7796,3.6744826E-4,0.070839345,0.0019557634,0.19759311,0.0021366572
