Gaia/vari_eclipsing_binary/VariEclipsingBinary_351215-352026.csv
# %ECSV 1.0
# ---
# delimiter: ','
# meta: !!omap
# - RELEASE: Gaia DR3
# - TABLE: vari_eclipsing_binary
# - DESCRIPTION: >
#     This table describes the properties of the eclipsing binaries resulting from the variability analysis. 
# - CITATION: >
#     How to cite and acknowledge Gaia: 
#     https://gea.esac.esa.int/archive/documentation/credits.html 
# - KNOWN_ISSUES: >
#     Known issues: 
#     https://www.cosmos.esa.int/web/gaia-users/known-issues 
# - DOCUMENTATION: >
#     Tutorials and documentation: 
#     https://www.cosmos.esa.int/web/gaia-users/archive 
# datatype:
# - 
#   name: solution_id
#   datatype: int64
#   description: Solution Identifier
#   meta:
#     ucd: meta.version
# - 
#   name: source_id
#   datatype: int64
#   description: Unique source identifier
#   meta:
#     ucd: meta.id;meta.main
# - 
#   name: global_ranking
#   datatype: float32
#   description: Number between 0 (worst) and 1 (best)
#   meta:
#     ucd: stat.param
# - 
#   name: reference_time
#   datatype: float64
#   unit: d
#   description: Reference time used for the geometric model fit
#   meta:
#     ucd: time.epoch
# - 
#   name: frequency
#   datatype: float64
#   unit: d**-1
#   description: Frequency of geometric model of the eclipsing binary light curve
#   meta:
#     ucd: src.orbital
# - 
#   name: frequency_error
#   datatype: float32
#   unit: d**-1
#   description: "Uncertainty of \\texttt{frequency}"
#   meta:
#     ucd: stat.error
# - 
#   name: geom_model_reference_level
#   datatype: float32
#   unit: mag
#   description: Magnitude reference level of geometric model
#   meta:
#     ucd: phot.mag;em.opt
# - 
#   name: geom_model_reference_level_error
#   datatype: float32
#   unit: mag
#   description: "Uncertainty of \\texttt{geomModelReferenceLevel}"
#   meta:
#     ucd: stat.error;phot.mag;em.opt
# - 
#   name: geom_model_gaussian1_phase
#   datatype: float32
#   description: Phase of the Gaussian 1 component
#   meta:
#     ucd: time.phase
# - 
#   name: geom_model_gaussian1_phase_error
#   datatype: float32
#   description: "Uncertainty of \\texttt{geomModelGaussian1Phase}"
#   meta:
#     ucd: stat.error;time.phase
# - 
#   name: geom_model_gaussian1_sigma
#   datatype: float32
#   description: "Standard deviation [phase] of Gaussian 1 component"
#   meta:
#     ucd: stat.stdev
# - 
#   name: geom_model_gaussian1_sigma_error
#   datatype: float32
#   description: "Uncertainty of \\texttt{geomModelGaussian1Sigma}"
#   meta:
#     ucd: stat.error
# - 
#   name: geom_model_gaussian1_depth
#   datatype: float32
#   unit: mag
#   description: Magnitude depth of Gaussian 1 component
#   meta:
#     ucd: src.var.amplitude
# - 
#   name: geom_model_gaussian1_depth_error
#   datatype: float32
#   unit: mag
#   description: "Uncertainty of \\texttt{geomModelGaussian1Depth}"
#   meta:
#     ucd: stat.error;src.var.amplitude
# - 
#   name: geom_model_gaussian2_phase
#   datatype: float32
#   description: Phase of Gaussian 2 component
#   meta:
#     ucd: time.phase
# - 
#   name: geom_model_gaussian2_phase_error
#   datatype: float32
#   description: "Uncertainty of \\texttt{geomModelGaussian2Phase}"
#   meta:
#     ucd: stat.error;time.phase
# - 
#   name: geom_model_gaussian2_sigma
#   datatype: float32
[...]
#   datatype: float32
#   description: "Secondary eclipse: uncertainty of \\texttt{derivedSecondaryEclDuration}"
#   meta:
#     ucd: stat.error;time.duration
# - 
#   name: derived_secondary_ecl_depth
#   datatype: float32
#   unit: mag
#   description: "Secondary eclipse: depth"
#   meta:
#     ucd: src.var.amplitude
# - 
#   name: derived_secondary_ecl_depth_error
#   datatype: float32
#   unit: mag
#   description: "Secondary eclipse: uncertainty of \\texttt{derivedSecondaryEclDepth}"
#   meta:
#     ucd: stat.error;src.var.amplitude
solution_id,source_id,global_ranking,reference_time,frequency,frequency_error,geom_model_reference_level,geom_model_reference_level_error,geom_model_gaussian1_phase,geom_model_gaussian1_phase_error,geom_model_gaussian1_sigma,geom_model_gaussian1_sigma_error,geom_model_gaussian1_depth,geom_model_gaussian1_depth_error,geom_model_gaussian2_phase,geom_model_gaussian2_phase_error,geom_model_gaussian2_sigma,geom_model_gaussian2_sigma_error,geom_model_gaussian2_depth,geom_model_gaussian2_depth_error,geom_model_cosine_half_period_amplitude,geom_model_cosine_half_period_amplitude_error,geom_model_cosine_half_period_phase,geom_model_cosine_half_period_phase_error,model_type,num_model_parameters,reduced_chi2,derived_primary_ecl_phase,derived_primary_ecl_phase_error,derived_primary_ecl_duration,derived_primary_ecl_duration_error,derived_primary_ecl_depth,derived_primary_ecl_depth_error,derived_secondary_ecl_phase,derived_secondary_ecl_phase_error,derived_secondary_ecl_duration,derived_secondary_ecl_duration_error,derived_secondary_ecl_depth,derived_secondary_ecl_depth_error
[from data line 433]
375316653866487564,3095121834873947904,0.6036179,2087.0936157876245,4.135210009169804,4.6466375E-6,17.535795,0.011021754,0.2200968,0.0020536254,0.07108495,0.0028375576,0.4131433,0.0123075945,0.7323918,0.021646742,0.0744205,0.015429662,0.302234,0.029782662,null,null,null,null,"TWOGAUSSIANS",8,7.4595475,0.2200968,0.0020536254,0.3980757,0.0077666757,0.4117137,0.010654664,0.7323918,0.021646742,0.4,0.0,0.3008044,0.027993178
375316653866487564,3095147256782657536,0.4351538,2056.9025676775123,3.9980207363534004,1.08983266E-4,15.752346,0.0029262132,0.16905716,0.0133494595,0.03999506,0.021279046,0.12134039,0.08929235,0.460126,0.0050277906,0.018828593,0.0046013272,0.17576054,0.104996905,null,null,null,null,"TWOGAUSSIANS",8,29.615957,0.460126,0.0050277906,0.10544012,0.025767433,0.17576054,0.104996905,0.16905716,0.0133494595,0.22397232,0.11916266,0.12134039,0.08929235
375316653866487564,3095149563182860288,0.53161675,2096.774975192319,0.6913258126437366,9.27828E-6,14.66022,0.0015620114,0.5044315,0.005060164,0.01846376,0.005150802,0.11850114,0.041132133,0.8275582,0.0033197256,0.033860713,0.0035567738,0.03281881,0.0032152196,null,null,null,null,"TWOGAUSSIANS",8,14.312663,0.5044315,0.005060164,0.10339706,0.02884449,0.11850114,0.041132133,0.8275582,0.0033197256,0.18961999,0.019917933,0.03281881,0.0032152196
375316653866487564,3095168873355562240,0.46485218,2042.4147402468677,0.04623723590782472,1.3433877E-5,14.386507,0.002115245,0.44893312,0.024490956,0.047209587,0.008294785,0.40835765,0.20163889,0.939395,0.005631069,0.019051809,0.0028189982,0.131233,0.06377868,null,null,null,null,"TWOGAUSSIANS",8,36.058468,0.44893312,0.024490956,0.2643737,0.046450797,0.40835765,0.20163889,0.939395,0.005631069,0.10669013,0.01578639,0.131233,0.06377868
375316653866487564,3095171072378787200,0.5501245,2104.499027888477,1.8673307208833312,2.6471893E-5,16.681816,0.0011080537,0.27773172,0.0030554873,0.01531067,0.0019985505,0.28480193,0.033453,0.7424341,0.01243894,0.018004164,0.013797401,0.49020436,1.3977067,null,null,null,null,"TWOGAUSSIANS",8,3.655608,0.7424341,0.01243894,0.10082331,0.07726545,0.49020436,1.3977067,0.27773172,0.0030554873,0.085739754,0.011191883,0.28480193,0.033453
375316653866487564,3095185056792209792,0.47793877,2066.725070266768,4.550367698901754,2.572543E-4,17.039192,0.0029003762,0.418783,0.0328544,0.04546759,0.038592625,0.0250916,0.027922032,0.7859189,0.011000964,0.033930037,0.005924324,0.1677686,0.036305424,null,null,null,null,"TWOGAUSSIANS",8,9.237336,0.7859189,0.011000964,0.19000821,0.033176214,0.1677686,0.036305424,0.418783,0.0328544,0.2546185,0.2161187,0.0250916,0.027922032
375316653866487564,3095193882947112576,0.59027195,2079.0087785335954,2.555234555676918,1.0972306E-5,18.495504,0.010573715,0.20594099,0.003237131,0.08852076,0.005055705,0.41514936,0.011695359,0.7045631,0.0040193014,0.084626876,0.004180786,0.45583618,0.022453584,null,null,null,null,"TWOGAUSSIANS",8,3.2177968,0.7045631,0.0040193014,0.4,0.0,0.44271204,0.022083439,0.20594099,0.003237131,0.4,0.0,0.40202513,0.012134299
375316653866487564,3095203542331446400,0.51563466,2083.586851466644,3.836334108884667,2.239163E-5,17.653257,0.04656439,0.2747623,0.0064585605,0.094106875,0.017995259,0.26849192,0.04305325,0.7954932,0.005639617,0.09938652,0.02751153,0.27104294,0.030405862,null,null,null,null,"TWOGAUSSIANS",8,12.466485,0.7954932,0.005642611,0.4,0.0,0.25661555,0.037076738,0.2747623,0.0064582885,0.4,0.0,0.25406656,0.023695946
375316653866487564,3095210375625611648,0.50712407,2095.0998784908074,2.5756416758621543,2.089204E-4,19.607498,0.0065352,0.68492496,0.056705907,0.07249481,0.05406217,0.033616126,0.015400775,0.88361317,0.0044510514,0.019925363,0.004365888,0.5786659,0.1899616,null,null,null,null,"TWOGAUSSIANS",8,1.8324759,0.88361317,0.0044510514,0.11158204,0.024448972,0.579452,0.18987495,0.68492496,0.056705907,0.4,0.27859527,0.033616126,0.015400775
375316653866487564,3095217183147705216,0.61461186,2063.2496917293447,1.515848335870474,5.828792E-6,12.75868,0.011606042,0.23705885,0.001953898,0.100003466,0.0053494247,0.21483801,0.011047989,0.73704255,0.004041169,0.11594082,0.0080921715,0.22040547,0.010960825,null,null,null,null,"TWOGAUSSIANS",8,38.93626,0.73704255,0.004041169,0.4,0.0,0.19065568,0.0056324694,0.23705885,0.001953898,0.4,0.0,0.18512696,0.0049844123
375316653866487564,3095250065417471232,0.4878274,2082.1787815518937,0.18382675082652172,4.8256556E-5,15.060811,9.87552E-4,0.17865306,0.009860732,0.0044370275,0.0029824623,0.11917314,0.9291821,0.9161541,0.030242227,0.038407695,0.01354909,0.007496358,0.0031064134,0.0028977615,0.0014884762,0.17865306,0.009860732,"TWOGAUSSIANS_WITH_ELLIPSOIDAL_ON_ECLIPSE1",9,6.8721027,0.17865306,0.009860732,0.024847353,0.01670179,0.12496865,0.9295693,0.9161541,0.030278642,0.21508308,0.0758749,0.0075320164,0.0031994935
375316653866487564,3095254360385460736,0.5079134,2068.108701822284,2.042077130735926,4.4048343E-6,18.741674,0.00610172,0.2998007,0.026938451,0.025758538,0.010076841,0.26795873,0.21955444,0.8004311,7.788194E-4,0.0224574,0.0021559165,0.6185345,0.14257719,null,null,null,null,"TWOGAUSSIANS",8,3.738904,0.8004311,7.788194E-4,0.12576145,0.012073132,0.6185345,0.14257719,0.2998007,0.026938451,0.14424782,0.05643031,0.26795873,0.21955444
375316653866487564,3095258792790826240,0.5394152,2095.9771935171234,3.906765543154381,1.4649526E-5,18.348064,0.0135649955,0.20131856,0.002750847,0.090373,0.008140809,0.26330173,0.016990425,0.7323325,0.008514404,0.08915175,0.010620153,0.33829924,0.039976787,null,null,null,null,"TWOGAUSSIANS",8,5.0388875,0.7323325,0.008514404,0.4,0.0,0.33079684,0.04231115,0.20131856,0.002750847,0.4,0.0,0.2557993,0.017522648
375316653866487564,3095269684828055040,0.46168536,2085.1675270194833,3.5950256953713526,2.7719258E-5,15.877001,0.002703397,0.2757141,0.010838351,0.08051429,0.01579088,0.046532948,0.0057440004,0.7613412,0.009525205,0.061342407,0.01289846,0.06635296,0.014534552,null,null,null,null,"TWOGAUSSIANS",8,13.481404,0.7613412,0.009525205,0.34351748,0.072231375,0.06620343,0.014666812,0.2757141,0.010838351,0.4,0.0,0.046383414,0.00582648
375316653866487564,3095285249789430912,0.5556729,2051.059535349529,3.2945532606361057,8.774385E-6,18.003418,0.017845612,0.18495199,0.007311097,0.09547193,0.013049364,0.29236987,0.026478907,0.7032546,0.002724915,0.09579776,0.006663539,0.26654208,0.016824497,null,null,null,null,"TWOGAUSSIANS",8,4.490679,0.18495199,0.007311097,0.4,0.0,0.27817196,0.030602781,0.7032546,0.002724867,0.4,0.0,0.25234416,0.008809249
375316653866487564,3095296176186266752,0.4865236,2108.249028986236,2.669850354770921,5.0626648E-5,15.014767,0.022615746,0.2074549,0.011519825,0.09022904,0.018961908,0.1619265,0.022139693,0.7055356,0.0123624345,0.100528724,0.02143019,0.17778201,0.022114132,null,null,null,null,"TWOGAUSSIANS",8,193.75476,0.7055356,0.0123624345,0.4,0.0,0.16712204,0.013521646,0.2074549,0.011519263,0.4,0.0,0.15126796,0.012091165
375316653866487564,3095299539146299904,0.5019601,2113.755504824503,1.094424388754757,2.9595329E-5,18.57693,0.01332256,0.31701562,0.0012421906,0.015621946,0.0010019378,2.0089953,0.38317764,0.7113915,0.03279002,0.13338377,0.022642253,0.06165212,0.027590588,null,null,null,null,"TWOGAUSSIANS",8,12.074998,0.31701562,0.0012421906,0.0874829,0.0056108516,2.009667,0.38288483,0.7113915,0.03279002,0.4,0.0,0.06154256,0.027586944
375316653866487564,3095309743986108928,0.58716124,2105.038358617539,2.0270510336242538,6.1305955E-6,18.546946,0.007367055,0.24232322,0.0034714085,0.058891192,0.004755392,0.17711775,0.010478425,0.75027466,0.0040279967,0.061165016,0.0032621261,0.38773084,0.016962592,null,null,null,null,"TWOGAUSSIANS",8,1.8377467,0.75027466,0.0040279967,0.34252408,0.018267907,0.38766262,0.016975211,0.24232322,0.0034714085,0.32979068,0.026630197,0.17704955,0.010451633
375316653866487564,3095323247361851392,0.48842472,2101.181376755317,2.755872591282203,3.2571206E-5,19.089378,0.020343622,0.23546052,0.011000223,0.04101544,0.015205249,0.31466538,0.03324103,0.74062353,0.0031070304,0.032880798,0.0032022488,0.62099975,0.041625727,null,null,null,null,"TWOGAUSSIANS",8,13.933675,0.74062353,0.0031070304,0.18413247,0.017932594,0.62099975,0.041625727,0.23546052,0.011000223,0.22968647,0.08514939,0.31466538,0.033241037
375316653866487564,3095327958943944704,0.57480377,2081.177716148212,3.9249979711369964,1.352831E-5,16.888912,0.011462838,0.24635787,0.004581043,0.092340864,0.006399122,0.28289393,0.015703907,0.7457953,0.0034536517,0.09198652,0.0052515822,0.34896353,0.013300035,null,null,null,null,"TWOGAUSSIANS",8,13.445118,0.7457953,0.0034536517,0.4,0.0,0.33324593,0.011761823,0.24635787,0.004581043,0.4,0.0,0.26717633,0.013671767
375316653866487564,3095330329766066944,0.50298333,2084.630481856668,1.4410799176870996,1.0762988E-5,15.978447,0.0036710664,0.21229582,0.00489572,0.027690554,0.009693232,0.3192005,0.06693787,0.7151162,0.0016313611,0.01735565,0.0017002585,0.34292287,0.064983144,null,null,null,null,"TWOGAUSSIANS",8,69.41848,0.7151162,0.0016313611,0.09719164,0.009521448,0.34292287,0.064983144,0.21229582,0.00489572,0.1550671,0.054282103,0.3192005,0.06693787
375316653866487564,3095340805187964160,0.4712643,2085.2171105683533,0.7497829556133029,3.4521927E-5,14.251505,0.0039075487,0.27707323,0.019705452,0.011279999,0.0123816915,0.11883785,3.75826528E8,0.5776435,0.005498656,0.063052304,0.0057927817,0.262577,0.020510172,0.00822129,0.0068806675,0.27707323,0.019705452,"TWOGAUSSIANS_WITH_ELLIPSOIDAL_ON_ECLIPSE1",9,31.848738,0.57858354,0.005428618,0.3530929,0.03243958,0.26421085,0.020973094,0.27707323,0.019705452,0.063168,0.06933747,0.13528349,3.75826528E8
375316653866487564,3095343107290824960,0.59573,2072.96477718576,1.1068293029590428,1.6537688E-5,18.67008,0.0052093365,0.24171634,1.9567517E-4,0.0159192,3.5135163E-4,0.56340104,0.011986478,0.7465243,0.0053844387,0.014018682,0.0036458317,0.8889874,0.14340696,0.030240798,0.008184981,0.24171634,1.9567517E-4,"TWOGAUSSIANS_WITH_ELLIPSOIDAL_ON_ECLIPSE1",9,4.7293844,0.7465243,0.0053844387,0.078504615,0.020416658,0.9494137,0.14057475,0.24171634,1.9567517E-4,0.08914751,0.001967569,0.62388253,0.009572737
375316653866487564,3095343833143023360,0.59914744,2084.7932456960007,1.326173004087239,6.3237853E-6,13.069178,0.0041388525,0.27998024,0.0018569422,0.061428074,0.0058801803,0.10467331,0.011354106,0.7816086,0.010387973,0.050179366,0.014770144,0.0641675,0.015025044,0.0678662,0.006478892,0.27998024,0.0018569422,"TWOGAUSSIANS_WITH_ELLIPSOIDAL_ON_ECLIPSE1",9,44.552933,0.27998024,0.0018569422,0.3439972,0.03292901,0.24037881,0.0064596343,0.7816086,0.008901069,0.28100446,0.08271281,0.19985878,0.015321506
375316653866487564,3095344692136645632,0.5505601,2102.119765611096,3.062114622692015,1.5393693E-5,14.46509,0.018842952,0.16419716,0.004045927,0.09437754,0.008598493,0.26399297,0.020498626,0.6554297,0.008078043,0.091708355,0.015445498,0.2704328,0.017702699,null,null,null,null,"TWOGAUSSIANS",8,165.31685,0.6554297,0.008078043,0.4,0.0,0.25771144,0.008657911,0.16419716,0.004045927,0.4,0.0,0.25127137,0.016207093
375316653866487564,3095355068777575296,0.5404316,2128.6230323813306,3.497736472622797,1.60538E-5,15.994231,0.015375402,0.28678912,0.005429612,0.086322,0.0065506655,0.22207215,0.016195614,0.7911607,0.006792616,0.09547223,0.012838902,0.26020396,0.017201167,null,null,null,null,"TWOGAUSSIANS",8,47.66478,0.7911607,0.006792616,0.4,0.0,0.24993208,0.019824475,0.28678912,0.005429612,0.4,0.0,0.21180086,0.010390598
375316653866487564,3095356713748461312,0.49240544,2110.7387981102725,1.046913435629626,5.3212385E-5,17.413189,0.007962041,0.25150836,0.045589767,0.03392946,0.037015006,0.39627934,21697.025,0.57158554,0.012324955,0.02014984,0.006394083,0.4960025,0.89723843,null,null,null,null,"TWOGAUSSIANS",8,50.537743,0.57158554,0.012324955,0.11283911,0.035806865,0.4960025,0.89723843,0.25150836,0.045589767,0.19000496,0.20728403,0.39627934,21697.025
375316653866487564,3095358126794251264,0.570762,2102.3838111040536,2.5882646690909397,3.5867586E-6,14.483734,0.017656213,0.24521315,0.008715921,0.055934135,0.011264592,0.1684868,0.04166138,0.7417275,0.0013137277,0.05531941,0.008234134,0.1863325,0.03446085,0.12550515,0.021158393,0.7417275,0.0013137277,"TWOGAUSSIANS_WITH_ELLIPSOIDAL_ON_ECLIPSE2",9,181.87012,0.7417275,0.0013137277,0.3097887,0.04611115,0.43732944,0.02057999,0.24427316,0.006816202,0.31323117,0.06308172,0.41939574,0.021356117
375316653866487564,3095367953679347712,0.64885753,2065.123828897565,3.7914689746846966,3.95721E-6,13.654703,0.011177858,0.23673177,0.0010873603,0.049975604,0.003374869,0.3693909,0.0255885,0.7382656,0.00839114,0.04522916,0.0066833524,0.32455105,0.032882974,0.11663859,0.015631357,0.23673177,0.0010873603,"TWOGAUSSIANS_WITH_ELLIPSOIDAL_ON_ECLIPSE1",9,226.9779,0.23673177,0.0010873603,0.2798634,0.018899266,0.6026661,0.013959712,0.7382656,0.00839114,0.2532833,0.037426773,0.5578046,0.017489377
375316653866487564,3095380357545828224,0.47313333,2071.391028753132,3.293866796314132,6.681307E-5,16.371096,0.009289991,0.22921807,0.018600842,0.03952389,0.041031968,0.39778337,0.50419825,0.72479445,0.008926222,0.076338045,0.0077798124,0.2240653,0.021698784,null,null,null,null,"TWOGAUSSIANS",8,81.1002,0.22921807,0.018600842,0.22133377,0.21881114,0.3977441,0.50516325,0.72479445,0.008926222,0.4,0.0,0.22402601,0.021448024
375316653866487564,3095398946164178432,0.64222383,2080.102775461994,2.870044368147524,8.2435845E-6,16.311987,0.027258385,0.24837431,0.0033940594,0.05758662,0.012873996,0.20808901,0.0521485,0.7563841,0.0040169125,0.050414875,0.011549869,0.18555231,0.055681657,0.09412174,0.02909867,0.24837431,0.0033940594,"TWOGAUSSIANS_WITH_ELLIPSOIDAL_ON_ECLIPSE1",9,10.112149,0.24837431,0.0033940594,0.32248506,0.07209438,0.3963153,0.008537449,0.7563841,0.0040169125,0.2823233,0.064679265,0.37330225,0.007949701
375316653866487564,3095402206041710208,0.45305717,2055.023780304089,0.3220879486631368,4.985814E-5,17.039019,0.0036027806,0.24052487,0.013961216,0.08118304,0.013644375,0.06628405,0.007865982,0.7304342,0.0104656415,0.07620101,0.012199683,0.09862471,0.009991599,null,null,null,null,"TWOGAUSSIANS",8,4.5782857,0.7304342,0.0104656415,0.4,0.0,0.09778601,0.009620775,0.24052487,0.013961216,0.4,0.0,0.06544534,0.007832004
375316653866487564,3095410795975145472,0.52646154,2098.51978134649,3.0281980244852487,2.493144E-5,15.896458,0.015226937,0.19064714,0.004432162,0.080384575,0.008484966,0.2114868,0.01417982,0.68434364,0.006311614,0.09468958,0.013434504,0.19302063,0.015024359,null,null,null,null,"TWOGAUSSIANS",8,27.349182,0.19064714,0.004432162,0.4,0.0,0.20536561,0.009668944,0.68434364,0.006311614,0.4,0.0,0.1868991,0.013386607
375316653866487564,3095411586250652032,0.45860463,2051.3020780054408,0.25411227616702586,1.334287E-4,19.632227,0.047869198,0.28757462,0.026799846,0.11220268,0.041395076,0.36141247,0.1102929,0.70777386,0.032425296,0.11630588,0.03901136,0.25705045,0.037585713,null,null,null,null,"TWOGAUSSIANS",8,3.9886305,0.28798464,0.026308967,0.4,0.0,0.3375691,0.12382727,0.70777386,0.032425296,0.4,0.0,0.23315333,0.040272407
375316653866487564,3095421176914785408,0.64471215,2113.0475095370202,3.184521250253097,3.4415496E-6,17.083601,0.006842378,0.22134294,0.002315799,0.040906154,0.0032799859,0.5371757,0.032720048,0.7236436,0.001413932,0.043914765,0.001579413,0.5922943,0.018963682,0.13390246,0.010023689,0.22134294,0.002315799,"TWOGAUSSIANS_WITH_ELLIPSOIDAL_ON_ECLIPSE1",9,9.914407,0.7236436,0.001413932,0.24592268,0.008844713,0.86004305,0.01763801,0.22134294,0.002315799,0.22907446,0.01836792,0.80498046,0.03271151
