Gaia/vari_eclipsing_binary/VariEclipsingBinary_666687-666701.csv
# %ECSV 1.0
# ---
# delimiter: ','
# meta: !!omap
# - RELEASE: Gaia DR3
# - TABLE: vari_eclipsing_binary
# - DESCRIPTION: >
#     This table describes the properties of the eclipsing binaries resulting from the variability analysis. 
# - CITATION: >
#     How to cite and acknowledge Gaia: 
#     https://gea.esac.esa.int/archive/documentation/credits.html 
# - KNOWN_ISSUES: >
#     Known issues: 
#     https://www.cosmos.esa.int/web/gaia-users/known-issues 
# - DOCUMENTATION: >
#     Tutorials and documentation: 
#     https://www.cosmos.esa.int/web/gaia-users/archive 
# datatype:
# - 
#   name: solution_id
#   datatype: int64
#   description: Solution Identifier
#   meta:
#     ucd: meta.version
# - 
#   name: source_id
#   datatype: int64
#   description: Unique source identifier
#   meta:
#     ucd: meta.id;meta.main
# - 
#   name: global_ranking
#   datatype: float32
#   description: Number between 0 (worst) and 1 (best)
#   meta:
#     ucd: stat.param
# - 
#   name: reference_time
#   datatype: float64
#   unit: d
#   description: Reference time used for the geometric model fit
#   meta:
#     ucd: time.epoch
# - 
#   name: frequency
#   datatype: float64
#   unit: d**-1
#   description: Frequency of geometric model of the eclipsing binary light curve
#   meta:
#     ucd: src.orbital
# - 
#   name: frequency_error
#   datatype: float32
#   unit: d**-1
#   description: "Uncertainty of \\texttt{frequency}"
#   meta:
#     ucd: stat.error
# - 
#   name: geom_model_reference_level
#   datatype: float32
#   unit: mag
#   description: Magnitude reference level of geometric model
#   meta:
#     ucd: phot.mag;em.opt
# - 
#   name: geom_model_reference_level_error
#   datatype: float32
#   unit: mag
#   description: "Uncertainty of \\texttt{geomModelReferenceLevel}"
#   meta:
#     ucd: stat.error;phot.mag;em.opt
# - 
#   name: geom_model_gaussian1_phase
#   datatype: float32
#   description: Phase of the Gaussian 1 component
#   meta:
#     ucd: time.phase
# - 
#   name: geom_model_gaussian1_phase_error
#   datatype: float32
#   description: "Uncertainty of \\texttt{geomModelGaussian1Phase}"
#   meta:
#     ucd: stat.error;time.phase
# - 
#   name: geom_model_gaussian1_sigma
#   datatype: float32
#   description: "Standard deviation [phase] of Gaussian 1 component"
#   meta:
#     ucd: stat.stdev
# - 
#   name: geom_model_gaussian1_sigma_error
#   datatype: float32
#   description: "Uncertainty of \\texttt{geomModelGaussian1Sigma}"
#   meta:
#     ucd: stat.error
# - 
#   name: geom_model_gaussian1_depth
#   datatype: float32
#   unit: mag
#   description: Magnitude depth of Gaussian 1 component
#   meta:
#     ucd: src.var.amplitude
# - 
#   name: geom_model_gaussian1_depth_error
#   datatype: float32
#   unit: mag
#   description: "Uncertainty of \\texttt{geomModelGaussian1Depth}"
#   meta:
#     ucd: stat.error;src.var.amplitude
# - 
#   name: geom_model_gaussian2_phase
#   datatype: float32
#   description: Phase of Gaussian 2 component
#   meta:
#     ucd: time.phase
# - 
#   name: geom_model_gaussian2_phase_error
#   datatype: float32
#   description: "Uncertainty of \\texttt{geomModelGaussian2Phase}"
#   meta:
#     ucd: stat.error;time.phase
# - 
#   name: geom_model_gaussian2_sigma
#   datatype: float32
[...]
#   datatype: float32
#   description: "Secondary eclipse: uncertainty of \\texttt{derivedSecondaryEclDuration}"
#   meta:
#     ucd: stat.error;time.duration
# - 
#   name: derived_secondary_ecl_depth
#   datatype: float32
#   unit: mag
#   description: "Secondary eclipse: depth"
#   meta:
#     ucd: src.var.amplitude
# - 
#   name: derived_secondary_ecl_depth_error
#   datatype: float32
#   unit: mag
#   description: "Secondary eclipse: uncertainty of \\texttt{derivedSecondaryEclDepth}"
#   meta:
#     ucd: stat.error;src.var.amplitude
solution_id,source_id,global_ranking,reference_time,frequency,frequency_error,geom_model_reference_level,geom_model_reference_level_error,geom_model_gaussian1_phase,geom_model_gaussian1_phase_error,geom_model_gaussian1_sigma,geom_model_gaussian1_sigma_error,geom_model_gaussian1_depth,geom_model_gaussian1_depth_error,geom_model_gaussian2_phase,geom_model_gaussian2_phase_error,geom_model_gaussian2_sigma,geom_model_gaussian2_sigma_error,geom_model_gaussian2_depth,geom_model_gaussian2_depth_error,geom_model_cosine_half_period_amplitude,geom_model_cosine_half_period_amplitude_error,geom_model_cosine_half_period_phase,geom_model_cosine_half_period_phase_error,model_type,num_model_parameters,reduced_chi2,derived_primary_ecl_phase,derived_primary_ecl_phase_error,derived_primary_ecl_duration,derived_primary_ecl_duration_error,derived_primary_ecl_depth,derived_primary_ecl_depth_error,derived_secondary_ecl_phase,derived_secondary_ecl_phase_error,derived_secondary_ecl_duration,derived_secondary_ecl_duration_error,derived_secondary_ecl_depth,derived_secondary_ecl_depth_error
[from data line 255]
375316653866487564,5864283960197000320,0.51429105,2250.216300306536,2.6996125761465812,1.793164E-5,18.105265,0.023966223,0.23678337,0.0055864006,0.09425634,0.011011137,0.3656461,0.02118487,0.743401,0.0034501797,0.093856834,0.00876662,0.35435873,0.022572817,null,null,null,null,"TWOGAUSSIANS",8,16.209057,0.23678337,0.0055864006,0.4,0.0,0.34649,0.015589852,0.743401,0.0034501797,0.4,0.0,0.33520272,0.017740417
375316653866487564,5864284028844914432,0.43165457,2248.5216614387746,1.620803188205308,1.8827974E-5,18.292734,0.4354783,0.23524643,0.0109372875,0.1035576,0.1573559,0.16105783,0.4087516,0.72211826,0.009776561,0.08175618,0.056821108,0.16454726,0.23546182,null,null,null,null,"TWOGAUSSIANS",8,14.232458,0.72211826,0.009776561,0.4,0.0,0.15757312,0.016810115,0.23524643,0.011284261,0.4,0.0,0.15408038,0.01909532
375316653866487564,5864284265072081536,0.50794166,2256.933581889441,2.6453282865783874,1.3348659E-5,18.448082,0.008443592,0.22147803,0.00774708,0.053627547,0.0055587715,0.45016944,0.023741685,0.7192991,0.0053892136,0.0595223,0.006953671,0.29643574,0.03146403,null,null,null,null,"TWOGAUSSIANS",8,10.656703,0.22147803,0.00774708,0.30031428,0.03112912,0.4501314,0.02373101,0.7192991,0.0053892136,0.33332488,0.03894056,0.2963977,0.031487696
375316653866487564,5864284578601133696,0.52168256,2237.8179226137613,2.178285354550129,6.3114258E-6,18.570724,0.0022190893,0.38512912,0.0816306,0.04199638,0.06375696,0.012892249,0.021879906,0.505879,7.264923E-4,0.0044586114,5.349597E-4,0.42018694,0.035996858,null,null,null,null,"TWOGAUSSIANS",8,1.6641514,0.505879,7.264923E-4,0.024968224,0.0029957744,0.42039356,0.022712544,0.38512912,0.0816306,0.23517972,0.27469188,0.012892249,0.021879904
375316653866487564,5864284750471048192,0.5743876,2249.3809395009703,2.2842136978016314,4.458282E-6,17.704,0.0075323964,0.2491994,0.002340236,0.09904767,0.0041449177,0.27016252,0.00744342,0.74453485,0.0010843647,0.10070361,0.0041665942,0.24246582,0.0059399405,null,null,null,null,"TWOGAUSSIANS",8,2.6312394,0.2491994,0.002340236,0.4,0.0,0.24913926,0.00566605,0.74453485,0.0010843647,0.4,0.0,0.22144198,0.0040997346
375316653866487564,5864285162719583616,0.5403229,2217.8191205850717,2.953835852445201,6.4425826E-6,19.497732,0.014373764,0.25733414,0.0031409473,0.045434464,0.0052267895,0.27550557,0.03311299,0.7579707,0.0039607957,0.038329408,0.00680969,0.1811108,0.032310557,0.13755316,0.019056946,0.25733414,0.0031409473,"TWOGAUSSIANS_WITH_ELLIPSOIDAL_ON_ECLIPSE1",9,2.706843,0.25733414,0.0031409473,0.254433,0.029270021,0.5506115,0.018831702,0.7579707,0.0038245455,0.21464469,0.038134262,0.4562123,0.018283013
375316653866487564,5864285368880526080,0.49697533,2226.747919941026,2.9422005609852606,1.4492963E-5,19.532839,0.01935677,0.26166192,0.0030276217,0.086954385,0.009166224,0.22950202,0.018099802,0.76515,0.0067448555,0.0857381,0.011952909,0.2625025,0.01823796,null,null,null,null,"TWOGAUSSIANS",8,2.3755155,0.76515,0.0067448555,0.4,0.0,0.25550705,0.015096209,0.26166192,0.0030276217,0.4,0.0,0.22250658,0.0141449375
375316653866487564,5864285471957289600,0.5896607,2223.6129444695116,1.8149210716807027,6.171959E-6,17.978624,0.011958345,0.2763772,0.0031104577,0.06281227,0.015715363,0.14125413,0.020828184,0.77240586,0.0022366263,0.049211927,0.008086796,0.104747236,0.023183862,0.0740117,0.013120023,0.2763772,0.0031104577,"TWOGAUSSIANS_WITH_ELLIPSOIDAL_ON_ECLIPSE1",9,2.1037395,0.2763772,0.0031104577,0.3517487,0.08658608,0.28922647,0.022949053,0.7732459,0.0013595553,0.27558678,0.045286056,0.252647,0.0067535564
375316653866487564,5864286296591210112,0.4630659,2224.960203337487,0.7393493724999206,1.7931256E-4,19.40597,0.0038350462,0.61340904,4.0259736E-4,0.030418724,5.1845267E-4,0.3899516,0.0052322713,null,null,null,null,null,null,null,null,null,null,"ONEGAUSSIAN",5,2.1378875,0.61340904,4.0259736E-4,0.17034486,0.002903335,0.3899516,0.0,null,null,null,null,null,null
375316653866487564,5864286331019683072,0.53424096,2232.459823319054,2.5109476809353506,8.008989E-6,16.400492,0.014079904,0.18309668,0.0029148108,0.034808043,0.02916898,0.11398813,0.021051802,0.69028836,0.01101027,0.048662867,0.015185524,0.07265683,0.04839321,0.09810968,0.017936837,0.18309668,0.0029148108,"TWOGAUSSIANS_WITH_ELLIPSOIDAL_ON_ECLIPSE1",9,30.87757,0.18309668,0.0029148108,0.19492504,0.16334629,0.31020698,0.02248173,0.69028836,0.01101027,0.27251205,0.08503893,0.26847532,0.037667796
375316653866487564,5864286880775590016,0.6390502,2263.720121845239,0.5215580307995104,6.998621E-6,17.645296,0.0022399817,0.30057997,0.0010365786,0.036709562,7.0331537E-4,1.0446024,0.02539687,0.8064299,0.002453571,0.041058164,0.0028141537,0.11215384,0.008359048,null,null,null,null,"TWOGAUSSIANS",8,5.334673,0.30057997,0.0010365786,0.20557356,0.003938566,1.0446024,0.02539687,0.8064299,0.002453571,0.22992572,0.015759261,0.11215384,0.0083590485
375316653866487564,5864286915135322624,0.5391652,2245.3750594136354,3.110141563311137,5.916389E-6,19.394407,0.014318344,0.273663,0.0018429034,0.066155955,0.0037324522,0.51296604,0.018686779,0.77588487,0.002993666,0.07042357,0.004724498,0.44507614,0.016017063,null,null,null,null,"TWOGAUSSIANS",8,3.6493037,0.273663,0.0018429034,0.37047333,0.020901732,0.51186216,0.018582094,0.77588487,0.002993666,0.39437202,0.023996715,0.44397223,0.015697345
375316653866487564,5864287430463136000,0.56937134,2263.398985819414,2.7799662189385135,5.231994E-6,16.979471,0.009189611,0.278239,0.0017620901,0.045437906,0.0031028013,0.34467766,0.022268916,0.77408147,0.0019631383,0.047217015,0.00315549,0.26730293,0.022148933,0.11939592,0.0134246815,0.278239,0.0017620901,"TWOGAUSSIANS_WITH_ELLIPSOIDAL_ON_ECLIPSE1",9,33.46473,0.278239,0.0017620901,0.2544523,0.017375687,0.58346885,0.007823006,0.7746415,0.0016615918,0.26441526,0.017670743,0.5059533,0.01007004
375316653866487564,5864287567970750592,0.43784198,2251.945540110799,0.21925862101173998,3.8965092E-5,17.035618,0.0014840682,0.10937229,0.0032120328,0.022954812,0.0040266407,0.13982925,0.023757437,0.46693638,0.01518152,0.019753337,0.0069695325,0.021959886,0.01085739,null,null,null,null,"TWOGAUSSIANS",8,2.167988,0.10937229,0.0032120328,0.12854695,0.022549188,0.13982925,0.023757437,0.46693638,0.01518152,0.11061868,0.039029382,0.021959886,0.01085739
375316653866487564,5864287774062751360,0.4621548,2246.2746977789707,0.06270254887756649,2.0872583E-6,19.093893,0.006884048,0.06482535,9.4929856E-5,0.009163536,0.001284186,0.50839454,0.22540471,0.77321786,2.7982637E-4,0.004531979,2.9023297E-4,0.2970549,0.025046332,null,null,null,null,"TWOGAUSSIANS",8,5.627893,0.06482535,9.4929856E-5,0.0513158,0.0071914415,0.50839454,0.22540471,0.77321786,2.7982637E-4,0.025379082,0.0016253046,0.2970549,0.025046332
375316653866487564,5864287911501601408,0.48167753,2257.5515520768536,0.281189501223353,2.9377912E-5,18.599644,0.0030971474,0.31247613,3.556767E-4,0.011489291,3.5311494E-4,0.36788952,0.0058702785,0.7991092,0.011593514,0.02953713,0.012253461,0.05067772,0.016974874,null,null,null,null,"TWOGAUSSIANS",8,3.5495985,0.31247613,3.556767E-4,0.064340025,0.0019774437,0.36788952,0.0058702785,0.7991092,0.011593514,0.16540793,0.06861938,0.05067772,0.016974874
375316653866487564,5864288152017554816,0.5339884,2236.505037542784,3.0711815981016857,1.1999686E-5,19.441732,0.019621136,0.25997913,0.0040133987,0.040646374,0.008356839,0.43533826,0.08189553,0.7772552,0.006329362,0.038419962,0.008479861,0.24547419,0.044278175,0.1411206,0.025377495,0.25997913,0.0040133987,"TWOGAUSSIANS_WITH_ELLIPSOIDAL_ON_ECLIPSE1",9,5.4116335,0.25997913,0.0040133987,0.2276197,0.046798304,0.7175795,0.07289778,0.7772552,0.006329362,0.21515179,0.047487218,0.52440286,0.0216517
375316653866487564,5864288255165170944,0.5605109,2249.325626693547,2.544020902119908,9.38158E-6,17.988617,0.0051152417,0.2440513,0.0029659,0.08405027,0.00413137,0.25778458,0.0074843983,0.7445644,0.0012296442,0.08281453,0.0019769606,0.31408805,0.006870499,null,null,null,null,"TWOGAUSSIANS",8,3.6089985,0.7445644,0.0012296442,0.4,0.0,0.30776557,0.0063942764,0.2440513,0.0029659,0.4,0.0,0.2514621,0.0073051667
375316653866487564,5864288633054677248,0.50178003,2261.1245694597787,2.6227680348484643,1.7224831E-5,18.819248,0.029145174,0.2489356,0.0063222735,0.083134435,0.012471193,0.49953797,0.02093128,0.76557755,0.004559588,0.08488397,0.005583207,0.40293473,0.034405764,null,null,null,null,"TWOGAUSSIANS",8,11.83417,0.2489356,0.0063222735,0.4,0.0,0.49161392,0.019153817,0.76557755,0.004559588,0.4,0.0,0.39501065,0.029554758
375316653866487564,5864288804854960256,0.60455847,2270.8044385119615,2.7474090133016116,5.5518067E-6,18.46845,0.015058751,0.2552163,0.0013143582,0.05318502,0.004216517,0.32833368,0.033258613,0.7553861,0.0041748486,0.061491925,0.004753805,0.30836302,0.033445265,0.09415859,0.01915368,0.2552163,0.0013143582,"TWOGAUSSIANS_WITH_ELLIPSOIDAL_ON_ECLIPSE1",9,2.6827188,0.2552163,0.0013143582,0.2978361,0.023612494,0.51656663,0.008016214,0.7553861,0.0038607686,0.34435478,0.02662131,0.49659574,0.0087278
375316653866487564,5864289006712623488,0.4973416,2281.9455657334556,0.9972051968423205,1.2654041E-5,18.829258,0.014066271,0.27146494,0.006652077,0.05256738,0.01175286,0.16781348,0.036102105,0.75159097,0.009740061,0.03226453,0.006956351,0.14722545,0.040327486,0.08063245,0.01790758,0.27146494,0.006652077,"TWOGAUSSIANS_WITH_ELLIPSOIDAL_ON_ECLIPSE1",9,8.047794,0.27146494,0.006652077,0.29437736,0.065816015,0.32907632,0.026180254,0.753221,0.009536045,0.18068138,0.038955566,0.30619076,0.023956511
375316653866487564,5864289453374980224,0.5208665,2265.6826761471034,2.3272903682139647,1.0207043E-5,17.556528,0.52622634,0.26950318,0.0032804802,0.16676536,0.06404293,0.49557894,0.4387883,0.76674134,0.0029600193,0.20876423,0.10666294,0.53705275,0.5099815,null,null,null,null,"TWOGAUSSIANS",8,3.0107808,0.27114317,0.002308393,0.4,0.0,0.13663138,0.006988525,0.76674134,0.0029600193,0.4,0.0,0.12814276,0.0071941186
375316653866487564,5864289526407109248,0.55550635,2258.7668243824664,2.5204652626658075,7.3802717E-6,17.420183,0.014600583,0.22735603,0.0045029963,0.09590136,0.007192792,0.3208481,0.014620311,0.72868943,0.0014025889,0.09049656,0.004479076,0.36083323,0.013742617,null,null,null,null,"TWOGAUSSIANS",8,12.830526,0.72868943,0.0014025889,0.4,0.0,0.3426018,0.009785716,0.22735603,0.0045029963,0.4,0.0,0.30261606,0.011620533
375316653866487564,5864289590813920768,0.45232576,2281.0472524792867,1.5450271188476037,2.3664661E-5,18.31802,0.005264522,0.30225638,0.016885262,0.06909791,0.016733157,0.056150567,0.010883263,0.798015,0.0033658748,0.021394461,0.0036659986,0.26476422,0.040731896,null,null,null,null,"TWOGAUSSIANS",8,10.313289,0.798015,0.0033658748,0.11980898,0.020529592,0.2647642,0.0407319,0.30225638,0.016885262,0.3869483,0.08458735,0.056150544,0.010883303
375316653866487564,5864289663846181248,0.52418065,2265.9407565604442,3.085719968823041,9.781983E-6,18.743202,0.01744537,0.29001918,0.0026555639,0.101688094,0.0067066443,0.29202837,0.016348647,0.78987527,0.005018313,0.10302121,0.009453828,0.24510226,0.020255132,null,null,null,null,"TWOGAUSSIANS",8,2.3626037,0.29001918,0.0026555639,0.4,0.0,0.26501837,0.007856751,0.78987527,0.005018313,0.4,0.0,0.21809179,0.015655642
375316653866487564,5864289732565871488,0.5692473,2166.4273827337915,2.9491247174457977,2.186503E-5,18.99924,0.009898963,0.22582224,0.00453493,0.069666035,0.004463562,0.5286994,0.019578459,0.71504587,0.005781272,0.06457105,0.005071093,0.6503728,0.02961243,null,null,null,null,"TWOGAUSSIANS",8,3.9598503,0.71504587,0.005781272,0.36159793,0.02839812,0.6495351,0.029503832,0.22582224,0.00453493,0.3901298,0.02305603,0.5278617,0.01958853
375316653866487564,5864289766993676032,0.5554308,2257.543340200791,1.0229230741305817,9.640992E-6,17.816591,0.0047160727,0.22258538,0.0053277323,0.09271034,0.007089727,0.09037767,0.004980091,0.72200096,0.0045271884,0.08242802,0.0060872673,0.18493968,0.005944563,null,null,null,null,"TWOGAUSSIANS",8,1.9540842,0.72200096,0.0045271884,0.4,0.0,0.18073712,0.005446438,0.22258538,0.0053277323,0.4,0.0,0.086175025,0.0035107466
375316653866487564,5864289934411583872,0.59357315,2245.3058912869074,2.9104837963194075,4.1180065E-6,17.67579,0.0059383125,0.19619048,0.0020249777,0.09440223,0.004522957,0.32406887,0.018139217,0.69492215,0.0013989398,0.08485789,0.0022658594,0.36656457,0.006236482,null,null,null,null,"TWOGAUSSIANS",8,3.481241,0.69492215,0.0013989398,0.4,0.0,0.35282314,0.004821556,0.19619048,0.0020249777,0.4,0.0,0.31032696,0.02018253
375316653866487564,5864289938724337792,0.55435896,2263.399285373543,2.0402924152195374,4.7593126E-6,18.78783,0.011656222,0.23029453,0.0037267068,0.04221065,0.012538269,0.105427615,0.03323997,0.72876745,0.0023739953,0.052492894,0.0040739984,0.53011024,0.04898604,0.09366038,0.015926655,0.23029453,0.0037267068,"TWOGAUSSIANS_WITH_ELLIPSOIDAL_ON_ECLIPSE1",9,5.209566,0.7288774,0.002134691,0.2939602,0.022814391,0.71740866,0.05398642,0.23029453,0.0037267068,0.23637964,0.07021431,0.292742,0.028235264
375316653866487564,5864290144882883200,0.52997065,2246.886957452685,2.871003365421624,1.2149795E-5,19.583118,0.019558102,0.27776334,0.0036345497,0.077945106,0.006455834,0.5140745,0.017344331,0.78473926,0.004888646,0.090791196,0.0078607695,0.41581663,0.025754768,null,null,null,null,"TWOGAUSSIANS",8,3.1560664,0.27776334,0.0036345497,0.4,0.0,0.50407267,0.015947636,0.78473926,0.004888646,0.4,0.0,0.40581456,0.024737215
375316653866487564,5864290144882943488,0.47493616,2265.380538174436,1.2429253303917567,3.157939E-5,18.960457,0.010385596,0.12788583,0.0058225906,0.0338759,0.0036125465,0.35511816,0.024121016,0.6130067,0.0050070146,0.014701048,0.0058354037,0.083386615,0.011479258,null,null,null,null,"TWOGAUSSIANS",8,12.238953,0.12788583,0.0058225906,0.18970504,0.02023026,0.35511816,0.024121016,0.6130067,0.0050070146,0.08232587,0.03267826,0.083386615,0.011479258
375316653866487564,5864290174929743616,0.5050708,2252.728536260609,0.06801730394507334,1.9069677E-5,18.191463,0.0029099442,0.50448304,0.019423252,0.086780235,0.022477051,0.02282577,0.0038685114,0.84023774,0.007886972,0.01964373,0.0020172158,1.0958825,0.50968796,null,null,null,null,"TWOGAUSSIANS",8,2.363294,0.84023774,0.007886972,0.11000489,0.011296408,1.0958953,0.509696,0.50448304,0.019423252,0.4,0.0,0.022825768,0.0038685093
375316653866487564,5864290557199907456,0.5561097,2207.4252470782276,2.3395698603185786,8.398629E-6,17.912767,0.048385326,0.14233692,0.0065923105,0.09736954,0.011287827,0.58564335,0.047900043,0.6572723,0.0069930665,0.09417254,0.019865176,0.42698067,0.025110632,null,null,null,null,"TWOGAUSSIANS",8,4.7774367,0.14233692,0.0065883524,0.4,0.0,0.5586619,0.023823697,0.6572723,0.0070002703,0.4,0.0,0.40000126,0.025883313
375316653866487564,5864290900865080576,0.63789934,2258.0488721763086,1.227636355370747,3.1575653E-6,16.363504,0.003269829,0.23400466,0.0011804715,0.04808979,0.0014796866,0.2376768,0.009900598,0.730989,5.605156E-4,0.044161223,9.0720045E-4,0.46522665,0.008805918,0.061544225,0.0050765546,0.23400466,0.0011804715,"TWOGAUSSIANS_WITH_ELLIPSOIDAL_ON_ECLIPSE1",9,7.101215,0.73110896,5.3064374E-4,0.24730285,0.0050803227,0.5882723,0.0077897827,0.23400466,0.0011804715,0.26930285,0.008286245,0.3607649,0.0055774087
375316653866487564,5864291033918224512,0.5844042,2285.9204817405102,2.3919545045249353,8.332625E-6,17.678602,0.0060968157,0.20499764,0.0046961186,0.048192892,0.0046253386,0.16897091,0.014102689,0.7183418,0.0019393524,0.04347827,0.006365277,0.14194442,0.017497968,0.113908045,0.0075415066,0.7183418,0.0019393524,"TWOGAUSSIANS_WITH_ELLIPSOIDAL_ON_ECLIPSE2",9,7.58334,0.20763765,0.0035675992,0.2698802,0.025901895,0.3955045,0.0071290387,0.7183418,0.0019393524,0.24347831,0.035645552,0.3697603,0.01479956
