Gaia/vari_eclipsing_binary/VariEclipsingBinary_662536-662597.csv
# %ECSV 1.0
# ---
# delimiter: ','
# meta: !!omap
# - RELEASE: Gaia DR3
# - TABLE: vari_eclipsing_binary
# - DESCRIPTION: >
#     This table describes the properties of the eclipsing binaries resulting from the variability analysis. 
# - CITATION: >
#     How to cite and acknowledge Gaia: 
#     https://gea.esac.esa.int/archive/documentation/credits.html 
# - KNOWN_ISSUES: >
#     Known issues: 
#     https://www.cosmos.esa.int/web/gaia-users/known-issues 
# - DOCUMENTATION: >
#     Tutorials and documentation: 
#     https://www.cosmos.esa.int/web/gaia-users/archive 
# datatype:
# - 
#   name: solution_id
#   datatype: int64
#   description: Solution Identifier
#   meta:
#     ucd: meta.version
# - 
#   name: source_id
#   datatype: int64
#   description: Unique source identifier
#   meta:
#     ucd: meta.id;meta.main
# - 
#   name: global_ranking
#   datatype: float32
#   description: Number between 0 (worst) and 1 (best)
#   meta:
#     ucd: stat.param
# - 
#   name: reference_time
#   datatype: float64
#   unit: d
#   description: Reference time used for the geometric model fit
#   meta:
#     ucd: time.epoch
# - 
#   name: frequency
#   datatype: float64
#   unit: d**-1
#   description: Frequency of geometric model of the eclipsing binary light curve
#   meta:
#     ucd: src.orbital
# - 
#   name: frequency_error
#   datatype: float32
#   unit: d**-1
#   description: "Uncertainty of \\texttt{frequency}"
#   meta:
#     ucd: stat.error
# - 
#   name: geom_model_reference_level
#   datatype: float32
#   unit: mag
#   description: Magnitude reference level of geometric model
#   meta:
#     ucd: phot.mag;em.opt
# - 
#   name: geom_model_reference_level_error
#   datatype: float32
#   unit: mag
#   description: "Uncertainty of \\texttt{geomModelReferenceLevel}"
#   meta:
#     ucd: stat.error;phot.mag;em.opt
# - 
#   name: geom_model_gaussian1_phase
#   datatype: float32
#   description: Phase of the Gaussian 1 component
#   meta:
#     ucd: time.phase
# - 
#   name: geom_model_gaussian1_phase_error
#   datatype: float32
#   description: "Uncertainty of \\texttt{geomModelGaussian1Phase}"
#   meta:
#     ucd: stat.error;time.phase
# - 
#   name: geom_model_gaussian1_sigma
#   datatype: float32
#   description: "Standard deviation [phase] of Gaussian 1 component"
#   meta:
#     ucd: stat.stdev
# - 
#   name: geom_model_gaussian1_sigma_error
#   datatype: float32
#   description: "Uncertainty of \\texttt{geomModelGaussian1Sigma}"
#   meta:
#     ucd: stat.error
# - 
#   name: geom_model_gaussian1_depth
#   datatype: float32
#   unit: mag
#   description: Magnitude depth of Gaussian 1 component
#   meta:
#     ucd: src.var.amplitude
# - 
#   name: geom_model_gaussian1_depth_error
#   datatype: float32
#   unit: mag
#   description: "Uncertainty of \\texttt{geomModelGaussian1Depth}"
#   meta:
#     ucd: stat.error;src.var.amplitude
# - 
#   name: geom_model_gaussian2_phase
#   datatype: float32
#   description: Phase of Gaussian 2 component
#   meta:
#     ucd: time.phase
# - 
#   name: geom_model_gaussian2_phase_error
#   datatype: float32
#   description: "Uncertainty of \\texttt{geomModelGaussian2Phase}"
#   meta:
#     ucd: stat.error;time.phase
# - 
#   name: geom_model_gaussian2_sigma
#   datatype: float32
[...]
#   datatype: float32
#   description: "Secondary eclipse: uncertainty of \\texttt{derivedSecondaryEclDuration}"
#   meta:
#     ucd: stat.error;time.duration
# - 
#   name: derived_secondary_ecl_depth
#   datatype: float32
#   unit: mag
#   description: "Secondary eclipse: depth"
#   meta:
#     ucd: src.var.amplitude
# - 
#   name: derived_secondary_ecl_depth_error
#   datatype: float32
#   unit: mag
#   description: "Secondary eclipse: uncertainty of \\texttt{derivedSecondaryEclDepth}"
#   meta:
#     ucd: stat.error;src.var.amplitude
solution_id,source_id,global_ranking,reference_time,frequency,frequency_error,geom_model_reference_level,geom_model_reference_level_error,geom_model_gaussian1_phase,geom_model_gaussian1_phase_error,geom_model_gaussian1_sigma,geom_model_gaussian1_sigma_error,geom_model_gaussian1_depth,geom_model_gaussian1_depth_error,geom_model_gaussian2_phase,geom_model_gaussian2_phase_error,geom_model_gaussian2_sigma,geom_model_gaussian2_sigma_error,geom_model_gaussian2_depth,geom_model_gaussian2_depth_error,geom_model_cosine_half_period_amplitude,geom_model_cosine_half_period_amplitude_error,geom_model_cosine_half_period_phase,geom_model_cosine_half_period_phase_error,model_type,num_model_parameters,reduced_chi2,derived_primary_ecl_phase,derived_primary_ecl_phase_error,derived_primary_ecl_duration,derived_primary_ecl_duration_error,derived_primary_ecl_depth,derived_primary_ecl_depth_error,derived_secondary_ecl_phase,derived_secondary_ecl_phase_error,derived_secondary_ecl_duration,derived_secondary_ecl_duration_error,derived_secondary_ecl_depth,derived_secondary_ecl_depth_error
[from data line 141]
375316653866487564,5827906343046207872,0.52251816,2175.3224158745497,0.312025911242338,2.5418813E-5,17.572533,0.0050421646,0.32924584,0.01301562,0.034893397,0.012978415,0.30565122,0.052056327,0.83298993,0.008862926,0.031237306,0.004099523,0.8380097,0.12807857,null,null,null,null,"TWOGAUSSIANS",8,49.49881,0.83298993,0.008862926,0.17492892,0.022957329,0.8380097,0.12807857,0.32924584,0.01301562,0.19540302,0.072679125,0.30565122,0.052056327
375316653866487564,5827907232086072192,0.58969134,2191.9917510967134,3.4270590120666684,5.6898457E-6,18.155931,0.008139729,0.2909408,0.0020928304,0.049415965,0.012145656,0.14159973,0.017957957,0.7850159,0.003924191,0.043868065,0.0064671175,0.11194167,0.019511092,0.106366485,0.01113387,0.2909408,0.0020928304,"TWOGAUSSIANS_WITH_ELLIPSOIDAL_ON_ECLIPSE1",9,2.4550962,0.2909408,0.0020928304,0.2767294,0.06801567,0.3543322,0.02264904,0.7863459,0.0029348363,0.24566115,0.036215857,0.32444546,0.008547824
375316653866487564,5827907236399328128,0.57350045,2168.2754046394425,0.9535854266896844,1.300865E-6,14.201645,0.0014117588,0.31272474,3.9666294E-4,0.0361093,5.5475533E-4,0.40485585,0.0077630244,0.81508553,0.0021730578,0.032893486,0.0027062702,0.04900248,0.0044829175,0.004747478,0.0033016729,0.31272474,3.9666294E-4,"TWOGAUSSIANS_WITH_ELLIPSOIDAL_ON_ECLIPSE1",9,34.477196,0.31272474,3.9666294E-4,0.20221208,0.0031066297,0.4143508,0.008431865,0.81508553,0.0021730578,0.18420352,0.015155113,0.058495335,0.0037686122
375316653866487564,5827908984432644864,0.5769348,2194.5180385034323,3.6567710738943906,5.7450648E-6,18.786434,0.00866351,0.25983453,0.0027481732,0.047977936,0.0066230292,0.1409222,0.022486597,0.7618405,0.002237994,0.045674063,0.003953994,0.26501122,0.01672066,0.11697952,0.010984614,0.25983453,0.0027481732,"TWOGAUSSIANS_WITH_ELLIPSOIDAL_ON_ECLIPSE1",9,2.3834453,0.7618405,0.002237994,0.25577477,0.022142364,0.4989325,0.010299764,0.25983453,0.0027481732,0.26867646,0.037088964,0.37488067,0.014442157
375316653866487564,5827910328778576640,0.517401,2155.6077680330727,2.1989663835635476,7.5514413E-6,17.4982,0.003132205,0.1509257,0.007944151,0.044031385,0.008526102,0.027701763,0.014786033,0.6430247,0.0028194692,0.056533054,0.0033717596,0.13971438,0.008044419,0.023887508,0.00592044,0.1509257,0.007944151,"TWOGAUSSIANS_WITH_ELLIPSOIDAL_ON_ECLIPSE1",9,7.853536,0.64365464,0.0023362578,0.3165851,0.018881854,0.18737683,0.0060978946,0.1509257,0.007944151,0.24657576,0.047746167,0.07547254,0.010979766
375316653866487564,5827910878531741312,0.4433039,2179.1888795959844,0.035566673971547155,3.450677E-5,19.606573,0.007823486,0.19792412,0.005633781,0.057026215,0.00794812,0.22282211,0.020119896,0.7458422,0.013865622,0.067125276,0.010882461,0.24948406,0.06007164,null,null,null,null,"TWOGAUSSIANS",8,3.7737482,0.7458422,0.013865622,0.37590155,0.060941786,0.24945621,0.06008846,0.19792412,0.005633781,0.3193468,0.044509474,0.22279425,0.0201352
375316653866487564,5827911290848681216,0.49696997,2191.464384258902,1.8634788513785334,5.7305533E-6,18.767454,0.004470813,0.3751013,0.0016135292,0.025989464,0.003611284,0.2654553,0.052614126,0.8674753,0.0120536275,0.019862464,0.010765629,0.23851688,0.039930936,null,null,null,null,"TWOGAUSSIANS",8,4.0018907,0.3751013,0.0016135292,0.145541,0.020223191,0.2654553,0.052614126,0.8674753,0.0120536275,0.11122979,0.06028752,0.23851688,0.039930936
375316653866487564,5827913867828937600,0.4422346,2204.601681217851,3.398955022105506,2.5007872E-5,17.709896,0.0034009852,0.06409336,0.007028917,0.0066434224,0.0033711763,0.12091312,0.61383516,0.8304285,0.0047046174,0.04091117,0.004783273,0.13761853,0.030772017,null,null,null,null,"TWOGAUSSIANS",8,13.07613,0.8304285,0.0047046174,0.22910255,0.026786331,0.13761853,0.030772017,0.06409336,0.007028917,0.037203163,0.018878587,0.12091313,0.61383516
375316653866487564,5827915409697385728,0.46900845,2239.621548713933,3.8142153622101405,1.0964394E-5,18.720976,0.015104863,0.27302024,0.006090667,0.06050824,0.014771718,0.21633159,0.05792056,0.80593026,0.009093209,0.04124665,0.007938765,0.22452244,0.038003135,0.10242488,0.01963122,0.27302024,0.006090667,"TWOGAUSSIANS_WITH_ELLIPSOIDAL_ON_ECLIPSE1",9,17.663126,0.27302024,0.006090667,0.33884615,0.08272162,0.42113864,0.051076803,0.80593026,0.009093209,0.23098125,0.04445708,0.42069468,0.026067035
375316653866487564,5827915654528842240,0.44433796,2200.8439483026264,3.944656725729405,2.3749893E-5,19.830286,0.09931916,0.25825447,0.009492433,0.12334583,0.035569463,0.45458466,0.08288104,0.7563841,0.009714592,0.06415905,0.014340745,0.60199034,0.11752332,null,null,null,null,"TWOGAUSSIANS",8,12.995631,0.7563841,0.009719289,0.35929066,0.07749001,0.57616615,0.081845,0.25825447,0.009492433,0.4,0.0,0.42851433,0.060744196
375316653866487564,5827916852806692352,0.5363195,2219.8522328297063,3.6049126297044607,6.2873887E-6,19.693182,0.010920787,0.23370065,0.0032598893,0.049787633,0.00528245,0.4503751,0.04715449,0.72895175,0.0019163262,0.041850056,0.0029817645,0.44193476,0.029235095,0.12395553,0.016603762,0.23370065,0.0032598893,"TWOGAUSSIANS_WITH_ELLIPSOIDAL_ON_ECLIPSE1",9,2.9644496,0.23370065,0.0032598893,0.27881074,0.02958172,0.69828415,0.042020403,0.72929174,0.001694948,0.23436031,0.01669788,0.68963903,0.027111558
375316653866487564,5827918914391000320,0.5294142,2245.5786666194886,4.404611952572036,7.29443E-6,18.107187,0.0082126185,0.24409048,0.0035428272,0.0412312,0.007271314,0.11467959,0.031135812,0.76596445,0.013426158,0.054000326,0.017801328,0.06713704,0.018569877,0.08157639,0.008950277,0.24409048,0.0035428272,"TWOGAUSSIANS_WITH_ELLIPSOIDAL_ON_ECLIPSE1",9,5.631878,0.24409048,0.0035428272,0.23089473,0.04071936,0.2778311,0.030238386,0.76596445,0.013426158,0.3024018,0.099687435,0.22722608,0.011650478
375316653866487564,5827922247285115520,0.5918531,2168.938253866691,2.525489032717197,5.815857E-6,16.574743,0.0030276712,0.25086722,0.002145511,0.08932574,0.0032569806,0.17704205,0.0033546493,0.7488661,0.003121532,0.08288326,0.0039801463,0.18985845,0.004282799,null,null,null,null,"TWOGAUSSIANS",8,4.8306203,0.7488661,0.003121532,0.4,0.0,0.18463424,0.004282871,0.25086722,0.002145511,0.4,0.0,0.1718178,0.0028817481
375316653866487564,5827923729076648704,0.47972187,2188.8031517348427,0.5697545721990374,5.509344E-5,19.260887,0.003046579,0.17520814,0.0042670737,0.015068085,0.0063081104,0.27019086,0.1786758,0.67605144,2.0234805E-4,0.013467301,0.0046233684,0.6886974,2.3504393,null,null,null,null,"TWOGAUSSIANS",8,2.4628108,0.67605144,2.0234805E-4,0.075416885,0.025890864,0.6886974,2.3504393,0.17520814,0.0042670737,0.084381275,0.035325415,0.27019086,0.1786758
375316653866487564,5827925137815366272,0.451637,2185.5407572069976,0.0787630578225139,5.807802E-5,18.437042,0.0051123565,0.15934475,0.018403325,0.034314953,0.010006912,0.060664136,0.012481169,0.8521679,0.007135411,0.013811281,0.02728073,0.6178058,0.615453,0.030203786,0.0099768825,0.8521679,0.007135411,"TWOGAUSSIANS_WITH_ELLIPSOIDAL_ON_ECLIPSE2",9,9.447979,0.8521679,0.007135411,0.07734317,0.15277208,0.6782129,0.6250522,0.16461474,0.020443833,0.19216375,0.056038707,0.06878469,0.014394366
375316653866487564,5827925408381586304,0.5292232,2187.066896595513,3.16196062289574,2.0290818E-5,18.879211,0.020826807,0.29235888,0.0054504205,0.08872955,0.009181099,0.39375743,0.02401137,0.7811172,0.004556517,0.097488746,0.008937815,0.36647868,0.01906441,null,null,null,null,"TWOGAUSSIANS",8,5.3582172,0.29235888,0.0054504205,0.4,0.0,0.3762771,0.022108566,0.7811172,0.004556517,0.4,0.0,0.3489968,0.0138893295
375316653866487564,5827926202967373952,0.53380656,2197.512727618248,3.4064564012460563,7.479688E-6,17.786854,0.0071230493,0.29264283,0.0038684285,0.036244452,0.008100558,0.114751846,0.030909125,0.8063627,0.0068270694,0.0444332,0.00562653,0.08368028,0.022215571,0.09244712,0.009932678,0.29264283,0.0038684285,"TWOGAUSSIANS_WITH_ELLIPSOIDAL_ON_ECLIPSE1",9,11.657922,0.29264283,0.0038684285,0.20296893,0.045363124,0.299646,0.027934955,0.8063627,0.0068270694,0.24882592,0.03150857,0.26720384,0.014392565
375316653866487564,5827930360504281600,0.54541093,2255.4897214582184,2.091998170259929,8.957737E-6,17.046247,0.006918311,0.24708992,0.003066814,0.08522208,0.005144607,0.27748123,0.0135244345,0.7464309,0.0017771001,0.09955106,0.0043845456,0.24929309,0.0073499735,null,null,null,null,"TWOGAUSSIANS",8,7.0921926,0.24708992,0.003066814,0.4,0.0,0.2642077,0.014911785,0.7464309,0.0017771001,0.4,0.0,0.23601793,0.007196033
375316653866487564,5827930463583365376,0.53224117,2279.313332224859,0.0297348705,3.2952032E-6,15.004495,0.0019484528,0.15802321,2.8463935E-6,6.6726457E-4,7.2291136E-6,0.7533795,0.007840424,0.86035454,0.004075373,0.011021652,0.0025546881,0.01462154,0.0028121318,null,null,null,null,"TWOGAUSSIANS",8,97.10052,0.15802321,2.8463935E-6,0.0037366815,4.0483035E-5,0.7533795,0.007840424,0.86035454,0.004075373,0.06172125,0.014306253,0.01462154,0.0028121318
375316653866487564,5827932486488151296,0.50002223,2246.901438213378,3.472336866883076,2.5954067E-5,19.323761,0.018599719,0.2712288,0.0050836047,0.07874289,0.008676467,0.29478672,0.018929495,0.77058506,0.011910526,0.066535436,0.01793752,0.42002922,0.03517694,null,null,null,null,"TWOGAUSSIANS",8,5.3688903,0.77058506,0.011910526,0.37259844,0.035758555,0.41821226,0.039022073,0.2712288,0.0050836047,0.4,0.0,0.2929698,0.016137773
375316653866487564,5827932696966260096,0.5401819,2228.1070921281394,3.3376608042817675,8.80925E-6,16.116718,0.06594976,0.25702766,0.0030975046,0.12609595,0.02322367,0.2466605,0.06273792,0.76848704,0.002667542,0.119872965,0.017478792,0.27745375,0.06403022,null,null,null,null,"TWOGAUSSIANS",8,20.76742,0.768597,0.00252394,0.4,0.0,0.21760204,0.0071249898,0.25694767,0.003079211,0.4,0.0,0.18670656,0.007526386
375316653866487564,5827934586751884544,0.6448335,2247.596618292099,2.562155899441384,2.122004E-6,14.733954,0.010615673,0.24408965,7.723362E-4,0.053880785,0.002404103,0.4118126,0.021189045,0.73921233,0.0010615583,0.057661634,0.0017504739,0.44896796,0.023852976,0.08141013,0.012245384,0.24408965,7.723362E-4,"TWOGAUSSIANS_WITH_ELLIPSOIDAL_ON_ECLIPSE1",9,84.56222,0.7396323,9.4648346E-4,0.32290515,0.009802653,0.6116141,0.010442541,0.24408965,7.723362E-4,0.3017324,0.013462977,0.5745983,0.0075563313
375316653866487564,5827937095012929792,0.6187437,2237.622039984435,0.9859372649846753,5.3751173E-6,12.561138,0.0041910266,0.2352884,0.0015018462,0.09567136,0.0026938634,0.31941915,0.004215373,0.7357431,0.0016386701,0.08495496,0.0019056535,0.35850304,0.01067155,null,null,null,null,"TWOGAUSSIANS",8,181.80057,0.7357431,0.0016386701,0.4,0.0,0.34402075,0.010760437,0.2352884,0.0015018462,0.4,0.0,0.30493617,0.0038242189
375316653866487564,5827939019158288768,0.47574762,2254.114789636639,3.668368764537355,2.4772015E-5,15.396726,0.01755286,0.22769125,0.015523656,0.04006992,0.026246518,0.037791725,0.037078883,0.7530378,0.0058671013,0.04578521,0.061588593,0.024507646,0.061064005,0.059799273,0.021485137,0.7530378,0.0058671013,"TWOGAUSSIANS_WITH_ELLIPSOIDAL_ON_ECLIPSE2",9,126.33645,0.23499125,0.009756483,0.22439155,0.1469805,0.15523714,0.00966762,0.7530378,0.0058671013,0.2563972,0.32337704,0.14410616,0.05932084
375316653866487564,5827939328398035200,0.5209007,2241.4580441691087,3.43535891213557,6.618232E-6,19.395557,0.007392751,0.22054076,0.002183838,0.059208985,0.0022238211,0.46961728,0.00889127,0.7162934,0.0037132695,0.067889035,0.0037089454,0.47084364,0.019682726,null,null,null,null,"TWOGAUSSIANS",8,2.5527754,0.7162934,0.0037132695,0.3801786,0.020770093,0.4704851,0.019698923,0.22054076,0.002183838,0.3315703,0.012453398,0.4692587,0.008808186
375316653866487564,5827939500191270784,0.49829596,2189.628056951704,2.1843824690720184,1.4622537E-5,15.002357,0.12001641,0.23713037,0.0053566084,0.17439623,0.026450247,0.6469329,0.16358167,0.73312926,0.004957203,0.2359961,0.04295097,0.87345773,0.12070268,null,null,null,null,"TWOGAUSSIANS",8,53.830982,0.73312926,0.004957203,0.4,0.0,0.17100061,0.005431824,0.24193038,0.006535496,0.4,0.0,0.10834596,0.009299429
375316653866487564,5827939671989969024,0.54380226,2170.9995201442034,3.185077149580704,1.0865757E-5,19.732296,0.009868184,0.27763185,0.003089863,0.06930696,0.0032051958,0.5614659,0.025627252,0.7776765,0.0065727145,0.0702407,0.0054702675,0.61528236,0.019495605,null,null,null,null,"TWOGAUSSIANS",8,1.8809388,0.7776765,0.0065727145,0.39334792,0.019605031,0.6133673,0.019033788,0.27763185,0.003089863,0.38811898,0.017949097,0.5595509,0.025704611
375316653866487564,5827941454386722176,0.46040073,2173.8072451394683,2.758804244897427,2.584578E-5,19.21246,0.04316371,0.22769421,0.03254114,0.13188998,0.079991,0.072650984,0.04078039,0.7075828,0.0066272113,0.072423235,0.013031056,0.24969372,0.03921792,null,null,null,null,"TWOGAUSSIANS",8,3.9148602,0.7075828,0.0066272113,0.4,0.032643422,0.24189791,0.019115862,0.22769421,0.03254114,0.4,0.0,0.06472775,0.015871536
375316653866487564,5827942145891164160,0.5631654,2151.6724759066833,4.020899476328764,7.4700483E-6,17.094498,0.02332311,0.2484457,0.0023713321,0.0606582,0.008136461,0.23956223,0.050288465,0.7560913,0.0022183273,0.060070645,0.0059445603,0.2854465,0.048962157,0.06702935,0.027878936,0.2484457,0.0023713321,"TWOGAUSSIANS_WITH_ELLIPSOIDAL_ON_ECLIPSE1",9,21.236847,0.7560913,0.0022183273,0.33639562,0.033289537,0.41911814,0.015262012,0.2484457,0.0023713321,0.33968595,0.045564182,0.373543,0.015021215
375316653866487564,5827942283330115456,0.4273966,2179.6549032342614,0.9355442251633885,2.1466656E-5,16.966425,0.0029917625,0.18105909,0.0029110308,0.029681029,0.004180744,0.13817331,0.023006037,0.68483114,0.0124782035,0.04559578,0.014569859,0.48100153,0.21253502,null,null,null,null,"TWOGAUSSIANS",8,23.981272,0.68483114,0.0124782035,0.25533637,0.08159121,0.48100153,0.21253502,0.18105909,0.0029110308,0.16621377,0.023412166,0.13817331,0.023006037
375316653866487564,5827943344169931008,0.48106092,2168.5861348920225,3.505470243885102,1.4710528E-5,17.908062,0.0025371425,null,null,null,null,null,null,null,null,null,null,null,null,0.06709558,0.0036389735,0.2690911,0.0042533213,"ELLIPSOIDAL",4,7.4683537,null,null,null,null,null,null,null,null,null,null,null,null
375316653866487564,5827944271885297536,0.5039743,2137.698701180879,2.6541508529074114,1.2894941E-5,18.380503,0.0049015773,0.21942392,0.0067890063,0.06814689,0.01098621,0.10588545,0.0072805323,0.7094196,0.004657623,0.06823709,0.0066910735,0.23023595,0.0091585275,null,null,null,null,"TWOGAUSSIANS",8,3.7305298,0.7094196,0.004657623,0.38212767,0.028988287,0.22995041,0.00926315,0.21942392,0.0067890063,0.38162258,0.04580455,0.105599925,0.0073280153
375316653866487564,5827944447993739264,0.5961685,2177.3506761818835,2.9201643631095315,3.209795E-6,13.783382,0.019412791,0.21841599,0.002672971,0.05559394,0.0062004915,0.29791793,0.038970906,0.72297627,0.0020674404,0.059350405,0.004472386,0.4114935,0.04102597,0.09876589,0.02196686,0.72297627,0.0020674404,"TWOGAUSSIANS_WITH_ELLIPSOIDAL_ON_ECLIPSE2",9,381.7979,0.72297627,0.0020674404,0.33236226,0.025045361,0.6089589,0.014251099,0.21904598,0.0022022044,0.3113261,0.034722753,0.49524376,0.021104364
375316653866487564,5827946333469703936,0.49648,2173.5543984214587,3.076871280397515,1.9838672E-5,19.133936,0.011886408,0.23217997,0.010475852,0.08368763,0.011506693,0.20046316,0.01738205,0.71825945,0.004210801,0.08797349,0.0066788597,0.22798705,0.012880624,null,null,null,null,"TWOGAUSSIANS",8,2.155148,0.71825945,0.004210801,0.4,0.0,0.22314247,0.010312423,0.23217997,0.010475852,0.4,0.0,0.19561864,0.013637899
