Gaia/vari_eclipsing_binary/VariEclipsingBinary_678603-678622.csv
# %ECSV 1.0
# ---
# delimiter: ','
# meta: !!omap
# - RELEASE: Gaia DR3
# - TABLE: vari_eclipsing_binary
# - DESCRIPTION: >
#     This table describes the properties of the eclipsing binaries resulting from the variability analysis. 
# - CITATION: >
#     How to cite and acknowledge Gaia: 
#     https://gea.esac.esa.int/archive/documentation/credits.html 
# - KNOWN_ISSUES: >
#     Known issues: 
#     https://www.cosmos.esa.int/web/gaia-users/known-issues 
# - DOCUMENTATION: >
#     Tutorials and documentation: 
#     https://www.cosmos.esa.int/web/gaia-users/archive 
# datatype:
# - 
#   name: solution_id
#   datatype: int64
#   description: Solution Identifier
#   meta:
#     ucd: meta.version
# - 
#   name: source_id
#   datatype: int64
#   description: Unique source identifier
#   meta:
#     ucd: meta.id;meta.main
# - 
#   name: global_ranking
#   datatype: float32
#   description: Number between 0 (worst) and 1 (best)
#   meta:
#     ucd: stat.param
# - 
#   name: reference_time
#   datatype: float64
#   unit: d
#   description: Reference time used for the geometric model fit
#   meta:
#     ucd: time.epoch
# - 
#   name: frequency
#   datatype: float64
#   unit: d**-1
#   description: Frequency of geometric model of the eclipsing binary light curve
#   meta:
#     ucd: src.orbital
# - 
#   name: frequency_error
#   datatype: float32
#   unit: d**-1
#   description: "Uncertainty of \\texttt{frequency}"
#   meta:
#     ucd: stat.error
# - 
#   name: geom_model_reference_level
#   datatype: float32
#   unit: mag
#   description: Magnitude reference level of geometric model
#   meta:
#     ucd: phot.mag;em.opt
# - 
#   name: geom_model_reference_level_error
#   datatype: float32
#   unit: mag
#   description: "Uncertainty of \\texttt{geomModelReferenceLevel}"
#   meta:
#     ucd: stat.error;phot.mag;em.opt
# - 
#   name: geom_model_gaussian1_phase
#   datatype: float32
#   description: Phase of the Gaussian 1 component
#   meta:
#     ucd: time.phase
# - 
#   name: geom_model_gaussian1_phase_error
#   datatype: float32
#   description: "Uncertainty of \\texttt{geomModelGaussian1Phase}"
#   meta:
#     ucd: stat.error;time.phase
# - 
#   name: geom_model_gaussian1_sigma
#   datatype: float32
#   description: "Standard deviation [phase] of Gaussian 1 component"
#   meta:
#     ucd: stat.stdev
# - 
#   name: geom_model_gaussian1_sigma_error
#   datatype: float32
#   description: "Uncertainty of \\texttt{geomModelGaussian1Sigma}"
#   meta:
#     ucd: stat.error
# - 
#   name: geom_model_gaussian1_depth
#   datatype: float32
#   unit: mag
#   description: Magnitude depth of Gaussian 1 component
#   meta:
#     ucd: src.var.amplitude
# - 
#   name: geom_model_gaussian1_depth_error
#   datatype: float32
#   unit: mag
#   description: "Uncertainty of \\texttt{geomModelGaussian1Depth}"
#   meta:
#     ucd: stat.error;src.var.amplitude
# - 
#   name: geom_model_gaussian2_phase
#   datatype: float32
#   description: Phase of Gaussian 2 component
#   meta:
#     ucd: time.phase
# - 
#   name: geom_model_gaussian2_phase_error
#   datatype: float32
#   description: "Uncertainty of \\texttt{geomModelGaussian2Phase}"
#   meta:
#     ucd: stat.error;time.phase
# - 
#   name: geom_model_gaussian2_sigma
#   datatype: float32
[...]
#   datatype: float32
#   description: "Secondary eclipse: uncertainty of \\texttt{derivedSecondaryEclDuration}"
#   meta:
#     ucd: stat.error;time.duration
# - 
#   name: derived_secondary_ecl_depth
#   datatype: float32
#   unit: mag
#   description: "Secondary eclipse: depth"
#   meta:
#     ucd: src.var.amplitude
# - 
#   name: derived_secondary_ecl_depth_error
#   datatype: float32
#   unit: mag
#   description: "Secondary eclipse: uncertainty of \\texttt{derivedSecondaryEclDepth}"
#   meta:
#     ucd: stat.error;src.var.amplitude
solution_id,source_id,global_ranking,reference_time,frequency,frequency_error,geom_model_reference_level,geom_model_reference_level_error,geom_model_gaussian1_phase,geom_model_gaussian1_phase_error,geom_model_gaussian1_sigma,geom_model_gaussian1_sigma_error,geom_model_gaussian1_depth,geom_model_gaussian1_depth_error,geom_model_gaussian2_phase,geom_model_gaussian2_phase_error,geom_model_gaussian2_sigma,geom_model_gaussian2_sigma_error,geom_model_gaussian2_depth,geom_model_gaussian2_depth_error,geom_model_cosine_half_period_amplitude,geom_model_cosine_half_period_amplitude_error,geom_model_cosine_half_period_phase,geom_model_cosine_half_period_phase_error,model_type,num_model_parameters,reduced_chi2,derived_primary_ecl_phase,derived_primary_ecl_phase_error,derived_primary_ecl_duration,derived_primary_ecl_duration_error,derived_primary_ecl_depth,derived_primary_ecl_depth_error,derived_secondary_ecl_phase,derived_secondary_ecl_phase_error,derived_secondary_ecl_duration,derived_secondary_ecl_duration_error,derived_secondary_ecl_depth,derived_secondary_ecl_depth_error
[from data line 146]
375316653866487564,5969087342591971456,0.56569016,2282.8412062427187,0.8799303640344768,1.8622994E-5,15.149601,0.0032715166,0.1702019,0.0055167824,0.02055457,0.0035179504,0.47469983,0.18677154,0.6730016,9.233459E-4,0.023738576,7.699321E-4,0.6097124,0.016326813,null,null,null,null,"TWOGAUSSIANS",8,178.39876,0.6730016,9.233459E-4,0.13293603,0.00431162,0.6097124,0.016326813,0.1702019,0.0055167824,0.1151056,0.019700522,0.47469983,0.18677154
375316653866487564,5969087793591839360,0.45775825,2280.4613837629877,2.29389544203414,5.0358933E-5,18.105825,0.011935667,0.2829012,0.01697544,0.08252475,0.019846959,0.06935647,0.012646276,0.7655075,0.008028423,0.076395325,0.018893829,0.1220109,0.0117483055,null,null,null,null,"TWOGAUSSIANS",8,8.867287,0.7655075,0.008028423,0.4,0.012802654,0.12110776,0.01080887,0.2829012,0.01697544,0.4,0.0,0.06845333,0.010968056
375316653866487564,5969088034134953344,0.44656083,2262.1309760364716,1.8814806637269745,4.8106576E-5,15.0669775,0.001822829,null,null,null,null,null,null,null,null,null,null,null,null,0.031590138,0.0035920397,0.22497481,0.0059441207,"ELLIPSOIDAL",4,63.870327,null,null,null,null,null,null,null,null,null,null,null,null
375316653866487564,5969088308987085952,0.44263566,2229.828408081267,0.19090994333194278,4.707533E-5,19.674692,0.009659685,0.26976493,0.01235267,0.04048773,0.0074866805,0.16307515,0.016687358,0.47035328,0.008242056,0.031895734,0.00596978,0.06998497,0.014257767,null,null,null,null,"TWOGAUSSIANS",8,3.8704267,0.26976493,0.01235267,0.22673129,0.04192541,0.16307515,0.016687354,0.47035328,0.008242056,0.17861612,0.033430766,0.06998573,0.014255908
375316653866487564,5969088583865455360,0.5888057,2273.5372826097177,2.4572238908611705,9.152827E-6,18.096771,0.008636103,0.24929853,0.0022648936,0.045899525,0.004258928,0.2812809,0.026396334,0.7533625,0.0033790492,0.036947623,0.0059385803,0.2741538,0.028827729,0.12358814,0.010934893,0.24929853,0.0022648936,"TWOGAUSSIANS_WITH_ELLIPSOIDAL_ON_ECLIPSE1",9,6.548785,0.24929853,0.0022648936,0.25703734,0.023849996,0.5284567,0.019968411,0.7533625,0.0033790492,0.20690669,0.03325605,0.5211685,0.029867161
375316653866487564,5969088652610082304,0.45805275,2275.211618912925,4.296955954351959,2.4270614E-5,14.619224,0.020287776,0.11863298,4.563628E-4,0.009219224,0.0020341878,0.15211095,0.01811629,0.5346236,0.0067416173,0.15206379,0.016383497,0.33347207,0.02909275,null,null,null,null,"TWOGAUSSIANS",8,737.3964,0.5346236,0.0067416173,0.4,0.0,0.33047703,0.030192409,0.11871298,3.858679E-4,0.051627655,0.011391452,0.15723689,0.016340232
375316653866487564,5969088686944296576,0.45150745,2279.019823449164,0.04209581561229269,9.620191E-5,17.321371,0.007236868,0.51627094,0.012596089,0.042241722,0.00829559,0.22206137,0.06722148,0.81293654,0.0051515806,0.02990466,0.009187464,0.10001389,0.019754725,0.020573322,0.012497873,0.81293654,0.0051515806,"TWOGAUSSIANS_WITH_ELLIPSOIDAL_ON_ECLIPSE2",9,37.475994,0.51509094,0.011922291,0.23655365,0.046455305,0.22558263,0.068706855,0.81293654,0.0051515806,0.16746609,0.051449794,0.1411605,0.026767481
375316653866487564,5969088721304133120,0.50661844,2228.2585309837477,2.5262691837512374,2.0255893E-5,19.785414,0.022071438,0.31289327,0.0042469925,0.046940323,0.005548436,0.76552594,0.08509987,0.8179158,0.00500365,0.057570696,0.0063756616,0.4110239,0.05125222,null,null,null,null,"TWOGAUSSIANS",8,4.7397757,0.31289327,0.0042469925,0.2628658,0.031071242,0.76551676,0.08510773,0.8179158,0.00500365,0.3223959,0.035703704,0.41101477,0.05125303
375316653866487564,5969089060579022464,0.4625773,2258.912564142825,1.5444098230697252,3.203458E-5,17.20438,0.0014210958,null,null,null,null,null,null,null,null,null,null,null,null,0.025712796,0.0019690034,0.24313357,0.005738651,"ELLIPSOIDAL",4,3.7576482,null,null,null,null,null,null,null,null,null,null,null,null
375316653866487564,5969089305420416000,0.50872844,2233.61896775723,3.711954958891104,2.8556835E-5,19.787945,0.024871388,0.28464565,0.011425486,0.08534372,0.007940813,0.5057827,0.07075665,0.7772049,0.0047455407,0.077395424,0.006812532,0.50202984,0.03165057,null,null,null,null,"TWOGAUSSIANS",8,3.2119675,0.28464565,0.011425486,0.4,0.0,0.49799088,0.06998598,0.7772049,0.0047455407,0.4,0.0,0.49423805,0.03017606
375316653866487564,5969089369816627328,0.5646195,2257.0984759293656,2.169987253927642,6.501423E-6,17.354502,0.008695585,0.22245863,0.0016996253,0.094908744,0.004310275,0.24016897,0.008183381,0.7266362,0.0027803306,0.100775264,0.0059984378,0.18150759,0.009315899,null,null,null,null,"TWOGAUSSIANS",8,3.2933755,0.22245863,0.0016996253,0.4,0.0,0.22516957,0.004803685,0.7266362,0.0027803306,0.4,0.0,0.16650699,0.007488933
375316653866487564,5969089786456842112,0.6162514,2258.519884045103,2.8965919289246207,7.63372E-6,18.167488,0.004021219,0.2580453,0.0014037663,0.069901355,0.0023367014,0.62586653,0.010583834,0.7577734,0.002220598,0.06419587,0.0018416273,0.56564194,0.0143489875,null,null,null,null,"TWOGAUSSIANS",8,4.77595,0.2580453,0.0014037663,0.3914476,0.013085527,0.6247345,0.01073482,0.7577734,0.002220598,0.3594969,0.010313112,0.56450987,0.01441649
375316653866487564,5969089820816709632,0.57333326,2265.667601460425,2.176494166258721,8.393312E-6,18.139896,0.0064130747,0.24395388,0.0018360117,0.09070549,0.0029769898,0.28296456,0.006505584,0.7483793,0.0026071912,0.09320572,0.0035879484,0.2900263,0.008593355,null,null,null,null,"TWOGAUSSIANS",8,1.7943729,0.7483793,0.0026071912,0.4,0.0,0.2767031,0.0081789335,0.24395388,0.0018360117,0.4,0.0,0.26964155,0.004691232
375316653866487564,5969090194450246016,0.63713336,2261.445771763298,1.0270705198158343,4.151036E-6,12.841375,0.0038926736,0.24751465,0.0024485532,0.09090615,0.0044147684,0.17504726,0.005054301,0.73956776,6.5491407E-4,0.08834045,0.0016107247,0.3079896,0.0034169625,null,null,null,null,"TWOGAUSSIANS",8,50.619884,0.73956776,6.5491407E-4,0.4,0.0,0.29969853,0.0023976613,0.24751465,0.0024485532,0.4,0.0,0.16675617,0.0053172917
375316653866487564,5969090194450507136,0.5209064,2272.7634112155656,0.7568520695117759,3.0996598E-5,17.502457,0.0015236587,0.24773346,0.0022700997,0.0200294,0.0022003641,0.12771575,0.011714929,0.4299214,0.008679229,0.050211113,0.007083291,0.018368378,0.0028324719,0.018911973,0.0021025243,0.24773346,0.0022700997,"TWOGAUSSIANS_WITH_ELLIPSOIDAL_ON_ECLIPSE1",9,2.1055355,0.24774346,0.002269193,0.11216464,0.012322039,0.16556501,0.0120477835,0.4299214,0.008679229,0.28118223,0.039666433,0.024829261,0.0027490896
375316653866487564,5969090404929827328,0.46733803,2246.8105939063203,0.038536351813958224,4.5691817E-5,19.873655,0.00957604,0.39097837,0.015485737,0.033510968,0.017521491,0.42108646,1.1700933,0.91972625,0.010866267,0.024273103,0.008513242,0.78939754,2.6933954,null,null,null,null,"TWOGAUSSIANS",8,4.9606357,0.91972625,0.010866267,0.13592938,0.047674153,0.78939754,2.6933954,0.39097837,0.015485737,0.18766142,0.098120354,0.42108646,1.1700933
375316653866487564,5969090542368749568,0.4241373,2277.319457731535,0.11671234457775258,2.7480453E-5,17.311579,0.0038834026,0.42508927,0.0072924844,0.004299521,0.003264973,0.33560288,1.3613563,0.8065312,0.021069925,0.025954336,0.026613519,0.109159485,49.312283,null,null,null,null,"TWOGAUSSIANS",8,18.560823,0.42508927,0.0072924844,0.024077317,0.018283848,0.33560288,1.3613563,0.8065312,0.021069925,0.14534427,0.1490357,0.109159485,49.312283
375316653866487564,5969090748527552384,0.46440572,2241.498044191336,1.9198078006212969,7.4765085E-5,19.456491,0.02162042,0.18864968,0.0105625475,0.07082904,0.013059667,0.13748446,0.028081192,0.6808599,0.03468709,0.075151645,0.036081135,0.31806344,0.33127213,null,null,null,null,"TWOGAUSSIANS",8,4.041619,0.6808599,0.03468709,0.4,0.11806129,0.3170721,0.3321839,0.18864968,0.010561601,0.39664266,0.042695314,0.13649309,0.026276503
375316653866487564,5969091160872484352,0.58423126,2276.443732569598,2.1659699217878208,8.002484E-6,17.100973,0.015026622,0.26487935,0.0020721536,0.09034069,0.0052567483,0.31790492,0.013054804,0.76913154,0.002594654,0.12217169,0.01356377,0.13519384,0.013687151,null,null,null,null,"TWOGAUSSIANS",8,4.433266,0.26486933,0.002083754,0.4,0.0,0.29570177,0.0074699954,0.76913154,0.002594654,0.4,0.0,0.112927884,0.006353364
375316653866487564,5969091367003457280,0.46711978,2252.9358797774107,0.3588898529137789,2.020103E-4,18.705471,0.017120503,0.23813641,0.035095766,0.025873192,0.042591743,0.4865449,0.50555754,0.69720435,0.021268653,0.060953073,0.03338434,0.0942028,0.050318904,null,null,null,null,"TWOGAUSSIANS",8,6.6368866,0.23813641,0.035095766,0.14488988,0.23851377,0.4865449,0.5056334,0.69720435,0.021268653,0.3413372,0.14426339,0.0942028,0.050342925
375316653866487564,5969091706279271936,0.4737249,2251.2845531275566,3.628845114449075,4.6826946E-5,18.318188,0.0657263,0.15006988,0.010597829,0.13665411,0.036433015,0.20562676,0.064027436,0.6213502,0.008326051,0.09212312,0.017260302,0.26613525,0.061184406,null,null,null,null,"TWOGAUSSIANS",8,9.001733,0.6213502,0.008326051,0.4,0.0,0.23615454,0.024941813,0.15006988,0.010591064,0.4,0.0,0.17499359,0.020940688
375316653866487564,5969092015518933888,0.55878067,2272.704284677783,3.7612161191103235,9.665554E-6,17.787718,0.0049588354,0.24259356,0.0024730957,0.05401716,0.012394818,0.052997902,0.029099146,0.74248433,0.007250794,0.04331111,0.010596286,0.078096285,0.0129043525,0.078751765,0.00850021,0.24259356,0.0024730957,"TWOGAUSSIANS_WITH_ELLIPSOIDAL_ON_ECLIPSE1",9,2.719165,0.7425143,0.0059974967,0.24254222,0.0593392,0.23559849,0.012902168,0.24259356,0.0024730957,0.3024961,0.06941098,0.21050017,0.022408713
375316653866487564,5969092260357116800,0.492651,2249.6155125365935,3.011730620946787,2.4293304E-5,19.241863,0.135059,0.3180389,0.010356596,0.09334338,0.03795174,0.4490554,0.09698971,0.811394,0.010738273,0.10485129,0.033296183,0.3856455,0.13330875,null,null,null,null,"TWOGAUSSIANS",8,6.769392,0.3180389,0.010381699,0.4,0.0,0.41759142,0.08342337,0.811394,0.010738273,0.4,0.0,0.3541728,0.05599018
375316653866487564,5969092329076975488,0.47745866,2219.704964042535,3.9123605068415013,2.7260272E-5,19.229223,0.16794994,0.3752228,0.0032706338,0.13858317,0.036286294,0.45505518,0.15717658,0.8703292,0.0036837608,0.11010703,0.023508003,0.4163072,0.1508284,null,null,null,null,"TWOGAUSSIANS",8,2.4295216,0.3752328,0.003270791,0.4,0.0,0.34447977,0.019937595,0.8703292,0.0036837608,0.4,0.0,0.30707029,0.03263515
375316653866487564,5969092638313257216,0.50785595,2237.8472071087913,3.8306776158380025,1.2726702E-5,19.744041,0.0160043,0.24371041,0.0018034877,0.07340642,0.0039670276,0.5103152,0.018698331,0.74019706,0.012519875,0.09512259,0.020304857,0.3004291,0.06645148,null,null,null,null,"TWOGAUSSIANS",8,2.1036122,0.24371041,0.0018034877,0.4,9.192071E-4,0.5017469,0.018202454,0.74019706,0.012519875,0.4,0.0,0.29186022,0.07182207
375316653866487564,5969092672673081600,0.4729409,2266.1611635345425,2.8110461744660316,1.6894324E-5,19.088795,0.04827567,0.2694639,0.005722108,0.0950137,0.02449965,0.21000208,0.038813367,0.7576856,0.011838088,0.09509587,0.037165176,0.17696539,0.03665366,null,null,null,null,"TWOGAUSSIANS",8,2.3535116,0.2694639,0.00570509,0.4,0.0,0.19971856,0.024826648,0.7576856,0.011838088,0.4,0.0,0.16668195,0.01814676
375316653866487564,5969093084989944832,0.6522988,2256.4240450647976,0.6862555148539465,4.5980373E-6,17.156033,0.003374347,0.18841948,0.018281918,0.026544254,0.02483999,0.0556325,0.045039985,0.6920271,8.2578516E-4,0.03065924,0.0011264877,0.6885243,0.019524932,0.005896944,0.004957154,0.18841948,0.018281918,"TWOGAUSSIANS_WITH_ELLIPSOIDAL_ON_ECLIPSE1",9,4.939206,0.6920271,8.2548946E-4,0.17169175,0.0063083316,0.70031214,0.020264788,0.18841948,0.018281918,0.14864783,0.13910395,0.06742639,0.045774505
375316653866487564,5969093389908535808,0.60183585,2260.368302273632,1.2082435014981274,1.8965422E-5,17.830885,0.0026721875,0.23292829,0.010214101,0.04077084,0.005720893,0.8013717,0.12476854,0.7316615,0.0034540887,0.044992052,0.0033594081,0.11192636,0.004240651,null,null,null,null,"TWOGAUSSIANS",8,4.513336,0.23292829,0.010214101,0.2283167,0.032037,0.80137163,0.124768525,0.7316615,0.0034540887,0.25195548,0.018812684,0.11192634,0.0042406283
375316653866487564,5969093428588237952,0.443156,2230.22335292707,2.8496608197356985,1.5233708E-6,19.636599,0.005863082,0.25364262,0.011925973,0.025859114,0.044547897,0.01760051,3.14195498E16,0.79895407,6.405955E-5,5.1546056E-4,1.45814E-4,0.09395466,0.05167113,0.06514594,0.009325932,0.25364262,0.011925973,"TWOGAUSSIANS_WITH_ELLIPSOIDAL_ON_ECLIPSE1",9,2.9231257,0.79895407,6.405955E-5,0.0028865791,8.1655843E-4,0.213968,0.045114007,0.25364262,0.011925973,0.14481103,0.24946824,0.14789228,3.14195498E16
375316653866487564,5969093596065096576,0.58449763,2258.837285114671,2.381767173333108,6.053575E-6,18.364603,0.009773089,0.24501994,0.0016599424,0.0699345,0.0032647918,0.4987812,0.014701691,0.7427738,0.0018258841,0.071391,0.0024975212,0.5752505,0.016829072,null,null,null,null,"TWOGAUSSIANS",8,4.427142,0.7427738,0.0018258841,0.3997896,0.010122182,0.57331115,0.01669591,0.24501994,0.0016599424,0.39163324,0.018282834,0.49684185,0.014753801
375316653866487564,5969093664784113792,0.61337477,2270.544783896354,0.364290611434459,4.9023815E-6,15.477814,0.0016733608,0.29055557,7.8534E-4,0.02548274,6.9037994E-4,0.47608316,0.012365176,0.78900665,0.011120353,0.021663804,0.00906114,0.050778028,0.02121026,0.021542817,0.0033350883,0.29055557,7.8534E-4,"TWOGAUSSIANS_WITH_ELLIPSOIDAL_ON_ECLIPSE1",9,32.29492,0.29055557,7.8534E-4,0.14270334,0.0038661277,0.5191688,0.012540855,0.7890566,0.010991105,0.1213173,0.050742384,0.09385971,0.021374654
375316653866487564,5969094042759294976,0.5633297,2253.7299239035397,3.472163388300985,7.772142E-6,18.851494,0.008296768,0.23149855,0.0026993486,0.08750473,0.0040951385,0.33368295,0.010921601,0.74123317,0.009637354,0.078279205,0.0076021184,0.34380797,0.021899663,null,null,null,null,"TWOGAUSSIANS",8,2.0530016,0.74123317,0.009637354,0.4,0.0,0.33782607,0.022316987,0.23149855,0.0026993486,0.4,0.0,0.327701,0.010460454
375316653866487564,5969094283259474048,0.67295784,2271.894585464039,1.7853977883738008,2.9716318E-6,16.164146,0.0031768112,0.18348221,0.001042403,0.09211733,0.0014392564,0.32328027,0.0037323015,0.6789902,9.7171817E-4,0.086441584,0.001262022,0.37091038,0.0033901974,null,null,null,null,"TWOGAUSSIANS",8,3.9964137,0.6789902,9.7171817E-4,0.4,0.0,0.3581589,0.0025875492,0.18348221,0.001042403,0.4,0.0,0.31052858,0.0030261725
375316653866487564,5969094283259485184,0.45820644,2253.9261806042095,3.7511959478287533,3.4082754E-5,17.712412,0.007589195,0.22455646,0.011807297,0.07654271,0.020707296,0.08031968,0.0056671514,0.72434264,0.006943899,0.06568772,0.011358794,0.06836185,0.007751682,null,null,null,null,"TWOGAUSSIANS",8,3.991455,0.22455646,0.011807297,0.4,0.0153963175,0.080013156,0.005515683,0.72434264,0.006943899,0.36785126,0.06360925,0.068055324,0.0073685045
375316653866487564,5969094321968586752,0.6782837,2262.235754642515,1.4001939620525286,4.678476E-6,16.019424,0.007872592,0.24231257,6.6338555E-4,0.06030364,0.00240645,0.30496037,0.015754363,0.744255,0.0012268563,0.054585025,0.0020777863,0.34628606,0.016170606,0.11024975,0.008428235,0.24231257,6.6338555E-4,"TWOGAUSSIANS_WITH_ELLIPSOIDAL_ON_ECLIPSE1",9,11.51378,0.744255,0.0012268563,0.30567613,0.011635602,0.5666883,0.0046161516,0.24231257,6.6338555E-4,0.33770037,0.01347612,0.52539545,0.008817804
