Gaia/vari_eclipsing_binary/VariEclipsingBinary_678852-678873.csv
# %ECSV 1.0
# ---
# delimiter: ','
# meta: !!omap
# - RELEASE: Gaia DR3
# - TABLE: vari_eclipsing_binary
# - DESCRIPTION: >
#     This table describes the properties of the eclipsing binaries resulting from the variability analysis. 
# - CITATION: >
#     How to cite and acknowledge Gaia: 
#     https://gea.esac.esa.int/archive/documentation/credits.html 
# - KNOWN_ISSUES: >
#     Known issues: 
#     https://www.cosmos.esa.int/web/gaia-users/known-issues 
# - DOCUMENTATION: >
#     Tutorials and documentation: 
#     https://www.cosmos.esa.int/web/gaia-users/archive 
# datatype:
# - 
#   name: solution_id
#   datatype: int64
#   description: Solution Identifier
#   meta:
#     ucd: meta.version
# - 
#   name: source_id
#   datatype: int64
#   description: Unique source identifier
#   meta:
#     ucd: meta.id;meta.main
# - 
#   name: global_ranking
#   datatype: float32
#   description: Number between 0 (worst) and 1 (best)
#   meta:
#     ucd: stat.param
# - 
#   name: reference_time
#   datatype: float64
#   unit: d
#   description: Reference time used for the geometric model fit
#   meta:
#     ucd: time.epoch
# - 
#   name: frequency
#   datatype: float64
#   unit: d**-1
#   description: Frequency of geometric model of the eclipsing binary light curve
#   meta:
#     ucd: src.orbital
# - 
#   name: frequency_error
#   datatype: float32
#   unit: d**-1
#   description: "Uncertainty of \\texttt{frequency}"
#   meta:
#     ucd: stat.error
# - 
#   name: geom_model_reference_level
#   datatype: float32
#   unit: mag
#   description: Magnitude reference level of geometric model
#   meta:
#     ucd: phot.mag;em.opt
# - 
#   name: geom_model_reference_level_error
#   datatype: float32
#   unit: mag
#   description: "Uncertainty of \\texttt{geomModelReferenceLevel}"
#   meta:
#     ucd: stat.error;phot.mag;em.opt
# - 
#   name: geom_model_gaussian1_phase
#   datatype: float32
#   description: Phase of the Gaussian 1 component
#   meta:
#     ucd: time.phase
# - 
#   name: geom_model_gaussian1_phase_error
#   datatype: float32
#   description: "Uncertainty of \\texttt{geomModelGaussian1Phase}"
#   meta:
#     ucd: stat.error;time.phase
# - 
#   name: geom_model_gaussian1_sigma
#   datatype: float32
#   description: "Standard deviation [phase] of Gaussian 1 component"
#   meta:
#     ucd: stat.stdev
# - 
#   name: geom_model_gaussian1_sigma_error
#   datatype: float32
#   description: "Uncertainty of \\texttt{geomModelGaussian1Sigma}"
#   meta:
#     ucd: stat.error
# - 
#   name: geom_model_gaussian1_depth
#   datatype: float32
#   unit: mag
#   description: Magnitude depth of Gaussian 1 component
#   meta:
#     ucd: src.var.amplitude
# - 
#   name: geom_model_gaussian1_depth_error
#   datatype: float32
#   unit: mag
#   description: "Uncertainty of \\texttt{geomModelGaussian1Depth}"
#   meta:
#     ucd: stat.error;src.var.amplitude
# - 
#   name: geom_model_gaussian2_phase
#   datatype: float32
#   description: Phase of Gaussian 2 component
#   meta:
#     ucd: time.phase
# - 
#   name: geom_model_gaussian2_phase_error
#   datatype: float32
#   description: "Uncertainty of \\texttt{geomModelGaussian2Phase}"
#   meta:
#     ucd: stat.error;time.phase
# - 
#   name: geom_model_gaussian2_sigma
#   datatype: float32
[...]
#   datatype: float32
#   description: "Secondary eclipse: uncertainty of \\texttt{derivedSecondaryEclDuration}"
#   meta:
#     ucd: stat.error;time.duration
# - 
#   name: derived_secondary_ecl_depth
#   datatype: float32
#   unit: mag
#   description: "Secondary eclipse: depth"
#   meta:
#     ucd: src.var.amplitude
# - 
#   name: derived_secondary_ecl_depth_error
#   datatype: float32
#   unit: mag
#   description: "Secondary eclipse: uncertainty of \\texttt{derivedSecondaryEclDepth}"
#   meta:
#     ucd: stat.error;src.var.amplitude
solution_id,source_id,global_ranking,reference_time,frequency,frequency_error,geom_model_reference_level,geom_model_reference_level_error,geom_model_gaussian1_phase,geom_model_gaussian1_phase_error,geom_model_gaussian1_sigma,geom_model_gaussian1_sigma_error,geom_model_gaussian1_depth,geom_model_gaussian1_depth_error,geom_model_gaussian2_phase,geom_model_gaussian2_phase_error,geom_model_gaussian2_sigma,geom_model_gaussian2_sigma_error,geom_model_gaussian2_depth,geom_model_gaussian2_depth_error,geom_model_cosine_half_period_amplitude,geom_model_cosine_half_period_amplitude_error,geom_model_cosine_half_period_phase,geom_model_cosine_half_period_phase_error,model_type,num_model_parameters,reduced_chi2,derived_primary_ecl_phase,derived_primary_ecl_phase_error,derived_primary_ecl_duration,derived_primary_ecl_duration_error,derived_primary_ecl_depth,derived_primary_ecl_depth_error,derived_secondary_ecl_phase,derived_secondary_ecl_phase_error,derived_secondary_ecl_duration,derived_secondary_ecl_duration_error,derived_secondary_ecl_depth,derived_secondary_ecl_depth_error
[from data line 479]
375316653866487564,5971409682968037760,0.5134498,2226.3261797148934,1.55416880517143,2.2823817E-5,18.972029,0.051470153,0.31205678,0.008775698,0.10115546,0.02476466,0.2204923,0.05211345,0.80973125,0.006049444,0.101847954,0.0194637,0.24274974,0.04846861,null,null,null,null,"TWOGAUSSIANS",8,1.9109882,0.80973125,0.006047734,0.4,0.0,0.22108983,0.01349234,0.31205678,0.008792549,0.4,0.0,0.19883305,0.014187837
375316653866487564,5971409721615626752,0.5586093,2267.9825737184055,3.833650764102681,1.4969399E-5,18.110714,0.014290773,0.25437668,0.0030188416,0.046832904,0.008992111,0.23189472,0.04328206,0.7458558,0.010341873,0.031846266,0.016445538,0.22792684,0.12356366,0.12520544,0.020221857,0.25437668,0.0030188416,"TWOGAUSSIANS_WITH_ELLIPSOIDAL_ON_ECLIPSE1",9,8.586883,0.25437668,0.0030188416,0.26226425,0.05035582,0.4823053,0.03264314,0.74654585,0.00971441,0.1783391,0.09209502,0.47767818,0.13018484
375316653866487564,5971409790385728128,0.6382818,2256.603408723775,2.9695499887882537,5.3539025E-6,15.753572,0.009734814,0.24834771,8.430051E-4,0.050010663,0.002743901,0.37581462,0.019708266,0.7485585,0.0011988691,0.04383079,0.0028500769,0.22967291,0.02000018,0.11484702,0.011390317,0.24834771,8.430051E-4,"TWOGAUSSIANS_WITH_ELLIPSOIDAL_ON_ECLIPSE1",9,43.70206,0.24834771,8.430051E-4,0.2800597,0.0153658455,0.6055071,0.011685101,0.7485585,0.0011123721,0.24545242,0.01596043,0.45936492,0.007688604
375316653866487564,5971409893414482560,0.477562,2243.800261428127,3.0249499102304385,3.4954275E-5,19.326447,0.6701861,0.25491017,0.0058151577,0.17569482,0.088263206,0.78054273,0.6453921,0.7520227,0.004156031,0.14923513,0.04740295,0.7953842,0.6110161,null,null,null,null,"TWOGAUSSIANS",8,4.355616,0.7520227,0.004156031,0.4,0.0,0.35008436,0.026009127,0.2552502,0.006126765,0.4,0.0,0.31382403,0.023173958
375316653866487564,5971410507582061824,0.5254943,2236.2018200349858,3.3991349937688424,1.5753916E-5,17.639202,0.01391681,0.2900393,0.0041053724,0.10097594,0.007749503,0.15149593,0.014030099,0.80317855,0.0042616413,0.113599576,0.0106393965,0.1435321,0.013749134,null,null,null,null,"TWOGAUSSIANS",8,3.4148571,0.2900193,0.0041057067,0.4,0.0,0.13468532,0.0071299146,0.80317855,0.0042614234,0.4,0.0,0.12670314,0.0056034513
375316653866487564,5971410718051011712,0.58048636,2229.7546620856265,3.0262385061701127,1.1991875E-5,19.424679,0.0080229,0.25192878,0.0032801058,0.068264276,0.0035525998,0.6248155,0.010586579,0.75521296,0.002661702,0.067610405,0.002367342,0.6931188,0.013009441,null,null,null,null,"TWOGAUSSIANS",8,1.9581364,0.75521296,0.002661702,0.37861827,0.013257115,0.69173867,0.012853357,0.25192878,0.0032801058,0.38227993,0.019894559,0.6234353,0.010527769
375316653866487564,5971410855537378688,0.49860963,2277.874570880607,1.1693657458727484,1.981221E-5,18.149202,0.015662024,0.19413748,0.008895951,0.088751525,0.012897611,0.27702266,0.015712941,0.6643742,0.011428253,0.07331737,0.006676653,0.25511947,0.02022042,null,null,null,null,"TWOGAUSSIANS",8,14.1928625,0.19413748,0.008895951,0.4,0.0,0.27448043,0.01463895,0.6643742,0.011428253,0.4,0.011317612,0.25257745,0.018306471
375316653866487564,5971410885537346944,0.5145374,2276.589508375402,1.7523997535410134,1.2411362E-5,17.331486,0.045287132,0.20268425,0.0024904038,0.18828702,0.016057137,0.32600042,0.04199915,0.70113015,0.0031503136,0.16577303,0.015167208,0.3158124,0.040498614,null,null,null,null,"TWOGAUSSIANS",8,2.3031282,0.70113015,0.0031503136,0.4,0.0,0.100072525,0.0052609197,0.20310426,0.0025312165,0.4,0.0,0.09775818,0.004504256
375316653866487564,5971411061645432576,0.5412985,2257.148604083582,1.893626318391954,1.7300219E-5,19.494164,0.02662747,0.13945949,0.00562842,0.07918379,0.0071126455,0.5298313,0.033930752,0.63320893,0.005428045,0.083874635,0.0072157998,0.51909703,0.032558445,null,null,null,null,"TWOGAUSSIANS",8,3.211017,0.13945949,0.00562842,0.4,0.0,0.52137303,0.030281391,0.63320893,0.005428045,0.4,0.0,0.5106387,0.030449698
375316653866487564,5971411229131742208,0.47428873,2270.8665324638764,1.1828794965974343,2.0517271E-5,11.948911,0.014923342,0.22879452,0.008135604,0.118031725,0.021230513,0.03967224,0.013957698,0.71510595,0.0060494007,0.14394078,0.02849266,0.04744501,0.014653104,null,null,null,null,"TWOGAUSSIANS",8,39.710506,0.71510595,0.0060494007,0.4,0.0,0.034716066,0.0018403996,0.22941451,0.0079929335,0.4,0.0,0.027171578,0.0031542387
375316653866487564,5971411233444195456,0.5182775,2271.4995135051154,0.11441619257223483,2.8327406E-5,16.495546,0.0020522457,0.061851706,0.006561893,0.01718122,0.00509315,0.015462615,0.0038835136,0.22301106,0.003992351,0.009698192,0.002154094,0.25391543,0.06546802,0.0038546892,0.0030195462,0.22301106,0.003992351,"TWOGAUSSIANS_WITH_ELLIPSOIDAL_ON_ECLIPSE2",9,9.847611,0.22301106,0.003992351,0.054309875,0.012062926,0.26162478,0.06591015,0.0626917,0.0066329236,0.09621483,0.028521638,0.01764358,0.004417781
375316653866487564,5971411336573836416,0.5765437,2242.3735324040545,1.1125990568066046,1.7699218E-5,14.115858,0.004735416,0.2856525,0.011796634,0.05174627,0.01642843,0.29115838,0.03417347,0.7914904,0.005545273,0.040278953,0.0059253303,0.067579955,0.0051652826,null,null,null,null,"TWOGAUSSIANS",8,98.52252,0.2856525,0.011796634,0.28977913,0.0919992,0.2911583,0.0341783,0.7914904,0.005545273,0.22556214,0.03318185,0.06757987,0.0051626745
375316653866487564,5971412569162696960,0.5529544,2273.3030061692743,1.8684149799027527,1.3502175E-5,16.766603,0.018461674,0.18622565,0.0027831332,0.11447772,0.008823954,0.23635976,0.017158354,0.6840413,0.0035729993,0.100432016,0.0075150863,0.3138402,0.018594194,null,null,null,null,"TWOGAUSSIANS",8,9.735266,0.6840413,0.0035729993,0.4,0.0,0.27892172,0.018625477,0.18622565,0.0027831332,0.4,0.0,0.20140973,0.0061168536
375316653866487564,5971412607832431488,0.5543565,2251.464341212683,3.3963860469475695,8.275279E-6,19.22522,0.007955617,0.26342776,0.0031562636,0.0665183,0.0034868852,0.59295446,0.064796515,0.76442844,0.0029166588,0.060345173,0.0028136203,0.5664638,0.026691027,null,null,null,null,"TWOGAUSSIANS",8,2.512829,0.26342776,0.0031562636,0.37250248,0.019526558,0.5924785,0.06491049,0.76442844,0.0029166588,0.33793294,0.015756274,0.5659879,0.026750553
375316653866487564,5971412642195628544,0.55491394,2288.912287952784,0.3756928149234692,2.764128E-6,19.10891,0.0056756223,0.49873513,0.06351198,0.095022865,0.1026802,0.039909344,0.009859609,0.85610247,3.7698483E-4,0.014533793,4.1898087E-4,1.2113911,0.04513698,null,null,null,null,"TWOGAUSSIANS",8,2.2402909,0.85610247,3.7698483E-4,0.08138924,0.0023462928,1.211425,0.046170127,0.49873513,0.06351198,0.4,0.028674893,0.039909266,0.010182386
375316653866487564,5971413982274700672,0.50488216,2267.1149883807334,3.0951530838579444,2.2723296E-5,17.319843,0.48721862,0.21163565,0.012412627,0.13256943,0.07596272,0.16404817,0.44747147,0.6869818,0.010087109,0.1323736,0.06495792,0.1666924,0.42642692,null,null,null,null,"TWOGAUSSIANS",8,5.6970687,0.6869818,0.010087109,0.4,0.0,0.12046972,0.0058716964,0.21220565,0.008508443,0.4,0.0,0.11782572,0.0050955876
375316653866487564,5971414154024566912,0.48554647,2262.669659512712,0.4836181667845336,3.305607E-5,19.245893,0.0775953,0.20607004,0.002339305,0.02703032,0.0040912614,0.82608855,0.12817176,0.6596515,0.039203133,0.18479417,0.11752986,0.17447765,0.054178484,null,null,null,null,"TWOGAUSSIANS",8,5.4136734,0.20614004,0.002292172,0.1513698,0.022911064,0.8246274,0.13073407,0.6596515,0.039203133,0.4,0.0,0.16223,0.03243615
375316653866487564,5971414360189936256,0.4313261,2291.801603596676,3.20764877328661,4.39237E-5,18.925451,1.3804252,0.2672443,0.011177999,0.08230713,0.05569671,0.43846115,0.6346263,0.76536536,0.020955412,0.11445519,0.23052108,0.40837938,1.2990263,null,null,null,null,"TWOGAUSSIANS",8,35.96027,0.2672443,0.012546143,0.4,0.03476902,0.4065364,0.13584292,0.76536536,0.020955412,0.4,0.0,0.37639588,0.090751365
375316653866487564,5971414394542857728,0.49677896,2262.0936073080716,3.8345974763022403,2.7932472E-5,16.93822,0.16743565,0.3510731,0.010741633,0.15077579,0.083818845,0.17933503,0.15950516,0.83212954,0.007290504,0.110723265,0.029657261,0.18744795,0.13515767,null,null,null,null,"TWOGAUSSIANS",8,12.043437,0.83212954,0.007290504,0.4,0.0,0.13887171,0.007988237,0.35113308,0.010531887,0.4,0.0,0.12919225,0.012724894
375316653866487564,5971414768182866688,0.66036177,2271.4395875223654,1.7107577702191807,4.621782E-6,16.954327,0.0056563676,0.2474253,9.781705E-4,0.05623844,0.003655311,0.3097036,0.02396583,0.74572587,0.0012564431,0.04838577,0.0019746237,0.3491869,0.012593701,0.12066941,0.007623398,0.2474253,9.781705E-4,"TWOGAUSSIANS_WITH_ELLIPSOIDAL_ON_ECLIPSE1",9,4.7260313,0.74591583,0.0010718744,0.2709603,0.011057892,0.59048486,0.005743756,0.2474253,9.781705E-4,0.31493527,0.020469742,0.5510259,0.026759483
375316653866487564,5971414939990661120,0.53705066,2298.4086148115184,1.5421240598362829,1.6105218E-5,17.89777,0.046357486,0.26065525,0.004881295,0.13598083,0.02263645,0.20147228,0.04602965,0.74884576,0.0028216664,0.11072849,0.011640572,0.28888404,0.04301464,null,null,null,null,"TWOGAUSSIANS",8,2.838463,0.74884576,0.0028216664,0.4,0.0,0.23522724,0.008052292,0.26069525,0.0048474856,0.4,0.0,0.14735027,0.005307178
375316653866487564,5971414944298414464,0.54158354,2273.990391618708,3.3439195127495362,2.8600643E-5,19.874622,0.010240608,0.24290252,0.004508304,0.0706451,0.004480217,0.49685353,0.044392876,0.7365253,0.0019935751,0.06432606,0.0029670314,0.6933197,0.027675377,null,null,null,null,"TWOGAUSSIANS",8,1.4535679,0.7365253,0.0019935751,0.36022595,0.016615376,0.6922999,0.027822757,0.24290252,0.004508304,0.3956126,0.020665297,0.49583372,0.044587106
375316653866487564,5971415665859622272,0.4949969,2280.6395054532322,3.015841586751799,1.609256E-5,19.03497,0.019305749,0.2901441,0.009903056,0.08766051,0.01135729,0.3366871,0.019133545,0.7690936,0.0049080155,0.09235405,0.009680628,0.37731403,0.028017487,null,null,null,null,"TWOGAUSSIANS",8,5.739195,0.7690936,0.0049080155,0.4,0.0,0.3664941,0.030571954,0.2901441,0.009903056,0.4,0.0,0.3258676,0.013812925
375316653866487564,5971415867693805056,0.5763708,2308.9781337317604,0.8387880462262587,4.254713E-5,18.716791,0.0025135102,0.44377923,0.007305819,0.03847204,0.005018447,0.021935295,0.0055553652,0.7514164,0.004105546,0.02615596,0.0024208243,0.766951,0.1897316,null,null,null,null,"TWOGAUSSIANS",8,0.94077444,0.7514164,0.004105546,0.14647338,0.013556615,0.766951,0.1897316,0.44377923,0.007305819,0.21544342,0.028103303,0.021935295,0.0055553652
375316653866487564,5971416073852994560,0.5121971,2306.1048142343566,1.227523564593263,2.2027032E-5,18.53157,0.016591515,0.22971314,0.0032199514,0.076545544,0.007675151,0.26340312,0.016483936,0.727419,0.006846541,0.07805581,0.01496214,0.3281945,0.061370444,null,null,null,null,"TWOGAUSSIANS",8,4.7045536,0.727419,0.006846541,0.4,0.0,0.32519183,0.06516768,0.22971314,0.0032199514,0.4,0.0,0.26040044,0.0146277025
375316653866487564,5971416589249115904,0.6283635,2283.968760502052,1.3114253961114746,7.2397634E-6,16.700518,0.004778564,0.26952958,0.0026516607,0.10781108,0.0046721706,0.14729123,0.005342181,0.7650765,0.0016357271,0.08277877,0.0018285885,0.3612368,0.005469684,null,null,null,null,"TWOGAUSSIANS",8,3.469752,0.7650765,0.0016357271,0.4,0.0,0.34860206,0.0038072693,0.26952958,0.0026516607,0.4,0.0,0.13465007,0.0047633382
375316653866487564,5971416799724769536,0.47211128,2247.747069727269,2.7937953146737327,2.5142379E-5,19.306448,0.18971673,0.27071887,0.032819573,0.09543795,0.13749826,0.13815363,0.17833063,0.7415837,0.004683018,0.08235058,0.021596901,0.21038406,0.12276822,null,null,null,null,"TWOGAUSSIANS",8,2.0605571,0.7415837,0.004699036,0.4,0.0,0.20641132,0.017276164,0.27071887,0.032819573,0.4,0.0,0.13418016,0.022070676
375316653866487564,5971417143370651392,0.5281456,2269.016664465575,3.0470252045375665,2.097031E-5,17.871506,1.042015,0.27336597,0.018773578,0.12140116,0.08190885,0.18519196,0.69369876,0.7514639,0.009970831,0.14269151,0.1703786,0.22321935,1.0170538,null,null,null,null,"TWOGAUSSIANS",8,2.612245,0.7514639,0.009970831,0.4,0.0,0.16537139,0.008641433,0.27436596,0.010113807,0.4,0.0,0.12834513,0.009980455
375316653866487564,5971417310812593536,0.5833739,2276.905663406535,2.303943727943317,9.5663E-6,18.010216,0.0074776625,0.22341672,0.0019873937,0.07384437,0.0028356425,0.5219128,0.010283357,0.71949726,0.0014847051,0.07409602,0.0019695063,0.4859302,0.010113408,null,null,null,null,"TWOGAUSSIANS",8,6.3669553,0.22341672,0.0019873937,0.4,0.0,0.51886755,0.010143533,0.71949726,0.0014847051,0.4,0.0,0.48288494,0.009843843
375316653866487564,5971417727437772800,0.5009242,2257.243675139279,2.9819547227410257,3.2676355E-5,19.267143,0.03929341,0.25628588,0.011491934,0.11301933,0.019208552,0.3201128,0.038117487,0.750653,0.0074509345,0.08862408,0.019498391,0.27720493,0.031887475,null,null,null,null,"TWOGAUSSIANS",8,2.674756,0.25628588,0.011491934,0.4,0.0,0.29439744,0.012967432,0.750653,0.0074509345,0.4,0.0,0.25152633,0.03235667
375316653866487564,5971417727437823744,0.5701454,2299.1229361649084,1.4196550657651203,7.3235674E-6,18.45343,0.0071719876,0.26015928,0.0017958465,0.078345366,0.0030505685,0.3551967,0.008240239,0.77902895,0.003696685,0.08801781,0.005625222,0.1498848,0.007168746,null,null,null,null,"TWOGAUSSIANS",8,2.4777064,0.26015928,0.0017958465,0.4,0.0,0.35177413,0.00768876,0.77902895,0.003696685,0.4,0.0,0.14646216,0.0061223055
375316653866487564,5971417864925379072,0.57374334,2289.787093787582,2.9699458344262157,5.4077977E-6,17.022388,0.04978971,0.30664134,0.010445581,0.058620103,0.018459108,0.24205837,0.102251776,0.7897629,0.0015600533,0.06860954,0.013752679,0.31251577,0.09141481,0.05830552,0.056783848,0.7897629,0.0015600533,"TWOGAUSSIANS_WITH_ELLIPSOIDAL_ON_ECLIPSE2",9,16.622854,0.7897629,0.0015600533,0.38421345,0.06955598,0.4287316,0.03455722,0.30470136,0.008498696,0.32827258,0.10337101,0.35711735,0.018012716
375316653866487564,5971418032363216640,0.5941749,2257.5747123186675,2.859278669302662,5.993855E-6,17.79441,0.0086147655,0.25622398,0.0012687359,0.047112603,0.0024961971,0.4985796,0.02677574,0.7603989,0.002313286,0.041081455,0.0030811103,0.3753059,0.029903345,0.12481987,0.012342585,0.25622398,0.0012687359,"TWOGAUSSIANS_WITH_ELLIPSOIDAL_ON_ECLIPSE1",9,11.209328,0.25622398,0.0012687359,0.26383057,0.013978703,0.7482185,0.02561521,0.7603989,0.002313286,0.23005614,0.017254218,0.624773,0.029016465
375316653866487564,5971418242831299328,0.565289,2230.040077211194,1.1006389193002692,4.086295E-6,19.335224,0.006644355,0.3069347,6.7862327E-4,0.046303436,0.0014594799,0.52508783,0.018632926,0.80610806,0.018583087,0.05108169,0.011103658,0.11911007,0.021912655,null,null,null,null,"TWOGAUSSIANS",8,1.1945001,0.3069347,6.7862327E-4,0.25929925,0.008173088,0.525087,0.018632881,0.80610806,0.018583087,0.28605747,0.062180486,0.119109206,0.021911632
375316653866487564,5971418272875580288,0.516296,2248.6693060412526,4.79404253683936,3.6752946E-5,17.82818,0.0150661925,0.5006904,0.0066084065,0.16931282,0.013148673,0.28365317,0.014621545,0.88794374,0.005667313,0.009332037,0.007964371,0.044432677,0.029371025,null,null,null,null,"TWOGAUSSIANS",8,9.182851,0.5006904,0.0066084065,0.4,0.0,0.276407,0.01144622,0.88794374,0.005667313,0.052259408,0.04460048,0.058333375,0.030686805
375316653866487564,5971418375954717312,0.56177086,2281.016293576359,1.5920012830070625,1.8500541E-5,18.238707,0.007728071,0.30350265,0.0050531016,0.079640314,0.0055972114,0.29680616,0.010467602,0.80636835,0.0033011083,0.08282133,0.0037371109,0.3844705,0.009332742,null,null,null,null,"TWOGAUSSIANS",8,4.199244,0.80636835,0.0033011083,0.4,0.0,0.37884733,0.0080524795,0.30350265,0.0050531016,0.4,0.0,0.29118302,0.009522245
