Gaia/vari_eclipsing_binary/VariEclipsingBinary_225828-225982.csv
# %ECSV 1.0
# ---
# delimiter: ','
# meta: !!omap
# - RELEASE: Gaia DR3
# - TABLE: vari_eclipsing_binary
# - DESCRIPTION: >
#     This table describes the properties of the eclipsing binaries resulting from the variability analysis. 
# - CITATION: >
#     How to cite and acknowledge Gaia: 
#     https://gea.esac.esa.int/archive/documentation/credits.html 
# - KNOWN_ISSUES: >
#     Known issues: 
#     https://www.cosmos.esa.int/web/gaia-users/known-issues 
# - DOCUMENTATION: >
#     Tutorials and documentation: 
#     https://www.cosmos.esa.int/web/gaia-users/archive 
# datatype:
# - 
#   name: solution_id
#   datatype: int64
#   description: Solution Identifier
#   meta:
#     ucd: meta.version
# - 
#   name: source_id
#   datatype: int64
#   description: Unique source identifier
#   meta:
#     ucd: meta.id;meta.main
# - 
#   name: global_ranking
#   datatype: float32
#   description: Number between 0 (worst) and 1 (best)
#   meta:
#     ucd: stat.param
# - 
#   name: reference_time
#   datatype: float64
#   unit: d
#   description: Reference time used for the geometric model fit
#   meta:
#     ucd: time.epoch
# - 
#   name: frequency
#   datatype: float64
#   unit: d**-1
#   description: Frequency of geometric model of the eclipsing binary light curve
#   meta:
#     ucd: src.orbital
# - 
#   name: frequency_error
#   datatype: float32
#   unit: d**-1
#   description: "Uncertainty of \\texttt{frequency}"
#   meta:
#     ucd: stat.error
# - 
#   name: geom_model_reference_level
#   datatype: float32
#   unit: mag
#   description: Magnitude reference level of geometric model
#   meta:
#     ucd: phot.mag;em.opt
# - 
#   name: geom_model_reference_level_error
#   datatype: float32
#   unit: mag
#   description: "Uncertainty of \\texttt{geomModelReferenceLevel}"
#   meta:
#     ucd: stat.error;phot.mag;em.opt
# - 
#   name: geom_model_gaussian1_phase
#   datatype: float32
#   description: Phase of the Gaussian 1 component
#   meta:
#     ucd: time.phase
# - 
#   name: geom_model_gaussian1_phase_error
#   datatype: float32
#   description: "Uncertainty of \\texttt{geomModelGaussian1Phase}"
#   meta:
#     ucd: stat.error;time.phase
# - 
#   name: geom_model_gaussian1_sigma
#   datatype: float32
#   description: "Standard deviation [phase] of Gaussian 1 component"
#   meta:
#     ucd: stat.stdev
# - 
#   name: geom_model_gaussian1_sigma_error
#   datatype: float32
#   description: "Uncertainty of \\texttt{geomModelGaussian1Sigma}"
#   meta:
#     ucd: stat.error
# - 
#   name: geom_model_gaussian1_depth
#   datatype: float32
#   unit: mag
#   description: Magnitude depth of Gaussian 1 component
#   meta:
#     ucd: src.var.amplitude
# - 
#   name: geom_model_gaussian1_depth_error
#   datatype: float32
#   unit: mag
#   description: "Uncertainty of \\texttt{geomModelGaussian1Depth}"
#   meta:
#     ucd: stat.error;src.var.amplitude
# - 
#   name: geom_model_gaussian2_phase
#   datatype: float32
#   description: Phase of Gaussian 2 component
#   meta:
#     ucd: time.phase
# - 
#   name: geom_model_gaussian2_phase_error
#   datatype: float32
#   description: "Uncertainty of \\texttt{geomModelGaussian2Phase}"
#   meta:
#     ucd: stat.error;time.phase
# - 
#   name: geom_model_gaussian2_sigma
#   datatype: float32
[...]
#   datatype: float32
#   description: "Secondary eclipse: uncertainty of \\texttt{derivedSecondaryEclDuration}"
#   meta:
#     ucd: stat.error;time.duration
# - 
#   name: derived_secondary_ecl_depth
#   datatype: float32
#   unit: mag
#   description: "Secondary eclipse: depth"
#   meta:
#     ucd: src.var.amplitude
# - 
#   name: derived_secondary_ecl_depth_error
#   datatype: float32
#   unit: mag
#   description: "Secondary eclipse: uncertainty of \\texttt{derivedSecondaryEclDepth}"
#   meta:
#     ucd: stat.error;src.var.amplitude
solution_id,source_id,global_ranking,reference_time,frequency,frequency_error,geom_model_reference_level,geom_model_reference_level_error,geom_model_gaussian1_phase,geom_model_gaussian1_phase_error,geom_model_gaussian1_sigma,geom_model_gaussian1_sigma_error,geom_model_gaussian1_depth,geom_model_gaussian1_depth_error,geom_model_gaussian2_phase,geom_model_gaussian2_phase_error,geom_model_gaussian2_sigma,geom_model_gaussian2_sigma_error,geom_model_gaussian2_depth,geom_model_gaussian2_depth_error,geom_model_cosine_half_period_amplitude,geom_model_cosine_half_period_amplitude_error,geom_model_cosine_half_period_phase,geom_model_cosine_half_period_phase_error,model_type,num_model_parameters,reduced_chi2,derived_primary_ecl_phase,derived_primary_ecl_phase_error,derived_primary_ecl_duration,derived_primary_ecl_duration_error,derived_primary_ecl_depth,derived_primary_ecl_depth_error,derived_secondary_ecl_phase,derived_secondary_ecl_phase_error,derived_secondary_ecl_duration,derived_secondary_ecl_duration_error,derived_secondary_ecl_depth,derived_secondary_ecl_depth_error
[from data line 69]
375316653866487564,1986546378699249792,0.65714157,2167.685228614335,2.2445990395178685,2.0730338E-6,17.780394,0.006153756,0.22892754,8.345328E-4,0.04171211,0.0036242153,0.28497934,0.012912905,0.727837,0.0015871461,0.046761855,0.0026639055,0.24830894,0.014307085,0.15540859,0.008655139,0.22892754,8.345328E-4,"TWOGAUSSIANS_WITH_ELLIPSOIDAL_ON_ECLIPSE1",9,2.8426054,0.22892754,8.345328E-4,0.23358782,0.020295605,0.59579635,0.01165431,0.72802705,0.0012502081,0.2618664,0.014917871,0.5591139,0.008361708
375316653866487564,1986546486071766016,0.5873079,2162.3450801954377,4.041672992060821,6.567337E-6,19.108932,0.0062630945,0.2871596,0.0029270635,0.0621707,0.0032193745,0.55753,0.017445317,0.79326075,0.0017166532,0.068542704,0.0017635003,0.5177232,0.011957624,null,null,null,null,"TWOGAUSSIANS",8,2.0508616,0.2871596,0.0029270635,0.34815592,0.018028498,0.55693495,0.017517705,0.79326075,0.0017166532,0.38383913,0.009875602,0.5171282,0.011926162
375316653866487564,1986547035833252224,0.6230488,2148.181475922783,2.0986624742966575,7.413668E-6,15.702035,0.004916047,0.2390717,8.970223E-4,0.076740034,0.0018518579,0.30790126,0.0066707316,0.7356892,0.0025987527,0.078002214,0.0030788123,0.53754604,0.012274431,null,null,null,null,"TWOGAUSSIANS",8,40.834946,0.7356892,0.0025987527,0.4,0.0,0.5334541,0.012496587,0.2390717,8.970223E-4,0.4,0.0,0.30380937,0.0063510197
375316653866487564,1986548100987894272,0.5230253,2173.2215645891038,3.329617925282719,1.2789459E-5,18.254454,0.009327801,0.28100994,0.004501351,0.07939422,0.0074726604,0.241743,0.012831311,0.7709138,0.004868157,0.07775742,0.005401329,0.21830945,0.0136328675,null,null,null,null,"TWOGAUSSIANS",8,5.8253226,0.28100994,0.004501351,0.4,0.0,0.23937374,0.012992775,0.7709138,0.004868157,0.4,0.0,0.21594019,0.013140627
375316653866487564,1986549303570069632,0.4914148,2153.132473259444,3.8422010826021435,1.52039665E-5,19.048882,0.037740152,0.25317118,0.006898235,0.11072364,0.021075116,0.22430821,0.033921182,0.75347257,0.006852167,0.10470924,0.016674414,0.21944553,0.037001066,null,null,null,null,"TWOGAUSSIANS",8,2.3302166,0.25317118,0.006898235,0.4,0.0,0.19439267,0.011611275,0.75347257,0.0068537113,0.4,0.0,0.18954182,0.011675427
375316653866487564,1986551670099277568,0.58302194,2168.1962729906645,2.644300774279903,7.046305E-6,17.510992,0.028618855,0.21867478,0.004742333,0.055840123,0.012055949,0.14292647,0.06743197,0.7056373,0.0044810316,0.057002366,0.009370106,0.23855224,0.061187427,0.09944136,0.037169375,0.21867478,0.004742333,"TWOGAUSSIANS_WITH_ELLIPSOIDAL_ON_ECLIPSE1",9,11.107899,0.7079273,0.0029242916,0.31921324,0.052472595,0.43632427,0.016389698,0.21867478,0.004742333,0.31270468,0.06751332,0.34179646,0.019417223
375316653866487564,1986551914916187264,0.6560467,2180.5118544171905,1.7663285304335565,1.9250883E-6,14.127274,0.0034941651,0.22506402,0.0020927736,0.054709464,0.007585162,0.0476954,0.0076967482,0.72343755,8.809623E-4,0.051685486,0.0011115391,0.42165875,0.010948546,0.043633062,0.004000709,0.22506402,0.0020927736,"TWOGAUSSIANS_WITH_ELLIPSOIDAL_ON_ECLIPSE1",9,27.05808,0.7235076,8.179217E-4,0.28943872,0.0062246188,0.5089117,0.010657099,0.22506402,0.0020927736,0.306373,0.042476907,0.13495708,0.002439048
375316653866487564,1986552636464853248,0.50472456,2169.2798027308722,2.5020881053949324,1.3846176E-5,19.622173,0.008001573,0.19346741,0.005588733,0.07549571,0.009850647,0.1878907,0.02296151,0.69398826,0.00332507,0.06623159,0.0051575387,0.532943,0.05088524,null,null,null,null,"TWOGAUSSIANS",8,1.6772132,0.69398826,0.00332507,0.3708969,0.028882215,0.5317657,0.051457,0.19346741,0.005588733,0.4,0.0041036257,0.1867134,0.023482904
375316653866487564,1986555419609657728,0.5379586,2200.265733906694,0.63810190767656,6.9235416E-6,14.941958,0.0021927801,0.3586813,0.043477427,0.04134861,0.011586978,0.6853517,1.0626557,0.85185367,0.0031454596,0.03045816,0.0038202505,0.06507175,0.0061885607,0.0075881416,0.0029052526,0.85185367,0.0031454596,"TWOGAUSSIANS_WITH_ELLIPSOIDAL_ON_ECLIPSE2",9,28.863379,0.3586613,0.04340876,0.23155221,0.06488708,0.70050013,1.061681,0.85185367,0.0031454596,0.1705657,0.021393403,0.08024799,0.003929894
375316653866487564,1986562257197672448,0.53052735,2187.4213991571846,4.14969041143748,7.453537E-6,19.106766,0.011634403,0.30200648,0.0032951995,0.070658274,0.004100207,0.4368543,0.016597256,0.78385293,0.0020451113,0.07940751,0.003187816,0.4685474,0.01331109,null,null,null,null,"TWOGAUSSIANS",8,3.859139,0.78385293,0.0020451113,0.4,0.0,0.4662143,0.012815925,0.30200648,0.0032951995,0.39568633,0.018851742,0.4345212,0.016352741
375316653866487564,1986562463355726464,0.55473053,2205.647485584971,0.5601778496903955,5.3477E-6,15.46655,0.0023829993,0.27255175,0.014032486,0.01937413,0.0057700374,0.6464697,0.23561214,0.79291064,0.0042936904,0.014950405,0.0039998,0.024550747,0.010081167,0.0043465686,0.0038397717,0.27255175,0.014032486,"TWOGAUSSIANS_WITH_ELLIPSOIDAL_ON_ECLIPSE1",9,36.073486,0.27255175,0.014032486,0.10849513,0.03231221,0.6551629,0.23458894,0.79291064,0.0042936904,0.08372227,0.02239888,0.03310241,0.009171719
375316653866487564,1986564421860788992,0.5601985,2146.940820962646,0.38086897218584215,3.1972656E-6,13.913884,5.305259E-4,0.17094636,6.986711E-4,0.019172968,4.8346922E-4,0.1164455,0.0042659533,0.6533894,0.03051506,0.03431703,0.023825154,0.010733478,0.0058590085,0.0036738964,7.804478E-4,0.17094636,6.986711E-4,"TWOGAUSSIANS_WITH_ELLIPSOIDAL_ON_ECLIPSE1",9,10.977478,0.17094636,6.986711E-4,0.107368626,0.0027074276,0.12379329,0.004241781,0.6544294,0.029059682,0.19217537,0.13342085,0.017997488,0.0056146383
375316653866487564,1986566930121682432,0.45339733,2147.295849059452,1.2120847368347187,2.6393998E-5,15.75976,0.007383783,0.22280253,0.011720701,0.07227868,0.015559553,0.029684985,0.008171723,0.7187894,0.017499456,0.09585571,0.02882908,0.06441839,0.009084897,null,null,null,null,"TWOGAUSSIANS",8,19.779356,0.7187894,0.017499456,0.4,0.0,0.06339936,0.009270656,0.22280253,0.011720701,0.4,0.0556753,0.028666116,0.006933197
375316653866487564,1986570125577457024,0.5398061,2174.624161978389,0.9734449130229068,3.749729E-6,15.757561,0.0028818778,0.3149147,0.011200156,0.016900333,0.006926478,0.358445,0.14485526,0.81895137,0.0010420638,0.015789896,9.3096425E-4,0.42639872,0.011194201,null,null,null,null,"TWOGAUSSIANS",8,88.41921,0.81895137,0.0010420638,0.08842342,0.0052134,0.42639872,0.011194201,0.3149147,0.011200156,0.094641864,0.038788278,0.358445,0.14485526
375316653866487564,1986570640973517568,0.5748481,2163.243411019914,0.28357134036524906,2.817228E-6,14.587481,2.4385014E-4,0.48468086,4.343623E-4,0.01598801,0.0011509191,0.049010985,0.0015379685,0.77452993,0.0036095749,0.02086945,0.009043214,0.05436488,5.8377995,4.2677246E-5,3.2259827E-4,0.77452993,0.0036095749,"TWOGAUSSIANS_WITH_ELLIPSOIDAL_ON_ECLIPSE2",9,2.1029317,0.77452993,0.0036095749,0.11686892,0.050642,0.05445023,5.837842,0.48468086,4.3425962E-4,0.08953286,0.006445147,0.049016226,0.0015417977
375316653866487564,1986574794203915008,0.4635077,2146.4828049513358,3.8052423139157043,1.8686565E-4,19.864056,0.029509112,0.22933348,0.006022259,0.05346984,0.030086074,0.15630762,0.017828558,0.7193266,0.015100049,0.044209894,0.041678064,0.31118876,0.060804043,null,null,null,null,"TWOGAUSSIANS",8,4.1379848,0.7193266,0.015100049,0.24757542,0.1522754,0.31118825,0.06334701,0.22933348,0.006022259,0.2994311,0.12554805,0.15630712,0.018125512
375316653866487564,1986578165756506240,0.5052101,2197.487440570784,1.7612391277130879,4.3332126E-5,15.488429,0.0016894002,0.16658859,0.0048279213,0.012359955,0.0023758546,0.3295824,0.30536693,0.45693627,0.00841675,0.040204566,0.008872681,0.025456337,0.013044904,null,null,null,null,"TWOGAUSSIANS",8,23.822704,0.16658859,0.0048279213,0.06921575,0.013304786,0.3295824,0.30536693,0.45693627,0.00841675,0.22514556,0.049687013,0.025456337,0.013044904
375316653866487564,1986584487948648704,0.43383008,2183.9719072251823,3.1032354498633645,2.9493622E-5,18.32648,0.008093717,0.3226416,0.016085716,0.0627327,0.014141488,0.0981327,0.01692896,0.8066766,0.006292048,0.06132439,0.009302846,0.10628881,0.011751341,null,null,null,null,"TWOGAUSSIANS",8,9.442573,0.8066766,0.006292048,0.3434166,0.052095935,0.10625301,0.011741863,0.3226416,0.016085716,0.3513031,0.07919233,0.0980969,0.016916437
375316653866487564,1986588782916108288,0.50238293,2169.274613315272,1.3334204647462964,3.1160183E-5,18.525715,0.0068335254,0.24888276,0.0090794545,0.032724623,0.027323563,0.55397576,0.4401357,0.74937373,0.0078071575,0.03354948,0.009188651,0.16933319,0.052103892,null,null,null,null,"TWOGAUSSIANS",8,7.5357094,0.24888276,0.0090794545,0.1832579,0.15301196,0.55397576,0.44013593,0.74937373,0.0078071575,0.18787707,0.051456448,0.16933319,0.052103892
375316653866487564,1986589985506983296,0.600646,2163.545793592093,3.67504436346831,4.9451655E-6,14.641943,9.807794E-4,0.2567642,0.0019045691,0.048616678,0.005539004,0.028164001,0.0041004126,0.7517513,0.002029423,0.049697634,0.0031482992,0.040371813,0.0023407612,0.019609706,0.0015405269,0.2567642,0.0019045691,"TWOGAUSSIANS_WITH_ELLIPSOIDAL_ON_ECLIPSE1",9,4.8852077,0.7525513,0.0015906225,0.27830675,0.017630477,0.0795583,0.0011204338,0.2567642,0.0019045691,0.2722534,0.031018423,0.06738319,0.0041242996
375316653866487564,1986598502419427200,0.430592,2177.7957730121807,0.03177307067011867,2.0192085E-5,19.57506,0.010038501,0.20208976,0.011287755,0.04094706,0.005537089,0.2558177,0.097565226,0.52976394,0.0101571735,0.1301273,0.015852263,0.30707523,0.047161054,null,null,null,null,"TWOGAUSSIANS",8,4.7642913,0.52976394,0.0101571735,0.4,0.0,0.30666795,0.047751755,0.20376976,0.011646792,0.22930354,0.0310077,0.26851332,0.09664568
375316653866487564,1986600843184260608,0.5625283,2137.1887735684236,2.5389604409022226,7.827998E-6,17.391972,0.0250496,0.29407045,0.0031582457,0.057167206,0.00874674,0.19235072,0.0686467,0.79118955,0.008320179,0.05539276,0.013443891,0.217883,0.05741814,0.15803821,0.03563033,0.29407045,0.0031582457,"TWOGAUSSIANS_WITH_ELLIPSOIDAL_ON_ECLIPSE1",9,31.98933,0.79193956,0.0059340224,0.31019947,0.075285785,0.53386277,0.02857763,0.29407045,0.0031582457,0.32013637,0.04898175,0.5084071,0.027063053
375316653866487564,1986602320648088064,0.5349098,2128.44644190945,3.0609737503540346,1.7233862E-5,18.949873,0.005076412,0.22735511,0.005641498,0.07257841,0.00713048,0.22888158,0.015154463,0.723375,0.0023606676,0.0651629,0.0025534316,0.29742774,0.0089521045,null,null,null,null,"TWOGAUSSIANS",8,2.241316,0.723375,0.0023606676,0.3649122,0.014299217,0.29678756,0.008898198,0.22735511,0.005641498,0.4,0.023567412,0.22824143,0.015296017
375316653866487564,1986604446654353920,0.49109268,2157.776143270014,3.3467926032711475,2.9160112E-5,18.43255,0.05362614,0.27976602,0.008238394,0.10191264,0.025570324,0.18584946,0.050234556,0.7808024,0.006161644,0.123887286,0.026044594,0.20565662,0.05275022,null,null,null,null,"TWOGAUSSIANS",8,4.783191,0.7808024,0.006156471,0.4,0.0,0.1723174,0.010268263,0.27975604,0.008352757,0.4,0.0,0.15262753,0.01962387
375316653866487564,1986607916989004800,0.4316256,2190.3494900783785,1.734224579511401,5.917043E-6,18.462458,0.1370915,0.44526455,0.011347261,0.24108675,0.11577384,0.16139548,0.12793049,0.683736,4.7981783E-4,0.0029963253,0.0017584563,0.21695024,2.1765463,null,null,null,null,"TWOGAUSSIANS",8,6.454102,0.683736,4.7981783E-4,0.016779423,0.009847356,0.27942654,2.1792533,0.44526455,0.011347261,0.4,0.0,0.12387785,0.0126278605
375316653866487564,1986609604917798400,0.6923497,2170.978516977826,0.5998033291549878,5.7988134E-5,15.934566,0.0013530301,0.42328334,0.030011369,0.16307655,0.051727884,0.0060063484,0.0015508238,0.78216296,9.5650833E-4,0.0238603,0.0018655884,0.57946897,0.0503646,null,null,null,null,"TWOGAUSSIANS",8,1.667344,0.78216296,9.5650833E-4,0.13361768,0.010447294,0.5798957,0.050340068,0.42328334,0.030011369,0.4,0.0,0.0058971057,0.0014763211
375316653866487564,1986609841134516992,0.53472525,2186.3378080724356,2.778271696438433,4.043207E-6,17.30013,0.004555919,0.26874864,0.0022188735,0.056888737,0.011292024,0.064850956,0.019670846,0.8306402,2.5116574E-4,0.0037172823,5.080817E-4,0.1977021,0.04380333,0.13124034,0.0066069695,0.26874864,0.0022188735,"TWOGAUSSIANS_WITH_ELLIPSOIDAL_ON_ECLIPSE1",9,19.49754,0.8306402,2.5116574E-4,0.02081678,0.0028452573,0.42244542,0.048187766,0.26874864,0.0022188735,0.31857693,0.063235335,0.32732686,0.016941488
375316653866487564,1986612800373286784,0.52808315,2134.8640601566713,3.5169471862295856,1.2156261E-5,17.202076,0.015151543,0.22735195,0.0035357869,0.09488028,0.0068360716,0.26410162,0.014822549,0.72637105,0.0049867923,0.090390086,0.01133284,0.2687378,0.012448654,null,null,null,null,"TWOGAUSSIANS",8,16.295906,0.72637105,0.0049867923,0.4,0.0,0.25497994,0.011475085,0.22735195,0.0035357869,0.4,0.0,0.25034338,0.0081175
375316653866487564,1986614754577551488,0.4800388,2181.746735492025,0.9310100424321156,9.952038E-7,18.945326,0.0028899976,0.7464242,9.3250645E-5,0.007862234,2.1788801E-4,0.45654038,0.0012360926,null,null,null,null,null,null,null,null,null,null,"ONEGAUSSIAN",5,2.3779278,0.7464242,9.3250645E-5,0.04402851,0.0012201729,0.45654038,0.0,null,null,null,null,null,null
375316653866487564,1986614926376238464,0.5345015,2187.8972240669973,1.2375595704207687,7.252238E-6,18.549814,0.004689913,0.15136054,8.575872E-4,0.024436373,0.0017082695,0.6454208,0.13535719,0.8509211,0.003957835,0.019889304,0.0042641596,0.078775704,0.07459462,null,null,null,null,"TWOGAUSSIANS",8,4.2163486,0.15136054,8.575872E-4,0.1368437,0.009566309,0.6454208,0.13535719,0.8509211,0.003957835,0.1113801,0.023879295,0.078775704,0.07459462
375316653866487564,1986618293630203264,0.55676776,2134.8330640345175,3.522169494659397,6.7347787E-6,17.784975,0.0069608176,0.33045542,0.0027344488,0.08278183,0.0041790274,0.31703213,0.012719214,0.8292703,0.0031752747,0.08598479,0.004439249,0.24202901,0.008651298,null,null,null,null,"TWOGAUSSIANS",8,5.6959047,0.33045542,0.0027344488,0.4,0.0,0.31032303,0.013371452,0.8292703,0.0031752747,0.4,0.0,0.2353199,0.007889946
375316653866487564,1986619805459821056,0.4663366,2190.323720557936,3.375070669310583,4.6427856E-5,19.826687,0.00653032,0.100380555,0.007391904,0.032140046,0.0058229235,0.115141466,0.03327787,0.8124363,0.013557186,0.02031719,0.013169311,2.3698459,2.1471527,null,null,null,null,"TWOGAUSSIANS",8,2.0523698,0.8124363,0.013557186,0.11377626,0.07374814,2.3698459,2.1471527,0.100380555,0.007391904,0.17998426,0.03260837,0.115141466,0.03327787
375316653866487564,1986624242166964992,0.65075254,2146.0582147345995,1.7453035164918438,2.7399751E-6,14.882405,0.005507433,0.23856078,9.932403E-4,0.040468454,0.0020122363,0.27576283,0.010861346,0.7371347,8.9728093E-4,0.040023573,9.789136E-4,0.70455337,0.015528251,0.07542673,0.0061977943,0.23856078,9.932403E-4,"TWOGAUSSIANS_WITH_ELLIPSOIDAL_ON_ECLIPSE1",9,59.68008,0.7371747,8.6367E-4,0.224132,0.0054819165,0.85539496,0.010442485,0.23856078,9.932403E-4,0.22662334,0.011268523,0.42661622,0.0061598835
375316653866487564,1986625513473817472,0.5540524,2139.9168114393906,0.9057964584663883,1.9453752E-5,19.506346,0.012340296,0.27041835,0.0012157358,0.032169763,0.0011896379,0.8086023,0.034706872,0.7581352,0.012511543,0.05970983,0.029276147,0.09838111,0.016992392,null,null,null,null,"TWOGAUSSIANS",8,2.3786123,0.27041835,0.0012157358,0.18015067,0.0066619725,0.8086022,0.034705836,0.7581352,0.012511543,0.33437505,0.14079137,0.09838104,0.016993428
375316653866487564,1986625650916225408,0.6076049,2185.2962641760237,3.293067960578369,4.9472187E-6,17.992302,0.015880562,0.26430556,0.0015766856,0.05513999,0.0072197146,0.29212898,0.02860814,0.7687889,0.001625892,0.051219065,0.0038366057,0.41042775,0.032694332,0.06648822,0.018287322,0.26430556,0.0015766856,"TWOGAUSSIANS_WITH_ELLIPSOIDAL_ON_ECLIPSE1",9,5.4921913,0.7687889,0.001625892,0.28682676,0.021484992,0.54328674,0.014481924,0.26430556,0.0015766856,0.30878395,0.0404304,0.4250935,0.026088063
