Gaia/vari_eclipsing_binary/VariEclipsingBinary_607372-607409.csv
# %ECSV 1.0
# ---
# delimiter: ','
# meta: !!omap
# - RELEASE: Gaia DR3
# - TABLE: vari_eclipsing_binary
# - DESCRIPTION: >
#     This table describes the properties of the eclipsing binaries resulting from the variability analysis. 
# - CITATION: >
#     How to cite and acknowledge Gaia: 
#     https://gea.esac.esa.int/archive/documentation/credits.html 
# - KNOWN_ISSUES: >
#     Known issues: 
#     https://www.cosmos.esa.int/web/gaia-users/known-issues 
# - DOCUMENTATION: >
#     Tutorials and documentation: 
#     https://www.cosmos.esa.int/web/gaia-users/archive 
# datatype:
# - 
#   name: solution_id
#   datatype: int64
#   description: Solution Identifier
#   meta:
#     ucd: meta.version
# - 
#   name: source_id
#   datatype: int64
#   description: Unique source identifier
#   meta:
#     ucd: meta.id;meta.main
# - 
#   name: global_ranking
#   datatype: float32
#   description: Number between 0 (worst) and 1 (best)
#   meta:
#     ucd: stat.param
# - 
#   name: reference_time
#   datatype: float64
#   unit: d
#   description: Reference time used for the geometric model fit
#   meta:
#     ucd: time.epoch
# - 
#   name: frequency
#   datatype: float64
#   unit: d**-1
#   description: Frequency of geometric model of the eclipsing binary light curve
#   meta:
#     ucd: src.orbital
# - 
#   name: frequency_error
#   datatype: float32
#   unit: d**-1
#   description: "Uncertainty of \\texttt{frequency}"
#   meta:
#     ucd: stat.error
# - 
#   name: geom_model_reference_level
#   datatype: float32
#   unit: mag
#   description: Magnitude reference level of geometric model
#   meta:
#     ucd: phot.mag;em.opt
# - 
#   name: geom_model_reference_level_error
#   datatype: float32
#   unit: mag
#   description: "Uncertainty of \\texttt{geomModelReferenceLevel}"
#   meta:
#     ucd: stat.error;phot.mag;em.opt
# - 
#   name: geom_model_gaussian1_phase
#   datatype: float32
#   description: Phase of the Gaussian 1 component
#   meta:
#     ucd: time.phase
# - 
#   name: geom_model_gaussian1_phase_error
#   datatype: float32
#   description: "Uncertainty of \\texttt{geomModelGaussian1Phase}"
#   meta:
#     ucd: stat.error;time.phase
# - 
#   name: geom_model_gaussian1_sigma
#   datatype: float32
#   description: "Standard deviation [phase] of Gaussian 1 component"
#   meta:
#     ucd: stat.stdev
# - 
#   name: geom_model_gaussian1_sigma_error
#   datatype: float32
#   description: "Uncertainty of \\texttt{geomModelGaussian1Sigma}"
#   meta:
#     ucd: stat.error
# - 
#   name: geom_model_gaussian1_depth
#   datatype: float32
#   unit: mag
#   description: Magnitude depth of Gaussian 1 component
#   meta:
#     ucd: src.var.amplitude
# - 
#   name: geom_model_gaussian1_depth_error
#   datatype: float32
#   unit: mag
#   description: "Uncertainty of \\texttt{geomModelGaussian1Depth}"
#   meta:
#     ucd: stat.error;src.var.amplitude
# - 
#   name: geom_model_gaussian2_phase
#   datatype: float32
#   description: Phase of Gaussian 2 component
#   meta:
#     ucd: time.phase
# - 
#   name: geom_model_gaussian2_phase_error
#   datatype: float32
#   description: "Uncertainty of \\texttt{geomModelGaussian2Phase}"
#   meta:
#     ucd: stat.error;time.phase
# - 
#   name: geom_model_gaussian2_sigma
#   datatype: float32
[...]
#   datatype: float32
#   description: "Secondary eclipse: uncertainty of \\texttt{derivedSecondaryEclDuration}"
#   meta:
#     ucd: stat.error;time.duration
# - 
#   name: derived_secondary_ecl_depth
#   datatype: float32
#   unit: mag
#   description: "Secondary eclipse: depth"
#   meta:
#     ucd: src.var.amplitude
# - 
#   name: derived_secondary_ecl_depth_error
#   datatype: float32
#   unit: mag
#   description: "Secondary eclipse: uncertainty of \\texttt{derivedSecondaryEclDepth}"
#   meta:
#     ucd: stat.error;src.var.amplitude
solution_id,source_id,global_ranking,reference_time,frequency,frequency_error,geom_model_reference_level,geom_model_reference_level_error,geom_model_gaussian1_phase,geom_model_gaussian1_phase_error,geom_model_gaussian1_sigma,geom_model_gaussian1_sigma_error,geom_model_gaussian1_depth,geom_model_gaussian1_depth_error,geom_model_gaussian2_phase,geom_model_gaussian2_phase_error,geom_model_gaussian2_sigma,geom_model_gaussian2_sigma_error,geom_model_gaussian2_depth,geom_model_gaussian2_depth_error,geom_model_cosine_half_period_amplitude,geom_model_cosine_half_period_amplitude_error,geom_model_cosine_half_period_phase,geom_model_cosine_half_period_phase_error,model_type,num_model_parameters,reduced_chi2,derived_primary_ecl_phase,derived_primary_ecl_phase_error,derived_primary_ecl_duration,derived_primary_ecl_duration_error,derived_primary_ecl_depth,derived_primary_ecl_depth_error,derived_secondary_ecl_phase,derived_secondary_ecl_phase_error,derived_secondary_ecl_duration,derived_secondary_ecl_duration_error,derived_secondary_ecl_depth,derived_secondary_ecl_depth_error
[from data line 37]
375316653866487564,5342516111660271232,0.55465,2247.6904023133407,0.23562295249618112,2.888928E-5,12.911168,7.8079436E-4,0.17246416,0.013952299,0.030238343,0.017957555,0.030234307,0.0032198352,0.7082001,0.0058008237,0.014390779,0.005084004,0.11258743,0.015332209,0.009452315,0.0013210536,0.7082001,0.0058008237,"TWOGAUSSIANS_WITH_ELLIPSOIDAL_ON_ECLIPSE2",9,23.304209,0.7082001,0.0058008237,0.08058836,0.028470421,0.13149202,0.014098059,0.17396416,0.012320172,0.16933472,0.10056231,0.048240356,0.0031282173
375316653866487564,5342516249099253376,0.54201,2257.316947248485,0.6648483434074711,2.7721064E-5,17.604534,0.0016231546,0.22868495,0.021426775,0.02617561,0.031762447,0.017271832,26.03504,0.6607774,3.0514438E-4,0.0052042375,1.04002014E-4,0.6879361,0.03980705,null,null,null,null,"TWOGAUSSIANS",8,2.4776125,0.6607774,3.0514438E-4,0.02914373,5.824113E-4,0.6879361,0.03980705,0.22868495,0.021426775,0.14658342,0.1778697,0.017271832,26.03504
375316653866487564,5342516416569260160,0.46180502,2256.691203554614,2.424840015667108,1.8162742E-5,18.205767,0.034548745,0.2718758,0.0059298007,0.09396003,0.02102269,0.27202845,0.02629894,0.75902253,0.012694811,0.089075565,0.007947529,0.24837454,0.043692354,null,null,null,null,"TWOGAUSSIANS",8,18.952295,0.2718758,0.0059298007,0.4,0.0,0.26176092,0.027028661,0.75902253,0.012694811,0.4,0.0,0.23810741,0.03761626
375316653866487564,5342516592696678912,0.4235661,2222.400137877027,1.4784764457554935,3.4370765E-5,19.565147,0.009850096,0.35488293,0.024569517,0.044577397,0.01394432,0.23807307,0.22348031,0.8438027,0.005728424,0.043355092,0.005406869,0.16987042,0.029405396,null,null,null,null,"TWOGAUSSIANS",8,7.5396457,0.35488293,0.024569517,0.24963342,0.078088194,0.23807305,0.22348033,0.8438027,0.005728424,0.24278852,0.030278467,0.1698704,0.029405411
375316653866487564,5342517245534174976,0.55422425,2233.9779488151294,1.794573305419921,5.864216E-6,19.564379,0.010370133,0.22735676,0.0046245432,0.043609995,0.0050349007,0.62982637,0.030069575,0.73123235,0.0018697116,0.05284546,0.0025877657,0.70276433,0.028611463,null,null,null,null,"TWOGAUSSIANS",8,2.8055246,0.73123235,0.0018697116,0.2959346,0.014491487,0.7027628,0.028612219,0.22735676,0.0046245432,0.24421598,0.028195444,0.62982476,0.030072944
375316653866487564,5342517554769362432,0.43641952,2257.840743729186,0.5738230777161731,4.4315613E-5,17.332117,0.0038386437,0.25098547,0.009562311,0.030044261,0.0048306757,0.074927755,0.01344872,0.7583885,0.007498321,0.029568866,0.005049654,0.08973619,0.012600415,null,null,null,null,"TWOGAUSSIANS",8,12.3140135,0.7583885,0.007498321,0.16558565,0.028278062,0.08973619,0.012600415,0.25098547,0.009562311,0.16824786,0.027051782,0.074927755,0.01344872
375316653866487564,5342518516842303488,0.604151,2224.6884223723932,2.4438939339903274,5.480798E-6,15.913872,0.013427775,0.24123389,0.0015021757,0.066980846,0.007120929,0.11578376,0.030040994,0.72297484,0.0045664916,0.06192185,0.009548509,0.12707911,0.028293518,0.08439797,0.01691389,0.24123389,0.0015021757,"TWOGAUSSIANS_WITH_ELLIPSOIDAL_ON_ECLIPSE1",9,19.818466,0.7282048,0.00280638,0.34676236,0.053471647,0.29417482,0.0123255765,0.24123389,0.0015021757,0.37509274,0.039877202,0.28446063,0.006154291
375316653866487564,5342519302789189120,0.5111665,2230.415039493819,0.6029433062460428,1.2255285E-4,18.554981,0.0040431977,0.25276366,0.0014088764,0.03329408,0.0019194373,0.45608142,0.022952791,0.74613166,0.020698186,0.083403245,0.030665543,0.09196962,0.12578514,null,null,null,null,"TWOGAUSSIANS",8,4.0618067,0.25276366,0.0014088764,0.18644686,0.010748849,0.45606083,0.022959983,0.74613166,0.020698186,0.4,0.05604543,0.091949,0.12581974
375316653866487564,5342519650699643904,0.42245138,2253.0789904864478,0.08188508514724102,3.1445074E-5,19.492134,0.012067721,0.46399182,0.01472981,0.06668351,0.017620867,0.15222384,0.02404519,0.88359916,0.0038555658,0.03965429,0.011731874,0.21693677,0.07727333,null,null,null,null,"TWOGAUSSIANS",8,4.696621,0.88359916,0.0038555658,0.22206402,0.06569849,0.21693666,0.07727393,0.46399182,0.01472981,0.37342766,0.09791801,0.15222372,0.024045318
375316653866487564,5342519886904230272,0.41504943,2207.241661521703,1.7077681158606512,1.07889275E-4,18.378328,0.009588473,0.28495532,0.026518261,0.078607775,0.031742077,0.05263075,0.012755418,0.81214356,0.013220658,0.06122381,0.008439669,0.10777252,0.019720886,null,null,null,null,"TWOGAUSSIANS",8,11.282753,0.81214356,0.013220658,0.34285334,0.04726215,0.1076564,0.019610984,0.28495532,0.026518261,0.4,0.06766103,0.05251462,0.012648508
375316653866487564,5342519925577984768,0.5247626,2174.14707460589,2.9835972344893897,1.1466001E-5,18.315842,0.027084604,0.19122429,0.0037051751,0.10615798,0.013002558,0.26866746,0.022249406,0.6886444,0.004894268,0.10004557,0.010037052,0.26289317,0.027175605,null,null,null,null,"TWOGAUSSIANS",8,4.3065953,0.19122429,0.0037051751,0.4,0.0,0.24140875,0.011506346,0.6886444,0.004894268,0.4,0.0,0.23564069,0.010796671
375316653866487564,5342519925591626624,0.47132024,2251.835449394545,0.051525813379333936,1.183567E-5,15.754158,0.098372035,0.26534006,0.0056817476,0.071955234,0.010447091,0.4848432,0.16144435,0.74687845,0.006987436,0.17436962,0.1384954,0.094511755,0.08882917,null,null,null,null,"TWOGAUSSIANS",8,9.690234,0.26549008,0.0055288146,0.4,0.033042777,0.46169633,0.17765003,0.74687845,0.006987436,0.4,0.0,0.06814043,0.011851437
375316653866487564,5342520131750058880,0.58290535,2210.0128447509305,2.6899624470559513,8.348779E-6,16.719723,0.0067543914,0.169097,0.0022584584,0.08007175,0.0036866954,0.4454468,0.018104019,0.6723537,0.0035094477,0.07744101,0.0030634962,0.43621328,0.016280254,null,null,null,null,"TWOGAUSSIANS",8,29.619236,0.169097,0.0022584584,0.4,0.0,0.44009313,0.018701887,0.6723537,0.0035094477,0.4,0.0,0.4308596,0.016504098
375316653866487564,5342520264878059776,0.586909,2227.596323092657,2.9871337715316266,3.406071E-6,18.589975,0.0059139444,0.2595576,9.875222E-4,0.062322933,0.0017271546,0.49086002,0.010291706,0.754768,0.0032755355,0.07172237,0.003991151,0.54775494,0.02145098,null,null,null,null,"TWOGAUSSIANS",8,3.8060596,0.754768,0.0032755355,0.4,0.009262047,0.5468898,0.021592723,0.2595576,9.875222E-4,0.34900844,0.009672065,0.48999485,0.010326492
375316653866487564,5342521123866588416,0.5944276,2197.6243415641507,2.5974623979571203,5.380128E-6,19.112434,0.006745975,0.2742187,0.0017962691,0.06642371,0.0016721871,0.522518,0.010156268,0.7669599,0.002246936,0.06534845,0.00246439,0.64335895,0.02111334,null,null,null,null,"TWOGAUSSIANS",8,2.0765154,0.7669599,0.002246936,0.3659513,0.013800584,0.64265746,0.021176338,0.2742187,0.0017962691,0.37197277,0.009364248,0.52181655,0.010054329
375316653866487564,5342521540486148480,0.5545403,2220.1323119995495,0.8557822877704578,1.0504029E-5,17.155146,0.015481868,0.2666461,0.003122635,0.073294,0.008169124,0.44396484,0.049310032,0.77877736,0.0041913074,0.093170024,0.0077460725,0.27120638,0.017106134,null,null,null,null,"TWOGAUSSIANS",8,19.905027,0.2666461,0.003122635,0.4,0.0,0.438119,0.05294098,0.77877736,0.0041913074,0.4,0.0,0.26536015,0.014544102
375316653866487564,5342521643565398912,0.55677396,2197.0244379138303,3.279295720960326,1.6037151E-5,19.13051,0.010097491,0.2159508,0.0049088085,0.059088193,0.004368881,0.6374783,0.016715633,0.711207,0.0077597373,0.07365095,0.0048889425,0.5269277,0.031834707,null,null,null,null,"TWOGAUSSIANS",8,2.57854,0.2159508,0.0049088085,0.33089387,0.024465736,0.6366528,0.016538018,0.711207,0.0077597373,0.4,0.0,0.52610224,0.03163408
375316653866487564,5342523739522742400,0.55112284,2213.529364780518,2.900330604867838,1.2171207E-5,15.443354,0.0013415602,0.23891896,0.0024621843,0.07143418,0.0032677266,0.045703683,0.0014236039,0.73984075,0.0024112281,0.070194595,0.004830929,0.05423348,0.0023968876,null,null,null,null,"TWOGAUSSIANS",8,2.92195,0.73984075,0.0024112281,0.39308974,0.022767637,0.054042388,0.0024464296,0.23891896,0.0024621843,0.4,0.011686464,0.045512587,0.0013429265
375316653866487564,5342523911321433984,0.56118256,2221.6926520102256,0.6321073653129945,5.3091284E-5,15.130834,0.0010188567,0.5527719,0.0033294805,0.020753136,0.0051909396,0.37455642,0.052174915,0.8019281,0.009256158,0.01400849,0.004648282,0.0056832335,0.0028311333,2.3112256E-5,0.0012447458,0.8019281,0.009256158,"TWOGAUSSIANS_WITH_ELLIPSOIDAL_ON_ECLIPSE2",9,40.43761,0.5527719,0.0033294805,0.11621756,0.029069262,0.37455642,0.05217453,0.8019281,0.009256158,0.07844754,0.02603038,0.0057294583,0.0032315962
375316653866487564,5342524117468551168,0.50142425,2199.5121681374117,4.388555554857637,2.2221386E-5,19.324986,0.02805261,0.21227884,0.0059736124,0.04066975,0.011017281,0.40211654,0.09307991,0.713123,0.012490001,0.041962493,0.009665944,0.48984924,0.1192083,0.14889176,0.045003388,0.21227884,0.0059736124,"TWOGAUSSIANS_WITH_ELLIPSOIDAL_ON_ECLIPSE1",9,18.16697,0.713123,0.011897155,0.23498997,0.054129284,0.78762394,0.08669021,0.21227884,0.0059736124,0.22775061,0.06169677,0.6998996,0.06434348
375316653866487564,5342524220559054464,0.469733,2232.4782376522035,3.01629911650561,2.3150254E-5,16.278502,0.014960385,0.259334,0.006069477,0.104687594,0.017337367,0.097720034,0.013585525,0.73989606,0.010548266,0.10679415,0.0239938,0.07627934,0.013651112,null,null,null,null,"TWOGAUSSIANS",8,10.973052,0.259344,0.0060598017,0.4,0.0,0.089292414,0.0059484458,0.73989606,0.010548266,0.4,0.0,0.06785115,0.0058297594
375316653866487564,5342524426717559296,0.5206022,2217.6058977694483,0.5333426316768146,2.3776813E-5,13.679554,0.005805261,0.34535927,0.002578488,0.06943957,0.0067127356,0.0922198,0.006086779,0.8403952,0.0071391757,0.09369057,0.015205222,0.051891904,0.0052878805,null,null,null,null,"TWOGAUSSIANS",8,51.203926,0.34535927,0.002578488,0.38886157,0.027019288,0.091142714,0.005185939,0.8403952,0.0071391757,0.4,0.0,0.050814748,0.0042738672
375316653866487564,5342524491125075200,0.62896216,2221.280859456622,2.9682970003413094,6.073426E-6,16.337955,0.0058010635,0.27828854,0.0019241938,0.046399448,0.007112647,0.1399153,0.015674459,0.7822211,0.003497248,0.05229519,0.006340571,0.13137157,0.014539876,0.10932685,0.008504995,0.27828854,0.0019241938,"TWOGAUSSIANS_WITH_ELLIPSOIDAL_ON_ECLIPSE1",9,14.757888,0.27828854,0.0019241938,0.2598369,0.039830822,0.35856742,0.0068208175,0.7822211,0.003497248,0.29285306,0.0355072,0.3498902,0.011423727
375316653866487564,5342525594948755456,0.65205944,2205.712160177914,0.4305029110006972,3.1108875E-6,16.96967,0.0033303571,0.19974023,0.0074434886,0.028883528,0.0027527122,0.47571328,0.103967935,0.69616544,6.1500096E-4,0.028487038,0.0012353588,0.50785804,0.008325495,0.0114156045,0.0044979975,0.19974023,0.0074434886,"TWOGAUSSIANS_WITH_ELLIPSOIDAL_ON_ECLIPSE1",9,6.3704095,0.69617546,6.146136E-4,0.1595274,0.006918009,0.53067774,0.0066413875,0.19974023,0.0074434886,0.16174775,0.015415189,0.49854445,0.10279559
375316653866487564,5342526449615013888,0.5530709,2201.983488110212,4.247641696253164,2.242206E-5,18.172838,0.026169647,0.1832628,0.005156489,0.04370071,0.007960515,0.46662378,0.112552166,0.6845839,0.0080819335,0.042270362,0.0136257615,0.37440547,0.055991236,0.13707416,0.038067605,0.1832628,0.005156489,"TWOGAUSSIANS_WITH_ELLIPSOIDAL_ON_ECLIPSE1",9,15.219865,0.1832628,0.005156489,0.24472398,0.044578884,0.7407717,0.10872351,0.6845839,0.0077100564,0.23671404,0.076304264,0.64853454,0.040635996
375316653866487564,5342527897051536640,0.66080004,2248.286337407595,2.07901954116987,2.5459224E-6,16.927948,0.004220578,0.23743145,0.0012928805,0.055385124,0.003467245,0.13545154,0.009886817,0.73783475,0.001230904,0.04821518,0.0034065337,0.12427672,0.009563693,0.0962231,0.0058829887,0.23743145,0.0012928805,"TWOGAUSSIANS_WITH_ELLIPSOIDAL_ON_ECLIPSE1",9,2.3070629,0.23743145,0.0012928805,0.31015667,0.019416573,0.32789248,0.0038378034,0.73783475,0.0011009037,0.27000502,0.01907659,0.3167164,0.005846092
375316653866487564,5342528378074781056,0.41240975,2246.9764749088536,0.943864993428397,5.4783868E-5,18.781933,0.04921692,0.103577495,0.0052240444,0.03610323,0.00797709,0.20647378,0.053473264,0.6370718,0.018132659,0.11231267,0.029577358,0.4525771,0.1390375,null,null,null,null,"TWOGAUSSIANS",8,12.600994,0.6370718,0.018132659,0.4,0.0,0.45155928,0.14037943,0.1035575,0.005230333,0.20217809,0.044671703,0.20554282,0.051586382
375316653866487564,5342528511199312256,0.4904072,2242.8427453880954,3.24098802276734,2.1392285E-5,19.102545,0.026895689,0.28738353,0.0063531715,0.09877945,0.012234098,0.3430354,0.02459056,0.7746435,0.00829176,0.08595778,0.0114005655,0.4099356,0.029612325,null,null,null,null,"TWOGAUSSIANS",8,6.7121644,0.7746435,0.00829176,0.4,0.0,0.39417112,0.023472965,0.28738353,0.0063531715,0.4,0.0,0.32726872,0.015712501
375316653866487564,5342529026595435776,0.5745315,2259.1768455336683,3.0566614751850025,9.733467E-6,18.750095,0.008907049,0.2593454,0.003525675,0.07688016,0.005496178,0.44777837,0.018067049,0.75920373,0.004300244,0.075775206,0.00417806,0.35203707,0.010910394,null,null,null,null,"TWOGAUSSIANS",8,2.7079809,0.2593454,0.003525675,0.4,0.0,0.4440703,0.01839342,0.75920373,0.004300244,0.4,0.0,0.348329,0.009804716
375316653866487564,5342529099644315776,0.48460254,2229.2129726033827,2.5603979140083437,2.1284743E-5,19.17956,0.019126782,0.20575754,0.016267065,0.07702065,0.016170036,0.27768373,0.038473535,0.71247536,0.008592256,0.098568216,0.013379287,0.24105425,0.023046069,null,null,null,null,"TWOGAUSSIANS",8,3.5403934,0.20575754,0.016267065,0.4,0.0023449,0.26979032,0.03471403,0.71247536,0.008592256,0.4,0.0,0.23315951,0.020137945
375316653866487564,5342529408867709056,0.46422097,2230.5492706270343,2.622888587236127,1.532326E-5,18.43145,0.22149749,0.20603578,0.00814128,0.13797307,0.04145534,0.20821096,0.18738303,0.6949211,0.008895744,0.16516681,0.07623799,0.22475901,0.2143779,null,null,null,null,"TWOGAUSSIANS",8,2.5971005,0.6949211,0.008895744,0.4,0.0,0.12106066,0.010236174,0.20764577,0.0060230363,0.4,0.0,0.108601145,0.010880362
375316653866487564,5342529576351263616,0.5543334,2226.2720383800493,2.5860523707641723,8.163663E-6,18.866108,0.010185963,0.24738374,0.001448686,0.04120394,0.0045821606,0.21943305,0.025664503,0.75520164,0.0088025965,0.03729538,0.010379608,0.21064386,0.024778541,0.13086525,0.0138443485,0.24738374,0.001448686,"TWOGAUSSIANS_WITH_ELLIPSOIDAL_ON_ECLIPSE1",9,3.5887074,0.24738374,0.001448686,0.23074205,0.0256601,0.4811634,0.024489658,0.75520164,0.0088025965,0.20885411,0.058125805,0.4717432,0.016408755
375316653866487564,5342529816869438080,0.5477468,2225.8667592199254,2.6169187334187276,8.283551E-6,17.967087,0.031003565,0.21091461,0.0039845402,0.117249124,0.0142190745,0.21827288,0.029027127,0.71349883,0.0035628143,0.113327466,0.014108007,0.22410953,0.029193012,null,null,null,null,"TWOGAUSSIANS",8,1.9100447,0.71350884,0.0035735199,0.4,0.0,0.18305568,0.004669271,0.21090461,0.0039879805,0.4,0.0,0.17719643,0.00618566
375316653866487564,5342530817619009920,0.48566714,2228.7466547757735,2.680023072228432,2.3318446E-5,19.220058,0.53494084,0.19563286,0.00917515,0.18585154,0.10813559,0.45919636,0.5205951,0.68559074,0.01310778,0.14822185,0.063304774,0.33005947,0.4119456,null,null,null,null,"TWOGAUSSIANS",8,1.860164,0.19650286,0.008116293,0.4,0.0,0.21565504,0.024700303,0.68559074,0.01310778,0.4,0.0,0.109076224,0.026677083
375316653866487564,5342531333015239808,0.45926672,2254.0797250073956,3.098106223803057,2.4497649E-5,19.314426,0.42111772,0.26377043,0.005622682,0.16306403,0.10847834,0.34200296,0.40722984,0.7587057,0.011214619,0.13701971,0.070438884,0.3424658,0.36292756,null,null,null,null,"TWOGAUSSIANS",8,2.1739078,0.7587057,0.011214619,0.4,0.0,0.1836219,0.02872126,0.26401043,0.0052357055,0.4,0.0,0.17780611,0.030989565
