Gaia/vari_eclipsing_binary/VariEclipsingBinary_666504-666532.csv
# %ECSV 1.0
# ---
# delimiter: ','
# meta: !!omap
# - RELEASE: Gaia DR3
# - TABLE: vari_eclipsing_binary
# - DESCRIPTION: >
#     This table describes the properties of the eclipsing binaries resulting from the variability analysis. 
# - CITATION: >
#     How to cite and acknowledge Gaia: 
#     https://gea.esac.esa.int/archive/documentation/credits.html 
# - KNOWN_ISSUES: >
#     Known issues: 
#     https://www.cosmos.esa.int/web/gaia-users/known-issues 
# - DOCUMENTATION: >
#     Tutorials and documentation: 
#     https://www.cosmos.esa.int/web/gaia-users/archive 
# datatype:
# - 
#   name: solution_id
#   datatype: int64
#   description: Solution Identifier
#   meta:
#     ucd: meta.version
# - 
#   name: source_id
#   datatype: int64
#   description: Unique source identifier
#   meta:
#     ucd: meta.id;meta.main
# - 
#   name: global_ranking
#   datatype: float32
#   description: Number between 0 (worst) and 1 (best)
#   meta:
#     ucd: stat.param
# - 
#   name: reference_time
#   datatype: float64
#   unit: d
#   description: Reference time used for the geometric model fit
#   meta:
#     ucd: time.epoch
# - 
#   name: frequency
#   datatype: float64
#   unit: d**-1
#   description: Frequency of geometric model of the eclipsing binary light curve
#   meta:
#     ucd: src.orbital
# - 
#   name: frequency_error
#   datatype: float32
#   unit: d**-1
#   description: "Uncertainty of \\texttt{frequency}"
#   meta:
#     ucd: stat.error
# - 
#   name: geom_model_reference_level
#   datatype: float32
#   unit: mag
#   description: Magnitude reference level of geometric model
#   meta:
#     ucd: phot.mag;em.opt
# - 
#   name: geom_model_reference_level_error
#   datatype: float32
#   unit: mag
#   description: "Uncertainty of \\texttt{geomModelReferenceLevel}"
#   meta:
#     ucd: stat.error;phot.mag;em.opt
# - 
#   name: geom_model_gaussian1_phase
#   datatype: float32
#   description: Phase of the Gaussian 1 component
#   meta:
#     ucd: time.phase
# - 
#   name: geom_model_gaussian1_phase_error
#   datatype: float32
#   description: "Uncertainty of \\texttt{geomModelGaussian1Phase}"
#   meta:
#     ucd: stat.error;time.phase
# - 
#   name: geom_model_gaussian1_sigma
#   datatype: float32
#   description: "Standard deviation [phase] of Gaussian 1 component"
#   meta:
#     ucd: stat.stdev
# - 
#   name: geom_model_gaussian1_sigma_error
#   datatype: float32
#   description: "Uncertainty of \\texttt{geomModelGaussian1Sigma}"
#   meta:
#     ucd: stat.error
# - 
#   name: geom_model_gaussian1_depth
#   datatype: float32
#   unit: mag
#   description: Magnitude depth of Gaussian 1 component
#   meta:
#     ucd: src.var.amplitude
# - 
#   name: geom_model_gaussian1_depth_error
#   datatype: float32
#   unit: mag
#   description: "Uncertainty of \\texttt{geomModelGaussian1Depth}"
#   meta:
#     ucd: stat.error;src.var.amplitude
# - 
#   name: geom_model_gaussian2_phase
#   datatype: float32
#   description: Phase of Gaussian 2 component
#   meta:
#     ucd: time.phase
# - 
#   name: geom_model_gaussian2_phase_error
#   datatype: float32
#   description: "Uncertainty of \\texttt{geomModelGaussian2Phase}"
#   meta:
#     ucd: stat.error;time.phase
# - 
#   name: geom_model_gaussian2_sigma
#   datatype: float32
[...]
#   datatype: float32
#   description: "Secondary eclipse: uncertainty of \\texttt{derivedSecondaryEclDuration}"
#   meta:
#     ucd: stat.error;time.duration
# - 
#   name: derived_secondary_ecl_depth
#   datatype: float32
#   unit: mag
#   description: "Secondary eclipse: depth"
#   meta:
#     ucd: src.var.amplitude
# - 
#   name: derived_secondary_ecl_depth_error
#   datatype: float32
#   unit: mag
#   description: "Secondary eclipse: uncertainty of \\texttt{derivedSecondaryEclDepth}"
#   meta:
#     ucd: stat.error;src.var.amplitude
solution_id,source_id,global_ranking,reference_time,frequency,frequency_error,geom_model_reference_level,geom_model_reference_level_error,geom_model_gaussian1_phase,geom_model_gaussian1_phase_error,geom_model_gaussian1_sigma,geom_model_gaussian1_sigma_error,geom_model_gaussian1_depth,geom_model_gaussian1_depth_error,geom_model_gaussian2_phase,geom_model_gaussian2_phase_error,geom_model_gaussian2_sigma,geom_model_gaussian2_sigma_error,geom_model_gaussian2_depth,geom_model_gaussian2_depth_error,geom_model_cosine_half_period_amplitude,geom_model_cosine_half_period_amplitude_error,geom_model_cosine_half_period_phase,geom_model_cosine_half_period_phase_error,model_type,num_model_parameters,reduced_chi2,derived_primary_ecl_phase,derived_primary_ecl_phase_error,derived_primary_ecl_duration,derived_primary_ecl_duration_error,derived_primary_ecl_depth,derived_primary_ecl_depth_error,derived_secondary_ecl_phase,derived_secondary_ecl_phase_error,derived_secondary_ecl_duration,derived_secondary_ecl_duration_error,derived_secondary_ecl_depth,derived_secondary_ecl_depth_error
[from data line 506]
375316653866487564,5862834936924971904,0.53681844,2252.637812784821,0.14311671249072175,5.5462686E-5,18.888592,0.004456052,0.19990288,7.484989E-4,0.012960875,8.040966E-4,0.4147965,0.050518833,0.7000297,0.005157339,0.015760219,0.0038295921,0.4672518,0.05289786,null,null,null,null,"TWOGAUSSIANS",8,3.723597,0.7000297,0.005157339,0.08825723,0.021445716,0.4672518,0.05289786,0.19990288,7.484989E-4,0.072580904,0.004502941,0.4147965,0.050518833
375316653866487564,5862835353571498112,0.5333136,2254.6078322464055,2.233138911092716,1.7216584E-5,18.753561,0.006662099,0.48045364,0.0032315096,0.091371074,0.0048092688,0.27408245,0.009468626,0.81793857,0.013531443,0.01153103,0.025228983,0.078810655,3.22817768E15,null,null,null,null,"TWOGAUSSIANS",8,2.944558,0.48045364,0.0032315096,0.4,0.0,0.27408227,0.009468712,0.81793857,0.013531443,0.06457377,0.1412823,0.07910934,3.22817768E15
375316653866487564,5862835834616746368,0.5997711,2246.359517768075,1.2818661725786613,5.866087E-6,16.515055,0.0017461447,0.1696389,0.0056672497,0.039101917,0.0057877693,0.053456217,0.009267348,0.6594355,0.0010767092,0.05158669,0.0015637637,0.20086515,0.005318046,0.018118918,0.00291502,0.1696389,0.0056672497,"TWOGAUSSIANS_WITH_ELLIPSOIDAL_ON_ECLIPSE1",9,5.2065067,0.6598055,9.448764E-4,0.28888547,0.008757077,0.23695897,0.0042931135,0.1696389,0.0056672497,0.21897075,0.03241151,0.08969335,0.008248385
375316653866487564,5862835868967575040,0.504912,2192.4891286173365,2.7196071547304377,1.1892785E-5,19.200949,0.004671645,0.2728961,0.0034475685,0.052673183,0.0031577207,0.28801808,0.008623695,0.7785262,0.008542912,0.05548687,0.009204122,0.15602265,0.053178616,null,null,null,null,"TWOGAUSSIANS",8,2.2068589,0.2728961,0.0034475685,0.29496983,0.017683236,0.28801054,0.008621378,0.7785262,0.008542912,0.31072646,0.051543087,0.15601511,0.053193003
375316653866487564,5862835903345412864,0.53175145,2226.641564716939,0.5743085076855602,4.547248E-5,18.689056,0.0042805304,0.31529212,5.921635E-4,0.013554371,0.0010416259,0.5909739,0.020554373,0.63186127,0.02670684,0.08162778,0.023789046,0.042951316,0.013256303,null,null,null,null,"TWOGAUSSIANS",8,3.8260798,0.31529212,5.921635E-4,0.07590448,0.005833105,0.5909972,0.020558788,0.63186127,0.02670684,0.4,0.0,0.042951316,0.013256312
375316653866487564,5862836173875759616,0.49552572,2270.217077949826,0.32784024450397264,1.28428255E-5,18.39628,0.0029136634,0.20816885,0.002299358,0.025312915,0.0025748871,0.05467114,0.0066625793,0.5727084,0.0015283794,0.016487215,0.0012525605,0.2818927,0.028495511,null,null,null,null,"TWOGAUSSIANS",8,3.0918963,0.5727084,0.0015283794,0.0923284,0.0070143393,0.2818927,0.028495511,0.20816885,0.002299358,0.14175233,0.014419368,0.05467114,0.0066625793
375316653866487564,5862838274158390016,0.61380595,2243.6675835450114,1.0013346879344045,5.4636766E-6,16.208025,0.0023183762,0.22578466,0.001590152,0.041907143,0.0066869096,0.050289225,0.012639418,0.73135984,0.004526974,0.040698454,0.0065221176,0.034660306,0.0056020725,0.06162498,0.0033918228,0.22578466,0.001590152,"TWOGAUSSIANS_WITH_ELLIPSOIDAL_ON_ECLIPSE1",9,3.6793208,0.22578466,0.001590152,0.23468,0.037446693,0.17353901,0.012664007,0.73135984,0.004526974,0.22791135,0.03652386,0.1577589,0.003271197
375316653866487564,5862840193962237824,0.54684377,2227.2879946180524,0.19709989416384782,8.561936E-6,16.094797,0.005477902,0.060227014,0.001219674,0.011484917,0.0010711552,0.3414424,0.02001701,0.5760058,0.02043549,0.09274076,0.060541246,0.020794122,0.0052603814,null,null,null,null,"TWOGAUSSIANS",8,25.437235,0.060227014,0.001219674,0.064315535,0.005998469,0.34144226,0.02001618,0.5760058,0.02043549,0.4,0.0,0.020793935,0.0052710166
375316653866487564,5862840232663340800,0.4984157,2236.7238091310096,2.925223435175905,1.8807665E-5,18.520765,0.32217914,0.28044343,0.011305002,0.14487983,0.07136783,0.24560614,0.3094471,0.7641102,0.009766867,0.14148954,0.06269503,0.26169896,0.2986067,null,null,null,null,"TWOGAUSSIANS",8,2.5676973,0.7641102,0.009766867,0.4,0.0,0.16334902,0.013873753,0.28131345,0.009273311,0.4,0.0,0.14699301,0.011399613
375316653866487564,5862840297041429376,0.54243255,2217.8797326815015,0.17662275363147367,2.2779794E-5,13.069801,7.0130045E-4,0.5060767,0.0038149636,0.014575733,0.0022187408,0.5937122,0.1061899,null,null,null,null,null,null,null,null,null,null,"ONEGAUSSIAN",5,562.92944,0.5060767,0.0038149636,0.081624106,0.012424948,0.5937122,0.0,null,null,null,null,null,null
375316653866487564,5862840748059462272,0.64535695,2232.022573002622,1.644089022992624,1.9951692E-6,15.805227,0.0032952942,0.24432364,7.4115937E-4,0.09022427,0.0012877489,0.33716688,0.0036294567,0.73805714,0.0010446247,0.08342829,0.0014721411,0.35529894,0.005473667,null,null,null,null,"TWOGAUSSIANS",8,9.355936,0.73805714,0.0010446247,0.4,0.0,0.345442,0.005452645,0.24432364,7.4115937E-4,0.4,0.0,0.32730982,0.0031519576
375316653866487564,5862842633505346304,0.5969172,2225.0853186636377,1.5353165647638363,6.8915806E-6,17.775108,0.0042705084,0.30717355,0.006204969,0.031348728,0.006160434,0.08721074,0.0153290685,0.80756086,0.0018485349,0.043351002,0.0025244297,0.37645468,0.0153639885,0.0471786,0.0065806024,0.30717355,0.006204969,"TWOGAUSSIANS_WITH_ELLIPSOIDAL_ON_ECLIPSE1",9,4.039704,0.80756086,0.0017813266,0.2427656,0.014136806,0.47081125,0.0172454,0.30717355,0.006204969,0.17555287,0.03449843,0.18156786,0.013653868
375316653866487564,5862843290633764608,0.4533273,2197.3377150394845,3.261469493303304,4.8057194E-5,18.724041,0.013742029,0.34285566,0.007040918,0.067378595,0.01244572,0.16368893,0.037291724,0.77195495,0.01600793,0.11061994,0.016084014,0.17497987,0.030148637,null,null,null,null,"TWOGAUSSIANS",8,7.3498893,0.77195495,0.01600793,0.4,0.0,0.17305067,0.03000784,0.34294567,0.006990039,0.37732014,0.06532991,0.1618547,0.037978135
375316653866487564,5862843561221621760,0.6131445,2241.561685746911,0.11098520599847272,1.63363E-6,18.897627,0.005184094,0.29253718,0.0022233122,0.019533612,0.0032608702,0.1386121,0.02095164,0.7937703,5.126117E-4,0.016991923,3.2680848E-4,1.2995119,0.033971142,null,null,null,null,"TWOGAUSSIANS",8,3.714708,0.7937703,5.126117E-4,0.09515476,0.0018301276,1.2995119,0.033971142,0.29253718,0.0022233122,0.10938823,0.018260872,0.1386121,0.02095164
375316653866487564,5862845657162791552,0.45028272,2231.7714514932177,0.853653500830344,4.0505038E-5,18.71861,0.0051070466,0.32732645,0.006545321,0.09107946,0.008976721,0.11046063,0.009873629,0.7984681,0.0066086384,0.075680375,0.010205348,0.107595265,0.009953373,null,null,null,null,"TWOGAUSSIANS",8,2.078453,0.32732645,0.006545321,0.4,0.0,0.10903802,0.009916541,0.7984681,0.0066086384,0.4,0.00294939,0.10617283,0.010233381
375316653866487564,5862845764535221632,0.49935108,2197.4734068915063,2.269280650828636,3.544268E-5,19.86114,0.024098657,0.17621927,0.007096366,0.071814075,0.006348704,0.72200924,0.06430653,0.6805058,0.0075328425,0.060860805,0.01956945,0.76941466,0.30050382,null,null,null,null,"TWOGAUSSIANS",8,3.931627,0.6805058,0.0075328425,0.34082052,0.07450973,0.7683344,0.3037074,0.17621927,0.007096366,0.4,0.020390963,0.72092897,0.06399488
375316653866487564,5862845833254861440,0.43516454,2225.618556000323,1.6163692950859896,4.0934996E-5,19.727638,0.010303765,0.24534778,0.011401546,0.06467321,0.017620614,0.10221334,0.050754067,null,null,null,null,null,null,0.049660012,0.014487275,0.24534778,0.011401546,"ONEGAUSSIAN_WITH_ELLIPSOIDAL",6,4.0910063,0.24534778,0.011401546,0.36216995,0.098675445,0.20147592,0.04677154,null,null,null,null,null,null
375316653866487564,5862846657922535296,0.57533914,2204.129058368033,0.5910979130819206,8.217049E-6,16.77322,0.0027007484,0.24405801,0.012745387,0.0132796485,0.008185083,0.028613236,0.011975863,0.75663155,0.001286726,0.027334532,9.355071E-4,0.55143064,0.029315447,0.008006953,0.00324034,0.75663155,0.001286726,"TWOGAUSSIANS_WITH_ELLIPSOIDAL_ON_ECLIPSE2",9,14.093197,0.75663155,0.001286726,0.15307339,0.00523884,0.56744456,0.029998938,0.24415801,0.012767741,0.07436603,0.045836464,0.044528157,0.010388941
375316653866487564,5862847134634465152,0.49661186,2192.158172326828,2.763101973361357,8.113779E-5,19.034561,0.0049514445,0.30170396,0.013453377,0.052168325,0.045542076,0.06422751,0.2081061,0.7351736,2.2886715E-4,0.020242233,0.001651229,0.5429177,0.034945503,null,null,null,null,"TWOGAUSSIANS",8,2.4413786,0.7351736,2.2886715E-4,0.1133565,0.009246882,0.5429177,0.034945503,0.30170396,0.013453377,0.2921426,0.25503564,0.06422751,0.2081061
375316653866487564,5862847134634466176,0.4673793,2224.931405150364,1.2190589589034901,2.9770923E-5,18.818949,0.00505693,0.21697715,0.0045927307,0.062202778,0.006301295,0.15586747,0.008739051,0.75193644,0.009493987,0.0673482,0.011803258,0.067655824,0.007816541,null,null,null,null,"TWOGAUSSIANS",8,1.5145876,0.21697715,0.0045927307,0.34833556,0.03528725,0.15582772,0.008749967,0.75193644,0.009493987,0.3771499,0.05905394,0.06761605,0.0078208065
375316653866487564,5862847409512427392,0.5389675,2203.4577755770697,2.732074605266222,1.4722912E-5,17.85239,0.014503598,0.1913428,0.0064947642,0.097793765,0.010272998,0.20490257,0.014061464,0.699084,0.0030701375,0.0974922,0.007887383,0.19485019,0.013424083,null,null,null,null,"TWOGAUSSIANS",8,4.5490193,0.1913428,0.0064947642,0.4,0.0,0.1912967,0.008616757,0.699084,0.0030701375,0.4,0.0,0.18124443,0.0063656704
375316653866487564,5862847619961095808,0.49435335,2203.6857560560175,2.568122100695108,2.6701513E-5,18.259106,0.015176721,0.22092396,0.006237887,0.10009564,0.011898181,0.1815456,0.014922594,0.725499,0.006788424,0.08905373,0.011688358,0.18272033,0.01535132,null,null,null,null,"TWOGAUSSIANS",8,4.8582635,0.725499,0.006788424,0.4,0.0,0.17236508,0.012209204,0.22092396,0.006237887,0.4,0.0,0.17118898,0.012232484
375316653866487564,5862848238436405888,0.5298335,2165.6773065863454,2.968525457780983,1.1558245E-5,19.451797,0.012922193,0.31648117,0.0045093484,0.04340624,0.0058826157,0.33920196,0.045160033,0.80225307,0.01555302,0.03946311,0.031230299,0.32194543,132103.12,0.13894202,0.021459019,0.31648117,0.0045093484,"TWOGAUSSIANS_WITH_ELLIPSOIDAL_ON_ECLIPSE1",9,3.4546578,0.31648117,0.0045093484,0.24307495,0.03294265,0.6170859,0.03115211,0.80361307,0.014602795,0.22099343,0.17488967,0.5978256,132103.14
375316653866487564,5862849402373988352,0.5303613,2215.764777285492,2.2432458715617156,1.4879604E-5,17.437534,0.011416187,0.2148878,0.0035483064,0.10010651,0.008377323,0.2191718,0.01026201,0.7067287,0.004426204,0.09433941,0.0069026607,0.20921893,0.012095617,null,null,null,null,"TWOGAUSSIANS",8,7.3537807,0.2148878,0.0035483064,0.4,0.0,0.20508575,0.0068739746,0.7067287,0.004426204,0.4,0.0,0.19513434,0.008058737
375316653866487564,5862849917770464896,0.63942134,2191.166368221155,0.6647241495558994,3.616804E-6,17.640205,0.0030723738,0.26160878,0.0010296862,0.034714784,0.0014071394,0.47969547,0.024942,0.7609001,6.1959063E-4,0.037748408,8.509615E-4,0.51908094,0.013634672,0.02577142,0.0046127066,0.26160878,0.0010296862,"TWOGAUSSIANS_WITH_ELLIPSOIDAL_ON_ECLIPSE1",9,3.2593775,0.7609101,6.1889645E-4,0.21139108,0.0047653844,0.57062274,0.014178476,0.26160878,0.0010296862,0.1944028,0.007879981,0.5312383,0.027290221
375316653866487564,5862850467541805696,0.45366478,2235.0209916001627,2.8864984970251744,3.220996E-5,18.599466,0.0035230303,0.6919402,0.007302826,0.054958172,0.051725596,0.028701821,0.009458179,null,null,null,null,null,null,0.038318925,0.005043629,0.6919402,0.007302826,"ONEGAUSSIAN_WITH_ELLIPSOIDAL",6,2.5357025,0.6919402,0.007302826,0.30776578,0.13051222,0.10533875,0.007317773,null,null,null,null,null,null
375316653866487564,5862851635760511744,0.48583028,2190.8736635117193,1.8101011234537645,2.5374062E-5,19.153309,0.012913886,0.25856605,0.007745856,0.09704691,0.013250409,0.14958051,0.012074632,0.7401795,0.0078000915,0.090971805,0.010086832,0.24314114,0.021568734,null,null,null,null,"TWOGAUSSIANS",8,2.4331884,0.7401795,0.0078000915,0.4,0.0,0.2347353,0.021424381,0.25856605,0.007745856,0.4,0.0,0.14117414,0.0076996344
375316653866487564,5862852395967003264,0.5066948,2234.341882817574,0.6317954871701771,2.6300033E-5,17.774921,0.0035950362,0.2275236,0.0121102575,0.070070244,0.017257579,0.10680339,0.032223728,0.7351288,0.004099361,0.062606625,0.004049489,0.17140894,0.011243029,null,null,null,null,"TWOGAUSSIANS",8,2.3354266,0.7351288,0.004099361,0.35059708,0.022677138,0.17123269,0.011164429,0.2275236,0.0121102575,0.39239335,0.026333623,0.10662714,0.032850582
375316653866487564,5862852700924785792,0.4359481,2238.4463957310404,2.772669383216729,7.400657E-5,18.613796,0.1172822,0.2217773,0.019933306,0.0734503,0.059302676,0.8423742,1.693907,0.7226583,0.007578288,0.077983215,0.030879574,0.7795632,0.18914896,null,null,null,null,"TWOGAUSSIANS",8,94.94692,0.2217773,0.019933306,0.4,0.28179923,0.83556217,1.7095184,0.7226583,0.007578288,0.4,0.048960052,0.7727512,0.21580787
375316653866487564,5862852804004006656,0.5587282,2228.245462319068,1.4401879217542268,2.0300915E-5,18.751154,0.009490232,0.23865782,0.0068167034,0.07236787,0.007032867,0.4968736,0.037148315,0.74410033,0.0043136682,0.10375531,0.005330006,0.20722614,0.0099775735,null,null,null,null,"TWOGAUSSIANS",8,2.407659,0.23865782,0.0068167034,0.4,0.012712774,0.48759842,0.038970914,0.74410033,0.0043136682,0.4,0.0,0.19794711,0.0074404064
375316653866487564,5862852808283919104,0.4998077,2188.0701983280774,0.7675296664849772,2.1889553E-5,19.141674,0.022793377,0.24548547,0.004229664,0.04197482,0.004473458,0.35787836,0.037166975,0.79811186,0.056778766,0.0062596602,0.037371233,0.02885598,26.22765,0.037823223,0.015160997,0.79811186,0.056778766,"TWOGAUSSIANS_WITH_ELLIPSOIDAL_ON_ECLIPSE2",9,5.4137883,0.24689546,0.0029971357,0.235059,0.025051365,0.4257554,0.030517645,0.79811186,0.056778766,0.035054095,0.2092789,0.10450186,26.226225
375316653866487564,5862853250668494592,0.48966578,2187.9044513022,0.3711150777596163,3.0375755E-5,19.711908,0.014192473,0.2767663,0.0119905975,0.04003923,0.009707923,0.646628,0.1316906,0.7732632,0.0035108477,0.05141265,0.0070467843,0.29758114,0.04002057,null,null,null,null,"TWOGAUSSIANS",8,6.0430923,0.2767663,0.0119905975,0.2242197,0.05436437,0.64662784,0.13169076,0.7732632,0.0035108477,0.28791085,0.039461993,0.29758093,0.040020995
375316653866487564,5862853353755982720,0.5263988,2212.0053543562503,1.1468920696270128,1.1101592E-5,17.820005,0.001865717,0.9382358,0.022295756,0.019386662,0.0135481255,0.011489002,0.02804058,0.7255642,0.0022011385,0.05318863,0.002712491,0.15944496,0.0045333873,null,null,null,null,"TWOGAUSSIANS",8,1.88198,0.7255642,0.0022011385,0.29785633,0.01518995,0.15944496,0.0045333873,0.9381058,0.022339087,0.10856531,0.07586951,0.011543094,0.02805818
375316653866487564,5862853564198253056,0.47699237,2232.160437376348,1.7035154251807836,8.564297E-6,18.514902,0.009998456,0.20803161,0.0066447086,0.06502523,0.007564566,0.24390644,0.029139932,0.7141557,0.0024017168,0.049737435,0.002293823,0.45497647,0.019552365,null,null,null,null,"TWOGAUSSIANS",8,15.229069,0.7141557,0.0024017168,0.27852964,0.012845409,0.45493877,0.019542333,0.20803161,0.0066447086,0.3641413,0.04236157,0.24386877,0.029155215
375316653866487564,5862853632917788928,0.5255409,2175.3970836356193,0.3672596270079907,4.3486893E-6,19.260418,0.00562041,0.3101763,0.014174591,0.01602418,0.00668942,0.4167857,0.09292664,0.81127965,0.0019428588,0.01928096,0.0018585119,0.38267022,0.043844312,null,null,null,null,"TWOGAUSSIANS",8,2.5785017,0.3101763,0.014174591,0.0897354,0.03746075,0.4167857,0.09292664,0.81127965,0.0019428588,0.10797338,0.010407667,0.38267022,0.043844312
