Gaia/vari_eclipsing_binary/VariEclipsingBinary_529378-529437.csv
# %ECSV 1.0
# ---
# delimiter: ','
# meta: !!omap
# - RELEASE: Gaia DR3
# - TABLE: vari_eclipsing_binary
# - DESCRIPTION: >
#     This table describes the properties of the eclipsing binaries resulting from the variability analysis. 
# - CITATION: >
#     How to cite and acknowledge Gaia: 
#     https://gea.esac.esa.int/archive/documentation/credits.html 
# - KNOWN_ISSUES: >
#     Known issues: 
#     https://www.cosmos.esa.int/web/gaia-users/known-issues 
# - DOCUMENTATION: >
#     Tutorials and documentation: 
#     https://www.cosmos.esa.int/web/gaia-users/archive 
# datatype:
# - 
#   name: solution_id
#   datatype: int64
#   description: Solution Identifier
#   meta:
#     ucd: meta.version
# - 
#   name: source_id
#   datatype: int64
#   description: Unique source identifier
#   meta:
#     ucd: meta.id;meta.main
# - 
#   name: global_ranking
#   datatype: float32
#   description: Number between 0 (worst) and 1 (best)
#   meta:
#     ucd: stat.param
# - 
#   name: reference_time
#   datatype: float64
#   unit: d
#   description: Reference time used for the geometric model fit
#   meta:
#     ucd: time.epoch
# - 
#   name: frequency
#   datatype: float64
#   unit: d**-1
#   description: Frequency of geometric model of the eclipsing binary light curve
#   meta:
#     ucd: src.orbital
# - 
#   name: frequency_error
#   datatype: float32
#   unit: d**-1
#   description: "Uncertainty of \\texttt{frequency}"
#   meta:
#     ucd: stat.error
# - 
#   name: geom_model_reference_level
#   datatype: float32
#   unit: mag
#   description: Magnitude reference level of geometric model
#   meta:
#     ucd: phot.mag;em.opt
# - 
#   name: geom_model_reference_level_error
#   datatype: float32
#   unit: mag
#   description: "Uncertainty of \\texttt{geomModelReferenceLevel}"
#   meta:
#     ucd: stat.error;phot.mag;em.opt
# - 
#   name: geom_model_gaussian1_phase
#   datatype: float32
#   description: Phase of the Gaussian 1 component
#   meta:
#     ucd: time.phase
# - 
#   name: geom_model_gaussian1_phase_error
#   datatype: float32
#   description: "Uncertainty of \\texttt{geomModelGaussian1Phase}"
#   meta:
#     ucd: stat.error;time.phase
# - 
#   name: geom_model_gaussian1_sigma
#   datatype: float32
#   description: "Standard deviation [phase] of Gaussian 1 component"
#   meta:
#     ucd: stat.stdev
# - 
#   name: geom_model_gaussian1_sigma_error
#   datatype: float32
#   description: "Uncertainty of \\texttt{geomModelGaussian1Sigma}"
#   meta:
#     ucd: stat.error
# - 
#   name: geom_model_gaussian1_depth
#   datatype: float32
#   unit: mag
#   description: Magnitude depth of Gaussian 1 component
#   meta:
#     ucd: src.var.amplitude
# - 
#   name: geom_model_gaussian1_depth_error
#   datatype: float32
#   unit: mag
#   description: "Uncertainty of \\texttt{geomModelGaussian1Depth}"
#   meta:
#     ucd: stat.error;src.var.amplitude
# - 
#   name: geom_model_gaussian2_phase
#   datatype: float32
#   description: Phase of Gaussian 2 component
#   meta:
#     ucd: time.phase
# - 
#   name: geom_model_gaussian2_phase_error
#   datatype: float32
#   description: "Uncertainty of \\texttt{geomModelGaussian2Phase}"
#   meta:
#     ucd: stat.error;time.phase
# - 
#   name: geom_model_gaussian2_sigma
#   datatype: float32
[...]
#   datatype: float32
#   description: "Secondary eclipse: uncertainty of \\texttt{derivedSecondaryEclDuration}"
#   meta:
#     ucd: stat.error;time.duration
# - 
#   name: derived_secondary_ecl_depth
#   datatype: float32
#   unit: mag
#   description: "Secondary eclipse: depth"
#   meta:
#     ucd: src.var.amplitude
# - 
#   name: derived_secondary_ecl_depth_error
#   datatype: float32
#   unit: mag
#   description: "Secondary eclipse: uncertainty of \\texttt{derivedSecondaryEclDepth}"
#   meta:
#     ucd: stat.error;src.var.amplitude
solution_id,source_id,global_ranking,reference_time,frequency,frequency_error,geom_model_reference_level,geom_model_reference_level_error,geom_model_gaussian1_phase,geom_model_gaussian1_phase_error,geom_model_gaussian1_sigma,geom_model_gaussian1_sigma_error,geom_model_gaussian1_depth,geom_model_gaussian1_depth_error,geom_model_gaussian2_phase,geom_model_gaussian2_phase_error,geom_model_gaussian2_sigma,geom_model_gaussian2_sigma_error,geom_model_gaussian2_depth,geom_model_gaussian2_depth_error,geom_model_cosine_half_period_amplitude,geom_model_cosine_half_period_amplitude_error,geom_model_cosine_half_period_phase,geom_model_cosine_half_period_phase_error,model_type,num_model_parameters,reduced_chi2,derived_primary_ecl_phase,derived_primary_ecl_phase_error,derived_primary_ecl_duration,derived_primary_ecl_duration_error,derived_primary_ecl_depth,derived_primary_ecl_depth_error,derived_secondary_ecl_phase,derived_secondary_ecl_phase_error,derived_secondary_ecl_duration,derived_secondary_ecl_duration_error,derived_secondary_ecl_depth,derived_secondary_ecl_depth_error
375316653866487564,4656459231424299904,0.5675051,2196.3365517241905,0.6960680167455355,2.0364048E-5,18.33682,0.004085671,0.15025154,0.0055962605,0.022387045,0.016584687,0.06601486,0.02949442,0.6580144,0.0023235877,0.038443714,0.0028800392,0.4959998,0.027131012,0.034461666,0.008435811,0.15025154,0.0055962605,"TWOGAUSSIANS_WITH_ELLIPSOIDAL_ON_ECLIPSE1",9,4.2169695,0.6580144,0.0023235877,0.2152848,0.01612822,0.56475925,0.024934314,0.15025154,0.0055962605,0.12536745,0.092874244,0.13493814,0.034778565
375316653866487564,4656469195748946944,0.59988725,2187.4818515662014,1.4668793810530665,8.90265E-6,19.381775,0.0072278487,0.1929673,0.0020881854,0.047616243,0.0016113229,1.0134102,0.022751631,0.6886887,0.0034064252,0.056111395,0.003335036,0.25888392,0.014723592,null,null,null,null,"TWOGAUSSIANS",8,1.2588611,0.1929673,0.0020881854,0.26665097,0.0090234075,1.0134032,0.022751065,0.6886887,0.0034064252,0.3142238,0.018676203,0.2588769,0.014723792
375316653866487564,4656473834313970816,0.5769343,2225.832595664303,0.5920984699060986,9.44328E-6,19.398478,0.012427408,0.34189823,0.009335652,0.04338145,0.007080437,0.4359952,0.03633457,0.83442575,0.0036311832,0.040897865,0.0032299992,0.6248065,0.012992136,null,null,null,null,"TWOGAUSSIANS",8,2.4151921,0.83442575,0.0036311832,0.22902805,0.018087996,0.6248065,0.012992126,0.34189823,0.009335652,0.2429361,0.039650448,0.4359952,0.03633455
375316653866487564,4656484657631476096,0.4670457,2168.8838701169616,0.01094672982349604,1.2308027E-4,17.709064,0.004827138,0.35029668,0.032981146,0.075029165,0.027975116,0.055866394,0.010268186,0.7559036,0.0058978256,0.021365568,0.0147080105,0.2697953,0.17705142,null,null,null,null,"TWOGAUSSIANS",8,8.007545,0.7559036,0.0058978256,0.11964718,0.08236486,0.26979533,0.17705257,0.35029668,0.032981146,0.4,0.036157317,0.055866394,0.0102681955
375316653866487564,4656490430064648832,0.4850317,2181.4122840194013,0.30101658453349345,8.982226E-5,19.754349,0.009010707,0.16424476,0.026950637,0.025687339,0.016534664,0.66403973,0.6429025,0.6337624,0.009734228,0.047645092,0.005438718,0.6520382,0.14540339,null,null,null,null,"TWOGAUSSIANS",8,1.8280649,0.16424476,0.026950637,0.1438491,0.092594124,0.66403973,0.6429025,0.6337624,0.009734228,0.2668125,0.03045682,0.6520382,0.14540339
375316653866487564,4656490709241115520,0.60055506,2208.937274137585,2.7342239014684355,5.989519E-6,15.749089,0.007840601,0.125276,0.0041588563,0.07414038,0.003350664,0.4152006,0.0159414,0.6294812,0.0019667223,0.07889501,0.0036688307,0.37595633,0.020449443,null,null,null,null,"TWOGAUSSIANS",8,34.992294,0.125276,0.0041588563,0.4,0.0,0.41173652,0.015496597,0.6294812,0.0019667223,0.4,0.0,0.37249228,0.020808179
375316653866487564,4656493419365783808,0.45932147,2219.2207989612907,0.17191248300962603,2.1794245E-5,19.659962,0.015615545,0.18747413,0.02482214,0.10040774,0.019889975,0.08243736,0.02082384,0.69457173,0.0036670482,0.034572758,0.004040572,0.2886329,0.019900931,null,null,null,null,"TWOGAUSSIANS",8,1.8084085,0.69457173,0.0036670482,0.19360743,0.022627203,0.28846678,0.019751558,0.18747413,0.02482214,0.4,0.0,0.08227052,0.020674229
375316653866487564,4656498401525492864,0.4840839,2249.841524943906,0.26443992377543224,1.3494014E-4,19.923363,0.0058098296,0.40623397,0.023821933,0.0770221,0.01571047,0.058607284,0.01104685,0.79970556,6.801433E-5,0.008868183,2.2723054E-4,0.77194256,0.034020204,null,null,null,null,"TWOGAUSSIANS",8,1.0740634,0.79970556,6.801433E-5,0.049661826,0.0012724911,0.7719427,0.034020066,0.40623397,0.023821933,0.4,0.020403357,0.058607284,0.011046849
375316653866487564,4656508885542670848,0.6285726,2263.749964461819,0.007467974024832151,1.0201501E-5,16.540451,0.002428796,0.23931247,0.0036698745,0.030710798,0.0038152258,0.1488376,0.014668218,0.73637736,0.004642579,0.021010973,0.0040145284,0.32753852,0.03768542,0.0318335,0.0047497135,0.23931247,0.0036698745,"TWOGAUSSIANS_WITH_ELLIPSOIDAL_ON_ECLIPSE1",9,5.285334,0.7363973,0.0046220534,0.11766145,0.02248136,0.39118394,0.039198484,0.23931247,0.0036698745,0.17198047,0.021365264,0.21250452,0.014782701
375316653866487564,4656528500657674880,0.500181,2203.9241432821123,0.49261106974175983,1.15127505E-5,18.590286,0.00593689,0.19170363,0.012438696,0.04700504,0.007825985,0.15874729,0.029876105,0.69431424,0.015695272,0.05934697,0.014241807,0.08530596,0.018412195,null,null,null,null,"TWOGAUSSIANS",8,1.7221469,0.19170363,0.012438696,0.2632282,0.043825515,0.15874414,0.029874118,0.69431424,0.015695272,0.33234304,0.07975412,0.085302815,0.018418116
375316653866487564,4656529840685949440,0.48360717,2118.799473407664,0.10330262168018982,1.368881E-5,19.328365,0.006864979,0.26723927,0.01085803,0.070148826,0.027971793,0.10858796,0.39618906,0.7173063,0.004903026,0.043923102,0.00380284,0.23519969,0.0230949,null,null,null,null,"TWOGAUSSIANS",8,1.499718,0.7173063,0.004903026,0.24596937,0.021295903,0.23519716,0.023095107,0.26723927,0.01085803,0.39283344,0.15220031,0.108585425,0.39619178
375316653866487564,4656539328271399424,0.49025232,2211.6993970779617,0.26319703096554786,2.191247E-5,18.519753,0.00918307,0.22197269,0.009042146,0.102945685,0.011681458,0.10609047,0.009431052,0.70112646,0.010619186,0.07121543,0.01211162,0.12987249,0.013138894,null,null,null,null,"TWOGAUSSIANS",8,2.1188772,0.70112646,0.010619186,0.3988064,0.03702041,0.1272976,0.013334787,0.22197269,0.009042146,0.4,0.0,0.10351319,0.0074281786
375316653866487564,4656559149541953152,0.4447867,2194.8428496363567,0.6955827415271952,4.3105836E-5,18.610191,0.07157051,0.72092736,0.021189677,0.030441826,0.024093552,0.094316036,0.055265207,0.502302,0.03748262,0.1972816,0.11593746,0.08706335,0.072626226,null,null,null,null,"TWOGAUSSIANS",8,3.0756502,0.7183174,0.024952425,0.17047422,0.13492389,0.13479404,0.062558495,0.502302,0.03748262,0.4,0.0,0.08004863,0.015158261
375316653866487564,4656594333915672576,0.527922,2169.77586733776,0.7856883069216932,1.3365419E-5,19.930166,0.0055472613,0.23253688,0.0040466893,0.029931191,0.0035077047,0.43870813,0.0373287,0.74030185,0.036459543,0.030448798,0.014231935,0.15524857,0.122934476,null,null,null,null,"TWOGAUSSIANS",8,1.2379078,0.23253688,0.0040466893,0.16761467,0.019643147,0.43870813,0.0373287,0.74030185,0.036459543,0.17051327,0.07969884,0.15524857,0.122934476
375316653866487564,4656597327510006912,0.4490309,2216.4091161234473,0.17539763052464583,1.2444009E-5,18.951889,0.0031117825,0.23403375,0.01891391,0.018431023,0.018321875,0.2141204,0.16059266,0.71184224,7.037455E-4,0.019642767,0.002041144,0.31649908,0.15947504,null,null,null,null,"TWOGAUSSIANS",8,1.704541,0.71184224,7.037455E-4,0.10999949,0.011430407,0.31649908,0.15947504,0.23403375,0.01891391,0.10321373,0.1026025,0.2141204,0.16059266
375316653866487564,4656603649701787136,0.52999604,2178.040886356028,0.06347666338144387,1.0209455E-6,19.576305,0.0055354177,0.12030877,1.08896835E-7,0.0013056834,1.048708E-5,2.4431036,0.048828535,0.9170047,0.0029763754,0.0151647255,0.004644383,0.23154247,1.1272565,null,null,null,null,"TWOGAUSSIANS",8,2.0273268,0.12030877,1.08896835E-7,0.007311827,5.8727648E-5,2.4431036,0.048828535,0.9170047,0.0029763754,0.08492246,0.026008546,0.23154247,1.1272565
375316653866487564,4656619558260509824,0.52053607,2180.152586739146,0.11857264612197675,3.2467837E-5,17.100428,0.006250596,0.3253379,0.008281752,0.05491598,0.008136653,0.11861354,0.045614846,0.81807286,0.014999021,0.027246123,0.012764125,0.460621,0.20075591,null,null,null,null,"TWOGAUSSIANS",8,21.327751,0.81807286,0.014999021,0.1525783,0.0714791,0.460621,0.20075609,0.3253379,0.008281752,0.30752948,0.045565255,0.11861354,0.045614846
375316653866487564,4656625296336824960,0.51594204,2163.1017894861925,0.49236330267867895,4.206379E-5,18.292845,0.004981184,0.43230134,0.004154044,0.06878105,0.005701191,0.26048383,0.024141192,0.947355,0.0420873,0.083176464,0.06820977,0.02371349,0.011045191,null,null,null,null,"TWOGAUSSIANS",8,3.688413,0.43230134,0.0041518365,0.38517386,0.026703214,0.26006982,0.024351079,0.947355,0.0420873,0.4,0.14804806,0.023299484,0.012045298
375316653866487564,4656625846092527872,0.5225468,2137.5687906467415,0.378560532906167,9.661215E-6,16.987629,0.00221436,0.20088355,0.002617331,0.023624478,0.0063616326,0.05305834,0.01868182,0.69927853,0.012732075,0.02280352,0.0055351667,0.08407899,0.03413705,0.03919893,0.0042936434,0.20088355,0.002617331,"TWOGAUSSIANS_WITH_ELLIPSOIDAL_ON_ECLIPSE1",9,4.94283,0.69933856,0.012667618,0.12769972,0.030996932,0.16246916,0.031532966,0.20088355,0.002617331,0.13229707,0.03562514,0.1314562,0.01840384
375316653866487564,4656631339354957568,0.52608603,2065.4581407602427,0.16032673906379108,7.473448E-5,19.563694,0.013693494,0.16665179,0.017518647,0.057992402,0.034441058,0.098482765,0.024916561,0.6561469,0.006295447,0.049628742,0.0033298822,1.0078447,0.086481415,null,null,null,null,"TWOGAUSSIANS",8,1.491418,0.6561469,0.006295447,0.27792096,0.018647341,1.0078375,0.086479984,0.16665179,0.017518647,0.32475746,0.19286992,0.09847556,0.024958532
375316653866487564,4656631481089573120,0.5725349,2076.8317280459464,0.10259068113978644,5.0203957E-6,19.105965,0.0057370244,0.16395509,0.0019727992,0.037821647,0.0011195929,0.9109043,0.02036001,0.65559655,0.0072729457,0.03041773,0.00924491,0.6013923,0.16249916,null,null,null,null,"TWOGAUSSIANS",8,2.6044114,0.16395509,0.0019727992,0.21180123,0.0062697204,0.9109043,0.02036001,0.65559655,0.0072729457,0.17033929,0.0517715,0.6013923,0.16249916
375316653866487564,4656638864137510144,0.62907606,2119.9136766003794,0.07707118448006908,1.3575252E-5,19.209393,0.004280083,0.73335147,0.0073461533,0.010875539,0.0056538573,1.0691322,0.18913962,null,null,null,null,null,null,0.05754592,0.0033038226,0.73335147,0.0073461533,"ONEGAUSSIAN_WITH_ELLIPSOIDAL",6,1.4895573,0.73335147,0.0073461533,0.060903016,0.0316616,1.184224,0.18972576,null,null,null,null,null,null
375316653866487564,4656640689500931584,0.5577918,2081.004693509032,0.41780525439819965,8.9235E-5,19.305775,0.0034674793,0.19249687,0.01423259,0.0328644,0.012820036,0.8169974,0.21707132,0.6612102,0.024945784,0.055228457,0.034815703,0.04617041,0.020864654,null,null,null,null,"TWOGAUSSIANS",8,1.6799581,0.19249687,0.01423259,0.18404064,0.0717922,0.8169974,0.21707195,0.6612102,0.024945784,0.30927935,0.10426544,0.04617041,0.02087847
375316653866487564,4656642609345993472,0.5047012,2023.3762063160395,1.319810567512108,8.235775E-6,19.143818,0.030343488,0.28471953,0.0061871293,0.11654149,0.025624912,0.18954024,0.022894504,0.76692826,0.0041003614,0.08777103,0.009827859,0.3271743,0.02776644,null,null,null,null,"TWOGAUSSIANS",8,2.2578282,0.76692826,0.0041003614,0.4,0.0,0.30838323,0.016243009,0.28471953,0.0061871293,0.4,0.0,0.17070314,0.021482848
375316653866487564,4656649859251051520,0.54589903,2008.1410710815646,0.2498758109882495,2.5775773E-6,19.685043,0.0063114073,0.30210325,0.028744524,0.05931829,0.016980942,0.06257237,0.023456965,0.7770221,0.0011469665,0.018975148,0.0010003729,0.71305346,0.029337479,null,null,null,null,"TWOGAUSSIANS",8,1.4293123,0.7770221,0.0011469665,0.10626083,0.0056020883,0.71305346,0.029337479,0.30210325,0.028744524,0.3321824,0.09509327,0.06257237,0.023456968
375316653866487564,4656666081347538816,0.45471907,2137.6311871567395,1.1245068333951087,1.2564041E-5,19.39287,0.016729543,0.05392833,0.015758265,0.020296847,0.0074874954,0.32759655,0.015977897,0.60807043,0.06874622,0.14671819,0.09077374,0.04324399,0.019840047,null,null,null,null,"TWOGAUSSIANS",8,1.9076706,0.05391833,0.015753506,0.11366234,0.041929975,0.32769608,0.015629318,0.60807043,0.06874622,0.4,0.0,0.042881764,0.0176604
375316653866487564,4656668246009439232,0.5872914,2051.8373610552458,3.1493371576608147,4.4952158E-6,15.735561,0.009612227,0.1357186,0.0040587154,0.043930456,0.004239382,0.4170526,0.024907049,0.6382532,0.0020983666,0.042618893,0.00333008,0.31700417,0.026044829,0.03271842,0.013662181,0.1357186,0.0040587154,"TWOGAUSSIANS_WITH_ELLIPSOIDAL_ON_ECLIPSE1",9,74.37524,0.1357186,0.0040587154,0.24601056,0.02374054,0.48248932,0.010772095,0.6382532,0.0020933005,0.2386658,0.01864845,0.3824243,0.021751523
375316653866487564,4656679614784212352,0.47067177,2021.7006091143087,3.719479802215497,2.3188592E-5,17.793839,0.014921723,0.25794795,0.01106469,0.07553293,0.0090694595,0.17622675,0.017954167,0.7391422,0.009266148,0.077471435,0.016524887,0.22657591,0.019103244,null,null,null,null,"TWOGAUSSIANS",8,16.610386,0.7391422,0.009266148,0.4,0.0,0.225301,0.019868784,0.25794795,0.01106469,0.4,0.0051021427,0.17495184,0.016570248
375316653866487564,4656682466642499456,0.5210933,2056.6095700604697,0.11588228529693763,5.3419785E-6,19.846182,0.0063327546,0.2589798,0.0055743516,0.022564648,0.0020976714,1.3030647,0.21152471,0.75330687,0.0069677685,0.015895192,0.005624377,0.15571956,0.052570608,0.06862958,0.009278467,0.2589798,0.0055743516,"TWOGAUSSIANS_WITH_ELLIPSOIDAL_ON_ECLIPSE1",9,1.4539785,0.2589798,0.0055743516,0.12636203,0.011746961,1.4403238,0.21083468,0.7534068,0.006871957,0.08901307,0.03149651,0.2928074,0.04764133
375316653866487564,4656707068214907904,0.49548206,1996.569540403905,3.1275952297800202,1.23278805E-5,10.907717,0.15653263,0.24827144,0.004477579,0.16508186,0.026991121,0.63785255,0.29664204,0.7415189,0.0063669626,0.2858048,0.055950526,1.0816134,0.14837651,null,null,null,null,"TWOGAUSSIANS",8,520.165,0.25515142,0.005651599,0.4,0.0,0.14499635,0.0087455185,0.7415189,0.0063669626,0.4,0.0,0.13775967,0.008688358
375316653866487564,4656715834243998464,0.5012961,1974.2803918683662,0.6649547082809809,8.26499E-5,19.960695,0.005978069,0.33600038,0.009557886,0.022499977,0.0055426266,0.70468485,0.04117878,0.80915046,0.011805716,0.031048477,0.0060544563,0.17018023,0.027580868,null,null,null,null,"TWOGAUSSIANS",8,1.7586541,0.33600038,0.009557886,0.12599987,0.031038707,0.70468485,0.04117878,0.80915046,0.011805716,0.17387147,0.033904955,0.17018023,0.027580868
375316653866487564,4656743420825856000,0.50887597,2204.8657850107274,0.9206390008063763,3.7044625E-5,19.042606,0.008141746,0.23279779,0.013058548,0.10194526,0.013465751,0.1147477,0.014928241,0.705054,0.0027619512,0.07430148,0.0038899812,0.24596949,0.009894187,null,null,null,null,"TWOGAUSSIANS",8,1.6787088,0.705054,0.0027619512,0.4,0.0,0.2425009,0.008533501,0.23279779,0.013058548,0.4,0.0,0.111276425,0.014292881
375316653866487564,4656746723662834048,0.5373519,2170.361783915976,1.3404589519939583,1.6321446E-5,19.678516,0.0060251104,0.24619967,0.0037246349,0.05540585,0.0031956355,0.48469678,0.01543018,0.9514541,0.011691423,0.017206324,0.0108843995,0.01715647,0.040928517,0.0055668126,0.006445449,0.24619967,0.0037246349,"TWOGAUSSIANS_WITH_ELLIPSOIDAL_ON_ECLIPSE1",9,2.2713861,0.24619967,0.0037246349,0.31027278,0.017895559,0.49581313,0.010657209,0.9514541,0.011691423,0.096355416,0.060952637,0.017996624,0.041089855
375316653866487564,4656747337836139648,0.45768157,2150.1341173086826,0.11771863161129306,3.17661E-5,18.71565,0.0151684685,0.21980654,0.0283333,0.0948066,0.015616274,0.18475692,0.06130143,0.67958164,0.005754771,0.05854706,0.0052392813,0.32830086,0.024935348,null,null,null,null,"TWOGAUSSIANS",8,16.146557,0.67958164,0.005754771,0.32786354,0.029339977,0.32740876,0.024358317,0.21980654,0.0283333,0.4,0.0,0.18386333,0.061201926
375316653866487564,4656757370872427776,0.48943534,2263.672278603291,0.7725054354017225,1.9029038E-5,18.804407,0.0038403864,0.27332744,0.02938267,0.047949575,0.030605486,0.021476692,0.015193941,0.46380407,0.0028729802,0.021245364,0.001999085,0.2542481,0.02707954,null,null,null,null,"TWOGAUSSIANS",8,1.9082917,0.46380407,0.0028729802,0.11897404,0.011194877,0.25425616,0.027078718,0.27332744,0.02938267,0.2685176,0.17139071,0.021476692,0.015193941
375316653866487564,4656762799718627456,0.58385646,2184.514494253875,2.652275425660868,6.7229616E-6,18.129416,0.007338536,0.35301614,0.0013698346,0.0678736,0.0021694358,0.38822654,0.010794233,0.8554934,0.010530732,0.09435909,0.009885206,0.12510422,0.01177147,null,null,null,null,"TWOGAUSSIANS",8,3.3639774,0.35301614,0.0013698346,0.3800921,0.012148841,0.38504705,0.010468192,0.8554934,0.010530732,0.4,0.0,0.12192451,0.01188027
