Gaia/vari_eclipsing_binary/VariEclipsingBinary_684688-684761.csv
# %ECSV 1.0
# ---
# delimiter: ','
# meta: !!omap
# - RELEASE: Gaia DR3
# - TABLE: vari_eclipsing_binary
# - DESCRIPTION: >
#     This table describes the properties of the eclipsing binaries resulting from the variability analysis. 
# - CITATION: >
#     How to cite and acknowledge Gaia: 
#     https://gea.esac.esa.int/archive/documentation/credits.html 
# - KNOWN_ISSUES: >
#     Known issues: 
#     https://www.cosmos.esa.int/web/gaia-users/known-issues 
# - DOCUMENTATION: >
#     Tutorials and documentation: 
#     https://www.cosmos.esa.int/web/gaia-users/archive 
# datatype:
# - 
#   name: solution_id
#   datatype: int64
#   description: Solution Identifier
#   meta:
#     ucd: meta.version
# - 
#   name: source_id
#   datatype: int64
#   description: Unique source identifier
#   meta:
#     ucd: meta.id;meta.main
# - 
#   name: global_ranking
#   datatype: float32
#   description: Number between 0 (worst) and 1 (best)
#   meta:
#     ucd: stat.param
# - 
#   name: reference_time
#   datatype: float64
#   unit: d
#   description: Reference time used for the geometric model fit
#   meta:
#     ucd: time.epoch
# - 
#   name: frequency
#   datatype: float64
#   unit: d**-1
#   description: Frequency of geometric model of the eclipsing binary light curve
#   meta:
#     ucd: src.orbital
# - 
#   name: frequency_error
#   datatype: float32
#   unit: d**-1
#   description: "Uncertainty of \\texttt{frequency}"
#   meta:
#     ucd: stat.error
# - 
#   name: geom_model_reference_level
#   datatype: float32
#   unit: mag
#   description: Magnitude reference level of geometric model
#   meta:
#     ucd: phot.mag;em.opt
# - 
#   name: geom_model_reference_level_error
#   datatype: float32
#   unit: mag
#   description: "Uncertainty of \\texttt{geomModelReferenceLevel}"
#   meta:
#     ucd: stat.error;phot.mag;em.opt
# - 
#   name: geom_model_gaussian1_phase
#   datatype: float32
#   description: Phase of the Gaussian 1 component
#   meta:
#     ucd: time.phase
# - 
#   name: geom_model_gaussian1_phase_error
#   datatype: float32
#   description: "Uncertainty of \\texttt{geomModelGaussian1Phase}"
#   meta:
#     ucd: stat.error;time.phase
# - 
#   name: geom_model_gaussian1_sigma
#   datatype: float32
#   description: "Standard deviation [phase] of Gaussian 1 component"
#   meta:
#     ucd: stat.stdev
# - 
#   name: geom_model_gaussian1_sigma_error
#   datatype: float32
#   description: "Uncertainty of \\texttt{geomModelGaussian1Sigma}"
#   meta:
#     ucd: stat.error
# - 
#   name: geom_model_gaussian1_depth
#   datatype: float32
#   unit: mag
#   description: Magnitude depth of Gaussian 1 component
#   meta:
#     ucd: src.var.amplitude
# - 
#   name: geom_model_gaussian1_depth_error
#   datatype: float32
#   unit: mag
#   description: "Uncertainty of \\texttt{geomModelGaussian1Depth}"
#   meta:
#     ucd: stat.error;src.var.amplitude
# - 
#   name: geom_model_gaussian2_phase
#   datatype: float32
#   description: Phase of Gaussian 2 component
#   meta:
#     ucd: time.phase
# - 
#   name: geom_model_gaussian2_phase_error
#   datatype: float32
#   description: "Uncertainty of \\texttt{geomModelGaussian2Phase}"
#   meta:
#     ucd: stat.error;time.phase
# - 
#   name: geom_model_gaussian2_sigma
#   datatype: float32
[...]
#   datatype: float32
#   description: "Secondary eclipse: uncertainty of \\texttt{derivedSecondaryEclDuration}"
#   meta:
#     ucd: stat.error;time.duration
# - 
#   name: derived_secondary_ecl_depth
#   datatype: float32
#   unit: mag
#   description: "Secondary eclipse: depth"
#   meta:
#     ucd: src.var.amplitude
# - 
#   name: derived_secondary_ecl_depth_error
#   datatype: float32
#   unit: mag
#   description: "Secondary eclipse: uncertainty of \\texttt{derivedSecondaryEclDepth}"
#   meta:
#     ucd: stat.error;src.var.amplitude
solution_id,source_id,global_ranking,reference_time,frequency,frequency_error,geom_model_reference_level,geom_model_reference_level_error,geom_model_gaussian1_phase,geom_model_gaussian1_phase_error,geom_model_gaussian1_sigma,geom_model_gaussian1_sigma_error,geom_model_gaussian1_depth,geom_model_gaussian1_depth_error,geom_model_gaussian2_phase,geom_model_gaussian2_phase_error,geom_model_gaussian2_sigma,geom_model_gaussian2_sigma_error,geom_model_gaussian2_depth,geom_model_gaussian2_depth_error,geom_model_cosine_half_period_amplitude,geom_model_cosine_half_period_amplitude_error,geom_model_cosine_half_period_phase,geom_model_cosine_half_period_phase_error,model_type,num_model_parameters,reduced_chi2,derived_primary_ecl_phase,derived_primary_ecl_phase_error,derived_primary_ecl_duration,derived_primary_ecl_duration_error,derived_primary_ecl_depth,derived_primary_ecl_depth_error,derived_secondary_ecl_phase,derived_secondary_ecl_phase_error,derived_secondary_ecl_duration,derived_secondary_ecl_duration_error,derived_secondary_ecl_depth,derived_secondary_ecl_depth_error
[from data line 256]
375316653866487564,6022907990091105024,0.45365104,2096.1999350543265,0.9337407641587948,3.471872E-5,17.897114,0.018229192,0.3225385,0.0077279652,0.08387432,0.019098405,0.10925167,0.020740692,0.8339863,0.02035095,0.06956568,0.033995308,0.12701459,0.041731466,null,null,null,null,"TWOGAUSSIANS",8,4.963267,0.8339863,0.02035095,0.38956782,0.13303003,0.12611492,0.042335697,0.3225385,0.0077279652,0.4,0.0,0.10835199,0.020914882
375316653866487564,6022908333688436608,0.5283743,2095.1767127804656,2.51596221565143,2.4266688E-5,19.02645,0.019754507,0.24962898,0.010449299,0.09832164,0.018531086,0.22785008,0.029700864,0.7325179,0.004448942,0.08970771,0.0071129724,0.3712722,0.021809135,null,null,null,null,"TWOGAUSSIANS",8,2.657892,0.7325179,0.004448942,0.4,0.0,0.35826367,0.017520208,0.24962898,0.010449299,0.4,0.0,0.2148402,0.03160308
375316653866487564,6022911464742662528,0.5808271,2050.2774868518104,0.9361471817927143,7.3485526E-6,17.944267,0.0035261165,0.22765137,0.008111856,0.025114367,0.0069418433,0.0444134,0.010244154,0.7218261,5.136323E-4,0.03302345,9.926383E-4,0.39363742,0.007509565,0.006396783,0.0046836943,0.7218261,5.136323E-4,"TWOGAUSSIANS_WITH_ELLIPSOIDAL_ON_ECLIPSE2",9,3.7034469,0.7218261,5.136323E-4,0.18493131,0.005558775,0.40643096,0.0063986,0.22757137,0.0080178045,0.14064045,0.03887432,0.057190064,0.009210306
375316653866487564,6022913350210767616,0.5297167,2076.2669036527577,3.050739270207655,2.2798811E-5,18.46783,0.012277331,0.29619887,0.0044575986,0.08189128,0.007098928,0.2534573,0.012499617,0.7983789,0.0052149273,0.08227434,0.005896576,0.3234298,0.012595099,null,null,null,null,"TWOGAUSSIANS",8,4.327755,0.7983789,0.0052149273,0.4,0.0,0.31811184,0.009488315,0.29619887,0.0044575986,0.4,0.0,0.24813938,0.011100213
375316653866487564,6022914690239342464,0.58531773,2037.2904914478986,3.80121343745156,3.9210836E-6,18.10232,0.0026537068,0.25001705,9.0412074E-4,0.07130008,0.0015194666,0.28664577,0.0036317501,0.7515597,0.0014024187,0.06354062,0.002113369,0.27421433,0.0071515115,null,null,null,null,"TWOGAUSSIANS",8,1.9855015,0.25001705,9.0412074E-4,0.39928046,0.0071617514,0.28609067,0.0036073,0.7515597,0.0014024187,0.35582748,0.011834866,0.27365923,0.0072110035
375316653866487564,6022918023134277504,0.58245885,2037.142284595927,1.3408299056069313,7.4583263E-6,19.224247,0.0062890816,0.2864639,0.0011469595,0.034598503,7.73498E-4,0.78454345,0.018889578,0.7888441,0.0069521125,0.043561388,0.0077794674,0.14599532,0.030880345,null,null,null,null,"TWOGAUSSIANS",8,2.4343305,0.2864639,0.0011469595,0.19375162,0.0043315887,0.78454345,0.018889576,0.7888441,0.0069521125,0.24394378,0.043565016,0.14599532,0.030880349
375316653866487564,6022922494218373888,0.46628177,2032.6217743031252,1.1732538536577162,3.6170215E-5,17.309668,0.0055039404,0.43582618,0.0061679175,0.027748082,0.009648908,0.16367805,0.02664024,0.93623525,0.0014909969,0.017823625,0.0010778992,0.33305988,0.02058977,null,null,null,null,"TWOGAUSSIANS",8,44.080864,0.93623525,0.0014909969,0.0998123,0.0060362355,0.33305988,0.02058977,0.43582618,0.0061679175,0.15538926,0.054033883,0.16367805,0.02664024
375316653866487564,6022924624506132992,0.55902356,2032.0007069168355,3.241015940167349,1.2872258E-5,19.564611,0.024060668,0.1771755,0.0053859446,0.041207075,0.0079178745,0.38321823,0.059007768,0.68247247,0.0026879625,0.05416339,0.004867682,0.5706654,0.063976265,0.11654486,0.037091568,0.1771755,0.0053859446,"TWOGAUSSIANS_WITH_ELLIPSOIDAL_ON_ECLIPSE1",9,2.362054,0.68247247,0.0026879625,0.30331498,0.027259016,0.8034877,0.043486077,0.1771755,0.0053859446,0.2307596,0.044340096,0.6162986,0.020020008
375316653866487564,6022924860723094016,0.5161021,2047.8655122629273,0.178564964,1.1206321E-6,19.178076,0.016851867,0.322791,0.057136163,0.16126323,0.09714375,0.03894256,0.014889274,0.46997076,8.7845797E-7,8.812875E-4,1.25015995E-5,11.046322,0.63610476,null,null,null,null,"TWOGAUSSIANS",8,2.273816,0.46997076,8.7845797E-7,0.00493521,7.000896E-5,11.071362,0.6581568,0.322791,0.057136163,0.4,0.0,0.03830581,0.011908468
375316653866487564,6022928541532588544,0.55906534,2050.0335062234976,3.7188812143005525,9.371198E-6,17.36926,0.0084475465,0.25309384,0.0030596429,0.08720752,0.00419605,0.26361427,0.0091228,0.74461305,0.0036038863,0.0872223,0.0050984854,0.30578467,0.01097032,null,null,null,null,"TWOGAUSSIANS",8,9.698117,0.74461305,0.0036038863,0.4,0.0,0.29767847,0.01024315,0.25309384,0.0030596429,0.4,0.0,0.25550807,0.007033224
375316653866487564,6022928610252055040,0.5806427,2055.4660360816288,2.4736945478366965,9.694669E-6,18.499016,0.0049874187,0.23015001,0.0041445517,0.08504193,0.004276203,0.14726803,0.0062005804,0.71843344,0.0021313236,0.06970191,0.0022158113,0.48638415,0.0100177415,null,null,null,null,"TWOGAUSSIANS",8,2.0986981,0.71843344,0.0021313236,0.3903307,0.012408543,0.48431474,0.009905264,0.23015001,0.0041445517,0.4,0.0,0.14519861,0.005765295
375316653866487564,6022929224413112448,0.5307473,2063.7964112938234,2.9791793031448184,1.5201787E-5,18.628431,0.013060524,0.21343653,0.0064297817,0.07751291,0.008598547,0.30722144,0.010077996,0.72961706,0.004514574,0.080446325,0.0054343925,0.3006422,0.0154393455,null,null,null,null,"TWOGAUSSIANS",8,4.4830465,0.21343653,0.0064297817,0.4,0.0,0.30430552,0.0091806585,0.72961706,0.004514574,0.4,0.0,0.29772627,0.014091411
375316653866487564,6022930328238995072,0.47597897,2053.0015725802778,1.7891122027309738,2.292477E-5,17.945671,0.014208237,0.3141836,0.0054233703,0.11383416,0.017938832,0.09145808,0.013191772,0.81417096,0.006767765,0.090411775,0.022742474,0.07593198,0.011748155,null,null,null,null,"TWOGAUSSIANS",8,2.3030953,0.3141836,0.0054233703,0.4,0.0,0.08309771,0.0048635053,0.81417096,0.006773276,0.4,0.0,0.067583404,0.009818137
375316653866487564,6022931736988710144,0.58240646,2034.803226325189,2.8241981876738427,6.969702E-6,16.858679,0.01361552,0.18260674,0.00328386,0.059016835,0.004246513,0.3826243,0.036215663,0.6893512,0.0011339608,0.055226076,0.0044687483,0.28914893,0.02476395,0.102467805,0.0154945105,0.6893512,0.0011339608,"TWOGAUSSIANS_WITH_ELLIPSOIDAL_ON_ECLIPSE2",9,26.583426,0.18347675,0.002801889,0.33049428,0.02378047,0.58719933,0.0316535,0.6893512,0.0011339608,0.30926603,0.025024991,0.4940446,0.011790274
375316653866487564,6022931736988710528,0.522845,2033.7191427993814,3.4392936041055098,1.6856544E-5,17.002687,0.432157,0.26027882,0.0060239565,0.18368073,0.12210651,0.22732127,0.42572066,0.7739737,0.010698163,0.13893811,0.041664325,0.21880764,0.2607755,null,null,null,null,"TWOGAUSSIANS",8,3.4253142,0.7771437,0.0055428916,0.4,0.0,0.10602503,0.0071276245,0.25935882,0.00426527,0.4,0.0,0.10382466,0.0049965624
375316653866487564,6022932630326566400,0.47738314,2012.886619541967,2.0382697637076372,1.3543936E-5,18.17005,0.0024676058,0.28300858,0.0038667724,0.050211575,0.005309743,0.12708086,0.012771646,0.76955926,0.0043372246,0.045375723,0.004686029,0.12042431,0.0070628747,null,null,null,null,"TWOGAUSSIANS",8,2.5888855,0.28300858,0.0038667724,0.28118482,0.029734561,0.12708072,0.012771829,0.76955926,0.0043372246,0.25410405,0.026241763,0.120424174,0.0070629525
375316653866487564,6022933317536754816,0.42702806,2039.654511474477,1.6151884683120428,3.9440383E-5,18.20743,0.012677611,0.2723823,0.010135569,0.09148639,0.012616517,0.16082667,0.019773437,0.7898435,0.02672037,0.05795925,0.03576732,0.08104571,0.040497277,null,null,null,null,"TWOGAUSSIANS",8,21.13414,0.2723823,0.010135569,0.4,0.0,0.16022786,0.019474424,0.7898435,0.02672037,0.32457182,0.20029698,0.08044707,0.041005664
375316653866487564,6022933661119081984,0.48106945,2027.4396863814013,3.0411251886412165,2.8556424E-5,19.65268,0.029310565,0.31367746,0.004496909,0.099335164,0.012685216,0.34922418,0.028670507,0.80359966,0.00723595,0.10374998,0.012813,0.29326636,0.032990795,null,null,null,null,"TWOGAUSSIANS",8,3.0268478,0.31367746,0.0044966512,0.4,0.0,0.3220056,0.031120248,0.80359966,0.00723595,0.4,0.0,0.2660444,0.022830488
375316653866487564,6022934447086677504,0.5590802,2039.2928427577058,2.367872301166976,5.482483E-6,18.96768,0.0072550494,0.24873024,0.0023070648,0.038245425,0.0039557223,0.24846543,0.033323705,0.7514424,0.002037407,0.037088603,0.0034505764,0.33351722,0.022859953,0.10843276,0.009781484,0.24873024,0.0023070648,"TWOGAUSSIANS_WITH_ELLIPSOIDAL_ON_ECLIPSE1",9,3.2075288,0.7514424,0.002037407,0.20769618,0.019323228,0.5503193,0.02215687,0.24873024,0.0023070648,0.21417437,0.022152046,0.4653305,0.034101345
375316653866487564,6022934618885309440,0.52638054,2029.6718425266445,2.964004399521625,1.1262419E-5,19.38449,0.007225794,0.26075396,0.0030280792,0.075048484,0.0038779227,0.34233883,0.008447755,0.74989295,0.0032565284,0.076952145,0.0031667745,0.39075288,0.015050829,null,null,null,null,"TWOGAUSSIANS",8,2.0779839,0.74989295,0.0032565284,0.4,0.0,0.38817272,0.0149815995,0.26075396,0.0030280792,0.4,0.0,0.3397587,0.008010398
375316653866487564,6022935374799617408,0.472505,2023.5930699330831,0.04938593203523331,5.3836517E-5,17.843086,0.0030299681,0.72600585,0.001664029,0.014148255,0.0039804503,1.4054013,0.9322601,0.9575435,0.0014880523,0.0073518846,8.527909E-4,0.11595063,0.017904757,null,null,null,null,"TWOGAUSSIANS",8,10.552754,0.72600585,0.001664029,0.07923023,0.022290522,1.4054013,0.9322601,0.9575435,0.0014880523,0.041170552,0.004775629,0.11595063,0.017904757
375316653866487564,6022935825782331136,0.4788104,2040.7518702630343,3.6319245137210716,2.9529874E-5,19.534058,0.022977246,0.24474299,0.006575518,0.09323647,0.016138153,0.28753364,0.020478535,0.7404397,0.008335042,0.08528076,0.012481434,0.22243041,0.025429958,null,null,null,null,"TWOGAUSSIANS",8,3.532327,0.24474299,0.006575518,0.4,0.0,0.27813828,0.016824907,0.7404397,0.008335042,0.4,0.0,0.21303537,0.018346988
375316653866487564,6022936272474263168,0.5941632,2033.9872184909834,3.0418005282629563,9.215932E-6,17.88849,0.019983135,0.25032339,0.0023902678,0.04469566,0.016204728,0.15295774,0.035936173,0.7451225,0.0036895066,0.051072072,0.008582766,0.19321693,0.048457842,0.12111462,0.028613286,0.25032339,0.0023902678,"TWOGAUSSIANS_WITH_ELLIPSOIDAL_ON_ECLIPSE1",9,5.8532662,0.7461925,0.0027655524,0.28600362,0.04806349,0.43523884,0.019627709,0.25032339,0.0023902678,0.2502957,0.09074648,0.3951852,0.023650568
375316653866487564,6022937303266466176,0.5391209,2023.693293343643,2.454817647863281,1.44486685E-5,16.768051,0.0077240034,0.2634837,0.0032283035,0.10129229,0.00672011,0.16560867,0.008114602,0.77082694,0.004096721,0.090932205,0.006544175,0.18383089,0.011257465,null,null,null,null,"TWOGAUSSIANS",8,9.671568,0.77082694,0.004096721,0.4,0.0,0.17316997,0.011363263,0.2634837,0.0032283035,0.4,0.0,0.15494607,0.0067804763
375316653866487564,6022937887381990144,0.46806294,2028.640145063023,0.2679874062671169,2.831729E-5,17.927744,0.005315414,0.19073042,0.007927074,0.080321416,0.0063741063,0.10391492,0.010667111,0.68090457,0.0070231617,0.03322395,0.0054062568,0.2019166,0.006450332,null,null,null,null,"TWOGAUSSIANS",8,12.989558,0.68090457,0.0070231617,0.18605411,0.030275038,0.20190704,0.0064494703,0.19073042,0.007927074,0.4,0.0,0.10390535,0.010666471
375316653866487564,6022938368418414208,0.5892376,2026.221724431637,2.4191964049289236,5.0248395E-6,17.385454,0.012416607,0.23700888,0.0015692546,0.058059495,0.0035493758,0.3727689,0.027736038,0.7394382,9.34422E-4,0.05660073,0.0032425034,0.3099671,0.025030183,0.07086526,0.01527501,0.23700888,0.0015692546,"TWOGAUSSIANS_WITH_ELLIPSOIDAL_ON_ECLIPSE1",9,13.04097,0.23700888,0.0015692546,0.32513317,0.019876504,0.5144488,0.011986392,0.7394382,9.34422E-4,0.3169641,0.01815802,0.45161402,0.008383233
375316653866487564,6022938467176104320,0.5673584,2022.6946744898553,2.7241333090634483,2.2725948E-5,18.821728,0.008738443,0.26410753,0.0017578182,0.050192133,0.0049410253,0.25243774,0.019656846,0.7687495,0.0028148608,0.046965133,0.004210471,0.18125634,0.021482777,0.11141796,0.011391951,0.26410753,0.0017578182,"TWOGAUSSIANS_WITH_ELLIPSOIDAL_ON_ECLIPSE1",9,3.2345965,0.26410753,0.0017578182,0.28107595,0.02766974,0.47527233,0.0126770865,0.7687495,0.0028148608,0.26300475,0.023578638,0.40390143,0.013070395
375316653866487564,6022939605369010176,0.5316676,2009.65161503697,1.6863380176945133,1.8375853E-5,16.165691,0.0040523186,0.269467,0.0042840005,0.03549881,0.0046154796,0.24810073,0.014693113,0.7672691,0.0026528973,0.029641168,0.002538124,0.25172538,0.021282176,0.022068487,0.011217305,0.269467,0.0042840005,"TWOGAUSSIANS_WITH_ELLIPSOIDAL_ON_ECLIPSE1",9,74.87924,0.76729906,0.0026157177,0.16599055,0.014213495,0.29585403,0.02002288,0.269467,0.0042840005,0.19879334,0.025846686,0.2922377,0.01414144
375316653866487564,6022939742807920256,0.67301255,2023.186013271741,1.1743645487673349,5.07977E-6,16.548752,0.0016590218,0.2082882,0.0014151519,0.044966716,0.007118952,0.017541721,0.0044730925,0.7090752,7.4901525E-4,0.056783944,9.503992E-4,0.2804034,0.004097648,0.05612569,0.002317042,0.2082882,0.0014151519,"TWOGAUSSIANS_WITH_ELLIPSOIDAL_ON_ECLIPSE1",9,2.4470506,0.7090752,7.454929E-4,0.3179901,0.0053222356,0.3926354,0.0024353866,0.2082882,0.0014151519,0.25181362,0.03986613,0.12977645,0.002303082
375316653866487564,6022940356963904640,0.49903536,2046.528234881395,3.041724880820053,1.32439445E-5,18.9,0.033775553,0.278587,0.0035497968,0.10659271,0.013964377,0.2224081,0.031455014,0.77590704,0.0051283897,0.1127827,0.014379608,0.23378219,0.033992276,null,null,null,null,"TWOGAUSSIANS",8,1.9366689,0.77590704,0.0051283897,0.4,0.0,0.20075306,0.009230566,0.27859703,0.0035673738,0.4,0.0,0.1893969,0.010830956
375316653866487564,6022941559555050368,0.5725378,2024.9488813852927,3.7420448219217155,4.9044456E-6,19.605108,0.01879062,0.26414496,0.0020284236,0.04627277,0.0044316896,0.47580072,0.04202405,0.7608125,0.0017397228,0.049169894,0.004841635,0.3939393,0.032510158,0.12248097,0.021827513,0.26414496,0.0020284236,"TWOGAUSSIANS_WITH_ELLIPSOIDAL_ON_ECLIPSE1",9,2.1491554,0.26414496,0.0020284236,0.25912753,0.024817461,0.7207616,0.027060978,0.7611625,0.001493013,0.2753514,0.027113156,0.6388042,0.016101183
375316653866487564,6022941662634284800,0.5917374,2036.388268811129,0.42209719543428087,8.717131E-6,18.869442,0.0039387983,0.24801157,0.0012847104,0.026822131,0.0019364571,0.78515327,0.02474178,0.74848187,0.004672329,0.027683435,0.004883019,0.095560044,0.01154676,0.018737635,0.005882307,0.24801157,0.0012847104,"TWOGAUSSIANS_WITH_ELLIPSOIDAL_ON_ECLIPSE1",9,2.12566,0.24801157,0.0012847104,0.15020394,0.01084416,0.82262856,0.025779812,0.74848187,0.0046319724,0.15502724,0.027344905,0.13303499,0.010149457
375316653866487564,6022941907471626880,0.63275224,2049.2180445363324,3.0556900228518535,2.3639172E-6,16.257833,0.010132441,0.22459553,6.2459294E-4,0.050963458,0.0026775743,0.37116587,0.018932883,0.728474,0.0010847524,0.047312092,0.0030452316,0.27731535,0.021164881,0.113926925,0.012481162,0.22459553,6.2459294E-4,"TWOGAUSSIANS_WITH_ELLIPSOIDAL_ON_ECLIPSE1",9,24.295809,0.22459553,6.2459294E-4,0.28539535,0.014994416,0.5990172,0.011491462,0.728474,0.0010847524,0.2649477,0.017053297,0.5050314,0.009604626
375316653866487564,6022943247487938560,0.5205243,2038.9865113806723,1.402319765114169,2.3930841E-5,19.657919,0.0035299328,0.2021196,0.0017332871,0.044675414,0.003153673,0.3009547,0.015913488,0.69500065,5.1998097E-4,0.03462296,9.366059E-4,1.1684154,0.08053518,null,null,null,null,"TWOGAUSSIANS",8,1.9354063,0.69500065,5.1998097E-4,0.19388859,0.005244993,1.1684154,0.08053519,0.2021196,0.0017332871,0.25018233,0.017660568,0.3009547,0.01591349
375316653866487564,6022944480132915200,0.6093034,2028.942173781092,1.509711055470113,3.24598E-5,18.64606,0.0022402734,0.25853372,0.0016845447,0.034667287,0.0013463462,0.8013886,0.02225445,0.7593847,0.003244132,0.04999487,0.0030804495,0.115881436,0.0062848753,null,null,null,null,"TWOGAUSSIANS",8,2.231648,0.25853372,0.0016845447,0.1941368,0.007539539,0.80138856,0.022254454,0.7593847,0.003244132,0.27997127,0.017250517,0.11588142,0.00628488
