Gaia/vari_eclipsing_binary/VariEclipsingBinary_031741-032189.csv
# %ECSV 1.0
# ---
# delimiter: ','
# meta: !!omap
# - RELEASE: Gaia DR3
# - TABLE: vari_eclipsing_binary
# - DESCRIPTION: >
#     This table describes the properties of the eclipsing binaries resulting from the variability analysis. 
# - CITATION: >
#     How to cite and acknowledge Gaia: 
#     https://gea.esac.esa.int/archive/documentation/credits.html 
# - KNOWN_ISSUES: >
#     Known issues: 
#     https://www.cosmos.esa.int/web/gaia-users/known-issues 
# - DOCUMENTATION: >
#     Tutorials and documentation: 
#     https://www.cosmos.esa.int/web/gaia-users/archive 
# datatype:
# - 
#   name: solution_id
#   datatype: int64
#   description: Solution Identifier
#   meta:
#     ucd: meta.version
# - 
#   name: source_id
#   datatype: int64
#   description: Unique source identifier
#   meta:
#     ucd: meta.id;meta.main
# - 
#   name: global_ranking
#   datatype: float32
#   description: Number between 0 (worst) and 1 (best)
#   meta:
#     ucd: stat.param
# - 
#   name: reference_time
#   datatype: float64
#   unit: d
#   description: Reference time used for the geometric model fit
#   meta:
#     ucd: time.epoch
# - 
#   name: frequency
#   datatype: float64
#   unit: d**-1
#   description: Frequency of geometric model of the eclipsing binary light curve
#   meta:
#     ucd: src.orbital
# - 
#   name: frequency_error
#   datatype: float32
#   unit: d**-1
#   description: "Uncertainty of \\texttt{frequency}"
#   meta:
#     ucd: stat.error
# - 
#   name: geom_model_reference_level
#   datatype: float32
#   unit: mag
#   description: Magnitude reference level of geometric model
#   meta:
#     ucd: phot.mag;em.opt
# - 
#   name: geom_model_reference_level_error
#   datatype: float32
#   unit: mag
#   description: "Uncertainty of \\texttt{geomModelReferenceLevel}"
#   meta:
#     ucd: stat.error;phot.mag;em.opt
# - 
#   name: geom_model_gaussian1_phase
#   datatype: float32
#   description: Phase of the Gaussian 1 component
#   meta:
#     ucd: time.phase
# - 
#   name: geom_model_gaussian1_phase_error
#   datatype: float32
#   description: "Uncertainty of \\texttt{geomModelGaussian1Phase}"
#   meta:
#     ucd: stat.error;time.phase
# - 
#   name: geom_model_gaussian1_sigma
#   datatype: float32
#   description: "Standard deviation [phase] of Gaussian 1 component"
#   meta:
#     ucd: stat.stdev
# - 
#   name: geom_model_gaussian1_sigma_error
#   datatype: float32
#   description: "Uncertainty of \\texttt{geomModelGaussian1Sigma}"
#   meta:
#     ucd: stat.error
# - 
#   name: geom_model_gaussian1_depth
#   datatype: float32
#   unit: mag
#   description: Magnitude depth of Gaussian 1 component
#   meta:
#     ucd: src.var.amplitude
# - 
#   name: geom_model_gaussian1_depth_error
#   datatype: float32
#   unit: mag
#   description: "Uncertainty of \\texttt{geomModelGaussian1Depth}"
#   meta:
#     ucd: stat.error;src.var.amplitude
# - 
#   name: geom_model_gaussian2_phase
#   datatype: float32
#   description: Phase of Gaussian 2 component
#   meta:
#     ucd: time.phase
# - 
#   name: geom_model_gaussian2_phase_error
#   datatype: float32
#   description: "Uncertainty of \\texttt{geomModelGaussian2Phase}"
#   meta:
#     ucd: stat.error;time.phase
# - 
#   name: geom_model_gaussian2_sigma
#   datatype: float32
[...]
#   datatype: float32
#   description: "Secondary eclipse: uncertainty of \\texttt{derivedSecondaryEclDuration}"
#   meta:
#     ucd: stat.error;time.duration
# - 
#   name: derived_secondary_ecl_depth
#   datatype: float32
#   unit: mag
#   description: "Secondary eclipse: depth"
#   meta:
#     ucd: src.var.amplitude
# - 
#   name: derived_secondary_ecl_depth_error
#   datatype: float32
#   unit: mag
#   description: "Secondary eclipse: uncertainty of \\texttt{derivedSecondaryEclDepth}"
#   meta:
#     ucd: stat.error;src.var.amplitude
solution_id,source_id,global_ranking,reference_time,frequency,frequency_error,geom_model_reference_level,geom_model_reference_level_error,geom_model_gaussian1_phase,geom_model_gaussian1_phase_error,geom_model_gaussian1_sigma,geom_model_gaussian1_sigma_error,geom_model_gaussian1_depth,geom_model_gaussian1_depth_error,geom_model_gaussian2_phase,geom_model_gaussian2_phase_error,geom_model_gaussian2_sigma,geom_model_gaussian2_sigma_error,geom_model_gaussian2_depth,geom_model_gaussian2_depth_error,geom_model_cosine_half_period_amplitude,geom_model_cosine_half_period_amplitude_error,geom_model_cosine_half_period_phase,geom_model_cosine_half_period_phase_error,model_type,num_model_parameters,reduced_chi2,derived_primary_ecl_phase,derived_primary_ecl_phase_error,derived_primary_ecl_duration,derived_primary_ecl_duration_error,derived_primary_ecl_depth,derived_primary_ecl_depth_error,derived_secondary_ecl_phase,derived_secondary_ecl_phase_error,derived_secondary_ecl_duration,derived_secondary_ecl_duration_error,derived_secondary_ecl_depth,derived_secondary_ecl_depth_error
[from data line 215]
375316653866487564,279911234956228224,0.66012067,2270.871129607667,1.1920915950935398,2.372071E-6,16.122421,0.0036554192,0.27481633,0.0015563574,0.0988181,0.0021047394,0.31674245,0.004687759,0.77049655,9.565287E-4,0.08876143,0.001982031,0.32579988,0.004208,null,null,null,null,"TWOGAUSSIANS",8,5.6310587,0.77049655,9.565287E-4,0.4,0.0,0.30853826,0.0042946334,0.27481633,0.0015563574,0.4,0.0,0.29947913,0.004282409
375316653866487564,279911299378106240,0.45933047,2278.046580771473,0.037204078989174084,1.2364785E-5,19.752169,0.008133357,0.3207462,0.0044417204,0.082942,0.0071391524,0.29149944,0.01824371,0.9154724,0.0054547344,0.048496004,0.007030498,0.16614898,0.05312636,null,null,null,null,"TWOGAUSSIANS",8,2.3668783,0.3207462,0.0044417204,0.4,0.0,0.291483,0.018252876,0.9154724,0.0054547344,0.27157763,0.039370786,0.16613448,0.05313492
375316653866487564,279912158374300672,0.49263158,2236.306414517494,2.7294431812175337,1.7968448E-5,19.75121,0.021652682,0.24987528,0.0050899126,0.09351966,0.00822268,0.49372685,0.0299944,0.7481385,0.010485285,0.08676906,0.013211022,0.27499148,0.032377962,null,null,null,null,"TWOGAUSSIANS",8,3.8746743,0.24987528,0.0050899126,0.4,0.0,0.47830948,0.030098025,0.7481385,0.010485285,0.4,0.0,0.2595747,0.031121917
375316653866487564,279915182028601216,0.5881217,2291.300118415467,0.9805260928178101,4.0133114E-6,17.997955,0.0027392835,0.13419336,9.4448857E-4,0.026142024,0.0014513865,0.23158588,0.006963164,0.6346746,0.0028221977,0.03077059,0.005046773,0.08604415,0.0075474866,0.019055748,0.004031265,0.13419336,9.4448857E-4,"TWOGAUSSIANS_WITH_ELLIPSOIDAL_ON_ECLIPSE1",9,1.5757037,0.13419336,9.4448857E-4,0.14639533,0.008127764,0.2696973,0.005898376,0.6346746,0.0027880804,0.1723153,0.028261928,0.12415524,0.008248483
375316653866487564,279923982419097856,0.6038615,2269.1381296535505,2.940394434125798,2.0013338E-6,17.518497,0.0045983805,0.256016,0.0013199262,0.08052444,0.0022341206,0.41739747,0.013181941,0.7529147,0.0010731701,0.07723544,0.0014785536,0.45851147,0.0073744566,null,null,null,null,"TWOGAUSSIANS",8,4.9193964,0.7529147,0.0010731701,0.4,0.0,0.45310414,0.0073073013,0.256016,0.0013199262,0.4,0.0,0.41199014,0.013565582
375316653866487564,279927006076541312,0.6593733,2243.015554113802,0.39382876988022086,2.0459263E-6,15.748066,6.5341895E-4,0.23511927,8.726574E-4,0.017108953,0.0014743148,0.2726433,0.010624751,0.73525745,5.0819584E-4,0.016087458,5.367798E-4,0.42384273,0.013200918,null,null,null,null,"TWOGAUSSIANS",8,6.8951197,0.73525745,5.0819584E-4,0.09008976,0.0030059668,0.42384273,0.013200918,0.23511927,8.726574E-4,0.09581013,0.0082561625,0.2726433,0.010624751
375316653866487564,279928449185468928,0.5185998,2221.8452481273257,2.877251144504447,9.393282E-6,15.57436,0.010861075,0.25054348,0.0038474798,0.085392356,0.0077325185,0.3476811,0.014207227,0.74581635,0.0026602065,0.09282907,0.0041318475,0.33752412,0.012126062,null,null,null,null,"TWOGAUSSIANS",8,143.45396,0.25054348,0.0038474798,0.4,0.0,0.33528063,0.015637476,0.74581635,0.0026602065,0.4,0.0,0.3251233,0.009905311
375316653866487564,279928483545206528,0.5758159,2236.9749647676276,2.9857384230171045,3.3417298E-6,17.872028,0.006993728,0.30662525,0.0011579375,0.05192292,0.0042736703,0.16243182,0.015623635,0.8166919,0.0055636023,0.05407655,0.0070554,0.11019679,0.020410508,0.09838011,0.009689592,0.30662525,0.0011579375,"TWOGAUSSIANS_WITH_ELLIPSOIDAL_ON_ECLIPSE1",9,4.1296616,0.30662525,0.0011579375,0.29076836,0.023932552,0.35918945,0.007849572,0.8166919,0.0055636023,0.30282867,0.03951024,0.30616832,0.012488587
375316653866487564,279928998941272448,0.6556868,2244.5177616692026,0.868619666366307,1.4997416E-6,13.5586,0.0034581183,0.29611006,5.3357263E-4,0.029949183,5.1937485E-4,1.1703867,0.019025965,0.7991136,0.0030063991,0.025954772,0.004420798,0.0957564,0.009064112,0.02358461,0.00501748,0.7991136,0.0030063991,"TWOGAUSSIANS_WITH_ELLIPSOIDAL_ON_ECLIPSE2",9,193.08403,0.29612008,5.3357263E-4,0.16771543,0.002908499,1.2175392,0.019459449,0.7991136,0.0030063991,0.14534673,0.024756467,0.1429256,0.0071052155
375316653866487564,279929583056913920,0.55381113,2248.5091692653305,3.0236345746583844,4.972216E-6,17.114822,0.0047901548,0.2539597,0.001929914,0.08322713,0.0027331382,0.2341292,0.0067899725,0.74414796,0.0029744233,0.08247089,0.0034244491,0.2573127,0.008972913,null,null,null,null,"TWOGAUSSIANS",8,8.380573,0.74414796,0.0029744233,0.4,0.0,0.2529948,0.008835699,0.2539597,0.001929914,0.4,0.0,0.22981133,0.0064342087
375316653866487564,279935905248765696,0.6515619,2275.842763054492,0.3055325688031193,2.274373E-6,14.82298,0.003375121,0.27312368,9.734858E-4,0.024114067,7.6359033E-4,1.4213799,0.07886061,0.7718106,0.0036145062,0.020948645,0.0041636727,0.09077527,0.007114117,0.014068021,0.004468622,0.27312368,9.734858E-4,"TWOGAUSSIANS_WITH_ELLIPSOIDAL_ON_ECLIPSE1",9,79.249306,0.27312368,9.734858E-4,0.13503878,0.0042761057,1.4495159,0.07928256,0.7718206,0.0035886911,0.11731241,0.023316568,0.118909396,0.004649814
375316653866487564,279937073479738496,0.6354707,2271.5305892156807,1.3132916328355968,2.3501598E-6,15.589673,0.0053962404,0.24450545,0.0010436658,0.11189664,0.0033838546,0.21250504,0.004535992,0.7405284,7.930158E-4,0.10291518,0.0026212116,0.21712708,0.0048180595,null,null,null,null,"TWOGAUSSIANS",8,5.515182,0.7405284,7.930158E-4,0.4,0.0,0.1897872,0.0022883131,0.24450545,0.0010436658,0.4,0.0,0.18514861,0.0022647874
375316653866487564,279940337654880128,0.5550403,2251.2347924349037,2.9251561373304478,6.248699E-6,16.911755,0.00266661,0.25825793,0.014451861,0.030830707,0.0137450965,0.045836125,0.015666224,0.7446553,0.0018395131,0.061337646,0.03057673,0.020814981,0.0077159354,0.07467681,0.0039881323,0.7446553,0.0018395131,"TWOGAUSSIANS_WITH_ELLIPSOIDAL_ON_ECLIPSE2",9,7.1652656,0.25558794,0.01391096,0.17265196,0.07697254,0.19430932,0.014345562,0.7446553,0.0018395131,0.3434908,0.14727569,0.17016336,0.0070307367
375316653866487564,279942016988346496,0.46914706,2205.897252750003,1.2055589204315549,1.4318585E-5,18.153896,0.0039050472,0.4114242,0.0043521286,0.0075408802,0.0028550553,0.23847048,0.3200836,0.8924031,0.0022866016,0.022573335,0.0028129267,0.34033987,0.020292405,null,null,null,null,"TWOGAUSSIANS",8,13.957212,0.8924031,0.0022866016,0.12641068,0.015752388,0.34033987,0.020292405,0.4114242,0.0043521286,0.04222893,0.015988309,0.23847048,0.3200836
375316653866487564,279947720700567552,0.46157202,2203.206415589136,0.6521530877786541,1.0393235E-5,19.759882,0.0069259987,0.14015596,0.002502773,0.029041791,0.0035904646,0.22574176,0.027232714,0.63909525,0.0030535015,0.024327857,0.0061198417,0.67682344,0.26707494,null,null,null,null,"TWOGAUSSIANS",8,3.430615,0.63909525,0.0030535015,0.136236,0.034271114,0.67682344,0.26707494,0.14015596,0.002502773,0.16263403,0.020106602,0.22574176,0.027232714
375316653866487564,279947793718123520,0.49104136,2225.823045603287,0.16418400965560515,3.08261E-5,16.560457,0.0029319185,0.19477884,0.011428774,0.022986677,0.008292327,0.026089706,0.012159401,0.83719254,0.0020948532,0.002626674,0.003787376,2.2642128,3.3332038,0.009638373,0.0054638605,0.83719254,0.0020948532,"TWOGAUSSIANS_WITH_ELLIPSOIDAL_ON_ECLIPSE2",9,27.373825,0.83719254,0.0020948532,0.014709375,0.021209305,2.2834895,3.334179,0.19719885,0.008774141,0.1287254,0.046437033,0.033778474,0.013490942
375316653866487564,279954803104697984,0.57537365,2218.6042603983183,0.5725947359502944,1.426617E-6,16.25277,4.669138E-4,0.327638,4.3149042E-4,0.019481983,5.930893E-4,0.11949889,0.0025722494,0.82748383,0.0014741058,0.019581659,9.406967E-4,0.099972084,0.0030400115,null,null,null,null,"TWOGAUSSIANS",8,1.6966541,0.327638,4.3149042E-4,0.109099105,0.0033213,0.11949889,0.0025722494,0.82748383,0.0014741058,0.10965729,0.0052679013,0.099972084,0.0030400115
375316653866487564,279968134683097088,0.52487725,2247.5087299190604,4.454000679303279,1.2921007E-5,19.591171,0.012217765,0.22838682,0.0033376976,0.07991414,0.0042237462,0.43638548,0.016514556,0.7164443,0.0068349685,0.083719365,0.0074035544,0.46861383,0.019250281,null,null,null,null,"TWOGAUSSIANS",8,2.5472038,0.7164443,0.0068349685,0.4,0.0,0.46183473,0.018237032,0.22838682,0.0033376976,0.4,0.0,0.42960638,0.015521057
375316653866487564,279971325842454016,0.564808,2230.2117669364043,2.7621474025797736,6.265319E-6,18.636316,0.009741412,0.27015892,0.002846538,0.09095341,0.0039215796,0.45386708,0.012438564,0.77590245,0.0020131434,0.08645617,0.0029607667,0.45715123,0.009325053,null,null,null,null,"TWOGAUSSIANS",8,3.5157905,0.77590245,0.0020131434,0.4,0.0,0.44149613,0.006186416,0.27015892,0.002846538,0.4,0.0,0.43821177,0.011219415
375316653866487564,279975174133028224,0.5122003,2271.6192107909696,2.842446547762946,1.16378E-5,17.59274,0.00758713,0.16682497,0.003456159,0.09306963,0.005937113,0.24924521,0.0084230825,0.6668769,0.005626677,0.081055015,0.00602173,0.27158436,0.012435264,null,null,null,null,"TWOGAUSSIANS",8,14.49177,0.6668769,0.005626677,0.4,0.0,0.2632144,0.011900351,0.16682497,0.003456159,0.4,0.0,0.24087498,0.00781643
375316653866487564,279979061079752064,0.45386353,2256.7688183975833,1.9515104740330003,3.237327E-5,16.796795,0.0028972018,0.35330832,0.0077724373,0.056600068,0.008555723,0.12166589,0.019306477,0.71909016,0.034698475,0.031626225,0.019881897,0.025596559,0.013830569,0.018633032,0.004126135,0.35330832,0.0077724373,"TWOGAUSSIANS_WITH_ELLIPSOIDAL_ON_ECLIPSE1",9,51.966927,0.35330832,0.0077724373,0.31696036,0.04791205,0.15892494,0.017894799,0.7286702,0.04114856,0.17710686,0.11133862,0.043159522,0.012258635
375316653866487564,279983523548933632,0.5275108,2223.7306188410917,2.909963158084973,8.257247E-6,18.377079,0.008604135,0.15414515,0.0053945733,0.041431755,0.017142594,0.1348138,0.02215248,0.64561313,0.014494675,0.05722294,0.010667031,0.105249636,0.022990765,0.096566126,0.011297802,0.15414515,0.0053945733,"TWOGAUSSIANS_WITH_ELLIPSOIDAL_ON_ECLIPSE1",9,7.041692,0.15414515,0.0053945733,0.23201783,0.095998526,0.32794163,0.014485883,0.6483632,0.009960093,0.32044846,0.05973537,0.2980012,0.011598508
375316653866487564,279987479215732480,0.47033015,2209.8005777579947,0.41994476510165,1.6109232E-5,16.09544,0.0026439491,0.40976197,7.9805823E-4,0.010534363,0.0018036085,0.22080794,0.032176748,0.9128137,0.0010481703,0.0074213836,0.0010547936,0.11469314,0.00889657,0.0031891917,0.0043165274,0.40976197,7.9805823E-4,"TWOGAUSSIANS_WITH_ELLIPSOIDAL_ON_ECLIPSE1",9,50.423965,0.40976197,7.9805823E-4,0.058992434,0.010100207,0.22718632,0.034628574,0.9128137,0.0010481703,0.04155975,0.005906844,0.12106918,0.010751407
375316653866487564,279988608790229888,0.5136356,2233.980277030148,1.594596475010799,2.9650082E-6,19.499592,0.0035602339,0.24417062,3.7482395E-4,0.023278844,5.496847E-4,0.7393705,0.0471885,0.7401751,0.0017151715,0.02524349,0.0021929215,0.24029107,0.02030346,null,null,null,null,"TWOGAUSSIANS",8,1.5501294,0.24417062,3.7482395E-4,0.13036151,0.0030782341,0.7393705,0.0471885,0.7401751,0.0017151715,0.14136355,0.01228036,0.24029107,0.02030346
375316653866487564,279990812110272768,0.534462,2239.281179054528,1.0349600536788808,1.1951002E-5,14.150022,6.8859704E-4,0.26052797,0.0024692465,0.03782794,0.0027923249,0.051793143,0.0024988304,0.7571188,0.014629879,0.014971109,0.01615857,0.00668859,12214.075,0.00847502,8.92125E-4,0.26052797,0.0024692465,"TWOGAUSSIANS_WITH_ELLIPSOIDAL_ON_ECLIPSE1",9,12.961403,0.26052797,0.0024692465,0.21183646,0.01563702,0.068743184,0.0021812448,0.75726885,0.01440911,0.08383822,0.090487994,0.023631187,12214.075
375316653866487564,279992392658210688,0.5826029,2236.435981532455,2.6286693758184483,2.714055E-6,17.751007,0.00892589,0.29696074,0.0022377735,0.045854397,0.007186428,0.3489343,0.05877443,0.7937929,6.0347473E-4,0.041323077,0.0014075157,0.61895174,0.02024429,0.029988874,0.0123710055,0.29696074,0.0022377735,"TWOGAUSSIANS_WITH_ELLIPSOIDAL_ON_ECLIPSE1",9,7.627588,0.7938329,5.9311726E-4,0.23140922,0.007882088,0.67890584,0.017155154,0.29696074,0.0022377735,0.25678462,0.040244,0.40891188,0.07196129
375316653866487564,279999741344577664,0.45855257,2229.877990328482,2.8531324961270026,9.914271E-6,18.430578,0.065601,0.23219687,0.0039767525,0.19392088,0.022110496,0.35147437,0.063470826,0.7310015,0.0039786487,0.15920882,0.015704611,0.32792294,0.05337061,null,null,null,null,"TWOGAUSSIANS",8,3.3983245,0.23245686,0.00411143,0.4,0.0,0.10881009,0.008285348,0.7310015,0.0039786487,0.4,0.0,0.10583838,0.0068241507
375316653866487564,280006789388808320,0.5930069,2198.2507389552666,3.2517591405913167,5.631589E-6,17.03171,0.013907714,0.26968497,0.0020317866,0.060288467,0.0044688853,0.32106075,0.03332771,0.7666418,0.0019359866,0.05745899,0.0038241018,0.28597373,0.031403363,0.100384735,0.018025322,0.26968497,0.0020317866,"TWOGAUSSIANS_WITH_ELLIPSOIDAL_ON_ECLIPSE1",9,18.489025,0.26968497,0.0020317866,0.3376154,0.025025757,0.52175164,0.015977502,0.7671118,0.0015354255,0.32177034,0.021414971,0.48660257,0.00913071
375316653866487564,280008709236603136,0.5809545,2194.9912173450443,3.927762281838721,6.0104685E-6,18.794102,0.005556222,0.23075119,0.0012126308,0.05998493,0.0015215401,0.54619086,0.009784274,0.72424936,0.0027500873,0.072920814,0.0024467881,0.5799483,0.016522674,null,null,null,null,"TWOGAUSSIANS",8,3.6783125,0.72424936,0.0027500873,0.4,8.527348E-5,0.57915986,0.016541222,0.23075119,0.0012126308,0.3359156,0.008520625,0.5454024,0.009762408
375316653866487564,280018574778770560,0.59931225,2230.8435089083473,0.5956525540776082,2.0795949E-6,17.053118,0.0012857912,0.17305344,2.8749922E-4,0.019325009,3.4466488E-4,0.33463103,0.008063908,0.67593277,0.009353071,0.020163443,0.0055129393,0.290141,0.06881688,null,null,null,null,"TWOGAUSSIANS",8,3.6847138,0.17305344,2.8749922E-4,0.10822005,0.0019301233,0.33463103,0.008063908,0.67593277,0.009353071,0.112915285,0.03087246,0.290141,0.06881688
375316653866487564,280022796729437312,0.5181787,2242.9931174255303,1.8238745368331708,1.1499307E-5,19.266314,0.014023986,0.30831638,0.0044172113,0.09625978,0.0089511555,0.2791031,0.01559148,0.80224204,0.0020430589,0.08260663,0.0064155767,0.315588,0.018442985,null,null,null,null,"TWOGAUSSIANS",8,2.228237,0.80224204,0.0020430589,0.4,0.0,0.30484182,0.019273559,0.30831638,0.0044172113,0.4,0.0,0.26835614,0.01475706
375316653866487564,280027435294324736,0.65294975,2220.3598342254563,3.987202693119831,2.4599956E-6,17.544909,0.005318347,0.19136216,9.859616E-4,0.040460967,0.002468875,0.24244909,0.017296163,0.6873439,7.05192E-4,0.044906486,0.0013976217,0.43817416,0.015581246,0.16776846,0.010665985,0.19136216,9.859616E-4,"TWOGAUSSIANS_WITH_ELLIPSOIDAL_ON_ECLIPSE1",9,6.745664,0.6877839,6.036092E-4,0.25147632,0.007826681,0.77352023,0.009873686,0.19136216,9.859616E-4,0.22658141,0.0138257,0.5779858,0.013233598
375316653866487564,280029088858664704,0.47959208,2237.412464399355,0.657763813957089,1.419624E-5,16.921785,0.0017959559,0.4090686,0.0037826141,0.014854956,0.0052637397,0.1348384,0.020934403,0.9167807,0.0045257937,0.010718018,0.0068205213,0.30944738,248.11902,null,null,null,null,"TWOGAUSSIANS",8,8.390372,0.9167807,0.0045257937,0.0600209,0.03819492,0.30944738,248.11902,0.4090686,0.0037826141,0.08318776,0.029476944,0.1348384,0.020934403
375316653866487564,280032142578523520,0.5967195,2248.343406262156,3.5166710501317593,3.8936073E-6,18.03375,0.0043039396,0.25072375,7.496986E-4,0.046867263,0.0022232507,0.2001716,0.009187527,0.7555534,0.0037037,0.046137977,0.004233089,0.16885847,0.012004002,0.061566703,0.0051374487,0.25072375,7.496986E-4,"TWOGAUSSIANS_WITH_ELLIPSOIDAL_ON_ECLIPSE1",9,1.8804665,0.25072375,7.496986E-4,0.26245666,0.012450203,0.3233046,0.006438258,0.7555534,0.0037037,0.25837266,0.023705296,0.2918781,0.007844023
