Gaia/vari_eclipsing_binary/VariEclipsingBinary_485155-485187.csv
# %ECSV 1.0
# ---
# delimiter: ','
# meta: !!omap
# - RELEASE: Gaia DR3
# - TABLE: vari_eclipsing_binary
# - DESCRIPTION: >
#     This table describes the properties of the eclipsing binaries resulting from the variability analysis. 
# - CITATION: >
#     How to cite and acknowledge Gaia: 
#     https://gea.esac.esa.int/archive/documentation/credits.html 
# - KNOWN_ISSUES: >
#     Known issues: 
#     https://www.cosmos.esa.int/web/gaia-users/known-issues 
# - DOCUMENTATION: >
#     Tutorials and documentation: 
#     https://www.cosmos.esa.int/web/gaia-users/archive 
# datatype:
# - 
#   name: solution_id
#   datatype: int64
#   description: Solution Identifier
#   meta:
#     ucd: meta.version
# - 
#   name: source_id
#   datatype: int64
#   description: Unique source identifier
#   meta:
#     ucd: meta.id;meta.main
# - 
#   name: global_ranking
#   datatype: float32
#   description: Number between 0 (worst) and 1 (best)
#   meta:
#     ucd: stat.param
# - 
#   name: reference_time
#   datatype: float64
#   unit: d
#   description: Reference time used for the geometric model fit
#   meta:
#     ucd: time.epoch
# - 
#   name: frequency
#   datatype: float64
#   unit: d**-1
#   description: Frequency of geometric model of the eclipsing binary light curve
#   meta:
#     ucd: src.orbital
# - 
#   name: frequency_error
#   datatype: float32
#   unit: d**-1
#   description: "Uncertainty of \\texttt{frequency}"
#   meta:
#     ucd: stat.error
# - 
#   name: geom_model_reference_level
#   datatype: float32
#   unit: mag
#   description: Magnitude reference level of geometric model
#   meta:
#     ucd: phot.mag;em.opt
# - 
#   name: geom_model_reference_level_error
#   datatype: float32
#   unit: mag
#   description: "Uncertainty of \\texttt{geomModelReferenceLevel}"
#   meta:
#     ucd: stat.error;phot.mag;em.opt
# - 
#   name: geom_model_gaussian1_phase
#   datatype: float32
#   description: Phase of the Gaussian 1 component
#   meta:
#     ucd: time.phase
# - 
#   name: geom_model_gaussian1_phase_error
#   datatype: float32
#   description: "Uncertainty of \\texttt{geomModelGaussian1Phase}"
#   meta:
#     ucd: stat.error;time.phase
# - 
#   name: geom_model_gaussian1_sigma
#   datatype: float32
#   description: "Standard deviation [phase] of Gaussian 1 component"
#   meta:
#     ucd: stat.stdev
# - 
#   name: geom_model_gaussian1_sigma_error
#   datatype: float32
#   description: "Uncertainty of \\texttt{geomModelGaussian1Sigma}"
#   meta:
#     ucd: stat.error
# - 
#   name: geom_model_gaussian1_depth
#   datatype: float32
#   unit: mag
#   description: Magnitude depth of Gaussian 1 component
#   meta:
#     ucd: src.var.amplitude
# - 
#   name: geom_model_gaussian1_depth_error
#   datatype: float32
#   unit: mag
#   description: "Uncertainty of \\texttt{geomModelGaussian1Depth}"
#   meta:
#     ucd: stat.error;src.var.amplitude
# - 
#   name: geom_model_gaussian2_phase
#   datatype: float32
#   description: Phase of Gaussian 2 component
#   meta:
#     ucd: time.phase
# - 
#   name: geom_model_gaussian2_phase_error
#   datatype: float32
#   description: "Uncertainty of \\texttt{geomModelGaussian2Phase}"
#   meta:
#     ucd: stat.error;time.phase
# - 
#   name: geom_model_gaussian2_sigma
#   datatype: float32
[...]
#   datatype: float32
#   description: "Secondary eclipse: uncertainty of \\texttt{derivedSecondaryEclDuration}"
#   meta:
#     ucd: stat.error;time.duration
# - 
#   name: derived_secondary_ecl_depth
#   datatype: float32
#   unit: mag
#   description: "Secondary eclipse: depth"
#   meta:
#     ucd: src.var.amplitude
# - 
#   name: derived_secondary_ecl_depth_error
#   datatype: float32
#   unit: mag
#   description: "Secondary eclipse: uncertainty of \\texttt{derivedSecondaryEclDepth}"
#   meta:
#     ucd: stat.error;src.var.amplitude
solution_id,source_id,global_ranking,reference_time,frequency,frequency_error,geom_model_reference_level,geom_model_reference_level_error,geom_model_gaussian1_phase,geom_model_gaussian1_phase_error,geom_model_gaussian1_sigma,geom_model_gaussian1_sigma_error,geom_model_gaussian1_depth,geom_model_gaussian1_depth_error,geom_model_gaussian2_phase,geom_model_gaussian2_phase_error,geom_model_gaussian2_sigma,geom_model_gaussian2_sigma_error,geom_model_gaussian2_depth,geom_model_gaussian2_depth_error,geom_model_cosine_half_period_amplitude,geom_model_cosine_half_period_amplitude_error,geom_model_cosine_half_period_phase,geom_model_cosine_half_period_phase_error,model_type,num_model_parameters,reduced_chi2,derived_primary_ecl_phase,derived_primary_ecl_phase_error,derived_primary_ecl_duration,derived_primary_ecl_duration_error,derived_primary_ecl_depth,derived_primary_ecl_depth_error,derived_secondary_ecl_phase,derived_secondary_ecl_phase_error,derived_secondary_ecl_duration,derived_secondary_ecl_duration_error,derived_secondary_ecl_depth,derived_secondary_ecl_depth_error
[from data line 150]
375316653866487564,4267610622077592064,0.5530126,2238.383031911599,0.7379883832176902,3.085607E-5,18.242249,0.024414646,0.2933809,0.0056821546,0.03395255,0.074824244,0.56214756,0.4638613,0.7847523,0.0029841464,0.024530819,0.0037863452,0.4013582,0.02847558,null,null,null,null,"TWOGAUSSIANS",8,15.669461,0.2933809,0.0056821546,0.19013429,0.20138204,0.56214756,0.46406132,0.7847523,0.0029841464,0.13737258,0.021203533,0.4013582,0.028398776
375316653866487564,4267610862592646656,0.5950054,2207.1188990887003,2.0428366623457785,1.4673537E-5,18.114185,0.009652178,0.16061114,0.004580256,0.09293686,0.0045901374,0.44137388,0.02246496,0.64448684,0.004132793,0.090847366,0.0052007977,0.39957443,0.015128217,null,null,null,null,"TWOGAUSSIANS",8,4.340111,0.16061114,0.004580256,0.4,0.0,0.4250867,0.022636794,0.64448684,0.004132793,0.4,0.0,0.38328758,0.014781439
375316653866487564,4267610965671841664,0.4666216,2256.465643045559,1.6304774025816884,4.4559216E-5,18.999557,0.016669821,0.24753545,0.010981519,0.107036546,0.01723423,0.13554335,0.017943028,0.8255956,0.02565658,0.02673449,0.029445443,0.16169296,0.14775002,null,null,null,null,"TWOGAUSSIANS",8,2.6652355,0.82560563,0.025673237,0.14971314,0.16489448,0.16172977,0.1478137,0.24753545,0.010981519,0.4,0.0,0.13552283,0.017830934
375316653866487564,4267611966440841728,0.59265935,2204.2418737167704,1.4515893372783335,6.3840675E-6,17.753439,0.007600808,0.16375469,0.0035717639,0.09511631,0.004373029,0.2682408,0.011585568,0.666367,0.0019624,0.08160799,0.0030523299,0.3428228,0.012091588,null,null,null,null,"TWOGAUSSIANS",8,3.144867,0.666367,0.0019624,0.4,0.0,0.3323552,0.01187233,0.16375469,0.0035717639,0.4,0.0,0.25777268,0.011016455
375316653866487564,4267612035115797248,0.5869961,2208.741864321809,1.3406684118752212,1.064333E-5,18.767517,0.008760589,0.17875823,0.0018817709,0.04627882,0.0018794703,1.0079358,0.041891597,0.6763393,0.012628316,0.052122433,0.012219595,0.32080746,0.27755582,null,null,null,null,"TWOGAUSSIANS",8,7.671776,0.17875823,0.0018817709,0.25916138,0.010525034,1.0079334,0.041892152,0.6763393,0.012628316,0.2918856,0.06842973,0.32080507,0.27755868
375316653866487564,4267612133897717632,0.48004627,2364.741860528434,1.600125043047476,8.380399E-5,19.63558,0.015682237,0.091629736,0.08008393,0.113175616,0.072965175,0.08152827,0.09023364,0.6334626,0.00697805,0.040260505,0.0101265125,0.22065662,0.08299359,null,null,null,null,"TWOGAUSSIANS",8,1.6398705,0.6334726,0.0069806636,0.22545883,0.056708466,0.22032273,0.08319168,0.091629736,0.08008393,0.4,0.10344574,0.081171,0.09048367
375316653866487564,4267612138194935680,0.47254738,2240.8686131202007,1.536952512381861,1.9445279E-5,19.199818,0.0060011866,0.24556008,0.0058150482,0.06798502,0.0179478,0.1083073,0.02513884,null,null,null,null,null,null,0.059017472,0.009368384,0.24556008,0.0058150482,"ONEGAUSSIAN_WITH_ELLIPSOIDAL",6,2.5866573,0.24556008,0.0058150482,0.3807161,0.06303434,0.22621913,0.023571279,null,null,null,null,null,null
375316653866487564,4267612821096719744,0.47865906,2251.2882576653415,0.8999595854854264,1.0996843E-4,16.597422,0.0061077457,0.30350998,0.004163697,0.018077992,0.003443716,0.2280931,0.07126663,0.78049225,0.035627693,0.06882958,0.03661807,0.063165076,0.310887,0.013274851,0.008242482,0.78049225,0.035627693,"TWOGAUSSIANS_WITH_ELLIPSOIDAL_ON_ECLIPSE2",9,41.75264,0.30343997,0.004135523,0.10123675,0.01928481,0.25401118,0.07010564,0.78049225,0.035627693,0.38544568,0.20109794,0.08963301,0.31425673
375316653866487564,4267613130330214272,0.6233751,2180.996101740397,0.930916786161978,4.138698E-6,18.296421,0.006377562,0.18520483,0.0060227327,0.05122433,0.012534157,0.10615197,0.015620519,0.6798573,8.0619415E-4,0.052494373,0.0012619921,0.4211197,0.00736384,null,null,null,null,"TWOGAUSSIANS",8,2.3613229,0.6798573,8.0619415E-4,0.2939685,0.007067156,0.42111674,0.007359614,0.18520483,0.0060227327,0.28685623,0.07019128,0.10614902,0.015625626
375316653866487564,4267613409549915264,0.5400061,2234.9647371204824,3.580894834001187,1.1619399E-5,17.283737,0.03554083,0.34283784,0.0045519434,0.064649515,0.014000008,0.22503014,0.096125394,0.8383457,0.0035198054,0.053499226,0.010422683,0.26897526,0.095456675,0.060356624,0.06375091,0.34283784,0.0045519434,"TWOGAUSSIANS_WITH_ELLIPSOIDAL_ON_ECLIPSE1",9,25.208315,0.83875567,0.0030701137,0.29959565,0.058367025,0.38947326,0.044304,0.34283784,0.0045519434,0.3620373,0.069718435,0.34561542,0.054026883
375316653866487564,4267613611365020288,0.58582467,2228.211038299863,2.431566132429083,6.1457463E-6,17.672462,0.007261441,0.28345132,0.0011733558,0.07851505,0.0020122866,0.41126424,0.009045703,0.780764,0.002456159,0.08047682,0.0029123237,0.4641956,0.0083524445,null,null,null,null,"TWOGAUSSIANS",8,2.3691747,0.780764,0.002456159,0.4,0.0,0.45829296,0.008058015,0.28345132,0.0011733558,0.4,0.0,0.40536162,0.008547317
375316653866487564,4267614715176600832,0.47968078,2267.0114836441353,0.2822340113344376,1.1752827E-4,19.260576,0.7709195,0.09025484,0.029225973,0.16964193,0.12881489,0.33607283,0.75986534,0.73388225,0.02655109,0.08294798,0.030991921,0.61538017,0.21172401,null,null,null,null,"TWOGAUSSIANS",8,6.788383,0.7392222,0.015694339,0.4,0.032620873,0.6241046,0.11810974,0.08998485,0.027656144,0.4,0.0,0.3064043,0.1361388
375316653866487564,4267614715220043008,0.49391025,2258.9035988578785,2.6270594741172224,4.073718E-5,16.332205,0.01040774,0.29036358,0.008741738,0.028675336,0.031578798,0.11686166,0.06876883,0.7879327,0.0010528523,0.009530967,0.003486839,0.13368843,0.012381046,0.09463451,0.017468335,0.29036358,0.008741738,"TWOGAUSSIANS_WITH_ELLIPSOIDAL_ON_ECLIPSE1",9,106.79011,0.78795266,9.496143E-4,0.05337342,0.0195263,0.3229135,0.04151228,0.29036358,0.008741738,0.16058189,0.17684127,0.30613044,0.073323525
375316653866487564,4267614955698697472,0.5526607,2300.800889037328,0.12504166518772425,2.24316E-5,19.702164,0.011914487,0.47351134,0.037459332,0.04121684,0.013419844,1.0124011,0.8231514,0.8774563,0.17403997,0.055728525,0.04915883,0.12797554,0.8181187,null,null,null,null,"TWOGAUSSIANS",8,0.6578616,0.47351134,0.036989216,0.23081431,0.07515113,1.0124011,0.804228,0.8774563,0.17403997,0.31207976,0.104186706,0.12797554,0.8180892
375316653866487564,4267615466796606592,0.5309943,2229.296939652288,3.231006513549355,2.2541473E-5,17.517122,0.0099369055,0.3051691,0.0064320234,0.0882975,0.012149122,0.10121253,0.009821634,0.8131636,0.008151626,0.080712385,0.011443754,0.12824526,0.012113341,null,null,null,null,"TWOGAUSSIANS",8,3.6304274,0.8131636,0.008151626,0.4,0.0,0.12577675,0.010407913,0.3051691,0.0064320234,0.4,0.0,0.09874399,0.007902664
375316653866487564,4267616016553529344,0.5403303,2246.090767294169,2.657840474862744,7.1175727E-6,18.332212,0.0078036785,0.22478198,0.0025817964,0.08306643,0.004147836,0.29039872,0.016708368,0.73421395,0.0041562826,0.076805234,0.0053642774,0.23956735,0.008345347,null,null,null,null,"TWOGAUSSIANS",8,1.5781704,0.22478198,0.0025817964,0.4,0.0,0.28709766,0.016897282,0.73421395,0.0041562826,0.4,0.0,0.23626631,0.007893151
375316653866487564,4267616742401109888,0.5585199,2223.7558719991257,2.0815880557450597,2.0626287E-5,18.086967,0.033065643,0.24645247,0.004059289,0.098997965,0.009544733,0.44741744,0.04280719,0.7399762,0.005653642,0.09963395,0.019059423,0.40762916,0.046203174,null,null,null,null,"TWOGAUSSIANS",8,8.248429,0.24645247,0.004059289,0.4,0.0,0.4143409,0.0378888,0.7399762,0.005653642,0.4,0.0,0.37455243,0.06390161
375316653866487564,4267616776760851456,0.6079741,2230.6574436915807,2.0209442608129935,1.0672795E-5,17.828455,0.0048199072,0.31253594,0.0020158405,0.077013016,0.0029995255,0.40113708,0.01549757,0.8183305,0.0034855194,0.08412878,0.0037577488,0.27062267,0.014524913,null,null,null,null,"TWOGAUSSIANS",8,2.3560376,0.31253594,0.0020158405,0.4,0.0,0.39641726,0.016387377,0.8183305,0.0034855194,0.4,0.0,0.26590282,0.01477715
375316653866487564,4267616909905683840,0.6005116,2238.4219288761083,1.651812765696395,6.090056E-6,17.518616,0.013493954,0.13872272,0.0057653366,0.10024355,0.009401789,0.19483598,0.013123872,0.6265065,0.0040896963,0.081176765,0.0051939376,0.31761897,0.014495397,null,null,null,null,"TWOGAUSSIANS",8,3.4746938,0.6265065,0.0040896963,0.4,0.0,0.30873683,0.011045264,0.13872272,0.0057653366,0.4,0.0,0.18595204,0.008865616
375316653866487564,4267616982962790528,0.51069784,2233.7163296383023,0.27767305071100684,7.2213385E-5,17.252241,0.0069558746,0.21791652,0.006181262,0.023432698,0.021702271,0.08083564,0.81133544,0.7053433,0.07245971,0.02320682,0.063053906,0.9398037,13.9473,0.019324325,0.0071657645,0.21791652,0.006181262,"TWOGAUSSIANS_WITH_ELLIPSOIDAL_ON_ECLIPSE1",9,9.001474,0.7053633,0.07240334,0.1299582,0.26808912,0.97821206,13.945084,0.21791652,0.006181262,0.13122311,0.121532716,0.11948428,0.8121527
375316653866487564,4267617322223693824,0.530177,2289.2645194998963,1.9317352225295568,1.2137388E-5,19.259848,0.022750143,0.1891242,0.058415774,0.053323034,0.045901645,0.16883048,0.07797952,0.6721479,0.0050911987,0.08662241,0.009670308,0.25227815,0.021542322,null,null,null,null,"TWOGAUSSIANS",8,1.7607524,0.6721479,0.0050911987,0.4,0.0,0.25182027,0.01882232,0.1891242,0.058422063,0.298609,0.138779,0.16837265,0.07766935
375316653866487564,4267617631461366144,0.54056543,2205.176407717507,2.7052762422988996,1.8379455E-5,18.51797,0.012276129,0.25174117,0.023585638,0.06489094,0.031996958,0.19953996,0.06267959,0.7622888,0.0049662553,0.07205306,0.007988178,0.1370269,0.013812599,null,null,null,null,"TWOGAUSSIANS",8,1.557006,0.25174117,0.023585638,0.36338928,0.056126658,0.199227,0.06387298,0.7622888,0.0049662553,0.4,0.015582021,0.13671397,0.011996118
375316653866487564,4267617975058834944,0.46804088,2249.821841125252,0.9563814626816315,1.4904175E-5,18.916348,0.009906625,0.15064225,0.0050456426,0.03564775,0.0074596233,0.28415063,0.06592046,0.6717677,0.004746156,0.041385602,0.0039257947,0.22086744,0.015567691,null,null,null,null,"TWOGAUSSIANS",8,9.372219,0.15064225,0.0050456426,0.19962741,0.04177389,0.28415063,0.06592046,0.6717677,0.004746156,0.23175938,0.021984452,0.22086744,0.015567691
375316653866487564,4267618563473999488,0.45277065,2262.3873954125947,0.9122762534168194,7.5967866E-5,19.485699,0.025351642,0.3013817,0.029044947,0.0582275,0.024055937,0.1923584,0.101441875,0.7148246,0.017014185,0.149992,0.049704142,0.11217901,0.035481527,null,null,null,null,"TWOGAUSSIANS",8,4.2039003,0.3021817,0.028819352,0.326074,0.13471325,0.19057146,0.10316071,0.7148246,0.017014185,0.4,0.0,0.10780842,0.036996763
375316653866487564,4267618597871448960,0.517728,2217.378599147151,2.4227041850077784,1.1966815E-5,17.887226,0.07308132,0.28492162,0.006363342,0.11251184,0.029179009,0.15963742,0.0680013,0.7850934,0.0029402024,0.1320818,0.032194857,0.17546508,0.07073753,null,null,null,null,"TWOGAUSSIANS",8,1.3545994,0.7850934,0.0029420438,0.4,0.0,0.13409716,0.0070525664,0.28492162,0.0064315055,0.4,0.0,0.11852438,0.008555609
375316653866487564,4267618735310402688,0.5753342,2207.4148794543007,2.526372316098852,1.2987992E-5,17.634356,0.00999623,0.2442441,0.003855368,0.08007032,0.0055929823,0.3435149,0.017918454,0.7526503,0.0032230413,0.085839964,0.004241795,0.33407658,0.012193015,null,null,null,null,"TWOGAUSSIANS",8,6.243056,0.2442441,0.003855368,0.4,0.0,0.3373294,0.018089632,0.7526503,0.0032230413,0.4,0.0,0.32789102,0.011243008
375316653866487564,4267619830477462784,0.41904673,2188.0689853893873,0.2149067679349284,7.408539E-5,18.605593,0.20297647,0.4667517,0.021734592,0.29275736,0.16421473,0.26714668,0.18110633,0.89925075,0.004858533,0.023160027,0.0024578935,0.13668676,0.039972443,null,null,null,null,"TWOGAUSSIANS",8,9.174274,0.4667517,0.021734592,0.4,0.0,0.14388445,0.026366096,0.89925075,0.004858533,0.12969615,0.013764203,0.14238107,0.04131992
375316653866487564,4267619834784692096,0.54159236,2225.9638101540427,0.06023731029516729,4.3894444E-5,18.80363,0.005285249,0.19800767,0.07137195,0.009841495,0.026591033,0.33784625,1.733566,0.6061779,0.011165022,0.034074068,0.008072551,0.38475302,0.061405204,null,null,null,null,"TWOGAUSSIANS",8,3.5907621,0.6061779,0.011165022,0.1908148,0.045206286,0.38475302,0.061405204,0.19800767,0.07137195,0.055112373,0.14890978,0.33784625,1.733566
375316653866487564,4267620002277702784,0.44541815,2167.242175671541,2.3697078206176387,5.394943E-5,18.049604,0.11271389,0.24036355,0.012795495,0.1668489,0.09617369,0.1512901,0.10490153,0.68144155,0.025411641,0.083686344,0.021854164,0.12698852,0.07673126,null,null,null,null,"TWOGAUSSIANS",8,7.717538,0.24036355,0.012787692,0.4,0.0,0.12895529,0.022727786,0.68144155,0.025411641,0.4,0.004912778,0.10980192,0.049045414
375316653866487564,4267620144059996928,0.5823118,2233.8417441487127,1.1402936459674653,5.1106963E-5,16.865498,0.0017509572,0.3342859,0.03589414,0.06488383,0.016242705,0.30778134,0.1550109,0.88264185,0.001668756,0.009183932,0.0020969806,0.051924013,0.01786957,null,null,null,null,"TWOGAUSSIANS",8,3.4208505,0.3342859,0.03589414,0.36334944,0.050029166,0.30778134,0.1550109,0.88264185,0.001668756,0.05143002,0.011743092,0.051924013,0.01786957
375316653866487564,4267620517683797760,0.49122187,2225.1109158657287,1.1137037291888974,5.2309606E-5,17.875349,0.22932866,0.2660716,0.013777425,0.13609666,0.123367086,0.12477428,0.22617786,0.7736454,0.0061701555,0.080794305,0.03270374,0.28511488,0.06639918,null,null,null,null,"TWOGAUSSIANS",8,7.839227,0.7736754,0.0059651956,0.4,0.0,0.26507312,0.06318741,0.2660716,0.013775564,0.4,0.0,0.10443423,0.019890288
375316653866487564,4267620521979005568,0.52276075,2258.379777400597,2.5324743857037744,1.758887E-5,19.599934,0.028805306,0.32762772,0.006239553,0.08766154,0.007805327,0.36553064,0.035865147,0.7918599,0.0049839835,0.09575555,0.009888368,0.35250157,0.028374743,null,null,null,null,"TWOGAUSSIANS",8,1.4124041,0.32762772,0.0062490418,0.4,0.0,0.35547784,0.02921292,0.7918599,0.0049839835,0.4,0.0,0.34244624,0.020804577
375316653866487564,4267620552033538816,0.5209128,2168.668849745645,2.632758474654466,2.3325358E-5,18.133625,0.06925652,0.28183842,0.0077151107,0.11264562,0.023776786,0.23405507,0.06836621,0.7606767,0.0068629077,0.1148254,0.026828276,0.24293464,0.065502316,null,null,null,null,"TWOGAUSSIANS",8,5.2060018,0.7606767,0.0068629077,0.4,0.0,0.2084022,0.019678552,0.28189844,0.0076859794,0.4,0.0,0.19953834,0.011355202
375316653866487564,4267620796900695680,0.4757922,2238.6072449738385,1.7840759989727006,4.265774E-5,19.41239,0.051827405,0.3299413,0.010103338,0.13681933,0.036711227,0.21544102,0.043638274,0.88677627,0.015085102,0.0347941,0.01569929,1.087886,1353.8241,null,null,null,null,"TWOGAUSSIANS",8,5.3759227,0.88680625,0.015079858,0.19484696,0.087916024,1.0866456,1353.8254,0.3299413,0.010103338,0.4,0.0,0.21301037,0.03204502
375316653866487564,4267620895631019008,0.5919842,2149.3390623165556,2.034213746180107,1.9496707E-5,18.243444,0.021206839,0.2932801,0.01130063,0.09128966,0.015493142,0.27018073,0.021149479,0.7864315,0.0030819275,0.0910854,0.008305585,0.3242754,0.01945425,null,null,null,null,"TWOGAUSSIANS",8,2.2170553,0.7864315,0.0030819275,0.4,0.0,0.3118358,0.011130357,0.2932801,0.01130063,0.4,0.0,0.25774115,0.014544758
375316653866487564,4267620929990768768,0.56517065,2151.2163991321536,1.7448729740325721,1.8337478E-5,18.416325,0.015743624,0.23004745,0.0042036064,0.09285279,0.008850457,0.2995245,0.024758145,0.7488101,0.0026139608,0.09982385,0.0060752225,0.28490102,0.016790157,null,null,null,null,"TWOGAUSSIANS",8,1.8588414,0.23004745,0.0042036064,0.4,0.0,0.28397915,0.024289139,0.7488101,0.0026139608,0.4,0.0,0.26935324,0.012530702
375316653866487564,4267621552780692864,0.5664486,2270.4481670045743,1.694878151366631,7.391678E-5,19.640127,0.0069871256,0.45698252,0.039172776,0.04697377,0.028531304,0.49090162,0.23626107,0.8867901,0.0058916467,0.044355504,0.012287922,0.040577702,0.006738735,null,null,null,null,"TWOGAUSSIANS",8,1.2764493,0.45698252,0.039172776,0.2630531,0.1597753,0.49090162,0.23625539,0.8867901,0.0058916467,0.24839081,0.06881236,0.0405777,0.006733684
