Gaia/vari_eclipsing_binary/VariEclipsingBinary_342642-343376.csv
# %ECSV 1.0
# ---
# delimiter: ','
# meta: !!omap
# - RELEASE: Gaia DR3
# - TABLE: vari_eclipsing_binary
# - DESCRIPTION: >
#     This table describes the properties of the eclipsing binaries resulting from the variability analysis. 
# - CITATION: >
#     How to cite and acknowledge Gaia: 
#     https://gea.esac.esa.int/archive/documentation/credits.html 
# - KNOWN_ISSUES: >
#     Known issues: 
#     https://www.cosmos.esa.int/web/gaia-users/known-issues 
# - DOCUMENTATION: >
#     Tutorials and documentation: 
#     https://www.cosmos.esa.int/web/gaia-users/archive 
# datatype:
# - 
#   name: solution_id
#   datatype: int64
#   description: Solution Identifier
#   meta:
#     ucd: meta.version
# - 
#   name: source_id
#   datatype: int64
#   description: Unique source identifier
#   meta:
#     ucd: meta.id;meta.main
# - 
#   name: global_ranking
#   datatype: float32
#   description: Number between 0 (worst) and 1 (best)
#   meta:
#     ucd: stat.param
# - 
#   name: reference_time
#   datatype: float64
#   unit: d
#   description: Reference time used for the geometric model fit
#   meta:
#     ucd: time.epoch
# - 
#   name: frequency
#   datatype: float64
#   unit: d**-1
#   description: Frequency of geometric model of the eclipsing binary light curve
#   meta:
#     ucd: src.orbital
# - 
#   name: frequency_error
#   datatype: float32
#   unit: d**-1
#   description: "Uncertainty of \\texttt{frequency}"
#   meta:
#     ucd: stat.error
# - 
#   name: geom_model_reference_level
#   datatype: float32
#   unit: mag
#   description: Magnitude reference level of geometric model
#   meta:
#     ucd: phot.mag;em.opt
# - 
#   name: geom_model_reference_level_error
#   datatype: float32
#   unit: mag
#   description: "Uncertainty of \\texttt{geomModelReferenceLevel}"
#   meta:
#     ucd: stat.error;phot.mag;em.opt
# - 
#   name: geom_model_gaussian1_phase
#   datatype: float32
#   description: Phase of the Gaussian 1 component
#   meta:
#     ucd: time.phase
# - 
#   name: geom_model_gaussian1_phase_error
#   datatype: float32
#   description: "Uncertainty of \\texttt{geomModelGaussian1Phase}"
#   meta:
#     ucd: stat.error;time.phase
# - 
#   name: geom_model_gaussian1_sigma
#   datatype: float32
#   description: "Standard deviation [phase] of Gaussian 1 component"
#   meta:
#     ucd: stat.stdev
# - 
#   name: geom_model_gaussian1_sigma_error
#   datatype: float32
#   description: "Uncertainty of \\texttt{geomModelGaussian1Sigma}"
#   meta:
#     ucd: stat.error
# - 
#   name: geom_model_gaussian1_depth
#   datatype: float32
#   unit: mag
#   description: Magnitude depth of Gaussian 1 component
#   meta:
#     ucd: src.var.amplitude
# - 
#   name: geom_model_gaussian1_depth_error
#   datatype: float32
#   unit: mag
#   description: "Uncertainty of \\texttt{geomModelGaussian1Depth}"
#   meta:
#     ucd: stat.error;src.var.amplitude
# - 
#   name: geom_model_gaussian2_phase
#   datatype: float32
#   description: Phase of Gaussian 2 component
#   meta:
#     ucd: time.phase
# - 
#   name: geom_model_gaussian2_phase_error
#   datatype: float32
#   description: "Uncertainty of \\texttt{geomModelGaussian2Phase}"
#   meta:
#     ucd: stat.error;time.phase
# - 
#   name: geom_model_gaussian2_sigma
#   datatype: float32
[...]
#   datatype: float32
#   description: "Secondary eclipse: uncertainty of \\texttt{derivedSecondaryEclDuration}"
#   meta:
#     ucd: stat.error;time.duration
# - 
#   name: derived_secondary_ecl_depth
#   datatype: float32
#   unit: mag
#   description: "Secondary eclipse: depth"
#   meta:
#     ucd: src.var.amplitude
# - 
#   name: derived_secondary_ecl_depth_error
#   datatype: float32
#   unit: mag
#   description: "Secondary eclipse: uncertainty of \\texttt{derivedSecondaryEclDepth}"
#   meta:
#     ucd: stat.error;src.var.amplitude
solution_id,source_id,global_ranking,reference_time,frequency,frequency_error,geom_model_reference_level,geom_model_reference_level_error,geom_model_gaussian1_phase,geom_model_gaussian1_phase_error,geom_model_gaussian1_sigma,geom_model_gaussian1_sigma_error,geom_model_gaussian1_depth,geom_model_gaussian1_depth_error,geom_model_gaussian2_phase,geom_model_gaussian2_phase_error,geom_model_gaussian2_sigma,geom_model_gaussian2_sigma_error,geom_model_gaussian2_depth,geom_model_gaussian2_depth_error,geom_model_cosine_half_period_amplitude,geom_model_cosine_half_period_amplitude_error,geom_model_cosine_half_period_phase,geom_model_cosine_half_period_phase_error,model_type,num_model_parameters,reduced_chi2,derived_primary_ecl_phase,derived_primary_ecl_phase_error,derived_primary_ecl_duration,derived_primary_ecl_duration_error,derived_primary_ecl_depth,derived_primary_ecl_depth_error,derived_secondary_ecl_phase,derived_secondary_ecl_phase_error,derived_secondary_ecl_duration,derived_secondary_ecl_duration_error,derived_secondary_ecl_depth,derived_secondary_ecl_depth_error
[from data line 214]
375316653866487564,3016706589726049024,0.4696,2336.4893248110675,1.3083306907447738,1.5874843E-5,16.169678,0.0041529476,0.7567206,0.0038154307,0.03788777,0.0033986932,0.23229565,0.0169327,null,null,null,null,null,null,0.017541101,0.0064468877,0.7567206,0.0038154307,"ONEGAUSSIAN_WITH_ELLIPSOIDAL",6,21.660866,0.7567206,0.0038154307,0.21217151,0.019032681,0.2673778,0.01828201,null,null,null,null,null,null
375316653866487564,3016710781614111744,0.5209945,2290.6503564427385,4.106521655269202,1.2628864E-5,17.305836,0.0137316445,0.18755184,0.0077289725,0.09706881,0.0125198765,0.16743334,0.01216766,0.67704046,0.0042226673,0.09239465,0.0124832075,0.1868937,0.013492218,null,null,null,null,"TWOGAUSSIANS",8,7.481869,0.67704046,0.0042226673,0.4,0.0,0.17753495,0.014715875,0.18755184,0.0077289725,0.4,0.0,0.15807411,0.0060117897
375316653866487564,3016716932007254912,0.5782572,2310.91130258022,0.3018252924363521,4.467547E-5,16.389576,7.740078E-4,0.70285267,0.010847259,0.01257272,0.010128233,0.008105213,0.0010129877,0.50835043,0.0046399217,0.022297738,0.0046560545,0.25310528,0.049915627,null,null,null,null,"TWOGAUSSIANS",8,1.8343076,0.50835043,0.0046399217,0.12486733,0.026073905,0.25310528,0.049915627,0.70285267,0.010847259,0.07040723,0.056718104,0.008105213,0.0010129877
375316653866487564,3016717344324105600,0.44593784,2292.0267572773528,0.6953923900899791,4.8334023E-5,16.719904,0.004943018,0.24131253,0.023667574,0.094218664,0.015535164,0.043844957,0.007620505,0.733878,0.018408194,0.01608261,0.0052732415,1.2310787,1.9144406,null,null,null,null,"TWOGAUSSIANS",8,37.08665,0.733878,0.018408194,0.09006261,0.029530153,1.2310762,1.9144404,0.24131253,0.023667574,0.4,0.0,0.043842398,0.007620299
375316653866487564,3016725281423608960,0.5973585,2269.365741213635,2.795493371864584,4.172365E-6,17.27677,0.004840452,0.22512525,0.0010354647,0.08253643,0.0018719407,0.4096952,0.0104164705,0.7247404,0.0021890695,0.08552186,0.003708155,0.3802943,0.01244522,null,null,null,null,"TWOGAUSSIANS",8,5.040775,0.22512525,0.0010354647,0.4,0.0,0.4003227,0.010724395,0.7247404,0.0021890695,0.4,0.0,0.37092176,0.013494279
375316653866487564,3016729129714502144,0.41177195,2310.5268618192736,2.1212919986977816,7.405037E-5,17.235144,0.0034007737,0.25449657,0.0027796275,0.017223889,0.0029278363,0.14581648,0.030209696,0.7378634,0.013899269,0.028509518,0.0075980974,0.029821705,0.008368338,null,null,null,null,"TWOGAUSSIANS",8,7.541898,0.25449657,0.0027796275,0.09645378,0.016395884,0.14581648,0.030209696,0.7378634,0.013899269,0.1596533,0.042549346,0.029821705,0.008368338
375316653866487564,3016730469743975936,0.5748638,2344.477307500599,3.8634037358674638,9.556472E-6,14.753834,0.02094428,0.28333017,0.006457472,0.056755066,0.023646163,0.07676321,0.035937924,0.81339175,0.0044038086,0.06433731,0.017257778,0.113036275,0.037737638,0.068575725,0.019232888,0.81339175,0.0044038086,"TWOGAUSSIANS_WITH_ELLIPSOIDAL_ON_ECLIPSE2",9,66.348045,0.81339175,0.0044038086,0.36028898,0.07504394,0.25012705,0.008292396,0.2927402,0.0034616385,0.31782836,0.119189695,0.21050982,0.007901188
375316653866487564,3016765413598007040,0.41344967,2299.9171901521618,1.9893829906913345,1.6601403E-5,15.285633,0.005436732,0.15084554,0.0042610336,0.05011703,0.0047374396,0.37500075,0.026705468,0.6428487,0.0075790472,0.04424245,0.0074589183,0.24640356,0.09134731,null,null,null,null,"TWOGAUSSIANS",8,105.50616,0.15084554,0.0042610336,0.28065535,0.026529662,0.37500042,0.02670566,0.6428487,0.0075790472,0.24775772,0.04176994,0.24640325,0.09134799
375316653866487564,3016773208961561728,0.5595842,2292.2608257477,3.7406264806187144,8.944096E-6,19.33148,0.011356979,0.25709653,0.0060427273,0.057851426,0.006848087,0.6807495,0.03370809,0.75349057,0.0020089252,0.060252,0.0027699787,0.6081569,0.01554302,null,null,null,null,"TWOGAUSSIANS",8,2.6509597,0.25709653,0.0060427273,0.323968,0.038349286,0.68060476,0.033830572,0.75349057,0.0020089252,0.3374112,0.015511881,0.6080122,0.015511676
375316653866487564,3016780871182228736,0.5933526,2279.544473908898,2.4264102146422015,1.6745129E-5,13.700864,0.014722096,0.19736159,0.0021995227,0.05743677,0.004225355,0.25251144,0.032974448,0.70496666,0.0016597563,0.04311526,0.025128625,0.5329279,0.51571167,0.10885644,0.01876482,0.70496666,0.0016597563,"TWOGAUSSIANS_WITH_ELLIPSOIDAL_ON_ECLIPSE2",9,228.73753,0.70496666,0.0016597563,0.24144545,0.14072031,0.75062823,0.5402363,0.19875158,0.0017754982,0.32164592,0.02366199,0.46980608,0.008671158
375316653866487564,3016785612826119552,0.627087,2310.6435493171043,2.831939466700601,3.2058301E-6,14.686444,0.0049011973,0.24079865,0.0017591257,0.09368249,0.0025930568,0.3762831,0.008706609,0.7437791,0.0011627444,0.087662145,0.0019391924,0.4242172,0.008477432,null,null,null,null,"TWOGAUSSIANS",8,29.230286,0.7437791,0.0011627444,0.4,0.0,0.40720722,0.009144699,0.24079865,0.0017591257,0.4,0.0,0.35927272,0.009651395
375316653866487564,3016788846939382528,0.51908034,2296.64429086497,3.2799033921048975,3.6561054E-5,16.652695,0.036480777,0.20836815,0.010956823,0.107042186,0.020631911,0.264392,0.03966172,0.7131697,0.003991868,0.089037046,0.012750971,0.28533864,0.031751744,null,null,null,null,"TWOGAUSSIANS",8,38.020584,0.7131697,0.0039931345,0.4,0.0,0.26555103,0.014535832,0.20836815,0.010956823,0.4,0.0,0.2445946,0.028297625
375316653866487564,3016803342451358592,0.5757826,2327.001484322692,2.2265501741177762,7.655557E-6,15.428538,0.003643948,0.30237594,0.0018333566,0.06521624,0.002937564,0.16697069,0.006588017,0.7982216,0.0016474334,0.079406604,0.0024533165,0.24945088,0.006751628,null,null,null,null,"TWOGAUSSIANS",8,29.08345,0.7982216,0.0016474334,0.4,0.0,0.24849957,0.006750918,0.30237594,0.0018333566,0.36521098,0.016450359,0.16601938,0.0066396547
375316653866487564,3016833789477906304,0.56955844,2260.759377503447,3.12443183894376,1.1054339E-5,19.259947,0.014433365,0.17490128,0.0027753036,0.039525457,0.0075753946,0.29952183,0.023144703,0.6642954,0.014083637,0.050807007,0.007520684,0.30597568,0.05313912,0.14145282,0.02050944,0.17490128,0.0027753036,"TWOGAUSSIANS_WITH_ELLIPSOIDAL_ON_ECLIPSE1",9,2.2235918,0.66597533,0.012282899,0.28451926,0.04211583,0.5878246,0.037223406,0.17490128,0.0027753036,0.22134256,0.04242221,0.58242685,0.023386868
375316653866487564,3016834884691291648,0.5104546,2278.2715130394413,0.07981838828563786,2.100379E-5,17.332047,0.00554236,0.4183704,0.029876884,0.13733791,0.026395587,0.16594103,0.016926175,0.83086675,0.008026664,0.027316304,0.00413698,0.076072074,0.035864886,null,null,null,null,"TWOGAUSSIANS",8,8.669602,0.4183704,0.029876884,0.4,0.0,0.16541138,0.01695577,0.83086675,0.008026664,0.1529713,0.023167087,0.07738415,0.035163432
375316653866487564,3016847017976238080,0.6091631,2300.7047545237806,3.0580635920636907,1.6977314E-6,17.433987,0.0030188959,0.19047035,4.7636012E-4,0.029700406,7.701027E-4,0.4180254,0.010139902,0.67823577,0.019235302,0.02410296,0.008929869,0.33278552,0.124026865,0.017481582,0.0051673744,0.19047035,4.7636012E-4,"TWOGAUSSIANS_WITH_ELLIPSOIDAL_ON_ECLIPSE1",9,2.633388,0.19047035,4.7636012E-4,0.16632228,0.004312575,0.45298856,0.0105355885,0.6782958,0.019171627,0.13497657,0.050007265,0.36754346,0.12112556
375316653866487564,3016988408298314496,0.4787208,2275.1219446646305,1.5737497122195439,1.0438334E-6,18.593367,0.0053346087,0.10925527,5.301449E-7,0.00264725,2.598483E-5,1.4407896,0.019058244,0.48925358,0.012992848,0.057941098,0.011156076,0.0967712,0.02458714,null,null,null,null,"TWOGAUSSIANS",8,6.2668138,0.10925527,5.301449E-7,0.014824599,1.4551505E-4,1.4407896,0.019058242,0.48925358,0.012992848,0.32447013,0.062474024,0.0967712,0.02458714
375316653866487564,3016989988846966400,0.49682564,2242.8911697310305,2.914681264210735,2.3472947E-5,16.63455,0.0038155483,null,null,null,null,null,null,null,null,null,null,null,null,0.064516135,0.0073473426,0.21936156,0.0069876565,"ELLIPSOIDAL",4,22.376688,null,null,null,null,null,null,null,null,null,null,null,null
375316653866487564,3017015483772811520,0.478711,2260.189390980491,3.8440094077735893,1.0819712E-5,18.034382,0.012085971,0.24336447,0.002614087,0.10284339,0.0054096747,0.28073838,0.015152411,0.7524034,0.0038260075,0.099092826,0.006265089,0.26701707,0.01237619,null,null,null,null,"TWOGAUSSIANS",8,2.651699,0.24336447,0.002614087,0.4,0.0,0.25789687,0.014841218,0.7524034,0.0038260075,0.4,0.0,0.24417828,0.009834458
375316653866487564,3017017128743192192,0.58876586,2250.7911862803544,2.266806592436623,5.6076437E-6,18.82159,0.0115285395,0.19852155,0.0017486489,0.09350048,0.004287951,0.38142434,0.011416569,0.69528484,0.0033189722,0.08971018,0.0047873934,0.3538013,0.015845688,null,null,null,null,"TWOGAUSSIANS",8,1.1185613,0.19852155,0.0017486489,0.4,0.0,0.36451864,0.008467046,0.69528484,0.0033189722,0.4,0.0,0.336896,0.014547575
375316653866487564,3017040390286282496,0.521004,2236.0323867388156,1.905614140088825,1.7791548E-5,18.403418,0.003747547,0.22638391,0.0041457694,0.06831489,0.0040065236,0.24437022,0.007561237,0.7414812,0.006004623,0.06806276,0.007828916,0.116206594,0.009107482,null,null,null,null,"TWOGAUSSIANS",8,2.3119571,0.22638391,0.0041457694,0.38256338,0.022436531,0.24410231,0.0075315638,0.7414812,0.006004623,0.38115147,0.038220566,0.115938686,0.009192519
375316653866487564,3017052111253793408,0.5796841,2271.3021874010947,0.02939494459416908,1.8916027E-6,14.836348,0.0012199992,0.32969257,4.1428516E-6,0.0011336261,1.4246474E-5,0.18705219,0.0012764209,0.8321886,6.152932E-5,0.0023410406,6.886175E-5,0.3461541,0.008769544,null,null,null,null,"TWOGAUSSIANS",8,42.341904,0.8321886,6.152932E-5,0.013109828,3.856258E-4,0.3461541,0.008769544,0.32969257,4.1428516E-6,0.006348306,7.978026E-5,0.18705219,0.0012764209
375316653866487564,3017054997471796608,0.67267144,2217.421602605955,0.785876569973854,3.827669E-6,15.7601595,0.0016383209,0.27192312,2.7868382E-4,0.024896113,2.4023752E-4,0.7468021,0.010278061,0.772827,0.0024104791,0.025273994,0.001636373,0.104135476,0.0070067937,0.020305637,0.0031579277,0.27192312,2.7868382E-4,"TWOGAUSSIANS_WITH_ELLIPSOIDAL_ON_ECLIPSE1",9,12.440309,0.27192312,2.7868382E-4,0.13941823,0.0013453302,0.78741336,0.010363453,0.772827,0.002404081,0.14153437,0.009163689,0.14474542,0.0066639995
375316653866487564,3017063072009312640,0.5243925,2277.472105937995,3.5579320903390284,1.1770471E-5,19.811932,0.013974207,0.25093764,0.0037907483,0.08154416,0.005474548,0.5482409,0.024326172,0.75668955,0.004749817,0.07803725,0.004924327,0.4963823,0.034695867,null,null,null,null,"TWOGAUSSIANS",8,2.2254975,0.25093764,0.0037907483,0.4,0.0,0.541358,0.024638535,0.75668955,0.004749817,0.4,0.0,0.48949942,0.034520727
375316653866487564,3017069909598216576,0.50194526,2269.169287891606,3.193531768514841,1.6412718E-5,18.020954,0.008733663,0.30318895,0.0032213402,0.04800665,0.003842452,0.3082282,0.021360544,0.78854007,0.006882568,0.04517767,0.009120228,0.08735284,0.025791295,0.023113156,0.014918611,0.30318895,0.0032213402,"TWOGAUSSIANS_WITH_ELLIPSOIDAL_ON_ECLIPSE1",9,14.677284,0.30318895,0.0032213402,0.26883724,0.021517731,0.3544541,0.0125824725,0.7896901,0.00653649,0.25299495,0.051073276,0.13321869,0.018311596
375316653866487564,3017072246060564096,0.60507035,2246.1866011329284,0.512750672755876,1.0437525E-6,14.814087,0.0022768734,0.27122957,0.019928077,0.019715047,0.019407498,0.33754346,323.33725,0.7710348,3.4726475E-4,0.020876067,7.826054E-4,0.31766224,0.006565505,0.0020705343,0.0036773605,0.27122957,0.019928077,"TWOGAUSSIANS_WITH_ELLIPSOIDAL_ON_ECLIPSE1",9,26.262787,0.27122957,0.019928077,0.11040426,0.108681984,0.34168452,323.3407,0.7710348,3.463767E-4,0.11690597,0.0043825903,0.3218033,0.01006518
375316653866487564,3017076575387450496,0.47995523,2248.63653919396,1.361710797375699,2.0813355E-5,16.104347,0.006779297,0.21623914,0.020318262,0.09085014,0.06939361,0.014856167,0.0050132507,0.64347756,0.0051292963,0.105293855,0.012442127,0.059667528,0.007411886,null,null,null,null,"TWOGAUSSIANS",8,5.8892946,0.64347756,0.0051292963,0.4,0.0,0.05881058,0.0056003467,0.21657914,0.01993273,0.4,0.04598104,0.014014986,0.0033545957
375316653866487564,3017108426864998656,0.623594,2219.7142837031897,1.0113122061550046,7.0346505E-6,15.518837,0.0031190552,0.19899529,0.0011272809,0.031509347,0.00273835,0.1280427,0.008364391,0.6968372,0.0011836347,0.030177116,0.0018109559,1.3302863,0.12595636,0.014661024,0.004907863,0.19899529,0.0011272809,"TWOGAUSSIANS_WITH_ELLIPSOIDAL_ON_ECLIPSE1",9,46.919315,0.6968372,0.0011836347,0.16899185,0.010141353,1.3596029,0.13053286,0.19899529,0.0011272809,0.17645234,0.01533476,0.15736474,0.011478488
375316653866487564,3017116741921578112,0.6520622,2244.4804082978303,1.8907299657788776,5.560441E-6,15.801528,0.0015775425,0.22509103,0.0012331159,0.03837563,0.007212006,0.01907244,0.0038665133,0.72296566,0.0029459025,0.051083654,0.0020613791,0.10822533,0.004595051,0.06293659,0.0020021452,0.22509103,0.0012331159,"TWOGAUSSIANS_WITH_ELLIPSOIDAL_ON_ECLIPSE1",9,3.6240287,0.7233757,0.0024650013,0.28606847,0.011543723,0.23407978,0.003287903,0.22509103,0.0012331159,0.21490353,0.04038723,0.144945,0.0025215151
375316653866487564,3017117046863112704,0.49818164,2199.560796909914,0.34288339000099083,3.260598E-5,19.894384,0.0069000446,0.22890873,0.00864077,0.031147635,0.0042781616,0.20295537,0.026197713,0.72971076,0.006298524,0.034560878,0.0036008542,0.6563976,0.07279332,null,null,null,null,"TWOGAUSSIANS",8,3.0506754,0.72971076,0.006298524,0.1935409,0.020164782,0.6563976,0.07279332,0.22890873,0.00864077,0.17442675,0.023957705,0.20295537,0.026197713
375316653866487564,3017122205119966336,0.5134988,2201.239566627275,1.5117587781137434,1.6021488E-5,16.677753,0.0027359119,0.24459156,0.010275492,0.06483031,0.009735915,0.07510008,0.00410301,0.7513683,0.0072494256,0.04651472,0.013191676,0.0567008,0.0037339989,null,null,null,null,"TWOGAUSSIANS",8,4.732265,0.24459156,0.010275492,0.36304975,0.050139576,0.0750959,0.0040927525,0.7513683,0.0072494256,0.26048243,0.073873386,0.056696616,0.0037491915
375316653866487564,3017164703819918976,0.48431793,2271.4847013075632,0.2792939914170791,5.1125004E-5,18.051264,0.0019457449,0.32798004,0.01217771,0.044116315,0.00549604,0.18157305,0.022761948,0.1583485,0.0048382143,0.009956302,0.010516084,0.012385439,0.32711512,null,null,null,null,"TWOGAUSSIANS",8,2.331492,0.32798004,0.01217771,0.24705136,0.030777823,0.18157305,0.022761948,0.1584285,0.0048370096,0.055755295,0.058890067,0.012497656,0.32709235
375316653866487564,3017223188392249344,0.62721246,2296.8229446847727,3.9594793867968527,4.2252846E-6,17.797361,0.0068281544,0.2503079,0.0029502395,0.0430883,0.01015029,0.21338297,0.037411246,0.7499756,0.0014009444,0.047375273,0.0028798294,0.19149421,0.016466511,0.10794978,0.010552651,0.2503079,0.0029502395,"TWOGAUSSIANS_WITH_ELLIPSOIDAL_ON_ECLIPSE1",9,3.5382433,0.2503079,0.0029502395,0.24129447,0.056841623,0.429282,0.044395477,0.75003564,0.0010889313,0.26530153,0.016127044,0.40739247,0.005835404
375316653866487564,3017228372417811456,0.51121795,2277.949971192292,2.7232207853208137,1.1288964E-5,19.116291,0.05539784,0.29654709,0.0030724488,0.10762213,0.017105414,0.30805156,0.04723644,0.79471153,0.00408598,0.114000015,0.02101569,0.29612097,0.043286785,null,null,null,null,"TWOGAUSSIANS",8,1.3766899,0.29654709,0.0030836102,0.4,0.0,0.2616258,0.0153353475,0.79471153,0.00408598,0.4,0.0,0.24966843,0.019013232
375316653866487564,3017233423297037568,0.5206237,2270.772225362655,1.431288658704377,1.1431798E-5,19.424017,0.009212035,0.13800125,0.00785804,0.082204565,0.009325937,0.1632131,0.01105959,0.62686795,0.0035680188,0.07492728,0.005478871,0.36249164,0.023639224,null,null,null,null,"TWOGAUSSIANS",8,1.2360493,0.62686795,0.0035680188,0.4,0.0,0.36011225,0.024240287,0.13800125,0.00785804,0.4,0.0,0.1608337,0.010268715
