Gaia/vari_eclipsing_binary/VariEclipsingBinary_491269-491331.csv
# %ECSV 1.0
# ---
# delimiter: ','
# meta: !!omap
# - RELEASE: Gaia DR3
# - TABLE: vari_eclipsing_binary
# - DESCRIPTION: >
#     This table describes the properties of the eclipsing binaries resulting from the variability analysis. 
# - CITATION: >
#     How to cite and acknowledge Gaia: 
#     https://gea.esac.esa.int/archive/documentation/credits.html 
# - KNOWN_ISSUES: >
#     Known issues: 
#     https://www.cosmos.esa.int/web/gaia-users/known-issues 
# - DOCUMENTATION: >
#     Tutorials and documentation: 
#     https://www.cosmos.esa.int/web/gaia-users/archive 
# datatype:
# - 
#   name: solution_id
#   datatype: int64
#   description: Solution Identifier
#   meta:
#     ucd: meta.version
# - 
#   name: source_id
#   datatype: int64
#   description: Unique source identifier
#   meta:
#     ucd: meta.id;meta.main
# - 
#   name: global_ranking
#   datatype: float32
#   description: Number between 0 (worst) and 1 (best)
#   meta:
#     ucd: stat.param
# - 
#   name: reference_time
#   datatype: float64
#   unit: d
#   description: Reference time used for the geometric model fit
#   meta:
#     ucd: time.epoch
# - 
#   name: frequency
#   datatype: float64
#   unit: d**-1
#   description: Frequency of geometric model of the eclipsing binary light curve
#   meta:
#     ucd: src.orbital
# - 
#   name: frequency_error
#   datatype: float32
#   unit: d**-1
#   description: "Uncertainty of \\texttt{frequency}"
#   meta:
#     ucd: stat.error
# - 
#   name: geom_model_reference_level
#   datatype: float32
#   unit: mag
#   description: Magnitude reference level of geometric model
#   meta:
#     ucd: phot.mag;em.opt
# - 
#   name: geom_model_reference_level_error
#   datatype: float32
#   unit: mag
#   description: "Uncertainty of \\texttt{geomModelReferenceLevel}"
#   meta:
#     ucd: stat.error;phot.mag;em.opt
# - 
#   name: geom_model_gaussian1_phase
#   datatype: float32
#   description: Phase of the Gaussian 1 component
#   meta:
#     ucd: time.phase
# - 
#   name: geom_model_gaussian1_phase_error
#   datatype: float32
#   description: "Uncertainty of \\texttt{geomModelGaussian1Phase}"
#   meta:
#     ucd: stat.error;time.phase
# - 
#   name: geom_model_gaussian1_sigma
#   datatype: float32
#   description: "Standard deviation [phase] of Gaussian 1 component"
#   meta:
#     ucd: stat.stdev
# - 
#   name: geom_model_gaussian1_sigma_error
#   datatype: float32
#   description: "Uncertainty of \\texttt{geomModelGaussian1Sigma}"
#   meta:
#     ucd: stat.error
# - 
#   name: geom_model_gaussian1_depth
#   datatype: float32
#   unit: mag
#   description: Magnitude depth of Gaussian 1 component
#   meta:
#     ucd: src.var.amplitude
# - 
#   name: geom_model_gaussian1_depth_error
#   datatype: float32
#   unit: mag
#   description: "Uncertainty of \\texttt{geomModelGaussian1Depth}"
#   meta:
#     ucd: stat.error;src.var.amplitude
# - 
#   name: geom_model_gaussian2_phase
#   datatype: float32
#   description: Phase of Gaussian 2 component
#   meta:
#     ucd: time.phase
# - 
#   name: geom_model_gaussian2_phase_error
#   datatype: float32
#   description: "Uncertainty of \\texttt{geomModelGaussian2Phase}"
#   meta:
#     ucd: stat.error;time.phase
# - 
#   name: geom_model_gaussian2_sigma
#   datatype: float32
[...]
#   datatype: float32
#   description: "Secondary eclipse: uncertainty of \\texttt{derivedSecondaryEclDuration}"
#   meta:
#     ucd: stat.error;time.duration
# - 
#   name: derived_secondary_ecl_depth
#   datatype: float32
#   unit: mag
#   description: "Secondary eclipse: depth"
#   meta:
#     ucd: src.var.amplitude
# - 
#   name: derived_secondary_ecl_depth_error
#   datatype: float32
#   unit: mag
#   description: "Secondary eclipse: uncertainty of \\texttt{derivedSecondaryEclDepth}"
#   meta:
#     ucd: stat.error;src.var.amplitude
solution_id,source_id,global_ranking,reference_time,frequency,frequency_error,geom_model_reference_level,geom_model_reference_level_error,geom_model_gaussian1_phase,geom_model_gaussian1_phase_error,geom_model_gaussian1_sigma,geom_model_gaussian1_sigma_error,geom_model_gaussian1_depth,geom_model_gaussian1_depth_error,geom_model_gaussian2_phase,geom_model_gaussian2_phase_error,geom_model_gaussian2_sigma,geom_model_gaussian2_sigma_error,geom_model_gaussian2_depth,geom_model_gaussian2_depth_error,geom_model_cosine_half_period_amplitude,geom_model_cosine_half_period_amplitude_error,geom_model_cosine_half_period_phase,geom_model_cosine_half_period_phase_error,model_type,num_model_parameters,reduced_chi2,derived_primary_ecl_phase,derived_primary_ecl_phase_error,derived_primary_ecl_duration,derived_primary_ecl_duration_error,derived_primary_ecl_depth,derived_primary_ecl_depth_error,derived_secondary_ecl_phase,derived_secondary_ecl_phase_error,derived_secondary_ecl_duration,derived_secondary_ecl_duration_error,derived_secondary_ecl_depth,derived_secondary_ecl_depth_error
[from data line 74]
375316653866487564,4321310808644733568,0.52598363,2096.5746499929396,0.19308914500267396,1.5658592E-5,16.124626,0.0062773675,0.29764116,0.011965579,0.027809354,0.006297879,0.36164883,0.0924531,null,null,null,null,null,null,0.030251708,0.0082248915,0.29764116,0.011965579,"ONEGAUSSIAN_WITH_ELLIPSOIDAL",6,31.941124,0.29764116,0.011965579,0.15573238,0.03526812,0.42215222,0.08324134,null,null,null,null,null,null
375316653866487564,4321314347698357504,0.6260348,2155.565464872347,2.2996522659747147,3.82984E-6,15.682088,0.006788122,0.26789254,0.0011398145,0.11081126,0.0040327124,0.20406358,0.0059244153,0.7714986,0.0020085322,0.1027762,0.003971482,0.2146006,0.0060036583,null,null,null,null,"TWOGAUSSIANS",8,4.364263,0.7714986,0.0020122621,0.4,0.0,0.18869774,0.0042095273,0.26789254,0.0011398145,0.4,0.0,0.17814825,0.00178136
375316653866487564,4321314382052486784,0.5014095,2125.643934032809,1.1869273688893798,1.8780236E-5,19.28433,0.04915448,0.27201384,0.005901888,0.11184025,0.017486863,0.28989258,0.045211926,0.7634227,0.006309022,0.095477015,0.029197246,0.28356224,0.02947782,null,null,null,null,"TWOGAUSSIANS",8,1.5139768,0.27201384,0.005895866,0.4,0.0,0.26167935,0.012370563,0.7634227,0.006309022,0.4,0.0,0.25537634,0.06527454
375316653866487564,4321314897453616768,0.5198508,2171.356308778309,1.2908094232427734,5.330359E-6,17.401321,0.0019609581,0.28834963,0.0016623004,0.04019008,0.0015452122,0.16307795,0.004062231,null,null,null,null,null,null,null,null,null,null,"ONEGAUSSIAN",5,3.1618638,0.28834963,0.0016623004,0.22506443,0.008653188,0.16307795,0.0,null,null,null,null,null,null
375316653866487564,4321315064938916864,0.53847283,2177.230613581481,0.8908773481473454,7.986369E-6,18.441511,0.0042503546,0.21466653,0.030162912,0.03891389,0.019355038,0.117762476,0.015446717,0.7059957,0.015571841,0.03728774,0.008707534,0.20917271,0.018252032,null,null,null,null,"TWOGAUSSIANS",8,1.7318623,0.7059957,0.015571841,0.20881134,0.048762187,0.20917271,0.018252017,0.21466653,0.030162912,0.21791779,0.108388215,0.117762476,0.015446665
375316653866487564,4321315339816859648,0.542551,2142.1988414645625,2.789774671747442,1.0393257E-5,18.360834,0.013484471,0.26260188,0.0043629683,0.09550632,0.008306889,0.2716503,0.012037575,0.7673375,0.006026744,0.08744633,0.008137996,0.3032276,0.027113408,null,null,null,null,"TWOGAUSSIANS",8,3.7003303,0.7673375,0.006026744,0.4,0.0,0.29051104,0.028084451,0.26260188,0.0043629683,0.4,0.0,0.2589332,0.0071957326
375316653866487564,4321316714214832896,0.48072866,2147.1916233341854,1.7243281992766533,1.46991015E-5,19.56973,0.013836423,0.1561128,0.0010032314,0.029597852,0.0037202039,0.6612081,0.107282795,0.64096314,0.023597555,0.067533776,0.027675228,0.14947094,0.024783423,null,null,null,null,"TWOGAUSSIANS",8,6.1018367,0.1561128,0.0010032314,0.16574797,0.020833142,0.6612078,0.10728343,0.64096314,0.023597555,0.37818915,0.12989765,0.14947061,0.024784615
375316653866487564,4321319772224423552,0.4770407,2102.147884466035,3.176148128181644,1.1847469E-5,18.833382,0.0063330987,0.42544827,0.009076836,0.01638779,0.018945474,0.52612644,0.44158843,0.8900155,0.021584569,0.022982622,0.015127297,0.10018357,0.25473523,null,null,null,null,"TWOGAUSSIANS",8,7.539865,0.42544827,0.009076836,0.091771625,0.10609466,0.52612644,0.44158843,0.8900155,0.021584569,0.12870269,0.084712856,0.10018357,0.25473523
375316653866487564,4321322727160739712,0.5053011,2135.3270216778305,0.14911150179970487,1.8206638E-6,17.5428,0.0031594923,0.25063437,0.029800821,0.006673277,0.012370016,0.014142538,0.111213565,0.3805384,0.0020852347,0.0057167117,8.808041E-4,0.5112975,0.07937565,0.01873374,0.0049368893,0.25063437,0.029800821,"TWOGAUSSIANS_WITH_ELLIPSOIDAL_ON_ECLIPSE1",9,9.766046,0.3805384,0.0020852347,0.032013588,0.0049325028,0.5288775,0.07730389,0.25063437,0.029800821,0.03737035,0.06927209,0.051609993,0.111849956
375316653866487564,4321324827418247936,0.5877669,2144.831050210252,2.660244714653187,1.0927103E-5,19.009596,0.01789296,0.16302177,0.002576638,0.03891149,0.0038999866,0.31601512,0.03721551,0.6634891,0.0041441987,0.045181528,0.005621215,0.23279774,0.036762197,0.12802778,0.01933648,0.16302177,0.002576638,"TWOGAUSSIANS_WITH_ELLIPSOIDAL_ON_ECLIPSE1",9,4.7083154,0.16302177,0.002576638,0.21790436,0.021839924,0.57207054,0.021848423,0.6634891,0.0038963978,0.25301656,0.031478804,0.48885092,0.013075763
375316653866487564,4321326815969779456,0.57476103,2103.1743726135223,2.620805847359144,9.876308E-6,18.151697,0.0064632557,0.31397688,0.0020929133,0.04197938,0.0067999577,0.19289567,0.023387598,0.81338704,0.0050867507,0.040332824,0.007541888,0.14335288,0.033838432,0.10724514,0.01537869,0.31397688,0.0020929133,"TWOGAUSSIANS_WITH_ELLIPSOIDAL_ON_ECLIPSE1",9,4.924915,0.31397688,0.0020929133,0.23508453,0.038079765,0.4073859,0.023004772,0.81348705,0.0044936454,0.22586381,0.04223457,0.35784063,0.033502925
375316653866487564,4321327919794491392,0.45245913,2126.0400052815826,0.4494918197942148,9.233285E-5,18.03348,0.010764159,0.16683784,0.026799353,0.022449179,0.010260537,0.4120082,0.38812545,0.6879803,0.0147172045,0.09411527,0.018342244,0.044221077,0.01285422,null,null,null,null,"TWOGAUSSIANS",8,8.651471,0.16683784,0.026799353,0.1257154,0.05745901,0.4120035,0.38799456,0.6879803,0.0147172045,0.4,0.0,0.04421625,0.012791297
375316653866487564,4321328946274612864,0.54881537,2147.635826571233,1.317281831224124,3.868324E-6,17.508701,0.009170281,0.32323998,0.0108153755,0.059066065,0.013219225,0.1765704,0.023435352,0.80403996,0.0012803748,0.044349346,0.0029784504,0.6886049,0.04886442,null,null,null,null,"TWOGAUSSIANS",8,27.062456,0.80403996,0.0012803748,0.24835634,0.016679322,0.6886028,0.04886603,0.32323998,0.0108153755,0.33076996,0.074027665,0.17656833,0.023437023
375316653866487564,4321331145297988992,0.5746842,2168.2148047929713,1.9768089471759624,8.499749E-6,18.623478,0.006571324,0.28475088,0.00648025,0.05644894,0.005922665,0.6551996,0.12608308,0.7879144,0.0036748163,0.07340237,0.0036560984,0.24609959,0.0088033,null,null,null,null,"TWOGAUSSIANS",8,2.0312207,0.28475088,0.00648025,0.31611407,0.033166923,0.654795,0.12640464,0.7879144,0.0036748163,0.4,3.0276357E-4,0.24569498,0.008700114
375316653866487564,4321331561926779648,0.6257295,2115.4353312037724,0.8103231498772647,8.10025E-6,16.394009,0.004271057,0.22202279,0.0023732912,0.08655256,0.0030401372,0.3222818,0.012830679,0.7210117,0.0017600289,0.08252035,0.0020382854,0.36786842,0.010051278,null,null,null,null,"TWOGAUSSIANS",8,6.3775783,0.7210117,0.0017600289,0.4,0.0,0.35935256,0.01023495,0.22202279,0.0023732912,0.4,0.0,0.3137659,0.013203501
375316653866487564,4321336097412525824,0.5989773,2138.3888459747923,2.402006313282325,8.628829E-6,17.06558,0.006902099,0.26853102,0.0026158392,0.04576592,0.007575658,0.09587157,0.017255396,0.7763428,0.008338776,0.042577084,0.009130542,0.09033446,0.015779562,0.096903056,0.008166,0.26853102,0.0026158392,"TWOGAUSSIANS_WITH_ELLIPSOIDAL_ON_ECLIPSE1",9,5.9040904,0.26853102,0.0026158392,0.25628915,0.042423684,0.28967765,0.0095838215,0.7763428,0.008338776,0.23843166,0.051131036,0.283674,0.008599836
375316653866487564,4321339013676948864,0.616764,2120.5539198008883,2.7149521462109947,8.052714E-6,18.461113,0.008762872,0.29956186,0.002911811,0.078261174,0.0033684385,0.5499561,0.013043287,0.8099466,0.0018606556,0.07102402,0.0023786933,0.48884034,0.009572232,null,null,null,null,"TWOGAUSSIANS",8,2.2867362,0.29956186,0.002911811,0.4,0.0,0.5469474,0.012841447,0.8099466,0.0018606556,0.39773455,0.010546407,0.48583168,0.008954418
375316653866487564,4321342935001869184,0.60107785,2171.3115951915074,2.1465826863022635,6.0049942E-6,16.360641,0.0068153283,0.25838926,0.0016405404,0.0929782,0.003761715,0.2852076,0.008370353,0.7609348,0.0026292372,0.087714046,0.0036016894,0.31492195,0.0097325,null,null,null,null,"TWOGAUSSIANS",8,8.450474,0.7609348,0.0026292372,0.4,0.0,0.3024179,0.009437846,0.25838926,0.0016405404,0.4,0.0,0.2727033,0.0083356425
375316653866487564,4321342965049291520,0.4872543,2165.4599081218353,0.4762630296864403,1.6014226E-5,19.63647,0.009705125,0.344774,0.016043972,0.0354229,0.022181183,0.22192854,0.150706,0.839908,0.0055517517,0.02028617,0.009361374,0.22532679,0.24650154,null,null,null,null,"TWOGAUSSIANS",8,1.7755961,0.839908,0.0055517517,0.11360256,0.052423697,0.22532679,0.24650154,0.344774,0.016043972,0.19836824,0.12421463,0.22192854,0.150706
375316653866487564,4321344408155932928,0.58687586,2147.9651060657065,1.0534149858984714,1.1472077E-5,17.151726,0.0025569291,0.23997398,0.0037387852,0.044496868,0.0035311733,0.09366704,0.007248846,0.7375355,0.0012903586,0.038438827,0.0012598316,0.35684684,0.010907153,null,null,null,null,"TWOGAUSSIANS",8,6.153906,0.7375355,0.0012903586,0.21525742,0.0070550567,0.3568468,0.010907154,0.23997398,0.0037387852,0.24918246,0.019774571,0.09366703,0.0072488473
375316653866487564,4321344652997096064,0.54557425,2137.401504424234,0.3940656328078578,1.6104637E-5,15.698521,0.0015742201,0.38977984,0.01352893,0.015262925,0.014230246,0.024091456,0.003606007,0.89805067,0.0075915265,0.011788075,0.0057881805,0.13082252,0.044139504,null,null,null,null,"TWOGAUSSIANS",8,8.447509,0.89805067,0.0075915265,0.066013224,0.03241381,0.13082252,0.044139504,0.38977984,0.01352893,0.08547238,0.079689376,0.024091456,0.003606007
375316653866487564,4321344824763543040,0.4517888,2125.935467238201,0.10197261515715692,5.063424E-5,18.77688,0.024505561,0.16803505,0.03407641,0.051109247,0.02996894,0.22803465,0.02447816,0.6870368,0.015323635,0.056756057,0.041195918,0.18150881,0.1111848,null,null,null,null,"TWOGAUSSIANS",8,5.71717,0.16803505,0.03407641,0.2862118,0.11599767,0.22803085,0.02373644,0.6870368,0.015323635,0.3178339,0.15221405,0.18150501,0.11175568
375316653866487564,4321345438944232832,0.47379673,2136.718153783463,2.4267906346123413,3.1642037E-5,19.24204,0.12465244,0.30635223,0.010959267,0.101234086,0.03760778,0.32221517,0.11678359,0.81533533,0.013256854,0.11135105,0.036884755,0.2879474,0.12404948,null,null,null,null,"TWOGAUSSIANS",8,5.4035068,0.30634224,0.011022024,0.4,0.0,0.28773978,0.027211681,0.81533533,0.0132459,0.4,0.0,0.25344995,0.034063052
375316653866487564,4321346641534726528,0.46440703,2104.841448944472,2.0645743864329913,1.0028281E-5,18.100485,0.011582047,0.16798192,0.002749399,0.0389227,0.003661735,0.2532468,0.009286964,0.5814994,0.11957523,0.062258717,0.08830637,0.07118093,0.040337376,null,null,null,null,"TWOGAUSSIANS",8,7.7533216,0.16798192,0.0024947189,0.21796714,0.020505715,0.2532468,0.011519207,0.5814994,0.11957523,0.34864882,0.08477913,0.07118092,0.040604893
375316653866487564,4321347637973274880,0.52956384,2075.30944212249,3.25460048159412,1.44277155E-5,19.503904,0.014322984,0.21526836,0.0060873935,0.068998314,0.010437503,0.38243538,0.03579183,0.7051537,0.0059875106,0.08569017,0.01270095,0.3784119,0.027989028,null,null,null,null,"TWOGAUSSIANS",8,1.8156481,0.21526836,0.0060873935,0.38639057,0.043423403,0.3791483,0.037083585,0.7051537,0.0059875106,0.4,0.0,0.37512478,0.029675901
375316653866487564,4321349394609531136,0.5078685,2090.4335679168535,3.9924200778368024,3.3846776E-5,19.7151,0.027051447,0.15354474,0.01058713,0.059505507,0.0113979615,0.29661736,0.043154906,0.6596635,0.0043776054,0.06400746,0.0065677026,0.40142998,0.040179975,null,null,null,null,"TWOGAUSSIANS",8,2.6656485,0.6596635,0.0043776054,0.3584418,0.036779135,0.4012734,0.040099923,0.15354474,0.01058713,0.33323085,0.06382859,0.29646078,0.043031756
375316653866487564,4321349910005816576,0.4793893,2093.790096251433,2.4173865830453622,1.8659232E-5,19.801996,0.02061737,0.22229928,0.006626655,0.0788809,0.010548672,0.27957612,0.031769704,0.71269244,0.00917032,0.0924886,0.024901515,0.2595658,0.039524667,null,null,null,null,"TWOGAUSSIANS",8,1.528242,0.22229928,0.006625453,0.4,0.0,0.2731476,0.030556634,0.71269244,0.00917032,0.4,0.0,0.253137,0.04864511
375316653866487564,4321351146956804352,0.51416427,2121.205010813,3.302443570763312,2.3519748E-5,19.347137,0.0366649,0.24025327,0.015424332,0.09650224,0.02906842,0.26063275,0.03437828,0.7578486,0.00524615,0.087064095,0.014928412,0.23335414,0.03392704,null,null,null,null,"TWOGAUSSIANS",8,1.7472976,0.24025327,0.015424332,0.4,0.0,0.25135848,0.013990882,0.7578486,0.005251361,0.4,0.0,0.22408095,0.018710522
375316653866487564,4321351181315821952,0.44493487,2092.7973515926096,2.4719502261842643,1.7604283E-5,19.356619,0.48003247,0.3141161,0.014990632,0.14486167,0.052002165,0.5209785,0.44193426,0.7893513,0.012281644,0.15056075,0.060624745,0.5176992,0.4534253,null,null,null,null,"TWOGAUSSIANS",8,4.96408,0.3161761,0.012053566,0.4,0.0,0.3114025,0.022550836,0.7893513,0.012281644,0.4,0.0,0.30646437,0.024929203
375316653866487564,4321353135531510016,0.49848488,2083.4139129516816,1.7508953177040896,2.094879E-5,19.550076,0.014471895,0.26194334,0.0036614488,0.06811266,0.005997288,0.37804452,0.020067899,0.7287694,0.020011168,0.07313918,0.026335865,0.17365499,0.05299513,null,null,null,null,"TWOGAUSSIANS",8,3.0211585,0.26194334,0.0036614488,0.38143086,0.033584815,0.37764034,0.019762293,0.7287694,0.020011168,0.4,0.077964604,0.1732508,0.053948753
375316653866487564,4321354441208096640,0.48930848,2111.8807815209675,2.581444190322789,1.7534132E-5,18.76539,0.011746635,0.24896702,0.005385626,0.078544796,0.011880817,0.18486494,0.018983806,0.73461324,0.008099703,0.086181216,0.009461156,0.17886515,0.01643798,null,null,null,null,"TWOGAUSSIANS",8,2.9756253,0.24896702,0.005385626,0.4,0.0,0.18209377,0.019753588,0.73461324,0.008099703,0.4,0.0,0.17609395,0.015488115
375316653866487564,4321356197870050304,0.4280654,2163.080337873564,0.14871988388354304,8.284778E-5,16.35671,0.005901934,0.23104201,0.0058172033,0.015637642,0.010724146,0.4998593,0.34253588,0.61517066,0.023466695,0.051814113,0.011592767,0.85276026,0.16153978,null,null,null,null,"TWOGAUSSIANS",8,32.250366,0.61517066,0.023466695,0.29015902,0.0649195,0.85276026,0.16153978,0.23104201,0.0058172033,0.087570794,0.060055215,0.4998593,0.34253588
375316653866487564,4321356640220743168,0.47227737,2180.1053870043806,2.811433789485977,2.7460392E-5,19.157372,0.009163228,0.7200846,0.005050052,0.029242264,0.021989007,0.09210513,0.021032501,null,null,null,null,null,null,0.08778979,0.01600371,0.7200846,0.005050052,"ONEGAUSSIAN_WITH_ELLIPSOIDAL",6,5.029311,0.7200846,0.005050052,0.16375668,0.12313844,0.2676846,0.023860315,null,null,null,null,null,null
375316653866487564,4321357228667600256,0.5063274,2133.8361546349784,0.4919644884497011,3.6422556E-5,19.48836,0.0046399897,0.23139913,0.09306546,0.03196162,0.006780216,0.54396844,0.49448806,0.70960706,0.0039592013,0.054105386,0.0032870297,0.21999006,0.009410816,null,null,null,null,"TWOGAUSSIANS",8,0.84072113,0.23139913,0.09306546,0.17898507,0.03796921,0.54396844,0.49448806,0.70960706,0.0039592013,0.30299017,0.018407365,0.21999006,0.009410817
375316653866487564,4321357464854899968,0.50131565,2123.6896012579473,2.339521199963861,1.5277526E-5,19.19961,0.019740073,0.2926976,0.010390328,0.08031686,0.0132809235,0.31994954,0.030708224,0.8046591,0.008012284,0.10213419,0.011583944,0.2748246,0.021664731,null,null,null,null,"TWOGAUSSIANS",8,2.2167046,0.2926976,0.01038818,0.4,0.0,0.3086008,0.03278004,0.8046591,0.008012284,0.4,0.0,0.2634719,0.018490696
375316653866487564,4321357915856327552,0.5170939,2107.716873622592,3.910162174361375,1.0430163E-6,16.823778,0.0030470497,0.5961449,5.226188E-6,0.0038142032,3.3566805E-5,0.6750105,0.0023737543,null,null,null,null,null,null,null,null,null,null,"ONEGAUSSIAN",5,17.436565,0.5961449,5.226188E-6,0.021359539,1.879741E-4,0.6750105,0.0,null,null,null,null,null,null
