Gaia/vari_eclipsing_binary/VariEclipsingBinary_513017-513045.csv
# %ECSV 1.0
# ---
# delimiter: ','
# meta: !!omap
# - RELEASE: Gaia DR3
# - TABLE: vari_eclipsing_binary
# - DESCRIPTION: >
#     This table describes the properties of the eclipsing binaries resulting from the variability analysis. 
# - CITATION: >
#     How to cite and acknowledge Gaia: 
#     https://gea.esac.esa.int/archive/documentation/credits.html 
# - KNOWN_ISSUES: >
#     Known issues: 
#     https://www.cosmos.esa.int/web/gaia-users/known-issues 
# - DOCUMENTATION: >
#     Tutorials and documentation: 
#     https://www.cosmos.esa.int/web/gaia-users/archive 
# datatype:
# - 
#   name: solution_id
#   datatype: int64
#   description: Solution Identifier
#   meta:
#     ucd: meta.version
# - 
#   name: source_id
#   datatype: int64
#   description: Unique source identifier
#   meta:
#     ucd: meta.id;meta.main
# - 
#   name: global_ranking
#   datatype: float32
#   description: Number between 0 (worst) and 1 (best)
#   meta:
#     ucd: stat.param
# - 
#   name: reference_time
#   datatype: float64
#   unit: d
#   description: Reference time used for the geometric model fit
#   meta:
#     ucd: time.epoch
# - 
#   name: frequency
#   datatype: float64
#   unit: d**-1
#   description: Frequency of geometric model of the eclipsing binary light curve
#   meta:
#     ucd: src.orbital
# - 
#   name: frequency_error
#   datatype: float32
#   unit: d**-1
#   description: "Uncertainty of \\texttt{frequency}"
#   meta:
#     ucd: stat.error
# - 
#   name: geom_model_reference_level
#   datatype: float32
#   unit: mag
#   description: Magnitude reference level of geometric model
#   meta:
#     ucd: phot.mag;em.opt
# - 
#   name: geom_model_reference_level_error
#   datatype: float32
#   unit: mag
#   description: "Uncertainty of \\texttt{geomModelReferenceLevel}"
#   meta:
#     ucd: stat.error;phot.mag;em.opt
# - 
#   name: geom_model_gaussian1_phase
#   datatype: float32
#   description: Phase of the Gaussian 1 component
#   meta:
#     ucd: time.phase
# - 
#   name: geom_model_gaussian1_phase_error
#   datatype: float32
#   description: "Uncertainty of \\texttt{geomModelGaussian1Phase}"
#   meta:
#     ucd: stat.error;time.phase
# - 
#   name: geom_model_gaussian1_sigma
#   datatype: float32
#   description: "Standard deviation [phase] of Gaussian 1 component"
#   meta:
#     ucd: stat.stdev
# - 
#   name: geom_model_gaussian1_sigma_error
#   datatype: float32
#   description: "Uncertainty of \\texttt{geomModelGaussian1Sigma}"
#   meta:
#     ucd: stat.error
# - 
#   name: geom_model_gaussian1_depth
#   datatype: float32
#   unit: mag
#   description: Magnitude depth of Gaussian 1 component
#   meta:
#     ucd: src.var.amplitude
# - 
#   name: geom_model_gaussian1_depth_error
#   datatype: float32
#   unit: mag
#   description: "Uncertainty of \\texttt{geomModelGaussian1Depth}"
#   meta:
#     ucd: stat.error;src.var.amplitude
# - 
#   name: geom_model_gaussian2_phase
#   datatype: float32
#   description: Phase of Gaussian 2 component
#   meta:
#     ucd: time.phase
# - 
#   name: geom_model_gaussian2_phase_error
#   datatype: float32
#   description: "Uncertainty of \\texttt{geomModelGaussian2Phase}"
#   meta:
#     ucd: stat.error;time.phase
# - 
#   name: geom_model_gaussian2_sigma
#   datatype: float32
[...]
#   datatype: float32
#   description: "Secondary eclipse: uncertainty of \\texttt{derivedSecondaryEclDuration}"
#   meta:
#     ucd: stat.error;time.duration
# - 
#   name: derived_secondary_ecl_depth
#   datatype: float32
#   unit: mag
#   description: "Secondary eclipse: depth"
#   meta:
#     ucd: src.var.amplitude
# - 
#   name: derived_secondary_ecl_depth_error
#   datatype: float32
#   unit: mag
#   description: "Secondary eclipse: uncertainty of \\texttt{derivedSecondaryEclDepth}"
#   meta:
#     ucd: stat.error;src.var.amplitude
solution_id,source_id,global_ranking,reference_time,frequency,frequency_error,geom_model_reference_level,geom_model_reference_level_error,geom_model_gaussian1_phase,geom_model_gaussian1_phase_error,geom_model_gaussian1_sigma,geom_model_gaussian1_sigma_error,geom_model_gaussian1_depth,geom_model_gaussian1_depth_error,geom_model_gaussian2_phase,geom_model_gaussian2_phase_error,geom_model_gaussian2_sigma,geom_model_gaussian2_sigma_error,geom_model_gaussian2_depth,geom_model_gaussian2_depth_error,geom_model_cosine_half_period_amplitude,geom_model_cosine_half_period_amplitude_error,geom_model_cosine_half_period_phase,geom_model_cosine_half_period_phase_error,model_type,num_model_parameters,reduced_chi2,derived_primary_ecl_phase,derived_primary_ecl_phase_error,derived_primary_ecl_duration,derived_primary_ecl_duration_error,derived_primary_ecl_depth,derived_primary_ecl_depth_error,derived_secondary_ecl_phase,derived_secondary_ecl_phase_error,derived_secondary_ecl_duration,derived_secondary_ecl_duration_error,derived_secondary_ecl_depth,derived_secondary_ecl_depth_error
[from data line 514]
375316653866487564,4512745811777629568,0.47193834,2126.6552083356787,1.1195573747467806,1.637991E-5,18.229368,0.0047346572,0.2898838,2.9812581E-4,0.011909346,9.32395E-4,0.13649449,7.002339E-4,0.7720059,0.008634046,0.05158448,0.005932358,0.17106944,0.013552937,null,null,null,null,"TWOGAUSSIANS",8,5.9641356,0.7720059,0.008634046,0.28887308,0.033221208,0.17106944,0.013552937,0.2898838,2.9812581E-4,0.06669234,0.005221412,0.13649449,7.002339E-4
375316653866487564,4512746292814045312,0.53314173,2099.3841338867815,2.3726189902489687,1.3974904E-5,19.208988,0.01560849,0.19935845,0.0043258863,0.08971456,0.006113361,0.43504977,0.021704454,0.6848758,0.0051248465,0.092280224,0.0074523943,0.38575757,0.018593602,null,null,null,null,"TWOGAUSSIANS",8,2.4973357,0.19935845,0.0043258863,0.4,0.0,0.41999933,0.019785842,0.6848758,0.0051248465,0.4,0.0,0.37070692,0.017370699
375316653866487564,4512746468950402304,0.47430864,2083.3168011937487,0.7856166179932419,6.606142E-5,19.8338,0.0063899215,0.26777732,0.002285137,0.022355232,0.0016710002,0.13849778,0.020169957,0.6635786,0.005409727,0.039083008,0.008211085,0.42484438,0.057882473,null,null,null,null,"TWOGAUSSIANS",8,1.9760908,0.6635786,0.005409727,0.21886484,0.045982074,0.42484438,0.057882473,0.26777732,0.002285137,0.1251893,0.009357601,0.13849778,0.020169957
375316653866487564,4512747190505879936,0.5435301,2091.05332742946,2.5672543219019226,1.0408682E-5,19.303553,0.012698111,0.30234,0.0030909537,0.079755455,0.0040551303,0.42745987,0.020414209,0.80267525,0.0036502911,0.079111174,0.0051483917,0.4844215,0.026103267,null,null,null,null,"TWOGAUSSIANS",8,2.5519621,0.80267525,0.0036502911,0.4,0.0,0.47803825,0.026911652,0.30234,0.0030909537,0.4,0.0,0.4210766,0.01984357
375316653866487564,4512747293598492032,0.5295903,2009.049308917136,0.18617883412253303,5.3023105E-5,17.428715,0.0036470653,0.36816978,0.037443664,0.061672345,0.022133192,0.3108563,0.12105649,0.73050994,0.030221527,0.08658667,0.05098586,0.013692942,0.006669501,null,null,null,null,"TWOGAUSSIANS",8,3.6974642,0.36816978,0.037440456,0.34536514,0.06836815,0.31084967,0.12123537,0.73050994,0.030221527,0.4,0.0021048367,0.013684168,0.0066500357
375316653866487564,4512747529764685184,0.5748683,2086.6689328426523,1.9467551446497313,1.0215704E-5,17.087791,0.020286042,0.22768655,0.007150973,0.10321017,0.020631194,0.10700859,0.01691465,0.7247188,0.0022951642,0.11704679,0.010276558,0.20817432,0.018428065,null,null,null,null,"TWOGAUSSIANS",8,3.7161505,0.7247188,0.0022951642,0.4,0.0,0.18593957,0.0040844213,0.22770655,0.007201377,0.4,0.0,0.084817745,0.007972238
375316653866487564,4512747705908522496,0.47374922,2100.7329591075145,2.92784210997622,4.2442756E-5,16.068293,0.4790881,0.23600137,0.011293002,0.08983656,0.12771437,0.07791129,0.39824435,0.73774165,0.019134229,0.08288201,0.19632594,0.068594456,0.43148756,null,null,null,null,"TWOGAUSSIANS",8,26.49635,0.23600137,0.01110962,0.4,0.0,0.07575714,0.010367026,0.73774165,0.021133304,0.4,0.0,0.06644033,0.009567554
375316653866487564,4512747877647704960,0.59899235,2114.9075851628118,0.5057502194364905,4.5784247E-5,19.421385,0.0051349537,0.19304684,0.012396914,0.037688762,0.019078718,0.111091316,0.04721811,0.69376147,0.008315529,0.024111703,0.0032107844,1.4985965,0.5032723,null,null,null,null,"TWOGAUSSIANS",8,1.6968538,0.69376147,0.008315529,0.13502555,0.017980391,1.4985965,0.5032723,0.19304684,0.012396914,0.21105707,0.10684082,0.111091316,0.04721811
375316653866487564,4512747912007674240,0.47658592,2115.096331889666,4.968748816053523,6.09502E-5,19.276785,0.100597486,0.48856667,0.015822731,0.22067411,0.05288013,0.39688486,0.08734209,0.82367444,0.009074497,0.01722949,0.010566298,0.15933469,0.88958687,null,null,null,null,"TWOGAUSSIANS",8,8.661342,0.48856667,0.015822731,0.4,0.0,0.33597115,0.04549466,0.82367444,0.009074497,0.09648514,0.05917127,0.22792293,0.8967277
375316653866487564,4512748049505983104,0.48242962,2092.707690582315,1.9388637164449911,1.3144723E-5,19.299742,0.010164418,0.23761353,0.006958051,0.07650513,0.009353609,0.3191042,0.02891101,0.7304929,0.0053575723,0.077727295,0.009763946,0.28606585,0.015350159,null,null,null,null,"TWOGAUSSIANS",8,2.3967407,0.23761353,0.006958051,0.4,0.014865072,0.31639144,0.030253569,0.7304929,0.0053575723,0.4,0.0,0.2833531,0.015924914
375316653866487564,4512748496182570496,0.6782022,2111.515735347022,0.7117139216045106,2.9675405E-6,16.990616,0.0039066,0.20945033,0.010310564,0.02171849,0.010542924,0.08249966,0.37025264,0.7063425,4.837235E-4,0.027204057,5.6792813E-4,1.0165602,0.012417449,0.009661537,0.0043569463,0.20945033,0.010310564,"TWOGAUSSIANS_WITH_ELLIPSOIDAL_ON_ECLIPSE1",9,7.2273006,0.7063425,4.813727E-4,0.15234272,0.0031803977,1.0358759,0.015504989,0.20945033,0.010310564,0.121623546,0.05904037,0.101822734,0.3702669
375316653866487564,4512748564902015104,0.53934896,2122.415551510764,0.1908884268839066,2.321715E-5,16.942162,0.0026005148,0.3579653,0.0020829325,0.016234571,0.001694383,0.10804673,0.007796462,0.8616018,0.0011662618,0.011499412,0.0035325522,0.16480492,0.013798784,null,null,null,null,"TWOGAUSSIANS",8,6.476501,0.8616018,0.0011662618,0.06439671,0.019782294,0.16480492,0.013798784,0.3579653,0.0020829325,0.0909136,0.009488544,0.10804673,0.007796462
375316653866487564,4512749011578775808,0.43549725,2125.63036029463,0.23704053724562238,5.2094932E-5,18.223736,0.010691041,0.21563193,0.021962753,0.05912062,0.0170894,0.06538609,0.012047304,0.5182088,0.03836554,0.028007338,0.0492841,0.51423293,0.46840253,null,null,null,null,"TWOGAUSSIANS",8,10.876589,0.5182088,0.03836554,0.15684108,0.23874219,0.5142331,0.4684055,0.21563193,0.021962572,0.3310755,0.08702939,0.06538609,0.012047795
375316653866487564,4512749870512039424,0.5423206,2122.2080960067824,3.1229499345105283,8.678008E-6,19.194807,0.010470516,0.21822995,0.003005038,0.07728387,0.004997714,0.3290113,0.017400185,0.71701103,0.0040438045,0.0783783,0.006133855,0.37170032,0.039692555,null,null,null,null,"TWOGAUSSIANS",8,1.801954,0.71701103,0.0040438045,0.4,0.0,0.36777842,0.040843625,0.21822995,0.003005038,0.4,0.0,0.3250894,0.017364707
375316653866487564,4512750179748988288,0.5373605,2105.634632484551,3.5347642064816465,9.1982665E-6,19.642765,0.010274647,0.19943753,0.0027811537,0.08530763,0.0037599253,0.43709704,0.011570201,0.69547397,0.005193609,0.064552754,0.0053808386,0.47892097,0.038493842,null,null,null,null,"TWOGAUSSIANS",8,1.6001039,0.69547397,0.005193609,0.3614954,0.030132696,0.4757725,0.038894948,0.19943753,0.0027811537,0.4,0.0,0.43394855,0.011020595
375316653866487564,4512750312896670208,0.43875405,2099.11012930378,1.8162147363308214,4.3033273E-5,19.32414,0.010148617,0.26139018,0.01286652,0.040684845,0.012127574,0.1367954,0.045400012,0.7442078,0.010278097,0.04109336,0.013412629,0.23692267,0.13197099,null,null,null,null,"TWOGAUSSIANS",8,5.214068,0.7442078,0.010278097,0.2301228,0.075110726,0.23692267,0.13197099,0.26139018,0.01286652,0.22783513,0.06791441,0.1367954,0.045400016
375316653866487564,4512750385967974784,0.6315315,2134.181233111983,0.8252658375706392,2.821947E-6,14.014986,0.007032188,0.2428136,8.265837E-4,0.050906863,0.0053007226,0.11033927,0.013638502,0.7410601,0.0034611542,0.06396271,0.004277728,0.16026056,0.015570276,0.061750744,0.008550846,0.2428136,8.265837E-4,"TWOGAUSSIANS_WITH_ELLIPSOIDAL_ON_ECLIPSE1",9,32.303146,0.7414101,0.0027244766,0.3581912,0.023955276,0.28368068,0.0042932853,0.2428136,8.265837E-4,0.28507844,0.029684044,0.23377138,0.004829383
375316653866487564,4512750523346337024,0.55044615,2115.834934919428,0.5812024078237135,4.49984E-6,19.140495,0.0045503313,0.4224581,0.0074360813,0.028712114,0.008555541,0.056706496,0.006960268,0.6541411,0.0013347169,0.043330617,0.0017896071,0.41530704,0.019737054,null,null,null,null,"TWOGAUSSIANS",8,1.8249164,0.6541411,0.0013347169,0.24265146,0.0100218,0.41530704,0.019737054,0.4224581,0.0074360813,0.16078784,0.047911026,0.056706753,0.006960438
375316653866487564,4512750660853690240,0.43297464,2108.160722574857,1.9210746315827067,9.533846E-5,19.731415,0.035575386,0.21567328,0.017072741,0.07073205,0.021289745,0.37101224,0.11994209,0.7105872,0.012451853,0.086151704,0.017420266,0.4115997,0.12472124,null,null,null,null,"TWOGAUSSIANS",8,11.140431,0.7105872,0.012451853,0.4,0.0,0.40721142,0.1261346,0.21567328,0.017072741,0.39609948,0.07063862,0.36662403,0.12166897
375316653866487564,4512750695145152128,0.5072657,2126.8713351666033,1.214194517983366,1.3054453E-5,19.36857,0.029051833,0.24451835,0.008756577,0.104358494,0.014518913,0.2444547,0.031431984,0.7542692,0.005027243,0.09727206,0.009987191,0.3360552,0.03198577,null,null,null,null,"TWOGAUSSIANS",8,2.6436746,0.7542692,0.0050313673,0.4,0.0,0.31282073,0.023732157,0.24451835,0.008756577,0.4,0.0,0.2212161,0.02190487
375316653866487564,4512750935731754880,0.42857894,2084.323500813368,2.8664360918504923,8.470855E-5,19.282215,0.014090748,0.13905205,0.0154270055,0.050561696,0.03476831,0.37379208,0.10072262,0.64144576,0.011884287,0.0915033,0.010473163,0.23494555,0.019424384,null,null,null,null,"TWOGAUSSIANS",8,13.613967,0.13905205,0.0154270055,0.2831455,0.117440574,0.37278032,0.10714275,0.64144576,0.011884287,0.4,0.0,0.23393361,0.018986769
375316653866487564,4512751103170826752,0.48434117,2124.5759218907365,0.05584198508415844,4.60346E-6,18.323675,0.003626476,0.13366419,0.013085821,0.054061472,0.007858125,0.28652582,0.04079754,0.63604707,6.2156096E-4,0.0038817942,0.0017264688,0.046157137,0.009690375,null,null,null,null,"TWOGAUSSIANS",8,4.3195724,0.13366419,0.013085821,0.30274424,0.0440055,0.28652582,0.04079754,0.63604707,6.2156096E-4,0.021738049,0.009668225,0.046157137,0.009690375
375316653866487564,4512752408840762752,0.5165238,2106.6322973347274,2.3413098470528912,1.0727739E-5,19.090698,0.01685093,0.15616421,0.0055489577,0.09925366,0.010282611,0.22837898,0.016239392,0.65629417,0.003996662,0.08991092,0.00861212,0.22595641,0.016406469,null,null,null,null,"TWOGAUSSIANS",8,1.126966,0.15616421,0.0055489577,0.4,0.0,0.21460666,0.010138693,0.65629417,0.003996662,0.4,0.0,0.21218541,0.009946663
375316653866487564,4512752649358986112,0.5548328,2136.789182952029,0.3276648656989374,1.0720028E-5,19.011585,0.0051636063,0.2469038,0.0038882697,0.03791494,0.0024172019,0.17297176,0.009163912,0.7452444,6.235357E-4,0.032203127,0.0011329525,0.6879247,0.020493364,null,null,null,null,"TWOGAUSSIANS",8,2.3954244,0.7452444,6.235357E-4,0.1803375,0.006344534,0.6879247,0.020493364,0.2469038,0.0038882697,0.21232367,0.01353633,0.17297176,0.009163912
375316653866487564,4512752722371679744,0.4582077,2089.755519836139,2.4084993750566124,1.1735454E-5,19.692062,0.0063334694,0.22944635,0.0030562982,0.0625667,0.003104314,0.28808758,0.024455165,0.7140854,0.0049277255,0.070975676,0.007967273,0.18491319,0.020271594,null,null,null,null,"TWOGAUSSIANS",8,1.2705116,0.22944635,0.0030562982,0.3503735,0.017384158,0.28782326,0.02448956,0.7140854,0.0049277255,0.39746377,0.03193872,0.18464886,0.02039945
375316653866487564,4512752859810879360,0.54693437,2091.3787513199636,2.3186473770462483,1.09433895E-5,19.64673,0.011287376,0.3043409,0.0019559588,0.076838925,0.0033930365,0.54253966,0.019303892,0.80513346,0.0049223844,0.07088926,0.00820394,0.5172365,0.022733757,null,null,null,null,"TWOGAUSSIANS",8,1.4033056,0.3043409,0.0019559588,0.4,0.0,0.5391532,0.019633142,0.80513346,0.0049223844,0.39697984,0.02018892,0.5138501,0.023447167
375316653866487564,4512752894170613632,0.48489654,2119.4402296254393,2.3069036796820654,2.3774424E-5,19.623602,0.008361682,0.28183335,0.0071836566,0.06898103,0.04305091,0.075485975,0.06708178,null,null,null,null,null,null,0.09588946,0.011534908,0.28183335,0.0071836566,"ONEGAUSSIAN_WITH_ELLIPSOIDAL",6,1.8596728,0.28183335,0.0071836566,0.38629374,0.24006425,0.26715893,0.06861299,null,null,null,null,null,null
375316653866487564,4512752928530161664,0.55889344,2096.8254790652763,3.5275315436079144,7.627532E-6,19.3011,0.007904721,0.27738392,0.0022087037,0.038366698,0.006272797,0.31137854,0.07766187,0.76940465,0.0034486149,0.04198564,0.0039110566,0.34258145,0.047271024,0.12804782,0.016599,0.27738392,0.0022087037,"TWOGAUSSIANS_WITH_ELLIPSOIDAL_ON_ECLIPSE1",9,1.9401451,0.77015465,0.0030938624,0.23511958,0.021901917,0.59809417,0.045890663,0.27738392,0.0022087037,0.21485351,0.035127662,0.56747395,0.08438134
375316653866487564,4512754131179913728,0.48112917,2129.232409428131,2.5392280609036693,2.0260044E-5,19.726437,0.15928248,0.25439486,0.0049076783,0.09888061,0.017997114,0.41847503,0.14059965,0.7643581,0.007417469,0.14177692,0.047871128,0.40380707,0.1407202,null,null,null,null,"TWOGAUSSIANS",8,2.5005412,0.25417486,0.004849812,0.4,0.0,0.33515874,0.023699412,0.7643581,0.007411645,0.4,0.0,0.3188382,0.027947897
375316653866487564,4512754264266852736,0.58020025,2099.819347171387,1.1254757117226912,1.20986615E-5,19.014006,0.0056998865,0.20462318,0.003454148,0.06288014,0.0031215665,0.24456699,0.011782059,0.705401,0.001596081,0.04862059,0.0014455299,0.8503831,0.030867627,null,null,null,null,"TWOGAUSSIANS",8,2.8355913,0.705401,0.001596081,0.2722753,0.008094967,0.8503488,0.030869681,0.20462318,0.003454148,0.3521288,0.017480772,0.24453269,0.0117836185
375316653866487564,4512754268559647744,0.41356584,2084.4578072478207,3.54991269388081,4.4214386E-5,19.539782,0.011086908,null,null,null,null,null,null,null,null,null,null,null,null,0.09032903,0.017322779,0.24370609,0.011934534,"ELLIPSOIDAL",4,8.079027,null,null,null,null,null,null,null,null,null,null,null,null
375316653866487564,4512754440358630400,0.47932428,2102.9575178496116,2.6059782256778954,2.4748868E-5,19.813507,0.03331556,0.23334254,0.006408921,0.08730173,0.013382094,0.36851597,0.032962274,0.7723609,0.017047996,0.07290625,0.01667273,0.38437968,0.038037535,null,null,null,null,"TWOGAUSSIANS",8,4.1060867,0.7723609,0.017047996,0.4,0.03807549,0.3817752,0.03354252,0.23334254,0.006408921,0.4,0.0,0.36591116,0.0306164
375316653866487564,4512755127611948032,0.5476884,2126.879040100308,0.24055547442316877,2.7703336E-5,14.504986,4.5337365E-4,0.23772219,3.0037732E-4,0.015157694,5.697341E-4,0.11546495,0.007774085,0.73837245,0.0020888671,0.016087018,0.0024449998,0.15576124,0.06528635,0.0050422037,7.487441E-4,0.23772219,3.0037732E-4,"TWOGAUSSIANS_WITH_ELLIPSOIDAL_ON_ECLIPSE1",9,5.659624,0.73837245,0.0020888671,0.0900873,0.013691999,0.16584545,0.06581293,0.23772219,3.0037732E-4,0.08488309,0.003190511,0.12554933,0.007877165
375316653866487564,4512755264993459968,0.46119216,2113.686506209632,1.606153558927477,1.5934756E-5,19.698828,0.010369257,0.30942762,0.006369853,0.026094586,0.0035658514,0.3436487,0.04619675,0.78073585,0.011445082,0.06447831,0.020721871,0.10438906,0.019941239,null,null,null,null,"TWOGAUSSIANS",8,2.4628954,0.30942762,0.006369853,0.14612968,0.019968767,0.3436487,0.0461967,0.78073585,0.011445082,0.3610785,0.10683441,0.10438905,0.019941358
375316653866487564,4512755638656685568,0.433168,2118.237990897547,2.603795774831537,4.3842672E-5,18.538837,0.22860396,0.20567481,0.00682021,0.15447447,0.10328005,0.15328346,0.22669652,0.71940935,0.010932162,0.120127946,0.0487641,0.18634436,0.17459701,null,null,null,null,"TWOGAUSSIANS",8,4.1790833,0.7201394,0.008782417,0.4,0.0,0.13101058,0.020605067,0.20551482,0.0064387824,0.4,0.0,0.096329264,0.008824578
375316653866487564,4512755711669426688,0.43252316,2101.8037128968867,1.064083629447972,1.820439E-5,19.15352,0.0077859396,0.16061254,0.0077387053,0.037112746,0.0051971446,0.14548303,0.026018042,0.65153986,0.003385687,0.037580177,0.0036246644,0.15355638,0.013188816,null,null,null,null,"TWOGAUSSIANS",8,5.305681,0.65153986,0.003385687,0.210449,0.020298121,0.15355638,0.013188816,0.16061254,0.0077387053,0.20783138,0.02910401,0.14548303,0.026018042
