Gaia/vari_eclipsing_binary/VariEclipsingBinary_198696-199005.csv
# %ECSV 1.0
# ---
# delimiter: ','
# meta: !!omap
# - RELEASE: Gaia DR3
# - TABLE: vari_eclipsing_binary
# - DESCRIPTION: >
#     This table describes the properties of the eclipsing binaries resulting from the variability analysis. 
# - CITATION: >
#     How to cite and acknowledge Gaia: 
#     https://gea.esac.esa.int/archive/documentation/credits.html 
# - KNOWN_ISSUES: >
#     Known issues: 
#     https://www.cosmos.esa.int/web/gaia-users/known-issues 
# - DOCUMENTATION: >
#     Tutorials and documentation: 
#     https://www.cosmos.esa.int/web/gaia-users/archive 
# datatype:
# - 
#   name: solution_id
#   datatype: int64
#   description: Solution Identifier
#   meta:
#     ucd: meta.version
# - 
#   name: source_id
#   datatype: int64
#   description: Unique source identifier
#   meta:
#     ucd: meta.id;meta.main
# - 
#   name: global_ranking
#   datatype: float32
#   description: Number between 0 (worst) and 1 (best)
#   meta:
#     ucd: stat.param
# - 
#   name: reference_time
#   datatype: float64
#   unit: d
#   description: Reference time used for the geometric model fit
#   meta:
#     ucd: time.epoch
# - 
#   name: frequency
#   datatype: float64
#   unit: d**-1
#   description: Frequency of geometric model of the eclipsing binary light curve
#   meta:
#     ucd: src.orbital
# - 
#   name: frequency_error
#   datatype: float32
#   unit: d**-1
#   description: "Uncertainty of \\texttt{frequency}"
#   meta:
#     ucd: stat.error
# - 
#   name: geom_model_reference_level
#   datatype: float32
#   unit: mag
#   description: Magnitude reference level of geometric model
#   meta:
#     ucd: phot.mag;em.opt
# - 
#   name: geom_model_reference_level_error
#   datatype: float32
#   unit: mag
#   description: "Uncertainty of \\texttt{geomModelReferenceLevel}"
#   meta:
#     ucd: stat.error;phot.mag;em.opt
# - 
#   name: geom_model_gaussian1_phase
#   datatype: float32
#   description: Phase of the Gaussian 1 component
#   meta:
#     ucd: time.phase
# - 
#   name: geom_model_gaussian1_phase_error
#   datatype: float32
#   description: "Uncertainty of \\texttt{geomModelGaussian1Phase}"
#   meta:
#     ucd: stat.error;time.phase
# - 
#   name: geom_model_gaussian1_sigma
#   datatype: float32
#   description: "Standard deviation [phase] of Gaussian 1 component"
#   meta:
#     ucd: stat.stdev
# - 
#   name: geom_model_gaussian1_sigma_error
#   datatype: float32
#   description: "Uncertainty of \\texttt{geomModelGaussian1Sigma}"
#   meta:
#     ucd: stat.error
# - 
#   name: geom_model_gaussian1_depth
#   datatype: float32
#   unit: mag
#   description: Magnitude depth of Gaussian 1 component
#   meta:
#     ucd: src.var.amplitude
# - 
#   name: geom_model_gaussian1_depth_error
#   datatype: float32
#   unit: mag
#   description: "Uncertainty of \\texttt{geomModelGaussian1Depth}"
#   meta:
#     ucd: stat.error;src.var.amplitude
# - 
#   name: geom_model_gaussian2_phase
#   datatype: float32
#   description: Phase of Gaussian 2 component
#   meta:
#     ucd: time.phase
# - 
#   name: geom_model_gaussian2_phase_error
#   datatype: float32
#   description: "Uncertainty of \\texttt{geomModelGaussian2Phase}"
#   meta:
#     ucd: stat.error;time.phase
# - 
#   name: geom_model_gaussian2_sigma
#   datatype: float32
[...]
#   datatype: float32
#   description: "Secondary eclipse: uncertainty of \\texttt{derivedSecondaryEclDuration}"
#   meta:
#     ucd: stat.error;time.duration
# - 
#   name: derived_secondary_ecl_depth
#   datatype: float32
#   unit: mag
#   description: "Secondary eclipse: depth"
#   meta:
#     ucd: src.var.amplitude
# - 
#   name: derived_secondary_ecl_depth_error
#   datatype: float32
#   unit: mag
#   description: "Secondary eclipse: uncertainty of \\texttt{derivedSecondaryEclDepth}"
#   meta:
#     ucd: stat.error;src.var.amplitude
solution_id,source_id,global_ranking,reference_time,frequency,frequency_error,geom_model_reference_level,geom_model_reference_level_error,geom_model_gaussian1_phase,geom_model_gaussian1_phase_error,geom_model_gaussian1_sigma,geom_model_gaussian1_sigma_error,geom_model_gaussian1_depth,geom_model_gaussian1_depth_error,geom_model_gaussian2_phase,geom_model_gaussian2_phase_error,geom_model_gaussian2_sigma,geom_model_gaussian2_sigma_error,geom_model_gaussian2_depth,geom_model_gaussian2_depth_error,geom_model_cosine_half_period_amplitude,geom_model_cosine_half_period_amplitude_error,geom_model_cosine_half_period_phase,geom_model_cosine_half_period_phase_error,model_type,num_model_parameters,reduced_chi2,derived_primary_ecl_phase,derived_primary_ecl_phase_error,derived_primary_ecl_duration,derived_primary_ecl_duration_error,derived_primary_ecl_depth,derived_primary_ecl_depth_error,derived_secondary_ecl_phase,derived_secondary_ecl_phase_error,derived_secondary_ecl_duration,derived_secondary_ecl_duration_error,derived_secondary_ecl_depth,derived_secondary_ecl_depth_error
[from data line 362]
375316653866487564,1749676668876010112,0.51325816,2218.489832281624,3.602826871546567,1.1904205E-5,17.532166,0.012234379,0.16905095,0.003925383,0.070037775,0.0062325206,0.36412433,0.02037933,0.65704376,0.00364293,0.082919724,0.005486831,0.29478464,0.013276707,null,null,null,null,"TWOGAUSSIANS",8,21.5818,0.16905095,0.003925383,0.39221153,0.023655327,0.3617414,0.02109727,0.65704376,0.00364293,0.4,0.0,0.2924017,0.012435509
375316653866487564,1749677115550347136,0.4919504,2234.462906586724,0.9315715272382029,1.698807E-5,16.209068,0.00653765,0.20930535,0.0047904607,0.101150736,0.012252247,0.054666318,0.0061667403,0.6923575,0.0071180724,0.105601646,0.01501389,0.07939877,0.0058600646,null,null,null,null,"TWOGAUSSIANS",8,5.5722156,0.6923575,0.0071180724,0.4,0.0,0.07360773,0.0048404024,0.20931534,0.0048028566,0.4,0.0,0.048877314,0.002415264
375316653866487564,1749679207199891968,0.6172598,2229.57996227169,2.7278192317921626,5.853068E-6,16.265882,0.0070246235,0.21185532,0.0013241227,0.035014875,0.0016031926,0.86554575,0.027668234,0.7158103,0.0019889788,0.041018955,0.0024964036,0.35103384,0.022203961,0.0720667,0.010677003,0.21185532,0.0013241227,"TWOGAUSSIANS_WITH_ELLIPSOIDAL_ON_ECLIPSE1",9,50.33357,0.21185532,0.0013241227,0.19608329,0.008977879,1.0096791,0.025755769,0.7158103,0.0019889788,0.22970614,0.013979861,0.49507818,0.021414602
375316653866487564,1749680684670775552,0.46333703,2265.301941644168,0.3735939379290612,2.9678853E-5,18.139902,0.0043285107,0.2391565,0.003883676,0.010554624,0.004280607,0.3395446,5.262349,0.7443514,0.011271462,0.007099735,0.0050131166,0.8621783,2.5661528,0.012361901,0.007242272,0.7443514,0.011271462,"TWOGAUSSIANS_WITH_ELLIPSOIDAL_ON_ECLIPSE2",9,12.204786,0.7443514,0.011271462,0.039758515,0.028073454,0.8869021,2.5690534,0.2391565,0.003884044,0.05910589,0.023971401,0.36424205,5.262152
375316653866487564,1749681204361536384,0.64594007,2237.0494492843177,0.3668214708113116,1.1731006E-5,13.238565,5.432406E-4,0.30897945,0.007383502,0.013767857,0.0042580143,0.30521214,0.08679778,0.8070774,0.005077643,0.013410237,0.0036660722,0.1997368,0.035213515,null,null,null,null,"TWOGAUSSIANS",8,24.183628,0.30897945,0.007383502,0.0771,0.02384488,0.30521214,0.08679778,0.8070774,0.005077643,0.07509732,0.020530004,0.1997368,0.035213515
375316653866487564,1749689205885844096,0.65604585,2237.2124253342286,3.722118798731847,5.3890863E-6,17.465403,0.0044127414,0.23051448,9.828977E-4,0.049613703,0.0019223857,0.31581116,0.011389972,0.73228604,0.0019073694,0.048512697,0.0023012387,0.22531831,0.01094217,0.10620806,0.006314745,0.23051448,9.828977E-4,"TWOGAUSSIANS_WITH_ELLIPSOIDAL_ON_ECLIPSE1",9,3.279297,0.23051448,9.828977E-4,0.27783674,0.01076536,0.52822596,0.0064625773,0.73228604,0.0019073694,0.2716711,0.012886937,0.4377068,0.00510898
375316653866487564,1749701644111337088,0.47311226,2267.6532853360895,0.042463319381903585,6.553519E-6,19.037437,0.00689759,0.1296325,0.10391505,0.028212301,0.0674427,0.035823707,0.061178345,0.52918535,6.1052316E-4,0.02385845,0.002751132,0.5413964,0.096258275,null,null,null,null,"TWOGAUSSIANS",8,3.0443978,0.52918535,6.1052316E-4,0.13360731,0.015406339,0.5413964,0.09632207,0.1296325,0.10391505,0.15798889,0.32181877,0.035823707,0.06117834
375316653866487564,1749709310625664768,0.6138108,2175.1263007720677,2.7828189632932214,7.237632E-6,12.412768,0.015445921,0.22887531,0.0031227102,0.04975499,0.012455476,0.22007133,0.021781987,0.7253672,0.008313261,0.046576913,0.012953765,0.24078104,0.14095958,0.10958469,0.018067325,0.22887531,0.0031227102,"TWOGAUSSIANS_WITH_ELLIPSOIDAL_ON_ECLIPSE1",9,151.3101,0.72583723,0.0075641633,0.26083073,0.07254108,0.4598574,0.14360246,0.22887531,0.0031227102,0.27862793,0.06975067,0.4392398,0.033504173
375316653866487564,1749714185414372992,0.6527356,2256.1287590073784,4.239733898545772,4.117767E-6,17.395138,0.007357963,0.25295708,7.9164025E-4,0.046826515,0.0019949013,0.40037525,0.016125739,0.7467126,0.0019635614,0.047138188,0.0028485367,0.43048397,0.034617137,0.13352004,0.009320357,0.25295708,7.9164025E-4,"TWOGAUSSIANS_WITH_ELLIPSOIDAL_ON_ECLIPSE1",9,4.8278527,0.7473226,0.0017859231,0.26397386,0.015951807,0.69715303,0.03688365,0.25295708,7.9164025E-4,0.2622285,0.011171447,0.6674149,0.008487751
375316653866487564,1749724841229387520,0.5618761,2227.2479926290694,1.3267430895456902,1.7258491E-5,15.746533,0.0075313332,0.3184012,0.0034638091,0.04122692,0.014496602,0.06468913,0.010282375,0.82412684,0.0036993802,0.04578842,0.007367272,0.08965392,0.012676912,0.07545998,0.007305878,0.3184012,0.0034638091,"TWOGAUSSIANS_WITH_ELLIPSOIDAL_ON_ECLIPSE1",9,27.762861,0.82412684,0.0036993802,0.25641516,0.041256722,0.24037845,0.0053007784,0.3184012,0.0034638091,0.23087074,0.081180975,0.21560891,0.009788502
375316653866487564,1749725665863062912,0.59887826,2235.6033716157776,3.181924463172086,5.5340815E-6,16.431034,0.010624533,0.28465742,0.0011350935,0.048559535,0.004236936,0.30181938,0.02122005,0.7832607,0.0034932238,0.062271588,0.00398507,0.3042538,0.03387188,0.09413562,0.016296092,0.28465742,0.0011350935,"TWOGAUSSIANS_WITH_ELLIPSOIDAL_ON_ECLIPSE1",9,20.984177,0.7834807,0.0029730196,0.34872088,0.022316393,0.4924254,0.023426684,0.28465742,0.0011350935,0.2719334,0.023726841,0.4900032,0.01849451
375316653866487564,1749739753355853568,0.49838287,2229.308026111419,3.3269606252038395,1.6133752E-6,15.887287,0.0016638971,0.17274638,0.005640103,0.0063196244,0.0060010613,0.27250373,0.2368918,0.80233365,2.898847E-7,1.06734195E-4,2.0210787E-6,0.07405945,0.0015440098,null,null,null,null,"TWOGAUSSIANS",8,18.40956,0.17274638,0.005640103,0.035389896,0.033605944,0.27250373,0.2368918,0.80233365,2.898847E-7,5.977115E-4,1.131804E-5,0.07405945,0.0015440098
375316653866487564,1749745113475075200,0.54921824,2223.3013843752196,1.5849700641235505,1.08234435E-5,13.812089,0.05238518,0.27058274,0.002408513,0.17690913,0.0134541,0.40477568,0.053016596,0.7688883,0.002435833,0.2183464,0.0224139,0.40816468,0.048466127,null,null,null,null,"TWOGAUSSIANS",8,23.203947,0.27175272,0.0025435654,0.4,0.0,0.10450257,0.0029937634,0.7688883,0.002435833,0.4,0.0,0.06350504,0.0030128227
375316653866487564,1749768821694935808,0.48692852,2251.842623805617,2.5582020925234734,2.5959404E-5,14.292269,0.2326323,0.25369242,0.0031815274,0.17408563,0.02212975,0.99693173,0.33884192,0.7582519,0.004658764,0.25744972,0.0513444,1.2041612,0.21698093,null,null,null,null,"TWOGAUSSIANS",8,185.00308,0.24974242,0.0022423612,0.4,0.0,0.25332344,0.010235933,0.7617119,0.005856409,0.4,0.0,0.12859815,0.015470439
375316653866487564,1749776655715077632,0.61033595,2226.9048398021228,1.2643674411870942,5.5679025E-6,12.415231,0.0045101917,0.22297882,0.001518122,0.08825481,0.0027958208,0.22402118,0.00430965,0.73094505,0.0016406251,0.08096522,0.002518431,0.28091305,0.0053921402,null,null,null,null,"TWOGAUSSIANS",8,98.23985,0.73094505,0.0016406251,0.4,0.0,0.27540943,0.004992694,0.22297882,0.001518122,0.4,0.0,0.21851748,0.003518259
375316653866487564,1749779365836894592,0.47593603,2230.0334242466192,1.1106581026224804,1.873383E-5,19.143435,0.0062755235,0.1673714,0.00754965,0.030076496,0.010235876,0.0992149,0.20358814,0.67240745,0.012635153,0.016775865,0.010539984,0.35423836,1.0932145,null,null,null,null,"TWOGAUSSIANS",8,2.9465997,0.67240745,0.012635153,0.09394484,0.05902391,0.35423836,1.0932145,0.1673714,0.00754965,0.16842838,0.057320904,0.0992149,0.20358814
375316653866487564,1749792117596103424,0.68219686,2244.498085153374,0.5405507105960862,7.0371198E-6,14.093437,0.0048955535,0.7022611,0.0011074052,0.033500947,9.451993E-4,1.5030197,0.06003734,null,null,null,null,null,null,0.028568344,0.00740497,0.7022611,0.0011074052,"ONEGAUSSIAN_WITH_ELLIPSOIDAL",6,217.22415,0.7022611,0.0011074052,0.1876053,0.005293116,1.5601563,0.060716964,null,null,null,null,null,null
375316653866487564,1749801012472200192,0.4415577,2234.4255492224484,4.683211136372829,6.023784E-5,19.215084,0.0059589827,0.29649997,0.0033071302,0.028299345,0.0027996087,0.08513863,0.0070864656,0.76612383,0.013127203,0.037177086,0.008640655,0.1403467,0.041314624,null,null,null,null,"TWOGAUSSIANS",8,4.196452,0.76612383,0.013127203,0.2081917,0.04838767,0.1403467,0.041314624,0.29649997,0.0033071302,0.15847632,0.01567781,0.08513863,0.0070864656
375316653866487564,1749832936965338112,0.5691876,2211.050081195246,3.3712174354057365,4.598149E-6,14.586238,0.009694862,0.23371895,0.006095965,0.06445712,0.0054931073,0.21824493,0.023251778,0.74795294,0.0018453045,0.045884408,0.00721098,0.1640109,0.05567844,0.09617071,0.013296599,0.74795294,0.0018453045,"TWOGAUSSIANS_WITH_ELLIPSOIDAL_ON_ECLIPSE2",9,203.00957,0.23690894,0.0044067083,0.36095986,0.0307614,0.40934494,0.010383195,0.74795294,0.0018453045,0.25695267,0.04038149,0.3563027,0.055806927
375316653866487564,1749847196256869248,0.5723357,2206.5267754272145,3.876641256987778,1.0906025E-5,15.923106,0.02751481,0.19011162,0.005547984,0.059366968,0.008170577,0.26819152,0.06326795,0.7061405,0.0058379965,0.05656542,0.008236457,0.43302754,0.05756098,0.08494057,0.033576556,0.19011162,0.005547984,"TWOGAUSSIANS_WITH_ELLIPSOIDAL_ON_ECLIPSE1",9,122.95961,0.7061405,0.0058379965,0.31676635,0.046124157,0.6011467,0.021993367,0.19011162,0.005547984,0.332455,0.045755226,0.43802798,0.038180873
375316653866487564,1749848398847742976,0.45024332,2240.096179881112,1.5884863113761343,3.2787924E-5,15.3664055,0.04928111,0.22785099,0.03802163,0.038509168,0.07560946,0.046081692,0.07127348,0.6835342,0.0074067907,0.07078218,0.02119748,0.08237465,0.09403465,0.042036496,0.043503057,0.6835342,0.0074067907,"TWOGAUSSIANS_WITH_ELLIPSOIDAL_ON_ECLIPSE2",9,155.74059,0.6835342,0.0074067907,0.3963802,0.03948408,0.16629116,0.010496098,0.22015099,0.031709597,0.21565133,0.2658449,0.12471396,0.019597154
375316653866487564,1749857121926506752,0.6100135,2224.8415846782823,3.6826656020772246,5.6205995E-6,19.368048,0.011026339,0.2541688,0.0018488979,0.038149416,0.0027386276,0.52341336,0.032913364,0.7500403,0.044332236,0.037266105,0.01725071,0.57851213,0.49124193,0.17078708,0.0155378515,0.2541688,0.0018488979,"TWOGAUSSIANS_WITH_ELLIPSOIDAL_ON_ECLIPSE1",9,2.1260674,0.7502903,0.04182361,0.2086902,0.096603975,0.9198701,0.5118021,0.2541688,0.0018488979,0.21363673,0.015336314,0.86498713,0.02492923
375316653866487564,1749864444845696000,0.5125299,2241.0344792258566,3.1426945828460724,3.0115078E-5,15.346709,0.026521793,0.25194484,0.0028494447,0.13539836,0.015938047,0.16074376,0.02459059,0.75861555,0.0048259343,0.11202651,0.016178062,0.13511664,0.024267424,null,null,null,null,"TWOGAUSSIANS",8,37.910244,0.25193483,0.0028274632,0.4,0.0,0.12440831,0.005053518,0.7587656,0.0049423967,0.4,0.0,0.09912505,0.0058487114
375316653866487564,1749878120021606400,0.59021133,2260.561511994187,3.8201061356680146,1.0825934E-5,15.900826,0.02555294,0.26918718,0.0016727644,0.06758189,0.008150543,0.2647042,0.050733868,0.77046734,0.0034621789,0.053969827,0.007885596,0.36133245,0.046684757,0.08807183,0.02786849,0.26918718,0.0016727644,"TWOGAUSSIANS_WITH_ELLIPSOIDAL_ON_ECLIPSE1",9,67.06693,0.77046734,0.0033709616,0.302231,0.044159338,0.5371817,0.022656208,0.26918718,0.0016727644,0.3784586,0.04523422,0.4405648,0.013092108
375316653866487564,1749880937520180224,0.58718985,2267.223118752278,0.5460671206846269,3.9169598E-5,15.768893,0.0021468645,0.2937727,0.0016600599,0.025634084,0.0019881732,0.8344452,0.07024596,0.794205,0.0058267955,0.027481195,0.0045727207,0.0922523,0.006375375,0.015076535,0.0034715955,0.2937727,0.0016600599,"TWOGAUSSIANS_WITH_ELLIPSOIDAL_ON_ECLIPSE1",9,20.713812,0.2937727,0.0016600599,0.14355087,0.01113377,0.8645982,0.073044635,0.794205,0.00580556,0.1538947,0.025607238,0.12240508,0.004215138
375316653866487564,1749883269686898816,0.5555498,2261.605569818573,2.9314339725566962,1.746622E-5,15.576107,0.010294573,0.2818702,0.0027516119,0.08850116,0.004216674,0.34942487,0.013117116,0.7837098,0.0025497277,0.10418635,0.0051259478,0.32699144,0.012242028,null,null,null,null,"TWOGAUSSIANS",8,80.85038,0.2818702,0.0027516119,0.4,0.0,0.32683882,0.0121100675,0.7837098,0.0025497277,0.4,0.0,0.30439895,0.0116398325
375316653866487564,1749894402242843648,0.55232346,2221.485876589813,3.5136179304047404,8.982176E-6,18.621992,0.021234982,0.19654807,0.0017834998,0.0422366,0.0046707997,0.5339082,0.04662549,0.68796825,0.0027864235,0.045394827,0.007532787,0.81790143,0.124251395,0.12879536,0.031683546,0.19654807,0.0017834998,"TWOGAUSSIANS_WITH_ELLIPSOIDAL_ON_ECLIPSE1",9,14.046071,0.6883883,0.0027371421,0.25421104,0.042183608,1.07478,0.14432977,0.19654807,0.0017834998,0.23652497,0.026156478,0.7914982,0.030582288
375316653866487564,1749904332213112320,0.54519504,2217.8499005474137,3.220956202351899,8.779212E-5,19.263336,0.005084481,0.25115028,0.0013174248,0.016425291,6.357178E-4,0.60997105,0.03043067,0.76796895,9.1050206E-5,0.0107424855,2.9689894E-4,0.15688391,0.0053232596,null,null,null,null,"TWOGAUSSIANS",8,2.47265,0.25115028,0.0013174248,0.09198163,0.0035600197,0.60997105,0.03043067,0.76796895,9.1050206E-5,0.060157917,0.001662634,0.15688391,0.0053232596
375316653866487564,1749905642173212800,0.4543832,2188.9644594957813,0.6103661838821939,3.583758E-5,18.984283,0.007830534,0.2317898,0.019925473,0.030314062,0.01893095,0.20744699,0.058275,0.7449086,0.010424034,0.06997704,0.01018992,0.21908365,0.03300117,null,null,null,null,"TWOGAUSSIANS",8,3.1312628,0.7449086,0.010424034,0.39187142,0.054245457,0.21908282,0.03300046,0.2317898,0.019925473,0.16975874,0.10601331,0.20744617,0.058287703
375316653866487564,1749907493303292160,0.47637624,2202.6851536833424,0.1725636071441799,1.621044E-6,18.353395,0.005626834,0.37278455,0.04354325,0.015517124,0.011739926,0.030085638,1.1522827,0.922257,2.3187007E-5,0.002481026,1.2378923E-4,0.48095396,0.008161689,null,null,null,null,"TWOGAUSSIANS",8,10.180454,0.922257,2.3187007E-5,0.013893746,6.932197E-4,0.48095396,0.008161689,0.37278455,0.04354325,0.08689589,0.06574359,0.030085638,1.1522827
375316653866487564,1749915189884613632,0.49251837,2224.1427495515395,2.6549820527474735,2.763591E-5,17.21031,0.011244405,0.22512613,0.0038536738,0.04680148,0.005035919,0.32302952,0.01334431,0.70008856,0.015954101,0.08184772,0.025760196,0.15030235,0.03265568,null,null,null,null,"TWOGAUSSIANS",8,45.2452,0.22512613,0.0038536738,0.2620883,0.028201146,0.32293826,0.013269705,0.70008856,0.015954101,0.4,0.032622304,0.15021108,0.03294991
375316653866487564,1749918183476582144,0.45401442,2253.2706417836193,1.660340950388047,3.5609894E-5,18.810219,0.60241973,0.2242816,0.015374713,0.23297273,0.21964152,0.449822,0.5885837,0.7337712,0.012984442,0.13947746,0.097109035,0.3704471,0.414225,null,null,null,null,"TWOGAUSSIANS",8,3.713786,0.7381112,0.012596409,0.4,0.0,0.14294146,0.013598199,0.2233516,0.013917296,0.4,0.0,0.13332643,0.019534102
375316653866487564,1749920829176602624,0.5851538,2214.249014391821,4.020269449061546,1.8369698E-5,17.172081,0.010483963,0.2405571,0.005149521,0.031292725,0.020804185,0.17695923,0.070676416,0.73055345,0.0039212923,0.040520355,0.012148847,0.10664116,0.01922884,0.056016658,0.012135369,0.2405571,0.005149521,"TWOGAUSSIANS_WITH_ELLIPSOIDAL_ON_ECLIPSE1",9,6.2864594,0.2405571,0.005149521,0.17523926,0.11650344,0.28899252,0.082163885,0.73175347,0.0031444218,0.22691399,0.068033546,0.21828525,0.011474402
