Gaia/vari_eclipsing_binary/VariEclipsingBinary_591342-591700.csv
# %ECSV 1.0
# ---
# delimiter: ','
# meta: !!omap
# - RELEASE: Gaia DR3
# - TABLE: vari_eclipsing_binary
# - DESCRIPTION: >
#     This table describes the properties of the eclipsing binaries resulting from the variability analysis. 
# - CITATION: >
#     How to cite and acknowledge Gaia: 
#     https://gea.esac.esa.int/archive/documentation/credits.html 
# - KNOWN_ISSUES: >
#     Known issues: 
#     https://www.cosmos.esa.int/web/gaia-users/known-issues 
# - DOCUMENTATION: >
#     Tutorials and documentation: 
#     https://www.cosmos.esa.int/web/gaia-users/archive 
# datatype:
# - 
#   name: solution_id
#   datatype: int64
#   description: Solution Identifier
#   meta:
#     ucd: meta.version
# - 
#   name: source_id
#   datatype: int64
#   description: Unique source identifier
#   meta:
#     ucd: meta.id;meta.main
# - 
#   name: global_ranking
#   datatype: float32
#   description: Number between 0 (worst) and 1 (best)
#   meta:
#     ucd: stat.param
# - 
#   name: reference_time
#   datatype: float64
#   unit: d
#   description: Reference time used for the geometric model fit
#   meta:
#     ucd: time.epoch
# - 
#   name: frequency
#   datatype: float64
#   unit: d**-1
#   description: Frequency of geometric model of the eclipsing binary light curve
#   meta:
#     ucd: src.orbital
# - 
#   name: frequency_error
#   datatype: float32
#   unit: d**-1
#   description: "Uncertainty of \\texttt{frequency}"
#   meta:
#     ucd: stat.error
# - 
#   name: geom_model_reference_level
#   datatype: float32
#   unit: mag
#   description: Magnitude reference level of geometric model
#   meta:
#     ucd: phot.mag;em.opt
# - 
#   name: geom_model_reference_level_error
#   datatype: float32
#   unit: mag
#   description: "Uncertainty of \\texttt{geomModelReferenceLevel}"
#   meta:
#     ucd: stat.error;phot.mag;em.opt
# - 
#   name: geom_model_gaussian1_phase
#   datatype: float32
#   description: Phase of the Gaussian 1 component
#   meta:
#     ucd: time.phase
# - 
#   name: geom_model_gaussian1_phase_error
#   datatype: float32
#   description: "Uncertainty of \\texttt{geomModelGaussian1Phase}"
#   meta:
#     ucd: stat.error;time.phase
# - 
#   name: geom_model_gaussian1_sigma
#   datatype: float32
#   description: "Standard deviation [phase] of Gaussian 1 component"
#   meta:
#     ucd: stat.stdev
# - 
#   name: geom_model_gaussian1_sigma_error
#   datatype: float32
#   description: "Uncertainty of \\texttt{geomModelGaussian1Sigma}"
#   meta:
#     ucd: stat.error
# - 
#   name: geom_model_gaussian1_depth
#   datatype: float32
#   unit: mag
#   description: Magnitude depth of Gaussian 1 component
#   meta:
#     ucd: src.var.amplitude
# - 
#   name: geom_model_gaussian1_depth_error
#   datatype: float32
#   unit: mag
#   description: "Uncertainty of \\texttt{geomModelGaussian1Depth}"
#   meta:
#     ucd: stat.error;src.var.amplitude
# - 
#   name: geom_model_gaussian2_phase
#   datatype: float32
#   description: Phase of Gaussian 2 component
#   meta:
#     ucd: time.phase
# - 
#   name: geom_model_gaussian2_phase_error
#   datatype: float32
#   description: "Uncertainty of \\texttt{geomModelGaussian2Phase}"
#   meta:
#     ucd: stat.error;time.phase
# - 
#   name: geom_model_gaussian2_sigma
#   datatype: float32
[...]
#   datatype: float32
#   description: "Secondary eclipse: uncertainty of \\texttt{derivedSecondaryEclDuration}"
#   meta:
#     ucd: stat.error;time.duration
# - 
#   name: derived_secondary_ecl_depth
#   datatype: float32
#   unit: mag
#   description: "Secondary eclipse: depth"
#   meta:
#     ucd: src.var.amplitude
# - 
#   name: derived_secondary_ecl_depth_error
#   datatype: float32
#   unit: mag
#   description: "Secondary eclipse: uncertainty of \\texttt{derivedSecondaryEclDepth}"
#   meta:
#     ucd: stat.error;src.var.amplitude
solution_id,source_id,global_ranking,reference_time,frequency,frequency_error,geom_model_reference_level,geom_model_reference_level_error,geom_model_gaussian1_phase,geom_model_gaussian1_phase_error,geom_model_gaussian1_sigma,geom_model_gaussian1_sigma_error,geom_model_gaussian1_depth,geom_model_gaussian1_depth_error,geom_model_gaussian2_phase,geom_model_gaussian2_phase_error,geom_model_gaussian2_sigma,geom_model_gaussian2_sigma_error,geom_model_gaussian2_depth,geom_model_gaussian2_depth_error,geom_model_cosine_half_period_amplitude,geom_model_cosine_half_period_amplitude_error,geom_model_cosine_half_period_phase,geom_model_cosine_half_period_phase_error,model_type,num_model_parameters,reduced_chi2,derived_primary_ecl_phase,derived_primary_ecl_phase_error,derived_primary_ecl_duration,derived_primary_ecl_duration_error,derived_primary_ecl_depth,derived_primary_ecl_depth_error,derived_secondary_ecl_phase,derived_secondary_ecl_phase_error,derived_secondary_ecl_duration,derived_secondary_ecl_duration_error,derived_secondary_ecl_depth,derived_secondary_ecl_depth_error
[from data line 145]
375316653866487564,5202373214245070592,0.4861879,2181.958282125422,0.9794105181721182,7.201287E-5,19.813421,0.009850295,0.23777217,0.003345976,0.012160693,0.0019519142,0.20441195,0.019189287,0.5809006,0.033186127,0.028458305,0.021116398,0.58422214,0.27169552,null,null,null,null,"TWOGAUSSIANS",8,3.4606361,0.5809006,0.033186127,0.1593665,0.11825183,0.58422214,0.27169552,0.23777217,0.003345976,0.068099886,0.01093072,0.20441195,0.019189287
375316653866487564,5202374180614784896,0.5104061,2188.977703438642,0.6816027100343305,1.3044103E-5,13.952439,5.982444E-4,0.71971226,0.0035725178,0.032023374,0.0042041913,0.02680637,0.0030013784,null,null,null,null,null,null,0.010063354,9.702038E-4,0.71971226,0.0035725178,"ONEGAUSSIAN_WITH_ELLIPSOIDAL",6,7.2537766,0.71971226,0.0035725178,0.1793309,0.023543471,0.04693303,0.0027405925,null,null,null,null,null,null
375316653866487564,5202389535121067520,0.42611706,2175.3625526365618,2.922782933048194,8.258948E-5,18.04217,0.04562949,0.2713894,0.013408112,0.097713076,0.02958182,0.10251286,0.043882377,0.7432659,0.020948753,0.13190119,0.04363911,0.13639687,0.04305451,null,null,null,null,"TWOGAUSSIANS",8,13.89679,0.7432659,0.020948753,0.4,0.0,0.119436085,0.019735456,0.2718394,0.013281512,0.4,0.0,0.08582407,0.017028514
375316653866487564,5202393039814492288,0.46212116,2161.321623876398,3.7599656207299534,3.613522E-5,18.176239,0.02379406,0.21321258,0.0083850585,0.06890989,0.024297439,0.09989349,0.035496563,0.6995161,0.015305515,0.12344734,0.042584263,0.10232341,0.019574843,null,null,null,null,"TWOGAUSSIANS",8,4.828595,0.6995161,0.015305515,0.4,0.0,0.09684713,0.010897016,0.21325257,0.008437657,0.38589537,0.10806975,0.09447867,0.038408283
375316653866487564,5202404241089348864,0.46978027,2139.45636461853,3.716020783576931,5.320563E-5,19.465605,0.013169147,0.27772573,0.033194177,0.012791535,0.023632014,0.094030306,0.013515472,0.737911,0.0064523043,0.07074447,0.11747765,0.046541877,0.031501383,0.086239554,0.013759615,0.737911,0.0064523043,"TWOGAUSSIANS_WITH_ELLIPSOIDAL_ON_ECLIPSE2",9,4.099723,0.2768357,0.020655008,0.071632594,0.13233928,0.25607955,0.026743334,0.737911,0.0064523043,0.396169,0.08820011,0.21893127,0.027390094
375316653866487564,5202405581119055616,0.47330338,2214.7562660104086,3.413908501321247,2.4111852E-5,17.901766,0.004475781,0.76611966,0.004838741,0.030888535,0.008604892,0.05685376,0.010161765,null,null,null,null,null,null,0.052028887,0.0075426986,0.76611966,0.004838741,"ONEGAUSSIAN_WITH_ELLIPSOIDAL",6,8.48715,0.76611966,0.004838741,0.1729758,0.048187394,0.16091149,0.011006395,null,null,null,null,null,null
375316653866487564,5202414445931593600,0.4651897,2173.900945338383,4.262149792677667,2.585657E-5,19.276836,0.24785209,0.25113046,0.013283311,0.12715772,0.05699802,0.26056388,0.22647347,0.7272106,0.011217128,0.14056659,0.06854352,0.24513347,0.23857786,null,null,null,null,"TWOGAUSSIANS",8,2.2736635,0.25195047,0.011079098,0.4,0.0,0.18739788,0.016329003,0.7272106,0.011217128,0.4,0.0,0.17122376,0.008660499
375316653866487564,5202415889040774144,0.58945185,2174.7722131360774,2.977068848732817,7.168371E-6,18.87392,0.014763456,0.18113695,0.0058863354,0.042754315,0.008039661,0.20059751,0.036737043,0.6740385,0.0034907076,0.048657186,0.002894317,0.81009007,0.056527317,0.06647111,0.019388033,0.18113695,0.0058863354,"TWOGAUSSIANS_WITH_ELLIPSOIDAL_ON_ECLIPSE1",9,4.4513597,0.6742485,0.0033413998,0.27248025,0.016208176,0.94277495,0.048396733,0.18113695,0.0058863354,0.23942417,0.0450221,0.3335388,0.016516723
375316653866487564,5202430290068297856,0.52834177,2163.5644903969296,3.48257808017738,1.788548E-5,19.5102,0.016773155,0.25233197,0.0055659353,0.07493712,0.007381343,0.33890527,0.016574433,0.75239795,0.0036925194,0.08452796,0.0054620025,0.36663553,0.017697878,null,null,null,null,"TWOGAUSSIANS",8,1.7574986,0.75239795,0.0036925194,0.4,0.0,0.36147043,0.015812097,0.25233197,0.0055659353,0.4,2.8521824E-4,0.33374017,0.014658708
375316653866487564,5202435027414651008,0.58676624,2203.27626107083,3.290276883832964,7.1628865E-6,17.971994,0.016217764,0.29945356,0.002063804,0.05664921,0.007611859,0.26817596,0.033325355,0.8020158,0.0018516241,0.048056662,0.005476464,0.23557812,0.03463441,0.07023245,0.019475622,0.29945356,0.002063804,"TWOGAUSSIANS_WITH_ELLIPSOIDAL_ON_ECLIPSE1",9,4.763733,0.29945356,0.002063804,0.3172356,0.04262641,0.40862486,0.019300157,0.8020158,0.0018516241,0.26911733,0.030668199,0.37599063,0.014789869
375316653866487564,5202448638167609216,0.5095727,2180.9326884578454,0.7144632012875081,1.1682122E-5,17.250359,0.0015562935,null,null,null,null,null,null,null,null,null,null,null,null,0.042940885,0.0022325944,0.309396,0.004662509,"ELLIPSOIDAL",4,3.1159225,null,null,null,null,null,null,null,null,null,null,null,null
375316653866487564,5202450729815326848,0.60079753,2170.9172386876603,0.9712975723036718,1.7325996E-5,17.969881,0.0031036604,0.24156092,0.011554412,0.044147078,0.0046948935,0.6429156,0.06770113,0.7176924,0.005219322,0.04382708,0.0130830165,0.11523049,0.04473684,null,null,null,null,"TWOGAUSSIANS",8,2.7127538,0.24156092,0.011554412,0.24722363,0.026291402,0.6429156,0.06770109,0.7176924,0.005219322,0.24543165,0.07326489,0.115230486,0.04473728
375316653866487564,5202454273161650176,0.57713723,2153.376049708118,4.049694858771807,5.752532E-6,18.376863,0.0058912043,0.24417321,0.00372791,0.06798379,0.0063873897,0.5283413,0.015143224,0.7455317,0.0028570907,0.0751878,0.0035797874,0.45598415,0.013138434,null,null,null,null,"TWOGAUSSIANS",8,5.7806077,0.24417321,0.00372791,0.38070923,0.027433071,0.5262189,0.015952555,0.7455317,0.0028570907,0.4,0.0,0.45386174,0.013342108
375316653866487564,5202456815785203840,0.57773125,2185.949994037424,1.5488910348151042,5.3526514E-5,15.474283,0.0066594747,0.20716178,0.005325696,0.040224757,0.007886685,0.1390955,0.017847398,0.70163053,0.0016051799,0.034954056,0.0024124894,0.55587214,0.03730037,0.023310516,0.011846142,0.20716178,0.005325696,"TWOGAUSSIANS_WITH_ELLIPSOIDAL_ON_ECLIPSE1",9,150.53093,0.7016706,0.0015896384,0.19574273,0.01350994,0.60243726,0.040943556,0.20716178,0.005325696,0.22525865,0.044165436,0.18571645,0.015446122
375316653866487564,5202465229623358720,0.5603981,2185.892012578659,1.2656583227780258,6.8748323E-6,18.890636,0.0067224097,0.28210366,0.0024508445,0.03807787,0.0016507482,1.1760237,0.07322431,0.7830598,0.0015658693,0.041906975,0.0018039253,0.29243383,0.011670974,null,null,null,null,"TWOGAUSSIANS",8,3.4343727,0.28210366,0.0024508445,0.21323606,0.00924419,1.1760237,0.07322431,0.7830598,0.0015658693,0.23467906,0.010101981,0.2924338,0.011670973
375316653866487564,5202479626353978624,0.5299467,2201.091071110261,0.5438644794986723,2.344112E-5,18.780582,0.007735653,0.2149264,0.021641856,0.07530688,0.016258582,0.06575635,0.03374694,0.7585784,0.003012192,0.03321533,0.0032961995,1.3546536,0.45255512,null,null,null,null,"TWOGAUSSIANS",8,6.382127,0.7585784,0.003012192,0.18600585,0.018458717,1.3546525,0.4525562,0.2149264,0.021641856,0.4,0.042628046,0.06575532,0.03374793
375316653866487564,5202491720981285376,0.64297193,2186.6348267191274,0.6827492097286696,6.6966427E-6,12.922618,8.382067E-4,0.22148462,0.0018559687,0.030018829,0.0023313712,0.07523193,0.006497999,0.72349274,0.001068817,0.031222021,0.0017818833,0.235898,0.006530246,0.014303028,0.0012146045,0.22148462,0.0018559687,"TWOGAUSSIANS_WITH_ELLIPSOIDAL_ON_ECLIPSE1",9,27.783764,0.72349274,0.001068817,0.17484331,0.009978546,0.26449952,0.0066717304,0.22148462,0.0018559687,0.16810544,0.013055678,0.10383799,0.006513854
375316653866487564,5202495981589546624,0.5656123,2187.5842800606238,2.9520029021549434,8.712789E-6,19.33953,0.008884698,0.25614974,0.0032264427,0.07492665,0.0048060995,0.48356277,0.049949117,0.7476579,0.0024772747,0.07184373,0.0030728413,0.5880812,0.025935292,null,null,null,null,"TWOGAUSSIANS",8,2.1154947,0.7476579,0.0024772747,0.4,0.006570437,0.5854489,0.026131112,0.25614974,0.0032264427,0.4,0.0,0.48093054,0.05057969
375316653866487564,5202497115460939520,0.44715562,2193.5245259477483,0.9566543234659114,4.5560475E-5,18.426208,0.006793148,0.7500843,0.009103911,0.022405762,0.013619772,0.2876209,0.26526836,null,null,null,null,null,null,0.06551799,0.011439199,0.7500843,0.009103911,"ONEGAUSSIAN_WITH_ELLIPSOIDAL",6,19.900368,0.7500843,0.009103911,0.12547226,0.07627072,0.41865686,0.26796514,null,null,null,null,null,null
375316653866487564,5202497596497199872,0.5124909,2168.9560347050683,3.2587230928580184,1.0840162E-5,19.388556,0.013688804,0.15554757,0.0058992407,0.091361396,0.009135971,0.26966694,0.014582417,0.6423579,0.004524846,0.09705901,0.009284373,0.233887,0.014927514,null,null,null,null,"TWOGAUSSIANS",8,1.0951741,0.15554757,0.0058992407,0.4,0.0,0.25740406,0.01235588,0.6423579,0.004524846,0.4,0.0,0.22162333,0.013384712
375316653866487564,5202524740691864192,0.55193084,2205.8480394188,2.962424696171761,1.2405856E-5,17.567139,0.022674207,0.26640385,0.003653445,0.095627815,0.0069781863,0.42797986,0.02588995,0.7703288,0.003220563,0.09455112,0.006596421,0.38849217,0.02662883,null,null,null,null,"TWOGAUSSIANS",8,18.41114,0.26640385,0.003653445,0.4,0.0,0.40361023,0.02187213,0.7703288,0.003220563,0.4,0.0,0.36412287,0.023126045
375316653866487564,5202528180962693248,0.62742364,2204.522513894248,2.8494264270847784,5.226893E-6,17.453512,0.010833498,0.2631469,0.0021196485,0.058368735,0.0053215707,0.2717961,0.022333883,0.757142,0.0023139906,0.052802235,0.0044437107,0.21299061,0.022624126,0.08802243,0.012600466,0.2631469,0.0021196485,"TWOGAUSSIANS_WITH_ELLIPSOIDAL_ON_ECLIPSE1",9,6.118668,0.2631469,0.0021196485,0.3268649,0.029800797,0.4478112,0.012299186,0.75806206,0.0018446957,0.2956925,0.024884779,0.38879374,0.0072552064
375316653866487564,5202528692061781632,0.57117635,2176.571317253618,3.825121796054134,9.801186E-6,19.612265,0.0055805813,0.231881,0.003739398,0.035888955,0.003385638,0.36022416,0.016939618,0.7327287,0.0036019462,0.027750509,0.0053225094,0.27342802,0.021751959,0.13876794,0.010876108,0.231881,0.003739398,"TWOGAUSSIANS_WITH_ELLIPSOIDAL_ON_ECLIPSE1",9,1.8355278,0.231881,0.003739398,0.20097815,0.01895957,0.6377599,0.019047024,0.7327287,0.0035311156,0.15540285,0.029806053,0.5509559,0.022440305
375316653866487564,5202531818798166656,0.4609416,2171.3059727064256,0.783250748517687,1.5100377E-5,18.42054,0.008214008,0.2193934,0.0031517132,0.036511045,0.0042522727,0.35762876,0.04270853,0.7142486,0.0103812,0.040953375,0.012448542,0.15245265,0.09169095,null,null,null,null,"TWOGAUSSIANS",8,21.694592,0.2193934,0.0031517132,0.20446186,0.023812728,0.35762876,0.04270853,0.7142486,0.0103812,0.22933891,0.069711834,0.15245265,0.09169095
375316653866487564,5202540821047982848,0.53413,2177.2731928944345,0.9054332407029201,3.1486252E-5,17.02298,0.060121786,0.38602662,0.17579927,0.0722514,0.32651806,0.02656181,0.048667945,0.56552786,0.0015838327,0.02252598,0.0038479003,0.40110773,0.022313874,null,null,null,null,"TWOGAUSSIANS",8,19.069767,0.56552786,0.0015838327,0.12614548,0.021548241,0.40232104,0.03770045,0.38602662,0.30035883,0.4,0.12444515,0.02656181,0.6578742
375316653866487564,5202543264887638272,0.550576,2182.8426068404383,3.7061032669768936,7.4949244E-6,15.94518,0.008101237,0.23148435,0.002229482,0.06171191,0.011690964,0.054326266,0.01810996,0.7524243,0.010133365,0.050888713,0.02073758,0.038356867,0.016896263,0.03594263,0.010021363,0.23148435,0.002229482,"TWOGAUSSIANS_WITH_ELLIPSOIDAL_ON_ECLIPSE1",9,9.994792,0.23148435,0.002229482,0.34558672,0.0654694,0.12619665,0.005428917,0.7524243,0.010133365,0.2849768,0.11613044,0.10899004,0.0047342307
375316653866487564,5202546391624096256,0.613557,2187.108785565407,2.4705681362581093,4.810523E-6,15.206557,0.00298745,0.23884855,0.0019882142,0.09613864,0.0028541826,0.19454063,0.0034227737,0.74399054,0.0018313543,0.089008994,0.0026932429,0.22231714,0.0066210493,null,null,null,null,"TWOGAUSSIANS",8,10.878276,0.74399054,0.0018313543,0.4,0.0,0.21229783,0.0074563967,0.23884855,0.0019882142,0.4,0.0,0.18452084,0.003377282
375316653866487564,5202551133265026560,0.48376352,2197.9217276962313,3.6237881040654374,2.0806401E-5,18.525496,0.0069571603,0.26203105,0.0047343015,0.05836077,0.02553663,0.08177722,0.034386348,null,null,null,null,null,null,0.11980044,0.010035959,0.26203105,0.0047343015,"ONEGAUSSIAN_WITH_ELLIPSOIDAL",6,11.728869,0.26203105,0.0047343015,0.3268203,0.14215253,0.32136965,0.03411514,null,null,null,null,null,null
375316653866487564,5202557833416757760,0.53655016,2177.4255554822857,1.2684571273015615,7.390073E-6,14.421185,0.0038791194,0.20058125,0.002232609,0.03364071,0.0035606814,0.10981483,0.0071699363,0.6936387,0.0105555765,0.057974238,0.01503152,0.072711095,0.016408594,0.0061758156,0.0048120967,0.20058125,0.002232609,"TWOGAUSSIANS_WITH_ELLIPSOIDAL_ON_ECLIPSE1",9,34.316967,0.20058125,0.002232609,0.18838796,0.019939816,0.12216256,0.004606643,0.6939387,0.010186783,0.32465574,0.08417651,0.085036345,0.017963197
375316653866487564,5202560960152888064,0.4879415,2167.0041929014224,1.1016453641188306,2.3676088E-5,14.827393,0.0010565614,0.29383528,0.0023181546,0.023208864,0.003276682,0.056543685,0.0036282942,null,null,null,null,null,null,0.01258496,0.0017007052,0.29383528,0.0023181546,"ONEGAUSSIAN_WITH_ELLIPSOIDAL",6,13.766391,0.29383528,0.0023181546,0.12996964,0.018349418,0.081713565,0.003200242,null,null,null,null,null,null
375316653866487564,5202565014602088064,0.49920693,2161.1536605055053,3.1977384324292597,1.0693658E-5,16.936274,0.0033131454,0.23198013,0.0071672383,0.044008527,0.033081766,0.03316154,0.01743338,0.6844098,0.010758612,0.044963237,0.0066198846,0.062669635,0.01716425,0.057719987,0.0069863237,0.23198013,0.0071672383,"TWOGAUSSIANS_WITH_ELLIPSOIDAL_ON_ECLIPSE1",9,9.442757,0.6951598,0.010235887,0.25179413,0.037071355,0.17027466,0.013610144,0.23198013,0.0071672383,0.24644774,0.1852579,0.14860152,0.010881818
375316653866487564,5202570202923742080,0.51721513,2178.4126347238034,2.6342623765018973,4.43033E-5,15.812903,0.00646024,0.66702205,0.033127736,0.06448287,0.029630356,0.29270867,0.04326709,0.775939,0.010508411,0.017797165,0.007487962,0.42332885,0.21782553,null,null,null,null,"TWOGAUSSIANS",8,37.1062,0.775939,0.010508411,0.09966413,0.041932587,0.49362215,0.20042236,0.66702205,0.033160895,0.36110407,0.15361373,0.29270867,0.04328038
375316653866487564,5202571749110875520,0.5253161,2168.153081943913,4.113099858210003,1.3686168E-5,18.430094,0.081342176,0.20951046,0.0056812684,0.12494717,0.030230839,0.25704634,0.073078685,0.6763943,0.008225562,0.1254254,0.025044978,0.24110328,0.07765559,null,null,null,null,"TWOGAUSSIANS",8,2.435652,0.20988046,0.005225678,0.4,0.0,0.20572795,0.012278346,0.6763943,0.008225562,0.4,0.0,0.1897862,0.011574933
375316653866487564,5202572191490220672,0.46805692,2210.1419871144235,4.270290861287796,9.8537996E-5,19.21226,0.012812258,0.3322439,0.037579235,0.044008244,0.03132715,0.03915507,0.040634405,0.63150346,0.038577944,0.06045294,0.017580112,0.56333655,0.37406605,null,null,null,null,"TWOGAUSSIANS",8,9.966686,0.63150346,0.038577944,0.33853647,0.098448634,0.56333655,0.37406605,0.33225387,0.03759932,0.24644616,0.17543204,0.03915776,0.04064623
375316653866487564,5202572333226458368,0.49611846,2202.722050602746,3.0933051339070654,2.4936611E-5,18.032883,0.018825896,0.22464103,0.0049089827,0.08459064,0.007820459,0.33904094,0.0200427,0.72526515,0.009860732,0.08410084,0.013815175,0.3142145,0.023900514,null,null,null,null,"TWOGAUSSIANS",8,12.906544,0.22464103,0.0049089827,0.4,0.0,0.33105457,0.017293504,0.72526515,0.009860732,0.4,0.0,0.30622813,0.022917952
375316653866487564,5202573741975285632,0.48302943,2201.3919157462224,0.6666835352209871,2.2779821E-5,17.750368,0.0061797644,0.3285026,0.01750083,0.033282172,0.022634724,0.098160855,0.028857322,0.5345108,6.1050174E-5,0.013517999,3.3373546E-4,0.52109075,0.0094941305,null,null,null,null,"TWOGAUSSIANS",8,23.711773,0.5345108,6.1050174E-5,0.07570079,0.0018689185,0.52109075,0.009523894,0.3285026,0.01750083,0.18638015,0.12675446,0.098160855,0.028857322
