Gaia/vari_eclipsing_binary/VariEclipsingBinary_465065-465081.csv
# %ECSV 1.0
# ---
# delimiter: ','
# meta: !!omap
# - RELEASE: Gaia DR3
# - TABLE: vari_eclipsing_binary
# - DESCRIPTION: >
#     This table describes the properties of the eclipsing binaries resulting from the variability analysis. 
# - CITATION: >
#     How to cite and acknowledge Gaia: 
#     https://gea.esac.esa.int/archive/documentation/credits.html 
# - KNOWN_ISSUES: >
#     Known issues: 
#     https://www.cosmos.esa.int/web/gaia-users/known-issues 
# - DOCUMENTATION: >
#     Tutorials and documentation: 
#     https://www.cosmos.esa.int/web/gaia-users/archive 
# datatype:
# - 
#   name: solution_id
#   datatype: int64
#   description: Solution Identifier
#   meta:
#     ucd: meta.version
# - 
#   name: source_id
#   datatype: int64
#   description: Unique source identifier
#   meta:
#     ucd: meta.id;meta.main
# - 
#   name: global_ranking
#   datatype: float32
#   description: Number between 0 (worst) and 1 (best)
#   meta:
#     ucd: stat.param
# - 
#   name: reference_time
#   datatype: float64
#   unit: d
#   description: Reference time used for the geometric model fit
#   meta:
#     ucd: time.epoch
# - 
#   name: frequency
#   datatype: float64
#   unit: d**-1
#   description: Frequency of geometric model of the eclipsing binary light curve
#   meta:
#     ucd: src.orbital
# - 
#   name: frequency_error
#   datatype: float32
#   unit: d**-1
#   description: "Uncertainty of \\texttt{frequency}"
#   meta:
#     ucd: stat.error
# - 
#   name: geom_model_reference_level
#   datatype: float32
#   unit: mag
#   description: Magnitude reference level of geometric model
#   meta:
#     ucd: phot.mag;em.opt
# - 
#   name: geom_model_reference_level_error
#   datatype: float32
#   unit: mag
#   description: "Uncertainty of \\texttt{geomModelReferenceLevel}"
#   meta:
#     ucd: stat.error;phot.mag;em.opt
# - 
#   name: geom_model_gaussian1_phase
#   datatype: float32
#   description: Phase of the Gaussian 1 component
#   meta:
#     ucd: time.phase
# - 
#   name: geom_model_gaussian1_phase_error
#   datatype: float32
#   description: "Uncertainty of \\texttt{geomModelGaussian1Phase}"
#   meta:
#     ucd: stat.error;time.phase
# - 
#   name: geom_model_gaussian1_sigma
#   datatype: float32
#   description: "Standard deviation [phase] of Gaussian 1 component"
#   meta:
#     ucd: stat.stdev
# - 
#   name: geom_model_gaussian1_sigma_error
#   datatype: float32
#   description: "Uncertainty of \\texttt{geomModelGaussian1Sigma}"
#   meta:
#     ucd: stat.error
# - 
#   name: geom_model_gaussian1_depth
#   datatype: float32
#   unit: mag
#   description: Magnitude depth of Gaussian 1 component
#   meta:
#     ucd: src.var.amplitude
# - 
#   name: geom_model_gaussian1_depth_error
#   datatype: float32
#   unit: mag
#   description: "Uncertainty of \\texttt{geomModelGaussian1Depth}"
#   meta:
#     ucd: stat.error;src.var.amplitude
# - 
#   name: geom_model_gaussian2_phase
#   datatype: float32
#   description: Phase of Gaussian 2 component
#   meta:
#     ucd: time.phase
# - 
#   name: geom_model_gaussian2_phase_error
#   datatype: float32
#   description: "Uncertainty of \\texttt{geomModelGaussian2Phase}"
#   meta:
#     ucd: stat.error;time.phase
# - 
#   name: geom_model_gaussian2_sigma
#   datatype: float32
[...]
#   datatype: float32
#   description: "Secondary eclipse: uncertainty of \\texttt{derivedSecondaryEclDuration}"
#   meta:
#     ucd: stat.error;time.duration
# - 
#   name: derived_secondary_ecl_depth
#   datatype: float32
#   unit: mag
#   description: "Secondary eclipse: depth"
#   meta:
#     ucd: src.var.amplitude
# - 
#   name: derived_secondary_ecl_depth_error
#   datatype: float32
#   unit: mag
#   description: "Secondary eclipse: uncertainty of \\texttt{derivedSecondaryEclDepth}"
#   meta:
#     ucd: stat.error;src.var.amplitude
solution_id,source_id,global_ranking,reference_time,frequency,frequency_error,geom_model_reference_level,geom_model_reference_level_error,geom_model_gaussian1_phase,geom_model_gaussian1_phase_error,geom_model_gaussian1_sigma,geom_model_gaussian1_sigma_error,geom_model_gaussian1_depth,geom_model_gaussian1_depth_error,geom_model_gaussian2_phase,geom_model_gaussian2_phase_error,geom_model_gaussian2_sigma,geom_model_gaussian2_sigma_error,geom_model_gaussian2_depth,geom_model_gaussian2_depth_error,geom_model_cosine_half_period_amplitude,geom_model_cosine_half_period_amplitude_error,geom_model_cosine_half_period_phase,geom_model_cosine_half_period_phase_error,model_type,num_model_parameters,reduced_chi2,derived_primary_ecl_phase,derived_primary_ecl_phase_error,derived_primary_ecl_duration,derived_primary_ecl_duration_error,derived_primary_ecl_depth,derived_primary_ecl_depth_error,derived_secondary_ecl_phase,derived_secondary_ecl_phase_error,derived_secondary_ecl_duration,derived_secondary_ecl_duration_error,derived_secondary_ecl_depth,derived_secondary_ecl_depth_error
[from data line 638]
375316653866487564,4090899660250479872,0.465865,2270.553457102786,0.6468886168596479,4.4861838E-5,19.573381,0.040736694,0.3996175,0.06453977,0.15402967,0.04982341,0.28355685,0.04311314,0.69269925,0.0476949,0.06782572,0.026645815,0.63465595,0.33590564,null,null,null,null,"TWOGAUSSIANS",8,4.589756,0.69269925,0.0476949,0.37982404,0.13784598,0.6763306,0.33823895,0.39991748,0.064654894,0.4,0.0,0.27888694,0.03830304
375316653866487564,4090899728925898496,0.5073379,2329.674817827564,2.1852842907301615,3.237523E-5,18.07834,0.014291673,0.23900105,0.030217202,0.055089578,0.027142711,0.18723103,0.37611458,0.7055594,0.0059057157,0.051065136,0.0045792395,0.67913413,0.10195559,null,null,null,null,"TWOGAUSSIANS",8,23.792103,0.7055594,0.0059057157,0.28596476,0.025643742,0.67913187,0.1019573,0.23900105,0.030217202,0.30850163,0.15199918,0.18722877,0.3761185
375316653866487564,4090899866365065856,0.60527545,2300.0803636399924,2.4367292729025665,4.2669294E-6,17.575535,0.0030581227,0.33181065,4.3363744E-7,0.0035869651,1.5542471E-5,11.237349,0.23513988,0.79846853,0.020517772,0.05726942,0.011911944,0.030933242,0.0077794907,null,null,null,null,"TWOGAUSSIANS",8,4.2424536,0.33181065,4.3363744E-7,0.020087006,8.703784E-5,11.237349,0.23513988,0.79846853,0.020517772,0.32070875,0.06670688,0.030933242,0.0077794907
375316653866487564,4090899866365099520,0.50251144,2296.2905962231916,3.5387437491874105,2.3059903E-5,19.401707,0.017636282,0.17810287,0.009440546,0.069264255,0.020594703,0.45817912,0.14670955,0.68724656,0.03288391,0.06875965,0.024312194,0.49730387,0.46556628,null,null,null,null,"TWOGAUSSIANS",8,3.6307554,0.68724656,0.03288391,0.38505402,0.11629111,0.49624458,0.46694311,0.17810287,0.009440546,0.38787982,0.029112726,0.45711985,0.15195769
375316653866487564,4090900794072345216,0.4697691,2318.3154735894627,0.32016563601117687,6.78977E-5,19.033012,0.053070907,0.61440563,0.015163356,0.17073496,0.030417055,0.39015538,0.05406631,0.022027137,0.014201248,0.048084885,0.012472257,0.15213443,0.034568753,null,null,null,null,"TWOGAUSSIANS",8,5.5787344,0.61440563,0.015163356,0.4,0.0,0.3740218,0.045576613,0.022027137,0.014201248,0.26927534,0.06984464,0.15951884,0.03613036
375316653866487564,4090901000230913536,0.54505414,2426.8644067533837,1.4893718876504378,2.7529748E-5,18.276142,0.049022697,0.19174537,0.016643409,0.1176513,0.0381634,0.19588943,0.04618913,0.6861658,0.0036499407,0.048850022,0.008723445,0.47905186,0.066048786,null,null,null,null,"TWOGAUSSIANS",8,1.8701265,0.6861658,0.0036499407,0.2735601,0.048851296,0.47462377,0.065975726,0.19174537,0.016643409,0.4,0.0,0.19141354,0.03693327
375316653866487564,4090901446908038400,0.58643746,2334.1261267562763,1.5143582350049372,1.0106987E-5,19.164831,0.035739493,0.28598046,0.002103624,0.08970039,0.01445333,0.3473143,0.01806725,0.7948197,0.0050718905,0.08208648,0.013538571,0.24270217,0.033625383,null,null,null,null,"TWOGAUSSIANS",8,1.029544,0.28598046,0.002103624,0.4,0.0,0.34004796,0.008706248,0.7948197,0.0050718905,0.4,0.0,0.23543598,0.022822628
375316653866487564,4090901721786299008,0.4989428,2319.755820867871,1.2293968414060217,1.7038753E-4,18.175804,0.0075375834,0.22244838,0.0072496617,0.057101432,0.008706251,0.5376358,0.17682824,0.8283463,0.07790789,0.06299694,0.07511555,0.046904646,1.7557213,null,null,null,null,"TWOGAUSSIANS",8,5.6753674,0.22244838,0.0072496617,0.319768,0.04875501,0.53763497,0.17682122,0.8283463,0.07790789,0.35278288,0.40321916,0.046903785,1.7557255
375316653866487564,4090902821346509184,0.5207372,2324.3129482192794,1.7569082795167756,1.6284876E-5,18.364687,0.01622243,0.21009389,0.019389475,0.087512195,0.015009684,0.23462412,0.045548465,0.7139044,0.008988349,0.08248386,0.012870074,0.32240716,0.027183194,null,null,null,null,"TWOGAUSSIANS",8,5.7480187,0.7139044,0.008988349,0.4,0.0,0.31564736,0.027036581,0.21009389,0.019389475,0.4,0.0,0.2278643,0.04394952
375316653866487564,4090902821358622080,0.44466498,2298.5353088148636,4.3739640441407825,3.4169116E-5,19.36943,0.060354806,0.23218319,0.009260025,0.058924295,0.023051498,0.19338985,0.080565274,0.585684,0.02116317,0.06481437,0.033074323,0.18314545,0.3580994,null,null,null,null,"TWOGAUSSIANS",8,6.4760456,0.23218319,0.009266631,0.32997605,0.11116893,0.19338946,0.08051158,0.585684,0.02116317,0.36296046,0.1524441,0.183145,0.35808957
375316653866487564,4090903439782385024,0.56174463,2366.406895774157,2.780700906674077,3.7635455E-5,18.824158,0.085307054,0.3057004,0.0062060254,0.094322465,0.017301936,0.5249958,0.07842891,0.81289375,0.005642906,0.09303987,0.018235328,0.4807141,0.08326148,null,null,null,null,"TWOGAUSSIANS",8,8.21659,0.3057004,0.0062047294,0.4,0.0,0.49924025,0.03141732,0.81289375,0.0056479624,0.4,0.0,0.4549589,0.0378513
375316653866487564,4090903955217916544,0.7036075,2299.054211719236,1.6621598664599608,3.6352292E-6,16.378822,0.0017163472,0.28347138,7.9727685E-4,0.05505128,0.0011543924,0.19684,0.005545172,0.7975752,0.011272127,0.028792512,0.0100994995,0.046282664,0.009473784,0.08004675,0.002524757,0.28347138,7.9727685E-4,"TWOGAUSSIANS_WITH_ELLIPSOIDAL_ON_ECLIPSE1",9,2.1026628,0.28347138,7.9727685E-4,0.30828717,0.0064645973,0.35692698,0.0046414025,0.7975752,0.011272127,0.16123807,0.056557197,0.2051157,0.009903987
375316653866487564,4090904053924151168,0.51203007,2293.4813709271734,0.2724954326441055,1.3110515E-4,14.695841,0.18540904,0.8304984,0.08832678,0.11102922,0.26312226,0.038275372,0.17775257,0.38087702,0.010694075,0.043020513,0.11920412,0.46699804,0.3107019,null,null,null,null,"TWOGAUSSIANS",8,168.55336,0.38087702,0.011093928,0.24091487,0.15455219,0.46679354,0.40501484,0.8304984,0.0868694,0.4,0.15740317,0.038060196,0.021326557
375316653866487564,4090904401894507648,0.45254585,2343.975571470169,1.429275585311367,5.0932398E-5,18.992605,0.009025969,0.39117935,0.06125796,0.078222245,0.029903777,0.1444602,0.072923616,0.83704114,0.0023015803,0.026783831,0.0038568245,0.31691423,0.08961611,null,null,null,null,"TWOGAUSSIANS",8,2.3186812,0.83704114,0.0023015803,0.14998946,0.021598218,0.31691396,0.08961688,0.39117935,0.06125796,0.4,0.11759491,0.14445992,0.07292367
