Gaia/vari_eclipsing_binary/VariEclipsingBinary_225983-226130.csv
# %ECSV 1.0
# ---
# delimiter: ','
# meta: !!omap
# - RELEASE: Gaia DR3
# - TABLE: vari_eclipsing_binary
# - DESCRIPTION: >
#     This table describes the properties of the eclipsing binaries resulting from the variability analysis. 
# - CITATION: >
#     How to cite and acknowledge Gaia: 
#     https://gea.esac.esa.int/archive/documentation/credits.html 
# - KNOWN_ISSUES: >
#     Known issues: 
#     https://www.cosmos.esa.int/web/gaia-users/known-issues 
# - DOCUMENTATION: >
#     Tutorials and documentation: 
#     https://www.cosmos.esa.int/web/gaia-users/archive 
# datatype:
# - 
#   name: solution_id
#   datatype: int64
#   description: Solution Identifier
#   meta:
#     ucd: meta.version
# - 
#   name: source_id
#   datatype: int64
#   description: Unique source identifier
#   meta:
#     ucd: meta.id;meta.main
# - 
#   name: global_ranking
#   datatype: float32
#   description: Number between 0 (worst) and 1 (best)
#   meta:
#     ucd: stat.param
# - 
#   name: reference_time
#   datatype: float64
#   unit: d
#   description: Reference time used for the geometric model fit
#   meta:
#     ucd: time.epoch
# - 
#   name: frequency
#   datatype: float64
#   unit: d**-1
#   description: Frequency of geometric model of the eclipsing binary light curve
#   meta:
#     ucd: src.orbital
# - 
#   name: frequency_error
#   datatype: float32
#   unit: d**-1
#   description: "Uncertainty of \\texttt{frequency}"
#   meta:
#     ucd: stat.error
# - 
#   name: geom_model_reference_level
#   datatype: float32
#   unit: mag
#   description: Magnitude reference level of geometric model
#   meta:
#     ucd: phot.mag;em.opt
# - 
#   name: geom_model_reference_level_error
#   datatype: float32
#   unit: mag
#   description: "Uncertainty of \\texttt{geomModelReferenceLevel}"
#   meta:
#     ucd: stat.error;phot.mag;em.opt
# - 
#   name: geom_model_gaussian1_phase
#   datatype: float32
#   description: Phase of the Gaussian 1 component
#   meta:
#     ucd: time.phase
# - 
#   name: geom_model_gaussian1_phase_error
#   datatype: float32
#   description: "Uncertainty of \\texttt{geomModelGaussian1Phase}"
#   meta:
#     ucd: stat.error;time.phase
# - 
#   name: geom_model_gaussian1_sigma
#   datatype: float32
#   description: "Standard deviation [phase] of Gaussian 1 component"
#   meta:
#     ucd: stat.stdev
# - 
#   name: geom_model_gaussian1_sigma_error
#   datatype: float32
#   description: "Uncertainty of \\texttt{geomModelGaussian1Sigma}"
#   meta:
#     ucd: stat.error
# - 
#   name: geom_model_gaussian1_depth
#   datatype: float32
#   unit: mag
#   description: Magnitude depth of Gaussian 1 component
#   meta:
#     ucd: src.var.amplitude
# - 
#   name: geom_model_gaussian1_depth_error
#   datatype: float32
#   unit: mag
#   description: "Uncertainty of \\texttt{geomModelGaussian1Depth}"
#   meta:
#     ucd: stat.error;src.var.amplitude
# - 
#   name: geom_model_gaussian2_phase
#   datatype: float32
#   description: Phase of Gaussian 2 component
#   meta:
#     ucd: time.phase
# - 
#   name: geom_model_gaussian2_phase_error
#   datatype: float32
#   description: "Uncertainty of \\texttt{geomModelGaussian2Phase}"
#   meta:
#     ucd: stat.error;time.phase
# - 
#   name: geom_model_gaussian2_sigma
#   datatype: float32
[...]
#   datatype: float32
#   description: "Secondary eclipse: uncertainty of \\texttt{derivedSecondaryEclDuration}"
#   meta:
#     ucd: stat.error;time.duration
# - 
#   name: derived_secondary_ecl_depth
#   datatype: float32
#   unit: mag
#   description: "Secondary eclipse: depth"
#   meta:
#     ucd: src.var.amplitude
# - 
#   name: derived_secondary_ecl_depth_error
#   datatype: float32
#   unit: mag
#   description: "Secondary eclipse: uncertainty of \\texttt{derivedSecondaryEclDepth}"
#   meta:
#     ucd: stat.error;src.var.amplitude
solution_id,source_id,global_ranking,reference_time,frequency,frequency_error,geom_model_reference_level,geom_model_reference_level_error,geom_model_gaussian1_phase,geom_model_gaussian1_phase_error,geom_model_gaussian1_sigma,geom_model_gaussian1_sigma_error,geom_model_gaussian1_depth,geom_model_gaussian1_depth_error,geom_model_gaussian2_phase,geom_model_gaussian2_phase_error,geom_model_gaussian2_sigma,geom_model_gaussian2_sigma_error,geom_model_gaussian2_depth,geom_model_gaussian2_depth_error,geom_model_cosine_half_period_amplitude,geom_model_cosine_half_period_amplitude_error,geom_model_cosine_half_period_phase,geom_model_cosine_half_period_phase_error,model_type,num_model_parameters,reduced_chi2,derived_primary_ecl_phase,derived_primary_ecl_phase_error,derived_primary_ecl_duration,derived_primary_ecl_duration_error,derived_primary_ecl_depth,derived_primary_ecl_depth_error,derived_secondary_ecl_phase,derived_secondary_ecl_phase_error,derived_secondary_ecl_duration,derived_secondary_ecl_duration_error,derived_secondary_ecl_depth,derived_secondary_ecl_depth_error
[from data line 323]
375316653866487564,1988210115883684224,0.48522785,2186.9813249038198,0.06626647844577763,6.004396E-5,19.102716,0.012407393,0.23521474,0.013012436,0.05924446,0.008748864,0.29920763,0.022054583,0.8187517,0.0043306095,0.056355864,0.0069750426,0.41523784,0.049520563,null,null,null,null,"TWOGAUSSIANS",8,7.6921997,0.8187517,0.0043306095,0.31559283,0.03906024,0.4152358,0.049523372,0.23521474,0.013012436,0.331769,0.048993636,0.29920557,0.022053394
375316653866487564,1988210214672439808,0.47296682,2169.2334573642,1.326002210045593,4.102621E-5,18.22724,0.007044479,0.20890126,0.0036462953,0.03252412,0.003637955,0.28532714,0.057613395,0.73349917,0.014122184,0.024149308,0.014797373,0.08596126,0.0238271,null,null,null,null,"TWOGAUSSIANS",8,15.740635,0.20890126,0.0036462953,0.18213506,0.020372547,0.28532714,0.057613395,0.73349917,0.014122184,0.13523613,0.08286528,0.08596126,0.0238271
375316653866487564,1988210459491579008,0.5812955,2166.537580183229,2.6651365102568434,4.852884E-6,17.29456,0.0059546903,0.3159006,0.0015474348,0.045095325,0.012211832,0.119991384,0.022357691,0.81364304,0.0037785429,0.03132792,0.0070392927,0.08877753,0.014419905,0.116273545,0.008788356,0.3159006,0.0015474348,"TWOGAUSSIANS_WITH_ELLIPSOIDAL_ON_ECLIPSE1",9,7.4102154,0.3159006,0.0015474348,0.25253382,0.06838626,0.3525382,0.028983552,0.8140231,0.0032941042,0.17543635,0.03942004,0.32128546,0.010917453
375316653866487564,1988210489548483328,0.51371455,2176.8962526535406,3.7602329801965158,8.2577935E-6,19.714005,0.016127188,0.16172267,0.006489389,0.07189879,0.0064349324,0.50543016,0.033657093,0.6536293,0.0032929461,0.066815056,0.004809977,0.39618316,0.020618586,null,null,null,null,"TWOGAUSSIANS",8,2.760938,0.16172267,0.006489389,0.4,0.018828994,0.5043338,0.033636764,0.6536293,0.0032929461,0.3741643,0.02693587,0.3950868,0.020307742
375316653866487564,1988211829578024064,0.47123754,2148.4231922746244,1.1287055427338049,8.399382E-6,18.472656,0.0053167474,0.2302475,0.0037452797,0.017441161,0.00917505,0.3624268,2.9759703,0.73175585,0.020359674,0.014967741,0.010299289,0.226603,0.089441165,null,null,null,null,"TWOGAUSSIANS",8,7.6841006,0.2302475,0.0037452797,0.0976705,0.05138028,0.3624268,2.9759703,0.73175585,0.020359674,0.08381935,0.057676017,0.226603,0.089441165
375316653866487564,1988212722931458304,0.44616073,2181.264620500523,0.03972395866061665,4.7985817E-5,18.511261,0.020059483,0.16181926,0.022345427,0.070729524,0.0683662,0.07282349,0.014379305,0.55782294,0.017055536,0.07455376,0.022854218,0.14937928,0.017523885,null,null,null,null,"TWOGAUSSIANS",8,4.365993,0.55782294,0.017055536,0.4,0.07929047,0.14934225,0.017365498,0.16181926,0.022345427,0.39608535,0.36481845,0.072786555,0.0142425615
375316653866487564,1988213036471760768,0.5074587,2136.1052514540884,3.4124242643564973,1.4264465E-5,14.82784,0.0066182297,0.2543957,0.0065942467,0.01947721,0.010862401,0.060145717,0.031326316,0.81637466,0.017604787,0.035197087,0.022132797,0.09414825,0.22044663,0.10419518,0.009196215,0.2543957,0.0065942467,"TWOGAUSSIANS_WITH_ELLIPSOIDAL_ON_ECLIPSE1",9,542.6942,0.81637466,0.017604787,0.19710368,0.123943664,0.27250126,0.22005723,0.2543957,0.0065942467,0.10907237,0.060829446,0.26853597,0.03204103
375316653866487564,1988216300646641792,0.64795285,2161.205732975696,1.3789181213664334,2.7718816E-6,15.461369,0.0030913593,0.17651552,0.0014217348,0.04871327,0.0042426754,0.071185105,0.007997492,0.6761509,7.918287E-4,0.05195327,9.604081E-4,0.36340788,0.0076495945,0.06662137,0.004145269,0.17651552,0.0014217348,"TWOGAUSSIANS_WITH_ELLIPSOIDAL_ON_ECLIPSE1",9,9.8513365,0.6761809,7.11538E-4,0.29093832,0.0053782854,0.49664629,0.0042852103,0.17651552,0.0014217348,0.2727943,0.023758983,0.20442419,0.005283348
375316653866487564,1988218632808506112,0.62552184,2161.482440761704,3.4570446146148233,4.1009607E-6,17.78675,0.008855512,0.2793936,0.0025272851,0.040528663,0.006107296,0.19873022,0.018603416,0.7768111,0.0021443015,0.049497433,0.0030221462,0.2876131,0.021191718,0.12156705,0.010789423,0.2793936,0.0025272851,"TWOGAUSSIANS_WITH_ELLIPSOIDAL_ON_ECLIPSE1",9,4.6357865,0.77717113,0.0016230182,0.27718562,0.016924018,0.5306909,0.009986257,0.2793936,0.0025272851,0.22696051,0.03420086,0.44186303,0.013531479
375316653866487564,1988218804605069312,0.47203052,2153.811953167003,0.5719995010185522,3.1194293E-5,15.891012,0.005783731,0.21245454,0.019259805,0.08700407,0.014279488,0.057590786,0.015536736,0.7898464,0.0063694767,0.015856687,0.0036976004,0.45083526,0.5800214,null,null,null,null,"TWOGAUSSIANS",8,120.4998,0.7898464,0.0063694767,0.08879744,0.020706562,0.45083568,0.5800214,0.21245454,0.019259805,0.4,0.0,0.05759077,0.015536733
375316653866487564,1988220252016781184,0.57689285,2162.0012398016684,0.32828450390422237,3.6519705E-6,16.594067,0.001362609,0.4142253,0.09316973,0.1358799,0.052780677,0.005171566,0.002240185,0.69621664,0.0013925211,0.014203568,0.001204089,0.30657694,0.0073962314,null,null,null,null,"TWOGAUSSIANS",8,8.17153,0.69621664,0.0013925211,0.07953998,0.006742899,0.3071654,0.007421309,0.4142253,0.09316973,0.4,0.0,0.0051596966,0.0021884143
375316653866487564,1988220733052964864,0.5247219,2172.287133316852,3.661239430062236,8.744152E-6,18.98293,0.011616944,0.30681676,0.0022965732,0.07803769,0.0037061777,0.41192707,0.015047526,0.8060606,0.0055436385,0.0823331,0.0060414895,0.28571787,0.016489018,null,null,null,null,"TWOGAUSSIANS",8,2.7222342,0.30681676,0.0022965732,0.4,0.0,0.40672874,0.01425366,0.8060606,0.0055436385,0.4,0.0,0.28051952,0.016015198
375316653866487564,1988220904851653504,0.5584915,2182.903649042354,2.295574564531687,4.208955E-6,15.892036,0.009290552,0.21021609,0.0020201248,0.106119275,0.007541229,0.15973713,0.00773946,0.70357996,0.0022938931,0.099113524,0.0054717236,0.15933008,0.009456549,null,null,null,null,"TWOGAUSSIANS",8,10.0025015,0.21021609,0.0020201248,0.4,0.0,0.14459142,0.005470601,0.70357996,0.0022938931,0.4,0.0,0.1441884,0.0052833143
375316653866487564,1988221553384255488,0.43343204,2185.1884066280045,2.7540088613604503,6.184867E-5,18.674166,0.02915928,0.23772322,0.0071879504,0.036324963,0.018076742,0.23963119,0.23847114,0.6941467,0.041809812,0.12702249,0.0672877,0.14622116,0.039769556,null,null,null,null,"TWOGAUSSIANS",8,12.381763,0.23775321,0.007169949,0.20341979,0.10122975,0.23880741,0.23942177,0.6941467,0.041809812,0.4,0.0,0.14515206,0.040394902
375316653866487564,1988221660765885696,0.4820676,2172.7994030444925,1.6905533643091466,1.5394919E-5,16.54173,0.02275048,0.3116717,0.003694331,0.051647656,0.0090301465,0.34414414,0.05169313,0.8047442,0.0047689825,0.05038377,0.0073498557,0.30457482,0.05528126,0.015684895,0.030522808,0.3116717,0.003694331,"TWOGAUSSIANS_WITH_ELLIPSOIDAL_ON_ECLIPSE1",9,122.01469,0.3116717,0.003694331,0.2892269,0.050568823,0.37551016,0.05039425,0.8048842,0.004654094,0.2821491,0.041159194,0.33588263,0.030451927
375316653866487564,1988221862621745024,0.55617213,2154.72359635419,3.1363224771235236,1.011063E-5,19.71381,0.008626039,0.27034876,0.0057897945,0.087288015,0.006393668,0.39459696,0.02115358,0.77484107,0.0029100555,0.07279716,0.003642247,0.48619047,0.013566942,null,null,null,null,"TWOGAUSSIANS",8,1.0937034,0.77484107,0.0029100555,0.4,9.460288E-4,0.48017588,0.012996877,0.27034876,0.0057897945,0.4,0.0,0.3885823,0.021701446
375316653866487564,1988223202651857024,0.49240053,2162.5249658446733,0.06071775222947284,1.523695E-4,19.261843,0.006399867,0.13108169,0.027241787,0.03330097,0.028085513,0.53494,0.46324095,0.47264344,0.021608902,0.02780009,0.026901875,0.43751532,4.12982278E14,null,null,null,null,"TWOGAUSSIANS",8,2.169702,0.13108169,0.027241787,0.18648542,0.15727888,0.53494,0.46324095,0.47264344,0.021608902,0.1556805,0.1506505,0.43751532,4.12982278E14
375316653866487564,1988224340814570752,0.50423455,2144.3114665287344,1.2322028818054678,1.6317583E-5,17.00524,0.0056112222,0.25133437,0.005485341,0.077758215,0.006431768,0.19329591,0.008657438,0.74577534,0.008898364,0.0888341,0.008160327,0.13398725,0.007973162,null,null,null,null,"TWOGAUSSIANS",8,13.103761,0.25133437,0.005485341,0.4,0.0,0.19013368,0.0081568835,0.74577534,0.008898364,0.4,0.0,0.13082497,0.0069473707
375316653866487564,1988230010182612864,0.60030675,2182.1809987577044,2.3741034216159513,4.1266508E-6,16.769524,0.008501307,0.27177155,0.0015383166,0.09943468,0.0035882446,0.3379037,0.007729045,0.77185994,0.0017167373,0.08796756,0.0025263638,0.40903294,0.010105133,null,null,null,null,"TWOGAUSSIANS",8,11.81713,0.77185994,0.0017167373,0.4,0.0,0.38810465,0.008087008,0.27177155,0.0015383166,0.4,0.0,0.3169733,0.006438722
375316653866487564,1988230353779984896,0.4754997,2152.2985032314673,3.093918425610651,1.3218287E-5,18.83026,0.049720112,0.23714294,0.009293253,0.0978514,0.028560206,0.29913315,0.034070387,0.7652624,0.0052004308,0.08542329,0.020657072,0.26063162,0.036815025,null,null,null,null,"TWOGAUSSIANS",8,3.4626832,0.23714294,0.009293253,0.4,0.0,0.2903236,0.018370809,0.7652624,0.005215637,0.4,0.0,0.2518248,0.021841178
375316653866487564,1988231723867723264,0.59119904,2166.4736631097267,4.021791215433537,6.9022058E-6,18.219881,0.013506107,0.18282829,0.0020000462,0.05262289,0.0032878725,0.3476462,0.035850063,0.6799144,0.002709001,0.05338037,0.0048124143,0.31038818,0.031052409,0.07943173,0.018768793,0.18282829,0.0020000462,"TWOGAUSSIANS_WITH_ELLIPSOIDAL_ON_ECLIPSE1",9,4.129408,0.18282829,0.0020000462,0.29468817,0.018412085,0.5065011,0.010664383,0.6802144,0.002394081,0.29893008,0.02694952,0.4691953,0.012408442
375316653866487564,1988231968687834880,0.6116886,2202.2789268817487,1.8205260199393967,2.5008878E-6,17.41814,0.001981894,0.21346428,0.0031616197,0.05827993,0.0034253695,0.09044106,0.005624719,0.7097803,5.443717E-4,0.051834147,8.8359066E-4,0.41531023,0.0107518835,null,null,null,null,"TWOGAUSSIANS",8,2.0082567,0.7097803,5.443717E-4,0.29027122,0.004948108,0.41529983,0.010753198,0.21346428,0.0031616197,0.32636762,0.01918207,0.09043065,0.005626197
375316653866487564,1988232174846272896,0.53166586,2188.143231817924,2.6637877773691216,9.9630615E-6,15.695305,0.015010717,0.25479066,0.0037657684,0.119218096,0.0126523785,0.11487929,0.01368228,0.7368991,0.002989994,0.11600953,0.011698206,0.13564853,0.012175784,null,null,null,null,"TWOGAUSSIANS",8,13.97004,0.7368991,0.002989994,0.4,0.0,0.113624215,0.005519164,0.25487065,0.0037288442,0.4,0.0,0.09284401,0.0037549247
375316653866487564,1988234133351719808,0.4513671,2174.2139520056967,0.834416977776346,4.95724E-5,11.8194895,0.022536078,0.20115465,0.0080588665,0.12556672,0.03707822,0.03297655,0.021822406,0.6864801,0.012471656,0.135912,0.040355872,0.04610727,0.021497538,null,null,null,null,"TWOGAUSSIANS",8,80.4114,0.6864801,0.012471656,0.4,0.0,0.034860656,0.004737163,0.20168465,0.007115771,0.4,0.0,0.021817978,0.0021807677
375316653866487564,1988236298015388160,0.6597456,2163.554497579872,0.34653937400547014,1.3307082E-5,15.177384,6.290821E-4,0.59766674,4.1324284E-4,0.019863075,3.5905195E-4,0.3335106,0.003578098,0.7687213,0.024611603,0.058592983,0.035406593,0.0024338393,9.535162E-4,null,null,null,null,"TWOGAUSSIANS",8,2.7849944,0.59766674,4.1324284E-4,0.11123322,0.002010691,0.33354494,0.0035954555,0.7687213,0.024611603,0.3281207,0.19827694,0.0024338393,9.535162E-4
375316653866487564,1988237397527000192,0.5235434,2167.596263065977,0.9308473604840101,1.154765E-5,17.285954,0.0031251991,0.32278007,0.0040936237,0.024050301,0.002820407,0.16864634,0.021860458,0.82260424,0.0025011646,0.027566705,0.003129336,0.25425807,0.032924592,0.008672445,0.0059626,0.32278007,0.0040936237,"TWOGAUSSIANS_WITH_ELLIPSOIDAL_ON_ECLIPSE1",9,9.511685,0.82260424,0.0025010114,0.15437354,0.017524282,0.2716029,0.03405097,0.32278007,0.0040936237,0.13468169,0.015794279,0.1859912,0.020553354
375316653866487564,1988237912923071616,0.48363164,2152.1323414742706,2.4760550081609902,3.7155587E-5,17.110546,0.20214719,0.2678987,0.006942129,0.08609535,0.022971233,0.23088567,0.09276598,0.78099126,0.016859183,0.1442036,0.18375295,0.08975842,0.19557662,null,null,null,null,"TWOGAUSSIANS",8,26.467077,0.26779872,0.006079916,0.4,0.0,0.21180739,0.01760855,0.78099126,0.01686566,0.4,0.0,0.07021988,0.011899615
375316653866487564,1988240352464490112,0.60916084,2171.19102382167,1.8904354347349848,2.8453655E-6,16.68776,0.0041872915,0.1360165,0.0014804355,0.0880434,0.0024613147,0.20847853,0.004599353,0.6344365,0.0013362911,0.08363597,0.002087283,0.27222392,0.0054981494,null,null,null,null,"TWOGAUSSIANS",8,4.329177,0.6344365,0.0013362911,0.4,0.0,0.26558426,0.005146741,0.1360165,0.0014804355,0.4,0.0,0.20183884,0.0038312639
375316653866487564,1988240558622910336,0.5083481,2158.660586083534,0.5139157520739552,4.1066607E-5,17.47716,0.0014677623,0.66623086,7.092309E-4,0.020966275,6.407261E-4,0.17827918,0.0050625065,null,null,null,null,null,null,null,null,null,null,"ONEGAUSSIAN",5,2.4625847,0.66623086,7.092309E-4,0.11741114,0.0035880662,0.17827918,0.0,null,null,null,null,null,null
375316653866487564,1988240970939779968,0.44140187,2190.65589824764,3.5141140524709367,2.5660918E-5,18.657637,0.039056983,0.3390299,0.017194105,0.19425637,0.05662364,0.14994794,0.034389444,0.7499357,0.012956216,0.019129865,0.010198651,0.070427656,0.031169394,null,null,null,null,"TWOGAUSSIANS",8,6.59869,0.3390299,0.017194105,0.4,0.0,0.1390236,0.018443638,0.7499357,0.012956216,0.10712724,0.057112448,0.07702079,0.032469187
375316653866487564,1988243341761903872,0.5269115,2165.0543521432337,3.1691855311634773,1.19983915E-5,15.123518,0.73274094,0.28772426,0.0060618278,0.13888411,0.14143015,0.2032735,0.71722883,0.7945498,0.0054887915,0.123312056,0.06556634,0.18685022,0.5171029,null,null,null,null,"TWOGAUSSIANS",8,44.819916,0.28765428,0.0054419795,0.4,0.0,0.14315583,0.0061687184,0.7947698,0.004780021,0.4,0.0,0.12726218,0.007115429
375316653866487564,1988248972452141568,0.5264359,2153.671255974814,4.209659696961501,8.828392E-6,19.548271,0.01621115,0.3061689,0.0028256422,0.07172216,0.0044726683,0.56134087,0.02585434,0.7995013,0.0040772017,0.06867535,0.0049618715,0.58254784,0.032427993,null,null,null,null,"TWOGAUSSIANS",8,2.8674233,0.7995013,0.0040772017,0.38458192,0.026069105,0.5808496,0.032464355,0.3061689,0.0028256422,0.4,0.015137415,0.5596426,0.025695466
375316653866487564,1988252584531172352,0.61485493,2171.2422643535783,3.460255763774572,3.792846E-6,16.513338,0.0067958976,0.2365253,0.0011206449,0.050663423,0.0027466451,0.30057526,0.015849626,0.7380725,0.0037933262,0.04529803,0.004401522,0.23629043,0.018506268,0.11290916,0.008827988,0.2365253,0.0011206449,"TWOGAUSSIANS_WITH_ELLIPSOIDAL_ON_ECLIPSE1",9,13.990012,0.2365253,0.0011206449,0.28371516,0.015381213,0.526392,0.010424248,0.7380725,0.0037791086,0.25366896,0.024648525,0.46208578,0.012130459
375316653866487564,1988252584531173120,0.5857553,2170.962944807652,0.3481373157009312,6.0136667E-6,15.691006,6.003423E-4,0.1689468,0.002014652,0.01200195,0.0011507231,0.15896991,0.009934027,0.6683136,0.0038565665,0.013421845,0.002547029,0.09449406,0.024624586,null,null,null,null,"TWOGAUSSIANS",8,3.8477085,0.1689468,0.002014652,0.06721092,0.006444049,0.15896991,0.009934027,0.6683136,0.0038565665,0.07516233,0.014263362,0.09449406,0.024624586
375316653866487564,1988253443524740480,0.54732406,2136.841066277487,0.8491231097702833,7.377769E-6,15.996125,0.0018429324,0.253455,0.0019843837,0.040619757,0.0031308236,0.15011251,0.0068032146,0.79275477,0.0011961729,0.0041207266,0.0032158683,0.015630675,0.008548675,0.02297133,0.001548866,0.253455,0.0019843837,"TWOGAUSSIANS_WITH_ELLIPSOIDAL_ON_ECLIPSE1",9,13.170658,0.253455,0.0019843837,0.22747064,0.017532611,0.19605517,0.006533695,0.79275477,0.0011961729,0.023076069,0.018008862,0.058828533,0.010797588
