Gaia/vari_eclipsing_binary/VariEclipsingBinary_681551-681609.csv
# %ECSV 1.0
# ---
# delimiter: ','
# meta: !!omap
# - RELEASE: Gaia DR3
# - TABLE: vari_eclipsing_binary
# - DESCRIPTION: >
#     This table describes the properties of the eclipsing binaries resulting from the variability analysis. 
# - CITATION: >
#     How to cite and acknowledge Gaia: 
#     https://gea.esac.esa.int/archive/documentation/credits.html 
# - KNOWN_ISSUES: >
#     Known issues: 
#     https://www.cosmos.esa.int/web/gaia-users/known-issues 
# - DOCUMENTATION: >
#     Tutorials and documentation: 
#     https://www.cosmos.esa.int/web/gaia-users/archive 
# datatype:
# - 
#   name: solution_id
#   datatype: int64
#   description: Solution Identifier
#   meta:
#     ucd: meta.version
# - 
#   name: source_id
#   datatype: int64
#   description: Unique source identifier
#   meta:
#     ucd: meta.id;meta.main
# - 
#   name: global_ranking
#   datatype: float32
#   description: Number between 0 (worst) and 1 (best)
#   meta:
#     ucd: stat.param
# - 
#   name: reference_time
#   datatype: float64
#   unit: d
#   description: Reference time used for the geometric model fit
#   meta:
#     ucd: time.epoch
# - 
#   name: frequency
#   datatype: float64
#   unit: d**-1
#   description: Frequency of geometric model of the eclipsing binary light curve
#   meta:
#     ucd: src.orbital
# - 
#   name: frequency_error
#   datatype: float32
#   unit: d**-1
#   description: "Uncertainty of \\texttt{frequency}"
#   meta:
#     ucd: stat.error
# - 
#   name: geom_model_reference_level
#   datatype: float32
#   unit: mag
#   description: Magnitude reference level of geometric model
#   meta:
#     ucd: phot.mag;em.opt
# - 
#   name: geom_model_reference_level_error
#   datatype: float32
#   unit: mag
#   description: "Uncertainty of \\texttt{geomModelReferenceLevel}"
#   meta:
#     ucd: stat.error;phot.mag;em.opt
# - 
#   name: geom_model_gaussian1_phase
#   datatype: float32
#   description: Phase of the Gaussian 1 component
#   meta:
#     ucd: time.phase
# - 
#   name: geom_model_gaussian1_phase_error
#   datatype: float32
#   description: "Uncertainty of \\texttt{geomModelGaussian1Phase}"
#   meta:
#     ucd: stat.error;time.phase
# - 
#   name: geom_model_gaussian1_sigma
#   datatype: float32
#   description: "Standard deviation [phase] of Gaussian 1 component"
#   meta:
#     ucd: stat.stdev
# - 
#   name: geom_model_gaussian1_sigma_error
#   datatype: float32
#   description: "Uncertainty of \\texttt{geomModelGaussian1Sigma}"
#   meta:
#     ucd: stat.error
# - 
#   name: geom_model_gaussian1_depth
#   datatype: float32
#   unit: mag
#   description: Magnitude depth of Gaussian 1 component
#   meta:
#     ucd: src.var.amplitude
# - 
#   name: geom_model_gaussian1_depth_error
#   datatype: float32
#   unit: mag
#   description: "Uncertainty of \\texttt{geomModelGaussian1Depth}"
#   meta:
#     ucd: stat.error;src.var.amplitude
# - 
#   name: geom_model_gaussian2_phase
#   datatype: float32
#   description: Phase of Gaussian 2 component
#   meta:
#     ucd: time.phase
# - 
#   name: geom_model_gaussian2_phase_error
#   datatype: float32
#   description: "Uncertainty of \\texttt{geomModelGaussian2Phase}"
#   meta:
#     ucd: stat.error;time.phase
# - 
#   name: geom_model_gaussian2_sigma
#   datatype: float32
[...]
#   datatype: float32
#   description: "Secondary eclipse: uncertainty of \\texttt{derivedSecondaryEclDuration}"
#   meta:
#     ucd: stat.error;time.duration
# - 
#   name: derived_secondary_ecl_depth
#   datatype: float32
#   unit: mag
#   description: "Secondary eclipse: depth"
#   meta:
#     ucd: src.var.amplitude
# - 
#   name: derived_secondary_ecl_depth_error
#   datatype: float32
#   unit: mag
#   description: "Secondary eclipse: uncertainty of \\texttt{derivedSecondaryEclDepth}"
#   meta:
#     ucd: stat.error;src.var.amplitude
solution_id,source_id,global_ranking,reference_time,frequency,frequency_error,geom_model_reference_level,geom_model_reference_level_error,geom_model_gaussian1_phase,geom_model_gaussian1_phase_error,geom_model_gaussian1_sigma,geom_model_gaussian1_sigma_error,geom_model_gaussian1_depth,geom_model_gaussian1_depth_error,geom_model_gaussian2_phase,geom_model_gaussian2_phase_error,geom_model_gaussian2_sigma,geom_model_gaussian2_sigma_error,geom_model_gaussian2_depth,geom_model_gaussian2_depth_error,geom_model_cosine_half_period_amplitude,geom_model_cosine_half_period_amplitude_error,geom_model_cosine_half_period_phase,geom_model_cosine_half_period_phase_error,model_type,num_model_parameters,reduced_chi2,derived_primary_ecl_phase,derived_primary_ecl_phase_error,derived_primary_ecl_duration,derived_primary_ecl_duration_error,derived_primary_ecl_depth,derived_primary_ecl_depth_error,derived_secondary_ecl_phase,derived_secondary_ecl_phase_error,derived_secondary_ecl_duration,derived_secondary_ecl_duration_error,derived_secondary_ecl_depth,derived_secondary_ecl_depth_error
[from data line 291]
375316653866487564,5995269364450838656,0.63692623,2087.5200715090823,3.7558188766592973,4.1122858E-6,18.452787,0.0074067716,0.24625997,7.3471456E-4,0.045993358,0.0018839511,0.40917125,0.018479275,0.740315,0.0024945873,0.045112927,0.0033039106,0.5875839,0.023463357,0.11280406,0.01166504,0.24625997,7.3471456E-4,"TWOGAUSSIANS_WITH_ELLIPSOIDAL_ON_ECLIPSE1",9,2.8296888,0.740665,0.002338499,0.25263238,0.0185019,0.8128948,0.020251064,0.24625997,7.3471456E-4,0.25756282,0.010550126,0.63477856,0.014415213
375316653866487564,5995269398816892288,0.4853752,2041.7125751114145,0.039723338149442254,4.1718853E-5,17.086554,0.0027511446,0.45367151,0.015399257,0.098711714,0.018251356,0.17009746,0.042150807,0.8939359,0.0017338956,0.01812146,0.0046821986,0.078063644,0.029196689,null,null,null,null,"TWOGAUSSIANS",8,5.472118,0.45367151,0.015399257,0.4,0.0,0.17009497,0.042156026,0.8939359,0.0017338956,0.10148018,0.026220312,0.07806932,0.02919706
375316653866487564,5995269497583499136,0.592246,2037.10981592952,3.5114360052020603,1.2176243E-5,17.798082,0.0065143025,0.20117709,0.0030872603,0.041241053,0.007423145,0.13290367,0.024394486,0.69635487,0.00416736,0.04760196,0.0075779147,0.18570021,0.01998012,0.07121834,0.008259494,0.20117709,0.0030872603,"TWOGAUSSIANS_WITH_ELLIPSOIDAL_ON_ECLIPSE1",9,3.2009196,0.6969348,0.003745878,0.266571,0.04243632,0.32802153,0.024794031,0.20117709,0.0030872603,0.23094991,0.041569613,0.27533996,0.023235321
375316653866487564,5995269600662746240,0.5875889,2062.9888704758923,1.0955682660720711,1.3582141E-5,18.545872,0.008438941,0.21973406,0.0012382051,0.03997,0.0038365454,0.66798526,0.04640396,0.72449344,0.003532333,0.029060565,0.009224818,0.06655676,0.031043071,0.04150675,0.012793134,0.21973406,0.0012382051,"TWOGAUSSIANS_WITH_ELLIPSOIDAL_ON_ECLIPSE1",9,4.611745,0.21973406,0.0012382051,0.223832,0.021484654,0.75099856,0.06173891,0.72449344,0.003532333,0.16273917,0.05165898,0.14949585,0.025403898
375316653866487564,5995270219138021120,0.46024743,2067.4657188589113,0.273385095308437,8.919126E-5,17.674536,0.0034641468,0.20817696,0.024876803,0.03594599,0.018100211,0.20269808,1.756972,0.5581474,0.028607883,0.027466772,0.018948974,0.06906541,0.15778899,null,null,null,null,"TWOGAUSSIANS",8,9.775266,0.20817696,0.024876803,0.20129754,0.101361185,0.20269808,1.756972,0.5581474,0.028607883,0.15381393,0.10611425,0.06906541,0.15778899
375316653866487564,5995270562735479296,0.42928946,2084.81835445579,2.069272478635848,6.702289E-5,18.098959,0.017090078,0.32130426,0.022332884,0.08274457,0.036878385,0.08351708,0.01612502,0.76463383,0.015367753,0.07965645,0.018662067,0.16806741,0.03276514,null,null,null,null,"TWOGAUSSIANS",8,14.486381,0.76463383,0.015367753,0.4,0.0,0.1674104,0.03247316,0.32130426,0.022332884,0.4,0.0,0.082860075,0.014220569
375316653866487564,5995271112491306752,0.5166703,2099.245245172631,3.5275160868115583,1.6769452E-5,19.111446,0.016966587,0.25141734,0.0042125094,0.07848158,0.0059182663,0.36898044,0.037474547,0.7505657,0.0044310894,0.07463653,0.004887924,0.48261043,0.020624606,null,null,null,null,"TWOGAUSSIANS",8,5.181892,0.7505657,0.0044310894,0.4,0.0,0.47862202,0.0191476,0.25141734,0.0042125094,0.4,0.0,0.36499202,0.03736045
375316653866487564,5995271426041497472,0.5730671,2055.1201842127657,2.8895276148850493,1.8423143E-5,17.459396,0.020718208,0.3294082,0.0055847247,0.05631916,0.0101583125,0.24567844,0.065930165,0.82948595,0.003924123,0.052418392,0.0076311957,0.32902926,0.0431526,0.098269425,0.027210318,0.3294082,0.0055847247,"TWOGAUSSIANS_WITH_ELLIPSOIDAL_ON_ECLIPSE1",9,15.63573,0.82948595,0.0035888182,0.293543,0.042734697,0.52555126,0.02960347,0.3294082,0.0055847247,0.31538728,0.056886554,0.44220048,0.04636874
375316653866487564,5995272628632375552,0.61221087,2087.8295978534643,0.7976653140327691,7.9999445E-6,19.25495,0.0063826623,0.23773168,0.0080624325,0.02714295,0.004632493,1.1541498,0.22403973,0.7391186,0.0019760483,0.03292493,0.004060497,0.20798889,0.023191666,0.058734857,0.014389786,0.23773168,0.0080624325,"TWOGAUSSIANS_WITH_ELLIPSOIDAL_ON_ECLIPSE1",9,2.0885828,0.23773168,0.0080624325,0.15200052,0.02594196,1.2716192,0.2207958,0.7391186,0.001821728,0.1843796,0.022738783,0.3254494,0.029263979
375316653866487564,5995273109668719616,0.5700328,2073.079457216924,2.6478628559772353,9.006641E-6,16.91406,0.006220645,0.27267134,0.0021908386,0.10121294,0.0048857615,0.19858989,0.0056282086,0.7711491,0.0022501925,0.086194634,0.004495168,0.17716898,0.0070065116,null,null,null,null,"TWOGAUSSIANS",8,4.295105,0.27267134,0.0021908386,0.4,0.0,0.18812644,0.004086543,0.7711491,0.0022501925,0.4,0.0,0.16670752,0.0059645534
375316653866487564,5995273144022339712,0.52010643,2083.1482392714042,3.73519367681322,1.9444444E-5,19.021315,0.008603482,0.32164142,0.017793924,0.07455971,0.02677641,0.25356284,0.086957954,0.8050676,0.0038984462,0.056909878,0.005294369,0.26243353,0.010972583,null,null,null,null,"TWOGAUSSIANS",8,2.3319073,0.8050676,0.0038984462,0.3186953,0.029648468,0.26220712,0.010750113,0.32164142,0.017793924,0.4,0.12137762,0.25333643,0.087296166
375316653866487564,5995273453266141568,0.55335397,2070.092859590172,4.657610892754608,7.638182E-6,19.849276,0.008075935,0.24347456,0.0014632283,0.04765135,0.0015844492,0.6782577,0.035876095,0.7515479,0.02102818,0.04218741,0.0116511565,1.0749041,0.27459952,null,null,null,null,"TWOGAUSSIANS",8,1.8348923,0.7515479,0.02102818,0.2362495,0.06524648,1.0749038,0.27460346,0.24347456,0.0014632283,0.26684755,0.008872916,0.6782575,0.035875835
375316653866487564,5995273556339613184,0.47309425,2084.3170211631677,2.6674477186331593,3.7126818E-5,19.126799,0.07823873,0.24852479,0.009765022,0.10429492,0.016797509,0.34558186,0.08138406,0.71944106,0.009992596,0.120163,0.03316715,0.3152313,0.06392259,null,null,null,null,"TWOGAUSSIANS",8,5.4530935,0.24865478,0.009639581,0.4,0.0,0.3050128,0.030687539,0.71944106,0.009992596,0.4,0.0,0.2745106,0.021255454
375316653866487564,5995273968662228224,0.45618972,2080.8479525913035,1.6651931474264776,4.0421244E-5,12.39397,0.027308851,0.26763183,0.0130662685,0.27713957,0.12468566,0.33165684,0.041905787,0.7762172,0.009619324,0.18280828,0.077878244,0.1979801,0.21329315,null,null,null,null,"TWOGAUSSIANS",8,108.25094,0.26091182,0.007551717,0.4,0.0,0.0411002,0.002923666,0.7918772,0.010573563,0.4,0.0,0.02760411,0.0038343351
375316653866487564,5995274067428823808,0.5731124,2092.411674873303,0.33325765315967215,1.1249737E-5,14.394736,0.0014023962,0.7149361,9.0122153E-4,0.019085892,0.0010750374,0.2673658,0.0142981745,null,null,null,null,null,null,0.01683915,0.0022250952,0.7149361,9.0122153E-4,"ONEGAUSSIAN_WITH_ELLIPSOIDAL",6,62.40558,0.7149361,9.0122153E-4,0.10688099,0.0060202098,0.3010441,0.014582559,null,null,null,null,null,null
375316653866487564,5995276781848001408,0.5081384,2066.560672248164,2.472822411891951,5.747612E-5,18.97387,0.07796309,0.15782602,0.006426727,0.12657394,0.03401382,0.24129175,0.07194474,0.6383538,0.0060518184,0.116054095,0.016670147,0.37904155,0.074439414,null,null,null,null,"TWOGAUSSIANS",8,2.4236634,0.6383538,0.0060518184,0.4,0.0,0.31939936,0.011258452,0.15795602,0.006395068,0.4,0.0,0.18150626,0.012533355
375316653866487564,5995277572121991552,0.5317811,2070.4367611724706,1.524898876439884,2.3299524E-5,18.643137,0.005174643,0.19486459,0.029074559,0.018623538,0.010607567,0.30172715,0.2964588,0.7313134,0.006377243,0.028847875,0.004120161,0.4756729,0.06651786,null,null,null,null,"TWOGAUSSIANS",8,6.774326,0.7313134,0.006377243,0.1615481,0.0230729,0.4756729,0.06651786,0.19486459,0.029074559,0.10429182,0.059402373,0.30172715,0.2964588
375316653866487564,5995279633706365568,0.5022129,2072.582138394492,3.143734185957689,2.6037138E-5,18.967524,0.08892704,0.2295814,0.006010008,0.12905194,0.02725324,0.30611464,0.08674699,0.72929674,0.0047168853,0.11593555,0.021294303,0.31479624,0.08480159,null,null,null,null,"TWOGAUSSIANS",8,2.8490531,0.72929674,0.0047220327,0.4,0.0,0.23818295,0.013315822,0.2295814,0.0060267993,0.4,0.0,0.22922216,0.011217421
375316653866487564,5995281252928288896,0.5704587,2050.8454247561494,2.92463643834838,1.776678E-5,16.80809,0.0029726103,0.22505032,0.0022498677,0.08106032,0.0036179705,0.15984508,0.0054061455,0.7255139,0.0025777556,0.07832759,0.0030952282,0.1454655,0.0029898903,null,null,null,null,"TWOGAUSSIANS",8,3.653742,0.22505032,0.0022498677,0.4,0.0,0.15763879,0.0055704303,0.7255139,0.0025777556,0.4,0.0,0.1432592,0.0025304065
375316653866487564,5995286200708544000,0.51198536,2077.969420176422,3.3458210897731178,2.3840861E-5,19.778774,0.043509636,0.29087916,0.009110057,0.08626884,0.013167272,0.45717695,0.04940644,0.80042356,0.005454115,0.089848965,0.013568552,0.4019282,0.038871005,null,null,null,null,"TWOGAUSSIANS",8,4.324894,0.29087916,0.009110057,0.4,0.0,0.4441567,0.04113489,0.80042356,0.005454115,0.4,0.0,0.38890785,0.02785351
375316653866487564,5995286303809981696,0.72296125,2084.7719641577414,0.19353882054846025,1.6850638E-5,13.8954525,0.0018236182,0.22115535,4.76842E-4,0.023529839,3.04951E-4,1.6817111,0.042574,0.72036356,6.0513953E-4,0.025637014,0.0015116028,0.12240432,0.004219025,0.01577938,0.0027981517,0.22115535,4.76842E-4,"TWOGAUSSIANS_WITH_ELLIPSOIDAL_ON_ECLIPSE1",9,72.11847,0.22115535,4.76842E-4,0.1317671,0.0017077256,1.7132697,0.042825073,0.7203736,5.970335E-4,0.14356728,0.008464976,0.15396227,0.0045511695
375316653866487564,5995288674610968832,0.47946766,2089.617303383125,2.515703547004431,1.7737384E-5,19.692665,0.010502435,0.26385185,0.0022556772,0.035134565,0.0025465852,0.4141422,0.033961874,0.734816,0.0017986293,0.042807706,0.004237797,0.16053723,0.0099009,null,null,null,null,"TWOGAUSSIANS",8,2.4843144,0.26385185,0.0022556772,0.19675358,0.014260876,0.4141422,0.033961874,0.734816,0.0017986293,0.23972315,0.023731664,0.16053723,0.0099009
375316653866487564,5995289254434891008,0.50102156,2090.9233498734084,2.563617707122732,9.70019E-6,18.459053,0.0031876778,0.36601773,0.025261762,0.05986274,0.019991156,0.029909266,0.005297223,0.89840627,6.718419E-4,0.0085746115,2.5242806E-4,1.0347472,0.098341085,null,null,null,null,"TWOGAUSSIANS",8,1.7917633,0.89840627,6.718419E-4,0.048017822,0.0014135971,1.0347472,0.098341085,0.36601773,0.025261762,0.33523133,0.11195047,0.029909266,0.005297223
375316653866487564,5995289705424137472,0.5942835,2079.7397330218705,1.6895655349906489,8.179026E-6,16.495985,0.1304839,0.2604177,0.0010482162,0.1330427,0.02252947,0.38043424,0.12569934,0.76092935,0.0031703557,0.1346926,0.025228327,0.3791203,0.12686953,null,null,null,null,"TWOGAUSSIANS",8,7.8075013,0.26040772,0.0010501279,0.4,0.0,0.24887304,0.0046494175,0.76093936,0.003190017,0.4,0.0,0.24743941,0.009614628
375316653866487564,5995290461338652928,0.6449702,2082.8187389423965,1.2755643825725371,4.4198814E-6,15.376545,0.0018193452,0.21882603,0.0017193015,0.04723725,0.0068331626,0.041301005,0.004711617,0.7140109,0.0015999466,0.053375028,0.0014510379,0.15425824,0.0045343437,0.029224407,0.0027109291,0.21882603,0.0017193015,"TWOGAUSSIANS_WITH_ELLIPSOIDAL_ON_ECLIPSE1",9,2.5592701,0.7143909,0.0014382249,0.29890016,0.008125813,0.21265598,0.0014326093,0.21882603,0.0017193015,0.2645286,0.038265713,0.09974803,0.004376769
375316653866487564,5995291316018163200,0.4990398,2095.261537045308,3.555853283097981,1.4147258E-5,18.814167,0.004318699,null,null,null,null,null,null,null,null,null,null,null,null,0.094667524,0.006557064,0.22387177,0.0032645003,"ELLIPSOIDAL",4,3.6666627,null,null,null,null,null,null,null,null,null,null,null,null
375316653866487564,5995291762695780224,0.4758311,2078.4097977344436,0.08062837605067863,4.7813388E-5,18.120337,0.16631982,0.22760044,0.013245853,0.1378123,0.07191478,0.16069344,0.16554102,0.6764332,0.033001393,0.08827593,0.058467086,0.15347971,0.12849873,null,null,null,null,"TWOGAUSSIANS",8,3.7397542,0.22760044,0.012620114,0.4,0.0,0.14496829,0.017293487,0.6764332,0.033001393,0.4,0.0,0.13860753,0.027546318
375316653866487564,5995292282384653440,0.55987126,2095.2469369222094,3.3622167068616386,8.861202E-6,19.602144,0.009243092,0.30466244,0.0054404996,0.06361351,0.006668606,0.49643746,0.019678146,0.80127585,0.0018365192,0.07162713,0.0029623813,0.48447922,0.014754823,null,null,null,null,"TWOGAUSSIANS",8,1.2373253,0.30466244,0.0054404996,0.35623565,0.03734419,0.49547786,0.019715333,0.80127585,0.0018365192,0.4,0.008151169,0.4835196,0.014714341
375316653866487564,5995292866520388096,0.53085154,2082.6339308871447,3.049834633846467,1.5365653E-5,17.897442,0.006619042,0.17188244,0.006462283,0.08241079,0.0072172326,0.19989574,0.010602594,0.6739427,0.0029723605,0.08143352,0.005362198,0.23482946,0.009761546,null,null,null,null,"TWOGAUSSIANS",8,6.585826,0.6739427,0.0029723605,0.4,0.0,0.23087117,0.009589207,0.17188244,0.006462283,0.4,0.0,0.19593745,0.010560814
375316653866487564,5995293347535798528,0.4742287,2116.4744047372756,3.450876866868975,3.0884323E-5,18.140976,0.022055887,0.21452332,0.007864521,0.08481483,0.0068474496,0.27254996,0.023947546,0.73248315,0.0076415217,0.10321864,0.015624162,0.19327872,0.021232795,null,null,null,null,"TWOGAUSSIANS",8,13.598459,0.21452332,0.007869584,0.4,0.0,0.26249856,0.01825863,0.73248315,0.0076415217,0.4,0.0,0.18322313,0.016330615
375316653866487564,5995297573804297984,0.43629742,2094.0909898333966,0.03955566009483099,2.1808235E-5,15.400652,0.001275343,0.37242448,0.0073911496,0.103046134,0.008128606,0.14887397,0.019624287,0.77758205,0.0048243073,0.020170446,0.0037590456,0.060511637,0.026497364,null,null,null,null,"TWOGAUSSIANS",8,18.262415,0.37242448,0.0073911496,0.4,0.0,0.14887138,0.019628208,0.77758205,0.0048243073,0.1129545,0.021050654,0.0605745,0.026497636
375316653866487564,5995299360488077056,0.51130515,2091.2346774033194,3.5208205709271163,2.2823064E-5,19.534576,0.026563484,0.21715091,0.007279311,0.09108993,0.010175175,0.39838782,0.035466872,0.7160101,0.0048277923,0.092019096,0.0098440675,0.31931883,0.025518825,null,null,null,null,"TWOGAUSSIANS",8,2.3475904,0.21715091,0.007279311,0.4,0.0,0.38155642,0.028607816,0.7160101,0.0048277923,0.4,0.0,0.3024874,0.017276794
375316653866487564,5995300043400530688,0.53143317,2106.7924611781013,3.7187738975503684,1.1232431E-5,19.20827,0.0090751415,0.27730268,0.0025768108,0.08166161,0.004247999,0.30890772,0.01634298,0.77004737,0.006829402,0.08317986,0.008360846,0.31444463,0.013948654,null,null,null,null,"TWOGAUSSIANS",8,2.070128,0.77004737,0.006829402,0.4,0.0,0.3089683,0.013952692,0.27730268,0.0025768108,0.4,0.0,0.3034314,0.016098138
375316653866487564,5995300872339211264,0.45250815,2072.7655977267327,0.9009481473712142,9.118644E-5,18.7762,0.018880993,0.32903907,0.026020035,0.19705443,0.045626916,0.0836313,0.02003554,0.6962691,0.01190442,0.042147856,0.010255325,0.20448086,0.095584616,null,null,null,null,"TWOGAUSSIANS",8,3.9442472,0.6962691,0.01190442,0.23602799,0.057429817,0.21253636,0.09647256,0.32903907,0.026020035,0.4,0.0,0.07647448,0.011886744
375316653866487564,5995302555966455168,0.51899177,2080.7501634657165,3.3930252061307704,1.8788953E-5,17.283197,0.018829195,0.2844427,0.0034707815,0.10965561,0.010555156,0.19651985,0.017479286,0.7886719,0.0046969987,0.098248795,0.0099176215,0.2071754,0.018621236,null,null,null,null,"TWOGAUSSIANS",8,10.038928,0.7886719,0.004697741,0.4,0.0,0.18595186,0.012106503,0.2844427,0.0034707815,0.4,0.0,0.17528513,0.008449144
375316653866487564,5995302762124777216,0.4507699,2101.353656074259,3.8322246884602094,4.317393E-5,19.888664,0.0221106,0.24729177,0.017228384,0.064307615,0.01065,0.26932874,0.055405162,0.74089557,0.011545097,0.07034895,0.0178672,0.26659307,0.02611319,null,null,null,null,"TWOGAUSSIANS",8,4.053282,0.24729177,0.017228384,0.36012262,0.058843553,0.2688741,0.05516311,0.74089557,0.011545097,0.39395413,0.056956,0.26613843,0.025872521
