Gaia/vari_eclipsing_binary/VariEclipsingBinary_477807-477829.csv
# %ECSV 1.0
# ---
# delimiter: ','
# meta: !!omap
# - RELEASE: Gaia DR3
# - TABLE: vari_eclipsing_binary
# - DESCRIPTION: >
#     This table describes the properties of the eclipsing binaries resulting from the variability analysis. 
# - CITATION: >
#     How to cite and acknowledge Gaia: 
#     https://gea.esac.esa.int/archive/documentation/credits.html 
# - KNOWN_ISSUES: >
#     Known issues: 
#     https://www.cosmos.esa.int/web/gaia-users/known-issues 
# - DOCUMENTATION: >
#     Tutorials and documentation: 
#     https://www.cosmos.esa.int/web/gaia-users/archive 
# datatype:
# - 
#   name: solution_id
#   datatype: int64
#   description: Solution Identifier
#   meta:
#     ucd: meta.version
# - 
#   name: source_id
#   datatype: int64
#   description: Unique source identifier
#   meta:
#     ucd: meta.id;meta.main
# - 
#   name: global_ranking
#   datatype: float32
#   description: Number between 0 (worst) and 1 (best)
#   meta:
#     ucd: stat.param
# - 
#   name: reference_time
#   datatype: float64
#   unit: d
#   description: Reference time used for the geometric model fit
#   meta:
#     ucd: time.epoch
# - 
#   name: frequency
#   datatype: float64
#   unit: d**-1
#   description: Frequency of geometric model of the eclipsing binary light curve
#   meta:
#     ucd: src.orbital
# - 
#   name: frequency_error
#   datatype: float32
#   unit: d**-1
#   description: "Uncertainty of \\texttt{frequency}"
#   meta:
#     ucd: stat.error
# - 
#   name: geom_model_reference_level
#   datatype: float32
#   unit: mag
#   description: Magnitude reference level of geometric model
#   meta:
#     ucd: phot.mag;em.opt
# - 
#   name: geom_model_reference_level_error
#   datatype: float32
#   unit: mag
#   description: "Uncertainty of \\texttt{geomModelReferenceLevel}"
#   meta:
#     ucd: stat.error;phot.mag;em.opt
# - 
#   name: geom_model_gaussian1_phase
#   datatype: float32
#   description: Phase of the Gaussian 1 component
#   meta:
#     ucd: time.phase
# - 
#   name: geom_model_gaussian1_phase_error
#   datatype: float32
#   description: "Uncertainty of \\texttt{geomModelGaussian1Phase}"
#   meta:
#     ucd: stat.error;time.phase
# - 
#   name: geom_model_gaussian1_sigma
#   datatype: float32
#   description: "Standard deviation [phase] of Gaussian 1 component"
#   meta:
#     ucd: stat.stdev
# - 
#   name: geom_model_gaussian1_sigma_error
#   datatype: float32
#   description: "Uncertainty of \\texttt{geomModelGaussian1Sigma}"
#   meta:
#     ucd: stat.error
# - 
#   name: geom_model_gaussian1_depth
#   datatype: float32
#   unit: mag
#   description: Magnitude depth of Gaussian 1 component
#   meta:
#     ucd: src.var.amplitude
# - 
#   name: geom_model_gaussian1_depth_error
#   datatype: float32
#   unit: mag
#   description: "Uncertainty of \\texttt{geomModelGaussian1Depth}"
#   meta:
#     ucd: stat.error;src.var.amplitude
# - 
#   name: geom_model_gaussian2_phase
#   datatype: float32
#   description: Phase of Gaussian 2 component
#   meta:
#     ucd: time.phase
# - 
#   name: geom_model_gaussian2_phase_error
#   datatype: float32
#   description: "Uncertainty of \\texttt{geomModelGaussian2Phase}"
#   meta:
#     ucd: stat.error;time.phase
# - 
#   name: geom_model_gaussian2_sigma
#   datatype: float32
[...]
#   datatype: float32
#   description: "Secondary eclipse: uncertainty of \\texttt{derivedSecondaryEclDuration}"
#   meta:
#     ucd: stat.error;time.duration
# - 
#   name: derived_secondary_ecl_depth
#   datatype: float32
#   unit: mag
#   description: "Secondary eclipse: depth"
#   meta:
#     ucd: src.var.amplitude
# - 
#   name: derived_secondary_ecl_depth_error
#   datatype: float32
#   unit: mag
#   description: "Secondary eclipse: uncertainty of \\texttt{derivedSecondaryEclDepth}"
#   meta:
#     ucd: stat.error;src.var.amplitude
solution_id,source_id,global_ranking,reference_time,frequency,frequency_error,geom_model_reference_level,geom_model_reference_level_error,geom_model_gaussian1_phase,geom_model_gaussian1_phase_error,geom_model_gaussian1_sigma,geom_model_gaussian1_sigma_error,geom_model_gaussian1_depth,geom_model_gaussian1_depth_error,geom_model_gaussian2_phase,geom_model_gaussian2_phase_error,geom_model_gaussian2_sigma,geom_model_gaussian2_sigma_error,geom_model_gaussian2_depth,geom_model_gaussian2_depth_error,geom_model_cosine_half_period_amplitude,geom_model_cosine_half_period_amplitude_error,geom_model_cosine_half_period_phase,geom_model_cosine_half_period_phase_error,model_type,num_model_parameters,reduced_chi2,derived_primary_ecl_phase,derived_primary_ecl_phase_error,derived_primary_ecl_duration,derived_primary_ecl_duration_error,derived_primary_ecl_depth,derived_primary_ecl_depth_error,derived_secondary_ecl_phase,derived_secondary_ecl_phase_error,derived_secondary_ecl_duration,derived_secondary_ecl_duration_error,derived_secondary_ecl_depth,derived_secondary_ecl_depth_error
[from data line 376]
375316653866487564,4202991640805207424,0.5061571,2226.2773876150045,0.3089159769609143,1.3539771E-4,18.63598,0.005639549,0.42083937,0.03225763,0.00934923,0.029580444,0.18474184,56.27821,0.71114933,0.11383683,0.05698557,0.05388596,0.082012974,0.18887311,0.005046757,0.0059539075,0.42083937,0.03225763,"TWOGAUSSIANS_WITH_ELLIPSOIDAL_ON_ECLIPSE1",9,1.1287917,0.42083937,0.032251447,0.052355684,0.16565049,0.1948355,56.279144,0.71239936,0.115183935,0.3191192,0.2999632,0.08266596,0.18802236
375316653866487564,4202991739595077504,0.6186055,2232.581000736952,0.8515420509650458,9.631069E-6,15.904908,0.008400415,0.27043557,0.0031345342,0.10687429,0.007757261,0.110168375,0.00822989,0.7724346,0.002233022,0.10332977,0.0052440013,0.14389478,0.008623757,null,null,null,null,"TWOGAUSSIANS",8,3.0589128,0.7724346,0.002233022,0.4,0.0,0.1294259,0.004046744,0.27043557,0.0031345342,0.4,0.0,0.09569798,0.0029690184
375316653866487564,4202991881324339840,0.4590434,2227.385147466902,0.05452241137395445,2.1522892E-5,18.912441,0.020798778,0.20024087,0.0049328436,0.05973516,0.008619587,0.18206093,0.020862138,0.71419615,0.0026178292,0.032533858,0.007186011,0.88938355,1.657009,null,null,null,null,"TWOGAUSSIANS",8,3.0415351,0.71419615,0.0026178292,0.1821896,0.040241662,0.8893835,1.6570094,0.20024087,0.0049328436,0.3345169,0.048269685,0.18206082,0.020861285
375316653866487564,4202991984403478912,0.49136078,2214.2433569616155,0.5191861386992925,4.116189E-5,19.234358,0.006556353,0.26339483,0.007997352,0.068446025,0.0092393,0.17327438,0.04438158,0.72301203,0.02759581,0.058962855,0.023195824,0.11902287,0.013599178,null,null,null,null,"TWOGAUSSIANS",8,0.84659946,0.26339483,0.007997352,0.38329774,0.041037995,0.17323835,0.044417515,0.72301203,0.02759581,0.33019197,0.09343434,0.11898683,0.013648531
375316653866487564,4202992083221424640,0.5336477,2180.278451737466,2.9366579575630465,1.3728914E-5,18.933308,0.017214673,0.25932616,0.0034874752,0.07518057,0.005393499,0.5167549,0.029906556,0.7592582,0.009799815,0.06908985,0.0073767984,0.5088842,0.06701431,null,null,null,null,"TWOGAUSSIANS",8,5.614827,0.25932616,0.0034874752,0.4,0.0,0.5142319,0.029972631,0.7592582,0.009799815,0.38690317,0.03046605,0.5063612,0.06679626
375316653866487564,4202992087482897792,0.521151,2184.333437713292,3.3850298612787335,1.9017147E-5,19.751554,0.006623885,null,null,null,null,null,null,null,null,null,null,null,null,0.17276712,0.00864252,0.2668082,0.004731807,"ELLIPSOIDAL",4,1.3763474,null,null,null,null,null,null,null,null,null,null,null,null
375316653866487564,4202992225000358784,0.45440823,2246.972747383394,0.022899994809898377,2.1187809E-5,17.796082,0.022334414,0.42872947,0.0419724,0.17820199,0.04467087,0.12828556,0.027771797,0.7528291,0.004142829,0.06094507,0.009461077,0.3309939,0.04848375,null,null,null,null,"TWOGAUSSIANS",8,11.4502535,0.7528291,0.004142829,0.34129238,0.05298203,0.34913424,0.052595653,0.42873946,0.041981917,0.4,0.0,0.1217877,0.024368271
375316653866487564,4202992465440518912,0.5003562,2255.3967999959377,3.5392753645277075,6.4536034E-5,19.235723,0.006107797,0.17918605,0.025636321,0.02595237,0.01985828,0.26728857,106.229195,0.7096795,0.0035393427,0.04681667,0.021124272,0.058672074,1.339344,0.13379382,0.027380915,0.7096795,0.0035393427,"TWOGAUSSIANS_WITH_ELLIPSOIDAL_ON_ECLIPSE2",9,11.13116,0.18069604,0.026919832,0.14533328,0.11120637,0.52564716,106.22371,0.7096795,0.0035393427,0.26217335,0.11829592,0.32625914,1.333586
375316653866487564,4202992637238740480,0.5667972,2166.3997695855373,3.0438102723392158,5.7833968E-5,19.66143,0.01834534,0.42289358,0.005189485,0.057807833,0.0058930935,0.33456925,0.020721162,0.9030677,0.010064562,0.06983051,0.021382784,0.41466305,0.037254307,null,null,null,null,"TWOGAUSSIANS",8,1.4255613,0.9030677,0.010064562,0.39105085,0.0464833,0.4144755,0.037280433,0.42289358,0.005189485,0.32372385,0.033001322,0.3343817,0.019749956
375316653866487564,4202993083916092928,0.48533255,2247.149794891241,0.7238878986875522,8.196944E-5,18.222076,0.007086215,0.3567442,0.01226707,0.06835914,0.009489077,0.48710102,0.1573095,null,null,null,null,null,null,null,null,null,null,"ONEGAUSSIAN",5,13.5192795,0.3567442,0.01226707,0.38281116,0.031829488,0.48710102,0.0,null,null,null,null,null,null
375316653866487564,4202993186991373184,0.5314741,2169.7892735790756,0.13775296856247468,1.6256867E-4,18.798468,0.03065332,0.1753479,0.021083891,0.08622013,0.026572784,0.22885998,0.056273893,0.5202943,0.015900062,0.06480074,0.0704529,0.5688836,0.47652206,null,null,null,null,"TWOGAUSSIANS",8,3.8343382,0.5202943,0.015900062,0.36288413,0.07028452,0.56890565,0.4806318,0.1753479,0.019613095,0.4,0.0,0.22880588,0.05693992
375316653866487564,4202993187073412864,0.6050818,2241.3665754778012,2.3351516668099253,1.032299E-5,16.901627,0.0033763915,0.2952695,0.0027757038,0.038568005,0.012149581,0.03600521,0.009707545,0.73562056,0.019481676,0.061552323,0.016550317,0.08945305,0.022218527,0.078123115,0.0052276906,0.2952695,0.0027757038,"TWOGAUSSIANS_WITH_ELLIPSOIDAL_ON_ECLIPSE1",9,2.8509874,0.7563106,0.011390572,0.344693,0.09268178,0.23160844,0.021051643,0.2952695,0.0027757038,0.21598083,0.06803765,0.19225085,0.0067420616
375316653866487564,4202993217063570048,0.706155,2216.8254555726476,0.3202697869501703,1.3471174E-4,16.024101,0.00145731,0.2339677,8.031427E-4,0.02225391,5.1769306E-4,0.53206706,0.013546098,0.01544606,0.0140076615,0.0665835,0.013804145,0.021251092,0.008845622,null,null,null,null,"TWOGAUSSIANS",8,3.5578187,0.2339677,7.965474E-4,0.1246219,0.002899081,0.53216445,0.013652326,0.01544606,0.0140076615,0.37286758,0.077303216,0.021251092,0.008845622
375316653866487564,4202993255792896000,0.49801776,2211.125173995283,0.24419390946349775,1.9836305E-5,18.221167,0.0048058988,0.56877244,0.0066410806,0.0153271565,0.006950223,0.036441118,0.0035644306,0.845606,0.058487594,0.03709351,0.057342548,0.33528954,0.27976906,null,null,null,null,"TWOGAUSSIANS",8,1.3501109,0.845606,0.058487594,0.20772365,0.18242179,0.33528954,0.27976927,0.56877244,0.006543853,0.085832074,0.03892125,0.036441118,0.0046119792
375316653866487564,4202993388884362496,0.6842233,2265.6992775814033,2.2422555689192376,9.205295E-6,14.753801,0.005309976,0.27333996,0.0058236895,0.09757745,0.0101186205,0.25903696,0.038084283,0.7688399,0.0016068184,0.08472141,0.0023414616,0.37118497,0.0056021158,null,null,null,null,"TWOGAUSSIANS",8,15.899388,0.7688399,0.0016068184,0.4,0.0,0.3579778,0.004420377,0.27333996,0.0058236895,0.4,0.0,0.24582875,0.041050438
375316653866487564,4202993668037606272,0.47574377,2191.0198089201313,0.07926648506571699,1.1848262E-4,19.361307,0.033642445,0.2406145,0.05514924,0.10628896,0.063593924,0.1623212,0.5673273,0.71244645,0.0137559725,0.10824961,0.032074008,0.21829824,0.02245701,null,null,null,null,"TWOGAUSSIANS",8,2.4087234,0.71244645,0.0137559725,0.4,0.0,0.20013598,0.032515675,0.2406545,0.05519821,0.4,0.11110126,0.14416753,0.57917523
375316653866487564,4202993942915113600,0.5590149,2241.7474690124313,3.3345463357503973,2.061331E-5,19.309238,0.018977277,0.30693108,0.007238917,0.088281944,0.009739284,0.40741786,0.026703801,0.7718175,0.012498308,0.08509608,0.01192217,0.4710676,0.060935885,null,null,null,null,"TWOGAUSSIANS",8,1.7899721,0.7718175,0.012498308,0.4,0.0,0.4635995,0.06272435,0.30693108,0.007238917,0.4,0.0,0.3999495,0.026794516
375316653866487564,4202993977275181312,0.6371514,2206.9262749647614,3.6370034847268293,1.1528704E-5,18.48301,0.008508401,0.2401456,0.0068349843,0.07104083,0.0061301724,0.5514516,0.032025635,0.7434113,0.023983309,0.06213869,0.013587947,0.76335526,0.14332423,null,null,null,null,"TWOGAUSSIANS",8,2.8454905,0.7434113,0.023983309,0.34797668,0.076092504,0.76234174,0.1421308,0.2401456,0.0068349843,0.39782867,0.013023435,0.5504381,0.03193665
375316653866487564,4202994011634880896,0.47992337,2243.7595069815625,1.659482383575119,2.0791756E-4,18.88021,0.12312787,0.26208863,0.057695422,0.046630364,0.036835894,0.08020039,0.047361124,0.5851448,0.06573283,0.21173294,0.12545478,0.21389346,0.114457324,null,null,null,null,"TWOGAUSSIANS",8,2.722097,0.5851448,0.06573283,0.4,0.0,0.1875223,0.024709888,0.27603865,0.049846638,0.26113003,0.14951584,0.12504421,0.0144505175
375316653866487564,4202994561462990208,0.5977223,2212.116974651325,2.399255853382572,1.8226421E-5,16.1849,0.02224923,0.27993032,0.008013721,0.093043424,0.009047063,0.37637904,0.025109306,0.78983307,0.0055284253,0.084185556,0.009232754,0.4334267,0.021688497,null,null,null,null,"TWOGAUSSIANS",8,36.213367,0.78983307,0.0055284253,0.4,0.0,0.42062345,0.015434053,0.27993032,0.008013721,0.4,0.0,0.36357534,0.0147558
375316653866487564,4202994870628910208,0.59610903,2280.580607880363,1.0927129624919671,7.1686304E-6,17.054571,0.021012552,0.24378645,0.00485412,0.09805476,0.023717253,0.19884989,0.04918424,0.74298394,0.0022243,0.09390298,0.009722773,0.16326869,0.019868664,null,null,null,null,"TWOGAUSSIANS",8,1.4909312,0.24378645,0.00485412,0.4,0.0,0.18684527,0.05979629,0.74298394,0.0022243,0.4,0.0,0.15126474,0.0065753693
375316653866487564,4202995386023981952,0.6002122,2215.514452164999,4.484863512556762,9.532444E-5,18.824856,0.0125603,0.28918678,5.2372186E-4,0.04193963,8.1344676E-4,0.9228126,0.01779604,0.8203382,0.009853507,0.09062255,0.032796524,0.07863698,0.04604066,null,null,null,null,"TWOGAUSSIANS",8,2.2173638,0.28918678,5.2372186E-4,0.23486194,0.004555302,0.92271525,0.017614933,0.8203382,0.009853507,0.4,0.0,0.07853952,0.046233315
375316653866487564,4202995519188821376,0.4909362,2235.0885622818473,0.45708512949794894,5.585697E-5,18.689104,0.01037135,0.16011041,0.0045717927,0.060758885,0.018315094,0.331307,0.061312623,0.8274141,0.030563233,0.060517814,0.01778231,0.31991667,0.054261003,null,null,null,null,"TWOGAUSSIANS",8,7.515824,0.16011041,0.0045717927,0.34024975,0.10256452,0.3313069,0.061313,0.8274141,0.030563233,0.33889976,0.099580936,0.3199166,0.054261036
375316653866487564,4202996073292010624,0.63939357,2254.5458434993666,2.137564879392054,8.993027E-6,17.17248,0.006708591,0.26534793,9.4902073E-4,0.08720652,0.0017964358,0.40421942,0.006083412,0.76362014,0.0043742885,0.08966081,0.005046664,0.36187616,0.010000774,null,null,null,null,"TWOGAUSSIANS",8,4.871331,0.26534793,9.4902073E-4,0.4,0.0,0.39055076,0.0039158384,0.76362014,0.0043742885,0.4,0.0,0.34820744,0.009252216
375316653866487564,4202996481239137792,0.55326605,2264.6821683979933,1.3026239351355458,1.2297497E-5,15.154866,0.08756852,0.19950794,0.0060052886,0.12561427,0.047233537,0.071551345,0.077514455,0.694882,0.006588949,0.13557146,0.06470625,0.07252994,0.08532723,null,null,null,null,"TWOGAUSSIANS",8,4.0239725,0.694882,0.006588949,0.4,0.0,0.050311387,0.001701881,0.19962794,0.006138978,0.4,0.0,0.04944298,0.002824139
375316653866487564,4202996897853567616,0.49268946,2271.0780353972086,1.6125381077990648,3.9843755E-5,17.897627,0.029499037,0.3128117,0.04983661,0.059883088,0.12116102,0.095814824,0.038298067,0.68565446,0.0024545796,0.024282003,0.0044874684,0.12139364,0.03269157,0.0347207,0.019058578,0.3128117,0.04983661,"TWOGAUSSIANS_WITH_ELLIPSOIDAL_ON_ECLIPSE1",9,9.11434,0.3128117,0.04983661,0.3353453,0.09233048,0.16524005,0.030144317,0.6877845,0.0016842441,0.1359792,0.025129823,0.15562013,0.0080985855
375316653866487564,4202997859997902592,0.4346594,2157.3381680585912,0.10655854235242422,3.313729E-5,18.828384,0.21404685,0.16218483,0.013697282,0.08272065,0.024503168,0.6192236,0.22526263,0.68175304,0.054791886,0.058956753,0.104667306,0.55762696,3.6927798,null,null,null,null,"TWOGAUSSIANS",8,9.173329,0.16218483,0.013240793,0.4,0.0,0.61781996,0.071774974,0.68175304,0.054801356,0.33015782,0.3532867,0.5562234,3.7052028
375316653866487564,4202997859997908864,0.55483747,2224.480362637631,1.6387723425196807,4.5288147E-5,17.191362,0.004994503,0.25289172,0.029057179,0.08154593,0.02211701,0.039100714,0.009607828,0.7157248,0.0056406404,0.069673866,0.009086132,0.17047851,0.0043996125,null,null,null,null,"TWOGAUSSIANS",8,3.8199325,0.7157248,0.0056406404,0.39017364,0.018810244,0.17020668,0.0042416286,0.25289172,0.029057179,0.4,0.016155118,0.038828883,0.009453233
375316653866487564,4202997928638054912,0.55312127,2219.2210072072307,2.7729354046028387,6.8196305E-6,19.240019,0.009981025,0.30494037,0.0016917586,0.07201865,0.0038920522,0.64539975,0.026815908,0.8071929,0.0013443201,0.06356558,0.001974421,0.6656708,0.01651915,null,null,null,null,"TWOGAUSSIANS",8,2.9595778,0.8071929,0.0013443201,0.35596725,0.011056758,0.6643014,0.016534658,0.30494037,0.0016917586,0.4,0.0077203503,0.64403033,0.027170828
375316653866487564,4202998336665122816,0.60571945,2268.585288897315,1.1458029075277714,1.8224377E-5,17.497068,0.027564384,0.23911096,0.0032053897,0.032382526,0.0032544541,1.3927635,0.19704975,null,null,null,null,null,null,0.059467733,0.033094037,0.23911096,0.0032053897,"ONEGAUSSIAN_WITH_ELLIPSOIDAL",6,43.448345,0.23911096,0.0032053897,0.18134215,0.018224943,1.511699,0.19957604,null,null,null,null,null,null
375316653866487564,4202998375323103744,0.55775285,2209.0917411897535,2.3410105997677313,2.4866264E-5,19.02465,0.02199814,0.32217997,0.013928176,0.06485382,0.0152983675,0.81632,0.11760852,0.8237441,0.008714541,0.058330644,0.006080443,0.5349756,0.028779808,null,null,null,null,"TWOGAUSSIANS",8,6.674382,0.32217997,0.013928176,0.36318135,0.070241876,0.81598496,0.11779786,0.8237441,0.008714541,0.3266516,0.03405048,0.53464055,0.02815255
375316653866487564,4202998409682912384,0.5315885,2231.8843538505826,1.154697699093025,2.5712046E-5,19.777637,0.008386473,0.33591133,0.021827115,0.030618735,0.0060065323,1.2352314,1.1251146,0.7558992,0.03751063,0.06225139,0.036436,0.18270902,7.991923,null,null,null,null,"TWOGAUSSIANS",8,1.7239468,0.33591133,0.021827115,0.1714649,0.03363658,1.2352314,1.1251144,0.7558992,0.03751063,0.34860778,0.20404159,0.18270902,7.991923
375316653866487564,4202998444113827584,0.4822495,2243.0028442577463,0.04279817024942301,2.4036983E-5,18.140942,0.0252989,0.21466479,0.051216744,0.06067595,0.03149518,0.13966024,0.028629621,0.7941679,0.007763217,0.10868738,0.012196814,0.34294057,0.03968838,null,null,null,null,"TWOGAUSSIANS",8,4.254951,0.7941679,0.007763217,0.4,0.0,0.3415728,0.039024755,0.21448478,0.05130442,0.3397853,0.176373,0.138486,0.027110158
375316653866487564,4202998680283150592,0.5526665,2313.407066797546,3.158638,1.4652563E-5,18.575212,0.0014083526,0.21746758,5.753815E-4,0.0077614216,6.0555444E-4,0.40877473,0.034247253,0.64428294,0.0012145274,0.015982203,7.564307E-4,0.041816182,0.004212374,2.9928367E-7,0.004895595,0.21746758,5.753815E-4,"TWOGAUSSIANS_WITH_ELLIPSOIDAL_ON_ECLIPSE1",9,1.3814862,0.21746758,5.753815E-4,0.04346396,0.0033911048,0.40877533,0.043955777,0.64428294,9.043448E-4,0.089500345,0.0042360118,0.041816663,0.0037983537
375316653866487564,4202998890711339648,0.66832095,2196.2244846879976,2.8201387154859474,3.213654E-6,17.80289,0.0048352173,0.23724541,0.0028135218,0.07711384,0.002715473,0.3461933,0.012293396,0.74178684,0.0029731966,0.07330843,0.0027720532,0.45505258,0.006537385,null,null,null,null,"TWOGAUSSIANS",8,1.797742,0.74178684,0.0029731966,0.4,0.0,0.45220423,0.005722679,0.23724541,0.0028135218,0.4,0.0,0.343345,0.011920371
375316653866487564,4202998989502515840,0.68816537,2239.4960110490124,3.126433637190845,1.3359373E-5,17.621132,0.0101486,0.19663025,0.002042995,0.04467433,0.004443685,0.24683185,0.023806911,0.68216413,0.004353018,0.054640647,0.004410509,0.3859976,0.02362811,0.11568414,0.013391477,0.19663025,0.002042995,"TWOGAUSSIANS_WITH_ELLIPSOIDAL_ON_ECLIPSE1",9,2.5149548,0.6839541,0.0036917313,0.30598763,0.02469885,0.6156902,0.011012164,0.19663025,0.002042995,0.25017625,0.024884636,0.47819608,0.011625092
