Gaia/vari_eclipsing_binary/VariEclipsingBinary_684535-684615.csv
# %ECSV 1.0
# ---
# delimiter: ','
# meta: !!omap
# - RELEASE: Gaia DR3
# - TABLE: vari_eclipsing_binary
# - DESCRIPTION: >
#     This table describes the properties of the eclipsing binaries resulting from the variability analysis. 
# - CITATION: >
#     How to cite and acknowledge Gaia: 
#     https://gea.esac.esa.int/archive/documentation/credits.html 
# - KNOWN_ISSUES: >
#     Known issues: 
#     https://www.cosmos.esa.int/web/gaia-users/known-issues 
# - DOCUMENTATION: >
#     Tutorials and documentation: 
#     https://www.cosmos.esa.int/web/gaia-users/archive 
# datatype:
# - 
#   name: solution_id
#   datatype: int64
#   description: Solution Identifier
#   meta:
#     ucd: meta.version
# - 
#   name: source_id
#   datatype: int64
#   description: Unique source identifier
#   meta:
#     ucd: meta.id;meta.main
# - 
#   name: global_ranking
#   datatype: float32
#   description: Number between 0 (worst) and 1 (best)
#   meta:
#     ucd: stat.param
# - 
#   name: reference_time
#   datatype: float64
#   unit: d
#   description: Reference time used for the geometric model fit
#   meta:
#     ucd: time.epoch
# - 
#   name: frequency
#   datatype: float64
#   unit: d**-1
#   description: Frequency of geometric model of the eclipsing binary light curve
#   meta:
#     ucd: src.orbital
# - 
#   name: frequency_error
#   datatype: float32
#   unit: d**-1
#   description: "Uncertainty of \\texttt{frequency}"
#   meta:
#     ucd: stat.error
# - 
#   name: geom_model_reference_level
#   datatype: float32
#   unit: mag
#   description: Magnitude reference level of geometric model
#   meta:
#     ucd: phot.mag;em.opt
# - 
#   name: geom_model_reference_level_error
#   datatype: float32
#   unit: mag
#   description: "Uncertainty of \\texttt{geomModelReferenceLevel}"
#   meta:
#     ucd: stat.error;phot.mag;em.opt
# - 
#   name: geom_model_gaussian1_phase
#   datatype: float32
#   description: Phase of the Gaussian 1 component
#   meta:
#     ucd: time.phase
# - 
#   name: geom_model_gaussian1_phase_error
#   datatype: float32
#   description: "Uncertainty of \\texttt{geomModelGaussian1Phase}"
#   meta:
#     ucd: stat.error;time.phase
# - 
#   name: geom_model_gaussian1_sigma
#   datatype: float32
#   description: "Standard deviation [phase] of Gaussian 1 component"
#   meta:
#     ucd: stat.stdev
# - 
#   name: geom_model_gaussian1_sigma_error
#   datatype: float32
#   description: "Uncertainty of \\texttt{geomModelGaussian1Sigma}"
#   meta:
#     ucd: stat.error
# - 
#   name: geom_model_gaussian1_depth
#   datatype: float32
#   unit: mag
#   description: Magnitude depth of Gaussian 1 component
#   meta:
#     ucd: src.var.amplitude
# - 
#   name: geom_model_gaussian1_depth_error
#   datatype: float32
#   unit: mag
#   description: "Uncertainty of \\texttt{geomModelGaussian1Depth}"
#   meta:
#     ucd: stat.error;src.var.amplitude
# - 
#   name: geom_model_gaussian2_phase
#   datatype: float32
#   description: Phase of Gaussian 2 component
#   meta:
#     ucd: time.phase
# - 
#   name: geom_model_gaussian2_phase_error
#   datatype: float32
#   description: "Uncertainty of \\texttt{geomModelGaussian2Phase}"
#   meta:
#     ucd: stat.error;time.phase
# - 
#   name: geom_model_gaussian2_sigma
#   datatype: float32
[...]
#   datatype: float32
#   description: "Secondary eclipse: uncertainty of \\texttt{derivedSecondaryEclDuration}"
#   meta:
#     ucd: stat.error;time.duration
# - 
#   name: derived_secondary_ecl_depth
#   datatype: float32
#   unit: mag
#   description: "Secondary eclipse: depth"
#   meta:
#     ucd: src.var.amplitude
# - 
#   name: derived_secondary_ecl_depth_error
#   datatype: float32
#   unit: mag
#   description: "Secondary eclipse: uncertainty of \\texttt{derivedSecondaryEclDepth}"
#   meta:
#     ucd: stat.error;src.var.amplitude
solution_id,source_id,global_ranking,reference_time,frequency,frequency_error,geom_model_reference_level,geom_model_reference_level_error,geom_model_gaussian1_phase,geom_model_gaussian1_phase_error,geom_model_gaussian1_sigma,geom_model_gaussian1_sigma_error,geom_model_gaussian1_depth,geom_model_gaussian1_depth_error,geom_model_gaussian2_phase,geom_model_gaussian2_phase_error,geom_model_gaussian2_sigma,geom_model_gaussian2_sigma_error,geom_model_gaussian2_depth,geom_model_gaussian2_depth_error,geom_model_cosine_half_period_amplitude,geom_model_cosine_half_period_amplitude_error,geom_model_cosine_half_period_phase,geom_model_cosine_half_period_phase_error,model_type,num_model_parameters,reduced_chi2,derived_primary_ecl_phase,derived_primary_ecl_phase_error,derived_primary_ecl_duration,derived_primary_ecl_duration_error,derived_primary_ecl_depth,derived_primary_ecl_depth_error,derived_secondary_ecl_phase,derived_secondary_ecl_phase_error,derived_secondary_ecl_duration,derived_secondary_ecl_duration_error,derived_secondary_ecl_depth,derived_secondary_ecl_depth_error
[from data line 76]
375316653866487564,6021290750250849920,0.65377235,2237.4690776869493,2.006217038123842,5.624591E-6,15.806114,0.0055085323,0.26678327,8.941448E-4,0.07964242,0.0017038354,0.38084772,0.0054425164,0.7777283,0.0038029915,0.08712566,0.0048741046,0.1742333,0.0065618893,null,null,null,null,"TWOGAUSSIANS",8,8.261952,0.26678327,8.941448E-4,0.4,0.0,0.37626898,0.0046141543,0.7777283,0.0038029915,0.4,0.0,0.16965453,0.0054054023
375316653866487564,6021291506153186048,0.5194666,2267.5024407015458,2.693205804272515,1.797288E-5,19.214615,0.07771852,0.32803094,0.0073450943,0.12242194,0.027002936,0.3053107,0.076340444,0.81226224,0.004401138,0.11116906,0.020319438,0.3140626,0.068835475,null,null,null,null,"TWOGAUSSIANS",8,1.3205535,0.81226224,0.004401138,0.4,0.0,0.26024595,0.018313996,0.32806095,0.0073090573,0.4,0.0,0.25135955,0.00948684
375316653866487564,6021292949263583488,0.4614222,2249.758715674431,3.6049706631142775,4.0494786E-5,19.338362,0.030093009,0.21313709,0.021360276,0.08831755,0.04403586,0.10779652,0.029139109,0.69818807,0.006016568,0.083640315,0.01486863,0.18390206,0.02849755,null,null,null,null,"TWOGAUSSIANS",8,2.0379336,0.69818807,0.006016568,0.4,0.0,0.1807642,0.018196136,0.21313709,0.021360276,0.4,0.0,0.104658626,0.015988437
375316653866487564,6021293357270595456,0.52306545,2222.101445760473,1.9007503561417605,2.0790249E-6,19.353006,0.0053589414,0.3480673,7.9534504E-5,0.0056045386,9.655685E-5,0.63245064,0.0054548914,null,null,null,null,null,null,null,null,null,null,"ONEGAUSSIAN",5,2.4115634,0.3480673,7.9534504E-5,0.031385418,5.407183E-4,0.63245064,0.0,null,null,null,null,null,null
375316653866487564,6021293464658239360,0.56613785,2258.1530089012276,2.042444698726258,1.3918254E-5,19.489943,0.011525449,0.29511607,0.0052599926,0.070662744,0.0058859983,0.4967607,0.022031546,0.79845524,0.00406029,0.074377194,0.0046345494,0.4573302,0.01709731,null,null,null,null,"TWOGAUSSIANS",8,1.5191847,0.29511607,0.0052599926,0.39571136,0.022899322,0.49445182,0.022228928,0.79845524,0.00406029,0.4,0.0,0.45502132,0.016647844
375316653866487564,6021293602097230592,0.47876173,2242.1668217251176,2.3925270364361206,3.7200876E-5,18.940899,0.088262185,0.24319439,0.0085805645,0.10725362,0.027861476,0.30218905,0.08816611,0.742434,0.0046036895,0.109941944,0.025077542,0.29407084,0.08095584,null,null,null,null,"TWOGAUSSIANS",8,4.599923,0.24319439,0.008642205,0.4,0.0,0.2604264,0.01903024,0.742434,0.0046019447,0.4,0.0,0.25230077,0.017910615
375316653866487564,6021294117493481728,0.5209915,2249.9578371617417,2.5256745555251894,4.0697083E-5,19.159382,0.014446635,0.33205357,0.017309735,0.08905301,0.024479145,0.12501615,0.01356056,0.8176667,0.0035895482,0.082013294,0.005683519,0.34442714,0.015573236,null,null,null,null,"TWOGAUSSIANS",8,1.6419277,0.8176667,0.0035895482,0.4,0.0,0.34008965,0.013461373,0.33205357,0.017309735,0.4,0.0,0.120678626,0.01100045
375316653866487564,6021294873409056384,0.50748384,2230.345435619133,2.5317230203879237,2.5813739E-5,19.882576,0.0043811523,0.18871863,0.010789227,0.029709864,0.009249377,0.05409418,0.008012738,0.5787806,9.1166236E-4,0.0049003977,6.408619E-4,0.58203906,0.2570647,null,null,null,null,"TWOGAUSSIANS",8,0.726751,0.5787806,9.1166236E-4,0.027442228,0.0035888269,0.58203906,0.2570647,0.18871863,0.010789227,0.16637523,0.051796515,0.05409418,0.008012738
375316653866487564,6021295594974066944,0.54720753,2135.44510588472,0.4282498208407206,5.9816244E-5,17.04653,0.006921075,0.19464657,0.004400738,0.047822464,0.0063593653,0.08119625,0.00865821,0.7188143,0.031240255,0.04299805,0.07022065,0.29234013,0.22576651,null,null,null,null,"TWOGAUSSIANS",8,5.933788,0.7188143,0.031240255,0.24078907,0.16142528,0.2923401,0.2271178,0.19464657,0.004400738,0.26780578,0.035612445,0.08119623,0.007992881
375316653866487564,6021295762447340544,0.517458,2172.8790361626966,3.121919097645979,1.8467044E-5,18.254562,0.017028512,0.1753778,0.0053687,0.08636976,0.016064953,0.15921682,0.013911082,0.68058836,0.008209339,0.09630932,0.014575591,0.14688851,0.01654458,null,null,null,null,"TWOGAUSSIANS",8,2.6575754,0.1753778,0.0053687,0.4,0.0,0.15256691,0.014618722,0.68058836,0.008209339,0.4,0.0,0.1402382,0.011657442
375316653866487564,6021296728832536064,0.5448365,2163.184701807789,3.3188809024549006,9.49042E-6,18.938957,0.02478552,0.2552552,0.006467482,0.042398155,0.017013578,0.2923716,0.25035495,0.75857145,0.0031390295,0.050752264,0.00599241,0.44412425,0.060940087,0.12099439,0.03531968,0.2552552,0.006467482,"TWOGAUSSIANS_WITH_ELLIPSOIDAL_ON_ECLIPSE1",9,7.846144,0.75857145,0.0030746828,0.28421268,0.033557493,0.6860056,0.04280722,0.2552552,0.006467482,0.23742966,0.095276035,0.534358,0.259489
375316653866487564,6021297003723385216,0.52569413,2142.2347763870885,0.03981001389781151,3.4340992E-5,18.97187,0.008963778,0.03693334,0.012569506,0.03967588,0.015259575,0.15734689,0.00961829,0.43861884,0.0072801635,0.14024703,0.00777293,0.5186383,0.04801921,null,null,null,null,"TWOGAUSSIANS",8,3.313294,0.43861884,0.0072801635,0.4,0.0,0.5156005,0.04930043,0.038733337,0.0138020655,0.22218493,0.08545362,0.16310398,0.009949678
375316653866487564,6021297068114382720,0.67189103,2134.414203588384,2.2707842657097874,4.029873E-6,17.194038,0.021398462,0.21342677,0.0010417666,0.04517736,0.008116027,0.39708367,0.060364705,0.71677125,0.0042682844,0.059216306,0.0057358295,0.563671,0.043391082,0.08400146,0.022789083,0.21342677,0.0010417666,"TWOGAUSSIANS_WITH_ELLIPSOIDAL_ON_ECLIPSE1",9,6.629021,0.71677125,0.0042682844,0.3316113,0.032120645,0.73153967,0.022343919,0.21342677,0.0010417666,0.2529932,0.045449752,0.5650266,0.09541055
375316653866487564,6021297377351979776,0.54299825,2199.651817711154,2.9320056263299725,1.935219E-5,18.457716,0.027354436,0.2280801,0.005855682,0.04740183,0.010031182,0.42106652,0.103474036,0.7223438,0.028946785,0.043948203,0.021445183,0.41572967,0.10487078,0.12212113,0.033499368,0.2280801,0.005855682,"TWOGAUSSIANS_WITH_ELLIPSOIDAL_ON_ECLIPSE1",9,20.969261,0.2280801,0.005855682,0.26545024,0.05617462,0.6653083,0.09350866,0.7228138,0.028170522,0.24610995,0.120093025,0.65968037,0.12117699
375316653866487564,6021297583510446976,0.4485221,2170.320453052741,2.1374950051147925,2.5993477E-5,19.2196,0.006952228,null,null,null,null,null,null,null,null,null,null,null,null,0.073857814,0.009145104,0.21681076,0.010137223,"ELLIPSOIDAL",4,3.9072366,null,null,null,null,null,null,null,null,null,null,null,null
375316653866487564,6021300680202673792,0.5133424,2157.7669502445633,2.2813313857438895,1.8686009E-5,19.599628,0.021902954,0.2976009,0.0075919465,0.08765718,0.009861748,0.27292478,0.027983284,0.7972245,0.004296508,0.08719216,0.010815744,0.34497148,0.024135143,null,null,null,null,"TWOGAUSSIANS",8,1.5641373,0.7972245,0.004296508,0.4,0.0,0.33476177,0.026044592,0.2976009,0.0075919465,0.4,0.0,0.26271507,0.023649476
375316653866487564,6021301642275481728,0.4893834,2193.648665986783,3.296131726188239,4.839345E-5,19.580048,0.026226088,0.26267138,0.009763813,0.082262576,0.014912426,0.3223561,0.036860555,0.7477808,0.0152845755,0.09280327,0.014443376,0.28554434,0.03789346,null,null,null,null,"TWOGAUSSIANS",8,2.4640076,0.26267138,0.009763813,0.4,0.0,0.31437832,0.036148645,0.7477808,0.0152845755,0.4,0.0,0.2775662,0.03213895
375316653866487564,6021305284420362624,0.68222433,2173.3839460107883,2.843819603776711,5.0641966E-6,17.134224,0.01572444,0.23262925,0.0017382974,0.0563218,0.0032398114,0.44498193,0.03458385,0.7389488,0.006444161,0.05362782,0.0058981944,0.41576228,0.048547164,0.0772597,0.017936097,0.23262925,0.0017382974,"TWOGAUSSIANS_WITH_ELLIPSOIDAL_ON_ECLIPSE1",9,2.372983,0.23262925,0.0017382974,0.3154021,0.018142944,0.599473,0.011287053,0.7389488,0.006444161,0.3003158,0.033029888,0.5700098,0.039038002
375316653866487564,6021305731097329408,0.45750123,2220.617413511449,1.8889562894732659,3.9856906E-5,15.645851,0.0042927368,0.36244166,0.01801294,0.05797879,0.022191951,0.053693544,0.013402303,0.73040956,0.009431939,0.06943152,0.021815537,0.08740228,0.020306708,0.024494968,0.0073537715,0.73040956,0.009431939,"TWOGAUSSIANS_WITH_ELLIPSOIDAL_ON_ECLIPSE2",9,115.57822,0.73040956,0.009431939,0.38881654,0.06802793,0.13626419,0.019838344,0.34224167,0.016068421,0.32468122,0.12427493,0.078933425,0.014885543
375316653866487564,6021308509906633344,0.57916296,2198.028182660475,2.10298931075538,1.7062135E-5,18.323633,0.011570958,0.2789261,0.0056341584,0.082559936,0.0075374423,0.42003974,0.03270051,0.78204006,0.0029684256,0.08870399,0.0061970362,0.32202074,0.019062258,null,null,null,null,"TWOGAUSSIANS",8,2.865586,0.2789261,0.0056341584,0.4,0.0,0.410277,0.035390086,0.78204006,0.0029684256,0.4,0.0,0.31225798,0.019633297
375316653866487564,6021310129143974400,0.6135075,2233.1543822119306,3.0515211357138745,1.457877E-5,18.479647,0.010186877,0.24941415,0.005851492,0.07989846,0.006337239,0.50107247,0.017388,0.75610614,0.0027398635,0.0756631,0.0038339137,0.42547417,0.011251305,null,null,null,null,"TWOGAUSSIANS",8,3.4125378,0.24941415,0.005851492,0.4,0.0,0.4964757,0.015232029,0.75610614,0.0027398635,0.4,0.0,0.4208774,0.0091499975
375316653866487564,6021314389733289472,0.5139062,2062.251766134472,1.806478825390094,1.2863528E-5,16.340643,0.08840002,0.26203728,0.00518861,0.19103651,0.03309312,0.72457767,0.18213488,0.7531131,0.006392429,0.23262517,0.049087256,0.8735309,0.11431997,null,null,null,null,"TWOGAUSSIANS",8,4.4352036,0.7531131,0.006392429,0.4,0.0,0.1377398,0.0042678807,0.27460727,0.003728264,0.4,0.0,0.11569571,0.0028109315
375316653866487564,6021316275212064512,0.48798817,2051.9118344566227,4.1004067848003025,1.0611424E-5,18.347395,0.20336415,0.33780235,0.013767012,0.2334972,0.15420832,0.17093697,0.19902267,0.81131864,0.0046075108,0.081654444,0.01141603,0.26281226,0.045861356,null,null,null,null,"TWOGAUSSIANS",8,4.8370714,0.81131864,0.0046075108,0.4,0.0,0.21813856,0.012354187,0.33780235,0.013767012,0.4,0.0,0.0909763,0.013238692
375316653866487564,6021316378291808512,0.49307254,2038.8694602053629,0.718113826005723,4.1916748E-5,19.08592,0.0058030323,0.26705042,0.013619258,0.01946138,0.018339258,0.1296066,0.08628713,0.6848285,0.012792768,0.016628603,0.0102152135,0.39098915,0.14659247,null,null,null,null,"TWOGAUSSIANS",8,3.855947,0.6848285,0.012792768,0.09312017,0.057205196,0.39098915,0.14659247,0.26705042,0.013619258,0.10898373,0.102699846,0.1296066,0.08628713
375316653866487564,6021320162152804096,0.5522542,2072.089630869966,3.8738947428786177,1.172089E-5,19.194462,0.012974072,0.25309345,0.0034965712,0.0798537,0.0045325104,0.55874723,0.031128135,0.7450763,0.0024285351,0.0760562,0.003914439,0.5161689,0.019956844,null,null,null,null,"TWOGAUSSIANS",8,2.3555338,0.25309345,0.0034965712,0.4,0.0,0.5534272,0.031497274,0.7450763,0.0024285351,0.4,0.0,0.51084894,0.01987271
375316653866487564,6021320226582161664,0.4819213,2077.926604578082,1.2863112495355893,1.1404372E-5,19.821716,0.0096657835,0.21366818,0.0036884795,0.034449294,0.007360123,0.36318085,0.059719622,0.71401596,0.007437845,0.0305694,0.005234338,0.2138173,0.018549882,null,null,null,null,"TWOGAUSSIANS",8,2.3010898,0.21366818,0.0036884795,0.19291604,0.04121669,0.36318085,0.059719622,0.71401596,0.007437845,0.17118864,0.029312292,0.2138173,0.018549882
375316653866487564,6021322464255124352,0.5594434,2087.2068775118146,3.171329685373256,8.281267E-6,19.554892,0.009508228,0.24676292,0.0048531117,0.04455107,0.0045333123,0.67140305,0.02995608,0.75505596,0.0023235169,0.057013847,0.0028767984,0.593556,0.04584809,null,null,null,null,"TWOGAUSSIANS",8,2.809073,0.24676292,0.0048531117,0.249486,0.02538655,0.6713985,0.029960696,0.75505596,0.0023235169,0.31927755,0.016110072,0.59355146,0.045850378
375316653866487564,6021322975360399104,0.5021387,2096.5359398792443,2.1849508727000067,9.623111E-6,17.86025,0.018123256,0.21985573,0.00489764,0.11489352,0.01699427,0.12179691,0.016901216,0.73379856,0.0027399883,0.10780121,0.011376738,0.13997233,0.016740115,null,null,null,null,"TWOGAUSSIANS",8,1.9657056,0.73382854,0.0027139396,0.4,0.0,0.12185353,0.005647847,0.21983573,0.0049018143,0.4,0.0,0.10366379,0.0059045814
375316653866487564,6021324010443372544,0.46361876,2052.9901182703584,1.4729298192991325,6.510142E-5,19.504965,0.08783958,0.2703945,0.05950781,0.08874504,0.079575546,0.19571981,0.088541016,0.7435568,0.012756997,0.09155392,0.055805217,0.42924014,0.10192956,null,null,null,null,"TWOGAUSSIANS",8,9.177087,0.7435568,0.012756997,0.4,0.12467841,0.42115563,0.1149531,0.2703945,0.05951129,0.4,0.3015591,0.18763587,0.07878838
375316653866487564,6021325483621777408,0.44629776,2147.3356942852733,3.5633824597225527,1.0521746E-4,18.745293,0.0073974053,0.37560275,0.014978293,0.043286905,0.018030614,0.18306057,0.04460229,0.59239644,0.057460815,0.08656338,0.049134616,0.05076761,0.017293487,null,null,null,null,"TWOGAUSSIANS",8,7.395695,0.37626275,0.015166397,0.24240667,0.10097144,0.18528761,0.042817555,0.59239644,0.057460815,0.4,0.10519186,0.05076826,0.017298106
375316653866487564,6021327446417590400,0.5667298,2077.4029131139464,2.668199826065049,1.1426654E-5,19.648434,0.020617584,0.20789544,0.0038727843,0.08359674,0.0057720435,0.55284685,0.021542396,0.7053804,0.006398533,0.08252462,0.0066418936,0.57411766,0.029111749,null,null,null,null,"TWOGAUSSIANS",8,1.6783525,0.7053804,0.006398533,0.4,0.0,0.5625101,0.025835954,0.20789544,0.0038727843,0.4,0.0,0.54123926,0.017392583
375316653866487564,6021327721311282048,0.5985494,2088.506946803548,0.16240060452317007,2.4159173E-4,18.100725,0.006803327,0.28241026,0.068004005,0.10249361,0.036578882,0.013676023,0.007831854,0.4959279,0.001102055,0.020228717,0.001845293,0.5588521,0.05499645,null,null,null,null,"TWOGAUSSIANS",8,2.6386974,0.4959279,0.001102055,0.11328081,0.0103336405,0.5604135,0.055451736,0.28241026,0.068004005,0.4,0.0,0.013675837,0.007823286
375316653866487564,6021328129321240192,0.43105838,2078.094844943245,0.8503076824226599,8.946781E-5,17.372227,0.012747719,0.24928242,0.007674714,0.0472574,0.013295128,0.15661652,0.028067019,0.7695037,0.027801747,0.077225,0.02190099,0.122517355,0.03988087,null,null,null,null,"TWOGAUSSIANS",8,43.691704,0.24928242,0.007674714,0.26464143,0.07445271,0.15657455,0.028143713,0.7695037,0.027801747,0.4,0.013858292,0.12247538,0.03997541
375316653866487564,6021332669113984256,0.5884837,2061.6507419379177,2.6014496187237377,7.859739E-6,16.879505,0.0076124575,0.2696527,0.0018034652,0.0917545,0.0032958018,0.32301372,0.008833203,0.77079815,0.0033563776,0.08121434,0.0034928673,0.36280468,0.013855796,null,null,null,null,"TWOGAUSSIANS",8,11.630471,0.77079815,0.0033563776,0.4,0.0,0.3525746,0.013303436,0.2696527,0.0018034652,0.4,0.0,0.3127834,0.007988004
375316653866487564,6021333489440426880,0.5512018,2082.661708885716,2.956060301236475,1.1706526E-5,17.787086,0.06700355,0.22284299,0.004508564,0.12322165,0.024956403,0.2515862,0.06420484,0.72253215,0.0031420856,0.11062872,0.01827654,0.26449105,0.06320118,null,null,null,null,"TWOGAUSSIANS",8,4.0868444,0.72253215,0.0031463658,0.4,0.0,0.21249856,0.0071421666,0.22284299,0.004526632,0.4,0.0,0.19947933,0.0063887793
375316653866487564,6021334279714793472,0.5326591,2065.3330459038643,3.1473514882123177,1.5832986E-5,19.486835,0.021575114,0.26526618,0.0052819536,0.10018973,0.01057226,0.28654882,0.020372227,0.7696102,0.0050173937,0.09979812,0.014503595,0.24436544,0.015842766,null,null,null,null,"TWOGAUSSIANS",8,0.91127324,0.26526618,0.0052819536,0.4,0.0,0.26454926,0.009834371,0.7696102,0.0050173937,0.4,0.0,0.2223664,0.013915302
