Gaia/vari_eclipsing_binary/VariEclipsingBinary_476161-476367.csv
# %ECSV 1.0
# ---
# delimiter: ','
# meta: !!omap
# - RELEASE: Gaia DR3
# - TABLE: vari_eclipsing_binary
# - DESCRIPTION: >
#     This table describes the properties of the eclipsing binaries resulting from the variability analysis. 
# - CITATION: >
#     How to cite and acknowledge Gaia: 
#     https://gea.esac.esa.int/archive/documentation/credits.html 
# - KNOWN_ISSUES: >
#     Known issues: 
#     https://www.cosmos.esa.int/web/gaia-users/known-issues 
# - DOCUMENTATION: >
#     Tutorials and documentation: 
#     https://www.cosmos.esa.int/web/gaia-users/archive 
# datatype:
# - 
#   name: solution_id
#   datatype: int64
#   description: Solution Identifier
#   meta:
#     ucd: meta.version
# - 
#   name: source_id
#   datatype: int64
#   description: Unique source identifier
#   meta:
#     ucd: meta.id;meta.main
# - 
#   name: global_ranking
#   datatype: float32
#   description: Number between 0 (worst) and 1 (best)
#   meta:
#     ucd: stat.param
# - 
#   name: reference_time
#   datatype: float64
#   unit: d
#   description: Reference time used for the geometric model fit
#   meta:
#     ucd: time.epoch
# - 
#   name: frequency
#   datatype: float64
#   unit: d**-1
#   description: Frequency of geometric model of the eclipsing binary light curve
#   meta:
#     ucd: src.orbital
# - 
#   name: frequency_error
#   datatype: float32
#   unit: d**-1
#   description: "Uncertainty of \\texttt{frequency}"
#   meta:
#     ucd: stat.error
# - 
#   name: geom_model_reference_level
#   datatype: float32
#   unit: mag
#   description: Magnitude reference level of geometric model
#   meta:
#     ucd: phot.mag;em.opt
# - 
#   name: geom_model_reference_level_error
#   datatype: float32
#   unit: mag
#   description: "Uncertainty of \\texttt{geomModelReferenceLevel}"
#   meta:
#     ucd: stat.error;phot.mag;em.opt
# - 
#   name: geom_model_gaussian1_phase
#   datatype: float32
#   description: Phase of the Gaussian 1 component
#   meta:
#     ucd: time.phase
# - 
#   name: geom_model_gaussian1_phase_error
#   datatype: float32
#   description: "Uncertainty of \\texttt{geomModelGaussian1Phase}"
#   meta:
#     ucd: stat.error;time.phase
# - 
#   name: geom_model_gaussian1_sigma
#   datatype: float32
#   description: "Standard deviation [phase] of Gaussian 1 component"
#   meta:
#     ucd: stat.stdev
# - 
#   name: geom_model_gaussian1_sigma_error
#   datatype: float32
#   description: "Uncertainty of \\texttt{geomModelGaussian1Sigma}"
#   meta:
#     ucd: stat.error
# - 
#   name: geom_model_gaussian1_depth
#   datatype: float32
#   unit: mag
#   description: Magnitude depth of Gaussian 1 component
#   meta:
#     ucd: src.var.amplitude
# - 
#   name: geom_model_gaussian1_depth_error
#   datatype: float32
#   unit: mag
#   description: "Uncertainty of \\texttt{geomModelGaussian1Depth}"
#   meta:
#     ucd: stat.error;src.var.amplitude
# - 
#   name: geom_model_gaussian2_phase
#   datatype: float32
#   description: Phase of Gaussian 2 component
#   meta:
#     ucd: time.phase
# - 
#   name: geom_model_gaussian2_phase_error
#   datatype: float32
#   description: "Uncertainty of \\texttt{geomModelGaussian2Phase}"
#   meta:
#     ucd: stat.error;time.phase
# - 
#   name: geom_model_gaussian2_sigma
#   datatype: float32
[...]
#   datatype: float32
#   description: "Secondary eclipse: uncertainty of \\texttt{derivedSecondaryEclDuration}"
#   meta:
#     ucd: stat.error;time.duration
# - 
#   name: derived_secondary_ecl_depth
#   datatype: float32
#   unit: mag
#   description: "Secondary eclipse: depth"
#   meta:
#     ucd: src.var.amplitude
# - 
#   name: derived_secondary_ecl_depth_error
#   datatype: float32
#   unit: mag
#   description: "Secondary eclipse: uncertainty of \\texttt{derivedSecondaryEclDepth}"
#   meta:
#     ucd: stat.error;src.var.amplitude
solution_id,source_id,global_ranking,reference_time,frequency,frequency_error,geom_model_reference_level,geom_model_reference_level_error,geom_model_gaussian1_phase,geom_model_gaussian1_phase_error,geom_model_gaussian1_sigma,geom_model_gaussian1_sigma_error,geom_model_gaussian1_depth,geom_model_gaussian1_depth_error,geom_model_gaussian2_phase,geom_model_gaussian2_phase_error,geom_model_gaussian2_sigma,geom_model_gaussian2_sigma_error,geom_model_gaussian2_depth,geom_model_gaussian2_depth_error,geom_model_cosine_half_period_amplitude,geom_model_cosine_half_period_amplitude_error,geom_model_cosine_half_period_phase,geom_model_cosine_half_period_phase_error,model_type,num_model_parameters,reduced_chi2,derived_primary_ecl_phase,derived_primary_ecl_phase_error,derived_primary_ecl_duration,derived_primary_ecl_duration_error,derived_primary_ecl_depth,derived_primary_ecl_depth_error,derived_secondary_ecl_phase,derived_secondary_ecl_phase_error,derived_secondary_ecl_duration,derived_secondary_ecl_duration_error,derived_secondary_ecl_depth,derived_secondary_ecl_depth_error
[from data line 72]
375316653866487564,4188683489839387904,0.47689718,1998.8756998024667,0.2665564090680669,1.4377621E-5,13.743379,0.0045228056,0.16751264,0.009189131,0.017763974,0.0036071162,0.58417106,0.34001368,0.33715078,0.025395216,0.06943299,0.034337513,0.07232219,0.011643831,null,null,null,null,"TWOGAUSSIANS",8,91.66353,0.16758265,0.0092169205,0.09947825,0.02019985,0.58783215,0.34168488,0.33715078,0.025395216,0.38882476,0.04946914,0.07232219,0.011644178
375316653866487564,4188683936515979904,0.6161632,2003.5403004079833,2.4584889025497807,3.201131E-6,14.512435,0.010152313,0.24016057,0.002644632,0.043691285,0.003930449,0.4018776,0.022820473,0.73383904,0.0025966968,0.04676986,0.0032899675,0.3018212,0.023946848,0.14646989,0.014176368,0.24016057,0.002644632,"TWOGAUSSIANS_WITH_ELLIPSOIDAL_ON_ECLIPSE1",9,249.60495,0.24016057,0.002644632,0.2446712,0.022010516,0.69481695,0.012097803,0.734749,0.002000949,0.2619112,0.018423818,0.5943648,0.0092840195
375316653866487564,4188690052549502336,0.5544555,1981.3127173176667,3.4965303586374086,1.1056018E-5,17.349764,0.013549135,0.2572982,0.0039181593,0.08711074,0.005990646,0.39832416,0.013826542,0.74566287,0.003123709,0.07810862,0.006963796,0.29656866,0.014013709,null,null,null,null,"TWOGAUSSIANS",8,18.537615,0.2572982,0.0039181593,0.4,0.0,0.39260277,0.012390331,0.74566287,0.003123709,0.4,0.0,0.29084736,0.01454512
375316653866487564,4188706957540906624,0.5825627,2187.1424464034485,0.7692372919399697,6.193025E-5,17.051054,0.0047662742,0.31298152,0.012324762,0.01838768,0.026233975,0.0300475,76.349106,0.71631217,0.065920234,0.059232444,0.05097812,0.30902714,9.6927364E11,0.0072918264,0.00490043,0.71631217,0.065920234,"TWOGAUSSIANS_WITH_ELLIPSOIDAL_ON_ECLIPSE2",9,4.39342,0.71631217,0.065920234,0.33170167,0.2854775,0.32357216,9.6927364E11,0.31202152,0.022228636,0.10297101,0.14691025,0.039883524,76.349686
375316653866487564,4188709770739935488,0.5265559,2179.68509817983,4.088405057890496,2.9249419E-5,19.866812,0.0131297605,0.24720792,0.0046250285,0.07521955,0.008653313,0.5370295,0.04894096,0.72505194,0.009432628,0.07936514,0.009517263,0.48175856,0.05617064,null,null,null,null,"TWOGAUSSIANS",8,1.4934046,0.24720792,0.0046250285,0.4,0.012479327,0.533649,0.050551303,0.72505194,0.009432628,0.4,0.0,0.47837812,0.057466064
375316653866487564,4188714035647040512,0.5261734,2136.688879417158,0.12665157580110561,9.2936534E-5,14.2986145,0.12121001,0.50021124,0.014833788,0.19518164,0.07996653,0.14477073,0.120614685,0.9422912,0.042122364,0.042003307,0.04431004,0.022850731,0.032349087,null,null,null,null,"TWOGAUSSIANS",8,123.55527,0.50021124,0.014833788,0.4,0.0,0.13114047,0.006874629,0.9422912,0.042122364,0.23521852,0.17335995,0.022789614,0.008546168
375316653866487564,4188717467321223808,0.45864174,2222.877289437505,3.1744159432168,4.3608194E-5,18.592161,0.010807455,0.2499581,0.0811099,0.06931804,0.0600653,0.14421953,0.14833292,0.746685,0.013152729,0.055994023,0.02099932,0.11901939,0.022545017,null,null,null,null,"TWOGAUSSIANS",8,3.495708,0.2499581,0.0811099,0.38818103,0.2607957,0.14413676,0.14842261,0.746685,0.013151634,0.31356654,0.117596194,0.11893662,0.022460004
375316653866487564,4188721968447236736,0.56372577,2252.266692054959,3.4693036629818765,1.0900578E-5,18.594046,0.013136043,0.24926357,0.006464666,0.0746376,0.0066218646,0.4016763,0.01930653,0.74582636,0.008857577,0.064052984,0.008050021,0.33164707,0.020825956,null,null,null,null,"TWOGAUSSIANS",8,5.5490847,0.24926357,0.006464666,0.4,0.0,0.40066704,0.019495513,0.74582636,0.008857577,0.35869673,0.045080114,0.33063784,0.020441433
375316653866487564,4188724721520703232,0.5164806,2239.1666102901913,2.8406913139915866,1.6616725E-5,18.141743,0.023733195,0.18081027,0.004278605,0.09110107,0.012357657,0.26949078,0.01926699,0.69227135,0.010187367,0.097664215,0.014403942,0.22321828,0.026226465,null,null,null,null,"TWOGAUSSIANS",8,5.761742,0.18081027,0.004278605,0.4,0.0,0.25706768,0.016704025,0.69227135,0.010187367,0.4,0.0,0.21079428,0.019317066
375316653866487564,4188725988536765184,0.5477391,2221.8862618281373,2.091044939165147,3.1258434E-5,19.258068,0.01236431,0.10229146,0.004655467,0.058395643,0.0056154514,0.5735369,0.040931895,0.6153452,0.00980229,0.073597714,0.015726114,0.49871773,0.13184953,null,null,null,null,"TWOGAUSSIANS",8,3.8250897,0.10229146,0.004655467,0.3270156,0.031446528,0.5729853,0.04097196,0.6153452,0.00980229,0.4,0.055750027,0.49816614,0.13266055
375316653866487564,4188727225487549056,0.50735736,2173.6386455198435,2.94277801107391,1.8466926E-5,19.413517,0.08894287,0.18741396,0.008052408,0.12502454,0.035813965,0.33010882,0.06951635,0.6769256,0.0051831566,0.097646266,0.017916616,0.36411196,0.07798002,null,null,null,null,"TWOGAUSSIANS",8,1.7138045,0.6769256,0.0051831566,0.4,0.0,0.31510928,0.02168516,0.18741396,0.008062135,0.4,0.0,0.28087386,0.02458385
375316653866487564,4188736266397707648,0.51123184,2072.1488374196165,3.015771884111058,9.583194E-6,17.179888,0.08568533,0.2782635,0.00212918,0.12429235,0.032269545,0.21357481,0.080808885,0.7817436,0.0032935892,0.121547684,0.026991174,0.23506282,0.08235312,null,null,null,null,"TWOGAUSSIANS",8,6.716987,0.78177357,0.0033443107,0.4,0.0,0.18022433,0.010789975,0.2782335,0.0021368014,0.4,0.0,0.15870488,0.010734778
375316653866487564,4188737434629231232,0.5561123,1983.5646878122507,3.1971736312489005,9.484581E-6,15.877836,0.012354972,0.3012246,0.006865938,0.106369,0.012883894,0.20915072,0.009893828,0.7985755,0.0029131116,0.09240202,0.0069106226,0.17913644,0.011275925,null,null,null,null,"TWOGAUSSIANS",8,18.544798,0.3012246,0.006865938,0.4,0.0,0.19328225,0.011649372,0.7985755,0.0029131116,0.4,0.0,0.1632745,0.0043819076
375316653866487564,4188753618065736576,0.48797384,2042.747939602367,3.8467794813023533,2.1438262E-5,17.41034,0.021160884,0.20225649,0.00513097,0.082946114,0.008957967,0.2821698,0.022428295,0.7172479,0.012304414,0.08274201,0.01180928,0.3317328,0.06517376,null,null,null,null,"TWOGAUSSIANS",8,26.076292,0.7172479,0.012304414,0.4,0.0,0.32685035,0.06605481,0.20225649,0.00513097,0.4,0.0,0.27728733,0.02041963
375316653866487564,4188759493581046144,0.5381774,2026.4503187673831,2.822122501228747,2.2626997E-5,16.884119,0.010149018,0.27344963,0.0055471756,0.034949087,0.009521018,0.09370523,0.08297164,0.7841444,0.012980347,0.049695197,0.020293798,0.07772149,0.025745824,0.094642416,0.017942784,0.27344963,0.0055471756,"TWOGAUSSIANS_WITH_ELLIPSOIDAL_ON_ECLIPSE1",9,37.565563,0.27344963,0.0055471756,0.19571488,0.053317703,0.28298995,0.07852263,0.7841444,0.012980347,0.2782931,0.11364527,0.26615277,0.01887739
375316653866487564,4188764127848233984,0.51721656,2042.6277820892915,3.196670495221068,9.961051E-6,19.426075,0.010712588,0.32046458,0.003938488,0.09264874,0.009402946,0.36991182,0.020824911,0.8109522,0.026064295,0.05771929,0.018350057,0.2164117,0.029311342,null,null,null,null,"TWOGAUSSIANS",8,2.0023787,0.32046458,0.003938488,0.4,0.0,0.3680292,0.0215691,0.8109522,0.026064295,0.32322803,0.10276032,0.2145295,0.028100975
375316653866487564,4188773851652991104,0.56376785,1981.5944042526328,4.04360633140998,1.5877624E-5,19.282673,0.014385733,0.27765197,0.011653278,0.06347811,0.009731462,0.513943,0.050142176,0.77228814,0.003993318,0.07263048,0.0048869546,0.5432763,0.027638813,null,null,null,null,"TWOGAUSSIANS",8,3.0629234,0.77228814,0.003993318,0.4,0.0075891474,0.5422042,0.027562626,0.27765197,0.011653278,0.35547745,0.054496188,0.5128709,0.05082237
375316653866487564,4188776604730019968,0.6061502,2036.4920949418681,2.2113857092296048,7.770722E-6,15.603445,0.0024575542,0.27149677,0.0023088728,0.057356358,0.005018212,0.099462554,0.0065173428,0.7373696,0.02030896,0.04238996,0.01706891,0.018045196,0.011714924,0.02847655,0.0031883204,0.27149677,0.0023088728,"TWOGAUSSIANS_WITH_ELLIPSOIDAL_ON_ECLIPSE1",9,4.5379186,0.27149677,0.0023088728,0.3211956,0.028101986,0.15640818,0.0042943135,0.7480496,0.014970567,0.23738377,0.09558589,0.07319989,0.009145172
375316653866487564,4188778631954680576,0.7015155,2065.355960111398,1.2628030187452655,2.8804611E-6,12.613801,0.0037466022,0.24260198,0.0010584354,0.04480012,0.006684923,0.23230705,0.09119072,0.74596,0.0014469262,0.056183796,0.0016886948,0.25843304,0.009630414,0.094984554,0.0047536166,0.24260198,0.0010584354,"TWOGAUSSIANS_WITH_ELLIPSOIDAL_ON_ECLIPSE1",9,51.057724,0.74596,0.0014469262,0.31462926,0.009456691,0.44830763,0.006010443,0.24260198,0.0010584354,0.2508807,0.03743557,0.4222662,0.09654217
375316653866487564,4188780349934926080,0.5513261,2072.8225877611153,0.3313137349496818,7.863488E-5,18.734661,0.0039963895,0.32739142,0.024306478,0.021827508,0.01298524,0.6616859,0.45024526,0.7672189,0.019515034,0.06980229,0.015128583,0.028965374,0.005300103,null,null,null,null,"TWOGAUSSIANS",8,1.3426701,0.32739142,0.024306478,0.12223404,0.072717346,0.6616859,0.45024592,0.7672189,0.019515034,0.39089283,0.06431994,0.028965373,0.005299766
375316653866487564,4188781823112432768,0.51698494,2119.1685306924724,2.3064564921052146,1.6742637E-5,18.683723,0.0075992034,0.2044098,0.01799237,0.0789158,0.012982578,0.10870829,0.010489521,0.68819237,0.004274383,0.061499894,0.0049895993,0.38062644,0.034222532,null,null,null,null,"TWOGAUSSIANS",8,3.4713914,0.68819237,0.004274383,0.3443994,0.027941756,0.38020173,0.034272425,0.2044098,0.01799237,0.4,0.014802791,0.108283594,0.010296644
375316653866487564,4188789489632116096,0.6599248,1988.0789979669746,0.8824651572050611,1.0639708E-6,16.183897,0.0037720548,0.2598269,2.9008754E-4,0.032523785,4.857006E-4,0.71280646,0.010872074,0.7584252,0.014497475,0.03615694,0.014042468,0.12392891,0.028215608,0.016049126,0.0056194495,0.2598269,2.9008754E-4,"TWOGAUSSIANS_WITH_ELLIPSOIDAL_ON_ECLIPSE1",9,11.747552,0.2598269,2.9008754E-4,0.1821332,0.0027199234,0.74490464,0.00846887,0.7584652,0.014447221,0.20247887,0.07863782,0.1560247,0.026862437
375316653866487564,4188794334355280000,0.587974,2008.5676210938273,3.939250630917265,5.6230533E-6,14.923218,0.0057645068,0.29498795,0.0048787673,0.09674759,0.0050080903,0.28235963,0.008302516,0.7902178,0.0016926433,0.078501694,0.0030889907,0.31944835,0.007847036,null,null,null,null,"TWOGAUSSIANS",8,100.4134,0.7902178,0.0016926433,0.4,0.0,0.31009102,0.0080386335,0.29498795,0.0048787673,0.4,0.0,0.27300134,0.0077129696
375316653866487564,4188797151853719296,0.4753736,2048.7391445321555,2.9977883802814023,5.7255755E-5,15.625251,0.008374268,0.09950854,0.030304136,0.030645713,0.027558893,0.96160316,49.58737,null,null,null,null,null,null,null,null,null,null,"ONEGAUSSIAN",5,534.5143,0.09950854,0.030304136,0.171616,0.1543298,0.96160316,0.0,null,null,null,null,null,null
375316653866487564,4188797495451125504,0.549771,2056.631350507705,3.848891578059597,9.333292E-6,18.091854,0.0074475743,0.24147108,0.0032717837,0.06981835,0.005248843,0.22013098,0.013801272,0.7323521,0.0029486667,0.08182626,0.0038413205,0.25369757,0.008078184,null,null,null,null,"TWOGAUSSIANS",8,4.1157627,0.7323521,0.0029486667,0.4,0.0,0.25200707,0.0075258873,0.24147108,0.0032717837,0.39098275,0.024059912,0.21844046,0.013890174
375316653866487564,4188802919988767104,0.4363312,2062.6348456505866,3.0665526723752414,6.8858317E-6,19.413881,0.0068031615,0.32430497,0.0012407389,0.0072524785,0.0016156425,0.18585697,0.05316119,0.7172244,0.010850772,0.052038644,0.031984426,0.005940339,0.121020935,0.04700616,0.010907086,0.7172244,0.010850772,"TWOGAUSSIANS_WITH_ELLIPSOIDAL_ON_ECLIPSE2",9,3.4828267,0.32414496,0.0012299679,0.04061388,0.009047598,0.24340548,0.0547878,0.7172244,0.010850772,0.2914164,0.17911279,0.09995238,0.11818172
375316653866487564,4188805703130672128,0.49006173,2049.1870000233785,3.9753793866525875,3.105013E-5,19.82992,0.052572116,0.27296552,0.013385852,0.12169092,0.033851773,0.21641614,0.04673206,0.77332497,0.0048235897,0.08716886,0.012872789,0.37343457,0.049249932,null,null,null,null,"TWOGAUSSIANS",8,1.9822798,0.77332497,0.00483005,0.4,0.0,0.34369773,0.025287507,0.27296552,0.013385852,0.4,0.0,0.18658592,0.024365576
375316653866487564,4188806012368341504,0.5651431,2075.5956224162146,3.6340487179603067,9.6311105E-6,18.3944,0.014804221,0.23077375,0.0029940186,0.077563375,0.0052276687,0.42943946,0.015186413,0.73650527,0.0025004104,0.08336318,0.0035901968,0.46793026,0.01471721,null,null,null,null,"TWOGAUSSIANS",8,6.416747,0.73650527,0.0025004104,0.4,0.0,0.46149743,0.012262096,0.23077375,0.0029940186,0.4,0.0,0.42300665,0.015048751
375316653866487564,4188810930108756736,0.61237496,2054.480020131565,1.8539400862954554,3.5223304E-6,16.4068,0.004269501,0.22808345,8.6794223E-4,0.09432363,0.003235366,0.22481927,0.0046278154,0.7251425,0.0011507131,0.08572884,0.0029255843,0.26178628,0.00472177,null,null,null,null,"TWOGAUSSIANS",8,4.77497,0.7251425,0.0011507131,0.4,0.0,0.25203523,0.0048719603,0.22808345,8.6794223E-4,0.4,0.0,0.21506788,0.0052280608
375316653866487564,4188813816328085120,0.568153,2045.6539398212599,1.3488811259195248,8.104929E-6,15.473843,0.002065692,0.7031594,1.6067232E-4,0.020410437,5.5089954E-4,1.5841757,0.19306234,null,null,null,null,null,null,null,null,null,null,"ONEGAUSSIAN",5,33.52977,0.7031594,1.6067232E-4,0.11429845,0.0030850375,1.5841757,0.0,null,null,null,null,null,null
375316653866487564,4188819691843347840,0.6165663,2022.2406727262728,3.462639835252698,8.0215805E-6,17.714796,0.011590349,0.18941252,0.0022052026,0.04531287,0.006921133,0.1904023,0.022549547,0.6902405,0.006462372,0.06099923,0.006055922,0.3046351,0.025140997,0.11824303,0.014265063,0.18941252,0.0022052026,"TWOGAUSSIANS_WITH_ELLIPSOIDAL_ON_ECLIPSE1",9,7.5223694,0.6902405,0.0064180284,0.34159568,0.03391316,0.5410497,0.012468087,0.18941252,0.0022052026,0.25375205,0.038758345,0.4268233,0.0092737
375316653866487564,4188828865893200256,0.5204333,2077.993745525858,1.9616827508483845,1.1841757E-5,15.855335,0.017532764,0.273898,0.0045625563,0.049464043,0.0052736346,0.5093605,0.03924705,0.76120347,0.0032674728,0.06416935,0.009540364,0.589376,0.12977272,null,null,null,null,"TWOGAUSSIANS",8,395.6946,0.76120347,0.0032674728,0.35934836,0.05342604,0.5893343,0.12984787,0.273898,0.0045625563,0.27699864,0.029532354,0.5093188,0.039239608
375316653866487564,4188829995463609344,0.5798205,2048.2098587993914,3.514177751140838,3.7350044E-5,17.559258,0.005274734,0.22144331,0.0012863689,0.022524053,0.0015219825,1.2461894,0.13919874,0.41329896,0.0077941697,0.010617646,0.0039240737,0.18765108,0.34511584,0.011415862,0.007701699,0.22144331,0.0012863689,"TWOGAUSSIANS_WITH_ELLIPSOIDAL_ON_ECLIPSE1",9,15.996439,0.22144331,0.0012863689,0.1261347,0.008523102,1.269021,0.14101277,0.41329896,0.0077941697,0.059458822,0.021974813,0.19056512,0.34464538
375316653866487564,4188833019120661120,0.4939282,2030.827226297479,1.335098560126085,7.3018884E-5,19.450901,0.00856389,0.20323326,0.03265237,0.024801522,0.032931544,0.46211773,0.32525486,0.6927311,0.006557449,0.02144943,0.0074036457,0.083212376,0.04722941,null,null,null,null,"TWOGAUSSIANS",8,2.320541,0.20323326,0.03265237,0.13888852,0.18441664,0.46211773,0.32525486,0.6927311,0.006557449,0.12011681,0.041460417,0.083212376,0.04722941
375316653866487564,4188837180950279808,0.620528,2070.069230696262,1.3900658323729205,3.3395904E-6,13.811075,0.0052330755,0.2766801,0.0012806801,0.08831879,0.0023086562,0.3535332,0.0077332836,0.77867144,0.0033610552,0.096576795,0.0039153816,0.27299288,0.0061179185,null,null,null,null,"TWOGAUSSIANS",8,65.94936,0.2766801,0.0012806801,0.4,0.0,0.33809137,0.008355078,0.77867144,0.0033610552,0.4,0.0,0.2575503,0.004813828
375316653866487564,4188839032075565952,0.56385607,2043.474966844998,3.866437441040867,1.0655703E-5,17.47316,0.008209648,0.25177354,0.0034270512,0.081372425,0.0060727736,0.2067079,0.008002794,0.7727318,0.0035664137,0.09008922,0.008963123,0.15216972,0.008616126,null,null,null,null,"TWOGAUSSIANS",8,3.3104062,0.25177354,0.0034270512,0.4,0.0,0.2032387,0.006658551,0.7727318,0.0035664137,0.4,0.0,0.14870039,0.008752136
