Gaia/vari_eclipsing_binary/VariEclipsingBinary_136451-138123.csv
# %ECSV 1.0
# ---
# delimiter: ','
# meta: !!omap
# - RELEASE: Gaia DR3
# - TABLE: vari_eclipsing_binary
# - DESCRIPTION: >
#     This table describes the properties of the eclipsing binaries resulting from the variability analysis. 
# - CITATION: >
#     How to cite and acknowledge Gaia: 
#     https://gea.esac.esa.int/archive/documentation/credits.html 
# - KNOWN_ISSUES: >
#     Known issues: 
#     https://www.cosmos.esa.int/web/gaia-users/known-issues 
# - DOCUMENTATION: >
#     Tutorials and documentation: 
#     https://www.cosmos.esa.int/web/gaia-users/archive 
# datatype:
# - 
#   name: solution_id
#   datatype: int64
#   description: Solution Identifier
#   meta:
#     ucd: meta.version
# - 
#   name: source_id
#   datatype: int64
#   description: Unique source identifier
#   meta:
#     ucd: meta.id;meta.main
# - 
#   name: global_ranking
#   datatype: float32
#   description: Number between 0 (worst) and 1 (best)
#   meta:
#     ucd: stat.param
# - 
#   name: reference_time
#   datatype: float64
#   unit: d
#   description: Reference time used for the geometric model fit
#   meta:
#     ucd: time.epoch
# - 
#   name: frequency
#   datatype: float64
#   unit: d**-1
#   description: Frequency of geometric model of the eclipsing binary light curve
#   meta:
#     ucd: src.orbital
# - 
#   name: frequency_error
#   datatype: float32
#   unit: d**-1
#   description: "Uncertainty of \\texttt{frequency}"
#   meta:
#     ucd: stat.error
# - 
#   name: geom_model_reference_level
#   datatype: float32
#   unit: mag
#   description: Magnitude reference level of geometric model
#   meta:
#     ucd: phot.mag;em.opt
# - 
#   name: geom_model_reference_level_error
#   datatype: float32
#   unit: mag
#   description: "Uncertainty of \\texttt{geomModelReferenceLevel}"
#   meta:
#     ucd: stat.error;phot.mag;em.opt
# - 
#   name: geom_model_gaussian1_phase
#   datatype: float32
#   description: Phase of the Gaussian 1 component
#   meta:
#     ucd: time.phase
# - 
#   name: geom_model_gaussian1_phase_error
#   datatype: float32
#   description: "Uncertainty of \\texttt{geomModelGaussian1Phase}"
#   meta:
#     ucd: stat.error;time.phase
# - 
#   name: geom_model_gaussian1_sigma
#   datatype: float32
#   description: "Standard deviation [phase] of Gaussian 1 component"
#   meta:
#     ucd: stat.stdev
# - 
#   name: geom_model_gaussian1_sigma_error
#   datatype: float32
#   description: "Uncertainty of \\texttt{geomModelGaussian1Sigma}"
#   meta:
#     ucd: stat.error
# - 
#   name: geom_model_gaussian1_depth
#   datatype: float32
#   unit: mag
#   description: Magnitude depth of Gaussian 1 component
#   meta:
#     ucd: src.var.amplitude
# - 
#   name: geom_model_gaussian1_depth_error
#   datatype: float32
#   unit: mag
#   description: "Uncertainty of \\texttt{geomModelGaussian1Depth}"
#   meta:
#     ucd: stat.error;src.var.amplitude
# - 
#   name: geom_model_gaussian2_phase
#   datatype: float32
#   description: Phase of Gaussian 2 component
#   meta:
#     ucd: time.phase
# - 
#   name: geom_model_gaussian2_phase_error
#   datatype: float32
#   description: "Uncertainty of \\texttt{geomModelGaussian2Phase}"
#   meta:
#     ucd: stat.error;time.phase
# - 
#   name: geom_model_gaussian2_sigma
#   datatype: float32
[...]
#   datatype: float32
#   description: "Secondary eclipse: uncertainty of \\texttt{derivedSecondaryEclDuration}"
#   meta:
#     ucd: stat.error;time.duration
# - 
#   name: derived_secondary_ecl_depth
#   datatype: float32
#   unit: mag
#   description: "Secondary eclipse: depth"
#   meta:
#     ucd: src.var.amplitude
# - 
#   name: derived_secondary_ecl_depth_error
#   datatype: float32
#   unit: mag
#   description: "Secondary eclipse: uncertainty of \\texttt{derivedSecondaryEclDepth}"
#   meta:
#     ucd: stat.error;src.var.amplitude
solution_id,source_id,global_ranking,reference_time,frequency,frequency_error,geom_model_reference_level,geom_model_reference_level_error,geom_model_gaussian1_phase,geom_model_gaussian1_phase_error,geom_model_gaussian1_sigma,geom_model_gaussian1_sigma_error,geom_model_gaussian1_depth,geom_model_gaussian1_depth_error,geom_model_gaussian2_phase,geom_model_gaussian2_phase_error,geom_model_gaussian2_sigma,geom_model_gaussian2_sigma_error,geom_model_gaussian2_depth,geom_model_gaussian2_depth_error,geom_model_cosine_half_period_amplitude,geom_model_cosine_half_period_amplitude_error,geom_model_cosine_half_period_phase,geom_model_cosine_half_period_phase_error,model_type,num_model_parameters,reduced_chi2,derived_primary_ecl_phase,derived_primary_ecl_phase_error,derived_primary_ecl_duration,derived_primary_ecl_duration_error,derived_primary_ecl_depth,derived_primary_ecl_depth_error,derived_secondary_ecl_phase,derived_secondary_ecl_phase_error,derived_secondary_ecl_duration,derived_secondary_ecl_duration_error,derived_secondary_ecl_depth,derived_secondary_ecl_depth_error
[from data line 251]
375316653866487564,1211283379946668160,0.58681875,2157.6952811205083,3.0059703730038407,2.0176405E-5,14.888141,0.014174108,0.22623645,0.00530777,0.064399906,0.0057044216,0.38877192,0.030704115,0.75433373,0.0047978573,0.037192468,0.005510164,0.7204796,0.08966142,0.041267805,0.015591164,0.75433373,0.0047978573,"TWOGAUSSIANS_WITH_ELLIPSOIDAL_ON_ECLIPSE2",9,277.29764,0.75433373,0.0047978573,0.2082778,0.030856917,0.8029808,0.10312413,0.22803645,0.004723244,0.36063948,0.03194476,0.4688884,0.019861765
375316653866487564,1211283929702555904,0.61056155,2190.399183859163,1.6010800119963817,6.7666483E-6,13.198078,0.008434956,0.26123327,0.003383029,0.10834083,0.00933271,0.18656003,0.0074136504,0.7661586,0.0017279757,0.09614239,0.0036662042,0.19622347,0.008281113,null,null,null,null,"TWOGAUSSIANS",8,29.43418,0.7661586,0.001726267,0.4,0.0,0.17815803,0.003120437,0.26123327,0.003383029,0.4,0.0,0.16848612,0.010480657
375316653866487564,1211317323072973184,0.439118,2217.2695109609435,0.5958781465456898,5.134237E-5,18.340378,0.01307927,0.22942314,0.007443204,0.07086716,0.012466771,0.12600984,0.014420496,0.78137577,0.020418651,0.12373926,0.02549224,0.07520613,0.016835188,null,null,null,null,"TWOGAUSSIANS",8,6.0594025,0.22930314,0.00734018,0.39685607,0.050327305,0.12304444,0.01348313,0.78137577,0.020418651,0.4,0.0,0.07212999,0.013918015
375316653866487564,1211395873732179456,0.50116366,2024.1813147233554,3.414407492917866,1.3020516E-5,13.789294,0.20513642,0.2013579,0.004152013,0.15519354,0.013542862,0.63170767,0.14032803,0.7098782,0.0037620782,0.29479066,0.026146322,1.0755656,0.19971082,null,null,null,null,"TWOGAUSSIANS",8,141.69603,0.1951879,0.0043163183,0.4,0.0,0.19246542,0.009161073,0.7125482,0.00415932,0.4,0.0,0.13914718,0.007684043
375316653866487564,1211585195888911744,0.5385151,2140.8749578802067,3.648869349343621,9.703656E-6,11.816167,0.014008687,0.3042433,0.004361309,0.088479176,0.0046515237,0.30153742,0.015759047,0.786504,0.003064564,0.07044362,0.0042902464,0.34366605,0.021665875,null,null,null,null,"TWOGAUSSIANS",8,541.28314,0.786504,0.003064564,0.3944843,0.022945771,0.3405227,0.021324981,0.3042433,0.004361309,0.4,0.0,0.29839396,0.01454629
375316653866487564,1211626771172006912,0.49267513,2152.2108114861608,3.8212436657108952,2.238283E-5,17.052164,0.009717041,0.20814969,0.0043073427,0.08112204,0.008126196,0.14307998,0.009144569,0.7060114,0.011230751,0.09917849,0.014862722,0.12616953,0.014064599,null,null,null,null,"TWOGAUSSIANS",8,14.95522,0.20814969,0.0043073427,0.4,0.0,0.13759425,0.0057306313,0.7060114,0.011230751,0.4,0.0,0.12068304,0.016012445
375316653866487564,1211693184250598016,0.5194897,2186.7226423879642,0.9894465294850796,1.6307927E-4,17.986546,0.001139706,0.11601592,0.003201579,0.028933076,0.012411459,0.017693112,0.025444724,0.6727462,0.0021151295,0.018309051,7.2626205E-4,0.20607571,0.010502256,null,null,null,null,"TWOGAUSSIANS",8,0.86868364,0.6727462,0.0021151295,0.10253069,0.0040670675,0.20607571,0.010502256,0.11601592,0.003201579,0.16202523,0.06950417,0.017693112,0.025444724
375316653866487564,1211717480881416192,0.5395401,2175.8487835536307,3.1505929490012035,3.944821E-5,15.914393,0.018144108,0.29658535,0.007855615,0.06329361,0.0112482775,0.1567785,0.037122406,0.78279537,0.007827498,0.058142256,0.010732842,0.23034146,0.041821342,0.034872655,0.019146323,0.78279537,0.007827498,"TWOGAUSSIANS_WITH_ELLIPSOIDAL_ON_ECLIPSE2",9,48.80204,0.78279537,0.007827498,0.32559663,0.060103912,0.3000378,0.016198674,0.29488534,0.0064058495,0.35444424,0.06299035,0.22601661,0.014668488
375316653866487564,1211717893198280704,0.5553853,2179.3066473398394,2.635644900395083,7.108679E-6,14.713518,0.0024492836,0.24249052,0.001064719,0.062208384,0.0015164267,0.19168067,0.0036270134,0.74710774,0.0051648007,0.07687764,0.0077848886,0.08963487,0.011768042,null,null,null,null,"TWOGAUSSIANS",8,22.136826,0.24249052,0.001064719,0.34836695,0.008491989,0.19133683,0.0035939738,0.74710774,0.0051648007,0.4,0.005450593,0.089291036,0.011891415
375316653866487564,1211740669409290368,0.51190895,2171.4354788774863,3.8545339993058634,1.259774E-5,18.922207,0.0100978585,0.2718276,0.0034975165,0.05619318,0.0039989725,0.3935829,0.017125234,0.7787704,0.009297267,0.08489356,0.01758979,0.18776578,0.021036716,null,null,null,null,"TWOGAUSSIANS",8,4.281862,0.2718276,0.0034975165,0.3146818,0.022394247,0.39281654,0.01698325,0.7787704,0.009297267,0.4,0.0,0.1869994,0.021650558
375316653866487564,1211791800995601536,0.63317055,2104.1092719232415,0.30107087143138556,3.841765E-6,13.04228,0.007005323,0.2767821,0.0020647375,0.03421421,0.0035548962,0.14952575,0.013013221,0.778169,0.011050108,0.030389177,0.00719595,1.0594727,0.17987135,0.050862152,0.009275838,0.778169,0.011050108,"TWOGAUSSIANS_WITH_ELLIPSOIDAL_ON_ECLIPSE2",9,403.36093,0.778169,0.011050108,0.17017938,0.040297322,1.161197,0.1832079,0.27686208,0.0014488429,0.19159958,0.019907419,0.2512427,0.009309836
375316653866487564,1211802070261183872,0.5397109,2111.3485666990146,0.18186258619479173,3.108806E-5,19.921995,0.003809708,0.2966118,0.14988308,0.08136633,0.08428344,0.048136342,0.21346928,0.8139216,0.008705093,0.043928817,0.0025219314,0.88623464,0.18323933,null,null,null,null,"TWOGAUSSIANS",8,0.94283205,0.8139216,0.008705093,0.24600136,0.014122816,0.88618785,0.18324159,0.2966118,0.14988308,0.4,0.3412651,0.048089586,0.213578
375316653866487564,1211814822020328192,0.6209336,2106.4784290925486,3.998209260378285,4.8369884E-6,16.881227,0.008587446,0.20797335,8.3052984E-4,0.050260115,0.0048378427,0.19297053,0.016172918,0.70410365,0.008455554,0.05324392,0.008085469,0.13477212,0.02405329,0.09079927,0.010425486,0.20797335,8.3052984E-4,"TWOGAUSSIANS_WITH_ELLIPSOIDAL_ON_ECLIPSE1",9,4.215695,0.20797335,8.3052984E-4,0.28145665,0.02709192,0.3745667,0.005567248,0.7050036,0.0062792357,0.29816598,0.045278624,0.31628582,0.019335942
375316653866487564,1211927796840103680,0.585428,2142.560009351267,0.44728705971086474,2.908155E-5,15.30188,0.0030481955,0.21811165,0.009641321,0.03356891,0.010176747,0.029566295,0.02332339,0.7097903,0.0015121303,0.022051156,0.003696889,0.30351207,0.03165876,0.021486523,0.0036901042,0.21811165,0.009641321,"TWOGAUSSIANS_WITH_ELLIPSOIDAL_ON_ECLIPSE1",9,26.422543,0.7098303,0.0014929342,0.12348647,0.020702578,0.34636834,0.033075366,0.21811165,0.009641321,0.1879859,0.056989785,0.07253931,0.022369795
375316653866487564,1211937589365537408,0.6090516,2164.3437292651815,2.700500339650005,7.0823485E-6,13.192711,0.0025550267,0.25556692,0.0010261029,0.04141721,0.013915319,0.050045375,0.09182078,0.7310509,0.02307939,0.048815902,0.015335566,0.048647456,0.010093653,0.09551889,0.0031945459,0.25556692,0.0010261029,"TWOGAUSSIANS_WITH_ELLIPSOIDAL_ON_ECLIPSE1",9,40.485054,0.25556692,0.0010261029,0.2319364,0.07792579,0.241082,0.09400146,0.7415809,0.014818434,0.27336904,0.08587918,0.2370939,0.009736479
375316653866487564,1211979022914896384,0.47368506,2136.9939517241864,0.6890859195729258,2.0187672E-6,17.606585,0.0038611658,0.3931043,6.894835E-4,0.005895155,4.603465E-4,0.28338772,0.042443007,0.8984643,7.8450605E-5,0.011340662,1.2933402E-4,0.57807255,0.0033071903,null,null,null,null,"TWOGAUSSIANS",8,18.694008,0.8984643,7.8450605E-5,0.063507706,7.2427053E-4,0.57807255,0.0033071903,0.3931043,6.894835E-4,0.033012867,0.0025779402,0.28338772,0.042443007
375316653866487564,1212023209537798144,0.5821535,2130.4032613432382,2.7718676350533453,1.0557617E-5,17.92277,0.005691314,0.2697687,0.0017834475,0.035141714,0.0020752717,0.29556382,0.017562432,0.7737021,0.0019456731,0.038927503,0.002526835,0.37416345,0.035727154,0.037975363,0.008357502,0.2697687,0.0017834475,"TWOGAUSSIANS_WITH_ELLIPSOIDAL_ON_ECLIPSE1",9,4.109051,0.7737021,0.0019456731,0.21799402,0.014150277,0.4500676,0.035805482,0.2697687,0.0017834475,0.19679359,0.011621522,0.37151438,0.014381581
375316653866487564,1212055202749706752,0.46475327,2184.138179830747,0.4167410414704284,1.2793677E-4,17.481272,0.006035194,0.8029931,0.0053872894,0.00897933,0.0039990125,0.5088202,0.7953621,null,null,null,null,null,null,0.03416654,0.00933208,0.8029931,0.0053872894,"ONEGAUSSIAN_WITH_ELLIPSOIDAL",6,30.909021,0.8029931,0.0053872894,0.050284248,0.02239447,0.57715327,0.7915168,null,null,null,null,null,null
375316653866487564,1212061383207608960,0.64709836,2154.808195342427,1.6404447701527418,5.7193147E-6,17.873894,0.002817311,0.284892,0.004058547,0.050551668,0.0051465607,0.1819962,0.017267188,0.7901596,0.0015507687,0.037304822,8.0704933E-4,0.9777476,0.012856079,null,null,null,null,"TWOGAUSSIANS",8,4.0892987,0.7901596,0.0015507687,0.20890701,0.0045194766,0.97774756,0.012856071,0.284892,0.004058547,0.28308934,0.02882074,0.18199615,0.017267253
375316653866487564,1212063891468524800,0.48973718,2167.9308974751198,1.2066285635950915,3.059767E-5,18.542528,0.0037852174,0.21139051,0.016581655,0.046208657,0.048808623,0.0745742,49.489704,0.7172703,0.0029172082,0.00577342,6.421883E-4,0.49381343,0.2229237,0.021586016,0.0048343,0.21139051,0.016581655,"TWOGAUSSIANS_WITH_ELLIPSOIDAL_ON_ECLIPSE1",9,4.8429847,0.7172703,0.0029172082,0.03233115,0.0035962544,0.5369265,0.22328642,0.21139051,0.016581655,0.2587685,0.27332827,0.11774619,49.4902
375316653866487564,1212092002028755072,0.5157164,2167.471087882374,4.342113135688146,1.35504315E-5,16.448006,0.02513245,0.20602074,0.0030829874,0.10335246,0.015134148,0.17843981,0.019888457,0.7045787,0.004234594,0.10963725,0.01342226,0.21825597,0.021755628,null,null,null,null,"TWOGAUSSIANS",8,14.001485,0.7045787,0.004234594,0.4,0.0,0.19351102,0.0073116156,0.20602074,0.0030841075,0.4,0.0,0.15370522,0.010638678
375316653866487564,1212191194298210304,0.53908086,2194.196801128291,3.778980196602296,1.3303457E-4,19.377647,0.0051124217,0.2132778,0.007604119,0.0144268125,0.0046422933,0.86569667,1.1179553,0.6246955,0.026459334,0.0858575,0.030919306,0.03965144,0.008412985,null,null,null,null,"TWOGAUSSIANS",8,1.4981943,0.2132778,0.007604119,0.08079015,0.025996843,0.865697,1.117954,0.6246955,0.026459334,0.4,0.0,0.03965143,0.00841344
375316653866487564,1212199990391222144,0.6648353,2170.8337379307623,1.8372410084031232,4.483062E-6,11.711734,0.009579867,0.15498853,0.0032287596,0.05331902,0.0045734174,0.22171581,0.020926163,0.6502235,7.274908E-4,0.057523683,0.004310004,0.1897174,0.018433388,0.10315299,0.011158437,0.6502235,7.274908E-4,"TWOGAUSSIANS_WITH_ELLIPSOIDAL_ON_ECLIPSE2",9,52.249958,0.15416852,0.0026572421,0.2985865,0.025611136,0.42785022,0.0038562259,0.6502235,7.274908E-4,0.32213262,0.024136022,0.39600477,0.0064450176
375316653866487564,1212243661618727296,0.57221216,2195.9121473428336,3.543213562651505,7.732173E-6,18.793453,0.0076559447,0.24729434,0.0017469175,0.080743685,0.0028836122,0.336915,0.008295547,0.7610537,0.0025595943,0.07838504,0.004071369,0.25242576,0.013384415,null,null,null,null,"TWOGAUSSIANS",8,1.4880735,0.24729434,0.0017469175,0.4,0.0,0.33373174,0.007543456,0.7610537,0.0025595943,0.4,0.0,0.2492425,0.013318166
375316653866487564,1212378008196096640,0.58743334,2124.59128460824,3.9121753216379513,2.38792E-5,19.835936,0.011456582,0.22922052,0.0075347,0.04548385,0.012657893,0.57887036,0.02055097,0.75499845,0.020454539,0.057975195,0.018025704,0.77515775,0.1636078,null,null,null,null,"TWOGAUSSIANS",8,1.2736495,0.75499845,0.020454539,0.3246611,0.10094394,0.7751544,0.163602,0.22922052,0.0075347,0.25470957,0.0708842,0.578867,0.020580363
375316653866487564,1212453088520326400,0.5237537,2128.273256918405,0.15321968441785005,1.9346046E-5,15.953528,0.055552855,0.24440557,0.0081648985,0.09617301,0.020996641,0.24187428,0.05556116,0.7563884,0.0087421285,0.09355287,0.02356787,0.21437036,0.05448047,null,null,null,null,"TWOGAUSSIANS",8,63.023037,0.24440557,0.008172638,0.4,0.0,0.22992435,0.025249328,0.7563884,0.008732551,0.4,0.0,0.20242089,0.020219466
375316653866487564,1212459445071634432,0.5810617,2156.812432203866,4.374081923312469,4.748305E-6,15.935397,0.016925622,0.20927705,0.0025623075,0.094076484,0.007552634,0.24057777,0.01604087,0.7295134,0.002331019,0.09764838,0.0073144143,0.27720088,0.013926809,null,null,null,null,"TWOGAUSSIANS",8,17.847746,0.7295134,0.002331019,0.4,0.0,0.2641805,0.008631477,0.20927705,0.0025623075,0.4,0.0,0.2275586,0.013019181
375316653866487564,1212542114602157696,0.4469683,2142.5148049171,4.2919312565747125,3.511164E-5,18.75723,0.013461429,0.24903609,0.007530131,0.08361285,0.013013725,0.17532721,0.02263686,0.773072,0.032024402,0.082694955,0.026100358,0.060197085,0.018601935,null,null,null,null,"TWOGAUSSIANS",8,2.907584,0.24903609,0.007530131,0.4,0.0,0.17391057,0.022558644,0.773072,0.032024402,0.4,0.0,0.05878045,0.016152846
375316653866487564,1212578982601524864,0.4766249,2185.9472097832677,0.8316578123286825,3.8240643E-5,17.61852,0.01825887,0.5347789,0.022875512,0.06729745,0.06073458,0.095046796,0.096448444,0.91164696,0.0019007055,0.013213552,0.0014986381,0.7861404,0.22564949,null,null,null,null,"TWOGAUSSIANS",8,41.401966,0.91164696,0.0019007055,0.07399589,0.008392373,0.7861404,0.22564971,0.5347789,0.022875512,0.37686574,0.26921758,0.095046796,0.09644845
375316653866487564,1212622924411511296,0.48389834,2156.110859437086,4.23250724651114,7.831805E-5,19.003004,0.008602195,0.28413394,0.022007056,0.060473286,0.019384358,0.101205535,0.018408041,0.7802354,0.01453947,0.053749867,0.011813055,0.18809903,0.013683628,null,null,null,null,"TWOGAUSSIANS",8,2.0816715,0.7802354,0.01453947,0.30099925,0.06615311,0.18808301,0.013694017,0.28413394,0.022007056,0.33865038,0.10855241,0.10118952,0.018396566
375316653866487564,1212672024477777536,0.4948951,2226.2661104289546,0.9688944918692609,4.377768E-5,16.358374,0.0011108972,0.86461973,0.0039506746,0.030723011,0.0048186746,0.22894342,0.14129877,null,null,null,null,null,null,null,null,null,null,"ONEGAUSSIAN",5,7.532079,0.86461973,0.0039506746,0.17204887,0.026984578,0.22894342,0.0,null,null,null,null,null,null
375316653866487564,1212694976782215808,0.44604036,2197.367499542378,1.0744985703766128,1.421895E-5,18.22509,0.005899228,0.131646,0.014166408,0.039174132,0.011912093,0.17559516,0.072446354,0.69486475,0.009305769,0.042492535,0.0074372874,0.06057566,0.017713936,null,null,null,null,"TWOGAUSSIANS",8,6.183485,0.131646,0.014166408,0.21937513,0.066707715,0.17559516,0.072446354,0.69486475,0.009305769,0.23795821,0.04164881,0.06057566,0.017713936
375316653866487564,1212722640667388160,0.55690396,2186.6597925143387,1.7962488864719948,1.2162869E-5,17.146214,0.0040325467,0.5069382,1.5853994E-4,0.019133661,2.787232E-4,0.61826116,0.010072705,null,null,null,null,null,null,null,null,null,null,"ONEGAUSSIAN",5,19.331934,0.5069382,1.5853994E-4,0.1071485,0.0015608498,0.61826116,0.0,null,null,null,null,null,null
375316653866487564,1212727760268401920,0.6265882,2148.293098888529,2.4148419003960826,5.1554075E-6,14.150844,0.009485709,0.22464126,0.0016330522,0.07185378,0.002498097,0.51116335,0.009107319,0.7466598,0.008224771,0.09015462,0.011966516,0.13528205,0.0107873045,null,null,null,null,"TWOGAUSSIANS",8,168.59882,0.22464126,0.0016330522,0.4,0.0071530542,0.50854844,0.007604129,0.7466598,0.008224771,0.4,0.0,0.13266698,0.010114801
375316653866487564,1212780674265889664,0.47947016,2139.298153937002,1.9011575255616584,1.1060704E-6,19.807888,0.011162197,0.45998794,3.729257E-6,0.0059161037,1.2130138E-4,1.305442,0.028393412,0.80668104,9.998418E-4,0.027366625,0.0033498518,0.17700678,0.007916163,null,null,null,null,"TWOGAUSSIANS",8,2.3045216,0.45998794,3.729257E-6,0.03313018,6.7928777E-4,1.305442,0.028393412,0.80668104,9.998418E-4,0.1532531,0.01875917,0.17700678,0.007916163
