Gaia/vari_eclipsing_binary/VariEclipsingBinary_616792-616964.csv
# %ECSV 1.0
# ---
# delimiter: ','
# meta: !!omap
# - RELEASE: Gaia DR3
# - TABLE: vari_eclipsing_binary
# - DESCRIPTION: >
#     This table describes the properties of the eclipsing binaries resulting from the variability analysis. 
# - CITATION: >
#     How to cite and acknowledge Gaia: 
#     https://gea.esac.esa.int/archive/documentation/credits.html 
# - KNOWN_ISSUES: >
#     Known issues: 
#     https://www.cosmos.esa.int/web/gaia-users/known-issues 
# - DOCUMENTATION: >
#     Tutorials and documentation: 
#     https://www.cosmos.esa.int/web/gaia-users/archive 
# datatype:
# - 
#   name: solution_id
#   datatype: int64
#   description: Solution Identifier
#   meta:
#     ucd: meta.version
# - 
#   name: source_id
#   datatype: int64
#   description: Unique source identifier
#   meta:
#     ucd: meta.id;meta.main
# - 
#   name: global_ranking
#   datatype: float32
#   description: Number between 0 (worst) and 1 (best)
#   meta:
#     ucd: stat.param
# - 
#   name: reference_time
#   datatype: float64
#   unit: d
#   description: Reference time used for the geometric model fit
#   meta:
#     ucd: time.epoch
# - 
#   name: frequency
#   datatype: float64
#   unit: d**-1
#   description: Frequency of geometric model of the eclipsing binary light curve
#   meta:
#     ucd: src.orbital
# - 
#   name: frequency_error
#   datatype: float32
#   unit: d**-1
#   description: "Uncertainty of \\texttt{frequency}"
#   meta:
#     ucd: stat.error
# - 
#   name: geom_model_reference_level
#   datatype: float32
#   unit: mag
#   description: Magnitude reference level of geometric model
#   meta:
#     ucd: phot.mag;em.opt
# - 
#   name: geom_model_reference_level_error
#   datatype: float32
#   unit: mag
#   description: "Uncertainty of \\texttt{geomModelReferenceLevel}"
#   meta:
#     ucd: stat.error;phot.mag;em.opt
# - 
#   name: geom_model_gaussian1_phase
#   datatype: float32
#   description: Phase of the Gaussian 1 component
#   meta:
#     ucd: time.phase
# - 
#   name: geom_model_gaussian1_phase_error
#   datatype: float32
#   description: "Uncertainty of \\texttt{geomModelGaussian1Phase}"
#   meta:
#     ucd: stat.error;time.phase
# - 
#   name: geom_model_gaussian1_sigma
#   datatype: float32
#   description: "Standard deviation [phase] of Gaussian 1 component"
#   meta:
#     ucd: stat.stdev
# - 
#   name: geom_model_gaussian1_sigma_error
#   datatype: float32
#   description: "Uncertainty of \\texttt{geomModelGaussian1Sigma}"
#   meta:
#     ucd: stat.error
# - 
#   name: geom_model_gaussian1_depth
#   datatype: float32
#   unit: mag
#   description: Magnitude depth of Gaussian 1 component
#   meta:
#     ucd: src.var.amplitude
# - 
#   name: geom_model_gaussian1_depth_error
#   datatype: float32
#   unit: mag
#   description: "Uncertainty of \\texttt{geomModelGaussian1Depth}"
#   meta:
#     ucd: stat.error;src.var.amplitude
# - 
#   name: geom_model_gaussian2_phase
#   datatype: float32
#   description: Phase of Gaussian 2 component
#   meta:
#     ucd: time.phase
# - 
#   name: geom_model_gaussian2_phase_error
#   datatype: float32
#   description: "Uncertainty of \\texttt{geomModelGaussian2Phase}"
#   meta:
#     ucd: stat.error;time.phase
# - 
#   name: geom_model_gaussian2_sigma
#   datatype: float32
[...]
#   datatype: float32
#   description: "Secondary eclipse: uncertainty of \\texttt{derivedSecondaryEclDuration}"
#   meta:
#     ucd: stat.error;time.duration
# - 
#   name: derived_secondary_ecl_depth
#   datatype: float32
#   unit: mag
#   description: "Secondary eclipse: depth"
#   meta:
#     ucd: src.var.amplitude
# - 
#   name: derived_secondary_ecl_depth_error
#   datatype: float32
#   unit: mag
#   description: "Secondary eclipse: uncertainty of \\texttt{derivedSecondaryEclDepth}"
#   meta:
#     ucd: stat.error;src.var.amplitude
solution_id,source_id,global_ranking,reference_time,frequency,frequency_error,geom_model_reference_level,geom_model_reference_level_error,geom_model_gaussian1_phase,geom_model_gaussian1_phase_error,geom_model_gaussian1_sigma,geom_model_gaussian1_sigma_error,geom_model_gaussian1_depth,geom_model_gaussian1_depth_error,geom_model_gaussian2_phase,geom_model_gaussian2_phase_error,geom_model_gaussian2_sigma,geom_model_gaussian2_sigma_error,geom_model_gaussian2_depth,geom_model_gaussian2_depth_error,geom_model_cosine_half_period_amplitude,geom_model_cosine_half_period_amplitude_error,geom_model_cosine_half_period_phase,geom_model_cosine_half_period_phase_error,model_type,num_model_parameters,reduced_chi2,derived_primary_ecl_phase,derived_primary_ecl_phase_error,derived_primary_ecl_duration,derived_primary_ecl_duration_error,derived_primary_ecl_depth,derived_primary_ecl_depth_error,derived_secondary_ecl_phase,derived_secondary_ecl_phase_error,derived_secondary_ecl_duration,derived_secondary_ecl_duration_error,derived_secondary_ecl_depth,derived_secondary_ecl_depth_error
[from data line 286]
375316653866487564,5425901492931098112,0.63946784,2231.6109051512444,0.7031907978912146,3.8783655E-6,15.41331,0.0015657896,0.22767995,0.0012600379,0.027482834,9.4617537E-4,0.25845784,0.0065612476,0.7249752,0.01112359,0.025460957,0.012163145,0.33852533,0.6953324,0.0076240734,0.0024648793,0.22767995,0.0012600379,"TWOGAUSSIANS_WITH_ELLIPSOIDAL_ON_ECLIPSE1",9,7.733129,0.72498524,0.011123496,0.14258136,0.06811361,0.35376906,0.69919777,0.22767995,0.0012600379,0.15390387,0.005298582,0.27370596,0.005241088
375316653866487564,5425902278905417216,0.56119186,2235.184058195544,3.0642751553510457,5.572555E-6,18.943851,0.0069448077,0.18150976,0.0029019457,0.061336435,0.0033007776,0.42586324,0.011906852,0.6848236,0.0022579555,0.06576159,0.0026708602,0.56163543,0.018140957,null,null,null,null,"TWOGAUSSIANS",8,3.326571,0.6848236,0.0022579555,0.36826488,0.014956816,0.56124926,0.01817787,0.18150976,0.0029019457,0.34348404,0.018484356,0.42547706,0.011913783
375316653866487564,5425907265367232512,0.49386284,2248.9475888754846,3.180634043801621,1.9317406E-5,19.477316,0.022343423,0.24999371,0.0079705585,0.098722294,0.0145447105,0.27526334,0.022727761,0.75492346,0.004320119,0.09232705,0.010001148,0.27873105,0.021579036,null,null,null,null,"TWOGAUSSIANS",8,2.2350452,0.75492346,0.004320119,0.4,0.0,0.26189315,0.013606658,0.24999371,0.0079705585,0.4,0.0,0.25842416,0.02056893
375316653866487564,5425908601097158784,0.5275494,2226.32058052384,2.9691828340906543,7.3352603E-6,19.675522,0.01342593,0.25013855,0.006144155,0.083211675,0.005858166,0.42909035,0.017473383,0.75373626,0.0016945236,0.07507871,0.005295032,0.48453796,0.037530135,null,null,null,null,"TWOGAUSSIANS",8,1.8147341,0.75373626,0.0016945236,0.4,0.0,0.4787857,0.039537568,0.25013855,0.006144155,0.4,0.0,0.4233381,0.016204344
375316653866487564,5425909150853122944,0.5048547,2206.5554603646783,4.110228210040295,1.5343297E-5,18.497824,0.010283649,0.20001723,0.0046226084,0.087377585,0.008011926,0.21545757,0.0109221805,0.69888717,0.008358888,0.07763818,0.007148875,0.24079747,0.011770053,null,null,null,null,"TWOGAUSSIANS",8,5.297332,0.69888717,0.008358888,0.4,0.0,0.23629585,0.009967926,0.20001723,0.0046226084,0.4,0.0,0.2109559,0.010033884
375316653866487564,5425910078565919744,0.6003967,2224.6685571200783,1.0813093271569105,5.646144E-6,18.439043,0.006507261,0.28893685,0.0012846257,0.034055144,0.0045476058,0.72829473,0.076503776,0.79504913,0.011295321,0.036477398,0.007903321,0.06315334,0.018629108,0.039838873,0.008223866,0.28893685,0.0012846257,"TWOGAUSSIANS_WITH_ELLIPSOIDAL_ON_ECLIPSE1",9,2.907005,0.28893685,0.0012846257,0.1907088,0.025466593,0.80797243,0.08686848,0.79504913,0.011295321,0.20427343,0.044258595,0.14271359,0.012126828
375316653866487564,5425924823194117632,0.6156456,2235.024174740928,1.2380335972960042,5.1718075E-6,16.693924,0.0031500033,0.2554582,8.9992746E-4,0.0514839,0.0011660643,0.43987438,0.013688687,0.7570779,0.006939642,0.07305752,0.010281826,0.09049926,0.006266331,null,null,null,null,"TWOGAUSSIANS",8,7.2795286,0.2554582,8.9992746E-4,0.28830984,0.0065299603,0.4397744,0.013698716,0.7570779,0.006939642,0.4,0.030745842,0.0903993,0.006328565
375316653866487564,5425924853255035520,0.47844946,2259.7510432945023,1.8056555728324257,7.4846525E-5,17.96029,0.0040289997,0.31541896,0.0040095896,0.018129671,0.006399688,0.09648471,0.033670098,0.8173751,0.0057111713,0.031112142,0.0056332434,0.11829435,0.013443965,0.034506224,0.005824016,0.31541896,0.0040095896,"TWOGAUSSIANS_WITH_ELLIPSOIDAL_ON_ECLIPSE1",9,7.8965855,0.8173751,0.0056143925,0.174228,0.031546164,0.18729632,0.011120414,0.31541896,0.0040095896,0.10152616,0.035838254,0.1654971,0.035756275
375316653866487564,5425924887614780160,0.5416187,2214.3386559428795,3.4160060966547223,8.558454E-6,18.305193,0.017923728,0.25439465,0.004473729,0.112112164,0.0116852885,0.20878708,0.016191896,0.748408,0.0048309932,0.09756946,0.012123952,0.19514766,0.015426506,null,null,null,null,"TWOGAUSSIANS",8,2.068705,0.25439465,0.004473729,0.4,0.0,0.18683428,0.006876619,0.748408,0.0048309932,0.4,0.0,0.17321461,0.013325571
375316653866487564,5425926025785018880,0.5145046,2233.657619511841,0.07651652521685691,1.1165548E-6,15.731553,0.0015422757,0.22645824,5.9906466E-7,0.0020109948,1.5373385E-5,0.26869935,3.8876166E-4,0.6957351,0.0015625628,0.015798002,0.0015867167,0.13880673,0.028236859,null,null,null,null,"TWOGAUSSIANS",8,19.25111,0.22645824,5.9906466E-7,0.011261571,8.609096E-5,0.26869935,3.8876166E-4,0.6957351,0.0015625628,0.08846881,0.008885614,0.13880673,0.028236859
375316653866487564,5425929770996403456,0.48376337,2237.032265674146,0.3379412279409422,1.7257997E-4,17.882574,0.0056265094,0.7632083,0.013879996,0.024388304,0.008618061,0.73528945,0.4094357,null,null,null,null,null,null,null,null,null,null,"ONEGAUSSIAN",5,30.704832,0.7632083,0.013879996,0.1365745,0.048261147,0.73528945,0.0,null,null,null,null,null,null
375316653866487564,5425932137517484032,0.48146352,2243.4332845863037,1.665085468814224,2.2517112E-5,18.67136,0.026375925,0.2682529,0.007188496,0.11886272,0.021872768,0.15363254,0.02328417,0.76611066,0.006021497,0.098359995,0.020283697,0.1349433,0.022827685,null,null,null,null,"TWOGAUSSIANS",8,2.4991786,0.2682529,0.007188496,0.4,0.0,0.13369642,0.0102173,0.76611066,0.006021497,0.4,0.0,0.1150508,0.0081596095
375316653866487564,5425935371633630720,0.45107388,2227.9242401693377,3.720646370687992,2.9780524E-5,18.326883,0.00979285,0.24219593,0.009725235,0.042825855,0.03331704,0.12693308,0.20038709,0.7782896,0.069534756,0.028671108,0.023736931,0.14993036,19.057955,0.07107441,0.016724875,0.24219593,0.009725235,"TWOGAUSSIANS_WITH_ELLIPSOIDAL_ON_ECLIPSE1",9,15.94422,0.7782896,0.069534756,0.16055821,0.13292682,0.28489262,19.059032,0.24219593,0.009725235,0.23982479,0.18657543,0.26908165,0.19808048
375316653866487564,5425938498364227584,0.57585657,2213.3915569128803,3.1236162265900873,3.5754058E-6,19.074965,0.01369745,0.27406535,0.0019257953,0.04803681,0.0055736476,0.37657192,0.05350483,0.77628016,0.0039826306,0.052498806,0.004427436,0.3930292,0.03404912,0.10759019,0.016612265,0.27406535,0.0019257953,"TWOGAUSSIANS_WITH_ELLIPSOIDAL_ON_ECLIPSE1",9,2.1882079,0.77628016,0.0039711334,0.2939933,0.024793642,0.6081617,0.02161352,0.27406535,0.0019257953,0.26900613,0.031212427,0.5917461,0.06024797
375316653866487564,5425939181264721408,0.5365438,2191.376650548549,3.1395628884357345,1.538702E-5,19.696072,0.029185625,0.16749835,0.005569124,0.072089404,0.0078229075,0.49444702,0.039681476,0.66487306,0.0034334504,0.07491824,0.0063555515,0.52949405,0.031458497,null,null,null,null,"TWOGAUSSIANS",8,2.6540372,0.66487306,0.0034334504,0.4,0.011139874,0.52652997,0.029668942,0.16749835,0.005569124,0.4,0.031888846,0.49148294,0.038967628
375316653866487564,5425945645188630656,0.5918774,2222.2085434251653,2.5466167398200033,4.843474E-6,18.40028,0.007352913,0.28202817,0.001949883,0.08552198,0.0029482357,0.5517364,0.01595614,0.77670234,0.0015034623,0.08194341,0.0023901544,0.5117349,0.01116665,null,null,null,null,"TWOGAUSSIANS",8,3.3846724,0.28202817,0.001949883,0.4,0.0,0.54052854,0.016633518,0.77670234,0.0015034623,0.4,0.0,0.5005271,0.0111586405
375316653866487564,5425945645188632576,0.5443634,2213.9384793000104,3.2024950587171674,7.281568E-6,19.43037,0.008767543,0.2659924,0.0025317634,0.08918977,0.0029029953,0.43790707,0.014296273,0.755785,0.0028651187,0.08900947,0.00445179,0.45097843,0.021497335,null,null,null,null,"TWOGAUSSIANS",8,1.3744227,0.755785,0.0028651187,0.4,0.0,0.43623087,0.023014806,0.2659924,0.0025317634,0.4,0.0,0.4231595,0.012962447
375316653866487564,5425949974522476160,0.5123112,2209.0129554048253,2.9895829781440937,1.6226972E-5,17.115334,0.027149383,0.2762215,0.0037676785,0.09535552,0.013735441,0.21409197,0.023822406,0.7707695,0.0042806817,0.09837909,0.017215934,0.19841628,0.02431608,null,null,null,null,"TWOGAUSSIANS",8,17.525883,0.2762215,0.0037676785,0.4,0.0,0.2003963,0.014589422,0.7707695,0.0042806817,0.4,0.0,0.18472007,0.017283443
375316653866487564,5425950588695333760,0.5668722,2206.350689038094,2.2454394320914837,6.8389163E-6,17.929682,0.0067682336,0.21615954,0.0027017165,0.030696396,0.015745774,0.06440589,0.01705541,0.7193128,0.009651074,0.054085463,0.009584596,0.09955011,0.017351981,0.09082319,0.009409462,0.21615954,0.0027017165,"TWOGAUSSIANS_WITH_ELLIPSOIDAL_ON_ECLIPSE1",9,4.6208067,0.7193128,0.008706135,0.3028786,0.05367374,0.28112274,0.011504618,0.21615954,0.0027017165,0.17189981,0.08817633,0.2460498,0.018787848
375316653866487564,5425951035371820928,0.60276216,2216.093438128153,0.9600413320734189,1.8885562E-6,12.426777,0.002926238,0.18032831,0.0020171686,0.031188844,0.0028145697,0.066583104,0.0058033234,0.6772813,4.428403E-4,0.03313136,0.0011711649,0.8024164,0.047471765,0.008992775,0.0034981968,0.18032831,0.0020171686,"TWOGAUSSIANS_WITH_ELLIPSOIDAL_ON_ECLIPSE1",9,196.50262,0.67729133,4.417968E-4,0.18553562,0.0065585235,0.8203953,0.048984878,0.18032831,0.0020171686,0.17465752,0.01576159,0.08456865,0.0032125814
375316653866487564,5425951516411652608,0.62823987,2185.265689602985,2.5385736528350935,4.832932E-6,18.44432,0.008281375,0.24173065,0.0017725923,0.042507,0.0031008902,0.29430658,0.024713956,0.7436303,0.0022721319,0.041640457,0.0032753104,0.2751919,0.022483552,0.13724138,0.0141981095,0.24173065,0.0017725923,"TWOGAUSSIANS_WITH_ELLIPSOIDAL_ON_ECLIPSE1",9,2.6871674,0.24173065,0.0017725923,0.2380392,0.017364984,0.5687887,0.0166237,0.7436303,0.0022721319,0.23318654,0.018341737,0.54963493,0.012668452
375316653866487564,5425957976041295872,0.6060402,2231.5947995890056,3.15421625156263,3.6991514E-6,18.334814,0.006144792,0.26624334,0.0016370241,0.047744785,0.0030613074,0.30762455,0.014393752,0.771485,0.002537683,0.047923684,0.0038428523,0.24763927,0.016484646,0.111943394,0.007850197,0.26624334,0.0016370241,"TWOGAUSSIANS_WITH_ELLIPSOIDAL_ON_ECLIPSE1",9,2.9079678,0.26624334,0.0016370241,0.2673708,0.017143322,0.5315102,0.007362265,0.771485,0.002537683,0.26837263,0.021519974,0.47128212,0.016717883
375316653866487564,5425961347596491264,0.6369083,2266.3030942099626,1.1911946701219391,3.9015313E-6,16.919792,0.0077642445,0.27462736,0.0010854256,0.057915606,0.007825911,0.09985553,0.016453372,0.77978253,0.0017353555,0.050663088,0.0064918227,0.15264465,0.013765704,0.086877085,0.011051633,0.27462736,0.0010854256,"TWOGAUSSIANS_WITH_ELLIPSOIDAL_ON_ECLIPSE1",9,3.4102423,0.77978253,0.0017353555,0.2837133,0.036354207,0.32620698,0.011273525,0.27462736,0.0010854256,0.32432738,0.043825105,0.2736001,0.006689679
375316653866487564,5425961721253371136,0.50766295,2236.459230833929,2.4339331633002725,1.2097609E-5,18.614206,0.003682335,0.38534382,0.010104626,0.0057014865,0.0060697948,0.39967725,5810.7974,0.86828303,0.0034351437,0.027382262,0.007916659,0.051728368,0.056563683,null,null,null,null,"TWOGAUSSIANS",8,2.7212343,0.38534382,0.010104626,0.031928327,0.033990853,0.39967725,5810.7974,0.86828303,0.0034351437,0.15334067,0.04433329,0.051728368,0.056563683
375316653866487564,5425964607471393152,0.57905173,2235.1490540049394,2.367412132039676,1.1152102E-5,17.326431,0.3582224,0.24416967,0.001958969,0.14233907,0.03782826,0.3426217,0.30458394,0.74547505,0.0023388148,0.17184861,0.07525422,0.33683625,0.35207307,null,null,null,null,"TWOGAUSSIANS",8,1.9363755,0.24394967,0.0020166466,0.4,0.0,0.16373645,0.0038540908,0.7455751,0.0023151366,0.4,0.0,0.14960569,0.0039826003
375316653866487564,5425966638996156544,0.5104918,2264.3850028731504,2.265967505451021,1.0887211E-5,16.273752,0.028282108,0.26720864,0.0036591669,0.1046375,0.012588336,0.30292216,0.02375861,0.756807,0.0050693653,0.088430546,0.01281164,0.27087152,0.024259733,null,null,null,null,"TWOGAUSSIANS",8,75.615204,0.26720864,0.0036591669,0.4,0.0,0.28550574,0.016223334,0.756807,0.0050693653,0.4,0.0,0.25346243,0.016048443
375316653866487564,5425970586066205056,0.5500301,2228.8142316197077,0.07182035376536641,1.4884791E-5,19.276619,0.0021203023,0.13004756,0.009451297,0.009435721,0.006720224,0.040526535,0.014910888,0.44858176,8.3826546E-4,0.0032256695,5.029663E-4,0.7329636,0.052821096,null,null,null,null,"TWOGAUSSIANS",8,0.93399084,0.44858176,8.3826546E-4,0.018063748,0.0028166112,0.7329636,0.052821096,0.13004756,0.009451297,0.052840035,0.037633255,0.040526535,0.014910888
375316653866487564,5425970792224683520,0.5544316,2220.1162572005037,0.6172040034702799,5.475579E-6,18.008932,0.0026437866,0.24476986,0.0057515735,0.034988243,0.0052556708,0.12634505,0.018456051,0.7401755,0.0013303953,0.031130567,0.0023483178,0.32159492,0.013418794,null,null,null,null,"TWOGAUSSIANS",8,4.2804112,0.7401755,0.0013303953,0.17433117,0.013150579,0.32159492,0.013418794,0.24476986,0.0057515735,0.19593415,0.029431757,0.12634505,0.018456051
375316653866487564,5425971994815454720,0.52889943,2216.1684287159924,2.8796342770693197,1.2874409E-5,18.952028,0.01190239,0.13924682,0.0045710565,0.08266062,0.0058712675,0.37610707,0.02185306,0.63831306,0.005528749,0.08722461,0.0066752248,0.3720093,0.018287122,null,null,null,null,"TWOGAUSSIANS",8,4.248583,0.13924682,0.0045710565,0.4,0.0,0.36642992,0.021785166,0.63831306,0.005528749,0.4,0.0,0.3623321,0.017132202
375316653866487564,5425972956888206080,0.5663138,2233.524582877858,2.8423737841342147,9.499556E-6,18.950546,0.015504994,0.28752965,0.0023488319,0.050999396,0.003835526,0.48432666,0.041018292,0.7906559,0.006095377,0.04442876,0.006485806,0.3396583,0.049186848,0.09639696,0.020143146,0.28752965,0.0023488319,"TWOGAUSSIANS_WITH_ELLIPSOIDAL_ON_ECLIPSE1",9,4.537103,0.28752965,0.0023488319,0.2855966,0.021478945,0.67711765,0.027993372,0.7906559,0.006095377,0.24880104,0.03632051,0.53237486,0.03743716
375316653866487564,5425973094327154304,0.5705972,2234.742202551228,0.6050919509914439,1.4442994E-5,18.248812,0.010238229,0.16471441,0.0073176804,0.035633974,0.00944985,0.058424875,0.022782763,0.6593237,0.03528832,0.037809327,0.012963697,0.43722048,0.25905856,0.024300758,0.011883599,0.16471441,0.0073176804,"TWOGAUSSIANS_WITH_ELLIPSOIDAL_ON_ECLIPSE1",9,3.6419356,0.65939367,0.034815256,0.21173224,0.07259671,0.4857669,0.25593746,0.16471441,0.0073176804,0.19955024,0.05291916,0.107026316,0.005982445
375316653866487564,5425973163045388416,0.49261016,2246.3572765869208,0.3275066640016436,1.6139273E-5,11.233809,0.001504066,0.14265625,0.003644209,0.016439743,0.01128031,0.22323132,0.03245671,0.6443648,0.002158972,0.01736192,0.0014102026,0.06499871,0.005620602,0.0029848642,0.0027270853,0.14265625,0.003644209,"TWOGAUSSIANS_WITH_ELLIPSOIDAL_ON_ECLIPSE1",9,39.547676,0.14265625,0.003644209,0.09206256,0.06316974,0.22920103,0.035531938,0.6443648,0.002158972,0.097226754,0.007897135,0.07096774,0.0052786
375316653866487564,5425974060692292736,0.42953062,2221.563007076183,3.287175889908426,6.4383756E-5,18.261223,0.18807618,0.27522674,0.033104226,0.105342224,0.053504586,0.20377742,0.14682364,0.74098694,0.019823726,0.14560613,0.11057882,0.14136064,0.18474004,null,null,null,null,"TWOGAUSSIANS",8,15.180139,0.27602676,0.029991932,0.4,0.021277092,0.1715786,0.043524675,0.74098694,0.019823726,0.4,0.0,0.108151376,0.0139547875
375316653866487564,5425975435088998400,0.5647985,2243.57529084948,3.0836607711241673,6.2026534E-6,16.387852,0.0022414897,0.2664208,0.0022712937,0.06125401,0.0029153745,0.09457516,0.0027170451,0.76160425,0.0019587853,0.07241835,0.0028318688,0.12783001,0.0036123632,null,null,null,null,"TWOGAUSSIANS",8,4.113505,0.76160425,0.0019587853,0.4,0.0,0.12765251,0.0036035976,0.2664208,0.0022712937,0.34302247,0.016326098,0.09439766,0.0026808637
375316653866487564,5425975877462926976,0.561053,2223.689755933156,0.4288423434775299,1.1959568E-5,18.169779,0.0020008362,0.114058316,7.8015384E-4,0.011566152,7.594705E-4,0.18276288,0.009589669,0.61447203,0.009645263,0.010019427,0.004383355,0.1788538,0.2384661,null,null,null,null,"TWOGAUSSIANS",8,1.2288358,0.114058316,7.8015384E-4,0.064770445,0.004253035,0.18276288,0.009589669,0.61447203,0.009645263,0.05610879,0.024546787,0.1788538,0.2384661
