Gaia/vari_eclipsing_binary/VariEclipsingBinary_464864-464898.csv
# %ECSV 1.0
# ---
# delimiter: ','
# meta: !!omap
# - RELEASE: Gaia DR3
# - TABLE: vari_eclipsing_binary
# - DESCRIPTION: >
#     This table describes the properties of the eclipsing binaries resulting from the variability analysis. 
# - CITATION: >
#     How to cite and acknowledge Gaia: 
#     https://gea.esac.esa.int/archive/documentation/credits.html 
# - KNOWN_ISSUES: >
#     Known issues: 
#     https://www.cosmos.esa.int/web/gaia-users/known-issues 
# - DOCUMENTATION: >
#     Tutorials and documentation: 
#     https://www.cosmos.esa.int/web/gaia-users/archive 
# datatype:
# - 
#   name: solution_id
#   datatype: int64
#   description: Solution Identifier
#   meta:
#     ucd: meta.version
# - 
#   name: source_id
#   datatype: int64
#   description: Unique source identifier
#   meta:
#     ucd: meta.id;meta.main
# - 
#   name: global_ranking
#   datatype: float32
#   description: Number between 0 (worst) and 1 (best)
#   meta:
#     ucd: stat.param
# - 
#   name: reference_time
#   datatype: float64
#   unit: d
#   description: Reference time used for the geometric model fit
#   meta:
#     ucd: time.epoch
# - 
#   name: frequency
#   datatype: float64
#   unit: d**-1
#   description: Frequency of geometric model of the eclipsing binary light curve
#   meta:
#     ucd: src.orbital
# - 
#   name: frequency_error
#   datatype: float32
#   unit: d**-1
#   description: "Uncertainty of \\texttt{frequency}"
#   meta:
#     ucd: stat.error
# - 
#   name: geom_model_reference_level
#   datatype: float32
#   unit: mag
#   description: Magnitude reference level of geometric model
#   meta:
#     ucd: phot.mag;em.opt
# - 
#   name: geom_model_reference_level_error
#   datatype: float32
#   unit: mag
#   description: "Uncertainty of \\texttt{geomModelReferenceLevel}"
#   meta:
#     ucd: stat.error;phot.mag;em.opt
# - 
#   name: geom_model_gaussian1_phase
#   datatype: float32
#   description: Phase of the Gaussian 1 component
#   meta:
#     ucd: time.phase
# - 
#   name: geom_model_gaussian1_phase_error
#   datatype: float32
#   description: "Uncertainty of \\texttt{geomModelGaussian1Phase}"
#   meta:
#     ucd: stat.error;time.phase
# - 
#   name: geom_model_gaussian1_sigma
#   datatype: float32
#   description: "Standard deviation [phase] of Gaussian 1 component"
#   meta:
#     ucd: stat.stdev
# - 
#   name: geom_model_gaussian1_sigma_error
#   datatype: float32
#   description: "Uncertainty of \\texttt{geomModelGaussian1Sigma}"
#   meta:
#     ucd: stat.error
# - 
#   name: geom_model_gaussian1_depth
#   datatype: float32
#   unit: mag
#   description: Magnitude depth of Gaussian 1 component
#   meta:
#     ucd: src.var.amplitude
# - 
#   name: geom_model_gaussian1_depth_error
#   datatype: float32
#   unit: mag
#   description: "Uncertainty of \\texttt{geomModelGaussian1Depth}"
#   meta:
#     ucd: stat.error;src.var.amplitude
# - 
#   name: geom_model_gaussian2_phase
#   datatype: float32
#   description: Phase of Gaussian 2 component
#   meta:
#     ucd: time.phase
# - 
#   name: geom_model_gaussian2_phase_error
#   datatype: float32
#   description: "Uncertainty of \\texttt{geomModelGaussian2Phase}"
#   meta:
#     ucd: stat.error;time.phase
# - 
#   name: geom_model_gaussian2_sigma
#   datatype: float32
[...]
#   datatype: float32
#   description: "Secondary eclipse: uncertainty of \\texttt{derivedSecondaryEclDuration}"
#   meta:
#     ucd: stat.error;time.duration
# - 
#   name: derived_secondary_ecl_depth
#   datatype: float32
#   unit: mag
#   description: "Secondary eclipse: depth"
#   meta:
#     ucd: src.var.amplitude
# - 
#   name: derived_secondary_ecl_depth_error
#   datatype: float32
#   unit: mag
#   description: "Secondary eclipse: uncertainty of \\texttt{derivedSecondaryEclDepth}"
#   meta:
#     ucd: stat.error;src.var.amplitude
solution_id,source_id,global_ranking,reference_time,frequency,frequency_error,geom_model_reference_level,geom_model_reference_level_error,geom_model_gaussian1_phase,geom_model_gaussian1_phase_error,geom_model_gaussian1_sigma,geom_model_gaussian1_sigma_error,geom_model_gaussian1_depth,geom_model_gaussian1_depth_error,geom_model_gaussian2_phase,geom_model_gaussian2_phase_error,geom_model_gaussian2_sigma,geom_model_gaussian2_sigma_error,geom_model_gaussian2_depth,geom_model_gaussian2_depth_error,geom_model_cosine_half_period_amplitude,geom_model_cosine_half_period_amplitude_error,geom_model_cosine_half_period_phase,geom_model_cosine_half_period_phase_error,model_type,num_model_parameters,reduced_chi2,derived_primary_ecl_phase,derived_primary_ecl_phase_error,derived_primary_ecl_duration,derived_primary_ecl_duration_error,derived_primary_ecl_depth,derived_primary_ecl_depth_error,derived_secondary_ecl_phase,derived_secondary_ecl_phase_error,derived_secondary_ecl_duration,derived_secondary_ecl_duration_error,derived_secondary_ecl_depth,derived_secondary_ecl_depth_error
[from data line 451]
375316653866487564,4089277227682649728,0.43373948,2313.2838124136083,4.849309450978028,4.2624568E-5,17.667265,0.06738172,0.28241888,0.011448895,0.17875735,0.035214204,0.42285132,0.057844702,0.6724075,0.008314252,0.038546775,0.011354718,0.15641813,0.04896908,null,null,null,null,"TWOGAUSSIANS",8,13.831537,0.28241888,0.011448895,0.4,0.0,0.40472507,0.0454736,0.6724075,0.008314252,0.21586193,0.06358642,0.17868508,0.054891553
375316653866487564,4089277326605921408,0.5112571,2246.896092638282,0.2641177177576844,5.7324818E-5,18.852343,0.44060197,0.2967695,0.012963853,0.076725446,0.033645965,0.37990126,0.34702626,0.76844937,0.03832438,0.079837345,0.12823758,0.46382734,0.35594732,null,null,null,null,"TWOGAUSSIANS",8,10.706845,0.76844937,0.03832438,0.4,0.05725796,0.460996,0.08394243,0.2967695,0.009798505,0.4,4.8972433E-4,0.37706992,0.121557124
375316653866487564,4089277360861442304,0.64526707,2263.5723441060213,0.9054987374929861,8.080857E-6,17.636219,0.0034720625,0.7247488,0.06822946,0.038862273,0.08751985,0.02761037,5573951.5,0.47372347,0.005494867,0.06654509,0.0025846164,1.0786829,0.04799447,null,null,null,null,"TWOGAUSSIANS",8,7.3444457,0.47372347,0.005412004,0.3726525,0.014473853,1.0786829,0.049783736,0.7215188,0.2448959,0.21762873,0.32760984,0.028566912,5573951.5
375316653866487564,4089277429570860032,0.4465826,2282.785963806115,1.750862669191645,2.8545173E-5,18.899378,0.009951145,0.25953197,0.024219118,0.039272204,0.016561974,0.13748647,0.014719769,0.7437547,0.008226519,0.06062937,0.0100657875,0.13886067,0.1320547,null,null,null,null,"TWOGAUSSIANS",8,3.505542,0.7437547,0.008226519,0.33952448,0.05636841,0.13886023,0.13205609,0.25953197,0.024219118,0.21992435,0.092747055,0.13748604,0.014702853
375316653866487564,4089277429687106560,0.5669383,2272.9243214096873,2.7389032164992964,2.3106464E-5,17.975018,0.02863358,0.19620739,0.0068080714,0.09196006,0.013744537,0.25468534,0.025532503,0.6918503,0.0055277357,0.09419564,0.019501323,0.25207764,0.018685564,null,null,null,null,"TWOGAUSSIANS",8,3.6919658,0.19620739,0.0068088565,0.4,0.0,0.24177954,0.014305529,0.6918503,0.0055277357,0.4,0.0,0.23917162,0.0229208
375316653866487564,4089277532630797184,0.5937916,2284.2771206309903,3.108383432879182,8.215963E-6,16.942938,0.008549133,0.2875234,0.0016690366,0.06973742,0.004295582,0.2638113,0.008109283,0.7816175,0.0017980982,0.076013185,0.0036246509,0.32690504,0.009666296,null,null,null,null,"TWOGAUSSIANS",8,9.559434,0.7816175,0.0017980982,0.4,0.0,0.3254788,0.009337801,0.2875234,0.0016690366,0.39052954,0.02157103,0.262385,0.007906882
375316653866487564,4089277532659768320,0.60234356,2252.4932174329924,1.5502512480049764,4.057853E-5,18.32669,0.0068079475,0.25899294,0.024025328,0.045543067,0.013466962,0.7392699,0.10961044,0.7663855,0.024939738,0.04105578,0.021323267,0.5391878,0.25039867,null,null,null,null,"TWOGAUSSIANS",8,4.817399,0.25899294,0.024025328,0.25504118,0.075414985,0.73926985,0.10961117,0.7663855,0.024939738,0.22991237,0.1194103,0.5391878,0.2504017
375316653866487564,4089277635845315584,0.49252707,2299.9583769114306,0.4353058289514572,1.4973628E-4,19.64055,0.059010126,0.34850553,0.007796292,0.10131641,0.03768597,0.22610305,0.053229537,0.80317855,0.01942023,0.07124503,0.028026171,0.28723356,0.057000685,null,null,null,null,"TWOGAUSSIANS",8,1.5237092,0.80317855,0.01942023,0.39897215,0.08964106,0.2839244,0.05084414,0.34850553,0.0077946372,0.4,0.0,0.22278419,0.05299897
375316653866487564,4089277639999813760,0.5906847,2269.9906100046805,1.3837676616437784,1.8270255E-5,18.060675,0.017972454,0.15646464,0.027858146,0.048195064,0.026350535,0.39842498,0.15014057,0.65819824,0.005580551,0.04010979,0.0055936216,0.55449235,0.045716707,0.03908104,0.020354703,0.15646464,0.027858146,"TWOGAUSSIANS_WITH_ELLIPSOIDAL_ON_ECLIPSE1",9,11.605652,0.65819824,0.0055693015,0.22461483,0.031324282,0.6326446,0.03381797,0.15646464,0.027858146,0.26989236,0.147563,0.47658646,0.13838676
375316653866487564,4089277777486264576,0.5198764,2249.520389676379,0.12678770566273356,1.9542822E-4,19.188492,0.06475787,0.24922936,0.00977412,0.08887855,0.022692975,0.735004,0.1886211,0.7475626,0.03352121,0.05962727,0.024793793,0.84613407,0.25955337,null,null,null,null,"TWOGAUSSIANS",8,8.388672,0.7475626,0.03352121,0.3339127,0.12521811,0.84107614,0.25973892,0.24922936,0.00977412,0.4,0.0,0.72994584,0.19189708
375316653866487564,4089277807644266496,0.61311626,2266.451716841288,1.2399804101085055,1.1715925E-5,18.464436,0.004665951,0.6946662,0.006348618,0.042697772,0.005013775,0.8160761,0.033032145,null,null,null,null,null,null,null,null,null,null,"ONEGAUSSIAN",5,4.3937993,0.6946662,0.006348618,0.23910753,0.02807714,0.8160761,0.0,null,null,null,null,null,null
375316653866487564,4089278086723839360,0.4756129,2219.7884250091415,0.884041191291359,6.028273E-5,19.474371,0.013831306,0.2897005,0.01776221,0.05563174,0.031555396,0.1737915,0.043174878,0.82046175,0.0067317537,0.04612265,0.015774991,0.20316863,0.038886532,null,null,null,null,"TWOGAUSSIANS",8,2.036424,0.82046175,0.0067317537,0.25828686,0.08833995,0.20316817,0.038887054,0.2897005,0.01776221,0.3115377,0.11109479,0.17379104,0.04321714
375316653866487564,4089278254182797056,0.66839755,2295.961075744493,3.278354302753299,6.5157446E-6,17.15002,0.006101982,0.21640424,0.002004958,0.077458546,0.0028260255,0.3507651,0.006932471,0.7359825,0.008618855,0.094190426,0.0060693687,0.40308282,0.026210409,null,null,null,null,"TWOGAUSSIANS",8,2.1085424,0.7359825,0.008618855,0.4,0.0,0.39536533,0.025585052,0.21640424,0.002004958,0.4,0.0,0.3430486,0.005850082
375316653866487564,4089278292836190976,0.68077457,2295.6256810872906,1.321559341143182,3.0497127E-5,16.125992,0.0055267657,0.2509696,0.0069711935,0.037411857,0.008533173,0.1640227,0.032770053,0.76075655,0.00589978,0.037676096,0.0037112662,0.56135464,0.014765815,0.018334107,0.006690833,0.2509696,0.0069711935,"TWOGAUSSIANS_WITH_ELLIPSOIDAL_ON_ECLIPSE1",9,12.213571,0.76075655,0.00589978,0.21098615,0.020783091,0.59788436,0.0065442175,0.2509696,0.0069711935,0.20950639,0.04778577,0.20069091,0.03657658
375316653866487564,4089278430273818496,0.46533823,2268.0153715758747,3.3341212543185423,2.355594E-5,18.293026,0.0079751685,0.7805677,0.0060054706,0.03816426,0.010769079,0.13941887,0.03315735,null,null,null,null,null,null,0.057546686,0.00976556,0.7805677,0.0060054706,"ONEGAUSSIAN_WITH_ELLIPSOIDAL",6,16.319174,0.7805677,0.0060054706,0.21371987,0.060306847,0.25451225,0.034026124,null,null,null,null,null,null
375316653866487564,4089278567714306304,0.53979117,2284.556231788764,2.6327325704285687,3.3704524E-5,17.501438,0.029345337,0.35555518,0.04102267,0.043034434,0.06794661,0.34963733,0.40339696,0.7676843,0.03502568,0.13686189,0.067204505,0.033667263,0.029947363,null,null,null,null,"TWOGAUSSIANS",8,1.3026435,0.35559517,0.036957625,0.24099283,0.15751083,0.3495538,0.41710252,0.7676843,0.03502568,0.4,0.0,0.0332187,0.00752337
375316653866487564,4089278666521223808,0.61539936,2303.340202559967,1.5432322432559247,1.3242651E-5,17.147743,0.016198395,0.22212358,0.0030363982,0.1086325,0.008637517,0.19407725,0.016519094,0.73544556,0.0020450654,0.10163587,0.009404582,0.18415996,0.014788202,null,null,null,null,"TWOGAUSSIANS",8,1.5828204,0.22212358,0.0030340222,0.4,0.0,0.17486568,0.0057607912,0.7354556,0.002045092,0.4,0.0,0.16495718,0.0041539087
375316653866487564,4089278700998636928,0.50155014,2270.85065466136,2.540452605850743,2.6128197E-5,18.658474,0.00824884,null,null,null,null,null,null,null,null,null,null,null,null,0.12370431,0.011452425,0.22850946,0.008238356,"ELLIPSOIDAL",4,7.2562876,null,null,null,null,null,null,null,null,null,null,null,null
375316653866487564,4089278907157664896,0.48111436,2255.7588951647213,2.4951777179231405,2.987013E-5,19.006517,0.06582965,0.18663782,0.010972471,0.078325674,0.033359468,0.2109805,0.045598246,0.67893153,0.017369,0.11726106,0.044920165,0.1990214,0.056467433,null,null,null,null,"TWOGAUSSIANS",8,4.8356295,0.18664782,0.01100572,0.4,0.06115144,0.19733904,0.029035809,0.67893153,0.017369,0.4,0.0,0.1853334,0.02104955
375316653866487564,4089279078958854272,0.5605501,2293.0185367090667,2.541359304067989,2.4897445E-5,19.666834,0.16499905,0.2565411,0.016367033,0.07683004,0.033302292,0.58983064,0.16711247,0.7539993,0.013301304,0.10127075,0.02859792,0.75958264,0.17056392,null,null,null,null,"TWOGAUSSIANS",8,3.22768,0.7539993,0.013301304,0.4,0.0,0.73439187,0.08408898,0.2565411,0.016468992,0.4,0.0,0.5646477,0.10032895
375316653866487564,4089279113208184448,0.6029616,2262.577808600778,1.1938476401909472,2.1551994E-5,17.572365,0.013636169,0.24698597,0.00953588,0.09939615,0.019669626,0.1617419,0.010985504,0.7388114,0.0019167332,0.0885201,0.0074659525,0.18823251,0.012690169,null,null,null,null,"TWOGAUSSIANS",8,1.2199023,0.7388114,0.0019167332,0.4,0.0,0.17928888,0.004331479,0.24698597,0.00953588,0.4,0.0,0.1527972,0.012461051
375316653866487564,4089279422555887232,0.5259804,2290.2686956813272,1.8302975425190464,1.9106765E-5,19.262287,0.010811997,0.465813,0.007052924,0.04859955,0.0067468104,0.4862004,0.06943013,0.7856892,0.011796068,0.057851862,0.010784485,0.4356474,0.05169761,null,null,null,null,"TWOGAUSSIANS",8,2.9613295,0.465813,0.007052924,0.27215746,0.037782136,0.48620048,0.069430135,0.7856892,0.011796068,0.32397044,0.060393117,0.4356474,0.05169761
375316653866487564,4089279461113262720,0.44733107,2345.618119509869,2.9775010466736798,8.507978E-5,19.112566,0.011075695,0.5094523,0.024307067,0.05868727,0.020935303,0.06703866,0.023862617,0.7348509,0.02219083,0.064225584,0.015967144,0.15615715,0.030003576,null,null,null,null,"TWOGAUSSIANS",8,2.0565388,0.7348509,0.02219083,0.35966328,0.06516482,0.15619916,0.030039959,0.5104223,0.022891419,0.32864872,0.117237695,0.06737787,0.023832716
375316653866487564,4089279491226236032,0.57134044,2205.699558418787,2.573809876556913,2.488794E-5,19.279697,0.029133057,0.35608155,0.024590176,0.072622284,0.025091592,0.4064393,0.062208153,0.84583664,0.0029720624,0.0645455,0.006897304,0.47230116,0.044849694,null,null,null,null,"TWOGAUSSIANS",8,2.3194826,0.84583664,0.0029720624,0.36145476,0.038624905,0.47144002,0.044822153,0.35608155,0.024590176,0.4,0.10161221,0.4055782,0.060578674
375316653866487564,4089279491226240128,0.54617673,2286.147095409918,1.6490883956407927,4.4923072E-5,18.609539,0.0072393245,0.6066973,0.006424605,0.060132835,0.011198942,0.5214175,0.17055681,null,null,null,null,null,null,null,null,null,null,"ONEGAUSSIAN",5,4.2230783,0.6066973,0.006424605,0.33674386,0.062464528,0.5214175,0.0,null,null,null,null,null,null
375316653866487564,4089279598594250496,0.48553294,2209.9968978831575,3.1312392658109642,4.8723396E-6,18.74245,0.0049577495,0.5046806,0.002894344,0.040916596,0.0038237285,0.25846186,0.025203198,null,null,null,null,null,null,null,null,null,null,"ONEGAUSSIAN",5,2.2352228,0.5046806,0.002894344,0.22913294,0.02141288,0.25846186,0.0,null,null,null,null,null,null
375316653866487564,4089279632911337088,0.5580772,2245.742346552178,2.3148865733203836,1.4273242E-5,18.794144,0.013103711,0.2561178,0.066953905,0.086332455,0.048256677,0.51717746,1.3845766,0.74443203,0.0029426152,0.074102335,0.007034814,0.35605752,0.029929182,null,null,null,null,"TWOGAUSSIANS",8,2.797274,0.2561178,0.066953905,0.4,0.15671623,0.51181424,1.3901765,0.74443203,0.0029426152,0.4,0.0028937762,0.35069442,0.031094382
375316653866487564,4089279697384806400,0.55068344,2281.647469601455,1.0058065888222323,4.3108957E-5,17.352484,0.004904254,0.2697673,0.012206062,0.051764395,0.029588886,0.26125953,0.1541415,0.77329427,0.0072436025,0.07191424,0.007776818,0.07586677,0.0061351387,null,null,null,null,"TWOGAUSSIANS",8,3.4291012,0.2697673,0.012206062,0.2898806,0.112301014,0.2611975,0.15516979,0.77329427,0.0072436025,0.4,0.015022853,0.07580473,0.005846045
375316653866487564,4089279701630853376,0.5821067,2244.930680819098,0.7882329825508614,3.55402E-5,17.465017,0.003614475,0.6357091,0.001831698,0.036191132,0.0018504461,0.47193432,0.03545074,null,null,null,null,null,null,0.01631466,0.0057636076,0.6357091,0.001831698,"ONEGAUSSIAN_WITH_ELLIPSOIDAL",6,6.6384215,0.6357091,0.001831698,0.20267034,0.0103624975,0.50456357,0.035882432,null,null,null,null,null,null
375316653866487564,4089279735991335296,0.4651926,2249.470748416662,2.623546123802426,8.341058E-5,19.135622,0.010599801,0.22282195,0.045798812,0.080761515,0.045795992,0.17105295,0.08869494,0.7592774,0.017999556,0.060760453,0.013745649,0.23263025,0.031124625,null,null,null,null,"TWOGAUSSIANS",8,4.7259126,0.7592774,0.017999556,0.34025854,0.07697563,0.23233804,0.031061046,0.22282195,0.045798812,0.4,0.17591996,0.17076074,0.08882734
375316653866487564,4089279907789308032,0.5033038,2220.1705889019154,1.221544781147356,2.8234203E-5,17.86808,0.025104977,0.2563909,0.007678201,0.09366598,0.014334559,0.1739056,0.02493201,0.7568589,0.006605217,0.09970428,0.027357368,0.08534876,0.023293748,null,null,null,null,"TWOGAUSSIANS",8,3.3487866,0.2563909,0.007678201,0.4,0.0,0.1655592,0.011183224,0.7568589,0.006605217,0.4,0.0,0.07700201,0.011675764
375316653866487564,4089280006622588160,0.533892,2278.4211721006404,0.4234493523275811,1.565383E-4,19.273832,0.0088119125,0.0940606,0.011432591,0.07403891,0.022846296,0.057943746,0.010489922,0.5369322,0.007873216,0.106311545,0.008940175,0.3301934,0.019926729,null,null,null,null,"TWOGAUSSIANS",8,1.4797182,0.5369322,0.007873216,0.4,0.0,0.3275733,0.019437075,0.0942706,0.01175147,0.4,0.021590507,0.055380534,0.01046665
375316653866487564,4089280109701938176,0.542976,2233.0635041188575,2.097593371331189,1.7523289E-5,18.525274,0.0116464775,0.28818297,0.0052198814,0.07044931,0.009688133,0.39391768,0.06318121,0.7913076,0.005256419,0.07339609,0.0050751464,0.3849197,0.0191028,null,null,null,null,"TWOGAUSSIANS",8,6.5925617,0.28818297,0.0052198814,0.39451614,0.0254694,0.39220095,0.06520674,0.7913076,0.005256419,0.4,0.0,0.38320297,0.018194053
375316653866487564,4089280109701946112,0.5462091,2302.7135014291994,2.676177441112971,3.5909154E-5,19.47935,0.012094247,0.26309112,0.009844252,0.046126433,0.015290233,0.5094932,0.028640263,0.75415444,0.0071864575,0.05855993,0.00823444,0.51090235,0.09131324,null,null,null,null,"TWOGAUSSIANS",8,2.0428045,0.75415444,0.0071864575,0.3279356,0.046112865,0.51089483,0.09133347,0.26309112,0.009844252,0.25830802,0.085625306,0.50948566,0.028675666
375316653866487564,4089280212781559424,0.49760604,2239.5231300210553,2.565122576534544,3.5228943E-5,18.721666,0.017085461,0.19604081,0.0049732327,0.056980763,0.011468036,0.2693151,0.027809028,0.7066548,0.012131234,0.06735188,0.01667709,0.18181412,0.043719046,null,null,null,null,"TWOGAUSSIANS",8,2.4542909,0.19604081,0.0049732327,0.31909227,0.064221,0.26922095,0.028063964,0.7066548,0.012131234,0.37717053,0.080067724,0.18171996,0.043833304
375316653866487564,4089280315860551040,0.46410102,2188.880354319162,1.6193218080590672,2.8293258E-5,18.960796,0.02542448,0.31903753,0.014600694,0.035048146,0.007185317,0.20686123,0.052651998,0.60554576,0.010791677,0.12235575,0.020122066,0.20558152,0.02506574,null,null,null,null,"TWOGAUSSIANS",8,4.2908483,0.32057753,0.014679354,0.19626963,0.040237773,0.22021371,0.0549601,0.60554576,0.010791677,0.4,0.0,0.20548426,0.024852913
375316653866487564,4089280384580004992,0.43789005,2189.1274958193167,0.6829583131313173,5.0911287E-5,18.99528,0.121085644,0.2243844,0.012647902,0.19852129,0.07214799,0.28292778,0.11425655,0.69964296,0.017414797,0.08519948,0.027112339,0.3549653,0.058462564,null,null,null,null,"TWOGAUSSIANS",8,5.2087755,0.69964296,0.017414797,0.4,0.0,0.28201494,0.04029397,0.2243844,0.012640596,0.4,0.0,0.18526642,0.023212219
