Gaia/vari_eclipsing_binary/VariEclipsingBinary_045327-045787.csv
# %ECSV 1.0
# ---
# delimiter: ','
# meta: !!omap
# - RELEASE: Gaia DR3
# - TABLE: vari_eclipsing_binary
# - DESCRIPTION: >
#     This table describes the properties of the eclipsing binaries resulting from the variability analysis. 
# - CITATION: >
#     How to cite and acknowledge Gaia: 
#     https://gea.esac.esa.int/archive/documentation/credits.html 
# - KNOWN_ISSUES: >
#     Known issues: 
#     https://www.cosmos.esa.int/web/gaia-users/known-issues 
# - DOCUMENTATION: >
#     Tutorials and documentation: 
#     https://www.cosmos.esa.int/web/gaia-users/archive 
# datatype:
# - 
#   name: solution_id
#   datatype: int64
#   description: Solution Identifier
#   meta:
#     ucd: meta.version
# - 
#   name: source_id
#   datatype: int64
#   description: Unique source identifier
#   meta:
#     ucd: meta.id;meta.main
# - 
#   name: global_ranking
#   datatype: float32
#   description: Number between 0 (worst) and 1 (best)
#   meta:
#     ucd: stat.param
# - 
#   name: reference_time
#   datatype: float64
#   unit: d
#   description: Reference time used for the geometric model fit
#   meta:
#     ucd: time.epoch
# - 
#   name: frequency
#   datatype: float64
#   unit: d**-1
#   description: Frequency of geometric model of the eclipsing binary light curve
#   meta:
#     ucd: src.orbital
# - 
#   name: frequency_error
#   datatype: float32
#   unit: d**-1
#   description: "Uncertainty of \\texttt{frequency}"
#   meta:
#     ucd: stat.error
# - 
#   name: geom_model_reference_level
#   datatype: float32
#   unit: mag
#   description: Magnitude reference level of geometric model
#   meta:
#     ucd: phot.mag;em.opt
# - 
#   name: geom_model_reference_level_error
#   datatype: float32
#   unit: mag
#   description: "Uncertainty of \\texttt{geomModelReferenceLevel}"
#   meta:
#     ucd: stat.error;phot.mag;em.opt
# - 
#   name: geom_model_gaussian1_phase
#   datatype: float32
#   description: Phase of the Gaussian 1 component
#   meta:
#     ucd: time.phase
# - 
#   name: geom_model_gaussian1_phase_error
#   datatype: float32
#   description: "Uncertainty of \\texttt{geomModelGaussian1Phase}"
#   meta:
#     ucd: stat.error;time.phase
# - 
#   name: geom_model_gaussian1_sigma
#   datatype: float32
#   description: "Standard deviation [phase] of Gaussian 1 component"
#   meta:
#     ucd: stat.stdev
# - 
#   name: geom_model_gaussian1_sigma_error
#   datatype: float32
#   description: "Uncertainty of \\texttt{geomModelGaussian1Sigma}"
#   meta:
#     ucd: stat.error
# - 
#   name: geom_model_gaussian1_depth
#   datatype: float32
#   unit: mag
#   description: Magnitude depth of Gaussian 1 component
#   meta:
#     ucd: src.var.amplitude
# - 
#   name: geom_model_gaussian1_depth_error
#   datatype: float32
#   unit: mag
#   description: "Uncertainty of \\texttt{geomModelGaussian1Depth}"
#   meta:
#     ucd: stat.error;src.var.amplitude
# - 
#   name: geom_model_gaussian2_phase
#   datatype: float32
#   description: Phase of Gaussian 2 component
#   meta:
#     ucd: time.phase
# - 
#   name: geom_model_gaussian2_phase_error
#   datatype: float32
#   description: "Uncertainty of \\texttt{geomModelGaussian2Phase}"
#   meta:
#     ucd: stat.error;time.phase
# - 
#   name: geom_model_gaussian2_sigma
#   datatype: float32
[...]
#   datatype: float32
#   description: "Secondary eclipse: uncertainty of \\texttt{derivedSecondaryEclDuration}"
#   meta:
#     ucd: stat.error;time.duration
# - 
#   name: derived_secondary_ecl_depth
#   datatype: float32
#   unit: mag
#   description: "Secondary eclipse: depth"
#   meta:
#     ucd: src.var.amplitude
# - 
#   name: derived_secondary_ecl_depth_error
#   datatype: float32
#   unit: mag
#   description: "Secondary eclipse: uncertainty of \\texttt{derivedSecondaryEclDepth}"
#   meta:
#     ucd: stat.error;src.var.amplitude
solution_id,source_id,global_ranking,reference_time,frequency,frequency_error,geom_model_reference_level,geom_model_reference_level_error,geom_model_gaussian1_phase,geom_model_gaussian1_phase_error,geom_model_gaussian1_sigma,geom_model_gaussian1_sigma_error,geom_model_gaussian1_depth,geom_model_gaussian1_depth_error,geom_model_gaussian2_phase,geom_model_gaussian2_phase_error,geom_model_gaussian2_sigma,geom_model_gaussian2_sigma_error,geom_model_gaussian2_depth,geom_model_gaussian2_depth_error,geom_model_cosine_half_period_amplitude,geom_model_cosine_half_period_amplitude_error,geom_model_cosine_half_period_phase,geom_model_cosine_half_period_phase_error,model_type,num_model_parameters,reduced_chi2,derived_primary_ecl_phase,derived_primary_ecl_phase_error,derived_primary_ecl_duration,derived_primary_ecl_duration_error,derived_primary_ecl_depth,derived_primary_ecl_depth_error,derived_secondary_ecl_phase,derived_secondary_ecl_phase_error,derived_secondary_ecl_duration,derived_secondary_ecl_duration_error,derived_secondary_ecl_depth,derived_secondary_ecl_depth_error
375316653866487564,398712847861431296,0.5722378,2262.2289560705312,4.044218459227306,1.3531535E-5,17.525337,0.00592011,0.2625557,0.0018508321,0.07848663,0.007405047,0.15701321,0.0074680713,0.7708906,0.008923808,0.08586264,0.0069899606,0.16115232,0.010824408,null,null,null,null,"TWOGAUSSIANS",8,1.6207663,0.7708906,0.008923808,0.4,0.0,0.15849142,0.010243737,0.2625557,0.0018508321,0.4,0.0,0.1543523,0.008743343
375316653866487564,398716386914472192,0.46989033,2295.7122020361444,0.12277288353089796,2.8658307E-5,15.590749,0.013783581,0.16941053,0.0067211776,0.06518456,0.010526728,0.29096425,0.080475345,0.7037034,0.008551107,0.103748284,0.014866901,0.14856729,0.024894781,null,null,null,null,"TWOGAUSSIANS",8,22.255041,0.16941053,0.0067272126,0.36503357,0.053057782,0.2884883,0.08174821,0.7037034,0.008551107,0.4,0.0,0.14608482,0.024416124
375316653866487564,398719925967503104,0.5195206,2267.7670827246275,0.02655039795654798,4.825679E-5,17.73888,0.005086134,0.26961574,0.008741064,0.03945133,0.012064018,0.17241149,0.06438368,0.7086257,0.016814971,0.10960521,0.020683605,0.13638349,0.008241063,null,null,null,null,"TWOGAUSSIANS",8,3.8367014,0.26962572,0.00876662,0.22092746,0.0675585,0.17224172,0.06459757,0.7086257,0.016814971,0.4,0.0,0.13616864,0.008300377
375316653866487564,398721777096465152,0.5708452,2239.503867626767,2.8457944010705534,9.154076E-6,18.137678,0.00972326,0.29102144,0.008643886,0.06958984,0.011807645,0.50906366,0.21188408,0.78539354,0.0021687453,0.077796884,0.0033219177,0.39064315,0.018665662,null,null,null,null,"TWOGAUSSIANS",8,4.536314,0.29102144,0.008643886,0.38970307,0.037881438,0.5066085,0.21419917,0.78539354,0.0021687453,0.4,0.0,0.38818794,0.018423576
375316653866487564,398734833796523776,0.6307868,2251.9690428704107,2.753021722758948,2.6305426E-5,14.592372,0.010626008,0.24340273,0.0032265116,0.05481105,0.0086156,0.14456435,0.027518757,0.75415915,0.008498532,0.0693781,0.0071867593,0.17537022,0.021063011,0.084110215,0.012368951,0.24340273,0.0032265116,"TWOGAUSSIANS_WITH_ELLIPSOIDAL_ON_ECLIPSE1",9,86.86412,0.75415915,0.008498532,0.38851738,0.039102912,0.3426703,0.0068856594,0.24340273,0.0032265116,0.30694187,0.04824736,0.31263164,0.016480433
375316653866487564,398740988487052288,0.6268049,2268.8363980967733,3.8755873278958526,6.7287287E-6,17.483286,0.012628185,0.32457247,0.0014501464,0.044474486,0.004478937,0.35222504,0.045021728,0.82408977,0.015748817,0.04246297,0.011297198,0.34619376,0.069352135,0.11509083,0.016299004,0.32457247,0.0014501464,"TWOGAUSSIANS_WITH_ELLIPSOIDAL_ON_ECLIPSE1",9,6.1081343,0.32457247,0.0014501464,0.24905713,0.025082048,0.58240664,0.046594,0.8241298,0.015683059,0.23779264,0.06326431,0.5763734,0.062414255
375316653866487564,398743114494402944,0.58465916,2279.684908307446,2.1280900182266747,8.671113E-5,16.92587,0.011524568,0.38157985,2.2986431E-4,0.014157237,2.0108196E-4,1.0258516,0.012160371,null,null,null,null,null,null,null,null,null,null,"ONEGAUSSIAN",5,81.47181,0.38157985,2.2986431E-4,0.079280525,0.001126059,1.0258516,0.0,null,null,null,null,null,null
375316653866487564,398747963513936256,0.63898116,2237.5773126327913,3.7042250854935634,5.6136682E-6,16.718523,0.004287088,0.23350169,0.0014351083,0.07758698,0.0033993514,0.31203845,0.018569645,0.732369,0.001731178,0.07230782,0.0018382452,0.372692,0.0099203605,null,null,null,null,"TWOGAUSSIANS",8,5.8486423,0.732369,0.001731178,0.4,0.0,0.37015235,0.009874925,0.23350169,0.0014351083,0.4,0.0,0.30949882,0.019086285
375316653866487564,398751296408544640,0.59273624,2230.027953396357,3.0922336296178354,2.5926012E-5,18.516975,0.008826266,0.28843775,0.018545374,0.054391388,0.014661731,0.5159279,0.03205088,0.80233616,0.008974204,0.069307245,0.010245066,0.5104557,0.098640755,null,null,null,null,"TWOGAUSSIANS",8,5.2965083,0.28843775,0.018545374,0.30459177,0.082105696,0.515746,0.031110259,0.80233616,0.008974204,0.3881206,0.027103662,0.5102738,0.099132456
375316653866487564,398754212689614720,0.6340094,2253.7240598060234,2.7998860531404253,6.4981205E-6,18.655258,0.01741903,0.20880349,0.0022222835,0.04467196,0.006814803,0.29803452,0.048839133,0.70102495,0.0041842423,0.042992715,0.0061782897,0.30408525,0.04341033,0.17760201,0.028239245,0.20880349,0.0022222835,"TWOGAUSSIANS_WITH_ELLIPSOIDAL_ON_ECLIPSE1",9,3.6400685,0.70215493,0.0034893525,0.24075921,0.03459842,0.6585644,0.023251927,0.20880349,0.0022222835,0.250163,0.0381629,0.6532381,0.033323877
375316653866487564,398756484729182976,0.6080125,2268.5921259863667,3.045312018212424,2.119197E-5,18.207314,0.010374003,0.2652297,0.007512658,0.09885313,0.011454829,0.26957673,0.011119847,0.7497099,0.009387905,0.07168121,0.009693311,0.3385648,0.016853873,null,null,null,null,"TWOGAUSSIANS",8,2.010038,0.7497099,0.009387905,0.4,0.019511618,0.3325207,0.022097891,0.2652297,0.007512658,0.4,0.0,0.2635306,0.011285152
375316653866487564,398759164788577536,0.60109025,2229.383225770956,2.9571109752510187,7.752802E-6,15.3462515,0.008573809,0.2717679,0.004372992,0.07682086,0.004432076,0.26976544,0.012034811,0.77067566,0.0031108642,0.07987345,0.004064694,0.33012235,0.009831395,null,null,null,null,"TWOGAUSSIANS",8,49.849754,0.77067566,0.0031108642,0.4,0.0,0.3265262,0.008604109,0.2717679,0.004372992,0.4,0.0,0.2661693,0.0108371135
375316653866487564,398771843531995392,0.60387707,2246.6514882162423,3.06369811978607,1.153226E-5,14.730318,0.017333183,0.24215797,0.004522812,0.08534201,0.0059279636,0.4953829,0.020326985,0.7383071,0.0046715597,0.09494602,0.005480021,0.4734111,0.020722523,null,null,null,null,"TWOGAUSSIANS",8,202.30107,0.24215797,0.004522812,0.4,0.0,0.47593898,0.01770995,0.7383071,0.0046715597,0.4,0.0,0.4539663,0.015317587
375316653866487564,398777306730357504,0.44318554,2279.9357647875754,2.4903621879366873,1.0910006E-4,15.905585,0.006693482,0.3090648,0.011022305,0.04189517,0.075033925,0.2107811,0.19528066,0.8343548,0.00403673,0.0136079,0.0079963105,0.2894265,15.00816,0.04290162,0.011434834,0.3090648,0.011022305,"TWOGAUSSIANS_WITH_ELLIPSOIDAL_ON_ECLIPSE1",9,168.91359,0.8343548,0.00403673,0.07620424,0.044779338,0.3730814,15.009811,0.3090648,0.011022305,0.23461294,0.1675556,0.29658434,0.19691293
375316653866487564,398791355567128704,0.64617306,2251.2609176329643,2.6228347304427198,4.912555E-6,17.132433,0.008164222,0.28924537,0.0020494217,0.090768605,0.0040353527,0.31114808,0.007529665,0.7879612,0.0017683506,0.086252876,0.0025372498,0.34777263,0.010964378,null,null,null,null,"TWOGAUSSIANS",8,2.2228851,0.7879612,0.0017683506,0.4,0.0,0.33586273,0.0095865065,0.28924537,0.0020494217,0.4,0.0,0.29923806,0.0066899857
375316653866487564,398791561725564928,0.47130266,2245.884717980844,4.504427526055049,2.3941298E-5,19.070364,0.05263025,0.29254034,0.0058320113,0.09290161,0.014654771,0.33220047,0.051799495,0.7836803,0.015734604,0.098728,0.050640695,0.276315,0.046280805,null,null,null,null,"TWOGAUSSIANS",8,3.9956896,0.29254034,0.0058313766,0.4,0.0,0.31444728,0.029813595,0.7836803,0.015734604,0.4,0.114265256,0.25856057,0.054474365
375316653866487564,398808157478456576,0.52524537,2265.5758884008587,3.463077272829563,2.9962162E-5,16.759434,0.004146403,null,null,null,null,null,null,null,null,null,null,null,null,0.07690689,0.0043513,0.30950615,0.0071412837,"ELLIPSOIDAL",4,13.186121,null,null,null,null,null,null,null,null,null,null,null,null
375316653866487564,398838256610351616,0.4764013,2263.6580181971144,2.9782349510172916,3.1499887E-5,18.41931,0.053678166,0.24929488,0.0026679107,0.074070856,0.01808744,0.23671629,0.062813416,0.76154566,0.023671148,0.12689416,0.046432015,0.20608127,0.039767314,null,null,null,null,"TWOGAUSSIANS",8,9.078546,0.24924487,0.0027087643,0.4,0.052468605,0.22079097,0.054150213,0.76154566,0.023671148,0.4,0.0,0.18996869,0.019699827
375316653866487564,398841765599350144,0.607598,2285.5059260400935,2.626456751577592,1.7735329E-5,15.60502,0.12383071,0.3056481,0.0053510354,0.056025416,0.026146019,0.32037812,0.25027907,0.8000654,0.004511327,0.06338155,0.027061705,0.3273883,0.25328478,0.070813805,0.13707195,0.3056481,0.0053510354,"TWOGAUSSIANS_WITH_ELLIPSOIDAL_ON_ECLIPSE1",9,90.719246,0.8007354,0.0046310755,0.3549367,0.12754427,0.46875212,0.028160555,0.3056481,0.0053510354,0.31374234,0.1464177,0.46189517,0.040208995
375316653866487564,398846541602964992,0.6525376,2314.822672445289,3.2595357666352776,4.8290535E-6,13.875691,0.005128316,0.27884933,0.0022698252,0.02713214,0.01080016,1.119216,58.318813,0.770653,0.0012981654,0.042384658,0.0014561053,0.40735137,0.01202306,0.14730987,0.006168987,0.27884933,0.0022698252,"TWOGAUSSIANS_WITH_ELLIPSOIDAL_ON_ECLIPSE1",9,120.210594,0.27884933,0.0022698252,0.15193999,0.060480896,1.4138353,58.32074,0.77141297,0.0010928565,0.23735408,0.008154189,0.70126253,0.007408952
375316653866487564,398855612574188160,0.6013298,2277.8123418864493,2.722873141973646,5.9100994E-6,17.13634,0.00459697,0.33608618,0.0016803753,0.056734946,0.007378057,0.14650348,0.029050473,0.842098,0.0028804352,0.041533556,0.0060332753,0.24579556,0.13629313,0.14580502,0.00871055,0.33608618,0.0016803753,"TWOGAUSSIANS_WITH_ELLIPSOIDAL_ON_ECLIPSE1",9,5.8560596,0.842098,0.0028804352,0.23258792,0.03378634,0.5369808,0.14095196,0.33608618,0.0016803753,0.31771567,0.04131712,0.4381046,0.02507625
375316653866487564,398856879587003008,0.50666773,2276.9366899240936,1.0409514757974347,8.2681145E-5,17.230516,0.007635121,0.3614162,0.0033306903,0.020426331,0.0025916414,0.9527566,0.4145764,0.8333089,0.015350648,0.0060049673,0.009662302,1.0964091,2.8509606E7,0.042766616,0.0131196445,0.8333089,0.015350648,"TWOGAUSSIANS_WITH_ELLIPSOIDAL_ON_ECLIPSE2",9,78.25166,0.8333089,0.015350648,0.033627816,0.054108895,1.1819421,2.8509606E7,0.36133617,0.0033453463,0.11438745,0.014513192,1.0356572,0.42076406
375316653866487564,398858528854885760,0.5476046,2262.2552386962207,1.6537593407754305,7.928089E-6,17.43723,0.007914446,0.3207578,0.030207643,0.02764772,0.017306725,0.43188724,0.5436727,0.8188845,8.4457174E-4,0.028209532,8.31879E-4,0.80728334,0.032000933,null,null,null,null,"TWOGAUSSIANS",8,35.102325,0.8188845,8.4457174E-4,0.15797338,0.0046585226,0.80728334,0.032000933,0.3207578,0.030207643,0.15482724,0.09691765,0.43188724,0.5436727
375316653866487564,398889074661989120,0.6501756,2322.728743106578,2.662947836272085,6.658748E-6,17.411352,0.008816875,0.14217576,0.0017382094,0.053555503,0.0052852593,0.24605143,0.02485535,0.65020233,0.009467948,0.05003494,0.00801245,0.20505287,0.026645867,0.12145733,0.0140306065,0.14217576,0.0017382094,"TWOGAUSSIANS_WITH_ELLIPSOIDAL_ON_ECLIPSE1",9,3.7454743,0.14217576,0.0017382094,0.2999108,0.029597452,0.48896083,0.022902785,0.65020233,0.009467948,0.28019568,0.044869725,0.44734493,0.013100114
375316653866487564,398923438697468160,0.5786794,2269.5884985383836,2.4548674767421277,6.9206562E-6,16.449703,0.04518456,0.26451445,0.0034467964,0.066085115,0.013655741,0.21766502,0.08691187,0.7741209,0.0033665993,0.057701692,0.013907017,0.23053473,0.08805885,0.08475456,0.04815789,0.7741209,0.0033665993,"TWOGAUSSIANS_WITH_ELLIPSOIDAL_ON_ECLIPSE2",9,43.568016,0.7741209,0.0033665993,0.32312948,0.077879295,0.39992812,0.015734177,0.26654443,0.0020084581,0.37007663,0.05655289,0.38657188,0.014540594
375316653866487564,398933884057902336,0.61921275,2307.308838234204,3.1701025304520263,1.02035265E-5,16.027617,0.010197562,0.26926818,0.0032044034,0.0439063,0.0118160695,0.11011135,0.015912363,0.76398873,0.0050342055,0.049285937,0.011009982,0.11918185,0.019246554,0.09598952,0.011698376,0.26926818,0.0032044034,"TWOGAUSSIANS_WITH_ELLIPSOIDAL_ON_ECLIPSE1",9,14.027473,0.7652387,0.003169073,0.27600124,0.061655898,0.31099886,0.0080554,0.26926818,0.0032044034,0.24587528,0.066169985,0.30208972,0.01790233
375316653866487564,398934051560214912,0.6119799,2328.153472548243,2.7186338372726926,1.2260687E-5,18.264246,0.006925673,0.2908032,0.011509574,0.036681578,0.0069612996,0.4118508,0.06005633,0.7701702,0.019272842,0.026339836,0.013972934,0.4778336,0.21937786,0.034176935,0.009602592,0.2908032,0.011509574,"TWOGAUSSIANS_WITH_ELLIPSOIDAL_ON_ECLIPSE1",9,3.8184118,0.77033025,0.019191975,0.14750308,0.078248434,0.54505366,0.21821219,0.2908032,0.011509574,0.20541683,0.038983278,0.48020452,0.06292911
375316653866487564,398943363049362432,0.5503427,2266.5451161377123,2.7362523191888513,1.4231873E-5,17.880287,0.022632435,0.29240146,0.0042542,0.08942867,0.0076039834,0.4777882,0.028801946,0.79177886,0.004884487,0.09552955,0.008741825,0.39936197,0.022488654,null,null,null,null,"TWOGAUSSIANS",8,7.939125,0.29240146,0.0042542,0.4,0.0,0.45547992,0.028143866,0.79177886,0.004884487,0.4,0.0,0.37705293,0.017074356
375316653866487564,398945012316880512,0.4283141,2291.3625503071803,0.9707785201855245,2.4767114E-5,17.2661,0.012782701,0.20936874,0.0114847785,0.06922054,0.021674095,0.15329523,0.03657821,0.7678662,0.0130246,0.0419583,0.010911334,0.15359142,0.037480686,null,null,null,null,"TWOGAUSSIANS",8,51.385544,0.7678662,0.0130246,0.23496647,0.06110347,0.15359044,0.037480555,0.20936874,0.0114847785,0.38763505,0.07012312,0.15329425,0.036594726
375316653866487564,398948383867452160,0.5029413,2287.6820169652906,1.6889706885895868,2.9648532E-5,17.179941,0.0014541389,0.7740379,0.0056695966,0.060104065,0.058485128,0.009528542,13.445237,null,null,null,null,null,null,0.028807366,0.0017233647,0.7740379,0.0056695966,"ONEGAUSSIAN_WITH_ELLIPSOIDAL",6,2.2063994,0.7740379,0.0056695966,0.33658278,0.3065079,0.06714161,13.446155,null,null,null,null,null,null
375316653866487564,398975699859404032,0.5151054,2274.67546697521,4.136312442097128,2.104851E-5,18.094692,0.5215533,0.2098052,0.003329169,0.12285672,0.04197875,0.37704468,0.38257986,0.712964,0.009005583,0.15444773,0.0995735,0.38531587,0.5095016,null,null,null,null,"TWOGAUSSIANS",8,5.743081,0.713004,0.009024853,0.4,0.0,0.23963693,0.022578109,0.2095852,0.0032602868,0.4,0.0,0.23526628,0.019367987
375316653866487564,398976593212594048,0.6261437,2272.5456338576932,3.3185955958510105,1.5434705E-5,17.98105,0.0045696395,0.26652256,0.003065886,0.06397924,0.0019530251,0.6733154,0.020269744,0.75968134,0.004092418,0.06600426,0.0026818428,0.56469095,0.019422479,null,null,null,null,"TWOGAUSSIANS",8,6.0393596,0.26652256,0.003065886,0.35828373,0.010936941,0.6727007,0.020260762,0.75968134,0.004092418,0.36962387,0.015018319,0.56407624,0.019429976
375316653866487564,398977074248921344,0.47294948,2295.7230415000104,0.5791058369799121,3.312982E-5,15.181615,0.014724962,0.21276058,0.018552894,0.056860138,0.040395632,0.04648161,0.02333956,0.6708832,0.023013659,0.06494859,0.019487794,0.1551696,0.22457577,0.012981856,0.016096806,0.6708832,0.023013659,"TWOGAUSSIANS_WITH_ELLIPSOIDAL_ON_ECLIPSE2",9,68.50405,0.6708832,0.023013659,0.3637121,0.10913165,0.18104562,0.21782249,0.20768058,0.017547432,0.31841677,0.22621554,0.07080914,0.022178052
375316653866487564,398980372783795328,0.44623774,2259.3167024857707,0.3320510196888571,5.1003462E-5,17.097113,0.022130437,0.2936295,0.019407101,0.15939692,0.03237477,0.12998566,0.02307692,0.74500614,0.00889711,0.057930123,0.01250032,0.090398885,0.020590877,null,null,null,null,"TWOGAUSSIANS",8,5.475843,0.2936295,0.019407101,0.4,0.0,0.12125627,0.016513292,0.74500614,0.00889711,0.32440868,0.07000179,0.0843757,0.016638607
375316653866487564,398991672842800384,0.47876737,2245.928843196242,0.7359062648850742,7.794133E-5,18.94857,0.008254868,0.22156921,0.06834863,0.044451874,0.06465198,0.14601165,103965.35,0.7886221,0.010493746,0.028335648,0.0046139746,0.59731936,0.34770998,null,null,null,null,"TWOGAUSSIANS",8,4.266506,0.7886221,0.010493746,0.15867963,0.025838258,0.59731936,0.34770998,0.22156921,0.06834863,0.2489305,0.3620511,0.14601165,103965.35
