Gaia/vari_eclipsing_binary/VariEclipsingBinary_225375-225621.csv
# %ECSV 1.0
# ---
# delimiter: ','
# meta: !!omap
# - RELEASE: Gaia DR3
# - TABLE: vari_eclipsing_binary
# - DESCRIPTION: >
#     This table describes the properties of the eclipsing binaries resulting from the variability analysis. 
# - CITATION: >
#     How to cite and acknowledge Gaia: 
#     https://gea.esac.esa.int/archive/documentation/credits.html 
# - KNOWN_ISSUES: >
#     Known issues: 
#     https://www.cosmos.esa.int/web/gaia-users/known-issues 
# - DOCUMENTATION: >
#     Tutorials and documentation: 
#     https://www.cosmos.esa.int/web/gaia-users/archive 
# datatype:
# - 
#   name: solution_id
#   datatype: int64
#   description: Solution Identifier
#   meta:
#     ucd: meta.version
# - 
#   name: source_id
#   datatype: int64
#   description: Unique source identifier
#   meta:
#     ucd: meta.id;meta.main
# - 
#   name: global_ranking
#   datatype: float32
#   description: Number between 0 (worst) and 1 (best)
#   meta:
#     ucd: stat.param
# - 
#   name: reference_time
#   datatype: float64
#   unit: d
#   description: Reference time used for the geometric model fit
#   meta:
#     ucd: time.epoch
# - 
#   name: frequency
#   datatype: float64
#   unit: d**-1
#   description: Frequency of geometric model of the eclipsing binary light curve
#   meta:
#     ucd: src.orbital
# - 
#   name: frequency_error
#   datatype: float32
#   unit: d**-1
#   description: "Uncertainty of \\texttt{frequency}"
#   meta:
#     ucd: stat.error
# - 
#   name: geom_model_reference_level
#   datatype: float32
#   unit: mag
#   description: Magnitude reference level of geometric model
#   meta:
#     ucd: phot.mag;em.opt
# - 
#   name: geom_model_reference_level_error
#   datatype: float32
#   unit: mag
#   description: "Uncertainty of \\texttt{geomModelReferenceLevel}"
#   meta:
#     ucd: stat.error;phot.mag;em.opt
# - 
#   name: geom_model_gaussian1_phase
#   datatype: float32
#   description: Phase of the Gaussian 1 component
#   meta:
#     ucd: time.phase
# - 
#   name: geom_model_gaussian1_phase_error
#   datatype: float32
#   description: "Uncertainty of \\texttt{geomModelGaussian1Phase}"
#   meta:
#     ucd: stat.error;time.phase
# - 
#   name: geom_model_gaussian1_sigma
#   datatype: float32
#   description: "Standard deviation [phase] of Gaussian 1 component"
#   meta:
#     ucd: stat.stdev
# - 
#   name: geom_model_gaussian1_sigma_error
#   datatype: float32
#   description: "Uncertainty of \\texttt{geomModelGaussian1Sigma}"
#   meta:
#     ucd: stat.error
# - 
#   name: geom_model_gaussian1_depth
#   datatype: float32
#   unit: mag
#   description: Magnitude depth of Gaussian 1 component
#   meta:
#     ucd: src.var.amplitude
# - 
#   name: geom_model_gaussian1_depth_error
#   datatype: float32
#   unit: mag
#   description: "Uncertainty of \\texttt{geomModelGaussian1Depth}"
#   meta:
#     ucd: stat.error;src.var.amplitude
# - 
#   name: geom_model_gaussian2_phase
#   datatype: float32
#   description: Phase of Gaussian 2 component
#   meta:
#     ucd: time.phase
# - 
#   name: geom_model_gaussian2_phase_error
#   datatype: float32
#   description: "Uncertainty of \\texttt{geomModelGaussian2Phase}"
#   meta:
#     ucd: stat.error;time.phase
# - 
#   name: geom_model_gaussian2_sigma
#   datatype: float32
[...]
#   datatype: float32
#   description: "Secondary eclipse: uncertainty of \\texttt{derivedSecondaryEclDuration}"
#   meta:
#     ucd: stat.error;time.duration
# - 
#   name: derived_secondary_ecl_depth
#   datatype: float32
#   unit: mag
#   description: "Secondary eclipse: depth"
#   meta:
#     ucd: src.var.amplitude
# - 
#   name: derived_secondary_ecl_depth_error
#   datatype: float32
#   unit: mag
#   description: "Secondary eclipse: uncertainty of \\texttt{derivedSecondaryEclDepth}"
#   meta:
#     ucd: stat.error;src.var.amplitude
solution_id,source_id,global_ranking,reference_time,frequency,frequency_error,geom_model_reference_level,geom_model_reference_level_error,geom_model_gaussian1_phase,geom_model_gaussian1_phase_error,geom_model_gaussian1_sigma,geom_model_gaussian1_sigma_error,geom_model_gaussian1_depth,geom_model_gaussian1_depth_error,geom_model_gaussian2_phase,geom_model_gaussian2_phase_error,geom_model_gaussian2_sigma,geom_model_gaussian2_sigma_error,geom_model_gaussian2_depth,geom_model_gaussian2_depth_error,geom_model_cosine_half_period_amplitude,geom_model_cosine_half_period_amplitude_error,geom_model_cosine_half_period_phase,geom_model_cosine_half_period_phase_error,model_type,num_model_parameters,reduced_chi2,derived_primary_ecl_phase,derived_primary_ecl_phase_error,derived_primary_ecl_duration,derived_primary_ecl_duration_error,derived_primary_ecl_depth,derived_primary_ecl_depth_error,derived_secondary_ecl_phase,derived_secondary_ecl_phase_error,derived_secondary_ecl_duration,derived_secondary_ecl_duration_error,derived_secondary_ecl_depth,derived_secondary_ecl_depth_error
[from data line 143]
375316653866487564,1982905006639825920,0.5871672,2199.196571732245,3.1083275847161334,5.6463327E-6,18.312452,0.003544269,0.2847315,0.002240133,0.07505646,0.0024464638,0.39640394,0.012091386,0.7871881,0.0013194536,0.07262759,0.0018731139,0.39745829,0.009595882,null,null,null,null,"TWOGAUSSIANS",8,2.8574195,0.7871881,0.0013194536,0.4,0.0,0.39502525,0.009728428,0.2847315,0.002240133,0.4,0.0,0.3939709,0.012334625
375316653866487564,1982910298043378432,0.5725754,2207.4528001039675,2.66916758010063,9.7693855E-6,18.02322,0.012173417,0.25800335,0.0034113408,0.040340483,0.017075228,0.06127479,0.026192319,0.76005405,0.008344447,0.057811186,0.015446838,0.09168108,0.02459649,0.08664892,0.013855895,0.25800335,0.0034113408,"TWOGAUSSIANS_WITH_ELLIPSOIDAL_ON_ECLIPSE1",9,3.1583486,0.76005405,0.008216089,0.32374263,0.0865023,0.26494187,0.009538826,0.25800335,0.0034113408,0.2259067,0.09562128,0.23456436,0.011167566
375316653866487564,1982914485632643968,0.53324866,2155.975934864335,0.12665471697988617,9.938948E-7,17.350754,0.0011437712,0.023700079,8.074665E-7,0.00183405,1.2917634E-5,1.3415416,0.03172836,0.51935875,0.009126488,0.01645419,0.0072125406,0.05265493,0.14928752,null,null,null,null,"TWOGAUSSIANS",8,1.5943372,0.023700079,8.074665E-7,0.01027068,7.233875E-5,1.3415416,0.03172836,0.51935875,0.009126488,0.09214346,0.040390227,0.05265493,0.14928752
375316653866487564,1982914485634159616,0.5280737,2150.1855955402275,3.3410005680006574,9.930931E-6,18.820272,0.015935456,0.26413435,0.003976861,0.08126008,0.0055090874,0.38925678,0.015927708,0.75221384,0.006210256,0.08113138,0.007343755,0.51348966,0.039617456,null,null,null,null,"TWOGAUSSIANS",8,7.3358307,0.75221384,0.006210256,0.4,0.0,0.5072811,0.040457245,0.26413435,0.003976861,0.4,0.0,0.3830483,0.013297651
375316653866487564,1982914936608235776,0.6575816,2149.157135206999,1.3317800393002865,9.938948E-7,14.614387,0.0020257726,0.29355687,1.9045967E-4,0.040925935,3.9689743E-4,0.38816524,0.0043103984,0.7951372,0.001895543,0.039604235,0.0024906306,0.07077819,0.006785917,0.01622749,0.0024220892,0.29355687,1.9045967E-4,"TWOGAUSSIANS_WITH_ELLIPSOIDAL_ON_ECLIPSE1",9,20.09963,0.29355687,1.9045967E-4,0.22918524,0.0022226255,0.4206202,0.0019493144,0.7951372,0.001895543,0.22178373,0.013947531,0.10322997,0.0055463216
375316653866487564,1982917715447168384,0.51551896,2177.548659398875,1.3372106545011275,7.740187E-6,19.308477,0.0062261494,0.20439169,0.0015710989,0.02856266,0.0015182217,0.45691627,0.023441657,0.41201442,0.07731764,0.11631979,0.08593124,0.023451375,0.012371542,null,null,null,null,"TWOGAUSSIANS",8,2.1557107,0.2045217,0.0015318454,0.15995088,0.008502041,0.46168458,0.023082407,0.41201442,0.07731764,0.4,0.0,0.023446815,0.012013227
375316653866487564,1982921739830604672,0.44314727,2176.9319582719772,4.163083505690876,2.8808148E-5,19.124453,0.014975381,0.29000008,0.0094575025,0.08416463,0.0117595,0.19994242,0.022691444,0.7976085,0.0060706055,0.08488759,0.011075672,0.27211455,0.030675331,null,null,null,null,"TWOGAUSSIANS",8,3.887721,0.7976085,0.0060706055,0.4,0.0,0.26697683,0.03252447,0.29000008,0.0094575025,0.4,0.0,0.19480473,0.0228454
375316653866487564,1982922667548524544,0.5442478,2214.102178210866,0.8179168605712785,5.7534494E-6,16.39715,0.0016854452,0.27591947,0.0029218602,0.03124859,0.0026753573,0.23444523,0.009817627,0.77527505,0.00942541,0.026337717,0.006838846,0.033571076,0.0055221687,0.012260962,0.0028006847,0.27591947,0.0029218602,"TWOGAUSSIANS_WITH_ELLIPSOIDAL_ON_ECLIPSE1",9,8.756156,0.27591947,0.0029218602,0.1749921,0.014982,0.25896713,0.010137451,0.775295,0.009269785,0.14749122,0.038297538,0.058092605,0.0035655738
375316653866487564,1982923178647105152,0.5381236,2177.0954193114417,3.5909017243040107,1.0480512E-5,18.772345,0.014016249,0.27958542,0.0039332085,0.084003285,0.0053830836,0.4507577,0.016619489,0.78812456,0.0024083813,0.08598224,0.0040197736,0.42236218,0.016250048,null,null,null,null,"TWOGAUSSIANS",8,4.356806,0.27958542,0.0039332085,0.4,0.0,0.44082355,0.015422059,0.78812456,0.0024083813,0.4,0.0,0.412428,0.014515649
375316653866487564,1982928916723756672,0.48141208,2149.9681128686193,2.2057964978170306,4.8616726E-6,19.210112,0.0075959032,0.2623723,0.0034112704,0.038231257,0.0038930785,0.2852244,0.01438078,0.75259835,1.2496125E-4,0.013013088,5.286766E-4,0.9226676,0.09479066,null,null,null,null,"TWOGAUSSIANS",8,5.657908,0.75259835,1.2496125E-4,0.072873294,0.002960589,0.9226676,0.09479066,0.2623723,0.0034112704,0.21409504,0.021801239,0.2852244,0.01438078
375316653866487564,1982934899615692800,0.47437516,2173.796799255338,0.5894861259392985,9.934002E-7,16.07187,9.6515386E-4,0.3341014,8.784714E-8,0.0020504121,5.2577827E-5,0.03482306,8.7090535E-4,0.8349187,1.0629169E-6,0.0041294047,2.9373581E-5,0.0975294,9.0549886E-4,null,null,null,null,"TWOGAUSSIANS",8,6.8963914,0.8349187,1.0629169E-6,0.023124667,1.6449206E-4,0.0975294,9.0549886E-4,0.3341014,8.784714E-8,0.011482308,2.9443583E-4,0.03482306,8.7090535E-4
375316653866487564,1982940358517073536,0.47942603,2162.4679577625034,4.671224932029186,1.781879E-5,18.313541,0.009684715,0.18633908,0.006109412,0.066228,0.010084682,0.16584828,0.015222999,0.67644364,0.006954922,0.07777107,0.0070916344,0.17164834,0.013571212,null,null,null,null,"TWOGAUSSIANS",8,8.394887,0.67644364,0.006954922,0.4,0.0,0.17101042,0.013298797,0.18633908,0.006109412,0.3708768,0.0541736,0.16521037,0.015435393
375316653866487564,1982941458028318464,0.5337584,2177.142145793461,2.79269600318138,6.0184725E-6,18.473795,0.011120545,0.29732293,0.002238894,0.0899794,0.0056501282,0.30556798,0.012796775,0.8021848,0.002760452,0.08927447,0.0044462793,0.30864608,0.013813122,null,null,null,null,"TWOGAUSSIANS",8,3.5399609,0.8021848,0.002760452,0.4,0.0,0.29701057,0.012211676,0.29732293,0.002238894,0.4,0.0,0.29393244,0.013285017
375316653866487564,1982942012076492160,0.49228162,2151.3190754413017,3.5890476899353554,2.8393895E-5,19.71945,0.008446077,0.22617641,0.0075976825,0.051926587,0.00511527,0.23429705,0.013755773,0.71752083,0.0044839345,0.066583656,0.007402581,0.37803122,0.028320592,null,null,null,null,"TWOGAUSSIANS",8,3.0121374,0.71752083,0.0044839345,0.37286848,0.041396793,0.37797046,0.028367765,0.22617641,0.0075976825,0.2907889,0.028645514,0.23423627,0.0137161445
375316653866487564,1982942424398204928,0.60610235,2153.5739936627565,2.8176181541976333,5.128582E-6,16.76445,0.0045991126,0.20175855,0.0025248074,0.073464446,0.0023000918,0.5271371,0.007784264,0.7046879,0.0017935421,0.07340247,0.0022709218,0.33760646,0.008227137,null,null,null,null,"TWOGAUSSIANS",8,13.399718,0.20175855,0.0025248074,0.4,0.0,0.52474445,0.0076170433,0.7046879,0.0017935421,0.4,0.0,0.33521384,0.008206199
375316653866487564,1982942836714904576,0.47086006,2157.6826014467924,2.844606075795612,1.5359316E-5,18.483486,0.3157969,0.2612572,0.004738266,0.16535163,0.0665096,0.29699883,0.3053017,0.7587817,0.005944561,0.15123494,0.04696005,0.29384974,0.2838948,null,null,null,null,"TWOGAUSSIANS",8,2.2520533,0.7587817,0.005944561,0.4,0.0,0.13252455,0.009368353,0.2615272,0.004654773,0.4,0.0,0.1320174,0.010234457
375316653866487564,1982954377288173696,0.55751705,2181.283076365337,2.133965688290444,5.744661E-6,18.731628,0.0120060695,0.30519667,0.0057302504,0.10282903,0.008629222,0.18047671,0.018148437,0.7858509,0.0026209645,0.07763239,0.005545227,0.4073843,0.01555406,null,null,null,null,"TWOGAUSSIANS",8,2.4072444,0.7858509,0.0026209645,0.4,0.0,0.39947602,0.017250668,0.30519667,0.0057302504,0.4,0.0,0.17256464,0.016948767
375316653866487564,1982954480367417088,0.500864,2195.2811121240384,0.5558532276591822,6.298358E-5,18.298443,0.0022014896,0.3869677,0.0049580643,0.01652406,0.007439742,0.44903776,0.08704809,null,null,null,null,null,null,null,null,null,null,"ONEGAUSSIAN",5,5.4736304,0.3869677,0.0049580643,0.09253473,0.041662555,0.44903776,0.0,null,null,null,null,null,null
375316653866487564,1982957473960197504,0.55969846,2183.1364363133084,4.029558424973122,9.018303E-6,18.306923,0.009244799,0.26733765,0.0029463964,0.08844672,0.0038880394,0.3761072,0.011201486,0.7492211,0.0034933381,0.087649696,0.0046006795,0.34723997,0.0129656745,null,null,null,null,"TWOGAUSSIANS",8,4.5163856,0.26733765,0.0029463964,0.4,0.0,0.36657372,0.009811786,0.7492211,0.0034933381,0.4,0.0,0.33770657,0.012637376
375316653866487564,1982958363017532160,0.48626167,2200.590260359356,2.7083303876360536,1.9948926E-5,18.524757,0.018208388,0.27882284,0.012971565,0.09011322,0.016224412,0.16500652,0.018002348,0.76765734,0.004961615,0.108983085,0.014768025,0.17006238,0.016199728,null,null,null,null,"TWOGAUSSIANS",8,3.5451531,0.76765734,0.004961615,0.4,0.0,0.15769887,0.011881599,0.27883285,0.012989248,0.4,0.0,0.15265304,0.010882686
375316653866487564,1982959501185222400,0.44151586,2190.3577118761777,2.0408332729691994,2.7513795E-5,17.087788,0.0049347375,0.23420559,0.0048897406,0.028122516,0.006189786,0.2854868,0.07888118,0.7253263,0.011610019,0.03974768,0.01775709,0.15137601,0.032098297,null,null,null,null,"TWOGAUSSIANS",8,36.592304,0.23420559,0.0048897406,0.1574861,0.0346628,0.2854868,0.07888118,0.7253263,0.011610019,0.222587,0.0994397,0.15137601,0.032098297
375316653866487564,1982961219175441792,0.6562754,2167.457736840885,2.709126149918002,1.040679E-6,15.843208,0.0050366395,0.28806108,8.677589E-4,0.05205973,0.0019873031,0.2736081,0.01354696,0.7847104,9.23897E-4,0.050429203,0.0021360335,0.28531572,0.012613827,0.13238962,0.0079294685,0.7847104,9.23897E-4,"TWOGAUSSIANS_WITH_ELLIPSOIDAL_ON_ECLIPSE2",9,15.111036,0.7847104,9.23897E-4,0.28240353,0.011961788,0.55009055,0.006014154,0.28749108,6.4172957E-4,0.29153448,0.011128897,0.53828573,0.011156042
375316653866487564,1982962318683710208,0.44202685,2123.5863293242946,2.5358344841888667,1.4163267E-5,17.911188,0.0032410563,0.3413736,2.364821E-4,0.011927487,0.0029704808,0.1686386,0.06756578,0.82618606,0.004967929,0.046462175,0.004239125,0.13342668,0.007838958,null,null,null,null,"TWOGAUSSIANS",8,9.526152,0.3413736,2.364821E-4,0.066793926,0.016634693,0.1686386,0.06756578,0.82618606,0.004967929,0.2601882,0.023739101,0.13342668,0.007838958
375316653866487564,1982963486918330624,0.6318123,2155.6465046550197,0.426481843878332,3.8135652E-6,17.105774,0.002189798,0.32925665,0.0016082214,0.023626497,0.0011269276,0.7586278,0.009123648,0.8258439,0.0032442096,0.026271915,0.0039879177,0.065099314,0.0073704063,0.019692007,0.0037027407,0.32925665,0.0016082214,"TWOGAUSSIANS_WITH_ELLIPSOIDAL_ON_ECLIPSE1",9,4.7337146,0.32925665,0.0016082214,0.13230838,0.0063107945,0.7980117,0.0054742,0.8259539,0.003165441,0.14712273,0.022332339,0.10446575,0.0075558
375316653866487564,1982965789020978560,0.4192581,2104.8482822462156,0.9217805994530904,3.0598392E-5,18.014761,0.010596353,0.1816423,0.0075651133,0.025104448,0.0043864893,0.36025655,0.10426621,0.52618587,0.017179802,0.115016796,0.023384413,0.14562243,0.025972838,null,null,null,null,"TWOGAUSSIANS",8,3.572708,0.1817123,0.007546448,0.1405849,0.02456434,0.36187443,0.10445178,0.52618587,0.017179802,0.4,0.0,0.14559948,0.026073957
375316653866487564,1982965960819507072,0.5651438,2171.5600056313856,1.0924236534306266,9.942309E-6,15.062208,0.0046141017,0.19858548,0.0039101187,0.02772924,0.0064175045,0.044130392,0.016710805,0.6995889,0.003795578,0.050302554,0.006311549,0.22554171,0.011987121,0.06509577,0.00599768,0.19858548,0.0039101187,"TWOGAUSSIANS_WITH_ELLIPSOIDAL_ON_ECLIPSE1",9,106.202705,0.6995889,0.003563381,0.2816943,0.035344675,0.3557271,0.012022085,0.19858548,0.0039101187,0.15528373,0.035938025,0.17432095,0.013083966
375316653866487564,1982972317371398400,0.63460344,2193.040876230857,1.2549207281047998,1.7328543E-6,15.15834,0.0013981002,0.18987855,0.0010465181,0.05103192,0.001735949,0.0897209,0.003743676,0.69666106,9.229178E-4,0.038779918,0.005904197,0.02584836,0.0038980022,0.06644452,0.0026021479,0.69666106,9.229178E-4,"TWOGAUSSIANS_WITH_ELLIPSOIDAL_ON_ECLIPSE2",9,5.5065517,0.19145855,7.2149513E-4,0.28577876,0.009721315,0.22242448,0.0020984034,0.69666106,9.229178E-4,0.21716754,0.033063505,0.15873687,0.0026589073
375316653866487564,1982979803494859008,0.5653009,2173.437775752893,0.5952353261976683,1.0495761E-5,18.5408,0.0032083842,0.30211776,0.005466812,0.011946863,0.0023594885,0.8288936,0.23014735,0.8034602,0.003259813,0.011659388,0.003623419,0.562714,0.08158069,null,null,null,null,"TWOGAUSSIANS",8,5.605754,0.30211776,0.005466812,0.06690244,0.013213135,0.8288936,0.23014735,0.8034602,0.003259813,0.065292574,0.020291146,0.562714,0.08158069
375316653866487564,1982981487122151808,0.5592189,2143.4540985254685,4.112561366267917,4.764275E-6,17.85815,0.013093575,0.29313666,0.004794379,0.080392696,0.0047821696,0.634974,0.068876415,0.7696481,0.0017865566,0.07948985,0.0031916194,0.6387085,0.01954747,null,null,null,null,"TWOGAUSSIANS",8,15.663728,0.7696481,0.0017865566,0.4,0.0,0.6327225,0.019405868,0.29313666,0.004794379,0.4,0.0,0.628988,0.06938922
375316653866487564,1982985163614223232,0.58161455,2209.8933016529,4.108561048445119,5.3947365E-6,19.67563,0.007941679,0.27006537,0.0020294085,0.04448704,0.0038323426,0.33304355,0.022900928,0.76715934,0.0021808967,0.0378699,0.0025949709,0.4339702,0.025765197,0.13928147,0.0119222775,0.27006537,0.0020294085,"TWOGAUSSIANS_WITH_ELLIPSOIDAL_ON_ECLIPSE1",9,1.7039971,0.7673593,0.002000966,0.21207145,0.014531837,0.7124465,0.022774091,0.27006537,0.0020294085,0.24912743,0.021461118,0.6116064,0.016281158
375316653866487564,1982989703398985088,0.569068,2198.3099596894676,2.6217537751935502,4.6548635E-6,15.989528,0.019725414,0.33367705,0.0023251914,0.07090381,0.003785303,0.3072023,0.042995874,0.8397726,0.0032250637,0.053718228,0.0069540916,0.2890684,0.037661508,0.055951465,0.021213558,0.33367705,0.0023251914,"TWOGAUSSIANS_WITH_ELLIPSOIDAL_ON_ECLIPSE1",9,68.002686,0.33367705,0.0023251914,0.39706132,0.017499246,0.41853306,0.012589193,0.8397726,0.0032250637,0.30082208,0.038942914,0.4002351,0.018137474
375316653866487564,1982992207360141312,0.6576368,2136.9229612913296,1.431977158062296,1.5544805E-6,16.899925,0.0033335995,0.222324,0.0048364196,0.04120855,0.0036322589,0.066495836,0.009778799,0.72300166,4.9228047E-4,0.040125273,7.3234783E-4,0.6130349,0.008530717,0.010213582,0.0041878866,0.222324,0.0048364196,"TWOGAUSSIANS_WITH_ELLIPSOIDAL_ON_ECLIPSE1",9,4.704987,0.72300166,4.905265E-4,0.22470152,0.004101148,0.63346165,0.007996135,0.222324,0.0048364196,0.23076789,0.02034065,0.08692298,0.0054849787
375316653866487564,1982992246021953152,0.6763779,2170.8583497937943,1.0572956874832011,2.2034042E-6,13.648882,0.0023635454,0.22133507,0.007211037,0.022947364,0.009713858,0.045644395,0.008696578,0.71024096,4.1308952E-4,0.03486313,5.4887246E-4,0.67696476,0.00899523,0.015560747,0.0030581704,0.22133507,0.007211037,"TWOGAUSSIANS_WITH_ELLIPSOIDAL_ON_ECLIPSE1",9,36.68019,0.71029097,4.0846848E-4,0.19523352,0.0030736858,0.7079359,0.008567446,0.22133507,0.007211037,0.12850524,0.054397605,0.076765865,0.009078355
375316653866487564,1982999117967132416,0.6048155,2192.965203920511,3.797011898936011,2.3498828E-6,18.464361,0.009649281,0.111144684,0.0010844223,0.048955336,0.0034421927,0.3893065,0.01832104,0.61149126,0.001170943,0.045993533,0.0019538773,0.50479966,0.025019597,0.120425165,0.01162904,0.111144684,0.0010844223,"TWOGAUSSIANS_WITH_ELLIPSOIDAL_ON_ECLIPSE1",9,2.8609219,0.61149126,0.0011631596,0.25756377,0.010941712,0.74564743,0.018047074,0.111144684,0.0010844223,0.2741499,0.019276278,0.6301553,0.014626857
375316653866487564,1983002004185353088,0.517909,2155.1484087830395,3.531457877733837,1.2126038E-5,16.919498,0.053007938,0.22613436,0.003769932,0.11964698,0.01929341,0.21963215,0.050800342,0.75622886,0.004862779,0.11749875,0.021066198,0.21521148,0.04949252,null,null,null,null,"TWOGAUSSIANS",8,14.028203,0.22599436,0.003604022,0.4,0.0,0.18395822,0.011563698,0.7564089,0.004598802,0.4,0.0,0.17956726,0.011314968
