Gaia/vari_eclipsing_binary/VariEclipsingBinary_250752-250918.csv
# %ECSV 1.0
# ---
# delimiter: ','
# meta: !!omap
# - RELEASE: Gaia DR3
# - TABLE: vari_eclipsing_binary
# - DESCRIPTION: >
#     This table describes the properties of the eclipsing binaries resulting from the variability analysis. 
# - CITATION: >
#     How to cite and acknowledge Gaia: 
#     https://gea.esac.esa.int/archive/documentation/credits.html 
# - KNOWN_ISSUES: >
#     Known issues: 
#     https://www.cosmos.esa.int/web/gaia-users/known-issues 
# - DOCUMENTATION: >
#     Tutorials and documentation: 
#     https://www.cosmos.esa.int/web/gaia-users/archive 
# datatype:
# - 
#   name: solution_id
#   datatype: int64
#   description: Solution Identifier
#   meta:
#     ucd: meta.version
# - 
#   name: source_id
#   datatype: int64
#   description: Unique source identifier
#   meta:
#     ucd: meta.id;meta.main
# - 
#   name: global_ranking
#   datatype: float32
#   description: Number between 0 (worst) and 1 (best)
#   meta:
#     ucd: stat.param
# - 
#   name: reference_time
#   datatype: float64
#   unit: d
#   description: Reference time used for the geometric model fit
#   meta:
#     ucd: time.epoch
# - 
#   name: frequency
#   datatype: float64
#   unit: d**-1
#   description: Frequency of geometric model of the eclipsing binary light curve
#   meta:
#     ucd: src.orbital
# - 
#   name: frequency_error
#   datatype: float32
#   unit: d**-1
#   description: "Uncertainty of \\texttt{frequency}"
#   meta:
#     ucd: stat.error
# - 
#   name: geom_model_reference_level
#   datatype: float32
#   unit: mag
#   description: Magnitude reference level of geometric model
#   meta:
#     ucd: phot.mag;em.opt
# - 
#   name: geom_model_reference_level_error
#   datatype: float32
#   unit: mag
#   description: "Uncertainty of \\texttt{geomModelReferenceLevel}"
#   meta:
#     ucd: stat.error;phot.mag;em.opt
# - 
#   name: geom_model_gaussian1_phase
#   datatype: float32
#   description: Phase of the Gaussian 1 component
#   meta:
#     ucd: time.phase
# - 
#   name: geom_model_gaussian1_phase_error
#   datatype: float32
#   description: "Uncertainty of \\texttt{geomModelGaussian1Phase}"
#   meta:
#     ucd: stat.error;time.phase
# - 
#   name: geom_model_gaussian1_sigma
#   datatype: float32
#   description: "Standard deviation [phase] of Gaussian 1 component"
#   meta:
#     ucd: stat.stdev
# - 
#   name: geom_model_gaussian1_sigma_error
#   datatype: float32
#   description: "Uncertainty of \\texttt{geomModelGaussian1Sigma}"
#   meta:
#     ucd: stat.error
# - 
#   name: geom_model_gaussian1_depth
#   datatype: float32
#   unit: mag
#   description: Magnitude depth of Gaussian 1 component
#   meta:
#     ucd: src.var.amplitude
# - 
#   name: geom_model_gaussian1_depth_error
#   datatype: float32
#   unit: mag
#   description: "Uncertainty of \\texttt{geomModelGaussian1Depth}"
#   meta:
#     ucd: stat.error;src.var.amplitude
# - 
#   name: geom_model_gaussian2_phase
#   datatype: float32
#   description: Phase of Gaussian 2 component
#   meta:
#     ucd: time.phase
# - 
#   name: geom_model_gaussian2_phase_error
#   datatype: float32
#   description: "Uncertainty of \\texttt{geomModelGaussian2Phase}"
#   meta:
#     ucd: stat.error;time.phase
# - 
#   name: geom_model_gaussian2_sigma
#   datatype: float32
[...]
#   datatype: float32
#   description: "Secondary eclipse: uncertainty of \\texttt{derivedSecondaryEclDuration}"
#   meta:
#     ucd: stat.error;time.duration
# - 
#   name: derived_secondary_ecl_depth
#   datatype: float32
#   unit: mag
#   description: "Secondary eclipse: depth"
#   meta:
#     ucd: src.var.amplitude
# - 
#   name: derived_secondary_ecl_depth_error
#   datatype: float32
#   unit: mag
#   description: "Secondary eclipse: uncertainty of \\texttt{derivedSecondaryEclDepth}"
#   meta:
#     ucd: stat.error;src.var.amplitude
solution_id,source_id,global_ranking,reference_time,frequency,frequency_error,geom_model_reference_level,geom_model_reference_level_error,geom_model_gaussian1_phase,geom_model_gaussian1_phase_error,geom_model_gaussian1_sigma,geom_model_gaussian1_sigma_error,geom_model_gaussian1_depth,geom_model_gaussian1_depth_error,geom_model_gaussian2_phase,geom_model_gaussian2_phase_error,geom_model_gaussian2_sigma,geom_model_gaussian2_sigma_error,geom_model_gaussian2_depth,geom_model_gaussian2_depth_error,geom_model_cosine_half_period_amplitude,geom_model_cosine_half_period_amplitude_error,geom_model_cosine_half_period_phase,geom_model_cosine_half_period_phase_error,model_type,num_model_parameters,reduced_chi2,derived_primary_ecl_phase,derived_primary_ecl_phase_error,derived_primary_ecl_duration,derived_primary_ecl_duration_error,derived_primary_ecl_depth,derived_primary_ecl_depth_error,derived_secondary_ecl_phase,derived_secondary_ecl_phase_error,derived_secondary_ecl_duration,derived_secondary_ecl_duration_error,derived_secondary_ecl_depth,derived_secondary_ecl_depth_error
[from data line 620]
375316653866487564,2206640126653567488,0.48130623,2198.019021766318,0.21546437255133008,5.721017E-5,9.564378,8.6375105E-4,0.355681,0.004628728,0.016941994,0.0041006873,0.08599093,0.023012675,0.8628299,0.019600462,0.03899993,0.009039424,0.02363393,0.009039556,null,null,null,null,"TWOGAUSSIANS",8,29.360859,0.355681,0.004628728,0.09487517,0.02296385,0.08599093,0.023012675,0.8628299,0.019600462,0.21839961,0.050620776,0.02363393,0.009039556
375316653866487564,2206643871864986368,0.5188202,2193.62778102471,0.21449161242876993,9.945615E-6,17.414879,0.0026406166,0.23290427,9.960725E-4,0.010966366,0.0011015009,0.23594376,0.027401157,0.8037476,0.05088712,0.06542511,0.027676335,0.016792318,0.010169611,null,null,null,null,"TWOGAUSSIANS",8,5.011388,0.23290427,9.960725E-4,0.06141165,0.006168405,0.23594376,0.027401157,0.8037476,0.05088712,0.36638063,0.1511205,0.016792318,0.010169611
375316653866487564,2206644284181316608,0.47514775,2225.501046533562,0.4127519865077617,5.0319206E-5,14.87204,0.004628662,0.3376602,0.006624095,0.10030791,0.014402202,0.084769055,0.010242975,0.8013205,0.04174378,0.051207215,0.0348135,0.038801204,0.027805181,null,null,null,null,"TWOGAUSSIANS",8,55.946014,0.3376602,0.006624095,0.4,0.0,0.08453439,0.010457579,0.8013205,0.04174378,0.2867604,0.1949556,0.03856854,0.02803238
375316653866487564,2206646375833359104,0.5525569,2158.7425845492903,0.1807086279366024,1.6145304E-5,18.616587,0.0045733596,0.26977015,0.0018834102,0.020972045,0.0010067184,0.5156507,0.03682944,0.8686765,0.038417686,0.034681477,0.049000036,0.04121178,0.017628834,null,null,null,null,"TWOGAUSSIANS",8,3.236116,0.26977015,0.0018834102,0.11744345,0.005637623,0.5156507,0.03682944,0.8686765,0.038417686,0.19421627,0.258303,0.04121178,0.017628836
375316653866487564,2206646998600623232,0.48810604,2172.570631082559,0.19749247258869082,2.5606589E-5,15.596014,0.025915092,0.2963123,0.0045285067,0.08025346,0.02940277,0.1415656,0.021198882,0.8064693,0.012314159,0.061805077,0.0376416,0.18184361,0.026650464,null,null,null,null,"TWOGAUSSIANS",8,55.074505,0.8064693,0.012314159,0.34610844,0.104124695,0.18134917,0.038267445,0.2963123,0.0045285067,0.4,0.0,0.14107117,0.02104888
375316653866487564,2206649158966002560,0.59330887,2149.1466304371093,3.2401099714685344,4.128785E-6,17.61201,0.019499967,0.2527207,0.0019271673,0.051271923,0.0075975624,0.3336293,0.06866875,0.7467823,0.0020587612,0.05845993,0.0051075383,0.4384647,0.038406856,0.07911826,0.025472302,0.2527207,0.0019271673,"TWOGAUSSIANS_WITH_ELLIPSOIDAL_ON_ECLIPSE1",9,9.303353,0.7473123,0.0018867803,0.32737562,0.028602216,0.59646815,0.018827155,0.2527207,0.0019271673,0.28712276,0.04254635,0.49183342,0.0729742
375316653866487564,2206650297136065152,0.55267256,2170.2436929302585,0.017605799183300592,9.011725E-6,16.799189,0.009748871,0.51325476,0.07082292,0.099240236,0.055812895,0.09632772,0.033896323,0.8507869,0.0052136527,0.012023445,0.0056172227,14.051895,277.6859,null,null,null,null,"TWOGAUSSIANS",8,198.45384,0.8507869,0.0052136527,0.06733129,0.03145645,14.052191,277.68597,0.51325476,0.07082292,0.4,0.14981084,0.096327126,0.0338969
375316653866487564,2206652526221368576,0.53649133,2143.1629166117687,3.6183932640652086,1.607657E-5,19.669092,0.01634766,0.3231691,0.007623898,0.09748774,0.008225298,0.39761046,0.02033346,0.8343547,0.0044175386,0.088372,0.008346821,0.34007472,0.038352236,null,null,null,null,"TWOGAUSSIANS",8,1.2331389,0.3231691,0.007623898,0.4,0.0,0.38082135,0.014821096,0.8343547,0.0044175386,0.4,0.0,0.3232873,0.04129128
375316653866487564,2206654553444927104,0.4440396,2145.2238248342906,3.011432790093512,2.1170279E-5,19.406048,0.0062948284,0.36066487,0.015786385,0.04399463,0.014057936,0.045955036,0.014120608,0.76246077,0.012439201,0.050127067,0.034115314,0.018225934,0.018296292,0.04886499,0.007901228,0.76246077,0.012439201,"TWOGAUSSIANS_WITH_ELLIPSOIDAL_ON_ECLIPSE2",9,2.3996115,0.33655488,0.013690207,0.24636993,0.078724444,0.1175818,0.0106279645,0.76246077,0.012439201,0.2807116,0.19104575,0.11595506,0.011962019
375316653866487564,2206654862682669696,0.50295424,2153.874469559464,4.0160293983652435,2.2189099E-5,19.005333,0.044093437,0.22530916,0.008560148,0.11555484,0.023052044,0.2583415,0.040505096,0.71635365,0.01189735,0.094484925,0.023056848,0.27826157,0.042675003,null,null,null,null,"TWOGAUSSIANS",8,3.6961803,0.71635365,0.01189735,0.4,0.0,0.25014195,0.020765096,0.22530916,0.008560481,0.4,0.0,0.23017557,0.016747875
375316653866487564,2206656855547648768,0.47692898,2144.235562329703,2.8213221973927447,2.9408326E-5,18.95555,0.029278876,0.19342701,0.014937138,0.08936574,0.029472416,0.14038251,0.028446654,0.6769968,0.00782461,0.10473259,0.023608748,0.14163642,0.02608526,null,null,null,null,"TWOGAUSSIANS",8,2.1610324,0.6769968,0.00782461,0.4,0.0,0.13347663,0.014823219,0.19343701,0.014970832,0.4,0.0,0.13222674,0.01688173
375316653866487564,2206662666643232128,0.5027931,2139.876942642117,0.8897172331227196,7.305563E-5,18.048655,0.0051043034,0.32904422,0.02811062,0.02474313,0.0774233,1.1137038,1.718401,0.7626757,0.03250868,0.101478726,0.025054652,0.028355228,0.009249317,null,null,null,null,"TWOGAUSSIANS",8,2.1946533,0.32904422,0.027982825,0.13856153,0.25541842,1.1137033,1.7206221,0.7626757,0.03250868,0.4,0.0,0.028351523,0.008289655
375316653866487564,2206665587220126976,0.646674,2196.220746346163,0.3271481914575193,2.0003233E-6,14.463923,0.0033649679,0.17020145,0.013037468,0.027949734,0.025159078,0.07911331,1751512.4,0.667069,5.6339137E-4,0.029522644,7.6185015E-4,0.71633965,0.01107608,0.009049478,0.0050249216,0.17020145,0.013037468,"TWOGAUSSIANS_WITH_ELLIPSOIDAL_ON_ECLIPSE1",9,79.1031,0.66707903,5.5785716E-4,0.1653268,0.004266361,0.73443156,0.013644174,0.17020145,0.013037468,0.15651852,0.14089084,0.09721223,1751512.4
375316653866487564,2206666892889735808,0.41273543,2190.8146336348336,1.2279924431596798,2.1874454E-5,19.079712,0.00881367,0.35989362,0.023798993,0.055448946,0.03788646,0.14316967,0.023246014,0.75344115,0.0049120747,0.024016187,0.0044321325,0.12590745,0.018994777,null,null,null,null,"TWOGAUSSIANS",8,4.994183,0.35989362,0.023798993,0.3105141,0.13406202,0.14316967,0.023246111,0.75344115,0.0049120747,0.13449064,0.02481994,0.12590745,0.018995708
375316653866487564,2206668056820994176,0.46408424,2183.7891347805257,3.488990337701134,3.374447E-5,18.47734,0.017200755,0.22590044,0.01719694,0.056232527,0.010610805,0.333134,0.10121122,0.7285422,0.009100807,0.06728112,0.012536412,0.32251602,0.06993989,null,null,null,null,"TWOGAUSSIANS",8,17.563654,0.22590044,0.01719694,0.31490216,0.059420507,0.33296883,0.101241924,0.7285422,0.009100807,0.37677425,0.066615276,0.32235086,0.07007065
375316653866487564,2206670260144564864,0.4863205,2215.066417406881,2.465111763924722,2.3103794E-5,15.956259,0.018272681,0.14285417,0.013733122,0.07003627,0.066821486,0.016781569,0.049995497,0.6200695,0.008801431,0.050895907,0.01184924,0.25428954,0.04830913,0.059281122,0.025981305,0.14285417,0.013733122,"TWOGAUSSIANS_WITH_ELLIPSOIDAL_ON_ECLIPSE1",9,153.99309,0.62202954,0.007404272,0.28501707,0.06635574,0.37061608,0.049106646,0.14285417,0.013733122,0.3922031,0.3569546,0.1353149,0.018734328
375316653866487564,2206671565814765312,0.5387717,2242.1334778033984,2.9544364727795056,1.6486298E-5,16.38782,0.013779598,0.32193834,0.005316221,0.0941756,0.009373891,0.22047582,0.013745203,0.80876946,0.003946126,0.09527353,0.007862266,0.19593966,0.013985643,null,null,null,null,"TWOGAUSSIANS",8,17.56202,0.32193834,0.005316221,0.4,0.0,0.2098788,0.009065241,0.80876946,0.003946126,0.4,0.0,0.18534255,0.009325439
375316653866487564,2206671973831176064,0.6092729,2191.3548501880027,0.8400491912187593,1.1088594E-5,19.172289,0.003598627,0.49539706,0.01819961,0.055430915,0.013558532,0.10144,0.028677156,0.7456429,0.0024614478,0.051800117,0.0051743947,0.39515537,0.017219886,0.13059147,0.0050239717,0.7456429,0.0024614478,"TWOGAUSSIANS_WITH_ELLIPSOIDAL_ON_ECLIPSE2",9,1.0822346,0.7456429,0.0024614478,0.29008067,0.028976612,0.6563375,0.017185666,0.49501705,0.33871666,0.31041312,0.07592778,0.10144028,0.747612
375316653866487564,2206672630962950784,0.4878025,2197.771436325757,3.1125528846861297,3.3102257E-5,19.633402,0.12792592,0.20534055,0.0072146505,0.09009906,0.03205823,0.24516097,0.1167023,0.72381026,0.009262032,0.10384152,0.084609404,0.21309176,0.097980104,null,null,null,null,"TWOGAUSSIANS",8,1.5524029,0.20533055,0.0069097625,0.4,0.0,0.23245446,0.019486668,0.72381026,0.009253682,0.4,0.0,0.20038004,0.024203386
375316653866487564,2206672630966651904,0.55639327,2236.498529715304,0.01582772958818911,2.2133709E-5,18.40349,0.0025932821,0.09812064,7.970526E-4,0.0031994036,0.0019295267,0.017638182,0.009404685,0.7096682,0.0010396258,0.0054736673,6.8209873E-4,0.9346813,0.32749373,null,null,null,null,"TWOGAUSSIANS",8,1.2279881,0.7096682,0.0010396258,0.030652536,0.0038197527,0.9346813,0.32749373,0.09812064,7.970526E-4,0.01791666,0.010805349,0.017638182,0.009404685
375316653866487564,2206672867185862016,0.580753,2229.4431014183488,0.6242067628636848,1.0123408E-6,17.186817,0.0032458634,0.12154539,5.137204E-7,0.009334699,3.8951006E-5,9.43881,0.17177781,null,null,null,null,null,null,null,null,null,null,"ONEGAUSSIAN",5,14.390131,0.12154539,5.137204E-7,0.052274313,2.1812563E-4,9.43881,0.0,null,null,null,null,null,null
375316653866487564,2206673249441774208,0.5313238,2211.2566629454186,0.47618427422593496,3.3210952E-5,17.84154,0.001951634,0.909622,0.004991559,0.018647972,0.008898186,0.3098638,0.10136273,null,null,null,null,null,null,null,null,null,null,"ONEGAUSSIAN",5,3.958943,0.909622,0.004991559,0.10442864,0.049829837,0.3098638,0.0,null,null,null,null,null,null
375316653866487564,2206673451299934592,0.5109859,2165.531568865372,0.976423222610437,9.098799E-5,18.547033,0.007203586,0.2254583,0.018624315,0.035420384,0.06962095,0.028230987,0.015533059,0.74941665,0.0019795592,0.017603792,0.0026122355,0.24738057,0.02593658,0.025866587,0.010548363,0.2254583,0.018624315,"TWOGAUSSIANS_WITH_ELLIPSOIDAL_ON_ECLIPSE1",9,3.188343,0.74941665,0.0019795592,0.09858123,0.014628518,0.29795027,0.021321926,0.2254583,0.018624315,0.19835415,0.26200366,0.07996416,0.00932869
375316653866487564,2206678673981610624,0.48197076,2181.957943269937,2.1198237173538104,3.3358092E-6,18.137373,0.003797055,0.47747892,3.8721257E-5,0.014692077,4.2167152E-4,1.1387676,0.14914736,0.8483341,2.6455504E-4,0.0074651656,8.1784313E-4,0.029449496,0.00973101,null,null,null,null,"TWOGAUSSIANS",8,3.189117,0.47747892,3.8721257E-5,0.08227564,0.0023613605,1.1387676,0.14914736,0.8483341,2.6455504E-4,0.04180493,0.0045799217,0.029449496,0.00973101
375316653866487564,2206680323249000320,0.43441418,2165.439619325845,0.8662934172973453,2.6711949E-5,17.991999,0.031718288,0.3235613,0.007524579,0.074159734,0.016226737,0.4007566,0.113340795,0.7813413,0.031431697,0.09635401,0.049007993,0.16994426,0.04708168,null,null,null,null,"TWOGAUSSIANS",8,68.05958,0.3235613,0.0075220927,0.4,0.042559125,0.39769146,0.11619151,0.7813413,0.031431697,0.4,0.069891274,0.16687697,0.04924298
375316653866487564,2206680495047746176,0.44796813,2154.817116978835,2.502527733781557,1.5185743E-5,19.633831,0.004821089,null,null,null,null,null,null,null,null,null,null,null,null,0.09904855,0.0062472704,0.29193875,0.0050364733,"ELLIPSOIDAL",4,2.6556919,null,null,null,null,null,null,null,null,null,null,null,null
375316653866487564,2206680804285388032,0.48137358,2211.891805573862,0.9313966859242481,1.9401079E-5,17.21329,0.0013957411,null,null,null,null,null,null,null,null,null,null,null,null,0.028623525,0.0022641188,0.2351261,0.005482832,"ELLIPSOIDAL",4,3.006028,null,null,null,null,null,null,null,null,null,null,null,null
375316653866487564,2206681422760698624,0.5180859,2156.277211920241,2.8763298203352683,9.093489E-6,19.475822,0.013284433,0.2904279,0.0044489824,0.06784031,0.007954043,0.35876682,0.05280189,0.7881481,0.002849275,0.0703448,0.004996711,0.37706742,0.014822367,null,null,null,null,"TWOGAUSSIANS",8,2.345704,0.7881481,0.002849275,0.39393088,0.024249857,0.3760724,0.01453437,0.2904279,0.0044489824,0.3799057,0.042661954,0.35777184,0.05337793
375316653866487564,2206682629650303104,0.46488163,2187.75854023998,0.5301918576794107,1.52314615E-5,19.160576,0.005520408,0.27199817,0.064246766,0.0770064,0.0838444,0.031252608,0.012525646,0.64174235,0.0038722428,0.011512384,0.0047660167,0.9243876,0.7079789,null,null,null,null,"TWOGAUSSIANS",8,2.2985177,0.64174235,0.0038722428,0.06446935,0.026689695,0.9243879,0.70803595,0.27199817,0.064246766,0.4,0.108743526,0.031252608,0.012541795
375316653866487564,2206683381266663040,0.47560862,2166.874064629444,2.6539852643710558,1.674639E-5,19.718185,0.021591717,0.2838845,0.0033611506,0.063648544,0.016229823,0.52976555,0.22819778,0.77599484,0.01677696,0.07678146,0.019385716,0.35547704,0.027345467,null,null,null,null,"TWOGAUSSIANS",8,1.4784153,0.2838845,0.0033611506,0.35643184,0.07178975,0.52854455,0.23094904,0.77599484,0.01677696,0.4,0.0,0.35425606,0.02507239
375316653866487564,2206683591718396160,0.43673483,2132.682572617231,4.030388265737798,6.5085405E-5,19.35973,0.022291612,0.22521603,0.015429731,0.07699298,0.022327226,0.12642153,0.028487032,0.71209157,0.016676303,0.08783213,0.038089924,0.11676459,0.022929989,null,null,null,null,"TWOGAUSSIANS",8,2.5914218,0.22521603,0.015430395,0.4,0.0,0.12452144,0.029265696,0.71209157,0.016676303,0.4,0.0,0.11486447,0.022625655
375316653866487564,2206686267484016896,0.5315498,2211.684476628024,1.3021299616209387,9.677809E-6,19.162096,0.0163074,0.20676342,0.0041665733,0.096902296,0.008373831,0.30682546,0.016154138,0.70132744,0.003765055,0.08713046,0.005561675,0.3703109,0.022215,null,null,null,null,"TWOGAUSSIANS",8,2.1305358,0.70132744,0.003765055,0.4,0.0,0.35491806,0.019421935,0.20676342,0.0041665733,0.4,0.0,0.2914316,0.01244631
375316653866487564,2206688260347140224,0.5430398,2276.1338202888733,0.2627231724794967,8.777331E-5,10.565319,0.0015256593,0.6832134,0.021408528,0.033140175,0.011105032,0.13660447,0.026864048,0.17461945,0.014687258,0.021693427,0.014786652,0.056239687,0.02366118,0.0012231111,0.002108615,0.17461945,0.014687258,"TWOGAUSSIANS_WITH_ELLIPSOIDAL_ON_ECLIPSE2",9,29.821173,0.6832034,0.021393377,0.18558499,0.062188175,0.13904357,0.025352778,0.17461945,0.014687258,0.12148319,0.08280525,0.058685906,0.024475455
375316653866487564,2206689084982555904,0.48178995,2211.5836573125753,0.3941912708899829,3.1917767E-5,15.87821,0.0041906447,0.2675859,0.0065269005,0.036449626,0.009447328,0.073170654,0.0044805724,0.79898375,0.02469053,0.02470235,0.05015031,0.12710492,0.10134621,null,null,null,null,"TWOGAUSSIANS",8,14.886674,0.79898375,0.02469053,0.13833316,0.25519985,0.12710492,0.101351626,0.2675859,0.0065269005,0.20411791,0.052905038,0.073170654,0.004477937
375316653866487564,2206689669096468736,0.49778455,2202.082779988418,2.069232524304187,2.9591702E-5,18.110851,0.024178354,0.30129355,0.009794769,0.07628687,0.024691265,0.15143265,0.01743949,0.80892867,0.007382001,0.11101226,0.028163759,0.08448672,0.0229256,null,null,null,null,"TWOGAUSSIANS",8,2.508115,0.30129355,0.009840877,0.4,0.016193587,0.1461784,0.021490062,0.80892867,0.007382001,0.4,0.0,0.07922551,0.01053457
375316653866487564,2206690704188799232,0.5242317,2236.622037029511,3.1211985902874786,2.3897317E-5,16.992392,0.2799048,0.25571525,0.005494603,0.12247397,0.054664314,0.40601578,0.27251714,0.7640018,0.00614154,0.10643546,0.027312603,0.41628966,0.25739026,null,null,null,null,"TWOGAUSSIANS",8,41.992638,0.7640518,0.0054799113,0.4,0.0,0.34690335,0.02033772,0.25570524,0.0056449464,0.4,0.0,0.33644155,0.017397905
