Gaia/vari_eclipsing_binary/VariEclipsingBinary_058909-059070.csv
# %ECSV 1.0
# ---
# delimiter: ','
# meta: !!omap
# - RELEASE: Gaia DR3
# - TABLE: vari_eclipsing_binary
# - DESCRIPTION: >
#     This table describes the properties of the eclipsing binaries resulting from the variability analysis. 
# - CITATION: >
#     How to cite and acknowledge Gaia: 
#     https://gea.esac.esa.int/archive/documentation/credits.html 
# - KNOWN_ISSUES: >
#     Known issues: 
#     https://www.cosmos.esa.int/web/gaia-users/known-issues 
# - DOCUMENTATION: >
#     Tutorials and documentation: 
#     https://www.cosmos.esa.int/web/gaia-users/archive 
# datatype:
# - 
#   name: solution_id
#   datatype: int64
#   description: Solution Identifier
#   meta:
#     ucd: meta.version
# - 
#   name: source_id
#   datatype: int64
#   description: Unique source identifier
#   meta:
#     ucd: meta.id;meta.main
# - 
#   name: global_ranking
#   datatype: float32
#   description: Number between 0 (worst) and 1 (best)
#   meta:
#     ucd: stat.param
# - 
#   name: reference_time
#   datatype: float64
#   unit: d
#   description: Reference time used for the geometric model fit
#   meta:
#     ucd: time.epoch
# - 
#   name: frequency
#   datatype: float64
#   unit: d**-1
#   description: Frequency of geometric model of the eclipsing binary light curve
#   meta:
#     ucd: src.orbital
# - 
#   name: frequency_error
#   datatype: float32
#   unit: d**-1
#   description: "Uncertainty of \\texttt{frequency}"
#   meta:
#     ucd: stat.error
# - 
#   name: geom_model_reference_level
#   datatype: float32
#   unit: mag
#   description: Magnitude reference level of geometric model
#   meta:
#     ucd: phot.mag;em.opt
# - 
#   name: geom_model_reference_level_error
#   datatype: float32
#   unit: mag
#   description: "Uncertainty of \\texttt{geomModelReferenceLevel}"
#   meta:
#     ucd: stat.error;phot.mag;em.opt
# - 
#   name: geom_model_gaussian1_phase
#   datatype: float32
#   description: Phase of the Gaussian 1 component
#   meta:
#     ucd: time.phase
# - 
#   name: geom_model_gaussian1_phase_error
#   datatype: float32
#   description: "Uncertainty of \\texttt{geomModelGaussian1Phase}"
#   meta:
#     ucd: stat.error;time.phase
# - 
#   name: geom_model_gaussian1_sigma
#   datatype: float32
#   description: "Standard deviation [phase] of Gaussian 1 component"
#   meta:
#     ucd: stat.stdev
# - 
#   name: geom_model_gaussian1_sigma_error
#   datatype: float32
#   description: "Uncertainty of \\texttt{geomModelGaussian1Sigma}"
#   meta:
#     ucd: stat.error
# - 
#   name: geom_model_gaussian1_depth
#   datatype: float32
#   unit: mag
#   description: Magnitude depth of Gaussian 1 component
#   meta:
#     ucd: src.var.amplitude
# - 
#   name: geom_model_gaussian1_depth_error
#   datatype: float32
#   unit: mag
#   description: "Uncertainty of \\texttt{geomModelGaussian1Depth}"
#   meta:
#     ucd: stat.error;src.var.amplitude
# - 
#   name: geom_model_gaussian2_phase
#   datatype: float32
#   description: Phase of Gaussian 2 component
#   meta:
#     ucd: time.phase
# - 
#   name: geom_model_gaussian2_phase_error
#   datatype: float32
#   description: "Uncertainty of \\texttt{geomModelGaussian2Phase}"
#   meta:
#     ucd: stat.error;time.phase
# - 
#   name: geom_model_gaussian2_sigma
#   datatype: float32
[...]
#   datatype: float32
#   description: "Secondary eclipse: uncertainty of \\texttt{derivedSecondaryEclDuration}"
#   meta:
#     ucd: stat.error;time.duration
# - 
#   name: derived_secondary_ecl_depth
#   datatype: float32
#   unit: mag
#   description: "Secondary eclipse: depth"
#   meta:
#     ucd: src.var.amplitude
# - 
#   name: derived_secondary_ecl_depth_error
#   datatype: float32
#   unit: mag
#   description: "Secondary eclipse: uncertainty of \\texttt{derivedSecondaryEclDepth}"
#   meta:
#     ucd: stat.error;src.var.amplitude
solution_id,source_id,global_ranking,reference_time,frequency,frequency_error,geom_model_reference_level,geom_model_reference_level_error,geom_model_gaussian1_phase,geom_model_gaussian1_phase_error,geom_model_gaussian1_sigma,geom_model_gaussian1_sigma_error,geom_model_gaussian1_depth,geom_model_gaussian1_depth_error,geom_model_gaussian2_phase,geom_model_gaussian2_phase_error,geom_model_gaussian2_sigma,geom_model_gaussian2_sigma_error,geom_model_gaussian2_depth,geom_model_gaussian2_depth_error,geom_model_cosine_half_period_amplitude,geom_model_cosine_half_period_amplitude_error,geom_model_cosine_half_period_phase,geom_model_cosine_half_period_phase_error,model_type,num_model_parameters,reduced_chi2,derived_primary_ecl_phase,derived_primary_ecl_phase_error,derived_primary_ecl_duration,derived_primary_ecl_duration_error,derived_primary_ecl_depth,derived_primary_ecl_depth_error,derived_secondary_ecl_phase,derived_secondary_ecl_phase_error,derived_secondary_ecl_duration,derived_secondary_ecl_duration_error,derived_secondary_ecl_depth,derived_secondary_ecl_depth_error
[from data line 750]
375316653866487564,519415890031399168,0.47865263,2196.5387402065567,1.5971697111249954,2.0163821E-5,18.784534,0.0058536134,0.20113567,0.0024759262,0.03148948,0.0033208271,0.3176708,0.063747704,0.71700203,0.010545232,0.05051783,0.0074427947,0.3469709,0.03928568,null,null,null,null,"TWOGAUSSIANS",8,6.647056,0.71700203,0.010545232,0.28289986,0.04167965,0.3469709,0.03928568,0.20113567,0.0024759262,0.1763411,0.018596632,0.3176708,0.06374771
375316653866487564,519416371067807360,0.56307566,2214.7297955200015,1.5216669031136072,6.5030436E-6,18.422785,0.004091957,0.27133366,0.0026542814,0.040133096,0.012569811,0.06316064,0.008766048,0.73787624,0.0058911885,0.0252304,0.0057885027,0.10856791,0.04148411,0.09105697,0.0056324396,0.27133366,0.0026542814,"TWOGAUSSIANS_WITH_ELLIPSOIDAL_ON_ECLIPSE1",9,2.3853557,0.74042624,0.006074518,0.14129025,0.032415614,0.28334644,0.03976284,0.27133366,0.0026542814,0.22474533,0.07039094,0.24527434,0.008533778
375316653866487564,519417303083333888,0.54704845,2216.827746732082,0.7178609362822335,9.357665E-6,14.550124,7.263661E-4,0.6073022,0.0037007236,0.027030315,0.004619471,0.20794027,0.045017444,0.8177345,0.007436761,0.014627352,0.01792014,0.006488891,13401.136,null,null,null,null,"TWOGAUSSIANS",8,29.01893,0.6073022,0.0037007236,0.15136977,0.025869038,0.20794027,0.045017444,0.8177345,0.007436761,0.08191317,0.10035278,0.006488891,13401.136
375316653866487564,519417303083343360,0.6055534,2191.562039194168,0.12147606507461949,1.84203E-5,16.977139,0.0011060871,0.3376354,0.013178854,0.014315,0.026063161,0.008900413,0.0073985714,0.5084814,3.0715262E-5,0.006875078,2.7627115E-5,0.35546416,0.0011356466,null,null,null,null,"TWOGAUSSIANS",8,1.9909201,0.5084814,3.0715262E-5,0.038500436,1.5471184E-4,0.35546416,0.001135657,0.3376354,0.013178854,0.080164,0.1459537,0.008900413,0.0073985714
375316653866487564,519419192868969344,0.49360478,2203.661950764454,0.23918338056561386,3.7338847E-5,16.257013,8.7900244E-4,0.23084345,0.01404434,0.017851159,0.028425204,0.061534863,0.052588284,0.73786014,8.745511E-6,0.003863806,2.4534858E-4,0.71564275,0.2668156,null,null,null,null,"TWOGAUSSIANS",8,3.2737253,0.73786014,8.745511E-6,0.021637313,0.001373952,0.71564275,0.2668156,0.23084345,0.01404434,0.099966496,0.15918113,0.061534863,0.052588284
375316653866487564,519421426251900928,0.526969,2201.077699490533,2.8349447726432917,1.6502938E-5,19.047642,0.010758667,0.26045087,0.004576845,0.07714982,0.007461686,0.44767618,0.022021916,0.7701606,0.004103479,0.081021935,0.0048091616,0.4278718,0.023261262,null,null,null,null,"TWOGAUSSIANS",8,5.4088173,0.26045087,0.004576845,0.4,0.0,0.4428146,0.023370093,0.7701606,0.004103479,0.4,0.0,0.4230102,0.023286594
375316653866487564,519423311735074944,0.4878359,2225.3145237254585,3.534204802902441,1.3861967E-5,19.219557,0.020776952,0.20106174,0.004755777,0.10935848,0.011862732,0.20771009,0.01931986,0.71750164,0.003115655,0.10668509,0.010151836,0.25276786,0.017858883,null,null,null,null,"TWOGAUSSIANS",8,1.4172618,0.7175216,0.003114784,0.4,0.0,0.2265302,0.0113882525,0.20104174,0.004751353,0.4,0.0,0.18146844,0.010592122
375316653866487564,519424312462478336,0.5843699,2209.7417068023224,0.1357425491203561,3.8624976E-6,16.774359,0.0066002817,0.26884928,0.004337243,0.030120699,0.0026615292,0.65466505,0.0705906,0.76591355,0.004548065,0.033803985,0.0039878213,0.3021863,0.01630315,0.049916536,0.009502731,0.26884928,0.004337243,"TWOGAUSSIANS_WITH_ELLIPSOIDAL_ON_ECLIPSE1",9,29.957886,0.26884928,0.004337243,0.16867591,0.014904563,0.754498,0.07063674,0.76599354,0.0043754634,0.18930233,0.022331798,0.40198627,0.00678276
375316653866487564,519425240175390336,0.5562578,2208.041607098345,3.7679260653710758,1.19411125E-5,18.542,0.0135559365,0.24816442,0.0045689903,0.09108377,0.006225626,0.46389446,0.014955556,0.756556,0.0024830909,0.08114389,0.003789424,0.40723836,0.014761158,null,null,null,null,"TWOGAUSSIANS",8,6.175243,0.24816442,0.0045689903,0.4,0.0,0.45272633,0.012926455,0.756556,0.0024830909,0.4,0.0,0.39607057,0.012482859
375316653866487564,519425991794768896,0.47936508,2207.503987910779,0.4088540367014159,2.8115377E-5,17.192116,0.0014287926,0.24298139,0.005010069,0.051968474,0.0070482036,0.037660886,0.0023858561,0.7440695,0.004217034,0.037768837,0.0062756944,0.09866572,0.01875583,null,null,null,null,"TWOGAUSSIANS",8,2.8211138,0.7440695,0.004217034,0.21150549,0.03514389,0.0986657,0.018755857,0.24298139,0.005010069,0.29102346,0.03946994,0.037660867,0.002385876
375316653866487564,519428293898756992,0.56604147,2203.5298039360327,3.4063446447964,8.55586E-6,18.786072,0.024150893,0.26715854,0.0027051067,0.059767734,0.004426168,0.8142201,0.055850156,0.7686465,0.00300324,0.0412444,0.0051612253,0.5208797,0.045632906,0.07843142,0.025491444,0.26715854,0.0027051067,"TWOGAUSSIANS_WITH_ELLIPSOIDAL_ON_ECLIPSE1",9,9.650493,0.26715854,0.0027051067,0.33469933,0.024786541,0.970956,0.044097725,0.7686465,0.00300324,0.23096864,0.028902862,0.67760193,0.026540099
375316653866487564,519428813596527488,0.73608226,2225.452395816817,2.247592190696465,1.053004E-6,15.125191,0.0028373094,0.2804176,4.994173E-4,0.042523686,0.0013719321,0.33966494,0.010841953,0.7795911,0.0012602233,0.042513944,0.0015213501,0.33215612,0.010109528,0.22583792,0.0043822895,0.2804176,4.994173E-4,"TWOGAUSSIANS_WITH_ELLIPSOIDAL_ON_ECLIPSE1",9,14.568203,0.2804176,4.994173E-4,0.23813264,0.00768282,0.79134053,0.009377295,0.7797211,0.0010428097,0.23807809,0.008519561,0.78382146,0.010382426
375316653866487564,519433138622299904,0.5135252,2225.9684733128815,0.9953542976561472,8.465036E-5,17.048073,0.0012887396,0.17834175,0.007265378,0.03314681,0.009439488,0.13033812,0.024536572,0.68577456,0.035551228,0.023851449,0.02136111,0.10246747,0.8267974,null,null,null,null,"TWOGAUSSIANS",8,3.201643,0.17834175,0.007265378,0.18562214,0.05286113,0.13033812,0.024536572,0.68577456,0.035551228,0.13356812,0.11962222,0.10246747,0.8267974
375316653866487564,519433452161157120,0.50860935,2210.7964593118213,0.22064368630033634,8.9225705E-6,17.825603,0.0018193289,0.15008134,7.928226E-4,0.009204127,0.0011526698,0.5272982,0.412009,0.33334666,0.005032068,0.023295268,0.00535414,0.02414897,0.0071311397,null,null,null,null,"TWOGAUSSIANS",8,2.153793,0.15008134,7.928226E-4,0.05154311,0.0064549507,0.5272982,0.412009,0.33334666,0.005032068,0.13045351,0.029983183,0.02414897,0.0071311397
375316653866487564,519434208068090752,0.53546137,2218.867375574743,3.168447171778325,6.558872E-6,19.392023,0.0066096033,0.23178777,0.0037603301,0.07241127,0.0034379675,0.38528618,0.01541462,0.72813255,0.0028219505,0.07876689,0.0031293037,0.364212,0.015020229,null,null,null,null,"TWOGAUSSIANS",8,1.2987316,0.23178777,0.0037603301,0.4,1.8761608E-4,0.38237906,0.015563056,0.72813255,0.0028219505,0.4,0.0,0.36130488,0.015037579
375316653866487564,519434414226493440,0.46897402,2206.6738749708047,0.6314969527382132,9.988738E-5,18.038513,0.0024370758,0.15732726,0.0016066955,0.009534759,0.0011632739,0.32051954,0.11262276,0.82912654,0.041462727,0.034735806,0.0132581545,0.01993442,0.008467355,null,null,null,null,"TWOGAUSSIANS",8,3.540292,0.15732726,0.0016066955,0.05339465,0.006514334,0.32051954,0.11262276,0.82912654,0.041462727,0.19452052,0.07424566,0.01993442,0.008467355
375316653866487564,519435372005563648,0.4911022,2261.415459269572,2.5542717897337606,2.8449247E-5,16.697666,0.015038792,0.24672574,0.0037356776,0.05048716,0.02467256,0.06531343,0.042330824,0.763754,0.019984024,0.036364652,0.035486944,0.08382453,0.24820223,0.062163748,0.02323709,0.24672574,0.0037356776,"TWOGAUSSIANS_WITH_ELLIPSOIDAL_ON_ECLIPSE1",9,24.658785,0.763754,0.019984024,0.20364206,0.19872689,0.20673367,0.28256363,0.24672574,0.0037356776,0.2827281,0.13816634,0.18964034,0.023702227
375316653866487564,519438296884227968,0.4661241,2169.158690826009,1.0465049582072425,3.1434418E-5,17.154655,0.0034508402,0.34112546,0.007486652,0.06958189,0.017938465,0.074774526,0.007961788,0.86273074,0.010421229,0.050641518,0.013841084,0.024611128,0.0054301256,null,null,null,null,"TWOGAUSSIANS",8,2.504148,0.34112546,0.007486652,0.38965857,0.042783953,0.07476699,0.00800841,0.86273074,0.010421229,0.2835925,0.077510074,0.024603602,0.0054247854
375316653866487564,519439529534034048,0.5217579,2199.301703501065,2.972311912867628,7.377499E-6,19.506676,0.01295759,0.22237071,0.003110794,0.09266319,0.005489613,0.3648884,0.012664747,0.71669596,0.0027112116,0.08486974,0.0048132213,0.36351022,0.01662889,null,null,null,null,"TWOGAUSSIANS",8,1.3768166,0.22237071,0.003110794,0.4,0.0,0.35229328,0.009596255,0.71669596,0.0027112116,0.4,0.0,0.35091543,0.01591354
375316653866487564,519440736425647488,0.49975666,2233.486011705137,0.44760365637778443,1.1535577E-5,17.26009,0.0013118363,0.14608118,0.0047635613,0.018603431,0.00942731,0.10619503,32.586655,0.64700115,0.008962363,0.02131602,0.003751413,0.0999195,0.023509974,null,null,null,null,"TWOGAUSSIANS",8,2.2390132,0.14608118,0.0047635613,0.10417922,0.052792937,0.10619503,32.586655,0.64700115,0.008962363,0.119369715,0.021007912,0.0999195,0.023509974
375316653866487564,519443347765712000,0.51778024,2202.013863823948,1.540968825337615,1.2072204E-5,18.04927,0.0043018213,0.324294,0.0013683792,0.03764071,0.0012294776,0.47953945,0.012703634,null,null,null,null,null,null,null,null,null,null,"ONEGAUSSIAN",5,10.738846,0.324294,0.0013683792,0.21078798,0.0068850745,0.47953945,0.0,null,null,null,null,null,null
375316653866487564,519443996300147584,0.604406,2228.580219514431,0.32139466327451377,3.651896E-6,18.457298,0.003357071,0.28374246,2.4540443E-4,0.018622754,3.111172E-4,1.8268703,0.07220274,0.79784393,0.001705165,0.0154751465,0.0024598634,0.07273581,0.0072788727,0.048850544,0.0061667315,0.28374246,2.4540443E-4,"TWOGAUSSIANS_WITH_ELLIPSOIDAL_ON_ECLIPSE1",9,4.1661873,0.28374246,2.4540443E-4,0.104287416,0.0017422563,1.9245712,0.07471703,0.79784393,0.001705165,0.08666082,0.013775235,0.16967174,0.008285036
375316653866487564,519444893953906432,0.42748436,2192.496927353228,0.1678371742695539,1.9456278E-5,13.292317,5.8561575E-4,0.42786503,0.026962457,0.09760357,0.019504182,0.005140186,0.0010380205,0.79056853,0.008689892,0.06255984,0.010091366,0.0071302173,0.0022921776,null,null,null,null,"TWOGAUSSIANS",8,4.8241706,0.79056853,0.008689892,0.35033512,0.05651165,0.0071312333,0.0022957148,0.42786503,0.026962457,0.4,0.0,0.005136046,0.0010355968
375316653866487564,519446401479391104,0.5638146,2191.768805790713,2.845611186987847,7.0710785E-6,19.752464,0.017554471,0.280887,0.002970176,0.041108437,0.008955571,0.5222279,0.13212965,0.7873413,0.0022871518,0.047039095,0.003622684,0.49496365,0.038262464,0.11594892,0.021685168,0.280887,0.002970176,"TWOGAUSSIANS_WITH_ELLIPSOIDAL_ON_ECLIPSE1",9,1.9205476,0.280887,0.002970176,0.23020725,0.050151195,0.7541248,0.15455528,0.7873413,0.0022871518,0.2634189,0.020287031,0.7264794,0.01447936
375316653866487564,519446474501848960,0.58062214,2201.9855105999027,0.2446882915388666,9.749356E-6,15.481736,4.985052E-4,0.16425395,0.008719702,0.025145793,0.003941563,0.08915136,0.05136245,0.6203321,0.004246146,0.01662117,0.0026390934,0.1410835,0.029889856,0.0062863254,7.4738567E-4,0.16425395,0.008719702,"TWOGAUSSIANS_WITH_ELLIPSOIDAL_ON_ECLIPSE1",9,3.203638,0.6204122,0.0042290823,0.09307856,0.014778923,0.15272436,0.029731784,0.16425395,0.008719702,0.14081645,0.022072753,0.101724,0.051293954
375316653866487564,519447123036118144,0.5044142,2243.1619113360107,3.506484947424553,1.4874342E-5,19.55232,0.02137678,0.1877512,0.004822526,0.08995809,0.008806468,0.29578754,0.021759756,0.66621107,0.007447251,0.09202045,0.011459715,0.3338395,0.047578458,null,null,null,null,"TWOGAUSSIANS",8,2.448186,0.66621107,0.007447251,0.4,0.0,0.32349005,0.04925813,0.1877512,0.004822526,0.4,0.0,0.28543833,0.016851287
375316653866487564,519447775871127808,0.5730598,2218.5124318815415,3.2833266465145416,6.042094E-6,17.337885,0.0075085564,0.25612652,0.0035735276,0.07895163,0.003584304,0.4715551,0.01736738,0.7498026,0.0021365164,0.07709303,0.003123814,0.526403,0.012352428,null,null,null,null,"TWOGAUSSIANS",8,19.35318,0.7498026,0.0021365164,0.4,0.0,0.52125233,0.012296494,0.25612652,0.0035735276,0.4,0.0,0.4664044,0.017079908
375316653866487564,519447982027421056,0.557583,2215.3936449686707,2.8921460878876095,1.7847726E-5,18.616594,0.009038854,0.2712752,0.004419594,0.0904959,0.0060712183,0.38490197,0.01839637,0.7644736,0.0022829634,0.0861024,0.0032471376,0.41381505,0.011969886,null,null,null,null,"TWOGAUSSIANS",8,3.0948026,0.7644736,0.0022829634,0.4,0.0,0.40083987,0.010633192,0.2712752,0.004419594,0.4,0.0,0.37192664,0.019162541
375316653866487564,519448703581982720,0.6284493,2231.981656446991,0.9489457858014612,5.0175504E-6,17.435247,0.0021510914,0.3119536,7.1220275E-4,0.03112562,5.9131114E-4,0.6012468,0.0075354413,0.81266624,0.0025556555,0.030854542,0.0019778004,0.08808667,0.005654662,null,null,null,null,"TWOGAUSSIANS",8,3.75918,0.3119536,7.1220275E-4,0.17430347,0.0033113423,0.6012468,0.0075354413,0.81266624,0.0025556555,0.17278543,0.011075682,0.08808667,0.005654662
375316653866487564,519448806661205120,0.5272094,2230.7427222058127,2.4861896319114374,1.3225194E-5,19.045637,0.017005505,0.2897975,0.0041727293,0.09737326,0.0062965276,0.35856536,0.020374136,0.79136413,0.0035157646,0.09073576,0.005792213,0.39329734,0.020411843,null,null,null,null,"TWOGAUSSIANS",8,2.9646266,0.79136413,0.0035157646,0.4,0.0,0.37188524,0.017636271,0.2897975,0.0041727293,0.4,0.0,0.3371521,0.014683826
375316653866487564,519450047914631168,0.69167495,2180.837493283173,0.5110813024172338,1.9471715E-6,15.529535,7.7769463E-4,0.1205779,0.002930626,0.02157944,0.0023324408,0.54749167,0.03568961,0.6242569,5.873586E-4,0.022027586,4.3021244E-4,0.66041666,0.013927514,0.007832722,0.0017214384,0.1205779,0.002930626,"TWOGAUSSIANS_WITH_ELLIPSOIDAL_ON_ECLIPSE1",9,10.512523,0.6242569,5.873586E-4,0.12335449,0.0024091897,0.6760737,0.013732126,0.1205779,0.002930626,0.12084487,0.013061669,0.5631571,0.035684213
375316653866487564,519450868245482240,0.51236665,2182.849891362155,3.7013401594298885,1.2602538E-5,19.113739,0.0134654585,0.25957808,0.004490774,0.08945983,0.0112656215,0.19740893,0.013365789,0.7707349,0.0034825127,0.09926346,0.009521743,0.16973814,0.012074973,null,null,null,null,"TWOGAUSSIANS",8,1.298268,0.25957808,0.004490774,0.4,0.0,0.1881245,0.014204315,0.7707349,0.0034825127,0.4,0.0,0.16045257,0.0076436386
375316653866487564,519451147426238720,0.5337978,2218.146305062032,0.023713687084333145,8.731326E-5,17.38211,0.0024888457,0.6023053,0.006550489,0.022729198,0.009538042,0.6118121,0.12515955,null,null,null,null,null,null,null,null,null,null,"ONEGAUSSIAN",5,16.107033,0.6023053,0.006550489,0.12728351,0.053413037,0.6118121,0.0,null,null,null,null,null,null
375316653866487564,519452281289214080,0.47105667,2181.312143481597,4.468967827127375,1.7401466E-5,19.585365,0.15422517,0.2699636,0.008213154,0.12874998,0.044589758,0.2871134,0.15016523,0.7821729,0.0063715326,0.11663946,0.038714394,0.2887679,0.14237176,null,null,null,null,"TWOGAUSSIANS",8,3.3174002,0.78232294,0.0060113026,0.4,0.0,0.2240098,0.018575301,0.2699136,0.008250343,0.4,0.0,0.22209546,0.022073478
375316653866487564,519454961357282688,0.48713878,2234.45578425207,0.9856519379856281,1.8485494E-5,14.358701,0.18228321,0.23487452,0.009808712,0.15643424,0.11539205,0.07353468,0.17314881,0.73594844,0.0055006538,0.1467792,0.09415404,0.062466003,0.15698014,null,null,null,null,"TWOGAUSSIANS",8,12.887757,0.23480451,0.01064432,0.4,0.0,0.03926231,0.0034561735,0.73608845,0.005369914,0.4,0.0,0.028705813,0.0032074996
375316653866487564,519455128855398656,0.52531815,2235.6595752229605,2.6303466805968356,1.1498235E-5,19.004885,0.019028196,0.23235664,0.0044812714,0.09667313,0.010608341,0.25731254,0.016303994,0.729655,0.0047994186,0.09858031,0.010565822,0.27269286,0.02097931,null,null,null,null,"TWOGAUSSIANS",8,2.417947,0.729655,0.0047994186,0.4,0.0,0.2534267,0.019280445,0.23235664,0.0044812714,0.4,0.0,0.23804699,0.015414723
