Gaia/vari_eclipsing_binary/VariEclipsingBinary_662108-662148.csv
# %ECSV 1.0
# ---
# delimiter: ','
# meta: !!omap
# - RELEASE: Gaia DR3
# - TABLE: vari_eclipsing_binary
# - DESCRIPTION: >
#     This table describes the properties of the eclipsing binaries resulting from the variability analysis. 
# - CITATION: >
#     How to cite and acknowledge Gaia: 
#     https://gea.esac.esa.int/archive/documentation/credits.html 
# - KNOWN_ISSUES: >
#     Known issues: 
#     https://www.cosmos.esa.int/web/gaia-users/known-issues 
# - DOCUMENTATION: >
#     Tutorials and documentation: 
#     https://www.cosmos.esa.int/web/gaia-users/archive 
# datatype:
# - 
#   name: solution_id
#   datatype: int64
#   description: Solution Identifier
#   meta:
#     ucd: meta.version
# - 
#   name: source_id
#   datatype: int64
#   description: Unique source identifier
#   meta:
#     ucd: meta.id;meta.main
# - 
#   name: global_ranking
#   datatype: float32
#   description: Number between 0 (worst) and 1 (best)
#   meta:
#     ucd: stat.param
# - 
#   name: reference_time
#   datatype: float64
#   unit: d
#   description: Reference time used for the geometric model fit
#   meta:
#     ucd: time.epoch
# - 
#   name: frequency
#   datatype: float64
#   unit: d**-1
#   description: Frequency of geometric model of the eclipsing binary light curve
#   meta:
#     ucd: src.orbital
# - 
#   name: frequency_error
#   datatype: float32
#   unit: d**-1
#   description: "Uncertainty of \\texttt{frequency}"
#   meta:
#     ucd: stat.error
# - 
#   name: geom_model_reference_level
#   datatype: float32
#   unit: mag
#   description: Magnitude reference level of geometric model
#   meta:
#     ucd: phot.mag;em.opt
# - 
#   name: geom_model_reference_level_error
#   datatype: float32
#   unit: mag
#   description: "Uncertainty of \\texttt{geomModelReferenceLevel}"
#   meta:
#     ucd: stat.error;phot.mag;em.opt
# - 
#   name: geom_model_gaussian1_phase
#   datatype: float32
#   description: Phase of the Gaussian 1 component
#   meta:
#     ucd: time.phase
# - 
#   name: geom_model_gaussian1_phase_error
#   datatype: float32
#   description: "Uncertainty of \\texttt{geomModelGaussian1Phase}"
#   meta:
#     ucd: stat.error;time.phase
# - 
#   name: geom_model_gaussian1_sigma
#   datatype: float32
#   description: "Standard deviation [phase] of Gaussian 1 component"
#   meta:
#     ucd: stat.stdev
# - 
#   name: geom_model_gaussian1_sigma_error
#   datatype: float32
#   description: "Uncertainty of \\texttt{geomModelGaussian1Sigma}"
#   meta:
#     ucd: stat.error
# - 
#   name: geom_model_gaussian1_depth
#   datatype: float32
#   unit: mag
#   description: Magnitude depth of Gaussian 1 component
#   meta:
#     ucd: src.var.amplitude
# - 
#   name: geom_model_gaussian1_depth_error
#   datatype: float32
#   unit: mag
#   description: "Uncertainty of \\texttt{geomModelGaussian1Depth}"
#   meta:
#     ucd: stat.error;src.var.amplitude
# - 
#   name: geom_model_gaussian2_phase
#   datatype: float32
#   description: Phase of Gaussian 2 component
#   meta:
#     ucd: time.phase
# - 
#   name: geom_model_gaussian2_phase_error
#   datatype: float32
#   description: "Uncertainty of \\texttt{geomModelGaussian2Phase}"
#   meta:
#     ucd: stat.error;time.phase
# - 
#   name: geom_model_gaussian2_sigma
#   datatype: float32
[...]
#   datatype: float32
#   description: "Secondary eclipse: uncertainty of \\texttt{derivedSecondaryEclDuration}"
#   meta:
#     ucd: stat.error;time.duration
# - 
#   name: derived_secondary_ecl_depth
#   datatype: float32
#   unit: mag
#   description: "Secondary eclipse: depth"
#   meta:
#     ucd: src.var.amplitude
# - 
#   name: derived_secondary_ecl_depth_error
#   datatype: float32
#   unit: mag
#   description: "Secondary eclipse: uncertainty of \\texttt{derivedSecondaryEclDepth}"
#   meta:
#     ucd: stat.error;src.var.amplitude
solution_id,source_id,global_ranking,reference_time,frequency,frequency_error,geom_model_reference_level,geom_model_reference_level_error,geom_model_gaussian1_phase,geom_model_gaussian1_phase_error,geom_model_gaussian1_sigma,geom_model_gaussian1_sigma_error,geom_model_gaussian1_depth,geom_model_gaussian1_depth_error,geom_model_gaussian2_phase,geom_model_gaussian2_phase_error,geom_model_gaussian2_sigma,geom_model_gaussian2_sigma_error,geom_model_gaussian2_depth,geom_model_gaussian2_depth_error,geom_model_cosine_half_period_amplitude,geom_model_cosine_half_period_amplitude_error,geom_model_cosine_half_period_phase,geom_model_cosine_half_period_phase_error,model_type,num_model_parameters,reduced_chi2,derived_primary_ecl_phase,derived_primary_ecl_phase_error,derived_primary_ecl_duration,derived_primary_ecl_duration_error,derived_primary_ecl_depth,derived_primary_ecl_depth_error,derived_secondary_ecl_phase,derived_secondary_ecl_phase_error,derived_secondary_ecl_duration,derived_secondary_ecl_duration_error,derived_secondary_ecl_depth,derived_secondary_ecl_depth_error
[from data line 317]
375316653866487564,5824157833040428800,0.47994456,2224.1082946047827,0.4172802866910238,1.6271466E-5,18.228266,0.0035011626,0.121804304,0.004624872,0.026186235,0.0043114587,0.17614129,0.048394963,0.6189896,0.002164501,0.02063661,0.002470503,0.35100213,0.027954776,null,null,null,null,"TWOGAUSSIANS",8,11.006218,0.6189896,0.002164501,0.115565024,0.013834817,0.35100213,0.027954776,0.121804304,0.004624872,0.14664291,0.024144169,0.17614129,0.048394963
375316653866487564,5824159340538135808,0.4889982,2216.1819124752574,3.2049053260883342,1.3569279E-5,18.654531,0.032356568,0.2742162,0.0040687113,0.12198206,0.014067783,0.2038024,0.031062724,0.74151874,0.0058178958,0.11946461,0.013908588,0.17702205,0.031961266,null,null,null,null,"TWOGAUSSIANS",8,2.492658,0.27439618,0.003935282,0.4,0.0,0.1705722,0.007633513,0.74151874,0.0058178958,0.4,0.0,0.14384617,0.008272869
375316653866487564,5824159447948153984,0.48387823,2215.9658556695827,0.32287103033789766,1.04895924E-4,17.437296,0.001116073,0.7882024,6.667324E-4,0.006298428,4.2990354E-4,0.6629425,0.16608368,null,null,null,null,null,null,0.0058818725,0.0014407015,0.7882024,6.667324E-4,"ONEGAUSSIAN_WITH_ELLIPSOIDAL",6,5.5987115,0.7882024,6.667324E-4,0.035271194,0.0024074598,0.6747063,0.16637422,null,null,null,null,null,null
375316653866487564,5824159551027378432,0.5400939,2228.365403663198,3.01958082121232,1.5258438E-5,17.684055,0.04041985,0.27974615,0.00610999,0.120258816,0.018251402,0.23563907,0.03862437,0.7614541,0.0035509504,0.11600663,0.016195163,0.23249611,0.038015097,null,null,null,null,"TWOGAUSSIANS",8,6.6944966,0.27981612,0.0060986336,0.4,0.0,0.19348575,0.008609218,0.7614541,0.0035509504,0.4,0.0,0.19038922,0.0073611285
375316653866487564,5824160100751207936,0.54522175,2232.793577423466,3.5664198781910215,3.6975048E-6,19.279716,0.005619404,0.2267626,0.0018075962,0.07790979,0.0028234033,0.48564348,0.0150853675,0.7252432,0.0016693854,0.07637202,0.0020624977,0.4553069,0.010672744,null,null,null,null,"TWOGAUSSIANS",8,1.7681823,0.2267626,0.0018075962,0.4,0.0,0.48086944,0.015558267,0.7252432,0.0016693854,0.4,0.0,0.45053288,0.010668412
375316653866487564,5824160616179359744,0.61516684,2231.824582174884,2.573233329255697,3.3621432E-6,17.779617,0.013007782,0.22784983,7.922412E-4,0.056166,0.0028828841,0.3510887,0.026964627,0.7220689,0.002367847,0.06327807,0.0045505576,0.37086025,0.02454313,0.088367224,0.014964235,0.22784983,7.922412E-4,"TWOGAUSSIANS_WITH_ELLIPSOIDAL_ON_ECLIPSE1",9,7.111198,0.72282887,0.0020194824,0.3543572,0.025483124,0.5472702,0.018255522,0.22784983,7.922412E-4,0.3145296,0.01614415,0.5277012,0.008054072
375316653866487564,5824160650507194496,0.5666667,2207.7700089152872,2.1278919242225967,1.7126301E-6,18.183727,0.0048061344,0.27418742,0.001649395,0.026422946,0.001951882,0.612575,0.04283751,0.77409256,4.810614E-4,0.02778362,9.328319E-4,0.6295895,0.015596275,0.02000142,0.00740664,0.27418742,0.001649395,"TWOGAUSSIANS_WITH_ELLIPSOIDAL_ON_ECLIPSE1",9,6.9748917,0.77409256,4.8088716E-4,0.15558827,0.0052238586,0.6695923,0.023111504,0.27418742,0.001649395,0.1479685,0.010930539,0.6525778,0.045481652
375316653866487564,5824160719226678656,0.54700494,2222.0452896334546,3.4950255972114515,4.5528204E-6,18.78725,0.0056303497,0.26319483,0.0027255293,0.07531178,0.0033947197,0.3627707,0.008756942,0.76017094,0.0017699219,0.08221647,0.002844147,0.33865565,0.009591901,null,null,null,null,"TWOGAUSSIANS",8,2.4780357,0.26319483,0.0027255293,0.4,0.0,0.3585011,0.008705794,0.76017094,0.0017699219,0.4,0.0,0.33438608,0.009682886
375316653866487564,5824161127245192448,0.584342,2233.8415857183177,1.9306794221559511,5.603502E-6,18.80707,0.00396676,0.23126052,0.0021811845,0.074183054,0.002250342,0.32768852,0.007789164,0.7263098,0.0016854187,0.07739262,0.0023514654,0.5861605,0.025407722,null,null,null,null,"TWOGAUSSIANS",8,2.1825366,0.7263098,0.0016854187,0.4,0.0,0.5827413,0.025855958,0.23126052,0.0021811845,0.4,0.0,0.32426935,0.0076428954
375316653866487564,5824161608280920832,0.45187363,2234.3539328139086,3.1681245910994957,1.0466197E-5,13.631486,0.013854209,0.23160586,0.0062134187,0.041626062,0.008503969,0.14978147,0.031430718,0.74395525,0.0039536157,0.053718172,0.010789375,0.0822116,0.03239806,0.065187015,0.016957676,0.74395525,0.0039536157,"TWOGAUSSIANS_WITH_ELLIPSOIDAL_ON_ECLIPSE2",9,443.54385,0.23291586,0.005500029,0.23310594,0.047622222,0.27945346,0.017565524,0.74395525,0.0039536157,0.30082175,0.0604205,0.21258399,0.010374921
375316653866487564,5824161818770235520,0.57406455,2240.8096031065947,2.681637097333101,4.272678E-6,15.625343,0.0047271354,0.24904907,0.0013204324,0.04664443,0.0051406776,0.09852486,0.010601213,0.75157595,0.0043558963,0.041704487,0.0062876507,0.0837182,0.014731754,0.11819183,0.006067725,0.24904907,0.0013204324,"TWOGAUSSIANS_WITH_ELLIPSOIDAL_ON_ECLIPSE1",9,43.489365,0.24904907,0.0013204324,0.26120883,0.028787794,0.33490846,0.0057087624,0.75157595,0.0043558963,0.23354514,0.035210844,0.3200422,0.013968
375316653866487564,5824162020597913600,0.48492745,2223.4895278386653,2.3799152525396456,1.463998E-5,17.701694,0.010222392,0.2261446,0.008331742,0.068591945,0.006372731,0.2140098,0.022324147,0.73348194,0.003433751,0.07223426,0.0040966114,0.48253983,0.01574391,null,null,null,null,"TWOGAUSSIANS",8,61.50282,0.73348194,0.003433751,0.4,0.0051798606,0.48155904,0.01561688,0.2261446,0.008331742,0.3841149,0.034938533,0.213029,0.022215752
375316653866487564,5824162196727341312,0.6156354,2226.601153748096,1.2913541456844522,2.9795553E-6,15.056158,0.0027061938,0.2231784,0.001259469,0.09547085,0.0020022239,0.21316014,0.0035603873,0.72496045,9.860009E-4,0.08812116,0.0015377715,0.27424723,0.003056182,null,null,null,null,"TWOGAUSSIANS",8,20.648855,0.72496045,9.860009E-4,0.4,0.0,0.26279512,0.0024801765,0.2231784,0.001259469,0.4,0.0,0.2017076,0.003381042
375316653866487564,5824162196727353472,0.44839406,2218.112675015267,1.0310752245276378,3.713879E-5,17.75602,0.007025066,0.18852119,0.0035980563,0.017468773,0.0021595818,0.3407985,0.026479563,0.76277685,0.043255724,0.07899078,0.0306761,0.040652078,0.014078794,null,null,null,null,"TWOGAUSSIANS",8,43.58686,0.18852119,0.0035980563,0.097825125,0.012093659,0.34079853,0.026479626,0.76277685,0.043255724,0.4,0.019867906,0.040652078,0.014078765
375316653866487564,5824162574692946176,0.5033238,2230.718021979397,1.3114254508474728,1.8728244E-5,17.762718,0.002107535,0.2763245,0.002873835,0.034441132,0.0034746337,0.12926912,0.006148499,0.77123517,0.010412889,0.015016911,0.0078939,0.017250173,0.014236478,0.01087174,0.003055416,0.77123517,0.010412889,"TWOGAUSSIANS_WITH_ELLIPSOIDAL_ON_ECLIPSE2",9,3.036353,0.27624452,0.0028031669,0.19287035,0.019457947,0.15099068,0.0043060123,0.77123517,0.010412889,0.0840947,0.044205844,0.038993616,0.012818873
375316653866487564,5824162952641688576,0.6115411,2229.236570273737,1.337412227120054,2.1879932E-6,13.789581,0.0033511238,0.21121255,8.987499E-4,0.04155453,0.0014979935,0.35189325,0.007339198,0.712918,0.0020109322,0.04610083,0.0029715768,0.11343552,0.0076368214,0.04403107,0.0044467095,0.21121255,8.987499E-4,"TWOGAUSSIANS_WITH_ELLIPSOIDAL_ON_ECLIPSE1",9,44.677856,0.21121255,8.987499E-4,0.23270537,0.008388763,0.43995515,0.005803759,0.712918,0.0020109322,0.25816464,0.01664083,0.20148729,0.0032691092
375316653866487564,5824163261879323904,0.41809544,2196.455098958134,0.6262261484057104,9.8780714E-5,18.742577,0.0041867574,0.22777085,0.013281546,0.059473734,0.020519894,0.02739069,0.019739563,0.8358107,0.0045265537,0.020318806,0.008703534,0.11492281,0.031505216,0.03696637,0.00672001,0.22777085,0.013281546,"TWOGAUSSIANS_WITH_ELLIPSOIDAL_ON_ECLIPSE1",9,9.719873,0.8358107,0.0045265537,0.11378531,0.048739787,0.15970401,0.033771016,0.22777085,0.013281546,0.3330529,0.096191995,0.10131925,0.01900189
375316653866487564,5824163910384093952,0.52012646,2235.5701213043385,0.2354747276503025,5.0533176E-6,16.300009,0.0014768986,0.3017296,0.012960188,0.044351786,0.02415311,0.040697213,0.05381521,0.95419025,4.4800498E-4,0.007988367,6.3143653E-4,0.4101893,0.019992217,null,null,null,null,"TWOGAUSSIANS",8,21.957058,0.95419025,4.4800498E-4,0.044734854,0.0035360446,0.4101893,0.019992217,0.3017296,0.012960188,0.24837,0.13525742,0.040697213,0.05381521
375316653866487564,5824165495231100800,0.5344792,2237.62739381617,2.8381518808119193,9.233188E-6,17.794628,0.010988688,0.1932582,0.005704287,0.072862476,0.005139118,0.43023437,0.021985825,0.6818147,0.0023630322,0.07718933,0.004237143,0.392844,0.0125920335,null,null,null,null,"TWOGAUSSIANS",8,20.905903,0.1932582,0.005704287,0.4,0.0,0.42777154,0.021793533,0.6818147,0.0023630322,0.4,0.0,0.39038116,0.012277265
375316653866487564,5824165495262391808,0.60826004,2226.674285771445,2.0150853142771297,3.6105646E-6,15.43463,0.0069788443,0.24404582,0.0019061038,0.10221544,0.0058149435,0.23365363,0.008670008,0.7359991,0.0013350587,0.09155394,0.0024014653,0.37372202,0.0069946647,null,null,null,null,"TWOGAUSSIANS",8,30.517729,0.7359991,0.0013350587,0.4,0.0,0.3551253,0.0046702093,0.24404582,0.0019061038,0.4,0.0,0.21505404,0.010633695
375316653866487564,5824166800932833536,0.6324192,2247.2387396687354,1.5185823530604,1.8788437E-6,16.424522,0.0023421268,0.20272045,0.0036531498,0.043852262,0.004429575,0.05055526,0.008228227,0.6994858,4.4548343E-4,0.04788238,6.246892E-4,0.37333462,0.006122392,0.014863886,0.0038841455,0.20272045,0.0036531498,"TWOGAUSSIANS_WITH_ELLIPSOIDAL_ON_ECLIPSE1",9,7.42996,0.6995357,4.2208895E-4,0.26814133,0.0034982597,0.40304992,0.0033807917,0.20272045,0.0036531498,0.24557266,0.02480562,0.08028266,0.0047615543
375316653866487564,5824169549711998208,0.5121189,2255.972068680623,3.1461317000664777,1.1185614E-5,17.540257,0.010516249,0.30866078,0.0210544,0.038161747,0.020085433,0.07491136,0.023324652,0.77676797,0.0046702833,0.035676762,0.01612314,0.08226237,0.02920742,0.11116346,0.014660041,0.77676797,0.0046702833,"TWOGAUSSIANS_WITH_ELLIPSOIDAL_ON_ECLIPSE2",9,20.431032,0.77676797,0.0046702833,0.19978988,0.090289585,0.30458876,0.015618639,0.30050078,0.017111434,0.21370578,0.112478435,0.2906375,0.011786726
375316653866487564,5824169927677188608,0.4811533,2248.614043109455,0.41505110413110763,6.3227176E-6,14.261879,0.0016816402,0.31965327,0.0035007691,0.021001643,0.0033891744,0.22533613,0.08610887,0.8226943,0.0011748722,0.01731816,8.583231E-4,0.3319784,0.009131138,null,null,null,null,"TWOGAUSSIANS",8,66.07889,0.8226943,0.0011748722,0.0969817,0.0048066094,0.3319784,0.009131138,0.31965327,0.0035007691,0.117609195,0.018979376,0.22533613,0.08610887
375316653866487564,5824170168187561088,0.48940524,2156.3969072035247,2.9730562920461723,2.0169935E-5,17.56356,0.0093212295,0.20136836,0.0073205107,0.04452842,0.007995275,0.29567474,0.049770124,0.71777725,0.0028507672,0.0346739,0.0048556607,0.19345148,0.036350835,0.08954009,0.012980176,0.71777725,0.0028507672,"TWOGAUSSIANS_WITH_ELLIPSOIDAL_ON_ECLIPSE2",9,29.217035,0.20277837,0.0064914916,0.24935916,0.04477354,0.47302037,0.052521233,0.71777725,0.0028507672,0.19417384,0.0271917,0.37253106,0.03301798
375316653866487564,5824170992790790784,0.56361085,2219.8028412842314,2.2733621620859226,4.767082E-6,18.996511,0.0054647094,0.32216287,0.0016096564,0.08218322,0.0029335313,0.42432556,0.010739345,0.8332828,0.004038914,0.09431317,0.005271226,0.17385155,0.007623753,null,null,null,null,"TWOGAUSSIANS",8,1.4673984,0.32216287,0.0016096564,0.4,0.0,0.41652977,0.011485436,0.8332828,0.004038914,0.4,0.0,0.16605547,0.007311923
375316653866487564,5824171469527295104,0.6376845,2226.555029869968,0.7612156841886515,2.429801E-6,17.587769,0.0027337598,0.26216733,6.332475E-4,0.036812954,7.82152E-4,0.57227,0.010844866,0.76175916,0.0027265006,0.031957656,0.0037910142,0.069842935,0.009241047,0.013969586,0.0033218774,0.26216733,6.332475E-4,"TWOGAUSSIANS_WITH_ELLIPSOIDAL_ON_ECLIPSE1",9,3.29932,0.26216733,6.332475E-4,0.20615254,0.004380051,0.6002091,0.0102798855,0.7617692,0.0026552249,0.17896287,0.021229679,0.097781904,0.008116769
375316653866487564,5824171744405465344,0.47279543,2216.6679473991967,0.7431662379053371,1.3537103E-5,18.513298,0.0034148071,0.2676368,9.87194E-4,0.012882923,0.0016716026,0.39488956,0.03733897,0.76965535,2.3514282E-5,0.0088582495,1.3763242E-4,0.36298126,7.255731E-4,null,null,null,null,"TWOGAUSSIANS",8,7.6567874,0.2676368,9.87194E-4,0.07214437,0.009360975,0.39488956,0.03733897,0.76965535,2.3514282E-5,0.049606197,7.7074155E-4,0.36298126,7.255731E-4
375316653866487564,5824172161052214272,0.66565335,2243.6771727358196,2.344142846619617,1.6159454E-6,14.857044,0.004696096,0.20686479,6.212379E-4,0.054057393,0.0015014572,0.37081787,0.011275401,0.70697886,0.0011560093,0.048817687,0.0016713307,0.38645583,0.01313667,0.11903667,0.0064633912,0.20686479,6.212379E-4,"TWOGAUSSIANS_WITH_ELLIPSOIDAL_ON_ECLIPSE1",9,52.513546,0.70697886,0.0011211066,0.27337903,0.009359452,0.6245197,0.011197945,0.20686479,6.212379E-4,0.3027214,0.00840816,0.6088819,0.006740734
375316653866487564,5824172642058337664,0.4804017,2243.9542023889767,3.8213277580304634,1.2303819E-5,19.44059,0.0108351465,0.21891731,0.0037925385,0.06728984,0.0055218376,0.38542855,0.022757033,0.69690573,0.006553311,0.07952584,0.0093927,0.19989537,0.012859493,null,null,null,null,"TWOGAUSSIANS",8,3.677087,0.21891731,0.0037925385,0.3768231,0.03092229,0.38446736,0.022874152,0.69690573,0.006553311,0.4,0.0,0.19893418,0.012536005
375316653866487564,5824173191844482048,0.6598885,2262.0036302282906,1.212993634399028,1.2530923E-6,16.327139,0.0017615682,0.109359995,7.970166E-4,0.039750755,0.0015091418,0.099412434,0.0049051186,0.61007357,2.3517373E-4,0.03688612,2.9907317E-4,0.588745,0.003947771,0.014230834,0.0023306715,0.109359995,7.970166E-4,"TWOGAUSSIANS_WITH_ELLIPSOIDAL_ON_ECLIPSE1",9,5.5894656,0.61007357,2.3517373E-4,0.20656227,0.0016748098,0.6172061,0.0021307247,0.109359995,7.970166E-4,0.22260423,0.008451194,0.1278741,0.0035477648
375316653866487564,5824174527545303680,0.4089094,2224.851167248102,1.0326165316044895,3.1554573E-5,18.347729,0.0060995365,null,null,null,null,null,null,null,null,null,null,null,null,0.07267689,0.0088310875,0.23693463,0.009803053,"ELLIPSOIDAL",4,40.879562,null,null,null,null,null,null,null,null,null,null,null,null
375316653866487564,5824174806752484736,0.6147573,2232.8660011239404,3.4955471026294584,2.813919E-6,16.273024,0.004213459,0.28133655,0.0013715259,0.046017423,0.0032778003,0.11870497,0.01071319,0.7809314,0.001226274,0.05570289,0.0025079718,0.14947286,0.01068311,0.042954817,0.0067925313,0.28133655,0.0013715259,"TWOGAUSSIANS_WITH_ELLIPSOIDAL_ON_ECLIPSE1",9,4.9930344,0.7809814,0.0010371103,0.3119362,0.014044642,0.23537539,0.0044840286,0.28133655,0.0013715259,0.25769758,0.01835568,0.20460798,0.004501087
375316653866487564,5824175180386708736,0.44653308,2243.376931353755,0.9437846625371634,4.269074E-6,19.026754,0.0066699088,0.30844897,0.006602009,0.019805102,0.004723707,0.24738136,0.023148933,0.8153137,0.0013381576,0.015026433,7.584444E-4,0.6285662,0.04130586,null,null,null,null,"TWOGAUSSIANS",8,9.177428,0.8153137,0.0013381576,0.08414803,0.0042472887,0.6285662,0.04130586,0.30844897,0.006602009,0.110908575,0.02645276,0.24738136,0.023148933
375316653866487564,5824175627055030016,0.54677844,2255.281891899142,2.0606537833289416,7.65364E-6,17.118694,0.002623036,0.25599965,0.00338846,0.075268775,0.0039085373,0.20467381,0.013735581,0.75348675,0.0027138053,0.07923125,0.0032799768,0.13056324,0.0035487693,null,null,null,null,"TWOGAUSSIANS",8,7.2905493,0.25599965,0.00338846,0.4,0.0,0.20303966,0.013993,0.75348675,0.0027138053,0.4,0.0,0.1289291,0.0033793494
375316653866487564,5824176833977232000,0.56518537,2247.5100060628833,3.11889690615675,4.2945594E-6,16.977316,0.0058283056,0.23934813,0.0017712694,0.08406122,0.0029232514,0.26728052,0.0060816454,0.75557554,0.0021615387,0.0819129,0.003852532,0.26033688,0.00873354,null,null,null,null,"TWOGAUSSIANS",8,10.3657,0.23934813,0.0017712694,0.4,0.0,0.26309562,0.0053824754,0.75557554,0.0021615387,0.4,0.0,0.25615197,0.008838346
