Gaia/vari_eclipsing_binary/VariEclipsingBinary_489509-489563.csv
# %ECSV 1.0
# ---
# delimiter: ','
# meta: !!omap
# - RELEASE: Gaia DR3
# - TABLE: vari_eclipsing_binary
# - DESCRIPTION: >
#     This table describes the properties of the eclipsing binaries resulting from the variability analysis. 
# - CITATION: >
#     How to cite and acknowledge Gaia: 
#     https://gea.esac.esa.int/archive/documentation/credits.html 
# - KNOWN_ISSUES: >
#     Known issues: 
#     https://www.cosmos.esa.int/web/gaia-users/known-issues 
# - DOCUMENTATION: >
#     Tutorials and documentation: 
#     https://www.cosmos.esa.int/web/gaia-users/archive 
# datatype:
# - 
#   name: solution_id
#   datatype: int64
#   description: Solution Identifier
#   meta:
#     ucd: meta.version
# - 
#   name: source_id
#   datatype: int64
#   description: Unique source identifier
#   meta:
#     ucd: meta.id;meta.main
# - 
#   name: global_ranking
#   datatype: float32
#   description: Number between 0 (worst) and 1 (best)
#   meta:
#     ucd: stat.param
# - 
#   name: reference_time
#   datatype: float64
#   unit: d
#   description: Reference time used for the geometric model fit
#   meta:
#     ucd: time.epoch
# - 
#   name: frequency
#   datatype: float64
#   unit: d**-1
#   description: Frequency of geometric model of the eclipsing binary light curve
#   meta:
#     ucd: src.orbital
# - 
#   name: frequency_error
#   datatype: float32
#   unit: d**-1
#   description: "Uncertainty of \\texttt{frequency}"
#   meta:
#     ucd: stat.error
# - 
#   name: geom_model_reference_level
#   datatype: float32
#   unit: mag
#   description: Magnitude reference level of geometric model
#   meta:
#     ucd: phot.mag;em.opt
# - 
#   name: geom_model_reference_level_error
#   datatype: float32
#   unit: mag
#   description: "Uncertainty of \\texttt{geomModelReferenceLevel}"
#   meta:
#     ucd: stat.error;phot.mag;em.opt
# - 
#   name: geom_model_gaussian1_phase
#   datatype: float32
#   description: Phase of the Gaussian 1 component
#   meta:
#     ucd: time.phase
# - 
#   name: geom_model_gaussian1_phase_error
#   datatype: float32
#   description: "Uncertainty of \\texttt{geomModelGaussian1Phase}"
#   meta:
#     ucd: stat.error;time.phase
# - 
#   name: geom_model_gaussian1_sigma
#   datatype: float32
#   description: "Standard deviation [phase] of Gaussian 1 component"
#   meta:
#     ucd: stat.stdev
# - 
#   name: geom_model_gaussian1_sigma_error
#   datatype: float32
#   description: "Uncertainty of \\texttt{geomModelGaussian1Sigma}"
#   meta:
#     ucd: stat.error
# - 
#   name: geom_model_gaussian1_depth
#   datatype: float32
#   unit: mag
#   description: Magnitude depth of Gaussian 1 component
#   meta:
#     ucd: src.var.amplitude
# - 
#   name: geom_model_gaussian1_depth_error
#   datatype: float32
#   unit: mag
#   description: "Uncertainty of \\texttt{geomModelGaussian1Depth}"
#   meta:
#     ucd: stat.error;src.var.amplitude
# - 
#   name: geom_model_gaussian2_phase
#   datatype: float32
#   description: Phase of Gaussian 2 component
#   meta:
#     ucd: time.phase
# - 
#   name: geom_model_gaussian2_phase_error
#   datatype: float32
#   description: "Uncertainty of \\texttt{geomModelGaussian2Phase}"
#   meta:
#     ucd: stat.error;time.phase
# - 
#   name: geom_model_gaussian2_sigma
#   datatype: float32
[...]
#   datatype: float32
#   description: "Secondary eclipse: uncertainty of \\texttt{derivedSecondaryEclDuration}"
#   meta:
#     ucd: stat.error;time.duration
# - 
#   name: derived_secondary_ecl_depth
#   datatype: float32
#   unit: mag
#   description: "Secondary eclipse: depth"
#   meta:
#     ucd: src.var.amplitude
# - 
#   name: derived_secondary_ecl_depth_error
#   datatype: float32
#   unit: mag
#   description: "Secondary eclipse: uncertainty of \\texttt{derivedSecondaryEclDepth}"
#   meta:
#     ucd: stat.error;src.var.amplitude
solution_id,source_id,global_ranking,reference_time,frequency,frequency_error,geom_model_reference_level,geom_model_reference_level_error,geom_model_gaussian1_phase,geom_model_gaussian1_phase_error,geom_model_gaussian1_sigma,geom_model_gaussian1_sigma_error,geom_model_gaussian1_depth,geom_model_gaussian1_depth_error,geom_model_gaussian2_phase,geom_model_gaussian2_phase_error,geom_model_gaussian2_sigma,geom_model_gaussian2_sigma_error,geom_model_gaussian2_depth,geom_model_gaussian2_depth_error,geom_model_cosine_half_period_amplitude,geom_model_cosine_half_period_amplitude_error,geom_model_cosine_half_period_phase,geom_model_cosine_half_period_phase_error,model_type,num_model_parameters,reduced_chi2,derived_primary_ecl_phase,derived_primary_ecl_phase_error,derived_primary_ecl_duration,derived_primary_ecl_duration_error,derived_primary_ecl_depth,derived_primary_ecl_depth_error,derived_secondary_ecl_phase,derived_secondary_ecl_phase_error,derived_secondary_ecl_duration,derived_secondary_ecl_duration_error,derived_secondary_ecl_depth,derived_secondary_ecl_depth_error
[from data line 187]
375316653866487564,4306062540865185664,0.4889529,2142.215730084379,2.7566066897595998,1.9230192E-5,19.184076,0.15682472,0.31193817,0.014266921,0.11154043,0.05307636,0.3119674,0.11385023,0.80339074,0.012657565,0.11469392,0.04065167,0.30040604,0.14823224,null,null,null,null,"TWOGAUSSIANS",8,3.2078295,0.31195816,0.014246768,0.4,0.0,0.26309425,0.06549809,0.80339074,0.012657565,0.4,0.0,0.2515143,0.02255082
375316653866487564,4306062605278230016,0.54942185,2131.013525751675,1.465645247468098,1.1547668E-5,19.830599,0.011260219,0.2708655,0.001527662,0.047938667,0.0022783533,0.8495379,0.053703945,0.7692026,0.0022302947,0.051741928,0.0044031125,0.34074056,0.05542788,null,null,null,null,"TWOGAUSSIANS",8,2.0244856,0.2708655,0.001527662,0.26845652,0.012758778,0.8495346,0.053705364,0.7692026,0.0022302947,0.2897548,0.02465743,0.34073725,0.055429872
375316653866487564,4306062712663882240,0.5302399,2199.2032745132287,3.495703767877345,1.874456E-5,19.309189,0.014578083,0.18745345,0.005388791,0.07565729,0.0068823365,0.3682395,0.035512242,0.6758128,0.0033085137,0.07561839,0.00455884,0.46841738,0.016994596,null,null,null,null,"TWOGAUSSIANS",8,2.819222,0.6758128,0.0033085137,0.4,0.0,0.46569347,0.01614467,0.18745345,0.005388791,0.4,0.0,0.3655156,0.035680324
375316653866487564,4306062845797724800,0.5690688,2107.53419789351,3.409278176114901,1.767947E-5,18.548706,0.009823434,0.2617659,0.0040501244,0.07471607,0.0050925026,0.48506638,0.03400177,0.76413774,0.00561736,0.07672338,0.004855926,0.5366997,0.042304516,null,null,null,null,"TWOGAUSSIANS",8,6.786094,0.76413774,0.00561736,0.4,0.0,0.53253657,0.04283104,0.2617659,0.0040501244,0.4,0.0,0.48090324,0.03476884
375316653866487564,4306063193700100992,0.45790234,2184.9506583935918,2.793270636002638,4.2094103E-5,19.130356,0.065036096,0.19145949,0.020925993,0.07948198,0.06478978,0.18686008,0.105612144,0.6921866,0.0077909864,0.09481242,0.046643533,0.18528372,0.041736875,null,null,null,null,"TWOGAUSSIANS",8,4.192412,0.19145949,0.020945044,0.4,0.20813774,0.180884,0.10858459,0.6921866,0.0077916295,0.4,0.0,0.1793073,0.034921758
375316653866487564,4306063567350992896,0.67366606,2167.5826098036273,1.5292960411078707,6.6663847E-6,17.89679,0.0050676237,0.2647406,0.0018203164,0.046291996,0.0016772372,0.6514565,0.011682801,0.7677585,0.0053076404,0.050517548,0.004006074,0.16984631,0.013789684,null,null,null,null,"TWOGAUSSIANS",8,2.5484767,0.2647406,0.0018203164,0.25923517,0.009392528,0.65145564,0.011682664,0.7677585,0.0053076404,0.28289825,0.022434013,0.16984545,0.013789358
375316653866487564,4306063640376305664,0.5001872,2158.7636924467884,2.4447482129260343,6.916092E-6,18.892216,0.4899538,0.19685322,0.002588594,0.13824606,0.026870314,0.6562542,0.33967724,0.69672877,0.0031299165,0.22557074,0.09236578,0.7539621,0.48182744,null,null,null,null,"TWOGAUSSIANS",8,1.415645,0.19690321,0.0029155198,0.4,0.0,0.24913888,0.010296706,0.69672877,0.003128905,0.4,0.0,0.2195624,0.0130025465
375316653866487564,4306063674735958528,0.4843936,2194.804962954036,2.4930495359505565,6.93482E-5,19.62171,0.041235205,0.20184399,0.08492454,0.07129082,0.057235774,0.26068336,0.13131422,0.7251198,0.005124676,0.089467496,0.014255773,0.29083085,0.041296486,null,null,null,null,"TWOGAUSSIANS",8,2.5632052,0.7251198,0.005124676,0.4,0.0,0.28807667,0.018548565,0.20184399,0.08492454,0.3992286,0.223437,0.2579294,0.13230132
375316653866487564,4306066114276539904,0.47818533,2139.8299707111255,0.7028049922164745,6.3272455E-5,19.59746,0.0054302034,0.23048389,0.0016149365,0.020502673,0.0023983174,0.42575988,0.20953467,0.6817219,0.018382313,0.060371183,0.0081397565,0.51727945,0.08470946,null,null,null,null,"TWOGAUSSIANS",8,1.7205743,0.6817219,0.018382313,0.33807862,0.045582637,0.51727945,0.08470946,0.23048389,0.0016149365,0.114814974,0.013430578,0.42575988,0.20953467
375316653866487564,4306066732751663616,0.47729033,2175.9570618861385,2.4301355306747894,4.0509993E-5,19.051529,0.008473859,0.20175646,0.012949936,0.06260424,0.0118379695,0.20902954,0.041143082,0.71997947,0.01150438,0.05501,0.01426901,0.17557077,0.020321686,null,null,null,null,"TWOGAUSSIANS",8,3.8143055,0.20175646,0.012949936,0.35058376,0.06629263,0.20900613,0.041161444,0.71997947,0.01150438,0.308056,0.079906456,0.17554736,0.020418307
375316653866487564,4306067076370913920,0.63189846,2178.0629369740145,1.2787153006325114,1.4531958E-5,17.085041,0.012456829,0.14838696,0.0053905654,0.048093658,0.010960742,0.52520394,0.06316259,0.6520301,0.012582011,0.048584923,0.011274411,0.062007617,0.028859299,0.038190305,0.014588896,0.14838696,0.0053905654,"TWOGAUSSIANS_WITH_ELLIPSOIDAL_ON_ECLIPSE1",9,6.064352,0.14838696,0.0053905654,0.26932448,0.061380155,0.6015838,0.08266933,0.6520301,0.0123388,0.27207556,0.063136704,0.13834743,0.00890712
375316653866487564,4306067896678426624,0.45760712,2146.500496595061,2.813604268816951,3.7830367E-5,18.679104,0.023246827,0.26557684,0.010639935,0.061378855,0.014348861,0.46384874,0.10015073,0.69668263,0.02937561,0.0786415,0.015925629,0.24152976,0.08856011,null,null,null,null,"TWOGAUSSIANS",8,22.179667,0.26557684,0.010639935,0.3437216,0.07935788,0.46368375,0.100515306,0.69668263,0.02937561,0.4,0.02907258,0.24136472,0.08855566
375316653866487564,4306068790031682560,0.4622466,2197.7804579898448,2.6447843782757183,4.8717142E-5,19.174006,0.056358732,0.2872394,0.011923728,0.08470677,0.022321792,0.41763297,0.047920283,0.76388985,0.015619515,0.07930611,0.020237088,0.3565642,0.07054279,null,null,null,null,"TWOGAUSSIANS",8,20.020473,0.2872394,0.011923728,0.4,0.0,0.41287506,0.04540268,0.76388985,0.015619515,0.4,0.006985162,0.35180634,0.06455184
375316653866487564,4306068790032797312,0.55263734,2168.9724897003425,3.1839947819829373,1.0251157E-5,18.959446,0.025894998,0.21262042,0.0035627724,0.039214775,0.0065236823,0.41828093,0.15817802,0.720241,0.012659535,0.027914966,0.029538391,0.45933497,0.32447404,0.14745986,0.03561366,0.21262042,0.0035627724,"TWOGAUSSIANS_WITH_ELLIPSOIDAL_ON_ECLIPSE1",9,4.2955847,0.720241,0.012366088,0.1563238,0.16541499,0.7535788,0.39380336,0.21262042,0.0035627724,0.21960273,0.03653262,0.7132004,0.13820669
375316653866487564,4306069236708300544,0.5830078,2199.4614617466873,0.9742399349992832,1.1123783E-5,17.790356,0.007634774,0.21662971,0.0031244091,0.078706115,0.00475027,0.28061837,0.008985843,0.726428,0.030753441,0.08405046,0.019370452,0.13562231,0.03793992,null,null,null,null,"TWOGAUSSIANS",8,3.4769301,0.21662971,0.0031244091,0.4,0.0,0.2777901,0.008646509,0.726428,0.030753441,0.4,0.0,0.13279404,0.040102333
375316653866487564,4306069378455826048,0.47712588,2192.441289065747,0.2240667398897789,1.0080439E-5,19.329689,0.014431474,0.14986755,0.0022484022,0.005373961,0.0039613396,0.20504038,7.2989902,0.6128937,0.011296817,0.02941679,0.050808594,0.47366384,0.6698566,0.07693571,0.029642947,0.14986755,0.0022484022,"TWOGAUSSIANS_WITH_ELLIPSOIDAL_ON_ECLIPSE1",9,3.3201566,0.6136737,0.014159858,0.16473404,0.23367216,0.6195473,0.7071176,0.14986755,0.0022484022,0.03009418,0.022183502,0.35891178,7.3015203
375316653866487564,4306069649025221120,0.6505116,2186.2856851308343,1.9633870164342053,7.696779E-6,17.746222,0.010952444,0.3148935,0.0016765879,0.03975089,0.0043235905,0.44351974,0.029612519,0.816177,0.009365598,0.04134791,0.008191809,0.39177495,0.10015686,0.1512443,0.019218374,0.3148935,0.0016765879,"TWOGAUSSIANS_WITH_ELLIPSOIDAL_ON_ECLIPSE1",9,5.15563,0.3148935,0.0016765879,0.22260499,0.024212109,0.746008,0.011455461,0.816177,0.008658399,0.2315483,0.04587413,0.6942435,0.09823915
375316653866487564,4306070065668810368,0.59981316,2175.636553963217,2.6278615225385957,1.5872449E-5,16.075567,0.020675683,0.28071067,0.003542174,0.11061243,0.0108826095,0.21021922,0.019242981,0.77604973,0.0028902455,0.11110467,0.010795611,0.2134115,0.017663686,null,null,null,null,"TWOGAUSSIANS",8,8.341648,0.77604973,0.0028902455,0.4,0.0,0.1816601,0.007873581,0.28072068,0.0035482256,0.4,0.0,0.17846957,0.0067374157
375316653866487564,4306070164423626240,0.5018929,2127.935287596987,2.092079218175778,2.093871E-5,19.691526,0.0248256,0.12939058,0.012637296,0.07137562,0.009484503,0.5102906,0.07273239,0.6356597,0.0046878536,0.06690597,0.011844476,0.718144,0.13990276,null,null,null,null,"TWOGAUSSIANS",8,6.078246,0.6356597,0.0046878536,0.37467343,0.06493463,0.71666807,0.14104566,0.12939058,0.012637296,0.39970347,0.039748736,0.50881463,0.072858706
375316653866487564,4306072299031358720,0.55829734,2106.293408277488,3.264011067051341,1.3475554E-4,19.744114,0.029534364,0.8568218,0.046073094,0.16193275,0.10027561,0.058423746,0.025686117,0.53871053,8.296319E-4,0.040802274,0.0023833546,1.038496,0.057463013,null,null,null,null,"TWOGAUSSIANS",8,0.9377638,0.5388705,6.8204734E-4,0.22849272,0.013346786,1.0459718,0.06870299,0.8568218,0.046073094,0.4,0.0,0.057398923,0.021690622
375316653866487564,4306073054947966464,0.56113183,2141.4462573584096,2.9812815451676378,1.8599047E-5,19.5814,0.011326187,0.24465851,0.0030630338,0.065994054,0.003944003,0.49409804,0.01555369,0.73032475,0.008445728,0.06981237,0.006397014,0.4946454,0.052921858,null,null,null,null,"TWOGAUSSIANS",8,1.5337883,0.73032475,0.008445728,0.39094928,0.028555892,0.49388626,0.053034477,0.24465851,0.0030630338,0.3695667,0.022086417,0.49333888,0.015358239
375316653866487564,4306073158045293440,0.54027426,2190.9220183825746,1.6816126289733608,4.9990576E-6,17.481266,0.00573973,0.24964973,0.0010617148,0.047426563,0.002102068,0.26732504,0.012896042,0.7554802,0.071427405,0.053331207,0.04639395,0.20842981,202.13884,null,null,null,null,"TWOGAUSSIANS",8,12.311403,0.24964973,0.0010617148,0.26558876,0.011771581,0.26732346,0.012896019,0.7554802,0.071427405,0.29865476,0.2598061,0.20842825,202.13884
375316653866487564,4306073948301597824,0.4643458,2107.296401798764,0.8934271217161425,1.5131234E-4,19.789911,0.107758954,0.23834333,0.024120478,0.09724046,0.029348914,0.41772723,0.28301752,0.83001804,0.009287232,0.031381417,0.09484495,0.21509272,0.06548851,null,null,null,null,"TWOGAUSSIANS",8,3.2871456,0.23834333,0.02369453,0.4,0.0,0.41771147,0.27238107,0.83002806,0.010404667,0.17573594,0.2256052,0.21513893,0.06811486
375316653866487564,4306074463715393408,0.5178563,2200.7436208471113,2.3146394434758575,2.0597936E-5,17.464613,0.014425603,0.26082477,0.003926326,0.07361398,0.006169753,0.38051277,0.020336038,0.77409935,0.008990595,0.08725118,0.012462814,0.30034885,0.017884662,null,null,null,null,"TWOGAUSSIANS",8,18.787052,0.26082477,0.003926326,0.4,0.0016852532,0.37641597,0.02138418,0.77409935,0.008990595,0.4,0.0,0.29625198,0.017199917
375316653866487564,4306075902495079296,0.5394348,2164.7253646115687,0.9312928023276016,6.8118716E-5,19.610357,0.01096852,0.24045773,0.0048162667,0.05808691,0.0053474684,0.33669746,0.02423503,0.7486548,0.003937243,0.067536436,0.0047159465,0.6296149,0.046887957,null,null,null,null,"TWOGAUSSIANS",8,2.6259682,0.7486548,0.003937243,0.37820405,0.0264093,0.6293527,0.047046762,0.24045773,0.0048162667,0.3252867,0.029945822,0.33643523,0.024346126
375316653866487564,4306077349918238336,0.5296424,2187.0965333535446,0.08785426141616888,3.2089898E-5,19.3247,0.009795419,0.30501097,0.0073367413,0.044924706,0.022534283,0.22339027,0.026815245,0.72469,0.018959135,0.049685866,0.015257519,0.26661515,0.04532743,null,null,null,null,"TWOGAUSSIANS",8,1.5028183,0.72469,0.018959135,0.27824086,0.0854421,0.26661512,0.04532739,0.30501097,0.0073367413,0.25157836,0.12619197,0.22339027,0.026816214
375316653866487564,4306077865317181440,0.43562847,2188.6864032937024,0.4461319277570169,5.4281572E-5,19.425917,0.19940048,0.08373237,0.03142661,0.1933581,0.12053447,0.23954432,0.18671685,0.5890702,0.011021626,0.038158983,0.017495234,0.19052897,0.05784591,null,null,null,null,"TWOGAUSSIANS",8,3.1180549,0.08373237,0.03142661,0.4,0.0,0.20521912,0.034988333,0.5891802,0.011200899,0.2136903,0.09797331,0.17316064,0.031160466
375316653866487564,4306079166669646976,0.5701292,2197.3766937281102,2.742322895793489,1.6112785E-5,17.751429,0.0110135535,0.28125802,0.0027676513,0.08556401,0.0056277695,0.2946534,0.010875175,0.7768709,0.012206146,0.083780505,0.009795754,0.2471032,0.018902326,null,null,null,null,"TWOGAUSSIANS",8,6.1184235,0.28125802,0.0027676513,0.4,0.0,0.2882565,0.009056087,0.7768709,0.012206146,0.4,0.0,0.24070632,0.019240445
375316653866487564,4306081709298917504,0.62859434,2196.4564583337283,2.135325243466357,1.9025336E-5,18.03465,0.014393424,0.26983997,0.03164394,0.07429905,0.024200473,0.5058758,1.3175136,0.7746448,0.0020825213,0.074814774,0.002986025,0.4554204,0.015602548,null,null,null,null,"TWOGAUSSIANS",8,3.792763,0.26983997,0.03164394,0.4,0.11092894,0.50276077,1.3193703,0.7746448,0.0020825213,0.4,0.0,0.45230535,0.013560278
375316653866487564,4306083259794452736,0.52822423,2151.610783861294,2.4297602168098242,1.2591229E-5,19.790556,0.0124866925,0.17360455,0.004194727,0.07937739,0.008049966,0.34074354,0.026291093,0.67634577,0.005245657,0.0881031,0.0092394,0.3094388,0.019644346,null,null,null,null,"TWOGAUSSIANS",8,0.8056738,0.17360455,0.004194727,0.4,0.0,0.33359927,0.028125258,0.67634577,0.005245657,0.4,0.0,0.30229446,0.020761276
375316653866487564,4306084767319609728,0.5167373,2134.143854585046,3.112419821067469,1.5112161E-5,18.612223,0.0075421245,0.34331587,0.2831892,0.039360188,0.04733775,0.09883153,76.392166,0.82692915,0.005367237,0.017701747,0.0027588739,0.08178733,0.022163376,0.07122269,0.010801124,0.82692915,0.005367237,"TWOGAUSSIANS_WITH_ELLIPSOIDAL_ON_ECLIPSE2",9,3.2552478,0.34086588,0.32377106,0.22041705,0.21123861,0.23999603,76.39705,0.82692915,0.0053409413,0.09912978,0.015449694,0.2242326,0.031570632
375316653866487564,4306086627067119744,0.47264645,2164.046729260784,1.9608276468090482,6.274928E-5,18.471003,0.023730323,0.4558008,0.007852374,0.10697669,0.028263424,0.4054794,0.15100244,0.9314392,0.04356814,0.05901314,0.047600467,0.05317078,0.029185822,null,null,null,null,"TWOGAUSSIANS",8,1.8720423,0.4558008,0.007852374,0.4,0.0,0.40297955,0.16061972,0.9314392,0.04356814,0.33047357,0.21960987,0.050694052,0.029826777
375316653866487564,4306087520401464576,0.53641236,2150.6036194854305,3.105450762969441,1.4161091E-5,19.56625,0.03096998,0.27271327,0.0059734806,0.075989425,0.010162054,0.43389684,0.03890725,0.7609286,0.007970011,0.080664925,0.008000952,0.53606504,0.039382864,null,null,null,null,"TWOGAUSSIANS",8,2.356872,0.7609286,0.007970011,0.4,0.0,0.5314111,0.03647133,0.27271327,0.0059734806,0.4,0.017405799,0.42924297,0.039161168
375316653866487564,4306088241971400832,0.5799893,2158.1956817629784,0.5063995690901179,7.175936E-5,16.70037,0.005758324,0.7314535,0.0075553195,0.042544745,0.006287903,1.0191901,0.2081196,null,null,null,null,null,null,0.021557491,0.0069166883,0.7314535,0.0075553195,"ONEGAUSSIAN_WITH_ELLIPSOIDAL",6,37.962368,0.7314535,0.0075553195,0.23825057,0.035212256,1.062305,0.20790516,null,null,null,null,null,null
375316653866487564,4306088581237939328,0.60709727,2157.9705803276483,0.9735646423529094,1.5047517E-5,18.422056,0.020574322,0.26198655,0.004978555,0.044553563,0.007978172,0.20067075,0.06050798,0.7714537,0.015314868,0.03948089,0.0123784775,0.6358942,0.13771448,0.11604608,0.027929932,0.26198655,0.004978555,"TWOGAUSSIANS_WITH_ELLIPSOIDAL_ON_ECLIPSE1",9,5.7229857,0.7714537,0.015314868,0.22109298,0.06931948,0.86716604,0.14302835,0.26198655,0.004978555,0.24949996,0.044677764,0.43276286,0.02908965
375316653866487564,4306088787398970624,0.58701515,2176.2335076853783,0.7944205438797027,2.0889298E-5,18.233292,0.0065664453,0.26284528,0.006624554,0.06360563,0.0063848333,0.3698207,0.022245122,0.7481916,0.009608792,0.06894307,0.009948144,0.15092422,0.037871465,null,null,null,null,"TWOGAUSSIANS",8,3.2182438,0.26284528,0.006624554,0.35619152,0.035755064,0.36957586,0.02234075,0.7481916,0.009608792,0.3860812,0.038129754,0.15067936,0.038118403
