Gaia/vari_eclipsing_binary/VariEclipsingBinary_025167-025691.csv
# %ECSV 1.0
# ---
# delimiter: ','
# meta: !!omap
# - RELEASE: Gaia DR3
# - TABLE: vari_eclipsing_binary
# - DESCRIPTION: >
#     This table describes the properties of the eclipsing binaries resulting from the variability analysis. 
# - CITATION: >
#     How to cite and acknowledge Gaia: 
#     https://gea.esac.esa.int/archive/documentation/credits.html 
# - KNOWN_ISSUES: >
#     Known issues: 
#     https://www.cosmos.esa.int/web/gaia-users/known-issues 
# - DOCUMENTATION: >
#     Tutorials and documentation: 
#     https://www.cosmos.esa.int/web/gaia-users/archive 
# datatype:
# - 
#   name: solution_id
#   datatype: int64
#   description: Solution Identifier
#   meta:
#     ucd: meta.version
# - 
#   name: source_id
#   datatype: int64
#   description: Unique source identifier
#   meta:
#     ucd: meta.id;meta.main
# - 
#   name: global_ranking
#   datatype: float32
#   description: Number between 0 (worst) and 1 (best)
#   meta:
#     ucd: stat.param
# - 
#   name: reference_time
#   datatype: float64
#   unit: d
#   description: Reference time used for the geometric model fit
#   meta:
#     ucd: time.epoch
# - 
#   name: frequency
#   datatype: float64
#   unit: d**-1
#   description: Frequency of geometric model of the eclipsing binary light curve
#   meta:
#     ucd: src.orbital
# - 
#   name: frequency_error
#   datatype: float32
#   unit: d**-1
#   description: "Uncertainty of \\texttt{frequency}"
#   meta:
#     ucd: stat.error
# - 
#   name: geom_model_reference_level
#   datatype: float32
#   unit: mag
#   description: Magnitude reference level of geometric model
#   meta:
#     ucd: phot.mag;em.opt
# - 
#   name: geom_model_reference_level_error
#   datatype: float32
#   unit: mag
#   description: "Uncertainty of \\texttt{geomModelReferenceLevel}"
#   meta:
#     ucd: stat.error;phot.mag;em.opt
# - 
#   name: geom_model_gaussian1_phase
#   datatype: float32
#   description: Phase of the Gaussian 1 component
#   meta:
#     ucd: time.phase
# - 
#   name: geom_model_gaussian1_phase_error
#   datatype: float32
#   description: "Uncertainty of \\texttt{geomModelGaussian1Phase}"
#   meta:
#     ucd: stat.error;time.phase
# - 
#   name: geom_model_gaussian1_sigma
#   datatype: float32
#   description: "Standard deviation [phase] of Gaussian 1 component"
#   meta:
#     ucd: stat.stdev
# - 
#   name: geom_model_gaussian1_sigma_error
#   datatype: float32
#   description: "Uncertainty of \\texttt{geomModelGaussian1Sigma}"
#   meta:
#     ucd: stat.error
# - 
#   name: geom_model_gaussian1_depth
#   datatype: float32
#   unit: mag
#   description: Magnitude depth of Gaussian 1 component
#   meta:
#     ucd: src.var.amplitude
# - 
#   name: geom_model_gaussian1_depth_error
#   datatype: float32
#   unit: mag
#   description: "Uncertainty of \\texttt{geomModelGaussian1Depth}"
#   meta:
#     ucd: stat.error;src.var.amplitude
# - 
#   name: geom_model_gaussian2_phase
#   datatype: float32
#   description: Phase of Gaussian 2 component
#   meta:
#     ucd: time.phase
# - 
#   name: geom_model_gaussian2_phase_error
#   datatype: float32
#   description: "Uncertainty of \\texttt{geomModelGaussian2Phase}"
#   meta:
#     ucd: stat.error;time.phase
# - 
#   name: geom_model_gaussian2_sigma
#   datatype: float32
[...]
#   datatype: float32
#   description: "Secondary eclipse: uncertainty of \\texttt{derivedSecondaryEclDuration}"
#   meta:
#     ucd: stat.error;time.duration
# - 
#   name: derived_secondary_ecl_depth
#   datatype: float32
#   unit: mag
#   description: "Secondary eclipse: depth"
#   meta:
#     ucd: src.var.amplitude
# - 
#   name: derived_secondary_ecl_depth_error
#   datatype: float32
#   unit: mag
#   description: "Secondary eclipse: uncertainty of \\texttt{derivedSecondaryEclDepth}"
#   meta:
#     ucd: stat.error;src.var.amplitude
solution_id,source_id,global_ranking,reference_time,frequency,frequency_error,geom_model_reference_level,geom_model_reference_level_error,geom_model_gaussian1_phase,geom_model_gaussian1_phase_error,geom_model_gaussian1_sigma,geom_model_gaussian1_sigma_error,geom_model_gaussian1_depth,geom_model_gaussian1_depth_error,geom_model_gaussian2_phase,geom_model_gaussian2_phase_error,geom_model_gaussian2_sigma,geom_model_gaussian2_sigma_error,geom_model_gaussian2_depth,geom_model_gaussian2_depth_error,geom_model_cosine_half_period_amplitude,geom_model_cosine_half_period_amplitude_error,geom_model_cosine_half_period_phase,geom_model_cosine_half_period_phase_error,model_type,num_model_parameters,reduced_chi2,derived_primary_ecl_phase,derived_primary_ecl_phase_error,derived_primary_ecl_duration,derived_primary_ecl_duration_error,derived_primary_ecl_depth,derived_primary_ecl_depth_error,derived_secondary_ecl_phase,derived_secondary_ecl_phase_error,derived_secondary_ecl_duration,derived_secondary_ecl_duration_error,derived_secondary_ecl_depth,derived_secondary_ecl_depth_error
[from data line 507]
375316653866487564,224606178037338624,0.64086,2096.17730871824,0.12727837738481604,1.6244416E-5,15.911744,4.926084E-4,0.44155002,8.139134E-4,0.009236098,4.0802182E-4,0.2718391,0.013159377,null,null,null,null,null,null,null,null,null,null,"ONEGAUSSIAN",5,1.8726053,0.44155002,8.139134E-4,0.051722154,0.0022849222,0.2718391,0.0,null,null,null,null,null,null
375316653866487564,224609648370873728,0.5996093,2093.8197013126314,2.9151080609087594,6.5904414E-6,16.48422,0.03489858,0.22608005,0.0045892675,0.050054394,0.010191276,0.38227886,0.069522336,0.7266382,0.0018684212,0.059642732,0.0048703877,0.61623096,0.06916069,0.07436039,0.04062568,0.22608005,0.0045892675,"TWOGAUSSIANS_WITH_ELLIPSOIDAL_ON_ECLIPSE1",9,40.894405,0.7266382,0.0016940822,0.3339993,0.02727417,0.7648594,0.025700144,0.22608005,0.0045892675,0.2803046,0.057071146,0.53090906,0.024437746
375316653866487564,224610709223325568,0.4538002,2104.111314242439,0.029419968983161265,4.0882573E-5,18.765478,0.0051682987,0.3372323,0.018482633,0.040507592,0.009715803,0.23151204,0.022017688,0.86098415,0.0022879355,0.02574755,0.0055706473,0.5176205,0.42315975,null,null,null,null,"TWOGAUSSIANS",8,8.586918,0.86098415,0.0022879355,0.14418627,0.031195626,0.5176205,0.42315975,0.3372323,0.018482633,0.22684252,0.054408498,0.23151204,0.022017688
375316653866487564,224613977697881344,0.5205763,2069.7951813846507,0.12084308451155552,7.85669E-6,17.041527,0.0013160125,0.084636055,0.0023226708,0.005867931,0.0011174439,0.1929779,0.038101133,0.46310246,0.037838947,0.052777715,0.022621594,0.020558584,0.0025203796,null,null,null,null,"TWOGAUSSIANS",8,2.6530895,0.084636055,0.0023226708,0.032860417,0.006257686,0.1929779,0.038101133,0.46310246,0.037838947,0.2955552,0.12668093,0.020558584,0.0025203796
375316653866487564,224620815285651328,0.495179,2121.761725061102,2.5729165843020763,3.365047E-5,14.279765,0.046701234,0.22990748,0.0076844245,0.106928565,0.020125167,0.2860577,0.047015056,0.7401409,0.009916498,0.098045185,0.018231444,0.31334287,0.051681794,null,null,null,null,"TWOGAUSSIANS",8,944.37317,0.7401509,0.0099209035,0.4,0.0,0.28643,0.039719693,0.22990748,0.0076861223,0.4,0.0,0.25913522,0.018238429
375316653866487564,224639605764152064,0.5643916,2057.0022688214444,3.05534102265268,1.118296E-5,18.48779,0.0111774085,0.21036474,0.0027888948,0.068940684,0.0036371886,0.5915368,0.027891172,0.7148755,0.0023604634,0.06636934,0.0066732494,0.5365881,0.040452443,null,null,null,null,"TWOGAUSSIANS",8,7.5807786,0.21036474,0.0027888948,0.38606784,0.020368256,0.59045666,0.02794926,0.7148755,0.0023604634,0.3716683,0.037370197,0.5355079,0.041274555
375316653866487564,224640537775194240,0.604761,2067.907798084655,2.7647432491493755,5.2140394E-6,16.56542,0.009559982,0.2752578,0.0012250049,0.08954122,0.0026752758,0.37593243,0.009944407,0.7739599,0.0029483142,0.092794016,0.0053572725,0.24726273,0.010320898,null,null,null,null,"TWOGAUSSIANS",8,6.1135507,0.2752578,0.0012250049,0.4,0.0,0.3621153,0.007131083,0.7739599,0.0029483142,0.4,0.0,0.2334455,0.008546335
375316653866487564,224645966614044288,0.42369673,2109.369103558672,1.965971996380134,8.7134445E-5,15.027927,0.0026672482,0.20163865,0.0037901364,0.018609071,0.0064075924,0.09583617,0.049983352,0.8002888,0.012860594,0.06793986,0.02854926,0.041600298,0.019026313,0.0075763618,0.0034473531,0.8002888,0.012860594,"TWOGAUSSIANS_WITH_ELLIPSOIDAL_ON_ECLIPSE2",9,8.123647,0.20195866,0.0035212818,0.1042108,0.035882518,0.105845034,0.05007434,0.8002888,0.012860594,0.3804632,0.11647019,0.056707792,0.017695492
375316653866487564,224649913686070400,0.50453955,2118.0942890484325,3.0464065014219104,4.3694232E-5,19.267704,0.010133694,0.24561517,0.015635446,0.07286759,0.010386474,0.27196848,0.022119027,0.74558306,0.007531656,0.081853315,0.012205663,0.14630646,0.013221927,null,null,null,null,"TWOGAUSSIANS",8,4.081055,0.24561517,0.015635446,0.4,0.03539905,0.26987293,0.021885963,0.74558306,0.007531656,0.4,0.0,0.14421092,0.013015001
375316653866487564,224652838561699200,0.49504068,2083.800186606599,1.4087218516608468,1.7151851E-5,16.741756,0.005037261,0.23873135,0.006868688,0.045720357,0.013285066,0.015295839,0.019414341,0.7179169,0.00724497,0.04891836,0.008420964,0.059113912,0.017152626,0.0241843,0.011638738,0.23873135,0.006868688,"TWOGAUSSIANS_WITH_ELLIPSOIDAL_ON_ECLIPSE1",9,7.1777005,0.7206869,0.006029977,0.2739428,0.047157396,0.106768586,0.009430774,0.23873135,0.006868688,0.25603402,0.07439637,0.063664295,0.008877197
375316653866487564,224669159437292800,0.66678375,2111.441715399013,2.588712506276439,2.5927707E-6,16.841728,0.0033962252,0.24144435,9.273279E-4,0.04666381,0.009533998,0.074689224,0.03320058,0.7380958,0.0021678172,0.051482033,0.0033822404,0.08524133,0.008991581,0.09750147,0.0054424186,0.24144435,9.273279E-4,"TWOGAUSSIANS_WITH_ELLIPSOIDAL_ON_ECLIPSE1",9,2.2444746,0.7391758,0.0014287693,0.28829938,0.018940546,0.28018495,0.003777124,0.24144435,9.273279E-4,0.26131734,0.053390384,0.26969123,0.035922416
375316653866487564,224670774345084800,0.50146466,2133.266661278222,0.05872860792724194,6.366266E-5,14.76936,7.7457144E-4,0.22595228,0.0063271406,0.03920687,0.007734479,0.093143806,0.01871304,0.6897108,0.018164225,0.06028255,0.010253921,0.033791535,0.0043992843,null,null,null,null,"TWOGAUSSIANS",8,5.321222,0.22595228,0.0063271406,0.21955848,0.043313082,0.09314375,0.01871319,0.6897108,0.018164225,0.3375823,0.05742196,0.033791486,0.004399166
375316653866487564,224683040771620608,0.6521422,2080.6179489024053,2.9012321374424874,9.788575E-6,16.986996,0.013210138,0.25570402,0.0038153047,0.049646553,0.0052788476,0.31771073,0.027930018,0.75600195,0.0016530897,0.04906387,0.0030954988,0.42173004,0.024562553,0.117783576,0.016162904,0.25570402,0.0038153047,"TWOGAUSSIANS_WITH_ELLIPSOIDAL_ON_ECLIPSE1",9,10.994945,0.75600195,0.0014463929,0.27475768,0.017334793,0.65729403,0.011799553,0.25570402,0.0038153047,0.27802068,0.029561548,0.5532756,0.0063445223
375316653866487564,224684651380689152,0.52062184,2081.4216490222334,2.5389064602437497,1.1966773E-5,18.234861,0.035459258,0.24974097,0.005447743,0.08163665,0.010148397,0.29151395,0.04214305,0.73143035,0.0042109825,0.10183052,0.01140768,0.37740013,0.031719062,null,null,null,null,"TWOGAUSSIANS",8,11.266284,0.73143035,0.0042109825,0.4,0.0,0.36503443,0.023064578,0.24974097,0.005447506,0.4,0.0,0.2791544,0.035138886
375316653866487564,224693005095665280,0.5191249,2101.0482236870384,0.624208749972499,8.557394E-5,17.011492,0.0046244618,0.22898237,0.002097336,0.032953363,0.0030625216,0.28792298,0.020693222,0.7273,0.01056038,0.023233764,0.0074261483,0.019180257,0.012224041,0.030729188,0.008898337,0.7273,0.01056038,"TWOGAUSSIANS_WITH_ELLIPSOIDAL_ON_ECLIPSE2",9,20.91458,0.22895238,0.0020094998,0.18453884,0.01715012,0.34937453,0.022610338,0.7273,0.01056038,0.13010909,0.04158643,0.08063855,0.010152704
375316653866487564,224702213506461824,0.43631798,2106.3168480404306,0.0696554845640048,2.2611832E-5,14.878502,0.005116861,0.1957043,0.015832273,0.074490204,0.011493107,0.15827943,0.029070774,0.70223886,0.0056711687,0.09286744,0.022163203,0.21984664,0.21612355,null,null,null,null,"TWOGAUSSIANS",8,17.503317,0.70223886,0.0056711687,0.4,0.0,0.21597652,0.21923947,0.1957043,0.015832273,0.4,0.018655995,0.15440956,0.029996403
375316653866487564,224704240729925888,0.44057024,2127.759620810972,0.06466614418222792,2.9530547E-5,15.059196,0.0017099325,0.23073286,0.0053521413,0.030217446,0.003247739,0.05001843,0.005939879,0.7373347,0.008675477,0.105939634,0.0132411085,0.06104777,0.013459714,null,null,null,null,"TWOGAUSSIANS",8,16.156939,0.7373347,0.008675477,0.4,0.0,0.06095068,0.013537061,0.23073286,0.0053521413,0.16921769,0.018187338,0.049923193,0.005912339
375316653866487564,224706439753338368,0.52816993,2083.710909020676,0.7141197316306573,1.8962375E-4,17.477446,0.0061817546,0.22241372,0.009319618,0.02882787,0.0093637,0.033602584,0.01457363,0.4291734,0.037185036,0.014666877,0.016995996,0.6273776,0.46911788,null,null,null,null,"TWOGAUSSIANS",8,18.333342,0.4291734,0.037185036,0.08213451,0.09517758,0.6273776,0.46911788,0.22241372,0.009319618,0.16143607,0.05243672,0.033602584,0.01457363
375316653866487564,224709188532314496,0.66036016,2115.9421143986538,1.8470609408662018,6.5056706E-6,14.14922,0.0012667433,0.37374997,0.010522128,0.062299863,0.052437995,0.004508638,0.0018740488,0.6197591,0.0010196968,0.05491776,4.802765E-4,0.3825656,0.005733384,0.0048044506,0.0018595521,0.37374997,0.010522128,"TWOGAUSSIANS_WITH_ELLIPSOIDAL_ON_ECLIPSE1",9,20.011868,0.6197591,0.0010196968,0.30753946,0.0026895485,0.38257197,0.005731914,0.37451,0.010784021,0.34887925,0.29365277,0.014133331,0.0028407183
375316653866487564,224710013166090752,0.56365204,2095.5280888309394,2.783560125277098,1.8630705E-6,13.23739,3.7037494E-4,0.1484291,0.015678719,0.010794146,0.009393497,0.0038903893,0.0017013083,0.7065883,3.0843445E-4,0.007778464,2.135029E-4,0.09650758,0.0017365671,null,null,null,null,"TWOGAUSSIANS",8,8.31701,0.7065883,3.0843445E-4,0.0435594,0.0011956163,0.09650758,0.0017365671,0.1484291,0.015678719,0.06044722,0.052603588,0.0038903893,0.0017013083
375316653866487564,224710975238765184,0.5906198,2067.336984383422,0.3964557022872954,5.930017E-6,16.50652,0.0030847918,0.758548,5.05988E-4,0.015253428,7.008013E-4,0.21167453,0.004021574,0.19507469,0.115483664,0.19872554,0.20488939,0.00431062,0.0060882294,null,null,null,null,"TWOGAUSSIANS",8,2.6905737,0.758548,5.057189E-4,0.0854192,0.0039244876,0.21176985,0.0041251844,0.19507469,0.115483664,0.4,0.0,0.003942421,0.006581368
375316653866487564,224717056912273664,0.51647264,2114.343119181311,3.7409601587499024,1.2945641E-5,18.934813,0.010499732,0.2528208,0.0066198045,0.03625985,0.0401616,0.16155465,0.060672745,0.7489409,0.0073015313,0.028756818,0.011136497,0.13880323,0.17780364,0.1017625,0.012216715,0.2528208,0.0066198045,"TWOGAUSSIANS_WITH_ELLIPSOIDAL_ON_ECLIPSE1",9,4.14851,0.2528208,0.0066198045,0.20305516,0.20347735,0.3650794,0.07044711,0.74928087,0.006588629,0.16103818,0.062364385,0.3422176,0.18005435
375316653866487564,224721794259676928,0.44631356,2118.6880413974377,2.3500342767051583,1.7913603E-4,19.112753,0.00667509,0.2574757,0.034443133,0.062366243,0.02753761,0.0839172,0.08521701,0.6841587,0.01525593,0.03372811,0.016384887,0.1804009,0.20484896,null,null,null,null,"TWOGAUSSIANS",8,2.9371402,0.6841587,0.01525593,0.18887743,0.09175537,0.1804009,0.20484896,0.2574757,0.034443133,0.34925094,0.15421061,0.0839172,0.085217014
375316653866487564,224725921724753920,0.63966066,2103.013187666784,1.1493861558379574,6.3363645E-6,11.004467,0.0064069056,0.23055258,0.004774943,0.08884488,0.0059756096,0.2027977,0.0075246342,0.7478848,0.0011861769,0.107812345,0.0034738183,0.20944309,0.0059617274,null,null,null,null,"TWOGAUSSIANS",8,40.224083,0.7478848,0.0011861769,0.4,0.0,0.1965364,0.002974764,0.23054259,0.004774943,0.4,0.0,0.18990234,0.005463929
375316653866487564,224731178764670080,0.7049231,2101.4268353842094,0.7752448374930772,5.878052E-6,13.925439,0.0020346844,0.21586771,5.720842E-4,0.03503561,0.0010268243,0.4542659,0.024111021,0.7163222,6.241708E-4,0.032916155,7.8084465E-4,0.5244614,0.008115315,0.028362619,0.0026808302,0.21586771,5.720842E-4,"TWOGAUSSIANS_WITH_ELLIPSOIDAL_ON_ECLIPSE1",9,18.64368,0.7163222,6.241708E-4,0.18433046,0.0043727304,0.5811862,0.0072787837,0.21586771,5.720842E-4,0.19619942,0.0057502165,0.5109911,0.026131222
375316653866487564,224748908389598976,0.59283125,2082.3435419537927,2.8075536112798853,4.675049E-6,15.423029,0.007694366,0.22823271,0.0015749898,0.07544323,0.0023676641,0.45512247,0.007279985,0.7147488,0.004269812,0.08408167,0.004930494,0.509296,0.0169445,null,null,null,null,"TWOGAUSSIANS",8,91.5615,0.7147488,0.004269812,0.4,0.0,0.5038698,0.017097535,0.22823271,0.0015749898,0.4,0.0,0.4496963,0.0064269123
375316653866487564,224749247690172672,0.52276766,2096.4860278946367,4.11190107390677,1.8297613E-5,17.801346,0.4039979,0.25966287,0.0074074827,0.103624776,0.048068386,0.22677262,0.34603518,0.7833164,0.0050947224,0.10546025,0.09471453,0.22787969,0.37226993,null,null,null,null,"TWOGAUSSIANS",8,4.132985,0.7833264,0.0034998218,0.4,0.0,0.20813431,0.011901505,0.25965285,0.003965774,0.4,0.0,0.20703022,0.026410943
375316653866487564,224752000766004480,0.46150896,2108.717255720838,3.3106418008110374,3.2720247E-5,16.122223,0.015313509,0.34446877,0.015991978,0.05903729,0.010485524,0.10687327,0.031700302,0.7709774,0.013953437,0.0284759,0.0064864033,0.30883688,0.20506902,0.021105563,0.020204157,0.7709774,0.013953437,"TWOGAUSSIANS_WITH_ELLIPSOIDAL_ON_ECLIPSE2",9,132.27065,0.7709774,0.013953437,0.15946504,0.036323857,0.35104796,0.18931729,0.33797875,0.012892546,0.33060881,0.058718935,0.14139125,0.012820966
375316653866487564,224753748815834368,0.46884707,2109.6642861492664,1.7313423774053136,3.55004E-5,12.295944,0.3243053,0.30601147,0.1365172,0.0757592,0.39149496,0.107417315,0.24262068,0.7804401,0.010628062,0.027432512,0.0063098553,0.29620108,0.039323494,null,null,null,null,"TWOGAUSSIANS",8,2833.721,0.7804401,0.010628062,0.15362208,0.035335187,0.2962005,0.045222964,0.30601147,0.1365172,0.4,0.07770407,0.10741674,0.085674696
375316653866487564,224753924911386112,0.5812143,2132.1525639021756,1.1040274866450248,7.3985357E-6,15.543588,0.0012698593,0.26638132,0.0018056942,0.022692809,0.0022335227,0.3475873,0.1089835,0.76339173,0.004783351,0.025764175,0.008322148,0.015834313,0.010698201,0.022540359,0.002046124,0.76339173,0.004783351,"TWOGAUSSIANS_WITH_ELLIPSOIDAL_ON_ECLIPSE2",9,3.9793842,0.26636133,0.0017956097,0.12707973,0.012507727,0.39265215,0.109985024,0.76339173,0.004783351,0.14427939,0.046604026,0.060915004,0.008789365
375316653866487564,224757150428316928,0.4790244,2130.665363269035,0.037441330681854464,6.915319E-5,19.50884,0.006305802,0.19909053,0.0067389994,0.036198884,0.007018519,0.9535554,2.371051,0.5555346,0.009947949,0.072038785,0.009207489,0.19523312,0.024421584,null,null,null,null,"TWOGAUSSIANS",8,1.9729029,0.19909053,0.0067389994,0.20271374,0.03930371,0.95355636,2.3710506,0.5555346,0.009947949,0.4,0.029538356,0.19523312,0.0244216
375316653866487564,224763713138984832,0.52658546,2108.9096203093673,3.137635294726236,1.5215862E-5,18.17452,0.008835242,0.2544294,0.004574185,0.07571328,0.0044995123,0.39717963,0.018960685,0.7437681,0.0035065804,0.08599469,0.0047886786,0.38579372,0.021692242,null,null,null,null,"TWOGAUSSIANS",8,7.5158644,0.2544294,0.004574185,0.4,0.0,0.391849,0.018434994,0.7437681,0.0035065804,0.4,0.0,0.38046306,0.02214339
375316653866487564,224767668807100160,0.5188655,2088.028425826495,2.719715700717177,1.622975E-5,18.956984,0.008235677,0.48456398,0.016556835,0.03940346,0.0131294,0.5928665,0.1398887,0.71585315,0.00278308,0.0104803,0.0029296211,0.025494915,0.016167201,null,null,null,null,"TWOGAUSSIANS",8,8.622926,0.48456398,0.016556835,0.22065939,0.07352464,0.5928665,0.1398887,0.71585315,0.00278308,0.05868968,0.016405879,0.025494933,0.016167216
375316653866487564,224781992519984128,0.52054703,2111.589632841996,4.337871279924588,1.9342104E-5,19.753262,0.015459622,0.25338444,0.0014292,0.07134331,0.004618441,0.35966948,0.016789716,0.76427186,0.008834122,0.07708874,0.008944899,0.39100525,0.03757382,null,null,null,null,"TWOGAUSSIANS",8,1.9152985,0.76427186,0.008834122,0.4,0.0,0.38899595,0.037443507,0.25338444,0.0014292,0.39952254,0.01456397,0.35766017,0.01604502
375316653866487564,224788074194294144,0.46022564,2102.508810228097,0.3830669909365963,1.2285169E-5,19.531683,0.008638823,0.6029493,0.025905315,0.11092952,0.031662226,0.04096405,0.008613149,0.83052933,0.0016469641,0.010519487,9.562873E-4,0.2827322,0.019995317,null,null,null,null,"TWOGAUSSIANS",8,2.1776886,0.83052933,0.0016469641,0.058909126,0.005355209,0.28772295,0.020957,0.6029493,0.025905315,0.4,0.0,0.04096087,0.008605894
