Gaia/vari_eclipsing_binary/VariEclipsingBinary_355917-356140.csv
# %ECSV 1.0
# ---
# delimiter: ','
# meta: !!omap
# - RELEASE: Gaia DR3
# - TABLE: vari_eclipsing_binary
# - DESCRIPTION: >
#     This table describes the properties of the eclipsing binaries resulting from the variability analysis. 
# - CITATION: >
#     How to cite and acknowledge Gaia: 
#     https://gea.esac.esa.int/archive/documentation/credits.html 
# - KNOWN_ISSUES: >
#     Known issues: 
#     https://www.cosmos.esa.int/web/gaia-users/known-issues 
# - DOCUMENTATION: >
#     Tutorials and documentation: 
#     https://www.cosmos.esa.int/web/gaia-users/archive 
# datatype:
# - 
#   name: solution_id
#   datatype: int64
#   description: Solution Identifier
#   meta:
#     ucd: meta.version
# - 
#   name: source_id
#   datatype: int64
#   description: Unique source identifier
#   meta:
#     ucd: meta.id;meta.main
# - 
#   name: global_ranking
#   datatype: float32
#   description: Number between 0 (worst) and 1 (best)
#   meta:
#     ucd: stat.param
# - 
#   name: reference_time
#   datatype: float64
#   unit: d
#   description: Reference time used for the geometric model fit
#   meta:
#     ucd: time.epoch
# - 
#   name: frequency
#   datatype: float64
#   unit: d**-1
#   description: Frequency of geometric model of the eclipsing binary light curve
#   meta:
#     ucd: src.orbital
# - 
#   name: frequency_error
#   datatype: float32
#   unit: d**-1
#   description: "Uncertainty of \\texttt{frequency}"
#   meta:
#     ucd: stat.error
# - 
#   name: geom_model_reference_level
#   datatype: float32
#   unit: mag
#   description: Magnitude reference level of geometric model
#   meta:
#     ucd: phot.mag;em.opt
# - 
#   name: geom_model_reference_level_error
#   datatype: float32
#   unit: mag
#   description: "Uncertainty of \\texttt{geomModelReferenceLevel}"
#   meta:
#     ucd: stat.error;phot.mag;em.opt
# - 
#   name: geom_model_gaussian1_phase
#   datatype: float32
#   description: Phase of the Gaussian 1 component
#   meta:
#     ucd: time.phase
# - 
#   name: geom_model_gaussian1_phase_error
#   datatype: float32
#   description: "Uncertainty of \\texttt{geomModelGaussian1Phase}"
#   meta:
#     ucd: stat.error;time.phase
# - 
#   name: geom_model_gaussian1_sigma
#   datatype: float32
#   description: "Standard deviation [phase] of Gaussian 1 component"
#   meta:
#     ucd: stat.stdev
# - 
#   name: geom_model_gaussian1_sigma_error
#   datatype: float32
#   description: "Uncertainty of \\texttt{geomModelGaussian1Sigma}"
#   meta:
#     ucd: stat.error
# - 
#   name: geom_model_gaussian1_depth
#   datatype: float32
#   unit: mag
#   description: Magnitude depth of Gaussian 1 component
#   meta:
#     ucd: src.var.amplitude
# - 
#   name: geom_model_gaussian1_depth_error
#   datatype: float32
#   unit: mag
#   description: "Uncertainty of \\texttt{geomModelGaussian1Depth}"
#   meta:
#     ucd: stat.error;src.var.amplitude
# - 
#   name: geom_model_gaussian2_phase
#   datatype: float32
#   description: Phase of Gaussian 2 component
#   meta:
#     ucd: time.phase
# - 
#   name: geom_model_gaussian2_phase_error
#   datatype: float32
#   description: "Uncertainty of \\texttt{geomModelGaussian2Phase}"
#   meta:
#     ucd: stat.error;time.phase
# - 
#   name: geom_model_gaussian2_sigma
#   datatype: float32
[...]
#   datatype: float32
#   description: "Secondary eclipse: uncertainty of \\texttt{derivedSecondaryEclDuration}"
#   meta:
#     ucd: stat.error;time.duration
# - 
#   name: derived_secondary_ecl_depth
#   datatype: float32
#   unit: mag
#   description: "Secondary eclipse: depth"
#   meta:
#     ucd: src.var.amplitude
# - 
#   name: derived_secondary_ecl_depth_error
#   datatype: float32
#   unit: mag
#   description: "Secondary eclipse: uncertainty of \\texttt{derivedSecondaryEclDepth}"
#   meta:
#     ucd: stat.error;src.var.amplitude
solution_id,source_id,global_ranking,reference_time,frequency,frequency_error,geom_model_reference_level,geom_model_reference_level_error,geom_model_gaussian1_phase,geom_model_gaussian1_phase_error,geom_model_gaussian1_sigma,geom_model_gaussian1_sigma_error,geom_model_gaussian1_depth,geom_model_gaussian1_depth_error,geom_model_gaussian2_phase,geom_model_gaussian2_phase_error,geom_model_gaussian2_sigma,geom_model_gaussian2_sigma_error,geom_model_gaussian2_depth,geom_model_gaussian2_depth_error,geom_model_cosine_half_period_amplitude,geom_model_cosine_half_period_amplitude_error,geom_model_cosine_half_period_phase,geom_model_cosine_half_period_phase_error,model_type,num_model_parameters,reduced_chi2,derived_primary_ecl_phase,derived_primary_ecl_phase_error,derived_primary_ecl_duration,derived_primary_ecl_duration_error,derived_primary_ecl_depth,derived_primary_ecl_depth_error,derived_secondary_ecl_phase,derived_secondary_ecl_phase_error,derived_secondary_ecl_duration,derived_secondary_ecl_duration_error,derived_secondary_ecl_depth,derived_secondary_ecl_depth_error
[from data line 449]
375316653866487564,3132020311228914688,0.53132355,2206.379364236305,3.2282896359611013,1.3499205E-5,19.480585,0.029269451,0.291632,0.004342382,0.07463147,0.007348171,0.45029864,0.028902942,0.79282296,0.007051799,0.090210475,0.01658653,0.41503567,0.03924478,null,null,null,null,"TWOGAUSSIANS",8,1.6519554,0.291632,0.004342382,0.4,0.0,0.4418777,0.02185042,0.79282296,0.007051799,0.4,0.0,0.4066145,0.045357306
375316653866487564,3132023094371697152,0.49699283,2219.762419163632,1.2283351052128515,2.0547992E-5,16.133484,0.0039046553,null,null,null,null,null,null,null,null,null,null,null,null,0.05880039,0.006596687,0.23435175,0.0050361445,"ELLIPSOIDAL",4,21.391178,null,null,null,null,null,null,null,null,null,null,null,null
375316653866487564,3132027904735218688,0.6853762,2250.904375352247,1.3463921795973732,4.2498937E-6,16.198309,0.015403477,0.26235834,3.928477E-4,0.04122359,0.0033552262,0.21919572,0.031930927,0.7790716,0.0011692242,0.062191054,0.007837483,0.18331394,0.03553843,0.111290716,0.016958384,0.7790716,0.0011692242,"TWOGAUSSIANS_WITH_ELLIPSOIDAL_ON_ECLIPSE2",9,7.8797827,0.26435834,3.0517665E-4,0.23085211,0.018789267,0.4395655,0.002839572,0.7790716,0.0011692242,0.3482699,0.043889903,0.4058384,0.021038862
375316653866487564,3132029652781937408,0.6307242,2229.7494673845176,1.832201471281541,1.8040573E-5,18.17753,0.002077938,0.77138674,2.3934583E-4,0.005897598,2.1870235E-4,0.17764787,0.0017043812,0.5984731,7.1653536E-5,0.05092839,3.1522196E-4,0.60097235,0.0010012627,null,null,null,null,"TWOGAUSSIANS",8,1.2212731,0.5984731,7.1653536E-5,0.285199,0.001765243,0.60097235,0.0010012627,0.7713668,2.5542063E-4,0.033026546,0.0012247332,0.17953593,0.0018734047
375316653866487564,3132031989244308608,0.50376666,2188.430627278783,4.7922991485263395,5.843821E-5,17.94574,0.0029836826,0.22377896,0.045632478,0.07879448,0.021461345,0.20243293,0.08668384,0.49728543,0.06688767,0.06404816,0.047157068,0.024591953,0.008194215,null,null,null,null,"TWOGAUSSIANS",8,3.281292,0.22378896,0.045127984,0.4,0.06153982,0.20243526,0.08621572,0.49728543,0.06688767,0.3586697,0.13447797,0.02508127,0.008074953
375316653866487564,3132038998631143808,0.5856659,2189.519653553576,3.6653801247527342,1.1526469E-5,17.787626,0.0626407,0.2861338,0.0045503364,0.11028243,0.017522927,0.31472868,0.060051605,0.78025424,0.0032310288,0.12627138,0.018472567,0.33244032,0.05595507,null,null,null,null,"TWOGAUSSIANS",8,3.21999,0.78025424,0.0032310288,0.4,0.0,0.26677448,0.0131441215,0.2861938,0.004632661,0.4,0.0,0.24930659,0.016536314
375316653866487564,3132040617838291072,0.56744707,2227.242827503515,1.4006214566899304,2.4063585E-5,17.771503,0.0025524271,0.6871254,0.028694944,0.025234567,0.009331335,0.09223622,0.07079232,0.43983057,4.0266046E-4,0.05619321,9.6430664E-4,0.25997752,0.002461578,null,null,null,null,"TWOGAUSSIANS",8,2.366332,0.43983057,4.0266046E-4,0.31468198,0.005400117,0.25997752,0.002461578,0.6871154,0.028704489,0.14131357,0.052255474,0.092252426,0.070802554
375316653866487564,3132042473260047488,0.5523573,2212.0829997291557,3.167150661098285,1.7747121E-5,19.46511,0.015714532,0.2778899,0.00438161,0.08892609,0.008800527,0.3487795,0.03542803,0.7746959,0.008152044,0.06972296,0.0086209215,0.34683058,0.024572207,null,null,null,null,"TWOGAUSSIANS",8,1.3597748,0.2778899,0.00438161,0.4,0.0,0.34426612,0.036042638,0.7746959,0.008152044,0.39044854,0.029946886,0.3423173,0.022995386
375316653866487564,3132045737435010048,0.5068974,2190.922671729748,2.8406047829597307,3.9063805E-5,19.906,0.022101402,0.32902566,0.012854876,0.0779752,0.015186241,0.56284636,0.023195596,0.8504991,0.0042330306,0.06182745,0.0055645676,0.50700897,0.035742663,null,null,null,null,"TWOGAUSSIANS",8,1.9631139,0.32902566,0.012854876,0.4,0.031158477,0.5618298,0.022062076,0.8504991,0.0042330306,0.34623373,0.031161578,0.5059924,0.0355014
375316653866487564,3132051058900368384,0.50470406,2213.944975541136,2.6296348261251348,1.6021539E-5,19.182175,0.018465249,0.29615808,0.0067143547,0.06516478,0.0065616863,0.40566015,0.12563023,0.8099542,0.0033503321,0.08025357,0.009688263,0.28337368,0.011611901,null,null,null,null,"TWOGAUSSIANS",8,1.0628887,0.29615808,0.0067143547,0.3649228,0.036745444,0.40437612,0.1258449,0.8099542,0.0033503321,0.4,0.0,0.28208965,0.011212214
375316653866487564,3132058484901926784,0.5276863,2256.6014057516345,1.179794888143664,1.602823E-5,17.945707,0.005812176,0.20509067,0.0027079217,0.020945646,0.0061525465,0.1496699,0.10411619,0.7401819,9.218147E-4,0.036703527,0.0025700768,0.20523627,0.020755606,0.015365918,0.008072526,0.7401819,9.218147E-4,"TWOGAUSSIANS_WITH_ELLIPSOIDAL_ON_ECLIPSE2",9,3.4482267,0.7401819,9.218147E-4,0.20553975,0.01439243,0.23596805,0.018596925,0.20533067,0.0028521125,0.117295615,0.03445426,0.17894165,0.1138727
375316653866487564,3132059270875909120,0.5620607,2271.767623895715,0.42726631286924127,5.2301384E-5,12.264424,0.0067922645,0.55745393,0.02854547,0.029714083,0.019574933,1.6923648,3653.413,null,null,null,null,null,null,null,null,null,null,"ONEGAUSSIAN",5,3059.6572,0.55745393,0.02854547,0.16639887,0.109619625,1.6923648,0.0,null,null,null,null,null,null
375316653866487564,3132062638132196992,0.5459893,2271.295947479819,0.6996949033893902,3.605205E-5,18.89548,0.009362925,0.37063202,0.05048651,0.047096293,0.030045714,0.51202106,0.30999786,0.71350574,0.008729863,0.02855331,0.0093141645,0.086486444,0.022768062,0.018886358,0.012446211,0.37063202,0.05048651,"TWOGAUSSIANS_WITH_ELLIPSOIDAL_ON_ECLIPSE1",9,3.8331888,0.37063202,0.05048651,0.26373926,0.15330537,0.549793,0.31417865,0.7155957,0.0095015,0.15989855,0.05215932,0.09818013,0.020536235
375316653866487564,3132064734077391872,0.56565535,2257.6495672127635,2.791829457361937,2.2135917E-5,19.269636,0.0318462,0.19957006,0.008424572,0.07163709,0.01139904,0.5976978,0.1016009,0.7003429,0.020818623,0.058443394,0.013055406,0.6713414,0.22984703,null,null,null,null,"TWOGAUSSIANS",8,5.430558,0.7003429,0.020818623,0.327283,0.073110275,0.67058396,0.22949068,0.19957006,0.008424572,0.4,0.031332128,0.59694034,0.10232135
375316653866487564,3132069857975390720,0.5651017,2271.4300800631445,3.533192715850679,3.600558E-5,17.443344,0.016839124,0.15942483,0.0037180644,0.07029879,0.0054616313,0.44013676,0.016162837,0.65540767,0.0060576648,0.071977176,0.00657254,0.5342959,0.027541673,null,null,null,null,"TWOGAUSSIANS",8,24.596687,0.65540767,0.0060576648,0.4,0.014958731,0.53246784,0.02744266,0.15942483,0.0037180644,0.39367324,0.024386413,0.43830863,0.015461255
375316653866487564,3132070265995552000,0.5826102,2243.052466498614,0.2726468860722583,3.125503E-6,18.005056,0.0017043147,0.30685925,0.01933539,0.05264177,0.022487143,0.5596138,0.44911394,0.74357766,4.850212E-4,0.0026915832,5.8128894E-4,0.06194364,0.021387193,null,null,null,null,"TWOGAUSSIANS",8,2.225884,0.30685925,0.01933539,0.29479393,0.10866765,0.5596138,0.44911394,0.74357766,4.850212E-4,0.015072865,0.003255218,0.06194364,0.021387191
375316653866487564,3132070781390577408,0.60639256,2270.1603103422285,0.3521234109173904,1.1667561E-4,19.03807,0.008064649,0.25221032,0.048627995,0.10038042,0.027017582,0.050432704,0.015043094,0.7012393,9.823578E-4,0.024008742,6.0848694E-4,18.662975,3.0714893,null,null,null,null,"TWOGAUSSIANS",8,2.3430514,0.7012393,9.823578E-4,0.13444895,0.0034075268,18.662966,3.0715098,0.25221032,0.048627995,0.4,0.0,0.050420903,0.015020297
375316653866487564,3132071537304878592,0.52651715,2285.085560981908,2.2879166815169363,5.9030852E-5,17.194145,0.010155922,0.14698958,0.011091942,0.099545196,0.012779788,0.0884241,0.015243941,0.6012234,0.011973861,0.07084248,0.015108373,0.14210396,0.015781213,null,null,null,null,"TWOGAUSSIANS",8,5.6568894,0.6012234,0.011973861,0.3967179,0.0444844,0.14086075,0.017159455,0.14698958,0.011091942,0.4,0.0,0.08717821,0.014231591
375316653866487564,3132072808615271040,0.49945596,2289.216565826739,0.18662830328035163,6.719757E-5,17.197243,0.02309531,0.28439844,0.01967761,0.08822574,0.015523231,0.17268986,0.04174796,0.71956646,0.0023561271,0.06999906,0.044233024,0.110973425,0.011725514,null,null,null,null,"TWOGAUSSIANS",8,4.113636,0.28439844,0.019621076,0.4,0.0,0.17220788,0.03194263,0.71956646,0.0023561271,0.39199474,0.042793363,0.11049235,0.0098128095
375316653866487564,3132074805777760256,0.5997306,2255.737181647159,1.6146446813035076,6.413289E-6,14.861339,0.09589146,0.31642777,0.003252559,0.14681931,0.045832902,0.15212753,0.09348457,0.8081222,0.003091459,0.12651294,0.0258299,0.16890001,0.0869437,null,null,null,null,"TWOGAUSSIANS",8,9.799702,0.8081222,0.003091459,0.4,0.0,0.11351288,0.0031705995,0.31657776,0.00291224,0.4,0.0,0.095944025,0.0044669663
375316653866487564,3132077137942427776,0.49796078,2199.8452220437052,0.20397350195967942,1.391868E-5,18.925457,0.021305675,0.3383464,0.0019413468,0.026537394,0.0037435696,0.30487058,0.030032799,0.83146816,0.025519365,0.09806885,0.028381387,0.2775553,0.076056555,null,null,null,null,"TWOGAUSSIANS",8,2.509472,0.3383464,0.0019413468,0.1486094,0.02096399,0.30475184,0.029932737,0.83146816,0.025519365,0.4,0.0,0.27743518,0.076189324
375316653866487564,3132078752850430848,0.51935315,2162.695011653694,3.1177809913334698,2.6554748E-5,20.01638,0.021546587,0.72812486,0.0059658396,0.03453222,0.009710617,0.21935833,0.10148833,null,null,null,null,null,null,0.2567835,0.0336783,0.72812486,0.0059658396,"ONEGAUSSIAN_WITH_ELLIPSOIDAL",6,4.923142,0.72812486,0.0059658396,0.19338043,0.054379456,0.7329249,0.08714168,null,null,null,null,null,null
375316653866487564,3132079165165174272,0.47354686,2266.0970081732266,4.673260778762041,3.0204044E-5,19.011803,0.008170704,0.42042264,0.033131275,0.15483063,0.030775338,0.16053155,0.023394113,0.7693835,0.011592917,0.06562207,0.010311014,0.13728943,0.015902376,null,null,null,null,"TWOGAUSSIANS",8,0.9740849,0.42042264,0.033131275,0.4,0.0,0.15670243,0.024805684,0.7693835,0.011592917,0.3674836,0.054578763,0.14614579,0.01242873
375316653866487564,3132079336963872512,0.46106,2242.435803530471,1.6061164490835955,6.750457E-5,18.018002,0.007906306,0.25612843,0.0027988425,0.02330448,0.0036277983,0.06099855,0.012727632,0.5792357,0.02004622,0.10608273,0.033114288,0.09669974,0.017428994,null,null,null,null,"TWOGAUSSIANS",8,3.1027849,0.5792357,0.02004622,0.4,0.0,0.09669684,0.017455053,0.25636846,0.0025813116,0.13050508,0.020315671,0.061934218,0.013540907
375316653866487564,3132081299768074880,0.558502,2185.802692774922,0.5210485718215178,6.958735E-5,17.466387,0.004270431,0.27240276,0.011491902,0.04681022,0.012766693,0.21432666,0.08887922,0.7840867,0.048253503,0.02809787,0.02503139,0.38549843,0.44984213,null,null,null,null,"TWOGAUSSIANS",8,6.2705197,0.7840867,0.048253503,0.15734807,0.14017577,0.38549843,0.44984224,0.27240276,0.011491902,0.26213723,0.07149348,0.21432666,0.08887921
375316653866487564,3132082811596588928,0.5265095,2230.9778679723577,1.3602531455937148,2.7125623E-5,18.359716,0.026695732,0.2805601,0.010338495,0.095254295,0.016531622,0.29965004,0.03743217,0.78946143,0.0034668988,0.09908077,0.018612532,0.17662176,0.02412866,null,null,null,null,"TWOGAUSSIANS",8,3.10528,0.2805601,0.010338059,0.4,0.0,0.28491265,0.040022183,0.78946143,0.0034668988,0.4,0.0,0.16188389,0.020761332
375316653866487564,3132084357784786432,0.55267316,2215.423401861265,0.08671947003957868,3.7577374E-5,16.932432,0.012132518,0.26606172,0.014736497,0.084146746,0.008735204,0.70139956,0.05280222,0.94148743,0.0057793437,0.02344562,0.0060861395,0.059531502,0.014401579,null,null,null,null,"TWOGAUSSIANS",8,37.31225,0.26606172,0.014736497,0.4,0.0,0.70139956,0.0528022,0.94166744,0.0057285917,0.13129547,0.03408238,0.0599454,0.014745808
375316653866487564,3132084525286069248,0.5492208,2213.9101580439165,3.456571921994494,3.8939972E-5,18.986284,0.0044453386,0.49205506,2.2332162E-5,0.0016193739,5.6181223E-5,0.71441185,0.020552486,0.7614976,0.011247194,0.008745468,0.00867095,0.037133366,1.7957907,null,null,null,null,"TWOGAUSSIANS",8,2.15495,0.49205506,2.2332162E-5,0.009068494,3.1461485E-4,0.71441185,0.020552486,0.7614976,0.011247194,0.048974622,0.048557322,0.037133366,1.7957907
375316653866487564,3132085044979528960,0.46906117,2205.6470320715225,0.10920998516544532,3.422625E-5,17.754963,0.01657832,0.31892073,0.00810456,0.17249557,0.026968589,0.13352638,0.016577492,0.769142,0.004678381,0.040563587,0.009394044,0.7345681,1.3744583,null,null,null,null,"TWOGAUSSIANS",8,3.0080936,0.769142,0.004678381,0.22715609,0.052606646,0.729739,1.377791,0.31892073,0.00810456,0.4,0.0,0.12343724,0.014874885
375316653866487564,3132085315558529920,0.52733856,2264.673939003851,3.8053566456059986,2.795049E-5,19.007471,0.027070882,0.24482286,0.0030430702,0.08694261,0.0068535632,0.5656366,0.048572987,0.7335721,0.004711859,0.064521484,0.005634375,0.72604,0.091299236,null,null,null,null,"TWOGAUSSIANS",8,2.4650087,0.7335721,0.004711859,0.36132032,0.0315525,0.7218768,0.09262543,0.24482286,0.0030430702,0.4,0.0,0.5614733,0.048944194
375316653866487564,3132087278362443776,0.5361887,2163.174770412132,0.0879514042699545,2.150432E-5,16.941137,0.0052168467,0.089424364,0.026318708,0.06628742,0.023147218,0.025691262,0.013062479,0.71537864,0.004569264,0.053302586,0.011570454,0.10021926,0.013449483,null,null,null,null,"TWOGAUSSIANS",8,1.4239976,0.71537864,0.004569264,0.2984945,0.06479454,0.10021916,0.0134497415,0.089424364,0.026318708,0.37120956,0.093089595,0.025691157,0.013061473
375316653866487564,3132088476654583808,0.475291,2202.0519503708115,3.626523554448064,3.667406E-5,16.024137,0.007408122,0.38583764,0.0064008334,0.04840455,0.0057395697,0.07649765,0.0035842275,0.7313913,0.08028103,0.18848805,0.1388402,0.019540839,0.006299381,null,null,null,null,"TWOGAUSSIANS",8,2.486585,0.38690764,0.00529917,0.27106547,0.03214159,0.07890468,0.0045400374,0.7313913,0.08028103,0.4,0.067935064,0.018242218,0.005754366
375316653866487564,3132088584032476416,0.49507016,2230.015823889444,0.8780853160691776,3.872909E-5,14.999634,0.004325649,0.3191164,0.011126942,0.02967647,0.010220306,0.4049683,0.120029025,0.80193955,0.0073129428,0.040342156,0.004102181,0.23551436,0.030344928,null,null,null,null,"TWOGAUSSIANS",8,73.044334,0.3191164,0.011126942,0.16618824,0.057233714,0.4049683,0.12002903,0.80193955,0.0073129428,0.22591607,0.022972213,0.23551436,0.030344928
375316653866487564,3132090302014205056,0.5497837,2173.5941400848537,4.009249209273731,2.4264786E-5,19.185242,0.053073637,0.13719131,0.005494624,0.088754624,0.010605042,0.6579548,0.049060952,0.63499296,0.011082964,0.091239475,0.014672977,0.56149125,0.056423973,null,null,null,null,"TWOGAUSSIANS",8,5.4148436,0.13719131,0.005494624,0.4,0.0,0.6332026,0.03302532,0.63499296,0.011082964,0.4,0.0,0.5367389,0.042423606
375316653866487564,3132097616353352704,0.4927907,2214.987120176291,2.810130424701907,7.2232186E-5,18.119379,0.114503905,0.19754703,0.010129653,0.13544168,0.046583615,0.17004515,0.112932675,0.68292004,0.00624231,0.12835151,0.026545065,0.25521854,0.10402746,null,null,null,null,"TWOGAUSSIANS",8,4.1051693,0.68292004,0.00624231,0.4,0.0,0.19442174,0.018952403,0.19791703,0.009806136,0.4,0.0,0.10913041,0.009343863
375316653866487564,3132097655003527808,0.67306435,2208.4863866958826,0.6084049062399826,3.0300887E-6,14.941848,0.0017751456,0.17988567,0.004383346,0.035189003,0.0057193064,0.18612686,0.018291123,null,null,null,null,null,null,0.004212419,0.004228039,0.17988567,0.004383346,"ONEGAUSSIAN_WITH_ELLIPSOIDAL",6,4.401193,0.17988567,0.004383346,0.19705841,0.032028116,0.19455169,0.018974153,null,null,null,null,null,null
375316653866487564,3132097719424185728,0.57822895,2239.107680194574,2.395193692063491,9.856623E-6,18.161009,0.020929327,0.2765188,0.006366033,0.08915725,0.008605944,0.46798953,0.024722148,0.7815803,0.0035278846,0.083924375,0.006520782,0.44336483,0.018237192,null,null,null,null,"TWOGAUSSIANS",8,5.285747,0.2765188,0.006366033,0.4,0.0,0.45508724,0.017711181,0.7815803,0.0035278846,0.4,0.0,0.43046263,0.012706464
