Gaia/vari_eclipsing_binary/VariEclipsingBinary_473242-473318.csv
# %ECSV 1.0
# ---
# delimiter: ','
# meta: !!omap
# - RELEASE: Gaia DR3
# - TABLE: vari_eclipsing_binary
# - DESCRIPTION: >
#     This table describes the properties of the eclipsing binaries resulting from the variability analysis. 
# - CITATION: >
#     How to cite and acknowledge Gaia: 
#     https://gea.esac.esa.int/archive/documentation/credits.html 
# - KNOWN_ISSUES: >
#     Known issues: 
#     https://www.cosmos.esa.int/web/gaia-users/known-issues 
# - DOCUMENTATION: >
#     Tutorials and documentation: 
#     https://www.cosmos.esa.int/web/gaia-users/archive 
# datatype:
# - 
#   name: solution_id
#   datatype: int64
#   description: Solution Identifier
#   meta:
#     ucd: meta.version
# - 
#   name: source_id
#   datatype: int64
#   description: Unique source identifier
#   meta:
#     ucd: meta.id;meta.main
# - 
#   name: global_ranking
#   datatype: float32
#   description: Number between 0 (worst) and 1 (best)
#   meta:
#     ucd: stat.param
# - 
#   name: reference_time
#   datatype: float64
#   unit: d
#   description: Reference time used for the geometric model fit
#   meta:
#     ucd: time.epoch
# - 
#   name: frequency
#   datatype: float64
#   unit: d**-1
#   description: Frequency of geometric model of the eclipsing binary light curve
#   meta:
#     ucd: src.orbital
# - 
#   name: frequency_error
#   datatype: float32
#   unit: d**-1
#   description: "Uncertainty of \\texttt{frequency}"
#   meta:
#     ucd: stat.error
# - 
#   name: geom_model_reference_level
#   datatype: float32
#   unit: mag
#   description: Magnitude reference level of geometric model
#   meta:
#     ucd: phot.mag;em.opt
# - 
#   name: geom_model_reference_level_error
#   datatype: float32
#   unit: mag
#   description: "Uncertainty of \\texttt{geomModelReferenceLevel}"
#   meta:
#     ucd: stat.error;phot.mag;em.opt
# - 
#   name: geom_model_gaussian1_phase
#   datatype: float32
#   description: Phase of the Gaussian 1 component
#   meta:
#     ucd: time.phase
# - 
#   name: geom_model_gaussian1_phase_error
#   datatype: float32
#   description: "Uncertainty of \\texttt{geomModelGaussian1Phase}"
#   meta:
#     ucd: stat.error;time.phase
# - 
#   name: geom_model_gaussian1_sigma
#   datatype: float32
#   description: "Standard deviation [phase] of Gaussian 1 component"
#   meta:
#     ucd: stat.stdev
# - 
#   name: geom_model_gaussian1_sigma_error
#   datatype: float32
#   description: "Uncertainty of \\texttt{geomModelGaussian1Sigma}"
#   meta:
#     ucd: stat.error
# - 
#   name: geom_model_gaussian1_depth
#   datatype: float32
#   unit: mag
#   description: Magnitude depth of Gaussian 1 component
#   meta:
#     ucd: src.var.amplitude
# - 
#   name: geom_model_gaussian1_depth_error
#   datatype: float32
#   unit: mag
#   description: "Uncertainty of \\texttt{geomModelGaussian1Depth}"
#   meta:
#     ucd: stat.error;src.var.amplitude
# - 
#   name: geom_model_gaussian2_phase
#   datatype: float32
#   description: Phase of Gaussian 2 component
#   meta:
#     ucd: time.phase
# - 
#   name: geom_model_gaussian2_phase_error
#   datatype: float32
#   description: "Uncertainty of \\texttt{geomModelGaussian2Phase}"
#   meta:
#     ucd: stat.error;time.phase
# - 
#   name: geom_model_gaussian2_sigma
#   datatype: float32
[...]
#   datatype: float32
#   description: "Secondary eclipse: uncertainty of \\texttt{derivedSecondaryEclDuration}"
#   meta:
#     ucd: stat.error;time.duration
# - 
#   name: derived_secondary_ecl_depth
#   datatype: float32
#   unit: mag
#   description: "Secondary eclipse: depth"
#   meta:
#     ucd: src.var.amplitude
# - 
#   name: derived_secondary_ecl_depth_error
#   datatype: float32
#   unit: mag
#   description: "Secondary eclipse: uncertainty of \\texttt{derivedSecondaryEclDepth}"
#   meta:
#     ucd: stat.error;src.var.amplitude
solution_id,source_id,global_ranking,reference_time,frequency,frequency_error,geom_model_reference_level,geom_model_reference_level_error,geom_model_gaussian1_phase,geom_model_gaussian1_phase_error,geom_model_gaussian1_sigma,geom_model_gaussian1_sigma_error,geom_model_gaussian1_depth,geom_model_gaussian1_depth_error,geom_model_gaussian2_phase,geom_model_gaussian2_phase_error,geom_model_gaussian2_sigma,geom_model_gaussian2_sigma_error,geom_model_gaussian2_depth,geom_model_gaussian2_depth_error,geom_model_cosine_half_period_amplitude,geom_model_cosine_half_period_amplitude_error,geom_model_cosine_half_period_phase,geom_model_cosine_half_period_phase_error,model_type,num_model_parameters,reduced_chi2,derived_primary_ecl_phase,derived_primary_ecl_phase_error,derived_primary_ecl_duration,derived_primary_ecl_duration_error,derived_primary_ecl_depth,derived_primary_ecl_depth_error,derived_secondary_ecl_phase,derived_secondary_ecl_phase_error,derived_secondary_ecl_duration,derived_secondary_ecl_duration_error,derived_secondary_ecl_depth,derived_secondary_ecl_depth_error
[from data line 404]
375316653866487564,4163195569058522368,0.5345766,2364.4208889796246,2.499728740272205,1.9777039E-5,18.194212,0.015897501,0.24195193,0.00445916,0.08002761,0.0068575004,0.40875056,0.015895858,0.7509814,0.0053393682,0.09368062,0.007352726,0.34322742,0.015336428,null,null,null,null,"TWOGAUSSIANS",8,9.790105,0.24195193,0.00445916,0.4,0.0,0.39863902,0.01268776,0.7509814,0.0053393682,0.4,0.0,0.33311537,0.011179135
375316653866487564,4163196977807997312,0.46724784,2418.9480078188485,3.3394533282019374,2.5773294E-5,17.862406,0.01231665,0.20063032,0.0050712894,0.063831136,0.05135773,0.023883287,0.029437725,0.6940251,0.0023994425,0.020756923,0.01085377,0.20819993,0.213206,0.07036704,0.016441647,0.20063032,0.0050712894,"TWOGAUSSIANS_WITH_ELLIPSOIDAL_ON_ECLIPSE1",9,15.696735,0.6941751,0.0024041696,0.11623877,0.06078111,0.34868574,0.22870353,0.20063032,0.0050712894,0.3574544,0.21080393,0.16460592,0.012927722
375316653866487564,4163200246277778048,0.5812375,2383.0553777994796,2.38921003506809,6.4768474E-6,16.01252,0.004589249,0.1974338,0.0016674094,0.045209017,0.0049993047,0.07960982,0.009782117,0.68572974,0.0040473295,0.045395523,0.007092488,0.082798935,0.009609202,0.09968209,0.0056265504,0.1974338,0.0016674094,"TWOGAUSSIANS_WITH_ELLIPSOIDAL_ON_ECLIPSE1",9,26.095743,0.68902975,0.0031968295,0.25421494,0.03971793,0.28138918,0.0033415486,0.1974338,0.0016674094,0.2531705,0.027996106,0.2789739,0.003975563
375316653866487564,4163202239154263040,0.57808524,2410.4922290910795,1.9108455246093274,7.142207E-6,18.07721,0.009367864,0.20495537,0.0020893896,0.08577878,0.0042846864,0.2589295,0.008864851,0.70077753,0.0020216585,0.09523713,0.0049276557,0.20992717,0.009262076,null,null,null,null,"TWOGAUSSIANS",8,1.7090676,0.20495537,0.0020893896,0.4,0.0,0.24937263,0.006093381,0.70077753,0.0020216585,0.4,0.0,0.2003699,0.0069671716
375316653866487564,4163203338665913728,0.51546925,2460.983010264757,0.008026366146732097,9.42232E-6,17.305231,0.008738511,0.47345456,0.23942885,0.0709223,0.2323316,0.021804364,0.7845714,0.73752,1.2784386E-5,3.015864E-4,8.525183E-6,0.5220986,0.013490834,0.010282759,0.00410115,0.73752,1.2784386E-5,"TWOGAUSSIANS_WITH_ELLIPSOIDAL_ON_ECLIPSE2",9,10.332301,0.73752,1.2784386E-5,0.0016888839,4.774103E-5,0.5426853,0.013282544,0.46511456,0.40010032,0.39716488,1.1716735,0.022058835,0.79181397
375316653866487564,4163204571310527744,0.49026933,2390.789662039739,3.338906716381793,3.4158373E-5,19.006525,0.61746067,0.2860621,0.009080317,0.17414027,0.09496868,0.51876587,0.59170175,0.79016346,0.0054994826,0.16048278,0.07305625,0.52141243,0.568346,null,null,null,null,"TWOGAUSSIANS",8,1.8024484,0.7911835,0.004600329,0.4,0.0,0.20434643,0.013041355,0.2852721,0.008183312,0.4,0.0,0.1930007,0.009726586
375316653866487564,4163205022281591040,0.533425,2385.8830573972036,2.145170321083792,1.231528E-5,18.868439,0.009960539,0.24910414,0.0021003054,0.08581771,0.0045726732,0.34804675,0.013446798,0.75258404,0.0024216503,0.09372849,0.005681642,0.24599439,0.010041228,null,null,null,null,"TWOGAUSSIANS",8,1.73641,0.24910414,0.0021003054,0.4,0.0,0.3367083,0.014171746,0.75258404,0.0024216503,0.4,0.0,0.23465566,0.008950528
375316653866487564,4163206534110074624,0.4810211,2393.2987417645186,2.5793681912293573,3.9367787E-5,19.60234,0.020811249,0.26976815,0.0040120697,0.09351106,0.011443458,0.26248363,0.023268463,0.7725286,0.0073107113,0.09675297,0.0111446325,0.23925643,0.0250961,null,null,null,null,"TWOGAUSSIANS",8,1.482045,0.26976815,0.0040120697,0.4,0.0,0.24723549,0.02393318,0.7725286,0.0073107113,0.4,0.0,0.22400786,0.019415976
375316653866487564,4163207972925143936,0.5792874,2385.153218382286,2.334161499262144,9.5132655E-6,17.547338,0.0049295435,0.21204042,0.0043457244,0.09274121,0.0055339024,0.18950206,0.006894866,0.70425636,0.0017355132,0.086921364,0.0025653115,0.2888433,0.0071087847,null,null,null,null,"TWOGAUSSIANS",8,3.6961832,0.70425636,0.0017355132,0.4,0.0,0.2803211,0.0067152,0.21204042,0.0043457244,0.4,0.0,0.1809797,0.0066164904
375316653866487564,4163210687343808640,0.45025912,2400.9095718604517,2.9563771756374337,8.101198E-5,18.858704,0.18278852,0.2997635,0.011243099,0.110347666,0.051116556,0.30165824,0.15608741,0.7880083,0.011973357,0.11645819,0.04590969,0.30019635,0.17328127,null,null,null,null,"TWOGAUSSIANS",8,10.555291,0.2998035,0.011024016,0.4,0.0,0.25454634,0.033061087,0.7880083,0.011973357,0.4,0.0,0.2530428,0.024870286
375316653866487564,4163210756066102528,0.5889118,2397.20975724079,1.3006074821969,7.2880093E-6,17.624172,0.009941125,0.24452505,0.001294871,0.092242055,0.003656822,0.2772771,0.009196064,0.74533004,0.004296584,0.10337527,0.008971636,0.22694154,0.010267918,null,null,null,null,"TWOGAUSSIANS",8,2.8450518,0.24452505,0.001294871,0.4,0.0,0.25852764,0.005137892,0.74533004,0.004296584,0.4,0.0,0.20818852,0.01014979
375316653866487564,4163211035247526016,0.6352393,2410.16297423332,1.020326517517106,5.4626494E-6,17.163801,0.0049480572,0.25582153,0.0013674793,0.05162147,0.0040118624,0.11421327,0.011258104,0.746193,0.00236249,0.06720244,0.0031093282,0.18964438,0.012007377,0.07439356,0.0065252758,0.25582153,0.0013674793,"TWOGAUSSIANS_WITH_ELLIPSOIDAL_ON_ECLIPSE1",9,2.8053548,0.748293,0.0017656111,0.37633365,0.017412238,0.33789742,0.008373596,0.25582153,0.0013674793,0.28908023,0.022466429,0.26289156,0.0047307904
375316653866487564,4163211099660819456,0.57009596,2401.960643642169,1.9472740177886307,1.5332655E-5,18.91956,0.0070876954,0.20447409,0.0019068812,0.040719394,0.0051955977,0.1536224,0.016557649,0.70739836,0.0062733595,0.038925268,0.012006092,0.11883237,0.027428295,0.122995086,0.009384496,0.20447409,0.0019068812,"TWOGAUSSIANS_WITH_ELLIPSOIDAL_ON_ECLIPSE1",9,1.6330526,0.20447409,0.0019068812,0.2280286,0.029095348,0.39961258,0.006090489,0.70739836,0.0060062045,0.21798149,0.067234114,0.3647395,0.03090264
375316653866487564,4163211649416821120,0.48243237,2405.1537368301138,1.1444306470537686,2.6487804E-5,18.325022,0.002509229,0.30384105,0.0037072338,0.04774089,0.004048634,0.1919232,0.024357555,0.7945376,0.023391126,0.06271084,0.019748062,0.044927526,0.008653478,null,null,null,null,"TWOGAUSSIANS",8,2.0142725,0.30384105,0.0037072338,0.267349,0.02267235,0.19191925,0.02436107,0.7945376,0.023391126,0.3511807,0.110589154,0.04492357,0.008656335
375316653866487564,4163211752495850240,0.6453806,2407.6195758142667,3.628239707241908,6.9400226E-6,16.703316,0.0078692455,0.25605604,0.0019652385,0.055759367,0.005155963,0.21191226,0.017688913,0.75423664,0.001570805,0.05074249,0.0026219212,0.30158392,0.016981812,0.10198262,0.009555475,0.25605604,0.0019652385,"TWOGAUSSIANS_WITH_ELLIPSOIDAL_ON_ECLIPSE1",9,8.128005,0.75445664,0.00128655,0.28415793,0.014682759,0.5055152,0.008772063,0.25605604,0.0019652385,0.31225243,0.028873393,0.41586703,0.005989729
375316653866487564,4163212577129847808,0.5717757,2409.4256449493573,0.19927952292202838,5.4501184E-6,17.965908,0.0025015585,0.15733828,0.023866132,0.06889506,0.011320891,0.03545405,0.007443898,0.40303802,9.199678E-4,0.015332625,7.289156E-4,0.5232207,0.03700494,null,null,null,null,"TWOGAUSSIANS",8,3.0908623,0.40303802,9.199678E-4,0.0858627,0.0040819277,0.5232821,0.03700093,0.15733828,0.023866132,0.3858123,0.06339699,0.03545405,0.007443898
375316653866487564,4163213298686516864,0.52520084,2404.612225416282,1.1605158313953239,7.2335065E-6,19.230888,0.004894876,0.2404252,0.004353406,0.039963417,0.0045224098,0.52532953,0.037255373,0.73592794,0.01242638,0.036624953,0.01279306,0.08122912,0.013453808,null,null,null,null,"TWOGAUSSIANS",8,2.3918233,0.2404252,0.004353406,0.22379515,0.025325494,0.52532953,0.037255373,0.73592794,0.01242638,0.20509975,0.07164114,0.08122912,0.013453808
375316653866487564,4163214192037302272,0.5230606,2419.5954305604014,2.23704732498371,1.2823365E-5,19.675156,0.011723428,0.31476957,0.00711505,0.047374573,0.009978377,0.6514039,0.023218097,0.8116552,0.0024407015,0.030706208,0.001785219,0.71621853,0.09895754,null,null,null,null,"TWOGAUSSIANS",8,4.1440535,0.8116552,0.0024407015,0.17195477,0.009997226,0.71621853,0.09895753,0.31476957,0.00711505,0.2652976,0.055878915,0.6514039,0.023218084
375316653866487564,4163214432555646976,0.5418938,2398.311620672371,4.307477090878856,1.7619546E-5,18.98767,0.0065174312,0.45778668,0.0062138983,0.11750901,0.005853325,0.28867796,0.010852793,0.7784508,0.007127693,0.022897169,0.0046334686,0.04934182,0.01595834,null,null,null,null,"TWOGAUSSIANS",8,2.1205766,0.45778668,0.0062138983,0.4,0.0,0.28861034,0.010844888,0.7784508,0.007127693,0.12822415,0.025947424,0.05624697,0.015819872
375316653866487564,4163215428988156160,0.5541956,2392.5278509886,2.3898340728986147,1.7006025E-5,17.78036,0.06199164,0.19133115,0.0061033573,0.09882981,0.029099604,0.12925376,0.059891503,0.67379373,0.0030680418,0.10790927,0.035610456,0.21647656,0.039008126,null,null,null,null,"TWOGAUSSIANS",8,2.1810765,0.67379373,0.0030680418,0.4,0.0,0.20181209,0.019163677,0.19135115,0.0057959645,0.4,0.0,0.11460035,0.0056339884
375316653866487564,4163217391787498880,0.56698525,2381.0639615106943,3.4522139658560413,8.125076E-6,19.44402,0.008871476,0.300805,0.0027587982,0.03910575,0.009892143,0.22517939,0.06416188,0.80450034,0.0064354204,0.042767867,0.0061116307,0.30164984,0.028361745,0.13506891,0.014239737,0.300805,0.0027587982,"TWOGAUSSIANS_WITH_ELLIPSOIDAL_ON_ECLIPSE1",9,1.8572962,0.80450034,0.0064354204,0.23950005,0.034225132,0.5716414,0.017825501,0.300805,0.0027587982,0.2189922,0.055396,0.49531654,0.07217976
375316653866487564,4163218658803671424,0.5374985,2407.1245509802684,4.148615346625426,8.20495E-6,18.506699,0.010404761,0.21031922,0.0037778842,0.09561543,0.0071342266,0.2357943,0.010660485,0.71677494,0.0037962454,0.084732234,0.0056287213,0.29140708,0.012823546,null,null,null,null,"TWOGAUSSIANS",8,3.5028749,0.71677494,0.0037962454,0.4,0.0,0.28134564,0.011352547,0.21031922,0.0037778842,0.4,0.0,0.2257323,0.009591957
375316653866487564,4163220892187093760,0.43833363,2387.877654719322,2.1559476966595703,3.4269164E-5,18.542078,0.00932384,0.18852545,0.009160325,0.06384024,0.006117613,0.09902237,0.016249571,0.6804799,0.0072572744,0.064592615,0.014008929,0.22168936,0.033495158,null,null,null,null,"TWOGAUSSIANS",8,7.202677,0.6804799,0.0072572744,0.36171862,0.07471738,0.22157116,0.033744078,0.18852545,0.009160325,0.35750532,0.034258634,0.098904185,0.016106535
375316653866487564,4163223232954707840,0.46611828,2412.7822946837573,1.2751925349503501,1.7467966E-5,15.413276,8.802161E-4,null,null,null,null,null,null,null,null,null,null,null,null,0.022468798,0.0010868872,0.2768813,0.0052266703,"ELLIPSOIDAL",4,13.816545,null,null,null,null,null,null,null,null,null,null,null,null
375316653866487564,4163223366088352256,0.5232605,2385.5854459169504,2.887086121833066,8.749545E-6,18.545126,0.025584899,0.26332104,0.0020802876,0.0927411,0.008641284,0.33198673,0.021175845,0.76145464,0.004067065,0.09657755,0.009348408,0.31213427,0.024443058,null,null,null,null,"TWOGAUSSIANS",8,2.9950426,0.26332104,0.0020802876,0.4,0.0,0.31282923,0.015793169,0.76145464,0.004067065,0.4,0.0,0.29297614,0.016618628
375316653866487564,4163226394036389248,0.585708,2343.432772523529,3.0469940385341685,1.08822405E-5,18.195427,0.017011968,0.2694914,0.0029094229,0.09525908,0.0039045247,0.41198587,0.01832088,0.7699059,0.0101212645,0.091551356,0.012520872,0.39441925,0.015044478,null,null,null,null,"TWOGAUSSIANS",8,4.3766856,0.2694914,0.0029094229,0.4,0.0,0.38968125,0.008692972,0.7699059,0.0101212645,0.4,0.0,0.3721152,0.01412654
375316653866487564,4163227042576604032,0.5210608,2390.4885566408234,3.1708254320497535,2.5331974E-5,18.89572,0.016352253,0.26556242,0.0028446342,0.10224813,0.0076690633,0.24159588,0.015646843,0.774509,0.007744171,0.09612157,0.010681341,0.26879132,0.017104391,null,null,null,null,"TWOGAUSSIANS",8,2.0871427,0.774509,0.007744171,0.4,0.0,0.24988301,0.012208388,0.26556242,0.0028446342,0.4,0.0,0.22268501,0.0092015285
375316653866487564,4163227493562611968,0.6848564,2356.1244666105026,0.271703049912457,2.1186243E-6,16.649235,0.004756501,0.19471443,5.333113E-4,0.023256369,6.611507E-4,1.6418735,0.023735877,0.6849615,0.02467269,0.030444095,0.014165121,0.19344015,0.43469235,0.039149176,0.0072041973,0.19471443,5.333113E-4,"TWOGAUSSIANS_WITH_ELLIPSOIDAL_ON_ECLIPSE1",9,23.90792,0.19471443,5.333113E-4,0.13023567,0.0037024443,1.7201717,0.02239378,0.68524146,0.023640875,0.17048693,0.07932468,0.2714531,0.43692338
375316653866487564,4163227768425982976,0.49250484,2370.4739038687876,2.5769785550932607,1.6164291E-5,19.520536,0.077013515,0.21732594,0.0063316566,0.10387616,0.022854006,0.24774112,0.075481765,0.6972438,0.0053544496,0.097563304,0.023394011,0.2714225,0.076275416,null,null,null,null,"TWOGAUSSIANS",8,1.4273138,0.6972438,0.0053544496,0.4,0.0,0.25296485,0.035322838,0.21732594,0.0063235583,0.4,0.0,0.22927852,0.02602186
375316653866487564,4163228829283195904,0.50150007,2396.22087821188,3.2902470832725204,1.2750477E-5,18.683554,0.017226156,0.244818,0.0030386157,0.10585603,0.010772547,0.20500663,0.014641049,0.73776805,0.004756715,0.09807512,0.009992002,0.17607373,0.017796598,null,null,null,null,"TWOGAUSSIANS",8,1.8651627,0.244818,0.0030386157,0.4,0.0,0.18770017,0.007950368,0.73776805,0.004756715,0.4,0.0,0.15877256,0.0102712875
375316653866487564,4163229314628714880,0.6252454,2376.556628263894,0.4473177086858448,1.2329109E-4,15.880625,7.711506E-4,0.49887085,0.04983589,0.037273206,0.023590738,0.83499783,9.477638,null,null,null,null,null,null,null,null,null,null,"ONEGAUSSIAN",5,11.252541,0.49887085,0.04983589,0.20872995,0.13210812,0.83499783,0.0,null,null,null,null,null,null
375316653866487564,4163230895176967040,0.5633342,2339.4107134842707,2.4994381702355124,1.3340918E-5,17.510653,0.007205306,0.2910361,0.0032924046,0.0777277,0.0037568666,0.3016254,0.010145578,0.8106694,0.0037975241,0.08991206,0.006606155,0.14575636,0.0074787284,null,null,null,null,"TWOGAUSSIANS",8,4.2203083,0.2910361,0.0032924046,0.4,0.0,0.29832268,0.009449085,0.8106694,0.0037975241,0.4,0.0,0.14245355,0.006641165
375316653866487564,4163231887300048256,0.65340656,2333.87550483892,2.3423362879414666,3.1783563E-6,15.898037,0.006572176,0.2375079,0.0014512584,0.04453619,0.0039492976,0.24463336,0.01400374,0.7407475,0.0013144311,0.04966605,0.0026583232,0.23408967,0.013778487,0.11881942,0.007688627,0.2375079,0.0014512584,"TWOGAUSSIANS_WITH_ELLIPSOIDAL_ON_ECLIPSE1",9,15.200732,0.2375079,0.0014512584,0.24940266,0.022116067,0.48227164,0.009982255,0.7407475,0.0013144311,0.27812988,0.01488661,0.4716295,0.00848898
375316653866487564,4163237041261191040,0.49661633,2344.564722304418,2.4515074863863084,2.9075623E-5,17.888433,0.015917925,0.27731413,0.00588688,0.089798674,0.010677663,0.28204808,0.024354167,0.78486264,0.0032357955,0.08566247,0.0074180225,0.23571356,0.017505543,null,null,null,null,"TWOGAUSSIANS",8,14.059039,0.27731413,0.00588688,0.4,0.0,0.27417597,0.025551297,0.78486264,0.0032357955,0.4,0.0,0.22784156,0.014524088
375316653866487564,4163240614674253440,0.45230466,2377.4452693861153,2.5014888586499398,7.269212E-5,18.935759,0.009172794,0.32921568,0.008833017,0.046615213,0.018587936,0.17433564,0.08169315,0.8123966,0.016714768,0.0807868,0.024639577,0.06416058,0.014116697,null,null,null,null,"TWOGAUSSIANS",8,2.7652447,0.32921568,0.008833017,0.2610452,0.10409244,0.17428884,0.08173946,0.8123966,0.016714768,0.4,0.032446768,0.064113766,0.0140565885
375316653866487564,4163240928206025728,0.5256718,2359.6083827989955,3.118171185029973,7.031486E-6,19.243185,0.015808756,0.28049725,0.0028730049,0.09480019,0.005437412,0.4026727,0.017739069,0.78513646,0.0033399428,0.100581504,0.006843354,0.35448086,0.016704423,null,null,null,null,"TWOGAUSSIANS",8,1.8082922,0.28049725,0.0028730049,0.4,0.0,0.37586194,0.0152380485,0.78513646,0.0033399428,0.4,0.0,0.3276677,0.014690975
