Gaia/vari_eclipsing_binary/VariEclipsingBinary_345272-345589.csv
# %ECSV 1.0
# ---
# delimiter: ','
# meta: !!omap
# - RELEASE: Gaia DR3
# - TABLE: vari_eclipsing_binary
# - DESCRIPTION: >
#     This table describes the properties of the eclipsing binaries resulting from the variability analysis. 
# - CITATION: >
#     How to cite and acknowledge Gaia: 
#     https://gea.esac.esa.int/archive/documentation/credits.html 
# - KNOWN_ISSUES: >
#     Known issues: 
#     https://www.cosmos.esa.int/web/gaia-users/known-issues 
# - DOCUMENTATION: >
#     Tutorials and documentation: 
#     https://www.cosmos.esa.int/web/gaia-users/archive 
# datatype:
# - 
#   name: solution_id
#   datatype: int64
#   description: Solution Identifier
#   meta:
#     ucd: meta.version
# - 
#   name: source_id
#   datatype: int64
#   description: Unique source identifier
#   meta:
#     ucd: meta.id;meta.main
# - 
#   name: global_ranking
#   datatype: float32
#   description: Number between 0 (worst) and 1 (best)
#   meta:
#     ucd: stat.param
# - 
#   name: reference_time
#   datatype: float64
#   unit: d
#   description: Reference time used for the geometric model fit
#   meta:
#     ucd: time.epoch
# - 
#   name: frequency
#   datatype: float64
#   unit: d**-1
#   description: Frequency of geometric model of the eclipsing binary light curve
#   meta:
#     ucd: src.orbital
# - 
#   name: frequency_error
#   datatype: float32
#   unit: d**-1
#   description: "Uncertainty of \\texttt{frequency}"
#   meta:
#     ucd: stat.error
# - 
#   name: geom_model_reference_level
#   datatype: float32
#   unit: mag
#   description: Magnitude reference level of geometric model
#   meta:
#     ucd: phot.mag;em.opt
# - 
#   name: geom_model_reference_level_error
#   datatype: float32
#   unit: mag
#   description: "Uncertainty of \\texttt{geomModelReferenceLevel}"
#   meta:
#     ucd: stat.error;phot.mag;em.opt
# - 
#   name: geom_model_gaussian1_phase
#   datatype: float32
#   description: Phase of the Gaussian 1 component
#   meta:
#     ucd: time.phase
# - 
#   name: geom_model_gaussian1_phase_error
#   datatype: float32
#   description: "Uncertainty of \\texttt{geomModelGaussian1Phase}"
#   meta:
#     ucd: stat.error;time.phase
# - 
#   name: geom_model_gaussian1_sigma
#   datatype: float32
#   description: "Standard deviation [phase] of Gaussian 1 component"
#   meta:
#     ucd: stat.stdev
# - 
#   name: geom_model_gaussian1_sigma_error
#   datatype: float32
#   description: "Uncertainty of \\texttt{geomModelGaussian1Sigma}"
#   meta:
#     ucd: stat.error
# - 
#   name: geom_model_gaussian1_depth
#   datatype: float32
#   unit: mag
#   description: Magnitude depth of Gaussian 1 component
#   meta:
#     ucd: src.var.amplitude
# - 
#   name: geom_model_gaussian1_depth_error
#   datatype: float32
#   unit: mag
#   description: "Uncertainty of \\texttt{geomModelGaussian1Depth}"
#   meta:
#     ucd: stat.error;src.var.amplitude
# - 
#   name: geom_model_gaussian2_phase
#   datatype: float32
#   description: Phase of Gaussian 2 component
#   meta:
#     ucd: time.phase
# - 
#   name: geom_model_gaussian2_phase_error
#   datatype: float32
#   description: "Uncertainty of \\texttt{geomModelGaussian2Phase}"
#   meta:
#     ucd: stat.error;time.phase
# - 
#   name: geom_model_gaussian2_sigma
#   datatype: float32
[...]
#   datatype: float32
#   description: "Secondary eclipse: uncertainty of \\texttt{derivedSecondaryEclDuration}"
#   meta:
#     ucd: stat.error;time.duration
# - 
#   name: derived_secondary_ecl_depth
#   datatype: float32
#   unit: mag
#   description: "Secondary eclipse: depth"
#   meta:
#     ucd: src.var.amplitude
# - 
#   name: derived_secondary_ecl_depth_error
#   datatype: float32
#   unit: mag
#   description: "Secondary eclipse: uncertainty of \\texttt{derivedSecondaryEclDepth}"
#   meta:
#     ucd: stat.error;src.var.amplitude
solution_id,source_id,global_ranking,reference_time,frequency,frequency_error,geom_model_reference_level,geom_model_reference_level_error,geom_model_gaussian1_phase,geom_model_gaussian1_phase_error,geom_model_gaussian1_sigma,geom_model_gaussian1_sigma_error,geom_model_gaussian1_depth,geom_model_gaussian1_depth_error,geom_model_gaussian2_phase,geom_model_gaussian2_phase_error,geom_model_gaussian2_sigma,geom_model_gaussian2_sigma_error,geom_model_gaussian2_depth,geom_model_gaussian2_depth_error,geom_model_cosine_half_period_amplitude,geom_model_cosine_half_period_amplitude_error,geom_model_cosine_half_period_phase,geom_model_cosine_half_period_phase_error,model_type,num_model_parameters,reduced_chi2,derived_primary_ecl_phase,derived_primary_ecl_phase_error,derived_primary_ecl_duration,derived_primary_ecl_duration_error,derived_primary_ecl_depth,derived_primary_ecl_depth_error,derived_secondary_ecl_phase,derived_secondary_ecl_phase_error,derived_secondary_ecl_duration,derived_secondary_ecl_duration_error,derived_secondary_ecl_depth,derived_secondary_ecl_depth_error
[from data line 539]
375316653866487564,3038983691738314880,0.46161586,2123.336560667814,3.159920687630207,1.4298885E-5,16.837341,0.108936846,0.23772387,0.004413064,0.095267594,0.023510221,0.25647092,0.10552457,0.7404252,0.012140204,0.10719638,0.050169405,0.18478996,0.1058887,null,null,null,null,"TWOGAUSSIANS",8,76.14873,0.23772387,0.0044245273,0.4,0.0,0.236835,0.023327997,0.7404252,0.012140204,0.4,0.0,0.16514757,0.020810004
375316653866487564,3038985955182622720,0.51500326,2134.4784109892926,1.417724047530714,8.356661E-6,18.288338,0.0071688974,0.25588608,0.015876004,0.024847237,0.009440443,0.38971025,0.09397582,0.7515179,0.001517289,0.03104756,0.0020592178,0.29615206,0.011373672,null,null,null,null,"TWOGAUSSIANS",8,8.712775,0.25588608,0.015876004,0.13914452,0.052866478,0.38971025,0.09397582,0.7515179,0.001517289,0.17386633,0.01153162,0.29615206,0.011373672
375316653866487564,3038987054694348928,0.53603274,2102.4191262494132,4.330401229584914,1.1621989E-5,18.693712,0.0145048285,0.24714428,0.0028949818,0.085633926,0.010157636,0.283869,0.020073717,0.7608306,0.004167425,0.08053774,0.00656942,0.35460308,0.019731164,null,null,null,null,"TWOGAUSSIANS",8,4.720653,0.7608306,0.004167425,0.4,0.0,0.34929207,0.018912528,0.24714428,0.0028949818,0.4,0.0,0.27855796,0.022160253
375316653866487564,3038987230791367680,0.6072035,2120.7056821340857,2.5709790315016505,5.4337243E-6,15.066173,0.008184421,0.24657285,0.002233059,0.050920013,0.00437034,0.25535485,0.030051183,0.7500176,0.0016945642,0.048371006,0.004709752,0.23668514,0.01985014,0.10277691,0.010579297,0.7500176,0.0016945642,"TWOGAUSSIANS_WITH_ELLIPSOIDAL_ON_ECLIPSE2",9,71.13546,0.24706285,0.0018091247,0.28515208,0.024473904,0.46082357,0.029355982,0.7500176,0.0016945642,0.27087763,0.02637461,0.4422365,0.017153744
375316653866487564,3038989425518201344,0.44146684,2102.8483545488743,2.726728185618983,2.2543609E-5,18.665455,0.0056606443,0.20872366,0.009185391,0.019053897,0.01380505,0.6161584,0.7584415,0.7231414,0.0358677,0.039429076,0.028233016,0.1489529,0.024093717,null,null,null,null,"TWOGAUSSIANS",8,4.720223,0.20872366,0.009185391,0.10670183,0.07730828,0.6161584,0.7584415,0.7231414,0.0358677,0.22080283,0.15810488,0.1489529,0.024093715
375316653866487564,3038994240177423232,0.6070244,2106.788081458632,2.9704714128220626,6.6312887E-6,17.249146,0.011402096,0.18540128,0.0015742691,0.048627965,0.0037430993,0.293601,0.026287613,0.69078475,0.0021656419,0.047830444,0.0053903777,0.20068347,0.02529858,0.10831157,0.015462131,0.18540128,0.0015742691,"TWOGAUSSIANS_WITH_ELLIPSOIDAL_ON_ECLIPSE1",9,10.765425,0.18540128,0.0015742691,0.2723166,0.020961355,0.51022345,0.01188612,0.69078475,0.0021656419,0.2678505,0.030186115,0.41705817,0.014976089
375316653866487564,3038994854355328000,0.50652915,2154.799182853465,4.220138041640618,1.5448215E-5,19.497547,0.016168423,0.25335118,0.0060009663,0.07030529,0.0061836154,0.4553699,0.028830597,0.77110225,0.008190137,0.064938955,0.0076617682,0.5966149,0.11988387,null,null,null,null,"TWOGAUSSIANS",8,5.2119107,0.77110225,0.008190137,0.36365813,0.042905904,0.59593487,0.12019649,0.25335118,0.0060009663,0.3937096,0.025471956,0.45468986,0.028589316
375316653866487564,3039007468676725120,0.5370214,2115.1932216432265,3.4154061042889605,2.1208076E-5,17.125805,0.061371278,0.18641293,0.0045049805,0.10748765,0.019049631,0.2941875,0.05465673,0.68944925,0.008007803,0.12341879,0.024525495,0.30066198,0.054720536,null,null,null,null,"TWOGAUSSIANS",8,16.960152,0.68944925,0.008006442,0.4,0.0,0.24535158,0.012272659,0.18639293,0.0045385486,0.4,0.0,0.23903011,0.015884876
375316653866487564,3039009594683349504,0.498983,2126.5602594476227,1.8619351874088872,1.1459198E-6,19.365458,0.0066595967,0.3464811,9.73469E-6,0.014248577,1.9046108E-4,5.4137893,0.29066437,0.67908686,0.015271917,0.047111914,0.01785764,0.05997951,0.016052673,null,null,null,null,"TWOGAUSSIANS",8,3.8217764,0.3464811,9.73469E-6,0.07979203,0.001066582,5.4137893,0.29066437,0.67908686,0.015271917,0.2638267,0.10000277,0.05997951,0.016052673
375316653866487564,3039010561053200384,0.5022797,2131.939751323008,0.21311608614978667,3.5932004E-5,16.86108,0.0050162342,0.19589391,3.1367676E-5,0.009554168,1.8357136E-4,0.23017392,0.0033914796,0.7132371,0.017497635,0.13625893,0.046332177,0.029923033,0.004298565,null,null,null,null,"TWOGAUSSIANS",8,4.5290403,0.19589391,3.1367676E-5,0.053503342,0.0010279997,0.23015891,0.00341261,0.7132371,0.017497635,0.4,0.0,0.029829452,0.003907816
375316653866487564,3039011798003769856,0.66337717,2141.2184556121156,0.5179681207445571,2.362799E-6,15.0960245,0.0013198366,0.15739323,0.009934784,0.023288008,0.011671473,0.24231948,1.9620639,0.65739125,0.003326502,0.025109475,0.0020041368,0.21983373,0.01047674,0.013298418,0.0022432539,0.15739323,0.009934784,"TWOGAUSSIANS_WITH_ELLIPSOIDAL_ON_ECLIPSE1",9,7.5263863,0.15739323,0.009934784,0.13041285,0.06536025,0.2689163,1.964663,0.65739125,0.003326442,0.14061306,0.011223165,0.24643056,0.009112122
375316653866487564,3039016024251982080,0.6833702,2129.7824403628706,0.6624511554483071,1.0796666E-6,15.675597,0.0010255075,0.1514258,1.471631E-4,0.010647505,0.0026486553,0.90811795,0.27962887,0.38615257,0.024219962,0.022029411,0.02761738,0.0061657014,0.07735535,9.3988155E-4,0.0016525355,0.1514258,1.471631E-4,"TWOGAUSSIANS_WITH_ELLIPSOIDAL_ON_ECLIPSE1",9,7.143004,0.1514258,1.471631E-4,0.059626028,0.01483247,0.9099977,0.28045693,0.38615257,0.024219962,0.1233647,0.15465733,0.0061829425,0.07736734
375316653866487564,3039019597664814848,0.5497513,2152.1070422976672,2.322584935638483,1.2590035E-5,14.134161,0.11252978,0.21751383,0.005373513,0.14674082,0.08254947,0.13202193,0.10595964,0.7015026,0.006489548,0.10188459,0.021905746,0.2676613,0.084739685,null,null,null,null,"TWOGAUSSIANS",8,77.58614,0.7015026,0.006489548,0.4,0.0,0.22978942,0.010528101,0.21753383,0.0052616294,0.4,0.0,0.09330824,0.009200667
375316653866487564,3039022861839918336,0.4342524,2163.0926676371755,0.6691044713860619,9.7891614E-5,16.558418,0.004230411,0.28497627,0.015569186,0.0760389,0.017810032,0.050758675,0.02151853,0.79353756,0.019957408,0.06060855,0.01168638,0.104246244,0.06971205,null,null,null,null,"TWOGAUSSIANS",8,4.7821026,0.79353756,0.019957408,0.3394079,0.065443724,0.104111046,0.06978623,0.28497627,0.015569186,0.4,0.04191685,0.05062347,0.021625021
375316653866487564,3039028526898694272,0.5381898,2150.798429232428,3.51604248339573,1.5498146E-5,18.772478,0.0062375013,0.2856618,0.006650377,0.07693875,0.0058051175,0.2432135,0.018675186,0.7746446,0.007686652,0.074351385,0.0075217863,0.2803481,0.016928345,null,null,null,null,"TWOGAUSSIANS",8,2.795166,0.7746446,0.007686652,0.4,0.006114684,0.27861157,0.016686678,0.2856618,0.006650377,0.4,0.0,0.241477,0.018573055
375316653866487564,3039028599916144384,0.6105241,2154.9329575084794,3.6038906683059344,7.18982E-6,17.424704,0.0043482953,0.2665983,0.001853833,0.07777982,0.00281556,0.28110012,0.005199704,0.7653927,0.002681552,0.07498551,0.002562955,0.22866455,0.0051368186,null,null,null,null,"TWOGAUSSIANS",8,3.2397156,0.2665983,0.001853833,0.4,0.0,0.27876535,0.0049966048,0.7653927,0.002681552,0.4,0.0,0.22632977,0.0047725043
375316653866487564,3039037361649581568,0.56504226,2115.9059332743127,2.0835085355713687,6.1531605E-6,16.701626,0.0037344473,0.20993502,0.0022947597,0.041778848,0.0054595848,0.06360314,0.00704685,0.7015892,0.0041673984,0.053715076,0.0036151235,0.19579096,0.02147883,0.029308386,0.004572924,0.20993502,0.0022947597,"TWOGAUSSIANS_WITH_ELLIPSOIDAL_ON_ECLIPSE1",9,7.150426,0.70211923,0.003745867,0.3008044,0.020244692,0.25425512,0.020544842,0.20993502,0.0022947597,0.23396154,0.030573674,0.12221806,0.002998574
375316653866487564,3039040625824162944,0.59015894,2144.6517097440055,2.7831833702730364,6.936656E-6,16.579351,0.051414583,0.26204595,0.0018786243,0.060243163,0.010337379,0.34932715,0.11017543,0.7582969,0.0038930604,0.06549555,0.008760732,0.40280062,0.11416125,0.083865926,0.06496305,0.26204595,0.0018786243,"TWOGAUSSIANS_WITH_ELLIPSOIDAL_ON_ECLIPSE1",9,58.82191,0.7587569,0.0033699714,0.3667751,0.049060095,0.5701674,0.021736411,0.26204595,0.0018786243,0.3373617,0.057889324,0.5167755,0.029755754
375316653866487564,3039045019573651200,0.5126844,2118.7861614267294,1.088435170042609,3.988965E-5,17.276396,0.0018615198,0.16836868,0.01981158,0.038104594,0.026437758,0.019551527,0.014175372,0.52731335,0.025448967,0.030381892,0.011883404,0.1665241,0.020112686,null,null,null,null,"TWOGAUSSIANS",8,3.1329634,0.52731335,0.025448967,0.1701386,0.066547066,0.1665241,0.020112686,0.16836868,0.01981158,0.21338573,0.14805144,0.019551527,0.014175372
375316653866487564,3039051242983583104,0.4596397,2117.4286448907314,1.1459413578554982,3.5462464E-5,13.985811,0.021972924,0.23824866,0.015473603,0.1098615,0.05277184,0.03266087,0.021411125,0.7396684,0.0065462417,0.09124647,0.030539483,0.07659516,0.0109696705,null,null,null,null,"TWOGAUSSIANS",8,45.018097,0.7396684,0.0065436214,0.4,0.0,0.07242499,0.010813065,0.23824866,0.015473603,0.4,0.0,0.028488673,0.0053033545
375316653866487564,3039056839323700608,0.5722376,2112.157455511805,3.549037192263448,9.674988E-6,18.104479,0.005181395,0.28884763,0.0030269485,0.07926045,0.003375691,0.32269502,0.007980417,0.7855402,0.0029878751,0.08090951,0.0032245773,0.2751871,0.008412503,null,null,null,null,"TWOGAUSSIANS",8,3.953088,0.28884763,0.0030269485,0.4,0.0,0.31842422,0.0077425563,0.7855402,0.0029878751,0.4,0.0,0.27091634,0.008254335
375316653866487564,3039060515815872384,0.4928315,2124.8554530827705,4.166692673701057,9.652775E-6,19.651918,0.010759344,0.17015332,0.007959034,0.07694245,0.007071057,0.38529572,0.02069529,0.67882735,0.0069596125,0.077940896,0.006875533,0.33206612,0.019529067,null,null,null,null,"TWOGAUSSIANS",8,2.3384647,0.17015332,0.007959034,0.4,0.0,0.3820444,0.019413859,0.67882735,0.0069596125,0.4,0.0,0.32881483,0.01871425
375316653866487564,3039061207307506432,0.65001,2116.8424327905527,3.0229714731603945,5.6630024E-6,16.18934,0.010333585,0.2463664,0.0011672041,0.048247132,0.0030573595,0.3695709,0.019742694,0.7422632,0.009496688,0.05611328,0.0068043037,0.47832873,0.038515363,0.08495359,0.010444876,0.2463664,0.0011672041,"TWOGAUSSIANS_WITH_ELLIPSOIDAL_ON_ECLIPSE1",9,18.92946,0.7425932,0.008644665,0.31423438,0.038104102,0.6481133,0.028887164,0.2463664,0.0011672041,0.27018395,0.017121213,0.5394593,0.010604696
375316653866487564,3039064746360655488,0.54099905,2101.731473323161,2.653139964531771,1.0354707E-5,16.381922,0.012284319,0.1411311,0.002302096,0.07765766,0.0032527805,0.4582442,0.014878958,0.63200784,0.004882807,0.0847291,0.009323289,0.39416876,0.056818757,null,null,null,null,"TWOGAUSSIANS",8,45.783436,0.1411311,0.002302096,0.4,0.0,0.452039,0.01322155,0.63200784,0.004882807,0.4,0.0,0.38796356,0.05912489
375316653866487564,3039064952519069696,0.63629067,2082.685660540533,2.521722344190538,7.3961005E-6,15.768732,0.031918276,0.11676259,0.003556866,0.049046975,0.054021336,0.081416905,0.0956987,0.6113749,0.008462975,0.052799735,0.022649413,0.09914587,0.05889058,0.103732064,0.03507751,0.11676259,0.003556866,"TWOGAUSSIANS_WITH_ELLIPSOIDAL_ON_ECLIPSE1",9,14.356371,0.6130749,0.0057366965,0.29567853,0.1268367,0.30644616,0.013995576,0.11676259,0.003556866,0.27466306,0.23054132,0.28887993,0.10191422
375316653866487564,3039071652668115200,0.61883444,2068.3352736143693,3.1982552043168235,5.1610145E-6,16.279385,0.042806342,0.12653232,0.00151415,0.060071457,0.009141735,0.32755235,0.09156414,0.62228465,0.0058736796,0.06822157,0.010146371,0.3513309,0.08852785,0.08654058,0.05044476,0.12653232,0.00151415,"TWOGAUSSIANS_WITH_ELLIPSOIDAL_ON_ECLIPSE1",9,33.547024,0.62293464,0.0048030536,0.38204077,0.044529926,0.5239184,0.018041678,0.12653232,0.00151415,0.33640015,0.051193714,0.5002442,0.015502853
375316653866487564,3039073233215860864,0.4568799,2141.7467662275753,0.31219961711505134,2.7956496E-5,17.29146,0.005748619,0.5466051,0.00215714,0.009001451,0.001292183,0.34160635,0.06649394,0.7790987,0.01318317,0.020427769,0.010448359,0.2941956,0.41901556,null,null,null,null,"TWOGAUSSIANS",8,38.520798,0.5466051,0.00215714,0.05040812,0.0072362246,0.34160635,0.06649394,0.7790987,0.01318317,0.11439551,0.05851081,0.2941956,0.41901556
375316653866487564,3039073331998376064,0.6477638,2106.0830947503487,3.328124014727948,4.5798665E-6,17.366898,0.00910734,0.24696516,0.0016036734,0.048274614,0.0033898887,0.37913907,0.021513782,0.7450706,0.0018495473,0.046813965,0.0030804612,0.33359164,0.019150658,0.1268277,0.010924884,0.24696516,0.0016036734,"TWOGAUSSIANS_WITH_ELLIPSOIDAL_ON_ECLIPSE1",9,7.600603,0.24696516,0.0016036734,0.27033785,0.018983377,0.6327937,0.0131774,0.7452906,0.0015837601,0.26215822,0.017250583,0.5872145,0.01071849
375316653866487564,3039082441621979520,0.43263584,2146.276718760051,0.03288531858141734,9.2966686E-5,16.831753,0.00239333,0.39598557,0.006792241,0.036449015,0.0042642835,0.141383,0.031827852,0.6889467,0.013692927,0.011252248,0.008285769,0.056537993,0.013571757,null,null,null,null,"TWOGAUSSIANS",8,6.7441387,0.39598557,0.006792241,0.20411448,0.023879988,0.141383,0.031827852,0.6889467,0.013692927,0.063012585,0.046400305,0.056537993,0.013571757
375316653866487564,3039086560495854464,0.5110042,2152.963641113561,3.984878431019095,1.6513308E-5,19.709063,0.025020432,0.2608383,0.0035630914,0.081464596,0.01111566,0.42755142,0.036214933,0.7652047,0.0129663,0.08662897,0.011329217,0.40318686,0.046729513,null,null,null,null,"TWOGAUSSIANS",8,2.4783442,0.2608383,0.0035630914,0.4,0.0,0.41835496,0.039714154,0.7652047,0.0129663,0.4,0.0,0.39399034,0.04361401
375316653866487564,3039086977112573952,0.6163418,2165.373729382036,0.6541123856894966,1.8800976E-5,15.493802,0.0064524557,0.6704919,0.17290327,0.08488157,0.24994026,0.0072183018,0.024391051,0.9182007,0.0033143945,0.029245052,0.0019901344,0.39033726,0.026206462,null,null,null,null,"TWOGAUSSIANS",8,14.894217,0.9182007,0.0033143945,0.1637723,0.011144753,0.39043936,0.025501098,0.6704919,0.17290327,0.4,0.8259186,0.0072183013,0.024420336
375316653866487564,3039087007173534848,0.5910985,2163.036617742293,3.422612940839176,2.870186E-6,17.429184,0.0037063675,0.05210098,9.9637E-5,0.0042224107,1.0834278E-4,0.45898753,0.0022047146,0.5519055,1.4430004E-4,0.006878042,2.0493813E-4,0.3541929,0.00515598,null,null,null,null,"TWOGAUSSIANS",8,6.383526,0.05210098,9.9637E-5,0.0236455,6.067196E-4,0.45898753,0.0022047146,0.5519055,1.4430004E-4,0.038517036,0.0011476536,0.3541929,0.00515598
375316653866487564,3039091237720012032,0.5385775,2174.0607579798393,1.5047262285805376,1.9262969E-5,15.316883,0.0014349645,0.2964141,0.019115122,0.016446164,0.05268938,0.0047390703,9342813.0,0.79421765,0.0055389367,0.04226373,0.00648092,0.05877941,0.0059608687,0.011202964,0.002059097,0.2964141,0.019115122,"TWOGAUSSIANS_WITH_ELLIPSOIDAL_ON_ECLIPSE1",9,5.192482,0.7943276,0.0051352074,0.2366769,0.036293153,0.08118127,0.0076401276,0.2964141,0.019115122,0.09209851,0.29506055,0.027144982,9342813.0
375316653866487564,3039098418905069312,0.55064595,2127.9385893068925,2.4817352633817444,8.779369E-6,15.559965,0.4874595,0.25126693,0.0032356055,0.1558416,0.060655184,0.29606566,0.4118877,0.7504106,0.002734931,0.17693949,0.09635933,0.30018178,0.46703786,null,null,null,null,"TWOGAUSSIANS",8,11.957861,0.25148693,0.003299252,0.4,0.0,0.11553771,0.005464782,0.7504106,0.002734931,0.4,0.0,0.11202077,0.0032035725
