Gaia/vari_eclipsing_binary/VariEclipsingBinary_488400-488425.csv
# %ECSV 1.0
# ---
# delimiter: ','
# meta: !!omap
# - RELEASE: Gaia DR3
# - TABLE: vari_eclipsing_binary
# - DESCRIPTION: >
#     This table describes the properties of the eclipsing binaries resulting from the variability analysis. 
# - CITATION: >
#     How to cite and acknowledge Gaia: 
#     https://gea.esac.esa.int/archive/documentation/credits.html 
# - KNOWN_ISSUES: >
#     Known issues: 
#     https://www.cosmos.esa.int/web/gaia-users/known-issues 
# - DOCUMENTATION: >
#     Tutorials and documentation: 
#     https://www.cosmos.esa.int/web/gaia-users/archive 
# datatype:
# - 
#   name: solution_id
#   datatype: int64
#   description: Solution Identifier
#   meta:
#     ucd: meta.version
# - 
#   name: source_id
#   datatype: int64
#   description: Unique source identifier
#   meta:
#     ucd: meta.id;meta.main
# - 
#   name: global_ranking
#   datatype: float32
#   description: Number between 0 (worst) and 1 (best)
#   meta:
#     ucd: stat.param
# - 
#   name: reference_time
#   datatype: float64
#   unit: d
#   description: Reference time used for the geometric model fit
#   meta:
#     ucd: time.epoch
# - 
#   name: frequency
#   datatype: float64
#   unit: d**-1
#   description: Frequency of geometric model of the eclipsing binary light curve
#   meta:
#     ucd: src.orbital
# - 
#   name: frequency_error
#   datatype: float32
#   unit: d**-1
#   description: "Uncertainty of \\texttt{frequency}"
#   meta:
#     ucd: stat.error
# - 
#   name: geom_model_reference_level
#   datatype: float32
#   unit: mag
#   description: Magnitude reference level of geometric model
#   meta:
#     ucd: phot.mag;em.opt
# - 
#   name: geom_model_reference_level_error
#   datatype: float32
#   unit: mag
#   description: "Uncertainty of \\texttt{geomModelReferenceLevel}"
#   meta:
#     ucd: stat.error;phot.mag;em.opt
# - 
#   name: geom_model_gaussian1_phase
#   datatype: float32
#   description: Phase of the Gaussian 1 component
#   meta:
#     ucd: time.phase
# - 
#   name: geom_model_gaussian1_phase_error
#   datatype: float32
#   description: "Uncertainty of \\texttt{geomModelGaussian1Phase}"
#   meta:
#     ucd: stat.error;time.phase
# - 
#   name: geom_model_gaussian1_sigma
#   datatype: float32
#   description: "Standard deviation [phase] of Gaussian 1 component"
#   meta:
#     ucd: stat.stdev
# - 
#   name: geom_model_gaussian1_sigma_error
#   datatype: float32
#   description: "Uncertainty of \\texttt{geomModelGaussian1Sigma}"
#   meta:
#     ucd: stat.error
# - 
#   name: geom_model_gaussian1_depth
#   datatype: float32
#   unit: mag
#   description: Magnitude depth of Gaussian 1 component
#   meta:
#     ucd: src.var.amplitude
# - 
#   name: geom_model_gaussian1_depth_error
#   datatype: float32
#   unit: mag
#   description: "Uncertainty of \\texttt{geomModelGaussian1Depth}"
#   meta:
#     ucd: stat.error;src.var.amplitude
# - 
#   name: geom_model_gaussian2_phase
#   datatype: float32
#   description: Phase of Gaussian 2 component
#   meta:
#     ucd: time.phase
# - 
#   name: geom_model_gaussian2_phase_error
#   datatype: float32
#   description: "Uncertainty of \\texttt{geomModelGaussian2Phase}"
#   meta:
#     ucd: stat.error;time.phase
# - 
#   name: geom_model_gaussian2_sigma
#   datatype: float32
[...]
#   datatype: float32
#   description: "Secondary eclipse: uncertainty of \\texttt{derivedSecondaryEclDuration}"
#   meta:
#     ucd: stat.error;time.duration
# - 
#   name: derived_secondary_ecl_depth
#   datatype: float32
#   unit: mag
#   description: "Secondary eclipse: depth"
#   meta:
#     ucd: src.var.amplitude
# - 
#   name: derived_secondary_ecl_depth_error
#   datatype: float32
#   unit: mag
#   description: "Secondary eclipse: uncertainty of \\texttt{derivedSecondaryEclDepth}"
#   meta:
#     ucd: stat.error;src.var.amplitude
solution_id,source_id,global_ranking,reference_time,frequency,frequency_error,geom_model_reference_level,geom_model_reference_level_error,geom_model_gaussian1_phase,geom_model_gaussian1_phase_error,geom_model_gaussian1_sigma,geom_model_gaussian1_sigma_error,geom_model_gaussian1_depth,geom_model_gaussian1_depth_error,geom_model_gaussian2_phase,geom_model_gaussian2_phase_error,geom_model_gaussian2_sigma,geom_model_gaussian2_sigma_error,geom_model_gaussian2_depth,geom_model_gaussian2_depth_error,geom_model_cosine_half_period_amplitude,geom_model_cosine_half_period_amplitude_error,geom_model_cosine_half_period_phase,geom_model_cosine_half_period_phase_error,model_type,num_model_parameters,reduced_chi2,derived_primary_ecl_phase,derived_primary_ecl_phase_error,derived_primary_ecl_duration,derived_primary_ecl_duration_error,derived_primary_ecl_depth,derived_primary_ecl_depth_error,derived_secondary_ecl_phase,derived_secondary_ecl_phase_error,derived_secondary_ecl_duration,derived_secondary_ecl_duration_error,derived_secondary_ecl_depth,derived_secondary_ecl_depth_error
[from data line 75]
375316653866487564,4296039800894023296,0.44289657,2078.595246891171,2.780701931116568,3.3657623E-5,18.93067,0.008294585,0.19314402,0.0037359279,0.036498066,0.02391514,0.084119044,0.040929034,0.6921368,0.008047356,0.057706647,0.010268859,0.15365227,0.026897535,null,null,null,null,"TWOGAUSSIANS",8,3.6783805,0.6921368,0.008047356,0.32315722,0.057505608,0.1536521,0.026897948,0.19314402,0.0037359279,0.20438917,0.13392478,0.08411887,0.040943287
375316653866487564,4296041007766874240,0.4941373,2047.0084580631517,3.582399127163723,1.8284996E-5,19.461695,0.01232655,0.30752644,0.0037706224,0.078067005,0.0040928037,0.34456518,0.014497223,0.80571526,0.004195404,0.06819104,0.009282333,0.441821,0.061044306,null,null,null,null,"TWOGAUSSIANS",8,2.7604952,0.80571526,0.004195404,0.3818698,0.034661707,0.43967953,0.062961295,0.30752644,0.0037706224,0.4,0.0,0.3424237,0.013533302
375316653866487564,4296041179599176576,0.5890841,2059.5886495326818,1.7976207676042304,5.5167675E-6,15.724803,0.010818126,0.227676,0.0014569144,0.10209288,0.005383289,0.25520438,0.008712446,0.7243175,0.002388744,0.09849084,0.004620622,0.27763242,0.010999749,null,null,null,null,"TWOGAUSSIANS",8,16.843897,0.7243175,0.002388744,0.4,0.0,0.2548213,0.006158775,0.227676,0.0014569144,0.4,0.0,0.23239149,0.0051662633
375316653866487564,4296041312707260800,0.48255482,2048.404220331079,0.06826070816378312,4.703542E-5,18.511068,0.0043537277,0.43121856,0.017976979,0.043599695,0.007970807,2.5313463,3.373848,0.6203792,0.005855159,0.019428995,0.004983037,0.20505567,0.047071602,null,null,null,null,"TWOGAUSSIANS",8,7.281155,0.43121856,0.017976979,0.2441583,0.044636518,2.5313463,3.373848,0.6203792,0.005855159,0.10880236,0.027905006,0.20526265,0.04712418
375316653866487564,4296041935513559296,0.6120793,2068.2283246476763,1.0951047143173394,4.140633E-6,17.031242,0.0022792579,0.24419412,0.0018502615,0.064953804,0.007054832,0.058219425,0.010688186,0.8160131,0.0036816143,0.02284958,0.010225013,0.03836371,0.0049512605,0.1066802,0.0031262378,0.24419412,0.0018502615,"TWOGAUSSIANS_WITH_ELLIPSOIDAL_ON_ECLIPSE1",9,3.3940368,0.24419412,0.0018502615,0.3637413,0.039507058,0.27154458,0.008874409,0.8160131,0.0036816143,0.12795764,0.057260074,0.21111268,0.00592482
375316653866487564,4296042072952482432,0.60205925,2064.822869461833,0.3418924334590002,2.1253656E-5,15.379227,0.0017958882,0.22133684,7.9027476E-4,0.02305985,0.0022672317,0.75171924,0.4890985,0.7215735,0.0022863708,0.030642658,0.0024563046,0.15638497,0.006221112,0.01730508,0.0027047605,0.22133684,7.9027476E-4,"TWOGAUSSIANS_WITH_ELLIPSOIDAL_ON_ECLIPSE1",9,15.569501,0.22133684,7.9027476E-4,0.12913516,0.012696497,0.7863293,0.49087778,0.7215735,0.0022743663,0.1715989,0.013755306,0.19099504,0.0054043992
375316653866487564,4296042171696458752,0.43680787,2030.3548703665176,0.8866650146601451,4.5827906E-5,18.25999,0.0046647484,0.24750973,0.007781341,0.06465352,0.012559444,0.09909538,0.015571696,0.7588677,0.020943286,0.071834974,0.017862173,0.08637711,0.017786866,null,null,null,null,"TWOGAUSSIANS",8,3.6145914,0.24750973,0.007781341,0.3620597,0.06620632,0.09893059,0.015736047,0.7588677,0.020943286,0.4,0.06907588,0.086212315,0.017907292
375316653866487564,4296042313470674048,0.49047878,2083.3322281504993,1.050040816499777,5.7267658E-5,16.874022,0.007565375,0.17957179,0.011285346,0.05238568,0.009447954,0.19724025,0.013148137,0.67844945,0.006320386,0.052191623,0.006411687,0.18802905,0.03228306,null,null,null,null,"TWOGAUSSIANS",8,37.94256,0.17957179,0.011285346,0.29335982,0.05290854,0.19723627,0.013145133,0.67844945,0.006320386,0.2922731,0.035905447,0.18802507,0.032285996
375316653866487564,4296042382154093312,0.5213327,2082.5014490987264,0.8991839245093384,1.15293715E-5,18.58564,0.0069177984,0.2684571,0.013700923,0.03947837,0.013363325,0.29335168,0.27030095,0.7619826,0.0018934314,0.024423886,0.0013325698,0.6582081,0.03683006,null,null,null,null,"TWOGAUSSIANS",8,8.810567,0.7619826,0.0018934314,0.13677377,0.0074623907,0.6582081,0.03683006,0.2684571,0.013700923,0.22107887,0.07483462,0.29335168,0.27030095
375316653866487564,4296042657068089088,0.47008678,1999.4230735874867,0.1699403321572346,5.2622145E-5,18.892841,0.079664126,0.26375204,0.009219416,0.05540996,0.021949535,0.4044976,0.13966656,0.7744362,0.016437968,0.124561824,0.067734934,0.13898689,0.073309995,null,null,null,null,"TWOGAUSSIANS",8,3.4963758,0.26374203,0.009208275,0.31029576,0.1229174,0.39850053,0.15288761,0.7744362,0.016437968,0.4,0.0,0.13289675,0.038815055
375316653866487564,4296042687099751424,0.42180964,2091.553366765184,0.0429075863155656,5.7769073E-5,16.022905,0.001719702,0.383949,0.023102289,0.15090838,0.03210221,0.018006273,0.002809426,0.7471827,0.014356825,0.030399662,0.02350995,0.034254488,0.15444611,null,null,null,null,"TWOGAUSSIANS",8,3.2968676,0.7471827,0.014356825,0.17023809,0.13165572,0.03510092,0.15433659,0.383949,0.023102289,0.4,0.0,0.017856296,0.0028145688
375316653866487564,4296042725787591424,0.5314219,2083.0565040428432,2.771769642544914,1.8345283E-5,18.158796,0.013097529,0.26128316,0.0046444586,0.088634364,0.008376332,0.2203709,0.014713962,0.76737183,0.0050884695,0.08934592,0.008155747,0.24005044,0.012268129,null,null,null,null,"TWOGAUSSIANS",8,3.481754,0.76737183,0.0050884695,0.4,0.0,0.23197699,0.007897785,0.26128316,0.0046444586,0.4,0.0,0.21229747,0.0125854025
375316653866487564,4296043034989843200,0.42885414,2114.9863283735876,2.749433646219832,1.9071767E-5,19.402908,0.015438754,0.19998135,0.0026684746,0.0335194,0.0055096988,0.26840276,0.024077997,0.7458247,0.012271937,0.060429525,0.010299928,0.24054097,0.052438486,null,null,null,null,"TWOGAUSSIANS",8,9.423767,0.19998135,0.0026684746,0.18770865,0.030854315,0.26840273,0.024077997,0.7458247,0.012271937,0.33840534,0.057679594,0.24054095,0.05243847
375316653866487564,4296043412946932352,0.42683464,2055.213724064437,0.3271762264369312,3.3075707E-5,18.719055,0.014627107,0.09066455,0.012889609,0.04513203,0.017781775,0.1029324,0.033314656,0.55238324,0.014143676,0.08729696,0.017734969,0.1825449,0.03773753,null,null,null,null,"TWOGAUSSIANS",8,8.634107,0.55238324,0.014143676,0.4,0.0,0.18247117,0.037903853,0.09066455,0.012889609,0.25273937,0.09957794,0.10285882,0.033390567
375316653866487564,4296043997098054400,0.5377503,2077.4589704829023,1.676186658776728,1.0413762E-6,17.909847,0.0032493905,0.09148016,6.766659E-4,0.012601899,0.0017437488,0.08160797,0.01221881,0.81348765,1.7695578E-5,6.6327065E-4,1.48834615E-5,0.60410446,0.007795893,null,null,null,null,"TWOGAUSSIANS",8,4.366371,0.81348765,1.7695578E-5,0.0037143156,8.334738E-5,0.60410446,0.007795893,0.09148016,6.766659E-4,0.07057063,0.009764994,0.08160797,0.01221881
375316653866487564,4296045268408304768,0.48820987,2062.268873792045,1.0905126786636534,3.2427477E-5,16.357971,0.0026942517,0.1265075,0.0019341246,0.018273354,0.0018146151,0.24522167,0.021190256,0.6385739,0.02524703,0.02309385,0.01866872,0.108608454,0.07566987,null,null,null,null,"TWOGAUSSIANS",8,27.872786,0.1265075,0.0019341246,0.10233078,0.010161844,0.24522167,0.021190256,0.6385739,0.02524703,0.12932555,0.10454483,0.108608454,0.07566987
375316653866487564,4296045405811524224,0.5210988,2098.268925336145,3.3752040048652634,1.331555E-5,19.374727,0.016876414,0.25537282,0.0038926913,0.087874316,0.00908008,0.27989292,0.015379112,0.74745464,0.010250713,0.10328107,0.012797896,0.25530285,0.04745539,null,null,null,null,"TWOGAUSSIANS",8,1.4082824,0.25537282,0.0038926913,0.4,0.0,0.26435944,0.014151511,0.74745464,0.010250713,0.4,0.0,0.23976502,0.04558881
375316653866487564,4296045573314835200,0.59856564,2080.0285968274666,3.1770432014645857,7.865426E-6,19.059225,0.004306176,0.21248733,0.0026451095,0.07284538,0.002378589,0.6412279,0.017992686,0.7222308,0.0024394074,0.067441925,0.0031577975,0.5413902,0.026143394,null,null,null,null,"TWOGAUSSIANS",8,1.6517847,0.21248733,0.0026451095,0.4,7.6689734E-4,0.639623,0.018187938,0.7222308,0.0024394074,0.37767476,0.017683666,0.53978527,0.026597189
375316653866487564,4296045886883622656,0.5176329,2085.2189779101495,3.3140819814255233,1.9472694E-5,18.753088,0.01845152,0.28798652,0.0074358443,0.08370118,0.008994273,0.48490253,0.031502623,0.78976125,0.006839332,0.076018,0.009155506,0.36421934,0.025863606,null,null,null,null,"TWOGAUSSIANS",8,6.240283,0.28798652,0.0074358443,0.4,0.0,0.47882634,0.03174237,0.78976125,0.006839332,0.4,0.015207742,0.35814315,0.025453808
375316653866487564,4296046093007213696,0.49183837,2083.0814421393093,2.7671996430598687,2.7097258E-5,19.283024,0.016968785,0.26276484,0.014666374,0.088965856,0.01643972,0.18414629,0.018248431,0.740942,0.0061633405,0.09008165,0.010774255,0.21697727,0.018630836,null,null,null,null,"TWOGAUSSIANS",8,2.194999,0.740942,0.0061633405,0.4,0.0,0.21125692,0.016182598,0.26276484,0.014666374,0.4,0.0,0.178426,0.0155395605
375316653866487564,4296046226165017856,0.5522037,2060.321151054374,2.4188828315607176,1.6861524E-5,18.240776,0.020947171,0.23031287,0.0034054646,0.083318144,0.005280251,0.68941796,0.024738869,0.7414616,0.011281528,0.061637443,0.007682546,0.3626523,0.0697024,null,null,null,null,"TWOGAUSSIANS",8,18.273678,0.23031287,0.0034054646,0.4,0.0,0.6873506,0.024076236,0.7414616,0.011281528,0.3451697,0.04302226,0.36058497,0.070243925
375316653866487564,4296046363584929536,0.47687012,2048.6468871760085,2.196371248365906,1.897123E-5,18.247639,0.010612616,0.26683635,0.0072368197,0.0843883,0.015359771,0.08915037,0.014279005,0.7278894,0.009240823,0.10235949,0.014975548,0.12147075,0.011446318,null,null,null,null,"TWOGAUSSIANS",8,3.356473,0.7278894,0.009240823,0.4,0.0,0.11820388,0.010003803,0.26685637,0.0072253123,0.4,0.0,0.08588836,0.01466607
375316653866487564,4296046397944640128,0.54363114,2044.9085477067215,3.185401560754531,2.6667514E-5,16.274239,0.0018615734,0.2954471,0.006082053,0.07939171,0.0095043825,0.08371425,0.0049965344,0.79214066,0.0060082222,0.07590571,0.00792412,0.06602986,0.003506735,null,null,null,null,"TWOGAUSSIANS",8,4.006785,0.2954471,0.006082053,0.4,0.0,0.08293373,0.005472735,0.79214066,0.0060082222,0.4,0.005638881,0.065249346,0.0035965058
375316653866487564,4296046879000521728,0.44831705,2091.516329535589,0.05996932175873417,8.5955335E-6,19.276937,0.015965972,0.40734276,0.002226639,0.018845877,0.006214099,0.78576297,1.6031456,0.6590371,0.027059905,0.14613856,0.028277509,0.18163912,0.018274602,null,null,null,null,"TWOGAUSSIANS",8,3.1096928,0.40756276,0.0019827192,0.10553691,0.034798954,0.8259912,1.613721,0.6590371,0.027059905,0.4,0.0,0.18059607,0.01709285
375316653866487564,4296047158162086272,0.44061267,2040.6601622880007,3.1931987135481537,2.1719263E-5,19.752504,0.06558858,0.2320417,0.0389792,0.06540779,0.06685424,0.24727932,0.07268266,0.73059016,0.008208851,0.072101235,0.029484192,0.34860018,0.058822133,null,null,null,null,"TWOGAUSSIANS",8,3.0193055,0.73059016,0.008208851,0.4,0.036527414,0.34783468,0.06333249,0.2320417,0.0389792,0.36628363,0.13871633,0.2465138,0.07102237
375316653866487564,4296047261273628416,0.69471484,2040.651796006408,3.2191747265619304,3.4561508E-6,15.073327,0.0048433365,0.29548538,0.0016990115,0.042973418,0.002370867,0.46491444,0.0370722,0.7992907,6.441673E-4,0.044899274,0.0010729857,0.729241,0.024261631,0.1316606,0.0068507222,0.7992907,6.441673E-4,"TWOGAUSSIANS_WITH_ELLIPSOIDAL_ON_ECLIPSE2",9,29.615519,0.7992907,6.441673E-4,0.25143594,0.00600872,0.9925614,0.023667753,0.29577538,0.001545483,0.24065113,0.013276855,0.7280958,0.038675286
375316653866487564,4296047673590487552,0.60713774,2068.728965348635,1.571788513227412,5.218186E-6,13.346477,0.058132973,0.28585762,0.0013872894,0.21902202,0.016026888,0.7292306,0.057019062,0.7838518,0.0013021961,0.18662526,0.011737246,0.6452885,0.055576537,null,null,null,null,"TWOGAUSSIANS",8,16.999657,0.28728762,0.0013497199,0.4,0.0,0.12354482,0.0021033026,0.7838518,0.0013021961,0.4,0.0,0.11160566,0.0036213973
375316653866487564,4296048081571071616,0.5818542,2032.821657988316,4.009199097202112,2.490784E-5,17.84843,0.03216569,0.2934636,0.0031316562,0.060748406,0.008225599,0.38426462,0.063068904,0.7799073,0.02087375,0.053964842,0.024373727,0.3074898,0.08689773,0.09841787,0.035308138,0.2934636,0.0031316562,"TWOGAUSSIANS_WITH_ELLIPSOIDAL_ON_ECLIPSE1",9,10.099727,0.2934636,0.0031316562,0.34019107,0.046063356,0.5810184,0.01711422,0.7816373,0.020197881,0.30220312,0.13649286,0.5030008,0.10035389
375316653866487564,4296048154626851328,0.5494635,2046.0237920004452,2.556145437519752,1.5439375E-5,17.448597,0.017545735,0.31147093,0.0035459774,0.058239564,0.007815228,0.38260347,0.05269477,0.80551434,0.015923029,0.0499063,0.008617212,0.28844512,0.04907566,0.08782215,0.024965165,0.31147093,0.0035459774,"TWOGAUSSIANS_WITH_ELLIPSOIDAL_ON_ECLIPSE1",9,30.623625,0.31147093,0.0035459774,0.32614157,0.043765277,0.558209,0.045272186,0.8061543,0.014513583,0.27947527,0.048256386,0.463831,0.03807531
375316653866487564,4296048253397559808,0.4585349,2065.8109605442614,0.2210388809211761,2.8166038E-5,19.183332,0.009734899,0.46416292,0.03030507,0.07282539,0.06301584,0.85115594,0.746848,0.019118328,0.0060482793,0.0049463836,0.0048337854,0.06342281,807.5153,null,null,null,null,"TWOGAUSSIANS",8,2.5632899,0.46416292,0.03030507,0.4,0.012538701,0.85115594,0.7471879,0.019118328,0.0060482793,0.027699748,0.027069198,0.063422814,807.51526
375316653866487564,4296048257673880704,0.45889434,2062.5698186289906,0.19735322289324972,3.4924306E-5,19.257,0.00913803,0.21719538,0.0069827586,0.06033974,0.014715388,0.24297448,0.17852703,0.51539624,0.004444331,0.034654222,0.005798122,0.45386213,0.318565,0.040188067,0.010103031,0.21719538,0.0069827586,"TWOGAUSSIANS_WITH_ELLIPSOIDAL_ON_ECLIPSE1",9,3.5300086,0.51616627,0.0042834235,0.19406365,0.03246948,0.46107876,0.3192446,0.21719538,0.0069827586,0.33790255,0.08240618,0.32330567,0.17440607
375316653866487564,4296049181090400640,0.45834363,2036.140582733135,3.2826432674482247,2.0405498E-5,18.49442,0.0046941107,null,null,null,null,null,null,null,null,null,null,null,null,0.087247364,0.008165538,0.25925744,0.004951737,"ELLIPSOIDAL",4,6.9474974,null,null,null,null,null,null,null,null,null,null,null,null
375316653866487564,4296049975693201920,0.49161682,2052.5334152439227,2.4477827760403823,2.075898E-5,18.795729,0.0047927937,0.19838922,0.012577359,0.06297263,0.009795984,0.17412123,0.015049175,0.7073984,0.0045951135,0.058511242,0.010209366,0.6717017,0.26915103,null,null,null,null,"TWOGAUSSIANS",8,5.478164,0.7073984,0.0045951135,0.32766294,0.057172447,0.67160046,0.2693054,0.19838922,0.012577359,0.3526467,0.052780863,0.17402002,0.015081251
375316653866487564,4296050628498030976,0.53124756,2066.033505567617,3.0724200824085557,1.0517938E-5,19.38934,0.015353782,0.31204957,0.0035230299,0.051219348,0.006399324,0.4037753,0.020317344,0.8218228,0.0040141763,0.066836216,0.0047057616,0.3705532,0.032049596,null,null,null,null,"TWOGAUSSIANS",8,2.9909987,0.31204957,0.0035230299,0.28682834,0.035836216,0.40370724,0.020315686,0.8218228,0.0040141763,0.3742828,0.026352266,0.3704851,0.032031305
375316653866487564,4296050658551686016,0.56985515,2027.3925204133163,3.037049811124611,9.366432E-6,18.349625,0.01470437,0.29159778,0.006639847,0.03792861,0.00903417,0.28895032,0.086500995,0.7856124,0.002864481,0.050970487,0.004271204,0.5037311,0.032062393,0.13198435,0.022140315,0.29159778,0.006639847,"TWOGAUSSIANS_WITH_ELLIPSOIDAL_ON_ECLIPSE1",9,9.175632,0.7861924,0.0020267917,0.28543472,0.023918742,0.76735914,0.037796233,0.29159778,0.006639847,0.21240023,0.05059135,0.5529154,0.070635036
