Gaia/vari_eclipsing_binary/VariEclipsingBinary_685296-685314.csv
# %ECSV 1.0
# ---
# delimiter: ','
# meta: !!omap
# - RELEASE: Gaia DR3
# - TABLE: vari_eclipsing_binary
# - DESCRIPTION: >
#     This table describes the properties of the eclipsing binaries resulting from the variability analysis. 
# - CITATION: >
#     How to cite and acknowledge Gaia: 
#     https://gea.esac.esa.int/archive/documentation/credits.html 
# - KNOWN_ISSUES: >
#     Known issues: 
#     https://www.cosmos.esa.int/web/gaia-users/known-issues 
# - DOCUMENTATION: >
#     Tutorials and documentation: 
#     https://www.cosmos.esa.int/web/gaia-users/archive 
# datatype:
# - 
#   name: solution_id
#   datatype: int64
#   description: Solution Identifier
#   meta:
#     ucd: meta.version
# - 
#   name: source_id
#   datatype: int64
#   description: Unique source identifier
#   meta:
#     ucd: meta.id;meta.main
# - 
#   name: global_ranking
#   datatype: float32
#   description: Number between 0 (worst) and 1 (best)
#   meta:
#     ucd: stat.param
# - 
#   name: reference_time
#   datatype: float64
#   unit: d
#   description: Reference time used for the geometric model fit
#   meta:
#     ucd: time.epoch
# - 
#   name: frequency
#   datatype: float64
#   unit: d**-1
#   description: Frequency of geometric model of the eclipsing binary light curve
#   meta:
#     ucd: src.orbital
# - 
#   name: frequency_error
#   datatype: float32
#   unit: d**-1
#   description: "Uncertainty of \\texttt{frequency}"
#   meta:
#     ucd: stat.error
# - 
#   name: geom_model_reference_level
#   datatype: float32
#   unit: mag
#   description: Magnitude reference level of geometric model
#   meta:
#     ucd: phot.mag;em.opt
# - 
#   name: geom_model_reference_level_error
#   datatype: float32
#   unit: mag
#   description: "Uncertainty of \\texttt{geomModelReferenceLevel}"
#   meta:
#     ucd: stat.error;phot.mag;em.opt
# - 
#   name: geom_model_gaussian1_phase
#   datatype: float32
#   description: Phase of the Gaussian 1 component
#   meta:
#     ucd: time.phase
# - 
#   name: geom_model_gaussian1_phase_error
#   datatype: float32
#   description: "Uncertainty of \\texttt{geomModelGaussian1Phase}"
#   meta:
#     ucd: stat.error;time.phase
# - 
#   name: geom_model_gaussian1_sigma
#   datatype: float32
#   description: "Standard deviation [phase] of Gaussian 1 component"
#   meta:
#     ucd: stat.stdev
# - 
#   name: geom_model_gaussian1_sigma_error
#   datatype: float32
#   description: "Uncertainty of \\texttt{geomModelGaussian1Sigma}"
#   meta:
#     ucd: stat.error
# - 
#   name: geom_model_gaussian1_depth
#   datatype: float32
#   unit: mag
#   description: Magnitude depth of Gaussian 1 component
#   meta:
#     ucd: src.var.amplitude
# - 
#   name: geom_model_gaussian1_depth_error
#   datatype: float32
#   unit: mag
#   description: "Uncertainty of \\texttt{geomModelGaussian1Depth}"
#   meta:
#     ucd: stat.error;src.var.amplitude
# - 
#   name: geom_model_gaussian2_phase
#   datatype: float32
#   description: Phase of Gaussian 2 component
#   meta:
#     ucd: time.phase
# - 
#   name: geom_model_gaussian2_phase_error
#   datatype: float32
#   description: "Uncertainty of \\texttt{geomModelGaussian2Phase}"
#   meta:
#     ucd: stat.error;time.phase
# - 
#   name: geom_model_gaussian2_sigma
#   datatype: float32
[...]
#   datatype: float32
#   description: "Secondary eclipse: uncertainty of \\texttt{derivedSecondaryEclDuration}"
#   meta:
#     ucd: stat.error;time.duration
# - 
#   name: derived_secondary_ecl_depth
#   datatype: float32
#   unit: mag
#   description: "Secondary eclipse: depth"
#   meta:
#     ucd: src.var.amplitude
# - 
#   name: derived_secondary_ecl_depth_error
#   datatype: float32
#   unit: mag
#   description: "Secondary eclipse: uncertainty of \\texttt{derivedSecondaryEclDepth}"
#   meta:
#     ucd: stat.error;src.var.amplitude
solution_id,source_id,global_ranking,reference_time,frequency,frequency_error,geom_model_reference_level,geom_model_reference_level_error,geom_model_gaussian1_phase,geom_model_gaussian1_phase_error,geom_model_gaussian1_sigma,geom_model_gaussian1_sigma_error,geom_model_gaussian1_depth,geom_model_gaussian1_depth_error,geom_model_gaussian2_phase,geom_model_gaussian2_phase_error,geom_model_gaussian2_sigma,geom_model_gaussian2_sigma_error,geom_model_gaussian2_depth,geom_model_gaussian2_depth_error,geom_model_cosine_half_period_amplitude,geom_model_cosine_half_period_amplitude_error,geom_model_cosine_half_period_phase,geom_model_cosine_half_period_phase_error,model_type,num_model_parameters,reduced_chi2,derived_primary_ecl_phase,derived_primary_ecl_phase_error,derived_primary_ecl_duration,derived_primary_ecl_duration_error,derived_primary_ecl_depth,derived_primary_ecl_depth_error,derived_secondary_ecl_phase,derived_secondary_ecl_phase_error,derived_secondary_ecl_duration,derived_secondary_ecl_duration_error,derived_secondary_ecl_depth,derived_secondary_ecl_depth_error
[from data line 111]
375316653866487564,6027971520356551808,0.48118174,2253.888121757739,3.5080628947584773,2.7460304E-5,18.286373,0.013680838,0.28431848,0.005827254,0.1070799,0.014125025,0.10592971,0.012973195,0.7593486,0.0083555095,0.093672715,0.016111812,0.11376526,0.016721144,null,null,null,null,"TWOGAUSSIANS",8,2.0713196,0.7593486,0.0083555095,0.4,0.0,0.10662261,0.014258153,0.28431848,0.005827978,0.4,0.0,0.09878109,0.007422967
375316653866487564,6027972001392910592,0.5763107,2268.1117034354634,2.6754330839623064,1.33682815E-5,17.543568,0.02784531,0.30137813,0.004083239,0.04198669,0.005607666,0.3694641,0.06561739,0.79487425,0.004973316,0.046399403,0.009799588,0.51335037,0.056389287,0.11843675,0.037411,0.79487425,0.004973316,"TWOGAUSSIANS_WITH_ELLIPSOIDAL_ON_ECLIPSE2",9,40.048573,0.79487425,0.004973316,0.25983667,0.05487769,0.75022334,0.030817617,0.30084816,0.0037112108,0.23512547,0.031402927,0.6059741,0.016852338
375316653866487564,6027972241870873472,0.5080859,2235.830741268913,2.726846415457693,2.1669191E-5,19.569344,0.0128052365,0.26259586,0.005069324,0.08819509,0.0065545314,0.29666302,0.016489636,0.7576829,0.005365425,0.07921663,0.007350269,0.32591873,0.017373592,null,null,null,null,"TWOGAUSSIANS",8,1.8995403,0.7576829,0.005365425,0.4,0.0,0.31936455,0.017271377,0.26259586,0.005069324,0.4,0.0,0.29010877,0.015072339
375316653866487564,6027973066544920192,0.6115278,2264.4027021430456,0.3507934560859094,3.8573035E-5,14.570837,0.0073506883,0.21178083,0.0023968648,0.036125306,0.004014919,0.26096627,0.027547875,0.70856375,0.0036043155,0.035434656,0.0025267068,1.2949383,0.10393357,0.04382017,0.009356945,0.70856375,0.0036043155,"TWOGAUSSIANS_WITH_ELLIPSOIDAL_ON_ECLIPSE2",9,299.53226,0.70856375,0.0036043155,0.19843407,0.014149559,1.3825786,0.103390366,0.21167083,0.002309582,0.20230171,0.022483548,0.34857196,0.02431632
375316653866487564,6027973272663524736,0.4334943,2246.5357957294427,2.597500376578883,2.0041747E-5,19.207481,0.010046376,0.20744887,0.0047270902,0.03961815,0.008989909,0.17614761,0.026706718,0.72006315,0.020034533,0.07409237,0.01500151,0.1334427,0.028309088,null,null,null,null,"TWOGAUSSIANS",8,5.840765,0.20744887,0.0047270902,0.22186165,0.05034349,0.17613682,0.026723221,0.72006315,0.020034533,0.4,0.012286469,0.13343191,0.028317679
375316653866487564,6027973478861839488,0.5745127,2257.297872257864,0.4026015281652608,6.5356406E-5,17.422907,0.008106431,0.1955073,0.00952148,0.01926691,0.005154999,0.16135299,0.040537428,0.73382366,8.305208E-4,0.035821803,0.0012261738,0.9824255,0.054650918,null,null,null,null,"TWOGAUSSIANS",8,43.96686,0.73382366,8.305208E-4,0.2006021,0.0068665734,0.9824255,0.054650918,0.1955073,0.00952148,0.1078947,0.028867994,0.16135299,0.040537428
375316653866487564,6027973616260187520,0.61335003,2257.085988157389,1.737385592286373,9.311612E-6,17.832453,0.004666094,0.27654076,0.0023520899,0.0820535,0.0034953225,0.4144123,0.0089923255,0.7786796,0.0023888815,0.08066939,0.0035572783,0.28921112,0.009232254,null,null,null,null,"TWOGAUSSIANS",8,3.101776,0.27654076,0.0023520899,0.4,0.0,0.40848997,0.0097822705,0.7786796,0.0023888815,0.4,0.0,0.2832888,0.009669915
375316653866487564,6027974333510859904,0.5926673,2274.3354366853605,3.2326178911540824,1.1238136E-5,18.197233,0.0064057694,0.17359303,0.002081355,0.08041835,0.0031498168,0.34977862,0.00838581,0.66460335,0.0027663652,0.07809933,0.0031918795,0.38084683,0.00936255,null,null,null,null,"TWOGAUSSIANS",8,3.8159368,0.66460335,0.0027663652,0.4,0.0,0.3766386,0.00913094,0.17359303,0.002081355,0.4,0.0,0.34557036,0.008354368
375316653866487564,6027974578333434624,0.43311408,2274.069087384318,3.6021949373229223,8.005531E-5,19.733429,0.12359355,0.31134307,0.019094367,0.10065088,0.038601454,0.25126255,0.117311925,0.88068354,0.06386627,0.04860701,0.11112521,0.1638159,0.09488731,null,null,null,null,"TWOGAUSSIANS",8,5.198328,0.31134307,0.018892063,0.4,0.0,0.2509782,0.034197904,0.88070357,0.06329005,0.27219924,0.17599949,0.16355817,0.097227685
375316653866487564,6027974818851616896,0.5828253,2279.8238559150045,0.14374818012945786,3.647459E-6,18.583275,0.0036143786,0.14432336,0.0012479246,0.009302534,0.0019629123,0.38872632,0.029989952,0.81094307,4.1933574E-5,0.0044323974,8.965329E-5,0.7594971,0.022803195,null,null,null,null,"TWOGAUSSIANS",8,3.3986475,0.81094307,4.1933574E-5,0.024821425,5.020584E-4,0.7594971,0.022803195,0.14432336,0.0012479246,0.052094195,0.010992309,0.38872632,0.029989952
375316653866487564,6027974883288101248,0.5207978,2258.827375824323,3.3842715388553084,2.019986E-5,19.228857,0.017227495,0.30422726,0.005114066,0.07341446,0.0060588936,0.34631288,0.024423977,0.7953622,0.0072147455,0.07653864,0.01332974,0.43022984,0.06618136,null,null,null,null,"TWOGAUSSIANS",8,3.651072,0.7953622,0.0072147455,0.4,0.0,0.42778793,0.06895362,0.30422726,0.005114066,0.4,0.0,0.343871,0.022834536
375316653866487564,6027975299888191232,0.50755847,2269.659445535998,3.1013810469810017,3.0758278E-5,19.850773,0.024290226,0.27415636,0.003970878,0.055652086,0.0065254914,0.47309792,0.08489233,0.7648843,0.0041799177,0.069820166,0.00922891,0.510222,0.037615065,null,null,null,null,"TWOGAUSSIANS",8,3.0254307,0.7648843,0.0041799177,0.39099294,0.02671103,0.50996256,0.0376979,0.27415636,0.003970878,0.31165168,0.036542755,0.47283846,0.08501379
375316653866487564,6027975299888218624,0.5083832,2226.3519977617616,3.7147604979429456,1.6955788E-5,19.445595,0.016628932,0.1293608,0.0037067067,0.073509,0.0076016947,0.3183234,0.020847337,0.6349971,0.0055398657,0.08259265,0.0061720484,0.37076,0.02584435,null,null,null,null,"TWOGAUSSIANS",8,2.3895698,0.6349971,0.0055398657,0.4,0.0,0.36712992,0.025047986,0.1293608,0.0037067067,0.4,0.01577778,0.31469333,0.020739809
375316653866487564,6027975299888298752,0.5158739,2222.0463163218096,3.0432538354404426,1.49109455E-5,19.583464,0.012908581,0.21727571,0.0024437702,0.07223744,0.0052835336,0.36033043,0.020712355,0.7141939,0.00590815,0.078465216,0.010450222,0.3088271,0.048841603,null,null,null,null,"TWOGAUSSIANS",8,1.7439913,0.21727571,0.0024437702,0.4,0.0063284114,0.35780495,0.02091404,0.7141939,0.00590815,0.4,0.0038625898,0.3063016,0.049957275
375316653866487564,6027975540446181120,0.63496625,2293.2732824260656,0.3422081035295926,3.270363E-5,17.219322,0.0021136957,0.21544693,0.0017041848,0.026205141,0.0014071923,0.6349538,0.018575031,0.71338123,0.007200278,0.031057691,0.005906752,0.098544024,0.01297445,0.02246495,0.0052817767,0.21544693,0.0017041848,"TWOGAUSSIANS_WITH_ELLIPSOIDAL_ON_ECLIPSE1",9,6.104041,0.21544693,0.0017041848,0.1467488,0.007880277,0.6798837,0.01884278,0.71345127,0.006962308,0.17392308,0.03307781,0.1434666,0.013885148
375316653866487564,6027975643485887104,0.4522696,2269.7711783281516,2.3596040772177562,2.5048936E-5,18.568844,0.06937923,0.23846762,0.038840607,0.08169166,0.10963525,0.10631462,0.04590639,0.71289486,0.009156241,0.07549747,0.022703677,0.15263465,0.05864299,null,null,null,null,"TWOGAUSSIANS",8,3.9307518,0.71289486,0.009081724,0.4,0.0,0.15169254,0.023220144,0.23846762,0.038840607,0.4,0.0,0.10537251,0.036031183
375316653866487564,6027975677845880448,0.48063907,2287.7279553464014,0.8261605092218718,3.734255E-5,17.309706,0.0045196577,0.27660212,0.020929372,0.04181805,0.061320595,0.15946278,0.11357986,0.77294976,0.0041786176,0.039865557,0.0056154006,0.052368227,0.004954148,null,null,null,null,"TWOGAUSSIANS",8,4.56507,0.27660212,0.020929372,0.23418108,0.16289169,0.15946278,0.11374461,0.77294976,0.0041786176,0.22324711,0.031446245,0.052368227,0.004865292
375316653866487564,6027976017141970432,0.6344025,2252.281699291026,0.38265382135962667,2.3020819E-5,18.422373,0.003542797,0.29741913,8.042982E-4,0.027239865,7.084771E-4,1.0847139,0.037773564,0.8091055,0.0048317104,0.034040093,0.0045663635,0.073247045,0.011796863,0.03769125,0.006382882,0.8091055,0.0048317104,"TWOGAUSSIANS_WITH_ELLIPSOIDAL_ON_ECLIPSE2",9,2.9995284,0.2974691,8.0338866E-4,0.15254325,0.003967472,1.1596923,0.038746048,0.8091055,0.0048317104,0.19062452,0.025571637,0.14862953,0.008318431
375316653866487564,6027976223295152640,0.53039014,2239.9540119551907,0.49004459390864047,4.050793E-5,18.166025,0.004065292,0.35366297,0.0085764555,0.0174484,0.005836765,0.3637741,0.19401784,0.8473187,0.0068189814,0.015626974,0.0034167122,0.025738679,0.010477399,0.043918114,0.005336977,0.35366297,0.0085764555,"TWOGAUSSIANS_WITH_ELLIPSOIDAL_ON_ECLIPSE1",9,4.7149515,0.35366297,0.0085764555,0.097711034,0.032685883,0.4516103,0.19453934,0.8477087,0.006261669,0.08751106,0.019133588,0.113444,0.010438878
375316653866487564,6027976639918902528,0.46013692,2238.5603679274095,0.7972619114764803,3.1000276E-5,18.80516,0.010646479,0.27421632,0.006095265,0.07037588,0.008818879,0.13694747,0.014141579,0.7447089,0.025965769,0.071409866,0.035235133,0.10816199,0.0342012,null,null,null,null,"TWOGAUSSIANS",8,4.2151575,0.27421632,0.006095265,0.39410493,0.036521036,0.13671987,0.013413781,0.7447089,0.025965769,0.39989525,0.11397608,0.10793439,0.034865644
375316653866487564,6027976742998075776,0.4307199,2267.659514132415,1.507946450476666,2.6785518E-5,19.296679,0.02547478,0.34216702,0.012007027,0.048430774,0.017112741,0.26013333,0.058378357,0.86750096,0.02906745,0.07579659,0.031360943,0.05369977,0.027014673,null,null,null,null,"TWOGAUSSIANS",8,6.532629,0.34216702,0.012007027,0.27121234,0.09583135,0.26010865,0.058384374,0.86750096,0.02906745,0.4,0.049204767,0.053675104,0.02674469
375316653866487564,6027977567680052608,0.48993734,2238.5412569840178,0.9155066709886623,1.6204462E-5,19.278162,0.007034785,0.2716911,0.0077109113,0.033583783,0.0060601607,0.257015,0.10535815,0.7666819,0.003889828,0.029812124,0.0045463867,1.6214525,1.6783983,null,null,null,null,"TWOGAUSSIANS",8,3.8646522,0.7666819,0.003889828,0.1669479,0.025459765,1.6214525,1.6783983,0.2716911,0.0077109113,0.18806918,0.0339369,0.257015,0.10535815
375316653866487564,6027977872562750976,0.5631855,2225.040379985628,1.918145885284453,5.211669E-6,16.035847,0.2558511,0.3060228,0.001740404,0.15100175,0.045859993,0.21828759,0.22619876,0.80748785,0.003687976,0.15708396,0.0780297,0.17024799,0.24279234,null,null,null,null,"TWOGAUSSIANS",8,3.41235,0.3058928,0.0016980739,0.4,0.0,0.11882791,0.0037728718,0.80767787,0.0037029786,0.4,0.0,0.07045659,0.00803774
375316653866487564,6027977911230258048,0.60857916,2211.7096086890806,3.456711005500098,1.4096977E-5,18.709373,0.03773749,0.25379694,0.003044287,0.04929678,0.011307932,0.5917206,0.071692996,0.7509417,0.0024768466,0.0426018,0.007645888,0.42184332,0.07497887,0.12830597,0.046478994,0.25379694,0.003044287,"TWOGAUSSIANS_WITH_ELLIPSOIDAL_ON_ECLIPSE1",9,4.509112,0.25379694,0.003044287,0.27606198,0.06332442,0.8483305,0.106802516,0.7511717,0.002242827,0.2385701,0.04281697,0.6783773,0.029594563
375316653866487564,6027978697196536448,0.5360623,2269.0578232162848,1.3200114345105949,6.755784E-6,17.305185,0.008246732,0.19112346,0.0036440457,0.08168459,0.0055437586,0.16298456,0.009374681,0.6895066,0.0039405455,0.080359675,0.0037645935,0.31773004,0.017036056,null,null,null,null,"TWOGAUSSIANS",8,12.12724,0.6895066,0.0039405455,0.4,0.0,0.31398723,0.017244376,0.19112346,0.0036440457,0.4,0.0,0.15924174,0.0083438195
375316653866487564,6027978701503272064,0.508253,2265.7503467008078,3.738289592268812,1.9463105E-5,17.620638,0.015216101,0.2006203,0.0047262404,0.09390999,0.008046287,0.2493978,0.015792089,0.71441287,0.005383668,0.09435413,0.00988595,0.25241515,0.014127574,null,null,null,null,"TWOGAUSSIANS",8,13.473541,0.71441287,0.005383668,0.4,0.0,0.24030301,0.012048795,0.2006203,0.0047262404,0.4,0.0,0.23728572,0.01226485
375316653866487564,6027979148180477184,0.44525722,2223.0407955426654,2.7588728486476612,6.6495384E-5,18.575726,0.015687257,0.29936182,0.013891399,0.0991257,0.015437501,0.21547912,0.019966103,0.7750015,0.013550532,0.09605052,0.016741084,0.14283614,0.023257427,null,null,null,null,"TWOGAUSSIANS",8,13.293148,0.29936182,0.013890718,0.4,0.0,0.20597562,0.016705405,0.7750015,0.013550532,0.4,0.0,0.13333426,0.023183446
375316653866487564,6027979178232850560,0.4849893,2220.0950008493196,2.5395710334963155,2.7352075E-5,17.44016,0.6981325,0.2503582,0.0054739946,0.17112972,0.11031218,0.45147794,0.67582977,0.7513885,0.0058262404,0.15111937,0.083038814,0.43221146,0.60981685,null,null,null,null,"TWOGAUSSIANS",8,13.835703,0.2502382,0.005464263,0.4,0.0,0.19157124,0.014733997,0.7515985,0.006173721,0.4,0.0,0.18132444,0.020665674
375316653866487564,6027979590556065408,0.5167244,2260.003627166412,1.1717411904578101,1.1357862E-5,13.724355,0.08567614,0.2320246,0.0022636214,0.19452524,0.022102097,0.22944787,0.07862913,0.7315919,0.0028278895,0.18179537,0.016116427,0.21387208,0.06822036,null,null,null,null,"TWOGAUSSIANS",8,10.700461,0.2322246,0.0021468261,0.4,0.0,0.055879857,0.0015375686,0.7315919,0.0028400363,0.4,0.0,0.04743095,0.0014902197
375316653866487564,6027979697936488576,0.53197116,2256.8331141304875,1.915426044139617,2.7351423E-5,18.909985,0.0033049886,0.5962192,0.0029462783,0.010422168,0.0018731828,0.64195716,0.7052358,0.76388997,0.011114432,0.013786476,0.014010427,0.041547563,13328.089,null,null,null,null,"TWOGAUSSIANS",8,1.3855422,0.5962192,0.0029462783,0.05836414,0.010489824,0.64195716,0.7052358,0.76388997,0.011114432,0.077204265,0.07845839,0.041547563,13328.089
375316653866487564,6027979796708256640,0.55211866,2267.369064815003,0.0697865440973828,1.0864758E-6,16.90976,0.0023642168,0.4174416,5.1036623E-6,9.739865E-4,2.1170565E-5,0.57638913,7.8955747E-4,0.92117614,0.004511316,0.004656835,0.004685251,0.15500489,0.10510116,null,null,null,null,"TWOGAUSSIANS",8,13.191889,0.4174416,5.1036623E-6,0.0054543247,1.1855516E-4,0.57638913,7.8955747E-4,0.92117614,0.004511316,0.026078276,0.026237404,0.15500489,0.10510116
375316653866487564,6027979796730827136,0.49544805,2244.6190349969897,2.1450396566814747,3.190142E-5,18.980322,0.0067350487,0.29442513,0.005703897,0.05614658,0.006779857,0.1981847,0.0114156995,0.7746924,0.020208513,0.08499326,0.019023439,0.11331183,0.009539238,null,null,null,null,"TWOGAUSSIANS",8,1.7854216,0.29442513,0.005703897,0.31442085,0.0379672,0.19787256,0.011358294,0.7746924,0.020208513,0.4,0.0032266632,0.11299967,0.009497343
375316653866487564,6027980591293908992,0.5298656,2226.1965026092435,3.294456140805966,2.1030364E-5,19.369064,0.032387756,0.21330808,0.0056680636,0.10205858,0.01146929,0.35601115,0.03393408,0.70136106,0.0060612843,0.1007529,0.011115474,0.36511222,0.03081059,null,null,null,null,"TWOGAUSSIANS",8,1.6751981,0.70136106,0.0060612843,0.4,0.0,0.33531132,0.017016789,0.21330808,0.005672742,0.4,0.0,0.326209,0.023974773
375316653866487564,6027980690064082944,0.4468977,2249.683431707922,3.3664896146087293,7.233998E-5,16.832882,0.005711254,null,null,null,null,null,null,null,null,null,null,null,null,0.06637962,0.0080727525,0.29531792,0.009967982,"ELLIPSOIDAL",4,67.86674,null,null,null,null,null,null,null,null,null,null,null,null
375316653866487564,6027980728728334208,0.4898328,2231.7700312984607,0.4151342472914314,5.4127373E-5,19.380905,0.005677418,0.11117383,0.016563514,0.027459182,0.016080288,0.04870043,0.75711244,0.72340405,0.021983508,0.017652746,0.010474551,0.3946139,1.8054404,null,null,null,null,"TWOGAUSSIANS",8,1.7454846,0.72340405,0.021983508,0.09885538,0.058657482,0.3946139,1.8054404,0.11117383,0.016563514,0.15377142,0.09004961,0.04870043,0.75711244
375316653866487564,6027980900566465536,0.54084325,2215.9832663081734,3.3464044005954445,8.4285406E-5,16.082941,0.0035810533,0.37010923,0.01305541,0.03963992,0.0098155225,0.04733486,0.012129725,0.75032395,0.0069678603,0.027760964,0.0060007498,0.9338051,0.60396576,null,null,null,null,"TWOGAUSSIANS",8,32.907425,0.75032395,0.0069678603,0.1554614,0.0336042,0.9338051,0.60396576,0.37010923,0.01305541,0.22198355,0.054966927,0.04733486,0.012129725
