Gaia/vari_eclipsing_binary/VariEclipsingBinary_688173-688195.csv
# %ECSV 1.0
# ---
# delimiter: ','
# meta: !!omap
# - RELEASE: Gaia DR3
# - TABLE: vari_eclipsing_binary
# - DESCRIPTION: >
#     This table describes the properties of the eclipsing binaries resulting from the variability analysis. 
# - CITATION: >
#     How to cite and acknowledge Gaia: 
#     https://gea.esac.esa.int/archive/documentation/credits.html 
# - KNOWN_ISSUES: >
#     Known issues: 
#     https://www.cosmos.esa.int/web/gaia-users/known-issues 
# - DOCUMENTATION: >
#     Tutorials and documentation: 
#     https://www.cosmos.esa.int/web/gaia-users/archive 
# datatype:
# - 
#   name: solution_id
#   datatype: int64
#   description: Solution Identifier
#   meta:
#     ucd: meta.version
# - 
#   name: source_id
#   datatype: int64
#   description: Unique source identifier
#   meta:
#     ucd: meta.id;meta.main
# - 
#   name: global_ranking
#   datatype: float32
#   description: Number between 0 (worst) and 1 (best)
#   meta:
#     ucd: stat.param
# - 
#   name: reference_time
#   datatype: float64
#   unit: d
#   description: Reference time used for the geometric model fit
#   meta:
#     ucd: time.epoch
# - 
#   name: frequency
#   datatype: float64
#   unit: d**-1
#   description: Frequency of geometric model of the eclipsing binary light curve
#   meta:
#     ucd: src.orbital
# - 
#   name: frequency_error
#   datatype: float32
#   unit: d**-1
#   description: "Uncertainty of \\texttt{frequency}"
#   meta:
#     ucd: stat.error
# - 
#   name: geom_model_reference_level
#   datatype: float32
#   unit: mag
#   description: Magnitude reference level of geometric model
#   meta:
#     ucd: phot.mag;em.opt
# - 
#   name: geom_model_reference_level_error
#   datatype: float32
#   unit: mag
#   description: "Uncertainty of \\texttt{geomModelReferenceLevel}"
#   meta:
#     ucd: stat.error;phot.mag;em.opt
# - 
#   name: geom_model_gaussian1_phase
#   datatype: float32
#   description: Phase of the Gaussian 1 component
#   meta:
#     ucd: time.phase
# - 
#   name: geom_model_gaussian1_phase_error
#   datatype: float32
#   description: "Uncertainty of \\texttt{geomModelGaussian1Phase}"
#   meta:
#     ucd: stat.error;time.phase
# - 
#   name: geom_model_gaussian1_sigma
#   datatype: float32
#   description: "Standard deviation [phase] of Gaussian 1 component"
#   meta:
#     ucd: stat.stdev
# - 
#   name: geom_model_gaussian1_sigma_error
#   datatype: float32
#   description: "Uncertainty of \\texttt{geomModelGaussian1Sigma}"
#   meta:
#     ucd: stat.error
# - 
#   name: geom_model_gaussian1_depth
#   datatype: float32
#   unit: mag
#   description: Magnitude depth of Gaussian 1 component
#   meta:
#     ucd: src.var.amplitude
# - 
#   name: geom_model_gaussian1_depth_error
#   datatype: float32
#   unit: mag
#   description: "Uncertainty of \\texttt{geomModelGaussian1Depth}"
#   meta:
#     ucd: stat.error;src.var.amplitude
# - 
#   name: geom_model_gaussian2_phase
#   datatype: float32
#   description: Phase of Gaussian 2 component
#   meta:
#     ucd: time.phase
# - 
#   name: geom_model_gaussian2_phase_error
#   datatype: float32
#   description: "Uncertainty of \\texttt{geomModelGaussian2Phase}"
#   meta:
#     ucd: stat.error;time.phase
# - 
#   name: geom_model_gaussian2_sigma
#   datatype: float32
[...]
#   datatype: float32
#   description: "Secondary eclipse: uncertainty of \\texttt{derivedSecondaryEclDuration}"
#   meta:
#     ucd: stat.error;time.duration
# - 
#   name: derived_secondary_ecl_depth
#   datatype: float32
#   unit: mag
#   description: "Secondary eclipse: depth"
#   meta:
#     ucd: src.var.amplitude
# - 
#   name: derived_secondary_ecl_depth_error
#   datatype: float32
#   unit: mag
#   description: "Secondary eclipse: uncertainty of \\texttt{derivedSecondaryEclDepth}"
#   meta:
#     ucd: stat.error;src.var.amplitude
solution_id,source_id,global_ranking,reference_time,frequency,frequency_error,geom_model_reference_level,geom_model_reference_level_error,geom_model_gaussian1_phase,geom_model_gaussian1_phase_error,geom_model_gaussian1_sigma,geom_model_gaussian1_sigma_error,geom_model_gaussian1_depth,geom_model_gaussian1_depth_error,geom_model_gaussian2_phase,geom_model_gaussian2_phase_error,geom_model_gaussian2_sigma,geom_model_gaussian2_sigma_error,geom_model_gaussian2_depth,geom_model_gaussian2_depth_error,geom_model_cosine_half_period_amplitude,geom_model_cosine_half_period_amplitude_error,geom_model_cosine_half_period_phase,geom_model_cosine_half_period_phase_error,model_type,num_model_parameters,reduced_chi2,derived_primary_ecl_phase,derived_primary_ecl_phase_error,derived_primary_ecl_duration,derived_primary_ecl_duration_error,derived_primary_ecl_depth,derived_primary_ecl_depth_error,derived_secondary_ecl_phase,derived_secondary_ecl_phase_error,derived_secondary_ecl_duration,derived_secondary_ecl_duration_error,derived_secondary_ecl_depth,derived_secondary_ecl_depth_error
[from data line 182]
375316653866487564,6053282862146171392,0.4869075,2215.4235604981154,2.85496482586439,1.6195892E-5,19.730356,0.013665024,0.24982531,0.003331737,0.07780172,0.006449441,0.45473135,0.04070567,0.7444381,0.0045912745,0.08706159,0.0076692193,0.37911892,0.034245927,null,null,null,null,"TWOGAUSSIANS",8,2.1690044,0.24982531,0.003331737,0.4,0.0,0.4472281,0.04242744,0.7444381,0.0045912745,0.4,0.0,0.37161565,0.03578075
375316653866487564,6053283544999130112,0.54893625,2177.978441019832,0.1977854325618309,7.6236583E-6,13.3627615,0.0015251732,0.30502537,0.0018491399,0.019258507,0.0017321222,0.06417593,0.0029556947,0.6872869,0.008242099,0.017856875,0.0071245534,0.13257304,0.016267769,0.0035147427,0.0025691593,0.6872869,0.008242099,"TWOGAUSSIANS_WITH_ELLIPSOIDAL_ON_ECLIPSE2",9,63.762917,0.6872869,0.008242099,0.099998504,0.039897498,0.13960253,0.01600486,0.3047754,0.0018350199,0.10784764,0.009699884,0.068016544,0.00440825
375316653866487564,6053283888596539392,0.4868134,2178.572065502012,1.9407042437774957,1.7687134E-5,18.85752,0.01960901,0.24072216,0.013354109,0.097599335,0.022570347,0.1819098,0.023678364,0.7624669,0.003638424,0.07834144,0.007348865,0.29645953,0.026372457,null,null,null,null,"TWOGAUSSIANS",8,5.488876,0.7624669,0.0036380459,0.4,0.0,0.29096872,0.024488939,0.24072216,0.013354109,0.4,0.0,0.17641778,0.02386496
375316653866487564,6053283927298167040,0.5307331,2178.8557809028334,0.4178860242672465,8.593628E-6,15.3727,0.17174229,0.33860493,0.0027233665,0.11687014,0.039271943,0.115373425,0.12318097,0.8357742,0.0031030609,0.14658913,0.09854399,0.09896344,0.16928339,null,null,null,null,"TWOGAUSSIANS",8,9.429277,0.3387049,0.0031887332,0.4,0.0,0.08212322,0.0036029806,0.8357742,0.0031030609,0.4,0.0,0.065147534,0.003194519
375316653866487564,6053284030332823040,0.5008683,2199.8740293773426,2.878037572036429,2.4495817E-5,19.860205,0.02119308,0.3455757,0.006179972,0.06991862,0.011402325,0.36105132,0.07097126,0.84112245,0.006044042,0.070318185,0.009185997,0.43802837,0.05052847,null,null,null,null,"TWOGAUSSIANS",8,2.4254284,0.84112245,0.006044042,0.39378184,0.038935956,0.43679598,0.051023528,0.3455757,0.006179972,0.39154425,0.043878168,0.35981894,0.072050095
375316653866487564,6053284781949029760,0.4986479,2195.1908636011026,1.2853889637288276,4.501225E-5,18.551376,0.0019728628,0.24833786,0.010467017,0.039280992,0.015495241,0.0631522,0.009179064,0.7517246,0.004471498,0.04279437,0.0034383847,0.2464801,0.03349098,null,null,null,null,"TWOGAUSSIANS",8,1.0293833,0.7517246,0.004471498,0.23964846,0.019254955,0.2464801,0.033490986,0.24833786,0.010467017,0.21997355,0.08677334,0.0631522,0.009179092
375316653866487564,6053285679600609152,0.47886455,2194.0644306138092,2.281140870990076,1.5706612E-5,19.173565,0.004316141,null,null,null,null,null,null,null,null,null,null,null,null,0.08574638,0.0064560208,0.324896,0.005313933,"ELLIPSOIDAL",4,2.8681436,null,null,null,null,null,null,null,null,null,null,null,null
375316653866487564,6053285984540060416,0.59410024,2189.6590050651516,2.842595324675035,5.198112E-6,18.671701,0.011579379,0.27312517,0.0024445017,0.04878533,0.002920369,0.44403872,0.0373945,0.7791905,0.0038671254,0.041770212,0.0042471536,0.30976197,0.03462167,0.13090193,0.016483204,0.27312517,0.0024445017,"TWOGAUSSIANS_WITH_ELLIPSOIDAL_ON_ECLIPSE1",9,4.41683,0.27312517,0.0024445017,0.27319786,0.016354067,0.7058416,0.023741813,0.7791905,0.0038671254,0.23391318,0.02378406,0.5711848,0.028983548
375316653866487564,6053286087619973248,0.50385064,2206.2563933953006,0.502047963065699,1.5484779E-4,19.030558,0.003969486,0.30194104,0.017014164,0.03702385,0.02398495,0.41907182,0.3504776,0.77208984,0.011360697,0.019439602,0.0049652774,0.57431537,0.4420668,null,null,null,null,"TWOGAUSSIANS",8,1.7123507,0.77208984,0.011360697,0.10886177,0.027805554,0.57431537,0.4420668,0.30194104,0.017014164,0.20733356,0.13431571,0.41907182,0.3504776
375316653866487564,6053286641718160896,0.48705122,2233.078034865108,3.37666718808131,2.7594644E-5,15.869738,0.0016309844,0.39765123,0.0059230016,0.07107079,0.006231831,0.05144318,0.0038905093,0.70571506,0.029519213,0.06047696,0.021705506,0.008358168,0.002481109,null,null,null,null,"TWOGAUSSIANS",8,5.4639254,0.39765123,0.0059230016,0.39799643,0.028658394,0.051443156,0.003890554,0.70571506,0.029519213,0.33867097,0.121550836,0.008362405,0.002484073
375316653866487564,6053286710437635584,0.48841983,2227.758780394759,1.428911397514591,4.202431E-5,16.901709,0.0011965189,0.6088731,8.489144E-4,0.010775701,9.872769E-4,0.08805041,0.0096417405,0.83123296,0.020175464,0.016170446,0.016559912,0.017853513,0.01485367,null,null,null,null,"TWOGAUSSIANS",8,2.5134203,0.6088731,8.489144E-4,0.060343925,0.005528751,0.08805041,0.0096417405,0.83123296,0.020175464,0.0905545,0.09273551,0.017853513,0.01485367
375316653866487564,6053286813474097024,0.5594328,2223.5870623067667,1.4915497971532203,4.8652496E-6,19.287436,0.0045545828,0.21865173,0.0023522708,0.04949318,0.0031852627,0.47545227,0.035977054,0.72069114,0.0014339221,0.050356653,0.0017450734,0.4801848,0.024877055,null,null,null,null,"TWOGAUSSIANS",8,1.5253041,0.72069114,0.0014339221,0.28199726,0.009772411,0.4801817,0.02487811,0.21865173,0.0023522708,0.2771618,0.01783747,0.47544917,0.035979323
375316653866487564,6053286847833571712,0.45780858,2193.357441809118,3.2688398891525905,3.091248E-5,19.286995,0.0053011915,null,null,null,null,null,null,null,null,null,null,null,null,0.07168371,0.006003205,0.7675586,0.009272338,"ELLIPSOIDAL",4,2.4065363,null,null,null,null,null,null,null,null,null,null,null,null
375316653866487564,6053286847833815168,0.5245191,2216.1016717267535,0.14495071043456548,4.3835633E-5,19.112751,0.0072904285,0.32650396,0.0035900194,0.014230362,0.0037426718,1.0217755,0.28755048,0.77835315,0.024766108,0.03662424,0.026466452,0.12576683,14.5530815,null,null,null,null,"TWOGAUSSIANS",8,6.8581705,0.32650396,0.0035900194,0.07969003,0.020958962,1.0217755,0.28755048,0.77835315,0.024766108,0.20509575,0.14821213,0.12576683,14.5530815
375316653866487564,6053287290229460992,0.44945058,2236.992455473451,1.2234407631559903,2.3966933E-5,18.992271,0.005666932,null,null,null,null,null,null,null,null,null,null,null,null,0.08793093,0.0067352885,0.26528978,0.0075342264,"ELLIPSOIDAL",4,4.6810064,null,null,null,null,null,null,null,null,null,null,null,null
375316653866487564,6053287569431182720,0.4245915,2215.1878723035807,1.4545305037175948,5.759666E-5,15.939453,0.5512286,0.2915925,0.017682541,0.09036551,0.019331643,0.30741018,0.1030347,0.72945064,0.043625567,0.20589843,0.23278874,0.21298516,0.51672614,null,null,null,null,"TWOGAUSSIANS",8,407.10867,0.2962025,0.0128233945,0.4,0.0,0.26440135,0.030869652,0.72945064,0.043625567,0.4,0.0,0.14228515,0.037177347
375316653866487564,6053287809949298176,0.44089797,2229.286560509459,3.3550089112103674,3.6721754E-5,17.628849,0.004799032,null,null,null,null,null,null,null,null,null,null,null,null,0.05216446,0.0072822124,0.21402042,0.008994501,"ELLIPSOIDAL",4,19.219137,null,null,null,null,null,null,null,null,null,null,null,null
375316653866487564,6053287943044500608,0.45268196,2211.14539531519,1.0205067569456467,1.684068E-5,15.220794,8.140781E-4,null,null,null,null,null,null,null,null,null,null,null,null,0.017502809,0.0012852938,0.22972563,0.004403851,"ELLIPSOIDAL",4,15.573723,null,null,null,null,null,null,null,null,null,null,null,null
375316653866487564,6053288050424878976,0.5033229,2219.619105216913,2.7017991672135784,1.2988588E-5,19.375998,0.0607562,0.3051793,0.020471526,0.102467164,0.038987547,0.30789387,0.06706846,0.7913134,0.0050011156,0.102254614,0.021864459,0.29597148,0.05572522,null,null,null,null,"TWOGAUSSIANS",8,2.1638868,0.3051793,0.0204794,0.4,4.88022E-4,0.28203276,0.07601544,0.7913134,0.0050011156,0.4,0.0,0.27011082,0.023183942
375316653866487564,6053288252282662144,0.5263629,2219.741713442399,0.5122355050627952,1.281444E-5,18.134356,0.0026532945,0.32023063,0.0041496214,0.034563042,0.005661614,0.21412742,0.0875236,0.8198543,0.0030827133,0.037880037,0.004516584,0.2625081,0.010257318,null,null,null,null,"TWOGAUSSIANS",8,3.9151955,0.8198543,0.0030827133,0.2121282,0.02529287,0.2625081,0.010257318,0.32023063,0.0041496214,0.19355303,0.031705037,0.21412742,0.0875236
375316653866487564,6053288325303006976,0.48460412,2196.461908424803,2.7755098096346953,1.3828957E-5,18.944414,0.015651798,0.28817,0.0037788327,0.08465887,0.010623528,0.19925839,0.019052982,0.793476,0.0038879702,0.086359836,0.0124480175,0.20824933,0.020238172,null,null,null,null,"TWOGAUSSIANS",8,2.0316455,0.793476,0.0038879702,0.4,0.0,0.20306845,0.022149986,0.28817,0.0037788327,0.4,0.0,0.19407752,0.019064393
375316653866487564,6053288325345461376,0.6053572,2187.6619497623515,1.4966184175927075,7.075749E-6,16.80066,0.013069082,0.24473608,0.0018834457,0.03867285,0.006609365,0.13763407,0.029481025,0.7422742,0.0054412885,0.05916986,0.010996217,0.19091588,0.031937465,0.10390729,0.01566816,0.24473608,0.0018834457,"TWOGAUSSIANS_WITH_ELLIPSOIDAL_ON_ECLIPSE1",9,13.671941,0.7428442,0.004312041,0.3313512,0.061578818,0.39867082,0.024971195,0.24473608,0.0018834457,0.21656796,0.037012443,0.34542722,0.012960636
375316653866487564,6053288428424639744,0.44973776,2199.602181274766,0.7768251823552704,1.771463E-5,12.97785,0.0014336823,0.26625583,0.005614097,0.010976364,0.0068650413,0.0128398575,0.005513267,0.7173078,0.022909174,0.071052894,0.017922534,0.009138373,0.004317663,0.016089521,0.0020175448,0.26625583,0.005614097,"TWOGAUSSIANS_WITH_ELLIPSOIDAL_ON_ECLIPSE1",9,18.470621,0.26625583,0.005614097,0.061467636,0.038444232,0.0450175,0.005147831,0.7467878,0.012424675,0.39789623,0.07323037,0.040083274,0.0025133977
375316653866487564,6053288531461435776,0.52783775,2260.805995163498,0.15051913933970812,1.0494947E-6,19.61772,0.0045772977,0.16811804,1.4336279E-4,0.0034148318,1.5781088E-4,0.38574624,0.02662004,0.82130086,7.728715E-6,0.0023459257,3.3103108E-5,4.4024343,0.24155216,null,null,null,null,"TWOGAUSSIANS",8,1.5276369,0.82130086,7.728715E-6,0.013137184,1.853774E-4,4.4024343,0.24155216,0.16811804,1.4336279E-4,0.019123059,8.837409E-4,0.38574624,0.02662004
375316653866487564,6053288531503883264,0.4820972,2193.266595858114,1.8412704155699204,2.3605113E-5,15.4388275,0.0024938625,0.48158917,0.0032430391,0.04357669,0.0029315038,0.18206134,0.011038791,0.7874335,0.0035422225,0.012720002,0.00401759,0.03305661,0.011475379,null,null,null,null,"TWOGAUSSIANS",8,75.68987,0.48158917,0.0032430391,0.24402946,0.016416421,0.18206134,0.011038791,0.7874335,0.0035422225,0.071232006,0.022498503,0.03305661,0.011475379
375316653866487564,6053288767679021696,0.5789097,2259.4741164127595,1.15016067236562,4.8580705E-6,17.412506,0.005321126,0.23611054,0.008628295,0.043637656,0.013174241,0.053986177,0.03365632,0.74032784,0.0015325564,0.048812725,0.0034711454,0.2346872,0.009818223,0.01924659,0.006695958,0.23611054,0.008628295,"TWOGAUSSIANS_WITH_ELLIPSOIDAL_ON_ECLIPSE1",9,4.7491007,0.74032784,0.0014999695,0.27335125,0.019438414,0.27315283,0.007302357,0.23611054,0.008628295,0.24437088,0.07377575,0.09247883,0.029937243
375316653866487564,6053288771979533440,0.5296846,2225.54532803973,1.0005759623996586,2.1629769E-5,19.286705,0.0066721654,0.19100781,0.016689293,0.078565545,0.015309276,0.122846596,0.020469679,0.6992383,0.02595925,0.050370652,0.01112974,0.53941005,0.1326528,null,null,null,null,"TWOGAUSSIANS",8,2.2294521,0.6992383,0.02595925,0.28207564,0.062326543,0.53923446,0.1324555,0.19100781,0.016689293,0.4,0.0011288379,0.122671016,0.02059191
375316653866487564,6053289420512520192,0.5816073,2212.2117673306543,0.8097349726307196,1.7776181E-5,18.0324,0.0031883828,0.2090477,0.003899829,0.031645373,0.002352156,0.2756164,0.029272674,0.7063003,0.0020311559,0.031553008,0.0016156028,0.33714387,0.010772374,0.017999092,0.008042457,0.2090477,0.003899829,"TWOGAUSSIANS_WITH_ELLIPSOIDAL_ON_ECLIPSE1",9,3.561368,0.70632035,0.0020158454,0.17669685,0.009047376,0.3731314,0.009956565,0.2090477,0.003899829,0.17721409,0.013172073,0.3116146,0.02863072
375316653866487564,6053289489231764736,0.5746521,2209.9076440765257,1.0592480471874246,5.658552E-6,17.136465,0.020512722,0.26742458,0.0029255312,0.099805064,0.0073858476,0.3730561,0.020783506,0.7529458,0.0016986552,0.086250484,0.0054948935,0.4560137,0.01608063,null,null,null,null,"TWOGAUSSIANS",8,18.061075,0.7529458,0.0016986552,0.4,0.0,0.43820402,0.010115823,0.26742458,0.0029255312,0.4,0.0,0.35524312,0.018820425
375316653866487564,6053290215131192576,0.4935727,2204.1132103162736,1.0686437925824561,1.19692195E-5,16.807,0.22919081,0.3042785,0.0042523583,0.15647206,0.05360756,0.1903518,0.20608917,0.80418146,0.0030891963,0.16701023,0.08449709,0.15052624,0.21756457,null,null,null,null,"TWOGAUSSIANS",8,4.04727,0.30428848,0.0044223196,0.4,0.0,0.09253413,0.0030399133,0.80418146,0.0030626801,0.4,0.0,0.05161012,0.0022214905
375316653866487564,6053291108484090240,0.42608964,2204.3084572855764,0.49574111620767014,6.8153626E-5,17.170885,0.011086948,0.24570176,0.021223811,0.094836235,0.064437464,0.044879135,0.009406828,0.81111896,0.010182604,0.054653652,0.011211428,0.09136047,0.015723148,null,null,null,null,"TWOGAUSSIANS",8,15.028329,0.81111896,0.010159752,0.30606046,0.062783994,0.09127505,0.015219367,0.24570176,0.021223811,0.4,0.0,0.044792473,0.009625994
375316653866487564,6053291142853873024,0.43602204,2176.011614147347,1.0612188117288126,6.0882376E-5,19.508577,0.30181804,0.32929787,0.021345764,0.22656693,0.16323912,0.23133014,0.28186566,0.90449023,0.0037960226,0.021958709,0.006944835,0.21926478,0.10274851,null,null,null,null,"TWOGAUSSIANS",8,2.6021821,0.90499026,0.003450045,0.12296877,0.038891077,0.22764085,0.10120415,0.32929787,0.021345764,0.4,0.0,0.19056942,0.025345815
375316653866487564,6053291349002424448,0.52204525,2210.0475919610876,2.619189923711329,1.313253E-5,19.482899,0.06334527,0.23838235,0.0019191141,0.09079363,0.012089707,0.46329364,0.053593617,0.7365361,0.0061317934,0.112882785,0.021840986,0.40480587,0.056666225,null,null,null,null,"TWOGAUSSIANS",8,2.0283585,0.23838235,0.0019150933,0.4,0.0,0.4223895,0.016721822,0.7365361,0.0061317934,0.4,0.0,0.36385742,0.023533322
375316653866487564,6053291349012306304,0.48645696,2209.6063429056985,0.600608566326045,1.0270573E-5,17.211275,0.0019327236,0.75431806,0.0038685747,0.020468703,0.0045823446,0.07418796,0.007705657,null,null,null,null,null,null,0.018933676,0.0029146862,0.75431806,0.0038685747,"ONEGAUSSIAN_WITH_ELLIPSOIDAL",6,3.984591,0.75431806,0.0038685747,0.11462473,0.025661128,0.11205526,0.008881771,null,null,null,null,null,null
375316653866487564,6053291589520653312,0.5753268,2205.366661878044,3.566924168839033,5.1251436E-6,17.64884,0.04091069,0.2509397,0.0039117904,0.051370077,0.014215285,0.3178448,0.07149887,0.75061554,0.010418353,0.060227815,0.010826546,0.48036087,0.10223755,0.09429217,0.044547636,0.2509397,0.0039117904,"TWOGAUSSIANS_WITH_ELLIPSOIDAL_ON_ECLIPSE1",9,17.677143,0.7506455,0.01030012,0.33727577,0.060628653,0.66885734,0.05206209,0.2509397,0.0039117904,0.28767243,0.079605594,0.506342,0.021916572
375316653866487564,6053292104873671552,0.5017241,2203.1270253830335,1.7252637641708402,1.2349981E-5,19.428638,0.012726213,0.26045355,0.011753037,0.09158348,0.017075432,0.18100071,0.011893581,0.7373139,0.003358514,0.0800209,0.0057627796,0.28326234,0.012855038,null,null,null,null,"TWOGAUSSIANS",8,1.4881275,0.7373139,0.003358514,0.4,0.0,0.27901435,0.0105150845,0.26045355,0.011753037,0.4,0.0,0.17675251,0.01078197
375316653866487564,6053292272366599552,0.47421274,2202.6307395246636,2.5388950072816514,1.9581996E-5,18.553574,0.0086818915,0.25181466,0.0058526387,0.08086478,0.011211317,0.10981181,0.011678399,0.73527193,0.009096185,0.08211596,0.012287018,0.11610447,0.010323688,null,null,null,null,"TWOGAUSSIANS",8,2.778355,0.73527193,0.009096185,0.4,0.0,0.114616275,0.009932799,0.25181466,0.0058526387,0.4,0.0,0.108323626,0.0115067465
