Gaia/vari_eclipsing_binary/VariEclipsingBinary_459367-459376.csv
# %ECSV 1.0
# ---
# delimiter: ','
# meta: !!omap
# - RELEASE: Gaia DR3
# - TABLE: vari_eclipsing_binary
# - DESCRIPTION: >
#     This table describes the properties of the eclipsing binaries resulting from the variability analysis. 
# - CITATION: >
#     How to cite and acknowledge Gaia: 
#     https://gea.esac.esa.int/archive/documentation/credits.html 
# - KNOWN_ISSUES: >
#     Known issues: 
#     https://www.cosmos.esa.int/web/gaia-users/known-issues 
# - DOCUMENTATION: >
#     Tutorials and documentation: 
#     https://www.cosmos.esa.int/web/gaia-users/archive 
# datatype:
# - 
#   name: solution_id
#   datatype: int64
#   description: Solution Identifier
#   meta:
#     ucd: meta.version
# - 
#   name: source_id
#   datatype: int64
#   description: Unique source identifier
#   meta:
#     ucd: meta.id;meta.main
# - 
#   name: global_ranking
#   datatype: float32
#   description: Number between 0 (worst) and 1 (best)
#   meta:
#     ucd: stat.param
# - 
#   name: reference_time
#   datatype: float64
#   unit: d
#   description: Reference time used for the geometric model fit
#   meta:
#     ucd: time.epoch
# - 
#   name: frequency
#   datatype: float64
#   unit: d**-1
#   description: Frequency of geometric model of the eclipsing binary light curve
#   meta:
#     ucd: src.orbital
# - 
#   name: frequency_error
#   datatype: float32
#   unit: d**-1
#   description: "Uncertainty of \\texttt{frequency}"
#   meta:
#     ucd: stat.error
# - 
#   name: geom_model_reference_level
#   datatype: float32
#   unit: mag
#   description: Magnitude reference level of geometric model
#   meta:
#     ucd: phot.mag;em.opt
# - 
#   name: geom_model_reference_level_error
#   datatype: float32
#   unit: mag
#   description: "Uncertainty of \\texttt{geomModelReferenceLevel}"
#   meta:
#     ucd: stat.error;phot.mag;em.opt
# - 
#   name: geom_model_gaussian1_phase
#   datatype: float32
#   description: Phase of the Gaussian 1 component
#   meta:
#     ucd: time.phase
# - 
#   name: geom_model_gaussian1_phase_error
#   datatype: float32
#   description: "Uncertainty of \\texttt{geomModelGaussian1Phase}"
#   meta:
#     ucd: stat.error;time.phase
# - 
#   name: geom_model_gaussian1_sigma
#   datatype: float32
#   description: "Standard deviation [phase] of Gaussian 1 component"
#   meta:
#     ucd: stat.stdev
# - 
#   name: geom_model_gaussian1_sigma_error
#   datatype: float32
#   description: "Uncertainty of \\texttt{geomModelGaussian1Sigma}"
#   meta:
#     ucd: stat.error
# - 
#   name: geom_model_gaussian1_depth
#   datatype: float32
#   unit: mag
#   description: Magnitude depth of Gaussian 1 component
#   meta:
#     ucd: src.var.amplitude
# - 
#   name: geom_model_gaussian1_depth_error
#   datatype: float32
#   unit: mag
#   description: "Uncertainty of \\texttt{geomModelGaussian1Depth}"
#   meta:
#     ucd: stat.error;src.var.amplitude
# - 
#   name: geom_model_gaussian2_phase
#   datatype: float32
#   description: Phase of Gaussian 2 component
#   meta:
#     ucd: time.phase
# - 
#   name: geom_model_gaussian2_phase_error
#   datatype: float32
#   description: "Uncertainty of \\texttt{geomModelGaussian2Phase}"
#   meta:
#     ucd: stat.error;time.phase
# - 
#   name: geom_model_gaussian2_sigma
#   datatype: float32
[...]
#   datatype: float32
#   description: "Secondary eclipse: uncertainty of \\texttt{derivedSecondaryEclDuration}"
#   meta:
#     ucd: stat.error;time.duration
# - 
#   name: derived_secondary_ecl_depth
#   datatype: float32
#   unit: mag
#   description: "Secondary eclipse: depth"
#   meta:
#     ucd: src.var.amplitude
# - 
#   name: derived_secondary_ecl_depth_error
#   datatype: float32
#   unit: mag
#   description: "Secondary eclipse: uncertainty of \\texttt{derivedSecondaryEclDepth}"
#   meta:
#     ucd: stat.error;src.var.amplitude
solution_id,source_id,global_ranking,reference_time,frequency,frequency_error,geom_model_reference_level,geom_model_reference_level_error,geom_model_gaussian1_phase,geom_model_gaussian1_phase_error,geom_model_gaussian1_sigma,geom_model_gaussian1_sigma_error,geom_model_gaussian1_depth,geom_model_gaussian1_depth_error,geom_model_gaussian2_phase,geom_model_gaussian2_phase_error,geom_model_gaussian2_sigma,geom_model_gaussian2_sigma_error,geom_model_gaussian2_depth,geom_model_gaussian2_depth_error,geom_model_cosine_half_period_amplitude,geom_model_cosine_half_period_amplitude_error,geom_model_cosine_half_period_phase,geom_model_cosine_half_period_phase_error,model_type,num_model_parameters,reduced_chi2,derived_primary_ecl_phase,derived_primary_ecl_phase_error,derived_primary_ecl_duration,derived_primary_ecl_duration_error,derived_primary_ecl_depth,derived_primary_ecl_depth_error,derived_secondary_ecl_phase,derived_secondary_ecl_phase_error,derived_secondary_ecl_duration,derived_secondary_ecl_duration_error,derived_secondary_ecl_depth,derived_secondary_ecl_depth_error
[from data line 1122]
375316653866487564,4040694065406489216,0.46572503,2424.9914509406008,0.13425378891118014,2.9690833E-5,19.246143,0.012958416,0.34888625,0.14030445,0.017439378,0.04947798,0.07667703,0.95051575,0.6600437,0.006617419,0.07421536,0.013337899,0.4413716,0.2012192,null,null,null,null,"TWOGAUSSIANS",8,5.1996236,0.6600437,0.006617419,0.4,0.004653516,0.4413716,0.20118052,0.34890625,0.14031708,0.09766052,0.2770767,0.07674432,0.9497735
375316653866487564,4040694103857233920,0.43588063,2373.169760794894,4.978692684408209,4.988793E-5,18.773445,0.016858028,0.33684385,0.04484599,0.04429497,0.06318097,0.15056032,0.042090718,0.71645594,0.064224206,0.11626205,0.05374991,0.13600844,0.046037257,null,null,null,null,"TWOGAUSSIANS",8,4.026981,0.33708385,0.04374838,0.24805182,0.15610181,0.15107663,0.048387777,0.71645594,0.064224206,0.4,0.024271524,0.13586396,0.045090906
375316653866487564,4040694134126335360,0.4543943,2408.039280737978,1.6533104185016536,5.3204472E-5,19.033812,0.009237377,0.13677323,0.035249554,0.03088863,0.008521466,1.1819785,2.8551757,0.6461459,0.009884516,0.07890262,0.00823674,0.15400206,0.03284014,null,null,null,null,"TWOGAUSSIANS",8,2.9180968,0.13677323,0.035249554,0.17297633,0.047720205,1.1819685,2.8551476,0.6461459,0.009884516,0.4,0.0,0.153992,0.032843303
375316653866487564,4040694172576866176,0.45455503,2367.7857533265274,3.2770327752304294,4.1013143E-5,17.806116,0.0065400796,0.76464134,0.010440678,0.069690086,0.043360952,0.06967767,0.058705326,null,null,null,null,null,null,0.03854962,0.013870713,0.76464134,0.010440678,"ONEGAUSSIAN_WITH_ELLIPSOIDAL",6,6.3112283,0.76464134,0.010440678,0.39026448,0.1305561,0.14666751,0.05093132,null,null,null,null,null,null
375316653866487564,4040694172631428480,0.49900752,2401.192743531559,3.164804407616716,3.9624152E-5,17.995718,0.08428677,0.22695188,0.0119256275,0.09895059,0.02781183,0.32328412,0.082745284,0.7180262,0.005773954,0.106912486,0.026327241,0.28748304,0.07990042,null,null,null,null,"TWOGAUSSIANS",8,15.392174,0.2269619,0.011948067,0.4,0.0,0.29469728,0.025347011,0.7180262,0.005773954,0.4,0.0,0.25888723,0.021937145
375316653866487564,4040694237174750336,0.51031065,2389.2937454292264,0.06002326373079903,1.2836174E-5,18.727413,0.025696648,0.1818496,0.0044241967,0.045123804,0.004477092,0.6663284,0.06104132,0.66802305,0.00783525,0.117395096,0.011700537,0.61874074,0.04897724,null,null,null,null,"TWOGAUSSIANS",8,8.442629,0.1818596,0.0044204793,0.2526933,0.025071716,0.6588748,0.06100278,0.66802305,0.00783525,0.4,0.0,0.6111276,0.050470423
375316653866487564,4040694275709568128,0.47551972,2398.111654838766,2.0991832773856314,2.4985533E-5,17.030807,0.016452543,0.2621233,0.0070936163,0.08184457,0.012759057,0.24570628,0.021556752,0.7681867,0.0065028053,0.07778798,0.018846232,0.26554132,0.03763328,null,null,null,null,"TWOGAUSSIANS",8,44.159306,0.7681867,0.0065028053,0.4,0.0,0.26218915,0.041847475,0.2621233,0.0070936163,0.4,0.0,0.24235411,0.021057365
375316653866487564,4040694340253804928,0.571417,2379.771005554294,1.1199852476758159,7.599281E-6,17.940514,0.004012219,0.25179955,0.0016034311,0.051843673,0.0024229758,0.31361797,0.009378015,0.7540859,0.020232486,0.06063939,0.018379431,0.171985,0.018696027,null,null,null,null,"TWOGAUSSIANS",8,4.0207567,0.25179955,0.0016034311,0.29032457,0.013568664,0.3135969,0.0093795955,0.7540859,0.020232486,0.33958057,0.10292482,0.17196392,0.01871396
375316653866487564,4040694481813687296,0.52318937,2371.4778412968453,1.0726189756773983,1.3725876E-5,17.341686,0.011520058,0.22021058,0.0024244776,0.08924328,0.0050395727,0.25622344,0.01076415,0.7272074,0.0058161216,0.0989307,0.010816543,0.1976999,0.017983614,null,null,null,null,"TWOGAUSSIANS",8,9.355522,0.22021058,0.0024244776,0.4,0.0,0.24440922,0.0069421334,0.7272074,0.0058161216,0.4,0.0,0.18588457,0.01964805
375316653866487564,4040694512052510592,0.45746607,2406.41143671329,0.09842173138302523,7.296971E-5,18.756784,0.21209303,0.38273576,0.019455496,0.14839423,0.15401843,0.14725319,0.20181061,0.85149163,0.0035637412,0.053029202,0.013284979,0.13924174,0.06284233,null,null,null,null,"TWOGAUSSIANS",8,2.539625,0.38273576,0.019455496,0.4,0.0,0.13937314,0.009344555,0.85149163,0.0035637412,0.29696354,0.07439588,0.13260739,0.05229752
375316653866487564,4040694580800030720,0.42978084,2385.788376868548,0.05446081063808765,3.5423483E-5,18.005308,0.21019295,0.30777535,0.015030747,0.2544774,0.23654515,0.17986919,0.16723424,0.76554173,0.014868386,0.06559999,0.032570332,0.22518879,0.050560057,null,null,null,null,"TWOGAUSSIANS",8,9.877085,0.76554173,0.014868386,0.36735997,0.14678296,0.20137222,0.06624497,0.30777535,0.015030747,0.4,0.041183796,0.10196156,0.025125593
375316653866487564,4040694615133728768,0.5603659,2390.4522232209974,1.29176126016662,1.4535465E-5,18.13017,0.004932718,0.20450623,0.017819311,0.052565724,0.016999913,0.134007,0.04347235,0.7013559,7.253877E-4,0.043490384,0.0012039156,0.4336943,0.0068384423,null,null,null,null,"TWOGAUSSIANS",8,4.1785264,0.7013559,7.253877E-4,0.24354616,0.006741927,0.43369383,0.0068369135,0.20450623,0.017819311,0.29436806,0.09519952,0.13400652,0.043474857
375316653866487564,4040694756692004352,0.43007618,2435.3912614581955,0.33901366180018067,2.6745342E-5,18.911213,0.012555768,0.31213272,0.012773158,0.09678991,0.021074997,0.14342922,0.027680038,0.593578,0.0051114173,0.02150235,0.0055566235,0.084708005,0.011280564,null,null,null,null,"TWOGAUSSIANS",8,4.0090594,0.31213272,0.012773158,0.4,0.0,0.14342876,0.02768359,0.593578,0.0051114173,0.120413154,0.031117091,0.08679972,0.013221021
375316653866487564,4040694756746389888,0.6165328,2414.421399495707,2.1265338813016395,6.8033273E-6,18.278515,0.0059226365,0.30678245,0.0049931435,0.07132767,0.0054817577,0.35746527,0.012288781,0.80967724,0.0015044637,0.0747136,0.0022453559,0.38748518,0.0075486978,null,null,null,null,"TWOGAUSSIANS",8,1.6113552,0.80967724,0.0015044637,0.4,0.0,0.38550243,0.0071834424,0.30678245,0.0049931435,0.39943495,0.018200556,0.35548252,0.012256512
375316653866487564,4040695065929500672,0.6795237,2354.054714211907,0.9029200771818753,5.4044435E-6,16.29488,0.014395439,0.26161814,0.0031454344,0.106427535,0.01794811,0.18543726,0.021878157,0.7494581,0.0018925031,0.09285236,0.0037367227,0.35457084,0.013799475,null,null,null,null,"TWOGAUSSIANS",8,4.795179,0.7494581,0.0018925031,0.4,0.0,0.33641338,0.0038718444,0.26161814,0.0031454344,0.4,0.0,0.16727343,0.031995136
375316653866487564,4040695164891223296,0.5053542,2312.3806618621406,0.047251866094969314,2.306946E-5,18.710522,0.007805027,0.08936282,0.0027614716,0.048038527,0.003794111,0.24487326,0.024010995,0.6222083,0.04695913,0.04213098,0.046692338,0.3199602,0.35226008,null,null,null,null,"TWOGAUSSIANS",8,2.665593,0.6222083,0.04695913,0.23593348,0.16574228,0.31996018,0.35229978,0.08936282,0.0027614716,0.26901576,0.021247022,0.24487324,0.024010174
375316653866487564,4040695164891298816,0.4314787,2368.022203890839,0.6323270057161955,3.5157467E-5,18.69148,0.0043622684,0.2606287,0.014755287,0.06037074,0.009523631,0.04177817,0.011352566,0.64737177,0.015675886,0.053158995,0.00981583,0.11574424,0.024430756,null,null,null,null,"TWOGAUSSIANS",8,2.6166465,0.64737177,0.015675886,0.29769036,0.054968644,0.11574418,0.024430996,0.2606287,0.014755287,0.33807614,0.053332333,0.04177811,0.011352594
375316653866487564,4040695169064402816,0.4602506,2474.2002657640824,0.03279283482919429,3.0498633E-5,18.419056,0.0055699586,0.24674857,0.0035927345,0.04884152,0.003111889,0.18680075,0.013819778,0.73634756,0.019221524,0.031518634,0.011948065,0.08002419,0.022302855,null,null,null,null,"TWOGAUSSIANS",8,4.8049893,0.24674857,0.0035927345,0.2735125,0.017426578,0.18680075,0.013819778,0.73634756,0.019221524,0.17650436,0.066909164,0.08002419,0.022302847
375316653866487564,4040695233610935168,0.42511922,2457.633791035888,1.2939444201844206,1.7297635E-4,18.79541,0.23984411,0.28628036,0.033538964,0.16689813,0.08388066,0.37059525,0.22956467,0.69954574,0.06540649,0.14534585,0.050493423,0.25335953,0.17448507,null,null,null,null,"TWOGAUSSIANS",8,3.6043484,0.29356036,0.025320899,0.4,0.0,0.26963034,0.05175732,0.69954574,0.06540649,0.4,0.0,0.16561012,0.031877823
375316653866487564,4040695439773811968,0.44931263,2425.441192646039,1.737295391813545,3.8964004E-5,18.572218,0.013043157,0.2600791,0.015551809,0.06586883,0.010729048,0.31611973,0.08077942,0.9230173,0.03059936,0.023070423,0.02407553,0.15917161,0.13771904,null,null,null,null,"TWOGAUSSIANS",8,4.500359,0.2600791,0.015551809,0.36886546,0.060082674,0.31611973,0.08077942,0.9230173,0.03059936,0.12919438,0.13482296,0.15917225,0.1377205
375316653866487564,4040695439796423936,0.4702823,2406.3221294169693,1.4741515191441412,2.1174677E-5,18.38376,0.6292673,0.29172027,0.013299625,0.21471968,0.15227151,0.43242115,0.62424916,0.7798281,0.0091124885,0.14107843,0.038512748,0.4770819,0.40510356,null,null,null,null,"TWOGAUSSIANS",8,5.5664554,0.7798281,0.0091124885,0.4,0.0,0.2293676,0.013787376,0.29322025,0.0125197,0.4,0.0,0.12873058,0.021978805
375316653866487564,4040695546966209024,0.4789109,2322.866584849591,0.15799244097787707,4.7032343E-5,19.126759,0.058526948,0.19336762,0.010875609,0.03218434,0.010848924,0.21552394,0.05505561,0.75342333,0.014297632,0.16822228,0.032808963,0.3311236,0.059665136,null,null,null,null,"TWOGAUSSIANS",8,3.4261186,0.75342333,0.014297632,0.4,0.0,0.31979653,0.03926907,0.19266762,0.011756113,0.18023232,0.06075397,0.2163783,0.053666368
375316653866487564,4040695577207650048,0.53161675,2382.262724214184,2.153171318914762,1.3162677E-4,19.205215,0.025123017,0.3397999,0.03171533,0.07500932,0.03777197,0.24391551,0.031227019,0.8508636,0.0048080394,0.06465546,0.008372776,0.3390558,0.02061087,null,null,null,null,"TWOGAUSSIANS",8,2.9002535,0.8508636,0.0048050317,0.36207056,0.046887543,0.33835635,0.017251868,0.3397999,0.03171533,0.4,0.094161555,0.24321607,0.029923055
375316653866487564,4040695718819726976,0.45493513,2349.2255685806763,0.09712283760612825,2.160028E-5,19.054628,0.046695493,0.22382943,0.0047271964,0.018594915,0.004229254,0.14301267,0.0511119,0.73052937,0.043673135,0.15158825,0.08309576,0.14294098,0.03098643,null,null,null,null,"TWOGAUSSIANS",8,2.079445,0.22381943,0.004735823,0.10413153,0.023683822,0.14176683,0.049634043,0.73052937,0.043673135,0.4,0.012267981,0.14044224,0.027226912
375316653866487564,4040695749011393152,0.5826108,2357.1463139946172,0.9539101897358945,4.1845983E-6,17.02864,0.019138128,0.27199727,0.0026345917,0.11228427,0.007970393,0.30794206,0.017776718,0.75161916,0.006648829,0.092496775,0.0060934783,0.5571675,0.030415308,null,null,null,null,"TWOGAUSSIANS",8,10.205573,0.75161916,0.006648829,0.4,0.0,0.525906,0.029174684,0.27199727,0.0026314403,0.4,0.0,0.27664122,0.010474462
375316653866487564,4040695817730868864,0.43663293,2360.7908350654925,2.852338305891779,4.1959527E-5,17.245401,0.0098999515,0.5300326,0.020452775,0.1547321,0.024818402,0.23735261,0.017420541,0.95395964,0.0034612485,0.007400104,0.0024898848,0.087241426,0.01220049,null,null,null,null,"TWOGAUSSIANS",8,21.463013,0.5300326,0.020452775,0.4,0.0,0.23478815,0.017180521,0.95395964,0.0034612485,0.04144058,0.0139433555,0.090473644,0.009683749
375316653866487564,4040695920805012864,0.6038131,2356.4992694675007,2.744686037070532,9.491498E-6,16.981926,0.006342056,0.2005644,0.0016160898,0.048919987,0.0044841208,0.28533077,0.026250405,0.696481,0.0046105236,0.05679862,0.0047463914,0.2767052,0.018292543,0.09257945,0.008448793,0.2005644,0.0016160898,"TWOGAUSSIANS_WITH_ELLIPSOIDAL_ON_ECLIPSE1",9,6.9506264,0.2005644,0.0016160898,0.27395192,0.025111077,0.47047585,0.03091033,0.69707096,0.0038747857,0.31807226,0.026579792,0.46174613,0.014298982
375316653866487564,4040696062417289600,0.47220206,2402.17398990839,0.14640178289805253,8.419611E-5,18.68886,0.04005778,0.32827067,0.012403914,0.04411232,0.018962743,0.41737655,0.29430085,0.7351455,0.03360338,0.08084019,0.050334614,0.34115636,0.05931714,null,null,null,null,"TWOGAUSSIANS",8,12.814156,0.32827067,0.012387474,0.247029,0.10619136,0.41736868,0.29454178,0.7351455,0.03360338,0.4,0.022704473,0.34114742,0.058745548
375316653866487564,4040696092605249152,0.4901849,2368.7077463111564,2.2732578645141133,2.0803813E-5,17.951466,0.01844658,0.23553541,0.0075810803,0.07463362,0.010291421,0.274516,0.024097709,0.73212117,0.013161101,0.09114465,0.017838119,0.19881396,0.019776933,null,null,null,null,"TWOGAUSSIANS",8,15.74471,0.23553541,0.0075810803,0.4,0.00494684,0.2699847,0.022295741,0.73212117,0.013161101,0.4,0.0,0.19428256,0.017960658
375316653866487564,4040696230043850496,0.49125183,2333.4086445039125,2.4963864806700133,1.1708522E-5,18.033655,0.07194386,0.27883545,0.006526262,0.07018663,0.010440586,0.3450421,0.17190146,0.7738436,0.009927869,0.042209867,0.030608973,0.3035249,0.0887,0.07399254,0.07864755,0.27883545,0.006526262,"TWOGAUSSIANS_WITH_ELLIPSOIDAL_ON_ECLIPSE1",9,23.95583,0.27883545,0.006526262,0.3930451,0.0321265,0.49245614,0.05203073,0.77416354,0.009493988,0.23637526,0.1703545,0.45080274,0.14089845
375316653866487564,4040696234236620288,0.5551482,2315.874192451087,1.4554227028334898,2.5831207E-5,18.860786,0.03927512,0.44685674,0.0068002557,0.18977128,0.0226965,0.33002192,0.034123834,0.9099649,0.03459672,0.07368344,0.035857677,0.09348194,0.018427862,null,null,null,null,"TWOGAUSSIANS",8,0.95562905,0.44685674,0.0068002557,0.4,0.0,0.2755121,0.011904226,0.9099649,0.03459672,0.4,0.1732125,0.061805855,0.024088478
375316653866487564,4040696268575576704,0.49590275,2316.8135937712022,3.470418750347794,5.2603747E-5,17.866863,0.014077499,0.31672603,0.04115574,0.12335964,0.033009272,0.037356254,0.01864085,0.88477975,4.1479937E-4,0.016260955,0.0016342992,0.91094315,0.13459566,null,null,null,null,"TWOGAUSSIANS",8,22.490526,0.88477975,4.1479937E-4,0.09106135,0.009152075,0.9110011,0.13452493,0.31672603,0.04115574,0.4,0.0,0.037331965,0.018594898
375316653866487564,4040696333123196928,0.623463,2369.7100859780608,0.2605515731314626,1.1883426E-5,16.95663,0.002751059,0.25898844,0.001357363,0.02796213,7.907363E-4,0.5011747,0.017812733,0.7659467,0.009515133,0.020769944,0.0135189295,0.18631245,37.097122,0.024481138,0.0039197197,0.25898844,0.001357363,"TWOGAUSSIANS_WITH_ELLIPSOIDAL_ON_ECLIPSE1",9,7.5782914,0.25898844,0.001357363,0.15658793,0.004428123,0.550137,0.01638199,0.7659467,0.009515133,0.11631169,0.075706005,0.2351812,37.09739
375316653866487564,4040696371654811008,0.4761545,2339.603993900371,0.3291265179303636,2.2372611E-5,19.12151,0.052637544,0.34189838,0.003937636,0.025590314,0.0040830085,0.07762537,0.0051665916,0.68385386,0.008132529,0.20653442,0.056274753,0.19082667,0.035336044,null,null,null,null,"TWOGAUSSIANS",8,1.5112454,0.68385386,0.008132529,0.4,0.0,0.17045838,0.018931337,0.3451084,0.0046049403,0.14330575,0.022864848,0.1074964,0.0036218008
375316653866487564,4040696401843261312,0.4610088,2359.665457294997,0.04792067555975578,4.197627E-5,18.916912,0.041987095,0.22805455,0.007661011,0.090369806,0.011922718,0.5152394,0.063155,0.66735744,0.06925628,0.12029472,0.05459201,0.27464992,0.06737445,null,null,null,null,"TWOGAUSSIANS",8,8.661035,0.22822455,0.0074702436,0.4,0.0,0.4953076,0.068680435,0.66735744,0.06925628,0.4,0.0,0.2543668,0.046769764
375316653866487564,4040696440375507328,0.42541763,2362.2456702429904,1.2902727073079894,7.233731E-5,18.78198,0.021855121,0.21275514,0.0148079265,0.15343209,0.037771173,0.1269859,0.020285212,0.8752982,0.04375068,0.04003331,0.019241558,0.11091401,0.10921847,null,null,null,null,"TWOGAUSSIANS",8,4.7136326,0.21275514,0.0148079265,0.4,0.0,0.12570705,0.019478008,0.8777082,0.042607997,0.22418654,0.107752725,0.12114793,0.11159752
