Gaia/vari_eclipsing_binary/VariEclipsingBinary_608919-608969.csv
# %ECSV 1.0
# ---
# delimiter: ','
# meta: !!omap
# - RELEASE: Gaia DR3
# - TABLE: vari_eclipsing_binary
# - DESCRIPTION: >
#     This table describes the properties of the eclipsing binaries resulting from the variability analysis. 
# - CITATION: >
#     How to cite and acknowledge Gaia: 
#     https://gea.esac.esa.int/archive/documentation/credits.html 
# - KNOWN_ISSUES: >
#     Known issues: 
#     https://www.cosmos.esa.int/web/gaia-users/known-issues 
# - DOCUMENTATION: >
#     Tutorials and documentation: 
#     https://www.cosmos.esa.int/web/gaia-users/archive 
# datatype:
# - 
#   name: solution_id
#   datatype: int64
#   description: Solution Identifier
#   meta:
#     ucd: meta.version
# - 
#   name: source_id
#   datatype: int64
#   description: Unique source identifier
#   meta:
#     ucd: meta.id;meta.main
# - 
#   name: global_ranking
#   datatype: float32
#   description: Number between 0 (worst) and 1 (best)
#   meta:
#     ucd: stat.param
# - 
#   name: reference_time
#   datatype: float64
#   unit: d
#   description: Reference time used for the geometric model fit
#   meta:
#     ucd: time.epoch
# - 
#   name: frequency
#   datatype: float64
#   unit: d**-1
#   description: Frequency of geometric model of the eclipsing binary light curve
#   meta:
#     ucd: src.orbital
# - 
#   name: frequency_error
#   datatype: float32
#   unit: d**-1
#   description: "Uncertainty of \\texttt{frequency}"
#   meta:
#     ucd: stat.error
# - 
#   name: geom_model_reference_level
#   datatype: float32
#   unit: mag
#   description: Magnitude reference level of geometric model
#   meta:
#     ucd: phot.mag;em.opt
# - 
#   name: geom_model_reference_level_error
#   datatype: float32
#   unit: mag
#   description: "Uncertainty of \\texttt{geomModelReferenceLevel}"
#   meta:
#     ucd: stat.error;phot.mag;em.opt
# - 
#   name: geom_model_gaussian1_phase
#   datatype: float32
#   description: Phase of the Gaussian 1 component
#   meta:
#     ucd: time.phase
# - 
#   name: geom_model_gaussian1_phase_error
#   datatype: float32
#   description: "Uncertainty of \\texttt{geomModelGaussian1Phase}"
#   meta:
#     ucd: stat.error;time.phase
# - 
#   name: geom_model_gaussian1_sigma
#   datatype: float32
#   description: "Standard deviation [phase] of Gaussian 1 component"
#   meta:
#     ucd: stat.stdev
# - 
#   name: geom_model_gaussian1_sigma_error
#   datatype: float32
#   description: "Uncertainty of \\texttt{geomModelGaussian1Sigma}"
#   meta:
#     ucd: stat.error
# - 
#   name: geom_model_gaussian1_depth
#   datatype: float32
#   unit: mag
#   description: Magnitude depth of Gaussian 1 component
#   meta:
#     ucd: src.var.amplitude
# - 
#   name: geom_model_gaussian1_depth_error
#   datatype: float32
#   unit: mag
#   description: "Uncertainty of \\texttt{geomModelGaussian1Depth}"
#   meta:
#     ucd: stat.error;src.var.amplitude
# - 
#   name: geom_model_gaussian2_phase
#   datatype: float32
#   description: Phase of Gaussian 2 component
#   meta:
#     ucd: time.phase
# - 
#   name: geom_model_gaussian2_phase_error
#   datatype: float32
#   description: "Uncertainty of \\texttt{geomModelGaussian2Phase}"
#   meta:
#     ucd: stat.error;time.phase
# - 
#   name: geom_model_gaussian2_sigma
#   datatype: float32
[...]
#   datatype: float32
#   description: "Secondary eclipse: uncertainty of \\texttt{derivedSecondaryEclDuration}"
#   meta:
#     ucd: stat.error;time.duration
# - 
#   name: derived_secondary_ecl_depth
#   datatype: float32
#   unit: mag
#   description: "Secondary eclipse: depth"
#   meta:
#     ucd: src.var.amplitude
# - 
#   name: derived_secondary_ecl_depth_error
#   datatype: float32
#   unit: mag
#   description: "Secondary eclipse: uncertainty of \\texttt{derivedSecondaryEclDepth}"
#   meta:
#     ucd: stat.error;src.var.amplitude
solution_id,source_id,global_ranking,reference_time,frequency,frequency_error,geom_model_reference_level,geom_model_reference_level_error,geom_model_gaussian1_phase,geom_model_gaussian1_phase_error,geom_model_gaussian1_sigma,geom_model_gaussian1_sigma_error,geom_model_gaussian1_depth,geom_model_gaussian1_depth_error,geom_model_gaussian2_phase,geom_model_gaussian2_phase_error,geom_model_gaussian2_sigma,geom_model_gaussian2_sigma_error,geom_model_gaussian2_depth,geom_model_gaussian2_depth_error,geom_model_cosine_half_period_amplitude,geom_model_cosine_half_period_amplitude_error,geom_model_cosine_half_period_phase,geom_model_cosine_half_period_phase_error,model_type,num_model_parameters,reduced_chi2,derived_primary_ecl_phase,derived_primary_ecl_phase_error,derived_primary_ecl_duration,derived_primary_ecl_duration_error,derived_primary_ecl_depth,derived_primary_ecl_depth_error,derived_secondary_ecl_phase,derived_secondary_ecl_phase_error,derived_secondary_ecl_duration,derived_secondary_ecl_duration_error,derived_secondary_ecl_depth,derived_secondary_ecl_depth_error
[from data line 431]
375316653866487564,5356324255385995776,0.58273196,2102.2857675787486,1.844461466453133,7.91018E-6,15.5725,0.007989841,0.109095715,0.0048834654,0.031694777,0.0035973825,0.29943967,0.03469712,0.6061022,0.0017263498,0.030504528,0.0018525257,0.8345867,0.046019476,0.021368083,0.014722766,0.109095715,0.0048834654,"TWOGAUSSIANS_WITH_ELLIPSOIDAL_ON_ECLIPSE1",9,183.77338,0.60611224,0.0017231869,0.17082536,0.010374145,0.8773077,0.046090424,0.109095715,0.0048834654,0.17749076,0.020145342,0.34217575,0.02194718
375316653866487564,5356324564623713152,0.43240294,2120.598217738439,0.051569272575211225,2.2766948E-5,16.232302,0.0052788625,0.25879282,0.029009616,0.06762087,0.03276382,0.1028671,0.04285142,0.71557164,0.008457629,0.06106458,0.01020351,0.11160132,0.027185004,null,null,null,null,"TWOGAUSSIANS",8,10.422441,0.71557164,0.008457629,0.34196165,0.057139654,0.11157248,0.027298385,0.25879282,0.029009616,0.3786769,0.07393874,0.102838255,0.04355911
375316653866487564,5356324912536418560,0.5174372,2112.624098528018,3.7615740608310966,1.13921515E-5,19.659214,0.011661149,0.1963637,0.0021533447,0.06819573,0.0039187684,0.5163553,0.020936344,0.68094206,0.004115588,0.08293431,0.005527842,0.43342596,0.036404897,null,null,null,null,"TWOGAUSSIANS",8,2.345112,0.1963637,0.0021533447,0.38189608,0.021945102,0.5135764,0.021133257,0.68094206,0.004115588,0.4,0.0,0.43064705,0.03695495
375316653866487564,5356325462305255552,0.5941521,2131.990343342377,2.9199769495608483,4.222785E-6,18.54462,0.02016218,0.26584965,0.0018388794,0.06161187,0.005983156,0.342707,0.041867293,0.75190103,0.0031477695,0.049751345,0.005372122,0.29720777,0.043243658,0.09759684,0.025324976,0.26584965,0.0018388794,"TWOGAUSSIANS_WITH_ELLIPSOIDAL_ON_ECLIPSE1",9,3.599702,0.26584965,0.0018388794,0.34502646,0.033505674,0.53780884,0.012269044,0.75348103,0.0029241615,0.27860755,0.030083884,0.49098322,0.018716907
375316653866487564,5356325492342362368,0.5408659,2138.2725332255504,0.9982423199932364,1.6177062E-5,18.18247,0.0047794324,0.39116675,0.0066991653,0.023012154,0.009269257,0.32781,1.6085837,0.8893166,0.0025241852,0.018759873,0.0022987872,0.7710698,0.11347021,null,null,null,null,"TWOGAUSSIANS",8,9.038822,0.8893166,0.0025241852,0.105055295,0.012873208,0.7710698,0.11347021,0.39116675,0.0066991653,0.12886806,0.05190784,0.32781,1.6085837
375316653866487564,5356326355658489088,0.559717,2117.082306365598,3.7739134925653195,8.940853E-6,16.912897,0.008623443,0.22269458,0.003715381,0.0827971,0.0043167537,0.34418795,0.012254126,0.73391974,0.003177807,0.08986443,0.0049627754,0.3915021,0.022393903,null,null,null,null,"TWOGAUSSIANS",8,20.04049,0.73391974,0.003177807,0.4,0.0,0.38232,0.023475656,0.22269458,0.003715381,0.4,0.0,0.33500603,0.011377002
375316653866487564,5356326767962576896,0.5309052,2129.6232996406725,0.6049933939887014,3.799351E-5,18.734993,0.0028616132,0.32402736,6.716841E-5,0.009219314,1.5526041E-4,0.6110204,0.015190395,0.68978035,0.01616313,0.026441075,0.017473284,0.022988638,0.03409279,null,null,null,null,"TWOGAUSSIANS",8,1.2991718,0.32402736,6.716841E-5,0.05162816,8.694583E-4,0.6110204,0.015190395,0.68978035,0.01616313,0.14807002,0.09785039,0.022988638,0.03409279
375316653866487564,5356327042839631872,0.5469757,2107.2342214832524,3.1276181382786787,1.1081057E-5,19.021702,0.013644813,0.2936719,0.0040504276,0.08106641,0.0051496327,0.4946666,0.018530158,0.8021385,0.005296118,0.08760254,0.006167959,0.41981798,0.018912306,null,null,null,null,"TWOGAUSSIANS",8,4.7189903,0.2936719,0.0040504276,0.4,0.0,0.4850224,0.018050488,0.8021385,0.005296118,0.4,0.0,0.41017368,0.016209085
375316653866487564,5356327214651844096,0.5311206,2122.38192855365,0.9648166588212547,5.0133203E-5,17.238192,0.0047470867,0.23259196,0.0022493193,0.015087189,0.0029089372,0.6213303,0.082271084,0.73783934,0.0066830395,0.032587368,0.0059533715,0.10950515,0.008504519,null,null,null,null,"TWOGAUSSIANS",8,31.719473,0.23259196,0.0022493193,0.08448826,0.016290048,0.6213303,0.082271084,0.73783934,0.0066830395,0.18248926,0.03333888,0.10950515,0.008504519
375316653866487564,5356327248998061184,0.61338055,2136.6899694345043,2.7354130538504027,3.5469707E-6,18.023458,0.0074489145,0.24897426,9.949949E-4,0.04644594,0.0026147042,0.3323299,0.024932608,0.7476365,0.0027511271,0.044108048,0.0038945943,0.3172651,0.02611592,0.1377257,0.01968555,0.24897426,9.949949E-4,"TWOGAUSSIANS_WITH_ELLIPSOIDAL_ON_ECLIPSE1",9,6.250386,0.24897426,9.949949E-4,0.26009727,0.014642343,0.6077811,0.016282888,0.7477965,0.0024443113,0.24700508,0.021809727,0.5926991,0.019103685
375316653866487564,5356327248998062592,0.50072867,2132.5456825931324,0.5143325863618521,1.721891E-5,19.733948,0.011686172,0.24785906,0.00786177,0.047719985,0.010467093,0.21860693,0.04343603,0.7117465,0.0075571365,0.05184149,0.0064866403,0.7778356,0.27717593,null,null,null,null,"TWOGAUSSIANS",8,2.7738996,0.7117465,0.0075571365,0.29031235,0.036325186,0.7778352,0.27717674,0.24785906,0.00786177,0.2672319,0.05861572,0.21860652,0.043437127
375316653866487564,5356327553926787456,0.52790564,2125.779523855177,0.15436409381972718,5.4169564E-6,16.9001,0.008783166,0.16312306,0.015421562,0.025351683,0.0141254375,0.065220244,0.031519633,0.7939687,2.6516983E-4,0.016411467,4.616935E-4,0.68434054,0.020493243,0.016615454,0.008862123,0.16312306,0.015421562,"TWOGAUSSIANS_WITH_ELLIPSOIDAL_ON_ECLIPSE1",9,104.17635,0.7939687,2.6516983E-4,0.09190421,0.0025854835,0.69973654,0.022081103,0.16312306,0.015421562,0.14196943,0.07910245,0.0984511,0.02789679
375316653866487564,5356327760085206528,0.4341516,2124.5256880683637,3.7874083732702353,1.4801426E-5,18.467697,0.00310209,null,null,null,null,null,null,null,null,null,null,null,null,0.054056898,0.004339327,0.23613843,0.0062877936,"ELLIPSOIDAL",4,4.8073964,null,null,null,null,null,null,null,null,null,null,null,null
375316653866487564,5356327936206360192,0.53181475,2124.6400270854615,2.947173373639376,1.5735153E-5,16.780794,0.010165545,0.19414474,0.004448008,0.0991089,0.007386784,0.18574196,0.009956529,0.696332,0.0033000319,0.097147584,0.007800495,0.22720785,0.013800521,null,null,null,null,"TWOGAUSSIANS",8,10.268355,0.696332,0.0033000319,0.4,0.0,0.21168612,0.016958665,0.19414474,0.004448008,0.4,0.0,0.17021993,0.0061607403
375316653866487564,5356328034963123584,0.5108835,2158.444007454485,1.4945742237690267,1.207007E-5,17.509636,0.006212425,0.22875787,0.0057149273,0.020497017,0.0038705666,0.11272358,0.04746948,0.5949739,0.0019850703,0.024744803,0.0033536751,0.75616074,0.08015049,null,null,null,null,"TWOGAUSSIANS",8,49.120766,0.5949739,0.0019850703,0.1385709,0.018780582,0.75616074,0.08015049,0.22875787,0.0057149273,0.114783294,0.021675173,0.11272358,0.04746948
375316653866487564,5356328073636850688,0.44105214,2171.1070547423974,0.05167841841211768,1.1760643E-5,14.626033,0.0014338323,0.15630771,0.005106604,0.040185604,0.00442801,0.14542735,0.04428079,0.66106176,0.014311615,0.067911536,0.007993811,0.05722878,0.011323378,null,null,null,null,"TWOGAUSSIANS",8,17.857721,0.15630771,0.005106604,0.22503938,0.024796857,0.1454245,0.04428334,0.66106176,0.014311615,0.3803046,0.04337534,0.057225928,0.011324125
375316653866487564,5356328760831662464,0.44193244,2147.960892545803,0.7775939523866627,3.729993E-5,18.462948,0.027942648,0.26644003,0.01837102,0.08694906,0.024656557,0.18082988,0.03237043,0.7709327,0.010135988,0.10265202,0.022158768,0.2124572,0.027250845,null,null,null,null,"TWOGAUSSIANS",8,15.4321,0.7709327,0.010135988,0.4,0.0,0.2010456,0.023396788,0.26644003,0.018378656,0.4,0.0,0.16942133,0.025435448
375316653866487564,5356329894703033984,0.50862676,2159.520254633851,0.5918972355999219,4.4678443E-5,11.060457,7.0185465E-4,0.40866828,0.024451112,0.059830837,0.029230215,0.006856668,0.0025480224,0.6058837,0.006196404,0.033226844,0.004820544,0.116930276,0.014552708,null,null,null,null,"TWOGAUSSIANS",8,26.455507,0.6058837,0.006196404,0.18607032,0.026995044,0.11696025,0.014548512,0.40866828,0.024451112,0.33505267,0.15071182,0.00685667,0.0025480245
375316653866487564,5356329959108673280,0.58223575,2133.442847415748,2.437472138074473,4.376149E-6,17.50449,0.009126773,0.24469022,0.0014990413,0.096828125,0.0036513284,0.2670899,0.00899079,0.74230003,0.0016906244,0.098343864,0.003734307,0.26320037,0.009249695,null,null,null,null,"TWOGAUSSIANS",8,3.3582494,0.24469022,0.0014990413,0.4,0.0,0.24778675,0.005952551,0.74230003,0.0016906244,0.4,0.0,0.24389678,0.006095766
375316653866487564,5356330066501446400,0.4676124,2136.5598574333417,1.358247919263851,7.5453745E-6,17.954401,0.0022893017,0.21657206,7.533541E-4,0.023994993,9.263374E-4,0.09121765,0.0028463332,0.71766543,0.0025406876,0.029667094,0.003422988,0.097625114,0.010557962,null,null,null,null,"TWOGAUSSIANS",8,2.6343315,0.71766543,0.0025406876,0.16613573,0.019168735,0.097625114,0.010557962,0.21657206,7.533541E-4,0.13437197,0.005187489,0.09121765,0.0028463332
375316653866487564,5356330165261816320,0.6059721,2156.258355883762,2.260536145399922,6.0358166E-6,18.5296,0.0050653904,0.13888417,0.0025435493,0.08333423,0.0031663089,0.34194073,0.0074140835,0.6422379,0.0016990145,0.083582744,0.0023697433,0.35473597,0.008140026,null,null,null,null,"TWOGAUSSIANS",8,1.2710253,0.6422379,0.0016990145,0.4,0.0,0.3473521,0.007814869,0.13888417,0.0025435493,0.4,0.0,0.33455685,0.00718122
375316653866487564,5356331097293909376,0.46454835,2154.9535333916647,2.4253570855533164,1.8950619E-5,17.455387,0.005043624,0.24325486,0.007615849,0.05230553,0.07613237,0.020179605,0.01813222,0.6445775,0.0128622,0.05097608,0.009996057,0.07147899,0.017680498,0.038104314,0.008048546,0.24325486,0.007615849,"TWOGAUSSIANS_WITH_ELLIPSOIDAL_ON_ECLIPSE1",9,11.425483,0.66034746,0.0113797495,0.28546605,0.055977914,0.12547155,0.0152306305,0.24325486,0.007615849,0.29291096,0.23697633,0.09638782,0.014641033
375316653866487564,5356331097299537024,0.47798252,2134.9375467077225,1.1334930462364108,1.90715E-5,19.071772,0.0044575892,0.26570776,0.025808841,0.03706512,0.025314568,0.08419825,0.02517489,0.7518489,0.0040010083,0.039593894,0.0061956355,0.33337206,0.081658624,null,null,null,null,"TWOGAUSSIANS",8,2.2240207,0.7518489,0.0040010083,0.2217258,0.03469556,0.33337206,0.081658624,0.26570776,0.025808841,0.20756467,0.14176157,0.08419825,0.02517508
375316653866487564,5356331406509166464,0.4776653,2144.4184506265055,1.8056698145405006,2.448963E-5,19.477146,0.00934968,0.36046603,0.024209935,0.06458579,0.02701527,0.067341,0.02618645,0.7038265,0.0041267886,0.07935364,0.007114618,0.2650826,0.02593654,null,null,null,null,"TWOGAUSSIANS",8,2.5497732,0.7038265,0.0041267886,0.4,0.0,0.26507407,0.025958657,0.36054602,0.024333943,0.36168042,0.094550386,0.06735528,0.02625316
375316653866487564,5356332471659747584,0.4760943,2136.9030774361468,3.068951541491932,1.5489733E-5,19.099829,0.011586647,0.21136765,0.004025376,0.07875866,0.005940629,0.31082723,0.012323248,0.7027786,0.025831396,0.06938089,0.026425034,0.23391612,0.15831412,null,null,null,null,"TWOGAUSSIANS",8,5.7881536,0.21136765,0.004025376,0.4,0.0,0.30932996,0.011534871,0.7027786,0.025831396,0.38853294,0.13654299,0.23241885,0.15942152
375316653866487564,5356333154559075072,0.52742845,2121.342155344301,0.8161164959754851,8.5415195E-6,17.353586,0.005099755,0.15177523,0.006116138,0.0066736345,0.007181398,0.05905713,0.5187156,0.66142005,0.01578887,0.03472739,0.008119263,0.43377143,0.09765103,0.008028001,0.006755288,0.15177523,0.006116138,"TWOGAUSSIANS_WITH_ELLIPSOIDAL_ON_ECLIPSE1",9,12.247762,0.66142005,0.01577908,0.19447339,0.04546787,0.4497685,0.09018322,0.15177523,0.006116138,0.037372354,0.04021583,0.075113125,0.5188572
375316653866487564,5356333261957134720,0.5575371,2145.040582082998,2.7550357026453196,7.0055844E-6,16.35907,0.041096825,0.23977074,0.0027135843,0.046958532,0.020320758,0.12944771,0.07429721,0.7355297,0.00900753,0.04890004,0.042552747,0.18738174,0.24658851,0.09494237,0.041526873,0.23977074,0.0027135843,"TWOGAUSSIANS_WITH_ELLIPSOIDAL_ON_ECLIPSE1",9,26.331827,0.73620975,0.008240612,0.27384025,0.19997889,0.37715262,0.27025348,0.23977074,0.0027135843,0.26296777,0.11379624,0.31933177,0.02527632
375316653866487564,5356334670706418816,0.45672733,2148.910076763386,0.7866266250343793,2.4826259E-5,15.018155,9.6392445E-4,null,null,null,null,null,null,null,null,null,null,null,null,0.016679212,0.0011816021,0.24210517,0.006772636,"ELLIPSOIDAL",4,13.825799,null,null,null,null,null,null,null,null,null,null,null,null
375316653866487564,5356336045095689856,0.51019603,2135.677922028331,3.171573178746874,1.3170385E-5,16.647593,0.45214742,0.28509557,0.0044717495,0.13176383,0.07308758,0.2306909,0.4217379,0.7852831,0.0045557977,0.13625191,0.08338442,0.23862684,0.43115506,null,null,null,null,"TWOGAUSSIANS",8,14.803847,0.7852831,0.004569698,0.4,0.0,0.15671599,0.0078071426,0.28508556,0.004727799,0.4,0.0,0.14900374,0.008782901
375316653866487564,5356336075137068288,0.45261118,2125.8909985826986,1.7183304761036755,1.205229E-5,17.893824,0.002632171,0.18249626,0.0636339,0.016195023,0.028145395,0.036069825,0.028180761,0.60682195,0.0016387153,0.021064775,0.0038437017,0.21660085,0.05794161,null,null,null,null,"TWOGAUSSIANS",8,6.146095,0.60682195,0.0016387153,0.11796275,0.02152473,0.21660085,0.05794161,0.18249626,0.0636339,0.09069213,0.15761422,0.036069825,0.028180761
375316653866487564,5356336521813767936,0.5027019,2142.91229609978,1.1923681882922437,1.5338856E-5,17.911346,0.27622205,0.24781036,0.0058893464,0.14672054,0.11723623,0.13511214,0.26910105,0.74517226,0.004557728,0.13344201,0.058618356,0.17528087,0.24153818,null,null,null,null,"TWOGAUSSIANS",8,2.028269,0.74517226,0.004557728,0.4,0.0,0.1154092,0.006293399,0.24791037,0.0058758967,0.4,0.0,0.07474064,0.005579134
375316653866487564,5356336693612516096,0.5680348,2135.9803589052053,1.4399361393844134,1.6854593E-6,17.882402,0.0057934946,0.28876564,4.8629058E-4,0.030880406,0.0013336234,0.5636758,0.02470565,0.7892923,0.0047461735,0.028067812,0.004037818,0.37865943,0.06429423,0.021502912,0.0107994,0.28876564,4.8629058E-4,"TWOGAUSSIANS_WITH_ELLIPSOIDAL_ON_ECLIPSE1",9,9.190563,0.28876564,4.8629058E-4,0.17293027,0.007468291,0.6066816,0.029902425,0.7892923,0.0047311,0.15717974,0.02261178,0.42166469,0.06544611
375316653866487564,5356337385125830400,0.5172669,2132.8186917863277,0.8965304425483521,5.4593856E-5,17.037682,0.0019502768,0.14235514,0.04532106,0.027807314,0.047980305,0.026259948,10787.006,0.65164113,0.0039309287,0.0393819,0.004148422,0.094222955,0.0054948484,0.0074944473,0.0034396905,0.14235514,0.04532106,"TWOGAUSSIANS_WITH_ELLIPSOIDAL_ON_ECLIPSE1",9,2.0404644,0.65164113,0.0039232774,0.22053865,0.023231164,0.109160885,0.0042939745,0.14235514,0.04532106,0.15572096,0.26868972,0.04124884,10787.008
375316653866487564,5356337690049852032,0.64573467,2123.838750951262,0.758323838203823,2.345703E-6,17.82519,0.001419747,0.61384875,8.513237E-4,0.039783437,5.992069E-4,0.5351803,0.011402492,0.84562594,0.003083435,0.009107062,0.0019667456,0.029845253,0.0046714344,null,null,null,null,"TWOGAUSSIANS",8,1.6527122,0.61384875,8.513237E-4,0.22278725,0.0033555587,0.5351803,0.011402492,0.84562594,0.003083435,0.050999545,0.011013775,0.029845275,0.004671427
375316653866487564,5356337831802450176,0.46310875,2163.2756791575616,3.022415686211007,2.4493276E-5,14.686557,0.09928851,0.22691219,0.004768263,0.17824529,0.03687558,0.5403981,0.17536578,0.73191464,0.005405302,0.23024113,0.057623286,0.6391144,0.09077939,null,null,null,null,"TWOGAUSSIANS",8,103.71569,0.22194219,0.0054412168,0.4,0.0,0.10990916,0.012304549,0.73498464,0.005437227,0.4,0.0,0.108814955,0.008694772
