Gaia/vari_eclipsing_binary/VariEclipsingBinary_383946-384257.csv
# %ECSV 1.0
# ---
# delimiter: ','
# meta: !!omap
# - RELEASE: Gaia DR3
# - TABLE: vari_eclipsing_binary
# - DESCRIPTION: >
#     This table describes the properties of the eclipsing binaries resulting from the variability analysis. 
# - CITATION: >
#     How to cite and acknowledge Gaia: 
#     https://gea.esac.esa.int/archive/documentation/credits.html 
# - KNOWN_ISSUES: >
#     Known issues: 
#     https://www.cosmos.esa.int/web/gaia-users/known-issues 
# - DOCUMENTATION: >
#     Tutorials and documentation: 
#     https://www.cosmos.esa.int/web/gaia-users/archive 
# datatype:
# - 
#   name: solution_id
#   datatype: int64
#   description: Solution Identifier
#   meta:
#     ucd: meta.version
# - 
#   name: source_id
#   datatype: int64
#   description: Unique source identifier
#   meta:
#     ucd: meta.id;meta.main
# - 
#   name: global_ranking
#   datatype: float32
#   description: Number between 0 (worst) and 1 (best)
#   meta:
#     ucd: stat.param
# - 
#   name: reference_time
#   datatype: float64
#   unit: d
#   description: Reference time used for the geometric model fit
#   meta:
#     ucd: time.epoch
# - 
#   name: frequency
#   datatype: float64
#   unit: d**-1
#   description: Frequency of geometric model of the eclipsing binary light curve
#   meta:
#     ucd: src.orbital
# - 
#   name: frequency_error
#   datatype: float32
#   unit: d**-1
#   description: "Uncertainty of \\texttt{frequency}"
#   meta:
#     ucd: stat.error
# - 
#   name: geom_model_reference_level
#   datatype: float32
#   unit: mag
#   description: Magnitude reference level of geometric model
#   meta:
#     ucd: phot.mag;em.opt
# - 
#   name: geom_model_reference_level_error
#   datatype: float32
#   unit: mag
#   description: "Uncertainty of \\texttt{geomModelReferenceLevel}"
#   meta:
#     ucd: stat.error;phot.mag;em.opt
# - 
#   name: geom_model_gaussian1_phase
#   datatype: float32
#   description: Phase of the Gaussian 1 component
#   meta:
#     ucd: time.phase
# - 
#   name: geom_model_gaussian1_phase_error
#   datatype: float32
#   description: "Uncertainty of \\texttt{geomModelGaussian1Phase}"
#   meta:
#     ucd: stat.error;time.phase
# - 
#   name: geom_model_gaussian1_sigma
#   datatype: float32
#   description: "Standard deviation [phase] of Gaussian 1 component"
#   meta:
#     ucd: stat.stdev
# - 
#   name: geom_model_gaussian1_sigma_error
#   datatype: float32
#   description: "Uncertainty of \\texttt{geomModelGaussian1Sigma}"
#   meta:
#     ucd: stat.error
# - 
#   name: geom_model_gaussian1_depth
#   datatype: float32
#   unit: mag
#   description: Magnitude depth of Gaussian 1 component
#   meta:
#     ucd: src.var.amplitude
# - 
#   name: geom_model_gaussian1_depth_error
#   datatype: float32
#   unit: mag
#   description: "Uncertainty of \\texttt{geomModelGaussian1Depth}"
#   meta:
#     ucd: stat.error;src.var.amplitude
# - 
#   name: geom_model_gaussian2_phase
#   datatype: float32
#   description: Phase of Gaussian 2 component
#   meta:
#     ucd: time.phase
# - 
#   name: geom_model_gaussian2_phase_error
#   datatype: float32
#   description: "Uncertainty of \\texttt{geomModelGaussian2Phase}"
#   meta:
#     ucd: stat.error;time.phase
# - 
#   name: geom_model_gaussian2_sigma
#   datatype: float32
[...]
#   datatype: float32
#   description: "Secondary eclipse: uncertainty of \\texttt{derivedSecondaryEclDuration}"
#   meta:
#     ucd: stat.error;time.duration
# - 
#   name: derived_secondary_ecl_depth
#   datatype: float32
#   unit: mag
#   description: "Secondary eclipse: depth"
#   meta:
#     ucd: src.var.amplitude
# - 
#   name: derived_secondary_ecl_depth_error
#   datatype: float32
#   unit: mag
#   description: "Secondary eclipse: uncertainty of \\texttt{derivedSecondaryEclDepth}"
#   meta:
#     ucd: stat.error;src.var.amplitude
solution_id,source_id,global_ranking,reference_time,frequency,frequency_error,geom_model_reference_level,geom_model_reference_level_error,geom_model_gaussian1_phase,geom_model_gaussian1_phase_error,geom_model_gaussian1_sigma,geom_model_gaussian1_sigma_error,geom_model_gaussian1_depth,geom_model_gaussian1_depth_error,geom_model_gaussian2_phase,geom_model_gaussian2_phase_error,geom_model_gaussian2_sigma,geom_model_gaussian2_sigma_error,geom_model_gaussian2_depth,geom_model_gaussian2_depth_error,geom_model_cosine_half_period_amplitude,geom_model_cosine_half_period_amplitude_error,geom_model_cosine_half_period_phase,geom_model_cosine_half_period_phase_error,model_type,num_model_parameters,reduced_chi2,derived_primary_ecl_phase,derived_primary_ecl_phase_error,derived_primary_ecl_duration,derived_primary_ecl_duration_error,derived_primary_ecl_depth,derived_primary_ecl_depth_error,derived_secondary_ecl_phase,derived_secondary_ecl_phase_error,derived_secondary_ecl_duration,derived_secondary_ecl_duration_error,derived_secondary_ecl_depth,derived_secondary_ecl_depth_error
[from data line 406]
375316653866487564,3378637878827090432,0.49288577,2299.699454671807,3.2580510675502006,4.0032817E-5,17.256413,0.093552046,0.2611647,0.097600795,0.10747498,0.1013452,0.091845065,0.12298632,0.7625467,0.008393246,0.1305619,0.07614943,0.092505895,0.09262811,null,null,null,null,"TWOGAUSSIANS",8,5.2493076,0.7625467,0.008460629,0.4,0.0,0.07256561,0.008536985,0.26114467,0.09763288,0.4,0.25222558,0.07202213,0.119743206
375316653866487564,3378642792268115712,0.4739918,2177.8595232151106,4.02250021377157,2.1922242E-5,19.340628,0.019879289,0.27207664,0.0049122986,0.070087835,0.008933921,0.28915435,0.016194085,0.75601995,0.023765666,0.0768678,0.017993754,0.28608137,0.037957653,null,null,null,null,"TWOGAUSSIANS",8,3.0197425,0.27207664,0.0049122986,0.39249188,0.036783118,0.28794804,0.01455804,0.75601995,0.023765666,0.4,0.054461863,0.28487507,0.03699189
375316653866487564,3378645815925152512,0.55912924,2155.203962498211,3.3527493201405676,6.6508833E-6,18.27431,0.028685186,0.27980855,0.0098731555,0.084974095,0.016461993,0.31133568,0.035108365,0.7874343,0.0023306985,0.07084079,0.008379588,0.288797,0.024225272,null,null,null,null,"TWOGAUSSIANS",8,3.7225873,0.27980855,0.0098731555,0.4,0.0,0.30836502,0.033100635,0.7874343,0.0023306985,0.39670843,0.031911366,0.28582636,0.020520234
375316653866487564,3378652206836400896,0.4747454,2290.470212668832,2.897025602060322,3.077457E-5,16.764692,0.056185804,0.18755446,0.0035652672,0.063226044,0.005607095,0.13932294,0.011654327,0.708591,0.018219778,0.2725564,0.026215458,0.17838836,0.055407874,null,null,null,null,"TWOGAUSSIANS",8,21.873161,0.18620446,0.0030512873,0.35406584,0.03139973,0.114915885,0.0070941313,0.708591,0.018219778,0.4,0.0,0.087593466,0.009389601
375316653866487564,3378658425950045696,0.5868118,2238.556431836447,4.213569325369203,1.41404425E-5,19.376606,0.012503448,0.28053734,0.008111113,0.066654146,0.0070750727,0.6894531,0.024284823,0.7911967,0.0014238191,0.071105406,0.0031533602,0.63569283,0.0377133,null,null,null,null,"TWOGAUSSIANS",8,2.3318753,0.28053734,0.008111113,0.3732632,0.039620407,0.68808126,0.02429792,0.7911967,0.0014238191,0.3981903,0.014681631,0.634321,0.037951395
375316653866487564,3378658632107699840,0.55993,2281.9792431561477,0.08800105586467201,9.999961E-5,17.863516,0.017778287,0.32229912,0.013763679,0.07412047,0.021231366,0.30634746,0.022738516,0.86639935,0.032362252,0.054583263,0.013478986,0.38443133,0.114958696,null,null,null,null,"TWOGAUSSIANS",8,7.0300484,0.86639935,0.032362252,0.30566627,0.075482324,0.38434377,0.115084,0.32229912,0.013763679,0.4,0.036040146,0.3062599,0.022455277
375316653866487564,3378660624972983296,0.6031897,2229.110694550236,4.396565403479579,4.3453954E-5,17.076641,0.013418056,0.24897794,0.024371201,0.04959729,0.014687359,0.44223014,0.116362095,0.7568781,0.003934399,0.042758282,0.008054309,0.3732518,0.044360008,0.1394854,0.018138286,0.7568781,0.003934399,"TWOGAUSSIANS_WITH_ELLIPSOIDAL_ON_ECLIPSE2",9,29.390543,0.24983795,0.020617558,0.2777448,0.08224921,0.72058684,0.10985742,0.7568781,0.003934399,0.23944639,0.04510413,0.6522205,0.047441665
375316653866487564,3378661655765185664,0.5667966,2241.2029950360406,3.092814225844081,1.6585991E-5,17.575136,0.01120303,0.30302873,0.004881384,0.083088465,0.005845486,0.3534167,0.01731443,0.8037089,0.004855779,0.09056703,0.005446899,0.28997582,0.013784038,null,null,null,null,"TWOGAUSSIANS",8,7.387905,0.30302873,0.004881384,0.4,0.0,0.34345314,0.017087905,0.8037089,0.004855779,0.4,0.0,0.28001213,0.011016365
375316653866487564,3378664133959691392,0.4859549,2265.950162145084,0.35201103025795427,2.980202E-5,19.513397,0.21214728,0.053793,0.011323708,0.04342697,0.02506713,0.16903454,0.038714405,0.6583109,0.02188249,0.21404101,0.113420576,0.34763253,0.20234922,null,null,null,null,"TWOGAUSSIANS",8,2.2517145,0.6583109,0.02188249,0.4,0.0,0.29889625,0.09725945,0.048362996,0.0053662835,0.24319103,0.14037593,0.19103359,0.058816444
375316653866487564,3378664821156641024,0.6047749,2220.542039762376,2.3947336873668834,1.2681978E-5,13.937,0.3884146,0.23889071,0.0064704893,0.12463359,0.095434815,0.17401639,0.38244987,0.7353182,0.0040932936,0.112869404,0.042221554,0.18648978,0.30008748,null,null,null,null,"TWOGAUSSIANS",8,22.966469,0.7353182,0.004078004,0.4,0.0,0.14869313,0.00712862,0.2389007,0.0065435385,0.4,0.0,0.13612828,0.0055391425
375316653866487564,3378682340327908480,0.49699292,2255.698379107039,2.4174308476716053,3.0086287E-5,17.322275,0.024011187,0.25434786,0.007894143,0.08344285,0.012875575,0.18321232,0.022911878,0.7464029,0.013922415,0.07302836,0.025723858,0.31562048,0.07866548,null,null,null,null,"TWOGAUSSIANS",8,7.1643825,0.7464029,0.013922415,0.4,0.016596185,0.31320828,0.08731094,0.25434786,0.007894143,0.4,0.0,0.18080013,0.015730781
375316653866487564,3378682653860701568,0.5913926,2234.013869630413,1.2753406568325891,6.0099756E-5,13.414668,0.0032112824,0.29088143,0.006326719,0.029939687,0.0016786578,0.551667,0.16517374,0.66678846,0.015454245,0.010545977,0.027842538,0.05013186,0.047250364,0.0064659026,0.004572293,0.66678846,0.015454245,"TWOGAUSSIANS_WITH_ELLIPSOIDAL_ON_ECLIPSE2",9,50.634617,0.29075143,0.0062507167,0.16766225,0.009400484,0.5582119,0.16231894,0.66678846,0.015454245,0.059057474,0.15591821,0.06306366,0.047018882
375316653866487564,3378685780597316992,0.531817,2257.627215985984,2.0759953662095163,6.304648E-5,15.968095,0.014128822,0.24643268,0.010515594,0.06380298,0.020592099,0.111282766,0.030822027,0.71482325,0.013437764,0.034471046,0.016132755,0.21105677,0.04813502,0.046401285,0.01745218,0.24643268,0.010515594,"TWOGAUSSIANS_WITH_ELLIPSOIDAL_ON_ECLIPSE1",9,55.292667,0.7160433,0.013666717,0.19303787,0.09034343,0.3003337,0.05847428,0.24643268,0.010515594,0.3572967,0.106670044,0.20403442,0.010184689
375316653866487564,3378693610321347456,0.5544949,2155.429178039508,2.7289606984842862,8.291642E-6,17.408642,0.027238047,0.21019039,0.0023010292,0.07639764,0.0168788,0.35516748,0.04384055,0.71272516,0.016934661,0.07566259,0.022215826,0.33147854,0.022553632,null,null,null,null,"TWOGAUSSIANS",8,11.989156,0.21019039,0.0023010292,0.4,0.0,0.35225108,0.051198058,0.71272516,0.016934661,0.4,0.0,0.3285621,0.019921204
375316653866487564,3378695916720074624,0.6425972,2251.086980719391,3.160914926161767,8.105759E-6,16.604721,0.0045042015,0.27911532,7.1410276E-4,0.071789525,0.0021032514,0.21676935,0.004192988,0.77620953,0.010179561,0.07705414,0.01085843,0.22365412,0.007817015,null,null,null,null,"TWOGAUSSIANS",8,3.303026,0.77620953,0.010179561,0.4,0.0,0.2221925,0.0068442756,0.27911532,7.1410276E-4,0.4,0.0019054462,0.21530773,0.0031649838
375316653866487564,3378700001232786048,0.62162983,2171.2103952042567,2.7715007368474067,9.726144E-6,17.131454,0.009677826,0.24981084,0.003666424,0.07987899,0.0054186475,0.42393723,0.01324094,0.7561178,0.00220795,0.07512068,0.0041252645,0.43881458,0.012807362,null,null,null,null,"TWOGAUSSIANS",8,10.027422,0.7561178,0.00220795,0.4,0.0,0.43466157,0.012462158,0.24981084,0.003666424,0.4,0.0,0.41978422,0.012968039
375316653866487564,3378702170192175360,0.45799145,2197.8710787431855,0.2170335051198094,2.1879998E-5,17.569946,0.0073312507,0.4852108,0.0050241468,0.079685606,0.0077682245,0.14069924,0.017995875,0.742466,0.004013053,0.031446043,0.0063900417,0.07400872,0.010587566,null,null,null,null,"TWOGAUSSIANS",8,10.742141,0.4852108,0.0050241468,0.4,0.0,0.14069924,0.017995877,0.742466,0.004013053,0.17609784,0.035784233,0.07477625,0.010863714
375316653866487564,3378705468727175424,0.558034,2192.3957872354154,0.09081679969302263,4.9356855E-5,16.875572,0.009652951,0.22124618,0.003913086,0.07819556,0.042048212,0.18260472,0.12816523,0.7127443,0.0071261167,0.066752434,0.009445382,0.26547843,0.027205821,null,null,null,null,"TWOGAUSSIANS",8,2.0946558,0.7127443,0.0071261167,0.37381363,0.05116462,0.26456177,0.027789988,0.22124618,0.003913086,0.4,0.017106544,0.18168806,0.13289998
375316653866487564,3378707014915481728,0.53201354,2210.040058678671,3.8512635008659153,1.0027426E-5,19.310411,0.024639849,0.18744706,0.0328335,0.057741456,0.03066012,0.7157449,0.9848916,0.7002735,0.0017281182,0.05562227,0.004927652,0.5747571,0.05266597,null,null,null,null,"TWOGAUSSIANS",8,3.2371485,0.18744706,0.0328335,0.32335216,0.12741797,0.71569866,0.98529285,0.7002735,0.0017281182,0.31148472,0.027594851,0.57471085,0.052601166
375316653866487564,3378710034276475648,0.5637886,2241.4826221765156,3.9344997558445263,2.1005975E-5,19.323294,0.02127886,0.32084495,0.009269317,0.072074406,0.0077182157,0.54503804,0.035116702,0.8444722,0.0054504476,0.08148518,0.006037106,0.5442975,0.018561777,null,null,null,null,"TWOGAUSSIANS",8,1.4604452,0.32084495,0.009269317,0.4,0.02297367,0.54179156,0.03304184,0.8444722,0.0054504476,0.4,0.0,0.541051,0.016498266
375316653866487564,3378713955582471424,0.52745444,2226.2915114666393,1.7569151171368838,1.8252136E-5,12.758222,0.029725047,0.15996015,0.0070297346,0.085698485,0.0097251255,0.39364973,0.03450467,0.6558198,0.009472368,0.11651215,0.02279016,0.20412642,0.02610634,null,null,null,null,"TWOGAUSSIANS",8,444.0853,0.15996015,0.007038234,0.4,0.0,0.37036484,0.02092991,0.6558198,0.009472368,0.4,0.0,0.1808002,0.017911801
375316653866487564,3378714402259045504,0.6209065,2216.1343101980233,1.9034549071187439,1.470826E-5,14.235918,0.008480339,0.19362094,0.0017380558,0.098769784,0.0053172596,0.14728615,0.008214234,0.6896056,0.0017778876,0.10902133,0.008325779,0.15501745,0.0042246296,null,null,null,null,"TWOGAUSSIANS",8,11.435507,0.6896056,0.0017778876,0.4,0.0,0.13906984,0.0060642404,0.19362094,0.0017387093,0.4,0.0,0.13134623,0.0028136226
375316653866487564,3378716390828220672,0.47256494,2221.313843979258,3.971765933941759,3.610944E-5,18.46943,0.07185549,0.2566198,0.044406816,0.099002115,0.046883818,0.13615154,0.067145,0.7888924,0.024601398,0.10247695,0.07290008,0.12651597,0.052921485,null,null,null,null,"TWOGAUSSIANS",8,3.6243982,0.2566098,0.0443686,0.4,0.031986658,0.12815449,0.017695852,0.7889024,0.02449308,0.4,0.0,0.11851695,0.024577603
375316653866487564,3378716566922638592,0.62738585,2223.0306791253743,3.694633947513573,1.2994789E-5,13.465415,0.03711088,0.15836665,0.029572075,0.05692382,0.02011003,0.4244889,0.12997685,0.6701569,0.0026259015,0.05083838,0.007009839,0.4104605,0.06978571,0.0819813,0.040023286,0.6701569,0.0026259015,"TWOGAUSSIANS_WITH_ELLIPSOIDAL_ON_ECLIPSE2",9,781.6477,0.15942664,0.026142707,0.31877342,0.09359913,0.5876203,0.113702655,0.6701569,0.0026259015,0.28469494,0.039255098,0.57440966,0.022650255
375316653866487564,3378718418052876672,0.47870505,2156.3401782738674,1.5815642195381399,2.1711156E-5,18.539236,0.0037360205,0.2054197,0.011635438,0.04664078,0.0136575,0.06817772,0.022041326,0.7360695,7.545114E-4,0.027284447,0.0011394769,0.55563635,0.09370756,null,null,null,null,"TWOGAUSSIANS",8,1.3842347,0.7360695,7.545114E-4,0.1527929,0.0063810702,0.55563635,0.09370756,0.2054197,0.011635438,0.26118836,0.076482,0.06817772,0.02204133
375316653866487564,3378718830369817856,0.55954367,2233.518420254726,2.8493808536598326,3.990079E-5,16.783907,0.030056162,0.26869226,0.008596679,0.06825026,0.041787922,0.13299003,0.14976826,0.7762933,0.008514168,0.04801405,0.016178587,0.118253976,0.06038912,0.09082902,0.031232083,0.26869226,0.008596679,"TWOGAUSSIANS_WITH_ELLIPSOIDAL_ON_ECLIPSE1",9,29.817509,0.26869226,0.008596679,0.3822015,0.1423772,0.31448793,0.14845973,0.7762933,0.008239672,0.26887867,0.09060009,0.29933786,0.02656436
375316653866487564,3378719002168443264,0.5598405,2223.6094493094715,1.5280326369900925,6.9826274E-5,18.366238,0.0045419973,0.43461815,0.00376764,0.026191311,0.0015324418,0.6869505,0.124845564,0.78690237,0.042571884,0.039161578,0.057534188,0.018424064,2.3283905E33,null,null,null,null,"TWOGAUSSIANS",8,2.1625357,0.43461815,0.00376764,0.14667134,0.008581674,0.6869505,0.124845564,0.78690237,0.042571884,0.21930483,0.32219145,0.018424064,2.3283905E33
375316653866487564,3378730650120539776,0.5426594,2244.0228219537844,0.5980686044820339,2.594036E-5,17.241232,0.0043915925,0.16725688,0.14022213,0.009684091,0.04743954,0.73119855,2.3842983,0.9253857,0.010831281,0.042842045,0.01686218,0.028165823,0.011056744,null,null,null,null,"TWOGAUSSIANS",8,7.923489,0.16725688,0.14022213,0.05423091,0.26566142,0.73119855,2.3842983,0.9253857,0.010831281,0.23991545,0.09442821,0.028165823,0.011056744
375316653866487564,3378742366788819840,0.6692635,2234.608673547625,3.2391648134995514,9.791019E-6,16.203365,0.0177581,0.24507345,0.0035224468,0.050385844,0.004644566,0.51996994,0.048970383,0.7505173,0.0014375254,0.044939335,0.00349423,0.45733538,0.041514173,0.119929746,0.024338268,0.7505173,0.0014375254,"TWOGAUSSIANS_WITH_ELLIPSOIDAL_ON_ECLIPSE2",9,25.645508,0.24553345,0.0031187024,0.28216073,0.02600957,0.75957114,0.031342365,0.7505173,0.0014375254,0.2516603,0.019567689,0.69719344,0.013037784
375316653866487564,3378743775538153600,0.5148368,2218.7751493799133,3.4017394452030723,3.7812115E-5,18.760157,0.02160238,0.22774102,0.008653104,0.07923718,0.012562738,0.28061706,0.031381246,0.74017733,0.015202511,0.0844068,0.0187795,0.28704858,0.042749546,null,null,null,null,"TWOGAUSSIANS",8,5.6511674,0.74017733,0.015202511,0.4,0.0,0.28283444,0.04497354,0.22774102,0.008653104,0.4,0.0,0.27640295,0.030153707
375316653866487564,3378749517911475200,0.54009503,2207.2930537106204,2.9557804547220967,2.1317874E-5,15.939162,0.022180496,0.3141231,0.00429738,0.10022016,0.009778761,0.36885935,0.041655026,0.7861385,0.0067094723,0.09285519,0.010073547,0.32210484,0.022829495,null,null,null,null,"TWOGAUSSIANS",8,62.84669,0.3141231,0.00429738,0.4,0.0,0.35243908,0.043191325,0.7861385,0.0067094723,0.4,0.0,0.30568972,0.014425871
375316653866487564,3378751201538721920,0.5017034,2217.250517635285,0.21090317934956027,7.689276E-5,15.105402,0.0016635588,0.2769116,8.228485E-4,0.034844615,0.0010085535,0.27664903,0.0028924795,0.89072645,0.0048041767,0.01053586,0.0061509185,0.08036111,0.00952696,null,null,null,null,"TWOGAUSSIANS",8,57.757267,0.2769116,8.228485E-4,0.19512984,0.0056478996,0.27664903,0.0028924795,0.89072645,0.0048041767,0.059000816,0.034445144,0.08036111,0.00952696
375316653866487564,3378758962544074880,0.5244371,2162.8155311001356,0.2920025299039534,6.009461E-5,19.754564,0.03422067,0.17524128,0.12700613,0.07366582,0.014240667,0.3582336,0.29985967,0.6846622,0.013426163,0.074237235,0.02882858,0.44229603,0.03265631,null,null,null,null,"TWOGAUSSIANS",8,3.374844,0.6846622,0.013426163,0.4,0.05388456,0.440183,0.032350183,0.17524128,0.12723404,0.4,0.042331703,0.3561206,0.2968786
375316653866487564,3378782292806813440,0.50176036,2221.263802946877,2.3808750459333132,1.032998E-6,13.853984,0.0019795897,0.16964945,0.033025187,0.010404627,0.03193775,0.052070793,0.6044072,0.42082283,1.6843258E-4,0.0092691695,1.3951432E-4,0.34581998,0.00665361,null,null,null,null,"TWOGAUSSIANS",8,208.22107,0.42082283,1.6843258E-4,0.05190735,7.812802E-4,0.34581998,0.00665361,0.16964945,0.033025187,0.05826591,0.17885138,0.052070793,0.6044072
375316653866487564,3378784835427570048,0.46169847,2223.5635171471654,0.8673935937092425,1.21284735E-4,17.602081,0.0032882942,0.2462165,0.022614216,0.06958188,0.017722037,0.060322277,0.007181275,0.7711691,0.02063728,0.08625922,0.019329496,0.04820138,0.007294593,null,null,null,null,"TWOGAUSSIANS",8,2.3958812,0.2462165,0.022614216,0.38965854,0.05152973,0.05995903,0.0067208223,0.7711691,0.02063728,0.4,0.017633991,0.04783812,0.0073568863
375316653866487564,3378792536304033920,0.55317456,2250.240373727563,3.863656055998468,2.2679882E-5,19.428492,0.03163122,0.32089293,0.027615912,0.06758694,0.028294997,0.3539518,0.051127393,0.84622514,0.02405404,0.06581982,0.023044113,0.4508086,0.16821297,null,null,null,null,"TWOGAUSSIANS",8,2.376988,0.84622514,0.02405404,0.368591,0.05298869,0.45046636,0.17598203,0.32089293,0.027615912,0.37848687,0.06927425,0.3536096,0.044963196
