Gaia/vari_eclipsing_binary/VariEclipsingBinary_514007-514100.csv
# %ECSV 1.0
# ---
# delimiter: ','
# meta: !!omap
# - RELEASE: Gaia DR3
# - TABLE: vari_eclipsing_binary
# - DESCRIPTION: >
#     This table describes the properties of the eclipsing binaries resulting from the variability analysis. 
# - CITATION: >
#     How to cite and acknowledge Gaia: 
#     https://gea.esac.esa.int/archive/documentation/credits.html 
# - KNOWN_ISSUES: >
#     Known issues: 
#     https://www.cosmos.esa.int/web/gaia-users/known-issues 
# - DOCUMENTATION: >
#     Tutorials and documentation: 
#     https://www.cosmos.esa.int/web/gaia-users/archive 
# datatype:
# - 
#   name: solution_id
#   datatype: int64
#   description: Solution Identifier
#   meta:
#     ucd: meta.version
# - 
#   name: source_id
#   datatype: int64
#   description: Unique source identifier
#   meta:
#     ucd: meta.id;meta.main
# - 
#   name: global_ranking
#   datatype: float32
#   description: Number between 0 (worst) and 1 (best)
#   meta:
#     ucd: stat.param
# - 
#   name: reference_time
#   datatype: float64
#   unit: d
#   description: Reference time used for the geometric model fit
#   meta:
#     ucd: time.epoch
# - 
#   name: frequency
#   datatype: float64
#   unit: d**-1
#   description: Frequency of geometric model of the eclipsing binary light curve
#   meta:
#     ucd: src.orbital
# - 
#   name: frequency_error
#   datatype: float32
#   unit: d**-1
#   description: "Uncertainty of \\texttt{frequency}"
#   meta:
#     ucd: stat.error
# - 
#   name: geom_model_reference_level
#   datatype: float32
#   unit: mag
#   description: Magnitude reference level of geometric model
#   meta:
#     ucd: phot.mag;em.opt
# - 
#   name: geom_model_reference_level_error
#   datatype: float32
#   unit: mag
#   description: "Uncertainty of \\texttt{geomModelReferenceLevel}"
#   meta:
#     ucd: stat.error;phot.mag;em.opt
# - 
#   name: geom_model_gaussian1_phase
#   datatype: float32
#   description: Phase of the Gaussian 1 component
#   meta:
#     ucd: time.phase
# - 
#   name: geom_model_gaussian1_phase_error
#   datatype: float32
#   description: "Uncertainty of \\texttt{geomModelGaussian1Phase}"
#   meta:
#     ucd: stat.error;time.phase
# - 
#   name: geom_model_gaussian1_sigma
#   datatype: float32
#   description: "Standard deviation [phase] of Gaussian 1 component"
#   meta:
#     ucd: stat.stdev
# - 
#   name: geom_model_gaussian1_sigma_error
#   datatype: float32
#   description: "Uncertainty of \\texttt{geomModelGaussian1Sigma}"
#   meta:
#     ucd: stat.error
# - 
#   name: geom_model_gaussian1_depth
#   datatype: float32
#   unit: mag
#   description: Magnitude depth of Gaussian 1 component
#   meta:
#     ucd: src.var.amplitude
# - 
#   name: geom_model_gaussian1_depth_error
#   datatype: float32
#   unit: mag
#   description: "Uncertainty of \\texttt{geomModelGaussian1Depth}"
#   meta:
#     ucd: stat.error;src.var.amplitude
# - 
#   name: geom_model_gaussian2_phase
#   datatype: float32
#   description: Phase of Gaussian 2 component
#   meta:
#     ucd: time.phase
# - 
#   name: geom_model_gaussian2_phase_error
#   datatype: float32
#   description: "Uncertainty of \\texttt{geomModelGaussian2Phase}"
#   meta:
#     ucd: stat.error;time.phase
# - 
#   name: geom_model_gaussian2_sigma
#   datatype: float32
[...]
#   datatype: float32
#   description: "Secondary eclipse: uncertainty of \\texttt{derivedSecondaryEclDuration}"
#   meta:
#     ucd: stat.error;time.duration
# - 
#   name: derived_secondary_ecl_depth
#   datatype: float32
#   unit: mag
#   description: "Secondary eclipse: depth"
#   meta:
#     ucd: src.var.amplitude
# - 
#   name: derived_secondary_ecl_depth_error
#   datatype: float32
#   unit: mag
#   description: "Secondary eclipse: uncertainty of \\texttt{derivedSecondaryEclDepth}"
#   meta:
#     ucd: stat.error;src.var.amplitude
solution_id,source_id,global_ranking,reference_time,frequency,frequency_error,geom_model_reference_level,geom_model_reference_level_error,geom_model_gaussian1_phase,geom_model_gaussian1_phase_error,geom_model_gaussian1_sigma,geom_model_gaussian1_sigma_error,geom_model_gaussian1_depth,geom_model_gaussian1_depth_error,geom_model_gaussian2_phase,geom_model_gaussian2_phase_error,geom_model_gaussian2_sigma,geom_model_gaussian2_sigma_error,geom_model_gaussian2_depth,geom_model_gaussian2_depth_error,geom_model_cosine_half_period_amplitude,geom_model_cosine_half_period_amplitude_error,geom_model_cosine_half_period_phase,geom_model_cosine_half_period_phase_error,model_type,num_model_parameters,reduced_chi2,derived_primary_ecl_phase,derived_primary_ecl_phase_error,derived_primary_ecl_duration,derived_primary_ecl_duration_error,derived_primary_ecl_depth,derived_primary_ecl_depth_error,derived_secondary_ecl_phase,derived_secondary_ecl_phase_error,derived_secondary_ecl_duration,derived_secondary_ecl_duration_error,derived_secondary_ecl_depth,derived_secondary_ecl_depth_error
[from data line 357]
375316653866487564,4521577849391636864,0.503567,2216.2809114423912,2.6615179791435404,9.8226965E-6,18.993443,0.03390152,0.25217605,0.004342713,0.08587296,0.008967742,0.37585416,0.03061923,0.7634139,0.0051057464,0.12982208,0.023196846,0.19398111,0.029086942,null,null,null,null,"TWOGAUSSIANS",8,2.9406643,0.25213605,0.0043900595,0.4,0.0,0.3471376,0.015615732,0.7634139,0.0051057464,0.4,0.0,0.16501918,0.009349736
375316653866487564,4521577948157453184,0.5706626,2223.1180912584814,2.670336377369547,6.6536827E-6,17.392975,0.010557581,0.23085587,0.0014338472,0.054897036,0.010975886,0.09998654,0.019440684,0.7201662,0.006348045,0.048405122,0.010177171,0.0884429,0.023399247,0.09898037,0.01301933,0.23085587,0.0014338472,"TWOGAUSSIANS_WITH_ELLIPSOIDAL_ON_ECLIPSE1",9,6.6542654,0.23085587,0.0014338472,0.30742338,0.06146496,0.29794395,0.012665051,0.72329617,0.0043692924,0.27106866,0.05699216,0.2857693,0.009709591
375316653866487564,4521578085596410112,0.5920543,2232.52629481477,3.024435466897229,5.6912245E-6,18.76725,0.012578568,0.28728947,0.0013957053,0.052237976,0.0034416185,0.4179332,0.03618335,0.78550655,0.0037899602,0.04815216,0.0054288944,0.35800064,0.030544013,0.10541072,0.018049764,0.28728947,0.0013957053,"TWOGAUSSIANS_WITH_ELLIPSOIDAL_ON_ECLIPSE1",9,2.4186368,0.28728947,0.0013957053,0.29253268,0.019273065,0.6287493,0.028615486,0.78567654,0.0035527865,0.2696521,0.03040181,0.5687929,0.011357307
375316653866487564,4521578880181956352,0.4239221,2253.210699435029,0.42602949902407133,4.3334523E-5,18.8102,0.010412411,0.28733882,0.004263979,0.012621063,0.0059382133,0.33976442,0.08522829,0.78313345,0.0032849568,0.015341321,0.005840679,0.39438036,0.22819892,null,null,null,null,"TWOGAUSSIANS",8,32.15888,0.78313345,0.0032849568,0.08591139,0.032707803,0.39438036,0.22819892,0.28733882,0.004263979,0.07067795,0.033253994,0.33976442,0.08522829
375316653866487564,4521581281049810816,0.6023442,2252.1163756708347,1.1828803045775473,5.322412E-6,18.241001,0.0022191992,0.23888616,6.717154E-4,0.039005797,9.236019E-4,0.58178115,0.009695742,0.73960793,0.0032000693,0.045895953,0.0042396374,0.13744068,0.010404413,null,null,null,null,"TWOGAUSSIANS",8,1.678236,0.23888616,6.717154E-4,0.21843247,0.0051721707,0.58178115,0.009695743,0.73960793,0.0032000693,0.2570173,0.02374197,0.13744067,0.010404428
375316653866487564,4521581835119486080,0.6410924,2263.9370471735765,0.05169998677379531,1.0454028E-6,15.087141,4.0306294E-4,0.4821046,0.0036456876,0.011325883,0.002664659,0.00823271,0.0038765788,0.6633186,3.2928027E-4,0.007210821,3.1296597E-4,0.23691867,0.0038452519,null,null,null,null,"TWOGAUSSIANS",8,3.745574,0.6633186,3.2928027E-4,0.040380597,0.0017526094,0.23691867,0.0038452519,0.4821046,0.0036456876,0.06342494,0.014922091,0.00823271,0.0038765788
375316653866487564,4521582006918192128,0.5081347,2260.641293117229,0.18734753148715313,1.4091871E-4,16.56586,0.009526095,0.45168912,0.010905587,0.14250024,0.012581653,0.19112103,0.011856873,0.90813917,0.0043098917,0.013439468,0.005401489,1.6938235,16.501493,null,null,null,null,"TWOGAUSSIANS",8,73.32588,0.90813917,0.0043098917,0.07526102,0.030248338,1.6941605,16.5015,0.45168912,0.010905587,0.4,0.0,0.1901949,0.01152939
375316653866487564,4521582758518843648,0.56037205,2266.9376483917495,3.415162946487985,6.396113E-6,18.913723,0.0073473128,0.32281533,0.0029047644,0.07092965,0.0036395958,0.49183258,0.021314614,0.81801045,0.0019237597,0.06832499,0.0030358962,0.38445836,0.012549663,null,null,null,null,"TWOGAUSSIANS",8,3.4919233,0.32281533,0.0029047644,0.397206,0.016769571,0.4906117,0.021477353,0.81801045,0.0019237597,0.38261995,0.01700102,0.38323745,0.012576764
375316653866487564,4521585472938137728,0.5188376,2274.817077680399,3.1200600001465086,1.209038E-5,18.03427,0.019823547,0.23643523,0.0040124375,0.102873094,0.008316266,0.25460982,0.019371644,0.74997866,0.0032165216,0.11415612,0.0122176,0.20962179,0.016361943,null,null,null,null,"TWOGAUSSIANS",8,4.993959,0.23641524,0.004006489,0.4,0.0,0.22677836,0.007720391,0.7499886,0.003223986,0.4,0.0,0.18176252,0.008030555
375316653866487564,4521585614690798208,0.63063926,2289.3926287720947,2.724782319765533,3.5251078E-6,16.733397,0.005036276,0.26730788,0.001035572,0.044680126,0.0019686124,0.25868815,0.013611747,0.7671797,0.0017442465,0.050341535,0.0032269629,0.24169055,0.013163201,0.11597465,0.008561422,0.26730788,0.001035572,"TWOGAUSSIANS_WITH_ELLIPSOIDAL_ON_ECLIPSE1",9,11.332328,0.26730788,0.001035572,0.2502087,0.01102423,0.4906359,0.0071913856,0.76719975,0.0015117449,0.2819126,0.018070992,0.47363818,0.008759836
375316653866487564,4521586336245331200,0.6908656,2270.0276458142594,0.49281104944143084,1.6646808E-6,16.002485,7.8684365E-4,0.29295686,0.034152836,0.07869245,0.017743425,0.004340796,0.0012619366,0.5702196,5.650884E-4,0.033749785,5.9359934E-4,0.53128356,0.005818299,null,null,null,null,"TWOGAUSSIANS",8,3.933473,0.5702196,5.650884E-4,0.1889988,0.0033241564,0.5312923,0.0058133304,0.29295686,0.034152836,0.4,0.0,0.004340796,0.0012619381
375316653866487564,4521587676275008128,0.43713564,2250.9946316600895,3.1691631141387324,2.4409324E-5,18.891846,0.9057634,0.22837397,0.014889977,0.16899021,0.16894738,0.34037706,0.8929559,0.74441713,0.011885751,0.13518068,0.058344614,0.3599547,0.6080848,null,null,null,null,"TWOGAUSSIANS",8,6.080855,0.7465771,0.0063402723,0.4,0.0,0.20517226,0.03107285,0.22760399,0.012931982,0.4,0.0,0.17754607,0.023878796
375316653866487564,4521590145862989824,0.51021975,2297.3590487041924,2.655005942770252,1.2381163E-5,18.169699,0.0135935005,0.2822944,0.0046702754,0.087686695,0.0076320954,0.22561444,0.0140314475,0.7869196,0.004529798,0.09282532,0.008654055,0.23213445,0.012892814,null,null,null,null,"TWOGAUSSIANS",8,8.4948635,0.7869196,0.004529798,0.4,0.0,0.2229381,0.009461314,0.2822944,0.0046702754,0.4,0.0,0.2164183,0.010225837
375316653866487564,4521590699932420736,0.51238185,2264.583061086279,0.9922073258890188,5.6503654E-6,19.51616,0.0045736656,0.23244299,0.0026509508,0.042505335,0.0045213643,0.19012989,0.013425234,0.72957647,0.0013837898,0.029685538,0.0029211352,0.650971,0.14675213,null,null,null,null,"TWOGAUSSIANS",8,1.4992893,0.72957647,0.0013837898,0.16623902,0.016358357,0.650971,0.14675213,0.23244299,0.0026509508,0.23802987,0.025319641,0.19012989,0.013425234
375316653866487564,4521590699932422784,0.5905793,2262.4591929502817,1.2592980325946854,2.7382785E-6,15.938436,0.0039603068,0.21415403,0.0019331422,0.025717737,0.0013715284,0.7076105,0.024318397,0.7137387,0.0015528875,0.02625449,0.0010544616,0.5902569,0.027804062,0.0072021266,0.0052814092,0.21415403,0.0019331422,"TWOGAUSSIANS_WITH_ELLIPSOIDAL_ON_ECLIPSE1",9,85.5333,0.21415403,0.0019331422,0.14401932,0.007680559,0.7220147,0.023485366,0.7137387,0.0015528875,0.14702514,0.0059049847,0.60466105,0.024391338
375316653866487564,4521590699934572032,0.48431218,2235.0632995106102,3.66659272244027,2.0914564E-5,19.448341,0.01324144,0.27733856,0.008437343,0.07989287,0.006060159,0.45349464,0.03290072,0.7657867,0.0032071362,0.08245889,0.0046704384,0.52061915,0.017307587,null,null,null,null,"TWOGAUSSIANS",8,4.9705925,0.7657867,0.0032071362,0.4,0.0,0.51382595,0.0166414,0.27733856,0.008437343,0.4,0.0,0.44670147,0.032377165
375316653866487564,4521592280482563072,0.59926784,2273.737138657191,1.879477932376221,1.6861031E-5,19.898472,0.0027859178,0.19503124,8.867074E-5,0.0026284964,1.3766941E-4,0.047191378,0.0034672832,0.39854556,0.003846878,0.016476888,0.006698764,1.6378007,0.16137457,3.360298E-5,0.002854948,0.19503124,8.867074E-5,"TWOGAUSSIANS_WITH_ELLIPSOIDAL_ON_ECLIPSE1",9,0.9838524,0.39854556,0.003846878,0.09227057,0.037513077,1.6378063,0.1612732,0.19503124,8.867074E-5,0.01471958,7.709487E-4,0.047258582,0.0041779084
375316653866487564,4521592624077805952,0.55181825,2263.389099080022,4.351587966434855,6.635389E-6,16.247536,0.0038957142,0.2771198,0.003815707,0.08111732,0.005355267,0.11094709,0.0054700784,0.77107066,0.0021263217,0.09950223,0.0050312807,0.1056157,0.0034802365,null,null,null,null,"TWOGAUSSIANS",8,5.644698,0.2771198,0.003815707,0.4,0.0,0.10671078,0.0055542025,0.77107066,0.0021263217,0.4,0.0,0.101378664,0.002490247
375316653866487564,4521594342064740736,0.54925275,2249.1676500118733,3.625276972561079,7.068472E-6,16.598099,0.012932924,0.27018586,0.0047393753,0.09429592,0.009147318,0.25572476,0.013612234,0.75440913,0.0021762748,0.09637351,0.0060436544,0.26495335,0.012690518,null,null,null,null,"TWOGAUSSIANS",8,19.046507,0.75440913,0.0021762748,0.4,0.0,0.25153834,0.010479633,0.27018586,0.0047393753,0.4,0.0,0.24231023,0.014154529
375316653866487564,4521594784428937600,0.51360065,2258.580469724908,0.609560249906559,6.8003365E-6,19.43031,0.0043421066,0.14989808,0.0018843076,0.011687071,0.0015701549,0.5162101,0.04247178,0.64353126,0.0022130283,0.019492695,0.0012003882,0.49218366,0.09510465,null,null,null,null,"TWOGAUSSIANS",8,2.7787452,0.14989808,0.0018843076,0.0654476,0.008792868,0.5162101,0.04247178,0.64353126,0.0022130283,0.10915909,0.006722174,0.49218366,0.09510465
375316653866487564,4521596094411441152,0.46099007,2263.3538819963637,0.04098593522329624,1.2789023E-5,16.565285,0.005100932,0.34886786,0.029166386,0.04945386,0.013325072,0.07694056,0.034580193,0.793906,2.7805666E-4,0.0031449823,4.7704685E-4,0.5016856,0.03127253,0.03826376,0.00683835,0.793906,2.7805666E-4,"TWOGAUSSIANS_WITH_ELLIPSOIDAL_ON_ECLIPSE2",9,126.472885,0.793906,2.7805666E-4,0.0176119,0.0026714625,0.57821304,0.03377995,0.34032786,0.026450597,0.2769416,0.0746204,0.14600123,0.040802844
375316653866487564,4521597395767697536,0.5159164,2302.3899760613212,0.48957183530929926,1.01459755E-5,18.976961,0.006825205,0.15362184,7.292131E-4,0.0194772,5.856664E-4,0.72838646,0.023822954,0.6521411,0.0015775588,0.022044526,0.0028996596,0.65838224,0.10989376,null,null,null,null,"TWOGAUSSIANS",8,9.371436,0.15362184,7.292131E-4,0.10907232,0.0032797316,0.72838646,0.023822954,0.6521411,0.0015775588,0.123449355,0.016238093,0.65838224,0.10989376
375316653866487564,4521598907596219520,0.5145979,2284.502305697639,2.853602536106582,1.09048815E-5,18.684837,0.0053046867,0.29644072,0.0025922572,0.07179173,0.0030213196,0.24407202,0.0072646737,0.8032097,0.004896995,0.07496193,0.0056894794,0.18632181,0.008366086,null,null,null,null,"TWOGAUSSIANS",8,2.8053486,0.29644072,0.0025922572,0.4,0.009093045,0.24297866,0.007063539,0.8032097,0.004896995,0.4,0.0,0.18522844,0.008322726
375316653866487564,4521599732230050304,0.5721251,2274.5801342116256,0.8433483727142705,3.2908827E-6,17.887665,0.0047743837,0.24060836,5.402252E-4,0.018024836,7.296279E-4,0.53466624,0.022794116,0.7396635,3.872574E-4,0.0172839,4.6394728E-4,0.7417845,0.011570043,null,null,null,null,"TWOGAUSSIANS",8,16.566637,0.7396635,3.872574E-4,0.096789844,0.0025981048,0.7417845,0.011570043,0.24060836,5.402252E-4,0.10093908,0.004085916,0.53466624,0.022794116
375316653866487564,4521599839622626432,0.4440488,2269.8314326770746,1.0506853939318919,4.8901482E-5,17.648306,0.005240224,0.21766691,0.0044647628,0.019330306,0.00563595,0.10481614,0.039163537,0.71651065,0.009496086,0.03378848,0.0075578145,0.18774031,0.021056801,0.012608016,0.00906527,0.21766691,0.0044647628,"TWOGAUSSIANS_WITH_ELLIPSOIDAL_ON_ECLIPSE1",9,25.599115,0.71652067,0.00942413,0.18921548,0.04232376,0.212955,0.020846087,0.21766691,0.0044647628,0.10824972,0.03156132,0.13003214,0.039665833
375316653866487564,4521600561177157760,0.63404113,2247.7184457502326,0.6865587355698226,2.320139E-6,16.656946,0.0018469512,0.2755739,9.054452E-4,0.035453625,0.0016531684,0.15381368,0.0066730706,0.77487254,6.5111887E-4,0.031546146,6.0816196E-4,0.43064,0.011566438,0.0143871615,0.0023657552,0.2755739,9.054452E-4,"TWOGAUSSIANS_WITH_ELLIPSOIDAL_ON_ECLIPSE1",9,5.164664,0.77487254,6.388467E-4,0.1766584,0.003405707,0.45941377,0.012008908,0.2755739,9.054452E-4,0.1985403,0.009257743,0.182588,0.0068299617
375316653866487564,4521603619193896704,0.48665118,2251.4723196886102,0.8058345777083454,1.0335618E-5,18.198736,0.0015708561,0.2888823,0.0030559562,0.02016065,0.0022194923,0.14268228,0.010936888,0.78184545,0.018932724,0.022684729,0.014719898,0.031736918,0.07947828,null,null,null,null,"TWOGAUSSIANS",8,1.7834582,0.2888823,0.0030559562,0.112899646,0.012429157,0.14268228,0.010936888,0.78184545,0.018932724,0.12703449,0.08243143,0.031736918,0.07947828
375316653866487564,4521604340748482432,0.49489236,2233.7954534926303,2.3114535658925233,1.3872477E-5,19.742268,0.008774015,0.25743267,0.0036289296,0.0837473,0.005600265,0.26081353,0.01185121,0.7505583,0.004876687,0.08612469,0.0069592884,0.2652434,0.01604679,null,null,null,null,"TWOGAUSSIANS",8,1.0677303,0.7505583,0.004876687,0.4,0.0,0.25911003,0.016400512,0.25743267,0.0036289296,0.4,0.0,0.25468016,0.011486318
375316653866487564,4521604370795992320,0.45653617,2240.9034539047934,0.14899933438899376,2.956128E-5,19.90559,0.015008274,0.31653318,0.0026425652,0.020123376,0.0050275247,0.41212222,0.11417927,0.6463596,0.019619383,0.15235431,0.023051359,0.14569819,0.021389393,null,null,null,null,"TWOGAUSSIANS",8,2.7650185,0.31673318,0.0026309947,0.1126909,0.028154137,0.42480326,0.118425205,0.6463596,0.019619383,0.4,0.0,0.14436242,0.021157967
375316653866487564,4521606299255855872,0.5989298,2245.96932208292,0.9464725244530636,2.2633424E-6,16.564327,0.002028326,0.2862774,3.4543057E-4,0.03702733,6.4437505E-4,0.30081585,0.004125452,0.7885851,0.023957016,0.02858372,0.012069102,0.05332724,0.013369449,0.0070572975,0.0027264638,0.2862774,3.4543057E-4,"TWOGAUSSIANS_WITH_ELLIPSOIDAL_ON_ECLIPSE1",9,6.0958695,0.2862774,3.4543057E-4,0.20735306,0.0036085001,0.3149304,0.0037201087,0.7885851,0.023892837,0.16006884,0.06758697,0.06743883,0.013122514
375316653866487564,4521607909848290944,0.55927193,2253.5126178548603,3.062378185746502,8.488807E-6,17.789682,0.031222317,0.23070331,0.002212749,0.04815447,0.010574698,0.25846392,0.058806255,0.7205959,0.0064964825,0.064230435,0.019595515,0.30737683,0.042815,0.100122765,0.032409795,0.23070331,0.002212749,"TWOGAUSSIANS_WITH_ELLIPSOIDAL_ON_ECLIPSE1",9,14.947848,0.7223659,0.0050212056,0.35969043,0.10944521,0.50687265,0.044482704,0.23070331,0.002212749,0.26966503,0.059218314,0.4586255,0.015899159
375316653866487564,4521608631402812032,0.5160282,2261.1768574329512,3.0915304663928858,2.107768E-5,19.35034,0.0071847364,0.35019,0.0033593231,0.05511616,0.0044081258,0.5782738,0.039720014,0.84833807,0.010162349,0.048946492,0.008590889,0.21252818,0.035093766,null,null,null,null,"TWOGAUSSIANS",8,4.5639496,0.35019,0.0033593231,0.30865052,0.024685504,0.57826734,0.03972424,0.84833807,0.010162349,0.27410036,0.04810898,0.21252179,0.03509752
375316653866487564,4521609082394670848,0.51597834,2226.8555686478335,2.8808993400490923,1.4057657E-5,18.777925,0.019503932,0.24288422,0.004475304,0.030983096,0.049218435,0.101414256,0.021167677,0.7061299,0.029486362,0.04624255,0.034942657,0.033283014,0.042500194,0.08890169,0.021280488,0.24288422,0.004475304,"TWOGAUSSIANS_WITH_ELLIPSOIDAL_ON_ECLIPSE1",9,1.979285,0.24288422,0.004475304,0.17350534,0.23010293,0.27921757,0.06153764,0.7241699,0.030512111,0.25895828,0.19567889,0.20620053,0.017391376
375316653866487564,4521609146798932736,0.61432546,2240.396143043099,3.135407530580086,2.9591383E-6,18.714134,0.010003951,0.29909703,0.0014180971,0.043942887,0.0028773341,0.41232607,0.026316427,0.80016893,0.0012151939,0.048380684,0.0025905592,0.5865448,0.027801747,0.124766834,0.015395768,0.29909703,0.0014180971,"TWOGAUSSIANS_WITH_ELLIPSOIDAL_ON_ECLIPSE1",9,3.5145712,0.80016893,0.0012151939,0.2709318,0.014507131,0.83606607,0.026800102,0.29909703,0.0014180971,0.24608016,0.01611307,0.6618586,0.015944174
