Gaia/vari_eclipsing_binary/VariEclipsingBinary_464612-464647.csv
# %ECSV 1.0
# ---
# delimiter: ','
# meta: !!omap
# - RELEASE: Gaia DR3
# - TABLE: vari_eclipsing_binary
# - DESCRIPTION: >
#     This table describes the properties of the eclipsing binaries resulting from the variability analysis. 
# - CITATION: >
#     How to cite and acknowledge Gaia: 
#     https://gea.esac.esa.int/archive/documentation/credits.html 
# - KNOWN_ISSUES: >
#     Known issues: 
#     https://www.cosmos.esa.int/web/gaia-users/known-issues 
# - DOCUMENTATION: >
#     Tutorials and documentation: 
#     https://www.cosmos.esa.int/web/gaia-users/archive 
# datatype:
# - 
#   name: solution_id
#   datatype: int64
#   description: Solution Identifier
#   meta:
#     ucd: meta.version
# - 
#   name: source_id
#   datatype: int64
#   description: Unique source identifier
#   meta:
#     ucd: meta.id;meta.main
# - 
#   name: global_ranking
#   datatype: float32
#   description: Number between 0 (worst) and 1 (best)
#   meta:
#     ucd: stat.param
# - 
#   name: reference_time
#   datatype: float64
#   unit: d
#   description: Reference time used for the geometric model fit
#   meta:
#     ucd: time.epoch
# - 
#   name: frequency
#   datatype: float64
#   unit: d**-1
#   description: Frequency of geometric model of the eclipsing binary light curve
#   meta:
#     ucd: src.orbital
# - 
#   name: frequency_error
#   datatype: float32
#   unit: d**-1
#   description: "Uncertainty of \\texttt{frequency}"
#   meta:
#     ucd: stat.error
# - 
#   name: geom_model_reference_level
#   datatype: float32
#   unit: mag
#   description: Magnitude reference level of geometric model
#   meta:
#     ucd: phot.mag;em.opt
# - 
#   name: geom_model_reference_level_error
#   datatype: float32
#   unit: mag
#   description: "Uncertainty of \\texttt{geomModelReferenceLevel}"
#   meta:
#     ucd: stat.error;phot.mag;em.opt
# - 
#   name: geom_model_gaussian1_phase
#   datatype: float32
#   description: Phase of the Gaussian 1 component
#   meta:
#     ucd: time.phase
# - 
#   name: geom_model_gaussian1_phase_error
#   datatype: float32
#   description: "Uncertainty of \\texttt{geomModelGaussian1Phase}"
#   meta:
#     ucd: stat.error;time.phase
# - 
#   name: geom_model_gaussian1_sigma
#   datatype: float32
#   description: "Standard deviation [phase] of Gaussian 1 component"
#   meta:
#     ucd: stat.stdev
# - 
#   name: geom_model_gaussian1_sigma_error
#   datatype: float32
#   description: "Uncertainty of \\texttt{geomModelGaussian1Sigma}"
#   meta:
#     ucd: stat.error
# - 
#   name: geom_model_gaussian1_depth
#   datatype: float32
#   unit: mag
#   description: Magnitude depth of Gaussian 1 component
#   meta:
#     ucd: src.var.amplitude
# - 
#   name: geom_model_gaussian1_depth_error
#   datatype: float32
#   unit: mag
#   description: "Uncertainty of \\texttt{geomModelGaussian1Depth}"
#   meta:
#     ucd: stat.error;src.var.amplitude
# - 
#   name: geom_model_gaussian2_phase
#   datatype: float32
#   description: Phase of Gaussian 2 component
#   meta:
#     ucd: time.phase
# - 
#   name: geom_model_gaussian2_phase_error
#   datatype: float32
#   description: "Uncertainty of \\texttt{geomModelGaussian2Phase}"
#   meta:
#     ucd: stat.error;time.phase
# - 
#   name: geom_model_gaussian2_sigma
#   datatype: float32
[...]
#   datatype: float32
#   description: "Secondary eclipse: uncertainty of \\texttt{derivedSecondaryEclDuration}"
#   meta:
#     ucd: stat.error;time.duration
# - 
#   name: derived_secondary_ecl_depth
#   datatype: float32
#   unit: mag
#   description: "Secondary eclipse: depth"
#   meta:
#     ucd: src.var.amplitude
# - 
#   name: derived_secondary_ecl_depth_error
#   datatype: float32
#   unit: mag
#   description: "Secondary eclipse: uncertainty of \\texttt{derivedSecondaryEclDepth}"
#   meta:
#     ucd: stat.error;src.var.amplitude
solution_id,source_id,global_ranking,reference_time,frequency,frequency_error,geom_model_reference_level,geom_model_reference_level_error,geom_model_gaussian1_phase,geom_model_gaussian1_phase_error,geom_model_gaussian1_sigma,geom_model_gaussian1_sigma_error,geom_model_gaussian1_depth,geom_model_gaussian1_depth_error,geom_model_gaussian2_phase,geom_model_gaussian2_phase_error,geom_model_gaussian2_sigma,geom_model_gaussian2_sigma_error,geom_model_gaussian2_depth,geom_model_gaussian2_depth_error,geom_model_cosine_half_period_amplitude,geom_model_cosine_half_period_amplitude_error,geom_model_cosine_half_period_phase,geom_model_cosine_half_period_phase_error,model_type,num_model_parameters,reduced_chi2,derived_primary_ecl_phase,derived_primary_ecl_phase_error,derived_primary_ecl_duration,derived_primary_ecl_duration_error,derived_primary_ecl_depth,derived_primary_ecl_depth_error,derived_secondary_ecl_phase,derived_secondary_ecl_phase_error,derived_secondary_ecl_duration,derived_secondary_ecl_duration_error,derived_secondary_ecl_depth,derived_secondary_ecl_depth_error
[from data line 75]
375316653866487564,4086810164149789824,0.46590447,2239.7262787761356,2.4160691086774584,1.8060442E-5,16.287458,0.007974958,0.2268554,0.03360345,0.056835063,0.039691374,0.11688031,0.094999656,0.7017293,0.0069337245,0.033050578,0.069829024,0.19903637,0.07755421,null,null,null,null,"TWOGAUSSIANS",8,28.947063,0.7017293,0.0069337245,0.18508324,0.2048349,0.19903637,0.07878912,0.2268554,0.033604056,0.31827635,0.2222717,0.1168803,0.09495809
375316653866487564,4086810743949707264,0.5015637,2164.687327869585,0.10792822152974005,6.31894E-5,18.854671,0.00532657,0.13381422,0.023196094,0.056956805,0.012508017,0.13656716,0.03222032,0.61524934,0.016392628,0.06182531,0.018587368,0.13697386,0.05258545,null,null,null,null,"TWOGAUSSIANS",8,0.90941226,0.61524934,0.016392628,0.34622172,0.07029085,0.136954,0.05280111,0.13381422,0.023196094,0.3189581,0.0700449,0.1365473,0.032221902
375316653866487564,4086811710315186560,0.50182754,2217.8684339917163,3.092531306871375,1.551314E-5,18.763348,0.019484634,0.21697275,0.0076984987,0.108709954,0.01760441,0.12877369,0.020609323,0.7411779,0.008775266,0.08623387,0.019929904,0.12817565,0.022525055,null,null,null,null,"TWOGAUSSIANS",8,1.055589,0.21697275,0.0076984987,0.4,0.0,0.12191108,0.014171059,0.74119794,0.008748992,0.4,0.0,0.12132307,0.019855948
375316653866487564,4086812019552957568,0.5816743,2201.3195761290885,2.5618673653450066,1.4903281E-5,17.854122,0.014361199,0.33022773,0.0019561897,0.07984559,0.0043097376,0.29762253,0.015468295,0.8240068,0.0051948065,0.08493431,0.0077783605,0.3084041,0.017136937,null,null,null,null,"TWOGAUSSIANS",8,5.5631332,0.8240068,0.0051948065,0.4,0.0,0.30299518,0.0161992,0.33022773,0.0019561897,0.4,0.0,0.29221365,0.013504915
375316653866487564,4086812053931948672,0.5424558,2265.9850406328906,0.10780301489082866,3.3939912E-5,19.009272,0.026761934,0.23775186,0.026407242,0.067515664,0.024111584,0.25058803,0.08298848,0.7662433,0.0067941067,0.11491803,0.030261165,0.17431125,0.028998155,null,null,null,null,"TWOGAUSSIANS",8,0.9004428,0.23773186,0.0264106,0.37808773,0.13110791,0.244899,0.08391613,0.7662433,0.0067941067,0.4,0.0,0.16857922,0.02973708
375316653866487564,4086813256503065600,0.48713225,2199.49906141937,0.5839709084034893,5.5911438E-5,18.64347,0.02331895,0.31813937,0.006180184,0.056140326,0.012703147,0.13445023,0.013487716,0.64657736,0.01633815,0.172558,0.04981074,0.12984303,0.017002178,null,null,null,null,"TWOGAUSSIANS",8,2.110327,0.3238794,0.0050727976,0.31438583,0.07113762,0.1519124,0.007868715,0.64657736,0.01633815,0.4,0.0,0.12535276,0.013055022
375316653866487564,4086813668839643776,0.6151003,2271.9361497763457,2.4413269472446446,1.35004175E-5,13.990659,0.009441648,0.21187991,0.004185586,0.0921316,0.0053253314,0.37740016,0.012790513,0.71523976,0.0018261025,0.08436269,0.0033395668,0.39506358,0.013620946,null,null,null,null,"TWOGAUSSIANS",8,172.38179,0.71523976,0.0018261025,0.4,0.0,0.38186505,0.013381698,0.21187991,0.004185586,0.4,0.0,0.3642013,0.012106366
375316653866487564,4086814111189711232,0.56365013,2230.3411583735706,2.942822356708932,9.859134E-6,17.655785,0.026759144,0.31604862,0.0083428025,0.076429375,0.007948342,0.50871265,0.038941972,0.8242453,0.002493408,0.076469935,0.014232139,0.45488092,0.07997981,null,null,null,null,"TWOGAUSSIANS",8,18.94921,0.31604862,0.0083428025,0.4,0.0,0.50487316,0.03737118,0.8242453,0.002493408,0.4,0.0,0.45104146,0.08507593
375316653866487564,4086815107638780800,0.5780583,2179.8869901258777,3.6224011248987615,1.2755153E-5,18.61771,0.011600322,0.3150034,0.0022936102,0.078152195,0.0050040935,0.3745944,0.013826629,0.80723244,0.0061636516,0.084204234,0.0077193133,0.32738635,0.030871829,null,null,null,null,"TWOGAUSSIANS",8,1.5256822,0.3150034,0.0022936102,0.4,0.0,0.36934915,0.013714563,0.80723244,0.0061636516,0.4,0.0,0.32214108,0.030965358
375316653866487564,4086815485579126400,0.54542994,2212.679981047348,1.0695436064070791,7.977881E-6,17.399858,0.0034497376,0.21138826,0.0013202021,0.03881898,0.00155467,0.30623376,0.007058753,0.7119491,0.0452547,0.040269,0.039020307,0.09865653,1.3339528,null,null,null,null,"TWOGAUSSIANS",8,10.504321,0.21138826,0.0013202021,0.21738629,0.008706152,0.30623376,0.0070587536,0.7119491,0.0452547,0.2255064,0.21851373,0.09865653,1.3339528
375316653866487564,4086815627323150976,0.55829734,2134.47064508496,3.7335316644478196,2.2597666E-5,18.833698,0.03154252,0.24230985,0.0125683835,0.07803708,0.02228332,0.4549768,0.09784695,0.76522434,0.0026088995,0.090912186,0.0091445455,0.35269505,0.030971373,null,null,null,null,"TWOGAUSSIANS",8,3.2630005,0.24230985,0.0125683835,0.4,0.0,0.4484145,0.10961579,0.76522434,0.0026088995,0.4,0.0,0.34613237,0.018606149
375316653866487564,4086816486317273216,0.6026485,2229.85555364541,2.9193443264119154,1.1162621E-5,19.146477,0.027232472,0.28716683,0.0056353975,0.07636561,0.008495964,0.5302682,0.029483447,0.7845685,0.0128318155,0.07147179,0.01577368,0.63285923,0.02804962,null,null,null,null,"TWOGAUSSIANS",8,2.0763597,0.7845685,0.0128318155,0.4,0.014415537,0.629291,0.033808216,0.28716683,0.0056353975,0.4,0.0,0.52669996,0.027885037
375316653866487564,4086816623754728960,0.4970916,2156.211296692441,2.42770423501796,1.9008456E-5,18.309488,0.012893462,0.7732329,0.004782607,0.04331952,0.021825248,0.03987497,0.07578694,null,null,null,null,null,null,0.10833253,0.018917881,0.7732329,0.004782607,"ONEGAUSSIAN_WITH_ELLIPSOIDAL",6,6.319118,0.7732329,0.004782607,0.24258932,0.122221395,0.25653964,0.06812246,null,null,null,null,null,null
375316653866487564,4086816963040614528,0.57229173,2231.7737792452144,2.934770544715431,8.224609E-6,17.50564,0.010674241,0.26329473,0.0031864946,0.082265995,0.0051641217,0.39221394,0.011000187,0.76085305,0.00505728,0.08075554,0.0076900693,0.40561205,0.03980771,null,null,null,null,"TWOGAUSSIANS",8,9.307349,0.76085305,0.00505728,0.4,0.0,0.39870784,0.04193036,0.26329473,0.0031864946,0.4,0.0,0.38530976,0.01065172
375316653866487564,4086817306638196480,0.5524751,2211.6916065822834,3.130189538367944,1.4979767E-5,17.5203,0.012536799,0.24246158,0.003968467,0.09795221,0.0073184785,0.31073275,0.011633199,0.7435722,0.006651377,0.095247485,0.0075267386,0.2997651,0.015031933,null,null,null,null,"TWOGAUSSIANS",8,9.673512,0.24246158,0.003968467,0.4,0.0,0.289607,0.009016684,0.7435722,0.006651377,0.4,0.0,0.2786401,0.011472668
375316653866487564,4086817547156505600,0.5059006,2195.095238404696,0.31059973447243655,3.459944E-5,18.004333,0.012105223,0.26033345,0.014257966,0.07074574,0.02080905,0.2636124,0.12734148,0.7221699,0.018138494,0.07449926,0.046537068,0.158708,0.022802856,null,null,null,null,"TWOGAUSSIANS",8,3.690398,0.26033345,0.014257966,0.39617613,0.07828935,0.26318932,0.12854174,0.7221699,0.018138494,0.4,0.16590522,0.15828493,0.023322904
375316653866487564,4086818238663090688,0.61359835,2210.0468940774726,1.8386497630272904,1.2001805E-5,16.426594,0.0050138994,0.23990959,0.0029168953,0.08715573,0.0036307122,0.35582125,0.014787882,0.74530053,0.0059187654,0.07953388,0.011001456,0.22488785,0.06390607,null,null,null,null,"TWOGAUSSIANS",8,7.601201,0.23990959,0.0029168953,0.4,0.0,0.35007063,0.015288843,0.74530053,0.0059187654,0.4,0.0,0.21913727,0.06615505
375316653866487564,4086818509229237504,0.47099027,2186.9858057847164,0.18115021121431288,9.328164E-5,16.835392,0.0029251475,0.20283991,0.0013744978,0.0104523,0.001265931,0.076640025,0.008290854,0.8546977,0.0114105465,0.06351265,0.02429268,0.022422124,0.013160072,null,null,null,null,"TWOGAUSSIANS",8,4.509732,0.20283991,0.0013744978,0.05853288,0.0070892135,0.07664003,0.008291075,0.8546977,0.0114105465,0.35567087,0.11416237,0.022422124,0.013160072
375316653866487564,4086819956671696768,0.5693802,2124.6418902775217,0.1775759536632196,2.470105E-5,18.500057,0.18030557,0.21717596,0.008548165,0.10564745,0.031481855,0.5222376,0.18325196,0.686595,0.014365112,0.08129397,0.03576409,0.6370442,0.40951058,null,null,null,null,"TWOGAUSSIANS",8,5.5895615,0.686595,0.014365112,0.4,0.014332649,0.6170321,0.42165822,0.21717596,0.0085257515,0.4,0.0,0.5021968,0.055250075
375316653866487564,4086820059731494016,0.5889308,2208.779867635264,2.2952235374331744,1.3464294E-5,17.73824,0.019073486,0.22383331,0.003159654,0.11125842,0.009616205,0.19972901,0.018353557,0.71997297,0.0018911764,0.10425987,0.0098599745,0.18830207,0.016395474,null,null,null,null,"TWOGAUSSIANS",8,1.4830616,0.22383331,0.0031636655,0.4,0.0,0.17449892,0.0070306966,0.71997297,0.0018911764,0.4,0.0,0.16308473,0.005129098
375316653866487564,4086820643847033728,0.5641781,2158.535470094519,3.086505496167597,2.642851E-5,18.764824,0.062387448,0.27308863,0.005370595,0.10465484,0.017415231,0.34698552,0.055284582,0.78588355,0.007498242,0.11556922,0.034175035,0.2511242,0.041905954,null,null,null,null,"TWOGAUSSIANS",8,1.34732,0.27306864,0.005292787,0.4,0.0,0.30834448,0.028136134,0.78589356,0.0075291297,0.4,0.0,0.21244404,0.027627628
375316653866487564,4086820712585979520,0.5743192,2140.055087689851,3.2573010739320196,2.0850935E-5,18.572247,0.0074828938,0.24488991,0.0055133235,0.07382936,0.017839836,0.5107709,0.86438453,0.7465409,0.0024222783,0.06878123,0.005003189,0.42516127,0.031204412,null,null,null,null,"TWOGAUSSIANS",8,2.7314374,0.24488991,0.0055133235,0.4,0.08368076,0.50884944,0.86589295,0.7465409,0.0024222783,0.38517487,0.028017858,0.4232398,0.03184418
375316653866487564,4086821193622112128,0.6391676,2225.1154788483764,0.7042144234511987,5.549102E-6,14.929479,0.006811161,0.30381453,0.0013112606,0.09062296,0.0026770977,0.27282283,0.0072082877,0.81107306,0.0018839397,0.09431202,0.005415281,0.17452563,0.0062330323,null,null,null,null,"TWOGAUSSIANS",8,12.520743,0.30381453,0.0013112606,0.4,0.0,0.26277202,0.0050004865,0.81107306,0.0018839397,0.4,0.0,0.16447468,0.005596068
375316653866487564,4086821983876173440,0.5231848,2187.54725565413,0.4031965877667695,3.2255022E-5,19.04109,0.009290672,0.24167967,0.0074085775,0.078569315,0.013526932,0.18008524,0.09388955,0.76754296,0.015880443,0.08894278,0.016247006,0.10491139,0.0121619105,null,null,null,null,"TWOGAUSSIANS",8,1.320759,0.24167967,0.0074085775,0.4,0.021470102,0.17814234,0.09516131,0.76754296,0.015880443,0.4,0.0,0.10296841,0.009161433
375316653866487564,4086822877249486080,0.5361042,2179.2911886197166,2.877802085637741,9.940842E-6,16.36292,0.035427358,0.26973072,0.0046650805,0.10817268,0.010660022,0.3650925,0.036377862,0.7510886,0.0023060788,0.104568705,0.008934167,0.38470948,0.033731032,null,null,null,null,"TWOGAUSSIANS",8,34.07201,0.7510886,0.0023060788,0.4,0.0,0.3463709,0.022628479,0.2697407,0.0046613533,0.4,0.0,0.32674327,0.022637913
375316653866487564,4086823289566458240,0.6407966,2254.973183416673,1.0672989591120328,2.5843467E-6,14.040123,0.0020155883,0.2355475,0.0032215193,0.036868773,0.0023392104,0.31185845,0.012390912,0.743238,1.5276375E-4,0.029711599,6.5850216E-4,0.2363964,0.004009984,null,null,null,null,"TWOGAUSSIANS",8,29.68336,0.2355475,0.0032215193,0.20646513,0.013099578,0.31185845,0.012390912,0.743238,1.5276375E-4,0.16638495,0.0036876122,0.2363964,0.004009984
375316653866487564,4086823594471958528,0.56922424,2261.185981725772,1.4162176472431478,2.6188822E-5,17.50108,0.0029270437,0.092734545,0.025907302,0.030022146,0.041829452,0.013446782,5.479327,0.7437942,0.0058449185,0.056866813,0.0055931485,0.15077469,0.008917558,null,null,null,null,"TWOGAUSSIANS",8,1.6563995,0.7437942,0.0058449185,0.31845415,0.031321634,0.15077469,0.008917558,0.092734545,0.025907302,0.16812402,0.23424494,0.013446783,5.479327
375316653866487564,4086825106298511744,0.47713578,2215.2284814339196,0.10791221388459778,1.3027641E-4,18.373426,0.006329537,0.22699367,0.028662868,0.05568363,0.019045958,0.19909957,0.03091892,0.6930528,0.011583735,0.042355444,0.01841076,0.22485279,0.050868582,null,null,null,null,"TWOGAUSSIANS",8,5.512369,0.6930528,0.011583735,0.2371905,0.10310026,0.22485264,0.050868887,0.22699367,0.028662868,0.31182835,0.10665737,0.19909942,0.03091903
375316653866487564,4086825179352354432,0.5979072,2209.8137653220515,3.3423568290429295,8.278939E-6,18.206942,0.007753233,0.25478858,0.0029313997,0.07598736,0.0037867145,0.59321076,0.02493293,0.74959356,0.0030546766,0.07835686,0.0032707162,0.48446426,0.023929281,null,null,null,null,"TWOGAUSSIANS",8,2.6539774,0.25478858,0.0029313997,0.4,0.0,0.5881665,0.025691612,0.74959356,0.0030546766,0.4,0.0,0.47942,0.024399186
375316653866487564,4086825248054223360,0.62697107,2220.312588282409,2.635739202950534,7.928377E-6,18.170761,0.006792122,0.24650595,0.0067684865,0.076438904,0.0065290197,0.19656307,0.007780319,0.75090003,0.0029302237,0.08213822,0.003801005,0.29785097,0.008713246,null,null,null,null,"TWOGAUSSIANS",8,1.1786714,0.75090003,0.0029302237,0.4,0.0,0.2947594,0.008398788,0.24650595,0.0067684865,0.4,0.0025900372,0.19347152,0.0070070014
375316653866487564,4086825415558269312,0.524131,2196.635815357507,0.10784652737706643,6.3281565E-5,18.468184,0.012122333,0.22952563,0.012398022,0.084092565,0.014140236,0.14368604,0.02322185,0.7521803,0.03570276,0.0903498,0.011575794,0.15625244,0.03757867,null,null,null,null,"TWOGAUSSIANS",8,1.8010274,0.7521803,0.03570276,0.4,0.0,0.15288171,0.040981546,0.22952563,0.012398022,0.4,0.0,0.14031543,0.021966077
375316653866487564,4086825866528708608,0.50569063,2220.859552922917,0.5512629800626234,1.3091572E-5,18.013659,0.003955719,0.24713671,0.0034711596,0.015911834,0.0043528113,0.11197612,0.030797124,0.8088605,0.0128036775,0.046298247,0.012519849,0.14595447,0.0536124,null,null,null,null,"TWOGAUSSIANS",8,2.2970536,0.8088605,0.0128036775,0.2592702,0.070111156,0.14595447,0.0536124,0.24713671,0.0034711596,0.08910627,0.024375744,0.11197612,0.030797124
375316653866487564,4086826416284459264,0.48415676,2247.7782807679,0.215684364391274,1.8859873E-4,19.5754,0.07147307,0.3872281,0.023271188,0.18540594,0.079136655,0.2641258,0.049311087,0.86888003,0.010933469,0.041263685,0.015482842,0.20462705,0.25656635,null,null,null,null,"TWOGAUSSIANS",8,1.766661,0.3872281,0.023271188,0.4,0.0,0.23365502,0.04561046,0.86888003,0.010933469,0.23107664,0.08670392,0.18850313,0.26675817
375316653866487564,4086827378378899456,0.50937986,2226.8500667222042,0.19593593192008504,4.8644124E-5,18.506912,0.0045025907,0.2517723,0.013127632,0.04545965,0.017513206,0.53952616,0.3358893,0.753517,0.018132254,0.06221282,0.012204095,0.42162555,0.022512916,null,null,null,null,"TWOGAUSSIANS",8,9.477873,0.2517723,0.013127632,0.25457403,0.09807395,0.53950834,0.3359101,0.753517,0.018132254,0.3483918,0.06834293,0.42160776,0.022522617
375316653866487564,4086827962474511232,0.5223709,2299.6012125008147,1.3928728768124137,2.2338965E-5,17.687613,0.002545609,null,null,null,null,null,null,null,null,null,null,null,null,0.06655432,0.00335037,0.23114708,0.0048417286,"ELLIPSOIDAL",4,3.3809342,null,null,null,null,null,null,null,null,null,null,null,null
375316653866487564,4086828714094417792,0.4997148,2260.5512074770927,0.5420679522027658,4.6307654E-5,19.210999,0.11300759,0.290909,0.022183461,0.060287826,0.027912289,0.6021351,0.3678785,0.7539734,0.024694698,0.12722053,0.058901258,0.30563578,0.10675771,null,null,null,null,"TWOGAUSSIANS",8,3.445229,0.29096898,0.02204475,0.33761182,0.12723747,0.59111,0.3690361,0.7539734,0.024694698,0.4,0.0,0.29416314,0.053360697
375316653866487564,4086828821468437376,0.6285571,2256.3014976197983,2.7992136035526247,1.0876502E-5,19.127008,0.020131087,0.34536907,0.004566262,0.07261616,0.008122627,0.5356317,0.022392098,0.8421156,0.0031856813,0.062127564,0.0050560664,0.5602773,0.030001782,null,null,null,null,"TWOGAUSSIANS",8,1.2067108,0.8421156,0.0031856813,0.34791434,0.028313972,0.5592579,0.029866626,0.34536907,0.004566262,0.4,0.024601813,0.5346123,0.02221263
