Gaia/vari_eclipsing_binary/VariEclipsingBinary_477987-478021.csv
# %ECSV 1.0
# ---
# delimiter: ','
# meta: !!omap
# - RELEASE: Gaia DR3
# - TABLE: vari_eclipsing_binary
# - DESCRIPTION: >
#     This table describes the properties of the eclipsing binaries resulting from the variability analysis. 
# - CITATION: >
#     How to cite and acknowledge Gaia: 
#     https://gea.esac.esa.int/archive/documentation/credits.html 
# - KNOWN_ISSUES: >
#     Known issues: 
#     https://www.cosmos.esa.int/web/gaia-users/known-issues 
# - DOCUMENTATION: >
#     Tutorials and documentation: 
#     https://www.cosmos.esa.int/web/gaia-users/archive 
# datatype:
# - 
#   name: solution_id
#   datatype: int64
#   description: Solution Identifier
#   meta:
#     ucd: meta.version
# - 
#   name: source_id
#   datatype: int64
#   description: Unique source identifier
#   meta:
#     ucd: meta.id;meta.main
# - 
#   name: global_ranking
#   datatype: float32
#   description: Number between 0 (worst) and 1 (best)
#   meta:
#     ucd: stat.param
# - 
#   name: reference_time
#   datatype: float64
#   unit: d
#   description: Reference time used for the geometric model fit
#   meta:
#     ucd: time.epoch
# - 
#   name: frequency
#   datatype: float64
#   unit: d**-1
#   description: Frequency of geometric model of the eclipsing binary light curve
#   meta:
#     ucd: src.orbital
# - 
#   name: frequency_error
#   datatype: float32
#   unit: d**-1
#   description: "Uncertainty of \\texttt{frequency}"
#   meta:
#     ucd: stat.error
# - 
#   name: geom_model_reference_level
#   datatype: float32
#   unit: mag
#   description: Magnitude reference level of geometric model
#   meta:
#     ucd: phot.mag;em.opt
# - 
#   name: geom_model_reference_level_error
#   datatype: float32
#   unit: mag
#   description: "Uncertainty of \\texttt{geomModelReferenceLevel}"
#   meta:
#     ucd: stat.error;phot.mag;em.opt
# - 
#   name: geom_model_gaussian1_phase
#   datatype: float32
#   description: Phase of the Gaussian 1 component
#   meta:
#     ucd: time.phase
# - 
#   name: geom_model_gaussian1_phase_error
#   datatype: float32
#   description: "Uncertainty of \\texttt{geomModelGaussian1Phase}"
#   meta:
#     ucd: stat.error;time.phase
# - 
#   name: geom_model_gaussian1_sigma
#   datatype: float32
#   description: "Standard deviation [phase] of Gaussian 1 component"
#   meta:
#     ucd: stat.stdev
# - 
#   name: geom_model_gaussian1_sigma_error
#   datatype: float32
#   description: "Uncertainty of \\texttt{geomModelGaussian1Sigma}"
#   meta:
#     ucd: stat.error
# - 
#   name: geom_model_gaussian1_depth
#   datatype: float32
#   unit: mag
#   description: Magnitude depth of Gaussian 1 component
#   meta:
#     ucd: src.var.amplitude
# - 
#   name: geom_model_gaussian1_depth_error
#   datatype: float32
#   unit: mag
#   description: "Uncertainty of \\texttt{geomModelGaussian1Depth}"
#   meta:
#     ucd: stat.error;src.var.amplitude
# - 
#   name: geom_model_gaussian2_phase
#   datatype: float32
#   description: Phase of Gaussian 2 component
#   meta:
#     ucd: time.phase
# - 
#   name: geom_model_gaussian2_phase_error
#   datatype: float32
#   description: "Uncertainty of \\texttt{geomModelGaussian2Phase}"
#   meta:
#     ucd: stat.error;time.phase
# - 
#   name: geom_model_gaussian2_sigma
#   datatype: float32
[...]
#   datatype: float32
#   description: "Secondary eclipse: uncertainty of \\texttt{derivedSecondaryEclDuration}"
#   meta:
#     ucd: stat.error;time.duration
# - 
#   name: derived_secondary_ecl_depth
#   datatype: float32
#   unit: mag
#   description: "Secondary eclipse: depth"
#   meta:
#     ucd: src.var.amplitude
# - 
#   name: derived_secondary_ecl_depth_error
#   datatype: float32
#   unit: mag
#   description: "Secondary eclipse: uncertainty of \\texttt{derivedSecondaryEclDepth}"
#   meta:
#     ucd: stat.error;src.var.amplitude
solution_id,source_id,global_ranking,reference_time,frequency,frequency_error,geom_model_reference_level,geom_model_reference_level_error,geom_model_gaussian1_phase,geom_model_gaussian1_phase_error,geom_model_gaussian1_sigma,geom_model_gaussian1_sigma_error,geom_model_gaussian1_depth,geom_model_gaussian1_depth_error,geom_model_gaussian2_phase,geom_model_gaussian2_phase_error,geom_model_gaussian2_sigma,geom_model_gaussian2_sigma_error,geom_model_gaussian2_depth,geom_model_gaussian2_depth_error,geom_model_cosine_half_period_amplitude,geom_model_cosine_half_period_amplitude_error,geom_model_cosine_half_period_phase,geom_model_cosine_half_period_phase_error,model_type,num_model_parameters,reduced_chi2,derived_primary_ecl_phase,derived_primary_ecl_phase_error,derived_primary_ecl_duration,derived_primary_ecl_duration_error,derived_primary_ecl_depth,derived_primary_ecl_depth_error,derived_secondary_ecl_phase,derived_secondary_ecl_phase_error,derived_secondary_ecl_duration,derived_secondary_ecl_duration_error,derived_secondary_ecl_depth,derived_secondary_ecl_depth_error
[from data line 113]
375316653866487564,4204470827578990080,0.5829605,2150.9025747471383,2.9983713662282634,1.3509336E-5,16.647491,0.004545067,0.2215558,0.0037925057,0.06661527,0.0044589136,0.29503518,0.009243691,0.7150849,0.0038057466,0.075038604,0.0063994187,0.32367307,0.045742266,null,null,null,null,"TWOGAUSSIANS",8,12.201345,0.7150849,0.0038057466,0.4,0.0,0.32263666,0.046378814,0.2215558,0.0037925057,0.37304547,0.024969915,0.29399878,0.009352171
375316653866487564,4204470857623946752,0.47800878,2118.7414946778486,2.598669044021283,4.320401E-5,18.236029,0.026027916,0.15493195,0.011687701,0.06476086,0.022185149,0.30120903,0.26434433,0.70388526,0.008223842,0.09906643,0.018847618,0.19780928,0.0244302,null,null,null,null,"TWOGAUSSIANS",8,4.0583143,0.15493195,0.011685892,0.36266077,0.12423684,0.29956245,0.2664754,0.70388526,0.008223842,0.4,0.0,0.19615643,0.022634357
375316653866487564,4204470930657659520,0.49456874,2101.738501112293,0.11850896352947966,2.4502117E-5,18.97895,0.14270695,0.30562356,0.024048284,0.15028834,0.09360143,0.17697124,0.1400459,0.7854148,0.026760094,0.08098075,0.027724488,0.24384445,0.10066894,null,null,null,null,"TWOGAUSSIANS",8,1.4131423,0.7854148,0.026769212,0.4,0.02664332,0.21590509,0.048522152,0.30562356,0.024049636,0.4,0.0,0.14750576,0.023898244
375316653866487564,4204471549111467008,0.55617964,2186.6995800960517,1.0145806322257263,9.028255E-5,17.830744,0.007287465,0.23420472,2.759688E-4,0.047384657,0.0030648333,0.51251405,0.08392963,0.772798,0.005016776,0.020085482,0.001558202,1.3624493,0.26048565,null,null,null,null,"TWOGAUSSIANS",8,11.970387,0.772798,0.005016776,0.112478696,0.008725931,1.3624493,0.26048565,0.23420472,2.759688E-4,0.26535407,0.017163066,0.51251405,0.08392963
375316653866487564,4204472305026596352,0.5846304,2131.51485171181,1.2701071996829185,1.2150987E-5,18.7353,0.008874402,0.29559666,0.0070124185,0.08655133,0.009343539,0.30214834,0.013447076,0.7958718,0.0033352429,0.07618641,0.0047169165,0.5527639,0.0647845,null,null,null,null,"TWOGAUSSIANS",8,1.7952237,0.7958718,0.0033352429,0.4,0.0,0.54572153,0.06639389,0.29559666,0.0070124185,0.4,0.0,0.2951059,0.013719005
375316653866487564,4204472339407159552,0.66880536,2147.5985060615535,0.6923682940425041,6.1891464E-5,14.721565,0.003919564,0.16210859,0.036671694,0.03489917,0.030225517,0.083594605,43.600235,0.6622472,0.008555101,0.03071612,0.0030807026,0.8932998,0.17954375,null,null,null,null,"TWOGAUSSIANS",8,37.801548,0.6622472,0.008555101,0.17201027,0.017251935,0.8932998,0.17954375,0.16210859,0.036671694,0.19543536,0.1692629,0.083594605,43.600235
375316653866487564,4204472408126628224,0.6230421,2194.9059812169335,0.1976216002779874,1.8380324E-5,14.586561,0.0037614338,0.31151286,0.0028741148,0.019783795,0.001356596,1.176656,0.23922528,0.49790454,0.007910169,0.042587448,0.031180896,0.09092856,0.068475895,0.004625536,0.0042537455,0.49790454,0.007910169,"TWOGAUSSIANS_WITH_ELLIPSOIDAL_ON_ECLIPSE2",9,77.42526,0.31152287,0.0028700603,0.110789254,0.0075969375,1.1780633,0.23944972,0.49790454,0.007910169,0.23848972,0.15975802,0.10017962,0.06838756
375316653866487564,4204472644315670400,0.563901,2187.589738983898,3.106330248742168,1.0332311E-5,17.814169,0.0107913315,0.23775081,0.0025260118,0.06753192,0.003645067,0.71261674,0.06683779,0.7449177,0.0011151471,0.060558476,0.0029421954,0.5691322,0.027450018,null,null,null,null,"TWOGAUSSIANS",8,15.653319,0.23775081,0.0025260118,0.37817875,0.020412376,0.71211225,0.06702221,0.7449177,0.0011151471,0.33912745,0.016476294,0.5686277,0.027637474
375316653866487564,4204472923501995008,0.53104144,2177.0353807972883,2.154720118934778,5.17667E-5,19.490105,0.042767823,0.1700604,0.018414669,0.053264707,0.03586255,0.4408211,0.09142832,0.65750337,0.009153825,0.052521713,0.007457646,0.6844519,0.0768666,null,null,null,null,"TWOGAUSSIANS",8,6.3176894,0.65750337,0.009153825,0.2941216,0.041762818,0.6844431,0.07667006,0.1700604,0.018414669,0.29828236,0.18940794,0.44081235,0.09174194
375316653866487564,4204473335840588544,0.5482682,2221.0102162856206,2.9717432729449653,1.6403155E-5,17.704844,0.01622778,0.2918734,0.005505142,0.06788587,0.009529505,0.54735285,0.07033801,0.77907956,0.06537312,0.09690118,0.020445451,0.33787784,0.13301682,null,null,null,null,"TWOGAUSSIANS",8,16.563574,0.2918734,0.00550466,0.38016087,0.028071126,0.5410097,0.07623383,0.77907956,0.06537312,0.4,0.0,0.3315333,0.12743726
375316653866487564,4204473885579971200,0.54846483,2188.5115257627385,3.177986412200772,4.619021E-5,19.734118,0.03618067,0.2912164,0.011938529,0.07963641,0.013427539,0.45054236,0.071370885,0.8071718,0.009893597,0.07632332,0.012435412,0.5075726,0.08200262,null,null,null,null,"TWOGAUSSIANS",8,1.7792916,0.8071718,0.009893597,0.4,0.026686706,0.50356144,0.08331356,0.2912164,0.011938529,0.4,0.0,0.4465312,0.06970243
375316653866487564,4204474431040992896,0.4815796,2225.3016595091126,3.163981834180476,4.3548353E-5,18.960634,0.03045161,0.22023569,0.008652872,0.09525212,0.013970255,0.28754532,0.04186846,0.7235089,0.016604392,0.07457155,0.017555397,0.33167452,0.04578582,null,null,null,null,"TWOGAUSSIANS",8,2.54908,0.7235089,0.016604392,0.4,0.0,0.32416496,0.035994414,0.22023569,0.008652872,0.4,0.0,0.28003514,0.037585583
375316653866487564,4204475088171130752,0.5758926,2203.672547515984,3.183351176408198,2.2693384E-5,18.243612,0.063804716,0.22400443,0.006643882,0.09026451,0.015353539,0.41455,0.058475118,0.73116434,0.009113195,0.101711325,0.022805542,0.37888476,0.05857957,null,null,null,null,"TWOGAUSSIANS",8,5.0070777,0.22400443,0.0066470476,0.4,0.0,0.3904954,0.018347671,0.73116434,0.009113195,0.4,0.0,0.3548258,0.019556258
375316653866487564,4204475702347047680,0.53999966,2160.2794808282993,1.059113881470889,6.14407E-5,19.204464,0.018117595,0.31675726,0.0025181838,0.06996261,0.0050426098,0.3219152,0.02086525,0.78737974,0.0034332206,0.11928885,0.010475957,0.23897484,0.016931104,null,null,null,null,"TWOGAUSSIANS",8,1.1801257,0.31679726,0.002488672,0.39179066,0.026696855,0.31183478,0.018873412,0.78737974,0.0034332206,0.4,0.0,0.22878206,0.014073464
375316653866487564,4204477179797493632,0.4826558,2205.1399121418444,0.9099076536568923,5.479178E-5,16.017508,0.008734803,0.2035981,0.00156033,0.029951667,0.002765325,0.34127244,0.045033265,0.7015914,0.009245841,0.05854804,0.011476453,0.18229942,0.05168816,null,null,null,null,"TWOGAUSSIANS",8,105.65767,0.2035981,0.00156033,0.16772933,0.015485819,0.34127238,0.0450333,0.7015914,0.009245841,0.32786903,0.06426814,0.18229938,0.051688276
375316653866487564,4204477454693350016,0.4555066,2198.1595738539895,0.0586799738852404,1.9960594E-6,18.767698,0.0169083,0.43251336,0.028303368,0.0746979,0.06901831,0.17939845,0.109708846,0.9709543,2.2445823E-4,0.0014857723,3.651994E-4,0.08514795,0.012196109,null,null,null,null,"TWOGAUSSIANS",8,6.378631,0.43251336,0.028303368,0.4,0.05356105,0.17939845,0.10971554,0.9709543,2.2445823E-4,0.008320325,0.0020451166,0.08514795,0.012199272
375316653866487564,4204478348049489920,0.48453563,2237.5712832771474,0.053058556333683136,1.352177E-5,18.923504,0.010547759,0.31996235,0.011932352,0.095964715,0.017995602,0.20816514,0.049316734,0.6443377,0.07143617,0.035717633,0.02799723,1.9806913,2.3542752,null,null,null,null,"TWOGAUSSIANS",8,4.3543463,0.6443377,0.07143617,0.20001875,0.15678447,1.9813777,2.3498862,0.31996235,0.011932352,0.4,0.0,0.2081638,0.049317963
375316653866487564,4204478657266256000,0.6058606,2253.5370297898507,2.179586423649303,1.8380279E-5,16.637014,0.009300052,0.22470753,0.003311415,0.09344389,0.0076192906,0.21394052,0.009710396,0.71470064,0.00858141,0.08587551,0.009304708,0.22133285,0.009496627,null,null,null,null,"TWOGAUSSIANS",8,6.382585,0.71470064,0.00858141,0.4,0.0,0.21372321,0.0068767425,0.22470753,0.003311415,0.4,0.0,0.2063306,0.008904685
375316653866487564,4204479275748609664,0.62097585,2274.199001233638,4.122934841513654,9.685554E-6,17.568731,0.013921414,0.28436968,0.0033967418,0.046611927,0.0071051233,0.59885997,0.057102703,0.79190606,0.0037154038,0.04638193,0.00418663,0.45223805,0.036556855,0.11116324,0.017784141,0.28436968,0.0033967418,"TWOGAUSSIANS_WITH_ELLIPSOIDAL_ON_ECLIPSE1",9,12.0417,0.28436968,0.0033967418,0.2610268,0.03978869,0.8211858,0.06436341,0.79190606,0.0037154038,0.2597388,0.023445128,0.6740657,0.028151097
375316653866487564,4204479722417465856,0.44036967,2158.8814697673197,0.0693472025344888,7.150163E-5,16.740107,0.018765312,0.3590492,0.017219331,0.06622844,0.016275588,0.25236434,0.055505004,0.76393557,0.011793409,0.07850817,0.012606189,0.31149715,0.16511461,null,null,null,null,"TWOGAUSSIANS",8,4.0449586,0.76393557,0.011793409,0.4,0.0101823155,0.31137693,0.16520676,0.3590492,0.017219331,0.37087926,0.06340313,0.25224465,0.055569842
375316653866487564,4204479898530968192,0.46676025,2159.2690722746966,0.24400438117553208,7.37254E-6,17.958654,0.015073833,0.34596825,0.015050867,0.10058552,0.024038238,0.17471062,0.032481868,0.8809262,0.0016145514,0.045676872,0.004911889,0.17408708,0.013621772,null,null,null,null,"TWOGAUSSIANS",8,7.2815094,0.34596825,0.015050867,0.4,0.0,0.1743085,0.03263547,0.8809262,0.0016112785,0.2557905,0.027506579,0.17368908,0.0129192695
375316653866487564,4204480070348799360,0.489704,2164.7889781159743,2.7077820885026926,1.9121064E-5,14.675895,0.31830072,0.22393131,0.005649618,0.15577522,0.059799064,0.234778,0.27278394,0.7264302,0.012257949,0.17801747,0.11329531,0.22520208,0.30080533,null,null,null,null,"TWOGAUSSIANS",8,45.408623,0.2233213,0.005045384,0.4,0.0,0.09635354,0.00651332,0.7268602,0.012170804,0.4,0.0,0.080773056,0.018613564
375316653866487564,4204480585744872448,0.47687748,2150.554058946791,2.6977779671060564,2.783752E-5,18.112617,0.011510035,0.29471898,0.005077404,0.03159516,0.02624312,0.10452397,1.2959893,0.7860964,0.006629732,0.028085748,0.0136494255,0.19975817,0.0694823,0.07266643,0.022574153,0.29471898,0.005077404,"TWOGAUSSIANS_WITH_ELLIPSOIDAL_ON_ECLIPSE1",9,18.491085,0.7864664,0.0065182075,0.15728019,0.07643679,0.3446831,0.09209827,0.29471898,0.005077404,0.1769329,0.14696147,0.24985667,1.2992798
375316653866487564,4204480993747488896,0.51062936,2179.963476264885,3.275712706088264,3.094333E-5,19.286587,0.036249857,0.23883952,0.015641706,0.07663497,0.015171247,0.41638073,0.15016511,0.7267994,0.0069904886,0.09974103,0.01052849,0.32593676,0.03741813,null,null,null,null,"TWOGAUSSIANS",8,2.3352182,0.23883952,0.015641706,0.4,0.01100548,0.40579885,0.149717,0.7267994,0.0069904886,0.4,0.0,0.3153522,0.024650985
375316653866487564,4204481066763224448,0.5473883,2221.4153825861067,3.152196477385213,1.563277E-5,19.756056,0.012961919,0.1696983,0.0035273845,0.054483164,0.00715187,0.6823803,0.25216684,0.66853726,0.004414311,0.07068612,0.0065298085,0.3542697,0.041988343,null,null,null,null,"TWOGAUSSIANS",8,0.8858141,0.1696983,0.0035273845,0.30510572,0.040050473,0.6820737,0.252373,0.66853726,0.004414311,0.39584228,0.021831928,0.35396308,0.042154137
375316653866487564,4204481685238524416,0.5701592,2159.933550940357,2.6493258851787735,1.8444112E-5,18.731316,0.015631732,0.27148378,0.011055716,0.09813782,0.0136591345,0.19206667,0.019627398,0.7736212,0.0065220357,0.083203256,0.008288921,0.29697752,0.014942572,null,null,null,null,"TWOGAUSSIANS",8,1.2228546,0.7736212,0.0065220357,0.4,0.0,0.28693172,0.009194379,0.27148378,0.011055716,0.4,0.0,0.18202001,0.015787037
375316653866487564,4204483055312481664,0.5150384,2156.5788801459003,3.117080246794449,4.6204204E-5,17.799944,0.053937778,0.20853133,0.008365084,0.086867765,0.012129154,0.40902743,0.054543696,0.6858315,0.010427668,0.11833919,0.030679723,0.3150097,0.03573567,null,null,null,null,"TWOGAUSSIANS",8,18.105064,0.20858134,0.008153431,0.4,0.0,0.38220578,0.024010189,0.6858315,0.010427668,0.4,0.0,0.2880774,0.023292141
375316653866487564,4204483884261818368,0.46630976,2133.049010102669,0.055226237485371255,3.657441E-5,19.49585,0.019692935,0.20652743,0.009501178,0.07604022,0.024003686,0.20353578,0.053176485,0.6721823,0.029789591,0.08607207,0.04144955,0.12430957,0.030870862,null,null,null,null,"TWOGAUSSIANS",8,2.6531565,0.20652743,0.009502092,0.4,0.031469744,0.2021747,0.056212116,0.6721823,0.029789591,0.4,0.03334915,0.12294843,0.033481114
375316653866487564,4204484399658697856,0.54817635,2163.7841587003813,0.23452643484016272,4.2766154E-5,18.4525,0.0048953397,0.085686386,0.013414259,0.05251338,0.013616673,0.02987806,0.0069552604,0.8202405,0.15022941,0.05802533,0.054139834,0.24595693,0.68447703,null,null,null,null,"TWOGAUSSIANS",8,1.0485302,0.8202405,0.15143752,0.32494184,0.30318308,0.24595702,0.6837896,0.085636385,0.013412344,0.29407492,0.07625337,0.029885096,0.0069661257
375316653866487564,4204484434035899136,0.5483646,2201.06760683619,0.19789933351543013,1.8259914E-5,14.151679,0.0042965496,0.09466379,0.02104255,0.024432551,0.018951688,0.36216083,197065.69,0.54603314,0.0022865331,0.04979899,0.0070956214,0.31831,0.33888617,null,null,null,null,"TWOGAUSSIANS",8,165.40074,0.09466379,0.02104255,0.13682228,0.106129445,0.36216083,197065.69,0.54603314,0.0022865331,0.27887434,0.03973548,0.31831,0.33888617
375316653866487564,4204484811975064960,0.5314533,2194.305512724627,1.5274672091768164,2.5143867E-5,19.301054,0.06441525,0.3804243,0.010640331,0.065118454,0.015433891,0.2572023,0.051651724,0.88380605,0.044716924,0.07744374,0.09820739,0.095472895,0.06353505,null,null,null,null,"TWOGAUSSIANS",8,1.1090155,0.3804243,0.0102541335,0.36466333,0.062322885,0.2566238,0.026680814,0.88380605,0.044716924,0.4,0.0,0.0948944,0.03092661
375316653866487564,4204485293012403328,0.5637209,2178.358210999473,3.8024208215700734,1.5295762E-5,18.816137,0.01881509,0.31939617,0.03993781,0.072302826,0.022099769,0.5177047,0.12900294,0.8283571,0.0028355797,0.072378755,0.005941127,0.6588737,0.057525698,null,null,null,null,"TWOGAUSSIANS",8,5.8726163,0.8283571,0.0028355797,0.4,0.008221411,0.65647393,0.058677092,0.31939617,0.03993781,0.4,0.042934563,0.51530504,0.1253607
375316653866487564,4204485293012534912,0.5871273,2166.408316793407,3.7309465204130756,1.9337584E-5,18.895842,0.016534543,0.3168012,0.0045081573,0.07705665,0.005343556,0.48407874,0.02247841,0.80798924,0.007368078,0.06046296,0.0066122813,0.5728047,0.032045573,null,null,null,null,"TWOGAUSSIANS",8,3.2176144,0.80798924,0.007368078,0.3385926,0.037028775,0.5717041,0.0312118,0.3168012,0.0045081573,0.4,0.0,0.48297814,0.021830691
375316653866487564,4204485430468389632,0.5454678,2175.368040032572,2.921155074725293,1.5269885E-5,17.515873,0.02916317,0.23746347,0.0031856778,0.101727076,0.013489697,0.19896746,0.026483275,0.7422509,0.0042030523,0.116423644,0.021615397,0.16728921,0.024626087,null,null,null,null,"TWOGAUSSIANS",8,2.73387,0.23745348,0.0031916494,0.4,0.0,0.17418179,0.011729709,0.7422509,0.0042055803,0.4,0.0,0.1424723,0.01655089
375316653866487564,4204485739688745472,0.4896868,2213.0900985845565,0.6154523370433385,4.3829237E-5,16.838154,0.027733449,0.24145815,0.021683633,0.10214161,0.01406075,0.20921136,0.024522211,0.632784,0.046452597,0.069434196,0.08699927,2.1547039,2.403662,null,null,null,null,"TWOGAUSSIANS",8,2.6299615,0.632784,0.046452597,0.3888315,0.026640927,2.153025,2.421335,0.24145815,0.012156438,0.4,0.0,0.2073967,0.026095176
375316653866487564,4204485877127828992,0.5366447,2187.4454946532987,1.8181142402537913,1.0021062E-5,17.809462,0.005132121,0.31574276,0.09830289,0.050392263,0.038753953,0.21864316,0.5904409,0.82146114,0.0017476329,0.0455228,0.003094506,0.25312358,0.010456809,null,null,null,null,"TWOGAUSSIANS",8,3.952182,0.82146114,0.0017476329,0.2549277,0.017329235,0.25312316,0.010454083,0.31574276,0.09830289,0.28219667,0.17125235,0.21864273,0.5904402
