Gaia/vari_eclipsing_binary/VariEclipsingBinary_511278-511440.csv
# %ECSV 1.0
# ---
# delimiter: ','
# meta: !!omap
# - RELEASE: Gaia DR3
# - TABLE: vari_eclipsing_binary
# - DESCRIPTION: >
#     This table describes the properties of the eclipsing binaries resulting from the variability analysis. 
# - CITATION: >
#     How to cite and acknowledge Gaia: 
#     https://gea.esac.esa.int/archive/documentation/credits.html 
# - KNOWN_ISSUES: >
#     Known issues: 
#     https://www.cosmos.esa.int/web/gaia-users/known-issues 
# - DOCUMENTATION: >
#     Tutorials and documentation: 
#     https://www.cosmos.esa.int/web/gaia-users/archive 
# datatype:
# - 
#   name: solution_id
#   datatype: int64
#   description: Solution Identifier
#   meta:
#     ucd: meta.version
# - 
#   name: source_id
#   datatype: int64
#   description: Unique source identifier
#   meta:
#     ucd: meta.id;meta.main
# - 
#   name: global_ranking
#   datatype: float32
#   description: Number between 0 (worst) and 1 (best)
#   meta:
#     ucd: stat.param
# - 
#   name: reference_time
#   datatype: float64
#   unit: d
#   description: Reference time used for the geometric model fit
#   meta:
#     ucd: time.epoch
# - 
#   name: frequency
#   datatype: float64
#   unit: d**-1
#   description: Frequency of geometric model of the eclipsing binary light curve
#   meta:
#     ucd: src.orbital
# - 
#   name: frequency_error
#   datatype: float32
#   unit: d**-1
#   description: "Uncertainty of \\texttt{frequency}"
#   meta:
#     ucd: stat.error
# - 
#   name: geom_model_reference_level
#   datatype: float32
#   unit: mag
#   description: Magnitude reference level of geometric model
#   meta:
#     ucd: phot.mag;em.opt
# - 
#   name: geom_model_reference_level_error
#   datatype: float32
#   unit: mag
#   description: "Uncertainty of \\texttt{geomModelReferenceLevel}"
#   meta:
#     ucd: stat.error;phot.mag;em.opt
# - 
#   name: geom_model_gaussian1_phase
#   datatype: float32
#   description: Phase of the Gaussian 1 component
#   meta:
#     ucd: time.phase
# - 
#   name: geom_model_gaussian1_phase_error
#   datatype: float32
#   description: "Uncertainty of \\texttt{geomModelGaussian1Phase}"
#   meta:
#     ucd: stat.error;time.phase
# - 
#   name: geom_model_gaussian1_sigma
#   datatype: float32
#   description: "Standard deviation [phase] of Gaussian 1 component"
#   meta:
#     ucd: stat.stdev
# - 
#   name: geom_model_gaussian1_sigma_error
#   datatype: float32
#   description: "Uncertainty of \\texttt{geomModelGaussian1Sigma}"
#   meta:
#     ucd: stat.error
# - 
#   name: geom_model_gaussian1_depth
#   datatype: float32
#   unit: mag
#   description: Magnitude depth of Gaussian 1 component
#   meta:
#     ucd: src.var.amplitude
# - 
#   name: geom_model_gaussian1_depth_error
#   datatype: float32
#   unit: mag
#   description: "Uncertainty of \\texttt{geomModelGaussian1Depth}"
#   meta:
#     ucd: stat.error;src.var.amplitude
# - 
#   name: geom_model_gaussian2_phase
#   datatype: float32
#   description: Phase of Gaussian 2 component
#   meta:
#     ucd: time.phase
# - 
#   name: geom_model_gaussian2_phase_error
#   datatype: float32
#   description: "Uncertainty of \\texttt{geomModelGaussian2Phase}"
#   meta:
#     ucd: stat.error;time.phase
# - 
#   name: geom_model_gaussian2_sigma
#   datatype: float32
[...]
#   datatype: float32
#   description: "Secondary eclipse: uncertainty of \\texttt{derivedSecondaryEclDuration}"
#   meta:
#     ucd: stat.error;time.duration
# - 
#   name: derived_secondary_ecl_depth
#   datatype: float32
#   unit: mag
#   description: "Secondary eclipse: depth"
#   meta:
#     ucd: src.var.amplitude
# - 
#   name: derived_secondary_ecl_depth_error
#   datatype: float32
#   unit: mag
#   description: "Secondary eclipse: uncertainty of \\texttt{derivedSecondaryEclDepth}"
#   meta:
#     ucd: stat.error;src.var.amplitude
solution_id,source_id,global_ranking,reference_time,frequency,frequency_error,geom_model_reference_level,geom_model_reference_level_error,geom_model_gaussian1_phase,geom_model_gaussian1_phase_error,geom_model_gaussian1_sigma,geom_model_gaussian1_sigma_error,geom_model_gaussian1_depth,geom_model_gaussian1_depth_error,geom_model_gaussian2_phase,geom_model_gaussian2_phase_error,geom_model_gaussian2_sigma,geom_model_gaussian2_sigma_error,geom_model_gaussian2_depth,geom_model_gaussian2_depth_error,geom_model_cosine_half_period_amplitude,geom_model_cosine_half_period_amplitude_error,geom_model_cosine_half_period_phase,geom_model_cosine_half_period_phase_error,model_type,num_model_parameters,reduced_chi2,derived_primary_ecl_phase,derived_primary_ecl_phase_error,derived_primary_ecl_duration,derived_primary_ecl_duration_error,derived_primary_ecl_depth,derived_primary_ecl_depth_error,derived_secondary_ecl_phase,derived_secondary_ecl_phase_error,derived_secondary_ecl_duration,derived_secondary_ecl_duration_error,derived_secondary_ecl_depth,derived_secondary_ecl_depth_error
[from data line 36]
375316653866487564,4497365091505754112,0.49599856,2297.158317130126,1.6092634876422263,1.73102E-5,13.869816,0.010914575,0.32248485,0.0052706907,0.090258904,0.008571846,0.20241858,0.014618148,0.8329556,0.005698917,0.07337091,0.012607755,0.11374111,0.010372922,null,null,null,null,"TWOGAUSSIANS",8,366.86707,0.32248485,0.0052706907,0.4,0.0,0.20002782,0.013998329,0.8329556,0.005698917,0.4,0.025741782,0.11135046,0.0086677335
375316653866487564,4497366599035164928,0.59743315,2293.379738180478,2.13549713253914,4.413953E-6,14.342429,0.0046997354,0.1594318,8.578466E-4,0.084014185,0.0017650159,0.3419548,0.005482968,0.66316926,0.0013867696,0.07808326,0.0025537445,0.21187113,0.0047132946,null,null,null,null,"TWOGAUSSIANS",8,41.133198,0.1594318,8.578466E-4,0.4,0.0,0.33762497,0.0051775486,0.66316926,0.0013867696,0.4,0.0,0.20754129,0.00397772
375316653866487564,4497370275527340800,0.73275256,2323.2435090299696,0.808105515490005,2.5627028E-6,16.312155,0.0015991011,0.23221868,0.0010601097,0.03012426,0.0012756148,0.1694498,0.005039706,0.7337638,2.0027612E-4,0.025994696,1.5114917E-4,1.1801534,0.007195537,0.023784492,0.0022929583,0.23221868,0.0010601097,"TWOGAUSSIANS_WITH_ELLIPSOIDAL_ON_ECLIPSE1",9,4.613766,0.7337638,2.0027612E-4,0.14557031,8.464354E-4,1.2277178,0.0068821106,0.23221868,0.0010601097,0.16869585,0.007143443,0.2170187,0.0044953795
375316653866487564,4497371581197543808,0.5161825,2330.129381798667,3.275051727938249,2.6703901E-5,19.430828,0.00387293,0.26063192,0.0029896868,0.021375338,0.009595783,0.108085595,0.18313853,0.7495324,0.008159482,0.027022999,0.005410645,0.08933933,0.023801895,0.11047299,0.007029957,0.26063192,0.0029896868,"TWOGAUSSIANS_WITH_ELLIPSOIDAL_ON_ECLIPSE1",9,2.0943017,0.26063192,0.0029896868,0.11970189,0.053736385,0.32903147,0.18458726,0.75091237,0.007265475,0.15132879,0.030299613,0.30934578,0.022714486
375316653866487564,4497373711500801408,0.5735113,2309.537435858917,3.4698183523078043,1.2608208E-5,18.98365,0.006860759,0.25567132,0.00215956,0.06720374,0.0034336043,0.42956382,0.019109828,0.7488079,0.0021766354,0.07138075,0.0027184049,0.48237863,0.008445792,null,null,null,null,"TWOGAUSSIANS",8,2.3125029,0.7488079,0.0021766354,0.3997322,0.012114999,0.4812432,0.008320458,0.25567132,0.00215956,0.37634093,0.019228183,0.4284284,0.019313246
375316653866487564,4497373887593535744,0.4743124,2314.166633005644,1.9790798188622756,3.448054E-5,19.909382,0.008060584,0.24771173,0.0041055474,0.026426803,0.003395005,0.4534867,0.02312554,0.75884223,0.024611538,0.04277511,0.054750253,0.1164631,0.16289654,null,null,null,null,"TWOGAUSSIANS",8,2.4382899,0.24771173,0.0041055474,0.1479901,0.019012028,0.4534867,0.02312547,0.75884223,0.024611538,0.23954062,0.28910792,0.1164631,0.1628969
375316653866487564,4497381171862943616,0.51031184,2334.802598334287,3.1213891508360105,1.3265761E-5,18.359596,0.0066276044,0.23383656,0.0034443396,0.08345612,0.005026223,0.237696,0.010687895,0.7438291,0.0047040773,0.072272696,0.004314884,0.26188254,0.011312274,null,null,null,null,"TWOGAUSSIANS",8,5.272422,0.7438291,0.0047040773,0.4,0.0015410453,0.25955787,0.011044884,0.23383656,0.0034443396,0.4,0.0,0.23537132,0.010642221
375316653866487564,4497382610674470016,0.6047633,2328.431328338699,3.4246496273281863,6.741149E-6,17.872501,0.010690217,0.2536422,0.0021105844,0.052429378,0.006203655,0.22512767,0.02225275,0.7460938,0.0029688915,0.055013448,0.0044228337,0.24461117,0.024534132,0.092613496,0.012627244,0.2536422,0.0021105844,"TWOGAUSSIANS_WITH_ELLIPSOIDAL_ON_ECLIPSE1",9,4.9611297,0.7472538,0.0023707075,0.3080753,0.024767868,0.42947775,0.013681571,0.2536422,0.0021105844,0.29360452,0.03474047,0.4103469,0.019170672
375316653866487564,4497391170547221632,0.60126865,2267.3636330677705,1.8220597144645148,5.9615227E-6,12.756946,0.026401524,0.2188822,0.0013736136,0.11001718,0.008187232,0.20954905,0.023762498,0.7206341,0.0017771107,0.14224747,0.015273673,0.16841096,0.025446877,null,null,null,null,"TWOGAUSSIANS",8,25.746277,0.21884221,0.0013866083,0.4,0.0,0.15987471,0.0039548557,0.7206341,0.0017844203,0.4,0.0,0.118050724,0.002700452
375316653866487564,4497391754662773120,0.42877153,2279.302958468592,2.5091984062354697,1.0206127E-4,18.18979,0.011570948,0.3621079,0.014100228,0.105972186,0.013613303,0.10372061,0.013936343,0.77660024,0.025202092,0.08066691,0.019042617,0.0828043,0.01605165,null,null,null,null,"TWOGAUSSIANS",8,7.6088643,0.3621079,0.014099676,0.4,0.0,0.1023606,0.011968527,0.77660024,0.025202092,0.4,0.0,0.08149357,0.016443849
375316653866487564,4497392098260049792,0.5671869,2270.963495140872,2.7118082365011955,1.3091125E-5,16.627985,0.013661525,0.30625892,0.006073977,0.092629254,0.009617443,0.18824863,0.017443452,0.77255225,0.0024470934,0.08452727,0.0041661467,0.4311123,0.0148603665,null,null,null,null,"TWOGAUSSIANS",8,30.78352,0.77255225,0.0024470934,0.4,0.0,0.4252168,0.012944608,0.30625892,0.006073977,0.4,0.0,0.18235262,0.016834749
375316653866487564,4497393300850967808,0.4729482,2290.342954656491,0.5976155557887541,1.3624845E-5,17.95472,0.00321975,0.11385235,0.0031883458,0.022415426,0.004076164,0.15055205,0.032545988,0.62292033,0.004377148,0.04059024,0.0041979942,0.12259088,0.015723014,null,null,null,null,"TWOGAUSSIANS",8,4.487713,0.11385235,0.0031883458,0.12552638,0.022826519,0.15055205,0.032545988,0.62292033,0.004377148,0.22730537,0.023508767,0.12259088,0.015723014
375316653866487564,4497398003833973376,0.46721232,2293.6797191612036,0.40524740338099813,1.9460304E-5,17.094275,0.003171646,0.19517402,0.0014400331,0.016773278,0.0015786286,0.19568491,0.04311739,0.6792833,0.047940426,0.03900538,0.032537617,0.07861255,0.06512098,0.015994128,0.0033060745,0.19517402,0.0014400331,"TWOGAUSSIANS_WITH_ELLIPSOIDAL_ON_ECLIPSE1",9,24.893908,0.19517402,0.0014400331,0.093930356,0.00884032,0.2276731,0.04404392,0.6800233,0.04751234,0.21843013,0.18221065,0.11029759,0.06504744
375316653866487564,4497406662491589632,0.6130657,2335.9642873213575,3.787603359816255,6.2945974E-6,14.998292,0.0070521203,0.30940348,0.0035605098,0.051521897,0.0052801436,0.09878285,0.016259436,0.820787,0.0018039778,0.054276206,0.0063523324,0.13187037,0.013662824,0.054677118,0.008234104,0.820787,0.0018039778,"TWOGAUSSIANS_WITH_ELLIPSOIDAL_ON_ECLIPSE2",9,27.348307,0.820787,0.0018039778,0.30394673,0.03557306,0.24122094,0.0059142024,0.31154346,0.0026721093,0.28852263,0.029568803,0.2076798,0.0066232327
375316653866487564,4497407663223638656,0.5724869,2229.0967565059314,2.7888973695563917,1.45383065E-5,16.123966,0.021756005,0.22383586,0.004302836,0.08405755,0.006650161,0.54246145,0.023654008,0.72128785,0.0029843298,0.09479454,0.006517513,0.4940885,0.024615856,null,null,null,null,"TWOGAUSSIANS",8,70.78824,0.22383586,0.004302836,0.4,0.0,0.5225863,0.020876681,0.72128785,0.0029843298,0.4,0.0,0.47421244,0.021098288
375316653866487564,4497411335412069760,0.5569833,2193.740260861295,0.05593623903492212,2.5552314E-5,18.11799,0.0035801688,0.18749027,0.0054262346,0.018413642,0.004912813,0.06414045,0.025518388,0.61866885,0.0051202294,0.10992445,0.004051204,0.24448432,0.011200078,null,null,null,null,"TWOGAUSSIANS",8,2.564773,0.61866885,0.0051202294,0.4,0.0,0.24446364,0.01119987,0.18751027,0.005414613,0.1031164,0.027511753,0.06423167,0.025525752
375316653866487564,4497412851544469888,0.5266959,2201.9050849729147,1.1964258271974932,7.2146463E-6,16.696152,0.16687605,0.28725877,0.0014635092,0.1467072,0.03040931,0.19438595,0.124009,0.7887923,0.0029409633,0.21709076,0.09033917,0.23062064,0.16406152,null,null,null,null,"TWOGAUSSIANS",8,1.1223987,0.7889923,0.002834504,0.4,0.0,0.06862693,0.0027970807,0.28650877,0.0018028351,0.4,0.0,0.06372879,0.0021484476
375316653866487564,4497413225203507456,0.49823785,2189.48369551681,1.9070936702877328,5.1029998E-5,18.814293,0.013947621,0.17343624,0.008307952,0.033421837,0.008987635,0.14964224,0.01291877,0.67306566,0.0023021083,0.030530265,0.0024349727,0.46414012,0.046540353,null,null,null,null,"TWOGAUSSIANS",8,9.57382,0.67306566,0.0023021083,0.17096949,0.013635847,0.46414012,0.046540353,0.17343624,0.008307952,0.18716228,0.050330758,0.14964224,0.01291877
375316653866487564,4497415389861367040,0.5573239,2137.227725791112,3.875256801581193,2.8252347E-5,19.544636,0.007635168,0.24486981,0.003949337,0.086944625,0.0081958845,0.32103226,0.030151831,0.76385516,0.009273816,0.055571977,0.0153893195,0.495361,0.33473027,null,null,null,null,"TWOGAUSSIANS",8,1.1515173,0.76385516,0.009273816,0.31120306,0.08618019,0.49438924,0.33543918,0.24486981,0.003949337,0.4,0.0,0.3200604,0.030708421
375316653866487564,4497418417822019456,0.5394331,2269.074955223274,0.40309404248712927,1.0953579E-6,12.066331,7.5127237E-4,0.55404997,3.0158903E-4,0.02006947,6.0073455E-4,0.061328337,0.001989482,0.6876233,0.03628895,0.01855886,0.02883608,0.0077929697,0.0028365667,null,null,null,null,"TWOGAUSSIANS",8,14.731807,0.55404997,3.01169E-4,0.112389036,0.0033641136,0.061328337,0.0019910636,0.6876233,0.03628895,0.10392962,0.16148205,0.0077929697,0.0028365664
375316653866487564,4497418619679362560,0.47849482,2295.2715730467567,0.0266348146536006,1.527647E-5,18.459486,0.0050740466,0.3845664,0.12025554,0.05660346,0.04793828,0.9594795,45.192467,0.65233314,0.013448511,0.0644013,0.009283943,0.15773807,0.024464043,null,null,null,null,"TWOGAUSSIANS",8,2.748386,0.3845764,0.12026264,0.31697938,0.26845437,0.95950735,45.19246,0.65233314,0.013448511,0.36064726,0.05199008,0.15775132,0.024467686
375316653866487564,4497427454433301504,0.583152,2160.4787235375425,1.3463982544102542,1.9379313E-5,18.829824,0.010011388,0.24558496,0.005332374,0.036081396,0.004259435,0.92333734,0.16100532,0.73889446,0.010844032,0.029525176,0.009097691,0.17090976,0.06932922,null,null,null,null,"TWOGAUSSIANS",8,2.982716,0.24558496,0.005332374,0.20205583,0.023852836,0.92333734,0.16100532,0.73889446,0.010844032,0.16534099,0.05094707,0.17090976,0.06932922
375316653866487564,4497428485225464576,0.50276124,2182.102191524549,2.6622938242299847,2.9153238E-5,14.427851,0.0086299265,0.25278047,0.0042370874,0.09662531,0.012142729,0.1216648,0.008135742,0.7379351,0.008286517,0.09280334,0.014459785,0.104957655,0.01013241,null,null,null,null,"TWOGAUSSIANS",8,72.91984,0.25278047,0.0042370874,0.4,0.0,0.11603459,0.0076916204,0.7379351,0.008286517,0.4,0.0,0.099327795,0.008200131
375316653866487564,4497428760103411584,0.5455309,2165.5159620965005,2.910010980021489,2.9268813E-5,17.203283,0.015200448,0.218737,0.003772818,0.09209224,0.00800563,0.35361362,0.020781456,0.70158017,0.0043454976,0.09452479,0.006950227,0.3205059,0.016156016,null,null,null,null,"TWOGAUSSIANS",8,16.339035,0.218737,0.003772818,0.4,0.0,0.33915472,0.023232264,0.70158017,0.0043454976,0.4,0.0,0.30604663,0.012364874
375316653866487564,4497428863173941376,0.553281,2199.311476350627,1.7911510222266078,7.4315244E-6,16.526054,0.0048556617,0.2295304,0.0016334784,0.08900016,0.004503802,0.16264594,0.007640014,0.7265364,0.0026150814,0.09222485,0.006403221,0.13110436,0.0047296532,null,null,null,null,"TWOGAUSSIANS",8,4.1201344,0.2295304,0.0016334784,0.4,0.0,0.15646225,0.007953306,0.7265364,0.0026150814,0.4,0.0,0.12492062,0.0048560086
375316653866487564,4497430237563400576,0.4287257,2233.0801158924287,3.9975334929999997,1.0843621E-6,18.380692,0.012561766,0.1051943,1.0813298E-5,2.2666263E-5,1.796361E-5,0.38605517,0.23216827,0.42037854,0.0015368055,0.012466796,0.002788433,0.4101437,0.36495358,0.029750064,0.01630318,0.1051943,1.0813298E-5,"TWOGAUSSIANS_WITH_ELLIPSOIDAL_ON_ECLIPSE1",9,7.128112,0.1051943,1.0813298E-5,1.2693107E-4,1.0059621E-4,0.445555,0.23224732,0.42047852,0.0014549856,0.069814056,0.015615226,0.4195926,0.36559725
375316653866487564,4497433570466546560,0.46963078,2186.5108584399873,1.2750925734720995,2.9589979E-5,16.051487,0.0072854287,0.28391123,0.0145884,0.11563701,0.021510296,0.056843705,0.0072763027,0.77306175,0.006858911,0.091576986,0.014003268,0.049941774,0.007061314,null,null,null,null,"TWOGAUSSIANS",8,6.376016,0.28391123,0.0145884,0.4,0.0,0.051738057,0.004495953,0.77306175,0.006858911,0.4,0.0,0.044846773,0.0047409604
375316653866487564,4497433673545763840,0.6141827,2153.885737441856,1.4583630788617625,7.4685327E-6,16.518318,0.0010574663,null,null,null,null,null,null,null,null,null,null,null,null,0.08440085,0.0013808203,0.19696021,0.0015551179,"ELLIPSOIDAL",4,3.1063948,null,null,null,null,null,null,null,null,null,null,null,null
375316653866487564,4497441095249317632,0.49370322,2170.4859358200874,3.320000693630686,1.7042186E-5,17.18192,0.017604327,0.27002245,0.0040178276,0.094343856,0.0061626807,0.37421036,0.020885812,0.77904624,0.0035165073,0.091573864,0.00581557,0.40217435,0.018334027,null,null,null,null,"TWOGAUSSIANS",8,40.740635,0.77904624,0.0035165073,0.4,0.0,0.38390753,0.013737153,0.27002245,0.0040178276,0.4,0.0,0.35594317,0.017876843
375316653866487564,4497443118172899072,0.55566496,2206.446592835499,2.3061699347021345,1.3170985E-5,17.773676,0.0028796897,0.30679497,0.0024809078,0.06004737,0.0026598433,0.26933935,0.008710531,0.80891085,0.0029392443,0.078572124,0.0037607509,0.16569164,0.011586301,null,null,null,null,"TWOGAUSSIANS",8,2.9435732,0.30679497,0.0024809078,0.33626527,0.0148951225,0.26876876,0.008735006,0.80891085,0.0029392443,0.4,0.0,0.16512106,0.011674232
375316653866487564,4497443294272918144,0.52294546,2204.4438328766873,2.751350316570907,1.3413087E-5,15.5232115,0.0123805255,0.2877379,0.0037195007,0.07337591,0.004179645,0.3427485,0.01815969,0.77571106,0.004102967,0.07655988,0.0069118454,0.33710268,0.024739532,null,null,null,null,"TWOGAUSSIANS",8,173.04973,0.2877379,0.0037195007,0.4,0.0,0.3407537,0.017560018,0.77571106,0.004102967,0.4,0.0,0.3351079,0.025171492
375316653866487564,4497444084546928256,0.42941302,2196.0730437121274,0.3862174469809737,3.594366E-5,16.721292,0.009059293,0.28885454,0.06667203,0.09220487,0.04884258,0.03560806,0.015114547,0.73881906,0.013663865,0.084930204,0.02312148,0.07721156,0.010530422,null,null,null,null,"TWOGAUSSIANS",8,24.16652,0.73881906,0.013663865,0.4,0.0,0.07638948,0.010605683,0.28885454,0.06667956,0.4,0.0,0.034785796,0.014248359
375316653866487564,4497448340851090048,0.5836991,2123.1903743843054,3.804956055136961,1.529735E-5,17.871326,0.011380498,0.2595158,0.0039695515,0.09718296,0.0067151277,0.27279034,0.01113668,0.75649023,0.0016183805,0.09943345,0.005399815,0.27866685,0.009192778,null,null,null,null,"TWOGAUSSIANS",8,1.9013234,0.75649023,0.0016183805,0.4,0.0,0.25776595,0.006518245,0.2595158,0.0039695515,0.4,0.0,0.2518903,0.006324725
375316653866487564,4497448963629834880,0.6007365,2165.250619558559,1.9537913028119085,1.0260849E-5,14.87382,0.011433944,0.20804638,0.0060245916,0.110276975,0.014669944,0.090726525,0.011263105,0.69726574,0.0017389525,0.10473224,0.0076166145,0.15630606,0.010251475,null,null,null,null,"TWOGAUSSIANS",8,13.224533,0.69726574,0.0017389525,0.4,0.0,0.14237829,0.0031304087,0.20805638,0.0060351333,0.4,0.0,0.076795846,0.004348528
375316653866487564,4497451433229732608,0.50112134,2185.9691312132272,2.904093747066577,1.3542447E-5,18.097303,0.009293567,0.30340934,0.004562707,0.048569713,0.003992386,0.268909,0.043333925,0.79546547,0.003111865,0.045375552,0.006390097,0.23895529,0.034625445,0.052046116,0.02318897,0.30340934,0.004562707,"TWOGAUSSIANS_WITH_ELLIPSOIDAL_ON_ECLIPSE1",9,21.282175,0.30340934,0.004562707,0.2719904,0.022357363,0.37300053,0.034254532,0.79598546,0.0028432133,0.2541031,0.035784543,0.3428048,0.0406323
375316653866487564,4497453464747332992,0.4754064,2121.7367372452463,3.1633497088430635,1.3310205E-4,19.830372,0.008700655,0.32559523,0.0037774635,0.04743278,0.003740987,0.74085134,0.08522161,0.57070553,1.6934134E-4,0.0095954,0.0011457638,0.07834296,0.0070343832,null,null,null,null,"TWOGAUSSIANS",8,3.1583686,0.32559523,0.0037774635,0.26562357,0.020949528,0.74085134,0.08522161,0.57070553,1.6934134E-4,0.05373424,0.006416277,0.07834414,0.0070354897
