Gaia/vari_eclipsing_binary/VariEclipsingBinary_467355-467377.csv
# %ECSV 1.0
# ---
# delimiter: ','
# meta: !!omap
# - RELEASE: Gaia DR3
# - TABLE: vari_eclipsing_binary
# - DESCRIPTION: >
#     This table describes the properties of the eclipsing binaries resulting from the variability analysis. 
# - CITATION: >
#     How to cite and acknowledge Gaia: 
#     https://gea.esac.esa.int/archive/documentation/credits.html 
# - KNOWN_ISSUES: >
#     Known issues: 
#     https://www.cosmos.esa.int/web/gaia-users/known-issues 
# - DOCUMENTATION: >
#     Tutorials and documentation: 
#     https://www.cosmos.esa.int/web/gaia-users/archive 
# datatype:
# - 
#   name: solution_id
#   datatype: int64
#   description: Solution Identifier
#   meta:
#     ucd: meta.version
# - 
#   name: source_id
#   datatype: int64
#   description: Unique source identifier
#   meta:
#     ucd: meta.id;meta.main
# - 
#   name: global_ranking
#   datatype: float32
#   description: Number between 0 (worst) and 1 (best)
#   meta:
#     ucd: stat.param
# - 
#   name: reference_time
#   datatype: float64
#   unit: d
#   description: Reference time used for the geometric model fit
#   meta:
#     ucd: time.epoch
# - 
#   name: frequency
#   datatype: float64
#   unit: d**-1
#   description: Frequency of geometric model of the eclipsing binary light curve
#   meta:
#     ucd: src.orbital
# - 
#   name: frequency_error
#   datatype: float32
#   unit: d**-1
#   description: "Uncertainty of \\texttt{frequency}"
#   meta:
#     ucd: stat.error
# - 
#   name: geom_model_reference_level
#   datatype: float32
#   unit: mag
#   description: Magnitude reference level of geometric model
#   meta:
#     ucd: phot.mag;em.opt
# - 
#   name: geom_model_reference_level_error
#   datatype: float32
#   unit: mag
#   description: "Uncertainty of \\texttt{geomModelReferenceLevel}"
#   meta:
#     ucd: stat.error;phot.mag;em.opt
# - 
#   name: geom_model_gaussian1_phase
#   datatype: float32
#   description: Phase of the Gaussian 1 component
#   meta:
#     ucd: time.phase
# - 
#   name: geom_model_gaussian1_phase_error
#   datatype: float32
#   description: "Uncertainty of \\texttt{geomModelGaussian1Phase}"
#   meta:
#     ucd: stat.error;time.phase
# - 
#   name: geom_model_gaussian1_sigma
#   datatype: float32
#   description: "Standard deviation [phase] of Gaussian 1 component"
#   meta:
#     ucd: stat.stdev
# - 
#   name: geom_model_gaussian1_sigma_error
#   datatype: float32
#   description: "Uncertainty of \\texttt{geomModelGaussian1Sigma}"
#   meta:
#     ucd: stat.error
# - 
#   name: geom_model_gaussian1_depth
#   datatype: float32
#   unit: mag
#   description: Magnitude depth of Gaussian 1 component
#   meta:
#     ucd: src.var.amplitude
# - 
#   name: geom_model_gaussian1_depth_error
#   datatype: float32
#   unit: mag
#   description: "Uncertainty of \\texttt{geomModelGaussian1Depth}"
#   meta:
#     ucd: stat.error;src.var.amplitude
# - 
#   name: geom_model_gaussian2_phase
#   datatype: float32
#   description: Phase of Gaussian 2 component
#   meta:
#     ucd: time.phase
# - 
#   name: geom_model_gaussian2_phase_error
#   datatype: float32
#   description: "Uncertainty of \\texttt{geomModelGaussian2Phase}"
#   meta:
#     ucd: stat.error;time.phase
# - 
#   name: geom_model_gaussian2_sigma
#   datatype: float32
[...]
#   datatype: float32
#   description: "Secondary eclipse: uncertainty of \\texttt{derivedSecondaryEclDuration}"
#   meta:
#     ucd: stat.error;time.duration
# - 
#   name: derived_secondary_ecl_depth
#   datatype: float32
#   unit: mag
#   description: "Secondary eclipse: depth"
#   meta:
#     ucd: src.var.amplitude
# - 
#   name: derived_secondary_ecl_depth_error
#   datatype: float32
#   unit: mag
#   description: "Secondary eclipse: uncertainty of \\texttt{derivedSecondaryEclDepth}"
#   meta:
#     ucd: stat.error;src.var.amplitude
solution_id,source_id,global_ranking,reference_time,frequency,frequency_error,geom_model_reference_level,geom_model_reference_level_error,geom_model_gaussian1_phase,geom_model_gaussian1_phase_error,geom_model_gaussian1_sigma,geom_model_gaussian1_sigma_error,geom_model_gaussian1_depth,geom_model_gaussian1_depth_error,geom_model_gaussian2_phase,geom_model_gaussian2_phase_error,geom_model_gaussian2_sigma,geom_model_gaussian2_sigma_error,geom_model_gaussian2_depth,geom_model_gaussian2_depth_error,geom_model_cosine_half_period_amplitude,geom_model_cosine_half_period_amplitude_error,geom_model_cosine_half_period_phase,geom_model_cosine_half_period_phase_error,model_type,num_model_parameters,reduced_chi2,derived_primary_ecl_phase,derived_primary_ecl_phase_error,derived_primary_ecl_duration,derived_primary_ecl_duration_error,derived_primary_ecl_depth,derived_primary_ecl_depth_error,derived_secondary_ecl_phase,derived_secondary_ecl_phase_error,derived_secondary_ecl_duration,derived_secondary_ecl_duration_error,derived_secondary_ecl_depth,derived_secondary_ecl_depth_error
[from data line 260]
375316653866487564,4110991929511210368,0.43895566,2266.286692743041,2.4955157756788378,5.8630118E-5,19.367369,0.05847198,0.2702306,0.01490898,0.09048159,0.030069008,0.22361405,0.056044288,0.785357,0.013264466,0.12817588,0.04685105,0.1577002,0.056114674,null,null,null,null,"TWOGAUSSIANS",8,3.3594916,0.27015057,0.014871497,0.4,0.01577517,0.2016812,0.060802966,0.785357,0.013266219,0.4,0.0,0.13559522,0.016658977
375316653866487564,4110992273108555264,0.49385628,2283.985089336344,3.1241726476155534,1.957158E-5,19.757599,0.052291967,0.21938826,0.013200384,0.09316787,0.021329006,0.37755015,0.04610108,0.71484447,0.0062280623,0.10401547,0.017982213,0.3378993,0.051873006,null,null,null,null,"TWOGAUSSIANS",8,2.2693326,0.21938826,0.013213071,0.4,0.0,0.35065752,0.029764954,0.71484447,0.0062280623,0.4,0.0,0.31100047,0.028143456
375316653866487564,4110992754185535488,0.55598223,2319.495532405871,4.722172965321559,7.796482E-5,17.244722,0.0010586317,0.46571583,0.019647637,0.025661781,0.014378271,0.09315602,20.485226,0.77893174,0.00949379,0.019787265,0.012631954,0.2936611,5.3057019E9,null,null,null,null,"TWOGAUSSIANS",8,1.8922262,0.77893174,0.00949379,0.11080868,0.07073894,0.2936611,5.3057019E9,0.46571583,0.019647637,0.14370598,0.08051832,0.09315602,20.485226
375316653866487564,4110992788503533952,0.5256666,2305.692653039783,1.1828398880809203,8.546195E-6,18.604586,0.012097624,0.2771679,0.003396793,0.083707675,0.0056668594,0.24904275,0.011892249,0.7763448,0.0025470234,0.09472908,0.00658867,0.20425677,0.01164918,null,null,null,null,"TWOGAUSSIANS",8,1.4844619,0.2771679,0.003396793,0.4,0.0,0.24034637,0.00786206,0.7763448,0.0025470234,0.4,0.0,0.19556005,0.008077558
375316653866487564,4110992822863478400,0.44516,2300.3364070890366,2.613038705698682,4.127438E-5,18.950708,0.28289884,0.24624237,0.006853074,0.14849742,0.057823513,0.29408833,0.2568164,0.7507064,0.012849684,0.17267565,0.08960397,0.3022035,0.27153867,null,null,null,null,"TWOGAUSSIANS",8,2.8154058,0.7511664,0.012343949,0.4,0.0,0.13108805,0.014116951,0.24533238,0.007090724,0.4,0.0,0.13009253,0.010282453
375316653866487564,4110992822871587712,0.5211398,2328.1283537666027,0.0918875195153913,1.4983384E-5,19.522034,0.009616586,0.14681162,0.009111154,0.035142377,0.0052082185,0.14826255,0.021630151,0.60758936,0.0035428656,0.03246739,0.008613978,0.39830333,0.03745258,null,null,null,null,"TWOGAUSSIANS",8,2.4985163,0.60758936,0.0035428656,0.1818174,0.048238274,0.39830333,0.03745258,0.14681162,0.009111154,0.19679731,0.029166022,0.14826255,0.021630151
375316653866487564,4110992857264760960,0.6449563,2322.3430591772812,0.3283612717503123,7.889104E-6,17.41815,0.0020066192,0.2162991,0.0031829504,0.021122102,0.0036204543,0.087445766,0.0015111468,0.741312,8.8586693E-4,0.036113586,9.274957E-4,0.66397786,0.027254151,0.016916325,0.0030915479,0.741312,8.8586693E-4,"TWOGAUSSIANS_WITH_ELLIPSOIDAL_ON_ECLIPSE2",9,2.6008637,0.741312,8.8586693E-4,0.20223609,0.0051939758,0.6978105,0.028318923,0.2166291,0.0032063213,0.11828376,0.020274544,0.12046046,0.0046380344
375316653866487564,4110993608832944896,0.46982664,2316.84816771476,3.158261205576914,3.1177275E-5,18.604057,0.011768528,0.23551528,0.01495678,0.09478946,0.015229861,0.16195716,0.015598315,0.7172,0.0052580032,0.08641344,0.010256415,0.18527429,0.01478996,null,null,null,null,"TWOGAUSSIANS",8,4.8699946,0.7172,0.0052580032,0.4,0.0,0.17950986,0.014445897,0.23551528,0.01495678,0.4,0.0,0.15619232,0.013128739
375316653866487564,4110993677565583872,0.42003414,2286.8270774008956,4.394422632718539,7.742823E-5,19.041319,0.07888976,0.25545183,0.04984268,0.13783091,0.044970192,0.25988778,0.07016892,0.6498511,0.10801587,0.12812822,0.13894607,0.10001204,0.067544475,null,null,null,null,"TWOGAUSSIANS",8,13.019284,0.2570418,0.0402692,0.4,0.0,0.23680876,0.03248253,0.6498511,0.10801587,0.4,0.10157727,0.08038843,0.037820734
375316653866487564,4110994403412157696,0.4444015,2283.5761252317893,0.05064741980351364,2.062805E-4,19.48856,0.02124704,0.29585582,0.002433481,0.03283428,0.01733375,1.9557315,5.639687,0.7261086,0.011019695,0.1418993,0.023843277,0.2202217,0.020540502,null,null,null,null,"TWOGAUSSIANS",8,3.4338577,0.29588583,0.0024049487,0.18387197,0.097069,1.9555186,5.6412463,0.7261086,0.011019695,0.4,0.0,0.21771806,0.019773824
375316653866487564,4110994575211244288,0.4620446,2293.873642520649,3.8179164138276516,4.4365854E-5,19.724785,0.01810291,0.12138821,0.0070191245,0.07375395,0.007612754,0.32754275,0.0316629,0.58765334,0.0074024955,0.07215303,0.011226055,0.32132238,0.04096801,null,null,null,null,"TWOGAUSSIANS",8,3.7600138,0.12138821,0.0070191245,0.4,0.0044093924,0.3267365,0.031510767,0.58765334,0.0074024955,0.4,0.031201301,0.32051614,0.041251086
375316653866487564,4110994781370057088,0.51843107,2307.851860392457,0.9891746775808885,6.91356E-5,19.244583,0.010900249,0.59065104,0.21319078,0.18198746,0.23024116,0.030834267,0.39094815,0.43962017,9.4962656E-4,0.012900164,0.001559774,0.6731664,0.063094646,null,null,null,null,"TWOGAUSSIANS",8,5.698955,0.43964016,9.501288E-4,0.07224092,0.008734735,0.6936038,0.0607121,0.59065104,0.21319078,0.4,0.36928913,0.029418653,0.39326882
375316653866487564,4110994987535387136,0.55407727,2335.3300383049836,3.812753183179999,1.3838922E-5,19.088013,0.01499344,0.30120444,0.0026408758,0.06945102,0.0040191477,0.5458253,0.019940227,0.7876512,0.0030288915,0.072170466,0.005514664,0.49284217,0.027739571,null,null,null,null,"TWOGAUSSIANS",8,2.7877517,0.30120444,0.0026408758,0.3889257,0.02078397,0.54438007,0.019723827,0.7876512,0.0030288915,0.4,0.012227538,0.49139693,0.02801108
375316653866487564,4110995399845004160,0.481136,2289.1654750089165,1.6764357144173225,7.032764E-5,19.273388,0.008786245,0.28360808,0.005876113,0.045854677,0.00854789,0.32407707,0.045516264,0.7936033,0.0047710184,0.060590383,0.005432949,0.116762094,0.0123268645,null,null,null,null,"TWOGAUSSIANS",8,3.1796026,0.28360808,0.005876113,0.2567862,0.047868185,0.32407337,0.045523535,0.7936033,0.0047710184,0.33930615,0.030424513,0.116758406,0.012324384
375316653866487564,4110996224487625216,0.5452278,2316.0509338598617,3.664767559633667,1.1750621E-5,19.181202,0.011540975,0.18928927,0.00361719,0.04055843,0.0066988934,0.30420765,0.044386268,0.7105067,0.021154141,0.031245707,0.016951075,0.15272722,0.061767936,0.17166927,0.021507367,0.18928927,0.00361719,"TWOGAUSSIANS_WITH_ELLIPSOIDAL_ON_ECLIPSE1",9,4.914594,0.18928927,0.00361719,0.22712722,0.037513804,0.6475459,0.04240108,0.7105067,0.021154141,0.17497596,0.09492602,0.4899996,0.045821536
375316653866487564,4110996258847355392,0.43319714,2320.832722365417,2.900356396040565,5.7947356E-5,19.798151,0.14045343,0.29711235,0.038088616,0.15769531,0.06652504,0.25222152,0.13583495,0.714122,0.013949317,0.094747745,0.03106106,0.34816343,0.09180631,null,null,null,null,"TWOGAUSSIANS",8,3.8599715,0.714122,0.013949317,0.4,0.0,0.31837845,0.054834858,0.29721236,0.037459332,0.4,0.0,0.21454296,0.04274072
375316653866487564,4110996568077223424,0.4687097,2319.82572872296,0.1677518023619388,1.4489343E-5,19.67566,0.0069498555,null,null,null,null,null,null,null,null,null,null,null,null,0.105632715,0.010335897,0.27086192,0.0051704273,"ELLIPSOIDAL",4,2.1452067,null,null,null,null,null,null,null,null,null,null,null,null
375316653866487564,4110996636796513536,0.44860214,2356.1830513889213,1.9740332161431966,1.3684193E-5,19.897339,0.014310831,0.11179948,0.012013867,0.02308556,0.019443827,0.11652765,0.27578208,0.42424625,0.00205744,0.034951765,0.0043282597,0.7847203,0.24021205,null,null,null,null,"TWOGAUSSIANS",8,3.8256662,0.42424625,0.00205744,0.19572988,0.024238255,0.7847203,0.24021205,0.11179948,0.012013867,0.12927914,0.10888543,0.11652765,0.27578208
375316653866487564,4110996946034868736,0.49923918,2319.9507856391106,2.3225854202447556,2.7795853E-5,19.682283,0.015727825,0.25909868,0.013939903,0.06596557,0.015951965,0.37478572,0.08129729,0.76390165,0.006306055,0.073273435,0.0074291,0.40676862,0.038767554,null,null,null,null,"TWOGAUSSIANS",8,3.2436137,0.76390165,0.006306055,0.4,0.017457405,0.4056752,0.038808625,0.25909868,0.013939903,0.3694072,0.057554875,0.37369233,0.08274258
375316653866487564,4110997010441069568,0.4844692,2307.6732881313505,1.2323711791042393,3.4825887E-5,17.906687,0.018522836,0.21078114,0.0043912134,0.09001581,0.017227396,0.11963864,0.01568242,0.69136584,0.0056954036,0.07577872,0.0074869916,0.2365374,0.020016236,null,null,null,null,"TWOGAUSSIANS",8,8.058096,0.69136584,0.0056954036,0.4,0.0,0.23415565,0.015998157,0.21078114,0.0043912134,0.4,0.0,0.11725681,0.011783161
375316653866487564,4110997289671575808,0.52354795,2292.484560364169,1.9749491841168016,4.7077978E-5,19.464827,0.010478001,0.26076013,0.009419265,0.0801344,0.010746735,0.28849608,0.022930421,0.7678113,0.005431469,0.073582575,0.005988731,0.3496095,0.0112243565,null,null,null,null,"TWOGAUSSIANS",8,1.9927905,0.7678113,0.005431469,0.4,0.0,0.34687066,0.010899439,0.26076013,0.009419265,0.4,0.0,0.2857572,0.02317391
375316653866487564,4110997564508583168,0.54485685,2288.4804481715864,2.4876928824404354,2.3962317E-5,19.694227,0.043588556,0.2558671,0.005246708,0.08782635,0.011873058,0.48932526,0.03666934,0.76490813,0.006403575,0.097601496,0.011373853,0.5370799,0.042770725,null,null,null,null,"TWOGAUSSIANS",8,1.8988535,0.76490813,0.006403575,0.4,0.0,0.5133747,0.02222144,0.2558671,0.005247301,0.4,0.0,0.46562234,0.022401974
375316653866487564,4110997903794472192,0.46520388,2296.6952903489578,3.07296404413075,6.0379436E-5,18.429176,0.020053579,0.23909052,0.011966649,0.07845299,0.031697895,0.1324215,0.016980018,0.7699471,0.012897196,0.07933685,0.030730702,0.13317543,0.018749004,null,null,null,null,"TWOGAUSSIANS",8,7.5029297,0.7699471,0.012897196,0.4,0.0456654,0.13224977,0.01598674,0.23909052,0.011966649,0.4,0.042312656,0.13149582,0.014403972
375316653866487564,4110999243829580544,0.46317062,2317.6368617844864,2.081788100079356,1.897726E-5,18.942455,0.009919932,0.24489987,0.009645537,0.07207194,0.010112966,0.11785054,0.024701837,0.71673447,0.005298198,0.09309647,0.012033632,0.16762406,0.012240633,null,null,null,null,"TWOGAUSSIANS",8,1.7635171,0.71673447,0.005298198,0.4,0.0,0.16590777,0.012555025,0.24489987,0.009645324,0.4,0.01831577,0.11613472,0.02474355
375316653866487564,4110999248145053056,0.4221108,2296.81674384272,0.10357081289300747,1.1601491E-4,19.361559,0.049405318,0.19269362,0.018207991,0.09452357,0.022195924,0.2816393,0.055208378,0.72952086,0.019441932,0.104684286,0.028794177,0.18180752,0.051845867,null,null,null,null,"TWOGAUSSIANS",8,8.362718,0.1926836,0.01821859,0.4,0.0,0.26987734,0.038178112,0.7295309,0.01944513,0.4,0.0,0.17003675,0.034603897
375316653866487564,4110999518707480960,0.43555632,2291.6713517564194,2.9547687933339084,1.1093654E-4,19.251833,0.03806624,0.16664313,0.015973598,0.09511906,0.02214636,0.23408203,0.051270276,0.68567425,0.022261288,0.053973224,0.02566189,0.33693445,0.22091132,null,null,null,null,"TWOGAUSSIANS",8,15.747682,0.68567425,0.022261288,0.30225006,0.1294559,0.33574533,0.22105345,0.16664313,0.015973598,0.4,0.0,0.23289216,0.04678921
375316653866487564,4110999523023589632,0.49399376,2320.255850416851,2.0938586092218383,2.656648E-5,18.856834,0.014613577,0.24111922,0.0068612606,0.08496076,0.011306753,0.22691177,0.018331315,0.72799605,0.00885968,0.08496901,0.011081253,0.19619986,0.019880611,null,null,null,null,"TWOGAUSSIANS",8,3.3598654,0.24111922,0.0068612606,0.4,0.0,0.2224939,0.017916229,0.72799605,0.00885968,0.4,0.0,0.191782,0.017843572
375316653866487564,4110999660493844992,0.4799326,2323.891077650449,3.351696643678579,2.6823713E-5,18.479483,0.03206286,0.27070838,0.0044757356,0.064714454,0.011224569,0.45028368,0.03297469,0.78110874,0.007233493,0.062054157,0.010070437,0.5282991,0.042853814,null,null,null,null,"TWOGAUSSIANS",8,43.576786,0.78110874,0.007233493,0.3475033,0.056394443,0.52800524,0.04295258,0.27070838,0.0044757356,0.36240092,0.06285758,0.44998983,0.03298396
375316653866487564,4110999763541407104,0.54211026,2295.029279331945,2.015605114416641,1.6184833E-5,19.082506,0.025786951,0.22048813,0.0058463854,0.10874259,0.01214968,0.2588538,0.02588992,0.70881605,0.003161482,0.09647149,0.0069998326,0.3839654,0.026241867,null,null,null,null,"TWOGAUSSIANS",8,1.9132046,0.70881605,0.003161482,0.4,0.0,0.35636696,0.015229421,0.22048813,0.0058463854,0.4,0.0,0.23124185,0.014576357
375316653866487564,4110999969692183936,0.47428638,2323.0837254961084,0.0985085780164654,2.5264275E-5,19.588266,0.00987474,0.37286076,0.01297171,0.026516188,0.020150745,0.22032374,0.014883442,0.70072335,0.0079347845,0.021202518,0.010616217,0.05471083,0.017892322,null,null,null,null,"TWOGAUSSIANS",8,2.424365,0.37286076,0.01297171,0.14849065,0.11284418,0.22032374,0.014883442,0.70072335,0.0079347845,0.1187341,0.059450816,0.05471083,0.017892322
375316653866487564,4111000210210479360,0.5086451,2299.6651591112245,2.172091181071038,1.139879E-5,19.215845,0.0147462245,0.3167084,0.0029086794,0.07347195,0.0055245324,0.43558466,0.02744283,0.8158809,0.0042875786,0.077502705,0.007268779,0.38113433,0.042885516,null,null,null,null,"TWOGAUSSIANS",8,3.0156512,0.3167084,0.0029086794,0.4,0.0012274291,0.43226975,0.027798116,0.8158809,0.0042875786,0.4,0.0,0.37781942,0.043689832
375316653866487564,4111000210210503168,0.47670257,2296.3268040909547,0.784797633276008,9.1874695E-5,19.65932,0.06667622,0.48879874,0.010730019,0.026898522,0.008870809,1.6812104,15.871519,0.8858101,0.033032183,0.144568,0.055187207,0.22826973,0.067349374,null,null,null,null,"TWOGAUSSIANS",8,16.118528,0.48883873,0.010742833,0.15063173,0.04967653,1.685188,15.871657,0.8858101,0.033032183,0.4,0.0,0.22694929,0.062816866
375316653866487564,4111000308981454336,0.49681318,2320.5341932999163,2.9049652859610555,2.0551159E-5,18.705591,0.021930974,0.25878942,0.0048020417,0.113727905,0.015587728,0.15620953,0.020493755,0.75637376,0.0057763765,0.1145635,0.014039628,0.16028123,0.020416752,null,null,null,null,"TWOGAUSSIANS",8,1.1898149,0.75637376,0.0057763765,0.4,0.0,0.13220707,0.008467968,0.25879943,0.004812696,0.4,0.0,0.12813896,0.00540109
375316653866487564,4111000382021105024,0.47799873,2301.1808509355233,2.9231515586882226,7.5386015E-5,19.62622,0.039073784,0.22407536,0.00885974,0.10462864,0.014409796,0.44467384,0.040078674,0.7168021,0.007850879,0.08125413,0.015850157,0.38047555,0.046664093,null,null,null,null,"TWOGAUSSIANS",8,6.931932,0.22407536,0.00885974,0.4,0.0,0.42477614,0.02811129,0.7168021,0.007850879,0.4,0.0,0.36058813,0.04872062
375316653866487564,4111000790012561280,0.4900412,2311.1414272911106,0.9325309986663434,1.1104305E-5,18.709763,0.008309666,0.21223657,0.009133592,0.038184464,0.007463197,0.17336279,0.031821206,0.69839096,0.002391468,0.052709706,0.0099791,0.08227881,0.008686659,null,null,null,null,"TWOGAUSSIANS",8,2.5915773,0.21223657,0.009133592,0.213833,0.0417939,0.17336276,0.031821262,0.69839096,0.002391468,0.29517436,0.05588296,0.08227879,0.008686725
375316653866487564,4111001172292271744,0.46843562,2302.9935865686907,1.993433014833217,3.9226936E-5,19.018187,0.006361458,0.21809356,0.024281068,0.04002863,0.020654315,0.1035302,0.033254806,0.72313297,0.0063944883,0.07674321,0.007974749,0.19169787,0.017551342,null,null,null,null,"TWOGAUSSIANS",8,2.8200955,0.72313297,0.0063944883,0.4,0.0,0.19167227,0.01754271,0.21809356,0.024281068,0.22416034,0.11566416,0.1035046,0.03319421
375316653866487564,4111001790758682368,0.52711296,2280.0851370440937,1.9257246016855487,1.08134445E-5,19.339222,0.01391246,0.21069406,0.0063615222,0.078183405,0.009367459,0.41175824,0.019107101,0.6989029,0.0038992334,0.08450649,0.005136496,0.37081417,0.02670771,null,null,null,null,"TWOGAUSSIANS",8,2.6565561,0.21069406,0.0063615222,0.4,0.0,0.40622973,0.019289585,0.6989029,0.0038992334,0.4,0.0,0.36528563,0.025933594
