Gaia/vari_eclipsing_binary/VariEclipsingBinary_468248-468263.csv
# %ECSV 1.0
# ---
# delimiter: ','
# meta: !!omap
# - RELEASE: Gaia DR3
# - TABLE: vari_eclipsing_binary
# - DESCRIPTION: >
#     This table describes the properties of the eclipsing binaries resulting from the variability analysis. 
# - CITATION: >
#     How to cite and acknowledge Gaia: 
#     https://gea.esac.esa.int/archive/documentation/credits.html 
# - KNOWN_ISSUES: >
#     Known issues: 
#     https://www.cosmos.esa.int/web/gaia-users/known-issues 
# - DOCUMENTATION: >
#     Tutorials and documentation: 
#     https://www.cosmos.esa.int/web/gaia-users/archive 
# datatype:
# - 
#   name: solution_id
#   datatype: int64
#   description: Solution Identifier
#   meta:
#     ucd: meta.version
# - 
#   name: source_id
#   datatype: int64
#   description: Unique source identifier
#   meta:
#     ucd: meta.id;meta.main
# - 
#   name: global_ranking
#   datatype: float32
#   description: Number between 0 (worst) and 1 (best)
#   meta:
#     ucd: stat.param
# - 
#   name: reference_time
#   datatype: float64
#   unit: d
#   description: Reference time used for the geometric model fit
#   meta:
#     ucd: time.epoch
# - 
#   name: frequency
#   datatype: float64
#   unit: d**-1
#   description: Frequency of geometric model of the eclipsing binary light curve
#   meta:
#     ucd: src.orbital
# - 
#   name: frequency_error
#   datatype: float32
#   unit: d**-1
#   description: "Uncertainty of \\texttt{frequency}"
#   meta:
#     ucd: stat.error
# - 
#   name: geom_model_reference_level
#   datatype: float32
#   unit: mag
#   description: Magnitude reference level of geometric model
#   meta:
#     ucd: phot.mag;em.opt
# - 
#   name: geom_model_reference_level_error
#   datatype: float32
#   unit: mag
#   description: "Uncertainty of \\texttt{geomModelReferenceLevel}"
#   meta:
#     ucd: stat.error;phot.mag;em.opt
# - 
#   name: geom_model_gaussian1_phase
#   datatype: float32
#   description: Phase of the Gaussian 1 component
#   meta:
#     ucd: time.phase
# - 
#   name: geom_model_gaussian1_phase_error
#   datatype: float32
#   description: "Uncertainty of \\texttt{geomModelGaussian1Phase}"
#   meta:
#     ucd: stat.error;time.phase
# - 
#   name: geom_model_gaussian1_sigma
#   datatype: float32
#   description: "Standard deviation [phase] of Gaussian 1 component"
#   meta:
#     ucd: stat.stdev
# - 
#   name: geom_model_gaussian1_sigma_error
#   datatype: float32
#   description: "Uncertainty of \\texttt{geomModelGaussian1Sigma}"
#   meta:
#     ucd: stat.error
# - 
#   name: geom_model_gaussian1_depth
#   datatype: float32
#   unit: mag
#   description: Magnitude depth of Gaussian 1 component
#   meta:
#     ucd: src.var.amplitude
# - 
#   name: geom_model_gaussian1_depth_error
#   datatype: float32
#   unit: mag
#   description: "Uncertainty of \\texttt{geomModelGaussian1Depth}"
#   meta:
#     ucd: stat.error;src.var.amplitude
# - 
#   name: geom_model_gaussian2_phase
#   datatype: float32
#   description: Phase of Gaussian 2 component
#   meta:
#     ucd: time.phase
# - 
#   name: geom_model_gaussian2_phase_error
#   datatype: float32
#   description: "Uncertainty of \\texttt{geomModelGaussian2Phase}"
#   meta:
#     ucd: stat.error;time.phase
# - 
#   name: geom_model_gaussian2_sigma
#   datatype: float32
[...]
#   datatype: float32
#   description: "Secondary eclipse: uncertainty of \\texttt{derivedSecondaryEclDuration}"
#   meta:
#     ucd: stat.error;time.duration
# - 
#   name: derived_secondary_ecl_depth
#   datatype: float32
#   unit: mag
#   description: "Secondary eclipse: depth"
#   meta:
#     ucd: src.var.amplitude
# - 
#   name: derived_secondary_ecl_depth_error
#   datatype: float32
#   unit: mag
#   description: "Secondary eclipse: uncertainty of \\texttt{derivedSecondaryEclDepth}"
#   meta:
#     ucd: stat.error;src.var.amplitude
solution_id,source_id,global_ranking,reference_time,frequency,frequency_error,geom_model_reference_level,geom_model_reference_level_error,geom_model_gaussian1_phase,geom_model_gaussian1_phase_error,geom_model_gaussian1_sigma,geom_model_gaussian1_sigma_error,geom_model_gaussian1_depth,geom_model_gaussian1_depth_error,geom_model_gaussian2_phase,geom_model_gaussian2_phase_error,geom_model_gaussian2_sigma,geom_model_gaussian2_sigma_error,geom_model_gaussian2_depth,geom_model_gaussian2_depth_error,geom_model_cosine_half_period_amplitude,geom_model_cosine_half_period_amplitude_error,geom_model_cosine_half_period_phase,geom_model_cosine_half_period_phase_error,model_type,num_model_parameters,reduced_chi2,derived_primary_ecl_phase,derived_primary_ecl_phase_error,derived_primary_ecl_duration,derived_primary_ecl_duration_error,derived_primary_ecl_depth,derived_primary_ecl_depth_error,derived_secondary_ecl_phase,derived_secondary_ecl_phase_error,derived_secondary_ecl_duration,derived_secondary_ecl_duration_error,derived_secondary_ecl_depth,derived_secondary_ecl_depth_error
[from data line 112]
375316653866487564,4118775922116178816,0.4261321,2451.6660849674954,4.10515276973556,2.6751033E-5,19.339117,0.005684361,0.39477572,0.013133612,0.01949696,0.006572915,0.81736463,1.2207434,0.86371005,0.00508144,0.026618319,0.0044856328,0.25131178,0.02085103,null,null,null,null,"TWOGAUSSIANS",8,3.998167,0.39477572,0.013133612,0.109182976,0.036808323,0.81736463,1.2207434,0.86371005,0.00508144,0.14906259,0.025119543,0.25131178,0.02085103
375316653866487564,4118776089595478656,0.5781033,2421.77916300109,3.1944389848798136,7.5551607E-6,17.839636,0.013557999,0.2056184,0.0052735647,0.046727523,0.008037234,0.24947712,0.034012724,0.73532486,0.014666329,0.066578776,0.009438921,0.14601317,0.04522791,0.08334414,0.018705143,0.2056184,0.0052735647,"TWOGAUSSIANS_WITH_ELLIPSOIDAL_ON_ECLIPSE1",9,9.202575,0.2056184,0.0052735647,0.26167414,0.04500851,0.4161438,0.016424786,0.73532486,0.014666329,0.37284115,0.052857958,0.30693978,0.033934016
375316653866487564,4118776231354117248,0.52893746,2453.0932175847393,2.2185562192491526,1.112823E-5,18.538223,0.021482684,0.24031836,0.0071206396,0.10215714,0.0152094,0.20948708,0.02150071,0.74245197,0.003865632,0.09217957,0.009858308,0.2606007,0.021998603,null,null,null,null,"TWOGAUSSIANS",8,3.6789749,0.74245197,0.003865632,0.4,0.0,0.24416329,0.017316999,0.24031836,0.0071206396,0.4,0.0,0.19304724,0.015353918
375316653866487564,4118776261394236160,0.4432213,2467.448028936142,2.1548231829261217,2.6329519E-5,19.296213,0.056268718,0.29162672,0.02456318,0.047967676,0.07487115,0.4242985,0.71729064,0.81477904,0.05363546,0.039413508,0.03766468,0.22062175,1.7448653,0.12614089,0.07116895,0.29162672,0.02456318,"TWOGAUSSIANS_WITH_ELLIPSOIDAL_ON_ECLIPSE1",9,25.647522,0.29162672,0.02456318,0.268619,0.41880134,0.67657965,0.8392329,0.81477904,0.05363546,0.22071564,0.21092221,0.46760178,1.7735109
375316653866487564,4118776261394244352,0.54859656,2461.731031050615,2.599174443199483,1.1178491E-5,19.613894,0.009281468,0.25033167,0.0035171565,0.06639107,0.0039742053,0.29943532,0.014163772,0.74325424,0.0038626473,0.063509665,0.005259118,0.39498332,0.016968625,null,null,null,null,"TWOGAUSSIANS",8,1.4272054,0.74325424,0.0038626473,0.35565412,0.029451061,0.394647,0.017020281,0.25033167,0.0035171565,0.37179,0.022255551,0.299099,0.014143259
375316653866487564,4118776261394410240,0.51743793,2455.2853903640857,2.5352802633982874,2.3390583E-5,19.69329,0.021972163,0.24773745,0.0051240185,0.078033626,0.009285304,0.3508015,0.021833224,0.71847934,0.0102571305,0.08738973,0.0315155,0.26601678,0.11096055,null,null,null,null,"TWOGAUSSIANS",8,1.4599808,0.24773745,0.0051240185,0.4,0.0,0.3471848,0.017600344,0.71847934,0.0102571305,0.4,0.017780472,0.2624,0.11693485
375316653866487564,4118776300126470784,0.42837703,2495.259096173297,4.076885895393332,7.6490236E-5,19.830145,0.009822184,0.23973761,0.006788027,0.034477655,0.0046498226,0.28764194,0.057555232,0.44367725,0.007431113,0.01464135,0.0072499695,0.118693046,0.107170224,null,null,null,null,"TWOGAUSSIANS",8,4.444162,0.23973761,0.006788027,0.19307487,0.026039006,0.28764194,0.057555232,0.44367725,0.007431113,0.08199156,0.04059983,0.11869305,0.10717022
375316653866487564,4118776575004449536,0.48329827,2439.8956768073185,2.607312696866085,2.955426E-5,17.519806,0.022955047,0.2420486,0.0040487424,0.09818861,0.008623148,0.29604578,0.02617555,0.7214791,0.010743672,0.101016566,0.018068846,0.2425211,0.021775458,null,null,null,null,"TWOGAUSSIANS",8,26.752699,0.2420486,0.004051982,0.4,0.0,0.27846733,0.020263743,0.7214791,0.010743672,0.4,0.0,0.22494134,0.01603142
375316653866487564,4118776604991822336,0.41299024,2477.2839916378553,4.055684527830011,1.032994E-4,19.667488,0.017524328,0.121721305,0.0040979297,0.026644083,0.005277816,0.2774799,0.05478054,0.54411733,0.049153425,0.1304641,0.039259415,0.09005691,0.028679432,null,null,null,null,"TWOGAUSSIANS",8,6.3299613,0.12175131,0.00409214,0.14920686,0.02955577,0.2777505,0.054767016,0.54411733,0.049153425,0.4,0.0,0.089845605,0.028627412
375316653866487564,4118776609311207680,0.42826402,2491.144353617507,3.885513816942236,1.3870573E-4,19.672644,0.08803583,0.13331808,0.014266215,0.04446483,0.008783511,0.5561173,0.1452612,0.52930564,0.057730634,0.17900385,0.083710924,0.31454098,0.10036141,null,null,null,null,"TWOGAUSSIANS",8,9.197609,0.13445808,0.01412642,0.24900305,0.04918766,0.56710136,0.14698604,0.52930564,0.057730634,0.4,0.0,0.29705644,0.05673995
375316653866487564,4118776673711515776,0.42243785,2525.423480107988,2.0313880893015273,7.050867E-5,19.805782,0.008597234,0.18397522,0.013427008,0.021271143,0.010119462,0.2249314,0.08138866,0.67430943,0.0072293505,0.017539578,0.005439232,0.23093382,0.11136301,null,null,null,null,"TWOGAUSSIANS",8,3.2106876,0.67430943,0.0072293505,0.09822164,0.030459698,0.23093382,0.11136301,0.18397522,0.013427008,0.1191184,0.05666899,0.2249314,0.08138866
375316653866487564,4118776914225826304,0.47953737,2420.9552605169115,0.42782112387907556,6.4449465E-5,18.662453,0.018022766,0.33632424,0.041434724,0.03760402,0.091424584,0.55925,0.57369196,0.81324804,0.0113215605,0.060180083,0.017286872,0.08273766,0.017618679,null,null,null,null,"TWOGAUSSIANS",8,4.1860647,0.33632424,0.041434724,0.21058251,0.19264014,0.5592498,0.5763763,0.81324804,0.0113215605,0.33700848,0.08550228,0.08273746,0.015381004
375316653866487564,4118776948589335168,0.52805364,2444.4991642114223,1.7215284159184754,1.25320785E-5,19.716423,0.015795726,0.27625722,0.0050646127,0.058414817,0.01675472,0.6296674,0.16454932,0.7727335,0.003520289,0.07587204,0.004840031,0.5675812,0.025560334,null,null,null,null,"TWOGAUSSIANS",8,2.6449437,0.27625722,0.0050646127,0.327123,0.07723754,0.62862635,0.16738601,0.7727335,0.003520289,0.4,0.0,0.56654006,0.02528256
375316653866487564,4118777193426207232,0.43360215,2408.9259784722494,1.1612157964008878,3.8263643E-5,19.340193,0.014698026,0.1895048,0.012935061,0.07735733,0.027642114,0.114199996,0.022844857,0.7396573,0.008973035,0.07305347,0.01612219,0.24818517,0.041305684,null,null,null,null,"TWOGAUSSIANS",8,4.5328655,0.7396573,0.008973035,0.4,0.03846116,0.2477739,0.041855197,0.1895048,0.012935061,0.4,0.067986295,0.113788724,0.02310658
375316653866487564,4118777262145866368,0.5275173,2410.097391495544,3.595386022268037,1.7426008E-5,18.881407,0.01520737,0.29654393,0.004520693,0.08795443,0.0065095695,0.2684826,0.015351816,0.7949888,0.0034327745,0.09766076,0.011231807,0.2130723,0.011990732,null,null,null,null,"TWOGAUSSIANS",8,1.9907658,0.29654393,0.004520693,0.4,0.0,0.2561786,0.011208797,0.7949888,0.0034327745,0.4,0.0,0.20076747,0.010325366
375316653866487564,4118777330865095296,0.50132746,2408.1886374635355,1.4152224020708524,2.6141757E-5,19.82507,0.038517073,0.26192784,0.009351579,0.06354085,0.008835666,0.70840824,0.0486369,0.76799816,0.013510998,0.08094154,0.02309399,0.2799411,0.030592935,null,null,null,null,"TWOGAUSSIANS",8,6.8677387,0.26192784,0.009351579,0.35582876,0.049479727,0.70662266,0.04686626,0.76799816,0.013510998,0.4,0.019709647,0.2781555,0.029650008
375316653866487564,4118778155512364544,0.55818063,2418.4414233437133,1.9112712921784887,1.0572767E-5,18.424675,0.011363932,0.24092312,0.0013947544,0.043347,0.005525132,0.20659292,0.023305856,0.7296672,0.0064516603,0.0440294,0.0072612544,0.38161743,0.032771498,0.09938205,0.014304075,0.24092312,0.0013947544,"TWOGAUSSIANS_WITH_ELLIPSOIDAL_ON_ECLIPSE1",9,4.9030466,0.7304972,0.0059788525,0.24656464,0.040663023,0.57946193,0.028727114,0.24092312,0.0013947544,0.24274321,0.030940741,0.40535697,0.014429788
375316653866487564,4118778322955169536,0.5312738,2414.3162367214054,0.21716360798037934,1.2125537E-5,17.189522,0.0016178621,0.28786966,0.0072066947,0.010260333,0.0025709842,0.4511067,0.40117484,0.8132357,2.7661888E-5,0.008553932,9.369405E-5,0.3788854,0.0018261347,null,null,null,null,"TWOGAUSSIANS",8,7.1626205,0.28786966,0.0072066947,0.057457864,0.014397512,0.4511067,0.40117484,0.8132357,2.7661888E-5,0.04790202,5.246867E-4,0.3788854,0.0018261347
375316653866487564,4118778842707741312,0.54271936,2400.4665182148588,0.9303696399283963,1.8407536E-5,18.217083,0.010535334,0.23357868,0.0029609532,0.08660087,0.0050568753,0.2712933,0.010217245,0.7326384,0.005155234,0.08340557,0.0066496474,0.190648,0.013993437,null,null,null,null,"TWOGAUSSIANS",8,3.6092124,0.23357868,0.0029609532,0.4,0.0,0.2653616,0.008186821,0.7326384,0.005155234,0.4,0.0,0.18471631,0.0129466355
375316653866487564,4118779048866856576,0.51978725,2468.1969629686214,2.4518706637020053,2.7279551E-5,18.447538,0.009053629,0.27031708,0.007932138,0.07651354,0.00607052,0.3583272,0.0399064,0.7605389,0.0041534505,0.08229385,0.005361744,0.33051962,0.028834289,null,null,null,null,"TWOGAUSSIANS",8,5.3733864,0.27031708,0.007932138,0.4,0.0,0.3543535,0.041396182,0.7605389,0.0041534505,0.4,0.0,0.3265459,0.02944041
375316653866487564,4118779358099493120,0.52164286,2405.1651857773836,3.282113015364058,1.6205544E-5,19.129877,0.009506959,0.22734906,0.006018054,0.0711121,0.0079673035,0.29178584,0.017443573,0.7303932,0.003786278,0.073631756,0.0050124493,0.36703,0.020815514,null,null,null,null,"TWOGAUSSIANS",8,3.240808,0.7303932,0.003786278,0.4,0.0,0.3654678,0.020993533,0.22734906,0.006018054,0.39822772,0.02591926,0.29022363,0.017597275
375316653866487564,4118779701697923968,0.46745953,2425.2123785240237,1.83568213933345,3.685549E-5,19.198936,0.061505437,0.24005577,0.013034171,0.09412344,0.024287228,0.32105187,0.059630603,0.75385046,0.0068837893,0.11372208,0.03612183,0.21649279,0.049153913,null,null,null,null,"TWOGAUSSIANS",8,3.3227198,0.24003577,0.01303425,0.4,0.0,0.297008,0.04114293,0.75385046,0.006888112,0.4,0.0,0.1924183,0.017523475
375316653866487564,4118779736057861120,0.6006517,2423.2932590373857,0.6938021018215189,1.6509082E-5,19.477467,0.0057829916,0.1767652,0.0023646448,0.035128254,0.0021313322,0.24835989,0.01711752,0.6744421,0.0013229933,0.029381186,0.0018805363,1.5788085,0.1761702,null,null,null,null,"TWOGAUSSIANS",8,1.6646088,0.6744421,0.0013229933,0.16453464,0.010531004,1.5788085,0.1761702,0.1767652,0.0023646448,0.19671823,0.01193546,0.24835989,0.01711752
375316653866487564,4118779942215270272,0.58998966,2418.599308616333,2.57199174991037,1.01523465E-5,19.05529,0.010606264,0.21025632,0.0019066707,0.04949635,0.003720577,0.34202722,0.028500926,0.70381397,0.003689146,0.04698785,0.004744152,0.24867006,0.028892163,0.12152227,0.018087393,0.21025632,0.0019066707,"TWOGAUSSIANS_WITH_ELLIPSOIDAL_ON_ECLIPSE1",9,2.4026642,0.21025632,0.0019066707,0.27717957,0.020835232,0.58507,0.017155966,0.704754,0.0031197444,0.26313195,0.02656725,0.4913727,0.016829211
375316653866487564,4118780522000242944,0.589239,2398.3871175222835,1.0203476707274215,1.4165379E-5,18.227839,0.007536916,0.2539186,0.0017877027,0.07947512,0.0028049166,0.39706004,0.010218932,0.7568226,0.0027773718,0.0894226,0.003639058,0.34472132,0.009492674,null,null,null,null,"TWOGAUSSIANS",8,3.1170886,0.2539186,0.0017877027,0.4,0.0,0.388331,0.009767719,0.7568226,0.0027773718,0.4,0.0,0.33599213,0.008449053
375316653866487564,4118780801211340032,0.4175416,2426.685169563122,0.9713920342319569,1.0753608E-6,18.221205,0.0077756955,0.22930585,0.017723313,0.018060662,0.013063321,0.14683703,0.056631684,0.87352204,8.4282635E-7,7.5962825E-4,1.5056766E-5,0.516327,0.0010565643,null,null,null,null,"TWOGAUSSIANS",8,7.7874484,0.87352204,8.4282635E-7,0.0042539183,8.431789E-5,0.516327,0.0010565643,0.22930585,0.017723313,0.1011397,0.0731546,0.14683703,0.056631684
375316653866487564,4118780801253502848,0.6895979,2439.4997430851267,1.3458474754423906,4.5666593E-6,16.736677,0.003917022,0.29724917,0.0012339798,0.052508373,0.0050529335,0.054350182,0.009754874,0.7947457,0.001625684,0.050635472,0.0013594559,0.5206689,0.010636264,0.07769377,0.0053002196,0.29724917,0.0012339798,"TWOGAUSSIANS_WITH_ELLIPSOIDAL_ON_ECLIPSE1",9,3.4478152,0.7948857,0.0015168921,0.28355864,0.007612953,0.67601717,0.006195848,0.29724917,0.0012339798,0.29404688,0.028296428,0.20973472,0.003902668
375316653866487564,4118780835571123200,0.43045747,2454.5736443002816,0.9637369069618705,1.8125742E-5,19.467545,0.0069447677,0.16506352,0.002967558,0.012713054,0.007851876,0.52118975,0.24838081,0.358327,0.016119359,0.013034098,0.011869638,0.21643612,8.786232,null,null,null,null,"TWOGAUSSIANS",8,2.8121839,0.16506352,0.002967558,0.07119311,0.043970507,0.52118975,0.24838081,0.358327,0.016119359,0.07299095,0.066469975,0.21643612,8.786232
375316653866487564,4118781110448063104,0.50829715,2399.138786181042,1.3512928156316164,6.3811053E-6,19.866014,0.012191428,0.21536505,0.033316355,0.028442463,0.021268073,0.21015316,0.10444245,0.74388015,0.0022944303,0.06008266,0.0037322626,0.48670837,0.03269959,null,null,null,null,"TWOGAUSSIANS",8,1.8097987,0.74388015,0.0022944303,0.3364629,0.02090067,0.48670837,0.03270186,0.21536505,0.033316355,0.1592778,0.11910121,0.21015315,0.10444521
375316653866487564,4118781179158657152,0.5219953,2420.359383478535,1.2185457306140706,2.0770334E-5,19.429783,0.0120231975,0.2689643,0.0035573482,0.082229316,0.0066001117,0.20932217,0.01434654,0.78123903,0.004126088,0.08375892,0.008980747,0.2101337,0.013862767,null,null,null,null,"TWOGAUSSIANS",8,0.96320957,0.78123903,0.004126088,0.4,0.0,0.20654893,0.013633404,0.2689643,0.0035573482,0.4,0.0,0.2057374,0.012993164
375316653866487564,4118781213518431872,0.47528908,2383.55427304177,1.791643379547227,5.357708E-5,19.460592,0.009371171,0.2499895,0.009382701,0.05405115,0.027604239,0.121706195,0.039468344,0.7651091,0.013629396,0.056864858,0.014354672,0.1994662,0.028631588,null,null,null,null,"TWOGAUSSIANS",8,1.8634369,0.7651091,0.013629396,0.3184432,0.08038616,0.19945972,0.02862003,0.2499895,0.009382701,0.30268642,0.15096357,0.121699706,0.03956816
375316653866487564,4118781247887257728,0.48439714,2449.371058530201,2.1347085440511133,2.3201364E-5,19.80966,0.017064136,0.22490369,0.008221869,0.07872495,0.009173511,0.2966556,0.02352791,0.7421454,0.01316616,0.07392571,0.013141483,0.31687897,0.022562271,null,null,null,null,"TWOGAUSSIANS",8,1.8881676,0.7421454,0.01316616,0.4,0.004836264,0.31491202,0.021022167,0.22490369,0.008221869,0.4,0.0,0.2946886,0.022061618
375316653866487564,4118781350967180800,0.49200177,2404.687335297249,0.4337775093970667,1.4141878E-5,18.706465,0.004577125,0.2078583,0.011789979,0.04242433,0.009352748,0.09418907,0.019438408,0.7153269,0.0054458445,0.050860308,0.014566711,0.38197768,0.17693615,null,null,null,null,"TWOGAUSSIANS",8,2.9436893,0.7153269,0.0054458445,0.28481773,0.08157358,0.38197753,0.17694303,0.2078583,0.011789979,0.23757625,0.05237539,0.09418892,0.019437551
375316653866487564,4118781454036741632,0.51000667,2397.858921846277,2.417517279762533,3.6662692E-5,19.501862,0.03746362,0.24557434,0.006902108,0.100490525,0.0123223355,0.28530043,0.037800252,0.73620343,0.009787108,0.111993186,0.016670821,0.3287183,0.037486594,null,null,null,null,"TWOGAUSSIANS",8,1.301422,0.73620343,0.009787108,0.4,0.0,0.2940272,0.020714903,0.24559434,0.00689263,0.4,0.0,0.25063965,0.01390824
375316653866487564,4118782274327959040,0.5187659,2367.0024176231036,4.5142210369086175,1.7106977E-5,17.853924,0.0038781117,0.34767744,0.067318775,0.13789633,0.06688943,0.018617094,0.0086360285,0.6611179,0.0068234135,0.028923528,0.0050447434,0.17299728,0.06251969,null,null,null,null,"TWOGAUSSIANS",8,1.1836956,0.6611179,0.0068234135,0.16197175,0.028250562,0.1743514,0.06322118,0.34767744,0.067318775,0.4,0.0,0.018565087,0.008792494
375316653866487564,4118782343047456128,0.55598545,2353.8096807258225,1.7111631480867868,1.2359871E-5,17.510681,0.012884849,0.22838967,0.0036349732,0.041465633,0.010078723,0.39641705,0.06429268,0.72701794,0.0033361888,0.046636183,0.00407017,0.36106527,0.033450067,0.06323685,0.019503778,0.22838967,0.0036349732,"TWOGAUSSIANS_WITH_ELLIPSOIDAL_ON_ECLIPSE1",9,22.822395,0.22838967,0.0036349732,0.23220755,0.056440845,0.52289045,0.07306918,0.7270979,0.0031497309,0.2611626,0.022792954,0.4875298,0.0167479
