Gaia/vari_eclipsing_binary/VariEclipsingBinary_754284-754492.csv
# %ECSV 1.0
# ---
# delimiter: ','
# meta: !!omap
# - RELEASE: Gaia DR3
# - TABLE: vari_eclipsing_binary
# - DESCRIPTION: >
#     This table describes the properties of the eclipsing binaries resulting from the variability analysis. 
# - CITATION: >
#     How to cite and acknowledge Gaia: 
#     https://gea.esac.esa.int/archive/documentation/credits.html 
# - KNOWN_ISSUES: >
#     Known issues: 
#     https://www.cosmos.esa.int/web/gaia-users/known-issues 
# - DOCUMENTATION: >
#     Tutorials and documentation: 
#     https://www.cosmos.esa.int/web/gaia-users/archive 
# datatype:
# - 
#   name: solution_id
#   datatype: int64
#   description: Solution Identifier
#   meta:
#     ucd: meta.version
# - 
#   name: source_id
#   datatype: int64
#   description: Unique source identifier
#   meta:
#     ucd: meta.id;meta.main
# - 
#   name: global_ranking
#   datatype: float32
#   description: Number between 0 (worst) and 1 (best)
#   meta:
#     ucd: stat.param
# - 
#   name: reference_time
#   datatype: float64
#   unit: d
#   description: Reference time used for the geometric model fit
#   meta:
#     ucd: time.epoch
# - 
#   name: frequency
#   datatype: float64
#   unit: d**-1
#   description: Frequency of geometric model of the eclipsing binary light curve
#   meta:
#     ucd: src.orbital
# - 
#   name: frequency_error
#   datatype: float32
#   unit: d**-1
#   description: "Uncertainty of \\texttt{frequency}"
#   meta:
#     ucd: stat.error
# - 
#   name: geom_model_reference_level
#   datatype: float32
#   unit: mag
#   description: Magnitude reference level of geometric model
#   meta:
#     ucd: phot.mag;em.opt
# - 
#   name: geom_model_reference_level_error
#   datatype: float32
#   unit: mag
#   description: "Uncertainty of \\texttt{geomModelReferenceLevel}"
#   meta:
#     ucd: stat.error;phot.mag;em.opt
# - 
#   name: geom_model_gaussian1_phase
#   datatype: float32
#   description: Phase of the Gaussian 1 component
#   meta:
#     ucd: time.phase
# - 
#   name: geom_model_gaussian1_phase_error
#   datatype: float32
#   description: "Uncertainty of \\texttt{geomModelGaussian1Phase}"
#   meta:
#     ucd: stat.error;time.phase
# - 
#   name: geom_model_gaussian1_sigma
#   datatype: float32
#   description: "Standard deviation [phase] of Gaussian 1 component"
#   meta:
#     ucd: stat.stdev
# - 
#   name: geom_model_gaussian1_sigma_error
#   datatype: float32
#   description: "Uncertainty of \\texttt{geomModelGaussian1Sigma}"
#   meta:
#     ucd: stat.error
# - 
#   name: geom_model_gaussian1_depth
#   datatype: float32
#   unit: mag
#   description: Magnitude depth of Gaussian 1 component
#   meta:
#     ucd: src.var.amplitude
# - 
#   name: geom_model_gaussian1_depth_error
#   datatype: float32
#   unit: mag
#   description: "Uncertainty of \\texttt{geomModelGaussian1Depth}"
#   meta:
#     ucd: stat.error;src.var.amplitude
# - 
#   name: geom_model_gaussian2_phase
#   datatype: float32
#   description: Phase of Gaussian 2 component
#   meta:
#     ucd: time.phase
# - 
#   name: geom_model_gaussian2_phase_error
#   datatype: float32
#   description: "Uncertainty of \\texttt{geomModelGaussian2Phase}"
#   meta:
#     ucd: stat.error;time.phase
# - 
#   name: geom_model_gaussian2_sigma
#   datatype: float32
[...]
#   datatype: float32
#   description: "Secondary eclipse: uncertainty of \\texttt{derivedSecondaryEclDuration}"
#   meta:
#     ucd: stat.error;time.duration
# - 
#   name: derived_secondary_ecl_depth
#   datatype: float32
#   unit: mag
#   description: "Secondary eclipse: depth"
#   meta:
#     ucd: src.var.amplitude
# - 
#   name: derived_secondary_ecl_depth_error
#   datatype: float32
#   unit: mag
#   description: "Secondary eclipse: uncertainty of \\texttt{derivedSecondaryEclDepth}"
#   meta:
#     ucd: stat.error;src.var.amplitude
solution_id,source_id,global_ranking,reference_time,frequency,frequency_error,geom_model_reference_level,geom_model_reference_level_error,geom_model_gaussian1_phase,geom_model_gaussian1_phase_error,geom_model_gaussian1_sigma,geom_model_gaussian1_sigma_error,geom_model_gaussian1_depth,geom_model_gaussian1_depth_error,geom_model_gaussian2_phase,geom_model_gaussian2_phase_error,geom_model_gaussian2_sigma,geom_model_gaussian2_sigma_error,geom_model_gaussian2_depth,geom_model_gaussian2_depth_error,geom_model_cosine_half_period_amplitude,geom_model_cosine_half_period_amplitude_error,geom_model_cosine_half_period_phase,geom_model_cosine_half_period_phase_error,model_type,num_model_parameters,reduced_chi2,derived_primary_ecl_phase,derived_primary_ecl_phase_error,derived_primary_ecl_duration,derived_primary_ecl_duration_error,derived_primary_ecl_depth,derived_primary_ecl_depth_error,derived_secondary_ecl_phase,derived_secondary_ecl_phase_error,derived_secondary_ecl_duration,derived_secondary_ecl_duration_error,derived_secondary_ecl_depth,derived_secondary_ecl_depth_error
[from data line 285]
375316653866487564,6635923140327582080,0.4286041,2227.5509078336986,0.09268099772311364,2.2818438E-5,18.101786,0.04310644,0.28903756,0.014602535,0.07837226,0.017007506,0.09834119,0.036647078,0.71618205,0.012869498,0.15076262,0.05545976,0.13453646,0.03271284,null,null,null,null,"TWOGAUSSIANS",8,8.939924,0.71618205,0.012869498,0.4,0.0,0.12444704,0.021951724,0.29188755,0.012067536,0.4,0.0,0.090842605,0.026292734
375316653866487564,6635926580596263936,0.49938995,2151.041465587899,3.5407796015312445,1.3098059E-5,19.424534,0.004312872,0.21713987,0.005984561,0.032512818,0.004175281,0.26777676,0.019951984,0.72209084,0.0024481206,0.034508448,0.0032486299,0.3565834,0.056641307,null,null,null,null,"TWOGAUSSIANS",8,1.97663,0.72209084,0.0024481206,0.1932473,0.018192329,0.3565834,0.056641307,0.21713987,0.005984561,0.18207179,0.023381574,0.26777676,0.019951984
375316653866487564,6635928092431074560,0.4977885,2180.2016503821587,0.930545101100404,1.5297688E-5,13.398762,0.0048624487,0.2675139,0.0071931067,0.03585412,0.02498621,0.08522674,0.030616684,0.7755117,0.018377108,0.029548606,0.015871089,0.021734565,0.010468022,0.010222268,0.005982619,0.2675139,0.0071931067,"TWOGAUSSIANS_WITH_ELLIPSOIDAL_ON_ECLIPSE1",9,29.83675,0.2675139,0.0071931067,0.20078306,0.13992277,0.10567127,0.041717634,0.7755117,0.018092481,0.1654722,0.088878095,0.042127516,0.0027241956
375316653866487564,6635928264228995840,0.5051326,2182.4946598067436,3.7169704750786052,1.03626635E-5,17.99305,0.014378398,0.21118522,0.004760905,0.08997147,0.007958119,0.2666682,0.018325942,0.71761394,0.0063046147,0.08950727,0.00810413,0.2641477,0.018672897,null,null,null,null,"TWOGAUSSIANS",8,9.567065,0.21118522,0.004760905,0.4,0.0,0.2567581,0.016879963,0.71761394,0.0063046147,0.4,0.0,0.25423762,0.016828928
375316653866487564,6635932726694644096,0.49847972,2201.2366986647344,0.81611406711776,1.0167914E-5,18.436722,0.0031976718,0.14160833,0.0017406691,0.0052674976,9.587785E-4,0.20475323,0.023719857,0.57143456,0.006264279,0.027246991,0.011770681,0.07588007,0.048775367,null,null,null,null,"TWOGAUSSIANS",8,3.0248272,0.14160833,0.0017406691,0.029497987,0.0053691594,0.20475323,0.023719857,0.57143456,0.006264279,0.15258315,0.06591581,0.07588007,0.048775367
375316653866487564,6635942175623185408,0.6039257,2195.7879928996417,2.7282682751634137,5.402356E-6,16.139723,0.01585876,0.2566955,0.0012143019,0.05034591,0.003938476,0.4514981,0.03328179,0.75641644,0.0023780519,0.041136622,0.0039970838,0.37006196,0.03761076,0.13425416,0.02042668,0.2566955,0.0012143019,"TWOGAUSSIANS_WITH_ELLIPSOIDAL_ON_ECLIPSE1",9,63.080402,0.2566955,0.0012143019,0.2819371,0.022055466,0.720004,0.021588134,0.7564364,0.0022478872,0.23036508,0.02238367,0.63856715,0.021973882
375316653866487564,6635942175623190400,0.45989275,2202.744999493416,3.984140128647672,4.6966034E-5,18.42571,0.0062846476,0.20881742,0.0394344,0.037882287,0.057494808,0.3630163,52.517696,0.75010705,1.4193835E-4,0.0045705424,2.90739E-4,0.832687,0.17138506,null,null,null,null,"TWOGAUSSIANS",8,8.508919,0.75010705,1.4193835E-4,0.025595037,0.0016281385,0.832687,0.17138506,0.20881742,0.0394344,0.21214081,0.32197094,0.3630163,52.517696
375316653866487564,6635951491411946496,0.6052171,2196.6990858150893,1.5468699180547887,4.4674475E-6,16.119127,0.0033890277,0.17183112,9.64826E-4,0.04092004,0.0011292702,0.27977586,0.009031798,0.6644119,0.0149029605,0.038341533,0.0074423784,0.031098992,0.010024263,0.02203552,0.004616143,0.17183112,9.64826E-4,"TWOGAUSSIANS_WITH_ELLIPSOIDAL_ON_ECLIPSE1",9,7.3065505,0.17183112,9.64826E-4,0.22915222,0.006323913,0.32384688,0.00655862,0.6654619,0.013305884,0.21471259,0.04167732,0.075087816,0.008000888
375316653866487564,6635953376898024704,0.46321416,2201.5322722046485,2.159420937970447,3.795502E-6,19.901379,0.0075408765,0.20324428,0.0030496016,0.012009276,0.004299704,1.0966825,4.4785924,0.38279608,4.2355404E-4,0.004660214,4.7199352E-4,0.15619218,0.009273381,null,null,null,null,"TWOGAUSSIANS",8,2.572788,0.20324428,0.0030496016,0.06725194,0.024078343,1.0966825,4.4785924,0.38279608,4.2355404E-4,0.026097197,0.0026431638,0.15619218,0.009273381
375316653866487564,6635957092049370240,0.55152804,2198.435944487617,1.6854306073604883,8.143129E-6,15.142618,0.33852193,0.22782214,0.001843844,0.25230992,0.16377501,0.27983835,0.33476546,0.72593105,0.0020995259,0.12598602,0.020969538,0.23424059,0.13094603,null,null,null,null,"TWOGAUSSIANS",8,7.166425,0.72593105,0.0020995259,0.4,0.0,0.10764705,0.00371689,0.22789213,0.0018125835,0.4,0.0,0.07507786,0.0029137076
375316653866487564,6635959600310183296,0.5921243,2146.085408193887,2.9137943579206746,4.0232007E-6,15.429318,0.01218463,0.30174276,0.0020706565,0.045701135,0.006548725,0.20825595,0.03046454,0.79542255,0.0016519204,0.04911624,0.0052072336,0.2661393,0.03440981,0.13094828,0.024119884,0.79542255,0.0016519204,"TWOGAUSSIANS_WITH_ELLIPSOIDAL_ON_ECLIPSE2",9,130.36021,0.79542255,0.0016519204,0.27505094,0.029160509,0.5280349,0.019599948,0.30065277,0.0015683168,0.25592637,0.03667286,0.4698096,0.018843316
375316653866487564,6635965681984511488,0.5771774,2171.5514378153935,2.3922878620721955,5.900074E-6,16.927668,0.014875114,0.23060632,0.0019580268,0.09162602,0.006445821,0.27770346,0.015237476,0.7328234,0.0065832757,0.105984226,0.0118427165,0.24170758,0.012761135,null,null,null,null,"TWOGAUSSIANS",8,6.9353595,0.23060632,0.0019580268,0.4,0.0,0.25739586,0.013616409,0.7328234,0.0065832757,0.4,0.0,0.22139303,0.009408506
375316653866487564,6635966403538546944,0.5192203,2202.631248272835,3.1590049401075606,1.0033628E-5,14.367262,0.029456755,0.29725555,0.003420144,0.12013689,0.016642269,0.19563098,0.027119784,0.80320835,0.0052601076,0.1007124,0.015393833,0.19050172,0.028021531,null,null,null,null,"TWOGAUSSIANS",8,168.48114,0.29725555,0.003420949,0.4,0.0,0.16773425,0.008305803,0.8032284,0.0052705426,0.4,0.0,0.16267237,0.008857903
375316653866487564,6635971724998944640,0.58339506,2171.8214134083914,3.320886275837811,6.492887E-6,18.105854,0.0074778744,0.25285304,0.002032376,0.06630747,0.0042796545,0.5265235,0.023852348,0.75352436,0.001716083,0.07159282,0.0030684602,0.42893016,0.01900286,null,null,null,null,"TWOGAUSSIANS",8,5.4221263,0.25285304,0.002032376,0.37132183,0.023966067,0.5252258,0.024301484,0.75352436,0.001716083,0.4,0.008473859,0.4276325,0.01919868
375316653866487564,6635972863169333248,0.49952433,2203.120878176414,1.6956167797981163,2.9213914E-5,15.538053,0.0058881235,0.21708077,0.021006906,0.045823693,0.020907829,0.02294985,0.019064618,0.71909064,0.01394097,0.047128364,0.015194547,0.08018135,0.014473225,0.013278517,0.008490802,0.21708077,0.021006906,"TWOGAUSSIANS_WITH_ELLIPSOIDAL_ON_ECLIPSE1",9,19.604551,0.71909064,0.013277653,0.26391885,0.08508947,0.10673405,0.0058041574,0.21708077,0.021006906,0.2566127,0.11708384,0.049506783,0.008360185
375316653866487564,6635990730229089536,0.42924353,2155.8892768629457,0.1277042751719258,5.343365E-5,18.923927,0.0105906585,0.2932522,0.02109982,0.05679422,0.03204556,0.106875636,0.024242999,0.6660358,0.0080358265,0.042877313,0.0061673713,0.10914926,0.019409413,null,null,null,null,"TWOGAUSSIANS",8,3.1763477,0.6660358,0.0080358265,0.24011295,0.03453728,0.10914926,0.019423837,0.2932522,0.02109982,0.3180476,0.09419258,0.106875636,0.02424348
375316653866487564,6635992551300315904,0.46662834,2163.319330391093,2.693226049230366,1.5196869E-5,19.000526,0.038817234,0.2958287,0.0066698217,0.076581724,0.016519623,0.22774026,0.030025389,0.7976486,0.021965705,0.088614784,0.062015854,0.11078838,0.024885044,null,null,null,null,"TWOGAUSSIANS",8,4.2959967,0.2958287,0.0067024846,0.4,0.015797464,0.22471486,0.01549278,0.7976486,0.021965705,0.4,0.0055813175,0.107762955,0.0142955845
375316653866487564,6635994952181946496,0.5180093,2172.5939555248838,3.0526358384236434,2.0312671E-5,17.559824,0.0011760445,0.57852477,0.02014798,0.019707454,0.009420148,0.1776657,0.12085988,0.77559423,0.015878562,0.023534913,0.014958749,0.019066336,0.012182567,null,null,null,null,"TWOGAUSSIANS",8,1.2539825,0.57852477,0.02014798,0.11036175,0.05275283,0.1776657,0.12085988,0.77559423,0.015878562,0.13179551,0.08376899,0.019066336,0.012182567
375316653866487564,6636000003065298560,0.5527908,2171.699244818501,1.0576127310625902,2.6896882E-5,19.093636,0.0035809889,0.35281387,3.2594994E-6,0.0070701935,3.5233985E-5,1.1981008,0.0021253752,0.8772999,0.01192063,0.056549072,0.019933762,0.030303337,0.0068047,null,null,null,null,"TWOGAUSSIANS",8,2.018984,0.35281387,3.2594994E-6,0.039593086,1.9731032E-4,1.1981008,0.0021253752,0.8772999,0.01192063,0.3166748,0.11162906,0.030303337,0.0068047
375316653866487564,6636009490651088768,0.5582051,2127.892585615479,0.03839546420419709,7.3177594E-6,14.728448,0.0016017667,0.19628723,8.059579E-6,0.0014628393,3.2222804E-5,0.2706543,0.0012714835,0.45677936,0.020373143,0.111961454,0.023182051,0.02298545,0.006194821,null,null,null,null,"TWOGAUSSIANS",8,12.516611,0.19628723,8.059579E-6,0.0081919,1.804477E-4,0.27218673,0.0026248721,0.45677936,0.020373143,0.4,0.0,0.022983303,0.006200438
375316653866487564,6636016049063262592,0.5337516,2106.2736587216714,1.0640003335946675,4.3257073E-6,19.771503,0.0076730745,0.25630686,0.0011965733,0.03708412,0.0026235313,0.76213306,0.08806419,0.7624583,0.007624829,0.034645207,0.007737858,0.21181642,0.102596305,0.06832115,0.010267581,0.25630686,0.0011965733,"TWOGAUSSIANS_WITH_ELLIPSOIDAL_ON_ECLIPSE1",9,1.4070078,0.25630686,0.0011965733,0.20767109,0.014691775,0.89877516,0.0934455,0.7624583,0.007624829,0.19401316,0.043332007,0.34825447,0.10235863
375316653866487564,6636019970370792704,0.5795224,2180.7333421038998,4.082027801463427,5.6668455E-6,18.716656,0.013420381,0.28327566,0.0031406449,0.076622054,0.003968571,0.5407313,0.015914323,0.7720797,0.002327865,0.083529286,0.00510326,0.4681497,0.017670088,null,null,null,null,"TWOGAUSSIANS",8,3.2697303,0.28327566,0.0031406449,0.4,0.0,0.5345896,0.014966618,0.7720797,0.002327865,0.4,0.0,0.4620079,0.018304542
375316653866487564,6636021787138366080,0.58230203,2181.118041227958,3.7366746790205694,6.399632E-6,18.39019,0.026121417,0.22541353,0.0030756607,0.043331802,0.010205375,0.42321151,0.0964127,0.72011435,0.0029770597,0.062454928,0.005811458,0.37372696,0.05962193,0.11880551,0.032394253,0.22541353,0.0030756607,"TWOGAUSSIANS_WITH_ELLIPSOIDAL_ON_ECLIPSE1",9,5.505132,0.22541353,0.0030756607,0.2426581,0.0571501,0.66073483,0.12485384,0.72098434,0.0023441238,0.3497476,0.032544166,0.61103,0.021008855
375316653866487564,6636032168078329088,0.4446645,2154.960408474365,3.1687759416670467,2.8998455E-5,17.333853,0.60330003,0.23994471,0.010727701,0.15401283,0.06966372,0.29140368,0.52248776,0.7471128,0.008154621,0.16295195,0.082734965,0.28821057,0.5630852,null,null,null,null,"TWOGAUSSIANS",8,19.43552,0.23883471,0.0098381555,0.4,0.0,0.13566047,0.016849961,0.7480128,0.007447839,0.4,0.0,0.13024804,0.013146846
375316653866487564,6636042132404044160,0.46931767,2142.1468079702695,0.11235388616718076,2.3392475E-5,16.98795,0.004749539,0.32513452,0.01125237,0.012606994,0.022247685,0.48048353,0.4417198,0.73095715,0.031027876,0.035080705,0.023950476,0.029809117,0.006336226,null,null,null,null,"TWOGAUSSIANS",8,3.299366,0.32513452,0.01125237,0.07059917,0.12458704,0.48048353,0.4417198,0.73095715,0.031027876,0.19645195,0.13412267,0.029809117,0.006336226
375316653866487564,6636048145356794880,0.46336868,2192.9842100404835,2.0764273372643194,3.165295E-5,18.639334,0.009360736,0.2283279,0.008742723,0.05294601,0.031974696,0.19746192,0.095513806,0.7405286,0.009769843,0.080284946,0.014439253,0.09362852,0.015878506,null,null,null,null,"TWOGAUSSIANS",8,2.2779624,0.2283279,0.008742723,0.29649764,0.11156754,0.19731137,0.0978073,0.7405286,0.009769843,0.4,0.0,0.09347797,0.015004063
375316653866487564,6636050138221714816,0.58397,2119.9714724495466,1.8131607128397174,3.895139E-6,14.562895,0.001632841,0.24440691,0.0020744933,0.02368343,0.014239108,0.008976511,0.0061294576,0.73735833,0.002727372,0.048868313,0.0037925807,0.05878534,0.0057758233,0.061674245,0.002198462,0.24440691,0.0020744933,"TWOGAUSSIANS_WITH_ELLIPSOIDAL_ON_ECLIPSE1",9,17.134415,0.7393583,0.0015530179,0.27366257,0.021238452,0.18196025,0.0054011964,0.24440691,0.0020744933,0.13262722,0.079739004,0.13232471,0.0059892265
375316653866487564,6636055773216203776,0.4550335,2255.1413095598605,2.520199265726869,2.3080307E-5,17.365644,0.005696142,0.19339521,0.006426489,0.027776713,0.0074226125,0.16673219,0.062206585,null,null,null,null,null,null,0.026567092,0.0075246166,0.19339521,0.006426489,"ONEGAUSSIAN_WITH_ELLIPSOIDAL",6,38.363144,0.19339521,0.006426489,0.15554959,0.04156663,0.21986637,0.061794475,null,null,null,null,null,null
375316653866487564,6636076938815323904,0.5963793,2198.4215434518146,0.07975305562260632,1.0140883E-6,15.484545,0.0016774196,0.5705374,2.748622E-5,0.0017074277,1.069049E-5,0.98038006,0.014466026,0.3516165,0.0034071787,0.045002725,0.0048874486,0.05602346,0.019324563,null,null,null,null,"TWOGAUSSIANS",8,11.576679,0.5705374,2.748622E-5,0.0095615955,5.9866747E-5,0.9803805,0.014465902,0.3516165,0.0034071787,0.25201526,0.027369713,0.05602346,0.019324563
375316653866487564,6636076973175059712,0.43795997,2178.889675567615,0.9303766711841782,1.0642903E-4,17.174015,0.006543958,0.111298904,7.149959E-4,0.016435942,0.0016940392,0.96256316,0.56594384,0.506779,0.06821453,0.05858744,0.05720683,0.046663288,0.012362717,null,null,null,null,"TWOGAUSSIANS",8,14.611879,0.111298904,7.149959E-4,0.09204127,0.009486619,0.96256316,0.5659458,0.506779,0.06821453,0.32808965,0.12348614,0.046663288,0.012376332
375316653866487564,6636082917409667840,0.5637002,2206.0336379156374,2.513248823983326,4.9014297E-6,14.646896,0.0012731509,0.24394602,0.0020751203,0.0079743005,0.010991784,0.016102483,0.06994859,null,null,null,null,null,null,0.074460894,0.0019340294,0.24394602,0.0020751203,"ONEGAUSSIAN_WITH_ELLIPSOIDAL",6,34.891716,0.24394602,0.0020751203,0.044656083,0.061553992,0.16502425,0.07111154,null,null,null,null,null,null
375316653866487564,6636084016921310208,0.48927036,2213.3082721049464,2.051713688730463,2.0126085E-5,17.087124,0.009742961,0.38526204,0.005879905,0.04334862,0.0065606083,0.37684378,0.06517048,null,null,null,null,null,null,null,null,null,null,"ONEGAUSSIAN",5,84.31834,0.38526204,0.005879905,0.24275228,0.03673941,0.37684378,0.0,null,null,null,null,null,null
375316653866487564,6636097962678033792,0.60413396,2221.8823453779933,1.7592239599631994,1.9350382E-6,17.306103,0.0014147736,0.19438745,0.007816469,0.024062164,0.0035349384,0.4137146,0.069102064,0.69303995,0.0024560865,0.029286757,0.0015171288,0.1074396,0.008270352,null,null,null,null,"TWOGAUSSIANS",8,2.1245399,0.19438745,0.007816469,0.13474812,0.019795654,0.4137146,0.069102064,0.69303995,0.0024560865,0.16400583,0.008495921,0.1074396,0.008270352
375316653866487564,6636099788041479680,0.5775302,2245.882262373432,1.1871456612940243,2.8675438E-5,16.45081,0.002545393,0.29346335,0.019882927,0.011057663,0.0122370515,0.2293727,6.0019036E10,0.7987864,2.6013874E-4,0.009079126,7.766497E-4,0.4142632,0.030057319,0.0109986905,0.002770555,0.29346335,0.019882927,"TWOGAUSSIANS_WITH_ELLIPSOIDAL_ON_ECLIPSE1",9,10.933248,0.7987864,2.6013874E-4,0.050843105,0.0043492382,0.43623596,0.034054697,0.29346335,0.019882927,0.061922908,0.06852749,0.25137007,6.0019036E10
375316653866487564,6636100058622085248,0.58922845,2252.3203649273405,3.8176025866443752,1.2640269E-5,17.975893,0.03869387,0.24938793,0.0033862137,0.051097054,0.016041044,0.19433813,0.069477305,0.7553699,0.017037371,0.06838672,0.01760138,0.1914234,0.08776575,0.118803285,0.03773381,0.24938793,0.0033862137,"TWOGAUSSIANS_WITH_ELLIPSOIDAL_ON_ECLIPSE1",9,7.7544713,0.24938793,0.0033862137,0.2861435,0.08982985,0.43177062,0.017877882,0.7553699,0.017037371,0.3829656,0.08310039,0.42852038,0.04727981
