Gaia/vari_eclipsing_binary/VariEclipsingBinary_597569-597601.csv
# %ECSV 1.0
# ---
# delimiter: ','
# meta: !!omap
# - RELEASE: Gaia DR3
# - TABLE: vari_eclipsing_binary
# - DESCRIPTION: >
#     This table describes the properties of the eclipsing binaries resulting from the variability analysis. 
# - CITATION: >
#     How to cite and acknowledge Gaia: 
#     https://gea.esac.esa.int/archive/documentation/credits.html 
# - KNOWN_ISSUES: >
#     Known issues: 
#     https://www.cosmos.esa.int/web/gaia-users/known-issues 
# - DOCUMENTATION: >
#     Tutorials and documentation: 
#     https://www.cosmos.esa.int/web/gaia-users/archive 
# datatype:
# - 
#   name: solution_id
#   datatype: int64
#   description: Solution Identifier
#   meta:
#     ucd: meta.version
# - 
#   name: source_id
#   datatype: int64
#   description: Unique source identifier
#   meta:
#     ucd: meta.id;meta.main
# - 
#   name: global_ranking
#   datatype: float32
#   description: Number between 0 (worst) and 1 (best)
#   meta:
#     ucd: stat.param
# - 
#   name: reference_time
#   datatype: float64
#   unit: d
#   description: Reference time used for the geometric model fit
#   meta:
#     ucd: time.epoch
# - 
#   name: frequency
#   datatype: float64
#   unit: d**-1
#   description: Frequency of geometric model of the eclipsing binary light curve
#   meta:
#     ucd: src.orbital
# - 
#   name: frequency_error
#   datatype: float32
#   unit: d**-1
#   description: "Uncertainty of \\texttt{frequency}"
#   meta:
#     ucd: stat.error
# - 
#   name: geom_model_reference_level
#   datatype: float32
#   unit: mag
#   description: Magnitude reference level of geometric model
#   meta:
#     ucd: phot.mag;em.opt
# - 
#   name: geom_model_reference_level_error
#   datatype: float32
#   unit: mag
#   description: "Uncertainty of \\texttt{geomModelReferenceLevel}"
#   meta:
#     ucd: stat.error;phot.mag;em.opt
# - 
#   name: geom_model_gaussian1_phase
#   datatype: float32
#   description: Phase of the Gaussian 1 component
#   meta:
#     ucd: time.phase
# - 
#   name: geom_model_gaussian1_phase_error
#   datatype: float32
#   description: "Uncertainty of \\texttt{geomModelGaussian1Phase}"
#   meta:
#     ucd: stat.error;time.phase
# - 
#   name: geom_model_gaussian1_sigma
#   datatype: float32
#   description: "Standard deviation [phase] of Gaussian 1 component"
#   meta:
#     ucd: stat.stdev
# - 
#   name: geom_model_gaussian1_sigma_error
#   datatype: float32
#   description: "Uncertainty of \\texttt{geomModelGaussian1Sigma}"
#   meta:
#     ucd: stat.error
# - 
#   name: geom_model_gaussian1_depth
#   datatype: float32
#   unit: mag
#   description: Magnitude depth of Gaussian 1 component
#   meta:
#     ucd: src.var.amplitude
# - 
#   name: geom_model_gaussian1_depth_error
#   datatype: float32
#   unit: mag
#   description: "Uncertainty of \\texttt{geomModelGaussian1Depth}"
#   meta:
#     ucd: stat.error;src.var.amplitude
# - 
#   name: geom_model_gaussian2_phase
#   datatype: float32
#   description: Phase of Gaussian 2 component
#   meta:
#     ucd: time.phase
# - 
#   name: geom_model_gaussian2_phase_error
#   datatype: float32
#   description: "Uncertainty of \\texttt{geomModelGaussian2Phase}"
#   meta:
#     ucd: stat.error;time.phase
# - 
#   name: geom_model_gaussian2_sigma
#   datatype: float32
[...]
#   datatype: float32
#   description: "Secondary eclipse: uncertainty of \\texttt{derivedSecondaryEclDuration}"
#   meta:
#     ucd: stat.error;time.duration
# - 
#   name: derived_secondary_ecl_depth
#   datatype: float32
#   unit: mag
#   description: "Secondary eclipse: depth"
#   meta:
#     ucd: src.var.amplitude
# - 
#   name: derived_secondary_ecl_depth_error
#   datatype: float32
#   unit: mag
#   description: "Secondary eclipse: uncertainty of \\texttt{derivedSecondaryEclDepth}"
#   meta:
#     ucd: stat.error;src.var.amplitude
solution_id,source_id,global_ranking,reference_time,frequency,frequency_error,geom_model_reference_level,geom_model_reference_level_error,geom_model_gaussian1_phase,geom_model_gaussian1_phase_error,geom_model_gaussian1_sigma,geom_model_gaussian1_sigma_error,geom_model_gaussian1_depth,geom_model_gaussian1_depth_error,geom_model_gaussian2_phase,geom_model_gaussian2_phase_error,geom_model_gaussian2_sigma,geom_model_gaussian2_sigma_error,geom_model_gaussian2_depth,geom_model_gaussian2_depth_error,geom_model_cosine_half_period_amplitude,geom_model_cosine_half_period_amplitude_error,geom_model_cosine_half_period_phase,geom_model_cosine_half_period_phase_error,model_type,num_model_parameters,reduced_chi2,derived_primary_ecl_phase,derived_primary_ecl_phase_error,derived_primary_ecl_duration,derived_primary_ecl_duration_error,derived_primary_ecl_depth,derived_primary_ecl_depth_error,derived_secondary_ecl_phase,derived_secondary_ecl_phase_error,derived_secondary_ecl_duration,derived_secondary_ecl_duration_error,derived_secondary_ecl_depth,derived_secondary_ecl_depth_error
[from data line 405]
375316653866487564,5256406930782310272,0.65095586,2218.3893272483688,2.635941542645281,9.402768E-6,18.243069,0.005050844,0.22028252,0.0018166045,0.07078499,0.0017886378,0.73896873,0.005521586,0.72777134,0.0047349124,0.061784755,0.003660338,0.6366651,0.011647608,null,null,null,null,"TWOGAUSSIANS",8,2.9908924,0.22028252,0.0018166045,0.39639598,0.008301748,0.7380643,0.005229689,0.72777134,0.0047349124,0.34599462,0.020497892,0.6357607,0.011852818
375316653866487564,5256407063943032576,0.4796826,2213.0758563066097,3.661165955420653,3.2141255E-5,18.967995,0.0076711597,0.12138157,0.009990943,0.0692906,0.00984037,0.09692294,0.010629936,0.61299944,0.0048062233,0.054842096,0.005618111,0.13098863,0.009971338,null,null,null,null,"TWOGAUSSIANS",8,1.4900352,0.61299944,0.0048062233,0.30711573,0.03146142,0.1309386,0.0099262325,0.12138157,0.009990943,0.38802737,0.04877958,0.09687292,0.010584928
375316653866487564,5256407102628712192,0.5711877,2210.667447543508,0.24538849299540066,5.6817695E-5,13.560989,8.7053055E-4,0.21977305,0.00255097,0.02550836,0.0017506868,0.1464242,0.0059341737,0.42649588,0.025251549,0.017717628,0.018936517,0.021891838,6.2795994E8,null,null,null,null,"TWOGAUSSIANS",8,7.1816435,0.21977305,0.00255097,0.14284681,0.009803846,0.1464242,0.0059341737,0.42649588,0.025251549,0.09921871,0.1060445,0.021891838,6.2795994E8
375316653866487564,5256407201376930432,0.51272446,2244.7636654521093,2.6250134190478485,1.538424E-5,18.36783,0.022720473,0.32884288,0.0068744016,0.08690553,0.021950655,0.34776098,0.12759781,0.84004116,0.0040047425,0.094719276,0.010075221,0.2531733,0.022568144,null,null,null,null,"TWOGAUSSIANS",8,5.125375,0.32884288,0.0068744016,0.4,0.0,0.33657897,0.13641085,0.84004116,0.0040047425,0.4,0.0,0.2419908,0.016620215
375316653866487564,5256407274379980544,0.42535785,2242.465996990351,0.6575018200683475,8.764694E-5,18.277903,0.096092105,0.30266914,0.034831543,0.14419784,0.12496653,0.10356488,0.08260435,0.7283189,0.11590731,0.1194989,0.05459771,0.059947897,0.084563926,null,null,null,null,"TWOGAUSSIANS",8,4.5343347,0.30330914,0.033076964,0.4,0.0,0.08871713,0.022998076,0.7283189,0.11590731,0.4,0.0,0.04635815,0.034048557
375316653866487564,5256407373160930176,0.5665156,2252.085923424536,0.09110928020407845,4.8818758E-5,12.51518,0.005483183,0.7182459,0.010886944,0.021396443,0.003064117,1.4212612,0.656601,null,null,null,null,null,null,0.039134122,0.00925409,0.7182459,0.010886944,"ONEGAUSSIAN_WITH_ELLIPSOIDAL",6,1897.1555,0.7182459,0.010886944,0.11982008,0.017159054,1.4995294,0.66627145,null,null,null,null,null,null
375316653866487564,5256407411856033792,0.64355916,2215.1026290177538,2.3426060007510885,4.064321E-6,16.627829,0.005235501,0.2622131,0.0019513789,0.08345984,0.0034778125,0.42293942,0.016612425,0.76127905,0.0011771149,0.089238785,0.0028733406,0.3807443,0.009636821,null,null,null,null,"TWOGAUSSIANS",8,4.2823696,0.2622131,0.0019513789,0.4,0.0,0.41101956,0.018687993,0.76127905,0.0011771149,0.4,0.0,0.36882433,0.010448327
375316653866487564,5256407514898267392,0.5130548,2188.6218162550617,3.0709447421255054,5.2531297E-5,18.396112,0.021891143,0.27950704,0.0093653165,0.036970563,0.012623802,0.23909795,0.056785833,0.76013887,0.007998291,0.06608242,0.04536682,0.11552082,0.10062041,0.084635355,0.029617172,0.76013887,0.007998291,"TWOGAUSSIANS_WITH_ELLIPSOIDAL_ON_ECLIPSE2",9,12.270947,0.27814704,0.007998282,0.20703515,0.07069329,0.4059595,0.051238164,0.76013887,0.007998291,0.37006155,0.24146284,0.28470197,0.12934199
375316653866487564,5256407652374216192,0.65775895,2219.358886575288,0.5095536902073978,7.4323975E-6,14.07938,0.0026001115,0.2729276,0.0012091812,0.038783412,0.0034657856,0.40512678,0.101191714,0.76812226,0.002810008,0.037351836,0.0051621287,0.5648595,0.122490026,0.021307174,0.0042902585,0.2729276,0.0012091812,"TWOGAUSSIANS_WITH_ELLIPSOIDAL_ON_ECLIPSE1",9,27.115803,0.76816225,0.0028014139,0.20917028,0.028907921,0.6074353,0.12508109,0.2729276,0.0012091812,0.21718712,0.0194084,0.44774112,0.10318305
375316653866487564,5256407819837557760,0.66761905,2218.4545360774587,1.3173828294391974,3.5873911E-6,13.958395,0.004375019,0.23829845,0.0015292688,0.053835943,0.0073438105,0.08512678,0.012545554,0.73928773,0.01255406,0.039070774,0.0062155602,0.15629934,0.023268856,0.13935113,0.0053338646,0.23829845,0.0015292688,"TWOGAUSSIANS_WITH_ELLIPSOIDAL_ON_ECLIPSE1",9,28.076876,0.73928773,0.010382917,0.21879633,0.03480714,0.43498868,0.021125361,0.23829845,0.0015292688,0.30148128,0.04112534,0.3638269,0.007189827
375316653866487564,5256408197794727936,0.43941435,2211.0393448831246,2.78521483927958,1.2292778E-4,15.902075,0.0035906169,0.22924022,0.0048967227,0.07237368,0.007899882,0.105416894,0.014792352,0.7230987,0.0042467257,0.020226546,0.0045305644,0.18786637,0.031642783,null,null,null,null,"TWOGAUSSIANS",8,18.983791,0.7230987,0.0042467257,0.11326865,0.02537116,0.18786632,0.031642828,0.22924022,0.0048967227,0.4,0.02409901,0.105416834,0.014792436
375316653866487564,5256408683166323456,0.70009714,2245.150463550195,0.6884829786893586,6.339467E-6,15.990888,0.009751598,0.20812492,2.6748923E-4,0.02372736,4.2401504E-4,2.1871207,0.03677676,null,null,null,null,null,null,0.034702536,0.012723498,0.20812492,2.6748923E-4,"ONEGAUSSIAN_WITH_ELLIPSOIDAL",6,28.231943,0.20812492,2.6748923E-4,0.13287322,0.0023744842,2.2565258,0.03884328,null,null,null,null,null,null
375316653866487564,5256408854975290496,0.47669682,2228.8086907609595,3.674016602050493,5.7031943E-6,18.013914,0.39405552,0.2935299,0.009863223,0.30164775,0.18563811,0.41274467,0.3814307,0.76471895,0.0069132107,0.10943668,0.010161512,0.38418785,0.09798534,null,null,null,null,"TWOGAUSSIANS",8,10.9941845,0.76471895,0.0069132107,0.4,0.0,0.27366886,0.011543783,0.2938399,0.00972007,0.4,0.0,0.09501437,0.017647674
375316653866487564,5256408992403732224,0.5647275,2255.562959586653,0.609804559265868,1.7707098E-5,13.639388,0.0019947586,0.23444812,0.0048372466,0.034976486,0.01019715,0.1165771,0.012673588,0.7257705,0.0043765455,0.01606058,0.0075819683,0.19590135,5.9418907,0.026478974,0.0027227914,0.23444812,0.0048372466,"TWOGAUSSIANS_WITH_ELLIPSOIDAL_ON_ECLIPSE1",9,31.067001,0.7258205,0.004435559,0.089939244,0.042459022,0.24870288,5.9414573,0.23444812,0.0048372466,0.19586831,0.05710404,0.16953504,0.01239372
375316653866487564,5256409061123196288,0.51751566,2266.249947727545,3.480093406205409,1.9152936E-5,15.603856,0.004684499,0.2433387,0.003070953,0.050040502,0.0074553383,0.08101766,0.020525288,0.7721207,0.021545095,0.047923934,0.01642598,0.068758324,0.024968835,0.09237008,0.012099413,0.2433387,0.003070953,"TWOGAUSSIANS_WITH_ELLIPSOIDAL_ON_ECLIPSE1",9,167.06776,0.2433387,0.003070953,0.2802268,0.041749895,0.26575732,0.015637089,0.7721207,0.021545095,0.26837403,0.091985494,0.24752182,0.025899928
375316653866487564,5256409542129031680,0.47120753,2214.386501102679,4.891275417475985,2.5171405E-5,17.383585,0.006900764,0.28140956,0.010421096,0.01429024,0.005433352,0.3018266,0.31977352,0.5561414,0.006362115,0.06468829,0.007657202,0.17050657,0.02799447,0.04062268,0.006545653,0.28140956,0.010421096,"TWOGAUSSIANS_WITH_ELLIPSOIDAL_ON_ECLIPSE1",9,6.6906023,0.28140956,0.010421096,0.08002534,0.030426772,0.38309216,0.31973284,0.56065136,0.005500147,0.3622544,0.04288033,0.17280412,0.028197585
375316653866487564,5256409645201502336,0.53974766,2270.3959118138882,2.82056047757132,1.3193879E-5,18.712675,0.0077807093,0.18858306,0.003923994,0.07330213,0.0054461425,0.34403998,0.01938502,0.69840354,0.003189587,0.08294463,0.004399223,0.3782677,0.013134725,null,null,null,null,"TWOGAUSSIANS",8,2.542213,0.69840354,0.003189587,0.4,0.0,0.37474552,0.013234336,0.18858306,0.003923994,0.4,0.0021815947,0.3405178,0.019655997
375316653866487564,5256409645201534592,0.5445708,2240.425720637586,3.879145464730233,1.35780465E-5,19.323565,0.011393651,0.21990167,0.005544921,0.04254046,0.015084848,0.22108367,0.061473895,0.7193807,0.0056874873,0.037295174,0.0058118384,0.3261546,0.038868062,0.12349394,0.022000698,0.21990167,0.005544921,"TWOGAUSSIANS_WITH_ELLIPSOIDAL_ON_ECLIPSE1",9,2.9746823,0.7194207,0.0052959044,0.20885296,0.032546297,0.57313997,0.030155936,0.21990167,0.005544921,0.23822658,0.08447515,0.4680715,0.053071696
375316653866487564,5256409743982877312,0.51138204,2259.3543774535947,0.3390353933283287,1.050749E-5,12.288159,0.0015929937,0.3172034,0.0042845584,0.019132772,0.004787038,0.1503895,0.04336852,0.7989314,0.005753839,0.002910604,0.0025174343,0.07727486,0.5591065,null,null,null,null,"TWOGAUSSIANS",8,94.45787,0.3172034,0.0042845584,0.10714353,0.026807414,0.1503895,0.04336852,0.7989314,0.005753839,0.016299382,0.014097632,0.07727486,0.5591065
375316653866487564,5256409988798396672,0.5515091,2262.101735004561,2.602381490130455,1.024548E-5,18.127146,0.0086298585,0.26928157,0.0048833787,0.08726148,0.0067710504,0.21984619,0.011225381,0.77601653,0.004407175,0.08462955,0.0066853818,0.24601157,0.015434244,null,null,null,null,"TWOGAUSSIANS",8,2.7140803,0.77601653,0.004407175,0.4,0.0,0.23998792,0.016281964,0.26928157,0.0048833787,0.4,0.0,0.21382251,0.010048305
375316653866487564,5256410023195836416,0.6608001,2245.8888299342702,2.40399570699121,4.5363536E-6,16.082106,0.012690971,0.27175188,0.0018806059,0.04706841,0.0045190332,0.38918284,0.040431645,0.76982135,0.0020694176,0.05150107,0.003245734,0.45095953,0.025839472,0.14468764,0.01518761,0.27175188,0.0018806059,"TWOGAUSSIANS_WITH_ELLIPSOIDAL_ON_ECLIPSE1",9,27.598936,0.77005136,0.0018072717,0.28840598,0.01817611,0.7402933,0.010868859,0.27175188,0.0018806059,0.2635831,0.025306586,0.6785542,0.036005907
375316653866487564,5256410263714005888,0.5750986,2253.113582857935,1.402778045519124,5.62823E-6,16.95629,0.08440409,0.21869008,0.0032056596,0.11915091,0.012162535,0.33653304,0.07856209,0.7424599,0.0038998232,0.1446211,0.02854408,0.28640044,0.080864586,null,null,null,null,"TWOGAUSSIANS",8,3.996584,0.21787009,0.002154846,0.4,0.0,0.2532647,0.0068759336,0.7426799,0.003705446,0.4,0.0,0.20158866,0.008031906
375316653866487564,5256410469872481024,0.50942284,2215.3950494540036,4.849947671377901,1.9438532E-5,16.604387,8.963106E-4,0.09476544,0.007418905,0.033122092,0.0040104217,0.12022173,0.027595388,0.6023102,8.990806E-4,0.0033465847,0.0013583135,0.02708933,0.045387894,null,null,null,null,"TWOGAUSSIANS",8,1.829012,0.09476544,0.007418905,0.18548372,0.022458361,0.12022173,0.027595388,0.6023102,8.990806E-4,0.018740874,0.0076065552,0.02708933,0.045387894
375316653866487564,5256411019596168320,0.50755787,2185.0964903468407,0.05326382347847745,1.9485848E-4,19.166441,0.007042899,0.2501733,0.05985264,0.0445199,0.07633702,0.029092345,0.86281145,0.5928237,0.0017593743,0.039254844,0.0050653988,0.3416984,0.03744829,null,null,null,null,"TWOGAUSSIANS",8,3.5952847,0.5928237,0.0017593743,0.21982712,0.028366234,0.3416984,0.037451845,0.2501733,0.05985264,0.24931145,0.34222645,0.029092345,0.86281145
375316653866487564,5256411741183050496,0.43217167,2225.1228189242806,0.03969264703845007,1.1882776E-4,18.53184,0.008803994,0.18428028,0.023228787,0.03643728,0.04199302,0.015909137,0.03798094,0.82493424,1.4848582E-4,0.0018273205,2.8202077E-4,0.225065,0.01689377,0.046303578,0.010729861,0.18428028,0.023228787,"TWOGAUSSIANS_WITH_ELLIPSOIDAL_ON_ECLIPSE1",9,11.512032,0.82493424,1.4848582E-4,0.010232995,0.0015793163,0.26231855,0.02147901,0.18428028,0.023228787,0.20404877,0.23516089,0.10851621,0.03691542
375316653866487564,5256412046104802048,0.52993363,2188.2730971714136,2.791782833136601,1.1951523E-5,18.656145,0.0058797635,0.24779645,0.003952072,0.078436196,0.004016569,0.2146078,0.010548591,0.74270433,0.009054474,0.08260568,0.007711973,0.1860643,0.016206011,null,null,null,null,"TWOGAUSSIANS",8,1.6589549,0.24779645,0.003952072,0.4,0.0,0.21169426,0.010527221,0.74270433,0.009054474,0.4,0.0,0.18315074,0.016355503
375316653866487564,5256412668863495296,0.4530798,2213.9786012768277,3.8823641498210133,2.6378284E-5,19.788292,0.03735211,0.2290979,0.008990055,0.10794208,0.024269935,0.20609853,0.032548472,0.73905057,0.0055640773,0.094172016,0.017638825,0.25966334,0.030135032,null,null,null,null,"TWOGAUSSIANS",8,2.2921956,0.7390606,0.0055598053,0.4,0.0,0.24074347,0.01943383,0.2290979,0.008990055,0.4,0.0,0.18716928,0.026577571
375316653866487564,5256412836364673920,0.572426,2217.1771173373277,2.3323374174599967,7.647525E-6,17.673145,0.021278484,0.3670282,0.01323155,0.03563062,0.025806848,0.08348339,0.054655574,0.81635624,0.011253378,0.06669551,0.029197048,0.10978906,0.050621044,0.16480505,0.031364683,0.81635624,0.011253378,"TWOGAUSSIANS_WITH_ELLIPSOIDAL_ON_ECLIPSE2",9,13.670286,0.81635624,0.011253378,0.3734949,0.053392388,0.4392998,0.021135831,0.3520982,0.017532833,0.19953148,0.14451836,0.3896319,0.021490183
375316653866487564,5256413042518010624,0.50117964,2249.5501218090917,3.794900630558693,1.034089E-4,17.458055,0.00414938,0.19844665,0.04119363,0.032093033,0.035888188,0.08234394,0.073961854,0.51766694,0.0051272064,0.010524118,0.005773453,0.7679165,47.74638,null,null,null,null,"TWOGAUSSIANS",8,14.509937,0.51766694,0.0051272064,0.058935065,0.032331336,0.7679165,47.74638,0.19844665,0.04119363,0.179721,0.20097384,0.08234394,0.073961854
375316653866487564,5256413081223235456,0.52931595,2232.1215468278047,2.1348007522269326,1.4628508E-5,17.384342,0.0169883,0.26537874,0.004638549,0.09904624,0.009775264,0.19379915,0.015966069,0.78040934,0.0062565072,0.08722021,0.011480711,0.21705343,0.015557427,null,null,null,null,"TWOGAUSSIANS",8,10.048492,0.78040934,0.0062565072,0.4,0.0,0.20814407,0.011135781,0.26537874,0.004638549,0.4,0.0,0.18488838,0.008593737
375316653866487564,5256413523554179840,0.5463111,2233.2610685379227,1.587748702366977,8.259298E-6,15.987347,0.028960573,0.22098373,0.003856145,0.11224811,0.016939832,0.12080752,0.027533215,0.716614,0.005814891,0.13244794,0.030462096,0.087904625,0.028518625,null,null,null,null,"TWOGAUSSIANS",8,3.6570778,0.22103374,0.003822263,0.4,0.0,0.096933305,0.0038371962,0.716614,0.005814891,0.4,0.0,0.063900016,0.0037363453
375316653866487564,5256413837090662016,0.53784597,2211.142848693085,2.6249376390507506,1.4658007E-5,18.965609,0.07045572,0.22282174,0.0054658367,0.09502075,0.01667672,0.4005026,0.06659021,0.71149653,0.012942078,0.110402755,0.027386885,0.37202018,0.06855555,null,null,null,null,"TWOGAUSSIANS",8,2.6606562,0.22283174,0.005470813,0.4,0.0,0.3659144,0.022527775,0.71149653,0.012942078,0.4,0.0,0.33740404,0.024399929
375316653866487564,5256414112014131584,0.5360185,2218.833869533954,2.4735540354881347,1.4937751E-5,19.150217,0.008942946,0.22740938,0.00621849,0.08010164,0.007688447,0.28535098,0.017311577,0.7300932,0.006222974,0.08439091,0.0063449317,0.25267798,0.012960838,null,null,null,null,"TWOGAUSSIANS",8,1.4201272,0.22740938,0.00621849,0.4,0.0,0.28032666,0.017662631,0.7300932,0.006222974,0.4,0.0,0.24765366,0.011872996
375316653866487564,5256414146365079808,0.42917866,2206.57481128115,0.4382308478558324,2.6385516E-5,18.843292,0.0058802594,0.06815137,0.017664587,0.025320245,0.022915836,0.042400062,0.8444518,0.3313557,0.0032180322,0.038741928,0.0065172473,0.22235034,0.0748932,null,null,null,null,"TWOGAUSSIANS",8,3.6190546,0.3313557,0.0032180322,0.21695478,0.036496587,0.22235034,0.0748932,0.06815137,0.017664587,0.14179337,0.12832868,0.042400062,0.8444518
375316653866487564,5256414180688023040,0.5309403,2163.9547286596207,2.9006690744691435,8.175486E-6,19.765728,0.017060252,0.2773592,0.0020926015,0.08046962,0.0042144563,0.4587216,0.018883,0.7975813,0.008336539,0.09566501,0.009389441,0.38401294,0.025450924,null,null,null,null,"TWOGAUSSIANS",8,1.0086718,0.2773592,0.0020926015,0.4,0.0,0.4481566,0.016553706,0.7975813,0.008336539,0.4,0.0,0.37344646,0.021880338
