Gaia/vari_eclipsing_binary/VariEclipsingBinary_606813-606841.csv
# %ECSV 1.0
# ---
# delimiter: ','
# meta: !!omap
# - RELEASE: Gaia DR3
# - TABLE: vari_eclipsing_binary
# - DESCRIPTION: >
#     This table describes the properties of the eclipsing binaries resulting from the variability analysis. 
# - CITATION: >
#     How to cite and acknowledge Gaia: 
#     https://gea.esac.esa.int/archive/documentation/credits.html 
# - KNOWN_ISSUES: >
#     Known issues: 
#     https://www.cosmos.esa.int/web/gaia-users/known-issues 
# - DOCUMENTATION: >
#     Tutorials and documentation: 
#     https://www.cosmos.esa.int/web/gaia-users/archive 
# datatype:
# - 
#   name: solution_id
#   datatype: int64
#   description: Solution Identifier
#   meta:
#     ucd: meta.version
# - 
#   name: source_id
#   datatype: int64
#   description: Unique source identifier
#   meta:
#     ucd: meta.id;meta.main
# - 
#   name: global_ranking
#   datatype: float32
#   description: Number between 0 (worst) and 1 (best)
#   meta:
#     ucd: stat.param
# - 
#   name: reference_time
#   datatype: float64
#   unit: d
#   description: Reference time used for the geometric model fit
#   meta:
#     ucd: time.epoch
# - 
#   name: frequency
#   datatype: float64
#   unit: d**-1
#   description: Frequency of geometric model of the eclipsing binary light curve
#   meta:
#     ucd: src.orbital
# - 
#   name: frequency_error
#   datatype: float32
#   unit: d**-1
#   description: "Uncertainty of \\texttt{frequency}"
#   meta:
#     ucd: stat.error
# - 
#   name: geom_model_reference_level
#   datatype: float32
#   unit: mag
#   description: Magnitude reference level of geometric model
#   meta:
#     ucd: phot.mag;em.opt
# - 
#   name: geom_model_reference_level_error
#   datatype: float32
#   unit: mag
#   description: "Uncertainty of \\texttt{geomModelReferenceLevel}"
#   meta:
#     ucd: stat.error;phot.mag;em.opt
# - 
#   name: geom_model_gaussian1_phase
#   datatype: float32
#   description: Phase of the Gaussian 1 component
#   meta:
#     ucd: time.phase
# - 
#   name: geom_model_gaussian1_phase_error
#   datatype: float32
#   description: "Uncertainty of \\texttt{geomModelGaussian1Phase}"
#   meta:
#     ucd: stat.error;time.phase
# - 
#   name: geom_model_gaussian1_sigma
#   datatype: float32
#   description: "Standard deviation [phase] of Gaussian 1 component"
#   meta:
#     ucd: stat.stdev
# - 
#   name: geom_model_gaussian1_sigma_error
#   datatype: float32
#   description: "Uncertainty of \\texttt{geomModelGaussian1Sigma}"
#   meta:
#     ucd: stat.error
# - 
#   name: geom_model_gaussian1_depth
#   datatype: float32
#   unit: mag
#   description: Magnitude depth of Gaussian 1 component
#   meta:
#     ucd: src.var.amplitude
# - 
#   name: geom_model_gaussian1_depth_error
#   datatype: float32
#   unit: mag
#   description: "Uncertainty of \\texttt{geomModelGaussian1Depth}"
#   meta:
#     ucd: stat.error;src.var.amplitude
# - 
#   name: geom_model_gaussian2_phase
#   datatype: float32
#   description: Phase of Gaussian 2 component
#   meta:
#     ucd: time.phase
# - 
#   name: geom_model_gaussian2_phase_error
#   datatype: float32
#   description: "Uncertainty of \\texttt{geomModelGaussian2Phase}"
#   meta:
#     ucd: stat.error;time.phase
# - 
#   name: geom_model_gaussian2_sigma
#   datatype: float32
[...]
#   datatype: float32
#   description: "Secondary eclipse: uncertainty of \\texttt{derivedSecondaryEclDuration}"
#   meta:
#     ucd: stat.error;time.duration
# - 
#   name: derived_secondary_ecl_depth
#   datatype: float32
#   unit: mag
#   description: "Secondary eclipse: depth"
#   meta:
#     ucd: src.var.amplitude
# - 
#   name: derived_secondary_ecl_depth_error
#   datatype: float32
#   unit: mag
#   description: "Secondary eclipse: uncertainty of \\texttt{derivedSecondaryEclDepth}"
#   meta:
#     ucd: stat.error;src.var.amplitude
solution_id,source_id,global_ranking,reference_time,frequency,frequency_error,geom_model_reference_level,geom_model_reference_level_error,geom_model_gaussian1_phase,geom_model_gaussian1_phase_error,geom_model_gaussian1_sigma,geom_model_gaussian1_sigma_error,geom_model_gaussian1_depth,geom_model_gaussian1_depth_error,geom_model_gaussian2_phase,geom_model_gaussian2_phase_error,geom_model_gaussian2_sigma,geom_model_gaussian2_sigma_error,geom_model_gaussian2_depth,geom_model_gaussian2_depth_error,geom_model_cosine_half_period_amplitude,geom_model_cosine_half_period_amplitude_error,geom_model_cosine_half_period_phase,geom_model_cosine_half_period_phase_error,model_type,num_model_parameters,reduced_chi2,derived_primary_ecl_phase,derived_primary_ecl_phase_error,derived_primary_ecl_duration,derived_primary_ecl_duration_error,derived_primary_ecl_depth,derived_primary_ecl_depth_error,derived_secondary_ecl_phase,derived_secondary_ecl_phase_error,derived_secondary_ecl_duration,derived_secondary_ecl_duration_error,derived_secondary_ecl_depth,derived_secondary_ecl_depth_error
[from data line 507]
375316653866487564,5337720484287266944,0.4805146,2191.073046968714,0.5620246575235077,4.4424865E-5,14.846522,0.0022652224,0.52938914,0.0188903,0.009511929,0.007990036,0.07358074,0.20474495,0.7647133,0.029129576,0.021193542,0.019028457,0.3400373,325.3817,0.009322085,0.0041058236,0.7647133,0.029129576,"TWOGAUSSIANS_WITH_ELLIPSOIDAL_ON_ECLIPSE2",9,51.390903,0.7647133,0.029129576,0.11868383,0.10655936,0.3586814,325.37946,0.5294192,0.018865976,0.053266805,0.0447442,0.07373904,0.20477954
375316653866487564,5337721072745698688,0.5222768,2201.1642198688564,0.6923190597845987,8.581672E-6,17.788347,0.0051871785,0.25810683,0.0014830625,0.023794653,0.0015710844,0.22541894,0.016923826,0.7709741,0.04596487,0.027557725,0.013087246,0.38589492,0.8369742,0.014810534,0.006668591,0.25810683,0.0014830625,"TWOGAUSSIANS_WITH_ELLIPSOIDAL_ON_ECLIPSE1",9,10.164956,0.7709741,0.045866802,0.15432325,0.073288575,0.41532278,0.8341509,0.25810683,0.0014830625,0.13325006,0.008798073,0.25504,0.014715523
375316653866487564,5337721622483409792,0.4533592,2200.2297072830756,1.3248503183202982,1.0073879E-5,17.98046,0.0039673676,0.4863043,0.0371863,0.1051835,0.02312354,0.039964557,0.0129498895,0.79806334,0.0020450098,0.03387685,0.002915895,0.25813106,0.046836942,null,null,null,null,"TWOGAUSSIANS",8,8.279789,0.79806334,0.0020450098,0.18971036,0.016329013,0.25862437,0.04683224,0.4863043,0.0371863,0.4,0.0,0.039963525,0.01295052
375316653866487564,5337721931739264000,0.5673264,2174.304750500924,2.00631552095402,1.1135435E-5,17.259241,0.0063625807,0.2779759,0.0023963244,0.07495798,0.0022513156,0.5043965,0.013824822,0.7819654,0.0051662587,0.082886,0.0044557597,0.21051012,0.015798269,null,null,null,null,"TWOGAUSSIANS",8,15.902924,0.2779759,0.0023963244,0.4,0.0,0.5005541,0.013731468,0.7819654,0.0051662587,0.4,0.0,0.20666774,0.016195744
375316653866487564,5337722099219007488,0.428798,2213.030518063431,1.1392595237960943,2.2868104E-5,18.331697,0.0069224155,0.3704463,0.009932814,0.047179643,0.009877049,0.22082786,0.0399665,0.8753574,0.0061206515,0.035796832,0.004477713,0.16060457,0.03411091,null,null,null,null,"TWOGAUSSIANS",8,19.470715,0.3704463,0.009932814,0.264206,0.055311475,0.22082785,0.039966512,0.8753574,0.0061206515,0.20046225,0.025075192,0.16060457,0.03411091
375316653866487564,5337722172238380288,0.4156053,2179.78123828169,0.29484950233718205,2.862773E-5,16.441704,0.0029650647,0.42719683,0.026601879,0.050115347,0.031619392,0.059928473,0.14116922,0.7466432,0.008814516,0.041185766,0.013485735,0.052808557,0.0101313405,0.025902316,0.0037328228,0.7466432,0.008814516,"TWOGAUSSIANS_WITH_ELLIPSOIDAL_ON_ECLIPSE2",9,11.39009,0.7466432,0.008814516,0.23064029,0.07552012,0.10461294,0.011304381,0.41520682,0.0153480405,0.28064594,0.1770686,0.07065753,0.14620319
375316653866487564,5337722206617273600,0.62357473,2163.0491872162784,3.2305536326491575,5.720667E-6,16.589905,0.0060782596,0.27977163,0.0016655133,0.05087396,0.004046513,0.36753544,0.022308212,0.7802231,0.0026592577,0.050395895,0.0034204172,0.33319342,0.013024964,0.101782754,0.008484714,0.27977163,0.0016655133,"TWOGAUSSIANS_WITH_ELLIPSOIDAL_ON_ECLIPSE1",9,14.555446,0.27977163,0.0016655133,0.28489417,0.022660471,0.5710969,0.024913292,0.7802231,0.0026289853,0.282217,0.019154336,0.5367533,0.011584877
375316653866487564,5337722240977040768,0.57633024,2151.196810882299,0.641350870286642,6.192723E-5,17.497257,0.0035608937,0.23086031,0.002799546,0.037953887,0.002446224,0.2802394,0.010304131,0.5761782,0.068840675,0.058008283,0.15150867,0.0065320777,0.03657946,null,null,null,null,"TWOGAUSSIANS",8,2.2713492,0.23086031,0.002799546,0.21254176,0.0136988545,0.2802394,0.01030419,0.5761782,0.068840675,0.3248464,0.84090614,0.0065320777,0.03657946
375316653866487564,5337722859433862528,0.47123736,2154.328430365122,3.3418836074189344,2.8203905E-5,19.723675,0.011841075,0.29303586,0.009187991,0.074358985,0.008131421,0.3196669,0.027514499,0.78394264,0.005594424,0.059423625,0.0073397188,0.39306986,0.057827543,null,null,null,null,"TWOGAUSSIANS",8,3.5318325,0.78394264,0.005594424,0.33277228,0.041102428,0.39257136,0.058078445,0.29303586,0.009187991,0.4,0.0035761567,0.3191684,0.027430566
375316653866487564,5337722928153367680,0.52435476,2178.011010856173,2.479209437937591,1.0531859E-5,18.986444,0.012599501,0.27819026,0.0054607093,0.086548,0.012023429,0.2608261,0.040532134,0.7773361,0.0031199297,0.08183767,0.005642719,0.28334603,0.012765615,null,null,null,null,"TWOGAUSSIANS",8,1.7114002,0.7773361,0.0031199297,0.4,0.0,0.276839,0.0099427095,0.27819026,0.0054607093,0.4,0.0,0.25431904,0.043963198
375316653866487564,5337723306133673984,0.5041864,2220.877152556135,2.7991954752382027,1.6578824E-5,18.47475,0.05833458,0.21504474,0.009132722,0.122753784,0.021845497,0.26369107,0.048470065,0.7030311,0.004656355,0.11832825,0.016359266,0.24880907,0.056230158,null,null,null,null,"TWOGAUSSIANS",8,3.280626,0.21510474,0.009099186,0.4,0.0,0.21003398,0.0153765995,0.7030311,0.004656355,0.4,0.0,0.19522174,0.007566216
375316653866487564,5337723924604376448,0.6303346,2207.1040171868426,0.9579800530667529,4.8673114E-6,16.660788,0.0049630567,0.16908464,9.014583E-4,0.03594587,0.0019620438,0.12194348,0.0066689076,0.6703765,0.017441751,0.0373896,0.013205731,1.0528687,0.54315317,null,null,null,null,"TWOGAUSSIANS",8,12.394787,0.6703765,0.017441751,0.20938174,0.07395209,1.0528687,0.54315317,0.16908464,9.014583E-4,0.20129688,0.010987446,0.12194348,0.006668904
375316653866487564,5337723958945540608,0.53861433,2171.1598976428045,3.5750939999229012,1.3441892E-5,18.816055,0.008214289,0.2804277,0.002282618,0.076209724,0.0035274073,0.30996433,0.009909063,0.7800832,0.0034300687,0.07774229,0.0045820666,0.33005777,0.010414213,null,null,null,null,"TWOGAUSSIANS",8,2.334479,0.7800832,0.0034300687,0.4,0.0,0.32680324,0.010249475,0.2804277,0.002282618,0.4,0.0,0.3067098,0.009278237
375316653866487564,5337723993323846400,0.4787234,2173.3468028671905,0.5917828886949302,2.9746801E-5,13.084582,0.00780412,0.25759894,0.0061288937,0.10972406,0.025933946,0.04085551,0.005501058,0.74543834,0.0047755963,0.09908316,0.018325033,0.033592813,0.007411758,null,null,null,null,"TWOGAUSSIANS",8,29.592916,0.25759894,0.006120095,0.4,0.0,0.03718387,0.002778181,0.74543834,0.0047755963,0.4,0.0,0.02992378,0.0022294978
375316653866487564,5337724543080011776,0.52260596,2176.8785237960146,0.6091845347155159,8.693716E-6,14.429519,0.018327521,0.24002245,0.002486272,0.17017442,0.019876558,0.22723615,0.023145935,0.7396691,0.0031875218,0.21600439,0.030756155,0.25236547,0.020187093,null,null,null,null,"TWOGAUSSIANS",8,9.643923,0.24027245,0.0023740886,0.4,0.0,0.055116557,0.0016217157,0.7396691,0.0031875218,0.4,0.0,0.051685065,0.003329024
375316653866487564,5337724783580791296,0.53870887,2185.1792091599177,4.214415249130163,8.36451E-6,18.942226,0.011204207,0.2771696,0.004636464,0.06584661,0.0051357034,0.45616785,0.02589272,0.78175426,0.0025796313,0.0733568,0.003948695,0.4542045,0.021660535,null,null,null,null,"TWOGAUSSIANS",8,4.354596,0.2771696,0.004636464,0.368741,0.028759938,0.45489293,0.025668629,0.78175426,0.0025796313,0.4,0.0,0.4529296,0.021830278
375316653866487564,5337725230257455488,0.60194176,2173.6325917727786,3.4778922474091507,7.283994E-6,18.26915,0.009072764,0.26278222,0.0013127717,0.0688546,0.0026825638,0.49115694,0.009192771,0.7573982,0.0027385019,0.072503656,0.0036496364,0.5508099,0.02091899,null,null,null,null,"TWOGAUSSIANS",8,3.9241745,0.7573982,0.0027385019,0.4,0.0029808618,0.5490638,0.02099763,0.26278222,0.0013127717,0.38558576,0.015022357,0.48941082,0.008923184
375316653866487564,5337725470792934144,0.5871972,2182.093263642622,1.785601242203243,1.4284639E-5,17.319273,0.0077823782,0.25396606,0.0024927086,0.07973007,0.00488608,0.21204856,0.006561164,0.74903655,0.007193531,0.09110519,0.009222296,0.16947512,0.011650586,null,null,null,null,"TWOGAUSSIANS",8,2.8967435,0.25396606,0.0024927086,0.4,0.0,0.20729756,0.0046369657,0.74903655,0.007193531,0.4,0.0,0.16472404,0.0113035
375316653866487564,5337725775691993216,0.5366344,2177.29457342478,1.2727360524798275,6.342611E-5,19.528297,0.008633059,0.31095132,0.006586841,0.04891126,0.0067025167,0.54332185,0.08239797,0.8075495,0.009257758,0.065784715,0.009126003,0.20141064,0.011189961,null,null,null,null,"TWOGAUSSIANS",8,2.21058,0.31095132,0.006586841,0.27390304,0.037534095,0.54328233,0.08244273,0.8075495,0.009257758,0.3683944,0.051105615,0.20137113,0.011169839
375316653866487564,5337725780030558592,0.50036675,2182.8490107501643,0.8385388696558839,1.6160344E-5,14.392301,0.0013654449,0.16413896,0.007152127,0.047873583,0.004251645,0.031169688,0.0031548222,0.72621405,0.005248444,0.050006445,0.011283164,0.03092036,0.008845754,0.01449237,0.002593836,0.72621405,0.005248444,"TWOGAUSSIANS_WITH_ELLIPSOIDAL_ON_ECLIPSE2",9,27.498495,0.72621405,0.005248444,0.2800361,0.06318572,0.059904903,0.0086850105,0.17261896,0.0058748503,0.26809207,0.023809211,0.056504592,0.0027009957
375316653866487564,5337726089268315904,0.7580341,2132.549907747038,0.3297057132331324,4.1515323E-6,14.692142,7.487444E-4,0.21973932,0.024430292,0.018922482,0.015955478,0.61637086,1.96755136E9,0.72004175,6.253456E-4,0.020580703,5.0435186E-4,0.54282135,0.0029625695,0.0030923279,0.0012352586,0.21973932,0.024430292,"TWOGAUSSIANS_WITH_ELLIPSOIDAL_ON_ECLIPSE1",9,4.242688,0.21973932,0.024430292,0.1059659,0.08935067,0.6225555,1.96755136E9,0.72004175,6.2503875E-4,0.11525194,0.0028243703,0.549006,0.0022711195
375316653866487564,5337726432865758336,0.6639312,2144.8584445877386,0.5845772142887202,1.4640973E-5,16.021547,7.736796E-4,0.24629356,0.01390475,0.020868823,0.011689666,0.18634734,2.1247535,0.754476,9.935189E-4,0.021771986,5.020604E-4,0.6313213,0.019860845,0.0055657234,0.0011088987,0.24629356,0.01390475,"TWOGAUSSIANS_WITH_ELLIPSOIDAL_ON_ECLIPSE1",9,2.3037198,0.754476,9.935189E-4,0.12192313,0.0028115383,0.64242333,0.019823004,0.24629356,0.01390475,0.11686541,0.06546213,0.19747876,2.1250587
375316653866487564,5337726467208407936,0.5562842,2168.3056923847867,2.675204944587725,9.656477E-6,18.439787,0.015796792,0.28038037,0.004053558,0.042070754,0.014224701,0.09707834,0.04551415,0.78104544,0.011175869,0.04509358,0.02822304,0.1278307,0.02503836,0.1060034,0.02289426,0.28038037,0.004053558,"TWOGAUSSIANS_WITH_ELLIPSOIDAL_ON_ECLIPSE1",9,3.8010798,0.78104544,0.010556502,0.25252405,0.15804902,0.3398336,0.04838228,0.28038037,0.004053558,0.23559622,0.07965832,0.30908492,0.03046064
375316653866487564,5337727321877430528,0.4274997,2226.8324840779537,0.6604964065328972,4.1187388E-5,18.159805,0.0065526078,0.17612533,0.003989228,0.02844725,0.011857952,0.11879211,0.015130271,0.83967525,0.01563592,0.039487764,0.031588987,0.05531958,0.030340534,null,null,null,null,"TWOGAUSSIANS",8,7.788713,0.17612533,0.003989228,0.15930459,0.06640453,0.11879211,0.015130271,0.83967525,0.01563592,0.22113149,0.17689832,0.05531958,0.030340534
375316653866487564,5337727979054018304,0.59479004,2169.6011917996243,0.7381531277698943,6.0391453E-6,14.801491,7.1384636E-4,0.25447053,0.0012841155,0.026984207,0.002601265,0.03055663,0.002526167,0.75593174,0.008425886,0.027271539,0.012456621,0.02962988,0.003538442,0.03212436,0.0012914949,0.25447053,0.0012841155,"TWOGAUSSIANS_WITH_ELLIPSOIDAL_ON_ECLIPSE1",9,4.1998596,0.25447053,0.0012841155,0.15111156,0.014567085,0.094805345,0.0022539597,0.75593174,0.008425886,0.15272062,0.069757074,0.09387319,0.0038064488
375316653866487564,5337728116476205440,0.4903859,2146.053390312143,1.6673863146447996,2.0548256E-5,19.185774,0.027986951,0.2967012,0.004297236,0.05434442,0.005583779,0.59366626,0.04170594,0.80436164,0.015267437,0.06418774,0.011494438,0.26723552,0.046136256,null,null,null,null,"TWOGAUSSIANS",8,15.559045,0.2967012,0.004297236,0.30432874,0.031269163,0.5935869,0.04157903,0.80436164,0.015267437,0.35945135,0.05989003,0.26715618,0.04597156
375316653866487564,5337729112925225216,0.6057212,2189.8256004415166,0.8843754065268356,1.091476E-5,14.344802,6.904894E-4,0.39079374,0.0010332187,0.027038136,8.0986356E-4,0.23919754,0.008012383,null,null,null,null,null,null,null,null,null,null,"ONEGAUSSIAN",5,12.904328,0.39079374,0.0010332187,0.15141357,0.004535236,0.23919754,0.0,null,null,null,null,null,null
375316653866487564,5337729662681135744,0.57146376,2166.500785808308,2.773686727129488,8.928717E-6,16.504793,0.0080683,0.25672615,0.002488057,0.08837291,0.0044833957,0.2543746,0.007935019,0.76059806,0.0027179,0.0870251,0.0049546743,0.25529006,0.010482141,null,null,null,null,"TWOGAUSSIANS",8,10.332836,0.76059806,0.0027179,0.4,0.0,0.24706307,0.010298285,0.25672615,0.002488057,0.4,0.0,0.24614756,0.005505991
375316653866487564,5337730074997953792,0.6437322,2185.4214747507463,0.5314831356768842,1.4987595E-5,15.395707,6.307794E-4,0.32767975,8.249818E-4,0.015846657,0.0011104731,0.18657388,0.028410206,0.8269501,0.005789503,0.014975224,0.004750166,0.23679411,0.15338919,0.0031686255,0.0010175168,0.32767975,8.249818E-4,"TWOGAUSSIANS_WITH_ELLIPSOIDAL_ON_ECLIPSE1",9,3.3021498,0.8269501,0.005783645,0.083861254,0.02660093,0.24313122,0.15352744,0.32767975,8.249818E-4,0.08874127,0.006218649,0.19291113,0.028817879
375316653866487564,5337730139375669504,0.46362022,2203.650647950583,2.5078040462067213,1.9852701E-5,18.026241,0.0064967754,0.568458,0.009707413,0.049271632,0.013278424,0.4169208,0.08941138,null,null,null,null,null,null,null,null,null,null,"ONEGAUSSIAN",5,26.052305,0.568458,0.009707413,0.27592114,0.07435918,0.4169208,0.0,null,null,null,null,null,null
375316653866487564,5337730830912291200,0.5985209,2178.088093504347,0.8376843684356762,9.338624E-6,15.165639,0.020766411,0.23402376,0.0023308217,0.10206846,0.011420904,0.18268539,0.018153435,0.71009076,0.0053831786,0.10249821,0.010979267,0.3109144,0.019716352,null,null,null,null,"TWOGAUSSIANS",8,32.243538,0.71009076,0.0053831786,0.4,0.0,0.29308155,0.012787291,0.23403376,0.0023236445,0.4,0.0,0.16485587,0.006117442
375316653866487564,5337731273250336768,0.45206943,2179.922379550834,1.8371528765846699,2.295155E-5,19.11691,0.017113566,0.2422759,0.006840559,0.082426414,0.008915148,0.16782044,0.019290041,0.69854695,0.011178932,0.04389224,0.011157729,0.26074213,0.0834715,null,null,null,null,"TWOGAUSSIANS",8,6.511707,0.69854695,0.011178932,0.24579653,0.06248328,0.26070705,0.08349295,0.2422759,0.006840559,0.4,0.0,0.16778533,0.01924216
375316653866487564,5337731586810045056,0.4517293,2174.261705972763,0.3479876805691921,6.638882E-5,19.37738,0.023501432,0.23162769,0.0059799994,0.04675658,0.009616695,0.5358259,0.15191084,0.53946966,0.02944217,0.07918819,0.029904006,0.42801178,0.037550803,null,null,null,null,"TWOGAUSSIANS",8,15.705525,0.23166768,0.0058769076,0.26183686,0.053853497,0.53604966,0.15227105,0.53946966,0.02944217,0.4,0.0,0.42801154,0.037548784
375316653866487564,5337731896064328832,0.5380663,2209.0883271378616,0.7142618735246387,8.859203E-6,16.140179,8.2932063E-4,null,null,null,null,null,null,null,null,null,null,null,null,0.045104463,9.797883E-4,0.27987543,0.0024802035,"ELLIPSOIDAL",4,4.0699363,null,null,null,null,null,null,null,null,null,null,null,null
375316653866487564,5337731926082431232,0.62027353,2225.8673829106356,2.5638700986338123,4.312223E-6,17.413916,0.0066283736,0.29597467,0.0012360743,0.083164126,0.001969098,0.39448622,0.0082168225,0.7974856,0.0013662032,0.08803699,0.0023850605,0.3525907,0.007514447,null,null,null,null,"TWOGAUSSIANS",8,2.6166239,0.29597467,0.0012360743,0.4,0.0,0.384295,0.0072632763,0.7974856,0.0013662032,0.4,0.0,0.3423994,0.0065101488
