Gaia/vari_eclipsing_binary/VariEclipsingBinary_607935-608023.csv
# %ECSV 1.0
# ---
# delimiter: ','
# meta: !!omap
# - RELEASE: Gaia DR3
# - TABLE: vari_eclipsing_binary
# - DESCRIPTION: >
#     This table describes the properties of the eclipsing binaries resulting from the variability analysis. 
# - CITATION: >
#     How to cite and acknowledge Gaia: 
#     https://gea.esac.esa.int/archive/documentation/credits.html 
# - KNOWN_ISSUES: >
#     Known issues: 
#     https://www.cosmos.esa.int/web/gaia-users/known-issues 
# - DOCUMENTATION: >
#     Tutorials and documentation: 
#     https://www.cosmos.esa.int/web/gaia-users/archive 
# datatype:
# - 
#   name: solution_id
#   datatype: int64
#   description: Solution Identifier
#   meta:
#     ucd: meta.version
# - 
#   name: source_id
#   datatype: int64
#   description: Unique source identifier
#   meta:
#     ucd: meta.id;meta.main
# - 
#   name: global_ranking
#   datatype: float32
#   description: Number between 0 (worst) and 1 (best)
#   meta:
#     ucd: stat.param
# - 
#   name: reference_time
#   datatype: float64
#   unit: d
#   description: Reference time used for the geometric model fit
#   meta:
#     ucd: time.epoch
# - 
#   name: frequency
#   datatype: float64
#   unit: d**-1
#   description: Frequency of geometric model of the eclipsing binary light curve
#   meta:
#     ucd: src.orbital
# - 
#   name: frequency_error
#   datatype: float32
#   unit: d**-1
#   description: "Uncertainty of \\texttt{frequency}"
#   meta:
#     ucd: stat.error
# - 
#   name: geom_model_reference_level
#   datatype: float32
#   unit: mag
#   description: Magnitude reference level of geometric model
#   meta:
#     ucd: phot.mag;em.opt
# - 
#   name: geom_model_reference_level_error
#   datatype: float32
#   unit: mag
#   description: "Uncertainty of \\texttt{geomModelReferenceLevel}"
#   meta:
#     ucd: stat.error;phot.mag;em.opt
# - 
#   name: geom_model_gaussian1_phase
#   datatype: float32
#   description: Phase of the Gaussian 1 component
#   meta:
#     ucd: time.phase
# - 
#   name: geom_model_gaussian1_phase_error
#   datatype: float32
#   description: "Uncertainty of \\texttt{geomModelGaussian1Phase}"
#   meta:
#     ucd: stat.error;time.phase
# - 
#   name: geom_model_gaussian1_sigma
#   datatype: float32
#   description: "Standard deviation [phase] of Gaussian 1 component"
#   meta:
#     ucd: stat.stdev
# - 
#   name: geom_model_gaussian1_sigma_error
#   datatype: float32
#   description: "Uncertainty of \\texttt{geomModelGaussian1Sigma}"
#   meta:
#     ucd: stat.error
# - 
#   name: geom_model_gaussian1_depth
#   datatype: float32
#   unit: mag
#   description: Magnitude depth of Gaussian 1 component
#   meta:
#     ucd: src.var.amplitude
# - 
#   name: geom_model_gaussian1_depth_error
#   datatype: float32
#   unit: mag
#   description: "Uncertainty of \\texttt{geomModelGaussian1Depth}"
#   meta:
#     ucd: stat.error;src.var.amplitude
# - 
#   name: geom_model_gaussian2_phase
#   datatype: float32
#   description: Phase of Gaussian 2 component
#   meta:
#     ucd: time.phase
# - 
#   name: geom_model_gaussian2_phase_error
#   datatype: float32
#   description: "Uncertainty of \\texttt{geomModelGaussian2Phase}"
#   meta:
#     ucd: stat.error;time.phase
# - 
#   name: geom_model_gaussian2_sigma
#   datatype: float32
[...]
#   datatype: float32
#   description: "Secondary eclipse: uncertainty of \\texttt{derivedSecondaryEclDuration}"
#   meta:
#     ucd: stat.error;time.duration
# - 
#   name: derived_secondary_ecl_depth
#   datatype: float32
#   unit: mag
#   description: "Secondary eclipse: depth"
#   meta:
#     ucd: src.var.amplitude
# - 
#   name: derived_secondary_ecl_depth_error
#   datatype: float32
#   unit: mag
#   description: "Secondary eclipse: uncertainty of \\texttt{derivedSecondaryEclDepth}"
#   meta:
#     ucd: stat.error;src.var.amplitude
solution_id,source_id,global_ranking,reference_time,frequency,frequency_error,geom_model_reference_level,geom_model_reference_level_error,geom_model_gaussian1_phase,geom_model_gaussian1_phase_error,geom_model_gaussian1_sigma,geom_model_gaussian1_sigma_error,geom_model_gaussian1_depth,geom_model_gaussian1_depth_error,geom_model_gaussian2_phase,geom_model_gaussian2_phase_error,geom_model_gaussian2_sigma,geom_model_gaussian2_sigma_error,geom_model_gaussian2_depth,geom_model_gaussian2_depth_error,geom_model_cosine_half_period_amplitude,geom_model_cosine_half_period_amplitude_error,geom_model_cosine_half_period_phase,geom_model_cosine_half_period_phase_error,model_type,num_model_parameters,reduced_chi2,derived_primary_ecl_phase,derived_primary_ecl_phase_error,derived_primary_ecl_duration,derived_primary_ecl_duration_error,derived_primary_ecl_depth,derived_primary_ecl_depth_error,derived_secondary_ecl_phase,derived_secondary_ecl_phase_error,derived_secondary_ecl_duration,derived_secondary_ecl_duration_error,derived_secondary_ecl_depth,derived_secondary_ecl_depth_error
[from data line 466]
375316653866487564,5347900591872969344,0.6152309,2218.1916908134563,0.08050148740698049,9.8176046E-5,16.397978,7.295499E-4,0.43594736,3.7111164E-5,0.0037082506,4.3266642E-5,0.3661712,0.004423867,0.82303476,0.009338203,0.020619271,0.0059876954,0.010547377,0.0010042905,null,null,null,null,"TWOGAUSSIANS",8,2.3084743,0.43594736,3.7111164E-5,0.020766204,2.422932E-4,0.3661712,0.004423867,0.82303476,0.009338203,0.11546792,0.033531092,0.010547377,0.0010042905
375316653866487564,5347900931166221696,0.5220897,2234.185034827785,3.5793122812442015,2.1143587E-5,19.850273,0.015525375,0.2854929,0.009730622,0.06702199,0.00849075,0.65055585,0.06055887,0.7869824,0.0034793052,0.0640204,0.004721248,0.48223895,0.035329096,null,null,null,null,"TWOGAUSSIANS",8,2.343291,0.2854929,0.009730622,0.37532312,0.04398222,0.64981407,0.06095209,0.7869824,0.0034793052,0.35851425,0.026438989,0.4814972,0.035463955
375316653866487564,5347902928334942080,0.6260325,2238.8736286471394,1.324402785366121,4.9722767E-6,15.785031,0.0075106486,0.28137386,0.0018222376,0.043861143,0.004856252,0.12294067,0.01541039,0.77951235,0.0020977969,0.0562163,0.005031648,0.43793505,0.039291315,0.079720475,0.00809351,0.28137386,0.0018222376,"TWOGAUSSIANS_WITH_ELLIPSOIDAL_ON_ECLIPSE1",9,22.741781,0.7796723,0.0018548113,0.31481126,0.028177228,0.5973355,0.047520243,0.28137386,0.0018222376,0.24562241,0.02719501,0.28236115,0.0038882378
375316653866487564,5347903370707043072,0.51625276,2245.344654519712,2.845638744769376,1.675054E-5,19.19191,0.019129477,0.21127838,0.006999717,0.06379389,0.011171735,0.45202386,0.035588857,0.69415367,0.0043644807,0.06868237,0.0038805525,0.62092155,0.036052022,null,null,null,null,"TWOGAUSSIANS",8,13.991727,0.69415367,0.0043644807,0.38462126,0.021731094,0.6203985,0.03598768,0.21127838,0.006999717,0.3572458,0.060128544,0.4515008,0.036013063
375316653866487564,5347903542505772032,0.49830958,2215.9153549157722,2.103877545902254,1.0774686E-5,18.005394,0.005502892,0.1980951,0.0019457638,0.030833205,0.002302601,0.2832149,0.015543456,0.70144486,0.012809341,0.031040698,0.022148836,0.20821446,2.6429417,null,null,null,null,"TWOGAUSSIANS",8,13.692636,0.1980951,0.0019457638,0.17266595,0.012894565,0.2832149,0.015543456,0.70144486,0.012809341,0.17382792,0.12403349,0.20821446,2.6429417
375316653866487564,5347903679944594432,0.5622837,2223.4690393368724,2.4588078860719187,7.61189E-6,17.917301,0.03372054,0.24742717,0.0032499002,0.10791005,0.010514188,0.2574987,0.030388094,0.7489186,0.0020661382,0.12668729,0.016357254,0.23332755,0.027125686,null,null,null,null,"TWOGAUSSIANS",8,1.8839693,0.24741717,0.0032761036,0.4,0.0,0.20825964,0.0077097863,0.7489186,0.002068113,0.4,0.0,0.1839061,0.0072354097
375316653866487564,5347904783760887680,0.52038133,2190.2082583119773,2.0171799615287536,1.9746603E-5,17.247799,0.018742464,0.23043096,0.003940756,0.06433191,0.0044298065,0.579568,0.029244846,0.7356865,0.012803193,0.08425319,0.027296154,0.23408987,0.040129773,null,null,null,null,"TWOGAUSSIANS",8,92.91785,0.23043096,0.003940756,0.36025873,0.024806917,0.57748216,0.02825093,0.7356865,0.012803193,0.4,0.023503654,0.232004,0.04293069
375316653866487564,5347908735130876800,0.5404739,2225.204001131608,2.558763369214587,1.29457385E-5,16.546078,0.026075924,0.2372096,0.007921533,0.040298916,0.03537904,0.10104606,0.044218402,0.7184614,0.009417067,0.06436258,0.016227199,0.1200659,0.049150746,0.0801794,0.029272405,0.2372096,0.007921533,"TWOGAUSSIANS_WITH_ELLIPSOIDAL_ON_ECLIPSE1",9,32.74321,0.7241614,0.0039449222,0.36043045,0.08864611,0.2788591,0.015146296,0.2372096,0.007921533,0.22567393,0.19812262,0.2613846,0.040693555
375316653866487564,5347911032929178880,0.490168,2234.2215412406695,3.198311596944199,1.6061476E-5,18.173489,0.0062887412,0.23606321,0.0047122696,0.07419069,0.0066759717,0.1493786,0.0128484825,0.7416916,0.004608111,0.07013417,0.008161877,0.1882193,0.018072737,null,null,null,null,"TWOGAUSSIANS",8,4.7780395,0.7416916,0.004608111,0.39275134,0.031212315,0.18749763,0.018457282,0.23606321,0.0047122696,0.4,0.0021355404,0.14865695,0.012886531
375316653866487564,5347911582685030400,0.52051014,2241.3257292860494,0.068848289275166,2.8529032E-5,18.71695,0.0044435305,0.4213211,0.0025026905,0.0018175853,0.0012170606,0.78777826,51.227726,0.745497,0.0068440177,0.030195976,0.0088089835,0.09243565,0.079005346,0.027466837,0.0088774655,0.4213211,0.0025026905,"TWOGAUSSIANS_WITH_ELLIPSOIDAL_ON_ECLIPSE1",9,6.307463,0.4213211,0.0025026905,0.0101784775,0.006815539,0.84271187,51.22777,0.748317,0.0071669696,0.16909747,0.04933031,0.10391797,0.07971837
375316653866487564,5347911857562993792,0.5457941,2223.087997591899,4.0426241652911745,7.1466347E-6,19.654022,0.009360667,0.23384917,0.0016601185,0.075506195,0.004021629,0.54438365,0.03169551,0.73741984,0.0043757893,0.076515846,0.004865747,0.46176553,0.02109998,null,null,null,null,"TWOGAUSSIANS",8,1.6065853,0.23384917,0.0016601185,0.4,0.0,0.5402328,0.032689784,0.73741984,0.0043757893,0.4,0.0,0.45761463,0.021107325
375316653866487564,5347913541190443392,0.5411159,2228.922010971801,3.4553832994171,9.5063715E-6,18.163599,0.018602384,0.20720002,0.0039803023,0.09161796,0.007781344,0.43114588,0.017895265,0.7127134,0.003399648,0.08373938,0.0063145566,0.40110505,0.019111216,null,null,null,null,"TWOGAUSSIANS",8,10.941418,0.20720002,0.0039803023,0.4,0.0,0.41809267,0.013743294,0.7127134,0.003399648,0.4,0.0,0.38805214,0.01582342
375316653866487564,5347916500431854080,0.5387532,2212.883535466387,0.19066565946096883,2.6644051E-5,13.244904,0.018758139,0.32760212,0.009777546,0.1539784,0.027520074,0.17485756,0.01643773,0.8087831,0.0037623667,0.024674516,0.0026545934,0.9324706,0.087924555,null,null,null,null,"TWOGAUSSIANS",8,2102.6694,0.8087831,0.0037623667,0.13817729,0.014865723,0.92972845,0.08762944,0.32760212,0.009777546,0.4,0.0,0.17019172,0.014756276
375316653866487564,5347918385914551808,0.49543372,2199.264909838285,2.8680507263951887,1.7015105E-5,18.939651,0.026536876,0.2107412,0.0061457143,0.08803475,0.009834418,0.33117747,0.03391259,0.7084811,0.008953643,0.08992978,0.0124861505,0.3356523,0.029921498,null,null,null,null,"TWOGAUSSIANS",8,6.1315327,0.7084811,0.008953643,0.4,0.0,0.3232238,0.021424497,0.2107412,0.0061457143,0.4,0.0,0.31874904,0.029555762
375316653866487564,5347918488993641984,0.48789692,2191.4483724013826,2.4603117318943224,3.1206746E-5,17.834984,0.01586545,0.26336616,0.0048554493,0.05030356,0.0132220145,0.16508916,0.032228258,0.75591964,0.018919496,0.04005315,0.015326224,0.09340383,0.04821403,0.052609306,0.020948477,0.26336616,0.0048554493,"TWOGAUSSIANS_WITH_ELLIPSOIDAL_ON_ECLIPSE1",9,15.161541,0.26336616,0.0048554493,0.28169993,0.07404328,0.27030697,0.02437947,0.7568496,0.017925967,0.22429766,0.08582685,0.19842018,0.029678743
375316653866487564,5347921615726651648,0.4931976,2253.0899868288157,1.7653372621533048,2.0247262E-5,17.68533,0.010457717,0.21322224,0.008893949,0.038755137,0.013820035,0.055018082,0.011916647,0.6976035,0.007256327,0.06097352,0.0090709515,0.16457152,0.013698243,null,null,null,null,"TWOGAUSSIANS",8,9.212844,0.6976035,0.007256327,0.3414517,0.05079733,0.1645712,0.013698144,0.21322224,0.008893949,0.21702878,0.0773922,0.055017754,0.011916731
375316653866487564,5347923063144824448,0.5768345,2238.5788767243384,0.03149859142950186,3.7017297E-5,10.575028,0.004053474,0.29974923,0.0066163503,0.021251146,0.007307769,0.45192432,0.032075524,0.80008626,8.226802E-4,0.02019086,5.362906E-4,0.6748524,0.027731026,0.006110895,0.006527683,0.80008626,8.226802E-4,"TWOGAUSSIANS_WITH_ELLIPSOIDAL_ON_ECLIPSE2",9,756.27655,0.80008626,8.226802E-4,0.11306882,0.003003227,0.6870741,0.02837273,0.29974923,0.0066163503,0.11900641,0.040923506,0.46414608,0.033284936
375316653866487564,5347923883471672064,0.4978011,2228.836063578216,2.806381052163995,9.153655E-6,15.529092,0.008055301,0.2580856,0.004859214,0.09438357,0.008768069,0.12236043,0.0087010395,0.76522166,0.0023610403,0.07575591,0.0065571624,0.11952643,0.007976144,null,null,null,null,"TWOGAUSSIANS",8,48.07778,0.2580856,0.004859214,0.4,0.0,0.11952896,0.007813757,0.76522166,0.0023610403,0.4,0.0,0.116695166,0.006575408
375316653866487564,5347926670915202304,0.5858586,2224.247698623729,1.4330983861065583,5.004274E-6,13.018804,0.014874804,0.3059148,0.0013118632,0.09278172,0.0052293497,0.33493853,0.012931388,0.7942941,0.0021798764,0.08119235,0.0045139557,0.36273897,0.014111516,null,null,null,null,"TWOGAUSSIANS",8,175.29456,0.7942941,0.0021798764,0.4,0.0,0.3535566,0.010176166,0.3059148,0.0013118632,0.4,0.0,0.32575577,0.01016292
375316653866487564,5347929041737168384,0.639661,2246.1131957720627,2.8500194321748316,4.7355056E-6,16.486475,0.0091975285,0.23393142,0.001192865,0.053483345,0.0021092186,0.37736386,0.020568337,0.7405738,0.0016832508,0.04902221,0.0031098935,0.35355648,0.01926661,0.104723476,0.010247858,0.7405738,0.0016832508,"TWOGAUSSIANS_WITH_ELLIPSOIDAL_ON_ECLIPSE2",9,15.89303,0.23467143,9.951079E-4,0.29950675,0.011811624,0.5864821,0.012403323,0.7405738,0.0016832508,0.27452436,0.017415402,0.5629988,0.0060788686
375316653866487564,5347933675998550272,0.51660645,2260.92964561964,3.708813128547848,1.4908004E-5,17.693317,0.012572655,0.29865435,0.006349469,0.070842095,0.008900505,0.34900555,0.046267144,0.7644184,0.011236727,0.07548857,0.009010222,0.4266132,0.025007533,null,null,null,null,"TWOGAUSSIANS",8,25.48773,0.7644184,0.011236727,0.4,0.0,0.42562622,0.024368878,0.29865435,0.006349469,0.39671573,0.022383355,0.34801856,0.04672514
375316653866487564,5347933886451668096,0.44780666,2222.24185092473,4.984707260085725,4.5539047E-5,14.690702,0.010541211,0.42720288,0.019227078,0.10214585,0.017068243,0.44190165,0.034900162,0.6401116,0.058584377,0.024525722,0.053128652,0.4236908,0.51482755,null,null,null,null,"TWOGAUSSIANS",8,1244.7284,0.6401116,0.058584377,0.13734405,0.2765507,0.4740257,0.48901507,0.42720288,0.011611458,0.4,0.0,0.44189614,0.025467005
375316653866487564,5347935565784627968,0.6167108,2242.606009830055,3.719056994121409,5.316439E-6,18.4024,0.0132849235,0.26726913,0.0012311268,0.048794497,0.0024826217,0.4969786,0.033173773,0.76790607,0.0016186534,0.051074848,0.002299656,0.5586005,0.031033207,0.10297537,0.018700087,0.26726913,0.0012311268,"TWOGAUSSIANS_WITH_ELLIPSOIDAL_ON_ECLIPSE1",9,3.9732916,0.76790607,0.0016175037,0.28601915,0.012878073,0.76454306,0.012718298,0.26726913,0.0012311268,0.27324918,0.013902682,0.7029245,0.018384034
375316653866487564,5347936566520074880,0.5549891,2273.447779266765,0.9485918326924405,1.3275846E-5,17.883535,0.0037654962,0.81079584,0.0013181908,0.03770407,0.0018310652,0.41856134,0.011150197,null,null,null,null,null,null,null,null,null,null,"ONEGAUSSIAN",5,8.250472,0.81079584,0.0013181908,0.2111428,0.010253965,0.41856134,0.0,null,null,null,null,null,null
375316653866487564,5347938525017122944,0.4939224,2243.397202477827,3.8378044315931836,2.2358465E-5,19.847597,0.015431521,0.22556128,0.0072103315,0.078205176,0.0069304975,0.5196838,0.062386334,0.7325558,0.009246706,0.088785,0.01216847,0.48399335,0.052655425,null,null,null,null,"TWOGAUSSIANS",8,3.2638612,0.22556128,0.0072103315,0.4,0.0,0.5097379,0.0642415,0.7325558,0.009246706,0.4,0.0,0.47404733,0.056573316
375316653866487564,5347939001757616512,0.43002453,2228.349411075484,0.031740140009975326,6.620148E-5,18.57333,0.013181495,0.33663484,0.0123650925,0.15151279,0.017796129,0.18947552,0.019890407,0.7202691,0.015598836,0.027378576,0.006802954,0.094638005,0.029244794,null,null,null,null,"TWOGAUSSIANS",8,6.9854794,0.33663484,0.0123650925,0.4,0.0,0.18782984,0.019849654,0.7202691,0.015598836,0.15332001,0.03809654,0.100721106,0.029934626
375316653866487564,5347939452738145792,0.64976716,2216.1400980803373,1.8170010862542527,4.498671E-6,16.536686,0.005330244,0.28527054,7.754011E-4,0.046558946,0.0020832254,0.5230458,0.030089173,0.78783476,0.0033289245,0.046304096,0.0050502885,0.19210848,0.011972153,0.08649748,0.007326153,0.28527054,7.754011E-4,"TWOGAUSSIANS_WITH_ELLIPSOIDAL_ON_ECLIPSE1",9,7.431404,0.28527054,7.754011E-4,0.26073012,0.011666061,0.69604,0.03556031,0.78783476,0.0033289245,0.2593029,0.028281616,0.36505774,0.0058806795
375316653866487564,5347940135629378176,0.55202633,2228.6725938095656,2.703578152155597,2.6365498E-5,19.798607,0.016446773,0.27066144,0.0070969146,0.07874586,0.00715227,0.4064364,0.034292992,0.7502756,0.005603076,0.07359907,0.0062589482,0.5440566,0.025831329,null,null,null,null,"TWOGAUSSIANS",8,1.7405338,0.7502756,0.005603076,0.4,0.0014620108,0.54132354,0.025751386,0.27066144,0.0070969146,0.4,0.0,0.40370342,0.035021104
375316653866487564,5347943193646106752,0.4932291,2211.8280330732086,0.4164390714135957,1.9116364E-5,19.074474,0.015220249,0.15308113,0.027308194,0.01492945,0.010078969,0.0786199,0.011968629,0.6371369,0.004391019,0.17787077,0.012713091,0.2837875,0.016476769,null,null,null,null,"TWOGAUSSIANS",8,2.5252752,0.6371369,0.004391019,0.4,0.0,0.27119833,0.01587193,0.15319113,0.027930127,0.083604924,0.056442227,0.07725419,0.012722758
375316653866487564,5347943988223362176,0.55422187,2220.5630191551736,0.15233172873081618,8.9950145E-6,14.964334,0.0010050016,0.1609911,0.0044757314,0.028996622,0.003432566,0.104614414,0.015356132,0.50028926,4.5119508E-4,0.0028726568,6.706125E-4,0.030280892,0.06057799,null,null,null,null,"TWOGAUSSIANS",8,5.7380404,0.1609911,0.0044757314,0.16238108,0.01922237,0.104614414,0.015356132,0.50028926,4.5119508E-4,0.016086878,0.0037554298,0.030280892,0.06057799
375316653866487564,5347944327517847552,0.56518734,2212.611038022306,3.116651943409795,4.5563947E-6,19.428185,0.009486445,0.23548944,0.0016644454,0.069496214,0.0022786222,0.58701414,0.017378818,0.732709,0.00366972,0.071109995,0.0042210785,0.4921895,0.01303813,null,null,null,null,"TWOGAUSSIANS",8,1.6178758,0.23548944,0.0016644454,0.3891788,0.012760284,0.58521837,0.017321799,0.732709,0.00366972,0.39821598,0.011730258,0.49039373,0.01289475
375316653866487564,5347944396241675904,0.6220147,2211.789377867365,3.9550085837074045,4.7851304E-6,18.691866,0.009079055,0.22172484,0.0020036912,0.0710108,0.0027661494,0.5581345,0.012885975,0.72298616,0.0012100318,0.07622865,0.0026153887,0.5687311,0.013699063,null,null,null,null,"TWOGAUSSIANS",8,2.3928673,0.72298616,0.0012100318,0.4,0.0,0.56530297,0.013568398,0.22172484,0.0020036912,0.39766046,0.013223441,0.5547064,0.012790237
375316653866487564,5347944499316811648,0.46502346,2218.537685087174,3.49511206787029,2.499808E-5,17.468208,0.0750107,0.27757755,0.0069371443,0.09569937,0.019116402,0.19389398,0.06694242,0.7620695,0.009719446,0.15121914,0.04512934,0.17968395,0.073850185,null,null,null,null,"TWOGAUSSIANS",8,17.022486,0.27807754,0.0070371195,0.4,0.0,0.15507202,0.01764176,0.7620695,0.009719446,0.4,0.0,0.13926135,0.014398792
375316653866487564,5347948592428510976,0.65122,2226.5728062056196,0.4621848060700706,1.0226656E-5,16.387215,0.0071110283,0.27645698,0.0017509378,0.026495952,0.0018243428,1.9617313,0.13314788,0.7776363,0.018897213,0.02406593,0.009894599,0.1036353,0.06415024,0.035667308,0.008721811,0.27645698,0.0017509378,"TWOGAUSSIANS_WITH_ELLIPSOIDAL_ON_ECLIPSE1",9,34.94744,0.27645698,0.0017509378,0.14837734,0.010216319,2.0330658,0.13491713,0.7776363,0.018889155,0.1347692,0.05540976,0.174966,0.0627869
375316653866487564,5347952058459965056,0.6321084,2224.256093146396,0.7875988374355549,4.7845892E-6,18.53251,0.0077789417,0.24470632,0.0026260277,0.036713123,0.004551699,0.12369252,0.01797412,0.7447729,0.0014890983,0.038717773,0.0017574794,0.95809615,0.054391112,0.04975573,0.009830445,0.24470632,0.0026260277,"TWOGAUSSIANS_WITH_ELLIPSOIDAL_ON_ECLIPSE1",9,2.9556632,0.7447729,0.0014822022,0.21681952,0.0098418845,1.0576074,0.05577219,0.24470632,0.0026260277,0.2055935,0.025489515,0.22320381,0.008933116
