Gaia/vari_eclipsing_binary/VariEclipsingBinary_467606-467643.csv
# %ECSV 1.0
# ---
# delimiter: ','
# meta: !!omap
# - RELEASE: Gaia DR3
# - TABLE: vari_eclipsing_binary
# - DESCRIPTION: >
#     This table describes the properties of the eclipsing binaries resulting from the variability analysis. 
# - CITATION: >
#     How to cite and acknowledge Gaia: 
#     https://gea.esac.esa.int/archive/documentation/credits.html 
# - KNOWN_ISSUES: >
#     Known issues: 
#     https://www.cosmos.esa.int/web/gaia-users/known-issues 
# - DOCUMENTATION: >
#     Tutorials and documentation: 
#     https://www.cosmos.esa.int/web/gaia-users/archive 
# datatype:
# - 
#   name: solution_id
#   datatype: int64
#   description: Solution Identifier
#   meta:
#     ucd: meta.version
# - 
#   name: source_id
#   datatype: int64
#   description: Unique source identifier
#   meta:
#     ucd: meta.id;meta.main
# - 
#   name: global_ranking
#   datatype: float32
#   description: Number between 0 (worst) and 1 (best)
#   meta:
#     ucd: stat.param
# - 
#   name: reference_time
#   datatype: float64
#   unit: d
#   description: Reference time used for the geometric model fit
#   meta:
#     ucd: time.epoch
# - 
#   name: frequency
#   datatype: float64
#   unit: d**-1
#   description: Frequency of geometric model of the eclipsing binary light curve
#   meta:
#     ucd: src.orbital
# - 
#   name: frequency_error
#   datatype: float32
#   unit: d**-1
#   description: "Uncertainty of \\texttt{frequency}"
#   meta:
#     ucd: stat.error
# - 
#   name: geom_model_reference_level
#   datatype: float32
#   unit: mag
#   description: Magnitude reference level of geometric model
#   meta:
#     ucd: phot.mag;em.opt
# - 
#   name: geom_model_reference_level_error
#   datatype: float32
#   unit: mag
#   description: "Uncertainty of \\texttt{geomModelReferenceLevel}"
#   meta:
#     ucd: stat.error;phot.mag;em.opt
# - 
#   name: geom_model_gaussian1_phase
#   datatype: float32
#   description: Phase of the Gaussian 1 component
#   meta:
#     ucd: time.phase
# - 
#   name: geom_model_gaussian1_phase_error
#   datatype: float32
#   description: "Uncertainty of \\texttt{geomModelGaussian1Phase}"
#   meta:
#     ucd: stat.error;time.phase
# - 
#   name: geom_model_gaussian1_sigma
#   datatype: float32
#   description: "Standard deviation [phase] of Gaussian 1 component"
#   meta:
#     ucd: stat.stdev
# - 
#   name: geom_model_gaussian1_sigma_error
#   datatype: float32
#   description: "Uncertainty of \\texttt{geomModelGaussian1Sigma}"
#   meta:
#     ucd: stat.error
# - 
#   name: geom_model_gaussian1_depth
#   datatype: float32
#   unit: mag
#   description: Magnitude depth of Gaussian 1 component
#   meta:
#     ucd: src.var.amplitude
# - 
#   name: geom_model_gaussian1_depth_error
#   datatype: float32
#   unit: mag
#   description: "Uncertainty of \\texttt{geomModelGaussian1Depth}"
#   meta:
#     ucd: stat.error;src.var.amplitude
# - 
#   name: geom_model_gaussian2_phase
#   datatype: float32
#   description: Phase of Gaussian 2 component
#   meta:
#     ucd: time.phase
# - 
#   name: geom_model_gaussian2_phase_error
#   datatype: float32
#   description: "Uncertainty of \\texttt{geomModelGaussian2Phase}"
#   meta:
#     ucd: stat.error;time.phase
# - 
#   name: geom_model_gaussian2_sigma
#   datatype: float32
[...]
#   datatype: float32
#   description: "Secondary eclipse: uncertainty of \\texttt{derivedSecondaryEclDuration}"
#   meta:
#     ucd: stat.error;time.duration
# - 
#   name: derived_secondary_ecl_depth
#   datatype: float32
#   unit: mag
#   description: "Secondary eclipse: depth"
#   meta:
#     ucd: src.var.amplitude
# - 
#   name: derived_secondary_ecl_depth_error
#   datatype: float32
#   unit: mag
#   description: "Secondary eclipse: uncertainty of \\texttt{derivedSecondaryEclDepth}"
#   meta:
#     ucd: stat.error;src.var.amplitude
solution_id,source_id,global_ranking,reference_time,frequency,frequency_error,geom_model_reference_level,geom_model_reference_level_error,geom_model_gaussian1_phase,geom_model_gaussian1_phase_error,geom_model_gaussian1_sigma,geom_model_gaussian1_sigma_error,geom_model_gaussian1_depth,geom_model_gaussian1_depth_error,geom_model_gaussian2_phase,geom_model_gaussian2_phase_error,geom_model_gaussian2_sigma,geom_model_gaussian2_sigma_error,geom_model_gaussian2_depth,geom_model_gaussian2_depth_error,geom_model_cosine_half_period_amplitude,geom_model_cosine_half_period_amplitude_error,geom_model_cosine_half_period_phase,geom_model_cosine_half_period_phase_error,model_type,num_model_parameters,reduced_chi2,derived_primary_ecl_phase,derived_primary_ecl_phase_error,derived_primary_ecl_duration,derived_primary_ecl_duration_error,derived_primary_ecl_depth,derived_primary_ecl_depth_error,derived_secondary_ecl_phase,derived_secondary_ecl_phase_error,derived_secondary_ecl_duration,derived_secondary_ecl_duration_error,derived_secondary_ecl_depth,derived_secondary_ecl_depth_error
[from data line 258]
375316653866487564,4113280386860356224,0.5677909,2240.144985481725,2.7400638767266745,1.7609993E-5,17.953169,0.00818346,0.23771684,0.0045477357,0.08523289,0.0057217707,0.30687124,0.00934099,0.75188965,0.003962725,0.07626196,0.0055857315,0.270991,0.009373052,null,null,null,null,"TWOGAUSSIANS",8,4.545898,0.23771684,0.0045477357,0.4,0.0,0.303235,0.008198773,0.75188965,0.003962725,0.4,0.0,0.26735476,0.008215858
375316653866487564,4113282555839652096,0.5124564,2218.5939355330106,0.03975955688895544,1.9829859E-5,17.15061,0.0023748004,0.04169878,0.0014768392,0.010729789,0.0035633359,0.039744787,0.022587499,0.4747381,0.008786282,0.13204749,0.006210483,0.23563981,0.01373455,null,null,null,null,"TWOGAUSSIANS",8,2.923676,0.4747381,0.008786282,0.4,0.0,0.23527683,0.013807511,0.04177878,0.0014699028,0.060086817,0.019954681,0.04049491,0.022570206
375316653866487564,4113282585883043456,0.5359726,2217.797242738142,2.908339260192837,1.5728185E-5,18.300829,0.006940776,0.27230552,0.0036134198,0.090226,0.0063153855,0.16936734,0.0076988903,0.76732635,0.0029804546,0.09426952,0.005683202,0.17864652,0.008377893,null,null,null,null,"TWOGAUSSIANS",8,1.3968204,0.76732635,0.0029804546,0.4,0.0,0.17042704,0.00809422,0.27230552,0.0036134198,0.4,0.0,0.16114807,0.007054633
375316653866487564,4113283552271879680,0.45818526,2229.5718560180735,0.07098036309142863,7.526235E-5,18.22556,0.009641718,0.42708516,0.032034922,0.038883414,0.015995307,0.32967845,0.15464549,0.6569404,0.018062089,0.038253218,0.02109056,0.028647382,0.013979334,0.030381123,0.013805914,0.6569404,0.018062089,"TWOGAUSSIANS_WITH_ELLIPSOIDAL_ON_ECLIPSE2",9,13.619237,0.42753518,0.032534905,0.21774712,0.08957372,0.33066815,0.1540078,0.6569404,0.018062089,0.21421802,0.11810713,0.089409634,0.019623868
375316653866487564,4113283719750713984,0.64392036,2205.146943691525,1.1680610365436654,3.2510243E-6,16.562092,0.0052734613,0.30436048,0.0024743606,0.040855344,0.024309477,0.07219814,0.019206828,0.8028162,0.0031539588,0.05868685,0.004439332,0.1127607,0.01057435,0.08249829,0.0063942154,0.30436048,0.0024743606,"TWOGAUSSIANS_WITH_ELLIPSOIDAL_ON_ECLIPSE1",9,2.826198,0.8032562,0.0018125824,0.32864633,0.02486026,0.27773374,0.0056014634,0.30436048,0.0024743606,0.22878993,0.13613307,0.23718229,0.020350223
375316653866487564,4113284510028594048,0.7107847,2230.7021267015684,0.41445509884390436,3.1817813E-6,16.844307,0.0017623693,0.21505532,0.0035633228,0.024779674,0.005624491,0.13798904,0.036875986,0.7141195,6.739317E-4,0.022946058,5.190685E-4,0.9842464,0.0069261002,0.029205566,0.0024642996,0.21505532,0.0035633228,"TWOGAUSSIANS_WITH_ELLIPSOIDAL_ON_ECLIPSE1",9,2.852447,0.7141195,6.738238E-4,0.12849793,0.0029067837,1.0426555,0.005856063,0.21505532,0.0035633228,0.13876617,0.031497147,0.19640015,0.03849941
375316653866487564,4113287606721041152,0.5524304,2209.8877283308457,0.48776347608314663,6.0645976E-5,14.466635,0.0027424789,0.27266887,0.011781339,0.021772906,0.0093557425,0.025031852,0.01885599,0.777952,0.0016110025,0.027800057,0.001895111,0.26509058,0.01180838,0.007272845,0.0046469895,0.27266887,0.011781339,"TWOGAUSSIANS_WITH_ELLIPSOIDAL_ON_ECLIPSE1",9,57.834793,0.777952,0.0016165242,0.15568031,0.010612622,0.27962026,0.011563212,0.27266887,0.011781339,0.121928275,0.05239216,0.03957753,0.01651959
375316653866487564,4113287606721043200,0.5962701,2202.7284456223,1.8192782489052977,4.662769E-6,17.04263,0.0031162447,0.17515205,0.002476986,0.05689478,0.0019902664,0.30114564,0.0079641715,0.6803962,0.0015614483,0.07390101,0.0034506526,0.15987447,0.0052009844,null,null,null,null,"TWOGAUSSIANS",8,4.5366454,0.17515205,0.002476986,0.31861076,0.011145491,0.30090702,0.007970517,0.6803962,0.0015614483,0.4,0.0,0.15963587,0.0052288426
375316653866487564,4113288427047144064,0.53494155,2226.403634413266,3.684151226702139,1.3989779E-5,18.658104,0.011996351,0.21058291,0.003577425,0.086651236,0.0077686375,0.3299757,0.019330088,0.7152569,0.0034536913,0.09197238,0.005191212,0.32193062,0.014991062,null,null,null,null,"TWOGAUSSIANS",8,3.0379632,0.21058291,0.003577425,0.4,0.0,0.3179426,0.022256149,0.7152569,0.0034536913,0.4,0.0,0.30989727,0.012889509
375316653866487564,4113290110662362752,0.46774206,2241.0813336492592,0.03997577386817359,2.696165E-6,18.892124,0.004729051,0.15782242,0.00562312,0.0066579194,0.0025503535,0.23561133,0.38306576,0.5774158,0.014413891,0.12618795,0.013031377,0.14380619,0.007758642,null,null,null,null,"TWOGAUSSIANS",8,3.0655584,0.15782242,0.005619921,0.03728435,0.01428198,0.23607421,0.38297147,0.5774158,0.014413891,0.4,0.0,0.14369409,0.007740834
375316653866487564,4113290561658826240,0.585765,2236.7510616796203,2.083732062822983,5.2474265E-6,17.863916,0.0066494257,0.29108262,0.0021239016,0.07552521,0.0032197207,0.4939733,0.014980565,0.7962591,0.0020773772,0.07974963,0.004363303,0.38306123,0.021313576,null,null,null,null,"TWOGAUSSIANS",8,6.617644,0.29108262,0.0021239016,0.4,0.0,0.4896194,0.015347216,0.7962591,0.0020773772,0.4,0.0,0.3787073,0.022110417
375316653866487564,4113291042695460096,0.58763987,2247.165198235135,2.4092496406838397,8.521833E-6,17.862555,0.0125931725,0.2921613,0.0012957816,0.082802266,0.004642959,0.31612566,0.009980733,0.80385816,0.0052938326,0.103963204,0.009974069,0.16569252,0.013862877,null,null,null,null,"TWOGAUSSIANS",8,2.6225362,0.2921613,0.0012957816,0.4,0.0,0.3059958,0.007832636,0.80385816,0.0052938326,0.4,0.0,0.15555908,0.011154929
375316653866487564,4113291317559213440,0.42571494,2242.7090753852876,1.5597839035429966,9.81579E-5,19.7075,0.029612914,0.45006523,0.013269211,0.08327001,0.013538187,0.33620673,0.043699265,0.21526177,0.0020300543,0.012311357,0.0062100724,0.12996514,0.25757185,null,null,null,null,"TWOGAUSSIANS",8,9.0869055,0.45006523,0.013269211,0.4,0.0,0.3362067,0.043699294,0.21551177,0.0019013846,0.0689436,0.03477641,0.13630195,0.25812316
375316653866487564,4113291386292850816,0.58840454,2233.8058825980643,2.59246914703363,8.5898155E-6,16.006126,0.007748561,0.2378963,0.008669067,0.0482528,0.006627298,0.23201197,0.046958968,0.7434028,0.0016259786,0.04031325,0.0044902037,0.15918414,0.015639106,0.116854236,0.009553339,0.7434028,0.0016259786,"TWOGAUSSIANS_WITH_ELLIPSOIDAL_ON_ECLIPSE2",9,30.36357,0.2387563,0.0071326722,0.2702157,0.03711287,0.4654842,0.050609358,0.7434028,0.0016259786,0.22575422,0.025145141,0.39289236,0.009524915
375316653866487564,4113291863012927872,0.4820573,2245.6187944889384,3.442140516159456,3.4535733E-5,18.62177,0.017913496,0.21344016,0.0075549344,0.08755904,0.013037006,0.18701547,0.017883632,0.7170812,0.0033664382,0.08192903,0.01233978,0.22886482,0.026902998,null,null,null,null,"TWOGAUSSIANS",8,4.807294,0.7170812,0.0033664382,0.4,0.0,0.22388582,0.028337471,0.21344016,0.0075549344,0.4,0.0,0.18203646,0.01514495
375316653866487564,4113293237402655872,0.48793375,2233.354091904309,0.13319057147154253,1.1995347E-4,18.361233,0.002587664,0.38597754,0.017101008,0.103729784,0.013131144,0.09305205,0.019120123,0.8794849,0.01229969,0.041047323,0.0058071185,0.12951858,0.013683106,null,null,null,null,"TWOGAUSSIANS",8,1.8677007,0.8794849,0.01229969,0.22986501,0.032519862,0.12911776,0.0136300875,0.38597754,0.017101008,0.4,0.0,0.092649475,0.019355852
375316653866487564,4113293306122153216,0.6185873,2233.907229248908,1.5734444168942399,3.8502953E-6,18.297087,0.0016265331,0.22568521,6.292362E-4,0.046588536,0.0020562182,0.15477924,0.011158799,0.7240459,6.243209E-4,0.041133665,0.0011946454,0.3720272,0.0050125956,null,null,null,null,"TWOGAUSSIANS",8,0.621719,0.7240459,6.243209E-4,0.23034851,0.0066900146,0.37202716,0.0050126063,0.22568521,6.292362E-4,0.2608958,0.011514821,0.15477921,0.011158827
375316653866487564,4113293413503366656,0.5225046,2215.4632168419053,2.6697932289261592,1.8953051E-5,19.74776,0.009884271,0.27193448,0.0047046407,0.06255645,0.0036813216,0.5218942,0.044351086,0.7730289,0.0045222463,0.05965569,0.0048909304,0.5636741,0.031480014,null,null,null,null,"TWOGAUSSIANS",8,2.2625663,0.7730289,0.0045222463,0.33407184,0.02738921,0.56343186,0.03151606,0.27193448,0.0047046407,0.35031614,0.0206154,0.521652,0.044400375
375316653866487564,4113293890237665920,0.48067284,2218.4099516290485,0.13322393630533907,5.9449456E-5,18.965647,0.031671423,0.3193173,0.021467673,0.15665981,0.041348133,0.21609594,0.03143131,0.86275053,0.009379537,0.036552627,0.011043268,0.3943614,0.0474754,null,null,null,null,"TWOGAUSSIANS",8,5.5432506,0.8629105,0.009425501,0.20469472,0.061842304,0.3905254,0.046077307,0.3193173,0.021467673,0.4,0.0,0.20863721,0.017340712
375316653866487564,4113294955390297728,0.49399108,2233.5719638988585,0.13310812876317565,2.3672046E-5,18.672823,0.0096645,0.31590438,0.008931488,0.13664567,0.01559817,0.23111077,0.020748911,0.84802264,0.0044687125,0.037960604,0.0030684806,0.42929178,0.058394417,null,null,null,null,"TWOGAUSSIANS",8,4.731639,0.84806263,0.0044729547,0.21257937,0.017183492,0.4258967,0.059021156,0.31590438,0.008931488,0.4,0.0,0.22694008,0.022798253
375316653866487564,4113295715606017408,0.5496224,2236.368147208709,2.8961356308911115,1.1231608E-5,17.979088,0.009715433,0.30103225,0.0030454858,0.078206785,0.0043790187,0.28315178,0.01423075,0.81147987,0.0023456884,0.076181345,0.0035437837,0.33601344,0.015499607,null,null,null,null,"TWOGAUSSIANS",8,4.9155045,0.81147987,0.0023456884,0.4,0.0,0.33340818,0.01536475,0.30103225,0.0030454858,0.4,0.0,0.28054652,0.013998657
375316653866487564,4113296299735125120,0.61524487,2229.040064204663,0.5585093863548714,7.019943E-6,14.578706,9.753145E-4,0.119394965,0.021219963,0.023085995,0.023685524,0.012611033,243.82922,0.6129626,3.1649612E-4,0.022679972,9.123325E-4,0.1486147,0.002310647,0.0043367594,0.0015344953,0.119394965,0.021219963,"TWOGAUSSIANS_WITH_ELLIPSOIDAL_ON_ECLIPSE1",9,7.308634,0.61298263,2.8754823E-4,0.12700784,0.005109062,0.1572741,0.0022379921,0.119394965,0.021219963,0.12928157,0.13263893,0.021284552,243.82921
375316653866487564,4113298120787901312,0.50737584,2208.9756627625165,2.8870374791921605,1.558929E-5,19.21312,0.0033063309,null,null,null,null,null,null,null,null,null,null,null,null,0.090720326,0.0042747855,0.23496602,0.005396834,"ELLIPSOIDAL",4,1.9773583,null,null,null,null,null,null,null,null,null,null,null,null
375316653866487564,4113299490874681472,0.4771187,2218.0568593362477,3.27513152334427,2.0706619E-5,19.2872,0.0040739425,null,null,null,null,null,null,null,null,null,null,null,null,0.11255234,0.0060088104,0.20636901,0.0039311713,"ELLIPSOIDAL",4,2.1613333,null,null,null,null,null,null,null,null,null,null,null,null
375316653866487564,4113299800112379392,0.6592948,2227.5093766860687,3.3545312990229554,6.9164125E-6,17.777565,0.0059516993,0.24298474,9.994829E-4,0.047929738,0.0023386376,0.27152812,0.015406724,0.7483274,0.0042334464,0.045742527,0.0030971363,0.29749167,0.0156248715,0.11662232,0.008662922,0.24298474,9.994829E-4,"TWOGAUSSIANS_WITH_ELLIPSOIDAL_ON_ECLIPSE1",9,2.9796562,0.7483274,0.0042334464,0.25615814,0.017343964,0.53047305,0.0077139963,0.24298474,9.994829E-4,0.2684065,0.01309637,0.50477225,0.008651386
375316653866487564,4113299804418937216,0.4859628,2237.7723691300394,3.507813282411533,3.3463995E-5,19.864887,0.023346951,0.26412076,0.009048042,0.08538702,0.0101110395,0.30266476,0.03870969,0.7681017,0.0071928054,0.095731005,0.012686945,0.29270118,0.026018944,null,null,null,null,"TWOGAUSSIANS",8,2.160226,0.26412076,0.009048042,0.4,0.0,0.290304,0.036649816,0.7681017,0.0071928054,0.4,0.0,0.28033975,0.02419155
375316653866487564,4113300968343689856,0.58195716,2238.681355426944,2.5878417201713666,1.6309656E-5,18.426075,0.015647244,0.25289476,0.003416197,0.093638614,0.0050457288,0.37480327,0.018343607,0.755007,0.0031620562,0.10228556,0.0063372287,0.35288447,0.015290056,null,null,null,null,"TWOGAUSSIANS",8,2.4645312,0.25289476,0.003416197,0.4,0.0,0.34762192,0.014232576,0.755007,0.0031620562,0.4,0.0,0.325699,0.010323539
375316653866487564,4113301934734244224,0.5724969,2210.67824056303,1.6209258679449006,1.7176482E-5,16.610037,0.0023532205,0.25667906,0.0019490726,0.06809567,0.002955805,0.16265433,0.0033012396,0.75695527,0.0053591495,0.07024294,0.0050312835,0.0930021,0.003469601,null,null,null,null,"TWOGAUSSIANS",8,4.0433803,0.25667906,0.0019490726,0.38133574,0.016552508,0.16230136,0.0032655778,0.75695527,0.0053591495,0.39336047,0.025166117,0.09264914,0.003439494
375316653866487564,4113303442240012928,0.58309215,2218.517728509282,2.691547849529856,1.4923606E-5,18.319798,0.010014726,0.20097177,0.004756671,0.09034006,0.0076196906,0.21131502,0.014492447,0.6923034,0.001489079,0.08922994,0.0029106396,0.41883633,0.010059389,null,null,null,null,"TWOGAUSSIANS",8,2.3628953,0.6923034,0.001489079,0.4,0.0,0.40818456,0.0074713435,0.20097177,0.004756671,0.4,0.0,0.20066328,0.01444039
375316653866487564,4113304305556852480,0.5487962,2244.423925419082,2.2080006532209357,1.2994209E-5,18.924059,0.008338383,0.26738122,0.0016157196,0.056010384,0.002159181,0.40142596,0.012853633,0.76686484,0.006545812,0.057625715,0.008751767,0.32453734,0.021979403,null,null,null,null,"TWOGAUSSIANS",8,2.7125707,0.26738122,0.0016157196,0.31365815,0.012091414,0.4013818,0.012831744,0.76686484,0.006545812,0.32270402,0.049009893,0.3244932,0.022021161
375316653866487564,4113305194588889984,0.49208382,2240.6039371997977,0.03979575194157176,8.2840634E-5,19.00487,0.010992414,0.14946435,0.009000953,0.029210243,0.009524272,0.049448024,0.02287705,0.58896035,0.013905304,0.17125075,0.015730018,0.19685204,0.019324148,null,null,null,null,"TWOGAUSSIANS",8,2.993212,0.58896035,0.013905304,0.4,0.0,0.19025211,0.019771937,0.15109436,0.007748659,0.16357736,0.053335924,0.05116214,0.02413234
375316653866487564,4113306676378261632,0.5808881,2221.4741827522885,2.507103463617864,1.0176999E-5,15.922876,0.30805433,0.22757044,0.0022062003,0.18515104,0.10789763,0.22496708,0.30397698,0.72507393,0.002539613,0.14088973,0.033472057,0.2656088,0.23284301,null,null,null,null,"TWOGAUSSIANS",8,3.109282,0.72507393,0.002539613,0.4,0.0,0.13359527,0.003600282,0.22781044,0.0021075907,0.4,0.0,0.08219006,0.0025217875
375316653866487564,4113307427974879744,0.48189795,2238.063003414172,0.13311756361698035,3.2371838E-5,18.034512,0.008493767,0.25414774,0.0049910634,0.034271277,0.0045018042,0.32615483,0.033529337,0.6647776,0.04536451,0.066554524,0.0617081,0.17511778,0.046110053,null,null,null,null,"TWOGAUSSIANS",8,6.3941274,0.25414774,0.004992751,0.19191916,0.025210103,0.32615483,0.033522017,0.6647776,0.04536451,0.37270534,0.07623835,0.17511776,0.046289843
375316653866487564,4113307977725577728,0.48072386,2221.3996849760124,3.4528590161728663,2.585671E-5,18.95909,0.018819006,0.28921023,0.0079887435,0.09717072,0.018846149,0.18097213,0.015538484,0.79849464,0.0066209296,0.092532426,0.012074249,0.17131025,0.019799022,null,null,null,null,"TWOGAUSSIANS",8,1.9930547,0.28921023,0.0079887435,0.4,0.0,0.17138128,0.013034339,0.79849464,0.0066210916,0.4,0.0,0.16171993,0.013431226
375316653866487564,4113308012084297984,0.5278742,2230.6322888610816,2.8038816455156628,9.473419E-6,14.534702,0.0056767743,0.28222564,0.003280416,0.045135096,0.005011852,0.23408824,0.020785384,0.78193384,0.008438423,0.03577161,0.006475417,0.10198967,0.028285233,0.04952229,0.0074494444,0.28222564,0.003280416,"TWOGAUSSIANS_WITH_ELLIPSOIDAL_ON_ECLIPSE1",9,243.19345,0.28222564,0.003280416,0.25275654,0.028066372,0.33313262,0.019982487,0.7819639,0.008057524,0.200321,0.036262333,0.20103374,0.02488949
375316653866487564,4113308252602182144,0.49875385,2202.3085503821267,3.3112405436238843,3.6355825E-5,16.964642,0.049823344,0.25566888,0.006475515,0.12317062,0.027044477,0.19557022,0.04359373,0.7563544,0.004667178,0.112672724,0.01934329,0.21307077,0.047216732,null,null,null,null,"TWOGAUSSIANS",8,16.34325,0.7563544,0.0046901554,0.4,0.0,0.17046185,0.008068887,0.25566888,0.0064831404,0.4,0.0,0.15288058,0.011870193
