Gaia/vari_eclipsing_binary/VariEclipsingBinary_465112-465136.csv
# %ECSV 1.0
# ---
# delimiter: ','
# meta: !!omap
# - RELEASE: Gaia DR3
# - TABLE: vari_eclipsing_binary
# - DESCRIPTION: >
#     This table describes the properties of the eclipsing binaries resulting from the variability analysis. 
# - CITATION: >
#     How to cite and acknowledge Gaia: 
#     https://gea.esac.esa.int/archive/documentation/credits.html 
# - KNOWN_ISSUES: >
#     Known issues: 
#     https://www.cosmos.esa.int/web/gaia-users/known-issues 
# - DOCUMENTATION: >
#     Tutorials and documentation: 
#     https://www.cosmos.esa.int/web/gaia-users/archive 
# datatype:
# - 
#   name: solution_id
#   datatype: int64
#   description: Solution Identifier
#   meta:
#     ucd: meta.version
# - 
#   name: source_id
#   datatype: int64
#   description: Unique source identifier
#   meta:
#     ucd: meta.id;meta.main
# - 
#   name: global_ranking
#   datatype: float32
#   description: Number between 0 (worst) and 1 (best)
#   meta:
#     ucd: stat.param
# - 
#   name: reference_time
#   datatype: float64
#   unit: d
#   description: Reference time used for the geometric model fit
#   meta:
#     ucd: time.epoch
# - 
#   name: frequency
#   datatype: float64
#   unit: d**-1
#   description: Frequency of geometric model of the eclipsing binary light curve
#   meta:
#     ucd: src.orbital
# - 
#   name: frequency_error
#   datatype: float32
#   unit: d**-1
#   description: "Uncertainty of \\texttt{frequency}"
#   meta:
#     ucd: stat.error
# - 
#   name: geom_model_reference_level
#   datatype: float32
#   unit: mag
#   description: Magnitude reference level of geometric model
#   meta:
#     ucd: phot.mag;em.opt
# - 
#   name: geom_model_reference_level_error
#   datatype: float32
#   unit: mag
#   description: "Uncertainty of \\texttt{geomModelReferenceLevel}"
#   meta:
#     ucd: stat.error;phot.mag;em.opt
# - 
#   name: geom_model_gaussian1_phase
#   datatype: float32
#   description: Phase of the Gaussian 1 component
#   meta:
#     ucd: time.phase
# - 
#   name: geom_model_gaussian1_phase_error
#   datatype: float32
#   description: "Uncertainty of \\texttt{geomModelGaussian1Phase}"
#   meta:
#     ucd: stat.error;time.phase
# - 
#   name: geom_model_gaussian1_sigma
#   datatype: float32
#   description: "Standard deviation [phase] of Gaussian 1 component"
#   meta:
#     ucd: stat.stdev
# - 
#   name: geom_model_gaussian1_sigma_error
#   datatype: float32
#   description: "Uncertainty of \\texttt{geomModelGaussian1Sigma}"
#   meta:
#     ucd: stat.error
# - 
#   name: geom_model_gaussian1_depth
#   datatype: float32
#   unit: mag
#   description: Magnitude depth of Gaussian 1 component
#   meta:
#     ucd: src.var.amplitude
# - 
#   name: geom_model_gaussian1_depth_error
#   datatype: float32
#   unit: mag
#   description: "Uncertainty of \\texttt{geomModelGaussian1Depth}"
#   meta:
#     ucd: stat.error;src.var.amplitude
# - 
#   name: geom_model_gaussian2_phase
#   datatype: float32
#   description: Phase of Gaussian 2 component
#   meta:
#     ucd: time.phase
# - 
#   name: geom_model_gaussian2_phase_error
#   datatype: float32
#   description: "Uncertainty of \\texttt{geomModelGaussian2Phase}"
#   meta:
#     ucd: stat.error;time.phase
# - 
#   name: geom_model_gaussian2_sigma
#   datatype: float32
[...]
#   datatype: float32
#   description: "Secondary eclipse: uncertainty of \\texttt{derivedSecondaryEclDuration}"
#   meta:
#     ucd: stat.error;time.duration
# - 
#   name: derived_secondary_ecl_depth
#   datatype: float32
#   unit: mag
#   description: "Secondary eclipse: depth"
#   meta:
#     ucd: src.var.amplitude
# - 
#   name: derived_secondary_ecl_depth_error
#   datatype: float32
#   unit: mag
#   description: "Secondary eclipse: uncertainty of \\texttt{derivedSecondaryEclDepth}"
#   meta:
#     ucd: stat.error;src.var.amplitude
solution_id,source_id,global_ranking,reference_time,frequency,frequency_error,geom_model_reference_level,geom_model_reference_level_error,geom_model_gaussian1_phase,geom_model_gaussian1_phase_error,geom_model_gaussian1_sigma,geom_model_gaussian1_sigma_error,geom_model_gaussian1_depth,geom_model_gaussian1_depth_error,geom_model_gaussian2_phase,geom_model_gaussian2_phase_error,geom_model_gaussian2_sigma,geom_model_gaussian2_sigma_error,geom_model_gaussian2_depth,geom_model_gaussian2_depth_error,geom_model_cosine_half_period_amplitude,geom_model_cosine_half_period_amplitude_error,geom_model_cosine_half_period_phase,geom_model_cosine_half_period_phase_error,model_type,num_model_parameters,reduced_chi2,derived_primary_ecl_phase,derived_primary_ecl_phase_error,derived_primary_ecl_duration,derived_primary_ecl_duration_error,derived_primary_ecl_depth,derived_primary_ecl_depth_error,derived_secondary_ecl_phase,derived_secondary_ecl_phase_error,derived_secondary_ecl_duration,derived_secondary_ecl_duration_error,derived_secondary_ecl_depth,derived_secondary_ecl_depth_error
[from data line 75]
375316653866487564,4091177282648824832,0.4720502,2211.509287701046,0.525334364124609,3.3375793E-5,19.212505,0.104196236,0.14679646,0.009512233,0.07174971,0.016969984,0.31058112,0.075557135,0.696262,0.007186836,0.17103651,0.05062901,0.27160633,0.101945326,null,null,null,null,"TWOGAUSSIANS",8,1.1937944,0.14505646,0.0074334666,0.4,0.07110829,0.28129065,0.058243163,0.696262,0.007186836,0.4,0.0,0.23221202,0.035894398
375316653866487564,4091177317008630144,0.5250873,2210.93437136765,0.43542302725165233,2.2335418E-5,18.20814,0.0067137815,0.39497092,0.042744536,0.054233335,0.02213493,0.1356605,0.04048729,0.85642076,0.0055600004,0.047104225,0.012002752,0.1274083,0.015725227,null,null,null,null,"TWOGAUSSIANS",8,2.0317602,0.39497092,0.042744536,0.30370668,0.12395561,0.1356603,0.04048387,0.85642076,0.0055600004,0.26378366,0.06721541,0.1274081,0.015729837
375316653866487564,4091177385704004224,0.5125029,2219.9574233262633,0.4023247748677224,1.785174E-5,19.523354,0.047374792,0.26332244,0.010650711,0.037787277,0.007929862,0.34543696,0.08973215,0.71700895,0.023690887,0.1024208,0.034738682,0.4264169,0.091580495,null,null,null,null,"TWOGAUSSIANS",8,1.8789402,0.71700895,0.023690887,0.4,0.0,0.4260541,0.09547112,0.26332244,0.010653225,0.21160874,0.044407222,0.3450978,0.088620186
375316653866487564,4091177694966975488,0.49963024,2259.990568131642,0.28234690237288085,2.459796E-5,19.185982,0.007928324,0.39501083,0.00494927,0.058877807,0.0060502985,0.20214881,0.01066764,0.80990267,0.007988901,0.08238268,0.012813425,0.18169448,0.016225604,null,null,null,null,"TWOGAUSSIANS",8,2.3891375,0.39501083,0.00494927,0.32971573,0.03388167,0.20207898,0.010639211,0.80990267,0.007988901,0.4,0.0,0.18162408,0.016255176
375316653866487564,4091177832315528320,0.57330936,2299.2756272708684,1.1945647884441835,2.519708E-5,16.559238,0.0032183062,0.25418,0.006710229,0.058715843,0.013741256,0.07719997,0.0121207815,0.768505,0.0053833476,0.05823072,0.004567566,0.2572326,0.044668116,null,null,null,null,"TWOGAUSSIANS",8,6.866212,0.768505,0.0053833476,0.32609203,0.025578368,0.25721502,0.04467662,0.25418,0.006710229,0.32880872,0.076951034,0.077182405,0.012149674
375316653866487564,4091178008463332864,0.45027575,2333.760348567868,1.9691887130325407,1.0357452E-4,18.386875,0.3858009,0.31431994,0.015429149,0.08504707,0.03739768,0.35218897,0.24433948,0.8186434,0.021449732,0.15546006,0.19924131,0.17561622,0.37830892,null,null,null,null,"TWOGAUSSIANS",8,12.209259,0.31424993,0.015592919,0.4,0.04738464,0.30880195,0.07464617,0.8186434,0.021450778,0.4,0.093842104,0.1302296,0.060718264
375316653866487564,4091178283341301632,0.4921343,2301.217295934868,0.34224242369997915,2.4043114E-4,19.450682,0.07606859,0.15712574,0.009284346,0.06741787,0.030250655,0.19435674,0.062214203,0.63382596,0.038774617,0.124124736,0.111698076,0.17582342,0.058254365,null,null,null,null,"TWOGAUSSIANS",8,1.9482138,0.15718575,0.008436859,0.37754005,0.13265541,0.18621969,0.052481316,0.63382596,0.038774617,0.4,0.05680806,0.16755177,0.025220301
375316653866487564,4091178897491095424,0.5145174,2288.6562659911683,1.6926669126778726,2.701727E-5,16.700512,0.014585882,0.17608377,0.006436558,0.088181175,0.01770489,0.097855866,0.013238998,0.67156327,0.008157456,0.09995995,0.013627389,0.12439734,0.015620521,null,null,null,null,"TWOGAUSSIANS",8,7.865138,0.67156327,0.008157456,0.4,0.0,0.118308775,0.0101054665,0.17608377,0.0064418577,0.4,0.0,0.09176823,0.0079453215
375316653866487564,4091179344236194176,0.49766392,2234.046634874053,2.755634680178231,7.530869E-5,19.337753,0.012790775,0.47116056,0.0117988335,0.0970287,0.02688472,0.33579567,0.09336299,0.7794728,0.037130088,0.091895916,0.03112746,0.12060815,0.023286294,null,null,null,null,"TWOGAUSSIANS",8,3.9669633,0.47161058,0.011243702,0.4,0.0,0.33573645,0.09506708,0.7794728,0.037130088,0.4,0.0,0.12226748,0.02259129
375316653866487564,4091179451572262016,0.51517504,2288.1905251379917,0.7390285355456125,2.9592857E-5,16.754988,0.1266143,0.26997325,0.006710314,0.10838237,0.024930242,0.34383458,0.11780997,0.76333874,0.009170647,0.125551,0.037753616,0.3190676,0.11793046,null,null,null,null,"TWOGAUSSIANS",8,18.528027,0.27002326,0.006826925,0.4,0.0,0.28103456,0.020978546,0.76333874,0.009170647,0.4,0.0,0.25605023,0.031391695
375316653866487564,4091179584694724992,0.48380703,2287.5306144429237,1.2034977482773115,2.0672484E-5,19.063602,0.038110137,null,null,null,null,null,null,null,null,null,null,null,null,0.16859178,0.019825272,0.14312284,0.020870944,"ELLIPSOIDAL",4,8.74626,null,null,null,null,null,null,null,null,null,null,null,null
375316653866487564,4091179859572631168,0.4760189,2302.5398888254617,0.4410167180728418,6.572743E-5,19.097574,0.054540265,0.24939981,0.020475086,0.10739079,0.050549526,0.22464775,0.061144706,0.7621609,0.013219729,0.05809721,0.03270871,0.20636518,0.043236353,null,null,null,null,"TWOGAUSSIANS",8,4.4665704,0.24939981,0.020475086,0.4,0.0,0.22122973,0.064567454,0.7621609,0.013242994,0.32534435,0.18316877,0.2029573,0.037232358
375316653866487564,4091179863889257344,0.50749546,2295.3405034873836,0.3423041186378078,8.567886E-5,18.86073,0.046230625,0.16578372,0.009659711,0.08105691,0.0142477155,0.35991758,0.06328823,0.63995254,0.015631061,0.114595726,0.029132346,0.3394287,0.044042364,null,null,null,null,"TWOGAUSSIANS",8,4.654559,0.16582371,0.009624929,0.4,0.0,0.3415381,0.056526978,0.63995254,0.015631061,0.4,0.0,0.3209751,0.022228966
375316653866487564,4091180031407636480,0.49167317,2279.987428335535,2.238804988713515,2.1241005E-5,19.16123,0.062216245,0.2496405,0.004732979,0.09031411,0.011101829,0.7055351,0.048896853,0.75512475,0.008110721,0.1057268,0.022440918,0.40338844,0.0603333,null,null,null,null,"TWOGAUSSIANS",8,2.1482341,0.2496405,0.004733399,0.4,0.0,0.6685027,0.037305176,0.75512475,0.008110721,0.4,0.0,0.3663448,0.03160703
375316653866487564,4091180374960917120,0.56930894,2286.0127959073325,2.7845408973440193,1.700652E-5,18.359627,0.012680923,0.17608003,0.0063108024,0.073947236,0.0059739514,0.6649842,0.04691499,0.68950593,0.0021428505,0.06748746,0.0050358204,0.53427136,0.04405659,null,null,null,null,"TWOGAUSSIANS",8,6.3821797,0.17608003,0.0063108024,0.4,0.0,0.6633378,0.04722972,0.68950593,0.0021428505,0.3779298,0.028200593,0.53262496,0.044773974
375316653866487564,4091180619777623424,0.51790434,2328.083600357486,0.9499675102081049,2.042745E-4,19.681879,0.008288976,0.25453895,0.018070748,0.055467322,0.037985917,0.18515441,0.032057535,0.7362562,0.010755054,0.046024557,0.008485346,0.39663458,0.054361336,null,null,null,null,"TWOGAUSSIANS",8,3.5745666,0.7362562,0.010755054,0.25773752,0.04751794,0.39663345,0.054348033,0.25453895,0.018070748,0.310617,0.119726785,0.18515329,0.032227345
375316653866487564,4091180688497007360,0.42488793,2295.1198080540744,0.6521973496355528,1.8164295E-5,18.806503,0.022832355,0.982273,1.1962801E-4,0.005204367,3.5677676E-4,0.08594513,0.01591056,0.5975641,0.029528169,0.18079343,0.04632227,0.11259872,0.023205722,null,null,null,null,"TWOGAUSSIANS",8,3.1821594,0.5975641,0.029528169,0.4,0.0,0.107681446,0.016177263,0.982233,1.15105526E-4,0.029144455,0.0019979498,0.09307772,0.018723952
375316653866487564,4091180722882833024,0.5659146,2307.7665750937335,2.6419611739094613,1.7106202E-5,18.376717,0.040468037,0.21183008,0.008436087,0.10900934,0.0148639865,0.43141344,0.060693827,0.70807153,0.0017606313,0.099176385,0.007854763,0.436022,0.037546594,null,null,null,null,"TWOGAUSSIANS",8,3.8692715,0.70807153,0.0017606313,0.4,0.0,0.3896931,0.01110042,0.21183008,0.008436087,0.4,0.0,0.38506362,0.056049444
375316653866487564,4091181066480185728,0.47640935,2337.9592494446433,0.0802008636509157,5.3730775E-5,18.801947,0.028905695,0.0222036,0.00961127,0.015686398,0.0070494935,0.18094955,0.046964686,0.59125257,0.013329179,0.09871974,0.02784826,0.25773558,0.045755956,null,null,null,null,"TWOGAUSSIANS",8,3.0173695,0.59125257,0.013329179,0.4,0.0,0.25773367,0.04577446,0.0222036,0.009610655,0.087843835,0.039477166,0.18096642,0.047012378
375316653866487564,4091181066480189056,0.52262974,2323.098741012028,0.7533056506426564,3.3909993E-5,17.861403,0.007887378,0.22693902,4.129761E-4,0.014833542,0.0010351249,0.49123594,0.08984119,0.62260455,0.08513524,0.04728727,0.11983411,0.02099553,0.0072414945,null,null,null,null,"TWOGAUSSIANS",8,1.43071,0.22693902,4.1123314E-4,0.083067834,0.0057966993,0.49123594,0.089572005,0.62260455,0.08513524,0.2648087,0.23304863,0.02099553,0.007268159
375316653866487564,4091181199578084480,0.5770016,2271.4573382346066,1.092834474922224,1.9231125E-5,16.79803,0.0032015338,0.22509429,0.042698674,0.057330813,0.061019678,0.13262567,10.794191,0.7195293,0.008586623,0.059502713,0.012060278,0.18186393,0.027473517,null,null,null,null,"TWOGAUSSIANS",8,4.960548,0.7195293,0.008586623,0.33321518,0.06753755,0.18183719,0.027503114,0.22509429,0.042698674,0.32105255,0.3417102,0.13259894,10.79423
375316653866487564,4091181375717904512,0.48340696,2370.273441500811,1.4240304958737517,4.2823976E-5,19.663113,0.16584907,0.1832194,0.07722607,0.11351031,0.096812926,0.3543912,0.1902543,0.5092073,0.20535351,0.1721442,0.18676327,0.25243467,0.10830522,null,null,null,null,"TWOGAUSSIANS",8,2.1852992,0.20293939,0.046892304,0.4,0.0,0.36617386,0.110360384,0.5092073,0.20535351,0.4,0.1487212,0.22332802,0.10977282
375316653866487564,4091181543168202368,0.49647227,2317.9707158165584,2.5590037299942456,2.7138727E-5,18.158648,0.012913851,0.32088298,0.01495765,0.0898323,0.011679041,0.21451831,0.03980538,0.8223449,0.008823004,0.08087607,0.008859569,0.18377994,0.026080936,null,null,null,null,"TWOGAUSSIANS",8,6.9341803,0.32088298,0.01495765,0.4,0.0,0.20919393,0.03818861,0.8223449,0.008823004,0.4,0.0,0.17845564,0.02376317
375316653866487564,4091181921124779264,0.48486766,2283.8404768829887,2.9811593896962565,3.9564144E-5,18.937767,0.033935823,0.26566315,0.008304136,0.08493782,0.011755844,0.29661888,0.033590335,0.7059521,0.026549755,0.12401245,0.021745926,0.28556752,0.09245637,null,null,null,null,"TWOGAUSSIANS",8,4.830548,0.26602313,0.008046972,0.4,0.0,0.28144255,0.01685609,0.7059521,0.026549755,0.4,0.0,0.26985517,0.08718802
375316653866487564,4091181955575963392,0.48538798,2363.9109613914043,0.38623309919529997,2.9778916E-5,19.938725,0.023190213,0.14712806,9.7433035E-4,0.032942045,0.0028089243,0.40955803,0.055972017,0.70173323,0.027562434,0.05295238,0.032211218,0.1483647,0.16454668,null,null,null,null,"TWOGAUSSIANS",8,1.7749485,0.14712806,9.7433035E-4,0.18447547,0.015729975,0.40955803,0.055972017,0.70173323,0.027562434,0.29653332,0.18038282,0.1483647,0.16454668
375316653866487564,4091181959833070848,0.46812353,2345.114605118304,1.7958534692036263,3.0770476E-5,19.63833,0.040766373,0.280101,0.010041379,0.09865356,0.022453053,0.13666265,0.045456972,0.5793922,0.0063344883,0.06663284,0.016975025,0.3600394,0.108312555,null,null,null,null,"TWOGAUSSIANS",8,2.4490147,0.5793922,0.0063344883,0.37314388,0.050921477,0.36136162,0.11043198,0.280171,0.009648164,0.4,0.0,0.13662867,0.045270268
375316653866487564,4091182058655305728,0.53521204,2288.441051755122,0.44112623888437175,9.156397E-5,18.793549,0.018631853,0.48217142,0.010562608,0.092121705,0.015813509,0.30230206,0.017967673,0.9964451,0.9318029,0.069369465,0.009731945,0.27964872,0.035097517,null,null,null,null,"TWOGAUSSIANS",8,3.0330684,0.48217142,0.010562608,0.4,0.0,0.29866937,0.015287522,0.9964451,0.9318029,0.388469,0.054270696,0.27601635,0.03461364
375316653866487564,4091182161665844096,0.51481164,2317.760896794663,2.3665684939047513,3.043675E-5,18.77782,0.37361923,0.29016575,0.010551386,0.13150804,0.06949027,0.3549297,0.36843568,0.78656256,0.004721324,0.10281303,0.04185789,0.34815338,0.31797647,null,null,null,null,"TWOGAUSSIANS",8,4.791917,0.29016575,0.010605987,0.4,0.0,0.2856773,0.0343562,0.78656256,0.0051493905,0.4,0.0,0.2794139,0.032503836
375316653866487564,4091182165991985280,0.5163682,2303.295793922106,1.162101719816776,1.0480232E-4,17.086502,0.0075825662,0.32558352,2.9416857E-4,0.025313692,0.001757394,0.1394362,0.0070084287,0.85512346,0.048963603,0.030527163,0.09230039,0.11336152,0.076197185,null,null,null,null,"TWOGAUSSIANS",8,4.2790914,0.32558352,2.9416857E-4,0.14175668,0.009841407,0.1394362,0.0068532787,0.85512346,0.048963603,0.17095211,0.21679436,0.11336152,0.07640692
375316653866487564,4091182333527160448,0.52204263,2334.268895612032,1.2817070659980494,7.7477176E-5,19.408567,0.028559513,0.89235264,0.011047741,0.07341844,0.023663748,0.11422435,0.02710369,0.70905197,0.0067460923,0.01840949,0.0096466895,2.430102,570.1958,null,null,null,null,"TWOGAUSSIANS",8,1.65456,0.709072,0.0067188526,0.10309315,0.054021463,2.435165,570.1969,0.89235264,0.011047741,0.4,0.07762524,0.11422435,0.027103689
375316653866487564,4091182333527198976,0.5249902,2250.856098177183,2.1819981009131406,3.1780564E-5,19.362871,0.052971344,0.24117613,0.0042957906,0.098049365,0.017632592,0.32880294,0.047835022,0.7604273,0.06795197,0.10718478,0.099852294,0.28952792,2735.269,null,null,null,null,"TWOGAUSSIANS",8,2.6065114,0.24116613,0.004297029,0.4,0.0,0.3038009,0.01969366,0.7604273,0.06795177,0.4,0.2836951,0.26451343,2735.2927
375316653866487564,4091182505240549504,0.52234876,2334.512063888479,2.5273292245692467,1.7859758E-5,17.855146,0.022429515,0.79867387,0.004738708,0.028136468,0.014736122,0.22208248,0.08253201,null,null,null,null,null,null,0.27009386,0.046105225,0.79867387,0.004738708,"ONEGAUSSIAN_WITH_ELLIPSOIDAL",6,60.871872,0.79867387,0.004738708,0.15756422,0.08252228,0.76226985,0.07732656,null,null,null,null,null,null
375316653866487564,4091182642712347392,0.51311284,2314.942430168661,0.5820446236721415,3.3449684E-5,19.485802,0.105762,0.14800772,0.017319804,0.086023405,0.018088385,0.19457923,0.05634404,0.5433866,0.018854719,0.16433962,0.052382063,0.3296042,0.099982835,null,null,null,null,"TWOGAUSSIANS",8,1.4759235,0.5433866,0.018854719,0.4,0.0,0.30092257,0.030135488,0.15949772,0.011268936,0.4,0.0,0.18598951,0.022655822
375316653866487564,4091182677125294336,0.5354067,2320.75153086489,3.414303951288687,4.8362108E-5,18.936066,0.021960944,0.28333932,0.007860966,0.0771643,0.01131341,0.32634583,0.05129078,0.7843489,0.007999509,0.08471185,0.019886931,0.32007948,0.088383205,null,null,null,null,"TWOGAUSSIANS",8,3.5465698,0.28333932,0.007860966,0.4,0.0029625588,0.32097936,0.053627167,0.7843489,0.007999509,0.4,0.0,0.314713,0.094349585
375316653866487564,4091182750107069056,0.5327119,2318.7463909169483,1.239782800720345,2.4455476E-5,18.186329,0.013298439,0.21199842,0.0037535466,0.085283004,0.005376526,0.30828208,0.016309284,0.7259048,0.013831697,0.07424456,0.015471413,0.19059277,0.021510905,null,null,null,null,"TWOGAUSSIANS",8,6.444376,0.21199842,0.0037535466,0.4,0.0,0.305543,0.015011711,0.7259048,0.013831697,0.4,0.048432063,0.18785374,0.021340463
375316653866487564,4091183020721469440,0.57883054,2286.7419700974447,0.09973253348863076,2.7315735E-5,19.23107,0.00643271,0.2914294,1.6446188E-4,0.011466953,5.4856826E-4,0.06570167,0.004515155,0.627266,0.008367824,0.13653824,0.011995418,0.26026675,0.01525814,null,null,null,null,"TWOGAUSSIANS",8,0.39321598,0.627266,0.008367824,0.4,0.0,0.25962925,0.015502521,0.2918894,1.790397E-5,0.06421494,0.0030719824,0.077756956,0.0058019427
375316653866487564,4091183158160520192,0.58300143,2245.9388291053756,0.4411555830464845,1.8267421E-5,19.281796,0.017643297,0.24234724,0.012999149,0.09964343,0.017076492,0.2839384,0.02670852,0.7365963,0.0038699333,0.054079402,0.006779135,0.5101271,0.016685612,null,null,null,null,"TWOGAUSSIANS",8,1.7422067,0.7365963,0.0038699333,0.30284464,0.037963156,0.507198,0.020531425,0.24234724,0.012999149,0.4,0.0,0.2810072,0.026924841
375316653866487564,4091183192457463168,0.55648863,2249.8646971820517,2.4235153942920435,1.832836E-5,18.837221,0.011793095,0.2849536,0.008387339,0.056685712,0.0092317,0.43680474,0.08503996,0.77953243,0.0035374274,0.05649789,0.0031670325,0.45166615,0.025179803,null,null,null,null,"TWOGAUSSIANS",8,6.2723355,0.77953243,0.0035374274,0.3163882,0.017735383,0.4516246,0.025182229,0.2849536,0.008387339,0.31744,0.05169752,0.4367632,0.085079536
