Gaia/vari_eclipsing_binary/VariEclipsingBinary_250300-250414.csv
# %ECSV 1.0
# ---
# delimiter: ','
# meta: !!omap
# - RELEASE: Gaia DR3
# - TABLE: vari_eclipsing_binary
# - DESCRIPTION: >
#     This table describes the properties of the eclipsing binaries resulting from the variability analysis. 
# - CITATION: >
#     How to cite and acknowledge Gaia: 
#     https://gea.esac.esa.int/archive/documentation/credits.html 
# - KNOWN_ISSUES: >
#     Known issues: 
#     https://www.cosmos.esa.int/web/gaia-users/known-issues 
# - DOCUMENTATION: >
#     Tutorials and documentation: 
#     https://www.cosmos.esa.int/web/gaia-users/archive 
# datatype:
# - 
#   name: solution_id
#   datatype: int64
#   description: Solution Identifier
#   meta:
#     ucd: meta.version
# - 
#   name: source_id
#   datatype: int64
#   description: Unique source identifier
#   meta:
#     ucd: meta.id;meta.main
# - 
#   name: global_ranking
#   datatype: float32
#   description: Number between 0 (worst) and 1 (best)
#   meta:
#     ucd: stat.param
# - 
#   name: reference_time
#   datatype: float64
#   unit: d
#   description: Reference time used for the geometric model fit
#   meta:
#     ucd: time.epoch
# - 
#   name: frequency
#   datatype: float64
#   unit: d**-1
#   description: Frequency of geometric model of the eclipsing binary light curve
#   meta:
#     ucd: src.orbital
# - 
#   name: frequency_error
#   datatype: float32
#   unit: d**-1
#   description: "Uncertainty of \\texttt{frequency}"
#   meta:
#     ucd: stat.error
# - 
#   name: geom_model_reference_level
#   datatype: float32
#   unit: mag
#   description: Magnitude reference level of geometric model
#   meta:
#     ucd: phot.mag;em.opt
# - 
#   name: geom_model_reference_level_error
#   datatype: float32
#   unit: mag
#   description: "Uncertainty of \\texttt{geomModelReferenceLevel}"
#   meta:
#     ucd: stat.error;phot.mag;em.opt
# - 
#   name: geom_model_gaussian1_phase
#   datatype: float32
#   description: Phase of the Gaussian 1 component
#   meta:
#     ucd: time.phase
# - 
#   name: geom_model_gaussian1_phase_error
#   datatype: float32
#   description: "Uncertainty of \\texttt{geomModelGaussian1Phase}"
#   meta:
#     ucd: stat.error;time.phase
# - 
#   name: geom_model_gaussian1_sigma
#   datatype: float32
#   description: "Standard deviation [phase] of Gaussian 1 component"
#   meta:
#     ucd: stat.stdev
# - 
#   name: geom_model_gaussian1_sigma_error
#   datatype: float32
#   description: "Uncertainty of \\texttt{geomModelGaussian1Sigma}"
#   meta:
#     ucd: stat.error
# - 
#   name: geom_model_gaussian1_depth
#   datatype: float32
#   unit: mag
#   description: Magnitude depth of Gaussian 1 component
#   meta:
#     ucd: src.var.amplitude
# - 
#   name: geom_model_gaussian1_depth_error
#   datatype: float32
#   unit: mag
#   description: "Uncertainty of \\texttt{geomModelGaussian1Depth}"
#   meta:
#     ucd: stat.error;src.var.amplitude
# - 
#   name: geom_model_gaussian2_phase
#   datatype: float32
#   description: Phase of Gaussian 2 component
#   meta:
#     ucd: time.phase
# - 
#   name: geom_model_gaussian2_phase_error
#   datatype: float32
#   description: "Uncertainty of \\texttt{geomModelGaussian2Phase}"
#   meta:
#     ucd: stat.error;time.phase
# - 
#   name: geom_model_gaussian2_sigma
#   datatype: float32
[...]
#   datatype: float32
#   description: "Secondary eclipse: uncertainty of \\texttt{derivedSecondaryEclDuration}"
#   meta:
#     ucd: stat.error;time.duration
# - 
#   name: derived_secondary_ecl_depth
#   datatype: float32
#   unit: mag
#   description: "Secondary eclipse: depth"
#   meta:
#     ucd: src.var.amplitude
# - 
#   name: derived_secondary_ecl_depth_error
#   datatype: float32
#   unit: mag
#   description: "Secondary eclipse: uncertainty of \\texttt{derivedSecondaryEclDepth}"
#   meta:
#     ucd: stat.error;src.var.amplitude
solution_id,source_id,global_ranking,reference_time,frequency,frequency_error,geom_model_reference_level,geom_model_reference_level_error,geom_model_gaussian1_phase,geom_model_gaussian1_phase_error,geom_model_gaussian1_sigma,geom_model_gaussian1_sigma_error,geom_model_gaussian1_depth,geom_model_gaussian1_depth_error,geom_model_gaussian2_phase,geom_model_gaussian2_phase_error,geom_model_gaussian2_sigma,geom_model_gaussian2_sigma_error,geom_model_gaussian2_depth,geom_model_gaussian2_depth_error,geom_model_cosine_half_period_amplitude,geom_model_cosine_half_period_amplitude_error,geom_model_cosine_half_period_phase,geom_model_cosine_half_period_phase_error,model_type,num_model_parameters,reduced_chi2,derived_primary_ecl_phase,derived_primary_ecl_phase_error,derived_primary_ecl_duration,derived_primary_ecl_duration_error,derived_primary_ecl_depth,derived_primary_ecl_depth_error,derived_secondary_ecl_phase,derived_secondary_ecl_phase_error,derived_secondary_ecl_duration,derived_secondary_ecl_duration_error,derived_secondary_ecl_depth,derived_secondary_ecl_depth_error
[from data line 110]
375316653866487564,2201792551690696064,0.5662887,2156.7922927018058,0.8356133562347748,7.77008E-6,17.91379,0.027272485,0.33661935,0.05108823,0.21344723,0.122785054,0.039654393,0.02758966,0.70420504,0.0013423167,0.01491545,0.001320294,0.6006591,0.0152299795,null,null,null,null,"TWOGAUSSIANS",8,15.2293,0.70420504,0.0013423167,0.083526514,0.007393646,0.60504967,0.015670035,0.33661935,0.05108823,0.4,0.0,0.034553412,0.011788088
375316653866487564,2201794815128605056,0.60499114,2189.682592034621,0.7020376136346993,4.0426994E-6,18.126112,0.003854647,0.2151251,7.269459E-4,0.036881253,9.622397E-4,0.3703484,0.006311573,0.71263075,0.004432111,0.0376671,0.002013045,0.34532905,0.020576166,null,null,null,null,"TWOGAUSSIANS",8,2.9861376,0.2151251,7.269459E-4,0.20653501,0.0053885425,0.3703484,0.006311573,0.71263075,0.004432111,0.21093577,0.011273052,0.34532905,0.020576166
375316653866487564,2201795742841574656,0.45915702,2167.2548851917427,0.8163235768376375,6.36134E-5,18.458546,0.008201246,0.37915602,0.023635192,0.120442815,0.022552818,0.063506044,0.023732144,0.8514223,0.0033896337,0.008309213,0.0011721747,1.548197,0.58622056,null,null,null,null,"TWOGAUSSIANS",8,13.092343,0.8514223,0.0033896337,0.046531595,0.0065641785,1.5482029,0.5862216,0.37915602,0.023635192,0.4,0.0,0.06347845,0.02373656
375316653866487564,2201796017721123712,0.49955302,2153.087527348756,0.27236578069310946,1.0495721E-6,19.972403,0.0059392937,0.15143266,2.9242196E-4,0.01226234,5.7515485E-4,0.41317108,0.01371832,0.4871141,9.60551E-6,0.005547254,5.0296792E-5,3.1521492,0.06403674,null,null,null,null,"TWOGAUSSIANS",8,1.7098125,0.4871141,9.60551E-6,0.031064622,2.8166204E-4,3.1521492,0.06403674,0.15143266,2.9242196E-4,0.0686691,0.0032208671,0.41317108,0.01371832
375316653866487564,2201798530279794560,0.52662593,2187.2444097803564,3.8477598004934452,1.0290391E-5,19.426497,0.013225222,0.32435128,0.003457202,0.07109623,0.008014126,0.4495602,0.044154905,0.8296956,0.002850409,0.07007268,0.0037504379,0.40761364,0.0152949,null,null,null,null,"TWOGAUSSIANS",8,2.2264907,0.32435128,0.003457202,0.39813888,0.022721155,0.44814742,0.045161955,0.8296956,0.002850409,0.392407,0.020776512,0.40620086,0.014763565
375316653866487564,2201800626229217408,0.5884159,2155.98547515105,2.908619149513903,8.756785E-6,18.285404,0.012302895,0.28244552,0.002870261,0.0688675,0.006145069,0.43351465,0.034954637,0.7703461,0.0032062824,0.06956774,0.003981149,0.5085947,0.01657705,null,null,null,null,"TWOGAUSSIANS",8,4.6075463,0.7703461,0.0032062824,0.38957933,0.022294434,0.50759155,0.016359055,0.28244552,0.002870261,0.38565797,0.02547752,0.43251154,0.035416283
375316653866487564,2201801377839320704,0.54450095,2172.980278700747,0.27114848208229503,9.361779E-5,19.646965,0.007253199,0.5562963,0.017956804,0.015642833,0.010562322,0.734768,5.9977055,0.740359,0.06756197,0.095311925,0.029375887,0.02238807,0.015044295,null,null,null,null,"TWOGAUSSIANS",8,1.9389359,0.5563163,0.017983131,0.087599866,0.059149005,0.7382376,5.9970846,0.740359,0.06756197,0.4,0.0,0.022388024,0.015044299
375316653866487564,2201802103692484224,0.40481395,2212.940568617147,0.8628092039175922,4.05825E-5,19.032393,0.017093692,0.31644213,0.016088264,0.08294785,0.04631265,0.104003884,0.18364331,0.8321117,0.013139317,0.06549585,0.019322146,0.08949963,0.02377922,null,null,null,null,"TWOGAUSSIANS",8,9.328224,0.31644213,0.016088264,0.4,0.18606663,0.10354063,0.18401724,0.8321117,0.013139317,0.36677673,0.10342687,0.089036375,0.023444869
375316653866487564,2201802786588876288,0.54331195,2191.3239522082476,0.7687219797972543,1.6599179E-5,17.603369,0.0013866794,0.5598839,0.0032767283,0.056104455,0.0028482734,0.19633216,0.011183606,0.7496593,0.022016212,0.048254404,0.039940834,0.015410242,0.0097365,null,null,null,null,"TWOGAUSSIANS",8,1.8743753,0.5598939,0.0032545817,0.31418496,0.01595033,0.1963389,0.011197681,0.7496593,0.022016212,0.27022466,0.22366868,0.016053652,0.009936435
375316653866487564,2201805844604779520,0.4625537,2190.43135351963,0.3188312873974354,1.8150791E-5,18.882612,0.009937894,0.21456139,0.008134962,0.0149434805,0.0052952557,2.1109781,50.705326,0.4995185,0.023985159,0.026791679,0.014926738,0.453714,0.35137257,0.03458084,0.017379379,0.21456139,0.008134962,"TWOGAUSSIANS_WITH_ELLIPSOIDAL_ON_ECLIPSE1",9,17.387297,0.21456139,0.008134962,0.08368349,0.029653432,2.1801393,50.712063,0.4998085,0.028839778,0.1500334,0.08358973,0.45702404,0.34546635
375316653866487564,2201809143139906176,0.52997893,2143.5485420950226,2.3208451190455475,4.931451E-5,19.518106,0.017010491,0.31657052,0.0068712407,0.07716219,0.009509642,0.41457766,0.036525123,0.7926854,0.0067478963,0.07385625,0.005992704,0.4066022,0.027567774,null,null,null,null,"TWOGAUSSIANS",8,2.6506991,0.31657052,0.0068712407,0.4,0.0,0.41257665,0.037958022,0.7926854,0.0067478963,0.4,0.010278952,0.4046012,0.026623474
375316653866487564,2201810934151321216,0.5420754,2199.690232515069,3.363585810504812,1.0990676E-5,17.092443,0.0030731417,0.23248534,0.0025721693,0.041631706,0.0055610156,0.061268263,0.010647216,0.7336121,0.010245236,0.045926034,0.009268262,0.06783759,0.011113634,0.031228019,0.005089361,0.23248534,0.0025721693,"TWOGAUSSIANS_WITH_ELLIPSOIDAL_ON_ECLIPSE1",9,3.406819,0.7336121,0.009603175,0.2571858,0.05190227,0.13029048,0.008452608,0.23248534,0.0025721693,0.23313755,0.031141687,0.12372428,0.008206091
375316653866487564,2201812652138311680,0.50015116,2215.286472147089,2.13532496379655,1.0769981E-5,17.54936,0.023044456,0.24874884,0.0043408223,0.106653266,0.019702608,0.11768066,0.019396424,0.7554969,0.006890894,0.11382425,0.02411777,0.10715077,0.020575562,null,null,null,null,"TWOGAUSSIANS",8,2.8253655,0.24873883,0.0043395245,0.4,0.0,0.10173443,0.007159677,0.75550693,0.006909367,0.4,0.0,0.0911944,0.0045836605
375316653866487564,2201813747345269504,0.5521918,2189.5714485452368,1.3502805540719944,1.1611092E-5,18.657991,0.0052504637,0.25050366,0.0051774997,0.059649114,0.0045507755,0.36449066,0.01917066,0.74592763,0.0026732397,0.06306964,0.0031471949,0.35889784,0.026739562,null,null,null,null,"TWOGAUSSIANS",8,3.9461493,0.25050366,0.0051774997,0.33403504,0.025484342,0.36433643,0.019199478,0.74592763,0.0026732397,0.35319,0.01762429,0.3587436,0.026772354
375316653866487564,2201813786009652224,0.68543094,2220.543897157033,0.4121358281922453,1.1508255E-5,16.724316,0.0035661242,0.2315869,0.0014455463,0.039305117,0.0020311014,0.3090364,0.007745025,0.73166037,7.0006674E-4,0.03773296,8.5988734E-4,0.4947144,0.010060264,0.037590947,0.004362249,0.2315869,0.0014455463,"TWOGAUSSIANS_WITH_ELLIPSOIDAL_ON_ECLIPSE1",9,3.26833,0.73166037,6.9109915E-4,0.21130458,0.004815369,0.5698962,0.00527444,0.2315869,0.0014455463,0.22010864,0.011374168,0.38421825,0.0035911724
375316653866487564,2201815499692103680,0.46694994,2168.0688182593594,3.365582162374841,1.1558274E-5,18.188787,0.004099129,null,null,null,null,null,null,null,null,null,null,null,null,0.08692202,0.0074576056,0.2418854,0.0042555747,"ELLIPSOIDAL",4,8.437477,null,null,null,null,null,null,null,null,null,null,null,null
375316653866487564,2201815980728565632,0.64432305,2186.6353186641177,3.080984252263196,2.4983665E-6,17.9231,0.009946747,0.21806258,0.0014921005,0.049845133,0.0031459522,0.36887988,0.028558847,0.7141879,0.004210984,0.050245292,0.0062941294,0.44439548,0.0273687,0.1153734,0.015318218,0.21806258,0.0014921005,"TWOGAUSSIANS_WITH_ELLIPSOIDAL_ON_ECLIPSE1",9,4.6634626,0.71454793,0.0037413316,0.28137362,0.035247125,0.67501575,0.022493366,0.21806258,0.0014921005,0.27913275,0.017617332,0.5996241,0.020232987
375316653866487564,2201816702282825984,0.44874054,2199.0515967433316,0.1313917942045909,2.97235E-6,17.803617,0.007860804,0.15416814,0.008929087,0.011562068,0.0033936664,0.61373377,0.26520175,0.78032297,0.034651347,0.030597376,0.012873261,0.026657542,0.015537785,0.028115,0.010308915,0.15416814,0.008929087,"TWOGAUSSIANS_WITH_ELLIPSOIDAL_ON_ECLIPSE1",9,31.791855,0.15416814,0.008929087,0.06474758,0.019004531,0.66996366,0.26605472,0.78032297,0.034651347,0.17134531,0.07209027,0.054364435,0.024148867
375316653866487564,2201818007953114624,0.5484573,2198.2546094003346,1.2269798743605458,1.6219275E-5,19.262274,0.0046346467,0.21160376,0.0077061797,0.029610546,0.0041756555,0.45770875,0.04506985,0.72425574,0.015891476,0.020315923,0.010171687,0.2752713,0.28427753,null,null,null,null,"TWOGAUSSIANS",8,1.6326617,0.21160376,0.0077061797,0.16581906,0.023383671,0.45770875,0.04506985,0.72425574,0.015891476,0.113769166,0.056961447,0.2752713,0.28427753
375316653866487564,2201819798960058240,0.49059305,2155.616038236738,3.6106171727185528,2.4993584E-5,19.792103,0.04580877,0.25196087,0.008059738,0.10209296,0.021309027,0.39689612,0.042682443,0.72167754,0.0055324985,0.09848977,0.011232988,0.444361,0.04509547,null,null,null,null,"TWOGAUSSIANS",8,3.3072352,0.72167754,0.0055324985,0.4,0.0,0.418912,0.025207674,0.2519709,0.008069567,0.4,0.0,0.37144187,0.044879958
375316653866487564,2201825674478967680,0.52178216,2221.696858254886,1.150252605671467,2.4085559E-5,16.678904,0.0033872845,0.28901428,0.003458448,0.025192339,0.007185352,0.14934216,0.014872004,0.7899544,0.004502627,0.02295474,0.013586862,0.06525863,0.011739245,0.02004899,0.0065826126,0.28901428,0.003458448,"TWOGAUSSIANS_WITH_ELLIPSOIDAL_ON_ECLIPSE1",9,11.492318,0.28901428,0.003458448,0.1410771,0.04023797,0.18944015,0.019777756,0.7899544,0.0044362447,0.12854655,0.076086424,0.10535521,0.016077723
375316653866487564,2201828629412427520,0.5997439,2235.620473103608,1.458742322591163,4.599181E-6,17.84385,0.002547722,0.1448238,9.135829E-4,0.048874993,0.001658928,0.35783967,0.009391875,null,null,null,null,null,null,0.11488662,0.0062147803,0.1448238,9.135829E-4,"ONEGAUSSIAN_WITH_ELLIPSOIDAL",6,5.162074,0.1448238,9.135829E-4,0.27369997,0.009289997,0.5876121,0.009801658,null,null,null,null,null,null
375316653866487564,2201829690264201216,0.5356258,2156.513626070564,1.5120102224961376,5.1031057E-6,18.271805,0.015735235,0.28060457,0.0033773407,0.08603042,0.0061211144,0.33283037,0.013561659,0.785852,0.006905338,0.12066223,0.014225719,0.14642034,0.016162824,null,null,null,null,"TWOGAUSSIANS",8,2.2957492,0.2805946,0.0033749163,0.4,0.0,0.31303555,0.008534541,0.785852,0.006905338,0.4,0.0,0.12657003,0.0063310345
375316653866487564,2201832335964359552,0.4962065,2164.786876709606,2.9458634784139446,1.7154729E-5,19.25355,0.035974097,0.24777146,0.0055223247,0.07787948,0.012612675,0.26638767,0.031529017,0.74417984,0.017827123,0.09035904,0.027315557,0.2490691,0.029088417,null,null,null,null,"TWOGAUSSIANS",8,2.5751228,0.24777146,0.0055159885,0.4,0.0,0.26058367,0.019462125,0.74417984,0.017827123,0.4,0.0,0.24326496,0.01876518
375316653866487564,2201835089047232512,0.4683419,2216.863036769065,0.31639806882943833,2.7953276E-5,13.796257,0.0089011695,0.28104284,0.007274045,0.095215455,0.02207193,0.042898048,0.008195412,0.7430994,0.07750393,0.052786708,0.07264606,0.018243345,0.017045356,null,null,null,null,"TWOGAUSSIANS",8,33.657642,0.28104284,0.007272338,0.4,0.0,0.04281602,0.002461484,0.7430994,0.07750393,0.29560557,0.17717603,0.018161653,0.0150501905
375316653866487564,2201835634499322368,0.54138374,2196.736876626529,2.6726571916921107,1.3421937E-5,19.026407,0.010470691,0.25471914,0.0035927917,0.063475676,0.0045730253,0.4102731,0.034708366,0.75400686,0.004920788,0.07934868,0.0046678013,0.46077073,0.019115828,null,null,null,null,"TWOGAUSSIANS",8,4.0592036,0.75400686,0.004920788,0.4,0.0,0.45890647,0.018939635,0.25471914,0.0035927917,0.3554638,0.025608942,0.40840885,0.0349431
375316653866487564,2201835737578552448,0.47224563,2192.6197552264116,2.824606509425017,3.773642E-5,19.430164,0.008959624,0.28869066,0.0060708146,0.058804665,0.006918384,0.2133761,0.014314651,0.8196836,0.02896439,0.055500805,0.019093586,0.36612168,0.08588806,null,null,null,null,"TWOGAUSSIANS",8,4.2228394,0.8196836,0.02896439,0.31080452,0.10692409,0.36611027,0.086162,0.28869066,0.0060708146,0.32930613,0.038742952,0.21336469,0.014301043
375316653866487564,2201836188558902144,0.5042919,2198.939025619575,1.006523057507825,1.6613558E-5,17.719599,0.0041488307,0.25006756,0.003728517,0.059145454,0.07326812,0.020093828,0.036333546,null,null,null,null,null,null,0.04124577,0.0051802895,0.25006756,0.003728517,"ONEGAUSSIAN_WITH_ELLIPSOIDAL",6,1.7668176,0.25006756,0.003728517,0.33121455,0.39031354,0.102582715,0.04371575,null,null,null,null,null,null
375316653866487564,2201836222918652288,0.48463166,2157.262869000021,0.7782760927781746,2.617667E-6,17.990953,0.0017800397,0.34391814,0.0043502073,0.037023716,0.0073440885,0.271518,0.2636542,0.74926287,0.011802155,0.041632835,0.01249905,0.014786165,0.058372352,null,null,null,null,"TWOGAUSSIANS",8,2.418215,0.34391814,0.0043502073,0.2073328,0.041126896,0.271518,0.2636542,0.74926287,0.011802155,0.23314388,0.06999468,0.014786165,0.058372352
375316653866487564,2201836738315423616,0.476098,2217.46162185789,0.2541373116477721,1.9590001E-5,13.453071,4.1562997E-4,0.33739907,0.0016859913,0.01367974,0.0020476345,0.021474509,0.0016718742,0.7737773,0.0025575906,0.01651409,0.0040869345,0.072640195,0.0406712,null,null,null,null,"TWOGAUSSIANS",8,7.883966,0.7737773,0.0025575906,0.09247891,0.022886833,0.072640195,0.0406712,0.33739907,0.0016859913,0.07660654,0.011466753,0.021474509,0.0016718742
375316653866487564,2201838318858148480,0.53245693,2230.3893698681145,0.31361102867765506,3.0369298E-5,17.217808,0.005686837,0.691854,0.008072505,0.027395146,0.010110122,0.7625769,2.9182668,null,null,null,null,null,null,0.025053158,0.007610471,0.691854,0.008072505,"ONEGAUSSIAN_WITH_ELLIPSOIDAL",6,11.18416,0.691854,0.008072505,0.15341282,0.056616683,0.81268317,2.923325,null,null,null,null,null,null
375316653866487564,2201839109132117120,0.5154876,2227.3849440714744,0.4127762981373658,1.8137447E-5,16.704855,0.0022711356,0.4287046,0.0018054259,0.02382766,0.0014798079,0.15705477,0.02056731,0.74032634,0.06605083,0.0816089,0.020753836,0.017411847,0.00852141,null,null,null,null,"TWOGAUSSIANS",8,8.825396,0.4287046,0.0018157047,0.13343489,0.008286924,0.15706664,0.02046584,0.74032634,0.06605083,0.4,0.0,0.017411847,0.00852142
375316653866487564,2201840277363248896,0.64944893,2179.947745950533,1.4108763649370513,1.96142E-5,15.864914,6.6262484E-4,0.56553197,0.0046128468,0.011484492,0.0060695317,0.020994823,68.37911,0.31529748,0.0011211138,0.018116036,0.001229027,0.3852626,0.007925112,null,null,null,null,"TWOGAUSSIANS",8,3.720118,0.31529748,0.0011211138,0.10144981,0.0068825516,0.3852626,0.007925112,0.56553197,0.0046128468,0.06431315,0.033989377,0.020994823,68.37911
375316653866487564,2201840857180724352,0.6554364,2175.427420668677,1.952263421778295,2.72013E-6,17.049866,0.0035852178,0.24165271,8.5878524E-4,0.050626215,0.0032545582,0.107724845,0.009205571,0.73849833,0.0054336563,0.047760468,0.006441422,0.0913656,0.009141928,0.0956955,0.0052724564,0.24165271,8.5878524E-4,"TWOGAUSSIANS_WITH_ELLIPSOIDAL_ON_ECLIPSE1",9,2.0651443,0.24165271,8.5878524E-4,0.2835068,0.018225526,0.29911494,0.0043739146,0.7393583,0.0039962423,0.26745862,0.03607196,0.2827011,0.006740574
375316653866487564,2201841583033263360,0.4976912,2175.704736429063,0.9077144825809081,1.9436831E-5,14.341826,0.005189032,0.32556376,0.0070055705,0.04448477,0.007051662,0.17305562,0.016876467,0.80556357,0.004486239,0.058008157,0.0058391313,0.1270357,0.011123617,null,null,null,null,"TWOGAUSSIANS",8,77.36613,0.32556376,0.0070055705,0.2491147,0.039489307,0.17305487,0.016876627,0.80556357,0.004486239,0.32484567,0.032699138,0.12703496,0.011123857
