Gaia/vari_eclipsing_binary/VariEclipsingBinary_160280-161702.csv
# %ECSV 1.0
# ---
# delimiter: ','
# meta: !!omap
# - RELEASE: Gaia DR3
# - TABLE: vari_eclipsing_binary
# - DESCRIPTION: >
#     This table describes the properties of the eclipsing binaries resulting from the variability analysis. 
# - CITATION: >
#     How to cite and acknowledge Gaia: 
#     https://gea.esac.esa.int/archive/documentation/credits.html 
# - KNOWN_ISSUES: >
#     Known issues: 
#     https://www.cosmos.esa.int/web/gaia-users/known-issues 
# - DOCUMENTATION: >
#     Tutorials and documentation: 
#     https://www.cosmos.esa.int/web/gaia-users/archive 
# datatype:
# - 
#   name: solution_id
#   datatype: int64
#   description: Solution Identifier
#   meta:
#     ucd: meta.version
# - 
#   name: source_id
#   datatype: int64
#   description: Unique source identifier
#   meta:
#     ucd: meta.id;meta.main
# - 
#   name: global_ranking
#   datatype: float32
#   description: Number between 0 (worst) and 1 (best)
#   meta:
#     ucd: stat.param
# - 
#   name: reference_time
#   datatype: float64
#   unit: d
#   description: Reference time used for the geometric model fit
#   meta:
#     ucd: time.epoch
# - 
#   name: frequency
#   datatype: float64
#   unit: d**-1
#   description: Frequency of geometric model of the eclipsing binary light curve
#   meta:
#     ucd: src.orbital
# - 
#   name: frequency_error
#   datatype: float32
#   unit: d**-1
#   description: "Uncertainty of \\texttt{frequency}"
#   meta:
#     ucd: stat.error
# - 
#   name: geom_model_reference_level
#   datatype: float32
#   unit: mag
#   description: Magnitude reference level of geometric model
#   meta:
#     ucd: phot.mag;em.opt
# - 
#   name: geom_model_reference_level_error
#   datatype: float32
#   unit: mag
#   description: "Uncertainty of \\texttt{geomModelReferenceLevel}"
#   meta:
#     ucd: stat.error;phot.mag;em.opt
# - 
#   name: geom_model_gaussian1_phase
#   datatype: float32
#   description: Phase of the Gaussian 1 component
#   meta:
#     ucd: time.phase
# - 
#   name: geom_model_gaussian1_phase_error
#   datatype: float32
#   description: "Uncertainty of \\texttt{geomModelGaussian1Phase}"
#   meta:
#     ucd: stat.error;time.phase
# - 
#   name: geom_model_gaussian1_sigma
#   datatype: float32
#   description: "Standard deviation [phase] of Gaussian 1 component"
#   meta:
#     ucd: stat.stdev
# - 
#   name: geom_model_gaussian1_sigma_error
#   datatype: float32
#   description: "Uncertainty of \\texttt{geomModelGaussian1Sigma}"
#   meta:
#     ucd: stat.error
# - 
#   name: geom_model_gaussian1_depth
#   datatype: float32
#   unit: mag
#   description: Magnitude depth of Gaussian 1 component
#   meta:
#     ucd: src.var.amplitude
# - 
#   name: geom_model_gaussian1_depth_error
#   datatype: float32
#   unit: mag
#   description: "Uncertainty of \\texttt{geomModelGaussian1Depth}"
#   meta:
#     ucd: stat.error;src.var.amplitude
# - 
#   name: geom_model_gaussian2_phase
#   datatype: float32
#   description: Phase of Gaussian 2 component
#   meta:
#     ucd: time.phase
# - 
#   name: geom_model_gaussian2_phase_error
#   datatype: float32
#   description: "Uncertainty of \\texttt{geomModelGaussian2Phase}"
#   meta:
#     ucd: stat.error;time.phase
# - 
#   name: geom_model_gaussian2_sigma
#   datatype: float32
[...]
#   datatype: float32
#   description: "Secondary eclipse: uncertainty of \\texttt{derivedSecondaryEclDuration}"
#   meta:
#     ucd: stat.error;time.duration
# - 
#   name: derived_secondary_ecl_depth
#   datatype: float32
#   unit: mag
#   description: "Secondary eclipse: depth"
#   meta:
#     ucd: src.var.amplitude
# - 
#   name: derived_secondary_ecl_depth_error
#   datatype: float32
#   unit: mag
#   description: "Secondary eclipse: uncertainty of \\texttt{derivedSecondaryEclDepth}"
#   meta:
#     ucd: stat.error;src.var.amplitude
solution_id,source_id,global_ranking,reference_time,frequency,frequency_error,geom_model_reference_level,geom_model_reference_level_error,geom_model_gaussian1_phase,geom_model_gaussian1_phase_error,geom_model_gaussian1_sigma,geom_model_gaussian1_sigma_error,geom_model_gaussian1_depth,geom_model_gaussian1_depth_error,geom_model_gaussian2_phase,geom_model_gaussian2_phase_error,geom_model_gaussian2_sigma,geom_model_gaussian2_sigma_error,geom_model_gaussian2_depth,geom_model_gaussian2_depth_error,geom_model_cosine_half_period_amplitude,geom_model_cosine_half_period_amplitude_error,geom_model_cosine_half_period_phase,geom_model_cosine_half_period_phase_error,model_type,num_model_parameters,reduced_chi2,derived_primary_ecl_phase,derived_primary_ecl_phase_error,derived_primary_ecl_duration,derived_primary_ecl_duration_error,derived_primary_ecl_depth,derived_primary_ecl_depth_error,derived_secondary_ecl_phase,derived_secondary_ecl_phase_error,derived_secondary_ecl_duration,derived_secondary_ecl_duration_error,derived_secondary_ecl_depth,derived_secondary_ecl_depth_error
[from data line 216]
375316653866487564,1417852512107824640,0.66085696,2229.252184557835,3.919929770790562,2.919526E-6,15.08585,0.008249551,0.16479178,8.7015034E-4,0.04507936,0.0016669967,0.4913047,0.023053864,0.6647064,0.0024352595,0.05099808,0.0024436803,0.4494346,0.025216857,0.11732599,0.013794688,0.16479178,8.7015034E-4,"TWOGAUSSIANS_WITH_ELLIPSOIDAL_ON_ECLIPSE1",9,64.292175,0.16479178,8.7015034E-4,0.25244442,0.009335182,0.72595376,0.0164367,0.6647164,0.0023466272,0.28558925,0.01368461,0.68408364,0.022563085
375316653866487564,1417894018671959296,0.5713681,2229.3169837889777,2.5995673894384175,1.0633581E-5,13.377239,0.007497427,0.32665074,0.0021671567,0.050095458,0.0072180456,0.10312865,0.032035112,0.84243554,0.006082392,0.03415621,0.012253953,0.14982104,0.12160603,0.12425229,0.011091507,0.32665074,0.0021671567,"TWOGAUSSIANS_WITH_ELLIPSOIDAL_ON_ECLIPSE1",9,361.03323,0.84243554,0.006082392,0.19127479,0.06862214,0.39588878,0.123596914,0.32665074,0.0021671567,0.28053457,0.040421054,0.35163277,0.024217604
375316653866487564,1417898034464939520,0.5647718,2230.5354315698096,3.6383731229731957,1.0489257E-5,16.756252,0.023505654,0.23696385,0.0047299475,0.05326139,0.0076719695,0.2847758,0.06177901,0.7268064,0.004693648,0.059644084,0.006879593,0.32973334,0.055674523,0.058296904,0.033734046,0.23696385,0.0047299475,"TWOGAUSSIANS_WITH_ELLIPSOIDAL_ON_ECLIPSE1",9,34.729683,0.7277264,0.003875123,0.33400688,0.03852572,0.44586655,0.022566088,0.23696385,0.0047299475,0.2982638,0.042963028,0.40134057,0.029628025
375316653866487564,1417907036716513408,0.5183212,2199.0765798600546,1.4641180956922073,5.323059E-5,17.07409,0.004929477,0.30068478,0.004586266,0.023324072,0.0027656546,0.6379696,0.15457901,0.79407775,0.0058288598,0.027806506,0.00808138,0.1484128,0.019068224,null,null,null,null,"TWOGAUSSIANS",8,35.059177,0.30068478,0.004586266,0.1306148,0.015487665,0.6379696,0.15457901,0.79407775,0.0058288598,0.15571643,0.04525573,0.1484128,0.019068224
375316653866487564,1417932329779989248,0.70862037,2226.022166624931,1.6740738617306596,4.7999447E-6,15.734785,0.0015243985,0.20888092,2.2283256E-4,0.043303315,2.9716972E-4,0.51845765,0.0036363814,0.71158755,0.006118733,0.055419877,0.0050908034,0.089178436,0.0049316436,null,null,null,null,"TWOGAUSSIANS",8,3.7577085,0.20888092,2.2283256E-4,0.24249858,0.0016641505,0.51845676,0.0036362656,0.71158755,0.006118733,0.3103513,0.0285085,0.08917755,0.004932009
375316653866487564,1417937861697693056,0.56533253,2247.248307303097,0.15598729518426574,1.0620695E-6,16.563128,0.0014436172,0.44303492,0.0022686806,0.027793461,0.0018079395,0.2067341,0.0073931273,0.17277674,1.0303213E-5,0.00111116,3.2433294E-5,0.15434176,0.009842017,null,null,null,null,"TWOGAUSSIANS",8,3.7801883,0.44303492,0.0022686806,0.15564339,0.010124461,0.2067341,0.0073931273,0.17277674,1.0303213E-5,0.0062224963,1.8162644E-4,0.15434176,0.009842017
375316653866487564,1417972221436131456,0.5297108,2215.3017605026903,2.896918677030682,1.9450918E-5,15.495937,0.08633048,0.35861406,0.004792312,0.13038823,0.033284266,0.16552326,0.08359199,0.87133473,0.0060297158,0.1092662,0.047816526,0.114666134,0.075299054,null,null,null,null,"TWOGAUSSIANS",8,20.585049,0.35860407,0.004610224,0.4,0.0,0.13727766,0.0064173113,0.8715647,0.0054505197,0.4,0.0,0.08663954,0.011449542
375316653866487564,1418007165290001024,0.587023,2191.799068470201,4.95748158144234,1.4816306E-5,15.625886,0.016879631,0.25656682,0.012651932,0.05317306,0.017010557,0.17918728,0.036435053,0.76703316,0.0031436395,0.047052395,0.011471446,0.13513212,0.027804688,0.10833368,0.017640866,0.76703316,0.0031436395,"TWOGAUSSIANS_WITH_ELLIPSOIDAL_ON_ECLIPSE2",9,71.72141,0.25878683,0.008537728,0.29776913,0.095259115,0.3951142,0.01953743,0.76703316,0.0031436395,0.2634934,0.0642401,0.3517963,0.013650431
375316653866487564,1418070524647690240,0.582658,2178.426481983219,1.9175264104399417,7.247855E-6,13.478125,0.0754937,0.2366421,0.0044080634,0.10969907,0.011005448,0.3732581,0.07255429,0.76981294,0.004859886,0.13108252,0.028375892,0.32193118,0.06167957,null,null,null,null,"TWOGAUSSIANS",8,82.12345,0.2362221,0.0035296602,0.4,0.0,0.31500378,0.013559599,0.769893,0.0047451765,0.4,0.0,0.2630712,0.02319645
375316653866487564,1418077946351008256,0.6072759,2202.971171454979,3.8916871934643753,1.0616834E-5,15.775019,0.030141754,0.21132357,0.003725699,0.056672793,0.014798566,0.13139006,0.06560638,0.7035657,0.0025930528,0.06018532,0.015406091,0.24321373,0.05086521,0.09580975,0.034601625,0.21132357,0.003725699,"TWOGAUSSIANS_WITH_ELLIPSOIDAL_ON_ECLIPSE1",9,53.38543,0.70499575,0.0017994738,0.3370378,0.08627411,0.4344273,0.02121397,0.21132357,0.003725699,0.31736764,0.082871966,0.322975,0.013931088
375316653866487564,1418110519383031552,0.5141175,2212.8008967231617,1.1817361297951843,1.5614427E-5,19.612638,0.0076236906,0.1198551,9.063273E-4,0.017605422,7.633197E-4,0.55991524,0.019833231,0.632556,0.032289553,0.11769965,0.077282205,0.038143396,0.021143459,null,null,null,null,"TWOGAUSSIANS",8,1.9162229,0.1198551,9.063273E-4,0.09859036,0.0042745904,0.5598685,0.01977493,0.632556,0.032289553,0.4,0.0,0.03808657,0.021401275
375316653866487564,1418146764611215616,0.43537167,2214.0061520039026,0.6458537360940027,5.4928976E-5,18.011957,0.15763338,0.3096194,0.030118592,0.21503922,0.19570398,0.09293789,0.14405186,0.72812974,0.011985549,0.029037097,0.011416283,0.1236095,0.05934191,null,null,null,null,"TWOGAUSSIANS",8,8.764565,0.72812974,0.011985549,0.16260774,0.06393119,0.12704156,0.060949653,0.3096194,0.030118592,0.4,0.0,0.07998659,0.014822204
375316653866487564,1418155255762408064,0.63364667,2210.947497118394,3.365242296053576,4.5856304E-6,16.171942,0.017561907,0.23263179,0.002538522,0.042445,0.011233249,0.44942763,0.35461628,0.7352385,0.0011252938,0.051664338,0.002843856,0.55298114,0.043215565,0.113042325,0.028031204,0.23263179,0.002538522,"TWOGAUSSIANS_WITH_ELLIPSOIDAL_ON_ECLIPSE1",9,42.967373,0.7352385,0.0011252938,0.2893203,0.015925594,0.7790014,0.015717288,0.23263179,0.002538522,0.237692,0.06290619,0.67550856,0.37103316
375316653866487564,1418165284510307456,0.57605594,2244.6804586280923,1.5712145459234341,1.4343603E-5,18.881428,0.0022678599,0.49054602,2.483724E-4,0.0041323425,2.2794638E-4,0.64360964,0.01458764,0.74041253,0.02288134,0.0174889,0.01264658,0.056291763,14.659144,0.0034489126,0.003743368,0.74041253,0.02288134,"TWOGAUSSIANS_WITH_ELLIPSOIDAL_ON_ECLIPSE2",9,2.2307606,0.49054602,2.483724E-4,0.023141118,0.0012764997,0.6436096,0.014579573,0.74041253,0.02288134,0.097937845,0.070820846,0.06318954,14.659039
375316653866487564,1418207478269650176,0.5462894,2217.5717970877304,4.572460514267685,9.450744E-6,18.851984,0.014757914,0.19266623,0.0029551345,0.09037968,0.00914862,0.23000507,0.012447265,0.68382126,0.0069462704,0.092493996,0.012287315,0.23634773,0.014725748,null,null,null,null,"TWOGAUSSIANS",8,1.4214224,0.68382126,0.0069462704,0.4,0.0,0.22663116,0.01025195,0.19266623,0.0029551345,0.4,0.0,0.22028863,0.011646253
375316653866487564,1418244316204388864,0.5529023,2175.046782791946,4.092332184657084,2.003993E-5,17.380754,0.10320283,0.16025154,0.007481678,0.054079514,0.028775549,0.21790326,0.19927014,0.66228825,0.009458263,0.05862127,0.035449807,0.15864888,0.20155483,0.08994962,0.11061268,0.16025154,0.007481678,"TWOGAUSSIANS_WITH_ELLIPSOIDAL_ON_ECLIPSE1",9,20.407099,0.16025154,0.007481678,0.30284527,0.13638015,0.39778188,0.056189623,0.66228825,0.009066552,0.3282791,0.13892697,0.33849803,0.033454645
375316653866487564,1418325576985717120,0.5397352,2160.418782277931,0.7992958901803132,2.2796567E-5,10.298144,0.0044203,0.26852903,0.008196175,0.031056171,0.02475018,0.052237134,41768.06,0.757202,0.0077505196,0.046366572,0.007393096,0.21250126,0.17258191,0.038453255,0.007822863,0.26852903,0.008196175,"TWOGAUSSIANS_WITH_ELLIPSOIDAL_ON_ECLIPSE1",9,118.334694,0.757852,0.0072633075,0.2596528,0.041401338,0.28904092,0.1742396,0.26852903,0.008196175,0.17391457,0.138601,0.12914327,41768.06
375316653866487564,1418354159991889408,0.5135601,2243.45781588525,2.002213647904448,6.4089904E-6,18.338116,0.001652497,0.17545184,6.536237E-4,0.024243748,0.0058423644,0.02444958,0.002323349,0.54926157,2.5193064E-4,0.017131839,4.0713852E-4,0.26138335,0.024028586,null,null,null,null,"TWOGAUSSIANS",8,1.1435844,0.54926157,2.5193064E-4,0.095938295,0.0022799757,0.26138335,0.024028586,0.17545184,6.536237E-4,0.13576499,0.032717243,0.02444958,0.002323349
375316653866487564,1418420405568061824,0.44169426,2203.026953433242,1.1043493103707638,2.2655251E-5,19.169212,0.0069312425,0.37563363,0.025823424,0.06858951,0.02150558,0.050737076,0.020295313,0.7985388,3.8979666E-5,0.016645327,0.0014784201,0.7679914,0.18528147,null,null,null,null,"TWOGAUSSIANS",8,3.191602,0.7985388,3.8979666E-5,0.09321383,0.008279152,0.7679914,0.18528147,0.37563363,0.025823424,0.38410127,0.09188815,0.050737076,0.020295313
375316653866487564,1418470472002327168,0.57541233,2175.2702896956707,4.390662565774305,8.359504E-6,16.211481,0.006742464,0.22754103,0.0024825933,0.09547363,0.005510889,0.12852421,0.006576767,0.73956865,0.0031557921,0.10086667,0.00789375,0.12494314,0.005847154,null,null,null,null,"TWOGAUSSIANS",8,3.490122,0.22754103,0.0024824922,0.4,0.0,0.120078966,0.0037131729,0.73956865,0.0031557921,0.4,0.0,0.11649688,0.0035485576
375316653866487564,1418482944587351040,0.64233404,2217.830885277023,4.351641292994521,5.6163603E-6,17.878895,0.036340866,0.31104323,0.0050163567,0.056623224,0.0064513283,0.5151495,0.087117076,0.80654657,0.013302784,0.05213284,0.017232701,0.35511178,0.06886384,0.114896946,0.053617164,0.31104323,0.0050163567,"TWOGAUSSIANS_WITH_ELLIPSOIDAL_ON_ECLIPSE1",9,8.209646,0.31104323,0.0050163567,0.31709006,0.036127437,0.74491084,0.029928263,0.80709654,0.01191289,0.2919439,0.09650313,0.5847121,0.1311087
375316653866487564,1418521083896974464,0.5603537,2167.063172788669,2.1567136825138924,1.024741E-5,15.5150585,0.025593298,0.23455334,0.007333252,0.10666158,0.030192059,0.12857118,0.020414097,0.69936526,0.0025821372,0.104110315,0.011929789,0.20323202,0.02296494,null,null,null,null,"TWOGAUSSIANS",8,20.478054,0.69936526,0.0025821372,0.4,0.0,0.19047703,0.009278841,0.23458333,0.007333632,0.4,0.0,0.11581598,0.019391898
375316653866487564,1418556367052157696,0.49896085,2186.3890956506666,3.3644548385540394,2.5744243E-5,18.117933,0.007571149,0.30668226,0.03311422,0.09242471,0.035771362,0.04427007,0.013146761,0.64042616,0.0036138683,0.022299906,0.0031566555,0.37836114,0.060128484,null,null,null,null,"TWOGAUSSIANS",8,5.973091,0.64042616,0.0036138683,0.12487948,0.017677272,0.37842637,0.06015104,0.30668226,0.03311422,0.4,0.04009237,0.04427003,0.013146374
375316653866487564,1418630068691308928,0.536117,2166.520394811167,2.6875176900659836,1.684735E-5,18.382673,0.005419192,0.42970642,0.0027776617,0.03410098,0.0022818712,0.7140945,0.051209513,null,null,null,null,null,null,null,null,null,null,"ONEGAUSSIAN",5,11.566589,0.42970642,0.0027776617,0.19096549,0.012778479,0.7140945,0.0,null,null,null,null,null,null
375316653866487564,1418649589318272000,0.62429774,2150.7249927737116,2.820449851178842,5.0243725E-6,16.18383,0.007793789,0.19471301,9.5824E-4,0.09966218,0.0037197068,0.2451823,0.007051851,0.6904238,0.0013584344,0.10897754,0.0039491793,0.22512655,0.0072720046,null,null,null,null,"TWOGAUSSIANS",8,2.8669918,0.19471301,9.5824E-4,0.4,0.0,0.21997066,0.0055939155,0.6904238,0.0013584344,0.4,0.0,0.19990435,0.0042831623
375316653866487564,1418697383714402688,0.5891817,2236.3471740205914,3.887784596092545,9.5945115E-6,16.79537,0.026497548,0.2938613,0.0032454848,0.044661786,0.012022068,0.32144693,0.043226123,0.79090744,0.0074399877,0.05865563,0.011400099,0.29328004,0.052280933,0.099793315,0.030151566,0.2938613,0.0032454848,"TWOGAUSSIANS_WITH_ELLIPSOIDAL_ON_ECLIPSE1",9,30.525566,0.2938613,0.0032454848,0.250106,0.06732358,0.52100676,0.03961678,0.7913674,0.006503051,0.32847154,0.06384055,0.49278185,0.026211098
375316653866487564,1418704667978991104,0.582494,2220.1033838141902,3.03061939346638,1.1940506E-5,14.604949,0.022215556,0.22848454,0.0020382393,0.06136119,0.0101189,0.22854339,0.03859181,0.7095983,0.004214868,0.05638739,0.008301278,0.2600699,0.04474402,0.07965898,0.023523515,0.22848454,0.0020382393,"TWOGAUSSIANS_WITH_ELLIPSOIDAL_ON_ECLIPSE1",9,191.18083,0.7120983,0.003623331,0.31576937,0.046487156,0.41738984,0.009061968,0.22848454,0.0020382393,0.34362265,0.056665838,0.38780168,0.017186072
375316653866487564,1418744628354655232,0.5294304,2189.0652865870406,3.6804571192524835,2.1883885E-5,13.0548115,0.0011994849,0.27275762,0.0034101019,0.065418586,0.0038829865,0.0436995,0.0018681777,0.7762807,0.0062489742,0.06467177,0.0047998005,0.05534587,0.0021937548,null,null,null,null,"TWOGAUSSIANS",8,12.832361,0.7762807,0.0062489742,0.3621619,0.026878882,0.05529102,0.0021709928,0.27275762,0.0034101019,0.36634406,0.021744724,0.04364465,0.0018534437
375316653866487564,1418812935514446720,0.5524867,2219.691454470773,3.76862398634877,1.27282465E-5,15.31453,1.764981,0.28773394,0.007847332,0.13112693,0.06320472,0.50419474,1.0878943,0.77758276,0.0062998096,0.15659013,0.180126,0.46934602,1.735241,null,null,null,null,"TWOGAUSSIANS",8,93.161606,0.28854394,0.0049339985,0.4,0.0,0.3101602,0.024601063,0.77758276,0.0062998096,0.4,0.0,0.27018657,0.019165657
375316653866487564,1418877218289642496,0.5158723,2198.0192091598683,4.571552807338053,1.8281306E-5,18.696287,0.04812861,0.27048218,0.0073540383,0.08141954,0.013875046,0.3691188,0.042668965,0.8093635,0.01125301,0.11264347,0.04437462,0.16196963,0.038665734,null,null,null,null,"TWOGAUSSIANS",8,4.8607535,0.2704622,0.0073496224,0.4,0.0,0.35981587,0.02426325,0.8093635,0.01125301,0.4,0.0,0.1526278,0.027280513
375316653866487564,1418989682008643584,0.5472495,2166.888354927682,1.7107249633020063,7.921908E-6,12.736147,0.014116497,0.31599614,0.012457503,0.05342397,0.013905241,0.087512895,0.03134016,0.80768454,0.003804753,0.041197576,0.003890403,0.58212835,0.08516422,0.012164996,0.01796038,0.80768454,0.003804753,"TWOGAUSSIANS_WITH_ELLIPSOIDAL_ON_ECLIPSE2",9,335.20013,0.80768454,0.003804753,0.23070644,0.021786256,0.6064574,0.08656189,0.31550613,0.0116940895,0.29917425,0.07786935,0.11177959,0.010037621
375316653866487564,1418998065784718464,0.63160586,2193.5450831103917,3.574992315497145,8.420636E-6,16.422062,0.008871835,0.25691918,0.0027957489,0.08871388,0.005004366,0.38150427,0.009382156,0.7607937,0.0017291508,0.08492266,0.003054619,0.35807982,0.008883859,null,null,null,null,"TWOGAUSSIANS",8,11.224115,0.25691918,0.0027957489,0.4,0.0,0.37052995,0.008807632,0.7607937,0.0017291508,0.4,0.0,0.3471056,0.0064158533
375316653866487564,1419108532343591936,0.5995807,2218.7365587630443,1.8109070516440324,1.5032244E-5,15.13345,0.01169161,0.16303778,0.0050834743,0.094982594,0.00826118,0.21668509,0.011207529,0.6465742,0.002271317,0.08709584,0.0037516954,0.4179041,0.010985063,null,null,null,null,"TWOGAUSSIANS",8,51.431225,0.6465742,0.002271317,0.4,0.0,0.40739512,0.0069623254,0.16303778,0.0050834743,0.4,0.0,0.2061756,0.009468478
375316653866487564,1419149931533179776,0.49424392,2211.072941479977,0.9075067567527669,3.7826416E-5,18.426596,0.023736214,0.25267836,0.01258743,0.032386575,0.031056374,0.15820454,0.06039087,0.76243204,0.0021725977,0.02210497,0.003411801,0.930446,0.28757083,0.056275092,0.032789636,0.25267836,0.01258743,"TWOGAUSSIANS_WITH_ELLIPSOIDAL_ON_ECLIPSE1",9,28.957716,0.76243204,0.0021725977,0.123787835,0.019106086,1.0425739,0.29640654,0.25267836,0.01258743,0.1813648,0.1739157,0.27075458,0.070984825
