Gaia/vari_eclipsing_binary/VariEclipsingBinary_047771-047944.csv
# %ECSV 1.0
# ---
# delimiter: ','
# meta: !!omap
# - RELEASE: Gaia DR3
# - TABLE: vari_eclipsing_binary
# - DESCRIPTION: >
#     This table describes the properties of the eclipsing binaries resulting from the variability analysis. 
# - CITATION: >
#     How to cite and acknowledge Gaia: 
#     https://gea.esac.esa.int/archive/documentation/credits.html 
# - KNOWN_ISSUES: >
#     Known issues: 
#     https://www.cosmos.esa.int/web/gaia-users/known-issues 
# - DOCUMENTATION: >
#     Tutorials and documentation: 
#     https://www.cosmos.esa.int/web/gaia-users/archive 
# datatype:
# - 
#   name: solution_id
#   datatype: int64
#   description: Solution Identifier
#   meta:
#     ucd: meta.version
# - 
#   name: source_id
#   datatype: int64
#   description: Unique source identifier
#   meta:
#     ucd: meta.id;meta.main
# - 
#   name: global_ranking
#   datatype: float32
#   description: Number between 0 (worst) and 1 (best)
#   meta:
#     ucd: stat.param
# - 
#   name: reference_time
#   datatype: float64
#   unit: d
#   description: Reference time used for the geometric model fit
#   meta:
#     ucd: time.epoch
# - 
#   name: frequency
#   datatype: float64
#   unit: d**-1
#   description: Frequency of geometric model of the eclipsing binary light curve
#   meta:
#     ucd: src.orbital
# - 
#   name: frequency_error
#   datatype: float32
#   unit: d**-1
#   description: "Uncertainty of \\texttt{frequency}"
#   meta:
#     ucd: stat.error
# - 
#   name: geom_model_reference_level
#   datatype: float32
#   unit: mag
#   description: Magnitude reference level of geometric model
#   meta:
#     ucd: phot.mag;em.opt
# - 
#   name: geom_model_reference_level_error
#   datatype: float32
#   unit: mag
#   description: "Uncertainty of \\texttt{geomModelReferenceLevel}"
#   meta:
#     ucd: stat.error;phot.mag;em.opt
# - 
#   name: geom_model_gaussian1_phase
#   datatype: float32
#   description: Phase of the Gaussian 1 component
#   meta:
#     ucd: time.phase
# - 
#   name: geom_model_gaussian1_phase_error
#   datatype: float32
#   description: "Uncertainty of \\texttt{geomModelGaussian1Phase}"
#   meta:
#     ucd: stat.error;time.phase
# - 
#   name: geom_model_gaussian1_sigma
#   datatype: float32
#   description: "Standard deviation [phase] of Gaussian 1 component"
#   meta:
#     ucd: stat.stdev
# - 
#   name: geom_model_gaussian1_sigma_error
#   datatype: float32
#   description: "Uncertainty of \\texttt{geomModelGaussian1Sigma}"
#   meta:
#     ucd: stat.error
# - 
#   name: geom_model_gaussian1_depth
#   datatype: float32
#   unit: mag
#   description: Magnitude depth of Gaussian 1 component
#   meta:
#     ucd: src.var.amplitude
# - 
#   name: geom_model_gaussian1_depth_error
#   datatype: float32
#   unit: mag
#   description: "Uncertainty of \\texttt{geomModelGaussian1Depth}"
#   meta:
#     ucd: stat.error;src.var.amplitude
# - 
#   name: geom_model_gaussian2_phase
#   datatype: float32
#   description: Phase of Gaussian 2 component
#   meta:
#     ucd: time.phase
# - 
#   name: geom_model_gaussian2_phase_error
#   datatype: float32
#   description: "Uncertainty of \\texttt{geomModelGaussian2Phase}"
#   meta:
#     ucd: stat.error;time.phase
# - 
#   name: geom_model_gaussian2_sigma
#   datatype: float32
[...]
#   datatype: float32
#   description: "Secondary eclipse: uncertainty of \\texttt{derivedSecondaryEclDuration}"
#   meta:
#     ucd: stat.error;time.duration
# - 
#   name: derived_secondary_ecl_depth
#   datatype: float32
#   unit: mag
#   description: "Secondary eclipse: depth"
#   meta:
#     ucd: src.var.amplitude
# - 
#   name: derived_secondary_ecl_depth_error
#   datatype: float32
#   unit: mag
#   description: "Secondary eclipse: uncertainty of \\texttt{derivedSecondaryEclDepth}"
#   meta:
#     ucd: stat.error;src.var.amplitude
solution_id,source_id,global_ranking,reference_time,frequency,frequency_error,geom_model_reference_level,geom_model_reference_level_error,geom_model_gaussian1_phase,geom_model_gaussian1_phase_error,geom_model_gaussian1_sigma,geom_model_gaussian1_sigma_error,geom_model_gaussian1_depth,geom_model_gaussian1_depth_error,geom_model_gaussian2_phase,geom_model_gaussian2_phase_error,geom_model_gaussian2_sigma,geom_model_gaussian2_sigma_error,geom_model_gaussian2_depth,geom_model_gaussian2_depth_error,geom_model_cosine_half_period_amplitude,geom_model_cosine_half_period_amplitude_error,geom_model_cosine_half_period_phase,geom_model_cosine_half_period_phase_error,model_type,num_model_parameters,reduced_chi2,derived_primary_ecl_phase,derived_primary_ecl_phase_error,derived_primary_ecl_duration,derived_primary_ecl_duration_error,derived_primary_ecl_depth,derived_primary_ecl_depth_error,derived_secondary_ecl_phase,derived_secondary_ecl_phase_error,derived_secondary_ecl_duration,derived_secondary_ecl_duration_error,derived_secondary_ecl_depth,derived_secondary_ecl_depth_error
[from data line 357]
375316653866487564,420897384744341760,0.5006259,2134.4073911884525,2.409213621058921,2.360734E-5,16.943438,0.05236443,0.23093925,0.0051789433,0.0975326,0.01302665,0.38257867,0.052604146,0.7321701,0.0059902305,0.11480811,0.021806983,0.31946456,0.04396006,null,null,null,null,"TWOGAUSSIANS",8,58.75731,0.23093925,0.0051822076,0.4,0.0,0.340101,0.016498713,0.7321701,0.0059902305,0.4,0.0,0.27693972,0.018863171
375316653866487564,420900575896278656,0.5942114,2186.3902048787827,2.2776941622665974,4.655602E-6,17.212002,0.0036386775,0.24094735,0.0033444434,0.03226668,0.009960129,0.022379924,0.00862644,0.73456544,0.0021940656,0.058944944,0.00448653,0.16262694,0.012183571,0.061707173,0.003975681,0.24094735,0.0033444434,"TWOGAUSSIANS_WITH_ELLIPSOIDAL_ON_ECLIPSE1",9,3.244203,0.73566544,0.0015793489,0.33009169,0.025124568,0.28586444,0.011531496,0.24094735,0.0033444434,0.18069342,0.055776723,0.14578162,0.00536728
375316653866487564,420901228731279616,0.54962796,2186.29183929832,2.4942082044348655,6.587472E-6,16.569899,0.033634286,0.22240889,0.002686529,0.12294316,0.014209978,0.20721707,0.03288251,0.7221611,0.0019215676,0.11558834,0.013934889,0.20864436,0.030134428,null,null,null,null,"TWOGAUSSIANS",8,5.633532,0.7221611,0.0019240131,0.4,0.0,0.1626661,0.007977251,0.22240889,0.002686529,0.4,0.0,0.16116875,0.0049211234
375316653866487564,420904016175384448,0.5998384,2188.4293593989146,3.317502308666601,5.147478E-6,15.296144,0.0074251746,0.20181993,0.002225202,0.04959283,0.0049814032,0.1770731,0.016860092,0.6979586,0.0038294059,0.051745143,0.0047765095,0.18755361,0.016500853,0.058037728,0.008837744,0.20181993,0.002225202,"TWOGAUSSIANS_WITH_ELLIPSOIDAL_ON_ECLIPSE1",9,38.828632,0.6984086,0.0033361048,0.2897728,0.026748454,0.30356693,0.0071551246,0.20181993,0.002225202,0.27771986,0.027895859,0.29314682,0.0116864955
375316653866487564,420904875167442560,0.603365,2198.3045498394004,0.47665566949801375,5.5068E-6,14.2805605,2.9268893E-4,0.23522632,0.0011611355,0.026574034,0.0013182729,0.06550366,8.685719E-4,0.74484366,0.002123454,0.02539925,0.0012793036,0.06876451,0.0020630574,null,null,null,null,"TWOGAUSSIANS",8,3.2386885,0.74484366,0.002123454,0.1422358,0.0071640997,0.06876451,0.0020630574,0.23522632,0.0011611355,0.14881459,0.007382328,0.06550366,8.685719E-4
375316653866487564,420906043398325504,0.54454225,2179.049302730553,2.864037739554523,1.3096944E-5,13.954302,0.018566616,0.22843146,0.0040383907,0.08918341,0.0076335687,0.24099688,0.018434387,0.7312982,0.006305119,0.10601958,0.011561261,0.23947005,0.017745499,null,null,null,null,"TWOGAUSSIANS",8,270.92026,0.22843146,0.0040381784,0.4,0.0,0.22368374,0.009946632,0.7312982,0.006305119,0.4,0.0,0.22214983,0.009797432
375316653866487564,420910608943532544,0.59761226,2177.408519739785,3.9104863925740734,4.8727984E-6,18.542637,0.010122867,0.24620266,9.107181E-4,0.04978346,0.0025649208,0.3282268,0.02123137,0.7367302,0.002503741,0.058725525,0.00448576,0.46648115,0.03336555,0.104882546,0.012492565,0.24620266,9.107181E-4,"TWOGAUSSIANS_WITH_ELLIPSOIDAL_ON_ECLIPSE1",9,2.6871557,0.73776025,0.002126496,0.32886294,0.025120255,0.67555606,0.032947,0.24620266,9.107181E-4,0.27878737,0.014363556,0.53796315,0.0071266205
375316653866487564,420910883817695488,0.49891338,2185.6369104885125,4.16506344894043,1.4357614E-5,18.364534,0.004253114,0.79526585,0.0039945985,0.010551381,0.008783456,0.018168552,9.5116866E11,null,null,null,null,null,null,0.12065262,0.006657364,0.79526585,0.0039945985,"ONEGAUSSIAN_WITH_ELLIPSOIDAL",6,9.725508,0.79526585,0.0039945985,0.059087735,0.049187355,0.25947332,9.5116866E11,null,null,null,null,null,null
375316653866487564,420914319791969536,0.4842562,2172.9895692062337,4.088155179264611,1.1606516E-5,19.64048,0.015957765,0.2783394,0.007498954,0.07277783,0.013440993,0.33106896,0.053349692,0.787721,0.0041194637,0.07642271,0.005232756,0.34606573,0.016948907,null,null,null,null,"TWOGAUSSIANS",8,1.7055976,0.787721,0.0041194637,0.4,0.0,0.34407195,0.015475844,0.2783394,0.007498954,0.4,0.008109122,0.3290752,0.055290926
375316653866487564,420920027812957184,0.51227224,2206.020247796386,3.3078181501427086,2.2036193E-5,16.178728,0.002758297,0.28081876,0.0029743356,0.040409666,0.005924335,0.036603414,0.011312699,0.7838475,0.018699817,0.012450215,0.014809493,0.052962467,0.034908522,0.07819244,0.006558033,0.28081876,0.0029743356,"TWOGAUSSIANS_WITH_ELLIPSOIDAL_ON_ECLIPSE1",9,52.763916,0.7838475,0.01868408,0.06972121,0.082933165,0.20929044,0.035592806,0.28081876,0.0029743356,0.22629413,0.033176277,0.19298801,0.008371676
375316653866487564,420922566132649600,0.4881713,2203.0980305461426,1.5750572599575359,1.08837285E-5,17.46394,0.0037446942,0.24303965,0.0018264282,0.030237088,0.0020950905,0.16290411,0.008793799,0.555211,0.032251026,0.1026985,0.06492473,0.016856248,0.0056862393,null,null,null,null,"TWOGAUSSIANS",8,4.6303177,0.24306966,0.0018004276,0.16932769,0.011732507,0.16307005,0.009049908,0.555211,0.032251026,0.4,0.0,0.016856005,0.005690787
375316653866487564,420925078694385024,0.5506374,2198.4679657650404,2.5322358621458356,1.10318015E-5,17.168953,0.01176686,0.30898175,0.003733441,0.056289185,0.009133596,0.22520949,0.04199892,0.80267245,0.0036744378,0.046096448,0.0042729788,0.27217433,0.029221226,0.11755155,0.016765514,0.30898175,0.003733441,"TWOGAUSSIANS_WITH_ELLIPSOIDAL_ON_ECLIPSE1",9,35.803288,0.80347246,0.0030477846,0.25814012,0.023928681,0.5069429,0.017831622,0.30898175,0.003733441,0.31521943,0.05114814,0.46030068,0.029701153
375316653866487564,420926414423443712,0.5159265,2204.2004713056835,4.229217148422046,1.4102135E-5,19.318323,0.016899241,0.19747137,0.0041448553,0.089024395,0.007115281,0.37211466,0.03140099,0.69569397,0.0036252674,0.082950324,0.00782756,0.36773714,0.022722041,null,null,null,null,"TWOGAUSSIANS",8,2.1731806,0.19747137,0.0041448553,0.4,0.0,0.36163554,0.031756084,0.69569397,0.0036252674,0.4,0.0,0.3572581,0.023744026
375316653866487564,420926895459831552,0.5497408,2223.638275155733,2.4435207348543115,7.101521E-6,14.859555,0.0070742876,0.2536959,0.0026160146,0.06577396,0.0046291817,0.21662278,0.0082155,0.7567363,0.0022001618,0.084954195,0.0031998868,0.3442051,0.010482684,null,null,null,null,"TWOGAUSSIANS",8,176.98682,0.7567363,0.0022001618,0.4,0.0,0.3420784,0.010260896,0.2536959,0.0026160146,0.36833414,0.025923418,0.21449609,0.0080178715
375316653866487564,420927552595475456,0.44580644,2195.9472615648874,0.45393880142901105,6.816244E-5,13.363724,8.6603954E-4,0.3092597,0.008608393,0.023130015,0.006690859,0.056093913,0.012281201,0.83325684,0.0014719948,0.023669641,0.0030351724,0.040597223,0.0052496027,null,null,null,null,"TWOGAUSSIANS",8,17.028465,0.3092597,0.008608393,0.12952808,0.03746881,0.056093913,0.012281201,0.83325684,0.0014719948,0.13254999,0.016996965,0.040597223,0.0052496027
375316653866487564,420929575516073216,0.5391156,2201.185605337644,3.2778361877126523,1.0414154E-5,19.356833,0.008011683,0.14928488,0.0035315696,0.07438284,0.00422034,0.47797364,0.019311473,0.65368974,0.0019502874,0.07072783,0.0036961874,0.4374887,0.031485476,null,null,null,null,"TWOGAUSSIANS",8,1.325857,0.14928488,0.0035315696,0.4,0.0,0.4757966,0.019586485,0.65368974,0.0019502874,0.39607587,0.016975434,0.43531168,0.03192597
375316653866487564,420929717258876672,0.50205135,2199.564603996012,3.3743239969122327,2.0278016E-5,17.43294,0.0045465757,0.21702811,0.0058754273,0.03642453,0.038617726,0.034267347,0.32494554,0.6722238,0.014836589,0.016021697,0.027377455,0.06934514,1.1239863E19,0.0943029,0.0067784064,0.21702811,0.0058754273,"TWOGAUSSIANS_WITH_ELLIPSOIDAL_ON_ECLIPSE1",9,14.40002,0.6744838,0.010906654,0.0897215,0.15331374,0.24410525,1.1239863E19,0.21702811,0.0058754273,0.20397736,0.21625927,0.22287312,0.32928205
375316653866487564,420934561981954048,0.5710665,2169.328158424652,1.3160226625787244,9.9422705E-6,16.94425,0.0016980972,0.20414656,0.0043773376,0.054815765,0.0037463217,0.07562127,0.004744949,0.704395,0.0018546433,0.049595807,0.0013677141,0.32271376,0.0065726824,null,null,null,null,"TWOGAUSSIANS",8,4.6319547,0.704395,0.0018546433,0.2777365,0.007659199,0.3227107,0.006572409,0.20414656,0.0043773376,0.3069683,0.020979403,0.07561819,0.004745444
375316653866487564,420936172588387840,0.49338788,2229.4432520269415,3.5880107116634545,3.177754E-5,17.75885,0.13831067,0.2758903,0.0069890195,0.14667696,0.04616723,0.23274809,0.13057597,0.75389665,0.009156377,0.13309416,0.025569426,0.28592658,0.12848793,null,null,null,null,"TWOGAUSSIANS",8,7.3929725,0.75389665,0.009156377,0.4,0.0,0.19795215,0.008018305,0.27669027,0.0060473667,0.4,0.0,0.14379618,0.010894495
375316653866487564,420938204114372352,0.6030524,2180.9133343794174,1.6398986446805428,5.1050156E-6,15.652742,0.0064372197,0.25248593,0.0015765632,0.116068676,0.0054245107,0.14430459,0.0056191985,0.75259066,0.0013755145,0.10001767,0.0043023024,0.1742547,0.00562247,null,null,null,null,"TWOGAUSSIANS",8,3.7986429,0.75259066,0.0013755145,0.4,0.0,0.15277825,0.003815627,0.25248593,0.0015765632,0.4,0.0,0.122802496,0.0026943812
375316653866487564,420938238474096640,0.52873707,2184.772353170267,0.8341273346153834,3.88276E-6,14.13001,0.010023851,0.44488207,0.040021986,0.3599653,0.0128459325,0.108958885,0.011694808,0.82184696,9.5622014E-4,0.027118422,9.761164E-4,0.3310724,0.006773464,null,null,null,null,"TWOGAUSSIANS",8,403.2565,0.82184696,9.5622014E-4,0.15186317,0.0054662516,0.33538637,0.006297982,0.44488207,0.040021986,0.4,0.0,0.030460946,0.00615254
375316653866487564,420939303625981696,0.55094546,2185.4766370503867,0.5585022783259712,2.2384778E-5,14.132441,0.0031523225,0.16124105,0.036527783,0.03345815,0.04072898,0.010861611,0.04709687,0.37385473,0.0025658566,0.017484939,0.0026558815,0.5299715,0.039935205,0.0022099887,0.005195655,0.37385473,0.0025658566,"TWOGAUSSIANS_WITH_ELLIPSOIDAL_ON_ECLIPSE2",9,394.18033,0.37385473,0.0025658566,0.09791566,0.0148729365,0.53439146,0.04026824,0.16258106,0.036932196,0.18736565,0.22808228,0.011109464,0.047094684
375316653866487564,420941640088153984,0.6521774,2200.116151257897,2.814368704840578,2.575751E-6,15.83145,0.0059969695,0.27758303,7.2333653E-4,0.05072866,0.0020176088,0.32487214,0.0143837705,0.7808496,0.0016554896,0.047411922,0.001972583,0.26526877,0.01737021,0.10236859,0.007751847,0.27758303,7.2333653E-4,"TWOGAUSSIANS_WITH_ELLIPSOIDAL_ON_ECLIPSE1",9,16.595636,0.27758303,7.2333653E-4,0.2840805,0.011298609,0.5296074,0.01055679,0.7808496,0.0016554896,0.26550677,0.011046464,0.46991777,0.011614535
375316653866487564,420944212767358336,0.48747122,2240.490927727392,0.5104868535010706,4.3568478E-5,19.043919,0.0029998864,0.41465414,0.016725268,0.017232891,0.008688083,0.40947866,0.3077453,0.80696386,0.019515073,0.012123049,0.010857519,0.56255364,1431993.8,null,null,null,null,"TWOGAUSSIANS",8,3.4563637,0.80696386,0.019515073,0.06788908,0.060802106,0.56255364,1431993.8,0.41465414,0.016725268,0.09650419,0.048653264,0.40947866,0.3077453
375316653866487564,420950706753707648,0.55584276,2190.661455254892,3.7377804152190777,7.655424E-6,19.053766,0.010824392,0.2517294,0.002045438,0.076446526,0.0040470697,0.44422528,0.015675712,0.75010926,0.0026327828,0.06793895,0.0042487984,0.42227685,0.019095058,null,null,null,null,"TWOGAUSSIANS",8,3.7742202,0.2517294,0.002045438,0.4,0.0,0.44215244,0.015647868,0.75010926,0.0026327828,0.38045815,0.023793269,0.420204,0.019183671
375316653866487564,420951157733155712,0.6053662,2208.1576388978924,3.2016457367560953,8.355213E-6,17.55458,0.008334743,0.23772658,0.0019721587,0.05499304,0.0045988015,0.2593845,0.020923132,0.73739177,0.0030954962,0.041705146,0.006205149,0.21867087,0.021263838,0.11777244,0.011951513,0.23772658,0.0019721587,"TWOGAUSSIANS_WITH_ELLIPSOIDAL_ON_ECLIPSE1",9,8.1414385,0.23772658,0.0019721587,0.30796105,0.02575329,0.49492022,0.015233052,0.73743176,0.002857897,0.2335488,0.034748834,0.4542057,0.02001188
375316653866487564,420951600106909824,0.48322272,2204.166798621843,2.768530372831949,2.5538613E-5,18.15789,0.27337563,0.2934468,0.0059787612,0.12861755,0.055073205,0.20394959,0.24692635,0.79287404,0.006660408,0.12853834,0.074324876,0.20030296,0.25776863,null,null,null,null,"TWOGAUSSIANS",8,5.6457515,0.29345682,0.005830215,0.4,0.0,0.14336738,0.009176925,0.79287404,0.0066920165,0.4,0.0,0.1397265,0.013584168
375316653866487564,420952257244748928,0.57192886,2202.2858547781843,1.6172113059807023,8.000769E-6,16.40288,0.017348567,0.2849747,0.0025375162,0.05329792,0.0049791727,0.40390933,0.0405042,0.7831326,0.0014155622,0.045232564,0.002731604,0.5480076,0.039638758,0.07793298,0.021556588,0.2849747,0.0025375162,"TWOGAUSSIANS_WITH_ELLIPSOIDAL_ON_ECLIPSE1",9,65.307816,0.7832126,0.0013352989,0.25330237,0.015296983,0.7038467,0.013577603,0.2849747,0.0025375162,0.29846835,0.027883368,0.5597684,0.01981117
375316653866487564,420953116238216448,0.6741554,2179.1395994140385,1.3882987362487342,1.2959072E-6,17.21961,0.0039994367,0.29706806,5.362165E-4,0.041122574,7.7332347E-4,0.82242423,0.019266533,0.7968201,0.01163835,0.04295848,0.0064212014,0.18911763,0.02819522,0.04438585,0.0047823247,0.29706806,5.362165E-4,"TWOGAUSSIANS_WITH_ELLIPSOIDAL_ON_ECLIPSE1",9,4.979508,0.29706806,5.362165E-4,0.23028642,0.0043306113,0.91119593,0.019449627,0.79684013,0.011567073,0.24056748,0.03595873,0.2778891,0.026074069
375316653866487564,420959571570812160,0.55551827,2215.111478525934,3.8457518491850493,9.273762E-6,18.437496,0.006613038,0.27444166,0.002925613,0.0777836,0.004475905,0.35597378,0.020070996,0.7710562,0.0027799993,0.0826055,0.0044239047,0.44699275,0.023805326,null,null,null,null,"TWOGAUSSIANS",8,4.1541724,0.7710562,0.0027799993,0.4,0.0,0.44118425,0.024927083,0.27444166,0.002925613,0.4,0.0,0.35016528,0.02080015
375316653866487564,420960228703995136,0.556469,2207.3376620858853,0.6313548562123812,3.049108E-6,14.492301,0.0041125705,0.50289375,6.175755E-4,0.019485563,0.001119298,0.5888847,0.036240216,null,null,null,null,null,null,null,null,null,null,"ONEGAUSSIAN",5,226.15034,0.50289375,6.175755E-4,0.10911915,0.006268069,0.5888847,0.0,null,null,null,null,null,null
375316653866487564,420960602363072768,0.5778969,2197.2791431223836,2.0181765747387845,7.384464E-6,18.166397,0.011358984,0.21520986,0.002383948,0.08952712,0.003957328,0.26127884,0.012226321,0.71879935,0.0028337461,0.11384622,0.007969557,0.1744385,0.010665104,null,null,null,null,"TWOGAUSSIANS",8,1.5217545,0.21520986,0.002383948,0.4,0.0,0.24219826,0.006359539,0.71879935,0.0028337461,0.4,0.0,0.15533522,0.0051270616
375316653866487564,420965172208109696,0.56266606,2210.350810455246,0.18281354778811693,1.5273938E-5,18.47965,0.00214996,0.13151136,0.010275518,0.010190669,0.0075591286,0.4315685,130.31374,0.6238378,5.8018253E-4,0.008625321,2.9342336E-4,0.63828266,0.036544364,null,null,null,null,"TWOGAUSSIANS",8,2.001836,0.6238378,5.8018253E-4,0.048301797,0.0016431708,0.63828266,0.036544364,0.13151136,0.010275518,0.05706775,0.042331118,0.4315685,130.31374
375316653866487564,420965348304887040,0.641538,2197.7559634035892,2.2901951158678457,4.048916E-6,16.01958,0.004837876,0.2822987,0.0017873525,0.07869472,0.0019874019,0.41684812,0.0076516867,0.7814843,0.0013868641,0.08688393,0.002264428,0.3750317,0.005324261,null,null,null,null,"TWOGAUSSIANS",8,11.088977,0.2822987,0.0017873525,0.4,0.0,0.40872806,0.0071795858,0.7814843,0.0013868641,0.4,0.0,0.3669116,0.0050483225
375316653866487564,420965794981616384,0.50511104,2204.39682062679,3.081889063351616,1.493753E-5,17.87545,0.026052667,0.31513304,0.004065163,0.098865695,0.013934975,0.24897465,0.022799434,0.82508904,0.0030918834,0.09168736,0.011039795,0.24698715,0.021414116,null,null,null,null,"TWOGAUSSIANS",8,7.402938,0.31513304,0.004065163,0.4,0.0,0.23517211,0.020791983,0.82508904,0.0030924839,0.4,0.0,0.23318598,0.011412628
