Gaia/vari_eclipsing_binary/VariEclipsingBinary_676684-676701.csv
# %ECSV 1.0
# ---
# delimiter: ','
# meta: !!omap
# - RELEASE: Gaia DR3
# - TABLE: vari_eclipsing_binary
# - DESCRIPTION: >
#     This table describes the properties of the eclipsing binaries resulting from the variability analysis. 
# - CITATION: >
#     How to cite and acknowledge Gaia: 
#     https://gea.esac.esa.int/archive/documentation/credits.html 
# - KNOWN_ISSUES: >
#     Known issues: 
#     https://www.cosmos.esa.int/web/gaia-users/known-issues 
# - DOCUMENTATION: >
#     Tutorials and documentation: 
#     https://www.cosmos.esa.int/web/gaia-users/archive 
# datatype:
# - 
#   name: solution_id
#   datatype: int64
#   description: Solution Identifier
#   meta:
#     ucd: meta.version
# - 
#   name: source_id
#   datatype: int64
#   description: Unique source identifier
#   meta:
#     ucd: meta.id;meta.main
# - 
#   name: global_ranking
#   datatype: float32
#   description: Number between 0 (worst) and 1 (best)
#   meta:
#     ucd: stat.param
# - 
#   name: reference_time
#   datatype: float64
#   unit: d
#   description: Reference time used for the geometric model fit
#   meta:
#     ucd: time.epoch
# - 
#   name: frequency
#   datatype: float64
#   unit: d**-1
#   description: Frequency of geometric model of the eclipsing binary light curve
#   meta:
#     ucd: src.orbital
# - 
#   name: frequency_error
#   datatype: float32
#   unit: d**-1
#   description: "Uncertainty of \\texttt{frequency}"
#   meta:
#     ucd: stat.error
# - 
#   name: geom_model_reference_level
#   datatype: float32
#   unit: mag
#   description: Magnitude reference level of geometric model
#   meta:
#     ucd: phot.mag;em.opt
# - 
#   name: geom_model_reference_level_error
#   datatype: float32
#   unit: mag
#   description: "Uncertainty of \\texttt{geomModelReferenceLevel}"
#   meta:
#     ucd: stat.error;phot.mag;em.opt
# - 
#   name: geom_model_gaussian1_phase
#   datatype: float32
#   description: Phase of the Gaussian 1 component
#   meta:
#     ucd: time.phase
# - 
#   name: geom_model_gaussian1_phase_error
#   datatype: float32
#   description: "Uncertainty of \\texttt{geomModelGaussian1Phase}"
#   meta:
#     ucd: stat.error;time.phase
# - 
#   name: geom_model_gaussian1_sigma
#   datatype: float32
#   description: "Standard deviation [phase] of Gaussian 1 component"
#   meta:
#     ucd: stat.stdev
# - 
#   name: geom_model_gaussian1_sigma_error
#   datatype: float32
#   description: "Uncertainty of \\texttt{geomModelGaussian1Sigma}"
#   meta:
#     ucd: stat.error
# - 
#   name: geom_model_gaussian1_depth
#   datatype: float32
#   unit: mag
#   description: Magnitude depth of Gaussian 1 component
#   meta:
#     ucd: src.var.amplitude
# - 
#   name: geom_model_gaussian1_depth_error
#   datatype: float32
#   unit: mag
#   description: "Uncertainty of \\texttt{geomModelGaussian1Depth}"
#   meta:
#     ucd: stat.error;src.var.amplitude
# - 
#   name: geom_model_gaussian2_phase
#   datatype: float32
#   description: Phase of Gaussian 2 component
#   meta:
#     ucd: time.phase
# - 
#   name: geom_model_gaussian2_phase_error
#   datatype: float32
#   description: "Uncertainty of \\texttt{geomModelGaussian2Phase}"
#   meta:
#     ucd: stat.error;time.phase
# - 
#   name: geom_model_gaussian2_sigma
#   datatype: float32
[...]
#   datatype: float32
#   description: "Secondary eclipse: uncertainty of \\texttt{derivedSecondaryEclDuration}"
#   meta:
#     ucd: stat.error;time.duration
# - 
#   name: derived_secondary_ecl_depth
#   datatype: float32
#   unit: mag
#   description: "Secondary eclipse: depth"
#   meta:
#     ucd: src.var.amplitude
# - 
#   name: derived_secondary_ecl_depth_error
#   datatype: float32
#   unit: mag
#   description: "Secondary eclipse: uncertainty of \\texttt{derivedSecondaryEclDepth}"
#   meta:
#     ucd: stat.error;src.var.amplitude
solution_id,source_id,global_ranking,reference_time,frequency,frequency_error,geom_model_reference_level,geom_model_reference_level_error,geom_model_gaussian1_phase,geom_model_gaussian1_phase_error,geom_model_gaussian1_sigma,geom_model_gaussian1_sigma_error,geom_model_gaussian1_depth,geom_model_gaussian1_depth_error,geom_model_gaussian2_phase,geom_model_gaussian2_phase_error,geom_model_gaussian2_sigma,geom_model_gaussian2_sigma_error,geom_model_gaussian2_depth,geom_model_gaussian2_depth_error,geom_model_cosine_half_period_amplitude,geom_model_cosine_half_period_amplitude_error,geom_model_cosine_half_period_phase,geom_model_cosine_half_period_phase_error,model_type,num_model_parameters,reduced_chi2,derived_primary_ecl_phase,derived_primary_ecl_phase_error,derived_primary_ecl_duration,derived_primary_ecl_duration_error,derived_primary_ecl_depth,derived_primary_ecl_depth_error,derived_secondary_ecl_phase,derived_secondary_ecl_phase_error,derived_secondary_ecl_duration,derived_secondary_ecl_duration_error,derived_secondary_ecl_depth,derived_secondary_ecl_depth_error
[from data line 369]
375316653866487564,5952290962472246656,0.56071657,2214.714213565539,3.7308182758579433,2.2531865E-5,18.393084,0.009616556,0.24287425,0.002523387,0.06642665,0.0032661124,0.3935437,0.0230754,0.75064,0.0036131293,0.06381949,0.003897091,0.38558578,0.020158041,null,null,null,null,"TWOGAUSSIANS",8,5.4230714,0.24287425,0.002523387,0.37198925,0.01829023,0.39315346,0.023104483,0.75064,0.0036131293,0.35738915,0.02182371,0.38519555,0.020184265
375316653866487564,5952290966762209664,0.51657397,2222.336836343426,4.131663981756884,3.200692E-5,19.492579,0.00852778,0.23268434,0.0030187836,0.04981835,0.0040847245,0.25715804,0.025285926,0.7366699,0.0055455314,0.036324233,0.0050078603,0.22127089,0.04859273,0.09816982,0.012404819,0.23268434,0.0030187836,"TWOGAUSSIANS_WITH_ELLIPSOIDAL_ON_ECLIPSE1",9,2.5617445,0.23268434,0.0030187836,0.27898276,0.022874458,0.45349646,0.017079927,0.7366699,0.005523696,0.20341569,0.028044019,0.41748622,0.0454443
375316653866487564,5952291134239372160,0.53923726,2226.4316964755676,1.1624223521704928,1.1577486E-5,17.190023,0.022098923,0.30755368,0.0040038116,0.120623894,0.015899466,0.12102359,0.021424217,0.7991738,0.004595364,0.11880029,0.016448738,0.12381345,0.021302354,null,null,null,null,"TWOGAUSSIANS",8,1.8387979,0.7991738,0.004595364,0.4,0.0,0.09817091,0.00374392,0.30759367,0.004002137,0.4,0.0,0.09537106,0.0043604593
375316653866487564,5952291413476725888,0.4507801,2251.4186754917387,0.08593521801196544,7.5897835E-5,16.689157,0.0026885956,0.13001765,0.0030681458,0.011427516,0.0018052136,0.08763463,0.014880631,0.6388946,0.017181108,0.07590994,0.02638632,0.012271982,0.004809897,null,null,null,null,"TWOGAUSSIANS",8,9.685594,0.13001765,0.0030681458,0.06399409,0.010109196,0.08763463,0.014880618,0.6388946,0.017181108,0.4,0.03765929,0.012271981,0.0048098564
375316653866487564,5952291477868285952,0.5330537,2240.6385895411254,2.8663446603051357,1.3335013E-5,18.127048,0.017250158,0.22136638,0.004119331,0.078466006,0.0061198915,0.45381108,0.019334154,0.6985604,0.0030716194,0.0747249,0.0060130684,0.59225297,0.036507472,null,null,null,null,"TWOGAUSSIANS",8,13.146262,0.6985604,0.0030716194,0.4,0.0,0.5892005,0.037279163,0.22136638,0.004119331,0.4,0.0,0.45075864,0.018710088
375316653866487564,5952291512196661120,0.48751518,2268.2059050972002,0.03937975107058662,1.0707904E-4,18.228811,0.0021536313,0.41166252,0.04535126,0.13029224,0.023734538,0.1292053,0.040073916,0.78155756,0.0020297854,0.04033745,0.005365207,2.5105078,1.5541991,null,null,null,null,"TWOGAUSSIANS",8,3.1222267,0.78155756,0.0020297854,0.22588973,0.030045157,2.5123465,1.5547174,0.41166252,0.04535126,0.4,0.0,0.12874608,0.040262993
375316653866487564,5952291855797158528,0.57974035,2222.032257109514,2.623380250185635,9.057666E-6,18.007862,0.005644253,0.21961565,0.0030664925,0.08093783,0.00396239,0.2729877,0.007574859,0.7185821,0.0018138146,0.084862985,0.002819367,0.38166592,0.007711067,null,null,null,null,"TWOGAUSSIANS",8,2.9411466,0.7185821,0.0018138146,0.4,0.0,0.3749348,0.0075403866,0.21961565,0.0030664925,0.4,0.0,0.26625657,0.0071530757
375316653866487564,5952291855798519040,0.5850895,2238.3844851088375,0.19365784882802328,1.2548549E-4,17.701391,0.0022200819,0.14724442,0.0025333895,0.019000847,0.0012860886,0.485048,0.017949859,0.6216573,0.0039636013,0.01435842,0.0017702405,0.48941544,0.1060098,null,null,null,null,"TWOGAUSSIANS",8,4.1434503,0.6216573,0.0039636013,0.08040715,0.009913347,0.48941544,0.1060098,0.14724442,0.0025333895,0.106404744,0.0072020963,0.485048,0.017949859
375316653866487564,5952292405549983232,0.54175556,2230.402088161992,1.6050995300756878,1.7951746E-5,15.375812,0.322207,0.22363175,0.0027087566,0.20958349,0.0917972,0.32386363,0.31635222,0.7255003,0.003680729,0.15438397,0.035665188,0.29021668,0.21653129,null,null,null,null,"TWOGAUSSIANS",8,10.907906,0.7264203,0.0038074665,0.4,0.0,0.09213722,0.0058131022,0.22326176,0.0027517932,0.4,0.0,0.091219045,0.0035564797
375316653866487564,5952292409871440512,0.45332792,2235.464361042949,1.334379156352109,1.069466E-4,18.217577,0.0070940326,0.39569625,0.0061032516,0.025493601,0.007043667,0.29637828,0.21448067,0.68545675,0.03399525,0.033747062,0.0181851,0.54215986,4.3781834,null,null,null,null,"TWOGAUSSIANS",8,3.21091,0.68545675,0.03399525,0.18898356,0.101836555,0.54215986,4.3781834,0.39569625,0.0061032516,0.14276417,0.039444536,0.29637828,0.21448067
375316653866487564,5952292886586521216,0.44025043,2223.4230526952,2.3288367466033533,1.790043E-5,16.078693,0.05938173,0.29848495,0.013159602,0.11014476,0.035255983,0.26705635,0.046363115,0.81559175,0.018587077,0.088836834,0.023232417,0.26052782,0.06886193,null,null,null,null,"TWOGAUSSIANS",8,152.8342,0.29848495,0.013159602,0.4,0.0,0.24913059,0.035710238,0.8156117,0.018614832,0.4,0.0,0.24262421,0.04347426
375316653866487564,5952292890908098560,0.43306825,2276.057890177907,4.161152598981319,1.733339E-5,18.862038,0.009239267,0.16429889,0.0073532583,0.03642576,0.0054167355,0.13936344,0.02451807,0.5798121,0.013202562,0.013526745,0.017979965,0.12699328,0.010249758,null,null,null,null,"TWOGAUSSIANS",8,4.933354,0.16429889,0.0073532583,0.20398425,0.03033372,0.13936344,0.02451807,0.5798121,0.013202562,0.07574978,0.1006878,0.12699328,0.010249758
375316653866487564,5952293337622180352,0.6198418,2237.411430450801,2.528229406381839,6.724388E-6,16.888058,0.009185674,0.28007993,0.0016920551,0.0534731,0.0032112154,0.21879204,0.022380976,0.7779621,0.0011044365,0.05430421,0.0038006722,0.24935941,0.01608271,0.085696466,0.011683003,0.28007993,0.0016920551,"TWOGAUSSIANS_WITH_ELLIPSOIDAL_ON_ECLIPSE1",9,7.6837387,0.7782521,8.9708774E-4,0.30410358,0.021283764,0.42071706,0.010333203,0.28007993,0.0016920551,0.29944935,0.017982805,0.39017582,0.006484918
375316653866487564,5952293612462688768,0.42683938,2235.467057466684,3.0706230398094,1.8629535E-5,19.485405,0.03302267,0.29968354,0.01236781,0.06882805,0.012610784,0.72452754,0.063027404,0.7982115,0.0034492938,0.076216705,0.009284512,0.58720195,0.06387311,null,null,null,null,"TWOGAUSSIANS",8,8.707982,0.29968354,0.01236781,0.38543704,0.06880545,0.7212432,0.06361772,0.7982115,0.0034492938,0.4,0.0,0.5839176,0.065157115
375316653866487564,5952293681187893504,0.5315136,2254.458757512694,2.699459334511963,1.8185649E-5,19.795816,0.0125141265,0.27712002,0.005341664,0.071664885,0.0055732857,0.74449074,0.06447554,0.7779618,0.0024560574,0.06877887,0.0043208622,0.5575357,0.030534735,null,null,null,null,"TWOGAUSSIANS",8,2.40039,0.27712002,0.005341664,0.4,0.0138738435,0.7422546,0.06520481,0.7779618,0.0024560574,0.38516167,0.024012774,0.5552996,0.03098592
375316653866487564,5952294192279770368,0.4669343,2229.2325857794217,0.07745515553116034,7.3332485E-5,18.481415,0.004580552,0.3080168,0.008938347,0.08792341,0.010277139,0.26060477,0.10281666,0.7575615,0.0034440844,0.03672506,0.010894517,0.1647923,0.05008888,null,null,null,null,"TWOGAUSSIANS",8,3.896251,0.3080168,0.008938347,0.4,0.0,0.26058048,0.10283664,0.7575615,0.0034440844,0.20566033,0.061009295,0.16476855,0.05012893
375316653866487564,5952294432805556992,0.46215323,2233.457331822569,1.3593721258400184,5.9330832E-5,19.544962,0.0074383356,0.19117248,0.010080618,0.06488747,0.015753713,0.071743995,0.009359525,0.666508,0.0064140526,0.054806087,0.011524743,0.22219327,0.02781885,null,null,null,null,"TWOGAUSSIANS",8,1.6436824,0.666508,0.0064140526,0.3069141,0.06453857,0.22217733,0.027859226,0.19117248,0.010080618,0.36336985,0.08572171,0.07172804,0.009353654
375316653866487564,5952294608895697152,0.5798446,2235.5788154564348,2.243444318546991,1.0907562E-5,18.638557,0.008156686,0.22953688,0.0015653546,0.08618818,0.0029165407,0.41002557,0.009593736,0.728447,0.0033747032,0.08747459,0.0029692987,0.3874266,0.015819598,null,null,null,null,"TWOGAUSSIANS",8,2.1092246,0.22953688,0.0015653546,0.4,0.0,0.39762267,0.009052428,0.728447,0.0033747032,0.4,0.0,0.3750237,0.014969955
375316653866487564,5952294673315757568,0.4750321,2233.7378640124443,2.814973651849807,6.640276E-6,18.38736,0.05076237,0.23286851,0.0019442709,0.2042767,0.017973809,0.7554727,0.057217278,0.7293371,0.0019571825,0.17191754,0.010024153,0.7175648,0.019541463,null,null,null,null,"TWOGAUSSIANS",8,4.5389166,0.7293371,0.0019571825,0.4,0.0,0.19318072,0.0069975113,0.2343185,0.0021511544,0.4,0.0,0.17642379,0.004086355
375316653866487564,5952294677615422336,0.46413952,2243.701290269092,2.9295748077124317,9.912496E-5,19.717943,0.019512387,0.23594275,0.016248992,0.0813982,0.021560749,0.2625009,0.041454647,0.73650664,0.0058054393,0.08641633,0.009825781,0.33134705,0.021196995,null,null,null,null,"TWOGAUSSIANS",8,3.3484423,0.73650664,0.0058054393,0.4,0.0,0.32443076,0.018432856,0.23594275,0.016248992,0.4,0.050846417,0.25558466,0.043802027
375316653866487564,5952295257411245184,0.54760563,2218.5426838904796,3.520288093915782,1.1016361E-5,17.598417,0.028977996,0.24713567,0.0050061904,0.09991981,0.014125138,0.26388097,0.025143534,0.71963483,0.0035485015,0.10535445,0.010824116,0.2761544,0.02684824,null,null,null,null,"TWOGAUSSIANS",8,5.794899,0.71963483,0.0035485015,0.4,0.0,0.25627536,0.010948634,0.24715567,0.0050390554,0.4,0.0,0.24401085,0.009455485
375316653866487564,5952295399170170112,0.54319793,2238.8251704011022,2.9207124877784527,2.1885753E-5,19.757942,0.013266605,0.19999117,0.0030185736,0.08504811,0.0041617877,0.5437877,0.015551428,0.7062655,0.0045208046,0.08727429,0.007226361,0.4888047,0.046165895,null,null,null,null,"TWOGAUSSIANS",8,1.6511688,0.19999117,0.0030185736,0.4,0.0,0.53002924,0.013844169,0.7062655,0.0045208046,0.4,0.0,0.4750462,0.0494903
375316653866487564,5952295807171771648,0.54296887,2236.5106879510013,2.6202659886994066,1.9528543E-5,17.134304,0.6930051,0.2223481,0.005695774,0.162199,0.092846945,0.4238252,0.67855024,0.71760213,0.0040594577,0.13288315,0.03926813,0.45115587,0.5119338,null,null,null,null,"TWOGAUSSIANS",8,11.686993,0.71760213,0.0040594577,0.4,0.0,0.2584791,0.012893792,0.22251809,0.0055164173,0.4,0.0,0.22456472,0.016549878
375316653866487564,5952295845846827008,0.44281295,2281.8096335685796,3.8107008506573954,6.11528E-5,19.932327,0.10241298,0.09531635,4.507057E-4,0.01038172,0.0013498074,0.52063394,0.047324706,0.38341403,0.10078285,0.08845643,0.19321935,0.14469035,0.08618092,null,null,null,null,"TWOGAUSSIANS",8,2.2490444,0.09532635,3.5339294E-4,0.05813763,0.007558921,0.52135336,0.053754102,0.38341403,0.10078285,0.4,0.03641907,0.14469032,0.055282895
375316653866487564,5952296189445064704,0.5146959,2250.3632441709783,2.1345154120148773,3.207047E-5,18.457584,0.023620063,0.26779163,0.0066955974,0.0998976,0.018795453,0.17181663,0.01932982,0.76444143,0.005293864,0.10871374,0.015255802,0.21475798,0.020071885,null,null,null,null,"TWOGAUSSIANS",8,3.0081258,0.76444143,0.005293864,0.4,0.0,0.19378038,0.01227546,0.26779163,0.006705999,0.4,0.0,0.15084884,0.009969955
375316653866487564,5952296876639262592,0.4353386,2252.361802963693,3.564776342136,5.2796215E-5,19.652267,0.024783,0.24045518,0.0081049595,0.07365232,0.013695201,0.23279034,0.031921342,0.7143237,0.014397882,0.07837013,0.018204771,0.24266428,0.03212751,null,null,null,null,"TWOGAUSSIANS",8,3.974893,0.7143237,0.014397882,0.4,0.041124124,0.24147248,0.031826705,0.24045518,0.0081049595,0.4,0.024688372,0.23159854,0.031587254
375316653866487564,5952297048437673344,0.55684346,2243.1938928215513,1.9329130396082352,2.503371E-5,18.13219,0.0058453,0.30442247,0.0035774785,0.08325581,0.005845088,0.2625753,0.00798547,0.80326754,0.0029766874,0.07674017,0.0051349704,0.19411601,0.007078965,null,null,null,null,"TWOGAUSSIANS",8,2.4463513,0.30442247,0.0035774785,0.4,0.0,0.25921583,0.008320382,0.80326754,0.0029766874,0.4,0.0,0.19075654,0.0068270992
375316653866487564,5952297288992375936,0.5833498,2240.2369692712464,3.5095958152697047,1.44481155E-5,17.185131,0.0038859113,0.23440896,0.0021593177,0.07457375,0.003716992,0.17205264,0.0070557212,0.7421285,0.002582362,0.07233335,0.002808964,0.20778653,0.004755277,null,null,null,null,"TWOGAUSSIANS",8,3.4346068,0.7421285,0.002582362,0.4,0.0020188321,0.20682473,0.0045562806,0.23440896,0.0021593177,0.4,0.0,0.17109086,0.0071200766
375316653866487564,5952297593870998016,0.5710901,2248.0315247275103,2.034399338119466,1.3978805E-5,16.0936,0.073630534,0.23362832,0.0027630327,0.12770668,0.025043102,0.16815495,0.0709707,0.7331317,0.0033683267,0.13319352,0.03013101,0.16742744,0.07225622,null,null,null,null,"TWOGAUSSIANS",8,4.1281986,0.23363832,0.0027626627,0.4,0.0,0.11517017,0.0034824817,0.7331317,0.0034146921,0.4,0.0,0.11430882,0.0040721386
375316653866487564,5952297770028758528,0.5472998,2241.4843337322263,3.5209813796184903,1.6045527E-5,19.13647,0.011009198,0.24820654,0.003775585,0.0772528,0.004633457,0.31140456,0.015146871,0.75465125,0.0034216463,0.081038125,0.005490368,0.3449305,0.020298904,null,null,null,null,"TWOGAUSSIANS",8,2.0179906,0.75465125,0.0034216463,0.4,0.0,0.34100294,0.020625504,0.24820654,0.003775585,0.4,0.0,0.307477,0.014454174
375316653866487564,5952297868748994048,0.60743666,2248.962927843402,3.172607609104316,1.011671E-5,17.237715,0.010233722,0.24689445,0.0016598514,0.047569912,0.0063657523,0.40534863,0.15824959,0.7505923,0.0023568163,0.04096536,0.0043167067,0.29686847,0.022739224,0.12583575,0.013599032,0.24689445,0.0016598514,"TWOGAUSSIANS_WITH_ELLIPSOIDAL_ON_ECLIPSE1",9,12.565234,0.24689445,0.0016598514,0.26639152,0.035648216,0.6570196,0.1684301,0.7505923,0.0023568163,0.22940601,0.024173558,0.5484036,0.010107323
375316653866487564,5952298079230826368,0.40048563,2253.7579196308693,0.11165153907883507,3.804003E-5,18.377127,0.010457507,0.22205545,0.011665934,0.0043708105,0.007118825,0.33119354,3.3971292E7,null,null,null,null,null,null,0.057826467,0.021402128,0.22205545,0.011665934,"ONEGAUSSIAN_WITH_ELLIPSOIDAL",6,9.4640465,0.22205545,0.011665934,0.02447654,0.03986542,0.44684643,3.3971292E7,null,null,null,null,null,null
375316653866487564,5952298216669925632,0.53469026,2240.869015223016,2.70038434144338,2.3493454E-5,18.449059,0.006048609,0.18926398,0.004809313,0.077372655,0.0067490637,0.14174101,0.008821277,0.6895778,0.0040853615,0.08743747,0.005128389,0.24476188,0.010191044,null,null,null,null,"TWOGAUSSIANS",8,2.0235085,0.6895778,0.0040853615,0.4,0.0,0.24100088,0.009930353,0.18926398,0.004809313,0.4,0.0,0.13798004,0.00859519
375316653866487564,5952298349785480832,0.5687631,2257.1262418960205,1.7295484084882335,7.72777E-6,16.535383,0.002759101,0.24066004,0.0047354815,0.07021028,0.005705885,0.0582226,0.0040666196,0.7397404,0.001012735,0.057632584,0.0018383795,0.1610126,0.005322365,null,null,null,null,"TWOGAUSSIANS",8,4.422389,0.7397404,0.001012735,0.32274246,0.010294925,0.16092868,0.005319005,0.24066004,0.0047354815,0.39317754,0.025323587,0.058138672,0.004057338
375316653866487564,5952298968281844736,0.44865233,2219.9059400443407,3.20432431463878,5.289604E-5,18.903805,0.12571202,0.2259124,0.006763141,0.08246123,0.03087963,0.2031702,0.10886378,0.7247338,0.013252189,0.13015936,0.06488203,0.25576833,0.107959256,null,null,null,null,"TWOGAUSSIANS",8,7.6887093,0.7247338,0.013252189,0.4,0.0,0.22745346,0.028180936,0.2259224,0.0069284406,0.4,0.0067014857,0.175175,0.024147738
375316653866487564,5952299110071845504,0.51541954,2230.298101658317,3.1372693766785256,2.2493296E-5,19.47722,0.12405438,0.2774822,0.0043574725,0.12704358,0.023541823,0.47735915,0.12020329,0.77184373,0.0075788344,0.11059598,0.022276955,0.5238845,0.1157365,null,null,null,null,"TWOGAUSSIANS",8,2.0097811,0.77184373,0.0075788344,0.4,0.0,0.42109337,0.022794886,0.2774922,0.0043403185,0.4,0.0,0.37418786,0.017151944
