Gaia/vari_eclipsing_binary/VariEclipsingBinary_345056-345271.csv
# %ECSV 1.0
# ---
# delimiter: ','
# meta: !!omap
# - RELEASE: Gaia DR3
# - TABLE: vari_eclipsing_binary
# - DESCRIPTION: >
#     This table describes the properties of the eclipsing binaries resulting from the variability analysis. 
# - CITATION: >
#     How to cite and acknowledge Gaia: 
#     https://gea.esac.esa.int/archive/documentation/credits.html 
# - KNOWN_ISSUES: >
#     Known issues: 
#     https://www.cosmos.esa.int/web/gaia-users/known-issues 
# - DOCUMENTATION: >
#     Tutorials and documentation: 
#     https://www.cosmos.esa.int/web/gaia-users/archive 
# datatype:
# - 
#   name: solution_id
#   datatype: int64
#   description: Solution Identifier
#   meta:
#     ucd: meta.version
# - 
#   name: source_id
#   datatype: int64
#   description: Unique source identifier
#   meta:
#     ucd: meta.id;meta.main
# - 
#   name: global_ranking
#   datatype: float32
#   description: Number between 0 (worst) and 1 (best)
#   meta:
#     ucd: stat.param
# - 
#   name: reference_time
#   datatype: float64
#   unit: d
#   description: Reference time used for the geometric model fit
#   meta:
#     ucd: time.epoch
# - 
#   name: frequency
#   datatype: float64
#   unit: d**-1
#   description: Frequency of geometric model of the eclipsing binary light curve
#   meta:
#     ucd: src.orbital
# - 
#   name: frequency_error
#   datatype: float32
#   unit: d**-1
#   description: "Uncertainty of \\texttt{frequency}"
#   meta:
#     ucd: stat.error
# - 
#   name: geom_model_reference_level
#   datatype: float32
#   unit: mag
#   description: Magnitude reference level of geometric model
#   meta:
#     ucd: phot.mag;em.opt
# - 
#   name: geom_model_reference_level_error
#   datatype: float32
#   unit: mag
#   description: "Uncertainty of \\texttt{geomModelReferenceLevel}"
#   meta:
#     ucd: stat.error;phot.mag;em.opt
# - 
#   name: geom_model_gaussian1_phase
#   datatype: float32
#   description: Phase of the Gaussian 1 component
#   meta:
#     ucd: time.phase
# - 
#   name: geom_model_gaussian1_phase_error
#   datatype: float32
#   description: "Uncertainty of \\texttt{geomModelGaussian1Phase}"
#   meta:
#     ucd: stat.error;time.phase
# - 
#   name: geom_model_gaussian1_sigma
#   datatype: float32
#   description: "Standard deviation [phase] of Gaussian 1 component"
#   meta:
#     ucd: stat.stdev
# - 
#   name: geom_model_gaussian1_sigma_error
#   datatype: float32
#   description: "Uncertainty of \\texttt{geomModelGaussian1Sigma}"
#   meta:
#     ucd: stat.error
# - 
#   name: geom_model_gaussian1_depth
#   datatype: float32
#   unit: mag
#   description: Magnitude depth of Gaussian 1 component
#   meta:
#     ucd: src.var.amplitude
# - 
#   name: geom_model_gaussian1_depth_error
#   datatype: float32
#   unit: mag
#   description: "Uncertainty of \\texttt{geomModelGaussian1Depth}"
#   meta:
#     ucd: stat.error;src.var.amplitude
# - 
#   name: geom_model_gaussian2_phase
#   datatype: float32
#   description: Phase of Gaussian 2 component
#   meta:
#     ucd: time.phase
# - 
#   name: geom_model_gaussian2_phase_error
#   datatype: float32
#   description: "Uncertainty of \\texttt{geomModelGaussian2Phase}"
#   meta:
#     ucd: stat.error;time.phase
# - 
#   name: geom_model_gaussian2_sigma
#   datatype: float32
[...]
#   datatype: float32
#   description: "Secondary eclipse: uncertainty of \\texttt{derivedSecondaryEclDuration}"
#   meta:
#     ucd: stat.error;time.duration
# - 
#   name: derived_secondary_ecl_depth
#   datatype: float32
#   unit: mag
#   description: "Secondary eclipse: depth"
#   meta:
#     ucd: src.var.amplitude
# - 
#   name: derived_secondary_ecl_depth_error
#   datatype: float32
#   unit: mag
#   description: "Secondary eclipse: uncertainty of \\texttt{derivedSecondaryEclDepth}"
#   meta:
#     ucd: stat.error;src.var.amplitude
solution_id,source_id,global_ranking,reference_time,frequency,frequency_error,geom_model_reference_level,geom_model_reference_level_error,geom_model_gaussian1_phase,geom_model_gaussian1_phase_error,geom_model_gaussian1_sigma,geom_model_gaussian1_sigma_error,geom_model_gaussian1_depth,geom_model_gaussian1_depth_error,geom_model_gaussian2_phase,geom_model_gaussian2_phase_error,geom_model_gaussian2_sigma,geom_model_gaussian2_sigma_error,geom_model_gaussian2_depth,geom_model_gaussian2_depth_error,geom_model_cosine_half_period_amplitude,geom_model_cosine_half_period_amplitude_error,geom_model_cosine_half_period_phase,geom_model_cosine_half_period_phase_error,model_type,num_model_parameters,reduced_chi2,derived_primary_ecl_phase,derived_primary_ecl_phase_error,derived_primary_ecl_duration,derived_primary_ecl_duration_error,derived_primary_ecl_depth,derived_primary_ecl_depth_error,derived_secondary_ecl_phase,derived_secondary_ecl_phase_error,derived_secondary_ecl_duration,derived_secondary_ecl_duration_error,derived_secondary_ecl_depth,derived_secondary_ecl_depth_error
[from data line 431]
375316653866487564,3035994080963323520,0.5654222,2149.5118382157075,3.603238821162817,8.593548E-6,18.233517,0.0074495124,0.2549314,0.002177137,0.07802078,0.0034041617,0.34270176,0.008200181,0.7511114,0.0024482582,0.080335155,0.0025696415,0.41541898,0.009189624,null,null,null,null,"TWOGAUSSIANS",8,3.9025831,0.7511114,0.0024482582,0.4,0.0,0.41063166,0.008227363,0.2549314,0.002177137,0.4,0.0,0.33791444,0.0076678367
375316653866487564,3036000304377017728,0.6176545,2157.1125144645866,3.001189470872347,6.5181275E-6,15.425165,0.011599656,0.30412337,0.0015667125,0.06096445,0.0038056201,0.30548152,0.025249427,0.81452274,0.0023794496,0.050071422,0.0047154156,0.22059675,0.025396302,0.08741342,0.013419113,0.30412337,0.0015667125,"TWOGAUSSIANS_WITH_ELLIPSOIDAL_ON_ECLIPSE1",9,64.04688,0.30412337,0.0015667125,0.34140092,0.021311473,0.48024058,0.01158554,0.81452274,0.0023794496,0.28039995,0.02640633,0.39461043,0.015032715
375316653866487564,3036002739617580544,0.48835212,2132.0048773464428,0.7508229568698143,6.170209E-5,19.316813,0.008719787,0.520062,0.068016924,0.024131114,0.12364528,0.034723587,0.108879775,0.7114562,0.0023944152,0.020462072,0.0023279435,0.46203113,0.067051105,null,null,null,null,"TWOGAUSSIANS",8,2.765551,0.7114562,0.0023944152,0.114587605,0.013036483,0.46203113,0.067399375,0.520062,0.068016924,0.13513424,0.26911414,0.034723587,0.10889821
375316653866487564,3036009547146776064,0.6888275,2164.144480447749,0.828055373968971,1.8181639E-6,16.959238,0.0024807407,0.21165375,2.403813E-4,0.028449649,7.367349E-4,1.0839138,0.040888492,0.71425474,0.0015590778,0.029569728,0.0018893131,0.1483628,0.0061183837,0.021508906,0.0041637747,0.21165375,2.403813E-4,"TWOGAUSSIANS_WITH_ELLIPSOIDAL_ON_ECLIPSE1",9,5.3185344,0.21165375,2.403813E-4,0.15931803,0.0041257152,1.1269315,0.04279052,0.71425474,0.0015590778,0.16559048,0.010580153,0.19136907,0.004868516
375316653866487564,3036012089767481344,0.64524806,2150.185078381758,0.32521692544699815,1.015261E-5,14.905847,0.0028331764,0.19691731,0.00744049,0.024898384,0.0053194067,0.054486353,0.006343404,0.68597925,8.739846E-4,0.029389484,6.221403E-4,1.2515485,0.023818169,null,null,null,null,"TWOGAUSSIANS",8,71.91714,0.68597925,8.739846E-4,0.16458112,0.0034839856,1.2515485,0.023818169,0.19691731,0.00744049,0.13943096,0.029788679,0.054486353,0.006343404
375316653866487564,3036014838545946496,0.62381154,2154.6499826917643,2.928925259591584,5.3190424E-6,16.36352,0.015536911,0.22970618,0.0039059445,0.045954384,0.007913717,0.51365095,0.052851014,0.7302571,0.0031110216,0.04380518,0.005081737,0.3520444,0.038663212,0.11896103,0.02218935,0.22970618,0.0039059445,"TWOGAUSSIANS_WITH_ELLIPSOIDAL_ON_ECLIPSE1",9,27.224094,0.22970618,0.0039059445,0.25734454,0.044316817,0.7515723,0.07291985,0.7302571,0.0029322226,0.24530901,0.028457727,0.5899629,0.030912569
375316653866487564,3036020576622732672,0.5084667,2148.9424605459194,0.975657138298768,6.4389237E-6,15.527092,0.0036892605,0.335637,0.003913584,0.027207615,0.003941251,0.21399559,0.034760762,0.8308697,8.111668E-4,0.027747434,0.0013941475,0.260792,0.007206073,null,null,null,null,"TWOGAUSSIANS",8,63.599873,0.8308697,8.111668E-4,0.15538563,0.007807226,0.260792,0.007206073,0.335637,0.003913584,0.15236264,0.022071004,0.21399559,0.034760762
375316653866487564,3036023772077681536,0.62384284,2135.515409209262,1.9379696365225871,3.593456E-6,14.946247,0.008502989,0.24763724,0.0014379453,0.066950105,0.0037316568,0.21165198,0.02060943,0.7419009,0.001061952,0.055317804,0.0041986564,0.23305498,0.022223366,0.09118406,0.012874575,0.7419009,0.001061952,"TWOGAUSSIANS_WITH_ELLIPSOIDAL_ON_ECLIPSE2",9,38.251247,0.7419009,0.001061952,0.3097797,0.023512475,0.41527158,0.017035656,0.24629726,9.979126E-4,0.37492058,0.020897279,0.39368704,0.01015368
375316653866487564,3036028406345373824,0.44504017,2196.1160668284897,0.5414862316742899,3.3813663E-5,17.728333,0.002100407,0.29699436,0.0036855205,0.042727944,0.009769409,0.03403753,0.011241784,0.646227,0.015189938,0.017571792,0.021941492,0.050218027,1.43402576E8,0.033362847,0.0033030221,0.29699436,0.0036855205,"TWOGAUSSIANS_WITH_ELLIPSOIDAL_ON_ECLIPSE1",9,5.783137,0.29699436,0.0036855205,0.23927648,0.054708693,0.10076321,0.011003316,0.648717,0.010020132,0.09840204,0.12287236,0.07345874,1.43402576E8
375316653866487564,3036031228141475840,0.50219834,2174.2592485597065,2.7020820892377975,1.46383045E-5,15.418877,0.003602074,0.20636526,0.0024987631,0.045048192,0.005388107,0.074983716,0.010115791,0.71052104,0.0034009095,0.049554177,0.004816612,0.08724183,0.009335583,0.039210033,0.0052714236,0.20636526,0.0024987631,"TWOGAUSSIANS_WITH_ELLIPSOIDAL_ON_ECLIPSE1",9,25.909977,0.71052104,0.0034009095,0.2775034,0.026973028,0.16560823,0.007038111,0.20636526,0.0024987631,0.25226986,0.030173399,0.15340357,0.007716285
375316653866487564,3036033358445186176,0.5942647,2168.835675224988,3.218532600441017,1.0517334E-5,17.416838,0.0056795017,0.2129937,0.0023967375,0.083543204,0.0027496538,0.40637702,0.008238968,0.7084698,0.0017515586,0.08215651,0.0023007914,0.44655034,0.011570233,null,null,null,null,"TWOGAUSSIANS",8,10.375307,0.7084698,0.0017515586,0.4,0.0,0.43828896,0.011498224,0.2129937,0.0023967375,0.4,0.0,0.39811563,0.00792529
375316653866487564,3036034286158115328,0.41956255,2155.976108375173,0.37460492893534714,3.5327106E-5,18.532179,0.06428943,0.2609152,0.005699392,0.15056667,0.015121687,0.45441198,0.042853586,0.7575054,0.005904164,0.22146414,0.030143231,0.4943851,0.065148376,null,null,null,null,"TWOGAUSSIANS",8,14.812468,0.26253518,0.005859759,0.4,0.0,0.15877184,0.010425948,0.7575054,0.005904164,0.4,0.0,0.12508681,0.0072930534
375316653866487564,3036035003415201792,0.5288965,2147.7051073644084,3.060247856187539,1.0982889E-5,19.135427,0.0069034537,0.3131745,0.0033188248,0.08697445,0.0045268442,0.35095856,0.015058256,0.8035671,0.0037077763,0.0811817,0.0038773103,0.3349292,0.017109396,null,null,null,null,"TWOGAUSSIANS",8,2.3070006,0.3131745,0.0033188248,0.4,0.0,0.3440102,0.015522233,0.8035671,0.0037077763,0.4,0.0,0.3279809,0.01740023
375316653866487564,3036042085818854272,0.50892127,2157.4427479789983,3.9338517894337284,1.0635119E-5,19.714458,0.013335497,0.30012113,0.004751539,0.0729348,0.0058389194,0.4913841,0.03473688,0.7910482,0.0037883744,0.07569472,0.005907171,0.37045106,0.028703973,null,null,null,null,"TWOGAUSSIANS",8,2.2994442,0.30012113,0.004751539,0.4,0.015293727,0.48897403,0.034931485,0.7910482,0.0037883744,0.4,0.0,0.368041,0.029066999
375316653866487564,3036047926974381696,0.60746765,2175.2341967004363,2.03270877948328,1.11575855E-5,17.342457,0.017915599,0.17636044,0.010963151,0.04307933,0.0077036386,0.21135163,0.045702353,0.6677458,0.0027331677,0.047115363,0.0039790636,0.75522304,0.03733008,0.074449524,0.01936487,0.17636044,0.010963151,"TWOGAUSSIANS_WITH_ELLIPSOIDAL_ON_ECLIPSE1",9,21.026001,0.6680358,0.0025209426,0.26384604,0.022282755,0.9036994,0.036545146,0.17636044,0.010963151,0.24124426,0.043140378,0.36024934,0.04706456
375316653866487564,3036051393008299648,0.45681754,2176.4122635873287,2.346321350254341,3.183826E-5,18.801653,0.04086607,0.26075995,0.008121606,0.11091126,0.017828261,0.1736255,0.041266378,0.77812546,0.007965748,0.12014984,0.0367577,0.11495919,0.037763588,null,null,null,null,"TWOGAUSSIANS",8,4.030072,0.26069996,0.008134617,0.4,0.0,0.15101203,0.014378266,0.7781755,0.00792128,0.4,0.0,0.09231554,0.010142655
375316653866487564,3036055486115909888,0.6132267,2180.7598741362613,2.5800375611322917,5.7633342E-6,17.29996,0.01993025,0.24449757,0.001774565,0.067640625,0.004101902,0.3119845,0.042475075,0.7446551,0.0012058772,0.06286465,0.004553134,0.32044297,0.03902302,0.08168629,0.02123886,0.24449757,0.001774565,"TWOGAUSSIANS_WITH_ELLIPSOIDAL_ON_ECLIPSE1",9,8.370823,0.7446551,0.0011303088,0.352042,0.025497552,0.48336542,0.010224168,0.24449757,0.001774565,0.37878752,0.02297065,0.4749071,0.010712711
375316653866487564,3036056993646033280,0.609981,2155.6754912279134,3.7509366077266795,5.429584E-6,18.747726,0.0040095323,0.22858144,0.0016289693,0.07010519,0.002023862,0.60720706,0.012089823,0.72347623,0.0020229234,0.06812216,0.0016929256,0.58595127,0.01174797,null,null,null,null,"TWOGAUSSIANS",8,2.2138453,0.22858144,0.0016289693,0.39258906,0.011333628,0.6057032,0.012207433,0.72347623,0.0020229234,0.3814841,0.009480383,0.5844473,0.011789315
375316653866487564,3036058990809140992,0.5500604,2175.3679068750507,2.797550117814477,3.0043534E-6,17.63363,0.0058400086,0.46850458,0.09049217,0.12504536,0.13695431,0.020654492,0.013986389,0.7714942,0.001251397,0.047653273,0.001607702,0.55544776,0.03311931,null,null,null,null,"TWOGAUSSIANS",8,13.214944,0.7714942,0.001251397,0.26685834,0.009003132,0.55651796,0.03372317,0.46850458,0.090501055,0.4,0.28090903,0.02062796,0.014041866
375316653866487564,3036059678004629120,0.5403495,2134.284916257818,2.444345806049423,1.4057655E-5,16.705593,0.027478438,0.3018358,0.004727554,0.106157735,0.012384954,0.22855887,0.026308421,0.7926137,0.0038775417,0.11085057,0.012358812,0.24963668,0.0259578,null,null,null,null,"TWOGAUSSIANS",8,12.755933,0.7926137,0.0038775417,0.4,0.0,0.21918008,0.009678925,0.3018458,0.0047233673,0.4,0.0,0.1981151,0.0070827934
375316653866487564,3036061494770523904,0.508919,2127.0075483005558,1.6769018470482528,5.0988507E-5,18.970104,0.004084925,0.21448538,0.013963679,0.027103847,0.008846503,0.21200937,0.057941947,0.71828705,0.008956797,0.032792956,0.0077134925,0.45727643,0.14396006,null,null,null,null,"TWOGAUSSIANS",8,2.195751,0.71828705,0.008956797,0.18364054,0.043195557,0.45727643,0.14396006,0.21448538,0.013963679,0.15178154,0.049540415,0.21200937,0.057941947
375316653866487564,3036062869160099328,0.5146836,2151.7330103320874,3.808496798518423,2.594539E-5,18.718521,0.065196745,0.2483549,0.004366676,0.11604061,0.024123497,0.22963949,0.06224438,0.747678,0.012443618,0.116180256,0.037280273,0.1773618,0.061938733,null,null,null,null,"TWOGAUSSIANS",8,1.4677508,0.2483549,0.0043272777,0.4,0.0,0.19026896,0.0057201814,0.747678,0.0124472175,0.4,0.0,0.13800026,0.008846809
375316653866487564,3036064552787288448,0.6823457,2143.2889807711886,1.9571327400922993,1.9075192E-6,15.973258,0.004373205,0.26841208,0.0022136562,0.03804088,0.0023562105,0.19578265,0.010211243,0.7898236,5.540871E-4,0.043967564,0.0019272312,0.2826791,0.009720065,0.14802468,0.006153018,0.7898236,5.540871E-4,"TWOGAUSSIANS_WITH_ELLIPSOIDAL_ON_ECLIPSE2",9,11.494634,0.7898236,5.540871E-4,0.24621835,0.010792495,0.5787279,0.010827219,0.2715521,0.0020658942,0.21302894,0.013194779,0.48728085,0.0054155276
375316653866487564,3036065068183346560,0.51928073,2175.0274050329435,4.2692468878557985,1.5962249E-5,19.187113,0.025077214,0.232833,0.004536578,0.09630261,0.009993923,0.2736209,0.024190636,0.7510535,0.010746228,0.0963528,0.017594982,0.2933029,0.039382137,null,null,null,null,"TWOGAUSSIANS",8,2.3280103,0.7510535,0.010746228,0.4,0.0,0.27809638,0.046283077,0.232833,0.0045362175,0.4,0.0,0.25841445,0.014384061
375316653866487564,3036065205622346496,0.5207241,2132.6021241612816,1.195695042847282,6.831549E-6,18.221106,0.00253553,0.33783156,0.017858323,0.0075943554,0.0065626246,0.36480227,0.29287207,0.85335946,0.049317446,0.013838104,0.002345548,0.116566285,0.07393019,null,null,null,null,"TWOGAUSSIANS",8,2.6389894,0.33783156,0.017858323,0.04252839,0.036750697,0.36480227,0.29287207,0.85335946,0.049317446,0.07749338,0.013135069,0.116566285,0.07393019
375316653866487564,3036068538517046784,0.61613053,2143.9937048706083,2.868062661114541,3.7422976E-6,16.924355,0.008913617,0.2593791,0.0023636639,0.046007756,0.0025068538,0.508319,0.022786984,0.75573254,0.0017656697,0.042760897,0.0017461958,0.6798755,0.02809208,0.060559,0.012142865,0.2593791,0.0023636639,"TWOGAUSSIANS_WITH_ELLIPSOIDAL_ON_ECLIPSE1",9,24.384424,0.7558225,0.0017158512,0.23946102,0.009778697,0.8009312,0.021761065,0.2593791,0.0023636639,0.25764343,0.014038382,0.62943673,0.014556832
375316653866487564,3036069985925941248,0.5704618,2150.8367638754357,0.3197021337706383,4.2257394E-5,16.158623,0.0014947563,0.40440464,0.0038242328,0.02056422,0.0054652854,0.022371264,0.0048897513,0.54621774,0.039216366,0.027960738,0.015770845,0.49266547,0.40062922,null,null,null,null,"TWOGAUSSIANS",8,6.184868,0.54621774,0.039216366,0.15658014,0.08831673,0.49266547,0.40062922,0.40440464,0.0038297742,0.11515964,0.030605597,0.022372544,0.004894358
375316653866487564,3036072528546446848,0.566317,2098.4882311123733,3.5951374109694463,5.1783463E-6,18.684214,0.005679815,0.26867774,0.0039021748,0.07780667,0.0038552142,0.4096967,0.025152063,0.7629578,0.0011530485,0.08322309,0.00330451,0.34779513,0.019198904,null,null,null,null,"TWOGAUSSIANS",8,2.0788634,0.26867774,0.0039021748,0.4,0.0,0.40427125,0.025888016,0.7629578,0.0011530485,0.4,0.0,0.34236968,0.02003412
375316653866487564,3036074968087943424,0.548651,2124.817608378563,3.531954930807597,9.567935E-6,18.511637,0.008684936,0.22702734,0.004040609,0.07659654,0.0047145546,0.339246,0.012653268,0.7250773,0.003549911,0.079206295,0.0036388016,0.3944043,0.018087858,null,null,null,null,"TWOGAUSSIANS",8,4.485886,0.7250773,0.003549911,0.4,0.0,0.39032274,0.017994512,0.22702734,0.004040609,0.4,0.0,0.33516443,0.012491906
375316653866487564,3036075204306831744,0.598163,2154.8171721477142,3.2741205826706947,4.6762493E-6,17.776442,0.008745897,0.32782245,0.0019451574,0.04656862,0.0047991634,0.15326266,0.021837622,0.8168615,0.0037122564,0.057079714,0.004581137,0.25080502,0.021066662,0.103938706,0.011038049,0.32782245,0.0019451574,"TWOGAUSSIANS_WITH_ELLIPSOIDAL_ON_ECLIPSE1",9,4.3652897,0.81878155,0.0028483742,0.31964642,0.025654368,0.45786276,0.01344081,0.32782245,0.0019451574,0.26078427,0.026875315,0.36113235,0.009008158
375316653866487564,3036076170679618304,0.4335969,2157.5605534178153,0.9219659570954508,4.40796E-5,15.451206,0.009434374,0.21056822,0.0073100077,0.054984264,0.010768709,0.1132731,0.023765108,0.73382515,0.017964805,0.07418277,0.020133661,0.19707082,0.03460146,null,null,null,null,"TWOGAUSSIANS",8,47.295902,0.73382515,0.017964805,0.4,0.02467627,0.19698673,0.035046138,0.21056822,0.0073100077,0.30791187,0.06030477,0.11318901,0.023804186
375316653866487564,3036078399762115968,0.47682124,2190.3739760501744,2.517364726268515,2.6575124E-5,18.882654,0.008657228,0.24366248,0.00890158,0.03521213,0.0076860697,0.23873454,0.033855394,0.74848056,0.0039669997,0.035806898,0.009247821,0.43235987,1.2151737,null,null,null,null,"TWOGAUSSIANS",8,9.424948,0.74848056,0.0039669997,0.20051864,0.051787797,0.43235987,1.2151737,0.24366248,0.00890158,0.19718793,0.04304199,0.23873454,0.033855394
375316653866487564,3036078885100061952,0.5388221,2166.7231076167777,3.6630457243248884,1.1862327E-5,17.433638,0.0127060665,0.32502934,0.0035439166,0.095528126,0.0070573357,0.24152763,0.0123533625,0.8172741,0.0032644758,0.091491885,0.00792894,0.19463263,0.012631467,null,null,null,null,"TWOGAUSSIANS",8,7.43885,0.32502934,0.0035439166,0.4,0.0,0.23063429,0.008132571,0.8172741,0.0032644758,0.4,0.0,0.18373974,0.010539865
375316653866487564,3036081255920281216,0.44362247,2168.899992601383,0.8658672228760614,1.6526508E-5,19.185772,0.008193467,0.43776533,0.02071558,0.111134544,0.021647036,0.07605351,0.012698687,0.784906,0.00816832,0.04034157,0.00623992,0.31151113,0.115726165,null,null,null,null,"TWOGAUSSIANS",8,3.512723,0.784906,0.00816832,0.22591281,0.03494355,0.31207147,0.115848996,0.43776533,0.02071558,0.4,0.0,0.07603516,0.012691762
375316653866487564,3036083764177103488,0.5810771,2185.0678119906565,3.7400094383557345,6.9652674E-6,18.76672,0.009055766,0.28502807,0.0027100192,0.04656506,0.0078281965,0.2611316,0.04732782,0.77662855,0.0053069787,0.038881257,0.005375286,0.15139703,0.023475984,0.11521108,0.011920529,0.28502807,0.0027100192,"TWOGAUSSIANS_WITH_ELLIPSOIDAL_ON_ECLIPSE1",9,2.1658711,0.28502807,0.0027100192,0.26076433,0.0438379,0.49155363,0.05346678,0.7779185,0.004231766,0.21773504,0.030101601,0.38127625,0.0123372385
