Gaia/vari_eclipsing_binary/VariEclipsingBinary_496944-497073.csv
# %ECSV 1.0
# ---
# delimiter: ','
# meta: !!omap
# - RELEASE: Gaia DR3
# - TABLE: vari_eclipsing_binary
# - DESCRIPTION: >
#     This table describes the properties of the eclipsing binaries resulting from the variability analysis. 
# - CITATION: >
#     How to cite and acknowledge Gaia: 
#     https://gea.esac.esa.int/archive/documentation/credits.html 
# - KNOWN_ISSUES: >
#     Known issues: 
#     https://www.cosmos.esa.int/web/gaia-users/known-issues 
# - DOCUMENTATION: >
#     Tutorials and documentation: 
#     https://www.cosmos.esa.int/web/gaia-users/archive 
# datatype:
# - 
#   name: solution_id
#   datatype: int64
#   description: Solution Identifier
#   meta:
#     ucd: meta.version
# - 
#   name: source_id
#   datatype: int64
#   description: Unique source identifier
#   meta:
#     ucd: meta.id;meta.main
# - 
#   name: global_ranking
#   datatype: float32
#   description: Number between 0 (worst) and 1 (best)
#   meta:
#     ucd: stat.param
# - 
#   name: reference_time
#   datatype: float64
#   unit: d
#   description: Reference time used for the geometric model fit
#   meta:
#     ucd: time.epoch
# - 
#   name: frequency
#   datatype: float64
#   unit: d**-1
#   description: Frequency of geometric model of the eclipsing binary light curve
#   meta:
#     ucd: src.orbital
# - 
#   name: frequency_error
#   datatype: float32
#   unit: d**-1
#   description: "Uncertainty of \\texttt{frequency}"
#   meta:
#     ucd: stat.error
# - 
#   name: geom_model_reference_level
#   datatype: float32
#   unit: mag
#   description: Magnitude reference level of geometric model
#   meta:
#     ucd: phot.mag;em.opt
# - 
#   name: geom_model_reference_level_error
#   datatype: float32
#   unit: mag
#   description: "Uncertainty of \\texttt{geomModelReferenceLevel}"
#   meta:
#     ucd: stat.error;phot.mag;em.opt
# - 
#   name: geom_model_gaussian1_phase
#   datatype: float32
#   description: Phase of the Gaussian 1 component
#   meta:
#     ucd: time.phase
# - 
#   name: geom_model_gaussian1_phase_error
#   datatype: float32
#   description: "Uncertainty of \\texttt{geomModelGaussian1Phase}"
#   meta:
#     ucd: stat.error;time.phase
# - 
#   name: geom_model_gaussian1_sigma
#   datatype: float32
#   description: "Standard deviation [phase] of Gaussian 1 component"
#   meta:
#     ucd: stat.stdev
# - 
#   name: geom_model_gaussian1_sigma_error
#   datatype: float32
#   description: "Uncertainty of \\texttt{geomModelGaussian1Sigma}"
#   meta:
#     ucd: stat.error
# - 
#   name: geom_model_gaussian1_depth
#   datatype: float32
#   unit: mag
#   description: Magnitude depth of Gaussian 1 component
#   meta:
#     ucd: src.var.amplitude
# - 
#   name: geom_model_gaussian1_depth_error
#   datatype: float32
#   unit: mag
#   description: "Uncertainty of \\texttt{geomModelGaussian1Depth}"
#   meta:
#     ucd: stat.error;src.var.amplitude
# - 
#   name: geom_model_gaussian2_phase
#   datatype: float32
#   description: Phase of Gaussian 2 component
#   meta:
#     ucd: time.phase
# - 
#   name: geom_model_gaussian2_phase_error
#   datatype: float32
#   description: "Uncertainty of \\texttt{geomModelGaussian2Phase}"
#   meta:
#     ucd: stat.error;time.phase
# - 
#   name: geom_model_gaussian2_sigma
#   datatype: float32
[...]
#   datatype: float32
#   description: "Secondary eclipse: uncertainty of \\texttt{derivedSecondaryEclDuration}"
#   meta:
#     ucd: stat.error;time.duration
# - 
#   name: derived_secondary_ecl_depth
#   datatype: float32
#   unit: mag
#   description: "Secondary eclipse: depth"
#   meta:
#     ucd: src.var.amplitude
# - 
#   name: derived_secondary_ecl_depth_error
#   datatype: float32
#   unit: mag
#   description: "Secondary eclipse: uncertainty of \\texttt{derivedSecondaryEclDepth}"
#   meta:
#     ucd: stat.error;src.var.amplitude
solution_id,source_id,global_ranking,reference_time,frequency,frequency_error,geom_model_reference_level,geom_model_reference_level_error,geom_model_gaussian1_phase,geom_model_gaussian1_phase_error,geom_model_gaussian1_sigma,geom_model_gaussian1_sigma_error,geom_model_gaussian1_depth,geom_model_gaussian1_depth_error,geom_model_gaussian2_phase,geom_model_gaussian2_phase_error,geom_model_gaussian2_sigma,geom_model_gaussian2_sigma_error,geom_model_gaussian2_depth,geom_model_gaussian2_depth_error,geom_model_cosine_half_period_amplitude,geom_model_cosine_half_period_amplitude_error,geom_model_cosine_half_period_phase,geom_model_cosine_half_period_phase_error,model_type,num_model_parameters,reduced_chi2,derived_primary_ecl_phase,derived_primary_ecl_phase_error,derived_primary_ecl_duration,derived_primary_ecl_duration_error,derived_primary_ecl_depth,derived_primary_ecl_depth_error,derived_secondary_ecl_phase,derived_secondary_ecl_phase_error,derived_secondary_ecl_duration,derived_secondary_ecl_duration_error,derived_secondary_ecl_depth,derived_secondary_ecl_depth_error
[from data line 256]
375316653866487564,4371720320090495232,0.4781652,2467.6255675257917,4.054010366315151,3.222237E-5,19.75869,0.016365469,0.16047904,0.002950073,0.07959635,0.008169774,0.302123,0.017549288,0.6564611,0.0057907496,0.08492363,0.011127178,0.30226758,0.039228536,null,null,null,null,"TWOGAUSSIANS",8,1.4334235,0.6564611,0.0057907496,0.4,0.0,0.29673332,0.04188203,0.16047904,0.002950073,0.4,0.0,0.29658875,0.015319717
375316653866487564,4371720427465245184,0.64527774,2412.2449742799945,4.155782373270369,5.3442304E-6,17.461538,0.005178907,0.2919608,9.5809565E-4,0.04248915,0.0014654667,0.73620427,0.030224446,0.7862591,0.0014738842,0.04656461,0.0017574386,0.33633155,0.013360773,0.1281337,0.008409433,0.2919608,9.5809565E-4,"TWOGAUSSIANS_WITH_ELLIPSOIDAL_ON_ECLIPSE1",9,7.5959644,0.2919608,9.5809565E-4,0.23793922,0.008206613,0.9924715,0.028966848,0.7869191,0.001260425,0.2607618,0.009841656,0.5923079,0.0073631625
375316653866487564,4371721664415852288,0.6666644,2432.5349902752623,0.20496162097421136,2.5091692E-6,14.316643,0.0035960048,0.23724958,0.0019379151,0.035074558,0.003234915,0.16029635,0.0193893,0.735079,3.1106838E-4,0.030791061,5.4027786E-4,0.57112294,0.009689102,0.030827045,0.0053085415,0.23724958,0.0019379151,"TWOGAUSSIANS_WITH_ELLIPSOIDAL_ON_ECLIPSE1",9,66.14831,0.73509896,3.096541E-4,0.17242993,0.003025556,0.63276553,0.0063913553,0.23724958,0.0019379151,0.19641753,0.018115524,0.22195031,0.020065244
375316653866487564,4371723996582782976,0.65413004,2434.6956002477423,3.301940856885653,2.9269E-6,17.382004,0.006582654,0.22122525,0.0010280819,0.046905246,0.0022017166,0.30591363,0.016089648,0.723992,9.655362E-4,0.04753173,0.0016840496,0.41780484,0.017197147,0.116798975,0.00917568,0.22122525,0.0010280819,"TWOGAUSSIANS_WITH_ELLIPSOIDAL_ON_ECLIPSE1",9,5.6677747,0.723992,9.655362E-4,0.26617768,0.009430678,0.6513311,0.0117395185,0.22122525,0.0010280819,0.26266938,0.012329614,0.5395105,0.008621847
375316653866487564,4371725955091072640,0.41314673,2456.012272112387,3.946627649087642,3.5544962E-4,18.386288,0.015962714,0.28482097,0.026189884,0.09459753,0.028139833,0.16007556,0.036544703,0.6888996,0.026273519,0.060164873,0.017172134,0.4121265,0.09961826,null,null,null,null,"TWOGAUSSIANS",8,7.062208,0.6888996,0.026273519,0.3369233,0.09616395,0.41187638,0.09969079,0.28482097,0.026189884,0.4,0.0,0.15980797,0.036496058
375316653866487564,4371728532068312320,0.56251585,2429.8028191247677,2.4082724945309777,1.71506E-5,18.343842,0.00667633,0.2641212,0.0011988701,0.040297147,0.0015304481,0.73611647,0.019912276,0.7588409,5.569753E-4,0.03372357,0.0015007168,0.6684416,0.032020185,null,null,null,null,"TWOGAUSSIANS",8,12.91623,0.2641212,0.0011988701,0.22566402,0.00857051,0.73611647,0.019912276,0.7588409,5.569753E-4,0.188852,0.008404014,0.6684416,0.032020185
375316653866487564,4371729287990855424,0.5363817,2254.488701662965,3.2871784093435905,1.4293403E-5,19.447165,0.020820033,0.29930958,0.005265776,0.0852298,0.0067939525,0.4996012,0.027542518,0.7834899,0.0105088195,0.08542206,0.011946594,0.55516565,0.026996503,null,null,null,null,"TWOGAUSSIANS",8,3.203353,0.7834899,0.0105088195,0.4,0.0,0.5442365,0.025983922,0.29930958,0.005265776,0.4,0.0,0.48867202,0.025162106
375316653866487564,4371732900048675968,0.46347314,2265.5403985638854,3.17729508831276,4.092324E-5,16.643946,0.03311495,0.24068111,0.015705405,0.09547386,0.016718855,0.25859112,0.038709875,0.74220216,0.012215425,0.07573813,0.02762385,0.2803228,0.0367737,null,null,null,null,"TWOGAUSSIANS",8,116.88446,0.74220216,0.012215425,0.4,0.04456369,0.2730395,0.04785509,0.24068111,0.015705405,0.4,0.0,0.25130725,0.02694863
375316653866487564,4371734480596735360,0.60420907,2263.4520581548936,2.606314398780286,5.4969746E-6,15.628362,0.011072411,0.21973772,0.0084365895,0.06815582,0.019286579,0.092556514,0.02585079,0.73451203,0.0028347685,0.040843986,0.016777975,0.09711947,0.024253119,0.109261245,0.015908107,0.73451203,0.0028347685,"TWOGAUSSIANS_WITH_ELLIPSOIDAL_ON_ECLIPSE2",9,35.389404,0.73451203,0.0028347685,0.22872633,0.093956664,0.315593,0.028004251,0.22660773,0.00269337,0.3816726,0.09773493,0.31002247,0.01833451
375316653866487564,4371735305230395264,0.47066176,2269.960689088136,3.0856328319243542,1.460866E-5,17.999245,0.59079266,0.2288707,0.01011683,0.15962085,0.12767541,0.3087198,0.5749463,0.7266228,0.004739684,0.1364293,0.05522451,0.31937116,0.4711186,null,null,null,null,"TWOGAUSSIANS",8,7.0425434,0.7266228,0.004735257,0.4,0.0,0.17601328,0.01118863,0.2289707,0.01042691,0.4,0.0,0.16156311,0.021392327
375316653866487564,4371737912275538432,0.46935794,2239.1077046977857,3.641422875582599,2.7044784E-5,19.694792,0.069901906,0.21849228,0.005977305,0.109602794,0.027434664,0.23416385,0.06693198,0.69964087,0.01240756,0.10580806,0.036198735,0.22666548,0.057921033,null,null,null,null,"TWOGAUSSIANS",8,1.4698386,0.21850228,0.0059366166,0.4,0.0,0.20883627,0.03765457,0.69964087,0.01240756,0.4,0.0,0.2013477,0.033009607
375316653866487564,4371739836416048128,0.58878833,2237.6333895476246,2.6692627151656634,1.05210365E-5,17.90103,0.0060987724,0.20579286,0.0038417121,0.07537032,0.0038655633,0.37107405,0.012365916,0.705136,0.0034580366,0.07830707,0.004263541,0.36602116,0.015947035,null,null,null,null,"TWOGAUSSIANS",8,4.5857463,0.20579286,0.0038417121,0.4,0.0,0.36742052,0.012287266,0.705136,0.0034580366,0.4,0.0,0.36236763,0.01635148
375316653866487564,4371744852942368000,0.53699267,2263.3154665062093,3.594791074947803,1.3060208E-5,19.189444,0.0190264,0.20827359,0.0037171147,0.0754253,0.005455309,0.5042803,0.035913907,0.69354224,0.0048954757,0.080875754,0.01016094,0.51019317,0.047466073,null,null,null,null,"TWOGAUSSIANS",8,3.0537345,0.69354224,0.0048954757,0.4,0.0,0.5057156,0.0494851,0.20827359,0.0037171147,0.4,0.0,0.49980274,0.035952065
375316653866487564,4371748082754389248,0.5808119,2272.412929443277,1.6501951082362751,4.948733E-6,15.126603,0.018307634,0.22390485,0.0027411717,0.1161367,0.012218859,0.17297287,0.0167654,0.727147,0.0043237954,0.11098177,0.009390777,0.17041183,0.017954258,null,null,null,null,"TWOGAUSSIANS",8,10.216085,0.22389485,0.002748236,0.4,0.0,0.14350088,0.004050672,0.727157,0.004330936,0.4,0.0,0.14095928,0.005506979
375316653866487564,4371750006899856768,0.46156037,2260.0317733250486,0.2446713109092279,5.716962E-5,18.746067,0.008943144,0.24028471,0.013420815,0.08978036,0.015732788,0.14149417,0.029492112,0.729335,0.014522591,0.062270354,0.020679686,0.18905476,0.132444,null,null,null,null,"TWOGAUSSIANS",8,2.57394,0.729335,0.014522591,0.34871396,0.112498954,0.18795326,0.13347523,0.24028471,0.013420815,0.4,0.0,0.14039262,0.029758006
375316653866487564,4371750487936260736,0.6316877,2255.263277851594,2.3748619616322677,4.188803E-6,17.417297,0.0032381497,0.31029418,0.00119446,0.03602592,0.0076467344,0.15804692,0.08809398,0.81226164,0.004938424,0.04448013,0.0041895946,0.13143052,0.018190306,0.120896414,0.0059581217,0.31029418,0.00119446,"TWOGAUSSIANS_WITH_ELLIPSOIDAL_ON_ECLIPSE1",9,2.7559438,0.31029418,0.00119446,0.20174514,0.042821713,0.39983922,0.09197153,0.81226164,0.004724446,0.24908872,0.023461731,0.37318584,0.016934156
375316653866487564,4371751179429687424,0.5278313,2251.927133267933,0.8932248205960424,7.8127465E-5,14.807151,0.0018174809,0.21527544,0.03762643,0.074315205,0.01993693,0.014065355,0.0056703733,0.7692829,0.0029715106,0.012333245,0.0020539935,0.19113612,0.07305948,null,null,null,null,"TWOGAUSSIANS",8,38.086468,0.7692829,0.0029715106,0.069066174,0.011502364,0.19113612,0.07305948,0.21527544,0.03762643,0.4,0.075159,0.014065355,0.0056703733
375316653866487564,4371754782902505856,0.5279701,2248.1811785002174,4.100823413089378,1.1670031E-5,19.284771,0.01751167,0.26563624,0.006990441,0.07831364,0.010048881,0.3290565,0.025324134,0.7745828,0.008148765,0.07369754,0.0067581506,0.37381017,0.023591235,null,null,null,null,"TWOGAUSSIANS",8,3.3478658,0.7745828,0.008148765,0.4,0.0036668952,0.37123618,0.021845164,0.26563624,0.006990441,0.4,0.0,0.3264825,0.025395844
375316653866487564,4371755336953431808,0.47054505,2312.020929540577,0.6045577852039351,1.0556985E-4,19.750103,0.18571432,0.09792367,0.013367237,0.049567178,0.019846953,0.26614475,0.15850857,0.5145343,0.025793636,0.1724746,0.064639784,0.3364076,0.18443145,null,null,null,null,"TWOGAUSSIANS",8,3.2554953,0.5145343,0.025793636,0.4,0.0,0.31784177,0.07932642,0.10014368,0.010548346,0.2775762,0.11114293,0.26713356,0.1582052
375316653866487564,4371757535976671616,0.5951635,2223.893085887013,4.190300333140931,8.056087E-6,19.148512,0.012682497,0.21952522,0.0032787563,0.039613273,0.004949658,0.3461573,0.045751225,0.71771413,0.002471828,0.048372597,0.004554464,0.26562786,0.027832579,0.118099935,0.016806664,0.21952522,0.0032787563,"TWOGAUSSIANS_WITH_ELLIPSOIDAL_ON_ECLIPSE1",9,2.5266001,0.21952522,0.0032787563,0.22183432,0.027718086,0.58235663,0.04568617,0.7179741,0.0020170046,0.27088654,0.025504999,0.5018009,0.014586595
375316653866487564,4371758944730523904,0.5431807,2271.3244673668946,0.9414023300616303,3.1585187E-5,17.414589,0.0026784807,0.27393907,0.002828815,0.03759766,0.0025965539,0.22903514,0.01663798,0.77338934,0.009673077,0.03141815,0.0067794323,0.05754717,0.0130316615,null,null,null,null,"TWOGAUSSIANS",8,4.2285395,0.27393907,0.002828815,0.2105469,0.014540702,0.22903514,0.01663798,0.77338934,0.009673077,0.17594163,0.03796482,0.05754717,0.0130316615
375316653866487564,4371762449423893120,0.52586645,2269.0865003233425,0.1206026023738172,6.4035557E-6,17.067148,0.0022980697,0.18066467,0.026822314,0.06778858,0.020427015,0.01037969,0.0041668983,0.34751758,0.0029195698,0.018243857,0.0026117028,0.099616736,0.018491961,null,null,null,null,"TWOGAUSSIANS",8,1.4420998,0.34751758,0.0029195698,0.102165595,0.014625536,0.10011865,0.018443312,0.18066467,0.026822314,0.37961605,0.07280038,0.01037969,0.0041668983
375316653866487564,4371763750797705728,0.49743417,2266.7170870204372,1.3235356957805744,7.330431E-6,17.840378,0.011897736,0.7768254,0.0021104447,0.03178165,0.0038329144,0.24940495,0.026841829,null,null,null,null,null,null,0.046290897,0.017407665,0.7768254,0.0021104447,"ONEGAUSSIAN_WITH_ELLIPSOIDAL",6,17.543686,0.7768254,0.0021104447,0.17797723,0.021464322,0.3419866,0.011276622,null,null,null,null,null,null
375316653866487564,4371765026404829824,0.5923533,2268.983600635693,3.0068377150561663,1.0251541E-5,15.667899,0.01634177,0.23859327,0.0028378996,0.08780991,0.0054570446,0.39348465,0.019328536,0.73287296,0.005733848,0.09149678,0.007183031,0.36215565,0.016669063,null,null,null,null,"TWOGAUSSIANS",8,60.607376,0.23859327,0.0028378996,0.4,0.0,0.37935886,0.016367631,0.73287296,0.005733848,0.4,0.0,0.3480297,0.012042815
375316653866487564,4371767083693570816,0.48138943,2244.7244885375007,4.1654221794937545,2.9341078E-5,19.794579,0.107647516,0.26933202,0.014296539,0.08407441,0.025847008,0.35603088,0.10551429,0.7839853,0.009856119,0.11570716,0.039723445,0.33220115,0.09326586,null,null,null,null,"TWOGAUSSIANS",8,2.5159273,0.26931202,0.014325447,0.4,0.010645738,0.33170888,0.062601745,0.7839853,0.009862529,0.4,0.0,0.30781215,0.03656363
375316653866487564,4371770416589276160,0.527306,2263.540794615877,1.6147878571885097,1.6433845E-5,16.734997,8.930222E-4,0.77353454,0.0032775882,0.031156117,0.039237276,0.0071621104,1550.995,null,null,null,null,null,null,0.03184135,0.0012908542,0.77353454,0.0032775882,"ONEGAUSSIAN_WITH_ELLIPSOIDAL",6,2.0752988,0.77353454,0.0032775882,0.17447425,0.21972875,0.07084481,1550.9946,null,null,null,null,null,null
375316653866487564,4371776158960372224,0.5300705,2305.2815858781305,3.0387373171078615,1.4991199E-5,19.446705,0.0043216995,0.2402888,0.004418752,0.0187827,0.00458079,0.06767475,0.04523214,null,null,null,null,null,null,0.11597292,0.0054403753,0.2402888,0.004418752,"ONEGAUSSIAN_WITH_ELLIPSOIDAL",6,1.2010726,0.2402888,0.004418752,0.10518312,0.025652425,0.2996202,0.044869423,null,null,null,null,null,null
375316653866487564,4371779320056305664,0.492913,2314.906800403611,0.10159606569800027,4.3982567E-5,15.648771,0.004909356,0.15770113,0.009646489,0.011238314,0.0077098347,0.22817218,0.9032156,0.8646656,0.015142266,0.03373978,0.007126801,0.05153591,0.024963072,0.018741328,0.008495875,0.15770113,0.009646489,"TWOGAUSSIANS_WITH_ELLIPSOIDAL_ON_ECLIPSE1",9,95.622826,0.15770113,0.009646489,0.062934555,0.043175075,0.2656547,0.908167,0.8646656,0.015142266,0.18894276,0.039910085,0.054210223,0.02443011
375316653866487564,4371779453199808768,0.6472267,2287.8494998840893,2.9050730449436077,5.5660025E-6,18.235222,0.0068309885,0.23667446,0.0012598819,0.045256365,0.0031140556,0.22679742,0.016758926,0.73379284,0.003111266,0.049584974,0.0033587571,0.2674717,0.017486107,0.11659831,0.010554706,0.23667446,0.0012598819,"TWOGAUSSIANS_WITH_ELLIPSOIDAL_ON_ECLIPSE1",9,2.1249447,0.7342128,0.0026652655,0.27767587,0.018809041,0.5006015,0.008456653,0.23667446,0.0012598819,0.25343564,0.017438712,0.4599926,0.009094802
375316653866487564,4371780797521936128,0.53971624,2314.7168382401946,3.430703248011753,2.4602583E-5,17.568121,0.0370878,0.2621492,0.0038281537,0.100863785,0.016146224,0.25212777,0.029122619,0.73775023,0.0034480658,0.111700445,0.016845545,0.2483099,0.03337002,null,null,null,null,"TWOGAUSSIANS",8,6.9452863,0.2621892,0.0038287996,0.4,0.0,0.22834434,0.01575421,0.73775023,0.0034480658,0.4,0.0,0.22449775,0.013425677
375316653866487564,4371781239906465408,0.52240515,2294.7029698644715,3.6959883024268123,2.5464393E-5,19.528284,0.011499175,0.2605438,0.0064587966,0.08120103,0.0063106073,0.3011801,0.014787365,0.76160425,0.008688424,0.06772422,0.009321715,0.3893862,0.060906343,null,null,null,null,"TWOGAUSSIANS",8,2.5924728,0.76160425,0.008688424,0.37925562,0.052201603,0.3870435,0.061844666,0.2605438,0.0064587966,0.4,0.0,0.2988374,0.014086361
375316653866487564,4371783477584423936,0.6410438,2297.0516404669193,3.422537258544799,6.8349673E-6,15.921492,0.013887655,0.28301993,0.0016460057,0.059942063,0.005316321,0.14202832,0.03040678,0.78427494,0.004264882,0.058972735,0.008132873,0.18353222,0.028493125,0.08365637,0.015480091,0.28301993,0.0016460057,"TWOGAUSSIANS_WITH_ELLIPSOIDAL_ON_ECLIPSE1",9,13.209677,0.78427494,0.003955491,0.3302473,0.04554409,0.35078818,0.009030267,0.28301993,0.0016460057,0.33567554,0.029771397,0.3092947,0.006200004
375316653866487564,4371785019476629248,0.55454284,2301.5923211901722,2.79583021395121,1.2738031E-5,17.642782,0.01317252,0.24607104,0.0021302318,0.093256645,0.0064522093,0.28029457,0.015245239,0.7301741,0.00335791,0.099761695,0.0059851287,0.32475913,0.012941032,null,null,null,null,"TWOGAUSSIANS",8,5.455902,0.7301741,0.00335791,0.4,0.0,0.30777037,0.008976169,0.24607104,0.0021302318,0.4,0.0,0.26330838,0.014678654
375316653866487564,4371790517035607552,0.57097447,2323.7761099943446,3.073973987794836,9.585002E-6,17.945393,0.02046922,0.25713095,0.0023535022,0.09594064,0.008685406,0.29422635,0.019333722,0.7565697,0.0018190059,0.09523626,0.007007567,0.26638618,0.019384956,null,null,null,null,"TWOGAUSSIANS",8,2.398482,0.25713095,0.0023535022,0.4,0.0,0.27605265,0.011041948,0.7565697,0.0018190059,0.4,0.0,0.2482127,0.012386054
375316653866487564,4371791616556768128,0.54051256,2336.5475946209162,2.225542005461867,1.6374024E-5,18.89644,0.012411866,0.25701442,0.006252011,0.051646564,0.0054794326,0.5410625,0.053552844,0.7796103,0.003770645,0.03931518,0.004304219,0.27582726,0.026905756,null,null,null,null,"TWOGAUSSIANS",8,4.267419,0.25701442,0.006252011,0.28922075,0.030684821,0.5410624,0.05355282,0.7796103,0.003770645,0.22016501,0.024103627,0.2758272,0.026905792
375316653866487564,4371792166303230848,0.6082723,2325.9869659153183,2.4721188906369704,9.69278E-6,16.46681,0.011999143,0.18807276,0.0014976605,0.07927038,0.0030797701,0.4713053,0.013028861,0.69236267,0.011102765,0.08155591,0.010344352,0.49633414,0.024659894,null,null,null,null,"TWOGAUSSIANS",8,21.012396,0.69236267,0.011102765,0.4,0.0,0.48924372,0.019903984,0.18807276,0.0014976605,0.4,0.0,0.4642149,0.010525915
