Gaia/vari_eclipsing_binary/VariEclipsingBinary_469778-469896.csv
# %ECSV 1.0
# ---
# delimiter: ','
# meta: !!omap
# - RELEASE: Gaia DR3
# - TABLE: vari_eclipsing_binary
# - DESCRIPTION: >
#     This table describes the properties of the eclipsing binaries resulting from the variability analysis. 
# - CITATION: >
#     How to cite and acknowledge Gaia: 
#     https://gea.esac.esa.int/archive/documentation/credits.html 
# - KNOWN_ISSUES: >
#     Known issues: 
#     https://www.cosmos.esa.int/web/gaia-users/known-issues 
# - DOCUMENTATION: >
#     Tutorials and documentation: 
#     https://www.cosmos.esa.int/web/gaia-users/archive 
# datatype:
# - 
#   name: solution_id
#   datatype: int64
#   description: Solution Identifier
#   meta:
#     ucd: meta.version
# - 
#   name: source_id
#   datatype: int64
#   description: Unique source identifier
#   meta:
#     ucd: meta.id;meta.main
# - 
#   name: global_ranking
#   datatype: float32
#   description: Number between 0 (worst) and 1 (best)
#   meta:
#     ucd: stat.param
# - 
#   name: reference_time
#   datatype: float64
#   unit: d
#   description: Reference time used for the geometric model fit
#   meta:
#     ucd: time.epoch
# - 
#   name: frequency
#   datatype: float64
#   unit: d**-1
#   description: Frequency of geometric model of the eclipsing binary light curve
#   meta:
#     ucd: src.orbital
# - 
#   name: frequency_error
#   datatype: float32
#   unit: d**-1
#   description: "Uncertainty of \\texttt{frequency}"
#   meta:
#     ucd: stat.error
# - 
#   name: geom_model_reference_level
#   datatype: float32
#   unit: mag
#   description: Magnitude reference level of geometric model
#   meta:
#     ucd: phot.mag;em.opt
# - 
#   name: geom_model_reference_level_error
#   datatype: float32
#   unit: mag
#   description: "Uncertainty of \\texttt{geomModelReferenceLevel}"
#   meta:
#     ucd: stat.error;phot.mag;em.opt
# - 
#   name: geom_model_gaussian1_phase
#   datatype: float32
#   description: Phase of the Gaussian 1 component
#   meta:
#     ucd: time.phase
# - 
#   name: geom_model_gaussian1_phase_error
#   datatype: float32
#   description: "Uncertainty of \\texttt{geomModelGaussian1Phase}"
#   meta:
#     ucd: stat.error;time.phase
# - 
#   name: geom_model_gaussian1_sigma
#   datatype: float32
#   description: "Standard deviation [phase] of Gaussian 1 component"
#   meta:
#     ucd: stat.stdev
# - 
#   name: geom_model_gaussian1_sigma_error
#   datatype: float32
#   description: "Uncertainty of \\texttt{geomModelGaussian1Sigma}"
#   meta:
#     ucd: stat.error
# - 
#   name: geom_model_gaussian1_depth
#   datatype: float32
#   unit: mag
#   description: Magnitude depth of Gaussian 1 component
#   meta:
#     ucd: src.var.amplitude
# - 
#   name: geom_model_gaussian1_depth_error
#   datatype: float32
#   unit: mag
#   description: "Uncertainty of \\texttt{geomModelGaussian1Depth}"
#   meta:
#     ucd: stat.error;src.var.amplitude
# - 
#   name: geom_model_gaussian2_phase
#   datatype: float32
#   description: Phase of Gaussian 2 component
#   meta:
#     ucd: time.phase
# - 
#   name: geom_model_gaussian2_phase_error
#   datatype: float32
#   description: "Uncertainty of \\texttt{geomModelGaussian2Phase}"
#   meta:
#     ucd: stat.error;time.phase
# - 
#   name: geom_model_gaussian2_sigma
#   datatype: float32
[...]
#   datatype: float32
#   description: "Secondary eclipse: uncertainty of \\texttt{derivedSecondaryEclDuration}"
#   meta:
#     ucd: stat.error;time.duration
# - 
#   name: derived_secondary_ecl_depth
#   datatype: float32
#   unit: mag
#   description: "Secondary eclipse: depth"
#   meta:
#     ucd: src.var.amplitude
# - 
#   name: derived_secondary_ecl_depth_error
#   datatype: float32
#   unit: mag
#   description: "Secondary eclipse: uncertainty of \\texttt{derivedSecondaryEclDepth}"
#   meta:
#     ucd: stat.error;src.var.amplitude
solution_id,source_id,global_ranking,reference_time,frequency,frequency_error,geom_model_reference_level,geom_model_reference_level_error,geom_model_gaussian1_phase,geom_model_gaussian1_phase_error,geom_model_gaussian1_sigma,geom_model_gaussian1_sigma_error,geom_model_gaussian1_depth,geom_model_gaussian1_depth_error,geom_model_gaussian2_phase,geom_model_gaussian2_phase_error,geom_model_gaussian2_sigma,geom_model_gaussian2_sigma_error,geom_model_gaussian2_depth,geom_model_gaussian2_depth_error,geom_model_cosine_half_period_amplitude,geom_model_cosine_half_period_amplitude_error,geom_model_cosine_half_period_phase,geom_model_cosine_half_period_phase_error,model_type,num_model_parameters,reduced_chi2,derived_primary_ecl_phase,derived_primary_ecl_phase_error,derived_primary_ecl_duration,derived_primary_ecl_duration_error,derived_primary_ecl_depth,derived_primary_ecl_depth_error,derived_secondary_ecl_phase,derived_secondary_ecl_phase_error,derived_secondary_ecl_duration,derived_secondary_ecl_duration_error,derived_secondary_ecl_depth,derived_secondary_ecl_depth_error
[from data line 148]
375316653866487564,4132600180545152512,0.48788074,2227.8545955093355,3.526127650624257,7.15978E-5,19.489918,0.019148514,0.29351985,0.009429896,0.07276198,0.013759487,0.29536912,0.04028774,0.79696447,0.0072805053,0.08254154,0.014153511,0.31503105,0.022913406,null,null,null,null,"TWOGAUSSIANS",8,2.6937485,0.79696447,0.0072805053,0.4,0.0,0.31184295,0.02445856,0.29351985,0.009429896,0.4,0.040883925,0.29218102,0.04065625
375316653866487564,4132605609384118272,0.52516437,2222.6565683194535,4.0614644405765,1.577404E-5,19.563276,0.017544087,0.26366442,0.0024865596,0.07688945,0.005504587,0.3808256,0.024344664,0.7619671,0.007068007,0.07648853,0.009215412,0.3852512,0.02361276,null,null,null,null,"TWOGAUSSIANS",8,1.7647572,0.7619671,0.007068007,0.4,0.0,0.38161233,0.023251556,0.26366442,0.0024865596,0.4,0.0,0.37718672,0.023365323
375316653866487564,4132607877137813248,0.5015936,2217.59775317643,0.6195148197607522,4.550803E-5,19.413681,0.0045314743,0.4216635,7.209831E-5,0.005688686,1.09782595E-4,0.42608035,0.00567775,0.5774859,0.008960029,0.029226247,0.01183873,0.029178215,0.010479911,null,null,null,null,"TWOGAUSSIANS",8,1.6792247,0.4216635,7.209831E-5,0.03185664,6.1478256E-4,0.42608038,0.0056779096,0.5774859,0.008960029,0.163667,0.06629689,0.029178215,0.010479911
375316653866487564,4132613791303740288,0.49609357,2199.3664506994255,4.185091564870453,6.979767E-5,18.104612,0.0020087063,0.43764377,2.801004E-4,0.0072470037,4.8188822E-4,0.2468102,0.014725522,0.5975032,0.079255894,0.112334765,0.06625931,0.014025483,0.0055228416,null,null,null,null,"TWOGAUSSIANS",8,1.5297414,0.43765375,2.640418E-4,0.040583223,0.002698574,0.25190452,0.013785326,0.5975032,0.079255894,0.4,0.051516008,0.0140240835,0.005502657
375316653866487564,4132614031821890816,0.6143044,2177.7371681157433,2.974731827453378,9.236156E-6,15.86966,0.011820321,0.24742517,0.002186811,0.050857745,0.0061933384,0.14051817,0.026639687,0.74666053,0.0023101103,0.0665461,0.004161874,0.18931605,0.027159126,0.05237375,0.015345957,0.24742517,0.002186811,"TWOGAUSSIANS_WITH_ELLIPSOIDAL_ON_ECLIPSE1",9,20.593683,0.7467805,0.0018610336,0.37265813,0.023306495,0.2939081,0.008249317,0.24742517,0.002186811,0.28480336,0.034682695,0.24511226,0.007316369
375316653866487564,4132614237980333056,0.55162877,2175.4492978658095,3.8112589954782017,2.2306569E-5,17.270647,0.011006687,0.119897515,0.0025934181,0.07453017,0.0038304266,0.31937566,0.013723511,0.61434937,0.004461396,0.082191184,0.0053316206,0.35081032,0.019271672,null,null,null,null,"TWOGAUSSIANS",8,12.634319,0.61434937,0.004461396,0.4,0.0,0.34712303,0.019271446,0.119897515,0.0025934181,0.4,0.0,0.31568837,0.012985607
375316653866487564,4132620835041163904,0.52436864,2224.0344605925893,3.024648381818319,3.2045802E-5,19.399477,0.040671352,0.25662157,0.007425222,0.06806827,0.011120889,0.8857375,0.12405696,0.7875808,0.023719484,0.07710029,0.02644227,0.499761,0.04992832,null,null,null,null,"TWOGAUSSIANS",8,11.999578,0.25662157,0.007425222,0.38118234,0.057492442,0.8841209,0.12538213,0.7875808,0.023719484,0.4,0.10664256,0.49814436,0.04997359
375316653866487564,4132621071264393088,0.57812095,2209.797678943289,3.0699591825826475,9.2877E-6,18.774294,0.01303763,0.21294041,0.0033550528,0.079568386,0.0048650936,0.4780053,0.019319803,0.7040301,0.0030808246,0.08353817,0.005163962,0.45698702,0.014297432,null,null,null,null,"TWOGAUSSIANS",8,3.0857499,0.21294041,0.0033550528,0.4,0.0,0.4708213,0.01891327,0.7040301,0.0030808246,0.4,0.0,0.44980302,0.013891342
375316653866487564,4132621243064059136,0.6243109,2212.9401481193017,3.062436019344325,6.175545E-6,18.305391,0.0090864375,0.2645092,0.001992203,0.056421515,0.0051724426,0.29006177,0.027235035,0.7654967,0.005047762,0.04565897,0.0056526153,0.18482938,0.026252855,0.12385722,0.01716174,0.2645092,0.001992203,"TWOGAUSSIANS_WITH_ELLIPSOIDAL_ON_ECLIPSE1",9,2.4867246,0.2645092,0.001992203,0.3159605,0.028965678,0.5377604,0.017548086,0.7654967,0.004499344,0.25569022,0.031654645,0.43251845,0.016848449
375316653866487564,4132622514382778752,0.5401226,2229.3114708148187,3.2186889723766603,6.269437E-6,18.363346,0.020154253,0.23143698,0.003786332,0.07919277,0.008363976,0.47544822,0.05012852,0.7299432,0.00392614,0.07516233,0.0059734033,0.5707207,0.026194498,null,null,null,null,"TWOGAUSSIANS",8,9.857045,0.7299432,0.00392614,0.4,0.0,0.56542206,0.025427522,0.23143698,0.003786332,0.4,0.0,0.47014958,0.052800007
375316653866487564,4132626534463597568,0.47889984,2236.3252301948905,1.2192831681419243,4.0862178E-5,16.910969,0.0031170466,0.23763633,0.011826499,0.050642535,0.017050209,0.066803604,0.004449556,0.7712071,0.016677506,0.046747446,0.01272285,0.032081716,0.010548369,null,null,null,null,"TWOGAUSSIANS",8,4.281709,0.23763633,0.011826499,0.28359818,0.095481165,0.06680358,0.004449923,0.7712071,0.016677506,0.2617857,0.07124796,0.032081686,0.010548249
375316653866487564,4132626637542798464,0.54345554,2226.5426425351193,0.8170334549213232,2.7778467E-6,17.88996,0.0019227213,0.36632118,8.102942E-6,0.018540824,1.2262996E-4,0.6789,0.004173031,0.6025451,0.0015957995,0.034069363,0.0024804259,0.05288107,0.004978397,null,null,null,null,"TWOGAUSSIANS",8,1.6679993,0.36632118,8.102942E-6,0.10382862,6.867278E-4,0.6789,0.004173031,0.6025451,0.0015957995,0.19078843,0.013890385,0.05288107,0.004978397
375316653866487564,4132627466479158272,0.59209335,2247.8350350772057,3.541412965936958,8.298117E-6,17.320927,0.01194761,0.28152525,0.0018267634,0.08791539,0.0071535576,0.29367206,0.011023688,0.788279,0.0028095546,0.09275047,0.0045998376,0.2858955,0.011738946,null,null,null,null,"TWOGAUSSIANS",8,6.275356,0.28152525,0.0018267634,0.4,0.0,0.2823411,0.013493158,0.788279,0.0028095546,0.4,0.0,0.2745643,0.00676068
375316653866487564,4132630279674676864,0.55779237,2256.955817488912,0.8636024101876121,2.6678357E-5,18.148117,0.0027564645,0.17900583,0.029117996,0.021648552,0.029238472,0.035885274,0.030055339,0.48147315,1.4035965E-5,0.0092397705,4.944352E-5,0.45409277,0.0027967854,null,null,null,null,"TWOGAUSSIANS",8,2.7828174,0.48147315,1.4035965E-5,0.051742718,2.7688371E-4,0.45409277,0.0027967861,0.17900583,0.029117996,0.12123189,0.16373543,0.035885274,0.030055339
375316653866487564,4132630932511518208,0.48935133,2259.731623572104,2.9589239178985953,3.1649957E-5,17.960632,0.05943309,0.24874054,0.0055639865,0.0958145,0.01610656,0.27293846,0.059359558,0.7508829,0.0097592715,0.1111896,0.03189551,0.24961604,0.04835806,null,null,null,null,"TWOGAUSSIANS",8,15.719243,0.24874054,0.0055703796,0.4,0.0,0.24562639,0.029279044,0.7508829,0.0097592715,0.4,0.0,0.22228429,0.028587777
375316653866487564,4132631894584282368,0.4563423,2261.360186533431,3.061246107825611,2.0888596E-5,19.00548,0.00582155,null,null,null,null,null,null,null,null,null,null,null,null,0.10364813,0.00832308,0.24181172,0.0069725183,"ELLIPSOIDAL",4,6.712531,null,null,null,null,null,null,null,null,null,null,null,null
375316653866487564,4132641004215795200,0.5531937,2209.7776239261843,2.383019877113566,8.5519714E-5,18.488003,0.0032683536,0.40635192,0.0022669232,0.013840381,0.0011774916,0.7380893,0.05892984,0.6563176,0.027214248,0.024249831,0.019180391,0.02838478,0.030118303,null,null,null,null,"TWOGAUSSIANS",8,4.154411,0.40635192,0.0022669232,0.07750613,0.0065939534,0.7380893,0.05892984,0.6563176,0.027214248,0.13579905,0.107410185,0.02838478,0.030118303
375316653866487564,4132642172439570176,0.5297701,2239.400101210835,3.347258577562323,1.8845687E-5,19.001171,0.064461656,0.20311141,0.0034301153,0.12051578,0.019261697,0.31419325,0.061954927,0.6846058,0.0114471875,0.103476286,0.017666673,0.40110305,0.07221565,null,null,null,null,"TWOGAUSSIANS",8,1.99147,0.6846058,0.0114471875,0.4,0.0,0.35332748,0.06404609,0.20312141,0.0034122402,0.4,0.0,0.26628965,0.019937426
375316653866487564,4132645333542985344,0.56383574,2230.547563535073,2.1411092835643255,8.375024E-6,18.199066,0.012892037,0.257722,0.002809908,0.09055899,0.0071186293,0.21775338,0.010985373,0.7537757,0.0040539037,0.09146272,0.006690749,0.23952198,0.0142900245,null,null,null,null,"TWOGAUSSIANS",8,1.8166007,0.7537757,0.0040539037,0.4,0.0,0.22963022,0.011319951,0.257722,0.002809908,0.4,0.0,0.20786166,0.007950476
375316653866487564,4132646707925132032,0.46385294,2283.923007127584,4.43502211167374,3.5243185E-5,19.853369,0.012679822,0.26830092,0.007848414,0.03038072,0.012880489,0.06740508,0.036761165,null,null,null,null,null,null,0.08657534,0.017825246,0.26830092,0.007848414,"ONEGAUSSIAN_WITH_ELLIPSOIDAL",6,1.7878665,0.26830092,0.007848414,0.17013204,0.07213074,0.24055544,0.028971395,null,null,null,null,null,null
375316653866487564,4132650899821722112,0.50393724,2227.5829053904745,1.7757880007058309,4.645866E-5,17.893307,0.01975246,0.28470528,0.009930752,0.03642422,0.01145437,0.21900436,0.058344956,0.7719995,0.031813968,0.027260747,0.018673463,0.12951204,0.0687611,0.08604026,0.028212091,0.28470528,0.009930752,"TWOGAUSSIANS_WITH_ELLIPSOIDAL_ON_ECLIPSE1",9,29.537718,0.28470528,0.009930752,0.20397562,0.06414448,0.39108467,0.03143997,0.7729195,0.029346189,0.15266019,0.10457139,0.30057672,0.08149678
375316653866487564,4132658046647017728,0.51304567,2204.8488093271476,3.382391688264829,9.607796E-6,17.000275,0.002881345,null,null,null,null,null,null,null,null,null,null,null,null,0.081944026,0.004256879,0.2975958,0.0039047902,"ELLIPSOIDAL",4,15.253118,null,null,null,null,null,null,null,null,null,null,null,null
375316653866487564,4132658974352484480,0.53680056,2221.89562130744,2.8805053806253116,1.5422676E-5,18.8711,0.029133562,0.22415134,0.0045000836,0.09508349,0.01004942,0.28331563,0.026425678,0.71202004,0.008826183,0.108932726,0.015494881,0.2818592,0.0308212,null,null,null,null,"TWOGAUSSIANS",8,2.0427668,0.22416134,0.004497826,0.4,0.0,0.2592011,0.01363054,0.71202004,0.008826183,0.4,0.0,0.25772846,0.01695294
375316653866487564,4132659008719771008,0.48411214,2221.1217896078506,2.7243497725391905,5.3735253E-5,16.13862,0.014734948,0.27046916,0.017598318,0.087920055,0.02538466,0.13504766,0.03415753,0.7555081,0.013417323,0.092944846,0.020937378,0.14295115,0.015587446,null,null,null,null,"TWOGAUSSIANS",8,68.0636,0.7555081,0.013417323,0.4,0.0,0.13812377,0.012127806,0.27046916,0.017598985,0.4,0.0,0.13022044,0.035905633
375316653866487564,4132660795426052480,0.6569588,2214.7405852784873,1.5061307415895464,8.69948E-6,13.979448,0.06330259,0.31937823,0.0066390857,0.05813962,0.032600064,0.107015766,0.100981094,0.8213746,0.0020315151,0.07086056,0.028416617,0.056494925,0.11665522,0.064988516,0.054039594,0.8213746,0.0020315151,"TWOGAUSSIANS_WITH_ELLIPSOIDAL_ON_ECLIPSE2",9,20.010914,0.31986824,0.005377919,0.32558188,0.09228103,0.236857,0.021029603,0.8213746,0.0020315151,0.3968191,0.053357337,0.18635161,0.004229685
375316653866487564,4132663677355474816,0.5071392,2169.147338247198,2.8357438479894412,2.1085418E-5,18.931494,0.01039485,0.26800737,0.009226407,0.091572165,0.010626694,0.20881163,0.010626741,0.7847294,0.006951825,0.056586344,0.01784343,0.1947081,0.021066368,null,null,null,null,"TWOGAUSSIANS",8,2.6984773,0.26800737,0.009226407,0.4,0.0,0.20791014,0.009454264,0.7847294,0.006951825,0.31688353,0.09992321,0.19380683,0.022676665
375316653866487564,4132664501976886272,0.5479218,2219.665815468467,2.973885115369976,2.4615476E-5,18.922728,0.025070654,0.22353625,0.0024788633,0.08522628,0.0073452857,0.37543085,0.02258225,0.7202827,0.0039006148,0.079169296,0.006815406,0.38787135,0.028849738,null,null,null,null,"TWOGAUSSIANS",8,2.692154,0.7202827,0.0039006148,0.4,0.0,0.38083893,0.025713794,0.22353625,0.0024788633,0.4,0.0,0.3683984,0.017921079
375316653866487564,4132666224264752000,0.58744985,2225.5890946619456,2.002153666005231,8.389487E-6,17.65858,0.003633072,0.34433803,0.0047964714,0.060655948,0.006093015,0.086403824,0.0049931044,0.84868544,0.0011925948,0.045615755,0.0024380072,0.23795043,0.009877894,null,null,null,null,"TWOGAUSSIANS",8,1.811906,0.84868544,0.0011925948,0.25544822,0.013652841,0.23794706,0.009878414,0.34433803,0.0047964714,0.3396733,0.034120884,0.08640046,0.004992572
375316653866487564,4132666911451929088,0.5452234,2167.7962980597404,4.417755445870579,1.9194216E-5,19.198786,0.008028206,0.28368735,0.004699132,0.07067386,0.007690252,0.34277183,0.023009188,0.79185474,0.0032392677,0.079242274,0.00416048,0.30038488,0.017739588,null,null,null,null,"TWOGAUSSIANS",8,2.041934,0.28368735,0.004699132,0.39577362,0.027060166,0.3407313,0.023751356,0.79185474,0.0032392677,0.4,0.0,0.2983443,0.01793612
375316653866487564,4132668217129662720,0.47265574,2219.4825260282373,2.4493548552252475,1.1960235E-5,19.29807,0.026029315,0.2525081,0.049794342,0.09553542,0.113196775,0.07919485,0.04047204,0.7337626,0.005255976,0.056016076,0.0064330166,0.35789582,0.042033035,null,null,null,null,"TWOGAUSSIANS",8,2.7808208,0.7337626,0.005255976,0.31369004,0.03602489,0.3571649,0.041988898,0.2525081,0.049794342,0.4,0.01514396,0.07846364,0.04657951
375316653866487564,4132668388925003648,0.45682114,2287.6421622914054,0.7842109705249268,6.3514264E-5,18.309921,0.03103088,0.31362322,0.07503876,0.054457948,0.11233457,0.055803027,0.022156931,0.7794031,0.0073383953,0.054883666,0.016640458,0.08634003,0.025940768,null,null,null,null,"TWOGAUSSIANS",8,3.807725,0.7794031,0.006684342,0.30734855,0.09260555,0.08633912,0.016328694,0.31362322,0.07503876,0.30496448,0.11804234,0.055802118,0.012123707
375316653866487564,4132670759753281920,0.43134806,2249.2327464227155,0.07269655107020113,1.9176923E-4,18.728994,0.0056876787,0.09247309,0.008338859,0.016352449,0.0047083735,0.40081632,0.47316724,0.700678,0.009550062,0.055180665,0.012248529,0.5753944,0.122434,null,null,null,null,"TWOGAUSSIANS",8,14.584372,0.700678,0.009550062,0.30901173,0.068591766,0.5753944,0.122434,0.09247309,0.008338859,0.091573715,0.02636689,0.40081632,0.47316724
375316653866487564,4132670965908769792,0.514789,2208.561098165785,1.197800623904011,2.5443585E-5,14.929883,7.006913E-4,null,null,null,null,null,null,null,null,null,null,null,null,0.020290032,0.0010366364,0.1931645,0.0043588933,"ELLIPSOIDAL",4,7.2080235,null,null,null,null,null,null,null,null,null,null,null,null
375316653866487564,4132674844258392832,0.5380325,2225.1143192663303,3.689202047235429,1.8713212E-5,19.760185,0.029222874,0.22821704,0.0077593788,0.07447562,0.016597414,0.51118106,0.13490875,0.7309126,0.003425155,0.06325398,0.0060376613,0.64846164,0.058164608,null,null,null,null,"TWOGAUSSIANS",8,3.1377046,0.7309126,0.003425155,0.3542223,0.033810902,0.64700854,0.05817177,0.22821704,0.0077593788,0.4,0.059062373,0.50972795,0.13621692
375316653866487564,4132675806329506560,0.5653092,2200.838841290194,3.2075855577746717,1.1981866E-5,17.193346,0.11333326,0.27387384,0.0025901704,0.120557435,0.020928554,0.24940217,0.10311643,0.7705947,0.004112629,0.14887108,0.041268304,0.2238698,0.1123024,null,null,null,null,"TWOGAUSSIANS",8,3.241736,0.27402383,0.0026089603,0.4,0.0,0.16975495,0.0059820586,0.7705947,0.004112629,0.4,0.0,0.14272024,0.004770513
375316653866487564,4132677047582580352,0.5372948,2196.6247820324797,3.062787690311613,1.1345268E-5,16.765907,0.017426558,0.3140794,0.010779048,0.066856675,0.017787103,0.7020579,0.29322413,0.8221543,0.0020588737,0.057081815,0.0049587395,0.5414467,0.041510023,null,null,null,null,"TWOGAUSSIANS",8,57.23373,0.3140794,0.010779048,0.3743974,0.040169146,0.7017793,0.29430583,0.8221543,0.0020588737,0.31965816,0.02776894,0.5411681,0.041754182
375316653866487564,4132682545140679936,0.47289526,2195.271633416059,3.201379621705574,2.8946522E-5,17.841803,0.0030477417,null,null,null,null,null,null,null,null,null,null,null,null,0.049540073,0.003851391,0.2636496,0.007768403,"ELLIPSOIDAL",4,4.9714093,null,null,null,null,null,null,null,null,null,null,null,null
