Gaia/vari_eclipsing_binary/VariEclipsingBinary_249952-250048.csv
# %ECSV 1.0
# ---
# delimiter: ','
# meta: !!omap
# - RELEASE: Gaia DR3
# - TABLE: vari_eclipsing_binary
# - DESCRIPTION: >
#     This table describes the properties of the eclipsing binaries resulting from the variability analysis. 
# - CITATION: >
#     How to cite and acknowledge Gaia: 
#     https://gea.esac.esa.int/archive/documentation/credits.html 
# - KNOWN_ISSUES: >
#     Known issues: 
#     https://www.cosmos.esa.int/web/gaia-users/known-issues 
# - DOCUMENTATION: >
#     Tutorials and documentation: 
#     https://www.cosmos.esa.int/web/gaia-users/archive 
# datatype:
# - 
#   name: solution_id
#   datatype: int64
#   description: Solution Identifier
#   meta:
#     ucd: meta.version
# - 
#   name: source_id
#   datatype: int64
#   description: Unique source identifier
#   meta:
#     ucd: meta.id;meta.main
# - 
#   name: global_ranking
#   datatype: float32
#   description: Number between 0 (worst) and 1 (best)
#   meta:
#     ucd: stat.param
# - 
#   name: reference_time
#   datatype: float64
#   unit: d
#   description: Reference time used for the geometric model fit
#   meta:
#     ucd: time.epoch
# - 
#   name: frequency
#   datatype: float64
#   unit: d**-1
#   description: Frequency of geometric model of the eclipsing binary light curve
#   meta:
#     ucd: src.orbital
# - 
#   name: frequency_error
#   datatype: float32
#   unit: d**-1
#   description: "Uncertainty of \\texttt{frequency}"
#   meta:
#     ucd: stat.error
# - 
#   name: geom_model_reference_level
#   datatype: float32
#   unit: mag
#   description: Magnitude reference level of geometric model
#   meta:
#     ucd: phot.mag;em.opt
# - 
#   name: geom_model_reference_level_error
#   datatype: float32
#   unit: mag
#   description: "Uncertainty of \\texttt{geomModelReferenceLevel}"
#   meta:
#     ucd: stat.error;phot.mag;em.opt
# - 
#   name: geom_model_gaussian1_phase
#   datatype: float32
#   description: Phase of the Gaussian 1 component
#   meta:
#     ucd: time.phase
# - 
#   name: geom_model_gaussian1_phase_error
#   datatype: float32
#   description: "Uncertainty of \\texttt{geomModelGaussian1Phase}"
#   meta:
#     ucd: stat.error;time.phase
# - 
#   name: geom_model_gaussian1_sigma
#   datatype: float32
#   description: "Standard deviation [phase] of Gaussian 1 component"
#   meta:
#     ucd: stat.stdev
# - 
#   name: geom_model_gaussian1_sigma_error
#   datatype: float32
#   description: "Uncertainty of \\texttt{geomModelGaussian1Sigma}"
#   meta:
#     ucd: stat.error
# - 
#   name: geom_model_gaussian1_depth
#   datatype: float32
#   unit: mag
#   description: Magnitude depth of Gaussian 1 component
#   meta:
#     ucd: src.var.amplitude
# - 
#   name: geom_model_gaussian1_depth_error
#   datatype: float32
#   unit: mag
#   description: "Uncertainty of \\texttt{geomModelGaussian1Depth}"
#   meta:
#     ucd: stat.error;src.var.amplitude
# - 
#   name: geom_model_gaussian2_phase
#   datatype: float32
#   description: Phase of Gaussian 2 component
#   meta:
#     ucd: time.phase
# - 
#   name: geom_model_gaussian2_phase_error
#   datatype: float32
#   description: "Uncertainty of \\texttt{geomModelGaussian2Phase}"
#   meta:
#     ucd: stat.error;time.phase
# - 
#   name: geom_model_gaussian2_sigma
#   datatype: float32
[...]
#   datatype: float32
#   description: "Secondary eclipse: uncertainty of \\texttt{derivedSecondaryEclDuration}"
#   meta:
#     ucd: stat.error;time.duration
# - 
#   name: derived_secondary_ecl_depth
#   datatype: float32
#   unit: mag
#   description: "Secondary eclipse: depth"
#   meta:
#     ucd: src.var.amplitude
# - 
#   name: derived_secondary_ecl_depth_error
#   datatype: float32
#   unit: mag
#   description: "Secondary eclipse: uncertainty of \\texttt{derivedSecondaryEclDepth}"
#   meta:
#     ucd: stat.error;src.var.amplitude
solution_id,source_id,global_ranking,reference_time,frequency,frequency_error,geom_model_reference_level,geom_model_reference_level_error,geom_model_gaussian1_phase,geom_model_gaussian1_phase_error,geom_model_gaussian1_sigma,geom_model_gaussian1_sigma_error,geom_model_gaussian1_depth,geom_model_gaussian1_depth_error,geom_model_gaussian2_phase,geom_model_gaussian2_phase_error,geom_model_gaussian2_sigma,geom_model_gaussian2_sigma_error,geom_model_gaussian2_depth,geom_model_gaussian2_depth_error,geom_model_cosine_half_period_amplitude,geom_model_cosine_half_period_amplitude_error,geom_model_cosine_half_period_phase,geom_model_cosine_half_period_phase_error,model_type,num_model_parameters,reduced_chi2,derived_primary_ecl_phase,derived_primary_ecl_phase_error,derived_primary_ecl_duration,derived_primary_ecl_duration_error,derived_primary_ecl_depth,derived_primary_ecl_depth_error,derived_secondary_ecl_phase,derived_secondary_ecl_phase_error,derived_secondary_ecl_duration,derived_secondary_ecl_duration_error,derived_secondary_ecl_depth,derived_secondary_ecl_depth_error
[from data line 143]
375316653866487564,2198725567085728128,0.465903,2170.5454793490635,0.5333783457096847,2.9485132E-5,19.853739,0.010344536,0.21939103,0.008591706,0.061747573,0.009217773,0.24859427,0.03798446,0.7257934,0.0064838985,0.048047397,0.0062186616,0.36487922,0.03400787,null,null,null,null,"TWOGAUSSIANS",8,2.442256,0.7257934,0.0064838985,0.2690654,0.034824505,0.3648652,0.03401195,0.21939103,0.008591706,0.34578642,0.051619526,0.24858028,0.03799854
375316653866487564,2198726353053386496,0.5560557,2107.4533269893973,0.43637237016874825,2.2520664E-5,18.747568,0.002863214,0.24503094,0.01536544,0.03402889,0.029303495,0.036089424,0.068405874,0.5194819,1.1860689E-5,0.006230237,5.0149203E-5,4.472878,0.1629527,null,null,null,null,"TWOGAUSSIANS",8,0.99369806,0.5194819,1.1860689E-5,0.034889325,2.8083555E-4,4.472878,0.1629527,0.24503094,0.01536544,0.19056179,0.16409956,0.036089424,0.068405874
375316653866487564,2198727525597408384,0.5570921,2123.135190624471,0.6428736598127281,5.6040926E-6,16.172628,0.0012720134,0.24016026,0.0013985293,0.030575013,0.0013874461,0.10733507,0.0054238583,0.7541106,0.051647317,0.04029237,0.046115093,0.016319867,0.023262082,0.013851148,0.0017587636,0.24016026,0.0013985293,"TWOGAUSSIANS_WITH_ELLIPSOIDAL_ON_ECLIPSE1",9,4.125248,0.24016026,0.0013985293,0.17122008,0.0077696983,0.13503733,0.0047624977,0.7541106,0.045374054,0.22563727,0.2582445,0.043809842,0.022172302
375316653866487564,2198728144067006080,0.48160818,2144.6060405742082,3.2346188011060746,1.8489534E-5,19.899776,0.010934887,0.28420877,0.004891547,0.043042682,0.017075216,0.14340897,0.034032788,0.8565462,0.0038041505,0.016648509,0.004692869,0.10564755,0.028643241,0.10480753,0.0145750735,0.28420877,0.004891547,"TWOGAUSSIANS_WITH_ELLIPSOIDAL_ON_ECLIPSE1",9,1.386932,0.28420877,0.004891547,0.24103902,0.09562121,0.3530238,0.040239144,0.8565462,0.0038041505,0.09323165,0.026280066,0.27486113,0.027813504
375316653866487564,2198731163416917504,0.5044342,2127.3564136087525,2.514351042407973,9.5793675E-6,19.391691,0.018210782,0.28335065,0.0046343342,0.07740946,0.008342258,0.5522577,0.07418965,0.77619594,0.0040567284,0.074123085,0.0051245647,0.5981928,0.03745156,null,null,null,null,"TWOGAUSSIANS",8,4.531831,0.77619594,0.0040567284,0.4,0.0,0.5939501,0.037545945,0.28335065,0.0046343342,0.4,0.0,0.54801494,0.07652302
375316653866487564,2198731854924556416,0.5901339,2141.4737918478595,1.5340471528557833,4.324825E-6,14.67172,0.21418983,0.27745935,0.001980592,0.13025129,0.023348102,0.14000009,0.11765946,0.7757879,0.0017179748,0.18365309,0.115745775,0.13099594,0.21228829,null,null,null,null,"TWOGAUSSIANS",8,2.9001782,0.27774936,0.0019149067,0.4,0.0,0.07329276,0.0022208367,0.7757879,0.0017179748,0.4,0.0,0.058025457,0.0013436648
375316653866487564,2198732164162040192,0.63961357,2094.8577649405584,0.7630361712968938,2.2545014E-6,17.04495,0.0027320385,0.22132617,0.001074571,0.034160335,0.0011979394,0.4191164,0.016361082,0.72063893,0.0010896147,0.031876307,0.0023215788,0.30425864,0.028156038,0.023519533,0.0040273285,0.22132617,0.001074571,"TWOGAUSSIANS_WITH_ELLIPSOIDAL_ON_ECLIPSE1",9,2.588126,0.22132617,0.001074571,0.19129786,0.0067084604,0.46615544,0.015262986,0.72064894,0.0010732738,0.17850731,0.013000841,0.35129678,0.028252179
375316653866487564,2198733023155704704,0.47431213,2130.121999647608,3.065556929939902,1.5439247E-5,17.283672,0.015325138,0.2633381,0.0036716051,0.0830535,0.008301686,0.18728496,0.0154553605,0.7586425,0.009252661,0.101457775,0.018557135,0.16357091,0.018513473,null,null,null,null,"TWOGAUSSIANS",8,20.164131,0.2633381,0.0036716051,0.4,0.0,0.17909366,0.012017053,0.7586425,0.009252661,0.4,0.0,0.15537784,0.018717289
375316653866487564,2198733985228508288,0.5313783,2127.9781784917177,0.9271664057663789,1.2947306E-5,15.793345,9.962326E-4,0.21158466,0.0248404,0.018685684,0.015629575,0.035965636,0.05777302,0.714797,0.0018763794,0.017590044,0.004097316,0.06600442,0.009089703,0.0043999217,0.0012323832,0.21158466,0.0248404,"TWOGAUSSIANS_WITH_ELLIPSOIDAL_ON_ECLIPSE1",9,4.5584245,0.714797,0.0018720806,0.098504245,0.02294497,0.07480067,0.009163494,0.21158466,0.0248404,0.10463982,0.08752562,0.044765472,0.057773538
375316653866487564,2198735389664877056,0.51293755,2103.1806851893884,2.863236730758551,9.897394E-6,19.286211,0.018426895,0.25351116,0.0027518445,0.0905258,0.005868085,0.32322776,0.020241262,0.74976283,0.0051457966,0.094577305,0.0108884005,0.346692,0.020974241,null,null,null,null,"TWOGAUSSIANS",8,1.6950036,0.74976283,0.0051457966,0.4,0.0,0.33018216,0.02333271,0.25351116,0.0027518445,0.4,0.0,0.3067184,0.015171026
375316653866487564,2198736149892125184,0.48453903,2096.4930375936533,1.623349303,2.5773525E-5,17.907211,0.0026794001,null,null,null,null,null,null,null,null,null,null,null,null,0.053436816,0.0031809523,0.27027884,0.006744922,"ELLIPSOIDAL",4,3.6612027,null,null,null,null,null,null,null,null,null,null,null,null
375316653866487564,2198736179937967104,0.5987555,2126.57124259316,2.7131989255348583,1.5020368E-5,17.866982,0.02586627,0.21277699,0.0027594096,0.05665059,0.0071808523,0.40268463,0.05187565,0.7187194,0.004119394,0.05126668,0.0061464654,0.35351804,0.059518047,0.115749605,0.029283475,0.21277699,0.0027594096,"TWOGAUSSIANS_WITH_ELLIPSOIDAL_ON_ECLIPSE1",9,12.211137,0.21277699,0.0027594096,0.3172433,0.040212773,0.63415724,0.022414269,0.7187194,0.004119394,0.28709343,0.034420207,0.5846681,0.017775992
375316653866487564,2198739684632282752,0.55773073,2131.3258754708145,1.7133142843128404,8.726414E-6,17.493668,0.005401399,0.22056092,0.0042359815,0.07707437,0.00723149,0.13595444,0.007284588,0.72381145,0.0021258115,0.090789065,0.0035552206,0.19865105,0.005814855,null,null,null,null,"TWOGAUSSIANS",8,3.0151875,0.72381145,0.0021258115,0.4,0.0,0.19493522,0.0048030494,0.22056092,0.0042359815,0.4,0.0,0.13223872,0.007374875
375316653866487564,2198739723304892160,0.569957,2108.9352161426477,0.08305337989535852,3.3268127E-5,15.163652,0.0010067135,0.23279949,0.009816268,0.023598092,0.0042011486,0.25750512,0.2030009,0.7388749,0.0071413293,0.015816838,0.0042460593,0.19154367,0.016961874,null,null,null,null,"TWOGAUSSIANS",8,13.93797,0.23279949,0.009816268,0.13214931,0.023526432,0.25750512,0.2030009,0.7388749,0.0071413293,0.08857429,0.023777934,0.19154367,0.016961874
375316653866487564,2198740925895714816,0.515432,2135.8338398908277,1.4701465570868582,1.4280188E-5,18.535553,0.0030773247,0.43834233,0.046095375,0.038701065,0.033101458,0.018112494,0.0476922,0.62877536,0.005430288,0.04527104,0.003979584,0.22862966,0.01638147,null,null,null,null,"TWOGAUSSIANS",8,1.9322516,0.62877536,0.005430288,0.2535178,0.02228567,0.22862977,0.01638188,0.43860233,0.052759066,0.21672596,0.18536818,0.018145757,0.04752543
375316653866487564,2198744258783247616,0.47726977,2166.706372268673,0.5530954872114265,2.9352237E-5,13.305258,0.0020677417,0.45724422,0.00502594,0.12391346,0.006437514,0.050314587,0.0022937383,0.8477122,0.019829342,0.018221136,0.022151997,0.018242784,0.012966032,null,null,null,null,"TWOGAUSSIANS",8,68.54484,0.45724422,0.00502594,0.4,0.0,0.050285265,0.002278144,0.8477122,0.019829342,0.10203836,0.12405118,0.018564895,0.012989965
375316653866487564,2198748381940561536,0.50691074,2140.280900442739,2.000924597681234,3.1519732E-5,18.237469,0.002115346,0.20309614,0.037642386,0.022004012,0.022782272,0.021597782,3.69821568E8,0.78048074,0.022787185,0.014489234,0.0093818195,0.22570543,0.13680229,0.0063792807,0.00444108,0.20309614,0.037642386,"TWOGAUSSIANS_WITH_ELLIPSOIDAL_ON_ECLIPSE1",9,3.0880566,0.78048074,0.022787185,0.08113971,0.05253819,0.23567803,0.13795005,0.20309614,0.037642386,0.12322246,0.12758073,0.034356333,3.69821568E8
375316653866487564,2198748480729078272,0.44118294,2119.3987439804805,2.653911483245384,4.5883997E-5,18.907566,0.051086538,0.26501146,0.015067833,0.12588555,0.0374668,0.19720882,0.04922735,0.78261185,0.01142203,0.082003884,0.020950887,0.20843765,0.04732111,null,null,null,null,"TWOGAUSSIANS",8,6.5027413,0.78269184,0.011405854,0.4,0.0,0.19093366,0.022225227,0.26501146,0.015067833,0.4,0.0,0.17953497,0.018171385
375316653866487564,2198749545887755520,0.46077716,2123.732085637446,1.1481162398872475,7.115553E-5,18.426796,0.0033459053,0.32960153,0.00417614,0.017554814,0.0060327393,0.5446213,2.0745928,0.83118534,0.015494826,0.03911719,0.013854012,0.26256374,0.15540564,null,null,null,null,"TWOGAUSSIANS",8,3.7183151,0.32960153,0.00417614,0.098306954,0.03378334,0.5446213,2.0745928,0.83118534,0.015494826,0.21905628,0.07758247,0.26256374,0.15540564
375316653866487564,2198750409176514560,0.64726895,2133.4340883808227,0.7273235398550005,1.0076708E-6,15.83013,0.0011495975,0.11796486,8.252412E-7,0.0047488147,8.750482E-6,3.1554258,0.01366132,0.36208257,0.023651836,0.04269075,0.028621778,0.004661784,0.0023445229,null,null,null,null,"TWOGAUSSIANS",8,5.1275277,0.11796486,8.252412E-7,0.026593361,4.90027E-5,3.1554258,0.013661313,0.36208257,0.023651836,0.23906821,0.16028196,0.004661784,0.0023445229
375316653866487564,2198750473594136832,0.63569885,2093.111550787948,0.6085473917987518,1.3865066E-6,17.391735,0.0025353038,0.1635392,0.006203758,0.0053674956,0.0044045346,0.05112107,0.017546989,0.65945584,0.0027905484,0.027912684,0.0016038214,0.8325711,0.027819185,0.010898967,0.003858207,0.1635392,0.006203758,"TWOGAUSSIANS_WITH_ELLIPSOIDAL_ON_ECLIPSE1",9,4.7608776,0.6594658,0.0027903065,0.15631102,0.0089814,0.8543547,0.025677972,0.1635392,0.006203758,0.030057976,0.024665395,0.07291899,0.016650807
375316653866487564,2198751027640972544,0.49333903,2160.3610879980915,2.2499613269751704,2.0035417E-5,19.85855,0.013024446,0.21985662,0.0038197087,0.07245068,0.0042946534,0.31460705,0.016156077,0.71954256,0.028121194,0.08479643,0.022766514,0.27372667,0.026583139,null,null,null,null,"TWOGAUSSIANS",8,1.3861915,0.21985662,0.0038197087,0.4,0.0017715496,0.3109246,0.014051806,0.71954256,0.028121194,0.4,0.038378157,0.2700442,0.024213476
375316653866487564,2198751096360437376,0.51040345,2130.5153932822186,1.0515265040911157,2.518508E-5,19.358555,0.0062139225,0.29393736,0.004431226,0.063666634,0.005996571,0.27028713,0.020061506,0.80274993,0.016410984,0.038476788,0.01572395,0.09492391,0.025777815,null,null,null,null,"TWOGAUSSIANS",8,1.903524,0.29393736,0.004431226,0.35653317,0.0335808,0.2702857,0.020063013,0.80274993,0.016410984,0.21547002,0.08805412,0.09492247,0.025778351
375316653866487564,2198754188747917440,0.5196302,2144.794219094636,0.05834278886547376,8.014927E-6,18.829454,0.002696112,0.32801637,0.0014683891,0.010872567,9.359352E-4,0.5572184,0.040720433,0.43150437,0.051566545,0.054270096,0.045321647,0.017523745,0.01091974,null,null,null,null,"TWOGAUSSIANS",8,1.4647182,0.32803637,0.0014514253,0.060886376,0.005241237,0.56006396,0.031782128,0.43150437,0.051566545,0.30391252,0.24828395,0.017523745,0.01091974
375316653866487564,2198756181601593216,0.5477212,2110.0203667686374,2.400353286526843,6.50846E-6,19.555017,0.00900803,0.24149045,0.002339814,0.079252735,0.0031276373,0.53232664,0.028059795,0.73205656,0.0018920398,0.076026954,0.0036305087,0.5616503,0.0328699,null,null,null,null,"TWOGAUSSIANS",8,1.316068,0.73205656,0.0018920398,0.4,0.0,0.5566238,0.033739194,0.24149045,0.002339814,0.4,0.0,0.5273002,0.028365329
375316653866487564,2198760094320750976,0.6053727,2161.7994575218518,0.25470683765996627,2.793661E-5,15.411448,0.0011375124,0.7766381,0.0021446918,0.012382452,0.0011699795,0.3605447,0.05105684,null,null,null,null,null,null,null,null,null,null,"ONEGAUSSIAN",5,7.6524386,0.7766381,0.0021446918,0.069341734,0.006551885,0.3605447,0.0,null,null,null,null,null,null
375316653866487564,2198762503804400384,0.53058386,2136.3031905860153,0.8913661458524696,9.200021E-6,16.33914,8.8188954E-4,null,null,null,null,null,null,null,null,null,null,null,null,0.035609532,0.001233206,0.24535593,0.003154177,"ELLIPSOIDAL",4,3.6768258,null,null,null,null,null,null,null,null,null,null,null,null
375316653866487564,2198763190999147648,0.50550336,2118.9930937517524,0.9520437301160737,4.083061E-6,18.422247,0.0028016793,0.15723379,0.0130188055,0.032007568,0.007184552,0.07346683,0.010232376,0.67941606,0.0021273782,0.022466153,0.0011868323,0.21495497,0.010105217,null,null,null,null,"TWOGAUSSIANS",8,1.7937249,0.67941606,0.0021273782,0.12581046,0.006646261,0.21495497,0.010105217,0.15723379,0.0130188055,0.17924237,0.04023349,0.07346683,0.010232376
375316653866487564,2198764668471271552,0.4447912,2091.221814509371,0.5493636321628673,1.7863029E-5,19.221907,0.0118218055,0.36963284,0.00820578,0.038599472,0.01104383,0.27583325,0.06380625,0.8565499,4.7526642E-4,0.013446244,0.0010925694,0.551438,0.0491632,null,null,null,null,"TWOGAUSSIANS",8,10.394718,0.8565499,4.7526642E-4,0.075298965,0.006118389,0.551438,0.0491632,0.36963284,0.00820578,0.21615705,0.061845448,0.27583325,0.06380625
375316653866487564,2198765282641472256,0.5273855,2158.888252469749,0.24176110772012505,2.4386757E-6,18.611078,0.0033964033,0.22136414,2.6917728E-4,0.024769459,0.0010176185,0.37471053,0.0021520597,0.68434405,1.890092E-6,6.8047445E-4,1.0846794E-5,0.45145056,0.002822966,null,null,null,null,"TWOGAUSSIANS",8,3.6055725,0.68434405,1.890092E-6,0.003810657,6.0742044E-5,0.45145056,0.002822966,0.22136414,2.6917728E-4,0.13870898,0.0056986636,0.37471053,0.0021520597
375316653866487564,2198767241146699520,0.5388644,2159.544520935923,2.585345595413246,1.0194778E-5,17.948334,0.0076932344,0.27818638,0.002907464,0.08655785,0.004125174,0.25010222,0.008492743,0.783122,0.005949285,0.08914277,0.00603286,0.27985945,0.011260381,null,null,null,null,"TWOGAUSSIANS",8,4.528308,0.783122,0.005949285,0.4,0.0,0.27134007,0.008115462,0.27818638,0.002907464,0.4,0.0,0.24158292,0.0074744322
375316653866487564,2198768993491893376,0.5077588,2126.251927039884,2.966377168355757,2.287307E-5,19.274,0.013771295,0.28086352,0.010147316,0.08585376,0.008904408,0.26631674,0.028119378,0.76666015,0.006926811,0.091748625,0.011195531,0.24748246,0.014594267,null,null,null,null,"TWOGAUSSIANS",8,1.9202796,0.28086352,0.010147316,0.4,0.0,0.25856584,0.026822543,0.76666015,0.006926811,0.4,0.0,0.23973137,0.011801996
375316653866487564,2198770234745667584,0.48256677,2141.8663526843347,0.2212971844890973,1.5043353E-5,16.308058,0.005150158,0.16119592,0.009839606,0.024972545,0.019503923,0.073150195,1.43021488E8,0.7843107,0.022298958,0.030283405,0.0069065127,0.39791563,0.22848488,null,null,null,null,"TWOGAUSSIANS",8,43.10598,0.7843107,0.022298958,0.16958706,0.03867647,0.39791563,0.22848488,0.16119592,0.009839606,0.13984625,0.10922197,0.073150195,1.43021488E8
375316653866487564,2198774353611324800,0.5370847,2161.2006052118936,3.000016276873873,1.2260218E-5,19.474388,0.0072941114,0.09810993,0.008713533,0.014497896,0.009202378,0.11549537,0.45427823,0.41641948,0.003421692,0.06999956,0.0034388825,0.5799478,0.02613976,null,null,null,null,"TWOGAUSSIANS",8,2.9197042,0.41641948,0.003421692,0.39199755,0.018878696,0.5799478,0.02613976,0.09810993,0.008713533,0.08118822,0.051533315,0.11551413,0.45427483
375316653866487564,2198774735871494272,0.5280585,2170.1784070372923,2.630550927544859,1.0267471E-5,19.12943,0.013692306,0.30922166,0.004826989,0.03917576,0.009348002,0.36235934,0.03951004,0.7974377,0.0064977277,0.047951974,0.005395475,0.37368968,0.050344195,0.1312724,0.019654393,0.30922166,0.004826989,"TWOGAUSSIANS_WITH_ELLIPSOIDAL_ON_ECLIPSE1",9,3.7581146,0.79876775,0.005569164,0.26853105,0.03021466,0.6349593,0.04296476,0.30922166,0.004826989,0.21938425,0.05234881,0.62490374,0.028756747
375316653866487564,2198774765928150144,0.46186668,2113.579095905421,0.16470731671820968,3.113233E-5,19.55963,0.007823775,0.3880599,0.0114918435,0.05206863,0.010683606,0.8732465,1.4805796,0.77843654,0.0038338015,0.023418488,0.014108954,0.3469624,20.084312,null,null,null,null,"TWOGAUSSIANS",8,3.7685316,0.3880599,0.0114918435,0.2915843,0.059828196,0.8732465,1.4805796,0.77843654,0.0038338015,0.13114353,0.079010144,0.3469624,20.084312
