Gaia/vari_eclipsing_binary/VariEclipsingBinary_683952-684057.csv
# %ECSV 1.0
# ---
# delimiter: ','
# meta: !!omap
# - RELEASE: Gaia DR3
# - TABLE: vari_eclipsing_binary
# - DESCRIPTION: >
#     This table describes the properties of the eclipsing binaries resulting from the variability analysis. 
# - CITATION: >
#     How to cite and acknowledge Gaia: 
#     https://gea.esac.esa.int/archive/documentation/credits.html 
# - KNOWN_ISSUES: >
#     Known issues: 
#     https://www.cosmos.esa.int/web/gaia-users/known-issues 
# - DOCUMENTATION: >
#     Tutorials and documentation: 
#     https://www.cosmos.esa.int/web/gaia-users/archive 
# datatype:
# - 
#   name: solution_id
#   datatype: int64
#   description: Solution Identifier
#   meta:
#     ucd: meta.version
# - 
#   name: source_id
#   datatype: int64
#   description: Unique source identifier
#   meta:
#     ucd: meta.id;meta.main
# - 
#   name: global_ranking
#   datatype: float32
#   description: Number between 0 (worst) and 1 (best)
#   meta:
#     ucd: stat.param
# - 
#   name: reference_time
#   datatype: float64
#   unit: d
#   description: Reference time used for the geometric model fit
#   meta:
#     ucd: time.epoch
# - 
#   name: frequency
#   datatype: float64
#   unit: d**-1
#   description: Frequency of geometric model of the eclipsing binary light curve
#   meta:
#     ucd: src.orbital
# - 
#   name: frequency_error
#   datatype: float32
#   unit: d**-1
#   description: "Uncertainty of \\texttt{frequency}"
#   meta:
#     ucd: stat.error
# - 
#   name: geom_model_reference_level
#   datatype: float32
#   unit: mag
#   description: Magnitude reference level of geometric model
#   meta:
#     ucd: phot.mag;em.opt
# - 
#   name: geom_model_reference_level_error
#   datatype: float32
#   unit: mag
#   description: "Uncertainty of \\texttt{geomModelReferenceLevel}"
#   meta:
#     ucd: stat.error;phot.mag;em.opt
# - 
#   name: geom_model_gaussian1_phase
#   datatype: float32
#   description: Phase of the Gaussian 1 component
#   meta:
#     ucd: time.phase
# - 
#   name: geom_model_gaussian1_phase_error
#   datatype: float32
#   description: "Uncertainty of \\texttt{geomModelGaussian1Phase}"
#   meta:
#     ucd: stat.error;time.phase
# - 
#   name: geom_model_gaussian1_sigma
#   datatype: float32
#   description: "Standard deviation [phase] of Gaussian 1 component"
#   meta:
#     ucd: stat.stdev
# - 
#   name: geom_model_gaussian1_sigma_error
#   datatype: float32
#   description: "Uncertainty of \\texttt{geomModelGaussian1Sigma}"
#   meta:
#     ucd: stat.error
# - 
#   name: geom_model_gaussian1_depth
#   datatype: float32
#   unit: mag
#   description: Magnitude depth of Gaussian 1 component
#   meta:
#     ucd: src.var.amplitude
# - 
#   name: geom_model_gaussian1_depth_error
#   datatype: float32
#   unit: mag
#   description: "Uncertainty of \\texttt{geomModelGaussian1Depth}"
#   meta:
#     ucd: stat.error;src.var.amplitude
# - 
#   name: geom_model_gaussian2_phase
#   datatype: float32
#   description: Phase of Gaussian 2 component
#   meta:
#     ucd: time.phase
# - 
#   name: geom_model_gaussian2_phase_error
#   datatype: float32
#   description: "Uncertainty of \\texttt{geomModelGaussian2Phase}"
#   meta:
#     ucd: stat.error;time.phase
# - 
#   name: geom_model_gaussian2_sigma
#   datatype: float32
[...]
#   datatype: float32
#   description: "Secondary eclipse: uncertainty of \\texttt{derivedSecondaryEclDuration}"
#   meta:
#     ucd: stat.error;time.duration
# - 
#   name: derived_secondary_ecl_depth
#   datatype: float32
#   unit: mag
#   description: "Secondary eclipse: depth"
#   meta:
#     ucd: src.var.amplitude
# - 
#   name: derived_secondary_ecl_depth_error
#   datatype: float32
#   unit: mag
#   description: "Secondary eclipse: uncertainty of \\texttt{derivedSecondaryEclDepth}"
#   meta:
#     ucd: stat.error;src.var.amplitude
solution_id,source_id,global_ranking,reference_time,frequency,frequency_error,geom_model_reference_level,geom_model_reference_level_error,geom_model_gaussian1_phase,geom_model_gaussian1_phase_error,geom_model_gaussian1_sigma,geom_model_gaussian1_sigma_error,geom_model_gaussian1_depth,geom_model_gaussian1_depth_error,geom_model_gaussian2_phase,geom_model_gaussian2_phase_error,geom_model_gaussian2_sigma,geom_model_gaussian2_sigma_error,geom_model_gaussian2_depth,geom_model_gaussian2_depth_error,geom_model_cosine_half_period_amplitude,geom_model_cosine_half_period_amplitude_error,geom_model_cosine_half_period_phase,geom_model_cosine_half_period_phase_error,model_type,num_model_parameters,reduced_chi2,derived_primary_ecl_phase,derived_primary_ecl_phase_error,derived_primary_ecl_duration,derived_primary_ecl_duration_error,derived_primary_ecl_depth,derived_primary_ecl_depth_error,derived_secondary_ecl_phase,derived_secondary_ecl_phase_error,derived_secondary_ecl_duration,derived_secondary_ecl_duration_error,derived_secondary_ecl_depth,derived_secondary_ecl_depth_error
[from data line 74]
375316653866487564,6016370676210176128,0.6346539,2092.0752075004984,1.6142749819378328,2.6488085E-6,15.897597,0.003185933,0.2814221,0.0047250306,0.06971035,0.011630632,0.09533014,0.0718336,0.77966046,0.0016001676,0.056590226,0.0027848296,0.37187767,0.032063626,null,null,null,null,"TWOGAUSSIANS",8,10.13088,0.77966046,0.0016001676,0.31690526,0.015595045,0.37174976,0.0321114,0.2814221,0.0047250306,0.39037794,0.0647205,0.09520223,0.07192079
375316653866487564,6016388508913797888,0.5488688,2041.9872674081892,0.5802453902211928,1.2826225E-5,16.87424,0.0052674357,0.21564934,0.024488935,0.026484089,0.010373971,0.016264638,0.015001674,0.7099669,0.0028648318,0.038510494,0.0039684474,0.15201901,0.008755298,0.016022686,0.0056106234,0.21564934,0.024488935,"TWOGAUSSIANS_WITH_ELLIPSOIDAL_ON_ECLIPSE1",9,7.7605515,0.71010685,0.0026253439,0.21565877,0.022223305,0.18402448,0.0048067984,0.21564934,0.024488935,0.1483109,0.05809424,0.048309967,0.008663762
375316653866487564,6016389161748525568,0.5232678,2045.7758996698224,0.6699975440910728,1.0774132E-5,14.69739,0.0046406155,0.36505115,0.0022677022,0.019130185,0.0023898387,0.37147027,0.04512912,0.5480127,0.07384641,0.018297112,0.02668567,0.025028497,0.14048575,0.009663578,0.008087084,0.36505115,0.0022677022,"TWOGAUSSIANS_WITH_ELLIPSOIDAL_ON_ECLIPSE1",9,306.31494,0.36505115,0.0022677022,0.107129045,0.013383096,0.39079744,0.04706175,0.5480127,0.07384641,0.10246383,0.14943975,0.028259499,0.13689205
375316653866487564,6016394281349618944,0.60168034,2011.927993576248,1.0650169401693188,1.168709E-5,14.25125,0.01100243,0.26861992,0.0020745296,0.110289104,0.0059328345,0.21612662,0.010244086,0.7506673,0.0030022876,0.0959352,0.0059284493,0.32592154,0.01156177,null,null,null,null,"TWOGAUSSIANS",8,40.726513,0.7506673,0.0030022876,0.4,0.0,0.30381805,0.012477877,0.26861992,0.0020726754,0.4,0.0,0.1940055,0.0035548855
375316653866487564,6016402905643987712,0.49860793,2036.2015524825451,0.6754252436781544,1.8897987E-5,18.069998,0.0032163346,0.22406791,0.0075235097,0.037670005,0.010654437,0.06338962,0.017903497,0.71053314,0.0019073468,0.027680142,0.001729566,0.3076269,0.025473308,null,null,null,null,"TWOGAUSSIANS",8,5.7989244,0.71053314,0.0019073468,0.1550088,0.009685569,0.3076269,0.025473308,0.22406791,0.0075235097,0.21095203,0.05966485,0.06338962,0.017903497
375316653866487564,6016403932134035584,0.5218017,2026.366616773112,2.9861067780883244,2.1532887E-5,17.978924,0.01944284,0.21074066,0.0031508347,0.09042265,0.005411686,0.38981357,0.02059045,0.71276414,0.004368143,0.09613126,0.0062748706,0.41241103,0.024795134,null,null,null,null,"TWOGAUSSIANS",8,17.999338,0.71276414,0.004368143,0.4,0.0,0.390943,0.021256573,0.21074066,0.0031508347,0.4,0.0,0.36834645,0.014561178
375316653866487564,6016404932868771072,0.53669643,2051.0063674629323,2.1406933658286045,9.115627E-6,16.100616,0.008032444,0.22061536,0.0019293873,0.10100979,0.007209898,0.13383625,0.0063502872,0.7223717,0.003457592,0.11025821,0.008841616,0.12468485,0.0073107863,null,null,null,null,"TWOGAUSSIANS",8,6.2944193,0.22061536,0.0019284223,0.4,0.0,0.118497595,0.005088055,0.7223717,0.003457592,0.4,0.0,0.10933891,0.0028730177
375316653866487564,6016406341609963008,0.5805541,2041.2913841911516,3.2811773829158626,1.0346117E-5,19.106794,0.00789654,0.23202239,0.0032444447,0.06936264,0.0038727333,0.5107394,0.016513746,0.72648495,0.0020044371,0.06845045,0.0021462329,0.61056226,0.020809064,null,null,null,null,"TWOGAUSSIANS",8,2.5121515,0.72648495,0.0020044371,0.38332254,0.012018903,0.60922664,0.020828145,0.23202239,0.0032444447,0.38843077,0.021687306,0.50940377,0.01656166
375316653866487564,6016408776855710208,0.5244426,2012.1138826830006,3.1789237427487977,1.703652E-5,19.637493,0.012436909,0.28065836,0.004970692,0.09000464,0.0071710027,0.3692696,0.021628559,0.7818428,0.0060326047,0.07308055,0.009667143,0.25139073,0.0145591935,null,null,null,null,"TWOGAUSSIANS",8,1.8895843,0.28065836,0.004970692,0.4,0.0,0.3637712,0.021617817,0.7818428,0.0060326047,0.4,0.016985,0.24589247,0.013498425
375316653866487564,6016410701002414336,0.6387724,2031.9081659513226,2.981043157223453,4.6181754E-6,18.235407,0.012025425,0.20517851,0.00147085,0.049560808,0.003988898,0.30592784,0.023845531,0.7031906,9.100037E-4,0.05266371,0.0026625816,0.45226654,0.02600017,0.10275522,0.015683021,0.20517851,0.00147085,"TWOGAUSSIANS_WITH_ELLIPSOIDAL_ON_ECLIPSE1",9,2.2586422,0.7033706,7.974928E-4,0.29491678,0.014910457,0.6577416,0.017972602,0.20517851,0.00147085,0.27754053,0.022337828,0.51143205,0.01845157
375316653866487564,6016415103351184384,0.49578428,2025.914752232445,0.8427878667595206,2.0834008E-5,15.587675,0.0061666192,0.27054396,1.686047E-4,0.011363985,4.2758058E-4,0.34420693,0.015353097,0.7981108,0.010729221,0.031179707,0.008479393,0.10835004,0.02431041,0.0197638,0.009251548,0.7981108,0.010729221,"TWOGAUSSIANS_WITH_ELLIPSOIDAL_ON_ECLIPSE2",9,54.17241,0.27057394,1.7353146E-4,0.063638315,0.0023944513,0.3825618,0.00620926,0.7981108,0.010729221,0.17460637,0.047484603,0.14787763,0.020585502
375316653866487564,6016415824905687680,0.54662496,2019.5819204058266,0.019920351507586177,1.8213857E-5,18.161211,0.0046677156,0.16885842,0.0022751307,0.060688026,0.00258693,0.43243334,0.037949372,0.6873122,0.030475985,0.043582536,0.013362078,0.3710062,0.1037082,null,null,null,null,"TWOGAUSSIANS",8,2.0979466,0.16885842,0.0022751307,0.33985296,0.014486809,0.4324299,0.03795092,0.6873122,0.030475985,0.24406222,0.074827634,0.37100276,0.1037116
375316653866487564,6016417160632097408,0.5128763,2018.4740381374643,3.791355473001269,1.5845246E-5,19.711468,0.0109504955,0.29753345,0.004100703,0.074455656,0.0057980907,0.57385075,0.0790549,0.7908302,0.0030908785,0.06499326,0.0033435926,0.6071855,0.03890745,null,null,null,null,"TWOGAUSSIANS",8,3.1656902,0.7908302,0.0030908785,0.36396226,0.01872412,0.60558933,0.03907581,0.29753345,0.004100703,0.4,0.0056013092,0.5722546,0.07963633
375316653866487564,6016419398318539008,0.53807485,2007.1774907597992,1.0527100277260013,2.2960348E-5,13.876293,0.15614153,0.17680159,0.0022335465,0.22942515,0.077365234,0.2439133,0.15409023,0.6766023,0.0017036407,0.1540618,0.024421133,0.22389165,0.10954557,null,null,null,null,"TWOGAUSSIANS",8,10.084192,0.6766023,0.0017525821,0.4,0.0,0.07351976,0.0015989483,0.17685159,0.002388119,0.4,0.0,0.050505474,0.0014072735
375316653866487564,6016430015478064000,0.50338,2046.307800604996,1.3209359722093887,1.5584108E-5,17.627768,0.0037187438,0.30079132,0.004649264,0.028536394,0.0037382324,0.23247077,0.006827075,0.77496254,0.0052497275,0.023083853,0.005467099,0.056023553,0.0066013294,null,null,null,null,"TWOGAUSSIANS",8,8.655694,0.30079132,0.004649264,0.15980381,0.020934101,0.23247077,0.006827075,0.77496254,0.0052497275,0.12926957,0.030615756,0.056023553,0.0066013294
375316653866487564,6016433898128714496,0.5873535,2037.570775296785,4.666393790224343,1.0037687E-5,18.201754,0.008979695,0.26811984,0.0014692498,0.08170184,0.0035191379,0.38481167,0.009760357,0.76800287,0.004432319,0.07289072,0.005366933,0.41170207,0.039806742,null,null,null,null,"TWOGAUSSIANS",8,4.0740066,0.76800287,0.004432319,0.4,0.0026287902,0.40746912,0.04096021,0.26811984,0.0014692498,0.4,0.0,0.38057873,0.009377778
375316653866487564,6016439808003504768,0.60837275,2037.6259992674115,3.293456380147744,3.9543647E-6,16.96995,0.016778085,0.29051378,0.0016787528,0.054358672,0.0050048595,0.32589167,0.035763845,0.79243165,0.0029967537,0.054524586,0.004334578,0.42213562,0.04619861,0.10873917,0.021806847,0.29051378,0.0016787528,"TWOGAUSSIANS_WITH_ELLIPSOIDAL_ON_ECLIPSE1",9,16.768229,0.79243165,0.0029907264,0.30533767,0.024273636,0.6395643,0.0330241,0.29051378,0.0016787528,0.30440855,0.028027214,0.5433519,0.012620474
375316653866487564,6016440460838558080,0.61321855,2023.9720992406376,2.2921027971780448,4.4573285E-6,18.229633,0.0049023745,0.27760395,0.0011266612,0.042534847,0.0020252944,0.39103085,0.010058594,0.78026974,0.0063149133,0.045651097,0.008109314,0.06842295,0.02180125,0.035678945,0.0059098005,0.27760395,0.0011266612,"TWOGAUSSIANS_WITH_ELLIPSOIDAL_ON_ECLIPSE1",9,2.504279,0.27760395,0.0011266612,0.23819514,0.011341648,0.4623887,0.005754797,0.78026974,0.0062000174,0.25564614,0.045412157,0.13976078,0.020280523
375316653866487564,6016446984888708096,0.4526566,2034.4048751537412,1.8481388879266505,6.212526E-5,18.717262,0.0037691218,0.21838097,0.011514876,0.014775756,0.010271703,0.030296192,111124.59,0.77340186,0.008550416,0.015606694,0.004500598,0.19486357,0.044770643,0.025929542,0.0057611396,0.21838097,0.011514876,"TWOGAUSSIANS_WITH_ELLIPSOIDAL_ON_ECLIPSE1",9,4.1813183,0.77340186,0.008550416,0.087397486,0.025203351,0.24076782,0.04319374,0.21838097,0.011514876,0.08274423,0.057521533,0.08215526,111124.59
375316653866487564,6016456266318369152,0.48162946,2023.3960008684041,0.7998952648921338,8.339004E-6,14.061597,0.03906264,0.3294913,0.073303334,0.2151919,0.2405295,0.016769623,0.037224345,0.6339589,0.0011177541,0.021156743,0.0012611824,0.16073696,0.015259629,null,null,null,null,"TWOGAUSSIANS",8,162.09695,0.6339589,0.0011177541,0.118477754,0.0070626214,0.16473533,0.014712223,0.3294913,0.073303334,0.4,0.0,0.014514795,0.005926175
375316653866487564,6016457365830235264,0.5612074,2046.8493890812072,1.1194212097706602,5.239536E-6,15.889945,0.001597633,0.30243695,7.129434E-4,0.035590913,8.310893E-4,0.47692132,0.014549322,0.80223846,0.003868602,0.037973173,0.0041298224,0.13044581,0.014771577,null,null,null,null,"TWOGAUSSIANS",8,10.62397,0.30243695,7.129434E-4,0.19930913,0.0046540997,0.47692132,0.014549322,0.80223846,0.003868602,0.21264978,0.023127005,0.13044581,0.014771577
375316653866487564,6016457606343139456,0.59696645,2029.5878865092682,4.141508137409992,8.787144E-6,18.933315,0.016757684,0.28057176,0.0022753144,0.048593745,0.013971459,0.23847838,0.02412487,0.7762615,0.0030772218,0.04442745,0.0059485203,0.23403028,0.043796986,0.11602799,0.021675749,0.28057176,0.0022753144,"TWOGAUSSIANS_WITH_ELLIPSOIDAL_ON_ECLIPSE1",9,2.354652,0.28057176,0.0022753144,0.27212498,0.07824017,0.47053385,0.033936065,0.77684146,0.0025849927,0.24879372,0.033311713,0.46593836,0.029538997
375316653866487564,6016461626432780288,0.42232448,2077.245998779693,0.12055951891519744,7.3193325E-5,18.330833,0.005863886,0.24725,0.01050448,0.044250485,0.0067412765,0.34982085,0.10385062,0.6065813,0.004120671,0.0046077995,0.0025801403,0.046956368,0.53019756,null,null,null,null,"TWOGAUSSIANS",8,4.2651587,0.24725,0.01050448,0.2478027,0.03775115,0.34982085,0.10385062,0.6065813,0.004120671,0.025803676,0.014448785,0.046956368,0.53019756
375316653866487564,6016475022432965120,0.5554806,2034.027088036229,4.012737562664926,2.4541327E-5,19.37971,0.0054153088,0.28234762,0.003913804,0.06818828,0.004099807,0.355312,0.013976457,0.8000483,0.017812194,0.060460787,0.012734238,0.3837894,0.019686507,null,null,null,null,"TWOGAUSSIANS",8,1.4418851,0.8000483,0.017812194,0.3385804,0.071311735,0.3835654,0.01927674,0.28234762,0.003913804,0.3818544,0.02295892,0.355088,0.013940298
375316653866487564,6016479012465772416,0.47851834,2060.670942644969,2.069979580879101,3.1857526E-5,19.388687,0.0065474636,0.17994277,0.0041502956,0.013562545,0.009778896,0.14066143,0.073357776,0.66319066,0.0076574264,0.031422656,0.0058085187,0.33472827,0.0798845,null,null,null,null,"TWOGAUSSIANS",8,1.9082676,0.66319066,0.0076574264,0.17596689,0.032527708,0.33472827,0.0798845,0.17994277,0.0041502956,0.07595025,0.054761823,0.14066143,0.073357776
375316653866487564,6016480485630161664,0.4835726,2075.0282184948082,3.1763505347582766,1.6324213E-5,19.201189,0.032179855,0.29292363,0.004877214,0.09477174,0.011261725,0.28055176,0.03077011,0.7899942,0.0082043735,0.10295028,0.019661121,0.24600789,0.03115032,null,null,null,null,"TWOGAUSSIANS",8,2.6181865,0.29292363,0.0048758313,0.4,0.0,0.25996983,0.015906194,0.7899942,0.0082043735,0.4,0.0,0.22542274,0.024483925
375316653866487564,6016482963835567488,0.52271163,2074.41487872824,2.0696201431251993,1.4173297E-5,12.932177,0.016931692,0.1772449,0.0025550395,0.23144718,0.02916743,0.4920028,0.018068284,0.6770974,0.0030209525,0.17790323,0.018301848,0.4010566,0.06164953,null,null,null,null,"TWOGAUSSIANS",8,51.24856,0.1773349,0.0023524417,0.4,0.0,0.08149502,0.004044525,0.6770974,0.003161093,0.4,0.0,0.07041569,0.004703238
375316653866487564,6016485094139469696,0.5694845,2062.8802688079168,2.883059702059012,1.8619794E-5,13.984403,0.07724765,0.21650733,0.004335228,0.039267495,0.05579833,0.05952652,0.13914154,0.72181314,0.017039323,0.05113156,0.04037904,0.041346755,0.14490338,0.070061944,0.06800171,0.21650733,0.004335228,"TWOGAUSSIANS_WITH_ELLIPSOIDAL_ON_ECLIPSE1",9,129.41672,0.21650733,0.004335228,0.21989797,0.18285033,0.19965024,0.015069793,0.72181314,0.014673157,0.28633675,0.12623735,0.1813148,0.00556822
375316653866487564,6016485983189926784,0.48720953,2033.5937308659318,0.30589622179686127,4.817713E-5,18.552727,0.004849781,0.1056875,0.0012347755,0.016227962,0.001770153,0.31985778,0.16614865,0.6134202,1.5601743E-5,0.0056800647,1.2427123E-4,1.2499764,0.049746517,null,null,null,null,"TWOGAUSSIANS",8,7.955956,0.6134202,1.5601743E-5,0.03180836,6.9591886E-4,1.2499764,0.049746517,0.1056875,0.0012347755,0.090876594,0.009912856,0.31985778,0.16614865
375316653866487564,6016486159291164160,0.5349124,2031.2056402947615,2.901316895097077,1.2755707E-5,17.104359,0.013812784,0.28666052,0.0033054897,0.08963359,0.0059608957,0.260497,0.014745251,0.7933823,0.0031046253,0.10099948,0.009878187,0.27529737,0.010808871,null,null,null,null,"TWOGAUSSIANS",8,16.99953,0.7933823,0.0031046253,0.4,0.0,0.25964808,0.010415265,0.28666052,0.0033054897,0.4,0.0,0.24485038,0.0100254705
375316653866487564,6016490110661124352,0.47313508,2045.1019096683865,0.056971410803825645,5.124965E-5,17.462551,0.0016645705,0.6696359,0.01454828,0.068743095,0.014154265,0.045459513,0.01850941,0.8720858,3.648929E-4,0.0034623935,2.8590372E-4,0.1064638,0.011253852,null,null,null,null,"TWOGAUSSIANS",8,2.362743,0.8720858,3.648929E-4,0.019389404,0.0016010609,0.10705846,0.011272757,0.6696359,0.01454828,0.38496134,0.052416302,0.045459513,0.01850941
375316653866487564,6016493542330847872,0.5381013,1992.2601408208739,4.386752741789446,5.4314296E-6,19.71758,0.008959254,0.29843494,0.0017792737,0.06283299,0.0017027676,0.6829761,0.01952325,0.80577123,0.0011100159,0.069257356,0.0025717265,0.48496687,0.008701946,null,null,null,null,"TWOGAUSSIANS",8,1.2810848,0.29843494,0.0017792737,0.35186473,0.009535498,0.68226343,0.019483173,0.80577123,0.0011100159,0.3878412,0.014401668,0.4842542,0.008616225
375316653866487564,6016494955384514688,0.5625327,2005.3210071658636,2.6818852194006393,1.725036E-5,18.23321,0.015441346,0.24431816,0.0027417028,0.10852507,0.007082226,0.27783716,0.014540261,0.7290656,0.0038355202,0.08968389,0.0046119806,0.3049608,0.018984826,null,null,null,null,"TWOGAUSSIANS",8,2.802758,0.7290656,0.0038355202,0.4,0.0,0.28534168,0.014609046,0.24431816,0.0027417028,0.4,0.0,0.25820175,0.0083086165
375316653866487564,6016499181628858880,0.56259155,2041.0413021526062,3.352479870229026,8.39917E-6,19.185976,0.008918233,0.30328947,0.0015918408,0.082816415,0.0033353243,0.40754315,0.0105628865,0.8027838,0.0023574764,0.08212721,0.0031351722,0.42916745,0.012200142,null,null,null,null,"TWOGAUSSIANS",8,1.5128257,0.8027838,0.0023574764,0.4,0.0,0.42079306,0.0115276305,0.30328947,0.0015918408,0.4,0.0,0.39916876,0.010261622
