Gaia/vari_eclipsing_binary/VariEclipsingBinary_614710-614807.csv
# %ECSV 1.0
# ---
# delimiter: ','
# meta: !!omap
# - RELEASE: Gaia DR3
# - TABLE: vari_eclipsing_binary
# - DESCRIPTION: >
#     This table describes the properties of the eclipsing binaries resulting from the variability analysis. 
# - CITATION: >
#     How to cite and acknowledge Gaia: 
#     https://gea.esac.esa.int/archive/documentation/credits.html 
# - KNOWN_ISSUES: >
#     Known issues: 
#     https://www.cosmos.esa.int/web/gaia-users/known-issues 
# - DOCUMENTATION: >
#     Tutorials and documentation: 
#     https://www.cosmos.esa.int/web/gaia-users/archive 
# datatype:
# - 
#   name: solution_id
#   datatype: int64
#   description: Solution Identifier
#   meta:
#     ucd: meta.version
# - 
#   name: source_id
#   datatype: int64
#   description: Unique source identifier
#   meta:
#     ucd: meta.id;meta.main
# - 
#   name: global_ranking
#   datatype: float32
#   description: Number between 0 (worst) and 1 (best)
#   meta:
#     ucd: stat.param
# - 
#   name: reference_time
#   datatype: float64
#   unit: d
#   description: Reference time used for the geometric model fit
#   meta:
#     ucd: time.epoch
# - 
#   name: frequency
#   datatype: float64
#   unit: d**-1
#   description: Frequency of geometric model of the eclipsing binary light curve
#   meta:
#     ucd: src.orbital
# - 
#   name: frequency_error
#   datatype: float32
#   unit: d**-1
#   description: "Uncertainty of \\texttt{frequency}"
#   meta:
#     ucd: stat.error
# - 
#   name: geom_model_reference_level
#   datatype: float32
#   unit: mag
#   description: Magnitude reference level of geometric model
#   meta:
#     ucd: phot.mag;em.opt
# - 
#   name: geom_model_reference_level_error
#   datatype: float32
#   unit: mag
#   description: "Uncertainty of \\texttt{geomModelReferenceLevel}"
#   meta:
#     ucd: stat.error;phot.mag;em.opt
# - 
#   name: geom_model_gaussian1_phase
#   datatype: float32
#   description: Phase of the Gaussian 1 component
#   meta:
#     ucd: time.phase
# - 
#   name: geom_model_gaussian1_phase_error
#   datatype: float32
#   description: "Uncertainty of \\texttt{geomModelGaussian1Phase}"
#   meta:
#     ucd: stat.error;time.phase
# - 
#   name: geom_model_gaussian1_sigma
#   datatype: float32
#   description: "Standard deviation [phase] of Gaussian 1 component"
#   meta:
#     ucd: stat.stdev
# - 
#   name: geom_model_gaussian1_sigma_error
#   datatype: float32
#   description: "Uncertainty of \\texttt{geomModelGaussian1Sigma}"
#   meta:
#     ucd: stat.error
# - 
#   name: geom_model_gaussian1_depth
#   datatype: float32
#   unit: mag
#   description: Magnitude depth of Gaussian 1 component
#   meta:
#     ucd: src.var.amplitude
# - 
#   name: geom_model_gaussian1_depth_error
#   datatype: float32
#   unit: mag
#   description: "Uncertainty of \\texttt{geomModelGaussian1Depth}"
#   meta:
#     ucd: stat.error;src.var.amplitude
# - 
#   name: geom_model_gaussian2_phase
#   datatype: float32
#   description: Phase of Gaussian 2 component
#   meta:
#     ucd: time.phase
# - 
#   name: geom_model_gaussian2_phase_error
#   datatype: float32
#   description: "Uncertainty of \\texttt{geomModelGaussian2Phase}"
#   meta:
#     ucd: stat.error;time.phase
# - 
#   name: geom_model_gaussian2_sigma
#   datatype: float32
[...]
#   datatype: float32
#   description: "Secondary eclipse: uncertainty of \\texttt{derivedSecondaryEclDuration}"
#   meta:
#     ucd: stat.error;time.duration
# - 
#   name: derived_secondary_ecl_depth
#   datatype: float32
#   unit: mag
#   description: "Secondary eclipse: depth"
#   meta:
#     ucd: src.var.amplitude
# - 
#   name: derived_secondary_ecl_depth_error
#   datatype: float32
#   unit: mag
#   description: "Secondary eclipse: uncertainty of \\texttt{derivedSecondaryEclDepth}"
#   meta:
#     ucd: stat.error;src.var.amplitude
solution_id,source_id,global_ranking,reference_time,frequency,frequency_error,geom_model_reference_level,geom_model_reference_level_error,geom_model_gaussian1_phase,geom_model_gaussian1_phase_error,geom_model_gaussian1_sigma,geom_model_gaussian1_sigma_error,geom_model_gaussian1_depth,geom_model_gaussian1_depth_error,geom_model_gaussian2_phase,geom_model_gaussian2_phase_error,geom_model_gaussian2_sigma,geom_model_gaussian2_sigma_error,geom_model_gaussian2_depth,geom_model_gaussian2_depth_error,geom_model_cosine_half_period_amplitude,geom_model_cosine_half_period_amplitude_error,geom_model_cosine_half_period_phase,geom_model_cosine_half_period_phase_error,model_type,num_model_parameters,reduced_chi2,derived_primary_ecl_phase,derived_primary_ecl_phase_error,derived_primary_ecl_duration,derived_primary_ecl_duration_error,derived_primary_ecl_depth,derived_primary_ecl_depth_error,derived_secondary_ecl_phase,derived_secondary_ecl_phase_error,derived_secondary_ecl_duration,derived_secondary_ecl_duration_error,derived_secondary_ecl_depth,derived_secondary_ecl_depth_error
375316653866487564,5407048300189265792,0.5343222,2130.7360043823783,3.974089711555923,2.083498E-5,19.134127,0.031440258,0.27793425,0.01367978,0.058951825,0.028148355,0.31878975,0.030717768,0.76965284,0.009307166,0.0773186,0.015447227,0.53451276,0.020758409,null,null,null,null,"TWOGAUSSIANS",8,6.544471,0.76965284,0.009307166,0.4,0.0,0.53370607,0.019613154,0.27793425,0.01367978,0.33013022,0.121948235,0.3179831,0.032467112
375316653866487564,5407049399701125760,0.5127828,2117.7031739752824,3.3333411515588414,1.26320065E-5,19.461908,0.012438561,0.28361797,0.006085131,0.033914797,0.03087359,0.30491096,0.088002875,0.79102176,0.009073913,0.027700305,0.007931813,0.12986387,0.071878485,0.14059523,0.015632968,0.28361797,0.006085131,"TWOGAUSSIANS_WITH_ELLIPSOIDAL_ON_ECLIPSE1",9,3.272543,0.28361797,0.006085131,0.18992287,0.17289211,0.58610135,0.1111152,0.79102176,0.009073913,0.1551217,0.04441815,0.41044617,0.06875878
375316653866487564,5407050018176529536,0.5730298,2146.0156169774214,3.102897591138982,6.0652264E-6,17.97599,0.00928094,0.24110958,0.0026979125,0.08166982,0.0041326205,0.40752333,0.011735235,0.7399445,0.0023808596,0.08830761,0.003958288,0.37410745,0.011465203,null,null,null,null,"TWOGAUSSIANS",8,5.7583203,0.24110958,0.0026979125,0.4,0.0,0.3974382,0.011712493,0.7399445,0.0023808596,0.4,0.0,0.36402225,0.010677309
375316653866487564,5407050125562391424,0.6217425,2152.710033035617,0.545338088521439,2.255004E-6,15.682833,0.0010729509,0.6343628,1.9991901E-4,0.0119856205,3.4288218E-4,0.58922297,0.045499504,null,null,null,null,null,null,null,null,null,null,"ONEGAUSSIAN",5,11.1176195,0.6343628,1.9991901E-4,0.06711948,0.0019201402,0.58922297,0.0,null,null,null,null,null,null
375316653866487564,5407050159922133504,0.49417034,2147.4276417400297,0.9388213444352788,9.256097E-6,15.870496,0.0015178989,0.2429629,0.009092589,0.067773186,0.006234595,0.06570195,0.0065199663,0.74854827,0.003949065,0.06605815,0.0040829,0.04587264,0.0020055678,null,null,null,null,"TWOGAUSSIANS",8,4.030138,0.2429629,0.009092589,0.37952986,0.034913734,0.06561442,0.006495689,0.74854827,0.003949065,0.36992568,0.022864241,0.045785114,0.0019682166
375316653866487564,5407053080499890944,0.5858832,2150.5535306521183,0.57194898791914,1.3462236E-6,14.066147,0.0026492227,0.22582506,0.008275033,0.029582284,0.0066932803,0.028943118,0.0076788613,0.7262649,6.4192957E-4,0.036830004,0.0012141721,0.38753864,0.009565282,0.014547576,0.004868998,0.22582506,0.008275033,"TWOGAUSSIANS_WITH_ELLIPSOIDAL_ON_ECLIPSE1",9,101.62375,0.7262649,6.3384685E-4,0.20624803,0.0067993635,0.41663355,0.009406331,0.22582506,0.008275033,0.16566078,0.03748237,0.058038246,0.0045196777
375316653866487564,5407053110553188480,0.52607405,2131.081184314418,3.3871749214792293,8.658889E-6,19.773342,0.008082863,0.29309618,0.0019828947,0.060451347,0.0034122162,0.40181217,0.019311171,0.7890268,0.0092691695,0.067657344,0.0058869435,0.33093256,0.032859273,null,null,null,null,"TWOGAUSSIANS",8,1.2562485,0.29309618,0.0019828947,0.33852753,0.01910841,0.4014975,0.019360976,0.7890268,0.0092691695,0.37888113,0.032966886,0.3306179,0.03286892
375316653866487564,5407053252298577536,0.5409862,2156.753386087924,0.37911432898881725,2.1617E-6,17.983349,0.0018327571,0.32242408,0.01642033,0.023246244,0.0131379645,0.090854555,0.7234419,0.8678221,4.7189955E-4,0.0136200525,4.209758E-4,0.46161774,0.038042977,null,null,null,null,"TWOGAUSSIANS",8,3.1224382,0.8678221,4.7189955E-4,0.076272294,0.0023574645,0.46161774,0.038042977,0.32242408,0.01642033,0.13017897,0.0735726,0.090854555,0.7234419
375316653866487564,5407053389737540224,0.6528745,2155.964669791469,0.8821059286286858,3.242626E-6,16.789925,0.004690756,0.22239469,0.004197097,0.03612309,0.004531818,0.26784784,0.03452579,0.71608615,8.844124E-4,0.035155524,8.439238E-4,1.0749499,0.025773056,0.04876475,0.006149116,0.22239469,0.004197097,"TWOGAUSSIANS_WITH_ELLIPSOIDAL_ON_ECLIPSE1",9,17.172462,0.7161461,8.699453E-4,0.19687092,0.004725973,1.1723275,0.02532302,0.22239469,0.004197097,0.2022893,0.02537818,0.3653773,0.03413914
375316653866487564,5407053454150670976,0.49189064,2123.5861325213277,2.763862991756703,1.47339715E-5,18.925844,0.024873786,0.27904433,0.006689588,0.100897536,0.016545145,0.18022963,0.02240706,0.7844066,0.006706941,0.10083006,0.017495915,0.19753574,0.021447822,null,null,null,null,"TWOGAUSSIANS",8,2.340261,0.7844066,0.0067071654,0.4,0.0,0.18117379,0.010310196,0.27904433,0.006689588,0.4,0.0,0.16386782,0.011490408
375316653866487564,5407053694668967808,0.5604698,2150.178793226117,0.37638026606342273,2.5800355E-5,18.191584,0.0022288703,0.47717297,0.0034484789,0.017913153,0.0022700054,0.37014684,0.031452853,null,null,null,null,null,null,null,null,null,null,"ONEGAUSSIAN",5,2.3641882,0.47717297,0.0034484789,0.100313656,0.01271203,0.37014684,0.0,null,null,null,null,null,null
375316653866487564,5407057714758596352,0.58897865,2132.9021202184204,2.467112103335734,6.733767E-6,17.71762,0.011328728,0.25261283,0.0033450974,0.10114964,0.0062497705,0.27895382,0.0110914605,0.75921434,0.0018812327,0.09431515,0.004368262,0.31418806,0.010739123,null,null,null,null,"TWOGAUSSIANS",8,2.933022,0.75921434,0.0018812327,0.4,0.0,0.29366806,0.0073081697,0.25261283,0.0033450974,0.4,0.0,0.25843146,0.008721871
375316653866487564,5407058337539965312,0.5095251,2127.1394942720704,2.3791460343502555,1.471962E-5,15.917383,0.005477988,0.27364,0.00422199,0.042342845,0.009367942,0.06844833,0.012686296,0.61447483,0.00579346,0.013711268,0.01063274,0.049672786,0.013714024,0.09544399,0.008842266,0.27364,0.00422199,"TWOGAUSSIANS_WITH_ELLIPSOIDAL_ON_ECLIPSE1",9,118.14787,0.27364,0.00422199,0.23711993,0.052460473,0.2593362,0.013569222,0.6189348,0.016573686,0.0767831,0.05954335,0.10775084,0.014699622
375316653866487564,5407058681137328512,0.5367723,2087.6312905402337,3.708570977907014,6.448823E-6,16.790525,0.017305015,0.28722635,0.005162576,0.102282844,0.012514273,0.17759451,0.016587486,0.792068,0.0030092928,0.110788085,0.009634103,0.20631115,0.015116818,null,null,null,null,"TWOGAUSSIANS",8,9.606279,0.792068,0.0030082448,0.4,0.0,0.18314663,0.0072266306,0.28721634,0.005177983,0.4,0.0,0.1544435,0.00918328
375316653866487564,5407060532257383808,0.45141974,2135.7313350622494,2.1498411710363943,1.7294322E-5,17.518456,0.0017543349,null,null,null,null,null,null,null,null,null,null,null,null,0.02446229,0.0025487922,0.2621383,0.00679454,"ELLIPSOIDAL",4,3.469451,null,null,null,null,null,null,null,null,null,null,null,null
375316653866487564,5407061288174722304,0.6103695,2136.2444233402452,2.618059178053322,3.7400355E-6,18.420618,0.0033167878,0.25478867,0.0012111091,0.048529103,0.003021494,0.15479143,0.0093230065,0.76385206,0.004807967,0.04152197,0.0045074313,0.15557393,0.012780632,0.1217331,0.0054386375,0.25478867,0.0012111091,"TWOGAUSSIANS_WITH_ELLIPSOIDAL_ON_ECLIPSE1",9,1.7283525,0.25478867,0.0012111091,0.27176297,0.016920367,0.3982569,0.0056074886,0.76385206,0.004807967,0.23252304,0.025241617,0.3982507,0.010558463
375316653866487564,5407062529428054144,0.59606045,2118.257200604077,1.556076941041842,4.6659407E-6,14.064998,0.0071989377,0.19695653,0.0012918552,0.046463046,0.0023718057,0.3790953,0.020054678,0.6943817,0.0045368,0.04215671,0.0062376736,0.21574341,0.027055575,0.05769624,0.0101450225,0.19695653,0.0012918552,"TWOGAUSSIANS_WITH_ELLIPSOIDAL_ON_ECLIPSE1",9,225.44397,0.19695653,0.0012918552,0.26019305,0.013282113,0.49448755,0.017195841,0.6945617,0.0042467704,0.23607758,0.03493097,0.3311076,0.02379454
375316653866487564,5407062971799035392,0.54468685,2123.0680989325842,0.4106072880339501,2.2121256E-5,16.147432,0.007594623,0.30514342,0.0030959137,0.03819018,0.0028364614,0.7073301,0.041118145,0.8045652,0.009384384,0.028131884,0.00853797,0.14908956,0.049811408,0.024744907,0.013564924,0.30514342,0.0030959137,"TWOGAUSSIANS_WITH_ELLIPSOIDAL_ON_ECLIPSE1",9,168.70244,0.30514342,0.0030959137,0.213865,0.015884183,0.75681996,0.036846902,0.8045752,0.009178516,0.15753855,0.04781263,0.19857873,0.052363772
375316653866487564,5407063006158814848,0.48157442,2112.8221537420636,2.1133702669488637,7.2762214E-6,18.70948,0.0042570163,0.29802483,0.007532652,0.054583225,0.005631016,0.059796475,0.011468305,0.79402137,0.0028088656,0.045858677,0.0058672666,0.14241453,0.017389754,null,null,null,null,"TWOGAUSSIANS",8,2.547749,0.79402137,0.0028088656,0.2568086,0.03285669,0.14241391,0.017390126,0.29802483,0.007532652,0.30566606,0.031533692,0.059795875,0.011468314
375316653866487564,5407064071307461888,0.45007896,2128.241576136078,1.9897844975615115,1.3751462E-4,19.157873,0.0052117594,0.10272149,0.03491111,0.03153882,0.035252247,0.024263352,0.19121581,0.7703766,0.03591874,0.031045329,0.01696402,0.85098296,0.19303529,0.0063787056,0.011561141,0.10272149,0.03491111,"TWOGAUSSIANS_WITH_ELLIPSOIDAL_ON_ECLIPSE1",9,8.288898,0.7703766,0.03591874,0.17385384,0.094998516,0.85410386,0.19496429,0.10272149,0.03491111,0.1766174,0.19741258,0.037020694,0.2007594
375316653866487564,5407067683389940864,0.5552652,2158.3700801112177,1.4546117819240103,6.295252E-6,16.25571,0.0018026612,0.2832797,0.0037762984,0.05186531,0.003997647,0.21510725,0.014722958,0.7788795,0.0025060235,0.042560697,0.0027160659,0.29521525,0.027266592,null,null,null,null,"TWOGAUSSIANS",8,15.106219,0.7788795,0.0025060235,0.2383399,0.015209968,0.29521492,0.027266737,0.2832797,0.0037762984,0.29044572,0.022386823,0.21510693,0.014723204
375316653866487564,5407067988318713856,0.5340155,2162.589913296096,2.693415178614984,9.638881E-6,18.082659,0.013543192,0.24444604,0.0028594264,0.09296485,0.0060757017,0.32000154,0.015143523,0.7579231,0.0024302055,0.09315183,0.0047254087,0.32659033,0.013419671,null,null,null,null,"TWOGAUSSIANS",8,6.4146876,0.7579231,0.0024302055,0.4,0.0,0.31220978,0.009559363,0.24444604,0.0028594264,0.4,0.0,0.30562103,0.014227883
375316653866487564,5407071291155201152,0.50963074,2106.1693306147154,1.6451747056676698,3.615759E-5,19.618927,0.0065931617,0.2639973,0.014115876,0.07130282,0.013447872,0.10820255,0.019486202,0.78304815,0.002819779,0.042863112,0.0034146816,0.4960252,0.045620814,null,null,null,null,"TWOGAUSSIANS",8,1.3281472,0.78304815,0.002819779,0.24003342,0.019122219,0.49601343,0.045628168,0.2639973,0.014115876,0.39929584,0.06783865,0.108190775,0.019492295
375316653866487564,5407073352740001920,0.48007944,2106.866270923778,3.3356308758007507,3.0059153E-5,19.010717,0.020865086,0.27763155,0.008236399,0.033731505,0.037242495,0.39041272,0.22107449,0.7827132,0.0104649905,0.039018758,0.008029217,0.29947513,0.06798461,0.12804788,0.023565723,0.27763155,0.008236399,"TWOGAUSSIANS_WITH_ELLIPSOIDAL_ON_ECLIPSE1",9,17.185617,0.27763155,0.008236399,0.18889643,0.20855798,0.6465084,0.23228215,0.7827132,0.010443439,0.21850504,0.044963617,0.55530983,0.056632776
375316653866487564,5407073524545525504,0.70870185,2143.790853370059,2.3722260226644147,1.4734713E-6,15.319697,0.0021910304,0.2254712,5.791644E-4,0.04881342,0.002630037,0.100053236,0.004344541,0.7230009,0.0017090479,0.051849112,0.001699793,0.11559499,0.0055246227,0.0937208,0.0028546115,0.2254712,5.791644E-4,"TWOGAUSSIANS_WITH_ELLIPSOIDAL_ON_ECLIPSE1",9,5.159064,0.72363085,0.0012146153,0.29035503,0.009518841,0.3030015,0.0031878303,0.2254712,5.791644E-4,0.27335516,0.014728207,0.28749335,0.0022226144
375316653866487564,5407074074301317248,0.5463409,2163.7586081129966,0.3406997297533462,2.1059914E-5,15.840303,0.0022191752,0.4003037,8.2263065E-4,0.008570963,8.0860144E-4,0.6126415,0.19642721,0.75945973,0.15164988,0.106806934,0.13595219,0.0062390706,0.4426663,null,null,null,null,"TWOGAUSSIANS",8,13.567897,0.4003037,8.2263065E-4,0.047997393,0.004528168,0.61266315,0.1964163,0.75945973,0.15164988,0.4,0.42386314,0.006238853,0.44266683
375316653866487564,5407074722828046464,0.6051718,2160.402118604741,2.97167508493869,4.5039437E-6,18.151144,0.0042363424,0.25442594,0.0025108187,0.07438768,0.0028259242,0.50463855,0.009182641,0.75400996,0.0016598839,0.07467454,0.0013042222,0.5476139,0.012996628,null,null,null,null,"TWOGAUSSIANS",8,4.628069,0.75400996,0.0016598839,0.4,0.0,0.5438595,0.012920655,0.25442594,0.0025108187,0.4,0.0,0.5008841,0.009469693
375316653866487564,5407074860274545536,0.48650303,2161.1166742982555,2.212145687515034,8.351562E-6,19.83244,0.0090008285,0.24002747,0.014790175,0.04912713,0.019412434,0.4635543,0.21042708,0.7301309,0.0013648799,0.0370449,0.0020149914,0.779513,0.096330285,null,null,null,null,"TWOGAUSSIANS",8,3.2144194,0.7301309,0.0013648799,0.20745145,0.011283952,0.779513,0.096330315,0.24002747,0.014790175,0.27511194,0.10870963,0.46355426,0.21042712
375316653866487564,5407076238964881408,0.50246245,2166.709918250855,2.929088733876439,1.0495271E-5,17.073952,0.025392756,0.26561707,0.0066345525,0.100920066,0.024366487,0.13260464,0.02263904,0.7473875,0.0034547208,0.10820772,0.01778314,0.15162572,0.02236857,null,null,null,null,"TWOGAUSSIANS",8,10.217191,0.7473875,0.0034547208,0.4,0.0,0.13844614,0.009162533,0.26563707,0.0066395025,0.4,0.0,0.11943242,0.0090874415
375316653866487564,5407076616922018048,0.5524909,2150.5240924733566,2.8642139349673688,7.6148553E-6,15.400306,0.007316342,0.28725153,0.0022969234,0.038689625,0.014216166,0.08098658,0.021178117,0.78719956,0.007606304,0.050933436,0.008838214,0.07074136,0.02103219,0.0955408,0.011018109,0.28725153,0.0022969234,"TWOGAUSSIANS_WITH_ELLIPSOIDAL_ON_ECLIPSE1",9,87.02133,0.28725153,0.0022969234,0.2166619,0.07961053,0.2720674,0.022726338,0.7872196,0.006078765,0.28522724,0.049494,0.26182216,0.012370188
375316653866487564,5407077407195932544,0.5060106,2155.7141882475435,1.3614506738518997,2.3699813E-5,15.98101,0.004044348,0.18441704,6.4269075E-4,0.02894737,6.8709656E-4,0.5236801,0.009774993,0.669272,0.016329836,0.014247921,0.01205678,0.13409181,0.092297174,0.017582178,0.0063959425,0.18441704,6.4269075E-4,"TWOGAUSSIANS_WITH_ELLIPSOIDAL_ON_ECLIPSE1",9,151.22253,0.18441704,6.4269075E-4,0.16210528,0.0038477408,0.55884445,0.010288535,0.669332,0.016299725,0.07978836,0.067517966,0.16894002,0.09211887
375316653866487564,5407077815204706048,0.5361176,2156.4494854532363,3.040661021664208,6.359738E-6,17.593214,0.015272427,0.22669074,0.0045014312,0.10810554,0.009789921,0.20713893,0.014188961,0.7197698,0.0024329114,0.102470234,0.0062527424,0.26565108,0.014229863,null,null,null,null,"TWOGAUSSIANS",8,5.7222505,0.7197698,0.0024329114,0.4,0.0,0.23993888,0.0047627473,0.22669074,0.004505385,0.4,0.0,0.18142074,0.007732338
375316653866487564,5407079503140033024,0.47332707,2150.4130834978523,3.895842382857922,1.4068685E-5,17.613499,0.011122285,0.23862548,0.008643021,0.09852555,0.018277518,0.1304448,0.018135319,0.7592113,0.0062114,0.07011028,0.010418121,0.13384968,0.014683481,null,null,null,null,"TWOGAUSSIANS",8,8.967771,0.7592113,0.006210978,0.39261752,0.055668946,0.13163905,0.013902671,0.23862548,0.008643021,0.4,0.0,0.1282331,0.018789891
375316653866487564,5407082178894331904,0.46575013,2127.2755563115657,3.0451563674419657,1.9825893E-5,19.113901,0.0037672543,0.22935697,0.0051392717,0.025178308,0.024248501,0.033814345,590743.06,null,null,null,null,null,null,0.0803353,0.0053106104,0.22935697,0.0051392717,"ONEGAUSSIAN_WITH_ELLIPSOIDAL",6,3.285933,0.22935697,0.0051392717,0.14099853,0.13579161,0.19448484,590743.06,null,null,null,null,null,null
375316653866487564,5407082354998036480,0.6622343,2163.21663175034,1.553059697076248,2.8097538E-6,17.419949,0.0034442358,0.31218886,0.0012529542,0.04769899,0.0027314704,0.12031967,0.009631555,0.8112812,8.207912E-4,0.04456982,0.0010248295,0.5579681,0.009690537,0.087445214,0.005733858,0.31218886,0.0012529542,"TWOGAUSSIANS_WITH_ELLIPSOIDAL_ON_ECLIPSE1",9,2.7295604,0.8113212,7.738945E-4,0.24959101,0.005739045,0.73285276,0.0063816607,0.31218886,0.0012529542,0.26711434,0.015296235,0.2952098,0.0042789183
