Gaia/vari_eclipsing_binary/VariEclipsingBinary_482090-482202.csv
# %ECSV 1.0
# ---
# delimiter: ','
# meta: !!omap
# - RELEASE: Gaia DR3
# - TABLE: vari_eclipsing_binary
# - DESCRIPTION: >
#     This table describes the properties of the eclipsing binaries resulting from the variability analysis. 
# - CITATION: >
#     How to cite and acknowledge Gaia: 
#     https://gea.esac.esa.int/archive/documentation/credits.html 
# - KNOWN_ISSUES: >
#     Known issues: 
#     https://www.cosmos.esa.int/web/gaia-users/known-issues 
# - DOCUMENTATION: >
#     Tutorials and documentation: 
#     https://www.cosmos.esa.int/web/gaia-users/archive 
# datatype:
# - 
#   name: solution_id
#   datatype: int64
#   description: Solution Identifier
#   meta:
#     ucd: meta.version
# - 
#   name: source_id
#   datatype: int64
#   description: Unique source identifier
#   meta:
#     ucd: meta.id;meta.main
# - 
#   name: global_ranking
#   datatype: float32
#   description: Number between 0 (worst) and 1 (best)
#   meta:
#     ucd: stat.param
# - 
#   name: reference_time
#   datatype: float64
#   unit: d
#   description: Reference time used for the geometric model fit
#   meta:
#     ucd: time.epoch
# - 
#   name: frequency
#   datatype: float64
#   unit: d**-1
#   description: Frequency of geometric model of the eclipsing binary light curve
#   meta:
#     ucd: src.orbital
# - 
#   name: frequency_error
#   datatype: float32
#   unit: d**-1
#   description: "Uncertainty of \\texttt{frequency}"
#   meta:
#     ucd: stat.error
# - 
#   name: geom_model_reference_level
#   datatype: float32
#   unit: mag
#   description: Magnitude reference level of geometric model
#   meta:
#     ucd: phot.mag;em.opt
# - 
#   name: geom_model_reference_level_error
#   datatype: float32
#   unit: mag
#   description: "Uncertainty of \\texttt{geomModelReferenceLevel}"
#   meta:
#     ucd: stat.error;phot.mag;em.opt
# - 
#   name: geom_model_gaussian1_phase
#   datatype: float32
#   description: Phase of the Gaussian 1 component
#   meta:
#     ucd: time.phase
# - 
#   name: geom_model_gaussian1_phase_error
#   datatype: float32
#   description: "Uncertainty of \\texttt{geomModelGaussian1Phase}"
#   meta:
#     ucd: stat.error;time.phase
# - 
#   name: geom_model_gaussian1_sigma
#   datatype: float32
#   description: "Standard deviation [phase] of Gaussian 1 component"
#   meta:
#     ucd: stat.stdev
# - 
#   name: geom_model_gaussian1_sigma_error
#   datatype: float32
#   description: "Uncertainty of \\texttt{geomModelGaussian1Sigma}"
#   meta:
#     ucd: stat.error
# - 
#   name: geom_model_gaussian1_depth
#   datatype: float32
#   unit: mag
#   description: Magnitude depth of Gaussian 1 component
#   meta:
#     ucd: src.var.amplitude
# - 
#   name: geom_model_gaussian1_depth_error
#   datatype: float32
#   unit: mag
#   description: "Uncertainty of \\texttt{geomModelGaussian1Depth}"
#   meta:
#     ucd: stat.error;src.var.amplitude
# - 
#   name: geom_model_gaussian2_phase
#   datatype: float32
#   description: Phase of Gaussian 2 component
#   meta:
#     ucd: time.phase
# - 
#   name: geom_model_gaussian2_phase_error
#   datatype: float32
#   description: "Uncertainty of \\texttt{geomModelGaussian2Phase}"
#   meta:
#     ucd: stat.error;time.phase
# - 
#   name: geom_model_gaussian2_sigma
#   datatype: float32
[...]
#   datatype: float32
#   description: "Secondary eclipse: uncertainty of \\texttt{derivedSecondaryEclDuration}"
#   meta:
#     ucd: stat.error;time.duration
# - 
#   name: derived_secondary_ecl_depth
#   datatype: float32
#   unit: mag
#   description: "Secondary eclipse: depth"
#   meta:
#     ucd: src.var.amplitude
# - 
#   name: derived_secondary_ecl_depth_error
#   datatype: float32
#   unit: mag
#   description: "Secondary eclipse: uncertainty of \\texttt{derivedSecondaryEclDepth}"
#   meta:
#     ucd: stat.error;src.var.amplitude
solution_id,source_id,global_ranking,reference_time,frequency,frequency_error,geom_model_reference_level,geom_model_reference_level_error,geom_model_gaussian1_phase,geom_model_gaussian1_phase_error,geom_model_gaussian1_sigma,geom_model_gaussian1_sigma_error,geom_model_gaussian1_depth,geom_model_gaussian1_depth_error,geom_model_gaussian2_phase,geom_model_gaussian2_phase_error,geom_model_gaussian2_sigma,geom_model_gaussian2_sigma_error,geom_model_gaussian2_depth,geom_model_gaussian2_depth_error,geom_model_cosine_half_period_amplitude,geom_model_cosine_half_period_amplitude_error,geom_model_cosine_half_period_phase,geom_model_cosine_half_period_phase_error,model_type,num_model_parameters,reduced_chi2,derived_primary_ecl_phase,derived_primary_ecl_phase_error,derived_primary_ecl_duration,derived_primary_ecl_duration_error,derived_primary_ecl_depth,derived_primary_ecl_depth_error,derived_secondary_ecl_phase,derived_secondary_ecl_phase_error,derived_secondary_ecl_duration,derived_secondary_ecl_duration_error,derived_secondary_ecl_depth,derived_secondary_ecl_depth_error
[from data line 288]
375316653866487564,4241162595721460608,0.53185415,2060.6234060899255,1.1728778301749199,1.129211E-5,16.637304,0.0021656435,0.29199538,0.0029562775,0.033707775,0.0023525462,0.14838119,0.008188255,0.79180896,0.012817087,0.02962315,0.008000234,0.04833623,0.011953857,0.017539222,0.0046879645,0.29199538,0.0029562775,"TWOGAUSSIANS_WITH_ELLIPSOIDAL_ON_ECLIPSE1",9,8.294896,0.29199538,0.0029562775,0.18876354,0.013174259,0.18345962,0.0065768296,0.791819,0.012793194,0.16588964,0.04480131,0.08341462,0.011165434
375316653866487564,4241162660139225216,0.54160434,2046.6507099456617,2.1887233330153815,8.682509E-6,18.807316,0.01697669,0.26236352,0.0033532917,0.037570797,0.0060899057,0.42292997,0.05373556,0.75025874,0.002375618,0.043328103,0.0043103145,0.22162299,0.036354817,0.07033875,0.020113083,0.26236352,0.0033532917,"TWOGAUSSIANS_WITH_ELLIPSOIDAL_ON_ECLIPSE1",9,5.709933,0.26236352,0.0033532917,0.21039645,0.03410347,0.5636073,0.05444122,0.7512988,0.001995655,0.24263738,0.024137761,0.3615576,0.009467864
375316653866487564,4241163965808887552,0.5528035,2082.47114822382,4.250241615439409,1.1757096E-5,18.92178,0.009301071,0.32916772,0.0035986877,0.04230728,0.010519245,0.061378527,0.052928288,0.83703595,0.007244598,0.037852746,0.00832034,0.18622698,0.026704727,0.14586705,0.02015902,0.32916772,0.0035986877,"TWOGAUSSIANS_WITH_ELLIPSOIDAL_ON_ECLIPSE1",9,4.220732,0.83703595,0.007244598,0.21197538,0.046593904,0.47724855,0.025405506,0.32916772,0.0035986877,0.23692077,0.05890777,0.35311252,0.04164949
375316653866487564,4241165408918296320,0.5403448,2081.840263768729,2.6205702751890145,1.4816644E-5,19.302835,0.01266015,0.256804,0.005351939,0.08585673,0.010780787,0.3468316,0.026795253,0.7365482,0.0037873946,0.08286146,0.0060016178,0.41452253,0.031824213,null,null,null,null,"TWOGAUSSIANS",8,1.6845833,0.7365482,0.0037873946,0.4,0.0,0.40800467,0.032856926,0.256804,0.005351939,0.4,0.0,0.3403137,0.029286923
375316653866487564,4241168711754921856,0.6538047,2025.3777268191866,3.9788630364752122,5.8974283E-6,17.715143,0.010443156,0.23283538,0.00302073,0.0478113,0.0046403757,0.3994072,0.020990688,0.731511,0.0034187771,0.052054204,0.003122588,0.29754308,0.029948894,0.123830184,0.01355683,0.23283538,0.00302073,"TWOGAUSSIANS_WITH_ELLIPSOIDAL_ON_ECLIPSE1",9,2.9541328,0.23283538,0.00302073,0.2677433,0.025986105,0.6470644,0.009875832,0.73171103,0.0030786884,0.29150355,0.017486492,0.5451857,0.011847406
375316653866487564,4241168849193839488,0.55870986,2058.724337707436,0.9276226599161391,3.263488E-5,17.10313,0.012508069,0.24395041,0.0056569153,0.04640506,0.03388181,0.09952778,0.0406735,0.74455094,0.015934784,0.025930269,0.01243567,0.6556514,2.8093512,0.019172654,0.018369293,0.24395041,0.0056569153,"TWOGAUSSIANS_WITH_ELLIPSOIDAL_ON_ECLIPSE1",9,16.385725,0.74455094,0.015934514,0.1452095,0.06963975,0.69399613,2.8098576,0.24395041,0.0056569153,0.25986832,0.18973812,0.13787304,0.06872129
375316653866487564,4241169188491212544,0.60320777,2066.8903515250536,3.2334557912635002,7.765266E-6,18.078938,0.024123874,0.22763027,0.002081858,0.05241464,0.0075053046,0.25972348,0.047868844,0.73888236,0.009456702,0.0706705,0.007881183,0.28661078,0.05018712,0.12002685,0.026224531,0.22763027,0.002081858,"TWOGAUSSIANS_WITH_ELLIPSOIDAL_ON_ECLIPSE1",9,4.67632,0.73888236,0.009456702,0.39575478,0.026155993,0.52515996,0.008567677,0.22763027,0.002081858,0.293522,0.042029705,0.49947053,0.018977793
375316653866487564,4241169811266609024,0.5761077,2032.8401042929963,1.5944893583293347,8.297122E-6,15.874571,0.26076037,0.25794634,0.0014466059,0.1528154,0.037541017,0.3020711,0.2409669,0.7616878,0.0028008532,0.15744194,0.048602264,0.29532376,0.24711771,null,null,null,null,"TWOGAUSSIANS",8,5.491921,0.25749636,0.0013725257,0.4,0.0,0.14608492,0.0026737542,0.76210785,0.002342256,0.4,0.0,0.13838346,0.0034720523
375316653866487564,4241171701054785280,0.45615423,2074.6529418330456,0.07670049576412415,4.7450216E-5,17.268644,0.0031866743,0.2602346,0.03585988,0.016799234,0.012311886,1.1239488,14.745985,0.6621869,0.0031426756,0.004657465,0.0013881597,0.052768737,0.022513082,0.019768605,0.0047807004,0.2602346,0.03585988,"TWOGAUSSIANS_WITH_ELLIPSOIDAL_ON_ECLIPSE1",9,4.3070817,0.2602346,0.03585988,0.09407571,0.06894656,1.163486,14.746689,0.66228694,0.0031473287,0.026081804,0.0077736946,0.07911674,0.023157118
375316653866487564,4241173831347977728,0.5820632,2102.3758091941186,4.1454666899222925,6.7975056E-6,18.863726,0.011421156,0.3037412,0.004740626,0.07282607,0.0048680324,0.4857665,0.025178416,0.80694723,0.0020145786,0.07658766,0.0038542782,0.50303483,0.014926051,null,null,null,null,"TWOGAUSSIANS",8,2.0974913,0.80694723,0.0020145786,0.4,0.0,0.49962968,0.014936261,0.3037412,0.004740626,0.4,0.013120856,0.48236132,0.025141947
375316653866487564,4241177782726057216,0.48394418,2076.9004968756894,0.47071584581867165,1.1255148E-5,16.506649,0.003347533,0.28338128,9.400421E-4,0.011363887,0.0013105706,0.15559065,0.021574983,0.784432,0.002926218,0.022251159,0.0024745842,0.1467445,0.008605469,0.012648171,0.0045811934,0.28338128,9.400421E-4,"TWOGAUSSIANS_WITH_ELLIPSOIDAL_ON_ECLIPSE1",9,33.184917,0.28338128,9.400421E-4,0.06363777,0.007339196,0.18088697,0.022470376,0.784432,0.002926218,0.12460649,0.013857672,0.17203972,0.008150381
375316653866487564,4241179122755945088,0.51651466,2083.280820924495,0.2861826167893132,7.5873777E-6,13.659125,0.0015085387,0.14440419,0.0057199737,0.028110696,0.0036427719,0.023798808,0.004216047,0.65049237,0.0019411463,0.02027851,0.0016251191,0.10527802,0.014894732,0.020660602,0.0016904948,0.65049237,0.0019411463,"TWOGAUSSIANS_WITH_ELLIPSOIDAL_ON_ECLIPSE2",9,32.072292,0.65049237,0.0019411463,0.113559656,0.009100667,0.14659922,0.015726494,0.14499418,0.0051547843,0.1574199,0.020399522,0.065065466,0.0036917462
375316653866487564,4241181042600411008,0.51028854,2030.0865177513951,3.4555833638648497,2.9611525E-5,18.170372,0.012767031,0.23909596,0.007448513,0.091069765,0.01218771,0.24209912,0.020542836,0.7344317,0.007223185,0.08026559,0.007859429,0.23041935,0.019665796,null,null,null,null,"TWOGAUSSIANS",8,8.403745,0.23909596,0.007448513,0.4,0.0,0.23593135,0.020682016,0.7344317,0.007223185,0.4,0.0,0.22425172,0.018107492
375316653866487564,4241181837175321728,0.47303677,2061.892129979419,2.692378480238601,2.0196232E-5,15.45219,0.66434777,0.27004513,0.00671085,0.14503136,0.041268677,0.46311566,0.37373796,0.7669654,0.007405248,0.21498255,0.14812532,0.5220062,0.62966096,null,null,null,null,"TWOGAUSSIANS",8,107.527,0.27138513,0.005579214,0.4,0.0,0.16693188,0.016315136,0.7669654,0.007405248,0.4,0.0,0.15839407,0.048382927
375316653866487564,4241183177205146496,0.6318644,2057.719180129615,2.402417276552908,6.8126583E-6,15.383935,0.012731641,0.28992167,0.002937565,0.05121192,0.0072240126,0.18938017,0.033825796,0.78752077,0.0032809656,0.055811405,0.005741488,0.2088448,0.028733034,0.08369396,0.0161192,0.28992167,0.002937565,"TWOGAUSSIANS_WITH_ELLIPSOIDAL_ON_ECLIPSE1",9,32.02315,0.7879208,0.0026336506,0.31254387,0.032152332,0.37619203,0.011123464,0.28992167,0.002937565,0.28678674,0.040454473,0.35675922,0.013722567
375316653866487564,4241190667628122112,0.58821255,2068.0082314211973,3.3247690539846073,6.350148E-6,14.760083,0.005115509,0.25838307,0.0011863199,0.057994857,0.0052721864,0.08554393,0.011300049,0.7568902,0.004953451,0.06854607,0.0156434,0.043718636,0.012944784,0.019581191,0.0065883305,0.25838307,0.0011863199,"TWOGAUSSIANS_WITH_ELLIPSOIDAL_ON_ECLIPSE1",9,8.185044,0.25838307,0.0011863199,0.3247712,0.029524243,0.12464698,0.0033451742,0.7572602,0.0038284862,0.383858,0.073032804,0.0828191,0.0064753
375316653866487564,4241191006919860864,0.48438844,2075.808205826841,3.5653157074649204,1.2629157E-5,18.812963,0.01501593,0.23678862,0.008056155,0.068217546,0.010756699,0.22367391,0.02530783,0.73288304,0.0065457053,0.10362154,0.010418898,0.2530216,0.014774278,null,null,null,null,"TWOGAUSSIANS",8,4.972968,0.73288304,0.0065457053,0.4,0.0,0.24662744,0.013093682,0.23678862,0.008056155,0.38201827,0.055076066,0.21728428,0.025043955
375316653866487564,4241191350517225600,0.5515561,2055.8725532535523,2.465081114194431,8.508888E-6,18.56121,0.012609196,0.25142998,0.0014159844,0.043072015,0.0020028453,0.7242651,0.0410401,0.7513225,0.004044743,0.046569124,0.0038171222,0.5377049,0.04408831,null,null,null,null,"TWOGAUSSIANS",8,10.202339,0.25142998,0.0014159844,0.24120328,0.011215934,0.7242649,0.04104019,0.7513225,0.004044743,0.2607871,0.021375883,0.53770465,0.044088475
375316653866487564,4241192175151251712,0.5074034,2083.6966503461495,2.8357926573478207,1.3288997E-5,19.511326,0.011705894,0.26556355,0.003993702,0.08155122,0.01012979,0.29729673,0.036441628,0.76315135,0.0036317685,0.0776,0.0062977434,0.23208342,0.015875813,null,null,null,null,"TWOGAUSSIANS",8,1.1152768,0.26556355,0.003993702,0.4,0.0,0.29368713,0.038215127,0.76315135,0.0036317685,0.4,0.0,0.22847381,0.015410986
375316653866487564,4241195027012123776,0.5024813,2089.6662047792124,2.70604816723857,1.3213289E-5,18.330503,0.8644292,0.14163928,0.00540922,0.13125826,0.055093113,0.51527417,0.6647748,0.63939965,0.0052191745,0.16910568,0.14740358,0.46610025,0.8410145,null,null,null,null,"TWOGAUSSIANS",8,6.976582,0.14190929,0.0052750185,0.4,0.0,0.29024354,0.02578121,0.63939965,0.00524649,0.4,0.0,0.23000993,0.027335837
375316653866487564,4241198295490454144,0.4428504,2139.40750688009,0.03700383365816668,3.5724966E-5,17.280588,0.0032289708,0.47449222,0.012013601,0.1511133,0.012090674,0.07520009,0.0057337326,0.8274131,0.0011820028,0.0063492893,0.006191215,0.11564974,6.1333146,null,null,null,null,"TWOGAUSSIANS",8,4.972695,0.8274131,0.0011820028,0.035556022,0.034670804,0.11994489,6.1333394,0.47449222,0.012013601,0.4,0.0,0.07456922,0.005654083
375316653866487564,4241199493778563456,0.5788749,2121.1764304270823,3.4680324008835997,7.706751E-6,17.552963,0.011081475,0.30722535,0.0040270486,0.07820345,0.010912038,0.54246217,0.11537564,0.80504775,0.0019245596,0.07342258,0.00318696,0.5030416,0.012832811,null,null,null,null,"TWOGAUSSIANS",8,14.635599,0.30722535,0.0040270486,0.4,0.021368742,0.5381228,0.117937304,0.80504775,0.0019245596,0.4,0.0,0.49870223,0.012403098
375316653866487564,4241199493778570880,0.48196334,2120.8800682965853,3.8586451054098667,2.4045154E-5,19.208815,0.023708336,0.19503823,0.01194352,0.090062164,0.016662184,0.22865635,0.022220418,0.7027502,0.004489171,0.07749755,0.014449491,0.30365902,0.02147198,null,null,null,null,"TWOGAUSSIANS",8,3.5582743,0.7027502,0.004489171,0.4,0.0,0.2983978,0.02626669,0.19503823,0.01194352,0.4,0.0,0.22339506,0.021330874
375316653866487564,4241199803016239488,0.4347833,2107.850436572901,0.1976488119756694,2.8369604E-6,18.60097,0.008845553,0.3066992,0.0026782304,0.0034630543,9.2838926E-4,0.58977556,0.49079806,0.6992452,0.04321575,0.14318281,0.02755773,0.038449388,0.011599998,null,null,null,null,"TWOGAUSSIANS",8,4.593265,0.3066992,0.0026782304,0.019393103,0.0051989798,0.5905043,0.49076292,0.6992452,0.04321575,0.4,0.0,0.038276423,0.01118273
375316653866487564,4241201009909881856,0.64719826,2111.116791594871,3.854066743389325,6.996249E-6,17.801746,0.02295323,0.21885985,0.0028260774,0.054555457,0.011502789,0.4691126,0.046563227,0.7191992,0.0010149857,0.047542058,0.0054748496,0.30399427,0.047994997,0.115674965,0.027443174,0.21885985,0.0028260774,"TWOGAUSSIANS_WITH_ELLIPSOIDAL_ON_ECLIPSE1",9,6.9569454,0.21885985,0.0028260774,0.30551055,0.06441562,0.7004491,0.02219752,0.7191992,9.3281834E-4,0.26623553,0.030659158,0.5353297,0.009037677
375316653866487564,4241201319147449984,0.43553776,2150.911055916303,0.06121651656510937,2.62504E-5,17.095829,0.010312319,0.29462293,0.0088122515,0.050774008,0.013652169,0.31282568,0.19166934,0.8708124,0.006301737,0.05296304,0.007279186,0.10267051,0.013042945,null,null,null,null,"TWOGAUSSIANS",8,7.0258007,0.29462293,0.0088122515,0.28433445,0.07645214,0.31282562,0.19166958,0.8708124,0.006301737,0.29659304,0.04076344,0.10267044,0.013042823
375316653866487564,4241202556098099840,0.58673394,2125.5459609396307,2.967260828379299,4.6071327E-6,17.197393,0.011186156,0.27796105,0.0016688842,0.042029623,0.0033233203,0.5189886,0.05918929,0.7770226,0.0031335002,0.046897195,0.0045896624,0.42211413,0.027634192,0.113246605,0.01722012,0.27796105,0.0016688842,"TWOGAUSSIANS_WITH_ELLIPSOIDAL_ON_ECLIPSE1",9,21.466885,0.27796105,0.0016688842,0.23536588,0.018610593,0.7454815,0.075694904,0.77710265,0.0029020421,0.2626243,0.02570211,0.64859986,0.024636334
375316653866487564,4241204063624259968,0.4049273,2125.986447820946,0.6487704565086732,6.231742E-5,19.421173,0.2583708,0.30979884,0.031582255,0.084157795,0.087025225,0.20029286,0.28966987,0.7629108,0.08616892,0.12762909,0.12510432,0.18225648,0.266065,null,null,null,null,"TWOGAUSSIANS",8,6.9259653,0.31010884,0.028707875,0.4,0.20446634,0.1875098,0.23308076,0.7629108,0.08616892,0.4,0.08435497,0.16911942,0.07306118
375316653866487564,4241206473103393536,0.52426845,2133.398806495479,3.6807585299064747,1.6989916E-5,19.243063,0.01910872,0.23228131,0.0054214746,0.07729543,0.007951107,0.374327,0.036334615,0.74454445,0.0042240177,0.07425915,0.006561812,0.3773236,0.021355748,null,null,null,null,"TWOGAUSSIANS",8,2.8384457,0.74454445,0.0042240177,0.4,0.0,0.37483987,0.020352995,0.23228131,0.0054214746,0.4,0.0,0.3718433,0.03640249
375316653866487564,4241206885425383168,0.478916,2108.9936173164165,2.963323904060957,2.4329896E-5,17.203733,0.41111612,0.18251795,0.008203471,0.10300194,0.069290474,0.1945506,0.37457776,0.68920213,0.011681202,0.124145135,0.06978586,0.20902164,0.39964002,null,null,null,null,"TWOGAUSSIANS",8,29.536842,0.68920213,0.011683382,0.4,0.0,0.1755613,0.022260858,0.18246795,0.0082700895,0.4,0.0,0.1612155,0.020817427
375316653866487564,4241210832488513408,0.49258047,2105.74852390815,2.7494987309410788,2.9805766E-5,19.23333,0.013623494,0.26769105,0.007406816,0.09532729,0.011097583,0.21278381,0.016350875,0.75997335,0.0061005554,0.073664755,0.008408043,0.20058174,0.01688191,null,null,null,null,"TWOGAUSSIANS",8,2.6286457,0.26769105,0.007406816,0.4,0.0,0.20827627,0.015184928,0.75997335,0.0061005554,0.4,0.013259015,0.1960747,0.01517185
375316653866487564,4241211450963894272,0.45724845,2111.3817128095643,0.4404408140269661,1.1129642E-4,18.28225,0.0029483442,0.4864749,2.1983936E-4,0.020181041,4.3208862E-4,0.2047052,0.0030000207,null,null,null,null,null,null,null,null,null,null,"ONEGAUSSIAN",5,3.1492908,0.4864749,2.1983936E-4,0.113013834,0.0024196964,0.2047052,0.0,null,null,null,null,null,null
375316653866487564,4241215883374909696,0.54433495,2070.386254611659,0.880442164271066,2.2687986E-5,19.747541,0.010098626,0.2146939,0.0078082094,0.057261296,0.010279465,0.37196562,0.02472664,0.71838725,0.0027385333,0.05765675,0.002421486,0.610968,0.02932656,null,null,null,null,"TWOGAUSSIANS",8,1.674651,0.71838725,0.0027385333,0.3228778,0.013560321,0.6109038,0.029315783,0.2146939,0.0078082094,0.32066324,0.057565,0.37190142,0.024825828
375316653866487564,4241217846181823616,0.54409957,2108.208154573087,3.3585255893735617,8.069886E-6,15.574305,0.012849073,0.17473325,0.0036126997,0.050686557,0.014313019,0.15633762,0.09357011,0.68915915,0.0058748433,0.06042442,0.00856683,0.14896029,0.033862535,0.08623152,0.018302564,0.17473325,0.0036126997,"TWOGAUSSIANS_WITH_ELLIPSOIDAL_ON_ECLIPSE1",9,85.71721,0.17473325,0.0036126997,0.2838447,0.08015291,0.32878906,0.10296366,0.68915915,0.0058748433,0.33837676,0.047974247,0.3199987,0.022121686
375316653866487564,4241222244228266752,0.45636106,2061.6534605595425,0.6565198158194057,2.707727E-5,16.959959,0.0060230726,0.2619603,0.017352583,0.057555445,0.01599932,0.10550851,0.027147738,0.7744181,0.0069997506,0.059847154,0.005872872,0.12901999,0.009815364,null,null,null,null,"TWOGAUSSIANS",8,24.560009,0.7744181,0.0069997506,0.33514407,0.032888085,0.12900294,0.009800846,0.2619603,0.017352583,0.32231048,0.0895962,0.10549145,0.02714757
