Gaia/vari_eclipsing_binary/VariEclipsingBinary_600320-600622.csv
# %ECSV 1.0
# ---
# delimiter: ','
# meta: !!omap
# - RELEASE: Gaia DR3
# - TABLE: vari_eclipsing_binary
# - DESCRIPTION: >
#     This table describes the properties of the eclipsing binaries resulting from the variability analysis. 
# - CITATION: >
#     How to cite and acknowledge Gaia: 
#     https://gea.esac.esa.int/archive/documentation/credits.html 
# - KNOWN_ISSUES: >
#     Known issues: 
#     https://www.cosmos.esa.int/web/gaia-users/known-issues 
# - DOCUMENTATION: >
#     Tutorials and documentation: 
#     https://www.cosmos.esa.int/web/gaia-users/archive 
# datatype:
# - 
#   name: solution_id
#   datatype: int64
#   description: Solution Identifier
#   meta:
#     ucd: meta.version
# - 
#   name: source_id
#   datatype: int64
#   description: Unique source identifier
#   meta:
#     ucd: meta.id;meta.main
# - 
#   name: global_ranking
#   datatype: float32
#   description: Number between 0 (worst) and 1 (best)
#   meta:
#     ucd: stat.param
# - 
#   name: reference_time
#   datatype: float64
#   unit: d
#   description: Reference time used for the geometric model fit
#   meta:
#     ucd: time.epoch
# - 
#   name: frequency
#   datatype: float64
#   unit: d**-1
#   description: Frequency of geometric model of the eclipsing binary light curve
#   meta:
#     ucd: src.orbital
# - 
#   name: frequency_error
#   datatype: float32
#   unit: d**-1
#   description: "Uncertainty of \\texttt{frequency}"
#   meta:
#     ucd: stat.error
# - 
#   name: geom_model_reference_level
#   datatype: float32
#   unit: mag
#   description: Magnitude reference level of geometric model
#   meta:
#     ucd: phot.mag;em.opt
# - 
#   name: geom_model_reference_level_error
#   datatype: float32
#   unit: mag
#   description: "Uncertainty of \\texttt{geomModelReferenceLevel}"
#   meta:
#     ucd: stat.error;phot.mag;em.opt
# - 
#   name: geom_model_gaussian1_phase
#   datatype: float32
#   description: Phase of the Gaussian 1 component
#   meta:
#     ucd: time.phase
# - 
#   name: geom_model_gaussian1_phase_error
#   datatype: float32
#   description: "Uncertainty of \\texttt{geomModelGaussian1Phase}"
#   meta:
#     ucd: stat.error;time.phase
# - 
#   name: geom_model_gaussian1_sigma
#   datatype: float32
#   description: "Standard deviation [phase] of Gaussian 1 component"
#   meta:
#     ucd: stat.stdev
# - 
#   name: geom_model_gaussian1_sigma_error
#   datatype: float32
#   description: "Uncertainty of \\texttt{geomModelGaussian1Sigma}"
#   meta:
#     ucd: stat.error
# - 
#   name: geom_model_gaussian1_depth
#   datatype: float32
#   unit: mag
#   description: Magnitude depth of Gaussian 1 component
#   meta:
#     ucd: src.var.amplitude
# - 
#   name: geom_model_gaussian1_depth_error
#   datatype: float32
#   unit: mag
#   description: "Uncertainty of \\texttt{geomModelGaussian1Depth}"
#   meta:
#     ucd: stat.error;src.var.amplitude
# - 
#   name: geom_model_gaussian2_phase
#   datatype: float32
#   description: Phase of Gaussian 2 component
#   meta:
#     ucd: time.phase
# - 
#   name: geom_model_gaussian2_phase_error
#   datatype: float32
#   description: "Uncertainty of \\texttt{geomModelGaussian2Phase}"
#   meta:
#     ucd: stat.error;time.phase
# - 
#   name: geom_model_gaussian2_sigma
#   datatype: float32
[...]
#   datatype: float32
#   description: "Secondary eclipse: uncertainty of \\texttt{derivedSecondaryEclDuration}"
#   meta:
#     ucd: stat.error;time.duration
# - 
#   name: derived_secondary_ecl_depth
#   datatype: float32
#   unit: mag
#   description: "Secondary eclipse: depth"
#   meta:
#     ucd: src.var.amplitude
# - 
#   name: derived_secondary_ecl_depth_error
#   datatype: float32
#   unit: mag
#   description: "Secondary eclipse: uncertainty of \\texttt{derivedSecondaryEclDepth}"
#   meta:
#     ucd: stat.error;src.var.amplitude
solution_id,source_id,global_ranking,reference_time,frequency,frequency_error,geom_model_reference_level,geom_model_reference_level_error,geom_model_gaussian1_phase,geom_model_gaussian1_phase_error,geom_model_gaussian1_sigma,geom_model_gaussian1_sigma_error,geom_model_gaussian1_depth,geom_model_gaussian1_depth_error,geom_model_gaussian2_phase,geom_model_gaussian2_phase_error,geom_model_gaussian2_sigma,geom_model_gaussian2_sigma_error,geom_model_gaussian2_depth,geom_model_gaussian2_depth_error,geom_model_cosine_half_period_amplitude,geom_model_cosine_half_period_amplitude_error,geom_model_cosine_half_period_phase,geom_model_cosine_half_period_phase_error,model_type,num_model_parameters,reduced_chi2,derived_primary_ecl_phase,derived_primary_ecl_phase_error,derived_primary_ecl_duration,derived_primary_ecl_duration_error,derived_primary_ecl_depth,derived_primary_ecl_depth_error,derived_secondary_ecl_phase,derived_secondary_ecl_phase_error,derived_secondary_ecl_duration,derived_secondary_ecl_duration_error,derived_secondary_ecl_depth,derived_secondary_ecl_depth_error
[from data line 178]
375316653866487564,5282670204823187712,0.578504,1918.7793506353898,3.987148077788698,6.7510337E-6,18.389297,0.0035349196,0.31856126,0.0017749197,0.04417974,0.004255143,0.21530719,0.011955115,0.8262542,0.009447164,0.03446485,0.0064993827,0.17003247,0.025858585,0.14773355,0.006337408,0.31856126,0.0017749197,"TWOGAUSSIANS_WITH_ELLIPSOIDAL_ON_ECLIPSE1",9,3.733982,0.31856126,0.0017749197,0.24740656,0.0238288,0.5107743,0.010599838,0.8262542,0.009292732,0.19300316,0.03639654,0.46480978,0.023411768
375316653866487564,5282670209121391744,0.43752623,1909.0972709603925,2.2731981983059533,2.2994049E-5,17.384659,0.0032376514,0.21459769,0.0018334289,0.0319427,0.0032610311,0.1279542,0.049072947,0.72551894,0.004805245,0.037136186,0.0065448773,0.09178138,0.01264307,null,null,null,null,"TWOGAUSSIANS",8,8.65835,0.21459769,0.0018334289,0.17887911,0.018261775,0.1279542,0.049072947,0.72551894,0.004805245,0.20796265,0.036651313,0.09178138,0.01264307
375316653866487564,5282723256277609344,0.5964656,2202.1974684024235,1.6719331399078747,5.597389E-5,18.68722,0.007637978,0.47531617,0.010840721,0.05893677,0.01806556,2.8537014,4.188704,0.80750537,0.0047877464,0.011546868,0.00451796,0.053887475,0.010019579,null,null,null,null,"TWOGAUSSIANS",8,10.741626,0.47531617,0.010840721,0.3300459,0.101167135,2.8537014,4.188704,0.80750537,0.0047877464,0.064662464,0.025300575,0.053887837,0.010019771
375316653866487564,5282723359343559040,0.44541222,2190.910688990463,1.0492409135224487,7.478528E-5,19.089087,0.02206168,0.2573296,0.011339915,0.12297895,0.035131387,0.1500456,0.018466419,0.6371471,0.03780592,0.07830335,0.021772865,0.0681691,0.025731172,null,null,null,null,"TWOGAUSSIANS",8,4.1046996,0.2573296,0.011337315,0.4,0.0,0.14817919,0.018578706,0.6371471,0.03780592,0.4,0.03664801,0.067575894,0.024622714
375316653866487564,5282726593461204352,0.50905603,2182.240208923559,0.6714328500696335,6.2368774E-5,16.522686,0.002293222,0.1639137,0.0064641126,0.03316635,0.003908062,0.08745435,0.015257803,0.6282133,0.0041643083,0.04358972,0.004717253,0.08188711,0.008947236,null,null,null,null,"TWOGAUSSIANS",8,4.5806284,0.1639137,0.0064641126,0.18573156,0.021885147,0.08745435,0.015257803,0.6282133,0.0041643083,0.24410243,0.026416617,0.08188711,0.008947236
375316653866487564,5282727413792746240,0.51628804,2208.664153791159,0.7140869308989887,1.04850515E-5,18.59437,0.010555971,0.3439432,0.003253956,0.076665044,0.006699216,0.16726956,0.013635281,0.8290065,0.0052853576,0.07055185,0.008486122,0.28187472,0.01623164,null,null,null,null,"TWOGAUSSIANS",8,4.158887,0.8290065,0.0052853576,0.39509037,0.037771747,0.28093225,0.01634238,0.3439432,0.003253956,0.4,0.0,0.16632709,0.013327375
375316653866487564,5282731949278929408,0.5681017,2182.175060717414,0.42789435311043633,2.0142757E-5,19.490477,0.006215856,0.2717556,0.0062815077,0.025752699,0.0044939304,0.5450513,0.026065055,0.77147746,0.00853907,0.029674912,0.0042177737,0.5442664,0.08895355,null,null,null,null,"TWOGAUSSIANS",8,1.1164658,0.2717556,0.0062815077,0.1442151,0.025166009,0.5450513,0.026065055,0.77147746,0.00853907,0.16617951,0.023619533,0.5442664,0.08895355
375316653866487564,5282732056659452544,0.60231256,2194.879447886364,0.02759559484167501,2.5727748E-5,16.925049,0.008679532,0.2051981,0.008090272,0.040027563,0.023176288,0.27223834,0.052605364,0.6852944,0.0019060533,0.007679914,0.0058196886,0.35467705,0.030124767,0.079869606,0.010688608,0.2051981,0.008090272,"TWOGAUSSIANS_WITH_ELLIPSOIDAL_ON_ECLIPSE1",9,18.787403,0.6853344,0.0019443813,0.04300752,0.032590255,0.5119357,0.025871987,0.2051981,0.008090272,0.22415434,0.12978722,0.43197718,0.06481942
375316653866487564,5282733873424395520,0.54462874,2234.6123969744795,0.5432269535902559,1.2047684E-5,19.902527,0.013365305,0.30089614,1.9444921E-4,0.020714423,2.7162756E-4,1.0314744,0.018159825,0.7370831,0.003267387,0.016561868,0.0059222206,0.23787706,1.966773,null,null,null,null,"TWOGAUSSIANS",8,2.3723657,0.30089614,1.9444921E-4,0.11600077,0.0015211144,1.0314744,0.018159825,0.7370831,0.003267387,0.09274645,0.033164434,0.23787706,1.966773
375316653866487564,5282735041655609472,0.56115025,2256.9184530129255,0.18141069898042464,1.1778993E-5,19.684322,0.012110234,0.25209388,0.0038040932,0.051155113,0.0073772264,0.58679855,0.13899113,0.7511929,0.0056849523,0.046428792,0.004514856,0.5679629,0.047748808,null,null,null,null,"TWOGAUSSIANS",8,1.3148245,0.25209388,0.0038040932,0.28646863,0.041312467,0.58679634,0.13900024,0.7511929,0.0056849523,0.2600012,0.025283191,0.5679607,0.0477502
375316653866487564,5282736622203608704,0.4893656,2278.2438020860777,0.945756090735211,2.6469108E-5,19.254648,0.0067239855,0.27686718,0.0045192386,0.020948011,0.0018624648,0.41288692,0.055690553,0.80805206,0.024405364,0.071444176,0.022529628,0.040604178,0.016287984,null,null,null,null,"TWOGAUSSIANS",8,1.3389266,0.27686718,0.0045192386,0.11730886,0.010429802,0.4128869,0.055690534,0.80805206,0.024405364,0.4,0.08851868,0.04060417,0.016287953
375316653866487564,5282736862721686912,0.46310785,2233.3268605652634,0.10568000135531405,2.2531041E-5,17.960066,0.08936832,0.29058957,0.013184155,0.12595366,0.05655176,0.127928,0.074108556,0.77437484,0.006726597,0.12382071,0.034707405,0.1305191,0.08533279,null,null,null,null,"TWOGAUSSIANS",8,2.699927,0.77437484,0.006726597,0.4,0.0,0.10009518,0.011071868,0.29074955,0.012749436,0.4,0.0,0.09748048,0.020719055
375316653866487564,5282736931441140224,0.51256114,2180.821133121992,1.8100251866745585,1.2270451E-5,19.961205,0.0047854646,0.33622888,0.014104825,0.053458795,0.018377118,1.4958886,1.0695738,0.7895418,0.0036368135,0.01990823,0.0026163708,0.20788275,0.09990596,null,null,null,null,"TWOGAUSSIANS",8,0.6877507,0.33622888,0.014104825,0.29936925,0.10291186,1.4958886,1.0695738,0.7895418,0.0036368135,0.11148609,0.014651677,0.20788275,0.09990596
375316653866487564,5282739920739030400,0.44009325,2267.625980677462,0.04249264623159614,5.7828904E-5,19.182566,0.16581354,0.09349398,0.054120604,0.098026134,0.062455375,0.28630376,0.13811183,0.44768876,0.035241183,0.16436672,0.04284078,0.42391002,0.14890525,null,null,null,null,"TWOGAUSSIANS",8,12.721409,0.44768876,0.035241183,0.4,0.0,0.3895015,0.033039678,0.117123984,0.06141448,0.4,0.0644355,0.2994861,0.062273942
375316653866487564,5282740023816785280,0.50220555,2222.156206797136,0.1421840324507209,1.3749119E-5,19.680687,0.0077317893,0.26784864,3.4562036E-4,0.007283514,5.370645E-4,0.61337376,0.036441308,0.47210652,0.041566007,0.027142925,0.014780607,0.11271148,0.1492361,0.030629462,0.009506865,0.26784864,3.4562036E-4,"TWOGAUSSIANS_WITH_ELLIPSOIDAL_ON_ECLIPSE1",9,2.804621,0.26784864,3.4562036E-4,0.04078768,0.0030075612,0.6746326,0.04209635,0.47210652,0.041566007,0.15200038,0.0827714,0.11763374,0.15231171
375316653866487564,5282740195615573504,0.56474376,2223.895289390783,0.6627322195962201,4.260421E-5,17.708113,0.017354773,0.31797114,0.011508795,0.03400356,0.018876662,0.43938228,0.029204655,0.8272383,0.009028806,0.021007152,0.017096572,0.102580875,0.026303742,0.029288469,0.01620868,0.31797114,0.011508795,"TWOGAUSSIANS_WITH_ELLIPSOIDAL_ON_ECLIPSE1",9,17.68441,0.31797114,0.011508795,0.19041993,0.105709314,0.4979592,0.009868593,0.8272383,0.009028806,0.117640056,0.0957408,0.16095942,0.020923156
375316653866487564,5282744146986367104,0.5164629,2191.1788536013923,0.7400401868005674,4.4360117E-5,19.333624,0.02130953,0.27276552,0.02557345,0.0692278,0.034634173,0.37027708,0.48225898,0.77241665,0.008682483,0.04777131,0.00878052,0.5821378,0.029946538,null,null,null,null,"TWOGAUSSIANS",8,5.137813,0.77241665,0.008682483,0.26751933,0.049170915,0.58204466,0.030002454,0.27276552,0.02557345,0.38767567,0.17079145,0.37018389,0.48247612
375316653866487564,5282750542198510848,0.6195032,2233.4916510815688,0.26242006221142467,3.1616835E-6,15.137321,0.0036808476,0.7880827,0.0014710353,0.029902373,0.0019787797,0.4681841,0.018835938,null,null,null,null,null,null,0.013549601,0.0054199174,0.7880827,0.0014710353,"ONEGAUSSIAN_WITH_ELLIPSOIDAL",6,22.180994,0.7880827,0.0014710353,0.16745329,0.011081166,0.4952833,0.023555482,null,null,null,null,null,null
375316653866487564,5282750950214757504,0.57014936,2248.0110132374643,0.43722907185246307,1.2232995E-6,18.924063,0.006374502,0.19498539,7.241571E-5,0.024316635,4.8440942E-4,1.3435583,0.0040633637,null,null,null,null,null,null,null,null,null,null,"ONEGAUSSIAN",5,8.303363,0.19498539,7.241571E-5,0.13617314,0.0027126928,1.3435583,0.0,null,null,null,null,null,null
375316653866487564,5282752462036574080,0.5306747,2259.941765552655,0.5490563612491313,1.4628709E-5,17.085817,0.002517377,0.2630621,0.0025828332,0.045911558,0.0038800377,0.16646758,0.015945412,0.7706646,0.004918936,0.04770935,0.0033259508,0.13702874,0.006944376,null,null,null,null,"TWOGAUSSIANS",8,5.36485,0.2630621,0.0025828332,0.25710472,0.02172821,0.16646746,0.015945667,0.7706646,0.004918936,0.26717237,0.018625325,0.13702862,0.0069442564
375316653866487564,5282753802073301760,0.621135,2222.6523854339766,1.4497294120612167,4.735836E-6,18.356907,0.009388433,0.22910857,0.0072082966,0.035251085,0.0069240807,0.2757111,0.15349722,0.7251151,0.0015473445,0.046022445,0.0017706059,0.38802937,0.02107843,0.09136321,0.012453925,0.22910857,0.0072082966,"TWOGAUSSIANS_WITH_ELLIPSOIDAL_ON_ECLIPSE1",9,2.352953,0.7254051,0.0012382366,0.2577257,0.009915393,0.57064897,0.010931941,0.22910857,0.0072082966,0.19740607,0.03877485,0.4584373,0.16070908
375316653866487564,5282756692579207552,0.4928146,2257.420732079558,1.0951221810020166,1.0949161E-5,19.401821,0.0066971923,0.29023278,0.00785752,0.05495671,0.009386795,0.22759259,0.01947934,0.80275893,0.017680762,0.052607365,0.015738923,0.07619345,0.14518175,null,null,null,null,"TWOGAUSSIANS",8,1.4292197,0.29023278,0.00785752,0.3077576,0.052566048,0.22758947,0.019481402,0.80275893,0.017680762,0.29460123,0.08813797,0.07619034,0.14518432
375316653866487564,5282759647519664896,0.50874424,2232.100900799609,0.6643178415038086,2.3567582E-5,19.17176,0.0035415653,0.16273601,0.025622511,0.018323088,0.015532464,0.1137166,0.06808392,0.6638002,0.0025992498,0.030869758,0.0025048659,0.41406393,0.023181627,null,null,null,null,"TWOGAUSSIANS",8,1.7320914,0.6638002,0.0025992498,0.17287065,0.014027249,0.41406393,0.023181627,0.16273601,0.025622511,0.10260929,0.086981796,0.1137166,0.06808392
375316653866487564,5282760265994994816,0.44199148,2244.8209992332113,0.5114636637146457,5.4593944E-5,19.576056,0.7998575,0.25306705,0.03433884,0.15956742,0.123861246,0.5562411,0.7484499,0.6854761,0.05890657,0.15469837,0.062333442,0.435314,0.41925064,null,null,null,null,"TWOGAUSSIANS",8,6.442844,0.26076704,0.025973523,0.4,0.0,0.37353775,0.087209485,0.6854761,0.05890657,0.4,0.0,0.2579182,0.03592456
375316653866487564,5282762121431336192,0.5572143,2264.3142038901924,0.028264712948930345,5.726576E-5,17.07666,0.001740129,0.43136558,0.012659443,0.014605679,0.0075157387,0.24533473,0.08280826,0.88432443,0.0010371539,0.015023754,0.002457789,0.18209277,0.021364048,null,null,null,null,"TWOGAUSSIANS",8,3.197393,0.43136558,0.012659443,0.081791796,0.04208814,0.24533473,0.08280826,0.88432443,0.0010371539,0.08413302,0.013763618,0.18209277,0.021364048
375316653866487564,5282762739906400000,0.6492913,2199.8126903566263,3.331414381425295,8.610655E-6,18.10094,0.01032126,0.21290688,0.0010098871,0.05155567,0.0033261895,0.40028328,0.019253816,0.7052588,0.0053450456,0.04215119,0.009512176,0.34587103,0.034164242,0.12463554,0.012294531,0.21290688,0.0010098871,"TWOGAUSSIANS_WITH_ELLIPSOIDAL_ON_ECLIPSE1",9,3.2051713,0.21290688,0.0010098871,0.28871176,0.01862666,0.64955115,0.013150225,0.7059588,0.00492664,0.23604666,0.053268187,0.5946165,0.02850874
375316653866487564,5282764075628468352,0.46818304,2218.2239087490384,0.8335362717349821,3.865887E-5,17.89994,0.023160763,0.22521634,0.012742549,0.10167238,0.026569963,0.10052822,0.02280471,0.7421904,0.010056225,0.10825457,0.021213526,0.15307008,0.021752762,null,null,null,null,"TWOGAUSSIANS",8,5.313953,0.7421904,0.010058715,0.4,0.0,0.14107697,0.01619277,0.22519635,0.01275451,0.4,0.0,0.08854259,0.011337347
375316653866487564,5282765213797338752,0.46846816,2254.5276257141923,3.5127349684352067,1.6663986E-5,19.973686,0.013362567,0.6223145,0.0032743798,0.008494147,0.006885856,0.40127265,0.24079727,0.886808,0.036842216,0.03773306,0.023745265,0.02881291,0.014067935,null,null,null,null,"TWOGAUSSIANS",8,2.6712344,0.6223145,0.0032743798,0.047567222,0.038560793,0.40127265,0.24079727,0.886808,0.036842216,0.21130514,0.13297348,0.02881291,0.014067935
375316653866487564,5282771432909570048,0.4525534,2241.6088280785652,2.4876973620909704,3.7240774E-5,17.726505,0.0024934623,0.20877495,0.009784899,0.03214513,0.009809601,0.064138934,0.017370889,0.71529186,0.006969395,0.040625248,0.0053623538,0.07566866,0.014378044,null,null,null,null,"TWOGAUSSIANS",8,2.4444501,0.71529186,0.006969395,0.22750139,0.03002918,0.07566866,0.014378044,0.20877495,0.009784899,0.18001273,0.054933764,0.064138934,0.017370889
375316653866487564,5282771462973015552,0.4852863,2222.9950559278036,0.18784203407514702,5.2315452E-5,18.86492,0.018470423,0.41298705,0.011356212,0.0163736,0.011136577,0.11509471,0.075118266,0.7414562,0.030063195,0.037207335,0.03133297,1.0342966,0.4049633,0.066060945,0.024636002,0.7414562,0.030063195,"TWOGAUSSIANS_WITH_ELLIPSOIDAL_ON_ECLIPSE2",9,36.547226,0.7414562,0.030063195,0.20836107,0.17546465,1.1664175,0.40856573,0.41134706,0.01305805,0.09169217,0.06236483,0.14525796,0.07252461
375316653866487564,5282772974801612032,0.51772016,2210.3611340911543,0.6130728989779017,4.862818E-5,19.487188,0.0041811722,0.31660548,0.0027046704,0.0150899505,0.0032661774,0.60389453,1.9577297,0.58147776,3.1325808E-6,0.0067825248,3.3977383E-4,0.12239562,7.632301E-4,null,null,null,null,"TWOGAUSSIANS",8,1.2954191,0.31660548,0.0027046704,0.084503725,0.018290594,0.60389453,1.9577297,0.58147776,3.1325808E-6,0.037982136,0.0019027336,0.12239562,7.632301E-4
375316653866487564,5282776999186616832,0.55104923,2238.00550499949,0.2585330889253365,4.864334E-6,19.133068,0.006520957,0.22600155,0.004026558,0.02014274,0.0038979347,0.42134207,0.13318397,0.7271535,9.971852E-4,0.020709045,0.001047003,0.45266175,0.016750924,null,null,null,null,"TWOGAUSSIANS",8,3.726545,0.7271535,9.971852E-4,0.11597066,0.0058632162,0.45266175,0.016750924,0.22600155,0.004026558,0.11279935,0.021828435,0.42134207,0.13318397
375316653866487564,5282782389370331520,0.4874603,2196.922231908667,0.3050750439239832,2.6496291E-5,18.438301,0.0025043832,0.18686947,0.0064458135,0.041323457,0.038271617,0.015353347,0.011447834,null,null,null,null,null,null,0.046846952,0.003263557,0.18686947,0.0064458135,"ONEGAUSSIAN_WITH_ELLIPSOIDAL",6,1.9795016,0.18686947,0.0064458135,0.23141137,0.21432105,0.109047234,0.010974216,null,null,null,null,null,null
375316653866487564,5282783939854040320,0.53154117,2178.133387613497,0.14721996609574914,2.5664542E-5,19.032846,0.0031569481,0.2605946,0.005711158,0.015003137,0.003210383,0.10641437,0.02111274,0.74054444,0.03503396,0.017300887,0.019900536,0.52239794,0.39238107,0.03943692,0.0045810444,0.2605946,0.005711158,"TWOGAUSSIANS_WITH_ELLIPSOIDAL_ON_ECLIPSE1",9,1.3040346,0.7406145,0.03501649,0.096884966,0.111443006,0.60003096,0.391852,0.2605946,0.005711158,0.08401757,0.017978145,0.18528819,0.02211497
375316653866487564,5282787371532994304,0.50575817,2219.417347987122,0.8049154637495517,2.0392672E-5,19.616716,0.0057696374,0.32220405,0.005942639,0.014780715,0.0035106472,0.706259,0.44902408,0.52832,0.008949123,0.014252578,0.0046845493,0.112622656,0.076102264,null,null,null,null,"TWOGAUSSIANS",8,1.842584,0.32220405,0.005942639,0.082772,0.019659625,0.706259,0.44902408,0.52832,0.008949123,0.079814434,0.026233478,0.112622656,0.076102264
