Gaia/vari_eclipsing_binary/VariEclipsingBinary_207716-207749.csv
# %ECSV 1.0
# ---
# delimiter: ','
# meta: !!omap
# - RELEASE: Gaia DR3
# - TABLE: vari_eclipsing_binary
# - DESCRIPTION: >
#     This table describes the properties of the eclipsing binaries resulting from the variability analysis. 
# - CITATION: >
#     How to cite and acknowledge Gaia: 
#     https://gea.esac.esa.int/archive/documentation/credits.html 
# - KNOWN_ISSUES: >
#     Known issues: 
#     https://www.cosmos.esa.int/web/gaia-users/known-issues 
# - DOCUMENTATION: >
#     Tutorials and documentation: 
#     https://www.cosmos.esa.int/web/gaia-users/archive 
# datatype:
# - 
#   name: solution_id
#   datatype: int64
#   description: Solution Identifier
#   meta:
#     ucd: meta.version
# - 
#   name: source_id
#   datatype: int64
#   description: Unique source identifier
#   meta:
#     ucd: meta.id;meta.main
# - 
#   name: global_ranking
#   datatype: float32
#   description: Number between 0 (worst) and 1 (best)
#   meta:
#     ucd: stat.param
# - 
#   name: reference_time
#   datatype: float64
#   unit: d
#   description: Reference time used for the geometric model fit
#   meta:
#     ucd: time.epoch
# - 
#   name: frequency
#   datatype: float64
#   unit: d**-1
#   description: Frequency of geometric model of the eclipsing binary light curve
#   meta:
#     ucd: src.orbital
# - 
#   name: frequency_error
#   datatype: float32
#   unit: d**-1
#   description: "Uncertainty of \\texttt{frequency}"
#   meta:
#     ucd: stat.error
# - 
#   name: geom_model_reference_level
#   datatype: float32
#   unit: mag
#   description: Magnitude reference level of geometric model
#   meta:
#     ucd: phot.mag;em.opt
# - 
#   name: geom_model_reference_level_error
#   datatype: float32
#   unit: mag
#   description: "Uncertainty of \\texttt{geomModelReferenceLevel}"
#   meta:
#     ucd: stat.error;phot.mag;em.opt
# - 
#   name: geom_model_gaussian1_phase
#   datatype: float32
#   description: Phase of the Gaussian 1 component
#   meta:
#     ucd: time.phase
# - 
#   name: geom_model_gaussian1_phase_error
#   datatype: float32
#   description: "Uncertainty of \\texttt{geomModelGaussian1Phase}"
#   meta:
#     ucd: stat.error;time.phase
# - 
#   name: geom_model_gaussian1_sigma
#   datatype: float32
#   description: "Standard deviation [phase] of Gaussian 1 component"
#   meta:
#     ucd: stat.stdev
# - 
#   name: geom_model_gaussian1_sigma_error
#   datatype: float32
#   description: "Uncertainty of \\texttt{geomModelGaussian1Sigma}"
#   meta:
#     ucd: stat.error
# - 
#   name: geom_model_gaussian1_depth
#   datatype: float32
#   unit: mag
#   description: Magnitude depth of Gaussian 1 component
#   meta:
#     ucd: src.var.amplitude
# - 
#   name: geom_model_gaussian1_depth_error
#   datatype: float32
#   unit: mag
#   description: "Uncertainty of \\texttt{geomModelGaussian1Depth}"
#   meta:
#     ucd: stat.error;src.var.amplitude
# - 
#   name: geom_model_gaussian2_phase
#   datatype: float32
#   description: Phase of Gaussian 2 component
#   meta:
#     ucd: time.phase
# - 
#   name: geom_model_gaussian2_phase_error
#   datatype: float32
#   description: "Uncertainty of \\texttt{geomModelGaussian2Phase}"
#   meta:
#     ucd: stat.error;time.phase
# - 
#   name: geom_model_gaussian2_sigma
#   datatype: float32
[...]
#   datatype: float32
#   description: "Secondary eclipse: uncertainty of \\texttt{derivedSecondaryEclDuration}"
#   meta:
#     ucd: stat.error;time.duration
# - 
#   name: derived_secondary_ecl_depth
#   datatype: float32
#   unit: mag
#   description: "Secondary eclipse: depth"
#   meta:
#     ucd: src.var.amplitude
# - 
#   name: derived_secondary_ecl_depth_error
#   datatype: float32
#   unit: mag
#   description: "Secondary eclipse: uncertainty of \\texttt{derivedSecondaryEclDepth}"
#   meta:
#     ucd: stat.error;src.var.amplitude
solution_id,source_id,global_ranking,reference_time,frequency,frequency_error,geom_model_reference_level,geom_model_reference_level_error,geom_model_gaussian1_phase,geom_model_gaussian1_phase_error,geom_model_gaussian1_sigma,geom_model_gaussian1_sigma_error,geom_model_gaussian1_depth,geom_model_gaussian1_depth_error,geom_model_gaussian2_phase,geom_model_gaussian2_phase_error,geom_model_gaussian2_sigma,geom_model_gaussian2_sigma_error,geom_model_gaussian2_depth,geom_model_gaussian2_depth_error,geom_model_cosine_half_period_amplitude,geom_model_cosine_half_period_amplitude_error,geom_model_cosine_half_period_phase,geom_model_cosine_half_period_phase_error,model_type,num_model_parameters,reduced_chi2,derived_primary_ecl_phase,derived_primary_ecl_phase_error,derived_primary_ecl_duration,derived_primary_ecl_duration_error,derived_primary_ecl_depth,derived_primary_ecl_depth_error,derived_secondary_ecl_phase,derived_secondary_ecl_phase_error,derived_secondary_ecl_duration,derived_secondary_ecl_duration_error,derived_secondary_ecl_depth,derived_secondary_ecl_depth_error
[from data line 185]
375316653866487564,1827152862411296768,0.5464233,2198.992180513595,2.930198391397044,8.266371E-6,19.1907,0.014510346,0.29164842,0.00493529,0.07036502,0.00884802,0.7179976,0.14489919,0.8010979,0.0051264716,0.05744283,0.0054293405,0.48192793,0.0542124,null,null,null,null,"TWOGAUSSIANS",8,3.0401716,0.29164842,0.00493529,0.3940441,0.01645113,0.7175741,0.14547743,0.8010979,0.0051264716,0.32167986,0.030404307,0.48150444,0.054321557
375316653866487564,1827152931113081600,0.59463966,2211.0991763139687,0.648819233956917,5.422219E-6,18.131565,0.002593995,0.19741768,0.0032206562,0.031338774,0.0021658791,0.2574289,0.0094272345,0.69555074,0.009788813,0.025255926,0.00482113,0.8396867,0.29675296,null,null,null,null,"TWOGAUSSIANS",8,3.0001397,0.69555074,0.009788813,0.14143318,0.026998328,0.8396867,0.29675296,0.19741768,0.0032206562,0.17549713,0.012128923,0.2574289,0.0094272345
375316653866487564,1827153682714677248,0.5777834,2216.3986723248045,3.521206412309955,7.658974E-6,18.25871,0.011062147,0.25225246,0.00353753,0.04988892,0.0068631847,0.18124054,0.023968494,0.7489181,0.003241579,0.05181171,0.0047971695,0.24792995,0.0236735,0.093124904,0.012242766,0.25225246,0.00353753,"TWOGAUSSIANS_WITH_ELLIPSOIDAL_ON_ECLIPSE1",9,4.8709216,0.7493781,0.0027154465,0.29014558,0.026864149,0.43410653,0.009700839,0.25225246,0.00353753,0.27937797,0.038433835,0.36748764,0.006541185
375316653866487564,1827154026314710656,0.50289476,2248.973924167896,3.6957091285917882,1.8474342E-5,19.693226,0.01229919,0.29478404,0.007089395,0.075848654,0.009457337,0.38699856,0.052121323,0.7898943,0.006470436,0.07604616,0.010990285,0.2865097,0.019330861,null,null,null,null,"TWOGAUSSIANS",8,2.0757263,0.29478404,0.007089395,0.4,5.260081E-4,0.38434574,0.053606994,0.7898943,0.006470436,0.4,0.015543684,0.28385684,0.020056404
375316653866487564,1827154820916181376,0.64167583,2206.869790969546,0.30789109468040887,1.0876647E-5,18.281965,0.0038312578,0.23978175,0.0074996245,0.019846154,0.007824863,0.082145445,0.015239193,0.73356634,7.494408E-4,0.024996703,6.204266E-4,2.2450697,0.15554155,0.021042444,0.0060111587,0.23978175,0.0074996245,"TWOGAUSSIANS_WITH_ELLIPSOIDAL_ON_ECLIPSE1",9,3.4099991,0.73357636,7.4692554E-4,0.13998154,0.003474389,2.2870903,0.15626323,0.23978175,0.0074996245,0.11113846,0.043819238,0.124230266,0.015496893
375316653866487564,1827155435061121664,0.512557,2173.1592357620707,1.5706955387191548,4.8833066E-5,18.506336,0.0036653872,0.3329999,0.02004019,0.03780831,0.017953275,0.21482506,0.018934015,0.83657557,0.0037163591,0.038261708,0.0066848365,0.14287302,0.006178728,null,null,null,null,"TWOGAUSSIANS",8,2.624112,0.3329999,0.02004019,0.21172653,0.10053834,0.21482506,0.01893399,0.83657557,0.0037163591,0.21426556,0.037435085,0.14287302,0.006178718
375316653866487564,1827155473759046912,0.5317319,2187.5756924064544,3.45215240946141,8.526894E-6,18.984425,0.01668572,0.27696365,0.008778884,0.087096915,0.009958525,0.31541932,0.03518131,0.78566045,0.0025020512,0.078211784,0.007267707,0.28305152,0.011575469,null,null,null,null,"TWOGAUSSIANS",8,2.1099992,0.27696365,0.008778884,0.4,0.0,0.31016126,0.03470818,0.78566045,0.0025020512,0.4,0.0,0.27779353,0.008968329
375316653866487564,1827157191738227456,0.48338604,2205.6034286725107,0.35806899509895007,1.5411824E-5,10.78341,0.0013980528,null,null,null,null,null,null,null,null,null,null,null,null,0.035839427,0.001949442,0.25069782,0.0039971555,"ELLIPSOIDAL",4,119.19625,null,null,null,null,null,null,null,null,null,null,null,null
375316653866487564,1827158012042087936,0.5837741,2222.161675619149,2.0182960174136215,6.9322705E-6,18.590837,0.014011971,0.2848523,0.0022290049,0.04945858,0.008139167,0.2561768,0.05839239,0.78140426,0.0033157235,0.052571304,0.003169523,0.30535516,0.037931863,0.101768605,0.015990106,0.2848523,0.0022290049,"TWOGAUSSIANS_WITH_ELLIPSOIDAL_ON_ECLIPSE1",9,3.2396488,0.78184426,0.0028765267,0.29439932,0.017749328,0.5088053,0.014754234,0.2848523,0.0022290049,0.27696803,0.045579337,0.4597103,0.057975557
375316653866487564,1827158767962499072,0.5613773,2263.8462162901637,0.6081838588570282,1.0951957E-5,18.89004,0.0031790007,0.20321843,0.0019622513,0.03973231,0.0012898636,0.6364077,0.040269777,0.7028154,0.008580917,0.049946364,0.007947566,0.086691044,0.014269178,null,null,null,null,"TWOGAUSSIANS",8,2.997877,0.20321843,0.0019622513,0.22250094,0.0072232364,0.6364076,0.0402698,0.7028154,0.008580917,0.27969962,0.044506367,0.08669098,0.014269233
375316653866487564,1827158944084916352,0.6370175,2243.648214443416,0.39025058922617906,1.2135883E-6,17.27511,0.0050568096,0.25851727,4.7977382E-4,0.024546998,9.718408E-4,2.3758264,0.31499743,0.7629803,0.0050293426,0.024295865,0.0041124993,0.061609503,0.013924106,0.02977091,0.0056872843,0.25851727,4.7977382E-4,"TWOGAUSSIANS_WITH_ELLIPSOIDAL_ON_ECLIPSE1",9,9.319406,0.25851727,4.7977382E-4,0.13746318,0.0054423083,2.435368,0.31759948,0.7629803,0.0050293426,0.13605684,0.023029996,0.121104516,0.01038001
375316653866487564,1827159768709069824,0.522921,2164.2047166683146,2.8310617877126356,8.690405E-6,18.643305,0.009540543,0.21860325,0.002582158,0.09023335,0.00449542,0.24147442,0.010570032,0.7325846,0.006858209,0.08480108,0.010846431,0.20774844,0.01505794,null,null,null,null,"TWOGAUSSIANS",8,1.7185493,0.21860325,0.002582158,0.4,0.0,0.23545429,0.008424903,0.7325846,0.006858209,0.4,0.0,0.20172843,0.017219558
375316653866487564,1827159798747323904,0.5464202,2211.221108321029,2.1110742960990168,1.0387507E-5,17.51831,0.102330744,0.28760186,0.0034238347,0.119426,0.021092566,0.34519008,0.095104955,0.79969424,0.0064046714,0.13037194,0.03694972,0.22300617,0.10065404,null,null,null,null,"TWOGAUSSIANS",8,6.6609282,0.28748187,0.00326324,0.4,0.0,0.2790502,0.010158822,0.7998143,0.0062918197,0.4,0.0,0.15668097,0.00898285
375316653866487564,1827160039265599360,0.5624015,2177.014870782781,2.283921293179897,1.0248723E-5,18.396418,0.0016341347,0.25744545,0.0657657,0.041044552,0.02533418,0.019829128,0.0146785,0.72178113,1.0209187E-5,0.0076048807,1.5176987E-4,1.1028087,0.055786498,null,null,null,null,"TWOGAUSSIANS",8,1.0822155,0.72178113,1.0209187E-5,0.042587332,8.499113E-4,1.1028087,0.055786498,0.25744545,0.0657657,0.22984949,0.1418714,0.019829128,0.0146785
375316653866487564,1827160421553989120,0.5019895,2226.5879296383873,0.7245682016629055,7.1455947E-6,18.696283,0.006101677,0.23181358,0.003047837,0.043079488,0.003624377,0.23950298,0.0343716,0.73090255,0.0047118077,0.03991104,0.0073838625,0.36322147,0.054575134,null,null,null,null,"TWOGAUSSIANS",8,4.285713,0.73090255,0.0047118077,0.22350182,0.04134963,0.36322147,0.054575216,0.23181358,0.003047837,0.24124514,0.020296512,0.23950298,0.034371603
375316653866487564,1827160936941003392,0.5440818,2221.1830154164413,2.5084996001304956,7.2956695E-6,19.46289,0.004632672,0.26155484,0.0023507082,0.07085015,0.0034835353,0.4708791,0.012653355,0.76071775,0.003650152,0.07203688,0.0028495544,0.49039558,0.012559148,null,null,null,null,"TWOGAUSSIANS",8,1.9202042,0.76071775,0.003650152,0.4,0.004838481,0.48832986,0.012550601,0.26155484,0.0023507082,0.39676082,0.016834682,0.46881342,0.012997013
375316653866487564,1827161001338378240,0.49297127,2221.3486125715613,2.5023073105566462,3.5718364E-5,18.979403,0.024514694,0.24450499,0.027293306,0.06673393,0.029976064,0.14093563,0.034040943,0.74708647,0.0065903766,0.08697567,0.013444767,0.24594103,0.023847438,null,null,null,null,"TWOGAUSSIANS",8,3.719194,0.74708647,0.0065903766,0.4,0.0,0.24411616,0.018841177,0.24450499,0.027293306,0.37370998,0.1297702,0.13911079,0.031381216
375316653866487564,1827161040024438272,0.48522946,2250.457199889501,0.5456233490188903,1.00183446E-4,19.66844,0.018206958,0.6168584,0.31903988,0.09948261,0.25273892,0.027787516,0.06915069,0.74118006,0.012367629,0.026959758,0.008919309,0.4337038,0.058829017,null,null,null,null,"TWOGAUSSIANS",8,1.8065598,0.74118006,0.012367629,0.15097465,0.04994813,0.44643074,0.049921457,0.61757845,0.3811059,0.4,0.31437165,0.027798435,0.5709495
375316653866487564,1827161417986466816,0.5999433,2212.741542241206,3.8835607054592347,4.6298414E-6,17.27638,0.016007692,0.2870376,0.0018525516,0.04178808,0.0038912594,0.63294435,0.06555904,0.7831865,0.0020974618,0.04585759,0.004943487,0.4446707,0.040100068,0.1297511,0.019054133,0.2870376,0.0018525516,"TWOGAUSSIANS_WITH_ELLIPSOIDAL_ON_ECLIPSE1",9,17.339474,0.2870376,0.0018525516,0.23401323,0.021791054,0.8924464,0.07556286,0.7835265,0.0019131339,0.2568025,0.027683526,0.7040343,0.03765463
375316653866487564,1827161692859534336,0.5698504,2256.009678295504,4.405315938603093,5.191182E-6,19.07746,0.015148864,0.2679799,0.0027029484,0.056128133,0.0051579787,0.32210845,0.03730656,0.7769697,0.0028395082,0.04796985,0.004344363,0.38159192,0.03834105,0.09738787,0.022705153,0.2679799,0.0027029484,"TWOGAUSSIANS_WITH_ELLIPSOIDAL_ON_ECLIPSE1",9,3.4382381,0.7769697,0.0028395082,0.2686312,0.024328433,0.5757297,0.025730943,0.2679799,0.0027029484,0.31431755,0.028884681,0.51686704,0.014060052
375316653866487564,1827161795943627136,0.56832033,2247.128600329262,1.717885066283687,8.243892E-6,17.917578,0.0040579257,0.3247627,0.0022519294,0.07856955,0.0034499355,0.24883881,0.006083754,0.826833,0.002391149,0.09807753,0.0048825922,0.12554185,0.0061347703,null,null,null,null,"TWOGAUSSIANS",8,1.8419601,0.3247627,0.0022519294,0.4,0.0,0.24296388,0.006272554,0.826833,0.002391149,0.4,0.0,0.11966635,0.0061578974
375316653866487564,1827162448778538624,0.48526445,2367.4476908638703,0.01067691829797846,1.3711308E-5,15.479351,0.27433372,0.28722674,0.00924104,0.08605324,0.0077106236,0.9118843,0.18940242,0.7660402,0.010742705,0.30285954,0.15338635,0.37336397,0.24134289,null,null,null,null,"TWOGAUSSIANS",8,21.248947,0.28786674,0.009424915,0.4,0.0,0.82020277,0.19720076,0.7660402,0.010742705,0.4,0.0,0.09293076,0.03155963
375316653866487564,1827162551857742208,0.5111454,2290.6943215456336,1.3245779516826393,1.07240485E-5,18.244205,0.012864081,0.22344697,0.0037592256,0.10865088,0.009794785,0.15351771,0.012002077,0.71862394,0.003441802,0.09548897,0.011813664,0.15177618,0.0103249755,null,null,null,null,"TWOGAUSSIANS",8,2.1018944,0.22344697,0.0037592256,0.4,0.0,0.13919961,0.004545842,0.71862394,0.003441802,0.4,0.0,0.13746564,0.011653433
375316653866487564,1827162654936982400,0.59378904,2282.359497586943,2.9659248685543504,3.8551816E-6,16.99068,0.0071156337,0.24300253,0.0016201804,0.09144744,0.0024394833,0.4315693,0.008797696,0.7410347,0.0011679409,0.09009444,0.0030007842,0.42616484,0.013776496,null,null,null,null,"TWOGAUSSIANS",8,8.517221,0.24300253,0.0016201804,0.4,0.0,0.41281134,0.007410997,0.7410347,0.0011679409,0.4,0.0,0.40740696,0.015089003
375316653866487564,1827162891124732800,0.6086818,2278.4809786192895,0.7299585588248655,3.7434204E-6,17.49403,0.0073929597,0.22793385,0.0012278998,0.094146945,0.0027138917,0.39123428,0.0077665565,0.72993493,0.0017523787,0.10321684,0.0035394279,0.3169421,0.007594075,null,null,null,null,"TWOGAUSSIANS",8,3.6418219,0.22793385,0.0012278998,0.4,0.0,0.3637331,0.0069195116,0.72993493,0.0017523787,0.4,0.0,0.28943643,0.0063460856
375316653866487564,1827163032887882880,0.5212736,2256.048494370412,2.242845225407779,1.1564788E-5,18.900837,0.021087365,0.23349679,0.005308993,0.10206488,0.014425385,0.18532881,0.018612847,0.70846426,0.0032141146,0.110477425,0.008164866,0.32320058,0.019803122,null,null,null,null,"TWOGAUSSIANS",8,2.8999455,0.70846426,0.0032141146,0.4,0.0,0.29993975,0.010042269,0.23355678,0.0053295637,0.4,0.0,0.16209935,0.010597735
375316653866487564,1827163170328337280,0.546971,2291.936789949142,3.6502988115375783,6.79952E-6,19.064316,0.0128646,0.2602071,0.0031601803,0.08159363,0.0045674494,0.40255558,0.01680568,0.7656656,0.003040329,0.088944815,0.0049605775,0.4294866,0.01920448,null,null,null,null,"TWOGAUSSIANS",8,2.9369771,0.7656656,0.003040329,0.4,0.0,0.41919348,0.019224415,0.2602071,0.0031601803,0.4,0.0,0.39226255,0.01587238
375316653866487564,1827164059355301632,0.5464237,2215.3307206162895,1.090106455841411,8.6500795E-6,18.465588,0.0040152436,0.2689004,0.025464408,0.04802406,0.022649677,0.043464303,0.04270445,0.76854736,0.0013627644,0.04769424,0.0046294564,0.26781636,0.020779448,null,null,null,null,"TWOGAUSSIANS",8,2.6813717,0.76854736,0.0013627644,0.26708773,0.025924956,0.26781613,0.020779949,0.2689004,0.025464408,0.26893473,0.12683819,0.043464053,0.0427047
375316653866487564,1827164132405999360,0.51180935,2232.1594000164228,3.5314860586489756,1.3481329E-5,19.318794,0.024530787,0.28573748,0.0035076211,0.07302711,0.006723143,0.5635647,0.035952628,0.77868825,0.0100701805,0.065275714,0.032976773,0.4675744,0.20790325,null,null,null,null,"TWOGAUSSIANS",8,7.8976917,0.28573748,0.0035076211,0.4,0.004531154,0.5623222,0.03585833,0.77868825,0.0100701805,0.36554402,0.15916939,0.46633187,0.21134295
375316653866487564,1827165060118832640,0.49994117,2265.0334546708336,1.567894538096124,1.3124793E-5,17.758541,0.007960538,0.26885524,0.0042952313,0.08808852,0.0083941445,0.15312178,0.009673647,0.7720898,0.005693187,0.08680909,0.010554002,0.09429612,0.0075933477,null,null,null,null,"TWOGAUSSIANS",8,4.3035727,0.26885524,0.0042952313,0.4,0.0,0.1493009,0.0093233315,0.7720898,0.005693187,0.4,0.0,0.09047527,0.005576676
375316653866487564,1827165365033956864,0.49074003,2276.410625863929,1.8965880707463023,2.924424E-5,19.104239,0.0073815663,0.24024606,0.018158618,0.0550849,0.021312207,0.06637937,0.024552586,0.72842765,0.0068679797,0.06595021,0.0071115247,0.30489686,0.01598948,null,null,null,null,"TWOGAUSSIANS",8,5.599899,0.72842765,0.0068679797,0.36932114,0.039824538,0.30485764,0.015990173,0.24024606,0.018158618,0.30847543,0.11934836,0.06634015,0.02461577
375316653866487564,1827166675017616128,0.50186396,2288.5980122607566,3.1012223721710854,1.2233251E-5,19.85897,0.008433107,0.26977468,0.004198646,0.081560105,0.005405733,0.34436074,0.015710885,0.77422667,0.003864421,0.07508907,0.004855212,0.28536785,0.015717588,null,null,null,null,"TWOGAUSSIANS",8,1.3493125,0.26977468,0.004198646,0.4,0.0,0.34083962,0.015741384,0.77422667,0.003864421,0.4,0.0,0.28184676,0.015692303
375316653866487564,1827166675026501632,0.43456352,2296.270260662404,0.6133911605026343,4.9869163E-6,17.390574,0.0027707152,0.34930217,0.025776763,0.055051684,0.023481112,0.020619089,0.004374997,0.8108513,0.0010135348,0.02349501,0.0018965087,0.13152684,0.011578494,null,null,null,null,"TWOGAUSSIANS",8,8.225566,0.8108513,0.0010135348,0.13157205,0.010620449,0.13152684,0.011578494,0.34930217,0.025776763,0.30828944,0.13149422,0.020619089,0.0043749977
375316653866487564,1827167946332161920,0.56964326,2314.413003607418,1.206282653253658,8.7317685E-6,19.433273,0.0053864517,0.28411633,0.00451742,0.049189344,0.003566374,0.83056015,0.047097236,0.78169465,0.0061289156,0.052129064,0.005135736,0.19687252,0.013852928,null,null,null,null,"TWOGAUSSIANS",8,1.7993404,0.28411633,0.00451742,0.27546033,0.019971695,0.8305566,0.04709924,0.78169465,0.0061289156,0.29192275,0.028760122,0.19686894,0.01385456
375316653866487564,1827167946336868864,0.4633594,2291.8713667061893,3.86812915724759,4.248459E-5,16.915722,0.14676146,0.2901095,0.009614388,0.14814335,0.0738578,0.18879493,0.14408325,0.770433,0.009948323,0.094593585,0.030623375,0.21366963,0.10794247,null,null,null,null,"TWOGAUSSIANS",8,20.329447,0.770433,0.009948323,0.4,0.0,0.17637296,0.020042798,0.2901095,0.0095690815,0.4,0.0,0.15011263,0.013465903
375316653866487564,1827168015056325120,0.5293769,2291.7115173230054,3.668179138091505,1.1842256E-5,18.175323,0.019780908,0.27663887,0.005526409,0.109792426,0.013583554,0.23191905,0.017393235,0.7850076,0.004186461,0.0958945,0.01058534,0.21575962,0.01956318,null,null,null,null,"TWOGAUSSIANS",8,4.488117,0.27663887,0.005526409,0.4,0.0,0.21082187,0.007580749,0.78501755,0.0041880454,0.4,0.0,0.19467723,0.016146569
