Gaia/vari_eclipsing_binary/VariEclipsingBinary_026058-026390.csv
# %ECSV 1.0
# ---
# delimiter: ','
# meta: !!omap
# - RELEASE: Gaia DR3
# - TABLE: vari_eclipsing_binary
# - DESCRIPTION: >
#     This table describes the properties of the eclipsing binaries resulting from the variability analysis. 
# - CITATION: >
#     How to cite and acknowledge Gaia: 
#     https://gea.esac.esa.int/archive/documentation/credits.html 
# - KNOWN_ISSUES: >
#     Known issues: 
#     https://www.cosmos.esa.int/web/gaia-users/known-issues 
# - DOCUMENTATION: >
#     Tutorials and documentation: 
#     https://www.cosmos.esa.int/web/gaia-users/archive 
# datatype:
# - 
#   name: solution_id
#   datatype: int64
#   description: Solution Identifier
#   meta:
#     ucd: meta.version
# - 
#   name: source_id
#   datatype: int64
#   description: Unique source identifier
#   meta:
#     ucd: meta.id;meta.main
# - 
#   name: global_ranking
#   datatype: float32
#   description: Number between 0 (worst) and 1 (best)
#   meta:
#     ucd: stat.param
# - 
#   name: reference_time
#   datatype: float64
#   unit: d
#   description: Reference time used for the geometric model fit
#   meta:
#     ucd: time.epoch
# - 
#   name: frequency
#   datatype: float64
#   unit: d**-1
#   description: Frequency of geometric model of the eclipsing binary light curve
#   meta:
#     ucd: src.orbital
# - 
#   name: frequency_error
#   datatype: float32
#   unit: d**-1
#   description: "Uncertainty of \\texttt{frequency}"
#   meta:
#     ucd: stat.error
# - 
#   name: geom_model_reference_level
#   datatype: float32
#   unit: mag
#   description: Magnitude reference level of geometric model
#   meta:
#     ucd: phot.mag;em.opt
# - 
#   name: geom_model_reference_level_error
#   datatype: float32
#   unit: mag
#   description: "Uncertainty of \\texttt{geomModelReferenceLevel}"
#   meta:
#     ucd: stat.error;phot.mag;em.opt
# - 
#   name: geom_model_gaussian1_phase
#   datatype: float32
#   description: Phase of the Gaussian 1 component
#   meta:
#     ucd: time.phase
# - 
#   name: geom_model_gaussian1_phase_error
#   datatype: float32
#   description: "Uncertainty of \\texttt{geomModelGaussian1Phase}"
#   meta:
#     ucd: stat.error;time.phase
# - 
#   name: geom_model_gaussian1_sigma
#   datatype: float32
#   description: "Standard deviation [phase] of Gaussian 1 component"
#   meta:
#     ucd: stat.stdev
# - 
#   name: geom_model_gaussian1_sigma_error
#   datatype: float32
#   description: "Uncertainty of \\texttt{geomModelGaussian1Sigma}"
#   meta:
#     ucd: stat.error
# - 
#   name: geom_model_gaussian1_depth
#   datatype: float32
#   unit: mag
#   description: Magnitude depth of Gaussian 1 component
#   meta:
#     ucd: src.var.amplitude
# - 
#   name: geom_model_gaussian1_depth_error
#   datatype: float32
#   unit: mag
#   description: "Uncertainty of \\texttt{geomModelGaussian1Depth}"
#   meta:
#     ucd: stat.error;src.var.amplitude
# - 
#   name: geom_model_gaussian2_phase
#   datatype: float32
#   description: Phase of Gaussian 2 component
#   meta:
#     ucd: time.phase
# - 
#   name: geom_model_gaussian2_phase_error
#   datatype: float32
#   description: "Uncertainty of \\texttt{geomModelGaussian2Phase}"
#   meta:
#     ucd: stat.error;time.phase
# - 
#   name: geom_model_gaussian2_sigma
#   datatype: float32
[...]
#   datatype: float32
#   description: "Secondary eclipse: uncertainty of \\texttt{derivedSecondaryEclDuration}"
#   meta:
#     ucd: stat.error;time.duration
# - 
#   name: derived_secondary_ecl_depth
#   datatype: float32
#   unit: mag
#   description: "Secondary eclipse: depth"
#   meta:
#     ucd: src.var.amplitude
# - 
#   name: derived_secondary_ecl_depth_error
#   datatype: float32
#   unit: mag
#   description: "Secondary eclipse: uncertainty of \\texttt{derivedSecondaryEclDepth}"
#   meta:
#     ucd: stat.error;src.var.amplitude
solution_id,source_id,global_ranking,reference_time,frequency,frequency_error,geom_model_reference_level,geom_model_reference_level_error,geom_model_gaussian1_phase,geom_model_gaussian1_phase_error,geom_model_gaussian1_sigma,geom_model_gaussian1_sigma_error,geom_model_gaussian1_depth,geom_model_gaussian1_depth_error,geom_model_gaussian2_phase,geom_model_gaussian2_phase_error,geom_model_gaussian2_sigma,geom_model_gaussian2_sigma_error,geom_model_gaussian2_depth,geom_model_gaussian2_depth_error,geom_model_cosine_half_period_amplitude,geom_model_cosine_half_period_amplitude_error,geom_model_cosine_half_period_phase,geom_model_cosine_half_period_phase_error,model_type,num_model_parameters,reduced_chi2,derived_primary_ecl_phase,derived_primary_ecl_phase_error,derived_primary_ecl_duration,derived_primary_ecl_duration_error,derived_primary_ecl_depth,derived_primary_ecl_depth_error,derived_secondary_ecl_phase,derived_secondary_ecl_phase_error,derived_secondary_ecl_duration,derived_secondary_ecl_duration_error,derived_secondary_ecl_depth,derived_secondary_ecl_depth_error
[from data line 217]
375316653866487564,229789168472912000,0.51623076,2060.362711969777,0.7184310244,5.4654124E-6,19.420013,0.0030960299,0.5058446,2.6822033E-7,0.0012522269,1.6829556E-5,0.6978343,0.0058057364,0.79964525,2.0826422E-4,0.015249874,0.0014510088,0.11585869,0.014340554,null,null,null,null,"TWOGAUSSIANS",8,1.2049396,0.5058446,2.6822033E-7,0.0070124706,9.424551E-5,0.6978343,0.0058057364,0.79964525,2.0826422E-4,0.0853993,0.00812565,0.11585869,0.014340554
375316653866487564,229794739047539328,0.6185305,2082.7981396272353,0.7042559326707203,1.317532E-5,16.718147,0.0037986846,0.21013187,0.0075093955,0.031812705,0.005174022,0.079438515,0.010310854,0.71948916,3.4032672E-4,0.034895357,9.0766733E-4,0.6704415,0.007968361,0.010152277,0.006094379,0.21013187,0.0075093955,"TWOGAUSSIANS_WITH_ELLIPSOIDAL_ON_ECLIPSE1",9,11.8730545,0.71948916,3.4032672E-4,0.19541399,0.0050829374,0.690676,0.011322224,0.21013187,0.0075093955,0.17815116,0.028974524,0.099743046,0.0077797216
375316653866487564,229804634652087040,0.50611454,2085.002380695259,0.36679087113320746,1.0669864E-4,14.371145,0.004518419,0.32671952,0.0066594067,0.06084356,0.007766583,0.23669465,0.044341385,0.80062854,0.0032077588,0.02816011,0.0061884797,0.084937885,0.010880277,0.017199956,0.008784266,0.32671952,0.0066594067,"TWOGAUSSIANS_WITH_ELLIPSOIDAL_ON_ECLIPSE1",9,128.99353,0.32671952,0.0066594067,0.34072396,0.043492865,0.2710454,0.049556773,0.8012585,0.0030543406,0.15769662,0.034655485,0.11839447,0.009117053
375316653866487564,229819443699300480,0.54434174,2086.3900713812477,0.21319913477721048,4.4512002E-5,15.562081,0.0015363104,0.26865128,0.001801746,0.015502033,9.939615E-4,0.27348763,0.01657291,null,null,null,null,null,null,0.02274055,0.0026246365,0.26865128,0.001801746,"ONEGAUSSIAN_WITH_ELLIPSOIDAL",6,25.3114,0.26865128,0.001801746,0.08681138,0.0055661844,0.3189687,0.016521404,null,null,null,null,null,null
375316653866487564,229820027814882304,0.5791287,2105.912780702843,3.0269175848649943,8.4051335E-6,17.492092,0.00921535,0.26331568,0.0032100005,0.04152069,0.012085243,0.11393344,0.024398442,0.76373494,0.0058683297,0.050212365,0.007819186,0.09480469,0.020583667,0.10612838,0.011223151,0.26331568,0.0032100005,"TWOGAUSSIANS_WITH_ELLIPSOIDAL_ON_ECLIPSE1",9,7.9262414,0.26331568,0.0032100005,0.23251586,0.067677364,0.3261895,0.022582745,0.76373494,0.0051192315,0.28118923,0.04378744,0.30705926,0.0066463454
375316653866487564,229821917600419968,0.6386136,2058.602901562917,1.3016828497574688,5.2897726E-6,13.36939,0.008405738,0.29650208,0.0022783927,0.036443844,0.0038546647,1.3118525,0.31419137,0.79072493,0.004236069,0.02764588,0.010857586,0.24191394,0.19890735,0.0372963,0.0104953265,0.29650208,0.0022783927,"TWOGAUSSIANS_WITH_ELLIPSOIDAL_ON_ECLIPSE1",9,282.25943,0.29650208,0.0022783927,0.20408553,0.021586122,1.386445,0.32699957,0.79083496,0.0042179073,0.15481694,0.06080248,0.3164101,0.21208714
375316653866487564,229824730801151616,0.55150527,2086.476768256132,2.6882238740686466,1.2283581E-5,18.65111,0.008359997,0.22923112,0.0037085537,0.08108401,0.0048036906,0.35413313,0.02517951,0.73025,0.003851665,0.083570324,0.0058662957,0.39889047,0.012050786,null,null,null,null,"TWOGAUSSIANS",8,4.2229123,0.73025,0.003851665,0.4,0.0,0.3915491,0.012777114,0.22923112,0.0037085537,0.4,0.0,0.34679174,0.026087755
375316653866487564,229825830312790400,0.55022305,2090.2550647292355,0.5003461508406167,3.8792838E-5,18.820936,0.0067831897,0.23388536,9.3490566E-4,0.022112885,0.0023554931,0.8109569,0.18831712,0.7319922,0.007633445,0.02210945,0.00835807,0.108456634,0.044287242,0.02557603,0.0070570046,0.23388536,9.3490566E-4,"TWOGAUSSIANS_WITH_ELLIPSOIDAL_ON_ECLIPSE1",9,4.249117,0.23388536,9.3490566E-4,0.123832166,0.013190761,0.86210895,0.19111395,0.7320222,0.007597111,0.12381292,0.046805188,0.15960157,0.042648386
375316653866487564,229835077381521664,0.7001082,2097.676346767846,0.17169999714191497,9.0023175E-5,14.670264,0.0022977793,0.1052475,1.5836382E-4,0.011902082,1.8749E-4,1.2790614,0.010470476,0.3381971,0.006744378,0.029723251,0.004943445,0.07420851,0.03771497,0.009692172,0.0043518245,0.1052475,1.5836382E-4,"TWOGAUSSIANS_WITH_ELLIPSOIDAL_ON_ECLIPSE1",9,86.20508,0.1052475,1.5836382E-4,0.06665166,0.0010499441,1.2984457,0.010718077,0.3381971,0.006744378,0.16645022,0.02768329,0.07443002,0.037894625
375316653866487564,229839234909858304,0.4911693,2105.8012652499337,1.2977916646344563,9.7842014E-5,19.185556,0.0059962007,0.23437373,0.0035474475,0.017133566,0.00369005,0.34237245,0.059085183,0.7400559,0.005394859,0.020030973,0.009964445,0.11004442,0.030541942,null,null,null,null,"TWOGAUSSIANS",8,3.8262694,0.23437373,0.0035474475,0.095947966,0.02066428,0.34237245,0.059085183,0.7400559,0.005394859,0.11217345,0.05580089,0.11004442,0.030541942
375316653866487564,229839475428023680,0.5112437,2089.85763266729,2.4819032722468215,1.0849938E-5,16.185162,0.013358714,0.26506653,0.0030136327,0.08867444,0.00883378,0.23808435,0.016695848,0.76995665,0.004688329,0.07848676,0.009642338,0.15097563,0.015868247,null,null,null,null,"TWOGAUSSIANS",8,46.997482,0.26506653,0.0030136327,0.4,0.0,0.23408106,0.016610384,0.76995665,0.004688329,0.4,0.0,0.14697239,0.014768396
375316653866487564,229839917805745024,0.43960726,2088.1449764873973,2.1777900686644225,7.434931E-5,18.157383,0.0088751055,0.35064885,0.032327767,0.10832133,0.023151997,0.040449224,0.013130403,0.7460906,0.014962735,0.054116525,0.023435108,0.10440384,0.015494217,null,null,null,null,"TWOGAUSSIANS",8,4.75845,0.7460906,0.014962735,0.30305254,0.117846645,0.104354784,0.015897915,0.35064885,0.032327767,0.4,0.0,0.04034853,0.012760701
375316653866487564,229840879878445824,0.53174126,2109.5598655974904,0.7170944003648257,6.363741E-5,18.21128,0.003213655,0.19879419,0.002436892,0.025720378,0.0026891187,0.29837534,0.02835141,0.66485286,1.5035817E-4,0.007847313,1.3522022E-4,0.6731447,0.0053093443,null,null,null,null,"TWOGAUSSIANS",8,4.9065123,0.66485286,1.5035817E-4,0.04394495,7.572333E-4,0.6731447,0.0053093443,0.19879419,0.002436892,0.14403412,0.015059065,0.29837534,0.02835141
375316653866487564,229849680270154752,0.45875978,2094.1817761546827,1.4324340455522935,2.9145125E-5,16.564392,0.0057969894,0.20618795,0.0067734253,0.071619086,0.010722768,0.1469913,0.027050471,0.7053915,0.013020604,0.051736206,0.018214358,0.07569464,0.055729542,null,null,null,null,"TWOGAUSSIANS",8,20.16849,0.20618795,0.0067734253,0.4,0.038612247,0.14693344,0.02711477,0.7053915,0.013020604,0.28972277,0.1020004,0.075636774,0.055786587
375316653866487564,229852459110365568,0.4747505,2086.030339671768,4.268945630270116,2.5595118E-5,19.544798,0.009210207,0.2725701,0.0065602944,0.070066944,0.008247746,0.19423106,0.009495798,0.7636377,0.004660433,0.06871588,0.0075833304,0.2756922,0.01718908,null,null,null,null,"TWOGAUSSIANS",8,2.4198751,0.7636377,0.004660433,0.3848089,0.040657308,0.27513757,0.01727932,0.2725701,0.0065602944,0.3923749,0.04269393,0.19367644,0.009300489
375316653866487564,229852566485718912,0.51061606,2112.1495470292625,0.02057269611773887,4.306901E-6,19.3717,0.0057421587,0.031490296,2.7310548E-4,6.3310744E-4,1.2020095E-4,0.9821752,0.5136423,0.75594765,0.086254545,0.029886784,0.04709934,0.25800356,3.3300188,null,null,null,null,"TWOGAUSSIANS",8,2.6246424,0.031490296,2.7310548E-4,0.0035454016,6.731253E-4,0.9821752,0.5136498,0.75594765,0.086254545,0.167366,0.23697336,0.25800356,3.3300188
375316653866487564,229858094107747072,0.4637881,2089.9995883603347,0.17064890253795503,2.865344E-5,18.492136,0.005343128,0.18509968,0.027969308,0.028100466,0.010163329,0.40369585,0.28742078,0.6638153,0.021589482,0.060884696,0.03418902,0.034040272,0.02028468,null,null,null,null,"TWOGAUSSIANS",8,3.0081012,0.18509968,0.027969308,0.15736261,0.056914642,0.40369582,0.28742066,0.6638153,0.021589482,0.3409543,0.17360024,0.034040265,0.020284992
375316653866487564,229861018983950336,0.70071054,2096.1925863267934,0.23374129736162882,2.0407268E-5,14.379423,8.371228E-4,0.23322617,4.4191547E-4,0.0135848485,3.616458E-4,0.60813075,0.00499457,0.73119855,3.406311E-4,0.009414806,7.782161E-4,0.61878514,0.004117354,null,null,null,null,"TWOGAUSSIANS",8,18.399632,0.73119855,3.406311E-4,0.052722912,0.0043580104,0.61878514,0.004117354,0.23322617,4.4191547E-4,0.07607515,0.0020252166,0.60813075,0.00499457
375316653866487564,229862217276153472,0.58407545,2090.6427046242434,4.296943949034144,5.6776653E-6,19.03396,0.011270293,0.20072675,0.0011566303,0.042213477,0.004565592,0.24116156,0.027330749,0.700164,0.0030879444,0.041582007,0.009749751,0.1914792,0.031763732,0.13171026,0.017177023,0.20072675,0.0011566303,"TWOGAUSSIANS_WITH_ELLIPSOIDAL_ON_ECLIPSE1",9,1.7917631,0.20072675,0.0011566303,0.23639548,0.025567316,0.5045816,0.022858385,0.700254,0.0027862927,0.23285924,0.054598603,0.45489642,0.04532357
375316653866487564,229871189466419456,0.5513065,2039.2669194604784,3.56182041711497,1.619608E-5,16.62866,0.024103476,0.2182629,0.003056775,0.0980386,0.010779624,0.2556502,0.020700267,0.7288914,0.0032276735,0.09993533,0.011464375,0.29230648,0.020060549,null,null,null,null,"TWOGAUSSIANS",8,18.031952,0.7288914,0.0032276735,0.4,0.0,0.27266052,0.009549308,0.2182629,0.0030633823,0.4,0.0,0.23600534,0.010554611
375316653866487564,229871494405930240,0.5157849,2030.5243802526709,1.593871818302393,1.5485764E-4,18.509565,0.0024525824,0.7356188,0.032148793,0.025432473,0.017442783,0.5215496,1.7687206,null,null,null,null,null,null,null,null,null,null,"ONEGAUSSIAN",5,3.156369,0.7356188,0.032148793,0.14242184,0.09767959,0.5215496,0.0,null,null,null,null,null,null
375316653866487564,229873109313501312,0.5598801,2089.2223877312554,3.9615462828722277,1.8374378E-5,19.278456,0.006933162,0.2082342,0.0030362655,0.07956421,0.0052463836,0.4306706,0.019600002,0.70590496,0.0042416463,0.07644536,0.0037763892,0.40698788,0.018117735,null,null,null,null,"TWOGAUSSIANS",8,1.9405905,0.2082342,0.0030362655,0.4,0.0,0.42597404,0.020536035,0.70590496,0.0042416463,0.4,0.0,0.40229133,0.017926866
375316653866487564,229879195285509248,0.43885398,2103.08118335345,0.11180772046299384,5.2205687E-5,17.477636,0.008433555,0.37668896,0.0076482627,0.06971083,0.011176883,0.10005827,0.02667192,0.8282213,0.01669686,0.0829505,0.01236278,0.1553678,0.018458584,null,null,null,null,"TWOGAUSSIANS",8,12.204985,0.8282213,0.01669686,0.4,0.0,0.1549694,0.01833514,0.37668896,0.0076482627,0.39038065,0.054681774,0.09965991,0.026765041
375316653866487564,229883662051216128,0.5436381,2051.6411279208273,0.44555657642446256,5.0809267E-6,16.128271,0.0013233154,0.26368764,0.0073361574,0.023833107,0.015760653,0.0021825628,0.0041798404,0.7498978,0.011307189,0.019811226,0.004437773,0.14796877,0.04808501,0.018492723,0.0018879762,0.26368764,0.0073361574,"TWOGAUSSIANS_WITH_ELLIPSOIDAL_ON_ECLIPSE1",9,6.615937,0.7500078,0.01121163,0.11094287,0.02485153,0.18467931,0.04635291,0.26368764,0.0073361574,0.1334654,0.08825965,0.039167963,0.0027508764
375316653866487564,229885895434470400,0.5132867,2097.442741702077,2.3234351597972878,2.5160207E-5,18.48675,0.010413151,0.24650717,0.0066920584,0.11324095,0.011679104,0.11595416,0.011175345,0.75328344,0.0042059207,0.079564594,0.006945154,0.20729169,0.010449445,null,null,null,null,"TWOGAUSSIANS",8,1.5000869,0.75328344,0.0042180005,0.4,0.0,0.19828863,0.008313715,0.24650717,0.0066920584,0.4,0.0,0.10693709,0.0060921656
375316653866487564,229888712932970240,0.63147604,2105.4326508975596,1.6257307094741256,4.255812E-6,14.530335,0.0051692114,0.21537828,0.0010770392,0.08808183,0.0023903148,0.29911935,0.005708446,0.71884084,0.0024168529,0.09533331,0.0035762743,0.2748185,0.006361172,null,null,null,null,"TWOGAUSSIANS",8,41.4939,0.21537828,0.0010770392,0.4,0.0,0.28590524,0.0051949644,0.71884084,0.0024168529,0.4,0.0,0.26160386,0.0053695147
375316653866487564,229891736590590592,0.5131164,2063.002536756601,0.23585764977024237,7.136981E-5,15.859148,0.012682196,0.18174325,0.03664348,0.004078243,0.0034984904,4.5530286,1.445828E8,0.57229733,0.01691513,0.05974553,0.015105922,0.33908057,0.055772297,0.031176941,0.018071763,0.18174325,0.03664348,"TWOGAUSSIANS_WITH_ELLIPSOIDAL_ON_ECLIPSE1",9,303.2632,0.18174325,0.03664348,0.022838159,0.019591548,4.615382,1.445828E8,0.57630736,0.017223438,0.33457497,0.08459316,0.37708238,0.05843268
375316653866487564,229896233417027968,0.4620937,2072.7811794175113,3.1937313046005893,2.3331477E-5,19.010456,0.034632362,0.22704116,0.008592244,0.072060354,0.014659928,0.5193463,0.06379534,0.75530624,0.019417632,0.07990451,0.021105932,0.37192154,0.070558876,null,null,null,null,"TWOGAUSSIANS",8,32.58396,0.22704116,0.008592244,0.4,0.0290218,0.5172823,0.06604362,0.75530624,0.019417632,0.4,0.04414554,0.36985755,0.07150838
375316653866487564,229905544906529920,0.52930355,2049.0375581840335,2.880360846404865,1.8468636E-5,18.27656,0.034367565,0.2104346,0.0044912864,0.036721922,0.008194055,0.30055457,0.0742472,0.7122338,0.007807956,0.053386804,0.027139748,0.2632869,0.0594429,0.09672539,0.03800201,0.2104346,0.0044912864,"TWOGAUSSIANS_WITH_ELLIPSOIDAL_ON_ECLIPSE1",9,14.227153,0.2104346,0.0044912864,0.20564276,0.04588671,0.49400145,0.042897336,0.7122338,0.007524534,0.2989661,0.15198259,0.45670906,0.04738388
375316653866487564,229914998132732416,0.5932324,2120.728533704748,2.8296632499584775,1.0614929E-5,16.84546,0.007639058,0.26173776,0.0042603496,0.033648275,0.0056177396,0.4565575,0.108774565,0.76138234,0.0039973618,0.032383054,0.0040822406,0.30843621,0.026474416,0.13603349,0.012237748,0.26173776,0.0042603496,"TWOGAUSSIANS_WITH_ELLIPSOIDAL_ON_ECLIPSE1",9,37.263935,0.26173776,0.0042603496,0.18843034,0.031459343,0.7286239,0.1142844,0.7614023,0.003858117,0.18134509,0.022860546,0.5805014,0.024954515
375316653866487564,229919567977897216,0.48965687,2110.724525686051,0.8216687089873124,1.1610512E-5,17.291971,0.0041012783,0.23509121,0.0019652355,0.015323443,0.0015916212,0.1488204,0.028904917,0.7390364,0.0010590276,0.011460462,0.0021092223,0.48003635,0.2933755,0.01000158,0.0058623566,0.23509121,0.0019652355,"TWOGAUSSIANS_WITH_ELLIPSOIDAL_ON_ECLIPSE1",9,15.507358,0.7390364,0.0010590276,0.064178586,0.011811646,0.50002724,0.29569644,0.23509121,0.0019652355,0.08581128,0.008913078,0.16882356,0.028820382
375316653866487564,229919602337629952,0.43591368,2135.0480799328757,0.04524768097925519,1.0928467E-5,12.892614,0.0013773518,0.16051303,0.0016520618,0.011531227,0.0027957007,0.05097328,0.06660141,0.5158271,0.009819444,0.102991484,0.010509883,0.021659482,0.0031285232,null,null,null,null,"TWOGAUSSIANS",8,16.64961,0.16051303,0.0016458867,0.064574875,0.015655924,0.051029332,0.0665982,0.5158271,0.009819444,0.4,0.0,0.02165915,0.0031285686
375316653866487564,229920392611628288,0.5287034,2124.878888921294,2.05538239771593,1.8301245E-5,17.78617,0.22349447,0.30693534,0.0041539553,0.15270159,0.049956333,0.20447072,0.20666398,0.81019497,0.009512535,0.15486145,0.06962112,0.17511915,0.2113866,null,null,null,null,"TWOGAUSSIANS",8,1.5282726,0.30662534,0.0039142366,0.4,0.0,0.10742347,0.0046276357,0.810595,0.009291061,0.4,0.0,0.0780847,0.005489214
375316653866487564,229923519347745664,0.5481245,2110.397945147794,4.472983284166808,1.16636975E-5,19.44155,0.004475223,0.19183111,0.025122568,0.016482523,0.022039529,0.19773982,5.426966E24,0.6251603,0.0022909143,0.075170144,0.002442064,0.6662455,0.02052015,null,null,null,null,"TWOGAUSSIANS",8,1.8162646,0.6251603,0.0022909143,0.4,0.0,0.6662455,0.020520138,0.19183111,0.025122568,0.09230212,0.123421356,0.19773985,5.426966E24
