Gaia/vari_eclipsing_binary/VariEclipsingBinary_487499-487553.csv
# %ECSV 1.0
# ---
# delimiter: ','
# meta: !!omap
# - RELEASE: Gaia DR3
# - TABLE: vari_eclipsing_binary
# - DESCRIPTION: >
#     This table describes the properties of the eclipsing binaries resulting from the variability analysis. 
# - CITATION: >
#     How to cite and acknowledge Gaia: 
#     https://gea.esac.esa.int/archive/documentation/credits.html 
# - KNOWN_ISSUES: >
#     Known issues: 
#     https://www.cosmos.esa.int/web/gaia-users/known-issues 
# - DOCUMENTATION: >
#     Tutorials and documentation: 
#     https://www.cosmos.esa.int/web/gaia-users/archive 
# datatype:
# - 
#   name: solution_id
#   datatype: int64
#   description: Solution Identifier
#   meta:
#     ucd: meta.version
# - 
#   name: source_id
#   datatype: int64
#   description: Unique source identifier
#   meta:
#     ucd: meta.id;meta.main
# - 
#   name: global_ranking
#   datatype: float32
#   description: Number between 0 (worst) and 1 (best)
#   meta:
#     ucd: stat.param
# - 
#   name: reference_time
#   datatype: float64
#   unit: d
#   description: Reference time used for the geometric model fit
#   meta:
#     ucd: time.epoch
# - 
#   name: frequency
#   datatype: float64
#   unit: d**-1
#   description: Frequency of geometric model of the eclipsing binary light curve
#   meta:
#     ucd: src.orbital
# - 
#   name: frequency_error
#   datatype: float32
#   unit: d**-1
#   description: "Uncertainty of \\texttt{frequency}"
#   meta:
#     ucd: stat.error
# - 
#   name: geom_model_reference_level
#   datatype: float32
#   unit: mag
#   description: Magnitude reference level of geometric model
#   meta:
#     ucd: phot.mag;em.opt
# - 
#   name: geom_model_reference_level_error
#   datatype: float32
#   unit: mag
#   description: "Uncertainty of \\texttt{geomModelReferenceLevel}"
#   meta:
#     ucd: stat.error;phot.mag;em.opt
# - 
#   name: geom_model_gaussian1_phase
#   datatype: float32
#   description: Phase of the Gaussian 1 component
#   meta:
#     ucd: time.phase
# - 
#   name: geom_model_gaussian1_phase_error
#   datatype: float32
#   description: "Uncertainty of \\texttt{geomModelGaussian1Phase}"
#   meta:
#     ucd: stat.error;time.phase
# - 
#   name: geom_model_gaussian1_sigma
#   datatype: float32
#   description: "Standard deviation [phase] of Gaussian 1 component"
#   meta:
#     ucd: stat.stdev
# - 
#   name: geom_model_gaussian1_sigma_error
#   datatype: float32
#   description: "Uncertainty of \\texttt{geomModelGaussian1Sigma}"
#   meta:
#     ucd: stat.error
# - 
#   name: geom_model_gaussian1_depth
#   datatype: float32
#   unit: mag
#   description: Magnitude depth of Gaussian 1 component
#   meta:
#     ucd: src.var.amplitude
# - 
#   name: geom_model_gaussian1_depth_error
#   datatype: float32
#   unit: mag
#   description: "Uncertainty of \\texttt{geomModelGaussian1Depth}"
#   meta:
#     ucd: stat.error;src.var.amplitude
# - 
#   name: geom_model_gaussian2_phase
#   datatype: float32
#   description: Phase of Gaussian 2 component
#   meta:
#     ucd: time.phase
# - 
#   name: geom_model_gaussian2_phase_error
#   datatype: float32
#   description: "Uncertainty of \\texttt{geomModelGaussian2Phase}"
#   meta:
#     ucd: stat.error;time.phase
# - 
#   name: geom_model_gaussian2_sigma
#   datatype: float32
[...]
#   datatype: float32
#   description: "Secondary eclipse: uncertainty of \\texttt{derivedSecondaryEclDuration}"
#   meta:
#     ucd: stat.error;time.duration
# - 
#   name: derived_secondary_ecl_depth
#   datatype: float32
#   unit: mag
#   description: "Secondary eclipse: depth"
#   meta:
#     ucd: src.var.amplitude
# - 
#   name: derived_secondary_ecl_depth_error
#   datatype: float32
#   unit: mag
#   description: "Secondary eclipse: uncertainty of \\texttt{derivedSecondaryEclDepth}"
#   meta:
#     ucd: stat.error;src.var.amplitude
solution_id,source_id,global_ranking,reference_time,frequency,frequency_error,geom_model_reference_level,geom_model_reference_level_error,geom_model_gaussian1_phase,geom_model_gaussian1_phase_error,geom_model_gaussian1_sigma,geom_model_gaussian1_sigma_error,geom_model_gaussian1_depth,geom_model_gaussian1_depth_error,geom_model_gaussian2_phase,geom_model_gaussian2_phase_error,geom_model_gaussian2_sigma,geom_model_gaussian2_sigma_error,geom_model_gaussian2_depth,geom_model_gaussian2_depth_error,geom_model_cosine_half_period_amplitude,geom_model_cosine_half_period_amplitude_error,geom_model_cosine_half_period_phase,geom_model_cosine_half_period_phase_error,model_type,num_model_parameters,reduced_chi2,derived_primary_ecl_phase,derived_primary_ecl_phase_error,derived_primary_ecl_duration,derived_primary_ecl_duration_error,derived_primary_ecl_depth,derived_primary_ecl_depth_error,derived_secondary_ecl_phase,derived_secondary_ecl_phase_error,derived_secondary_ecl_duration,derived_secondary_ecl_duration_error,derived_secondary_ecl_depth,derived_secondary_ecl_depth_error
[from data line 73]
375316653866487564,4288173005653549568,0.44779354,2032.4899174257705,0.08943890951736135,1.1756703E-4,17.637827,0.0035651175,0.25372517,0.016689882,0.06800514,0.015323326,0.23450333,0.11449799,0.7073401,0.005370643,0.027092675,0.0049068695,0.12891315,0.024327453,null,null,null,null,"TWOGAUSSIANS",8,4.3551702,0.25372517,0.016689882,0.38082877,0.049450066,0.2345033,0.11449869,0.7073401,0.005370643,0.15171897,0.02747847,0.12891312,0.024327494
375316653866487564,4288173795909319424,0.5631004,2024.946617954382,3.5185602209033733,9.262258E-6,19.22072,0.012999641,0.2677359,0.004230208,0.06905472,0.004456018,0.5408807,0.023329724,0.7618181,0.0028185484,0.069609866,0.0027618285,0.68103325,0.027543267,null,null,null,null,"TWOGAUSSIANS",8,2.7487543,0.7618181,0.0028185484,0.38981524,0.015466239,0.6794716,0.027305195,0.2677359,0.004230208,0.38670644,0.020554747,0.5393191,0.02324554
375316653866487564,4288174032135581568,0.4646651,2026.0630866561069,0.43608801295874894,8.712667E-5,19.895668,0.008306211,0.34674323,9.699921E-4,0.014209978,0.0011904238,0.65940315,0.07950463,0.8346468,0.014068046,0.026433075,0.0204675,0.13569126,0.07424967,null,null,null,null,"TWOGAUSSIANS",8,2.5281098,0.34674323,9.699921E-4,0.07957588,0.0066663735,0.65940315,0.07950463,0.8346468,0.014068046,0.14802521,0.114617996,0.13569126,0.07424967
375316653866487564,4288176780906565632,0.57912177,2029.5557151851524,3.500480412369825,7.937097E-6,18.934868,0.008969357,0.25101906,0.005752351,0.07657488,0.0065618358,0.43099406,0.021466006,0.74383944,0.0010911059,0.07533422,0.0017598445,0.52707684,0.010294122,null,null,null,null,"TWOGAUSSIANS",8,2.6522427,0.74383944,0.0010911059,0.4,0.0,0.5234623,0.00935116,0.25101906,0.005752351,0.4,0.0,0.42737952,0.022052359
375316653866487564,4288178464533999872,0.5869442,1996.4791026768062,1.121665772294492,8.70463E-6,19.350145,0.011173553,0.238381,0.001957198,0.034872573,0.00241679,0.7850899,0.049317706,0.73706484,0.0042860876,0.030996008,0.0073551475,0.30246705,0.03740709,0.089156486,0.01774536,0.238381,0.001957198,"TWOGAUSSIANS_WITH_ELLIPSOIDAL_ON_ECLIPSE1",9,2.7419782,0.238381,0.001957198,0.19528641,0.013534024,0.9634028,0.05421067,0.73712486,0.0041639563,0.17357764,0.04118883,0.48076826,0.041716482
375316653866487564,4288180186834130688,0.52053463,2023.9708225160077,3.062882115832478,5.53246E-6,17.653852,0.018866701,0.29302138,0.0025538558,0.05011343,0.006361626,0.3565288,0.04677293,0.78600526,0.0024879857,0.058610097,0.00444376,0.4212159,0.04079268,0.090231486,0.023749001,0.29302138,0.0025538558,"TWOGAUSSIANS_WITH_ELLIPSOIDAL_ON_ECLIPSE1",9,13.2365465,0.7867353,0.001982045,0.32821652,0.024885057,0.60133535,0.011256148,0.29302138,0.0025538558,0.2806352,0.035625104,0.5369623,0.038871095
375316653866487564,4288182278465028096,0.5115667,1993.8501131387177,0.042188999663833014,3.590553E-5,19.43683,0.014073957,0.29272935,0.016670745,0.09923269,0.023687692,0.42637694,0.096120164,0.82726955,0.008442201,0.04642394,0.0134525625,0.2520419,0.1617703,null,null,null,null,"TWOGAUSSIANS",8,2.974865,0.29272935,0.016670745,0.4,0.0,0.42557502,0.09730695,0.82726955,0.008443154,0.25997406,0.075334355,0.25124735,0.16273451
375316653866487564,4288184374413548800,0.6186904,2059.9992819147174,3.1310140352824853,6.802574E-6,18.018785,0.005683268,0.26924947,0.0025288085,0.077154115,0.0027651058,0.38490796,0.011837607,0.76537544,0.0026299797,0.07297514,0.0025569259,0.45492464,0.014614287,null,null,null,null,"TWOGAUSSIANS",8,3.3260872,0.76537544,0.0026299797,0.4,0.0,0.45193806,0.014526831,0.26924947,0.0025288085,0.4,0.0,0.38192138,0.011792691
375316653866487564,4288186298554264704,0.5968364,2076.826191665428,2.9050340036145768,1.2759455E-5,18.097343,0.007048179,0.23340186,0.0036744575,0.07124342,0.0040762327,0.5468619,0.016811367,0.7285322,0.0024585354,0.0746512,0.0032809481,0.5975493,0.016447144,null,null,null,null,"TWOGAUSSIANS",8,7.940439,0.7285322,0.0024585354,0.4,0.0,0.5946774,0.016662816,0.23340186,0.0036744575,0.39896315,0.010455607,0.54398996,0.017042218
375316653866487564,4288187879106974080,0.5743374,2070.118233090164,2.38381846826851,4.2912357E-6,15.588617,0.046051174,0.23778781,0.0013701706,0.16123615,0.005172752,0.41435945,0.03130659,0.7384719,0.0012992636,0.23493074,0.01113242,0.5063446,0.044986364,null,null,null,null,"TWOGAUSSIANS",8,6.0033016,0.2372878,0.0015866882,0.4,0.0,0.10553234,0.0014723849,0.7386919,0.0013610844,0.4,0.0,0.09922917,0.0025068154
375316653866487564,4288188536250861440,0.50095904,2044.398812890773,0.23242426238271335,5.2478914E-5,18.734806,0.0024870133,0.63441676,0.009888936,0.03960128,0.007007069,0.037365735,0.007912591,0.46304765,0.044076204,0.03997191,0.043097228,0.2824031,0.23990668,null,null,null,null,"TWOGAUSSIANS",8,1.5679079,0.46304765,0.044076245,0.2238427,0.17748827,0.2824063,0.23990946,0.63428676,0.0095093725,0.22176717,0.039239585,0.037394755,0.0075992676
375316653866487564,4288190769633857792,0.60057396,2049.635176052977,0.1992723760045861,1.656149E-4,13.282413,5.4384983E-4,0.18883242,0.020227581,0.016495448,0.01086829,0.44088128,4.337791,0.41277328,0.022847673,0.123533666,0.041013625,0.006010936,0.002263903,null,null,null,null,"TWOGAUSSIANS",8,15.894856,0.18884242,0.020237038,0.0923745,0.060862426,0.44204044,4.3380275,0.41277328,0.022847673,0.4,0.0,0.0060076043,0.00228401
375316653866487564,4288191005843521152,0.5760244,1995.049799252683,3.627055105326647,1.4151006E-5,18.96886,0.015015615,0.23856914,0.0024264758,0.043262668,0.0068152724,0.14786904,0.040041894,0.7278641,0.0070953765,0.04599741,0.008309963,0.26532364,0.03398816,0.1187028,0.019178808,0.23856914,0.0024264758,"TWOGAUSSIANS_WITH_ELLIPSOIDAL_ON_ECLIPSE1",9,2.780753,0.7292541,0.006302518,0.2575855,0.046535794,0.5017954,0.020158442,0.23856914,0.0024264758,0.24227093,0.038165525,0.38527423,0.020524666
375316653866487564,4288191486880036992,0.49895743,1982.4589045721425,2.437600382985549,3.5023633E-5,17.759829,0.50429994,0.23463923,0.010316474,0.12236219,0.09981905,0.14584151,0.4754306,0.73079044,0.0118927695,0.13231716,0.074176274,0.33218226,0.4642346,null,null,null,null,"TWOGAUSSIANS",8,20.610842,0.73079044,0.0118927695,0.4,0.0,0.27059886,0.025934184,0.23479922,0.010770382,0.4,0.0,0.08471847,0.019174892
375316653866487564,4288193243534898688,0.63587314,2072.160526857978,1.7651257705513506,2.906677E-6,15.833313,0.0029384755,0.24875216,0.0013182175,0.104331404,0.0023183946,0.17185071,0.0031920688,0.74608225,9.1082713E-4,0.08434329,0.0020478487,0.24933241,0.004441708,null,null,null,null,"TWOGAUSSIANS",8,3.7002594,0.74608225,9.1082713E-4,0.4,0.0,0.23780906,0.004870633,0.24875216,0.0013182175,0.4,0.0,0.16032381,0.0024368821
375316653866487564,4288193346600951808,0.4943548,2028.6425154951564,3.1926032215192808,1.7576242E-5,19.244295,0.023363331,0.121873416,0.00990808,0.076385185,0.012753035,0.3996029,0.025664529,0.61502916,0.0056457175,0.076017156,0.020680595,0.41237268,0.09678735,null,null,null,null,"TWOGAUSSIANS",8,3.6944199,0.61502916,0.0056457175,0.4,0.0,0.40915293,0.106514245,0.121873416,0.00990808,0.4,0.011432978,0.39638314,0.02220161
375316653866487564,4288193995137156352,0.57482064,2014.8972731991762,2.522294649499134,6.269171E-6,18.661396,0.010281708,0.23184907,0.0038365854,0.08048724,0.00492164,0.40151954,0.02831852,0.7313983,0.002806531,0.07668017,0.0043126247,0.5569418,0.040886402,null,null,null,null,"TWOGAUSSIANS",8,3.242679,0.7313983,0.002806531,0.4,0.0,0.55103356,0.042031903,0.23184907,0.0038365854,0.4,0.0,0.3956113,0.02882922
375316653866487564,4288194205607622016,0.58173096,2043.0199780731657,2.6606140735894126,9.068983E-6,15.026356,0.013177272,0.26386657,0.004501881,0.10421256,0.00736172,0.31046396,0.012934163,0.76791185,0.0014947063,0.09372126,0.004736809,0.33628914,0.01121341,null,null,null,null,"TWOGAUSSIANS",8,69.04172,0.76791185,0.0014947063,0.4,0.0,0.31115443,0.006573571,0.26386657,0.004501881,0.4,0.0,0.28532338,0.005615472
375316653866487564,4288194239967395712,0.55109763,2045.3779356844248,2.8016027488621256,7.904774E-6,17.26358,0.017340833,0.3275897,0.0027956509,0.053549938,0.009656205,0.20689052,0.037169788,0.82376,0.0044744085,0.06582765,0.0065692444,0.23069838,0.04088715,0.06412013,0.023316622,0.3275897,0.0027956509,"TWOGAUSSIANS_WITH_ELLIPSOIDAL_ON_ECLIPSE1",9,16.819162,0.82436997,0.0036545899,0.36863485,0.03678777,0.35873863,0.018399088,0.3275897,0.0027956509,0.29987967,0.05407475,0.33499315,0.026802324
375316653866487564,4288194411765934848,0.5380121,2034.6753093488742,2.170564338760125,7.3555857E-6,18.063337,0.004476831,0.24652135,0.0023815443,0.06034999,0.0038079375,0.1692348,0.00882036,0.7401128,0.0041509857,0.06328699,0.0035066227,0.15107372,0.0075369934,null,null,null,null,"TWOGAUSSIANS",8,1.8846186,0.24652135,0.0023815443,0.33795995,0.02132445,0.16916218,0.0088293115,0.7401128,0.0041509857,0.35440713,0.019637087,0.1510011,0.0075040124
375316653866487564,4288196198472453632,0.6376014,2036.4702311274934,1.5625306555090301,3.1534782E-6,15.2679615,8.65042E-4,0.24207836,0.0014332641,0.06781371,0.005349552,0.06265807,0.0029207005,0.9594361,0.014127117,0.06653565,0.020893425,0.010744964,0.0026428015,0.04864518,0.0010821013,0.24207836,0.0014332641,"TWOGAUSSIANS_WITH_ELLIPSOIDAL_ON_ECLIPSE1",9,4.3231397,0.24207836,0.0014255802,0.37975675,0.02995749,0.15988052,0.002349494,0.9594361,0.014127117,0.37259966,0.09660256,0.014721794,0.0042795865
375316653866487564,4288197121872252672,0.65924287,2057.7171243358725,3.040888968327201,3.2520936E-6,17.184425,0.009214712,0.29625183,7.573171E-4,0.042826496,0.0017521488,0.5065925,0.02077795,0.7976895,8.10503E-4,0.046080403,0.0028891729,0.42604995,0.014899218,0.1413087,0.013436294,0.29625183,7.573171E-4,"TWOGAUSSIANS_WITH_ELLIPSOIDAL_ON_ECLIPSE1",9,7.566582,0.29625183,7.573171E-4,0.23982838,0.009812034,0.78920925,0.007700653,0.7976895,8.10503E-4,0.25805026,0.016179368,0.7086436,0.018495873
375316653866487564,4288197263611615616,0.5206503,2072.717515236316,0.4449938909064535,2.1028901E-4,16.96233,0.0043422417,0.110473745,0.0024160782,0.016392728,0.0013076075,0.40564626,0.0407278,0.35325816,0.041447308,0.1141209,0.02997316,0.017745037,0.0074039167,null,null,null,null,"TWOGAUSSIANS",8,15.900027,0.11049375,0.0024281403,0.091799274,0.007322602,0.40749043,0.040765896,0.35325816,0.041447308,0.4,0.0,0.017742628,0.007403022
375316653866487564,4288198358831245440,0.5156584,2022.7459860728252,3.91004743994197,1.721485E-5,19.471054,0.023045419,0.21423423,0.008087617,0.07987945,0.011574804,0.5359027,0.092055485,0.7053715,0.0047873077,0.085952856,0.012841017,0.4111001,0.027674519,null,null,null,null,"TWOGAUSSIANS",8,2.728119,0.21423423,0.008087617,0.4,0.0,0.52749324,0.0953059,0.7053715,0.0047873077,0.4,0.0,0.40269062,0.03121681
375316653866487564,4288200321641266304,0.44036728,2039.1003520049637,2.8070978379060323,6.659825E-5,15.813673,0.5205753,0.19724827,0.017608386,0.22382593,0.12742467,0.63531655,0.50284684,0.7033641,0.01050182,0.16748612,0.06704768,0.5501471,0.43342295,null,null,null,null,"TWOGAUSSIANS",8,96.09873,0.7078941,0.009036943,0.4,0.0,0.14205119,0.033294156,0.19480826,0.015718006,0.4,0.0,0.13506247,0.015403836
375316653866487564,4288200356001051008,0.44646525,2034.3878696857212,0.24775416234479722,3.9975126E-5,19.223629,0.04309954,0.3423375,0.010630241,0.0772554,0.027317757,0.36062402,0.04802596,0.713432,0.044090383,0.19542697,0.0655237,0.14707041,0.04185912,null,null,null,null,"TWOGAUSSIANS",8,3.3756652,0.34612748,0.011626773,0.4,0.0036925515,0.3622151,0.064331435,0.713432,0.044090383,0.4,0.0,0.12317543,0.024241753
375316653866487564,4288201661671435008,0.60186,1975.031876378393,3.241544142263179,5.730302E-6,17.296942,0.015811175,0.25363326,0.0012421516,0.055321876,0.0035655894,0.39798105,0.03145752,0.7443078,0.0018855612,0.060730096,0.0042476556,0.27537736,0.032764006,0.06774713,0.017776575,0.25363326,0.0012421516,"TWOGAUSSIANS_WITH_ELLIPSOIDAL_ON_ECLIPSE1",9,10.342238,0.25363326,0.0012421516,0.3098025,0.0199673,0.53343004,0.0076590776,0.7454778,0.0016468316,0.34008855,0.02378687,0.4104198,0.009033886
375316653866487564,4288202348866252928,0.4805877,2016.0429078339853,0.23610344302111955,2.551663E-6,11.578781,9.6103427E-4,0.21406767,5.8182864E-4,0.022437181,0.0012323443,0.10118324,0.008285037,0.66005445,0.0030726986,0.021825755,0.0019894228,0.11440323,0.0066844183,0.008126552,0.0013751589,0.66005445,0.0030726986,"TWOGAUSSIANS_WITH_ELLIPSOIDAL_ON_ECLIPSE2",9,18.856476,0.66005445,0.0030726986,0.122224234,0.0111407675,0.13065632,0.006797922,0.21374767,5.517778E-4,0.12564822,0.006901128,0.11564533,0.008147289
375316653866487564,4288203066108549376,0.45780808,1994.7635648892947,2.7432885049404696,2.4567351E-5,17.655987,0.03669065,0.25460866,0.012048806,0.11239794,0.028465437,0.1210107,0.03649823,0.7709122,0.0067164977,0.12092686,0.022353798,0.14650336,0.035725888,null,null,null,null,"TWOGAUSSIANS",8,7.241528,0.7709422,0.0066630812,0.4,0.0,0.123443596,0.00633953,0.25449866,0.011921624,0.4,0.0,0.0980016,0.0078110853
375316653866487564,4288204577939215232,0.49840793,1971.9916208169134,2.581662918897773,9.303592E-6,18.881527,0.016416818,0.2398467,0.005480704,0.10105193,0.01546372,0.19056956,0.014771737,0.75121397,0.004898097,0.09077786,0.010381953,0.21448468,0.015541465,null,null,null,null,"TWOGAUSSIANS",8,2.1922035,0.75121397,0.0048907595,0.4,0.0,0.20297274,0.01179929,0.2398467,0.005480704,0.4,0.0,0.17905563,0.017038172
375316653866487564,4288205406882990848,0.69106066,2016.3538604088883,2.0375878341407767,1.8006364E-6,14.790891,0.005149493,0.26467887,7.1826804E-4,0.059388936,0.0031864564,0.14574113,0.01163375,0.7642524,9.020521E-4,0.0565541,0.0028607557,0.17771073,0.011612473,0.10590788,0.0067920196,0.26467887,7.1826804E-4,"TWOGAUSSIANS_WITH_ELLIPSOIDAL_ON_ECLIPSE1",9,11.230506,0.76435244,6.335492E-4,0.31670296,0.016020233,0.3894938,0.0088197915,0.26467887,7.1826804E-4,0.33257803,0.017844157,0.35752538,0.0049987417
375316653866487564,4288205441242718592,0.55473024,2000.1212058125384,2.265311158274556,5.3084077E-6,15.945928,0.0049498603,0.25281948,0.0025527563,0.0898899,0.004488969,0.15022813,0.007652775,0.7545132,0.0020510615,0.09727736,0.0049015265,0.13987774,0.0046979273,null,null,null,null,"TWOGAUSSIANS",8,10.865505,0.25281948,0.0025527563,0.4,0.0,0.14226748,0.007971016,0.7545132,0.0020510615,0.4,0.0,0.13191663,0.0036297503
375316653866487564,4288207361075936000,0.58775234,2002.8682450027688,3.9759727190963035,9.877939E-6,18.365551,0.021556806,0.2837538,0.0047391686,0.059145983,0.0053388868,0.40213156,0.07774096,0.79266155,0.0023711019,0.05336257,0.006234181,0.3656517,0.039696448,0.08272352,0.025040492,0.2837538,0.0047391686,"TWOGAUSSIANS_WITH_ELLIPSOIDAL_ON_ECLIPSE1",9,4.1831193,0.2837538,0.0047391686,0.3312175,0.029897766,0.56752163,0.045366116,0.79266155,0.0023711019,0.29883042,0.034911413,0.530524,0.023673484
375316653866487564,4288210389045782912,0.6145949,2029.3781755263549,2.7675341111576097,9.957856E-6,15.481442,0.010516067,0.2612426,0.0021155104,0.09389552,0.0036252632,0.41220105,0.011133043,0.7660638,0.0022397763,0.1015405,0.0038071773,0.38754845,0.011403242,null,null,null,null,"TWOGAUSSIANS",8,40.12033,0.2612426,0.0021155104,0.4,0.0,0.3838338,0.007412792,0.7660638,0.0022397763,0.4,0.0,0.35917747,0.007983303
375316653866487564,4288211312451703808,0.55773085,2007.7484005612598,0.6257789908348376,1.3957934E-5,18.919731,0.005872051,0.3131265,0.006401023,0.014289073,0.003180588,0.863908,0.16486657,0.8262641,0.006996191,0.020648582,0.0062778653,0.4468417,0.07163429,null,null,null,null,"TWOGAUSSIANS",8,3.949405,0.3131265,0.006401023,0.08001881,0.01781129,0.863908,0.16486657,0.8262641,0.006996191,0.11563206,0.035156045,0.4468417,0.07163429
