Gaia/vari_eclipsing_binary/VariEclipsingBinary_462255-462285.csv
# %ECSV 1.0
# ---
# delimiter: ','
# meta: !!omap
# - RELEASE: Gaia DR3
# - TABLE: vari_eclipsing_binary
# - DESCRIPTION: >
#     This table describes the properties of the eclipsing binaries resulting from the variability analysis. 
# - CITATION: >
#     How to cite and acknowledge Gaia: 
#     https://gea.esac.esa.int/archive/documentation/credits.html 
# - KNOWN_ISSUES: >
#     Known issues: 
#     https://www.cosmos.esa.int/web/gaia-users/known-issues 
# - DOCUMENTATION: >
#     Tutorials and documentation: 
#     https://www.cosmos.esa.int/web/gaia-users/archive 
# datatype:
# - 
#   name: solution_id
#   datatype: int64
#   description: Solution Identifier
#   meta:
#     ucd: meta.version
# - 
#   name: source_id
#   datatype: int64
#   description: Unique source identifier
#   meta:
#     ucd: meta.id;meta.main
# - 
#   name: global_ranking
#   datatype: float32
#   description: Number between 0 (worst) and 1 (best)
#   meta:
#     ucd: stat.param
# - 
#   name: reference_time
#   datatype: float64
#   unit: d
#   description: Reference time used for the geometric model fit
#   meta:
#     ucd: time.epoch
# - 
#   name: frequency
#   datatype: float64
#   unit: d**-1
#   description: Frequency of geometric model of the eclipsing binary light curve
#   meta:
#     ucd: src.orbital
# - 
#   name: frequency_error
#   datatype: float32
#   unit: d**-1
#   description: "Uncertainty of \\texttt{frequency}"
#   meta:
#     ucd: stat.error
# - 
#   name: geom_model_reference_level
#   datatype: float32
#   unit: mag
#   description: Magnitude reference level of geometric model
#   meta:
#     ucd: phot.mag;em.opt
# - 
#   name: geom_model_reference_level_error
#   datatype: float32
#   unit: mag
#   description: "Uncertainty of \\texttt{geomModelReferenceLevel}"
#   meta:
#     ucd: stat.error;phot.mag;em.opt
# - 
#   name: geom_model_gaussian1_phase
#   datatype: float32
#   description: Phase of the Gaussian 1 component
#   meta:
#     ucd: time.phase
# - 
#   name: geom_model_gaussian1_phase_error
#   datatype: float32
#   description: "Uncertainty of \\texttt{geomModelGaussian1Phase}"
#   meta:
#     ucd: stat.error;time.phase
# - 
#   name: geom_model_gaussian1_sigma
#   datatype: float32
#   description: "Standard deviation [phase] of Gaussian 1 component"
#   meta:
#     ucd: stat.stdev
# - 
#   name: geom_model_gaussian1_sigma_error
#   datatype: float32
#   description: "Uncertainty of \\texttt{geomModelGaussian1Sigma}"
#   meta:
#     ucd: stat.error
# - 
#   name: geom_model_gaussian1_depth
#   datatype: float32
#   unit: mag
#   description: Magnitude depth of Gaussian 1 component
#   meta:
#     ucd: src.var.amplitude
# - 
#   name: geom_model_gaussian1_depth_error
#   datatype: float32
#   unit: mag
#   description: "Uncertainty of \\texttt{geomModelGaussian1Depth}"
#   meta:
#     ucd: stat.error;src.var.amplitude
# - 
#   name: geom_model_gaussian2_phase
#   datatype: float32
#   description: Phase of Gaussian 2 component
#   meta:
#     ucd: time.phase
# - 
#   name: geom_model_gaussian2_phase_error
#   datatype: float32
#   description: "Uncertainty of \\texttt{geomModelGaussian2Phase}"
#   meta:
#     ucd: stat.error;time.phase
# - 
#   name: geom_model_gaussian2_sigma
#   datatype: float32
[...]
#   datatype: float32
#   description: "Secondary eclipse: uncertainty of \\texttt{derivedSecondaryEclDuration}"
#   meta:
#     ucd: stat.error;time.duration
# - 
#   name: derived_secondary_ecl_depth
#   datatype: float32
#   unit: mag
#   description: "Secondary eclipse: depth"
#   meta:
#     ucd: src.var.amplitude
# - 
#   name: derived_secondary_ecl_depth_error
#   datatype: float32
#   unit: mag
#   description: "Secondary eclipse: uncertainty of \\texttt{derivedSecondaryEclDepth}"
#   meta:
#     ucd: stat.error;src.var.amplitude
solution_id,source_id,global_ranking,reference_time,frequency,frequency_error,geom_model_reference_level,geom_model_reference_level_error,geom_model_gaussian1_phase,geom_model_gaussian1_phase_error,geom_model_gaussian1_sigma,geom_model_gaussian1_sigma_error,geom_model_gaussian1_depth,geom_model_gaussian1_depth_error,geom_model_gaussian2_phase,geom_model_gaussian2_phase_error,geom_model_gaussian2_sigma,geom_model_gaussian2_sigma_error,geom_model_gaussian2_depth,geom_model_gaussian2_depth_error,geom_model_cosine_half_period_amplitude,geom_model_cosine_half_period_amplitude_error,geom_model_cosine_half_period_phase,geom_model_cosine_half_period_phase_error,model_type,num_model_parameters,reduced_chi2,derived_primary_ecl_phase,derived_primary_ecl_phase_error,derived_primary_ecl_duration,derived_primary_ecl_duration_error,derived_primary_ecl_depth,derived_primary_ecl_depth_error,derived_secondary_ecl_phase,derived_secondary_ecl_phase_error,derived_secondary_ecl_duration,derived_secondary_ecl_duration_error,derived_secondary_ecl_depth,derived_secondary_ecl_depth_error
[from data line 484]
375316653866487564,4066304718961280768,0.58005714,2275.6629208411023,2.671702201838553,1.3190571E-5,19.46191,0.012020289,0.18846516,0.005910711,0.06017885,0.004798557,0.5816958,0.025238786,0.6926136,0.0025861885,0.06426675,0.0036132743,0.62546057,0.033275347,null,null,null,null,"TWOGAUSSIANS",8,2.8738875,0.6926136,0.0025861885,0.35989377,0.020234337,0.62513095,0.033342198,0.18846516,0.005910711,0.33700156,0.02687192,0.5813662,0.025156831
375316653866487564,4066304718982644096,0.49499133,2260.3543744720005,2.1542886635785434,1.1058449E-4,18.130043,0.033752218,0.35270092,0.0067947614,0.07993088,0.010049657,0.4647977,0.07315115,0.83351827,0.0047505824,0.09848856,0.009415193,0.46089613,0.032283854,null,null,null,null,"TWOGAUSSIANS",8,15.67987,0.35270092,0.0067947614,0.4,0.0,0.45146912,0.074363254,0.83351827,0.0047505824,0.4,0.0,0.44756404,0.025529318
375316653866487564,4066304852089723648,0.6168691,2269.1956655812737,1.9493872701017807,6.7655537E-6,18.176151,0.01063951,0.21851598,0.0020752246,0.09248816,0.004123404,0.40409803,0.010580259,0.7168526,0.0012792875,0.0956705,0.0028271298,0.37592107,0.009698798,null,null,null,null,"TWOGAUSSIANS",8,1.2865269,0.21851598,0.0020752246,0.4,0.0,0.38182402,0.008535358,0.7168526,0.0012792875,0.4,0.0,0.35364655,0.004613588
375316653866487564,4066304959479727104,0.55652297,2286.4227953208515,2.1257621932622706,1.6010148E-5,18.507517,0.016639043,0.25787607,0.0019911905,0.02137783,0.0038918033,0.27671495,0.043750986,0.8055149,0.0018481095,0.03738795,0.0034831904,0.4000831,0.042909183,0.13940677,0.021403195,0.8055149,0.0018481095,"TWOGAUSSIANS_WITH_ELLIPSOIDAL_ON_ECLIPSE2",9,14.170312,0.8055149,0.0018481095,0.2093725,0.019505866,0.6788966,0.028598854,0.25946605,9.7236916E-4,0.119715855,0.0217941,0.5320677,0.018026425
375316653866487564,4066305096918791808,0.47051057,2226.802242992219,1.2281428397680412,2.3716557E-5,18.944206,0.011640559,0.20299533,0.0062536756,0.059007168,0.0061855502,0.2329001,0.019687988,0.730569,0.020495132,0.0951772,0.023083108,0.10916925,0.02032483,null,null,null,null,"TWOGAUSSIANS",8,2.3573062,0.20299533,0.0062536756,0.33044013,0.034639083,0.23209973,0.019610006,0.730569,0.020495132,0.4,0.0,0.10836837,0.020236328
375316653866487564,4066305371797183872,0.4902759,2214.1279143655775,3.9464236620383817,3.0261624E-5,19.468437,0.01697979,0.8540445,0.03417929,0.038393855,0.006550224,0.09314195,0.03745351,0.6696025,0.034412187,0.045502912,0.016002119,0.9279945,0.30804107,null,null,null,null,"TWOGAUSSIANS",8,8.220027,0.6696025,0.034429982,0.25481632,0.089611866,0.92799544,0.30795372,0.8536845,0.039253525,0.21500558,0.036681253,0.093397096,0.03667442
375316653866487564,4066305921552991104,0.46660304,2273.1315072471375,3.750190498399621,4.9510276E-5,19.168226,0.24128518,0.21609329,0.02812896,0.13113777,0.039399005,0.32235008,0.22202246,0.685188,0.016446326,0.15446681,0.07388289,0.29440814,0.23255229,null,null,null,null,"TWOGAUSSIANS",8,3.090371,0.21838328,0.023990348,0.4,0.0,0.21775925,0.038410448,0.685188,0.016446326,0.4,0.0,0.18667023,0.017672217
375316653866487564,4066306505673418368,0.509972,2225.0364583475484,0.6942295210775165,2.4314828E-5,17.916058,0.010086809,0.2385234,0.0050895982,0.066756465,0.009597254,0.27303222,0.028809017,0.783806,0.015111534,0.0764633,0.027540319,0.25636086,0.598917,null,null,null,null,"TWOGAUSSIANS",8,11.7085495,0.2385234,0.0050895982,0.3738362,0.043789092,0.2726574,0.029108005,0.783806,0.015111534,0.4,0.08971148,0.25598603,0.59943944
375316653866487564,4066306918006251392,0.49363518,2207.916914786221,0.15474266147694013,9.451817E-5,15.543882,0.003982171,0.45580345,0.031022333,0.053855333,0.023171492,0.23223375,0.24219504,0.6627937,0.031105066,0.06612899,0.027698992,0.1609308,0.053502183,0.013950777,0.0041240086,0.6627937,0.031105066,"TWOGAUSSIANS_WITH_ELLIPSOIDAL_ON_ECLIPSE2",9,10.369857,0.45774347,0.03194157,0.30158988,0.12696004,0.23544817,0.24101055,0.6627937,0.031105066,0.37032238,0.14526878,0.18885961,0.051619876
375316653866487564,4066306986705407488,0.46417812,2202.0558442546476,0.5718757753696484,1.19897566E-4,19.487616,0.18299296,0.101091005,0.083360165,0.054199923,0.06069802,0.16494673,0.32121348,0.4614766,0.023552304,0.12071319,0.07834007,0.17003046,0.17875315,null,null,null,null,"TWOGAUSSIANS",8,1.7323786,0.4614766,0.023552304,0.4,0.0,0.1696391,0.08134214,0.10198101,0.08126193,0.30351958,0.16164076,0.16654994,0.31426218
375316653866487564,4066307364663361920,0.4991328,2317.453621394166,2.2146500840868506,3.3147633E-5,18.640347,0.008478104,0.28766668,0.006967344,0.10589078,0.018145228,0.07631085,0.015530313,0.60022104,0.0012200323,0.038447663,0.0012159734,0.30593783,0.010711491,null,null,null,null,"TWOGAUSSIANS",8,1.0961324,0.60022104,0.0012200323,0.21530691,0.0068094507,0.30691373,0.012029638,0.28766668,0.006967344,0.4,0.0,0.07630791,0.01552897
375316653866487564,4066308326755760896,0.4687892,2255.3891008159553,0.7136800248091987,1.4036743E-4,18.75533,0.15325673,0.4111533,0.018185085,0.20741835,0.08963045,0.26334944,0.12970522,0.94843954,0.8781874,0.07917132,0.039531402,0.09267597,0.031854052,null,null,null,null,"TWOGAUSSIANS",8,3.2598321,0.4111533,0.018185085,0.4,0.0,0.1985223,0.046314344,0.9589995,0.8767934,0.4,0.16363104,0.059541397,0.036836334
375316653866487564,4066308773432145792,0.55384856,2240.9994051244435,1.1366683687635466,3.071964E-5,18.667645,0.46358374,0.28223044,0.016725723,0.1326107,0.116106324,0.27302554,0.4579507,0.75929505,0.014172961,0.08657429,0.023464363,0.6823424,0.30797213,null,null,null,null,"TWOGAUSSIANS",8,5.501764,0.75929505,0.014172961,0.4,0.0,0.640222,0.04474898,0.28223044,0.016731478,0.4,0.0,0.23036805,0.035232447
375316653866487564,4066308876491384448,0.5503623,2186.4076945287648,3.3487194404024314,5.6607063E-5,19.259706,0.034222864,0.24900839,0.057389904,0.07068988,0.06553788,0.20365131,0.0317965,0.80942935,0.024690349,0.04529637,0.006892818,2.3429532,1.6699772,null,null,null,null,"TWOGAUSSIANS",8,7.2612953,0.80942935,0.024695717,0.2536597,0.03859978,2.3429446,1.6699786,0.24900839,0.057389904,0.39586332,0.074821666,0.20364289,0.030976195
375316653866487564,4066309666766037248,0.47466314,2200.4827060045336,0.1948602182730982,6.971146E-5,19.067564,0.4031516,0.20931178,0.022176616,0.10986817,0.05286336,0.5221779,0.39311224,0.75081885,0.06741588,0.11985811,0.07492802,0.36472365,0.40574127,null,null,null,null,"TWOGAUSSIANS",8,11.79706,0.20914179,0.019989021,0.4,0.0,0.46894956,0.064831555,0.75093883,0.0675663,0.4,0.0,0.31132823,0.11278607
375316653866487564,4066309804204856192,0.4953392,2192.6064769644004,2.0741197309625496,1.5960502E-5,19.70736,0.012982189,0.22075945,0.014867364,0.019842668,0.028798344,0.23348941,0.14503962,0.7324459,0.0024135334,0.01819119,0.00440648,0.30829284,0.15173128,0.1166327,0.022372354,0.22075945,0.014867364,"TWOGAUSSIANS_WITH_ELLIPSOIDAL_ON_ECLIPSE1",9,2.9344926,0.7324459,0.0024135334,0.10187066,0.02467629,0.5403024,0.15485734,0.22075945,0.014867364,0.111118935,0.16127072,0.4667544,0.14390078
375316653866487564,4066309907284610944,0.54876924,2164.1340666288997,2.5173120482515907,1.2607137E-5,19.110992,0.007757615,0.3099111,0.031896,0.11175432,0.032943845,0.05697661,0.015287566,0.7237526,0.0021929734,0.023145577,0.0033575415,0.20562501,0.02501991,null,null,null,null,"TWOGAUSSIANS",8,0.71133727,0.7237526,0.0021929734,0.12961523,0.018802233,0.20567553,0.025063498,0.3099111,0.031896,0.4,0.0,0.056967106,0.015279905
375316653866487564,4066310250881282688,0.5006257,2234.3384781200784,0.46494915463793546,4.0644125E-5,19.567545,0.022657534,0.34823227,0.009573671,0.16474307,0.016338682,0.3739504,0.027157223,0.78966343,0.002618599,0.033867758,0.0035976102,0.13659292,0.014959128,null,null,null,null,"TWOGAUSSIANS",8,1.1346141,0.34823227,0.009573671,0.4,0.0,0.36285946,0.022717586,0.78966343,0.002618599,0.18965943,0.020146616,0.13701618,0.0135809425
375316653866487564,4066310560119310080,0.4471835,2196.946028370502,0.20570388942734597,4.1810814E-5,19.160358,0.04670099,0.3386827,0.01952669,0.16507363,0.041962918,0.18987927,0.04420734,0.77249235,0.004704904,0.060162034,0.007391944,0.25720423,0.039713252,null,null,null,null,"TWOGAUSSIANS",8,2.368691,0.77249235,0.004704904,0.3369074,0.041394886,0.24835886,0.032699704,0.3386827,0.01952669,0.4,0.0,0.1744954,0.021692142
375316653866487564,4066310560122691200,0.46014583,2207.8116628350153,0.8905599256364568,1.1356229E-4,19.716715,0.049014404,0.27281773,0.021861872,0.099002644,0.034968533,0.2831049,0.05238645,0.7669116,0.02688672,0.07139566,0.073968336,0.2253164,1.4236072,null,null,null,null,"TWOGAUSSIANS",8,2.6393816,0.27281773,0.021861872,0.4,0.0,0.27691627,0.03948604,0.7669116,0.026896626,0.3998157,0.36108205,0.21912947,1.4332259
