Gaia/vari_eclipsing_binary/VariEclipsingBinary_228350-228485.csv
# %ECSV 1.0
# ---
# delimiter: ','
# meta: !!omap
# - RELEASE: Gaia DR3
# - TABLE: vari_eclipsing_binary
# - DESCRIPTION: >
#     This table describes the properties of the eclipsing binaries resulting from the variability analysis. 
# - CITATION: >
#     How to cite and acknowledge Gaia: 
#     https://gea.esac.esa.int/archive/documentation/credits.html 
# - KNOWN_ISSUES: >
#     Known issues: 
#     https://www.cosmos.esa.int/web/gaia-users/known-issues 
# - DOCUMENTATION: >
#     Tutorials and documentation: 
#     https://www.cosmos.esa.int/web/gaia-users/archive 
# datatype:
# - 
#   name: solution_id
#   datatype: int64
#   description: Solution Identifier
#   meta:
#     ucd: meta.version
# - 
#   name: source_id
#   datatype: int64
#   description: Unique source identifier
#   meta:
#     ucd: meta.id;meta.main
# - 
#   name: global_ranking
#   datatype: float32
#   description: Number between 0 (worst) and 1 (best)
#   meta:
#     ucd: stat.param
# - 
#   name: reference_time
#   datatype: float64
#   unit: d
#   description: Reference time used for the geometric model fit
#   meta:
#     ucd: time.epoch
# - 
#   name: frequency
#   datatype: float64
#   unit: d**-1
#   description: Frequency of geometric model of the eclipsing binary light curve
#   meta:
#     ucd: src.orbital
# - 
#   name: frequency_error
#   datatype: float32
#   unit: d**-1
#   description: "Uncertainty of \\texttt{frequency}"
#   meta:
#     ucd: stat.error
# - 
#   name: geom_model_reference_level
#   datatype: float32
#   unit: mag
#   description: Magnitude reference level of geometric model
#   meta:
#     ucd: phot.mag;em.opt
# - 
#   name: geom_model_reference_level_error
#   datatype: float32
#   unit: mag
#   description: "Uncertainty of \\texttt{geomModelReferenceLevel}"
#   meta:
#     ucd: stat.error;phot.mag;em.opt
# - 
#   name: geom_model_gaussian1_phase
#   datatype: float32
#   description: Phase of the Gaussian 1 component
#   meta:
#     ucd: time.phase
# - 
#   name: geom_model_gaussian1_phase_error
#   datatype: float32
#   description: "Uncertainty of \\texttt{geomModelGaussian1Phase}"
#   meta:
#     ucd: stat.error;time.phase
# - 
#   name: geom_model_gaussian1_sigma
#   datatype: float32
#   description: "Standard deviation [phase] of Gaussian 1 component"
#   meta:
#     ucd: stat.stdev
# - 
#   name: geom_model_gaussian1_sigma_error
#   datatype: float32
#   description: "Uncertainty of \\texttt{geomModelGaussian1Sigma}"
#   meta:
#     ucd: stat.error
# - 
#   name: geom_model_gaussian1_depth
#   datatype: float32
#   unit: mag
#   description: Magnitude depth of Gaussian 1 component
#   meta:
#     ucd: src.var.amplitude
# - 
#   name: geom_model_gaussian1_depth_error
#   datatype: float32
#   unit: mag
#   description: "Uncertainty of \\texttt{geomModelGaussian1Depth}"
#   meta:
#     ucd: stat.error;src.var.amplitude
# - 
#   name: geom_model_gaussian2_phase
#   datatype: float32
#   description: Phase of Gaussian 2 component
#   meta:
#     ucd: time.phase
# - 
#   name: geom_model_gaussian2_phase_error
#   datatype: float32
#   description: "Uncertainty of \\texttt{geomModelGaussian2Phase}"
#   meta:
#     ucd: stat.error;time.phase
# - 
#   name: geom_model_gaussian2_sigma
#   datatype: float32
[...]
#   datatype: float32
#   description: "Secondary eclipse: uncertainty of \\texttt{derivedSecondaryEclDuration}"
#   meta:
#     ucd: stat.error;time.duration
# - 
#   name: derived_secondary_ecl_depth
#   datatype: float32
#   unit: mag
#   description: "Secondary eclipse: depth"
#   meta:
#     ucd: src.var.amplitude
# - 
#   name: derived_secondary_ecl_depth_error
#   datatype: float32
#   unit: mag
#   description: "Secondary eclipse: uncertainty of \\texttt{derivedSecondaryEclDepth}"
#   meta:
#     ucd: stat.error;src.var.amplitude
solution_id,source_id,global_ranking,reference_time,frequency,frequency_error,geom_model_reference_level,geom_model_reference_level_error,geom_model_gaussian1_phase,geom_model_gaussian1_phase_error,geom_model_gaussian1_sigma,geom_model_gaussian1_sigma_error,geom_model_gaussian1_depth,geom_model_gaussian1_depth_error,geom_model_gaussian2_phase,geom_model_gaussian2_phase_error,geom_model_gaussian2_sigma,geom_model_gaussian2_sigma_error,geom_model_gaussian2_depth,geom_model_gaussian2_depth_error,geom_model_cosine_half_period_amplitude,geom_model_cosine_half_period_amplitude_error,geom_model_cosine_half_period_phase,geom_model_cosine_half_period_phase_error,model_type,num_model_parameters,reduced_chi2,derived_primary_ecl_phase,derived_primary_ecl_phase_error,derived_primary_ecl_duration,derived_primary_ecl_duration_error,derived_primary_ecl_depth,derived_primary_ecl_depth_error,derived_secondary_ecl_phase,derived_secondary_ecl_phase_error,derived_secondary_ecl_duration,derived_secondary_ecl_duration_error,derived_secondary_ecl_depth,derived_secondary_ecl_depth_error
[from data line 323]
375316653866487564,2008968551830200320,0.42723206,2238.066966849251,2.7561344900613918,3.0457773E-5,16.495249,0.0084328335,0.18209547,6.084954E-4,0.011009628,0.00242232,0.35948908,0.27381003,0.72667474,0.06605648,0.05066446,0.09260417,0.030775832,0.010474054,null,null,null,null,"TWOGAUSSIANS",8,14.500179,0.18209547,6.084954E-4,0.06165392,0.013564992,0.35948908,0.27382675,0.72667474,0.06605648,0.28372097,0.15280111,0.030775832,0.010545802
375316653866487564,2008968684964580992,0.43823984,2228.841168051053,3.1905428556747006,2.2087825E-5,18.367876,0.005582844,null,null,null,null,null,null,null,null,null,null,null,null,0.088458285,0.009751269,0.22758007,0.0059431847,"ELLIPSOIDAL",4,11.727587,null,null,null,null,null,null,null,null,null,null,null,null
375316653866487564,2008971846060643456,0.5405811,2181.56334528345,1.3059017167348748,2.310281E-5,19.462784,0.0063021756,0.5321456,0.002173103,0.022601226,0.0014503581,1.0054234,0.096359566,0.811233,0.004272205,0.02026721,0.00760963,0.037246104,0.004439391,null,null,null,null,"TWOGAUSSIANS",8,2.4760697,0.5321456,0.002173103,0.12656687,0.008122005,1.0054234,0.096359566,0.811233,0.004272205,0.113496386,0.042613927,0.037246104,0.004439391
375316653866487564,2008972984236369152,0.6294299,2225.0620692637576,0.6952682093748598,2.6507093E-6,10.639658,0.0010066191,0.21830228,6.77581E-4,0.034762107,8.2606944E-4,0.1325817,0.0028529884,0.72362375,0.0015127456,0.036676057,0.001500253,0.12438238,0.003656649,0.035226416,0.0014367496,0.72362375,0.0015127456,"TWOGAUSSIANS_WITH_ELLIPSOIDAL_ON_ECLIPSE2",9,7.6427507,0.21856229,6.16204E-4,0.1946678,0.004625989,0.20295952,0.0023398963,0.72362375,0.0015127456,0.20538592,0.008401417,0.19483514,0.0031075669
375316653866487564,2008975488191148160,0.55538946,2191.4003469291133,3.1318448934663117,1.055958E-5,18.514889,0.08624763,0.24776863,0.004249942,0.10904521,0.0144855045,0.4894867,0.083731666,0.76069814,0.0035254876,0.11790335,0.018749831,0.4686081,0.078789614,null,null,null,null,"TWOGAUSSIANS",8,4.7730913,0.24771863,0.004289409,0.4,0.0,0.41527694,0.019091591,0.76071817,0.0035210948,0.4,0.0,0.3943001,0.015208864
375316653866487564,2008975664295618944,0.6046571,2204.1414236620903,0.6049624250870568,6.3458942E-6,17.36543,0.0025692342,0.1847681,0.01101672,0.026926836,0.01279742,0.31622374,30.244883,0.6834456,9.703597E-4,0.027104035,7.7807007E-4,0.30764318,0.012863882,0.013470225,0.0037784963,0.1847681,0.01101672,"TWOGAUSSIANS_WITH_ELLIPSOIDAL_ON_ECLIPSE1",9,2.5230973,0.1847681,0.01101672,0.15079029,0.07166555,0.34316418,30.247124,0.6834556,9.4803004E-4,0.1517826,0.004357192,0.33458173,0.011726564
375316653866487564,2008975900508135040,0.6217664,2189.895966192185,2.4078376782537094,5.963913E-6,17.620209,0.012876994,0.25711212,0.0015168012,0.049611848,0.0035007151,0.37087616,0.026239548,0.7586841,0.0034272622,0.056706667,0.0060741017,0.369165,0.03509883,0.12015348,0.014135653,0.25711212,0.0015168012,"TWOGAUSSIANS_WITH_ELLIPSOIDAL_ON_ECLIPSE1",9,6.6506715,0.25711212,0.0015168012,0.27782634,0.019604005,0.6111603,0.0087002395,0.7586841,0.0032973466,0.31755733,0.03401497,0.60942566,0.035313524
375316653866487564,2008976317130627584,0.5721133,2234.506607539966,2.271409152387375,8.09859E-6,15.926834,0.010223059,0.17490101,0.004071732,0.060152546,0.004365131,0.31991845,0.010956009,0.66473424,0.0031897489,0.088523544,0.0065680156,0.50334996,0.027016252,null,null,null,null,"TWOGAUSSIANS",8,80.39524,0.66473424,0.0031897489,0.4,0.0,0.50106686,0.027975501,0.17490101,0.004071732,0.33685425,0.024444733,0.3176355,0.010129272
375316653866487564,2008977382275772800,0.50187606,2196.3288884793456,3.343499394148173,1.6595437E-5,19.038797,0.020385344,0.25596854,0.002725727,0.08670922,0.008572532,0.26794466,0.020308709,0.7568398,0.0051329136,0.09605231,0.008718641,0.2808689,0.021597167,null,null,null,null,"TWOGAUSSIANS",8,3.472493,0.7568398,0.0051329136,0.4,0.0,0.26803666,0.016440652,0.25596854,0.002725727,0.4,0.0,0.25511315,0.01694525
375316653866487564,2008978138197043072,0.6310568,2261.2699211534527,1.263886268329657,3.228224E-5,14.857296,9.78775E-4,0.6354363,1.9238517E-4,0.033291973,2.0171815E-4,0.40891406,0.001064692,null,null,null,null,null,null,null,null,null,null,"ONEGAUSSIAN",5,23.471512,0.6354363,1.9238517E-4,0.18643506,0.0011296216,0.40891406,0.0,null,null,null,null,null,null
375316653866487564,2008978546208158080,0.5520212,2253.697446863412,3.6827064618418666,7.5650564E-6,18.200096,0.014537725,0.2827062,0.0018300889,0.06735243,0.0042253477,0.6181273,0.03377744,0.77942574,0.003902446,0.061502215,0.0064207283,0.49529168,0.029957425,null,null,null,null,"TWOGAUSSIANS",8,12.120414,0.2827062,0.0018300889,0.3771736,0.023661945,0.61758626,0.03395192,0.77942574,0.003902446,0.3444124,0.035956077,0.49475068,0.03017562
375316653866487564,2008978718006836224,0.5390426,2261.1611246395505,0.03444173145027091,2.4854025E-5,17.98308,0.0013531871,0.15220284,0.004579229,0.011124375,0.006003559,0.07653133,15.410589,0.2602009,0.0026522288,0.006287793,9.253966E-4,0.21019195,0.032932926,null,null,null,null,"TWOGAUSSIANS",8,1.1460552,0.2602009,0.0026522288,0.03521164,0.005182221,0.21019195,0.032932926,0.15220284,0.004579229,0.062296502,0.033619933,0.07653133,15.410589
375316653866487564,2008978997184139392,0.47204173,2221.7234246598555,3.5253297499189484,5.9779395E-5,19.312382,0.04134693,0.25988224,0.009200779,0.09606496,0.01719173,0.33615047,0.036639642,0.7300049,0.011617638,0.05917804,0.014348038,0.6412455,0.07182564,null,null,null,null,"TWOGAUSSIANS",8,9.7821665,0.7300049,0.011617638,0.33139703,0.080349006,0.6388135,0.073763356,0.25988224,0.009200779,0.4,0.0,0.33371624,0.03319571
375316653866487564,2008982055207163904,0.62077105,2251.7841379134766,0.5522025476078274,1.3870554E-5,15.245685,0.001118533,0.3128356,0.0021116976,0.021816587,0.0017564232,0.19327925,0.0064833025,0.812595,0.015326757,0.022001768,0.012388164,0.19056925,0.16953564,null,null,null,null,"TWOGAUSSIANS",8,6.857376,0.3128356,0.0021116976,0.12217289,0.00983597,0.19327925,0.0064833025,0.812595,0.015326757,0.12320989,0.06937372,0.19056925,0.16953564
375316653866487564,2008982295725315584,0.42897528,2238.2994057665665,3.31469700454163,2.8778093E-5,19.39531,0.04180777,0.3465267,0.029480526,0.1221133,0.06702249,0.10919541,0.037349585,0.80759406,0.0073444513,0.051833507,0.015971342,0.29097912,0.093362376,null,null,null,null,"TWOGAUSSIANS",8,4.3169427,0.80759406,0.0073444513,0.29026765,0.08943951,0.28894097,0.09750554,0.3465267,0.029480526,0.4,0.0,0.10706322,0.034573976
375316653866487564,2008982394501045120,0.5772792,2273.855757064699,2.986684910373367,1.1644189E-5,18.393538,0.009807792,0.25476316,0.003341063,0.068694115,0.0030882515,0.5926569,0.030614771,0.74479896,0.008998523,0.07285556,0.008551996,0.5787203,0.017549247,null,null,null,null,"TWOGAUSSIANS",8,6.520804,0.25476316,0.003341063,0.38468704,0.017294208,0.5908791,0.03053876,0.74479896,0.008998523,0.4,0.0056997365,0.57694244,0.01791702
375316653866487564,2008983085992705664,0.51183665,2252.1318945977196,3.474652069652994,1.7313318E-5,19.503325,0.0422577,0.29450172,0.004665191,0.096273504,0.0148211885,0.4201864,0.03462019,0.8063864,0.00431289,0.09271417,0.012502922,0.3223527,0.035896324,null,null,null,null,"TWOGAUSSIANS",8,2.290967,0.29450172,0.004665191,0.4,0.0,0.40137473,0.026951969,0.8063864,0.00431289,0.4,0.0,0.30354205,0.020768505
375316653866487564,2008983154718747136,0.51191413,2237.0883500016253,1.6316757068222163,1.600884E-5,11.50849,0.67474747,0.2836159,0.0047551664,0.18297471,0.06637617,0.42100167,0.507624,0.7868297,0.0088948775,0.21389431,0.115714304,0.45124084,0.61711067,null,null,null,null,"TWOGAUSSIANS",8,154.8718,0.2809259,0.003259187,0.4,0.0,0.089222774,0.0042170156,0.7889297,0.007330252,0.4,0.0,0.08085588,0.010985819
375316653866487564,2008983154718750592,0.6256624,2263.8680088416345,2.588116233293735,5.7001516E-6,15.665616,0.028569737,0.21268211,0.0022956189,0.05818531,0.007086719,0.26590258,0.07010986,0.716054,0.0032485696,0.06153642,0.008466044,0.22998741,0.068293,0.090399876,0.0411155,0.21268211,0.0022956189,"TWOGAUSSIANS_WITH_ELLIPSOIDAL_ON_ECLIPSE1",9,48.87701,0.21268211,0.0022956189,0.32583773,0.039685626,0.4466283,0.018570043,0.716054,0.0032485696,0.34460396,0.047409847,0.41063198,0.015943378
375316653866487564,2008983184775121152,0.5706559,2261.261170785295,1.8872618799757745,1.50769465E-5,17.902248,0.006629968,0.22796996,0.0038526494,0.040636662,0.007135416,0.12556268,0.011811223,0.74581826,0.0097828545,0.016900077,0.015459869,0.021924863,0.011334361,0.032557443,0.0062782685,0.22796996,0.0038526494,"TWOGAUSSIANS_WITH_ELLIPSOIDAL_ON_ECLIPSE1",9,1.6815085,0.22796996,0.0038526494,0.22756532,0.039958328,0.19067757,0.008001859,0.74581826,0.0097828545,0.094640434,0.08657527,0.086224265,0.004670257
375316653866487564,2008983601390531328,0.48770472,2243.126843694469,3.4242145411325042,2.1091475E-5,19.843908,0.028314475,0.30562815,0.0078012575,0.097230665,0.019147217,0.297755,0.02385993,0.80804336,0.004631804,0.09010397,0.014757373,0.24254936,0.025708694,null,null,null,null,"TWOGAUSSIANS",8,1.1152291,0.30562815,0.0078012575,0.4,0.0,0.28297228,0.01855777,0.80804336,0.004631804,0.4,0.0,0.22776763,0.025167748
375316653866487564,2008984185510991360,0.5889777,2228.323800489793,2.7844995216765063,6.74565E-6,14.037031,0.017532488,0.22410628,0.004350051,0.10673966,0.0070439656,0.29616597,0.019140214,0.73093224,0.0016234475,0.100400366,0.0054419492,0.31177956,0.016388183,null,null,null,null,"TWOGAUSSIANS",8,129.90143,0.73093224,0.0016253793,0.4,0.0,0.28137872,0.007515967,0.22410628,0.004350051,0.4,0.0,0.2657572,0.011750724
375316653866487564,2008986350174506624,0.5242817,2174.7946568819507,0.18828242066191922,4.650011E-5,15.938612,0.0041783033,0.19023676,0.014104359,0.048667215,0.014746016,0.036161724,0.022048898,0.488769,0.043923672,0.010117289,0.038222108,0.28794703,0.66189796,null,null,null,null,"TWOGAUSSIANS",8,18.53357,0.488769,0.043923672,0.05665682,0.2140438,0.28794703,0.66189796,0.19023676,0.014104359,0.2725364,0.08257769,0.036161724,0.022048898
375316653866487564,2008986929987136000,0.44475433,2188.9162006271004,0.034320696095566906,4.9760336E-5,18.378506,0.005729379,0.18001649,0.010681888,0.027558153,0.019243617,0.206464,0.41501397,0.5306066,0.011284214,0.04125359,0.012780635,0.112989634,0.011671559,null,null,null,null,"TWOGAUSSIANS",8,4.300947,0.18001649,0.010681888,0.15432566,0.10776425,0.206464,0.41501397,0.5306066,0.011284214,0.23102011,0.07157156,0.112989634,0.011671559
375316653866487564,2008986934291934208,0.5868259,2196.126843939354,0.8971046379285451,3.4397622E-6,13.61105,0.0014505506,0.18713734,0.004336516,0.026329821,0.0028564446,0.19024496,0.055839498,0.69059324,8.937729E-4,0.026911313,0.0011835173,0.18732029,0.00633741,0.0096261185,0.00284651,0.18713734,0.004336516,"TWOGAUSSIANS_WITH_ELLIPSOIDAL_ON_ECLIPSE1",9,33.14286,0.18713734,0.004336516,0.14744699,0.01599609,0.20949715,0.05522526,0.69059324,8.937729E-4,0.15070336,0.0066276966,0.20656343,0.006279386
375316653866487564,2008987209161599360,0.50807726,2153.672519343305,2.981186392402684,1.3227818E-5,19.8031,0.01713677,0.32307348,0.009747875,0.06271476,0.0105774375,0.42801496,0.035311565,0.8377433,0.8114064,0.09753037,0.116687275,0.12297349,5.2783263E9,null,null,null,null,"TWOGAUSSIANS",8,2.288573,0.32307348,0.009747875,0.35120267,0.05923365,0.4258411,0.03338098,0.8377433,0.8114064,0.4,0.44099292,0.120799005,5.2783263E9
375316653866487564,2008987376663641088,0.53558207,2214.1049700133053,2.8775666495485672,1.1591373E-5,18.770449,0.0076669385,0.31183752,0.0041417484,0.08400293,0.0050290856,0.38072413,0.009364435,0.8150471,0.0046380414,0.06748804,0.0059376224,0.2980174,0.025837481,null,null,null,null,"TWOGAUSSIANS",8,3.7421124,0.31183752,0.0041417484,0.4,0.0,0.3779966,0.00884284,0.8150471,0.0046380414,0.377933,0.029314812,0.29528987,0.026183935
375316653866487564,2008987548462299520,0.5064531,2181.002234462753,1.5685008546813368,1.1300417E-5,17.998007,0.008416118,0.16981283,0.0048636775,0.10165328,0.013124627,0.081022486,0.007876411,0.66286075,0.003949856,0.08633785,0.0065375823,0.13758767,0.0105073,null,null,null,null,"TWOGAUSSIANS",8,1.5868106,0.66286075,0.003949856,0.4,0.0,0.13221043,0.008673074,0.16981283,0.0048636775,0.4,0.0,0.07564432,0.0059131007
375316653866487564,2008988171240572672,0.58447087,2233.661576021979,3.2151655177426397,1.0101112E-5,15.685735,0.0017548216,0.31985244,0.0032751174,0.07411515,0.0031032334,0.10323364,0.0022437868,0.8265936,0.004775922,0.07641697,0.004431236,0.085756734,0.004578174,null,null,null,null,"TWOGAUSSIANS",8,4.933996,0.31985244,0.0032751174,0.4,0.0,0.10258355,0.0020876662,0.8265936,0.004775922,0.4,0.0,0.08510663,0.004595618
375316653866487564,2008988377398994560,0.620809,2225.8250839986104,2.729586829827816,6.349774E-6,17.013939,0.009716898,0.26100543,9.445961E-4,0.04997257,0.002992229,0.30894923,0.021272082,0.7593971,0.0029437565,0.059979398,0.0037829238,0.3490767,0.024860328,0.11059169,0.013351156,0.26100543,9.445961E-4,"TWOGAUSSIANS_WITH_ELLIPSOIDAL_ON_ECLIPSE1",9,12.086446,0.7596471,0.002476828,0.33588463,0.021184374,0.57018715,0.014551995,0.26100543,9.445961E-4,0.2798464,0.016756482,0.5300788,0.01041413
375316653866487564,2008989129010319744,0.44678628,2209.644877178002,1.1088304403127807,1.5772004E-5,18.480595,0.005820661,0.401026,0.0045359335,0.021625223,0.007969005,0.23063475,1.0612946,0.921537,2.662882E-4,0.0029623904,4.1104833E-4,0.5818215,0.32800895,null,null,null,null,"TWOGAUSSIANS",8,8.078695,0.921537,2.662882E-4,0.016589386,0.0023018706,0.5818215,0.32800895,0.401026,0.0045359335,0.121101245,0.04462643,0.23063475,1.0612946
375316653866487564,2008991053156002944,0.5017838,2183.562058802367,0.25694373513160335,6.0702794E-5,17.943457,0.0013450439,0.23021124,0.02107819,0.07185758,0.0148590505,0.014444475,0.0038310194,0.52580506,0.007171138,0.01139579,0.003512907,0.23155813,0.11829377,null,null,null,null,"TWOGAUSSIANS",8,1.2893978,0.52580506,0.007171138,0.06381642,0.01967228,0.23156118,0.11829312,0.23021124,0.02107819,0.4,0.053973395,0.014444475,0.0038310194
375316653866487564,2008991504135154944,0.62486863,2189.7408385798967,2.851001923679127,4.6468085E-6,16.254223,0.019701585,0.26044154,0.0034696425,0.056157272,0.0068166424,0.29945827,0.04273992,0.75095916,0.0047296244,0.05912356,0.0067074266,0.3266563,0.04260677,0.09254254,0.02059486,0.26044154,0.0034696425,"TWOGAUSSIANS_WITH_ELLIPSOIDAL_ON_ECLIPSE1",9,13.801492,0.75223917,0.00398108,0.33109194,0.03756159,0.51113576,0.013713485,0.26044154,0.0034696425,0.31448072,0.038173195,0.48450544,0.009367923
375316653866487564,2008992187027457024,0.6193598,2186.7787773896353,1.0658070910237243,5.4867633E-6,15.982644,0.01014553,0.32318637,0.0010713465,0.09152428,0.004405701,0.39036465,0.016757304,0.80804265,0.0025578588,0.08274544,0.003964599,0.44418937,0.010794393,null,null,null,null,"TWOGAUSSIANS",8,18.362928,0.80804265,0.0025578588,0.4,0.0,0.4336988,0.009404273,0.32318637,0.0010713465,0.4,0.0,0.37987375,0.018156946
375316653866487564,2008993355257482880,0.49630567,2208.5764932744896,2.5800798040383293,1.5618358E-5,19.430216,0.032402568,0.23382095,0.005044383,0.06824095,0.009461286,0.583616,0.029475654,0.7385794,0.00881503,0.054223448,0.014045979,0.39530033,0.03075521,null,null,null,null,"TWOGAUSSIANS",8,10.903145,0.23382095,0.005044383,0.38214934,0.05229123,0.5834163,0.029484795,0.7385794,0.00881503,0.3036513,0.07865748,0.39510062,0.030771408
375316653866487564,2008994454769348224,0.47778746,2184.5927275840836,3.4310882953164685,1.9448362E-5,18.904505,0.024353191,0.19699384,0.012873138,0.09762582,0.021012586,0.18305779,0.024896663,0.702212,0.009627032,0.09424051,0.01779205,0.14990649,0.02431947,null,null,null,null,"TWOGAUSSIANS",8,2.2249665,0.19699384,0.012873138,0.4,0.0,0.17270496,0.015502311,0.702212,0.009627032,0.4,0.0,0.1395542,0.012584001
