Gaia/vari_eclipsing_binary/VariEclipsingBinary_528871-528887.csv
# %ECSV 1.0
# ---
# delimiter: ','
# meta: !!omap
# - RELEASE: Gaia DR3
# - TABLE: vari_eclipsing_binary
# - DESCRIPTION: >
#     This table describes the properties of the eclipsing binaries resulting from the variability analysis. 
# - CITATION: >
#     How to cite and acknowledge Gaia: 
#     https://gea.esac.esa.int/archive/documentation/credits.html 
# - KNOWN_ISSUES: >
#     Known issues: 
#     https://www.cosmos.esa.int/web/gaia-users/known-issues 
# - DOCUMENTATION: >
#     Tutorials and documentation: 
#     https://www.cosmos.esa.int/web/gaia-users/archive 
# datatype:
# - 
#   name: solution_id
#   datatype: int64
#   description: Solution Identifier
#   meta:
#     ucd: meta.version
# - 
#   name: source_id
#   datatype: int64
#   description: Unique source identifier
#   meta:
#     ucd: meta.id;meta.main
# - 
#   name: global_ranking
#   datatype: float32
#   description: Number between 0 (worst) and 1 (best)
#   meta:
#     ucd: stat.param
# - 
#   name: reference_time
#   datatype: float64
#   unit: d
#   description: Reference time used for the geometric model fit
#   meta:
#     ucd: time.epoch
# - 
#   name: frequency
#   datatype: float64
#   unit: d**-1
#   description: Frequency of geometric model of the eclipsing binary light curve
#   meta:
#     ucd: src.orbital
# - 
#   name: frequency_error
#   datatype: float32
#   unit: d**-1
#   description: "Uncertainty of \\texttt{frequency}"
#   meta:
#     ucd: stat.error
# - 
#   name: geom_model_reference_level
#   datatype: float32
#   unit: mag
#   description: Magnitude reference level of geometric model
#   meta:
#     ucd: phot.mag;em.opt
# - 
#   name: geom_model_reference_level_error
#   datatype: float32
#   unit: mag
#   description: "Uncertainty of \\texttt{geomModelReferenceLevel}"
#   meta:
#     ucd: stat.error;phot.mag;em.opt
# - 
#   name: geom_model_gaussian1_phase
#   datatype: float32
#   description: Phase of the Gaussian 1 component
#   meta:
#     ucd: time.phase
# - 
#   name: geom_model_gaussian1_phase_error
#   datatype: float32
#   description: "Uncertainty of \\texttt{geomModelGaussian1Phase}"
#   meta:
#     ucd: stat.error;time.phase
# - 
#   name: geom_model_gaussian1_sigma
#   datatype: float32
#   description: "Standard deviation [phase] of Gaussian 1 component"
#   meta:
#     ucd: stat.stdev
# - 
#   name: geom_model_gaussian1_sigma_error
#   datatype: float32
#   description: "Uncertainty of \\texttt{geomModelGaussian1Sigma}"
#   meta:
#     ucd: stat.error
# - 
#   name: geom_model_gaussian1_depth
#   datatype: float32
#   unit: mag
#   description: Magnitude depth of Gaussian 1 component
#   meta:
#     ucd: src.var.amplitude
# - 
#   name: geom_model_gaussian1_depth_error
#   datatype: float32
#   unit: mag
#   description: "Uncertainty of \\texttt{geomModelGaussian1Depth}"
#   meta:
#     ucd: stat.error;src.var.amplitude
# - 
#   name: geom_model_gaussian2_phase
#   datatype: float32
#   description: Phase of Gaussian 2 component
#   meta:
#     ucd: time.phase
# - 
#   name: geom_model_gaussian2_phase_error
#   datatype: float32
#   description: "Uncertainty of \\texttt{geomModelGaussian2Phase}"
#   meta:
#     ucd: stat.error;time.phase
# - 
#   name: geom_model_gaussian2_sigma
#   datatype: float32
[...]
#   datatype: float32
#   description: "Secondary eclipse: uncertainty of \\texttt{derivedSecondaryEclDuration}"
#   meta:
#     ucd: stat.error;time.duration
# - 
#   name: derived_secondary_ecl_depth
#   datatype: float32
#   unit: mag
#   description: "Secondary eclipse: depth"
#   meta:
#     ucd: src.var.amplitude
# - 
#   name: derived_secondary_ecl_depth_error
#   datatype: float32
#   unit: mag
#   description: "Secondary eclipse: uncertainty of \\texttt{derivedSecondaryEclDepth}"
#   meta:
#     ucd: stat.error;src.var.amplitude
solution_id,source_id,global_ranking,reference_time,frequency,frequency_error,geom_model_reference_level,geom_model_reference_level_error,geom_model_gaussian1_phase,geom_model_gaussian1_phase_error,geom_model_gaussian1_sigma,geom_model_gaussian1_sigma_error,geom_model_gaussian1_depth,geom_model_gaussian1_depth_error,geom_model_gaussian2_phase,geom_model_gaussian2_phase_error,geom_model_gaussian2_sigma,geom_model_gaussian2_sigma_error,geom_model_gaussian2_depth,geom_model_gaussian2_depth_error,geom_model_cosine_half_period_amplitude,geom_model_cosine_half_period_amplitude_error,geom_model_cosine_half_period_phase,geom_model_cosine_half_period_phase_error,model_type,num_model_parameters,reduced_chi2,derived_primary_ecl_phase,derived_primary_ecl_phase_error,derived_primary_ecl_duration,derived_primary_ecl_duration_error,derived_primary_ecl_depth,derived_primary_ecl_depth_error,derived_secondary_ecl_phase,derived_secondary_ecl_phase_error,derived_secondary_ecl_duration,derived_secondary_ecl_duration_error,derived_secondary_ecl_depth,derived_secondary_ecl_depth_error
[from data line 404]
375316653866487564,4652131416262433664,0.49643737,2182.802309710922,0.3270245437910787,1.0688848E-5,19.718943,0.0053551975,0.2835955,0.0049070437,0.04088414,0.008275342,0.110800855,0.03013694,0.79499,0.0014719762,0.024662929,0.0034716344,1.1184725,0.45196146,null,null,null,null,"TWOGAUSSIANS",8,1.257675,0.79499,0.0014719762,0.13811241,0.019441152,1.1184725,0.45196146,0.2835955,0.0049070437,0.2289512,0.04634192,0.110800855,0.03013694
375316653866487564,4652131484981808512,0.46426255,2154.7380281861056,4.296848489520646,2.2488548E-5,19.852661,0.008376106,0.69956267,0.0057482296,0.0476945,0.013781598,0.032617517,0.02449329,null,null,null,null,null,null,0.12009716,0.014114585,0.69956267,0.0057482296,"ONEGAUSSIAN_WITH_ELLIPSOIDAL",6,2.8461397,0.69956267,0.0057482296,0.2670892,0.07717695,0.27281168,0.015172588,null,null,null,null,null,null
375316653866487564,4652131622406475136,0.48795724,2171.293618254412,0.5181271168782041,9.8156816E-5,17.98977,0.0020374435,0.34459123,0.01592375,0.02717506,0.019010259,0.0068745622,2.1346445,0.6227536,6.14651E-4,0.0209336,0.0037869911,0.5160246,0.2874058,0.01846423,0.0025857142,0.34459123,0.01592375,"TWOGAUSSIANS_WITH_ELLIPSOIDAL_ON_ECLIPSE1",9,2.8719952,0.6228236,5.6800037E-4,0.11722816,0.02120715,0.51717126,0.28734475,0.34459123,0.01592375,0.15218033,0.10645745,0.043802664,2.1341877
375316653866487564,4652133271643928704,0.43846375,2236.4994840655877,3.600253688463668,6.185845E-5,18.533276,0.0073692007,0.46133167,0.006434121,0.040436953,0.006514836,0.30223924,0.15321162,0.72025704,1.4356316E-4,0.011685399,5.158628E-4,0.25473902,0.005228487,null,null,null,null,"TWOGAUSSIANS",8,8.64593,0.46133167,0.006434121,0.22644694,0.036483083,0.30223924,0.15321162,0.72025704,1.4356316E-4,0.06543823,0.0028888315,0.25473902,0.0052284873
375316653866487564,4652133894468541568,0.44447112,2193.9514772870134,0.2509300759251349,1.2733502E-5,18.494715,0.06996786,0.19715884,0.007299509,0.016033351,0.0056830756,0.065965176,0.013903901,0.6284945,0.038316052,0.20292388,0.12562177,0.1081883,0.058759518,null,null,null,null,"TWOGAUSSIANS",8,3.2291021,0.6284945,0.038316052,0.4,0.0,0.097787455,0.0115859,0.19750884,0.0071855113,0.08978677,0.031825222,0.06901086,0.014791438
375316653866487564,4652134577389133824,0.4139114,2229.2260770031226,0.38192555902903075,5.09268E-5,18.802917,0.17050143,0.2740004,0.017418059,0.11758951,0.088630624,0.0962933,0.16668211,0.78820145,0.038267344,0.10177518,0.123265244,0.09672972,0.15708539,null,null,null,null,"TWOGAUSSIANS",8,6.6787734,0.78824145,0.03812294,0.4,0.0,0.084423944,0.021338506,0.2739904,0.017016198,0.4,0.0,0.08396316,0.015864125
375316653866487564,4652134714828121216,0.46691343,2201.717029629175,0.24388456721991567,8.519326E-6,19.009203,0.0080885915,0.20934197,0.009255271,0.030870134,0.003501181,0.71177113,0.29817274,0.7311652,0.0025184313,0.04507024,0.005789232,0.15732914,0.013435436,null,null,null,null,"TWOGAUSSIANS",8,3.8817902,0.20934197,0.009255271,0.17287275,0.019606613,0.71177113,0.29817274,0.7311652,0.0025184313,0.25239334,0.032419696,0.15732914,0.013435436
375316653866487564,4652134749142811520,0.4600679,2192.1807620662366,1.9821006076713013,2.6343103E-5,18.573465,0.0074832323,0.22280009,0.017775428,0.06461772,0.016478777,0.16266543,0.021807108,0.7619188,0.005424194,0.06234928,0.012222571,0.21591024,0.111929536,null,null,null,null,"TWOGAUSSIANS",8,5.1338034,0.7619188,0.005424194,0.34915596,0.0684464,0.21586482,0.111981265,0.22280009,0.017775428,0.36185926,0.0644387,0.16262001,0.021853887
375316653866487564,4652136948209442688,0.4918768,2180.2327864385397,1.0088535656895719,1.01724676E-4,19.515516,0.012282567,0.21398361,0.01670662,0.102401316,0.026171824,0.05770423,0.020052737,0.60831213,0.0022331462,0.013754491,0.0021950845,0.80299187,0.4178275,null,null,null,null,"TWOGAUSSIANS",8,1.5918354,0.60831213,0.0022331462,0.07702515,0.012292473,0.80302584,0.41777793,0.21398361,0.01670662,0.4,0.0,0.05770346,0.020048432
375316653866487564,4652136952484795904,0.56390375,2209.3784654902292,0.29259068689134055,8.394559E-6,17.400093,0.0052937204,0.17684807,0.019796431,0.022794664,0.020932287,0.53012264,3.5602324,0.688694,0.002271318,0.025951631,0.0021422342,0.51100326,0.03394136,0.009362929,0.008248601,0.17684807,0.019796431,"TWOGAUSSIANS_WITH_ELLIPSOIDAL_ON_ECLIPSE1",9,12.904935,0.17684807,0.019796431,0.12765011,0.11722081,0.5488485,3.5625277,0.688694,0.002271318,0.14532913,0.011996512,0.52962554,0.03548999
375316653866487564,4652137330442126592,0.43429348,2200.7692252623133,0.07059278589874123,2.632365E-5,18.643648,0.03255053,0.23077753,0.010658567,0.07560344,0.050339133,0.11936164,0.04360143,0.74253196,0.011671606,0.081651345,0.033142768,0.09313932,0.025077108,null,null,null,null,"TWOGAUSSIANS",8,3.356784,0.23077753,0.010667022,0.4,0.030175038,0.11831116,0.049354684,0.74253196,0.011678885,0.4,0.0,0.09208884,0.014857949
375316653866487564,4652137605320602624,0.45635775,2228.209316634266,4.733386502122655,2.307413E-5,18.744135,0.07707517,0.31349438,0.032612473,0.1096912,0.05513402,0.2393582,0.05874862,0.7691511,0.008170919,0.07725067,0.027988637,0.4729243,0.28971127,null,null,null,null,"TWOGAUSSIANS",8,10.4188595,0.7691511,0.008170919,0.4,0.084525816,0.4641115,0.3056115,0.31349438,0.032612473,0.4,0.04404521,0.2305015,0.043708887
375316653866487564,4652137669764736640,0.43775353,2216.120696678564,1.1973395679972136,3.2304462E-5,19.76659,0.16601078,0.403377,0.0220854,0.18928716,0.095402524,0.2558216,0.15791151,0.81829184,0.0066752154,0.04451244,0.026054034,0.9937369,2.539752,null,null,null,null,"TWOGAUSSIANS",8,6.9551277,0.81829184,0.0066752154,0.24926966,0.14590259,0.9946208,2.548407,0.403377,0.0220854,0.4,0.0,0.23139986,0.06604271
375316653866487564,4652137704124386432,0.53648394,2203.4546098170003,0.3974932601170966,1.3154244E-5,17.242641,0.0031135774,0.27909908,0.008953934,0.031210471,0.006287026,0.21937105,0.016212849,0.7419867,0.010087412,0.027143551,0.008152412,0.18170741,0.009583243,null,null,null,null,"TWOGAUSSIANS",8,7.7132235,0.27909908,0.008953934,0.17477864,0.035207346,0.21937105,0.016212849,0.7419867,0.010087412,0.15200388,0.045653507,0.18170741,0.009583243
375316653866487564,4652137777081256832,0.43468884,2219.8272975363475,4.52976141206266,1.640621E-4,18.05504,0.024872717,0.28739357,0.042117268,0.14508498,0.0712595,0.041069426,0.023523787,0.70329475,0.025112676,0.11769167,0.026912505,0.09996607,0.025622295,null,null,null,null,"TWOGAUSSIANS",8,2.8713925,0.70329475,0.025112676,0.4,0.0,0.090735376,0.013552814,0.29065356,0.039615624,0.4,0.0,0.031355646,0.008895561
375316653866487564,4652138017636830080,0.44876456,2228.7397230204097,1.208044107604438,1.5688001E-5,16.728756,0.0029744003,0.6258806,0.0058988887,0.014673747,0.0074125747,0.112746544,0.021847334,0.83306247,0.00804579,0.015283014,0.010360133,0.106523275,1370.4569,null,null,null,null,"TWOGAUSSIANS",8,6.530377,0.6258806,0.0058988887,0.08217298,0.041510418,0.112746544,0.021847334,0.83306247,0.00804579,0.08558487,0.058016744,0.106523275,1370.4569
375316653866487564,4652138807873019008,0.4356237,2292.342307790571,1.44166093408588,1.7063173E-4,18.248148,2.0353827,0.24294765,0.03518944,0.2036299,0.14687727,1.8405776,1.9414707,0.8004535,0.059240993,0.14996918,0.068326995,1.3321073,1.19036,null,null,null,null,"TWOGAUSSIANS",8,12.536258,0.23481765,0.024027627,0.4,0.0,0.93778515,0.12346501,0.8368335,0.03256194,0.4,0.0,0.6490495,0.07180932
375316653866487564,4652138945369472128,0.43366545,2208.4977788874226,0.3468110635743959,2.0941929E-5,18.92235,0.025858087,0.4509539,0.007961544,0.068520926,0.016086169,0.22210166,0.055054516,0.73772347,0.015278925,0.059370846,0.025743265,0.14338887,0.036905516,null,null,null,null,"TWOGAUSSIANS",8,7.139295,0.4509539,0.007941283,0.38371718,0.06476421,0.22210282,0.055086423,0.73772347,0.015278925,0.33247674,0.14416228,0.14342372,0.036929503
375316653866487564,4652139490792838400,0.55426925,2214.9594070178214,0.37959933338803425,1.01493215E-5,17.623814,0.0061135134,0.19297363,0.002331253,0.03422281,0.0027944988,0.24631466,0.017862866,0.697926,0.003433126,0.037546683,0.0051068263,0.18678722,0.015785199,0.021100359,0.010208113,0.19297363,0.002331253,"TWOGAUSSIANS_WITH_ELLIPSOIDAL_ON_ECLIPSE1",9,5.500798,0.19297363,0.002331253,0.19164774,0.015649194,0.28851536,0.011952043,0.697926,0.003433126,0.21026142,0.028598227,0.22894709,0.010148501
375316653866487564,4652139696950683648,0.49937254,2184.7586413578438,4.530889183118281,3.9136994E-5,19.83937,0.010948009,0.24349388,0.003931743,0.010444665,0.0028227337,0.5971742,0.7237202,0.5663816,4.7830527E-4,0.014621495,5.792544E-4,1.3829346,0.09886943,0.020732313,0.014731938,0.24349388,0.003931743,"TWOGAUSSIANS_WITH_ELLIPSOIDAL_ON_ECLIPSE1",9,2.980014,0.56641155,4.5202597E-4,0.08188037,0.0032438247,1.3910427,0.0946065,0.24349388,0.003931743,0.058490124,0.015807308,0.63863844,0.7238667
375316653866487564,4652140079187827584,0.42427415,2227.133122118887,0.6441192184920681,1.0678736E-4,18.404373,0.0043137055,0.23490936,0.014075078,0.041666962,0.010753959,0.15320309,0.088317156,0.65365523,0.04854395,0.0937483,0.03819807,0.072181,0.0067544305,null,null,null,null,"TWOGAUSSIANS",8,5.0480647,0.23490936,0.014081954,0.23333499,0.06022217,0.15318985,0.088312946,0.65365523,0.04854395,0.4,0.0,0.0721644,0.0065398887
375316653866487564,4652140109262119936,0.4311157,2189.117959621026,0.2168467218510129,4.083413E-5,18.733135,0.033622086,0.12494468,0.014928183,0.066336244,0.023026416,0.11459223,0.031150762,0.53724277,0.016290162,0.12818277,0.03582804,0.17645568,0.042667758,null,null,null,null,"TWOGAUSSIANS",8,6.4058604,0.53724277,0.016290162,0.4,0.0,0.17344166,0.039616972,0.12592468,0.014102436,0.37148297,0.089934945,0.11259542,0.027674485
375316653866487564,4652140143627158656,0.52415836,2165.3170512142465,1.0850191754837386,7.457032E-5,18.122084,0.0020274725,0.26235858,7.371355E-4,0.024869697,7.0192106E-4,0.25890273,0.0042455997,0.7524643,0.0095651625,0.06628771,0.013223071,0.020983452,0.005384481,null,null,null,null,"TWOGAUSSIANS",8,1.0041448,0.26235858,7.371355E-4,0.1392703,0.003930758,0.25890273,0.004245561,0.7524643,0.0095651625,0.37121117,0.0740492,0.02098344,0.005384487
375316653866487564,4652140349785653376,0.46836776,2219.1664592895363,1.1467911986753139,2.2675962E-5,19.805656,0.019017447,0.26478764,0.0077687134,0.05029061,0.007030638,0.21921608,0.038362358,0.7624403,0.006337108,0.037581384,0.009291312,0.6125824,0.17365985,null,null,null,null,"TWOGAUSSIANS",8,5.853258,0.7624403,0.006337108,0.21045575,0.052031346,0.6125823,0.17366007,0.26478764,0.0077687134,0.28162742,0.039371572,0.21921603,0.03836239
375316653866487564,4652140388461112960,0.4531453,2211.8302810170835,0.5818717446612248,2.4275196E-5,18.93225,0.011847802,0.27649963,0.018672977,0.11841695,0.020164462,0.12823184,0.01794903,0.7972492,0.0050547896,0.03326666,0.010073523,0.18277258,0.03188737,null,null,null,null,"TWOGAUSSIANS",8,4.626645,0.7972592,0.0050482643,0.1862933,0.05641173,0.18218125,0.032422822,0.27649963,0.018672977,0.4,0.0,0.12759683,0.01812691
375316653866487564,4652140452829833472,0.61896354,2204.568628026624,0.5678574471035276,2.1520627E-6,15.585726,0.003963676,0.24611652,0.0042048977,0.03653182,0.0021030023,0.43457305,0.034244936,0.73911726,0.0035682025,0.03960599,0.0031122626,0.39672393,0.010587366,0.044500276,0.00594801,0.24611652,0.0042048977,"TWOGAUSSIANS_WITH_ELLIPSOIDAL_ON_ECLIPSE1",9,11.670134,0.24611652,0.0042048977,0.20457819,0.011776812,0.5235736,0.0383022,0.7393073,0.0034864116,0.22179353,0.01742867,0.48555705,0.009661085
375316653866487564,4652140624628481152,0.6178142,2186.948073572701,0.8045810152562446,7.1768777E-6,17.379713,0.0027138211,0.28837878,0.0014462041,0.029579269,0.0013822857,0.4113224,0.0065168045,0.78705996,0.0036616502,0.030700864,0.0040962375,0.52326375,0.04262086,null,null,null,null,"TWOGAUSSIANS",8,4.5705547,0.78705996,0.0036616502,0.17192483,0.02293893,0.52326375,0.04262086,0.28837878,0.0014462041,0.1656439,0.0077408,0.4113224,0.0065168045
375316653866487564,4652140659062940928,0.4466018,2182.1251996247693,1.1566742878558294,1.3243522E-4,19.775593,0.09380697,0.22326383,0.008693425,0.09829587,0.028164368,0.4403213,0.07680378,0.7307056,0.026031481,0.1153741,0.03991985,0.3008814,0.095517285,null,null,null,null,"TWOGAUSSIANS",8,7.1812177,0.22325383,0.008621578,0.4,0.0,0.39810443,0.043155383,0.7307056,0.026031556,0.4,0.0,0.25861466,0.041877113
375316653866487564,4652140903821270784,0.4235628,2192.6939146855943,4.233585296361282,1.31348825E-5,18.399519,0.0063722166,0.15198728,0.012941278,0.03289556,0.006017071,0.10994111,0.026328297,0.60263884,0.002311405,0.010180934,0.0029796495,0.12905207,0.01461684,null,null,null,null,"TWOGAUSSIANS",8,9.151544,0.60263884,0.002311405,0.057013236,0.016686037,0.12905207,0.01461684,0.15198728,0.012941278,0.18421514,0.0336956,0.10994111,0.026328297
375316653866487564,4652141144397189120,0.42104986,2192.9791247561993,0.16298360899633402,7.406803E-5,19.607185,0.05542,0.26565307,0.032134708,0.1491773,0.034779172,0.4080564,0.07176223,0.8620623,0.016268842,0.06300395,0.014504498,0.49196926,0.08612425,null,null,null,null,"TWOGAUSSIANS",8,16.474201,0.8636123,0.01647085,0.35282212,0.08122519,0.48760986,0.085689664,0.26565307,0.032134708,0.4,0.0,0.3929113,0.061661087
375316653866487564,4652141999057080064,0.45092022,2220.4881426334277,1.2312533027661219,5.8123944E-5,18.946838,0.013423119,0.33997738,0.012397102,0.07487245,0.011486115,0.19443813,0.027024478,0.8300803,0.015507003,0.058673494,0.029026523,0.13135804,0.0235389,null,null,null,null,"TWOGAUSSIANS",8,4.739405,0.33997738,0.012397102,0.4,0.018294761,0.19421624,0.026443502,0.8300803,0.015507003,0.32857156,0.124992736,0.13113615,0.024115602
375316653866487564,4652142067776534656,0.41583404,2218.471983577725,1.744466725751645,2.302262E-4,19.135443,0.0533199,0.4239186,0.018449351,0.11853455,0.068371505,0.14832345,0.039576985,0.09464709,0.06927429,0.093660675,0.04546703,0.07968125,0.038538653,null,null,null,null,"TWOGAUSSIANS",8,4.8580804,0.42331862,0.017599132,0.4,0.0,0.14697775,0.03568309,0.10454709,0.05901393,0.4,0.030567167,0.08165889,0.04239657
375316653866487564,4652142102132081152,0.4488916,2210.399429735394,0.5800641949628459,1.01929385E-4,18.044643,0.03944898,0.18873376,0.023734055,0.060779262,0.018258879,0.083264634,0.030679679,0.5126124,0.06716693,0.19764674,0.17066239,0.081572555,0.035041813,null,null,null,null,"TWOGAUSSIANS",8,6.382106,0.19681376,0.023632906,0.34036386,0.09690345,0.09821288,0.024251651,0.5126124,0.06716693,0.4,0.072043344,0.0742896,0.016551461
375316653866487564,4652142175167593600,0.4440944,2217.240603639095,0.25858559711488405,2.009195E-5,18.337042,0.0037464884,0.22847751,0.0037342794,0.030774923,0.0037359307,0.100745566,0.00927067,0.57824904,0.032176524,0.07635464,0.028297815,0.06529562,0.024378002,null,null,null,null,"TWOGAUSSIANS",8,3.2165363,0.22847751,0.0037342794,0.17233957,0.020921212,0.10074738,0.009270669,0.57824904,0.032176524,0.4,0.11244832,0.065295614,0.024378004
375316653866487564,4652142278246709760,0.4548661,2203.2704948110154,0.03392627732254495,4.6867433E-5,17.361845,0.0021850446,0.16214044,0.0052768434,0.0355972,0.005505304,0.03688871,0.007716924,0.56049955,0.005491519,0.038882032,0.006847323,0.1820432,0.110589385,null,null,null,null,"TWOGAUSSIANS",8,3.8449469,0.56049955,0.005491519,0.21773937,0.03834501,0.1820432,0.110589385,0.16214044,0.0052768434,0.19934434,0.030829702,0.03688871,0.007716924
375316653866487564,4652142656167685760,0.59498715,2364.2670335920816,0.006455009179698559,5.120103E-5,15.339188,0.0022840425,0.25918913,0.00605949,0.035728928,0.04948793,0.02033466,0.021947442,0.7815241,0.0022177307,0.017263725,0.0018350001,0.17551306,0.0067209206,0.029333178,0.0037077225,0.25918913,0.00605949,"TWOGAUSSIANS_WITH_ELLIPSOIDAL_ON_ECLIPSE1",9,26.490856,0.7815241,0.0022177307,0.096676864,0.010276001,0.23303154,0.0047488785,0.25918913,0.00605949,0.20008199,0.20963764,0.07900094,0.021091904
