Gaia/vari_eclipsing_binary/VariEclipsingBinary_675221-675252.csv
# %ECSV 1.0
# ---
# delimiter: ','
# meta: !!omap
# - RELEASE: Gaia DR3
# - TABLE: vari_eclipsing_binary
# - DESCRIPTION: >
#     This table describes the properties of the eclipsing binaries resulting from the variability analysis. 
# - CITATION: >
#     How to cite and acknowledge Gaia: 
#     https://gea.esac.esa.int/archive/documentation/credits.html 
# - KNOWN_ISSUES: >
#     Known issues: 
#     https://www.cosmos.esa.int/web/gaia-users/known-issues 
# - DOCUMENTATION: >
#     Tutorials and documentation: 
#     https://www.cosmos.esa.int/web/gaia-users/archive 
# datatype:
# - 
#   name: solution_id
#   datatype: int64
#   description: Solution Identifier
#   meta:
#     ucd: meta.version
# - 
#   name: source_id
#   datatype: int64
#   description: Unique source identifier
#   meta:
#     ucd: meta.id;meta.main
# - 
#   name: global_ranking
#   datatype: float32
#   description: Number between 0 (worst) and 1 (best)
#   meta:
#     ucd: stat.param
# - 
#   name: reference_time
#   datatype: float64
#   unit: d
#   description: Reference time used for the geometric model fit
#   meta:
#     ucd: time.epoch
# - 
#   name: frequency
#   datatype: float64
#   unit: d**-1
#   description: Frequency of geometric model of the eclipsing binary light curve
#   meta:
#     ucd: src.orbital
# - 
#   name: frequency_error
#   datatype: float32
#   unit: d**-1
#   description: "Uncertainty of \\texttt{frequency}"
#   meta:
#     ucd: stat.error
# - 
#   name: geom_model_reference_level
#   datatype: float32
#   unit: mag
#   description: Magnitude reference level of geometric model
#   meta:
#     ucd: phot.mag;em.opt
# - 
#   name: geom_model_reference_level_error
#   datatype: float32
#   unit: mag
#   description: "Uncertainty of \\texttt{geomModelReferenceLevel}"
#   meta:
#     ucd: stat.error;phot.mag;em.opt
# - 
#   name: geom_model_gaussian1_phase
#   datatype: float32
#   description: Phase of the Gaussian 1 component
#   meta:
#     ucd: time.phase
# - 
#   name: geom_model_gaussian1_phase_error
#   datatype: float32
#   description: "Uncertainty of \\texttt{geomModelGaussian1Phase}"
#   meta:
#     ucd: stat.error;time.phase
# - 
#   name: geom_model_gaussian1_sigma
#   datatype: float32
#   description: "Standard deviation [phase] of Gaussian 1 component"
#   meta:
#     ucd: stat.stdev
# - 
#   name: geom_model_gaussian1_sigma_error
#   datatype: float32
#   description: "Uncertainty of \\texttt{geomModelGaussian1Sigma}"
#   meta:
#     ucd: stat.error
# - 
#   name: geom_model_gaussian1_depth
#   datatype: float32
#   unit: mag
#   description: Magnitude depth of Gaussian 1 component
#   meta:
#     ucd: src.var.amplitude
# - 
#   name: geom_model_gaussian1_depth_error
#   datatype: float32
#   unit: mag
#   description: "Uncertainty of \\texttt{geomModelGaussian1Depth}"
#   meta:
#     ucd: stat.error;src.var.amplitude
# - 
#   name: geom_model_gaussian2_phase
#   datatype: float32
#   description: Phase of Gaussian 2 component
#   meta:
#     ucd: time.phase
# - 
#   name: geom_model_gaussian2_phase_error
#   datatype: float32
#   description: "Uncertainty of \\texttt{geomModelGaussian2Phase}"
#   meta:
#     ucd: stat.error;time.phase
# - 
#   name: geom_model_gaussian2_sigma
#   datatype: float32
[...]
#   datatype: float32
#   description: "Secondary eclipse: uncertainty of \\texttt{derivedSecondaryEclDuration}"
#   meta:
#     ucd: stat.error;time.duration
# - 
#   name: derived_secondary_ecl_depth
#   datatype: float32
#   unit: mag
#   description: "Secondary eclipse: depth"
#   meta:
#     ucd: src.var.amplitude
# - 
#   name: derived_secondary_ecl_depth_error
#   datatype: float32
#   unit: mag
#   description: "Secondary eclipse: uncertainty of \\texttt{derivedSecondaryEclDepth}"
#   meta:
#     ucd: stat.error;src.var.amplitude
solution_id,source_id,global_ranking,reference_time,frequency,frequency_error,geom_model_reference_level,geom_model_reference_level_error,geom_model_gaussian1_phase,geom_model_gaussian1_phase_error,geom_model_gaussian1_sigma,geom_model_gaussian1_sigma_error,geom_model_gaussian1_depth,geom_model_gaussian1_depth_error,geom_model_gaussian2_phase,geom_model_gaussian2_phase_error,geom_model_gaussian2_sigma,geom_model_gaussian2_sigma_error,geom_model_gaussian2_depth,geom_model_gaussian2_depth_error,geom_model_cosine_half_period_amplitude,geom_model_cosine_half_period_amplitude_error,geom_model_cosine_half_period_phase,geom_model_cosine_half_period_phase_error,model_type,num_model_parameters,reduced_chi2,derived_primary_ecl_phase,derived_primary_ecl_phase_error,derived_primary_ecl_duration,derived_primary_ecl_duration_error,derived_primary_ecl_depth,derived_primary_ecl_depth_error,derived_secondary_ecl_phase,derived_secondary_ecl_phase_error,derived_secondary_ecl_duration,derived_secondary_ecl_duration_error,derived_secondary_ecl_depth,derived_secondary_ecl_depth_error
[from data line 403]
375316653866487564,5939480591161268352,0.57481337,2252.9443827977066,1.459324888072142,7.834094E-6,17.02629,0.006183041,0.24643649,0.0036256374,0.08710213,0.0074479054,0.18689135,0.010847534,0.7403375,0.0038479688,0.09171766,0.0047128326,0.24072056,0.008388117,null,null,null,null,"TWOGAUSSIANS",8,4.948418,0.7403375,0.0038479688,0.4,0.0,0.23297238,0.007759792,0.24643649,0.0036256374,0.4,0.0,0.17914334,0.012466357
375316653866487564,5939480827347350016,0.4370112,2278.6514593802444,0.2422808689949392,1.1670634E-4,15.428734,0.032382343,0.26360622,0.015350802,0.15302469,0.08805947,0.042292897,0.03023634,0.7054909,0.02576694,0.095489725,0.020106904,0.07558942,0.033078462,null,null,null,null,"TWOGAUSSIANS",8,10.9066725,0.7054909,0.02576694,0.4,0.0,0.06827835,0.020005045,0.26365623,0.015224617,0.4,0.0,0.03427489,0.0061616623
375316653866487564,5939481037837886720,0.59488547,2262.9016568573647,1.1308164492916404,8.716038E-6,16.899694,0.0122412015,0.27745432,0.0048574037,0.088548705,0.009130205,0.20092419,0.015362985,0.7647449,0.0017663492,0.08574075,0.0040074545,0.37179518,0.0111709535,null,null,null,null,"TWOGAUSSIANS",8,9.685118,0.7647449,0.0017663492,0.4,0.0,0.36466,0.009049687,0.27745432,0.0048574037,0.4,0.0,0.19378899,0.015850807
375316653866487564,5939481312691067392,0.55682075,2253.641818286604,2.591400410009505,1.2899472E-5,18.810543,0.014551409,0.14634474,0.0029379982,0.08111986,0.005112567,0.40072846,0.01861896,0.63589644,0.0079407515,0.08846992,0.008581066,0.42559814,0.047780484,null,null,null,null,"TWOGAUSSIANS",8,2.9397562,0.63589644,0.0079407515,0.4,0.0,0.41668835,0.048461173,0.14634474,0.0029379982,0.4,0.0,0.39181876,0.017082676
375316653866487564,5939481518849793152,0.62660855,2259.759588725775,2.115678665120378,5.614137E-6,16.53927,0.0045359647,0.27313188,0.0010793477,0.088584654,0.001965201,0.2499215,0.0045386553,0.773041,0.0023935933,0.0963068,0.0032222853,0.19746046,0.005890056,null,null,null,null,"TWOGAUSSIANS",8,2.7502499,0.27313188,0.0010793477,0.4,0.0,0.23855425,0.0028150417,0.773041,0.0023935933,0.4,0.0,0.18609272,0.004986787
375316653866487564,5939481583261604864,0.5375847,2245.882085232213,2.639180193141236,1.3147706E-5,16.561466,0.022838412,0.15653214,0.0026529667,0.10213683,0.0086683165,0.3082554,0.019743579,0.6731255,0.0071955835,0.09818566,0.01208804,0.27875197,0.02229636,null,null,null,null,"TWOGAUSSIANS",8,30.376717,0.15653214,0.002655037,0.4,0.0,0.2871553,0.009065641,0.6731355,0.007193999,0.4,0.0,0.25765514,0.014725495
375316653866487564,5939481651982183936,0.55951655,2261.773228531291,2.387375329432625,1.3447395E-5,17.023767,0.28819427,0.21415251,0.0048375484,0.13346246,0.03362095,0.3034324,0.25666058,0.7044549,0.0043131965,0.15026774,0.062311377,0.29763523,0.2790777,null,null,null,null,"TWOGAUSSIANS",8,6.706215,0.21479252,0.0036880109,0.4,0.0,0.18651997,0.0065294723,0.7044549,0.0043131965,0.4,0.0,0.17888546,0.007390778
375316653866487564,5939482167377197696,0.61337227,2261.3049414581396,2.110189046354097,7.028948E-6,16.262661,0.0033948475,0.2329508,0.0068895733,0.071095504,0.010049633,0.10561987,0.010044255,0.7275497,0.0019510905,0.037480053,0.00973715,0.077023335,0.014868438,0.07106743,0.0045255194,0.7275497,0.0019510905,"TWOGAUSSIANS_WITH_ELLIPSOIDAL_ON_ECLIPSE2",9,6.519276,0.2310608,0.004135804,0.39813483,0.034044623,0.24748465,0.007461763,0.7275497,0.0019510905,0.20988828,0.05452804,0.2189946,0.018936122
375316653866487564,5939482545334962560,0.5163721,2277.0624289710627,0.6819607812081966,3.1787644E-5,17.539148,0.008765808,0.28763095,0.007960882,0.044647552,0.008049129,0.1960052,0.03837097,0.7827158,0.007819985,0.033205774,0.042121924,1.1505399,1.1193982,null,null,null,null,"TWOGAUSSIANS",8,8.04953,0.7827158,0.007819985,0.18595232,0.20848635,1.1505399,1.1194445,0.28763095,0.007960882,0.2500263,0.045075122,0.1960052,0.038362868
375316653866487564,5939482549642620032,0.51185524,2283.5442732435667,2.669895050183374,1.3136569E-5,17.739079,0.026066402,0.21646953,0.0035311463,0.08187696,0.012381413,0.34133705,0.0357554,0.7065664,0.0031249293,0.08192585,0.0075975116,0.35439953,0.025005894,null,null,null,null,"TWOGAUSSIANS",8,13.311907,0.7065664,0.0031249293,0.4,0.0,0.3489272,0.02108347,0.21646953,0.0035311463,0.4,0.0,0.33586475,0.039078373
375316653866487564,5939483060727304192,0.5499421,2254.950885203444,1.3712850194712722,2.9129382E-5,17.331285,0.005085616,0.21791579,0.00719054,0.09040283,0.014892403,0.09172803,0.009064763,0.7168441,0.0019575877,0.08604221,0.0043318667,0.124730095,0.004716565,null,null,null,null,"TWOGAUSSIANS",8,2.1388726,0.7168441,0.0019575877,0.4,0.0,0.120960034,0.0025773442,0.21791579,0.00719054,0.4,0.0,0.08795794,0.011171826
375316653866487564,5939483924030769152,0.50119776,2283.108352355182,0.6750013297833896,2.004445E-5,19.483839,0.00763814,0.38197404,0.0061308257,0.029930247,0.002596972,0.6107618,0.10212936,0.85472167,0.06830939,0.054971363,0.03673333,0.061864913,0.17973274,null,null,null,null,"TWOGAUSSIANS",8,1.3510544,0.38197404,0.0061308257,0.16760938,0.014543043,0.6107618,0.10212936,0.85472167,0.06830939,0.30783963,0.20570666,0.061864913,0.17973274
375316653866487564,5939484125882665472,0.59759945,2281.116058397414,2.1595778189432506,6.8877507E-6,17.407072,0.017699461,0.24029005,0.00212438,0.051267054,0.007176539,0.26241747,0.04526442,0.74172044,0.0019783622,0.04614297,0.006445904,0.2454452,0.041463375,0.13809249,0.027203538,0.24029005,0.00212438,"TWOGAUSSIANS_WITH_ELLIPSOIDAL_ON_ECLIPSE1",9,10.334048,0.24029005,0.00212438,0.28709552,0.040188618,0.53860015,0.025280355,0.74172044,0.0019783622,0.25840062,0.03609706,0.52160555,0.023648659
375316653866487564,5939484400760188800,0.6536102,2254.631916821312,0.752370733446115,3.2059597E-6,14.973981,0.0038167473,0.18877906,0.016719975,0.022112448,0.04778939,0.095999435,1834034.9,0.6767338,4.673899E-4,0.031186352,4.6633458E-4,1.0719898,0.017946232,0.029119417,0.006355759,0.18877906,0.016719975,"TWOGAUSSIANS_WITH_ELLIPSOIDAL_ON_ECLIPSE1",9,87.11182,0.6767838,4.361076E-4,0.17464356,0.0026114737,1.129897,0.018501699,0.18877906,0.016719975,0.12382971,0.2676206,0.15423821,1834034.9
375316653866487564,5939485607662321280,0.46961313,2310.265939903347,3.2926834761511756,4.4975433E-5,18.303127,0.004338661,null,null,null,null,null,null,null,null,null,null,null,null,0.06623349,0.007737076,0.19586118,0.0076454766,"ELLIPSOIDAL",4,5.8394265,null,null,null,null,null,null,null,null,null,null,null,null
375316653866487564,5939486019999997184,0.5888775,2262.9974871555505,3.1616863624032177,9.951986E-6,18.466871,0.01721748,0.3197996,0.0019439217,0.049452897,0.004354321,0.4256556,0.048119396,0.8151874,0.0034693603,0.053530104,0.0042679994,0.533702,0.04924674,0.08534518,0.029500255,0.3197996,0.0019439217,"TWOGAUSSIANS_WITH_ELLIPSOIDAL_ON_ECLIPSE1",9,5.6562147,0.8154974,0.0031871863,0.29976857,0.023900796,0.70425063,0.034349278,0.3197996,0.0019439217,0.27693623,0.024384197,0.59633785,0.031533904
375316653866487564,5939486397957237888,0.5604169,2301.0739522085414,2.5524393269143237,1.7235592E-5,18.406898,0.0094440095,0.2119302,0.007557253,0.07299863,0.008251213,0.3457022,0.035573084,0.71472627,0.005622143,0.07835579,0.0072224014,0.34678176,0.017445281,null,null,null,null,"TWOGAUSSIANS",8,4.689929,0.71472627,0.005622143,0.4,0.0,0.34400326,0.017521614,0.2119302,0.007557253,0.4,0.01485329,0.34292367,0.036521263
375316653866487564,5939486844633895168,0.47002023,2263.2727322806127,2.47670572088565,1.7802027E-5,18.411715,0.06758252,0.3200168,0.010822287,0.10202062,0.02987636,0.26905042,0.061443765,0.81611043,0.0072770496,0.10001423,0.021908052,0.3081428,0.06070125,null,null,null,null,"TWOGAUSSIANS",8,7.382682,0.81611043,0.0072697625,0.4,0.0,0.28250533,0.024860226,0.3200168,0.010840764,0.4,0.0,0.24341196,0.018700492
375316653866487564,5939487085127092864,0.5450452,2237.954266814727,3.43466611358408,1.963687E-5,19.464315,0.012375958,0.299908,0.005553211,0.058289606,0.0058239107,0.5934378,0.02135121,0.8058473,0.005166573,0.07539664,0.0068998034,0.67315376,0.051139373,null,null,null,null,"TWOGAUSSIANS",8,2.6356611,0.8058473,0.005166573,0.4,0.0,0.6721731,0.051689606,0.299908,0.005553211,0.3264218,0.0326139,0.59245706,0.021113336
375316653866487564,5939487286978232832,0.5269605,2252.351957187428,2.2057012294297036,2.0097305E-5,15.835431,0.0015473021,0.22537968,0.004719922,0.067153975,0.0065143006,0.051890552,0.004538487,0.7132519,0.0059813736,0.0074959225,0.011933213,0.03834098,0.4787631,0.023725694,0.0021681415,0.22537968,0.004719922,"TWOGAUSSIANS_WITH_ELLIPSOIDAL_ON_ECLIPSE1",9,7.3893433,0.22537968,0.004719922,0.37606224,0.036480084,0.09929199,0.0045022196,0.7133219,0.0064476198,0.041977167,0.06682599,0.0854689,0.47889447
375316653866487564,5939487703602789120,0.45741057,2265.19910402412,4.938260542292239,8.30909E-6,18.557142,0.004602402,0.32453063,0.01167459,0.0186311,0.0038680898,0.4814172,0.26685375,0.88179123,0.0034095275,0.03745896,0.0039301305,0.031116972,0.006664394,null,null,null,null,"TWOGAUSSIANS",8,3.3913622,0.32453063,0.01167459,0.10433416,0.021661302,0.4814172,0.26685375,0.88179123,0.0034095275,0.20977017,0.02200873,0.031116972,0.006664394
375316653866487564,5939487703602862848,0.4485156,2270.119122030039,3.212124664976728,2.6515545E-5,19.996586,0.007647275,null,null,null,null,null,null,null,null,null,null,null,null,0.10942909,0.012522265,0.19518122,0.0068314336,"ELLIPSOIDAL",4,2.450866,null,null,null,null,null,null,null,null,null,null,null,null
375316653866487564,5939487737962512256,0.51390016,2280.5340508045,3.06489029496423,9.166431E-6,18.000807,0.012295008,0.16922425,0.00314488,0.08444744,0.0049957074,0.26338935,0.0122356415,0.66540146,0.0081889285,0.097146325,0.012265622,0.25172067,0.03471347,null,null,null,null,"TWOGAUSSIANS",8,6.2515655,0.16922425,0.00314488,0.4,0.0,0.25246847,0.007563873,0.66540146,0.0081889285,0.4,0.0,0.24079889,0.037560448
375316653866487564,5939487905454629504,0.5299524,2244.184414908943,2.6031792209489772,1.5423248E-5,18.773586,0.017250631,0.29854277,0.0047290465,0.09075906,0.008852653,0.24792418,0.01662805,0.7867642,0.005494086,0.10298936,0.00914437,0.274205,0.017030716,null,null,null,null,"TWOGAUSSIANS",8,2.0481224,0.7867642,0.005494086,0.4,0.0,0.25825962,0.010954418,0.29854277,0.0047325916,0.4,0.0,0.23198344,0.012718272
375316653866487564,5939488145990078080,0.46560574,2272.7025210563806,0.12910511295830668,3.6302114E-5,16.678669,0.004213261,0.23739101,0.014774046,0.019622825,0.005176886,0.04038263,0.024482476,0.68052804,0.007806962,0.06562662,0.0055285124,0.18536583,0.02062443,0.018058099,0.0050661257,0.23739101,0.014774046,"TWOGAUSSIANS_WITH_ELLIPSOIDAL_ON_ECLIPSE1",9,10.308898,0.68381804,0.007058674,0.36750907,0.03095967,0.21730568,0.01992553,0.23739101,0.014774046,0.109887816,0.028990561,0.076495185,0.023151176
375316653866487564,5939488253359100160,0.43049514,2317.24517167663,1.817856371537346,8.119119E-5,18.627928,0.06992468,0.307994,0.017514043,0.15532327,0.055155326,0.15102582,0.06720133,0.73761183,0.0067581483,0.046868037,0.018518668,0.1348372,0.029737731,null,null,null,null,"TWOGAUSSIANS",8,4.5016227,0.307994,0.017514043,0.4,0.0,0.14621101,0.037675478,0.73761183,0.0067581483,0.262461,0.10370454,0.13349481,0.01771748
375316653866487564,5939488631316658560,0.5428271,2202.8258565665765,0.910895534540685,1.5002127E-4,19.265629,0.0060291905,0.19938728,0.00901378,0.02198246,0.009552089,0.54040486,0.053942204,0.6864769,0.00359602,0.032118138,0.0053879293,0.4418949,1.0308664,null,null,null,null,"TWOGAUSSIANS",8,4.041282,0.19938728,0.00901378,0.12310177,0.053491693,0.54040486,0.053942204,0.6864769,0.00359602,0.17986158,0.030172404,0.4418949,1.0308664
375316653866487564,5939489176770426752,0.4535172,2227.845957273695,0.40477084399992946,1.6930195E-5,17.545912,0.004702973,0.30568787,0.108467795,0.038317043,0.028135657,0.028858585,0.008055402,0.6391202,0.002765301,0.017025508,0.009711682,0.12722893,0.0717018,null,null,null,null,"TWOGAUSSIANS",8,10.40072,0.6391202,0.002765301,0.095342845,0.05438542,0.12722893,0.0717018,0.30568787,0.108467795,0.21457544,0.15755968,0.028858585,0.008055402
375316653866487564,5939489249791165056,0.52013654,2261.0742410786493,3.425591946952797,2.1853919E-5,17.827045,0.31306943,0.35069743,0.005629881,0.11782388,0.04826327,0.21067528,0.27669838,0.8422595,0.0070388694,0.12029304,0.082545035,0.17293093,0.30194476,null,null,null,null,"TWOGAUSSIANS",8,3.9487965,0.35073745,0.0041325865,0.4,0.0,0.17178524,0.008200063,0.8422595,0.0070388694,0.4,0.0,0.13403116,0.012775341
375316653866487564,5939489284175309440,0.5167506,2240.8911462496735,3.2665409885923125,1.6482585E-5,19.367918,0.057218667,0.3385351,0.006482026,0.06979066,0.014538815,0.7040957,0.21590117,0.8276786,0.0066291816,0.06561471,0.019342946,0.59490556,0.123573385,null,null,null,null,"TWOGAUSSIANS",8,4.400722,0.3385351,0.006482026,0.39082772,0.056426235,0.7030436,0.21861275,0.8276786,0.0066291816,0.36744237,0.053817395,0.59385335,0.1294674
375316653866487564,5939489726519789184,0.63534975,2253.946481810705,0.7904898410044676,9.1643116E-5,15.626812,0.001109336,0.55387133,0.0010376901,0.026684199,6.257263E-4,0.521171,0.019837053,null,null,null,null,null,null,null,null,null,null,"ONEGAUSSIAN",5,7.403076,0.55387133,0.0010376901,0.14943151,0.0035040674,0.521171,0.0,null,null,null,null,null,null
375316653866487564,5939490349327335040,0.4496451,2263.7097222467146,0.15019190213558486,6.8105655E-5,17.7004,0.02160464,0.38649482,0.009809737,0.11462128,0.01694727,0.20039092,0.022933759,0.83549196,0.054052327,0.08546184,0.078874215,0.05589673,0.089877404,null,null,null,null,"TWOGAUSSIANS",8,6.666673,0.38649482,0.009790606,0.4,0.0,0.19530165,0.018257994,0.83549196,0.054052327,0.4,0.28425288,0.050902613,0.096841075
375316653866487564,5939490448075669888,0.45643622,2331.2447299337086,2.4173660405369803,8.095681E-5,19.133938,0.021842217,0.17551155,0.00268194,0.018530356,0.007550697,0.13254772,0.014331803,0.6465855,0.017217087,0.073156565,0.018854206,0.41965383,0.05482461,null,null,null,null,"TWOGAUSSIANS",8,5.018391,0.6465855,0.017217087,0.4,0.019977845,0.41965377,0.054823417,0.17551155,0.00268194,0.103769995,0.0422839,0.13254769,0.014327935
375316653866487564,5939490761644304128,0.5805911,2285.3215993246095,1.7557433305414571,1.4632543E-5,16.425129,0.0032348249,0.6995065,0.0038861723,0.054210026,0.0037400597,0.256435,0.010477522,null,null,null,null,null,null,0.043183688,0.004987011,0.6995065,0.0038861723,"ONEGAUSSIAN_WITH_ELLIPSOIDAL",6,20.629013,0.6995065,0.0038861723,0.30357614,0.020944335,0.34279624,0.012553932,null,null,null,null,null,null
375316653866487564,5939490830363799808,0.5778355,2266.5529278115196,0.5644388707343593,6.614327E-6,16.350533,0.004929689,0.2758873,0.009085203,0.030256147,0.024917236,0.028628232,0.22158031,0.7800908,0.0024484585,0.051226284,0.003529407,0.17165703,0.010733185,0.026311494,0.0059087407,0.2758873,0.009085203,"TWOGAUSSIANS_WITH_ELLIPSOIDAL_ON_ECLIPSE1",9,9.8989525,0.7800908,0.0024096929,0.2868672,0.019764679,0.2242423,0.00834798,0.2758873,0.009085203,0.16943443,0.13953651,0.081250206,0.22084449
375316653866487564,5939491173937790080,0.481057,2277.519096585832,0.07696819929487973,2.4525856E-4,16.112267,0.0047544893,0.3936542,0.014001202,0.04007234,0.016803,0.06238886,0.0294115,0.6779198,1.40948905E-5,0.0011878158,1.8351351E-5,0.8422183,0.0061982255,null,null,null,null,"TWOGAUSSIANS",8,82.453705,0.6779198,1.40948905E-5,0.0066517685,1.0276757E-4,0.8422183,0.0061982255,0.3936542,0.014001202,0.22440511,0.0940968,0.06238886,0.0294115
