Gaia/vari_eclipsing_binary/VariEclipsingBinary_662365-662396.csv
# %ECSV 1.0
# ---
# delimiter: ','
# meta: !!omap
# - RELEASE: Gaia DR3
# - TABLE: vari_eclipsing_binary
# - DESCRIPTION: >
#     This table describes the properties of the eclipsing binaries resulting from the variability analysis. 
# - CITATION: >
#     How to cite and acknowledge Gaia: 
#     https://gea.esac.esa.int/archive/documentation/credits.html 
# - KNOWN_ISSUES: >
#     Known issues: 
#     https://www.cosmos.esa.int/web/gaia-users/known-issues 
# - DOCUMENTATION: >
#     Tutorials and documentation: 
#     https://www.cosmos.esa.int/web/gaia-users/archive 
# datatype:
# - 
#   name: solution_id
#   datatype: int64
#   description: Solution Identifier
#   meta:
#     ucd: meta.version
# - 
#   name: source_id
#   datatype: int64
#   description: Unique source identifier
#   meta:
#     ucd: meta.id;meta.main
# - 
#   name: global_ranking
#   datatype: float32
#   description: Number between 0 (worst) and 1 (best)
#   meta:
#     ucd: stat.param
# - 
#   name: reference_time
#   datatype: float64
#   unit: d
#   description: Reference time used for the geometric model fit
#   meta:
#     ucd: time.epoch
# - 
#   name: frequency
#   datatype: float64
#   unit: d**-1
#   description: Frequency of geometric model of the eclipsing binary light curve
#   meta:
#     ucd: src.orbital
# - 
#   name: frequency_error
#   datatype: float32
#   unit: d**-1
#   description: "Uncertainty of \\texttt{frequency}"
#   meta:
#     ucd: stat.error
# - 
#   name: geom_model_reference_level
#   datatype: float32
#   unit: mag
#   description: Magnitude reference level of geometric model
#   meta:
#     ucd: phot.mag;em.opt
# - 
#   name: geom_model_reference_level_error
#   datatype: float32
#   unit: mag
#   description: "Uncertainty of \\texttt{geomModelReferenceLevel}"
#   meta:
#     ucd: stat.error;phot.mag;em.opt
# - 
#   name: geom_model_gaussian1_phase
#   datatype: float32
#   description: Phase of the Gaussian 1 component
#   meta:
#     ucd: time.phase
# - 
#   name: geom_model_gaussian1_phase_error
#   datatype: float32
#   description: "Uncertainty of \\texttt{geomModelGaussian1Phase}"
#   meta:
#     ucd: stat.error;time.phase
# - 
#   name: geom_model_gaussian1_sigma
#   datatype: float32
#   description: "Standard deviation [phase] of Gaussian 1 component"
#   meta:
#     ucd: stat.stdev
# - 
#   name: geom_model_gaussian1_sigma_error
#   datatype: float32
#   description: "Uncertainty of \\texttt{geomModelGaussian1Sigma}"
#   meta:
#     ucd: stat.error
# - 
#   name: geom_model_gaussian1_depth
#   datatype: float32
#   unit: mag
#   description: Magnitude depth of Gaussian 1 component
#   meta:
#     ucd: src.var.amplitude
# - 
#   name: geom_model_gaussian1_depth_error
#   datatype: float32
#   unit: mag
#   description: "Uncertainty of \\texttt{geomModelGaussian1Depth}"
#   meta:
#     ucd: stat.error;src.var.amplitude
# - 
#   name: geom_model_gaussian2_phase
#   datatype: float32
#   description: Phase of Gaussian 2 component
#   meta:
#     ucd: time.phase
# - 
#   name: geom_model_gaussian2_phase_error
#   datatype: float32
#   description: "Uncertainty of \\texttt{geomModelGaussian2Phase}"
#   meta:
#     ucd: stat.error;time.phase
# - 
#   name: geom_model_gaussian2_sigma
#   datatype: float32
[...]
#   datatype: float32
#   description: "Secondary eclipse: uncertainty of \\texttt{derivedSecondaryEclDuration}"
#   meta:
#     ucd: stat.error;time.duration
# - 
#   name: derived_secondary_ecl_depth
#   datatype: float32
#   unit: mag
#   description: "Secondary eclipse: depth"
#   meta:
#     ucd: src.var.amplitude
# - 
#   name: derived_secondary_ecl_depth_error
#   datatype: float32
#   unit: mag
#   description: "Secondary eclipse: uncertainty of \\texttt{derivedSecondaryEclDepth}"
#   meta:
#     ucd: stat.error;src.var.amplitude
solution_id,source_id,global_ranking,reference_time,frequency,frequency_error,geom_model_reference_level,geom_model_reference_level_error,geom_model_gaussian1_phase,geom_model_gaussian1_phase_error,geom_model_gaussian1_sigma,geom_model_gaussian1_sigma_error,geom_model_gaussian1_depth,geom_model_gaussian1_depth_error,geom_model_gaussian2_phase,geom_model_gaussian2_phase_error,geom_model_gaussian2_sigma,geom_model_gaussian2_sigma_error,geom_model_gaussian2_depth,geom_model_gaussian2_depth_error,geom_model_cosine_half_period_amplitude,geom_model_cosine_half_period_amplitude_error,geom_model_cosine_half_period_phase,geom_model_cosine_half_period_phase_error,model_type,num_model_parameters,reduced_chi2,derived_primary_ecl_phase,derived_primary_ecl_phase_error,derived_primary_ecl_duration,derived_primary_ecl_duration_error,derived_primary_ecl_depth,derived_primary_ecl_depth_error,derived_secondary_ecl_phase,derived_secondary_ecl_phase_error,derived_secondary_ecl_duration,derived_secondary_ecl_duration_error,derived_secondary_ecl_depth,derived_secondary_ecl_depth_error
[from data line 287]
375316653866487564,5826365854218871808,0.55217856,2202.4307105557386,2.9034332283602313,1.1530098E-5,17.565067,0.008476231,0.30827704,0.0024010376,0.085329525,0.005168528,0.32399774,0.022842607,0.7979907,0.003106511,0.08024163,0.0043508355,0.39312664,0.011013032,null,null,null,null,"TWOGAUSSIANS",8,11.322552,0.7979907,0.003106511,0.4,0.0,0.38697392,0.010454183,0.30827704,0.0024010376,0.4,0.0,0.317845,0.02389317
375316653866487564,5826365892913131264,0.54851234,2194.1582064168338,1.5508014739026799,1.0898916E-5,13.676628,0.001641532,0.28533268,0.0023013244,0.069225855,0.008095555,0.047806308,0.003831735,0.7887362,0.024595276,0.017194511,0.013301402,0.036830653,0.035936695,0.030864952,0.0019770327,0.28533268,0.0023013244,"TWOGAUSSIANS_WITH_ELLIPSOIDAL_ON_ECLIPSE1",9,25.230501,0.28533268,0.0023013244,0.3876648,0.043745767,0.109466694,0.003062614,0.7887362,0.024595276,0.09628927,0.07448786,0.09846281,0.03943321
375316653866487564,5826366339575618304,0.4369737,2192.207281246675,3.4618166559049297,4.8132777E-5,18.555088,0.20655213,0.25556234,0.011850461,0.10625778,0.06110699,0.21790242,0.20146269,0.7550095,0.019079495,0.10677911,0.07205956,0.22978498,0.18784073,null,null,null,null,"TWOGAUSSIANS",8,15.414612,0.7550095,0.019059023,0.4,0.0,0.2014758,0.03095112,0.25556234,0.0118897995,0.4,0.0,0.18959442,0.033499163
375316653866487564,5826367198583194368,0.53120005,2192.657089905911,1.6990969571347432,1.450994E-5,15.753273,0.0040943185,0.2734737,0.0025261766,0.028641863,0.0039658453,0.20660794,0.022445414,0.78015214,0.0060002445,0.033504654,0.0032315967,0.3985625,0.046620265,0.01653104,0.008171129,0.78015214,0.0060002445,"TWOGAUSSIANS_WITH_ELLIPSOIDAL_ON_ECLIPSE2",9,99.08264,0.78015214,0.0060002445,0.18762606,0.01809694,0.43162453,0.046457663,0.27354372,0.0024920907,0.16039443,0.022208735,0.23961242,0.021702137
375316653866487564,5826367301662415104,0.44501802,2206.4352814581807,0.04255207989719594,1.7380118E-5,15.487174,0.001990439,0.31992215,0.008651786,0.041228663,0.003959501,0.09879187,0.021109056,0.7102351,0.002600334,0.013869861,0.003541074,0.097785324,0.015600625,null,null,null,null,"TWOGAUSSIANS",8,18.933542,0.31992215,0.008651786,0.23088053,0.022173207,0.09879187,0.021109056,0.7102351,0.002600334,0.07767122,0.019830015,0.097785324,0.015600625
375316653866487564,5826367920137759488,0.52354866,2186.348111425116,2.6397535296996573,1.0031613E-5,15.30476,0.027787125,0.2514134,0.0029529457,0.10162557,0.012284235,0.19959201,0.025264844,0.75100356,0.0032706298,0.1148041,0.014901083,0.20754814,0.024521913,null,null,null,null,"TWOGAUSSIANS",8,55.443974,0.75100356,0.0032706298,0.4,0.0,0.17946713,0.011722335,0.2514134,0.002955641,0.4,0.0,0.17154035,0.008322611
375316653866487564,5826368401174146944,0.57746994,2195.524788585009,3.630408231542407,6.738106E-6,13.148734,0.0028182091,0.21563639,0.0026911944,0.047306564,0.0041653235,0.07888781,0.006804246,0.7239314,0.0023561043,0.049786393,0.004687544,0.05225884,0.008704165,0.038534902,0.004430033,0.7239314,0.0023561043,"TWOGAUSSIANS_WITH_ELLIPSOIDAL_ON_ECLIPSE2",9,47.21359,0.21685638,0.0022124483,0.26491675,0.023325812,0.15577884,0.0041038585,0.7239314,0.0023561043,0.2788038,0.026250247,0.1293283,0.0048794593
375316653866487564,5826369668147380224,0.63527185,2195.448617769869,2.494515192353389,5.2737955E-6,17.748896,0.011574014,0.2409266,0.0012953263,0.06204767,0.0024409245,0.48099256,0.026533391,0.7440724,0.0014947511,0.052051086,0.0027810372,0.41393262,0.024817392,0.07518835,0.0145814065,0.2409266,0.0012953263,"TWOGAUSSIANS_WITH_ELLIPSOIDAL_ON_ECLIPSE1",9,5.040098,0.2409266,0.0012953263,0.34746695,0.013669177,0.6312258,0.012538627,0.7440724,0.0014947511,0.29148608,0.015573809,0.5641072,0.012059329
375316653866487564,5826370050441700864,0.50712883,2175.5984705379888,1.6286502894218122,1.2743417E-5,19.328602,0.008409629,0.14123781,0.00588778,0.03637815,0.0041226796,0.42929637,0.08198036,0.6450778,0.0037201717,0.036465723,0.003063338,0.5779563,0.04634587,null,null,null,null,"TWOGAUSSIANS",8,5.745576,0.6450778,0.0037201717,0.20420806,0.017154694,0.5779563,0.04634587,0.14123781,0.00588778,0.20371763,0.023087006,0.42929637,0.08198036
375316653866487564,5826370424061737600,0.47434175,2180.3823545268633,1.7760736010097466,3.4124423E-5,18.575338,0.014011146,0.22706866,0.008111435,0.09537255,0.01907503,0.07435069,0.013559917,0.7413914,0.01739803,0.08850166,0.015338852,0.1379753,0.018802665,null,null,null,null,"TWOGAUSSIANS",8,2.1662793,0.7413914,0.01739803,0.4,0.0,0.13400808,0.017326104,0.22706866,0.008111435,0.4,0.0,0.070383295,0.009040187
375316653866487564,5826370497118347008,0.6172223,2169.357198133654,2.5107060339161253,1.0282181E-5,16.601374,0.015518085,0.27407625,0.0071667875,0.051219534,0.006603024,0.12921159,0.046813626,0.76428026,0.001504257,0.050957665,0.0028194452,0.6207257,0.033006072,0.06852314,0.018436689,0.76428026,0.001504257,"TWOGAUSSIANS_WITH_ELLIPSOIDAL_ON_ECLIPSE2",9,30.89988,0.76428026,0.001504257,0.28536293,0.015788892,0.7577675,0.011667005,0.27231625,0.005681517,0.28682938,0.036976933,0.265828,0.025268054
375316653866487564,5826370668903250048,0.60142136,2185.687383781179,1.7239130599803894,7.687866E-6,18.140944,0.0041271923,0.16665477,0.0062113036,0.056880668,0.0071039083,0.0913262,0.007054156,0.6712592,0.0014241631,0.05037463,0.0018376659,0.44011307,0.015794462,null,null,null,null,"TWOGAUSSIANS",8,2.0157669,0.6712592,0.0014241631,0.28209794,0.010290929,0.44010723,0.01579598,0.16665477,0.0062113036,0.31853172,0.039781887,0.091320336,0.0070567722
375316653866487564,5826371081220216320,0.5968276,2192.2523196906845,2.10692798908744,7.4741693E-6,18.88885,0.0054869046,0.22028777,0.009605295,0.057279322,0.006621274,0.10216877,0.010321992,0.7291399,0.0011189281,0.049905106,0.0014401836,0.44528016,0.009101287,null,null,null,null,"TWOGAUSSIANS",8,1.441195,0.7291399,0.0011189281,0.2794686,0.008065028,0.44527507,0.009099374,0.22028777,0.009605295,0.3207642,0.037079137,0.10216368,0.010319922
375316653866487564,5826371837148168448,0.54365915,2187.199856817961,2.7426277388047526,1.1748139E-5,17.26998,0.013238617,0.2274522,0.002175645,0.05276626,0.011108881,0.11157782,0.029602187,0.7139347,0.028290374,0.044075284,0.010688422,0.11358803,0.061083764,0.12609495,0.017967382,0.2274522,0.002175645,"TWOGAUSSIANS_WITH_ELLIPSOIDAL_ON_ECLIPSE1",9,22.377544,0.7173647,0.022815073,0.2468216,0.059855163,0.3644212,0.069090456,0.2274522,0.002175645,0.29549104,0.06220973,0.36376616,0.01290856
375316653866487564,5826371974573440640,0.46619764,2201.394674272181,3.3213835487386856,3.1723528E-5,18.414848,0.085155934,0.24739005,0.009241774,0.11900539,0.019376691,0.25114313,0.07669886,0.77315164,0.008152717,0.150569,0.04373584,0.18663156,0.08288369,null,null,null,null,"TWOGAUSSIANS",8,6.025952,0.24635004,0.008573201,0.4,0.0,0.19054982,0.016338002,0.7734516,0.007860846,0.4,0.0,0.12440468,0.010736795
375316653866487564,5826372077666328064,0.67968976,2173.942433238549,0.18724431545671993,1.3768026E-5,16.067482,0.0022273485,0.31344303,0.0036504038,0.024798747,0.0022571236,0.13957323,0.020171566,0.8095041,2.314475E-4,0.026993047,4.0700193E-4,0.6929989,0.00893438,0.018024052,0.003795957,0.31344303,0.0036504038,"TWOGAUSSIANS_WITH_ELLIPSOIDAL_ON_ECLIPSE1",9,13.769518,0.80951405,2.3052446E-4,0.15116107,0.0022792108,0.729025,0.006839163,0.31344303,0.0036504038,0.13887298,0.012639892,0.17562132,0.018690864
375316653866487564,5826372661784337536,0.4744004,2199.1239026078765,0.04281684151393531,4.047512E-6,16.724655,0.0028755781,0.41545218,3.275572E-4,0.0048398576,5.588884E-4,0.983317,0.67147267,0.83291835,0.004089638,0.021490548,0.010857575,0.038996797,0.019826606,null,null,null,null,"TWOGAUSSIANS",8,15.639249,0.41545218,3.275572E-4,0.027103202,0.0031297754,0.983317,0.67147267,0.83291835,0.004089638,0.12034707,0.06080242,0.038996797,0.019826606
375316653866487564,5826372696141710208,0.63660735,2189.213588588291,0.943368692837016,2.8078173E-6,16.43702,0.0047389814,0.27110773,0.0043961895,0.030757714,0.0048514167,0.06470468,0.01975901,0.7678573,0.0018403733,0.03095589,0.0013976584,0.85332036,0.018745163,0.010932011,0.0090195015,0.7678573,0.0018403733,"TWOGAUSSIANS_WITH_ELLIPSOIDAL_ON_ECLIPSE2",9,28.748087,0.7678573,0.0018403733,0.17335299,0.007826887,0.87518436,0.017146178,0.27102774,0.004294241,0.17224321,0.027167935,0.08655978,0.017060723
375316653866487564,5826372971022020608,0.6267382,2177.735730101117,2.059304013111115,3.110102E-6,17.696102,0.010963724,0.24665026,0.0012161214,0.051219273,0.0040502166,0.2716919,0.02471964,0.7539259,0.0028659492,0.05091161,0.0052022547,0.2482393,0.034449257,0.1385164,0.01570897,0.24665026,0.0012161214,"TWOGAUSSIANS_WITH_ELLIPSOIDAL_ON_ECLIPSE1",9,5.4983363,0.24665026,0.0012161214,0.28682792,0.022681214,0.5487219,0.009531508,0.7539259,0.0028659492,0.28510502,0.029132627,0.52469075,0.027705606
375316653866487564,5826373001063072000,0.44286156,2200.178479146849,0.151412229740663,2.8871062E-5,19.143784,0.009366883,0.22749914,0.0054985774,0.0570134,0.005321673,0.22551934,0.02100149,0.70537925,0.019374503,0.055550326,0.014498867,0.18864621,0.04461627,null,null,null,null,"TWOGAUSSIANS",8,5.719216,0.22749914,0.0054985774,0.31927505,0.02980137,0.22551055,0.021001134,0.70537925,0.019374503,0.31108183,0.081193656,0.18863744,0.04462015
375316653866487564,5826374139238892928,0.5915614,2210.322087777499,1.2399994549737794,8.450156E-6,18.409975,0.0073814276,0.20156099,0.008778175,0.075762995,0.012056938,0.13138507,0.025688428,0.6983966,0.0012714788,0.05743734,0.0018482644,0.38455576,0.008119892,null,null,null,null,"TWOGAUSSIANS",8,2.2001243,0.6983966,0.0012714788,0.3216491,0.01035028,0.38423157,0.00790714,0.20156099,0.008778175,0.4,0.033427287,0.1310609,0.025808666
375316653866487564,5826374242318089216,0.48270974,2178.8795674401345,4.597354147737792,2.9645593E-5,19.393854,0.02542816,0.34576875,0.007099446,0.10319651,0.012205435,0.237996,0.026935529,0.81690705,0.0066701504,0.10034235,0.017309083,0.2146455,0.02091388,null,null,null,null,"TWOGAUSSIANS",8,1.6312302,0.34577873,0.007095301,0.4,0.0,0.2225342,0.016294312,0.81690705,0.0066701504,0.4,0.0,0.19918755,0.014587159
375316653866487564,5826374341074189184,0.54350203,2188.4895567426233,2.821639438358068,1.09259845E-5,15.054428,0.019349203,0.28180704,0.0019260591,0.09872968,0.0075177415,0.25186604,0.016979307,0.7841124,0.0039161206,0.111427255,0.010933804,0.2287855,0.017186418,null,null,null,null,"TWOGAUSSIANS",8,70.73672,0.28180704,0.0019276086,0.4,0.0,0.22445597,0.007398179,0.7841124,0.0039161206,0.4,0.0,0.20135729,0.011017811
375316653866487564,5826374379769352448,0.5649036,2194.6963952034785,2.5896389763151206,1.02001395E-5,18.391233,0.0049049268,0.29814953,0.0025818383,0.03978489,0.00679326,0.13083874,0.02415311,0.7889137,0.0019538554,0.024582481,0.003339178,0.17591625,0.015753211,0.13055226,0.011815504,0.29814953,0.0025818383,"TWOGAUSSIANS_WITH_ELLIPSOIDAL_ON_ECLIPSE1",9,4.685708,0.7895237,0.0017879851,0.13766189,0.018699396,0.4362003,0.011071889,0.29814953,0.0025818383,0.22279538,0.038042255,0.39194316,0.021744043
375316653866487564,5826374963884754432,0.6436852,2179.0086220523576,2.4398371570679203,5.0021004E-6,16.351542,0.007527136,0.21238321,0.0011139348,0.049038116,0.0038287942,0.25327966,0.018736336,0.714333,0.002094255,0.048333727,0.003810608,0.23339477,0.024111088,0.14709702,0.01238798,0.21238321,0.0011139348,"TWOGAUSSIANS_WITH_ELLIPSOIDAL_ON_ECLIPSE1",9,19.02117,0.21238321,0.0011139348,0.27461344,0.021441247,0.5474727,0.0146697685,0.714333,0.002094255,0.2706689,0.021339405,0.5275437,0.019429311
375316653866487564,5826375513628620160,0.47913513,2165.203184655536,4.138160258343954,2.7258042E-5,19.62149,0.04057554,0.2901758,0.006637893,0.068020664,0.008812968,0.84167093,0.09267152,0.787837,0.0063493326,0.08100914,0.009870424,0.60950196,0.056646213,null,null,null,null,"TWOGAUSSIANS",8,12.646287,0.2901758,0.006637893,0.38091573,0.04642531,0.83688605,0.09342046,0.787837,0.0063493326,0.4,0.0,0.6047171,0.055554945
375316653866487564,5826375547988344704,0.50661796,2201.686435686091,3.7069766580301464,1.5213274E-5,19.4817,0.010191949,0.27137765,0.011196136,0.08577044,0.011132397,0.23479357,0.031088112,0.7759068,0.0032797589,0.08160112,0.0064156726,0.2027221,0.011569182,null,null,null,null,"TWOGAUSSIANS",8,1.3018719,0.27137765,0.011196136,0.4,0.0,0.23014566,0.032977242,0.7759068,0.0032797589,0.4,0.0,0.19807422,0.010532334
375316653866487564,5826375960305131136,0.4941617,2184.6748084713818,0.43419188567708944,6.6296154E-5,19.412823,0.005618898,0.1560258,0.034590058,0.016669765,0.06589055,0.3835221,0.41696876,0.6516228,0.0058382973,0.023702994,0.005967036,0.42226207,0.08154068,null,null,null,null,"TWOGAUSSIANS",8,2.894823,0.6516228,0.0058382973,0.13273676,0.0334154,0.42226207,0.08154068,0.1560258,0.034590058,0.093350686,0.30383998,0.3835221,0.41696942
375316653866487564,5826376162137874816,0.5559255,2194.663705340957,2.522052734762039,7.4782906E-6,17.74921,0.009481808,0.24109754,0.0016512508,0.060460433,0.0061591608,0.15749593,0.021526515,0.7474435,0.0052836495,0.04752206,0.009035943,0.13736758,0.019341081,0.08455408,0.012337442,0.24109754,0.0016512508,"TWOGAUSSIANS_WITH_ELLIPSOIDAL_ON_ECLIPSE1",9,6.1244426,0.24109754,0.0016512508,0.33857843,0.0344913,0.32657346,0.011909968,0.7474435,0.0052836495,0.26612353,0.050601285,0.3061764,0.0072237407
375316653866487564,5826378056261535232,0.5610263,2173.2100068195623,2.1801632415777297,1.0068313E-5,16.09459,0.0056972513,0.22923753,0.0026428306,0.04079471,0.005363913,0.11367938,0.0153461015,0.7200094,0.009354319,0.0394166,0.00808052,0.09590771,0.034122925,0.08798698,0.008220125,0.22923753,0.0026428306,"TWOGAUSSIANS_WITH_ELLIPSOIDAL_ON_ECLIPSE1",9,42.694088,0.22923753,0.0026428306,0.22845039,0.030037913,0.28965294,0.011593984,0.7216994,0.008263003,0.22073297,0.04525091,0.2713987,0.028410096
375316653866487564,5826378056261541888,0.46317756,2201.7073910603635,3.3975623403042157,2.3695577E-5,16.796371,0.17346737,0.15813906,0.0021809936,0.020700281,0.0038627833,0.071684666,0.02305666,0.6057091,0.012399874,0.2259902,0.11830931,0.18501718,0.16392325,null,null,null,null,"TWOGAUSSIANS",8,30.267849,0.6057091,0.012399874,0.4,0.0,0.15241581,0.013096152,0.15890907,0.0021039927,0.11592158,0.021631585,0.07446768,0.02326744
375316653866487564,5826379014012926592,0.42637604,2179.4357963854018,2.8891104850294913,9.096962E-5,18.528912,0.05114888,0.28388244,0.011645407,0.08893311,0.026848251,0.13822185,0.05119953,0.7927287,0.024002763,0.09613286,0.06359659,0.12742938,0.04972746,null,null,null,null,"TWOGAUSSIANS",8,9.4611435,0.28388244,0.011624806,0.4,0.0,0.13218132,0.02454322,0.7927287,0.024002763,0.4,0.0,0.12138852,0.022676276
375316653866487564,5826379430650818304,0.59221953,2161.7487239892002,0.738988205677911,1.14978775E-5,15.410083,0.0018637396,0.19205359,0.006583649,0.018363962,0.0067414776,0.03173539,0.08897382,0.6945916,0.0011748219,0.027482105,0.0019631665,0.17503303,0.008392079,0.019765133,0.0021911208,0.19205359,0.006583649,"TWOGAUSSIANS_WITH_ELLIPSOIDAL_ON_ECLIPSE1",9,14.177934,0.6945916,0.0011748219,0.15389979,0.010993732,0.21455324,0.0068038167,0.19205359,0.006583649,0.10283818,0.037752274,0.07126564,0.08930921
375316653866487564,5826380289644451584,0.6470639,2194.017195603364,1.434135621187019,5.15574E-6,13.16687,0.0042836503,0.21535198,0.001316667,0.09822884,0.00404943,0.17811704,0.008535343,0.7110854,0.0030630643,0.08273542,0.003032648,0.34991214,0.007013922,null,null,null,null,"TWOGAUSSIANS",8,48.25499,0.7110854,0.0030630643,0.4,0.0,0.3400852,0.007115028,0.21535198,0.001316667,0.4,0.0,0.16828927,0.009339745
