Gaia/vari_eclipsing_binary/VariEclipsingBinary_673835-673873.csv
# %ECSV 1.0
# ---
# delimiter: ','
# meta: !!omap
# - RELEASE: Gaia DR3
# - TABLE: vari_eclipsing_binary
# - DESCRIPTION: >
#     This table describes the properties of the eclipsing binaries resulting from the variability analysis. 
# - CITATION: >
#     How to cite and acknowledge Gaia: 
#     https://gea.esac.esa.int/archive/documentation/credits.html 
# - KNOWN_ISSUES: >
#     Known issues: 
#     https://www.cosmos.esa.int/web/gaia-users/known-issues 
# - DOCUMENTATION: >
#     Tutorials and documentation: 
#     https://www.cosmos.esa.int/web/gaia-users/archive 
# datatype:
# - 
#   name: solution_id
#   datatype: int64
#   description: Solution Identifier
#   meta:
#     ucd: meta.version
# - 
#   name: source_id
#   datatype: int64
#   description: Unique source identifier
#   meta:
#     ucd: meta.id;meta.main
# - 
#   name: global_ranking
#   datatype: float32
#   description: Number between 0 (worst) and 1 (best)
#   meta:
#     ucd: stat.param
# - 
#   name: reference_time
#   datatype: float64
#   unit: d
#   description: Reference time used for the geometric model fit
#   meta:
#     ucd: time.epoch
# - 
#   name: frequency
#   datatype: float64
#   unit: d**-1
#   description: Frequency of geometric model of the eclipsing binary light curve
#   meta:
#     ucd: src.orbital
# - 
#   name: frequency_error
#   datatype: float32
#   unit: d**-1
#   description: "Uncertainty of \\texttt{frequency}"
#   meta:
#     ucd: stat.error
# - 
#   name: geom_model_reference_level
#   datatype: float32
#   unit: mag
#   description: Magnitude reference level of geometric model
#   meta:
#     ucd: phot.mag;em.opt
# - 
#   name: geom_model_reference_level_error
#   datatype: float32
#   unit: mag
#   description: "Uncertainty of \\texttt{geomModelReferenceLevel}"
#   meta:
#     ucd: stat.error;phot.mag;em.opt
# - 
#   name: geom_model_gaussian1_phase
#   datatype: float32
#   description: Phase of the Gaussian 1 component
#   meta:
#     ucd: time.phase
# - 
#   name: geom_model_gaussian1_phase_error
#   datatype: float32
#   description: "Uncertainty of \\texttt{geomModelGaussian1Phase}"
#   meta:
#     ucd: stat.error;time.phase
# - 
#   name: geom_model_gaussian1_sigma
#   datatype: float32
#   description: "Standard deviation [phase] of Gaussian 1 component"
#   meta:
#     ucd: stat.stdev
# - 
#   name: geom_model_gaussian1_sigma_error
#   datatype: float32
#   description: "Uncertainty of \\texttt{geomModelGaussian1Sigma}"
#   meta:
#     ucd: stat.error
# - 
#   name: geom_model_gaussian1_depth
#   datatype: float32
#   unit: mag
#   description: Magnitude depth of Gaussian 1 component
#   meta:
#     ucd: src.var.amplitude
# - 
#   name: geom_model_gaussian1_depth_error
#   datatype: float32
#   unit: mag
#   description: "Uncertainty of \\texttt{geomModelGaussian1Depth}"
#   meta:
#     ucd: stat.error;src.var.amplitude
# - 
#   name: geom_model_gaussian2_phase
#   datatype: float32
#   description: Phase of Gaussian 2 component
#   meta:
#     ucd: time.phase
# - 
#   name: geom_model_gaussian2_phase_error
#   datatype: float32
#   description: "Uncertainty of \\texttt{geomModelGaussian2Phase}"
#   meta:
#     ucd: stat.error;time.phase
# - 
#   name: geom_model_gaussian2_sigma
#   datatype: float32
[...]
#   datatype: float32
#   description: "Secondary eclipse: uncertainty of \\texttt{derivedSecondaryEclDuration}"
#   meta:
#     ucd: stat.error;time.duration
# - 
#   name: derived_secondary_ecl_depth
#   datatype: float32
#   unit: mag
#   description: "Secondary eclipse: depth"
#   meta:
#     ucd: src.var.amplitude
# - 
#   name: derived_secondary_ecl_depth_error
#   datatype: float32
#   unit: mag
#   description: "Secondary eclipse: uncertainty of \\texttt{derivedSecondaryEclDepth}"
#   meta:
#     ucd: stat.error;src.var.amplitude
solution_id,source_id,global_ranking,reference_time,frequency,frequency_error,geom_model_reference_level,geom_model_reference_level_error,geom_model_gaussian1_phase,geom_model_gaussian1_phase_error,geom_model_gaussian1_sigma,geom_model_gaussian1_sigma_error,geom_model_gaussian1_depth,geom_model_gaussian1_depth_error,geom_model_gaussian2_phase,geom_model_gaussian2_phase_error,geom_model_gaussian2_sigma,geom_model_gaussian2_sigma_error,geom_model_gaussian2_depth,geom_model_gaussian2_depth_error,geom_model_cosine_half_period_amplitude,geom_model_cosine_half_period_amplitude_error,geom_model_cosine_half_period_phase,geom_model_cosine_half_period_phase_error,model_type,num_model_parameters,reduced_chi2,derived_primary_ecl_phase,derived_primary_ecl_phase_error,derived_primary_ecl_duration,derived_primary_ecl_duration_error,derived_primary_ecl_depth,derived_primary_ecl_depth_error,derived_secondary_ecl_phase,derived_secondary_ecl_phase_error,derived_secondary_ecl_duration,derived_secondary_ecl_duration_error,derived_secondary_ecl_depth,derived_secondary_ecl_depth_error
375316653866487564,5927115792607282048,0.48357013,2246.551713214445,2.1404864468685716,4.697985E-5,19.908915,0.021894393,0.20731534,0.009382977,0.06285858,0.014512667,0.40741253,0.06060711,0.7439297,0.01363586,0.06743969,0.01147408,0.19514018,0.03776242,null,null,null,null,"TWOGAUSSIANS",8,2.2665281,0.20731534,0.009382977,0.35200807,0.08121866,0.40729764,0.060818873,0.7439297,0.01363586,0.37766227,0.060545906,0.1950253,0.03755672
375316653866487564,5927115792607302656,0.48577806,2199.164370296098,2.7333166635468764,4.7311332E-5,18.849184,0.003450772,0.15703548,0.009581385,0.020932013,0.0075557926,0.091270305,0.064220786,0.5011405,0.0054184343,0.01761933,0.00145688,0.3393801,0.086355254,null,null,null,null,"TWOGAUSSIANS",8,2.4220254,0.5011405,0.0054184343,0.09866825,0.008158528,0.3393801,0.086355254,0.15703548,0.009581385,0.11721927,0.04231244,0.091270305,0.064220786
375316653866487564,5927116411082874752,0.5491629,2202.9314985642,3.6403548750705608,1.2854285E-5,18.948261,0.01485485,0.21388508,0.0058449307,0.06994065,0.0070845005,0.4059191,0.018721482,0.708529,0.0044649537,0.08150707,0.005890401,0.44595847,0.019124692,null,null,null,null,"TWOGAUSSIANS",8,2.8564854,0.708529,0.0044649537,0.4,0.0,0.44270486,0.01813818,0.21388508,0.0058449307,0.3916676,0.024141572,0.4026655,0.018340379
375316653866487564,5927116853451168384,0.5777633,2216.0208658775155,1.8306161530147322,5.4369466E-6,16.842697,0.009181876,0.1941344,0.0028430403,0.036335398,0.0029835398,0.592505,0.07914376,0.6859219,0.0023061552,0.042515554,0.0027144663,0.5526757,0.062328737,0.12014583,0.013570876,0.1941344,0.0028430403,"TWOGAUSSIANS_WITH_ELLIPSOIDAL_ON_ECLIPSE1",9,34.49418,0.1941344,0.0028430403,0.20347823,0.016707823,0.8327963,0.08222429,0.6864019,0.0022013867,0.2380871,0.015201011,0.7923651,0.06824398
375316653866487564,5927117132637517824,0.4777056,2197.736781497136,2.881317977032729,2.156156E-5,18.646427,0.0048665367,0.22887717,0.016672986,0.028456071,0.0074514556,0.043774486,0.013400966,0.7649432,0.0057278383,0.055182654,0.010198098,0.07109219,0.01601372,0.063846216,0.008521651,0.7649432,0.0057278383,"TWOGAUSSIANS_WITH_ELLIPSOIDAL_ON_ECLIPSE2",9,4.659224,0.7649432,0.0057278383,0.30902287,0.05710935,0.19878213,0.01422862,0.23452717,0.013199254,0.159354,0.04172815,0.16600284,0.012811378
375316653866487564,5927117746817029632,0.54899925,2221.8128858895066,3.3123079567845264,8.131482E-6,18.40221,0.009479653,0.1710951,0.003573572,0.08525802,0.0052152006,0.282038,0.012684988,0.66961604,0.0024675468,0.07862491,0.005934366,0.30721298,0.01475718,null,null,null,null,"TWOGAUSSIANS",8,3.0966702,0.66961604,0.0024675468,0.4,0.0,0.30177584,0.016113529,0.1710951,0.003573572,0.4,0.0,0.27660084,0.011897241
375316653866487564,5927118026007540096,0.54383266,2196.0631059921557,0.2219670000601499,7.3652773E-6,13.134109,0.0013464266,0.30638814,0.0015711321,0.017311102,0.002550517,0.2312259,0.1245518,null,null,null,null,null,null,0.021062477,0.0025006281,0.30638814,0.0015711321,"ONEGAUSSIAN_WITH_ELLIPSOIDAL",6,33.749397,0.30638814,0.0015711321,0.09694217,0.014282894,0.2733508,0.12626486,null,null,null,null,null,null
375316653866487564,5927119194239042048,0.6203357,2231.148864560712,2.824192859611726,3.997638E-6,16.614513,0.008108706,0.26159993,0.002356356,0.03615117,0.0040336675,0.26449454,0.024231577,0.7611219,0.0023242706,0.04676454,0.003058206,0.31396118,0.021414937,0.14252424,0.012129188,0.26159993,0.002356356,"TWOGAUSSIANS_WITH_ELLIPSOIDAL_ON_ECLIPSE1",9,18.633251,0.76118195,0.0019265896,0.2618814,0.017125953,0.5990071,0.019583652,0.26159993,0.002356356,0.20244655,0.022588538,0.5495427,0.019215472
375316653866487564,5927119980201402496,0.56593066,2198.554249775004,2.4492347803477257,5.2744394E-6,19.065145,0.009724333,0.22358139,0.0015457667,0.0730694,0.0028499868,0.5640028,0.01525295,0.72823006,0.0013462099,0.074256174,0.0020750854,0.4858677,0.010429516,null,null,null,null,"TWOGAUSSIANS",8,2.2721148,0.22358139,0.0015457667,0.4,0.0,0.56104004,0.015409926,0.72823006,0.0013462099,0.4,0.0,0.4829049,0.009870122
375316653866487564,5927120083266605184,0.597441,2195.04541307634,2.9512339637529927,8.601469E-6,17.827759,0.011382661,0.25027335,0.0019881113,0.047809057,0.008838396,0.19046515,0.023779148,0.7524241,0.008392613,0.047765195,0.010665233,0.19048917,0.02692591,0.13572893,0.0136232255,0.25027335,0.0019881113,"TWOGAUSSIANS_WITH_ELLIPSOIDAL_ON_ECLIPSE1",9,6.908419,0.25027335,0.0019881113,0.2677307,0.049495015,0.46192208,0.012685183,0.7524241,0.008043398,0.2674851,0.059725303,0.4618965,0.021574339
375316653866487564,5927120225030928256,0.5206887,2162.826134784223,2.92569084817054,1.051493E-5,17.371689,0.018175995,0.6874993,0.0045849634,0.063177735,0.0070758425,0.68790877,0.08807968,null,null,null,null,null,null,0.103024766,0.04096826,0.6874993,0.0045849634,"ONEGAUSSIAN_WITH_ELLIPSOIDAL",6,120.084984,0.6874993,0.0045849634,0.35379532,0.039624717,0.8936931,0.0814508,null,null,null,null,null,null
375316653866487564,5927121771219248256,0.49462292,2192.6916473909077,1.131208292887852,4.728813E-6,18.66077,0.012535369,0.2530668,0.020712255,0.009672111,0.015604227,5.015457,76.54884,0.7140502,0.0017515495,0.027756011,0.0026453282,0.6301691,0.059435662,null,null,null,null,"TWOGAUSSIANS",8,20.929098,0.2530668,0.020712255,0.05416382,0.08738367,5.015457,76.54884,0.7140502,0.0017515495,0.15543365,0.014813838,0.6301691,0.059435662
375316653866487564,5927122630196425472,0.47026008,2209.793323585246,3.42882721935936,3.463789E-5,19.726912,0.00595012,null,null,null,null,null,null,null,null,null,null,null,null,0.09929448,0.0077829044,0.20946036,0.008382799,"ELLIPSOIDAL",4,1.9049947,null,null,null,null,null,null,null,null,null,null,null,null
375316653866487564,5927122939434245376,0.47871438,2167.062560169265,3.2173142155973724,2.9136767E-5,15.874279,0.45115778,0.30075157,0.0068313405,0.15892301,0.07159263,0.32941094,0.42868692,0.80377215,0.006789206,0.15511335,0.0463656,0.35159534,0.40183708,null,null,null,null,"TWOGAUSSIANS",8,66.63796,0.80415213,0.007017032,0.4,0.0,0.16777104,0.015688432,0.3003516,0.006669569,0.4,0.0,0.14481308,0.013462543
375316653866487564,5927123965919124864,0.4842182,2173.728441312251,3.7489092621379165,2.7935812E-5,18.53633,0.012787163,0.19270584,0.010181377,0.087592535,0.02413887,0.16325635,0.0145723,0.69039536,0.0077078505,0.06649001,0.013189808,0.19614282,0.019690387,null,null,null,null,"TWOGAUSSIANS",8,4.9540124,0.69039536,0.0077078505,0.37234405,0.065173164,0.19442381,0.019442176,0.19270584,0.010181377,0.4,0.0019404459,0.1615373,0.015345134
375316653866487564,5927124554358883328,0.49350753,2242.1232504963427,2.0052668005544176,1.5447196E-4,17.18692,0.0120057985,0.13245793,0.015913205,0.038207773,0.018024541,0.1382498,0.036158442,0.6496203,0.009227102,0.038244005,0.009395101,0.533821,0.29353166,null,null,null,null,"TWOGAUSSIANS",8,66.66187,0.6496203,0.009227102,0.21416642,0.052612565,0.533821,0.29353166,0.13245793,0.015913205,0.21396352,0.10093743,0.1382498,0.036158457
375316653866487564,5927125963108184448,0.54641765,2194.8201340148025,2.1753520003462588,8.774123E-6,15.653239,0.70625216,0.1983875,0.004384249,0.16128263,0.03684453,0.9952965,0.55754375,0.70000553,0.00327498,0.21917239,0.08195066,1.0139685,0.6886951,null,null,null,null,"TWOGAUSSIANS",8,27.668722,0.1975375,0.0036455332,0.4,0.0,0.31940868,0.012730224,0.7005656,0.0038954993,0.4,0.0,0.20412482,0.015232685
375316653866487564,5927126959541273088,0.6626263,2245.454296110513,1.0442915505809076,2.7937008E-6,17.222193,0.00309364,0.24615592,0.005829098,0.05711418,0.006423226,0.11943933,0.0069861626,0.7492486,8.2584977E-4,0.04761258,7.3168415E-4,0.67837113,0.0058079553,null,null,null,null,"TWOGAUSSIANS",8,5.1212454,0.7492486,8.2584977E-4,0.26663047,0.0040974314,0.6783661,0.005806142,0.24615592,0.005829098,0.31983942,0.035970066,0.11943433,0.006987669
375316653866487564,5927129192911230464,0.5304041,2206.6275115942813,3.2165914981211805,3.407744E-5,19.872044,0.018121902,0.263937,0.01349023,0.08226027,0.014045671,0.4402548,0.08056387,0.7597714,0.002825384,0.05691765,0.0036447947,0.68203527,0.027904686,null,null,null,null,"TWOGAUSSIANS",8,1.8002272,0.7597714,0.002825384,0.31873885,0.02041085,0.6805797,0.027830683,0.263937,0.01349023,0.4,0.0034359442,0.4387993,0.08136448
375316653866487564,5927129811398942592,0.5952883,2225.366259061531,3.2870794749732024,7.571938E-6,17.420822,0.008012725,0.24858229,0.0015878357,0.049305826,0.0043332637,0.18889576,0.019538242,0.7524813,0.008539165,0.052728586,0.006865509,0.116282016,0.023408372,0.09331478,0.012178303,0.24858229,0.0015878357,"TWOGAUSSIANS_WITH_ELLIPSOIDAL_ON_ECLIPSE1",9,7.9545403,0.24858229,0.0015878357,0.27611262,0.024266277,0.3755237,0.008155189,0.7524813,0.008539165,0.29528007,0.03844685,0.30279797,0.012629297
375316653866487564,5927130322470645760,0.55264765,2200.7096116601365,3.0041063033579842,1.669347E-5,16.205952,0.006196545,0.28711483,0.01987578,0.057698295,0.009646422,0.04982415,0.01634058,0.7386702,0.002380142,0.044766534,0.008908667,0.069050565,0.014894313,0.086589746,0.0089493245,0.7386702,0.002380142,"TWOGAUSSIANS_WITH_ELLIPSOIDAL_ON_ECLIPSE2",9,20.93618,0.7386702,0.002380142,0.2506926,0.049888533,0.24222928,0.006581123,0.2631348,0.010902778,0.32311046,0.05401996,0.21482047,0.009460404
375316653866487564,5927131460667077504,0.49436426,2238.1582944528623,0.4643931389589986,2.9642026E-5,15.82139,0.0014521827,0.15017208,0.007029104,0.025372347,0.002834335,0.13485444,0.027230473,0.6641715,0.0063569713,0.033960044,0.014806753,0.05090442,0.025626676,null,null,null,null,"TWOGAUSSIANS",8,7.6547155,0.15017208,0.007029104,0.14208513,0.015872275,0.13485444,0.027230473,0.6641715,0.0063569713,0.19017625,0.08291782,0.05090442,0.025626676
375316653866487564,5927131495016980608,0.4645485,2180.833918890334,1.6362826438939617,4.8961258E-5,19.148197,0.018495236,0.20444633,0.014053926,0.093463406,0.016779024,0.18076578,0.019163921,0.7060251,0.008266786,0.0800876,0.017699802,0.23287521,0.026357058,null,null,null,null,"TWOGAUSSIANS",8,4.17883,0.7060251,0.008266786,0.4,0.0,0.2266716,0.032059066,0.20444633,0.014053926,0.4,0.0,0.17456195,0.014095167
375316653866487564,5927131735535204096,0.5310217,2205.7006400030164,3.6973314020613532,1.4482306E-5,19.847746,0.01375913,0.27719098,0.0062083323,0.072829954,0.006547665,0.4990325,0.025648965,0.7843252,0.0050907936,0.07421499,0.0050683226,0.6246833,0.0673733,null,null,null,null,"TWOGAUSSIANS",8,1.8963914,0.7843252,0.0050907936,0.4,0.0,0.6217633,0.068430655,0.27719098,0.0062083323,0.4,0.008083517,0.49611247,0.025639078
375316653866487564,5927131971735112704,0.58969176,2226.761482224166,2.808864725597751,9.74631E-6,17.450455,0.028386055,0.25787953,0.0030313516,0.050275132,0.006475474,0.47692567,0.05912457,0.75806475,0.0015898444,0.055202354,0.0048533813,0.5589622,0.050491877,0.09827968,0.03224591,0.25787953,0.0030313516,"TWOGAUSSIANS_WITH_ELLIPSOIDAL_ON_ECLIPSE1",9,18.974901,0.75806475,0.0015385702,0.30913317,0.027178936,0.7554994,0.026845194,0.25787953,0.0030313516,0.28154072,0.036262657,0.6734631,0.01244267
375316653866487564,5927132182220940544,0.5362592,2223.164538312514,2.7028094859975447,2.0743653E-5,16.447851,0.01775713,0.19640176,0.005353127,0.09862165,0.008214771,0.36880586,0.024446698,0.6986996,0.0021971588,0.099659,0.0053837034,0.35512733,0.016992528,null,null,null,null,"TWOGAUSSIANS",8,46.455963,0.19640176,0.005353127,0.4,0.0,0.33956543,0.02496433,0.6986996,0.0021971588,0.4,0.0,0.32588643,0.010645159
375316653866487564,5927133728398102016,0.5211851,2179.488473821891,3.7403607943754302,1.198026E-5,18.877203,0.019414436,0.20755292,0.005373536,0.08729062,0.015038821,0.2766522,0.023730336,0.7170709,0.0033853655,0.08154637,0.008112997,0.27804393,0.018224468,null,null,null,null,"TWOGAUSSIANS",8,3.2963278,0.7170709,0.0033853655,0.4,0.0,0.27220732,0.012932295,0.20755292,0.005373536,0.4,0.0,0.27081555,0.02874603
375316653866487564,5927134720514240512,0.6016294,2230.1549841203773,2.04492376714969,4.4264266E-6,17.539942,0.008542171,0.25672153,0.0017210668,0.10170874,0.004368188,0.24621737,0.008060704,0.7565902,0.0026796728,0.08611282,0.0038445354,0.30602455,0.010932838,null,null,null,null,"TWOGAUSSIANS",8,1.7677419,0.7565902,0.0026796728,0.4,0.0,0.2904253,0.009444708,0.25672153,0.0017210668,0.4,0.0,0.23061538,0.0044373744
375316653866487564,5927134930990900992,0.46520835,2219.9682350126873,0.1540527817232638,2.4836916E-5,19.1334,0.0039322777,0.5010783,0.0030379952,0.02679465,0.007758571,0.7848203,2.5597167,0.8450193,0.014103218,0.012640725,0.005274111,0.57965505,0.5679292,null,null,null,null,"TWOGAUSSIANS",8,1.7598339,0.5010783,0.0030379952,0.15005003,0.043447997,0.7848203,2.5597167,0.8450193,0.014103218,0.07078806,0.029535022,0.57965505,0.5679292
375316653866487564,5927135824353871488,0.63735104,2185.533733935196,0.8582253137687937,2.9720034E-6,16.106712,0.0015114171,0.2168917,0.0042149965,0.024700975,0.0073299445,0.058243714,0.009176788,0.71402013,3.695093E-4,0.032289557,7.658961E-4,0.27172184,0.0061289035,0.021831306,0.0022698683,0.2168917,0.0042149965,"TWOGAUSSIANS_WITH_ELLIPSOIDAL_ON_ECLIPSE1",9,5.1685834,0.7140601,3.556515E-4,0.18082152,0.0042890185,0.3153704,0.005970364,0.2168917,0.0042149965,0.13832547,0.04104769,0.101906314,0.008626349
375316653866487564,5927136129276958080,0.51141506,2176.3604041398835,2.8387082639236403,5.242667E-5,18.213797,0.007776605,0.24827205,0.0066166758,0.05011937,0.0135791,0.09056985,0.022406917,0.8040222,0.021050008,0.013838791,0.0068744468,0.16621694,0.19333169,0.113558754,0.01345774,0.24827205,0.0066166758,"TWOGAUSSIANS_WITH_ELLIPSOIDAL_ON_ECLIPSE1",9,18.407722,0.8040222,0.021050008,0.07749723,0.0384969,0.3665872,0.18279226,0.24827205,0.0066166758,0.2806685,0.076042965,0.31768656,0.024924288
375316653866487564,5927136271030083456,0.5798255,2195.2204464941406,1.993901804864878,1.1964773E-5,17.970451,0.010750043,0.2606629,0.0041177096,0.114261456,0.0116655575,0.12567885,0.009800335,0.7538035,0.0035239137,0.08398091,0.005903729,0.25929412,0.011243534,null,null,null,null,"TWOGAUSSIANS",8,2.187649,0.7538035,0.0035239137,0.4,0.0,0.24675012,0.006962113,0.2606629,0.0041177096,0.4,0.0,0.11311683,0.005408907
375316653866487564,5927137434934246016,0.5475473,2224.824134300281,1.6955815827616565,1.0623676E-5,18.051088,0.013778121,0.17380553,0.004488479,0.08577378,0.0063971635,0.27318355,0.013748357,0.67580473,0.0058131153,0.09732998,0.010293188,0.23266494,0.013547676,null,null,null,null,"TWOGAUSSIANS",8,3.1729176,0.17380553,0.004488479,0.4,0.0,0.26152426,0.008306131,0.67580473,0.0058131153,0.4,0.0,0.2210048,0.011609566
375316653866487564,5927138087771678592,0.47421774,2222.500246369319,2.8117469726658273,3.071579E-5,17.498596,0.0026707982,null,null,null,null,null,null,null,null,null,null,null,null,0.04815329,0.003255626,0.2867715,0.006363051,"ELLIPSOIDAL",4,7.0340853,null,null,null,null,null,null,null,null,null,null,null,null
375316653866487564,5927138366964908544,0.44942445,2272.423329028212,3.3370946342557715,5.6446497E-5,19.240143,0.21394211,0.17978111,0.024867048,0.12859671,0.06835567,0.2830405,0.20546025,0.7024263,0.01765262,0.10544586,0.04061784,0.37069178,0.21285184,null,null,null,null,"TWOGAUSSIANS",8,7.6778502,0.7026063,0.016817512,0.4,0.0,0.31884345,0.039388906,0.17975111,0.024788426,0.4,0.0,0.23084497,0.033844776
375316653866487564,5927138568805026304,0.48405695,2229.2099309266746,3.015880014383905,3.8082737E-5,16.904264,0.02657278,0.3207447,0.009050236,0.10471829,0.019118758,0.19937931,0.024916703,0.8269198,0.00722648,0.10216474,0.014357337,0.20494023,0.026660545,null,null,null,null,"TWOGAUSSIANS",8,38.28857,0.8269198,0.0072288224,0.4,0.0,0.18468396,0.012951839,0.3207447,0.009053488,0.4,0.0,0.1791211,0.016466377
