Gaia/vari_eclipsing_binary/VariEclipsingBinary_465153-465165.csv
# %ECSV 1.0
# ---
# delimiter: ','
# meta: !!omap
# - RELEASE: Gaia DR3
# - TABLE: vari_eclipsing_binary
# - DESCRIPTION: >
#     This table describes the properties of the eclipsing binaries resulting from the variability analysis. 
# - CITATION: >
#     How to cite and acknowledge Gaia: 
#     https://gea.esac.esa.int/archive/documentation/credits.html 
# - KNOWN_ISSUES: >
#     Known issues: 
#     https://www.cosmos.esa.int/web/gaia-users/known-issues 
# - DOCUMENTATION: >
#     Tutorials and documentation: 
#     https://www.cosmos.esa.int/web/gaia-users/archive 
# datatype:
# - 
#   name: solution_id
#   datatype: int64
#   description: Solution Identifier
#   meta:
#     ucd: meta.version
# - 
#   name: source_id
#   datatype: int64
#   description: Unique source identifier
#   meta:
#     ucd: meta.id;meta.main
# - 
#   name: global_ranking
#   datatype: float32
#   description: Number between 0 (worst) and 1 (best)
#   meta:
#     ucd: stat.param
# - 
#   name: reference_time
#   datatype: float64
#   unit: d
#   description: Reference time used for the geometric model fit
#   meta:
#     ucd: time.epoch
# - 
#   name: frequency
#   datatype: float64
#   unit: d**-1
#   description: Frequency of geometric model of the eclipsing binary light curve
#   meta:
#     ucd: src.orbital
# - 
#   name: frequency_error
#   datatype: float32
#   unit: d**-1
#   description: "Uncertainty of \\texttt{frequency}"
#   meta:
#     ucd: stat.error
# - 
#   name: geom_model_reference_level
#   datatype: float32
#   unit: mag
#   description: Magnitude reference level of geometric model
#   meta:
#     ucd: phot.mag;em.opt
# - 
#   name: geom_model_reference_level_error
#   datatype: float32
#   unit: mag
#   description: "Uncertainty of \\texttt{geomModelReferenceLevel}"
#   meta:
#     ucd: stat.error;phot.mag;em.opt
# - 
#   name: geom_model_gaussian1_phase
#   datatype: float32
#   description: Phase of the Gaussian 1 component
#   meta:
#     ucd: time.phase
# - 
#   name: geom_model_gaussian1_phase_error
#   datatype: float32
#   description: "Uncertainty of \\texttt{geomModelGaussian1Phase}"
#   meta:
#     ucd: stat.error;time.phase
# - 
#   name: geom_model_gaussian1_sigma
#   datatype: float32
#   description: "Standard deviation [phase] of Gaussian 1 component"
#   meta:
#     ucd: stat.stdev
# - 
#   name: geom_model_gaussian1_sigma_error
#   datatype: float32
#   description: "Uncertainty of \\texttt{geomModelGaussian1Sigma}"
#   meta:
#     ucd: stat.error
# - 
#   name: geom_model_gaussian1_depth
#   datatype: float32
#   unit: mag
#   description: Magnitude depth of Gaussian 1 component
#   meta:
#     ucd: src.var.amplitude
# - 
#   name: geom_model_gaussian1_depth_error
#   datatype: float32
#   unit: mag
#   description: "Uncertainty of \\texttt{geomModelGaussian1Depth}"
#   meta:
#     ucd: stat.error;src.var.amplitude
# - 
#   name: geom_model_gaussian2_phase
#   datatype: float32
#   description: Phase of Gaussian 2 component
#   meta:
#     ucd: time.phase
# - 
#   name: geom_model_gaussian2_phase_error
#   datatype: float32
#   description: "Uncertainty of \\texttt{geomModelGaussian2Phase}"
#   meta:
#     ucd: stat.error;time.phase
# - 
#   name: geom_model_gaussian2_sigma
#   datatype: float32
[...]
#   datatype: float32
#   description: "Secondary eclipse: uncertainty of \\texttt{derivedSecondaryEclDuration}"
#   meta:
#     ucd: stat.error;time.duration
# - 
#   name: derived_secondary_ecl_depth
#   datatype: float32
#   unit: mag
#   description: "Secondary eclipse: depth"
#   meta:
#     ucd: src.var.amplitude
# - 
#   name: derived_secondary_ecl_depth_error
#   datatype: float32
#   unit: mag
#   description: "Secondary eclipse: uncertainty of \\texttt{derivedSecondaryEclDepth}"
#   meta:
#     ucd: stat.error;src.var.amplitude
solution_id,source_id,global_ranking,reference_time,frequency,frequency_error,geom_model_reference_level,geom_model_reference_level_error,geom_model_gaussian1_phase,geom_model_gaussian1_phase_error,geom_model_gaussian1_sigma,geom_model_gaussian1_sigma_error,geom_model_gaussian1_depth,geom_model_gaussian1_depth_error,geom_model_gaussian2_phase,geom_model_gaussian2_phase_error,geom_model_gaussian2_sigma,geom_model_gaussian2_sigma_error,geom_model_gaussian2_depth,geom_model_gaussian2_depth_error,geom_model_cosine_half_period_amplitude,geom_model_cosine_half_period_amplitude_error,geom_model_cosine_half_period_phase,geom_model_cosine_half_period_phase_error,model_type,num_model_parameters,reduced_chi2,derived_primary_ecl_phase,derived_primary_ecl_phase_error,derived_primary_ecl_duration,derived_primary_ecl_duration_error,derived_primary_ecl_depth,derived_primary_ecl_depth_error,derived_secondary_ecl_phase,derived_secondary_ecl_phase_error,derived_secondary_ecl_duration,derived_secondary_ecl_duration_error,derived_secondary_ecl_depth,derived_secondary_ecl_depth_error
[from data line 151]
375316653866487564,4091551563191465344,0.5139706,2277.249161849465,1.1451767111728224,1.8224539E-5,18.223404,0.0047833957,0.25829488,0.0058501475,0.055442285,0.0048641623,0.09896414,0.00892339,0.73745155,0.010673197,0.06847761,0.025553623,0.0707964,0.018081943,null,null,null,null,"TWOGAUSSIANS",8,0.9121702,0.25829488,0.0058501475,0.31047678,0.02723931,0.098940335,0.008858899,0.73745155,0.010673197,0.3834746,0.04941109,0.070772596,0.018307637
375316653866487564,4091551631910930432,0.5297388,2253.464869905322,1.1224907346687114,2.2928321E-5,17.415955,0.10050513,0.23949209,0.0024080104,0.10188213,0.027860057,0.22979027,0.089696325,0.739969,0.005525737,0.11211625,0.051023863,0.21582788,0.07430214,null,null,null,null,"TWOGAUSSIANS",8,5.9612675,0.23949209,0.002391554,0.4,0.0,0.20099586,0.014208201,0.739969,0.005527747,0.4,0.0,0.18701546,0.027727678
375316653866487564,4091552220335596160,0.49227673,2198.4147755372474,2.715398894986129,1.7943665E-5,19.325762,0.015535256,0.8327842,0.006833861,0.044086613,0.0125025995,0.25094566,0.44325796,null,null,null,null,null,null,0.17245002,0.039772816,0.8327842,0.006833861,"ONEGAUSSIAN_WITH_ELLIPSOIDAL",6,7.1338243,0.8327842,0.006833861,0.24688505,0.07001456,0.5958451,0.43018463,null,null,null,null,null,null
375316653866487564,4091552357831152896,0.44877154,2255.7964111631613,0.18680111716810663,1.1468554E-5,18.479813,0.2848988,0.26487443,0.012955356,0.121728286,0.06162451,0.31943452,0.25162128,0.7577916,0.0047656237,0.12372051,0.047532853,0.31756175,0.2706093,null,null,null,null,"TWOGAUSSIANS",8,3.0052097,0.26493442,0.012916259,0.4,0.0,0.24423121,0.04641187,0.7577916,0.0047656237,0.4,0.0,0.24231578,0.0084672505
375316653866487564,4091552593983634560,0.5843175,2211.3095829241656,0.9281947180286821,3.5044777E-5,18.037014,0.006548024,0.24330138,0.06101682,0.04400137,0.03420346,0.8975711,0.67276037,0.5024192,0.007756515,0.06188284,0.009454392,0.1270168,0.008953874,null,null,null,null,"TWOGAUSSIANS",8,11.447497,0.24330138,0.0610202,0.24640767,0.19153936,0.8975909,0.6727583,0.5024192,0.007756515,0.3465439,0.052944597,0.12701681,0.008951824
375316653866487564,4091552873172423424,0.6083153,2280.038304575507,1.671833299816492,2.1059019E-5,17.483412,0.014699513,0.14702432,0.009697639,0.099697724,0.009959874,0.2416768,0.017350065,0.64653075,0.0061571836,0.08574533,0.008086562,0.27117854,0.0190495,null,null,null,null,"TWOGAUSSIANS",8,3.6616535,0.64653075,0.0061571836,0.4,0.0,0.2578802,0.014137109,0.14702432,0.009697639,0.4,0.0,0.22837682,0.011148816
375316653866487564,4091553006301602816,0.60919005,2215.775550635319,1.9938413705004603,1.8941949E-4,16.893417,0.0051873676,0.21189679,0.0020716987,0.02028707,0.0015843103,0.9889679,0.5451813,0.5211164,0.031802025,0.03282982,0.053514387,0.33334905,0.30250415,null,null,null,null,"TWOGAUSSIANS",8,16.955225,0.21189679,0.0020716987,0.1136076,0.008872137,0.9889679,0.54518044,0.5211164,0.031802025,0.18384701,0.21365821,0.33334905,0.30250415
375316653866487564,4091553148105583744,0.53521585,2213.2193392588456,2.4702809151923364,2.0872296E-5,18.084969,0.2095665,0.24640518,0.010104046,0.1392221,0.04623736,0.3068254,0.20470458,0.72026557,0.0063946256,0.12128807,0.028523108,0.30616632,0.19133484,null,null,null,null,"TWOGAUSSIANS",8,4.111195,0.72026557,0.0063946256,0.4,0.0,0.22784027,0.014812474,0.2466552,0.009522967,0.4,0.0,0.22749427,0.013172701
375316653866487564,4091553285488836352,0.47556037,2297.22833219404,4.711793893116259,2.9897916E-5,18.6345,0.01655549,0.36697808,0.013380342,0.040716123,0.009901556,0.2594815,0.06125305,0.8416893,0.02750397,0.05827315,0.047368843,0.08956344,0.050479986,null,null,null,null,"TWOGAUSSIANS",8,8.626851,0.36697808,0.013380342,0.2280103,0.055448715,0.25948128,0.06125348,0.8416893,0.02750397,0.32632965,0.18047498,0.08956323,0.050500795
375316653866487564,4091553319848787200,0.4807507,2235.206351003052,0.3117881006760736,8.903639E-5,18.908026,0.10094916,0.1993159,0.023846243,0.07827903,0.025840316,0.30353126,0.0770016,0.7886359,0.046351306,0.156473,0.06911007,0.21285301,0.10232318,null,null,null,null,"TWOGAUSSIANS",8,5.9517565,0.19701591,0.020464592,0.4,0.068093546,0.29159495,0.04208938,0.7886359,0.046348233,0.4,0.0,0.19381814,0.05140882
375316653866487564,4091553354209617152,0.5072746,2288.076625071315,2.4131504535651325,2.315161E-5,19.859947,0.030103946,0.2718899,0.010246421,0.09913714,0.013595448,0.3645573,0.035950754,0.7029014,0.050516143,0.09038249,0.027444217,0.25456107,0.100225694,null,null,null,null,"TWOGAUSSIANS",8,2.8337274,0.2718899,0.010167392,0.4,0.0,0.3577959,0.034259398,0.7029014,0.050516143,0.4,0.0,0.24782541,0.10138434
375316653866487564,4091553693544407168,0.45792502,2296.9243070832918,0.36893608654128185,2.6561938E-5,18.837963,0.27198306,0.2970423,0.015001764,0.11731279,0.040111985,0.2941513,0.20558728,0.7880406,0.018787742,0.17144823,0.10126797,0.30253327,0.26429012,null,null,null,null,"TWOGAUSSIANS",8,1.6184222,0.2980723,0.013258556,0.4,0.0,0.17935696,0.023009226,0.7880406,0.018787742,0.4,0.0,0.17910051,0.024428612
375316653866487564,4091554281976833280,0.55028445,2319.3366619397266,2.460721931668884,3.142122E-5,19.11378,0.06878246,0.21659729,0.007503967,0.09545527,0.02074767,0.36979264,0.06329529,0.7209758,0.008291725,0.10491552,0.029077213,0.3139153,0.06076511,null,null,null,null,"TWOGAUSSIANS",8,1.7201457,0.21659729,0.007517209,0.4,0.0,0.34131175,0.019187529,0.7209758,0.008291725,0.4,0.0,0.28542778,0.019984214
375316653866487564,4091554350641175808,0.47298968,2241.0560954961907,2.161109863488282,3.9232553E-5,18.405836,0.086289644,0.21670923,0.0049353736,0.108116955,0.03053636,0.30184183,0.0787664,0.7146874,0.014017243,0.080366686,0.037776776,0.32650414,0.086929455,null,null,null,null,"TWOGAUSSIANS",8,14.240612,0.7146874,0.014017243,0.4,0.073513016,0.30877745,0.07138871,0.21670923,0.0049353736,0.4,0.0,0.2841014,0.037408847
375316653866487564,4091554518178028928,0.5073783,2269.83082794912,0.3690721347684329,1.6570177E-5,19.103153,0.28976524,0.23689896,0.0076425406,0.08859859,0.031742625,0.23491053,0.20761782,0.726328,0.01608466,0.1149771,0.11239127,0.18886665,0.2820961,null,null,null,null,"TWOGAUSSIANS",8,2.6668377,0.23690896,0.0076302616,0.4,0.0,0.21729764,0.030486066,0.726328,0.01608466,0.4,0.0,0.171222,0.02200916
375316653866487564,4091554896135154048,0.46091375,2320.0336496562013,0.2485508802020376,2.6981052E-5,18.773756,0.15476021,0.28443328,0.0051154485,0.09807653,0.02772004,0.34202233,0.12860881,0.80757797,0.014384087,0.14041607,0.0711059,0.20393404,0.1494071,null,null,null,null,"TWOGAUSSIANS",8,1.2787566,0.28414327,0.0042699818,0.4,0.0,0.2991023,0.05020617,0.807588,0.014363096,0.4,0.0,0.16017939,0.038952213
375316653866487564,4091555239733494400,0.5482762,2305.7530021266693,0.3116993389220488,1.3042832E-4,18.62258,0.008385241,0.20380886,0.020284211,0.048136204,0.037030563,0.23417874,0.035358083,0.784208,0.007363801,0.06002867,0.018010253,0.13146697,0.006387569,null,null,null,null,"TWOGAUSSIANS",8,1.5571461,0.20380886,0.020284211,0.26956275,0.20081468,0.23417854,0.035403974,0.784208,0.007363801,0.33616054,0.100857414,0.13146679,0.0063426103
375316653866487564,4091555342814027520,0.5503002,2256.4371042333064,2.194977416516616,5.5679888E-5,18.098557,0.10999343,0.21848282,0.00935549,0.10457213,0.027343895,0.30904347,0.099617936,0.7265586,0.011190607,0.12497686,0.036433876,0.2813093,0.11376726,null,null,null,null,"TWOGAUSSIANS",8,3.764512,0.21843283,0.009434498,0.4,0.0,0.25885454,0.017919729,0.72656864,0.011160134,0.4,0.0,0.23093341,0.012826087
375316653866487564,4091555725032900480,0.51885206,2337.594754089149,0.5590772836716881,5.780902E-5,19.590733,0.017015802,0.16281171,0.007009699,0.051537175,0.010939309,0.21243693,0.034893725,0.642127,0.010907326,0.08662056,0.0119873015,0.22908151,0.026388973,null,null,null,null,"TWOGAUSSIANS",8,1.884002,0.642127,0.010907326,0.4,0.0,0.2287269,0.026229328,0.16281171,0.007009699,0.28860816,0.06126013,0.21208237,0.03496741
375316653866487564,4091555999922169984,0.5018634,2315.6301864517986,2.794245048921816,2.9706804E-5,19.282278,0.02334098,0.2896517,0.0072414614,0.085144125,0.017089786,0.26362285,0.08135378,0.781391,0.015231035,0.055823587,0.04494585,0.63231283,1.3042201,null,null,null,null,"TWOGAUSSIANS",8,2.037625,0.781391,0.015231035,0.3126121,0.1467491,0.63123363,1.309087,0.2896517,0.0072414614,0.4,0.0,0.26254362,0.08132297
375316653866487564,4091556034281777536,0.5181585,2325.5239377999987,2.6535535156271646,7.512173E-5,19.233248,0.01872665,0.32798004,0.008047948,0.07253939,0.010724373,0.2961391,0.025061993,0.781035,9.124753E-5,0.03237166,0.0024484617,0.9886677,0.11050374,null,null,null,null,"TWOGAUSSIANS",8,3.110419,0.781035,9.124753E-5,0.1812813,0.013711385,0.9886667,0.11050755,0.32798004,0.008047948,0.4,0.036150254,0.2961381,0.025061399
375316653866487564,4091556098703486976,0.529391,2304.0339982662326,3.1224678886469244,2.6104864E-5,18.91481,0.4154201,0.21682477,0.0097723,0.12471073,0.031952355,0.66411126,0.38001722,0.73383033,0.004232862,0.12707654,0.060602043,0.50305104,0.39422497,null,null,null,null,"TWOGAUSSIANS",8,3.6438758,0.21666478,0.008351731,0.4,0.0,0.5248566,0.031822294,0.73407036,0.00456025,0.4,0.0,0.36379218,0.03585855
375316653866487564,4091556206114842368,0.47931966,2304.384876896174,1.490605461743532,4.4186632E-5,18.224463,0.014392532,0.3526219,0.0076273987,0.08518162,0.01723,0.085255526,0.014595997,0.84168446,0.09180128,0.082420945,0.09303509,0.11084939,573.8722,null,null,null,null,"TWOGAUSSIANS",8,1.832217,0.84168446,0.09180128,0.4,0.4099042,0.10899075,573.874,0.3526219,0.0076273987,0.4,0.0,0.08339688,0.0119538
375316653866487564,4091556480959006848,0.5463804,2312.0210297053172,1.775580751625731,2.38778E-5,17.867308,0.017197404,0.20934345,0.010677515,0.08189839,0.015615213,0.2029492,0.031180356,0.69352514,0.0043275533,0.097839564,0.006453223,0.3459536,0.020462517,null,null,null,null,"TWOGAUSSIANS",8,6.816109,0.69352514,0.0043275533,0.4,0.0,0.3371743,0.016305348,0.20934345,0.010685115,0.4,0.0,0.19417186,0.03404548
375316653866487564,4091556618386122368,0.45911542,2353.3946709041284,0.7474545571750333,3.8079652E-5,17.0663,0.05479126,0.1816311,0.024255589,0.024940798,0.019490233,0.094819345,0.10961981,0.59865916,0.021875236,0.19804819,0.09480889,0.12071475,0.041273657,null,null,null,null,"TWOGAUSSIANS",8,4.1388054,0.59865916,0.021875236,0.4,0.0,0.11058479,0.016344849,0.1824011,0.025493298,0.13966848,0.1091453,0.0994698,0.107260995
375316653866487564,4091556687125004416,0.4715669,2305.0820818313673,1.0064559701377227,1.015698E-4,18.605198,0.042825904,0.13266723,0.009144533,0.034704506,0.010688134,0.07435663,0.031641148,0.71285707,0.018692581,0.16815034,0.071063764,0.18187907,0.037372537,null,null,null,null,"TWOGAUSSIANS",8,2.1946356,0.71285707,0.018692581,0.4,0.0,0.17647855,0.033295766,0.13083723,0.008291379,0.19434524,0.059853546,0.077588156,0.033406723
375316653866487564,4091556755844543872,0.5309816,2347.6760083613117,3.6125061431205676,3.792837E-5,19.3987,0.026270485,0.32085413,0.06459871,0.082874134,0.038453456,0.439287,0.44075546,0.81474596,0.010090098,0.08051457,0.008955008,0.3903225,0.06079734,null,null,null,null,"TWOGAUSSIANS",8,2.0060985,0.32085413,0.06459871,0.4,0.11748976,0.43244964,0.44402277,0.81474596,0.010090098,0.4,0.0,0.38348517,0.05016676
375316653866487564,4091556785892003712,0.50465107,2269.5693427988845,2.967342483106906,3.2521988E-5,18.735855,0.0705904,0.20596975,0.016674167,0.113291174,0.032604255,0.25524837,0.06153118,0.696198,0.0074599963,0.13308455,0.033571966,0.2286337,0.0686685,null,null,null,null,"TWOGAUSSIANS",8,2.360337,0.20611976,0.016769696,0.4,0.0,0.199431,0.014196243,0.696198,0.0074599963,0.4,0.0,0.17244068,0.011262996
375316653866487564,4091556820229569408,0.5786799,2296.821534741556,1.8395640390041985,1.9290464E-5,17.502924,0.050652504,0.20707247,0.0043617524,0.11535566,0.020336991,0.2193111,0.0478927,0.7076817,0.007057425,0.10161482,0.018389834,0.28481182,0.04777154,null,null,null,null,"TWOGAUSSIANS",8,3.7214954,0.7076817,0.0070580654,0.4,0.0,0.25045043,0.01651828,0.20707247,0.0043457253,0.4,0.0,0.18491633,0.011972483
375316653866487564,4091557271266771840,0.4919903,2268.183671211559,2.451488879681571,2.5491398E-5,18.376368,0.14627796,0.23879585,0.008046373,0.12488078,0.029846499,0.28469896,0.13334078,0.7490699,0.0073495912,0.14921013,0.042197343,0.28597745,0.14754198,null,null,null,null,"TWOGAUSSIANS",8,3.6587644,0.23822585,0.007780942,0.4,0.0,0.18648942,0.022681687,0.74921995,0.0072538257,0.4,0.0,0.18582779,0.02105517
375316653866487564,4091557369985437440,0.629939,2302.2225444934675,2.4045971378875555,1.8947036E-5,17.82738,0.011691269,0.27226126,0.0035812915,0.08414071,0.004430188,0.41017565,0.015407468,0.77870834,0.0068244166,0.07878364,0.008063976,0.42527908,0.012761844,null,null,null,null,"TWOGAUSSIANS",8,4.01547,0.77870834,0.0068244166,0.4,0.0,0.418625,0.009459025,0.27226126,0.0035812915,0.4,0.0,0.40352154,0.013457619
375316653866487564,4091557443032667136,0.52350605,2310.1147220098846,2.9731186687990605,5.5853838E-5,19.572199,0.027473882,0.284468,0.019223573,0.08979111,0.024011375,0.4400737,0.07090678,0.7914629,0.008567069,0.06968518,0.0125601385,0.47952154,0.046138532,null,null,null,null,"TWOGAUSSIANS",8,2.5261161,0.7914629,0.008567069,0.39023703,0.056565717,0.47373986,0.04794783,0.284468,0.019223573,0.4,0.0,0.43429184,0.07193229
375316653866487564,4091557580471577472,0.486385,2296.557963303833,2.583260804344409,9.361182E-6,18.880735,0.028323997,0.24261676,0.0023189979,0.083491154,0.013153979,0.4681574,0.06172218,0.7329342,0.0037455095,0.09150325,0.012253749,0.47048342,0.02965485,null,null,null,null,"TWOGAUSSIANS",8,2.2698092,0.7329342,0.0037455095,0.4,0.0,0.45699477,0.038133346,0.24261676,0.0023189979,0.4,0.0,0.45466906,0.07390747
375316653866487564,4091557683538453760,0.49099272,2312.869777620927,0.4822042713944607,3.7838137E-5,19.853313,0.041464854,0.35464534,0.019181166,0.08059516,0.018554993,0.5457434,0.1693061,0.7982769,0.0105926,0.084004454,0.013479102,0.32712254,0.03674055,null,null,null,null,"TWOGAUSSIANS",8,3.4723809,0.35464534,0.019181166,0.4,0.01215764,0.54297715,0.17183389,0.7982769,0.0105926,0.4,0.0,0.3243561,0.03304875
375316653866487564,4091557855337380480,0.515886,2240.5638899013584,2.8282637980655925,2.541976E-5,18.295347,0.06782266,0.25346604,0.0069285873,0.1008925,0.040950343,0.1943997,0.040587958,0.7688533,0.008957936,0.11439084,0.03674573,0.14072761,0.064035945,null,null,null,null,"TWOGAUSSIANS",8,1.9257969,0.25344604,0.0069733993,0.4,0.0,0.17590797,0.03779057,0.7688633,0.008738146,0.4,0.0,0.12221487,0.014104872
375316653866487564,4091557954107062528,0.6378671,2270.6719751586616,2.658039249835326,8.388606E-6,16.85111,0.01569713,0.31825477,0.008349651,0.046903804,0.013813625,0.32681352,0.14579962,0.8062842,0.002160412,0.04115946,0.0064496202,0.30809787,0.022471068,0.109949715,0.018236328,0.8062842,0.002160412,"TWOGAUSSIANS_WITH_ELLIPSOIDAL_ON_ECLIPSE2",9,11.244716,0.31700477,0.007862844,0.2626613,0.0773563,0.5456002,0.1590079,0.8062842,0.002160412,0.23049296,0.036117874,0.5279968,0.036866467
375316653866487564,4091558027136822528,0.57474995,2254.0890927379064,2.4426916081923995,5.3098756E-5,18.65228,0.01049895,0.21406913,0.0062666954,0.09912439,0.009687916,0.21916212,0.009833632,0.71030617,0.028824992,0.07996442,0.046228286,0.23762096,0.15244995,null,null,null,null,"TWOGAUSSIANS",8,1.300858,0.71030617,0.028824992,0.4,0.17580584,0.22898942,0.1603143,0.21406913,0.0062666954,0.4,0.0,0.21052924,0.008147782
375316653866487564,4091558267654291456,0.61584383,2256.0640739913256,1.9936489348716453,1.1920469E-5,17.902575,0.008004853,0.21256478,0.005063379,0.083053775,0.006310961,0.37518978,0.014749041,0.72374964,0.0017788401,0.08285779,0.0037485342,0.37518516,0.009547425,null,null,null,null,"TWOGAUSSIANS",8,2.9314885,0.21256478,0.005063379,0.4,0.0,0.36867493,0.014519317,0.72374964,0.0017788401,0.4,0.0,0.36867034,0.009802791
