Gaia/vari_eclipsing_binary/VariEclipsingBinary_543912-545536.csv
# %ECSV 1.0
# ---
# delimiter: ','
# meta: !!omap
# - RELEASE: Gaia DR3
# - TABLE: vari_eclipsing_binary
# - DESCRIPTION: >
#     This table describes the properties of the eclipsing binaries resulting from the variability analysis. 
# - CITATION: >
#     How to cite and acknowledge Gaia: 
#     https://gea.esac.esa.int/archive/documentation/credits.html 
# - KNOWN_ISSUES: >
#     Known issues: 
#     https://www.cosmos.esa.int/web/gaia-users/known-issues 
# - DOCUMENTATION: >
#     Tutorials and documentation: 
#     https://www.cosmos.esa.int/web/gaia-users/archive 
# datatype:
# - 
#   name: solution_id
#   datatype: int64
#   description: Solution Identifier
#   meta:
#     ucd: meta.version
# - 
#   name: source_id
#   datatype: int64
#   description: Unique source identifier
#   meta:
#     ucd: meta.id;meta.main
# - 
#   name: global_ranking
#   datatype: float32
#   description: Number between 0 (worst) and 1 (best)
#   meta:
#     ucd: stat.param
# - 
#   name: reference_time
#   datatype: float64
#   unit: d
#   description: Reference time used for the geometric model fit
#   meta:
#     ucd: time.epoch
# - 
#   name: frequency
#   datatype: float64
#   unit: d**-1
#   description: Frequency of geometric model of the eclipsing binary light curve
#   meta:
#     ucd: src.orbital
# - 
#   name: frequency_error
#   datatype: float32
#   unit: d**-1
#   description: "Uncertainty of \\texttt{frequency}"
#   meta:
#     ucd: stat.error
# - 
#   name: geom_model_reference_level
#   datatype: float32
#   unit: mag
#   description: Magnitude reference level of geometric model
#   meta:
#     ucd: phot.mag;em.opt
# - 
#   name: geom_model_reference_level_error
#   datatype: float32
#   unit: mag
#   description: "Uncertainty of \\texttt{geomModelReferenceLevel}"
#   meta:
#     ucd: stat.error;phot.mag;em.opt
# - 
#   name: geom_model_gaussian1_phase
#   datatype: float32
#   description: Phase of the Gaussian 1 component
#   meta:
#     ucd: time.phase
# - 
#   name: geom_model_gaussian1_phase_error
#   datatype: float32
#   description: "Uncertainty of \\texttt{geomModelGaussian1Phase}"
#   meta:
#     ucd: stat.error;time.phase
# - 
#   name: geom_model_gaussian1_sigma
#   datatype: float32
#   description: "Standard deviation [phase] of Gaussian 1 component"
#   meta:
#     ucd: stat.stdev
# - 
#   name: geom_model_gaussian1_sigma_error
#   datatype: float32
#   description: "Uncertainty of \\texttt{geomModelGaussian1Sigma}"
#   meta:
#     ucd: stat.error
# - 
#   name: geom_model_gaussian1_depth
#   datatype: float32
#   unit: mag
#   description: Magnitude depth of Gaussian 1 component
#   meta:
#     ucd: src.var.amplitude
# - 
#   name: geom_model_gaussian1_depth_error
#   datatype: float32
#   unit: mag
#   description: "Uncertainty of \\texttt{geomModelGaussian1Depth}"
#   meta:
#     ucd: stat.error;src.var.amplitude
# - 
#   name: geom_model_gaussian2_phase
#   datatype: float32
#   description: Phase of Gaussian 2 component
#   meta:
#     ucd: time.phase
# - 
#   name: geom_model_gaussian2_phase_error
#   datatype: float32
#   description: "Uncertainty of \\texttt{geomModelGaussian2Phase}"
#   meta:
#     ucd: stat.error;time.phase
# - 
#   name: geom_model_gaussian2_sigma
#   datatype: float32
[...]
#   datatype: float32
#   description: "Secondary eclipse: uncertainty of \\texttt{derivedSecondaryEclDuration}"
#   meta:
#     ucd: stat.error;time.duration
# - 
#   name: derived_secondary_ecl_depth
#   datatype: float32
#   unit: mag
#   description: "Secondary eclipse: depth"
#   meta:
#     ucd: src.var.amplitude
# - 
#   name: derived_secondary_ecl_depth_error
#   datatype: float32
#   unit: mag
#   description: "Secondary eclipse: uncertainty of \\texttt{derivedSecondaryEclDepth}"
#   meta:
#     ucd: stat.error;src.var.amplitude
solution_id,source_id,global_ranking,reference_time,frequency,frequency_error,geom_model_reference_level,geom_model_reference_level_error,geom_model_gaussian1_phase,geom_model_gaussian1_phase_error,geom_model_gaussian1_sigma,geom_model_gaussian1_sigma_error,geom_model_gaussian1_depth,geom_model_gaussian1_depth_error,geom_model_gaussian2_phase,geom_model_gaussian2_phase_error,geom_model_gaussian2_sigma,geom_model_gaussian2_sigma_error,geom_model_gaussian2_depth,geom_model_gaussian2_depth_error,geom_model_cosine_half_period_amplitude,geom_model_cosine_half_period_amplitude_error,geom_model_cosine_half_period_phase,geom_model_cosine_half_period_phase_error,model_type,num_model_parameters,reduced_chi2,derived_primary_ecl_phase,derived_primary_ecl_phase_error,derived_primary_ecl_duration,derived_primary_ecl_duration_error,derived_primary_ecl_depth,derived_primary_ecl_depth_error,derived_secondary_ecl_phase,derived_secondary_ecl_phase_error,derived_secondary_ecl_duration,derived_secondary_ecl_duration_error,derived_secondary_ecl_depth,derived_secondary_ecl_depth_error
[from data line 179]
375316653866487564,4792986625331740544,0.5946631,2243.8611251333796,0.20075065479971702,4.317804E-6,13.757118,0.0034909928,0.12651205,0.005674994,0.016239215,0.0054411204,0.61837775,0.25224552,0.7175643,0.013708302,0.048368916,0.012540722,0.7109616,4.4526787,0.005181423,0.005461697,0.7175643,0.013708302,"TWOGAUSSIANS_WITH_ELLIPSOIDAL_ON_ECLIPSE2",9,267.60156,0.7175643,0.013708302,0.27086595,0.07022805,0.7213233,4.4522305,0.12654205,0.0056817075,0.090939604,0.030470274,0.62570274,0.25249678
375316653866487564,4793029879946138368,0.59085244,2166.8649414875767,3.8606463177825376,1.2346036E-5,17.991545,0.017652227,0.27030104,0.007539231,0.09218188,0.010000689,0.34045935,0.025295196,0.777658,0.0027684867,0.095636085,0.00679283,0.28051224,0.017166346,null,null,null,null,"TWOGAUSSIANS",8,2.5750904,0.27030104,0.007539231,0.4,0.0,0.32441992,0.017001655,0.777658,0.0027684867,0.4,0.0,0.26447242,0.0086075645
375316653866487564,4793038336738187264,0.46988696,2203.58104130092,2.097733903135718,1.2493087E-4,18.396646,0.017560434,0.36773118,0.0045656315,0.05034696,0.009986677,0.19074658,0.04751368,0.73834324,0.022624897,0.16857795,0.041254196,0.07761556,0.018616041,null,null,null,null,"TWOGAUSSIANS",8,2.9385118,0.3689212,0.004363931,0.281943,0.05592539,0.19488706,0.04957417,0.73834324,0.022624897,0.4,0.0,0.07470501,0.016681777
375316653866487564,4793075136017749376,0.56176364,2235.598631421128,2.388387687540733,1.670852E-5,14.291066,0.026763871,0.30057955,0.0053132926,0.09526195,0.00803408,0.44192207,0.028858146,0.82092804,0.0029297883,0.095560275,0.009796375,0.3765345,0.02107834,null,null,null,null,"TWOGAUSSIANS",8,313.3187,0.30057955,0.0053132926,0.4,0.0,0.4221241,0.02299087,0.82092804,0.0029297883,0.4,0.0,0.3567366,0.015407262
375316653866487564,4793075715838206208,0.43454567,2231.493301574069,0.5612557599193482,1.9821407E-5,19.43555,0.044507038,0.3463368,0.032792155,0.07160676,0.026656063,0.3484028,0.098118514,0.7946516,0.014760496,0.08449726,0.03229287,0.14401622,0.047862258,null,null,null,null,"TWOGAUSSIANS",8,4.3864365,0.3463368,0.032792155,0.4,0.049483865,0.3475774,0.083226144,0.7946516,0.014760496,0.4,0.0,0.14319068,0.04327105
375316653866487564,4793207764608099456,0.54140157,2210.684159504782,0.16885408883983014,9.725314E-6,13.096394,0.013369878,0.29903865,0.014277177,0.027795423,0.009907624,0.4803751,5.8371806,0.7974259,0.0033466134,0.034808014,0.0061220094,0.32519358,0.027424768,0.052407477,0.017147096,0.29903865,0.014277177,"TWOGAUSSIANS_WITH_ELLIPSOIDAL_ON_ECLIPSE1",9,985.78064,0.29903865,0.014277177,0.15565437,0.05548269,0.58519006,5.828872,0.79747593,0.0032661,0.19492488,0.034283254,0.42999807,0.031016827
375316653866487564,4793214636555751552,0.5509328,2170.2224137338635,0.8226188849284687,2.9840698E-5,14.425286,0.0060020075,0.25755048,0.050833557,0.10049506,0.05059204,0.042317588,0.015184239,0.6985124,0.0021947247,0.017530508,0.0021912672,1.8414694,0.627561,null,null,null,null,"TWOGAUSSIANS",8,55.32633,0.6985124,0.0021947247,0.09817085,0.012271096,1.8414708,0.6275512,0.25755048,0.050833557,0.4,0.0,0.042316157,0.015223385
375316653866487564,4793228792767939200,0.63980496,2206.289321009336,3.117676511406261,5.7258426E-6,15.159922,0.0067075165,0.247882,0.0011729066,0.044766154,0.0035135185,0.20626391,0.0130185485,0.75085914,0.0039882297,0.048917122,0.0047035236,0.28705975,0.015184195,0.11461268,0.008572872,0.247882,0.0011729066,"TWOGAUSSIANS_WITH_ELLIPSOIDAL_ON_ECLIPSE1",9,50.084038,0.75085914,0.0039882297,0.27393588,0.026339732,0.51620394,0.008465068,0.247882,0.0011729066,0.25069046,0.019675704,0.4354883,0.0075983494
375316653866487564,4793248343458861824,0.5408944,2233.626374953774,2.902687812633389,1.017034E-5,13.860206,0.018060356,0.21882676,0.004716415,0.09735535,0.010814903,0.2156069,0.016228313,0.73208165,0.003755876,0.09217056,0.009689558,0.19515425,0.016766796,null,null,null,null,"TWOGAUSSIANS",8,287.0076,0.21882676,0.004716415,0.4,0.0,0.2051129,0.009744866,0.73208165,0.003755876,0.4,0.0,0.18466105,0.011228669
375316653866487564,4793288166395678080,0.6351732,2237.9033461471518,2.72914665361971,3.9976185E-6,15.333757,0.0044458397,0.32777765,0.004455137,0.079011284,0.0036624935,0.29916865,0.010526663,0.82286024,0.0012002491,0.08206185,0.0016087724,0.4670123,0.005206131,null,null,null,null,"TWOGAUSSIANS",8,24.9405,0.82286024,0.0012002491,0.4,0.0,0.46150908,0.004493283,0.32777765,0.004455137,0.4,0.0,0.29366547,0.00988837
375316653866487564,4793300054865037184,0.6016835,2198.8626791684133,3.6380481919099914,8.075972E-6,16.837242,0.00835805,0.19236845,0.0033011048,0.072828576,0.0034732418,0.43169472,0.010117896,0.6888842,0.002099407,0.08091035,0.0028818774,0.43529698,0.010887614,null,null,null,null,"TWOGAUSSIANS",8,18.79554,0.6888842,0.002099407,0.4,0.0,0.4312367,0.010421701,0.19236845,0.0033011048,0.4,0.004742353,0.42763445,0.009486525
375316653866487564,4793307304769783808,0.5647601,2171.5469542895235,4.319218931563134,7.2320213E-6,17.714865,0.003853403,0.2955372,0.0023898939,0.07426321,0.0040247133,0.1715023,0.008887994,0.7907597,0.0021026742,0.07428837,0.0022114206,0.1872091,0.0048101773,null,null,null,null,"TWOGAUSSIANS",8,1.9253397,0.7907597,0.0021026742,0.4,0.0,0.18609469,0.0045931535,0.2955372,0.0023898939,0.4,0.0,0.17038791,0.009058089
375316653866487564,4793344516366446976,0.63081336,2149.4866447327245,2.3424524594121547,3.7576717E-6,12.63066,0.009154394,0.30322146,0.0013044906,0.11199395,0.0074734455,0.19941078,0.0058777495,0.8022188,0.0013344462,0.10369869,0.0039971084,0.21162057,0.008681819,null,null,null,null,"TWOGAUSSIANS",8,28.198236,0.8022188,0.0013344462,0.4,0.0,0.18402848,0.0020325056,0.30322146,0.0013044906,0.4,0.0,0.17180374,0.0049483706
375316653866487564,4793372377818059520,0.4667582,2204.2115899343726,4.063742433376556,3.7804668E-5,17.127382,0.0054065716,null,null,null,null,null,null,null,null,null,null,null,null,0.06816928,0.006714305,0.23813342,0.009098639,"ELLIPSOIDAL",4,35.647137,null,null,null,null,null,null,null,null,null,null,null,null
375316653866487564,4793404194936283520,0.61331433,2200.2705881331185,3.857427141306652,8.532325E-6,18.301437,0.017284494,0.21528861,0.0018695252,0.04991298,0.005354566,0.36633843,0.040034592,0.70827603,0.0056491634,0.048925355,0.0068673827,0.26212418,0.039406795,0.10295586,0.02476539,0.21528861,0.0018695252,"TWOGAUSSIANS_WITH_ELLIPSOIDAL_ON_ECLIPSE1",9,3.4681432,0.21528861,0.0018695252,0.2795127,0.02998557,0.57224774,0.028533706,0.709186,0.0048616948,0.273982,0.038457345,0.46768558,0.0260364
375316653866487564,4793486623948018176,0.6286091,2200.1706359410214,4.038266355097847,4.510171E-6,18.642706,0.007883346,0.2568577,0.0010223563,0.047202874,0.0018712457,0.43701044,0.020696677,0.7532525,0.0025283094,0.03934406,0.004128331,0.32312387,0.01937689,0.14418784,0.009706255,0.2568577,0.0010223563,"TWOGAUSSIANS_WITH_ELLIPSOIDAL_ON_ECLIPSE1",9,2.1320972,0.2568577,0.0010223563,0.2643361,0.010478976,0.7253855,0.013458758,0.7536025,0.0022528556,0.22032675,0.023118652,0.6113655,0.01533954
375316653866487564,4793495007724272640,0.5041333,2148.3629277974665,1.6662269575529458,4.965502E-6,19.267838,0.0030741584,0.27648336,0.048354223,0.04770508,0.0223568,0.04970656,0.019755684,0.86747766,1.07905935E-5,0.00740112,4.869578E-5,0.425092,0.0030941344,null,null,null,null,"TWOGAUSSIANS",8,1.3635032,0.86747766,1.07905935E-5,0.041446272,2.7269637E-4,0.425092,0.0030941344,0.27648336,0.048354223,0.26714846,0.12519808,0.04970656,0.019755684
375316653866487564,4793530299471889664,0.5099334,2175.6168998434314,0.16335118239090546,1.0609406E-6,18.31738,0.0042243106,0.38321316,5.130618E-5,0.011808684,4.6854833E-4,0.3792459,0.02613354,0.8576512,5.13692E-5,0.004942853,7.761801E-5,0.41744044,0.005056667,null,null,null,null,"TWOGAUSSIANS",8,5.7215266,0.8576512,5.13692E-5,0.027679978,4.3466088E-4,0.41744044,0.005056667,0.38321316,5.130618E-5,0.066128634,0.0026238707,0.3792459,0.02613354
375316653866487564,4793604035470472064,0.563089,2217.929050846679,4.618705660310379,1.1819683E-4,16.124678,0.0036771328,0.7860229,0.006994692,0.025008941,0.00597857,0.9096092,0.62083006,null,null,null,null,null,null,null,null,null,null,"ONEGAUSSIAN",5,64.0827,0.7860229,0.006994692,0.14005007,0.033479992,0.9096092,0.0,null,null,null,null,null,null
375316653866487564,4793628838905442560,0.59347296,2186.882844242543,3.286742269160442,5.295487E-6,16.998959,0.008451443,0.246123,0.0022834556,0.070417725,0.0026969668,0.3802933,0.01042024,0.73814934,0.0025388545,0.07713305,0.0026672406,0.4792238,0.011996273,null,null,null,null,"TWOGAUSSIANS",8,15.104485,0.73814934,0.0025388545,0.4,0.0,0.47693574,0.01165619,0.246123,0.0022834556,0.39433923,0.014182472,0.37800527,0.009952726
375316653866487564,4793647053863353344,0.48873192,2173.24537714819,2.5659219205420385,1.5012221E-5,15.898489,0.009699508,0.31179172,0.058823287,0.052964333,0.06554273,0.37758866,18.310406,0.8458641,6.1121007E-4,0.03009761,0.002293328,2.1438713,0.4567203,null,null,null,null,"TWOGAUSSIANS",8,53.780712,0.8458641,6.1121007E-4,0.16854662,0.012842637,2.1438713,0.45673257,0.31179172,0.058823287,0.29660028,0.31054398,0.37758863,18.310408
375316653866487564,4793647775417383296,0.58595645,2183.920642397616,1.680481898337244,8.155353E-6,13.29138,0.0029748853,0.23412833,0.0017082971,0.0669887,0.0023720649,0.27723286,0.007294781,0.7340707,0.004303913,0.08052332,0.0047757006,0.19478859,0.013489427,null,null,null,null,"TWOGAUSSIANS",8,69.47939,0.23412833,0.0017082971,0.3751367,0.013283564,0.2757823,0.0073775062,0.7340707,0.004303913,0.4,0.0,0.19333802,0.013827544
375316653866487564,4793735358390536832,0.48887783,2206.6314565819716,0.6882707375242081,7.406407E-5,16.84739,0.0018336189,0.30256748,8.2209136E-4,0.018093474,8.61944E-4,0.10036567,0.00394193,0.6091174,0.033069145,0.045155637,0.030890116,0.022834493,0.08098601,null,null,null,null,"TWOGAUSSIANS",8,4.281492,0.30256748,8.2209136E-4,0.10132346,0.0048268866,0.10036567,0.00394193,0.6091174,0.033069145,0.25287157,0.17298464,0.022834493,0.08098601
375316653866487564,4793751954144315776,0.50050384,2231.769805619198,0.7746558777196151,1.4467319E-5,15.411427,0.028675294,0.28027815,0.0031041526,0.17795126,0.020723049,0.21796967,0.03334285,0.77883124,0.0029939972,0.200902,0.01926677,0.2233477,0.02283434,null,null,null,null,"TWOGAUSSIANS",8,7.318287,0.28115815,0.0033090333,0.4,0.0,0.054620046,0.0016240719,0.77883124,0.0029939972,0.4,0.0,0.048229717,0.001446243
375316653866487564,4793805928997673088,0.49242648,2221.2780603851493,2.180216137156424,1.1534677E-5,19.277163,0.006264652,0.54356307,5.05047E-5,0.011872889,4.29251E-4,1.3478466,0.12813295,0.8080106,0.027012283,0.06620951,0.012835211,0.048870623,0.023106785,null,null,null,null,"TWOGAUSSIANS",8,2.2260196,0.54356307,5.05047E-5,0.06648818,0.0024038057,1.3478633,0.128115,0.8080106,0.027012283,0.37077326,0.07187718,0.048870623,0.023106785
375316653866487564,4793857880921853824,0.5970919,2201.961319238819,3.0831339521214,9.563597E-6,15.967828,0.0121076,0.20864405,0.01898156,0.039298873,0.02456805,0.051855214,0.040277492,0.6807742,0.004167699,0.04230638,0.0035803828,0.56942326,0.033057764,0.050414808,0.016581802,0.20864405,0.01898156,"TWOGAUSSIANS_WITH_ELLIPSOIDAL_ON_ECLIPSE1",9,78.73032,0.68144417,0.0038944224,0.23691571,0.020050144,0.66726464,0.019047149,0.20864405,0.01898156,0.22007369,0.13758107,0.15268444,0.021025559
375316653866487564,4793874992071503488,0.56497985,2152.26318542738,4.1693330598869816,2.0624511E-5,18.725088,0.013837133,0.27567077,0.00566606,0.07531953,0.0045706625,0.4650308,0.020545235,0.75359136,0.0045287665,0.07371982,0.0046945415,0.5166546,0.021101352,null,null,null,null,"TWOGAUSSIANS",8,5.2947774,0.75359136,0.0045287665,0.4,0.0,0.5145338,0.020664683,0.27567077,0.00566606,0.4,0.0,0.46291,0.019884983
375316653866487564,4793879531852814208,0.60558337,2190.5066687077465,3.617101153622297,8.205622E-6,16.347721,0.0102980975,0.2636272,0.0023859232,0.09039053,0.0047779903,0.39402854,0.021382103,0.7416857,0.0031488028,0.0910737,0.0051993215,0.4526083,0.010098519,null,null,null,null,"TWOGAUSSIANS",8,22.283964,0.7416857,0.0031488028,0.4,0.0,0.43911332,0.0075473688,0.2636272,0.0023859232,0.4,0.0,0.3805337,0.022704883
375316653866487564,4793977835064055680,0.61085457,2198.7926091357735,2.9471415616715393,5.4249126E-6,16.52232,0.0031988407,0.25436178,0.0021295343,0.05012284,0.006368811,0.05216118,0.009446013,0.7816471,0.009331366,0.05141584,0.012358455,0.03511271,0.008703757,0.08692508,0.006562206,0.25436178,0.0021295343,"TWOGAUSSIANS_WITH_ELLIPSOIDAL_ON_ECLIPSE1",9,5.570255,0.25436178,0.0021295343,0.2806879,0.03566534,0.22601098,0.0052807345,0.7816471,0.009331366,0.2879287,0.06920735,0.20390272,0.004889197
375316653866487564,4793994873198186880,0.5532509,2159.7666039014507,2.167462901743288,4.1377963E-5,18.13831,0.0053364937,0.31120116,0.019085698,0.041678265,0.009509316,0.69417894,0.18170722,0.8220718,0.0050169053,0.033094224,0.0043356125,0.537258,0.105689265,null,null,null,null,"TWOGAUSSIANS",8,8.950454,0.31120116,0.019085698,0.23339829,0.053252168,0.69417894,0.18170722,0.8220718,0.0050169053,0.18532765,0.02427943,0.537258,0.105689265
375316653866487564,4794014290746597760,0.5247233,2187.531557200149,3.6318265670731926,8.220528E-6,13.6158905,0.0011216073,0.7462579,0.00118437,0.057365283,0.014511388,0.0048661344,0.029301438,null,null,null,null,null,null,0.07853537,0.0016637399,0.7462579,0.00118437,"ONEGAUSSIAN_WITH_ELLIPSOIDAL",6,285.675,0.7462579,0.00118437,0.32124558,0.08126377,0.16193615,0.028821053,null,null,null,null,null,null
375316653866487564,4794091909394496512,0.52356154,2185.071201601417,4.177804543784428,1.3465688E-5,17.945616,0.10731245,0.23794092,0.006124927,0.111910395,0.024805607,0.39477944,0.09836864,0.72820884,0.0046698595,0.11861086,0.02806178,0.38185292,0.10003057,null,null,null,null,"TWOGAUSSIANS",8,6.3648176,0.23798093,0.006164638,0.4,0.0,0.3276051,0.026736487,0.72820884,0.0046698595,0.4,0.0,0.314606,0.020111036
375316653866487564,4794123073677390208,0.5094761,2139.911149179259,0.19777601837584946,1.5306327E-5,16.523933,0.0035981114,0.8796115,0.0032381855,0.03211828,0.005403908,0.7270692,0.31598043,null,null,null,null,null,null,null,null,null,null,"ONEGAUSSIAN",5,13.520789,0.8796115,0.0032381855,0.17986235,0.030261884,0.7270692,0.0,null,null,null,null,null,null
375316653866487564,4794172036305359104,0.6165943,2167.9315586122752,2.2712102673186454,7.390153E-6,13.47815,0.022450132,0.18577968,0.0023899076,0.1215199,0.01588738,0.1241629,0.021935692,0.6769088,0.0025651043,0.11647341,0.010429829,0.1881535,0.021438127,null,null,null,null,"TWOGAUSSIANS",8,16.517836,0.6769088,0.0025651043,0.4,0.0,0.15749335,0.0033635213,0.18582967,0.0023916785,0.4,0.0,0.09348759,0.0021498462
375316653866487564,4794184749408506880,0.4356609,2171.0022821323055,0.4875975872985352,1.2782348E-4,16.262884,0.10813209,0.31356758,0.06088038,0.3187409,0.13478372,0.13834134,0.10084246,0.8351165,0.0059751403,0.03322692,0.0126069,0.55244654,1.4214733,null,null,null,null,"TWOGAUSSIANS",8,74.960266,0.8351665,0.00597075,0.18607074,0.07059864,0.5464567,1.4256157,0.31356758,0.06088038,0.4,0.0,0.053250767,0.018631255
375316653866487564,4794194194040482432,0.5434851,2196.4304213561304,4.4178473442711885,9.8636465E-6,18.517696,0.015239017,0.2665108,0.0038738681,0.0715237,0.0034663123,0.5210173,0.026846722,0.7786439,0.0045377496,0.07704435,0.004606918,0.49007463,0.029270455,null,null,null,null,"TWOGAUSSIANS",8,8.843926,0.2665108,0.0038738681,0.4,0.012264389,0.5183663,0.026172124,0.7786439,0.0045377496,0.4,0.0,0.4874236,0.02894995
