Gaia/vari_eclipsing_binary/VariEclipsingBinary_667840-667866.csv
# %ECSV 1.0
# ---
# delimiter: ','
# meta: !!omap
# - RELEASE: Gaia DR3
# - TABLE: vari_eclipsing_binary
# - DESCRIPTION: >
#     This table describes the properties of the eclipsing binaries resulting from the variability analysis. 
# - CITATION: >
#     How to cite and acknowledge Gaia: 
#     https://gea.esac.esa.int/archive/documentation/credits.html 
# - KNOWN_ISSUES: >
#     Known issues: 
#     https://www.cosmos.esa.int/web/gaia-users/known-issues 
# - DOCUMENTATION: >
#     Tutorials and documentation: 
#     https://www.cosmos.esa.int/web/gaia-users/archive 
# datatype:
# - 
#   name: solution_id
#   datatype: int64
#   description: Solution Identifier
#   meta:
#     ucd: meta.version
# - 
#   name: source_id
#   datatype: int64
#   description: Unique source identifier
#   meta:
#     ucd: meta.id;meta.main
# - 
#   name: global_ranking
#   datatype: float32
#   description: Number between 0 (worst) and 1 (best)
#   meta:
#     ucd: stat.param
# - 
#   name: reference_time
#   datatype: float64
#   unit: d
#   description: Reference time used for the geometric model fit
#   meta:
#     ucd: time.epoch
# - 
#   name: frequency
#   datatype: float64
#   unit: d**-1
#   description: Frequency of geometric model of the eclipsing binary light curve
#   meta:
#     ucd: src.orbital
# - 
#   name: frequency_error
#   datatype: float32
#   unit: d**-1
#   description: "Uncertainty of \\texttt{frequency}"
#   meta:
#     ucd: stat.error
# - 
#   name: geom_model_reference_level
#   datatype: float32
#   unit: mag
#   description: Magnitude reference level of geometric model
#   meta:
#     ucd: phot.mag;em.opt
# - 
#   name: geom_model_reference_level_error
#   datatype: float32
#   unit: mag
#   description: "Uncertainty of \\texttt{geomModelReferenceLevel}"
#   meta:
#     ucd: stat.error;phot.mag;em.opt
# - 
#   name: geom_model_gaussian1_phase
#   datatype: float32
#   description: Phase of the Gaussian 1 component
#   meta:
#     ucd: time.phase
# - 
#   name: geom_model_gaussian1_phase_error
#   datatype: float32
#   description: "Uncertainty of \\texttt{geomModelGaussian1Phase}"
#   meta:
#     ucd: stat.error;time.phase
# - 
#   name: geom_model_gaussian1_sigma
#   datatype: float32
#   description: "Standard deviation [phase] of Gaussian 1 component"
#   meta:
#     ucd: stat.stdev
# - 
#   name: geom_model_gaussian1_sigma_error
#   datatype: float32
#   description: "Uncertainty of \\texttt{geomModelGaussian1Sigma}"
#   meta:
#     ucd: stat.error
# - 
#   name: geom_model_gaussian1_depth
#   datatype: float32
#   unit: mag
#   description: Magnitude depth of Gaussian 1 component
#   meta:
#     ucd: src.var.amplitude
# - 
#   name: geom_model_gaussian1_depth_error
#   datatype: float32
#   unit: mag
#   description: "Uncertainty of \\texttt{geomModelGaussian1Depth}"
#   meta:
#     ucd: stat.error;src.var.amplitude
# - 
#   name: geom_model_gaussian2_phase
#   datatype: float32
#   description: Phase of Gaussian 2 component
#   meta:
#     ucd: time.phase
# - 
#   name: geom_model_gaussian2_phase_error
#   datatype: float32
#   description: "Uncertainty of \\texttt{geomModelGaussian2Phase}"
#   meta:
#     ucd: stat.error;time.phase
# - 
#   name: geom_model_gaussian2_sigma
#   datatype: float32
[...]
#   datatype: float32
#   description: "Secondary eclipse: uncertainty of \\texttt{derivedSecondaryEclDuration}"
#   meta:
#     ucd: stat.error;time.duration
# - 
#   name: derived_secondary_ecl_depth
#   datatype: float32
#   unit: mag
#   description: "Secondary eclipse: depth"
#   meta:
#     ucd: src.var.amplitude
# - 
#   name: derived_secondary_ecl_depth_error
#   datatype: float32
#   unit: mag
#   description: "Secondary eclipse: uncertainty of \\texttt{derivedSecondaryEclDepth}"
#   meta:
#     ucd: stat.error;src.var.amplitude
solution_id,source_id,global_ranking,reference_time,frequency,frequency_error,geom_model_reference_level,geom_model_reference_level_error,geom_model_gaussian1_phase,geom_model_gaussian1_phase_error,geom_model_gaussian1_sigma,geom_model_gaussian1_sigma_error,geom_model_gaussian1_depth,geom_model_gaussian1_depth_error,geom_model_gaussian2_phase,geom_model_gaussian2_phase_error,geom_model_gaussian2_sigma,geom_model_gaussian2_sigma_error,geom_model_gaussian2_depth,geom_model_gaussian2_depth_error,geom_model_cosine_half_period_amplitude,geom_model_cosine_half_period_amplitude_error,geom_model_cosine_half_period_phase,geom_model_cosine_half_period_phase_error,model_type,num_model_parameters,reduced_chi2,derived_primary_ecl_phase,derived_primary_ecl_phase_error,derived_primary_ecl_duration,derived_primary_ecl_duration_error,derived_primary_ecl_depth,derived_primary_ecl_depth_error,derived_secondary_ecl_phase,derived_secondary_ecl_phase_error,derived_secondary_ecl_duration,derived_secondary_ecl_duration_error,derived_secondary_ecl_depth,derived_secondary_ecl_depth_error
[from data line 401]
375316653866487564,5874553570515484672,0.6028684,2291.9220237886216,0.1872557532750369,3.0651017E-6,16.57317,8.3213864E-4,0.13829403,0.003337563,0.010611172,0.0017161325,0.34286493,0.033095706,0.6370376,0.003945195,0.011414693,0.0033223808,0.2786664,0.04101218,null,null,null,null,"TWOGAUSSIANS",8,4.734144,0.13829403,0.003337563,0.059422564,0.009610342,0.34286493,0.033095706,0.6370376,0.003945195,0.06392228,0.018605333,0.2786664,0.04101218
375316653866487564,5874553604929885568,0.59732735,2295.60157791264,0.9276136854417548,2.370378E-6,17.848333,0.004278234,0.218401,0.004858121,0.031219618,0.004484425,0.07878701,0.010386747,0.72013694,6.2151434E-4,0.03484552,8.6865074E-4,0.4989469,0.008171856,0.01607009,0.004842865,0.218401,0.004858121,"TWOGAUSSIANS_WITH_ELLIPSOIDAL_ON_ECLIPSE1",9,4.7142353,0.72013694,6.203031E-4,0.19513491,0.004864444,0.5310832,0.004238255,0.218401,0.004858121,0.17482986,0.02511278,0.11092718,0.0064471103
375316653866487564,5874554223350909312,0.47201183,2292.9007566981027,3.3880971288702817,1.9812409E-5,19.832087,0.023770822,0.23522495,0.0048971553,0.051744673,0.009637035,0.29743382,0.05436799,0.67601484,0.017407205,0.057137437,0.012149949,0.45431426,0.095382944,0.0768816,0.03277282,0.23522495,0.0048971553,"TWOGAUSSIANS_WITH_ELLIPSOIDAL_ON_ECLIPSE1",9,6.7528467,0.6804348,0.01539517,0.31996965,0.06803971,0.5892028,0.07718778,0.23522495,0.0048971553,0.28977016,0.053967398,0.451194,0.042485453
375316653866487564,5874554773106317312,0.47452012,2269.802444365872,2.9510930769150527,2.6239979E-5,19.133179,0.05442551,0.27798152,0.010160965,0.09317083,0.022301454,0.239994,0.053440746,0.78069067,0.0058107413,0.1045301,0.025289064,0.30859196,0.038721416,null,null,null,null,"TWOGAUSSIANS",8,5.1804886,0.78069067,0.0058107413,0.4,0.0,0.2870121,0.023127938,0.27798152,0.0101719415,0.4,0.0,0.21842054,0.02560483
375316653866487564,5874555146759230720,0.5194016,2297.1149208213646,0.35717809835827263,1.30846165E-5,17.251286,0.0012854595,0.22713296,0.0015615155,0.017747786,0.0018282661,0.12097749,0.008327515,0.7253259,0.0050762054,0.015409469,0.0030200616,0.23779473,0.037542798,null,null,null,null,"TWOGAUSSIANS",8,4.2181325,0.7253259,0.0050762054,0.08629303,0.016912345,0.23779473,0.037542798,0.22713296,0.0015615155,0.0993876,0.01023829,0.12097749,0.008327515
375316653866487564,5874555219837686272,0.60854626,2302.931565287777,2.544822217142703,7.260231E-6,15.050649,0.0069049066,0.274525,7.772419E-4,0.048582517,0.0026599749,0.37275115,0.011725971,0.7759305,0.0036049322,0.055967774,0.003572139,0.34044164,0.028506482,0.112653434,0.008421311,0.274525,7.772419E-4,"TWOGAUSSIANS_WITH_ELLIPSOIDAL_ON_ECLIPSE1",9,136.55132,0.274525,7.772419E-4,0.2720621,0.014895858,0.5980432,0.015799168,0.7759305,0.0035877672,0.31341952,0.020003978,0.56571615,0.021731352
375316653866487564,5874555254142804096,0.4214436,2301.719010001919,1.2085343194096367,3.060792E-5,19.090586,0.0056422707,0.28917506,0.020608129,0.009094766,0.011117814,0.17146611,0.11197044,0.8291149,0.0064917793,0.05064733,0.0059747193,0.12530616,0.018211745,null,null,null,null,"TWOGAUSSIANS",8,3.6360724,0.28917506,0.020608129,0.050930694,0.062259756,0.17146611,0.11197044,0.8291149,0.0064917793,0.28362507,0.033458427,0.12530616,0.018211745
375316653866487564,5874555357222190208,0.51132715,2290.121550242999,2.5609410932019694,9.44759E-6,19.643333,0.011355303,0.23020847,0.005295429,0.08782362,0.007618988,0.30601585,0.016922442,0.7263278,0.0024524054,0.07890527,0.0050873845,0.35521662,0.015382942,null,null,null,null,"TWOGAUSSIANS",8,1.3912808,0.7263278,0.0024524054,0.4,0.0,0.34840783,0.015298668,0.23020847,0.005295429,0.4,0.0,0.299207,0.017559087
375316653866487564,5874555597809474048,0.54205,2297.8643043124694,0.5051166670373758,7.564528E-6,16.490173,0.0012919835,0.26863432,0.0011172913,0.026008762,0.0010861976,0.14565292,0.0050699767,0.7707655,0.0015181322,0.030870302,0.0024886741,0.124825716,0.006914124,null,null,null,null,"TWOGAUSSIANS",8,6.3673797,0.26863432,0.0011172913,0.14564908,0.006082706,0.14565292,0.0050699767,0.7707655,0.0015181322,0.17287369,0.013936575,0.124825716,0.006914124
375316653866487564,5874556010057303936,0.51739913,2285.972326205193,3.1339098469342317,1.0685932E-5,19.720766,0.011063186,0.27951,0.00356196,0.077584356,0.0047778157,0.45751783,0.017436929,0.7707548,0.006432025,0.07666031,0.006638419,0.39799064,0.03352957,null,null,null,null,"TWOGAUSSIANS",8,1.7900172,0.27951,0.00356196,0.4,0.0,0.45381215,0.017257843,0.7707548,0.006432025,0.4,0.0,0.394285,0.033861265
375316653866487564,5874556422374467200,0.43371284,2276.0416567201637,2.967945901258418,5.2995852E-5,19.278252,0.018407376,0.23382424,0.05010235,0.05719803,0.03531095,0.2280266,0.058654383,0.72329855,0.032123268,0.07535614,0.029083015,0.19859444,0.051209398,null,null,null,null,"TWOGAUSSIANS",8,9.395219,0.23382424,0.05010235,0.32030898,0.12824434,0.22777593,0.057950433,0.72329855,0.032123268,0.4,0.080566816,0.19834377,0.05059522
375316653866487564,5874557105267547392,0.5368169,2294.4124436829006,2.3720231301919865,1.3632407E-5,17.94367,0.014664453,0.25023034,0.004446856,0.09995108,0.010499619,0.17110421,0.013759151,0.7545088,0.0074502886,0.088935584,0.011390292,0.17229944,0.016271293,null,null,null,null,"TWOGAUSSIANS",8,3.427983,0.7545088,0.0074502886,0.4,0.0,0.16259296,0.0080469875,0.25023034,0.004446856,0.4,0.0,0.16139649,0.0078011653
375316653866487564,5874557109623380736,0.6064025,2301.10273710612,1.3601494628165323,6.90618E-6,17.18088,0.007734239,0.23317555,0.0015156481,0.05035262,0.004196652,0.24670953,0.017664608,0.73729587,0.0065307696,0.05411551,0.0060123424,0.24350503,0.025828492,0.12405316,0.01033004,0.23317555,0.0015156481,"TWOGAUSSIANS_WITH_ELLIPSOIDAL_ON_ECLIPSE1",9,13.414193,0.23317555,0.0015156481,0.28197467,0.023501253,0.49480978,0.010526376,0.73729587,0.0065307696,0.30304688,0.033669118,0.491439,0.017806279
375316653866487564,5874557281367835520,0.4224793,2279.1950038081536,3.7075631701750162,5.6581335E-5,19.658861,0.026402207,0.22671658,0.0420204,0.06061335,0.044556256,0.24625047,0.09391033,0.72701544,0.0066252933,0.078617275,0.010770776,0.2768015,0.035296276,null,null,null,null,"TWOGAUSSIANS",8,6.390387,0.72701544,0.0066237487,0.4,0.0,0.27598172,0.032271948,0.22671658,0.0420204,0.33943474,0.09066993,0.24543071,0.10028453
375316653866487564,5874557762404293760,0.5103157,2284.7725350656638,2.536634561804836,1.3283454E-5,18.838503,0.011325025,0.25620088,0.0049884208,0.08917286,0.006330441,0.35017648,0.01889678,0.7691533,0.004393713,0.09272839,0.0064228885,0.3112931,0.015880624,null,null,null,null,"TWOGAUSSIANS",8,3.5314882,0.25620088,0.0049884208,0.4,0.0,0.3378116,0.01810852,0.7691533,0.004393713,0.4,0.0,0.29892796,0.015385965
375316653866487564,5874557968616931840,0.5761708,2313.7644741857703,1.8204988888904368,5.24797E-6,16.553415,0.0076048793,0.24969926,0.0022716604,0.101552844,0.00542207,0.16537653,0.0073928903,0.7251771,0.0013464746,0.09942155,0.0047467793,0.21908846,0.0061559854,null,null,null,null,"TWOGAUSSIANS",8,5.9528894,0.7251771,0.0013464746,0.4,0.0,0.20650321,0.0049556857,0.24970928,0.002272265,0.4,0.0,0.15279071,0.004778825
375316653866487564,5874558449653277184,0.49578685,2294.4269111282633,0.48647086456545946,1.859072E-5,15.8569145,7.0523476E-4,0.23340936,0.029231086,0.036585808,0.0693836,0.012799184,2.718881,0.679003,0.0034155617,0.018813977,0.002766049,0.08248373,0.0055591348,null,null,null,null,"TWOGAUSSIANS",8,7.1023774,0.679003,0.0034155617,0.10535827,0.0154898735,0.08248373,0.0055591217,0.23340936,0.029231086,0.20488054,0.23758991,0.012799184,2.718881
375316653866487564,5874558861970483712,0.5211007,2284.904629462347,0.5058795152917455,5.7604857E-6,17.864216,0.0025935567,0.25169697,0.04063038,0.031167325,0.030580599,0.021805711,980.2529,0.7630014,0.001286048,0.032284647,8.007111E-4,0.29478878,0.0060178423,null,null,null,null,"TWOGAUSSIANS",8,5.3713765,0.7630014,0.001286048,0.18079402,0.004483982,0.29478878,0.0060178423,0.25169697,0.04063038,0.17453702,0.17125136,0.021805711,980.2529
375316653866487564,5874558999357039616,0.548711,2282.521631911727,0.440146122545576,1.771689E-5,19.186049,0.005151853,0.26734555,0.013871986,0.029457048,0.006725606,0.94425505,0.26303825,0.76045126,0.0057797795,0.017833535,0.008700471,0.11076194,0.010169156,null,null,null,null,"TWOGAUSSIANS",8,2.11546,0.26734555,0.013871986,0.16495946,0.037663396,0.94425505,0.26303825,0.76045126,0.0057797795,0.09986779,0.048722636,0.11076194,0.010169156
375316653866487564,5874559342954490880,0.51312816,2277.316730912318,0.9643649887403947,4.44863E-5,17.664417,0.0054803616,0.543066,0.001590967,0.012713643,8.5975346E-4,0.5525741,0.051648084,0.976298,0.054186076,0.13907836,0.061833054,0.018153282,0.0072873696,null,null,null,null,"TWOGAUSSIANS",8,9.905041,0.543066,0.001590967,0.0711964,0.004814619,0.55266345,0.051659457,0.976298,0.054186076,0.4,0.0,0.018096292,0.007244889
375316653866487564,5874559343006832000,0.5259398,2333.599715242843,3.7219675372671954,2.7167946E-5,19.296865,0.02045728,0.22164339,0.0056662434,0.02836071,0.009620587,0.17914051,0.037235133,0.7328757,0.010300338,0.04631094,0.011646883,0.3142181,0.045464963,0.17483878,0.023875723,0.22164339,0.0056662434,"TWOGAUSSIANS_WITH_ELLIPSOIDAL_ON_ECLIPSE1",9,6.99533,0.7328757,0.010300338,0.25934127,0.06522254,0.66215646,0.028956138,0.22164339,0.0056662434,0.15881997,0.053875286,0.52881765,0.025623422
375316653866487564,5874559549165283328,0.45997947,2293.9950225100274,2.141284321329673,2.5979567E-5,16.904663,0.026036603,0.20919506,0.00662417,0.10437184,0.019047922,0.14851968,0.02432446,0.7176696,0.0069618574,0.110877365,0.01928238,0.13943684,0.025240326,null,null,null,null,"TWOGAUSSIANS",8,22.622,0.20918505,0.0066337995,0.4,0.0,0.13088752,0.0093626855,0.7176696,0.006956895,0.4,0.0,0.12179667,0.010490384
375316653866487564,5874559858402917248,0.45652598,2281.8151881600916,1.5784144494602386,2.1788068E-5,18.95747,0.012074062,0.23558757,0.007048111,0.076398045,0.011185675,0.12664014,0.014201733,0.727397,0.006854736,0.08657789,0.009607732,0.17533895,0.013314,null,null,null,null,"TWOGAUSSIANS",8,3.3675077,0.727397,0.006854736,0.4,0.0,0.17301492,0.011630522,0.23558757,0.007048111,0.4,0.0,0.12431614,0.01313409
375316653866487564,5874560751756207232,0.5169086,2308.2773313239336,1.097342263975664,1.0511923E-5,18.794996,0.017111281,0.28739616,0.0034216756,0.09006613,0.008249844,0.29035026,0.017402759,0.78716683,0.0028827484,0.10277208,0.009228437,0.23905872,0.015859863,null,null,null,null,"TWOGAUSSIANS",8,2.7288146,0.28739616,0.0034216756,0.4,0.0,0.2723299,0.016816612,0.78716683,0.0028827484,0.4,0.0,0.22103502,0.012388163
375316653866487564,5874560957914564480,0.4326564,2274.2232849287375,4.80024534377536,3.472336E-5,19.224949,0.14145139,0.17832612,0.0081274,0.022618942,0.003650516,0.13553415,0.07735463,0.5338342,0.02485018,0.19903101,0.07987424,0.30592796,0.1292529,null,null,null,null,"TWOGAUSSIANS",8,19.673454,0.5338342,0.02485018,0.4,0.0,0.27985445,0.042302623,0.18036611,0.008336906,0.12666608,0.02044289,0.17367609,0.0836591
375316653866487564,5874561198432757248,0.46256247,2305.3172952010827,0.1609739024710456,3.699517E-5,18.434713,0.0108043095,0.5103177,0.0014911968,0.007487909,0.0010482495,0.58001924,0.0640758,0.6971573,0.018294007,0.012839599,0.01343947,0.11642334,0.16143212,0.015725784,0.019268515,0.6971573,0.018294007,"TWOGAUSSIANS_WITH_ELLIPSOIDAL_ON_ECLIPSE2",9,32.587273,0.5103277,0.0014938734,0.04193229,0.0058701974,0.5847178,0.065481715,0.6971573,0.018294007,0.07190175,0.075261034,0.14787485,0.16475105
375316653866487564,5874561301523470976,0.4882993,2298.2767538858093,3.180612261126009,1.9768588E-5,19.512144,0.043091282,0.29779983,0.005731586,0.11476816,0.021043684,0.21821381,0.039472513,0.79016674,0.005074789,0.10751686,0.019013846,0.23297289,0.039975252,null,null,null,null,"TWOGAUSSIANS",8,1.3829268,0.79016674,0.005074789,0.4,0.0,0.1998381,0.012573699,0.2978098,0.0057387548,0.4,0.0,0.18505459,0.012859621
375316653866487564,5874562327971650304,0.4108068,2312.5203542516374,2.9734031975123445,3.1167598E-5,19.083107,0.0065792534,null,null,null,null,null,null,null,null,null,null,null,null,0.07813704,0.012171688,0.2964286,0.0074734944,"ELLIPSOIDAL",4,10.573758,null,null,null,null,null,null,null,null,null,null,null,null
375316653866487564,5874562465385874304,0.6004232,2290.8302091549517,1.9248394951386876,5.375643E-6,17.435844,0.0190874,0.2996715,0.0017833047,0.069130704,0.004640331,0.5118181,0.036074016,0.8099364,0.0013089913,0.056339014,0.0060230265,0.25136632,0.037030607,0.05957803,0.021669015,0.2996715,0.0017833047,"TWOGAUSSIANS_WITH_ELLIPSOIDAL_ON_ECLIPSE1",9,9.462956,0.2996715,0.0017833047,0.38713196,0.022258159,0.6302922,0.029798243,0.8099364,0.0013089913,0.3154985,0.03372895,0.3693454,0.010489848
375316653866487564,5874562572822387072,0.48557192,2295.747305405268,0.47879714778651766,2.1427259E-5,16.79753,0.0039545926,0.29040924,0.009750766,0.01378071,0.036355205,0.5317128,0.5649269,0.7941129,1.7650804E-5,0.0035356053,0.0010550533,0.028818047,0.008533886,0.01809383,0.0066751675,0.29040924,0.009750766,"TWOGAUSSIANS_WITH_ELLIPSOIDAL_ON_ECLIPSE1",9,8.274839,0.29040924,0.009750766,0.077171974,0.20358914,0.5679004,0.5766699,0.7941129,1.7650804E-5,0.019799389,0.005908299,0.06498609,0.005262911
375316653866487564,5874562607130218240,0.53999597,2301.4085046271193,3.1358601996398074,1.0848765E-5,19.332087,0.007397163,0.26257175,0.00308133,0.078523934,0.0035363033,0.28591105,0.0151958605,0.7660796,0.004149246,0.07619754,0.0041702823,0.3372513,0.010738027,null,null,null,null,"TWOGAUSSIANS",8,1.5711505,0.7660796,0.004149246,0.4,0.0,0.33414212,0.01018414,0.26257175,0.00308133,0.4,0.0,0.28280187,0.015094361
375316653866487564,5874563294324812672,0.56934434,2288.5327791360564,1.6893432444704275,7.4449317E-6,17.693508,0.0022623867,0.22914629,0.0017795425,0.053357493,0.005140929,0.07542383,0.0085200565,0.72978413,0.0039371257,0.030724302,0.0048664226,0.060114715,0.0063014375,0.075774595,0.0035061822,0.22914629,0.0017795425,"TWOGAUSSIANS_WITH_ELLIPSOIDAL_ON_ECLIPSE1",9,2.835278,0.22914629,0.0017795425,0.29880196,0.028789202,0.22697158,0.0068436814,0.72978413,0.0037483464,0.1720561,0.027251966,0.21166004,0.0046061743
375316653866487564,5874563358756163072,0.5165169,2292.0435585081814,1.9603737646364692,1.5415164E-5,18.936325,0.28053632,0.26314658,0.004482948,0.12789987,0.050545733,0.36768022,0.27393213,0.7651843,0.0037301483,0.118024886,0.029827276,0.42460543,0.25858307,null,null,null,null,"TWOGAUSSIANS",8,1.9526321,0.7652043,0.0034710744,0.4,0.0,0.32715675,0.011566023,0.2631366,0.004649475,0.4,0.0,0.26998568,0.014192677
375316653866487564,5874563500483362816,0.49790144,2304.225736727019,2.8415107861028948,1.4121832E-5,19.52247,0.02367848,0.22222073,0.0065424163,0.063909866,0.0094638225,0.37548712,0.028038017,0.7259856,0.015699547,0.07171656,0.021197807,0.47840753,0.06786337,null,null,null,null,"TWOGAUSSIANS",8,5.1049557,0.7259856,0.015699547,0.4,0.10266493,0.4775473,0.06835834,0.22222073,0.0065424163,0.35789526,0.052997407,0.3746269,0.027776986
375316653866487564,5874563874141204096,0.4786232,2297.7324176219277,2.610351385359138,1.2587707E-5,18.77087,0.037403185,0.2707483,0.009098898,0.105475895,0.023488501,0.17010064,0.03642298,0.7561225,0.0077493256,0.10198795,0.02226344,0.16031656,0.035589926,null,null,null,null,"TWOGAUSSIANS",8,3.7405934,0.2707483,0.009075034,0.4,0.0,0.15486601,0.012573918,0.7561225,0.0077493256,0.4,0.0,0.14508495,0.009847667
