Gaia/vari_eclipsing_binary/VariEclipsingBinary_676702-676717.csv
# %ECSV 1.0
# ---
# delimiter: ','
# meta: !!omap
# - RELEASE: Gaia DR3
# - TABLE: vari_eclipsing_binary
# - DESCRIPTION: >
#     This table describes the properties of the eclipsing binaries resulting from the variability analysis. 
# - CITATION: >
#     How to cite and acknowledge Gaia: 
#     https://gea.esac.esa.int/archive/documentation/credits.html 
# - KNOWN_ISSUES: >
#     Known issues: 
#     https://www.cosmos.esa.int/web/gaia-users/known-issues 
# - DOCUMENTATION: >
#     Tutorials and documentation: 
#     https://www.cosmos.esa.int/web/gaia-users/archive 
# datatype:
# - 
#   name: solution_id
#   datatype: int64
#   description: Solution Identifier
#   meta:
#     ucd: meta.version
# - 
#   name: source_id
#   datatype: int64
#   description: Unique source identifier
#   meta:
#     ucd: meta.id;meta.main
# - 
#   name: global_ranking
#   datatype: float32
#   description: Number between 0 (worst) and 1 (best)
#   meta:
#     ucd: stat.param
# - 
#   name: reference_time
#   datatype: float64
#   unit: d
#   description: Reference time used for the geometric model fit
#   meta:
#     ucd: time.epoch
# - 
#   name: frequency
#   datatype: float64
#   unit: d**-1
#   description: Frequency of geometric model of the eclipsing binary light curve
#   meta:
#     ucd: src.orbital
# - 
#   name: frequency_error
#   datatype: float32
#   unit: d**-1
#   description: "Uncertainty of \\texttt{frequency}"
#   meta:
#     ucd: stat.error
# - 
#   name: geom_model_reference_level
#   datatype: float32
#   unit: mag
#   description: Magnitude reference level of geometric model
#   meta:
#     ucd: phot.mag;em.opt
# - 
#   name: geom_model_reference_level_error
#   datatype: float32
#   unit: mag
#   description: "Uncertainty of \\texttt{geomModelReferenceLevel}"
#   meta:
#     ucd: stat.error;phot.mag;em.opt
# - 
#   name: geom_model_gaussian1_phase
#   datatype: float32
#   description: Phase of the Gaussian 1 component
#   meta:
#     ucd: time.phase
# - 
#   name: geom_model_gaussian1_phase_error
#   datatype: float32
#   description: "Uncertainty of \\texttt{geomModelGaussian1Phase}"
#   meta:
#     ucd: stat.error;time.phase
# - 
#   name: geom_model_gaussian1_sigma
#   datatype: float32
#   description: "Standard deviation [phase] of Gaussian 1 component"
#   meta:
#     ucd: stat.stdev
# - 
#   name: geom_model_gaussian1_sigma_error
#   datatype: float32
#   description: "Uncertainty of \\texttt{geomModelGaussian1Sigma}"
#   meta:
#     ucd: stat.error
# - 
#   name: geom_model_gaussian1_depth
#   datatype: float32
#   unit: mag
#   description: Magnitude depth of Gaussian 1 component
#   meta:
#     ucd: src.var.amplitude
# - 
#   name: geom_model_gaussian1_depth_error
#   datatype: float32
#   unit: mag
#   description: "Uncertainty of \\texttt{geomModelGaussian1Depth}"
#   meta:
#     ucd: stat.error;src.var.amplitude
# - 
#   name: geom_model_gaussian2_phase
#   datatype: float32
#   description: Phase of Gaussian 2 component
#   meta:
#     ucd: time.phase
# - 
#   name: geom_model_gaussian2_phase_error
#   datatype: float32
#   description: "Uncertainty of \\texttt{geomModelGaussian2Phase}"
#   meta:
#     ucd: stat.error;time.phase
# - 
#   name: geom_model_gaussian2_sigma
#   datatype: float32
[...]
#   datatype: float32
#   description: "Secondary eclipse: uncertainty of \\texttt{derivedSecondaryEclDuration}"
#   meta:
#     ucd: stat.error;time.duration
# - 
#   name: derived_secondary_ecl_depth
#   datatype: float32
#   unit: mag
#   description: "Secondary eclipse: depth"
#   meta:
#     ucd: src.var.amplitude
# - 
#   name: derived_secondary_ecl_depth_error
#   datatype: float32
#   unit: mag
#   description: "Secondary eclipse: uncertainty of \\texttt{derivedSecondaryEclDepth}"
#   meta:
#     ucd: stat.error;src.var.amplitude
solution_id,source_id,global_ranking,reference_time,frequency,frequency_error,geom_model_reference_level,geom_model_reference_level_error,geom_model_gaussian1_phase,geom_model_gaussian1_phase_error,geom_model_gaussian1_sigma,geom_model_gaussian1_sigma_error,geom_model_gaussian1_depth,geom_model_gaussian1_depth_error,geom_model_gaussian2_phase,geom_model_gaussian2_phase_error,geom_model_gaussian2_sigma,geom_model_gaussian2_sigma_error,geom_model_gaussian2_depth,geom_model_gaussian2_depth_error,geom_model_cosine_half_period_amplitude,geom_model_cosine_half_period_amplitude_error,geom_model_cosine_half_period_phase,geom_model_cosine_half_period_phase_error,model_type,num_model_parameters,reduced_chi2,derived_primary_ecl_phase,derived_primary_ecl_phase_error,derived_primary_ecl_duration,derived_primary_ecl_duration_error,derived_primary_ecl_depth,derived_primary_ecl_depth_error,derived_secondary_ecl_phase,derived_secondary_ecl_phase_error,derived_secondary_ecl_duration,derived_secondary_ecl_duration_error,derived_secondary_ecl_depth,derived_secondary_ecl_depth_error
[from data line 183]
375316653866487564,5952387341507301120,0.5774583,2192.799332074502,1.8204589530247184,7.2077887E-6,17.58187,0.009765543,0.28268555,0.004703498,0.09696364,0.008562793,0.15375644,0.009143298,0.75994724,0.0018748111,0.09200709,0.0041171066,0.23759654,0.009310755,null,null,null,null,"TWOGAUSSIANS",8,1.8476908,0.75994724,0.0018748111,0.4,0.0,0.22935277,0.006051498,0.28268555,0.004703498,0.4,0.0,0.1455121,0.00600637
375316653866487564,5952387375873952768,0.49928308,2217.944003723307,3.5500635978242223,4.2236672E-5,18.565557,0.09964373,0.2537722,0.015229224,0.079635896,0.05925417,0.19098215,0.06607483,0.74245346,0.0068868753,0.10524588,0.033120256,0.22185951,0.09220783,null,null,null,null,"TWOGAUSSIANS",8,4.832361,0.74245346,0.0068868753,0.4,0.0,0.2128679,0.018687548,0.2537722,0.01593519,0.4,8.2983467E-4,0.18199681,0.036582462
375316653866487564,5952387483330017664,0.5815022,2226.2226893864513,2.1955777856716576,1.4389039E-5,17.908737,0.009893853,0.19372183,0.003294264,0.08031516,0.005783018,0.37579182,0.013668222,0.6969829,0.001953354,0.08367991,0.0034746833,0.35868126,0.013003197,null,null,null,null,"TWOGAUSSIANS",8,6.574033,0.19372183,0.003294264,0.4,0.0,0.36917615,0.014789084,0.6969829,0.001953354,0.4,0.0,0.35206556,0.012301409
375316653866487564,5952387513308593536,0.66548544,2254.428579251928,2.3912817079064146,5.6516055E-6,17.583445,0.003906623,0.19492994,0.0012696739,0.047145087,0.0022097763,0.33133984,0.020811947,0.6952864,6.614793E-4,0.05050171,0.0013123772,0.30102053,0.008550347,0.07946039,0.005929149,0.19492994,0.0012696739,"TWOGAUSSIANS_WITH_ELLIPSOIDAL_ON_ECLIPSE1",9,1.5743047,0.19492994,0.0012696739,0.2640125,0.012374748,0.49025887,0.02114676,0.6952864,6.4103556E-4,0.2828096,0.0073493123,0.45993876,0.0047243605
375316653866487564,5952387655107187584,0.46000916,2220.749163715355,0.12822934698348826,2.4768156E-5,18.716309,0.004373325,0.5238594,0.0021967897,0.011449439,0.0054442394,0.18912038,0.15644704,0.7643318,0.036295813,0.054487962,0.020061767,0.04914184,0.021116253,null,null,null,null,"TWOGAUSSIANS",8,3.0224254,0.5238594,0.0021967897,0.06411686,0.03048774,0.18912329,0.15644576,0.7643318,0.036295813,0.3051326,0.1123459,0.04914184,0.021116253
375316653866487564,5952387719471152640,0.47661707,2215.612245249428,1.5762559181373568,2.4927094E-5,17.300669,0.0018404226,null,null,null,null,null,null,null,null,null,null,null,null,0.03244093,0.0019765482,0.25262722,0.0070340787,"ELLIPSOIDAL",4,4.0074477,null,null,null,null,null,null,null,null,null,null,null,null
375316653866487564,5952387826851859968,0.5022084,2227.1190253689297,3.2109811001355517,1.6091446E-5,16.01201,0.0043620784,0.21735868,0.008776513,0.077719934,0.0155324815,0.067489244,0.0037917902,0.7242883,0.008745153,0.08105525,0.009299444,0.06971709,0.0050747627,null,null,null,null,"TWOGAUSSIANS",8,6.2194824,0.7242883,0.008745153,0.4,0.0,0.06887791,0.0039947475,0.21735868,0.008776513,0.4,0.0,0.06665007,0.004468212
375316653866487564,5952388857649535360,0.53252584,2232.6273155068648,3.7872628609495966,1.2824359E-5,19.749327,0.03105703,0.27141058,0.0051630223,0.09793967,0.008153448,0.6735874,0.034309827,0.80933553,0.0034389994,0.069799826,0.006877887,0.68086666,0.07594372,null,null,null,null,"TWOGAUSSIANS",8,1.6760149,0.80933553,0.0034350613,0.390879,0.030155824,0.6730903,0.07817612,0.27141058,0.0051630223,0.4,0.0,0.6658009,0.031457298
375316653866487564,5952388922062181760,0.5234137,2236.1579927555326,3.6203654563556302,1.2098536E-5,17.793598,0.0047487766,0.23286508,0.006174317,0.06489907,0.0063793897,0.11458558,0.011209691,0.7329704,0.006668962,0.069557734,0.0077563087,0.10332732,0.0056670434,null,null,null,null,"TWOGAUSSIANS",8,2.521032,0.23286508,0.006174317,0.36343482,0.035724584,0.1143705,0.011196174,0.7329704,0.006668962,0.3895233,0.035087403,0.10311224,0.00553762
375316653866487564,5952389647923969536,0.42429572,2274.5741397397896,1.3486794158466933,3.2453547E-5,19.589773,0.02330529,0.2552228,0.0072679087,0.029492708,0.0127525125,1.4340023,30.64309,0.83664364,0.0011419093,0.018379776,0.0025550565,0.783972,0.2009571,null,null,null,null,"TWOGAUSSIANS",8,6.327161,0.2552228,0.0072679087,0.16515917,0.07141407,1.4340023,30.64309,0.83664364,0.0011419093,0.102926746,0.014308316,0.783972,0.2009571
375316653866487564,5952389854082216704,0.5082109,2239.264413546294,3.652978153051633,2.2944838E-5,18.720934,0.011818205,0.20314671,0.005696368,0.092729814,0.008265915,0.23926917,0.017441697,0.6783396,0.0068306006,0.099551104,0.01459446,0.16564657,0.0129472455,null,null,null,null,"TWOGAUSSIANS",8,2.0166361,0.20314671,0.005693964,0.4,0.0,0.2297714,0.019071572,0.6783396,0.0068306006,0.4,0.0,0.15614729,0.014293374
375316653866487564,5952389987209811840,0.5273712,2225.5046461054017,1.9926288861197954,1.51788345E-5,17.383162,0.009972112,0.21188644,0.0059089647,0.09855062,0.01008458,0.12387061,0.011449042,0.71030426,0.0047976174,0.096764475,0.011519003,0.12060572,0.009528916,null,null,null,null,"TWOGAUSSIANS",8,2.8739767,0.21188644,0.0059089647,0.4,0.0,0.11483099,0.0074685477,0.71030426,0.0047976174,0.4,0.0,0.11156635,0.0071703955
375316653866487564,5952390300759246848,0.5179851,2235.073020089073,2.7014126362865643,1.9511213E-5,19.439842,0.056094084,0.27458924,0.005586862,0.102225095,0.019222518,0.45209357,0.04262261,0.78199065,0.0070525827,0.098757096,0.022057518,0.3414983,0.05018268,null,null,null,null,"TWOGAUSSIANS",8,2.1840277,0.27458924,0.005595193,0.4,0.0,0.4196098,0.042278573,0.78199065,0.007051453,0.4,0.0,0.30901867,0.038576003
375316653866487564,5952390468246194304,0.5011794,2246.686055776044,3.3624613372096377,2.305293E-5,17.953606,0.016231965,0.25545546,0.0034786926,0.08982013,0.0055085346,0.39794186,0.015688999,0.7428608,0.00594591,0.088681825,0.0068084933,0.33399117,0.021340376,null,null,null,null,"TWOGAUSSIANS",8,4.8193445,0.25545546,0.0034786926,0.4,0.0,0.38613352,0.010878715,0.7428608,0.00594591,0.4,0.0,0.32218292,0.017716551
375316653866487564,5952390884944265216,0.45185125,2299.554948286175,0.012527998160689686,2.0603002E-4,16.694237,0.0040275296,0.35500395,0.024116747,0.050870955,0.07811973,0.14110246,1.0020554,0.93567944,0.019951915,0.0045227516,0.01950422,0.7699015,16.387007,null,null,null,null,"TWOGAUSSIANS",8,3.9147787,0.93567944,0.019951915,0.025327407,0.10922363,0.7699015,16.387005,0.35500395,0.024116747,0.28487733,0.16388854,0.14110246,1.0020595
375316653866487564,5952391224157949824,0.63581824,2221.678257777273,2.3751832319203077,5.4870698E-6,16.407825,0.008477989,0.30186793,0.0013076338,0.08201474,0.0030233546,0.33722422,0.014580029,0.8039982,0.0022785647,0.090858966,0.0051197726,0.3028738,0.009186044,null,null,null,null,"TWOGAUSSIANS",8,6.536177,0.30186793,0.0013076338,0.4,0.0,0.327859,0.014233008,0.8039982,0.0022785647,0.4,0.0,0.29350847,0.008642266
375316653866487564,5952391537757719296,0.50406563,2215.7282836339305,0.01842366839625726,5.3071668E-5,19.648525,0.047675993,0.16656522,0.004793137,0.07035149,0.012560556,0.18740617,0.033648368,0.69518244,0.014270736,0.14789458,0.027344795,0.43120626,0.0630108,null,null,null,null,"TWOGAUSSIANS",8,1.532722,0.69518244,0.014270736,0.4,0.0,0.39827988,0.05076157,0.16545524,0.0040273997,0.39396834,0.055645127,0.1579111,0.014849579
375316653866487564,5952392431057426304,0.5593162,2210.974385037238,1.9942734321080646,1.0380578E-5,18.585552,0.027023323,0.30006754,0.003488927,0.09057002,0.012006221,0.37851256,0.01696872,0.79507697,0.003983789,0.1054118,0.012360474,0.2625876,0.029478552,null,null,null,null,"TWOGAUSSIANS",8,2.052596,0.30006754,0.003496083,0.4,0.0,0.35622698,0.022880571,0.79507697,0.003983789,0.4,0.0,0.24029519,0.02353436
375316653866487564,5952392602855985664,0.47831085,2237.140448568662,2.6866504150147725,4.1681975E-5,18.70939,0.013012478,0.16043143,0.008484267,0.09847676,0.015052818,0.19894099,0.022293774,0.6567604,0.0065347296,0.08686936,0.011192087,0.18944818,0.014051897,null,null,null,null,"TWOGAUSSIANS",8,2.6249824,0.16043143,0.008484267,0.4,0.0,0.18927193,0.024921447,0.6567604,0.0065347296,0.4,0.0,0.17978011,0.012605554
375316653866487564,5952392740295047680,0.54691994,2223.634101557492,3.065189808656317,1.7331213E-5,18.784767,0.010249437,0.25710425,0.0047619245,0.08698235,0.0072849165,0.24981669,0.011751142,0.76305157,0.0032807335,0.09585513,0.0056389286,0.2697234,0.013116436,null,null,null,null,"TWOGAUSSIANS",8,1.5556633,0.76305157,0.0032807335,0.4,0.0,0.25842986,0.011667379,0.25710425,0.0047619245,0.4,0.0,0.23852383,0.010523097
375316653866487564,5952392877787611648,0.4493169,2211.010901743896,2.6880182506335237,4.699222E-5,17.906618,0.003310817,0.30190006,0.0037774977,0.019203776,0.01588873,0.17394756,124.72056,0.75577766,0.0067561497,0.039566293,0.018879803,0.078813955,0.4476561,0.024847003,0.0043590516,0.75577766,0.0067561497,"TWOGAUSSIANS_WITH_ELLIPSOIDAL_ON_ECLIPSE2",9,4.642711,0.30154008,0.004118347,0.10754115,0.08897689,0.21961439,124.72123,0.75577766,0.0067561497,0.22157125,0.1057269,0.12850785,0.4500525
375316653866487564,5952393388828343552,0.45871577,2232.313110661873,0.7656315298663265,7.9849255E-5,17.565987,0.007314692,0.2204842,0.05486943,0.07830589,0.02330846,0.02934077,0.012788428,0.6024796,0.0020193118,0.01636853,0.0017491365,0.25556365,0.05312687,null,null,null,null,"TWOGAUSSIANS",8,21.342396,0.6024796,0.0020193118,0.09166377,0.009795165,0.25556386,0.05312631,0.2204842,0.05486943,0.4,0.03989756,0.02934077,0.012788432
375316653866487564,5952393942939812096,0.40592158,2230.775252046658,0.652820536066051,2.145812E-4,17.08093,0.00516255,0.22205588,0.09392751,0.06345821,0.03951587,0.021372154,0.011248816,0.6366315,0.020096825,0.13003567,0.019855723,0.07147569,0.01163209,null,null,null,null,"TWOGAUSSIANS",8,6.16222,0.6366315,0.020096825,0.4,0.0,0.070545346,0.011767109,0.22418588,0.0947166,0.35536596,0.2188542,0.02089972,0.009632222
375316653866487564,5952394282177208192,0.5025819,2232.079529589826,2.4665297734200444,3.4429697E-5,17.333353,0.48605356,0.22327912,0.005397064,0.123634085,0.07224968,0.21307977,0.408756,0.7232543,0.006066903,0.13393138,0.110264584,0.20565517,0.4721207,null,null,null,null,"TWOGAUSSIANS",8,9.314377,0.22327912,0.005321314,0.4,0.0,0.14999768,0.009603019,0.7232543,0.0060746484,0.4,0.0,0.14230573,0.014748781
375316653866487564,5952394557077461760,0.516647,2233.287292822571,4.0045515844080875,3.2148353E-5,19.121494,0.016927972,0.32315773,0.052330002,0.08879727,0.027878888,0.30802277,0.093908064,0.81655926,0.004143575,0.07633268,0.0068396544,0.33927932,0.022809703,null,null,null,null,"TWOGAUSSIANS",8,3.0090773,0.81655926,0.004143575,0.4,0.0,0.33347628,0.02278303,0.32315773,0.052330002,0.4,0.04843445,0.30221963,0.090417214
375316653866487564,5952394870652829440,0.5579946,2231.3108728844177,0.3513210031122409,1.5463287E-5,15.838994,0.006001302,0.49090528,0.05362214,0.1595001,0.09772363,0.022877224,0.0056587704,0.9274201,0.0028465546,0.012787365,0.003943361,0.4976317,0.5650965,null,null,null,null,"TWOGAUSSIANS",8,38.547646,0.9274201,0.0028465546,0.071609244,0.022082822,0.49787965,0.5650911,0.49090528,0.05362214,0.4,0.0,0.022539863,0.0048983837
375316653866487564,5952395076811343104,0.5493498,2254.34861472863,2.339728547977658,2.5037287E-5,17.500648,0.00839431,0.22240716,0.0064662,0.055594303,0.0052210907,0.661442,0.034393687,0.7156449,0.005264131,0.060725164,0.0092515005,0.43785018,0.10276756,null,null,null,null,"TWOGAUSSIANS",8,32.85626,0.22240716,0.0064662,0.31132808,0.029238109,0.6613616,0.034389623,0.7156449,0.005264131,0.34006092,0.051808402,0.43776977,0.10288476
375316653866487564,5952395111124167296,0.5036283,2233.649415941217,2.476420118280004,2.801824E-5,17.630224,0.018849473,0.26409367,0.004333805,0.08205477,0.0097306315,0.26437363,0.017328838,0.761987,0.0067163897,0.096852325,0.014276308,0.23071724,0.020336289,null,null,null,null,"TWOGAUSSIANS",8,14.034197,0.26409367,0.004333805,0.4,0.0,0.2548535,0.0121295545,0.761987,0.0067163897,0.4,0.0,0.22119634,0.02003701
375316653866487564,5952395347329027584,0.5295982,2229.599403674412,0.8993395171604993,2.399193E-5,16.28244,0.0032805065,0.30385953,0.014504976,0.037647,0.010126696,0.2018593,0.03058874,0.7938886,0.007003089,0.04013688,0.0047238595,0.04071642,0.0044898153,null,null,null,null,"TWOGAUSSIANS",8,20.754717,0.30385953,0.014504976,0.21082322,0.0567095,0.2018593,0.030588739,0.7938886,0.007003089,0.22476652,0.026453614,0.04071642,0.0044898144
375316653866487564,5952395798317575808,0.58483535,2248.7788620343,2.7356629745262757,6.1412456E-6,18.818058,0.008690946,0.24976619,0.004509961,0.079686865,0.006499329,0.25548884,0.017561087,0.73808694,0.001146511,0.08191295,0.002499292,0.4010579,0.008037578,null,null,null,null,"TWOGAUSSIANS",8,1.0606089,0.73808694,0.001146511,0.4,0.0,0.39679644,0.0067083314,0.24976619,0.004509961,0.4,0.0,0.25122738,0.017717045
375316653866487564,5952396004472160128,0.5340456,2200.271732468774,2.300367561813489,1.50557535E-5,19.427359,0.038027067,0.23826718,0.022695132,0.08220824,0.04056125,0.2699946,0.017460888,0.73628634,0.0042315796,0.0801995,0.010646687,0.4840599,0.038622573,null,null,null,null,"TWOGAUSSIANS",8,2.1007843,0.73628634,0.0042315796,0.4,0.0,0.47802454,0.029158253,0.23826718,0.022695132,0.4,0.0,0.26395923,0.03210058
375316653866487564,5952396584301322496,0.48871398,2230.2988137053817,3.9674650845063524,2.4419618E-5,19.004292,0.066390336,0.28721246,0.0044664172,0.117630616,0.025385233,0.27684617,0.05541906,0.79025865,0.0051589534,0.11166655,0.021440702,0.3213948,0.056641325,null,null,null,null,"TWOGAUSSIANS",8,1.9242347,0.79026866,0.0051708976,0.4,0.0,0.26788542,0.021153668,0.28720245,0.00447731,0.4,0.0,0.22329903,0.022225667
375316653866487564,5952396790460449664,0.45060965,2236.0483255420268,2.6366803935421617,5.339657E-5,19.248577,0.12166425,0.21814825,0.01343154,0.07527801,0.024405442,0.66802925,0.10077991,0.7276286,0.015880646,0.094286814,0.045366347,0.43811846,0.08287751,null,null,null,null,"TWOGAUSSIANS",8,19.291874,0.21814825,0.013457978,0.4,0.0064036823,0.65659904,0.101697125,0.7276286,0.015880646,0.4,0.0,0.42668745,0.03432756
375316653866487564,5952396859157684736,0.54463154,2213.996643441094,2.571703518523971,4.459544E-5,17.827116,0.008341111,0.24860075,0.0027567637,0.0534811,0.005990192,0.09819938,0.02942789,0.7625359,0.008422854,0.03809175,0.00976073,0.25306842,0.10610218,0.11355393,0.015282032,0.24860075,0.0027567637,"TWOGAUSSIANS_WITH_ELLIPSOIDAL_ON_ECLIPSE1",9,12.375285,0.7625359,0.008422854,0.21331379,0.054660086,0.47843775,0.10772047,0.24860075,0.0027567637,0.29949415,0.033545073,0.32530537,0.018513437
375316653866487564,5952397065316165760,0.6115956,2212.3340041279184,2.5124400814625814,5.1923575E-6,16.486963,0.024834195,0.26341265,0.01382605,0.05780391,0.014047918,0.22143611,0.054325458,0.75105494,0.0035281007,0.06282234,0.008368814,0.39195764,0.04556544,0.08334044,0.027523603,0.75105494,0.0035281007,"TWOGAUSSIANS_WITH_ELLIPSOIDAL_ON_ECLIPSE2",9,15.633754,0.75105494,0.0035281007,0.35180512,0.046865363,0.5584902,0.028760023,0.26137266,0.012042788,0.3237019,0.07866834,0.38713133,0.007902481
375316653866487564,5952397069624455168,0.43321246,2225.967205318027,3.009165792186231,4.4131026E-5,18.116978,0.007808805,0.8404337,0.009383915,0.029918069,0.011287446,0.09996497,1.4148548,null,null,null,null,null,null,0.07843288,0.010542177,0.8404337,0.009383915,"ONEGAUSSIAN_WITH_ELLIPSOIDAL",6,23.381172,0.8404337,0.009383915,0.16754119,0.0632097,0.25683057,1.4140923,null,null,null,null,null,null
375316653866487564,5952397207063497088,0.54659027,2225.6548779622726,3.0020005790068236,4.3417152E-5,18.112923,0.009632598,0.21205495,0.0033564775,0.07561919,0.005879362,0.39996997,0.013085955,0.7289656,0.006755813,0.08679925,0.0077695805,0.40488642,0.012704645,null,null,null,null,"TWOGAUSSIANS",8,7.8098354,0.7289656,0.006755813,0.4,0.0,0.3998128,0.01211701,0.21205495,0.0033564775,0.4,0.0,0.39489642,0.012491847
