Gaia/vari_eclipsing_binary/VariEclipsingBinary_668594-668624.csv
# %ECSV 1.0
# ---
# delimiter: ','
# meta: !!omap
# - RELEASE: Gaia DR3
# - TABLE: vari_eclipsing_binary
# - DESCRIPTION: >
#     This table describes the properties of the eclipsing binaries resulting from the variability analysis. 
# - CITATION: >
#     How to cite and acknowledge Gaia: 
#     https://gea.esac.esa.int/archive/documentation/credits.html 
# - KNOWN_ISSUES: >
#     Known issues: 
#     https://www.cosmos.esa.int/web/gaia-users/known-issues 
# - DOCUMENTATION: >
#     Tutorials and documentation: 
#     https://www.cosmos.esa.int/web/gaia-users/archive 
# datatype:
# - 
#   name: solution_id
#   datatype: int64
#   description: Solution Identifier
#   meta:
#     ucd: meta.version
# - 
#   name: source_id
#   datatype: int64
#   description: Unique source identifier
#   meta:
#     ucd: meta.id;meta.main
# - 
#   name: global_ranking
#   datatype: float32
#   description: Number between 0 (worst) and 1 (best)
#   meta:
#     ucd: stat.param
# - 
#   name: reference_time
#   datatype: float64
#   unit: d
#   description: Reference time used for the geometric model fit
#   meta:
#     ucd: time.epoch
# - 
#   name: frequency
#   datatype: float64
#   unit: d**-1
#   description: Frequency of geometric model of the eclipsing binary light curve
#   meta:
#     ucd: src.orbital
# - 
#   name: frequency_error
#   datatype: float32
#   unit: d**-1
#   description: "Uncertainty of \\texttt{frequency}"
#   meta:
#     ucd: stat.error
# - 
#   name: geom_model_reference_level
#   datatype: float32
#   unit: mag
#   description: Magnitude reference level of geometric model
#   meta:
#     ucd: phot.mag;em.opt
# - 
#   name: geom_model_reference_level_error
#   datatype: float32
#   unit: mag
#   description: "Uncertainty of \\texttt{geomModelReferenceLevel}"
#   meta:
#     ucd: stat.error;phot.mag;em.opt
# - 
#   name: geom_model_gaussian1_phase
#   datatype: float32
#   description: Phase of the Gaussian 1 component
#   meta:
#     ucd: time.phase
# - 
#   name: geom_model_gaussian1_phase_error
#   datatype: float32
#   description: "Uncertainty of \\texttt{geomModelGaussian1Phase}"
#   meta:
#     ucd: stat.error;time.phase
# - 
#   name: geom_model_gaussian1_sigma
#   datatype: float32
#   description: "Standard deviation [phase] of Gaussian 1 component"
#   meta:
#     ucd: stat.stdev
# - 
#   name: geom_model_gaussian1_sigma_error
#   datatype: float32
#   description: "Uncertainty of \\texttt{geomModelGaussian1Sigma}"
#   meta:
#     ucd: stat.error
# - 
#   name: geom_model_gaussian1_depth
#   datatype: float32
#   unit: mag
#   description: Magnitude depth of Gaussian 1 component
#   meta:
#     ucd: src.var.amplitude
# - 
#   name: geom_model_gaussian1_depth_error
#   datatype: float32
#   unit: mag
#   description: "Uncertainty of \\texttt{geomModelGaussian1Depth}"
#   meta:
#     ucd: stat.error;src.var.amplitude
# - 
#   name: geom_model_gaussian2_phase
#   datatype: float32
#   description: Phase of Gaussian 2 component
#   meta:
#     ucd: time.phase
# - 
#   name: geom_model_gaussian2_phase_error
#   datatype: float32
#   description: "Uncertainty of \\texttt{geomModelGaussian2Phase}"
#   meta:
#     ucd: stat.error;time.phase
# - 
#   name: geom_model_gaussian2_sigma
#   datatype: float32
[...]
#   datatype: float32
#   description: "Secondary eclipse: uncertainty of \\texttt{derivedSecondaryEclDuration}"
#   meta:
#     ucd: stat.error;time.duration
# - 
#   name: derived_secondary_ecl_depth
#   datatype: float32
#   unit: mag
#   description: "Secondary eclipse: depth"
#   meta:
#     ucd: src.var.amplitude
# - 
#   name: derived_secondary_ecl_depth_error
#   datatype: float32
#   unit: mag
#   description: "Secondary eclipse: uncertainty of \\texttt{derivedSecondaryEclDepth}"
#   meta:
#     ucd: stat.error;src.var.amplitude
solution_id,source_id,global_ranking,reference_time,frequency,frequency_error,geom_model_reference_level,geom_model_reference_level_error,geom_model_gaussian1_phase,geom_model_gaussian1_phase_error,geom_model_gaussian1_sigma,geom_model_gaussian1_sigma_error,geom_model_gaussian1_depth,geom_model_gaussian1_depth_error,geom_model_gaussian2_phase,geom_model_gaussian2_phase_error,geom_model_gaussian2_sigma,geom_model_gaussian2_sigma_error,geom_model_gaussian2_depth,geom_model_gaussian2_depth_error,geom_model_cosine_half_period_amplitude,geom_model_cosine_half_period_amplitude_error,geom_model_cosine_half_period_phase,geom_model_cosine_half_period_phase_error,model_type,num_model_parameters,reduced_chi2,derived_primary_ecl_phase,derived_primary_ecl_phase_error,derived_primary_ecl_duration,derived_primary_ecl_duration_error,derived_primary_ecl_depth,derived_primary_ecl_depth_error,derived_secondary_ecl_phase,derived_secondary_ecl_phase_error,derived_secondary_ecl_duration,derived_secondary_ecl_duration_error,derived_secondary_ecl_depth,derived_secondary_ecl_depth_error
[from data line 329]
375316653866487564,5881126588505068800,0.5354641,2142.5430197393794,0.8713797001674013,1.0471585E-5,19.8076,0.0058881673,0.27884674,0.0011365276,0.032286648,0.0010789924,0.9979097,0.038754888,0.7980381,0.01274641,0.033625387,0.020273622,0.1103903,0.025569312,null,null,null,null,"TWOGAUSSIANS",8,1.4322689,0.27884674,0.0011365276,0.18080524,0.006042357,0.9979097,0.038754888,0.7980381,0.01274641,0.18830217,0.11353229,0.1103903,0.025569312
375316653866487564,5881127305724328320,0.44416478,2161.6566701165384,2.8793323872799683,1.7995097E-5,18.76468,0.038323104,0.26191378,0.0067323423,0.08039311,0.017878186,0.16747786,0.04034825,0.75808084,0.009897548,0.08976697,0.027678272,0.18790647,0.033807106,null,null,null,null,"TWOGAUSSIANS",8,6.4787946,0.75808084,0.009897548,0.4,0.0,0.18347101,0.023653112,0.26191378,0.0067323423,0.4,0.0,0.16304247,0.031343386
375316653866487564,5881127546242598016,0.59380156,2127.3662862767274,2.418313597379283,9.640601E-6,17.996868,0.014319974,0.25191528,0.0037084788,0.036035664,0.026293356,0.11012848,0.03335462,0.74275714,0.006698341,0.046618637,0.010369897,0.13883598,0.032567397,0.106358275,0.018141942,0.25191528,0.0037084788,"TWOGAUSSIANS_WITH_ELLIPSOIDAL_ON_ECLIPSE1",9,2.8519394,0.7446671,0.0052156295,0.26106435,0.058071423,0.3509951,0.01109123,0.25191528,0.0037084788,0.20179972,0.14724278,0.32284495,0.02657724
375316653866487564,5881127791095219456,0.52596027,2179.685664085121,3.023001961975578,1.5885322E-5,19.429392,0.027192777,0.28381938,0.00456044,0.0679483,0.0064789033,0.47823194,0.025601469,0.77790886,0.0035814487,0.06907644,0.0052270875,0.5607876,0.037940085,null,null,null,null,"TWOGAUSSIANS",8,3.7369218,0.77790886,0.0035814487,0.38682806,0.02927169,0.5596515,0.037543606,0.28381938,0.00456044,0.38051045,0.036281858,0.47709584,0.024915265
375316653866487564,5881128061630249600,0.5745302,2116.545312631618,2.290463363867972,1.2739891E-5,18.44864,0.009840798,0.24981338,0.002360412,0.044027623,0.004141762,0.3019823,0.025929222,0.747176,0.0056343,0.033596642,0.006863834,0.23336829,0.02010473,0.10654177,0.014135894,0.24981338,0.002360412,"TWOGAUSSIANS_WITH_ELLIPSOIDAL_ON_ECLIPSE1",9,4.2326202,0.24981338,0.002360412,0.24655469,0.023193868,0.51506555,0.019909373,0.747376,0.0053119888,0.1881412,0.038437467,0.4463974,0.016439246
375316653866487564,5881128164709546240,0.4506615,2151.0969664157683,1.258228538485832,1.4127894E-4,18.625713,0.012486252,0.26115113,0.042231962,0.0737569,0.042092234,0.049242605,0.016842978,0.6892467,0.0066091074,0.040393922,0.010650734,0.32056212,0.11137604,null,null,null,null,"TWOGAUSSIANS",8,4.8566318,0.6892467,0.0066091074,0.22620596,0.05964411,0.3205615,0.111378975,0.26115113,0.042231962,0.4,0.18247859,0.049241975,0.016840838
375316653866487564,5881128409570711296,0.5371356,2128.7910555719877,2.9139449638264674,2.0049467E-5,19.484068,0.01629091,0.2579715,0.0077705686,0.081800885,0.011221143,0.515256,0.023341926,0.75380963,0.00464717,0.07477503,0.0075890957,0.48778626,0.037877124,null,null,null,null,"TWOGAUSSIANS",8,2.726566,0.2579715,0.0077705686,0.4,0.0,0.509634,0.02577586,0.75380963,0.00464717,0.4,0.012234102,0.48216426,0.039162617
375316653866487564,5881128611385521664,0.43904227,2139.9044747653297,0.08733119944155725,5.9881037E-5,19.179537,0.02749412,0.301253,0.061047945,0.05773326,0.058124144,0.35634583,0.9856012,0.7002379,0.015816115,0.05866408,0.010550871,0.48304084,0.0740669,0.07401039,0.040871006,0.7002379,0.015816115,"TWOGAUSSIANS_WITH_ELLIPSOIDAL_ON_ECLIPSE2",9,21.816908,0.7002379,0.015816115,0.32851884,0.059084874,0.6310064,0.055839863,0.293173,0.060952917,0.32330626,0.3254952,0.45584938,1.0179085
375316653866487564,5881128718808891776,0.51844525,2133.6767572975145,2.785013789370503,1.785896E-5,19.547173,0.0077125053,0.27094728,0.00721042,0.067251466,0.0064828047,0.39040846,0.024340939,0.7629222,0.0059153023,0.07422235,0.007638543,0.41118735,0.019121839,null,null,null,null,"TWOGAUSSIANS",8,2.332282,0.7629222,0.0059153023,0.4,0.005156464,0.40991756,0.019340668,0.27094728,0.00721042,0.37660822,0.028463801,0.38913864,0.024354246
375316653866487564,5881129406018328832,0.43576038,2169.4137967025513,2.623616304197625,4.7634334E-5,17.969868,0.0066451714,null,null,null,null,null,null,null,null,null,null,null,null,0.082513265,0.012990799,0.23225184,0.008139433,"ELLIPSOIDAL",4,23.685963,null,null,null,null,null,null,null,null,null,null,null,null
375316653866487564,5881129680883360512,0.44333786,2113.217283778761,0.41259808573212897,1.4884107E-5,18.897783,0.009380302,0.26456878,0.017515209,0.09910491,0.018170584,0.14781296,0.038318757,0.73139274,0.00399142,0.033603653,0.005246167,0.6583632,0.4498131,null,null,null,null,"TWOGAUSSIANS",8,6.0754547,0.73139274,0.00399142,0.18818046,0.029378535,0.6582512,0.44988054,0.26456878,0.017515209,0.4,0.0,0.14769866,0.038372114
375316653866487564,5881129813985395584,0.6038419,2153.8438943465862,2.45916228740732,1.0322669E-5,18.129099,0.012999917,0.22596814,0.0027961123,0.097022615,0.005837507,0.27502084,0.012715366,0.7287972,0.0057196124,0.08843421,0.008433613,0.3104857,0.0123537425,null,null,null,null,"TWOGAUSSIANS",8,2.237542,0.7287972,0.0057196124,0.4,0.0,0.29575017,0.007537681,0.22596814,0.0027961123,0.4,0.0,0.26028442,0.0071821576
375316653866487564,5881130230639971968,0.49112204,2165.760985356888,2.361865922767093,1.5327045E-5,17.944038,0.13554426,0.29156333,0.0028793216,0.12348198,0.035364047,0.14809394,0.123080134,0.78660554,0.006632615,0.13349184,0.05701736,0.14452122,0.13216719,null,null,null,null,"TWOGAUSSIANS",8,2.1718044,0.29166332,0.0028657797,0.4,0.0,0.10598522,0.0053230897,0.78660554,0.006632615,0.4,0.0,0.10223289,0.008300701
375316653866487564,5881130260664734464,0.48534453,2143.1508241551337,2.8151337727439145,2.2834276E-5,18.893381,0.010269079,0.23132388,0.005037873,0.080511,0.0063207555,0.3616689,0.017178427,0.71703637,0.011817521,0.085863054,0.009963041,0.36726624,0.032672558,null,null,null,null,"TWOGAUSSIANS",8,3.5480113,0.71703637,0.011817521,0.4,0.0,0.36113325,0.031494983,0.23132388,0.005037873,0.4,0.0,0.35553595,0.016651684
375316653866487564,5881130746048166016,0.56215554,2187.0389728579175,1.9219864178101922,6.6879625E-6,16.729465,0.004129778,0.359178,0.0026102243,0.043087073,0.0026731542,0.40853277,0.014798354,0.8705653,0.013036137,0.018354913,0.012346715,0.034095254,0.14880744,null,null,null,null,"TWOGAUSSIANS",8,24.40922,0.359178,0.0026102243,0.2412876,0.014969664,0.40853277,0.014798354,0.8705653,0.013036137,0.10278752,0.069141604,0.034095254,0.14880744
375316653866487564,5881130917834133376,0.58073753,2152.6069662395776,1.7838500213632482,1.0932952E-5,18.366589,0.0060869376,0.2317691,0.0053741354,0.034584455,0.0034246733,0.5629292,0.042887285,0.7267089,0.002187178,0.042706557,0.0023747003,0.25743458,0.01671033,null,null,null,null,"TWOGAUSSIANS",8,4.0044646,0.2317691,0.0053741354,0.19367294,0.01917817,0.5629292,0.042887285,0.7267089,0.002187178,0.23915672,0.0132983215,0.25743458,0.01671033
375316653866487564,5881131158353105408,0.5037705,2154.4508429406505,1.3530034458590827,1.9557809E-5,19.119022,0.03886907,0.26370108,0.0037274214,0.101165615,0.01106716,0.33540574,0.038585387,0.775337,0.008374347,0.099924065,0.020585755,0.2734247,0.034214344,null,null,null,null,"TWOGAUSSIANS",8,2.2822576,0.26370108,0.0037234875,0.4,0.0,0.3116166,0.020845477,0.775337,0.0083858585,0.4,0.0,0.2496371,0.0183138
375316653866487564,5881131536322400512,0.7237437,2154.658500732645,1.9381849557035302,3.6040005E-6,16.44373,0.0028125348,0.2897194,0.0013699749,0.08790149,0.0016553956,0.4126618,0.0043362784,0.7895057,7.386231E-4,0.095917776,0.0011553441,0.37696543,0.003149931,null,null,null,null,"TWOGAUSSIANS",8,2.3801816,0.2897194,0.0013699749,0.4,0.0,0.39327842,0.004050788,0.7895057,7.386231E-4,0.4,0.0,0.35758117,0.0020917177
375316653866487564,5881131673749064064,0.5032386,2105.3065624887736,2.735597104771983,6.6422195E-5,19.526066,0.016073419,0.8230454,0.03984281,0.10883747,0.051897563,0.048010573,0.017545696,0.41810718,0.007787726,0.06682139,0.0048429915,0.4540521,0.036459208,null,null,null,null,"TWOGAUSSIANS",8,2.1544566,0.41812718,0.0077605373,0.37419978,0.027120752,0.4534467,0.03516814,0.8230454,0.03984281,0.4,0.0,0.047357786,0.017860482
375316653866487564,5881131708120997504,0.6232226,2145.924523345842,2.0701528172920076,5.2390815E-6,17.452806,0.0035649904,0.19784953,0.0041953376,0.07555333,0.004034356,0.13146493,0.004944938,0.70420146,0.0010360434,0.057940874,9.429581E-4,0.578549,0.0060458463,null,null,null,null,"TWOGAUSSIANS",8,3.8381736,0.70420146,0.0010360434,0.3244689,0.0052805655,0.5781866,0.0059810085,0.19784953,0.0041953376,0.4,0.0,0.13110247,0.0049022986
375316653866487564,5881131708121002880,0.54469013,2130.4084142153106,2.771257673925576,8.472032E-6,19.719746,0.014682385,0.28180817,0.011545152,0.08292578,0.013841824,0.5084122,0.033579536,0.7669655,0.0022043544,0.073063284,0.002772356,0.5195754,0.024508417,null,null,null,null,"TWOGAUSSIANS",8,1.5882301,0.7669655,0.0022043544,0.4,0.0,0.5151575,0.02385741,0.28180817,0.011545152,0.4,0.004974389,0.5039942,0.033596326
375316653866487564,5881131811189314432,0.46723923,2142.023681300068,1.9481777684697117,4.9465238E-5,19.923294,0.0207904,0.29382336,0.014593397,0.08355897,0.025001768,0.186473,0.048365176,0.7834605,0.0059834565,0.043329507,0.005803311,0.5802566,0.11332567,null,null,null,null,"TWOGAUSSIANS",8,5.076877,0.7834605,0.0059834565,0.24264523,0.03249854,0.58009994,0.11340559,0.29382336,0.014593397,0.4,0.02222357,0.18631636,0.04852491
375316653866487564,5881131948639207040,0.5090335,2138.700746998857,2.3203564451548018,2.0581E-5,18.186995,0.041361995,0.20371799,0.0048015043,0.10424542,0.019838119,0.21238467,0.03757715,0.7013651,0.006734687,0.110556096,0.020757947,0.20502867,0.039133094,null,null,null,null,"TWOGAUSSIANS",8,3.638851,0.20371799,0.00481206,0.4,0.0,0.18534043,0.012573739,0.7013651,0.006734687,0.4,0.0,0.17797385,0.01376432
375316653866487564,5881132120425797248,0.52191985,2114.2863160145957,3.3207790504991492,4.0468112E-5,19.602228,0.022136878,0.26183236,0.007413101,0.08631129,0.009421887,0.4161682,0.03130387,0.7505717,0.0106084645,0.08960096,0.011620122,0.35785472,0.040500924,null,null,null,null,"TWOGAUSSIANS",8,2.0203788,0.26183236,0.007413101,0.4,0.0,0.40488642,0.028937647,0.7505717,0.0106084645,0.4,0.0,0.34657285,0.039643243
375316653866487564,5881132498383201792,0.5276314,2135.801531804894,4.4778150978584,2.371113E-5,19.388468,0.01867539,0.3133813,0.005345772,0.068561405,0.0076308157,0.5489411,0.05151385,0.81136674,0.004452663,0.07795939,0.0053798133,0.4577454,0.027529022,null,null,null,null,"TWOGAUSSIANS",8,3.7756672,0.3133813,0.005345772,0.3839439,0.038365316,0.54613495,0.052246038,0.81136674,0.004452663,0.4,0.0,0.45493928,0.026851477
375316653866487564,5881132773261064192,0.5037695,2157.1348201651153,1.9812479062490076,4.802794E-5,17.317703,0.005448454,0.048451174,0.013581029,0.041177917,0.020111544,0.018009908,0.007865461,0.5792136,0.0076607335,0.098156385,0.0059733964,0.19944681,0.0139970025,null,null,null,null,"TWOGAUSSIANS",8,11.108089,0.5792136,0.0076607335,0.4,0.0,0.19932218,0.013895544,0.048441175,0.013585219,0.23059633,0.112624645,0.017887542,0.0077904128
375316653866487564,5881132876352186112,0.5633583,2152.1978398316164,2.3850253405049875,9.369232E-6,19.018309,0.010850719,0.21790695,0.0038866412,0.07221432,0.0064935833,0.4314668,0.02141944,0.723382,0.0034688115,0.07876331,0.0040090815,0.43453,0.014581489,null,null,null,null,"TWOGAUSSIANS",8,2.2428224,0.723382,0.0034688115,0.4,0.0,0.431345,0.013603284,0.21790695,0.0038866412,0.4,0.007348239,0.42828178,0.022052528
375316653866487564,5881133391736533888,0.5187022,2128.5038646408107,2.241095954449755,8.129354E-6,19.199093,0.014419111,0.31795195,0.0044550686,0.0684869,0.0050813807,0.46385548,0.037259247,0.8188356,0.0021140652,0.07942521,0.0050939214,0.48928186,0.029285027,null,null,null,null,"TWOGAUSSIANS",8,3.6633022,0.8188356,0.0021140652,0.4,0.0,0.4862016,0.029721256,0.31795195,0.0044550686,0.38352662,0.02845573,0.46077526,0.037479315
375316653866487564,5881133460456133120,0.48736295,2131.892169604498,2.808949443544585,2.0188652E-5,18.949512,0.6986326,0.20401901,0.0060921465,0.19921674,0.11398584,0.5151708,0.6879929,0.71678585,0.012001212,0.14318061,0.038153168,0.4660063,0.4582856,null,null,null,null,"TWOGAUSSIANS",8,1.6929777,0.20276901,0.005202576,0.4,0.0,0.20062174,0.010701711,0.72126585,0.006386072,0.4,0.0,0.19407354,0.017564286
375316653866487564,5881133563536036992,0.45471603,2096.994058625499,3.447383306349992,8.6183136E-5,19.281908,0.2571481,0.38030702,0.108464316,0.21768369,0.19576517,0.2237651,0.2492047,0.74883795,0.01734486,0.068835534,0.015508923,0.41645762,0.075790666,null,null,null,null,"TWOGAUSSIANS",8,9.828952,0.74883795,0.01734486,0.385479,0.061554886,0.42844126,0.08441275,0.38030702,0.10846782,0.4,0.0,0.17904516,0.03145948
375316653866487564,5881134005865164928,0.4849725,2141.1967556890477,2.9216883642241083,1.6269678E-5,18.842304,0.072453916,0.26953253,0.0072438563,0.119540304,0.03304563,0.21314698,0.06867552,0.77846473,0.006017431,0.10565018,0.031724095,0.21247107,0.0588242,null,null,null,null,"TWOGAUSSIANS",8,2.5427387,0.26952255,0.0072371503,0.4,0.0,0.18012004,0.013768701,0.7785047,0.0059728073,0.4,0.0,0.17950872,0.019881494
375316653866487564,5881134182009442176,0.4405211,2135.8691875643285,0.5353806727330667,3.4630295E-5,19.142242,0.020760303,0.23429497,0.008340642,0.066509016,0.017972315,0.19793248,0.034874815,0.7139594,0.011314035,0.10232445,0.0155341225,0.17834227,0.025239272,null,null,null,null,"TWOGAUSSIANS",8,5.8654685,0.23429497,0.00834917,0.3724505,0.06441002,0.19480224,0.037433717,0.7139594,0.011314035,0.4,0.0,0.17520857,0.022446137
375316653866487564,5881134319460989952,0.4678872,2174.864698733927,2.2917681805717653,2.5415484E-5,17.838562,0.0039534713,null,null,null,null,null,null,null,null,null,null,null,null,0.06409957,0.0051121702,0.27784318,0.0074028214,"ELLIPSOIDAL",4,8.48425,null,null,null,null,null,null,null,null,null,null,null,null
375316653866487564,5881134456887347456,0.5394839,2122.757846575563,3.11986869465006,2.2973672E-5,17.48213,0.04667339,0.24333939,0.010292652,0.110570595,0.026857119,0.2461511,0.043357454,0.7611019,0.006163518,0.10030451,0.023746505,0.22073157,0.041716494,null,null,null,null,"TWOGAUSSIANS",8,9.347676,0.24333939,0.010298785,0.4,0.0,0.22323759,0.01698541,0.76112187,0.0061011,0.4,0.0,0.1978381,0.015071559
375316653866487564,5881134697418156672,0.52104133,2141.574037150065,1.8551561307885354,1.1500048E-5,16.913553,0.02061339,0.29862022,0.006476823,0.093287855,0.017943842,0.11569172,0.018930221,0.80261934,0.0040310835,0.107257,0.012488375,0.13551804,0.020380432,null,null,null,null,"TWOGAUSSIANS",8,4.424983,0.80261934,0.0040310835,0.4,0.0,0.12483917,0.0069145234,0.29862022,0.0064827586,0.4,0.0,0.10501796,0.006651077
375316653866487564,5881134796138269696,0.5049976,2145.2878517264658,2.49685665165802,2.6823078E-5,18.670933,0.023537846,0.21700759,0.0051291455,0.09063027,0.009667396,0.33697173,0.02578497,0.7115808,0.006895886,0.08234672,0.011126148,0.33997473,0.032577306,null,null,null,null,"TWOGAUSSIANS",8,6.200926,0.7115808,0.006895886,0.4,0.0,0.3305137,0.03338014,0.21700759,0.0051291455,0.4,0.0,0.3275105,0.023011891
375316653866487564,5881135315881019392,0.4987892,2120.974988511398,3.289171521779063,1.4905403E-5,19.150225,0.071608946,0.20855127,0.0043307655,0.10630417,0.022953216,0.25379306,0.06732498,0.71724606,0.005941108,0.11419466,0.031871673,0.25024557,0.06872259,null,null,null,null,"TWOGAUSSIANS",8,1.6264323,0.20853128,0.0043326057,0.4,0.0,0.21865338,0.02068596,0.71725607,0.005946159,0.4,0.0,0.21507819,0.021614935
