Gaia/vari_eclipsing_binary/VariEclipsingBinary_402398-403911.csv
# %ECSV 1.0
# ---
# delimiter: ','
# meta: !!omap
# - RELEASE: Gaia DR3
# - TABLE: vari_eclipsing_binary
# - DESCRIPTION: >
#     This table describes the properties of the eclipsing binaries resulting from the variability analysis. 
# - CITATION: >
#     How to cite and acknowledge Gaia: 
#     https://gea.esac.esa.int/archive/documentation/credits.html 
# - KNOWN_ISSUES: >
#     Known issues: 
#     https://www.cosmos.esa.int/web/gaia-users/known-issues 
# - DOCUMENTATION: >
#     Tutorials and documentation: 
#     https://www.cosmos.esa.int/web/gaia-users/archive 
# datatype:
# - 
#   name: solution_id
#   datatype: int64
#   description: Solution Identifier
#   meta:
#     ucd: meta.version
# - 
#   name: source_id
#   datatype: int64
#   description: Unique source identifier
#   meta:
#     ucd: meta.id;meta.main
# - 
#   name: global_ranking
#   datatype: float32
#   description: Number between 0 (worst) and 1 (best)
#   meta:
#     ucd: stat.param
# - 
#   name: reference_time
#   datatype: float64
#   unit: d
#   description: Reference time used for the geometric model fit
#   meta:
#     ucd: time.epoch
# - 
#   name: frequency
#   datatype: float64
#   unit: d**-1
#   description: Frequency of geometric model of the eclipsing binary light curve
#   meta:
#     ucd: src.orbital
# - 
#   name: frequency_error
#   datatype: float32
#   unit: d**-1
#   description: "Uncertainty of \\texttt{frequency}"
#   meta:
#     ucd: stat.error
# - 
#   name: geom_model_reference_level
#   datatype: float32
#   unit: mag
#   description: Magnitude reference level of geometric model
#   meta:
#     ucd: phot.mag;em.opt
# - 
#   name: geom_model_reference_level_error
#   datatype: float32
#   unit: mag
#   description: "Uncertainty of \\texttt{geomModelReferenceLevel}"
#   meta:
#     ucd: stat.error;phot.mag;em.opt
# - 
#   name: geom_model_gaussian1_phase
#   datatype: float32
#   description: Phase of the Gaussian 1 component
#   meta:
#     ucd: time.phase
# - 
#   name: geom_model_gaussian1_phase_error
#   datatype: float32
#   description: "Uncertainty of \\texttt{geomModelGaussian1Phase}"
#   meta:
#     ucd: stat.error;time.phase
# - 
#   name: geom_model_gaussian1_sigma
#   datatype: float32
#   description: "Standard deviation [phase] of Gaussian 1 component"
#   meta:
#     ucd: stat.stdev
# - 
#   name: geom_model_gaussian1_sigma_error
#   datatype: float32
#   description: "Uncertainty of \\texttt{geomModelGaussian1Sigma}"
#   meta:
#     ucd: stat.error
# - 
#   name: geom_model_gaussian1_depth
#   datatype: float32
#   unit: mag
#   description: Magnitude depth of Gaussian 1 component
#   meta:
#     ucd: src.var.amplitude
# - 
#   name: geom_model_gaussian1_depth_error
#   datatype: float32
#   unit: mag
#   description: "Uncertainty of \\texttt{geomModelGaussian1Depth}"
#   meta:
#     ucd: stat.error;src.var.amplitude
# - 
#   name: geom_model_gaussian2_phase
#   datatype: float32
#   description: Phase of Gaussian 2 component
#   meta:
#     ucd: time.phase
# - 
#   name: geom_model_gaussian2_phase_error
#   datatype: float32
#   description: "Uncertainty of \\texttt{geomModelGaussian2Phase}"
#   meta:
#     ucd: stat.error;time.phase
# - 
#   name: geom_model_gaussian2_sigma
#   datatype: float32
[...]
#   datatype: float32
#   description: "Secondary eclipse: uncertainty of \\texttt{derivedSecondaryEclDuration}"
#   meta:
#     ucd: stat.error;time.duration
# - 
#   name: derived_secondary_ecl_depth
#   datatype: float32
#   unit: mag
#   description: "Secondary eclipse: depth"
#   meta:
#     ucd: src.var.amplitude
# - 
#   name: derived_secondary_ecl_depth_error
#   datatype: float32
#   unit: mag
#   description: "Secondary eclipse: uncertainty of \\texttt{derivedSecondaryEclDepth}"
#   meta:
#     ucd: stat.error;src.var.amplitude
solution_id,source_id,global_ranking,reference_time,frequency,frequency_error,geom_model_reference_level,geom_model_reference_level_error,geom_model_gaussian1_phase,geom_model_gaussian1_phase_error,geom_model_gaussian1_sigma,geom_model_gaussian1_sigma_error,geom_model_gaussian1_depth,geom_model_gaussian1_depth_error,geom_model_gaussian2_phase,geom_model_gaussian2_phase_error,geom_model_gaussian2_sigma,geom_model_gaussian2_sigma_error,geom_model_gaussian2_depth,geom_model_gaussian2_depth_error,geom_model_cosine_half_period_amplitude,geom_model_cosine_half_period_amplitude_error,geom_model_cosine_half_period_phase,geom_model_cosine_half_period_phase_error,model_type,num_model_parameters,reduced_chi2,derived_primary_ecl_phase,derived_primary_ecl_phase_error,derived_primary_ecl_duration,derived_primary_ecl_duration_error,derived_primary_ecl_depth,derived_primary_ecl_depth_error,derived_secondary_ecl_phase,derived_secondary_ecl_phase_error,derived_secondary_ecl_duration,derived_secondary_ecl_duration_error,derived_secondary_ecl_depth,derived_secondary_ecl_depth_error
[from data line 36]
375316653866487564,3540836498420991488,0.6080781,2002.7526391282395,1.3520739921814016,1.15938365E-5,14.152491,0.017850544,0.22874676,0.0017832838,0.04851155,0.0036455332,0.45234916,0.043573458,0.7252704,0.0011752804,0.061074346,0.0035899393,0.6024016,0.038776472,0.06500004,0.025192732,0.22874676,0.0017832838,"TWOGAUSSIANS_WITH_ELLIPSOIDAL_ON_ECLIPSE1",9,386.05624,0.7254804,0.0011159651,0.34201634,0.02010366,0.7322345,0.019739931,0.22874676,0.0017832838,0.27166468,0.020414986,0.58224034,0.022659175
375316653866487564,3540883743061364864,0.58283657,2038.0953556301017,4.08427149539065,8.953019E-6,17.620834,0.017079856,0.18634218,0.0072055305,0.07549096,0.008748257,0.28639793,0.02054638,0.68776757,0.0025908165,0.07020167,0.0044216383,0.37357685,0.018090695,null,null,null,null,"TWOGAUSSIANS",8,7.7280774,0.68776757,0.0025908165,0.39312935,0.016397318,0.37183645,0.016457567,0.18634218,0.0072055305,0.4,0.0,0.28465754,0.01857084
375316653866487564,3540964076129479040,0.45644885,2030.3828708537485,3.7094520297242437,2.1865962E-5,18.044842,0.0080652265,0.66384363,0.0014497455,0.028518025,0.0016472443,0.33204922,0.013485758,null,null,null,null,null,null,null,null,null,null,"ONEGAUSSIAN",5,30.95541,0.66384363,0.0014497455,0.15970095,0.0092245685,0.33204922,0.0,null,null,null,null,null,null
375316653866487564,3540973692559447680,0.5916366,2038.271178290781,3.4455847650453943,1.1981294E-5,17.720724,0.02029883,0.22322074,0.0024113762,0.05151811,0.008290905,0.3234604,0.15145089,0.72740227,0.004163252,0.05605408,0.0069366693,0.34309572,0.049578365,0.09261853,0.028679462,0.22322074,0.0024113762,"TWOGAUSSIANS_WITH_ELLIPSOIDAL_ON_ECLIPSE1",9,11.922025,0.72740227,0.004163252,0.31390285,0.03884535,0.5281901,0.028712494,0.22322074,0.0024113762,0.2885014,0.046429068,0.50868255,0.1544783
375316653866487564,3541111268954175104,0.5652679,2044.4692713773154,2.7360126520689136,5.453568E-6,13.237996,0.005710242,0.2631546,0.001444004,0.08115687,0.0021471886,0.42324588,0.007756178,0.75472164,0.003524312,0.088512555,0.0035619165,0.39740998,0.011700607,null,null,null,null,"TWOGAUSSIANS",8,96.81622,0.2631546,0.001444004,0.4,0.0,0.41406417,0.007331889,0.75472164,0.003524312,0.4,0.0,0.38822815,0.011977169
375316653866487564,3541132228392286464,0.4556985,2012.4248588698676,0.29090584687833704,2.4452007E-5,17.707735,0.0029565245,0.23152915,0.022219848,0.06247966,0.014739752,0.08670519,0.008938998,0.7222396,0.013612634,0.07769627,0.014305122,0.07022387,0.0070051206,null,null,null,null,"TWOGAUSSIANS",8,3.011736,0.23152915,0.022219848,0.3498861,0.082542606,0.08649695,0.008803464,0.7222396,0.013612634,0.4,0.0,0.070015624,0.0070220963
375316653866487564,3541135870524595456,0.4574323,2037.7892310035957,0.8083318825115426,3.6318303E-5,18.718525,0.03470198,0.2028209,0.009734403,0.10101775,0.023584932,0.18834232,0.03223935,0.7096232,0.010565993,0.08566955,0.02400796,0.20343137,0.032792192,null,null,null,null,"TWOGAUSSIANS",8,8.12658,0.7096232,0.010569703,0.4,0.0,0.19368163,0.028189974,0.2028209,0.009734403,0.4,0.0,0.1785907,0.017451484
375316653866487564,3541140307227652864,0.64384353,2033.4164851564267,3.741042478445484,2.3592763E-6,13.853493,0.0045197876,0.27800557,0.003451845,0.052075565,0.0025756783,0.28341582,0.012897765,0.7699727,7.1982713E-4,0.047145423,0.002831288,0.19249119,0.010816331,0.10834607,0.0077223433,0.7699727,7.1982713E-4,"TWOGAUSSIANS_WITH_ELLIPSOIDAL_ON_ECLIPSE2",9,84.65861,0.27687556,0.0028925294,0.29162318,0.014423798,0.4996324,0.0063831024,0.7699727,7.1982713E-4,0.26401436,0.015855212,0.40918183,0.0069080926
375316653866487564,3541215761213012352,0.46852136,2009.4467822853758,4.602905541285039,1.0350359E-4,16.336721,0.7896272,0.29553735,0.0078432495,0.16327995,0.121834636,0.5467108,0.7291453,0.7920605,0.008175951,0.17962265,0.15806293,0.5136337,0.7562904,null,null,null,null,"TWOGAUSSIANS",8,79.05533,0.29650736,0.0076314113,0.4,0.0,0.20922488,0.019309733,0.7920605,0.008175951,0.4,0.0,0.16485523,0.021575902
375316653866487564,3541236548854676224,0.6132742,2025.6920252946704,3.3739954414556204,6.0534817E-6,17.074263,0.01905596,0.2890527,0.0077829696,0.047022697,0.005939937,0.34051913,0.05373261,0.7799097,0.0013349483,0.05231591,0.0037958429,0.45149875,0.04027647,0.117439486,0.024329158,0.7799097,0.0013349483,"TWOGAUSSIANS_WITH_ELLIPSOIDAL_ON_ECLIPSE2",9,20.25058,0.7799097,0.0013349483,0.29296908,0.02125672,0.6863726,0.021355532,0.2880727,0.006901613,0.2633271,0.033263646,0.57470167,0.030222524
375316653866487564,3541253071592514560,0.5910805,2033.1560546130015,3.156372798122758,6.6930465E-6,17.84429,0.006203821,0.27063894,0.0030980664,0.08009793,0.0030191096,0.41042954,0.012155173,0.7751039,0.0022084536,0.08251399,0.0027176074,0.36527142,0.011096413,null,null,null,null,"TWOGAUSSIANS",8,4.582238,0.27063894,0.0030980664,0.4,0.0,0.4041405,0.011715377,0.7751039,0.0022084536,0.4,0.0,0.35898238,0.010886678
375316653866487564,3541286267396173824,0.5481488,2055.4222469338138,0.12188703305463026,3.516901E-5,14.640165,0.00447047,0.08311912,0.0139180375,0.020503782,0.019741315,0.011950709,0.008143271,0.69650126,0.072543055,0.04536234,0.08410107,0.26093942,7.6402946E17,0.009176402,0.004938044,0.69650126,0.072543055,"TWOGAUSSIANS_WITH_ELLIPSOIDAL_ON_ECLIPSE2",9,26.836115,0.69650126,0.072543055,0.2540291,0.44051486,0.27929217,7.6402946E17,0.08717912,0.017202958,0.11482118,0.110551365,0.02269124,0.004592439
375316653866487564,3541294719891705216,0.43810606,2045.5904592656627,0.21603812179573978,4.9653954E-5,14.956569,0.0024496661,0.19799134,0.005434532,0.021974387,0.011856429,4.4048815,682.71106,0.51340485,0.014638313,0.04213053,0.014003846,0.20345719,0.04435469,null,null,null,null,"TWOGAUSSIANS",8,147.21866,0.19799134,0.005434532,0.12305657,0.066396005,4.4048815,682.71106,0.51340485,0.014638313,0.23593098,0.07842153,0.20345719,0.04435469
375316653866487564,3541365019916378368,0.4490041,2047.2137065839247,0.6836425435795274,4.846758E-6,18.252762,0.0057598627,0.27354413,0.01647556,0.0098160375,0.00451183,1.1580621,1.5703791,0.77363366,0.027106263,0.01077452,0.006206168,2.818427,49.879116,null,null,null,null,"TWOGAUSSIANS",8,13.019622,0.77363366,0.027106263,0.060337313,0.03475454,2.818427,49.879116,0.27354413,0.01647556,0.054969806,0.025266247,1.1580621,1.5703791
375316653866487564,3541383260640676736,0.45176408,2074.7929323172393,2.394323003600242,3.1533385E-5,18.828445,0.005736363,0.101014815,0.005789217,0.065677285,0.006890193,0.1168247,0.009296692,0.60209054,0.03416312,0.073933646,0.018765004,0.07156406,0.030945944,null,null,null,null,"TWOGAUSSIANS",8,2.198107,0.101014815,0.005789217,0.36779281,0.03858508,0.11653878,0.0092266835,0.60209054,0.03416312,0.4,0.05019258,0.07127814,0.030973315
375316653866487564,3541399036057454080,0.5967261,2023.2409318264688,0.44302722293407526,2.2410548E-5,16.03723,0.008537947,0.27125376,7.6233165E-4,0.018763779,8.987889E-4,0.8014974,0.14320502,0.51314056,0.08322959,0.10887725,0.19253983,0.008479692,0.006877793,null,null,null,null,"TWOGAUSSIANS",8,4.4707994,0.27126375,7.6190406E-4,0.10507716,0.005033218,0.80221575,0.14147753,0.51314056,0.08322959,0.4,0.0,0.008479246,0.0018583651
375316653866487564,3541401269440431488,0.58967197,2022.8852825262557,0.09407269952914964,3.2416046E-5,15.194532,0.0017807788,0.40339017,0.0016673284,0.007585955,8.4978587E-4,0.09737277,0.02835658,0.74286544,0.009268147,0.0678198,0.0040677334,0.43767834,0.067938164,0.006402077,0.0022349462,0.74286544,0.009268147,"TWOGAUSSIANS_WITH_ELLIPSOIDAL_ON_ECLIPSE2",9,22.56135,0.74286544,0.009268147,0.37979084,0.022779308,0.45015982,0.06742019,0.40335017,0.0016604549,0.042481348,0.004758801,0.10069131,0.028407525
375316653866487564,3541432841743223040,0.50331515,2019.5911956594177,4.002241419340035,1.15266885E-5,18.748772,0.0049770894,0.24867132,2.5283045E-5,0.0035983059,6.003978E-5,0.4258079,0.005347431,0.6854611,0.06232037,0.080691665,0.03946512,0.024776874,0.018438721,null,null,null,null,"TWOGAUSSIANS",8,3.8731167,0.24867132,2.5283045E-5,0.020150512,3.3622276E-4,0.42580792,0.005347347,0.6854611,0.06232037,0.4,0.14512315,0.024776872,0.018438725
375316653866487564,3541450330850569728,0.5890604,2045.6408320194257,3.6499005019700688,2.1914631E-5,18.401037,0.0043532806,0.23734613,0.06994439,0.047443334,0.081164524,0.026573041,0.018997354,0.47061884,5.0819403E-5,0.008256823,0.0011087423,0.66249543,0.0113080535,null,null,null,null,"TWOGAUSSIANS",8,3.9407923,0.47061884,5.0819403E-5,0.046238206,0.006208957,0.66249555,0.012482156,0.23734613,0.06994439,0.26568267,0.2638134,0.026573041,0.018999534
375316653866487564,3541474421323327744,0.55836153,2015.5000183691384,0.35974294743164115,9.970744E-6,13.837051,0.003976266,0.09586231,0.0017242949,0.01965478,0.0013153852,0.3880125,0.030687615,0.5943084,0.004122899,0.026982827,0.003772378,0.25106278,0.010916784,null,null,null,null,"TWOGAUSSIANS",8,372.14526,0.09586231,0.0017242949,0.11006677,0.007366157,0.3880125,0.030687615,0.5943084,0.004122899,0.15110384,0.021125317,0.25106278,0.010916784
375316653866487564,3541477303245488128,0.49805325,2056.420367202,4.306171077127769,3.129825E-5,18.821138,0.40964535,0.26086947,0.009764099,0.14876689,0.1049775,0.2923017,0.40494448,0.77820534,0.008719928,0.113012925,0.035651233,0.420128,0.3115255,null,null,null,null,"TWOGAUSSIANS",8,4.9186754,0.77873534,0.006802405,0.4,0.0,0.32780948,0.02342389,0.26076946,0.009507155,0.4,0.0,0.19783121,0.022227049
375316653866487564,3541500259846667648,0.5225399,2007.293486423592,2.8615420232312094,1.8728104E-5,15.573022,0.012089476,0.24892287,0.007897858,0.098269545,0.008971534,0.21616949,0.017485477,0.7606775,0.006772668,0.08438627,0.010743748,0.22247691,0.014402671,null,null,null,null,"TWOGAUSSIANS",8,68.143265,0.7606775,0.006772668,0.4,0.0,0.21385725,0.013041821,0.24892287,0.007897858,0.4,0.0,0.20754863,0.014968824
375316653866487564,3541641134774142720,0.5503938,2025.1528610028122,2.4052229496889974,1.0546389E-5,13.317052,0.012447999,0.20817806,0.0035609643,0.08983785,0.005723105,0.3804034,0.016832897,0.69118094,0.0028293747,0.08877274,0.005844953,0.4348214,0.021059336,null,null,null,null,"TWOGAUSSIANS",8,813.0077,0.69118094,0.0028293747,0.4,0.0,0.42250094,0.02312652,0.20817806,0.0035609643,0.4,0.0,0.3680829,0.016495474
375316653866487564,3541645154863520896,0.43527853,2031.2063926642195,1.0177548389867923,9.8646604E-5,14.56065,0.004378284,0.18793441,0.0074892836,0.00982421,0.006878897,0.18668152,0.068326704,0.8896755,0.031333093,0.019604879,0.036558967,0.037012726,0.04678456,null,null,null,null,"TWOGAUSSIANS",8,424.98163,0.18793441,0.0074892836,0.05501558,0.038521823,0.18668152,0.068326704,0.8896755,0.031333093,0.109787315,0.20473021,0.037012726,0.04678456
375316653866487564,3541651477055384064,0.63421434,2004.4363358448204,3.561909892571513,5.3933118E-6,16.444162,0.011587361,0.2825525,0.0030358338,0.053955544,0.0039771446,0.24578999,0.024707017,0.7724788,0.0015378693,0.04921778,0.0043428806,0.3435459,0.021767564,0.11327737,0.013882658,0.7724788,0.0015378693,"TWOGAUSSIANS_WITH_ELLIPSOIDAL_ON_ECLIPSE2",9,15.2123785,0.7724788,0.0015378693,0.27561957,0.024320131,0.5700957,0.015065928,0.2807925,0.0024029012,0.30215105,0.02227201,0.47159147,0.008484003
375316653866487564,3541669584637505152,0.47370243,2060.7095543675728,0.1463400666280329,6.50948E-5,16.813362,0.03080939,0.2497928,0.015275338,0.14441201,0.04207015,0.08171991,0.03013094,0.71827006,0.011983118,0.10236334,0.012942784,0.18126,0.030087527,null,null,null,null,"TWOGAUSSIANS",8,5.135809,0.71827006,0.011983118,0.4,0.0,0.16062325,0.0059538092,0.24985279,0.0152588785,0.4,0.0,0.060571305,0.006089928
375316653866487564,3541709648092436992,0.4440289,2049.3907947465386,2.314158622676054,4.4839126E-5,17.630413,0.00807905,0.12917557,0.004161868,0.021614026,0.0044846023,0.26529536,0.041354336,0.6217469,0.0059760725,0.071474835,0.009730848,0.14980608,0.018740023,null,null,null,null,"TWOGAUSSIANS",8,32.79386,0.12917557,0.004161868,0.12103854,0.025113773,0.26529527,0.041354403,0.6217469,0.0059760725,0.4,0.027044913,0.14980598,0.018740205
375316653866487564,3541745691457869824,0.5111982,2037.1222699291443,2.7245267135188653,1.4194891E-5,14.96161,0.01864325,0.25364974,0.0059390245,0.10166945,0.011686111,0.26731822,0.023426749,0.74713796,0.0054149153,0.08190779,0.010537848,0.30298018,0.02024485,null,null,null,null,"TWOGAUSSIANS",8,138.32655,0.74713796,0.0054149153,0.4,0.0,0.29051507,0.019480985,0.25364974,0.0059390245,0.4,0.0,0.25484997,0.022681803
375316653866487564,3541796333415966336,0.5508275,1989.1670633050799,4.419398690308528,1.4884194E-5,18.30014,0.022863794,0.12192833,0.009910179,0.10077533,0.019976273,0.19256294,0.018318344,0.61856073,0.0033684515,0.10396801,0.010730571,0.2216605,0.02221435,null,null,null,null,"TWOGAUSSIANS",8,2.037399,0.61856073,0.0033684515,0.4,0.0,0.20152794,0.006265421,0.12192833,0.009913607,0.4,0.0,0.17243288,0.013131308
375316653866487564,3541890994495280000,0.60831136,2001.4167504021011,4.418178111863179,8.562663E-6,18.051407,0.01347488,0.2421343,0.0034714262,0.035857,0.008856866,0.472893,0.17284456,0.73948276,0.0027510202,0.03741696,0.0062011913,0.23372349,0.026914911,0.1727822,0.019459944,0.2421343,0.0034714262,"TWOGAUSSIANS_WITH_ELLIPSOIDAL_ON_ECLIPSE1",9,7.9871535,0.2421343,0.0034714262,0.2007992,0.049598448,0.8184571,0.1881575,0.7398527,0.002076801,0.20953497,0.034726672,0.5792052,0.019218791
375316653866487564,3541922850269002496,0.5697065,2045.7810587604065,0.4515979217061684,3.2082635E-6,16.285492,0.0015093214,0.7336569,1.5872694E-4,0.009756645,5.6017772E-5,1.1658177,0.014685717,null,null,null,null,null,null,null,null,null,null,"ONEGAUSSIAN",5,13.561383,0.7336569,1.5872694E-4,0.054637216,3.136995E-4,1.1658177,0.0,null,null,null,null,null,null
375316653866487564,3541931646362035712,0.5223345,2045.0661009814894,4.12296652685749,1.709015E-5,17.63987,0.021336298,0.27357435,0.0034623768,0.068496756,0.0363882,0.0855895,0.039243802,0.74911875,0.008812661,0.047550388,0.019482214,0.16506243,0.037254363,0.09324534,0.026505118,0.27357435,0.0034623768,"TWOGAUSSIANS_WITH_ELLIPSOIDAL_ON_ECLIPSE1",9,10.789038,0.75319874,0.0067453342,0.26628217,0.1091004,0.34779802,0.050210323,0.27357435,0.0034623768,0.38358182,0.19703048,0.27197152,0.017857322
375316653866487564,3541944015867562752,0.65400714,2027.2665180093481,3.4264610325268565,3.1422512E-6,15.516784,0.005242252,0.21806057,0.0011824141,0.048072316,0.0026147894,0.2656385,0.016485874,0.71405154,0.0018115565,0.047924176,0.0026794993,0.3173154,0.016669087,0.11363427,0.006811042,0.21806057,0.0011824141,"TWOGAUSSIANS_WITH_ELLIPSOIDAL_ON_ECLIPSE1",9,24.430695,0.7145116,0.0015637894,0.2683754,0.015005196,0.54445565,0.019519016,0.21806057,0.0011824141,0.26920497,0.014642821,0.49290636,0.012806044
375316653866487564,3541987274778259328,0.4747605,2009.1396675457017,1.8592242182378795,2.5998419E-5,15.702948,0.0016114061,null,null,null,null,null,null,null,null,null,null,null,null,0.031256136,0.0019113587,0.2823052,0.006777567,"ELLIPSOIDAL",4,15.999907,null,null,null,null,null,null,null,null,null,null,null,null
375316653866487564,3542046648406095104,0.4644565,2030.334151735445,1.2248669620423946,1.6127957E-5,18.376034,0.0033587066,0.26696426,0.007845676,0.014472424,0.010740503,0.1297813,0.41435933,0.77194774,0.0068098493,0.018281277,0.0047395704,0.09782137,0.030135376,0.020865181,0.0059653497,0.26696426,0.007845676,"TWOGAUSSIANS_WITH_ELLIPSOIDAL_ON_ECLIPSE1",9,4.456029,0.26696426,0.007845676,0.081045575,0.060146816,0.17151166,0.41614214,0.77194774,0.006804381,0.10237516,0.026541594,0.13951083,0.028652677
