Gaia/vari_eclipsing_binary/VariEclipsingBinary_248410-248615.csv
# %ECSV 1.0
# ---
# delimiter: ','
# meta: !!omap
# - RELEASE: Gaia DR3
# - TABLE: vari_eclipsing_binary
# - DESCRIPTION: >
#     This table describes the properties of the eclipsing binaries resulting from the variability analysis. 
# - CITATION: >
#     How to cite and acknowledge Gaia: 
#     https://gea.esac.esa.int/archive/documentation/credits.html 
# - KNOWN_ISSUES: >
#     Known issues: 
#     https://www.cosmos.esa.int/web/gaia-users/known-issues 
# - DOCUMENTATION: >
#     Tutorials and documentation: 
#     https://www.cosmos.esa.int/web/gaia-users/archive 
# datatype:
# - 
#   name: solution_id
#   datatype: int64
#   description: Solution Identifier
#   meta:
#     ucd: meta.version
# - 
#   name: source_id
#   datatype: int64
#   description: Unique source identifier
#   meta:
#     ucd: meta.id;meta.main
# - 
#   name: global_ranking
#   datatype: float32
#   description: Number between 0 (worst) and 1 (best)
#   meta:
#     ucd: stat.param
# - 
#   name: reference_time
#   datatype: float64
#   unit: d
#   description: Reference time used for the geometric model fit
#   meta:
#     ucd: time.epoch
# - 
#   name: frequency
#   datatype: float64
#   unit: d**-1
#   description: Frequency of geometric model of the eclipsing binary light curve
#   meta:
#     ucd: src.orbital
# - 
#   name: frequency_error
#   datatype: float32
#   unit: d**-1
#   description: "Uncertainty of \\texttt{frequency}"
#   meta:
#     ucd: stat.error
# - 
#   name: geom_model_reference_level
#   datatype: float32
#   unit: mag
#   description: Magnitude reference level of geometric model
#   meta:
#     ucd: phot.mag;em.opt
# - 
#   name: geom_model_reference_level_error
#   datatype: float32
#   unit: mag
#   description: "Uncertainty of \\texttt{geomModelReferenceLevel}"
#   meta:
#     ucd: stat.error;phot.mag;em.opt
# - 
#   name: geom_model_gaussian1_phase
#   datatype: float32
#   description: Phase of the Gaussian 1 component
#   meta:
#     ucd: time.phase
# - 
#   name: geom_model_gaussian1_phase_error
#   datatype: float32
#   description: "Uncertainty of \\texttt{geomModelGaussian1Phase}"
#   meta:
#     ucd: stat.error;time.phase
# - 
#   name: geom_model_gaussian1_sigma
#   datatype: float32
#   description: "Standard deviation [phase] of Gaussian 1 component"
#   meta:
#     ucd: stat.stdev
# - 
#   name: geom_model_gaussian1_sigma_error
#   datatype: float32
#   description: "Uncertainty of \\texttt{geomModelGaussian1Sigma}"
#   meta:
#     ucd: stat.error
# - 
#   name: geom_model_gaussian1_depth
#   datatype: float32
#   unit: mag
#   description: Magnitude depth of Gaussian 1 component
#   meta:
#     ucd: src.var.amplitude
# - 
#   name: geom_model_gaussian1_depth_error
#   datatype: float32
#   unit: mag
#   description: "Uncertainty of \\texttt{geomModelGaussian1Depth}"
#   meta:
#     ucd: stat.error;src.var.amplitude
# - 
#   name: geom_model_gaussian2_phase
#   datatype: float32
#   description: Phase of Gaussian 2 component
#   meta:
#     ucd: time.phase
# - 
#   name: geom_model_gaussian2_phase_error
#   datatype: float32
#   description: "Uncertainty of \\texttt{geomModelGaussian2Phase}"
#   meta:
#     ucd: stat.error;time.phase
# - 
#   name: geom_model_gaussian2_sigma
#   datatype: float32
[...]
#   datatype: float32
#   description: "Secondary eclipse: uncertainty of \\texttt{derivedSecondaryEclDuration}"
#   meta:
#     ucd: stat.error;time.duration
# - 
#   name: derived_secondary_ecl_depth
#   datatype: float32
#   unit: mag
#   description: "Secondary eclipse: depth"
#   meta:
#     ucd: src.var.amplitude
# - 
#   name: derived_secondary_ecl_depth_error
#   datatype: float32
#   unit: mag
#   description: "Secondary eclipse: uncertainty of \\texttt{derivedSecondaryEclDepth}"
#   meta:
#     ucd: stat.error;src.var.amplitude
solution_id,source_id,global_ranking,reference_time,frequency,frequency_error,geom_model_reference_level,geom_model_reference_level_error,geom_model_gaussian1_phase,geom_model_gaussian1_phase_error,geom_model_gaussian1_sigma,geom_model_gaussian1_sigma_error,geom_model_gaussian1_depth,geom_model_gaussian1_depth_error,geom_model_gaussian2_phase,geom_model_gaussian2_phase_error,geom_model_gaussian2_sigma,geom_model_gaussian2_sigma_error,geom_model_gaussian2_depth,geom_model_gaussian2_depth_error,geom_model_cosine_half_period_amplitude,geom_model_cosine_half_period_amplitude_error,geom_model_cosine_half_period_phase,geom_model_cosine_half_period_phase_error,model_type,num_model_parameters,reduced_chi2,derived_primary_ecl_phase,derived_primary_ecl_phase_error,derived_primary_ecl_duration,derived_primary_ecl_duration_error,derived_primary_ecl_depth,derived_primary_ecl_depth_error,derived_secondary_ecl_phase,derived_secondary_ecl_phase_error,derived_secondary_ecl_duration,derived_secondary_ecl_duration_error,derived_secondary_ecl_depth,derived_secondary_ecl_depth_error
[from data line 74]
375316653866487564,2185177831482162816,0.513577,2250.498235281399,2.4108593202287247,1.5154723E-5,17.783033,0.002908591,0.21847472,0.0075286315,0.011602481,0.0019843227,0.7622678,0.44764474,0.9181,0.04395382,0.09438621,0.04969955,0.012737565,0.004606282,null,null,null,null,"TWOGAUSSIANS",8,2.825849,0.21847472,0.0075286315,0.06497389,0.011112207,0.7623483,0.4476089,0.9181,0.04395382,0.4,0.13644615,0.012737544,0.0046062195
375316653866487564,2185179308949721856,0.5715274,2227.5446317590827,2.0682852348645198,1.2182321E-5,14.28208,0.008188619,0.19616476,0.0048563103,0.1021722,0.010967512,0.09383613,0.007748101,0.6939703,0.0028867247,0.0994104,0.0067520025,0.14477052,0.007646549,null,null,null,null,"TWOGAUSSIANS",8,25.875814,0.6939703,0.0028867247,0.4,0.0,0.13438876,0.003799454,0.19616476,0.0048563103,0.4,0.0,0.08345412,0.0033434632
375316653866487564,2185179755625494144,0.48536897,2179.0226650561117,3.1685216983967326,6.199445E-5,17.843185,0.0071484405,0.2802869,0.0067432406,0.058570612,0.010903136,0.14679958,0.010960935,0.729604,0.0233908,0.118988276,0.025462957,0.05430471,0.011792292,null,null,null,null,"TWOGAUSSIANS",8,3.9045439,0.28031692,0.006717166,0.32799542,0.061057564,0.14572497,0.01128682,0.729604,0.0233908,0.4,0.0,0.053185366,0.01131834
375316653866487564,2185187104307628800,0.4797977,2260.0832363032073,3.5573291368201687,2.5535577E-5,18.892075,0.08750782,0.2993821,0.02424048,0.108352445,0.05445867,0.21846575,0.0785428,0.77273643,0.008220699,0.07665626,0.017780706,0.35727614,0.08007729,null,null,null,null,"TWOGAUSSIANS",8,7.117336,0.77273643,0.008220699,0.4,6.395149E-5,0.34821823,0.03821347,0.2993821,0.02424048,0.4,0.0,0.20939055,0.03998485
375316653866487564,2185189372050754560,0.45600846,2254.7688752841505,0.06414116869426746,2.2947164E-5,17.007694,0.0014111982,0.17949586,0.043327935,0.019117603,0.027025891,0.14397562,0.8015462,0.58987665,0.005200093,0.036633972,0.003951934,0.043392364,0.0044103432,null,null,null,null,"TWOGAUSSIANS",8,2.6544018,0.17949586,0.043327935,0.10705858,0.151345,0.14397562,0.8015462,0.58987665,0.005200093,0.20515025,0.02213083,0.043392364,0.0044103432
375316653866487564,2185189857388854400,0.6315249,2234.5369765227924,2.163120440874354,5.1048064E-6,15.0556555,0.007867178,0.22327954,0.001932071,0.04678328,0.0039562443,0.28812295,0.024718449,0.72687334,0.002039685,0.047725573,0.0033955276,0.31778562,0.018676417,0.11776958,0.0118287755,0.22327954,0.001932071,"TWOGAUSSIANS_WITH_ELLIPSOIDAL_ON_ECLIPSE1",9,68.88001,0.72687334,0.002039685,0.26726323,0.019014955,0.55320394,0.01185135,0.22327954,0.001932071,0.26198635,0.022154968,0.5236613,0.021608558
375316653866487564,2185191747171159296,0.55236274,2247.193818654341,1.7543560699440461,1.085261E-5,15.796684,0.00384108,0.19487484,0.007429693,0.089406,0.011531544,0.08861434,0.018753272,0.68867236,0.00290074,0.07093669,0.0041175457,0.17660329,0.0051475493,null,null,null,null,"TWOGAUSSIANS",8,8.9751215,0.68867236,0.00290074,0.39724547,0.013973046,0.17498538,0.0050366656,0.19487484,0.007429693,0.4,0.0,0.0869964,0.019337801
375316653866487564,2185193259003526784,0.6202649,2243.4043431093514,2.4618955984552593,7.0499373E-6,16.537607,0.0050280546,0.2756618,0.001397743,0.045874882,0.005992458,0.086861834,0.010628305,0.7870279,0.008490061,0.045451213,0.012260526,0.06406332,0.01444823,0.09762744,0.006415244,0.2756618,0.001397743,"TWOGAUSSIANS_WITH_ELLIPSOIDAL_ON_ECLIPSE1",9,6.789286,0.2756618,0.001397743,0.25689933,0.033557765,0.28211653,0.005464971,0.7870279,0.008490061,0.2545268,0.06865895,0.25832388,0.010891815
375316653866487564,2185196007782139776,0.67837095,2247.8905591080566,3.5208015097893357,6.359099E-6,16.982021,0.009893548,0.18488085,0.0016136921,0.052302714,0.0029855461,0.52566725,0.021364262,0.6831973,0.0013173668,0.046746172,0.0027355962,0.3582501,0.02501577,0.12976514,0.011530597,0.18488085,0.0016136921,"TWOGAUSSIANS_WITH_ELLIPSOIDAL_ON_ECLIPSE1",9,6.6983266,0.18488085,0.0016136921,0.2928952,0.016719058,0.78519154,0.01613784,0.68338734,0.0011081615,0.26177856,0.015319339,0.61774856,0.019729245
375316653866487564,2185196557537993600,0.49553546,2230.4228122402073,2.5617613620932946,2.0919006E-5,15.737501,0.014551934,0.21861613,0.007030565,0.08759814,0.009588835,0.22639517,0.015350697,0.73302513,0.00886685,0.07649173,0.011376647,0.1796142,0.01813028,null,null,null,null,"TWOGAUSSIANS",8,85.485016,0.21861613,0.007030565,0.4,0.0,0.2234172,0.013688973,0.73302513,0.00886685,0.4,0.0069881906,0.17663628,0.016213465
375316653866487564,2185199031439246720,0.44065854,2205.9188838664454,3.879514149827057,1.2041519E-5,18.745203,0.061896626,0.27391693,0.037214484,0.1541478,0.16098645,0.060849965,0.058958337,0.5593096,0.0011038601,0.021099761,0.0018785225,0.2672672,0.02155077,null,null,null,null,"TWOGAUSSIANS",8,9.895413,0.5593096,0.0011038601,0.11815866,0.010519726,0.27759966,0.025189912,0.27391693,0.037214484,0.4,0.0,0.060218077,0.021528717
375316653866487564,2185199581194997248,0.43954438,2257.070244104169,0.31546172698933794,2.4265293E-5,16.883123,0.0030427484,0.31808066,0.010291785,0.07965158,0.0116767725,0.05194137,0.005978852,0.05228361,0.024438594,0.067321055,0.031836618,0.023002647,0.0051817056,null,null,null,null,"TWOGAUSSIANS",8,5.225748,0.31801066,0.00963716,0.4,0.0,0.051950596,0.005980921,0.05403361,0.026994137,0.3769979,0.0816136,0.023208005,0.0053024837
375316653866487564,2185199851771148032,0.57958454,2249.9789807871425,2.666111984446998,6.12048E-6,18.42979,0.010822556,0.29622462,0.0086383065,0.08231684,0.009895198,0.32305422,0.021258317,0.7938581,0.0013962328,0.08041238,0.0032112738,0.3633354,0.013485007,null,null,null,null,"TWOGAUSSIANS",8,1.7177615,0.7938581,0.0013962328,0.4,0.0,0.3575026,0.012524488,0.29622462,0.0086383065,0.4,0.0,0.31722146,0.02026538
375316653866487564,2185200642044952064,0.57218415,2221.981938133198,3.3675261471537015,8.743283E-6,17.676802,0.009407178,0.27925685,0.0017310266,0.085049815,0.0036312353,0.34971,0.016420316,0.7764375,0.004634555,0.08302943,0.0044133854,0.32087153,0.012028534,null,null,null,null,"TWOGAUSSIANS",8,5.3478036,0.27925685,0.0017310266,0.4,0.0,0.34207377,0.016520156,0.7764375,0.004634555,0.4,0.0,0.31323534,0.0100766225
375316653866487564,2185201505340226304,0.6934597,2180.613362117696,1.9576900646148376,2.995755E-6,15.809106,0.0038279393,0.26748073,2.6771717E-4,0.048071004,8.4166013E-4,0.47237697,0.0077587697,0.764241,0.007117278,0.048693098,0.0059733745,0.092100345,0.01995037,0.065787084,0.004860321,0.26748073,2.6771717E-4,"TWOGAUSSIANS_WITH_ELLIPSOIDAL_ON_ECLIPSE1",9,4.7965384,0.26748073,2.6771717E-4,0.2691976,0.004713297,0.60395026,0.002987785,0.764921,0.005287662,0.27268136,0.033450898,0.22363062,0.018243609
375316653866487564,2185203395123234688,0.41747206,2261.570015990111,3.7773786110167333,8.054965E-5,16.906494,0.07484234,0.4110463,0.06594181,0.19794819,0.19320421,0.06270155,0.062498834,0.8867606,2.4032235E-5,0.001244385,1.04884624E-4,0.46194407,0.016969614,null,null,null,null,"TWOGAUSSIANS",8,13.096779,0.8867606,2.4032235E-5,0.006968556,5.873539E-4,0.46215335,0.016858933,0.4110463,0.06594181,0.4,0.0,0.057539444,0.015817609
375316653866487564,2185203429482927616,0.5075203,2190.8464423233036,2.514506917911704,3.493955E-5,17.955313,0.08564453,0.27745953,0.016611392,0.08588331,0.061910737,0.16578276,0.06547818,0.8006374,0.07949842,0.077236004,0.07506233,0.2500699,0.11880739,null,null,null,null,"TWOGAUSSIANS",8,4.8521156,0.8006374,0.07949842,0.4,0.032348752,0.24773028,0.050901797,0.27745953,0.016864868,0.4,0.0,0.16344312,0.01577572
375316653866487564,2185204627774730112,0.4714824,2248.1420997859836,2.9006369408062245,5.0779578E-5,16.49199,0.010279935,0.3314521,0.017195012,0.076997854,0.019342525,0.09026306,0.029135007,0.79735243,0.0037012477,0.050749704,0.0051482567,0.18842414,0.012271556,null,null,null,null,"TWOGAUSSIANS",8,44.096535,0.79735243,0.0037012477,0.28419834,0.028830236,0.18838659,0.012224112,0.3314521,0.017195012,0.4,0.025841104,0.09022552,0.029169781
375316653866487564,2185206551923600768,0.5796591,2217.3604979483557,3.1403298368521395,7.2303205E-6,17.85318,0.009874284,0.32446462,0.0036970275,0.07665034,0.004893942,0.534585,0.04025392,0.81400394,0.004270382,0.056226164,0.003726371,0.43892673,0.06850613,null,null,null,null,"TWOGAUSSIANS",8,8.901348,0.32446462,0.0036970275,0.4,0.0,0.53397834,0.04047088,0.81400394,0.004270382,0.3148665,0.020867677,0.43832007,0.0685699
375316653866487564,2185207690093910656,0.58718354,2230.052078383309,1.3539880714244727,7.1136756E-6,16.48573,0.0051827715,0.2626814,0.0018649943,0.09536276,0.004550193,0.18246596,0.0054709176,0.75788033,0.0018639573,0.09889493,0.0047364607,0.15613168,0.0046580657,null,null,null,null,"TWOGAUSSIANS",8,2.8981779,0.2626814,0.0018649943,0.4,0.0,0.170959,0.005764231,0.75788033,0.0018639573,0.4,0.0,0.14462422,0.0038505893
375316653866487564,2185209442440492672,0.46007442,2220.9017445407426,4.1244054276762405,1.2965923E-5,18.315317,0.0044374294,null,null,null,null,null,null,null,null,null,null,null,null,0.060478214,0.00705926,0.21509418,0.006730279,"ELLIPSOIDAL",4,5.8622794,null,null,null,null,null,null,null,null,null,null,null,null
375316653866487564,2185209919175443968,0.43111095,2211.724862511759,1.9856172096827553,4.8660346E-5,19.33404,0.018593501,0.27418473,0.017142344,0.05599036,0.010134575,0.29642296,0.08513861,0.516408,0.029203456,0.021309858,0.04897094,0.26953125,0.20635155,0.050675526,0.021344148,0.516408,0.029203456,"TWOGAUSSIANS_WITH_ELLIPSOIDAL_ON_ECLIPSE2",9,10.140721,0.516408,0.029203456,0.119335204,0.27259412,0.37090737,0.19046679,0.27490473,0.017990405,0.31354603,0.056753617,0.29668653,0.08446403
375316653866487564,2185211018687128448,0.551358,2218.915499428002,3.0717956251644085,2.0581698E-5,17.55062,0.028537123,0.3157021,0.0064850133,0.10007376,0.010439921,0.36114693,0.028186625,0.80300695,0.0075456374,0.10412163,0.012815049,0.35354578,0.027121345,null,null,null,null,"TWOGAUSSIANS",8,9.740076,0.3157121,0.0064841076,0.4,0.0,0.33060917,0.013093137,0.80300695,0.0075456374,0.4,0.0,0.3230032,0.013167117
375316653866487564,2185214832617170944,0.46736106,2217.2185044283156,3.9247072004053782,5.8095004E-5,19.742907,0.025560958,0.1773239,0.011130257,0.08790479,0.014463812,0.2347644,0.0275649,0.7170961,0.023412041,0.09527285,0.031661134,0.20391564,0.040217027,null,null,null,null,"TWOGAUSSIANS",8,2.1895318,0.1773239,0.011123361,0.4,0.0,0.22909547,0.020961994,0.7170961,0.023412041,0.4,0.0,0.19824521,0.043768954
375316653866487564,2185219161944333312,0.57664883,2238.9935841010124,2.6188094674631763,6.537986E-5,18.257275,0.004986718,0.28039816,2.898746E-4,0.03506974,8.271396E-4,1.4667709,0.053686906,0.5446743,0.0056730425,0.012959137,0.0091658905,0.046958696,0.21612452,null,null,null,null,"TWOGAUSSIANS",8,5.1094694,0.28039816,2.898746E-4,0.19639054,0.0046319817,1.4667709,0.053686906,0.5446743,0.0056730425,0.072571166,0.051328983,0.046958696,0.21612452
375316653866487564,2185219196304081408,0.4554305,2262.290857516569,0.6524946981764848,3.210004E-5,18.801815,0.07293687,0.2983948,1.644773E-5,0.0011442029,5.2134805E-5,0.878704,0.023475794,0.41102982,0.031599265,0.20886399,0.13002327,0.07896497,0.06224386,null,null,null,null,"TWOGAUSSIANS",8,6.3610873,0.2983948,1.644773E-5,0.006407536,2.919549E-4,0.9379962,0.03600677,0.41102982,0.031599265,0.4,0.0,0.06997074,0.013051273
375316653866487564,2185219333743051264,0.48257437,2241.7897873228235,2.7501568434981016,3.0789823E-5,18.92464,0.021378413,0.1961342,0.0089352885,0.103252046,0.020100465,0.13920316,0.019555913,0.7072251,0.011999037,0.096433446,0.017804094,0.14180347,0.0224278,null,null,null,null,"TWOGAUSSIANS",8,2.0976775,0.7072251,0.012004741,0.4,0.0,0.13119599,0.012598661,0.1961342,0.008936782,0.4,0.0,0.12859361,0.011690411
375316653866487564,2185220501974201728,0.61157477,2247.470608520065,3.730379034176093,8.365068E-6,18.439611,0.0070447256,0.30161902,0.002979333,0.04284241,0.005989706,0.40159836,0.023948079,0.80199766,0.0034552964,0.035600558,0.005198341,0.33304194,0.06399274,0.14587149,0.008848001,0.30161902,0.002979333,"TWOGAUSSIANS_WITH_ELLIPSOIDAL_ON_ECLIPSE1",9,4.1655536,0.30161902,0.002979333,0.2399175,0.033542357,0.69334126,0.021340609,0.80199766,0.0032563468,0.19936313,0.02911071,0.6247832,0.07245697
375316653866487564,2185220501974203904,0.5472709,2250.5255779455674,2.4734220516263217,1.6753998E-5,17.630106,0.02611712,0.26846477,0.0039709555,0.104137324,0.0138419075,0.29711154,0.034613755,0.756482,0.0032689502,0.09899361,0.010287429,0.3544891,0.022208715,null,null,null,null,"TWOGAUSSIANS",8,11.223521,0.756482,0.0032689502,0.4,0.0,0.32750568,0.01868059,0.26846477,0.003971308,0.4,0.0,0.27012384,0.03835435
375316653866487564,2185224698161209216,0.50796026,2191.9783473106254,3.514027499908364,1.2358985E-5,19.436533,0.015144053,0.34626612,0.0051475624,0.08004753,0.0074404255,0.37399715,0.038223542,0.84998447,0.0042292434,0.08234674,0.005923621,0.3572858,0.022905443,null,null,null,null,"TWOGAUSSIANS",8,2.3696449,0.34626612,0.0051475624,0.4,0.0,0.3680472,0.038875304,0.84998447,0.0042292434,0.4,0.0,0.35133585,0.02200119
375316653866487564,2185229126269443072,0.44361138,2207.4127857251083,0.988404106388302,4.2615025E-5,17.8303,0.006440833,0.44277504,0.0029531636,0.0192805,0.0033330384,0.34908694,0.12014982,0.90067685,0.023837384,0.02778123,0.021102611,0.05917324,0.076797344,null,null,null,null,"TWOGAUSSIANS",8,31.20694,0.44277504,0.0029531636,0.107970804,0.018665016,0.34908694,0.12014982,0.90067685,0.023837384,0.15557489,0.11817462,0.05917324,0.076797344
375316653866487564,2185229744744770304,0.5851973,2211.363951183801,2.635859656062545,6.994866E-6,16.639652,0.03999421,0.21057275,0.0043202415,0.13202399,0.018596973,0.23165654,0.03859293,0.70480996,0.001879856,0.106503054,0.010577197,0.26129097,0.037265994,null,null,null,null,"TWOGAUSSIANS",8,6.1797633,0.70480996,0.001879856,0.4,0.0,0.21051192,0.005222787,0.21058275,0.0043298537,0.4,0.0,0.18052585,0.006902533
375316653866487564,2185235448459215360,0.5726859,2212.5182160767695,3.8068429049693404,9.025595E-6,18.870134,0.012272453,0.22227216,0.0038776007,0.04385152,0.007826931,0.23369795,0.08207073,0.7280957,0.004152693,0.0472366,0.0041666226,0.33007795,0.030330827,0.10658123,0.018683568,0.22227216,0.0038776007,"TWOGAUSSIANS_WITH_ELLIPSOIDAL_ON_ECLIPSE1",9,2.8856027,0.7280957,0.004152693,0.26452494,0.023333086,0.5429547,0.013268241,0.22227216,0.0038776007,0.24556851,0.043830816,0.4468599,0.09150482
375316653866487564,2185235624560024832,0.5957721,2229.9909541793827,0.5763637989781119,1.7386456E-5,15.929448,0.0016079448,0.29167598,0.013828179,0.03545587,0.0059677223,0.7989155,0.30970243,0.793823,0.0034889223,0.03304587,0.0024213109,0.111706346,0.008552419,null,null,null,null,"TWOGAUSSIANS",8,14.974264,0.29167598,0.013828179,0.19855288,0.033419244,0.7989155,0.30970243,0.793823,0.0034889223,0.18505688,0.013559341,0.111706346,0.008552419
375316653866487564,2185239880865425024,0.57166654,2225.509162397926,0.34269149408597216,7.006828E-6,12.344331,0.001370884,0.26390067,0.0039052742,0.02500824,0.005326245,0.027167726,0.0062042903,0.78350604,0.0023512424,0.03207775,0.003323884,0.070109434,0.006763192,0.036076985,0.0048248083,0.78350604,0.0023512424,"TWOGAUSSIANS_WITH_ELLIPSOIDAL_ON_ECLIPSE2",9,108.67794,0.78350604,0.0023512424,0.17963539,0.01861375,0.14226341,0.007364498,0.26617068,0.0031723506,0.14004615,0.029826973,0.098357365,0.007061329
375316653866487564,2185244901689553664,0.6431735,2224.6091036372777,1.8541830696335897,4.7069584E-6,15.900582,0.0043170555,0.19525649,0.0038794673,0.052996326,0.0063765696,0.037420075,0.011428337,0.6854013,8.713665E-4,0.048892923,0.0017696822,0.23013999,0.008480764,0.032956567,0.0056754956,0.19525649,0.0038794673,"TWOGAUSSIANS_WITH_ELLIPSOIDAL_ON_ECLIPSE1",9,7.1793942,0.6859013,7.0732686E-4,0.27380037,0.00991022,0.29581264,0.0036020447,0.19525649,0.0038794673,0.29677942,0.03570879,0.10333225,0.0048867683
