Gaia/vari_eclipsing_binary/VariEclipsingBinary_594024-594204.csv
# %ECSV 1.0
# ---
# delimiter: ','
# meta: !!omap
# - RELEASE: Gaia DR3
# - TABLE: vari_eclipsing_binary
# - DESCRIPTION: >
#     This table describes the properties of the eclipsing binaries resulting from the variability analysis. 
# - CITATION: >
#     How to cite and acknowledge Gaia: 
#     https://gea.esac.esa.int/archive/documentation/credits.html 
# - KNOWN_ISSUES: >
#     Known issues: 
#     https://www.cosmos.esa.int/web/gaia-users/known-issues 
# - DOCUMENTATION: >
#     Tutorials and documentation: 
#     https://www.cosmos.esa.int/web/gaia-users/archive 
# datatype:
# - 
#   name: solution_id
#   datatype: int64
#   description: Solution Identifier
#   meta:
#     ucd: meta.version
# - 
#   name: source_id
#   datatype: int64
#   description: Unique source identifier
#   meta:
#     ucd: meta.id;meta.main
# - 
#   name: global_ranking
#   datatype: float32
#   description: Number between 0 (worst) and 1 (best)
#   meta:
#     ucd: stat.param
# - 
#   name: reference_time
#   datatype: float64
#   unit: d
#   description: Reference time used for the geometric model fit
#   meta:
#     ucd: time.epoch
# - 
#   name: frequency
#   datatype: float64
#   unit: d**-1
#   description: Frequency of geometric model of the eclipsing binary light curve
#   meta:
#     ucd: src.orbital
# - 
#   name: frequency_error
#   datatype: float32
#   unit: d**-1
#   description: "Uncertainty of \\texttt{frequency}"
#   meta:
#     ucd: stat.error
# - 
#   name: geom_model_reference_level
#   datatype: float32
#   unit: mag
#   description: Magnitude reference level of geometric model
#   meta:
#     ucd: phot.mag;em.opt
# - 
#   name: geom_model_reference_level_error
#   datatype: float32
#   unit: mag
#   description: "Uncertainty of \\texttt{geomModelReferenceLevel}"
#   meta:
#     ucd: stat.error;phot.mag;em.opt
# - 
#   name: geom_model_gaussian1_phase
#   datatype: float32
#   description: Phase of the Gaussian 1 component
#   meta:
#     ucd: time.phase
# - 
#   name: geom_model_gaussian1_phase_error
#   datatype: float32
#   description: "Uncertainty of \\texttt{geomModelGaussian1Phase}"
#   meta:
#     ucd: stat.error;time.phase
# - 
#   name: geom_model_gaussian1_sigma
#   datatype: float32
#   description: "Standard deviation [phase] of Gaussian 1 component"
#   meta:
#     ucd: stat.stdev
# - 
#   name: geom_model_gaussian1_sigma_error
#   datatype: float32
#   description: "Uncertainty of \\texttt{geomModelGaussian1Sigma}"
#   meta:
#     ucd: stat.error
# - 
#   name: geom_model_gaussian1_depth
#   datatype: float32
#   unit: mag
#   description: Magnitude depth of Gaussian 1 component
#   meta:
#     ucd: src.var.amplitude
# - 
#   name: geom_model_gaussian1_depth_error
#   datatype: float32
#   unit: mag
#   description: "Uncertainty of \\texttt{geomModelGaussian1Depth}"
#   meta:
#     ucd: stat.error;src.var.amplitude
# - 
#   name: geom_model_gaussian2_phase
#   datatype: float32
#   description: Phase of Gaussian 2 component
#   meta:
#     ucd: time.phase
# - 
#   name: geom_model_gaussian2_phase_error
#   datatype: float32
#   description: "Uncertainty of \\texttt{geomModelGaussian2Phase}"
#   meta:
#     ucd: stat.error;time.phase
# - 
#   name: geom_model_gaussian2_sigma
#   datatype: float32
[...]
#   datatype: float32
#   description: "Secondary eclipse: uncertainty of \\texttt{derivedSecondaryEclDuration}"
#   meta:
#     ucd: stat.error;time.duration
# - 
#   name: derived_secondary_ecl_depth
#   datatype: float32
#   unit: mag
#   description: "Secondary eclipse: depth"
#   meta:
#     ucd: src.var.amplitude
# - 
#   name: derived_secondary_ecl_depth_error
#   datatype: float32
#   unit: mag
#   description: "Secondary eclipse: uncertainty of \\texttt{derivedSecondaryEclDepth}"
#   meta:
#     ucd: stat.error;src.var.amplitude
solution_id,source_id,global_ranking,reference_time,frequency,frequency_error,geom_model_reference_level,geom_model_reference_level_error,geom_model_gaussian1_phase,geom_model_gaussian1_phase_error,geom_model_gaussian1_sigma,geom_model_gaussian1_sigma_error,geom_model_gaussian1_depth,geom_model_gaussian1_depth_error,geom_model_gaussian2_phase,geom_model_gaussian2_phase_error,geom_model_gaussian2_sigma,geom_model_gaussian2_sigma_error,geom_model_gaussian2_depth,geom_model_gaussian2_depth_error,geom_model_cosine_half_period_amplitude,geom_model_cosine_half_period_amplitude_error,geom_model_cosine_half_period_phase,geom_model_cosine_half_period_phase_error,model_type,num_model_parameters,reduced_chi2,derived_primary_ecl_phase,derived_primary_ecl_phase_error,derived_primary_ecl_duration,derived_primary_ecl_duration_error,derived_primary_ecl_depth,derived_primary_ecl_depth_error,derived_secondary_ecl_phase,derived_secondary_ecl_phase_error,derived_secondary_ecl_duration,derived_secondary_ecl_duration_error,derived_secondary_ecl_depth,derived_secondary_ecl_depth_error
[from data line 432]
375316653866487564,5226301099827429376,0.49029356,2159.079886625307,2.474105204315466,2.1807376E-5,16.047205,0.07298708,0.24992576,0.00608467,0.13474534,0.03388374,0.2813191,0.06288776,0.7626562,0.00810353,0.09025127,0.025448684,0.21513543,0.064981796,null,null,null,null,"TWOGAUSSIANS",8,109.867355,0.24992576,0.0060842657,0.4,0.0,0.24441367,0.018832142,0.76285625,0.008275978,0.4,0.0,0.17883919,0.021095198
375316653866487564,5226301164249457024,0.40670532,2130.549026805813,0.41069787124624263,6.080267E-5,17.406002,0.0046897936,0.417053,0.02510113,0.052605234,0.015139911,0.1036832,0.044868074,0.7707504,0.010635394,0.039295506,0.011578968,0.06813168,0.025958827,0.020112468,0.0071305092,0.7707504,0.010635394,"TWOGAUSSIANS_WITH_ELLIPSOIDAL_ON_ECLIPSE2",9,11.489562,0.41036302,0.022824716,0.2945893,0.0847835,0.11928801,0.045238033,0.7707504,0.010635394,0.22005484,0.06484222,0.1083565,0.025635928
375316653866487564,5226302332480652160,0.49264744,2171.3566573556586,0.9952212722454161,7.935921E-6,18.733196,0.0057069627,0.16230018,0.0028027706,0.026841963,0.0026476604,0.2844852,0.04555091,0.65254927,2.2543847E-4,0.017641844,3.9317732E-4,0.36971638,0.006801601,null,null,null,null,"TWOGAUSSIANS",8,5.8433523,0.65254927,2.2543847E-4,0.098794326,0.002201793,0.36971638,0.006801601,0.16230018,0.0028027706,0.150315,0.014826898,0.2844852,0.04555091
375316653866487564,5226305188636188288,0.44114712,2181.726523203012,0.21723510178861397,5.7800364E-5,17.53788,0.0027769685,0.15607701,0.023650823,0.011359351,0.009052688,0.6798475,5.564299,0.6504718,0.04448411,0.018206645,0.014647218,0.12169351,0.10108483,0.011863684,0.005095784,0.15607701,0.023650823,"TWOGAUSSIANS_WITH_ELLIPSOIDAL_ON_ECLIPSE1",9,8.9373665,0.15607701,0.023650823,0.063612364,0.050695054,0.7035748,5.5647516,0.6505018,0.044408876,0.10195722,0.082024425,0.14539158,0.104324594
375316653866487564,5226307353299965440,0.649561,2175.1199004903547,0.41242089215136124,4.3458855E-5,15.313204,0.0013494835,0.18598837,0.014608764,0.028662685,0.008296842,0.13026562,0.026231766,0.6771073,0.0016928962,0.029639153,8.771851E-4,1.0024794,0.029731447,null,null,null,null,"TWOGAUSSIANS",8,23.668068,0.6771073,0.0016928962,0.16597925,0.0049122362,1.0024794,0.029731447,0.18598837,0.014608764,0.16051103,0.046462312,0.13026562,0.026231766
375316653866487564,5226309410586665728,0.49127576,2184.955696299097,2.1699219642140735,3.3165295E-5,19.090921,0.0036684303,0.13338704,0.023298113,0.024650069,0.019425215,0.062182356,15.97619,0.2605012,0.0011797331,0.013550505,0.001351242,0.4879319,0.39527,null,null,null,null,"TWOGAUSSIANS",8,2.5210912,0.2605012,0.0011797331,0.07588283,0.007566955,0.48793203,0.39526936,0.13338704,0.023298113,0.13804038,0.1087812,0.062182356,15.97619
375316653866487564,5226312335462039552,0.6140423,2220.6105648506737,2.2274638415947603,3.670731E-6,16.241343,0.023290355,0.24813919,0.007215908,0.05114513,0.014107961,0.37737474,0.052092172,0.7562346,0.0014527364,0.047145657,0.00542072,0.42760777,0.044862136,0.101865955,0.026842166,0.7562346,0.0014527364,"TWOGAUSSIANS_WITH_ELLIPSOIDAL_ON_ECLIPSE2",9,37.112034,0.7562346,0.0014527364,0.26401567,0.030356033,0.63133764,0.035764527,0.24894919,0.0065443437,0.28641272,0.079004586,0.5806307,0.08316476
375316653866487564,5226315217382673536,0.6396405,2155.5583357409214,3.2233577644131044,4.196723E-6,18.312733,0.010540483,0.22710432,0.0022835603,0.043955855,0.0034548512,0.4628569,0.03699468,0.7246967,0.0021643646,0.043520547,0.003043058,0.3311683,0.026404873,0.13487715,0.0127114,0.22710432,0.0022835603,"TWOGAUSSIANS_WITH_ELLIPSOIDAL_ON_ECLIPSE1",9,2.861891,0.22710432,0.0022835603,0.2461528,0.019347167,0.73261094,0.029899009,0.7249567,0.0018850567,0.24371506,0.017041126,0.60086733,0.017867783
375316653866487564,5226320238201821696,0.5016801,2190.9675625520185,3.283211818516986,2.0299525E-5,16.687984,0.564299,0.20599517,0.008071945,0.11457838,0.06092556,0.18018508,0.3720015,0.7040153,0.004900758,0.13393624,0.12462292,0.18847905,0.5560083,null,null,null,null,"TWOGAUSSIANS",8,17.337011,0.7040153,0.004965259,0.4,0.0,0.14066781,0.008399025,0.20603517,0.008423168,0.4,0.0,0.13270277,0.018207101
375316653866487564,5226323841676010496,0.6347843,2185.0607954946868,1.7848855186315313,2.7747037E-6,16.699078,0.0045085177,0.23582996,0.001696884,0.042287286,0.007748564,0.08517378,0.013526997,0.7294171,0.0034321349,0.05642289,0.0038155636,0.107399024,0.009902632,0.09771618,0.0057447553,0.23582996,0.001696884,"TWOGAUSSIANS_WITH_ELLIPSOIDAL_ON_ECLIPSE1",9,4.4689684,0.7314271,0.0022966722,0.3159682,0.021367157,0.30261007,0.0033716627,0.23582996,0.001696884,0.2368088,0.043391958,0.28060248,0.012540036
375316653866487564,5226328926913581184,0.5326934,2160.410994106989,3.5874870185931065,1.123453E-5,18.837128,0.008479962,0.26764566,0.004632521,0.08557461,0.007765338,0.20409779,0.010841707,0.7695431,0.002861185,0.087228306,0.0046779783,0.25489068,0.008943949,null,null,null,null,"TWOGAUSSIANS",8,2.2598186,0.7695431,0.002861185,0.4,0.0,0.24816924,0.0074103866,0.26764566,0.004632521,0.4,0.0,0.19737639,0.010948785
375316653866487564,5226331714354798208,0.5877102,2190.405141819614,2.9823393341172793,1.0429073E-5,16.804756,0.005557074,0.26080978,0.0031478882,0.083293006,0.0040364373,0.3450221,0.008583303,0.7571196,0.0045362543,0.06448425,0.0046594236,0.25416684,0.010423317,null,null,null,null,"TWOGAUSSIANS",8,20.518948,0.26080978,0.0031478882,0.4,0.0,0.34322417,0.008501011,0.7571196,0.0045362543,0.3611118,0.026092773,0.25236893,0.010582646
375316653866487564,5226331989232697088,0.59956247,2200.7367173546218,3.4708373978233698,4.203702E-6,17.276934,0.008461342,0.27413663,0.0033670221,0.027183427,0.018198123,0.47942582,1.6605737,0.7654511,0.0015035173,0.039829116,0.0020523232,0.68030286,0.04429523,0.15718426,0.012544481,0.27413663,0.0033670221,"TWOGAUSSIANS_WITH_ELLIPSOIDAL_ON_ECLIPSE1",9,27.313454,0.76592106,0.0013352956,0.22304305,0.01149301,0.99378693,0.045897067,0.27413663,0.0033670221,0.1522272,0.10190949,0.79379416,1.6708702
375316653866487564,5226333879018489088,0.53388643,2159.517101656836,0.1494136568509375,8.981277E-6,16.274366,0.002063098,0.244477,0.02456151,0.0022964624,0.020569088,0.47336817,0.7140428,0.7606844,0.007908033,0.014713132,0.0034733433,0.08127401,0.030545697,0.020304888,0.0040998654,0.244477,0.02456151,"TWOGAUSSIANS_WITH_ELLIPSOIDAL_ON_ECLIPSE1",9,4.2318516,0.244477,0.02456151,0.012860189,0.11518689,0.51397794,0.70874804,0.7606844,0.007904053,0.082393534,0.019450722,0.1214641,0.028656386
375316653866487564,5226336524718196736,0.49373,2152.172263275235,3.5902491910588603,2.4005816E-5,19.527407,0.013661148,0.26377657,0.004235258,0.07402813,0.008031704,0.30497608,0.020218875,0.7549774,0.0058930176,0.09307146,0.0058114594,0.3331638,0.026944732,null,null,null,null,"TWOGAUSSIANS",8,2.556745,0.7549774,0.0058930176,0.4,0.0,0.32699087,0.025832394,0.26377657,0.004235258,0.4,0.012165255,0.29880354,0.020521082
375316653866487564,5226338689381792768,0.5172126,2179.960524068899,2.588508395291473,1.3508371E-5,18.386015,0.01850804,0.20874143,0.0062329774,0.08410292,0.008508379,0.30709016,0.023474377,0.7013312,0.011545775,0.090029,0.014527953,0.24455023,0.027602948,null,null,null,null,"TWOGAUSSIANS",8,5.2079263,0.20874143,0.0062329774,0.4,0.0,0.29928318,0.017145228,0.7013312,0.011545775,0.4,0.0,0.23674317,0.025004871
375316653866487564,5226341399498810368,0.5900105,2181.081059146368,2.3237237708687766,8.742882E-6,17.171501,0.022447541,0.29168802,0.002963648,0.061154068,0.009150848,0.20099041,0.048743144,0.78063613,0.0031082788,0.056596495,0.0089831725,0.29082927,0.04499845,0.08469337,0.028077751,0.29168802,0.002963648,"TWOGAUSSIANS_WITH_ELLIPSOIDAL_ON_ECLIPSE1",9,11.802989,0.78205615,0.0025244306,0.31694037,0.050305765,0.45944947,0.0354649,0.29168802,0.002963648,0.34246278,0.051244747,0.37032178,0.011469091
375316653866487564,5226343151845777664,0.5269954,2200.947236325578,3.513309982732365,1.3695323E-5,19.473698,0.014506605,0.19173922,0.0041087475,0.0791396,0.0060189674,0.325228,0.025010921,0.6967399,0.014589468,0.07791881,0.011501112,0.39381292,0.03463468,null,null,null,null,"TWOGAUSSIANS",8,1.2618895,0.6967399,0.014589468,0.4,0.0,0.38974676,0.032214284,0.19173922,0.0041087475,0.4,0.0,0.32116184,0.02441589
375316653866487564,5226346519100423680,0.5086228,2193.3470849784576,0.974740471610742,2.6359687E-5,18.90873,0.005549796,0.2876789,6.167066E-5,0.015687564,2.8475784E-4,0.5052127,0.016905986,0.78246164,0.016021505,0.021981714,0.00448941,0.14520761,0.10014478,null,null,null,null,"TWOGAUSSIANS",8,3.364723,0.2876789,6.167066E-5,0.087850355,0.0015946439,0.5052127,0.016905986,0.78246164,0.016021505,0.1230976,0.025140697,0.14520761,0.10014478
375316653866487564,5226348271446839680,0.47898164,2197.5639095879283,3.319239807899071,5.856895E-5,19.21444,0.03514595,0.20146677,0.043146603,0.069591396,0.04024869,0.2002345,0.08383034,0.67902243,0.0074529243,0.058510546,0.01582703,0.56774217,0.14795524,null,null,null,null,"TWOGAUSSIANS",8,12.322525,0.67902243,0.0074529243,0.32765904,0.08863137,0.567587,0.14856729,0.20146677,0.043146603,0.38971183,0.17757626,0.2000793,0.08404339
375316653866487564,5226349375260336256,0.5482267,2215.098667006214,1.0624359092412958,1.1813824E-5,17.570032,0.006442477,0.2313218,0.0046902923,0.03748365,0.00724564,0.17366476,0.035278138,0.71852845,0.0040025935,0.030257322,0.0034277937,0.35429654,0.028847462,0.06499734,0.0150494445,0.2313218,0.0046902923,"TWOGAUSSIANS_WITH_ELLIPSOIDAL_ON_ECLIPSE1",9,20.949713,0.7188585,0.003882266,0.169441,0.019195646,0.48347446,0.02876178,0.2313218,0.0046902923,0.20990846,0.040575583,0.30365932,0.04387622
375316653866487564,5226349783275727360,0.44445023,2228.806272778015,2.8884374188208577,3.6968082E-5,17.297224,0.007891687,0.2515763,0.013530604,0.07726797,0.015925879,0.07165094,0.02499098,0.7162789,0.015030653,0.08164761,0.020237671,0.10337852,0.018834367,null,null,null,null,"TWOGAUSSIANS",8,13.242978,0.7162789,0.015030653,0.4,0.0,0.1027848,0.018728824,0.2515763,0.013530604,0.4,0.011315347,0.07105722,0.024879012
375316653866487564,5226350710988766848,0.6300106,2179.298768510308,0.11108789904614484,1.2470745E-5,17.48739,0.0011729602,0.5924792,2.1968762E-4,0.006154464,6.0926034E-4,0.6492067,0.14666268,null,null,null,null,null,null,null,null,null,null,"ONEGAUSSIAN",5,1.6796862,0.5924792,2.1968762E-4,0.034465,0.0034118579,0.6492067,0.0,null,null,null,null,null,null
375316653866487564,5226353975163989248,0.4663009,2282.289139225452,0.5844240606069546,3.9316194E-5,17.590364,0.0050953757,0.3580389,0.0071403985,0.06864354,0.012682082,0.21908595,0.052943863,0.8384542,0.027670095,0.031114029,0.019492876,0.107530385,0.16695026,null,null,null,null,"TWOGAUSSIANS",8,9.215619,0.3580389,0.0071403985,0.3844038,0.05869265,0.21908551,0.052945353,0.8384542,0.027670095,0.17423856,0.1091601,0.10752997,0.16695078
375316653866487564,5226354112603042816,0.48922408,2227.4102556635185,3.978034021028698,2.162424E-5,19.556005,0.029189978,0.27462095,0.0058869636,0.10199924,0.019182857,0.22809793,0.022251425,0.77608234,0.007493156,0.09759957,0.020743156,0.20474465,0.03720582,null,null,null,null,"TWOGAUSSIANS",8,1.229717,0.27462095,0.0058869636,0.4,0.0,0.2096715,0.020800434,0.77608234,0.007493562,0.4,0.0,0.18632017,0.0399112
375316653866487564,5226354357422645376,0.67182994,2237.828041134642,2.7986971469601825,5.47849E-6,16.64935,0.006211981,0.14540297,0.0011631794,0.047407046,0.0020684563,0.4623612,0.016025234,0.64408106,0.0074015493,0.03996041,0.0067080758,0.42968965,0.035777215,0.13886063,0.008715762,0.14540297,0.0011631794,"TWOGAUSSIANS_WITH_ELLIPSOIDAL_ON_ECLIPSE1",9,11.307227,0.14540297,0.0011631794,0.26547948,0.011583354,0.740082,0.010335669,0.6441811,0.0072987997,0.22377829,0.037565224,0.70739275,0.027977705
375316653866487564,5226354799797830016,0.44137338,2233.2799738098242,1.512820540122821,6.8203764E-5,19.43291,0.008136636,0.29414028,0.035487503,0.09836759,0.04665181,0.064381234,0.020917213,0.7491568,0.0061530326,0.01938437,0.009996503,0.26758468,0.15512483,null,null,null,null,"TWOGAUSSIANS",8,3.5745559,0.7491568,0.0061530326,0.10855246,0.055980414,0.26758337,0.15513517,0.29414028,0.035487503,0.4,0.06622576,0.06437846,0.020922216
375316653866487564,5226355109035556992,0.5710266,2225.5175597218954,2.0430656881245426,1.7194221E-5,16.877068,0.03997919,0.28096375,0.0032220099,0.12112137,0.023491697,0.18417096,0.036440093,0.7577751,0.0036479663,0.10658429,0.014498884,0.28052324,0.038507544,null,null,null,null,"TWOGAUSSIANS",8,7.437958,0.7577751,0.0036479663,0.4,0.0,0.24893966,0.01392211,0.28100374,0.0032317718,0.4,0.0,0.15250589,0.012606332
375316653866487564,5226358274433234432,0.55909485,2179.259779216424,1.1813609395006839,1.3297765E-5,15.433455,0.011738824,0.28558242,0.0022017239,0.10681858,0.00862734,0.1537102,0.010427866,0.79207677,0.011574008,0.08387619,0.010794942,0.25741693,0.02678309,null,null,null,null,"TWOGAUSSIANS",8,21.476458,0.79207677,0.011574008,0.4,0.0,0.24629956,0.023041394,0.28558242,0.0022017239,0.4,0.0,0.14258729,0.0051380177
375316653866487564,5226360331714071680,0.45347056,2246.7657044638395,0.5183251045515829,2.6765183E-5,17.928524,0.0031778035,0.19540745,0.014255622,0.040772717,0.015810475,0.027083408,0.007907144,0.71764505,0.003460672,0.038015023,0.0038154551,0.12585783,0.01154936,null,null,null,null,"TWOGAUSSIANS",8,3.4496515,0.71764505,0.003460672,0.21288411,0.021366548,0.12585783,0.01154936,0.19540745,0.014255622,0.22832721,0.08853866,0.027083408,0.007907144
375316653866487564,5226363462753621504,0.5395046,2161.074544254429,3.0753668187734142,9.733282E-6,17.598606,0.009431541,0.17860459,0.0017093098,0.06967671,0.0028624295,0.42857996,0.013149281,0.6758371,0.008340948,0.08269899,0.009804918,0.4872438,0.079107076,null,null,null,null,"TWOGAUSSIANS",8,21.33794,0.6758371,0.008340948,0.4,0.0,0.48328406,0.08082524,0.17860459,0.0017093098,0.3901896,0.016029606,0.42462024,0.0130189825
375316653866487564,5226364356107000960,0.7314748,2236.056715635289,0.2582733250468319,1.4981782E-5,14.603638,4.3264925E-4,0.29331723,3.2707077E-4,0.011110613,3.0693537E-4,0.3026743,0.004485844,0.6261761,2.9458568E-4,0.01581055,5.31511E-4,0.3085651,0.0023341514,null,null,null,null,"TWOGAUSSIANS",8,3.104201,0.6261761,2.9458568E-4,0.08853907,0.0029764613,0.3085651,0.0023341514,0.29331723,3.2707077E-4,0.062219433,0.0017188381,0.3026743,0.004485844
375316653866487564,5226365112021078016,0.6301831,2199.3443158672776,1.9037328743741542,5.555984E-6,16.134762,0.012391021,0.279218,0.004047847,0.06673608,0.012539623,0.33013296,0.13352291,0.781001,0.0026410948,0.05870446,0.0052415533,0.23461758,0.025436226,0.06909161,0.015305572,0.279218,0.004047847,"TWOGAUSSIANS_WITH_ELLIPSOIDAL_ON_ECLIPSE1",9,13.150979,0.279218,0.004047847,0.37372208,0.034608405,0.46800563,0.1284358,0.781001,0.002629201,0.32874495,0.029352698,0.3724729,0.013287347
375316653866487564,5226368921649460096,0.58347195,2244.9622460660867,3.4072946516704623,6.9869748E-6,18.307251,0.010067806,0.2565621,0.001867789,0.042430572,0.004102038,0.1884813,0.029471539,0.7545297,0.04002934,0.04480432,0.022741279,0.120227516,0.03002368,0.13423875,0.0131633775,0.2565621,0.001867789,"TWOGAUSSIANS_WITH_ELLIPSOIDAL_ON_ECLIPSE1",9,3.7367346,0.2565621,0.001867789,0.2376112,0.022971414,0.45695874,0.019813903,0.7550597,0.03851082,0.25090417,0.12735115,0.38867262,0.023892796
375316653866487564,5226369029031483776,0.5912289,2236.2351090404454,2.968521886969488,1.8795763E-5,15.311737,0.055310037,0.3024332,0.005510082,0.066959895,0.011545148,0.46292603,0.114382885,0.80312216,0.003661572,0.06320798,0.012558615,0.29625362,0.112762846,0.05957748,0.062629245,0.3024332,0.005510082,"TWOGAUSSIANS_WITH_ELLIPSOIDAL_ON_ECLIPSE1",9,136.97589,0.3024332,0.005510082,0.3749754,0.06465283,0.5815444,0.018304935,0.80312216,0.0035437518,0.35396466,0.07032824,0.4148698,0.022764148
