Gaia/vari_eclipsing_binary/VariEclipsingBinary_230628-230652.csv
# %ECSV 1.0
# ---
# delimiter: ','
# meta: !!omap
# - RELEASE: Gaia DR3
# - TABLE: vari_eclipsing_binary
# - DESCRIPTION: >
#     This table describes the properties of the eclipsing binaries resulting from the variability analysis. 
# - CITATION: >
#     How to cite and acknowledge Gaia: 
#     https://gea.esac.esa.int/archive/documentation/credits.html 
# - KNOWN_ISSUES: >
#     Known issues: 
#     https://www.cosmos.esa.int/web/gaia-users/known-issues 
# - DOCUMENTATION: >
#     Tutorials and documentation: 
#     https://www.cosmos.esa.int/web/gaia-users/archive 
# datatype:
# - 
#   name: solution_id
#   datatype: int64
#   description: Solution Identifier
#   meta:
#     ucd: meta.version
# - 
#   name: source_id
#   datatype: int64
#   description: Unique source identifier
#   meta:
#     ucd: meta.id;meta.main
# - 
#   name: global_ranking
#   datatype: float32
#   description: Number between 0 (worst) and 1 (best)
#   meta:
#     ucd: stat.param
# - 
#   name: reference_time
#   datatype: float64
#   unit: d
#   description: Reference time used for the geometric model fit
#   meta:
#     ucd: time.epoch
# - 
#   name: frequency
#   datatype: float64
#   unit: d**-1
#   description: Frequency of geometric model of the eclipsing binary light curve
#   meta:
#     ucd: src.orbital
# - 
#   name: frequency_error
#   datatype: float32
#   unit: d**-1
#   description: "Uncertainty of \\texttt{frequency}"
#   meta:
#     ucd: stat.error
# - 
#   name: geom_model_reference_level
#   datatype: float32
#   unit: mag
#   description: Magnitude reference level of geometric model
#   meta:
#     ucd: phot.mag;em.opt
# - 
#   name: geom_model_reference_level_error
#   datatype: float32
#   unit: mag
#   description: "Uncertainty of \\texttt{geomModelReferenceLevel}"
#   meta:
#     ucd: stat.error;phot.mag;em.opt
# - 
#   name: geom_model_gaussian1_phase
#   datatype: float32
#   description: Phase of the Gaussian 1 component
#   meta:
#     ucd: time.phase
# - 
#   name: geom_model_gaussian1_phase_error
#   datatype: float32
#   description: "Uncertainty of \\texttt{geomModelGaussian1Phase}"
#   meta:
#     ucd: stat.error;time.phase
# - 
#   name: geom_model_gaussian1_sigma
#   datatype: float32
#   description: "Standard deviation [phase] of Gaussian 1 component"
#   meta:
#     ucd: stat.stdev
# - 
#   name: geom_model_gaussian1_sigma_error
#   datatype: float32
#   description: "Uncertainty of \\texttt{geomModelGaussian1Sigma}"
#   meta:
#     ucd: stat.error
# - 
#   name: geom_model_gaussian1_depth
#   datatype: float32
#   unit: mag
#   description: Magnitude depth of Gaussian 1 component
#   meta:
#     ucd: src.var.amplitude
# - 
#   name: geom_model_gaussian1_depth_error
#   datatype: float32
#   unit: mag
#   description: "Uncertainty of \\texttt{geomModelGaussian1Depth}"
#   meta:
#     ucd: stat.error;src.var.amplitude
# - 
#   name: geom_model_gaussian2_phase
#   datatype: float32
#   description: Phase of Gaussian 2 component
#   meta:
#     ucd: time.phase
# - 
#   name: geom_model_gaussian2_phase_error
#   datatype: float32
#   description: "Uncertainty of \\texttt{geomModelGaussian2Phase}"
#   meta:
#     ucd: stat.error;time.phase
# - 
#   name: geom_model_gaussian2_sigma
#   datatype: float32
[...]
#   datatype: float32
#   description: "Secondary eclipse: uncertainty of \\texttt{derivedSecondaryEclDuration}"
#   meta:
#     ucd: stat.error;time.duration
# - 
#   name: derived_secondary_ecl_depth
#   datatype: float32
#   unit: mag
#   description: "Secondary eclipse: depth"
#   meta:
#     ucd: src.var.amplitude
# - 
#   name: derived_secondary_ecl_depth_error
#   datatype: float32
#   unit: mag
#   description: "Secondary eclipse: uncertainty of \\texttt{derivedSecondaryEclDepth}"
#   meta:
#     ucd: stat.error;src.var.amplitude
solution_id,source_id,global_ranking,reference_time,frequency,frequency_error,geom_model_reference_level,geom_model_reference_level_error,geom_model_gaussian1_phase,geom_model_gaussian1_phase_error,geom_model_gaussian1_sigma,geom_model_gaussian1_sigma_error,geom_model_gaussian1_depth,geom_model_gaussian1_depth_error,geom_model_gaussian2_phase,geom_model_gaussian2_phase_error,geom_model_gaussian2_sigma,geom_model_gaussian2_sigma_error,geom_model_gaussian2_depth,geom_model_gaussian2_depth_error,geom_model_cosine_half_period_amplitude,geom_model_cosine_half_period_amplitude_error,geom_model_cosine_half_period_phase,geom_model_cosine_half_period_phase_error,model_type,num_model_parameters,reduced_chi2,derived_primary_ecl_phase,derived_primary_ecl_phase_error,derived_primary_ecl_duration,derived_primary_ecl_duration_error,derived_primary_ecl_depth,derived_primary_ecl_depth_error,derived_secondary_ecl_phase,derived_secondary_ecl_phase_error,derived_secondary_ecl_duration,derived_secondary_ecl_duration_error,derived_secondary_ecl_depth,derived_secondary_ecl_depth_error
[from data line 36]
375316653866487564,2028636581476677632,0.56754607,2223.2967989713115,2.443564761887156,7.7876675E-6,19.479572,0.008857867,0.26926845,0.002963161,0.042351257,0.0044325893,0.3711891,0.027836367,0.7744422,0.0046577845,0.034098476,0.0059477966,0.38382915,0.07764756,0.15371235,0.015520595,0.26926845,0.002963161,"TWOGAUSSIANS_WITH_ELLIPSOIDAL_ON_ECLIPSE1",9,2.99026,0.7744422,0.0046577845,0.19095147,0.03330766,0.69092834,0.07271139,0.26926845,0.002963161,0.23716705,0.0248225,0.678613,0.015993161
375316653866487564,2028636822033263104,0.57417965,2213.4419724564123,0.9275389408568341,8.177934E-6,17.443827,0.0021584805,0.13607086,0.0017037306,0.05037472,0.001963434,0.2977562,0.008158487,0.63419884,0.0030996935,0.061373178,0.0052866857,0.1117075,0.004281481,null,null,null,null,"TWOGAUSSIANS",8,4.79338,0.13607086,0.0017037306,0.28209844,0.01099523,0.29774192,0.008159824,0.63419884,0.0030996935,0.3436898,0.029605439,0.1116932,0.0042873286
375316653866487564,2028637028152912128,0.49682263,2271.84105791224,1.7400384982686028,1.3809285E-5,19.671644,0.008356937,0.24150111,0.004982992,0.054163877,0.004585052,0.6420749,0.07215731,0.7297949,0.008092994,0.05675539,0.009059309,0.34552732,0.057336584,null,null,null,null,"TWOGAUSSIANS",8,2.0514143,0.24150111,0.004982992,0.30331773,0.02567629,0.6420526,0.072169416,0.7297949,0.008092994,0.3178302,0.05073213,0.345505,0.05737349
375316653866487564,2028637126917072640,0.518322,2192.656835865385,0.8841696363124676,5.7362122E-5,18.403515,0.002333386,0.52827793,0.06553398,0.06384035,0.07043304,0.037039336,0.16051337,0.8608059,2.4505073E-4,0.0064138547,2.2620722E-4,0.742065,0.08169667,null,null,null,null,"TWOGAUSSIANS",8,2.223632,0.8608059,2.4505073E-4,0.035917584,0.0012667605,0.742065,0.08169203,0.52827793,0.06553398,0.35750598,0.35128796,0.037039336,0.16051337
375316653866487564,2028637268671708928,0.47369638,2253.129499828366,0.6743632897141141,2.2151406E-5,19.538452,0.0043218513,0.29833138,0.060364913,0.034005746,0.028805992,0.012522375,0.031910174,0.48659065,0.0010001825,0.031699482,0.001380898,0.61887556,0.04631412,0.0016716509,0.007568542,0.48659065,0.0010001825,"TWOGAUSSIANS_WITH_ELLIPSOIDAL_ON_ECLIPSE2",9,1.892395,0.48659065,0.0010001825,0.1775171,0.007733029,0.6222189,0.04769584,0.29971138,0.060854185,0.19043218,0.16131355,0.0130109545,0.032135136
375316653866487564,2028637440467944960,0.46322075,2211.6052107815744,3.4682804430040006,1.6729318E-5,19.850447,0.01631992,0.2506185,0.0065232473,0.08582226,0.008892899,0.20818008,0.019638006,0.7587134,0.00687652,0.095241725,0.011171309,0.28350648,0.02467235,null,null,null,null,"TWOGAUSSIANS",8,1.6488179,0.7587134,0.00687652,0.4,0.0,0.2739748,0.025277445,0.2506185,0.0065232473,0.4,0.0,0.198649,0.016716395
375316653866487564,2028637607953368960,0.53736883,2212.334210462805,0.49665268454793815,4.414355E-6,18.840921,0.0030322752,0.470435,0.03546161,0.035557624,0.024772204,0.016649546,0.011406451,0.6647906,0.00198645,0.008604093,8.695829E-4,0.47910556,0.02535382,0.004311401,0.0048367325,0.6647906,0.00198645,"TWOGAUSSIANS_WITH_ELLIPSOIDAL_ON_ECLIPSE2",9,1.8700938,0.6647906,0.00198645,0.048182923,0.004869664,0.48772836,0.025803449,0.473195,0.03626989,0.19912268,0.13872434,0.017709443,0.011458538
375316653866487564,2028637711032553216,0.52862966,2207.808875786633,1.042769079002034,3.8986047E-5,17.798485,0.004916084,0.28529564,0.02433996,0.029783668,0.024966631,0.107609496,0.048223894,0.772609,0.0036751425,0.030378621,0.0035018642,0.22260351,0.018543463,0.016743494,0.0064950855,0.28529564,0.02433996,"TWOGAUSSIANS_WITH_ELLIPSOIDAL_ON_ECLIPSE1",9,4.308381,0.77274895,0.0036161654,0.17012028,0.01961044,0.2558804,0.016989063,0.28529564,0.02433996,0.16678855,0.13981314,0.14109641,0.046031978
375316653866487564,2028637715386565632,0.6217462,2192.8689764635924,0.9926340835313983,3.1635664E-6,17.989803,0.0034899493,0.27628136,6.2054803E-4,0.04148959,0.0011433002,0.5412384,0.008236952,0.7523402,0.006781092,0.016360717,0.0047785332,0.069789365,0.01854592,0.039475642,0.0048878076,0.7523402,0.006781092,"TWOGAUSSIANS_WITH_ELLIPSOIDAL_ON_ECLIPSE2",9,4.5664897,0.27582136,5.521594E-4,0.23234169,0.006402481,0.61845005,0.0063054967,0.7523402,0.006781092,0.09162001,0.026759787,0.14874038,0.0153197525
375316653866487564,2028637955864536832,0.5529122,2223.6882706868732,1.0895214361216918,6.2372173E-6,18.709312,0.0031634998,0.21226579,0.0014623186,0.028803542,0.001142339,0.36395204,0.008758229,0.70895565,0.0054164743,0.029873477,0.0031315559,0.4536022,0.08784829,null,null,null,null,"TWOGAUSSIANS",8,2.1606343,0.70895565,0.0054164743,0.16729148,0.017536713,0.4536022,0.08784829,0.21226579,0.0014623186,0.16129984,0.006397098,0.36395204,0.008758229
375316653866487564,2028637985910535680,0.58195084,2222.189227032903,0.8502041575871179,4.454228E-6,17.165012,0.00158954,0.31236133,0.0011583584,0.026592214,0.0011006612,0.23190002,0.012306767,0.8115691,0.001079136,0.025851175,0.0019278093,0.1192201,0.01094985,0.00894457,0.0031247933,0.31236133,0.0011583584,"TWOGAUSSIANS_WITH_ELLIPSOIDAL_ON_ECLIPSE1",9,3.2788997,0.31236133,0.0011583584,0.1489164,0.006163703,0.24978913,0.012302903,0.8115791,0.0010758791,0.14476658,0.010795732,0.13710877,0.011723306
375316653866487564,2028638127662587392,0.54686743,2209.827113537419,3.5494740607442274,1.0711192E-5,18.453526,0.006679263,0.27120808,0.0030055044,0.07837496,0.004825213,0.31643453,0.032830287,0.7709788,0.0039534546,0.073360234,0.0038072541,0.4360459,0.01437751,null,null,null,null,"TWOGAUSSIANS",8,5.5573583,0.7709788,0.0039534546,0.4,9.801722E-4,0.43282804,0.014060479,0.27120808,0.0030055044,0.4,0.0,0.31321663,0.033474553
375316653866487564,2028638196422851072,0.47426876,2268.4342053157834,0.010610507334998931,6.4659794E-6,17.21455,0.0021959837,0.24171668,0.025836002,7.0341397E-4,0.005222069,0.16883685,80384.92,0.5558975,0.021449106,0.055379193,0.01385688,0.02854225,0.006908284,0.015589764,0.0042111706,0.24171668,0.025836002,"TWOGAUSSIANS_WITH_ELLIPSOIDAL_ON_ECLIPSE1",9,5.444226,0.24171668,0.025836002,0.0039391182,0.029243587,0.20001629,80384.92,0.5753175,0.032264147,0.31012347,0.07759853,0.034680385,0.006940781
375316653866487564,2028639192815609216,0.5227093,2176.1207256467474,0.3035650323614185,1.2604804E-5,19.932404,0.015016564,0.35258487,0.0023521786,0.031225909,0.0019513053,1.3041856,0.15336992,0.8534355,0.008756774,0.034859717,0.011232135,0.21896851,0.025856545,null,null,null,null,"TWOGAUSSIANS",8,2.7739468,0.35258487,0.0023521786,0.17486508,0.01092731,1.3041856,0.15336992,0.8534355,0.008756774,0.1952144,0.062899955,0.21896851,0.025856545
375316653866487564,2028639394659785984,0.43899915,2237.2748948544368,3.887988762829193,4.102295E-5,18.83649,0.025403878,0.44998524,0.010934242,0.17082441,0.027681263,0.23792666,0.027680423,0.8329013,0.009044211,0.033207245,0.0121581275,0.13111733,0.029796163,null,null,null,null,"TWOGAUSSIANS",8,9.992295,0.44998524,0.010934242,0.4,0.0,0.23120008,0.027830526,0.8329013,0.009044211,0.18596058,0.068085514,0.14403053,0.031039476
375316653866487564,2028639841336396032,0.63077277,2232.7076234146334,1.74784187389203,5.571596E-6,15.052451,0.011734959,0.21209626,0.0022739214,0.06635911,0.0070751477,0.11643883,0.024680693,0.7167908,0.002719517,0.06484588,0.0059412657,0.2370828,0.018915312,0.076356865,0.012903184,0.21209626,0.0022739214,"TWOGAUSSIANS_WITH_ELLIPSOIDAL_ON_ECLIPSE1",9,29.868929,0.7167908,0.002719517,0.36313695,0.03327109,0.38946018,0.018449398,0.21209626,0.0022739214,0.37161103,0.039620828,0.26894903,0.006341792
375316653866487564,2028639880050437760,0.49350497,2253.8166176821164,0.7424891540265944,2.4026749E-5,17.154797,0.008812326,0.26416907,0.015884602,0.08245769,0.021682557,0.0395747,0.009362282,0.73647934,0.006160763,0.12227454,0.01820371,0.08571853,0.007608368,null,null,null,null,"TWOGAUSSIANS",8,2.9849243,0.73647934,0.006160763,0.4,0.0,0.08128521,0.004374876,0.26438907,0.015912075,0.4,0.009137039,0.03519859,0.004391182
375316653866487564,2028639948769859712,0.41612732,2266.3770763645543,1.1012235338686835,2.0239147E-5,15.215727,0.003661376,0.23056069,0.004118322,0.019324701,0.009702721,0.080210835,0.9265351,0.7253742,0.0040565412,0.040309377,0.0047916435,0.10887533,0.010876564,null,null,null,null,"TWOGAUSSIANS",8,69.7069,0.7253742,0.0040565412,0.2257325,0.026833205,0.10887533,0.010876564,0.23056069,0.004118322,0.10821832,0.054335237,0.080210835,0.9265351
375316653866487564,2028640219293646464,0.43219143,2248.766916368032,0.6034131214418808,5.296244E-5,17.814482,0.0052722325,0.16804317,0.009872125,0.03447383,0.0060395985,0.19226661,0.019202856,0.6554056,0.010484942,0.054239355,0.008085917,0.08641048,0.0165362,null,null,null,null,"TWOGAUSSIANS",8,19.637638,0.16804317,0.009872125,0.19305345,0.03382175,0.1922666,0.019202854,0.6554056,0.010484942,0.30374038,0.045281135,0.08641046,0.016536245
375316653866487564,2028640910802216448,0.46255544,2198.9322075543723,2.763188801517557,4.4858323E-5,17.15826,0.004490698,null,null,null,null,null,null,null,null,null,null,null,null,0.04811295,0.01060894,0.22089091,0.0085596405,"ELLIPSOIDAL",4,18.47523,null,null,null,null,null,null,null,null,null,null,null,null
375316653866487564,2028640945161993728,0.47372738,2226.375393635231,0.9557372056579918,2.8522853E-5,18.07028,0.06900838,0.24990068,0.007820828,0.10269625,0.024943387,0.19309942,0.060128883,0.7566646,0.00933567,0.14362891,0.057863615,0.12546194,0.06691167,null,null,null,null,"TWOGAUSSIANS",8,3.777633,0.24978068,0.0076539936,0.4,0.0,0.15875056,0.013780394,0.7566745,0.009338206,0.4,0.0,0.090522476,0.0068286527
375316653866487564,2028641009570358016,0.5390649,2239.685812143764,0.9848138466704798,1.9390192E-5,18.844648,0.008871331,0.23573597,0.009663387,0.049882073,0.010323558,0.20656241,0.02474163,0.7410285,0.0032978223,0.05214543,0.0030494095,0.74863493,0.037635412,null,null,null,null,"TWOGAUSSIANS",8,6.79201,0.7410285,0.0032978223,0.2920144,0.017076693,0.7486312,0.03763613,0.23573597,0.009663387,0.2793396,0.057811923,0.20655867,0.024745632
375316653866487564,2028641082641324416,0.45088395,2245.5661188006115,3.7190968663978894,2.4667746E-5,19.185637,0.015463616,0.27766672,0.014750316,0.076961465,0.023291366,0.20239374,0.019467432,0.74077004,0.010149195,0.085918956,0.012869028,0.21970814,0.02509341,null,null,null,null,"TWOGAUSSIANS",8,5.8080807,0.74077004,0.010149195,0.4,0.0,0.21786292,0.024174979,0.27766672,0.014750316,0.4,0.02399923,0.20054862,0.018177226
375316653866487564,2028641460598076928,0.47507718,2208.2914681037055,0.384856173293094,3.308428E-5,16.409525,0.0022228688,0.28796852,0.04332373,0.052167077,0.022533653,0.17222732,0.03989043,0.5785067,0.028220775,0.040980197,0.015599953,0.016305998,0.0080441125,null,null,null,null,"TWOGAUSSIANS",8,13.9692955,0.28796852,0.04332373,0.29213563,0.12618846,0.17222732,0.03989043,0.5785067,0.028220775,0.2294891,0.087359734,0.01630603,0.00804413
375316653866487564,2028641632357139072,0.5363028,2236.4398000826873,0.5141713262118032,5.3180693E-6,16.473652,0.0045102397,0.30737406,0.005705578,0.030904789,0.0041930727,0.29372832,0.030079458,0.8006839,0.006074612,0.028459046,0.0049315277,0.17560516,0.021714415,0.010521379,0.006086151,0.30737406,0.005705578,"TWOGAUSSIANS_WITH_ELLIPSOIDAL_ON_ECLIPSE1",9,21.759768,0.30737406,0.005705578,0.17306681,0.023481209,0.31477106,0.029651787,0.8007339,0.0060398546,0.15937065,0.027616555,0.19661102,0.019977333
375316653866487564,2028641632396882688,0.5380239,2249.0521393404533,0.7138968167408325,5.3000713E-6,16.792568,0.0018031186,0.26002648,0.021557568,0.024816414,0.013108581,0.09954088,0.02982629,0.75617576,5.945579E-4,0.022306584,8.703165E-4,0.2556818,0.0057415883,null,null,null,null,"TWOGAUSSIANS",8,6.5742726,0.75617576,5.945579E-4,0.12491687,0.0048737726,0.2556818,0.0057415883,0.26002648,0.021557568,0.13897192,0.07340806,0.09954088,0.02982629
375316653866487564,2028641735437758976,0.5211962,2225.6614589804294,2.9110337239599247,2.2849725E-5,19.081322,0.016245898,0.28823975,0.0073587727,0.07563409,0.0069751902,0.44438764,0.024165837,0.77302873,0.004930281,0.07737989,0.0059899427,0.4820679,0.029861052,null,null,null,null,"TWOGAUSSIANS",8,8.363811,0.77302873,0.004930281,0.4,0.0,0.47887054,0.029448148,0.28823975,0.0073587727,0.4,0.0,0.44119027,0.02331605
375316653866487564,2028642044713810048,0.5152309,2243.2844696941906,3.4625135034166497,1.5377762E-5,17.668406,0.020188143,0.25087246,0.004801875,0.097971104,0.012694055,0.15593673,0.019681534,0.7536257,0.0063199364,0.11588524,0.018184245,0.13574027,0.01811079,null,null,null,null,"TWOGAUSSIANS",8,4.034869,0.25086245,0.004821837,0.4,0.0,0.13782336,0.006519858,0.7536257,0.0063199364,0.4,0.0,0.11760283,0.0064739827
375316653866487564,2028642074719861632,0.425762,2241.992561518387,3.6688662982010456,7.425753E-5,17.707077,0.47380826,0.41656166,0.016994428,0.2728983,0.2496933,0.19593583,0.45174336,0.8915941,0.018185634,0.04043904,0.022096345,0.10214565,0.06102913,null,null,null,null,"TWOGAUSSIANS",8,23.99656,0.41656166,0.016994428,0.4,0.0,0.11255081,0.011784338,0.8915941,0.018185634,0.22645862,0.12373954,0.09215326,0.065453134
375316653866487564,2028642074744095104,0.4688528,2215.241811303125,2.698479077603808,1.9428613E-5,18.90347,0.010380338,0.23525314,0.0058260616,0.037477788,0.021216948,0.13910979,0.6519661,0.7633906,0.0071603083,0.056250736,0.006100251,0.2025158,0.038028266,0.11124053,0.015152539,0.23525314,0.0058260616,"TWOGAUSSIANS_WITH_ELLIPSOIDAL_ON_ECLIPSE1",9,9.200687,0.7633906,0.0071603083,0.3150041,0.034161408,0.41811368,0.030776383,0.23525314,0.0058260616,0.20987561,0.1188149,0.36158937,0.65436673
375316653866487564,2028642216512566656,0.6244306,2245.5571482504506,1.7001979180244682,3.949683E-6,15.580997,0.0036888188,0.3099135,0.001662557,0.08031319,0.0019665556,0.46325842,0.008918502,0.8132679,0.0012261907,0.0680255,0.0016530142,0.28096965,0.0041677053,null,null,null,null,"TWOGAUSSIANS",8,33.405277,0.3099135,0.001662557,0.4,0.0,0.46094152,0.00905371,0.8132679,0.0012261907,0.3809428,0.00925688,0.27865276,0.0039198473
375316653866487564,2028642285232020096,0.50370514,2229.797231291042,3.692865402988231,1.21285375E-5,17.323973,0.011304684,0.21686424,0.005753003,0.08787238,0.008626082,0.24349423,0.015432147,0.71924925,0.004783654,0.09712051,0.008089213,0.22545837,0.0119017,null,null,null,null,"TWOGAUSSIANS",8,17.63734,0.21686424,0.005753003,0.4,0.0,0.23180714,0.014968834,0.71924925,0.004783654,0.4,0.0,0.21377054,0.010120852
375316653866487564,2028642731908619904,0.6832064,2236.057696200678,0.47870322213338407,3.863548E-6,15.597806,0.001270485,0.058011875,0.05242582,0.073580764,0.08709744,0.0023391123,0.0015941431,0.24219948,5.338168E-4,0.03258855,7.3357933E-4,0.37236688,0.0038665154,null,null,null,null,"TWOGAUSSIANS",8,5.706296,0.24219948,5.338168E-4,0.18249586,0.0041080443,0.37246883,0.003979465,0.058031872,0.05257972,0.4,0.42442814,0.0023391554,0.0015961736
375316653866487564,2028642933720998912,0.58012354,2232.831394335611,2.2304952217496434,4.7230315E-6,18.148144,0.006024157,0.22836179,0.002396559,0.080466986,0.0028986312,0.30822638,0.006930194,0.72407037,0.0012422894,0.0813289,0.0020269072,0.32181394,0.009106974,null,null,null,null,"TWOGAUSSIANS",8,2.6520767,0.72407037,0.0012422894,0.4,0.0,0.3169185,0.008705947,0.22836179,0.002396559,0.4,0.0,0.30333093,0.0062032514
375316653866487564,2028643174237251200,0.49767262,2262.099170050705,0.977371590473606,3.889393E-6,18.252558,0.0026605092,0.33318305,0.026372472,0.014229739,0.011521342,0.08000158,0.5057081,0.7322021,8.577304E-4,0.030665614,0.0013695846,0.25377834,0.01655598,null,null,null,null,"TWOGAUSSIANS",8,2.6834047,0.7322021,8.577304E-4,0.17172745,0.0076696738,0.25377834,0.01655598,0.33318305,0.026372472,0.07968654,0.06451952,0.08000158,0.5057081
