Gaia/vari_eclipsing_binary/VariEclipsingBinary_661837-661903.csv
# %ECSV 1.0
# ---
# delimiter: ','
# meta: !!omap
# - RELEASE: Gaia DR3
# - TABLE: vari_eclipsing_binary
# - DESCRIPTION: >
#     This table describes the properties of the eclipsing binaries resulting from the variability analysis. 
# - CITATION: >
#     How to cite and acknowledge Gaia: 
#     https://gea.esac.esa.int/archive/documentation/credits.html 
# - KNOWN_ISSUES: >
#     Known issues: 
#     https://www.cosmos.esa.int/web/gaia-users/known-issues 
# - DOCUMENTATION: >
#     Tutorials and documentation: 
#     https://www.cosmos.esa.int/web/gaia-users/archive 
# datatype:
# - 
#   name: solution_id
#   datatype: int64
#   description: Solution Identifier
#   meta:
#     ucd: meta.version
# - 
#   name: source_id
#   datatype: int64
#   description: Unique source identifier
#   meta:
#     ucd: meta.id;meta.main
# - 
#   name: global_ranking
#   datatype: float32
#   description: Number between 0 (worst) and 1 (best)
#   meta:
#     ucd: stat.param
# - 
#   name: reference_time
#   datatype: float64
#   unit: d
#   description: Reference time used for the geometric model fit
#   meta:
#     ucd: time.epoch
# - 
#   name: frequency
#   datatype: float64
#   unit: d**-1
#   description: Frequency of geometric model of the eclipsing binary light curve
#   meta:
#     ucd: src.orbital
# - 
#   name: frequency_error
#   datatype: float32
#   unit: d**-1
#   description: "Uncertainty of \\texttt{frequency}"
#   meta:
#     ucd: stat.error
# - 
#   name: geom_model_reference_level
#   datatype: float32
#   unit: mag
#   description: Magnitude reference level of geometric model
#   meta:
#     ucd: phot.mag;em.opt
# - 
#   name: geom_model_reference_level_error
#   datatype: float32
#   unit: mag
#   description: "Uncertainty of \\texttt{geomModelReferenceLevel}"
#   meta:
#     ucd: stat.error;phot.mag;em.opt
# - 
#   name: geom_model_gaussian1_phase
#   datatype: float32
#   description: Phase of the Gaussian 1 component
#   meta:
#     ucd: time.phase
# - 
#   name: geom_model_gaussian1_phase_error
#   datatype: float32
#   description: "Uncertainty of \\texttt{geomModelGaussian1Phase}"
#   meta:
#     ucd: stat.error;time.phase
# - 
#   name: geom_model_gaussian1_sigma
#   datatype: float32
#   description: "Standard deviation [phase] of Gaussian 1 component"
#   meta:
#     ucd: stat.stdev
# - 
#   name: geom_model_gaussian1_sigma_error
#   datatype: float32
#   description: "Uncertainty of \\texttt{geomModelGaussian1Sigma}"
#   meta:
#     ucd: stat.error
# - 
#   name: geom_model_gaussian1_depth
#   datatype: float32
#   unit: mag
#   description: Magnitude depth of Gaussian 1 component
#   meta:
#     ucd: src.var.amplitude
# - 
#   name: geom_model_gaussian1_depth_error
#   datatype: float32
#   unit: mag
#   description: "Uncertainty of \\texttt{geomModelGaussian1Depth}"
#   meta:
#     ucd: stat.error;src.var.amplitude
# - 
#   name: geom_model_gaussian2_phase
#   datatype: float32
#   description: Phase of Gaussian 2 component
#   meta:
#     ucd: time.phase
# - 
#   name: geom_model_gaussian2_phase_error
#   datatype: float32
#   description: "Uncertainty of \\texttt{geomModelGaussian2Phase}"
#   meta:
#     ucd: stat.error;time.phase
# - 
#   name: geom_model_gaussian2_sigma
#   datatype: float32
[...]
#   datatype: float32
#   description: "Secondary eclipse: uncertainty of \\texttt{derivedSecondaryEclDuration}"
#   meta:
#     ucd: stat.error;time.duration
# - 
#   name: derived_secondary_ecl_depth
#   datatype: float32
#   unit: mag
#   description: "Secondary eclipse: depth"
#   meta:
#     ucd: src.var.amplitude
# - 
#   name: derived_secondary_ecl_depth_error
#   datatype: float32
#   unit: mag
#   description: "Secondary eclipse: uncertainty of \\texttt{derivedSecondaryEclDepth}"
#   meta:
#     ucd: stat.error;src.var.amplitude
solution_id,source_id,global_ranking,reference_time,frequency,frequency_error,geom_model_reference_level,geom_model_reference_level_error,geom_model_gaussian1_phase,geom_model_gaussian1_phase_error,geom_model_gaussian1_sigma,geom_model_gaussian1_sigma_error,geom_model_gaussian1_depth,geom_model_gaussian1_depth_error,geom_model_gaussian2_phase,geom_model_gaussian2_phase_error,geom_model_gaussian2_sigma,geom_model_gaussian2_sigma_error,geom_model_gaussian2_depth,geom_model_gaussian2_depth_error,geom_model_cosine_half_period_amplitude,geom_model_cosine_half_period_amplitude_error,geom_model_cosine_half_period_phase,geom_model_cosine_half_period_phase_error,model_type,num_model_parameters,reduced_chi2,derived_primary_ecl_phase,derived_primary_ecl_phase_error,derived_primary_ecl_duration,derived_primary_ecl_duration_error,derived_primary_ecl_depth,derived_primary_ecl_depth_error,derived_secondary_ecl_phase,derived_secondary_ecl_phase_error,derived_secondary_ecl_duration,derived_secondary_ecl_duration_error,derived_secondary_ecl_depth,derived_secondary_ecl_depth_error
[from data line 107]
375316653866487564,5821707365204104320,0.6133871,2165.228999252474,3.3658221710357337,3.8223225E-6,16.106768,0.008863519,0.30398056,0.0011144861,0.043898415,0.0028295526,0.26533836,0.025670338,0.8033026,0.0021575561,0.047531195,0.0030695354,0.38285154,0.022483736,0.108945,0.0112078665,0.30398056,0.0011144861,"TWOGAUSSIANS_WITH_ELLIPSOIDAL_ON_ECLIPSE1",9,33.134937,0.8033626,0.0019375923,0.2661747,0.017189398,0.6007375,0.019591313,0.30398056,0.0011144861,0.24583113,0.015845494,0.48322794,0.01261095
375316653866487564,5821707640082070272,0.42642117,2188.838138647218,0.9133004990956263,1.955703E-5,14.682508,0.004580403,0.26828045,0.0037548037,0.025373347,0.004995837,0.19798899,0.046223827,0.7687776,0.01816149,0.039031774,0.024760846,0.055483527,0.012442484,null,null,null,null,"TWOGAUSSIANS",8,424.62927,0.26828045,0.0037548037,0.14209075,0.027976686,0.19798899,0.046223827,0.7687776,0.01816149,0.21857794,0.13866074,0.055483527,0.0124424845
375316653866487564,5821708224186873472,0.5400146,2179.322471288995,2.2339643600663868,2.3637318E-5,19.206999,0.005303347,0.76324743,0.0026201974,0.0317292,0.0018287515,0.9622607,0.04078796,0.9224585,0.03465088,0.03894874,0.028732883,0.025379468,0.1149118,null,null,null,null,"TWOGAUSSIANS",8,3.2094347,0.76324743,0.0026201974,0.17768352,0.010241008,0.9622667,0.040798243,0.9224585,0.03465088,0.21811295,0.16090414,0.025382748,0.11500113
375316653866487564,5821708808313261696,0.5300237,2176.705634787577,3.155684984484386,8.100832E-6,15.867845,0.0067769173,0.27979565,0.0032876479,0.083776645,0.0049409815,0.2696591,0.008487274,0.7807914,0.0038513949,0.09321237,0.0053296955,0.27868563,0.010978576,null,null,null,null,"TWOGAUSSIANS",8,61.71687,0.7807914,0.0038513949,0.4,0.0,0.26871303,0.011452757,0.27979565,0.0032876479,0.4,0.0,0.2596868,0.008507389
375316653866487564,5821709495508048256,0.5836497,2185.3821238151245,0.9396495644251949,5.3653066E-6,14.809229,0.005573633,0.26480734,0.012212844,0.031158315,0.014176501,2.0034752,1.4360716,0.7639963,0.0012212733,0.032227486,0.0035145704,0.121001445,0.011404697,0.01732276,0.007053425,0.26480734,0.012212844,"TWOGAUSSIANS_WITH_ELLIPSOIDAL_ON_ECLIPSE1",9,55.925995,0.26480734,0.012212844,0.17448656,0.07938841,2.0381205,1.446838,0.7640163,0.0011708501,0.18047391,0.019681595,0.15564603,0.005078596
375316653866487564,5821711694520766976,0.53947794,2180.727814526714,3.1309874430497313,7.721647E-6,18.64523,0.0047238874,0.2618003,0.003092423,0.08006738,0.0028996747,0.29657614,0.012617344,0.7727014,0.0018695638,0.07869729,0.0032248972,0.21547483,0.005521229,null,null,null,null,"TWOGAUSSIANS",8,2.2831974,0.2618003,0.003092423,0.4,0.0,0.29372376,0.01262601,0.7727014,0.0018695638,0.4,0.0,0.21262245,0.0052430443
375316653866487564,5821712038129160192,0.54139996,2216.5946596842346,3.440055938864952,8.635601E-6,17.583681,0.021137886,0.27369696,0.004381299,0.048445318,0.0067925053,0.37849373,0.05148666,0.7789684,0.0035413909,0.04588229,0.006764226,0.24430539,0.04866721,0.121248536,0.028044315,0.7789684,0.0035413909,"TWOGAUSSIANS_WITH_ELLIPSOIDAL_ON_ECLIPSE2",9,41.420437,0.27425694,0.0037657986,0.2712938,0.03803803,0.62075186,0.0348263,0.7789684,0.0035413909,0.2569408,0.03787967,0.48680124,0.014963076
375316653866487564,5821712931473934592,0.49056908,2225.3642967761716,3.2317408310556677,2.7048889E-5,18.611906,0.5834933,0.24872427,0.004292557,0.11080845,0.039623402,0.3004672,0.37018836,0.7491871,0.0059475615,0.14912933,0.13545088,0.26379436,0.57903004,null,null,null,null,"TWOGAUSSIANS",8,5.428586,0.24870427,0.0044592116,0.4,0.0,0.21662343,0.011994861,0.7491871,0.0059533278,0.4,0.0,0.17806214,0.010758226
375316653866487564,5821713717443683200,0.5700447,2207.8834256177415,3.5999727602446354,6.3381776E-6,18.108759,0.0048976806,0.26617557,0.0020183013,0.07072363,0.0024244997,0.44555578,0.010729364,0.76169527,0.0019696865,0.073537,0.0026753813,0.51351446,0.012353327,null,null,null,null,"TWOGAUSSIANS",8,6.69001,0.76169527,0.0019696865,0.4,0.0,0.5113975,0.0125664035,0.26617557,0.0020183013,0.39605236,0.013518477,0.44343877,0.010782586
375316653866487564,5821713992321389824,0.44140232,2212.7397980954165,0.9298465770238241,1.1811138E-5,18.207678,0.0053560655,0.32303482,0.24389789,0.13602261,0.26736757,0.0064621316,0.0113580255,0.6754797,0.0062901448,0.01595329,0.015254351,0.1615173,0.098120846,null,null,null,null,"TWOGAUSSIANS",8,3.2128704,0.6754797,0.0062901448,0.089338414,0.08542437,0.16172752,0.098005205,0.32303482,0.24389789,0.4,0.3785352,0.006447089,0.011379745
375316653866487564,5821715405377544704,0.5625137,2231.1297804636015,3.0790373032855505,6.8529553E-6,19.717337,0.009615048,0.2457177,0.003699289,0.07188765,0.0048509273,0.52248514,0.013393703,0.7501651,0.0028195316,0.068541214,0.0028246888,0.5236564,0.014168152,null,null,null,null,"TWOGAUSSIANS",8,1.464206,0.7501651,0.0028195316,0.38383082,0.015818259,0.5220067,0.013832625,0.2457177,0.003699289,0.4,0.0047558597,0.5208354,0.01335175
375316653866487564,5821716573614678784,0.48384655,2173.6111673102996,0.31092578058583625,4.249504E-6,18.958195,0.0032612686,0.10624173,8.31048E-4,0.009691214,0.001372021,0.48229647,0.04617848,0.60252386,5.6061003E-4,0.007128256,5.4054527E-4,0.4796245,0.080953516,null,null,null,null,"TWOGAUSSIANS",8,4.9349146,0.10624173,8.31048E-4,0.0542708,0.0076833176,0.48229647,0.04617848,0.60252386,5.6061003E-4,0.039918233,0.0030270535,0.4796245,0.080953516
375316653866487564,5821717260809451776,0.6516407,2191.234706609998,0.680321523003077,1.5190212E-6,14.906065,0.0024102242,0.255762,3.644083E-4,0.035533026,5.602752E-4,0.44520596,0.005071851,0.75602096,0.0068323165,0.03993536,0.0064243013,0.06751226,0.006710953,0.010644224,0.002868695,0.255762,3.644083E-4,"TWOGAUSSIANS_WITH_ELLIPSOIDAL_ON_ECLIPSE1",9,22.41339,0.255762,3.644083E-4,0.19898494,0.003137541,0.46649435,0.0022441105,0.75602096,0.0067591392,0.22363803,0.035976086,0.088800594,0.0038347063
375316653866487564,5821717295169630080,0.58204526,2180.323955969034,2.6951997152752494,7.116301E-6,15.358496,0.006202776,0.24051446,0.0036919757,0.09652183,0.006316796,0.17632896,0.006474459,0.73236096,0.0019419127,0.092026934,0.0030833064,0.32816705,0.0073259943,null,null,null,null,"TWOGAUSSIANS",8,24.63457,0.73236096,0.0019419127,0.4,0.0,0.31564197,0.0067356774,0.24051446,0.0036919757,0.4,0.0,0.16380359,0.00514685
375316653866487564,5821718046772444416,0.52488,2210.202406561397,0.2245747971282603,1.4368065E-6,19.304152,0.002399135,0.17949633,0.004189977,0.01209112,0.004396101,0.043604866,0.005097631,0.8975876,5.873842E-4,0.011049439,7.9764874E-4,0.37728035,0.02105613,null,null,null,null,"TWOGAUSSIANS",8,1.2323015,0.8975876,5.873842E-4,0.06187686,0.004466833,0.37728035,0.02105613,0.17949633,0.004189977,0.06771027,0.024618167,0.043604866,0.005097631
375316653866487564,5821719803421923840,0.6092558,2177.451937255867,3.895883080311951,3.2648343E-6,18.733002,0.0101400465,0.24035724,0.0016053312,0.051679157,0.0035127834,0.30661172,0.024826642,0.735961,0.0017719682,0.0457935,0.0038955244,0.36716822,0.026420578,0.10197118,0.015967533,0.24035724,0.0016053312,"TWOGAUSSIANS_WITH_ELLIPSOIDAL_ON_ECLIPSE1",9,3.6181338,0.73633105,0.0016272782,0.2564436,0.021814937,0.57096523,0.016049718,0.24035724,0.0016053312,0.2894033,0.019671587,0.5105512,0.011645982
375316653866487564,5821722444819295488,0.57753885,2194.6555128742216,3.031057158894048,4.7498297E-6,17.993744,0.015418781,0.2838876,0.0013559161,0.045670193,0.0033915923,0.5115786,0.034444824,0.7861634,0.001526824,0.049810503,0.0037439757,0.38168353,0.03483982,0.12195618,0.022498865,0.2838876,0.0013559161,"TWOGAUSSIANS_WITH_ELLIPSOIDAL_ON_ECLIPSE1",9,25.06713,0.2838876,0.0013559161,0.25575307,0.018992918,0.755489,0.019465525,0.7861634,0.001526824,0.27893883,0.020966263,0.625544,0.017760513
375316653866487564,5821722822776221184,0.46674505,2206.974567065253,2.319668139777863,1.7713344E-5,18.58991,0.020257523,0.26120102,0.009562073,0.08589974,0.019583633,0.17161755,0.022422023,0.7646846,0.006332,0.09477434,0.015630461,0.18047312,0.018870944,null,null,null,null,"TWOGAUSSIANS",8,7.238877,0.7646846,0.006332,0.4,0.0,0.17322513,0.018056912,0.26120102,0.009562073,0.4,0.0,0.1643699,0.021726524
375316653866487564,5821726022543063424,0.5905174,2184.8381333991715,1.630987354815486,8.595935E-6,17.928429,0.002470847,0.30321306,0.0032020083,0.03334423,0.0041152462,0.57744825,0.018099027,0.8002029,0.002289179,0.035443533,0.0019262991,0.40871677,0.021423267,null,null,null,null,"TWOGAUSSIANS",8,7.0042796,0.30321306,0.0032020083,0.1867277,0.023045378,0.57744825,0.018099027,0.8002029,0.002289179,0.1984838,0.010787275,0.40871677,0.021423267
375316653866487564,5821726121311367168,0.42926097,2186.272940805309,2.5111330307476036,2.5890738E-5,18.50446,0.5825598,0.17936546,0.014436495,0.18573664,0.09668721,0.5998855,0.53940064,0.6891157,0.017995236,0.18872792,0.09518345,0.6387275,0.5093832,null,null,null,null,"TWOGAUSSIANS",8,8.015529,0.6937957,0.01277226,0.4,0.0,0.1805831,0.024691567,0.17358546,0.009754284,0.4,0.0,0.14801075,0.012202172
375316653866487564,5821726671067345152,0.47716054,2199.0016307892392,1.0417204166556795,1.1461315E-5,17.509289,0.010923557,0.27318522,0.0089897895,0.10867798,0.021046612,0.09925563,0.010019268,0.75362265,0.0038747655,0.090162985,0.008787437,0.13972329,0.010761159,null,null,null,null,"TWOGAUSSIANS",8,7.961262,0.75362265,0.0038747655,0.4,0.0,0.13217723,0.0074228845,0.27318522,0.0089897895,0.4,0.0,0.09170294,0.009747397
375316653866487564,5821726915896666624,0.5695193,2173.7865652463993,3.1164814244249546,4.4117633E-6,16.293192,0.008197327,0.19077042,0.0014274153,0.08556764,0.0038283644,0.33802655,0.011740712,0.6807689,0.003516658,0.090176344,0.0063992464,0.3128124,0.013653492,null,null,null,null,"TWOGAUSSIANS",8,23.905895,0.19077042,0.0014274153,0.4,0.0,0.32839337,0.012088799,0.6807689,0.003516658,0.4,0.0,0.3031791,0.014869011
375316653866487564,5821727534371554432,0.56337947,2186.3849438842135,3.1162051263388024,5.0030735E-6,15.165223,0.008757071,0.24595778,0.004219162,0.0921742,0.00538173,0.33148736,0.013333925,0.75270206,0.0019994564,0.08817337,0.0042347717,0.36502036,0.0090943165,null,null,null,null,"TWOGAUSSIANS",8,104.616554,0.75270206,0.0019994564,0.4,0.0,0.3516146,0.008086073,0.24595778,0.004219162,0.4,0.0,0.31808138,0.011161851
375316653866487564,5821728255926065408,0.6897176,2197.632071928141,0.2115327056497436,3.3462522E-5,15.747617,0.0016028852,0.26838955,0.008336941,0.016332857,0.0037442117,2.23268,0.61417836,0.78758,0.002734648,0.029530566,0.0026969898,0.11586172,0.009061811,0.05328972,0.0022905448,0.78758,0.002734648,"TWOGAUSSIANS_WITH_ELLIPSOIDAL_ON_ECLIPSE2",9,24.763197,0.26840955,0.0083270995,0.091464,0.020967586,2.337719,0.6127616,0.78758,0.002734648,0.16537116,0.015103143,0.22244115,0.00836821
375316653866487564,5821728668242942592,0.5585834,2194.508249550809,2.8604455421099373,7.826605E-6,16.573137,0.0059186216,0.24918956,0.0021260474,0.042377643,0.007182864,0.11353827,0.014990269,0.7528845,0.0069265305,0.043328684,0.008203444,0.15563722,0.021224339,0.091140114,0.007934881,0.24918956,0.0021260474,"TWOGAUSSIANS_WITH_ELLIPSOIDAL_ON_ECLIPSE1",9,25.033968,0.7528845,0.0069265305,0.24264063,0.04593929,0.33781895,0.0196699,0.24918956,0.0021260474,0.2373148,0.040224038,0.2958182,0.01110503
375316653866487564,5821733719124586880,0.5567791,2236.7158007554067,0.7831353410447246,4.9305218E-6,16.233582,0.00237955,0.24290556,0.0025073981,0.019399121,0.0014725875,0.3419158,0.043499187,0.7415939,9.939631E-4,0.018113349,8.7019126E-4,0.35807455,0.012450703,null,null,null,null,"TWOGAUSSIANS",8,26.81829,0.7415939,9.939631E-4,0.10143475,0.004873071,0.35807455,0.012450703,0.24290556,0.0025073981,0.108635075,0.00824649,0.3419158,0.043499187
375316653866487564,5821735265312541312,0.50048435,2203.3155458410006,1.0602983967807995,1.4326674E-5,13.988461,0.0026497177,0.39079705,0.0052318764,0.024827214,0.0059276596,0.2520125,0.05041128,0.7363106,0.051626485,0.04719546,0.027511977,0.008847948,0.01764559,0.0048021562,0.0051340144,0.39079705,0.0052318764,"TWOGAUSSIANS_WITH_ELLIPSOIDAL_ON_ECLIPSE1",9,416.14334,0.39079705,0.0052318764,0.1390324,0.033194892,0.26161677,0.05199814,0.7521506,0.06404488,0.2642946,0.15406707,0.012346024,0.01709276
375316653866487564,5821737361256611584,0.584763,2203.9530417422084,3.6094054452458884,4.469754E-6,18.29528,0.015915383,0.22242948,0.001480566,0.04925805,0.003780581,0.35534477,0.039002057,0.72685444,0.0021518809,0.049680367,0.0034913274,0.49241817,0.033108987,0.10621817,0.018637784,0.22242948,0.001480566,"TWOGAUSSIANS_WITH_ELLIPSOIDAL_ON_ECLIPSE1",9,8.316025,0.72685444,0.0021518809,0.27821004,0.019551434,0.70468843,0.02121921,0.22242948,0.001480566,0.27584508,0.021171253,0.5677792,0.024888646
375316653866487564,5821737945372178688,0.5824275,2177.145224033166,0.8419497762534398,8.670275E-6,18.41363,0.0036590467,0.12605348,0.005533241,0.009380272,0.005943967,0.03313236,0.8025092,0.54044694,0.0027098628,0.017364446,0.0013392544,0.9782975,0.11336788,null,null,null,null,"TWOGAUSSIANS",8,6.0701632,0.54044694,0.0027098628,0.0972409,0.0074998247,0.9782975,0.11336788,0.12605348,0.005533241,0.05252952,0.033286218,0.03313236,0.8025092
375316653866487564,5821739800798488320,0.5036636,2236.2995485149886,0.017720494432424926,1.9372744E-6,16.997988,0.0016869805,0.13516065,6.983868E-6,4.7060286E-4,7.864361E-6,0.2943951,0.004873184,null,null,null,null,null,null,0.010415262,0.0021243305,0.13516065,6.983868E-6,"ONEGAUSSIAN_WITH_ELLIPSOIDAL",6,8.188092,0.13516065,6.983868E-6,0.0026353758,4.404042E-5,0.31522557,0.0043226713,null,null,null,null,null,null
375316653866487564,5821742996253969536,0.4414735,2195.1711942665993,2.6473376975430782,3.0472518E-5,16.647923,0.0283102,0.24085647,0.015900424,0.03451532,0.0337122,0.18022822,0.044238098,0.7062092,0.01503425,0.065953486,0.020762825,0.13396324,0.062734306,0.061328024,0.03134182,0.7062092,0.01503425,"TWOGAUSSIANS_WITH_ELLIPSOIDAL_ON_ECLIPSE2",9,281.94934,0.23882647,0.0093502095,0.19328581,0.18878832,0.29739287,0.054090776,0.7062092,0.01503425,0.3693395,0.089630604,0.25651926,0.027797911
375316653866487564,5821744061405881984,0.657734,2212.1661861291036,0.4274518413386141,4.777392E-6,9.772457,0.0027744763,0.26221088,0.011719384,0.027268426,0.004422053,0.08089634,0.029873235,0.7767929,2.0659642E-4,0.023819402,3.7711672E-4,0.86869115,0.010097113,0.010183357,0.0049867244,0.26221088,0.011719384,"TWOGAUSSIANS_WITH_ELLIPSOIDAL_ON_ECLIPSE1",9,82.92206,0.7767929,2.0659642E-4,0.13338865,0.0021118536,0.88888735,0.011466577,0.26221088,0.011719384,0.15270318,0.024763498,0.101263024,0.03232973
375316653866487564,5821745332716114176,0.6397469,2187.3358813752366,2.7734950415580872,3.336394E-6,16.356285,0.00772213,0.20324858,8.550014E-4,0.05139027,0.0019753033,0.3988015,0.019350681,0.7051902,0.0014700324,0.054716513,0.0023508337,0.44409236,0.018990291,0.10260218,0.011050315,0.20324858,8.550014E-4,"TWOGAUSSIANS_WITH_ELLIPSOIDAL_ON_ECLIPSE1",9,21.268137,0.7051902,0.0014700324,0.30641246,0.013164669,0.64925176,0.013715671,0.20324858,8.550014E-4,0.28778553,0.011061698,0.60399145,0.010217191
375316653866487564,5821748940486630016,0.5303398,2277.0914647973036,3.462110565349377,6.649817E-6,17.658947,0.0067136125,0.27944168,0.0033156537,0.091785096,0.00500507,0.15127204,0.006738634,0.7739115,0.002183064,0.092350036,0.005595936,0.16130915,0.005732352,null,null,null,null,"TWOGAUSSIANS",8,3.8052986,0.7739115,0.002183064,0.4,0.0,0.15409715,0.0037057225,0.27944168,0.0033156537,0.4,0.0,0.14406008,0.0045637134
