Gaia/vari_eclipsing_binary/VariEclipsingBinary_598715-599229.csv
# %ECSV 1.0
# ---
# delimiter: ','
# meta: !!omap
# - RELEASE: Gaia DR3
# - TABLE: vari_eclipsing_binary
# - DESCRIPTION: >
#     This table describes the properties of the eclipsing binaries resulting from the variability analysis. 
# - CITATION: >
#     How to cite and acknowledge Gaia: 
#     https://gea.esac.esa.int/archive/documentation/credits.html 
# - KNOWN_ISSUES: >
#     Known issues: 
#     https://www.cosmos.esa.int/web/gaia-users/known-issues 
# - DOCUMENTATION: >
#     Tutorials and documentation: 
#     https://www.cosmos.esa.int/web/gaia-users/archive 
# datatype:
# - 
#   name: solution_id
#   datatype: int64
#   description: Solution Identifier
#   meta:
#     ucd: meta.version
# - 
#   name: source_id
#   datatype: int64
#   description: Unique source identifier
#   meta:
#     ucd: meta.id;meta.main
# - 
#   name: global_ranking
#   datatype: float32
#   description: Number between 0 (worst) and 1 (best)
#   meta:
#     ucd: stat.param
# - 
#   name: reference_time
#   datatype: float64
#   unit: d
#   description: Reference time used for the geometric model fit
#   meta:
#     ucd: time.epoch
# - 
#   name: frequency
#   datatype: float64
#   unit: d**-1
#   description: Frequency of geometric model of the eclipsing binary light curve
#   meta:
#     ucd: src.orbital
# - 
#   name: frequency_error
#   datatype: float32
#   unit: d**-1
#   description: "Uncertainty of \\texttt{frequency}"
#   meta:
#     ucd: stat.error
# - 
#   name: geom_model_reference_level
#   datatype: float32
#   unit: mag
#   description: Magnitude reference level of geometric model
#   meta:
#     ucd: phot.mag;em.opt
# - 
#   name: geom_model_reference_level_error
#   datatype: float32
#   unit: mag
#   description: "Uncertainty of \\texttt{geomModelReferenceLevel}"
#   meta:
#     ucd: stat.error;phot.mag;em.opt
# - 
#   name: geom_model_gaussian1_phase
#   datatype: float32
#   description: Phase of the Gaussian 1 component
#   meta:
#     ucd: time.phase
# - 
#   name: geom_model_gaussian1_phase_error
#   datatype: float32
#   description: "Uncertainty of \\texttt{geomModelGaussian1Phase}"
#   meta:
#     ucd: stat.error;time.phase
# - 
#   name: geom_model_gaussian1_sigma
#   datatype: float32
#   description: "Standard deviation [phase] of Gaussian 1 component"
#   meta:
#     ucd: stat.stdev
# - 
#   name: geom_model_gaussian1_sigma_error
#   datatype: float32
#   description: "Uncertainty of \\texttt{geomModelGaussian1Sigma}"
#   meta:
#     ucd: stat.error
# - 
#   name: geom_model_gaussian1_depth
#   datatype: float32
#   unit: mag
#   description: Magnitude depth of Gaussian 1 component
#   meta:
#     ucd: src.var.amplitude
# - 
#   name: geom_model_gaussian1_depth_error
#   datatype: float32
#   unit: mag
#   description: "Uncertainty of \\texttt{geomModelGaussian1Depth}"
#   meta:
#     ucd: stat.error;src.var.amplitude
# - 
#   name: geom_model_gaussian2_phase
#   datatype: float32
#   description: Phase of Gaussian 2 component
#   meta:
#     ucd: time.phase
# - 
#   name: geom_model_gaussian2_phase_error
#   datatype: float32
#   description: "Uncertainty of \\texttt{geomModelGaussian2Phase}"
#   meta:
#     ucd: stat.error;time.phase
# - 
#   name: geom_model_gaussian2_sigma
#   datatype: float32
[...]
#   datatype: float32
#   description: "Secondary eclipse: uncertainty of \\texttt{derivedSecondaryEclDuration}"
#   meta:
#     ucd: stat.error;time.duration
# - 
#   name: derived_secondary_ecl_depth
#   datatype: float32
#   unit: mag
#   description: "Secondary eclipse: depth"
#   meta:
#     ucd: src.var.amplitude
# - 
#   name: derived_secondary_ecl_depth_error
#   datatype: float32
#   unit: mag
#   description: "Secondary eclipse: uncertainty of \\texttt{derivedSecondaryEclDepth}"
#   meta:
#     ucd: stat.error;src.var.amplitude
solution_id,source_id,global_ranking,reference_time,frequency,frequency_error,geom_model_reference_level,geom_model_reference_level_error,geom_model_gaussian1_phase,geom_model_gaussian1_phase_error,geom_model_gaussian1_sigma,geom_model_gaussian1_sigma_error,geom_model_gaussian1_depth,geom_model_gaussian1_depth_error,geom_model_gaussian2_phase,geom_model_gaussian2_phase_error,geom_model_gaussian2_sigma,geom_model_gaussian2_sigma_error,geom_model_gaussian2_depth,geom_model_gaussian2_depth_error,geom_model_cosine_half_period_amplitude,geom_model_cosine_half_period_amplitude_error,geom_model_cosine_half_period_phase,geom_model_cosine_half_period_phase_error,model_type,num_model_parameters,reduced_chi2,derived_primary_ecl_phase,derived_primary_ecl_phase_error,derived_primary_ecl_duration,derived_primary_ecl_duration_error,derived_primary_ecl_depth,derived_primary_ecl_depth_error,derived_secondary_ecl_phase,derived_secondary_ecl_phase_error,derived_secondary_ecl_duration,derived_secondary_ecl_duration_error,derived_secondary_ecl_depth,derived_secondary_ecl_depth_error
[from data line 73]
375316653866487564,5267126889977707392,0.44941035,2244.15419763263,0.5066475116529329,3.4132383E-5,18.702837,0.008230028,0.29962352,0.002440995,0.015963627,0.0027737408,0.28807288,0.056818105,0.77060133,0.025774887,0.057338793,0.048712302,0.05791431,0.0630369,0.03646514,0.009712198,0.29962352,0.002440995,"TWOGAUSSIANS_WITH_ELLIPSOIDAL_ON_ECLIPSE1",9,8.667234,0.29962352,0.002440995,0.08939631,0.015532948,0.36100224,0.053134345,0.77772135,0.02192124,0.32109725,0.23603374,0.12902643,0.06224091
375316653866487564,5267175100987163392,0.5470038,2212.9569148200403,1.8392973854245909,1.7776969E-5,13.428815,0.60041577,0.24803597,0.008685988,0.14527325,0.14596854,0.1422752,0.57996947,0.7603214,0.008344182,0.13457881,0.076815374,0.15941502,0.44327223,null,null,null,null,"TWOGAUSSIANS",8,55.764282,0.7609014,0.004426755,0.4,0.0,0.10408731,0.007262394,0.24760596,0.0059800134,0.4,0.0,0.0864932,0.0058423327
375316653866487564,5267177918485698688,0.42267564,2228.5622024061176,1.9673633307909097,7.989284E-5,19.734182,0.020612035,0.117632404,5.8091315E-4,0.012209953,0.0027674474,2.7933748,8.934553,0.5630684,0.011880271,0.05847975,0.011799237,0.2710973,0.031703304,null,null,null,null,"TWOGAUSSIANS",8,4.98519,0.117632404,5.8091315E-4,0.06837574,0.015497705,2.7933748,8.934553,0.5630684,0.011880271,0.32748657,0.06607573,0.2710973,0.031703304
375316653866487564,5267180731688095744,0.4972055,2201.5855226292597,3.95882284397417,1.6413192E-5,19.221823,0.009762729,0.23307167,0.0061622118,0.08851152,0.007988348,0.27332604,0.022325216,0.71618575,0.008782748,0.080312766,0.0077688037,0.28473756,0.033514187,null,null,null,null,"TWOGAUSSIANS",8,2.8326936,0.71618575,0.008782748,0.4,0.0,0.27960873,0.033383463,0.23307167,0.0061622118,0.4,0.0,0.26819712,0.02282046
375316653866487564,5267187672355523712,0.45972615,2170.994446752919,3.3294391830023358,3.9673163E-5,18.619198,0.0093521075,0.2807278,0.00549491,0.009115756,0.0032293696,0.08340208,0.027804533,0.6304328,0.025866155,0.0446806,0.017405154,0.11060446,0.028638402,0.06718653,0.012008447,0.2807278,0.00549491,"TWOGAUSSIANS_WITH_ELLIPSOIDAL_ON_ECLIPSE1",9,7.3030157,0.2807278,0.00549491,0.05104823,0.01808447,0.21777464,0.0155933555,0.6465928,0.020179298,0.25021136,0.09746887,0.16309218,0.020506581
375316653866487564,5267200419819416320,0.45352918,2198.415205130182,2.3485007516773475,2.1403699E-4,18.358429,0.031969972,0.26295564,0.055400413,0.1016662,0.10233652,0.09202401,0.032507177,0.72110945,0.0044657877,0.042729188,0.01577302,0.2865565,0.088068545,null,null,null,null,"TWOGAUSSIANS",8,10.939877,0.72110945,0.0044657877,0.23928346,0.08832892,0.28635928,0.09026255,0.26295564,0.055400413,0.4,0.0,0.09182313,0.034637522
375316653866487564,5267213652613517952,0.618987,2187.88865720259,3.811046499448,7.847825E-6,13.885424,0.012140014,0.1778968,0.0024677953,0.047558982,0.004481779,0.37260714,0.02482823,0.6731229,0.0013148164,0.04380259,0.0040016915,0.26568186,0.026765103,0.13522643,0.015600705,0.6731229,0.0013148164,"TWOGAUSSIANS_WITH_ELLIPSOIDAL_ON_ECLIPSE2",9,283.2043,0.1773468,0.0021854222,0.2663303,0.025097962,0.64284396,0.0180453,0.6731229,0.0013148164,0.2452945,0.022409473,0.53613406,0.012311214
375316653866487564,5267271441397040768,0.563653,2218.550471080611,3.4913031103113985,2.1019772E-5,18.3579,0.084608875,0.3138868,0.008979596,0.07028399,0.012635277,0.33419856,0.16925214,0.83213073,0.0074849054,0.046081185,0.029892588,0.2799939,0.14857459,0.114722416,0.08267403,0.83213073,0.0074849054,"TWOGAUSSIANS_WITH_ELLIPSOIDAL_ON_ECLIPSE2",9,8.47166,0.3177268,0.0066950857,0.3935903,0.037552726,0.56104475,0.042362984,0.83213073,0.0074849054,0.25805464,0.14830185,0.50921273,0.025467098
375316653866487564,5267303533393033600,0.59143925,2177.087064518244,3.409515460417066,1.06006655E-5,17.153418,0.014798848,0.31901956,0.0078027924,0.082440384,0.00967597,0.43365398,0.022020672,0.8097494,0.002076124,0.08551377,0.005511111,0.4060455,0.018579535,null,null,null,null,"TWOGAUSSIANS",8,12.225546,0.31901956,0.0078027924,0.4,0.0,0.42520076,0.023342986,0.8097494,0.002076124,0.4,0.0,0.39759225,0.018091433
375316653866487564,5267311199911012992,0.5161015,2214.379992993733,3.489755501880205,1.9064832E-5,16.770689,0.8390478,0.21501547,0.008344336,0.12883002,0.1198278,0.22208615,0.81510377,0.68975794,0.011007544,0.11501696,0.056560528,0.18212368,0.560023,null,null,null,null,"TWOGAUSSIANS",8,12.908238,0.21509546,0.0056859073,0.4,0.0,0.18244737,0.012777294,0.68975794,0.011007544,0.4,0.0,0.14274757,0.015911564
375316653866487564,5267325837159653376,0.5102137,2247.778349995813,0.9611511798126193,3.472077E-5,16.344807,0.011833414,0.18179049,0.0013353738,0.01962669,0.0011602695,0.7356669,0.026445715,0.6841669,0.0017058216,0.01878969,0.0027936683,0.3455939,0.10710064,null,null,null,null,"TWOGAUSSIANS",8,189.82452,0.18179049,0.0013353738,0.10990947,0.0064975093,0.7356669,0.026445715,0.6841669,0.0017058216,0.10522227,0.015644543,0.3455939,0.10710064
375316653866487564,5267329646793895168,0.5806019,2190.945804296641,3.781246380709359,2.8206728E-6,18.955975,0.008421476,0.26291698,0.001416883,0.04343204,0.0026832598,0.41134357,0.025276417,0.76019996,0.0047231796,0.03706164,0.012015998,0.4752413,0.12075175,0.15518886,0.0153926015,0.26291698,0.001416883,"TWOGAUSSIANS_WITH_ELLIPSOIDAL_ON_ECLIPSE1",9,4.9541063,0.7603799,0.004031032,0.20754518,0.06728959,0.78553444,0.12256086,0.26291698,0.001416883,0.2432194,0.015026255,0.7217212,0.019450212
375316653866487564,5267349266204136832,0.5878953,2159.2797896249594,2.662751766270535,1.161334E-5,12.79043,0.03461507,0.18526305,0.0038817232,0.05563724,0.010067402,0.36237523,0.06806969,0.6736465,0.003522057,0.057668544,0.0100629935,0.4196051,0.070319526,0.08382051,0.03915407,0.18526305,0.0038817232,"TWOGAUSSIANS_WITH_ELLIPSOIDAL_ON_ECLIPSE1",9,836.4403,0.6747465,0.003237673,0.32294384,0.056352764,0.58640903,0.01678954,0.18526305,0.0038817232,0.31156856,0.056377456,0.5299864,0.016413169
375316653866487564,5267391872279898368,0.45854577,2232.9195311796984,4.205182171233207,4.4608252E-5,19.334959,0.008565544,0.22810388,0.06488035,0.07022707,0.034268036,0.16728699,0.16128571,0.63542825,0.016934764,0.012400907,0.051651046,1.0500685,0.9550813,null,null,null,null,"TWOGAUSSIANS",8,2.619209,0.63542825,0.016934764,0.06944508,0.28924584,1.0500685,0.95511985,0.22810388,0.06488035,0.39327163,0.18922958,0.16728699,0.16128491
375316653866487564,5267393830786116992,0.5137446,2214.757330775546,4.2463665573770815,1.6218444E-5,17.857918,0.01836743,0.24811144,0.008775334,0.063878305,0.009678716,0.45005348,0.07048707,0.75184464,0.0050591347,0.066843465,0.0035847877,0.7394645,0.047571674,null,null,null,null,"TWOGAUSSIANS",8,68.866615,0.75184464,0.0050591347,0.37432343,0.02007481,0.7387739,0.04753953,0.24811144,0.008775334,0.3577185,0.05420081,0.44936284,0.070887074
375316653866487564,5267410186021651968,0.54196584,2215.5242455729053,3.7946802549998337,1.6589442E-5,19.299393,0.010261338,0.2509734,0.0040130927,0.07314172,0.004134289,0.46184075,0.02732103,0.7398182,0.0073530353,0.06745479,0.0054540765,0.6127372,0.026899818,null,null,null,null,"TWOGAUSSIANS",8,2.8240004,0.7398182,0.0073530353,0.37774682,0.030542828,0.6113138,0.026908174,0.2509734,0.0040130927,0.4,0.0066190925,0.46041742,0.027381927
375316653866487564,5267414554003860224,0.5563836,2179.4522683530545,4.116289016515627,1.777946E-5,16.85592,0.02736102,0.3131475,0.013495985,0.05318389,0.023433952,0.47304407,0.0943804,0.80430615,0.0304012,0.050460257,0.02075369,0.15445936,0.06768101,0.07493239,0.023049902,0.3131475,0.013495985,"TWOGAUSSIANS_WITH_ELLIPSOIDAL_ON_ECLIPSE1",9,42.942596,0.3131475,0.013495985,0.2978298,0.13074516,0.622901,0.1117406,0.80574614,0.0286039,0.28257746,0.11622066,0.30392957,0.037608247
375316653866487564,5267416478149227264,0.58262974,2176.456366477356,1.1257566027880643,2.8239481E-5,14.919463,0.003712566,0.25890777,0.01244977,0.025209019,0.014686045,0.2634965,0.15493052,0.7692386,0.0031132791,0.03394142,0.0044182856,0.11219946,0.0104516465,0.010743279,0.00715461,0.25890777,0.01244977,"TWOGAUSSIANS_WITH_ELLIPSOIDAL_ON_ECLIPSE1",9,19.922955,0.25890777,0.01244977,0.14117052,0.082241856,0.28498304,0.1608039,0.7692386,0.0031132791,0.19007196,0.0247424,0.13359562,0.01042426
375316653866487564,5267423075219046016,0.62234205,2163.378554496013,2.6604282218324067,8.249745E-6,16.525766,0.019809429,0.30747405,0.0020267004,0.05366078,0.0068269307,0.2959916,0.043700162,0.80631715,0.0039776186,0.060325257,0.005600318,0.38820004,0.043956634,0.09533275,0.02541979,0.30747405,0.0020267004,"TWOGAUSSIANS_WITH_ELLIPSOIDAL_ON_ECLIPSE1",9,18.887463,0.80645716,0.0036205528,0.33782142,0.03136178,0.5787839,0.020340128,0.30747405,0.0020267004,0.30050036,0.038230814,0.4865843,0.019978866
375316653866487564,5267442071858050816,0.5501439,2227.3128011074796,4.310627480577476,1.148464E-5,19.136095,0.007904052,0.2584911,0.0016111346,0.08415241,0.0048127794,0.35627556,0.01138591,0.77950245,0.003957304,0.088889875,0.0053170105,0.3104287,0.008538623,null,null,null,null,"TWOGAUSSIANS",8,1.0360711,0.2584911,0.0016111346,0.4,0.0,0.34914422,0.012053707,0.77950245,0.003957304,0.4,0.0,0.30329722,0.007347886
375316653866487564,5267443759781610752,0.5486161,2242.943443728289,1.7553252563342354,4.9643113E-5,17.427382,0.0041322815,0.22274551,0.0077692606,0.023502631,0.00554123,0.14339213,0.020211656,0.7266159,0.008740358,0.025409171,0.0058720727,0.5607227,0.19155593,0.01088053,0.01296708,0.22274551,0.0077692606,"TWOGAUSSIANS_WITH_ELLIPSOIDAL_ON_ECLIPSE1",9,24.666279,0.7266159,0.008740358,0.14229137,0.032883607,0.58247083,0.19226019,0.22274551,0.0077692606,0.13161473,0.031030888,0.16515315,0.02377673
375316653866487564,5267443828501078272,0.5924688,2236.794741874777,3.1434181801243635,5.5959376E-6,16.570835,0.0075310725,0.2590643,0.0019549876,0.0761177,0.0036741837,0.49500582,0.02219502,0.7513703,0.0016618297,0.07654059,0.0033248398,0.37349188,0.010361174,null,null,null,null,"TWOGAUSSIANS",8,21.870176,0.2590643,0.0019549876,0.4,0.0,0.4916002,0.022693485,0.7513703,0.0016618297,0.4,0.0,0.37008622,0.01037632
375316653866487564,5267454273861347968,0.51023185,2207.191814293977,1.6403528839537131,1.0292956E-5,14.315178,0.027210912,0.27222997,0.016722959,0.060644425,0.026740573,0.33614525,0.094587296,0.8000499,0.021133743,0.028382225,0.022743348,0.28266785,0.8287106,0.026781192,0.026380291,0.8000499,0.021133743,"TWOGAUSSIANS_WITH_ELLIPSOIDAL_ON_ECLIPSE2",9,668.01373,0.27343997,0.015447834,0.3396088,0.095785834,0.38814783,0.1057398,0.8000499,0.021133743,0.15894046,0.12736274,0.33622074,0.8433342
375316653866487564,5267500036737074176,0.64791936,2248.951639481227,2.7842314880784524,2.9934452E-6,17.897366,0.011730311,0.2344103,9.126937E-4,0.05525642,0.0025233524,0.48579356,0.030852186,0.73508406,0.0017040895,0.05283592,0.0038837113,0.44680682,0.031838067,0.08558864,0.020497255,0.2344103,9.126937E-4,"TWOGAUSSIANS_WITH_ELLIPSOIDAL_ON_ECLIPSE1",9,3.3922637,0.2344103,9.126937E-4,0.30943593,0.014130773,0.6569477,0.012871553,0.73508406,0.0017040895,0.29588115,0.021748783,0.61795783,0.027646873
375316653866487564,5267511139228715648,0.60376424,2159.2867249949045,3.8020683372002178,1.0330803E-5,15.467095,0.046692174,0.26790193,0.109435745,0.058160227,0.24853191,0.055900577,0.018858915,0.8133682,0.0052500577,0.05401156,0.0072144927,0.11091278,0.010426832,0.101927534,0.01059944,0.8133682,0.0052500577,"TWOGAUSSIANS_WITH_ELLIPSOIDAL_ON_ECLIPSE2",9,37.396675,0.8133682,0.003927034,0.30246475,0.040401157,0.3147649,0.017527115,0.29109192,0.014416396,0.32569727,0.13886508,0.2515135,0.0109905945
375316653866487564,5267515571634987776,0.6231695,2194.9090489919745,1.5501713966584758,6.319555E-6,14.669652,0.0065475507,0.25418085,0.0016856061,0.09534176,0.0033737586,0.29090124,0.006327871,0.7597252,0.0025618505,0.10197792,0.004255064,0.2443037,0.0066961283,null,null,null,null,"TWOGAUSSIANS",8,29.916084,0.25418085,0.0016856061,0.4,0.0,0.27097845,0.0046005547,0.7597252,0.0025618505,0.4,0.0,0.2243785,0.005658143
375316653866487564,5267540173207849216,0.577969,2177.8612562622043,4.233113480747642,1.3611168E-5,16.324352,0.092554525,0.22540167,0.004494772,0.057182573,0.022681583,0.38926855,0.16289687,0.7195266,0.0027762915,0.054276813,0.018059703,0.44038925,0.17716806,0.12234721,0.10531284,0.22540167,0.004494772,"TWOGAUSSIANS_WITH_ELLIPSOIDAL_ON_ECLIPSE1",9,66.74756,0.7201966,0.0023497946,0.30395016,0.10113434,0.6847533,0.03858796,0.22540167,0.004494772,0.3202224,0.12701687,0.63392776,0.07753515
375316653866487564,5267566630206479360,0.4733934,2195.9269538830913,0.24368722539014745,3.5215984E-5,17.858805,0.008379217,0.2647609,0.003388835,0.06429001,0.0066077546,0.25764865,0.087084875,0.787332,0.006734534,0.07614775,0.007824856,0.21004134,0.02986655,null,null,null,null,"TWOGAUSSIANS",8,15.163703,0.2647609,0.003388835,0.36002403,0.037003428,0.25719655,0.08725335,0.787332,0.006734534,0.4,0.005433401,0.20958924,0.029963784
375316653866487564,5267587486567741312,0.5128153,2187.132601197338,0.8676827839216216,9.953815E-6,14.177809,0.0040248833,0.67361784,0.0032202709,0.03591487,0.009275923,0.12827174,0.0154987555,null,null,null,null,null,null,0.009158243,0.0054640407,0.67361784,0.0032202709,"ONEGAUSSIAN_WITH_ELLIPSOIDAL",6,72.8112,0.67361784,0.0032202709,0.20112328,0.051945165,0.14658819,0.020918483,null,null,null,null,null,null
375316653866487564,5267591880318518144,0.5155286,2168.9551723022405,3.980804530585414,2.3186585E-5,19.355663,0.007303832,0.2948371,0.012508165,0.061798193,0.008994269,0.47284436,0.03623542,0.7993561,0.016376087,0.075362824,0.011679224,0.13812055,0.02361015,null,null,null,null,"TWOGAUSSIANS",8,3.185875,0.2948371,0.012508165,0.34606987,0.05036791,0.47230315,0.035857417,0.7993561,0.016376087,0.4,0.024381913,0.13757935,0.023488095
375316653866487564,5267605246256166784,0.46781948,2127.9067610294264,1.8153816223062402,2.1277736E-5,18.203953,0.013351861,0.12126717,0.0022182532,0.02333893,0.0031168584,0.44826877,0.055942845,null,null,null,null,null,null,0.031970263,0.020195369,0.12126717,0.0022182532,"ONEGAUSSIAN_WITH_ELLIPSOIDAL",6,60.599724,0.12126717,0.0022182532,0.13069801,0.017454406,0.5122093,0.062653035,null,null,null,null,null,null
375316653866487564,5267607140337853056,0.5703956,2162.1987052314867,1.063708671448545,2.8612872E-5,13.990387,0.004119056,0.583263,0.009572348,0.018203357,0.008711507,0.22383983,0.32091367,0.7120188,9.857891E-5,0.008980291,2.5736223E-4,1.5375271,0.09558582,null,null,null,null,"TWOGAUSSIANS",8,333.61108,0.7120188,9.857891E-5,0.05028963,0.0014412284,1.5375271,0.09558582,0.583263,0.009572348,0.1019388,0.04878444,0.22383983,0.32091367
375316653866487564,5267630363225179648,0.437313,2188.2036140049927,0.9738453362194767,4.4780903E-5,17.846308,0.084567845,0.2688348,0.02052667,0.15872264,0.05972176,0.17059927,0.0795377,0.73444897,0.015240151,0.114895396,0.022712626,0.17556693,0.07345895,null,null,null,null,"TWOGAUSSIANS",8,14.532152,0.73444897,0.015240151,0.4,0.0,0.12809475,0.015699483,0.26906478,0.020463724,0.4,0.0,0.12028039,0.01314995
375316653866487564,5267636582336601856,0.54466546,2191.60910791825,3.6315300935737413,1.1439191E-5,17.08472,0.009798441,0.17829429,0.0043014255,0.078650296,0.0046239635,0.4287683,0.021495704,0.6680923,0.0036388913,0.07573008,0.0032774105,0.44496837,0.02261063,null,null,null,null,"TWOGAUSSIANS",8,41.496536,0.6680923,0.0036388913,0.4,0.0,0.44125783,0.02249839,0.17829429,0.0043014255,0.4,0.0,0.42505777,0.021963963
375316653866487564,5267657339914103424,0.48888153,2238.108431268124,1.2025945280154942,2.4331724E-5,17.209116,0.0029965343,0.15316577,0.013744033,0.024945043,0.00776317,0.1694129,0.04211129,0.81701845,0.0073723425,0.08309225,0.014938443,0.029351773,0.0076493127,null,null,null,null,"TWOGAUSSIANS",8,1.1093943,0.15316577,0.013744033,0.13969223,0.043473754,0.1694211,0.042114984,0.81701845,0.0073723425,0.4,0.0,0.02935177,0.0076493146
