Gaia/vari_eclipsing_binary/VariEclipsingBinary_678998-679031.csv
# %ECSV 1.0
# ---
# delimiter: ','
# meta: !!omap
# - RELEASE: Gaia DR3
# - TABLE: vari_eclipsing_binary
# - DESCRIPTION: >
#     This table describes the properties of the eclipsing binaries resulting from the variability analysis. 
# - CITATION: >
#     How to cite and acknowledge Gaia: 
#     https://gea.esac.esa.int/archive/documentation/credits.html 
# - KNOWN_ISSUES: >
#     Known issues: 
#     https://www.cosmos.esa.int/web/gaia-users/known-issues 
# - DOCUMENTATION: >
#     Tutorials and documentation: 
#     https://www.cosmos.esa.int/web/gaia-users/archive 
# datatype:
# - 
#   name: solution_id
#   datatype: int64
#   description: Solution Identifier
#   meta:
#     ucd: meta.version
# - 
#   name: source_id
#   datatype: int64
#   description: Unique source identifier
#   meta:
#     ucd: meta.id;meta.main
# - 
#   name: global_ranking
#   datatype: float32
#   description: Number between 0 (worst) and 1 (best)
#   meta:
#     ucd: stat.param
# - 
#   name: reference_time
#   datatype: float64
#   unit: d
#   description: Reference time used for the geometric model fit
#   meta:
#     ucd: time.epoch
# - 
#   name: frequency
#   datatype: float64
#   unit: d**-1
#   description: Frequency of geometric model of the eclipsing binary light curve
#   meta:
#     ucd: src.orbital
# - 
#   name: frequency_error
#   datatype: float32
#   unit: d**-1
#   description: "Uncertainty of \\texttt{frequency}"
#   meta:
#     ucd: stat.error
# - 
#   name: geom_model_reference_level
#   datatype: float32
#   unit: mag
#   description: Magnitude reference level of geometric model
#   meta:
#     ucd: phot.mag;em.opt
# - 
#   name: geom_model_reference_level_error
#   datatype: float32
#   unit: mag
#   description: "Uncertainty of \\texttt{geomModelReferenceLevel}"
#   meta:
#     ucd: stat.error;phot.mag;em.opt
# - 
#   name: geom_model_gaussian1_phase
#   datatype: float32
#   description: Phase of the Gaussian 1 component
#   meta:
#     ucd: time.phase
# - 
#   name: geom_model_gaussian1_phase_error
#   datatype: float32
#   description: "Uncertainty of \\texttt{geomModelGaussian1Phase}"
#   meta:
#     ucd: stat.error;time.phase
# - 
#   name: geom_model_gaussian1_sigma
#   datatype: float32
#   description: "Standard deviation [phase] of Gaussian 1 component"
#   meta:
#     ucd: stat.stdev
# - 
#   name: geom_model_gaussian1_sigma_error
#   datatype: float32
#   description: "Uncertainty of \\texttt{geomModelGaussian1Sigma}"
#   meta:
#     ucd: stat.error
# - 
#   name: geom_model_gaussian1_depth
#   datatype: float32
#   unit: mag
#   description: Magnitude depth of Gaussian 1 component
#   meta:
#     ucd: src.var.amplitude
# - 
#   name: geom_model_gaussian1_depth_error
#   datatype: float32
#   unit: mag
#   description: "Uncertainty of \\texttt{geomModelGaussian1Depth}"
#   meta:
#     ucd: stat.error;src.var.amplitude
# - 
#   name: geom_model_gaussian2_phase
#   datatype: float32
#   description: Phase of Gaussian 2 component
#   meta:
#     ucd: time.phase
# - 
#   name: geom_model_gaussian2_phase_error
#   datatype: float32
#   description: "Uncertainty of \\texttt{geomModelGaussian2Phase}"
#   meta:
#     ucd: stat.error;time.phase
# - 
#   name: geom_model_gaussian2_sigma
#   datatype: float32
[...]
#   datatype: float32
#   description: "Secondary eclipse: uncertainty of \\texttt{derivedSecondaryEclDuration}"
#   meta:
#     ucd: stat.error;time.duration
# - 
#   name: derived_secondary_ecl_depth
#   datatype: float32
#   unit: mag
#   description: "Secondary eclipse: depth"
#   meta:
#     ucd: src.var.amplitude
# - 
#   name: derived_secondary_ecl_depth_error
#   datatype: float32
#   unit: mag
#   description: "Secondary eclipse: uncertainty of \\texttt{derivedSecondaryEclDepth}"
#   meta:
#     ucd: stat.error;src.var.amplitude
solution_id,source_id,global_ranking,reference_time,frequency,frequency_error,geom_model_reference_level,geom_model_reference_level_error,geom_model_gaussian1_phase,geom_model_gaussian1_phase_error,geom_model_gaussian1_sigma,geom_model_gaussian1_sigma_error,geom_model_gaussian1_depth,geom_model_gaussian1_depth_error,geom_model_gaussian2_phase,geom_model_gaussian2_phase_error,geom_model_gaussian2_sigma,geom_model_gaussian2_sigma_error,geom_model_gaussian2_depth,geom_model_gaussian2_depth_error,geom_model_cosine_half_period_amplitude,geom_model_cosine_half_period_amplitude_error,geom_model_cosine_half_period_phase,geom_model_cosine_half_period_phase_error,model_type,num_model_parameters,reduced_chi2,derived_primary_ecl_phase,derived_primary_ecl_phase_error,derived_primary_ecl_duration,derived_primary_ecl_duration_error,derived_primary_ecl_depth,derived_primary_ecl_depth_error,derived_secondary_ecl_phase,derived_secondary_ecl_phase_error,derived_secondary_ecl_duration,derived_secondary_ecl_duration_error,derived_secondary_ecl_depth,derived_secondary_ecl_depth_error
[from data line 292]
375316653866487564,5972712260628577280,0.4307528,2262.9545524962537,0.8436094296756221,2.7765578E-5,19.04125,0.009305739,0.8956843,0.010002298,0.011750541,0.006593387,0.2054907,0.058164127,0.7695448,0.015027243,0.047951452,0.013655303,0.11236231,0.038334128,null,null,null,null,"TWOGAUSSIANS",8,5.331895,0.8955543,0.010120959,0.06580303,0.03692297,0.2090351,0.058230102,0.7695448,0.015027243,0.26852813,0.0764697,0.11236231,0.038334128
375316653866487564,5972713531939995776,0.4916608,2221.4135429572843,0.7161470334002326,2.4145886E-5,18.41475,0.006199563,0.57718915,6.7190244E-4,0.011362476,3.848093E-4,0.6768468,0.02757289,0.8393578,0.010549878,0.026416019,0.015465515,0.066136375,0.37630922,null,null,null,null,"TWOGAUSSIANS",8,9.831562,0.57718915,6.7190244E-4,0.063629866,0.0021549321,0.6768468,0.02757289,0.8393578,0.010549878,0.14792971,0.08660688,0.066136375,0.37630922
375316653866487564,5972713703738436096,0.45458364,2226.980348722247,0.5214275271309747,4.5199715E-5,16.328266,0.006581707,0.31832448,0.044198632,0.037995968,0.03158066,0.10214589,0.6393912,0.81217456,0.0064515774,0.01989407,0.0050565936,0.17443983,0.032965086,null,null,null,null,"TWOGAUSSIANS",8,12.457079,0.81217456,0.0064515774,0.111406796,0.028316924,0.17443983,0.032965086,0.31832448,0.044198632,0.21277742,0.17685169,0.10214589,0.6393912
375316653866487564,5972713776765382656,0.50000304,2196.0273792067032,0.34235720468857034,2.2979691E-5,18.31598,0.0019273687,0.24781562,0.026334887,0.03940844,0.017389175,0.015789274,0.0049277674,0.83332765,0.005730949,0.024120957,0.004827898,0.16450544,0.053943753,null,null,null,null,"TWOGAUSSIANS",8,1.028754,0.83332765,0.005730949,0.13507736,0.02703623,0.16450544,0.053943753,0.24781562,0.026334887,0.22068727,0.09737937,0.015789274,0.0049277674
375316653866487564,5972714773226824576,0.66222346,2213.7690778929514,0.739380961861781,3.2588391E-6,15.799076,0.0019698648,0.19834882,6.5972406E-4,0.024769925,0.0015010069,0.54561853,0.028299838,0.6980374,0.011924054,0.024132427,0.009323592,0.5455497,5.125955,0.00832589,0.002921097,0.19834882,6.5972406E-4,"TWOGAUSSIANS_WITH_ELLIPSOIDAL_ON_ECLIPSE1",9,7.7598352,0.19834882,6.5972406E-4,0.13871159,0.008405639,0.5622703,0.03086188,0.6980374,0.011924054,0.1351416,0.052212115,0.5622014,5.1271605
375316653866487564,5972714910665757824,0.5992231,2233.370266996521,0.3746572521678273,9.320468E-6,17.069437,0.0012052201,0.11842393,0.0010398402,0.02060991,9.6547534E-4,0.07890812,0.0035681967,0.6109597,0.0073629976,0.024428668,0.0043711653,0.26708546,0.030634783,0.00848836,0.0019704604,0.11842393,0.0010398402,"TWOGAUSSIANS_WITH_ELLIPSOIDAL_ON_ECLIPSE1",9,2.0705724,0.61097974,0.0073439046,0.13680054,0.024478527,0.28402498,0.029898485,0.11842393,0.0010398402,0.1154155,0.005406662,0.095884845,0.003653602
375316653866487564,5972715391671904128,0.61961555,2194.1455371227867,0.2822210756259751,1.2464551E-5,18.758652,0.003888353,0.3928212,0.0019168139,0.01855797,0.0014689136,0.556291,0.022582442,0.89333117,0.004782578,0.018208912,0.0034375226,0.64551884,0.058225367,null,null,null,null,"TWOGAUSSIANS",8,2.21143,0.89333117,0.004782578,0.101969905,0.019250127,0.64551884,0.058225367,0.3928212,0.0019168139,0.10392463,0.008225916,0.556291,0.022582442
375316653866487564,5972716319415118592,0.5028411,2185.4961193013414,0.2126207074277111,3.7104364E-5,19.473349,0.005143109,0.0039336705,0.004834145,0.0064388616,0.0046353466,0.024757994,0.00867404,0.6463252,0.00531322,0.016275676,0.0025734522,0.5032513,0.1190748,null,null,null,null,"TWOGAUSSIANS",8,1.4246591,0.6463252,0.00531322,0.09114379,0.014411333,0.5032513,0.1190748,0.0039336705,0.004834145,0.036057625,0.025957942,0.024757994,0.00867404
375316653866487564,5972716731732078464,0.651387,2243.2155321603577,1.3582172643747643,4.693106E-6,14.552693,0.003301549,0.25822538,5.200495E-4,0.049838427,0.0010693459,0.3485025,0.008782897,0.76422143,0.0016880791,0.042871457,0.0032876248,0.07287099,0.008274494,0.0568593,0.0050278883,0.76422143,0.0016880791,"TWOGAUSSIANS_WITH_ELLIPSOIDAL_ON_ECLIPSE2",9,33.68544,0.2585854,4.352533E-4,0.2790952,0.0059883366,0.46206844,0.0068043363,0.76422143,0.0016880791,0.24008015,0.0184107,0.18658857,0.0029698096
375316653866487564,5972717865575705728,0.5059522,2212.4269619895267,1.901288289592078,2.458552E-5,19.273129,0.0066434126,0.3233563,0.008266314,0.042454913,0.007798485,0.51960504,0.09972982,0.8227083,0.003754373,0.03636216,0.003345634,0.21689901,0.027700083,null,null,null,null,"TWOGAUSSIANS",8,3.4271777,0.3233563,0.008266314,0.2377475,0.043671515,0.51960504,0.099729836,0.8227083,0.003754373,0.20362811,0.01873555,0.21689901,0.027700083
375316653866487564,5972718484078816384,0.5808356,2230.2203640965267,0.19407475051279768,8.544953E-5,15.2872925,8.275462E-4,0.16351603,0.011446577,0.012264902,0.002430207,0.40615496,0.70359004,0.7504905,0.0078077503,0.021706214,0.009745671,0.16640091,3.7609274,null,null,null,null,"TWOGAUSSIANS",8,7.906656,0.16351603,0.011446577,0.06868345,0.01360916,0.40615496,0.70359004,0.7504905,0.0078077503,0.1215548,0.05457576,0.16640091,3.7609274
375316653866487564,5972719476174762112,0.49499968,2223.883013826027,0.6590082440640723,4.8314465E-5,18.31624,0.013381139,0.16400298,0.0052437712,0.0247196,0.0036496709,0.15090227,0.037815038,0.7008678,0.008456123,0.03516914,0.005748388,1.180803,0.37339297,0.03595386,0.026801255,0.7008678,0.008456123,"TWOGAUSSIANS_WITH_ELLIPSOIDAL_ON_ECLIPSE2",9,22.144924,0.7008678,0.008456123,0.19694717,0.032190975,1.2527107,0.374365,0.164803,0.0050656847,0.13842976,0.020438157,0.21910138,0.03719261
375316653866487564,5972720236425355264,0.46672848,2216.7980418397487,0.19441921145861438,1.8933011E-4,13.958249,0.0010516329,0.09389308,0.0033081213,0.007649763,0.0014655294,0.077634305,0.021419434,0.8631595,0.035344183,0.0579897,0.02407573,0.011891009,0.0046801814,null,null,null,null,"TWOGAUSSIANS",8,32.099464,0.09389308,0.0033081213,0.042838674,0.0082069645,0.07763864,0.02142047,0.8631595,0.035344183,0.32474232,0.13482408,0.011891009,0.0046801814
375316653866487564,5972720472606292736,0.4912019,2216.5478601428636,0.5303587028904074,1.8935316E-5,18.35013,0.0029815598,0.32381588,0.017297938,0.079398245,0.015726753,0.026101055,0.0055643115,0.79946643,0.0018620848,0.030103669,0.0018060047,0.23027645,0.022125341,null,null,null,null,"TWOGAUSSIANS",8,2.0949872,0.79946643,0.0018620848,0.16858055,0.010113626,0.23027559,0.022125687,0.32381588,0.017297938,0.4,0.0014865724,0.026100194,0.0055645234
375316653866487564,5972720957952418944,0.48501977,2202.3118375444446,0.5649485017279541,2.553988E-5,19.677773,0.005785837,0.20147291,0.0127400765,0.037764266,0.010973243,0.19207057,0.015724799,0.68739796,9.2403655E-4,0.015409484,5.981203E-4,0.64354885,0.04467068,null,null,null,null,"TWOGAUSSIANS",8,1.6365938,0.68739796,9.2403655E-4,0.08629311,0.003349474,0.64354885,0.04467068,0.20147291,0.0127400765,0.21147989,0.061450165,0.19207057,0.015724799
375316653866487564,5972721164138449792,0.68234617,2210.1625092818663,0.871380474818409,4.820512E-6,16.898554,0.0061611747,0.24844472,0.0014402907,0.04969271,0.0027001672,0.1678888,0.014601111,0.7490849,0.0011018162,0.04715262,0.0021538187,0.5531446,0.014184506,0.10843678,0.007347766,0.24844472,0.0014402907,"TWOGAUSSIANS_WITH_ELLIPSOIDAL_ON_ECLIPSE1",9,4.970945,0.7490849,0.0010962065,0.2640547,0.0120613845,0.7700137,0.011847416,0.24844472,0.0014402907,0.2782792,0.015120937,0.3847614,0.0053888895
375316653866487564,5972721438991958016,0.5290188,2240.901237961176,2.7555441265371994,2.3120085E-5,19.60891,0.0204885,0.23362309,0.005570939,0.0805422,0.0061690677,0.47449234,0.023542795,0.72048926,0.0029482436,0.08677697,0.0075732917,0.5082547,0.028273877,null,null,null,null,"TWOGAUSSIANS",8,2.1019526,0.72048926,0.0029482436,0.4,0.0,0.49933866,0.029804545,0.23362309,0.005570939,0.4,0.0,0.46557638,0.019326651
375316653866487564,5972721713866771840,0.5746419,2233.038478649634,2.0220061064278623,1.50942315E-5,18.746769,0.016375367,0.27436048,0.003438816,0.08192815,0.007140941,0.4129434,0.023343155,0.7740894,0.008438351,0.0807316,0.0076256306,0.43739897,0.023417016,null,null,null,null,"TWOGAUSSIANS",8,2.0828147,0.7740894,0.008438351,0.4,0.0,0.42989475,0.01832383,0.27436048,0.003438816,0.4,0.0,0.40543914,0.025103847
375316653866487564,5972721778273379712,0.59917104,2215.7776669328646,3.727128685023042,1.0867109E-5,18.33754,0.012706605,0.16211711,0.0033357549,0.03898303,0.0073482636,0.43483707,0.0848813,0.6620761,0.0032603983,0.05143869,0.004762239,0.46411267,0.04191914,0.124161646,0.018478276,0.16211711,0.0033357549,"TWOGAUSSIANS_WITH_ELLIPSOIDAL_ON_ECLIPSE1",9,5.5663195,0.6620761,0.0028948647,0.28805664,0.02666854,0.712432,0.04331767,0.16211711,0.0033357549,0.21830496,0.041150276,0.68315643,0.094855376
375316653866487564,5972722057464359424,0.46628737,2201.0761891683287,0.4372674232227733,1.4026811E-4,19.415453,0.0057889614,0.13426025,0.041510474,0.051455785,0.04701359,0.056336515,0.6492322,0.6514912,0.0046623955,0.018764576,0.0045132497,0.35645252,0.205436,null,null,null,null,"TWOGAUSSIANS",8,1.8905463,0.6514912,0.0046623955,0.10508162,0.025274197,0.35645252,0.205436,0.13426025,0.041510474,0.2881524,0.2632761,0.056336515,0.6492322
375316653866487564,5972722126211191296,0.514338,2234.535201673658,0.5718657703040013,2.683212E-5,18.09768,0.0028369832,0.22610167,0.0014985187,0.015501842,0.0016967076,0.27694207,0.063644975,0.7452075,0.0030542766,0.036648948,0.002147148,0.2304194,0.010247772,null,null,null,null,"TWOGAUSSIANS",8,2.6803424,0.22610167,0.0014985187,0.08681031,0.009501562,0.27694207,0.063644975,0.7452075,0.0030542766,0.2052341,0.012024028,0.2304194,0.010247772
375316653866487564,5972723431883628032,0.44508365,2229.160869241307,2.656006775424853,3.6627316E-5,13.635356,0.0029172834,0.24836434,0.06442002,0.030812563,0.025377618,0.12535243,2.4747255,0.8039632,0.010304197,0.03715733,0.016674621,0.05081472,0.02073123,0.01351704,0.0032901408,0.8039632,0.010304197,"TWOGAUSSIANS_WITH_ELLIPSOIDAL_ON_ECLIPSE2",9,91.41033,0.24918436,0.06496292,0.17255035,0.14211465,0.14926404,2.4745483,0.8039632,0.010304197,0.20808105,0.09337788,0.07784879,0.019072395
375316653866487564,5972724565755000832,0.5131208,2191.6161272319255,0.7059439268066409,1.6800223E-5,19.451708,0.011437184,0.2683665,0.007388205,0.06768204,0.011187428,0.2449676,0.017745664,0.75978875,0.0028422126,0.066426866,0.003936501,0.3608712,0.020706631,null,null,null,null,"TWOGAUSSIANS",8,1.6687349,0.75978875,0.0028422126,0.37199044,0.022044405,0.36042446,0.02053042,0.2683665,0.007388205,0.37901944,0.059468083,0.24452086,0.017999906
375316653866487564,5972725287297334528,0.5987534,2276.1735826181366,0.6955004465789026,1.8660723E-4,16.096405,0.005703416,0.20578079,0.023942212,0.023633113,0.020812014,0.32356793,1.4486251,0.7102103,0.0038349917,0.031919137,0.0042037386,0.43262413,0.11774122,0.012581844,0.007844722,0.20578079,0.023942212,"TWOGAUSSIANS_WITH_ELLIPSOIDAL_ON_ECLIPSE1",9,18.260763,0.7102103,0.0038349917,0.17874716,0.023540935,0.4577683,0.12135369,0.20578079,0.023942212,0.13234544,0.11654728,0.34873158,1.4518914
375316653866487564,5972725527806921216,0.530791,2255.5591597981906,2.406827765711449,2.2848066E-5,17.86165,0.6765096,0.24400185,0.009054658,0.24641867,0.15578769,0.57364535,0.6647328,0.7341122,0.010371416,0.15195659,0.03858073,0.5215396,0.418436,null,null,null,null,"TWOGAUSSIANS",8,2.5766532,0.7341122,0.010371416,0.4,0.0,0.19907618,0.0081168795,0.24667186,0.006550513,0.4,0.0,0.10945238,0.00872201
375316653866487564,5972725665245948928,0.6071102,2246.1179642356233,3.5485476731896726,2.4680541E-5,18.935648,0.032007765,0.19030593,0.0012237052,0.07848763,0.004942327,0.56589603,0.030993132,0.6934052,0.0038446577,0.075229995,0.008021941,0.6030875,0.032809135,null,null,null,null,"TWOGAUSSIANS",8,3.0877438,0.6934052,0.0038446577,0.4,0.015389855,0.5975774,0.03183139,0.19030593,0.0012237052,0.4,0.0,0.56038594,0.027490051
375316653866487564,5972726352437038720,0.5612847,2228.2725162268207,2.4222738305099583,1.6525153E-5,18.954405,0.018816344,0.25269428,0.004230253,0.082573734,0.0055493917,0.50162524,0.020531747,0.71407694,0.011162046,0.11308512,0.010276816,0.55795556,0.07469827,null,null,null,null,"TWOGAUSSIANS",8,3.0205653,0.71407694,0.011162046,0.4,0.0,0.5341372,0.08078354,0.25275427,0.00419853,0.4,0.0,0.47794902,0.0152022075
375316653866487564,5972726661686955520,0.64239967,2252.5081419558774,0.358772490001487,2.2429867E-6,15.326889,0.0056118206,0.25156105,0.021135818,0.021519547,0.01598773,0.057945207,0.078053355,0.7489918,4.6395822E-4,0.032205638,7.5245916E-4,0.9814246,0.024103131,0.026335936,0.0074644196,0.7489918,4.6395822E-4,"TWOGAUSSIANS_WITH_ELLIPSOIDAL_ON_ECLIPSE2",9,62.4532,0.7489918,4.6395822E-4,0.18035159,0.0042137713,1.0340965,0.026655585,0.25148106,0.020673428,0.12050946,0.08953129,0.110603794,0.07754109
375316653866487564,5972727177082209536,0.5615625,2217.9907208575505,0.8263684821764413,9.283128E-5,13.593933,0.045776937,0.2157334,0.005615934,0.036069825,0.012030054,0.0970712,0.035269927,0.74126416,0.020367263,0.06296625,0.12413509,0.76416737,0.60496366,null,null,null,null,"TWOGAUSSIANS",8,453.0992,0.74126416,0.020367263,0.352611,0.04917773,0.76416683,0.62850744,0.2157334,0.005579678,0.20199104,0.0673683,0.09707067,0.021234743
375316653866487564,5972728134822282880,0.4336492,2241.1088041106477,2.7868837159354776,6.730561E-5,19.486414,0.51243633,0.2607507,0.034442797,0.1821045,0.18557204,0.3014992,0.4795212,0.8035076,0.018169023,0.09971193,0.04976584,0.34203267,0.2317958,null,null,null,null,"TWOGAUSSIANS",8,6.2047,0.8073076,0.01068324,0.4,0.07081521,0.26583982,0.06853374,0.2607007,0.034301918,0.4,0.08173265,0.20864719,0.043383222
375316653866487564,5972728448393402624,0.5272859,2250.4497506970374,1.3357590780173931,2.6531001E-5,18.075663,0.005166837,0.2356056,0.0044552325,0.041303605,0.010242375,0.046811238,0.015173946,0.74166,0.0157408,0.019765051,0.01574995,0.063975185,1.090641,0.052834496,0.007044995,0.2356056,0.0044552325,"TWOGAUSSIANS_WITH_ELLIPSOIDAL_ON_ECLIPSE1",9,2.7035582,0.74166,0.015726473,0.11068429,0.08819971,0.16949128,1.0911311,0.2356056,0.0044552325,0.23130018,0.057357296,0.15248017,0.010655915
375316653866487564,5972730505645671296,0.5708982,2258.2964258069815,1.0526120048731513,3.0055458E-5,16.432505,0.001158818,0.31036356,0.005171914,0.047410496,0.00443428,0.15150042,0.008672879,0.14772326,6.8871595E-4,0.019482918,0.0014097157,0.018659584,0.0017661062,null,null,null,null,"TWOGAUSSIANS",8,3.0335712,0.31036356,0.005171914,0.26549876,0.024831967,0.15150042,0.008672879,0.14837326,5.24741E-4,0.10910434,0.007894408,0.019091163,0.0016328822
375316653866487564,5972730750495191040,0.5791133,2253.2506817899352,0.3669810569309347,1.0977564E-5,12.231429,0.0046867034,0.28986317,0.008937772,0.056289915,0.024735862,0.2944664,0.22492516,0.80994725,0.0045075105,0.030542087,0.004436268,0.24293049,0.016425809,0.013827995,0.0077092345,0.28986317,0.008937772,"TWOGAUSSIANS_WITH_ELLIPSOIDAL_ON_ECLIPSE1",9,186.38156,0.28986317,0.008937772,0.31522352,0.09185077,0.32210737,0.22480716,0.80994725,0.0045075105,0.17103569,0.0248431,0.27013338,0.008180796
375316653866487564,5972730849244272000,0.45559084,2285.3719818800373,0.662362980948798,6.925416E-5,19.120821,0.10362646,0.20238239,0.011153687,0.13598233,0.056847297,0.16341147,0.09965187,0.7007466,0.007750765,0.118227795,0.04137221,0.17557065,0.09686665,null,null,null,null,"TWOGAUSSIANS",8,1.4692138,0.7007466,0.007763075,0.4,0.0,0.12793706,0.010102245,0.20239238,0.01117696,0.4,0.0,0.11544463,0.016365439
