Gaia/vari_eclipsing_binary/VariEclipsingBinary_676965-676998.csv
# %ECSV 1.0
# ---
# delimiter: ','
# meta: !!omap
# - RELEASE: Gaia DR3
# - TABLE: vari_eclipsing_binary
# - DESCRIPTION: >
#     This table describes the properties of the eclipsing binaries resulting from the variability analysis. 
# - CITATION: >
#     How to cite and acknowledge Gaia: 
#     https://gea.esac.esa.int/archive/documentation/credits.html 
# - KNOWN_ISSUES: >
#     Known issues: 
#     https://www.cosmos.esa.int/web/gaia-users/known-issues 
# - DOCUMENTATION: >
#     Tutorials and documentation: 
#     https://www.cosmos.esa.int/web/gaia-users/archive 
# datatype:
# - 
#   name: solution_id
#   datatype: int64
#   description: Solution Identifier
#   meta:
#     ucd: meta.version
# - 
#   name: source_id
#   datatype: int64
#   description: Unique source identifier
#   meta:
#     ucd: meta.id;meta.main
# - 
#   name: global_ranking
#   datatype: float32
#   description: Number between 0 (worst) and 1 (best)
#   meta:
#     ucd: stat.param
# - 
#   name: reference_time
#   datatype: float64
#   unit: d
#   description: Reference time used for the geometric model fit
#   meta:
#     ucd: time.epoch
# - 
#   name: frequency
#   datatype: float64
#   unit: d**-1
#   description: Frequency of geometric model of the eclipsing binary light curve
#   meta:
#     ucd: src.orbital
# - 
#   name: frequency_error
#   datatype: float32
#   unit: d**-1
#   description: "Uncertainty of \\texttt{frequency}"
#   meta:
#     ucd: stat.error
# - 
#   name: geom_model_reference_level
#   datatype: float32
#   unit: mag
#   description: Magnitude reference level of geometric model
#   meta:
#     ucd: phot.mag;em.opt
# - 
#   name: geom_model_reference_level_error
#   datatype: float32
#   unit: mag
#   description: "Uncertainty of \\texttt{geomModelReferenceLevel}"
#   meta:
#     ucd: stat.error;phot.mag;em.opt
# - 
#   name: geom_model_gaussian1_phase
#   datatype: float32
#   description: Phase of the Gaussian 1 component
#   meta:
#     ucd: time.phase
# - 
#   name: geom_model_gaussian1_phase_error
#   datatype: float32
#   description: "Uncertainty of \\texttt{geomModelGaussian1Phase}"
#   meta:
#     ucd: stat.error;time.phase
# - 
#   name: geom_model_gaussian1_sigma
#   datatype: float32
#   description: "Standard deviation [phase] of Gaussian 1 component"
#   meta:
#     ucd: stat.stdev
# - 
#   name: geom_model_gaussian1_sigma_error
#   datatype: float32
#   description: "Uncertainty of \\texttt{geomModelGaussian1Sigma}"
#   meta:
#     ucd: stat.error
# - 
#   name: geom_model_gaussian1_depth
#   datatype: float32
#   unit: mag
#   description: Magnitude depth of Gaussian 1 component
#   meta:
#     ucd: src.var.amplitude
# - 
#   name: geom_model_gaussian1_depth_error
#   datatype: float32
#   unit: mag
#   description: "Uncertainty of \\texttt{geomModelGaussian1Depth}"
#   meta:
#     ucd: stat.error;src.var.amplitude
# - 
#   name: geom_model_gaussian2_phase
#   datatype: float32
#   description: Phase of Gaussian 2 component
#   meta:
#     ucd: time.phase
# - 
#   name: geom_model_gaussian2_phase_error
#   datatype: float32
#   description: "Uncertainty of \\texttt{geomModelGaussian2Phase}"
#   meta:
#     ucd: stat.error;time.phase
# - 
#   name: geom_model_gaussian2_sigma
#   datatype: float32
[...]
#   datatype: float32
#   description: "Secondary eclipse: uncertainty of \\texttt{derivedSecondaryEclDuration}"
#   meta:
#     ucd: stat.error;time.duration
# - 
#   name: derived_secondary_ecl_depth
#   datatype: float32
#   unit: mag
#   description: "Secondary eclipse: depth"
#   meta:
#     ucd: src.var.amplitude
# - 
#   name: derived_secondary_ecl_depth_error
#   datatype: float32
#   unit: mag
#   description: "Secondary eclipse: uncertainty of \\texttt{derivedSecondaryEclDepth}"
#   meta:
#     ucd: stat.error;src.var.amplitude
solution_id,source_id,global_ranking,reference_time,frequency,frequency_error,geom_model_reference_level,geom_model_reference_level_error,geom_model_gaussian1_phase,geom_model_gaussian1_phase_error,geom_model_gaussian1_sigma,geom_model_gaussian1_sigma_error,geom_model_gaussian1_depth,geom_model_gaussian1_depth_error,geom_model_gaussian2_phase,geom_model_gaussian2_phase_error,geom_model_gaussian2_sigma,geom_model_gaussian2_sigma_error,geom_model_gaussian2_depth,geom_model_gaussian2_depth_error,geom_model_cosine_half_period_amplitude,geom_model_cosine_half_period_amplitude_error,geom_model_cosine_half_period_phase,geom_model_cosine_half_period_phase_error,model_type,num_model_parameters,reduced_chi2,derived_primary_ecl_phase,derived_primary_ecl_phase_error,derived_primary_ecl_duration,derived_primary_ecl_duration_error,derived_primary_ecl_depth,derived_primary_ecl_depth_error,derived_secondary_ecl_phase,derived_secondary_ecl_phase_error,derived_secondary_ecl_duration,derived_secondary_ecl_duration_error,derived_secondary_ecl_depth,derived_secondary_ecl_depth_error
375316653866487564,5954647838636842112,0.5483328,2300.972124751489,4.092081451094773,2.5615049E-5,18.826843,0.012419999,0.2931227,0.0049672546,0.07616895,0.0061552636,0.46557328,0.023350913,0.8007441,0.0044548474,0.078937545,0.009025565,0.37409014,0.056330435,null,null,null,null,"TWOGAUSSIANS",8,3.3086493,0.2931227,0.0049672546,0.4,0.0,0.46164292,0.023890674,0.8007441,0.0044548474,0.4,0.0,0.37015975,0.05837066
375316653866487564,5954647941716084096,0.5592289,2333.5825922271347,3.141257101038062,1.1451941E-5,19.314823,0.019254858,0.26849833,0.001805559,0.071988516,0.0042811506,0.60532326,0.03540548,0.76041347,0.0051904176,0.08528164,0.008583854,0.5932306,0.061442066,null,null,null,null,"TWOGAUSSIANS",8,3.778692,0.26849833,0.001805559,0.4,0.0073036407,0.5988643,0.03581025,0.76041347,0.0051904176,0.4,0.0,0.58677167,0.06378801
375316653866487564,5954648250955421312,0.45005894,2417.4867229758834,2.0533179031039266,1.17191985E-5,19.640093,0.016262539,0.4366105,0.0023124644,0.041084547,0.009265706,0.50475293,0.27734637,0.7708694,0.0053576794,0.04009487,0.008521632,0.5701137,0.29214746,null,null,null,null,"TWOGAUSSIANS",8,3.5514293,0.7708694,0.0053576794,0.22453128,0.04772114,0.5701137,0.29214746,0.4366105,0.0023124644,0.23007347,0.051887956,0.50475293,0.27734637
375316653866487564,5954648762047522048,0.50333166,2445.4674505440375,0.0668624299945582,1.8437964E-5,17.85402,0.006466095,0.24162196,0.0015391286,0.017373094,0.0020010353,1.7764581,1.2403034,0.7630758,0.005785345,0.0058738897,0.004766367,0.26299852,5.1788995E16,0.062709905,0.008730517,0.7630758,0.005785345,"TWOGAUSSIANS_WITH_ELLIPSOIDAL_ON_ECLIPSE2",9,11.096006,0.24166195,0.0015462899,0.09728933,0.011205797,1.8996165,1.2424893,0.7630758,0.005785345,0.03289378,0.026691657,0.38841832,5.1788995E16
375316653866487564,5954648800709666048,0.46039551,2356.7217648432434,3.8863704539821122,2.3368118E-5,19.89347,0.011081946,0.72868776,0.0049589262,0.061444983,0.035955768,0.09729887,1.6337184,null,null,null,null,null,null,0.11833653,0.022204744,0.72868776,0.0049589262,"ONEGAUSSIAN_WITH_ELLIPSOIDAL",6,3.3574765,0.72868776,0.0049589262,0.3440919,0.19988741,0.33394712,1.6318748,null,null,null,null,null,null
375316653866487564,5954649449243469056,0.57111204,2270.5405168356024,2.5447489984192,8.492114E-6,18.104908,0.0040454217,0.11351029,0.005730632,0.078017935,0.007177392,0.14562461,0.0063177375,0.6160002,0.0031585067,0.08207505,0.00408861,0.20654799,0.007855596,null,null,null,null,"TWOGAUSSIANS",8,1.2062805,0.6160002,0.0031585067,0.4,0.0,0.20402369,0.007835904,0.11351029,0.005730632,0.4,0.0,0.14310029,0.006412027
375316653866487564,5954649556623865984,0.5501657,2290.051895699612,2.2069461281156904,1.0829888E-5,18.040348,0.012738097,0.23500504,0.004937652,0.0816379,0.008549801,0.38643607,0.027258849,0.73760813,0.0029761917,0.07133968,0.0059190285,0.31386203,0.01476297,null,null,null,null,"TWOGAUSSIANS",8,8.2616205,0.23500504,0.004937652,0.4,0.0,0.38326612,0.02803142,0.73760813,0.0029761917,0.39950222,0.019869685,0.31069204,0.014229406
375316653866487564,5954649659725609344,0.4303438,2397.556317220645,0.7645271657550848,3.4104316E-5,17.536198,0.005675986,0.36387396,0.022277184,0.041782085,0.017059334,0.020656627,0.009360264,0.58563375,0.017234048,0.084129356,0.021082712,0.060380675,0.010571372,null,null,null,null,"TWOGAUSSIANS",8,4.762912,0.58563375,0.017234048,0.4,0.0,0.06038069,0.010571385,0.36970398,0.021292737,0.23397967,0.095532276,0.022697344,0.009179265
375316653866487564,5954651893088116736,0.5164221,2390.8511640444763,3.2209034670102366,1.2998418E-5,19.44254,0.023473771,0.259345,0.0063502514,0.089767076,0.007290321,0.40765712,0.03355678,0.7380945,0.0038030816,0.093325004,0.010275751,0.3715003,0.023548126,null,null,null,null,"TWOGAUSSIANS",8,2.9360368,0.259345,0.0063502514,0.4,0.0,0.3941498,0.031033875,0.7380945,0.0038030816,0.4,0.0,0.35799253,0.023582214
375316653866487564,5954652855181680640,0.5687283,2369.2569730255304,3.5779727552700655,1.0306779E-5,17.361485,0.013735421,0.25877148,0.0020509697,0.09445931,0.005547457,0.31886667,0.013636722,0.76290876,0.047043804,0.08294898,0.025450103,0.26037753,0.047035843,null,null,null,null,"TWOGAUSSIANS",8,8.898074,0.25877148,0.0020509697,0.4,0.0,0.30865628,0.011858703,0.76290876,0.047043804,0.4,0.052485187,0.25016764,0.040886927
375316653866487564,5954653061319436800,0.55397195,2364.0715679182113,2.638191108018177,1.2206334E-5,18.17479,0.052343488,0.26434323,0.0076276865,0.10776176,0.020474555,0.37374005,0.048977643,0.7638942,0.003712302,0.098284066,0.014215534,0.37559256,0.045571443,null,null,null,null,"TWOGAUSSIANS",8,5.6914415,0.7638942,0.003712302,0.4,0.0,0.33642796,0.022433128,0.26434323,0.0076276865,0.4,0.0,0.3345614,0.017648455
375316653866487564,5954653679815105024,0.55335814,2427.225861046114,1.2103787055883244,2.8364795E-5,16.032438,0.0028711085,0.26548606,0.011281233,0.024567625,0.0060472535,0.03917091,0.03435763,0.7293831,0.0027647372,0.04158876,0.0044334014,0.09897642,0.0064760516,0.009219453,0.004132759,0.26548606,0.011281233,"TWOGAUSSIANS_WITH_ELLIPSOIDAL_ON_ECLIPSE1",9,4.9621205,0.7302531,0.002564655,0.23289706,0.024827048,0.11650454,0.005828281,0.26548606,0.011281233,0.1375787,0.033864617,0.05760965,0.034735493
375316653866487564,5954654534483878400,0.6058971,2373.2468160685135,2.3441586977393087,6.7583433E-6,15.141916,0.0075858654,0.28066966,0.0017636105,0.08019347,0.0028784387,0.4644321,0.009098902,0.7739352,0.0041097268,0.08323584,0.00423066,0.44609442,0.028174771,null,null,null,null,"TWOGAUSSIANS",8,68.709305,0.28066966,0.0017636105,0.4,0.0,0.45699686,0.008809399,0.7739352,0.0041097268,0.4,0.0,0.43865916,0.029362913
375316653866487564,5954654676225348480,0.45772374,2337.0457858647405,0.4937063484627185,5.8216312E-5,18.99592,0.14739233,0.101769306,0.025231156,0.06581496,0.030325444,0.12083588,0.067916915,0.67353487,0.015171879,0.19190663,0.08851431,0.26085395,0.14085941,null,null,null,null,"TWOGAUSSIANS",8,3.1706722,0.67353487,0.015171879,0.4,0.0,0.2261023,0.04363769,0.0935093,0.018813351,0.36856374,0.15321013,0.11163608,0.050310243
375316653866487564,5954655084240755072,0.5628541,2355.3597541106305,2.3018714623871293,1.6038084E-5,18.327805,0.008134249,0.2288413,0.002482874,0.06648394,0.006194041,0.48977858,0.057525445,0.7242819,0.0061808494,0.0918362,0.008080727,0.14946158,0.011849647,null,null,null,null,"TWOGAUSSIANS",8,2.6952965,0.2288413,0.002482874,0.37231007,0.031508904,0.48684022,0.059145555,0.7242819,0.0061808494,0.4,0.0,0.14652312,0.011403027
375316653866487564,5954655157283863040,0.47100723,2440.4477638707563,0.0680373816835287,2.0871972E-5,17.79951,0.009972972,0.3238807,0.10066081,0.09296615,0.059192784,0.05367989,0.023930823,0.8496325,0.0028564031,0.05059064,0.008403439,0.23744401,0.06473857,null,null,null,null,"TWOGAUSSIANS",8,3.100208,0.8496325,0.0028260087,0.28330758,0.047059257,0.23723996,0.065389715,0.3238807,0.10066081,0.4,0.0,0.053475708,0.024234723
375316653866487564,5954655191643603840,0.45933807,2429.68478518892,1.0450349594998385,1.0391219E-5,18.96249,0.020474505,0.10499148,0.0014399382,0.005008488,0.0024385953,0.23967816,0.017274855,0.69183505,0.00144459,0.02989372,0.0037410122,0.6664385,0.06632047,null,null,null,null,"TWOGAUSSIANS",8,4.8183784,0.69183505,0.00144459,0.16740483,0.020949667,0.6664385,0.06632047,0.10499148,0.0014399382,0.028047532,0.013656134,0.23967816,0.017274855
375316653866487564,5954655260363080832,0.5290605,2432.3892986610613,2.7168626702840606,3.2103526E-5,17.325943,0.04572226,0.28959832,0.0047883135,0.10950245,0.025159087,0.15385875,0.041710023,0.7809608,0.0077786455,0.12130669,0.038404275,0.12902905,0.044860803,null,null,null,null,"TWOGAUSSIANS",8,3.7840147,0.2896383,0.0047622113,0.4,0.0,0.12926553,0.013158946,0.7809608,0.0077786455,0.4,0.0,0.104390584,0.008482898
375316653866487564,5954655329060514944,0.44405994,2447.551473475392,1.7579380018906114,7.86123E-5,17.220587,0.0033385148,0.39510444,0.006247989,0.04238634,0.006274649,0.068738416,0.014329388,0.7360251,0.017672602,0.038305867,0.018830718,0.019057285,0.006544194,0.010880399,0.0039858455,0.39510444,0.006247989,"TWOGAUSSIANS_WITH_ELLIPSOIDAL_ON_ECLIPSE1",9,3.5249588,0.39510444,0.006247989,0.23736352,0.035138033,0.09049921,0.014123074,0.74647504,0.0068920613,0.21451285,0.10545203,0.026058061,0.008471456
375316653866487564,5954655393477372032,0.56684387,2378.9322119039257,2.8479645463185737,9.720919E-6,16.02868,0.02935477,0.22243105,0.009925357,0.057038385,0.016125392,0.22004887,0.061675627,0.7174645,0.011473506,0.06202749,0.014510915,0.24561988,0.073414885,0.076011255,0.034843855,0.22243105,0.009925357,"TWOGAUSSIANS_WITH_ELLIPSOIDAL_ON_ECLIPSE1",9,39.79782,0.7182545,0.009590572,0.34735394,0.08053848,0.39744982,0.052456968,0.22243105,0.009925357,0.31941494,0.0903022,0.3720034,0.02243172
375316653866487564,5954655702715057536,0.46348336,2416.1834974005506,0.28549277182622634,5.9906186E-5,16.295107,0.0012964181,0.27289936,0.010164702,0.05135102,0.015501182,0.07494138,0.017884566,0.76765865,0.033912055,0.055860516,0.019122992,0.040403005,0.01930391,null,null,null,null,"TWOGAUSSIANS",8,3.3564694,0.27289936,0.010164702,0.2875657,0.08680662,0.07493975,0.01789048,0.76765865,0.033912055,0.31281888,0.10708875,0.040401377,0.019304845
375316653866487564,5954655741399429632,0.5358124,2393.6258176034107,0.24615883889735815,1.3229012E-5,17.444124,0.0035820852,0.32654706,0.005089688,0.029698035,0.0056939586,0.08412807,0.0123228505,0.84238577,0.007075254,0.026665194,0.04591664,0.0039514657,0.01970176,0.032918457,0.0038807117,0.84238577,0.007075254,"TWOGAUSSIANS_WITH_ELLIPSOIDAL_ON_ECLIPSE2",9,2.7295,0.32735705,0.0050020963,0.166309,0.031886168,0.14934827,0.010787024,0.84238577,0.007075254,0.14932509,0.25713316,0.06978827,0.018287104
375316653866487564,5954656531654723712,0.48430216,2397.9850007442355,3.5119015393273147,3.1269698E-5,19.824318,0.038768586,0.248436,0.008454493,0.10698528,0.01701647,0.25439006,0.039300513,0.75082326,0.009770251,0.09623362,0.0183887,0.2679115,0.038768716,null,null,null,null,"TWOGAUSSIANS",8,1.191835,0.75082326,0.009769855,0.4,0.0,0.243417,0.016425366,0.248436,0.008454493,0.4,0.0,0.22988705,0.021582117
375316653866487564,5954656836586025984,0.44433844,2335.168886743315,1.716140333769288,3.7103604E-5,16.078407,0.0017403133,null,null,null,null,null,null,null,null,null,null,null,null,0.021944689,0.002540061,0.130453,0.0082203355,"ELLIPSOIDAL",4,8.619125,null,null,null,null,null,null,null,null,null,null,null,null
375316653866487564,5954657218844925568,0.5337805,2341.9770563479,4.845395528502376,1.1788919E-5,17.780691,0.012178719,0.20798768,0.002918133,0.04889256,0.004765627,0.43142578,0.049235824,0.71400744,0.0553793,0.02422496,0.029220754,1.282508,11.150739,0.2528526,0.04289383,0.20798768,0.002918133,"TWOGAUSSIANS_WITH_ELLIPSOIDAL_ON_ECLIPSE1",9,45.38756,0.71400744,0.055360142,0.13565977,0.16363622,1.7874892,11.1711645,0.20798768,0.002918133,0.27379835,0.026687512,0.93713003,0.039763518
375316653866487564,5954657248914299392,0.59705186,2316.0967474121194,3.8999799863650186,1.02875765E-5,18.95731,0.010265831,0.23374335,0.003944665,0.034420453,0.0068856184,0.22471935,0.055543575,0.7379088,0.0068386043,0.037356656,0.006704411,0.3117727,0.04137496,0.14906688,0.012211945,0.23374335,0.003944665,"TWOGAUSSIANS_WITH_ELLIPSOIDAL_ON_ECLIPSE1",9,2.5682833,0.7379088,0.0066232732,0.20919727,0.0375447,0.60970163,0.046468575,0.23374335,0.003944665,0.19275454,0.038559463,0.5228524,0.052779127
375316653866487564,5954658863810768640,0.45507777,2391.40660851998,1.9927304099211949,1.1560342E-4,16.519976,0.0254014,0.27840716,0.012691076,0.11599223,0.032909177,0.092225805,0.026057586,0.77024823,0.006503356,0.08723047,0.02136146,0.118824154,0.022906395,null,null,null,null,"TWOGAUSSIANS",8,17.011694,0.77024823,0.006503356,0.4,0.0,0.10996726,0.014389475,0.27840716,0.012691076,0.4,0.0,0.08335117,0.019962324
375316653866487564,5954658868115218688,0.6839376,2417.129375425194,0.4407934827949213,1.19224815E-5,16.01626,0.004346433,0.26841232,0.0036466818,0.034478053,0.007994075,1.1531119,3.2578332,0.7715794,4.7550036E-4,0.03476724,0.002619946,0.22832616,0.009925181,0.03921613,0.0067944727,0.26841232,0.0036466818,"TWOGAUSSIANS_WITH_ELLIPSOIDAL_ON_ECLIPSE1",9,10.564962,0.26841232,0.0036466818,0.19307709,0.044766825,1.2315441,3.2630432,0.7715794,4.7550036E-4,0.19469656,0.014671697,0.30672732,0.007877671
375316653866487564,5954659246073015424,0.4542771,2334.924561887022,0.47841850055110147,6.0316568E-5,18.607716,0.011781344,0.36355874,0.010595885,0.05148221,0.010395083,0.15730903,0.031196937,0.6828667,0.075344585,0.1611066,0.09000914,0.055680964,0.013333598,null,null,null,null,"TWOGAUSSIANS",8,2.5371912,0.36519873,0.00949881,0.2883004,0.058212463,0.164165,0.035360824,0.6828667,0.075344585,0.4,0.0,0.054639805,0.013480364
375316653866487564,5954659310487350528,0.63684475,2403.905044634633,3.561927132424406,1.3514053E-5,17.628082,0.008379203,0.23574884,0.0024227137,0.029008571,0.011307268,0.35515764,0.08848826,0.74479306,0.0029983786,0.038411636,0.0067468975,0.24385181,0.052888498,0.14339606,0.012665432,0.23574884,0.0024227137,"TWOGAUSSIANS_WITH_ELLIPSOIDAL_ON_ECLIPSE1",9,4.8882313,0.23574884,0.0024227137,0.16244799,0.063320704,0.6419491,0.104141064,0.74479306,0.0029983786,0.21510516,0.037782628,0.52971816,0.05470363
375316653866487564,5954660345581180416,0.54633725,2346.1886519648074,0.709789964897302,3.3180084E-5,18.938133,0.004432807,0.7724319,0.010557822,0.026141759,0.007748352,0.040247317,0.02394006,0.6529666,9.351122E-5,0.0041087205,1.2135339E-4,0.4857678,0.001384142,null,null,null,null,"TWOGAUSSIANS",8,1.3833957,0.6529666,9.351122E-5,0.023008835,6.79579E-4,0.48576897,0.001379609,0.7724319,0.010557822,0.14639385,0.043390773,0.040247317,0.02394006
375316653866487564,5954660414323623040,0.47585398,2380.97414002763,4.125059533422698,3.746213E-5,17.108889,0.007869999,0.21264066,0.008312907,0.06978757,0.0081115905,0.0865773,0.010543314,0.59501064,0.029893083,0.10707902,0.030353552,0.049683105,0.009770248,null,null,null,null,"TWOGAUSSIANS",8,3.479208,0.21280065,0.0082371095,0.39081037,0.038574714,0.08639278,0.010221741,0.59501064,0.029893083,0.4,0.0,0.0494138,0.009566958
375316653866487564,5954660444358620800,0.5536492,2363.0103252808885,3.170215550108694,1.842349E-5,14.912512,0.014027466,0.36127895,0.0041989074,0.09205039,0.008437233,0.24127993,0.013856843,0.8558031,0.002593972,0.08265877,0.006213998,0.301498,0.023193378,null,null,null,null,"TWOGAUSSIANS",8,127.49575,0.8558031,0.002593972,0.4,0.0,0.2933652,0.02322149,0.36127895,0.0041989074,0.4,0.0,0.23314695,0.011803274
375316653866487564,5954660444363577088,0.50053936,2291.0215929303913,2.834388729774149,6.254018E-5,18.45361,0.007767573,0.2932515,0.006505318,0.039602786,0.0059656636,0.31076983,0.057569735,null,null,null,null,null,null,0.02184455,0.01014933,0.2932515,0.006505318,"ONEGAUSSIAN_WITH_ELLIPSOIDAL",6,5.6019816,0.2932515,0.006505318,0.22177559,0.033407718,0.35445887,0.053927306,null,null,null,null,null,null
375316653866487564,5954660478719513728,0.56095,2317.5204775209354,1.1351981977265557,3.591098E-5,18.129042,0.0039363685,0.21405159,9.804496E-5,0.00995655,1.5303091E-4,0.3610549,0.004827997,0.68583417,0.013704302,0.03968257,0.017682869,0.10294896,0.057732504,null,null,null,null,"TWOGAUSSIANS",8,2.3855233,0.21405159,9.804496E-5,0.055756677,8.5697306E-4,0.3610549,0.004827997,0.68583417,0.013704302,0.2222224,0.099024065,0.10294896,0.057732504
375316653866487564,5954660654818922752,0.47818148,2337.0351620480074,0.2414836666115886,1.5796744E-5,18.556782,0.0033690617,0.16938022,0.021809492,0.017188212,0.005432279,0.31547093,0.63267636,0.66729337,0.011795785,0.05666199,0.008143744,0.12542622,0.014640261,null,null,null,null,"TWOGAUSSIANS",8,1.7187265,0.16938022,0.021809492,0.09625398,0.03042076,0.31547093,0.63267636,0.66729337,0.011795785,0.31730714,0.045604967,0.12542622,0.014640261
