Gaia/vari_eclipsing_binary/VariEclipsingBinary_329263-329984.csv
# %ECSV 1.0
# ---
# delimiter: ','
# meta: !!omap
# - RELEASE: Gaia DR3
# - TABLE: vari_eclipsing_binary
# - DESCRIPTION: >
#     This table describes the properties of the eclipsing binaries resulting from the variability analysis. 
# - CITATION: >
#     How to cite and acknowledge Gaia: 
#     https://gea.esac.esa.int/archive/documentation/credits.html 
# - KNOWN_ISSUES: >
#     Known issues: 
#     https://www.cosmos.esa.int/web/gaia-users/known-issues 
# - DOCUMENTATION: >
#     Tutorials and documentation: 
#     https://www.cosmos.esa.int/web/gaia-users/archive 
# datatype:
# - 
#   name: solution_id
#   datatype: int64
#   description: Solution Identifier
#   meta:
#     ucd: meta.version
# - 
#   name: source_id
#   datatype: int64
#   description: Unique source identifier
#   meta:
#     ucd: meta.id;meta.main
# - 
#   name: global_ranking
#   datatype: float32
#   description: Number between 0 (worst) and 1 (best)
#   meta:
#     ucd: stat.param
# - 
#   name: reference_time
#   datatype: float64
#   unit: d
#   description: Reference time used for the geometric model fit
#   meta:
#     ucd: time.epoch
# - 
#   name: frequency
#   datatype: float64
#   unit: d**-1
#   description: Frequency of geometric model of the eclipsing binary light curve
#   meta:
#     ucd: src.orbital
# - 
#   name: frequency_error
#   datatype: float32
#   unit: d**-1
#   description: "Uncertainty of \\texttt{frequency}"
#   meta:
#     ucd: stat.error
# - 
#   name: geom_model_reference_level
#   datatype: float32
#   unit: mag
#   description: Magnitude reference level of geometric model
#   meta:
#     ucd: phot.mag;em.opt
# - 
#   name: geom_model_reference_level_error
#   datatype: float32
#   unit: mag
#   description: "Uncertainty of \\texttt{geomModelReferenceLevel}"
#   meta:
#     ucd: stat.error;phot.mag;em.opt
# - 
#   name: geom_model_gaussian1_phase
#   datatype: float32
#   description: Phase of the Gaussian 1 component
#   meta:
#     ucd: time.phase
# - 
#   name: geom_model_gaussian1_phase_error
#   datatype: float32
#   description: "Uncertainty of \\texttt{geomModelGaussian1Phase}"
#   meta:
#     ucd: stat.error;time.phase
# - 
#   name: geom_model_gaussian1_sigma
#   datatype: float32
#   description: "Standard deviation [phase] of Gaussian 1 component"
#   meta:
#     ucd: stat.stdev
# - 
#   name: geom_model_gaussian1_sigma_error
#   datatype: float32
#   description: "Uncertainty of \\texttt{geomModelGaussian1Sigma}"
#   meta:
#     ucd: stat.error
# - 
#   name: geom_model_gaussian1_depth
#   datatype: float32
#   unit: mag
#   description: Magnitude depth of Gaussian 1 component
#   meta:
#     ucd: src.var.amplitude
# - 
#   name: geom_model_gaussian1_depth_error
#   datatype: float32
#   unit: mag
#   description: "Uncertainty of \\texttt{geomModelGaussian1Depth}"
#   meta:
#     ucd: stat.error;src.var.amplitude
# - 
#   name: geom_model_gaussian2_phase
#   datatype: float32
#   description: Phase of Gaussian 2 component
#   meta:
#     ucd: time.phase
# - 
#   name: geom_model_gaussian2_phase_error
#   datatype: float32
#   description: "Uncertainty of \\texttt{geomModelGaussian2Phase}"
#   meta:
#     ucd: stat.error;time.phase
# - 
#   name: geom_model_gaussian2_sigma
#   datatype: float32
[...]
#   datatype: float32
#   description: "Secondary eclipse: uncertainty of \\texttt{derivedSecondaryEclDuration}"
#   meta:
#     ucd: stat.error;time.duration
# - 
#   name: derived_secondary_ecl_depth
#   datatype: float32
#   unit: mag
#   description: "Secondary eclipse: depth"
#   meta:
#     ucd: src.var.amplitude
# - 
#   name: derived_secondary_ecl_depth_error
#   datatype: float32
#   unit: mag
#   description: "Secondary eclipse: uncertainty of \\texttt{derivedSecondaryEclDepth}"
#   meta:
#     ucd: stat.error;src.var.amplitude
solution_id,source_id,global_ranking,reference_time,frequency,frequency_error,geom_model_reference_level,geom_model_reference_level_error,geom_model_gaussian1_phase,geom_model_gaussian1_phase_error,geom_model_gaussian1_sigma,geom_model_gaussian1_sigma_error,geom_model_gaussian1_depth,geom_model_gaussian1_depth_error,geom_model_gaussian2_phase,geom_model_gaussian2_phase_error,geom_model_gaussian2_sigma,geom_model_gaussian2_sigma_error,geom_model_gaussian2_depth,geom_model_gaussian2_depth_error,geom_model_cosine_half_period_amplitude,geom_model_cosine_half_period_amplitude_error,geom_model_cosine_half_period_phase,geom_model_cosine_half_period_phase_error,model_type,num_model_parameters,reduced_chi2,derived_primary_ecl_phase,derived_primary_ecl_phase_error,derived_primary_ecl_duration,derived_primary_ecl_duration_error,derived_primary_ecl_depth,derived_primary_ecl_depth_error,derived_secondary_ecl_phase,derived_secondary_ecl_phase_error,derived_secondary_ecl_duration,derived_secondary_ecl_duration_error,derived_secondary_ecl_depth,derived_secondary_ecl_depth_error
[from data line 354]
375316653866487564,2899390726267386368,0.429563,2210.8968766059916,3.916139887085131,7.690047E-6,16.179403,0.004633366,0.3623053,0.019364841,0.046755377,0.010965369,0.042352438,0.009963639,0.74990624,8.347085E-4,0.0099917045,0.0011314341,0.7092419,0.30598596,null,null,null,null,"TWOGAUSSIANS",8,19.304848,0.74990624,8.347085E-4,0.055953544,0.006336031,0.7092419,0.30598596,0.3623053,0.019364841,0.26183012,0.06140607,0.042352438,0.009963639
375316653866487564,2899395811508585600,0.52711326,2197.3743902900637,3.322609584450403,1.20771765E-5,14.9912815,0.009348496,0.2835173,0.0057839127,0.104884095,0.010036746,0.15510957,0.012053288,0.7687562,0.002725562,0.09298911,0.007058504,0.14904882,0.008738588,null,null,null,null,"TWOGAUSSIANS",8,47.839813,0.2835173,0.0057839127,0.4,0.0,0.14480264,0.01200504,0.7687562,0.002725562,0.4,0.0,0.1387461,0.0045588096
375316653866487564,2899397941812332032,0.5280909,2210.550620639263,1.4660820998945931,1.3993119E-5,11.822242,0.012535934,0.24001646,0.0031247998,0.15946727,0.009631647,0.27889544,0.047756374,0.74245256,0.002071833,0.2914308,0.017093891,0.54927886,0.011796,null,null,null,null,"TWOGAUSSIANS",8,73.093605,0.74319255,0.0021311068,0.4,0.0,0.0787796,0.0019300417,0.23731646,0.00409529,0.4,0.0,0.053430818,0.0012913642
375316653866487564,2899407665618508544,0.60780954,2221.108911468181,3.539812184123331,9.014038E-6,17.204561,0.01018347,0.20077331,0.0017123822,0.049363818,0.0037441938,0.25215963,0.0269885,0.7044125,0.0040534814,0.056843594,0.0045201643,0.37575305,0.032682214,0.095446356,0.012794267,0.20077331,0.0017123822,"TWOGAUSSIANS_WITH_ELLIPSOIDAL_ON_ECLIPSE1",9,13.225624,0.7044125,0.0040534814,0.31832412,0.025312921,0.56652707,0.0276785,0.20077331,0.0017123822,0.27643737,0.020967485,0.44303346,0.0155143365
375316653866487564,2899418003602372736,0.58890724,2220.4454224991973,3.5425583231218623,6.098545E-6,18.925323,0.009424491,0.24600296,0.0013777243,0.047725163,0.0036717278,0.3563619,0.022332717,0.74427783,0.013678102,0.033612307,0.007921576,0.24633531,0.064969026,0.12014695,0.01353147,0.24600296,0.0013777243,"TWOGAUSSIANS_WITH_ELLIPSOIDAL_ON_ECLIPSE1",9,4.154961,0.24600296,0.0013777243,0.2672609,0.020561676,0.59665537,0.017537793,0.74441785,0.013254837,0.18822892,0.044360824,0.48660284,0.05989098
375316653866487564,2899437730389222144,0.54055667,2239.9158802265956,0.7150410639637595,8.083187E-6,15.74812,0.0019138793,0.17350465,0.0011882017,0.012999049,0.002941699,0.27054375,0.07316617,0.6726079,8.995679E-4,0.012244596,0.0016785908,0.35651794,0.1491279,0.0050707017,0.003035232,0.17350465,0.0011882017,"TWOGAUSSIANS_WITH_ELLIPSOIDAL_ON_ECLIPSE1",9,36.92901,0.6726079,8.995679E-4,0.068569735,0.009400109,0.36665902,0.15024646,0.17350465,0.0011882017,0.072794676,0.016473515,0.28068516,0.073622875
375316653866487564,2899440101208953600,0.4562428,2181.7491732180683,0.3029860029338809,2.1881502E-5,14.986434,0.0030780612,0.28963628,0.03338608,0.06531536,0.020526536,0.13178158,0.03759972,0.60113317,0.00367851,0.018508114,0.0041474137,0.29880697,0.02918167,null,null,null,null,"TWOGAUSSIANS",8,42.75961,0.60113317,0.00367851,0.10364544,0.023225516,0.2988085,0.029181518,0.28963628,0.03338608,0.36576602,0.11237772,0.13178158,0.03759972
375316653866487564,2899448588066712064,0.53341854,2180.2913712793634,3.7785521565637663,1.1106745E-5,19.511429,0.007789001,0.2624052,0.0027999328,0.07223475,0.003822876,0.5371924,0.02801503,0.7620362,0.0049052397,0.073013246,0.004949814,0.47560406,0.02320418,null,null,null,null,"TWOGAUSSIANS",8,2.7884846,0.2624052,0.0027999328,0.4,0.005336631,0.53451645,0.028480865,0.7620362,0.0049052397,0.4,0.0058160243,0.4729281,0.023472747
375316653866487564,2899454562363817856,0.48697063,2191.5133731694978,4.07808127482732,2.832227E-5,17.342867,0.02757716,0.23942114,0.01112334,0.097754434,0.026306251,0.18524162,0.022120405,0.7178457,0.0109788,0.093759626,0.026071645,0.13806678,0.024450392,null,null,null,null,"TWOGAUSSIANS",8,14.849979,0.23942114,0.011130324,0.4,0.0,0.17738877,0.02349725,0.7178457,0.0109788,0.4,0.0,0.13021488,0.0116706425
375316653866487564,2899457208064285952,0.523417,2164.8906462797704,2.0323748533306656,2.6346768E-5,19.791538,0.0056270557,0.14507803,0.008869267,0.009439268,0.006306996,0.88799626,0.39864835,0.4420471,0.008215748,0.014037466,0.009961018,0.3659992,22.632198,null,null,null,null,"TWOGAUSSIANS",8,1.8378292,0.14507803,0.008869267,0.052859902,0.03531918,0.88799626,0.39864835,0.4420471,0.008215748,0.07860981,0.055781703,0.3659992,22.632198
375316653866487564,2899461576047594752,0.5543638,2217.533482329406,2.62742127783989,9.51058E-6,13.935736,0.009517105,0.24535596,0.0021636398,0.06380898,0.015869906,0.043154817,0.02185194,0.71770823,0.009255168,0.047281887,0.018385027,0.05383671,0.020040536,0.09398395,0.01165776,0.24535596,0.0021636398,"TWOGAUSSIANS_WITH_ELLIPSOIDAL_ON_ECLIPSE1",9,178.03763,0.7283682,0.0051848604,0.26477858,0.102956146,0.23829964,0.011297295,0.24535596,0.0021636398,0.35733026,0.084992826,0.23110215,0.0070072683
375316653866487564,2899471570435222912,0.44093174,2200.9755828374505,0.043599616075022864,1.4142219E-5,19.369999,0.009979435,0.20521711,0.0043441653,0.012726199,0.0059852437,0.16007923,0.02504716,0.77110714,0.0026549436,0.022664543,0.004697667,0.20784174,0.049868256,0.06414386,0.012980763,0.77110714,0.0026549436,"TWOGAUSSIANS_WITH_ELLIPSOIDAL_ON_ECLIPSE2",9,6.9919906,0.77110714,0.0026549436,0.12692145,0.026306935,0.3361294,0.055937268,0.2058171,0.00519073,0.07126672,0.033517364,0.267784,0.013427994
375316653866487564,2899488166187856640,0.5714634,2197.799823898141,3.1822923540842183,7.978356E-6,18.46097,0.009611369,0.22699305,0.002436181,0.04300233,0.005435942,0.30151623,0.032220997,0.7215843,0.0029526856,0.05159811,0.0062010353,0.30697802,0.025909893,0.10217903,0.012335368,0.22699305,0.002436181,"TWOGAUSSIANS_WITH_ELLIPSOIDAL_ON_ECLIPSE1",9,5.350591,0.7222443,0.002557301,0.28894943,0.0347258,0.5111276,0.019370668,0.22699305,0.002436181,0.24081306,0.030441275,0.5058728,0.032452796
375316653866487564,2899493290086214400,0.62730587,2216.209498610913,2.2038695733179314,4.094641E-6,14.344335,0.003521727,0.27642578,0.0018187397,0.095390506,0.002849391,0.3156195,0.0065233484,0.7780536,7.4374274E-4,0.085950494,0.0012195617,0.3497967,0.0037029323,null,null,null,null,"TWOGAUSSIANS",8,31.172562,0.7780536,7.4374274E-4,0.4,0.0,0.33538195,0.0025521764,0.27642578,0.0018187397,0.4,0.0,0.30120412,0.0074648974
375316653866487564,2899511260229450624,0.5487108,2199.1689967379452,2.7412996933488993,9.513531E-6,16.329647,0.0069203647,0.23093534,0.003854139,0.08186991,0.0053803576,0.24946828,0.009679701,0.7320306,0.0036662314,0.09592331,0.004652495,0.24651048,0.009199182,null,null,null,null,"TWOGAUSSIANS",8,30.955956,0.23093534,0.003854139,0.4,0.0,0.24016257,0.009993802,0.7320306,0.0036662314,0.4,0.0,0.23720413,0.008114296
375316653866487564,2899513935991811328,0.5365272,2223.648797833478,1.5402506007919994,2.1565105E-5,18.505552,0.008213351,0.2263081,0.0022099216,0.031042192,0.005617687,0.25796607,0.05942142,0.72707987,0.018625863,0.028500339,0.018260974,0.66302246,1.213075,0.024067113,0.011594405,0.2263081,0.0022099216,"TWOGAUSSIANS_WITH_ELLIPSOIDAL_ON_ECLIPSE1",9,5.2404695,0.72707987,0.018607141,0.1596019,0.102261454,0.71115553,1.2272929,0.2263081,0.0022099216,0.17383628,0.03145905,0.30610022,0.06311277
375316653866487564,2899513940289056640,0.5901853,2221.0990479443176,3.5757253186327604,8.822133E-6,15.921799,0.08977457,0.28731295,0.0041528265,0.056863062,0.030208297,0.12530191,0.17026083,0.7793776,0.0029646796,0.054360528,0.034785353,0.1633591,0.1333378,0.082945205,0.082853846,0.28731295,0.0041528265,"TWOGAUSSIANS_WITH_ELLIPSOIDAL_ON_ECLIPSE1",9,26.264656,0.7808976,0.0024509907,0.30441895,0.10741492,0.32890582,0.040246848,0.28731295,0.0041528265,0.31843314,0.10281633,0.2911819,0.007824618
375316653866487564,2899515069863236224,0.52275485,2218.5642647875043,4.027024586479438,6.488469E-6,18.68063,0.021770792,0.21927509,0.003775947,0.103346124,0.011158577,0.2769381,0.018259892,0.70705146,0.0020544734,0.10092247,0.0068135737,0.33164757,0.019545471,null,null,null,null,"TWOGAUSSIANS",8,2.0541973,0.70705146,0.0020544734,0.4,0.0,0.30557898,0.009704236,0.21927509,0.0037793815,0.4,0.0,0.25086784,0.014548229
375316653866487564,2899521224551455616,0.52146524,2219.0286732667014,2.9898283529356076,4.3067757E-5,13.098149,0.0033107458,0.19393508,0.0018238096,0.010666013,0.0012782977,0.35680145,0.056662597,0.69178194,0.0030589919,0.020554466,0.004040475,0.2409677,0.13117643,null,null,null,null,"TWOGAUSSIANS",8,106.873825,0.19393508,0.0018238096,0.059729673,0.007158467,0.35680145,0.056662597,0.69178194,0.0030589919,0.11510501,0.022626659,0.2409677,0.13117643
375316653866487564,2899525790102082944,0.5218832,2177.976675657408,3.691799087317738,1.1485719E-5,19.268032,0.016641214,0.1431733,0.0025036214,0.06936483,0.00560729,0.43609804,0.017752774,0.6475386,0.0023651815,0.069386095,0.0039658835,0.3942085,0.015902402,null,null,null,null,"TWOGAUSSIANS",8,3.240832,0.1431733,0.0025036214,0.38844305,0.020165937,0.43497768,0.017416423,0.6475386,0.0023651815,0.38856214,0.020988455,0.39308813,0.015046275
375316653866487564,2899528027781559808,0.56945103,2206.443556549128,3.0032243314921954,9.116949E-6,15.681343,0.005838235,0.28005028,0.0060728933,0.03404472,0.0047012973,0.13434988,0.030267714,0.79224825,0.0020580296,0.04181608,0.0056983167,0.1890301,0.026063785,0.13229173,0.010091143,0.79224825,0.0020580296,"TWOGAUSSIANS_WITH_ELLIPSOIDAL_ON_ECLIPSE2",9,79.39134,0.79224825,0.0020580296,0.23417005,0.031910576,0.4536131,0.026519643,0.28191027,0.00529519,0.19065043,0.026327265,0.39761776,0.026087606
375316653866487564,2899536750858604416,0.58150506,2203.682304473965,3.968840040507549,6.2172307E-6,18.51099,0.0051511102,0.2725811,0.0055342917,0.06962809,0.0049221967,0.4454342,0.009423496,0.76476073,0.003922018,0.07219025,0.0034685032,0.48214075,0.008588224,null,null,null,null,"TWOGAUSSIANS",8,3.4469879,0.76476073,0.003922018,0.4,0.0012047911,0.4806166,0.008435841,0.2725811,0.0055342917,0.38991728,0.0275643,0.44391006,0.009053811
375316653866487564,2899540191128875392,0.47008058,2196.7068446521093,0.7675779542895705,1.202E-5,17.55508,0.0054935385,0.49635288,0.068393685,0.06522241,0.071430944,0.04296742,0.05390061,0.83146185,0.0076782564,0.006238936,0.0028276583,1.8116115,1.6652893,0.020033943,0.014696318,0.83146185,0.0076782564,"TWOGAUSSIANS_WITH_ELLIPSOIDAL_ON_ECLIPSE2",9,48.949825,0.83146185,0.0076782564,0.03493804,0.015834887,1.8516792,1.6633577,0.46961287,0.04325201,0.36524552,0.39380574,0.05624185,0.053899217
375316653866487564,2899552453257649152,0.59483105,2188.892641295691,3.092839174180195,7.434132E-6,17.19906,0.01511008,0.25171825,0.001660145,0.05372176,0.007391986,0.1341095,0.030164653,0.75547004,0.004867669,0.06360344,0.0076875933,0.20671684,0.03001897,0.08868319,0.016609298,0.25171825,0.001660145,"TWOGAUSSIANS_WITH_ELLIPSOIDAL_ON_ECLIPSE1",9,7.889758,0.75547004,0.004867669,0.35617927,0.043050524,0.38391033,0.011600168,0.25171825,0.001660145,0.30084187,0.04139512,0.31140152,0.0064199083
375316653866487564,2899561562885974784,0.6938415,2217.312766511838,0.37821396175366123,2.8757555E-5,15.661347,5.9519376E-4,0.18374856,1.0578178E-5,0.01070552,3.1199605E-5,0.5223504,0.0024416605,0.6951526,1.0625369E-5,0.016265674,7.444636E-5,0.5020744,1.4537692E-4,null,null,null,null,"TWOGAUSSIANS",8,4.6841373,0.18374856,1.0578178E-5,0.059950914,1.7471777E-4,0.5223504,0.0024416605,0.6951526,1.0625369E-5,0.09108777,4.1689962E-4,0.5020744,1.4537692E-4
375316653866487564,2899571836447775872,0.70179534,2193.818848250188,0.12158238475660225,1.874098E-6,10.206263,3.0911903E-4,0.895372,0.057709515,0.0065168594,0.033305004,0.0038715103,0.0018864534,0.8104573,2.2259046E-6,0.004353844,1.2351578E-5,0.768865,3.5786087E-4,null,null,null,null,"TWOGAUSSIANS",8,6.3312454,0.8104573,2.2259046E-6,0.024381528,6.916884E-5,0.768865,0.0016867474,0.895372,0.057709515,0.03649441,0.18650803,0.0038715103,0.00188645
375316653866487564,2899573210837288576,0.53207797,2203.1446875697693,3.6324316084102826,1.2491883E-5,16.97689,0.0040151556,0.26132324,0.005801228,0.066871285,0.0054166866,0.1345993,0.005548069,0.7577568,0.0034081866,0.078428224,0.0037325558,0.16196501,0.0070072906,null,null,null,null,"TWOGAUSSIANS",8,8.581627,0.7577568,0.0034081866,0.4,0.0,0.16123404,0.0069377664,0.26132324,0.005801228,0.3744792,0.030333444,0.13386832,0.005374132
375316653866487564,2899574825744984448,0.46205354,2207.290274762631,0.20112241979332363,2.0275933E-5,13.086536,0.0016939358,0.3832616,0.04080375,0.04111001,0.020749893,0.008193977,0.009144428,0.782184,0.0014808602,0.004408089,0.0021794608,0.20855325,0.1328365,0.019758448,0.002800299,0.782184,0.0014808602,"TWOGAUSSIANS_WITH_ELLIPSOIDAL_ON_ECLIPSE2",9,49.026676,0.782184,0.0014808602,0.024685299,0.0122049805,0.24807012,0.13338552,0.29725158,0.114511944,0.23021606,0.116199404,0.040082034,0.0037113118
375316653866487564,2899577402725374208,0.46555758,2203.622549552511,0.022457041750436314,1.4002931E-5,14.076215,0.0043048654,0.23036946,2.3539331E-4,0.0019618385,2.87552E-4,0.4319338,0.08903102,0.4446364,5.871544E-4,0.0021804834,8.504161E-4,0.19160585,0.16906686,null,null,null,null,"TWOGAUSSIANS",8,999.36664,0.23036946,2.3539331E-4,0.0109862955,0.0016102912,0.4319338,0.08903102,0.4446364,5.871544E-4,0.012210706,0.00476233,0.19160585,0.16906686
375316653866487564,2899578536596742656,0.5607509,2188.4365139549222,2.9490735743515377,7.921401E-6,13.935948,0.012955593,0.24372885,0.0032390654,0.05194158,0.007286051,0.26390925,0.059895247,0.7504699,0.0026371311,0.052298028,0.007576109,0.17753737,0.029507032,0.0876957,0.018494727,0.7504699,0.0026371311,"TWOGAUSSIANS_WITH_ELLIPSOIDAL_ON_ECLIPSE2",9,284.88818,0.24456885,0.0029256637,0.29087284,0.040801883,0.4390219,0.054405563,0.7504699,0.0026371311,0.29286894,0.04242621,0.3529255,0.011125266
375316653866487564,2899585163728356096,0.5659093,2199.787888978256,4.969255752761507,9.838224E-6,19.372911,0.0077395444,0.2524088,0.0031657843,0.034219146,0.008143807,0.21565777,0.028119514,0.753587,0.008465792,0.039700773,0.006816482,0.4653558,0.05907422,0.12603639,0.0112717,0.2524088,0.0031657843,"TWOGAUSSIANS_WITH_ELLIPSOIDAL_ON_ECLIPSE1",9,2.513419,0.753587,0.008434864,0.22232433,0.0381723,0.7174147,0.06430318,0.2524088,0.0031657843,0.1916272,0.045605317,0.46773043,0.034109984
375316653866487564,2899587259672862080,0.5260342,2222.459474671497,3.9104861155078163,1.2007387E-5,18.589779,0.019429883,0.2516741,0.0022100757,0.09581882,0.0064459485,0.37651753,0.022524213,0.74200076,0.0051530385,0.09917301,0.0073103793,0.43796512,0.021176405,null,null,null,null,"TWOGAUSSIANS",8,6.302912,0.74200076,0.0051530385,0.4,0.0,0.4112692,0.01594161,0.2516741,0.0022080445,0.4,0.0,0.3498235,0.020730404
375316653866487564,2899598632745868160,0.53815943,2204.543394122388,3.849403465026165,8.338612E-6,19.02068,0.016737327,0.2532644,0.0033692932,0.080277935,0.0074817054,0.44692323,0.035313185,0.74674886,0.0026424096,0.08704715,0.0059446264,0.3763261,0.018370543,null,null,null,null,"TWOGAUSSIANS",8,2.9836545,0.2532644,0.0033692932,0.4,0.0,0.43857056,0.038086507,0.74674886,0.0026424096,0.4,0.0,0.3679734,0.016325634
375316653866487564,2899601969938275712,0.6523754,2253.488012039552,0.3029365723894728,2.5763775E-6,15.151619,0.0028848038,0.32027933,0.00606564,0.026540251,0.0023515525,1.8466445,0.2970785,0.81856704,0.017474463,0.02611838,0.016849991,0.1314917,0.027845332,0.015280399,0.005679847,0.32027933,0.00606564,"TWOGAUSSIANS_WITH_ELLIPSOIDAL_ON_ECLIPSE1",9,55.043156,0.32027933,0.00606564,0.1486254,0.013168694,1.8772053,0.2920811,0.81858706,0.017442944,0.14626293,0.09435995,0.16204895,0.027262554
