Gaia/vari_eclipsing_binary/VariEclipsingBinary_471729-471754.csv
# %ECSV 1.0
# ---
# delimiter: ','
# meta: !!omap
# - RELEASE: Gaia DR3
# - TABLE: vari_eclipsing_binary
# - DESCRIPTION: >
#     This table describes the properties of the eclipsing binaries resulting from the variability analysis. 
# - CITATION: >
#     How to cite and acknowledge Gaia: 
#     https://gea.esac.esa.int/archive/documentation/credits.html 
# - KNOWN_ISSUES: >
#     Known issues: 
#     https://www.cosmos.esa.int/web/gaia-users/known-issues 
# - DOCUMENTATION: >
#     Tutorials and documentation: 
#     https://www.cosmos.esa.int/web/gaia-users/archive 
# datatype:
# - 
#   name: solution_id
#   datatype: int64
#   description: Solution Identifier
#   meta:
#     ucd: meta.version
# - 
#   name: source_id
#   datatype: int64
#   description: Unique source identifier
#   meta:
#     ucd: meta.id;meta.main
# - 
#   name: global_ranking
#   datatype: float32
#   description: Number between 0 (worst) and 1 (best)
#   meta:
#     ucd: stat.param
# - 
#   name: reference_time
#   datatype: float64
#   unit: d
#   description: Reference time used for the geometric model fit
#   meta:
#     ucd: time.epoch
# - 
#   name: frequency
#   datatype: float64
#   unit: d**-1
#   description: Frequency of geometric model of the eclipsing binary light curve
#   meta:
#     ucd: src.orbital
# - 
#   name: frequency_error
#   datatype: float32
#   unit: d**-1
#   description: "Uncertainty of \\texttt{frequency}"
#   meta:
#     ucd: stat.error
# - 
#   name: geom_model_reference_level
#   datatype: float32
#   unit: mag
#   description: Magnitude reference level of geometric model
#   meta:
#     ucd: phot.mag;em.opt
# - 
#   name: geom_model_reference_level_error
#   datatype: float32
#   unit: mag
#   description: "Uncertainty of \\texttt{geomModelReferenceLevel}"
#   meta:
#     ucd: stat.error;phot.mag;em.opt
# - 
#   name: geom_model_gaussian1_phase
#   datatype: float32
#   description: Phase of the Gaussian 1 component
#   meta:
#     ucd: time.phase
# - 
#   name: geom_model_gaussian1_phase_error
#   datatype: float32
#   description: "Uncertainty of \\texttt{geomModelGaussian1Phase}"
#   meta:
#     ucd: stat.error;time.phase
# - 
#   name: geom_model_gaussian1_sigma
#   datatype: float32
#   description: "Standard deviation [phase] of Gaussian 1 component"
#   meta:
#     ucd: stat.stdev
# - 
#   name: geom_model_gaussian1_sigma_error
#   datatype: float32
#   description: "Uncertainty of \\texttt{geomModelGaussian1Sigma}"
#   meta:
#     ucd: stat.error
# - 
#   name: geom_model_gaussian1_depth
#   datatype: float32
#   unit: mag
#   description: Magnitude depth of Gaussian 1 component
#   meta:
#     ucd: src.var.amplitude
# - 
#   name: geom_model_gaussian1_depth_error
#   datatype: float32
#   unit: mag
#   description: "Uncertainty of \\texttt{geomModelGaussian1Depth}"
#   meta:
#     ucd: stat.error;src.var.amplitude
# - 
#   name: geom_model_gaussian2_phase
#   datatype: float32
#   description: Phase of Gaussian 2 component
#   meta:
#     ucd: time.phase
# - 
#   name: geom_model_gaussian2_phase_error
#   datatype: float32
#   description: "Uncertainty of \\texttt{geomModelGaussian2Phase}"
#   meta:
#     ucd: stat.error;time.phase
# - 
#   name: geom_model_gaussian2_sigma
#   datatype: float32
[...]
#   datatype: float32
#   description: "Secondary eclipse: uncertainty of \\texttt{derivedSecondaryEclDuration}"
#   meta:
#     ucd: stat.error;time.duration
# - 
#   name: derived_secondary_ecl_depth
#   datatype: float32
#   unit: mag
#   description: "Secondary eclipse: depth"
#   meta:
#     ucd: src.var.amplitude
# - 
#   name: derived_secondary_ecl_depth_error
#   datatype: float32
#   unit: mag
#   description: "Secondary eclipse: uncertainty of \\texttt{derivedSecondaryEclDepth}"
#   meta:
#     ucd: stat.error;src.var.amplitude
solution_id,source_id,global_ranking,reference_time,frequency,frequency_error,geom_model_reference_level,geom_model_reference_level_error,geom_model_gaussian1_phase,geom_model_gaussian1_phase_error,geom_model_gaussian1_sigma,geom_model_gaussian1_sigma_error,geom_model_gaussian1_depth,geom_model_gaussian1_depth_error,geom_model_gaussian2_phase,geom_model_gaussian2_phase_error,geom_model_gaussian2_sigma,geom_model_gaussian2_sigma_error,geom_model_gaussian2_depth,geom_model_gaussian2_depth_error,geom_model_cosine_half_period_amplitude,geom_model_cosine_half_period_amplitude_error,geom_model_cosine_half_period_phase,geom_model_cosine_half_period_phase_error,model_type,num_model_parameters,reduced_chi2,derived_primary_ecl_phase,derived_primary_ecl_phase_error,derived_primary_ecl_duration,derived_primary_ecl_duration_error,derived_primary_ecl_depth,derived_primary_ecl_depth_error,derived_secondary_ecl_phase,derived_secondary_ecl_phase_error,derived_secondary_ecl_duration,derived_secondary_ecl_duration_error,derived_secondary_ecl_depth,derived_secondary_ecl_depth_error
[from data line 520]
375316653866487564,4149580183444788480,0.47780123,2401.8450326483808,2.1186999560498245,2.8876893E-5,19.407269,0.054633304,0.27191466,0.004435075,0.102621675,0.014536395,0.34203234,0.05015512,0.77170193,0.007908776,0.11699058,0.023889622,0.33584526,0.046671987,null,null,null,null,"TWOGAUSSIANS",8,3.1009057,0.27191466,0.004435287,0.4,0.0,0.2916257,0.023350153,0.77170193,0.007908776,0.4,0.0,0.28537083,0.020910548
375316653866487564,4149580664484875136,0.52048826,2398.4146661105556,2.3451298150554365,4.119228E-5,18.626183,0.04074929,0.30146167,0.0040484224,0.11142409,0.012051607,0.36113912,0.03911006,0.7884915,0.011294228,0.09956571,0.018764552,0.34282923,0.03857691,null,null,null,null,"TWOGAUSSIANS",8,5.8501015,0.30146167,0.0040338654,0.4,0.0,0.32451862,0.011573241,0.7884915,0.011294228,0.4,0.0,0.30624065,0.021214744
375316653866487564,4149580969408980096,0.5982295,2426.9835536054366,2.052791279911795,6.085128E-6,18.1595,0.006976198,0.30522838,0.0031583202,0.091738045,0.004980078,0.33682626,0.0064779897,0.8055533,0.00195349,0.08397501,0.004290094,0.22808278,0.006182973,null,null,null,null,"TWOGAUSSIANS",8,1.8852339,0.30522838,0.0031583202,0.4,0.0,0.3271469,0.004991365,0.8055533,0.00195349,0.4,0.0,0.21840362,0.0052115736
375316653866487564,4149581317324758400,0.51234215,2395.5582373833968,3.4320945796551814,2.4698236E-5,19.847935,0.017095895,0.2552268,0.010018496,0.074219674,0.013194927,0.51848835,0.022781283,0.75969875,0.00829981,0.07551502,0.0087558385,0.5229013,0.097622916,null,null,null,null,"TWOGAUSSIANS",8,3.1053896,0.75969875,0.00829981,0.4,0.008537749,0.5193302,0.09856812,0.2552268,0.010018496,0.4,0.00163788,0.51491725,0.022773517
375316653866487564,4149581897116232192,0.621884,2400.6251162822186,1.7812418611644787,4.327224E-6,16.524292,0.00305835,0.19088389,0.005179314,0.066461876,0.006342967,0.07589173,0.0036841205,0.6890026,0.0012165155,0.05734071,0.0018289073,0.26735273,0.00556291,null,null,null,null,"TWOGAUSSIANS",8,3.6082418,0.6890026,0.0012165155,0.32110798,0.010241881,0.26728064,0.005553331,0.19088389,0.005179314,0.37218648,0.035520617,0.07581964,0.003672692
375316653866487564,4149582481237232512,0.5673524,2412.6618790861626,2.76848724879475,1.1904239E-5,17.56523,0.0015642296,0.45166996,0.0052245157,0.027761295,0.007072604,0.035674892,0.013793757,0.6937847,7.600648E-5,0.0072119194,1.1420168E-4,0.27240425,0.0018075998,null,null,null,null,"TWOGAUSSIANS",8,1.88341,0.6937847,7.600648E-5,0.040386748,6.395294E-4,0.27240425,0.0018075998,0.45166996,0.0052245157,0.15546326,0.039606582,0.035674892,0.013793757
375316653866487564,4149582481237237504,0.6148938,2418.9818095480264,2.2816808379461055,6.936913E-6,16.701324,0.008362252,0.1847695,0.0014100017,0.051096883,0.0027820126,0.42963627,0.02969774,0.6793141,0.001536604,0.04438527,0.002364649,0.43971068,0.023959236,0.12870662,0.017130306,0.1847695,0.0014100017,"TWOGAUSSIANS_WITH_ELLIPSOIDAL_ON_ECLIPSE1",9,36.514614,0.6797741,0.0013788774,0.24855751,0.013242034,0.69684374,0.016460452,0.1847695,0.0014100017,0.28614256,0.01557927,0.68704647,0.024233498
375316653866487564,4149583138408784640,0.5447896,2406.252214911354,1.2963794215380102,6.355122E-6,14.762542,0.31782505,0.21598881,0.0027339335,0.19861235,0.13534418,0.18181363,0.31547275,0.7071691,0.0070937346,0.12929294,0.028099144,0.16532716,0.14412159,null,null,null,null,"TWOGAUSSIANS",8,10.38978,0.21629882,0.002259805,0.4,0.0,0.07991663,0.0025790588,0.7071691,0.0070937346,0.4,0.0,0.07860787,0.0035007389
375316653866487564,4149583512023921792,0.46315137,2318.5441463087272,0.5510509410844762,4.144122E-5,17.351343,0.004200679,0.15870318,0.0015245184,0.020909108,0.007829022,0.10155431,0.038704112,0.70820975,0.0046171984,0.03539451,0.005910992,0.07510711,0.012697711,null,null,null,null,"TWOGAUSSIANS",8,9.847209,0.15870318,0.0015245184,0.11709101,0.04384252,0.10155431,0.038704112,0.70820975,0.0046171984,0.19820924,0.03310156,0.07510711,0.012697711
375316653866487564,4149583512024452480,0.55723953,2289.3150543503903,1.4519388620583824,6.8144636E-6,17.921478,0.03311986,0.26648524,0.004547488,0.11557334,0.014994396,0.22513741,0.032435454,0.7664597,0.001455374,0.09978939,0.008994126,0.28599548,0.030309193,null,null,null,null,"TWOGAUSSIANS",8,2.2978241,0.7664597,0.0014585259,0.4,0.0,0.25230032,0.008032538,0.26648524,0.004547488,0.4,0.0,0.19140546,0.015239032
375316653866487564,4149583825577793152,0.56193846,2306.8720422056294,2.517035272739958,6.1602614E-6,19.458824,0.016321365,0.25760293,0.0015884504,0.070891574,0.002738314,0.5631706,0.023284385,0.7478161,0.004658886,0.08052944,0.006439353,0.4718294,0.044696975,null,null,null,null,"TWOGAUSSIANS",8,1.9295611,0.25760293,0.0015884504,0.3969928,0.0128377415,0.55963737,0.022348657,0.7478161,0.004658886,0.4,0.0,0.46829614,0.045463394
375316653866487564,4149584581492421248,0.5117919,2361.1090621975136,3.2006227973292547,4.3878797E-5,19.38885,0.82577634,0.26183406,0.006325762,0.12085682,0.03814564,0.85649747,0.6402956,0.76030314,0.0075688027,0.1798956,0.1026298,0.8675099,0.821048,null,null,null,null,"TWOGAUSSIANS",8,3.342862,0.26206407,0.006068295,0.4,0.0,0.47518486,0.028947046,0.76030314,0.0075688027,0.4,0.0,0.45005476,0.030218996
375316653866487564,4149586162040010752,0.50473857,2264.104261559298,2.698329558845312,2.4729316E-5,19.269781,0.186246,0.24357034,0.008510695,0.14165498,0.040969443,0.44458768,0.18120119,0.7474044,0.0059429156,0.1263394,0.028568897,0.48169994,0.18054123,null,null,null,null,"TWOGAUSSIANS",8,3.1574943,0.7475344,0.0060155634,0.4,0.0,0.32628167,0.02263302,0.24351035,0.008506136,0.4,0.0,0.28779477,0.018557731
375316653866487564,4149587124112944768,0.50856596,2284.0159512550913,0.48491666186311966,1.4391457E-5,18.57509,0.0038756363,0.18885833,0.006834982,0.019195052,0.0029101616,0.2865037,0.067805655,0.67361534,1.91831E-4,0.0036332386,3.702627E-4,0.070100695,0.0015386884,null,null,null,null,"TWOGAUSSIANS",8,3.275514,0.18885833,0.006834982,0.10749229,0.016296906,0.2865037,0.067805655,0.67361534,1.91831E-4,0.020346137,0.002073471,0.070100695,0.0015386884
375316653866487564,4149587600837351808,0.55767226,2297.7801462954694,2.6811253935697237,1.0343504E-5,17.744492,0.010866,0.22676232,0.0028751558,0.08347646,0.00525104,0.2611413,0.014260099,0.7221043,0.002985312,0.09293238,0.0059346566,0.28014398,0.0129269855,null,null,null,null,"TWOGAUSSIANS",8,4.9903507,0.7221043,0.002985312,0.4,0.0,0.27110168,0.012301384,0.22676232,0.0028751558,0.4,0.0,0.25209934,0.013253656
375316653866487564,4149587639509285888,0.4766475,2269.9508779771486,2.5430736469567887,3.281701E-5,19.318056,0.026186584,0.22891544,0.016108578,0.09564817,0.020238828,0.20498905,0.03243193,0.7082585,0.004532374,0.082055874,0.012061111,0.2275054,0.023942707,null,null,null,null,"TWOGAUSSIANS",8,2.234876,0.7082585,0.004532374,0.4,0.0,0.22164688,0.019555181,0.22891544,0.016108578,0.4,0.0,0.19912975,0.022474874
375316653866487564,4149587776948420480,0.5061206,2310.60507179357,2.034466052556297,2.0304997E-5,18.70034,0.009246238,0.25326526,0.003088811,0.062206715,0.0068748654,0.56314623,0.03196853,0.7490737,0.007411914,0.06498797,0.0073328363,0.5513853,0.086521074,null,null,null,null,"TWOGAUSSIANS",8,14.901664,0.25326526,0.003088811,0.34835762,0.038499247,0.5627148,0.032328323,0.7490737,0.007411914,0.36393264,0.041063882,0.5509539,0.086746894
375316653866487564,4149587811332592000,0.6041374,2331.6095689233234,3.4034583809079075,9.6710355E-6,16.775047,0.0024783688,0.24332508,0.0033246498,0.07805202,0.0028734428,0.16580541,0.004664673,0.737386,0.0028925352,0.07688533,0.004359627,0.14271943,0.0034683058,null,null,null,null,"TWOGAUSSIANS",8,2.7852416,0.24332508,0.0033246498,0.4,0.0,0.16431685,0.0045359237,0.737386,0.0028925352,0.4,0.0,0.14123087,0.0034458456
375316653866487564,4149588013150240640,0.45922524,2344.974771791889,1.1882855904460248,7.3224466E-5,17.957989,0.003296862,0.23465422,0.0053331247,0.048783742,0.0067228,0.05197127,0.009362251,0.73063433,0.0022967623,0.030723596,0.011449578,0.08051672,0.017701011,null,null,null,null,"TWOGAUSSIANS",8,2.280927,0.73063433,0.0022967623,0.17205213,0.06411764,0.08051672,0.017701024,0.23465422,0.0053331247,0.27318895,0.03764768,0.05197127,0.00936225
375316653866487564,4149588047522630144,0.49762785,2309.1040128291656,3.5637749980135145,2.2207434E-5,18.806398,0.008762251,0.24656221,0.011201013,0.07983001,0.0113590015,0.27241796,0.043251622,0.77425885,0.0052183983,0.07573979,0.0065021473,0.23077527,0.010851051,null,null,null,null,"TWOGAUSSIANS",8,5.265413,0.24656221,0.011201013,0.4,0.0,0.27082378,0.043909702,0.77425885,0.0052183983,0.4,0.0,0.2291811,0.010785796
375316653866487564,4149589250100868224,0.5566718,2339.88617834211,0.5220768779951646,1.1815635E-5,18.730793,0.0048129642,0.7103603,0.0042675906,0.029743744,0.0026351323,0.5557731,0.089858115,null,null,null,null,null,null,0.04954915,0.008214128,0.7103603,0.0042675906,"ONEGAUSSIAN_WITH_ELLIPSOIDAL",6,4.3639894,0.7103603,0.0042675906,0.16656497,0.01475674,0.65487134,0.09114232,null,null,null,null,null,null
375316653866487564,4149589426216104320,0.47301877,2358.0860871857553,2.807363725207016,5.7152483E-5,19.51596,0.07425303,0.27620724,0.0171515,0.11685346,0.049407892,0.21722704,0.06376124,0.7616396,0.009523662,0.095774144,0.03293985,0.20728123,0.06951766,null,null,null,null,"TWOGAUSSIANS",8,3.4325974,0.27620724,0.017154593,0.4,0.0,0.19459932,0.046075728,0.7616396,0.009523662,0.4,0.0,0.1847051,0.029997122
375316653866487564,4149589563655117312,0.51117665,2362.4760444298504,2.324918808674966,3.0753712E-5,18.658726,0.015781272,0.2985595,0.0074070566,0.07572289,0.00965347,0.38337085,0.037764885,0.79326254,0.005128514,0.07814967,0.008385408,0.346866,0.040602386,null,null,null,null,"TWOGAUSSIANS",8,7.893716,0.2985595,0.0074070566,0.4,0.02253046,0.3800537,0.038310267,0.79326254,0.005128514,0.4,0.0,0.34354883,0.04100644
375316653866487564,4149590285233774592,0.65244806,2322.126608790296,1.46838823212151,7.758321E-6,14.825869,0.0084133595,0.2854448,0.0019480375,0.09655345,0.0039752373,0.30864146,0.007750952,0.7726458,0.0017305684,0.08943627,0.0033674766,0.31515613,0.008494397,null,null,null,null,"TWOGAUSSIANS",8,26.937654,0.7726458,0.0017305684,0.4,0.0,0.30123398,0.00689541,0.2854448,0.0019480375,0.4,0.0,0.29471833,0.0054657985
375316653866487564,4149590525727449344,0.47849295,2258.409195767024,2.200087512921459,2.3314888E-5,19.071362,0.010436952,0.2700584,0.009639622,0.08083307,0.00933346,0.24230608,0.02416901,0.7625241,0.003931255,0.072902806,0.010978671,0.16367438,0.01600783,null,null,null,null,"TWOGAUSSIANS",8,4.086597,0.2700584,0.009639622,0.4,0.0,0.24058025,0.023962755,0.7625241,0.003931255,0.4,0.023262216,0.16194856,0.016229067
375316653866487564,4149591212922513152,0.52072984,2318.867694270442,2.258527622713621,1.6540425E-5,18.807747,0.061001297,0.25758922,0.007963179,0.086049534,0.019767504,0.24003644,0.051073983,0.7751601,0.01408474,0.12539934,0.07639043,0.13468237,0.036553025,null,null,null,null,"TWOGAUSSIANS",8,2.0722399,0.2575392,0.0078511285,0.4,0.0,0.22375153,0.020849964,0.7751601,0.01408474,0.4,0.0,0.11828822,0.027022094
375316653866487564,4149592037556365952,0.50977755,2285.2428668084353,0.8227660995216525,1.8011285E-4,18.936382,0.08289591,0.25952858,0.0644388,0.060169168,0.068804435,0.038731445,0.029697832,0.6626198,0.03158229,0.067566946,0.20635353,1.0070609,1.0962731,null,null,null,null,"TWOGAUSSIANS",8,2.6525748,0.6626198,0.03158229,0.37837487,0.057761185,1.0070535,1.1506832,0.25952858,0.060904928,0.33694732,0.2312508,0.038724065,0.02456068
375316653866487564,4149592514281069824,0.45740086,2419.8923594049143,0.5011622757730978,4.3234544E-5,18.316866,0.0046214694,0.13821368,6.0219085E-4,0.013531661,0.0013947492,0.31304884,0.038182054,null,null,null,null,null,null,null,null,null,null,"ONEGAUSSIAN",5,6.7252526,0.13821368,6.0219085E-4,0.0757773,0.007810595,0.31304884,0.0,null,null,null,null,null,null
375316653866487564,4149593618102770560,0.47706133,2425.3116767823612,2.4474014082500597,3.1839547E-5,19.071827,0.009374218,0.29215306,0.012628303,0.064503886,0.013552823,0.17402247,0.015801322,0.79738635,0.01100617,0.035102516,0.015909249,0.2872811,0.06485012,null,null,null,null,"TWOGAUSSIANS",8,5.807164,0.79738635,0.01100617,0.1965741,0.0890918,0.28728005,0.064865105,0.29215306,0.012628303,0.36122176,0.07589581,0.17402145,0.01579891
375316653866487564,4149594270947033344,0.52790827,2430.886414489961,1.1838975283468627,1.5255128E-5,19.7207,0.007149508,0.25138023,0.0025445276,0.06940966,0.00472845,0.6473816,0.075047255,0.75191665,0.004040181,0.06098732,0.004908222,0.55370307,0.035931833,null,null,null,null,"TWOGAUSSIANS",8,2.7672362,0.25138023,0.0025445276,0.3886941,0.016104124,0.6466228,0.07544606,0.75191665,0.004040181,0.34152898,0.027486043,0.5529443,0.036216088
375316653866487564,4149594752000446464,0.6470476,2431.7046643335525,1.1335387900817122,3.5768992E-6,16.00855,0.003428237,0.26009858,6.946653E-4,0.091004826,0.0017728907,0.19827062,0.0033774425,0.7636302,0.0020121231,0.09515354,0.0037132315,0.16403615,0.00366376,null,null,null,null,"TWOGAUSSIANS",8,2.351312,0.26009858,6.946653E-4,0.4,0.0,0.18900359,0.0021611266,0.7636302,0.0020121231,0.4,0.0,0.1547689,0.0035292562
375316653866487564,4149595714073202560,0.51867944,2442.6211254215896,2.546845664715159,3.1410047E-5,19.127977,0.007868698,0.26642066,0.0036668861,0.0131436,0.008966424,0.20017277,0.135163,0.7444754,0.012516622,0.029907027,0.015561014,0.12542365,0.27636293,0.124447756,0.011321426,0.26642066,0.0036668861,"TWOGAUSSIANS_WITH_ELLIPSOIDAL_ON_ECLIPSE1",9,2.8450055,0.26642066,0.0036668861,0.07360416,0.050211973,0.4490682,0.13528083,0.7471554,0.0075904345,0.16747935,0.08714168,0.37018734,0.27987063
375316653866487564,4149596435608892288,0.5117519,2427.5702698622827,2.3924527684388113,3.8303137E-5,18.99601,0.03992723,0.31244856,0.0084123,0.103637315,0.027392607,0.16507843,0.037182707,0.80535156,0.011186852,0.0939852,0.03204518,0.18547474,0.037780583,null,null,null,null,"TWOGAUSSIANS",8,1.408059,0.80535156,0.011186852,0.4,0.0,0.17253377,0.008394838,0.31244856,0.0084113935,0.4,0.0,0.15213466,0.019862704
375316653866487564,4149596710479339904,0.5452002,2392.968511410463,0.6565455513067606,3.710885E-5,19.585247,0.0061689215,0.23024033,0.032097697,0.050014425,0.022487625,0.07916809,0.01770476,0.72298944,0.022533491,0.028005429,0.0074709984,0.86132586,0.5646722,null,null,null,null,"TWOGAUSSIANS",8,2.1091235,0.72298944,0.022533491,0.1568304,0.04183759,0.86132586,0.5646722,0.23024033,0.032097697,0.28008077,0.1259307,0.07916809,0.017704777
375316653866487564,4149597122796196480,0.5469449,2402.537963588871,2.9015808472778364,1.3852653E-5,19.899357,0.0123911835,0.19876814,0.002434701,0.02058934,0.0129312575,0.72332793,0.40478396,0.70761806,0.0040311967,0.033646967,0.004198632,0.3210073,0.03701884,0.14284627,0.015773034,0.19876814,0.002434701,"TWOGAUSSIANS_WITH_ELLIPSOIDAL_ON_ECLIPSE1",9,1.7741469,0.19876814,0.002434701,0.115300305,0.07241504,1.0090201,0.41638634,0.70761806,0.0040311967,0.18842302,0.02351234,0.6058171,0.022653203
375316653866487564,4149597736969140224,0.45787188,2411.7738315667257,1.1968564679073102,2.2874303E-5,18.3787,0.005385838,0.24225684,0.0020393378,0.029818468,0.0024324548,0.21830484,0.01994732,0.806145,0.0047044805,0.006110265,0.0037182395,0.024317797,0.01215895,0.027892841,0.011756002,0.24225684,0.0020393378,"TWOGAUSSIANS_WITH_ELLIPSOIDAL_ON_ECLIPSE1",9,12.111133,0.24225684,0.0020393378,0.16698343,0.0136217475,0.2740904,0.021462256,0.806145,0.0047044805,0.034217484,0.020822141,0.07158669,0.014774895
375316653866487564,4149598703353044992,0.4359418,2435.6834265742746,2.402955608116454,1.5001002E-5,19.858932,0.013158447,0.1549876,0.0023372762,0.03129221,0.0032048002,0.3731251,0.07564983,0.83496445,0.0026044287,0.026664449,0.00444123,0.6562981,0.50760657,null,null,null,null,"TWOGAUSSIANS",8,3.4566963,0.83496445,0.0026044287,0.14932092,0.02487089,0.6562981,0.50760657,0.1549876,0.0023372762,0.17523639,0.01794688,0.3731251,0.07564983
