Gaia/vari_eclipsing_binary/VariEclipsingBinary_484967-485001.csv
# %ECSV 1.0
# ---
# delimiter: ','
# meta: !!omap
# - RELEASE: Gaia DR3
# - TABLE: vari_eclipsing_binary
# - DESCRIPTION: >
#     This table describes the properties of the eclipsing binaries resulting from the variability analysis. 
# - CITATION: >
#     How to cite and acknowledge Gaia: 
#     https://gea.esac.esa.int/archive/documentation/credits.html 
# - KNOWN_ISSUES: >
#     Known issues: 
#     https://www.cosmos.esa.int/web/gaia-users/known-issues 
# - DOCUMENTATION: >
#     Tutorials and documentation: 
#     https://www.cosmos.esa.int/web/gaia-users/archive 
# datatype:
# - 
#   name: solution_id
#   datatype: int64
#   description: Solution Identifier
#   meta:
#     ucd: meta.version
# - 
#   name: source_id
#   datatype: int64
#   description: Unique source identifier
#   meta:
#     ucd: meta.id;meta.main
# - 
#   name: global_ranking
#   datatype: float32
#   description: Number between 0 (worst) and 1 (best)
#   meta:
#     ucd: stat.param
# - 
#   name: reference_time
#   datatype: float64
#   unit: d
#   description: Reference time used for the geometric model fit
#   meta:
#     ucd: time.epoch
# - 
#   name: frequency
#   datatype: float64
#   unit: d**-1
#   description: Frequency of geometric model of the eclipsing binary light curve
#   meta:
#     ucd: src.orbital
# - 
#   name: frequency_error
#   datatype: float32
#   unit: d**-1
#   description: "Uncertainty of \\texttt{frequency}"
#   meta:
#     ucd: stat.error
# - 
#   name: geom_model_reference_level
#   datatype: float32
#   unit: mag
#   description: Magnitude reference level of geometric model
#   meta:
#     ucd: phot.mag;em.opt
# - 
#   name: geom_model_reference_level_error
#   datatype: float32
#   unit: mag
#   description: "Uncertainty of \\texttt{geomModelReferenceLevel}"
#   meta:
#     ucd: stat.error;phot.mag;em.opt
# - 
#   name: geom_model_gaussian1_phase
#   datatype: float32
#   description: Phase of the Gaussian 1 component
#   meta:
#     ucd: time.phase
# - 
#   name: geom_model_gaussian1_phase_error
#   datatype: float32
#   description: "Uncertainty of \\texttt{geomModelGaussian1Phase}"
#   meta:
#     ucd: stat.error;time.phase
# - 
#   name: geom_model_gaussian1_sigma
#   datatype: float32
#   description: "Standard deviation [phase] of Gaussian 1 component"
#   meta:
#     ucd: stat.stdev
# - 
#   name: geom_model_gaussian1_sigma_error
#   datatype: float32
#   description: "Uncertainty of \\texttt{geomModelGaussian1Sigma}"
#   meta:
#     ucd: stat.error
# - 
#   name: geom_model_gaussian1_depth
#   datatype: float32
#   unit: mag
#   description: Magnitude depth of Gaussian 1 component
#   meta:
#     ucd: src.var.amplitude
# - 
#   name: geom_model_gaussian1_depth_error
#   datatype: float32
#   unit: mag
#   description: "Uncertainty of \\texttt{geomModelGaussian1Depth}"
#   meta:
#     ucd: stat.error;src.var.amplitude
# - 
#   name: geom_model_gaussian2_phase
#   datatype: float32
#   description: Phase of Gaussian 2 component
#   meta:
#     ucd: time.phase
# - 
#   name: geom_model_gaussian2_phase_error
#   datatype: float32
#   description: "Uncertainty of \\texttt{geomModelGaussian2Phase}"
#   meta:
#     ucd: stat.error;time.phase
# - 
#   name: geom_model_gaussian2_sigma
#   datatype: float32
[...]
#   datatype: float32
#   description: "Secondary eclipse: uncertainty of \\texttt{derivedSecondaryEclDuration}"
#   meta:
#     ucd: stat.error;time.duration
# - 
#   name: derived_secondary_ecl_depth
#   datatype: float32
#   unit: mag
#   description: "Secondary eclipse: depth"
#   meta:
#     ucd: src.var.amplitude
# - 
#   name: derived_secondary_ecl_depth_error
#   datatype: float32
#   unit: mag
#   description: "Secondary eclipse: uncertainty of \\texttt{derivedSecondaryEclDepth}"
#   meta:
#     ucd: stat.error;src.var.amplitude
solution_id,source_id,global_ranking,reference_time,frequency,frequency_error,geom_model_reference_level,geom_model_reference_level_error,geom_model_gaussian1_phase,geom_model_gaussian1_phase_error,geom_model_gaussian1_sigma,geom_model_gaussian1_sigma_error,geom_model_gaussian1_depth,geom_model_gaussian1_depth_error,geom_model_gaussian2_phase,geom_model_gaussian2_phase_error,geom_model_gaussian2_sigma,geom_model_gaussian2_sigma_error,geom_model_gaussian2_depth,geom_model_gaussian2_depth_error,geom_model_cosine_half_period_amplitude,geom_model_cosine_half_period_amplitude_error,geom_model_cosine_half_period_phase,geom_model_cosine_half_period_phase_error,model_type,num_model_parameters,reduced_chi2,derived_primary_ecl_phase,derived_primary_ecl_phase_error,derived_primary_ecl_duration,derived_primary_ecl_duration_error,derived_primary_ecl_depth,derived_primary_ecl_depth_error,derived_secondary_ecl_phase,derived_secondary_ecl_phase_error,derived_secondary_ecl_duration,derived_secondary_ecl_duration_error,derived_secondary_ecl_depth,derived_secondary_ecl_depth_error
[from data line 337]
375316653866487564,4266050934760947456,0.4816052,2172.5268146982576,0.3183739427402978,7.83937E-5,19.49029,0.11764355,0.3529695,0.049245168,0.065461956,0.047588386,0.6587911,0.12191943,0.851903,0.0054383418,0.109988846,0.022901617,0.69888735,0.10856116,null,null,null,null,"TWOGAUSSIANS",8,6.3310328,0.851903,0.0054410305,0.4,0.0,0.67654026,0.077274874,0.3529695,0.049347695,0.36658695,0.14829516,0.6364896,0.13820085
375316653866487564,4266051690676319872,0.51005435,2249.856681139279,1.8995322413861955,3.2316588E-5,18.340113,0.017821647,0.27751225,0.0067587174,0.07620945,0.007358405,0.3062731,0.0198559,0.7653693,0.016667701,0.07417482,0.017691826,0.18105222,0.030186692,null,null,null,null,"TWOGAUSSIANS",8,5.5618305,0.27751225,0.0067587174,0.4,0.0,0.30484495,0.018285993,0.7653693,0.016667701,0.4,0.015164777,0.17962407,0.029749714
375316653866487564,4266051720769041664,0.57192886,2273.245302010037,2.527737580651091,1.6296466E-5,18.446505,0.015914593,0.27433372,0.0081245145,0.086822085,0.012446903,0.22345562,0.01647095,0.7740034,0.0048596915,0.080282025,0.010382372,0.21371281,0.023381973,null,null,null,null,"TWOGAUSSIANS",8,1.5004039,0.27433372,0.0081245145,0.4,0.0,0.21851358,0.013101485,0.7740034,0.0048596915,0.4,0.0,0.2087708,0.024042126
375316653866487564,4266051892559902720,0.6066474,2192.306725803898,0.43910535327936123,1.8226241E-5,16.281742,0.009762941,0.16727318,0.010743545,0.021291628,0.018701717,0.099235296,0.4441025,0.65209436,0.0370341,0.062721886,0.051231768,3.1505976,3.0184104,null,null,null,null,"TWOGAUSSIANS",8,51.10716,0.65209436,0.0370341,0.35124254,0.06387057,3.1505976,3.0186596,0.16727318,0.010743545,0.119233124,0.104729615,0.09923528,0.4441232
375316653866487564,4266051999913867904,0.5121115,2194.3078585157878,0.08676203245785315,1.6972839E-4,18.835678,0.02710351,0.3168325,0.025734201,0.12279612,0.042402867,0.12938493,0.048655868,0.83209306,0.0058164983,0.04731299,0.011361472,0.42406592,0.09231206,null,null,null,null,"TWOGAUSSIANS",8,2.7622952,0.8321031,0.005842171,0.26495275,0.06362425,0.4209913,0.100000486,0.3168325,0.025734201,0.4,0.0,0.1262374,0.046880044
375316653866487564,4266052717179641856,0.523332,2223.77170096352,2.561324352109958,1.2483572E-5,17.401327,0.0020196158,0.11247363,0.002612798,0.011122007,0.0076139015,0.2430416,650.90845,0.67608196,0.0067320466,0.08066827,0.004325292,0.2970122,0.050740507,null,null,null,null,"TWOGAUSSIANS",8,2.0916505,0.67608196,0.0067320466,0.4,0.0,0.29701218,0.05074051,0.11247363,0.002612798,0.06228324,0.042637847,0.24304172,650.90845
375316653866487564,4266053133790399488,0.5354195,2203.4342376006625,4.488094715515662,2.0656667E-5,18.862553,0.008084019,0.351941,0.0044854544,0.06250699,0.004055772,0.17030448,0.016937504,0.14917265,0.0142183965,0.05140788,0.020692788,0.04227637,0.008419245,null,null,null,null,"TWOGAUSSIANS",8,1.2350752,0.35191098,0.0043114256,0.35003912,0.022712322,0.1703222,0.017090108,0.15253265,0.015569874,0.28788415,0.11587961,0.04323636,0.008597755
375316653866487564,4266054061503596672,0.55706763,2201.7162784913717,0.43964195729028444,3.3698594E-5,19.563381,0.011128928,0.19588445,0.005281807,0.0643664,0.012682045,0.1910772,0.045750342,0.71348417,0.015781237,0.051982414,0.011524486,0.406494,0.06876835,null,null,null,null,"TWOGAUSSIANS",8,0.8246149,0.71348417,0.015781237,0.29110152,0.06453712,0.40646732,0.06874728,0.19588445,0.005281807,0.36045185,0.06396318,0.19105053,0.04582001
375316653866487564,4266055225440915072,0.5252706,2248.196680051028,2.570130488191767,3.079669E-5,17.960783,0.022277968,0.2497563,0.005171316,0.067697756,0.01490247,0.44616082,0.15442438,0.74560034,0.01637864,0.065560624,0.021779098,0.55020994,0.2349572,null,null,null,null,"TWOGAUSSIANS",8,24.509155,0.74560034,0.01637864,0.3671395,0.059988886,0.5494392,0.23809761,0.2497563,0.005171316,0.37910745,0.07257579,0.44539005,0.15553942
375316653866487564,4266055431604591872,0.5221123,2191.507665852215,0.636014445813037,1.2800387E-4,17.145208,0.0033997432,0.32008675,0.019835655,0.058529887,0.020697618,0.5689691,0.4062388,null,null,null,null,null,null,0.016177671,0.00447249,0.32008675,0.019835655,"ONEGAUSSIAN_WITH_ELLIPSOIDAL",6,8.120191,0.32008675,0.019835655,0.32776737,0.084562086,0.60126585,0.40535352,null,null,null,null,null,null
375316653866487564,4266055470248931968,0.5928025,2229.417646768847,1.9530329479499626,1.6829545E-5,19.383032,0.013264997,0.24341662,0.011276344,0.074475855,0.0067576943,0.7094619,0.099197835,0.7624881,0.003312989,0.06630963,0.0033653325,0.5021704,0.03513044,null,null,null,null,"TWOGAUSSIANS",8,2.1228237,0.24341662,0.011276344,0.4,0.015927073,0.70811766,0.09976338,0.7624881,0.003312989,0.37133393,0.018845862,0.5008261,0.035324674
375316653866487564,4266055706477168768,0.61207736,2218.5845786761165,0.4964923056642698,3.7170255E-6,17.982327,0.004673202,0.22243811,0.013389387,0.028829342,0.004871834,0.51698744,0.19124514,0.7216068,9.1697526E-4,0.030603774,0.0010178052,0.48908624,0.01683473,null,null,null,null,"TWOGAUSSIANS",8,4.2352343,0.22243811,0.013389387,0.1614443,0.02728227,0.51698744,0.19124514,0.7216068,9.1697526E-4,0.17138113,0.005699709,0.48908624,0.01683473
375316653866487564,4266056123085097216,0.5824263,2213.14361502291,0.8280300880134043,6.2697823E-6,16.4848,0.008530561,0.25332698,0.0010327721,0.05739957,0.002317851,0.50394195,0.018629517,0.7516674,0.0050298963,0.057584736,0.008810757,0.2568485,0.0717092,null,null,null,null,"TWOGAUSSIANS",8,14.068896,0.25332698,0.0010327721,0.3214376,0.012979965,0.5038892,0.018641552,0.7516674,0.0050298963,0.32247454,0.049340237,0.25679576,0.0717686
375316653866487564,4266058352181456768,0.50078136,2105.2050118951647,1.7066564258357055,1.284303E-4,19.831373,0.035538204,0.18661855,0.018775882,0.09171413,0.027346678,0.3704154,0.039944597,0.41900826,0.0130816,0.0312496,0.0069281175,0.30813769,0.08694168,null,null,null,null,"TWOGAUSSIANS",8,3.2062998,0.18661855,0.018775882,0.4,0.0,0.37041515,0.03995158,0.41900826,0.0130816,0.17499776,0.03879746,0.32308322,0.10621973
375316653866487564,4266058455256418560,0.56575716,2202.1535457518453,2.647093292037707,8.645844E-5,19.165146,0.007888624,0.58742887,0.05568752,0.043251995,0.035382625,1.3725735,1.1927593,0.94913846,0.013150114,0.023505954,0.020166563,0.03158237,1.1841944,null,null,null,null,"TWOGAUSSIANS",8,2.4154904,0.58742887,0.05568752,0.24221118,0.19109713,1.3725735,1.1927593,0.94913846,0.013150114,0.13163334,0.11293275,0.03158237,1.1841944
375316653866487564,4266058764494188288,0.5543753,2167.401465147494,1.5497363429334459,2.4445468E-5,19.186924,0.018018112,0.33800775,0.020940427,0.051466182,0.021934368,0.19747281,0.075453654,0.851386,0.0034424972,0.051091317,0.006958848,0.43234664,0.023570789,null,null,null,null,"TWOGAUSSIANS",8,3.6936355,0.851386,0.0034424972,0.28611135,0.038969547,0.43234456,0.023572866,0.33800775,0.020940427,0.28821063,0.12283246,0.19747071,0.07547473
375316653866487564,4266061105289760128,0.49908465,2262.127894090168,3.2149303492260453,1.8864044E-5,17.480045,0.007358384,null,null,null,null,null,null,null,null,null,null,null,null,0.15466982,0.01044455,0.21907204,0.0039431965,"ELLIPSOIDAL",4,30.499775,null,null,null,null,null,null,null,null,null,null,null,null
375316653866487564,4266061238395279488,0.46592152,2242.460004018741,0.5409148158948257,1.4589111E-4,18.346926,0.012242701,0.43280372,0.024248991,0.13315673,0.038068835,0.17264785,0.024635565,0.10433545,0.07697687,0.05324897,0.032291133,0.038024705,0.016749408,null,null,null,null,"TWOGAUSSIANS",8,3.6855662,0.43280372,0.024248991,0.4,0.0,0.17224468,0.025515156,0.119085446,0.0865169,0.29819423,0.18083034,0.046951003,0.016452307
375316653866487564,4266061689404691328,0.58749,2215.123724076785,1.2826469651864778,1.8300565E-5,17.399073,0.0132769765,0.28865993,0.0050434065,0.084046304,0.00716475,0.27932185,0.0125358915,0.79737186,0.0075273346,0.07692445,0.013911322,0.3167998,0.06379298,null,null,null,null,"TWOGAUSSIANS",8,5.701996,0.79737186,0.0075273346,0.4,0.0,0.31278312,0.07017353,0.28865993,0.0050434065,0.4,0.0,0.27530515,0.008778166
375316653866487564,4266062033002211200,0.66047394,2223.016386245577,0.5820134137236679,9.651168E-6,17.403362,0.0037481377,0.2402934,0.013512894,0.039313927,0.009120813,0.110390775,0.054793175,0.7358342,8.89712E-4,0.030982327,0.0023186717,0.6809562,0.020205723,null,null,null,null,"TWOGAUSSIANS",8,5.918841,0.7358342,8.89712E-4,0.17350103,0.012984562,0.6809562,0.020205723,0.2402934,0.013512894,0.22015798,0.05107655,0.110390775,0.054793175
375316653866487564,4266062617075584768,0.5495306,2239.5253156120857,1.1944597716035332,2.437588E-5,17.645031,0.014616338,0.29531765,0.01280129,0.091894925,0.017005738,0.19039626,0.028134758,0.78863126,0.0033338866,0.06888158,0.005953008,0.31686467,0.0143375145,null,null,null,null,"TWOGAUSSIANS",8,9.671248,0.78863126,0.0033338866,0.38573685,0.023985505,0.31362438,0.011582181,0.29531765,0.01280129,0.4,0.0,0.18715583,0.028865289
375316653866487564,4266062823276273536,0.6283686,2201.3383889762417,0.31417299150534017,1.1939576E-5,17.814335,0.0017110046,0.3006497,7.05348E-4,0.042987745,0.0019476383,0.47559977,0.012171078,0.94585234,5.2673597E-4,0.013783942,9.6715504E-4,0.015398483,0.0029999418,6.429058E-6,0.0016956377,0.94585234,5.2673597E-4,"TWOGAUSSIANS_WITH_ELLIPSOIDAL_ON_ECLIPSE2",9,1.8911059,0.3006497,7.1431906E-4,0.24073137,0.010906775,0.47560456,0.012226555,0.94585234,5.2673597E-4,0.07719008,0.0054160682,0.015411342,0.0031782892
375316653866487564,4266062926312489984,0.60756636,2231.385784603846,0.7887501690226689,4.457459E-6,17.8045,0.004836895,0.23698065,0.0010709222,0.03949076,0.0020865812,0.3734077,0.012759194,0.73700464,0.016993238,0.035077907,0.011807066,0.30899653,0.1313934,null,null,null,null,"TWOGAUSSIANS",8,3.11881,0.23698065,0.0010709222,0.22114825,0.0116848545,0.3734077,0.012759194,0.73700464,0.016993238,0.19643629,0.066119574,0.30899653,0.1313934
375316653866487564,4266063025102225024,0.5373233,2266.699856645119,1.4582362488339924,1.510619E-5,18.48878,0.00866499,0.75557536,0.0043617054,0.041376416,0.010386444,0.53125006,0.14079097,null,null,null,null,null,null,0.11986112,0.0125900265,0.75557536,0.0043617054,"ONEGAUSSIAN_WITH_ELLIPSOIDAL",6,4.9786243,0.75557536,0.0043617054,0.23170793,0.058164082,0.77097225,0.14054453,null,null,null,null,null,null
375316653866487564,4266063471770951552,0.5559291,2292.579432972079,0.0793285103364561,2.9186797E-6,16.592508,0.0026748197,0.97955346,3.7561447E-4,0.004617234,3.810567E-4,0.30636507,0.008601114,null,null,null,null,null,null,null,null,null,null,"ONEGAUSSIAN",5,11.369827,0.97955346,3.7561447E-4,0.02585651,0.0021339178,0.30636507,0.0,null,null,null,null,null,null
375316653866487564,4266063510426937088,0.5334746,2398.101982374835,1.4301860623926095,6.0165883E-5,18.917746,0.03522439,0.29522917,0.00863011,0.0795683,0.0110322535,0.41178107,0.04744424,0.7703889,0.009310971,0.09489952,0.025258392,0.1738499,0.031321354,null,null,null,null,"TWOGAUSSIANS",8,1.7448134,0.29522917,0.008633006,0.4,0.0,0.40631005,0.03797279,0.7703889,0.009310971,0.4,0.0,0.1683782,0.022082401
375316653866487564,4266063579146677376,0.4811788,2233.9960896727102,0.8194405139267776,2.3561297E-5,19.222893,0.007795399,0.42118302,0.0065782974,0.06281127,0.013519576,0.22735433,0.23077643,0.93043095,0.013152203,0.050863355,0.011142096,0.17907311,0.031368896,null,null,null,null,"TWOGAUSSIANS",8,2.1164649,0.42118302,0.0065782974,0.35174313,0.075709626,0.22733651,0.23079315,0.93043095,0.013152203,0.28483477,0.062395737,0.17905529,0.03137548
375316653866487564,4266063819665543808,0.53686357,2241.3353708575305,2.4764443929388125,1.0107706E-5,19.751015,0.027619224,0.29598302,0.015715195,0.0893118,0.019222684,0.31663078,0.08908521,0.83317107,0.0059856763,0.075643264,0.011475544,0.34540752,0.040660564,null,null,null,null,"TWOGAUSSIANS",8,0.8941565,0.83317107,0.0059856763,0.4,0.015380408,0.3421408,0.04156077,0.29598302,0.015715195,0.4,0.0013077287,0.31336358,0.09082773
375316653866487564,4266065812531828608,0.50667465,2244.232737636694,2.032429968978399,2.9586014E-5,19.861475,0.03519589,0.34170333,0.04346074,0.06225981,0.04576303,0.38364875,0.07730638,0.82231265,0.011360002,0.07608017,0.013542802,0.36201918,0.043131445,null,null,null,null,"TWOGAUSSIANS",8,1.425876,0.34170333,0.04346074,0.34865493,0.079205826,0.3830063,0.089891404,0.82231265,0.011360523,0.4,0.02895396,0.36137673,0.03754758
375316653866487564,4266066190530820736,0.65775436,2190.8076120210603,0.7856990412682835,7.124031E-6,17.005344,0.0048980303,0.19461198,0.0014994949,0.040477216,0.0018695304,0.34910372,0.01663066,0.6942356,0.026292557,0.03694077,0.0104919,0.3822071,0.24271153,0.039313044,0.008836471,0.19461198,0.0014994949,"TWOGAUSSIANS_WITH_ELLIPSOIDAL_ON_ECLIPSE1",9,3.5326307,0.69424564,0.026281403,0.20686829,0.05875464,0.4608327,0.24531391,0.19461198,0.0014994949,0.22667241,0.0104693705,0.42772973,0.015045235
375316653866487564,4266067049524474752,0.6828775,2259.954682395747,1.1432344915064752,3.9209663E-6,17.11751,0.0123808,0.15705484,0.0020694633,0.057170816,0.008071847,0.14256562,0.022321688,0.65829074,0.002944993,0.05181102,0.0049766726,0.5036822,0.060044095,0.07188543,0.014795873,0.15705484,0.0020694633,"TWOGAUSSIANS_WITH_ELLIPSOIDAL_ON_ECLIPSE1",9,3.1421952,0.65829074,0.0029222649,0.29014173,0.027869366,0.6474298,0.0677168,0.15705484,0.0020694633,0.32015654,0.045202345,0.28632194,0.0127158305
375316653866487564,4266067152603706112,0.5285018,2264.6397061155158,4.333584573021455,2.9906705E-5,18.728342,0.024549877,0.2010814,0.039814614,0.021277316,0.020215893,0.5691829,1.3907341,0.7608604,0.0829261,0.10757505,0.10676864,0.024222253,16.736755,null,null,null,null,"TWOGAUSSIANS",8,4.787369,0.2010814,0.03986035,0.11915297,0.113209,0.5691837,1.3906208,0.7608604,0.0829261,0.4,0.23271926,0.02421748,16.736843
375316653866487564,4266067560585894016,0.51629704,2242.2435616316625,1.7281316949881909,2.6903617E-5,17.520048,0.0054596323,0.26093012,0.03072798,0.054786038,0.0139254425,0.17539288,0.07106006,0.7858669,0.008054009,0.06906416,0.010474611,0.064345315,0.0072519914,null,null,null,null,"TWOGAUSSIANS",8,3.0474856,0.26093012,0.03072798,0.3068018,0.07798248,0.17536813,0.07068801,0.7858669,0.008054009,0.3867593,0.046517078,0.06432057,0.007160294
375316653866487564,4266067908475589888,0.52546525,2303.5830536675207,2.7027610432295965,6.5494125E-5,19.785732,0.014563363,0.17373335,0.01340502,0.056242764,0.0129484255,0.45939842,0.026190484,0.6546522,0.0072575477,0.08402873,0.0062107453,0.4311985,0.04162945,null,null,null,null,"TWOGAUSSIANS",8,2.2579117,0.17373335,0.01340502,0.3149595,0.07251118,0.45847872,0.02528119,0.6546522,0.0072575477,0.4,0.0,0.43027875,0.041459087
375316653866487564,4266068011597003904,0.5514014,2259.815801220422,1.767212963436407,4.8541515E-5,15.945939,0.00836977,0.23103723,0.006766716,0.100460514,0.014315061,0.060593277,0.007936933,0.74285066,0.022654464,0.08989077,0.03470969,0.078027934,0.009454977,null,null,null,null,"TWOGAUSSIANS",8,4.058872,0.74285066,0.022657566,0.4,0.0,0.07436728,0.016332688,0.23103723,0.0067567886,0.4,0.0,0.056932062,0.0029647977
375316653866487564,4266068045956747008,0.62812895,2295.486490385956,0.3221482635197649,4.0495092E-6,15.226665,0.0047189705,0.20723195,0.002229405,0.02490369,0.002058149,0.22719364,0.012169224,null,null,null,null,null,null,0.020816779,0.006808975,0.20723195,0.002229405,"ONEGAUSSIAN_WITH_ELLIPSOIDAL",6,11.401713,0.20723195,0.002229405,0.13946067,0.011525636,0.2688271,0.005267131,null,null,null,null,null,null
