Gaia/vari_eclipsing_binary/VariEclipsingBinary_460259-460272.csv
# %ECSV 1.0
# ---
# delimiter: ','
# meta: !!omap
# - RELEASE: Gaia DR3
# - TABLE: vari_eclipsing_binary
# - DESCRIPTION: >
#     This table describes the properties of the eclipsing binaries resulting from the variability analysis. 
# - CITATION: >
#     How to cite and acknowledge Gaia: 
#     https://gea.esac.esa.int/archive/documentation/credits.html 
# - KNOWN_ISSUES: >
#     Known issues: 
#     https://www.cosmos.esa.int/web/gaia-users/known-issues 
# - DOCUMENTATION: >
#     Tutorials and documentation: 
#     https://www.cosmos.esa.int/web/gaia-users/archive 
# datatype:
# - 
#   name: solution_id
#   datatype: int64
#   description: Solution Identifier
#   meta:
#     ucd: meta.version
# - 
#   name: source_id
#   datatype: int64
#   description: Unique source identifier
#   meta:
#     ucd: meta.id;meta.main
# - 
#   name: global_ranking
#   datatype: float32
#   description: Number between 0 (worst) and 1 (best)
#   meta:
#     ucd: stat.param
# - 
#   name: reference_time
#   datatype: float64
#   unit: d
#   description: Reference time used for the geometric model fit
#   meta:
#     ucd: time.epoch
# - 
#   name: frequency
#   datatype: float64
#   unit: d**-1
#   description: Frequency of geometric model of the eclipsing binary light curve
#   meta:
#     ucd: src.orbital
# - 
#   name: frequency_error
#   datatype: float32
#   unit: d**-1
#   description: "Uncertainty of \\texttt{frequency}"
#   meta:
#     ucd: stat.error
# - 
#   name: geom_model_reference_level
#   datatype: float32
#   unit: mag
#   description: Magnitude reference level of geometric model
#   meta:
#     ucd: phot.mag;em.opt
# - 
#   name: geom_model_reference_level_error
#   datatype: float32
#   unit: mag
#   description: "Uncertainty of \\texttt{geomModelReferenceLevel}"
#   meta:
#     ucd: stat.error;phot.mag;em.opt
# - 
#   name: geom_model_gaussian1_phase
#   datatype: float32
#   description: Phase of the Gaussian 1 component
#   meta:
#     ucd: time.phase
# - 
#   name: geom_model_gaussian1_phase_error
#   datatype: float32
#   description: "Uncertainty of \\texttt{geomModelGaussian1Phase}"
#   meta:
#     ucd: stat.error;time.phase
# - 
#   name: geom_model_gaussian1_sigma
#   datatype: float32
#   description: "Standard deviation [phase] of Gaussian 1 component"
#   meta:
#     ucd: stat.stdev
# - 
#   name: geom_model_gaussian1_sigma_error
#   datatype: float32
#   description: "Uncertainty of \\texttt{geomModelGaussian1Sigma}"
#   meta:
#     ucd: stat.error
# - 
#   name: geom_model_gaussian1_depth
#   datatype: float32
#   unit: mag
#   description: Magnitude depth of Gaussian 1 component
#   meta:
#     ucd: src.var.amplitude
# - 
#   name: geom_model_gaussian1_depth_error
#   datatype: float32
#   unit: mag
#   description: "Uncertainty of \\texttt{geomModelGaussian1Depth}"
#   meta:
#     ucd: stat.error;src.var.amplitude
# - 
#   name: geom_model_gaussian2_phase
#   datatype: float32
#   description: Phase of Gaussian 2 component
#   meta:
#     ucd: time.phase
# - 
#   name: geom_model_gaussian2_phase_error
#   datatype: float32
#   description: "Uncertainty of \\texttt{geomModelGaussian2Phase}"
#   meta:
#     ucd: stat.error;time.phase
# - 
#   name: geom_model_gaussian2_sigma
#   datatype: float32
[...]
#   datatype: float32
#   description: "Secondary eclipse: uncertainty of \\texttt{derivedSecondaryEclDuration}"
#   meta:
#     ucd: stat.error;time.duration
# - 
#   name: derived_secondary_ecl_depth
#   datatype: float32
#   unit: mag
#   description: "Secondary eclipse: depth"
#   meta:
#     ucd: src.var.amplitude
# - 
#   name: derived_secondary_ecl_depth_error
#   datatype: float32
#   unit: mag
#   description: "Secondary eclipse: uncertainty of \\texttt{derivedSecondaryEclDepth}"
#   meta:
#     ucd: stat.error;src.var.amplitude
solution_id,source_id,global_ranking,reference_time,frequency,frequency_error,geom_model_reference_level,geom_model_reference_level_error,geom_model_gaussian1_phase,geom_model_gaussian1_phase_error,geom_model_gaussian1_sigma,geom_model_gaussian1_sigma_error,geom_model_gaussian1_depth,geom_model_gaussian1_depth_error,geom_model_gaussian2_phase,geom_model_gaussian2_phase_error,geom_model_gaussian2_sigma,geom_model_gaussian2_sigma_error,geom_model_gaussian2_depth,geom_model_gaussian2_depth_error,geom_model_cosine_half_period_amplitude,geom_model_cosine_half_period_amplitude_error,geom_model_cosine_half_period_phase,geom_model_cosine_half_period_phase_error,model_type,num_model_parameters,reduced_chi2,derived_primary_ecl_phase,derived_primary_ecl_phase_error,derived_primary_ecl_duration,derived_primary_ecl_duration_error,derived_primary_ecl_depth,derived_primary_ecl_depth_error,derived_secondary_ecl_phase,derived_secondary_ecl_phase_error,derived_secondary_ecl_duration,derived_secondary_ecl_duration_error,derived_secondary_ecl_depth,derived_secondary_ecl_depth_error
[from data line 568]
375316653866487564,4048577224332316160,0.47633106,2212.9523679334693,0.6273541114023652,6.910831E-5,18.039997,0.116472855,0.2652166,0.018558083,0.11917871,0.047044557,0.19450629,0.12919046,0.73444873,0.013260934,0.11814971,0.038675748,0.28724095,0.10647299,null,null,null,null,"TWOGAUSSIANS",8,12.33484,0.73444873,0.013260934,0.4,0.0,0.2487855,0.033909522,0.2654466,0.018368915,0.4,0.0,0.15607774,0.0749565
375316653866487564,4048577494841375616,0.6127247,2289.75598199348,1.7088854473077726,1.3624821E-5,17.196129,0.0062115462,0.20313157,0.0015819209,0.08272499,0.004410711,0.28571528,0.0117074605,0.705641,0.027705612,0.08123905,0.016145114,0.3687377,0.040278047,null,null,null,null,"TWOGAUSSIANS",8,5.020208,0.705641,0.027705612,0.4,0.03372584,0.36282542,0.036445856,0.20313157,0.0015819209,0.4,0.0,0.279803,0.013622728
375316653866487564,4048577632274976128,0.49202883,2195.561833755283,0.8499933193365061,2.6039104E-5,19.78915,0.011942432,null,null,null,null,null,null,null,null,null,null,null,null,0.1567886,0.017711272,0.20936787,0.009277481,"ELLIPSOIDAL",4,2.5598779,null,null,null,null,null,null,null,null,null,null,null,null
375316653866487564,4048577636649252096,0.45607573,2308.053955170296,1.084540197292954,3.2733496E-5,14.915959,0.014298417,0.2563018,0.027303526,0.039878115,0.019713733,0.15493788,0.11561761,0.7690808,0.0077359616,0.08034622,0.009812445,1.3287482,0.59353685,null,null,null,null,"TWOGAUSSIANS",8,655.5143,0.7690808,0.0077359616,0.4,0.0,1.3286122,0.59372365,0.2563018,0.027303526,0.22331744,0.1103969,0.15480189,0.11575272
375316653866487564,4048577808421515008,0.5050702,2209.6633888660185,0.4935022120565728,1.1478681E-5,18.679905,0.019314868,0.38343576,0.0030571967,0.033512615,0.0057240673,0.60267466,0.19345026,0.8191712,0.01170905,0.08123712,0.012613833,0.4415036,0.07792508,null,null,null,null,"TWOGAUSSIANS",8,16.039509,0.38343576,0.0030571967,0.18767063,0.03205478,0.60267,0.19345604,0.8191712,0.01170905,0.4,0.0,0.44149867,0.07793294
375316653866487564,4048577838412254208,0.47826537,2261.012368351232,0.10913833476132122,1.3952308E-5,18.067404,0.05021654,0.3406516,0.005811787,0.09153838,0.017904997,0.33414608,0.046079077,0.83873713,0.018138574,0.07244063,0.027411567,0.34069532,0.14466605,null,null,null,null,"TWOGAUSSIANS",8,3.2043698,0.83873713,0.018138574,0.4,0.12731837,0.33451638,0.14688298,0.3406516,0.005811787,0.4,0.0,0.3279669,0.04115588
375316653866487564,4048578014580222592,0.45453858,2281.0819425725613,0.37045213780157094,3.0639298E-5,19.648958,0.0105874585,0.4246492,0.013025345,0.04573836,0.01091641,0.17942092,0.03941693,0.8827252,0.015382785,0.07529005,0.014978202,0.15832198,0.030431964,null,null,null,null,"TWOGAUSSIANS",8,2.6125147,0.4246492,0.013025345,0.2561348,0.0611319,0.17940669,0.03941699,0.8827252,0.015382785,0.4,0.013066375,0.15830773,0.030416606
375316653866487564,4048578048940049152,0.54426885,2260.6675872899846,2.657952748061945,1.6168904E-5,19.12083,0.01305071,0.2932945,0.007973567,0.09243618,0.01148447,0.28352788,0.043853585,0.8123154,0.0034600028,0.07897494,0.012115576,0.22137333,0.0111624645,null,null,null,null,"TWOGAUSSIANS",8,1.2636606,0.2932945,0.007973567,0.4,0.0,0.2783776,0.045532275,0.8123154,0.0034600028,0.4,0.0,0.21622346,0.00943781
375316653866487564,4048578078930691584,0.59873384,2281.2636259705732,1.8359513201024549,9.469336E-6,17.578798,0.0054852855,0.2702388,0.0027014103,0.07397042,0.0039494913,0.21787643,0.009281415,0.7676657,0.005085227,0.08361449,0.009633676,0.40025073,0.058814157,null,null,null,null,"TWOGAUSSIANS",8,2.5202487,0.7676657,0.005085227,0.4,0.0,0.39654782,0.061441902,0.2702388,0.0027014103,0.4,0.0,0.21417354,0.009216743
375316653866487564,4048578117659849216,0.51400286,2223.284852583051,1.4237359887999113,3.239741E-5,18.33893,0.11793981,0.2748834,0.011397853,0.123643294,0.02422478,0.4378791,0.1104694,0.7497982,0.012215111,0.11184012,0.025917547,0.4411333,0.14417143,null,null,null,null,"TWOGAUSSIANS",8,9.573588,0.7497982,0.012215111,0.4,0.0,0.36842436,0.11851038,0.27494338,0.011353527,0.4,0.0,0.36490396,0.03800594
375316653866487564,4048578182009110912,0.6367601,2270.85370247429,1.2565451103629968,4.666676E-6,16.349985,0.012652315,0.20608379,0.010602188,0.09216016,0.015509786,0.2634748,0.02712762,0.6994507,0.0012056797,0.08282434,0.0035515153,0.2793469,0.012169887,null,null,null,null,"TWOGAUSSIANS",8,3.454242,0.6994507,0.0012056797,0.4,0.0,0.27116847,0.005955582,0.20608379,0.010602188,0.4,0.0,0.25529614,0.031093692
375316653866487564,4048578289457591936,0.56048024,2231.144735622877,2.3745532458594263,1.38966125E-5,18.405579,0.040893152,0.18225285,0.010674914,0.09606285,0.024928473,0.32982582,0.025279924,0.676744,0.0048408313,0.091290176,0.013035224,0.22514701,0.039927322,null,null,null,null,"TWOGAUSSIANS",8,2.5406387,0.18225285,0.010674914,0.4,0.0,0.31548372,0.035582863,0.676744,0.0048408313,0.4,0.0,0.2108057,0.017438892
375316653866487564,4048578358177382016,0.5022089,2228.089824263462,2.8108557186304526,1.6321266E-5,19.187796,0.018632844,0.26325756,0.00389284,0.10221575,0.0113464305,0.20283544,0.017363207,0.7618427,0.010623823,0.08781311,0.017331349,0.26233646,0.034929194,null,null,null,null,"TWOGAUSSIANS",8,0.91777986,0.7618427,0.010623823,0.4,0.0,0.24836926,0.04297368,0.26325756,0.00389284,0.4,0.0,0.18886569,0.013735574
375316653866487564,4048578529976225408,0.55863774,2261.3539631624103,2.69679486820966,8.2337665E-6,18.90509,0.0074843857,0.19661282,0.00866683,0.0865005,0.008575667,0.2758042,0.013153824,0.70762825,0.0030771063,0.08341135,0.0045290818,0.33871067,0.013862905,null,null,null,null,"TWOGAUSSIANS",8,1.801357,0.70762825,0.0030771063,0.4,0.0,0.3320905,0.014520691,0.19661282,0.00866683,0.4,0.0,0.269184,0.013466773
375316653866487564,4048578598695936512,0.51243114,2269.9348652799736,4.199264290890852,5.5238022E-5,19.139126,0.12540244,0.3371732,0.025790067,0.09306896,0.044877365,0.37586904,0.111845426,0.8332091,0.0051443204,0.087090224,0.026907494,0.38487232,0.11433553,null,null,null,null,"TWOGAUSSIANS",8,6.26775,0.8332091,0.0051443204,0.4,0.0,0.369682,0.047232535,0.3371732,0.025795877,0.4,0.0,0.36067837,0.052685402
375316653866487564,4048579045373217408,0.58040905,2264.147822983031,1.581883440336539,1.3196636E-5,16.628124,0.008214481,0.18672532,0.007720411,0.091270536,0.009338006,0.16977675,0.012438844,0.6966512,0.005423067,0.09179738,0.006620445,0.24093364,0.009061165,null,null,null,null,"TWOGAUSSIANS",8,5.8973556,0.6966512,0.005423067,0.4,0.0,0.23258927,0.0066788387,0.18672532,0.007720411,0.4,0.0,0.16143247,0.010686283
375316653866487564,4048579457690045440,0.5149954,2297.4490538106215,3.2852622739740953,2.7321488E-5,19.873877,0.0245986,0.2474575,0.0047190776,0.046360523,0.010098249,0.22853772,0.15274121,null,null,null,null,null,null,0.1507577,0.038869385,0.2474575,0.0047190776,"ONEGAUSSIAN_WITH_ELLIPSOIDAL",6,3.7616394,0.2474575,0.0047190776,0.25961894,0.05655019,0.530053,0.13949044,null,null,null,null,null,null
375316653866487564,4048579831297630080,0.55080545,2249.4933203258324,2.3669677805980167,1.1479569E-5,17.75596,0.020637747,0.283962,0.0033824407,0.08998093,0.012179604,0.22802757,0.015473461,0.78956294,0.006112615,0.11078962,0.015321615,0.17994964,0.01937972,null,null,null,null,"TWOGAUSSIANS",8,2.7842236,0.283962,0.0034069195,0.4,0.0,0.21141249,0.019136168,0.78956294,0.006112615,0.4,0.0,0.16332072,0.008143802
375316653866487564,4048579835651244672,0.54216534,2249.2671643776835,0.7203142728145835,1.49929E-4,18.33227,0.013772912,0.13109772,0.024351483,0.05936259,0.02830785,0.07080064,0.02434511,0.7993409,0.03261568,0.04122728,0.05544917,1.1973071,1.0590941,null,null,null,null,"TWOGAUSSIANS",8,7.5051017,0.7993409,0.03261568,0.23087277,0.19020443,1.1973071,1.0591309,0.13109772,0.024330221,0.3324305,0.14583138,0.07080064,0.02437152
375316653866487564,4048580209259981952,0.54339844,2269.8356791394813,2.90705502965206,3.03596E-5,19.37447,0.025770115,0.28404337,0.0097496705,0.09435153,0.013318836,0.29026464,0.034695253,0.7613953,0.012014884,0.08007996,0.014440474,0.42105284,0.03404185,null,null,null,null,"TWOGAUSSIANS",8,3.2653606,0.7613953,0.012014884,0.4,0.0,0.4133783,0.030198334,0.28404337,0.0097496705,0.4,0.0,0.28258923,0.03332534
375316653866487564,4048580282323286784,0.5110354,2255.246323222731,1.9184563826332006,4.6118134E-6,18.192934,0.0035276546,0.23137973,0.0040702927,0.052758854,0.0032323177,0.1768011,0.007858931,null,null,null,null,null,null,null,null,null,null,"ONEGAUSSIAN",5,2.1761696,0.23137973,0.0040702927,0.29544958,0.018100979,0.1768011,0.0,null,null,null,null,null,null
375316653866487564,4048580316682982272,0.54170585,2180.9852697400293,2.4548600751394414,2.3624532E-5,18.24098,0.06263593,0.24825257,0.0067717656,0.08672427,0.016308997,0.36396676,0.062288433,0.7133448,0.051530637,0.062264588,0.056105092,0.3069616,0.015496101,null,null,null,null,"TWOGAUSSIANS",8,6.02762,0.24825257,0.006758872,0.4,0.0,0.36290455,0.031503808,0.7133448,0.05154011,0.3486817,0.060645904,0.3058996,0.03631348
375316653866487564,4048580557227471744,0.44852772,2217.1124047779344,2.6376261605065188,1.2030697E-4,17.655533,0.015330337,0.28770915,0.039757904,0.09298009,0.035380058,0.14875625,0.016793149,0.8107413,0.01762593,0.08691515,0.022166103,0.11983895,0.020201512,null,null,null,null,"TWOGAUSSIANS",8,15.94488,0.28770915,0.039757904,0.4,0.06789258,0.14484635,0.013451418,0.8107413,0.01762593,0.4,0.0,0.11592933,0.018139549
375316653866487564,4048580660279690624,0.44046697,2216.5747347801644,1.1650465332348803,2.2197988E-5,19.287092,0.019449886,0.14449799,0.009906133,0.093449734,0.018236518,0.10919787,0.019012121,0.6653207,0.0036829785,0.036961637,0.005836987,0.19706063,0.029527722,null,null,null,null,"TWOGAUSSIANS",8,4.0503798,0.6653207,0.0036829785,0.20698518,0.032687128,0.19698143,0.029476553,0.14449799,0.009906133,0.4,0.0,0.10911844,0.018874904
375316653866487564,4048580763359492224,0.4720622,2215.1001837972763,0.3594980472899305,9.715615E-5,18.983305,0.0058649993,0.26723823,1.35772E-4,0.02220529,0.0012021825,0.3429906,0.018880242,0.7900665,0.015738515,0.053175543,0.023005726,0.13518727,0.006587057,null,null,null,null,"TWOGAUSSIANS",8,1.6961162,0.26723823,1.35772E-4,0.124349624,0.006732222,0.3429906,0.018880598,0.7900665,0.015738515,0.29778305,0.09987579,0.13518727,0.0065870727
375316653866487564,4048580793349775360,0.62419915,2265.8344523325236,1.7335782294231599,4.9294595E-6,17.325508,0.008589955,0.17699711,0.0011895563,0.09990253,0.0041182316,0.23580828,0.008088963,0.6783101,0.0058386633,0.089679025,0.008848197,0.27176577,0.020106908,null,null,null,null,"TWOGAUSSIANS",8,1.3586107,0.6783101,0.0058386633,0.4,0.0,0.2565198,0.024247559,0.17699711,0.0011895563,0.4,0.0,0.22056068,0.005693759
375316653866487564,4048580866465183872,0.6050393,2193.646369158691,1.835044568330081,9.15956E-6,17.558567,0.030670414,0.23446399,0.0030127238,0.04531002,0.009831513,0.35477015,0.058329005,0.7352043,0.030886669,0.05082683,0.024159461,0.3276191,1.4276438,0.13218364,0.037259538,0.23446399,0.0030127238,"TWOGAUSSIANS_WITH_ELLIPSOIDAL_ON_ECLIPSE1",9,10.50318,0.23446399,0.0030127238,0.2537361,0.05505647,0.6191356,0.04055784,0.7352043,0.030863164,0.28463024,0.13529298,0.59197885,1.4291755
375316653866487564,4048581072597620736,0.4856299,2265.0586592225227,0.10656074919834128,1.3572909E-5,19.227175,0.018766379,0.39050496,0.00888575,0.028745366,0.008685032,0.31461537,0.044215303,0.78118455,0.011532123,0.10160504,0.011835402,0.41787297,0.07686583,null,null,null,null,"TWOGAUSSIANS",8,5.258208,0.78118455,0.011532123,0.4,0.0,0.4178605,0.07686926,0.39053497,0.008879675,0.16097406,0.04863618,0.31486046,0.044427622
375316653866487564,4048581313116128256,0.47089973,2265.6526816326455,0.5404878049311524,4.648812E-5,19.114058,0.09847867,0.3906895,0.020631531,0.147224,0.050067715,0.36913082,0.079229556,0.8452605,0.015856154,0.08269683,0.02484496,0.3182267,0.11325301,null,null,null,null,"TWOGAUSSIANS",8,9.551527,0.3906895,0.020631531,0.4,0.0,0.32895875,0.044675265,0.8452605,0.015856154,0.4,0.05152292,0.28158146,0.096183375
375316653866487564,4048581343131373952,0.5368546,2207.0564422366233,2.5475025076094893,2.0755115E-5,18.644028,0.13303615,0.2021661,0.0077348626,0.107671514,0.032272704,0.32550547,0.13478094,0.7100169,0.006756101,0.09930209,0.037458397,0.31557298,0.11920045,null,null,null,null,"TWOGAUSSIANS",8,3.928045,0.2021661,0.007779514,0.4,0.0,0.2939286,0.042721536,0.71002686,0.0067044357,0.4,0.0,0.28400823,0.05115012
375316653866487564,4048581347475867520,0.47366628,2250.711643802362,4.22044857649227,5.420434E-5,19.26339,0.21475752,0.25609928,0.008110496,0.0893614,0.023584513,0.38180125,0.14978835,0.76685977,0.013153725,0.16688108,0.07869408,0.34644267,0.20980415,null,null,null,null,"TWOGAUSSIANS",8,7.337469,0.25556928,0.007010007,0.4,0.0,0.2975127,0.04599645,0.76685977,0.013154234,0.4,0.0,0.2542319,0.03208203
375316653866487564,4048581484915070080,0.49369097,2246.8145762443232,0.6209651345025845,3.282959E-5,19.342241,0.1430748,0.20723118,0.012299967,0.19400793,0.06717512,0.24777752,0.13967139,0.73733586,0.0066219014,0.11995244,0.016264392,0.49578878,0.112491325,null,null,null,null,"TWOGAUSSIANS",8,2.3149908,0.7398959,0.004554267,0.4,0.0,0.37467977,0.013102665,0.20620118,0.011674352,0.4,0.0,0.107711665,0.01265687
375316653866487564,4048581588019702144,0.5602651,2197.5473388979567,0.3104573063316153,3.2114844E-5,18.794378,0.010265896,0.1619806,0.0049700085,0.028170384,0.003533228,0.33423945,0.071645856,0.6593499,0.051315278,0.066878036,0.038310893,0.27571657,0.07623829,null,null,null,null,"TWOGAUSSIANS",8,2.9184647,0.1619806,0.0049700085,0.15775415,0.019786077,0.334239,0.07164944,0.6593499,0.051315278,0.37451702,0.14189894,0.27571613,0.07620512
375316653866487564,4048581828512132352,0.5352428,2199.74208659335,3.0562342044028195,2.6059974E-5,19.453829,0.0466115,0.23600636,0.008320299,0.0865272,0.015176907,0.39589104,0.04521387,0.74997973,0.0053567607,0.09614084,0.012715585,0.47605613,0.05362283,null,null,null,null,"TWOGAUSSIANS",8,2.9902215,0.74997973,0.0053567607,0.4,0.0,0.4594218,0.045276918,0.23600636,0.008320299,0.4,0.0,0.37925828,0.029253334
375316653866487564,4048581862871985024,0.4501903,2268.285982468388,0.9827374901826019,3.4969155E-5,18.999577,0.063731745,0.2721862,0.018591898,0.15314777,0.03365196,0.29028106,0.069391504,0.8485,0.0043725655,0.019217875,0.010301618,0.6064098,1.2210443,null,null,null,null,"TWOGAUSSIANS",8,10.020913,0.84857,0.0041874587,0.1076201,0.05768906,0.6100884,1.2183114,0.2721862,0.018591898,0.4,0.0,0.28738987,0.061885267
375316653866487564,4048581897231725824,0.4600168,2261.5998447668735,0.3398107193251646,3.9642353E-5,18.943064,0.008081512,0.16154759,0.006800627,0.033025905,0.01160786,0.07881097,0.044971094,0.6900319,0.026338292,0.06312801,0.039366454,0.11086933,1.4886161,0.11149257,0.04533925,0.16154759,0.006800627,"TWOGAUSSIANS_WITH_ELLIPSOIDAL_ON_ECLIPSE1",9,10.517208,0.6900319,0.026338292,0.35351688,0.19574347,0.32678127,1.4876952,0.16154759,0.006800627,0.18494508,0.06500401,0.3017894,0.04843096
375316653866487564,4048582064680763776,0.41488004,2239.700674335401,2.9417863642075415,7.5158496E-5,19.208637,0.03664232,0.5166639,0.020685146,0.15434659,0.053317066,0.25003302,0.0608577,0.92277944,0.023800781,0.04512158,0.011425712,0.10233805,0.024309747,null,null,null,null,"TWOGAUSSIANS",8,7.0699177,0.5166639,0.020685146,0.4,0.0,0.24541372,0.0763127,0.92277944,0.023800781,0.25268084,0.06398399,0.10571721,0.025367059
