Gaia/vari_eclipsing_binary/VariEclipsingBinary_483477-483508.csv
# %ECSV 1.0
# ---
# delimiter: ','
# meta: !!omap
# - RELEASE: Gaia DR3
# - TABLE: vari_eclipsing_binary
# - DESCRIPTION: >
#     This table describes the properties of the eclipsing binaries resulting from the variability analysis. 
# - CITATION: >
#     How to cite and acknowledge Gaia: 
#     https://gea.esac.esa.int/archive/documentation/credits.html 
# - KNOWN_ISSUES: >
#     Known issues: 
#     https://www.cosmos.esa.int/web/gaia-users/known-issues 
# - DOCUMENTATION: >
#     Tutorials and documentation: 
#     https://www.cosmos.esa.int/web/gaia-users/archive 
# datatype:
# - 
#   name: solution_id
#   datatype: int64
#   description: Solution Identifier
#   meta:
#     ucd: meta.version
# - 
#   name: source_id
#   datatype: int64
#   description: Unique source identifier
#   meta:
#     ucd: meta.id;meta.main
# - 
#   name: global_ranking
#   datatype: float32
#   description: Number between 0 (worst) and 1 (best)
#   meta:
#     ucd: stat.param
# - 
#   name: reference_time
#   datatype: float64
#   unit: d
#   description: Reference time used for the geometric model fit
#   meta:
#     ucd: time.epoch
# - 
#   name: frequency
#   datatype: float64
#   unit: d**-1
#   description: Frequency of geometric model of the eclipsing binary light curve
#   meta:
#     ucd: src.orbital
# - 
#   name: frequency_error
#   datatype: float32
#   unit: d**-1
#   description: "Uncertainty of \\texttt{frequency}"
#   meta:
#     ucd: stat.error
# - 
#   name: geom_model_reference_level
#   datatype: float32
#   unit: mag
#   description: Magnitude reference level of geometric model
#   meta:
#     ucd: phot.mag;em.opt
# - 
#   name: geom_model_reference_level_error
#   datatype: float32
#   unit: mag
#   description: "Uncertainty of \\texttt{geomModelReferenceLevel}"
#   meta:
#     ucd: stat.error;phot.mag;em.opt
# - 
#   name: geom_model_gaussian1_phase
#   datatype: float32
#   description: Phase of the Gaussian 1 component
#   meta:
#     ucd: time.phase
# - 
#   name: geom_model_gaussian1_phase_error
#   datatype: float32
#   description: "Uncertainty of \\texttt{geomModelGaussian1Phase}"
#   meta:
#     ucd: stat.error;time.phase
# - 
#   name: geom_model_gaussian1_sigma
#   datatype: float32
#   description: "Standard deviation [phase] of Gaussian 1 component"
#   meta:
#     ucd: stat.stdev
# - 
#   name: geom_model_gaussian1_sigma_error
#   datatype: float32
#   description: "Uncertainty of \\texttt{geomModelGaussian1Sigma}"
#   meta:
#     ucd: stat.error
# - 
#   name: geom_model_gaussian1_depth
#   datatype: float32
#   unit: mag
#   description: Magnitude depth of Gaussian 1 component
#   meta:
#     ucd: src.var.amplitude
# - 
#   name: geom_model_gaussian1_depth_error
#   datatype: float32
#   unit: mag
#   description: "Uncertainty of \\texttt{geomModelGaussian1Depth}"
#   meta:
#     ucd: stat.error;src.var.amplitude
# - 
#   name: geom_model_gaussian2_phase
#   datatype: float32
#   description: Phase of Gaussian 2 component
#   meta:
#     ucd: time.phase
# - 
#   name: geom_model_gaussian2_phase_error
#   datatype: float32
#   description: "Uncertainty of \\texttt{geomModelGaussian2Phase}"
#   meta:
#     ucd: stat.error;time.phase
# - 
#   name: geom_model_gaussian2_sigma
#   datatype: float32
[...]
#   datatype: float32
#   description: "Secondary eclipse: uncertainty of \\texttt{derivedSecondaryEclDuration}"
#   meta:
#     ucd: stat.error;time.duration
# - 
#   name: derived_secondary_ecl_depth
#   datatype: float32
#   unit: mag
#   description: "Secondary eclipse: depth"
#   meta:
#     ucd: src.var.amplitude
# - 
#   name: derived_secondary_ecl_depth_error
#   datatype: float32
#   unit: mag
#   description: "Secondary eclipse: uncertainty of \\texttt{derivedSecondaryEclDepth}"
#   meta:
#     ucd: stat.error;src.var.amplitude
solution_id,source_id,global_ranking,reference_time,frequency,frequency_error,geom_model_reference_level,geom_model_reference_level_error,geom_model_gaussian1_phase,geom_model_gaussian1_phase_error,geom_model_gaussian1_sigma,geom_model_gaussian1_sigma_error,geom_model_gaussian1_depth,geom_model_gaussian1_depth_error,geom_model_gaussian2_phase,geom_model_gaussian2_phase_error,geom_model_gaussian2_sigma,geom_model_gaussian2_sigma_error,geom_model_gaussian2_depth,geom_model_gaussian2_depth_error,geom_model_cosine_half_period_amplitude,geom_model_cosine_half_period_amplitude_error,geom_model_cosine_half_period_phase,geom_model_cosine_half_period_phase_error,model_type,num_model_parameters,reduced_chi2,derived_primary_ecl_phase,derived_primary_ecl_phase_error,derived_primary_ecl_duration,derived_primary_ecl_duration_error,derived_primary_ecl_depth,derived_primary_ecl_depth_error,derived_secondary_ecl_phase,derived_secondary_ecl_phase_error,derived_secondary_ecl_duration,derived_secondary_ecl_duration_error,derived_secondary_ecl_depth,derived_secondary_ecl_depth_error
[from data line 188]
375316653866487564,4252750314490756608,0.43404746,2217.287339971475,0.8644481887629525,2.685345E-5,17.954817,0.00789567,null,null,null,null,null,null,null,null,null,null,null,null,0.083766535,0.015322556,0.21312428,0.008430392,"ELLIPSOIDAL",4,8.757581,null,null,null,null,null,null,null,null,null,null,null,null
375316653866487564,4252750761183191552,0.5415033,2287.289866100603,2.469052316780972,8.761998E-5,19.566137,0.013297176,0.40846652,0.02556285,0.07314676,0.011823668,0.7928296,0.22990412,0.6622994,0.005553448,0.038645938,0.0062313266,0.081008896,0.007960114,null,null,null,null,"TWOGAUSSIANS",8,2.2168357,0.40846652,0.02556285,0.4,0.04656411,0.7928296,0.22990412,0.6622994,0.005553448,0.21641727,0.034895428,0.0829331,0.008594061
375316653866487564,4252751070364045696,0.46274942,2272.6239914500893,1.9086044532254154,3.269667E-5,18.477383,0.06532543,0.23980622,0.016027749,0.0835912,0.017377822,0.1179528,0.041013036,0.6748239,0.024573896,0.16949883,0.053581882,0.23542674,0.05946123,null,null,null,null,"TWOGAUSSIANS",8,1.7373885,0.6748239,0.024573896,0.4,0.0,0.2059005,0.027819062,0.24756622,0.010465092,0.4,0.0,0.09851983,0.015261779
375316653866487564,4252751585800980352,0.7151199,2213.249164429509,1.5683185474533825,4.9797174E-5,14.698301,0.0014676169,0.5203473,5.564733E-4,0.05937056,9.142888E-4,0.3585399,0.0045844777,0.9006471,0.0071368623,0.04913957,0.013042889,0.0075250384,0.002999603,null,null,null,null,"TWOGAUSSIANS",8,3.6945784,0.5203473,5.564733E-4,0.33247513,0.0051200176,0.3585399,0.0045844926,0.9006471,0.0071368623,0.2751816,0.07304018,0.007525029,0.002999602
375316653866487564,4252752096808195840,0.5353635,2250.4302623883,0.7192213373245365,2.9821533E-5,18.267841,0.011883245,0.21355046,0.003778308,0.029236594,0.0021137525,0.55476046,0.044534173,0.61126864,0.028023375,0.13191882,0.031912144,0.08761663,0.017452529,null,null,null,null,"TWOGAUSSIANS",8,4.8519278,0.21358047,0.003755032,0.16372493,0.011837015,0.55549335,0.04552833,0.61126864,0.028023375,0.4,0.0,0.08741579,0.017272921
375316653866487564,4252752169916588288,0.49232805,2224.981052651647,2.31646595158221,5.6898007E-5,18.432526,0.07122887,0.3470739,0.008939682,0.1041462,0.024633648,0.22647454,0.067704916,0.84769094,0.015201409,0.12173542,0.042432707,0.23608156,0.066159785,null,null,null,null,"TWOGAUSSIANS",8,5.4789443,0.84769094,0.015214126,0.4,0.0,0.19648837,0.0112837935,0.3470739,0.0089141475,0.4,0.0,0.18697943,0.013726568
375316653866487564,4252752204276289664,0.58586556,2220.010439875017,2.8723165265587647,1.2273226E-5,17.340446,0.08573607,0.27008298,0.005969493,0.10931379,0.021298414,0.38389683,0.07927792,0.763831,0.0037316296,0.09311735,0.032739367,0.34793013,0.040177893,null,null,null,null,"TWOGAUSSIANS",8,9.810727,0.27008298,0.005958417,0.4,0.0,0.35183004,0.022209594,0.763831,0.0037316296,0.4,0.0,0.31588563,0.05476029
375316653866487564,4252752238596158464,0.59399,2221.088479870887,0.4407123362028595,1.3579102E-5,18.435963,0.0075820363,0.26897305,0.0037268666,0.051799826,0.0034206037,0.6927744,0.038186044,0.77881587,0.006551451,0.050958153,0.012475294,0.44902813,0.21017265,null,null,null,null,"TWOGAUSSIANS",8,5.051398,0.26897305,0.0037268666,0.29007903,0.019155381,0.69276935,0.03818478,0.77881587,0.006551451,0.28536567,0.06986165,0.4490231,0.21019904
375316653866487564,4252752719671724160,0.5606635,2287.1103734959997,1.5910431881631968,9.000738E-6,15.843136,0.0013811081,null,null,null,null,null,null,null,null,null,null,null,null,0.061049677,0.0017784978,0.27663454,0.0022755275,"ELLIPSOIDAL",4,7.083732,null,null,null,null,null,null,null,null,null,null,null,null
375316653866487564,4252752925787352576,0.57276917,2263.418150686452,2.474545958881935,2.9325054E-5,18.26756,0.009525573,0.20022835,0.0046244212,0.07118759,0.0052108765,0.3923905,0.020900078,0.71143806,0.0048515275,0.075558685,0.0051997453,0.426669,0.026886716,null,null,null,null,"TWOGAUSSIANS",8,4.1159635,0.71143806,0.0048515275,0.4,0.0,0.42477158,0.027145755,0.20022835,0.0046244212,0.39865053,0.013786514,0.39049307,0.02130571
375316653866487564,4252753028909374720,0.6434667,2250.3294526506115,1.7857840590427319,8.969533E-6,16.42145,0.0050293547,0.2966226,0.00137267,0.070268996,0.0038902543,0.34723842,0.014845066,0.80060136,0.005937571,0.08341684,0.007038769,0.12706113,0.008953217,null,null,null,null,"TWOGAUSSIANS",8,3.5326464,0.2966226,0.00137267,0.39350638,0.012342577,0.34541675,0.015303195,0.80060136,0.005937571,0.4,0.0,0.12523946,0.008883598
375316653866487564,4252754403265604736,0.4665144,2277.0164976719816,4.154626694875669,7.0018206E-5,18.06253,0.0161918,0.28776354,0.047226544,0.08372522,0.07064745,0.08953896,0.026647564,0.78193444,0.007466928,0.08538679,0.013830764,0.081497476,0.016938731,null,null,null,null,"TWOGAUSSIANS",8,1.9711486,0.28776354,0.047226544,0.4,0.0,0.08759081,0.033757783,0.78193444,0.0074608917,0.4,0.0,0.07954933,0.0074697626
375316653866487564,4252755193574482304,0.63466567,2284.0228312805043,1.2486103694067379,6.102482E-6,17.125978,0.011891251,0.2780679,0.007319539,0.046094242,0.012349726,0.17579378,0.0786787,0.77855027,0.0096709365,0.044662427,0.0042135576,0.81734914,0.13493057,0.04075546,0.015818724,0.2780679,0.007319539,"TWOGAUSSIANS_WITH_ELLIPSOIDAL_ON_ECLIPSE1",9,9.570496,0.77855027,0.009548687,0.2501096,0.023595922,0.8988591,0.12832445,0.2780679,0.007319539,0.25812778,0.069158465,0.2573045,0.07107227
375316653866487564,4252755227900144512,0.4658712,2313.31202061783,1.2021478126729541,7.616792E-5,19.190826,0.009229111,0.2261884,0.006406588,0.0549919,0.009348627,0.18790004,0.05162337,0.6857004,0.056628935,0.058918655,0.030720683,0.23781633,1.556958,null,null,null,null,"TWOGAUSSIANS",8,3.5432966,0.6857004,0.056628935,0.32994446,0.17203583,0.23781085,1.5569639,0.2261884,0.006406588,0.30795464,0.052352313,0.18789455,0.051640302
375316653866487564,4252755846408797568,0.6414907,2228.87732033567,0.7051023081932006,2.538852E-5,12.867326,0.004774224,0.12155031,0.0012070094,0.025979612,0.001099681,0.5566941,0.024442721,0.6333294,0.006096874,0.022338744,0.0053432453,0.4479054,0.046428807,0.024643192,0.00998686,0.6333294,0.006096874,"TWOGAUSSIANS_WITH_ELLIPSOIDAL_ON_ECLIPSE2",9,360.2683,0.121610306,0.0012024962,0.14548582,0.0061582136,0.60571223,0.023545152,0.6333294,0.006096874,0.12509698,0.029922174,0.49719176,0.045282833
375316653866487564,4252756980242328064,0.5114354,2262.32190075138,3.102726273361126,7.6745986E-5,19.333847,0.0065282607,0.36280486,0.01352017,0.049724396,0.008454883,0.36063623,0.15127626,0.7682188,0.0049661547,0.013263668,0.0050656395,0.06986543,0.012360253,null,null,null,null,"TWOGAUSSIANS",8,1.8697059,0.36280486,0.01352017,0.27845663,0.04734734,0.36063623,0.15127626,0.7682188,0.0049661547,0.074276544,0.02836758,0.06986543,0.012360253
375316653866487564,4252757937995692160,0.5359413,2319.920192210634,3.0864721407402667,2.7018492E-5,17.958927,0.029594207,0.30111998,0.013202422,0.07851629,0.031068774,0.37420177,0.113975786,0.7951304,0.0052676657,0.07683792,0.011436446,0.28694338,0.029183254,null,null,null,null,"TWOGAUSSIANS",8,8.59275,0.30111998,0.013202422,0.4,0.0,0.37094167,0.12946557,0.7951304,0.0052676657,0.4,0.0,0.28368327,0.021560127
375316653866487564,4252758870066497152,0.52178395,2328.4781410638043,0.7816400398665284,7.200267E-5,18.968468,0.007010334,0.3705341,2.1551992E-4,0.013027891,5.5615144E-4,0.33302,0.0015323064,0.89365375,0.012523297,0.040579293,0.020584721,0.058244795,0.012074644,null,null,null,null,"TWOGAUSSIANS",8,1.6920413,0.3705341,2.1551992E-4,0.07295619,0.003114448,0.33302,0.0015323064,0.89365375,0.012523297,0.22724405,0.11527444,0.058244795,0.012074644
375316653866487564,4252758900048352384,0.56128436,2337.4140099626275,0.16800473027917948,3.5995065E-5,18.316761,0.0072418614,0.13981232,0.07219796,0.033347838,0.028155832,0.8073723,1.4634305,null,null,null,null,null,null,null,null,null,null,"ONEGAUSSIAN",5,10.132181,0.13981232,0.07219796,0.1867479,0.15767266,0.8073723,0.0,null,null,null,null,null,null
375316653866487564,4252759209286041472,0.6350734,2314.962584568381,2.1257455843468502,1.00851634E-4,16.501045,0.0018883487,0.38220438,0.004986565,0.057885505,0.0043919254,0.572799,0.023620494,null,null,null,null,null,null,null,null,null,null,"ONEGAUSSIAN",5,8.853058,0.38220438,0.004986565,0.32415882,0.024594782,0.572799,0.0,null,null,null,null,null,null
375316653866487564,4252759866460742528,0.52815956,2243.160274066904,3.380825453261925,1.898929E-5,18.541348,0.021071136,0.2720722,0.0066397935,0.087738246,0.011420793,0.2740657,0.02092367,0.7827064,0.0018377044,0.069289945,0.011674019,0.67841613,0.33935177,null,null,null,null,"TWOGAUSSIANS",8,3.5657265,0.7827064,0.0018377044,0.3880237,0.056858674,0.67437845,0.3434419,0.2720722,0.0066397935,0.4,0.0,0.27002797,0.018161343
375316653866487564,4252760274438039936,0.599397,2250.2735352229015,0.517850548835675,2.9492667E-5,18.028355,0.007592558,0.18577538,0.0076294625,0.058232103,0.0067046406,0.2576765,0.097865015,0.7010089,0.0070066256,0.07140765,0.007905912,0.63232225,0.048357327,null,null,null,null,"TWOGAUSSIANS",8,4.9695363,0.7010089,0.0070066256,0.39988285,0.030180939,0.6320112,0.04852742,0.18577538,0.0076294625,0.32609978,0.037545986,0.2573654,0.098039314
375316653866487564,4252760755474280064,0.6009032,2335.7893389137207,1.582361583164695,1.0403311E-5,15.850279,0.0075921468,0.29651093,0.0021960197,0.07107275,0.0033224605,0.28051123,0.022937937,0.79619557,0.0030127475,0.08882176,0.009285962,0.1177899,0.006640039,null,null,null,null,"TWOGAUSSIANS",8,8.395973,0.29651093,0.0021960197,0.39800742,0.011355376,0.27797753,0.022660557,0.79619557,0.0030127475,0.4,0.0,0.11525617,0.0066395616
375316653866487564,4252761240888370304,0.541818,2307.908703441483,0.21060265335016437,3.968629E-5,15.39896,0.03293794,0.17304917,0.011456141,0.040482964,0.009863192,0.6145284,0.09756095,0.92322,0.021883532,0.011940989,0.01021534,0.37190685,17.46096,0.015873255,0.045874808,0.92322,0.021883532,"TWOGAUSSIANS_WITH_ELLIPSOIDAL_ON_ECLIPSE2",9,320.68463,0.17304917,0.011549049,0.2267046,0.055233877,0.6145282,0.09761834,0.92322,0.021883532,0.066869535,0.057205904,0.40365312,17.464012
375316653866487564,4252761756284430720,0.6885218,2238.990867273666,0.4501601982879909,2.1673251E-4,15.128333,0.0017804583,0.77969414,0.009137139,0.04194679,0.015717346,0.027580785,0.010851446,0.53292006,0.043974757,0.04399069,0.018882513,0.69390154,0.2164867,null,null,null,null,"TWOGAUSSIANS",8,20.497124,0.53292006,0.043974757,0.24634786,0.10574207,0.69390154,0.2164867,0.77969414,0.009099194,0.23490204,0.088017136,0.027580887,0.010852245
375316653866487564,4252762409118837504,0.6120942,2233.5527087964306,0.5558710873011319,4.1492374E-5,13.659733,6.4600847E-4,0.22229214,0.0025229633,0.02808046,0.0030055416,0.06837174,0.0058677434,0.7276729,1.7179517E-4,0.020894255,0.0012616601,0.08617984,5.115935E-4,0.009014369,0.0012274447,0.22229214,0.0025229633,"TWOGAUSSIANS_WITH_ELLIPSOIDAL_ON_ECLIPSE1",9,7.129829,0.7276729,1.7179517E-4,0.11700783,0.007065297,0.10418796,0.002795173,0.22229214,0.0025229633,0.15725057,0.016831033,0.086400464,0.006067628
375316653866487564,4252763783508286976,0.5333345,2199.540063815781,0.5408941734046769,4.1101128E-5,13.17895,0.0014908519,0.36466283,0.037785485,0.057184685,0.020171538,0.36878982,0.22190055,0.75132555,0.004140361,0.013397396,0.0034152342,0.02701449,0.013790432,0.0022234584,0.002413154,0.75132555,0.004140361,"TWOGAUSSIANS_WITH_ELLIPSOIDAL_ON_ECLIPSE2",9,59.017464,0.3644228,0.038063213,0.32023424,0.092094414,0.37134135,0.22152768,0.75132555,0.004140361,0.07502542,0.019125313,0.031461388,0.014763115
375316653866487564,4252764092745999104,0.56767994,2262.087622434592,0.0878900308768594,5.2834643E-5,16.157698,0.0043806075,0.3177659,0.007999639,0.058011685,0.0061419415,0.37370905,0.01776859,0.83494025,0.044686276,0.070407204,0.027166506,0.4946662,0.65033054,null,null,null,null,"TWOGAUSSIANS",8,8.305397,0.83494025,0.044686276,0.39428034,0.0986892,0.4944053,0.6510918,0.3177659,0.007999639,0.32486543,0.03439487,0.37344816,0.017817989
375316653866487564,4252764878659272320,0.6210463,2210.0599233645644,2.4661079913464126,7.3979063E-6,16.762503,0.032150235,0.29929185,0.0014043725,0.06439455,0.009435879,0.350342,0.050277244,0.80172855,0.005845728,0.06163854,0.0072721676,0.33561555,0.07061298,0.08214189,0.033982515,0.29929185,0.0014043725,"TWOGAUSSIANS_WITH_ELLIPSOIDAL_ON_ECLIPSE1",9,15.096773,0.29929185,0.0014043725,0.36060947,0.052840922,0.5143635,0.037571173,0.80172855,0.0055322153,0.34517583,0.040724136,0.49959856,0.016096085
375316653866487564,4252765054780617856,0.58973116,2157.0980910881317,2.4261182488963198,1.784083E-5,17.75983,0.022045838,0.22311364,0.007642656,0.08284894,0.010503746,0.37339446,0.047961786,0.72939426,0.006471861,0.08151758,0.011185663,0.3630976,0.020329397,null,null,null,null,"TWOGAUSSIANS",8,5.2659445,0.22311364,0.007642656,0.4,0.0,0.36698303,0.04771264,0.72939426,0.006471861,0.4,0.0,0.35668617,0.01633204
375316653866487564,4252765054780640768,0.45421603,2187.7935037129964,0.9401997277854682,3.9965224E-5,18.556051,0.0076608337,0.28145024,0.005913528,0.0294499,0.0083862115,0.11651268,0.03579989,0.741054,0.029065853,0.038932327,0.029104192,0.08913547,0.033851914,null,null,null,null,"TWOGAUSSIANS",8,3.3468432,0.28145024,0.005913528,0.16491944,0.046962783,0.11651268,0.03579989,0.741054,0.029065853,0.21802104,0.16298348,0.08913547,0.033851914
375316653866487564,4252765222239142016,0.65316945,2144.2976709218538,1.9010800891442907,1.4003539E-5,18.462528,0.0071113887,0.31785363,0.0051431484,0.058163404,0.0049169464,0.20251004,0.0150434105,0.8165172,0.0051355776,0.05933347,0.004428845,0.72804815,0.049596038,null,null,null,null,"TWOGAUSSIANS",8,1.5375091,0.8165172,0.0051355776,0.33226743,0.02480153,0.7279631,0.049618743,0.31785363,0.0051431484,0.32571507,0.0275349,0.20242497,0.015051463
375316653866487564,4252766016891552000,0.49250293,2270.0913449736063,1.8220215193066505,4.27305E-5,17.982838,0.026569912,0.2756002,0.007862852,0.09095303,0.019226978,0.12153162,0.025422493,0.783573,0.007513082,0.11984674,0.035835624,0.08942716,0.024105465,null,null,null,null,"TWOGAUSSIANS",8,2.8700259,0.2755802,0.0078847725,0.4,0.0,0.11056586,0.0130670145,0.783573,0.007513082,0.4,0.0,0.078430675,0.008672436
375316653866487564,4252766218671505280,0.530851,2248.79438942416,0.8439481739201286,9.7246055E-5,17.699629,0.007569708,0.39826894,1.0080551E-4,0.011223926,3.7265688E-4,4.5792055,0.6357127,0.753302,0.013791772,0.04650957,0.015889406,0.09716068,0.010837397,0.022398908,0.013683849,0.39826894,1.0080551E-4,"TWOGAUSSIANS_WITH_ELLIPSOIDAL_ON_ECLIPSE1",9,16.467974,0.39826894,1.0080551E-4,0.06285399,0.0020868785,4.6240034,0.6569426,0.759532,0.017289743,0.2604536,0.088980675,0.11484438,0.018833844
375316653866487564,4252767283824615808,0.58859676,2280.2804926039294,0.7029136195556266,5.7698053E-6,16.951511,0.0035785108,0.3976985,0.0015014069,0.02561384,0.0017178152,0.17789109,0.010449486,0.8981694,0.004626659,0.023114108,0.0030877374,0.22672905,0.016494276,null,null,null,null,"TWOGAUSSIANS",8,6.7369137,0.8981694,0.004626659,0.129439,0.01729133,0.22672905,0.016494276,0.3976985,0.0015014069,0.1434375,0.009619765,0.17789109,0.010449486
375316653866487564,4252767666121834496,0.54439497,2269.3998233272796,2.5425497775204007,2.0577083E-5,19.544853,0.0072173043,0.31797945,0.02671613,0.07039409,0.010821131,0.4316481,0.13187952,0.82450104,0.005106919,0.0629399,0.004215895,0.38575795,0.009750344,null,null,null,null,"TWOGAUSSIANS",8,1.2722249,0.31797945,0.02671613,0.3942069,0.026268154,0.43104738,0.13145493,0.82450104,0.005106919,0.35246342,0.023609012,0.38515723,0.009540886
