Gaia/vari_eclipsing_binary/VariEclipsingBinary_161703-163359.csv
# %ECSV 1.0
# ---
# delimiter: ','
# meta: !!omap
# - RELEASE: Gaia DR3
# - TABLE: vari_eclipsing_binary
# - DESCRIPTION: >
#     This table describes the properties of the eclipsing binaries resulting from the variability analysis. 
# - CITATION: >
#     How to cite and acknowledge Gaia: 
#     https://gea.esac.esa.int/archive/documentation/credits.html 
# - KNOWN_ISSUES: >
#     Known issues: 
#     https://www.cosmos.esa.int/web/gaia-users/known-issues 
# - DOCUMENTATION: >
#     Tutorials and documentation: 
#     https://www.cosmos.esa.int/web/gaia-users/archive 
# datatype:
# - 
#   name: solution_id
#   datatype: int64
#   description: Solution Identifier
#   meta:
#     ucd: meta.version
# - 
#   name: source_id
#   datatype: int64
#   description: Unique source identifier
#   meta:
#     ucd: meta.id;meta.main
# - 
#   name: global_ranking
#   datatype: float32
#   description: Number between 0 (worst) and 1 (best)
#   meta:
#     ucd: stat.param
# - 
#   name: reference_time
#   datatype: float64
#   unit: d
#   description: Reference time used for the geometric model fit
#   meta:
#     ucd: time.epoch
# - 
#   name: frequency
#   datatype: float64
#   unit: d**-1
#   description: Frequency of geometric model of the eclipsing binary light curve
#   meta:
#     ucd: src.orbital
# - 
#   name: frequency_error
#   datatype: float32
#   unit: d**-1
#   description: "Uncertainty of \\texttt{frequency}"
#   meta:
#     ucd: stat.error
# - 
#   name: geom_model_reference_level
#   datatype: float32
#   unit: mag
#   description: Magnitude reference level of geometric model
#   meta:
#     ucd: phot.mag;em.opt
# - 
#   name: geom_model_reference_level_error
#   datatype: float32
#   unit: mag
#   description: "Uncertainty of \\texttt{geomModelReferenceLevel}"
#   meta:
#     ucd: stat.error;phot.mag;em.opt
# - 
#   name: geom_model_gaussian1_phase
#   datatype: float32
#   description: Phase of the Gaussian 1 component
#   meta:
#     ucd: time.phase
# - 
#   name: geom_model_gaussian1_phase_error
#   datatype: float32
#   description: "Uncertainty of \\texttt{geomModelGaussian1Phase}"
#   meta:
#     ucd: stat.error;time.phase
# - 
#   name: geom_model_gaussian1_sigma
#   datatype: float32
#   description: "Standard deviation [phase] of Gaussian 1 component"
#   meta:
#     ucd: stat.stdev
# - 
#   name: geom_model_gaussian1_sigma_error
#   datatype: float32
#   description: "Uncertainty of \\texttt{geomModelGaussian1Sigma}"
#   meta:
#     ucd: stat.error
# - 
#   name: geom_model_gaussian1_depth
#   datatype: float32
#   unit: mag
#   description: Magnitude depth of Gaussian 1 component
#   meta:
#     ucd: src.var.amplitude
# - 
#   name: geom_model_gaussian1_depth_error
#   datatype: float32
#   unit: mag
#   description: "Uncertainty of \\texttt{geomModelGaussian1Depth}"
#   meta:
#     ucd: stat.error;src.var.amplitude
# - 
#   name: geom_model_gaussian2_phase
#   datatype: float32
#   description: Phase of Gaussian 2 component
#   meta:
#     ucd: time.phase
# - 
#   name: geom_model_gaussian2_phase_error
#   datatype: float32
#   description: "Uncertainty of \\texttt{geomModelGaussian2Phase}"
#   meta:
#     ucd: stat.error;time.phase
# - 
#   name: geom_model_gaussian2_sigma
#   datatype: float32
[...]
#   datatype: float32
#   description: "Secondary eclipse: uncertainty of \\texttt{derivedSecondaryEclDuration}"
#   meta:
#     ucd: stat.error;time.duration
# - 
#   name: derived_secondary_ecl_depth
#   datatype: float32
#   unit: mag
#   description: "Secondary eclipse: depth"
#   meta:
#     ucd: src.var.amplitude
# - 
#   name: derived_secondary_ecl_depth_error
#   datatype: float32
#   unit: mag
#   description: "Secondary eclipse: uncertainty of \\texttt{derivedSecondaryEclDepth}"
#   meta:
#     ucd: stat.error;src.var.amplitude
solution_id,source_id,global_ranking,reference_time,frequency,frequency_error,geom_model_reference_level,geom_model_reference_level_error,geom_model_gaussian1_phase,geom_model_gaussian1_phase_error,geom_model_gaussian1_sigma,geom_model_gaussian1_sigma_error,geom_model_gaussian1_depth,geom_model_gaussian1_depth_error,geom_model_gaussian2_phase,geom_model_gaussian2_phase_error,geom_model_gaussian2_sigma,geom_model_gaussian2_sigma_error,geom_model_gaussian2_depth,geom_model_gaussian2_depth_error,geom_model_cosine_half_period_amplitude,geom_model_cosine_half_period_amplitude_error,geom_model_cosine_half_period_phase,geom_model_cosine_half_period_phase_error,model_type,num_model_parameters,reduced_chi2,derived_primary_ecl_phase,derived_primary_ecl_phase_error,derived_primary_ecl_duration,derived_primary_ecl_duration_error,derived_primary_ecl_depth,derived_primary_ecl_depth_error,derived_secondary_ecl_phase,derived_secondary_ecl_phase_error,derived_secondary_ecl_duration,derived_secondary_ecl_duration_error,derived_secondary_ecl_depth,derived_secondary_ecl_depth_error
375316653866487564,1422446267392874752,0.4366121,2214.405876892625,2.084455963435776,1.1552204E-5,19.77349,0.011878304,0.34329298,0.022309655,0.15215458,0.027980186,0.10830459,0.019856947,0.74336565,0.0021668696,0.02677362,0.004577418,0.9083978,0.48322216,null,null,null,null,"TWOGAUSSIANS",8,2.2836854,0.74336565,0.0021668696,0.14993227,0.02563354,0.9107566,0.48381138,0.34329298,0.022309655,0.4,0.0,0.107203,0.019941453
375316653866487564,1422457296869193856,0.69980574,2206.529546625095,1.7015968057786568,3.6453412E-6,11.325952,0.0046102414,0.32262278,7.8117E-4,0.045180224,0.0010342608,0.5369165,0.011115664,0.8246937,0.0027922266,0.042166337,0.004107197,0.1017934,0.020389376,0.066421114,0.0056143156,0.8246937,0.0027922266,"TWOGAUSSIANS_WITH_ELLIPSOIDAL_ON_ECLIPSE2",9,62.352943,0.32270277,7.2468515E-4,0.25300926,0.0057918606,0.6697369,0.007352691,0.8246937,0.0027922266,0.23613147,0.023000304,0.23463546,0.016341824
375316653866487564,1422539455299063680,0.40165105,2224.92561603314,0.27268198568252977,4.8051494E-5,17.340437,0.00811259,0.23717746,0.021754917,0.04946412,0.015206311,0.072072916,0.019699657,0.6602425,0.03333863,0.09006736,0.022829881,0.05002556,0.012593968,null,null,null,null,"TWOGAUSSIANS",8,5.1875505,0.23717746,0.021754736,0.2769991,0.08515534,0.07205271,0.019708516,0.6602425,0.03333863,0.4,0.0,0.050004546,0.012590022
375316653866487564,1422576804335174528,0.59058833,2251.802170737439,3.569226780753157,6.8556024E-6,14.264785,0.0109295165,0.2395251,0.002560347,0.090047576,0.004194366,0.3787458,0.011827456,0.72748035,0.0020033887,0.08236191,0.004599736,0.43621248,0.02204991,null,null,null,null,"TWOGAUSSIANS",8,232.23721,0.72748035,0.0020033887,0.4,0.0,0.42638293,0.02330293,0.2395251,0.002560347,0.4,0.0,0.3689161,0.009718779
375316653866487564,1422669708771449216,0.54118896,2142.943968167522,3.223854741457374,1.6602855E-4,18.405638,0.0042395187,0.45202518,0.013472869,0.049958777,0.010743128,0.44772342,0.38541993,0.8410765,0.025858494,0.054030873,0.053646967,0.016306834,0.013820583,null,null,null,null,"TWOGAUSSIANS",8,2.2522485,0.45202518,0.013472869,0.27976915,0.060161516,0.44772342,0.38541996,0.8410765,0.025858494,0.30257288,0.29809967,0.016306829,0.013820616
375316653866487564,1422715514598517888,0.42594895,2254.5006417556656,0.8846390074603019,5.868755E-5,15.060463,7.98961E-4,0.2911906,0.011882698,0.077647015,0.015252627,0.010488986,0.0013581214,0.65736926,0.0037777512,0.018153008,0.004309642,0.010136232,0.008459812,null,null,null,null,"TWOGAUSSIANS",8,3.8654718,0.2911906,0.011882698,0.4,0.013758934,0.010488986,0.0013581222,0.65736926,0.0037777512,0.10165685,0.024133997,0.010136387,0.008459668
375316653866487564,1422716407951714816,0.45900473,2229.824272795811,1.3882590206090775,3.47936E-5,15.492015,0.012995661,0.11745197,0.0049435417,0.03892503,0.0067631863,0.37074515,0.056119822,0.61921173,0.007116535,0.029727211,0.013718236,0.38876402,0.21464287,null,null,null,null,"TWOGAUSSIANS",8,250.66727,0.61921173,0.007116535,0.16647239,0.076822124,0.38876402,0.21464287,0.11745197,0.0049435417,0.21798016,0.03787384,0.37074515,0.056119822
375316653866487564,1422840098714636160,0.48156223,2238.1423206146364,2.881319906061168,9.842662E-6,18.40965,0.0030658718,0.13324156,0.004203979,0.018353287,0.011802138,0.18541728,0.15107216,0.4498028,0.0024409648,0.022033086,0.0027052406,0.16496888,0.054248728,null,null,null,null,"TWOGAUSSIANS",8,2.0752952,0.13324156,0.004203979,0.102778405,0.06609197,0.18541728,0.15107216,0.4498028,0.0024409648,0.12338528,0.015149347,0.16496888,0.054248728
375316653866487564,1422866422569585152,0.6098681,2239.863426491245,3.8847161416803853,9.246977E-6,17.271906,0.018643755,0.23881385,0.002385651,0.04396777,0.008358684,0.21591997,0.039265785,0.73809004,0.006293119,0.045834657,0.012568635,0.22918823,0.03973106,0.1067957,0.023306828,0.23881385,0.002385651,"TWOGAUSSIANS_WITH_ELLIPSOIDAL_ON_ECLIPSE1",9,8.2593355,0.73819005,0.005706476,0.25667408,0.07038435,0.44277546,0.011584927,0.23881385,0.002385651,0.2462195,0.046808634,0.42951104,0.012074218
375316653866487564,1422871885768152064,0.56853956,2258.34601002411,3.1004063871219736,8.153961E-6,14.817079,0.01171986,0.2829275,0.002853155,0.081960484,0.005144772,0.3212184,0.014600203,0.7840496,0.0064825127,0.06924861,0.0051474986,0.26117396,0.016671142,null,null,null,null,"TWOGAUSSIANS",8,128.53203,0.2829275,0.002853155,0.4,0.0,0.3188183,0.014399038,0.7840496,0.0064825127,0.3877922,0.027316898,0.25877386,0.015786557
375316653866487564,1422973311419918976,0.5074963,2165.5507124339456,1.0160577952108039,4.427922E-5,18.257362,0.0035640283,0.30675137,1.7911438E-5,0.009860149,1.2380282E-4,0.54793227,0.0014731309,0.8338628,0.039387256,0.05125459,0.02061407,0.028607907,0.006349642,null,null,null,null,"TWOGAUSSIANS",8,5.0237536,0.30675137,1.7911438E-5,0.055216834,6.932958E-4,0.54793227,0.0014731309,0.8338628,0.039387256,0.28702572,0.1154388,0.028607907,0.006349642
375316653866487564,1422983623637382016,0.6044964,2193.0252239610536,2.6168698463263973,1.1894638E-5,16.166344,0.0051920786,0.31367263,0.0013534479,0.07777845,0.004475476,0.40953383,0.019974098,0.81141907,0.0027085717,0.07489111,0.00261055,0.4565343,0.014579244,null,null,null,null,"TWOGAUSSIANS",8,17.19311,0.81141907,0.0027085717,0.4,0.0,0.45267794,0.014525844,0.31367263,0.0013534479,0.4,0.0,0.40567747,0.020943185
375316653866487564,1423014856639869568,0.4455413,2190.3453316443392,1.2769957820987026,5.5857025E-5,15.425351,0.09484403,0.28980416,0.009981384,0.17848203,0.14117453,0.06327403,0.0881867,0.77632165,0.011814255,0.07904909,0.023247601,0.03332638,0.019310605,null,null,null,null,"TWOGAUSSIANS",8,29.401375,0.28980416,0.009981384,0.4,0.0,0.050014053,0.0066946596,0.77632165,0.011814255,0.4,0.021332663,0.022616314,0.0047970684
375316653866487564,1423022823803142400,0.5798307,2217.5508854327354,2.9795505404669718,7.948564E-6,15.87365,0.008777174,0.1602935,0.0038792312,0.083450474,0.006551047,0.17573327,0.008427393,0.6630978,0.0032695553,0.088012375,0.00435691,0.24272326,0.009045312,null,null,null,null,"TWOGAUSSIANS",8,14.89416,0.6630978,0.0032695553,0.4,0.0,0.23710091,0.0066638347,0.1602935,0.0038792312,0.4,0.0,0.17011096,0.0057628346
375316653866487564,1423049212081563520,0.57974577,2187.6135517657385,3.7881747201308587,1.3421422E-5,16.52665,0.012742818,0.26350212,0.005095912,0.061389316,0.00652665,0.24112542,0.027724016,0.77686983,0.0037264782,0.055900857,0.013814176,0.15180434,0.024923708,0.082150005,0.014593459,0.26350212,0.005095912,"TWOGAUSSIANS_WITH_ELLIPSOIDAL_ON_ECLIPSE1",9,21.477343,0.26350212,0.005095912,0.3437802,0.03654924,0.40536278,0.013312449,0.77686983,0.0037264782,0.31304482,0.077359386,0.31488535,0.03041193
375316653866487564,1423110857748049024,0.5928679,2229.7866465752254,1.8693339299542109,8.921734E-6,16.692188,0.017472053,0.27280977,0.023023773,0.051807635,0.02314734,0.8663337,0.80899537,0.7959286,0.0056345286,0.04116302,0.012598447,0.13266847,0.030445477,0.07444587,0.015426316,0.7959286,0.0056345286,"TWOGAUSSIANS_WITH_ELLIPSOIDAL_ON_ECLIPSE2",9,12.779006,0.27360976,0.022073573,0.29012275,0.115464576,1.0122116,0.82860655,0.7959286,0.0056345286,0.2305129,0.0705513,0.2815585,0.01221471
375316653866487564,1423128656093526912,0.5728679,2218.169141839941,0.5504979183640919,2.4115496E-5,13.530564,7.768121E-4,0.24247824,0.0027154556,0.021680064,0.0017500796,0.17050964,0.025837421,null,null,null,null,null,null,0.012503985,0.0013889776,0.24247824,0.0027154556,"ONEGAUSSIAN_WITH_ELLIPSOIDAL",6,24.175314,0.24247824,0.0027154556,0.121408366,0.009800445,0.1955176,0.026153293,null,null,null,null,null,null
375316653866487564,1423129304631905920,0.52044904,2243.193482521772,3.2352807229921647,3.8576996E-5,19.287212,0.007093181,0.15350871,0.008265729,0.07070736,0.006451104,0.19682628,0.01631294,0.64709055,0.01024687,0.033113237,0.007938541,0.409457,0.055986952,null,null,null,null,"TWOGAUSSIANS",8,1.8994997,0.64709055,0.01024687,0.18543412,0.044455826,0.40945387,0.05598803,0.15350871,0.008265729,0.3959612,0.027664812,0.19682315,0.0163137
375316653866487564,1423163767449185280,0.5206052,2204.8010067126816,1.7016385456187153,1.9082621E-5,17.349417,0.0035612783,0.20743299,0.05604519,0.082539596,0.065895654,0.00974617,0.009814031,0.6859039,0.00835479,0.01823019,0.0058613694,0.15434557,0.011352924,null,null,null,null,"TWOGAUSSIANS",8,4.0188646,0.6859039,0.00835479,0.10208907,0.032823667,0.15434553,0.0113525875,0.20743299,0.05604519,0.4,0.2336535,0.0097461315,0.009813821
375316653866487564,1423197066331535616,0.6255801,2189.9513559571274,2.863536733103457,4.396583E-6,14.794574,0.0070923995,0.2779125,0.002407947,0.046135757,0.004593153,0.15571666,0.016559688,0.7668574,0.005941462,0.049828276,0.00558945,0.22281541,0.018759284,0.11161583,0.008554738,0.2779125,0.002407947,"TWOGAUSSIANS_WITH_ELLIPSOIDAL_ON_ECLIPSE1",9,63.77124,0.7686674,0.0049991366,0.27903834,0.03130092,0.4451473,0.0122115435,0.2779125,0.002407947,0.25836024,0.025721656,0.37894788,0.008183626
375316653866487564,1423210702851802112,0.518591,2187.233440844391,1.314285373492456,2.4132813E-5,18.957638,0.005522838,0.26251546,0.00865954,0.037485834,0.0054207356,0.3507208,0.06526845,0.75307363,0.0018502778,0.037288383,0.0013841481,0.4128827,0.01649188,null,null,null,null,"TWOGAUSSIANS",8,3.0951667,0.75307363,0.0018502778,0.20881493,0.0077512297,0.4128827,0.01649188,0.26251546,0.00865954,0.20992067,0.030356118,0.3507208,0.06526845
375316653866487564,1423265339131723520,0.47158793,2166.6582041452734,2.4398191378834966,2.3886732E-5,17.479298,0.06890772,0.2745542,0.007600851,0.10994965,0.026890991,0.21213585,0.066124,0.77967525,0.004354174,0.113879055,0.034099396,0.17438032,0.06400292,null,null,null,null,"TWOGAUSSIANS",8,13.264812,0.27454418,0.0076155425,0.4,0.0,0.18212071,0.0153496275,0.77968526,0.004394568,0.4,0.0,0.14435603,0.00986649
375316653866487564,1423341274153725952,0.6175818,2199.6832347417794,3.9191751177478418,7.68309E-6,17.858387,0.01564236,0.26782584,0.0034615998,0.05036492,0.00956955,0.3370326,0.03734761,0.7579069,0.0026093447,0.04720671,0.0052262414,0.27376077,0.032387163,0.12870541,0.017871235,0.26782584,0.0034615998,"TWOGAUSSIANS_WITH_ELLIPSOIDAL_ON_ECLIPSE1",9,6.7320914,0.26782584,0.0034615998,0.28204355,0.053589478,0.5944414,0.02343182,0.7593169,0.001961884,0.2643576,0.029266952,0.5303125,0.015325298
375316653866487564,1423369273045068288,0.54133576,2190.8167040560693,3.596659113968861,2.4786435E-5,18.52307,0.017010463,0.26659343,0.005895841,0.090125784,0.0120821055,0.34042063,0.016718997,0.7758995,0.0052420557,0.0876652,0.008284585,0.2688633,0.021337057,null,null,null,null,"TWOGAUSSIANS",8,4.413646,0.26659343,0.005895841,0.4,0.0,0.3304159,0.012014941,0.7758995,0.0052420557,0.4,0.0,0.25885868,0.01853148
375316653866487564,1423425214994245760,0.6137185,2154.3791756265127,2.97141316525593,6.9139473E-6,13.765831,0.027181573,0.25132465,0.0057902783,0.05993559,0.007965498,0.40620828,0.066780925,0.7618361,0.0020641247,0.058437385,0.006335488,0.31179637,0.053712364,0.087339945,0.02941345,0.7618361,0.0020641247,"TWOGAUSSIANS_WITH_ELLIPSOIDAL_ON_ECLIPSE2",9,252.26375,0.25246465,0.004908166,0.3356393,0.04460679,0.58014387,0.04128075,0.7618361,0.0020641247,0.32724935,0.035478733,0.48641038,0.015649565
375316653866487564,1423476651522766720,0.5809878,2240.3142159349964,3.912275519544799,5.3689764E-6,15.830143,0.018606018,0.19326785,0.0014720428,0.043479573,0.005453612,0.50185937,0.040396854,0.6909836,0.0030420527,0.052549146,0.00519538,0.4963174,0.04279746,0.11797295,0.028187111,0.19326785,0.0014720428,"TWOGAUSSIANS_WITH_ELLIPSOIDAL_ON_ECLIPSE1",9,71.93339,0.19326785,0.0014720428,0.2434856,0.030540228,0.7377992,0.0617326,0.6911936,0.002704052,0.29427522,0.02909413,0.7322132,0.042505953
375316653866487564,1423549558592317568,0.56665987,2178.3095695431693,0.4512067809181522,2.5426507E-5,19.229315,0.0039033608,0.35440773,0.0030680497,0.0065191453,0.0025512425,0.7487685,5.921501,0.78009135,0.004388802,0.04753968,0.0117674135,1.0110421,0.702892,null,null,null,null,"TWOGAUSSIANS",8,1.3813293,0.78009135,0.004388802,0.2662222,0.06589752,1.0110421,0.702892,0.35440773,0.0030680497,0.03650721,0.014286958,0.7487685,5.921501
375316653866487564,1423662705210868480,0.59352905,2210.275554684598,3.989285492566938,1.1278313E-5,16.471066,0.007887751,0.26403105,0.0016319427,0.07019088,0.0026220311,0.40694413,0.012012858,0.76448655,0.0029611452,0.07832711,0.0036363956,0.4237715,0.012893132,null,null,null,null,"TWOGAUSSIANS",8,24.550278,0.76448655,0.0029611452,0.4,0.0,0.42093,0.012807874,0.26403105,0.0016319427,0.39306894,0.012415616,0.40410262,0.011807795
375316653866487564,1423699543145930368,0.48113152,2233.4091497654076,3.2933047133433915,2.7937203E-5,17.601654,0.02271624,0.63342255,0.005669175,0.058203097,0.0063714497,0.80082446,0.095088474,0.16560407,0.008392983,0.087718755,0.009741439,0.2363309,0.039219018,null,null,null,null,"TWOGAUSSIANS",8,86.49724,0.63342255,0.005669175,0.32593736,0.035680115,0.7998741,0.09571844,0.16560407,0.008392983,0.4,0.0,0.2353804,0.039037526
375316653866487564,1423741938766723072,0.46215487,2203.5697300070483,4.200552492875434,2.8296354E-5,19.68901,0.010420818,0.17822313,0.0072674914,0.07472784,0.01264791,0.2586293,0.020779425,0.68267894,0.010267309,0.08206319,0.009665131,0.26607028,0.018459493,null,null,null,null,"TWOGAUSSIANS",8,2.8069892,0.68267894,0.010267309,0.4,0.0,0.26310644,0.019453274,0.17822313,0.0072674914,0.4,0.03724295,0.25566545,0.022045586
375316653866487564,1423763379243699840,0.60046047,2235.7189378401517,0.6794849423358695,2.549609E-5,17.898039,0.0039053112,0.16706215,0.003324586,0.016383315,0.0046377257,0.58376765,0.042434696,0.6673781,0.0011893173,0.015912548,6.354929E-4,0.47177097,0.013852301,null,null,null,null,"TWOGAUSSIANS",8,8.14315,0.16706215,0.003324586,0.09174656,0.025971262,0.58376765,0.042434696,0.6673781,0.0011893173,0.08911027,0.0035587605,0.47177097,0.013852301
375316653866487564,1423799255106929408,0.45204213,2179.2383576676843,2.0188898625933764,2.3396407E-5,15.560606,0.018267548,0.29355353,0.023369761,0.1261893,0.041788522,0.10293241,0.019112187,0.73603654,0.0040068217,0.05320079,0.00901442,0.31584734,0.044046614,null,null,null,null,"TWOGAUSSIANS",8,281.069,0.73603654,0.0040068217,0.2979244,0.050480753,0.31405535,0.045443,0.29355353,0.023369761,0.4,0.0,0.10091438,0.018227885
375316653866487564,1423816190161783936,0.5781571,2163.8958725375815,2.2260854048312977,1.7424649E-5,15.130887,0.0091124885,0.15424663,0.0016544915,0.025892297,0.0030463496,0.14896405,0.020080293,0.7012958,0.006278113,0.051972978,0.006302924,0.6262701,0.048397716,0.030699372,0.01151937,0.7012958,0.006278113,"TWOGAUSSIANS_WITH_ELLIPSOIDAL_ON_ECLIPSE2",9,145.43642,0.7012958,0.006278113,0.29104868,0.035296373,0.6876628,0.04741387,0.15519664,0.0016834293,0.14499687,0.017059557,0.20524779,0.013757563
375316653866487564,1423834233320631296,0.5070148,2225.619065758142,2.1376083766212486,1.1501827E-6,14.759871,0.005050469,0.40012273,9.518461E-7,6.0517224E-4,1.8943216E-5,0.25979453,7.26819E-4,0.83096254,0.029403772,0.101320215,0.060085285,0.02049994,0.0052605295,null,null,null,null,"TWOGAUSSIANS",8,54.58002,0.40012273,9.518461E-7,0.0033889646,1.06082014E-4,0.25979677,6.3967955E-4,0.83096254,0.029403772,0.4,0.0,0.020499727,0.005231367
375316653866487564,1423853985874166528,0.5089618,2162.963033252153,2.41933701537011,1.0496877E-4,18.36954,0.0035658255,0.27186194,0.042944156,0.027116388,0.033924676,0.21771784,0.1287108,0.77014935,0.006520148,0.023484353,0.0030206635,0.22205552,0.021502925,null,null,null,null,"TWOGAUSSIANS",8,3.1465333,0.77014935,0.006520148,0.13151237,0.016915714,0.22205552,0.021502925,0.27186194,0.042944156,0.15185177,0.18997818,0.21771784,0.1287108
