Gaia/vari_eclipsing_binary/VariEclipsingBinary_230377-230425.csv
# %ECSV 1.0
# ---
# delimiter: ','
# meta: !!omap
# - RELEASE: Gaia DR3
# - TABLE: vari_eclipsing_binary
# - DESCRIPTION: >
#     This table describes the properties of the eclipsing binaries resulting from the variability analysis. 
# - CITATION: >
#     How to cite and acknowledge Gaia: 
#     https://gea.esac.esa.int/archive/documentation/credits.html 
# - KNOWN_ISSUES: >
#     Known issues: 
#     https://www.cosmos.esa.int/web/gaia-users/known-issues 
# - DOCUMENTATION: >
#     Tutorials and documentation: 
#     https://www.cosmos.esa.int/web/gaia-users/archive 
# datatype:
# - 
#   name: solution_id
#   datatype: int64
#   description: Solution Identifier
#   meta:
#     ucd: meta.version
# - 
#   name: source_id
#   datatype: int64
#   description: Unique source identifier
#   meta:
#     ucd: meta.id;meta.main
# - 
#   name: global_ranking
#   datatype: float32
#   description: Number between 0 (worst) and 1 (best)
#   meta:
#     ucd: stat.param
# - 
#   name: reference_time
#   datatype: float64
#   unit: d
#   description: Reference time used for the geometric model fit
#   meta:
#     ucd: time.epoch
# - 
#   name: frequency
#   datatype: float64
#   unit: d**-1
#   description: Frequency of geometric model of the eclipsing binary light curve
#   meta:
#     ucd: src.orbital
# - 
#   name: frequency_error
#   datatype: float32
#   unit: d**-1
#   description: "Uncertainty of \\texttt{frequency}"
#   meta:
#     ucd: stat.error
# - 
#   name: geom_model_reference_level
#   datatype: float32
#   unit: mag
#   description: Magnitude reference level of geometric model
#   meta:
#     ucd: phot.mag;em.opt
# - 
#   name: geom_model_reference_level_error
#   datatype: float32
#   unit: mag
#   description: "Uncertainty of \\texttt{geomModelReferenceLevel}"
#   meta:
#     ucd: stat.error;phot.mag;em.opt
# - 
#   name: geom_model_gaussian1_phase
#   datatype: float32
#   description: Phase of the Gaussian 1 component
#   meta:
#     ucd: time.phase
# - 
#   name: geom_model_gaussian1_phase_error
#   datatype: float32
#   description: "Uncertainty of \\texttt{geomModelGaussian1Phase}"
#   meta:
#     ucd: stat.error;time.phase
# - 
#   name: geom_model_gaussian1_sigma
#   datatype: float32
#   description: "Standard deviation [phase] of Gaussian 1 component"
#   meta:
#     ucd: stat.stdev
# - 
#   name: geom_model_gaussian1_sigma_error
#   datatype: float32
#   description: "Uncertainty of \\texttt{geomModelGaussian1Sigma}"
#   meta:
#     ucd: stat.error
# - 
#   name: geom_model_gaussian1_depth
#   datatype: float32
#   unit: mag
#   description: Magnitude depth of Gaussian 1 component
#   meta:
#     ucd: src.var.amplitude
# - 
#   name: geom_model_gaussian1_depth_error
#   datatype: float32
#   unit: mag
#   description: "Uncertainty of \\texttt{geomModelGaussian1Depth}"
#   meta:
#     ucd: stat.error;src.var.amplitude
# - 
#   name: geom_model_gaussian2_phase
#   datatype: float32
#   description: Phase of Gaussian 2 component
#   meta:
#     ucd: time.phase
# - 
#   name: geom_model_gaussian2_phase_error
#   datatype: float32
#   description: "Uncertainty of \\texttt{geomModelGaussian2Phase}"
#   meta:
#     ucd: stat.error;time.phase
# - 
#   name: geom_model_gaussian2_sigma
#   datatype: float32
[...]
#   datatype: float32
#   description: "Secondary eclipse: uncertainty of \\texttt{derivedSecondaryEclDuration}"
#   meta:
#     ucd: stat.error;time.duration
# - 
#   name: derived_secondary_ecl_depth
#   datatype: float32
#   unit: mag
#   description: "Secondary eclipse: depth"
#   meta:
#     ucd: src.var.amplitude
# - 
#   name: derived_secondary_ecl_depth_error
#   datatype: float32
#   unit: mag
#   description: "Secondary eclipse: uncertainty of \\texttt{derivedSecondaryEclDepth}"
#   meta:
#     ucd: stat.error;src.var.amplitude
solution_id,source_id,global_ranking,reference_time,frequency,frequency_error,geom_model_reference_level,geom_model_reference_level_error,geom_model_gaussian1_phase,geom_model_gaussian1_phase_error,geom_model_gaussian1_sigma,geom_model_gaussian1_sigma_error,geom_model_gaussian1_depth,geom_model_gaussian1_depth_error,geom_model_gaussian2_phase,geom_model_gaussian2_phase_error,geom_model_gaussian2_sigma,geom_model_gaussian2_sigma_error,geom_model_gaussian2_depth,geom_model_gaussian2_depth_error,geom_model_cosine_half_period_amplitude,geom_model_cosine_half_period_amplitude_error,geom_model_cosine_half_period_phase,geom_model_cosine_half_period_phase_error,model_type,num_model_parameters,reduced_chi2,derived_primary_ecl_phase,derived_primary_ecl_phase_error,derived_primary_ecl_duration,derived_primary_ecl_duration_error,derived_primary_ecl_depth,derived_primary_ecl_depth_error,derived_secondary_ecl_phase,derived_secondary_ecl_phase_error,derived_secondary_ecl_duration,derived_secondary_ecl_duration_error,derived_secondary_ecl_depth,derived_secondary_ecl_depth_error
[from data line 401]
375316653866487564,2026606573784583936,0.51141506,2261.865456000492,0.16807416203977837,4.575657E-6,19.1139,0.0064881467,0.16599618,4.246767E-6,0.0029889392,2.9612089E-5,2.6346574,0.069234215,0.38895562,0.06685195,0.17330183,0.09141229,0.02195271,0.006252138,null,null,null,null,"TWOGAUSSIANS",8,1.2210151,0.16599618,4.246767E-6,0.016738059,1.658277E-4,2.6435702,0.073865525,0.38895562,0.06685195,0.4,0.0,0.021268835,0.0052185636
375316653866487564,2026606779943227008,0.52191275,2266.329211303055,3.0136847844826686,1.6667756E-5,19.648079,0.013308679,0.22187261,0.0065770345,0.07557685,0.0100064585,0.39648783,0.025324717,0.73269886,0.0030707833,0.068611465,0.004909335,0.36691567,0.0213802,null,null,null,null,"TWOGAUSSIANS",8,1.7109677,0.22187261,0.0065770345,0.4,0.00937758,0.39505145,0.025882188,0.73269886,0.0030707833,0.38422418,0.027492277,0.3654793,0.021478927
375316653866487564,2026607187936795392,0.60570264,2271.790981802423,3.5089280943950656,4.680807E-6,18.092712,0.007855322,0.23347981,0.001310633,0.052072246,0.0036949017,0.31747165,0.020687465,0.7272036,0.0037955397,0.050079532,0.0051640025,0.1796297,0.016760513,0.09705289,0.010430266,0.23347981,0.001310633,"TWOGAUSSIANS_WITH_ELLIPSOIDAL_ON_ECLIPSE1",9,3.1271057,0.23347981,0.001310633,0.29160458,0.02069145,0.511573,0.022558648,0.72831357,0.0031524517,0.28044537,0.028918413,0.3734825,0.0056825452
375316653866487564,2026607192257792640,0.5588614,2296.2098287000267,0.20564703693062883,3.830363E-5,18.991833,0.002774331,0.47848338,0.0061915684,0.006851119,0.00266126,0.5748221,0.2500874,0.71556515,0.012239778,0.039626617,0.015790025,0.02522776,0.0037017416,null,null,null,null,"TWOGAUSSIANS",8,1.3155862,0.47848338,0.0061915684,0.038366266,0.014903056,0.5748221,0.2500874,0.71556515,0.012239778,0.22190906,0.08842414,0.02522776,0.0037017416
375316653866487564,2026607256656338688,0.56540114,2251.2448718473647,2.573670365515705,9.478881E-6,17.110363,0.004392005,0.2219346,0.0035516368,0.02874889,0.0067867846,0.033838164,0.019965218,0.72565126,0.012071011,0.071312025,0.013402846,0.050355457,0.011321518,0.08015835,0.0058484203,0.2219346,0.0035516368,"TWOGAUSSIANS_WITH_ELLIPSOIDAL_ON_ECLIPSE1",9,5.8654737,0.72565126,0.01170804,0.39934734,0.05900263,0.21049564,0.007444718,0.2219346,0.0035516368,0.16099378,0.038005993,0.19406575,0.014061864
375316653866487564,2026608223051030400,0.52163064,2257.0161233245003,3.086420491019397,2.1990314E-5,19.755987,0.02237271,0.25126636,0.005581122,0.09106673,0.0070939586,0.46003708,0.038456608,0.7658638,0.0037163987,0.091455795,0.007897088,0.4126389,0.021120043,null,null,null,null,"TWOGAUSSIANS",8,2.0474925,0.25126636,0.005581122,0.4,0.0,0.44366828,0.03637333,0.7658638,0.0037163987,0.4,0.0,0.3962701,0.013190703
375316653866487564,2026608669728854400,0.45915326,2255.530215601385,3.1678659954010886,4.919491E-5,19.088898,0.029978449,0.24372593,0.015699292,0.086802125,0.015926283,0.30455068,0.03664491,0.7373646,0.013464485,0.08677063,0.031762846,0.17285542,0.020094147,null,null,null,null,"TWOGAUSSIANS",8,7.3828936,0.24372593,0.015699292,0.4,0.0,0.29807386,0.026019467,0.7373646,0.013464485,0.4,0.0,0.16637862,0.018560482
375316653866487564,2026608738448303104,0.4915125,2251.075471658792,0.6190817792357125,9.482152E-6,19.25222,0.0055421717,0.17025019,0.0016022213,0.012712256,0.0010168084,0.45583808,0.08965206,0.8412344,0.019438982,0.021361535,0.008883767,0.3082472,0.06762261,null,null,null,null,"TWOGAUSSIANS",8,4.0672774,0.17025019,0.0016022213,0.071188636,0.0056941276,0.45583808,0.08965206,0.8412344,0.019438982,0.1196246,0.04974909,0.3082472,0.06762261
375316653866487564,2026609558759117184,0.53191954,2256.8031090187314,0.8518561389734239,2.225907E-5,18.00569,0.0019539974,0.20597738,0.005788986,0.046849344,0.0061014527,0.04292293,0.0066841785,0.7140159,0.00202416,0.03978255,0.0013311056,0.27118888,0.004071661,null,null,null,null,"TWOGAUSSIANS",8,1.7555658,0.7140159,0.00202416,0.22278228,0.0074541913,0.27118888,0.0040716543,0.20597738,0.005788986,0.2623563,0.034168135,0.04292292,0.0066841925
375316653866487564,2026609941037246464,0.5216872,2269.2837667860467,3.7188561148375654,1.1140773E-5,18.67801,0.010009975,0.26536104,0.0037086934,0.08374613,0.0052855057,0.3091343,0.015843894,0.76648945,0.005208785,0.08447639,0.006114393,0.23739004,0.010554264,null,null,null,null,"TWOGAUSSIANS",8,3.3819418,0.26536104,0.0037086934,0.4,0.0,0.30273572,0.016019877,0.76648945,0.005208785,0.4,0.0,0.23099142,0.009036823
375316653866487564,2026609941046880512,0.488405,2262.8682901146485,1.573247762618461,1.6105707E-5,15.916012,0.0020501656,null,null,null,null,null,null,null,null,null,null,null,null,0.035727926,0.0028738736,0.25200704,0.00483526,"ELLIPSOIDAL",4,15.443803,null,null,null,null,null,null,null,null,null,null,null,null
375316653866487564,2026609975406622464,0.5722016,2268.72157279918,2.292782413474982,4.2156557E-6,15.708301,0.006977364,0.2653612,0.0048761037,0.03582394,0.0034915586,0.40453988,0.04473519,0.762676,8.1999344E-4,0.038924914,0.0017055523,0.3973674,0.018477174,0.023298856,0.008781412,0.2653612,0.0048761037,"TWOGAUSSIANS_WITH_ELLIPSOIDAL_ON_ECLIPSE1",9,62.63198,0.2653612,0.0048761037,0.20061406,0.019552728,0.45113754,0.04251173,0.76271605,7.967263E-4,0.2179795,0.009551093,0.44395196,0.015297327
375316653866487564,2026610280317159040,0.46179625,2249.6570603862774,0.29640293538199225,8.118901E-6,18.79162,0.010942492,0.14693767,0.0021265186,0.021628115,0.0018255166,0.5746869,0.100559086,null,null,null,null,null,null,0.059809282,0.014843504,0.14693767,0.0021265186,"ONEGAUSSIAN_WITH_ELLIPSOIDAL",6,21.651098,0.14693767,0.0021265186,0.12111744,0.010222893,0.6943055,0.10039453,null,null,null,null,null,null
375316653866487564,2026610456435183232,0.48231277,2266.2546402183457,0.08037629935402148,2.4799378E-5,19.297781,0.008322304,0.34574577,0.009889701,0.01569603,0.017022276,0.36487138,0.10685153,0.77612925,0.006281909,0.039695073,0.01000906,1.4266745,2.5624423,0.09672048,0.007596518,0.77612925,0.006281909,"TWOGAUSSIANS_WITH_ELLIPSOIDAL_ON_ECLIPSE2",9,8.794206,0.77612925,0.006281909,0.2222924,0.056050736,1.6201154,2.5619957,0.34511578,0.0111616505,0.08789777,0.09532475,0.5238941,0.11015767
375316653866487564,2026612170099174912,0.48791018,2244.4684858082674,0.2826366724301426,2.5154413E-5,17.22559,0.0017970378,0.23440485,0.0022430238,0.010720942,0.005952393,0.17078596,1.6951464,null,null,null,null,null,null,0.032620497,0.002963575,0.23440485,0.0022430238,"ONEGAUSSIAN_WITH_ELLIPSOIDAL",6,5.3358617,0.23440485,0.0022430238,0.060037274,0.033333402,0.23602693,1.6952639,null,null,null,null,null,null
375316653866487564,2026612483655291520,0.45764855,2274.987710558295,2.4999729022133064,3.1241343E-5,18.861082,0.0040394445,0.68204343,0.008374643,0.013833178,0.031055903,0.03801775,0.08907438,null,null,null,null,null,null,0.07239536,0.0054474194,0.68204343,0.008374643,"ONEGAUSSIAN_WITH_ELLIPSOIDAL",6,4.354757,0.68204343,0.008374643,0.077465795,0.17391306,0.1828084,0.08517534,null,null,null,null,null,null
375316653866487564,2026613200891549568,0.51845115,2226.1381691184065,2.5492442484659326,1.8229446E-5,17.59504,0.0034705694,0.2871724,0.0047464715,0.025402723,0.011141802,0.07281258,0.24232766,0.7897226,1.7330407E-4,0.008646898,4.8589948E-4,0.10711819,0.0032721492,0.08796836,0.004322277,0.2871724,0.0047464715,"TWOGAUSSIANS_WITH_ELLIPSOIDAL_ON_ECLIPSE1",9,16.166937,0.7897226,1.6810936E-4,0.04842263,0.002721037,0.28300962,0.006898844,0.2871724,0.0047464715,0.14225525,0.06239409,0.24874917,0.24216658
375316653866487564,2026613613211871744,0.5226661,2228.917473921691,1.604637424348606,1.5876682E-5,18.746613,0.021881213,0.26305836,0.0043553864,0.10444904,0.012869699,0.2148295,0.019135972,0.7328819,0.0035850264,0.099588774,0.0074834344,0.33542183,0.020497514,null,null,null,null,"TWOGAUSSIANS",8,2.125764,0.7328819,0.0035850264,0.4,0.0,0.31727502,0.0109624695,0.26306838,0.004356182,0.4,0.0,0.19667865,0.01035048
375316653866487564,2026613995483190912,0.56325215,2204.283554284208,3.7297733628315433,7.155301E-6,18.774754,0.011305418,0.22955322,0.0027787564,0.068514615,0.0035431848,0.5159774,0.020800902,0.7270675,0.0023115661,0.06489063,0.0031468763,0.6384644,0.031160904,null,null,null,null,"TWOGAUSSIANS",8,7.0074444,0.7270675,0.0023115661,0.36338753,0.017622506,0.63751495,0.031248655,0.22955322,0.0027787564,0.38368183,0.019841835,0.515028,0.02079711
375316653866487564,2026614201653704192,0.55466944,2191.8838146407293,2.504171012788238,1.2323245E-5,14.094345,0.4003568,0.23977587,0.0036444885,0.13621913,0.055838317,0.23675139,0.35718006,0.73528326,0.004195226,0.14617757,0.071178675,0.25770935,0.38429505,null,null,null,null,"TWOGAUSSIANS",8,81.98918,0.73528326,0.004195226,0.4,0.0,0.15802096,0.0041313437,0.24005587,0.003335571,0.4,0.0,0.13798971,0.0054726014
375316653866487564,2026614472201856512,0.5377868,2242.556860891568,3.0293503871099947,9.913667E-6,17.878902,0.017330974,0.24511115,0.002543667,0.0900469,0.0068983594,0.30621162,0.016107278,0.7512456,0.0041404115,0.08507802,0.0065895314,0.2775134,0.017029075,null,null,null,null,"TWOGAUSSIANS",8,8.672956,0.24511115,0.002543667,0.4,0.0,0.29725105,0.013670794,0.7512456,0.0041404115,0.4,0.0,0.26855296,0.013172771
375316653866487564,2026614476531660928,0.59412855,2251.657080280966,0.2675000997912274,1.6208905E-5,15.301386,0.0034965042,0.26626575,0.0040734145,0.021222651,0.004258232,0.29626563,0.020165423,0.76448053,0.0029868002,0.018448232,0.0026232626,0.5705813,0.05489119,0.0065010265,0.0055615725,0.26626575,0.0040734145,"TWOGAUSSIANS_WITH_ELLIPSOIDAL_ON_ECLIPSE1",9,86.12532,0.76448053,0.0029868002,0.1033101,0.014690271,0.5835817,0.05454604,0.26626575,0.0040734145,0.11884685,0.0238461,0.30926767,0.02040619
375316653866487564,2026615095006957952,0.47962907,2215.215144804833,2.0995798196688136,2.4782436E-5,17.307701,0.0049152337,0.28120115,0.00790267,0.09326469,0.014307249,0.055855393,0.005140362,0.79329026,0.009965684,0.0888406,0.017886095,0.033879466,0.005264292,null,null,null,null,"TWOGAUSSIANS",8,1.9580395,0.28120115,0.00790267,0.4,0.0,0.054183032,0.004552451,0.79329026,0.009965684,0.4,0.0,0.032207172,0.0043518357
375316653866487564,2026615301153508864,0.5078686,2226.78432271418,2.3821852515212676,1.7401298E-5,18.801378,0.010255829,0.27628496,0.0048430115,0.06040886,0.006235357,0.46972266,0.03151651,0.777796,0.011695048,0.038856223,0.010170198,0.1824521,0.025581451,null,null,null,null,"TWOGAUSSIANS",8,10.509771,0.27628496,0.0048430115,0.33828962,0.034918,0.46972084,0.031518765,0.777796,0.011695048,0.21759485,0.056953106,0.18245028,0.025582379
375316653866487564,2026616641184033920,0.52303046,2233.714167222088,2.6191903854056195,1.5818912E-5,19.821634,0.013326442,0.22279602,0.0026257038,0.07920031,0.0036310868,0.55257714,0.017232705,0.7229525,0.006533413,0.071567096,0.0063963747,0.5900616,0.02244591,null,null,null,null,"TWOGAUSSIANS",8,1.5247896,0.7229525,0.006533413,0.4,0.009347557,0.5854218,0.021160416,0.22279602,0.0026257038,0.4,0.0,0.54793733,0.01658908
375316653866487564,2026619046365648640,0.46497715,2224.430763868264,1.3333336885368658,5.3916912E-5,17.754488,0.004621374,0.19411525,0.013997548,0.007806622,0.015425321,0.09667452,0.035036992,0.75934124,0.0075496146,0.06419589,0.0064633028,0.22048566,0.021641785,null,null,null,null,"TWOGAUSSIANS",8,14.537821,0.75934124,0.0075496146,0.359497,0.036194496,0.22048566,0.021641785,0.19411525,0.013997548,0.043717083,0.08638179,0.09667452,0.035036992
375316653866487564,2026620141560878720,0.42177212,2294.277285498469,3.4468069735779534,1.5700101E-5,19.814653,0.014690719,0.3123103,0.0013133389,0.012571887,0.0047178855,0.25968787,0.41068196,0.5761521,0.004445493,0.024892084,0.0035464827,0.6653228,0.15198892,null,null,null,null,"TWOGAUSSIANS",8,5.4009576,0.5761521,0.004445493,0.13939567,0.019860303,0.6653228,0.15198892,0.3123103,0.0013133389,0.07040257,0.02642016,0.25968787,0.41068196
375316653866487564,2026622821620580096,0.50315785,2286.601863791994,0.846890996784587,1.5260739E-5,18.879702,0.008539631,0.3642812,0.0042661973,0.03211183,0.008217058,0.16081937,0.028883064,0.85857517,0.0037792556,0.044765648,0.004216861,0.6163379,0.04305387,null,null,null,null,"TWOGAUSSIANS",8,6.8326,0.85857517,0.0037792556,0.25068763,0.023614421,0.6163379,0.04305387,0.3642812,0.0042661973,0.17982626,0.046015527,0.16081937,0.028883068
375316653866487564,2026624230364714752,0.42602897,2281.7300907644117,1.4124588211250784,1.9092642E-5,18.781994,0.00864019,0.28488344,0.006805849,0.0051039536,0.005609598,0.26836804,1.8529413,0.5065945,0.0026852551,0.01645185,0.0024815719,0.31386983,0.07395882,0.012968743,0.012824378,0.5065945,0.0026852551,"TWOGAUSSIANS_WITH_ELLIPSOIDAL_ON_ECLIPSE2",9,3.9858167,0.5065945,0.0026852551,0.09213036,0.013896802,0.33980727,0.07631278,0.28489345,0.0067935684,0.02858214,0.03141375,0.26917893,1.8524562
375316653866487564,2026624269018486400,0.573154,2273.304757516953,0.9112662993281732,6.688631E-6,18.846651,0.002970923,0.25643495,0.0026874968,0.03649371,0.0026511867,0.43402866,0.060890853,0.7578017,0.0010337619,0.030017175,8.3297887E-4,0.64535034,0.024995558,null,null,null,null,"TWOGAUSSIANS",8,2.2168832,0.7578017,0.0010337619,0.16809618,0.004664682,0.64535034,0.024995558,0.25643495,0.0026874968,0.20436478,0.014846645,0.43402866,0.060890853
375316653866487564,2026626704264535424,0.523997,2255.3299041281734,1.5816480242482087,4.5943652E-6,18.828726,0.007800349,0.226548,0.003646552,0.07716202,0.0087004965,0.1730853,0.014640361,0.7158141,0.0014700221,0.07090991,0.0027690649,0.35942325,0.00863298,null,null,null,null,"TWOGAUSSIANS",8,2.1959233,0.7158141,0.0014700221,0.3970955,0.015083895,0.35815227,0.0083143,0.226548,0.003646552,0.4,0.0,0.17181431,0.015098898
375316653866487564,2026628387893206912,0.4669192,2242.933836241324,0.6680707340824507,9.39383E-6,19.092611,0.0030059237,0.11165143,0.002841425,0.028086787,0.0024781188,0.179067,0.012635574,0.61070764,0.007730386,0.04774576,0.008934656,0.112935714,0.0298103,null,null,null,null,"TWOGAUSSIANS",8,2.0125127,0.11165143,0.002841425,0.157286,0.013877465,0.179067,0.012635574,0.61070764,0.007730386,0.26737627,0.050034076,0.112935714,0.0298103
375316653866487564,2026628564007253632,0.5488604,2256.39334661453,0.18722739225893906,6.660988E-6,17.85718,0.0014173461,0.76208305,8.25066E-4,0.018037723,9.3356764E-4,0.28916353,0.015043568,null,null,null,null,null,null,0.030602371,0.0019277738,0.76208305,8.25066E-4,"ONEGAUSSIAN_WITH_ELLIPSOIDAL",6,2.6599984,0.76208305,8.25066E-4,0.101011254,0.005227979,0.35036826,0.015867202,null,null,null,null,null,null
375316653866487564,2026629968441130624,0.49333155,2281.018326932856,1.9325883338153627,2.4165085E-5,19.601103,0.01519604,0.2582936,0.0023940266,0.0382178,0.0022243885,0.5570387,0.045080107,0.76427126,0.0058412664,0.06807089,0.0118848495,0.15044782,0.015090986,null,null,null,null,"TWOGAUSSIANS",8,3.2804804,0.2582936,0.0023940266,0.2140197,0.012456575,0.55703324,0.045079272,0.76427126,0.0058412664,0.381197,0.06655516,0.15044236,0.015088674
375316653866487564,2026630522512110976,0.4969062,2251.2651518303,1.602202691683083,2.623556E-5,14.785597,0.00842982,0.22652847,0.008953916,0.018416964,0.011495985,0.6801583,4.764134,0.7384949,0.003978669,0.025815444,0.002907017,0.34248143,0.0449114,0.02330681,0.015087598,0.22652847,0.008953916,"TWOGAUSSIANS_WITH_ELLIPSOIDAL_ON_ECLIPSE1",9,322.20923,0.22652847,0.008953916,0.103135,0.06437752,0.72677195,4.772405,0.7384949,0.003978669,0.14456649,0.016279295,0.388832,0.04463874
375316653866487564,2026633129537093632,0.41352415,2245.5406685821326,3.065197561319245,7.479003E-5,19.567202,0.015165441,0.33073026,0.023420107,0.04129203,0.012866228,0.37241685,0.13438661,0.8590441,0.014182245,0.027819548,0.0142266285,0.33760503,9.783843,null,null,null,null,"TWOGAUSSIANS",8,6.690594,0.33073026,0.023420107,0.23123537,0.07205088,0.37241685,0.13438661,0.8590441,0.014182245,0.15578946,0.07966912,0.33760503,9.783843
