Gaia/vari_eclipsing_binary/VariEclipsingBinary_006602-007952.csv
# %ECSV 1.0
# ---
# delimiter: ','
# meta: !!omap
# - RELEASE: Gaia DR3
# - TABLE: vari_eclipsing_binary
# - DESCRIPTION: >
#     This table describes the properties of the eclipsing binaries resulting from the variability analysis. 
# - CITATION: >
#     How to cite and acknowledge Gaia: 
#     https://gea.esac.esa.int/archive/documentation/credits.html 
# - KNOWN_ISSUES: >
#     Known issues: 
#     https://www.cosmos.esa.int/web/gaia-users/known-issues 
# - DOCUMENTATION: >
#     Tutorials and documentation: 
#     https://www.cosmos.esa.int/web/gaia-users/archive 
# datatype:
# - 
#   name: solution_id
#   datatype: int64
#   description: Solution Identifier
#   meta:
#     ucd: meta.version
# - 
#   name: source_id
#   datatype: int64
#   description: Unique source identifier
#   meta:
#     ucd: meta.id;meta.main
# - 
#   name: global_ranking
#   datatype: float32
#   description: Number between 0 (worst) and 1 (best)
#   meta:
#     ucd: stat.param
# - 
#   name: reference_time
#   datatype: float64
#   unit: d
#   description: Reference time used for the geometric model fit
#   meta:
#     ucd: time.epoch
# - 
#   name: frequency
#   datatype: float64
#   unit: d**-1
#   description: Frequency of geometric model of the eclipsing binary light curve
#   meta:
#     ucd: src.orbital
# - 
#   name: frequency_error
#   datatype: float32
#   unit: d**-1
#   description: "Uncertainty of \\texttt{frequency}"
#   meta:
#     ucd: stat.error
# - 
#   name: geom_model_reference_level
#   datatype: float32
#   unit: mag
#   description: Magnitude reference level of geometric model
#   meta:
#     ucd: phot.mag;em.opt
# - 
#   name: geom_model_reference_level_error
#   datatype: float32
#   unit: mag
#   description: "Uncertainty of \\texttt{geomModelReferenceLevel}"
#   meta:
#     ucd: stat.error;phot.mag;em.opt
# - 
#   name: geom_model_gaussian1_phase
#   datatype: float32
#   description: Phase of the Gaussian 1 component
#   meta:
#     ucd: time.phase
# - 
#   name: geom_model_gaussian1_phase_error
#   datatype: float32
#   description: "Uncertainty of \\texttt{geomModelGaussian1Phase}"
#   meta:
#     ucd: stat.error;time.phase
# - 
#   name: geom_model_gaussian1_sigma
#   datatype: float32
#   description: "Standard deviation [phase] of Gaussian 1 component"
#   meta:
#     ucd: stat.stdev
# - 
#   name: geom_model_gaussian1_sigma_error
#   datatype: float32
#   description: "Uncertainty of \\texttt{geomModelGaussian1Sigma}"
#   meta:
#     ucd: stat.error
# - 
#   name: geom_model_gaussian1_depth
#   datatype: float32
#   unit: mag
#   description: Magnitude depth of Gaussian 1 component
#   meta:
#     ucd: src.var.amplitude
# - 
#   name: geom_model_gaussian1_depth_error
#   datatype: float32
#   unit: mag
#   description: "Uncertainty of \\texttt{geomModelGaussian1Depth}"
#   meta:
#     ucd: stat.error;src.var.amplitude
# - 
#   name: geom_model_gaussian2_phase
#   datatype: float32
#   description: Phase of Gaussian 2 component
#   meta:
#     ucd: time.phase
# - 
#   name: geom_model_gaussian2_phase_error
#   datatype: float32
#   description: "Uncertainty of \\texttt{geomModelGaussian2Phase}"
#   meta:
#     ucd: stat.error;time.phase
# - 
#   name: geom_model_gaussian2_sigma
#   datatype: float32
[...]
#   datatype: float32
#   description: "Secondary eclipse: uncertainty of \\texttt{derivedSecondaryEclDuration}"
#   meta:
#     ucd: stat.error;time.duration
# - 
#   name: derived_secondary_ecl_depth
#   datatype: float32
#   unit: mag
#   description: "Secondary eclipse: depth"
#   meta:
#     ucd: src.var.amplitude
# - 
#   name: derived_secondary_ecl_depth_error
#   datatype: float32
#   unit: mag
#   description: "Secondary eclipse: uncertainty of \\texttt{derivedSecondaryEclDepth}"
#   meta:
#     ucd: stat.error;src.var.amplitude
solution_id,source_id,global_ranking,reference_time,frequency,frequency_error,geom_model_reference_level,geom_model_reference_level_error,geom_model_gaussian1_phase,geom_model_gaussian1_phase_error,geom_model_gaussian1_sigma,geom_model_gaussian1_sigma_error,geom_model_gaussian1_depth,geom_model_gaussian1_depth_error,geom_model_gaussian2_phase,geom_model_gaussian2_phase_error,geom_model_gaussian2_sigma,geom_model_gaussian2_sigma_error,geom_model_gaussian2_depth,geom_model_gaussian2_depth_error,geom_model_cosine_half_period_amplitude,geom_model_cosine_half_period_amplitude_error,geom_model_cosine_half_period_phase,geom_model_cosine_half_period_phase_error,model_type,num_model_parameters,reduced_chi2,derived_primary_ecl_phase,derived_primary_ecl_phase_error,derived_primary_ecl_duration,derived_primary_ecl_duration_error,derived_primary_ecl_depth,derived_primary_ecl_depth_error,derived_secondary_ecl_phase,derived_secondary_ecl_phase_error,derived_secondary_ecl_duration,derived_secondary_ecl_duration_error,derived_secondary_ecl_depth,derived_secondary_ecl_depth_error
375316653866487564,58082565027905664,0.49223202,2109.757608226191,3.46924062476567,1.617338E-5,16.62043,0.0025831661,null,null,null,null,null,null,null,null,null,null,null,null,0.06426383,0.003853972,0.28238168,0.004636737,"ELLIPSOIDAL",4,19.737005,null,null,null,null,null,null,null,null,null,null,null,null
375316653866487564,58093766302676096,0.69997716,2116.9213401239012,1.088350068386225,1.1870939E-5,14.611892,8.468903E-4,0.1958332,0.020790083,0.045763787,0.014724704,0.0020214245,0.0030749466,0.42164883,7.7104097E-4,0.032076195,0.002770374,0.35779825,0.0057366705,null,null,null,null,"TWOGAUSSIANS",8,7.956087,0.42164883,7.7104097E-4,0.17962669,0.015514095,0.35779828,0.0057366644,0.1958332,0.020790083,0.2562772,0.08245834,0.0020214245,0.0030749466
375316653866487564,58126957809917696,0.5626057,2037.167270010538,1.0464197476220878,1.1554832E-5,19.395794,0.006822242,0.1148476,0.005085801,0.05680755,0.0071090967,0.2823407,0.12800105,0.6366536,0.010627983,0.044727933,0.0038930352,0.877762,0.21446794,null,null,null,null,"TWOGAUSSIANS",8,1.0728778,0.6366536,0.010627983,0.25047642,0.021800997,0.87776035,0.21446817,0.1148476,0.005085801,0.3181223,0.03981094,0.28233904,0.12800255
375316653866487564,58143858503985536,0.41924658,2099.5598622044563,0.48477013689004095,5.2256986E-5,10.447643,0.056130357,null,null,null,null,null,null,null,null,null,null,null,null,0.11349098,0.079648666,0.355241,0.0076321526,"ELLIPSOIDAL",4,1163.0817,null,null,null,null,null,null,null,null,null,null,null,null
375316653866487564,58151971699204864,0.59731555,2075.118967270787,2.9462510101813213,2.1169277E-5,16.943268,0.009003786,0.27092144,0.00861086,0.07163073,0.013587769,0.3742079,0.079773776,0.7647098,0.0034908531,0.07827031,0.0038426209,0.37703586,0.012447694,null,null,null,null,"TWOGAUSSIANS",8,13.059725,0.7647098,0.0034908531,0.4,0.0,0.37452945,0.011599753,0.27092144,0.00861086,0.4,0.013340841,0.37170148,0.08311067
375316653866487564,58211650268399104,0.4670276,2093.198656604097,2.258992773260186,1.11945876E-4,19.823837,0.022396363,0.18420137,1.8344219E-4,0.019919796,9.436634E-4,0.48551914,0.015627436,0.7541002,0.052433986,0.13279708,0.062310845,0.08387221,0.024360176,null,null,null,null,"TWOGAUSSIANS",8,2.2519023,0.18419138,1.5676157E-4,0.11155086,0.005284515,0.48579252,0.016387599,0.7541002,0.052433986,0.4,0.0,0.08369474,0.02376037
375316653866487564,58217663222507904,0.6171305,2052.8062813112065,0.8590510874904126,1.7653196E-5,18.282248,0.00601709,0.3109299,0.005094281,0.036234163,0.006692746,0.09893054,0.0059022247,0.8116985,0.0039650346,0.02742904,0.0030190728,0.7265113,0.05741389,null,null,null,null,"TWOGAUSSIANS",8,3.6428308,0.8116985,0.0039650346,0.15360263,0.016906807,0.7265113,0.05741389,0.3109299,0.005094281,0.20291132,0.03747938,0.09893054,0.0059022247
375316653866487564,58258315089331584,0.6441204,2118.459191209092,2.5071982515214426,4.6384903E-6,14.057559,0.016920988,0.20592116,0.001523286,0.05745753,0.0051557855,0.22116974,0.037306003,0.7118389,0.0062869196,0.05284229,0.008091112,0.20963989,0.042034894,0.13294251,0.021873202,0.20592116,0.001523286,"TWOGAUSSIANS_WITH_ELLIPSOIDAL_ON_ECLIPSE1",9,87.59095,0.20592116,0.001523286,0.32176217,0.0288724,0.48703355,0.011790637,0.7118389,0.0062869196,0.29591683,0.045310225,0.47513628,0.034344558
375316653866487564,58271711090482816,0.53354824,2020.9767888696524,3.374354446121006,1.1545841E-4,18.766466,0.00893137,0.25736007,0.014776263,0.059595827,0.018365556,0.14381978,0.024016196,0.7557154,0.021428036,0.050634224,0.017101476,0.4914588,0.045595642,null,null,null,null,"TWOGAUSSIANS",8,4.7962146,0.7557154,0.021428036,0.28355163,0.09576827,0.49144295,0.045527734,0.25736007,0.014776263,0.33373663,0.102847114,0.14380392,0.024007408
375316653866487564,58286623216983936,0.58721054,2057.100717582126,2.8930395421581925,9.584982E-6,18.076527,0.018372236,0.19635954,0.0043318584,0.08376338,0.0065121716,0.37888813,0.023308747,0.6964418,0.0040380745,0.09597318,0.008460007,0.33535466,0.016462427,null,null,null,null,"TWOGAUSSIANS",8,3.8158715,0.19635954,0.0043318584,0.4,0.0,0.3641412,0.021356683,0.6964418,0.0040380745,0.4,0.0,0.3206069,0.011620511
375316653866487564,58290029128041344,0.6778237,2036.6282597897045,0.28833169003424536,1.1042081E-4,14.795187,0.0063454905,0.73565084,0.022308681,0.10445835,0.046887036,0.016991561,0.0057227053,0.5420745,4.2870277E-4,0.014923169,0.0039709928,0.4760032,0.12291939,null,null,null,null,"TWOGAUSSIANS",8,22.240099,0.5421045,4.31495E-4,0.08356975,0.02223756,0.47905505,0.122974485,0.73565084,0.022308681,0.4,0.0,0.0169912,0.0056569646
375316653866487564,58308377228374400,0.58990777,2114.80463185082,2.4090314561939157,7.5215926E-6,15.870918,0.0065153274,0.26438823,0.0042478163,0.038021345,0.0053086644,0.5047126,0.03354329,0.71458405,0.013960079,0.062215045,0.016433958,0.09090739,0.047030434,0.055340823,0.014157151,0.26438823,0.0042478163,"TWOGAUSSIANS_WITH_ELLIPSOIDAL_ON_ECLIPSE1",9,109.79694,0.26438823,0.0042478163,0.21291953,0.029728523,0.6153928,0.032313854,0.72797406,0.015025033,0.34840426,0.09203017,0.19381276,0.040742707
375316653866487564,58364654183028224,0.5154525,2130.8054844822123,2.8706947918335324,3.4847246E-5,18.265476,0.015451104,0.2293933,0.010317249,0.085963435,0.013777244,0.21398097,0.019299736,0.7429246,0.0055480474,0.09380384,0.010497845,0.21382725,0.022953043,null,null,null,null,"TWOGAUSSIANS",8,6.324884,0.2293933,0.010317249,0.4,0.0,0.20675766,0.018082485,0.7429246,0.0055480474,0.4,0.0,0.2066036,0.02236927
375316653866487564,58420557477217024,0.5392551,2102.594053341304,3.5338595295837827,1.5599697E-5,18.454395,0.010616884,0.22731456,0.005623129,0.08179868,0.007839799,0.22189817,0.010348262,0.7221181,0.009430998,0.085251614,0.011479182,0.26480296,0.023414347,null,null,null,null,"TWOGAUSSIANS",8,2.2290456,0.7221181,0.009430998,0.4,0.0,0.25978944,0.02503785,0.22731456,0.005623129,0.4,0.0,0.21688467,0.008095654
375316653866487564,58493163901068800,0.5158448,2121.651063486719,0.16401948432139352,1.0517035E-4,17.526083,0.0032055033,0.78335303,0.010694631,0.10060055,0.017885255,0.042086147,0.006123876,0.46765736,0.02509726,0.026471296,0.009647743,0.2131779,0.20668311,null,null,null,null,"TWOGAUSSIANS",8,1.8228117,0.46768737,0.025126953,0.14823925,0.05402736,0.2134837,0.2065575,0.78335303,0.010694631,0.4,0.0,0.04208578,0.00612574
375316653866487564,58515429011586560,0.47188997,2121.0612361845547,3.2618041177165384,9.176262E-5,13.200056,0.013311959,0.27659434,0.011595979,0.100246005,0.013434855,0.11030951,0.014790419,0.76505303,0.020721558,0.07609112,0.020535411,0.121308036,0.021461375,null,null,null,null,"TWOGAUSSIANS",8,569.3578,0.76505303,0.020721558,0.4,0.007975284,0.117928326,0.020174213,0.27659434,0.011595979,0.4,0.0,0.10692878,0.011326803
375316653866487564,58536422811658240,0.50131726,2122.7201631804955,2.7746756668628803,2.3919676E-5,16.124695,0.004609157,0.20027462,0.0052012927,0.03868252,0.042410605,0.01882119,0.015521461,null,null,null,null,null,null,0.056132667,0.0070289187,0.20027462,0.0052012927,"ONEGAUSSIAN_WITH_ELLIPSOIDAL",6,23.206402,0.20027462,0.0052012927,0.21662211,0.2226676,0.1310864,0.014208831,null,null,null,null,null,null
375316653866487564,58606585396372480,0.50520486,2204.863292755248,3.2385686306439987,7.995915E-5,15.930316,0.044841345,0.23329163,0.040058985,0.063843794,0.053072054,0.45879582,0.061273314,0.7124191,0.023043443,0.053599883,0.01692071,0.67707574,0.21581295,null,null,null,null,"TWOGAUSSIANS",8,137.30968,0.7124191,0.023047606,0.30015934,0.09475598,0.6770174,0.21607728,0.23329163,0.040058985,0.35752523,0.073093854,0.4587375,0.054461274
375316653866487564,58683718713895296,0.5016645,2204.71653215161,4.5491949036775345,1.154097E-4,18.625883,0.021598792,0.24692439,0.01158477,0.054456025,0.0076759877,0.20731752,0.025446637,0.67605007,0.032780837,0.099763125,0.12158495,0.04431478,0.012544732,null,null,null,null,"TWOGAUSSIANS",8,2.634566,0.24692439,0.011362531,0.30495372,0.042985532,0.20717299,0.023255365,0.67605007,0.032780837,0.4,0.0,0.044165995,0.007875873
375316653866487564,58715299608579712,0.57198244,2167.87381835019,1.9255822436129162,2.3065082E-5,15.160171,0.0117665315,0.27229756,0.010790163,0.031114578,0.015206664,0.84904283,73.84947,0.76536214,0.013183766,0.03185654,0.011919707,0.92464733,0.3486734,0.027695218,0.013857254,0.27229756,0.010790163,"TWOGAUSSIANS_WITH_ELLIPSOIDAL_ON_ECLIPSE1",9,349.391,0.7653922,0.013148789,0.17839663,0.06675036,0.979933,0.35780245,0.27229756,0.010790163,0.17424163,0.08515732,0.9044332,73.85627
375316653866487564,58745501818640000,0.5210476,2163.233261455287,3.361291889763038,5.2471885E-5,16.411125,0.07351548,0.31590602,0.008275957,0.09871085,0.022680568,0.29894748,0.06603572,0.75715405,0.015324061,0.12178345,0.022255313,0.41318008,0.06707477,null,null,null,null,"TWOGAUSSIANS",8,70.06617,0.75715405,0.015324061,0.4,0.0,0.38453066,0.03902653,0.316466,0.0074745486,0.4,0.0,0.27088293,0.038986024
375316653866487564,58787180181227648,0.6093235,2147.429869197918,2.7764913538719016,5.7384173E-6,13.980907,0.015981425,0.27881858,0.13238682,0.06942173,0.061965585,0.7934351,2.8592005,0.79759145,0.001630769,0.06816222,0.0024473274,0.5650307,0.016602783,null,null,null,null,"TWOGAUSSIANS",8,528.0223,0.27881858,0.13238682,0.3887617,0.34219232,0.7923391,2.8605084,0.79759145,0.001630769,0.3817084,0.013705034,0.5639346,0.015544353
375316653866487564,58802362890429952,0.60087734,2125.7174562742457,3.550918185176393,2.6589441E-5,17.835901,0.010749848,0.2368313,0.013254234,0.073628016,0.010237444,0.38980022,0.053029735,0.7228441,0.0038344117,0.08270218,0.0044693286,0.40193167,0.017753117,null,null,null,null,"TWOGAUSSIANS",8,6.173346,0.7228441,0.0038344117,0.4,0.0,0.39837652,0.017482568,0.2368313,0.013254234,0.4,0.040344622,0.38624504,0.053964306
375316653866487564,58884177722676608,0.4684057,2206.923369318599,2.989022805723905,9.75757E-5,16.140467,0.009413767,0.26732278,0.018974261,0.10136503,0.019251334,0.11034478,0.01414729,0.7918985,0.007962114,0.06470008,0.010989,0.13065924,0.010710398,null,null,null,null,"TWOGAUSSIANS",8,64.47443,0.7918985,0.007961862,0.36232045,0.0615384,0.12910233,0.010155034,0.26732278,0.018974261,0.4,0.0,0.10878587,0.0140736345
375316653866487564,58909152957186176,0.506929,2159.1688204598586,1.2450289558202547,6.6616274E-5,16.65847,0.0054284628,0.23075709,0.12176206,0.024596939,0.03719799,0.19299446,1.5629175,0.74003965,0.008370203,0.03262209,0.017469158,0.055717908,2.7420459,null,null,null,null,"TWOGAUSSIANS",8,21.42846,0.23075709,0.12176206,0.13774286,0.20830874,0.19299446,1.5629175,0.74003965,0.008370203,0.18268372,0.097827286,0.055717908,2.7420459
375316653866487564,58933209069268480,0.49773276,2131.890456222227,3.4599896484995365,3.1449687E-5,16.742352,0.058727816,0.31997737,0.020324428,0.12369454,0.038728837,0.12022864,0.057830825,0.7903369,0.008975302,0.1283284,0.04248834,0.115290664,0.05172087,null,null,null,null,"TWOGAUSSIANS",8,3.800583,0.32039738,0.019620724,0.4,0.0,0.0945364,0.028276118,0.7903369,0.008975302,0.4,0.0,0.08953485,0.0073819477
375316653866487564,58937469676821120,0.44937944,2162.327353827126,0.2612174292320742,1.1136446E-4,11.88067,0.001656521,0.33680496,0.020871824,0.071661495,0.021603085,0.013249118,0.025610926,0.8421651,0.016538722,0.06259774,0.025074666,0.017235251,0.0032101069,null,null,null,null,"TWOGAUSSIANS",8,22.661701,0.8421651,0.016538722,0.3505473,0.13133796,0.017210232,0.0032443232,0.33680496,0.020871824,0.4,0.10942371,0.013224099,0.025629105
375316653866487564,59062672268089728,0.48139694,2195.192555118742,0.4476274657825614,3.0614572E-4,18.10383,0.004373146,0.3077752,0.023476016,0.06345582,0.027369574,0.039482214,0.005491364,0.6195798,0.020066878,0.0434885,0.014248916,0.26879415,0.1408939,null,null,null,null,"TWOGAUSSIANS",8,2.7391114,0.6195798,0.020066878,0.24353561,0.07979393,0.26879436,0.14089423,0.3077752,0.023476016,0.3553526,0.15121599,0.039482214,0.00549136
375316653866487564,59109023554732416,0.52920127,2192.8692474375835,1.2140707110774842,1.03475295E-5,14.3656225,0.0016273862,0.39656803,4.764065E-4,0.031404443,0.0010138884,0.09973366,0.0018201967,null,null,null,null,null,null,null,null,null,null,"ONEGAUSSIAN",5,27.237543,0.39656803,4.764065E-4,0.17586488,0.005677775,0.09973366,0.0,null,null,null,null,null,null
375316653866487564,59151771365151488,0.63968426,2239.968962905571,3.565532830414977,7.3352358E-6,17.114834,0.009282925,0.3125059,0.004712485,0.040117078,0.0064251996,0.22760686,0.096016474,0.8065863,0.009821252,0.054608993,0.016905146,0.21713193,0.085808456,0.12034682,0.015264061,0.3125059,0.004712485,"TWOGAUSSIANS_WITH_ELLIPSOIDAL_ON_ECLIPSE1",9,4.915668,0.3125059,0.004712485,0.22465564,0.03598112,0.4682948,0.099527955,0.8078063,0.006444802,0.30581036,0.09466881,0.45755586,0.092214674
375316653866487564,59165476604879488,0.5193159,2140.7918212250515,0.7507335508262356,9.33786E-6,18.59417,0.004323957,0.22798307,0.009320025,0.038981758,0.009187152,0.26457894,0.53483397,0.68194,6.5595284E-4,0.0072169816,0.0019683426,0.11585935,0.09744747,null,null,null,null,"TWOGAUSSIANS",8,2.0270598,0.22798307,0.009320025,0.21829784,0.051448047,0.26457894,0.53483397,0.68194,6.5595284E-4,0.040415097,0.011022718,0.11585935,0.09744747
375316653866487564,59229699251693824,0.5721471,2164.9937138637874,4.4318606720874945,1.558216E-5,14.206454,0.04138522,0.21902242,0.00467225,0.055958528,0.017538728,0.26615137,0.07678922,0.7056764,0.00650294,0.055945568,0.014514659,0.30393732,0.086532414,0.107606135,0.049431678,0.21902242,0.00467225,"TWOGAUSSIANS_WITH_ELLIPSOIDAL_ON_ECLIPSE1",9,116.97587,0.7076564,0.005031496,0.3132952,0.08128209,0.5178465,0.054563854,0.21902242,0.00467225,0.31336775,0.09821688,0.48134664,0.025222417
375316653866487564,59287694194957568,0.45069084,2207.455028742339,1.400805421071024,2.472621E-5,16.960371,0.11682763,0.16736688,0.0033652647,0.014170663,0.0012143968,1.4744135,0.27364138,0.5947848,0.020506648,0.19200896,0.040632,0.7266128,0.11464533,null,null,null,null,"TWOGAUSSIANS",8,62.090553,0.16744688,0.0033688948,0.07935572,0.006800622,1.4949834,0.27777088,0.5947848,0.020506648,0.4,0.0,0.67765045,0.041562773
375316653866487564,59314911403157120,0.702429,2062.4020546397323,0.6777758848591802,2.3256587E-4,13.61977,9.5454324E-4,0.7155359,0.14966835,0.06650485,0.07487963,0.18626471,1776.9873,0.60403234,0.025284039,0.030327031,0.007080787,0.7327836,0.68444693,null,null,null,null,"TWOGAUSSIANS",8,22.362606,0.6055123,0.023644129,0.16983138,0.039652407,0.77931535,0.6343761,0.71186584,0.15553182,0.37242717,0.41932592,0.18729834,1776.9865
375316653866487564,59366240556238720,0.49983126,2151.161384551568,3.8820770296546883,5.3733223E-5,19.011393,0.017924275,0.25482252,0.013419714,0.052665282,0.009339377,0.7579953,0.36347553,0.7291036,0.0076100556,0.06724061,0.0063486807,0.47917736,0.032966707,null,null,null,null,"TWOGAUSSIANS",8,10.570813,0.25482252,0.013419714,0.29492557,0.052300513,0.75791764,0.36345452,0.7291036,0.0076100556,0.3765474,0.035552613,0.47909972,0.03296802
375316653866487564,59370917776633088,0.6337271,2114.9287571202676,2.794702137142704,6.8672207E-6,14.867039,0.0070583145,0.18399304,0.006584967,0.045745354,0.006298905,0.28069922,0.058108367,0.6767021,0.0037050312,0.03349643,0.006647543,0.25432593,0.06080286,0.12516192,0.009360013,0.6767021,0.0037050312,"TWOGAUSSIANS_WITH_ELLIPSOIDAL_ON_ECLIPSE2",9,67.49125,0.18305305,0.005500425,0.256174,0.03527387,0.53056484,0.061814073,0.6767021,0.0037050312,0.18758,0.03722624,0.5046492,0.06263066
375316653866487564,59509387522325760,0.6542048,2160.764386618616,2.204978703530367,7.198989E-6,12.976756,0.022211153,0.31604093,0.0030870354,0.052671067,0.008864388,0.17485587,0.046323944,0.8136944,0.0060508274,0.06523774,0.007901753,0.3546734,0.040637083,0.09028749,0.024393102,0.31604093,0.0030870354,"TWOGAUSSIANS_WITH_ELLIPSOIDAL_ON_ECLIPSE1",9,88.217064,0.81403446,0.0053512324,0.36533135,0.044249818,0.53501683,0.019362923,0.31604093,0.0030870354,0.294958,0.049640574,0.3552328,0.009482575
