Gaia/vari_eclipsing_binary/VariEclipsingBinary_461276-461325.csv
# %ECSV 1.0
# ---
# delimiter: ','
# meta: !!omap
# - RELEASE: Gaia DR3
# - TABLE: vari_eclipsing_binary
# - DESCRIPTION: >
#     This table describes the properties of the eclipsing binaries resulting from the variability analysis. 
# - CITATION: >
#     How to cite and acknowledge Gaia: 
#     https://gea.esac.esa.int/archive/documentation/credits.html 
# - KNOWN_ISSUES: >
#     Known issues: 
#     https://www.cosmos.esa.int/web/gaia-users/known-issues 
# - DOCUMENTATION: >
#     Tutorials and documentation: 
#     https://www.cosmos.esa.int/web/gaia-users/archive 
# datatype:
# - 
#   name: solution_id
#   datatype: int64
#   description: Solution Identifier
#   meta:
#     ucd: meta.version
# - 
#   name: source_id
#   datatype: int64
#   description: Unique source identifier
#   meta:
#     ucd: meta.id;meta.main
# - 
#   name: global_ranking
#   datatype: float32
#   description: Number between 0 (worst) and 1 (best)
#   meta:
#     ucd: stat.param
# - 
#   name: reference_time
#   datatype: float64
#   unit: d
#   description: Reference time used for the geometric model fit
#   meta:
#     ucd: time.epoch
# - 
#   name: frequency
#   datatype: float64
#   unit: d**-1
#   description: Frequency of geometric model of the eclipsing binary light curve
#   meta:
#     ucd: src.orbital
# - 
#   name: frequency_error
#   datatype: float32
#   unit: d**-1
#   description: "Uncertainty of \\texttt{frequency}"
#   meta:
#     ucd: stat.error
# - 
#   name: geom_model_reference_level
#   datatype: float32
#   unit: mag
#   description: Magnitude reference level of geometric model
#   meta:
#     ucd: phot.mag;em.opt
# - 
#   name: geom_model_reference_level_error
#   datatype: float32
#   unit: mag
#   description: "Uncertainty of \\texttt{geomModelReferenceLevel}"
#   meta:
#     ucd: stat.error;phot.mag;em.opt
# - 
#   name: geom_model_gaussian1_phase
#   datatype: float32
#   description: Phase of the Gaussian 1 component
#   meta:
#     ucd: time.phase
# - 
#   name: geom_model_gaussian1_phase_error
#   datatype: float32
#   description: "Uncertainty of \\texttt{geomModelGaussian1Phase}"
#   meta:
#     ucd: stat.error;time.phase
# - 
#   name: geom_model_gaussian1_sigma
#   datatype: float32
#   description: "Standard deviation [phase] of Gaussian 1 component"
#   meta:
#     ucd: stat.stdev
# - 
#   name: geom_model_gaussian1_sigma_error
#   datatype: float32
#   description: "Uncertainty of \\texttt{geomModelGaussian1Sigma}"
#   meta:
#     ucd: stat.error
# - 
#   name: geom_model_gaussian1_depth
#   datatype: float32
#   unit: mag
#   description: Magnitude depth of Gaussian 1 component
#   meta:
#     ucd: src.var.amplitude
# - 
#   name: geom_model_gaussian1_depth_error
#   datatype: float32
#   unit: mag
#   description: "Uncertainty of \\texttt{geomModelGaussian1Depth}"
#   meta:
#     ucd: stat.error;src.var.amplitude
# - 
#   name: geom_model_gaussian2_phase
#   datatype: float32
#   description: Phase of Gaussian 2 component
#   meta:
#     ucd: time.phase
# - 
#   name: geom_model_gaussian2_phase_error
#   datatype: float32
#   description: "Uncertainty of \\texttt{geomModelGaussian2Phase}"
#   meta:
#     ucd: stat.error;time.phase
# - 
#   name: geom_model_gaussian2_sigma
#   datatype: float32
[...]
#   datatype: float32
#   description: "Secondary eclipse: uncertainty of \\texttt{derivedSecondaryEclDuration}"
#   meta:
#     ucd: stat.error;time.duration
# - 
#   name: derived_secondary_ecl_depth
#   datatype: float32
#   unit: mag
#   description: "Secondary eclipse: depth"
#   meta:
#     ucd: src.var.amplitude
# - 
#   name: derived_secondary_ecl_depth_error
#   datatype: float32
#   unit: mag
#   description: "Secondary eclipse: uncertainty of \\texttt{derivedSecondaryEclDepth}"
#   meta:
#     ucd: stat.error;src.var.amplitude
solution_id,source_id,global_ranking,reference_time,frequency,frequency_error,geom_model_reference_level,geom_model_reference_level_error,geom_model_gaussian1_phase,geom_model_gaussian1_phase_error,geom_model_gaussian1_sigma,geom_model_gaussian1_sigma_error,geom_model_gaussian1_depth,geom_model_gaussian1_depth_error,geom_model_gaussian2_phase,geom_model_gaussian2_phase_error,geom_model_gaussian2_sigma,geom_model_gaussian2_sigma_error,geom_model_gaussian2_depth,geom_model_gaussian2_depth_error,geom_model_cosine_half_period_amplitude,geom_model_cosine_half_period_amplitude_error,geom_model_cosine_half_period_phase,geom_model_cosine_half_period_phase_error,model_type,num_model_parameters,reduced_chi2,derived_primary_ecl_phase,derived_primary_ecl_phase_error,derived_primary_ecl_duration,derived_primary_ecl_duration_error,derived_primary_ecl_depth,derived_primary_ecl_depth_error,derived_secondary_ecl_phase,derived_secondary_ecl_phase_error,derived_secondary_ecl_duration,derived_secondary_ecl_duration_error,derived_secondary_ecl_depth,derived_secondary_ecl_depth_error
[from data line 290]
375316653866487564,4057527038443396352,0.50247437,2415.7201994179104,0.9117381985798276,4.7474066E-5,19.2632,0.0059335497,0.10634305,0.0011812239,0.011096513,0.0035815993,0.946451,5.4694777,0.6633219,0.016422452,0.082556546,0.02203592,0.24408662,0.0178504,null,null,null,null,"TWOGAUSSIANS",8,1.4842141,0.10634305,0.0011812239,0.062140472,0.020056957,0.9464511,5.4694777,0.6633219,0.016422452,0.4,0.049666043,0.24408662,0.017850367
375316653866487564,4057527072790565760,0.67052746,2395.7853815429817,2.3428570516213965,2.9460664E-6,15.596069,0.005784332,0.27546313,9.5515285E-4,0.04749072,0.0033228383,0.23406221,0.01547846,0.7815253,0.0047009503,0.047192525,0.0038127988,0.27366588,0.02172337,0.1261308,0.00673036,0.27546313,9.5515285E-4,"TWOGAUSSIANS_WITH_ELLIPSOIDAL_ON_ECLIPSE1",9,11.774808,0.7815253,0.0047009503,0.26427814,0.021351673,0.5255613,0.020242816,0.27546313,9.5515285E-4,0.26594803,0.018607894,0.48632345,0.018082067
375316653866487564,4057528103582630528,0.6516105,2422.8870759142205,0.7650674980566416,3.2244657E-6,16.156397,0.0031344038,0.29838696,6.203106E-4,0.035061833,0.0010891857,0.36440027,0.008655451,0.7975805,0.005975065,0.031086653,0.0035780645,0.35579187,0.03499962,0.024685867,0.005090583,0.29838696,6.203106E-4,"TWOGAUSSIANS_WITH_ELLIPSOIDAL_ON_ECLIPSE1",9,4.793555,0.29838696,6.203106E-4,0.19634625,0.0060994397,0.41377196,0.006830959,0.7975905,0.0059154276,0.17408526,0.020037161,0.4051623,0.03251338
375316653866487564,4057528623273092480,0.50785667,2408.3480167790603,2.63644420976562,3.2285756E-5,19.631706,0.008269559,0.32880628,0.0110657755,0.036714293,0.009154514,0.41989738,0.08252167,0.8312583,0.006725217,0.06003703,0.0056979414,0.42323604,0.023935586,null,null,null,null,"TWOGAUSSIANS",8,2.383,0.8312583,0.006725217,0.3362074,0.03190847,0.4232349,0.02393672,0.32880628,0.0110657755,0.20560004,0.051265277,0.41989622,0.082526356
375316653866487564,4057529001236256896,0.4840672,2423.03841114515,2.4714411746600855,5.1076422E-5,14.378811,0.0027929395,0.36577353,0.008872013,0.044728093,0.012825667,0.089705184,0.011397842,0.8721042,0.008283188,0.029916432,0.0064932834,0.10710646,0.017100533,null,null,null,null,"TWOGAUSSIANS",8,119.04165,0.8721042,0.008283188,0.16753203,0.036362387,0.10710646,0.017100533,0.36577353,0.008872013,0.2504773,0.07182373,0.089705184,0.011397844
375316653866487564,4057529207394708480,0.53216475,2393.026295007291,0.11799359824346796,2.5889387E-5,17.725903,0.004749639,0.04291376,0.0015769872,0.0060964166,7.8177935E-4,0.2401084,0.04069087,0.4465245,0.05568603,0.1557452,0.10955391,0.0222528,0.0424057,null,null,null,null,"TWOGAUSSIANS",8,1.6217626,0.04291376,0.0015769872,0.03413993,0.0043779644,0.24064028,0.04069758,0.4465245,0.05568603,0.4,0.0,0.02199552,0.042884517
375316653866487564,4057530680563226496,0.54842997,2360.8557538386713,4.01962018700538,3.2712844E-5,17.707209,0.0048890007,0.24874811,0.003118718,0.06438288,0.013502082,0.11778406,0.008550987,null,null,null,null,null,null,0.09787472,0.0063947453,0.24874811,0.003118718,"ONEGAUSSIAN_WITH_ELLIPSOIDAL",6,9.423428,0.24874811,0.003118718,0.36054415,0.053528935,0.3134694,0.0091949655,null,null,null,null,null,null
375316653866487564,4057530783642798464,0.56621265,2412.763375828767,0.4615535435484567,4.1977186E-5,17.990805,0.0027251453,0.3930668,0.0022160662,0.025793621,0.0030995568,0.21751918,0.027764294,0.8877344,0.014332987,0.020852702,0.009644775,0.27223146,0.06881642,null,null,null,null,"TWOGAUSSIANS",8,2.8999631,0.8877344,0.014332987,0.116775125,0.054010738,0.27223146,0.06881642,0.3930668,0.0022160662,0.14444427,0.017357519,0.21751918,0.027764294
375316653866487564,4057530959741338112,0.5671919,2400.153571887568,2.6893888155503185,8.523518E-6,14.539096,0.004243348,0.29374617,0.01063614,0.019979825,0.0072632846,0.08423488,0.06313009,0.7774523,0.0017423021,0.042407326,0.0056448793,0.11628281,0.0323871,0.117551625,0.0056175115,0.7774523,0.0017423021,"TWOGAUSSIANS_WITH_ELLIPSOIDAL_ON_ECLIPSE2",9,156.89223,0.7774523,0.0017423021,0.23748103,0.031611323,0.351386,0.032828398,0.29243618,0.010151654,0.11188702,0.040674396,0.3170795,0.06631867
375316653866487564,4057531470837578112,0.49112323,2400.4994065941178,2.747267927339716,1.0732017E-5,19.57457,0.01404847,0.29666865,0.0042758626,0.0747556,0.0073062046,0.4087162,0.051441744,0.8043412,0.04539235,0.058757033,0.026597885,0.35079435,0.12340853,null,null,null,null,"TWOGAUSSIANS",8,1.9312068,0.29666865,0.0042758626,0.4,0.0,0.40816587,0.051692862,0.8043412,0.04539235,0.32903937,0.10210758,0.35024402,0.12201101
375316653866487564,4057531818728833408,0.531328,2404.0815662552973,1.0446004443451176,5.278721E-6,18.447037,0.004052246,0.28155446,0.036433395,0.025340943,0.021421727,0.13912658,0.06833064,0.77458876,0.0018385894,0.028303334,0.001871661,0.26716083,0.017774874,null,null,null,null,"TWOGAUSSIANS",8,2.404433,0.77458876,0.0018385894,0.15849867,0.010481303,0.26716083,0.017774874,0.28155446,0.036433395,0.14190929,0.11996167,0.13912658,0.06833064
375316653866487564,4057532093612739968,0.48047122,2412.017935430215,0.4198587109367652,1.3363703E-5,15.767543,0.0010307822,0.790782,0.005348916,0.019307546,0.004397511,0.11688596,0.021960506,null,null,null,null,null,null,0.015065439,0.0016183066,0.790782,0.005348916,"ONEGAUSSIAN_WITH_ELLIPSOIDAL",6,8.3463,0.790782,0.005348916,0.10812226,0.024626061,0.14701676,0.022044104,null,null,null,null,null,null
375316653866487564,4057532707785238272,0.65721226,2371.396956355878,1.289385903300263,2.2549502E-6,13.459142,0.0037226914,0.2862276,0.0013821294,0.09144008,0.0022955844,0.23772418,0.0044328137,0.78627676,8.775373E-4,0.0903734,0.0024405573,0.16324222,0.003437428,null,null,null,null,"TWOGAUSSIANS",8,27.596909,0.2862276,0.0013821294,0.4,0.0,0.22876492,0.003993214,0.78627676,8.775373E-4,0.4,0.0,0.15428305,0.002536704
375316653866487564,4057533738577465472,0.5750954,2410.079653586242,3.5072803678513904,1.0056159E-5,16.186346,0.012574936,0.22786064,0.014157741,0.04199212,0.010457336,0.12225687,0.038244694,0.736585,0.0027901006,0.052501712,0.009367171,0.1756136,0.025486741,0.08727874,0.01435228,0.736585,0.0027901006,"TWOGAUSSIANS_WITH_ELLIPSOIDAL_ON_ECLIPSE2",9,40.20607,0.736585,0.0027901006,0.2940096,0.05245616,0.35016894,0.016185196,0.22931065,0.011490898,0.23515587,0.05856108,0.29637495,0.031004447
375316653866487564,4057535667029072640,0.48688805,2419.532432626621,0.5449676782687529,3.691364E-5,19.504791,0.0058818706,0.21816671,0.010789193,0.045873728,0.006857816,0.108927935,0.024809707,0.5566785,0.0037803187,0.009701516,0.003060777,0.72295463,0.49074498,null,null,null,null,"TWOGAUSSIANS",8,2.1761913,0.5566785,0.0037803187,0.054328486,0.017140351,0.72295463,0.49074498,0.21816671,0.010789193,0.2568929,0.03840377,0.108927935,0.024809707
375316653866487564,4057536697810368256,0.54155385,2451.1720427357277,3.0189626761852835,6.9635416E-6,19.159729,0.022835292,0.21012214,0.0028392668,0.08194714,0.0065018926,0.47756687,0.018703312,0.7012669,0.0042611165,0.083499804,0.007791918,0.43208772,0.029489357,null,null,null,null,"TWOGAUSSIANS",8,2.72094,0.21012214,0.0028392668,0.4,0.0,0.46955135,0.016098317,0.7012669,0.0042611165,0.4,0.0,0.4240722,0.02893902
375316653866487564,4057537964825963008,0.4883405,2440.4888352513203,2.8045582303970638,4.8707196E-5,18.933567,0.014025741,0.22504115,0.00736685,0.07743713,0.011502677,0.19493373,0.0148990555,0.7236842,0.0048439,0.07582574,0.009807149,0.18473214,0.01081328,null,null,null,null,"TWOGAUSSIANS",8,3.8725924,0.22504115,0.00736685,0.4,0.0,0.19313192,0.01403053,0.7236842,0.0048439,0.4,0.0,0.18293034,0.009964134
375316653866487564,4057539584028421632,0.621815,2413.401135061719,2.519523424112166,1.1925637E-5,17.241274,0.010094396,0.25361162,0.0015201344,0.08736935,0.0046881842,0.35664573,0.009929994,0.7485662,0.0031676143,0.092256,0.005616817,0.36460918,0.010415965,null,null,null,null,"TWOGAUSSIANS",8,6.621937,0.7485662,0.0031676143,0.4,0.0,0.35076064,0.00721029,0.25361162,0.0015201344,0.4,0.0,0.34279746,0.008749396
375316653866487564,4057540507446209920,0.62085927,2416.434291104644,2.522784957105258,1.4254779E-5,17.928263,0.012260543,0.26936838,0.004172894,0.037781727,0.0038726218,0.52249557,0.13512327,0.7694769,0.00317474,0.05469191,0.003104846,0.42785677,0.030212302,0.10941737,0.015043139,0.26936838,0.004172894,"TWOGAUSSIANS_WITH_ELLIPSOIDAL_ON_ECLIPSE1",9,4.93911,0.26936838,0.004172894,0.21157765,0.021686682,0.7413177,0.14911024,0.7694769,0.002612844,0.3062747,0.017387139,0.64667875,0.015243294
375316653866487564,4057540919763422848,0.5229861,2404.675346642231,1.7308817949513673,5.8714548E-5,18.838043,0.0028289878,0.32858565,0.015580848,0.038651224,0.01241252,0.03637035,0.01531578,0.5809064,7.291885E-4,0.004217277,0.0010412942,0.6100106,0.5317278,null,null,null,null,"TWOGAUSSIANS",8,1.617158,0.5809064,7.291885E-4,0.02361675,0.0058312477,0.6100106,0.5317278,0.32858565,0.015580848,0.21644685,0.06951011,0.03637035,0.01531578
375316653866487564,4057542607692225536,0.66871303,2367.6607996720545,1.9056049020948291,2.892849E-6,16.57029,0.0019320485,0.2555844,0.001745787,0.025386173,0.014730459,0.013346902,0.0066825533,0.7511808,0.0018798922,0.059995357,0.0014033741,0.3328819,0.0069499323,0.06919122,0.0030693423,0.2555844,0.001745787,"TWOGAUSSIANS_WITH_ELLIPSOIDAL_ON_ECLIPSE1",9,3.7915595,0.7516508,0.0016327637,0.335974,0.007858896,0.47112837,0.00539716,0.2555844,0.001745787,0.14216258,0.08249057,0.15168811,0.0031959908
375316653866487564,4057543054361953024,0.45202976,2385.539481050341,0.3176032776496456,7.690707E-5,19.905964,0.009744055,0.46443084,0.018385492,0.02644663,0.017779794,0.10131951,0.03349518,0.74012065,0.016853066,0.042381827,0.018722495,3.1536093,6.028941,null,null,null,null,"TWOGAUSSIANS",8,2.4373682,0.74012065,0.016853066,0.23733824,0.10484597,3.1536093,6.028941,0.46443084,0.018385492,0.14810112,0.09956684,0.101319514,0.033495106
375316653866487564,4057546073723904128,0.5913484,2378.0559507710577,1.2484880309559145,6.3736425E-6,15.651716,0.01566638,0.29087394,0.0045414404,0.10522542,0.014775517,0.12746683,0.014245672,0.7740176,0.002355411,0.115228124,0.0071114497,0.22425352,0.014341092,null,null,null,null,"TWOGAUSSIANS",8,7.269501,0.7740176,0.002355411,0.4,0.0,0.20248577,0.0051084296,0.29095393,0.004520666,0.4,0.0,0.10573873,0.00422133
375316653866487564,4057547207596514560,0.4898218,2402.8146265520018,2.8316341198730997,1.1406292E-5,17.7185,0.69659615,0.29444215,0.007757229,0.24085388,0.12453906,0.9245802,0.68627,0.8005981,0.0056245453,0.14854442,0.053402748,0.6910176,0.4678579,null,null,null,null,"TWOGAUSSIANS",8,4.888343,0.29342213,0.006766184,0.4,0.0,0.23209506,0.0150057385,0.80453813,0.0035729585,0.4,0.0,0.20811094,0.012804046
375316653866487564,4057551536922240384,0.5699315,2382.7330204015143,1.3384383542588523,4.244956E-6,12.296807,0.0015287845,0.30451128,0.009474657,0.03563685,0.010138825,0.04748418,0.0042033307,0.8031043,0.0013215933,0.036002878,0.0017435813,0.1060476,0.0042797606,0.009745799,0.0019127283,0.30451128,0.009474657,"TWOGAUSSIANS_WITH_ELLIPSOIDAL_ON_ECLIPSE1",9,22.689045,0.80313426,0.0012560881,0.20161611,0.009764055,0.12553771,0.004083467,0.30451128,0.009474657,0.19956636,0.056777414,0.06697578,0.0023914254
375316653866487564,4057552022260250368,0.49619815,2400.000661482406,0.1906369815721404,1.93357E-6,14.433347,0.01573368,0.15191185,0.0026813415,0.013566759,0.0022791475,0.6534781,0.05013306,0.6576115,0.0074616875,0.032399524,0.0092386855,0.32560444,0.07697615,0.0316317,0.017132774,0.15191185,0.0026813415,"TWOGAUSSIANS_WITH_ELLIPSOIDAL_ON_ECLIPSE1",9,44.042294,0.15191185,0.0026813415,0.07597385,0.012763226,0.7167415,0.057227053,0.6576115,0.0074616875,0.18143734,0.051736638,0.38878673,0.07606678
375316653866487564,4057553564148119040,0.51745796,2441.0477739680523,4.226649626706606,2.041986E-5,16.938845,0.0178101,0.2845406,0.003983665,0.06606237,0.007716557,0.22477952,0.015832879,0.7895361,0.004607464,0.08787691,0.019921707,0.09491164,0.014859157,null,null,null,null,"TWOGAUSSIANS",8,18.846804,0.2845406,0.003983665,0.36994925,0.039798968,0.22354707,0.012404429,0.7895361,0.004607464,0.4,0.0,0.09367919,0.011079197
375316653866487564,4057555522653129984,0.6563742,2406.3381040101276,0.4611397194439238,2.2880383E-6,12.86615,0.0014563133,0.4304248,0.0013005786,0.020929292,8.7662257E-4,0.40219384,0.0058359834,0.631067,0.03474892,0.07851929,0.062782936,0.015599027,0.39551935,null,null,null,null,"TWOGAUSSIANS",8,68.73854,0.4304448,0.001307176,0.11720403,0.004909086,0.40278998,0.0059629492,0.631067,0.03474892,0.4,0.2948567,0.015599027,0.39551935
375316653866487564,4057555763171361664,0.49505332,2429.6566701736024,1.0226482992247876,2.0898324E-5,16.720335,0.019886268,0.29986376,0.0033880945,0.06488526,0.012410438,0.07862384,0.04801999,0.7894885,0.009539112,0.03860728,0.016005903,0.20769043,0.036319777,0.09262436,0.0251178,0.29986376,0.0033880945,"TWOGAUSSIANS_WITH_ELLIPSOIDAL_ON_ECLIPSE1",9,41.983402,0.79046845,0.008626693,0.21620077,0.089633055,0.39217967,0.036884673,0.29986376,0.0033880945,0.36335742,0.065182805,0.2638248,0.014686856
375316653866487564,4057557756036291840,0.48934183,2405.186845547301,0.700364563281064,2.0912283E-5,16.20016,0.0026843273,0.7100102,0.09408729,0.04647399,0.058097932,0.02803258,0.018615006,0.5752529,0.009946729,0.024809355,0.0067460076,0.17935519,0.049267337,null,null,null,null,"TWOGAUSSIANS",8,7.9875116,0.5753429,0.01015343,0.13893238,0.037777644,0.17977507,0.04245359,0.7100102,0.1551304,0.26025435,0.2580079,0.028032651,0.14658234
375316653866487564,4057557760337877376,0.4482291,2443.8731257930585,2.213634858365643,2.3432263E-5,14.844603,0.24853393,0.31255102,0.026610984,0.19286722,0.21548273,0.09144507,0.24619292,0.79645044,0.01307557,0.110998824,0.030758068,0.19954059,0.10757394,null,null,null,null,"TWOGAUSSIANS",8,56.948517,0.79645044,0.01307557,0.4,0.0,0.15526435,0.010325586,0.312721,0.026072696,0.4,0.0,0.040711295,0.015138169
375316653866487564,4057558241372959104,0.60242516,2393.1401819773887,3.614862534447676,6.073528E-6,12.962946,0.018006064,0.25908628,0.002330207,0.05095941,0.0074538426,0.34846258,0.1597575,0.7503884,0.0023705857,0.058365483,0.0034238494,0.48479268,0.04218294,0.089375146,0.023870233,0.25908628,0.002330207,"TWOGAUSSIANS_WITH_ELLIPSOIDAL_ON_ECLIPSE1",9,461.06473,0.75116843,0.0020558718,0.3268467,0.019173557,0.66302913,0.020840257,0.25908628,0.002330207,0.2853727,0.041741516,0.5271843,0.16477403
375316653866487564,4057558889907571456,0.5090773,2391.775273118843,0.8177375517178075,3.6779034E-5,16.304775,0.0049648136,0.25293705,0.0073935133,0.038565177,0.00818868,0.10769547,0.023517737,0.8089021,0.033680372,0.05757865,0.02551851,0.016228074,0.0104099335,0.01578384,0.0060655624,0.25293705,0.0073935133,"TWOGAUSSIANS_WITH_ELLIPSOIDAL_ON_ECLIPSE1",9,15.268572,0.25293705,0.0073935133,0.215965,0.045856606,0.1392629,0.023623563,0.8089021,0.033680372,0.32244045,0.13974555,0.04405042,0.0037441996
375316653866487564,4057560440396505728,0.51626396,2374.567974063828,0.7168394592146139,1.874062E-5,16.776606,0.00845312,0.3977501,0.015860543,0.019769387,0.016096858,0.24882428,0.045315616,0.89350736,0.0036426496,0.013929697,0.0028852168,0.19552189,0.016343825,null,null,null,null,"TWOGAUSSIANS",8,40.014595,0.3977501,0.015860543,0.11070857,0.09014241,0.24882428,0.045315616,0.89350736,0.0036426496,0.078006305,0.016157214,0.19552189,0.016343825
