Gaia/vari_eclipsing_binary/VariEclipsingBinary_632774-633519.csv
# %ECSV 1.0
# ---
# delimiter: ','
# meta: !!omap
# - RELEASE: Gaia DR3
# - TABLE: vari_eclipsing_binary
# - DESCRIPTION: >
#     This table describes the properties of the eclipsing binaries resulting from the variability analysis. 
# - CITATION: >
#     How to cite and acknowledge Gaia: 
#     https://gea.esac.esa.int/archive/documentation/credits.html 
# - KNOWN_ISSUES: >
#     Known issues: 
#     https://www.cosmos.esa.int/web/gaia-users/known-issues 
# - DOCUMENTATION: >
#     Tutorials and documentation: 
#     https://www.cosmos.esa.int/web/gaia-users/archive 
# datatype:
# - 
#   name: solution_id
#   datatype: int64
#   description: Solution Identifier
#   meta:
#     ucd: meta.version
# - 
#   name: source_id
#   datatype: int64
#   description: Unique source identifier
#   meta:
#     ucd: meta.id;meta.main
# - 
#   name: global_ranking
#   datatype: float32
#   description: Number between 0 (worst) and 1 (best)
#   meta:
#     ucd: stat.param
# - 
#   name: reference_time
#   datatype: float64
#   unit: d
#   description: Reference time used for the geometric model fit
#   meta:
#     ucd: time.epoch
# - 
#   name: frequency
#   datatype: float64
#   unit: d**-1
#   description: Frequency of geometric model of the eclipsing binary light curve
#   meta:
#     ucd: src.orbital
# - 
#   name: frequency_error
#   datatype: float32
#   unit: d**-1
#   description: "Uncertainty of \\texttt{frequency}"
#   meta:
#     ucd: stat.error
# - 
#   name: geom_model_reference_level
#   datatype: float32
#   unit: mag
#   description: Magnitude reference level of geometric model
#   meta:
#     ucd: phot.mag;em.opt
# - 
#   name: geom_model_reference_level_error
#   datatype: float32
#   unit: mag
#   description: "Uncertainty of \\texttt{geomModelReferenceLevel}"
#   meta:
#     ucd: stat.error;phot.mag;em.opt
# - 
#   name: geom_model_gaussian1_phase
#   datatype: float32
#   description: Phase of the Gaussian 1 component
#   meta:
#     ucd: time.phase
# - 
#   name: geom_model_gaussian1_phase_error
#   datatype: float32
#   description: "Uncertainty of \\texttt{geomModelGaussian1Phase}"
#   meta:
#     ucd: stat.error;time.phase
# - 
#   name: geom_model_gaussian1_sigma
#   datatype: float32
#   description: "Standard deviation [phase] of Gaussian 1 component"
#   meta:
#     ucd: stat.stdev
# - 
#   name: geom_model_gaussian1_sigma_error
#   datatype: float32
#   description: "Uncertainty of \\texttt{geomModelGaussian1Sigma}"
#   meta:
#     ucd: stat.error
# - 
#   name: geom_model_gaussian1_depth
#   datatype: float32
#   unit: mag
#   description: Magnitude depth of Gaussian 1 component
#   meta:
#     ucd: src.var.amplitude
# - 
#   name: geom_model_gaussian1_depth_error
#   datatype: float32
#   unit: mag
#   description: "Uncertainty of \\texttt{geomModelGaussian1Depth}"
#   meta:
#     ucd: stat.error;src.var.amplitude
# - 
#   name: geom_model_gaussian2_phase
#   datatype: float32
#   description: Phase of Gaussian 2 component
#   meta:
#     ucd: time.phase
# - 
#   name: geom_model_gaussian2_phase_error
#   datatype: float32
#   description: "Uncertainty of \\texttt{geomModelGaussian2Phase}"
#   meta:
#     ucd: stat.error;time.phase
# - 
#   name: geom_model_gaussian2_sigma
#   datatype: float32
[...]
#   datatype: float32
#   description: "Secondary eclipse: uncertainty of \\texttt{derivedSecondaryEclDuration}"
#   meta:
#     ucd: stat.error;time.duration
# - 
#   name: derived_secondary_ecl_depth
#   datatype: float32
#   unit: mag
#   description: "Secondary eclipse: depth"
#   meta:
#     ucd: src.var.amplitude
# - 
#   name: derived_secondary_ecl_depth_error
#   datatype: float32
#   unit: mag
#   description: "Secondary eclipse: uncertainty of \\texttt{derivedSecondaryEclDepth}"
#   meta:
#     ucd: stat.error;src.var.amplitude
solution_id,source_id,global_ranking,reference_time,frequency,frequency_error,geom_model_reference_level,geom_model_reference_level_error,geom_model_gaussian1_phase,geom_model_gaussian1_phase_error,geom_model_gaussian1_sigma,geom_model_gaussian1_sigma_error,geom_model_gaussian1_depth,geom_model_gaussian1_depth_error,geom_model_gaussian2_phase,geom_model_gaussian2_phase_error,geom_model_gaussian2_sigma,geom_model_gaussian2_sigma_error,geom_model_gaussian2_depth,geom_model_gaussian2_depth_error,geom_model_cosine_half_period_amplitude,geom_model_cosine_half_period_amplitude_error,geom_model_cosine_half_period_phase,geom_model_cosine_half_period_phase_error,model_type,num_model_parameters,reduced_chi2,derived_primary_ecl_phase,derived_primary_ecl_phase_error,derived_primary_ecl_duration,derived_primary_ecl_duration_error,derived_primary_ecl_depth,derived_primary_ecl_depth_error,derived_secondary_ecl_phase,derived_secondary_ecl_phase_error,derived_secondary_ecl_duration,derived_secondary_ecl_duration_error,derived_secondary_ecl_depth,derived_secondary_ecl_depth_error
[from data line 536]
375316653866487564,5572069469210910464,0.43425262,2260.725505658744,4.507579113136592,1.5671541E-4,15.133902,0.008891701,0.56726456,0.008976375,0.07741419,0.013007306,0.17701519,0.013148399,0.83819,0.07412117,0.044909112,0.043266244,0.058641773,294202.62,null,null,null,null,"TWOGAUSSIANS",8,502.3973,0.56726456,0.008976375,0.4,0.0,0.17701517,0.013148411,0.83819,0.07412117,0.25149104,0.24229096,0.05902941,294202.62
375316653866487564,5572070843600473472,0.5856893,2248.6668315419215,2.148013137500442,1.1430822E-5,17.041515,0.0036053525,0.34405026,0.014275962,0.031488415,0.0177687,0.4707492,1.1102601,0.8408331,0.002623847,0.027585767,0.0029065984,0.5407479,0.021494728,null,null,null,null,"TWOGAUSSIANS",8,13.088512,0.8408331,0.002623847,0.1544803,0.01627695,0.5407479,0.021494728,0.34405026,0.014275962,0.17633513,0.099504724,0.4707492,1.1102601
375316653866487564,5572137432773289600,0.5748921,2263.890245882195,2.1138257914614855,7.3004267E-6,16.47197,0.005343475,0.247584,0.0033902433,0.08105801,0.004050343,0.23919962,0.009584083,0.7472888,0.0023350695,0.085933454,0.0039421124,0.25988346,0.0068394234,null,null,null,null,"TWOGAUSSIANS",8,8.912435,0.7472888,0.0023350695,0.4,0.0,0.25427154,0.006680313,0.247584,0.0033902433,0.4,0.0,0.23358774,0.009386867
375316653866487564,5572139734875764480,0.4929751,2225.464374465291,3.8370766907210263,5.1024734E-5,17.731508,0.010033356,0.110698305,0.014460204,0.010151182,0.006097163,0.12767097,0.1258421,0.81860834,0.017275672,0.037652228,0.012600908,0.5872825,0.16541262,0.0105049955,0.012542274,0.81860834,0.017275672,"TWOGAUSSIANS_WITH_ELLIPSOIDAL_ON_ECLIPSE2",9,36.20787,0.81860834,0.017275672,0.21085247,0.07056508,0.60829246,0.16953942,0.110748306,0.014417653,0.056846622,0.034144115,0.12910822,0.12713443
375316653866487564,5572145232433912576,0.47055134,2210.7285300514986,4.148120929430901,1.6082351E-5,17.65812,0.0035772629,0.34007978,0.003009699,0.055904604,0.0030570503,0.1879421,0.0050170934,0.7726496,0.0064009964,0.018829871,0.0052702343,0.0434305,0.029082512,null,null,null,null,"TWOGAUSSIANS",8,6.9658375,0.34007978,0.003009699,0.3130658,0.017119482,0.1879421,0.0050170934,0.7726496,0.0064009964,0.10544728,0.029513313,0.0434305,0.029082512
375316653866487564,5572154887520570880,0.6283079,2214.186525010163,3.976043873356659,6.773344E-6,15.670911,0.009348091,0.27927893,9.321872E-4,0.046038114,0.0015017003,0.6218659,0.019616311,0.7772458,0.003272608,0.04091232,0.0027626646,0.47617245,0.027342044,0.12939607,0.01042847,0.27927893,9.321872E-4,"TWOGAUSSIANS_WITH_ELLIPSOIDAL_ON_ECLIPSE1",9,63.020138,0.27927893,9.321872E-4,0.25781342,0.008409522,0.8806572,0.007738573,0.7773858,0.0030745266,0.22910899,0.015470922,0.7349243,0.016217722
375316653866487564,5572157460204452480,0.5513282,2209.7735886459263,3.7355774704446976,8.542028E-6,19.240532,0.015241921,0.25350088,0.0037246535,0.078986876,0.0066978424,0.56276953,0.02251233,0.7412333,0.00486074,0.08075046,0.008092639,0.5800521,0.020166876,null,null,null,null,"TWOGAUSSIANS",8,3.7232852,0.7412333,0.00486074,0.4,0.0,0.57337224,0.019777782,0.25350088,0.0037246535,0.4,0.0,0.5560897,0.023038724
375316653866487564,5572169967149234432,0.4636114,2225.754246653774,3.8024520394292423,7.606747E-5,17.382605,0.055004623,0.24531755,0.02448636,0.14239521,0.0476564,0.14605936,0.046710644,0.71277225,0.010850438,0.101135336,0.018327251,0.223069,0.05309735,null,null,null,null,"TWOGAUSSIANS",8,27.598164,0.71277225,0.010850438,0.4,0.0,0.19300736,0.014450817,0.24534754,0.02444607,0.4,0.0,0.11520161,0.032490026
375316653866487564,5572178350925645056,0.5582888,2203.606255771725,3.504025352116453,1.1772967E-5,18.959452,0.008913586,0.24871293,0.0039227703,0.09711751,0.0068887547,0.22126104,0.008906196,0.742394,0.003258276,0.086607456,0.0045510144,0.3037949,0.009388027,null,null,null,null,"TWOGAUSSIANS",8,0.8280663,0.742394,0.003258276,0.4,0.0,0.2923288,0.0063724224,0.24871293,0.0039227703,0.4,0.0,0.20979418,0.00531934
375316653866487564,5572204911003805056,0.4470228,2197.4844926711603,0.9077379993384188,3.4055774E-5,19.133005,0.006007782,0.3979616,0.023464104,0.014421363,0.017749298,0.11287529,1.69970627E10,0.81711406,0.03103333,0.016257053,0.011016888,1.2625742,1.3334993,null,null,null,null,"TWOGAUSSIANS",8,4.5439787,0.81711406,0.03103333,0.0910395,0.06169457,1.2625742,1.3334993,0.3979616,0.023464104,0.08075964,0.09939607,0.11287529,1.69970627E10
375316653866487564,5572214158068989568,0.59582174,2261.576058778744,3.881862679791713,8.4347275E-6,18.63492,0.014101417,0.30107644,0.0022706548,0.08167279,0.0039052356,0.5236202,0.01745496,0.8037601,0.0026499867,0.07816011,0.0035972046,0.4322521,0.01701553,null,null,null,null,"TWOGAUSSIANS",8,2.5221136,0.30107644,0.0022706548,0.4,0.0,0.5168396,0.016801177,0.8037601,0.0026499867,0.4,0.0,0.4254716,0.015495924
375316653866487564,5572226080898860032,0.61718655,2263.7050092343516,2.9048377782529062,8.038466E-6,14.064049,0.019998748,0.24514505,0.0022097428,0.053178657,0.007446497,0.20064533,0.043651037,0.7405095,0.002884749,0.06009358,0.011642658,0.23411563,0.030871969,0.10296367,0.024159027,0.24514505,0.0022097428,"TWOGAUSSIANS_WITH_ELLIPSOIDAL_ON_ECLIPSE1",9,166.37051,0.7414395,0.0022233275,0.33652404,0.06519889,0.43987012,0.029249838,0.24514505,0.0022097428,0.29780048,0.04170038,0.40653947,0.009704837
375316653866487564,5572232471810165888,0.54820687,2214.863226878784,0.9419383738048742,3.3857166E-5,17.75461,0.0025778152,0.18647979,1.8880377E-4,0.030495265,3.9686583E-4,1.7507355,0.06655768,null,null,null,null,null,null,null,null,null,null,"ONEGAUSSIAN",5,5.2945294,0.18647979,1.8880377E-4,0.17077349,0.0022224486,1.7507355,0.0,null,null,null,null,null,null
375316653866487564,5572234116780479232,0.5308023,2254.3086723122574,3.918795049305179,2.115198E-5,18.270609,0.02088882,0.22774974,0.006498921,0.086181834,0.01208754,0.29650488,0.022536054,0.7429623,0.0057328427,0.08609204,0.010413037,0.31266597,0.020554006,null,null,null,null,"TWOGAUSSIANS",8,7.918137,0.7429623,0.0057328427,0.4,0.0,0.30570954,0.01627764,0.22774974,0.006498921,0.4,0.0,0.28954846,0.022228662
375316653866487564,5572312873597807488,0.57403153,2263.251030062791,2.4736392002584027,8.794395E-6,16.376284,0.0072104875,0.26115358,0.0022215259,0.088119775,0.005561679,0.30883202,0.013224325,0.7677096,0.0028011522,0.093268834,0.0048609176,0.20243916,0.00768011,null,null,null,null,"TWOGAUSSIANS",8,8.736267,0.26115358,0.0022215259,0.4,0.0,0.29881057,0.015529339,0.7677096,0.0028011522,0.4,0.0,0.19241755,0.0061901393
375316653866487564,5572375408321491328,0.6083645,2208.573318849406,3.65121017511206,3.9578777E-6,15.488109,0.016665956,0.3011926,0.002743152,0.05589564,0.005683219,0.35687402,0.03597937,0.7915948,0.0012981113,0.051706113,0.00440559,0.29473987,0.036587995,0.08121164,0.022276362,0.3011926,0.002743152,"TWOGAUSSIANS_WITH_ELLIPSOIDAL_ON_ECLIPSE1",9,64.44322,0.3011926,0.002743152,0.31301558,0.031826027,0.5192802,0.032802094,0.7925948,0.0010813127,0.28955424,0.024671303,0.4566174,0.010583109
375316653866487564,5572395710630691456,0.61678517,2210.3534436382056,4.160976285313586,5.496132E-6,16.48495,0.008570969,0.28628898,0.0016174319,0.047593623,0.0030364536,0.42259273,0.024761474,0.78455156,0.0015332196,0.039750233,0.0021153998,0.3646521,0.01878787,0.12895851,0.010284704,0.28628898,0.0016174319,"TWOGAUSSIANS_WITH_ELLIPSOIDAL_ON_ECLIPSE1",9,30.868505,0.28628898,0.0016174319,0.26652429,0.01700414,0.6805087,0.02073466,0.7846916,0.0013876744,0.22260131,0.011846239,0.6225398,0.006863088
375316653866487564,5572410661411644800,0.5412234,2236.615997812531,2.9960601845696555,1.2045773E-5,19.160427,0.017566191,0.28056896,0.0034183695,0.08584623,0.006739659,0.35251635,0.017246878,0.79235417,0.005240922,0.086088724,0.008598,0.31557277,0.018985368,null,null,null,null,"TWOGAUSSIANS",8,2.0710132,0.28056896,0.0034183695,0.4,0.0,0.34457123,0.014102188,0.79235417,0.005240922,0.4,0.0,0.30762768,0.017044164
375316653866487564,5572423683753766784,0.47855076,2184.9149515987065,0.28357720349268134,4.0094095E-5,14.518832,0.010655274,0.40085787,0.033170324,0.076952316,0.053253777,0.057108566,0.028182054,0.8615413,0.0036353983,0.029510751,0.003764378,0.25040585,0.034884185,null,null,null,null,"TWOGAUSSIANS",8,377.44247,0.8615413,0.0036353983,0.16526021,0.021080516,0.25040546,0.03488314,0.40085787,0.033170324,0.4,0.16823973,0.05710816,0.028189193
375316653866487564,5572429559269018368,0.5460429,2258.444496119072,3.877457549172195,1.0535944E-5,16.44095,0.046361472,0.28755504,0.006963147,0.05968026,0.014004766,0.3484112,0.08008051,0.79524213,0.004124159,0.06715778,0.016327659,0.21887709,0.12688665,0.069842316,0.04927322,0.79524213,0.004124159,"TWOGAUSSIANS_WITH_ELLIPSOIDAL_ON_ECLIPSE2",9,51.12885,0.28833506,0.006154731,0.33420944,0.07842669,0.48756152,0.055854905,0.79524213,0.004124159,0.37608358,0.07425751,0.3583201,0.104585774
375316653866487564,5572429658051849600,0.5555068,2208.9804725568356,3.462584835713165,2.030733E-5,19.525438,0.006855686,0.1865746,0.050482433,0.02882292,0.022674864,0.037390504,0.013328304,0.42839333,4.8823765E-4,0.022736551,0.0014850188,0.64422065,0.026910307,null,null,null,null,"TWOGAUSSIANS",8,2.2282488,0.42839333,4.8823765E-4,0.12732469,0.008316105,0.64422065,0.026910307,0.1865746,0.050482433,0.16140835,0.12697925,0.037390504,0.013328304
375316653866487564,5572438252282801152,0.57057714,2186.294955192128,1.6225380297595962,1.2975102E-5,18.330677,0.005818325,0.529013,0.038943958,0.13494477,0.10185647,0.021065574,0.011329242,0.65001917,6.842193E-4,0.024883935,0.0023445631,0.38010648,0.029284514,null,null,null,null,"TWOGAUSSIANS",8,1.4450623,0.65001917,6.842193E-4,0.13935004,0.013129553,0.3941543,0.034637555,0.52953297,0.1684843,0.4,0.16040726,0.0210245,0.5051542
375316653866487564,5572471095896245248,0.63723004,2246.707169297624,3.786571991842869,3.9353395E-6,16.81991,0.0087885875,0.3146469,0.0014451958,0.03780127,0.0049324892,0.2313111,0.025925228,0.81026345,0.0021942337,0.04504332,0.0027981047,0.42141652,0.020039462,0.13951112,0.010988823,0.3146469,0.0014451958,"TWOGAUSSIANS_WITH_ELLIPSOIDAL_ON_ECLIPSE1",9,16.868088,0.8106834,0.0019392457,0.2522426,0.015669387,0.7002472,0.012009044,0.3146469,0.0014451958,0.2116871,0.02762194,0.5103331,0.026197417
375316653866487564,5572472607724764928,0.5328753,2253.0815905679374,3.8089127364702207,2.6721818E-5,18.459368,0.019634133,0.26248372,0.005708424,0.09100544,0.009316963,0.21942393,0.023778262,0.75425696,0.0041675107,0.08808306,0.01143596,0.25656763,0.014954283,null,null,null,null,"TWOGAUSSIANS",8,4.6339746,0.75425696,0.0041675107,0.4,0.0,0.248122,0.011734062,0.26248372,0.005708424,0.4,0.0,0.21097822,0.018479228
375316653866487564,5572490302990198656,0.52607936,2246.376123333925,1.2396704984744558,9.891759E-6,17.715355,0.00415477,0.19599842,0.0038595141,0.042517748,0.0031017873,0.31771976,0.042506844,0.64788693,0.0315501,0.054130852,0.021203164,0.08050167,0.043236896,null,null,null,null,"TWOGAUSSIANS",8,10.862538,0.19599842,0.0038595141,0.2380994,0.017370008,0.31771973,0.042506874,0.64788693,0.0315501,0.30313277,0.11873771,0.08050164,0.043236937
