Gaia/vari_eclipsing_binary/VariEclipsingBinary_077687-080127.csv
# %ECSV 1.0
# ---
# delimiter: ','
# meta: !!omap
# - RELEASE: Gaia DR3
# - TABLE: vari_eclipsing_binary
# - DESCRIPTION: >
#     This table describes the properties of the eclipsing binaries resulting from the variability analysis. 
# - CITATION: >
#     How to cite and acknowledge Gaia: 
#     https://gea.esac.esa.int/archive/documentation/credits.html 
# - KNOWN_ISSUES: >
#     Known issues: 
#     https://www.cosmos.esa.int/web/gaia-users/known-issues 
# - DOCUMENTATION: >
#     Tutorials and documentation: 
#     https://www.cosmos.esa.int/web/gaia-users/archive 
# datatype:
# - 
#   name: solution_id
#   datatype: int64
#   description: Solution Identifier
#   meta:
#     ucd: meta.version
# - 
#   name: source_id
#   datatype: int64
#   description: Unique source identifier
#   meta:
#     ucd: meta.id;meta.main
# - 
#   name: global_ranking
#   datatype: float32
#   description: Number between 0 (worst) and 1 (best)
#   meta:
#     ucd: stat.param
# - 
#   name: reference_time
#   datatype: float64
#   unit: d
#   description: Reference time used for the geometric model fit
#   meta:
#     ucd: time.epoch
# - 
#   name: frequency
#   datatype: float64
#   unit: d**-1
#   description: Frequency of geometric model of the eclipsing binary light curve
#   meta:
#     ucd: src.orbital
# - 
#   name: frequency_error
#   datatype: float32
#   unit: d**-1
#   description: "Uncertainty of \\texttt{frequency}"
#   meta:
#     ucd: stat.error
# - 
#   name: geom_model_reference_level
#   datatype: float32
#   unit: mag
#   description: Magnitude reference level of geometric model
#   meta:
#     ucd: phot.mag;em.opt
# - 
#   name: geom_model_reference_level_error
#   datatype: float32
#   unit: mag
#   description: "Uncertainty of \\texttt{geomModelReferenceLevel}"
#   meta:
#     ucd: stat.error;phot.mag;em.opt
# - 
#   name: geom_model_gaussian1_phase
#   datatype: float32
#   description: Phase of the Gaussian 1 component
#   meta:
#     ucd: time.phase
# - 
#   name: geom_model_gaussian1_phase_error
#   datatype: float32
#   description: "Uncertainty of \\texttt{geomModelGaussian1Phase}"
#   meta:
#     ucd: stat.error;time.phase
# - 
#   name: geom_model_gaussian1_sigma
#   datatype: float32
#   description: "Standard deviation [phase] of Gaussian 1 component"
#   meta:
#     ucd: stat.stdev
# - 
#   name: geom_model_gaussian1_sigma_error
#   datatype: float32
#   description: "Uncertainty of \\texttt{geomModelGaussian1Sigma}"
#   meta:
#     ucd: stat.error
# - 
#   name: geom_model_gaussian1_depth
#   datatype: float32
#   unit: mag
#   description: Magnitude depth of Gaussian 1 component
#   meta:
#     ucd: src.var.amplitude
# - 
#   name: geom_model_gaussian1_depth_error
#   datatype: float32
#   unit: mag
#   description: "Uncertainty of \\texttt{geomModelGaussian1Depth}"
#   meta:
#     ucd: stat.error;src.var.amplitude
# - 
#   name: geom_model_gaussian2_phase
#   datatype: float32
#   description: Phase of Gaussian 2 component
#   meta:
#     ucd: time.phase
# - 
#   name: geom_model_gaussian2_phase_error
#   datatype: float32
#   description: "Uncertainty of \\texttt{geomModelGaussian2Phase}"
#   meta:
#     ucd: stat.error;time.phase
# - 
#   name: geom_model_gaussian2_sigma
#   datatype: float32
[...]
#   datatype: float32
#   description: "Secondary eclipse: uncertainty of \\texttt{derivedSecondaryEclDuration}"
#   meta:
#     ucd: stat.error;time.duration
# - 
#   name: derived_secondary_ecl_depth
#   datatype: float32
#   unit: mag
#   description: "Secondary eclipse: depth"
#   meta:
#     ucd: src.var.amplitude
# - 
#   name: derived_secondary_ecl_depth_error
#   datatype: float32
#   unit: mag
#   description: "Secondary eclipse: uncertainty of \\texttt{derivedSecondaryEclDepth}"
#   meta:
#     ucd: stat.error;src.var.amplitude
solution_id,source_id,global_ranking,reference_time,frequency,frequency_error,geom_model_reference_level,geom_model_reference_level_error,geom_model_gaussian1_phase,geom_model_gaussian1_phase_error,geom_model_gaussian1_sigma,geom_model_gaussian1_sigma_error,geom_model_gaussian1_depth,geom_model_gaussian1_depth_error,geom_model_gaussian2_phase,geom_model_gaussian2_phase_error,geom_model_gaussian2_sigma,geom_model_gaussian2_sigma_error,geom_model_gaussian2_depth,geom_model_gaussian2_depth_error,geom_model_cosine_half_period_amplitude,geom_model_cosine_half_period_amplitude_error,geom_model_cosine_half_period_phase,geom_model_cosine_half_period_phase_error,model_type,num_model_parameters,reduced_chi2,derived_primary_ecl_phase,derived_primary_ecl_phase_error,derived_primary_ecl_duration,derived_primary_ecl_duration_error,derived_primary_ecl_depth,derived_primary_ecl_depth_error,derived_secondary_ecl_phase,derived_secondary_ecl_phase_error,derived_secondary_ecl_duration,derived_secondary_ecl_duration_error,derived_secondary_ecl_depth,derived_secondary_ecl_depth_error
[from data line 181]
375316653866487564,691658479628590080,0.55471635,2160.237344536305,3.373259738288901,1.3068702E-5,16.994991,0.015921798,0.28543794,0.021380147,0.042811885,0.020454168,0.1411855,0.026698101,0.75489604,0.003108396,0.05553185,0.013627992,0.130578,0.06732638,0.12298174,0.020696722,0.75489604,0.003108396,"TWOGAUSSIANS_WITH_ELLIPSOIDAL_ON_ECLIPSE2",9,24.66598,0.27931792,0.018492522,0.23974656,0.11454334,0.37996235,0.01885791,0.75489604,0.003108396,0.31097835,0.07631676,0.37653622,0.06492125
375316653866487564,691671222794379392,0.45549577,2165.410872181702,2.0763867734975374,1.4168506E-5,18.57918,0.47525397,0.27697322,0.011065847,0.32245275,0.17458072,0.4531884,0.45459223,0.72476363,0.0032862423,0.062523104,0.0035930593,0.3183965,0.022093723,null,null,null,null,"TWOGAUSSIANS",8,3.6112783,0.72476363,0.0032862423,0.3501294,0.020121131,0.29112622,0.017556706,0.27697322,0.011065847,0.4,0.0,0.15592343,0.011389034
375316653866487564,691694316834683392,0.5627745,2183.2105905895387,4.458738929218289,4.581565E-5,16.375368,0.0027814484,0.36075872,0.029049689,0.020851543,0.058346182,0.02182898,0.8117013,0.66020405,0.0031251307,0.007647677,0.002585344,0.784996,0.45689854,0.0029113183,0.0037544155,0.66020405,0.0031251307,"TWOGAUSSIANS_WITH_ELLIPSOIDAL_ON_ECLIPSE2",9,8.334799,0.66020405,0.0031251307,0.042826988,0.014477926,0.7908186,0.4572201,0.36032873,0.018862968,0.11676864,0.32523572,0.022377653,0.8120377
375316653866487564,691706201011699456,0.62796617,2176.2354606610097,0.10131903314842801,3.109789E-5,12.408089,0.0011104416,0.3047007,0.017365165,0.084055826,0.018594041,0.0074487287,0.0012495178,0.49880442,0.033066355,0.027346704,0.0073199417,3.227982,3.276927,null,null,null,null,"TWOGAUSSIANS",8,26.011507,0.49880442,0.033066355,0.15314154,0.040991675,3.2284997,3.2764099,0.3047007,0.017365165,0.4,0.0,0.0074487287,0.0012495168
375316653866487564,691782380844101504,0.50357527,2152.24346565657,3.649951529289375,3.5913632E-5,15.42603,0.38443393,0.2600007,0.008560544,0.11582604,0.05553989,0.16500296,0.3369913,0.7366932,0.008891859,0.12508227,0.07496086,0.19277316,0.37010956,null,null,null,null,"TWOGAUSSIANS",8,84.46264,0.7366932,0.008891859,0.4,0.0,0.15904137,0.012348656,0.2602607,0.005014523,0.4,0.0,0.13139662,0.01184864
375316653866487564,691844331452317056,0.42469516,2137.7416731026883,1.546798024261672,2.1730042E-5,17.107042,0.005844607,0.3834503,0.008173229,0.05420971,0.008199478,0.10481464,0.012544968,0.85249245,0.010817641,0.04124602,0.004322636,0.10010785,0.013036087,null,null,null,null,"TWOGAUSSIANS",8,51.443737,0.3834503,0.008173229,0.30357438,0.04591707,0.104814604,0.012544984,0.85249245,0.010817641,0.2309777,0.024206761,0.10010781,0.013036067
375316653866487564,691850894162300032,0.49771068,2139.432771937632,0.15897725807750634,6.2049665E-5,15.430047,0.002314466,0.2625939,0.0139187565,0.0444462,0.022792209,0.47046447,0.3685606,0.57045656,0.008676317,0.013585272,0.011520434,0.06640562,196.93048,0.011588231,0.0025848015,0.2625939,0.0139187565,"TWOGAUSSIANS_WITH_ELLIPSOIDAL_ON_ECLIPSE1",9,26.550201,0.2625939,0.0139187565,0.24889871,0.12763637,0.4936407,0.36853284,0.5707266,0.008695513,0.07607752,0.06451443,0.06934925,196.93025
375316653866487564,691912157576084480,0.59426075,2245.508888423136,4.063301198250164,1.1807402E-5,16.281738,0.014643108,0.2872563,0.04944339,0.046304755,0.021310063,0.24621607,0.120582,0.7850363,0.0017064099,0.0426441,0.0042849686,0.36910263,0.029331341,0.12375951,0.01699643,0.7850363,0.0017064099,"TWOGAUSSIANS_WITH_ELLIPSOIDAL_ON_ECLIPSE2",9,50.926228,0.7850363,0.0017064099,0.23880695,0.023995824,0.61662155,0.023705743,0.2869363,0.04502254,0.25930664,0.11933636,0.49369383,0.13621785
375316653866487564,691913944282483968,0.62158614,2188.7998279610642,1.2788152122681775,2.3948503E-6,12.817873,0.0026856782,0.79515433,8.965863E-4,0.040183187,7.307023E-4,0.57344913,0.015025209,null,null,null,null,null,null,0.039219458,0.0030894214,0.79515433,8.965863E-4,"ONEGAUSSIAN_WITH_ELLIPSOIDAL",6,180.32164,0.79515433,8.965863E-4,0.22502585,0.004091933,0.651888,0.014586795,null,null,null,null,null,null
375316653866487564,691919059587397120,0.48633412,2210.976375366439,4.120210998247558,1.8453207E-5,17.31032,0.029191254,0.33360985,0.02874522,0.1090139,0.042268243,0.23621663,0.040208332,0.83362734,0.0043690912,0.07106186,0.0073129656,0.26800635,0.029780934,null,null,null,null,"TWOGAUSSIANS",8,33.471752,0.83362734,0.0043690912,0.39794642,0.026027422,0.25779313,0.015993869,0.33360985,0.02874522,0.4,0.0,0.22599064,0.044763714
375316653866487564,691992868601397632,0.611775,2140.5388211363447,2.163053271354406,7.3006704E-6,14.180604,0.0074528055,0.23859222,0.0037660159,0.06207776,0.0058107413,0.08645282,0.015267436,0.7245113,0.0021997653,0.037226144,0.03727551,0.03997577,0.019769125,0.061406434,0.00871995,0.7245113,0.0021997653,"TWOGAUSSIANS_WITH_ELLIPSOIDAL_ON_ECLIPSE2",9,18.657541,0.23434222,0.002213417,0.34763548,0.03254015,0.20858413,0.003112828,0.7245113,0.0021997653,0.20846641,0.2001532,0.16277744,0.027916634
375316653866487564,691994242990915712,0.51963675,2170.1529977261334,0.9668655186872043,1.6778347E-5,11.04137,0.13037719,0.18887787,0.006186907,0.16228727,0.049933266,0.17730992,0.11155076,0.68541014,0.011654873,0.20362237,0.0869108,0.19980136,0.12802316,null,null,null,null,"TWOGAUSSIANS",8,35.58483,0.68541014,0.011654873,0.4,0.0,0.05668665,0.0025352908,0.19076787,0.0060235336,0.4,0.0,0.050731823,0.0055830847
375316653866487564,692065127131209088,0.42674112,2226.917287647694,0.32002076346405256,5.481725E-5,19.13195,0.012475288,0.20278418,0.007418164,0.027048554,0.006398572,0.69653577,0.71065766,0.67037433,0.0063862237,0.04028417,0.0080810655,0.14441213,0.043468643,null,null,null,null,"TWOGAUSSIANS",8,3.9071841,0.20278418,0.007418164,0.15147191,0.035832003,0.69653577,0.71065766,0.67037433,0.0063862237,0.22559135,0.045253966,0.14441213,0.043468643
375316653866487564,692167312992140928,0.48409662,2194.690322706791,3.9659900783492414,1.714512E-5,16.053024,0.006143079,null,null,null,null,null,null,null,null,null,null,null,null,0.13867179,0.009686258,0.29233503,0.00455689,"ELLIPSOIDAL",4,73.24168,null,null,null,null,null,null,null,null,null,null,null,null
375316653866487564,692171470521346944,0.49848124,2167.485334559601,2.8486667709525793,3.6658E-5,13.590569,0.19237821,0.29342908,0.005772677,0.15521607,0.07835301,0.16748838,0.19074948,0.78661644,0.0058628907,0.11689207,0.035632275,0.17596821,0.15197645,null,null,null,null,"TWOGAUSSIANS",8,139.18427,0.78661644,0.0058628907,0.4,0.0,0.11838444,0.008161057,0.29347908,0.005693181,0.4,0.0,0.10805686,0.0042514866
375316653866487564,692241942344620032,0.6446996,2126.8317439183193,2.566860140532682,2.057171E-6,17.040955,0.002274248,0.31734723,0.0021400272,0.08724332,0.0022483713,0.17434426,0.0044656857,0.8197858,7.106263E-4,0.066199124,8.838618E-4,0.42350644,0.0045813397,null,null,null,null,"TWOGAUSSIANS",8,2.8556235,0.8197858,7.106263E-4,0.37071508,0.004949626,0.42116705,0.004579892,0.31734723,0.0021400272,0.4,0.0,0.17200483,0.004490957
375316653866487564,692285231319059072,0.5555069,2137.301955207497,1.7989203801157387,6.5489867E-6,12.259948,0.0017915893,0.25077987,0.0031421054,0.042938568,0.011763592,0.006552142,0.0087413415,0.7547147,0.002982867,0.047767457,0.0034260938,0.048107073,0.0036853547,0.037888963,0.002318256,0.25077987,0.0031421054,"TWOGAUSSIANS_WITH_ELLIPSOIDAL_ON_ECLIPSE1",9,21.38827,0.7547147,0.002982867,0.26749775,0.019186126,0.12383846,0.0020368234,0.25077987,0.0031421054,0.24045597,0.06587612,0.08232984,0.0068708044
375316653866487564,692445416419137792,0.503377,2153.2564976239432,3.738938821729609,1.8826278E-5,18.593239,0.22776827,0.23556566,0.008522795,0.13269524,0.05134045,0.21745601,0.2268477,0.7257267,0.005518358,0.122195855,0.04898742,0.18415697,0.2141373,null,null,null,null,"TWOGAUSSIANS",8,1.8244407,0.23563567,0.008073821,0.4,0.0,0.16328001,0.013986356,0.7257267,0.005518358,0.4,0.0,0.13026363,0.016176272
375316653866487564,692556711906895872,0.5540987,2131.607972134489,1.8719546304969548,3.666031E-5,10.825546,0.01014381,0.22815411,0.007132356,0.052216012,0.011469651,0.081612475,0.02619764,0.73360884,0.001945158,0.053522054,0.0044239564,0.41843334,0.040499393,0.036578346,0.014412141,0.22815411,0.007132356,"TWOGAUSSIANS_WITH_ELLIPSOIDAL_ON_ECLIPSE1",9,470.50513,0.73360884,0.001945158,0.2997235,0.024774157,0.4914981,0.0420516,0.22815411,0.007132356,0.2924097,0.06423005,0.15476316,0.010684678
375316653866487564,692579045738038528,0.462191,2140.126609112613,0.24922998178386999,4.9225866E-5,18.957481,0.002788733,0.27193162,3.294779E-4,0.005990335,1.7000106E-4,0.41717425,0.022730088,0.85825163,7.9104723E-4,0.008889307,0.0043972214,0.56848276,1.0638928,null,null,null,null,"TWOGAUSSIANS",8,2.0607903,0.85825163,7.9104723E-4,0.049780123,0.024624439,0.56848276,1.0638928,0.27193162,3.294779E-4,0.033545874,9.5200597E-4,0.41717425,0.022730088
375316653866487564,692613371115917440,0.42961293,2136.7889337870565,2.1079612927491205,1.04332925E-4,13.528969,0.013467875,0.3802414,0.0182068,0.054731116,0.012186652,0.45383066,0.04588823,0.79743165,0.012929221,0.05447903,0.01688683,0.5786218,0.087554224,null,null,null,null,"TWOGAUSSIANS",8,685.9435,0.79743165,0.012929221,0.30508256,0.094566256,0.57862115,0.08755559,0.3802414,0.0182068,0.30649424,0.06824525,0.45383,0.045887623
375316653866487564,692704935523546880,0.5088195,2149.558307064027,0.3986864785062033,1.0296023E-6,19.028822,0.0037651006,0.36472273,0.022713467,0.005017085,0.037949905,0.050662052,0.03162232,0.9011872,8.1146434E-10,6.251697E-4,3.181751E-6,1.3135989,0.0032657534,null,null,null,null,"TWOGAUSSIANS",8,3.7558432,0.9011872,8.1146434E-10,0.0035009505,1.7817805E-5,1.3135989,0.0032657534,0.36472273,0.022713467,0.028095677,0.21251947,0.050662052,0.03162232
375316653866487564,692744797116746112,0.56669205,2111.2743281958446,2.1078680946864505,5.926421E-6,14.946201,0.008271859,0.21618918,0.0011005709,0.06683782,0.0018634497,0.4523327,0.008997198,0.71253866,0.0028351857,0.08104581,0.0039000947,0.44720617,0.014403748,null,null,null,null,"TWOGAUSSIANS",8,180.52893,0.21618918,0.0011005709,0.37429178,0.010435319,0.4496232,0.008497846,0.71253866,0.0028351857,0.4,0.0,0.44449663,0.014485679
375316653866487564,692803139952375680,0.5439645,2062.903534870804,0.09427229100396524,2.3288543E-5,17.011713,0.0031207306,0.5962042,0.01700342,0.06735626,0.017271206,0.054272115,0.016602937,0.8777092,0.05705954,0.0064601535,0.014901759,0.37682286,13.175465,0.010477358,0.0048663667,0.8777092,0.05705954,"TWOGAUSSIANS_WITH_ELLIPSOIDAL_ON_ECLIPSE2",9,12.878449,0.8777092,0.05705954,0.03617686,0.08344985,0.39778617,13.178046,0.5913342,0.01577799,0.37719503,0.06535264,0.055205952,0.01620221
375316653866487564,692808878028726528,0.5202006,2087.733995525553,1.5375806109713275,1.0297116E-6,19.554316,0.0041355086,0.15285695,2.0203961E-5,0.0019726818,2.6572186E-5,0.7046985,0.0060496726,0.41467953,0.0319457,0.01480749,0.019329108,0.3311495,2.84319791E17,null,null,null,null,"TWOGAUSSIANS",8,2.0701473,0.15285695,2.0203961E-5,0.011047019,1.4880425E-4,0.7046985,0.0060496726,0.41467953,0.0319457,0.08292194,0.108243,0.3311495,2.84319791E17
375316653866487564,692841519780105216,0.6491698,2123.2132254891726,3.8563166423417505,3.1806796E-6,16.13328,0.0060006734,0.2412823,0.0010001581,0.045410294,0.0016729133,0.51542485,0.015513427,0.7411796,0.0011282794,0.040071912,0.001532496,0.47159967,0.017072868,0.14495677,0.007163017,0.2412823,0.0010001581,"TWOGAUSSIANS_WITH_ELLIPSOIDAL_ON_ECLIPSE1",9,20.805353,0.2412823,0.0010001581,0.25429764,0.009368314,0.8053378,0.011565704,0.7411896,0.0010656965,0.22440271,0.008581977,0.76151246,0.013792289
375316653866487564,692849010203060736,0.4778091,2068.526873986957,0.5316748284987293,2.4355746E-5,18.15752,0.0027738407,0.34245536,0.01861422,0.09963818,0.016804535,0.05913349,0.008992289,0.817182,0.0029649804,0.0046613035,0.0018946038,0.27270293,1.4029913,null,null,null,null,"TWOGAUSSIANS",8,3.4275765,0.817182,0.0029649804,0.0261033,0.010609781,0.27270326,1.4029912,0.34245536,0.01861422,0.4,0.0,0.05913308,0.0089929635
375316653866487564,692923463459135360,0.47271174,2048.1768649736086,4.328723046752617,1.0630169E-5,18.463129,0.0044831405,null,null,null,null,null,null,null,null,null,null,null,null,0.12400343,0.007156744,0.2264063,0.0038003752,"ELLIPSOIDAL",4,13.569156,null,null,null,null,null,null,null,null,null,null,null,null
375316653866487564,692929446350497536,0.5712941,2060.6701431740835,0.6068266599122932,1.3100391E-5,15.426384,0.0025401548,0.3694114,0.0040059746,0.02449421,0.0032086864,0.2835818,0.020646693,0.8696929,8.984243E-4,0.020993464,0.0010282465,0.4742565,0.018279726,null,null,null,null,"TWOGAUSSIANS",8,110.73342,0.8696929,8.984243E-4,0.1175634,0.0057581803,0.4742565,0.018279726,0.3694114,0.0040059746,0.13716757,0.017968643,0.2835818,0.020646693
375316653866487564,692977653063358848,0.56090075,2110.8227692040646,2.760781388691198,8.511509E-6,14.011698,0.02576382,0.3026778,0.0038419522,0.052480258,0.012560501,0.25447437,0.04989825,0.8021734,0.0068877907,0.04916049,0.011828703,0.17027277,0.05778943,0.11068195,0.034147874,0.3026778,0.0038419522,"TWOGAUSSIANS_WITH_ELLIPSOIDAL_ON_ECLIPSE1",9,554.0985,0.3026778,0.0038419522,0.29388943,0.0703388,0.47583467,0.024604945,0.8022734,0.0056784037,0.27529874,0.066240735,0.39163128,0.0269394
375316653866487564,693056130705006848,0.46920806,2147.406303405396,0.9936906785699433,1.7006341E-5,14.455728,0.0048353067,0.37245274,0.0039608097,0.01568432,0.0033952808,0.15253308,0.04085874,0.8870106,0.0059254314,0.030381521,0.003103044,0.33316433,0.025214063,null,null,null,null,"TWOGAUSSIANS",8,782.41113,0.8870106,0.0059254314,0.17013651,0.017377045,0.33316433,0.025214063,0.37245274,0.0039608097,0.0878322,0.019013572,0.15253308,0.04085874
375316653866487564,693117183664340352,0.56684124,2114.5796017534044,3.323973454359636,1.2620283E-5,17.624594,0.014339687,0.24666417,0.003245146,0.11004697,0.0078273285,0.22144315,0.013083178,0.74092466,0.0025044417,0.10058906,0.006888967,0.22489019,0.013126921,null,null,null,null,"TWOGAUSSIANS",8,3.0370162,0.74092466,0.0025044417,0.4,0.0,0.1999526,0.0043978277,0.24666417,0.003245146,0.4,0.0,0.19649261,0.0067667407
375316653866487564,693128148716560256,0.47316945,2137.7727794996304,3.312849140906105,3.0981933E-5,16.090872,0.006986576,0.3085653,0.015887523,0.008930788,0.00906109,0.20546974,0.9472222,0.47484136,0.01183741,0.13939343,0.015982764,0.12476534,0.009750077,null,null,null,null,"TWOGAUSSIANS",8,61.47055,0.3087653,0.015690653,0.050012413,0.0507421,0.26637322,0.9476992,0.47484136,0.01183741,0.4,0.0,0.12436425,0.009671815
375316653866487564,693156254982795520,0.5548011,2133.703098978379,2.993569876207953,1.0574087E-5,13.510718,0.021429768,0.13474181,0.0028893028,0.05243409,0.011722907,0.32982996,0.034651216,0.6279437,0.0045650806,0.04760486,0.009414276,0.23002309,0.044649947,0.108891666,0.026112603,0.13474181,0.0028893028,"TWOGAUSSIANS_WITH_ELLIPSOIDAL_ON_ECLIPSE1",9,634.5519,0.13474181,0.0028893028,0.2936309,0.06564828,0.54760915,0.047327563,0.6289237,0.0037778157,0.2665872,0.052719943,0.44746262,0.017904133
375316653866487564,693164089003133824,0.6370017,2139.9443679327665,0.3111320344010552,1.0462771E-5,18.480698,0.002945884,0.26052076,0.0021570888,0.027029313,0.003606529,0.1405019,0.019604348,0.7596568,0.0076013454,0.019908378,0.004502392,1.3161932,0.17996232,0.03849309,0.0054879086,0.26052076,0.0021570888,"TWOGAUSSIANS_WITH_ELLIPSOIDAL_ON_ECLIPSE1",9,2.5228465,0.7596568,0.007580768,0.11148692,0.025213394,1.3931772,0.17962636,0.26052076,0.0021570888,0.15136415,0.020196563,0.21748808,0.022613954
