Gaia/vari_eclipsing_binary/VariEclipsingBinary_459464-459474.csv
# %ECSV 1.0
# ---
# delimiter: ','
# meta: !!omap
# - RELEASE: Gaia DR3
# - TABLE: vari_eclipsing_binary
# - DESCRIPTION: >
#     This table describes the properties of the eclipsing binaries resulting from the variability analysis. 
# - CITATION: >
#     How to cite and acknowledge Gaia: 
#     https://gea.esac.esa.int/archive/documentation/credits.html 
# - KNOWN_ISSUES: >
#     Known issues: 
#     https://www.cosmos.esa.int/web/gaia-users/known-issues 
# - DOCUMENTATION: >
#     Tutorials and documentation: 
#     https://www.cosmos.esa.int/web/gaia-users/archive 
# datatype:
# - 
#   name: solution_id
#   datatype: int64
#   description: Solution Identifier
#   meta:
#     ucd: meta.version
# - 
#   name: source_id
#   datatype: int64
#   description: Unique source identifier
#   meta:
#     ucd: meta.id;meta.main
# - 
#   name: global_ranking
#   datatype: float32
#   description: Number between 0 (worst) and 1 (best)
#   meta:
#     ucd: stat.param
# - 
#   name: reference_time
#   datatype: float64
#   unit: d
#   description: Reference time used for the geometric model fit
#   meta:
#     ucd: time.epoch
# - 
#   name: frequency
#   datatype: float64
#   unit: d**-1
#   description: Frequency of geometric model of the eclipsing binary light curve
#   meta:
#     ucd: src.orbital
# - 
#   name: frequency_error
#   datatype: float32
#   unit: d**-1
#   description: "Uncertainty of \\texttt{frequency}"
#   meta:
#     ucd: stat.error
# - 
#   name: geom_model_reference_level
#   datatype: float32
#   unit: mag
#   description: Magnitude reference level of geometric model
#   meta:
#     ucd: phot.mag;em.opt
# - 
#   name: geom_model_reference_level_error
#   datatype: float32
#   unit: mag
#   description: "Uncertainty of \\texttt{geomModelReferenceLevel}"
#   meta:
#     ucd: stat.error;phot.mag;em.opt
# - 
#   name: geom_model_gaussian1_phase
#   datatype: float32
#   description: Phase of the Gaussian 1 component
#   meta:
#     ucd: time.phase
# - 
#   name: geom_model_gaussian1_phase_error
#   datatype: float32
#   description: "Uncertainty of \\texttt{geomModelGaussian1Phase}"
#   meta:
#     ucd: stat.error;time.phase
# - 
#   name: geom_model_gaussian1_sigma
#   datatype: float32
#   description: "Standard deviation [phase] of Gaussian 1 component"
#   meta:
#     ucd: stat.stdev
# - 
#   name: geom_model_gaussian1_sigma_error
#   datatype: float32
#   description: "Uncertainty of \\texttt{geomModelGaussian1Sigma}"
#   meta:
#     ucd: stat.error
# - 
#   name: geom_model_gaussian1_depth
#   datatype: float32
#   unit: mag
#   description: Magnitude depth of Gaussian 1 component
#   meta:
#     ucd: src.var.amplitude
# - 
#   name: geom_model_gaussian1_depth_error
#   datatype: float32
#   unit: mag
#   description: "Uncertainty of \\texttt{geomModelGaussian1Depth}"
#   meta:
#     ucd: stat.error;src.var.amplitude
# - 
#   name: geom_model_gaussian2_phase
#   datatype: float32
#   description: Phase of Gaussian 2 component
#   meta:
#     ucd: time.phase
# - 
#   name: geom_model_gaussian2_phase_error
#   datatype: float32
#   description: "Uncertainty of \\texttt{geomModelGaussian2Phase}"
#   meta:
#     ucd: stat.error;time.phase
# - 
#   name: geom_model_gaussian2_sigma
#   datatype: float32
[...]
#   datatype: float32
#   description: "Secondary eclipse: uncertainty of \\texttt{derivedSecondaryEclDuration}"
#   meta:
#     ucd: stat.error;time.duration
# - 
#   name: derived_secondary_ecl_depth
#   datatype: float32
#   unit: mag
#   description: "Secondary eclipse: depth"
#   meta:
#     ucd: src.var.amplitude
# - 
#   name: derived_secondary_ecl_depth_error
#   datatype: float32
#   unit: mag
#   description: "Secondary eclipse: uncertainty of \\texttt{derivedSecondaryEclDepth}"
#   meta:
#     ucd: stat.error;src.var.amplitude
solution_id,source_id,global_ranking,reference_time,frequency,frequency_error,geom_model_reference_level,geom_model_reference_level_error,geom_model_gaussian1_phase,geom_model_gaussian1_phase_error,geom_model_gaussian1_sigma,geom_model_gaussian1_sigma_error,geom_model_gaussian1_depth,geom_model_gaussian1_depth_error,geom_model_gaussian2_phase,geom_model_gaussian2_phase_error,geom_model_gaussian2_sigma,geom_model_gaussian2_sigma_error,geom_model_gaussian2_depth,geom_model_gaussian2_depth_error,geom_model_cosine_half_period_amplitude,geom_model_cosine_half_period_amplitude_error,geom_model_cosine_half_period_phase,geom_model_cosine_half_period_phase_error,model_type,num_model_parameters,reduced_chi2,derived_primary_ecl_phase,derived_primary_ecl_phase_error,derived_primary_ecl_duration,derived_primary_ecl_duration_error,derived_primary_ecl_depth,derived_primary_ecl_depth_error,derived_secondary_ecl_phase,derived_secondary_ecl_phase_error,derived_secondary_ecl_duration,derived_secondary_ecl_duration_error,derived_secondary_ecl_depth,derived_secondary_ecl_depth_error
[from data line 337]
375316653866487564,4041505436281655936,0.44925955,2388.899239512632,0.16255225392502448,6.384346E-5,18.589111,0.019283894,0.07409704,0.006431541,0.014093321,0.03834314,0.104259305,0.022163384,0.46644488,0.018644374,0.12636295,0.03286555,0.18565007,0.027165672,null,null,null,null,"TWOGAUSSIANS",8,10.384307,0.46644488,0.018644374,0.4,0.0,0.18550217,0.027151177,0.074167036,0.008693039,0.0789226,0.21472158,0.10561163,0.0233821
375316653866487564,4041505440450494336,0.47197324,2424.757318921528,0.650885790177884,9.2812144E-5,19.487724,0.011702063,0.30106446,0.010501374,0.026392618,0.048999615,0.47887975,0.40212443,null,null,null,null,null,null,0.045755647,0.016494518,0.30106446,0.010501374,"ONEGAUSSIAN_WITH_ELLIPSOIDAL",6,5.4941907,0.30106446,0.010501374,0.14779866,0.24539639,0.57039106,0.40662205,null,null,null,null,null,null
375316653866487564,4041505573694919168,0.499492,2447.770437752587,0.1456393678711884,3.179243E-5,18.271826,0.0070362785,0.3792003,0.034894045,0.03146271,0.024154397,0.05337266,0.024779543,0.8868736,0.011249373,0.015189534,0.011387399,0.3867236,0.25937963,null,null,null,null,"TWOGAUSSIANS",8,4.986232,0.8868736,0.011249373,0.085061386,0.06376944,0.3867236,0.25937963,0.3792003,0.034894045,0.17619117,0.13526462,0.05337266,0.024779543
375316653866487564,4041505642414156032,0.46997568,2437.5650351698023,1.4303807370498098,5.72945E-5,18.315012,0.054256104,0.25096187,0.014234272,0.08353303,0.024466172,0.3766588,0.049669925,0.7582883,0.056809995,0.08124418,0.065466985,0.3518433,0.62605745,null,null,null,null,"TWOGAUSSIANS",8,30.660877,0.25096187,0.014234272,0.4,0.0,0.37029198,0.027850648,0.7582883,0.056809995,0.4,0.24794245,0.34547648,0.63552564
375316653866487564,4041505642414421760,0.446668,2428.766272198071,3.7423770861207446,7.137361E-5,18.904142,0.04852788,0.29748973,0.020655291,0.07031177,0.025730362,0.1929423,0.034939542,0.720175,0.020022094,0.16064908,0.054831162,0.1258579,0.048394922,null,null,null,null,"TWOGAUSSIANS",8,6.222189,0.29907972,0.017967384,0.3937459,0.069048524,0.18575005,0.040251143,0.720175,0.020022094,0.4,0.0,0.11447009,0.025503824
375316653866487564,4041505710951195520,0.42046875,2274.82842409847,0.7363392009817482,1.9577545E-5,19.45619,0.18354757,0.0628768,0.0025398184,0.027965087,0.0052605807,0.29420227,0.030122178,0.5163725,0.024313947,0.21191287,0.064853065,0.5407286,0.17144564,null,null,null,null,"TWOGAUSSIANS",8,9.504002,0.5163725,0.024313947,0.4,0.0,0.46598506,0.048941527,0.0637368,0.0022274298,0.15660448,0.029459251,0.29378968,0.02494009
375316653866487564,4041505818357289344,0.5034247,2364.830005955119,0.07625388207870454,5.281725E-5,19.625828,0.012647715,0.28000486,0.0049124695,0.06531951,0.0039740214,0.49047065,0.02738941,0.77627283,0.028720489,0.052656993,0.039863452,0.29518732,115.47476,null,null,null,null,"TWOGAUSSIANS",8,2.7600615,0.28000486,0.0049124695,0.36578923,0.02225452,0.4903852,0.027394934,0.77627283,0.028720489,0.29487914,0.22323532,0.2951019,115.474884
375316653866487564,4041505848390346752,0.4367752,2332.505459324856,0.3760177948728836,3.3982797E-5,18.626371,0.012268477,0.2962933,0.014278484,0.06773878,0.012999683,0.11035311,0.015108014,0.71048665,0.01805169,0.058012947,0.0201384,0.08868162,0.014714831,null,null,null,null,"TWOGAUSSIANS",8,4.8098536,0.2962933,0.014278484,0.37933716,0.06805399,0.11034925,0.015092459,0.71048665,0.01805169,0.32487252,0.112775035,0.088677764,0.014702035
375316653866487564,4041505917172188928,0.4936085,2338.8228839333105,0.08403514356718325,1.194458E-5,18.820734,0.011027677,0.15839896,0.048800223,0.02829976,0.023195868,0.79235107,1.4968983,0.6491296,5.4033013E-4,0.020885149,8.5178873E-4,0.9683112,0.030102026,null,null,null,null,"TWOGAUSSIANS",8,7.409487,0.6491296,5.4033013E-4,0.11695683,0.0047700168,0.9683112,0.030102026,0.15839896,0.048800223,0.15847866,0.12989686,0.79235107,1.4968983
375316653866487564,4041505985828792320,0.6138226,2390.711407861871,3.112607351865695,6.174189E-6,17.399746,0.013606668,0.3066882,0.0020139865,0.052356225,0.003154429,0.57234555,0.034150664,0.81208295,0.047520503,0.034608636,0.023865711,0.68289965,1.8212268,0.11925673,0.015355014,0.3066882,0.0020139865,"TWOGAUSSIANS_WITH_ELLIPSOIDAL_ON_ECLIPSE1",9,17.473045,0.81208295,0.046804838,0.19380836,0.13364798,0.9211325,1.8354139,0.3066882,0.0020139865,0.29319486,0.017664801,0.81085235,0.023607127
375316653866487564,4041505990102926976,0.47550595,2396.118936151568,3.888326710455637,2.3396795E-5,19.679163,0.04340928,0.34250075,0.016318137,0.08824322,0.024821308,0.3181617,0.07642486,0.81744325,0.013418553,0.06149763,0.019741397,0.41249633,0.061734725,null,null,null,null,"TWOGAUSSIANS",8,1.4863218,0.81744325,0.013418553,0.34438673,0.10996859,0.41101262,0.061974317,0.34250075,0.016318137,0.4,0.013032492,0.3166778,0.07669114
375316653866487564,4041506024462777984,0.4600842,2544.1102736068565,1.3959741883608907,3.8138303E-5,19.394417,0.02725244,0.15821062,0.013189984,0.03663682,0.012972729,0.1707586,0.056004703,0.6308428,0.012440657,0.115032874,0.0139158275,0.46416256,0.039932653,null,null,null,null,"TWOGAUSSIANS",8,4.301068,0.6308428,0.012440657,0.4,0.0,0.46266025,0.039456397,0.15823063,0.013210331,0.20516618,0.07264729,0.16936925,0.05547673
375316653866487564,4041506161955111936,0.4857243,2463.289075588554,0.047167827514354194,5.307655E-5,19.32655,0.05627692,0.25605783,0.025232347,0.070555344,0.026279332,0.5366291,0.12254008,0.7314074,0.012035684,0.13746198,0.029393094,0.37335196,0.051888626,null,null,null,null,"TWOGAUSSIANS",8,5.8702455,0.2562178,0.025497753,0.39510992,0.087419964,0.50521636,0.12833358,0.7314074,0.012035684,0.4,0.0,0.3407365,0.047068432
375316653866487564,4041506192051726336,0.43604112,2378.8862631590014,1.2212952600622369,9.5057076E-5,17.714325,0.15111016,0.2852312,0.0516176,0.07585029,0.15071939,0.18603387,0.07769812,0.7560637,0.014176529,0.07413023,0.029824346,0.20943092,0.09899403,null,null,null,null,"TWOGAUSSIANS",8,20.436735,0.7560637,0.013664624,0.4,0.025717748,0.20864965,0.025088685,0.2852312,0.0516353,0.4,0.0081745135,0.18525262,0.08784965
375316653866487564,4041506226308253440,0.5100744,2405.4096142388203,3.3436688337977736,2.0829431E-5,17.25394,0.019812917,0.21880287,0.005625541,0.08357993,0.008758913,0.31397837,0.020346224,0.73079824,0.008745256,0.08600315,0.010828821,0.26942202,0.022827024,null,null,null,null,"TWOGAUSSIANS",8,39.129433,0.21880287,0.005625541,0.4,0.0,0.30788773,0.017212998,0.73079824,0.008745256,0.4,0.0,0.26333135,0.018468015
375316653866487564,4041506295129298560,0.45568913,2385.096409281952,0.11589541817689666,5.2131723E-5,19.208864,0.030022703,0.2098558,0.048496913,0.062519364,0.027694141,0.4182447,0.1424685,0.7013858,0.013071185,0.114389405,0.026525877,0.25729498,0.072486855,null,null,null,null,"TWOGAUSSIANS",8,5.369538,0.2098558,0.048541747,0.3501084,0.0709965,0.40904698,0.13561517,0.7013858,0.013071185,0.4,0.0,0.24805893,0.07447039
375316653866487564,4041506299342670080,0.431556,2382.1690442041645,0.5129700450055661,3.5393063E-5,18.017633,0.010034901,0.2543736,0.03797098,0.05402446,0.06738302,0.13165125,0.0856218,0.7630051,0.026364835,0.037926365,0.006965217,1.1564319,1.1900682,null,null,null,null,"TWOGAUSSIANS",8,14.308027,0.7630051,0.026364835,0.21238765,0.039005216,1.1564318,1.1901273,0.2543736,0.03797098,0.30253696,0.108798824,0.13165112,0.08627462
375316653866487564,4041506329491231104,0.48707741,2356.9070461194287,0.4235334952076679,4.3565404E-5,19.487787,0.024693523,0.44534424,0.018389095,0.06822901,0.027899645,0.368348,0.095247,0.7541264,0.03270245,0.17777728,0.05991093,0.19331811,0.021823118,null,null,null,null,"TWOGAUSSIANS",8,1.5394775,0.45080423,0.021358972,0.3820825,0.031532668,0.40246367,0.11652304,0.7541264,0.03270245,0.4,0.0,0.18343921,0.011121449
375316653866487564,4041506363851394560,0.47350255,2509.858762717201,1.0914219632698352,1.1826299E-4,19.709808,0.020221518,0.15633227,0.016027614,0.06810388,0.011782552,0.23223092,0.06952801,0.64591736,0.008610765,0.096896976,0.014258437,0.2180596,0.023927866,null,null,null,null,"TWOGAUSSIANS",8,2.8246043,0.15633227,0.016027614,0.38138172,0.06369212,0.22855644,0.07064141,0.64591736,0.008610765,0.4,0.0,0.2143843,0.023269853
375316653866487564,4041506363851411968,0.45182192,2424.5524192959388,0.05176555587920568,4.3447308E-5,19.41875,0.050498206,0.27023482,0.010916703,0.10817687,0.027926058,0.19648191,0.051190913,0.8049474,0.0066753197,0.067002565,0.01863519,0.68466914,1.4856198,null,null,null,null,"TWOGAUSSIANS",8,4.1913605,0.8049474,0.0066651944,0.37521437,0.09770775,0.67907864,1.4906758,0.27023482,0.010916703,0.4,0.0,0.19087152,0.039235197
375316653866487564,4041506368115511552,0.41699553,2524.3311990388634,1.6414984881614874,9.988231E-5,19.39486,0.039631557,0.2499762,0.023093725,0.04366656,0.02825894,0.31138238,0.11511504,0.59468937,0.01250304,0.069979206,0.012734298,0.48974946,0.09767377,null,null,null,null,"TWOGAUSSIANS",8,10.942486,0.59468937,0.01250304,0.39188352,0.061315447,0.4897494,0.097673744,0.2499762,0.023093725,0.24453273,0.15825006,0.31138498,0.115113124
375316653866487564,4041506539914250368,0.44196442,2403.4358562056404,3.014184141899636,9.2219336E-5,19.472612,0.01671191,0.2683414,0.012130487,0.05685094,0.015754854,0.2889067,0.24582557,0.7844353,0.033058587,0.043424863,0.038522273,0.21968588,0.07111741,null,null,null,null,"TWOGAUSSIANS",8,4.002729,0.2683414,0.012130487,0.31836525,0.08822718,0.2889058,0.24586779,0.7844353,0.033058587,0.24317923,0.1580194,0.21968497,0.07115531
375316653866487564,4041506604373016576,0.45838913,2414.643986270715,0.4500051122648126,2.8810051E-5,19.058561,0.0424183,0.22833987,0.010855073,0.0846204,0.0129417125,0.3222441,0.04216131,0.70031714,0.016943293,0.09375939,0.03858631,0.23716232,0.07391306,null,null,null,null,"TWOGAUSSIANS",8,9.988421,0.22833987,0.010855122,0.4,0.0,0.31540877,0.03287998,0.70031714,0.016943293,0.4,0.013581319,0.23032625,0.07810149
375316653866487564,4041506673092559488,0.530139,2453.2596361122683,1.3256032874820154,2.5269019E-5,19.078218,0.01071606,0.2628526,0.012063479,0.069764555,0.009587752,0.31334585,0.030002847,0.78172415,0.007962321,0.06373568,0.00817695,0.5273727,0.113987334,null,null,null,null,"TWOGAUSSIANS",8,4.5126867,0.78172415,0.007962321,0.3569198,0.045790922,0.5269531,0.114521064,0.2628526,0.012063479,0.3906815,0.045353577,0.3129262,0.030070696
375316653866487564,4041506741812065664,0.43102434,2396.904204413902,1.693531761974089,1.6209255E-5,18.95926,0.00581596,0.15383439,0.00841373,0.0047119767,0.0018893776,0.8655146,6.116927,0.8192844,0.008345379,0.018801358,0.015717236,0.111659355,23.28985,0.05563021,0.0087946765,0.8192844,0.008345379,"TWOGAUSSIANS_WITH_ELLIPSOIDAL_ON_ECLIPSE2",9,4.9811187,0.15385439,0.008396587,0.026387071,0.010580515,0.8940737,6.1218553,0.8192844,0.008345379,0.1052876,0.088016525,0.22291957,23.287582
375316653866487564,4041506746019517440,0.5066856,2450.999396744172,2.2304229652893013,1.2358986E-5,19.33247,0.0378112,0.2638911,0.0092238,0.09399264,0.021299697,0.24130443,0.03224761,0.7653624,0.00659783,0.07523977,0.01713183,0.43258205,0.074379325,null,null,null,null,"TWOGAUSSIANS",8,5.758589,0.7653624,0.00659783,0.4,0.009768851,0.42495245,0.084216684,0.2638911,0.0092238,0.4,0.0,0.23367447,0.025320938
375316653866487564,4041506952229297024,0.48496792,2395.9767751786167,0.705169716043095,2.7860606E-5,18.664976,0.010617499,0.19648992,0.0058375574,0.04911874,0.0077039683,0.12685065,0.015861098,0.69054335,0.0047602197,0.042907692,0.011463531,0.68684256,0.3485814,null,null,null,null,"TWOGAUSSIANS",8,3.5740542,0.69054335,0.0047602197,0.24028307,0.064195774,0.6868424,0.34858438,0.19648992,0.0058375574,0.27506495,0.043142222,0.12685049,0.015860045
375316653866487564,4041507051091219584,0.4307495,2476.6387392637894,4.357972928543111,1.7745399E-5,18.47905,0.006542433,0.29213738,2.7266308E-6,0.0121319145,1.9115719E-4,0.27301887,0.006519072,0.77840525,0.012092804,0.034010682,0.01204084,0.19072188,0.22203909,null,null,null,null,"TWOGAUSSIANS",8,3.8550475,0.29213738,2.7266308E-6,0.06793872,0.0010704802,0.27301887,0.006519072,0.77840525,0.012092804,0.19045982,0.06742871,0.19072188,0.22203909
375316653866487564,4041507192747687808,0.45098296,2418.671724848501,0.3259959852954394,5.87912E-5,19.67943,0.01626624,0.17149426,0.017821008,0.073297426,0.012513733,0.23660672,0.04041343,0.6892719,0.0037459238,0.062091175,0.013106637,0.3240028,0.11130445,null,null,null,null,"TWOGAUSSIANS",8,5.5455127,0.6892719,0.0037459238,0.34771058,0.057124406,0.3236403,0.11184794,0.17149426,0.017821008,0.4,0.022608673,0.23624422,0.040859956
375316653866487564,4041507291610296064,0.47315142,2390.5157135803197,0.025020051151428396,1.8288534E-5,19.439575,0.20347863,0.23284832,0.010386842,0.072448395,0.023182472,0.33484966,0.18051037,0.7801309,0.035017844,0.09332161,0.091187604,0.30593303,0.1704986,null,null,null,null,"TWOGAUSSIANS",8,3.1479328,0.23284832,0.010300949,0.4,0.03264752,0.33214244,0.06740047,0.7801309,0.035017844,0.4,0.0,0.30322343,0.04206565
375316653866487564,4041507360287192576,0.43680796,2495.735946956467,3.7925867488669613,3.583288E-5,18.670498,0.02115112,0.3340455,0.008061364,0.054134544,0.0055994014,0.15091477,0.03600616,0.8680008,1.6070044E-4,0.015172786,6.3270517E-4,1.8807267,0.20022313,null,null,null,null,"TWOGAUSSIANS",8,6.3342714,0.8680008,1.6070044E-4,0.084967606,0.0035431487,1.8807267,0.20022313,0.3340455,0.008061364,0.30315343,0.031356648,0.15091477,0.03600616
375316653866487564,4041507364492859776,0.4872843,2392.0065353485247,2.262521578855064,2.3642768E-5,16.2249,0.009194415,0.27360278,0.008299031,0.08589523,0.009409215,0.16460244,0.010795077,0.76514065,0.0103183,0.06778462,0.013737407,0.13464478,0.013522786,null,null,null,null,"TWOGAUSSIANS",8,58.514687,0.27360278,0.008299031,0.4,0.0,0.16334666,0.010241447,0.76514065,0.0103183,0.37959388,0.050406966,0.13338901,0.0136257615
375316653866487564,4041507428896579840,0.55805707,2393.720661639941,1.4783597541205127,9.139032E-6,15.203749,0.015579117,0.3098335,0.0027054658,0.09809275,0.008147707,0.20947917,0.014260821,0.82052505,0.0061098556,0.0894916,0.017499574,0.12830402,0.013151184,null,null,null,null,"TWOGAUSSIANS",8,24.712734,0.3098335,0.0027054658,0.4,0.0,0.20136298,0.008331648,0.82052505,0.0061098556,0.4,0.0,0.120188884,0.0074391267
375316653866487564,4041507429006236800,0.42556798,2431.223384392238,2.0579711683205897,6.82306E-5,19.175291,0.018760186,0.24421912,0.017563067,0.021539036,0.018209375,1.1571344,1.1065534,0.55957866,0.04431105,0.07168765,0.017501058,0.068759,0.04731409,null,null,null,null,"TWOGAUSSIANS",8,7.1160836,0.24421912,0.017563067,0.120618604,0.101972505,1.1571388,1.1065501,0.55957866,0.04431105,0.4,0.06703302,0.068759,0.04731409
375316653866487564,4041507467625427328,0.4525943,2496.366676105,1.9974440391384203,8.249513E-5,19.143322,0.07358204,0.17204423,0.009032587,0.101628885,0.03715265,0.16579348,0.068804085,0.6625358,0.013644969,0.12056306,0.039759923,0.20484842,0.07424932,null,null,null,null,"TWOGAUSSIANS",8,2.0242367,0.6625358,0.013644969,0.4,0.0,0.17811899,0.015143454,0.17209423,0.00892795,0.4,0.0,0.13914132,0.01788841
375316653866487564,4041507532085457024,0.4312445,2494.1702989729038,0.9994429183759039,6.31861E-5,18.659462,0.021232003,0.37942645,0.019011088,0.020246772,0.019389732,1.7366117,2.7438247,0.89593047,0.008064165,0.03593551,0.006314198,0.20131415,0.033064038,null,null,null,null,"TWOGAUSSIANS",8,7.178622,0.37942645,0.019011088,0.11338192,0.1085825,1.7366117,2.7438247,0.89593047,0.008064165,0.20123886,0.03535951,0.20131415,0.033064038
