Gaia/vari_eclipsing_binary/VariEclipsingBinary_685063-685083.csv
# %ECSV 1.0
# ---
# delimiter: ','
# meta: !!omap
# - RELEASE: Gaia DR3
# - TABLE: vari_eclipsing_binary
# - DESCRIPTION: >
#     This table describes the properties of the eclipsing binaries resulting from the variability analysis. 
# - CITATION: >
#     How to cite and acknowledge Gaia: 
#     https://gea.esac.esa.int/archive/documentation/credits.html 
# - KNOWN_ISSUES: >
#     Known issues: 
#     https://www.cosmos.esa.int/web/gaia-users/known-issues 
# - DOCUMENTATION: >
#     Tutorials and documentation: 
#     https://www.cosmos.esa.int/web/gaia-users/archive 
# datatype:
# - 
#   name: solution_id
#   datatype: int64
#   description: Solution Identifier
#   meta:
#     ucd: meta.version
# - 
#   name: source_id
#   datatype: int64
#   description: Unique source identifier
#   meta:
#     ucd: meta.id;meta.main
# - 
#   name: global_ranking
#   datatype: float32
#   description: Number between 0 (worst) and 1 (best)
#   meta:
#     ucd: stat.param
# - 
#   name: reference_time
#   datatype: float64
#   unit: d
#   description: Reference time used for the geometric model fit
#   meta:
#     ucd: time.epoch
# - 
#   name: frequency
#   datatype: float64
#   unit: d**-1
#   description: Frequency of geometric model of the eclipsing binary light curve
#   meta:
#     ucd: src.orbital
# - 
#   name: frequency_error
#   datatype: float32
#   unit: d**-1
#   description: "Uncertainty of \\texttt{frequency}"
#   meta:
#     ucd: stat.error
# - 
#   name: geom_model_reference_level
#   datatype: float32
#   unit: mag
#   description: Magnitude reference level of geometric model
#   meta:
#     ucd: phot.mag;em.opt
# - 
#   name: geom_model_reference_level_error
#   datatype: float32
#   unit: mag
#   description: "Uncertainty of \\texttt{geomModelReferenceLevel}"
#   meta:
#     ucd: stat.error;phot.mag;em.opt
# - 
#   name: geom_model_gaussian1_phase
#   datatype: float32
#   description: Phase of the Gaussian 1 component
#   meta:
#     ucd: time.phase
# - 
#   name: geom_model_gaussian1_phase_error
#   datatype: float32
#   description: "Uncertainty of \\texttt{geomModelGaussian1Phase}"
#   meta:
#     ucd: stat.error;time.phase
# - 
#   name: geom_model_gaussian1_sigma
#   datatype: float32
#   description: "Standard deviation [phase] of Gaussian 1 component"
#   meta:
#     ucd: stat.stdev
# - 
#   name: geom_model_gaussian1_sigma_error
#   datatype: float32
#   description: "Uncertainty of \\texttt{geomModelGaussian1Sigma}"
#   meta:
#     ucd: stat.error
# - 
#   name: geom_model_gaussian1_depth
#   datatype: float32
#   unit: mag
#   description: Magnitude depth of Gaussian 1 component
#   meta:
#     ucd: src.var.amplitude
# - 
#   name: geom_model_gaussian1_depth_error
#   datatype: float32
#   unit: mag
#   description: "Uncertainty of \\texttt{geomModelGaussian1Depth}"
#   meta:
#     ucd: stat.error;src.var.amplitude
# - 
#   name: geom_model_gaussian2_phase
#   datatype: float32
#   description: Phase of Gaussian 2 component
#   meta:
#     ucd: time.phase
# - 
#   name: geom_model_gaussian2_phase_error
#   datatype: float32
#   description: "Uncertainty of \\texttt{geomModelGaussian2Phase}"
#   meta:
#     ucd: stat.error;time.phase
# - 
#   name: geom_model_gaussian2_sigma
#   datatype: float32
[...]
#   datatype: float32
#   description: "Secondary eclipse: uncertainty of \\texttt{derivedSecondaryEclDuration}"
#   meta:
#     ucd: stat.error;time.duration
# - 
#   name: derived_secondary_ecl_depth
#   datatype: float32
#   unit: mag
#   description: "Secondary eclipse: depth"
#   meta:
#     ucd: src.var.amplitude
# - 
#   name: derived_secondary_ecl_depth_error
#   datatype: float32
#   unit: mag
#   description: "Secondary eclipse: uncertainty of \\texttt{derivedSecondaryEclDepth}"
#   meta:
#     ucd: stat.error;src.var.amplitude
solution_id,source_id,global_ranking,reference_time,frequency,frequency_error,geom_model_reference_level,geom_model_reference_level_error,geom_model_gaussian1_phase,geom_model_gaussian1_phase_error,geom_model_gaussian1_sigma,geom_model_gaussian1_sigma_error,geom_model_gaussian1_depth,geom_model_gaussian1_depth_error,geom_model_gaussian2_phase,geom_model_gaussian2_phase_error,geom_model_gaussian2_sigma,geom_model_gaussian2_sigma_error,geom_model_gaussian2_depth,geom_model_gaussian2_depth_error,geom_model_cosine_half_period_amplitude,geom_model_cosine_half_period_amplitude_error,geom_model_cosine_half_period_phase,geom_model_cosine_half_period_phase_error,model_type,num_model_parameters,reduced_chi2,derived_primary_ecl_phase,derived_primary_ecl_phase_error,derived_primary_ecl_duration,derived_primary_ecl_duration_error,derived_primary_ecl_depth,derived_primary_ecl_depth_error,derived_secondary_ecl_phase,derived_secondary_ecl_phase_error,derived_secondary_ecl_duration,derived_secondary_ecl_duration_error,derived_secondary_ecl_depth,derived_secondary_ecl_depth_error
[from data line 146]
375316653866487564,6025957352502014976,0.58101386,2298.2118850597517,1.0429725321711538,1.9625137E-5,17.588346,0.00269369,0.19864462,0.0022743326,0.05736617,0.002671573,0.09471364,0.0033618475,0.69374454,0.001590628,0.0495583,0.0014507219,0.3462054,0.018442938,null,null,null,null,"TWOGAUSSIANS",8,2.4032109,0.69374454,0.001590628,0.27752647,0.008124042,0.3462005,0.018443592,0.19864462,0.0022743326,0.32125053,0.014960809,0.09470874,0.0033605113
375316653866487564,6025957592960888960,0.46698952,2272.8529676214525,2.8182284632173245,4.318752E-5,19.300785,0.11781152,0.15019234,0.010284739,0.11977326,0.03921115,0.17123033,0.11688438,0.631889,0.009628666,0.12293561,0.038859606,0.19038068,0.11414792,null,null,null,null,"TWOGAUSSIANS",8,1.8304229,0.631889,0.009628666,0.4,0.0,0.15350409,0.012380026,0.15035234,0.009672623,0.4,0.0,0.13440113,0.016217884
375316653866487564,6025957902257928192,0.47140884,2319.5247660967866,0.8611421698097831,5.730765E-5,16.297808,0.0058675315,0.2358614,0.006481406,0.074633084,0.011668606,0.06833951,0.005079424,0.7247805,0.011658351,0.058897913,0.035407398,0.09584224,0.030286789,null,null,null,null,"TWOGAUSSIANS",8,12.788641,0.7247805,0.011658351,0.32982832,0.118905626,0.095738664,0.03204334,0.2358614,0.006481406,0.4,0.0,0.068235934,0.0038463888
375316653866487564,6025958314515471488,0.49051538,2300.505056405472,3.4283644462087133,2.3557803E-5,18.261843,0.029306723,0.21455416,0.0055080354,0.07955401,0.01264473,0.25463286,0.034728188,0.71404934,0.0046995976,0.09018242,0.01447401,0.23572482,0.02592594,null,null,null,null,"TWOGAUSSIANS",8,8.12716,0.21455416,0.0055080354,0.4,0.0,0.24832429,0.030869864,0.71404934,0.0046995976,0.4,0.0,0.22941615,0.017995305
375316653866487564,6025959173514737152,0.58950454,2300.0115236196025,1.335224251345708,6.3699777E-6,19.031136,0.0054430994,0.19742133,0.0017544681,0.07191987,0.0031814245,0.3744104,0.015917625,0.69817084,0.0021875699,0.07727523,0.0023904787,0.3843737,0.01379735,null,null,null,null,"TWOGAUSSIANS",8,1.0032506,0.69817084,0.0021875699,0.4,0.0,0.38165832,0.013936519,0.19742133,0.0017544681,0.4,0.0062664347,0.371695,0.016350491
375316653866487564,6025959242287722496,0.6694295,2312.1293843511353,0.8488697329378918,1.7660923E-6,15.475095,0.0011684533,0.29800993,2.2436045E-4,0.036416527,3.609193E-4,0.91590834,0.018552864,0.7980681,0.0010049742,0.041389044,0.0013371888,0.10637711,0.0025972612,null,null,null,null,"TWOGAUSSIANS",8,8.913341,0.29800993,2.2436045E-4,0.20393254,0.002021148,0.91590834,0.018552864,0.7980681,0.0010049742,0.23177865,0.0074882573,0.10637711,0.0025972615
375316653866487564,6025959512818501504,0.562068,2337.9971646189383,4.109864976412574,3.323888E-5,18.804253,0.012650084,0.19107561,0.005284478,0.036198746,0.013423025,0.21643765,0.041121677,0.6934337,0.038228527,0.05010817,0.02256991,0.31999585,0.08240175,0.10283244,0.015391866,0.19107561,0.005284478,"TWOGAUSSIANS_WITH_ELLIPSOIDAL_ON_ECLIPSE1",9,2.6622257,0.6934337,0.038109902,0.28060573,0.1263915,0.5256138,0.070723906,0.19107561,0.005284478,0.20271298,0.07516894,0.42210078,0.05094193
375316653866487564,6025959723324141440,0.5311019,2309.5067170555835,3.291903566673493,1.9252164E-5,17.024632,0.031610485,0.28047627,0.004147106,0.10763189,0.010884688,0.26846686,0.03045012,0.76949286,0.0054809065,0.102028094,0.018789593,0.25975013,0.021766802,null,null,null,null,"TWOGAUSSIANS",8,16.2042,0.28047627,0.004142849,0.4,0.0,0.24137144,0.010663629,0.76949286,0.0054809065,0.4,0.0,0.2326634,0.019822417
375316653866487564,6025960169947202304,0.48682734,2265.2116594853055,1.9536251547776717,1.12056165E-4,19.72265,0.0063365335,0.17834494,0.009025681,0.0336343,0.020068914,0.18760371,0.18743986,0.66321474,0.004795718,0.03078223,0.011537968,0.17809947,0.03760037,null,null,null,null,"TWOGAUSSIANS",8,1.4727533,0.17834494,0.009025681,0.18835208,0.11238592,0.18760371,0.18743986,0.66321474,0.004795718,0.17238049,0.06461262,0.17809947,0.03760037
375316653866487564,6025962914432697088,0.5680351,2265.5104851232,3.6667864655007367,1.32656405E-5,17.95755,0.015096223,0.3138574,0.00496101,0.078703105,0.0059714164,0.4210568,0.015637694,0.80672085,0.0028242702,0.0816083,0.0049378197,0.4592782,0.021534756,null,null,null,null,"TWOGAUSSIANS",8,9.214179,0.80672085,0.0028242702,0.4,0.0,0.45336962,0.021494232,0.3138574,0.00496101,0.4,0.0,0.41514823,0.014299834
375316653866487564,6025963331044137472,0.60412896,2276.941500321245,3.164753737306804,9.871615E-6,17.735966,0.03409321,0.2505451,0.0022656606,0.051487427,0.00913023,0.3069171,0.068580806,0.7539134,0.0067917784,0.05989235,0.0108408015,0.3470352,0.06813213,0.1258082,0.03919024,0.2505451,0.0022656606,"TWOGAUSSIANS_WITH_ELLIPSOIDAL_ON_ECLIPSE1",9,9.792557,0.7539134,0.0067917784,0.33539715,0.06070849,0.59849155,0.022083187,0.2505451,0.0022656606,0.2883296,0.05112929,0.55848616,0.022087198
375316653866487564,6025963399763688576,0.6036195,2295.6054018050863,2.2729970045196755,7.2479497E-6,17.698359,0.010521141,0.2650311,0.0016208435,0.045154326,0.004501202,0.2625301,0.03233196,0.7636248,0.0029771663,0.048519593,0.0042506075,0.27502185,0.024827082,0.13842404,0.014519858,0.2650311,0.0016208435,"TWOGAUSSIANS_WITH_ELLIPSOIDAL_ON_ECLIPSE1",9,7.968945,0.7638448,0.0024398372,0.27170974,0.0238034,0.5518513,0.013262969,0.2650311,0.0016208435,0.2528642,0.025206733,0.5393777,0.027532954
375316653866487564,6025963605922596480,0.4948031,2276.9238592306137,3.3535106417683194,2.2327611E-5,19.857368,0.020497406,0.23423272,0.0025543806,0.07820399,0.00844889,0.44405565,0.019443002,0.7496698,0.01162425,0.06303175,0.020869806,0.4158732,0.12848064,null,null,null,null,"TWOGAUSSIANS",8,2.4888344,0.23423272,0.0025543806,0.4,0.0,0.4429563,0.019860629,0.7496698,0.01162425,0.35297778,0.07259621,0.41477385,0.1317494
375316653866487564,6025963640281132288,0.51838523,2289.1071137604736,3.8790733811542095,2.7423224E-5,18.719501,0.014058803,0.26459557,0.008785583,0.07044277,0.008170203,0.45905185,0.03433434,0.77202207,0.004957322,0.075177856,0.007289766,0.39904842,0.011287464,null,null,null,null,"TWOGAUSSIANS",8,11.647633,0.26459557,0.008785583,0.3944795,0.04468985,0.45708218,0.03425397,0.77202207,0.004957322,0.4,0.0,0.39707875,0.010876117
375316653866487564,6025963983884091904,0.477727,2315.206062925782,1.2028606527206078,5.2001047E-5,17.634235,0.0017169752,0.22889385,0.01182837,0.052071307,0.02597581,0.1029691,0.041804515,0.7188263,0.016218381,0.045425747,0.012976237,0.04252281,0.0055973483,null,null,null,null,"TWOGAUSSIANS",8,1.7578729,0.22889385,0.01182837,0.29159933,0.1073698,0.10296895,0.041825656,0.7188263,0.016218381,0.2543842,0.07266693,0.042522654,0.0055963267
375316653866487564,6025964705428613504,0.5199879,2289.1173021903533,2.724451548494722,5.160372E-5,19.062344,0.014642838,0.27934477,0.006499043,0.07878575,0.015929239,0.3866509,0.09105186,0.7810365,0.0044505857,0.07245556,0.005752561,0.36766225,0.02262362,null,null,null,null,"TWOGAUSSIANS",8,4.8621817,0.27934477,0.006499043,0.4,0.0015460737,0.38357392,0.09460673,0.7810365,0.0044505857,0.4,0.0121619515,0.3645853,0.021815931
375316653866487564,6025964774153377920,0.4880481,2295.594548860378,3.030993940221647,7.3731826E-5,19.366518,0.052308682,0.18487054,0.009919405,0.1098203,0.030277144,0.2498186,0.046251446,0.67561233,0.010214976,0.09526921,0.025770342,0.2435723,0.057369474,null,null,null,null,"TWOGAUSSIANS",8,3.0782855,0.18487054,0.009919745,0.4,0.0,0.22725466,0.02182328,0.67561233,0.010214976,0.4,0.0,0.22102466,0.040373735
375316653866487564,6025965186522830208,0.5573985,2281.0213536011333,1.4406521880680758,1.363754E-5,16.85411,0.0025770043,0.7603989,0.0022644731,0.04647063,0.0029482115,0.120968476,0.007430381,null,null,null,null,null,null,0.048886392,0.0031867586,0.7603989,0.0022644731,"ONEGAUSSIAN_WITH_ELLIPSOIDAL",6,7.150329,0.7603989,0.0022644731,0.26023552,0.016509984,0.21874115,0.006337321,null,null,null,null,null,null
375316653866487564,6025965285254869504,0.5372912,2291.2710577793,3.432734711782737,1.2980306E-5,17.925205,0.025635056,0.25955707,0.00308593,0.09890825,0.008699459,0.31919897,0.022694802,0.7911656,0.008963713,0.10490031,0.027029343,0.20763454,0.017635114,null,null,null,null,"TWOGAUSSIANS",8,6.256337,0.25954705,0.002984878,0.4,0.0,0.3022592,0.014430501,0.7911756,0.008991582,0.4,0.0,0.190689,0.026825782
375316653866487564,6025965495760472192,0.650507,2296.7803931127637,1.307276074345081,3.584067E-6,16.856417,0.003695594,0.23199613,0.0074372254,0.031585395,0.004906954,0.08085758,0.009856094,0.7278755,4.1776674E-4,0.040295836,8.8775804E-4,0.5421651,0.008949348,0.01276697,0.0046288706,0.23199613,0.0074372254,"TWOGAUSSIANS_WITH_ELLIPSOIDAL_ON_ECLIPSE1",9,8.980051,0.7278955,3.9948797E-4,0.22565667,0.004971445,0.567682,0.0078345165,0.23199613,0.0074372254,0.17687821,0.02747894,0.10639153,0.0053119576
375316653866487564,6025965560132840448,0.5263595,2274.5962816001947,3.0155826329913884,2.0084302E-5,18.089706,0.03258338,0.3100559,0.004154692,0.09957168,0.010068356,0.33892608,0.030793184,0.80132,0.011067077,0.08946076,0.016422814,0.3554092,0.028691873,null,null,null,null,"TWOGAUSSIANS",8,9.70377,0.80132,0.011067077,0.4,0.0,0.3369063,0.015971787,0.3100559,0.0041548596,0.4,0.0,0.32042086,0.017118514
375316653866487564,6025966011097522688,0.4535015,2276.836365976318,3.3893278247458998,4.2356216E-5,19.571907,0.043750934,0.21726952,0.017891273,0.09267401,0.01928898,0.25986186,0.049062714,0.7143337,0.009131679,0.097631164,0.020419098,0.35728055,0.060090236,null,null,null,null,"TWOGAUSSIANS",8,4.2338924,0.7143337,0.009131679,0.4,0.0,0.33869034,0.06077933,0.21726952,0.017891157,0.4,0.0,0.24127284,0.029546801
375316653866487564,6025966114236415232,0.60228246,2308.36179796088,0.14790418107863298,1.7839858E-4,16.084824,0.0021035862,0.09517142,0.0033447267,0.0098173125,0.0015085343,0.30763406,0.05545202,0.83249706,0.077727094,0.0969797,0.11029732,0.0064989515,0.0037219217,null,null,null,null,"TWOGAUSSIANS",8,3.6228354,0.09517142,0.0033447267,0.05497695,0.008447792,0.30779994,0.055436164,0.83249706,0.077727094,0.4,0.3700629,0.0064989296,0.0037219506
375316653866487564,6025966144266127872,0.5209285,2289.2208428502386,2.9697011055437827,2.1049622E-5,13.537234,0.00337502,0.22599311,0.017010663,0.040154427,0.026701158,0.027114006,0.19105552,0.7073847,0.0034462868,0.042273287,0.020452136,0.030487318,0.0061999513,0.026669158,0.0045012743,0.7073847,0.0034462868,"TWOGAUSSIANS_WITH_ELLIPSOIDAL_ON_ECLIPSE2",9,32.942913,0.7073847,0.0034462868,0.23673041,0.11453196,0.08382562,0.0060874736,0.22227311,0.014914703,0.2248648,0.14952648,0.079870805,0.19328243
375316653866487564,6025966281685647232,0.5283185,2260.123148622226,2.4377056469464082,1.3298597E-5,17.973572,0.012347466,0.2734827,0.0030227136,0.053767063,0.012010279,0.10081129,0.031182384,0.7765354,0.008955695,0.038301323,0.014210897,0.08959239,0.03574944,0.10061828,0.017553216,0.2734827,0.0030227136,"TWOGAUSSIANS_WITH_ELLIPSOIDAL_ON_ECLIPSE1",9,12.013226,0.2734827,0.0030227136,0.30109555,0.06725756,0.30204582,0.022107592,0.7765354,0.008708147,0.2144874,0.07958102,0.2907529,0.029393723
375316653866487564,6025966285975581440,0.44534194,2257.831674714008,2.5837839579178383,6.001722E-5,19.85302,0.01626061,0.2722182,0.012656649,0.08296408,0.02156868,0.23023398,0.036560077,0.7649484,0.007849398,0.07982677,0.019701933,0.24024747,0.058707576,null,null,null,null,"TWOGAUSSIANS",8,2.3383853,0.7649484,0.007849398,0.4,0.023889871,0.236586,0.062118676,0.2722182,0.012656649,0.4,0.01853813,0.2265725,0.03915877
375316653866487564,6025967007530403968,0.48616722,2270.1255054557564,0.04005650622123143,3.999438E-5,19.325317,0.0074278726,0.45229438,0.0070356824,0.08332578,0.014012755,0.25073624,0.05005644,0.7851309,0.040552273,0.051453367,0.017560637,0.09575543,0.02112086,null,null,null,null,"TWOGAUSSIANS",8,2.0516515,0.45229438,0.0070356824,0.4,0.0,0.25073463,0.050063044,0.7851309,0.040552273,0.28813887,0.098339565,0.09583983,0.021123609
375316653866487564,6025967660424746368,0.5468059,2279.619615758778,0.2926407797498241,8.905882E-5,18.28545,0.003601009,0.33087137,0.003920521,0.07892844,0.011676714,0.2877032,0.4257876,0.82109517,0.03693446,0.06881266,0.03619486,0.016638042,0.005111627,null,null,null,null,"TWOGAUSSIANS",8,0.9016244,0.33087137,0.003920521,0.4,0.021877876,0.28734007,0.4260725,0.82109517,0.03693446,0.38535088,0.13021213,0.016274946,0.004833906
375316653866487564,6025967900883780992,0.46883586,2256.541889020359,0.07885802429389388,2.5472387E-5,19.460987,0.023677783,0.28385818,0.0031861786,0.060647033,0.007080684,1.8857435,0.77243876,0.78397983,0.015456401,0.08045253,0.015813997,0.29334843,0.04576955,null,null,null,null,"TWOGAUSSIANS",8,4.7777243,0.28385818,0.0031861786,0.3396234,0.03965183,1.8834375,0.7742311,0.78397983,0.015456401,0.4,0.0,0.29104242,0.045702055
375316653866487564,6025968381919866624,0.46978095,2261.5743505851137,3.015310303996725,2.643603E-5,18.407894,0.057697278,0.22444253,0.013722994,0.11814883,0.032741837,0.24141912,0.053195525,0.68721896,0.010345369,0.10737149,0.020161202,0.25055066,0.056804497,null,null,null,null,"TWOGAUSSIANS",8,11.737876,0.68721896,0.010345369,0.4,0.0,0.22192708,0.022413371,0.22449252,0.01373629,0.4,0.0,0.21269928,0.02197624
375316653866487564,6025968515088914432,0.5968973,2242.774521191432,3.928787813314096,1.5274294E-5,19.088835,0.008601529,0.28813028,0.0035970784,0.06822964,0.0050065997,0.6486909,0.016234053,0.7889516,0.0054647103,0.07531592,0.0041671284,0.54661316,0.039404996,null,null,null,null,"TWOGAUSSIANS",8,2.5435593,0.28813028,0.0035970784,0.38208595,0.02803696,0.6459996,0.016728342,0.7889516,0.0054647103,0.4,0.0,0.5439218,0.039329134
375316653866487564,6025968794236656256,0.6070585,2271.7763514012645,1.0623576093736888,1.6842616E-5,18.612259,0.0038098705,0.20203078,0.003606242,0.048976257,0.0033999512,0.1805269,0.010190408,0.6975788,0.003152869,0.044347588,0.0028409818,0.92524093,0.024564154,null,null,null,null,"TWOGAUSSIANS",8,3.6960368,0.6975788,0.003152869,0.2483465,0.015909499,0.9252406,0.02456424,0.20203078,0.003606242,0.27426705,0.019039726,0.18052654,0.010190521
375316653866487564,6025969447072095616,0.5336894,2252.321117540364,0.9563849436169637,4.638975E-5,19.34033,0.007885301,0.25612622,0.012346038,0.047985893,0.012387528,0.33119315,0.11167162,0.7702658,0.006669829,0.06430449,0.004584742,0.47219098,0.038147155,null,null,null,null,"TWOGAUSSIANS",8,2.9446113,0.7702658,0.006669829,0.36010516,0.025674555,0.47216848,0.03814788,0.25612622,0.012346038,0.268721,0.06937016,0.33117065,0.11168823
375316653866487564,6025969855092517632,0.55411804,2295.507422961247,2.170566216406592,1.1382976E-5,17.830025,0.018078404,0.26575506,0.0019673444,0.11467154,0.0077435356,0.24742663,0.016401015,0.7752151,0.0033566146,0.102079764,0.009785647,0.17178899,0.01669727,null,null,null,null,"TWOGAUSSIANS",8,2.3847008,0.26575506,0.0019668888,0.4,0.0,0.22120222,0.006611088,0.77524513,0.003358952,0.4,0.0,0.14560136,0.008240706
375316653866487564,6025969923812005504,0.48854423,2281.0148830294606,1.2376993177006284,4.6389163E-5,17.819298,0.18874416,0.24735607,0.03656218,0.21806277,0.192945,0.11662959,0.17936951,0.66829985,0.0040094303,0.0403619,0.006070253,0.5228397,0.05127357,null,null,null,null,"TWOGAUSSIANS",8,13.536852,0.66829985,0.0040094303,0.22602664,0.033993416,0.5234819,0.055474088,0.24735607,0.03656218,0.4,0.0,0.09574729,0.02349719
375316653866487564,6025970099907335680,0.47692558,2272.844525289225,0.9231983845540671,3.515185E-4,18.786503,0.007960943,0.5587877,0.038679507,0.061538935,0.021738185,0.033623282,0.018189266,0.8610963,0.01537548,0.0261688,0.013422167,0.3900756,0.31982926,null,null,null,null,"TWOGAUSSIANS",8,4.84938,0.8610963,0.01537548,0.14654529,0.07516414,0.3900758,0.3198292,0.5587877,0.038679507,0.34461802,0.117275886,0.033623282,0.018189266
