Gaia/vari_eclipsing_binary/VariEclipsingBinary_680325-680373.csv
# %ECSV 1.0
# ---
# delimiter: ','
# meta: !!omap
# - RELEASE: Gaia DR3
# - TABLE: vari_eclipsing_binary
# - DESCRIPTION: >
#     This table describes the properties of the eclipsing binaries resulting from the variability analysis. 
# - CITATION: >
#     How to cite and acknowledge Gaia: 
#     https://gea.esac.esa.int/archive/documentation/credits.html 
# - KNOWN_ISSUES: >
#     Known issues: 
#     https://www.cosmos.esa.int/web/gaia-users/known-issues 
# - DOCUMENTATION: >
#     Tutorials and documentation: 
#     https://www.cosmos.esa.int/web/gaia-users/archive 
# datatype:
# - 
#   name: solution_id
#   datatype: int64
#   description: Solution Identifier
#   meta:
#     ucd: meta.version
# - 
#   name: source_id
#   datatype: int64
#   description: Unique source identifier
#   meta:
#     ucd: meta.id;meta.main
# - 
#   name: global_ranking
#   datatype: float32
#   description: Number between 0 (worst) and 1 (best)
#   meta:
#     ucd: stat.param
# - 
#   name: reference_time
#   datatype: float64
#   unit: d
#   description: Reference time used for the geometric model fit
#   meta:
#     ucd: time.epoch
# - 
#   name: frequency
#   datatype: float64
#   unit: d**-1
#   description: Frequency of geometric model of the eclipsing binary light curve
#   meta:
#     ucd: src.orbital
# - 
#   name: frequency_error
#   datatype: float32
#   unit: d**-1
#   description: "Uncertainty of \\texttt{frequency}"
#   meta:
#     ucd: stat.error
# - 
#   name: geom_model_reference_level
#   datatype: float32
#   unit: mag
#   description: Magnitude reference level of geometric model
#   meta:
#     ucd: phot.mag;em.opt
# - 
#   name: geom_model_reference_level_error
#   datatype: float32
#   unit: mag
#   description: "Uncertainty of \\texttt{geomModelReferenceLevel}"
#   meta:
#     ucd: stat.error;phot.mag;em.opt
# - 
#   name: geom_model_gaussian1_phase
#   datatype: float32
#   description: Phase of the Gaussian 1 component
#   meta:
#     ucd: time.phase
# - 
#   name: geom_model_gaussian1_phase_error
#   datatype: float32
#   description: "Uncertainty of \\texttt{geomModelGaussian1Phase}"
#   meta:
#     ucd: stat.error;time.phase
# - 
#   name: geom_model_gaussian1_sigma
#   datatype: float32
#   description: "Standard deviation [phase] of Gaussian 1 component"
#   meta:
#     ucd: stat.stdev
# - 
#   name: geom_model_gaussian1_sigma_error
#   datatype: float32
#   description: "Uncertainty of \\texttt{geomModelGaussian1Sigma}"
#   meta:
#     ucd: stat.error
# - 
#   name: geom_model_gaussian1_depth
#   datatype: float32
#   unit: mag
#   description: Magnitude depth of Gaussian 1 component
#   meta:
#     ucd: src.var.amplitude
# - 
#   name: geom_model_gaussian1_depth_error
#   datatype: float32
#   unit: mag
#   description: "Uncertainty of \\texttt{geomModelGaussian1Depth}"
#   meta:
#     ucd: stat.error;src.var.amplitude
# - 
#   name: geom_model_gaussian2_phase
#   datatype: float32
#   description: Phase of Gaussian 2 component
#   meta:
#     ucd: time.phase
# - 
#   name: geom_model_gaussian2_phase_error
#   datatype: float32
#   description: "Uncertainty of \\texttt{geomModelGaussian2Phase}"
#   meta:
#     ucd: stat.error;time.phase
# - 
#   name: geom_model_gaussian2_sigma
#   datatype: float32
[...]
#   datatype: float32
#   description: "Secondary eclipse: uncertainty of \\texttt{derivedSecondaryEclDuration}"
#   meta:
#     ucd: stat.error;time.duration
# - 
#   name: derived_secondary_ecl_depth
#   datatype: float32
#   unit: mag
#   description: "Secondary eclipse: depth"
#   meta:
#     ucd: src.var.amplitude
# - 
#   name: derived_secondary_ecl_depth_error
#   datatype: float32
#   unit: mag
#   description: "Secondary eclipse: uncertainty of \\texttt{derivedSecondaryEclDepth}"
#   meta:
#     ucd: stat.error;src.var.amplitude
solution_id,source_id,global_ranking,reference_time,frequency,frequency_error,geom_model_reference_level,geom_model_reference_level_error,geom_model_gaussian1_phase,geom_model_gaussian1_phase_error,geom_model_gaussian1_sigma,geom_model_gaussian1_sigma_error,geom_model_gaussian1_depth,geom_model_gaussian1_depth_error,geom_model_gaussian2_phase,geom_model_gaussian2_phase_error,geom_model_gaussian2_sigma,geom_model_gaussian2_sigma_error,geom_model_gaussian2_depth,geom_model_gaussian2_depth_error,geom_model_cosine_half_period_amplitude,geom_model_cosine_half_period_amplitude_error,geom_model_cosine_half_period_phase,geom_model_cosine_half_period_phase_error,model_type,num_model_parameters,reduced_chi2,derived_primary_ecl_phase,derived_primary_ecl_phase_error,derived_primary_ecl_duration,derived_primary_ecl_duration_error,derived_primary_ecl_depth,derived_primary_ecl_depth_error,derived_secondary_ecl_phase,derived_secondary_ecl_phase_error,derived_secondary_ecl_duration,derived_secondary_ecl_duration_error,derived_secondary_ecl_depth,derived_secondary_ecl_depth_error
[from data line 147]
375316653866487564,5984328223014390400,0.5630844,2126.1136760348663,2.696835240226094,1.547375E-5,19.087805,0.010188877,0.24062844,0.004553054,0.07421783,0.0049682213,0.38726667,0.011161194,0.7399857,0.0025193759,0.064717695,0.0043103094,0.35980538,0.016806994,null,null,null,null,"TWOGAUSSIANS",8,1.985822,0.24062844,0.004553054,0.4,0.0,0.38613543,0.010810825,0.7399857,0.0025193759,0.3624191,0.024137732,0.3586741,0.016829975
375316653866487564,5984329842242625920,0.51577586,2144.837801799441,1.3318870459268535,1.3115795E-5,10.598327,0.063398704,0.26178503,0.002053708,0.18086255,0.012853477,0.66383684,0.08626239,0.76216316,0.0023615533,0.23898393,0.025994955,0.81449515,0.06530149,null,null,null,null,"TWOGAUSSIANS",8,46.773376,0.261355,0.0018715796,0.4,0.0,0.114549845,0.0024007254,0.7624331,0.0026698438,0.4,0.0,0.111977644,0.004594556
375316653866487564,5984330112804380672,0.4688536,2078.3251253939984,2.524165590726537,3.2587373E-5,19.135382,0.023413595,0.17596555,0.0065604085,0.07031912,0.012749041,0.26823598,0.027376352,0.6793122,0.0089376075,0.09105626,0.01101529,0.24988833,0.030047992,null,null,null,null,"TWOGAUSSIANS",8,6.763802,0.17596555,0.0065604085,0.39378712,0.04266083,0.26429698,0.026254034,0.6793122,0.0089376075,0.4,0.0,0.24594916,0.027335359
375316653866487564,5984331006153230976,0.5812638,2100.9998141294973,0.8643593773563655,3.910687E-6,19.045174,0.0040713814,0.23754862,0.0074719563,0.035717275,0.005760517,0.08725406,0.012081229,0.73776543,0.0015242998,0.03377056,7.7599107E-4,0.5167045,0.008199972,null,null,null,null,"TWOGAUSSIANS",8,1.6625612,0.73776543,0.0015242998,0.18911514,0.0043455497,0.5167045,0.008199972,0.23754862,0.0074719563,0.20001674,0.032258898,0.08725406,0.012081229
375316653866487564,5984331079168178816,0.4985129,2115.0581008321597,3.576663151343488,1.2286874E-5,19.727098,0.030348735,0.1553924,0.0033785645,0.09346963,0.009271212,0.39036486,0.031342566,0.6573826,0.005382064,0.08944687,0.0129644815,0.44206822,0.053346362,null,null,null,null,"TWOGAUSSIANS",8,1.9958041,0.6573826,0.005382064,0.4,0.0,0.4228762,0.05898028,0.1553924,0.0033785645,0.4,0.0,0.37117252,0.0258138
375316653866487564,5984331697643537024,0.5470062,2135.6592089417068,4.994737688213842,1.4114149E-5,18.782751,0.012985198,0.94544494,0.008079868,0.016579883,0.005434123,0.032868452,0.0145593695,0.5211074,0.002765767,0.15324059,0.0060888785,0.44463205,0.013776533,null,null,null,null,"TWOGAUSSIANS",8,3.1315417,0.5211074,0.002765767,0.4,0.0,0.44029343,0.013230734,0.944035,0.007687189,0.09284735,0.030431088,0.038644064,0.015082558
375316653866487564,5984332350503593728,0.6424435,2134.7399859550505,1.427127298119539,6.7731876E-6,17.642372,0.0045816614,0.25853023,8.839725E-4,0.043977905,0.001763774,0.5967358,0.013953523,0.7659944,0.013240432,0.04142396,0.010822938,0.103877194,0.018305836,0.053040687,0.0062345713,0.25853023,8.839725E-4,"TWOGAUSSIANS_WITH_ELLIPSOIDAL_ON_ECLIPSE1",9,2.776526,0.25853023,8.839725E-4,0.24627627,0.009877134,0.7028171,0.015791494,0.7659944,0.013240432,0.23197418,0.06060845,0.20972535,0.01502166
375316653866487564,5984332900234367744,0.52488494,2105.5575303703404,2.2971171166305133,1.58912E-5,19.5987,0.014280855,0.2759672,0.0035801297,0.07349639,0.007362193,0.36991012,0.016941896,0.7765649,0.002863017,0.07508212,0.0041523306,0.32963467,0.014091389,null,null,null,null,"TWOGAUSSIANS",8,1.493262,0.2759672,0.0035801297,0.4,0.006286472,0.36751837,0.01691428,0.7765649,0.002863017,0.4,0.0,0.3272429,0.012846277
375316653866487564,5984336263197643136,0.5818802,2100.4622644686433,1.5261042565245715,2.0347798E-5,19.394741,0.0073005212,0.25810865,0.010640735,0.06703538,0.009925,0.30107886,0.04121892,0.76411605,0.0021017864,0.057884645,0.0021845445,0.81960243,0.02976119,null,null,null,null,"TWOGAUSSIANS",8,2.3284988,0.76411605,0.0021017864,0.32415402,0.012233449,0.8193438,0.02978031,0.25810865,0.010640735,0.3753981,0.05558,0.30082026,0.041261673
375316653866487564,5984336778589228800,0.45725003,2113.7180299619026,0.23527507910577838,1.3425363E-4,18.817387,0.0055816364,0.1173835,0.0062533654,0.027795931,0.004948112,0.2748614,0.04721649,0.63486284,0.012644887,0.042516567,0.011582724,0.09185104,0.02727835,null,null,null,null,"TWOGAUSSIANS",8,5.6716757,0.1173835,0.0062533654,0.15565722,0.02770943,0.2748614,0.04721649,0.63486284,0.012644887,0.23809278,0.06486326,0.09185104,0.02727835
375316653866487564,5984337019106551296,0.5233962,2125.342818448961,1.2429262387963216,1.1706508E-5,18.3486,0.037491,0.15384002,0.005563309,0.11848091,0.018299889,0.19524631,0.03598864,0.6291564,0.003463581,0.12043592,0.012661141,0.287478,0.034443118,null,null,null,null,"TWOGAUSSIANS",8,2.5139647,0.6291564,0.003463581,0.4,0.0,0.24517772,0.008986472,0.15407002,0.005518028,0.4,0.0,0.1530141,0.00762323
375316653866487564,5984337775026121600,0.50246125,2103.834819956162,3.465793156399096,1.5458061E-5,18.773289,0.013458549,0.28726596,0.017460452,0.08014633,0.02754476,0.19140728,0.029051177,0.76324314,0.0045075133,0.08538057,0.006422122,0.18872935,0.01446617,null,null,null,null,"TWOGAUSSIANS",8,2.8850226,0.28726596,0.017460452,0.4,0.0,0.1888761,0.033788905,0.76324314,0.0045075133,0.4,0.0,0.18619813,0.010497811
375316653866487564,5984339016272482432,0.43667173,2108.852407962146,2.7282872984750886,9.731177E-5,19.74099,0.07623983,0.24539283,0.012596344,0.109515116,0.045198366,0.25869843,0.05417245,0.7537955,0.018112954,0.10105367,0.023061046,0.28427663,0.08206696,null,null,null,null,"TWOGAUSSIANS",8,4.2118707,0.75380546,0.018110348,0.4,0.0,0.254988,0.040152237,0.24539283,0.01260566,0.4,0.0,0.22939648,0.036384318
375316653866487564,5984339149410314624,0.5163824,2131.8306962053057,3.645341892800635,2.0414072E-5,17.370625,0.021009985,0.24340571,0.0053807655,0.03944593,0.007730035,0.21021995,0.061723832,0.75753254,0.0067464006,0.05443015,0.018221166,0.17219958,0.047752053,0.091350466,0.028453609,0.75753254,0.0067464006,"TWOGAUSSIANS_WITH_ELLIPSOIDAL_ON_ECLIPSE2",9,43.95855,0.24476571,0.004871929,0.2208972,0.043288197,0.39161837,0.03609824,0.75753254,0.0067464006,0.30480883,0.102038525,0.35489598,0.018969432
375316653866487564,5984339252494846464,0.5104526,2106.411825788792,2.445853091336476,2.132648E-5,19.620453,0.013684466,0.21043278,0.006918243,0.07942487,0.007679282,0.3317323,0.020709528,0.69908494,0.0040269885,0.08026985,0.004228295,0.4402061,0.01630335,null,null,null,null,"TWOGAUSSIANS",8,2.5409684,0.69908494,0.0040269885,0.4,0.0,0.4356696,0.014595808,0.21043278,0.006918243,0.4,0.0,0.3271958,0.020333348
375316653866487564,5984339428610287360,0.6249622,2138.044229954759,2.292669404258497,5.9082354E-6,16.664196,0.014946469,0.2720251,0.001202916,0.060467318,0.0055292,0.23072904,0.02961744,0.7741032,0.00239866,0.060884796,0.005873317,0.23722485,0.030287627,0.06915451,0.016775358,0.2720251,0.001202916,"TWOGAUSSIANS_WITH_ELLIPSOIDAL_ON_ECLIPSE1",9,6.947866,0.7741032,0.00239866,0.34095484,0.032890573,0.37541914,0.005784245,0.2720251,0.001202916,0.338617,0.030963521,0.3689469,0.011271812
375316653866487564,5984340833043040384,0.55806965,2119.2097309892547,3.2301505701537025,1.536076E-5,19.286497,0.013404472,0.28032172,0.0038522885,0.06697754,0.0038930774,0.6693849,0.05172604,0.7866,0.0044498653,0.06917906,0.008990036,0.54093856,0.03796542,null,null,null,null,"TWOGAUSSIANS",8,5.917703,0.28032172,0.0038522885,0.3750742,0.021801233,0.6681906,0.05187445,0.7866,0.0044498653,0.3874027,0.049266182,0.53974426,0.038567178
375316653866487564,5984342688465514112,0.49661797,2140.1279692048815,2.9697625215266674,2.0321117E-5,18.33397,0.010795615,0.2682351,0.007140431,0.09285464,0.0118950745,0.1386167,0.011991901,0.73213845,0.00443226,0.0946524,0.007891579,0.14887919,0.01129131,null,null,null,null,"TWOGAUSSIANS",8,2.7602959,0.73213845,0.00443226,0.4,0.0,0.14405528,0.008499128,0.2682351,0.0071399063,0.4,0.0,0.13379318,0.010617136
375316653866487564,5984343203865017472,0.5259648,2089.13204765779,2.1232391351000177,1.031463E-5,19.354668,0.010206278,0.23191461,0.0018393213,0.07387467,0.0034640147,0.48531586,0.016920244,0.7383374,0.0034056376,0.07883995,0.008129027,0.42263606,0.037411813,null,null,null,null,"TWOGAUSSIANS",8,3.1748233,0.23191461,0.0018393213,0.4,0.0,0.48162034,0.017031236,0.7383374,0.0034056376,0.4,0.0,0.4189405,0.039102223
375316653866487564,5984344273336872192,0.52998376,2172.7436601929744,0.33471626243966424,8.506924E-6,17.90992,0.0028147204,0.25629765,0.0013455492,0.027582927,0.0027014322,0.121258095,0.009378302,0.77122396,0.012568506,0.055326223,0.011056593,0.25080702,0.03384729,0.02040098,0.0045301304,0.25629765,0.0013455492,"TWOGAUSSIANS_WITH_ELLIPSOIDAL_ON_ECLIPSE1",9,2.6508946,0.77122396,0.012568506,0.30982685,0.06191692,0.2912484,0.032966916,0.25629765,0.0013455492,0.15446438,0.015128021,0.16205731,0.01086278
375316653866487564,5984344307672564352,0.5541235,2074.7655760985917,0.5208474904246146,1.1010077E-5,19.74366,0.006801253,0.3342181,9.572826E-4,0.028163033,8.4804604E-4,0.6829689,0.017733326,0.80941206,0.037530404,0.04751858,0.033975877,0.06994479,0.0461516,null,null,null,null,"TWOGAUSSIANS",8,2.0509403,0.3342181,9.572826E-4,0.15771298,0.004749058,0.6829689,0.017733326,0.80941206,0.037530404,0.26610407,0.19026491,0.06994479,0.0461516
375316653866487564,5984344646967704192,0.6336543,2146.5356494672315,1.011093289034864,3.4112154E-6,17.618202,0.006082882,0.27953076,0.002668429,0.061509565,0.008365345,0.053295426,0.01469487,0.7762707,8.334571E-4,0.05355688,0.0018783399,0.45900187,0.01215328,0.04878552,0.0075618187,0.27953076,0.002668429,"TWOGAUSSIANS_WITH_ELLIPSOIDAL_ON_ECLIPSE1",9,1.9689765,0.77642065,7.583914E-4,0.29991853,0.010518704,0.5565129,0.0098220855,0.27953076,0.002668429,0.34445354,0.046845935,0.15084547,0.0035602618
375316653866487564,5984346747235158528,0.54371303,2084.778644449039,2.4309671142200067,1.4224975E-5,19.274418,0.021195916,0.1856162,0.002832961,0.073804595,0.006510929,0.49558747,0.019215902,0.6942098,0.007966058,0.07253667,0.010448473,0.4277163,0.035801336,null,null,null,null,"TWOGAUSSIANS",8,3.4399462,0.1856162,0.002832961,0.4,0.012440354,0.49339175,0.017827565,0.6942098,0.007966058,0.4,0.023785483,0.4255206,0.036493633
375316653866487564,5984347567548322944,0.49929777,2098.025043580306,3.3953118469772225,2.5420755E-5,19.342848,0.02566721,0.31918275,0.006384389,0.08966387,0.013228569,0.2877752,0.023868285,0.81300515,0.0050982,0.0945409,0.01418739,0.24254982,0.02215841,null,null,null,null,"TWOGAUSSIANS",8,2.1040957,0.31918275,0.006384389,0.4,0.0,0.2757042,0.02275958,0.81300515,0.0050982,0.4,0.0,0.23047854,0.013422758
375316653866487564,5984349526054790528,0.5703381,2110.705489473214,1.9333350569474648,8.714863E-6,18.917376,0.019735841,0.28256828,0.0063447184,0.043283883,0.0043724747,0.17880985,0.04740341,0.7765995,0.002460027,0.050328597,0.003627808,0.6266,0.04168663,0.08808912,0.024350187,0.28256828,0.0063447184,"TWOGAUSSIANS_WITH_ELLIPSOIDAL_ON_ECLIPSE1",9,3.8647358,0.7769195,0.0021733162,0.28184015,0.020315725,0.80254084,0.019634845,0.28256828,0.0063447184,0.24238975,0.024485858,0.35498512,0.019156147
375316653866487564,5984350385050800768,0.44456324,2070.056487241977,0.8246893687287482,1.3159758E-4,19.687243,0.0064411373,0.3249897,0.004943283,0.034659784,0.01032907,0.18766658,0.028817466,0.82701945,0.007183982,0.052934308,0.008674977,0.21537618,0.03753003,null,null,null,null,"TWOGAUSSIANS",8,2.5978057,0.82701945,0.007183982,0.2964321,0.04857987,0.21537615,0.037530098,0.3249897,0.004943283,0.19409478,0.057842787,0.18766655,0.02881762
375316653866487564,5984350698584519936,0.5464303,2152.18533109801,1.508827791368526,1.0824035E-5,18.933384,0.0067620706,0.24177197,0.0026119603,0.026846452,0.005239633,0.20559123,0.019752122,0.743878,0.0021760792,0.040356036,0.0034565818,0.72914183,0.14608747,0.053162027,0.0096622035,0.24177197,0.0026119603,"TWOGAUSSIANS_WITH_ELLIPSOIDAL_ON_ECLIPSE1",9,2.4609833,0.743878,0.0021760792,0.2259938,0.019356858,0.835447,0.1499877,0.24177197,0.0026119603,0.15034012,0.029341945,0.31191507,0.025935033
375316653866487564,5984350973462459520,0.46332905,2102.560255300228,2.3620011998928727,3.020261E-5,19.490702,0.08978531,0.22185676,0.004613629,0.08686461,0.027395638,0.18543807,0.08069548,0.74899435,0.011025934,0.11087106,0.054243855,0.12614253,0.08800438,null,null,null,null,"TWOGAUSSIANS",8,1.3350427,0.22183676,0.0040128506,0.4,0.0,0.17702928,0.018749733,0.74899435,0.01099724,0.4,0.0,0.11771811,0.022330564
375316653866487564,5984351798116220032,0.56128377,2160.801004882324,0.7157861014219,1.5982858E-5,17.7356,0.0032162475,0.26747438,0.0027314306,0.02605594,0.0018000145,0.33133984,0.028736502,0.7691251,0.0101620415,0.031823684,0.0071505164,0.028622499,0.009562677,0.02632989,0.0044343034,0.26747438,0.0027314306,"TWOGAUSSIANS_WITH_ELLIPSOIDAL_ON_ECLIPSE1",9,2.998357,0.26747438,0.0027314306,0.14591326,0.010080081,0.38399962,0.02820143,0.7691251,0.009553482,0.17821263,0.040042892,0.08127661,0.0056975237
375316653866487564,5984352034312409344,0.49383786,2120.2993063367708,2.085227010768877,1.3374805E-5,18.099133,0.10184192,0.28138012,0.008887005,0.12516503,0.045429856,0.16364373,0.09625244,0.7756476,0.0037850735,0.12334145,0.03513754,0.17319667,0.09727552,null,null,null,null,"TWOGAUSSIANS",8,2.4419556,0.7756476,0.0037850735,0.4,0.0,0.13087432,0.0075598974,0.28143013,0.008835993,0.4,0.0,0.12130263,0.008681598
375316653866487564,5984352794552026240,0.48522073,2134.242591215643,1.293589746163303,1.863791E-5,19.839106,0.009674436,0.29699016,0.011212897,0.048706945,0.0065870183,0.47729164,0.10598823,0.8010108,0.008827897,0.048974488,0.0077766934,0.20785828,0.02080118,null,null,null,null,"TWOGAUSSIANS",8,1.9491173,0.29699016,0.011212897,0.2727589,0.036887303,0.4772906,0.105988085,0.8010108,0.008827897,0.27425712,0.04354948,0.20785724,0.020800719
375316653866487564,5984353825340844928,0.45796153,2159.637415493713,1.4999742649188736,6.004065E-5,17.68463,0.0020286532,0.20339173,0.0061304094,0.016568465,0.004682673,0.023225695,0.01117279,0.51421416,0.016486451,0.02007436,0.006301379,0.13250688,0.073089845,null,null,null,null,"TWOGAUSSIANS",8,3.4583814,0.51421416,0.016486451,0.112416424,0.035287723,0.13250688,0.073089845,0.20339173,0.0061304094,0.0927834,0.02622297,0.023225695,0.01117279
375316653866487564,5984356672889319168,0.4889835,2112.977005954703,2.322342859458106,2.5518815E-5,19.409832,0.005579691,0.2936338,0.0039805006,0.05531475,0.01885849,0.008472022,0.01381428,null,null,null,null,null,null,0.12026564,0.008349072,0.2936338,0.0039805006,"ONEGAUSSIAN_WITH_ELLIPSOIDAL",6,3.1462119,0.2936338,0.0039805006,0.3097626,0.10560755,0.2490029,0.010243294,null,null,null,null,null,null
375316653866487564,5984357845410576000,0.48036495,2120.761133703464,2.741151289188208,2.3730021E-5,19.494423,0.058351267,0.267358,0.00955974,0.105782524,0.03345895,0.24553281,0.04836477,0.77647346,0.007836526,0.094507925,0.028375426,0.22917472,0.047336325,null,null,null,null,"TWOGAUSSIANS",8,2.1872241,0.267358,0.009554679,0.4,0.0,0.22677094,0.02802037,0.77647346,0.007950481,0.4,0.0,0.21041988,0.01097618
375316653866487564,5984359352938882560,0.57205844,2184.0689259580467,1.3721965601414337,1.075554E-5,17.95368,0.0064900676,0.30105066,0.003408698,0.05672614,0.0056690457,0.5195162,0.032392062,0.7998738,0.009123822,0.06375165,0.005851221,0.120221324,0.015662886,null,null,null,null,"TWOGAUSSIANS",8,6.5746455,0.30105066,0.003408698,0.31766638,0.031746656,0.5194343,0.032473657,0.7998738,0.009123822,0.35700926,0.032766838,0.12013936,0.015623638
