Gaia/vari_eclipsing_binary/VariEclipsingBinary_647187-647310.csv
# %ECSV 1.0
# ---
# delimiter: ','
# meta: !!omap
# - RELEASE: Gaia DR3
# - TABLE: vari_eclipsing_binary
# - DESCRIPTION: >
#     This table describes the properties of the eclipsing binaries resulting from the variability analysis. 
# - CITATION: >
#     How to cite and acknowledge Gaia: 
#     https://gea.esac.esa.int/archive/documentation/credits.html 
# - KNOWN_ISSUES: >
#     Known issues: 
#     https://www.cosmos.esa.int/web/gaia-users/known-issues 
# - DOCUMENTATION: >
#     Tutorials and documentation: 
#     https://www.cosmos.esa.int/web/gaia-users/archive 
# datatype:
# - 
#   name: solution_id
#   datatype: int64
#   description: Solution Identifier
#   meta:
#     ucd: meta.version
# - 
#   name: source_id
#   datatype: int64
#   description: Unique source identifier
#   meta:
#     ucd: meta.id;meta.main
# - 
#   name: global_ranking
#   datatype: float32
#   description: Number between 0 (worst) and 1 (best)
#   meta:
#     ucd: stat.param
# - 
#   name: reference_time
#   datatype: float64
#   unit: d
#   description: Reference time used for the geometric model fit
#   meta:
#     ucd: time.epoch
# - 
#   name: frequency
#   datatype: float64
#   unit: d**-1
#   description: Frequency of geometric model of the eclipsing binary light curve
#   meta:
#     ucd: src.orbital
# - 
#   name: frequency_error
#   datatype: float32
#   unit: d**-1
#   description: "Uncertainty of \\texttt{frequency}"
#   meta:
#     ucd: stat.error
# - 
#   name: geom_model_reference_level
#   datatype: float32
#   unit: mag
#   description: Magnitude reference level of geometric model
#   meta:
#     ucd: phot.mag;em.opt
# - 
#   name: geom_model_reference_level_error
#   datatype: float32
#   unit: mag
#   description: "Uncertainty of \\texttt{geomModelReferenceLevel}"
#   meta:
#     ucd: stat.error;phot.mag;em.opt
# - 
#   name: geom_model_gaussian1_phase
#   datatype: float32
#   description: Phase of the Gaussian 1 component
#   meta:
#     ucd: time.phase
# - 
#   name: geom_model_gaussian1_phase_error
#   datatype: float32
#   description: "Uncertainty of \\texttt{geomModelGaussian1Phase}"
#   meta:
#     ucd: stat.error;time.phase
# - 
#   name: geom_model_gaussian1_sigma
#   datatype: float32
#   description: "Standard deviation [phase] of Gaussian 1 component"
#   meta:
#     ucd: stat.stdev
# - 
#   name: geom_model_gaussian1_sigma_error
#   datatype: float32
#   description: "Uncertainty of \\texttt{geomModelGaussian1Sigma}"
#   meta:
#     ucd: stat.error
# - 
#   name: geom_model_gaussian1_depth
#   datatype: float32
#   unit: mag
#   description: Magnitude depth of Gaussian 1 component
#   meta:
#     ucd: src.var.amplitude
# - 
#   name: geom_model_gaussian1_depth_error
#   datatype: float32
#   unit: mag
#   description: "Uncertainty of \\texttt{geomModelGaussian1Depth}"
#   meta:
#     ucd: stat.error;src.var.amplitude
# - 
#   name: geom_model_gaussian2_phase
#   datatype: float32
#   description: Phase of Gaussian 2 component
#   meta:
#     ucd: time.phase
# - 
#   name: geom_model_gaussian2_phase_error
#   datatype: float32
#   description: "Uncertainty of \\texttt{geomModelGaussian2Phase}"
#   meta:
#     ucd: stat.error;time.phase
# - 
#   name: geom_model_gaussian2_sigma
#   datatype: float32
[...]
#   datatype: float32
#   description: "Secondary eclipse: uncertainty of \\texttt{derivedSecondaryEclDuration}"
#   meta:
#     ucd: stat.error;time.duration
# - 
#   name: derived_secondary_ecl_depth
#   datatype: float32
#   unit: mag
#   description: "Secondary eclipse: depth"
#   meta:
#     ucd: src.var.amplitude
# - 
#   name: derived_secondary_ecl_depth_error
#   datatype: float32
#   unit: mag
#   description: "Secondary eclipse: uncertainty of \\texttt{derivedSecondaryEclDepth}"
#   meta:
#     ucd: stat.error;src.var.amplitude
solution_id,source_id,global_ranking,reference_time,frequency,frequency_error,geom_model_reference_level,geom_model_reference_level_error,geom_model_gaussian1_phase,geom_model_gaussian1_phase_error,geom_model_gaussian1_sigma,geom_model_gaussian1_sigma_error,geom_model_gaussian1_depth,geom_model_gaussian1_depth_error,geom_model_gaussian2_phase,geom_model_gaussian2_phase_error,geom_model_gaussian2_sigma,geom_model_gaussian2_sigma_error,geom_model_gaussian2_depth,geom_model_gaussian2_depth_error,geom_model_cosine_half_period_amplitude,geom_model_cosine_half_period_amplitude_error,geom_model_cosine_half_period_phase,geom_model_cosine_half_period_phase_error,model_type,num_model_parameters,reduced_chi2,derived_primary_ecl_phase,derived_primary_ecl_phase_error,derived_primary_ecl_duration,derived_primary_ecl_duration_error,derived_primary_ecl_depth,derived_primary_ecl_depth_error,derived_secondary_ecl_phase,derived_secondary_ecl_phase_error,derived_secondary_ecl_duration,derived_secondary_ecl_duration_error,derived_secondary_ecl_depth,derived_secondary_ecl_depth_error
[from data line 356]
375316653866487564,5693094569518889472,0.4845203,2196.4162033898856,0.03175594284653048,3.404116E-5,18.277493,0.043229926,0.38531932,0.015683077,0.18482304,0.050909203,0.17011347,0.04276687,0.82738435,0.006875634,0.01817856,0.013828632,0.050367042,0.033101253,null,null,null,null,"TWOGAUSSIANS",8,3.3939352,0.38531932,0.015683077,0.4,0.0,0.16123055,0.011198827,0.82738435,0.006875634,0.101799935,0.07744034,0.053008147,0.03443521
375316653866487564,5693095600311343360,0.62531674,2225.782397136368,3.7172948111718718,2.9276491E-6,17.639887,0.0047897734,0.23748131,9.40523E-4,0.041786898,0.002194047,0.33991,0.010597537,0.7351333,0.0018741491,0.044435225,0.0026232065,0.2804366,0.015982596,0.13161375,0.006173696,0.23748131,9.40523E-4,"TWOGAUSSIANS_WITH_ELLIPSOIDAL_ON_ECLIPSE1",9,6.2624884,0.23748131,9.40523E-4,0.23400663,0.012286663,0.60313743,0.006825552,0.7354333,0.001607465,0.24883726,0.014689956,0.5436141,0.016165236
375316653866487564,5693096012628463616,0.5481597,2193.3298671540383,3.4917049968710248,8.126237E-6,19.091822,0.0072597745,0.24261874,0.001967589,0.042182695,0.0043184375,0.17393732,0.019971054,0.7425418,0.005834417,0.055352893,0.0063972864,0.21586378,0.02689858,0.10919129,0.010265195,0.24261874,0.001967589,"TWOGAUSSIANS_WITH_ELLIPSOIDAL_ON_ECLIPSE1",9,2.5603771,0.74256176,0.00500875,0.3099762,0.0358248,0.43423817,0.024735007,0.24261874,0.001967589,0.2362231,0.024183251,0.39231178,0.0145702
375316653866487564,5693096321865794560,0.6321843,2192.6720163937403,1.0704973391489936,2.423731E-6,16.701307,0.0015616274,0.3125292,5.3116307E-4,0.028589498,7.7527063E-4,0.65170616,0.022974377,0.81223965,5.7499664E-4,0.03157476,6.2002585E-4,0.38244954,0.010935455,0.011513781,0.0046573547,0.3125292,5.3116307E-4,"TWOGAUSSIANS_WITH_ELLIPSOIDAL_ON_ECLIPSE1",9,7.7661057,0.3125292,5.3116307E-4,0.16010119,0.0043415157,0.6747337,0.025389075,0.81223965,5.7499664E-4,0.17681867,0.0034721447,0.40547702,0.01092492
375316653866487564,5693096695512976128,0.58285064,2207.357418106562,2.850697223369659,5.1374914E-6,12.549796,0.019437144,0.20190322,0.002426161,0.0543928,0.0058544963,0.37706754,0.039396826,0.69685155,0.0029523692,0.060392037,0.0042551383,0.54982346,0.04121956,0.077555016,0.022170078,0.20190322,0.002426161,"TWOGAUSSIANS_WITH_ELLIPSOIDAL_ON_ECLIPSE1",9,936.8487,0.69723153,0.002715406,0.3381954,0.023828777,0.7047058,0.024279134,0.20190322,0.002426161,0.30459967,0.032785177,0.53209436,0.018087095
375316653866487564,5693098280370769664,0.50530267,2231.160371474366,3.1520108396736672,1.0975454E-5,17.93326,0.013984681,0.26635382,0.0048653767,0.09949961,0.009155163,0.1761429,0.013981542,0.7706219,0.0041559,0.102771774,0.012472123,0.16739295,0.0116545465,null,null,null,null,"TWOGAUSSIANS",8,5.1317673,0.26635382,0.004864769,0.4,0.0,0.16080225,0.007599971,0.7706219,0.0041559,0.4,0.0,0.152051,0.008265188
375316653866487564,5693099826559165696,0.58352196,2179.429149086048,2.980996576163388,6.435034E-6,18.189375,0.009014062,0.2641841,0.0015847471,0.052727304,0.0029561007,0.34330192,0.022149665,0.7634655,0.0033501773,0.051023446,0.004857498,0.28941613,0.02065058,0.096200764,0.012206711,0.2641841,0.0015847471,"TWOGAUSSIANS_WITH_ELLIPSOIDAL_ON_ECLIPSE1",9,6.309659,0.2641841,0.0015847471,0.2952729,0.016554164,0.5356971,0.011829971,0.7635555,0.0029855967,0.2857313,0.027201992,0.4818079,0.013146209
375316653866487564,5693100337653333376,0.45851362,2209.5868229068165,1.5625512897015952,2.1241642E-5,18.619535,0.006075219,0.25119492,0.012357747,0.045684326,0.011584097,0.10349708,0.027693745,0.7632742,0.00391279,0.030277265,0.003900089,0.33876818,0.02020067,null,null,null,null,"TWOGAUSSIANS",8,14.77492,0.7632742,0.00391279,0.16955268,0.0218405,0.33876818,0.02020067,0.25119492,0.012357747,0.25583223,0.06487094,0.10349708,0.027693745
375316653866487564,5693100376314932096,0.58287275,2207.295777065597,2.82724884290747,7.776034E-6,16.201172,0.0058610933,0.25167677,0.0026227583,0.08390299,0.0032732307,0.3874993,0.011791584,0.75779897,0.002927389,0.09216215,0.0030399514,0.36180788,0.008599279,null,null,null,null,"TWOGAUSSIANS",8,41.500324,0.25167677,0.0026227583,0.4,0.0,0.37551448,0.011969805,0.75779897,0.002927389,0.4,0.0,0.3498228,0.007722907
375316653866487564,5693101441461426816,0.55706984,2213.1773715418235,0.2670048490307476,2.292493E-6,17.83075,8.9604396E-4,0.14626834,0.002134297,0.0032950134,8.4102043E-4,0.4410091,0.18681727,0.7779384,0.034867086,0.019636048,0.005865292,0.012178721,0.049055394,null,null,null,null,"TWOGAUSSIANS",8,1.2126274,0.14626834,0.002134297,0.018452076,0.0047097146,0.4410091,0.18681727,0.7779384,0.034867086,0.10996187,0.03284564,0.012178721,0.049055394
375316653866487564,5693101647625276288,0.43030635,2208.5149297297726,0.8375313871057007,3.003638E-5,18.772635,0.0092507,0.28577593,0.0027506105,0.021740261,0.002949654,0.3211445,0.03893343,0.772518,0.027669238,0.019940278,0.0240166,0.12604314,0.06487609,0.035743374,0.022102574,0.28577593,0.0027506105,"TWOGAUSSIANS_WITH_ELLIPSOIDAL_ON_ECLIPSE1",9,15.223006,0.28577593,0.0027506105,0.12174547,0.016518062,0.39263108,0.041014623,0.772748,0.027338848,0.111665554,0.13449295,0.19704342,0.07781461
375316653866487564,5693103120784777216,0.42685,2257.3886866988996,0.688127257404208,7.283143E-5,19.041584,0.143272,0.26476607,0.01337055,0.13875833,0.06405864,0.15891925,0.14053862,0.72793055,0.025687994,0.09195621,0.05867884,0.111144274,0.12469299,null,null,null,null,"TWOGAUSSIANS",8,5.2724843,0.26476607,0.013141534,0.4,0.0,0.14090402,0.019633567,0.72793055,0.025687994,0.4,0.0,0.09382306,0.024714133
375316653866487564,5693103503051078272,0.577892,2220.4312373756475,2.883183249134557,8.108648E-6,13.256653,0.009974491,0.2656441,0.006996689,0.05923064,0.008420693,0.18566844,0.022870153,0.77610993,0.0016272634,0.045439065,0.007092448,0.11878517,0.02032275,0.089340284,0.011458742,0.77610993,0.0016272634,"TWOGAUSSIANS_WITH_ELLIPSOIDAL_ON_ECLIPSE2",9,338.28244,0.2678441,0.005941826,0.3316916,0.04715588,0.36372682,0.012963529,0.77610993,0.0016272634,0.25445876,0.039717708,0.2974531,0.008487257
375316653866487564,5693103979778323456,0.4881115,2225.580131377947,0.6079294701797354,6.168485E-5,16.961632,0.0012511122,0.3931357,0.014502134,0.027913632,0.0062224083,0.2983653,0.11637621,0.64968646,0.02739582,0.05805235,0.027677387,0.013306225,0.0029308603,null,null,null,null,"TWOGAUSSIANS",8,3.3055685,0.3931357,0.014502134,0.15631634,0.034845486,0.29836607,0.11637633,0.64968646,0.02739582,0.32509315,0.14548357,0.013306225,0.0029308603
375316653866487564,5693104155886014464,0.55885375,2207.099209005799,0.776408800230074,7.944247E-6,16.401052,0.0013622683,0.24316339,0.0020542904,0.025182318,0.0024365138,0.02914234,0.0037021055,0.74729484,7.723331E-4,0.02307607,0.0011711796,0.12837999,0.0027507984,0.016315116,0.0018435078,0.24316339,0.0020542904,"TWOGAUSSIANS_WITH_ELLIPSOIDAL_ON_ECLIPSE1",9,2.1684957,0.74729484,7.723331E-4,0.12922598,0.006558606,0.1609882,0.002017441,0.24316339,0.0020542904,0.14102098,0.013644476,0.061772533,0.0019829632
375316653866487564,5693105525966481280,0.5087757,2232.5886349450266,3.303475166799499,1.3705491E-5,18.755577,0.01229519,0.22322492,0.005003132,0.048031908,0.00965787,0.042561505,0.037647046,0.7333329,0.004006623,0.04509963,0.009694193,0.19499144,0.053621504,0.105587795,0.017435655,0.22322492,0.005003132,"TWOGAUSSIANS_WITH_ELLIPSOIDAL_ON_ECLIPSE1",9,7.705042,0.7333329,0.004006623,0.25255793,0.05428748,0.40531582,0.052788414,0.22322492,0.005003132,0.2689787,0.05408407,0.25373653,0.01815539
375316653866487564,5693108102951677312,0.45749852,2191.7251774951783,3.5979159782821832,9.841937E-5,19.504316,0.015648829,0.2543448,0.014676774,0.07074828,0.012344457,0.29695624,0.042393465,0.72840446,0.0104305055,0.03687444,0.043150444,0.13372694,0.043207765,null,null,null,null,"TWOGAUSSIANS",8,4.6623864,0.2543448,0.014676774,0.39619035,0.045415193,0.29695344,0.042221066,0.72840446,0.0104305055,0.20649686,0.2182029,0.13372414,0.04402974
375316653866487564,5693109168104445696,0.5284385,2215.0685410898186,3.758889960087541,1.3908627E-5,18.006372,0.021549065,0.20800565,0.0041922,0.098352395,0.009948183,0.2689967,0.020017963,0.72220844,0.0038415843,0.09793845,0.009501846,0.29733557,0.01946746,null,null,null,null,"TWOGAUSSIANS",8,8.728662,0.72220844,0.0038415843,0.4,0.0,0.27904552,0.0122275,0.20800565,0.0041922,0.4,0.0,0.2507066,0.0123994015
375316653866487564,5693110271919390592,0.66297376,2197.141293318159,2.544554758713106,1.6865218E-6,16.85669,0.013525606,0.24335851,6.415368E-4,0.06185702,0.0046489853,0.29231036,0.02102237,0.7419792,0.0020400162,0.06781794,0.0040915483,0.22909585,0.028232757,0.087910496,0.01460383,0.24335851,6.415368E-4,"TWOGAUSSIANS_WITH_ELLIPSOIDAL_ON_ECLIPSE1",9,3.47909,0.24335851,6.415368E-4,0.3463993,0.026034318,0.46781224,0.0132729765,0.7422792,0.0015312826,0.37978047,0.02291267,0.4045874,0.005428637
375316653866487564,5693110405049462016,0.5160053,2212.593754927777,3.735616946303514,8.889864E-6,18.27234,0.07301569,0.24212745,0.0023396965,0.12768365,0.027562775,0.23886171,0.06866042,0.7364045,0.007816884,0.11584011,0.029811434,0.22078222,0.06843684,null,null,null,null,"TWOGAUSSIANS",8,2.4193225,0.24214745,0.0023372576,0.4,0.0,0.18570071,0.006149274,0.7364045,0.007816884,0.4,0.0,0.16780736,0.0084009785
375316653866487564,5693110443718103552,0.4722047,2216.845696966489,1.3303614364264422,1.9222016E-5,17.416199,0.0032790683,0.16940385,0.012878508,0.035639986,0.008699077,0.10657005,0.022437932,0.65819913,0.0072482578,0.02658685,0.0049705454,0.28130233,0.08487214,null,null,null,null,"TWOGAUSSIANS",8,14.205397,0.65819913,0.0072482578,0.14888635,0.027835054,0.28130233,0.08487214,0.16940385,0.012878508,0.19958393,0.04871483,0.10657005,0.022437932
375316653866487564,5693116834625654528,0.6352165,2212.7581361411794,0.564660707825207,1.8695248E-6,15.134622,0.0010266613,0.19085462,0.001894386,0.01997885,0.0024055513,0.08970941,0.008084801,0.6889162,5.2823266E-4,0.020158561,4.335044E-4,0.3149064,0.0058333096,0.0031889696,0.0015075598,0.19085462,0.001894386,"TWOGAUSSIANS_WITH_ELLIPSOIDAL_ON_ECLIPSE1",9,11.2766485,0.6889162,5.2823266E-4,0.11288794,0.0024276248,0.3212834,0.005268008,0.19085462,0.001894386,0.111881554,0.013471087,0.09608735,0.00899954
375316653866487564,5693117483155815040,0.6012084,2214.7677283117573,2.8688404808267585,5.234993E-6,16.762835,0.006126744,0.28252253,0.0014868124,0.097641304,0.0025216963,0.31722417,0.0073552104,0.77843547,0.0016848248,0.095311105,0.0029306316,0.31159967,0.0070144422,null,null,null,null,"TWOGAUSSIANS",8,6.7627277,0.28252253,0.0014868124,0.4,0.0,0.29649973,0.0063164053,0.77843547,0.0016848248,0.4,0.0,0.29087585,0.0062935436
375316653866487564,5693119132423372160,0.516549,2193.7677881068776,3.5064134528985478,1.094341E-5,18.271002,0.011540028,0.2552503,0.0033336575,0.1034629,0.009061356,0.18264614,0.010854161,0.74924976,0.003579224,0.0930347,0.0071660914,0.18097554,0.011486103,null,null,null,null,"TWOGAUSSIANS",8,3.1713693,0.2552503,0.0033336575,0.4,0.0,0.1694602,0.008604759,0.74924976,0.003579224,0.4,0.0,0.16779262,0.007344407
375316653866487564,5693120197578912512,0.5850006,2193.50687508348,0.9744385507396288,1.2545356E-6,18.638546,0.0013526395,0.53257227,2.9914654E-7,0.0046002627,6.2932218E-6,1.4300407,3.23436E-5,0.77930325,8.816319E-6,0.002318883,3.8045175E-5,0.20647363,2.3713776E-4,null,null,null,null,"TWOGAUSSIANS",8,1.8742827,0.53257227,2.9914654E-7,0.025761472,3.5242043E-5,1.4300407,3.23436E-5,0.77930325,8.816319E-6,0.012985745,2.1305298E-4,0.20647363,2.3713776E-4
375316653866487564,5693120816054227200,0.492994,2200.644826219844,1.9094576613923793,2.680517E-5,19.162428,0.0328902,0.25755957,0.11067718,0.06863644,0.13913885,0.12259477,0.034331333,0.7218631,0.003750836,0.03304125,0.0023357084,0.5393632,0.057164654,null,null,null,null,"TWOGAUSSIANS",8,4.880384,0.7218631,0.003750836,0.18503101,0.013079966,0.5393629,0.060496118,0.25755957,0.11067718,0.38436407,0.06601608,0.12259442,0.043894134
375316653866487564,5693120957794323712,0.72198105,2198.7699476148136,0.4398374129032114,1.085636E-6,14.881266,4.235655E-4,0.6584383,2.0204623E-4,0.021646008,2.0987354E-4,0.46961847,0.0015614085,null,null,null,null,null,null,null,null,null,null,"ONEGAUSSIAN",5,3.8825812,0.6584383,2.0204623E-4,0.121217646,0.0011752918,0.46961847,0.0,null,null,null,null,null,null
375316653866487564,5693121022209058816,0.51975703,2213.8232845008183,2.9297536204315624,1.2958829E-5,15.704832,0.023665294,0.20927493,0.005717775,0.11272771,0.014647388,0.18291257,0.021711096,0.708864,0.0029686939,0.11100975,0.011305091,0.21151614,0.021550797,null,null,null,null,"TWOGAUSSIANS",8,37.602768,0.708864,0.0029686939,0.4,0.0,0.17932726,0.006737069,0.20927493,0.0057240822,0.4,0.0,0.15072078,0.009286702
375316653866487564,5693123362975842176,0.6070458,2211.404084788948,0.7849462726703974,8.931766E-6,15.572487,0.0016555339,0.29466176,0.0043300125,0.080329895,0.0041302885,0.07981409,0.0033121214,0.7919182,0.001848277,0.061036013,0.0020967012,0.28037095,0.004855739,null,null,null,null,"TWOGAUSSIANS",8,16.761946,0.7919182,0.001848277,0.34180167,0.011741526,0.2798948,0.004874631,0.29466176,0.0043300125,0.4,0.0,0.079337925,0.0032904635
375316653866487564,5693124050170542720,0.61232686,2195.8173559781044,1.0127891984147928,6.961782E-6,15.531423,0.0021115206,0.24064167,0.0011548698,0.021981264,0.001731821,0.66875416,0.06156095,0.73737895,0.0016396373,0.025710817,0.0018200087,0.2625773,0.010765697,0.0072055697,0.0027020874,0.24064167,0.0011548698,"TWOGAUSSIANS_WITH_ELLIPSOIDAL_ON_ECLIPSE1",9,33.735817,0.24064167,0.0011548698,0.12309508,0.009698197,0.68316525,0.063327074,0.73738897,0.0016396373,0.14398058,0.010192049,0.2769824,0.010704897
375316653866487564,5693124492543058048,0.46573704,2182.282169573014,2.841987587777951,2.0909409E-5,17.870415,0.009844546,0.33427128,0.017454019,0.046715282,0.018800309,0.08923282,0.025237558,0.78998166,0.0060935994,0.045891557,0.014218087,0.09201674,0.04280288,0.07076414,0.013031879,0.78998166,0.0060935994,"TWOGAUSSIANS_WITH_ELLIPSOIDAL_ON_ECLIPSE2",9,25.21997,0.78998166,0.0060935994,0.25699273,0.079621285,0.23354498,0.03868774,0.3248513,0.017909717,0.26160556,0.10528173,0.22227964,0.019144306
375316653866487564,5693124806084766592,0.6835091,2204.5146777294226,0.5540417329432387,2.2105494E-6,16.221336,6.7271246E-4,0.17401151,0.0015756437,0.01788329,0.0012006498,0.4994008,0.026499769,0.6776732,0.0030217997,0.015124827,0.003219418,0.42518717,0.019451419,0.006845883,0.0012580992,0.17401151,0.0015756437,"TWOGAUSSIANS_WITH_ELLIPSOIDAL_ON_ECLIPSE1",9,3.2940588,0.17401151,0.0015756437,0.10014643,0.006723639,0.5130926,0.027236179,0.6776732,0.0030217997,0.08469903,0.018028742,0.4388717,0.01922372
375316653866487564,5693131712392528384,0.5736309,2201.1550572802485,0.9887615254492648,2.283968E-6,15.691739,0.001319483,0.2764841,2.3626417E-4,0.027024694,6.93828E-4,0.2793857,0.008006389,0.77634704,0.008246396,0.026862718,0.0055515436,0.10868106,0.020474883,0.015152859,0.002162268,0.2764841,2.3626417E-4,"TWOGAUSSIANS_WITH_ELLIPSOIDAL_ON_ECLIPSE1",9,9.73627,0.2764841,2.3626417E-4,0.15133828,0.0038854366,0.3096914,0.009944316,0.77634704,0.008240855,0.15043122,0.031088645,0.13898675,0.019955011
375316653866487564,5693132468306762624,0.5353498,2235.4074953248,1.6531555257064188,1.012015E-5,17.607573,0.00538232,0.17131966,0.013113246,0.026427314,0.004761452,0.7444075,0.22816119,0.674439,0.0014747956,0.0303473,0.00602646,0.53350234,0.15116295,null,null,null,null,"TWOGAUSSIANS",8,24.946136,0.17131966,0.013113246,0.14799295,0.02666413,0.7444075,0.22816119,0.674439,0.0014747956,0.16994488,0.033748176,0.53350234,0.15116295
