Gaia/vari_eclipsing_binary/VariEclipsingBinary_486388-486466.csv
# %ECSV 1.0
# ---
# delimiter: ','
# meta: !!omap
# - RELEASE: Gaia DR3
# - TABLE: vari_eclipsing_binary
# - DESCRIPTION: >
#     This table describes the properties of the eclipsing binaries resulting from the variability analysis. 
# - CITATION: >
#     How to cite and acknowledge Gaia: 
#     https://gea.esac.esa.int/archive/documentation/credits.html 
# - KNOWN_ISSUES: >
#     Known issues: 
#     https://www.cosmos.esa.int/web/gaia-users/known-issues 
# - DOCUMENTATION: >
#     Tutorials and documentation: 
#     https://www.cosmos.esa.int/web/gaia-users/archive 
# datatype:
# - 
#   name: solution_id
#   datatype: int64
#   description: Solution Identifier
#   meta:
#     ucd: meta.version
# - 
#   name: source_id
#   datatype: int64
#   description: Unique source identifier
#   meta:
#     ucd: meta.id;meta.main
# - 
#   name: global_ranking
#   datatype: float32
#   description: Number between 0 (worst) and 1 (best)
#   meta:
#     ucd: stat.param
# - 
#   name: reference_time
#   datatype: float64
#   unit: d
#   description: Reference time used for the geometric model fit
#   meta:
#     ucd: time.epoch
# - 
#   name: frequency
#   datatype: float64
#   unit: d**-1
#   description: Frequency of geometric model of the eclipsing binary light curve
#   meta:
#     ucd: src.orbital
# - 
#   name: frequency_error
#   datatype: float32
#   unit: d**-1
#   description: "Uncertainty of \\texttt{frequency}"
#   meta:
#     ucd: stat.error
# - 
#   name: geom_model_reference_level
#   datatype: float32
#   unit: mag
#   description: Magnitude reference level of geometric model
#   meta:
#     ucd: phot.mag;em.opt
# - 
#   name: geom_model_reference_level_error
#   datatype: float32
#   unit: mag
#   description: "Uncertainty of \\texttt{geomModelReferenceLevel}"
#   meta:
#     ucd: stat.error;phot.mag;em.opt
# - 
#   name: geom_model_gaussian1_phase
#   datatype: float32
#   description: Phase of the Gaussian 1 component
#   meta:
#     ucd: time.phase
# - 
#   name: geom_model_gaussian1_phase_error
#   datatype: float32
#   description: "Uncertainty of \\texttt{geomModelGaussian1Phase}"
#   meta:
#     ucd: stat.error;time.phase
# - 
#   name: geom_model_gaussian1_sigma
#   datatype: float32
#   description: "Standard deviation [phase] of Gaussian 1 component"
#   meta:
#     ucd: stat.stdev
# - 
#   name: geom_model_gaussian1_sigma_error
#   datatype: float32
#   description: "Uncertainty of \\texttt{geomModelGaussian1Sigma}"
#   meta:
#     ucd: stat.error
# - 
#   name: geom_model_gaussian1_depth
#   datatype: float32
#   unit: mag
#   description: Magnitude depth of Gaussian 1 component
#   meta:
#     ucd: src.var.amplitude
# - 
#   name: geom_model_gaussian1_depth_error
#   datatype: float32
#   unit: mag
#   description: "Uncertainty of \\texttt{geomModelGaussian1Depth}"
#   meta:
#     ucd: stat.error;src.var.amplitude
# - 
#   name: geom_model_gaussian2_phase
#   datatype: float32
#   description: Phase of Gaussian 2 component
#   meta:
#     ucd: time.phase
# - 
#   name: geom_model_gaussian2_phase_error
#   datatype: float32
#   description: "Uncertainty of \\texttt{geomModelGaussian2Phase}"
#   meta:
#     ucd: stat.error;time.phase
# - 
#   name: geom_model_gaussian2_sigma
#   datatype: float32
[...]
#   datatype: float32
#   description: "Secondary eclipse: uncertainty of \\texttt{derivedSecondaryEclDuration}"
#   meta:
#     ucd: stat.error;time.duration
# - 
#   name: derived_secondary_ecl_depth
#   datatype: float32
#   unit: mag
#   description: "Secondary eclipse: depth"
#   meta:
#     ucd: src.var.amplitude
# - 
#   name: derived_secondary_ecl_depth_error
#   datatype: float32
#   unit: mag
#   description: "Secondary eclipse: uncertainty of \\texttt{derivedSecondaryEclDepth}"
#   meta:
#     ucd: stat.error;src.var.amplitude
solution_id,source_id,global_ranking,reference_time,frequency,frequency_error,geom_model_reference_level,geom_model_reference_level_error,geom_model_gaussian1_phase,geom_model_gaussian1_phase_error,geom_model_gaussian1_sigma,geom_model_gaussian1_sigma_error,geom_model_gaussian1_depth,geom_model_gaussian1_depth_error,geom_model_gaussian2_phase,geom_model_gaussian2_phase_error,geom_model_gaussian2_sigma,geom_model_gaussian2_sigma_error,geom_model_gaussian2_depth,geom_model_gaussian2_depth_error,geom_model_cosine_half_period_amplitude,geom_model_cosine_half_period_amplitude_error,geom_model_cosine_half_period_phase,geom_model_cosine_half_period_phase_error,model_type,num_model_parameters,reduced_chi2,derived_primary_ecl_phase,derived_primary_ecl_phase_error,derived_primary_ecl_duration,derived_primary_ecl_duration_error,derived_primary_ecl_depth,derived_primary_ecl_depth_error,derived_secondary_ecl_phase,derived_secondary_ecl_phase_error,derived_secondary_ecl_duration,derived_secondary_ecl_duration_error,derived_secondary_ecl_depth,derived_secondary_ecl_depth_error
[from data line 38]
375316653866487564,4278343092505212544,0.59400755,2253.2459526573753,3.6817689851680186,1.2887734E-5,19.501934,0.0073877024,0.18568438,0.003135042,0.060029015,0.0033266447,0.42705745,0.018485194,0.69451696,0.0011211432,0.05973719,0.0015889206,0.42426533,0.010002287,null,null,null,null,"TWOGAUSSIANS",8,0.7074267,0.18568438,0.003135042,0.33616248,0.01862921,0.42695495,0.01848491,0.69451696,0.0011211432,0.33452827,0.008897955,0.42416283,0.009971332
375316653866487564,4278343131165436800,0.5524913,2158.0849827669344,2.1707066288781323,1.7025948E-5,17.949854,0.019772213,0.28309694,0.0037078713,0.110682815,0.00959479,0.25924182,0.018469216,0.77070624,0.0043456494,0.09570152,0.008815249,0.25727436,0.017202571,null,null,null,null,"TWOGAUSSIANS",8,2.8522942,0.28309694,0.0037078713,0.4,0.0,0.23561527,0.006882518,0.77070624,0.0043456494,0.4,0.0,0.23366864,0.01147783
375316653866487564,4278344643005564416,0.5173443,2232.9025620140087,1.862556032694159,1.5735497E-5,18.285896,0.042206883,0.26834375,0.004429075,0.1030607,0.019837365,0.16974388,0.036588587,0.7838991,0.01000444,0.12507321,0.041407242,0.12255882,0.03985471,null,null,null,null,"TWOGAUSSIANS",8,2.1610434,0.26826373,0.0043420773,0.4,0.0,0.14802,0.013693561,0.78390914,0.010000742,0.4,0.0,0.10074546,0.008177145
375316653866487564,4278345501988027392,0.46026954,2229.6665046341736,1.0985123567177453,3.0446226E-5,19.020378,0.03355346,0.29582265,0.009877531,0.1298838,0.023321887,0.33806995,0.048235558,0.68169504,0.021781452,0.03638916,0.012522448,0.23968503,0.063787855,null,null,null,null,"TWOGAUSSIANS",8,5.4174275,0.29582265,0.009877531,0.4,0.0,0.3374092,0.048090097,0.68169504,0.021781452,0.2037793,0.07012571,0.24312544,0.06481619
375316653866487564,4278345673801108480,0.50100935,2206.9067541732106,2.712582597621754,3.852846E-5,19.376245,0.056863237,0.27123654,0.010530091,0.11169944,0.027266541,0.21851626,0.055706717,0.7758932,0.018812379,0.08587782,0.030729031,0.27063304,0.052605525,null,null,null,null,"TWOGAUSSIANS",8,1.8336321,0.7758932,0.018817328,0.4,0.0,0.25252527,0.035056144,0.27123654,0.010527881,0.4,0.0,0.20038874,0.01610779
375316653866487564,4278347421832536320,0.51037043,2242.191601078401,2.8912136679037013,3.152447E-5,19.09057,0.040721204,0.26038325,0.007541046,0.07275632,0.014945615,0.19313458,0.039455984,0.75365376,0.025427138,0.077063695,0.027207453,0.2700695,0.05486341,null,null,null,null,"TWOGAUSSIANS",8,2.994839,0.75365376,0.025427138,0.4,0.0,0.26856577,0.046199102,0.26038325,0.007542053,0.4,0.012728783,0.19163086,0.03132387
375316653866487564,4278347799789814272,0.556757,2223.9124293975674,0.6876142186942631,4.4644657E-5,18.309633,0.0026339218,0.29452863,0.0068583908,0.05527526,0.008276807,0.06176312,0.010145281,0.6107218,0.037576385,0.038906343,0.034199584,0.79597193,0.8591121,null,null,null,null,"TWOGAUSSIANS",8,1.6733364,0.6107218,0.037576385,0.21787551,0.17711844,0.79597193,0.8591124,0.29452863,0.0068583908,0.30954146,0.046350118,0.06176312,0.010145285
375316653866487564,4278349144120695552,0.46421564,2229.183937578164,3.4629742074846654,3.472905E-5,19.436287,0.117454305,0.29983926,0.011042793,0.120589964,0.044147655,0.32604897,0.107244655,0.80923694,0.005761884,0.10330182,0.026725255,0.33164945,0.109360404,null,null,null,null,"TWOGAUSSIANS",8,4.02476,0.80927694,0.005514852,0.4,0.0,0.2825723,0.039430775,0.29983926,0.0110635925,0.4,0.0,0.2768512,0.03441065
375316653866487564,4278352644518851712,0.53993964,2298.7251731435126,2.6656670205989923,3.1404816E-5,17.99647,0.23482129,0.28790992,0.013876779,0.14350961,0.060700174,0.345055,0.23232885,0.7901731,0.004351068,0.1141319,0.030724201,0.36634484,0.2119973,null,null,null,null,"TWOGAUSSIANS",8,6.984356,0.7902431,0.0043812096,0.4,0.0,0.2630385,0.0146829225,0.2878999,0.013899779,0.4,0.0,0.2402005,0.022957077
375316653866487564,4278352781957912576,0.5826785,2267.512068956703,1.5014461863073774,1.3719224E-5,18.092794,0.0041719466,0.25015414,0.007681117,0.05338703,0.0119956015,0.0892455,0.019798549,0.7552472,0.002046366,0.055155687,0.0024097092,0.20878452,0.0053557763,null,null,null,null,"TWOGAUSSIANS",8,1.4168189,0.7552472,0.002046366,0.30887184,0.013494371,0.2087791,0.0053463634,0.25015414,0.007681117,0.2989674,0.067175366,0.08924006,0.019805396
375316653866487564,4278356149212456064,0.44574207,2259.6851138824163,2.7297845918605783,2.621259E-5,18.582438,0.01009309,0.29621714,0.014921375,0.0902526,0.020414969,0.10158046,0.016479805,0.76973,0.024200425,0.068389,0.04373819,0.12603997,0.82757246,null,null,null,null,"TWOGAUSSIANS",8,3.9229438,0.76973,0.024200425,0.38297838,0.24310274,0.12514642,0.82858026,0.29621714,0.014921375,0.4,0.0,0.10068681,0.016242977
375316653866487564,4278358146383712000,0.5578874,2236.7516203833648,1.6943648428507991,2.4732271E-5,16.506203,0.40573147,0.30936146,0.0074164174,0.113620766,0.044218853,0.17152949,0.25586942,0.79932374,0.0121564735,0.12868503,0.12811145,0.16070244,0.39895904,null,null,null,null,"TWOGAUSSIANS",8,9.225132,0.30947146,0.006252286,0.4,0.0,0.1356648,0.0077862516,0.79932374,0.0121564735,0.4,0.0,0.12468395,0.008449473
375316653866487564,4278359310308563840,0.51130116,2237.2945671554103,1.0030006658342838,5.183365E-5,19.7063,0.0047458415,0.47808394,0.0046648597,0.045885887,0.004112429,0.3294848,0.07646325,0.80072635,0.0037169678,0.044824246,0.008014415,0.15207958,0.042956077,null,null,null,null,"TWOGAUSSIANS",8,0.61819106,0.47808394,0.0046648597,0.25696096,0.023029601,0.3294848,0.07646325,0.80072635,0.0037169678,0.25101578,0.04488073,0.15207958,0.042956077
375316653866487564,4278359619546372480,0.6245026,2211.7724625441087,3.7529443310831496,8.323815E-6,16.950916,0.028734002,0.33174315,0.0033413572,0.04403996,0.007264511,0.38560092,0.09833874,0.843277,0.0050940206,0.04250449,0.015620766,0.5159653,0.4790177,0.15767609,0.073104605,0.843277,0.0050940206,"TWOGAUSSIANS_WITH_ELLIPSOIDAL_ON_ECLIPSE2",9,22.810303,0.843277,0.0050940206,0.23802514,0.08747629,0.8313168,0.49745202,0.33302313,0.0023838067,0.24662378,0.04068126,0.6994825,0.048843943
375316653866487564,4278360100582869248,0.5228752,2263.406459872388,2.954213488674287,5.671342E-5,18.964458,0.01133677,0.086863264,0.031425618,0.060615588,0.020397132,0.038231354,0.020204388,0.61194336,0.002753962,0.033653975,0.0037555837,0.46086985,0.061894633,null,null,null,null,"TWOGAUSSIANS",8,1.4870808,0.61194336,0.002753962,0.18846226,0.02103127,0.46086982,0.06189476,0.086863264,0.031425618,0.3394473,0.111608006,0.038231324,0.02020337
375316653866487564,4278360684698403456,0.56308335,2240.5736029605346,3.098983196672053,1.4846825E-5,18.997683,0.0104470765,0.29355496,0.017625263,0.06527681,0.009379385,0.45483753,0.108350515,0.7839707,0.0072153383,0.08393789,0.010721138,0.44486228,0.060314447,null,null,null,null,"TWOGAUSSIANS",8,2.037463,0.29355496,0.017625263,0.3655501,0.05252456,0.45222443,0.10817303,0.7839707,0.0072153383,0.4,0.0,0.44224915,0.061835803
375316653866487564,4278361234451660544,0.5203117,2207.152743568887,2.8067399563291793,6.266398E-5,18.080019,0.010901566,0.2888267,0.007176493,0.08109874,0.009131167,0.23276961,0.010755277,0.7586492,0.012395712,0.09513007,0.014319346,0.17537905,0.018243782,null,null,null,null,"TWOGAUSSIANS",8,5.506574,0.2888267,0.007176493,0.4,0.0,0.22846945,0.009158714,0.7586492,0.012395712,0.4,0.0,0.171078,0.017243145
375316653866487564,4278361715487960960,0.4949945,2255.0820210502175,2.888420393725781,3.2313157E-5,19.647362,0.017287329,0.2662724,0.006108491,0.06986195,0.0087907,0.45302162,0.04491296,0.7785482,0.033600636,0.06544613,0.019772455,0.54583776,0.34841216,null,null,null,null,"TWOGAUSSIANS",8,1.9748633,0.7785482,0.033600636,0.36649835,0.11072575,0.5450734,0.34913424,0.2662724,0.006108491,0.39122692,0.027467906,0.45225728,0.045271307
375316653866487564,4278361788507788160,0.5646144,2233.077473481999,3.784976510354737,1.7152393E-5,18.900192,0.014786195,0.17504658,0.011834552,0.07539832,0.008920821,0.630694,0.03958284,0.67107713,0.008914214,0.08272278,0.012526789,0.31174895,0.03913669,null,null,null,null,"TWOGAUSSIANS",8,3.908619,0.17504658,0.011834552,0.4,0.0,0.6253155,0.040329307,0.67107713,0.008914214,0.4,0.0,0.30637044,0.04235535
375316653866487564,4278362059085554432,0.48715144,2245.5809670556437,3.411049978049398,2.4156941E-5,19.577606,0.1179237,0.25572154,0.013097776,0.09869916,0.039878946,0.20783979,0.11491012,0.7604908,0.009811919,0.09117904,0.0442855,0.2567751,0.111305885,null,null,null,null,"TWOGAUSSIANS",8,1.7504317,0.7604908,0.009955054,0.4,0.0,0.24337314,0.02048435,0.25572154,0.013085324,0.4,0.0,0.19443683,0.035358123
375316653866487564,4278364571654851456,0.52813363,2291.9413633409713,2.3007995630149662,4.4653934E-5,18.552408,0.020575723,0.2610402,0.005951478,0.09463577,0.01707903,0.2161818,0.024101391,0.7545435,0.0053054187,0.09135707,0.016628148,0.18666495,0.012947481,null,null,null,null,"TWOGAUSSIANS",8,2.6024752,0.2610402,0.005951478,0.4,0.0,0.20631841,0.028966282,0.7545435,0.0053054187,0.4,0.0,0.17680183,0.010834792
375316653866487564,4278364842224403840,0.49923298,2243.205340044993,2.255184158572967,2.015356E-5,18.144485,0.11590204,0.22975022,0.006682811,0.09858935,0.038905688,0.22032054,0.08284938,0.7253543,0.005959264,0.117103316,0.05789964,0.1673342,0.099334165,null,null,null,null,"TWOGAUSSIANS",8,1.9984186,0.22976021,0.0066992985,0.4,0.0,0.19593719,0.05177431,0.7253543,0.005959264,0.4,0.0,0.14291477,0.018341994
375316653866487564,4278365808605420032,0.68802327,2267.972586078608,2.261443624713807,2.8213722E-6,14.904625,0.008022106,0.342638,0.0019280674,0.054905698,0.0097549595,0.0841489,0.016000828,0.8402084,0.006245717,0.053081222,0.0088583,0.10763288,0.030489458,0.08687807,0.008732862,0.342638,0.0019280674,"TWOGAUSSIANS_WITH_ELLIPSOIDAL_ON_ECLIPSE1",9,6.2141747,0.84084845,0.0052817166,0.29725486,0.049606476,0.28135452,0.030160211,0.342638,0.0019280674,0.3074719,0.054627772,0.25790033,0.0037669693
375316653866487564,4278367419208387328,0.59214944,2266.276146259468,3.6285439171300156,6.2186673E-6,18.112682,0.019651832,0.23014888,0.0021549934,0.045427512,0.005456598,0.7106687,0.072335035,0.727078,0.003457611,0.044036977,0.0045945826,0.4248061,0.0607961,0.1375881,0.02509932,0.23014888,0.0021549934,"TWOGAUSSIANS_WITH_ELLIPSOIDAL_ON_ECLIPSE1",9,11.817363,0.23014888,0.0021549934,0.25439405,0.03055695,0.9858444,0.095431715,0.72735804,0.0030829168,0.24660707,0.025729664,0.6998886,0.048498314
375316653866487564,4278368621795989120,0.5524088,2295.1417873750056,4.646902285090126,1.3880016E-5,18.991747,0.02073117,0.23538254,0.003916115,0.045353144,0.012414609,0.33693963,0.0907982,0.7259652,0.0025907825,0.048831485,0.007107917,0.23828936,0.038203537,0.117578775,0.022836525,0.23538254,0.003916115,"TWOGAUSSIANS_WITH_ELLIPSOIDAL_ON_ECLIPSE1",9,2.7392838,0.23538254,0.003916115,0.2539776,0.069521815,0.5720957,0.10403866,0.72743523,0.0017961228,0.2734563,0.039804336,0.47275162,0.0103328535
375316653866487564,4278368862322478464,0.6120749,2316.2822999732884,3.317737715526952,6.091726E-6,18.448034,0.02321677,0.25090715,0.0023881486,0.047857776,0.0048516793,0.47287697,0.049938668,0.73641443,0.0029366591,0.050027754,0.0057670115,0.39916024,0.047253747,0.09942633,0.027789284,0.25090715,0.0023881486,"TWOGAUSSIANS_WITH_ELLIPSOIDAL_ON_ECLIPSE1",9,3.9046438,0.25090715,0.0023881486,0.26800355,0.027169405,0.6717287,0.018667554,0.73770446,0.0027171494,0.28015542,0.032295264,0.5965139,0.019682158
375316653866487564,4278370442864197376,0.61850184,2305.0475340798243,3.3247432235217285,1.8366116E-5,17.687271,0.007004433,0.21646611,0.0054996014,0.03255365,0.01897157,0.16223796,5.1361504,0.7116365,0.0050237174,0.047934562,0.0069456412,0.15147664,0.015610684,0.06092241,0.009577023,0.21646611,0.0054996014,"TWOGAUSSIANS_WITH_ELLIPSOIDAL_ON_ECLIPSE1",9,2.1586497,0.21646611,0.0054996014,0.18230045,0.10624079,0.28408247,5.1448402,0.7122465,0.004121933,0.26843354,0.03889559,0.27322325,0.007723412
375316653866487564,4278371026977292288,0.62066644,2282.730643654385,1.8876977872968208,1.0111864E-5,17.161783,0.03218509,0.26399213,0.0127046695,0.05000273,0.02545952,0.08322458,0.068552025,0.77267885,0.010193435,0.05284189,0.009034188,0.48692426,0.07164577,0.075267285,0.033534057,0.26399213,0.0127046695,"TWOGAUSSIANS_WITH_ELLIPSOIDAL_ON_ECLIPSE1",9,9.247344,0.77267885,0.009753703,0.2959146,0.050591454,0.6370062,0.03480221,0.26399213,0.0127046695,0.2800153,0.14257331,0.23375455,0.021568283
375316653866487564,4278371615400831744,0.63046545,2283.4545397685397,4.337787448952286,3.997972E-6,16.660631,0.003864839,0.27007544,0.0044943443,0.08387202,0.0031309016,0.35515973,0.015458087,0.77434814,0.0010439996,0.07657238,0.0012222079,0.37772122,0.005763309,null,null,null,null,"TWOGAUSSIANS",8,6.982118,0.77434814,0.0010439996,0.4,0.0,0.37249026,0.0054118456,0.27007544,0.0044943443,0.4,0.0,0.34992874,0.015393197
375316653866487564,4278371679814682112,0.45162445,2299.2741388873133,1.7313413827181185,3.599595E-5,18.692348,0.011738899,0.24757391,0.006807832,0.07713558,0.009009122,0.14725998,0.016962029,0.7397415,0.008907314,0.1086318,0.01564801,0.13237064,0.014112354,null,null,null,null,"TWOGAUSSIANS",8,1.9467288,0.24757391,0.006815271,0.4,0.0,0.14078975,0.015423131,0.7397415,0.008907314,0.4,0.0,0.1258934,0.013904999
375316653866487564,4278372332647358336,0.48039317,2281.950887564642,0.5484172124586134,6.60395E-5,17.925947,0.0046252757,0.26357916,0.005148714,0.02606375,0.0059948205,0.13869847,0.039266203,null,null,null,null,null,null,0.01987731,0.007789548,0.26357916,0.005148714,"ONEGAUSSIAN_WITH_ELLIPSOIDAL",6,5.4042306,0.26357916,0.005148714,0.145957,0.033570994,0.17845309,0.038835786,null,null,null,null,null,null
375316653866487564,4278372916762770688,0.50276816,2288.988777148134,0.23481781060332893,3.0176481E-5,17.929726,0.0027391396,0.26915097,0.0016344418,0.004799941,0.0012544633,0.19094206,0.021919027,0.5114115,0.017460128,0.034576852,0.02459715,0.049030133,0.038367156,0.017402355,0.0035567,0.26915097,0.0016344418,"TWOGAUSSIANS_WITH_ELLIPSOIDAL_ON_ECLIPSE1",9,4.3835993,0.26915097,0.0016344418,0.026879672,0.0070249946,0.22574675,0.022052735,0.5114115,0.017566485,0.19363037,0.13774402,0.04911235,0.038311973
375316653866487564,4278372921070891520,0.63747114,2273.237763917203,2.1470793049547106,4.7120593E-6,14.322824,0.004849318,0.28564504,8.9892565E-4,0.087847434,0.0019313945,0.4220761,0.00592626,0.7871382,0.0024651086,0.0928186,0.003100852,0.37900165,0.011166986,null,null,null,null,"TWOGAUSSIANS",8,53.43263,0.28564504,8.9892565E-4,0.4,0.0,0.40513748,0.006162561,0.7871382,0.0024651086,0.4,0.0,0.36206272,0.012405295
375316653866487564,4278374084996691712,0.50448805,2309.054579638162,4.682894559210509,1.4896819E-5,18.894861,0.09726101,0.25361922,0.0044808057,0.12446786,0.028771823,0.28357688,0.09048471,0.7421957,0.0044043707,0.12575236,0.030467656,0.2785132,0.09003984,null,null,null,null,"TWOGAUSSIANS",8,1.6898428,0.25373924,0.004436762,0.4,0.0,0.21419412,0.016508015,0.7421957,0.0044043707,0.4,0.0,0.20910114,0.011364329
375316653866487564,4278375188805294464,0.5537843,2306.178801466151,2.8381561295509274,1.9346973E-5,16.726187,0.010513755,0.26379606,0.003435211,0.08500719,0.010625465,0.14508238,0.010999668,0.7509405,0.002628297,0.096938185,0.008352404,0.13455056,0.009556511,null,null,null,null,"TWOGAUSSIANS",8,3.9731498,0.26379606,0.003435211,0.4,0.0,0.13985085,0.011835507,0.7509405,0.002628297,0.4,0.0,0.12931849,0.0056509846
