Gaia/vari_eclipsing_binary/VariEclipsingBinary_411612-413663.csv
# %ECSV 1.0
# ---
# delimiter: ','
# meta: !!omap
# - RELEASE: Gaia DR3
# - TABLE: vari_eclipsing_binary
# - DESCRIPTION: >
#     This table describes the properties of the eclipsing binaries resulting from the variability analysis. 
# - CITATION: >
#     How to cite and acknowledge Gaia: 
#     https://gea.esac.esa.int/archive/documentation/credits.html 
# - KNOWN_ISSUES: >
#     Known issues: 
#     https://www.cosmos.esa.int/web/gaia-users/known-issues 
# - DOCUMENTATION: >
#     Tutorials and documentation: 
#     https://www.cosmos.esa.int/web/gaia-users/archive 
# datatype:
# - 
#   name: solution_id
#   datatype: int64
#   description: Solution Identifier
#   meta:
#     ucd: meta.version
# - 
#   name: source_id
#   datatype: int64
#   description: Unique source identifier
#   meta:
#     ucd: meta.id;meta.main
# - 
#   name: global_ranking
#   datatype: float32
#   description: Number between 0 (worst) and 1 (best)
#   meta:
#     ucd: stat.param
# - 
#   name: reference_time
#   datatype: float64
#   unit: d
#   description: Reference time used for the geometric model fit
#   meta:
#     ucd: time.epoch
# - 
#   name: frequency
#   datatype: float64
#   unit: d**-1
#   description: Frequency of geometric model of the eclipsing binary light curve
#   meta:
#     ucd: src.orbital
# - 
#   name: frequency_error
#   datatype: float32
#   unit: d**-1
#   description: "Uncertainty of \\texttt{frequency}"
#   meta:
#     ucd: stat.error
# - 
#   name: geom_model_reference_level
#   datatype: float32
#   unit: mag
#   description: Magnitude reference level of geometric model
#   meta:
#     ucd: phot.mag;em.opt
# - 
#   name: geom_model_reference_level_error
#   datatype: float32
#   unit: mag
#   description: "Uncertainty of \\texttt{geomModelReferenceLevel}"
#   meta:
#     ucd: stat.error;phot.mag;em.opt
# - 
#   name: geom_model_gaussian1_phase
#   datatype: float32
#   description: Phase of the Gaussian 1 component
#   meta:
#     ucd: time.phase
# - 
#   name: geom_model_gaussian1_phase_error
#   datatype: float32
#   description: "Uncertainty of \\texttt{geomModelGaussian1Phase}"
#   meta:
#     ucd: stat.error;time.phase
# - 
#   name: geom_model_gaussian1_sigma
#   datatype: float32
#   description: "Standard deviation [phase] of Gaussian 1 component"
#   meta:
#     ucd: stat.stdev
# - 
#   name: geom_model_gaussian1_sigma_error
#   datatype: float32
#   description: "Uncertainty of \\texttt{geomModelGaussian1Sigma}"
#   meta:
#     ucd: stat.error
# - 
#   name: geom_model_gaussian1_depth
#   datatype: float32
#   unit: mag
#   description: Magnitude depth of Gaussian 1 component
#   meta:
#     ucd: src.var.amplitude
# - 
#   name: geom_model_gaussian1_depth_error
#   datatype: float32
#   unit: mag
#   description: "Uncertainty of \\texttt{geomModelGaussian1Depth}"
#   meta:
#     ucd: stat.error;src.var.amplitude
# - 
#   name: geom_model_gaussian2_phase
#   datatype: float32
#   description: Phase of Gaussian 2 component
#   meta:
#     ucd: time.phase
# - 
#   name: geom_model_gaussian2_phase_error
#   datatype: float32
#   description: "Uncertainty of \\texttt{geomModelGaussian2Phase}"
#   meta:
#     ucd: stat.error;time.phase
# - 
#   name: geom_model_gaussian2_sigma
#   datatype: float32
[...]
#   datatype: float32
#   description: "Secondary eclipse: uncertainty of \\texttt{derivedSecondaryEclDuration}"
#   meta:
#     ucd: stat.error;time.duration
# - 
#   name: derived_secondary_ecl_depth
#   datatype: float32
#   unit: mag
#   description: "Secondary eclipse: depth"
#   meta:
#     ucd: src.var.amplitude
# - 
#   name: derived_secondary_ecl_depth_error
#   datatype: float32
#   unit: mag
#   description: "Secondary eclipse: uncertainty of \\texttt{derivedSecondaryEclDepth}"
#   meta:
#     ucd: stat.error;src.var.amplitude
solution_id,source_id,global_ranking,reference_time,frequency,frequency_error,geom_model_reference_level,geom_model_reference_level_error,geom_model_gaussian1_phase,geom_model_gaussian1_phase_error,geom_model_gaussian1_sigma,geom_model_gaussian1_sigma_error,geom_model_gaussian1_depth,geom_model_gaussian1_depth_error,geom_model_gaussian2_phase,geom_model_gaussian2_phase_error,geom_model_gaussian2_sigma,geom_model_gaussian2_sigma_error,geom_model_gaussian2_depth,geom_model_gaussian2_depth_error,geom_model_cosine_half_period_amplitude,geom_model_cosine_half_period_amplitude_error,geom_model_cosine_half_period_phase,geom_model_cosine_half_period_phase_error,model_type,num_model_parameters,reduced_chi2,derived_primary_ecl_phase,derived_primary_ecl_phase_error,derived_primary_ecl_duration,derived_primary_ecl_duration_error,derived_primary_ecl_depth,derived_primary_ecl_depth_error,derived_secondary_ecl_phase,derived_secondary_ecl_phase_error,derived_secondary_ecl_duration,derived_secondary_ecl_duration_error,derived_secondary_ecl_depth,derived_secondary_ecl_depth_error
[from data line 146]
375316653866487564,3627709010914380160,0.5647169,2275.1762283011412,3.435350471310498,1.4380184E-5,19.529385,0.0053804107,0.23983233,0.0027108798,0.069312595,0.003869504,0.57888156,0.032359544,0.73508716,0.003131247,0.07471168,0.002496538,0.5641269,0.025743457,null,null,null,null,"TWOGAUSSIANS",8,1.743793,0.23983233,0.0027108798,0.3881505,0.021669222,0.57642436,0.03292679,0.73508716,0.003131247,0.4,0.0,0.56166965,0.025910098
375316653866487564,3627732757788882688,0.57301736,2221.2461817324506,0.5303251687026869,2.3138095E-5,16.916115,0.0019983829,0.29337916,0.017071782,0.049454954,0.01335769,0.018228218,0.007174598,0.6094628,1.1025099E-4,0.019911716,1.6122354E-4,0.419033,0.0027390812,null,null,null,null,"TWOGAUSSIANS",8,7.4541035,0.6094628,1.1025099E-4,0.111505605,9.028518E-4,0.419033,0.0027390812,0.29337916,0.017071782,0.27694774,0.07480306,0.018228218,0.007174598
375316653866487564,3627745642690746368,0.6063573,2212.379081509593,3.328971895941735,1.3187796E-5,15.477603,0.014565971,0.23202126,0.017148709,0.033150923,0.028358504,0.10437136,0.02767675,0.75793594,0.003091184,0.06389694,0.021335296,0.0539154,0.030754153,0.11876844,0.015699605,0.75793594,0.003091184,"TWOGAUSSIANS_WITH_ELLIPSOIDAL_ON_ECLIPSE2",9,39.340355,0.23628126,0.016517073,0.18564518,0.15880764,0.33665422,0.04616838,0.75793594,0.003091184,0.35782287,0.10009238,0.29142678,0.0094633335
375316653866487564,3627747218943524608,0.53785384,2232.8928686671484,1.9092028408447583,2.9367566E-5,17.699015,0.0058657005,0.16861251,0.0012247154,0.012985556,4.0507634E-4,1.6265941,0.112895146,null,null,null,null,null,null,null,null,null,null,"ONEGAUSSIAN",5,20.884014,0.16861251,0.0012247154,0.07271911,0.0022684275,1.6265941,0.0,null,null,null,null,null,null
375316653866487564,3627756736591072768,0.5795931,2253.7754290782896,3.5056518039217512,1.044377E-5,17.933964,0.01738271,0.27278742,0.0021954447,0.10042606,0.0077702324,0.28442138,0.014592843,0.7768192,0.0019132148,0.08799213,0.0058021317,0.35985848,0.015197465,null,null,null,null,"TWOGAUSSIANS",8,4.0379953,0.7768192,0.0019132148,0.4,0.0,0.3422126,0.009031709,0.27278742,0.0021954447,0.4,0.0,0.2667732,0.00753914
375316653866487564,3627771549932859648,0.4780379,2259.606194776915,0.2875942240589813,1.194654E-6,18.224186,0.003823229,0.21531199,4.6189733E-5,0.0019725703,5.067157E-5,0.2496538,0.005882607,0.76529944,0.033238,0.06965545,0.019336795,0.031231562,0.0065363087,null,null,null,null,"TWOGAUSSIANS",8,4.244754,0.21531199,4.6189733E-5,0.011046394,2.837608E-4,0.2496538,0.005882607,0.76529944,0.033238,0.39007053,0.08038962,0.031231562,0.006536309
375316653866487564,3627808486652196608,0.53272545,2268.736577521955,3.0245452609571344,1.7772632E-5,11.281511,0.0070853573,0.2600948,0.00178269,0.09199279,0.0037326713,0.22774522,0.006748911,0.7661703,0.012150188,0.07727314,0.01461558,0.17955084,0.025076928,null,null,null,null,"TWOGAUSSIANS",8,130.82272,0.2600948,0.00178269,0.4,0.0,0.22308277,0.0049477997,0.7661703,0.012150188,0.4,0.0046479995,0.17488858,0.027883723
375316653866487564,3627835630845602688,0.46093008,2251.4962707861523,2.8529166114586073,3.971926E-5,12.817293,0.014339625,0.19745319,0.014359237,0.04057366,0.013990452,0.13920538,0.029859852,0.64445794,0.008089432,0.09729869,0.019683346,0.2144922,0.03817902,null,null,null,null,"TWOGAUSSIANS",8,1047.4054,0.64445794,0.008089432,0.4,0.0,0.21438116,0.03844747,0.19745319,0.014364534,0.22721249,0.07834653,0.13909996,0.029800884
375316653866487564,3627917991138360320,0.5663336,2245.780013563955,3.1149593966398506,7.992296E-6,15.544371,0.15209088,0.23464996,0.004451635,0.1614369,0.052765988,0.34570155,0.14405653,0.7038391,0.005179603,0.10759892,0.017742086,0.5531978,0.1320431,null,null,null,null,"TWOGAUSSIANS",8,48.32836,0.7038391,0.005179603,0.4,0.0,0.44644406,0.027253974,0.23476996,0.0044075125,0.4,0.0,0.23237503,0.027305
375316653866487564,3628008421673984128,0.5652702,2218.326554226934,1.712756711890488,1.9748235E-5,19.225378,0.009637084,0.22874144,0.0033666594,0.0502061,0.007854572,0.29516944,0.09171438,0.7277362,0.009382546,0.04140293,0.008425037,0.6454129,0.020802118,null,null,null,null,"TWOGAUSSIANS",8,4.3438187,0.7277362,0.009382546,0.2318564,0.04718021,0.6454126,0.020800464,0.22874144,0.0033666594,0.28115416,0.0439856,0.29516917,0.09171548
375316653866487564,3628012961455412864,0.6050983,2232.1919067441754,2.7784476701548284,2.085568E-5,14.593851,0.017688707,0.17278412,0.0028640355,0.04265858,0.011940427,0.12770212,0.034554746,0.65852123,0.006784129,0.045726728,0.014408361,0.23442085,0.032702375,0.14153655,0.022805745,0.17278412,0.0028640355,"TWOGAUSSIANS_WITH_ELLIPSOIDAL_ON_ECLIPSE1",9,210.34335,0.66089123,0.0051994,0.25606966,0.08068682,0.5156014,0.027352398,0.17278412,0.0028640355,0.23888804,0.06686639,0.410775,0.013834125
375316653866487564,3628030446266370304,0.52962273,2210.088948572105,1.799562574103079,2.061069E-5,19.445112,0.0075951326,0.28932965,0.0033110862,0.03188013,0.0030158204,0.6229432,0.061743826,0.7913409,0.012990259,0.038418144,0.030375602,0.24149801,0.05383459,null,null,null,null,"TWOGAUSSIANS",8,2.1627536,0.28932965,0.0033110862,0.17852871,0.016888594,0.6229432,0.061743826,0.7913409,0.012990259,0.21514161,0.17010337,0.24149801,0.05383489
375316653866487564,3628046874516404736,0.6013008,2211.030742735847,2.657568215573604,2.2229873E-5,14.69735,0.004400037,0.27264926,0.044551536,0.034434214,0.03276176,0.30811554,996.0734,0.78163266,0.0023029856,0.05016959,0.003564527,0.25763285,0.012472177,0.105346546,0.006121235,0.78163266,0.0023029856,"TWOGAUSSIANS_WITH_ELLIPSOIDAL_ON_ECLIPSE2",9,109.70919,0.27318925,0.0435846,0.1928316,0.18346587,0.5181772,996.0755,0.78163266,0.0023029856,0.2809497,0.019961352,0.4683248,0.011072057
375316653866487564,3628144039561796608,0.5018872,2213.620277719909,2.320666921205864,6.980684E-5,15.16958,0.0029490395,0.12476068,0.0052774316,0.017345628,0.015330633,0.13542213,1.04967837E13,0.6083539,0.007700833,0.039476674,0.010804114,0.2547294,0.10462383,0.009149284,0.0052940254,0.12476068,0.0052774316,"TWOGAUSSIANS_WITH_ELLIPSOIDAL_ON_ECLIPSE1",9,49.827976,0.6084939,0.0077218497,0.22106937,0.06050304,0.27283585,0.10661295,0.12476068,0.0052774316,0.097135514,0.08585154,0.15372069,1.04967837E13
375316653866487564,3628163697627469824,0.4356447,2226.4837193604953,1.8049359312407114,2.8408382E-5,17.586767,0.04623449,0.22109227,0.013227828,0.12473531,0.052967206,0.059649367,0.045535576,0.7104657,0.010684504,0.11091019,0.047810353,0.055246916,0.044042345,null,null,null,null,"TWOGAUSSIANS",8,2.7030473,0.22111227,0.013232657,0.4,0.0,0.048674967,0.0059796837,0.7104657,0.010684504,0.4,0.0,0.044308674,0.006408615
375316653866487564,3628217917294545280,0.6033494,2184.933792228211,3.4538428518251867,1.060957E-5,14.343625,0.007887222,0.2628861,0.0035506298,0.043298084,0.011227732,0.11473296,0.08908487,0.7460027,0.007740849,0.067543305,0.009041569,0.1489597,0.017953526,0.082365006,0.009774421,0.2628861,0.0035506298,"TWOGAUSSIANS_WITH_ELLIPSOIDAL_ON_ECLIPSE1",9,94.64333,0.75081265,0.004580523,0.3782425,0.050632786,0.31230602,0.01142491,0.2628861,0.0035506298,0.24246928,0.06287529,0.27940264,0.09363109
375316653866487564,3628299414298414080,0.6160933,2254.479605054998,1.0991133862558375,1.3198395E-5,18.913898,0.004393072,0.24592288,0.0021180473,0.031324502,0.0031361547,0.26435012,0.036099546,0.74942136,0.0015815028,0.028245775,0.0017950117,0.7580264,0.022394579,0.029935237,0.008073865,0.24592288,0.0021180473,"TWOGAUSSIANS_WITH_ELLIPSOIDAL_ON_ECLIPSE1",9,2.1999648,0.74942136,0.0015815028,0.15817633,0.010052065,0.81786793,0.020463761,0.24592288,0.0021180473,0.17541721,0.017562468,0.32422057,0.03613331
375316653866487564,3628439022211102720,0.4527645,2286.907854341694,3.784376272983628,6.352526E-5,19.057705,0.018802024,0.33061334,0.006355868,0.0669602,0.009415125,0.23633428,0.02803186,0.66315913,0.023206107,0.098441236,0.014372179,0.105097674,0.031934824,null,null,null,null,"TWOGAUSSIANS",8,3.1051702,0.33084333,0.0062983534,0.3749771,0.050424702,0.2366028,0.028215507,0.66315913,0.023206107,0.4,0.0,0.10501625,0.03187008
375316653866487564,3628453036688736256,0.45123395,2279.3707278314,1.6885991830988443,4.3191885E-5,18.789314,0.007778273,0.16151561,0.0150971655,0.0682634,0.063920125,0.039969355,0.05323473,null,null,null,null,null,null,0.069828704,0.011299915,0.16151561,0.0150971655,"ONEGAUSSIAN_WITH_ELLIPSOIDAL",6,8.206413,0.16151561,0.0150971655,0.38227502,0.34968337,0.17957753,0.052125376,null,null,null,null,null,null
375316653866487564,3628495715779507072,0.5610032,2250.1014029947996,3.0260289064685266,2.4699764E-5,15.674729,0.011657566,0.26582497,0.009781634,0.055631604,0.00867973,0.11518904,0.027961226,0.7369278,0.0025613054,0.06455491,0.0068684774,0.12338738,0.026391473,0.073816106,0.01213319,0.7369278,0.0025613054,"TWOGAUSSIANS_WITH_ELLIPSOIDAL_ON_ECLIPSE2",9,62.33195,0.7369278,0.0025613054,0.36150748,0.038463473,0.2709511,0.011538562,0.258965,0.009263948,0.311537,0.048606485,0.25906792,0.012545726
375316653866487564,3628553577578969984,0.66602534,2213.9868035397094,4.039866039022673,4.2771912E-6,18.230152,0.0063538067,0.23394564,5.2888354E-4,0.04071842,0.0015915865,0.46214846,0.013561518,0.7405643,0.01795433,0.03134867,0.013855087,0.39799395,0.8198939,0.14827669,0.008084847,0.23394564,5.2888354E-4,"TWOGAUSSIANS_WITH_ELLIPSOIDAL_ON_ECLIPSE1",9,2.4089844,0.23394564,5.2888354E-4,0.22802316,0.008912885,0.75870186,0.010976839,0.7405643,0.01795433,0.17555256,0.07758848,0.69403476,0.8163715
375316653866487564,3628626248425535872,0.500467,2220.460711190652,1.5075283708213998,2.04167E-5,17.615007,0.002046613,0.29623666,0.011783327,0.044032853,0.00980361,0.13256009,0.038699858,0.789348,0.008826855,0.04074704,0.008085703,0.07957461,0.0148932645,null,null,null,null,"TWOGAUSSIANS",8,2.3915372,0.29623666,0.011783327,0.24658397,0.054900214,0.13256009,0.038699877,0.789348,0.008826855,0.2281834,0.045279935,0.07957461,0.014893274
375316653866487564,3628824263597688448,0.51799667,2256.0410178145303,0.04165241847768872,4.500341E-6,15.24658,0.0011922984,0.2514759,0.015763836,0.096865065,0.016412446,0.029174587,0.006552549,0.7550682,1.9621379E-4,0.011868762,1.7693508E-4,1.1221691,0.030115062,null,null,null,null,"TWOGAUSSIANS",8,5.903317,0.7550682,1.9621379E-4,0.066465065,9.908364E-4,1.122168,0.030116927,0.2514759,0.015763836,0.4,0.0,0.02917332,0.006554474
375316653866487564,3628846112095807488,0.46557766,2210.936002378038,2.2115250548990737,1.03006736E-4,18.805834,0.0037631318,0.15089346,0.024210608,0.0136895245,0.012429382,0.9427898,8627.165,0.7458266,0.07231087,0.034460455,0.028757364,0.19292767,0.15834996,null,null,null,null,"TWOGAUSSIANS",8,4.2684455,0.15089346,0.024210608,0.07666134,0.06960454,0.9427898,8627.165,0.7458266,0.07231087,0.19297856,0.16104123,0.19292767,0.15834996
375316653866487564,3628936375128757120,0.58910847,2205.355196428452,3.947921187396359,1.4234876E-5,18.983747,0.0145586375,0.2623595,0.0026192174,0.043594126,0.0060005854,0.39766437,0.06639576,0.7569092,0.003496828,0.039291825,0.007275284,0.31580675,0.054682482,0.14745416,0.033684302,0.2623595,0.0026192174,"TWOGAUSSIANS_WITH_ELLIPSOIDAL_ON_ECLIPSE1",9,4.137061,0.2623595,0.0026192174,0.24412711,0.033603277,0.69257236,0.046878416,0.7574692,0.0031222184,0.22003421,0.04074159,0.6104043,0.051024288
375316653866487564,3628944827624311040,0.55920166,2205.6521720078595,1.7989760915903024,1.703488E-5,11.773004,0.01814212,0.2566917,0.0051805736,0.107188776,0.013098696,0.24042812,0.015918761,0.7241952,0.002759294,0.09245852,0.0068766037,0.42258382,0.02620061,null,null,null,null,"TWOGAUSSIANS",8,239.91307,0.7241952,0.002759294,0.4,0.0,0.40502056,0.02768496,0.2566917,0.005184948,0.4,0.0,0.22284724,0.015490672
375316653866487564,3628979908916867328,0.55942506,2226.2266106525985,2.245946144142437,4.3906235E-5,17.799398,0.023446493,0.40326244,0.013533315,0.011838801,0.005885462,0.49647722,0.38578153,0.61737204,0.023186812,0.19646007,0.08074667,0.06553243,0.020741042,null,null,null,null,"TWOGAUSSIANS",8,4.715637,0.40332243,0.013464655,0.066297285,0.032958586,0.52755076,0.38409558,0.61737204,0.023186812,0.4,0.0,0.060392674,0.007929816
375316653866487564,3628993931985580800,0.46572855,2212.0951906401115,0.07578681681980026,2.5976573E-5,13.865836,0.0012750253,0.19511828,0.00936621,0.02333919,0.021776387,0.008143262,0.252041,0.9690701,0.0012439996,0.0051599564,5.829205E-4,0.089879096,0.013100271,0.013011612,0.0021230169,0.19511828,0.00936621,"TWOGAUSSIANS_WITH_ELLIPSOIDAL_ON_ECLIPSE1",9,80.32089,0.9690801,0.0012476499,0.028895756,0.0032643548,0.09046424,0.013101217,0.19511828,0.00936621,0.13069947,0.12194777,0.034166377,0.25222588
375316653866487564,3629038492270907648,0.4345984,2217.554118866866,0.3408036537907407,3.7381167E-5,17.298887,0.0058659147,0.5846469,0.10130828,0.061376162,0.06492174,0.03835488,0.0070398394,0.92696995,0.0021682198,0.015187542,0.0017700398,0.36845133,0.12506774,null,null,null,null,"TWOGAUSSIANS",8,17.568394,0.92696995,0.0021682198,0.08505024,0.009912223,0.36845133,0.1250634,0.5846469,0.10130828,0.34370652,0.08532424,0.03835488,0.0070386073
375316653866487564,3629103848788796928,0.49031603,2233.079268902429,2.9462868168286507,1.8206907E-5,16.094027,0.009080927,0.25789574,0.006016759,0.092097454,0.011814875,0.09668351,0.009404614,0.7770578,0.004908871,0.07742837,0.008249491,0.123106875,0.009528853,null,null,null,null,"TWOGAUSSIANS",8,26.177155,0.7770578,0.004908871,0.4,0.0,0.12113432,0.0084322365,0.25789574,0.006016759,0.4,0.0,0.09471083,0.008773834
375316653866487564,3629121299240633728,0.54805213,2207.47471709665,0.3659811930118988,1.1793166E-4,19.140928,0.0047456385,0.22167884,0.025457798,0.021666674,0.023494376,0.036663663,0.031173956,0.5606262,0.002261803,0.04382544,0.00261504,0.6143306,0.03156112,null,null,null,null,"TWOGAUSSIANS",8,1.7612287,0.5606262,0.002261803,0.24542247,0.014644224,0.6143306,0.03156112,0.22167884,0.025457798,0.12133337,0.1315685,0.036663663,0.031173956
375316653866487564,3629125525488483072,0.56116736,2240.4979845149887,3.301053085172679,1.3182446E-5,18.444014,0.010933163,0.28641927,0.0023671777,0.08886549,0.0051987935,0.26779464,0.012027657,0.7914507,0.0029356976,0.08573017,0.007150498,0.2722615,0.018676009,null,null,null,null,"TWOGAUSSIANS",8,1.8034388,0.7914507,0.0029356976,0.4,0.0,0.26403162,0.02028864,0.28641927,0.0023671777,0.4,0.0,0.2595647,0.010691278
375316653866487564,3629157720562614272,0.48045513,2202.2853602721543,0.22886267106833533,1.3202371E-5,17.649946,0.0036272998,0.6878529,2.595551E-5,0.0035190405,6.550259E-5,0.90546143,0.018726805,null,null,null,null,null,null,null,null,null,null,"ONEGAUSSIAN",5,10.082623,0.6878529,2.595551E-5,0.019706627,3.668145E-4,0.90546143,0.0,null,null,null,null,null,null
375316653866487564,3629158961809028480,0.46222347,2202.1545542359213,1.984629461373674,1.05903484E-4,12.649941,0.24569,0.19796638,0.04659732,0.110923015,0.03493557,0.11469897,0.12833463,0.6235759,0.027290257,0.16699243,0.12310933,0.21017244,0.23689245,null,null,null,null,"TWOGAUSSIANS",8,23.231575,0.6235759,0.027290257,0.4,0.0,0.17197454,0.032041855,0.21342638,0.028663164,0.4,0.0,0.08602554,0.038734533
375316653866487564,3629179813875158016,0.471632,2195.8769907782676,2.540181183304198,3.2406773E-5,18.440666,0.0123060085,0.30048198,0.013284787,0.079299964,0.01655978,0.19551468,0.029719226,0.79281396,0.026591875,0.033257935,0.022368189,0.2259487,0.048905693,null,null,null,null,"TWOGAUSSIANS",8,9.02005,0.79281396,0.026591875,0.18624444,0.12526186,0.22593446,0.048891474,0.30048198,0.013284787,0.4,0.016718939,0.19550042,0.029743023
