Gaia/vari_eclipsing_binary/VariEclipsingBinary_459441-459452.csv
# %ECSV 1.0
# ---
# delimiter: ','
# meta: !!omap
# - RELEASE: Gaia DR3
# - TABLE: vari_eclipsing_binary
# - DESCRIPTION: >
#     This table describes the properties of the eclipsing binaries resulting from the variability analysis. 
# - CITATION: >
#     How to cite and acknowledge Gaia: 
#     https://gea.esac.esa.int/archive/documentation/credits.html 
# - KNOWN_ISSUES: >
#     Known issues: 
#     https://www.cosmos.esa.int/web/gaia-users/known-issues 
# - DOCUMENTATION: >
#     Tutorials and documentation: 
#     https://www.cosmos.esa.int/web/gaia-users/archive 
# datatype:
# - 
#   name: solution_id
#   datatype: int64
#   description: Solution Identifier
#   meta:
#     ucd: meta.version
# - 
#   name: source_id
#   datatype: int64
#   description: Unique source identifier
#   meta:
#     ucd: meta.id;meta.main
# - 
#   name: global_ranking
#   datatype: float32
#   description: Number between 0 (worst) and 1 (best)
#   meta:
#     ucd: stat.param
# - 
#   name: reference_time
#   datatype: float64
#   unit: d
#   description: Reference time used for the geometric model fit
#   meta:
#     ucd: time.epoch
# - 
#   name: frequency
#   datatype: float64
#   unit: d**-1
#   description: Frequency of geometric model of the eclipsing binary light curve
#   meta:
#     ucd: src.orbital
# - 
#   name: frequency_error
#   datatype: float32
#   unit: d**-1
#   description: "Uncertainty of \\texttt{frequency}"
#   meta:
#     ucd: stat.error
# - 
#   name: geom_model_reference_level
#   datatype: float32
#   unit: mag
#   description: Magnitude reference level of geometric model
#   meta:
#     ucd: phot.mag;em.opt
# - 
#   name: geom_model_reference_level_error
#   datatype: float32
#   unit: mag
#   description: "Uncertainty of \\texttt{geomModelReferenceLevel}"
#   meta:
#     ucd: stat.error;phot.mag;em.opt
# - 
#   name: geom_model_gaussian1_phase
#   datatype: float32
#   description: Phase of the Gaussian 1 component
#   meta:
#     ucd: time.phase
# - 
#   name: geom_model_gaussian1_phase_error
#   datatype: float32
#   description: "Uncertainty of \\texttt{geomModelGaussian1Phase}"
#   meta:
#     ucd: stat.error;time.phase
# - 
#   name: geom_model_gaussian1_sigma
#   datatype: float32
#   description: "Standard deviation [phase] of Gaussian 1 component"
#   meta:
#     ucd: stat.stdev
# - 
#   name: geom_model_gaussian1_sigma_error
#   datatype: float32
#   description: "Uncertainty of \\texttt{geomModelGaussian1Sigma}"
#   meta:
#     ucd: stat.error
# - 
#   name: geom_model_gaussian1_depth
#   datatype: float32
#   unit: mag
#   description: Magnitude depth of Gaussian 1 component
#   meta:
#     ucd: src.var.amplitude
# - 
#   name: geom_model_gaussian1_depth_error
#   datatype: float32
#   unit: mag
#   description: "Uncertainty of \\texttt{geomModelGaussian1Depth}"
#   meta:
#     ucd: stat.error;src.var.amplitude
# - 
#   name: geom_model_gaussian2_phase
#   datatype: float32
#   description: Phase of Gaussian 2 component
#   meta:
#     ucd: time.phase
# - 
#   name: geom_model_gaussian2_phase_error
#   datatype: float32
#   description: "Uncertainty of \\texttt{geomModelGaussian2Phase}"
#   meta:
#     ucd: stat.error;time.phase
# - 
#   name: geom_model_gaussian2_sigma
#   datatype: float32
[...]
#   datatype: float32
#   description: "Secondary eclipse: uncertainty of \\texttt{derivedSecondaryEclDuration}"
#   meta:
#     ucd: stat.error;time.duration
# - 
#   name: derived_secondary_ecl_depth
#   datatype: float32
#   unit: mag
#   description: "Secondary eclipse: depth"
#   meta:
#     ucd: src.var.amplitude
# - 
#   name: derived_secondary_ecl_depth_error
#   datatype: float32
#   unit: mag
#   description: "Secondary eclipse: uncertainty of \\texttt{derivedSecondaryEclDepth}"
#   meta:
#     ucd: stat.error;src.var.amplitude
solution_id,source_id,global_ranking,reference_time,frequency,frequency_error,geom_model_reference_level,geom_model_reference_level_error,geom_model_gaussian1_phase,geom_model_gaussian1_phase_error,geom_model_gaussian1_sigma,geom_model_gaussian1_sigma_error,geom_model_gaussian1_depth,geom_model_gaussian1_depth_error,geom_model_gaussian2_phase,geom_model_gaussian2_phase_error,geom_model_gaussian2_sigma,geom_model_gaussian2_sigma_error,geom_model_gaussian2_depth,geom_model_gaussian2_depth_error,geom_model_cosine_half_period_amplitude,geom_model_cosine_half_period_amplitude_error,geom_model_cosine_half_period_phase,geom_model_cosine_half_period_phase_error,model_type,num_model_parameters,reduced_chi2,derived_primary_ecl_phase,derived_primary_ecl_phase_error,derived_primary_ecl_duration,derived_primary_ecl_duration_error,derived_primary_ecl_depth,derived_primary_ecl_depth_error,derived_secondary_ecl_phase,derived_secondary_ecl_phase_error,derived_secondary_ecl_duration,derived_secondary_ecl_duration_error,derived_secondary_ecl_depth,derived_secondary_ecl_depth_error
[from data line 368]
375316653866487564,4041314464622940544,0.41883403,2490.778812622298,1.3098774738564753,6.9734E-5,18.859512,0.010370885,0.07746837,0.015043677,0.030962065,0.015883178,0.110954575,0.14047697,0.8156363,0.012537682,0.039262284,0.007045779,0.17198226,0.018718764,null,null,null,null,"TWOGAUSSIANS",8,5.796107,0.8156363,0.012537682,0.21986878,0.03945636,0.17198226,0.018718764,0.07746837,0.015043677,0.17338757,0.0889458,0.110954575,0.14047697
375316653866487564,4041314469023494144,0.64631605,2428.8257118363795,1.0608493733752549,5.094865E-6,14.950067,0.0097429585,0.25767618,9.3688874E-4,0.05718492,0.008718568,0.09763175,0.019848902,0.7563306,0.0019042311,0.050225224,0.006200145,0.1263851,0.020792084,0.11447838,0.0117295915,0.25767618,9.3688874E-4,"TWOGAUSSIANS_WITH_ELLIPSOIDAL_ON_ECLIPSE1",9,23.285877,0.75669056,0.0013519649,0.28126127,0.034720812,0.35532197,0.010969772,0.25767618,9.3688874E-4,0.32023555,0.04882398,0.32658067,0.0060374355
375316653866487564,4041314503283927424,0.47442135,2504.200563630691,1.3099023314971332,3.262379E-5,19.232014,0.009846682,0.23482545,0.017767807,0.039282843,0.011063906,0.1748034,0.027221942,0.6171554,0.023012938,0.035331406,0.018769665,0.262097,0.11274028,null,null,null,null,"TWOGAUSSIANS",8,3.1390874,0.6171554,0.023012938,0.19785586,0.105110124,0.262097,0.112740286,0.23482545,0.017767807,0.21998392,0.061957877,0.1748034,0.027221942
375316653866487564,4041314537643685120,0.4721688,2283.481213658466,0.8009797498714315,3.698358E-5,17.968185,0.0019547653,0.3726992,0.054664835,0.07879408,0.044316955,0.022552317,0.0036788108,0.7248136,5.6228077E-4,0.028500186,5.6155765E-4,0.26717624,0.0021846143,null,null,null,null,"TWOGAUSSIANS",8,1.4745712,0.7248136,5.6228077E-4,0.15960105,0.003144723,0.26717728,0.0022018824,0.3726992,0.054664835,0.4,0.052415367,0.022552317,0.00367972
375316653866487564,4041314537742931968,0.41883656,2497.9513708834256,2.109096398625026,2.772756E-5,19.324133,0.4449704,0.2541701,0.018047564,0.24884197,0.16266485,0.3277161,0.4170255,0.6481446,0.0075494917,0.053084925,0.008889288,0.17363936,0.039732993,null,null,null,null,"TWOGAUSSIANS",8,4.854997,0.2541701,0.018047564,0.4,0.0,0.23354973,0.034093205,0.6481446,0.0075494917,0.29727557,0.04978001,0.18973881,0.044834256
375316653866487564,4041314572003741696,0.47387168,2475.9093964514013,0.0551127011646901,5.7698435E-6,19.082235,0.010469537,0.25569794,0.001771655,0.06908571,0.0058654803,0.23328699,0.016413713,0.75752085,3.620187E-4,0.021235706,0.0011748683,1.3707451,0.23381518,null,null,null,null,"TWOGAUSSIANS",8,4.6087103,0.75752085,3.620187E-4,0.11891996,0.0065792627,1.370745,0.23381525,0.25569794,0.001771655,0.38687995,0.03284669,0.23328687,0.016413786
375316653866487564,4041314572010366976,0.56521046,2582.773891819133,0.04566224737759712,5.0259066E-5,19.45305,0.019800685,0.22313033,0.0015605899,0.0017486156,0.0016900478,0.89317006,0.80480134,0.5463444,0.0127448505,0.1241579,0.02865303,0.36835808,0.13565418,null,null,null,null,"TWOGAUSSIANS",8,1.862675,0.22313033,0.0015482195,0.009792248,0.009464268,0.90538454,0.80418134,0.5463444,0.0127448505,0.4,0.0,0.3681364,0.13606043
375316653866487564,4041314640729868288,0.4742989,2452.7089171798657,2.1858498872080534,2.9681905E-5,19.451633,0.031422693,0.20077488,0.01240527,0.0920221,0.01965953,0.25549352,0.045496147,0.70070773,0.010522464,0.101359464,0.017544731,0.23874591,0.0331105,null,null,null,null,"TWOGAUSSIANS",8,2.6042545,0.20077488,0.01240527,0.4,0.0,0.238111,0.04359383,0.70070773,0.010522464,0.4,0.0,0.22136112,0.024935883
375316653866487564,4041314675083229184,0.43139085,2432.787130801322,2.648114129479147,3.24688E-5,17.457216,0.42131132,0.3393763,0.012298961,0.2241012,0.09345263,0.6069645,0.39021307,0.8492632,0.010532029,0.18301971,0.0633091,0.506531,0.35868767,null,null,null,null,"TWOGAUSSIANS",8,12.07063,0.3330763,0.007811556,0.4,0.0,0.120258,0.013989981,0.8603332,0.0044139703,0.4,0.0,0.09670442,0.0117620295
375316653866487564,4041314675089642624,0.45454806,2560.314034540448,0.06041832366455083,8.122654E-5,19.760199,0.007883579,null,null,null,null,null,null,null,null,null,null,null,null,0.16632554,0.021309668,0.30731693,0.0043160175,"ELLIPSOIDAL",4,2.61658,null,null,null,null,null,null,null,null,null,null,null,null
375316653866487564,4041314709443351040,0.43671703,2486.3775994552034,1.9878181803078843,7.242884E-5,19.318708,0.097325996,0.23865321,0.019637499,0.06585764,0.029471632,0.42838013,0.11719629,0.69885767,0.025862543,0.16120861,0.07968984,0.20879866,0.08753655,null,null,null,null,"TWOGAUSSIANS",8,4.0912647,0.23913321,0.020953504,0.3688028,0.11250212,0.4061653,0.13382111,0.69885767,0.025862543,0.4,0.0,0.18225601,0.04604119
375316653866487564,4041314743803276288,0.499835,2463.4077741535825,1.2063343552810373,3.318837E-5,18.886993,0.02485879,0.29495612,0.0064131697,0.09057618,0.011347674,0.18257163,0.026153633,0.7846993,0.005742319,0.084951766,0.0145927025,0.33989033,0.021719063,null,null,null,null,"TWOGAUSSIANS",8,4.784811,0.7846993,0.005742319,0.4,0.0,0.3327378,0.022517672,0.29495612,0.0064131697,0.4,0.0,0.17541903,0.019339992
375316653866487564,4041314812620985344,0.41188946,2483.01966574886,3.7348284260731424,3.7499893E-5,18.372871,0.029498363,0.21121886,0.004487811,0.0061945138,0.0018948935,0.16806175,0.114368066,0.64341354,0.025285073,0.1634539,0.044703078,0.23465817,0.042630676,null,null,null,null,"TWOGAUSSIANS",8,13.668086,0.64341354,0.025285073,0.4,0.0,0.23029739,0.04700617,0.21123886,0.0044917553,0.034689277,0.010611404,0.17138094,0.11455987
375316653866487564,4041314846882632064,0.44874674,2481.624913257806,0.10633500087282009,3.5331595E-5,18.905441,0.013867457,0.23342651,0.0031709312,0.014410687,0.0033080871,0.3663172,0.24377142,0.80572635,0.0071269814,0.06614197,0.0091154035,0.29820815,0.02951156,null,null,null,null,"TWOGAUSSIANS",8,8.194122,0.23342651,0.0031709312,0.080699846,0.018525288,0.3663172,0.24377142,0.80572635,0.0071269814,0.37039503,0.047942836,0.29820815,0.02951156
375316653866487564,4041314881248166528,0.43455812,2484.5417095907706,4.010806747349271,2.1722588E-4,19.452686,0.2409175,0.19255501,0.05417111,0.067257196,0.2036009,0.4024514,0.051637866,0.7402357,0.029668454,0.03176539,0.035006776,0.26153708,0.4340379,null,null,null,null,"TWOGAUSSIANS",8,6.051289,0.19255501,0.05417111,0.3766403,0.045139775,0.40245125,0.2387466,0.7402357,0.029901147,0.17788619,0.19603796,0.26153693,0.42758313
375316653866487564,4041315053139036032,0.4457251,2415.4137137184216,0.11162199420958076,4.5211447E-5,19.337805,0.036204994,0.19496709,0.02741749,0.06489759,0.018254504,0.067275144,0.02658857,0.6141483,0.043813728,0.16562256,0.056572143,0.20215875,0.04584839,null,null,null,null,"TWOGAUSSIANS",8,2.2457738,0.6141483,0.043813728,0.4,0.0,0.19048403,0.041735183,0.2032871,0.024170091,0.3634265,0.09706889,0.06473072,0.018416347
375316653866487564,4041315117464462464,0.421607,2461.902506168141,1.3221447406407776,4.2027787E-5,17.34946,0.011036027,0.2653645,0.008769645,0.06235605,0.011172776,0.15331894,0.012377729,0.75160843,0.011403677,0.066901796,0.016033772,0.07473906,0.016030207,null,null,null,null,"TWOGAUSSIANS",8,10.661482,0.2653645,0.008769645,0.3491939,0.06256755,0.15324092,0.01238095,0.75160843,0.011403677,0.37465003,0.08136429,0.074661046,0.01601198
375316653866487564,4041315121858615424,0.43130282,2475.6781975657436,1.3328433113479763,3.9403247E-5,17.114134,0.015156247,0.2114455,0.027561951,0.06467369,0.014337195,0.25512105,0.11019609,0.72595435,0.0072824066,0.03461943,0.009077209,0.44671234,0.07324415,null,null,null,null,"TWOGAUSSIANS",8,11.532504,0.72595435,0.0072824066,0.1938688,0.050832372,0.44671148,0.07324611,0.2114455,0.027561951,0.3621727,0.08028829,0.2551202,0.110196814
375316653866487564,4041315121858635136,0.44370043,2475.615294039097,1.335628720549585,5.1722196E-5,18.373663,0.01395977,0.29586703,0.012251139,0.08695459,0.015058496,0.1755793,0.031142833,0.7555862,0.110304266,0.017851923,0.09098846,0.101193346,0.06792691,null,null,null,null,"TWOGAUSSIANS",8,4.9086237,0.29586703,0.012251971,0.4,0.0,0.17557886,0.030607918,0.7555862,0.110439286,0.09997077,0.2908254,0.10119306,0.07072961
375316653866487564,4041315190479479808,0.4472414,2395.5244062104794,4.847247586715162,4.7061272E-5,18.947752,0.009782832,0.4395912,0.0271437,0.14252573,0.025871439,0.1618579,0.027525162,0.81535643,0.03377502,0.01194345,0.019911435,0.07140109,0.08384733,null,null,null,null,"TWOGAUSSIANS",8,7.367211,0.4395912,0.0271437,0.4,0.0,0.16116966,0.02780238,0.81535643,0.03377502,0.066883326,0.11150404,0.07573285,0.086556315
375316653866487564,4041315190479691136,0.42548633,2524.6589058124478,3.99027087397438,5.760219E-5,19.382067,0.059294928,0.16991428,0.0066444157,0.08323597,0.022998847,0.36499664,0.07146913,0.6481145,0.013119546,0.08084532,0.023508962,0.3035257,0.06471937,null,null,null,null,"TWOGAUSSIANS",8,4.8622594,0.16991428,0.0066444157,0.4,0.0,0.36075425,0.0723957,0.6481145,0.013119546,0.4,0.0,0.29928333,0.05598615
375316653866487564,4041315224839463296,0.4365756,2422.6575741234005,0.16528891986010374,1.6473146E-5,17.461391,0.0053244107,0.34178865,0.004727097,0.040996935,0.009142624,0.057294954,0.014978867,0.8418277,0.0025148008,0.016462786,0.0059662582,0.1396923,0.06130614,null,null,null,null,"TWOGAUSSIANS",8,8.394596,0.8418277,0.0025148008,0.0921916,0.03341105,0.1396923,0.06130614,0.34178865,0.004727097,0.22958283,0.051198695,0.057294954,0.014978867
375316653866487564,4041315259199207680,0.5971017,2423.4011219442787,2.474016942103097,6.4625638E-6,16.483597,0.013480399,0.21268182,0.0016117728,0.04565772,0.0054580155,0.29728675,0.028756777,0.7131545,0.004728923,0.053213656,0.0059769666,0.32380882,0.039433748,0.14136773,0.020238407,0.21268182,0.0016117728,"TWOGAUSSIANS_WITH_ELLIPSOIDAL_ON_ECLIPSE1",9,37.152893,0.7131545,0.0043799,0.29799646,0.03347101,0.60653627,0.032293875,0.21268182,0.0016117728,0.25568324,0.030564887,0.5800167,0.015808187
375316653866487564,4041315328017105920,0.46043655,2436.138927833987,2.8903292538628333,4.4878132E-5,19.192287,0.023702623,0.25223154,0.010789881,0.07418131,0.027140073,0.34978306,0.084384084,0.75994277,0.011151469,0.07790444,0.010328919,0.32997632,0.033002637,null,null,null,null,"TWOGAUSSIANS",8,13.034545,0.25223154,0.010789881,0.4,0.06211609,0.34720245,0.0892593,0.75994277,0.011151469,0.4,0.0,0.32739568,0.030207977
375316653866487564,4041315357982515456,0.52766675,2440.8596538404017,2.3760835474584843,1.151625E-5,19.093784,0.020185003,0.24543376,0.0036247703,0.09553773,0.009605503,0.33540326,0.023747414,0.7455056,0.005685511,0.09044361,0.009832215,0.43885913,0.047439586,null,null,null,null,"TWOGAUSSIANS",8,3.0932486,0.7455056,0.005685511,0.4,0.0,0.41832978,0.05081572,0.24543376,0.0036247703,0.4,0.0,0.31487334,0.02385895
375316653866487564,4041315529754795776,0.5974256,2432.6236164635907,0.6441166191419705,2.0304773E-5,16.652967,0.0051525403,0.23922539,0.0028667096,0.028747099,0.0062163766,0.097233556,0.042001743,0.736053,0.0011829574,0.03950739,0.0019243775,0.43066922,0.013184365,0.018300306,0.0074393125,0.23922539,0.0028667096,"TWOGAUSSIANS_WITH_ELLIPSOIDAL_ON_ECLIPSE1",9,10.216789,0.736083,0.0011710983,0.22124137,0.010776514,0.46725535,0.011030825,0.23922539,0.0028667096,0.16098374,0.03481171,0.13383408,0.04402462
375316653866487564,4041315602797049216,0.52818793,2449.6818557339448,1.3400211654509,3.1295065E-5,17.095945,0.005177884,0.22304259,9.08426E-4,0.04025633,0.0058477754,0.351389,0.08983282,0.7378621,0.020203184,0.06468087,0.02430885,0.051597856,0.016500426,0.025466563,0.008092989,0.22304259,9.08426E-4,"TWOGAUSSIANS_WITH_ELLIPSOIDAL_ON_ECLIPSE1",9,8.357635,0.22304259,9.08426E-4,0.22543545,0.032747544,0.40231007,0.09331928,0.7378621,0.020181721,0.36221284,0.13090318,0.1020786,0.012440099
375316653866487564,4041315632853969536,0.43638527,2511.7632908664805,4.137043857181199,1.355047E-5,17.025024,0.004822103,0.31406662,0.0042766375,0.012916879,0.005954699,0.14809221,0.22058186,0.7101269,0.026036855,0.07252922,0.013177605,0.09199465,0.015304146,null,null,null,null,"TWOGAUSSIANS",8,3.572933,0.31406662,0.0042766375,0.07233452,0.033346318,0.14809224,0.22058186,0.7101269,0.026036855,0.4,0.047953606,0.09199465,0.015304146
375316653866487564,4041315843320980480,0.514319,2371.5325767289405,2.8129839467666726,3.186989E-5,19.683477,0.050146926,0.16557306,0.008659934,0.09655972,0.016060052,0.42572773,0.051068652,0.667214,0.007572256,0.08805988,0.014775568,0.53985745,0.07896284,null,null,null,null,"TWOGAUSSIANS",8,1.3895037,0.667214,0.007572256,0.4,0.0,0.5161563,0.08357081,0.16557306,0.008659934,0.4,0.0,0.4020254,0.038008902
375316653866487564,4041315912035438976,0.42459187,2479.5464074350434,4.090450253560459,6.852237E-5,19.156403,0.009192514,0.28092462,0.020716026,0.08690141,0.018741842,0.09420082,0.01784539,0.85147834,0.0058965203,0.04686709,0.008098074,0.28181183,0.072654404,null,null,null,null,"TWOGAUSSIANS",8,3.2877336,0.85147834,0.0058965203,0.2624557,0.045349214,0.28178322,0.07269328,0.28092462,0.020716026,0.4,0.0,0.09417174,0.017850284
375316653866487564,4041315946395619200,0.44225317,2395.1503452681404,1.568120964118685,5.4390683E-5,19.03526,0.10565918,0.28404328,0.0133481,0.09952053,0.039685655,0.30390602,0.10477756,0.7848938,0.017478246,0.10086587,0.046358,0.16783826,0.105311684,null,null,null,null,"TWOGAUSSIANS",8,7.851074,0.28404328,0.013419686,0.4,0.0,0.2842458,0.04224937,0.7848938,0.017478246,0.4,0.0,0.14817847,0.025772592
375316653866487564,4041316083932421504,0.4416725,2424.7582980836696,1.2962988877654027,1.2381874E-4,19.14945,0.04584251,0.18273814,0.007694535,0.05654324,0.010040825,0.22851728,0.028659666,0.67311954,0.047727183,0.1407973,0.09866111,0.09069707,0.043148186,null,null,null,null,"TWOGAUSSIANS",8,4.968396,0.18276814,0.0076895826,0.31664214,0.056228623,0.22158524,0.020592596,0.67311954,0.047727183,0.4,0.0,0.083424754,0.01696942
375316653866487564,4041316118199897216,0.44196516,2575.7927309460333,2.426598919580638,8.533398E-5,19.511032,0.016383268,0.2302617,0.14006098,0.110733226,0.13061424,0.068180695,null,0.6728339,0.023079282,0.09101916,0.025735479,0.2870992,0.06183914,null,null,null,null,"TWOGAUSSIANS",8,2.799512,0.6728339,0.023079282,0.4,0.017004304,0.28168315,0.06347481,0.2302817,0.14008763,0.4,0.39355296,0.06274334,null
375316653866487564,4041316152553229184,0.43837216,2521.1628738902023,2.1347485887267963,4.2783297E-5,17.313782,0.008448128,0.17394495,0.013318574,0.044789053,0.013904054,0.10362874,0.037137162,0.7939161,0.010379219,0.066620186,0.010406262,0.1798392,0.027453763,null,null,null,null,"TWOGAUSSIANS",8,4.464688,0.7939161,0.010379219,0.37307304,0.055792384,0.17983913,0.02745379,0.17394495,0.013318574,0.2508187,0.0778627,0.1036287,0.037137132
375316653866487564,4041316186912826752,0.5326522,2416.126241234137,0.23216283031904406,1.6157232E-5,17.239513,0.0019884927,0.19033921,0.0011230728,0.027129127,0.0014766562,0.22013095,0.015997753,0.6566201,0.011246349,0.015474101,0.0103157805,0.049560465,0.04052145,0.04115357,0.0036634044,0.19033921,0.0011230728,"TWOGAUSSIANS_WITH_ELLIPSOIDAL_ON_ECLIPSE1",9,6.812851,0.19033921,0.0011230728,0.15192312,0.008269275,0.30243805,0.016450768,0.6576201,0.012198114,0.08665496,0.05776837,0.12833434,0.03854524
375316653866487564,4041316320032313344,0.49510217,2405.7694753711476,1.4646515751798521,1.04835135E-5,16.39856,0.028106846,0.22209157,0.0031750586,0.09231245,0.009279124,0.2511745,0.02779569,0.7257493,0.0032402165,0.09934727,0.021490224,0.2232396,0.018483046,null,null,null,null,"TWOGAUSSIANS",8,30.633549,0.22209157,0.0031765788,0.4,0.0,0.23623812,0.013617789,0.7257493,0.0032402165,0.4,0.0,0.208302,0.02804352
