Gaia/vari_eclipsing_binary/VariEclipsingBinary_529516-529538.csv
# %ECSV 1.0
# ---
# delimiter: ','
# meta: !!omap
# - RELEASE: Gaia DR3
# - TABLE: vari_eclipsing_binary
# - DESCRIPTION: >
#     This table describes the properties of the eclipsing binaries resulting from the variability analysis. 
# - CITATION: >
#     How to cite and acknowledge Gaia: 
#     https://gea.esac.esa.int/archive/documentation/credits.html 
# - KNOWN_ISSUES: >
#     Known issues: 
#     https://www.cosmos.esa.int/web/gaia-users/known-issues 
# - DOCUMENTATION: >
#     Tutorials and documentation: 
#     https://www.cosmos.esa.int/web/gaia-users/archive 
# datatype:
# - 
#   name: solution_id
#   datatype: int64
#   description: Solution Identifier
#   meta:
#     ucd: meta.version
# - 
#   name: source_id
#   datatype: int64
#   description: Unique source identifier
#   meta:
#     ucd: meta.id;meta.main
# - 
#   name: global_ranking
#   datatype: float32
#   description: Number between 0 (worst) and 1 (best)
#   meta:
#     ucd: stat.param
# - 
#   name: reference_time
#   datatype: float64
#   unit: d
#   description: Reference time used for the geometric model fit
#   meta:
#     ucd: time.epoch
# - 
#   name: frequency
#   datatype: float64
#   unit: d**-1
#   description: Frequency of geometric model of the eclipsing binary light curve
#   meta:
#     ucd: src.orbital
# - 
#   name: frequency_error
#   datatype: float32
#   unit: d**-1
#   description: "Uncertainty of \\texttt{frequency}"
#   meta:
#     ucd: stat.error
# - 
#   name: geom_model_reference_level
#   datatype: float32
#   unit: mag
#   description: Magnitude reference level of geometric model
#   meta:
#     ucd: phot.mag;em.opt
# - 
#   name: geom_model_reference_level_error
#   datatype: float32
#   unit: mag
#   description: "Uncertainty of \\texttt{geomModelReferenceLevel}"
#   meta:
#     ucd: stat.error;phot.mag;em.opt
# - 
#   name: geom_model_gaussian1_phase
#   datatype: float32
#   description: Phase of the Gaussian 1 component
#   meta:
#     ucd: time.phase
# - 
#   name: geom_model_gaussian1_phase_error
#   datatype: float32
#   description: "Uncertainty of \\texttt{geomModelGaussian1Phase}"
#   meta:
#     ucd: stat.error;time.phase
# - 
#   name: geom_model_gaussian1_sigma
#   datatype: float32
#   description: "Standard deviation [phase] of Gaussian 1 component"
#   meta:
#     ucd: stat.stdev
# - 
#   name: geom_model_gaussian1_sigma_error
#   datatype: float32
#   description: "Uncertainty of \\texttt{geomModelGaussian1Sigma}"
#   meta:
#     ucd: stat.error
# - 
#   name: geom_model_gaussian1_depth
#   datatype: float32
#   unit: mag
#   description: Magnitude depth of Gaussian 1 component
#   meta:
#     ucd: src.var.amplitude
# - 
#   name: geom_model_gaussian1_depth_error
#   datatype: float32
#   unit: mag
#   description: "Uncertainty of \\texttt{geomModelGaussian1Depth}"
#   meta:
#     ucd: stat.error;src.var.amplitude
# - 
#   name: geom_model_gaussian2_phase
#   datatype: float32
#   description: Phase of Gaussian 2 component
#   meta:
#     ucd: time.phase
# - 
#   name: geom_model_gaussian2_phase_error
#   datatype: float32
#   description: "Uncertainty of \\texttt{geomModelGaussian2Phase}"
#   meta:
#     ucd: stat.error;time.phase
# - 
#   name: geom_model_gaussian2_sigma
#   datatype: float32
[...]
#   datatype: float32
#   description: "Secondary eclipse: uncertainty of \\texttt{derivedSecondaryEclDuration}"
#   meta:
#     ucd: stat.error;time.duration
# - 
#   name: derived_secondary_ecl_depth
#   datatype: float32
#   unit: mag
#   description: "Secondary eclipse: depth"
#   meta:
#     ucd: src.var.amplitude
# - 
#   name: derived_secondary_ecl_depth_error
#   datatype: float32
#   unit: mag
#   description: "Secondary eclipse: uncertainty of \\texttt{derivedSecondaryEclDepth}"
#   meta:
#     ucd: stat.error;src.var.amplitude
solution_id,source_id,global_ranking,reference_time,frequency,frequency_error,geom_model_reference_level,geom_model_reference_level_error,geom_model_gaussian1_phase,geom_model_gaussian1_phase_error,geom_model_gaussian1_sigma,geom_model_gaussian1_sigma_error,geom_model_gaussian1_depth,geom_model_gaussian1_depth_error,geom_model_gaussian2_phase,geom_model_gaussian2_phase_error,geom_model_gaussian2_sigma,geom_model_gaussian2_sigma_error,geom_model_gaussian2_depth,geom_model_gaussian2_depth_error,geom_model_cosine_half_period_amplitude,geom_model_cosine_half_period_amplitude_error,geom_model_cosine_half_period_phase,geom_model_cosine_half_period_phase_error,model_type,num_model_parameters,reduced_chi2,derived_primary_ecl_phase,derived_primary_ecl_phase_error,derived_primary_ecl_duration,derived_primary_ecl_duration_error,derived_primary_ecl_depth,derived_primary_ecl_depth_error,derived_secondary_ecl_phase,derived_secondary_ecl_phase_error,derived_secondary_ecl_duration,derived_secondary_ecl_duration_error,derived_secondary_ecl_depth,derived_secondary_ecl_depth_error
[from data line 440]
375316653866487564,4657816131860879488,0.460892,2144.5975821969573,0.16081487271252373,4.381631E-5,19.71999,0.009015648,0.364468,0.0076793814,0.06149923,0.0068204924,0.35578415,0.067592725,0.6705539,0.0092081,0.02810017,0.021823628,0.18461509,4.150998,0.083273605,0.021168945,0.6705539,0.0092081,"TWOGAUSSIANS_WITH_ELLIPSOIDAL_ON_ECLIPSE2",9,3.5666413,0.356368,0.0075425226,0.3443957,0.038194757,0.37836155,0.068318024,0.6705539,0.0092081,0.15736096,0.12221231,0.3511629,4.1474066
375316653866487564,4657816136175870976,0.6669935,2162.729364936561,0.7366443447955897,1.2853886E-5,16.274628,0.003893972,0.28431684,0.0026065747,0.044302184,0.0032067185,0.33769348,0.012320584,0.7812566,0.0018291586,0.04465768,0.0016054987,0.35992634,0.020074353,0.08565722,0.0059281513,0.28431684,0.0026065747,"TWOGAUSSIANS_WITH_ELLIPSOIDAL_ON_ECLIPSE1",9,7.303546,0.78146666,0.0016251813,0.250083,0.008990793,0.5311814,0.018390225,0.28431684,0.0026065747,0.24809222,0.017957624,0.5090075,0.011672174
375316653866487564,4657816269340837376,0.4654031,2108.6669903029797,3.7295007054948517,3.3712797E-5,19.88786,0.034189466,0.13374062,0.022753688,0.09210768,0.033922207,0.08690519,0.037856467,0.6436556,0.016979119,0.043145187,0.029078372,0.6778717,0.41585663,null,null,null,null,"TWOGAUSSIANS",8,1.9340279,0.6436556,0.016979119,0.24161305,0.16002831,0.67763025,0.4245269,0.13374062,0.022753688,0.4,0.0,0.08666368,0.031233722
375316653866487564,4657816411053743488,0.5414974,2143.248589309744,0.922993584446976,9.736793E-6,17.62782,0.0070222067,0.26914194,0.0049172435,0.077924706,0.007197693,0.22828771,0.014024725,0.7692272,0.0031420435,0.084552415,0.0056302794,0.21115682,0.014290676,null,null,null,null,"TWOGAUSSIANS",8,4.955539,0.26914194,0.0049172435,0.4,0.0,0.2244484,0.014594568,0.7692272,0.0031420435,0.4,0.0,0.2073175,0.014644129
375316653866487564,4657816479773230464,0.49829867,2162.649542374339,0.15286560898814117,4.112908E-5,17.272005,0.007626794,0.09626592,0.011170585,0.023790289,0.012252036,0.29606107,0.28185552,0.7497486,0.014396671,0.03756011,0.01768238,0.089805365,0.08441719,0.010725633,0.011495954,0.7497486,0.014396671,"TWOGAUSSIANS_WITH_ELLIPSOIDAL_ON_ECLIPSE2",9,19.74144,0.09650592,0.01089415,0.13322562,0.0686114,0.30304438,0.28299126,0.7497486,0.014396671,0.2103366,0.099021316,0.11125658,0.089547165
375316653866487564,4657816544178254592,0.44702986,2151.0204070359587,2.1443878044026903,8.136499E-5,18.38379,0.015127428,0.41572952,0.028116487,0.17519303,0.051462777,0.07926473,0.014399143,0.843324,0.0027681193,0.01878901,0.006166306,0.08771707,0.054311384,null,null,null,null,"TWOGAUSSIANS",8,2.3557656,0.843324,0.0027681193,0.105218455,0.03453131,0.08940423,0.054426294,0.41572952,0.028116487,0.4,0.0,0.076538794,0.010269591
375316653866487564,4657816647257311744,0.45394984,2149.8866830830775,0.1526393512743099,4.153402E-5,18.556698,0.023145141,0.2414766,0.027185097,0.10971038,0.021473158,0.12624061,0.021947024,0.7724487,0.008489292,0.11696373,0.018782962,0.14895174,0.026604231,null,null,null,null,"TWOGAUSSIANS",8,3.1237097,0.7724887,0.008477893,0.4,0.0,0.13128746,0.02201763,0.24133658,0.027207635,0.4,0.0,0.108614795,0.01925049
375316653866487564,4657817235687462528,0.4277056,2186.0078767172404,0.05850301528234921,1.5025854E-4,18.373632,0.011399976,0.26415473,0.010925364,0.077122286,0.0283514,0.0981212,0.15169093,0.7500501,0.01666109,0.09082585,0.026185524,0.11167221,0.020250121,null,null,null,null,"TWOGAUSSIANS",8,5.3976097,0.7500501,0.01666109,0.4,0.0,0.10973557,0.022707578,0.26415473,0.010925652,0.4,0.103558935,0.09618465,0.15338326
375316653866487564,4657817441845868288,0.5111927,2164.609510544418,0.5895966268148913,1.3969111E-4,18.06061,0.003586926,0.17554508,0.036650192,0.0363842,0.028802281,0.029886585,0.36709446,0.582518,0.029278358,0.013695689,0.010355251,0.4490869,48.04687,0.0033138485,0.0041444837,0.582518,0.029278358,"TWOGAUSSIANS_WITH_ELLIPSOIDAL_ON_ECLIPSE2",9,1.6747979,0.582518,0.029278358,0.07669586,0.057989407,0.45571458,48.04754,0.17386508,0.037737023,0.2037515,0.16129278,0.034528572,0.36712593
375316653866487564,4657817510565328768,0.60188687,2193.383665414824,0.11512148824932109,1.5671903E-5,16.764616,0.0019142239,0.5417873,0.0056845793,0.0060818875,0.0039878725,0.36208066,0.114207536,0.65319335,0.038291816,0.004267317,0.0056103007,0.35088426,3775.714,0.0010926299,0.002702243,0.65319335,0.038291816,"TWOGAUSSIANS_WITH_ELLIPSOIDAL_ON_ECLIPSE2",9,7.6941805,0.5417873,0.0056845793,0.03405857,0.022332087,0.36335903,0.11432112,0.65319335,0.038291816,0.023896974,0.031417686,0.3530695,3775.7156
375316653866487564,4657817643728818560,0.46419764,2163.9698138103377,0.5941811437405525,8.482181E-5,18.72027,0.0049086786,0.50405055,0.016685497,0.054991417,0.034620747,0.056059796,0.0090792915,0.6748944,0.02396974,0.037919357,0.027923714,0.19351488,24.19011,null,null,null,null,"TWOGAUSSIANS",8,2.020661,0.6748944,0.02396974,0.2123484,0.1563728,0.19396444,24.19005,0.50410056,0.016713534,0.30795196,0.19196013,0.05606738,0.009089808
375316653866487564,4657817678048974592,0.47877973,2163.044509049644,0.7249664600325963,2.0245847E-5,18.138695,0.005450344,0.29744878,0.06460049,0.045418184,0.032224357,0.00965802,0.06487005,0.81408083,0.0035816852,0.039531525,0.004102317,0.2171772,0.017364936,null,null,null,null,"TWOGAUSSIANS",8,7.06599,0.81408083,0.0035816852,0.22137654,0.022972977,0.2171772,0.017364934,0.29744878,0.06460049,0.25434184,0.1804564,0.009658019,0.06487006
375316653866487564,4657817751083512704,0.49094486,2145.610283289839,0.5236611292629678,2.315783E-4,17.89249,0.0038372183,0.16931543,0.039997388,0.025740406,0.018463004,1.0716445,1.4035251,0.8803695,0.0027611565,0.01565922,0.0019922396,1.4185861,1.022593,null,null,null,null,"TWOGAUSSIANS",8,8.796939,0.8803695,0.0027611565,0.087691635,0.011156541,1.4185861,1.022593,0.16931543,0.039997388,0.14414628,0.103392825,1.0716445,1.4035251
375316653866487564,4657818365263958912,0.46987924,2203.6479673398408,0.289856534486212,2.642538E-5,18.376091,0.0039802045,0.08787992,0.065226816,0.03871198,0.011971669,0.0351353,0.014689016,0.6681875,0.009750613,0.044791933,0.0072060293,0.15243274,0.032930493,null,null,null,null,"TWOGAUSSIANS",8,2.7832758,0.6681875,0.009750613,0.25083482,0.040353764,0.15243274,0.032930493,0.08787992,0.065226816,0.21678708,0.067041345,0.0351353,0.014689023
375316653866487564,4657818403918502400,0.44480655,2179.7012987985636,0.08895822812384682,4.064141E-5,17.64433,0.037512764,0.4063181,0.017233526,0.14412184,0.025227593,0.5077723,0.063439846,0.7898484,0.022756133,0.09335376,0.025194075,0.32766625,0.04354716,null,null,null,null,"TWOGAUSSIANS",8,8.934556,0.4064481,0.016791992,0.4,0.0,0.47905537,0.077011146,0.7898484,0.022756133,0.4,0.0,0.3136517,0.042342123
375316653866487564,4657818988034026368,0.5460297,2166.9808383362224,1.3526873355775288,4.1982375E-6,17.28538,0.0020264664,0.4817616,4.5232635E-5,0.012540358,3.231645E-4,0.6417073,0.028843166,0.7083584,0.03893946,0.048489917,0.03284424,0.010550072,0.009866347,null,null,null,null,"TWOGAUSSIANS",8,4.095413,0.4817616,4.5232635E-5,0.070226006,0.0018097212,0.6417075,0.028876873,0.7083584,0.03893946,0.27154353,0.18392776,0.010550072,0.009866347
375316653866487564,4657819091113223680,0.44902873,2196.8318044985085,1.1381535632383166,2.1555106E-5,17.459528,0.0021422992,0.12554277,0.0023674394,0.03144302,0.0038209602,0.060861178,0.0050916285,0.62528855,0.0035672516,0.031482976,0.003857951,0.07663743,0.0062766634,null,null,null,null,"TWOGAUSSIANS",8,4.754395,0.62528855,0.0035672516,0.17630467,0.021604525,0.07663743,0.0062766634,0.12554277,0.0023674394,0.17608091,0.021397376,0.060861178,0.0050916285
375316653866487564,4657819189902974848,0.5099702,2196.3197312392435,0.2461967118095285,1.848327E-5,16.301567,0.005027424,0.6448212,0.004393126,0.042447973,0.01687777,0.23477288,0.06031982,null,null,null,null,null,null,0.0680951,0.0061076586,0.6448212,0.004393126,"ONEGAUSSIAN_WITH_ELLIPSOIDAL",6,22.722445,0.6448212,0.004393126,0.23770866,0.09451551,0.37096304,0.0658697,null,null,null,null,null,null
375316653866487564,4657819365994273792,0.5825389,2149.7475868522683,2.760719624454735,1.1607438E-5,11.164102,0.046928726,0.20073505,0.0035173688,0.061661582,0.009474581,0.43412057,0.09946536,0.70254856,0.002000306,0.060260065,0.008231934,0.43511385,0.10215195,0.061135583,0.05475047,0.20073505,0.0035173688,"TWOGAUSSIANS_WITH_ELLIPSOIDAL_ON_ECLIPSE1",9,396.2211,0.70254856,0.001991461,0.33745638,0.04609883,0.55718124,0.046992794,0.20073505,0.0035173688,0.34530485,0.053057656,0.55620384,0.034143444
375316653866487564,4657819606509360000,0.53276145,2172.9025117263286,0.612948074166191,4.0559E-5,19.261251,0.0064110686,0.27391884,0.014015468,0.021775898,0.0039055427,0.7000162,0.44735053,0.7077077,1.3036268E-4,0.0070996094,1.8809004E-4,0.5312797,0.0083345845,null,null,null,null,"TWOGAUSSIANS",8,2.956144,0.27391884,0.014015468,0.12194502,0.02187104,0.7000162,0.44735053,0.7077077,1.3036268E-4,0.03975781,0.0010533043,0.5312797,0.0083345845
375316653866487564,4657819675228808192,0.5509516,2166.965910831208,0.38970442346057993,9.4052004E-5,16.366556,0.0018406367,0.18002085,0.010639937,0.014674203,0.0037829147,0.5537527,0.40749758,0.90364635,0.008715413,0.029325938,0.01002722,0.06664277,0.07893819,0.0075857127,0.00301433,0.18002085,0.010639937,"TWOGAUSSIANS_WITH_ELLIPSOIDAL_ON_ECLIPSE1",9,10.217585,0.18002085,0.010639937,0.08217554,0.021184321,0.56892407,0.40604,0.90364635,0.008715413,0.16422525,0.05615243,0.0670555,0.07893039
375316653866487564,4657820220670693376,0.51682335,2183.8069990023264,0.493081090675671,4.170875E-5,19.319578,0.0906417,0.19393586,0.042032618,0.2072255,0.14877862,0.08333763,0.0893139,0.62311924,0.010992409,0.09041271,0.0112726595,0.63658077,0.05215307,null,null,null,null,"TWOGAUSSIANS",8,1.4176644,0.62311924,0.010992409,0.4,0.0,0.61163884,0.0885317,0.19415586,0.042207543,0.4,0.0,0.046770494,0.016062148
375316653866487564,4657820328051232640,0.51281565,2174.947665700948,0.4574257612708332,8.0851634E-5,19.768454,0.0051833424,0.29562148,3.7090573E-5,0.015270961,1.9130374E-4,1.0033398,0.0051337774,0.020372618,0.007516108,0.04088285,0.0068783695,0.8578032,1.507368,0.0668694,0.006854312,0.020372618,0.007516108,"TWOGAUSSIANS_WITH_ELLIPSOIDAL_ON_ECLIPSE2",9,2.9230974,0.29568148,3.245603E-5,0.085517384,0.0010713009,1.0066847,0.0040257787,0.020372618,0.007516108,0.22894396,0.038518872,0.9915412,1.5074694
375316653866487564,4657820568581993600,0.59494215,2154.3915330409022,0.33077022463354294,8.464366E-6,16.245415,0.0042431005,0.29122847,0.0040137484,0.05785166,0.008348602,0.10587227,0.015670875,0.802543,0.0055786083,0.034982134,0.012219183,0.14755814,0.14530429,0.07099247,0.0070859054,0.29122847,0.0040137484,"TWOGAUSSIANS_WITH_ELLIPSOIDAL_ON_ECLIPSE1",9,12.457548,0.802543,0.0055786083,0.19589995,0.06842743,0.2888173,0.14869484,0.29122847,0.0040137484,0.3239693,0.04675217,0.24784781,0.013075465
375316653866487564,4657821771173873152,0.5149802,2171.3195822677917,0.2848860726113388,1.5006612E-5,18.450642,0.31361786,0.20069656,0.004773173,0.1585222,0.034007482,0.39021933,0.2817494,0.7078767,0.004289891,0.17141892,0.050306935,0.40973008,0.29997972,null,null,null,null,"TWOGAUSSIANS",8,1.3185217,0.7090267,0.0035425262,0.4,0.0,0.16973928,0.0065161274,0.19899654,0.003953572,0.4,0.0,0.15651321,0.00808886
375316653866487564,4657821805520718976,0.4755809,2185.022482556113,1.0766823187410532,1.5158772E-4,18.457968,0.0022073842,0.3388724,0.007905181,0.05924375,0.0049011223,0.18058725,0.010587198,0.64576,0.005469021,0.016976474,0.008805069,0.20771109,20.446299,null,null,null,null,"TWOGAUSSIANS",8,1.7801826,0.64576,0.005469021,0.09506826,0.049308386,0.20771135,20.446299,0.3388724,0.007905181,0.331765,0.027446285,0.18058725,0.010587198
375316653866487564,4657823106888976000,0.54913753,2152.8120355539077,1.0189650523760945,3.0038314E-5,19.372644,0.009672359,0.3145369,0.024072606,0.076882094,0.021081327,0.17757982,0.0243061,0.80787,0.003293808,0.052158732,0.003908902,0.61493206,0.045297395,null,null,null,null,"TWOGAUSSIANS",8,2.0753112,0.80787,0.003293808,0.2920889,0.02188985,0.6146789,0.04536435,0.3145369,0.024072606,0.4,0.036851842,0.17732666,0.024503848
375316653866487564,4657824240756866048,0.57627785,2160.593990576688,1.0904367828516157,5.5846864E-5,18.371504,0.020645022,0.22832015,0.01304036,0.03598555,0.034588225,0.15153487,4.3513937E32,0.71457154,0.0020827416,0.038917627,0.0053326604,0.7023242,0.11286326,0.07138097,0.024223734,0.22832015,0.01304036,"TWOGAUSSIANS_WITH_ELLIPSOIDAL_ON_ECLIPSE1",9,7.4169283,0.71489155,0.0019550312,0.2179387,0.0298629,0.8440483,0.11461516,0.22832015,0.01304036,0.20151909,0.19369406,0.29429668,4.3513937E32
375316653866487564,4657824279434595200,0.51419777,2153.453862296859,0.6564977708932817,6.0687442E-5,17.731686,0.0034213103,0.35781002,0.007985768,0.029364986,0.005477399,0.2623705,0.05809657,0.8672368,0.0051949513,0.028969321,0.0034258054,0.057527106,0.005042747,null,null,null,null,"TWOGAUSSIANS",8,4.344605,0.35781002,0.007985768,0.16444393,0.030673435,0.2623705,0.05809657,0.8672368,0.0051949513,0.1622282,0.01918451,0.057527106,0.005042747
375316653866487564,4657824412608833536,0.44094425,2141.641761823929,0.22018793821502636,6.223096E-5,19.285975,0.021190936,0.17909157,0.016401283,0.04512782,0.009085062,0.22383511,0.07943857,0.78015107,0.017787335,0.097485565,0.020873105,0.17745985,0.024000332,null,null,null,null,"TWOGAUSSIANS",8,6.4667115,0.17907158,0.01641161,0.2527158,0.050876345,0.22382687,0.07935814,0.78015107,0.017787335,0.4,0.0,0.17741062,0.023805087
375316653866487564,4657824451233282816,0.45491835,2161.638741138217,0.09964363798860805,2.538955E-4,17.677282,0.0031711673,0.3566786,0.03801489,0.011193807,0.019159675,0.1479071,0.024108278,0.9084865,4.100195E-5,0.014550273,4.84927E-4,2.1876411,0.3845495,null,null,null,null,"TWOGAUSSIANS",8,8.116135,0.9084865,4.100195E-5,0.08148153,0.0027155913,2.1876411,0.3845495,0.3566786,0.03801489,0.06268532,0.10729417,0.1479071,0.024108278
375316653866487564,4657824790516875264,0.53855765,2149.4172634107763,0.6911464228521553,1.1094709E-5,17.148542,0.0031516466,0.28937787,0.0024791923,0.031502128,0.0029803095,0.11291417,0.009845779,null,null,null,null,null,null,0.04295964,0.0048571858,0.28937787,0.0024791923,"ONEGAUSSIAN_WITH_ELLIPSOIDAL",6,5.1008883,0.28937787,0.0024791923,0.17641193,0.016689733,0.19883336,0.0073777405,null,null,null,null,null,null
375316653866487564,4657824962364599808,0.4581369,2176.5684404666863,0.12070335073535078,2.0487052E-5,19.28201,0.0067882664,0.20279752,0.011096037,0.059039004,0.010781172,0.19195338,0.10959536,0.69429326,0.0030689947,0.029797686,0.0037595888,0.25392443,0.04200873,null,null,null,null,"TWOGAUSSIANS",8,2.2715182,0.69429326,0.0030689947,0.16686705,0.021053696,0.2539244,0.042008772,0.20279752,0.011096037,0.33061844,0.060374558,0.19195335,0.109595396
375316653866487564,4657825477736792064,0.55428445,2144.1203277085756,0.03122489766496624,1.16007635E-4,19.283083,0.0093569625,0.098935224,5.253934E-6,0.0031914162,5.1417246E-5,2.1826985,0.05819247,0.27229527,0.100959055,0.045319196,0.085202955,0.047136568,1.78008883E10,null,null,null,null,"TWOGAUSSIANS",8,3.9081829,0.098935224,5.253934E-6,0.01787193,2.8793656E-4,2.18273,0.058569726,0.27229527,0.100959055,0.2537875,0.44996783,0.047136568,1.78008883E10
375316653866487564,4657826100500809856,0.51311636,2177.798692616021,1.290267987559955,2.4255376E-5,16.980047,0.004394169,0.14613324,0.015204635,0.039829537,0.023346988,0.029776856,0.012538922,0.49572197,0.022975653,0.090904705,0.041363325,0.17642301,0.114407346,null,null,null,null,"TWOGAUSSIANS",8,4.41615,0.49572197,0.022975653,0.4,0.0,0.17642221,0.11449932,0.14638324,0.015339508,0.22304541,0.13074313,0.02988505,0.012748034
