Gaia/vari_eclipsing_binary/VariEclipsingBinary_460900-460941.csv
# %ECSV 1.0
# ---
# delimiter: ','
# meta: !!omap
# - RELEASE: Gaia DR3
# - TABLE: vari_eclipsing_binary
# - DESCRIPTION: >
#     This table describes the properties of the eclipsing binaries resulting from the variability analysis. 
# - CITATION: >
#     How to cite and acknowledge Gaia: 
#     https://gea.esac.esa.int/archive/documentation/credits.html 
# - KNOWN_ISSUES: >
#     Known issues: 
#     https://www.cosmos.esa.int/web/gaia-users/known-issues 
# - DOCUMENTATION: >
#     Tutorials and documentation: 
#     https://www.cosmos.esa.int/web/gaia-users/archive 
# datatype:
# - 
#   name: solution_id
#   datatype: int64
#   description: Solution Identifier
#   meta:
#     ucd: meta.version
# - 
#   name: source_id
#   datatype: int64
#   description: Unique source identifier
#   meta:
#     ucd: meta.id;meta.main
# - 
#   name: global_ranking
#   datatype: float32
#   description: Number between 0 (worst) and 1 (best)
#   meta:
#     ucd: stat.param
# - 
#   name: reference_time
#   datatype: float64
#   unit: d
#   description: Reference time used for the geometric model fit
#   meta:
#     ucd: time.epoch
# - 
#   name: frequency
#   datatype: float64
#   unit: d**-1
#   description: Frequency of geometric model of the eclipsing binary light curve
#   meta:
#     ucd: src.orbital
# - 
#   name: frequency_error
#   datatype: float32
#   unit: d**-1
#   description: "Uncertainty of \\texttt{frequency}"
#   meta:
#     ucd: stat.error
# - 
#   name: geom_model_reference_level
#   datatype: float32
#   unit: mag
#   description: Magnitude reference level of geometric model
#   meta:
#     ucd: phot.mag;em.opt
# - 
#   name: geom_model_reference_level_error
#   datatype: float32
#   unit: mag
#   description: "Uncertainty of \\texttt{geomModelReferenceLevel}"
#   meta:
#     ucd: stat.error;phot.mag;em.opt
# - 
#   name: geom_model_gaussian1_phase
#   datatype: float32
#   description: Phase of the Gaussian 1 component
#   meta:
#     ucd: time.phase
# - 
#   name: geom_model_gaussian1_phase_error
#   datatype: float32
#   description: "Uncertainty of \\texttt{geomModelGaussian1Phase}"
#   meta:
#     ucd: stat.error;time.phase
# - 
#   name: geom_model_gaussian1_sigma
#   datatype: float32
#   description: "Standard deviation [phase] of Gaussian 1 component"
#   meta:
#     ucd: stat.stdev
# - 
#   name: geom_model_gaussian1_sigma_error
#   datatype: float32
#   description: "Uncertainty of \\texttt{geomModelGaussian1Sigma}"
#   meta:
#     ucd: stat.error
# - 
#   name: geom_model_gaussian1_depth
#   datatype: float32
#   unit: mag
#   description: Magnitude depth of Gaussian 1 component
#   meta:
#     ucd: src.var.amplitude
# - 
#   name: geom_model_gaussian1_depth_error
#   datatype: float32
#   unit: mag
#   description: "Uncertainty of \\texttt{geomModelGaussian1Depth}"
#   meta:
#     ucd: stat.error;src.var.amplitude
# - 
#   name: geom_model_gaussian2_phase
#   datatype: float32
#   description: Phase of Gaussian 2 component
#   meta:
#     ucd: time.phase
# - 
#   name: geom_model_gaussian2_phase_error
#   datatype: float32
#   description: "Uncertainty of \\texttt{geomModelGaussian2Phase}"
#   meta:
#     ucd: stat.error;time.phase
# - 
#   name: geom_model_gaussian2_sigma
#   datatype: float32
[...]
#   datatype: float32
#   description: "Secondary eclipse: uncertainty of \\texttt{derivedSecondaryEclDuration}"
#   meta:
#     ucd: stat.error;time.duration
# - 
#   name: derived_secondary_ecl_depth
#   datatype: float32
#   unit: mag
#   description: "Secondary eclipse: depth"
#   meta:
#     ucd: src.var.amplitude
# - 
#   name: derived_secondary_ecl_depth_error
#   datatype: float32
#   unit: mag
#   description: "Secondary eclipse: uncertainty of \\texttt{derivedSecondaryEclDepth}"
#   meta:
#     ucd: stat.error;src.var.amplitude
solution_id,source_id,global_ranking,reference_time,frequency,frequency_error,geom_model_reference_level,geom_model_reference_level_error,geom_model_gaussian1_phase,geom_model_gaussian1_phase_error,geom_model_gaussian1_sigma,geom_model_gaussian1_sigma_error,geom_model_gaussian1_depth,geom_model_gaussian1_depth_error,geom_model_gaussian2_phase,geom_model_gaussian2_phase_error,geom_model_gaussian2_sigma,geom_model_gaussian2_sigma_error,geom_model_gaussian2_depth,geom_model_gaussian2_depth_error,geom_model_cosine_half_period_amplitude,geom_model_cosine_half_period_amplitude_error,geom_model_cosine_half_period_phase,geom_model_cosine_half_period_phase_error,model_type,num_model_parameters,reduced_chi2,derived_primary_ecl_phase,derived_primary_ecl_phase_error,derived_primary_ecl_duration,derived_primary_ecl_duration_error,derived_primary_ecl_depth,derived_primary_ecl_depth_error,derived_secondary_ecl_phase,derived_secondary_ecl_phase_error,derived_secondary_ecl_duration,derived_secondary_ecl_duration_error,derived_secondary_ecl_depth,derived_secondary_ecl_depth_error
[from data line 256]
375316653866487564,4054258022873572992,0.57604575,2481.521692832592,1.5851104362914827,1.1580008E-5,16.384134,0.0012896539,0.47785386,0.009173194,0.008225651,0.0046317307,0.4242016,0.2030637,0.56064236,0.036683332,0.018578462,0.07132989,0.009731014,1.703311,null,null,null,null,"TWOGAUSSIANS",8,4.5254116,0.47785386,0.009172976,0.046063647,0.025937691,0.42420208,0.20317961,0.56064236,0.036683332,0.104039386,0.30704328,0.009731014,1.703311
375316653866487564,4054258641343474304,0.54643226,2509.1282694845863,0.4214324331249173,2.6076673E-6,19.79724,0.0041369074,0.17573498,0.004292191,0.014422566,0.0034420886,0.6950394,0.06583364,0.67480177,0.0010696161,0.016198121,0.0010138828,0.582762,0.012096333,null,null,null,null,"TWOGAUSSIANS",8,1.7080414,0.17573498,0.004292191,0.080766365,0.019275697,0.6950394,0.06583364,0.67480177,0.0010696161,0.09070948,0.0056777433,0.582762,0.012096333
375316653866487564,4054260256241877760,0.523126,2477.203149318407,1.1408046107712833,1.5537991E-5,19.523403,0.006279535,0.2566641,0.005263437,0.049163163,0.005580619,0.30789283,0.02726446,0.76108485,0.0045286366,0.04771608,0.0043951804,0.3114342,0.01872854,null,null,null,null,"TWOGAUSSIANS",8,1.4241791,0.76108485,0.0045286366,0.26721007,0.02461301,0.3114334,0.018728623,0.2566641,0.005263437,0.2753137,0.031251464,0.30789202,0.027265342
375316653866487564,4054260496760111744,0.530341,2480.5741268064457,1.6707479374516434,7.3967494E-5,19.38928,0.0041193194,0.19932534,0.012724287,0.047006954,0.010602129,0.89949787,1.5781157,0.52592325,0.016439265,0.020217827,0.01482315,0.054078482,6226.543,0.006165088,0.005029181,0.19932534,0.012724287,"TWOGAUSSIANS_WITH_ELLIPSOIDAL_ON_ECLIPSE1",9,1.3314908,0.19932534,0.012724287,0.26323894,0.059371922,0.9118273,1.578171,0.52640325,0.01593135,0.113219835,0.08300964,0.05673535,6226.544
375316653866487564,4054261939884468864,0.58507025,2465.924287100182,4.30910585026028,6.3692014E-6,16.362558,0.012469948,0.18250947,0.0026690764,0.099253744,0.006379643,0.25700346,0.011693836,0.6789476,0.0020323503,0.09907123,0.0054791244,0.24428163,0.011498804,null,null,null,null,"TWOGAUSSIANS",8,10.577215,0.18250947,0.0026690764,0.4,0.0,0.23705101,0.006303513,0.6789476,0.0020323503,0.4,0.0,0.22432934,0.006493102
375316653866487564,4054262073010332800,0.45796254,2483.8357026720314,2.3672290271248917,2.705583E-5,17.743855,0.11244289,0.12828177,0.017527018,0.09370059,0.10332858,0.081835896,0.09045657,0.6170538,0.0058495435,0.11652622,0.04163149,0.15027066,0.10417061,null,null,null,null,"TWOGAUSSIANS",8,13.646572,0.6170538,0.0058495435,0.4,0.0,0.13846979,0.01313578,0.12833177,0.017527528,0.4,0.19409278,0.07006756,0.026792798
375316653866487564,4054262661423653760,0.534521,2441.411252549534,2.2937984310810156,9.089187E-6,19.298595,0.009869516,0.24102342,0.0027886366,0.08512542,0.0041934894,0.3586595,0.012491452,0.74911106,0.0026547806,0.086754635,0.0041705025,0.33812004,0.016819878,null,null,null,null,"TWOGAUSSIANS",8,1.4280047,0.24102342,0.0027886366,0.4,0.0,0.34984353,0.01208396,0.74911106,0.0026547806,0.4,0.0,0.32930404,0.016933473
375316653866487564,4054263657871414912,0.51834506,2505.4036662914596,3.246761891611385,2.0037998E-5,18.9721,0.023681764,0.24812025,0.0057185395,0.102972835,0.01172743,0.35669234,0.022214603,0.74960387,0.0038337994,0.09602447,0.0071558375,0.3455379,0.024228595,null,null,null,null,"TWOGAUSSIANS",8,3.179809,0.24812025,0.0057185395,0.4,0.0,0.32735983,0.022317419,0.74960387,0.0038337994,0.4,0.0,0.3162099,0.015334961
375316653866487564,4054264276331591680,0.5093349,2458.167673439962,2.8897506719223034,1.3118769E-5,19.496246,0.024582718,0.31687945,0.007970934,0.07756186,0.007936009,0.46186468,0.07271628,0.8206561,0.005618158,0.08483267,0.010354237,0.3702406,0.024113744,null,null,null,null,"TWOGAUSSIANS",8,2.8001018,0.31687945,0.007970934,0.4,0.0,0.4551862,0.07356714,0.8206561,0.005618158,0.4,0.0,0.36356208,0.021919226
375316653866487564,4054264409472495104,0.48736024,2483.6938995149703,3.7570678282203427,2.6263588E-5,18.370163,0.008282749,0.19224827,0.004932513,0.07966367,0.010612015,0.14075026,0.007943852,0.6868436,0.016368035,0.08033193,0.023839561,0.15795898,0.3723925,null,null,null,null,"TWOGAUSSIANS",8,2.7007458,0.6868436,0.016368035,0.4,0.074968785,0.15592767,0.37398657,0.19224827,0.004932513,0.4,0.0,0.13871895,0.0077535757
375316653866487564,4054264993588126464,0.5937203,2478.2231565999386,0.09550465605209768,9.878542E-6,13.002676,0.0016098364,0.11489361,2.6830062E-4,0.007979626,2.4915292E-4,0.29929414,0.0031325202,0.67857975,0.08477266,0.12663732,0.05759053,0.014883516,0.0038304224,null,null,null,null,"TWOGAUSSIANS",8,40.56502,0.11489361,2.6830062E-4,0.044685904,0.0013952564,0.29932198,0.0031508466,0.67857975,0.08477266,0.4,0.0,0.014871251,0.003814285
375316653866487564,4054265891254529024,0.5383815,2462.844446636118,0.6443860102561699,2.9058385E-5,16.95201,0.0023365421,0.37785196,0.0028126235,0.031082846,0.0025458413,0.33249375,0.026929252,0.87478244,0.0045079393,0.024714531,0.005638604,0.14754501,0.011975141,null,null,null,null,"TWOGAUSSIANS",8,3.0606904,0.37785196,0.0028126235,0.17406394,0.014256711,0.33249375,0.026929252,0.87478244,0.0045079393,0.13840137,0.031576183,0.14754501,0.011975141
375316653866487564,4054270048767546368,0.5357182,2436.114151417221,0.9938458330250808,1.8592666E-5,18.594093,0.011794631,0.29816672,0.009047846,0.09889567,0.014744672,0.1264687,0.013368968,0.80710995,0.0022964948,0.079721645,0.004032831,0.27934372,0.010968119,null,null,null,null,"TWOGAUSSIANS",8,2.3880024,0.80710995,0.0022964948,0.4,0.0,0.27326852,0.007140989,0.29816672,0.009047846,0.4,0.0,0.12039273,0.01208404
375316653866487564,4054277539191128704,0.5330801,2399.943717937039,2.817039379722737,1.41421915E-5,19.703497,0.011208839,0.20856573,0.0041227886,0.07969266,0.006343114,0.28584462,0.016452895,0.7096791,0.005707201,0.07557056,0.004961283,0.33362502,0.013533674,null,null,null,null,"TWOGAUSSIANS",8,1.2224813,0.7096791,0.005707201,0.4,0.0,0.3302559,0.011865079,0.20856573,0.0041227886,0.4,0.0,0.28247547,0.016264252
375316653866487564,4054279188473389952,0.48556045,2450.347822056868,3.4145946464865498,1.203256E-5,18.94105,0.2935627,0.29634762,0.005172446,0.12246386,0.05585084,0.2610832,0.28125122,0.7943162,0.003865178,0.11740258,0.06861107,0.21936858,0.27842942,null,null,null,null,"TWOGAUSSIANS",8,2.4623084,0.2963576,0.0052589355,0.4,0.0,0.20752741,0.011529517,0.7943162,0.003865178,0.4,0.0,0.16588773,0.011091104
375316653866487564,4054280047466995584,0.5374983,2472.4964391925655,0.987266383721633,4.9160215E-5,16.993773,0.0016030184,0.353869,0.059811205,0.11822595,0.035433315,0.012639721,0.006784789,0.75316286,0.0022812935,0.008743184,9.2943804E-4,0.2290716,0.068315715,null,null,null,null,"TWOGAUSSIANS",8,3.5704007,0.75316286,0.0022812935,0.04896183,0.005204853,0.22911048,0.06830903,0.353869,0.059811205,0.4,0.0,0.0126364175,0.006788906
375316653866487564,4054280150531336192,0.5308051,2479.775917932864,3.4519808162530237,1.6537248E-5,19.82112,0.009097322,0.30848894,0.0031933293,0.06164273,0.0053689033,0.57945806,0.06445972,0.81059235,0.0035008932,0.059211172,0.0039691115,0.5594311,0.041246384,null,null,null,null,"TWOGAUSSIANS",8,2.2079341,0.30848894,0.0031933293,0.3451993,0.030065859,0.5792547,0.06459175,0.81059235,0.0035008932,0.33158258,0.022227023,0.5592277,0.041325144
375316653866487564,4054280180592791040,0.56539625,2442.6115205860574,2.6879582805211544,5.6958565E-6,14.389215,0.044260394,0.2527334,0.003205036,0.06923068,0.012152493,0.24980947,0.094190724,0.74678093,0.0014858943,0.06971432,0.01200664,0.22105347,0.09317651,0.08841679,0.051572885,0.74678093,0.0014858943,"TWOGAUSSIANS_WITH_ELLIPSOIDAL_ON_ECLIPSE2",9,348.97702,0.25147343,0.0024007137,0.38769183,0.06235749,0.42582318,0.037581958,0.74678093,0.0014858943,0.3904002,0.058360137,0.39726222,0.014777799
375316653866487564,4054280184891064960,0.42840022,2559.3331624741927,0.37940566111244095,2.3520706E-5,19.421219,0.0058292737,0.19622815,0.009732802,0.029608494,0.011409421,0.31569675,0.6849684,0.6999091,0.019610884,0.04782031,0.024182096,0.15601781,0.08910448,null,null,null,null,"TWOGAUSSIANS",8,3.7542207,0.19622815,0.009732802,0.16580756,0.06389276,0.31569675,0.6849684,0.6999091,0.019610884,0.26779374,0.13541974,0.15601781,0.08910449
375316653866487564,4054281383189431936,0.47185022,2540.098143899018,3.520082891451971,1.8679262E-5,18.113493,0.0046650753,0.3027567,0.0047757947,0.022974523,0.002539947,0.22820087,0.028335446,0.7611997,0.008584602,0.008724349,0.0026070122,0.9195823,0.6914739,null,null,null,null,"TWOGAUSSIANS",8,2.8288085,0.7611997,0.008584602,0.04885635,0.014599268,0.9195823,0.6914739,0.3027567,0.0047757947,0.12865733,0.014223703,0.22820087,0.028335446
375316653866487564,4054281421841848576,0.5372324,2427.999696997192,3.113384813126181,1.6655133E-5,19.561546,0.014558314,0.24890819,0.0024192901,0.06530694,0.004886349,0.64444304,0.041183513,0.7514138,0.005459469,0.07225177,0.008014964,0.4118355,0.036290098,null,null,null,null,"TWOGAUSSIANS",8,2.5096061,0.24890819,0.0024192901,0.36571887,0.027363556,0.64315903,0.04160274,0.7514138,0.005459469,0.4,0.027174594,0.41055146,0.03671153
375316653866487564,4054282040317155712,0.5739917,2471.276659335705,0.4931484499969684,1.235396E-5,19.168308,0.00302093,0.11563781,0.01336598,0.016365489,0.010465787,0.65076846,0.2830342,0.61333984,0.0014616367,0.018782139,0.0016738691,0.28396225,0.032197468,null,null,null,null,"TWOGAUSSIANS",8,1.9926958,0.11563781,0.01336598,0.09164674,0.058608405,0.65076846,0.2830342,0.61333984,0.0014616367,0.10517998,0.009373667,0.28396225,0.032197468
375316653866487564,4054283341687592704,0.4797291,2522.5324248562756,0.9848974414548091,1.9324121E-5,18.513916,0.013907631,0.29338294,0.0133144995,0.08378622,0.026044207,0.08839834,0.0146074975,0.7730268,0.009982312,0.06524165,0.0117599685,0.18202446,0.016936075,null,null,null,null,"TWOGAUSSIANS",8,4.539624,0.7730268,0.009982312,0.36535323,0.06585582,0.18148798,0.016162384,0.29338294,0.0133144995,0.4,0.023687216,0.08786184,0.014608393
375316653866487564,4054283547847236224,0.6340596,2493.7672245610406,1.2023236017326209,1.0240773E-5,17.530226,0.008163042,0.22489972,0.002107919,0.03854167,0.0072550075,0.13653201,0.0188167,0.72432435,0.0035724686,0.04318889,0.002993447,0.56887937,0.02750897,0.09898979,0.010407257,0.22489972,0.002107919,"TWOGAUSSIANS_WITH_ELLIPSOIDAL_ON_ECLIPSE1",9,5.545046,0.7243543,0.003468551,0.24185778,0.016763303,0.76685643,0.016614586,0.22489972,0.002107919,0.21583337,0.040628042,0.33451152,0.008720125
375316653866487564,4054285235787409408,0.55066645,2458.0955545916795,0.9884800550698303,1.6049313E-5,17.332705,0.008172782,0.27780876,0.006679165,0.09860313,0.0078955,0.24195983,0.0145730395,0.7814909,0.0018310953,0.08180043,0.0035444573,0.3136597,0.010031025,null,null,null,null,"TWOGAUSSIANS",8,9.865626,0.7814909,0.0018310953,0.4,0.0,0.30270207,0.0098323515,0.27780876,0.006679165,0.4,0.0,0.23100092,0.01445134
375316653866487564,4054285407571704192,0.45401886,2474.9331110120866,2.689087936889353,4.2148542E-5,19.138515,0.023348661,0.22651911,0.012867276,0.07655534,0.024753686,0.18553944,0.031186735,0.7393443,0.008930139,0.06935447,0.012837468,0.1626859,0.026856693,null,null,null,null,"TWOGAUSSIANS",8,5.669895,0.22651911,0.012867276,0.4,0.0,0.18481584,0.032233197,0.7393443,0.008930139,0.388385,0.047776718,0.16196232,0.024182603
375316653866487564,4054287327425405312,0.436688,2507.091775645978,0.5972590104370522,8.054398E-5,19.277071,0.013900186,0.05859012,0.006163226,0.0115301395,0.009312781,0.27131444,11019.768,0.5187828,0.0147412745,0.043974705,0.0101438,0.3974725,0.04918226,null,null,null,null,"TWOGAUSSIANS",8,5.6167126,0.5187828,0.0147412745,0.24625833,0.05680528,0.3974725,0.04918226,0.05859012,0.006163226,0.06456878,0.052151572,0.27131444,11019.768
375316653866487564,4054292485692231168,0.54633427,2465.2761759833575,0.5959579873865053,1.2597668E-5,14.768398,0.024175322,0.2573094,0.0038487215,0.113485605,0.021642173,0.08545581,0.023403542,0.75259095,0.0029956356,0.1211766,0.016151078,0.13730268,0.02281345,null,null,null,null,"TWOGAUSSIANS",8,15.043298,0.75259095,0.0029956356,0.4,0.0,0.11584256,0.0035666148,0.25734943,0.0038460628,0.4,0.0,0.064040944,0.0030984678
375316653866487564,4054293821408344960,0.5235376,2391.628299874762,0.42822489739056074,7.614182E-6,12.54766,0.0470673,0.30051532,0.00256844,0.1683482,0.015519067,0.24882737,0.038355537,0.79656863,0.0030658543,0.22895332,0.028410094,0.29018718,0.045960147,null,null,null,null,"TWOGAUSSIANS",8,37.414474,0.30358532,0.0026414266,0.4,0.0,0.061436944,0.0046622385,0.79656863,0.0030658543,0.4,0.0,0.05537672,0.0018504333
375316653866487564,4054295745555211648,0.57800394,2451.64854399526,1.216345927729103,5.6403946E-6,18.10681,0.008718789,0.21642698,0.0056304303,0.04267604,0.006364055,0.07917142,0.024232501,0.7206279,0.0016954788,0.048595242,0.00441025,0.3115845,0.016185401,0.035141136,0.010716872,0.21642698,0.0056304303,"TWOGAUSSIANS_WITH_ELLIPSOIDAL_ON_ECLIPSE1",9,4.6696696,0.7206279,0.0016954788,0.27213335,0.0246974,0.38181746,0.0100251855,0.21642698,0.0056304303,0.23898582,0.03563871,0.14945333,0.012005765
375316653866487564,4054295749868110976,0.5068376,2450.8336157148797,0.32885877421314125,4.23052E-5,17.108912,0.0025890118,0.46593317,0.03404546,0.0634531,0.020993104,0.044245612,0.010324032,0.75979125,0.0040778564,0.0047119353,0.003541438,0.49735475,0.5499861,0.011719438,0.003085375,0.75979125,0.0040778564,"TWOGAUSSIANS_WITH_ELLIPSOIDAL_ON_ECLIPSE2",9,17.306372,0.75979125,0.0040778564,0.026386837,0.019832052,0.5207945,0.5500879,0.45770317,0.03834374,0.35533735,0.10213809,0.04629717,0.012098186
375316653866487564,4054296127805582336,0.48659724,2433.794516509256,1.0184918026418996,4.3295404E-5,18.328325,0.014464802,0.18129823,0.043153968,0.01850988,0.026296068,0.1737288,4.4626602E27,0.681858,0.004861579,0.040182438,0.00789159,0.52393824,0.06838133,0.021157747,0.026671393,0.18129823,0.043153968,"TWOGAUSSIANS_WITH_ELLIPSOIDAL_ON_ECLIPSE1",9,25.849188,0.681858,0.0046668514,0.22502166,0.044192903,0.5662532,0.073056884,0.18129823,0.043153968,0.10365532,0.14725798,0.21604426,4.4626602E27
375316653866487564,4054296230884779008,0.44322014,2434.9633429506307,2.2772775167440154,6.350202E-6,19.853706,0.008066276,0.39328992,0.009027985,0.019343998,0.014464487,0.23675323,0.030044612,0.823873,0.0021089658,0.007372196,0.0011163695,0.32192144,0.054688893,null,null,null,null,"TWOGAUSSIANS",8,2.4237182,0.823873,0.0021089658,0.041284297,0.0062516695,0.32192144,0.054688893,0.39328992,0.009027985,0.1083264,0.081001125,0.23675323,0.030044612
375316653866487564,4054296260953276416,0.43161878,2517.4844054066502,1.1632170704550482,1.4102407E-4,19.180395,0.019571802,0.12799396,0.010908883,0.03636461,0.0073389467,0.4734054,0.09386343,0.8266235,0.024795437,0.016382925,0.0124245435,0.46896404,1.44236,null,null,null,null,"TWOGAUSSIANS",8,8.47547,0.12799396,0.010908883,0.20364183,0.041098103,0.4734054,0.09386343,0.8266235,0.024795437,0.091744386,0.06957745,0.46896404,1.44236
375316653866487564,4054297055527393920,0.42457274,2486.765209278433,2.276438047688563,6.393226E-5,19.603441,0.017136728,0.26386607,0.016034244,0.033880383,0.01551808,0.27109975,0.08590475,0.6463283,0.0077865385,0.03820698,0.0080696335,0.44694823,0.113525264,null,null,null,null,"TWOGAUSSIANS",8,5.224991,0.6463283,0.0077865385,0.21395908,0.045189947,0.44694823,0.113525264,0.26386607,0.016034244,0.18973014,0.08690125,0.27109975,0.08590475
