Gaia/vari_eclipsing_binary/VariEclipsingBinary_466532-466546.csv
# %ECSV 1.0
# ---
# delimiter: ','
# meta: !!omap
# - RELEASE: Gaia DR3
# - TABLE: vari_eclipsing_binary
# - DESCRIPTION: >
#     This table describes the properties of the eclipsing binaries resulting from the variability analysis. 
# - CITATION: >
#     How to cite and acknowledge Gaia: 
#     https://gea.esac.esa.int/archive/documentation/credits.html 
# - KNOWN_ISSUES: >
#     Known issues: 
#     https://www.cosmos.esa.int/web/gaia-users/known-issues 
# - DOCUMENTATION: >
#     Tutorials and documentation: 
#     https://www.cosmos.esa.int/web/gaia-users/archive 
# datatype:
# - 
#   name: solution_id
#   datatype: int64
#   description: Solution Identifier
#   meta:
#     ucd: meta.version
# - 
#   name: source_id
#   datatype: int64
#   description: Unique source identifier
#   meta:
#     ucd: meta.id;meta.main
# - 
#   name: global_ranking
#   datatype: float32
#   description: Number between 0 (worst) and 1 (best)
#   meta:
#     ucd: stat.param
# - 
#   name: reference_time
#   datatype: float64
#   unit: d
#   description: Reference time used for the geometric model fit
#   meta:
#     ucd: time.epoch
# - 
#   name: frequency
#   datatype: float64
#   unit: d**-1
#   description: Frequency of geometric model of the eclipsing binary light curve
#   meta:
#     ucd: src.orbital
# - 
#   name: frequency_error
#   datatype: float32
#   unit: d**-1
#   description: "Uncertainty of \\texttt{frequency}"
#   meta:
#     ucd: stat.error
# - 
#   name: geom_model_reference_level
#   datatype: float32
#   unit: mag
#   description: Magnitude reference level of geometric model
#   meta:
#     ucd: phot.mag;em.opt
# - 
#   name: geom_model_reference_level_error
#   datatype: float32
#   unit: mag
#   description: "Uncertainty of \\texttt{geomModelReferenceLevel}"
#   meta:
#     ucd: stat.error;phot.mag;em.opt
# - 
#   name: geom_model_gaussian1_phase
#   datatype: float32
#   description: Phase of the Gaussian 1 component
#   meta:
#     ucd: time.phase
# - 
#   name: geom_model_gaussian1_phase_error
#   datatype: float32
#   description: "Uncertainty of \\texttt{geomModelGaussian1Phase}"
#   meta:
#     ucd: stat.error;time.phase
# - 
#   name: geom_model_gaussian1_sigma
#   datatype: float32
#   description: "Standard deviation [phase] of Gaussian 1 component"
#   meta:
#     ucd: stat.stdev
# - 
#   name: geom_model_gaussian1_sigma_error
#   datatype: float32
#   description: "Uncertainty of \\texttt{geomModelGaussian1Sigma}"
#   meta:
#     ucd: stat.error
# - 
#   name: geom_model_gaussian1_depth
#   datatype: float32
#   unit: mag
#   description: Magnitude depth of Gaussian 1 component
#   meta:
#     ucd: src.var.amplitude
# - 
#   name: geom_model_gaussian1_depth_error
#   datatype: float32
#   unit: mag
#   description: "Uncertainty of \\texttt{geomModelGaussian1Depth}"
#   meta:
#     ucd: stat.error;src.var.amplitude
# - 
#   name: geom_model_gaussian2_phase
#   datatype: float32
#   description: Phase of Gaussian 2 component
#   meta:
#     ucd: time.phase
# - 
#   name: geom_model_gaussian2_phase_error
#   datatype: float32
#   description: "Uncertainty of \\texttt{geomModelGaussian2Phase}"
#   meta:
#     ucd: stat.error;time.phase
# - 
#   name: geom_model_gaussian2_sigma
#   datatype: float32
[...]
#   datatype: float32
#   description: "Secondary eclipse: uncertainty of \\texttt{derivedSecondaryEclDuration}"
#   meta:
#     ucd: stat.error;time.duration
# - 
#   name: derived_secondary_ecl_depth
#   datatype: float32
#   unit: mag
#   description: "Secondary eclipse: depth"
#   meta:
#     ucd: src.var.amplitude
# - 
#   name: derived_secondary_ecl_depth_error
#   datatype: float32
#   unit: mag
#   description: "Secondary eclipse: uncertainty of \\texttt{derivedSecondaryEclDepth}"
#   meta:
#     ucd: stat.error;src.var.amplitude
solution_id,source_id,global_ranking,reference_time,frequency,frequency_error,geom_model_reference_level,geom_model_reference_level_error,geom_model_gaussian1_phase,geom_model_gaussian1_phase_error,geom_model_gaussian1_sigma,geom_model_gaussian1_sigma_error,geom_model_gaussian1_depth,geom_model_gaussian1_depth_error,geom_model_gaussian2_phase,geom_model_gaussian2_phase_error,geom_model_gaussian2_sigma,geom_model_gaussian2_sigma_error,geom_model_gaussian2_depth,geom_model_gaussian2_depth_error,geom_model_cosine_half_period_amplitude,geom_model_cosine_half_period_amplitude_error,geom_model_cosine_half_period_phase,geom_model_cosine_half_period_phase_error,model_type,num_model_parameters,reduced_chi2,derived_primary_ecl_phase,derived_primary_ecl_phase_error,derived_primary_ecl_duration,derived_primary_ecl_duration_error,derived_primary_ecl_depth,derived_primary_ecl_depth_error,derived_secondary_ecl_phase,derived_secondary_ecl_phase_error,derived_secondary_ecl_duration,derived_secondary_ecl_duration_error,derived_secondary_ecl_depth,derived_secondary_ecl_depth_error
[from data line 305]
375316653866487564,4103714532618066048,0.54956657,2255.784469198243,2.288551646051229,2.0093268E-5,17.553675,0.035147425,0.25764725,0.0050932257,0.097011074,0.016400695,0.20347826,0.034295134,0.753613,0.015532027,0.1022649,0.02380778,0.2059817,0.036579646,null,null,null,null,"TWOGAUSSIANS",8,4.2704163,0.753613,0.015532027,0.4,0.0,0.18927464,0.019709429,0.25764725,0.0050585833,0.4,0.0,0.18677318,0.018540373
375316653866487564,4103714674411990656,0.5764708,2272.082254936154,1.9148336095142988,2.09732E-5,17.543423,0.0052887117,0.088576816,0.049372207,0.06007893,0.038061764,0.14534171,0.03212685,0.620733,0.005648585,0.0907638,0.0052236035,0.29607454,0.020521315,null,null,null,null,"TWOGAUSSIANS",8,6.770435,0.620733,0.005648585,0.4,0.0,0.295209,0.02115538,0.088576816,0.049372207,0.336442,0.21314588,0.14447668,0.030867662
375316653866487564,4103714743131615104,0.51905626,2324.2823999756506,0.3872516778329447,4.533113E-5,19.091093,0.08933055,0.2351584,0.018577185,0.119275846,0.00995803,0.49934497,0.06371216,0.82831055,0.023544382,0.12365067,0.057463717,0.2150705,0.089256465,null,null,null,null,"TWOGAUSSIANS",8,2.1202946,0.2344184,0.017132042,0.4,0.0,0.46794522,0.015580157,0.83160055,0.022309825,0.4,0.0,0.1842578,0.03315405
375316653866487564,4103714944930607232,0.6064263,2321.98776616656,0.39365890327215647,1.074414E-6,17.95493,0.0025958633,0.95616,1.2427449E-4,0.014337263,8.0957223E-4,0.44432557,0.02166766,null,null,null,null,null,null,null,null,null,null,"ONEGAUSSIAN",5,2.4099092,0.95616,1.2427449E-4,0.08028867,0.0045336047,0.44432557,0.0,null,null,null,null,null,null
375316653866487564,4103714949337236224,0.5476201,2267.335554751305,1.7409411675244524,2.1913293E-5,18.845184,0.0097537,0.26107603,0.004625621,0.07338913,0.007951276,0.27413496,0.025919769,0.76592493,0.004254832,0.09877437,0.0070930594,0.18189386,0.011732127,null,null,null,null,"TWOGAUSSIANS",8,0.92712826,0.26107603,0.004625621,0.4,0.0046331445,0.2683631,0.028124684,0.76592493,0.004254832,0.4,0.0,0.17612095,0.010518125
375316653866487564,4103715048034371840,0.5509874,2322.5414471816052,2.453572210609794,5.2761192E-5,19.368254,0.04018725,0.33081654,0.007776133,0.0677603,0.007583003,0.45215282,0.06639929,0.79866475,0.0045968727,0.09869848,0.014395389,0.47611043,0.0347389,null,null,null,null,"TWOGAUSSIANS",8,2.2475333,0.79866475,0.0045968727,0.4,0.0,0.47058654,0.031403635,0.33081654,0.007774992,0.37945768,0.042464815,0.44663545,0.06528567
375316653866487564,4103715121088788096,0.5470288,2312.2060597061527,1.5822098037185353,3.9902887E-5,17.914309,0.05022487,0.30910406,0.006466228,0.047196068,0.009082521,0.46310347,0.120679006,0.80362916,0.012627279,0.046334922,0.013113797,0.5404647,0.12998287,0.07536621,0.06471815,0.30910406,0.006466228,"TWOGAUSSIANS_WITH_ELLIPSOIDAL_ON_ECLIPSE1",9,37.674713,0.8038792,0.012172063,0.2594756,0.07343726,0.69102633,0.10198651,0.30910406,0.006466228,0.264298,0.05086212,0.61383533,0.041865967
375316653866487564,4103715151089520640,0.49234632,2356.1246713367937,0.7781648168847468,3.490258E-6,19.04383,0.0067101205,0.19371505,8.008655E-4,0.0285816,0.0014917337,0.17955832,0.0073615755,0.69232386,0.04672051,0.057245962,0.05398423,0.078063026,0.05626201,null,null,null,null,"TWOGAUSSIANS",8,1.1744354,0.19371505,8.008655E-4,0.16005696,0.008353708,0.17955832,0.0073492536,0.69232386,0.04672051,0.32057738,0.14539614,0.07806302,0.056273784
375316653866487564,4103715254168731136,0.4939881,2307.2026228343443,2.2353308320153786,3.330093E-5,17.796413,0.014411466,0.2718107,0.010257508,0.09276012,0.013825223,0.1850513,0.015500235,0.7562499,0.008682346,0.09151758,0.015308781,0.18566342,0.032942362,null,null,null,null,"TWOGAUSSIANS",8,8.794425,0.7562499,0.008682346,0.4,0.0,0.1782614,0.03513098,0.2718107,0.010257508,0.4,0.0,0.1776492,0.011177034
375316653866487564,4103715292890488192,0.47883543,2334.833960635379,0.8054406857466331,4.9401064E-5,19.365288,0.023365248,0.38257927,0.022143954,0.11137649,0.02352683,0.18345328,0.04022505,0.8355564,0.021674078,0.077493474,0.03202977,0.21042746,0.024075128,null,null,null,null,"TWOGAUSSIANS",8,2.0700598,0.8355564,0.021674078,0.4,0.009838183,0.20473851,0.03388935,0.38257927,0.022107141,0.4,0.0,0.17771631,0.0358016
375316653866487564,4103715327250155392,0.51147765,2323.3887513401432,4.53836146347946,4.0341794E-5,19.324074,0.0074429577,0.24661982,0.04136852,0.031666253,0.02245116,0.5679017,150.34952,0.5752022,0.027859861,0.044798207,0.014145715,0.117484935,0.032620106,null,null,null,null,"TWOGAUSSIANS",8,1.5526462,0.24661982,0.04136852,0.17733102,0.12572649,0.5679017,150.34952,0.5752022,0.027859861,0.25086996,0.079216,0.117484935,0.032620106
375316653866487564,4103715361607236608,0.50644433,2281.791355511993,2.7346064822555327,3.6039095E-5,18.376518,0.11849263,0.13078074,0.00845779,0.108836345,0.043619413,0.34446818,0.08833431,0.6296157,0.007069472,0.097661875,0.025228763,0.3849164,0.11053906,null,null,null,null,"TWOGAUSSIANS",8,9.061739,0.6296157,0.0070746955,0.4,0.0,0.3468461,0.04302037,0.13078074,0.008460698,0.4,0.0,0.30638143,0.04280972
375316653866487564,4103715464686509312,0.4579517,2340.9487973063965,4.100974389633834,9.789845E-5,18.357227,0.015498478,0.20717582,0.008377255,0.042768244,0.007025628,0.3681377,0.042755656,0.5339149,0.041297376,0.051403996,0.051202763,0.085587315,13.373031,null,null,null,null,"TWOGAUSSIANS",8,6.1921344,0.20717582,0.008377255,0.23950216,0.039343514,0.3681377,0.042755634,0.5339149,0.041297376,0.2878624,0.28673548,0.085587315,13.373031
375316653866487564,4103715533399031808,0.49229828,2239.1338522028077,2.8060661358834715,3.1360112E-5,19.710136,0.03269124,0.26123512,0.00426854,0.0837671,0.0076110666,0.38121688,0.035262275,0.76811206,0.007764492,0.07510722,0.009832804,0.3802739,0.054781444,null,null,null,null,"TWOGAUSSIANS",8,3.537214,0.26123512,0.00426854,0.4,0.0,0.3765314,0.030992907,0.76811206,0.007764492,0.4,0.004307825,0.37558845,0.052490007
375316653866487564,4103715533405702144,0.51162404,2324.71373458448,2.399531465276833,3.9951112E-5,18.521324,0.1710009,0.28327194,0.01690091,0.103308246,0.038691737,0.3678194,0.16545828,0.7840119,0.015374882,0.10441504,0.038243424,0.39951006,0.16998465,null,null,null,null,"TWOGAUSSIANS",8,8.836673,0.7840119,0.015372363,0.4,0.0,0.3575604,0.060069937,0.28327194,0.016916325,0.4,0.0,0.3258721,0.035480626
375316653866487564,4103715602172287488,0.45892048,2329.8366538715313,2.488926474047141,4.9728937E-5,18.130255,0.010679992,0.18968602,0.009467024,0.012901653,0.011487053,0.09837086,0.04375699,0.72401845,0.0139296055,0.10041369,0.019536018,0.1175303,0.010362911,null,null,null,null,"TWOGAUSSIANS",8,3.375158,0.72401845,0.0139296055,0.4,0.0,0.11752779,0.010352587,0.18968602,0.009467024,0.072249256,0.06432749,0.09837093,0.04376922
375316653866487564,4103715907003352064,0.5473445,2245.89127871255,1.5756840690956762,3.7851914E-5,18.134142,0.009397353,0.31698772,0.014358147,0.02401745,0.039724924,0.22460945,0.13248655,0.8474664,0.007964219,0.0476572,0.015873881,0.07128925,0.022117892,0.055600207,0.016802264,0.31698772,0.014358147,"TWOGAUSSIANS_WITH_ELLIPSOIDAL_ON_ECLIPSE1",9,3.281303,0.31698772,0.014358147,0.13449772,0.22245957,0.33580908,0.10494481,0.8474664,0.007964219,0.2668803,0.088893734,0.17846039,0.019299041
375316653866487564,4103715945716775552,0.559223,2274.8443462861014,0.8967477435263667,5.5949484E-5,17.553978,0.0069760904,0.23536637,0.004845271,0.047331788,0.0075600096,0.4061104,0.10235022,0.7721196,6.084314E-4,0.021515349,0.0010039022,0.3523871,0.006460881,null,null,null,null,"TWOGAUSSIANS",8,16.087358,0.23536637,0.004845271,0.265058,0.042336054,0.4061104,0.10235022,0.7721196,6.084314E-4,0.120485954,0.0056218524,0.3523871,0.006460881
375316653866487564,4103715975723390976,0.59433466,2273.924216974169,1.9571749389443798,1.8611396E-5,17.628,0.0069246395,0.3967502,0.0783122,0.0406731,0.08124679,0.034677554,2.30743601E15,0.62706715,0.0068979277,0.026284812,0.0055330805,0.56767136,0.04100581,null,null,null,null,"TWOGAUSSIANS",8,15.395918,0.62706715,0.0068979277,0.14719495,0.030985251,0.56767136,0.041012604,0.3967502,0.0783122,0.22776935,0.3419731,0.034677554,2.30743601E15
375316653866487564,4103716117568064896,0.47113737,2267.866406425253,0.1891391560144818,6.0210947E-5,16.960932,0.050221287,0.4297157,0.006624788,0.059228893,0.012241541,0.3432849,0.06899755,0.82155555,0.099757925,0.10361932,0.10909839,0.13246861,0.34149772,null,null,null,null,"TWOGAUSSIANS",8,9.704485,0.4297557,0.006490401,0.33168182,0.06855263,0.3430577,0.06851946,0.82155555,0.099757925,0.4,0.3358338,0.13213734,0.34224817
375316653866487564,4103716323664812800,0.50319207,2250.3313095396347,0.9992570121834313,1.9533021E-5,18.61657,0.006308555,0.20741755,0.044451065,0.04471868,0.049357217,0.32733348,2.5000415E23,0.7246055,0.0023567434,0.04197906,0.003548092,0.2153539,0.016331414,null,null,null,null,"TWOGAUSSIANS",8,3.350659,0.20741755,0.044451065,0.2504246,0.27640042,0.32733348,2.5000415E23,0.7246055,0.0023567434,0.23508273,0.019869316,0.2153539,0.016331421
375316653866487564,4103716598557966720,0.5182254,2355.399191980659,1.8010644237927433,3.8300863E-5,17.127821,0.009775733,0.21731795,0.005966295,0.048201744,0.010430995,0.14328669,0.010021542,0.5831004,0.0025236364,0.032448437,0.0055072675,0.87632394,0.36128968,null,null,null,null,"TWOGAUSSIANS",8,2.0697083,0.5831004,0.0025236364,0.18171124,0.030840697,0.87632394,0.36128968,0.21731795,0.005966295,0.26992977,0.058413576,0.14328669,0.010021542
375316653866487564,4103716662929762688,0.46696606,2306.336064576378,0.9905214487942613,5.0993316E-5,18.380884,0.012941373,0.18995693,0.013570735,0.072253354,0.012281529,0.11673679,0.014949567,0.6315514,0.06282246,0.14857571,0.069748655,0.06311978,0.0233528,null,null,null,null,"TWOGAUSSIANS",8,3.0236337,0.19058694,0.011739447,0.4,0.04364038,0.11180994,0.011237896,0.6315514,0.06282246,0.4,0.0,0.057372585,0.025514849
375316653866487564,4103716667262019968,0.5406528,2269.039361214678,0.2959126190403022,4.3195163E-5,19.004503,0.006045131,0.22405767,0.0196883,0.03572983,0.018601576,0.048346117,0.061093275,0.59353954,0.0142089175,0.1015888,0.012234262,0.2270644,0.028884357,null,null,null,null,"TWOGAUSSIANS",8,1.0362359,0.59353954,0.0142089175,0.4,0.0,0.22705702,0.028892074,0.22434768,0.020133687,0.20008704,0.104168825,0.04864492,0.060968224
375316653866487564,4103716735996927744,0.64887625,2318.1908063011792,3.1345317261900134,6.7900846E-6,16.263939,0.01644654,0.25398558,0.0013830479,0.051898368,0.004755861,0.54403573,0.052317422,0.7570598,0.0024681082,0.04690684,0.0040317513,0.39657122,0.04124704,0.10294476,0.02495579,0.25398558,0.0013830479,"TWOGAUSSIANS_WITH_ELLIPSOIDAL_ON_ECLIPSE1",9,31.616676,0.25398558,0.0013830479,0.29063085,0.026632823,0.7499199,0.062359393,0.7570598,0.0024681082,0.26267833,0.02257781,0.60237855,0.017669912
375316653866487564,4103716735996930560,0.45140427,2341.716605878925,2.3057354771694016,6.853999E-5,18.808064,0.04912107,0.22232409,0.02218101,0.1171602,0.0387494,0.20922536,0.0496755,0.7147104,0.010005928,0.07742271,0.03709776,0.12859449,0.03816263,null,null,null,null,"TWOGAUSSIANS",8,2.88922,0.22232409,0.02218101,0.4,0.0,0.19798994,0.043821067,0.7147104,0.010005928,0.4,0.15473253,0.1174072,0.028449599
375316653866487564,4103716770356711936,0.5631171,2299.819101650894,0.35076282073444043,6.147426E-5,17.196264,0.007580502,0.42901212,0.007212293,0.012433108,0.00824211,0.64712673,0.13414074,0.8152039,0.0037597204,0.04086713,0.011150871,0.8670073,4.1061945,null,null,null,null,"TWOGAUSSIANS",8,35.06454,0.8152039,0.0037597204,0.22885592,0.06244488,0.8670073,4.1061945,0.42901212,0.007212293,0.0696254,0.046155814,0.64712673,0.13414074
375316653866487564,4103716804716553856,0.50264347,2307.051930402725,3.7869255123027674,1.6665076E-4,17.963566,0.010456917,0.22218585,2.553879E-4,0.03443303,6.981607E-4,0.7272038,0.023581566,0.73574436,0.013624209,0.04470701,0.00918548,0.37917268,0.1425566,null,null,null,null,"TWOGAUSSIANS",8,2.6247303,0.22218585,2.553879E-4,0.19282497,0.0039096996,0.7272038,0.023581563,0.73574436,0.013624209,0.25035927,0.05143869,0.37917268,0.14255661
375316653866487564,4103717143978323584,0.4981504,2237.7327473510218,0.06795216904433007,2.8346356E-5,19.421804,0.006661412,0.2894282,0.008025605,0.031496085,0.00991623,0.14766146,0.037381057,0.81044656,0.002357184,0.029515939,0.004157456,0.14830805,0.008882267,null,null,null,null,"TWOGAUSSIANS",8,1.1908107,0.81044656,0.002357184,0.16528925,0.023281753,0.14830805,0.008882267,0.2894282,0.008025605,0.17637807,0.055530887,0.14766146,0.037381057
375316653866487564,4103717217018293760,0.5410931,2207.7221626777477,0.8489441212893083,4.4752334E-5,17.077835,0.003772686,0.15498233,0.01810229,0.046684455,0.007253587,0.14168963,0.037799746,0.651029,0.010676996,0.06213013,0.012226119,0.31273738,0.12709646,null,null,null,null,"TWOGAUSSIANS",8,8.347598,0.651029,0.010676996,0.34792873,0.06846627,0.3127277,0.12713282,0.15498233,0.01810229,0.26143295,0.04062009,0.14167994,0.037790645
375316653866487564,4103717423176772352,0.47879836,2235.2499845163716,0.2508615387596496,7.3202966E-5,19.032738,0.011882484,0.25433818,0.011175809,0.049600877,0.0089363195,0.13426976,0.01578494,0.71552116,0.018612329,0.077498235,0.014100487,0.31217584,0.04819233,null,null,null,null,"TWOGAUSSIANS",8,4.5409875,0.71552116,0.018612329,0.4,0.014991917,0.31212103,0.04821359,0.25433818,0.011175809,0.27776492,0.050043385,0.13421497,0.015757224
375316653866487564,4103717423238208256,0.6135172,2253.5638512295795,1.278412972943643,1.3202228E-5,14.743058,0.00288607,0.27336398,0.0035749131,0.06559215,0.006135104,0.19568609,0.013794902,0.8416049,0.017315857,0.026981376,0.010531829,0.06538481,0.018799156,0.06719642,0.0034067181,0.27336398,0.0035749131,"TWOGAUSSIANS_WITH_ELLIPSOIDAL_ON_ECLIPSE1",9,48.079914,0.27336398,0.0035749131,0.36731604,0.034356583,0.3299439,0.015474085,0.8416049,0.017315857,0.1510957,0.058978245,0.17641275,0.0277789
375316653866487564,4103717453192017280,0.5817187,2245.638550772456,2.213921343863325,8.641756E-6,17.051796,0.008808876,0.27224758,0.0036643045,0.08567105,0.006384685,0.40319797,0.030409995,0.76286864,0.0016731182,0.08750797,0.0067377966,0.31817457,0.016418533,null,null,null,null,"TWOGAUSSIANS",8,7.699136,0.27224758,0.0036643045,0.4,0.0,0.39374807,0.032489438,0.76286864,0.0016731182,0.4,0.0,0.30872464,0.018951323
375316653866487564,4103717728069650048,0.55895436,2341.5646295002093,2.857181405995891,2.7053724E-5,18.934877,0.019381775,0.21778613,0.0057454496,0.0994162,0.011772345,0.24351266,0.019237082,0.7336222,0.006588408,0.098569416,0.011947592,0.21824291,0.020277431,null,null,null,null,"TWOGAUSSIANS",8,0.83587784,0.21778613,0.005750207,0.4,0.0,0.22803521,0.015264267,0.7336222,0.0065849586,0.4,0.0,0.20276603,0.014960915
375316653866487564,4103717869868691200,0.4881932,2410.560149678682,4.918139687294177,3.0474686E-5,19.039204,0.009935069,0.1247506,0.0046603363,0.047149945,0.006725515,0.26911584,0.061771676,0.4561804,0.12901911,0.046125267,0.010700594,0.1879625,0.045336783,null,null,null,null,"TWOGAUSSIANS",8,1.4993201,0.1247506,0.0046603363,0.2640397,0.037662882,0.26911584,0.06177168,0.4561804,0.12901911,0.2583015,0.05992333,0.1879625,0.045336783
375316653866487564,4103718041652262144,0.45551568,2290.2192857286523,2.315501250051118,1.9510744E-5,17.835732,0.34888148,0.21003193,0.009469236,0.21946308,0.12628089,0.35634544,0.34303764,0.7059268,0.012065292,0.14486302,0.03657328,0.334231,0.25297663,null,null,null,null,"TWOGAUSSIANS",8,8.41273,0.7059268,0.012065292,0.4,0.0,0.12879084,0.016773527,0.21060193,0.009379744,0.4,0.0,0.09944395,0.01887506
