Gaia/vari_eclipsing_binary/VariEclipsingBinary_468377-468392.csv
# %ECSV 1.0
# ---
# delimiter: ','
# meta: !!omap
# - RELEASE: Gaia DR3
# - TABLE: vari_eclipsing_binary
# - DESCRIPTION: >
#     This table describes the properties of the eclipsing binaries resulting from the variability analysis. 
# - CITATION: >
#     How to cite and acknowledge Gaia: 
#     https://gea.esac.esa.int/archive/documentation/credits.html 
# - KNOWN_ISSUES: >
#     Known issues: 
#     https://www.cosmos.esa.int/web/gaia-users/known-issues 
# - DOCUMENTATION: >
#     Tutorials and documentation: 
#     https://www.cosmos.esa.int/web/gaia-users/archive 
# datatype:
# - 
#   name: solution_id
#   datatype: int64
#   description: Solution Identifier
#   meta:
#     ucd: meta.version
# - 
#   name: source_id
#   datatype: int64
#   description: Unique source identifier
#   meta:
#     ucd: meta.id;meta.main
# - 
#   name: global_ranking
#   datatype: float32
#   description: Number between 0 (worst) and 1 (best)
#   meta:
#     ucd: stat.param
# - 
#   name: reference_time
#   datatype: float64
#   unit: d
#   description: Reference time used for the geometric model fit
#   meta:
#     ucd: time.epoch
# - 
#   name: frequency
#   datatype: float64
#   unit: d**-1
#   description: Frequency of geometric model of the eclipsing binary light curve
#   meta:
#     ucd: src.orbital
# - 
#   name: frequency_error
#   datatype: float32
#   unit: d**-1
#   description: "Uncertainty of \\texttt{frequency}"
#   meta:
#     ucd: stat.error
# - 
#   name: geom_model_reference_level
#   datatype: float32
#   unit: mag
#   description: Magnitude reference level of geometric model
#   meta:
#     ucd: phot.mag;em.opt
# - 
#   name: geom_model_reference_level_error
#   datatype: float32
#   unit: mag
#   description: "Uncertainty of \\texttt{geomModelReferenceLevel}"
#   meta:
#     ucd: stat.error;phot.mag;em.opt
# - 
#   name: geom_model_gaussian1_phase
#   datatype: float32
#   description: Phase of the Gaussian 1 component
#   meta:
#     ucd: time.phase
# - 
#   name: geom_model_gaussian1_phase_error
#   datatype: float32
#   description: "Uncertainty of \\texttt{geomModelGaussian1Phase}"
#   meta:
#     ucd: stat.error;time.phase
# - 
#   name: geom_model_gaussian1_sigma
#   datatype: float32
#   description: "Standard deviation [phase] of Gaussian 1 component"
#   meta:
#     ucd: stat.stdev
# - 
#   name: geom_model_gaussian1_sigma_error
#   datatype: float32
#   description: "Uncertainty of \\texttt{geomModelGaussian1Sigma}"
#   meta:
#     ucd: stat.error
# - 
#   name: geom_model_gaussian1_depth
#   datatype: float32
#   unit: mag
#   description: Magnitude depth of Gaussian 1 component
#   meta:
#     ucd: src.var.amplitude
# - 
#   name: geom_model_gaussian1_depth_error
#   datatype: float32
#   unit: mag
#   description: "Uncertainty of \\texttt{geomModelGaussian1Depth}"
#   meta:
#     ucd: stat.error;src.var.amplitude
# - 
#   name: geom_model_gaussian2_phase
#   datatype: float32
#   description: Phase of Gaussian 2 component
#   meta:
#     ucd: time.phase
# - 
#   name: geom_model_gaussian2_phase_error
#   datatype: float32
#   description: "Uncertainty of \\texttt{geomModelGaussian2Phase}"
#   meta:
#     ucd: stat.error;time.phase
# - 
#   name: geom_model_gaussian2_sigma
#   datatype: float32
[...]
#   datatype: float32
#   description: "Secondary eclipse: uncertainty of \\texttt{derivedSecondaryEclDuration}"
#   meta:
#     ucd: stat.error;time.duration
# - 
#   name: derived_secondary_ecl_depth
#   datatype: float32
#   unit: mag
#   description: "Secondary eclipse: depth"
#   meta:
#     ucd: src.var.amplitude
# - 
#   name: derived_secondary_ecl_depth_error
#   datatype: float32
#   unit: mag
#   description: "Secondary eclipse: uncertainty of \\texttt{derivedSecondaryEclDepth}"
#   meta:
#     ucd: stat.error;src.var.amplitude
solution_id,source_id,global_ranking,reference_time,frequency,frequency_error,geom_model_reference_level,geom_model_reference_level_error,geom_model_gaussian1_phase,geom_model_gaussian1_phase_error,geom_model_gaussian1_sigma,geom_model_gaussian1_sigma_error,geom_model_gaussian1_depth,geom_model_gaussian1_depth_error,geom_model_gaussian2_phase,geom_model_gaussian2_phase_error,geom_model_gaussian2_sigma,geom_model_gaussian2_sigma_error,geom_model_gaussian2_depth,geom_model_gaussian2_depth_error,geom_model_cosine_half_period_amplitude,geom_model_cosine_half_period_amplitude_error,geom_model_cosine_half_period_phase,geom_model_cosine_half_period_phase_error,model_type,num_model_parameters,reduced_chi2,derived_primary_ecl_phase,derived_primary_ecl_phase_error,derived_primary_ecl_duration,derived_primary_ecl_duration_error,derived_primary_ecl_depth,derived_primary_ecl_depth_error,derived_secondary_ecl_phase,derived_secondary_ecl_phase_error,derived_secondary_ecl_duration,derived_secondary_ecl_duration_error,derived_secondary_ecl_depth,derived_secondary_ecl_depth_error
[from data line 260]
375316653866487564,4119915703376277248,0.4719922,2492.131424912685,1.6375938330258977,6.62816E-6,19.477365,0.0059182253,0.3115634,0.0022309883,0.030175636,0.0039720526,0.20903435,0.010925655,0.5801421,0.0061825407,0.029210476,0.005379062,0.23802654,0.05797039,null,null,null,null,"TWOGAUSSIANS",8,1.7757281,0.5801421,0.0061825407,0.16357866,0.030122748,0.23802654,0.05797039,0.3115634,0.0022309883,0.16898356,0.022243494,0.20903435,0.010925655
375316653866487564,4119915939588412160,0.50465894,2427.7195988250214,1.3382533957576768,2.191387E-5,18.921606,0.5253397,0.33681667,0.0065794587,0.12297962,0.12893419,0.1888324,0.517396,0.8186685,0.008351736,0.10192838,0.048974376,0.23559785,0.34378767,null,null,null,null,"TWOGAUSSIANS",8,1.9943029,0.8186685,0.008351736,0.4,0.0,0.2065934,0.02496927,0.33682668,0.006176681,0.4,0.0,0.15971786,0.021397231
375316653866487564,4119916077028215040,0.44982412,2412.9433966466268,2.3430749966940914,2.5621972E-5,19.942213,0.008208288,0.22728646,0.008593505,0.048655402,0.015017448,0.05053827,0.11522385,0.7708948,0.0061952346,0.011103139,0.005661956,0.19467288,0.60425705,0.10003507,0.013606414,0.22728646,0.008593505,"TWOGAUSSIANS_WITH_ELLIPSOIDAL_ON_ECLIPSE1",9,2.8181002,0.7708948,0.0061952346,0.062177584,0.03170695,0.38009438,0.60836446,0.22728646,0.008593505,0.27247024,0.084097706,0.25060803,0.11192056
375316653866487564,4119916248765983616,0.5520157,2424.9489012513627,1.9498973084080273,1.5184725E-5,16.543743,0.0074685677,0.25701693,0.0041926512,0.09189798,0.005917564,0.241791,0.016332606,0.762383,0.0033119638,0.09042684,0.003908739,0.33164573,0.009929872,null,null,null,null,"TWOGAUSSIANS",8,13.984345,0.762383,0.0033119638,0.4,0.0,0.31953096,0.008409736,0.25701693,0.0041926512,0.4,0.0,0.22967623,0.017676637
375316653866487564,4119916253146881536,0.46400455,2429.708686597876,0.04034192977501685,3.0033956E-5,19.671925,0.006627982,0.23590109,0.009856796,0.024285542,0.010988883,2.09149,2.726675,0.62715995,0.0051575275,0.073180646,0.0064028716,0.3836373,0.0451858,null,null,null,null,"TWOGAUSSIANS",8,2.072732,0.23590109,0.009856796,0.13599902,0.061537746,2.0914903,2.726675,0.62715995,0.0051575275,0.4,0.010413021,0.3836373,0.045185808
375316653866487564,4119916283155135232,0.4912424,2415.706508763273,1.4334656320441514,2.764222E-5,18.812035,0.039277043,0.18762785,0.028888846,0.12533686,0.098444365,0.07442507,0.03281265,0.70201564,0.0037700073,0.087525986,0.022567267,0.16758347,0.031322062,null,null,null,null,"TWOGAUSSIANS",8,2.0211573,0.7020456,0.0037973726,0.4,0.0024304397,0.1569612,0.0141292,0.18762785,0.028888846,0.4,0.17234723,0.063745536,0.035879917
375316653866487564,4119916386265282176,0.47136813,2435.01054552349,2.189860678622685,3.717302E-5,19.746176,0.016938237,0.09890366,0.008966774,0.038073067,0.012895806,0.070828445,0.03871833,0.56177026,0.103274934,0.070990555,0.13254392,0.073771074,0.034869347,0.07133747,0.022278503,0.09890366,0.008966774,"TWOGAUSSIANS_WITH_ELLIPSOIDAL_ON_ECLIPSE1",9,1.5802008,0.09890366,0.0083696665,0.21320918,0.07221651,0.21348262,0.02402071,0.57805026,0.014893567,0.39754713,0.22398561,0.21207528,0.02584698
375316653866487564,4119916493665126400,0.4439951,2443.3111607828278,2.6839195799720477,2.6591251E-5,18.769163,0.026564099,0.19001411,0.022222467,0.041538563,0.043513946,0.40145358,0.10752411,0.67680174,0.007234001,0.034638967,0.0063161696,0.42936593,0.08732946,null,null,null,null,"TWOGAUSSIANS",8,45.201797,0.67680174,0.007234001,0.19397822,0.03537055,0.42936593,0.087317824,0.19001411,0.022222467,0.23261595,0.181267,0.40145358,0.10761092
375316653866487564,4119916592423570816,0.40777877,2440.70052042526,2.3109325700429735,3.1880758E-5,19.925512,0.011156639,0.10642965,0.019803239,0.009216882,0.012146353,0.17371884,0.20797044,0.9194656,0.0034850375,0.010211188,0.0042415825,0.31163028,0.12849404,null,null,null,null,"TWOGAUSSIANS",8,4.06322,0.9194656,0.0034850375,0.057182655,0.023752863,0.31163028,0.12849404,0.10642965,0.019803239,0.05161454,0.06801958,0.17371884,0.20797044
375316653866487564,4119916867302478336,0.5137235,2440.755900783563,0.9507178819612367,5.2548075E-6,18.967129,0.008186453,0.24596836,0.0074117794,0.03575723,0.007469586,0.10981318,0.05232628,0.74705577,0.0010248901,0.03414311,0.0014969602,0.8743045,0.07418051,null,null,null,null,"TWOGAUSSIANS",8,3.284181,0.74705577,0.0010248901,0.1912014,0.008382977,0.8743045,0.07418051,0.24596836,0.0074117794,0.20024048,0.041829683,0.10981318,0.05232628
375316653866487564,4119917004710401920,0.45922807,2516.156703063533,1.659070380294875,3.4649325E-5,19.948439,0.013828006,0.19405805,0.004245262,0.029378379,0.003668131,0.32796708,0.028173944,0.71656406,0.0076937494,0.040655527,0.009809835,0.18917814,0.08388076,null,null,null,null,"TWOGAUSSIANS",8,2.8013585,0.19405805,0.004245262,0.16451892,0.020541534,0.32796708,0.028173944,0.71656406,0.0076937494,0.22767097,0.054935075,0.18917814,0.08388076
375316653866487564,4119917004741595136,0.5342303,2510.5461391914027,2.5130740278818946,5.200151E-5,19.85648,0.023730516,0.29899833,0.008496878,0.07614368,0.01799949,0.7266186,0.23154426,0.7911503,0.0063553043,0.06564162,0.009385573,0.49371824,0.044401404,null,null,null,null,"TWOGAUSSIANS",8,2.3382876,0.29899833,0.008496878,0.4,8.8450767E-4,0.72463536,0.23745203,0.7911503,0.0063553043,0.36759305,0.052559208,0.491735,0.044749536
375316653866487564,4119917283939194368,0.43725076,2484.901720665912,1.5948375538583142,2.6849646E-5,18.697409,0.7152971,0.26414,0.00631736,0.13076995,0.08278558,0.31877255,0.60039765,0.76685846,0.007435908,0.15773359,0.11779959,0.4106799,0.69859296,null,null,null,null,"TWOGAUSSIANS",8,10.346255,0.7669185,0.007407612,0.4,0.0,0.2513881,0.03314268,0.26382002,0.00703923,0.4,0.0,0.16446333,0.042318765
375316653866487564,4119917490146034176,0.509654,2412.9030861028973,0.4492132660382947,2.0661098E-5,18.172897,0.0035028793,0.18252972,0.002044167,0.03188103,0.0031192056,0.19554454,0.022207037,0.6705092,0.012627434,0.048684254,0.015786106,0.05627881,0.01032287,null,null,null,null,"TWOGAUSSIANS",8,2.612342,0.18252972,0.002044167,0.17853376,0.017467551,0.19554453,0.022207037,0.6705092,0.012627434,0.27263182,0.0884022,0.05627881,0.010322887
375316653866487564,4119918104253964032,0.53354627,2466.3321863083547,2.370456702966712,8.68735E-6,19.726437,0.011791085,0.29338098,0.0023030827,0.073490836,0.0043099495,0.41073656,0.028140929,0.7848078,0.0037235199,0.07265237,0.0037916116,0.4199824,0.022895271,null,null,null,null,"TWOGAUSSIANS",8,1.7429036,0.7848078,0.0037235199,0.4,0.0012099978,0.4180339,0.02264762,0.29338098,0.0023030827,0.4,0.0,0.40878806,0.028373905
375316653866487564,4119918520890113408,0.41879842,2428.959161480034,1.999493480988252,5.0506358E-5,18.701323,0.011967472,0.16038257,0.007429194,0.013312668,0.00447481,0.22984932,0.15015042,0.7968455,0.015811453,0.08455894,0.01501502,0.21717867,0.040941477,null,null,null,null,"TWOGAUSSIANS",8,5.7873454,0.16038257,0.007429194,0.07455094,0.025058936,0.22987036,0.150159,0.7968455,0.015811453,0.4,0.0,0.21717866,0.040941585
375316653866487564,4119918550928205312,0.46823952,2433.2290345141764,2.8746181976046596,2.3453278E-5,19.735826,0.026406229,0.29288825,0.006925616,0.077178344,0.0086750295,0.3402513,0.039627668,0.7833213,0.0080365185,0.092407785,0.012759187,0.34206796,0.02449399,null,null,null,null,"TWOGAUSSIANS",8,2.93252,0.7833213,0.0080365185,0.4,0.0,0.33462754,0.01819934,0.29288825,0.006925616,0.4,0.0,0.33281124,0.03740385
375316653866487564,4119918589609562752,0.45715815,2421.967250169824,0.03996416297053974,4.488067E-5,19.035753,0.013765041,0.4172531,0.00885406,0.14734817,0.012673176,0.1897563,0.022669958,0.78001106,0.020631867,0.014346113,0.015654594,0.041624263,0.067761235,null,null,null,null,"TWOGAUSSIANS",8,3.379491,0.4172531,0.00885406,0.4,0.0,0.18855718,0.022475075,0.78001106,0.020631867,0.08033824,0.08766572,0.049605224,0.06698474
375316653866487564,4119918658329073536,0.5545769,2431.1347730465004,1.3006435163689771,1.2984432E-5,18.006962,0.0073841535,0.19085182,0.002506715,0.095875606,0.0057931985,0.19498178,0.011023544,0.69015807,0.0021575037,0.09125199,0.00546861,0.24570727,0.007194991,null,null,null,null,"TWOGAUSSIANS",8,2.4701295,0.69015807,0.0021575037,0.4,0.0,0.23355836,0.007239254,0.19085182,0.002506715,0.4,0.0,0.18283252,0.011558808
375316653866487564,4119918757034085888,0.5917613,2430.992754786391,1.7919481906215364,6.8256295E-6,18.202213,0.0049907435,0.22870037,0.0029088259,0.08994371,0.003896073,0.31314287,0.013952567,0.73755187,0.0021361003,0.07487138,0.003646277,0.20355994,0.0051698033,null,null,null,null,"TWOGAUSSIANS",8,2.0198042,0.22870037,0.0029088259,0.4,0.0,0.3087799,0.014672861,0.73755187,0.0021361003,0.4,0.0,0.19919708,0.0044349274
375316653866487564,4119918757053590528,0.5005423,2396.9078005649553,2.5539446388075286,4.412207E-5,19.196358,0.10744868,0.26154628,0.0086438395,0.12233646,0.027064456,0.4130862,0.09773243,0.76171213,0.0063256347,0.113798544,0.023089515,0.44567925,0.09983184,null,null,null,null,"TWOGAUSSIANS",8,5.3109374,0.76171213,0.006333237,0.4,0.0,0.35506886,0.022390846,0.26154628,0.008646756,0.4,0.0,0.32233822,0.024817612
375316653866487564,4119918825750828800,0.4795542,2388.5060786818385,1.5687943465152459,3.502944E-5,17.31198,0.0036226134,null,null,null,null,null,null,null,null,null,null,null,null,0.060901422,0.0047893957,0.27304593,0.0066597564,"ELLIPSOIDAL",4,15.230061,null,null,null,null,null,null,null,null,null,null,null,null
375316653866487564,4119918894526546688,0.50658786,2444.5123755254176,0.03987795473490084,4.410128E-5,19.091602,0.0051434217,0.4487965,0.019801479,0.09667216,0.01627979,0.4004139,0.030784113,0.7133409,0.067986935,0.033715528,0.0415632,0.17639582,0.03260016,null,null,null,null,"TWOGAUSSIANS",8,3.454574,0.4487965,0.01767973,0.4,0.0,0.40041265,0.032007907,0.7133409,0.067986935,0.18880695,0.21363273,0.18586576,0.037555393
375316653866487564,4119918894526547200,0.4729568,2447.6214791489306,1.436453116157536,2.3800138E-5,18.185287,0.06785712,0.28164336,0.014281898,0.11972799,0.044725742,0.08095563,0.06935835,0.7564275,0.0068401857,0.123762585,0.03456177,0.12792669,0.064729676,null,null,null,null,"TWOGAUSSIANS",8,1.8555462,0.7564275,0.0068401857,0.4,0.0,0.10813835,0.0055753486,0.28200334,0.013315738,0.4,0.0,0.061228365,0.008601756
375316653866487564,4119918967543539712,0.56826836,2415.535884245299,1.1015193093440692,5.9082913E-6,18.14427,0.0047877897,0.29441923,0.0044213594,0.082971595,0.0068815756,0.14745866,0.018822584,0.7948308,0.0015265641,0.06309342,0.0017793906,0.43557015,0.014505648,null,null,null,null,"TWOGAUSSIANS",8,3.1697817,0.7948308,0.0015265641,0.35332313,0.009964587,0.43427828,0.014574276,0.29441923,0.0044213594,0.4,0.0,0.14616679,0.019256404
375316653866487564,4119919100624372736,0.5028181,2426.4298091761725,0.7549231961003766,2.3931192E-5,17.80712,0.01109521,0.2909245,0.017896364,0.047289368,0.012976181,0.5543868,0.06154634,0.8047347,0.0025223263,0.04016459,0.0048497487,0.13847552,0.013869619,null,null,null,null,"TWOGAUSSIANS",8,21.485838,0.2909245,0.017896364,0.26482046,0.072666615,0.55438673,0.06154462,0.8047347,0.0025223263,0.22492172,0.027158592,0.13847551,0.013868965
375316653866487564,4119919169345065216,0.561166,2396.4276481840757,1.7101722954188636,1.2253583E-5,18.428997,0.0259272,0.24880028,0.0055421353,0.093360946,0.0138353845,0.2867496,0.023798125,0.75111145,0.0033006798,0.10164435,0.013481806,0.16844818,0.025774186,null,null,null,null,"TWOGAUSSIANS",8,2.0641017,0.24880028,0.0055510746,0.4,0.0,0.27114555,0.008719524,0.75111145,0.0032995895,0.4,0.0,0.15284255,0.010585061
375316653866487564,4119919272483690240,0.50849015,2407.3915631009663,2.2235112708542712,1.5668518E-5,19.52897,0.01849284,0.2830864,0.006681782,0.076389894,0.013622948,0.42711154,0.03917521,0.79171693,0.004149657,0.07203766,0.007191183,0.33306977,0.016058972,null,null,null,null,"TWOGAUSSIANS",8,2.3341339,0.2830864,0.006681782,0.4,0.0,0.42497885,0.041604787,0.79171693,0.004149657,0.4,0.015649179,0.3309371,0.013878571
375316653866487564,4119919551659401984,0.47137937,2364.7424884845336,1.497590734483753,4.1458483E-5,17.7662,0.57971466,0.28308663,0.013709465,0.12739378,0.15638857,0.13554108,0.57124496,0.76094204,0.01972853,0.11393496,0.064517304,0.18648073,0.41573316,null,null,null,null,"TWOGAUSSIANS",8,7.388062,0.76094204,0.01972853,0.4,0.0,0.15652677,0.015153534,0.2831866,0.0126365805,0.4,0.0,0.10547069,0.012189166
375316653866487564,4119919586042176384,0.62825507,2378.519572758899,0.8874752038910775,5.4701095E-6,17.01193,0.0068489746,0.23918346,0.0019644422,0.09607889,0.0031530226,0.36785856,0.008993946,0.740278,0.0012956508,0.0860388,0.0021007415,0.4110001,0.006124923,null,null,null,null,"TWOGAUSSIANS",8,5.142271,0.740278,0.0012956508,0.4,0.0,0.393444,0.0037966631,0.23918346,0.0019644422,0.4,0.0,0.35030153,0.0090444805
375316653866487564,4119919684772042368,0.45962483,2384.783970270368,0.0627577280382866,1.3352002E-5,19.214947,0.009323928,0.29296425,0.015167315,0.051801868,0.0075439424,0.39761743,0.083017014,0.7143466,0.015860572,0.03542681,0.008294408,0.09743679,0.021919625,null,null,null,null,"TWOGAUSSIANS",8,5.113943,0.29296425,0.015167315,0.29009047,0.042246077,0.39761743,0.083017014,0.7143466,0.015860572,0.19839014,0.04644869,0.09743679,0.021919625
375316653866487564,4119919723481115776,0.5725899,2435.75146783489,0.34310268396380983,2.560836E-5,18.422186,0.0024100682,0.2069973,3.7090768E-4,0.01886472,5.945723E-4,1.4521791,0.12599805,0.36952177,0.010835265,0.017204447,0.0080334125,0.039523773,0.009651449,null,null,null,null,"TWOGAUSSIANS",8,1.9207988,0.2069973,3.7090768E-4,0.10564242,0.0033296049,1.4521791,0.12599805,0.36952177,0.010835265,0.0963449,0.04498711,0.039523773,0.009651449
375316653866487564,4119919753524599936,0.53492796,2368.5825448092705,2.3220743474526357,1.2201595E-5,19.429665,0.010558114,0.25907502,0.004716404,0.08579434,0.005779472,0.36020797,0.018643422,0.75830984,0.0030912557,0.08369151,0.004207514,0.4165597,0.01609038,null,null,null,null,"TWOGAUSSIANS",8,1.389129,0.75830984,0.0030912557,0.4,0.0,0.40672177,0.015497907,0.25907502,0.004716404,0.4,0.0,0.35037008,0.019572768
375316653866487564,4119919895257523584,0.48424673,2389.389659920866,2.43204264724953,3.5054545E-5,18.45114,0.013873245,0.29158133,0.0089484295,0.031626415,0.007058458,0.23847757,0.0852643,0.78583014,0.012005771,0.027108014,0.014909853,0.36429772,0.12384245,0.2374538,0.08057252,0.29158133,0.0089484295,"TWOGAUSSIANS_WITH_ELLIPSOIDAL_ON_ECLIPSE1",9,77.52168,0.78623015,0.011806737,0.15180488,0.08349518,0.83862895,0.16210255,0.29158133,0.0089484295,0.17710792,0.039527364,0.71338516,0.09301423
375316653866487564,4119920165785583744,0.5048904,2424.138641612559,2.9771099912063304,2.1903885E-5,18.241348,0.024037182,0.22256917,0.005748276,0.110934876,0.017135687,0.15749772,0.021851057,0.7320369,0.011890516,0.09564274,0.022254242,0.17417817,0.021266319,null,null,null,null,"TWOGAUSSIANS",8,3.819954,0.7320469,0.01189682,0.4,0.0,0.15848866,0.015692746,0.22256917,0.0057494226,0.4,0.0,0.14179559,0.008758354
375316653866487564,4119920268854483712,0.6986393,2401.589844924969,0.5381419990794905,1.0321291E-5,12.905889,0.0013817459,0.20202293,0.0012411888,0.035476442,0.0019590147,0.31821916,0.006775333,0.7037609,0.03272547,0.032336626,0.013172634,0.36043447,0.29481143,0.022500265,0.0018720631,0.20202293,0.0012411888,"TWOGAUSSIANS_WITH_ELLIPSOIDAL_ON_ECLIPSE1",9,14.858005,0.7037609,0.032480907,0.1810851,0.073766746,0.40542963,0.2958606,0.20202293,0.0012411888,0.19866808,0.010970483,0.36321968,0.00604817
375316653866487564,4119920268917023488,0.49035382,2400.4678788960982,2.1511563116334647,3.987332E-5,19.629032,0.010942166,0.25126705,0.013729047,0.0779856,0.014089628,0.4355167,0.078388564,0.7428796,0.008060572,0.067776345,0.010630418,0.52456665,0.082449496,null,null,null,null,"TWOGAUSSIANS",8,4.6679163,0.7428796,0.008060572,0.37954754,0.044651557,0.52240646,0.08376279,0.25126705,0.013729047,0.4,0.0,0.4333565,0.080224715
