Gaia/vari_eclipsing_binary/VariEclipsingBinary_463372-463390.csv
# %ECSV 1.0
# ---
# delimiter: ','
# meta: !!omap
# - RELEASE: Gaia DR3
# - TABLE: vari_eclipsing_binary
# - DESCRIPTION: >
#     This table describes the properties of the eclipsing binaries resulting from the variability analysis. 
# - CITATION: >
#     How to cite and acknowledge Gaia: 
#     https://gea.esac.esa.int/archive/documentation/credits.html 
# - KNOWN_ISSUES: >
#     Known issues: 
#     https://www.cosmos.esa.int/web/gaia-users/known-issues 
# - DOCUMENTATION: >
#     Tutorials and documentation: 
#     https://www.cosmos.esa.int/web/gaia-users/archive 
# datatype:
# - 
#   name: solution_id
#   datatype: int64
#   description: Solution Identifier
#   meta:
#     ucd: meta.version
# - 
#   name: source_id
#   datatype: int64
#   description: Unique source identifier
#   meta:
#     ucd: meta.id;meta.main
# - 
#   name: global_ranking
#   datatype: float32
#   description: Number between 0 (worst) and 1 (best)
#   meta:
#     ucd: stat.param
# - 
#   name: reference_time
#   datatype: float64
#   unit: d
#   description: Reference time used for the geometric model fit
#   meta:
#     ucd: time.epoch
# - 
#   name: frequency
#   datatype: float64
#   unit: d**-1
#   description: Frequency of geometric model of the eclipsing binary light curve
#   meta:
#     ucd: src.orbital
# - 
#   name: frequency_error
#   datatype: float32
#   unit: d**-1
#   description: "Uncertainty of \\texttt{frequency}"
#   meta:
#     ucd: stat.error
# - 
#   name: geom_model_reference_level
#   datatype: float32
#   unit: mag
#   description: Magnitude reference level of geometric model
#   meta:
#     ucd: phot.mag;em.opt
# - 
#   name: geom_model_reference_level_error
#   datatype: float32
#   unit: mag
#   description: "Uncertainty of \\texttt{geomModelReferenceLevel}"
#   meta:
#     ucd: stat.error;phot.mag;em.opt
# - 
#   name: geom_model_gaussian1_phase
#   datatype: float32
#   description: Phase of the Gaussian 1 component
#   meta:
#     ucd: time.phase
# - 
#   name: geom_model_gaussian1_phase_error
#   datatype: float32
#   description: "Uncertainty of \\texttt{geomModelGaussian1Phase}"
#   meta:
#     ucd: stat.error;time.phase
# - 
#   name: geom_model_gaussian1_sigma
#   datatype: float32
#   description: "Standard deviation [phase] of Gaussian 1 component"
#   meta:
#     ucd: stat.stdev
# - 
#   name: geom_model_gaussian1_sigma_error
#   datatype: float32
#   description: "Uncertainty of \\texttt{geomModelGaussian1Sigma}"
#   meta:
#     ucd: stat.error
# - 
#   name: geom_model_gaussian1_depth
#   datatype: float32
#   unit: mag
#   description: Magnitude depth of Gaussian 1 component
#   meta:
#     ucd: src.var.amplitude
# - 
#   name: geom_model_gaussian1_depth_error
#   datatype: float32
#   unit: mag
#   description: "Uncertainty of \\texttt{geomModelGaussian1Depth}"
#   meta:
#     ucd: stat.error;src.var.amplitude
# - 
#   name: geom_model_gaussian2_phase
#   datatype: float32
#   description: Phase of Gaussian 2 component
#   meta:
#     ucd: time.phase
# - 
#   name: geom_model_gaussian2_phase_error
#   datatype: float32
#   description: "Uncertainty of \\texttt{geomModelGaussian2Phase}"
#   meta:
#     ucd: stat.error;time.phase
# - 
#   name: geom_model_gaussian2_sigma
#   datatype: float32
[...]
#   datatype: float32
#   description: "Secondary eclipse: uncertainty of \\texttt{derivedSecondaryEclDuration}"
#   meta:
#     ucd: stat.error;time.duration
# - 
#   name: derived_secondary_ecl_depth
#   datatype: float32
#   unit: mag
#   description: "Secondary eclipse: depth"
#   meta:
#     ucd: src.var.amplitude
# - 
#   name: derived_secondary_ecl_depth_error
#   datatype: float32
#   unit: mag
#   description: "Secondary eclipse: uncertainty of \\texttt{derivedSecondaryEclDepth}"
#   meta:
#     ucd: stat.error;src.var.amplitude
solution_id,source_id,global_ranking,reference_time,frequency,frequency_error,geom_model_reference_level,geom_model_reference_level_error,geom_model_gaussian1_phase,geom_model_gaussian1_phase_error,geom_model_gaussian1_sigma,geom_model_gaussian1_sigma_error,geom_model_gaussian1_depth,geom_model_gaussian1_depth_error,geom_model_gaussian2_phase,geom_model_gaussian2_phase_error,geom_model_gaussian2_sigma,geom_model_gaussian2_sigma_error,geom_model_gaussian2_depth,geom_model_gaussian2_depth_error,geom_model_cosine_half_period_amplitude,geom_model_cosine_half_period_amplitude_error,geom_model_cosine_half_period_phase,geom_model_cosine_half_period_phase_error,model_type,num_model_parameters,reduced_chi2,derived_primary_ecl_phase,derived_primary_ecl_phase_error,derived_primary_ecl_duration,derived_primary_ecl_duration_error,derived_primary_ecl_depth,derived_primary_ecl_depth_error,derived_secondary_ecl_phase,derived_secondary_ecl_phase_error,derived_secondary_ecl_duration,derived_secondary_ecl_duration_error,derived_secondary_ecl_depth,derived_secondary_ecl_depth_error
[from data line 644]
375316653866487564,4076022065297600384,0.5589569,2248.416948327441,0.5221085860113861,6.000322E-5,19.355633,0.0765294,0.5482777,0.009111677,0.20845903,0.027713917,0.67733335,0.066028826,0.9801709,0.053085726,0.05652315,0.039877716,0.23250593,0.63096493,null,null,null,null,"TWOGAUSSIANS",8,2.0428886,0.5482777,0.009111677,0.4,0.0,0.56889886,0.032217775,0.9801709,0.053085726,0.31652963,0.22331522,0.21977323,0.70254374
375316653866487564,4076022713824872064,0.5377619,2264.309503982646,2.9602979305899293,2.5534562E-5,19.173279,0.03288048,0.37589085,0.0031247209,0.08633893,0.006670151,0.4439325,0.0320575,0.8590046,0.016614992,0.0895253,0.0152141405,0.49676818,0.06220167,null,null,null,null,"TWOGAUSSIANS",8,3.2729597,0.8590046,0.016614992,0.4,0.0,0.48425695,0.05838072,0.37589085,0.0031243225,0.4,0.0,0.43142146,0.022514515
375316653866487564,4076023233548004608,0.59850913,2233.230442498929,1.2030013215126636,1.5590434E-5,16.989697,0.080770776,0.22266465,0.0039612358,0.115404986,0.015834715,0.31840163,0.07480194,0.72131354,0.0073886695,0.13363016,0.02973824,0.2812679,0.079077065,null,null,null,null,"TWOGAUSSIANS",8,5.5565286,0.22268465,0.0037842833,0.4,0.0,0.24082516,0.011260788,0.72131354,0.0073886695,0.4,0.0,0.20323165,0.0058536045
375316653866487564,4076023852003739136,0.5218645,2229.9277219617047,2.456623896111783,2.6715565E-5,19.188118,0.07164609,0.3182905,0.015000796,0.094459556,0.035360638,0.2728365,0.06903796,0.8179888,0.009010377,0.09285333,0.020121248,0.33705193,0.06812438,null,null,null,null,"TWOGAUSSIANS",8,3.7881548,0.8179888,0.008987999,0.4,0.0,0.31995726,0.023645718,0.3182905,0.01501826,0.4,0.0,0.25574172,0.023339426
375316653866487564,4076024161241500032,0.4795726,2244.7640238826225,0.5450331431287383,4.0738938E-5,19.896694,0.07574932,0.29200912,0.0155888125,0.070822336,0.030261062,0.285352,0.12819378,0.74863327,0.007901942,0.083474375,0.040699787,0.20550373,0.068635575,null,null,null,null,"TWOGAUSSIANS",8,3.4840717,0.29200912,0.0156005975,0.39660507,0.11326118,0.28438896,0.12046644,0.74863327,0.007901942,0.4,0.0,0.20454063,0.0477185
375316653866487564,4076024333039805056,0.53032666,2195.821124924716,3.0735412513355578,1.45178765E-5,19.652203,0.036396604,0.24550411,0.00735836,0.106669575,0.029731546,0.28301007,0.025359157,0.753395,0.006168385,0.089997955,0.011094801,0.33726114,0.034227923,null,null,null,null,"TWOGAUSSIANS",8,1.4620101,0.753395,0.006172712,0.4,0.0,0.31555444,0.018066643,0.24550411,0.00735836,0.4,0.0,0.26129338,0.010170717
375316653866487564,4076024676637732352,0.5310926,2211.391246766714,2.6203929415572143,1.2780502E-5,19.6731,0.01663048,0.35390076,0.01568805,0.08066939,0.01949502,0.39110383,0.05907215,0.85386014,0.0031995338,0.080820754,0.006059547,0.33950114,0.019203048,null,null,null,null,"TWOGAUSSIANS",8,1.3122205,0.35390076,0.01568805,0.4,0.039341137,0.3850716,0.06316341,0.85386014,0.0031995338,0.4,0.0,0.33346894,0.018284705
375316653866487564,4076024706690001408,0.56892085,2221.0698294002236,2.267094354354904,7.4707555E-6,18.676828,0.01530787,0.33300713,0.0054543116,0.09930257,0.010921518,0.20120537,0.016796684,0.8329427,0.0038533488,0.105293095,0.00818629,0.24400292,0.014788556,null,null,null,null,"TWOGAUSSIANS",8,1.1324052,0.8329427,0.0038533488,0.4,0.0,0.2216072,0.008552925,0.33300713,0.0054543116,0.4,0.0,0.17881458,0.017729146
375316653866487564,4076025020254426880,0.49880144,2226.354780664175,0.18542697257787955,4.446586E-5,19.536705,0.06662731,0.35659847,0.005548518,0.0776118,0.016594877,0.43591687,0.057912316,0.7983971,0.01150674,0.09854584,0.025110496,0.3707466,0.06371429,null,null,null,null,"TWOGAUSSIANS",8,3.9768667,0.35660848,0.005552103,0.4,0.03514612,0.430724,0.051820945,0.7983971,0.01150674,0.4,0.0,0.36553773,0.057278194
375316653866487564,4076025398211537280,0.61242944,2237.4682089083785,0.6013494754155286,8.646415E-6,15.678564,0.0057552275,0.21440324,0.0068998327,0.0400874,0.013301711,0.080294944,0.016935004,0.70976967,9.735214E-4,0.03896905,0.0021503444,0.20874868,0.0132815,0.023809355,0.0069754785,0.21440324,0.0068998327,"TWOGAUSSIANS_WITH_ELLIPSOIDAL_ON_ECLIPSE1",9,9.585244,0.70988965,8.7567576E-4,0.21822669,0.012041929,0.2563281,0.008466394,0.21440324,0.0068998327,0.22448944,0.07448958,0.12791365,0.007358135
375316653866487564,4076025600043211904,0.5083733,2196.3574221829795,1.5083138696955842,1.8367193E-5,18.795273,0.013564198,0.27644902,0.013253053,0.053770248,0.023878448,0.14058569,0.020628931,0.78030515,0.0041351407,0.041727725,0.016795702,0.12944496,0.012860667,null,null,null,null,"TWOGAUSSIANS",8,2.4527617,0.27644902,0.013253053,0.30111337,0.13371931,0.14058545,0.020634193,0.78030515,0.0041351407,0.23367527,0.09405593,0.12944472,0.01284993
375316653866487564,4076025673089505536,0.47786918,2233.004127134454,1.6568780792769375,1.6402459E-5,19.795216,0.013870937,0.14183207,0.038031608,0.041252308,0.023711784,0.39692047,0.079390995,0.66140765,0.011219769,0.05884449,0.008318276,0.27364716,0.024034724,null,null,null,null,"TWOGAUSSIANS",8,3.8611546,0.14183207,0.038031608,0.23101293,0.13278599,0.39691958,0.07939214,0.66140765,0.011219769,0.32952917,0.046582345,0.27364627,0.024033705
375316653866487564,4076025776168756864,0.6030665,2270.626987643107,0.3632519142629632,5.895893E-5,17.113163,0.012852449,0.2691338,0.0108430935,0.11815297,0.04195337,0.056714136,0.009027639,0.8068165,0.02053071,0.06251874,0.012265155,0.52499497,0.06691087,null,null,null,null,"TWOGAUSSIANS",8,4.352038,0.80682653,0.020504823,0.35010493,0.06868487,0.5225163,0.0728309,0.2691338,0.0108430935,0.4,0.0,0.05420679,0.009511562
375316653866487564,4076025943614942848,0.6153076,2311.6452077198282,1.1827979119195167,4.5273737E-6,17.820332,0.003779301,0.2053282,0.003048753,0.062370904,0.0024544182,0.38445508,0.020400537,0.70829797,0.012023042,0.07427837,0.012722268,0.14057548,0.006038372,null,null,null,null,"TWOGAUSSIANS",8,1.3638664,0.2053282,0.003048753,0.34927705,0.013744742,0.38395512,0.020445745,0.70829797,0.012023042,0.4,0.051371627,0.14007552,0.0061455206
375316653866487564,4076026596467291648,0.5635911,2200.839042858904,2.0870057758598666,1.0255749E-5,18.86673,0.032768913,0.2292483,0.007350079,0.088611506,0.014048792,0.4392364,0.03434677,0.73207015,0.002796864,0.08777807,0.007676481,0.42084578,0.036627986,null,null,null,null,"TWOGAUSSIANS",8,4.1181135,0.2292483,0.007350079,0.4,0.0,0.42444846,0.029164318,0.73207015,0.002796864,0.4,0.0,0.40605786,0.030049458
375316653866487564,4076027734656135040,0.50074285,2283.969266975177,2.0717003283636974,2.682942E-5,17.977077,0.0055710026,null,null,null,null,null,null,null,null,null,null,null,null,0.10116098,0.0069454303,0.25720185,0.006109853,"ELLIPSOIDAL",4,9.887277,null,null,null,null,null,null,null,null,null,null,null,null
375316653866487564,4076027734674032128,0.55097073,2258.2126731033463,3.8576368437052446,3.3602293E-5,19.684542,0.02873468,0.19993584,0.0024300537,0.07019513,0.0070103705,0.5508619,0.034858257,0.71868336,0.017235069,0.074038945,0.015817294,0.4745805,0.048156936,null,null,null,null,"TWOGAUSSIANS",8,3.2699218,0.19993584,0.0024300537,0.39309275,0.02716799,0.54927826,0.03523673,0.71868336,0.017235069,0.4,0.0066834544,0.4729969,0.04759277
375316653866487564,4076028146972185984,0.5566339,2198.2206631462914,2.9119791100171932,2.6795771E-5,18.628418,0.028674806,0.17965606,0.01177811,0.085908666,0.012662268,0.28194553,0.041334573,0.6788867,0.004989063,0.08017358,0.0073900926,0.39534876,0.02993133,null,null,null,null,"TWOGAUSSIANS",8,3.2398639,0.6788867,0.004989063,0.4,0.0,0.38832557,0.02529245,0.17965606,0.01177811,0.4,0.0,0.2749223,0.037508298
375316653866487564,4076028318770863616,0.49601695,2202.772360395834,2.267299073023307,2.1750349E-4,19.8071,0.009453796,0.29575005,0.02921375,0.093723014,0.0381679,0.073337555,0.015411676,0.6695105,0.01673636,0.065359846,0.010655832,0.3242463,0.12696876,null,null,null,null,"TWOGAUSSIANS",8,1.0521001,0.6695105,0.01673636,0.36601514,0.054189097,0.32416055,0.12703113,0.29575005,0.02921375,0.4,0.0,0.07322601,0.015438211
375316653866487564,4076028486261124480,0.55078125,2249.403414524163,2.4046512022099154,3.02123E-5,18.48218,0.009704492,0.18840113,0.007012744,0.08023787,0.0114110205,0.16667102,0.010205367,0.68932796,0.0035502133,0.082744606,0.0057232208,0.24942513,0.009861045,null,null,null,null,"TWOGAUSSIANS",8,1.6099279,0.68932796,0.0035502133,0.4,0.0,0.24579792,0.007999522,0.18840113,0.007012744,0.4,0.0,0.16304383,0.009906051
375316653866487564,4076028524929798144,0.52488583,2253.6029954772994,2.5916674648212994,2.7586411E-5,19.610918,0.026773078,0.28489137,0.006232188,0.07481804,0.011214499,0.4136615,0.041318495,0.78632426,0.015440523,0.07606208,0.023588458,0.47068772,0.04605496,null,null,null,null,"TWOGAUSSIANS",8,5.58983,0.78632426,0.015440523,0.4,0.10288007,0.46715945,0.04697499,0.28489137,0.006232188,0.4,0.0,0.41013327,0.041089125
375316653866487564,4076028524948010496,0.5506086,2242.5396215922397,0.5149143353429901,2.4701156E-5,16.628284,0.0018901628,0.689516,0.02115394,0.03679253,0.066345625,0.011089374,0.0032537393,0.50693667,0.001976662,0.042511474,0.0017950784,0.16117561,0.0136161195,null,null,null,null,"TWOGAUSSIANS",8,3.9937456,0.50693667,0.0017538265,0.23806426,0.01005244,0.16117567,0.013033733,0.68931603,0.02274613,0.20603819,0.19871855,0.0111054545,0.0032118456
375316653866487564,4076028593649163904,0.5145138,2226.656776143971,3.234174306367992,3.0825126E-5,19.511042,0.04356609,0.24782705,0.02719695,0.06611464,0.03275574,0.49181938,3.3847165,0.751444,0.002722928,0.08435506,0.012163423,0.49710688,0.043363173,null,null,null,null,"TWOGAUSSIANS",8,7.8585486,0.751444,0.002722928,0.4,0.0,0.49348012,0.041674986,0.24782705,0.02719695,0.370242,0.1814419,0.48819262,3.388339
375316653866487564,4076029280850189952,0.5744897,2250.891805656422,1.700184611520468,4.162171E-5,19.103773,0.009585034,0.18668148,0.014523557,0.06722601,0.015799241,0.13035221,0.03639456,0.6994181,0.0040016896,0.05947013,0.0062474376,0.36395472,0.01216519,null,null,null,null,"TWOGAUSSIANS",8,1.6608554,0.6994181,0.0040016896,0.33303273,0.03498565,0.36383894,0.0120408125,0.18668148,0.014523557,0.37646565,0.08385763,0.13023643,0.036509976
375316653866487564,4076029555740259968,0.65732795,2233.1978515329815,0.6932973868651227,5.660746E-6,17.04987,0.012143874,0.342119,0.0019625085,0.05188877,0.0052389,0.37499484,0.051873256,0.83824044,0.032101452,0.06728663,0.02559425,0.061519608,0.03408463,0.09886406,0.01561919,0.342119,0.0019625085,"TWOGAUSSIANS_WITH_ELLIPSOIDAL_ON_ECLIPSE1",9,5.729085,0.342119,0.0019625085,0.2905771,0.02933784,0.5726696,0.055435546,0.84031045,0.025563976,0.37680516,0.14078015,0.25913975,0.021172041
375316653866487564,4076029658819478400,0.5829253,2256.1245946052736,3.0350970201074814,5.6672534E-6,17.899654,0.03474031,0.34776267,0.0014734103,0.083124466,0.008151166,0.3401409,0.028823141,0.8552032,0.0031800189,0.07936762,0.007909328,0.4101794,0.031211128,null,null,null,null,"TWOGAUSSIANS",8,5.413719,0.8552032,0.0031800189,0.4,0.0,0.40449992,0.027264893,0.34776267,0.0014734103,0.4,0.0,0.3344614,0.024709132
375316653866487564,4076029899319911680,0.53993857,2199.0094271745406,3.385608242810907,1.1975443E-5,19.28178,0.017155811,0.13876481,0.0030579814,0.068667814,0.0044401474,0.53747946,0.04561316,0.64038354,0.006529539,0.07743548,0.011057891,0.4279723,0.049319748,null,null,null,null,"TWOGAUSSIANS",8,2.9489934,0.13876481,0.0030579814,0.38453978,0.024864824,0.53486174,0.045796767,0.64038354,0.006529539,0.4,0.0,0.4253546,0.050592866
