Gaia/vari_eclipsing_binary/VariEclipsingBinary_689479-689544.csv
# %ECSV 1.0
# ---
# delimiter: ','
# meta: !!omap
# - RELEASE: Gaia DR3
# - TABLE: vari_eclipsing_binary
# - DESCRIPTION: >
#     This table describes the properties of the eclipsing binaries resulting from the variability analysis. 
# - CITATION: >
#     How to cite and acknowledge Gaia: 
#     https://gea.esac.esa.int/archive/documentation/credits.html 
# - KNOWN_ISSUES: >
#     Known issues: 
#     https://www.cosmos.esa.int/web/gaia-users/known-issues 
# - DOCUMENTATION: >
#     Tutorials and documentation: 
#     https://www.cosmos.esa.int/web/gaia-users/archive 
# datatype:
# - 
#   name: solution_id
#   datatype: int64
#   description: Solution Identifier
#   meta:
#     ucd: meta.version
# - 
#   name: source_id
#   datatype: int64
#   description: Unique source identifier
#   meta:
#     ucd: meta.id;meta.main
# - 
#   name: global_ranking
#   datatype: float32
#   description: Number between 0 (worst) and 1 (best)
#   meta:
#     ucd: stat.param
# - 
#   name: reference_time
#   datatype: float64
#   unit: d
#   description: Reference time used for the geometric model fit
#   meta:
#     ucd: time.epoch
# - 
#   name: frequency
#   datatype: float64
#   unit: d**-1
#   description: Frequency of geometric model of the eclipsing binary light curve
#   meta:
#     ucd: src.orbital
# - 
#   name: frequency_error
#   datatype: float32
#   unit: d**-1
#   description: "Uncertainty of \\texttt{frequency}"
#   meta:
#     ucd: stat.error
# - 
#   name: geom_model_reference_level
#   datatype: float32
#   unit: mag
#   description: Magnitude reference level of geometric model
#   meta:
#     ucd: phot.mag;em.opt
# - 
#   name: geom_model_reference_level_error
#   datatype: float32
#   unit: mag
#   description: "Uncertainty of \\texttt{geomModelReferenceLevel}"
#   meta:
#     ucd: stat.error;phot.mag;em.opt
# - 
#   name: geom_model_gaussian1_phase
#   datatype: float32
#   description: Phase of the Gaussian 1 component
#   meta:
#     ucd: time.phase
# - 
#   name: geom_model_gaussian1_phase_error
#   datatype: float32
#   description: "Uncertainty of \\texttt{geomModelGaussian1Phase}"
#   meta:
#     ucd: stat.error;time.phase
# - 
#   name: geom_model_gaussian1_sigma
#   datatype: float32
#   description: "Standard deviation [phase] of Gaussian 1 component"
#   meta:
#     ucd: stat.stdev
# - 
#   name: geom_model_gaussian1_sigma_error
#   datatype: float32
#   description: "Uncertainty of \\texttt{geomModelGaussian1Sigma}"
#   meta:
#     ucd: stat.error
# - 
#   name: geom_model_gaussian1_depth
#   datatype: float32
#   unit: mag
#   description: Magnitude depth of Gaussian 1 component
#   meta:
#     ucd: src.var.amplitude
# - 
#   name: geom_model_gaussian1_depth_error
#   datatype: float32
#   unit: mag
#   description: "Uncertainty of \\texttt{geomModelGaussian1Depth}"
#   meta:
#     ucd: stat.error;src.var.amplitude
# - 
#   name: geom_model_gaussian2_phase
#   datatype: float32
#   description: Phase of Gaussian 2 component
#   meta:
#     ucd: time.phase
# - 
#   name: geom_model_gaussian2_phase_error
#   datatype: float32
#   description: "Uncertainty of \\texttt{geomModelGaussian2Phase}"
#   meta:
#     ucd: stat.error;time.phase
# - 
#   name: geom_model_gaussian2_sigma
#   datatype: float32
[...]
#   datatype: float32
#   description: "Secondary eclipse: uncertainty of \\texttt{derivedSecondaryEclDuration}"
#   meta:
#     ucd: stat.error;time.duration
# - 
#   name: derived_secondary_ecl_depth
#   datatype: float32
#   unit: mag
#   description: "Secondary eclipse: depth"
#   meta:
#     ucd: src.var.amplitude
# - 
#   name: derived_secondary_ecl_depth_error
#   datatype: float32
#   unit: mag
#   description: "Secondary eclipse: uncertainty of \\texttt{derivedSecondaryEclDepth}"
#   meta:
#     ucd: stat.error;src.var.amplitude
solution_id,source_id,global_ranking,reference_time,frequency,frequency_error,geom_model_reference_level,geom_model_reference_level_error,geom_model_gaussian1_phase,geom_model_gaussian1_phase_error,geom_model_gaussian1_sigma,geom_model_gaussian1_sigma_error,geom_model_gaussian1_depth,geom_model_gaussian1_depth_error,geom_model_gaussian2_phase,geom_model_gaussian2_phase_error,geom_model_gaussian2_sigma,geom_model_gaussian2_sigma_error,geom_model_gaussian2_depth,geom_model_gaussian2_depth_error,geom_model_cosine_half_period_amplitude,geom_model_cosine_half_period_amplitude_error,geom_model_cosine_half_period_phase,geom_model_cosine_half_period_phase_error,model_type,num_model_parameters,reduced_chi2,derived_primary_ecl_phase,derived_primary_ecl_phase_error,derived_primary_ecl_duration,derived_primary_ecl_duration_error,derived_primary_ecl_depth,derived_primary_ecl_depth_error,derived_secondary_ecl_phase,derived_secondary_ecl_phase_error,derived_secondary_ecl_duration,derived_secondary_ecl_duration_error,derived_secondary_ecl_depth,derived_secondary_ecl_depth_error
[from data line 367]
375316653866487564,6064999666022033792,0.57140493,2276.6261878706637,2.574781267968621,5.2421783E-6,18.257618,0.007314795,0.2688266,0.001664062,0.0743788,0.0032214997,0.4578171,0.020358512,0.76482165,0.0016260458,0.07347327,0.007762809,0.52386457,0.07947854,null,null,null,null,"TWOGAUSSIANS",8,3.5562768,0.76482165,0.0016260458,0.4,0.0,0.52093107,0.081617884,0.2688266,0.001664062,0.4,0.0,0.4548836,0.020582117
375316653866487564,6065001250869181568,0.42766804,2267.516882311879,1.8546253684745941,2.9568422E-5,18.993599,0.123537585,0.16994306,0.016095804,0.07882512,0.019267889,0.25283885,0.037494823,0.6021402,0.029644798,0.18748009,0.12959978,0.12747245,0.118613616,null,null,null,null,"TWOGAUSSIANS",8,6.4723167,0.17221306,0.017227488,0.4,0.039817117,0.23502278,0.026985442,0.6021402,0.029644798,0.4,0.0,0.09931525,0.019088093
375316653866487564,6065001933763892864,0.4345853,2207.04322792625,0.1009648780771397,1.0474056E-4,19.287046,0.012036915,0.20989797,0.0065714926,0.057295002,0.008621481,0.17246485,0.03508776,0.6186911,0.020191375,0.026136402,0.016525902,0.15379876,0.07588907,null,null,null,null,"TWOGAUSSIANS",8,3.7703831,0.20989797,0.0065714926,0.320852,0.04828029,0.17246485,0.03508776,0.6186911,0.020191375,0.14636385,0.09254505,0.15379876,0.07588908
375316653866487564,6065003552983320576,0.5105674,2306.8171167326987,0.5644205443722441,2.0554939E-5,14.866606,6.1773433E-4,0.24076039,0.0027658269,0.02673219,0.0060448917,0.027987555,0.0027888913,null,null,null,null,null,null,0.008160273,9.5500454E-4,0.24076039,0.0027658269,"ONEGAUSSIAN_WITH_ELLIPSOIDAL",6,4.723594,0.24076039,0.0027658269,0.14970025,0.033851393,0.044308066,0.0028241593,null,null,null,null,null,null
375316653866487564,6065003617392867200,0.50746447,2269.389259952085,1.9459812801855036,2.3139311E-5,18.218996,0.0073226183,0.21697135,0.0049841995,0.036083072,0.0051563247,0.55327344,0.09219532,0.6981336,0.010584641,0.041052893,0.0068180533,0.11247825,0.04000726,null,null,null,null,"TWOGAUSSIANS",8,15.230649,0.21697135,0.0049841995,0.2020652,0.028875418,0.55327344,0.09219532,0.6981336,0.010584641,0.2298962,0.038181096,0.11247825,0.04000726
375316653866487564,6065004034019653632,0.56010616,2293.7319947661804,2.309573478495861,8.826078E-6,16.992426,0.016714478,0.25770342,0.002356547,0.051008195,0.010013049,0.17872244,0.041632704,0.7570552,0.0067538666,0.0478833,0.011311582,0.19792409,0.062609315,0.1349186,0.022836646,0.25770342,0.002356547,"TWOGAUSSIANS_WITH_ELLIPSOIDAL_ON_ECLIPSE1",9,32.594494,0.7571852,0.0057742232,0.26814649,0.06334486,0.4677559,0.05954323,0.25770342,0.002356547,0.28564587,0.05607307,0.44855785,0.030732304
375316653866487564,6065004686843162624,0.5925026,2281.415242226879,2.5293649385809007,7.655345E-6,18.99725,0.014249544,0.2541029,0.0024235132,0.04148701,0.004881978,0.3725507,0.03672873,0.7541271,0.002961545,0.047134575,0.004238969,0.49996904,0.04902305,0.13197866,0.024838561,0.2541029,0.0024235132,"TWOGAUSSIANS_WITH_ELLIPSOIDAL_ON_ECLIPSE1",9,3.9065828,0.7541271,0.002742668,0.26395363,0.023738228,0.76392585,0.049337953,0.2541029,0.0024235132,0.23232725,0.027339078,0.6365075,0.020755189
375316653866487564,6065005094861624192,0.49967104,2279.8048005724345,2.677074485158841,3.8480033E-5,17.302013,0.20903385,0.24313621,0.01438979,0.10356115,0.055530127,0.13298197,0.16600439,0.7396692,0.011616297,0.13798206,0.0996082,0.13900161,0.20654656,null,null,null,null,"TWOGAUSSIANS",8,6.2138467,0.7396692,0.011614807,0.4,0.0,0.108310714,0.0053221844,0.2432062,0.014487187,0.4,0.0,0.10268174,0.0058860313
375316653866487564,6065005339689917056,0.5780865,2319.949517521298,2.2486938972540376,1.13903125E-5,16.833826,0.0062324204,0.25029722,0.003580029,0.047213472,0.01338307,0.060898058,0.025419887,0.7482173,0.0061380467,0.065516695,0.0049548033,0.26545182,0.016230855,0.045981254,0.0074141254,0.25029722,0.003580029,"TWOGAUSSIANS_WITH_ELLIPSOIDAL_ON_ECLIPSE1",9,10.477744,0.7484373,0.005380534,0.3668935,0.027746899,0.3572432,0.0083918655,0.25029722,0.003580029,0.26439545,0.07494519,0.15270348,0.028399443
375316653866487564,6065006679719588736,0.58840454,2285.860648300938,0.034478452894224146,9.332567E-6,16.138498,0.0023467592,0.15312237,5.176311E-4,0.028111452,8.990014E-4,0.28428844,0.00650695,0.65692234,0.0027936585,0.058702797,0.012128505,0.06680354,0.022040443,0.020015871,0.0038983398,0.15312237,5.176311E-4,"TWOGAUSSIANS_WITH_ELLIPSOIDAL_ON_ECLIPSE1",9,9.207949,0.15312237,5.176311E-4,0.15742412,0.0050344076,0.32431412,0.0053583947,0.65692234,0.0027936585,0.32873565,0.06791963,0.10680638,0.02082094
375316653866487564,6065006920237895808,0.465722,2280.420436100453,3.6585406372346214,3.330601E-5,19.531805,0.016454939,0.23311378,0.006379042,0.073027566,0.009009874,0.25217977,0.037634764,0.713946,0.015389727,0.06942591,0.025790734,0.3118129,0.10694013,null,null,null,null,"TWOGAUSSIANS",8,2.5695999,0.713946,0.015389727,0.3887851,0.11911834,0.31108335,0.108394995,0.23311378,0.006379042,0.4,0.023168448,0.2514502,0.037525937
375316653866487564,6065007366914315520,0.52153707,2301.2984853410208,2.5190788588735553,1.1267446E-5,17.831488,0.48487398,0.2956019,0.009585976,0.1309562,0.05073094,0.2820794,0.40442148,0.7771425,0.007096056,0.14740099,0.096416414,0.2773615,0.47240922,null,null,null,null,"TWOGAUSSIANS",8,3.453229,0.2966319,0.004933862,0.4,0.0,0.18557979,0.013633282,0.7771425,0.007096056,0.4,0.0,0.17938578,0.013647312
375316653866487564,6065007465681858944,0.4618946,2274.6205912474156,0.7250264742372331,2.3631044E-5,18.554276,0.004608732,0.3967043,0.00661252,0.027095051,0.0040506423,0.28740236,0.050011255,0.6111274,4.623149E-4,0.014501106,0.0018071067,0.095626295,0.007623218,null,null,null,null,"TWOGAUSSIANS",8,6.346414,0.3967043,0.00661252,0.1517323,0.022683596,0.28740236,0.050011255,0.6111274,4.623149E-4,0.081206195,0.010119798,0.095626295,0.007623218
375316653866487564,6065007469982013184,0.5125575,2235.4492804148404,3.431747628544981,3.1931864E-5,19.602509,0.02250872,0.1134636,0.011259748,0.091911644,0.0132798925,0.4138153,0.025070237,0.6264062,0.004869654,0.0854006,0.0075234463,0.43906438,0.025296412,null,null,null,null,"TWOGAUSSIANS",8,2.883348,0.6264062,0.004869654,0.4,0.0,0.42610565,0.021380397,0.1134636,0.011259748,0.4,0.0,0.4008562,0.021834614
375316653866487564,6065007813590945664,0.58617806,2293.8897298643515,2.374475510330261,9.92725E-6,14.889149,0.006588209,0.21758914,0.0019170353,0.08354123,0.00279043,0.4068899,0.009451338,0.712558,0.002788524,0.087401904,0.0039814143,0.37838626,0.024509478,null,null,null,null,"TWOGAUSSIANS",8,124.61022,0.21758914,0.0019170353,0.4,0.0,0.39691678,0.009295847,0.712558,0.002788524,0.4,0.0,0.3684131,0.026165688
375316653866487564,6065008260256074624,0.47882715,2248.9580881420716,1.2246188094179498,8.9222376E-5,18.974632,0.008252662,0.28901437,0.039888892,0.019500485,0.021423142,1.1886034,7.0819848E12,0.5213627,0.024039613,0.038028758,0.021892201,0.06277794,0.044208013,0.011850208,0.012224288,0.28901437,0.039888892,"TWOGAUSSIANS_WITH_ELLIPSOIDAL_ON_ECLIPSE1",9,6.0456343,0.28901437,0.039888892,0.10920271,0.1199696,1.2123038,7.0819848E12,0.5213627,0.024077492,0.21296105,0.12259632,0.06306828,0.043842204
375316653866487564,6065009114948636288,0.61862844,2249.248571730256,2.320362300947333,5.4823736E-6,17.19827,0.0065287123,0.2682019,0.0026946955,0.033055767,0.0037321686,0.111697406,0.012603501,0.72432286,0.0016382008,0.066564605,0.0031955359,0.24879017,0.019943362,0.08685537,0.0076989713,0.72432286,0.0016382008,"TWOGAUSSIANS_WITH_ELLIPSOIDAL_ON_ECLIPSE2",9,3.1073043,0.72432286,0.0016382008,0.3727618,0.017895,0.42229086,0.014174036,0.2631419,0.0030428367,0.1851123,0.020900143,0.27376622,0.0032605948
375316653866487564,6065011588849929216,0.62554675,2256.9261283917044,0.4061789224848356,1.3061857E-5,14.837658,0.0027407133,0.31179947,0.0010824692,0.023652868,0.001817771,0.40319005,0.009102771,null,null,null,null,null,null,0.013694822,0.004294602,0.31179947,0.0010824692,"ONEGAUSSIAN_WITH_ELLIPSOIDAL",6,63.742123,0.31179947,0.0010824692,0.13245606,0.010179518,0.43057963,0.0066143717,null,null,null,null,null,null
375316653866487564,6065011799321573888,0.42555365,2248.046830511228,3.9938659243537002,1.0482292E-4,18.239304,0.055328812,0.19985737,0.008857246,0.02866266,0.0078099035,0.17266133,0.07534722,0.56058156,0.087649226,0.16414124,0.1265579,0.18229166,0.15114145,null,null,null,null,"TWOGAUSSIANS",8,11.02899,0.20089737,0.0070597855,0.1605109,0.04373546,0.1856361,0.08245268,0.56058156,0.087649226,0.4,0.0,0.17876767,0.15812708
375316653866487564,6065013276790110208,0.48704374,2319.122069131964,2.372160502176104,1.6761698E-5,13.145624,0.0014198746,0.27231374,0.004282637,0.046395674,0.006583258,0.024848728,0.003994372,0.77840745,0.008020018,0.057335287,0.0090195965,0.023498055,0.0037781438,0.01280514,0.0021603191,0.27231374,0.004282637,"TWOGAUSSIANS_WITH_ELLIPSOIDAL_ON_ECLIPSE1",9,14.3007965,0.27231374,0.004282637,0.25981578,0.036866248,0.05045784,0.0028975324,0.77840745,0.008020018,0.32107762,0.05050974,0.04906964,0.0021163046
375316653866487564,6065013925316279808,0.45485505,2310.6899690006258,2.961116586498733,1.8692213E-5,18.348156,0.02446031,0.12555356,0.0056056352,0.1097678,0.023223938,0.16089028,0.022119727,0.612368,0.0067624208,0.09778569,0.014996471,0.17221712,0.024296265,null,null,null,null,"TWOGAUSSIANS",8,5.459132,0.612368,0.0067624208,0.4,0.0,0.15663756,0.01416564,0.12555356,0.0056003393,0.4,0.0,0.14530012,0.019039765
375316653866487564,6065015304014728704,0.5013294,2311.0510751546954,0.07594591105983056,3.2874104E-5,16.98793,0.0019081946,0.44176373,0.017250577,0.053864833,0.008271428,0.021513607,0.004571188,0.93786395,6.3574116E-4,0.002950831,5.3463154E-4,0.22578548,0.044937193,null,null,null,null,"TWOGAUSSIANS",8,6.553287,0.93786395,6.3574116E-4,0.016524654,0.0029939364,0.22578548,0.044937193,0.44176373,0.017250577,0.30164307,0.04632,0.021513607,0.004571188
375316653866487564,6065015918180606720,0.57589674,2313.2653910411145,1.6062043357315778,7.2839835E-6,17.113903,0.0027222978,0.21774839,0.008684922,0.0141908135,0.010167204,0.044150487,1.0717086,0.71374536,0.0023560142,0.03890831,0.0021982328,0.2550237,0.0095215,0.024065722,0.0045531723,0.21774839,0.008684922,"TWOGAUSSIANS_WITH_ELLIPSOIDAL_ON_ECLIPSE1",9,7.8849254,0.71383536,0.0022589115,0.21788654,0.0123101035,0.30312526,0.008865275,0.21774839,0.008684922,0.079468556,0.05693634,0.09228184,1.0718151
375316653866487564,6065016536656434432,0.5818724,2306.70602077235,2.8495669997107913,7.630502E-6,18.661345,0.0058652023,0.25417498,0.003203591,0.082406364,0.0037358522,0.33901006,0.012322953,0.75521773,0.001587226,0.08390055,0.0025299,0.38058564,0.008102929,null,null,null,null,"TWOGAUSSIANS",8,2.108349,0.75521773,0.001587226,0.4,0.0,0.372902,0.007785046,0.25417498,0.003203591,0.4,0.0,0.3313264,0.012504997
375316653866487564,6065017052052434048,0.53683126,2275.8226216842772,0.8699741009227654,1.3976017E-5,17.750593,0.0042732125,0.2526261,0.00248491,0.049278572,0.002937562,0.22198237,0.007833083,0.753778,0.0064039933,0.056968104,0.0072355918,0.16724284,0.0061180745,null,null,null,null,"TWOGAUSSIANS",8,5.4940443,0.2526261,0.00248491,0.27596,0.016450347,0.22197677,0.007832035,0.753778,0.0064039933,0.31902137,0.040519312,0.16723722,0.0061154086
375316653866487564,6065018185923504768,0.4685535,2280.2287082236758,0.40340710908965804,3.8851984E-5,17.42337,0.0046131904,0.2677873,0.01240247,0.068612024,0.008699788,0.1094141,0.009616527,0.7647775,0.012329339,0.067275435,0.017047765,0.11701092,0.030893926,null,null,null,null,"TWOGAUSSIANS",8,7.7043376,0.7647775,0.012329339,0.37674242,0.073559545,0.11677151,0.03130702,0.2677873,0.01240247,0.3842273,0.03366271,0.1091747,0.009469761
375316653866487564,6065018980497633024,0.52105206,2223.0947082117077,0.28364847993132253,2.20453E-5,19.284117,0.0056500966,0.06426783,0.0032505952,0.0045908354,0.008697243,0.44542083,0.45845988,0.53237534,0.02937922,0.01283461,0.034702055,0.7798192,0.8482871,null,null,null,null,"TWOGAUSSIANS",8,2.21116,0.53237534,0.02937922,0.07187382,0.1943315,0.7798192,0.8482871,0.06426783,0.0032505952,0.025708677,0.048704565,0.44542083,0.45845988
375316653866487564,6065019388514331648,0.53920233,2294.7995013439554,4.348985401008013,1.1227142E-5,18.871204,0.012111793,0.3190247,0.002294769,0.0679456,0.005002232,0.5075411,0.04867174,0.8135467,0.002728423,0.07196291,0.0030369363,0.4196397,0.021193158,null,null,null,null,"TWOGAUSSIANS",8,3.386846,0.3190247,0.002294769,0.38049534,0.025479639,0.5061949,0.049346965,0.8135467,0.002728423,0.4,0.0071803224,0.4182935,0.020996913
375316653866487564,6065023859591422592,0.5332816,2265.395795406135,2.6127155567893787,1.2836762E-5,18.121641,0.014636871,0.2423828,0.0024853696,0.05325975,0.0080839675,0.21265557,0.029551346,0.7724176,0.008729242,0.052386507,0.008233236,0.23640878,0.032889042,0.08446787,0.018536124,0.2423828,0.0024853696,"TWOGAUSSIANS_WITH_ELLIPSOIDAL_ON_ECLIPSE1",9,8.860675,0.7724176,0.008729242,0.29336444,0.046106122,0.3993956,0.016911494,0.2423828,0.0024853696,0.29825458,0.045270216,0.38158762,0.022508992
375316653866487564,6065024782989890944,0.47201285,2245.980477994938,0.8764391499795139,3.1927886E-4,19.290195,0.011434291,0.34277183,0.05774707,0.10437554,0.06616517,0.0474534,0.015848378,0.79961634,0.019169057,0.031207595,0.012087863,0.72510844,28.223537,null,null,null,null,"TWOGAUSSIANS",8,1.9437073,0.79961634,0.019169057,0.17476253,0.067692034,0.7250657,28.223608,0.34277183,0.05774707,0.4,0.033012513,0.04740731,0.015290208
375316653866487564,6065025886805325824,0.46378577,2243.154776316809,2.70889007431712,3.16675E-5,19.86688,0.04770023,0.28980094,0.0073639224,0.07797983,0.014449098,0.3537935,0.04951334,0.79025286,0.022154342,0.09350697,0.035633724,0.4140091,0.0709024,null,null,null,null,"TWOGAUSSIANS",8,4.4901853,0.79025286,0.022154342,0.4,0.0,0.40314776,0.06942484,0.28980094,0.00736247,0.4,0.0,0.34293264,0.038277056
375316653866487564,6065027192486067840,0.5612506,2238.7217789838696,3.1388155957346946,9.247801E-6,18.340765,0.011817992,0.29534385,0.0039291787,0.07408356,0.0043047154,0.4467573,0.018675692,0.78794736,0.0030096907,0.07892904,0.0043614493,0.47528407,0.015457942,null,null,null,null,"TWOGAUSSIANS",8,7.2412906,0.78794736,0.0030096907,0.4,0.0,0.47150815,0.01506273,0.29534385,0.0039291787,0.4,0.0,0.44298136,0.018390242
375316653866487564,6065028223267628288,0.5791005,2225.668328725622,3.308355585991617,9.640898E-6,18.942991,0.009464479,0.23040552,0.0027203981,0.0776383,0.00452594,0.47718716,0.012159946,0.7232618,0.0027197157,0.07432839,0.0035489467,0.56128824,0.016879715,null,null,null,null,"TWOGAUSSIANS",8,3.1003666,0.7232618,0.0027197157,0.4,0.0,0.557348,0.01704877,0.23040552,0.0027203981,0.4,0.0,0.47324693,0.012153362
375316653866487564,6065028322042958720,0.44565603,2256.1175517506026,3.32187392643771,1.8082059E-5,18.092438,0.004956044,null,null,null,null,null,null,null,null,null,null,null,null,0.08710797,0.0070525566,0.23718217,0.0053510237,"ELLIPSOIDAL",4,18.594275,null,null,null,null,null,null,null,null,null,null,null,null
375316653866487564,6065028395076929152,0.57058907,2195.6508543258333,3.061541733216524,8.860442E-6,19.286518,0.0122030135,0.2007894,0.004502888,0.08157236,0.005008963,0.50262195,0.020755645,0.6878105,0.0029922014,0.08266429,0.0043875524,0.50759864,0.03331956,null,null,null,null,"TWOGAUSSIANS",8,1.777361,0.6878105,0.0029922014,0.4,0.0,0.49990752,0.03413401,0.2007894,0.004502888,0.4,0.0,0.49493083,0.019810691
