Gaia/vari_eclipsing_binary/VariEclipsingBinary_512696-512788.csv
# %ECSV 1.0
# ---
# delimiter: ','
# meta: !!omap
# - RELEASE: Gaia DR3
# - TABLE: vari_eclipsing_binary
# - DESCRIPTION: >
#     This table describes the properties of the eclipsing binaries resulting from the variability analysis. 
# - CITATION: >
#     How to cite and acknowledge Gaia: 
#     https://gea.esac.esa.int/archive/documentation/credits.html 
# - KNOWN_ISSUES: >
#     Known issues: 
#     https://www.cosmos.esa.int/web/gaia-users/known-issues 
# - DOCUMENTATION: >
#     Tutorials and documentation: 
#     https://www.cosmos.esa.int/web/gaia-users/archive 
# datatype:
# - 
#   name: solution_id
#   datatype: int64
#   description: Solution Identifier
#   meta:
#     ucd: meta.version
# - 
#   name: source_id
#   datatype: int64
#   description: Unique source identifier
#   meta:
#     ucd: meta.id;meta.main
# - 
#   name: global_ranking
#   datatype: float32
#   description: Number between 0 (worst) and 1 (best)
#   meta:
#     ucd: stat.param
# - 
#   name: reference_time
#   datatype: float64
#   unit: d
#   description: Reference time used for the geometric model fit
#   meta:
#     ucd: time.epoch
# - 
#   name: frequency
#   datatype: float64
#   unit: d**-1
#   description: Frequency of geometric model of the eclipsing binary light curve
#   meta:
#     ucd: src.orbital
# - 
#   name: frequency_error
#   datatype: float32
#   unit: d**-1
#   description: "Uncertainty of \\texttt{frequency}"
#   meta:
#     ucd: stat.error
# - 
#   name: geom_model_reference_level
#   datatype: float32
#   unit: mag
#   description: Magnitude reference level of geometric model
#   meta:
#     ucd: phot.mag;em.opt
# - 
#   name: geom_model_reference_level_error
#   datatype: float32
#   unit: mag
#   description: "Uncertainty of \\texttt{geomModelReferenceLevel}"
#   meta:
#     ucd: stat.error;phot.mag;em.opt
# - 
#   name: geom_model_gaussian1_phase
#   datatype: float32
#   description: Phase of the Gaussian 1 component
#   meta:
#     ucd: time.phase
# - 
#   name: geom_model_gaussian1_phase_error
#   datatype: float32
#   description: "Uncertainty of \\texttt{geomModelGaussian1Phase}"
#   meta:
#     ucd: stat.error;time.phase
# - 
#   name: geom_model_gaussian1_sigma
#   datatype: float32
#   description: "Standard deviation [phase] of Gaussian 1 component"
#   meta:
#     ucd: stat.stdev
# - 
#   name: geom_model_gaussian1_sigma_error
#   datatype: float32
#   description: "Uncertainty of \\texttt{geomModelGaussian1Sigma}"
#   meta:
#     ucd: stat.error
# - 
#   name: geom_model_gaussian1_depth
#   datatype: float32
#   unit: mag
#   description: Magnitude depth of Gaussian 1 component
#   meta:
#     ucd: src.var.amplitude
# - 
#   name: geom_model_gaussian1_depth_error
#   datatype: float32
#   unit: mag
#   description: "Uncertainty of \\texttt{geomModelGaussian1Depth}"
#   meta:
#     ucd: stat.error;src.var.amplitude
# - 
#   name: geom_model_gaussian2_phase
#   datatype: float32
#   description: Phase of Gaussian 2 component
#   meta:
#     ucd: time.phase
# - 
#   name: geom_model_gaussian2_phase_error
#   datatype: float32
#   description: "Uncertainty of \\texttt{geomModelGaussian2Phase}"
#   meta:
#     ucd: stat.error;time.phase
# - 
#   name: geom_model_gaussian2_sigma
#   datatype: float32
[...]
#   datatype: float32
#   description: "Secondary eclipse: uncertainty of \\texttt{derivedSecondaryEclDuration}"
#   meta:
#     ucd: stat.error;time.duration
# - 
#   name: derived_secondary_ecl_depth
#   datatype: float32
#   unit: mag
#   description: "Secondary eclipse: depth"
#   meta:
#     ucd: src.var.amplitude
# - 
#   name: derived_secondary_ecl_depth_error
#   datatype: float32
#   unit: mag
#   description: "Secondary eclipse: uncertainty of \\texttt{derivedSecondaryEclDepth}"
#   meta:
#     ucd: stat.error;src.var.amplitude
solution_id,source_id,global_ranking,reference_time,frequency,frequency_error,geom_model_reference_level,geom_model_reference_level_error,geom_model_gaussian1_phase,geom_model_gaussian1_phase_error,geom_model_gaussian1_sigma,geom_model_gaussian1_sigma_error,geom_model_gaussian1_depth,geom_model_gaussian1_depth_error,geom_model_gaussian2_phase,geom_model_gaussian2_phase_error,geom_model_gaussian2_sigma,geom_model_gaussian2_sigma_error,geom_model_gaussian2_depth,geom_model_gaussian2_depth_error,geom_model_cosine_half_period_amplitude,geom_model_cosine_half_period_amplitude_error,geom_model_cosine_half_period_phase,geom_model_cosine_half_period_phase_error,model_type,num_model_parameters,reduced_chi2,derived_primary_ecl_phase,derived_primary_ecl_phase_error,derived_primary_ecl_duration,derived_primary_ecl_duration_error,derived_primary_ecl_depth,derived_primary_ecl_depth_error,derived_secondary_ecl_phase,derived_secondary_ecl_phase_error,derived_secondary_ecl_duration,derived_secondary_ecl_duration_error,derived_secondary_ecl_depth,derived_secondary_ecl_depth_error
[from data line 75]
375316653866487564,4509858494235903104,0.5217865,2217.0046262454857,3.082000961899538,2.1476197E-5,19.580767,0.11709273,0.24562222,0.012694937,0.1526929,0.04346961,0.36768952,0.11106211,0.7280919,0.0072799823,0.10365926,0.018636348,0.4286246,0.10349764,null,null,null,null,"TWOGAUSSIANS",8,1.3294837,0.7280919,0.0072799823,0.4,0.0,0.3332891,0.013632809,0.24564222,0.012660345,0.4,0.0,0.26868922,0.018711064
375316653866487564,4509861586612833280,0.5415212,2250.62281373354,2.395564092313966,1.5404792E-5,18.625277,0.014985451,0.37457505,0.015200265,0.031622894,0.01120729,0.51845515,0.20621434,0.87824625,0.010411153,0.031788558,0.003942933,0.57217175,0.1910649,0.040504366,0.023313511,0.37457505,0.015200265,"TWOGAUSSIANS_WITH_ELLIPSOIDAL_ON_ECLIPSE1",9,8.886368,0.87824625,0.010371157,0.17801592,0.022080425,0.6531374,0.20677218,0.37457505,0.015200265,0.1770882,0.06276082,0.5994639,0.2067627
375316653866487564,4509862273817038592,0.51685816,2218.334076102917,3.793532099318182,1.2459858E-4,19.651833,0.020840341,0.23010151,0.03499816,0.030190703,0.028688017,0.16289075,0.17824204,0.5785368,0.009270398,0.097680554,0.011767135,0.44866636,0.03137234,null,null,null,null,"TWOGAUSSIANS",8,3.837677,0.5785368,0.009270398,0.4,0.0,0.44866425,0.03136925,0.2302615,0.035567466,0.16906793,0.16065289,0.16366519,0.17951843
375316653866487564,4509862484268448128,0.65792066,2266.0235642522093,0.06643506093866931,6.126224E-5,17.431826,0.001311665,0.47388834,2.0231822E-5,0.006824119,6.345883E-5,0.5449456,8.9427526E-4,0.6288653,0.00914192,0.009409634,0.005786858,0.017426437,0.008038294,null,null,null,null,"TWOGAUSSIANS",8,1.7662766,0.47388834,2.0231822E-5,0.038215067,3.5536944E-4,0.5449456,8.9427526E-4,0.6288653,0.00914192,0.052693952,0.032406405,0.017426437,0.008038294
375316653866487564,4509863789932672768,0.516283,2252.1251163854918,3.0541473108616293,1.6214777E-5,18.961042,0.023626106,0.22689517,0.006727068,0.09235253,0.013493268,0.28596905,0.02784696,0.72652763,0.004442659,0.08368458,0.008227611,0.36976495,0.038756117,null,null,null,null,"TWOGAUSSIANS",8,3.557398,0.72652763,0.004442659,0.4,0.0,0.3584268,0.037912276,0.22689517,0.006727068,0.4,0.0,0.27463067,0.028584935
375316653866487564,4509864855084967680,0.5403583,2244.4334325319714,3.4597464704889527,1.3927902E-5,19.784058,0.015737118,0.24839605,0.0046036607,0.06430485,0.0059303767,0.53847855,0.03643115,0.7544826,0.00555872,0.07185351,0.0054963455,0.60449946,0.023189142,null,null,null,null,"TWOGAUSSIANS",8,2.7589757,0.7544826,0.00555872,0.4,0.012507379,0.60335636,0.02317968,0.24839605,0.0046036607,0.36010715,0.03321011,0.53733546,0.036608692
375316653866487564,4509867702643029376,0.53683984,2229.5889905161675,3.2201067220961987,2.2581891E-5,18.923607,0.021384576,0.28457797,0.0077013844,0.0950411,0.010383112,0.33428743,0.02364528,0.7915999,0.004896506,0.07775676,0.008261073,0.35432988,0.02292801,null,null,null,null,"TWOGAUSSIANS",8,4.4139543,0.7915999,0.004896506,0.4,0.0,0.34511784,0.020673221,0.28457797,0.0077013844,0.4,0.0,0.3250747,0.02012316
375316653866487564,4509867981826438400,0.6097235,2283.0189990345175,1.8654897570543287,1.3166298E-4,15.337378,0.0026152022,0.21653488,0.0044286633,0.019779863,0.009288921,0.07756277,0.19609702,0.6296814,0.032686297,0.043953594,0.011717649,0.4157355,0.19085547,null,null,null,null,"TWOGAUSSIANS",8,34.948837,0.6296814,0.032686297,0.24614012,0.065618835,0.4157355,0.19085547,0.21653488,0.0044286633,0.11076724,0.052017957,0.07756277,0.19609702
375316653866487564,4509869626788482560,0.5212973,2258.737529779474,1.4838952808564219,1.9019864E-5,18.825697,0.008820256,0.28020605,0.00609485,0.084569864,0.0089855045,0.16280255,0.009592544,0.77474815,0.0084890025,0.080731586,0.012204885,0.29260507,0.04314684,null,null,null,null,"TWOGAUSSIANS",8,1.8412747,0.77474815,0.0084890025,0.4,0.0,0.2885873,0.04555521,0.28020605,0.00609485,0.4,0.0,0.15878478,0.008477666
375316653866487564,4509876567457660928,0.4829367,2229.8369766649803,3.2903515802688745,4.7108973E-5,18.416237,0.049376916,0.31808323,0.013594945,0.11311792,0.04690862,0.15251233,0.04166746,0.78921306,0.006461804,0.098367095,0.02627423,0.13932578,0.046976555,null,null,null,null,"TWOGAUSSIANS",8,3.6195812,0.31809324,0.013607518,0.4,0.0,0.13971937,0.018443983,0.78921306,0.006461804,0.4,0.0,0.12656014,0.01969869
375316653866487564,4509877911791273728,0.5392014,2246.608939204047,3.395592649352533,1.7753811E-5,17.643995,0.015379843,0.1801312,0.0027918266,0.0932531,0.0076877517,0.24420296,0.013963613,0.6850377,0.0034469026,0.09045643,0.0070444364,0.23106073,0.015581319,null,null,null,null,"TWOGAUSSIANS",8,6.689673,0.1801312,0.0027918266,0.4,0.0,0.23332198,0.010946829,0.6850377,0.0034469026,0.4,0.0,0.22017992,0.011204726
375316653866487564,4509878805144467456,0.42323115,2244.4581232094292,4.8732622478330665,3.1450018E-5,18.919806,0.017213712,0.39843827,0.014661731,0.17689788,0.044000775,0.09281113,0.016002325,0.72235537,0.013450271,0.03283611,0.010775108,0.043467917,0.013043592,null,null,null,null,"TWOGAUSSIANS",8,2.1893709,0.39843827,0.014661731,0.4,0.0,0.08939257,0.0133357765,0.72235537,0.013450271,0.18388222,0.060340606,0.0574708,0.01647621
375316653866487564,4509879522398078592,0.44510433,2281.9316601877176,0.10893558030793699,4.8318125E-5,19.587948,0.087382376,0.050404944,0.022999998,0.03582772,0.024949381,0.11512068,1.9205327,0.560997,0.023895483,0.19599172,0.09004041,0.18727429,0.082621,null,null,null,null,"TWOGAUSSIANS",8,2.0362947,0.560997,0.023895483,0.4,0.0,0.16203323,0.016191823,0.050154943,0.022763299,0.20063522,0.13971654,0.10446093,1.9265383
375316653866487564,4509887047176094592,0.47227493,2206.653651733807,0.41439078795986445,6.39749E-6,16.539791,0.005536406,0.3426979,1.9297035E-5,0.0043110447,4.7293518E-4,0.21254894,0.0073783663,0.8002564,2.7141548E-5,0.008762292,4.591393E-4,0.39940038,0.012667179,0.0106149595,0.0075739976,0.3426979,1.9297035E-5,"TWOGAUSSIANS_WITH_ELLIPSOIDAL_ON_ECLIPSE1",9,47.677197,0.8002664,1.9867619E-5,0.04906883,0.00257118,0.41915646,0.026626028,0.3426979,1.9297035E-5,0.02414185,0.002648437,0.23377885,0.022089737
375316653866487564,4509887665651428224,0.5360644,2236.2647901992327,0.319406153541647,2.1367936E-5,17.16535,0.03033843,0.09939894,0.006536881,0.04011784,0.011612105,0.22796007,0.08084482,0.6078147,0.015888328,0.03766385,0.014303213,0.7322738,0.13302512,0.04602824,0.06058264,0.6078147,0.015888328,"TWOGAUSSIANS_WITH_ELLIPSOIDAL_ON_ECLIPSE2",9,95.098404,0.6078147,0.015888328,0.21091758,0.080097996,0.8243303,0.08443817,0.09980894,0.0053335866,0.22465992,0.06502779,0.3197719,0.047402106
375316653866487564,4509887940529320320,0.5667375,2189.6253519388342,2.6327795660479127,1.8518786E-5,18.872925,0.008721734,0.28009737,0.0052309036,0.06865201,0.0048174453,0.5407555,0.02358272,0.77485955,0.0052375426,0.0720912,0.007589431,0.5531828,0.07147151,null,null,null,null,"TWOGAUSSIANS",8,2.8160555,0.77485955,0.0052375426,0.4,0.024566365,0.551442,0.07245234,0.28009737,0.0052309036,0.38445127,0.022638837,0.5390148,0.023619294
375316653866487564,4509888322791918080,0.5341325,2212.7990469650654,1.3583281254404087,1.6506328E-5,18.433407,0.0042568045,0.15359044,0.0025882258,0.038082805,0.003756029,0.26779485,0.012518662,0.6469747,0.01892754,0.038774624,0.0234672,0.14945477,0.02571929,null,null,null,null,"TWOGAUSSIANS",8,3.0622456,0.15359044,0.0025882258,0.2132637,0.021033762,0.26779485,0.012518658,0.6469747,0.01892754,0.21713789,0.13141632,0.14945477,0.025719313
375316653866487564,4509889422303445120,0.49422768,2253.3220323480946,2.9447908234398468,2.1782558E-5,14.530653,0.22474304,0.28315848,0.009378978,0.11813573,0.032655746,0.30834225,0.19404265,0.7639679,0.009383651,0.1475241,0.053084984,0.34613466,0.22002614,null,null,null,null,"TWOGAUSSIANS",8,283.25238,0.7639679,0.009383651,0.4,0.0,0.2494712,0.020667838,0.2841585,0.0075630513,0.4,0.0,0.21400745,0.024332521
375316653866487564,4509890620591063936,0.5309148,2268.546783221703,2.828345676832358,1.1697641E-5,19.405766,0.012755267,0.11642915,0.010755814,0.07376669,0.010585671,0.337132,0.027975556,0.61555135,0.00837365,0.0833895,0.010744515,0.29569653,0.02044208,null,null,null,null,"TWOGAUSSIANS",8,1.7614876,0.11642915,0.010755814,0.4,0.0,0.33322656,0.027039377,0.61555135,0.00837365,0.4,0.0,0.29179105,0.020029338
375316653866487564,4509891548309003776,0.55941063,2279.0542539929743,3.589003959632576,1.2533149E-5,19.112541,0.013167596,0.28847834,0.0046696435,0.04848816,0.0076552886,0.5372631,0.05801343,0.7816758,0.0054229703,0.033597853,0.014217367,0.29713437,0.038059447,0.1531329,0.029773425,0.28847834,0.0046696435,"TWOGAUSSIANS_WITH_ELLIPSOIDAL_ON_ECLIPSE1",9,10.914678,0.28847834,0.0046696435,0.27153367,0.042869616,0.843528,0.06192825,0.7822458,0.0054474133,0.18814798,0.079617254,0.60288703,0.025307199
375316653866487564,4509892166779439232,0.5529997,2272.332417908839,3.1706484092627187,1.6137863E-5,18.258049,0.03257201,0.2937682,0.0060302247,0.08816558,0.008620326,0.46795627,0.044219855,0.7966763,0.0034177753,0.0922039,0.012256779,0.4016337,0.027206356,null,null,null,null,"TWOGAUSSIANS",8,10.72159,0.2937682,0.0060302247,0.4,0.0,0.4502241,0.039197583,0.7966763,0.0034177753,0.4,0.0,0.38390133,0.01890944
375316653866487564,4509892372938022400,0.59361243,2272.2262752962424,3.1423249730473577,1.8016244E-5,18.154568,0.028259765,0.26461494,0.0044435686,0.050300438,0.019616436,0.3736025,0.1251044,0.7597854,0.0063204146,0.034640525,0.00721371,0.6763984,0.06685129,0.098518,0.03301185,0.26461494,0.0044435686,"TWOGAUSSIANS_WITH_ELLIPSOIDAL_ON_ECLIPSE1",9,9.243116,0.7599154,0.0061850455,0.19398694,0.040396776,0.87325615,0.062765576,0.26461494,0.0044435686,0.28168243,0.109852046,0.5706368,0.15685618
375316653866487564,4509892926996978944,0.62263626,2270.4745481694695,3.192519632812806,5.269794E-6,15.295474,0.022362866,0.2865669,0.0015025083,0.06537265,0.016133528,0.11411729,0.043954346,0.79389936,0.008692743,0.058811557,0.013196128,0.14464131,0.048174877,0.09629447,0.026089452,0.2865669,0.0015025083,"TWOGAUSSIANS_WITH_ELLIPSOIDAL_ON_ECLIPSE1",9,36.75729,0.79389936,0.008692743,0.32934472,0.073898315,0.33673543,0.0060331915,0.2865669,0.0015025083,0.36608687,0.08999402,0.3066199,0.019463034
375316653866487564,4509893339313698432,0.51036894,2237.46466286649,1.8174911829397347,2.1813471E-4,19.860918,0.012222001,0.2654735,0.0045101307,0.06397952,0.0062258365,0.72052574,0.17061305,null,null,null,null,null,null,null,null,null,null,"ONEGAUSSIAN",5,3.9824953,0.2654735,0.0045101307,0.35828534,0.034864686,0.72052574,0.0,null,null,null,null,null,null
375316653866487564,4509894434522235776,0.64649624,2221.9377835588584,3.104042524603214,4.239919E-6,17.430975,0.0067013986,0.24920715,0.0012588939,0.03818088,0.0031199048,0.34794,0.014432615,0.7461818,0.0017111279,0.04696019,0.0022979977,0.4728078,0.015611468,0.12619802,0.009301465,0.24920715,0.0012588939,"TWOGAUSSIANS_WITH_ELLIPSOIDAL_ON_ECLIPSE1",9,5.784922,0.7464418,0.0015066197,0.26297706,0.012868787,0.72511977,0.015569285,0.24920715,0.0012588939,0.21381293,0.017471466,0.60033536,0.00730647
375316653866487564,4509896500409792512,0.49155906,2255.413863339432,1.552479848541852,4.34704E-5,17.070715,0.023339389,0.2385234,0.008185615,0.07999547,0.010515755,0.33657342,0.028590463,0.7757688,0.031236157,0.07495021,0.042493332,0.14913218,0.029552665,null,null,null,null,"TWOGAUSSIANS",8,46.240738,0.2385234,0.008187624,0.4,0.0,0.3354678,0.025450962,0.7757688,0.031236157,0.4,0.06383623,0.14802657,0.025926398
375316653866487564,4509897806080057472,0.63451356,2225.1208714399213,2.8380394369414135,1.1954253E-5,16.919218,0.036337014,0.25721046,0.0023096008,0.05534899,0.011778914,0.37603045,0.07601712,0.76876533,0.013602306,0.0460438,0.016636463,0.28521898,0.09856217,0.07863255,0.050886434,0.25721046,0.0023096008,"TWOGAUSSIANS_WITH_ELLIPSOIDAL_ON_ECLIPSE1",9,19.033607,0.25721046,0.0023096008,0.30995435,0.06596192,0.5332813,0.0312233,0.76876533,0.013602306,0.25784528,0.09316419,0.4416424,0.059805635
375316653866487564,4509897806080059776,0.5796698,2217.7441867722887,1.7688490941800994,6.0408775E-6,16.799242,0.004544625,0.17609507,0.014314486,0.030911416,0.004548589,0.5603671,0.21576795,0.68288475,0.0062577417,0.030699741,0.0029348277,0.5613014,0.06801494,null,null,null,null,"TWOGAUSSIANS",8,24.263601,0.68288475,0.0062577417,0.17191854,0.016435035,0.5613014,0.06801494,0.17609507,0.014314486,0.17310393,0.025472097,0.5603671,0.21576795
375316653866487564,4509899902024107136,0.5995291,2222.065257297055,2.344124763860521,7.597269E-6,15.028622,0.0050007952,0.28383753,0.0020726486,0.039057694,0.008561919,0.11444753,0.028551878,0.7726481,0.0028685157,0.039034493,0.004515389,0.15301883,0.015770957,0.14711314,0.010369604,0.28383753,0.0020726486,"TWOGAUSSIANS_WITH_ELLIPSOIDAL_ON_ECLIPSE1",9,71.6525,0.7747481,0.002325607,0.21859317,0.025286177,0.44606477,0.013756592,0.28383753,0.0020726486,0.21872307,0.047946747,0.40867335,0.02759793
375316653866487564,4509900245617174400,0.54613036,2178.5813113765516,2.628761199947336,1.4782533E-5,18.722542,0.009897383,0.30033308,0.003211096,0.07892246,0.0050948733,0.32991767,0.011733669,0.79613763,0.0042429836,0.08712671,0.006630669,0.29860812,0.018825924,null,null,null,null,"TWOGAUSSIANS",8,3.068817,0.30033308,0.003211096,0.4,0.0,0.32369617,0.011611061,0.79613763,0.0042429836,0.4,0.0,0.2923866,0.019249799
375316653866487564,4509901860529297536,0.5509857,2198.349397752452,2.9514387049453137,8.462246E-6,16.1689,0.027372481,0.29001293,0.0027388078,0.10026378,0.014653193,0.29079702,0.023923222,0.80637556,0.004501247,0.097415864,0.012711373,0.28724337,0.024055917,null,null,null,null,"TWOGAUSSIANS",8,27.510159,0.29001293,0.0027385196,0.4,0.0,0.2717303,0.02469956,0.80637556,0.0045051426,0.4,0.0,0.26817822,0.017768446
375316653866487564,4509906670892577408,0.5431967,2237.8805272338677,0.6225068177378944,1.3582928E-5,17.12176,0.004314488,0.50704503,0.022503482,0.061189402,0.01089112,0.20184067,0.087425366,0.80189466,0.015496132,0.028850613,0.007881302,0.53651696,0.4811632,null,null,null,null,"TWOGAUSSIANS",8,17.70243,0.80189466,0.015496132,0.16156343,0.04413529,0.5365188,0.4811635,0.50704503,0.022503482,0.34266067,0.060990274,0.20184067,0.087425366
375316653866487564,4509908762533663104,0.5466324,2227.443671961504,0.6704584792589398,2.4743229E-5,18.579824,0.0038441776,0.45925826,1.06952924E-4,0.0085645495,0.0019832724,6.7831316,31.46888,0.6844445,0.0018747005,0.0119459545,0.0066118008,0.17861965,0.18832006,null,null,null,null,"TWOGAUSSIANS",8,2.2293754,0.45925826,1.06952924E-4,0.047961477,0.011106324,6.7831316,31.46888,0.6844445,0.0018747005,0.06689735,0.03702608,0.17861965,0.18832006
375316653866487564,4509909007354830336,0.4490309,2235.8615385397165,2.6711355082519037,4.067082E-5,16.98055,0.0031687964,null,null,null,null,null,null,null,null,null,null,null,null,0.040892437,0.004189171,0.21571675,0.009885979,"ELLIPSOIDAL",4,14.531852,null,null,null,null,null,null,null,null,null,null,null,null
375316653866487564,4509910897140515200,0.64157313,2194.1972972762724,3.709673781830889,3.960669E-6,17.45722,0.009679745,0.2690254,0.0013877974,0.051014032,0.0038564072,0.2007696,0.020780887,0.7808311,0.034207195,0.039523534,0.01837759,0.17330492,0.10609456,0.11595424,0.011369551,0.2690254,0.0013877974,"TWOGAUSSIANS_WITH_ELLIPSOIDAL_ON_ECLIPSE1",9,4.579654,0.2690254,0.0013877974,0.2856786,0.02159588,0.43267685,0.0056518223,0.7808311,0.030495094,0.22133179,0.102914505,0.40393847,0.09424341
375316653866487564,4509913748998800640,0.4428055,2250.002090321618,3.7626152606004406,3.550176E-5,16.576056,0.0048459824,null,null,null,null,null,null,null,null,null,null,null,null,0.046182357,0.0075651533,0.31858337,0.010585303,"ELLIPSOIDAL",4,52.509926,null,null,null,null,null,null,null,null,null,null,null,null
