Gaia/vari_eclipsing_binary/VariEclipsingBinary_668712-668735.csv
# %ECSV 1.0
# ---
# delimiter: ','
# meta: !!omap
# - RELEASE: Gaia DR3
# - TABLE: vari_eclipsing_binary
# - DESCRIPTION: >
#     This table describes the properties of the eclipsing binaries resulting from the variability analysis. 
# - CITATION: >
#     How to cite and acknowledge Gaia: 
#     https://gea.esac.esa.int/archive/documentation/credits.html 
# - KNOWN_ISSUES: >
#     Known issues: 
#     https://www.cosmos.esa.int/web/gaia-users/known-issues 
# - DOCUMENTATION: >
#     Tutorials and documentation: 
#     https://www.cosmos.esa.int/web/gaia-users/archive 
# datatype:
# - 
#   name: solution_id
#   datatype: int64
#   description: Solution Identifier
#   meta:
#     ucd: meta.version
# - 
#   name: source_id
#   datatype: int64
#   description: Unique source identifier
#   meta:
#     ucd: meta.id;meta.main
# - 
#   name: global_ranking
#   datatype: float32
#   description: Number between 0 (worst) and 1 (best)
#   meta:
#     ucd: stat.param
# - 
#   name: reference_time
#   datatype: float64
#   unit: d
#   description: Reference time used for the geometric model fit
#   meta:
#     ucd: time.epoch
# - 
#   name: frequency
#   datatype: float64
#   unit: d**-1
#   description: Frequency of geometric model of the eclipsing binary light curve
#   meta:
#     ucd: src.orbital
# - 
#   name: frequency_error
#   datatype: float32
#   unit: d**-1
#   description: "Uncertainty of \\texttt{frequency}"
#   meta:
#     ucd: stat.error
# - 
#   name: geom_model_reference_level
#   datatype: float32
#   unit: mag
#   description: Magnitude reference level of geometric model
#   meta:
#     ucd: phot.mag;em.opt
# - 
#   name: geom_model_reference_level_error
#   datatype: float32
#   unit: mag
#   description: "Uncertainty of \\texttt{geomModelReferenceLevel}"
#   meta:
#     ucd: stat.error;phot.mag;em.opt
# - 
#   name: geom_model_gaussian1_phase
#   datatype: float32
#   description: Phase of the Gaussian 1 component
#   meta:
#     ucd: time.phase
# - 
#   name: geom_model_gaussian1_phase_error
#   datatype: float32
#   description: "Uncertainty of \\texttt{geomModelGaussian1Phase}"
#   meta:
#     ucd: stat.error;time.phase
# - 
#   name: geom_model_gaussian1_sigma
#   datatype: float32
#   description: "Standard deviation [phase] of Gaussian 1 component"
#   meta:
#     ucd: stat.stdev
# - 
#   name: geom_model_gaussian1_sigma_error
#   datatype: float32
#   description: "Uncertainty of \\texttt{geomModelGaussian1Sigma}"
#   meta:
#     ucd: stat.error
# - 
#   name: geom_model_gaussian1_depth
#   datatype: float32
#   unit: mag
#   description: Magnitude depth of Gaussian 1 component
#   meta:
#     ucd: src.var.amplitude
# - 
#   name: geom_model_gaussian1_depth_error
#   datatype: float32
#   unit: mag
#   description: "Uncertainty of \\texttt{geomModelGaussian1Depth}"
#   meta:
#     ucd: stat.error;src.var.amplitude
# - 
#   name: geom_model_gaussian2_phase
#   datatype: float32
#   description: Phase of Gaussian 2 component
#   meta:
#     ucd: time.phase
# - 
#   name: geom_model_gaussian2_phase_error
#   datatype: float32
#   description: "Uncertainty of \\texttt{geomModelGaussian2Phase}"
#   meta:
#     ucd: stat.error;time.phase
# - 
#   name: geom_model_gaussian2_sigma
#   datatype: float32
[...]
#   datatype: float32
#   description: "Secondary eclipse: uncertainty of \\texttt{derivedSecondaryEclDuration}"
#   meta:
#     ucd: stat.error;time.duration
# - 
#   name: derived_secondary_ecl_depth
#   datatype: float32
#   unit: mag
#   description: "Secondary eclipse: depth"
#   meta:
#     ucd: src.var.amplitude
# - 
#   name: derived_secondary_ecl_depth_error
#   datatype: float32
#   unit: mag
#   description: "Secondary eclipse: uncertainty of \\texttt{derivedSecondaryEclDepth}"
#   meta:
#     ucd: stat.error;src.var.amplitude
solution_id,source_id,global_ranking,reference_time,frequency,frequency_error,geom_model_reference_level,geom_model_reference_level_error,geom_model_gaussian1_phase,geom_model_gaussian1_phase_error,geom_model_gaussian1_sigma,geom_model_gaussian1_sigma_error,geom_model_gaussian1_depth,geom_model_gaussian1_depth_error,geom_model_gaussian2_phase,geom_model_gaussian2_phase_error,geom_model_gaussian2_sigma,geom_model_gaussian2_sigma_error,geom_model_gaussian2_depth,geom_model_gaussian2_depth_error,geom_model_cosine_half_period_amplitude,geom_model_cosine_half_period_amplitude_error,geom_model_cosine_half_period_phase,geom_model_cosine_half_period_phase_error,model_type,num_model_parameters,reduced_chi2,derived_primary_ecl_phase,derived_primary_ecl_phase_error,derived_primary_ecl_duration,derived_primary_ecl_duration_error,derived_primary_ecl_depth,derived_primary_ecl_depth_error,derived_secondary_ecl_phase,derived_secondary_ecl_phase_error,derived_secondary_ecl_duration,derived_secondary_ecl_duration_error,derived_secondary_ecl_depth,derived_secondary_ecl_depth_error
[from data line 74]
375316653866487564,5882070652359932160,0.57102364,2171.199005418404,0.19917857663773067,8.635192E-6,18.919073,0.0024966258,0.14037868,0.0023839741,0.005920936,0.0022555082,0.07939086,0.08433455,0.6422517,8.485804E-4,0.006556208,4.8360782E-4,0.4814033,0.020376882,null,null,null,null,"TWOGAUSSIANS",8,1.4419014,0.6422517,8.485804E-4,0.036714762,0.0027082039,0.4814033,0.020376882,0.14037868,0.0023839741,0.03315724,0.012630846,0.07939086,0.08433455
375316653866487564,5882070759794740480,0.4781692,2199.403505840968,0.1359833566238194,3.8991793E-6,13.691909,0.001050395,0.24647976,0.0016695475,3.5547634E-4,2.3406166E-4,1.815943,1063.7401,0.7441704,0.055835888,0.011051784,0.039642993,0.109265774,0.09323993,0.0046731574,0.001575857,0.24647976,0.0016695475,"TWOGAUSSIANS_WITH_ELLIPSOIDAL_ON_ECLIPSE1",9,46.319668,0.24647976,0.0016695475,0.0019906675,0.0013107454,1.8252892,1063.7401,0.7441704,0.053020608,0.06188999,0.22200076,0.11861012,0.093980886
375316653866487564,5882071343910354944,0.5823857,2202.00257874187,2.1556125797134107,6.670845E-6,15.528775,0.012154348,0.2181885,0.001646524,0.10292949,0.007765866,0.14546981,0.011039971,0.7286082,0.0030137927,0.113184124,0.009613929,0.152962,0.011168806,null,null,null,null,"TWOGAUSSIANS",8,7.8012652,0.7286082,0.0030244116,0.4,0.0,0.13462307,0.004012834,0.2181685,0.001641283,0.4,0.0,0.12714754,0.0036327827
375316653866487564,5882071889291237632,0.5132509,2151.4689118922665,3.0799637107899813,2.5710202E-5,19.49908,0.010855998,0.21097869,0.005262291,0.07445203,0.009756632,0.3102093,0.03275596,0.71792316,0.007114103,0.075042404,0.0077831782,0.23679627,0.018711751,null,null,null,null,"TWOGAUSSIANS",8,1.6942388,0.21097869,0.005262291,0.4,0.0,0.30848578,0.034128338,0.71792316,0.007114103,0.4,0.0,0.23507275,0.018577361
375316653866487564,5882072340266344064,0.5218784,2176.2027507486714,2.7373889556658964,1.5801354E-5,19.871487,0.014959332,0.19744374,0.0044843433,0.071616806,0.0050542764,0.56439316,0.033891145,0.6978493,0.0016151346,0.060721934,0.0020325603,0.6191965,0.018879982,null,null,null,null,"TWOGAUSSIANS",8,2.7577305,0.6978493,0.0016151346,0.34004283,0.011382338,0.61827457,0.018594561,0.19744374,0.0044843433,0.4,0.019692987,0.56347126,0.034038793
375316653866487564,5882072786942943872,0.4464654,2181.0244257103795,3.234550066665216,4.281211E-5,19.737183,0.068401225,0.22924252,0.017996412,0.086300366,0.06084058,0.21537861,0.030560477,0.7153018,0.015861966,0.09357001,0.030297454,0.17917386,0.06812728,null,null,null,null,"TWOGAUSSIANS",8,3.2277539,0.22924252,0.018051062,0.4,0.0,0.20878771,0.041817427,0.7153018,0.015861966,0.4,0.0,0.1725827,0.02953756
375316653866487564,5882073027461154560,0.46544936,2169.1975006334847,2.2129123521721494,2.5430563E-5,19.103699,0.0032268916,0.74113613,0.004625888,0.0164054,0.014821888,0.038982548,0.025627458,null,null,null,null,null,null,0.067857824,0.0043224813,0.74113613,0.004625888,"ONEGAUSSIAN_WITH_ELLIPSOIDAL",6,2.099787,0.74113613,0.004625888,0.09187024,0.083002575,0.17469808,0.026288988,null,null,null,null,null,null
375316653866487564,5882073474213952512,0.55456376,2196.3495292329235,0.308321798482524,1.4661788E-5,15.282443,5.7922606E-4,0.44626638,0.0018206934,0.020457545,0.0021913513,0.19188643,0.021864448,0.6534888,0.007096387,0.0047555324,0.004195535,0.003391788,0.058447253,null,null,null,null,"TWOGAUSSIANS",8,16.57846,0.44626638,0.0018206934,0.11456225,0.012271567,0.19188643,0.021864448,0.6534888,0.007096387,0.02663098,0.023494998,0.003391788,0.058447253
375316653866487564,5882073714654906368,0.51625407,2171.7665894411807,2.17499658300449,1.9330797E-5,19.58952,0.02132867,0.26501954,0.0033018289,0.07910889,0.0071629975,0.4442107,0.02856252,0.7758071,0.0048715263,0.07886639,0.008357544,0.41122693,0.0338404,null,null,null,null,"TWOGAUSSIANS",8,2.986992,0.26501954,0.0033018289,0.4,0.0,0.43962163,0.02853759,0.7758071,0.0048715263,0.4,0.0,0.40663785,0.034304637
375316653866487564,5882073714732144000,0.58869606,2179.6798455950643,1.0583935554373294,6.0277066E-6,17.494247,0.008447282,0.20167413,0.0015422087,0.056253597,0.011227971,0.09520009,0.015933923,0.6980281,0.0023671987,0.046901744,0.004144363,0.14561722,0.019658206,0.09302614,0.01172353,0.20167413,0.0015422087,"TWOGAUSSIANS_WITH_ELLIPSOIDAL_ON_ECLIPSE1",9,3.0738814,0.6986881,0.0019234214,0.26264977,0.023208434,0.3315841,0.0070975344,0.20167413,0.0015422087,0.31502014,0.06287664,0.28124687,0.014777571
375316653866487564,5882073886531089024,0.5545867,2198.341958400132,0.26295877426514513,3.0161889E-6,15.753753,0.001475549,0.23860468,3.3654543E-4,0.017990852,8.121987E-4,0.11532198,0.006186261,0.73617977,0.007014609,0.018869832,0.016304215,0.064259,5.6451097,0.008238905,0.0014706545,0.23860468,3.3654543E-4,"TWOGAUSSIANS_WITH_ELLIPSOIDAL_ON_ECLIPSE1",9,7.875615,0.23860468,3.3654543E-4,0.10074877,0.0045483126,0.13179977,0.0063078366,0.7361998,0.0070209797,0.105671056,0.09130361,0.08073301,5.645335
375316653866487564,5882074058329812864,0.52643937,2159.72354180159,2.0189083694686207,1.5033181E-5,18.965992,0.0213451,0.28867522,0.002703334,0.100494325,0.008915387,0.29369822,0.01863092,0.79662615,0.0032443383,0.09842486,0.01151967,0.2873537,0.016948052,null,null,null,null,"TWOGAUSSIANS",8,2.10084,0.28867522,0.0027024073,0.4,0.0,0.2714009,0.009823378,0.79662615,0.0032443383,0.4,0.0,0.2650575,0.020883977
375316653866487564,5882075123405232640,0.417514,2167.249466839885,2.5996805463242607,5.9325484E-5,19.527845,0.029940957,0.23097064,0.023087213,0.05893484,0.039040584,0.27901736,0.09631183,0.72860676,0.013991466,0.07916751,0.014008536,0.26266468,0.050255015,null,null,null,null,"TWOGAUSSIANS",8,4.9473124,0.23097064,0.023087213,0.33003512,0.15236981,0.27830443,0.100736946,0.72860676,0.013991466,0.4,0.0,0.26195174,0.04817952
375316653866487564,5882075398283382784,0.47398373,2187.460420944189,0.5993596363334902,1.4108449E-6,18.348892,0.0025497226,0.26609576,2.4241184E-4,0.0078121177,9.0740033E-4,0.12153699,0.016727714,0.77108413,0.0025375842,0.017572561,0.002676935,0.117976844,0.009068871,null,null,null,null,"TWOGAUSSIANS",8,2.4299068,0.26609576,2.4241184E-4,0.04374786,0.005081442,0.12153699,0.016727714,0.77108413,0.0025375842,0.09840634,0.014990836,0.117976844,0.009068871
375316653866487564,5882076360356267648,0.5202474,2148.823232536741,2.0384667493171325,1.8747822E-5,19.579191,0.0064773327,0.24651062,0.005706121,0.03569531,0.0070574167,0.10613694,0.02424874,0.7739371,0.0026482902,0.058361694,0.003231072,0.44938487,0.012760032,null,null,null,null,"TWOGAUSSIANS",8,1.7579772,0.7739371,0.0026482902,0.3268255,0.018094003,0.4493848,0.01276001,0.24651062,0.005706121,0.19989374,0.039521534,0.106136866,0.024248835
375316653866487564,5882076390414092672,0.4543761,2195.7785335751228,1.440335158693993,3.9751867E-5,18.616312,0.016707934,0.24814795,0.010117405,0.09607222,0.018931596,0.17479983,0.023958638,0.7577756,0.005025964,0.07212441,0.012299304,0.10300948,0.014720636,null,null,null,null,"TWOGAUSSIANS",8,6.9954567,0.24814795,0.010117405,0.4,0.0,0.17200221,0.024693275,0.7577756,0.005025964,0.4,0.04178495,0.10021239,0.011490842
375316653866487564,5882076497795447680,0.4735748,2181.706391063027,1.1565906221783415,2.6125832E-5,19.53668,0.0042078122,0.21838158,0.003214853,0.021313118,0.0019445694,0.19145355,0.01375141,0.70375407,0.013649456,0.021950461,0.0070748343,0.36394507,0.10103776,null,null,null,null,"TWOGAUSSIANS",8,2.0615373,0.70375407,0.013649456,0.122922584,0.039619073,0.36394507,0.10103776,0.21838158,0.003214853,0.11935346,0.010889589,0.19145355,0.01375141
375316653866487564,5882077455569549696,0.5384278,2191.255670503643,1.933360463957842,1.7452403E-5,18.65482,0.0024835684,0.22444299,3.6548598E-5,0.0053245807,5.1643303E-5,0.51048356,0.0021105928,0.85013664,0.0021521703,0.006524263,0.0013340937,0.04661454,0.024534293,null,null,null,null,"TWOGAUSSIANS",8,2.0523443,0.22444299,3.6548598E-5,0.029817652,2.892025E-4,0.51048356,0.0021105928,0.85013664,0.0021521703,0.036535874,0.007470925,0.04661454,0.024534293
375316653866487564,5882077593004547584,0.44518706,2186.5317287503694,1.3936029648232071,2.3564775E-5,18.192139,0.003449335,0.45754117,0.0055251936,0.05880314,0.008135723,0.11130169,0.015241571,null,null,null,null,null,null,null,null,null,null,"ONEGAUSSIAN",5,5.054485,0.45754117,0.0055251936,0.32929757,0.045560047,0.11130169,0.0,null,null,null,null,null,null
375316653866487564,5882077769106255616,0.4550339,2204.9682463350996,3.5601039790621347,3.606076E-5,18.848063,0.004817845,0.682267,0.0011781546,0.011371153,0.0022433188,0.5060624,0.16070473,0.8796428,0.055584442,0.04924619,0.030329341,0.03247568,0.03566958,null,null,null,null,"TWOGAUSSIANS",8,5.145722,0.682267,0.001178061,0.06367846,0.012562585,0.50607294,0.16070901,0.8796428,0.055584442,0.27577865,0.16984431,0.03247568,0.03566958
375316653866487564,5882077872183526656,0.48602134,2168.2547077455156,1.2655070446063805,2.790471E-5,19.484016,0.012344192,0.23698358,0.006806061,0.083072595,0.007586935,0.3625616,0.02170403,0.7411713,0.00556852,0.08020272,0.005493447,0.4611933,0.03977052,null,null,null,null,"TWOGAUSSIANS",8,3.755206,0.7411713,0.00556852,0.4,0.0,0.45426562,0.039365098,0.23698358,0.006806061,0.4,0.0,0.35563394,0.02117261
375316653866487564,5882077936601582720,0.6376271,2190.8259817025287,0.28953048729545133,4.388728E-6,13.957633,0.006589434,0.3103052,6.9053593E-4,0.029101383,6.473796E-4,1.2362185,0.026999157,0.79517525,0.010088464,0.033243448,0.01007181,0.21238372,0.022586353,0.061417848,0.0062701358,0.79517525,0.010088464,"TWOGAUSSIANS_WITH_ELLIPSOIDAL_ON_ECLIPSE2",9,272.13232,0.31020522,6.746152E-4,0.16296774,0.0036253259,1.3579545,0.025709275,0.79517525,0.010088464,0.1861633,0.056402136,0.33521932,0.017541626
375316653866487564,5882078799898704768,0.5238163,2196.173031495848,1.2384042505043946,1.7596489E-5,19.071848,0.007746317,0.3167939,0.002814786,0.045783203,0.0036434673,0.7687074,0.097605854,0.82058424,0.010191069,0.05618385,0.008590137,0.16845703,0.022688951,null,null,null,null,"TWOGAUSSIANS",8,4.064342,0.3167939,0.002814786,0.25638595,0.020403417,0.7687041,0.09760915,0.82058424,0.010191069,0.31462955,0.048104763,0.16845377,0.022690143
375316653866487564,5882079074776692224,0.45858943,2201.017702412874,3.3683668525904014,3.7907637E-5,19.924173,0.007563968,0.27533403,7.823898E-4,0.0062985024,0.0030135931,0.2059617,1.0859793,0.4620248,0.0017479154,0.04701259,0.011362572,0.8866114,0.41547716,null,null,null,null,"TWOGAUSSIANS",8,2.6659064,0.4620248,0.0017479154,0.2632705,0.0636304,0.8866114,0.41547716,0.27534404,7.8287616E-4,0.035271615,0.016876122,0.20629548,1.0859206
375316653866487564,5882079448429960832,0.5699785,2175.4746758984757,0.7043110317315342,9.225559E-6,17.50141,0.001432853,0.21780826,0.0010069996,0.029188566,7.268552E-4,0.2617397,0.004038595,0.7107968,0.015797121,0.027887791,0.008828381,0.12074927,0.012784069,null,null,null,null,"TWOGAUSSIANS",8,3.238202,0.21780826,0.0010069996,0.16345596,0.004070389,0.2617397,0.004038595,0.7107968,0.015797121,0.15617163,0.049438935,0.12074927,0.012784069
375316653866487564,5882079693327266816,0.5221596,2188.811055227453,4.205315643242501,1.0731098E-6,16.81365,6.7526393E-4,0.5274848,1.1060601E-5,0.012455756,2.3478009E-4,0.21283454,0.0031473613,null,null,null,null,null,null,null,null,null,null,"ONEGAUSSIAN",5,1.683737,0.5274848,1.1060601E-5,0.06975223,0.0013147686,0.21283454,0.0,null,null,null,null,null,null
375316653866487564,5882079933845408256,0.42032397,2204.845906413553,0.03699713619561052,6.287882E-5,19.232853,0.016382866,0.4533867,0.032442056,0.13139713,0.037648153,0.17596245,0.018814096,0.7727285,0.05098165,0.101764135,0.02556594,0.121367574,0.024040679,null,null,null,null,"TWOGAUSSIANS",8,3.9269469,0.4562767,0.028800393,0.4,0.0,0.17269428,0.018526841,0.7727285,0.05098165,0.4,0.0,0.1263571,0.019607337
375316653866487564,5882080346088321920,0.46428695,2165.1535797677006,2.0019031470627175,4.2659573E-5,19.17465,0.024525495,0.23697212,0.013080262,0.10839086,0.02402296,0.19303387,0.02572785,0.77297145,0.009926493,0.080318615,0.012855041,0.17396471,0.029482573,null,null,null,null,"TWOGAUSSIANS",8,2.7817566,0.23697212,0.013080262,0.4,0.0,0.18656987,0.021559011,0.77300143,0.00991975,0.4,0.0,0.16752191,0.023296002
375316653866487564,5882080792839046272,0.42027292,2196.281571333397,0.5740481891515845,1.654696E-5,13.818077,8.993962E-4,0.4248616,0.0030522908,0.043002587,0.0042288788,0.047697224,0.0028918337,0.7561963,0.0098410845,0.013972258,0.008890197,0.010209113,0.014519892,null,null,null,null,"TWOGAUSSIANS",8,40.74758,0.4248616,0.0030522908,0.24081448,0.023681723,0.047697224,0.0028918337,0.7561963,0.0098410845,0.07824465,0.0497851,0.010209113,0.014519892
375316653866487564,5882080930278054272,0.58623815,2183.604522242796,1.1905638349728676,1.1569481E-5,17.398607,0.0069475938,0.26110786,0.0019717738,0.075375244,0.0023448328,0.38678887,0.009609711,0.76121116,0.00241293,0.08526114,0.005907642,0.3599505,0.019111967,null,null,null,null,"TWOGAUSSIANS",8,8.897205,0.26110786,0.0019717738,0.4,0.0,0.3809519,0.0089011695,0.76121116,0.00241293,0.4,0.0,0.3541135,0.021119334
375316653866487564,5882081273882387328,0.5752662,2187.2773628963464,3.63498785133824,1.0938622E-5,19.26701,0.0137239685,0.25698492,0.0028179218,0.05019401,0.0047223265,0.39725637,0.032342568,0.7508666,0.0027125734,0.039835203,0.0042427937,0.5438993,0.04973653,0.10593233,0.020686481,0.25698492,0.0028179218,"TWOGAUSSIANS_WITH_ELLIPSOIDAL_ON_ECLIPSE1",9,3.282969,0.7511466,0.002567059,0.22307715,0.023759644,0.7554639,0.054656465,0.25698492,0.0028179218,0.28108644,0.026445027,0.60911936,0.0143542215
375316653866487564,5882082819990082176,0.48944822,2170.9053974487397,1.475003630232787,1.873756E-5,19.485094,0.06033869,0.20594281,0.0032522676,0.07665106,0.011763314,0.53809595,0.045044735,0.65516335,0.032843433,0.10749308,0.034581177,0.18574637,0.06656436,null,null,null,null,"TWOGAUSSIANS",8,5.921411,0.20595281,0.003182027,0.4,0.011542125,0.5318041,0.035100736,0.65516335,0.032843433,0.4,0.0,0.17942421,0.055480972
375316653866487564,5882082953124314624,0.5354487,2206.3954176586008,2.764406908212067,1.849567E-5,18.306316,0.007742961,0.23602362,0.0050064432,0.07318206,0.005822479,0.4805799,0.02202356,0.7414191,0.0031299817,0.07423938,0.0045407037,0.41049033,0.021191027,null,null,null,null,"TWOGAUSSIANS",8,10.954147,0.23602362,0.0050064432,0.4,0.0,0.47809017,0.022736287,0.7414191,0.0031299817,0.4,0.0,0.4080006,0.021549406
375316653866487564,5882083124926789120,0.5380496,2193.084554426093,0.30256683144835206,4.576262E-5,17.535242,0.002510203,0.2698666,0.0021923755,0.03539679,0.002811907,0.12487331,0.012064533,0.7416698,0.0044917753,0.032837514,0.0027405517,0.39046764,0.041247956,null,null,null,null,"TWOGAUSSIANS",8,5.713486,0.7416698,0.0044917753,0.18389007,0.01534709,0.39046764,0.041247956,0.2698666,0.0021923755,0.19822201,0.01574668,0.12487331,0.012064533
375316653866487564,5882083365436010368,0.5551834,2209.3467121754143,3.229917933557943,2.3402577E-5,16.312899,0.0029282102,0.2516096,0.0032677194,0.0524462,0.006446049,0.067227274,0.007941749,0.7593861,0.0030277052,0.038306043,0.007812836,0.049745686,0.0073512425,0.029101802,0.0046328087,0.2516096,0.0032677194,"TWOGAUSSIANS_WITH_ELLIPSOIDAL_ON_ECLIPSE1",9,6.8870153,0.2516096,0.0032677194,0.29369873,0.036097877,0.12543006,0.0042925295,0.7593861,0.0030277052,0.21451384,0.04375188,0.107809626,0.007213078
375316653866487564,5882083674682938880,0.44383785,2209.633317675474,0.049353979978972215,7.50808E-6,19.05998,0.0037234023,0.77898276,0.034529284,0.0016912327,0.008107289,0.39034534,137.97197,null,null,null,null,null,null,null,null,null,null,"ONEGAUSSIAN",5,3.1536057,0.77898276,0.034529284,0.009470902,0.045400817,0.39034534,0.0,null,null,null,null,null,null
