Gaia/vari_eclipsing_binary/VariEclipsingBinary_466002-466027.csv
# %ECSV 1.0
# ---
# delimiter: ','
# meta: !!omap
# - RELEASE: Gaia DR3
# - TABLE: vari_eclipsing_binary
# - DESCRIPTION: >
#     This table describes the properties of the eclipsing binaries resulting from the variability analysis. 
# - CITATION: >
#     How to cite and acknowledge Gaia: 
#     https://gea.esac.esa.int/archive/documentation/credits.html 
# - KNOWN_ISSUES: >
#     Known issues: 
#     https://www.cosmos.esa.int/web/gaia-users/known-issues 
# - DOCUMENTATION: >
#     Tutorials and documentation: 
#     https://www.cosmos.esa.int/web/gaia-users/archive 
# datatype:
# - 
#   name: solution_id
#   datatype: int64
#   description: Solution Identifier
#   meta:
#     ucd: meta.version
# - 
#   name: source_id
#   datatype: int64
#   description: Unique source identifier
#   meta:
#     ucd: meta.id;meta.main
# - 
#   name: global_ranking
#   datatype: float32
#   description: Number between 0 (worst) and 1 (best)
#   meta:
#     ucd: stat.param
# - 
#   name: reference_time
#   datatype: float64
#   unit: d
#   description: Reference time used for the geometric model fit
#   meta:
#     ucd: time.epoch
# - 
#   name: frequency
#   datatype: float64
#   unit: d**-1
#   description: Frequency of geometric model of the eclipsing binary light curve
#   meta:
#     ucd: src.orbital
# - 
#   name: frequency_error
#   datatype: float32
#   unit: d**-1
#   description: "Uncertainty of \\texttt{frequency}"
#   meta:
#     ucd: stat.error
# - 
#   name: geom_model_reference_level
#   datatype: float32
#   unit: mag
#   description: Magnitude reference level of geometric model
#   meta:
#     ucd: phot.mag;em.opt
# - 
#   name: geom_model_reference_level_error
#   datatype: float32
#   unit: mag
#   description: "Uncertainty of \\texttt{geomModelReferenceLevel}"
#   meta:
#     ucd: stat.error;phot.mag;em.opt
# - 
#   name: geom_model_gaussian1_phase
#   datatype: float32
#   description: Phase of the Gaussian 1 component
#   meta:
#     ucd: time.phase
# - 
#   name: geom_model_gaussian1_phase_error
#   datatype: float32
#   description: "Uncertainty of \\texttt{geomModelGaussian1Phase}"
#   meta:
#     ucd: stat.error;time.phase
# - 
#   name: geom_model_gaussian1_sigma
#   datatype: float32
#   description: "Standard deviation [phase] of Gaussian 1 component"
#   meta:
#     ucd: stat.stdev
# - 
#   name: geom_model_gaussian1_sigma_error
#   datatype: float32
#   description: "Uncertainty of \\texttt{geomModelGaussian1Sigma}"
#   meta:
#     ucd: stat.error
# - 
#   name: geom_model_gaussian1_depth
#   datatype: float32
#   unit: mag
#   description: Magnitude depth of Gaussian 1 component
#   meta:
#     ucd: src.var.amplitude
# - 
#   name: geom_model_gaussian1_depth_error
#   datatype: float32
#   unit: mag
#   description: "Uncertainty of \\texttt{geomModelGaussian1Depth}"
#   meta:
#     ucd: stat.error;src.var.amplitude
# - 
#   name: geom_model_gaussian2_phase
#   datatype: float32
#   description: Phase of Gaussian 2 component
#   meta:
#     ucd: time.phase
# - 
#   name: geom_model_gaussian2_phase_error
#   datatype: float32
#   description: "Uncertainty of \\texttt{geomModelGaussian2Phase}"
#   meta:
#     ucd: stat.error;time.phase
# - 
#   name: geom_model_gaussian2_sigma
#   datatype: float32
[...]
#   datatype: float32
#   description: "Secondary eclipse: uncertainty of \\texttt{derivedSecondaryEclDuration}"
#   meta:
#     ucd: stat.error;time.duration
# - 
#   name: derived_secondary_ecl_depth
#   datatype: float32
#   unit: mag
#   description: "Secondary eclipse: depth"
#   meta:
#     ucd: src.var.amplitude
# - 
#   name: derived_secondary_ecl_depth_error
#   datatype: float32
#   unit: mag
#   description: "Secondary eclipse: uncertainty of \\texttt{derivedSecondaryEclDepth}"
#   meta:
#     ucd: stat.error;src.var.amplitude
solution_id,source_id,global_ranking,reference_time,frequency,frequency_error,geom_model_reference_level,geom_model_reference_level_error,geom_model_gaussian1_phase,geom_model_gaussian1_phase_error,geom_model_gaussian1_sigma,geom_model_gaussian1_sigma_error,geom_model_gaussian1_depth,geom_model_gaussian1_depth_error,geom_model_gaussian2_phase,geom_model_gaussian2_phase_error,geom_model_gaussian2_sigma,geom_model_gaussian2_sigma_error,geom_model_gaussian2_depth,geom_model_gaussian2_depth_error,geom_model_cosine_half_period_amplitude,geom_model_cosine_half_period_amplitude_error,geom_model_cosine_half_period_phase,geom_model_cosine_half_period_phase_error,model_type,num_model_parameters,reduced_chi2,derived_primary_ecl_phase,derived_primary_ecl_phase_error,derived_primary_ecl_duration,derived_primary_ecl_duration_error,derived_primary_ecl_depth,derived_primary_ecl_depth_error,derived_secondary_ecl_phase,derived_secondary_ecl_phase_error,derived_secondary_ecl_duration,derived_secondary_ecl_duration_error,derived_secondary_ecl_depth,derived_secondary_ecl_depth_error
[from data line 339]
375316653866487564,4099143587900133504,0.5643228,2322.0487105900256,1.8114855413336262,1.9394218E-5,16.35958,0.023099845,0.31800598,0.0022969244,0.083312504,0.006592222,0.30616024,0.025332903,0.8171854,0.005991942,0.08271333,0.010463936,0.24750876,0.024763182,null,null,null,null,"TWOGAUSSIANS",8,13.956029,0.31800598,0.0022969244,0.4,0.0,0.30034158,0.020745754,0.8171854,0.005991942,0.4,0.0,0.24169011,0.02118764
375316653866487564,4099143832720337792,0.47406453,2300.2803077175076,4.1676763861662165,6.520058E-5,17.739492,0.024829568,0.24666385,0.10748933,0.068936385,0.104564875,0.055503342,0.45451716,0.6253268,0.018505424,0.10966948,0.017730631,0.21332476,0.04226364,null,null,null,null,"TWOGAUSSIANS",8,7.132126,0.6253268,0.018505424,0.4,0.0,0.21274742,0.03870855,0.24821386,0.37499267,0.3860438,0.28404635,0.055489354,0.47838384
375316653866487564,4099143935840244736,0.42072597,2264.8984856235793,0.6127633476965584,3.077559E-5,17.298021,0.07858155,null,null,null,null,null,null,null,null,null,null,null,null,0.13996117,0.1052454,0.2269797,0.01621908,"ELLIPSOIDAL",4,192.85533,null,null,null,null,null,null,null,null,null,null,null,null
375316653866487564,4099144073239007744,0.5569074,2259.773070125451,2.5973675524537296,4.5862496E-5,18.588747,0.014240676,0.32504073,0.026127432,0.08252711,0.015913298,0.28037015,0.06266641,0.8388506,0.0069342814,0.08640777,0.010927502,0.23444775,0.01522246,null,null,null,null,"TWOGAUSSIANS",8,1.9875747,0.32504073,0.026127432,0.4,0.0,0.27536,0.062133633,0.8388506,0.0069342814,0.4,0.0,0.22943756,0.012568384
375316653866487564,4099144210718286720,0.55918205,2250.141776225167,0.8593471589366404,2.9560662E-5,18.246542,0.0064645316,0.52036816,0.0016751348,0.048661355,0.00230353,0.33724308,0.004653153,0.843427,0.011482988,0.041347954,0.011563789,0.06739703,0.02977494,null,null,null,null,"TWOGAUSSIANS",8,2.976968,0.52036816,0.0016751348,0.27250358,0.012899768,0.33724308,0.0046531525,0.843427,0.011482988,0.23154853,0.06475722,0.06739703,0.02977494
375316653866487564,4099144348114978304,0.5056833,2231.187433511448,4.005895890952365,2.052806E-5,19.86025,0.06118869,0.16946308,0.0066518113,0.09521131,0.018708192,0.31428564,0.058706064,0.6549957,0.07790061,0.06132393,0.06332163,0.24642295,0.1389981,null,null,null,null,"TWOGAUSSIANS",8,1.3517622,0.16946308,0.0066308957,0.4,0.0,0.3117682,0.036836516,0.6549957,0.07795863,0.343414,0.11929933,0.24390638,0.123900086
375316653866487564,4099144687413070592,0.45017567,2236.1754986867954,0.5889780154825277,1.1726691E-5,17.926975,0.00460533,0.14537439,0.0032592018,0.034391258,0.015221443,0.14566942,9.318465,0.80381733,0.011479419,0.044725087,0.0120349275,0.059272878,0.009035058,null,null,null,null,"TWOGAUSSIANS",8,3.0206966,0.14537439,0.0032592018,0.19259106,0.08524008,0.14566942,9.318465,0.80381733,0.011479419,0.25046048,0.0673956,0.059272878,0.009035058
375316653866487564,4099144756132621568,0.5600782,2204.396195660847,3.027032576649619,2.2072825E-5,18.618471,0.029678935,0.26478377,0.00561877,0.09195124,0.009247729,0.541054,0.036135543,0.76542187,0.002962369,0.08243592,0.011024765,0.4792378,0.0499257,null,null,null,null,"TWOGAUSSIANS",8,4.5139074,0.26478377,0.00561877,0.4,0.0,0.5244931,0.031607058,0.76542187,0.002962369,0.4,0.0,0.46267727,0.055645917
375316653866487564,4099145859985712896,0.48033762,2248.522622297424,1.1816842366085643,8.281955E-5,16.47871,0.011640373,0.12108925,0.0206335,0.03997004,0.027087156,0.26306942,3.5250747,0.597243,0.030668894,0.13396609,0.031682763,0.06509724,0.016219292,null,null,null,null,"TWOGAUSSIANS",8,45.309334,0.121099256,0.020647893,0.22383223,0.15168807,0.2616678,3.526418,0.597243,0.030668894,0.4,0.0,0.06354689,0.015461737
375316653866487564,4099146444101392128,0.5778165,2282.067755624238,2.617454158557412,1.1891965E-5,17.250038,0.01291729,0.19463645,0.002527063,0.10247279,0.0069239107,0.26426196,0.01085252,0.6720399,0.0030594636,0.09922376,0.006015967,0.32530433,0.012581102,null,null,null,null,"TWOGAUSSIANS",8,4.853346,0.6720399,0.0030594636,0.4,0.0,0.30493495,0.009240122,0.19464645,0.0025296027,0.4,0.0,0.24389023,0.006321611
375316653866487564,4099146615855200256,0.48440853,2258.5565882806577,2.635310885899699,5.82494E-5,19.316002,0.038447753,0.25539008,0.0138235325,0.0686149,0.017092772,0.51750374,0.19848889,0.7363912,0.020762235,0.058040824,0.021235034,0.63318306,0.077899575,null,null,null,null,"TWOGAUSSIANS",8,17.72144,0.7363912,0.020762235,0.3250286,0.08282277,0.6329278,0.07728632,0.25539008,0.0138235325,0.38424343,0.074484654,0.51724845,0.1988391
375316653866487564,4099146749021485184,0.44075537,2252.8081855154282,0.12363038303140142,6.008391E-5,19.371729,0.035862103,0.31066722,0.027767261,0.13691166,0.04421336,0.19047612,0.03386939,0.77316236,0.013945953,0.076698594,0.023755105,0.29996112,0.19026433,null,null,null,null,"TWOGAUSSIANS",8,4.2056994,0.77316236,0.013945953,0.4,0.034986358,0.28290302,0.19723739,0.31066722,0.027766438,0.4,0.0,0.17269857,0.028433515
375316653866487564,4099146787697894784,0.55183154,2208.1698738742857,2.796793687480228,9.382368E-6,15.6075,0.011160778,0.20076555,0.0146868555,0.084101945,0.018753614,0.16584277,0.01657455,0.6832685,0.0030958962,0.073390424,0.0069459868,0.1787272,0.010947143,null,null,null,null,"TWOGAUSSIANS",8,17.861973,0.6832685,0.0030958962,0.4,0.006718883,0.1771779,0.009524037,0.20076555,0.0146868555,0.4,0.0,0.16429347,0.016577277
375316653866487564,4099147371813459072,0.5858917,2228.386784865975,2.6016163581280782,8.616651E-6,17.58037,0.02555472,0.30092147,0.0026598286,0.10294471,0.012260963,0.2724369,0.020408245,0.79066885,0.004170977,0.105590664,0.009309914,0.28562722,0.025226595,null,null,null,null,"TWOGAUSSIANS",8,3.8517692,0.79066885,0.004170977,0.4,0.0,0.25766724,0.013085298,0.30093145,0.0026596647,0.4,0.0,0.24448085,0.008574163
375316653866487564,4099147440532864128,0.5184438,2242.4046720163255,3.1067769100207614,2.139805E-5,19.522676,0.024161212,0.27980006,0.005871213,0.08575564,0.012666924,0.42123234,0.057940003,0.7660094,0.0069699185,0.06799116,0.008982971,0.31724742,0.035077773,null,null,null,null,"TWOGAUSSIANS",8,2.796011,0.27980006,0.005871213,0.4,0.0,0.41845757,0.05951247,0.7660094,0.0069699185,0.3807505,0.044814482,0.31447268,0.033545926
375316653866487564,4099147543568913152,0.51195014,2199.554981669637,3.526131423052626,2.6037465E-5,19.94061,0.009577062,0.22956415,0.0022134508,0.069134094,0.005704327,0.5067303,0.03471448,0.743548,0.009849813,0.06815864,0.0077057276,0.4285046,0.027010057,null,null,null,null,"TWOGAUSSIANS",8,1.3102427,0.22956415,0.0022134508,0.3871509,0.025556162,0.5058865,0.03521015,0.743548,0.009849813,0.3816884,0.043152075,0.42766076,0.02717282
375316653866487564,4099147818490217856,0.6201182,2211.086016774985,1.2946114749384379,1.263758E-5,16.910013,0.002741773,0.3019007,0.004063563,0.057328943,0.0030032243,0.21119161,0.00815751,0.78935343,0.0014292945,0.040640406,0.0035373964,0.4664515,0.06265236,null,null,null,null,"TWOGAUSSIANS",8,4.809656,0.78935343,0.0014292945,0.22758627,0.01980942,0.46645084,0.06265349,0.3019007,0.004063563,0.32104206,0.016818056,0.21119095,0.008157448
375316653866487564,4099147990246484864,0.58678657,2227.703393860962,2.7075089584463785,9.110756E-6,19.122152,0.007844345,0.31937838,0.0117205335,0.04501666,0.017107673,0.51076365,0.07850335,0.8070459,0.0019207541,0.06745989,0.0017201137,0.57273364,0.014769228,null,null,null,null,"TWOGAUSSIANS",8,1.9570519,0.8070459,0.0019207541,0.37777537,0.009632637,0.57270014,0.014753413,0.31937838,0.0117205335,0.2520933,0.09580297,0.51073015,0.07875037
375316653866487564,4099148093325994752,0.5094632,2215.8297598301024,3.810921511356203,2.0604852E-5,19.505606,0.03105679,0.20200494,0.0074623944,0.07939266,0.009235591,0.46687314,0.040623613,0.713733,0.0059309267,0.08658064,0.015976626,0.49063265,0.031109953,null,null,null,null,"TWOGAUSSIANS",8,4.328222,0.713733,0.0059309267,0.4,0.0,0.48237532,0.03108399,0.20200494,0.0074623944,0.4,0.0,0.4586159,0.036480654
375316653866487564,4099148127684632832,0.500069,2184.4615319588097,0.6411546280023473,2.3136023E-4,18.461975,0.004509967,0.44350985,0.006918341,0.0506069,0.042164966,0.3017844,0.24939285,null,null,null,null,null,null,null,null,null,null,"ONEGAUSSIAN",5,1.9136152,0.44350985,0.006918341,0.28339863,0.11336118,0.3017844,0.0,null,null,null,null,null,null
375316653866487564,4099148436922979072,0.5130529,2213.0936621067576,0.6423519756594197,4.5305624E-5,19.22541,0.011944592,0.16653956,0.029735703,0.066527314,0.03257814,0.053939287,0.016258482,0.5938891,0.008361266,0.09583917,0.008616695,0.58226943,0.09284141,null,null,null,null,"TWOGAUSSIANS",8,1.4673281,0.5938891,0.008361266,0.4,0.0,0.5814465,0.09316674,0.16664957,0.030015903,0.37255296,0.13941,0.053144537,0.015508522
375316653866487564,4099148608764266880,0.5949687,2143.59725080438,2.3563113612297863,2.2288457E-5,18.446886,0.006253669,0.21959159,0.0018692323,0.06772586,0.001718581,0.503054,0.00747821,0.7229682,0.006449065,0.064278185,0.0040229685,0.526014,0.040682748,null,null,null,null,"TWOGAUSSIANS",8,3.0386033,0.7229682,0.006449065,0.35995784,0.022528624,0.52529883,0.040874954,0.21959159,0.0018692323,0.37926483,0.009624054,0.5023389,0.0071920045
375316653866487564,4099148952361352576,0.54057825,2210.7629362028106,0.07198179894340867,8.260951E-6,17.249756,0.0016770512,0.11025252,0.018578492,0.013406403,0.0110357525,0.13371196,0.061241377,0.42559063,0.010124925,0.03363127,0.0064876215,0.09318889,0.014644911,null,null,null,null,"TWOGAUSSIANS",8,1.6704357,0.11025252,0.018578492,0.07507586,0.061800215,0.13371196,0.061241377,0.42559063,0.010124925,0.1883351,0.03633068,0.09318889,0.014644911
375316653866487564,4099149089810725120,0.48598096,2155.4577991532337,0.10786036121908112,1.7294304E-5,18.180264,0.012668609,0.16276419,0.016304092,0.10789618,0.013735226,0.27426535,0.08672736,0.6123304,0.007802761,0.055702485,0.0064506913,0.39419624,0.030463101,null,null,null,null,"TWOGAUSSIANS",8,3.7333229,0.6123304,0.007802761,0.31193393,0.03612387,0.3922138,0.0302162,0.16276419,0.016304092,0.4,0.0,0.27223566,0.08766534
375316653866487564,4099149188539667712,0.5025201,2183.450847427329,0.10800310974633648,1.2654962E-5,18.999819,0.00508399,0.09048993,0.006503638,0.020687753,0.0051058494,0.1613177,0.013672137,0.6082985,0.0011555566,0.043764,0.004098144,0.15207002,0.0049841823,null,null,null,null,"TWOGAUSSIANS",8,2.1823297,0.09048993,0.006503638,0.11585142,0.028592758,0.1613177,0.013672137,0.6082985,0.0011555566,0.2450784,0.022949606,0.15207002,0.0049841823
375316653866487564,4099149433353926656,0.5739623,2163.9493186699283,3.836768354807107,1.8020757E-5,18.197428,0.040380076,0.33871007,0.023677308,0.0448027,0.018428016,0.35241273,0.12201246,0.80773443,0.008023343,0.049095243,0.0055573634,0.5173868,0.11294778,0.13680503,0.07808021,0.33871007,0.023677308,"TWOGAUSSIANS_WITH_ELLIPSOIDAL_ON_ECLIPSE1",9,29.09908,0.8105144,0.006692407,0.27493337,0.031121235,0.78166854,0.05595071,0.33871007,0.023677308,0.2508951,0.10319689,0.62602115,0.087901235
375316653866487564,4099149467757374848,0.5587793,2174.1315897351833,2.9428032042147643,7.9278965E-5,17.45647,0.0071593486,0.30104467,0.06513428,0.04770601,0.037839927,0.10590087,0.04936021,0.7038649,0.05079453,0.041003417,0.046005122,0.52168906,0.28499368,null,null,null,null,"TWOGAUSSIANS",8,8.626769,0.7038649,0.05079453,0.22961913,0.22105722,0.52168906,0.28502247,0.30104467,0.06513428,0.26715365,0.21190359,0.10590087,0.049354535
375316653866487564,4099149669576296064,0.43782353,2234.0659763547974,2.1191048085573976,3.778751E-5,19.523096,0.28860593,0.24404526,0.052820306,0.042588886,0.10710478,0.20540375,0.3007686,0.7478683,0.0076359236,0.076800145,0.051023424,0.4215962,0.22103906,null,null,null,null,"TWOGAUSSIANS",8,13.630718,0.7478683,0.0076359236,0.4,0.014225014,0.42151117,0.068967715,0.24404526,0.054471925,0.23849775,0.16140245,0.20531872,0.13739052
375316653866487564,4099150189312202240,0.4686389,2151.4817083897933,1.6842380467130866,3.5863715E-5,18.355957,0.012170924,0.30489847,0.010254092,0.0870443,0.01646232,0.10076406,0.013032058,0.81681883,0.012533621,0.107555605,0.032621905,0.054716595,0.011242288,null,null,null,null,"TWOGAUSSIANS",8,1.3194933,0.30489847,0.010281081,0.4,0.0,0.09633435,0.008168449,0.81681883,0.012532802,0.4,0.0,0.0502844,0.005819219
375316653866487564,4099150219332146048,0.57266426,2151.143838490204,2.7031282233032354,7.121695E-6,18.316553,0.014638036,0.30310404,0.002864654,0.08837936,0.0051351185,0.39989394,0.014119171,0.80757713,0.0031309351,0.08117259,0.004580369,0.4535722,0.038021803,null,null,null,null,"TWOGAUSSIANS",8,4.015373,0.80757713,0.0031309351,0.4,0.0,0.44342968,0.038902238,0.30310404,0.002864654,0.4,0.0,0.38975132,0.011687728
375316653866487564,4099150361067763712,0.49849918,2214.037545364934,0.029234747446392765,3.2594526E-5,19.352331,0.015308332,0.3545935,0.003863294,0.07264801,0.0077461903,0.33606306,0.0326704,0.7988165,0.029383603,0.1215568,0.024852151,0.30693957,0.018670153,null,null,null,null,"TWOGAUSSIANS",8,1.2533233,0.3547735,0.0035297347,0.4,0.012288265,0.3262747,0.036031518,0.7988165,0.029383603,0.4,0.0,0.29675493,0.015653687
375316653866487564,4099150769088384128,0.5241373,2219.813405339935,1.2486038899428555,3.4436172E-5,16.755053,0.01147751,0.24560013,0.016728064,0.041510582,0.04024047,0.027958704,150.14728,0.7281086,0.017378783,0.03812404,0.014219017,0.34866053,0.22846706,0.04847461,0.026050314,0.24560013,0.016728064,"TWOGAUSSIANS_WITH_ELLIPSOIDAL_ON_ECLIPSE1",9,60.58854,0.7286486,0.016890595,0.21349463,0.07962649,0.44447905,0.2307053,0.24560013,0.016728064,0.23245926,0.22534664,0.12490788,150.15042
375316653866487564,4099152044697520000,0.47036308,2191.7533668140427,2.684713973660631,7.955297E-5,18.587902,0.013550279,0.2670339,0.017765213,0.08932607,0.029325254,0.19547407,0.014345834,0.77025074,0.012850698,0.07118008,0.011447256,0.15690012,0.01958904,null,null,null,null,"TWOGAUSSIANS",8,6.3287373,0.2670339,0.017765213,0.4,0.0,0.19288805,0.013798156,0.77025074,0.012850698,0.39860845,0.054283023,0.15431416,0.017303374
375316653866487564,4099152074775276544,0.5793305,2189.5036452259774,3.3930406339576895,2.9572322E-5,18.829279,0.0075399433,0.3412652,0.0043972586,0.073818065,0.005983904,0.37533933,0.010464565,0.8433701,0.014027843,0.07876179,0.010821187,0.31662574,0.02072119,null,null,null,null,"TWOGAUSSIANS",8,1.9595649,0.3412652,0.0043972586,0.4,0.0,0.37228212,0.009895254,0.8433701,0.014027843,0.4,0.014111182,0.31356853,0.02156618
375316653866487564,4099152319576120192,0.5453181,2230.3238430499473,3.7032443149004846,2.202501E-5,19.655127,0.031567108,0.29799435,0.0123445885,0.070856676,0.020181596,0.45821625,0.42212912,0.808278,0.008042767,0.09262185,0.012347556,0.3549962,0.033902746,null,null,null,null,"TWOGAUSSIANS",8,1.1342218,0.29799435,0.0123445885,0.39679736,0.083712645,0.4522177,0.42792183,0.808278,0.008042767,0.4,0.0,0.34899724,0.0266252
375316653866487564,4099153006770813824,0.52377975,2239.0744179875287,2.0804239521157175,3.1050367E-5,19.317474,0.022462426,0.16708402,0.019513363,0.054561976,0.022520596,0.31753403,0.05722635,0.67376906,0.0038200398,0.07832547,0.0061858576,0.37089667,0.023354467,null,null,null,null,"TWOGAUSSIANS",8,2.5239582,0.67376906,0.0038200398,0.4,0.0,0.37041956,0.021411885,0.16708402,0.019513363,0.30554706,0.095244825,0.31705692,0.059615623
