Gaia/vari_eclipsing_binary/VariEclipsingBinary_627316-627468.csv
# %ECSV 1.0
# ---
# delimiter: ','
# meta: !!omap
# - RELEASE: Gaia DR3
# - TABLE: vari_eclipsing_binary
# - DESCRIPTION: >
#     This table describes the properties of the eclipsing binaries resulting from the variability analysis. 
# - CITATION: >
#     How to cite and acknowledge Gaia: 
#     https://gea.esac.esa.int/archive/documentation/credits.html 
# - KNOWN_ISSUES: >
#     Known issues: 
#     https://www.cosmos.esa.int/web/gaia-users/known-issues 
# - DOCUMENTATION: >
#     Tutorials and documentation: 
#     https://www.cosmos.esa.int/web/gaia-users/archive 
# datatype:
# - 
#   name: solution_id
#   datatype: int64
#   description: Solution Identifier
#   meta:
#     ucd: meta.version
# - 
#   name: source_id
#   datatype: int64
#   description: Unique source identifier
#   meta:
#     ucd: meta.id;meta.main
# - 
#   name: global_ranking
#   datatype: float32
#   description: Number between 0 (worst) and 1 (best)
#   meta:
#     ucd: stat.param
# - 
#   name: reference_time
#   datatype: float64
#   unit: d
#   description: Reference time used for the geometric model fit
#   meta:
#     ucd: time.epoch
# - 
#   name: frequency
#   datatype: float64
#   unit: d**-1
#   description: Frequency of geometric model of the eclipsing binary light curve
#   meta:
#     ucd: src.orbital
# - 
#   name: frequency_error
#   datatype: float32
#   unit: d**-1
#   description: "Uncertainty of \\texttt{frequency}"
#   meta:
#     ucd: stat.error
# - 
#   name: geom_model_reference_level
#   datatype: float32
#   unit: mag
#   description: Magnitude reference level of geometric model
#   meta:
#     ucd: phot.mag;em.opt
# - 
#   name: geom_model_reference_level_error
#   datatype: float32
#   unit: mag
#   description: "Uncertainty of \\texttt{geomModelReferenceLevel}"
#   meta:
#     ucd: stat.error;phot.mag;em.opt
# - 
#   name: geom_model_gaussian1_phase
#   datatype: float32
#   description: Phase of the Gaussian 1 component
#   meta:
#     ucd: time.phase
# - 
#   name: geom_model_gaussian1_phase_error
#   datatype: float32
#   description: "Uncertainty of \\texttt{geomModelGaussian1Phase}"
#   meta:
#     ucd: stat.error;time.phase
# - 
#   name: geom_model_gaussian1_sigma
#   datatype: float32
#   description: "Standard deviation [phase] of Gaussian 1 component"
#   meta:
#     ucd: stat.stdev
# - 
#   name: geom_model_gaussian1_sigma_error
#   datatype: float32
#   description: "Uncertainty of \\texttt{geomModelGaussian1Sigma}"
#   meta:
#     ucd: stat.error
# - 
#   name: geom_model_gaussian1_depth
#   datatype: float32
#   unit: mag
#   description: Magnitude depth of Gaussian 1 component
#   meta:
#     ucd: src.var.amplitude
# - 
#   name: geom_model_gaussian1_depth_error
#   datatype: float32
#   unit: mag
#   description: "Uncertainty of \\texttt{geomModelGaussian1Depth}"
#   meta:
#     ucd: stat.error;src.var.amplitude
# - 
#   name: geom_model_gaussian2_phase
#   datatype: float32
#   description: Phase of Gaussian 2 component
#   meta:
#     ucd: time.phase
# - 
#   name: geom_model_gaussian2_phase_error
#   datatype: float32
#   description: "Uncertainty of \\texttt{geomModelGaussian2Phase}"
#   meta:
#     ucd: stat.error;time.phase
# - 
#   name: geom_model_gaussian2_sigma
#   datatype: float32
[...]
#   datatype: float32
#   description: "Secondary eclipse: uncertainty of \\texttt{derivedSecondaryEclDuration}"
#   meta:
#     ucd: stat.error;time.duration
# - 
#   name: derived_secondary_ecl_depth
#   datatype: float32
#   unit: mag
#   description: "Secondary eclipse: depth"
#   meta:
#     ucd: src.var.amplitude
# - 
#   name: derived_secondary_ecl_depth_error
#   datatype: float32
#   unit: mag
#   description: "Secondary eclipse: uncertainty of \\texttt{derivedSecondaryEclDepth}"
#   meta:
#     ucd: stat.error;src.var.amplitude
solution_id,source_id,global_ranking,reference_time,frequency,frequency_error,geom_model_reference_level,geom_model_reference_level_error,geom_model_gaussian1_phase,geom_model_gaussian1_phase_error,geom_model_gaussian1_sigma,geom_model_gaussian1_sigma_error,geom_model_gaussian1_depth,geom_model_gaussian1_depth_error,geom_model_gaussian2_phase,geom_model_gaussian2_phase_error,geom_model_gaussian2_sigma,geom_model_gaussian2_sigma_error,geom_model_gaussian2_depth,geom_model_gaussian2_depth_error,geom_model_cosine_half_period_amplitude,geom_model_cosine_half_period_amplitude_error,geom_model_cosine_half_period_phase,geom_model_cosine_half_period_phase_error,model_type,num_model_parameters,reduced_chi2,derived_primary_ecl_phase,derived_primary_ecl_phase_error,derived_primary_ecl_duration,derived_primary_ecl_duration_error,derived_primary_ecl_depth,derived_primary_ecl_depth_error,derived_secondary_ecl_phase,derived_secondary_ecl_phase_error,derived_secondary_ecl_duration,derived_secondary_ecl_duration_error,derived_secondary_ecl_depth,derived_secondary_ecl_depth_error
[from data line 145]
375316653866487564,5518199721646438400,0.50232875,2240.4745755320487,3.519042156740746,1.1899409E-5,17.752874,1.0299639,0.3046428,0.006013143,0.14192472,0.119685665,0.4878484,1.0073081,0.8054504,0.003144166,0.12248451,0.05656382,0.48096254,0.8234582,null,null,null,null,"TWOGAUSSIANS",8,20.782602,0.3046328,0.006091449,0.4,0.0,0.3274183,0.032517854,0.80548036,0.0031280296,0.4,0.0,0.32227,0.015197907
375316653866487564,5518203496918472192,0.5702746,2194.604775135899,3.2305309984415755,1.1746628E-5,18.135992,0.01245598,0.23404942,0.003503881,0.089189924,0.0036985837,0.3970081,0.012788645,0.730209,0.0070532463,0.098379515,0.0073803435,0.36588445,0.01830818,null,null,null,null,"TWOGAUSSIANS",8,5.082391,0.23404942,0.003503881,0.4,0.0,0.37642142,0.0076437667,0.730209,0.0070532463,0.4,0.0,0.34529608,0.014288764
375316653866487564,5518205459722984064,0.5433936,2191.1614704072995,3.4483137742545584,1.1044456E-5,17.144915,0.006008059,0.38001195,0.0037506854,0.05833037,0.002526425,0.53637546,0.020048844,0.8489106,0.051993113,0.037771873,0.035933204,0.04667653,278.79114,null,null,null,null,"TWOGAUSSIANS",8,39.457966,0.38001195,0.0037506854,0.32665008,0.014147981,0.5363754,0.020048814,0.8489106,0.051993113,0.21152249,0.20122594,0.04667644,278.79114
375316653866487564,5518210235727334272,0.6782455,2225.6069158735836,3.2877644781525923,2.8191523E-6,15.159936,0.011805559,0.24738617,0.0016820662,0.045069903,0.003460993,0.481096,0.054855645,0.7499134,4.9645314E-4,0.048714384,0.0021224325,0.505182,0.027099246,0.119594164,0.018896181,0.7499134,4.9645314E-4,"TWOGAUSSIANS_WITH_ELLIPSOIDAL_ON_ECLIPSE2",9,58.585037,0.7499134,4.9645314E-4,0.27280053,0.011885622,0.7443692,0.01528449,0.24757618,0.0015587664,0.25239146,0.01938156,0.7202273,0.054808795
375316653866487564,5518213495601532160,0.43161547,2192.748517447899,0.20480830125683788,1.843798E-5,19.673016,0.39446113,0.29411986,0.016118953,0.16338179,0.14387254,0.2646861,0.38700762,0.7944611,0.00589997,0.10795455,0.038753085,0.3891926,0.28562933,null,null,null,null,"TWOGAUSSIANS",8,3.6275,0.79448104,0.005663135,0.4,0.0,0.28690988,0.026414037,0.29411986,0.016165445,0.4,0.0,0.1575219,0.039223503
375316653866487564,5518214805572530944,0.49755907,2216.1116675712374,0.23251467264201206,2.4847564E-5,17.352427,0.005876848,0.14959443,0.0039831535,0.015350339,0.0023052618,0.39436787,0.10522523,0.45865285,0.0064381077,0.029494656,0.008967438,0.1449332,0.28054705,0.021766944,0.008652329,0.14959443,0.0039831535,"TWOGAUSSIANS_WITH_ELLIPSOIDAL_ON_ECLIPSE1",9,33.269314,0.14959443,0.0039831535,0.0859619,0.012909466,0.4379016,0.1069679,0.45978284,0.0060981573,0.16517007,0.05021765,0.15076154,0.28089255
375316653866487564,5518215492766724096,0.5197295,2226.637669317472,0.3853167187180407,1.1627047E-4,17.952295,0.002316457,0.22533268,0.013955693,0.014322264,0.01439758,0.18927564,0.065236226,0.71995074,0.0010439478,0.017013095,0.0021529435,0.057996288,0.01423664,null,null,null,null,"TWOGAUSSIANS",8,1.7266898,0.22533268,0.013955693,0.08020468,0.08062645,0.18927564,0.065236226,0.71995074,0.0010439478,0.09527334,0.012056484,0.057996288,0.01423664
375316653866487564,5518217240814114176,0.6299192,2203.669742112052,3.9120288755747525,4.5161087E-6,17.966644,0.008191462,0.3071901,7.811987E-4,0.045110088,0.0025357164,0.460184,0.02750325,0.808122,0.0030438802,0.043712273,0.0067139203,0.29892802,0.14636953,0.16146868,0.013030759,0.3071901,7.811987E-4,"TWOGAUSSIANS_WITH_ELLIPSOIDAL_ON_ECLIPSE1",9,5.3259816,0.3071901,7.811987E-4,0.2526165,0.014200012,0.78312105,0.02862697,0.808122,0.0029674177,0.24478874,0.037597954,0.621854,0.15261525
375316653866487564,5518218138462344960,0.4783115,2197.0055185811866,3.3321069534252388,4.5704786E-5,18.921919,0.017894113,0.2473166,0.012061592,0.091480225,0.015977712,0.22285257,0.01908298,0.75198716,0.007528895,0.09101121,0.012833681,0.24083629,0.024961792,null,null,null,null,"TWOGAUSSIANS",8,4.670813,0.75198716,0.007528895,0.4,0.0,0.2307176,0.025701152,0.2473166,0.012061592,0.4,0.0,0.21273386,0.015502345
375316653866487564,5518220440564951296,0.4728306,2217.1067895327233,4.3554874886282455,9.928171E-6,18.828138,0.5207832,0.28469127,0.0069875275,0.17744413,0.06947982,0.63338286,0.48268163,0.7816932,0.00838929,0.17270626,0.05160468,0.6142993,0.47427496,null,null,null,null,"TWOGAUSSIANS",8,2.9131117,0.28558126,0.006485036,0.4,0.0,0.2072304,0.022222184,0.7816932,0.00838929,0.4,0.0,0.19345829,0.019790797
375316653866487564,5518221059044967680,0.56867635,2220.9799276392237,3.5840663898826977,8.680379E-6,17.019823,0.011290998,0.24981555,0.0031507772,0.07283402,0.0042520775,0.45571783,0.017537322,0.76562893,0.0069934158,0.07072305,0.005677929,0.42969388,0.0483003,null,null,null,null,"TWOGAUSSIANS",8,31.5352,0.24981555,0.0031507772,0.4,4.155162E-4,0.4543256,0.017224822,0.76562893,0.0069934158,0.39604908,0.024698138,0.42830166,0.048439346
375316653866487564,5518225285288423552,0.523329,2180.7975597132986,3.7132252856947416,2.4389969E-5,19.79466,0.042854056,0.25567707,0.0049505546,0.086128294,0.012862227,0.43685484,0.04156901,0.7335659,0.014676871,0.09047138,0.01979808,0.45441267,0.050584905,null,null,null,null,"TWOGAUSSIANS",8,2.007419,0.7335659,0.014676871,0.4,0.0,0.44314113,0.027877633,0.25567707,0.004954643,0.4,0.0,0.42558363,0.029402327
375316653866487564,5518228407731153920,0.49326488,2276.2210093910708,0.024966096242663646,1.8789251E-5,18.523746,0.003712716,0.17103918,0.011175834,0.015077204,0.00697836,0.038709182,0.024349134,0.5059255,0.008304806,0.044742417,0.018487124,0.36933059,0.2738781,null,null,null,null,"TWOGAUSSIANS",8,1.8511368,0.5059255,0.008304806,0.25055754,0.10352789,0.36933059,0.2738781,0.17103918,0.011175834,0.08443234,0.039078817,0.038709182,0.024349136
375316653866487564,5518230095652523648,0.5435892,2187.9229230448273,3.3469263475662916,1.364974E-5,19.484571,0.0099329995,0.27155012,0.0055023306,0.06647551,0.0047418866,0.46970955,0.014265019,0.7757801,0.0061334637,0.06675175,0.0057778223,0.5034597,0.021203093,null,null,null,null,"TWOGAUSSIANS",8,2.3926306,0.7757801,0.0061334637,0.3738098,0.032355804,0.5027055,0.021054745,0.27155012,0.0055023306,0.37226287,0.026554564,0.46895537,0.013997419
375316653866487564,5518230954644138624,0.46475002,2196.03102315889,2.7028214523043914,1.8597953E-5,17.102266,0.02656883,0.2642235,0.013523178,0.09737993,0.019240558,0.213673,0.030849535,0.7578469,0.0047186995,0.09414383,0.011398672,0.24799626,0.024357697,null,null,null,null,"TWOGAUSSIANS",8,23.850536,0.7578469,0.0047186995,0.4,0.0,0.23405614,0.0082451925,0.2642235,0.013523178,0.4,0.0,0.19973244,0.015373277
375316653866487564,5518231401325489024,0.55814797,2183.6342828837023,1.4559156884080557,6.724571E-6,16.879295,0.012662647,0.25924724,0.024314867,0.03909913,0.02011332,0.12641701,0.08743121,0.7656608,0.002004242,0.040529963,0.0026480863,0.82581794,0.08042533,null,null,null,null,"TWOGAUSSIANS",8,84.971596,0.7656608,0.002004242,0.22696778,0.014829284,0.82581794,0.08042533,0.25924724,0.024314867,0.21895513,0.112634584,0.12641701,0.08743123
375316653866487564,5518232496539036544,0.5261758,2206.4006544633066,3.1709250249609404,1.5484695E-5,18.820587,0.06162559,0.25840437,0.0036283354,0.12523353,0.019203747,0.31081516,0.05547263,0.7529258,0.004383911,0.11649264,0.01756529,0.27655414,0.060417823,null,null,null,null,"TWOGAUSSIANS",8,0.9657184,0.25842437,0.00361384,0.4,0.0,0.2449184,0.012709688,0.7529258,0.004383911,0.4,0.0,0.21081898,0.0068853935
375316653866487564,5518232844431204480,0.568626,2200.061058942231,2.8682504922299064,1.7631377E-5,18.390505,0.016188411,0.250453,0.0052850326,0.09898624,0.008966147,0.3050249,0.014898361,0.7597091,0.0057615936,0.099219315,0.007661656,0.3184696,0.020828675,null,null,null,null,"TWOGAUSSIANS",8,2.552791,0.7597091,0.0057615936,0.4,0.0,0.29549685,0.012946949,0.250453,0.0052850326,0.4,0.0,0.28205234,0.009331025
375316653866487564,5518233531629801728,0.54888535,2200.699553804311,1.2714629144619964,1.1963368E-5,15.536009,0.019407561,0.28412265,0.003555952,0.12792154,0.017014612,0.11642008,0.018604347,0.78632075,0.0034536996,0.109069556,0.011760384,0.12888594,0.01868765,null,null,null,null,"TWOGAUSSIANS",8,10.3710575,0.7863407,0.0034761324,0.4,0.0,0.10330057,0.0055721356,0.28412265,0.0035609538,0.4,0.0,0.09072945,0.0038522654
375316653866487564,5518234008367507840,0.51244676,2190.5540555292237,4.070613015185404,2.1781098E-5,19.055624,0.015311389,0.21797542,0.0062528113,0.076995164,0.009058121,0.2857761,0.018389354,0.71966416,0.0076581542,0.09300439,0.014883645,0.24305926,0.024058765,null,null,null,null,"TWOGAUSSIANS",8,2.4457052,0.21797542,0.0062528113,0.4,0.0064445334,0.2790978,0.017557334,0.71966416,0.0076581542,0.4,0.0,0.23638068,0.026237512
375316653866487564,5518234248885683456,0.45259324,2200.449251088945,1.3941801377026466,3.3791188E-5,19.887932,0.010360726,0.15755486,0.028662736,0.045892827,0.022389371,0.20024198,6.7009954,0.7712094,0.00680968,0.03007629,0.006459505,0.56571704,0.20632811,null,null,null,null,"TWOGAUSSIANS",8,2.7178915,0.7712094,0.00680968,0.16842721,0.03617323,0.56571704,0.20632811,0.15755486,0.028662736,0.25699982,0.12538047,0.20024198,6.7009954
375316653866487564,5518237929676118656,0.5209581,2194.9069527180013,0.2807706601360378,9.802115E-6,16.52635,0.0055081975,0.35367388,0.0089110555,0.020359375,0.0040458804,0.29549137,0.07857941,0.8568814,0.0039654407,0.035551902,0.0095305545,0.111272015,0.02973529,0.009472776,0.008477809,0.35367388,0.0089110555,"TWOGAUSSIANS_WITH_ELLIPSOIDAL_ON_ECLIPSE1",9,20.51042,0.35367388,0.0089110555,0.114012495,0.022656929,0.3144369,0.07367148,0.8568814,0.0039654407,0.19909064,0.053371105,0.13020988,0.031079164
375316653866487564,5518238818731163136,0.5366104,2211.0366655313146,1.7059072780991775,2.7783488E-5,13.625129,0.02053686,0.2202093,0.006333551,0.09401648,0.013805386,0.24017854,0.019235974,0.7139015,0.0045805927,0.10412598,0.009100469,0.27305683,0.020563861,null,null,null,null,"TWOGAUSSIANS",8,365.65207,0.7139015,0.0045805927,0.4,0.0,0.2534485,0.011173192,0.2202093,0.0063403347,0.4,0.0,0.2205754,0.017536877
375316653866487564,5518240987692704128,0.58040047,2238.4151870064143,2.955119471770082,6.5094096E-6,16.981653,0.013596696,0.33088723,0.0043716365,0.09118024,0.007507516,0.22634414,0.012814565,0.83022624,0.0019575355,0.08944655,0.0049529197,0.24228139,0.0131804235,null,null,null,null,"TWOGAUSSIANS",8,6.538212,0.83022624,0.0019575355,0.4,0.0,0.23223414,0.008458919,0.33088723,0.0043716365,0.4,0.0,0.21629682,0.009056619
375316653866487564,5518243255435597696,0.67855686,2212.4816091566768,2.4024173048246227,5.0000485E-6,17.307945,0.0064175176,0.24616684,0.0012715432,0.050648056,0.0038906946,0.19443937,0.015331651,0.74776447,0.0024268606,0.050504923,0.0039633196,0.16321832,0.015640574,0.11009413,0.008854256,0.24616684,0.0012715432,"TWOGAUSSIANS_WITH_ELLIPSOIDAL_ON_ECLIPSE1",9,1.8021891,0.24616684,0.0012715432,0.28362912,0.02178789,0.41462547,0.010985576,0.74776447,0.0024268606,0.2828276,0.02219459,0.38338223,0.0069316276
375316653866487564,5518246412233545600,0.49153963,2224.1338255802257,3.4479110161694164,2.2486649E-5,18.741787,0.06383162,0.31823477,0.0112755615,0.10949009,0.027473504,0.2455511,0.06267795,0.8208032,0.0053200037,0.11009437,0.026614523,0.2286721,0.058854233,null,null,null,null,"TWOGAUSSIANS",8,3.3180637,0.31823477,0.011303551,0.4,0.0,0.21104161,0.016341327,0.8208032,0.0053255465,0.4,0.0,0.19416197,0.014601825
375316653866487564,5518248302023389568,0.55872166,2197.261982193414,3.247288969576754,1.6497717E-5,18.6257,0.027659958,0.23981802,0.008817146,0.09291164,0.011922552,0.41524878,0.026138803,0.73763436,0.0036879547,0.09802377,0.00871212,0.4150991,0.024006011,null,null,null,null,"TWOGAUSSIANS",8,4.3469944,0.23981802,0.008817146,0.4,0.0,0.38913125,0.024564825,0.73763436,0.0036879547,0.4,0.0,0.38898015,0.01404377
375316653866487564,5518248890432047232,0.6078638,2205.400463801684,2.000605767970873,1.01577825E-5,17.777405,0.0063422113,0.25461856,0.0028050952,0.03837543,0.00865226,0.041205972,0.015139128,0.75218236,0.0034383747,0.04830133,0.0032820855,0.3103994,0.016888302,0.06651142,0.008647907,0.25461856,0.0028050952,"TWOGAUSSIANS_WITH_ELLIPSOIDAL_ON_ECLIPSE1",9,2.7693758,0.7523624,0.0031672695,0.27048746,0.018379679,0.4433927,0.00893078,0.25461856,0.0028050952,0.21490242,0.048452653,0.17422815,0.0053139348
375316653866487564,5518251570491545984,0.5299742,2211.723039136957,3.2464880648295003,8.248151E-6,15.624674,0.05576767,0.18061274,0.0030029216,0.21683158,0.023789307,0.550622,0.054265127,0.6793548,0.0026117002,0.17565876,0.015836827,0.48713803,0.06268817,null,null,null,null,"TWOGAUSSIANS",8,7.8767147,0.18124275,0.003140254,0.4,0.0,0.10797509,0.0034059722,0.6793548,0.0026117002,0.4,0.0,0.10464206,0.0041573467
375316653866487564,5518252081588658304,0.6003061,2244.236119469859,1.5288905904495467,6.5839436E-6,18.464787,0.004184311,0.21171494,0.001647916,0.036917355,0.0019624934,0.97843856,0.04249185,0.7151593,0.006770006,0.039042942,0.00608873,0.14744222,0.013983327,null,null,null,null,"TWOGAUSSIANS",8,4.350276,0.21171494,0.001647916,0.20673719,0.010989964,0.97843856,0.04249185,0.7151593,0.006770006,0.21864048,0.034096885,0.14744222,0.013983327
375316653866487564,5518255109545619712,0.4627676,2209.814297872317,0.6586510427030086,3.7216756E-5,14.711838,0.0017633174,0.6707095,0.0072984556,0.026258277,0.010215546,0.05177997,0.004138545,null,null,null,null,null,null,0.011395221,0.0022713842,0.6707095,0.0072984556,"ONEGAUSSIAN_WITH_ELLIPSOIDAL",6,27.544226,0.6707095,0.0072984556,0.14704634,0.05720706,0.07457037,0.0057457048,null,null,null,null,null,null
375316653866487564,5518255143904309504,0.57275814,2214.4421504045567,3.197004846477104,1.0768468E-5,18.126198,0.011886008,0.25554767,0.0026876014,0.084443815,0.005302936,0.256663,0.010525045,0.7459655,0.008267066,0.087151386,0.014739497,0.2635672,0.012415142,null,null,null,null,"TWOGAUSSIANS",8,3.9618607,0.7459655,0.008267066,0.4,0.0,0.2572402,0.01128436,0.25554767,0.0026876014,0.4,0.0,0.250336,0.0062338165
375316653866487564,5518258541220355200,0.48661405,2244.8726591591844,3.652666243885748,2.4761806E-5,17.596985,0.0030747955,null,null,null,null,null,null,null,null,null,null,null,null,0.063085414,0.0053423923,0.2654814,0.0066994075,"ELLIPSOIDAL",4,10.916727,null,null,null,null,null,null,null,null,null,null,null,null
375316653866487564,5518259949969300992,0.49481153,2212.207390338456,3.5850459751910884,2.1215907E-5,17.144753,0.0044904873,null,null,null,null,null,null,null,null,null,null,null,null,0.10220441,0.005671605,0.2118785,0.005267023,"ELLIPSOIDAL",4,35.366768,null,null,null,null,null,null,null,null,null,null,null,null
375316653866487564,5518261053779339136,0.56855106,2206.9310754074577,1.0394153784908213,5.7961706E-6,18.766039,0.0072135674,0.1232331,0.004851943,0.017597334,0.00323544,0.33901587,0.12377163,0.62852454,8.350493E-4,0.015015332,6.857835E-4,0.65256613,0.01949967,null,null,null,null,"TWOGAUSSIANS",8,6.5578704,0.62852454,8.350493E-4,0.08408586,0.0038403878,0.65256613,0.01949967,0.1232331,0.004851943,0.09854507,0.018118463,0.33901587,0.12377163
375316653866487564,5518262084569149312,0.58568823,2207.1026553122106,1.3176917515235238,3.439454E-6,17.95104,0.005233598,0.28502634,0.0053260094,0.049639914,0.018487671,0.49174798,0.3372825,0.77898586,0.0010245292,0.048860822,0.0014691995,0.5044637,0.015017144,null,null,null,null,"TWOGAUSSIANS",8,5.7523146,0.77898586,0.0010245292,0.2736206,0.008227518,0.5044618,0.015017289,0.28502634,0.0053260094,0.27798352,0.103530966,0.49174613,0.33733332
