Gaia/vari_eclipsing_binary/VariEclipsingBinary_618228-618632.csv
# %ECSV 1.0
# ---
# delimiter: ','
# meta: !!omap
# - RELEASE: Gaia DR3
# - TABLE: vari_eclipsing_binary
# - DESCRIPTION: >
#     This table describes the properties of the eclipsing binaries resulting from the variability analysis. 
# - CITATION: >
#     How to cite and acknowledge Gaia: 
#     https://gea.esac.esa.int/archive/documentation/credits.html 
# - KNOWN_ISSUES: >
#     Known issues: 
#     https://www.cosmos.esa.int/web/gaia-users/known-issues 
# - DOCUMENTATION: >
#     Tutorials and documentation: 
#     https://www.cosmos.esa.int/web/gaia-users/archive 
# datatype:
# - 
#   name: solution_id
#   datatype: int64
#   description: Solution Identifier
#   meta:
#     ucd: meta.version
# - 
#   name: source_id
#   datatype: int64
#   description: Unique source identifier
#   meta:
#     ucd: meta.id;meta.main
# - 
#   name: global_ranking
#   datatype: float32
#   description: Number between 0 (worst) and 1 (best)
#   meta:
#     ucd: stat.param
# - 
#   name: reference_time
#   datatype: float64
#   unit: d
#   description: Reference time used for the geometric model fit
#   meta:
#     ucd: time.epoch
# - 
#   name: frequency
#   datatype: float64
#   unit: d**-1
#   description: Frequency of geometric model of the eclipsing binary light curve
#   meta:
#     ucd: src.orbital
# - 
#   name: frequency_error
#   datatype: float32
#   unit: d**-1
#   description: "Uncertainty of \\texttt{frequency}"
#   meta:
#     ucd: stat.error
# - 
#   name: geom_model_reference_level
#   datatype: float32
#   unit: mag
#   description: Magnitude reference level of geometric model
#   meta:
#     ucd: phot.mag;em.opt
# - 
#   name: geom_model_reference_level_error
#   datatype: float32
#   unit: mag
#   description: "Uncertainty of \\texttt{geomModelReferenceLevel}"
#   meta:
#     ucd: stat.error;phot.mag;em.opt
# - 
#   name: geom_model_gaussian1_phase
#   datatype: float32
#   description: Phase of the Gaussian 1 component
#   meta:
#     ucd: time.phase
# - 
#   name: geom_model_gaussian1_phase_error
#   datatype: float32
#   description: "Uncertainty of \\texttt{geomModelGaussian1Phase}"
#   meta:
#     ucd: stat.error;time.phase
# - 
#   name: geom_model_gaussian1_sigma
#   datatype: float32
#   description: "Standard deviation [phase] of Gaussian 1 component"
#   meta:
#     ucd: stat.stdev
# - 
#   name: geom_model_gaussian1_sigma_error
#   datatype: float32
#   description: "Uncertainty of \\texttt{geomModelGaussian1Sigma}"
#   meta:
#     ucd: stat.error
# - 
#   name: geom_model_gaussian1_depth
#   datatype: float32
#   unit: mag
#   description: Magnitude depth of Gaussian 1 component
#   meta:
#     ucd: src.var.amplitude
# - 
#   name: geom_model_gaussian1_depth_error
#   datatype: float32
#   unit: mag
#   description: "Uncertainty of \\texttt{geomModelGaussian1Depth}"
#   meta:
#     ucd: stat.error;src.var.amplitude
# - 
#   name: geom_model_gaussian2_phase
#   datatype: float32
#   description: Phase of Gaussian 2 component
#   meta:
#     ucd: time.phase
# - 
#   name: geom_model_gaussian2_phase_error
#   datatype: float32
#   description: "Uncertainty of \\texttt{geomModelGaussian2Phase}"
#   meta:
#     ucd: stat.error;time.phase
# - 
#   name: geom_model_gaussian2_sigma
#   datatype: float32
[...]
#   datatype: float32
#   description: "Secondary eclipse: uncertainty of \\texttt{derivedSecondaryEclDuration}"
#   meta:
#     ucd: stat.error;time.duration
# - 
#   name: derived_secondary_ecl_depth
#   datatype: float32
#   unit: mag
#   description: "Secondary eclipse: depth"
#   meta:
#     ucd: src.var.amplitude
# - 
#   name: derived_secondary_ecl_depth_error
#   datatype: float32
#   unit: mag
#   description: "Secondary eclipse: uncertainty of \\texttt{derivedSecondaryEclDepth}"
#   meta:
#     ucd: stat.error;src.var.amplitude
solution_id,source_id,global_ranking,reference_time,frequency,frequency_error,geom_model_reference_level,geom_model_reference_level_error,geom_model_gaussian1_phase,geom_model_gaussian1_phase_error,geom_model_gaussian1_sigma,geom_model_gaussian1_sigma_error,geom_model_gaussian1_depth,geom_model_gaussian1_depth_error,geom_model_gaussian2_phase,geom_model_gaussian2_phase_error,geom_model_gaussian2_sigma,geom_model_gaussian2_sigma_error,geom_model_gaussian2_depth,geom_model_gaussian2_depth_error,geom_model_cosine_half_period_amplitude,geom_model_cosine_half_period_amplitude_error,geom_model_cosine_half_period_phase,geom_model_cosine_half_period_phase_error,model_type,num_model_parameters,reduced_chi2,derived_primary_ecl_phase,derived_primary_ecl_phase_error,derived_primary_ecl_duration,derived_primary_ecl_duration_error,derived_primary_ecl_depth,derived_primary_ecl_depth_error,derived_secondary_ecl_phase,derived_secondary_ecl_phase_error,derived_secondary_ecl_duration,derived_secondary_ecl_duration_error,derived_secondary_ecl_depth,derived_secondary_ecl_depth_error
[from data line 420]
375316653866487564,5440698819198012800,0.5208165,2323.89600935342,0.2701622684614702,2.971201E-6,17.577671,0.0024937072,0.080784045,2.2208499E-4,0.0062253173,3.2812965E-4,0.44265246,0.013205513,0.58105385,3.401265E-6,0.004733226,3.367209E-5,0.51453996,0.0013324537,null,null,null,null,"TWOGAUSSIANS",8,11.568481,0.58105385,3.401265E-6,0.026506064,1.8856372E-4,0.51453996,0.0013324537,0.080784045,2.2208499E-4,0.034861777,0.0018375261,0.44265246,0.013205513
375316653866487564,5440703874375712384,0.5840431,2268.491799471861,0.2709125525634323,2.25764E-5,14.128029,3.766002E-4,0.16376041,0.0027166945,0.011175723,0.0018850464,0.15089492,0.007075262,0.6685258,0.0022250926,0.01015742,0.0012461002,0.20097195,0.08335199,null,null,null,null,"TWOGAUSSIANS",8,11.654977,0.6685258,0.0022250926,0.056881554,0.0069781607,0.20097195,0.08335199,0.16376041,0.0027166945,0.06258405,0.010556259,0.15089492,0.007075262
375316653866487564,5440706069101633280,0.47944334,2271.6834449149583,0.05389163898834024,1.0232705E-5,17.570156,7.826778E-4,0.11943417,0.019968703,0.017255306,0.022264883,0.018228503,5.183261E21,0.54643446,5.573981E-4,0.0030267774,0.0010980024,0.1256436,0.015999485,null,null,null,null,"TWOGAUSSIANS",8,1.6873296,0.54643446,5.573981E-4,0.016949954,0.0061488133,0.1256436,0.015999485,0.11943417,0.019968703,0.09662972,0.12468334,0.018228503,5.183261E21
375316653866487564,5440712842269842176,0.44097337,2288.353651754509,2.491256796571419,2.838861E-5,14.149341,0.034347907,0.27928236,0.009330941,0.06952334,0.01355448,0.43778425,0.0675996,0.7852488,0.010451974,0.08441366,0.012944981,0.37546766,0.051492408,null,null,null,null,"TWOGAUSSIANS",8,756.69006,0.27928236,0.009330941,0.38933071,0.05379828,0.43417728,0.06811161,0.7852488,0.010451974,0.4,0.0,0.37186068,0.050162405
375316653866487564,5440719263241404672,0.57264394,2259.301216698717,3.70645658641821,4.395891E-6,18.216974,0.028637165,0.23173845,0.0020593228,0.057238247,0.0076828087,0.40042907,0.050742853,0.7301766,0.001973502,0.05525879,0.0062192087,0.29142955,0.061523072,0.08543687,0.03396756,0.23173845,0.0020593228,"TWOGAUSSIANS_WITH_ELLIPSOIDAL_ON_ECLIPSE1",9,9.10509,0.23173845,0.0020593228,0.3205342,0.043023728,0.571264,0.027511606,0.73036665,0.0017122942,0.30944923,0.034827568,0.46225008,0.011889622
375316653866487564,5440721737142914944,0.5199453,2313.054194013563,0.4248825587439223,9.884141E-6,19.682598,0.0035688796,0.23697966,0.0031069673,0.013813038,0.0019459781,0.5492956,0.0969405,0.73983926,0.0010656773,0.015189742,0.0014645676,0.45063496,0.0300214,null,null,null,null,"TWOGAUSSIANS",8,1.6796466,0.23697966,0.0031069673,0.077353016,0.010897478,0.5492956,0.0969405,0.73983926,0.0010656773,0.085062556,0.008201579,0.45063496,0.0300214
375316653866487564,5440730915489710336,0.42523232,2310.795033293526,0.43739178087823166,1.8404577E-5,16.455187,0.0022871057,0.24900356,0.021362323,0.042182557,0.014232866,0.01742757,0.007839552,0.7112645,0.0028870145,0.026307726,0.004359414,0.10430579,0.02646424,0.0045632897,0.005701858,0.24900356,0.021362323,"TWOGAUSSIANS_WITH_ELLIPSOIDAL_ON_ECLIPSE1",9,30.390953,0.7114345,0.0028738566,0.14732327,0.024412718,0.11293102,0.028747838,0.24900356,0.021362323,0.23622231,0.079704046,0.026554149,0.0058249063
375316653866487564,5440733904786950784,0.6638866,2314.385868006278,2.8469917989471263,1.1460709E-6,13.956134,0.0031002094,0.26527876,5.309951E-4,0.052876692,0.0012888926,0.25790963,0.007360061,0.76364666,0.0010481636,0.05501147,0.001471042,0.2673543,0.0071744956,0.10237669,0.0043296134,0.26527876,5.309951E-4,"TWOGAUSSIANS_WITH_ELLIPSOIDAL_ON_ECLIPSE1",9,50.793427,0.76389664,8.66315E-4,0.30806422,0.008237836,0.4720776,0.0034951214,0.26527876,5.309951E-4,0.29610947,0.007217799,0.46265107,0.0048774793
375316653866487564,5440740192619224192,0.67164433,2291.513993841995,2.304065161337952,1.0943161E-6,15.519254,0.0062017976,0.2320311,5.435497E-4,0.06581721,0.0034088732,0.13212153,0.012520814,0.73468775,0.0011444289,0.06170563,0.0028025578,0.17912683,0.012126523,0.102569364,0.006871172,0.2320311,5.435497E-4,"TWOGAUSSIANS_WITH_ELLIPSOIDAL_ON_ECLIPSE1",9,9.757822,0.73468775,0.0011444289,0.34555152,0.015694324,0.38406977,0.004024776,0.2320311,5.435497E-4,0.36857635,0.01908969,0.3371216,0.0024901133
375316653866487564,5440743452495360640,0.5048897,2332.3936108576013,3.8212123247891148,7.3509586E-6,19.216316,0.008620785,0.20793429,0.0031104547,0.085160896,0.0043636896,0.35189304,0.0140394075,0.6852799,0.0030303265,0.08557828,0.004906323,0.28580576,0.010413038,null,null,null,null,"TWOGAUSSIANS",8,3.1191463,0.20793429,0.0031104547,0.4,0.0,0.34604403,0.013941998,0.6852799,0.0030303265,0.4,0.0,0.27995673,0.009777618
375316653866487564,5440756135537866496,0.47093022,2325.886177985357,3.016223628244662,1.997543E-5,17.030148,0.007962669,0.2538227,0.004691162,0.0880332,0.008063454,0.19717453,0.012339329,0.7549632,0.0036948528,0.0783707,0.0052194684,0.19648245,0.0085825045,null,null,null,null,"TWOGAUSSIANS",8,38.62521,0.2538227,0.004691162,0.4,0.0,0.1929584,0.012625802,0.7549632,0.0036948528,0.4,0.0,0.19226636,0.007461415
375316653866487564,5440759227914146816,0.5879257,2309.418995902325,4.4023537037400615,2.7599344E-6,17.1353,0.0035381694,0.26214582,9.03836E-4,0.051422335,0.0012643728,0.60822254,0.013561481,0.7593038,0.010205872,0.032711208,0.009481333,0.06071877,0.011172681,0.090547174,0.005863312,0.26214582,9.03836E-4,"TWOGAUSSIANS_WITH_ELLIPSOIDAL_ON_ECLIPSE1",9,23.947615,0.26214582,9.03836E-4,0.28796506,0.007080488,0.7893123,0.012335133,0.7598738,0.009255531,0.18318276,0.053095467,0.24176244,0.011411372
375316653866487564,5440765820685468672,0.50693244,2275.967126321047,4.173021873411201,7.2846324E-6,19.82558,0.0099369865,0.14139956,0.0028442198,0.07157057,0.0035042027,0.4211828,0.018690336,0.6348503,0.0029640186,0.077625416,0.005097049,0.47094563,0.024887335,null,null,null,null,"TWOGAUSSIANS",8,2.2370565,0.6348503,0.0029640186,0.4,0.0,0.46814504,0.025582504,0.14139956,0.0028442198,0.4,0.010084984,0.41838223,0.018501094
375316653866487564,5440772147177734656,0.4414624,2264.281591584272,1.415971434671281,7.239965E-5,17.914337,0.004958219,0.10127786,0.01406043,0.022753518,0.011814129,0.0992754,0.022885794,0.61699116,0.011727266,0.012885047,0.005683772,0.6882679,1.0952696,null,null,null,null,"TWOGAUSSIANS",8,30.083933,0.61699116,0.011727266,0.072156265,0.031829122,0.6882679,1.0952696,0.10127786,0.01406043,0.12741971,0.06615912,0.0992754,0.022885794
375316653866487564,5440775239552550144,0.5744304,2320.901269362118,1.6217336115103822,4.3402347E-6,17.07341,0.00679265,0.2504193,0.0047727246,0.030186119,0.006776729,0.084549546,0.01633096,0.75055236,0.0016097832,0.038498674,0.0018337738,0.9464631,0.04953398,0.03074595,0.009716163,0.2504193,0.0047727246,"TWOGAUSSIANS_WITH_ELLIPSOIDAL_ON_ECLIPSE1",9,43.072018,0.75055236,0.0015926075,0.21559256,0.010269133,1.007955,0.05180191,0.2504193,0.0047727246,0.16904226,0.03794968,0.14604142,0.008022152
375316653866487564,5440780530952292352,0.46105674,2284.9808040134417,0.5794806412079718,1.2660431E-5,16.79411,0.0033273648,0.27226904,0.015698766,0.0965979,0.022168564,0.035439085,0.0054167546,0.75087506,0.0029419942,0.022952907,0.0024975212,0.21025746,0.03610151,null,null,null,null,"TWOGAUSSIANS",8,25.768476,0.75087506,0.0029419942,0.12853628,0.013986119,0.21025184,0.036102913,0.27226904,0.015698766,0.4,0.0,0.035433292,0.0054207225
375316653866487564,5440781523087030272,0.4964,2262.8573493792633,3.754621368571304,1.2639246E-5,17.708216,0.0023655957,null,null,null,null,null,null,null,null,null,null,null,null,0.09420723,0.0032565629,0.26161233,0.0029918505,"ELLIPSOIDAL",4,13.588557,null,null,null,null,null,null,null,null,null,null,null,null
375316653866487564,5440792110183952512,0.5829242,2260.9843819091748,1.7664243598552098,3.6259744E-6,16.900768,0.0056927237,0.25745606,6.7196327E-4,0.037316617,9.808028E-4,0.6220383,0.017181845,0.7498688,0.003898334,0.039897706,0.005212955,0.11463011,0.014780814,0.026045738,0.008919503,0.25745606,6.7196327E-4,"TWOGAUSSIANS_WITH_ELLIPSOIDAL_ON_ECLIPSE1",9,31.828894,0.25745606,6.7196327E-4,0.20897307,0.005492496,0.6741298,0.015261355,0.75027883,0.003693092,0.22342715,0.02919255,0.16660966,0.011140329
375316653866487564,5440793931246397312,0.49342677,2310.293427950001,2.6375205975743725,5.058942E-6,18.534983,0.010781991,0.22402796,0.00919437,0.041886132,0.01589338,0.05208566,0.0331448,0.72714216,0.0024840792,0.03754973,0.00304295,0.5134844,0.035197936,0.028169392,0.016494062,0.22402796,0.00919437,"TWOGAUSSIANS_WITH_ELLIPSOIDAL_ON_ECLIPSE1",9,12.88915,0.72714216,0.0024833085,0.2102785,0.01704052,0.5698016,0.032700296,0.22402796,0.00919437,0.23456234,0.08900292,0.10842443,0.0222199
375316653866487564,5440797878322624768,0.5391406,2242.946358062309,3.4936720735560716,4.358468E-6,17.468285,0.0039520324,0.24945049,0.0023735457,0.06838667,0.0030783366,0.15911119,0.005087621,0.7334307,0.0017520319,0.079249755,0.0025004214,0.19099633,0.0058082524,null,null,null,null,"TWOGAUSSIANS",8,5.2617083,0.7334307,0.0017520319,0.4,0.0,0.19021763,0.0057191784,0.24945049,0.0023735457,0.38296533,0.017238684,0.15833248,0.0049677216
375316653866487564,5440804136092420864,0.5065151,2184.406723499659,1.9668259224864104,1.3119996E-5,16.677553,0.0024012872,0.15196617,0.0057985,0.07218607,0.008587838,0.04459409,0.0028815512,0.6538521,0.003169968,0.07322576,0.006298389,0.09816289,0.0049439017,null,null,null,null,"TWOGAUSSIANS",8,4.264438,0.6538521,0.003169968,0.4,0.0,0.09782164,0.005085573,0.15196617,0.0057985,0.4,0.019018678,0.04425284,0.0027631726
375316653866487564,5440806846214284032,0.55246735,2215.980740513968,2.4329313932662986,4.8509014E-6,18.431467,0.0074668387,0.30881742,0.0015624461,0.044483352,0.0018744948,0.5413666,0.025086632,0.8119965,0.0038573067,0.04161397,0.0052351383,0.19195251,0.019816373,0.06944704,0.012096188,0.30881742,0.0015624461,"TWOGAUSSIANS_WITH_ELLIPSOIDAL_ON_ECLIPSE1",9,7.196862,0.30881742,0.0015624461,0.24910676,0.0104971705,0.68026024,0.018805407,0.8119965,0.0038573067,0.23303825,0.029316774,0.33079076,0.012992645
375316653866487564,5440836296807600896,0.5601088,2143.1121823265003,0.38849312331178903,6.3008893E-6,13.717761,0.0019805913,0.17441867,0.00544397,0.013708658,0.007162993,0.032917697,0.0089222025,0.6674998,0.001083416,0.025063457,0.0023146789,0.5203221,0.11830229,0.016978653,0.0031541896,0.6674998,0.001083416,"TWOGAUSSIANS_WITH_ELLIPSOIDAL_ON_ECLIPSE2",9,80.88658,0.6674998,0.001083416,0.14035536,0.012962203,0.5542794,0.120463446,0.17431867,0.005473436,0.07676848,0.04011276,0.06681182,0.009619866
375316653866487564,5440851483811714688,0.5856929,2175.162134795055,0.788270444862301,3.107225E-6,15.681157,0.002196982,0.17585517,0.0037779652,0.034078356,0.0023109864,0.057896618,0.005571066,0.6749661,6.914261E-4,0.042591758,8.037241E-4,0.3980237,0.004198812,null,null,null,null,"TWOGAUSSIANS",8,31.705254,0.6749661,6.914261E-4,0.23851384,0.0045008548,0.3980237,0.004198812,0.17585517,0.0037779652,0.1908388,0.012941523,0.057896618,0.005571066
375316653866487564,5440855847498319360,0.61491114,2159.815779698263,3.212798097610717,5.0159047E-6,16.716825,0.005869433,0.23993066,0.0024745413,0.048296396,0.0037818546,0.24725316,0.013585452,0.744257,0.0012536579,0.048156567,0.0031378358,0.22118607,0.016159879,0.10244777,0.0076013147,0.744257,0.0012536579,"TWOGAUSSIANS_WITH_ELLIPSOIDAL_ON_ECLIPSE2",9,11.379217,0.24050066,0.0021008973,0.27045983,0.021178387,0.45201635,0.008783217,0.744257,0.0012536579,0.26967677,0.01757188,0.4260806,0.0117139835
375316653866487564,5440859627069499136,0.5032791,2242.101078355631,2.830868699178319,1.0999313E-5,13.42158,0.21188927,0.16517974,0.0042711333,0.13631086,0.052359276,0.19991918,0.20100264,0.6685122,0.0024116833,0.13910227,0.048427112,0.19828512,0.19954935,null,null,null,null,"TWOGAUSSIANS",8,214.20085,0.16505975,0.0041920706,0.4,0.0,0.12558927,0.0062639033,0.6686222,0.0023446,0.4,0.0,0.123813234,0.0044303634
375316653866487564,5440871408162220032,0.52208316,2148.6693854017035,2.968909647852774,8.361107E-6,18.72491,0.010628065,0.29739785,0.0029710191,0.09356301,0.0054461723,0.26230943,0.010862556,0.7996637,0.0041699638,0.09460207,0.005553018,0.2622028,0.012587258,null,null,null,null,"TWOGAUSSIANS",8,2.5489964,0.29739785,0.0029710191,0.4,0.0,0.2474313,0.0076507204,0.7996637,0.0041699638,0.4,0.0,0.24732454,0.010692952
375316653866487564,5440878765444027520,0.52973014,2145.542442492121,0.06432583995758372,3.0971794E-6,14.7867365,0.002383139,0.06517237,2.3998E-4,0.0019942883,2.3465103E-4,0.40405783,0.03832639,0.7252648,0.012927101,0.043844704,0.0104359975,0.03889487,0.012085598,0.0031957903,0.0035857537,0.06517237,2.3998E-4,"TWOGAUSSIANS_WITH_ELLIPSOIDAL_ON_ECLIPSE1",9,149.95657,0.06517237,2.3998E-4,0.011168014,0.0013140459,0.41044942,0.03895571,0.7252648,0.012927101,0.24553035,0.058441587,0.040726595,0.013321024
375316653866487564,5440886805622836352,0.5888885,2143.654468565012,2.521054887793132,7.076305E-6,16.088171,0.008284457,0.28951594,0.0014442463,0.049927056,0.005137026,0.19697231,0.018295035,0.79276145,0.0042796717,0.04657187,0.005232649,0.15294671,0.018518854,0.10951538,0.009947423,0.28951594,0.0014442463,"TWOGAUSSIANS_WITH_ELLIPSOIDAL_ON_ECLIPSE1",9,37.22911,0.28951594,0.0014442463,0.2795915,0.028767344,0.4160023,0.0123216985,0.79276145,0.0042796717,0.26080248,0.029302834,0.37188563,0.006127855
375316653866487564,5440899346928964224,0.67155087,2150.793768339792,1.2713853833628126,1.2134863E-6,15.956954,0.0029889443,0.2276491,2.06091E-4,0.04963869,7.6065084E-4,0.49646065,0.008099931,0.7319569,0.009370424,0.0482575,0.0068591703,0.044697866,0.007435569,0.046343975,0.004062229,0.2276491,2.06091E-4,"TWOGAUSSIANS_WITH_ELLIPSOIDAL_ON_ECLIPSE1",9,8.632591,0.2276491,2.06091E-4,0.27797666,0.0042596445,0.58914685,0.0075833187,0.7319569,0.009094817,0.270242,0.038411353,0.13731621,0.005639508
375316653866487564,5440903263937354368,0.59237677,2143.9577077708286,2.7736935300624546,6.5811705E-6,16.649553,0.009075124,0.25129163,0.0017866641,0.047239278,0.009008539,0.11303538,0.016836362,0.7424334,0.0050518983,0.05230992,0.007248976,0.118696675,0.019043913,0.10808752,0.010934535,0.25129163,0.0017866641,"TWOGAUSSIANS_WITH_ELLIPSOIDAL_ON_ECLIPSE1",9,14.496516,0.7449334,0.0032750096,0.29293555,0.040594265,0.33439,0.006532041,0.25129163,0.0017866641,0.26453996,0.050447818,0.32920903,0.009758597
375316653866487564,5440906729972161536,0.49462146,2137.0323617715208,4.292658495943904,1.3338423E-5,18.573048,0.6646638,0.27422434,0.01696484,0.13973969,0.063869245,0.29266724,0.5699361,0.7479632,0.013908571,0.14496213,0.10613972,0.24523422,0.63340044,null,null,null,null,"TWOGAUSSIANS",8,2.754845,0.27549434,0.009550084,0.4,0.0,0.19752863,0.009990495,0.7479632,0.013908571,0.4,0.0,0.14974917,0.010720259
375316653866487564,5440915732224309504,0.61334574,2210.729988570476,1.5867373174453965,1.0625943E-6,16.144857,6.7269127E-4,0.29891223,2.7936945E-8,0.0042340076,3.3401802E-6,3.5972512,0.0063238954,null,null,null,null,null,null,null,null,null,null,"ONEGAUSSIAN",5,5.599578,0.29891223,2.7936945E-8,0.023710443,1.870501E-5,3.5972512,0.0,null,null,null,null,null,null
375316653866487564,5440918171765770624,0.49052337,2150.0401444648633,4.651903885358417,1.6153612E-5,19.932482,0.0071297735,0.25260067,0.004862332,0.07161158,0.0059408187,0.34084564,0.013903968,0.7697416,0.0062668654,0.05891756,0.005833882,0.30920097,0.017743567,null,null,null,null,"TWOGAUSSIANS",8,1.5534014,0.25260067,0.004862332,0.4,0.027141513,0.34059218,0.01386186,0.7697416,0.0062668654,0.32993832,0.032669738,0.3089475,0.017716523
