Gaia/vari_eclipsing_binary/VariEclipsingBinary_234232-234281.csv
# %ECSV 1.0
# ---
# delimiter: ','
# meta: !!omap
# - RELEASE: Gaia DR3
# - TABLE: vari_eclipsing_binary
# - DESCRIPTION: >
#     This table describes the properties of the eclipsing binaries resulting from the variability analysis. 
# - CITATION: >
#     How to cite and acknowledge Gaia: 
#     https://gea.esac.esa.int/archive/documentation/credits.html 
# - KNOWN_ISSUES: >
#     Known issues: 
#     https://www.cosmos.esa.int/web/gaia-users/known-issues 
# - DOCUMENTATION: >
#     Tutorials and documentation: 
#     https://www.cosmos.esa.int/web/gaia-users/archive 
# datatype:
# - 
#   name: solution_id
#   datatype: int64
#   description: Solution Identifier
#   meta:
#     ucd: meta.version
# - 
#   name: source_id
#   datatype: int64
#   description: Unique source identifier
#   meta:
#     ucd: meta.id;meta.main
# - 
#   name: global_ranking
#   datatype: float32
#   description: Number between 0 (worst) and 1 (best)
#   meta:
#     ucd: stat.param
# - 
#   name: reference_time
#   datatype: float64
#   unit: d
#   description: Reference time used for the geometric model fit
#   meta:
#     ucd: time.epoch
# - 
#   name: frequency
#   datatype: float64
#   unit: d**-1
#   description: Frequency of geometric model of the eclipsing binary light curve
#   meta:
#     ucd: src.orbital
# - 
#   name: frequency_error
#   datatype: float32
#   unit: d**-1
#   description: "Uncertainty of \\texttt{frequency}"
#   meta:
#     ucd: stat.error
# - 
#   name: geom_model_reference_level
#   datatype: float32
#   unit: mag
#   description: Magnitude reference level of geometric model
#   meta:
#     ucd: phot.mag;em.opt
# - 
#   name: geom_model_reference_level_error
#   datatype: float32
#   unit: mag
#   description: "Uncertainty of \\texttt{geomModelReferenceLevel}"
#   meta:
#     ucd: stat.error;phot.mag;em.opt
# - 
#   name: geom_model_gaussian1_phase
#   datatype: float32
#   description: Phase of the Gaussian 1 component
#   meta:
#     ucd: time.phase
# - 
#   name: geom_model_gaussian1_phase_error
#   datatype: float32
#   description: "Uncertainty of \\texttt{geomModelGaussian1Phase}"
#   meta:
#     ucd: stat.error;time.phase
# - 
#   name: geom_model_gaussian1_sigma
#   datatype: float32
#   description: "Standard deviation [phase] of Gaussian 1 component"
#   meta:
#     ucd: stat.stdev
# - 
#   name: geom_model_gaussian1_sigma_error
#   datatype: float32
#   description: "Uncertainty of \\texttt{geomModelGaussian1Sigma}"
#   meta:
#     ucd: stat.error
# - 
#   name: geom_model_gaussian1_depth
#   datatype: float32
#   unit: mag
#   description: Magnitude depth of Gaussian 1 component
#   meta:
#     ucd: src.var.amplitude
# - 
#   name: geom_model_gaussian1_depth_error
#   datatype: float32
#   unit: mag
#   description: "Uncertainty of \\texttt{geomModelGaussian1Depth}"
#   meta:
#     ucd: stat.error;src.var.amplitude
# - 
#   name: geom_model_gaussian2_phase
#   datatype: float32
#   description: Phase of Gaussian 2 component
#   meta:
#     ucd: time.phase
# - 
#   name: geom_model_gaussian2_phase_error
#   datatype: float32
#   description: "Uncertainty of \\texttt{geomModelGaussian2Phase}"
#   meta:
#     ucd: stat.error;time.phase
# - 
#   name: geom_model_gaussian2_sigma
#   datatype: float32
[...]
#   datatype: float32
#   description: "Secondary eclipse: uncertainty of \\texttt{derivedSecondaryEclDuration}"
#   meta:
#     ucd: stat.error;time.duration
# - 
#   name: derived_secondary_ecl_depth
#   datatype: float32
#   unit: mag
#   description: "Secondary eclipse: depth"
#   meta:
#     ucd: src.var.amplitude
# - 
#   name: derived_secondary_ecl_depth_error
#   datatype: float32
#   unit: mag
#   description: "Secondary eclipse: uncertainty of \\texttt{derivedSecondaryEclDepth}"
#   meta:
#     ucd: stat.error;src.var.amplitude
solution_id,source_id,global_ranking,reference_time,frequency,frequency_error,geom_model_reference_level,geom_model_reference_level_error,geom_model_gaussian1_phase,geom_model_gaussian1_phase_error,geom_model_gaussian1_sigma,geom_model_gaussian1_sigma_error,geom_model_gaussian1_depth,geom_model_gaussian1_depth_error,geom_model_gaussian2_phase,geom_model_gaussian2_phase_error,geom_model_gaussian2_sigma,geom_model_gaussian2_sigma_error,geom_model_gaussian2_depth,geom_model_gaussian2_depth_error,geom_model_cosine_half_period_amplitude,geom_model_cosine_half_period_amplitude_error,geom_model_cosine_half_period_phase,geom_model_cosine_half_period_phase_error,model_type,num_model_parameters,reduced_chi2,derived_primary_ecl_phase,derived_primary_ecl_phase_error,derived_primary_ecl_duration,derived_primary_ecl_duration_error,derived_primary_ecl_depth,derived_primary_ecl_depth_error,derived_secondary_ecl_phase,derived_secondary_ecl_phase_error,derived_secondary_ecl_duration,derived_secondary_ecl_duration_error,derived_secondary_ecl_depth,derived_secondary_ecl_depth_error
[from data line 577]
375316653866487564,2060628311080993792,0.6153643,2233.317393874591,1.2313098064656038,3.7580091E-6,18.391386,0.004255929,0.22032152,0.0010432272,0.032230712,6.9460063E-4,1.1672016,0.03313301,0.72624564,0.0030305597,0.04406981,0.003708508,0.19235915,0.011077253,null,null,null,null,"TWOGAUSSIANS",8,5.1398096,0.22032152,0.0010432272,0.180492,0.0038897635,1.1672016,0.03313301,0.72624564,0.0030305597,0.24679095,0.020767646,0.19235915,0.011077254
375316653866487564,2060628414165901952,0.5431237,2252.999343111754,0.48179966033530974,5.3999265E-6,18.795279,0.007150206,0.15717274,5.575792E-4,0.008410504,0.0019881115,1.9816277,1.2090073,0.49517253,6.402991E-4,0.013213805,5.5493927E-4,0.6963025,0.038543794,null,null,null,null,"TWOGAUSSIANS",8,8.220525,0.15717274,5.575792E-4,0.047098827,0.011133424,1.9816277,1.2090073,0.49517253,6.402991E-4,0.073997304,0.0031076598,0.6963025,0.038543794
375316653866487564,2060629449266337024,0.57916135,2226.511733237693,0.834628932412499,7.171813E-6,17.388315,0.0029560223,0.13053255,3.2689408E-4,0.021717574,5.082002E-4,0.50775903,0.014277273,0.63053787,0.016299283,0.023310916,0.025741268,0.44098005,0.33911553,null,null,null,null,"TWOGAUSSIANS",8,6.651892,0.13053255,3.2689408E-4,0.12161842,0.002845921,0.50775903,0.014277273,0.63053787,0.016299283,0.13054113,0.1441511,0.44098005,0.33911553
375316653866487564,2060629758504411008,0.5047968,2206.53272196302,0.9475221948589426,2.2745646E-5,16.41075,0.003092162,0.24970259,0.011189657,0.038562965,0.01929598,0.021798598,0.007199328,0.7615898,0.007053761,0.019751951,0.013730539,0.035036772,0.023522303,0.01472017,0.003988241,0.24970259,0.011189657,"TWOGAUSSIANS_WITH_ELLIPSOIDAL_ON_ECLIPSE1",9,3.0351703,0.7615898,0.007053761,0.110610925,0.07689102,0.064313136,0.025616052,0.24970259,0.011189657,0.2159526,0.108057484,0.05123889,0.0016837537
375316653866487564,2060630303945722112,0.6324814,2182.919074849351,3.1088391833426203,3.3742972E-6,17.20561,0.0112582715,0.24207655,0.0017117508,0.0633285,0.0037138932,0.24339919,0.02464299,0.7354438,0.0018967999,0.05319286,0.0036188136,0.3254871,0.021889672,0.09971584,0.0125928335,0.24207655,0.0017117508,"TWOGAUSSIANS_WITH_ELLIPSOIDAL_ON_ECLIPSE1",9,9.415029,0.7362438,0.0015801939,0.29788002,0.020265356,0.5245113,0.009894584,0.24207655,0.0017117508,0.3546396,0.020797802,0.44272792,0.0064230147
375316653866487564,2060630303951488000,0.4974039,2211.165823225914,1.3605042500194968,2.9810662E-5,19.432974,0.01151421,0.21428166,0.011896031,0.061777145,0.011691851,0.08239107,0.015900418,0.7268807,0.00523575,0.046205595,0.009141703,0.41716388,0.057231374,null,null,null,null,"TWOGAUSSIANS",8,2.838886,0.7268807,0.00523575,0.25875133,0.05119354,0.4171598,0.057247117,0.21428166,0.011896031,0.345952,0.06547436,0.08238698,0.015894327
375316653866487564,2060630411339110272,0.55410874,2198.8557815475524,1.3244420077510382,8.604327E-6,13.7503395,0.0038045687,0.25961486,0.010705069,0.070302345,0.0063441354,0.053048816,0.0068014557,0.7293017,0.0066933823,0.043365084,0.018619137,0.015118212,0.008608975,0.021642942,0.0038907938,0.7293017,0.0066933823,"TWOGAUSSIANS_WITH_ELLIPSOIDAL_ON_ECLIPSE2",9,32.653355,0.25234485,0.006628747,0.39369315,0.031783532,0.09513219,0.0042593186,0.7293017,0.0066933823,0.24284446,0.104267165,0.058385532,0.0042954152
375316653866487564,2060630583125728128,0.43223244,2200.8703464981913,0.21923185202688353,8.9018744E-5,19.666077,0.024556039,0.28166866,0.0031372288,0.0075328634,0.0059779505,0.36236045,130479.49,0.55923283,0.0065195733,0.06298077,0.012384014,0.48374814,0.09893435,0.033678155,0.030602502,0.28166866,0.0031372288,"TWOGAUSSIANS_WITH_ELLIPSOIDAL_ON_ECLIPSE1",9,4.3039756,0.56046283,0.0068341307,0.3526923,0.062457945,0.48583627,0.09946773,0.28166866,0.0031372288,0.042184036,0.033476524,0.4297457,130479.51
375316653866487564,2060630961082951168,0.48552313,2220.5663203490494,3.9105738650616835,1.7469423E-5,19.893215,0.016327893,0.2825459,0.014026936,0.072833434,0.013920207,0.41458893,0.11322719,0.7783383,0.0037198968,0.07412154,0.0054466417,0.6441842,0.05744429,null,null,null,null,"TWOGAUSSIANS",8,3.3072808,0.7783383,0.0037198968,0.4,0.0031913714,0.6413128,0.058113914,0.2825459,0.014026936,0.4,0.029098911,0.41171756,0.115027644
375316653866487564,2060631442131308672,0.5371057,2217.7051066161303,0.4728623286301806,3.0387091E-5,17.471601,0.0022887003,0.47339544,0.0032306015,0.008133233,0.0024396556,0.9893026,3.7170587,0.7561335,0.041327845,0.036399696,0.035199806,0.01808396,0.008843202,null,null,null,null,"TWOGAUSSIANS",8,2.7496834,0.47339544,0.0032306015,0.045546103,0.013662071,0.9893026,3.7170587,0.7561335,0.041327845,0.2038383,0.19711891,0.01808396,0.008843202
375316653866487564,2060631545210525696,0.4590663,2212.6071067460575,2.700998408491526,3.2185457E-5,15.948545,0.14750265,0.2201184,0.0060911844,0.13489784,0.017354013,0.38057062,0.09459095,0.7131929,0.0063293045,0.2951518,0.03591723,0.7104904,0.14562091,null,null,null,null,"TWOGAUSSIANS",8,39.60567,0.22379841,0.0065723406,0.4,0.0,0.13742566,0.011579576,0.7131929,0.0063293045,0.4,0.0,0.13405573,0.012428693
375316653866487564,2060632232405191552,0.6085945,2210.1518387005176,0.9750827303158438,7.1477143E-6,16.640875,0.0033979963,0.29199454,9.456321E-4,0.040947553,0.001554558,0.32944134,0.010862184,0.7900923,0.0028366793,0.037046738,0.004344419,0.27290884,0.065059505,0.02363964,0.0052243406,0.29199454,9.456321E-4,"TWOGAUSSIANS_WITH_ELLIPSOIDAL_ON_ECLIPSE1",9,5.9361734,0.29199454,9.456321E-4,0.22930631,0.008705526,0.3767206,0.00847653,0.7901323,0.0027882352,0.20746173,0.024328746,0.32018146,0.066214055
375316653866487564,2060632296813799936,0.59858584,2217.3720307051203,1.3167459903869536,1.1110149E-5,18.605793,0.005176262,0.22216754,0.0075567546,0.086314626,0.0073473537,0.15227097,0.008384424,0.72489303,0.0022431994,0.05799257,0.0024753853,0.48989454,0.010299425,null,null,null,null,"TWOGAUSSIANS",8,1.9554611,0.72489303,0.0022431994,0.3247584,0.013862157,0.48881632,0.010186561,0.22216754,0.0075567546,0.4,0.0,0.15119275,0.008198714
375316653866487564,2060632296818022656,0.5125656,2200.41186954,1.6688478237039246,1.9359422E-5,18.479593,0.0099743195,0.2564984,0.0033527084,0.046872023,0.005186554,0.33132362,0.040708277,0.7590983,0.012683125,0.03899732,0.015409819,0.09375714,0.038937707,0.04833829,0.018245976,0.2564984,0.0033527084,"TWOGAUSSIANS_WITH_ELLIPSOIDAL_ON_ECLIPSE1",9,6.964376,0.2564984,0.0033527084,0.26248333,0.029044703,0.42799997,0.035598606,0.7590983,0.012462479,0.21838498,0.08629499,0.1904077,0.038215518
375316653866487564,2060632541642851328,0.69259095,2207.8340944026795,0.25945485857161,6.0099114E-6,14.890985,0.0018243472,0.22961357,0.0015035627,0.026420685,0.0013765009,0.22909664,0.004199686,0.7281701,8.572723E-4,0.028444754,7.979696E-4,0.81391454,0.009148165,0.070095174,0.0024601026,0.22961357,0.0015035627,"TWOGAUSSIANS_WITH_ELLIPSOIDAL_ON_ECLIPSE1",9,33.297714,0.72819006,8.463957E-4,0.15929063,0.0044686296,0.9540934,0.009134758,0.22961357,0.0015035627,0.14795583,0.0077084056,0.3692869,0.0027112549
375316653866487564,2060632984008819584,0.4894098,2203.029749298431,2.711352047208783,3.6554673E-5,18.540419,0.044099174,0.22417124,0.0058813905,0.11062583,0.024808295,0.21520689,0.035920843,0.72067696,0.006008324,0.10906848,0.020463176,0.21709853,0.04024042,null,null,null,null,"TWOGAUSSIANS",8,3.8425925,0.72067696,0.006008324,0.4,0.0,0.1858366,0.013078892,0.22417124,0.0059010037,0.4,0.0,0.18394099,0.017817672
375316653866487564,2060633057039379712,0.5543107,2214.5554350826656,3.204578412374006,1.6860527E-5,18.098255,0.023592202,0.26934704,0.0048926645,0.10581309,0.010194973,0.28330186,0.02300044,0.76562107,0.0035008518,0.10453285,0.012586087,0.22439532,0.020281548,null,null,null,null,"TWOGAUSSIANS",8,3.7266638,0.26934704,0.0048926645,0.4,0.0,0.25465837,0.007834117,0.76562107,0.0035008518,0.4,0.0,0.19575506,0.008099152
375316653866487564,2060633160118612224,0.48175162,2224.2980056037977,2.499311337414367,2.6603037E-5,16.435093,0.11282473,0.26155683,0.006623334,0.17080261,0.035099335,0.20143375,0.10554428,0.7634593,0.007933568,0.16936362,0.037607517,0.18206061,0.1045398,null,null,null,null,"TWOGAUSSIANS",8,8.91928,0.26113683,0.006411343,0.4,0.0,0.07719877,0.00567018,0.7640193,0.008431575,0.4,0.0,0.058713794,0.005373074
375316653866487564,2060633636843965440,0.46055594,2179.5021681661547,0.9774407312311479,4.728566E-5,19.31819,0.013257076,0.2660445,0.045668457,0.07544836,0.03439435,0.10860136,0.031251494,0.7315328,0.0046873232,0.08147386,0.007696724,0.21952076,0.01616453,null,null,null,null,"TWOGAUSSIANS",8,3.9225242,0.7315328,0.0046873232,0.4,0.0,0.2185793,0.01537107,0.2660445,0.045668457,0.4,0.13511956,0.10765991,0.03205239
375316653866487564,2060633709874031360,0.6140424,2197.920421408962,0.60012964096827,5.4480834E-6,13.266295,0.004587696,0.28174505,0.0018423753,0.046320535,0.0037690909,0.21184972,0.014967391,0.7847286,0.0074715624,0.043678608,0.009108778,0.1634242,0.05455903,0.06238312,0.008856514,0.28174505,0.0018423753,"TWOGAUSSIANS_WITH_ELLIPSOIDAL_ON_ECLIPSE1",9,81.425476,0.28174505,0.0018423753,0.259395,0.02110691,0.33661562,0.013023589,0.7847286,0.007098693,0.2446002,0.05100916,0.28814626,0.05865497
375316653866487564,2060634770714410496,0.58211213,2207.0513757907465,1.5645630206708752,6.2296926E-6,18.752665,0.005563134,0.21290705,0.0035128864,0.050986726,0.010800514,0.099505484,0.028330961,0.7110641,0.0012658986,0.047951948,0.0019102208,0.5429018,0.023917982,0.06381482,0.009446415,0.21290705,0.0035128864,"TWOGAUSSIANS_WITH_ELLIPSOIDAL_ON_ECLIPSE1",9,2.3681645,0.7111441,0.0011734185,0.2685309,0.010697236,0.67051387,0.024923991,0.21290705,0.0035128864,0.28552565,0.060482882,0.22713394,0.028780606
375316653866487564,2060635496580744320,0.56491286,2212.8871454102446,1.6078149540734172,5.7014557E-5,16.751041,0.0017122686,0.42592323,0.0024719848,0.05211115,0.0029495198,0.2587263,0.008425619,null,null,null,null,null,null,null,null,null,null,"ONEGAUSSIAN",5,5.9552507,0.42592323,0.0024719848,0.29182243,0.016517311,0.2587263,0.0,null,null,null,null,null,null
375316653866487564,2060636458653616384,0.46601298,2223.953882215898,0.29795539898801426,4.101972E-5,16.75858,0.001608282,0.42100763,0.0056458944,0.014650473,0.0041962876,0.19626951,0.029305035,null,null,null,null,null,null,null,null,null,null,"ONEGAUSSIAN",5,22.10686,0.42100763,0.0056458944,0.08204265,0.02349921,0.19626951,0.0,null,null,null,null,null,null
375316653866487564,2060637107177847680,0.5103392,2225.0866822846524,2.9565518334472256,8.954821E-6,18.124445,0.012584811,0.30493212,0.0065661864,0.09347657,0.010260297,0.21274318,0.015283594,0.8019607,0.0027892424,0.082853094,0.005030673,0.24743839,0.012919122,null,null,null,null,"TWOGAUSSIANS",8,3.604897,0.8019607,0.0027892424,0.4,0.0,0.2396483,0.009499423,0.30493212,0.0065661864,0.4,0.0,0.20495284,0.013910766
375316653866487564,2060637111488655872,0.5013891,2241.4622679048707,3.607217912883913,1.825565E-5,19.06951,0.014261484,0.24982454,0.0060776193,0.069641806,0.009966743,0.38898388,0.055020515,0.7464032,0.005077454,0.07987964,0.0075282664,0.4626288,0.036302123,null,null,null,null,"TWOGAUSSIANS",8,5.4585843,0.7464032,0.005077454,0.4,0.0,0.45968693,0.03767285,0.24982454,0.0060776193,0.3899941,0.034161866,0.386042,0.056748778
375316653866487564,2060637863092329088,0.52136326,2211.5495494356333,1.463119790047038,2.4011955E-5,18.47686,0.0028641962,0.27807757,0.003200636,0.031589415,0.0025574616,0.19728056,0.01681267,0.7759228,0.006589581,0.031827886,0.005161282,0.11871871,0.037480984,null,null,null,null,"TWOGAUSSIANS",8,2.2659938,0.27807757,0.003200636,0.17690071,0.014321785,0.19728056,0.01681267,0.7759228,0.006589581,0.17823617,0.028903179,0.11871871,0.037480984
375316653866487564,2060638245349905664,0.45932034,2192.718206864309,1.3764072154964377,1.2245222E-6,19.733856,0.012910441,0.23869443,0.012140737,0.064219825,0.028582735,0.05978663,0.06559266,0.70233357,9.007743E-5,0.018830532,7.3148834E-4,0.8065344,0.014117459,null,null,null,null,"TWOGAUSSIANS",8,1.551485,0.70233357,9.007743E-5,0.10545099,0.004096335,0.8065344,0.014117519,0.23869443,0.012140737,0.35963103,0.14149149,0.05978663,0.06559265
375316653866487564,2060638722094733440,0.49595383,2218.90924335495,0.4176896908060784,1.0723642E-4,18.88713,0.0031382686,0.258267,0.06537775,0.068922505,0.048286933,0.04353594,0.04160187,0.68075097,0.005309374,0.016204923,0.0031270827,0.4073919,0.23212694,null,null,null,null,"TWOGAUSSIANS",8,2.1351924,0.68075097,0.005309374,0.09074757,0.017511662,0.4073919,0.23212692,0.258267,0.06537775,0.38596603,0.24907404,0.04353594,0.04160187
375316653866487564,2060638898194985728,0.48281464,2187.727291429293,3.115587993470409,2.3954151E-5,17.959631,0.07564522,0.28969714,0.00469714,0.10875895,0.025429033,0.21998271,0.070386104,0.79484457,0.0047064614,0.13531105,0.034055125,0.22256532,0.073110536,null,null,null,null,"TWOGAUSSIANS",8,7.3506885,0.7948546,0.0047054347,0.4,0.0,0.17095985,0.00832779,0.28960714,0.004775816,0.4,0.0,0.16885263,0.008191467
375316653866487564,2060639478002055424,0.48053902,2179.556015481507,0.1848523337200727,5.274287E-5,19.081867,0.008812309,0.23679428,0.002808547,0.045736805,0.0047223186,0.32504317,0.01867865,0.7917166,0.016278865,0.03196007,0.010742237,0.33143207,0.118430436,null,null,null,null,"TWOGAUSSIANS",8,7.062014,0.7917166,0.016278865,0.1789764,0.060156524,0.33143207,0.118430436,0.23679428,0.002808547,0.2561261,0.026444985,0.32504317,0.01867865
375316653866487564,2060640581812117632,0.48900485,2195.445013105672,0.5234114344528182,1.5656567E-5,19.506323,0.008717274,0.20277838,0.046420272,0.12306342,0.055969585,0.042817134,0.03433736,0.66410995,0.0018595677,0.018660838,0.0014558369,0.40352783,0.031069875,null,null,null,null,"TWOGAUSSIANS",8,2.068554,0.66410995,0.0018595677,0.10450069,0.008152687,0.40350837,0.031062042,0.20277838,0.046420272,0.4,0.0,0.04275668,0.034655876
375316653866487564,2060641505224803968,0.6822126,2222.6446861236686,0.8249515491892577,5.5109904E-6,16.336445,0.0014221064,0.2611135,5.4407225E-4,0.022574428,4.2354254E-4,0.58009386,0.015157953,0.76198286,0.005259226,0.021567492,0.009437109,0.29800412,0.13438122,0.0096011525,0.0019843841,0.2611135,5.4407225E-4,"TWOGAUSSIANS_WITH_ELLIPSOIDAL_ON_ECLIPSE1",9,3.1924725,0.2611135,5.4407225E-4,0.1264168,0.002371838,0.59929615,0.0151690105,0.76198286,0.005259226,0.12077795,0.05284781,0.31720585,0.13473949
375316653866487564,2060642196719924480,0.42216706,2195.168237537768,0.384280893044606,1.0817462E-4,19.260315,0.10298773,0.31320757,0.02081877,0.13344236,0.03168019,1.0053874,0.15114175,0.864543,0.01763448,0.05797792,0.024087843,0.3446012,0.13136035,null,null,null,null,"TWOGAUSSIANS",8,41.357513,0.31320757,0.02081877,0.4,0.0,0.98417133,0.14206868,0.865373,0.0172974,0.32467633,0.13385332,0.32714504,0.12881832
375316653866487564,2060642574686622720,0.46288255,2209.8935640235222,0.23194728235513298,9.990335E-5,18.537455,0.15517148,0.17829071,0.019644648,0.01967465,0.05531336,1.4286716,1.9525728,0.7100543,0.02689526,0.10727724,0.18391806,0.061350472,0.15040378,null,null,null,null,"TWOGAUSSIANS",8,7.257998,0.17829071,0.020746993,0.11017803,0.28490368,1.4286543,1.973968,0.7100543,0.02689526,0.4,0.0,0.06132837,0.025676051
375316653866487564,2060643296242104960,0.60267514,2206.6153670076446,0.3079749659599049,4.689725E-5,16.389448,0.0018767173,0.29852697,0.0077691493,0.015938802,0.006114985,0.32079646,0.03566578,0.8063223,0.0073186466,0.02049555,0.0045171278,0.07694289,0.009128758,null,null,null,null,"TWOGAUSSIANS",8,6.701746,0.29852697,0.0077691493,0.08925729,0.034243915,0.32079646,0.03566578,0.8063223,0.0073186466,0.114775084,0.025295915,0.07694289,0.009128758
