Gaia/vari_eclipsing_binary/VariEclipsingBinary_462163-462172.csv
# %ECSV 1.0
# ---
# delimiter: ','
# meta: !!omap
# - RELEASE: Gaia DR3
# - TABLE: vari_eclipsing_binary
# - DESCRIPTION: >
#     This table describes the properties of the eclipsing binaries resulting from the variability analysis. 
# - CITATION: >
#     How to cite and acknowledge Gaia: 
#     https://gea.esac.esa.int/archive/documentation/credits.html 
# - KNOWN_ISSUES: >
#     Known issues: 
#     https://www.cosmos.esa.int/web/gaia-users/known-issues 
# - DOCUMENTATION: >
#     Tutorials and documentation: 
#     https://www.cosmos.esa.int/web/gaia-users/archive 
# datatype:
# - 
#   name: solution_id
#   datatype: int64
#   description: Solution Identifier
#   meta:
#     ucd: meta.version
# - 
#   name: source_id
#   datatype: int64
#   description: Unique source identifier
#   meta:
#     ucd: meta.id;meta.main
# - 
#   name: global_ranking
#   datatype: float32
#   description: Number between 0 (worst) and 1 (best)
#   meta:
#     ucd: stat.param
# - 
#   name: reference_time
#   datatype: float64
#   unit: d
#   description: Reference time used for the geometric model fit
#   meta:
#     ucd: time.epoch
# - 
#   name: frequency
#   datatype: float64
#   unit: d**-1
#   description: Frequency of geometric model of the eclipsing binary light curve
#   meta:
#     ucd: src.orbital
# - 
#   name: frequency_error
#   datatype: float32
#   unit: d**-1
#   description: "Uncertainty of \\texttt{frequency}"
#   meta:
#     ucd: stat.error
# - 
#   name: geom_model_reference_level
#   datatype: float32
#   unit: mag
#   description: Magnitude reference level of geometric model
#   meta:
#     ucd: phot.mag;em.opt
# - 
#   name: geom_model_reference_level_error
#   datatype: float32
#   unit: mag
#   description: "Uncertainty of \\texttt{geomModelReferenceLevel}"
#   meta:
#     ucd: stat.error;phot.mag;em.opt
# - 
#   name: geom_model_gaussian1_phase
#   datatype: float32
#   description: Phase of the Gaussian 1 component
#   meta:
#     ucd: time.phase
# - 
#   name: geom_model_gaussian1_phase_error
#   datatype: float32
#   description: "Uncertainty of \\texttt{geomModelGaussian1Phase}"
#   meta:
#     ucd: stat.error;time.phase
# - 
#   name: geom_model_gaussian1_sigma
#   datatype: float32
#   description: "Standard deviation [phase] of Gaussian 1 component"
#   meta:
#     ucd: stat.stdev
# - 
#   name: geom_model_gaussian1_sigma_error
#   datatype: float32
#   description: "Uncertainty of \\texttt{geomModelGaussian1Sigma}"
#   meta:
#     ucd: stat.error
# - 
#   name: geom_model_gaussian1_depth
#   datatype: float32
#   unit: mag
#   description: Magnitude depth of Gaussian 1 component
#   meta:
#     ucd: src.var.amplitude
# - 
#   name: geom_model_gaussian1_depth_error
#   datatype: float32
#   unit: mag
#   description: "Uncertainty of \\texttt{geomModelGaussian1Depth}"
#   meta:
#     ucd: stat.error;src.var.amplitude
# - 
#   name: geom_model_gaussian2_phase
#   datatype: float32
#   description: Phase of Gaussian 2 component
#   meta:
#     ucd: time.phase
# - 
#   name: geom_model_gaussian2_phase_error
#   datatype: float32
#   description: "Uncertainty of \\texttt{geomModelGaussian2Phase}"
#   meta:
#     ucd: stat.error;time.phase
# - 
#   name: geom_model_gaussian2_sigma
#   datatype: float32
[...]
#   datatype: float32
#   description: "Secondary eclipse: uncertainty of \\texttt{derivedSecondaryEclDuration}"
#   meta:
#     ucd: stat.error;time.duration
# - 
#   name: derived_secondary_ecl_depth
#   datatype: float32
#   unit: mag
#   description: "Secondary eclipse: depth"
#   meta:
#     ucd: src.var.amplitude
# - 
#   name: derived_secondary_ecl_depth_error
#   datatype: float32
#   unit: mag
#   description: "Secondary eclipse: uncertainty of \\texttt{derivedSecondaryEclDepth}"
#   meta:
#     ucd: stat.error;src.var.amplitude
solution_id,source_id,global_ranking,reference_time,frequency,frequency_error,geom_model_reference_level,geom_model_reference_level_error,geom_model_gaussian1_phase,geom_model_gaussian1_phase_error,geom_model_gaussian1_sigma,geom_model_gaussian1_sigma_error,geom_model_gaussian1_depth,geom_model_gaussian1_depth_error,geom_model_gaussian2_phase,geom_model_gaussian2_phase_error,geom_model_gaussian2_sigma,geom_model_gaussian2_sigma_error,geom_model_gaussian2_depth,geom_model_gaussian2_depth_error,geom_model_cosine_half_period_amplitude,geom_model_cosine_half_period_amplitude_error,geom_model_cosine_half_period_phase,geom_model_cosine_half_period_phase_error,model_type,num_model_parameters,reduced_chi2,derived_primary_ecl_phase,derived_primary_ecl_phase_error,derived_primary_ecl_duration,derived_primary_ecl_duration_error,derived_primary_ecl_depth,derived_primary_ecl_depth_error,derived_secondary_ecl_phase,derived_secondary_ecl_phase_error,derived_secondary_ecl_duration,derived_secondary_ecl_duration_error,derived_secondary_ecl_depth,derived_secondary_ecl_depth_error
[from data line 795]
375316653866487564,4065291690835314048,0.49725747,2243.929556753946,1.242104833477011,3.381632E-5,18.315996,0.032714125,0.34314647,0.006904879,0.0825949,0.017529825,0.18594985,0.0326509,0.8217321,0.016963884,0.09049405,0.024736332,0.20180167,0.033617236,null,null,null,null,"TWOGAUSSIANS",8,4.0581017,0.8217321,0.016963884,0.4,0.0,0.19765188,0.025170635,0.34314647,0.006886771,0.4,0.014201621,0.18180025,0.02479801
375316653866487564,4065291755246126208,0.5089703,2198.883968631838,0.3125047737748979,2.603929E-5,18.214407,0.12777062,0.40039235,0.02224404,0.14848322,0.06390766,0.29946414,0.11678282,0.81422454,0.029082477,0.059865717,0.021213371,0.14151308,0.09557311,null,null,null,null,"TWOGAUSSIANS",8,3.368013,0.40039235,0.02224404,0.4,0.0,0.29093608,0.04951898,0.81422454,0.029082477,0.33524802,0.09615919,0.13926901,0.06315476
375316653866487564,4065291759554808704,0.47295278,2287.040635282521,0.16381472753689963,7.818537E-5,17.845558,0.028711138,0.21794079,0.059543546,0.08484433,0.02667,0.0949962,0.03799809,0.70899385,0.009849436,0.11156955,0.028643357,0.16825831,0.032428842,null,null,null,null,"TWOGAUSSIANS",8,7.005621,0.70899385,0.009849436,0.4,0.0,0.15920262,0.032894116,0.21796079,0.059696957,0.4,0.008972061,0.08595605,0.025243074
375316653866487564,4065291858328246912,0.5387908,2286.4717883726507,2.5036297641353094,2.2070006E-5,19.289478,0.11156495,0.19834681,0.02478898,0.12202608,0.037662487,0.36100608,0.09943955,0.6755427,0.010542227,0.106044985,0.021388346,0.42699608,0.10643826,null,null,null,null,"TWOGAUSSIANS",8,2.3052695,0.6755427,0.010542227,0.4,0.0,0.37108004,0.04642098,0.1983768,0.024800383,0.4,0.0,0.30489966,0.02997411
375316653866487564,4065291931354293888,0.4218691,2266.2534106995995,0.5713707822742559,1.3475322E-5,17.306257,0.19663344,0.25660202,0.03125091,0.033785086,0.011618349,0.1372064,0.046604887,0.71242934,0.051486988,0.26061487,0.1261312,0.25874928,0.15734865,null,null,null,null,"TWOGAUSSIANS",8,17.33593,0.71242934,0.051486988,0.4,0.0,0.17021649,0.041093323,0.25781202,0.031509086,0.18919648,0.065062754,0.13373396,0.04879452
375316653866487564,4065292068793071872,0.5967848,2278.534980617491,2.5670121924813727,3.173234E-5,18.885296,0.023913927,0.26451746,0.007413414,0.05708531,0.020555137,0.1984332,0.059679035,0.7352292,0.0033298337,0.022403823,0.006642444,1.7606304,3.9251518,0.15048699,0.031326752,0.26451746,0.007413414,"TWOGAUSSIANS_WITH_ELLIPSOIDAL_ON_ECLIPSE1",9,2.7307289,0.73541915,0.003409044,0.12546141,0.037197687,2.0515785,3.953442,0.26451746,0.007413414,0.3196777,0.1042556,0.4993936,0.03677196
375316653866487564,4065292270645064960,0.5264174,2277.725189952556,0.3275640056681661,1.1989776E-4,19.09431,0.007864344,0.18182026,0.009019078,0.039698504,0.00654042,0.21145561,0.043431588,0.6121847,0.013307653,0.12739383,0.012138516,0.17878497,0.016593117,null,null,null,null,"TWOGAUSSIANS",8,1.1411043,0.18194026,0.009004644,0.22231162,0.036626354,0.21110274,0.04382013,0.6121847,0.013307653,0.4,0.0,0.17782854,0.016593987
375316653866487564,4065292476767118208,0.52127254,2270.4662752658887,2.4665286983109285,1.8217079E-5,18.663374,0.03427862,0.32768276,0.002366384,0.06998384,0.012073366,0.25428608,0.022301229,0.798009,0.019351272,0.08717009,0.0449209,0.2396061,0.071563534,null,null,null,null,"TWOGAUSSIANS",8,2.46165,0.32768276,0.0022948794,0.3919095,0.039121334,0.25261772,0.017294241,0.798009,0.019351272,0.4,0.0,0.23793764,0.08253643
375316653866487564,4065292511164381696,0.5750122,2340.568046014262,1.3653815202461737,7.4896425E-6,17.446129,0.011001008,0.20223702,0.0019969975,0.07664008,0.003650726,0.29389235,0.010147774,0.7036245,0.0035696558,0.08232557,0.008520851,0.25107223,0.015393439,null,null,null,null,"TWOGAUSSIANS",8,3.757014,0.20223702,0.0019969975,0.4,0.0,0.29015103,0.008179224,0.7036245,0.0035696558,0.4,0.0,0.2473309,0.017020306
375316653866487564,4065292549828934912,0.5045849,2334.6685641507197,1.5224551065458887,2.3358207E-5,17.31048,0.02311063,0.2852145,0.013674826,0.08661148,0.017755808,0.22668833,0.02694554,0.76930517,0.019995293,0.08292153,0.01904337,0.19766429,0.040940106,null,null,null,null,"TWOGAUSSIANS",8,12.43999,0.2852145,0.013674826,0.4,0.0,0.22255507,0.023537433,0.76930517,0.019995293,0.4,0.0,0.19353107,0.032418363
375316653866487564,4065292687267852288,0.52977324,2307.513749202568,1.816005542262908,1.0723336E-4,18.28388,0.045919478,0.31089634,0.036320087,0.1093076,0.05413232,0.23263216,0.029638574,0.7954327,0.008445551,0.069473214,0.016558073,0.33740735,0.11713906,null,null,null,null,"TWOGAUSSIANS",8,7.680249,0.7954327,0.008445551,0.38905,0.077672854,0.32929882,0.12092735,0.31089634,0.036320087,0.4,0.0,0.22450761,0.013956845
375316653866487564,4065292721656691840,0.47582352,2327.1402144908034,0.10473937632973222,1.262426E-5,17.334785,0.23530222,0.27248004,0.011545211,0.2271212,0.06266421,0.62678486,0.22118463,0.7958747,8.398623E-4,0.01820772,0.0018501559,3.2550035,1.4547973,null,null,null,null,"TWOGAUSSIANS",8,26.015587,0.79589474,8.424797E-4,0.10196323,0.010360873,3.2462907,1.456766,0.27248004,0.011545211,0.4,0.0,0.5047717,0.042115588
375316653866487564,4065292824659163648,0.53231627,2341.210262442383,0.030008338372018547,1.2699817E-5,19.039028,0.013567175,0.2485796,0.0010685733,0.0044376524,0.0014984208,0.39459753,0.06628874,0.7851294,0.003122505,0.011404938,0.012845293,0.7562404,0.5159122,null,null,null,null,"TWOGAUSSIANS",8,6.0147114,0.7851294,0.003122505,0.06386766,0.07193364,0.7562404,0.5159122,0.2485796,0.0010685733,0.024850853,0.008391157,0.39459753,0.06628874
375316653866487564,4065292854761598080,0.59575105,2318.3366160733763,1.7436758844526,1.5102794E-5,17.771324,0.015174796,0.20481752,0.0037071137,0.07708809,0.007369649,0.23184112,0.01265499,0.703757,0.008209558,0.07772886,0.008573219,0.28138733,0.01569559,null,null,null,null,"TWOGAUSSIANS",8,2.9640057,0.703757,0.008209558,0.4,0.006829728,0.27867275,0.012656071,0.20481752,0.0037071137,0.4,0.0,0.22912656,0.011519438
375316653866487564,4065292923438339968,0.51138675,2329.0996192427506,0.4527187355497083,1.4331858E-5,18.132906,0.00596151,0.62643296,0.06653737,0.11969928,0.038844794,0.13264415,0.01557362,0.26872572,0.0076833405,0.03476927,0.00885757,0.13382137,0.014980135,null,null,null,null,"TWOGAUSSIANS",8,2.1895897,0.26907572,0.007916179,0.1947079,0.049602393,0.1353002,0.014959173,0.62643296,0.06653737,0.4,0.0,0.1325906,0.015567841
375316653866487564,4065293129643165568,0.53254133,2297.360938882692,1.9214120131887726,1.8928122E-5,18.232224,0.021703128,0.25306782,0.010231991,0.10313299,0.02865523,0.1356929,0.01602422,0.74238485,0.010598124,0.08734966,0.01584147,0.14726967,0.021257237,null,null,null,null,"TWOGAUSSIANS",8,1.5414171,0.74238485,0.010598124,0.4,0.0,0.13956149,0.014124369,0.25306782,0.010231991,0.4,0.0,0.12798235,0.019081553
375316653866487564,4065293133944538240,0.4156282,2308.903936858097,0.21613694306065043,3.6045723E-5,18.708805,0.10119496,0.21235137,0.040858917,0.26323688,0.03633723,0.26733172,0.100080304,0.76796746,0.020464653,0.059030246,0.018299758,0.20561263,0.08003432,null,null,null,null,"TWOGAUSSIANS",8,4.2879634,0.77121747,0.020690007,0.3305694,0.10247865,0.1885188,0.09257902,0.21235137,0.040858917,0.4,0.0,0.15721975,0.079142794
375316653866487564,4065293202665399296,0.44989347,2404.735942726011,0.8066990247694623,3.5279412E-5,19.404257,0.19277745,0.21123947,0.01675665,0.060497332,0.047580134,0.17188536,0.19107093,0.6827372,0.008496103,0.037545882,0.03967018,0.34984797,0.11885015,null,null,null,null,"TWOGAUSSIANS",8,9.462912,0.6827372,0.008496103,0.21025693,0.18251461,0.34984773,0.108289756,0.21123947,0.01675665,0.33878505,0.09406092,0.17188515,0.17849997
375316653866487564,4065293267082210304,0.6436369,2328.8522202139147,2.274326284379772,1.8385688E-5,15.567808,0.037916362,0.25583965,0.008095008,0.05111931,0.012026211,0.35034403,0.07470129,0.7499085,0.0055328687,0.052867662,0.022828262,0.3998922,0.11204567,0.122033514,0.041450042,0.7499085,0.0055328687,"TWOGAUSSIANS_WITH_ELLIPSOIDAL_ON_ECLIPSE2",9,56.226597,0.7499085,0.0055328687,0.2960589,0.11549874,0.64395237,0.15817933,0.25508964,0.007346288,0.28626812,0.06734678,0.59410787,0.022206241
375316653866487564,4065293305744896512,0.44347566,2328.103697441817,1.4567256554740082,7.0757305E-5,19.022293,0.02957082,0.37188396,0.007904575,0.025375647,0.004510354,0.3008975,0.06394016,0.14239998,0.022995021,0.12519133,0.028477779,0.10588886,0.031900123,null,null,null,null,"TWOGAUSSIANS",8,4.1605716,0.37126395,0.007892454,0.14210363,0.025257982,0.32064825,0.06265414,0.14239998,0.022995021,0.4,0.0,0.10581605,0.031479694
375316653866487564,4065293335801222784,0.5089236,2281.208299064957,0.4683877020859378,8.632003E-5,18.605518,0.012165132,0.5723136,0.013296315,0.039297998,0.027568443,0.7338901,3.30383111E14,null,null,null,null,null,null,0.055186383,0.013381946,0.5723136,0.013296315,"ONEGAUSSIAN_WITH_ELLIPSOIDAL",6,7.9672995,0.5723136,0.013296315,0.22006878,0.15438329,0.8442629,3.30383111E14,null,null,null,null,null,null
375316653866487564,4065293370160930560,0.4695842,2333.9733479336937,4.59021873176392,2.2374972E-5,17.955872,0.08437268,0.16035648,0.066755414,0.028031178,0.032274067,0.07230936,1.73848029E12,0.7003351,0.013116919,0.20057178,0.041905183,0.4146362,0.07700709,null,null,null,null,"TWOGAUSSIANS",8,29.935564,0.7003351,0.013116919,0.4,0.0,0.37259132,0.023488924,0.15813647,0.065646246,0.1569746,0.18073478,0.07141769,1.73848029E12
375316653866487564,4065293370163993600,0.5438651,2310.5174088070294,2.0666111235474056,1.6461938E-5,18.481968,0.024483202,0.2820538,0.007877416,0.083775185,0.011106035,0.4082196,0.024428992,0.7848889,0.004135229,0.08167552,0.009643402,0.43241724,0.029118134,null,null,null,null,"TWOGAUSSIANS",8,11.414385,0.7848889,0.004135229,0.4,0.0,0.42412862,0.028434865,0.2820538,0.007877416,0.4,0.0,0.39993095,0.021124123
375316653866487564,4065293713757952384,0.4879436,2314.7337267642006,2.440197404038355,1.8971801E-5,18.445925,0.008752953,0.17693521,0.012154827,0.030633016,0.013970696,0.0901865,0.16066767,0.81536627,0.012223853,0.05298896,0.02610409,0.092341036,0.03289199,0.093878135,0.010670979,0.81536627,0.012223853,"TWOGAUSSIANS_WITH_ELLIPSOIDAL_ON_ECLIPSE2",9,9.746057,0.81536627,0.012223853,0.29673818,0.113750726,0.28009564,0.030427318,0.19046521,0.0209082,0.1715449,0.0782359,0.17579828,0.16243082
375316653866487564,4065293786731978752,0.5518611,2272.6153562337513,4.955633508065452,6.4458276E-5,18.120468,0.005103577,0.7421732,0.017814662,0.04399341,0.015339364,1.3569798,6.383401,null,null,null,null,null,null,null,null,null,null,"ONEGAUSSIAN",5,3.4277668,0.7421732,0.017814662,0.24636309,0.08590044,1.3569798,0.0,null,null,null,null,null,null
375316653866487564,4065293855499422720,0.5051468,2306.166382947675,0.10810794249209214,5.0309132E-5,18.096584,0.037919074,0.28893554,0.0076799756,0.060166165,0.0055831866,0.42334273,0.03432906,0.7174994,0.021858709,0.13081437,0.036310993,0.27730072,0.034613,null,null,null,null,"TWOGAUSSIANS",8,5.870561,0.28920555,0.0069888537,0.3369305,0.031265844,0.4180619,0.03210736,0.7174994,0.021858709,0.4,0.0,0.2707005,0.025763048
375316653866487564,4065294022998372096,0.47260937,2313.700425047845,2.410668199681018,2.9936873E-5,18.13366,0.0029889413,null,null,null,null,null,null,null,null,null,null,null,null,0.047975115,0.004378143,0.24866481,0.007332447,"ELLIPSOIDAL",4,2.8142254,null,null,null,null,null,null,null,null,null,null,null,null
375316653866487564,4065294057287052800,0.5038716,2297.5618120598547,3.673049685938417,1.8302151E-5,16.457561,0.015527976,0.7050622,0.0054387604,0.03629706,0.010596454,0.3118903,0.17826577,null,null,null,null,null,null,0.21503712,0.031446837,0.7050622,0.0054387604,"ONEGAUSSIAN_WITH_ELLIPSOIDAL",6,265.14914,0.7050622,0.0054387604,0.20326355,0.05934014,0.74196434,0.17690355,null,null,null,null,null,null
375316653866487564,4065294061686918016,0.6316396,2280.339327353975,2.4123418930520213,1.1986921E-5,17.452808,0.010225347,0.26635337,0.0023920971,0.102836825,0.006274752,0.31054533,0.014967904,0.75554115,0.0038855947,0.089956425,0.005801924,0.31513417,0.015773512,null,null,null,null,"TWOGAUSSIANS",8,2.0194085,0.75554115,0.0038855947,0.4,0.0,0.29649356,0.01599652,0.26635337,0.0023920971,0.4,0.0,0.2918997,0.017805718
375316653866487564,4065294400913547520,0.46355453,2265.0380155073904,0.23571432846729415,5.2250813E-5,18.912474,0.010850811,0.4320323,0.012381708,0.07404441,0.021975603,0.17351688,0.0703698,0.8895052,0.022210862,0.041733082,0.025580525,0.09834646,0.07133758,null,null,null,null,"TWOGAUSSIANS",8,4.054098,0.4320323,0.012381708,0.4,0.0931082,0.17351225,0.070373945,0.8895052,0.022210862,0.23370525,0.14325094,0.09834182,0.07138222
375316653866487564,4065294607071981696,0.46791774,2261.928320690385,0.42738591110006025,2.7970387E-5,18.70813,0.112360336,0.29966393,0.056772385,0.07464,0.085267946,0.20712297,0.12513596,0.8393371,0.009167691,0.036743708,0.028738104,0.19893628,0.17070454,null,null,null,null,"TWOGAUSSIANS",8,5.7470093,0.29966393,0.056772385,0.4,0.035557058,0.20711988,0.10871493,0.8393371,0.009828445,0.20576476,0.16093339,0.19893321,0.17074369
375316653866487564,4065294611414763904,0.4845732,2274.012844145866,0.390333387246419,7.9508456E-5,19.020412,0.07418543,0.15255551,0.026650287,0.075123996,0.062661916,0.41427657,1.00956578E11,0.5317307,0.017202245,0.17101905,0.05554415,0.19484296,0.071136005,null,null,null,null,"TWOGAUSSIANS",8,2.7543643,0.1555255,0.023024855,0.4,0.2734705,0.41311786,1.00956578E11,0.5317307,0.017202245,0.4,0.0,0.17642361,0.02753034
375316653866487564,4065294645774509824,0.49372625,2287.2225279154263,0.5297713446833524,8.592206E-5,19.370132,0.02685399,0.026134798,0.0075223916,0.018450666,0.014134315,0.06374823,0.046661604,0.48864427,0.017909005,0.10757604,0.029547665,0.26646397,0.029410202,null,null,null,null,"TWOGAUSSIANS",8,1.1159718,0.48864427,0.017909005,0.4,0.0,0.26642638,0.029273447,0.026144797,0.007540562,0.103323735,0.07915217,0.063737474,0.046615396
375316653866487564,4065294710186105088,0.547794,2255.255156486204,1.5631604539947987,4.9293478E-5,18.80512,0.013252604,0.28482604,0.01878858,0.04932365,0.02345598,0.27507123,0.027689952,0.80085206,0.04502784,0.055447992,0.041171715,0.063086405,0.047280293,null,null,null,null,"TWOGAUSSIANS",8,3.6631312,0.28482604,0.01878858,0.27621242,0.12212792,0.2750699,0.027584776,0.80085206,0.04502784,0.31050876,0.2305616,0.06308506,0.047263425
375316653866487564,4065294778841160448,0.54627585,2281.153905017089,1.0742670568382027,3.803029E-5,16.30932,0.0019642354,0.23239623,0.0041410904,0.024311773,0.0068906,0.14406194,0.02458949,null,null,null,null,null,null,0.012587131,0.0037680066,0.23239623,0.0041410904,"ONEGAUSSIAN_WITH_ELLIPSOIDAL",6,6.179902,0.23239623,0.0041410904,0.13614592,0.03858736,0.16923618,0.027319327,null,null,null,null,null,null
375316653866487564,4065294881987940480,0.5215297,2292.7356715431847,0.4868931268988259,3.835133E-5,18.994732,0.013634925,0.35051185,0.0014312373,0.039795946,0.0036808285,0.29252318,0.024001589,0.81192756,0.03416442,0.116617575,0.043225054,0.12446543,0.010259867,null,null,null,null,"TWOGAUSSIANS",8,0.8238743,0.35052186,0.001427279,0.22285731,0.02061264,0.29187056,0.024298899,0.81192756,0.03416442,0.4,0.0,0.1237603,0.010977973
375316653866487564,4065295122506083968,0.4543346,2270.0743381215743,2.6270059295917894,1.233084E-5,18.745277,0.03766812,0.30682665,0.01874657,0.06446735,0.03147596,0.16770934,0.488289,0.8073748,0.009320626,0.06199269,0.012715587,0.23057738,0.036273986,null,null,null,null,"TWOGAUSSIANS",8,6.4009485,0.8073748,0.009320626,0.34715906,0.071207285,0.23042218,0.03469175,0.30682665,0.01874657,0.36101717,0.14545396,0.16755414,0.4884545
