Gaia/vari_eclipsing_binary/VariEclipsingBinary_488628-488697.csv
# %ECSV 1.0
# ---
# delimiter: ','
# meta: !!omap
# - RELEASE: Gaia DR3
# - TABLE: vari_eclipsing_binary
# - DESCRIPTION: >
#     This table describes the properties of the eclipsing binaries resulting from the variability analysis. 
# - CITATION: >
#     How to cite and acknowledge Gaia: 
#     https://gea.esac.esa.int/archive/documentation/credits.html 
# - KNOWN_ISSUES: >
#     Known issues: 
#     https://www.cosmos.esa.int/web/gaia-users/known-issues 
# - DOCUMENTATION: >
#     Tutorials and documentation: 
#     https://www.cosmos.esa.int/web/gaia-users/archive 
# datatype:
# - 
#   name: solution_id
#   datatype: int64
#   description: Solution Identifier
#   meta:
#     ucd: meta.version
# - 
#   name: source_id
#   datatype: int64
#   description: Unique source identifier
#   meta:
#     ucd: meta.id;meta.main
# - 
#   name: global_ranking
#   datatype: float32
#   description: Number between 0 (worst) and 1 (best)
#   meta:
#     ucd: stat.param
# - 
#   name: reference_time
#   datatype: float64
#   unit: d
#   description: Reference time used for the geometric model fit
#   meta:
#     ucd: time.epoch
# - 
#   name: frequency
#   datatype: float64
#   unit: d**-1
#   description: Frequency of geometric model of the eclipsing binary light curve
#   meta:
#     ucd: src.orbital
# - 
#   name: frequency_error
#   datatype: float32
#   unit: d**-1
#   description: "Uncertainty of \\texttt{frequency}"
#   meta:
#     ucd: stat.error
# - 
#   name: geom_model_reference_level
#   datatype: float32
#   unit: mag
#   description: Magnitude reference level of geometric model
#   meta:
#     ucd: phot.mag;em.opt
# - 
#   name: geom_model_reference_level_error
#   datatype: float32
#   unit: mag
#   description: "Uncertainty of \\texttt{geomModelReferenceLevel}"
#   meta:
#     ucd: stat.error;phot.mag;em.opt
# - 
#   name: geom_model_gaussian1_phase
#   datatype: float32
#   description: Phase of the Gaussian 1 component
#   meta:
#     ucd: time.phase
# - 
#   name: geom_model_gaussian1_phase_error
#   datatype: float32
#   description: "Uncertainty of \\texttt{geomModelGaussian1Phase}"
#   meta:
#     ucd: stat.error;time.phase
# - 
#   name: geom_model_gaussian1_sigma
#   datatype: float32
#   description: "Standard deviation [phase] of Gaussian 1 component"
#   meta:
#     ucd: stat.stdev
# - 
#   name: geom_model_gaussian1_sigma_error
#   datatype: float32
#   description: "Uncertainty of \\texttt{geomModelGaussian1Sigma}"
#   meta:
#     ucd: stat.error
# - 
#   name: geom_model_gaussian1_depth
#   datatype: float32
#   unit: mag
#   description: Magnitude depth of Gaussian 1 component
#   meta:
#     ucd: src.var.amplitude
# - 
#   name: geom_model_gaussian1_depth_error
#   datatype: float32
#   unit: mag
#   description: "Uncertainty of \\texttt{geomModelGaussian1Depth}"
#   meta:
#     ucd: stat.error;src.var.amplitude
# - 
#   name: geom_model_gaussian2_phase
#   datatype: float32
#   description: Phase of Gaussian 2 component
#   meta:
#     ucd: time.phase
# - 
#   name: geom_model_gaussian2_phase_error
#   datatype: float32
#   description: "Uncertainty of \\texttt{geomModelGaussian2Phase}"
#   meta:
#     ucd: stat.error;time.phase
# - 
#   name: geom_model_gaussian2_sigma
#   datatype: float32
[...]
#   datatype: float32
#   description: "Secondary eclipse: uncertainty of \\texttt{derivedSecondaryEclDuration}"
#   meta:
#     ucd: stat.error;time.duration
# - 
#   name: derived_secondary_ecl_depth
#   datatype: float32
#   unit: mag
#   description: "Secondary eclipse: depth"
#   meta:
#     ucd: src.var.amplitude
# - 
#   name: derived_secondary_ecl_depth_error
#   datatype: float32
#   unit: mag
#   description: "Secondary eclipse: uncertainty of \\texttt{derivedSecondaryEclDepth}"
#   meta:
#     ucd: stat.error;src.var.amplitude
solution_id,source_id,global_ranking,reference_time,frequency,frequency_error,geom_model_reference_level,geom_model_reference_level_error,geom_model_gaussian1_phase,geom_model_gaussian1_phase_error,geom_model_gaussian1_sigma,geom_model_gaussian1_sigma_error,geom_model_gaussian1_depth,geom_model_gaussian1_depth_error,geom_model_gaussian2_phase,geom_model_gaussian2_phase_error,geom_model_gaussian2_sigma,geom_model_gaussian2_sigma_error,geom_model_gaussian2_depth,geom_model_gaussian2_depth_error,geom_model_cosine_half_period_amplitude,geom_model_cosine_half_period_amplitude_error,geom_model_cosine_half_period_phase,geom_model_cosine_half_period_phase_error,model_type,num_model_parameters,reduced_chi2,derived_primary_ecl_phase,derived_primary_ecl_phase_error,derived_primary_ecl_duration,derived_primary_ecl_duration_error,derived_primary_ecl_depth,derived_primary_ecl_depth_error,derived_secondary_ecl_phase,derived_secondary_ecl_phase_error,derived_secondary_ecl_duration,derived_secondary_ecl_duration_error,derived_secondary_ecl_depth,derived_secondary_ecl_depth_error
[from data line 37]
375316653866487564,4298049197033815296,0.48564228,2145.5359767140603,0.6644935651302305,1.7748125E-5,19.445793,0.0083471425,0.61052173,0.014781995,0.019445451,0.021412425,0.10927161,0.05646382,0.82552475,0.024071077,0.016011039,0.014393092,0.626027,12.544646,null,null,null,null,"TWOGAUSSIANS",8,2.3914022,0.82552475,0.024071077,0.08966182,0.08060132,0.626027,12.544646,0.61052173,0.014781995,0.10889453,0.11990958,0.10927161,0.05646382
375316653866487564,4298049987321633280,0.6481524,2207.0457849874883,2.463475141786891,5.012518E-6,16.91228,0.0029727907,0.25387862,0.001439205,0.08416102,0.0013863486,0.44962686,0.005237602,0.7518878,0.0012230084,0.07852623,0.0026139254,0.28143913,0.006703098,null,null,null,null,"TWOGAUSSIANS",8,3.8886175,0.25387862,0.001439205,0.4,0.0,0.44350398,0.004988729,0.7518878,0.0012230084,0.4,0.0,0.27531627,0.0072203563
375316653866487564,4298050189165443840,0.57127905,2172.359777504142,3.422215909922693,1.11354275E-5,18.515545,0.005490632,0.27353138,0.0022445726,0.07198504,0.0032801912,0.39289784,0.017519318,0.7889999,0.0032034696,0.068645254,0.0038988963,0.3929756,0.011845463,null,null,null,null,"TWOGAUSSIANS",8,3.994446,0.7889999,0.0032034696,0.38441342,0.021112436,0.39202532,0.011853178,0.27353138,0.0022445726,0.4,0.0035412612,0.39194757,0.017610272
375316653866487564,4298050743222027136,0.5169453,2183.9048483669476,3.0721057195179937,1.0919471E-5,19.08922,0.011140806,0.2253822,0.0029123793,0.07465212,0.0036585103,0.5472106,0.04454944,0.7251945,0.0044864593,0.08367198,0.0055894996,0.47074297,0.021042015,null,null,null,null,"TWOGAUSSIANS",8,5.203063,0.2253822,0.0029123793,0.4,0.0,0.5403529,0.045390725,0.7251945,0.0044864593,0.4,0.0,0.46388528,0.021569408
375316653866487564,4298052564304605824,0.4594049,2186.642155592076,0.8347336695377539,8.387324E-6,18.334795,0.0036595014,0.7153976,0.0028302348,0.022162879,0.0025605836,0.12808347,0.008709902,null,null,null,null,null,null,0.023044005,0.0044775866,0.7153976,0.0028302348,"ONEGAUSSIAN_WITH_ELLIPSOIDAL",6,5.574529,0.7153976,0.0028302348,0.124112114,0.014339268,0.17417148,0.008635432,null,null,null,null,null,null
375316653866487564,4298053418988012800,0.5235001,2197.490352401539,2.7922161772129064,9.519885E-6,18.114637,0.0064657964,0.24408162,0.0042849598,0.09033888,0.0062464857,0.186784,0.007814298,0.754441,0.0041988166,0.08509866,0.005636178,0.20809604,0.008386913,null,null,null,null,"TWOGAUSSIANS",8,2.8832595,0.754441,0.0041988166,0.4,0.0,0.20237954,0.00760208,0.24408162,0.0042849598,0.4,0.0,0.1810674,0.007238532
375316653866487564,4298054179210000512,0.48632616,2204.981872588144,1.5062797732767146,9.880413E-6,15.118213,0.011131425,0.2841935,0.004236487,0.12538923,0.0206483,0.047481578,0.010653089,0.77477145,0.0044420348,0.109432206,0.016466765,0.05043747,0.010401991,null,null,null,null,"TWOGAUSSIANS",8,4.105959,0.77477145,0.0044420348,0.4,0.0,0.041219965,0.0030491634,0.2842135,0.004231196,0.4,0.0,0.038232356,0.0024529018
375316653866487564,4298055794117949952,0.4932317,2172.1299120288445,2.2956284639895235,1.94996E-5,18.598347,0.013253322,0.34482893,0.006999493,0.0665613,0.0083265,0.37053663,0.019712385,0.8330234,0.0032192739,0.036941588,0.0023051845,0.68712103,0.053265452,null,null,null,null,"TWOGAUSSIANS",8,20.31828,0.8330234,0.0032192739,0.2068729,0.012909032,0.68711674,0.053263407,0.34482893,0.006999493,0.37274325,0.046628397,0.3705323,0.019711034
375316653866487564,4298056717523133824,0.51519585,2202.576606391982,2.7102752134362356,2.0154717E-5,17.92241,0.84055084,0.22765604,0.003844681,0.18713571,0.08345858,0.8443799,0.8138469,0.72820705,0.0038571048,0.15877774,0.050004676,0.8445732,0.7333204,null,null,null,null,"TWOGAUSSIANS",8,6.446671,0.72838706,0.0040460792,0.4,0.0,0.30280155,0.012377099,0.22753604,0.0039216266,0.4,0.0,0.26689824,0.015130713
375316653866487564,4298061596604185088,0.6042659,2186.0132223936907,3.60449665645764,4.482573E-6,17.755796,0.0038620038,0.2167149,0.0015637669,0.079087004,0.0012713402,0.4507036,0.0076505234,0.7142814,0.0028148193,0.084011935,0.0028379648,0.49573338,0.02294133,null,null,null,null,"TWOGAUSSIANS",8,4.3443537,0.7142814,0.0028148193,0.4,0.0,0.48750368,0.024107333,0.2167149,0.0015637669,0.4,0.0,0.44247392,0.0073252455
375316653866487564,4298061910151349248,0.4872078,2150.2376753989015,2.246710591192318,2.1765269E-5,14.43313,0.13155897,0.26571214,0.003967537,0.17323412,0.027549995,0.41674104,0.116743095,0.76573634,0.0045872424,0.1888343,0.03174496,0.42547968,0.117716596,null,null,null,null,"TWOGAUSSIANS",8,132.6762,0.26570213,0.0041721608,0.4,0.0,0.11791365,0.008661623,0.76574636,0.004755872,0.4,0.0,0.11403701,0.0097686015
375316653866487564,4298062661756131456,0.46498913,2193.3347298762237,1.285467903468324,2.4567065E-5,18.622824,0.009698178,0.19263403,0.020643674,0.0714322,0.018682528,0.08296847,0.01333646,0.69461197,0.004882668,0.10340739,0.01062365,0.13361423,0.009467273,null,null,null,null,"TWOGAUSSIANS",8,3.1179576,0.69461197,0.004882668,0.4,0.0,0.13010645,0.006549448,0.19263403,0.020651152,0.4,0.07734943,0.079462945,0.011435627
375316653866487564,4298063005353534976,0.46906453,2138.290034319771,3.134894036418558,2.924137E-5,19.272278,0.034147155,0.19450524,0.00991502,0.086950704,0.013976655,0.26232895,0.03617206,0.67758936,0.0077385604,0.110850744,0.022803687,0.27610818,0.026989575,null,null,null,null,"TWOGAUSSIANS",8,3.8632436,0.67758936,0.0077385604,0.4,0.0,0.25849473,0.026207812,0.19452524,0.009921653,0.4,0.0,0.24474147,0.021720868
375316653866487564,4298065277405776640,0.5582947,2138.51714739715,1.3589877141140996,8.837162E-6,16.305626,0.0024670765,0.32458746,0.0021928393,0.041131362,0.0036777789,0.10221597,0.006426128,0.82890385,0.0063368604,0.02724799,0.0060511706,0.025833,0.0070399656,0.017742032,0.0034718304,0.32458746,0.0021928393,"TWOGAUSSIANS_WITH_ELLIPSOIDAL_ON_ECLIPSE1",9,3.6533384,0.32458746,0.0021928393,0.23033562,0.020595562,0.13770004,0.0050338414,0.82890385,0.006323261,0.15258874,0.033886556,0.061290972,0.0036546355
375316653866487564,4298065341813260032,0.58987606,2134.007024168428,2.980662722217787,1.1449659E-5,18.382166,0.019916221,0.23862562,0.0032118908,0.058762386,0.008497128,0.3132658,0.050381616,0.75113994,0.0069380417,0.04645923,0.008247605,0.25156084,0.049718164,0.11231771,0.03181285,0.23862562,0.0032118908,"TWOGAUSSIANS_WITH_ELLIPSOIDAL_ON_ECLIPSE1",9,7.8893104,0.23862562,0.0032118908,0.32906938,0.04758392,0.5378639,0.024983363,0.75113994,0.0069380417,0.26017168,0.046186585,0.47477296,0.020874074
375316653866487564,4298066239478504320,0.45256194,2216.4491630124962,0.05065154191052849,1.2136942E-4,16.327625,0.010516197,0.21929604,0.0073014754,0.10393685,0.01977248,0.14255236,0.02263774,0.7510493,0.014891037,0.045285154,0.025215803,0.21794534,0.12842403,null,null,null,null,"TWOGAUSSIANS",8,1.577929,0.7510493,0.014891341,0.25359687,0.1412085,0.2174346,0.12891917,0.21929604,0.0073014754,0.4,0.0,0.14203574,0.023330014
375316653866487564,4298068472850903040,0.53319806,2149.100741619877,4.085432673820361,1.33106305E-5,16.40305,0.009195528,0.22605397,0.008697117,0.077324346,0.009856869,0.2150109,0.011556189,0.744375,0.0022704166,0.07544723,0.0038209346,0.27541173,0.009613344,null,null,null,null,"TWOGAUSSIANS",8,21.695797,0.744375,0.0022704166,0.4,0.0,0.27387473,0.008791953,0.22605397,0.008697117,0.4,0.0,0.2134739,0.011129719
375316653866487564,4298069984690038400,0.5106118,2169.0573343596025,4.526810050232943,4.6078127E-5,17.353903,0.0016971348,0.23400287,2.5500116E-4,0.010835263,3.4027244E-4,0.17312358,1.257336E-4,0.86987615,0.0035869828,0.012296825,0.0014222417,0.14694592,0.032147933,null,null,null,null,"TWOGAUSSIANS",8,3.331352,0.23400287,2.5500116E-4,0.060677473,0.0019055257,0.17312358,1.257336E-4,0.86987615,0.0035869828,0.06886222,0.007964553,0.14694592,0.032147933
375316653866487564,4298072939629699968,0.52317256,2199.4227864835907,3.776438046045623,1.0649469E-5,19.178036,0.013691718,0.2569553,0.0052652415,0.095054924,0.007241894,0.2759481,0.017284892,0.76349926,0.0046484387,0.08762234,0.008966533,0.31118903,0.016526196,null,null,null,null,"TWOGAUSSIANS",8,2.5828226,0.76349926,0.0046484387,0.4,0.0,0.29869893,0.017889176,0.2569553,0.0052652415,0.4,0.0,0.2634575,0.014357192
375316653866487564,4298074451456312064,0.5106396,2203.2367023875718,1.3628286807241878,2.3354743E-5,16.900318,0.012409432,0.15603353,0.0029152082,0.029643618,0.0033450883,0.7933562,0.04330432,0.652574,0.00533869,0.033167794,0.006168603,0.29025912,0.040043842,0.024386898,0.023043685,0.652574,0.00533869,"TWOGAUSSIANS_WITH_ELLIPSOIDAL_ON_ECLIPSE2",9,176.83995,0.15602353,0.00290234,0.16600426,0.018732494,0.84210694,0.045753863,0.652574,0.00533869,0.18573965,0.034544177,0.33903286,0.027054504
375316653866487564,4298074691962109056,0.5621448,2169.306131374814,0.9153434169084511,6.155737E-6,18.106995,0.0029996696,0.19521509,0.0036311634,0.03191848,0.0038625086,0.06211839,0.014116244,0.6908177,0.0021625008,0.033680536,0.0015548664,0.4113469,0.009654077,0.01732053,0.0044947793,0.19521509,0.0036311634,"TWOGAUSSIANS_WITH_ELLIPSOIDAL_ON_ECLIPSE1",9,3.1784422,0.6908477,0.002145562,0.188611,0.008707251,0.44596165,0.00823623,0.19521509,0.0036311634,0.1787435,0.021630047,0.09675938,0.010049086
375316653866487564,4298076130775737600,0.44945502,2199.8889212474724,2.1093339859396645,1.6212463E-5,18.971058,0.2982851,0.25380188,0.011881848,0.16946723,0.16497178,0.18496925,0.2887654,0.7428887,0.0086391615,0.09675535,0.028615408,0.2667287,0.1609536,null,null,null,null,"TWOGAUSSIANS",8,4.7683277,0.7428887,0.0086391615,0.4,0.0,0.20912673,0.024774076,0.25380188,0.011883563,0.4,0.0,0.12252928,0.01782853
375316653866487564,4298078024870827520,0.43685815,2188.908735035894,2.9873540954749114,4.0503364E-5,19.224466,0.013530486,0.3020892,0.01477374,0.08311095,0.013536303,0.25303382,0.04301565,0.80146825,0.006434804,0.078619786,0.009975916,0.23614825,0.02373071,null,null,null,null,"TWOGAUSSIANS",8,3.6918933,0.3020892,0.01477374,0.4,0.0,0.24897017,0.044262655,0.80146825,0.006434804,0.4,0.0,0.23208462,0.024169361
375316653866487564,4298079571046761216,0.48157582,2166.9120689060424,2.8925882375254948,2.1863358E-5,13.466095,0.19512513,0.24453844,0.009675994,0.15943767,0.058117792,0.37901872,0.18549785,0.7189402,0.008413881,0.10738017,0.017475186,0.4076861,0.15437686,null,null,null,null,"TWOGAUSSIANS",8,125.98987,0.7189402,0.008413881,0.4,0.0,0.30478922,0.016988194,0.24459845,0.009596607,0.4,0.0,0.26996213,0.021472052
375316653866487564,4298080636209000320,0.5588995,2176.0054784629897,2.6478962666248704,8.416183E-6,18.611492,0.017294044,0.23162264,0.0063649076,0.09632038,0.011382129,0.33050582,0.02143903,0.7296844,0.002205908,0.09148772,0.0061069033,0.3622999,0.01593079,null,null,null,null,"TWOGAUSSIANS",8,2.5814722,0.7296844,0.002205908,0.4,0.0,0.34288004,0.010182406,0.23162264,0.0063649076,0.4,0.0,0.31108528,0.024888497
375316653866487564,4298081426483164928,0.49201763,2191.402606807554,0.2745971704288791,1.855929E-4,16.363394,0.0021644756,0.54060173,0.016369563,0.050633557,0.019239424,0.023271462,0.0065680146,0.85304874,0.002137999,0.014931914,0.0013240669,0.18124299,0.013519861,null,null,null,null,"TWOGAUSSIANS",8,13.961994,0.85304874,0.002137999,0.083618715,0.0074147745,0.18124299,0.013519862,0.54060173,0.016369563,0.2835479,0.107740775,0.023271462,0.0065680146
375316653866487564,4298082109368596352,0.6043418,2166.1111959803566,3.5938794700302035,8.913157E-6,17.786118,0.013639671,0.24146755,0.0021649133,0.04820473,0.0056013307,0.30458036,0.037207033,0.7429432,0.004580421,0.055852063,0.0034883248,0.3476276,0.041989643,0.13637657,0.022688676,0.24146755,0.0021649133,"TWOGAUSSIANS_WITH_ELLIPSOIDAL_ON_ECLIPSE1",9,10.626058,0.7429432,0.0044232598,0.31277156,0.01953462,0.6203431,0.020202901,0.24146755,0.0021649133,0.26994652,0.03136745,0.57731926,0.025681812
375316653866487564,4298082830923084544,0.63211536,2169.9467370789084,1.7316295946457105,4.241788E-6,16.448767,0.003377332,0.29450175,0.0017273697,0.09073888,0.0023691466,0.2493694,0.0042740405,0.79063886,0.0023102202,0.08777578,0.0031856718,0.15588681,0.003967549,null,null,null,null,"TWOGAUSSIANS",8,3.3790805,0.29450175,0.0017273697,0.4,0.0,0.24202256,0.0036602952,0.79063886,0.0023102202,0.4,0.0,0.14854008,0.0030951933
375316653866487564,4298083208880347648,0.64252055,2168.0092270893997,3.5284443618702763,2.2020135E-6,17.929482,0.0077195694,0.2731088,0.0018946526,0.044979893,0.0036549838,0.3136232,0.030447451,0.7696535,9.111998E-4,0.04544528,0.0018311689,0.39723822,0.019524021,0.13420282,0.011884176,0.2731088,0.0018946526,"TWOGAUSSIANS_WITH_ELLIPSOIDAL_ON_ECLIPSE1",9,4.5607324,0.7699935,7.575956E-4,0.25449356,0.010254546,0.6655297,0.011075066,0.2731088,0.0018946526,0.2518874,0.020467909,0.5820286,0.028693385
375316653866487564,4298083380680996992,0.5165674,2183.674230593598,2.7321923893513107,1.320411E-5,17.964287,0.03866052,0.2670558,0.0073079388,0.109148405,0.025877027,0.20313811,0.02839362,0.76910955,0.0022005045,0.10230797,0.018676223,0.2008075,0.031345826,null,null,null,null,"TWOGAUSSIANS",8,5.0815444,0.2670558,0.0073079388,0.4,0.0,0.1790388,0.016393147,0.76910955,0.0022052901,0.4,0.0,0.17671686,0.015258922
375316653866487564,4298083694225946368,0.4841547,2185.219020930314,2.8366368387986287,1.8534283E-5,17.047472,0.034806028,0.2857328,0.010131052,0.12472531,0.02770412,0.25004098,0.02510592,0.7679492,0.0034844263,0.091779344,0.009798809,0.27262193,0.031826135,null,null,null,null,"TWOGAUSSIANS",8,41.035343,0.7679492,0.0034844263,0.4,0.0,0.24355316,0.010849298,0.2857328,0.010131052,0.4,0.0,0.22078529,0.024774214
375316653866487564,4298083934743926400,0.4828041,2187.6288123375202,3.770722621949671,1.8285347E-5,18.464775,0.021070067,0.26613086,0.0064591104,0.10447398,0.011782368,0.20594025,0.022775985,0.7613409,0.005040939,0.09157774,0.012958811,0.20856506,0.018621312,null,null,null,null,"TWOGAUSSIANS",8,4.658228,0.7613409,0.005040939,0.4,0.0,0.19355053,0.010750766,0.26613086,0.0064591104,0.4,0.0,0.1909214,0.015337426
375316653866487564,4298084651989188864,0.4458189,2156.4321972008374,0.3455422171585766,7.229684E-5,18.99083,0.010199893,0.08614865,0.021396268,0.031703893,0.023546617,0.08428843,0.011220259,0.6600377,0.015921105,0.0529369,0.032340072,0.26566154,0.15495946,null,null,null,null,"TWOGAUSSIANS",8,4.0268173,0.6600377,0.015921105,0.29644662,0.11135967,0.26566154,0.15496182,0.08614865,0.021396268,0.1775418,0.13186106,0.08428843,0.011219788
375316653866487564,4298084858149481216,0.5728989,2179.241165219155,2.3960603777389187,6.7980686E-6,17.707788,0.012917306,0.25302202,0.0020861279,0.0957919,0.0067393538,0.37077808,0.019643886,0.7540892,0.0024103515,0.088562414,0.0042237323,0.36125857,0.013991908,null,null,null,null,"TWOGAUSSIANS",8,4.7053933,0.25302202,0.0020861279,0.4,0.0,0.35257137,0.023549227,0.7540892,0.0024103515,0.4,0.0,0.34305266,0.009366655
375316653866487564,4298085992019140864,0.56061894,2164.370096465796,2.8405576298068778,9.103612E-6,18.444569,0.009196759,0.24392128,0.0029883496,0.08852123,0.004900944,0.29801843,0.010963683,0.7440908,0.004298988,0.08407894,0.00478661,0.32629237,0.011666745,null,null,null,null,"TWOGAUSSIANS",8,2.7349567,0.7440908,0.004298988,0.4,0.0,0.31694484,0.009236744,0.24392128,0.0029883496,0.4,0.0,0.28867087,0.010153704
375316653866487564,4298086924031385088,0.49434608,2206.3233956194613,3.047004177244444,2.310659E-5,19.316004,0.0146424435,0.22677189,0.0061785067,0.07952592,0.010541021,0.23432124,0.025506128,0.7370171,0.007315605,0.08741387,0.010354701,0.27182338,0.024307754,null,null,null,null,"TWOGAUSSIANS",8,2.1784265,0.7370171,0.007315605,0.4,0.0,0.26708567,0.023354419,0.22677189,0.0061785067,0.4,0.0,0.22958356,0.026541848
