Gaia/vari_eclipsing_binary/VariEclipsingBinary_464921-464931.csv
# %ECSV 1.0
# ---
# delimiter: ','
# meta: !!omap
# - RELEASE: Gaia DR3
# - TABLE: vari_eclipsing_binary
# - DESCRIPTION: >
#     This table describes the properties of the eclipsing binaries resulting from the variability analysis. 
# - CITATION: >
#     How to cite and acknowledge Gaia: 
#     https://gea.esac.esa.int/archive/documentation/credits.html 
# - KNOWN_ISSUES: >
#     Known issues: 
#     https://www.cosmos.esa.int/web/gaia-users/known-issues 
# - DOCUMENTATION: >
#     Tutorials and documentation: 
#     https://www.cosmos.esa.int/web/gaia-users/archive 
# datatype:
# - 
#   name: solution_id
#   datatype: int64
#   description: Solution Identifier
#   meta:
#     ucd: meta.version
# - 
#   name: source_id
#   datatype: int64
#   description: Unique source identifier
#   meta:
#     ucd: meta.id;meta.main
# - 
#   name: global_ranking
#   datatype: float32
#   description: Number between 0 (worst) and 1 (best)
#   meta:
#     ucd: stat.param
# - 
#   name: reference_time
#   datatype: float64
#   unit: d
#   description: Reference time used for the geometric model fit
#   meta:
#     ucd: time.epoch
# - 
#   name: frequency
#   datatype: float64
#   unit: d**-1
#   description: Frequency of geometric model of the eclipsing binary light curve
#   meta:
#     ucd: src.orbital
# - 
#   name: frequency_error
#   datatype: float32
#   unit: d**-1
#   description: "Uncertainty of \\texttt{frequency}"
#   meta:
#     ucd: stat.error
# - 
#   name: geom_model_reference_level
#   datatype: float32
#   unit: mag
#   description: Magnitude reference level of geometric model
#   meta:
#     ucd: phot.mag;em.opt
# - 
#   name: geom_model_reference_level_error
#   datatype: float32
#   unit: mag
#   description: "Uncertainty of \\texttt{geomModelReferenceLevel}"
#   meta:
#     ucd: stat.error;phot.mag;em.opt
# - 
#   name: geom_model_gaussian1_phase
#   datatype: float32
#   description: Phase of the Gaussian 1 component
#   meta:
#     ucd: time.phase
# - 
#   name: geom_model_gaussian1_phase_error
#   datatype: float32
#   description: "Uncertainty of \\texttt{geomModelGaussian1Phase}"
#   meta:
#     ucd: stat.error;time.phase
# - 
#   name: geom_model_gaussian1_sigma
#   datatype: float32
#   description: "Standard deviation [phase] of Gaussian 1 component"
#   meta:
#     ucd: stat.stdev
# - 
#   name: geom_model_gaussian1_sigma_error
#   datatype: float32
#   description: "Uncertainty of \\texttt{geomModelGaussian1Sigma}"
#   meta:
#     ucd: stat.error
# - 
#   name: geom_model_gaussian1_depth
#   datatype: float32
#   unit: mag
#   description: Magnitude depth of Gaussian 1 component
#   meta:
#     ucd: src.var.amplitude
# - 
#   name: geom_model_gaussian1_depth_error
#   datatype: float32
#   unit: mag
#   description: "Uncertainty of \\texttt{geomModelGaussian1Depth}"
#   meta:
#     ucd: stat.error;src.var.amplitude
# - 
#   name: geom_model_gaussian2_phase
#   datatype: float32
#   description: Phase of Gaussian 2 component
#   meta:
#     ucd: time.phase
# - 
#   name: geom_model_gaussian2_phase_error
#   datatype: float32
#   description: "Uncertainty of \\texttt{geomModelGaussian2Phase}"
#   meta:
#     ucd: stat.error;time.phase
# - 
#   name: geom_model_gaussian2_sigma
#   datatype: float32
[...]
#   datatype: float32
#   description: "Secondary eclipse: uncertainty of \\texttt{derivedSecondaryEclDuration}"
#   meta:
#     ucd: stat.error;time.duration
# - 
#   name: derived_secondary_ecl_depth
#   datatype: float32
#   unit: mag
#   description: "Secondary eclipse: depth"
#   meta:
#     ucd: src.var.amplitude
# - 
#   name: derived_secondary_ecl_depth_error
#   datatype: float32
#   unit: mag
#   description: "Secondary eclipse: uncertainty of \\texttt{derivedSecondaryEclDepth}"
#   meta:
#     ucd: stat.error;src.var.amplitude
solution_id,source_id,global_ranking,reference_time,frequency,frequency_error,geom_model_reference_level,geom_model_reference_level_error,geom_model_gaussian1_phase,geom_model_gaussian1_phase_error,geom_model_gaussian1_sigma,geom_model_gaussian1_sigma_error,geom_model_gaussian1_depth,geom_model_gaussian1_depth_error,geom_model_gaussian2_phase,geom_model_gaussian2_phase_error,geom_model_gaussian2_sigma,geom_model_gaussian2_sigma_error,geom_model_gaussian2_depth,geom_model_gaussian2_depth_error,geom_model_cosine_half_period_amplitude,geom_model_cosine_half_period_amplitude_error,geom_model_cosine_half_period_phase,geom_model_cosine_half_period_phase_error,model_type,num_model_parameters,reduced_chi2,derived_primary_ecl_phase,derived_primary_ecl_phase_error,derived_primary_ecl_duration,derived_primary_ecl_duration_error,derived_primary_ecl_depth,derived_primary_ecl_depth_error,derived_secondary_ecl_phase,derived_secondary_ecl_phase_error,derived_secondary_ecl_duration,derived_secondary_ecl_duration_error,derived_secondary_ecl_depth,derived_secondary_ecl_depth_error
[from data line 835]
375316653866487564,4089571583325811840,0.48784944,2320.7194598924107,1.5651705607189537,6.8537855E-5,18.947176,0.0045777815,0.8171116,3.0370342E-4,0.01165464,0.0011585531,0.3551537,0.08682528,0.55848104,0.013452157,0.106790215,0.019209463,0.16164649,0.03297291,null,null,null,null,"TWOGAUSSIANS",8,1.3904423,0.8170416,2.8511317E-4,0.065265976,0.006487897,0.3637636,0.09366338,0.55848104,0.013452157,0.4,0.0,0.16164087,0.03300129
375316653866487564,4089571621971206656,0.5829062,2280.103057210795,4.059293040976493,1.6766973E-5,18.97925,0.034213673,0.4921756,0.009911702,0.08791584,0.016885722,0.58597606,0.14619632,0.8767939,0.005878992,0.054506045,0.008010762,0.41219968,0.035767,null,null,null,null,"TWOGAUSSIANS",8,1.9017662,0.4921756,0.009911702,0.4,0.0,0.5858881,0.14629647,0.8767939,0.005878992,0.30523384,0.04486027,0.41215262,0.03563976
375316653866487564,4089571652044893312,0.4835449,2308.158742922415,1.431958473681883,5.753745E-5,16.769615,0.046468697,0.24720964,0.011767292,0.10597502,0.026639123,0.22764459,0.04030755,0.7368932,0.030990293,0.08715299,0.022311764,0.28752765,0.072534926,null,null,null,null,"TWOGAUSSIANS",8,59.303253,0.7368932,0.030990293,0.4,0.0,0.2722522,0.051744852,0.24720964,0.011767292,0.4,0.0,0.21236184,0.026616434
375316653866487564,4089571652044930176,0.5906843,2393.2799282583173,2.541531909053726,3.554086E-5,19.08868,0.011886701,0.26670715,0.006526458,0.07455864,0.006923605,0.32568297,0.017292472,0.7636081,0.0059254966,0.077367805,0.0064092632,0.38946348,0.021255394,null,null,null,null,"TWOGAUSSIANS",8,1.6829909,0.7636081,0.0059254966,0.4,0.0,0.38649818,0.021198504,0.26670715,0.006526458,0.4,0.0,0.32271767,0.016985057
375316653866487564,4089571823846565120,0.55258304,2350.1086377367233,0.15135485677205793,7.6388416E-5,19.223856,0.043177858,0.30482268,0.031266913,0.08045273,0.026483143,0.475487,0.19399805,0.7631969,0.01051521,0.08986669,0.029399045,0.79661685,2.0927777,null,null,null,null,"TWOGAUSSIANS",8,2.4486542,0.7631969,0.01051521,0.4,0.022016115,0.7886953,2.0999646,0.30482268,0.03126851,0.4,0.08377471,0.46756715,0.19772495
375316653866487564,4089572304823137280,0.6078016,2271.7550153336215,1.881407068041791,3.3468314E-5,16.361998,0.020431597,0.36408994,0.015987867,0.069167726,0.011358434,0.13502207,0.026657967,0.8142056,0.032000512,0.036313135,0.036847882,0.08308324,19686.219,0.05195794,0.016034506,0.8142056,0.032000512,"TWOGAUSSIANS_WITH_ELLIPSOIDAL_ON_ECLIPSE2",9,9.730663,0.35308993,0.0065487656,0.38733926,0.04160612,0.23114966,0.011978042,0.8142056,0.032000512,0.20335355,0.20634814,0.18698795,19686.23
375316653866487564,4089572480963869440,0.49479112,2314.2864410566267,2.6889566266473355,2.1489717E-5,17.440262,0.035393063,0.34281996,0.016964033,0.09268605,0.016199043,0.38475287,0.04837152,0.8579119,0.004481679,0.07996155,0.008400493,0.37265444,0.040792324,null,null,null,null,"TWOGAUSSIANS",8,19.551247,0.34281996,0.016964033,0.4,0.0,0.37592924,0.043465648,0.8579119,0.004481679,0.4,0.0,0.3638313,0.034816522
375316653866487564,4089572515323601024,0.61347306,2333.464494520603,2.6309013652994837,9.134581E-6,17.597574,0.01818448,0.30567822,0.02489748,0.087864995,0.026079915,0.41707236,0.04649974,0.8155027,0.0014123817,0.09314574,0.005414522,0.41921732,0.016228922,null,null,null,null,"TWOGAUSSIANS",8,6.3292556,0.8155027,0.0014123817,0.4,0.0,0.40338296,0.014092283,0.30567822,0.02489748,0.4,0.049038537,0.40123844,0.050596237
375316653866487564,4089572545394136448,0.50844485,2317.3285034295836,1.3201242765660683,6.001638E-5,18.791464,0.03483628,0.20106255,0.0193873,0.12934385,0.024664145,0.20799056,0.0374423,0.63925976,0.027037876,0.09976642,0.031042162,0.25812054,0.040580165,null,null,null,null,"TWOGAUSSIANS",8,1.1671807,0.63925976,0.027037876,0.4,0.0,0.23651008,0.044842377,0.20112254,0.019391928,0.4,0.0,0.18571073,0.023734998
375316653866487564,4089572717193199616,0.4788189,2354.0508707025983,0.6459932319206911,2.7657647E-4,19.195522,0.012737748,0.30853134,0.024001114,0.06548674,0.015525433,0.27330944,0.070218034,0.85157436,2.314183E-4,0.024804095,0.0046043433,0.76057327,0.3383838,null,null,null,null,"TWOGAUSSIANS",8,3.0229235,0.85157436,2.314183E-4,0.13890293,0.025784323,0.76057327,0.33838385,0.30853134,0.024001114,0.3667257,0.08694243,0.27330944,0.07021804
375316653866487564,4089572755841863552,0.44195235,2253.084779185317,3.579400408873729,9.304092E-5,18.467344,0.03274341,0.38779107,0.013952343,0.058912702,0.020503415,0.30937794,0.05321858,0.9387911,0.050595246,0.044279028,0.0226934,0.1737974,0.19540794,null,null,null,null,"TWOGAUSSIANS",8,35.280426,0.38779107,0.013952343,0.32991114,0.114819124,0.30937764,0.053218022,0.9387911,0.050595246,0.24796256,0.12708305,0.17379709,0.19540918
375316653866487564,4089572893281948672,0.518784,2298.9346102021195,0.3491079617320914,4.81052E-5,18.195847,0.0029280004,0.55201036,0.04650785,0.057358053,0.03614151,0.038475975,0.006488008,0.7237517,0.007884755,0.037786994,0.022507519,0.1314528,0.12697539,null,null,null,null,"TWOGAUSSIANS",8,0.9999357,0.7237517,0.007884755,0.21160717,0.1260421,0.13188772,0.12561275,0.55205035,0.047778238,0.3212051,0.118160546,0.03848028,0.0064818184
375316653866487564,4089573026471410304,0.53112,2218.601350941816,3.7293044288912096,2.3305576E-5,19.281578,0.043384906,0.29793784,0.009580369,0.07013428,0.0128735965,0.35344368,0.09391002,0.78221154,0.00881363,0.0690536,0.0120232515,0.43583578,0.055575732,null,null,null,null,"TWOGAUSSIANS",8,2.4966135,0.78221154,0.00881363,0.38670015,0.04063076,0.43501708,0.05401864,0.29793784,0.009580369,0.39275196,0.054212406,0.35262498,0.09337266
375316653866487564,4089573271238072320,0.55459446,2286.4385288973326,0.07993029510185357,4.9954822E-5,18.991789,0.0055457116,0.22516835,0.018077182,0.073283955,0.034471538,0.114322424,0.069582835,0.7792033,0.011704054,0.06316896,0.010602472,0.18562815,0.029891677,null,null,null,null,"TWOGAUSSIANS",8,0.7953005,0.7792033,0.01170437,0.35374615,0.059373844,0.18555327,0.029866153,0.22516835,0.018077182,0.4,0.016787603,0.11424755,0.070027694
375316653866487564,4089573473149009536,0.5118752,2257.5019770612294,0.1680529600410799,3.057028E-5,18.785366,0.009613597,0.05995957,0.0021721807,0.008708123,0.0041773664,0.3325385,3.049327,0.51474535,0.02804393,0.11177639,0.028100058,0.32281253,0.042247582,null,null,null,null,"TWOGAUSSIANS",8,1.2189134,0.05995957,0.0021721628,0.04876549,0.023393251,0.33259338,3.0492127,0.51474535,0.02804393,0.4,0.0,0.3227831,0.042875227
375316653866487564,4089573507445234816,0.5760221,2350.9895731922225,1.0373844787245525,1.209231E-4,17.11012,0.004678309,0.44192412,0.021413049,0.039701674,0.011060062,0.38276425,0.11901893,0.27327746,0.047996897,0.08952028,0.06136025,0.034191556,0.035023957,null,null,null,null,"TWOGAUSSIANS",8,11.386663,0.44141412,0.021642193,0.22232936,0.061936345,0.38859278,0.116785504,0.27459744,0.050665233,0.4,0.19875391,0.03424101,0.034962345
375316653866487564,4089573576133617664,0.5919152,2315.3985427237344,1.648428549739669,1.2388498E-5,16.426928,0.010319267,0.26189652,0.0026007525,0.08288816,0.006339528,0.17519964,0.00903355,0.76777816,0.0049683615,0.089164525,0.011403641,0.1432841,0.008668669,null,null,null,null,"TWOGAUSSIANS",8,5.221322,0.26189652,0.0026007525,0.4,0.0,0.17101914,0.0059152856,0.76777816,0.0049683615,0.4,0.0,0.13910356,0.006530476
375316653866487564,4089573576188837888,0.4494714,2251.60496156601,1.7310472063253035,4.4078937E-5,18.432327,0.22323976,0.2301313,0.011868794,0.08932704,0.026910286,0.36423013,0.2307947,0.71159,0.014672158,0.15471803,0.10950966,0.2714265,0.19699469,null,null,null,null,"TWOGAUSSIANS",8,8.896658,0.23062131,0.011127804,0.4,0.010123656,0.30767772,0.21609297,0.71159,0.014672158,0.4,0.0,0.21173923,0.0518955
375316653866487564,4089573679268085376,0.4996792,2280.0070603544896,0.4414805695515277,2.288281E-5,18.374487,0.054686926,0.42295426,0.07610042,0.2662174,0.18636513,0.09049245,0.044128682,0.773918,0.005812021,0.039077155,0.0060516745,0.1697719,0.013099298,null,null,null,null,"TWOGAUSSIANS",8,2.6659,0.773918,0.005812021,0.21883208,0.03388938,0.18124986,0.0137250945,0.42295426,0.07610042,0.4,0.0,0.05954291,0.02645
375316653866487564,4089573855307562624,0.5359245,2338.2359390496213,0.6663698448219952,5.8197278E-5,19.008806,0.016793866,0.4815316,0.22969997,0.156493,0.11389294,0.16776103,0.10086497,0.6277885,0.059145037,0.027028274,0.10407669,0.17615624,0.048023824,null,null,null,null,"TWOGAUSSIANS",8,1.4319283,0.6277885,0.059145037,0.15135834,0.24881719,0.28251714,0.08692,0.4815316,0.22133178,0.4,0.12806472,0.16572383,0.08535598
375316653866487564,4089574198905718144,0.53962094,2305.955942407767,0.22369711804836603,7.497829E-5,18.381466,0.09286365,0.2705119,0.016243456,0.13527775,0.04708789,0.24699835,0.08993483,0.7211382,0.008792429,0.08289303,0.033655364,0.24984363,0.06510279,null,null,null,null,"TWOGAUSSIANS",8,2.5436447,0.7211382,0.008792429,0.4,0.08215321,0.23074393,0.026392613,0.2705119,0.016230704,0.4,0.0,0.22687203,0.034218945
375316653866487564,4089574233311606144,0.4576851,2326.096557999178,0.9665908530866744,1.0161941E-4,16.585611,0.052364524,0.2764995,0.086373225,0.105021946,0.08952985,0.14551207,0.2830004,0.7609231,0.011294177,0.06195762,0.025491247,0.14077716,0.053218834,null,null,null,null,"TWOGAUSSIANS",8,47.715767,0.2764995,0.086373225,0.4,0.18859166,0.14315505,0.2841313,0.7609231,0.011294177,0.3469627,0.08794477,0.13842449,0.033778295
375316653866487564,4089574336344624896,0.46613428,2369.9571614301317,0.18598157629314432,6.147811E-5,18.772041,0.110849164,0.17237727,0.014384897,0.047687195,0.039587095,0.18341044,0.07285765,0.7026123,0.016270852,0.16236211,0.06528747,0.20869003,0.10818302,null,null,null,null,"TWOGAUSSIANS",8,4.442407,0.7026123,0.016270852,0.4,0.0,0.19443819,0.03773131,0.17191727,0.013763979,0.2670483,0.19077626,0.17334989,0.03836816
375316653866487564,4089574503902500992,0.6096046,2330.2618973002736,2.302818685582157,3.4790915E-5,18.313078,0.011072377,0.26703572,0.0039666933,0.09198795,0.0071470747,0.37563488,0.03754747,0.76604533,0.0045234906,0.078018144,0.004406562,0.4696281,0.015622149,null,null,null,null,"TWOGAUSSIANS",8,3.1189778,0.76604533,0.0045234906,0.4,0.0,0.45886257,0.013995293,0.26703572,0.0039666933,0.4,0.0,0.3648691,0.04028867
375316653866487564,4089574508143502976,0.525394,2287.677655527144,0.2538194573039958,4.761544E-5,19.103493,0.0124282995,0.23866242,0.015696729,0.0170574,0.007796052,0.8449176,0.29561535,0.7082157,0.014102847,0.069636196,0.021796258,0.40497983,0.07331667,null,null,null,null,"TWOGAUSSIANS",8,6.6312013,0.23866242,0.015696729,0.09552144,0.04365789,0.8449176,0.2956151,0.7082157,0.014102847,0.38996267,0.110804655,0.40497983,0.073316686
375316653866487564,4089574538262210048,0.4484502,2404.215742638397,3.552449214916124,8.189759E-5,18.633757,0.023056855,0.3252189,0.033785347,0.016304944,0.015361098,0.2875158,0.15775728,0.71406025,0.044499926,0.06667308,0.057000365,0.13444811,0.41691992,null,null,null,null,"TWOGAUSSIANS",8,6.8618712,0.3252189,0.033785347,0.091307685,0.086022146,0.2875158,0.15775743,0.71406025,0.044499926,0.37336925,0.31230742,0.13444811,0.41691992
375316653866487564,4089574611269310464,0.5126831,2360.9797404096007,1.6158230928615946,2.0575689E-4,18.204865,0.00905455,0.2603235,0.028096586,0.051706735,0.021880219,0.34037,0.17614646,0.69567215,0.03961828,0.040827,0.038987607,0.18030046,0.10036235,null,null,null,null,"TWOGAUSSIANS",8,9.519679,0.2603235,0.028096586,0.2895577,0.12252922,0.34037,0.17614785,0.69567215,0.03961828,0.2286312,0.21833059,0.18030046,0.100352265
375316653866487564,4089575126664939136,0.56462353,2344.559389906633,1.4514552068579516,1.5781665E-5,17.661856,0.016804213,0.24466355,0.008041655,0.07858474,0.011181061,0.29508966,0.026416628,0.7638518,0.0039102454,0.08538558,0.0067494316,0.33941236,0.016131362,null,null,null,null,"TWOGAUSSIANS",8,7.323822,0.7638518,0.0039102454,0.4,0.0,0.33519372,0.014680329,0.24466355,0.008041655,0.4,0.0,0.29087108,0.026516946
375316653866487564,4089575259819458688,0.449052,2310.7165560381495,4.40268080185603,5.0206905E-5,18.664198,0.011813522,0.09240876,0.016000265,0.03662576,0.010632939,0.0436947,0.01658583,0.6189974,0.008630818,0.07063936,0.023256259,0.13968277,0.036483277,null,null,null,null,"TWOGAUSSIANS",8,2.8240116,0.6189974,0.008630818,0.3955804,0.032700237,0.13968173,0.036531523,0.09240876,0.016000265,0.20510426,0.059544455,0.04369366,0.016571144
375316653866487564,4089575431581490176,0.5141576,2330.2372482584456,1.7399193911148463,1.8656194E-5,17.979448,0.011431188,0.10759234,0.005835837,0.054078825,0.006837806,0.39660504,0.046848033,0.44132861,0.0033807745,0.04765737,0.0048622703,0.43079752,0.060120035,null,null,null,null,"TWOGAUSSIANS",8,21.278704,0.44132861,0.0033807745,0.2668813,0.027228713,0.43079752,0.060120035,0.10759234,0.005835837,0.30284142,0.038291715,0.39660504,0.046848036
375316653866487564,4089575465980271616,0.4839685,2302.559153633253,1.637585047976482,7.571278E-5,19.102983,0.033602834,0.28882456,0.01002969,0.09097828,0.018058728,0.20241375,0.032748714,0.7564601,0.06310066,0.11058617,0.055713445,0.17499003,0.027995646,null,null,null,null,"TWOGAUSSIANS",8,2.3084798,0.28885454,0.0098611815,0.4,0.0,0.19109544,0.02288989,0.7564601,0.06310066,0.4,0.056271497,0.16364755,0.017086593
375316653866487564,4089575569029653632,0.451752,2305.843832009582,1.0621141273268762,9.216776E-5,17.433987,0.006673526,0.41154516,0.011138758,0.07302441,0.008002755,0.11769946,0.025935736,0.8766605,0.022186559,0.032357525,0.016479881,0.09212969,0.025976159,null,null,null,null,"TWOGAUSSIANS",8,16.800295,0.41154516,0.011138758,0.4,0.012531796,0.117698945,0.02593595,0.8766605,0.022186559,0.18120213,0.09228733,0.09212918,0.025977938
375316653866487564,4089575573341853184,0.5391002,2269.1821258161126,0.6776306567695719,1.9062827E-5,19.25887,0.0110493535,0.20154385,0.0054492657,0.09273493,0.008353287,0.27588058,0.013049204,0.77714235,0.036882505,0.07940388,0.021533733,0.21343726,0.032544274,null,null,null,null,"TWOGAUSSIANS",8,0.67045134,0.20154385,0.0054492657,0.4,0.0,0.27405635,0.012666035,0.77715236,0.03690292,0.4,0.032301392,0.21162069,0.029504197
375316653866487564,4089575740857881216,0.57043654,2300.89455298297,2.07416610613506,2.365567E-5,17.236958,0.025674924,0.7879617,0.0030573101,0.052623756,0.008112775,0.3575064,0.063076586,null,null,null,null,null,null,0.10644282,0.040164273,0.7879617,0.0030573101,"ONEGAUSSIAN_WITH_ELLIPSOIDAL",6,28.587456,0.7879617,0.0030573101,0.29469305,0.04543154,0.57038754,0.031700034,null,null,null,null,null,null
375316653866487564,4089575912617944576,0.52888507,2304.154506704394,3.2267176289671724,5.6198714E-5,19.018726,0.022074193,0.24229969,0.0069517153,0.097490974,0.010837188,0.38601813,0.039671276,0.6786814,4.1719063E-4,0.030740775,0.0017883033,0.4165213,0.019956626,null,null,null,null,"TWOGAUSSIANS",8,4.89967,0.6786814,4.1719063E-4,0.17214833,0.010014498,0.41649532,0.019916013,0.24229969,0.0069517153,0.4,0.0,0.38597488,0.039691307
375316653866487564,4089575916939042432,0.5308669,2284.8973433804154,1.7660438384494348,2.4071964E-5,14.198477,0.4174793,0.25697565,0.0041793226,0.16509624,0.050950654,0.30191553,0.32648233,0.760602,0.0051319413,0.19278158,0.10205961,0.2750584,0.3977805,null,null,null,null,"TWOGAUSSIANS",8,33.57504,0.25566566,0.0030796973,0.4,0.0,0.10975157,0.0033040869,0.761812,0.0047372566,0.4,0.0,0.069996685,0.009527481
