Gaia/vari_eclipsing_binary/VariEclipsingBinary_481512-481686.csv
# %ECSV 1.0
# ---
# delimiter: ','
# meta: !!omap
# - RELEASE: Gaia DR3
# - TABLE: vari_eclipsing_binary
# - DESCRIPTION: >
#     This table describes the properties of the eclipsing binaries resulting from the variability analysis. 
# - CITATION: >
#     How to cite and acknowledge Gaia: 
#     https://gea.esac.esa.int/archive/documentation/credits.html 
# - KNOWN_ISSUES: >
#     Known issues: 
#     https://www.cosmos.esa.int/web/gaia-users/known-issues 
# - DOCUMENTATION: >
#     Tutorials and documentation: 
#     https://www.cosmos.esa.int/web/gaia-users/archive 
# datatype:
# - 
#   name: solution_id
#   datatype: int64
#   description: Solution Identifier
#   meta:
#     ucd: meta.version
# - 
#   name: source_id
#   datatype: int64
#   description: Unique source identifier
#   meta:
#     ucd: meta.id;meta.main
# - 
#   name: global_ranking
#   datatype: float32
#   description: Number between 0 (worst) and 1 (best)
#   meta:
#     ucd: stat.param
# - 
#   name: reference_time
#   datatype: float64
#   unit: d
#   description: Reference time used for the geometric model fit
#   meta:
#     ucd: time.epoch
# - 
#   name: frequency
#   datatype: float64
#   unit: d**-1
#   description: Frequency of geometric model of the eclipsing binary light curve
#   meta:
#     ucd: src.orbital
# - 
#   name: frequency_error
#   datatype: float32
#   unit: d**-1
#   description: "Uncertainty of \\texttt{frequency}"
#   meta:
#     ucd: stat.error
# - 
#   name: geom_model_reference_level
#   datatype: float32
#   unit: mag
#   description: Magnitude reference level of geometric model
#   meta:
#     ucd: phot.mag;em.opt
# - 
#   name: geom_model_reference_level_error
#   datatype: float32
#   unit: mag
#   description: "Uncertainty of \\texttt{geomModelReferenceLevel}"
#   meta:
#     ucd: stat.error;phot.mag;em.opt
# - 
#   name: geom_model_gaussian1_phase
#   datatype: float32
#   description: Phase of the Gaussian 1 component
#   meta:
#     ucd: time.phase
# - 
#   name: geom_model_gaussian1_phase_error
#   datatype: float32
#   description: "Uncertainty of \\texttt{geomModelGaussian1Phase}"
#   meta:
#     ucd: stat.error;time.phase
# - 
#   name: geom_model_gaussian1_sigma
#   datatype: float32
#   description: "Standard deviation [phase] of Gaussian 1 component"
#   meta:
#     ucd: stat.stdev
# - 
#   name: geom_model_gaussian1_sigma_error
#   datatype: float32
#   description: "Uncertainty of \\texttt{geomModelGaussian1Sigma}"
#   meta:
#     ucd: stat.error
# - 
#   name: geom_model_gaussian1_depth
#   datatype: float32
#   unit: mag
#   description: Magnitude depth of Gaussian 1 component
#   meta:
#     ucd: src.var.amplitude
# - 
#   name: geom_model_gaussian1_depth_error
#   datatype: float32
#   unit: mag
#   description: "Uncertainty of \\texttt{geomModelGaussian1Depth}"
#   meta:
#     ucd: stat.error;src.var.amplitude
# - 
#   name: geom_model_gaussian2_phase
#   datatype: float32
#   description: Phase of Gaussian 2 component
#   meta:
#     ucd: time.phase
# - 
#   name: geom_model_gaussian2_phase_error
#   datatype: float32
#   description: "Uncertainty of \\texttt{geomModelGaussian2Phase}"
#   meta:
#     ucd: stat.error;time.phase
# - 
#   name: geom_model_gaussian2_sigma
#   datatype: float32
[...]
#   datatype: float32
#   description: "Secondary eclipse: uncertainty of \\texttt{derivedSecondaryEclDuration}"
#   meta:
#     ucd: stat.error;time.duration
# - 
#   name: derived_secondary_ecl_depth
#   datatype: float32
#   unit: mag
#   description: "Secondary eclipse: depth"
#   meta:
#     ucd: src.var.amplitude
# - 
#   name: derived_secondary_ecl_depth_error
#   datatype: float32
#   unit: mag
#   description: "Secondary eclipse: uncertainty of \\texttt{derivedSecondaryEclDepth}"
#   meta:
#     ucd: stat.error;src.var.amplitude
solution_id,source_id,global_ranking,reference_time,frequency,frequency_error,geom_model_reference_level,geom_model_reference_level_error,geom_model_gaussian1_phase,geom_model_gaussian1_phase_error,geom_model_gaussian1_sigma,geom_model_gaussian1_sigma_error,geom_model_gaussian1_depth,geom_model_gaussian1_depth_error,geom_model_gaussian2_phase,geom_model_gaussian2_phase_error,geom_model_gaussian2_sigma,geom_model_gaussian2_sigma_error,geom_model_gaussian2_depth,geom_model_gaussian2_depth_error,geom_model_cosine_half_period_amplitude,geom_model_cosine_half_period_amplitude_error,geom_model_cosine_half_period_phase,geom_model_cosine_half_period_phase_error,model_type,num_model_parameters,reduced_chi2,derived_primary_ecl_phase,derived_primary_ecl_phase_error,derived_primary_ecl_duration,derived_primary_ecl_duration_error,derived_primary_ecl_depth,derived_primary_ecl_depth_error,derived_secondary_ecl_phase,derived_secondary_ecl_phase_error,derived_secondary_ecl_duration,derived_secondary_ecl_duration_error,derived_secondary_ecl_depth,derived_secondary_ecl_depth_error
[from data line 216]
375316653866487564,4236048006921465088,0.42701897,2083.4229991597736,0.5948521164814948,1.5831669E-5,18.981771,0.013609155,0.31346923,0.023752373,0.09822789,0.033894166,0.11982074,0.03343482,0.8386787,0.0015040489,0.023265107,0.0026380802,0.29011366,0.035775535,null,null,null,null,"TWOGAUSSIANS",8,11.08122,0.8386787,0.0015040489,0.13028459,0.01477325,0.29009494,0.035759807,0.31346923,0.023752373,0.4,0.0,0.11980093,0.03351135
375316653866487564,4236048114303756032,0.54798806,2087.6953750779753,1.7737539733142633,8.129645E-6,15.949301,0.0053881765,0.16629069,7.8301464E-4,0.02744617,8.2106265E-4,0.5283185,0.019741433,0.6371951,0.026813347,0.06865123,0.01796704,0.12217332,0.03617004,null,null,null,null,"TWOGAUSSIANS",8,100.18263,0.16629069,7.8301464E-4,0.15369855,0.004597951,0.5283184,0.019741436,0.6371951,0.026813347,0.3844469,0.09061478,0.12217323,0.03616979
375316653866487564,4236049385613967104,0.5919111,2113.112605554611,0.2801007596118023,1.654854E-5,12.540346,0.002538869,0.17927001,0.0023947735,0.026055908,0.0026597886,0.049153022,0.010882723,0.68228364,0.00328296,0.027914606,0.001968923,0.54722804,0.053128645,0.010620794,0.0043071313,0.17927001,0.0023947735,"TWOGAUSSIANS_WITH_ELLIPSOIDAL_ON_ECLIPSE1",9,142.27834,0.68228364,0.00328296,0.1563218,0.011025969,0.568462,0.0566786,0.17927001,0.0023947735,0.1459131,0.014894816,0.07039459,0.0077235233
375316653866487564,4236050996218783360,0.6130086,2074.085273985262,3.9592492392503345,7.938187E-6,18.111902,0.014074912,0.13454473,0.0019803296,0.04775548,0.007060671,0.24376523,0.028258683,0.63021344,0.004536511,0.047495436,0.0061176233,0.19529864,0.032206256,0.118040495,0.018761903,0.13454473,0.0019803296,"TWOGAUSSIANS_WITH_ELLIPSOIDAL_ON_ECLIPSE1",9,3.834004,0.13454473,0.0019803296,0.2674307,0.039539758,0.4798454,0.0126919495,0.6309835,0.003708581,0.26597443,0.03425869,0.43123496,0.012815173
375316653866487564,4236059590454386816,0.5373974,2110.7805689100937,0.2964128161346422,1.141082E-5,17.908108,0.005081628,0.16238628,0.002522381,0.005037389,8.953131E-4,1.0830598,0.5976395,0.6748484,0.015549639,0.049643442,0.03263641,0.055506352,0.041184153,null,null,null,null,"TWOGAUSSIANS",8,7.3547277,0.16238628,0.002522381,0.028209379,0.005013753,1.0830598,0.5976395,0.6748484,0.015549639,0.27800328,0.1827639,0.055506352,0.041184153
375316653866487564,4236068352187906048,0.50961757,2064.407716257819,2.0917525851656116,2.8974213E-5,17.329662,0.009363787,0.69121957,0.0017847857,0.025544466,0.0021762368,0.62681925,0.041835286,null,null,null,null,null,null,0.012907598,0.011905157,0.69121957,0.0017847857,"ONEGAUSSIAN_WITH_ELLIPSOIDAL",6,59.17629,0.69121957,0.0017847857,0.14304902,0.012186926,0.65263444,0.03895532,null,null,null,null,null,null
375316653866487564,4236076598524927360,0.5333663,2068.472148662323,2.239856486776414,1.5449354E-5,14.0191765,0.02436167,0.29219896,0.0053384216,0.09921345,0.010337341,0.29539838,0.02432329,0.7977209,0.0032615217,0.10184938,0.008356485,0.29124388,0.023495663,null,null,null,null,"TWOGAUSSIANS",8,321.35162,0.29219896,0.0053384216,0.4,0.0,0.27053717,0.014657384,0.7977209,0.0032615217,0.4,0.0,0.26638103,0.010477925
375316653866487564,4236078282152217600,0.58359015,2101.1896495060937,1.8220957388416268,6.046252E-6,14.5623045,0.055117555,0.2894334,0.0032663876,0.13166708,0.013557009,0.27820173,0.051856287,0.8132384,0.0042217732,0.14120331,0.022471817,0.17260079,0.053610966,null,null,null,null,"TWOGAUSSIANS",8,26.6233,0.28883338,0.0026093249,0.4,0.0,0.21109706,0.0067270887,0.8141984,0.003564869,0.4,0.0,0.10523808,0.004326704
375316653866487564,4236081099650698240,0.55315274,2085.2268911002425,2.717815471717688,1.0299879E-5,14.58729,0.13980961,0.19024237,0.002771823,0.17272714,0.01572241,0.6038636,0.10278073,0.69275254,0.0032076982,0.23738992,0.03300947,0.74057025,0.13927393,null,null,null,null,"TWOGAUSSIANS",8,23.205914,0.18787237,0.0027354294,0.4,0.0,0.12746055,0.006004068,0.69408256,0.0033990615,0.4,0.0,0.12146579,0.004480427
375316653866487564,4236081507668088064,0.57434756,2114.331504369221,2.7095660200708047,1.0150896E-5,17.690105,0.006098824,0.27755985,0.0025101518,0.07577392,0.0034843183,0.29215297,0.007789644,0.7693743,0.0049696746,0.07592877,0.005403033,0.31413954,0.0117089385,null,null,null,null,"TWOGAUSSIANS",8,6.4334207,0.7693743,0.0049696746,0.4,0.0,0.31192288,0.011630489,0.27755985,0.0025101518,0.4,0.0,0.28993633,0.0073792604
375316653866487564,4236086356690873600,0.54339623,2089.948009886408,0.8256319219704911,1.9624738E-5,17.08673,0.003925858,0.27808133,0.0035171357,0.039278902,0.0031914322,0.20786974,0.024570413,0.78544945,0.009193733,0.038025547,0.007743937,0.1716507,0.014951743,null,null,null,null,"TWOGAUSSIANS",8,7.8457866,0.27808133,0.0035171357,0.21996185,0.01787202,0.20786974,0.024570413,0.78544945,0.009193733,0.21294306,0.043366045,0.1716507,0.014951743
375316653866487564,4236090376780167168,0.56084657,2101.814517053448,3.776004247368175,1.078566E-5,16.785421,0.69480085,0.22974479,0.004705708,0.12582934,0.07900803,0.2169434,0.6311066,0.739342,0.0044732783,0.13041717,0.06816125,0.23814932,0.61980236,null,null,null,null,"TWOGAUSSIANS",8,5.9535246,0.73945194,0.0028445525,0.4,0.0,0.1753588,0.0077541345,0.22956479,0.004145605,0.4,0.0,0.15430206,0.0082365405
375316653866487564,4236090441200529408,0.5292528,2077.823369735476,3.4544824541671675,2.4252311E-5,16.096212,0.015391549,0.27525246,0.0072682495,0.096369185,0.0104732625,0.22978054,0.017719284,0.7686659,0.0045776144,0.09929136,0.01190023,0.20158122,0.013591071,null,null,null,null,"TWOGAUSSIANS",8,29.892197,0.27525246,0.0072682495,0.4,0.0,0.21473134,0.010880761,0.7686659,0.0045776144,0.4,0.0,0.1865314,0.007851022
375316653866487564,4236091609432788736,0.5891347,2078.5995234344837,3.757007016668155,7.7833465E-6,18.896618,0.018284908,0.30640766,0.0022803696,0.041613787,0.0054650926,0.43343833,0.04032138,0.80692726,0.004472309,0.046015184,0.0060864054,0.52170664,0.040228933,0.13920094,0.025596283,0.30640766,0.0022803696,"TWOGAUSSIANS_WITH_ELLIPSOIDAL_ON_ECLIPSE1",9,4.072974,0.80692726,0.00416508,0.25768504,0.034083873,0.8001051,0.03272948,0.30640766,0.0022803696,0.2330372,0.030604519,0.71183974,0.021214519
375316653866487564,4236095118424499584,0.49140948,2048.528653267094,0.2542101614278266,4.439547E-5,14.578352,0.0095619485,0.3039919,0.009404317,0.10349132,0.017429724,0.08539574,0.009393868,0.80119896,0.010175889,0.09191338,0.018357638,0.04254996,0.009158447,null,null,null,null,"TWOGAUSSIANS",8,41.028976,0.3039919,0.009404317,0.4,0.0,0.08094446,0.006080702,0.80119896,0.0101893265,0.4,0.0,0.038100123,0.0037755943
375316653866487564,4236095217201282688,0.465705,2046.1045521307103,3.29450332958241,7.833363E-5,19.03546,0.024831861,0.2605295,0.018252218,0.05817356,0.029180687,0.4189435,0.13899104,0.7709481,0.0045080506,0.08313123,0.013721724,0.25662994,0.021271992,null,null,null,null,"TWOGAUSSIANS",8,7.3087835,0.2605295,0.018252218,0.32577193,0.11651962,0.4180424,0.14441018,0.7709481,0.0045080506,0.4,0.0,0.25572884,0.019647656
375316653866487564,4236100306745392256,0.49611935,2044.656708073696,1.808148959444058,1.9595596E-5,14.484159,0.021257315,0.22229254,0.006088303,0.044630177,0.019475823,0.098157756,0.03731235,0.7274665,0.005193648,0.060921084,0.013769957,0.28181735,0.038863167,0.02701993,0.024377901,0.22229254,0.006088303,"TWOGAUSSIANS_WITH_ELLIPSOIDAL_ON_ECLIPSE1",9,496.66794,0.7274665,0.0051798257,0.34115806,0.07711176,0.3357574,0.05233208,0.22229254,0.006088303,0.249929,0.10906461,0.15215488,0.016000286
375316653866487564,4236104391251738368,0.44420493,2081.5074460488117,0.03198712715220746,7.471022E-5,18.242527,0.03134135,0.412758,0.028965654,0.116440974,0.029653464,0.21857952,0.036445394,0.77963376,0.01814319,0.12285833,0.027919265,0.25072065,0.023022836,null,null,null,null,"TWOGAUSSIANS",8,8.079859,0.77963376,0.01814319,0.4,0.0,0.23809028,0.024465507,0.417618,0.026825022,0.4,0.0,0.20749617,0.039214414
375316653866487564,4236107964664683136,0.5426224,2024.8063910124756,1.2419050298380476,1.1899503E-5,18.739975,0.0057113483,0.25798133,0.00466797,0.032228507,0.010932927,0.07769624,0.040178478,0.9232403,0.0045837397,0.00917689,0.006743195,2.075896,44803.465,null,null,null,null,"TWOGAUSSIANS",8,2.405433,0.9232403,0.0045837397,0.051390585,0.037761893,2.075896,44803.465,0.25798133,0.00466797,0.18047963,0.06122439,0.07769624,0.040178478
375316653866487564,4236111026983542144,0.59011847,2024.0670708381488,2.8218817214824865,8.574833E-6,16.48676,0.004070546,0.24364163,0.0020188075,0.02975984,0.010067523,0.075355746,0.01849779,0.74657047,0.0104053,0.058308046,0.014211099,0.09926889,0.018122291,0.093246736,0.0051810658,0.24364163,0.0020188075,"TWOGAUSSIANS_WITH_ELLIPSOIDAL_ON_ECLIPSE1",9,11.009215,0.74657047,0.0076224846,0.32652506,0.079582155,0.285691,0.018138064,0.24364163,0.0020188075,0.16665511,0.056378134,0.261841,0.024849411
375316653866487564,4236112813689950848,0.5516377,2051.590463764463,0.8774757162788763,1.4675829E-5,17.6101,0.0011525352,0.23311463,0.0014895566,0.0067433524,0.0015558399,0.19832797,1.0240049,0.77285653,0.036497377,0.035831623,0.017150706,0.19624974,1.9723071,null,null,null,null,"TWOGAUSSIANS",8,0.8879918,0.23311463,0.0014895566,0.037762772,0.008712703,0.19832797,1.0240049,0.77285653,0.036497377,0.2006571,0.09604396,0.19624974,1.9723071
375316653866487564,4236113977625678464,0.45898893,2032.8472744516578,4.016728757244777,2.5677904E-5,19.49203,0.07008654,0.32858008,0.009124001,0.104648195,0.021401323,0.36053866,0.0709502,0.8262877,0.006848569,0.090057254,0.016253915,0.45460936,0.07056946,null,null,null,null,"TWOGAUSSIANS",8,5.900057,0.8262877,0.006848569,0.4,0.0,0.4259886,0.05142812,0.32858008,0.009124001,0.4,0.0,0.3319101,0.041169453
375316653866487564,4236115528109371904,0.6738527,2065.413922861482,0.5761910265242803,1.2650303E-5,15.56021,0.0025980368,0.28840625,0.0012859878,0.030167874,0.0010515375,1.0549477,0.057794735,0.7869756,0.00803037,0.03249601,0.004627398,0.08496253,0.012066648,0.01162641,0.0038964034,0.28840625,0.0012859878,"TWOGAUSSIANS_WITH_ELLIPSOIDAL_ON_ECLIPSE1",9,21.961533,0.28840625,0.0012859878,0.1689401,0.0058886097,1.0782006,0.058717385,0.78700566,0.007855029,0.18197766,0.02591343,0.1082135,0.0106974235
375316653866487564,4236122258316092416,0.5717038,2069.323759033287,3.3170148955267478,5.4563993E-6,18.611864,0.0040164,0.21505702,0.00952288,0.03481167,0.008321702,0.41319385,0.040029358,0.7157878,0.0017203836,0.031872798,0.0020449816,0.66787905,0.046786215,null,null,null,null,"TWOGAUSSIANS",8,3.8847158,0.7157878,0.0017203836,0.17848767,0.011451896,0.66787905,0.046786215,0.21505702,0.00952288,0.19494537,0.046601526,0.41319385,0.040029358
375316653866487564,4236123323468102656,0.48990148,2069.3659308470374,0.6946223564266263,5.689721E-5,18.802673,0.007959518,0.09533167,0.0047469055,0.009126365,0.0052699177,0.7499664,0.29278514,0.5861906,0.012226709,0.030617636,0.024957225,0.19633566,128832.52,null,null,null,null,"TWOGAUSSIANS",8,10.732446,0.09533167,0.0047469055,0.051107645,0.02951154,0.7499664,0.29278514,0.5861906,0.012226709,0.17145877,0.13976046,0.19633566,128832.52
375316653866487564,4236127966334768896,0.6204723,2076.6113376467156,1.536525254956794,5.2347855E-6,16.896433,0.007357818,0.29090244,0.0010421781,0.043633852,0.0017710872,0.6594931,0.027687598,0.8055676,0.011557135,0.038321815,0.012543324,0.06780538,0.021721618,0.028331207,0.008846126,0.29090244,0.0010421781,"TWOGAUSSIANS_WITH_ELLIPSOIDAL_ON_ECLIPSE1",9,6.4561343,0.29090244,0.0010421781,0.24434957,0.009918088,0.7161554,0.031415753,0.8055676,0.011557135,0.21460217,0.07024262,0.123987965,0.01344994
375316653866487564,4236131741605047552,0.5859764,2070.2605486333373,0.3990747116617837,3.7650003E-5,12.426439,0.0016451582,0.22336322,0.002093823,0.016723663,0.0036704459,0.23020096,0.052722134,0.72679794,0.0045011463,0.024395201,0.0037510726,0.1543083,0.020294106,0.007412958,0.0029272267,0.72679794,0.0045011463,"TWOGAUSSIANS_WITH_ELLIPSOIDAL_ON_ECLIPSE2",9,110.13929,0.22336322,0.0020870685,0.09365252,0.020554496,0.24501994,0.051912557,0.72679794,0.0045011463,0.13661312,0.021006007,0.1691342,0.020923756
375316653866487564,4236139919224093824,0.5792996,2063.947407703421,3.6803389624041123,1.120655E-5,18.518415,0.024740614,0.2991946,0.0028723124,0.047876053,0.006561456,0.36652875,0.05354611,0.79477423,0.004213068,0.045592472,0.005930629,0.36562678,0.073098876,0.14553127,0.031892568,0.2991946,0.0028723124,"TWOGAUSSIANS_WITH_ELLIPSOIDAL_ON_ECLIPSE1",9,9.13356,0.2991946,0.0028723124,0.2681059,0.03674415,0.6575905,0.021483373,0.7952842,0.0036864453,0.25531784,0.03321152,0.65649,0.05101585
375316653866487564,4236143668735811328,0.48599494,2066.263530321591,3.2091588562791986,2.7985268E-5,17.51046,0.027857225,0.207151,0.008699955,0.0743097,0.026002215,0.11770774,0.03512013,0.7182118,0.005369145,0.08326081,0.019868739,0.1500576,0.021479089,null,null,null,null,"TWOGAUSSIANS",8,7.9557223,0.7182118,0.005369145,0.4,0.0,0.1486693,0.015353545,0.207151,0.008699955,0.4,0.045159467,0.116319455,0.033208724
375316653866487564,4236158473483211648,0.57733494,2054.0765601170883,2.6610007750256366,8.547274E-6,18.383574,0.012967084,0.26271158,0.002069094,0.09879872,0.004845043,0.37516525,0.011158354,0.7650255,0.002425216,0.09061475,0.0044139586,0.45504725,0.013691172,null,null,null,null,"TWOGAUSSIANS",8,2.5136702,0.7650255,0.002425216,0.4,0.0,0.43066436,0.011563572,0.26271158,0.002069094,0.4,0.0,0.3507805,0.0069725495
375316653866487564,4236158580862287744,0.58347815,2047.2172297232635,0.22115444436644435,4.910341E-5,15.973245,0.003964095,0.17546046,4.5320834E-5,0.012828952,2.3277458E-4,0.9749901,0.0049683866,0.502179,0.07921223,0.050865155,0.020312937,0.22218697,0.14100923,0.031135464,0.007976177,0.17546046,4.5320834E-5,"TWOGAUSSIANS_WITH_ELLIPSOIDAL_ON_ECLIPSE1",9,56.4731,0.17546046,4.5320834E-5,0.07184213,0.0013035376,1.0372605,0.018281095,0.50605905,0.08345667,0.28484488,0.11375245,0.23619142,0.15566908
375316653866487564,4236164555156721024,0.5409904,2061.1355270222025,2.663638879397237,1.3402676E-5,18.176256,0.021836702,0.30208957,0.01164043,0.040352885,0.017471634,0.24539205,0.11446849,0.8171978,0.0045375493,0.03974779,0.0054970086,0.75924325,0.06508081,0.08419101,0.050965242,0.8171978,0.0045375493,"TWOGAUSSIANS_WITH_ELLIPSOIDAL_ON_ECLIPSE2",9,37.507816,0.8171978,0.0045375493,0.22258763,0.030783247,0.9276252,0.09282405,0.30330956,0.011753474,0.22597617,0.09784114,0.4123829,0.076661825
375316653866487564,4236167681895274240,0.45093322,2084.8032372350167,0.036864714225787285,2.4157534E-5,18.743956,0.0069413125,0.42654404,0.011521748,0.14385828,0.008558252,0.33425334,0.02279224,0.8547565,0.0028281128,0.03900161,0.0044490728,0.27538756,0.042777676,null,null,null,null,"TWOGAUSSIANS",8,7.458467,0.42654404,0.011521748,0.4,0.0,0.3300806,0.022579784,0.8547565,0.0028281128,0.21840902,0.024914809,0.2753207,0.043447856
375316653866487564,4236173797923856384,0.5418904,2064.7751383519044,4.036120169658573,8.65235E-6,19.093006,0.008697498,0.21248351,0.0043030684,0.08491084,0.0046075624,0.34598204,0.01154486,0.7326503,0.0042710523,0.07173437,0.005034143,0.3674349,0.008845347,null,null,null,null,"TWOGAUSSIANS",8,1.6416996,0.7326503,0.0042710523,0.4,0.012369356,0.36457878,0.007942845,0.21248351,0.0043030684,0.4,0.0,0.3431259,0.010672136
375316653866487564,4236189603406381184,0.48800114,2044.9039941541832,3.934282054226974,1.9143235E-5,18.205065,0.003306169,null,null,null,null,null,null,null,null,null,null,null,null,0.07170954,0.004281803,0.78369147,0.0055584344,"ELLIPSOIDAL",4,3.9030097,null,null,null,null,null,null,null,null,null,null,null,null
