Gaia/vari_eclipsing_binary/VariEclipsingBinary_212644-212708.csv
# %ECSV 1.0
# ---
# delimiter: ','
# meta: !!omap
# - RELEASE: Gaia DR3
# - TABLE: vari_eclipsing_binary
# - DESCRIPTION: >
#     This table describes the properties of the eclipsing binaries resulting from the variability analysis. 
# - CITATION: >
#     How to cite and acknowledge Gaia: 
#     https://gea.esac.esa.int/archive/documentation/credits.html 
# - KNOWN_ISSUES: >
#     Known issues: 
#     https://www.cosmos.esa.int/web/gaia-users/known-issues 
# - DOCUMENTATION: >
#     Tutorials and documentation: 
#     https://www.cosmos.esa.int/web/gaia-users/archive 
# datatype:
# - 
#   name: solution_id
#   datatype: int64
#   description: Solution Identifier
#   meta:
#     ucd: meta.version
# - 
#   name: source_id
#   datatype: int64
#   description: Unique source identifier
#   meta:
#     ucd: meta.id;meta.main
# - 
#   name: global_ranking
#   datatype: float32
#   description: Number between 0 (worst) and 1 (best)
#   meta:
#     ucd: stat.param
# - 
#   name: reference_time
#   datatype: float64
#   unit: d
#   description: Reference time used for the geometric model fit
#   meta:
#     ucd: time.epoch
# - 
#   name: frequency
#   datatype: float64
#   unit: d**-1
#   description: Frequency of geometric model of the eclipsing binary light curve
#   meta:
#     ucd: src.orbital
# - 
#   name: frequency_error
#   datatype: float32
#   unit: d**-1
#   description: "Uncertainty of \\texttt{frequency}"
#   meta:
#     ucd: stat.error
# - 
#   name: geom_model_reference_level
#   datatype: float32
#   unit: mag
#   description: Magnitude reference level of geometric model
#   meta:
#     ucd: phot.mag;em.opt
# - 
#   name: geom_model_reference_level_error
#   datatype: float32
#   unit: mag
#   description: "Uncertainty of \\texttt{geomModelReferenceLevel}"
#   meta:
#     ucd: stat.error;phot.mag;em.opt
# - 
#   name: geom_model_gaussian1_phase
#   datatype: float32
#   description: Phase of the Gaussian 1 component
#   meta:
#     ucd: time.phase
# - 
#   name: geom_model_gaussian1_phase_error
#   datatype: float32
#   description: "Uncertainty of \\texttt{geomModelGaussian1Phase}"
#   meta:
#     ucd: stat.error;time.phase
# - 
#   name: geom_model_gaussian1_sigma
#   datatype: float32
#   description: "Standard deviation [phase] of Gaussian 1 component"
#   meta:
#     ucd: stat.stdev
# - 
#   name: geom_model_gaussian1_sigma_error
#   datatype: float32
#   description: "Uncertainty of \\texttt{geomModelGaussian1Sigma}"
#   meta:
#     ucd: stat.error
# - 
#   name: geom_model_gaussian1_depth
#   datatype: float32
#   unit: mag
#   description: Magnitude depth of Gaussian 1 component
#   meta:
#     ucd: src.var.amplitude
# - 
#   name: geom_model_gaussian1_depth_error
#   datatype: float32
#   unit: mag
#   description: "Uncertainty of \\texttt{geomModelGaussian1Depth}"
#   meta:
#     ucd: stat.error;src.var.amplitude
# - 
#   name: geom_model_gaussian2_phase
#   datatype: float32
#   description: Phase of Gaussian 2 component
#   meta:
#     ucd: time.phase
# - 
#   name: geom_model_gaussian2_phase_error
#   datatype: float32
#   description: "Uncertainty of \\texttt{geomModelGaussian2Phase}"
#   meta:
#     ucd: stat.error;time.phase
# - 
#   name: geom_model_gaussian2_sigma
#   datatype: float32
[...]
#   datatype: float32
#   description: "Secondary eclipse: uncertainty of \\texttt{derivedSecondaryEclDuration}"
#   meta:
#     ucd: stat.error;time.duration
# - 
#   name: derived_secondary_ecl_depth
#   datatype: float32
#   unit: mag
#   description: "Secondary eclipse: depth"
#   meta:
#     ucd: src.var.amplitude
# - 
#   name: derived_secondary_ecl_depth_error
#   datatype: float32
#   unit: mag
#   description: "Secondary eclipse: uncertainty of \\texttt{derivedSecondaryEclDepth}"
#   meta:
#     ucd: stat.error;src.var.amplitude
solution_id,source_id,global_ranking,reference_time,frequency,frequency_error,geom_model_reference_level,geom_model_reference_level_error,geom_model_gaussian1_phase,geom_model_gaussian1_phase_error,geom_model_gaussian1_sigma,geom_model_gaussian1_sigma_error,geom_model_gaussian1_depth,geom_model_gaussian1_depth_error,geom_model_gaussian2_phase,geom_model_gaussian2_phase_error,geom_model_gaussian2_sigma,geom_model_gaussian2_sigma_error,geom_model_gaussian2_depth,geom_model_gaussian2_depth_error,geom_model_cosine_half_period_amplitude,geom_model_cosine_half_period_amplitude_error,geom_model_cosine_half_period_phase,geom_model_cosine_half_period_phase_error,model_type,num_model_parameters,reduced_chi2,derived_primary_ecl_phase,derived_primary_ecl_phase_error,derived_primary_ecl_duration,derived_primary_ecl_duration_error,derived_primary_ecl_depth,derived_primary_ecl_depth_error,derived_secondary_ecl_phase,derived_secondary_ecl_phase_error,derived_secondary_ecl_duration,derived_secondary_ecl_duration_error,derived_secondary_ecl_depth,derived_secondary_ecl_depth_error
[from data line 760]
375316653866487564,1870956649723913600,0.6082242,2207.006693928106,3.782385680851259,1.1702176E-5,17.877146,0.009042548,0.24878784,0.0017659144,0.041799814,0.0042738677,0.45185778,0.027522119,0.7481127,0.0028589582,0.047185067,0.004112249,0.29869038,0.020549249,0.12172812,0.012197389,0.24878784,0.0017659144,"TWOGAUSSIANS_WITH_ELLIPSOIDAL_ON_ECLIPSE1",9,7.607122,0.24878784,0.0017659144,0.23407896,0.02393366,0.6953134,0.028625835,0.74819267,0.0024456552,0.2642364,0.023028594,0.54214215,0.010398309
375316653866487564,1870957611802208128,0.47957695,2203.39534143809,2.7900016885776737,2.2224365E-5,19.22381,0.020206792,0.20999125,0.0042344504,0.09529217,0.00952615,0.25406718,0.019823862,0.71514434,0.0074263336,0.08831861,0.014407783,0.23428325,0.019936282,null,null,null,null,"TWOGAUSSIANS",8,3.4683216,0.20999125,0.0042344504,0.4,0.0,0.24297273,0.013175703,0.71514434,0.0074263336,0.4,0.0,0.2231893,0.014783532
375316653866487564,1870957646156414336,0.4992704,2194.8027799912193,2.3521967885543105,1.6598482E-5,19.813026,0.014135023,0.26216912,0.0064648986,0.07244178,0.008580201,0.21101446,0.0187826,0.749525,0.0028331145,0.07337425,0.007604856,0.39835662,0.034335166,null,null,null,null,"TWOGAUSSIANS",8,1.8277978,0.749525,0.0028331145,0.4,0.0,0.3971585,0.03523519,0.26216912,0.0064648986,0.4,0.016141905,0.20981635,0.018198526
375316653866487564,1870958573874898688,0.45999908,2192.3990796305015,3.0909777282113633,2.6135514E-5,17.556068,0.0041439408,0.2779698,0.012396971,0.07422886,0.016648414,0.052224267,0.02153555,0.7593881,0.009939513,0.07611192,0.012626161,0.0672385,0.008329788,null,null,null,null,"TWOGAUSSIANS",8,3.3630857,0.7593881,0.009939513,0.4,0.009286233,0.066929065,0.008387214,0.2779698,0.012396971,0.4,0.040210556,0.051914826,0.02175909
375316653866487564,1870958878805117056,0.6272927,2207.4715991500525,3.1678631544466795,3.849647E-6,18.226713,0.008357445,0.22671807,9.1386813E-4,0.047160868,0.0024811772,0.64196855,0.035678107,0.72394806,0.0018481575,0.041993964,0.0030596114,0.46409014,0.04381811,0.12533367,0.010709734,0.22671807,9.1386813E-4,"TWOGAUSSIANS_WITH_ELLIPSOIDAL_ON_ECLIPSE1",9,3.736747,0.22671807,9.1386813E-4,0.26410088,0.013894592,0.8926348,0.040598165,0.7241381,0.0016974199,0.23516619,0.017133825,0.71468574,0.05153887
375316653866487564,1870959467228458112,0.498026,2190.035011179238,1.13372435576328,1.1900657E-5,16.521484,0.0022733507,0.17183699,0.0062056095,0.07835521,0.011923915,0.040528186,0.0040498422,0.6739922,0.004167849,0.077635035,0.006241537,0.04641347,0.0025323092,null,null,null,null,"TWOGAUSSIANS",8,2.2284517,0.6739922,0.004167849,0.4,0.0,0.04592625,0.0023175664,0.17183699,0.0062056095,0.4,0.0,0.04004097,0.0042937994
375316653866487564,1870959669071183872,0.54212946,2208.5613953439456,0.24318672466081884,1.3541152E-5,13.994757,0.0057274555,0.33595994,0.0012478543,0.039756283,0.0010843031,0.6060502,0.01057615,0.8358549,0.004560971,0.040803574,0.0054021403,0.15435249,0.035095185,null,null,null,null,"TWOGAUSSIANS",8,397.88876,0.33595994,0.0012478543,0.22263518,0.0060720975,0.6060502,0.010576149,0.8358549,0.004560971,0.22850001,0.030251985,0.15435249,0.03509519
375316653866487564,1870959845185638528,0.5055646,2242.36312289469,1.485850075637841,1.6977025E-5,17.175001,0.0053519793,0.16250674,0.019199153,0.01957115,0.025248323,0.066492334,1.79317228E10,0.6082462,0.0013008139,0.0056234207,0.0011076351,1.0776483,0.46912208,0.030589376,0.008303327,0.16250674,0.019199153,"TWOGAUSSIANS_WITH_ELLIPSOIDAL_ON_ECLIPSE1",9,39.95739,0.60825616,0.0012979837,0.031491157,0.0062027564,1.131988,0.47078493,0.16250674,0.019199153,0.109598435,0.1413906,0.12767106,1.79317228E10
375316653866487564,1870960150107229568,0.6148877,2247.1995346846697,0.1850767507908837,1.0175781E-5,18.56626,0.0043711322,0.21185127,0.0011430422,0.027642231,0.0015093011,0.2657509,0.011822442,0.7093585,9.0037624E-4,0.030267721,0.0010870179,1.1202435,0.06693391,0.035430823,0.0059573036,0.21185127,0.0011430422,"TWOGAUSSIANS_WITH_ELLIPSOIDAL_ON_ECLIPSE1",9,2.7500136,0.7093685,9.0037624E-4,0.16949923,0.0060873004,1.191088,0.0660514,0.21185127,0.0011430422,0.1547965,0.008452087,0.33661252,0.009525363
375316653866487564,1870960734222893568,0.48160967,2220.496791721135,3.295513120066205,1.3626919E-5,17.141966,0.004662746,0.12863821,0.003927343,0.08245515,0.0093485955,0.083905794,0.0075846533,0.6296945,0.0057078325,0.07507357,0.010453577,0.0758308,0.0075192335,null,null,null,null,"TWOGAUSSIANS",8,3.2912962,0.12863821,0.003927343,0.4,0.0,0.08289058,0.007945976,0.6296945,0.0057078325,0.4,0.020954806,0.074815586,0.007628222
375316653866487564,1870960906021495936,0.610897,2251.777945922145,0.9821559911415677,9.546088E-6,18.215034,0.002675463,0.10929714,0.001715293,0.02446375,0.0024237589,0.841895,0.17437156,0.6095758,8.1688305E-4,0.027547862,0.0012088421,0.45559314,0.03889266,null,null,null,null,"TWOGAUSSIANS",8,2.29957,0.10929714,0.001715293,0.136997,0.01357305,0.841895,0.17437156,0.6095758,8.1688305E-4,0.15426803,0.006769516,0.45559314,0.03889266
375316653866487564,1870964037075077248,0.5245944,2194.201540132101,3.188792113232387,1.1004879E-5,19.824903,0.00948383,0.2952997,0.0041355253,0.06931088,0.0068275104,0.4293953,0.02868187,0.7966504,0.0064577614,0.07303946,0.005457799,0.4448895,0.032405365,null,null,null,null,"TWOGAUSSIANS",8,1.6648225,0.7966504,0.0064577614,0.4,0.0020193788,0.4431189,0.03251751,0.2952997,0.0041355253,0.38814095,0.027849095,0.4276247,0.029453807
375316653866487564,1870964548155097344,0.49474567,2213.519325643413,3.085571581247157,3.2192882E-5,19.127977,0.011955689,0.20573673,0.005843814,0.09946433,0.009377361,0.21702944,0.016074182,0.68891627,0.008316952,0.09325996,0.011571146,0.16887994,0.014374065,null,null,null,null,"TWOGAUSSIANS",8,1.9032747,0.20573673,0.005843814,0.4,0.0,0.20649219,0.016498277,0.68891627,0.008316952,0.4,0.0,0.15834433,0.011361443
375316653866487564,1870965200990192896,0.6405065,2230.83389673653,3.1452660498152527,3.624121E-6,17.13302,0.013954375,0.22944793,0.0014001948,0.05166548,0.0045081587,0.30640537,0.028480653,0.7253271,0.0014254269,0.057015516,0.0036292875,0.3593083,0.028927138,0.11005917,0.017487204,0.22944793,0.0014001948,"TWOGAUSSIANS_WITH_ELLIPSOIDAL_ON_ECLIPSE1",9,10.178338,0.72588706,0.001185586,0.31928688,0.02032401,0.5792773,0.010757348,0.22944793,0.0014001948,0.2893267,0.025245689,0.52650183,0.015193662
375316653866487564,1870967060708730496,0.403899,2201.0454016920667,0.3506721304171039,6.5869164E-5,17.51497,0.0021005431,0.34900314,0.0020726852,0.016667694,0.013600652,0.3506778,327.61307,0.85129356,0.020125857,0.045309268,0.01641583,0.044488754,0.058799632,null,null,null,null,"TWOGAUSSIANS",8,198.61235,0.34900314,0.0020726852,0.093339086,0.07616365,0.3506778,327.61307,0.85129356,0.020125857,0.2537319,0.09192865,0.044488754,0.058799632
375316653866487564,1870968636964054528,0.4978945,2218.11658011693,2.539640379287328,1.7516431E-5,18.598314,0.036323756,0.22597966,0.006821957,0.11594041,0.022658171,0.1617675,0.033860803,0.723003,0.0041483683,0.10377797,0.018646637,0.16674982,0.032738313,null,null,null,null,"TWOGAUSSIANS",8,2.382411,0.723003,0.0041535445,0.4,0.0,0.14294028,0.00807153,0.22597966,0.0068396325,0.4,0.0,0.13793124,0.009397097
375316653866487564,1870968911841984000,0.5614036,2226.0012900303423,3.1914671713656153,7.4637474E-6,18.131573,0.0121853035,0.27768308,0.0029645495,0.072007716,0.0061301338,0.34788293,0.0110041825,0.7760109,0.0032113513,0.07560101,0.0041345176,0.41001093,0.015203578,null,null,null,null,"TWOGAUSSIANS",8,8.212907,0.7760109,0.0032113513,0.4,0.0,0.40766343,0.014097646,0.27768308,0.0029645495,0.4,0.007994271,0.34553543,0.010597192
375316653866487564,1870969221079712384,0.56803566,2205.751619138289,2.4910753705586597,6.757902E-6,19.0277,0.011736957,0.23685299,0.0028096032,0.07506758,0.0037139289,0.47201192,0.02587689,0.74375993,0.006494613,0.07618815,0.006222607,0.44929639,0.01453661,null,null,null,null,"TWOGAUSSIANS",8,2.6126943,0.23685299,0.0028096032,0.4,0.0,0.46865976,0.025680447,0.74375993,0.006494613,0.4,0.0,0.44594422,0.012304136
375316653866487564,1870970458031354240,0.63947797,2245.6172353061793,2.720253098329186,6.557435E-6,17.218803,0.0084513845,0.24563493,0.00223902,0.042386934,0.0036407518,0.53555274,0.02209865,0.7384237,0.0018405893,0.03868987,0.0018888843,0.50281847,0.021638263,0.13215688,0.011226912,0.24563493,0.00223902,"TWOGAUSSIANS_WITH_ELLIPSOIDAL_ON_ECLIPSE1",9,14.14645,0.24563493,0.00223902,0.23736683,0.02038821,0.79986626,0.0121451,0.73884374,0.0017098496,0.21666329,0.010577752,0.7666214,0.013410431
375316653866487564,1870971351394107008,0.5051211,2256.1731757895545,0.8813047903615129,7.2183448E-6,19.472044,0.006149114,0.43404263,0.0010478705,0.03417197,0.0013046829,0.5643357,0.02455375,null,null,null,null,null,null,null,null,null,null,"ONEGAUSSIAN",5,3.9325767,0.43404263,0.0010478705,0.19136302,0.007306224,0.5643357,0.0,null,null,null,null,null,null
375316653866487564,1870974203242918272,0.5840479,2250.968091876001,0.8535130893909683,1.7126915E-5,18.282602,0.007319618,0.20473132,0.0013778915,0.035980504,0.0028974817,0.15257218,0.009757509,0.69942296,0.010148785,0.03296563,0.020946857,1.5626949,1.0359867,null,null,null,null,"TWOGAUSSIANS",8,8.261229,0.69942296,0.010148785,0.18460754,0.1173024,1.5626949,1.0359868,0.20473132,0.0013778915,0.20149083,0.016225897,0.15257218,0.009757469
375316653866487564,1870975100903236224,0.5057143,2229.389852163313,0.49433582464020553,2.9546043E-5,16.035378,0.0022054906,0.3887558,0.018456565,0.010217186,0.008121199,0.19561967,2.044574,0.8490221,0.01341337,0.021992262,0.007587747,0.31182453,0.12866303,null,null,null,null,"TWOGAUSSIANS",8,34.760193,0.8490221,0.01341337,0.123156674,0.042491384,0.31182453,0.12866303,0.3887558,0.018456565,0.057216242,0.045478716,0.19561967,2.044574
375316653866487564,1870975165315680896,0.56981003,2211.1493074483715,2.725461175059245,8.734351E-6,16.285898,0.009060096,0.25270736,0.005087014,0.0428753,0.010331551,0.099897996,0.018081881,0.7339272,0.009909464,0.06717343,0.013075529,0.1319413,0.038780395,0.0735565,0.012213941,0.25270736,0.005087014,"TWOGAUSSIANS_WITH_ELLIPSOIDAL_ON_ECLIPSE1",9,23.64361,0.7392572,0.007972369,0.3761712,0.07238513,0.27754766,0.03925317,0.25270736,0.005087014,0.2401017,0.057856686,0.24696721,0.013440617
375316653866487564,1870975685004458624,0.42872214,2228.7622162183065,2.149544399651903,2.7948126E-5,18.189856,0.011537995,0.27069715,0.0019241474,0.014547389,0.005848833,0.26412216,0.3369317,0.74198514,0.014177455,0.08140875,0.013866029,0.12017912,0.021900102,null,null,null,null,"TWOGAUSSIANS",8,16.809698,0.27069715,0.0019241474,0.08146538,0.032753464,0.2641221,0.33693185,0.74198514,0.014177455,0.4,0.0,0.120179065,0.021900017
375316653866487564,1870975955590064128,0.5165161,2208.992460344918,0.5092926127388537,1.0764892E-5,17.069773,0.002795044,0.23283476,0.01847079,0.02939022,0.013673135,0.16597597,0.17807439,0.73223954,0.0014133558,0.029136594,0.0023727843,0.14646412,0.0032624442,0.01643167,0.003654855,0.23283476,0.01847079,"TWOGAUSSIANS_WITH_ELLIPSOIDAL_ON_ECLIPSE1",9,5.7076087,0.23283476,0.01847079,0.16458523,0.07656956,0.19883928,0.17881002,0.73224956,0.0011926338,0.16316493,0.013287593,0.17932698,0.005947525
375316653866487564,1870978021481026560,0.58193755,2202.136024983316,1.1578041219414885,5.400052E-6,17.896904,0.0036767828,0.6515954,7.886609E-4,0.03308916,9.846891E-4,0.41367838,0.005505941,0.85281324,0.009646343,0.03646948,0.012447573,0.021400966,0.0044367393,null,null,null,null,"TWOGAUSSIANS",8,4.1066346,0.6515954,7.886609E-4,0.1852993,0.005514259,0.4136784,0.0055059693,0.85281324,0.009646343,0.20422907,0.06970641,0.02140097,0.0044367374
375316653866487564,1870979460283758976,0.56759244,2238.9068795207454,1.0900220632274555,1.1921649E-5,16.09557,0.008753446,0.17317718,0.012573585,0.056841772,0.02565467,0.08810468,0.053327013,0.65396255,0.0014410183,0.020074476,0.0017882864,0.79822433,0.044203773,0.011605795,0.012674295,0.17317718,0.012573585,"TWOGAUSSIANS_WITH_ELLIPSOIDAL_ON_ECLIPSE1",9,103.01081,0.6539826,0.0014379605,0.112417065,0.010014404,0.82109404,0.043194614,0.17317718,0.012573585,0.31831393,0.14366615,0.111310765,0.052313924
375316653866487564,1870980873339344128,0.5699083,2230.225462302779,2.44629530720161,5.2275427E-6,16.37134,0.010236104,0.24732222,0.0015572882,0.04578637,0.0071759014,0.16625223,0.024240766,0.76331365,0.015182803,0.046859197,0.019124977,0.17313606,0.05289054,0.13357523,0.015938234,0.24732222,0.0015572882,"TWOGAUSSIANS_WITH_ELLIPSOIDAL_ON_ECLIPSE1",9,43.56282,0.76331365,0.015182803,0.2624115,0.10709987,0.4375981,0.055645008,0.24732222,0.0015572882,0.25640368,0.04018505,0.43340227,0.021213694
375316653866487564,1870981148203330944,0.5110447,2205.265287847308,3.222189761285367,1.7728684E-5,19.2291,0.023347653,0.2552766,0.008271699,0.078868814,0.011517992,0.395016,0.031617783,0.7317425,0.0040099383,0.08919566,0.0067222165,0.47798508,0.026989011,null,null,null,null,"TWOGAUSSIANS",8,3.87053,0.7317425,0.0040099383,0.4,0.0,0.47116724,0.024555959,0.2552766,0.008271699,0.4,0.0,0.3881985,0.03178546
375316653866487564,1870981560521333376,0.53512084,2204.325533022277,3.4507887002338844,2.0185042E-5,19.834492,0.010666459,0.21219648,0.005611113,0.06888922,0.00513926,0.55436283,0.046310704,0.70338255,0.004998118,0.06936261,0.0048931288,0.51512367,0.022150919,null,null,null,null,"TWOGAUSSIANS",8,2.024204,0.21219648,0.005611113,0.38577962,0.026242454,0.55313945,0.046579067,0.70338255,0.004998118,0.3884306,0.027401522,0.5139003,0.02215856
375316653866487564,1870981693665574016,0.4581703,2205.4158518458166,0.3894758585844356,3.3298013E-5,18.756903,0.028981894,0.5404657,0.0049791583,0.039784424,0.0055842963,0.67132926,0.07204877,0.7610157,0.013278013,0.03398061,0.007919826,0.15371463,0.039411847,0.066128515,0.046929587,0.7610157,0.013278013,"TWOGAUSSIANS_WITH_ELLIPSOIDAL_ON_ECLIPSE2",9,41.509945,0.5411957,0.005118639,0.22279277,0.031272057,0.67591524,0.0713625,0.7610157,0.013278013,0.19029142,0.044351023,0.2859718,0.07721175
375316653866487564,1870982346500863872,0.5084932,2209.467931076701,2.7737776484463876,8.59323E-6,19.589872,0.017025191,0.18552257,0.0034748598,0.08510323,0.0058565172,0.38929424,0.017159149,0.6995892,0.006388661,0.085377045,0.008705338,0.39974537,0.017238567,null,null,null,null,"TWOGAUSSIANS",8,1.6983949,0.6995892,0.006388661,0.4,0.0,0.3913769,0.016348593,0.18552257,0.0034748598,0.4,0.0,0.38092574,0.014571308
375316653866487564,1870982655738605824,0.5893315,2219.375025321552,2.974528766029055,4.701208E-6,18.382874,0.010531045,0.2110613,0.0014689678,0.04873535,0.0037148097,0.37691388,0.023674695,0.71320987,0.0027458235,0.04104025,0.00440571,0.29692584,0.04437651,0.13238554,0.014305556,0.2110613,0.0014689678,"TWOGAUSSIANS_WITH_ELLIPSOIDAL_ON_ECLIPSE1",9,4.930913,0.2110613,0.0014689678,0.27291796,0.020802934,0.6416841,0.017275311,0.71320987,0.0027458235,0.22982539,0.024671974,0.56164783,0.04075606
375316653866487564,1870983106722098432,0.65968937,2198.818009045251,0.2179241755055502,7.232225E-6,13.235112,0.0016658143,0.20120442,0.0013610844,0.02339392,0.0020258988,0.08389108,0.021260569,0.6983665,0.022599295,0.026812557,0.0064291647,0.74129623,0.6899728,0.021548405,0.0024266492,0.20120442,0.0013610844,"TWOGAUSSIANS_WITH_ELLIPSOIDAL_ON_ECLIPSE1",9,80.548584,0.69837654,0.02258869,0.15015031,0.03600332,0.7843793,0.6875748,0.20120442,0.0013610844,0.13100596,0.011345033,0.12698779,0.021355815
375316653866487564,1870983583451714816,0.5818799,2213.1969500705227,3.4630944687679555,3.978288E-6,19.168037,0.011670866,0.2183033,0.0013701305,0.04689578,0.0035873752,0.5071159,0.039964616,0.7205206,0.00365283,0.046910882,0.003969902,0.41546112,0.027744884,0.10650237,0.0167746,0.2183033,0.0013701305,"TWOGAUSSIANS_WITH_ELLIPSOIDAL_ON_ECLIPSE1",9,1.9333831,0.2183033,0.0013701305,0.26261637,0.0200893,0.72011983,0.040066686,0.7205206,0.0035835975,0.26270095,0.022231452,0.62842375,0.01295537
