Gaia/vari_eclipsing_binary/VariEclipsingBinary_466961-466971.csv
# %ECSV 1.0
# ---
# delimiter: ','
# meta: !!omap
# - RELEASE: Gaia DR3
# - TABLE: vari_eclipsing_binary
# - DESCRIPTION: >
#     This table describes the properties of the eclipsing binaries resulting from the variability analysis. 
# - CITATION: >
#     How to cite and acknowledge Gaia: 
#     https://gea.esac.esa.int/archive/documentation/credits.html 
# - KNOWN_ISSUES: >
#     Known issues: 
#     https://www.cosmos.esa.int/web/gaia-users/known-issues 
# - DOCUMENTATION: >
#     Tutorials and documentation: 
#     https://www.cosmos.esa.int/web/gaia-users/archive 
# datatype:
# - 
#   name: solution_id
#   datatype: int64
#   description: Solution Identifier
#   meta:
#     ucd: meta.version
# - 
#   name: source_id
#   datatype: int64
#   description: Unique source identifier
#   meta:
#     ucd: meta.id;meta.main
# - 
#   name: global_ranking
#   datatype: float32
#   description: Number between 0 (worst) and 1 (best)
#   meta:
#     ucd: stat.param
# - 
#   name: reference_time
#   datatype: float64
#   unit: d
#   description: Reference time used for the geometric model fit
#   meta:
#     ucd: time.epoch
# - 
#   name: frequency
#   datatype: float64
#   unit: d**-1
#   description: Frequency of geometric model of the eclipsing binary light curve
#   meta:
#     ucd: src.orbital
# - 
#   name: frequency_error
#   datatype: float32
#   unit: d**-1
#   description: "Uncertainty of \\texttt{frequency}"
#   meta:
#     ucd: stat.error
# - 
#   name: geom_model_reference_level
#   datatype: float32
#   unit: mag
#   description: Magnitude reference level of geometric model
#   meta:
#     ucd: phot.mag;em.opt
# - 
#   name: geom_model_reference_level_error
#   datatype: float32
#   unit: mag
#   description: "Uncertainty of \\texttt{geomModelReferenceLevel}"
#   meta:
#     ucd: stat.error;phot.mag;em.opt
# - 
#   name: geom_model_gaussian1_phase
#   datatype: float32
#   description: Phase of the Gaussian 1 component
#   meta:
#     ucd: time.phase
# - 
#   name: geom_model_gaussian1_phase_error
#   datatype: float32
#   description: "Uncertainty of \\texttt{geomModelGaussian1Phase}"
#   meta:
#     ucd: stat.error;time.phase
# - 
#   name: geom_model_gaussian1_sigma
#   datatype: float32
#   description: "Standard deviation [phase] of Gaussian 1 component"
#   meta:
#     ucd: stat.stdev
# - 
#   name: geom_model_gaussian1_sigma_error
#   datatype: float32
#   description: "Uncertainty of \\texttt{geomModelGaussian1Sigma}"
#   meta:
#     ucd: stat.error
# - 
#   name: geom_model_gaussian1_depth
#   datatype: float32
#   unit: mag
#   description: Magnitude depth of Gaussian 1 component
#   meta:
#     ucd: src.var.amplitude
# - 
#   name: geom_model_gaussian1_depth_error
#   datatype: float32
#   unit: mag
#   description: "Uncertainty of \\texttt{geomModelGaussian1Depth}"
#   meta:
#     ucd: stat.error;src.var.amplitude
# - 
#   name: geom_model_gaussian2_phase
#   datatype: float32
#   description: Phase of Gaussian 2 component
#   meta:
#     ucd: time.phase
# - 
#   name: geom_model_gaussian2_phase_error
#   datatype: float32
#   description: "Uncertainty of \\texttt{geomModelGaussian2Phase}"
#   meta:
#     ucd: stat.error;time.phase
# - 
#   name: geom_model_gaussian2_sigma
#   datatype: float32
[...]
#   datatype: float32
#   description: "Secondary eclipse: uncertainty of \\texttt{derivedSecondaryEclDuration}"
#   meta:
#     ucd: stat.error;time.duration
# - 
#   name: derived_secondary_ecl_depth
#   datatype: float32
#   unit: mag
#   description: "Secondary eclipse: depth"
#   meta:
#     ucd: src.var.amplitude
# - 
#   name: derived_secondary_ecl_depth_error
#   datatype: float32
#   unit: mag
#   description: "Secondary eclipse: uncertainty of \\texttt{derivedSecondaryEclDepth}"
#   meta:
#     ucd: stat.error;src.var.amplitude
solution_id,source_id,global_ranking,reference_time,frequency,frequency_error,geom_model_reference_level,geom_model_reference_level_error,geom_model_gaussian1_phase,geom_model_gaussian1_phase_error,geom_model_gaussian1_sigma,geom_model_gaussian1_sigma_error,geom_model_gaussian1_depth,geom_model_gaussian1_depth_error,geom_model_gaussian2_phase,geom_model_gaussian2_phase_error,geom_model_gaussian2_sigma,geom_model_gaussian2_sigma_error,geom_model_gaussian2_depth,geom_model_gaussian2_depth_error,geom_model_cosine_half_period_amplitude,geom_model_cosine_half_period_amplitude_error,geom_model_cosine_half_period_phase,geom_model_cosine_half_period_phase_error,model_type,num_model_parameters,reduced_chi2,derived_primary_ecl_phase,derived_primary_ecl_phase_error,derived_primary_ecl_duration,derived_primary_ecl_duration_error,derived_primary_ecl_depth,derived_primary_ecl_depth_error,derived_secondary_ecl_phase,derived_secondary_ecl_phase_error,derived_secondary_ecl_duration,derived_secondary_ecl_duration_error,derived_secondary_ecl_depth,derived_secondary_ecl_depth_error
[from data line 633]
375316653866487564,4107527089215436672,0.5274075,2314.210503124803,2.203653579111126,2.349597E-5,18.119072,0.028258102,0.2295995,0.0032136443,0.06045357,0.014281145,0.15155819,0.06185324,0.7275358,0.023110481,0.051586084,0.028007386,0.16124241,0.061998993,0.11628614,0.032555085,0.2295995,0.0032136443,"TWOGAUSSIANS_WITH_ELLIPSOIDAL_ON_ECLIPSE1",9,15.195696,0.7280158,0.018155659,0.28888208,0.14651749,0.39375347,0.033666845,0.2295995,0.0032136443,0.33854,0.07997441,0.38409925,0.027208926
375316653866487564,4107527093629269120,0.47310278,2287.783363447064,0.48331747385102514,2.756237E-5,19.380299,0.005540273,0.24647707,0.00787911,0.028098779,0.005186829,0.124403186,0.014073557,0.5003683,0.004824665,0.010790824,0.007984322,0.6231143,61.42086,null,null,null,null,"TWOGAUSSIANS",8,1.8291059,0.5003683,0.004824665,0.060428612,0.0447122,0.6231143,61.42086,0.24647707,0.00787911,0.15735316,0.029046241,0.124403186,0.014073557
375316653866487564,4107527127962979456,0.4716004,2311.3410887307236,4.193087869442826,5.1935327E-5,19.459412,0.034487993,0.09427478,0.010832703,0.010478486,0.012343224,0.09377322,3.17145293E9,0.48984575,0.013542713,0.15643038,0.021022921,0.49875647,0.04759045,null,null,null,null,"TWOGAUSSIANS",8,11.214292,0.48984575,0.013542713,0.4,0.0,0.4927245,0.047364853,0.09465478,0.010698014,0.058679525,0.06912205,0.10847465,3.17145293E9
375316653866487564,4107527260987923584,0.6122805,2317.609264087657,0.9651175019908741,7.0285637E-6,18.042072,0.0071211713,0.28436455,0.0015405507,0.0384609,0.0043211733,0.13976598,0.01588312,0.781043,0.0033956876,0.047514737,0.005954238,0.13130541,0.015895534,0.14097439,0.009222946,0.28436455,0.0015405507,"TWOGAUSSIANS_WITH_ELLIPSOIDAL_ON_ECLIPSE1",9,3.3345592,0.28436455,0.0015405507,0.21538103,0.02419857,0.42171425,0.0067430325,0.781963,0.002418912,0.26608253,0.033343732,0.41316488,0.0074882074
375316653866487564,4107527299761762560,0.531222,2288.452243057227,3.0289317762786077,2.8854276E-5,15.666202,0.10913231,0.22981684,0.023523577,0.045802224,0.042602517,0.09578605,0.20375827,0.7473554,0.003379813,0.048996564,0.057212844,0.11510929,0.18011677,0.09814661,0.097494856,0.7473554,0.003379813,"TWOGAUSSIANS_WITH_ELLIPSOIDAL_ON_ECLIPSE2",9,116.75293,0.7473554,0.003379813,0.27438077,0.1901233,0.31140208,0.059920654,0.23426685,0.018880624,0.25649247,0.17412536,0.2903033,0.053759273
375316653866487564,4107527432802707200,0.5552161,2319.945043104039,0.3949763411502755,1.0876622E-6,18.425621,0.0019571786,0.30959144,4.56891E-5,0.0064277663,6.2126026E-4,0.13927202,0.03696255,0.6229827,1.04108236E-4,0.0155653,1.9472482E-4,0.500259,0.001686044,null,null,null,null,"TWOGAUSSIANS",8,1.6880764,0.6229827,1.04108236E-4,0.08716568,0.001090459,0.500259,0.001686044,0.30959144,4.56891E-5,0.03599549,0.0034790575,0.13927202,0.03696255
375316653866487564,4107527746375040384,0.45880234,2320.5181448394783,0.06995491337482235,1.6438245E-5,19.15645,0.016368126,0.41333058,0.004226244,0.05295829,0.008723527,0.29554814,0.08109885,0.77488667,0.011764103,0.07243891,0.011148371,0.19305663,0.019719942,null,null,null,null,"TWOGAUSSIANS",8,4.2585335,0.41333058,0.004226244,0.29656643,0.048851755,0.2955478,0.08109976,0.77488667,0.011764103,0.4,0.03089185,0.19305556,0.01971814
375316653866487564,4107528158692915840,0.4835473,2298.7454311628853,1.2940105978926273,5.8990605E-5,19.440044,0.021532455,0.25395593,0.025538657,0.037356082,0.04014896,1.3303447,1.3099593,0.7620049,0.014383609,0.05324376,0.027402464,0.16557112,0.02505629,null,null,null,null,"TWOGAUSSIANS",8,4.5340614,0.25395593,0.025538657,0.20919406,0.20760946,1.3303446,1.3103539,0.7620049,0.014383609,0.29816505,0.1534538,0.165571,0.025041228
375316653866487564,4107528291803974144,0.4911865,2281.57485954184,2.5043788388368964,2.6262715E-5,19.759857,0.033870015,0.26434717,0.010658432,0.09423317,0.019202523,0.3688227,0.04599485,0.7566005,0.0054141064,0.09237175,0.010925556,0.44844627,0.03852826,null,null,null,null,"TWOGAUSSIANS",8,2.8871622,0.7566005,0.0054141064,0.4,0.0,0.42841268,0.035133444,0.26434717,0.010658432,0.4,0.0,0.34878892,0.048847858
375316653866487564,4107528330491840384,0.5482127,2267.589273683163,2.659638129228381,5.121755E-5,19.792353,0.021563334,0.27062806,0.005320924,0.08583073,0.009336844,0.5036691,0.019245813,0.7600831,0.0042604306,0.07574798,0.005663704,0.64389485,0.037636187,null,null,null,null,"TWOGAUSSIANS",8,2.579716,0.7600831,0.0042604306,0.4,0.0,0.63624644,0.037099395,0.27062806,0.005320924,0.4,0.0,0.49602062,0.017764295
375316653866487564,4107528364851678080,0.4664528,2344.244276863679,1.3759333696944367,4.5446846E-5,17.365574,0.81262344,0.23475438,0.01444384,0.118306465,0.042808898,0.5334822,0.41751912,0.7493061,0.0070627155,0.24052227,0.16911258,0.58803874,0.8025921,null,null,null,null,"TWOGAUSSIANS",8,26.896343,0.23102438,0.012293452,0.4,0.0,0.29033822,0.041006748,0.7495661,0.007117548,0.4,0.0,0.20869446,0.02975829
375316653866487564,4107528399273644928,0.6140365,2264.4740764387175,2.6720912669925685,9.862113E-6,13.701437,0.014676377,0.27695587,0.0027187662,0.06000513,0.0047056605,0.38956532,0.028828278,0.7857262,0.0030966606,0.05454222,0.0042398665,0.290946,0.034311965,0.06582392,0.018128103,0.7857262,0.0030966606,"TWOGAUSSIANS_WITH_ELLIPSOIDAL_ON_ECLIPSE2",9,296.5295,0.27772588,0.002405435,0.33602872,0.0263517,0.5208045,0.017721772,0.7857262,0.0030966606,0.30543643,0.023743251,0.42254966,0.009752442
375316653866487564,4107528502352795264,0.42616892,2320.87791326657,3.511947633795286,5.3378946E-5,18.310152,0.017912755,0.23790172,0.04240653,0.034824062,0.044847026,0.10048826,37.91622,0.76328444,0.010906868,0.04820918,0.015450362,0.066844665,0.045219306,0.04682004,0.024526618,0.76328444,0.010906868,"TWOGAUSSIANS_WITH_ELLIPSOIDAL_ON_ECLIPSE2",9,15.219969,0.23996173,0.04347823,0.19501474,0.25114337,0.19195588,37.92036,0.76328444,0.010906868,0.2699714,0.08652203,0.16048445,0.013016582
375316653866487564,4107528639730675328,0.5213561,2295.7164282502067,2.6134347910595337,1.46977845E-5,19.577545,0.02470075,0.2746018,0.0067895628,0.0988511,0.012190024,0.40462267,0.025391946,0.7672097,0.003815717,0.095356494,0.0071545723,0.38723186,0.026007578,null,null,null,null,"TWOGAUSSIANS",8,2.0432525,0.2746018,0.0067895628,0.4,0.0,0.37853587,0.023565346,0.7672097,0.003815717,0.4,0.0,0.36114654,0.019578801
375316653866487564,4107528948968405504,0.5373613,2296.2416684128834,2.5734859653726687,1.612421E-5,19.274706,0.014269821,0.20928863,0.0049444544,0.084351696,0.007296038,0.37041625,0.018680286,0.721594,0.0052092564,0.093623206,0.008178735,0.32333708,0.020775188,null,null,null,null,"TWOGAUSSIANS",8,2.6103861,0.20928863,0.0049444544,0.4,0.0,0.35949257,0.01774087,0.721594,0.0052092564,0.4,0.0,0.31241292,0.020559214
375316653866487564,4107529052046916864,0.47728732,2288.565631884369,2.0706599861572608,1.8442313E-5,19.321865,0.031209508,0.3333729,0.013757555,0.10207097,0.025517112,0.2400762,0.045988217,0.82926387,0.0055650864,0.08142597,0.012011844,0.28909937,0.029500246,null,null,null,null,"TWOGAUSSIANS",8,4.1894264,0.82926387,0.0055650864,0.4,0.0,0.27723926,0.017330052,0.3333729,0.013757555,0.4,0.0,0.22821309,0.047417715
