Gaia/vari_eclipsing_binary/VariEclipsingBinary_458058-458769.csv
# %ECSV 1.0
# ---
# delimiter: ','
# meta: !!omap
# - RELEASE: Gaia DR3
# - TABLE: vari_eclipsing_binary
# - DESCRIPTION: >
#     This table describes the properties of the eclipsing binaries resulting from the variability analysis. 
# - CITATION: >
#     How to cite and acknowledge Gaia: 
#     https://gea.esac.esa.int/archive/documentation/credits.html 
# - KNOWN_ISSUES: >
#     Known issues: 
#     https://www.cosmos.esa.int/web/gaia-users/known-issues 
# - DOCUMENTATION: >
#     Tutorials and documentation: 
#     https://www.cosmos.esa.int/web/gaia-users/archive 
# datatype:
# - 
#   name: solution_id
#   datatype: int64
#   description: Solution Identifier
#   meta:
#     ucd: meta.version
# - 
#   name: source_id
#   datatype: int64
#   description: Unique source identifier
#   meta:
#     ucd: meta.id;meta.main
# - 
#   name: global_ranking
#   datatype: float32
#   description: Number between 0 (worst) and 1 (best)
#   meta:
#     ucd: stat.param
# - 
#   name: reference_time
#   datatype: float64
#   unit: d
#   description: Reference time used for the geometric model fit
#   meta:
#     ucd: time.epoch
# - 
#   name: frequency
#   datatype: float64
#   unit: d**-1
#   description: Frequency of geometric model of the eclipsing binary light curve
#   meta:
#     ucd: src.orbital
# - 
#   name: frequency_error
#   datatype: float32
#   unit: d**-1
#   description: "Uncertainty of \\texttt{frequency}"
#   meta:
#     ucd: stat.error
# - 
#   name: geom_model_reference_level
#   datatype: float32
#   unit: mag
#   description: Magnitude reference level of geometric model
#   meta:
#     ucd: phot.mag;em.opt
# - 
#   name: geom_model_reference_level_error
#   datatype: float32
#   unit: mag
#   description: "Uncertainty of \\texttt{geomModelReferenceLevel}"
#   meta:
#     ucd: stat.error;phot.mag;em.opt
# - 
#   name: geom_model_gaussian1_phase
#   datatype: float32
#   description: Phase of the Gaussian 1 component
#   meta:
#     ucd: time.phase
# - 
#   name: geom_model_gaussian1_phase_error
#   datatype: float32
#   description: "Uncertainty of \\texttt{geomModelGaussian1Phase}"
#   meta:
#     ucd: stat.error;time.phase
# - 
#   name: geom_model_gaussian1_sigma
#   datatype: float32
#   description: "Standard deviation [phase] of Gaussian 1 component"
#   meta:
#     ucd: stat.stdev
# - 
#   name: geom_model_gaussian1_sigma_error
#   datatype: float32
#   description: "Uncertainty of \\texttt{geomModelGaussian1Sigma}"
#   meta:
#     ucd: stat.error
# - 
#   name: geom_model_gaussian1_depth
#   datatype: float32
#   unit: mag
#   description: Magnitude depth of Gaussian 1 component
#   meta:
#     ucd: src.var.amplitude
# - 
#   name: geom_model_gaussian1_depth_error
#   datatype: float32
#   unit: mag
#   description: "Uncertainty of \\texttt{geomModelGaussian1Depth}"
#   meta:
#     ucd: stat.error;src.var.amplitude
# - 
#   name: geom_model_gaussian2_phase
#   datatype: float32
#   description: Phase of Gaussian 2 component
#   meta:
#     ucd: time.phase
# - 
#   name: geom_model_gaussian2_phase_error
#   datatype: float32
#   description: "Uncertainty of \\texttt{geomModelGaussian2Phase}"
#   meta:
#     ucd: stat.error;time.phase
# - 
#   name: geom_model_gaussian2_sigma
#   datatype: float32
[...]
#   datatype: float32
#   description: "Secondary eclipse: uncertainty of \\texttt{derivedSecondaryEclDuration}"
#   meta:
#     ucd: stat.error;time.duration
# - 
#   name: derived_secondary_ecl_depth
#   datatype: float32
#   unit: mag
#   description: "Secondary eclipse: depth"
#   meta:
#     ucd: src.var.amplitude
# - 
#   name: derived_secondary_ecl_depth_error
#   datatype: float32
#   unit: mag
#   description: "Secondary eclipse: uncertainty of \\texttt{derivedSecondaryEclDepth}"
#   meta:
#     ucd: stat.error;src.var.amplitude
solution_id,source_id,global_ranking,reference_time,frequency,frequency_error,geom_model_reference_level,geom_model_reference_level_error,geom_model_gaussian1_phase,geom_model_gaussian1_phase_error,geom_model_gaussian1_sigma,geom_model_gaussian1_sigma_error,geom_model_gaussian1_depth,geom_model_gaussian1_depth_error,geom_model_gaussian2_phase,geom_model_gaussian2_phase_error,geom_model_gaussian2_sigma,geom_model_gaussian2_sigma_error,geom_model_gaussian2_depth,geom_model_gaussian2_depth_error,geom_model_cosine_half_period_amplitude,geom_model_cosine_half_period_amplitude_error,geom_model_cosine_half_period_phase,geom_model_cosine_half_period_phase_error,model_type,num_model_parameters,reduced_chi2,derived_primary_ecl_phase,derived_primary_ecl_phase_error,derived_primary_ecl_duration,derived_primary_ecl_duration_error,derived_primary_ecl_depth,derived_primary_ecl_depth_error,derived_secondary_ecl_phase,derived_secondary_ecl_phase_error,derived_secondary_ecl_duration,derived_secondary_ecl_duration_error,derived_secondary_ecl_depth,derived_secondary_ecl_depth_error
[from data line 186]
375316653866487564,4035280108576616448,0.47328416,2360.812883163943,3.7233406577931745,2.4231851E-5,19.826275,0.026939895,0.2917744,0.007612732,0.08885431,0.014851644,0.34578064,0.029386744,0.7904972,0.008149432,0.08730594,0.019170087,0.2664276,0.06335509,null,null,null,null,"TWOGAUSSIANS",8,1.7863774,0.2917744,0.007612732,0.4,0.0,0.33518878,0.028054176,0.7904972,0.008149432,0.4,0.0,0.2558358,0.06796037
375316653866487564,4035280486575844096,0.5703106,2352.903457560178,3.4047393578314287,9.979739E-6,15.54646,0.018074842,0.22825615,0.0052569318,0.059437796,0.010900287,0.14894968,0.036278334,0.71340024,0.00421165,0.05172916,0.015629485,0.09353852,0.03842905,0.07223043,0.020906733,0.71340024,0.00421165,"TWOGAUSSIANS_WITH_ELLIPSOIDAL_ON_ECLIPSE2",9,48.995525,0.22509615,0.0036070421,0.33285165,0.06104161,0.2924125,0.016556552,0.71340024,0.00421165,0.28968328,0.08752512,0.23799044,0.013389691
375316653866487564,4035280825826819712,0.42118275,2390.1976237322724,0.9059509419297698,5.77435E-5,18.251587,0.014698442,0.302041,0.010308064,0.0709296,0.01707412,0.24764177,0.103718564,0.8056191,0.011117309,0.026022455,0.0066088205,0.44398063,0.7472899,null,null,null,null,"TWOGAUSSIANS",8,19.278873,0.8056191,0.011117309,0.14572574,0.037009392,0.44397992,0.7472906,0.302041,0.010308064,0.3972058,0.06240147,0.24764106,0.103720486
375316653866487564,4035281066346146816,0.535899,2299.8859894625234,2.5649512133564465,1.0425197E-5,18.874758,0.019828845,0.20513804,0.006436613,0.07775037,0.00842272,0.41896203,0.017518701,0.7219593,0.003168204,0.07692172,0.0069313203,0.38923734,0.022813315,null,null,null,null,"TWOGAUSSIANS",8,3.0689783,0.20513804,0.006436613,0.4,0.0,0.41592208,0.015411166,0.7219593,0.003168204,0.4,0.0,0.38619736,0.022718567
375316653866487564,4035281070690441472,0.62021285,2335.792330321498,1.1496353239499082,3.5580863E-6,13.649732,0.02108733,0.256751,0.0021252886,0.060669806,0.010858623,0.32989946,0.02726446,0.7628197,0.0030471713,0.055659544,0.009686655,0.15114205,0.0398407,0.0909136,0.021967215,0.256751,0.0021252886,"TWOGAUSSIANS_WITH_ELLIPSOIDAL_ON_ECLIPSE1",9,74.385155,0.256751,0.0021252886,0.33975092,0.060371123,0.5116541,0.05460792,0.7628197,0.0030471713,0.31169343,0.054245267,0.33263242,0.008088794
375316653866487564,4035281414246364800,0.5582656,2321.6196985154274,3.254136519690406,7.4289565E-6,18.677984,0.010893822,0.26000425,0.0037981751,0.069614194,0.0049818805,0.67217606,0.036164228,0.76026684,0.01809592,0.058099236,0.012399522,0.5812861,0.11044727,null,null,null,null,"TWOGAUSSIANS",8,8.619293,0.26000425,0.0037981751,0.3898395,0.021952229,0.6715923,0.036325216,0.76026684,0.01809592,0.3253557,0.06943732,0.58070225,0.11087164
375316653866487564,4035281723484659584,0.44247577,2403.615376833041,4.436710351698645,6.4406566E-5,19.34442,0.018150952,0.22903489,0.049065314,0.019605076,0.016428482,1.0960679,1.031223,0.82934606,0.019267485,0.04320927,0.014324685,0.090507455,0.035584785,0.016205166,0.027045125,0.22903489,0.049065314,"TWOGAUSSIANS_WITH_ELLIPSOIDAL_ON_ECLIPSE1",9,7.4599595,0.22903489,0.049065314,0.109788425,0.0919995,1.1284779,1.0167236,0.82934606,0.019267485,0.24197191,0.08021823,0.111659735,0.029728636
375316653866487564,4035281757849257984,0.53767985,2401.7983023831252,3.189787929434977,2.1013571E-5,19.609686,0.05114414,0.27737486,0.01114604,0.081292376,0.015029342,0.51224947,0.05300752,0.7641847,0.0076171556,0.111873664,0.021080637,0.563693,0.04666839,null,null,null,null,"TWOGAUSSIANS",8,2.7992117,0.7641847,0.0076171556,0.4,0.0,0.53235877,0.027297962,0.27738485,0.011155666,0.4,0.0017284328,0.48097402,0.03510308
375316653866487564,4035281856638003072,0.56583834,2289.8792545881156,2.6149285760068985,1.0197333E-5,18.642256,0.03623189,0.2230373,0.0043270406,0.09826679,0.014284853,0.2320875,0.034640875,0.7279921,0.0033916517,0.09630619,0.012613363,0.2425759,0.03414407,null,null,null,null,"TWOGAUSSIANS",8,1.0775256,0.7279921,0.0033901823,0.4,0.0,0.22622278,0.014211868,0.2230373,0.0043270406,0.4,0.0,0.21573395,0.013732181
375316653866487564,4035281964043767296,0.7279999,2360.278702511661,0.5893478503780663,1.8504062E-6,16.738798,0.003737282,0.2577603,5.3060486E-4,0.025688533,5.285269E-4,1.9742279,0.03212749,0.76408297,0.0014821513,0.026917508,0.0031104905,0.09800717,0.0076093595,0.015673103,0.004979169,0.2577603,5.3060486E-4,"TWOGAUSSIANS_WITH_ELLIPSOIDAL_ON_ECLIPSE1",9,6.506821,0.2577603,5.3060486E-4,0.14385578,0.0029597506,2.005574,0.032108463,0.76408297,0.0014821513,0.15073805,0.017418748,0.12930386,0.0033510977
375316653866487564,4035282307641222400,0.5594661,2315.2805520842976,3.1207337385522735,1.6401384E-5,15.157681,0.0072615193,0.22545534,0.0041649058,0.07806755,0.00599006,0.37315208,0.013418225,0.7231229,0.005325403,0.07456681,0.003752686,0.31452483,0.018837834,null,null,null,null,"TWOGAUSSIANS",8,166.21747,0.22545534,0.0041649058,0.4,0.0,0.37010083,0.0137003325,0.7231229,0.005325403,0.4,0.0,0.31147355,0.018610656
375316653866487564,4035282410679605504,0.6049519,2265.0422927733616,1.2460625016355094,9.59243E-6,18.087732,0.0043711807,0.27022222,0.004684199,0.049549952,0.015817814,0.13464949,0.02217903,0.76630443,0.0012689627,0.041025262,0.0021770755,0.37188286,0.0060775173,null,null,null,null,"TWOGAUSSIANS",8,2.304099,0.76630443,0.0012689627,0.22974147,0.0121916225,0.3718828,0.0060772654,0.27022222,0.004684199,0.2774797,0.08857975,0.13464941,0.022180459
375316653866487564,4035282616837726848,0.4928066,2355.157418610481,0.7048148882397733,7.129915E-5,17.880348,0.004515325,0.29897723,0.012097598,0.03361653,0.04224554,0.2506411,0.2564322,0.8299642,0.011791588,0.02534666,0.009578247,0.21418287,0.031179955,null,null,null,null,"TWOGAUSSIANS",8,5.5016437,0.29897723,0.012097598,0.18825257,0.20901453,0.2506411,0.25643227,0.8299642,0.011791588,0.1419413,0.05363818,0.21418287,0.03117995
375316653866487564,4035282719921966976,0.43800887,2397.6400592926816,1.6977928196544052,4.9595157E-5,19.421766,0.022917693,0.3213914,0.0070334855,0.041282363,0.01058442,0.5279285,0.21999037,0.82973546,0.012715146,0.054823875,0.042580437,0.15262239,0.059390508,null,null,null,null,"TWOGAUSSIANS",8,5.390638,0.3213914,0.0070334855,0.23118123,0.059272747,0.52792805,0.21999417,0.82973546,0.012715146,0.3070137,0.23845044,0.15262195,0.059396762
375316653866487564,4035282754281736192,0.5566773,2357.735746389732,3.08006102575971,5.694581E-6,19.506544,0.014942312,0.23042138,0.0064392444,0.07143477,0.005873553,0.40128693,0.03440004,0.72894996,0.001729466,0.07740584,0.0032431637,0.615916,0.02561127,null,null,null,null,"TWOGAUSSIANS",8,2.7281797,0.72894996,0.001729466,0.4,0.0,0.61248565,0.025323244,0.23042138,0.0064392444,0.4,0.021193543,0.39785656,0.034519818
375316653866487564,4035283132233863296,0.56769705,2314.681649176593,2.7886610974247508,8.816915E-6,18.838003,0.009713093,0.25505024,0.0043098913,0.07121965,0.0049020187,0.50498366,0.02560353,0.75558597,0.00436817,0.07370344,0.0034581234,0.5698858,0.029331835,null,null,null,null,"TWOGAUSSIANS",8,3.7585661,0.75558597,0.00436817,0.4,0.0,0.567127,0.029203253,0.25505024,0.0043098913,0.39883006,0.013683144,0.5022249,0.025803447
375316653866487564,4035283407152956672,0.503859,2305.2316265819177,2.7681718185803943,1.6485272E-5,18.772316,0.0053031095,0.22155386,0.0041471357,0.022152465,0.019950233,0.08326794,null,0.79058856,3.5384344E-4,0.007523387,0.0014361257,0.09402831,0.014477646,0.121412374,0.008071611,0.22155386,0.0041471357,"TWOGAUSSIANS_WITH_ELLIPSOIDAL_ON_ECLIPSE1",9,4.816085,0.22155386,0.0041471357,0.1240538,0.11172131,0.32609263,null,0.79058856,3.5384344E-4,0.04213097,0.008042304,0.29396087,0.016020603
375316653866487564,4035283578952377344,0.5745026,2380.184628757863,0.5053037663682128,1.375656E-5,15.621424,0.0055489093,0.17958722,0.018974379,0.042890273,0.014143895,0.08012877,0.0214947,0.5622789,0.001062754,0.016675664,9.4636064E-4,0.5467143,0.04293122,null,null,null,null,"TWOGAUSSIANS",8,100.297775,0.5622789,0.001062754,0.093383715,0.0052996194,0.5467143,0.04293122,0.17958722,0.018974379,0.24018554,0.07920581,0.08012877,0.0214947
375316653866487564,4035284639758958080,0.6080367,2352.8347859569285,3.557403640855151,7.3707515E-6,18.343504,0.03249813,0.35983193,0.006883135,0.050145634,0.0049707387,0.61685306,0.07777909,0.8473396,0.0038520994,0.057213694,0.007726861,0.43402568,0.06840175,0.07388351,0.043246612,0.35983193,0.006883135,"TWOGAUSSIANS_WITH_ELLIPSOIDAL_ON_ECLIPSE1",9,5.5363274,0.35983193,0.006883135,0.28081557,0.027836137,0.7646057,0.023639172,0.8483496,0.0032524394,0.3203967,0.043270424,0.58094287,0.034058116
375316653866487564,4035284747142014592,0.6165894,2336.038525276506,2.5829959522698926,3.6675772E-6,15.444955,0.005839287,0.26802942,0.0054620616,0.070915826,0.0045813336,0.420987,0.020693086,0.7526097,8.18398E-4,0.07272399,0.001503423,0.48385096,0.008336396,null,null,null,null,"TWOGAUSSIANS",8,48.626553,0.7526097,8.18398E-4,0.4,0.0,0.48240584,0.008139309,0.26802942,0.0054620616,0.39712864,0.019406771,0.4195419,0.020746123
375316653866487564,4035284987708268416,0.5000042,2359.4327997133655,1.0751811606674886,1.01242884E-4,18.225346,0.0035528815,0.4130116,0.0033524234,0.044770565,0.0026499697,1.9389776,0.7224689,null,null,null,null,null,null,null,null,null,null,"ONEGAUSSIAN",5,2.4564307,0.4130116,0.0033524234,0.25071517,0.01483983,1.9389776,0.0,null,null,null,null,null,null
375316653866487564,4035285430032218496,0.6074739,2368.023669678359,3.021214987108926,5.3461836E-6,17.316607,0.011886005,0.31144685,0.0070160115,0.08388674,0.008808261,0.53028756,0.050482273,0.8200574,0.0016344107,0.07126316,0.0042136535,0.49017447,0.012534717,null,null,null,null,"TWOGAUSSIANS",8,10.21693,0.31144685,0.0070160115,0.4,0.0,0.52555805,0.052460294,0.8200574,0.0016344107,0.39907366,0.015530683,0.485445,0.012633194
375316653866487564,4035285846654454784,0.4461124,2392.9573544984464,3.3481307307243577,5.4219156E-5,19.304905,0.005979296,null,null,null,null,null,null,null,null,null,null,null,null,0.08622535,0.008967157,0.2875181,0.0073447796,"ELLIPSOIDAL",4,3.6504078,null,null,null,null,null,null,null,null,null,null,null,null
375316653866487564,4035285945428300416,0.4483901,2370.386286258758,0.6629974405197225,3.8365488E-5,17.63831,0.042342998,0.34414357,0.016964411,0.07076393,0.101362385,0.10361976,0.02795993,0.8241377,0.012010132,0.05825849,0.06272344,0.032271452,0.037676048,null,null,null,null,"TWOGAUSSIANS",8,5.5145917,0.34414357,0.016928596,0.39627802,0.06736299,0.10358386,0.054055158,0.8241377,0.012010132,0.32624754,0.14927109,0.03223555,0.00995469
375316653866487564,4035285984093600640,0.44982877,2302.920812993508,0.33148857951315497,7.220613E-6,18.310493,0.010565824,0.3421878,0.029581208,0.048941348,0.022510462,0.15017371,0.022784982,0.8049983,0.024837626,0.10683727,0.027045364,0.09068645,0.018463874,null,null,null,null,"TWOGAUSSIANS",8,3.626127,0.3421878,0.029673977,0.27407154,0.122859985,0.14967152,0.02067338,0.8049983,0.024837626,0.4,0.0,0.09017634,0.018591363
375316653866487564,4035286117254410368,0.52059805,2363.0511484641356,0.645870302727394,2.0167143E-5,17.034187,0.12490285,0.247501,0.007538505,0.1479092,0.038798075,0.11349555,0.10718631,0.7412376,0.005069611,0.16469392,0.06530433,0.11632523,0.121984616,null,null,null,null,"TWOGAUSSIANS",8,1.5550859,0.7412376,0.005069611,0.4,0.0,0.05523805,0.0024809379,0.248481,0.0067702867,0.4,0.0,0.05398705,0.0061273235
375316653866487564,4035286426464716928,0.5265706,2339.3924300040026,1.0812534580460773,1.1699658E-5,17.865637,0.0059402925,0.24293737,0.008518379,0.08962779,0.013073663,0.0638873,0.0058172327,0.7488997,0.002794713,0.07060944,0.0036580714,0.1752935,0.006191181,null,null,null,null,"TWOGAUSSIANS",8,2.0429702,0.7488997,0.002794713,0.39541286,0.018012015,0.17396797,0.0054663997,0.24293737,0.008518379,0.4,0.0,0.062561736,0.0053438027
375316653866487564,4035286636929051136,0.45758334,2301.0097122214033,3.2368605040777276,2.9196644E-5,18.811827,0.084738046,0.21872434,0.0147754075,0.11175958,0.037528213,0.33426106,0.07145084,0.73326385,0.009075082,0.092117034,0.02154488,0.33304077,0.083357826,null,null,null,null,"TWOGAUSSIANS",8,16.540518,0.21872434,0.014775269,0.4,0.0,0.30678788,0.030986946,0.7332838,0.009085384,0.4,0.0,0.3056023,0.043584753
375316653866487564,4035287118004435328,0.6085788,2310.783898823875,3.360879992335742,6.214418E-6,17.45274,0.0026865837,0.2528065,0.0018757364,0.037524685,0.004933807,0.08924341,0.0067559867,0.7563627,0.006294389,0.057499193,0.0046324804,0.12559313,0.0064559747,0.038632162,0.0033525068,0.2528065,0.0018757364,"TWOGAUSSIANS_WITH_ELLIPSOIDAL_ON_ECLIPSE1",9,0.9326746,0.7563627,0.0061228946,0.3219955,0.025941892,0.20281126,0.0029794176,0.2528065,0.0018757364,0.21013825,0.02762932,0.1665001,0.005208958
375316653866487564,4035287766494436352,0.45632452,2340.5679908241987,0.33807760086647676,2.4265082E-5,16.754688,0.0032233803,0.24825633,0.017179744,0.06739344,0.010878866,0.08153078,0.013135375,0.7636774,0.009901074,0.036628593,0.008860323,0.091483146,0.014919715,null,null,null,null,"TWOGAUSSIANS",8,9.287608,0.7636774,0.009901074,0.20512013,0.04961781,0.091482386,0.014921416,0.24825633,0.017179744,0.37740326,0.060921647,0.08153002,0.013135511
375316653866487564,4035287873877235072,0.5708717,2327.755144789138,2.9377776822962436,9.006997E-6,17.790115,0.014211928,0.22140712,0.002425942,0.08396844,0.0068037114,0.49794808,0.015387231,0.7288044,0.002258525,0.06955794,0.0039879284,0.5008232,0.027423104,null,null,null,null,"TWOGAUSSIANS",8,13.782481,0.7288044,0.002258525,0.3895245,0.02048539,0.49660248,0.027388772,0.22140712,0.002425942,0.4,0.0,0.49372733,0.015180223
375316653866487564,4035287908278495616,0.5466123,2324.0825430705536,1.6810522017125706,2.4298397E-5,18.061342,0.0077776355,0.2695782,0.0057825125,0.025629133,0.0068310974,0.43222144,0.22835158,0.76787823,9.368625E-4,0.020679986,0.0016436995,0.8795004,0.08080215,0.03204624,0.010590071,0.2695782,0.0057825125,"TWOGAUSSIANS_WITH_ELLIPSOIDAL_ON_ECLIPSE1",9,11.419643,0.76787823,9.261058E-4,0.11580792,0.009204717,0.9435855,0.094255015,0.2695782,0.0057825125,0.14352314,0.038254146,0.49631393,0.23976557
375316653866487564,4035288011316378240,0.45391622,2272.170408159513,1.7175275538542516,2.5366835E-5,18.195175,0.02561947,0.27818638,0.015681315,0.10424905,0.031450175,0.11505571,0.02194339,0.80225056,0.013594785,0.10014704,0.034364928,0.090369955,0.021444766,null,null,null,null,"TWOGAUSSIANS",8,3.712015,0.27818638,0.015703784,0.4,0.0,0.107426085,0.014890363,0.8022605,0.013473394,0.4,0.0,0.0827429,0.0071717575
375316653866487564,4035288080035834880,0.45373824,2344.35690670648,0.43455105533513094,8.381442E-6,19.68762,0.007634986,0.26288798,0.008538787,0.062326826,0.017494809,0.17701894,0.040250197,0.775038,0.00363765,0.030313598,0.0038440698,0.2499472,0.04732145,null,null,null,null,"TWOGAUSSIANS",8,2.0176923,0.775038,0.00363765,0.16975614,0.021526791,0.24994712,0.04732159,0.26288798,0.008538787,0.34903023,0.082720794,0.17701887,0.04025124
375316653866487564,4035288251834866048,0.50399405,2334.2390611183537,2.1552630772367882,2.1574579E-5,17.26228,0.020648563,0.25808668,0.0058630565,0.095617495,0.016909538,0.16294383,0.017105056,0.7414007,0.008803128,0.10818293,0.022638798,0.12376925,0.019124392,null,null,null,null,"TWOGAUSSIANS",8,8.400269,0.25809667,0.0058485065,0.4,0.0,0.15169029,0.008502131,0.7414007,0.008803128,0.4,0.0,0.11250915,0.012959835
375316653866487564,4035288286194780928,0.44785896,2339.563940965613,0.08382629884428981,2.6201747E-5,19.010777,0.012400027,0.4638088,0.017917663,0.093873404,0.021323029,0.22903618,0.06081875,0.89514405,0.0045669414,0.025442155,0.00347491,0.32004568,0.07647292,null,null,null,null,"TWOGAUSSIANS",8,6.5440187,0.89514405,0.0045669414,0.14247607,0.019459495,0.32004684,0.076476075,0.4638088,0.017917663,0.4,0.0,0.2290314,0.060839936
