Gaia/vari_eclipsing_binary/VariEclipsingBinary_490953-490977.csv
# %ECSV 1.0
# ---
# delimiter: ','
# meta: !!omap
# - RELEASE: Gaia DR3
# - TABLE: vari_eclipsing_binary
# - DESCRIPTION: >
#     This table describes the properties of the eclipsing binaries resulting from the variability analysis. 
# - CITATION: >
#     How to cite and acknowledge Gaia: 
#     https://gea.esac.esa.int/archive/documentation/credits.html 
# - KNOWN_ISSUES: >
#     Known issues: 
#     https://www.cosmos.esa.int/web/gaia-users/known-issues 
# - DOCUMENTATION: >
#     Tutorials and documentation: 
#     https://www.cosmos.esa.int/web/gaia-users/archive 
# datatype:
# - 
#   name: solution_id
#   datatype: int64
#   description: Solution Identifier
#   meta:
#     ucd: meta.version
# - 
#   name: source_id
#   datatype: int64
#   description: Unique source identifier
#   meta:
#     ucd: meta.id;meta.main
# - 
#   name: global_ranking
#   datatype: float32
#   description: Number between 0 (worst) and 1 (best)
#   meta:
#     ucd: stat.param
# - 
#   name: reference_time
#   datatype: float64
#   unit: d
#   description: Reference time used for the geometric model fit
#   meta:
#     ucd: time.epoch
# - 
#   name: frequency
#   datatype: float64
#   unit: d**-1
#   description: Frequency of geometric model of the eclipsing binary light curve
#   meta:
#     ucd: src.orbital
# - 
#   name: frequency_error
#   datatype: float32
#   unit: d**-1
#   description: "Uncertainty of \\texttt{frequency}"
#   meta:
#     ucd: stat.error
# - 
#   name: geom_model_reference_level
#   datatype: float32
#   unit: mag
#   description: Magnitude reference level of geometric model
#   meta:
#     ucd: phot.mag;em.opt
# - 
#   name: geom_model_reference_level_error
#   datatype: float32
#   unit: mag
#   description: "Uncertainty of \\texttt{geomModelReferenceLevel}"
#   meta:
#     ucd: stat.error;phot.mag;em.opt
# - 
#   name: geom_model_gaussian1_phase
#   datatype: float32
#   description: Phase of the Gaussian 1 component
#   meta:
#     ucd: time.phase
# - 
#   name: geom_model_gaussian1_phase_error
#   datatype: float32
#   description: "Uncertainty of \\texttt{geomModelGaussian1Phase}"
#   meta:
#     ucd: stat.error;time.phase
# - 
#   name: geom_model_gaussian1_sigma
#   datatype: float32
#   description: "Standard deviation [phase] of Gaussian 1 component"
#   meta:
#     ucd: stat.stdev
# - 
#   name: geom_model_gaussian1_sigma_error
#   datatype: float32
#   description: "Uncertainty of \\texttt{geomModelGaussian1Sigma}"
#   meta:
#     ucd: stat.error
# - 
#   name: geom_model_gaussian1_depth
#   datatype: float32
#   unit: mag
#   description: Magnitude depth of Gaussian 1 component
#   meta:
#     ucd: src.var.amplitude
# - 
#   name: geom_model_gaussian1_depth_error
#   datatype: float32
#   unit: mag
#   description: "Uncertainty of \\texttt{geomModelGaussian1Depth}"
#   meta:
#     ucd: stat.error;src.var.amplitude
# - 
#   name: geom_model_gaussian2_phase
#   datatype: float32
#   description: Phase of Gaussian 2 component
#   meta:
#     ucd: time.phase
# - 
#   name: geom_model_gaussian2_phase_error
#   datatype: float32
#   description: "Uncertainty of \\texttt{geomModelGaussian2Phase}"
#   meta:
#     ucd: stat.error;time.phase
# - 
#   name: geom_model_gaussian2_sigma
#   datatype: float32
[...]
#   datatype: float32
#   description: "Secondary eclipse: uncertainty of \\texttt{derivedSecondaryEclDuration}"
#   meta:
#     ucd: stat.error;time.duration
# - 
#   name: derived_secondary_ecl_depth
#   datatype: float32
#   unit: mag
#   description: "Secondary eclipse: depth"
#   meta:
#     ucd: src.var.amplitude
# - 
#   name: derived_secondary_ecl_depth_error
#   datatype: float32
#   unit: mag
#   description: "Secondary eclipse: uncertainty of \\texttt{derivedSecondaryEclDepth}"
#   meta:
#     ucd: stat.error;src.var.amplitude
solution_id,source_id,global_ranking,reference_time,frequency,frequency_error,geom_model_reference_level,geom_model_reference_level_error,geom_model_gaussian1_phase,geom_model_gaussian1_phase_error,geom_model_gaussian1_sigma,geom_model_gaussian1_sigma_error,geom_model_gaussian1_depth,geom_model_gaussian1_depth_error,geom_model_gaussian2_phase,geom_model_gaussian2_phase_error,geom_model_gaussian2_sigma,geom_model_gaussian2_sigma_error,geom_model_gaussian2_depth,geom_model_gaussian2_depth_error,geom_model_cosine_half_period_amplitude,geom_model_cosine_half_period_amplitude_error,geom_model_cosine_half_period_phase,geom_model_cosine_half_period_phase_error,model_type,num_model_parameters,reduced_chi2,derived_primary_ecl_phase,derived_primary_ecl_phase_error,derived_primary_ecl_duration,derived_primary_ecl_duration_error,derived_primary_ecl_depth,derived_primary_ecl_depth_error,derived_secondary_ecl_phase,derived_secondary_ecl_phase_error,derived_secondary_ecl_duration,derived_secondary_ecl_duration_error,derived_secondary_ecl_depth,derived_secondary_ecl_depth_error
[from data line 370]
375316653866487564,4318576903029171968,0.48849967,2143.8231381665255,3.916998782219008,2.4888184E-5,17.737658,0.12983608,0.18314233,0.0029762283,0.12009473,0.04391128,0.1505762,0.12056269,0.69004416,0.015387639,0.13064955,0.075480334,0.13369478,0.124185815,null,null,null,null,"TWOGAUSSIANS",8,3.5089507,0.18304233,0.0026951937,0.4,0.0,0.11416873,0.007297423,0.6900942,0.01527784,0.4,0.0,0.09716065,0.010655732
375316653866487564,4318576971748659328,0.4388379,2129.7392083158757,2.221257723814974,3.4860368E-5,18.027615,1.6270411,0.1967832,0.03309086,0.15138364,0.04777413,0.55619866,0.7495814,0.6659578,0.021944392,0.22182779,0.19083442,0.6947562,1.5954387,null,null,null,null,"TWOGAUSSIANS",8,15.845545,0.6659578,0.021944392,0.4,0.0,0.24392879,0.021996932,0.21534319,0.016664255,0.4,0.0,0.21601509,0.02515111
375316653866487564,4318576976093003520,0.46947888,2174.7408967808656,0.021342608635846003,1.8874387E-5,15.5625515,0.0036687863,0.2246691,0.009521887,0.07691048,0.006553574,0.0291751,0.0046655824,0.86338377,5.377944E-4,0.013636462,8.921633E-4,0.2699423,0.053647414,null,null,null,null,"TWOGAUSSIANS",8,24.297274,0.86338377,5.377944E-4,0.07636419,0.0049961144,0.2699428,0.053647436,0.2246691,0.009521887,0.4,0.0,0.0291751,0.0046655824
375316653866487564,4318577212266651136,0.52870876,2151.1651484687413,3.152214467655956,1.0913514E-5,18.566532,0.0038768454,0.3225145,0.002271672,0.07804628,0.0039561433,0.20046501,0.00825733,0.81502396,0.003178414,0.07484114,0.0048747,0.17848326,0.00869683,null,null,null,null,"TWOGAUSSIANS",8,1.1910343,0.3225145,0.002271672,0.4,0.0,0.19893129,0.008443458,0.81502396,0.003178414,0.4,0.0,0.17694955,0.008874785
375316653866487564,4318577727662923008,0.4350765,2120.160201525786,0.20539794757347682,8.7908265E-5,18.726694,0.0053938567,0.053681456,0.0069226013,0.009268548,0.0043561882,0.042862266,0.052136075,0.6104584,0.036887757,0.058974084,0.03377592,0.22474425,0.029879687,null,null,null,null,"TWOGAUSSIANS",8,9.120306,0.6104584,0.036887757,0.33025485,0.0732567,0.22474425,0.029880077,0.053681456,0.0069226013,0.05190387,0.024394654,0.042862266,0.05213608
375316653866487564,4318577972525467520,0.65165704,2150.9343430827626,0.38362144002478094,1.8609371E-5,14.700419,0.0023470318,0.25943285,0.002199509,0.023542862,0.0032144291,0.2929761,0.0052507785,0.76822555,0.00683006,0.019755509,0.00495766,0.48301235,0.31861934,0.0020807618,0.0038632592,0.25943285,0.002199509,"TWOGAUSSIANS_WITH_ELLIPSOIDAL_ON_ECLIPSE1",9,9.918304,0.76822555,0.00683006,0.11063085,0.027762897,0.48716116,0.32298845,0.25943285,0.002199509,0.13184002,0.018000804,0.29713765,0.0035063361
375316653866487564,4318578002540576512,0.6123653,2155.165573096576,0.5335033778042829,2.4368388E-5,17.642124,0.0014186196,0.5829147,4.8399437E-4,0.019502312,5.3353596E-4,0.47601038,0.008540334,0.843173,1.7031303E-4,0.0064135743,5.224128E-4,0.02987688,3.8024993E-4,null,null,null,null,"TWOGAUSSIANS",8,2.071687,0.5829147,4.8399437E-4,0.10921294,0.0029878013,0.47601038,0.008540334,0.843173,1.7031303E-4,0.03591602,0.002925512,0.02987688,3.8024993E-4
375316653866487564,4318578041206014080,0.5353637,2141.791512081705,3.4534301772342055,1.0361495E-5,19.84046,0.00782853,0.26184028,0.0031193728,0.073130466,0.0038932315,0.56379515,0.028004538,0.7629652,0.00267606,0.07081454,0.0026562607,0.68477786,0.021565696,null,null,null,null,"TWOGAUSSIANS",8,1.7412869,0.7629652,0.00267606,0.3965614,0.0122232735,0.6818829,0.021679834,0.26184028,0.0031193728,0.4,0.0041720737,0.5609002,0.02851346
375316653866487564,4318578384805362176,0.51058555,2173.7075410504963,3.3467946888019497,2.8499344E-5,19.359137,0.01807997,0.23703839,0.007098413,0.074242376,0.007653014,0.44005305,0.036259584,0.74306756,0.006464669,0.0859292,0.014029078,0.40261096,0.07242665,null,null,null,null,"TWOGAUSSIANS",8,5.1702757,0.23703839,0.007098413,0.4,0.0,0.43436453,0.03558993,0.74306756,0.006464669,0.4,0.0,0.39692244,0.07699119
375316653866487564,4318578414857758336,0.4365296,2192.1841910940475,2.113154155937432,6.8611866E-5,13.788117,0.030266263,0.32299277,0.01505214,0.115958855,0.03312824,0.13752386,0.033191748,0.7934279,0.03168116,0.08986078,0.033587676,0.10471502,0.03616019,null,null,null,null,"TWOGAUSSIANS",8,1080.4333,0.32299277,0.015040881,0.4,0.0,0.1286791,0.022491,0.7934279,0.03168116,0.4,0.0,0.095910884,0.031312894
375316653866487564,4318578797121369600,0.47420186,2183.3064749994237,3.0431615216889427,3.334902E-5,18.881834,0.008100034,0.2552813,0.012804117,0.1007538,0.014808436,0.13755687,0.013673879,0.7255094,0.0028179304,0.051357064,0.0044345707,0.16711187,0.013649149,null,null,null,null,"TWOGAUSSIANS",8,2.8026316,0.7255094,0.0028179304,0.28759956,0.024833597,0.16647243,0.013441605,0.2552813,0.012804117,0.4,0.0,0.13691472,0.013680117
375316653866487564,4318578797159621888,0.50772643,2192.347636276396,2.2771553425846727,7.3585948E-6,19.662504,0.02176585,0.2474974,0.0041621607,0.07286014,0.0087031,0.5514933,0.07668355,0.74041474,0.0040077046,0.068867296,0.0058247694,0.524281,0.0358931,null,null,null,null,"TWOGAUSSIANS",8,2.3218355,0.2474974,0.0041621607,0.4,0.015183357,0.5497068,0.07826978,0.74041474,0.0040077046,0.38565683,0.0321532,0.5224946,0.035819698
375316653866487564,4318581099222781184,0.40850094,2162.8437520612347,0.09921778242303467,4.94785E-5,19.372496,0.1433429,0.17437111,0.009102057,0.057437994,0.014492741,0.27270442,0.059668813,0.6043593,0.014651481,0.18075907,0.06920254,0.49237123,0.07682351,null,null,null,null,"TWOGAUSSIANS",8,19.497293,0.6043593,0.014651481,0.4,0.0,0.4474221,0.09710682,0.17855111,0.008975004,0.32165277,0.08115935,0.26091653,0.0603356
375316653866487564,4318581988272490240,0.6208835,2175.837928745693,0.9656934401358737,2.9708808E-6,17.591202,0.002392787,0.22243129,7.140031E-4,0.038804222,0.0011961976,0.4354663,0.012125133,0.7240571,0.0038816193,0.045083024,0.004711522,0.10413625,0.031539433,null,null,null,null,"TWOGAUSSIANS",8,2.553306,0.22243129,7.140031E-4,0.21730363,0.0066987067,0.4354663,0.012125136,0.7240571,0.0038816193,0.25246495,0.026384523,0.10413624,0.03153944
375316653866487564,4318582125711518848,0.53345877,2144.2673127570547,3.317198024882273,1.1554562E-5,18.576159,0.007059191,0.271818,0.0025934663,0.04911914,0.007984376,0.12372464,0.021086589,0.763063,0.019644644,0.04839632,0.018338472,0.06968818,0.020601425,0.09686053,0.0097133955,0.271818,0.0025934663,"TWOGAUSSIANS_WITH_ELLIPSOIDAL_ON_ECLIPSE1",9,4.0604167,0.271818,0.0025934663,0.27506718,0.044712503,0.31744504,0.014932982,0.766033,0.0099753365,0.27101937,0.10269544,0.26302165,0.013532572
375316653866487564,4318582748492664448,0.50947416,2146.6412533447187,3.797071448519176,2.5354817E-5,19.179203,0.007850611,0.23030122,0.007521094,0.076622576,0.009067442,0.23859566,0.012794653,0.734182,0.012370677,0.06081324,0.013457762,0.2173102,0.027130231,null,null,null,null,"TWOGAUSSIANS",8,1.8838181,0.23030122,0.007521094,0.4,0.0,0.23804738,0.012804625,0.734182,0.012370677,0.34055415,0.075363465,0.21676193,0.027212176
375316653866487564,4318582851573956608,0.42322722,2059.6473050496356,2.369338969612988,1.21335586E-4,18.376623,0.19751287,0.2752052,0.014551894,0.11108518,0.036598537,0.27700794,0.15295255,0.7543058,0.07388275,0.19314556,0.13168877,0.3604421,0.14152482,null,null,null,null,"TWOGAUSSIANS",8,10.671282,0.7543058,0.07388275,0.4,0.042241402,0.2148002,0.048355803,0.2795752,0.013431708,0.4,0.0,0.15762936,0.04420934
375316653866487564,4318583057767495808,0.48698485,2137.7606868969706,0.7342160194341268,2.6180553E-5,17.180185,0.0032209505,0.79809684,0.007619835,0.023730388,0.004910756,0.18005396,0.029651472,null,null,null,null,null,null,0.017024739,0.0062617776,0.79809684,0.007619835,"ONEGAUSSIAN_WITH_ELLIPSOIDAL",6,13.214786,0.79809684,0.007619835,0.13289018,0.027500233,0.21410345,0.029716846,null,null,null,null,null,null
375316653866487564,4318583229529066752,0.5320769,2140.505468326024,3.2732814926087563,8.920712E-6,18.830566,0.021435836,0.2805447,0.003352749,0.049495,0.01860861,0.6186271,0.25216228,0.7750515,0.0097744465,0.043287203,0.0073407763,0.44730544,0.06902276,0.12303555,0.02818688,0.2805447,0.003352749,"TWOGAUSSIANS_WITH_ELLIPSOIDAL_ON_ECLIPSE1",9,5.297056,0.2805447,0.003352749,0.277172,0.10420821,0.8646963,0.28435767,0.77546144,0.009351062,0.24240834,0.041108347,0.69310373,0.0603093
375316653866487564,4318583470092120576,0.44957513,2141.2015870796736,3.0266212915655943,1.4422302E-5,19.515991,0.01942485,0.3057395,0.009515581,0.07655224,0.017546717,0.4340769,0.11929827,0.80827165,0.007226613,0.049793236,0.008195799,0.47497487,0.043379832,null,null,null,null,"TWOGAUSSIANS",8,9.790711,0.80827165,0.007226613,0.27884212,0.045896474,0.47465268,0.04333866,0.3057395,0.009515581,0.4,0.010751921,0.4337547,0.12008282
375316653866487564,4318583607531070464,0.45604983,2167.0091219770566,0.02390685698606597,7.9662204E-5,19.110594,0.026619954,0.1112907,0.02214013,0.08126509,0.019991023,0.13630226,0.03167211,0.4461239,0.0075191725,0.050018776,0.017194917,0.2534336,0.09381722,null,null,null,null,"TWOGAUSSIANS",8,4.4964824,0.4461239,0.0075191725,0.28010514,0.096291535,0.25346076,0.09378668,0.1112907,0.02214013,0.4,0.021826454,0.13630137,0.03166941
375316653866487564,4318584019840247936,0.569262,2147.3187938656565,2.2778390391882275,1.3783013E-5,17.153837,0.01025853,0.20727718,0.0031740703,0.08778276,0.004038917,0.3258584,0.01212074,0.7068839,0.0037200714,0.09554687,0.0062775323,0.30394527,0.0109527735,null,null,null,null,"TWOGAUSSIANS",8,11.655259,0.20727718,0.0031740703,0.4,0.0,0.3107244,0.009069669,0.7068839,0.0037200714,0.4,0.0,0.28881067,0.009206158
375316653866487564,4318584363437588352,0.5037831,2158.3244597054477,2.989360313282308,1.5020779E-5,14.63085,0.027466964,0.30497196,0.0044728755,0.08903536,0.01199064,0.2936388,0.028931068,0.82903236,0.007065795,0.08989501,0.012790342,0.27714935,0.03346921,null,null,null,null,"TWOGAUSSIANS",8,438.31674,0.30497196,0.0044728755,0.4,0.0,0.28581387,0.027272727,0.82903236,0.007065795,0.4,0.0,0.26932436,0.03039082
375316653866487564,4318584913156130048,0.5190442,2121.400550490657,1.987061457142917,2.1294252E-5,19.284763,0.009772362,0.27766514,0.006338808,0.06894241,0.007910231,0.48340836,0.07116989,0.77903163,0.0016919264,0.060091864,0.003761075,0.3613717,0.0136677055,null,null,null,null,"TWOGAUSSIANS",8,2.6008863,0.27766514,0.006338808,0.38607752,0.039247975,0.4829646,0.071478516,0.77903163,0.0016919264,0.33651444,0.02106202,0.36092794,0.01360495
375316653866487564,4318585050632558080,0.5738017,2171.927149448253,2.8495605841795895,2.7408998E-5,16.791285,0.011634066,0.26758322,0.007790238,0.059616864,0.0130703645,0.1339804,0.027576067,0.7500644,0.006392242,0.053830165,0.01252515,0.11157703,0.03529531,0.08822841,0.016860379,0.7500644,0.006392242,"TWOGAUSSIANS_WITH_ELLIPSOIDAL_ON_ECLIPSE2",9,23.918447,0.26286322,0.003828332,0.33385444,0.07319404,0.30887127,0.014560055,0.7500644,0.006392242,0.3014489,0.07014084,0.28802586,0.016044691
375316653866487564,4318585565993430272,0.5312131,2147.7664673406484,3.2122110443518754,1.2326307E-5,19.460625,0.009092161,0.19901241,0.002261384,0.06454707,0.0039474377,0.35582712,0.042937987,0.6839413,0.0020815153,0.06648947,0.00384838,0.3869468,0.024438547,null,null,null,null,"TWOGAUSSIANS",8,1.0243585,0.6839413,0.0020815153,0.37234107,0.021550927,0.386619,0.02453913,0.19901241,0.002261384,0.3614636,0.022105651,0.35549933,0.04302957
375316653866487564,4318586218863462400,0.51878315,2162.938644793297,1.5860650757007364,2.4853241E-5,16.649126,0.003991241,0.24134523,0.0057751606,0.078662485,0.012252279,0.05421349,0.007828886,0.7330809,0.009193175,0.09753507,0.010401764,0.07153882,0.0058622956,null,null,null,null,"TWOGAUSSIANS",8,2.4824376,0.7330809,0.009193175,0.4,0.0,0.06957804,0.0044747908,0.24134523,0.0057751606,0.4,0.0,0.05225301,0.008260774
375316653866487564,4318587107872647424,0.4714621,2111.295591822873,2.7718866179172847,3.2984677E-5,18.68865,0.044690173,0.21955208,0.008093116,0.112736374,0.026560975,0.16224618,0.044214748,0.7072871,0.007821835,0.104938194,0.028734382,0.1649664,0.039523285,null,null,null,null,"TWOGAUSSIANS",8,3.0290911,0.7072871,0.007821835,0.4,0.0,0.14448835,0.012824597,0.21956208,0.008088993,0.4,0.0,0.14175329,0.0188621
375316653866487564,4318587180899549184,0.4920212,2134.066024431369,3.1833981491232612,2.9436094E-5,19.329779,0.014000946,0.24272151,0.0075603975,0.09537372,0.014604968,0.17921744,0.015683604,0.75610536,0.013645395,0.089362375,0.013780596,0.17555486,0.019910684,null,null,null,null,"TWOGAUSSIANS",8,1.2558607,0.24272151,0.0075603975,0.4,0.0,0.17175564,0.016009454,0.75610536,0.013645395,0.4,0.0,0.16809347,0.018430615
375316653866487564,4318588005533319296,0.48170036,2162.599714572678,3.190508566421052,2.1725373E-5,19.69003,0.005791341,0.18973325,0.0055215033,0.021754684,0.019144079,0.12929168,2123.7234,0.78634286,0.069295704,0.025687331,0.006382954,0.21464685,0.20418878,0.12234499,0.009058222,0.18973325,0.0055215033,"TWOGAUSSIANS_WITH_ELLIPSOIDAL_ON_ECLIPSE1",9,2.888278,0.78634286,0.069295704,0.14384906,0.035744544,0.3797197,0.29689386,0.18973325,0.0055215033,0.12182623,0.107206844,0.37398124,2123.7239
375316653866487564,4318588276104010496,0.58944726,2123.8113793813877,0.6122459725542352,2.163812E-5,18.166431,0.0015927034,0.3662916,0.0037226635,0.02148794,0.003033649,0.26977676,0.13163659,0.59111094,0.011496888,0.028527895,0.013099631,0.82489616,0.69244057,null,null,null,null,"TWOGAUSSIANS",8,2.3050973,0.59111094,0.011496888,0.15975621,0.07335793,0.82489616,0.69244057,0.3662916,0.0037226635,0.120332465,0.016988434,0.26977676,0.13163659
375316653866487564,4318588864527024000,0.4821446,2142.823363715594,3.50996133151063,1.603402E-5,18.57566,0.5607266,0.2398284,0.0050084568,0.1824469,0.07775557,0.6458948,0.5398882,0.7362811,0.0080085695,0.16062772,0.065907575,0.62041575,0.4959159,null,null,null,null,"TWOGAUSSIANS",8,2.992107,0.24054839,0.004244364,0.4,0.0,0.22500198,0.012440446,0.7362811,0.0080085695,0.4,0.0,0.21999107,0.03046471
375316653866487564,4318589276880236288,0.49786985,2178.7763813691063,2.313210681514037,3.363231E-5,17.296785,0.030378621,0.22920926,0.008456982,0.11352798,0.02252455,0.124764115,0.029359901,0.75554734,0.00732292,0.113990106,0.018992059,0.17057526,0.028789513,null,null,null,null,"TWOGAUSSIANS",8,7.575438,0.75559735,0.00722439,0.4,0.0,0.1505605,0.008507559,0.22910926,0.008417829,0.4,0.0,0.10476036,0.010036137
375316653866487564,4318589414284239232,0.4874025,2177.91614204137,3.7082364286373584,2.0191103E-5,19.658709,0.008023235,0.24277651,0.008734204,0.06862716,0.0076046763,0.3307197,0.046221916,0.74462354,0.0075967396,0.089810595,0.010649953,0.25809747,0.029083388,null,null,null,null,"TWOGAUSSIANS",8,2.0247576,0.24277651,0.008734204,0.3843121,0.042586185,0.32695785,0.046269327,0.74462354,0.0075967396,0.4,0.0,0.2543355,0.030709859
375316653866487564,4318589448679187328,0.60459536,2179.9611733014076,2.1742300103210517,6.6728035E-6,17.50459,0.0112148365,0.21945249,0.0013349814,0.09481384,0.004726766,0.36017448,0.008657444,0.7180757,0.004991646,0.100263454,0.00943797,0.17600664,0.011896984,null,null,null,null,"TWOGAUSSIANS",8,2.8533163,0.21945249,0.0013349814,0.4,0.0,0.3420867,0.007210505,0.7180757,0.004991646,0.4,0.0,0.15791814,0.009663758
375316653866487564,4318589998398866048,0.49401957,2224.794483264075,0.2479735909303153,1.3510774E-5,17.834536,0.007255798,0.30408424,0.004383031,0.03023967,0.0050115217,0.6003114,0.3481784,0.81235003,0.0020920841,0.03391257,0.0033566158,0.13352174,0.007886666,null,null,null,null,"TWOGAUSSIANS",8,10.680977,0.30408424,0.004383031,0.16934215,0.028064521,0.6003114,0.3481784,0.81235003,0.0020920841,0.18991038,0.018797047,0.13352174,0.007886666
