Gaia/vari_eclipsing_binary/VariEclipsingBinary_607252-607288.csv
# %ECSV 1.0
# ---
# delimiter: ','
# meta: !!omap
# - RELEASE: Gaia DR3
# - TABLE: vari_eclipsing_binary
# - DESCRIPTION: >
#     This table describes the properties of the eclipsing binaries resulting from the variability analysis. 
# - CITATION: >
#     How to cite and acknowledge Gaia: 
#     https://gea.esac.esa.int/archive/documentation/credits.html 
# - KNOWN_ISSUES: >
#     Known issues: 
#     https://www.cosmos.esa.int/web/gaia-users/known-issues 
# - DOCUMENTATION: >
#     Tutorials and documentation: 
#     https://www.cosmos.esa.int/web/gaia-users/archive 
# datatype:
# - 
#   name: solution_id
#   datatype: int64
#   description: Solution Identifier
#   meta:
#     ucd: meta.version
# - 
#   name: source_id
#   datatype: int64
#   description: Unique source identifier
#   meta:
#     ucd: meta.id;meta.main
# - 
#   name: global_ranking
#   datatype: float32
#   description: Number between 0 (worst) and 1 (best)
#   meta:
#     ucd: stat.param
# - 
#   name: reference_time
#   datatype: float64
#   unit: d
#   description: Reference time used for the geometric model fit
#   meta:
#     ucd: time.epoch
# - 
#   name: frequency
#   datatype: float64
#   unit: d**-1
#   description: Frequency of geometric model of the eclipsing binary light curve
#   meta:
#     ucd: src.orbital
# - 
#   name: frequency_error
#   datatype: float32
#   unit: d**-1
#   description: "Uncertainty of \\texttt{frequency}"
#   meta:
#     ucd: stat.error
# - 
#   name: geom_model_reference_level
#   datatype: float32
#   unit: mag
#   description: Magnitude reference level of geometric model
#   meta:
#     ucd: phot.mag;em.opt
# - 
#   name: geom_model_reference_level_error
#   datatype: float32
#   unit: mag
#   description: "Uncertainty of \\texttt{geomModelReferenceLevel}"
#   meta:
#     ucd: stat.error;phot.mag;em.opt
# - 
#   name: geom_model_gaussian1_phase
#   datatype: float32
#   description: Phase of the Gaussian 1 component
#   meta:
#     ucd: time.phase
# - 
#   name: geom_model_gaussian1_phase_error
#   datatype: float32
#   description: "Uncertainty of \\texttt{geomModelGaussian1Phase}"
#   meta:
#     ucd: stat.error;time.phase
# - 
#   name: geom_model_gaussian1_sigma
#   datatype: float32
#   description: "Standard deviation [phase] of Gaussian 1 component"
#   meta:
#     ucd: stat.stdev
# - 
#   name: geom_model_gaussian1_sigma_error
#   datatype: float32
#   description: "Uncertainty of \\texttt{geomModelGaussian1Sigma}"
#   meta:
#     ucd: stat.error
# - 
#   name: geom_model_gaussian1_depth
#   datatype: float32
#   unit: mag
#   description: Magnitude depth of Gaussian 1 component
#   meta:
#     ucd: src.var.amplitude
# - 
#   name: geom_model_gaussian1_depth_error
#   datatype: float32
#   unit: mag
#   description: "Uncertainty of \\texttt{geomModelGaussian1Depth}"
#   meta:
#     ucd: stat.error;src.var.amplitude
# - 
#   name: geom_model_gaussian2_phase
#   datatype: float32
#   description: Phase of Gaussian 2 component
#   meta:
#     ucd: time.phase
# - 
#   name: geom_model_gaussian2_phase_error
#   datatype: float32
#   description: "Uncertainty of \\texttt{geomModelGaussian2Phase}"
#   meta:
#     ucd: stat.error;time.phase
# - 
#   name: geom_model_gaussian2_sigma
#   datatype: float32
[...]
#   datatype: float32
#   description: "Secondary eclipse: uncertainty of \\texttt{derivedSecondaryEclDuration}"
#   meta:
#     ucd: stat.error;time.duration
# - 
#   name: derived_secondary_ecl_depth
#   datatype: float32
#   unit: mag
#   description: "Secondary eclipse: depth"
#   meta:
#     ucd: src.var.amplitude
# - 
#   name: derived_secondary_ecl_depth_error
#   datatype: float32
#   unit: mag
#   description: "Secondary eclipse: uncertainty of \\texttt{derivedSecondaryEclDepth}"
#   meta:
#     ucd: stat.error;src.var.amplitude
solution_id,source_id,global_ranking,reference_time,frequency,frequency_error,geom_model_reference_level,geom_model_reference_level_error,geom_model_gaussian1_phase,geom_model_gaussian1_phase_error,geom_model_gaussian1_sigma,geom_model_gaussian1_sigma_error,geom_model_gaussian1_depth,geom_model_gaussian1_depth_error,geom_model_gaussian2_phase,geom_model_gaussian2_phase_error,geom_model_gaussian2_sigma,geom_model_gaussian2_sigma_error,geom_model_gaussian2_depth,geom_model_gaussian2_depth_error,geom_model_cosine_half_period_amplitude,geom_model_cosine_half_period_amplitude_error,geom_model_cosine_half_period_phase,geom_model_cosine_half_period_phase_error,model_type,num_model_parameters,reduced_chi2,derived_primary_ecl_phase,derived_primary_ecl_phase_error,derived_primary_ecl_duration,derived_primary_ecl_duration_error,derived_primary_ecl_depth,derived_primary_ecl_depth_error,derived_secondary_ecl_phase,derived_secondary_ecl_phase_error,derived_secondary_ecl_duration,derived_secondary_ecl_duration_error,derived_secondary_ecl_depth,derived_secondary_ecl_depth_error
[from data line 544]
375316653866487564,5341644817394813312,0.440363,2187.66895954276,0.8033984149538629,5.1148E-5,19.332506,0.042139113,0.27515882,0.02659803,0.105274156,0.046405353,0.15790471,0.034856204,0.71671027,0.014462612,0.07949069,0.038413167,0.24986006,0.06156134,null,null,null,null,"TWOGAUSSIANS",8,2.7647998,0.71671027,0.014462612,0.4,0.015728768,0.24596038,0.071119785,0.27515882,0.026575034,0.4,0.0,0.15398107,0.025010267
375316653866487564,5341645053605770880,0.44670513,2220.9918180565055,1.5497040988589619,2.4894589E-5,19.007431,0.040237065,0.23604326,0.014513707,0.10990149,0.03848622,0.18129063,0.030718196,0.74400204,0.009668025,0.060178693,0.011277211,0.1608674,0.045226306,null,null,null,null,"TWOGAUSSIANS",8,5.6713324,0.23604326,0.014513707,0.4,0.0,0.17745437,0.024576837,0.74400204,0.009675739,0.33700067,0.06315238,0.15704332,0.036144238
375316653866487564,5341645195351911296,0.5662381,2210.0940741394866,2.6108416615602406,9.457914E-6,18.31648,0.0133305155,0.23410542,0.0029961453,0.041557554,0.006058103,0.28466687,0.0377343,0.71846503,0.004552125,0.045980908,0.006330823,0.31600085,0.028303308,0.10375087,0.019261587,0.23410542,0.0029961453,"TWOGAUSSIANS_WITH_ELLIPSOIDAL_ON_ECLIPSE1",9,7.999431,0.72000504,0.003981827,0.25749308,0.035452608,0.5217008,0.012536945,0.23410542,0.0029961453,0.23272231,0.033925377,0.4921685,0.027670313
375316653866487564,5341645229711724288,0.49717993,2231.3383573619417,2.483991056667018,1.2289975E-5,18.564104,0.020648982,0.31293726,0.0034731603,0.082012765,0.006550431,0.5076746,0.032986008,0.8191425,0.011151807,0.08910393,0.013477664,0.41183493,0.023651693,null,null,null,null,"TWOGAUSSIANS",8,14.059813,0.31293726,0.0034731603,0.4,0.0,0.49624476,0.032655377,0.8191425,0.011151807,0.4,0.0,0.400405,0.01918525
375316653866487564,5341645465920476160,0.42497125,2177.483058826989,3.7347975097200123,7.38987E-5,18.920527,0.012183092,0.24866706,0.01422078,0.036300387,0.0383378,0.15461937,0.06280906,null,null,null,null,null,null,0.03591453,0.016340928,0.24866706,0.01422078,"ONEGAUSSIAN_WITH_ELLIPSOIDAL",6,7.564825,0.24866706,0.01422078,0.20328216,0.21469168,0.22644834,0.08364382,null,null,null,null,null,null
375316653866487564,5341646187492575104,0.5960724,2196.145905835681,0.232597048579713,3.9330284E-6,18.10801,0.0058485796,0.1646161,0.018267926,0.02157231,0.017193424,0.03173331,0.015264368,0.64391553,5.7515356E-4,0.02486603,6.1162893E-4,0.59999216,0.019521017,0.028975679,0.005599363,0.1646161,0.018267926,"TWOGAUSSIANS_WITH_ELLIPSOIDAL_ON_ECLIPSE1",9,4.2702417,0.64401555,5.4113293E-4,0.13924976,0.003425122,0.65697306,0.01818986,0.1646161,0.018267926,0.120804936,0.096283175,0.089684576,0.011364071
375316653866487564,5341646634153732224,0.48048827,2229.83145602385,2.0354015370863383,2.0243717E-5,18.808575,0.0026116716,0.1275821,0.016699627,0.032951415,0.010227043,0.100132614,0.019855764,0.63315004,0.0047170604,0.040433016,0.0040902835,0.18540609,0.020399595,null,null,null,null,"TWOGAUSSIANS",8,1.5603976,0.63315004,0.0047170604,0.2264249,0.022905586,0.18540609,0.020399595,0.1275821,0.016699627,0.18452793,0.057271443,0.100132614,0.019855764
375316653866487564,5341647566174551296,0.48768812,2209.374837271539,0.9336197051287662,1.922547E-5,19.022686,0.007640538,0.2511296,0.011331418,0.086198494,0.011293069,0.12002651,0.009726187,0.7350279,0.012207243,0.05725039,0.011774358,0.2543758,0.028323999,null,null,null,null,"TWOGAUSSIANS",8,2.075581,0.7350279,0.012207243,0.32060218,0.06593641,0.2538916,0.028022898,0.2511296,0.011331418,0.4,0.0,0.11954229,0.009083
375316653866487564,5341647905464098048,0.59803015,2195.723037336525,2.664894015838376,5.12012E-6,18.647587,0.0068179327,0.16644809,0.0015021492,0.07554491,0.0022268617,0.51790553,0.010622562,0.66697377,0.0017800748,0.079615824,0.0026548838,0.50170803,0.013583736,null,null,null,null,"TWOGAUSSIANS",8,2.503441,0.16644809,0.0015021492,0.4,0.0,0.51230335,0.010623232,0.66697377,0.0017800748,0.4,0.0,0.4961059,0.013822342
375316653866487564,5341648219028110976,0.55462193,2197.636837290481,1.6446498737457662,7.3541487E-6,17.930746,0.009968818,0.24225917,0.0028349173,0.091935605,0.0067564803,0.2889479,0.0101080965,0.7552926,0.0037782365,0.09989644,0.008292176,0.1640154,0.009083178,null,null,null,null,"TWOGAUSSIANS",8,1.9811469,0.24225917,0.0028349173,0.4,0.0,0.27702057,0.011769489,0.7552926,0.0037782365,0.4,0.0,0.1520869,0.0062242635
375316653866487564,5341649249820303104,0.59323466,2186.3992413115598,1.865278279879411,1.3135412E-5,13.251256,5.9710507E-4,0.21429887,0.002731152,0.034960147,0.0043900143,0.009550521,0.0025984505,0.71449196,0.0013479652,0.038461395,0.0015142077,0.119276695,0.0042273425,0.013569416,8.992372E-4,0.21429887,0.002731152,"TWOGAUSSIANS_WITH_ELLIPSOIDAL_ON_ECLIPSE1",9,10.831475,0.71449196,0.0013361842,0.21538381,0.008479563,0.14641546,0.0041892044,0.21429887,0.002731152,0.19577682,0.024584081,0.036689322,0.001869965
375316653866487564,5341649937015095936,0.55337834,2184.822428802998,2.4356190604020904,1.325049E-5,18.478802,0.0089079365,0.2615666,0.0037054082,0.08452195,0.005732515,0.28165585,0.016906045,0.7624216,0.003005107,0.08497438,0.007999697,0.28831097,0.0096599655,null,null,null,null,"TWOGAUSSIANS",8,3.2668633,0.7624216,0.003005107,0.4,0.0,0.28107,0.0114018135,0.2615666,0.0037054082,0.4,0.0,0.27441487,0.017510941
375316653866487564,5341650314954662016,0.5523238,2206.027190926229,1.1700770236127949,7.887726E-6,17.970243,0.0058676642,0.24425809,0.009191669,0.08627067,0.0072632018,0.19811639,0.008936357,0.7414307,0.0020832103,0.06523814,0.0025246467,0.52206784,0.025307296,null,null,null,null,"TWOGAUSSIANS",8,5.3220935,0.7414307,0.0020832103,0.3653336,0.0141380215,0.51969606,0.025643459,0.24425809,0.009191669,0.4,0.0,0.19574463,0.008230685
375316653866487564,5341650448082692096,0.53371435,2177.620207815486,0.36262244769042734,8.196824E-6,18.716702,0.0028043422,0.2709482,0.0025943292,0.019250799,0.003073182,0.30432394,0.027559996,0.6785695,0.087657444,0.08901711,0.058223672,0.039348714,0.013927492,null,null,null,null,"TWOGAUSSIANS",8,1.7393372,0.2709482,0.0025943292,0.10780447,0.017209819,0.304325,0.02756001,0.6785695,0.087657444,0.4,0.1999776,0.039348688,0.013927041
375316653866487564,5341651414483951104,0.56266856,2188.2457149429633,2.9446083268427516,1.0980522E-5,18.125185,0.0113727935,0.24485616,0.0022270866,0.09171006,0.007998641,0.20018722,0.009328201,0.73261714,0.0029952892,0.09258394,0.0067449464,0.2046653,0.01260746,null,null,null,null,"TWOGAUSSIANS",8,2.3942215,0.73261714,0.0029952892,0.4,0.0,0.19615926,0.011184765,0.24485616,0.0022270866,0.4,0.0,0.19168124,0.008020139
375316653866487564,5341651685033311488,0.5154191,2204.8714620772803,2.8378494766573996,1.5824382E-5,18.515142,0.017115645,0.329268,0.0026447475,0.097539715,0.009487865,0.21017386,0.016762665,0.8294172,0.009557103,0.09929182,0.01635824,0.21338402,0.014266383,null,null,null,null,"TWOGAUSSIANS",8,2.383996,0.8294172,0.009557103,0.4,0.0,0.19660145,0.013105141,0.329268,0.0026447475,0.4,0.0,0.1933918,0.0120859975
375316653866487564,5341651929879850496,0.619595,2158.943905884184,2.4106265972869783,4.946771E-6,15.318375,0.015052041,0.2623251,0.002215689,0.060930204,0.00849365,0.14049324,0.032076586,0.7673162,0.0028193796,0.061068732,0.007902649,0.16927795,0.028487673,0.084064506,0.016679406,0.2623251,0.002215689,"TWOGAUSSIANS_WITH_ELLIPSOIDAL_ON_ECLIPSE1",9,31.572964,0.7673162,0.0028193796,0.3419849,0.044254836,0.33718273,0.008452148,0.2623251,0.002215689,0.34120914,0.04756444,0.3085633,0.008874987
375316653866487564,5341651994270881408,0.48927718,2192.7036400026627,1.4570756468353603,2.841349E-5,18.391577,0.015179698,0.2799183,0.015582087,0.08104054,0.03456038,0.08148627,0.015170829,0.73902583,0.0077650514,0.11911117,0.013877144,0.15600465,0.014917874,null,null,null,null,"TWOGAUSSIANS",8,2.4390783,0.73902583,0.0077650514,0.4,0.0,0.14990002,0.009810553,0.2801483,0.0155227855,0.4,0.066117875,0.07547983,0.01646013
375316653866487564,5341652307837004160,0.631365,2184.8244575122794,0.760716988828641,6.2785325E-6,15.52026,0.006154424,0.282925,0.0022797033,0.08496004,0.0034130458,0.3104986,0.0069290358,0.7833434,0.0018076038,0.11276837,0.0052226214,0.15695986,0.005672487,null,null,null,null,"TWOGAUSSIANS",8,14.828774,0.282925,0.0022797033,0.4,0.0,0.29391858,0.005571258,0.7833434,0.0018076038,0.4,0.0,0.14036298,0.0032619513
375316653866487564,5341652784544925696,0.49672282,2186.6171880929314,1.1888203940577813,1.5626772E-5,18.261925,0.011628835,0.25654417,0.0046594855,0.10036521,0.011259462,0.11413184,0.01125041,0.75495857,0.003937631,0.08762991,0.009162997,0.20331901,0.016720988,null,null,null,null,"TWOGAUSSIANS",8,2.1122096,0.75495857,0.003937631,0.4,0.0,0.19492353,0.01903649,0.25654417,0.0046594855,0.4,0.0,0.10573546,0.006131499
375316653866487564,5341653299940992128,0.5231166,2182.663225643655,1.7153789557352215,2.7894159E-5,18.302982,0.0068076486,0.1680531,0.0018891623,0.0399638,0.002564904,0.414551,0.021305613,0.66776204,0.010630586,0.039071854,0.007653576,0.33564684,0.044314295,null,null,null,null,"TWOGAUSSIANS",8,13.350997,0.1680531,0.0018891623,0.22379729,0.014363462,0.414551,0.021305613,0.66776204,0.010630586,0.21880238,0.042860027,0.33564684,0.044314295
375316653866487564,5341654365092369792,0.55101484,2178.927857061632,1.8304769712740712,1.52490065E-5,16.232304,0.0025199733,0.2094864,0.0074127093,0.040693164,0.004208943,0.08686559,0.0045428514,0.7074578,0.0024906856,0.04018944,0.0027365384,0.20782056,0.012939649,null,null,null,null,"TWOGAUSSIANS",8,14.482201,0.7074578,0.0024906856,0.22506088,0.015324615,0.20782056,0.01293965,0.2094864,0.0074127093,0.22788171,0.023570081,0.08686559,0.0045428504
375316653866487564,5341654369405555584,0.5345454,2200.2382255350312,3.3724461483268517,2.0009365E-4,19.575842,0.0068753017,0.31740424,6.622894E-5,0.012815748,3.644524E-4,2.6974287,0.1682894,0.57362425,0.013261519,0.016220579,0.008680611,0.11901319,0.093230926,null,null,null,null,"TWOGAUSSIANS",8,4.150595,0.31740424,6.622894E-5,0.071768194,0.0020409334,2.6974287,0.1682894,0.57362425,0.013261519,0.090835236,0.048611425,0.11901319,0.093230926
375316653866487564,5341654541202487296,0.54412436,2173.339109593911,1.8655931940885002,7.093731E-6,19.497215,0.009195187,0.2708752,0.001617216,0.04170684,0.0021669872,0.7594816,0.042162836,0.7927735,0.0097501725,0.0261119,0.011632589,0.10298689,0.06632883,0.08627876,0.015220158,0.2708752,0.001617216,"TWOGAUSSIANS_WITH_ELLIPSOIDAL_ON_ECLIPSE1",9,2.9081929,0.2708752,0.001617216,0.2335583,0.0121351285,0.93203896,0.04139668,0.7927735,0.0097501725,0.14622664,0.0651425,0.27229807,0.062082045
375316653866487564,5341654605611073536,0.541881,2193.7527598170645,0.3932190822521762,4.0293115E-5,18.603323,0.003310802,0.21722916,0.02037423,0.024211442,0.01509487,0.036796577,0.009469586,0.7133891,4.0188217E-5,0.011406325,1.19835575E-4,0.6411269,0.0076941713,null,null,null,null,"TWOGAUSSIANS",8,3.2321522,0.7133891,4.0188217E-5,0.06387542,6.710792E-4,0.6411269,0.0076941713,0.21722916,0.02037423,0.13558409,0.08453127,0.036796577,0.009469586
375316653866487564,5341655262756978176,0.51383203,2168.3525790912827,3.507233951172934,2.4538303E-5,19.285671,0.018879252,0.2601455,0.008244069,0.08312852,0.011447223,0.33065853,0.027719349,0.77195656,0.0039429152,0.093703456,0.007946723,0.2677137,0.018076258,null,null,null,null,"TWOGAUSSIANS",8,1.6686683,0.2601455,0.008244069,0.4,0.0,0.32172272,0.028418396,0.77195656,0.0039429152,0.4,0.0,0.25877747,0.012863609
375316653866487564,5341656254878291968,0.5046256,2215.6142319961477,0.08034892206226799,5.7552184E-6,17.744776,0.0031500182,0.5973137,0.04925086,0.009448763,0.021660358,0.50093216,0.34056905,0.9028148,0.016812159,0.010170285,0.004140802,0.25945884,0.72489005,null,null,null,null,"TWOGAUSSIANS",8,5.234895,0.5973137,0.04925086,0.05291307,0.121298,0.50093216,0.34056905,0.9028148,0.016812159,0.056953594,0.023188494,0.25945884,0.72489005
375316653866487564,5341656259207497344,0.5094911,2201.240628360534,2.9276174723786457,1.589058E-5,17.509525,0.018679079,0.3162668,0.007146793,0.10890332,0.018230353,0.12073735,0.016359301,0.8121861,0.004317051,0.11055855,0.018650364,0.09085107,0.017819988,null,null,null,null,"TWOGAUSSIANS",8,2.1559215,0.3162668,0.007164279,0.4,0.0,0.105819665,0.008304614,0.8121861,0.004317051,0.4,0.0,0.07593319,0.004652542
375316653866487564,5341656362278237056,0.49028507,2225.860468153653,2.8383616609742472,2.3208599E-5,19.442604,0.013732529,0.25909278,0.005514681,0.09194218,0.008905051,0.25954962,0.0135975685,0.7680256,0.00787103,0.09153723,0.009970205,0.24950548,0.015347498,null,null,null,null,"TWOGAUSSIANS",8,1.8977826,0.25909278,0.005514681,0.4,0.0,0.24868572,0.011495907,0.7680256,0.00787103,0.4,0.0,0.2386416,0.0126284985
375316653866487564,5341656568436633088,0.5729791,2200.434345733659,2.7353427526270297,7.073094E-6,18.530252,0.026844818,0.17725767,0.0024869659,0.049669277,0.009493633,0.36188358,0.0431638,0.6808747,0.00435452,0.054840207,0.0060816556,0.40198627,0.06561679,0.101050645,0.03128354,0.17725767,0.0024869659,"TWOGAUSSIANS_WITH_ELLIPSOIDAL_ON_ECLIPSE1",9,5.444442,0.6808747,0.00435452,0.30710515,0.034057274,0.6039726,0.027976308,0.17725767,0.0024869659,0.27814794,0.053164344,0.56397426,0.051139813
375316653866487564,5341656774603601920,0.47647697,2196.3005845009366,0.7482923301110534,2.9343368E-5,15.743014,0.002137722,0.28606248,0.06262558,0.02757608,0.03457982,0.014946235,0.0064282278,0.6409874,0.0041102353,0.016825225,0.004480506,0.110502735,0.00855447,0.003874891,0.0027633272,0.6409874,0.0041102353,"TWOGAUSSIANS_WITH_ELLIPSOIDAL_ON_ECLIPSE2",9,28.00761,0.6409874,0.0041102353,0.09422126,0.025090832,0.11825251,0.008285261,0.2836325,0.06595639,0.15442604,0.193647,0.017911032,0.0062338957
375316653866487564,5341656877674417280,0.50528586,2206.1680872744873,2.2447873036108335,1.4787902E-5,19.831257,0.018021693,0.20734014,0.004509286,0.0884314,0.00828455,0.3464409,0.029235795,0.6977912,0.006373022,0.08551864,0.010612938,0.3443005,0.021402825,null,null,null,null,"TWOGAUSSIANS",8,1.3258687,0.20734014,0.004509286,0.4,0.0,0.3369785,0.0305466,0.6977912,0.006373022,0.4,0.0,0.33483818,0.018488904
375316653866487564,5341656877682824448,0.5385964,2184.1016189255774,0.5998251927824757,4.3958597E-5,18.740168,0.0046959175,0.28754535,0.006592094,0.022625122,0.0073031164,0.074967064,0.03788878,0.7706332,0.032627236,0.03369534,0.038095664,0.6469236,0.67033035,null,null,null,null,"TWOGAUSSIANS",8,1.8113145,0.7706332,0.032627236,0.18869391,0.21333572,0.6469236,0.67033046,0.28754535,0.006592094,0.12670068,0.04089745,0.074967064,0.037888773
375316653866487564,5341657526188352000,0.5046888,2196.877130267556,4.50857400345841,9.382016E-6,17.450232,0.009664114,0.13704361,0.0028639217,0.043331478,0.0045587867,0.17842993,0.027435979,0.63497514,0.00549924,0.03906764,0.009503535,0.14619426,0.024393138,0.109745935,0.013669794,0.13704361,0.0028639217,"TWOGAUSSIANS_WITH_ELLIPSOIDAL_ON_ECLIPSE1",9,15.860368,0.13704361,0.0028639217,0.24265628,0.025529206,0.3979216,0.017029697,0.63529515,0.004531171,0.21877879,0.0532198,0.36565453,0.016801927
375316653866487564,5341657599224969216,0.5100577,2189.288412562056,2.8155243629317677,1.0700112E-5,19.051569,0.014252289,0.2076591,0.0035687813,0.08365895,0.007801839,0.33219817,0.01826881,0.7052907,0.0038901246,0.085912645,0.006579854,0.3216453,0.026582547,null,null,null,null,"TWOGAUSSIANS",8,2.6243072,0.2076591,0.0035687813,0.4,0.0,0.3240812,0.018831823,0.7052907,0.0038901246,0.4,0.0,0.31352827,0.027131937
