Gaia/vari_eclipsing_binary/VariEclipsingBinary_488223-488254.csv
# %ECSV 1.0
# ---
# delimiter: ','
# meta: !!omap
# - RELEASE: Gaia DR3
# - TABLE: vari_eclipsing_binary
# - DESCRIPTION: >
#     This table describes the properties of the eclipsing binaries resulting from the variability analysis. 
# - CITATION: >
#     How to cite and acknowledge Gaia: 
#     https://gea.esac.esa.int/archive/documentation/credits.html 
# - KNOWN_ISSUES: >
#     Known issues: 
#     https://www.cosmos.esa.int/web/gaia-users/known-issues 
# - DOCUMENTATION: >
#     Tutorials and documentation: 
#     https://www.cosmos.esa.int/web/gaia-users/archive 
# datatype:
# - 
#   name: solution_id
#   datatype: int64
#   description: Solution Identifier
#   meta:
#     ucd: meta.version
# - 
#   name: source_id
#   datatype: int64
#   description: Unique source identifier
#   meta:
#     ucd: meta.id;meta.main
# - 
#   name: global_ranking
#   datatype: float32
#   description: Number between 0 (worst) and 1 (best)
#   meta:
#     ucd: stat.param
# - 
#   name: reference_time
#   datatype: float64
#   unit: d
#   description: Reference time used for the geometric model fit
#   meta:
#     ucd: time.epoch
# - 
#   name: frequency
#   datatype: float64
#   unit: d**-1
#   description: Frequency of geometric model of the eclipsing binary light curve
#   meta:
#     ucd: src.orbital
# - 
#   name: frequency_error
#   datatype: float32
#   unit: d**-1
#   description: "Uncertainty of \\texttt{frequency}"
#   meta:
#     ucd: stat.error
# - 
#   name: geom_model_reference_level
#   datatype: float32
#   unit: mag
#   description: Magnitude reference level of geometric model
#   meta:
#     ucd: phot.mag;em.opt
# - 
#   name: geom_model_reference_level_error
#   datatype: float32
#   unit: mag
#   description: "Uncertainty of \\texttt{geomModelReferenceLevel}"
#   meta:
#     ucd: stat.error;phot.mag;em.opt
# - 
#   name: geom_model_gaussian1_phase
#   datatype: float32
#   description: Phase of the Gaussian 1 component
#   meta:
#     ucd: time.phase
# - 
#   name: geom_model_gaussian1_phase_error
#   datatype: float32
#   description: "Uncertainty of \\texttt{geomModelGaussian1Phase}"
#   meta:
#     ucd: stat.error;time.phase
# - 
#   name: geom_model_gaussian1_sigma
#   datatype: float32
#   description: "Standard deviation [phase] of Gaussian 1 component"
#   meta:
#     ucd: stat.stdev
# - 
#   name: geom_model_gaussian1_sigma_error
#   datatype: float32
#   description: "Uncertainty of \\texttt{geomModelGaussian1Sigma}"
#   meta:
#     ucd: stat.error
# - 
#   name: geom_model_gaussian1_depth
#   datatype: float32
#   unit: mag
#   description: Magnitude depth of Gaussian 1 component
#   meta:
#     ucd: src.var.amplitude
# - 
#   name: geom_model_gaussian1_depth_error
#   datatype: float32
#   unit: mag
#   description: "Uncertainty of \\texttt{geomModelGaussian1Depth}"
#   meta:
#     ucd: stat.error;src.var.amplitude
# - 
#   name: geom_model_gaussian2_phase
#   datatype: float32
#   description: Phase of Gaussian 2 component
#   meta:
#     ucd: time.phase
# - 
#   name: geom_model_gaussian2_phase_error
#   datatype: float32
#   description: "Uncertainty of \\texttt{geomModelGaussian2Phase}"
#   meta:
#     ucd: stat.error;time.phase
# - 
#   name: geom_model_gaussian2_sigma
#   datatype: float32
[...]
#   datatype: float32
#   description: "Secondary eclipse: uncertainty of \\texttt{derivedSecondaryEclDuration}"
#   meta:
#     ucd: stat.error;time.duration
# - 
#   name: derived_secondary_ecl_depth
#   datatype: float32
#   unit: mag
#   description: "Secondary eclipse: depth"
#   meta:
#     ucd: src.var.amplitude
# - 
#   name: derived_secondary_ecl_depth_error
#   datatype: float32
#   unit: mag
#   description: "Secondary eclipse: uncertainty of \\texttt{derivedSecondaryEclDepth}"
#   meta:
#     ucd: stat.error;src.var.amplitude
solution_id,source_id,global_ranking,reference_time,frequency,frequency_error,geom_model_reference_level,geom_model_reference_level_error,geom_model_gaussian1_phase,geom_model_gaussian1_phase_error,geom_model_gaussian1_sigma,geom_model_gaussian1_sigma_error,geom_model_gaussian1_depth,geom_model_gaussian1_depth_error,geom_model_gaussian2_phase,geom_model_gaussian2_phase_error,geom_model_gaussian2_sigma,geom_model_gaussian2_sigma_error,geom_model_gaussian2_depth,geom_model_gaussian2_depth_error,geom_model_cosine_half_period_amplitude,geom_model_cosine_half_period_amplitude_error,geom_model_cosine_half_period_phase,geom_model_cosine_half_period_phase_error,model_type,num_model_parameters,reduced_chi2,derived_primary_ecl_phase,derived_primary_ecl_phase_error,derived_primary_ecl_duration,derived_primary_ecl_duration_error,derived_primary_ecl_depth,derived_primary_ecl_depth_error,derived_secondary_ecl_phase,derived_secondary_ecl_phase_error,derived_secondary_ecl_duration,derived_secondary_ecl_duration_error,derived_secondary_ecl_depth,derived_secondary_ecl_depth_error
[from data line 186]
375316653866487564,4294532134222560640,0.44933504,1989.9603261334682,0.05312505790278279,2.1308584E-5,18.419481,0.022211533,0.120341904,0.00560954,0.030248834,0.004307622,0.07387461,0.013757047,0.57613826,0.025682686,0.18498392,0.042545445,0.16885689,0.024065437,null,null,null,null,"TWOGAUSSIANS",8,4.069107,0.57613826,0.025682686,0.4,0.0,0.15752098,0.019776281,0.1212619,0.005605886,0.16939346,0.024122683,0.07291409,0.012896066
375316653866487564,4294532202942210944,0.5108207,1983.8677037719078,2.6372096486806615,3.2918597E-5,19.230873,0.017153095,0.30594945,0.011837552,0.08889712,0.011388422,0.2527042,0.023967221,0.7768584,0.0076468294,0.08526678,0.012504364,0.2689902,0.01906145,null,null,null,null,"TWOGAUSSIANS",8,2.749558,0.7768584,0.0076468294,0.4,0.0,0.26382855,0.017638227,0.30594945,0.011837552,0.4,0.0,0.24754244,0.021407517
375316653866487564,4294532202971189248,0.59003925,2016.8121170601817,0.01668761189135646,4.071068E-5,15.825408,8.8368374E-4,0.42557278,0.010293603,0.010810318,0.009094204,0.0050949953,0.005018671,0.74216455,0.005193105,0.002213171,0.0018439759,0.21796976,0.46442938,0.0034278457,9.85118E-4,0.74216455,0.005193105,"TWOGAUSSIANS_WITH_ELLIPSOIDAL_ON_ECLIPSE2",9,3.7321665,0.74216455,0.005193105,0.012393758,0.010326265,0.22482544,0.46444824,0.4248328,0.010843132,0.06053778,0.050927542,0.0062386035,0.004754635
375316653866487564,4294532443489301760,0.5656435,1984.6968659882841,3.158309323180501,5.984909E-6,18.091059,0.006466232,0.26480362,0.0020705054,0.08688476,0.0029676391,0.40473586,0.01208441,0.7563977,0.002569823,0.083173335,0.0038184542,0.30584595,0.012801765,null,null,null,null,"TWOGAUSSIANS",8,4.232014,0.26480362,0.0020705054,0.4,0.0,0.39665562,0.012414815,0.7563977,0.002569823,0.4,0.0,0.29776573,0.012948848
375316653866487564,4294533474281613440,0.6018367,1996.8083287570066,0.046504328103575895,1.0620728E-5,16.842865,0.0012467648,0.41277468,3.5687885E-4,0.00384763,6.1275414E-4,0.25827846,0.0043745087,0.91959184,5.2968157E-4,0.005068547,4.9099146E-4,0.1300235,0.017803632,null,null,null,null,"TWOGAUSSIANS",8,2.2505302,0.41277468,3.5687885E-4,0.021546729,0.003431423,0.25827846,0.0043745087,0.91959184,5.2968157E-4,0.028383862,0.002749552,0.1300235,0.017803632
375316653866487564,4294533710471667328,0.46579742,2008.670956570559,3.101125220231412,2.6543143E-5,17.761694,0.0028822122,null,null,null,null,null,null,null,null,null,null,null,null,0.052612025,0.004038234,0.2375446,0.0067908843,"ELLIPSOIDAL",4,8.477449,null,null,null,null,null,null,null,null,null,null,null,null
375316653866487564,4294535737687457920,0.49050847,2143.3133600770498,1.7614289456556709,2.1322941E-5,18.533546,0.0073400657,0.35095832,0.00740867,0.04520655,0.00920334,0.11192977,0.025845246,0.7932911,0.0057503553,0.0951254,0.006647373,0.123190455,0.008421013,null,null,null,null,"TWOGAUSSIANS",8,1.399444,0.7932911,0.0057503553,0.4,0.0,0.12310735,0.008329549,0.35095832,0.0074087814,0.25315666,0.051538706,0.11184915,0.025880538
375316653866487564,4294535810738451072,0.5902888,2138.240734387114,1.1728686296566047,1.1812536E-5,17.3104,0.016264629,0.22951268,0.0021657874,0.09384174,0.0061304816,0.33364096,0.01473729,0.7237484,0.014244315,0.10265512,0.014378782,0.2595318,0.021272883,null,null,null,null,"TWOGAUSSIANS",8,5.493622,0.22951268,0.0021657874,0.4,0.0,0.31240332,0.00939385,0.7237484,0.014244315,0.4,0.0,0.23829085,0.010079366
375316653866487564,4294535948158589696,0.4884264,2165.5991573054653,3.503629533366749,1.5080074E-5,19.507198,0.77536434,0.34302676,0.020995867,0.1160651,0.1712319,0.31542873,0.7500241,0.8510181,0.009422895,0.09680771,0.04944357,0.3534304,0.48532137,null,null,null,null,"TWOGAUSSIANS",8,3.4157207,0.8510381,0.0076468512,0.4,0.0039921496,0.31520432,0.051864527,0.34302676,0.021108976,0.4,0.0,0.27714255,0.06012628
375316653866487564,4294535948177419392,0.58677435,2174.296097886483,0.8720148582721317,2.2025144E-5,15.555621,0.004938671,0.4583443,0.0011241395,0.050457776,0.0021115171,0.70299506,0.055052124,null,null,null,null,null,null,null,null,null,null,"ONEGAUSSIAN",5,155.18178,0.4583443,0.0011241395,0.28256354,0.011824496,0.70299506,0.0,null,null,null,null,null,null
375316653866487564,4294535982518312576,0.53836155,2206.981942394425,1.9222014904515912,3.176232E-5,19.345255,0.009309735,0.37134066,0.0053710267,0.050839644,0.0033927509,0.57346034,0.01255191,0.12274875,0.047085922,0.03391262,0.029707983,0.18818893,7.837157,null,null,null,null,"TWOGAUSSIANS",8,2.4992814,0.37134066,0.0053710267,0.284702,0.018999405,0.57346034,0.01255191,0.12274875,0.047085695,0.1899107,0.16636471,0.18819262,7.83715
375316653866487564,4294536012573707648,0.54142386,2143.0129904179653,3.269392979355477,1.4183639E-5,18.715258,0.0128987525,0.2833281,0.0065021035,0.09508555,0.010826402,0.24568269,0.01652212,0.7908196,0.0027014795,0.091367744,0.004483976,0.3455925,0.014658405,null,null,null,null,"TWOGAUSSIANS",8,3.3384197,0.7908196,0.0027014795,0.4,0.0,0.3313363,0.011652594,0.2833281,0.0065021035,0.4,0.0,0.23142618,0.015294873
375316653866487564,4294536218723960320,0.6052182,2136.223948725484,2.397526437596634,6.0005354E-6,18.085867,0.0138608515,0.23265041,0.0012211117,0.049370132,0.00405203,0.30812114,0.029674962,0.7377273,0.048850976,0.04748009,0.028413385,0.22410633,0.9547818,0.09491669,0.01870484,0.23265041,0.0012211117,"TWOGAUSSIANS_WITH_ELLIPSOIDAL_ON_ECLIPSE1",9,3.3335211,0.23265041,0.0012211117,0.27647275,0.022691369,0.49795336,0.014085014,0.7377273,0.048845943,0.2658885,0.15911496,0.4137454,0.9572181
375316653866487564,4294536910250005120,0.6419288,2198.0724903538394,3.3674289111271927,1.4358095E-5,16.901844,0.011233969,0.310047,0.002968163,0.046898417,0.0047056195,0.32779694,0.026763976,0.80720264,0.022929441,0.04815965,0.013332973,0.21076481,0.071059726,0.13536285,0.014816759,0.310047,0.002968163,"TWOGAUSSIANS_WITH_ELLIPSOIDAL_ON_ECLIPSE1",9,12.369406,0.310047,0.002968163,0.26263115,0.026351469,0.5985222,0.015116382,0.80774266,0.019742625,0.26969406,0.07466465,0.48142007,0.06701632
375316653866487564,4294536944609749760,0.5852526,2195.221747257481,1.2077251464482741,2.7491551E-5,15.054652,0.008731837,0.35955787,0.01237829,0.008337117,0.002284854,13.053575,96.7511,null,null,null,null,null,null,0.023325387,0.012302356,0.35955787,0.01237829,"ONEGAUSSIAN_WITH_ELLIPSOIDAL",6,621.133,0.35955787,0.01237829,0.046687856,0.012795182,13.1002245,96.75638,null,null,null,null,null,null
375316653866487564,4294538039790318720,0.52890635,2151.6096233977587,2.8656617271702585,2.2067019E-5,18.005701,0.4741686,0.2820172,0.009261104,0.1574745,0.09030135,0.31341735,0.46192074,0.77505916,0.007367028,0.13251087,0.050044857,0.314287,0.39447138,null,null,null,null,"TWOGAUSSIANS",8,3.1463962,0.77505916,0.007367028,0.4,0.0,0.18296711,0.0086294,0.2822372,0.008775572,0.4,0.0,0.17852484,0.010443603
375316653866487564,4294538830063993088,0.4268891,2256.6847988299896,0.1305247953024398,4.789519E-5,19.0905,0.047279287,0.36160055,0.008229787,0.17335439,0.021023104,0.4604962,0.05550779,0.9150644,0.009739649,0.0631608,0.008007782,0.2707314,0.03553355,null,null,null,null,"TWOGAUSSIANS",8,4.790664,0.36160055,0.008229787,0.4,0.0,0.4135018,0.050805066,0.9181444,0.009180645,0.3537005,0.044843573,0.243545,0.030479858
375316653866487564,4294539208021278208,0.64073366,2173.990619168625,1.4219511848002615,6.0841357E-6,15.146295,0.0021193454,0.16177344,0.002276525,0.041556455,0.0028085369,0.21919821,0.017370546,0.6841672,0.02180209,0.02680327,0.01295734,0.062623486,0.200715,0.040154673,0.002639839,0.16177344,0.002276525,"TWOGAUSSIANS_WITH_ELLIPSOIDAL_ON_ECLIPSE1",9,13.168167,0.16177344,0.002276525,0.23271616,0.015727807,0.2995075,0.018357538,0.6841672,0.02180209,0.15009831,0.0725611,0.1413533,0.20116735
375316653866487564,4294539212352625024,0.4800853,2194.442277677454,0.02975661567970864,6.677402E-5,17.982515,0.0036917503,0.3176724,0.01285273,0.06593671,0.022934264,0.16674726,0.061445456,0.7510029,0.006586535,0.0633275,0.016442366,0.05262212,0.021606514,null,null,null,null,"TWOGAUSSIANS",8,1.9872683,0.3176724,0.01285273,0.36924556,0.04068417,0.16673464,0.06154016,0.7510029,0.006586535,0.35463402,0.07537552,0.052609507,0.021627674
375316653866487564,4294539555931992064,0.4948128,2234.0238996427165,3.006195921009358,2.2803666E-5,19.551214,0.017545518,0.7836792,0.006558071,0.06786113,0.044209912,0.022208283,0.052899987,null,null,null,null,null,null,0.17940243,0.019075848,0.7836792,0.006558071,"ONEGAUSSIAN_WITH_ELLIPSOIDAL",6,4.633946,0.7836792,0.006558071,0.38002235,0.20799533,0.38098797,0.032328553,null,null,null,null,null,null
375316653866487564,4294539933889558016,0.4638407,2205.7411623772723,1.4443558422761278,7.140092E-5,19.16712,0.043495625,0.3027328,0.009789064,0.065758295,0.022648375,0.15399489,0.041092563,0.6397384,0.012864287,0.050230697,0.023670534,0.24505123,0.054737568,null,null,null,null,"TWOGAUSSIANS",8,5.881511,0.6397384,0.012864287,0.2812919,0.132555,0.2450515,0.054753557,0.3027328,0.009789064,0.36824647,0.07286664,0.15399486,0.041068207
375316653866487564,4294540170102111360,0.45707768,2202.7572452169866,4.212890079915675,2.9232211E-5,19.225601,0.023858605,0.30412558,0.017016746,0.09511439,0.024258109,0.14423941,0.022974633,0.8058137,0.011648656,0.09130883,0.017443152,0.21213847,0.023649767,null,null,null,null,"TWOGAUSSIANS",8,2.3402824,0.8058137,0.011648656,0.4,0.0,0.20285149,0.018607568,0.30412558,0.017016746,0.4,0.0,0.13495228,0.014740275
375316653866487564,4294540311864350848,0.67328715,2185.279268362733,0.07783785112253905,1.0407506E-6,16.52412,0.0022097304,0.4900324,0.007828127,0.025539264,0.0073764403,0.5279976,0.044248857,0.2709874,0.064806186,0.104101114,0.025397528,0.009882991,0.00527742,null,null,null,null,"TWOGAUSSIANS",8,5.0590196,0.4900024,0.007842322,0.14301988,0.041308068,0.5290779,0.044316914,0.2709874,0.064806186,0.4,0.0,0.0098827975,0.0052775587
375316653866487564,4294541102120136576,0.47604772,2182.652828808408,2.6916495100439253,2.335482E-5,18.817858,0.06661208,0.27686,0.00711465,0.11207536,0.03040117,0.2954755,0.046327766,0.77618295,0.00657378,0.10432664,0.021295479,0.34042662,0.05830254,null,null,null,null,"TWOGAUSSIANS",8,3.8665202,0.77618295,0.006570056,0.4,0.0,0.29700476,0.023162547,0.27686,0.007113912,0.4,0.0,0.2520325,0.040611416
375316653866487564,4294541338325337472,0.4696515,2195.9157826105807,0.37208062648597784,2.9557828E-5,19.043215,0.02107981,0.23003986,0.0055554626,0.021205522,0.0028811528,0.24379916,0.066866234,0.9931579,0.9506619,0.015935173,0.034519687,0.22439428,0.26947245,0.16387904,0.034728356,0.23003986,0.0055554626,"TWOGAUSSIANS_WITH_ELLIPSOIDAL_ON_ECLIPSE1",9,23.267841,0.23003986,0.0055554626,0.11875092,0.016134456,0.5715547,0.05542685,0.993548,0.95089346,0.089236975,0.19331025,0.22667994,0.27228945
375316653866487564,4294541583156631168,0.5385479,2144.236098281066,3.86901670349481,2.5959537E-4,19.689386,0.016918369,0.12426622,0.017923374,0.041375425,0.014868086,0.51005226,7.99977,0.463778,0.06040087,0.06487201,0.038949896,0.4209267,39.041023,null,null,null,null,"TWOGAUSSIANS",8,2.694041,0.12426622,0.017923374,0.23170237,0.08326128,0.51005274,7.99977,0.463778,0.06040087,0.36328325,0.21811941,0.42092666,39.041023
375316653866487564,4294542442168184832,0.5883637,2187.13251806628,2.692097524827343,5.1266898E-6,17.35409,0.0060400777,0.26569912,0.0036730256,0.046092547,0.0026386338,0.57819724,0.02249575,0.76367664,0.026876621,0.044824105,0.012003599,0.5282605,0.18359527,null,null,null,null,"TWOGAUSSIANS",8,13.655799,0.26569912,0.0036730256,0.25811827,0.014776349,0.578197,0.022495726,0.76367664,0.026876621,0.25101498,0.06722015,0.52826023,0.18359517
375316653866487564,4294542575281050752,0.47401673,2170.4102004566084,1.8820547443628597,6.385176E-5,18.73307,0.009391075,0.14799102,0.011706172,0.03572573,0.02484162,0.06873409,0.012943851,0.68892026,0.01789161,0.08870959,0.020139182,0.111039855,0.025356323,null,null,null,null,"TWOGAUSSIANS",8,1.1916057,0.68892026,0.01789161,0.4,0.0,0.11102598,0.025340473,0.14799102,0.011715532,0.2000641,0.13911307,0.068720385,0.012954443
375316653866487564,4294543129343513472,0.53951854,2197.680865435792,3.735162381221231,7.4732725E-6,19.18095,0.014098181,0.24994443,0.001818053,0.014219054,0.0020894005,0.8447152,0.10845922,0.531085,5.537673E-4,0.032420374,0.002325683,0.43233836,0.0137695335,null,null,null,null,"TWOGAUSSIANS",8,6.205974,0.24994443,0.001818053,0.0796267,0.011700643,0.8447152,0.10845922,0.531085,5.537673E-4,0.18155411,0.013023824,0.43233836,0.0137695335
375316653866487564,4294544675550974464,0.5191989,2173.5295799656687,2.7556964961461636,1.9173911E-5,17.34342,0.0035590054,null,null,null,null,null,null,null,null,null,null,null,null,0.10576515,0.0041984944,0.25587693,0.0045289784,"ELLIPSOIDAL",4,13.021638,null,null,null,null,null,null,null,null,null,null,null,null
375316653866487564,4294545328371073664,0.49206117,2185.4391888907435,0.2449422614142071,3.6018708E-5,19.639828,0.055367406,0.28094813,0.010006854,0.06243052,0.008377646,0.24021658,0.030268338,0.7160904,0.013940145,0.19838148,0.04545323,0.23712488,0.050195016,null,null,null,null,"TWOGAUSSIANS",8,1.3841316,0.28396812,0.009881654,0.3496109,0.04691482,0.2251723,0.024304528,0.7160904,0.013940145,0.4,0.0,0.19630744,0.024210645
375316653866487564,4294545598938089088,0.56324923,2130.0577016128423,3.013417246835347,1.1960047E-5,18.314806,0.00907282,0.13953015,0.0040848204,0.08081062,0.0063727642,0.2132936,0.012576051,0.6449298,0.005371273,0.097721376,0.0069658393,0.24552001,0.011612614,null,null,null,null,"TWOGAUSSIANS",8,1.6754296,0.6449298,0.005371273,0.4,0.0,0.237177,0.009572417,0.13953015,0.0040848204,0.4,0.0,0.20495164,0.01210763
375316653866487564,4294545946861986432,0.61258733,2149.8840033874017,0.24954721172694122,1.9516796E-5,13.633938,4.5052622E-4,0.25303435,0.0015149228,0.027088815,0.0012307739,0.08849503,0.0020483432,null,null,null,null,null,null,null,null,null,null,"ONEGAUSSIAN",5,5.9036665,0.25303435,0.0015149228,0.15169737,0.0068923337,0.08849503,0.0,null,null,null,null,null,null
375316653866487564,4294546217413361024,0.68568844,2179.27385647058,2.0400115281608295,2.0124157E-6,17.396702,0.0031520892,0.30601475,4.0494118E-4,0.044582155,8.391526E-4,0.64754,0.0132675525,0.76640624,7.077359E-4,0.028279964,0.0020636106,0.057771888,0.007989599,0.051177565,0.006748505,0.30601475,4.0494118E-4,"TWOGAUSSIANS_WITH_ELLIPSOIDAL_ON_ECLIPSE1",9,2.6296763,0.30601475,4.0494118E-4,0.24966007,0.0046992544,0.74989504,0.01397395,0.7703062,2.8454215E-4,0.1583678,0.01155622,0.15451358,0.0059482222
375316653866487564,4294546737135984512,0.5996852,2117.320048471069,0.8086625809162248,8.363929E-6,16.630657,0.0050920737,0.18937947,0.00534239,0.08477794,0.011454374,0.09559965,0.011657007,0.6930689,0.0037506633,0.070218936,0.0032758312,0.29457206,0.009360388,null,null,null,null,"TWOGAUSSIANS",8,4.4753623,0.6930689,0.0037506633,0.39322603,0.01270397,0.29299337,0.008997382,0.18937947,0.00534239,0.4,0.0,0.094020955,0.012281306
375316653866487564,4294546908934678528,0.51974195,2114.3883532265286,2.9255015612050363,1.5615891E-5,16.692831,0.0038013202,null,null,null,null,null,null,null,null,null,null,null,null,0.07191126,0.0037191901,0.22300713,0.005826224,"ELLIPSOIDAL",4,16.828909,null,null,null,null,null,null,null,null,null,null,null,null
375316653866487564,4294547011998639744,0.54138184,2112.9522287645773,3.8550179360897348,1.2758029E-5,19.838732,0.0208796,0.17051026,0.0054590623,0.07754109,0.005209963,0.40662938,0.039687578,0.6792447,0.063788995,0.07197344,0.041380506,0.38850588,0.14827691,null,null,null,null,"TWOGAUSSIANS",8,1.0119536,0.17051026,0.0054188026,0.4,0.0,0.40419468,0.038402185,0.6792447,0.063788995,0.4,0.1012544,0.38607118,0.1376364
