Gaia/vari_eclipsing_binary/VariEclipsingBinary_664490-664526.csv
# %ECSV 1.0
# ---
# delimiter: ','
# meta: !!omap
# - RELEASE: Gaia DR3
# - TABLE: vari_eclipsing_binary
# - DESCRIPTION: >
#     This table describes the properties of the eclipsing binaries resulting from the variability analysis. 
# - CITATION: >
#     How to cite and acknowledge Gaia: 
#     https://gea.esac.esa.int/archive/documentation/credits.html 
# - KNOWN_ISSUES: >
#     Known issues: 
#     https://www.cosmos.esa.int/web/gaia-users/known-issues 
# - DOCUMENTATION: >
#     Tutorials and documentation: 
#     https://www.cosmos.esa.int/web/gaia-users/archive 
# datatype:
# - 
#   name: solution_id
#   datatype: int64
#   description: Solution Identifier
#   meta:
#     ucd: meta.version
# - 
#   name: source_id
#   datatype: int64
#   description: Unique source identifier
#   meta:
#     ucd: meta.id;meta.main
# - 
#   name: global_ranking
#   datatype: float32
#   description: Number between 0 (worst) and 1 (best)
#   meta:
#     ucd: stat.param
# - 
#   name: reference_time
#   datatype: float64
#   unit: d
#   description: Reference time used for the geometric model fit
#   meta:
#     ucd: time.epoch
# - 
#   name: frequency
#   datatype: float64
#   unit: d**-1
#   description: Frequency of geometric model of the eclipsing binary light curve
#   meta:
#     ucd: src.orbital
# - 
#   name: frequency_error
#   datatype: float32
#   unit: d**-1
#   description: "Uncertainty of \\texttt{frequency}"
#   meta:
#     ucd: stat.error
# - 
#   name: geom_model_reference_level
#   datatype: float32
#   unit: mag
#   description: Magnitude reference level of geometric model
#   meta:
#     ucd: phot.mag;em.opt
# - 
#   name: geom_model_reference_level_error
#   datatype: float32
#   unit: mag
#   description: "Uncertainty of \\texttt{geomModelReferenceLevel}"
#   meta:
#     ucd: stat.error;phot.mag;em.opt
# - 
#   name: geom_model_gaussian1_phase
#   datatype: float32
#   description: Phase of the Gaussian 1 component
#   meta:
#     ucd: time.phase
# - 
#   name: geom_model_gaussian1_phase_error
#   datatype: float32
#   description: "Uncertainty of \\texttt{geomModelGaussian1Phase}"
#   meta:
#     ucd: stat.error;time.phase
# - 
#   name: geom_model_gaussian1_sigma
#   datatype: float32
#   description: "Standard deviation [phase] of Gaussian 1 component"
#   meta:
#     ucd: stat.stdev
# - 
#   name: geom_model_gaussian1_sigma_error
#   datatype: float32
#   description: "Uncertainty of \\texttt{geomModelGaussian1Sigma}"
#   meta:
#     ucd: stat.error
# - 
#   name: geom_model_gaussian1_depth
#   datatype: float32
#   unit: mag
#   description: Magnitude depth of Gaussian 1 component
#   meta:
#     ucd: src.var.amplitude
# - 
#   name: geom_model_gaussian1_depth_error
#   datatype: float32
#   unit: mag
#   description: "Uncertainty of \\texttt{geomModelGaussian1Depth}"
#   meta:
#     ucd: stat.error;src.var.amplitude
# - 
#   name: geom_model_gaussian2_phase
#   datatype: float32
#   description: Phase of Gaussian 2 component
#   meta:
#     ucd: time.phase
# - 
#   name: geom_model_gaussian2_phase_error
#   datatype: float32
#   description: "Uncertainty of \\texttt{geomModelGaussian2Phase}"
#   meta:
#     ucd: stat.error;time.phase
# - 
#   name: geom_model_gaussian2_sigma
#   datatype: float32
[...]
#   datatype: float32
#   description: "Secondary eclipse: uncertainty of \\texttt{derivedSecondaryEclDuration}"
#   meta:
#     ucd: stat.error;time.duration
# - 
#   name: derived_secondary_ecl_depth
#   datatype: float32
#   unit: mag
#   description: "Secondary eclipse: depth"
#   meta:
#     ucd: src.var.amplitude
# - 
#   name: derived_secondary_ecl_depth_error
#   datatype: float32
#   unit: mag
#   description: "Secondary eclipse: uncertainty of \\texttt{derivedSecondaryEclDepth}"
#   meta:
#     ucd: stat.error;src.var.amplitude
solution_id,source_id,global_ranking,reference_time,frequency,frequency_error,geom_model_reference_level,geom_model_reference_level_error,geom_model_gaussian1_phase,geom_model_gaussian1_phase_error,geom_model_gaussian1_sigma,geom_model_gaussian1_sigma_error,geom_model_gaussian1_depth,geom_model_gaussian1_depth_error,geom_model_gaussian2_phase,geom_model_gaussian2_phase_error,geom_model_gaussian2_sigma,geom_model_gaussian2_sigma_error,geom_model_gaussian2_depth,geom_model_gaussian2_depth_error,geom_model_cosine_half_period_amplitude,geom_model_cosine_half_period_amplitude_error,geom_model_cosine_half_period_phase,geom_model_cosine_half_period_phase_error,model_type,num_model_parameters,reduced_chi2,derived_primary_ecl_phase,derived_primary_ecl_phase_error,derived_primary_ecl_duration,derived_primary_ecl_duration_error,derived_primary_ecl_depth,derived_primary_ecl_depth_error,derived_secondary_ecl_phase,derived_secondary_ecl_phase_error,derived_secondary_ecl_duration,derived_secondary_ecl_duration_error,derived_secondary_ecl_depth,derived_secondary_ecl_depth_error
[from data line 292]
375316653866487564,5845058552656004480,0.43286955,2211.519304156559,2.551332176870493,5.889578E-5,16.849693,0.032026187,0.155881,0.007295888,0.050430555,0.017594082,0.2522794,0.05148203,0.67505056,0.021189013,0.090507515,0.027050778,0.25189716,0.048617512,null,null,null,null,"TWOGAUSSIANS",8,233.14058,0.155881,0.0072973953,0.2824111,0.09852686,0.2517341,0.052318387,0.67505056,0.021189013,0.4,0.0,0.25135165,0.048140958
375316653866487564,5845058754480124928,0.48824543,2188.4940589410785,0.8315872948687352,4.217238E-5,17.263762,0.0018123295,0.28727707,0.0051401383,0.054280307,0.008475899,0.080013454,0.0071122465,0.7942184,0.00250463,0.021660611,0.010029496,0.1523403,0.1183821,null,null,null,null,"TWOGAUSSIANS",8,3.2743459,0.7942184,0.00250463,0.12129942,0.056165177,0.1523403,0.1183821,0.28727707,0.0051401383,0.3039697,0.047465034,0.080013454,0.0071122465
375316653866487564,5845058861893622400,0.5373804,2193.6775676067036,0.5058583149843738,4.4571225E-6,13.537459,8.8756444E-4,0.31489664,0.011634294,0.015508855,0.00890134,0.045615293,0.027569382,0.8137297,0.0012075029,0.022167431,0.0015524406,0.07131746,0.0036742568,0.010900965,0.0015691669,0.31489664,0.011634294,"TWOGAUSSIANS_WITH_ELLIPSOIDAL_ON_ECLIPSE1",9,25.27748,0.8137397,0.0011900468,0.12413762,0.008693667,0.0931182,0.003984677,0.31489664,0.011634294,0.086849585,0.049847502,0.0674172,0.028004155
375316653866487564,5845059892685822336,0.5382141,2167.8289817161794,0.28551721937514785,1.014506E-6,15.851732,0.0039865407,0.20065525,1.439942E-4,0.0056430246,2.725845E-4,0.6376378,0.022539968,0.71052134,3.4043653E-5,0.0124777965,1.06320986E-4,0.59039605,0.0035185495,null,null,null,null,"TWOGAUSSIANS",8,45.248142,0.20065525,1.439942E-4,0.031600937,0.0015264731,0.6376378,0.022539968,0.71052134,3.4043653E-5,0.06987566,5.9539755E-4,0.59039605,0.0035185495
375316653866487564,5845060884784487680,0.5437489,2203.816477699809,2.9304320630233516,1.786443E-5,18.91612,0.009520233,0.2687819,0.0027464852,0.08343776,0.004353621,0.32518333,0.012552703,0.77366287,0.009269495,0.079925865,0.0074895406,0.3071323,0.017882196,null,null,null,null,"TWOGAUSSIANS",8,3.0216744,0.2687819,0.0027464852,0.4,0.0,0.3198513,0.011699743,0.77366287,0.009269495,0.4,0.0,0.3018003,0.015882593
375316653866487564,5845061090949845760,0.45482224,2206.035335311296,2.32459704697443,3.723501E-5,18.094755,0.12471784,0.2803958,0.010872733,0.111280225,0.040467884,0.1698555,0.11932366,0.7564091,0.009267591,0.11915162,0.048067175,0.16247194,0.12119943,null,null,null,null,"TWOGAUSSIANS",8,8.479935,0.2805058,0.009978827,0.4,0.0,0.14492407,0.015043634,0.7564091,0.009267591,0.4,0.0,0.13749522,0.014557352
375316653866487564,5845061438874055040,0.5600403,2186.0517149726516,2.430276854552109,9.911896E-6,17.47867,0.038966686,0.20378265,0.0028787176,0.1177757,0.013560913,0.27954495,0.036187448,0.70895714,0.0032403572,0.11118013,0.01223295,0.2977989,0.03777307,null,null,null,null,"TWOGAUSSIANS",8,6.599274,0.7089771,0.00324447,0.4,0.0,0.24736752,0.007937649,0.20377265,0.002889682,0.4,0.0,0.22906889,0.009739108
375316653866487564,5845061473236171776,0.51297015,2215.937216547836,2.81017896909189,2.2734836E-5,17.449938,0.040401377,0.118477404,0.0038666525,0.09133281,0.0117549775,0.36995864,0.03925859,0.62437814,0.043656703,0.08912487,0.040997453,0.36045113,0.05726851,null,null,null,null,"TWOGAUSSIANS",8,50.120792,0.118477404,0.0038666525,0.4,0.0,0.3556051,0.02669582,0.62437814,0.043656703,0.4,0.120061904,0.34609774,0.049218148
375316653866487564,5845061778137121280,0.57003975,2181.089762756061,2.489117705197669,6.169757E-6,17.271303,0.007086527,0.28914014,0.003456283,0.06649374,0.018121844,0.08224606,0.016461309,0.7702025,0.006216467,0.04866543,0.008397726,0.10196723,0.015206492,0.106004186,0.007968905,0.28914014,0.003456283,"TWOGAUSSIANS_WITH_ELLIPSOIDAL_ON_ECLIPSE1",9,9.996852,0.7755125,0.0049423445,0.2725264,0.04702727,0.31175005,0.008206928,0.28914014,0.003456283,0.37236497,0.07802116,0.29418463,0.0093998425
375316653866487564,5845062774569570432,0.5838552,2182.28912509515,2.6641099340811025,6.1764345E-6,16.733103,0.029574418,0.2725826,0.003200725,0.07099311,0.0069095697,0.27295542,0.06898811,0.7728099,0.0026063956,0.06076199,0.008814383,0.29686826,0.058136642,0.09012105,0.037549607,0.2725826,0.003200725,"TWOGAUSSIANS_WITH_ELLIPSOIDAL_ON_ECLIPSE1",9,37.178425,0.7728099,0.0024826194,0.34026715,0.049360543,0.4765102,0.02790997,0.2725826,0.003200725,0.39756143,0.031205202,0.4525977,0.014802017
375316653866487564,5845062950682996864,0.5606136,2192.55980213238,0.6273206109086291,1.3050208E-5,18.522785,0.0018131273,0.15621462,0.0103536425,0.01797612,0.0067940885,0.026063029,0.00673878,0.52060544,0.0022943958,0.033629045,0.0023070555,0.36544284,0.024654457,null,null,null,null,"TWOGAUSSIANS",8,0.76108694,0.52060544,0.0022943958,0.18832265,0.012919511,0.36544284,0.024654457,0.15621462,0.0103536425,0.10066627,0.038046896,0.026063029,0.00673878
375316653866487564,5845063294278152576,0.46500826,2186.054283015891,3.782699017377914,2.6553756E-5,18.710327,0.10387301,0.21332206,0.009933095,0.12810135,0.041535877,0.20207267,0.101964094,0.6907209,0.010971081,0.11334308,0.042403325,0.17781316,0.098342255,null,null,null,null,"TWOGAUSSIANS",8,3.4202473,0.21338207,0.009742675,0.4,0.0,0.16559932,0.018308347,0.6907209,0.010971081,0.4,0.0,0.14155447,0.016849965
375316653866487564,5845063294278163200,0.45783725,2164.8705825371994,3.418980634390209,3.931887E-5,18.438925,0.06496309,0.2908362,0.011504548,0.09805341,0.031747714,0.312425,0.05493937,0.78642184,0.009641738,0.08611811,0.017316524,0.40859807,0.077846,null,null,null,null,"TWOGAUSSIANS",8,23.301977,0.78642184,0.009641738,0.4,0.0,0.39203462,0.06368246,0.2908362,0.011504548,0.4,0.0,0.29586014,0.033673193
375316653866487564,5845065287164970880,0.5350989,2209.372203152586,0.3622105061792769,2.4260835E-5,13.963774,0.006258332,0.4098612,0.01386169,0.035701424,0.011073413,0.5768751,0.21467073,0.8948406,0.0046085,0.024665022,0.002401695,0.4689504,0.04369231,0.0034360646,0.008464763,0.8948406,0.0046085,"TWOGAUSSIANS_WITH_ELLIPSOIDAL_ON_ECLIPSE2",9,605.28455,0.4098412,0.0138501,0.19992797,0.062011115,0.58368623,0.21875224,0.8948406,0.0046085,0.13812412,0.013449492,0.4758225,0.041094024
375316653866487564,5845066107468520704,0.517536,2214.170366002481,2.6209696236988287,1.6296664E-5,19.241936,0.008175168,0.29946008,0.004344018,0.08555841,0.008149265,0.2364544,0.015761977,0.7982437,0.004103264,0.08998812,0.006360823,0.20096931,0.009900746,null,null,null,null,"TWOGAUSSIANS",8,0.90422964,0.29946008,0.004344018,0.4,0.0,0.22907653,0.0171594,0.7982437,0.004103264,0.4,0.0,0.19359139,0.008737874
375316653866487564,5845066416706250880,0.49631774,2197.4093665387345,1.2797868049224566,1.5624655E-5,18.036016,0.00918531,0.15368487,0.010846947,0.031464048,0.02302631,0.14896397,0.022535186,0.64662164,0.005813833,0.032242324,0.0051018638,0.4251702,0.058310967,0.048326574,0.013556763,0.15368487,0.010846947,"TWOGAUSSIANS_WITH_ELLIPSOIDAL_ON_ECLIPSE1",9,18.60998,0.64675164,0.005653197,0.18055703,0.028570436,0.5216364,0.0649781,0.15368487,0.010846947,0.17619866,0.12894733,0.24561694,0.018547477
375316653866487564,5845066421036613120,0.5251883,2189.77263464062,2.4169634893864735,1.14265E-5,15.538359,0.017286405,0.21891567,0.005194414,0.049639788,0.008760635,0.2343928,0.03935515,0.71575844,0.005381444,0.049441624,0.0103953015,0.20460798,0.052575525,0.092444874,0.022649927,0.71575844,0.005381444,"TWOGAUSSIANS_WITH_ELLIPSOIDAL_ON_ECLIPSE2",9,132.08507,0.21849567,0.0043220255,0.27798283,0.04905956,0.41921806,0.011133163,0.71575844,0.005381444,0.27687308,0.05821369,0.3894963,0.028007867
375316653866487564,5845066588500785152,0.44287118,2193.2975469637554,0.874394674976878,1.7359407E-5,18.106123,0.002744014,0.15043864,0.001050751,0.02153978,0.008045169,0.082501926,0.13698827,0.615164,0.0023707945,0.012108064,0.0024542178,0.20330182,0.05842316,null,null,null,null,"TWOGAUSSIANS",8,4.880125,0.615164,0.0023707945,0.06780516,0.0137436185,0.20330182,0.05842316,0.15043864,0.001050751,0.12062277,0.045052946,0.082501926,0.13698827
375316653866487564,5845066592815384448,0.5224115,2178.555786599317,2.735819306059041,2.02633E-5,19.549103,0.023112413,0.29344413,0.0031719021,0.055975005,0.007520312,0.5828729,0.0792993,0.7815864,0.010575868,0.019232275,0.013350287,0.1689961,0.08475427,0.10784238,0.028486833,0.29344413,0.0031719021,"TWOGAUSSIANS_WITH_ELLIPSOIDAL_ON_ECLIPSE1",9,6.822202,0.29344413,0.0031719021,0.31346002,0.042113747,0.79853064,0.07448763,0.78200644,0.00953928,0.107700735,0.07476161,0.38350153,0.0718105
375316653866487564,5845066970792695552,0.41379273,2182.851881480015,3.462392974242752,6.166221E-5,18.156082,0.008221369,0.35318318,0.02920017,0.08263229,0.019272938,0.14030544,0.028994735,0.6335724,0.010602559,0.031092253,0.008278106,0.093364365,0.0705829,null,null,null,null,"TWOGAUSSIANS",8,20.231031,0.35318318,0.02920017,0.4,9.925419E-4,0.14030544,0.028994747,0.6335724,0.010602559,0.17411663,0.046357393,0.09380783,0.07051033
375316653866487564,5845067005130739712,0.50641316,2163.8339465304443,2.983502288206696,1.8054652E-5,18.601286,0.04531332,0.27341405,0.005062403,0.10422375,0.020895237,0.24049443,0.03991813,0.7685848,0.0064658383,0.097647466,0.018798877,0.2744486,0.04145046,null,null,null,null,"TWOGAUSSIANS",8,4.4565587,0.7685848,0.0064658383,0.4,0.0,0.2519997,0.01798949,0.27341405,0.0050609657,0.4,0.0,0.21804175,0.012298715
375316653866487564,5845067516218039936,0.48603138,2197.6416118201964,0.23449141486362665,2.8676806E-5,18.330803,0.0019604163,0.869983,0.0058352533,0.018354753,0.003832971,0.48711833,0.101486325,null,null,null,null,null,null,null,null,null,null,"ONEGAUSSIAN",5,6.814162,0.869983,0.0058352533,0.102786615,0.021464638,0.48711833,0.0,null,null,null,null,null,null
375316653866487564,5845067795404927872,0.50995755,2182.5758673055952,2.8570994920227246,1.8977229E-5,19.778723,0.019739607,0.22817154,0.005052818,0.09529574,0.008348379,0.37880066,0.018940005,0.7116566,0.004595685,0.08935478,0.008112186,0.2421865,0.023709562,null,null,null,null,"TWOGAUSSIANS",8,1.2299209,0.22817154,0.005052818,0.4,0.0,0.36663976,0.012224389,0.7116566,0.004595685,0.4,0.0,0.23002659,0.01993637
375316653866487564,5845068031611462784,0.57598376,2154.1878976980593,2.560289914517175,9.452472E-6,17.802427,0.008275678,0.28193098,0.0027378958,0.035486393,0.01051335,0.09143909,0.018413752,0.7886677,0.0081547145,0.04250591,0.013099125,0.10399445,0.019947559,0.10564194,0.012875804,0.28193098,0.0027378958,"TWOGAUSSIANS_WITH_ELLIPSOIDAL_ON_ECLIPSE1",9,5.110861,0.7886677,0.0081547145,0.23803309,0.0733551,0.31489992,0.012809035,0.28193098,0.0027378958,0.1987238,0.058874764,0.30272287,0.010027107
375316653866487564,5845068104663883904,0.6038275,2151.399052890449,2.7827678414851764,4.2691486E-6,17.404737,0.0092730895,0.25689015,0.0011984376,0.048410133,0.0030850733,0.35484037,0.018346254,0.7502083,0.0019964273,0.049880877,0.0032779272,0.32984966,0.01985313,0.129645,0.011549551,0.25689015,0.0011984376,"TWOGAUSSIANS_WITH_ELLIPSOIDAL_ON_ECLIPSE1",9,9.476224,0.25689015,0.0011984376,0.27109677,0.01727641,0.61412907,0.010648959,0.75109833,0.0017088245,0.2793329,0.018356392,0.5887426,0.013493414
375316653866487564,5845068650089560192,0.54420596,2168.2896334259267,2.935145706551254,1.2454024E-5,19.060719,0.007727787,0.22786911,0.0040713972,0.076848716,0.0039922157,0.31923497,0.011412275,0.73270154,0.0028339932,0.07613285,0.003398679,0.34468746,0.015423857,null,null,null,null,"TWOGAUSSIANS",8,2.0581841,0.73270154,0.0028339932,0.4,0.0,0.34182322,0.015423407,0.22786911,0.0040713972,0.4,0.0,0.31637073,0.01080088
375316653866487564,5845068688759579136,0.52039677,2192.561162808525,3.7156067458627637,1.4046664E-5,18.828022,0.011488666,0.26257876,0.004746466,0.07691461,0.006697113,0.36481392,0.033800934,0.76332057,0.0029711197,0.0716583,0.003957888,0.4567902,0.013770749,null,null,null,null,"TWOGAUSSIANS",8,5.267005,0.76332057,0.0029711197,0.4,0.0076517523,0.4540177,0.013130338,0.26257876,0.004746466,0.4,0.0,0.36204138,0.034550823
375316653866487564,5845070269327346048,0.4161803,2167.620506710757,0.07063823888611773,1.0043247E-5,14.881689,7.7258085E-4,0.2991597,0.0037498893,0.04164769,0.0066392273,0.021693954,0.00598139,0.6786938,0.011519455,0.061172128,0.0102315275,0.01037462,0.0016439522,null,null,null,null,"TWOGAUSSIANS",8,5.2766414,0.2991597,0.0037498893,0.23322707,0.03717967,0.021693954,0.0059813904,0.6786938,0.011519455,0.34256393,0.057296555,0.01037462,0.0016439529
375316653866487564,5845070578565057408,0.4201026,2156.659641429675,1.2942125181511934,1.48442305E-5,17.189518,0.008512324,0.4128233,0.019753398,0.15793775,0.033860933,0.10004021,0.02029759,0.8362006,0.0025959832,0.021202715,0.0023768481,0.114015885,0.0069818217,null,null,null,null,"TWOGAUSSIANS",8,36.926888,0.8362006,0.0025959832,0.1187352,0.01331035,0.11551184,0.007424816,0.4128233,0.019753398,0.4,0.0,0.09865585,0.02202392
375316653866487564,5845070612903557760,0.6126194,2218.255816981499,2.6464019485680907,4.7311005E-6,18.457153,0.013064599,0.22819652,0.0032355771,0.053216852,0.006648207,0.28749803,0.035217952,0.72568256,0.0029453456,0.050730634,0.004051446,0.37069252,0.031026585,0.13994662,0.018583663,0.22819652,0.0032355771,"TWOGAUSSIANS_WITH_ELLIPSOIDAL_ON_ECLIPSE1",9,3.5218716,0.7260125,0.0024315475,0.28409156,0.022688096,0.65051854,0.013233702,0.22819652,0.0032355771,0.29801437,0.03722996,0.5673846,0.015309131
375316653866487564,5845070853442995328,0.59424543,2178.0149425947056,1.8064196491766624,5.583469E-6,15.590337,0.007837964,0.2569287,0.0017968619,0.1107642,0.006698194,0.14545627,0.007123007,0.75847703,0.0016279297,0.101762645,0.004272354,0.1660382,0.007709211,null,null,null,null,"TWOGAUSSIANS",8,5.8734627,0.75847703,0.0016279297,0.4,0.0,0.14695123,0.0035565363,0.2569287,0.0017968619,0.4,0.0,0.12636024,0.0025239743
375316653866487564,5845070990860673792,0.50256866,2167.9928072522534,3.194131442716119,9.512933E-6,17.997782,0.007439774,0.27527308,0.0047254018,0.08720881,0.006827086,0.12936832,0.008500139,0.78096,0.00559168,0.078610614,0.01055341,0.10577909,0.006732782,null,null,null,null,"TWOGAUSSIANS",8,2.931776,0.27527308,0.0047254018,0.4,0.0,0.12712312,0.007457826,0.78096,0.00559168,0.4,0.0,0.1035339,0.005491069
375316653866487564,5845071330145031168,0.5532812,2148.672996301585,2.5889572097555553,6.7642327E-6,18.890785,0.0062672365,0.23588362,0.0029120422,0.076053105,0.0041314126,0.31386012,0.011855992,0.7368146,0.0025661562,0.078842066,0.0039644768,0.372367,0.017716918,null,null,null,null,"TWOGAUSSIANS",8,1.9532093,0.7368146,0.0025661562,0.4,0.0,0.36869967,0.0182956,0.23588362,0.0029120422,0.4,0.0,0.3101928,0.012149471
375316653866487564,5845071368839048320,0.40269572,2161.353719155477,1.8112366316469573,5.709248E-5,19.04812,0.031067241,0.2749194,0.019877268,0.11832991,0.036793645,0.16250798,0.06819342,0.7932285,0.012005835,0.08839782,0.022333935,0.14010625,0.03994861,null,null,null,null,"TWOGAUSSIANS",8,10.902284,0.2749194,0.019877268,0.4,0.0,0.14948843,0.07564888,0.7932885,0.011990014,0.4,0.0,0.12713873,0.035229377
375316653866487564,5845071540616835840,0.4745941,2148.733971408318,1.7317671355666664,4.3703356E-5,18.92273,0.009279609,0.25552535,0.012213661,0.053171135,0.013721553,0.11918255,0.014269967,0.7517539,0.011102332,0.06288188,0.013750833,0.4688845,0.3789089,null,null,null,null,"TWOGAUSSIANS",8,4.3914385,0.7517539,0.011102332,0.35213855,0.07700466,0.4688445,0.37898517,0.25552535,0.012213661,0.29775834,0.07684069,0.11914256,0.014204673
