Gaia/vari_eclipsing_binary/VariEclipsingBinary_060769-061006.csv
# %ECSV 1.0
# ---
# delimiter: ','
# meta: !!omap
# - RELEASE: Gaia DR3
# - TABLE: vari_eclipsing_binary
# - DESCRIPTION: >
#     This table describes the properties of the eclipsing binaries resulting from the variability analysis. 
# - CITATION: >
#     How to cite and acknowledge Gaia: 
#     https://gea.esac.esa.int/archive/documentation/credits.html 
# - KNOWN_ISSUES: >
#     Known issues: 
#     https://www.cosmos.esa.int/web/gaia-users/known-issues 
# - DOCUMENTATION: >
#     Tutorials and documentation: 
#     https://www.cosmos.esa.int/web/gaia-users/archive 
# datatype:
# - 
#   name: solution_id
#   datatype: int64
#   description: Solution Identifier
#   meta:
#     ucd: meta.version
# - 
#   name: source_id
#   datatype: int64
#   description: Unique source identifier
#   meta:
#     ucd: meta.id;meta.main
# - 
#   name: global_ranking
#   datatype: float32
#   description: Number between 0 (worst) and 1 (best)
#   meta:
#     ucd: stat.param
# - 
#   name: reference_time
#   datatype: float64
#   unit: d
#   description: Reference time used for the geometric model fit
#   meta:
#     ucd: time.epoch
# - 
#   name: frequency
#   datatype: float64
#   unit: d**-1
#   description: Frequency of geometric model of the eclipsing binary light curve
#   meta:
#     ucd: src.orbital
# - 
#   name: frequency_error
#   datatype: float32
#   unit: d**-1
#   description: "Uncertainty of \\texttt{frequency}"
#   meta:
#     ucd: stat.error
# - 
#   name: geom_model_reference_level
#   datatype: float32
#   unit: mag
#   description: Magnitude reference level of geometric model
#   meta:
#     ucd: phot.mag;em.opt
# - 
#   name: geom_model_reference_level_error
#   datatype: float32
#   unit: mag
#   description: "Uncertainty of \\texttt{geomModelReferenceLevel}"
#   meta:
#     ucd: stat.error;phot.mag;em.opt
# - 
#   name: geom_model_gaussian1_phase
#   datatype: float32
#   description: Phase of the Gaussian 1 component
#   meta:
#     ucd: time.phase
# - 
#   name: geom_model_gaussian1_phase_error
#   datatype: float32
#   description: "Uncertainty of \\texttt{geomModelGaussian1Phase}"
#   meta:
#     ucd: stat.error;time.phase
# - 
#   name: geom_model_gaussian1_sigma
#   datatype: float32
#   description: "Standard deviation [phase] of Gaussian 1 component"
#   meta:
#     ucd: stat.stdev
# - 
#   name: geom_model_gaussian1_sigma_error
#   datatype: float32
#   description: "Uncertainty of \\texttt{geomModelGaussian1Sigma}"
#   meta:
#     ucd: stat.error
# - 
#   name: geom_model_gaussian1_depth
#   datatype: float32
#   unit: mag
#   description: Magnitude depth of Gaussian 1 component
#   meta:
#     ucd: src.var.amplitude
# - 
#   name: geom_model_gaussian1_depth_error
#   datatype: float32
#   unit: mag
#   description: "Uncertainty of \\texttt{geomModelGaussian1Depth}"
#   meta:
#     ucd: stat.error;src.var.amplitude
# - 
#   name: geom_model_gaussian2_phase
#   datatype: float32
#   description: Phase of Gaussian 2 component
#   meta:
#     ucd: time.phase
# - 
#   name: geom_model_gaussian2_phase_error
#   datatype: float32
#   description: "Uncertainty of \\texttt{geomModelGaussian2Phase}"
#   meta:
#     ucd: stat.error;time.phase
# - 
#   name: geom_model_gaussian2_sigma
#   datatype: float32
[...]
#   datatype: float32
#   description: "Secondary eclipse: uncertainty of \\texttt{derivedSecondaryEclDuration}"
#   meta:
#     ucd: stat.error;time.duration
# - 
#   name: derived_secondary_ecl_depth
#   datatype: float32
#   unit: mag
#   description: "Secondary eclipse: depth"
#   meta:
#     ucd: src.var.amplitude
# - 
#   name: derived_secondary_ecl_depth_error
#   datatype: float32
#   unit: mag
#   description: "Secondary eclipse: uncertainty of \\texttt{derivedSecondaryEclDepth}"
#   meta:
#     ucd: stat.error;src.var.amplitude
solution_id,source_id,global_ranking,reference_time,frequency,frequency_error,geom_model_reference_level,geom_model_reference_level_error,geom_model_gaussian1_phase,geom_model_gaussian1_phase_error,geom_model_gaussian1_sigma,geom_model_gaussian1_sigma_error,geom_model_gaussian1_depth,geom_model_gaussian1_depth_error,geom_model_gaussian2_phase,geom_model_gaussian2_phase_error,geom_model_gaussian2_sigma,geom_model_gaussian2_sigma_error,geom_model_gaussian2_depth,geom_model_gaussian2_depth_error,geom_model_cosine_half_period_amplitude,geom_model_cosine_half_period_amplitude_error,geom_model_cosine_half_period_phase,geom_model_cosine_half_period_phase_error,model_type,num_model_parameters,reduced_chi2,derived_primary_ecl_phase,derived_primary_ecl_phase_error,derived_primary_ecl_duration,derived_primary_ecl_duration_error,derived_primary_ecl_depth,derived_primary_ecl_depth_error,derived_secondary_ecl_phase,derived_secondary_ecl_phase_error,derived_secondary_ecl_duration,derived_secondary_ecl_duration_error,derived_secondary_ecl_depth,derived_secondary_ecl_depth_error
[from data line 326]
375316653866487564,535389736697591296,0.6413987,2163.6867469479466,1.97125689363878,4.182981E-6,16.690619,0.009539343,0.27040812,0.003199478,0.04528274,0.0045083533,0.27865085,0.032963373,0.7760123,0.001214359,0.051730417,0.0036196227,0.23366748,0.022155384,0.13119969,0.013854291,0.7760123,0.001214359,"TWOGAUSSIANS_WITH_ELLIPSOIDAL_ON_ECLIPSE2",9,11.897309,0.27114815,0.0027090812,0.25358334,0.025246779,0.5407659,0.031925224,0.7760123,0.001214359,0.28969035,0.020269888,0.49606472,0.00950726
375316653866487564,535390316514587648,0.5202761,2195.3800635590283,3.5831856531079933,9.4487505E-6,19.041704,0.008988538,0.23379984,0.004370038,0.08528645,0.008750043,0.23139541,0.021182025,0.7286248,0.0027158598,0.08169307,0.004869095,0.28849453,0.008653016,null,null,null,null,"TWOGAUSSIANS",8,1.9914536,0.7286248,0.0027158598,0.4,0.0,0.28319588,0.007484887,0.23379984,0.004370038,0.4,0.0,0.22609675,0.022688588
375316653866487564,535393997306373120,0.49330342,2184.7875754574916,1.475853040347721,2.1075713E-5,17.560534,0.005109844,0.28562376,0.0073828925,0.014554838,0.013200835,0.09439151,85.8638,0.77833927,0.010478815,0.058684062,0.013513355,0.07289029,0.0136003895,0.033137698,0.0079737585,0.28562376,0.0073828925,"TWOGAUSSIANS_WITH_ELLIPSOIDAL_ON_ECLIPSE1",9,8.149712,0.28562376,0.0073828925,0.081507094,0.073924676,0.16066173,85.863434,0.77977926,0.007729766,0.32863075,0.07567479,0.13904922,0.010096683
375316653866487564,535395126878171648,0.43700454,2203.8943105207277,0.11172788103816682,2.267735E-5,18.48175,0.004969485,0.38951775,0.009684665,0.06270672,0.008949488,0.1344419,0.027573513,0.8685241,0.0073085516,0.031882957,0.009778803,0.18438944,0.06354707,null,null,null,null,"TWOGAUSSIANS",8,6.9712834,0.8685241,0.0073085516,0.17854455,0.054761298,0.18438937,0.06354782,0.38951775,0.009684665,0.3511576,0.05011714,0.13444184,0.027573777
375316653866487564,535395470475673088,0.47935584,2182.010456012538,0.6610500579433928,2.0652673E-5,16.816294,8.624724E-4,0.7354216,0.0035863318,0.012735238,0.0042861095,0.013427309,0.023075651,null,null,null,null,null,null,0.017184658,0.0014607538,0.7354216,0.0035863318,"ONEGAUSSIAN_WITH_ELLIPSOIDAL",6,1.9298226,0.7354216,0.0035863318,0.07131734,0.024002213,0.04779662,0.02323684,null,null,null,null,null,null
375316653866487564,535399151266067584,0.48173806,2180.1703561176864,2.859323854370146,1.6852498E-5,16.11646,1.5245446,0.2672366,0.0070011304,0.16179404,0.08041411,0.64983475,1.1598197,0.7624026,0.005705897,0.18129635,0.14011517,0.67365533,1.4502969,null,null,null,null,"TWOGAUSSIANS",8,69.94922,0.7624026,0.005705897,0.4,0.0,0.23681481,0.031080177,0.2687966,0.0054572667,0.4,0.0,0.2321286,0.017666064
375316653866487564,535400383918541824,0.51973796,2197.9807383284756,3.5880290056396538,1.000503E-5,18.459265,0.017069058,0.30206198,0.0067283795,0.07615906,0.008494726,0.37276182,0.028743764,0.78899074,0.0023424947,0.07624742,0.0049027703,0.4723517,0.013968211,null,null,null,null,"TWOGAUSSIANS",8,9.822021,0.78899074,0.0023424947,0.4,0.0,0.46944937,0.013291692,0.30206198,0.0067283795,0.4,0.007100985,0.3698595,0.02871748
375316653866487564,535405675317982208,0.61553353,2238.3956529315237,2.858583330088332,5.6769995E-6,16.461767,0.011528306,0.25113973,0.0012855814,0.0558687,0.0050452785,0.20646165,0.023175698,0.7454599,0.010576839,0.053021748,0.0087786,0.13080233,0.045344573,0.09122547,0.0131412605,0.25113973,0.0012855814,"TWOGAUSSIANS_WITH_ELLIPSOIDAL_ON_ECLIPSE1",9,12.578672,0.25113973,0.0012855814,0.31286472,0.028253559,0.38890213,0.0068439357,0.74679995,0.008334431,0.2969218,0.04916016,0.3130654,0.034790225
375316653866487564,535407363243565568,0.6581283,2218.4590840256615,1.485644301919326,8.045229E-6,17.433992,0.004520888,0.21829088,0.0024864632,0.03882001,0.007811465,0.10405753,0.02134902,0.7190869,8.745818E-4,0.04334963,0.0013036934,0.5659761,0.022210494,0.032948233,0.007928206,0.21829088,0.0024864632,"TWOGAUSSIANS_WITH_ELLIPSOIDAL_ON_ECLIPSE1",9,3.6149428,0.7190869,8.7376806E-4,0.24275795,0.007300683,0.6318708,0.023978576,0.21829088,0.0024864632,0.21739206,0.043744203,0.16995388,0.027254872
375316653866487564,535416331135194496,0.57037896,2230.256679984443,3.8004189281294565,8.934257E-6,17.074806,0.018631695,0.25096196,0.0026581222,0.050769646,0.007639081,0.3131688,0.03853252,0.75112665,0.0062422715,0.055036932,0.007952139,0.31645843,0.04767049,0.064164385,0.02253414,0.25096196,0.0026581222,"TWOGAUSSIANS_WITH_ELLIPSOIDAL_ON_ECLIPSE1",9,17.749697,0.75112665,0.0060767476,0.30820683,0.04453198,0.44477478,0.031438455,0.25096196,0.0026581222,0.28431,0.042778857,0.4414853,0.041887883
375316653866487564,535417529429179008,0.58141106,2223.3269862823367,3.3677526609497415,5.661791E-6,17.4915,0.003218026,0.23016228,0.0017293808,0.07939465,0.0026625267,0.14613105,0.004124862,0.72690713,0.0031621312,0.075571306,0.0050523756,0.17679882,0.004576732,null,null,null,null,"TWOGAUSSIANS",8,1.7870913,0.72690713,0.0031621312,0.4,0.0,0.17515586,0.0044943565,0.23016228,0.0017293808,0.4,0.0,0.14448811,0.0037991628
375316653866487564,535419732749344000,0.6547815,2214.9053621246762,0.3391956111346194,2.130483E-6,10.404856,0.0018746456,0.26958287,7.2097976E-4,0.034856357,7.013098E-4,0.24536973,0.007268188,0.7695633,0.0027441203,0.034575865,0.0020757415,0.34112027,0.018018179,0.033286907,0.0026534789,0.26958287,7.2097976E-4,"TWOGAUSSIANS_WITH_ELLIPSOIDAL_ON_ECLIPSE1",9,43.99152,0.7695633,0.002711022,0.19362484,0.011624153,0.40769407,0.017887391,0.26958287,7.2097976E-4,0.1951956,0.003927335,0.31194353,0.0054802857
375316653866487564,535419968970174592,0.42932847,2199.528824055229,0.25634217522670855,3.0896106E-5,17.926842,0.02079298,0.13619605,0.0074018,0.041311745,0.0072798366,0.21115561,0.029152263,0.6228317,0.01978479,0.12350729,0.05812946,0.12881513,0.027318465,null,null,null,null,"TWOGAUSSIANS",8,13.584981,0.13620605,0.007406305,0.23134576,0.040767085,0.20927927,0.027077757,0.6228317,0.01978479,0.4,0.0,0.12686117,0.032527328
375316653866487564,535426703479236736,0.49825847,2182.3061135582157,2.8284059043718477,1.9003664E-5,18.847736,0.19018519,0.3033254,0.0034366364,0.13495216,0.04718273,0.23665412,0.18238309,0.80297375,0.005934969,0.13151298,0.04992368,0.22562602,0.18253362,null,null,null,null,"TWOGAUSSIANS",8,1.4693342,0.3033354,0.0033549985,0.4,0.0,0.1576896,0.0058977525,0.80297375,0.0059988936,0.4,0.0,0.14682835,0.008051027
375316653866487564,535427150155725696,0.59848243,2202.836887578928,3.40493340689357,7.4795958E-6,18.892147,0.010803831,0.26660115,0.0018927568,0.04643096,0.003520041,0.4348743,0.031401113,0.7684594,0.0037446925,0.05277196,0.005024521,0.6412205,0.104544915,0.099554986,0.015859699,0.26660115,0.0018927568,"TWOGAUSSIANS_WITH_ELLIPSOIDAL_ON_ECLIPSE1",9,3.3417993,0.7684594,0.0037446925,0.295523,0.028137319,0.84029585,0.109797746,0.26660115,0.0018927568,0.2600134,0.01971223,0.63397676,0.026826737
375316653866487564,535429628353902976,0.5351527,2193.375598901368,3.759324994407859,1.3727783E-5,19.278866,0.0081762755,0.21420182,0.003143412,0.07033892,0.006585931,0.2671981,0.02564079,0.7264265,0.004390908,0.07270649,0.0055462066,0.30812094,0.01566396,null,null,null,null,"TWOGAUSSIANS",8,2.0002496,0.7264265,0.004390908,0.4,0.0031424558,0.30717704,0.015624221,0.21420182,0.003143412,0.39389795,0.025703402,0.2662542,0.02604493
375316653866487564,535433442284840576,0.51466167,2153.589193986279,2.648863191671037,1.3851482E-5,16.144657,0.009095832,0.31313127,0.0037196456,0.098743714,0.008106893,0.14963548,0.009051365,0.797292,0.004190819,0.08419815,0.0065492843,0.14433451,0.010361306,null,null,null,null,"TWOGAUSSIANS",8,22.7328,0.31313127,0.0037196456,0.4,0.0,0.14412865,0.007366148,0.797292,0.004190819,0.4,0.0,0.13882875,0.008621371
375316653866487564,535434090823300096,0.5863199,2192.7496638149987,1.313212086242225,3.4214836E-6,18.738043,0.0074692485,0.23584041,0.0012417088,0.03472706,0.0015282317,1.0471908,0.074623935,0.76429194,0.016245622,0.021435196,0.014223218,0.26321948,0.09991859,0.02925431,0.0108641405,0.23584041,0.0012417088,"TWOGAUSSIANS_WITH_ELLIPSOIDAL_ON_ECLIPSE1",9,3.9784539,0.23584041,0.0012417088,0.19447154,0.008558097,1.1056994,0.07931482,0.76429194,0.016245622,0.120037094,0.07965002,0.3198781,0.096319266
375316653866487564,535436053624907520,0.575392,2243.2443556440044,3.624934185758331,7.506968E-6,15.829488,0.0033483692,0.2310675,0.0023528063,0.07689392,0.002648762,0.15989245,0.0049692434,0.7401006,0.0025461658,0.08081275,0.0033094094,0.1559421,0.0048040864,null,null,null,null,"TWOGAUSSIANS",8,10.77167,0.2310675,0.0023528063,0.4,0.0,0.15816717,0.0047282632,0.7401006,0.0025461658,0.4,0.0,0.15421681,0.0046976455
375316653866487564,535436324204120832,0.54262793,2253.390955431276,2.1465179635045097,7.558048E-6,17.671448,0.051301397,0.24852103,0.0032446154,0.12185681,0.021886634,0.22161596,0.04813174,0.742775,0.0033832642,0.11569188,0.018468194,0.21753564,0.04924392,null,null,null,null,"TWOGAUSSIANS",8,2.5203428,0.24854103,0.0032862606,0.4,0.0,0.17612769,0.0056835893,0.742775,0.0033832642,0.4,0.0,0.17210792,0.006196639
375316653866487564,535436736521102208,0.50883454,2238.0722277069435,0.047875729570545526,2.5645168E-5,18.503605,0.011640724,0.18003239,0.026061188,0.103898205,0.064118475,0.05380777,0.01653107,0.7781559,0.055963892,0.021534815,0.027371617,0.87659603,2.92341915E14,null,null,null,null,"TWOGAUSSIANS",8,6.333359,0.7781559,0.055963892,0.12059497,0.15328106,0.8766247,2.92341915E14,0.18003239,0.026061188,0.4,0.026042929,0.05380608,0.016544104
375316653866487564,535441718683394560,0.5301243,2212.585496720303,2.998576576651459,1.3751349E-5,19.150272,0.017081875,0.24690539,0.0054801395,0.089709915,0.007926644,0.32905385,0.020561518,0.7438592,0.0027396958,0.08973626,0.006900581,0.32228845,0.017779423,null,null,null,null,"TWOGAUSSIANS",8,2.0357573,0.24690539,0.0054801395,0.4,0.0,0.3162513,0.017993398,0.7438592,0.0027396958,0.4,0.0,0.30948594,0.016110511
375316653866487564,535442994291988992,0.55935264,2196.955362375805,2.0614036429102245,7.726657E-6,18.857893,0.0038966378,0.3375198,0.010497364,0.026398199,0.011960361,0.36410654,0.22872554,0.84113574,0.0059289406,0.020755427,0.00425777,0.5411396,0.15193373,null,null,null,null,"TWOGAUSSIANS",8,1.7170467,0.84113574,0.0059289406,0.11623039,0.02384351,0.5411396,0.15193373,0.3375198,0.010497364,0.1478299,0.06697802,0.36410654,0.22872554
375316653866487564,535444364383604096,0.4904592,2202.5422127411407,1.9096571515042022,4.6525647E-6,19.519156,0.003950187,0.32107732,0.03907878,0.038545486,0.03660781,0.037249494,0.14360219,0.5158474,0.0019322004,0.010039856,7.0486206E-4,0.7309791,0.09719167,null,null,null,null,"TWOGAUSSIANS",8,2.0243635,0.5158474,0.0019322004,0.056223195,0.0039472277,0.7309792,0.09719183,0.32107732,0.03907878,0.21585473,0.20500374,0.037249494,0.14360219
375316653866487564,535444639261248128,0.58811367,2200.2833197684763,2.905682974866444,5.2788196E-6,18.04959,0.006414764,0.2536311,0.0042553185,0.08957639,0.0041168113,0.36669412,0.011471575,0.7458001,0.0014526467,0.08738479,0.0026988406,0.33839285,0.006793627,null,null,null,null,"TWOGAUSSIANS",8,2.8843899,0.2536311,0.0042553185,0.4,0.0,0.35521793,0.01130205,0.7458001,0.0014526467,0.4,0.0,0.32691675,0.00586427
375316653866487564,535445262034718720,0.7005746,2181.4118400637567,0.280553356749031,1.8913929E-6,15.962827,0.0026933835,0.18947834,3.129498E-4,0.023484603,2.9209294E-4,1.0081192,0.015304752,0.68768245,0.0034385077,0.027122956,0.0033418664,0.08011038,0.012270019,0.011445783,0.003961784,0.18947834,3.129498E-4,"TWOGAUSSIANS_WITH_ELLIPSOIDAL_ON_ECLIPSE1",9,10.818152,0.18947834,3.129498E-4,0.13151377,0.0016357205,1.0310107,0.014377176,0.6877125,0.0033906214,0.15188855,0.018714452,0.102999076,0.012241583
375316653866487564,535445399473672064,0.5771112,2180.0446209901547,3.604794551933842,5.554946E-6,19.211744,0.011494008,0.2730324,0.0019219224,0.052272435,0.0039455174,0.4233241,0.05489562,0.77562493,0.0028671562,0.046570912,0.00351694,0.38238493,0.031937275,0.12807879,0.013776255,0.2730324,0.0019219224,"TWOGAUSSIANS_WITH_ELLIPSOIDAL_ON_ECLIPSE1",9,2.2640889,0.2730324,0.0019219224,0.29272565,0.022094898,0.67947686,0.0540433,0.77562493,0.0028671562,0.2607971,0.019694865,0.6384697,0.025300879
375316653866487564,535450136819692928,0.5319547,2207.1665985401237,4.361514155614446,9.621943E-6,18.142828,0.012806702,0.17696655,0.0024352958,0.07086903,0.0035031687,0.4576996,0.022906194,0.66899264,0.0031712567,0.079116896,0.0053117555,0.4103798,0.025100295,null,null,null,null,"TWOGAUSSIANS",8,13.923157,0.17696655,0.0024352958,0.39686653,0.015869232,0.45491365,0.022837333,0.66899264,0.0031712567,0.4,0.0,0.40759385,0.025512092
375316653866487564,535459310871388160,0.4422016,2241.8173571652355,0.013731198311689612,3.4683966E-5,18.487339,0.0050810715,0.14766558,6.8839354E-4,0.009174504,0.0030639034,1.0837545,1.4044949,0.883636,0.031850137,0.04152567,0.03185811,0.08894007,50.9798,0.0021456091,0.009214341,0.14766558,6.8839354E-4,"TWOGAUSSIANS_WITH_ELLIPSOIDAL_ON_ECLIPSE1",9,8.079913,0.14766558,6.8839354E-4,0.051377222,0.017157858,1.0880457,1.4087795,0.883636,0.031850137,0.23254375,0.17840542,0.08897331,50.97977
375316653866487564,535460002362220032,0.56758875,2182.505995275793,2.636973751051001,6.992227E-6,14.471895,0.00343353,0.20431376,0.0057487404,0.055345573,0.010007967,0.07874744,0.014769306,0.71675545,0.0016400045,0.03721344,0.009266729,0.07077566,0.01403279,0.09154732,0.0064767813,0.71675545,0.0016400045,"TWOGAUSSIANS_WITH_ELLIPSOIDAL_ON_ECLIPSE2",9,83.19081,0.20879374,0.0042819367,0.3099352,0.056044616,0.26112503,0.015872346,0.71675545,0.0016400045,0.20839526,0.051893678,0.25386864,0.015680015
375316653866487564,535463296599608576,0.4852387,2200.439214755148,3.088798577668966,2.1351405E-5,19.348587,0.017356584,0.27382612,0.005274479,0.09142994,0.0140460525,0.19023445,0.014603393,0.78508806,0.008442064,0.09392922,0.017347097,0.15822677,0.019861657,null,null,null,null,"TWOGAUSSIANS",8,1.3634655,0.27382612,0.005274479,0.4,0.0,0.18251877,0.012153505,0.78508806,0.008442064,0.4,0.0,0.15051097,0.018859575
375316653866487564,535465534280252672,0.5114694,2197.6114058798,3.6878824210864005,1.2068166E-5,17.40483,0.0074969237,0.26892072,0.005037276,0.061665542,0.010021601,0.19477102,0.03338312,0.7291055,0.0036443009,0.044225663,0.007937341,0.0635878,0.018949606,0.07566633,0.010153939,0.7291055,0.0036443009,"TWOGAUSSIANS_WITH_ELLIPSOIDAL_ON_ECLIPSE2",9,17.29288,0.2615107,0.0051637334,0.34532702,0.056120962,0.33851188,0.036500122,0.7291055,0.0036443009,0.2476637,0.04444911,0.21491727,0.007420888
375316653866487564,535468622360581632,0.5619404,2208.3006503412544,3.24753455676143,1.1235503E-5,18.848309,0.013228173,0.269731,0.0024206091,0.04689989,0.003833716,0.51129925,0.043030757,0.7807145,0.0049952986,0.04022929,0.006280711,0.4423636,0.061997097,0.09620126,0.021945622,0.269731,0.0024206091,"TWOGAUSSIANS_WITH_ELLIPSOIDAL_ON_ECLIPSE1",9,6.5095854,0.269731,0.0024206091,0.26263937,0.021468809,0.7037011,0.037846398,0.7807145,0.0049952986,0.22528403,0.035171982,0.6338505,0.07357908
375316653866487564,535470065469609984,0.5182915,2212.6957485704856,4.091459823139894,2.52972E-5,19.41144,0.02481364,0.30371746,0.004733146,0.100998595,0.012756404,0.2806978,0.022746237,0.798563,0.008812815,0.08575112,0.018385706,0.29243478,0.032992654,null,null,null,null,"TWOGAUSSIANS",8,1.7317971,0.798563,0.008812815,0.4,0.0,0.2777545,0.040006798,0.30371746,0.004733146,0.4,0.0,0.26601478,0.010238714
375316653866487564,535471027541497600,0.5283675,2194.022967032615,4.161889017567964,1.1153051E-5,17.965122,0.02293816,0.20332958,0.0029950123,0.10156458,0.012985879,0.20953201,0.01928256,0.69979674,0.006183774,0.082311735,0.011653775,0.23904106,0.020518573,null,null,null,null,"TWOGAUSSIANS",8,6.491839,0.69979674,0.006183774,0.4,0.0,0.22866409,0.018324215,0.20332958,0.0029950123,0.4,0.0,0.19915272,0.013684831
