Gaia/vari_eclipsing_binary/VariEclipsingBinary_529465-529485.csv
# %ECSV 1.0
# ---
# delimiter: ','
# meta: !!omap
# - RELEASE: Gaia DR3
# - TABLE: vari_eclipsing_binary
# - DESCRIPTION: >
#     This table describes the properties of the eclipsing binaries resulting from the variability analysis. 
# - CITATION: >
#     How to cite and acknowledge Gaia: 
#     https://gea.esac.esa.int/archive/documentation/credits.html 
# - KNOWN_ISSUES: >
#     Known issues: 
#     https://www.cosmos.esa.int/web/gaia-users/known-issues 
# - DOCUMENTATION: >
#     Tutorials and documentation: 
#     https://www.cosmos.esa.int/web/gaia-users/archive 
# datatype:
# - 
#   name: solution_id
#   datatype: int64
#   description: Solution Identifier
#   meta:
#     ucd: meta.version
# - 
#   name: source_id
#   datatype: int64
#   description: Unique source identifier
#   meta:
#     ucd: meta.id;meta.main
# - 
#   name: global_ranking
#   datatype: float32
#   description: Number between 0 (worst) and 1 (best)
#   meta:
#     ucd: stat.param
# - 
#   name: reference_time
#   datatype: float64
#   unit: d
#   description: Reference time used for the geometric model fit
#   meta:
#     ucd: time.epoch
# - 
#   name: frequency
#   datatype: float64
#   unit: d**-1
#   description: Frequency of geometric model of the eclipsing binary light curve
#   meta:
#     ucd: src.orbital
# - 
#   name: frequency_error
#   datatype: float32
#   unit: d**-1
#   description: "Uncertainty of \\texttt{frequency}"
#   meta:
#     ucd: stat.error
# - 
#   name: geom_model_reference_level
#   datatype: float32
#   unit: mag
#   description: Magnitude reference level of geometric model
#   meta:
#     ucd: phot.mag;em.opt
# - 
#   name: geom_model_reference_level_error
#   datatype: float32
#   unit: mag
#   description: "Uncertainty of \\texttt{geomModelReferenceLevel}"
#   meta:
#     ucd: stat.error;phot.mag;em.opt
# - 
#   name: geom_model_gaussian1_phase
#   datatype: float32
#   description: Phase of the Gaussian 1 component
#   meta:
#     ucd: time.phase
# - 
#   name: geom_model_gaussian1_phase_error
#   datatype: float32
#   description: "Uncertainty of \\texttt{geomModelGaussian1Phase}"
#   meta:
#     ucd: stat.error;time.phase
# - 
#   name: geom_model_gaussian1_sigma
#   datatype: float32
#   description: "Standard deviation [phase] of Gaussian 1 component"
#   meta:
#     ucd: stat.stdev
# - 
#   name: geom_model_gaussian1_sigma_error
#   datatype: float32
#   description: "Uncertainty of \\texttt{geomModelGaussian1Sigma}"
#   meta:
#     ucd: stat.error
# - 
#   name: geom_model_gaussian1_depth
#   datatype: float32
#   unit: mag
#   description: Magnitude depth of Gaussian 1 component
#   meta:
#     ucd: src.var.amplitude
# - 
#   name: geom_model_gaussian1_depth_error
#   datatype: float32
#   unit: mag
#   description: "Uncertainty of \\texttt{geomModelGaussian1Depth}"
#   meta:
#     ucd: stat.error;src.var.amplitude
# - 
#   name: geom_model_gaussian2_phase
#   datatype: float32
#   description: Phase of Gaussian 2 component
#   meta:
#     ucd: time.phase
# - 
#   name: geom_model_gaussian2_phase_error
#   datatype: float32
#   description: "Uncertainty of \\texttt{geomModelGaussian2Phase}"
#   meta:
#     ucd: stat.error;time.phase
# - 
#   name: geom_model_gaussian2_sigma
#   datatype: float32
[...]
#   datatype: float32
#   description: "Secondary eclipse: uncertainty of \\texttt{derivedSecondaryEclDuration}"
#   meta:
#     ucd: stat.error;time.duration
# - 
#   name: derived_secondary_ecl_depth
#   datatype: float32
#   unit: mag
#   description: "Secondary eclipse: depth"
#   meta:
#     ucd: src.var.amplitude
# - 
#   name: derived_secondary_ecl_depth_error
#   datatype: float32
#   unit: mag
#   description: "Secondary eclipse: uncertainty of \\texttt{derivedSecondaryEclDepth}"
#   meta:
#     ucd: stat.error;src.var.amplitude
solution_id,source_id,global_ranking,reference_time,frequency,frequency_error,geom_model_reference_level,geom_model_reference_level_error,geom_model_gaussian1_phase,geom_model_gaussian1_phase_error,geom_model_gaussian1_sigma,geom_model_gaussian1_sigma_error,geom_model_gaussian1_depth,geom_model_gaussian1_depth_error,geom_model_gaussian2_phase,geom_model_gaussian2_phase_error,geom_model_gaussian2_sigma,geom_model_gaussian2_sigma_error,geom_model_gaussian2_depth,geom_model_gaussian2_depth_error,geom_model_cosine_half_period_amplitude,geom_model_cosine_half_period_amplitude_error,geom_model_cosine_half_period_phase,geom_model_cosine_half_period_phase_error,model_type,num_model_parameters,reduced_chi2,derived_primary_ecl_phase,derived_primary_ecl_phase_error,derived_primary_ecl_duration,derived_primary_ecl_duration_error,derived_primary_ecl_depth,derived_primary_ecl_depth_error,derived_secondary_ecl_phase,derived_secondary_ecl_phase_error,derived_secondary_ecl_duration,derived_secondary_ecl_duration_error,derived_secondary_ecl_depth,derived_secondary_ecl_depth_error
[from data line 629]
375316653866487564,4657373410922107264,0.4877515,2226.7690549500003,0.06720921758391553,1.9151405E-5,18.485723,0.0031666923,0.37482816,0.005691316,0.028816229,0.0054362314,0.9880699,0.6996966,0.84636456,0.0024761308,0.008794603,0.00338459,0.3824666,4.6170826,null,null,null,null,"TWOGAUSSIANS",8,2.8206215,0.37482816,0.005691316,0.16137087,0.030442895,0.9880699,0.6996966,0.84636456,0.0024761308,0.049249776,0.018953703,0.3824666,4.6170826
375316653866487564,4657374196906903296,0.5258762,2254.425141438457,0.7734788377142076,1.3478966E-5,18.987385,0.0067762276,0.16514385,0.0017199407,0.04017366,0.0021912123,0.40924022,0.038931776,0.66552347,0.047100592,0.03914427,0.0217061,0.28878483,0.28606582,null,null,null,null,"TWOGAUSSIANS",8,3.0738003,0.16514385,0.0017199407,0.2249725,0.012270789,0.40924022,0.03893178,0.66552347,0.047100592,0.21920791,0.121554166,0.28878483,0.2860658
375316653866487564,4657374334364876160,0.5038919,2243.129680158237,0.736152026123152,6.8317395E-6,19.660479,0.009643283,0.2960316,0.0034486305,0.048923034,0.011442449,0.38746458,0.07593812,0.8076235,0.009233303,0.059637472,0.0069844704,0.2780002,0.036401734,null,null,null,null,"TWOGAUSSIANS",8,2.3955524,0.2960316,0.0034486305,0.273969,0.06407771,0.38745493,0.075999126,0.8076235,0.009233303,0.33396983,0.039113034,0.27799055,0.036406532
375316653866487564,4657374441714000000,0.53447187,2241.4358941573455,0.6652816146980899,1.479656E-5,17.942352,0.012623254,0.28197244,0.013831933,0.04187156,0.009492944,0.43804643,0.09498131,0.7799077,0.019960975,0.029553143,0.020652099,0.14788686,0.053342734,0.0300971,0.017998952,0.7799077,0.019960975,"TWOGAUSSIANS_WITH_ELLIPSOIDAL_ON_ECLIPSE2",9,9.580739,0.28193244,0.013542235,0.23448074,0.053160485,0.49823064,0.083981514,0.7799077,0.019960975,0.1654976,0.11565176,0.208081,0.046701353
375316653866487564,4657374952809811840,0.52403915,2239.2378513986387,0.5138787076795852,4.927232E-5,17.969116,0.0019492995,0.35780033,0.002956049,0.0388057,0.0019880831,0.19461465,0.008503348,null,null,null,null,null,null,null,null,null,null,"ONEGAUSSIAN",5,2.608482,0.35780033,0.002956049,0.21731192,0.011133266,0.19461465,0.0,null,null,null,null,null,null
375316653866487564,4657375300707966336,0.42105466,2219.0832254758475,4.901627069306538,3.24116E-5,18.550323,0.01866038,0.16852598,0.029230068,0.056003895,0.023806203,0.13089944,0.034291092,0.8084372,0.0060355584,0.040015817,0.005875035,0.17784509,0.025595281,null,null,null,null,"TWOGAUSSIANS",8,16.46704,0.8084372,0.0060355584,0.22408858,0.032900196,0.17784509,0.025595281,0.16852598,0.029230068,0.3136218,0.13331473,0.13089944,0.034291096
375316653866487564,4657375609960411008,0.46461597,2236.3985988796776,0.5278805180847473,1.47489545E-5,18.502645,0.003727932,0.28510734,0.0024111534,0.023771651,0.0028356642,0.12590565,0.012840347,0.7403295,0.041430373,0.06286215,0.028593544,0.031402778,0.0068034143,null,null,null,null,"TWOGAUSSIANS",8,1.559912,0.28510734,0.0024111534,0.13312125,0.015879719,0.12590565,0.012840347,0.7403295,0.041430373,0.35202804,0.16012384,0.031402778,0.0068034143
375316653866487564,4657375674406798976,0.48918155,2279.3620350227075,0.2898969212009463,7.4135637E-6,18.678265,0.0057842364,0.37157834,0.0012221325,0.01271044,9.912448E-4,0.28302515,0.017013928,0.87149644,9.269861E-4,0.012585465,9.243142E-4,0.25108293,0.025676487,null,null,null,null,"TWOGAUSSIANS",8,5.4376373,0.37157834,0.0012221325,0.071178466,0.005550971,0.28302515,0.017013928,0.87149644,9.269861E-4,0.0704786,0.0051761596,0.25108293,0.025676487
375316653866487564,4657375708766542592,0.42999762,2235.5522484451085,0.219631896866144,1.7076271E-4,19.12384,0.10329075,0.24181455,0.018435089,0.121467605,0.06418272,0.16894907,0.10268345,0.77721643,0.013924184,0.10220824,0.032679886,0.147746,0.09674298,null,null,null,null,"TWOGAUSSIANS",8,4.588805,0.24179454,0.018180694,0.4,0.0,0.15090786,0.051973406,0.77744645,0.013159313,0.4,0.0,0.12982284,0.025114372
375316653866487564,4657375914883177344,0.42948434,2275.8411281489734,0.026459262892947557,6.3549356E-5,18.234953,0.10614923,0.2706186,0.009910632,0.03051475,0.008061622,0.55366457,0.10232127,0.6595994,0.0152442455,0.120223485,0.026618239,0.5740977,0.10565956,null,null,null,null,"TWOGAUSSIANS",8,56.696056,0.6595994,0.0152442455,0.4,0.0,0.5737982,0.10330787,0.27075857,0.009928325,0.1708826,0.045145087,0.5564329,0.1093115
375316653866487564,4657375919198092800,0.49963525,2224.880375330613,0.1736210595892316,5.6528843E-5,19.532997,0.005171394,0.22332035,0.051259965,0.036742494,0.031974763,0.159635,0.29310104,0.48831984,0.0026436585,0.004495286,0.0014861412,0.57923734,0.3227963,null,null,null,null,"TWOGAUSSIANS",8,1.5022635,0.48831984,0.0026436585,0.0251736,0.008322391,0.57923734,0.3227963,0.22332035,0.051259965,0.20575796,0.17905867,0.159635,0.29310104
375316653866487564,4657375987923044224,0.46959278,2244.8093783874774,0.043513968677797485,2.381605E-5,18.954157,0.029731017,0.09660166,0.0017778471,0.017936517,0.005754074,0.18818037,0.0354712,0.53696316,0.010355505,0.13670795,0.016750244,0.3430714,0.03224823,null,null,null,null,"TWOGAUSSIANS",8,15.690756,0.53696316,0.010355505,0.4,0.0,0.34212014,0.03157808,0.096671656,0.0017055846,0.100444496,0.032222815,0.18922485,0.035121184
375316653866487564,4657376056636981248,0.5911482,2222.4753978572667,1.2761543444802572,1.3237049E-5,17.093134,0.009870089,0.23984632,0.004875359,0.052540507,0.008300725,0.21442018,0.022733543,0.7408315,0.0051885243,0.041245908,0.004908051,0.28597003,0.040265612,0.059839785,0.012276395,0.23984632,0.004875359,"TWOGAUSSIANS_WITH_ELLIPSOIDAL_ON_ECLIPSE1",9,8.968227,0.7408315,0.005011907,0.23097707,0.027485086,0.4056423,0.039584294,0.23984632,0.004875359,0.29422683,0.04648406,0.33409703,0.0081307655
375316653866487564,4657376400234365184,0.4609122,2259.6315587707963,0.053550935965936436,5.8718353E-5,18.620869,0.0093413,0.25248718,9.2820517E-7,0.011112648,0.00122557,0.061198108,0.0087080095,0.72129965,0.00383632,0.06325913,0.0048969924,0.29527104,0.030271191,null,null,null,null,"TWOGAUSSIANS",8,12.757749,0.72129965,0.00383632,0.35425112,0.027423156,0.29527104,0.030271191,0.25248718,9.2820517E-7,0.062230825,0.006863192,0.061198108,0.0087080095
375316653866487564,4657376464638828800,0.4337581,2258.538433061012,0.20973684255912806,5.7025234E-5,16.623978,0.002871059,0.5828186,0.0031480645,0.019055434,0.006470932,0.25547653,0.26650068,0.89327204,0.011619273,0.018139023,0.008234966,0.08943713,0.030774275,null,null,null,null,"TWOGAUSSIANS",8,10.142618,0.5828186,0.0031480645,0.106710434,0.03623722,0.25547653,0.26650068,0.89327204,0.011619273,0.101578526,0.04611581,0.08943713,0.030774275
375316653866487564,4657376876976216320,0.4482479,2244.769632166829,0.495109809706164,3.2204654E-5,19.741047,0.0062537924,0.8231369,0.008392761,0.011506253,0.052013207,0.014320881,0.14269456,null,null,null,null,null,null,0.08822553,0.008815096,0.8231369,0.008392761,"ONEGAUSSIAN_WITH_ELLIPSOIDAL",6,2.6943,0.8231369,0.008392761,0.06443501,0.29127398,0.19077191,0.1329758,null,null,null,null,null,null
375316653866487564,4657377053053947008,0.5121531,2228.716140428429,2.289182392688108,3.736999E-5,18.95109,0.013106721,0.25912538,0.06696677,0.068737485,0.06502265,0.04501599,0.21673211,0.62742996,0.006500492,0.097086824,0.009085349,0.32467055,0.01754368,null,null,null,null,"TWOGAUSSIANS",8,6.298757,0.62742996,0.006500492,0.4,0.0,0.3244762,0.017519673,0.2601654,0.06680537,0.3849299,0.2960145,0.04507003,0.21849066
375316653866487564,4657377220573548800,0.49876016,2209.2286534240197,2.784521127944116,3.743638E-6,17.87084,0.004637649,0.20961276,0.009223551,0.018219516,0.0093665235,0.28805202,0.0040583285,0.6961498,8.6493914E-5,0.0072039515,2.1380422E-4,0.16608532,0.0050232788,null,null,null,null,"TWOGAUSSIANS",8,6.6643896,0.20961276,0.009223551,0.102029294,0.05245253,0.28805202,0.0040583285,0.6961498,8.6493914E-5,0.040342126,0.0011973036,0.16608532,0.0050232788
375316653866487564,4657377426740697472,0.50481766,2249.4145113767363,0.803996431423313,4.9647788E-5,19.214022,0.016352894,0.23142207,0.01203462,0.036604665,0.009601297,0.624669,0.19765139,0.7183398,0.024658699,0.027470492,0.03244496,0.090426646,1.0004263,0.05520767,0.020863269,0.7183398,0.024658699,"TWOGAUSSIANS_WITH_ELLIPSOIDAL_ON_ECLIPSE2",9,8.596323,0.23118205,0.011536791,0.20498613,0.053767264,0.7343535,0.1987307,0.7183398,0.024658699,0.15383475,0.18169178,0.20084192,0.98674744
375316653866487564,4657378530522265088,0.4922555,2273.804481140796,0.5863287249050442,4.7325346E-5,18.293783,0.004379974,0.41753992,0.04658589,0.069675796,0.04310273,0.035278577,0.012334694,0.62960255,0.0030089489,0.024837282,0.0042085033,0.3042379,0.11995402,null,null,null,null,"TWOGAUSSIANS",8,2.9249697,0.62960255,0.0030089489,0.13908878,0.023567617,0.30458146,0.121320665,0.41753992,0.04658589,0.39018443,0.19888844,0.035278577,0.012334694
375316653866487564,4657379355155697664,0.4400108,2213.6214254800284,0.2089146765167828,2.7939514E-5,17.497871,0.0044828434,0.15957023,0.0077317767,0.03441217,0.0060808216,0.064219385,0.012331055,0.87275,0.0048458497,0.017864298,0.0075362483,0.11524436,0.028082049,null,null,null,null,"TWOGAUSSIANS",8,9.787241,0.87275,0.0048458497,0.10004007,0.04220299,0.11524436,0.028082049,0.15957023,0.0077317767,0.19270816,0.034052603,0.064219385,0.012331055
375316653866487564,4657379763174242048,0.5736444,2236.5679136659105,0.29038697463757224,8.724446E-6,18.881678,0.0147407055,0.28021437,0.007646681,0.036175158,0.022959322,1.0274513,0.766202,0.8044148,0.008288014,0.021279976,0.009900996,0.09496567,0.041028254,0.061693277,0.020996056,0.8044148,0.008288014,"TWOGAUSSIANS_WITH_ELLIPSOIDAL_ON_ECLIPSE2",9,3.2599044,0.28050438,0.008235911,0.20258088,0.1285722,1.1480408,0.80076283,0.8044148,0.008288014,0.11916787,0.05544558,0.21835212,0.010531028
375316653866487564,4657380347321112064,0.51346827,2231.913848811939,1.7512302274662752,1.5686055E-5,19.946363,0.010312414,0.112309,0.1552684,0.07103401,0.09090984,0.044438828,0.13049306,0.41363603,0.0056871055,0.03964288,0.004225008,0.44700414,0.03812262,null,null,null,null,"TWOGAUSSIANS",8,1.5485387,0.41363603,0.0056871055,0.22200015,0.023660045,0.44700962,0.03812939,0.112309,0.1552684,0.39779043,0.48600167,0.044438828,0.1304931
375316653866487564,4657380351604082944,0.46857166,2231.1630442784513,2.3519349626371957,2.5517049E-5,16.839567,0.0035185972,0.46226463,0.007244364,0.10841619,0.0113284355,0.09271176,0.011117094,0.773166,0.01215442,0.034950756,0.016541347,0.041264243,0.02217813,null,null,null,null,"TWOGAUSSIANS",8,8.256099,0.46226463,0.007244364,0.4,0.0,0.092707284,0.011123942,0.773166,0.01215442,0.19572423,0.09263155,0.04277829,0.022450997
375316653866487564,4657380450369330304,0.48118305,2185.71909248324,0.4210037486733064,8.120703E-5,18.708767,0.004337834,0.16429232,0.06909992,0.03798246,0.02808145,0.6534443,5.0590296,0.7135088,0.01744371,0.02999577,0.02148349,0.14917031,1.03429754E12,null,null,null,null,"TWOGAUSSIANS",8,5.7424965,0.16429232,0.06909992,0.21270177,0.15725613,0.6534443,5.0590296,0.7135088,0.01744371,0.1679763,0.12030754,0.14917031,1.03429754E12
375316653866487564,4657380557762488320,0.4554543,2230.689551296197,2.760958933812593,3.3026427E-5,19.015404,0.0035333824,0.1518524,0.0061162445,0.044677373,0.011468602,0.022895567,0.004739584,0.4622689,4.5109824E-5,0.0021514662,6.598818E-5,0.26016364,0.0047260784,null,null,null,null,"TWOGAUSSIANS",8,1.7807359,0.4622689,4.5109824E-5,0.012048211,3.6953378E-4,0.26016364,0.0047260784,0.1518524,0.0061162445,0.2501933,0.06422417,0.022895567,0.004739584
375316653866487564,4657380798280631552,0.5229112,2200.389478852537,0.40175190524220644,3.4419743E-6,17.549017,0.00864777,0.14349966,3.8254977E-4,0.018034568,5.727647E-4,0.65459734,0.019790804,0.5414459,0.009468174,0.030662015,0.006539957,0.5355379,0.42551306,null,null,null,null,"TWOGAUSSIANS",8,27.082066,0.14349966,3.8254977E-4,0.10099358,0.0032074826,0.65459734,0.019790804,0.5414459,0.009468174,0.17170729,0.03662376,0.5355379,0.42551306
375316653866487564,4657381206283720064,0.4680567,2219.4667122588053,0.6420828386096614,1.1041561E-4,19.084757,0.0055605103,0.44590572,0.0042097624,0.04260189,0.0045011565,0.2667699,0.018419886,0.7277334,0.009124162,0.026044678,0.006778354,0.046129763,0.011810911,null,null,null,null,"TWOGAUSSIANS",8,2.1956751,0.44590572,0.0042097624,0.2385706,0.025206475,0.2667699,0.018419886,0.7277334,0.009124162,0.1458502,0.037958782,0.046129763,0.011810911
375316653866487564,4657381687320607488,0.53779626,2217.4885496296192,1.5761177046089019,3.214002E-5,19.58016,0.005384494,0.3803468,3.2159872E-4,0.02059759,4.1872714E-4,1.039195,0.0058278954,0.73873454,0.00858354,0.014739475,0.0056482987,0.04815315,0.008487671,null,null,null,null,"TWOGAUSSIANS",8,1.0803176,0.3803468,3.2159872E-4,0.115346506,0.0023448719,1.039195,0.0058278954,0.73873454,0.00858354,0.082541056,0.03163047,0.04815315,0.008487671
375316653866487564,4657381824762249728,0.41972458,2255.2958288463738,2.1674946456991777,1.1649206E-4,18.506044,0.116941035,0.3362546,0.020281764,0.2987566,0.030235492,0.35981968,0.116155185,0.87725675,0.00535066,0.028037189,0.0074279,0.16017067,0.103339,null,null,null,null,"TWOGAUSSIANS",8,9.290342,0.3362546,0.020281764,0.4,0.0,0.18004236,0.037061393,0.8779867,0.005252274,0.15700826,0.04159624,0.15816262,0.10723047
375316653866487564,4657381927837743360,0.52848256,2234.3847638474413,3.078396541164792,2.714285E-5,17.061398,0.002338516,0.1632758,0.027595727,0.06041609,0.040436454,0.019256648,0.039243616,0.88086736,1.3595408E-6,0.0041241846,2.958376E-5,0.32421958,0.0016044531,null,null,null,null,"TWOGAUSSIANS",8,4.180127,0.88086736,1.3595408E-6,0.023095433,1.6566906E-4,0.32421994,0.001605048,0.1632758,0.027595727,0.33833012,0.22644415,0.019256648,0.039243616
375316653866487564,4657381966513220224,0.520953,2213.0008638014465,0.5667203387357896,1.2810304E-5,16.47137,0.0021927482,0.24296461,0.022906993,0.031351186,0.011085891,0.047389656,0.016117224,0.74841493,0.0020435003,0.027301403,0.0018849147,0.1372723,0.0068620313,0.0099459365,0.004107638,0.24296461,0.022906993,"TWOGAUSSIANS_WITH_ELLIPSOIDAL_ON_ECLIPSE1",9,4.4750576,0.74841493,0.0020048555,0.15288785,0.0105555225,0.15714085,0.005832005,0.24296461,0.022906993,0.17556664,0.06208099,0.06728153,0.022149662
375316653866487564,4657382103952148608,0.640284,2225.9826521997174,0.505154810479602,1.619158E-6,13.899612,0.008558623,0.1499985,7.67093E-4,0.051820226,0.0029280463,0.3806074,0.02357539,0.6499989,0.0013725992,0.048503738,0.0024143665,0.28369424,0.025239246,0.082267165,0.01706395,0.1499985,7.67093E-4,"TWOGAUSSIANS_WITH_ELLIPSOIDAL_ON_ECLIPSE1",9,13.730135,0.1499985,7.67093E-4,0.2901933,0.016397059,0.5451379,0.020920286,0.6499989,0.0013446556,0.27162093,0.013520452,0.4482247,0.010582576
375316653866487564,4657382310110651520,0.42053103,2209.3898317889016,0.30532498066622504,4.3081378E-5,19.833559,0.016489068,0.36052787,0.018535782,0.033529993,0.038324445,0.5673684,432.83548,0.6936214,0.014538398,0.11708624,0.015818883,0.26557857,0.027407972,null,null,null,null,"TWOGAUSSIANS",8,5.4338045,0.36074787,0.020864915,0.18776797,0.2146169,0.5719637,432.8359,0.6936214,0.014538398,0.4,0.0,0.26551846,0.027376747
375316653866487564,4657382649444792320,0.55174404,2187.2609355827935,1.6460967357750933,2.834098E-5,19.816925,0.01841781,0.15925984,0.0066546835,0.055145584,0.0055255136,0.65421176,0.05275594,0.28977397,0.05696236,0.19241968,0.083672084,0.06283654,0.018482698,null,null,null,null,"TWOGAUSSIANS",8,1.0240579,0.16007984,0.00657828,0.30881527,0.030942876,0.6999142,0.060757603,0.28977397,0.05696236,0.4,0.0,0.098296575,0.14475611
