Gaia/vari_eclipsing_binary/VariEclipsingBinary_679190-679251.csv
# %ECSV 1.0
# ---
# delimiter: ','
# meta: !!omap
# - RELEASE: Gaia DR3
# - TABLE: vari_eclipsing_binary
# - DESCRIPTION: >
#     This table describes the properties of the eclipsing binaries resulting from the variability analysis. 
# - CITATION: >
#     How to cite and acknowledge Gaia: 
#     https://gea.esac.esa.int/archive/documentation/credits.html 
# - KNOWN_ISSUES: >
#     Known issues: 
#     https://www.cosmos.esa.int/web/gaia-users/known-issues 
# - DOCUMENTATION: >
#     Tutorials and documentation: 
#     https://www.cosmos.esa.int/web/gaia-users/archive 
# datatype:
# - 
#   name: solution_id
#   datatype: int64
#   description: Solution Identifier
#   meta:
#     ucd: meta.version
# - 
#   name: source_id
#   datatype: int64
#   description: Unique source identifier
#   meta:
#     ucd: meta.id;meta.main
# - 
#   name: global_ranking
#   datatype: float32
#   description: Number between 0 (worst) and 1 (best)
#   meta:
#     ucd: stat.param
# - 
#   name: reference_time
#   datatype: float64
#   unit: d
#   description: Reference time used for the geometric model fit
#   meta:
#     ucd: time.epoch
# - 
#   name: frequency
#   datatype: float64
#   unit: d**-1
#   description: Frequency of geometric model of the eclipsing binary light curve
#   meta:
#     ucd: src.orbital
# - 
#   name: frequency_error
#   datatype: float32
#   unit: d**-1
#   description: "Uncertainty of \\texttt{frequency}"
#   meta:
#     ucd: stat.error
# - 
#   name: geom_model_reference_level
#   datatype: float32
#   unit: mag
#   description: Magnitude reference level of geometric model
#   meta:
#     ucd: phot.mag;em.opt
# - 
#   name: geom_model_reference_level_error
#   datatype: float32
#   unit: mag
#   description: "Uncertainty of \\texttt{geomModelReferenceLevel}"
#   meta:
#     ucd: stat.error;phot.mag;em.opt
# - 
#   name: geom_model_gaussian1_phase
#   datatype: float32
#   description: Phase of the Gaussian 1 component
#   meta:
#     ucd: time.phase
# - 
#   name: geom_model_gaussian1_phase_error
#   datatype: float32
#   description: "Uncertainty of \\texttt{geomModelGaussian1Phase}"
#   meta:
#     ucd: stat.error;time.phase
# - 
#   name: geom_model_gaussian1_sigma
#   datatype: float32
#   description: "Standard deviation [phase] of Gaussian 1 component"
#   meta:
#     ucd: stat.stdev
# - 
#   name: geom_model_gaussian1_sigma_error
#   datatype: float32
#   description: "Uncertainty of \\texttt{geomModelGaussian1Sigma}"
#   meta:
#     ucd: stat.error
# - 
#   name: geom_model_gaussian1_depth
#   datatype: float32
#   unit: mag
#   description: Magnitude depth of Gaussian 1 component
#   meta:
#     ucd: src.var.amplitude
# - 
#   name: geom_model_gaussian1_depth_error
#   datatype: float32
#   unit: mag
#   description: "Uncertainty of \\texttt{geomModelGaussian1Depth}"
#   meta:
#     ucd: stat.error;src.var.amplitude
# - 
#   name: geom_model_gaussian2_phase
#   datatype: float32
#   description: Phase of Gaussian 2 component
#   meta:
#     ucd: time.phase
# - 
#   name: geom_model_gaussian2_phase_error
#   datatype: float32
#   description: "Uncertainty of \\texttt{geomModelGaussian2Phase}"
#   meta:
#     ucd: stat.error;time.phase
# - 
#   name: geom_model_gaussian2_sigma
#   datatype: float32
[...]
#   datatype: float32
#   description: "Secondary eclipse: uncertainty of \\texttt{derivedSecondaryEclDuration}"
#   meta:
#     ucd: stat.error;time.duration
# - 
#   name: derived_secondary_ecl_depth
#   datatype: float32
#   unit: mag
#   description: "Secondary eclipse: depth"
#   meta:
#     ucd: src.var.amplitude
# - 
#   name: derived_secondary_ecl_depth_error
#   datatype: float32
#   unit: mag
#   description: "Secondary eclipse: uncertainty of \\texttt{derivedSecondaryEclDepth}"
#   meta:
#     ucd: stat.error;src.var.amplitude
solution_id,source_id,global_ranking,reference_time,frequency,frequency_error,geom_model_reference_level,geom_model_reference_level_error,geom_model_gaussian1_phase,geom_model_gaussian1_phase_error,geom_model_gaussian1_sigma,geom_model_gaussian1_sigma_error,geom_model_gaussian1_depth,geom_model_gaussian1_depth_error,geom_model_gaussian2_phase,geom_model_gaussian2_phase_error,geom_model_gaussian2_sigma,geom_model_gaussian2_sigma_error,geom_model_gaussian2_depth,geom_model_gaussian2_depth_error,geom_model_cosine_half_period_amplitude,geom_model_cosine_half_period_amplitude_error,geom_model_cosine_half_period_phase,geom_model_cosine_half_period_phase_error,model_type,num_model_parameters,reduced_chi2,derived_primary_ecl_phase,derived_primary_ecl_phase_error,derived_primary_ecl_duration,derived_primary_ecl_duration_error,derived_primary_ecl_depth,derived_primary_ecl_depth_error,derived_secondary_ecl_phase,derived_secondary_ecl_phase_error,derived_secondary_ecl_duration,derived_secondary_ecl_duration_error,derived_secondary_ecl_depth,derived_secondary_ecl_depth_error
[from data line 184]
375316653866487564,5974545975435707008,0.4545403,2232.298394453656,1.6344025691927426,1.4533769E-5,19.449892,0.017675264,0.3124736,0.009907565,0.059215717,0.017336834,0.06920984,0.018348617,0.6564615,0.0034002694,0.08874291,0.008119422,0.26658174,0.03402962,null,null,null,null,"TWOGAUSSIANS",8,1.8873215,0.6564615,0.0034002694,0.4,0.0,0.26656544,0.03400564,0.3128036,0.00976144,0.331608,0.09708627,0.069340155,0.01839037
375316653866487564,5974549716353306880,0.48365548,2244.722886486336,1.2742150499606082,4.3241573E-5,18.688835,0.007174959,0.58689046,0.0018743385,0.010289439,0.0034985712,0.96580935,0.6856067,0.82069224,0.056700427,0.035327494,0.04390684,0.037902683,0.01076184,null,null,null,null,"TWOGAUSSIANS",8,2.6157854,0.58689046,0.0018743385,0.057620857,0.019592,0.96580935,0.68559533,0.82069224,0.056700427,0.19783397,0.24587831,0.037902683,0.01076184
375316653866487564,5974551571779857024,0.52293426,2320.059068287885,4.208263590815301,7.5736876E-5,19.115202,0.024500461,0.27867514,0.01615566,0.09253179,0.028194323,0.13598768,0.09634356,0.757455,0.011992994,0.08007876,0.024044134,0.33067644,1.4858177,null,null,null,null,"TWOGAUSSIANS",8,1.4298122,0.757455,0.011992994,0.4,0.07304781,0.3264554,1.4892391,0.27867514,0.01615566,0.4,0.0,0.13176644,0.097236834
375316653866487564,5974554737172831488,0.5911741,2224.4383792198128,2.6547454055007993,1.1131668E-5,14.630803,0.00807021,0.24143708,0.0024391427,0.07742615,0.0033172444,0.5291346,0.019003924,0.74440837,0.004408715,0.074083865,0.005023902,0.5345328,0.010727951,null,null,null,null,"TWOGAUSSIANS",8,222.19048,0.74440837,0.004408715,0.4,0.0,0.5302317,0.011164092,0.24143708,0.0024391427,0.4,0.0,0.5248335,0.019265037
375316653866487564,5974557928329843712,0.5824237,2184.489947830073,2.9834824187742695,1.4723242E-5,18.747477,0.009877531,0.2558528,0.0040705064,0.070149876,0.0038725273,0.5920752,0.052528217,0.7371913,0.0036555103,0.07716841,0.0054173386,0.5964243,0.022500118,null,null,null,null,"TWOGAUSSIANS",8,3.3261034,0.7371913,0.0036555103,0.4,0.0,0.5940091,0.022871759,0.2558528,0.0040705064,0.3928393,0.020144697,0.58966,0.052857496
375316653866487564,5974559302720332800,0.6263091,2222.2244381421315,0.6436063748115215,4.200361E-6,18.012867,0.005982393,0.27386826,9.16522E-4,0.028327217,0.0017155827,1.0004555,0.08477311,0.7720172,6.603861E-4,0.029134672,0.0022152534,0.14692575,0.004950169,null,null,null,null,"TWOGAUSSIANS",8,5.6029634,0.27386826,9.16522E-4,0.15863241,0.009607263,1.0004555,0.08477311,0.7720172,6.603861E-4,0.16315417,0.012405419,0.14692575,0.004950169
375316653866487564,5974560539670861952,0.5973201,2273.742910082925,0.21146474943299282,1.1079691E-5,12.067925,0.0032892234,0.24009423,0.0010537443,0.033248257,0.0024748815,0.21324562,0.0078568095,null,null,null,null,null,null,0.04223131,0.004513243,0.24009423,0.0010537443,"ONEGAUSSIAN_WITH_ELLIPSOIDAL",6,65.12703,0.24009423,0.0010537443,0.18619023,0.013859336,0.29770818,0.00893889,null,null,null,null,null,null
375316653866487564,5974561128084620928,0.5392166,2254.6681851154153,0.30576353356655933,2.1092073E-5,14.625867,0.0026373789,0.25376788,0.0051987353,0.029204184,0.0033630165,0.28616074,0.038007997,null,null,null,null,null,null,0.008807182,0.004866772,0.25376788,0.0051987353,"ONEGAUSSIAN_WITH_ELLIPSOIDAL",6,49.52338,0.25376788,0.0051987353,0.16354343,0.018832892,0.30377507,0.035033673,null,null,null,null,null,null
375316653866487564,5974563155306075520,0.48570517,2187.6760687329793,2.7641714848913943,4.2520936E-5,19.209343,0.43940702,0.27758414,0.008199276,0.12412543,0.09172471,0.2532066,0.4323793,0.7559864,0.011699983,0.1000984,0.04373276,0.25737554,0.34412783,null,null,null,null,"TWOGAUSSIANS",8,3.2611952,0.7559864,0.011699983,0.4,0.0,0.22371984,0.021752195,0.27759415,0.0077964193,0.4,0.0,0.21936639,0.021147005
375316653866487564,5974563872566227072,0.49809024,2244.3720687027353,1.7766813149803504,3.622953E-5,18.70982,0.0151025895,0.22855996,0.0144366855,0.09469675,0.020501886,0.10259085,0.017375324,0.7181174,0.0032574052,0.0666585,0.0051971367,0.24491121,0.017265826,null,null,null,null,"TWOGAUSSIANS",8,3.1329339,0.7181174,0.0032574052,0.3732876,0.029103965,0.24300551,0.014779989,0.22855996,0.0144366855,0.4,0.0,0.10068493,0.015350293
375316653866487564,5974568648569114752,0.71057385,2236.2177764311873,0.8930813283716099,2.9686858E-5,12.454963,3.977197E-4,0.634547,0.0042876955,0.05611591,0.0018790977,0.29645348,0.030052455,0.91567624,0.0077881776,0.010146426,0.008419302,0.006760412,9.868321,null,null,null,null,"TWOGAUSSIANS",8,7.514733,0.634547,0.0042876955,0.3142491,0.010522947,0.29645348,0.030052455,0.91567624,0.0077881776,0.056819983,0.047148094,0.006761464,9.868321
375316653866487564,5974575868412200576,0.5102666,2254.4719132613345,2.6924028327488596,4.2952248E-5,18.591621,0.037171267,0.27149037,0.0055870255,0.08351793,0.009586418,0.3886611,0.0439543,0.7598432,0.008370853,0.09904549,0.019691808,0.31822455,0.0331481,null,null,null,null,"TWOGAUSSIANS",8,10.678936,0.27149037,0.0055881334,0.4,0.0,0.37500754,0.035365015,0.7598432,0.008370853,0.4,0.0,0.3045688,0.029972237
375316653866487564,5974576276431370112,0.6359896,2227.6172435958783,4.055424779110742,4.0569953E-6,17.581638,0.0065217563,0.33951858,0.0018225919,0.0742352,0.0030838076,0.55431294,0.015284829,0.83358765,0.0019184361,0.07111875,0.002061173,0.58167475,0.006400205,null,null,null,null,"TWOGAUSSIANS",8,5.678979,0.83358765,0.0019184361,0.39826497,0.009416785,0.5790194,0.005959409,0.33951858,0.0018225919,0.4,0.0,0.5516577,0.015600026
375316653866487564,5974576310799301888,0.48851487,2225.256409189472,3.00967553828013,2.3545535E-5,19.339827,0.013137111,0.21047181,0.0050423522,0.07818077,0.0143111395,0.23722604,0.106795974,0.70488983,0.0027210978,0.07577831,0.011260807,0.2185358,0.05087635,null,null,null,null,"TWOGAUSSIANS",8,1.1993077,0.21047181,0.0050423522,0.4,0.03649096,0.23515154,0.10804988,0.70488983,0.0027210978,0.4,0.020838346,0.2164613,0.05185587
375316653866487564,5974580949355895936,0.6103497,2270.9064291843333,3.3714410161785184,1.0322029E-5,18.402184,0.009593728,0.19698021,0.002197467,0.06734845,0.0023148614,0.72227913,0.018770855,0.69031197,0.0054001934,0.07578612,0.0038534875,0.5220797,0.024885334,null,null,null,null,"TWOGAUSSIANS",8,4.5550337,0.19698021,0.002197467,0.3771513,0.012963224,0.71997476,0.018754264,0.69031197,0.0054001934,0.4,0.0,0.51977533,0.02494453
375316653866487564,5974581228531879168,0.58928066,2252.3717254077956,2.5975443118686803,1.0623661E-5,16.95623,0.021407798,0.25224236,0.007008763,0.10262643,0.013668022,0.24312006,0.021244623,0.75645244,0.0023732504,0.09056822,0.0076799067,0.294,0.019083085,null,null,null,null,"TWOGAUSSIANS",8,6.4425097,0.75645244,0.0023732504,0.4,0.0,0.2764358,0.008015479,0.25224236,0.007008763,0.4,0.0,0.22555251,0.014499216
375316653866487564,5974581396032478336,0.54931754,2290.322762851675,3.981784724024422,1.0915701E-5,18.22691,0.002954336,0.106308445,2.1486398E-5,0.013878651,2.645267E-4,0.801834,0.022154134,0.42916512,0.048321698,0.07194804,0.032526895,0.023666134,0.006258474,null,null,null,null,"TWOGAUSSIANS",8,1.5690945,0.106308445,2.1486398E-5,0.07772044,0.0014813495,0.801835,0.022154817,0.42916512,0.048321698,0.4,0.16506696,0.023666134,0.006258474
375316653866487564,5974581469050029696,0.5093234,2222.4133252453075,3.1646800211988806,2.3460054E-5,19.712708,0.028811252,0.25447407,0.01125288,0.062862605,0.020725803,0.45605168,0.1588321,0.7563024,0.005864174,0.06580583,0.007633315,0.50329626,0.049088996,null,null,null,null,"TWOGAUSSIANS",8,3.2101243,0.7563024,0.005864174,0.36851263,0.042746563,0.50281894,0.04906769,0.25447407,0.01125288,0.35203058,0.07060472,0.45557436,0.1608296
375316653866487564,5974582564272968576,0.5552492,2236.6075173523896,3.1234293270837523,1.754452E-5,19.48398,0.019133193,0.32382298,0.012303168,0.08212215,0.012432097,0.3656751,0.025510013,0.83312833,0.0032001992,0.088393435,0.00692075,0.3126089,0.019892896,null,null,null,null,"TWOGAUSSIANS",8,1.0521508,0.32382298,0.012303168,0.4,0.0,0.35789576,0.023282845,0.83312833,0.0032001992,0.4,0.0,0.3048295,0.01659167
375316653866487564,5974584282250743552,0.49743685,2246.829847350827,1.467041148586056,2.0114232E-5,16.806381,0.008197343,0.32527936,0.031011565,0.11402115,0.05104715,0.031102592,0.007962141,0.6504975,1.866787E-4,0.008777508,3.88412E-4,0.1484272,0.006068291,null,null,null,null,"TWOGAUSSIANS",8,8.506696,0.6504975,1.866787E-4,0.04915404,0.0021751074,0.14895543,0.007098483,0.32527936,0.031011565,0.4,0.0046490515,0.031098438,0.007936872
375316653866487564,5974588718985819392,0.6442779,2276.8551570380964,1.8375346752625838,1.1909587E-5,10.126113,0.0045078825,0.23221207,0.0020905898,0.091794565,0.004585577,0.17019479,0.0033996655,0.7308475,0.023390839,0.08896445,0.016922472,0.11359618,0.009197505,null,null,null,null,"TWOGAUSSIANS",8,18.124207,0.23221207,0.0020905898,0.4,0.0,0.16425407,0.004876574,0.7308475,0.023390839,0.4,0.0,0.107655555,0.0058081714
375316653866487564,5974590677454039808,0.5304071,2238.895531412423,2.5514591944243796,1.4496088E-5,19.468283,0.033136696,0.28836176,0.003757138,0.0924881,0.010447902,0.46139023,0.023137117,0.8035314,0.0027394502,0.0860229,0.015594582,0.44174293,0.096255906,null,null,null,null,"TWOGAUSSIANS",8,1.2894604,0.28836176,0.003757138,0.4,0.0,0.44735625,0.013700035,0.8035314,0.0027394502,0.4,0.0,0.4277095,0.10577097
375316653866487564,5974592567276145152,0.55127877,2304.702996964602,0.3776782334576061,1.4628548E-5,16.648165,0.008923187,0.2682235,0.03580864,0.03972743,0.013526818,1.878572,1.1979365,0.7640714,0.00876338,0.029889636,0.009586525,0.115252435,0.094202496,0.019451564,0.011104561,0.2682235,0.03580864,"TWOGAUSSIANS_WITH_ELLIPSOIDAL_ON_ECLIPSE1",9,47.872593,0.2682235,0.03580864,0.2224736,0.07575018,1.917475,1.1969403,0.7641714,0.008333743,0.16738196,0.05368454,0.15412964,0.099326715
375316653866487564,5974592979565748736,0.4831534,2408.868913324768,1.84033121174182,4.7584734E-4,19.685392,0.11027254,0.31779465,0.04083021,0.20777975,0.17665108,0.17026252,0.076367676,0.67594725,0.053173777,0.06572239,0.02229089,0.6794775,0.59079766,null,null,null,null,"TWOGAUSSIANS",8,2.6507783,0.67594725,0.053173777,0.3680454,0.11379558,0.69180906,0.59187126,0.31780463,0.040814955,0.4,0.0,0.1426133,0.042976893
375316653866487564,5974594044745232000,0.5460916,2341.5179639879116,2.0094602485243334,5.3867784E-6,13.397706,9.162195E-4,0.35410962,2.1742267E-4,0.0369232,6.9640117E-4,0.085414805,0.0030895506,0.86500365,0.0040427377,0.061073273,0.00536948,0.032287907,0.006192394,null,null,null,null,"TWOGAUSSIANS",8,3.6783316,0.35410962,2.1742267E-4,0.20676993,0.0038998467,0.08541469,0.0030895458,0.86500365,0.0040427377,0.34201032,0.030069089,0.032287795,0.0061924765
375316653866487564,5974595212940953728,0.4944833,2251.5285650034602,1.1798214034330083,1.021633E-5,18.734537,0.04106027,0.34715506,0.0014229738,0.027240671,0.0020779748,0.7064203,0.05452207,0.8710353,0.014140421,0.05486017,0.027285809,0.34555683,0.041353267,null,null,null,null,"TWOGAUSSIANS",8,17.822668,0.34715506,0.0014229738,0.15254776,0.011636659,0.7064203,0.054521445,0.8710353,0.014140421,0.30721694,0.13558102,0.34555683,0.041353635
375316653866487564,5974596656048432384,0.4973371,2213.319241406551,0.30264687579480265,4.6474693E-6,19.807846,0.01907478,0.4155414,0.006692709,0.01952051,0.0066057076,1.0338318,0.6604038,0.9176141,0.0022697381,0.015959563,0.0013027694,1.5939641,0.3483459,null,null,null,null,"TWOGAUSSIANS",8,5.3862653,0.9176141,0.0022697381,0.08937355,0.007295509,1.5939641,0.3483459,0.4155414,0.006692709,0.10931486,0.03699196,1.0338318,0.6604038
375316653866487564,5974596862207093632,0.51542926,2241.8087732995823,1.290480274964782,3.8344755E-5,18.834743,0.016329937,0.2873138,0.02090653,0.056054063,0.012956813,0.41884133,0.10704683,0.76816887,0.0063173887,0.040991597,0.005553834,0.47492546,0.028431378,null,null,null,null,"TWOGAUSSIANS",8,14.028105,0.76816887,0.0063173887,0.22955294,0.031101473,0.47492495,0.028431583,0.2873138,0.02090653,0.31390274,0.07255816,0.4188408,0.10704697
375316653866487564,5974597102725334016,0.5325978,2249.6605520278,4.923961467047536,1.6346812E-5,16.882938,0.0023187953,0.22940034,0.038855005,0.014258529,0.011917969,0.024279376,0.13008897,0.74196726,4.869561E-4,0.009047756,4.4219766E-4,0.22956838,0.0067803757,null,null,null,null,"TWOGAUSSIANS",8,4.983346,0.74196726,4.869561E-4,0.050667435,0.0024763069,0.22956838,0.0067803757,0.22940034,0.038855005,0.07984776,0.06674063,0.024279376,0.13008897
375316653866487564,5974599164309826816,0.6478758,2231.024101662997,2.3249409057536368,8.766744E-6,16.456545,0.011601047,0.29314575,0.0031994137,0.042934444,0.00717094,0.20293124,0.028074414,0.7918595,0.019027557,0.052239273,0.016498068,0.1569355,0.030230947,0.119545154,0.014772161,0.29314575,0.0031994137,"TWOGAUSSIANS_WITH_ELLIPSOIDAL_ON_ECLIPSE1",9,12.539167,0.29314575,0.0031994137,0.24043289,0.040157262,0.44201994,0.016951907,0.79217947,0.016684536,0.29253992,0.09238918,0.39601246,0.021889504
375316653866487564,5974599370468516224,0.5065307,2303.361327609714,0.9653187272974272,3.6233527E-5,18.813206,0.016656214,0.32601672,0.008112099,0.043149404,0.008699275,0.25712082,0.03408631,0.8479204,0.018373583,0.08601965,0.022742966,0.08209807,0.02609738,null,null,null,null,"TWOGAUSSIANS",8,2.248122,0.32601672,0.008112099,0.24163666,0.048715938,0.25705752,0.034030113,0.8479204,0.018373583,0.4,0.0,0.08203474,0.02606273
375316653866487564,5974599400534945280,0.5740448,2224.132924356841,2.576391785407576,1.1996341E-5,18.163332,0.01611617,0.31071028,0.0036000612,0.044813752,0.007953984,0.30679977,0.044624858,0.8283144,0.011084387,0.041983332,0.009568106,0.22626607,0.04402101,0.14372338,0.03283906,0.31071028,0.0036000612,"TWOGAUSSIANS_WITH_ELLIPSOIDAL_ON_ECLIPSE1",9,9.97655,0.31071028,0.0036000612,0.250957,0.04454231,0.5942462,0.02717548,0.8283144,0.011084387,0.23510665,0.053581394,0.51021004,0.023267403
375316653866487564,5974599473547372544,0.5321911,2235.505077046836,2.452797171580013,1.2858757E-5,18.854937,0.05214317,0.3006365,0.003573494,0.10065985,0.015592092,0.3528862,0.042660944,0.80965203,0.028996503,0.11325673,0.036466483,0.24486943,0.089944236,null,null,null,null,"TWOGAUSSIANS",8,2.3600054,0.3006265,0.0035934157,0.4,0.0,0.31889868,0.018689997,0.80965203,0.029004002,0.4,0.0,0.21085493,0.09297358
375316653866487564,5974599679706023168,0.6520091,2217.4977614232566,0.30706659360871363,1.9246577E-4,17.241934,0.0041220766,0.74137187,0.09631554,0.04687909,0.04386396,0.74358094,0.30893055,null,null,null,null,null,null,null,null,null,null,"ONEGAUSSIAN",5,4.4501123,0.74137187,0.09631554,0.2625229,0.1828078,0.74358094,0.0,null,null,null,null,null,null
375316653866487564,5974600538699900544,0.5544924,2218.4405777080774,1.9152442947141624,2.4462961E-5,18.026697,0.03731271,0.22427277,0.003518846,0.10206863,0.0118377,0.24209082,0.036140945,0.7149096,0.011233204,0.11213068,0.030449316,0.2053032,0.029461574,null,null,null,null,"TWOGAUSSIANS",8,3.511668,0.22428279,0.0034736476,0.4,0.0,0.21590775,0.010492368,0.7149096,0.011233204,0.4,0.0,0.17910233,0.03148542
375316653866487564,5974600706217364608,0.6330176,2208.654237113753,1.3453435535585616,6.283577E-6,16.531908,0.005091594,0.5967742,0.076163694,0.09125512,0.076409064,0.011804321,0.01078374,0.36654255,0.0017060695,0.053956956,0.0016521307,0.4049927,0.0096985465,null,null,null,null,"TWOGAUSSIANS",8,12.057741,0.36664253,0.0015759745,0.30215895,0.009251933,0.4054829,0.009952256,0.59358424,0.46571314,0.4,0.1848081,0.011854948,0.7907925
