Gaia/vari_eclipsing_binary/VariEclipsingBinary_487225-487306.csv
# %ECSV 1.0
# ---
# delimiter: ','
# meta: !!omap
# - RELEASE: Gaia DR3
# - TABLE: vari_eclipsing_binary
# - DESCRIPTION: >
#     This table describes the properties of the eclipsing binaries resulting from the variability analysis. 
# - CITATION: >
#     How to cite and acknowledge Gaia: 
#     https://gea.esac.esa.int/archive/documentation/credits.html 
# - KNOWN_ISSUES: >
#     Known issues: 
#     https://www.cosmos.esa.int/web/gaia-users/known-issues 
# - DOCUMENTATION: >
#     Tutorials and documentation: 
#     https://www.cosmos.esa.int/web/gaia-users/archive 
# datatype:
# - 
#   name: solution_id
#   datatype: int64
#   description: Solution Identifier
#   meta:
#     ucd: meta.version
# - 
#   name: source_id
#   datatype: int64
#   description: Unique source identifier
#   meta:
#     ucd: meta.id;meta.main
# - 
#   name: global_ranking
#   datatype: float32
#   description: Number between 0 (worst) and 1 (best)
#   meta:
#     ucd: stat.param
# - 
#   name: reference_time
#   datatype: float64
#   unit: d
#   description: Reference time used for the geometric model fit
#   meta:
#     ucd: time.epoch
# - 
#   name: frequency
#   datatype: float64
#   unit: d**-1
#   description: Frequency of geometric model of the eclipsing binary light curve
#   meta:
#     ucd: src.orbital
# - 
#   name: frequency_error
#   datatype: float32
#   unit: d**-1
#   description: "Uncertainty of \\texttt{frequency}"
#   meta:
#     ucd: stat.error
# - 
#   name: geom_model_reference_level
#   datatype: float32
#   unit: mag
#   description: Magnitude reference level of geometric model
#   meta:
#     ucd: phot.mag;em.opt
# - 
#   name: geom_model_reference_level_error
#   datatype: float32
#   unit: mag
#   description: "Uncertainty of \\texttt{geomModelReferenceLevel}"
#   meta:
#     ucd: stat.error;phot.mag;em.opt
# - 
#   name: geom_model_gaussian1_phase
#   datatype: float32
#   description: Phase of the Gaussian 1 component
#   meta:
#     ucd: time.phase
# - 
#   name: geom_model_gaussian1_phase_error
#   datatype: float32
#   description: "Uncertainty of \\texttt{geomModelGaussian1Phase}"
#   meta:
#     ucd: stat.error;time.phase
# - 
#   name: geom_model_gaussian1_sigma
#   datatype: float32
#   description: "Standard deviation [phase] of Gaussian 1 component"
#   meta:
#     ucd: stat.stdev
# - 
#   name: geom_model_gaussian1_sigma_error
#   datatype: float32
#   description: "Uncertainty of \\texttt{geomModelGaussian1Sigma}"
#   meta:
#     ucd: stat.error
# - 
#   name: geom_model_gaussian1_depth
#   datatype: float32
#   unit: mag
#   description: Magnitude depth of Gaussian 1 component
#   meta:
#     ucd: src.var.amplitude
# - 
#   name: geom_model_gaussian1_depth_error
#   datatype: float32
#   unit: mag
#   description: "Uncertainty of \\texttt{geomModelGaussian1Depth}"
#   meta:
#     ucd: stat.error;src.var.amplitude
# - 
#   name: geom_model_gaussian2_phase
#   datatype: float32
#   description: Phase of Gaussian 2 component
#   meta:
#     ucd: time.phase
# - 
#   name: geom_model_gaussian2_phase_error
#   datatype: float32
#   description: "Uncertainty of \\texttt{geomModelGaussian2Phase}"
#   meta:
#     ucd: stat.error;time.phase
# - 
#   name: geom_model_gaussian2_sigma
#   datatype: float32
[...]
#   datatype: float32
#   description: "Secondary eclipse: uncertainty of \\texttt{derivedSecondaryEclDuration}"
#   meta:
#     ucd: stat.error;time.duration
# - 
#   name: derived_secondary_ecl_depth
#   datatype: float32
#   unit: mag
#   description: "Secondary eclipse: depth"
#   meta:
#     ucd: src.var.amplitude
# - 
#   name: derived_secondary_ecl_depth_error
#   datatype: float32
#   unit: mag
#   description: "Secondary eclipse: uncertainty of \\texttt{derivedSecondaryEclDepth}"
#   meta:
#     ucd: stat.error;src.var.amplitude
solution_id,source_id,global_ranking,reference_time,frequency,frequency_error,geom_model_reference_level,geom_model_reference_level_error,geom_model_gaussian1_phase,geom_model_gaussian1_phase_error,geom_model_gaussian1_sigma,geom_model_gaussian1_sigma_error,geom_model_gaussian1_depth,geom_model_gaussian1_depth_error,geom_model_gaussian2_phase,geom_model_gaussian2_phase_error,geom_model_gaussian2_sigma,geom_model_gaussian2_sigma_error,geom_model_gaussian2_depth,geom_model_gaussian2_depth_error,geom_model_cosine_half_period_amplitude,geom_model_cosine_half_period_amplitude_error,geom_model_cosine_half_period_phase,geom_model_cosine_half_period_phase_error,model_type,num_model_parameters,reduced_chi2,derived_primary_ecl_phase,derived_primary_ecl_phase_error,derived_primary_ecl_duration,derived_primary_ecl_duration_error,derived_primary_ecl_depth,derived_primary_ecl_depth_error,derived_secondary_ecl_phase,derived_secondary_ecl_phase_error,derived_secondary_ecl_duration,derived_secondary_ecl_duration_error,derived_secondary_ecl_depth,derived_secondary_ecl_depth_error
[from data line 225]
375316653866487564,4286242022712411008,0.47583258,2196.8857268202332,1.8001607410185825,3.3837125E-5,13.431888,0.0023020187,0.1936659,0.033146437,0.03925762,0.049869154,0.015495057,104.57237,0.38725373,0.019174658,0.009247126,0.016723525,0.18511716,0.14750274,null,null,null,null,"TWOGAUSSIANS",8,40.63027,0.38725373,0.019174658,0.05178391,0.09365174,0.18511723,0.14753695,0.1936659,0.033146437,0.21984267,0.27679172,0.015495057,104.57237
375316653866487564,4286245488734401024,0.5447574,2201.7303149118816,1.4857914832994963,5.0549108E-5,18.820814,0.007184466,0.2928864,0.016941668,0.08636394,0.013844901,0.13615178,0.015494209,0.81653255,0.009937895,0.036351036,0.013110313,0.25144908,0.10445468,null,null,null,null,"TWOGAUSSIANS",8,1.4016403,0.81653255,0.009937895,0.20356579,0.07341775,0.25141618,0.10451424,0.2928864,0.016941668,0.4,0.0,0.13611884,0.015476085
375316653866487564,4286246248960758912,0.6025687,2190.9960868758285,2.368555104369277,1.8081606E-5,16.5431,0.007030255,0.48543745,0.0027562995,0.010188789,0.0012269805,0.21794645,0.03244965,0.74490285,0.08397863,0.15205172,0.1629512,0.011524439,0.005142536,null,null,null,null,"TWOGAUSSIANS",8,2.6348464,0.48544744,0.0027534624,0.057057217,0.0068710903,0.22053057,0.03292711,0.74490285,0.08397863,0.4,0.13350624,0.011421023,0.002767375
375316653866487564,4286246760046967424,0.49759063,2132.988781987378,3.591490541080728,2.5712363E-5,19.445814,0.027413948,0.268146,0.00550838,0.07025497,0.015553493,0.5264484,0.08907032,0.76168543,0.008367559,0.073659055,0.013579453,0.47325087,0.061457917,null,null,null,null,"TWOGAUSSIANS",8,6.307586,0.268146,0.00550838,0.39342782,0.05889579,0.5244105,0.092877634,0.76168543,0.008367559,0.4,0.028460491,0.47121295,0.062489863
375316653866487564,4286246931845670912,0.51329833,2124.843579761636,2.1594078680488566,1.5171371E-5,19.71321,0.012629226,0.2659478,0.0035712414,0.043327946,0.0035342241,0.5388644,0.0218531,0.77477056,0.011265777,0.042011138,0.013790836,0.20264296,0.0682184,null,null,null,null,"TWOGAUSSIANS",8,2.5338387,0.2659478,0.0035712414,0.24263649,0.019791655,0.5388643,0.02185308,0.77477056,0.011265777,0.23526236,0.07722868,0.20264295,0.068218574
375316653866487564,4286249302663754112,0.49489695,2249.261039253456,4.822223671172436,4.0925304E-5,19.046577,0.039227698,0.53040195,0.02871671,0.07964307,0.06874704,0.20091085,17.26816,0.8961517,0.02277094,0.035186943,0.020365356,0.45566714,6.163599,null,null,null,null,"TWOGAUSSIANS",8,7.7304497,0.8961517,0.02277094,0.19704689,0.114045985,0.45567232,6.1635647,0.53040195,0.02871671,0.4,0.23453075,0.20091073,17.268164
375316653866487564,4286249616203696896,0.50018793,2235.5576556344467,1.638155607115167,1.8386003E-5,19.183056,0.028225599,0.3382374,0.02553626,0.05134353,0.066845216,0.25485063,0.16430339,0.8398871,0.0074135666,0.051265355,0.01679772,0.1494148,0.020073265,null,null,null,null,"TWOGAUSSIANS",8,1.8321482,0.3382374,0.02553626,0.28752378,0.14081873,0.2548481,0.1678567,0.8398871,0.0074135666,0.28708598,0.09406722,0.14941227,0.0183365
375316653866487564,4286250024218381952,0.6414518,2188.7074185026577,1.1756178070625987,4.7094054E-6,18.124195,0.008089601,0.3803026,0.0045212046,0.09822006,0.007206032,0.261352,0.016771156,0.8806063,0.011295854,0.06886729,0.0063369297,0.6534095,0.044709712,null,null,null,null,"TWOGAUSSIANS",8,1.8554626,0.8806063,0.011295854,0.3856568,0.01862201,0.6451248,0.04219136,0.3803026,0.0045212046,0.4,0.0,0.25306612,0.018122857
375316653866487564,4286250264736582400,0.5756168,2194.3792268353636,2.2701381581360827,1.29843265E-5,19.360525,0.014049783,0.22339758,0.005459141,0.072914205,0.0071591474,0.5312319,0.07415334,0.73304844,0.0046452014,0.077572085,0.0045034257,0.6179191,0.035493366,null,null,null,null,"TWOGAUSSIANS",8,2.7334106,0.73304844,0.0046452014,0.4,0.0,0.6142096,0.035479385,0.22339758,0.005459141,0.4,0.019053325,0.52752244,0.075745694
375316653866487564,4286251742205353344,0.4862053,2207.6109231012247,2.104400147636028,1.3228894E-5,19.085144,0.02963728,0.25293705,0.013737417,0.114385195,0.020333113,0.19533463,0.028286524,0.7295294,0.006631171,0.113070406,0.017147299,0.19081366,0.026424564,null,null,null,null,"TWOGAUSSIANS",8,1.6643813,0.25298706,0.013725686,0.4,0.0,0.16801868,0.016730597,0.7295294,0.006631171,0.4,0.0,0.16350572,0.014985858
375316653866487564,4286255319931523072,0.52661216,2237.941177439648,0.10148399349225605,2.3007195E-5,16.298656,0.008449005,0.4175497,0.016215507,0.0115353875,0.024611471,0.8111022,0.9517335,0.75061846,0.012859679,0.064138666,0.008698881,0.112988874,0.014176151,0.040583063,0.018642455,0.4175497,0.016215507,"TWOGAUSSIANS_WITH_ELLIPSOIDAL_ON_ECLIPSE1",9,24.950232,0.4175497,0.016215507,0.06459817,0.13782424,0.89226806,0.96586144,0.76914847,0.009627456,0.35917652,0.04871373,0.13719018,0.015639117
375316653866487564,4286257450235207424,0.64558846,2176.945921104964,1.965035981950475,7.314793E-6,17.263462,0.011063007,0.28661597,0.003002518,0.08225172,0.0036558695,0.5233572,0.015362823,0.7821856,0.0036452843,0.07679072,0.006004865,0.52932304,0.023113625,null,null,null,null,"TWOGAUSSIANS",8,6.9221506,0.7821856,0.0036452843,0.4,0.0,0.522444,0.025153702,0.28661597,0.003002518,0.4,0.0,0.5164782,0.014685879
375316653866487564,4286258206149480064,0.53984666,2173.318121456338,2.098731035185661,1.8036813E-5,14.675154,0.047248207,0.23709206,0.0018690659,0.15721123,0.008893389,0.53887975,0.05885644,0.73338085,0.0025472692,0.2702943,0.021560572,0.8173768,0.048795737,null,null,null,null,"TWOGAUSSIANS",8,28.245012,0.24012206,0.0015551735,0.4,0.0,0.13849047,0.006254268,0.73338085,0.0025472692,0.4,0.0,0.13008891,0.0021687131
375316653866487564,4286259232633096576,0.4932333,2135.988242033824,2.781530832858488,3.4907844E-5,19.479513,0.02470502,0.21327555,0.004154142,0.094703555,0.012279886,0.2619664,0.021877917,0.70226973,0.013884594,0.09316906,0.015974665,0.29623565,0.042823408,null,null,null,null,"TWOGAUSSIANS",8,2.0282521,0.70226973,0.013884594,0.4,0.0,0.28246036,0.040890675,0.21327555,0.004154142,0.4,0.0,0.24819095,0.018827524
375316653866487564,4286259576227485312,0.59549445,2160.1736102762593,2.2624347056669345,1.0921804E-5,17.490738,0.019852944,0.16321121,0.0026727873,0.088441044,0.0058800997,0.29324964,0.020884734,0.65470487,0.006805427,0.098864906,0.01229886,0.26638448,0.02180403,null,null,null,null,"TWOGAUSSIANS",8,3.7211092,0.16321121,0.0026727873,0.4,0.0,0.27929568,0.011826027,0.65470487,0.006805427,0.4,0.0,0.25242898,0.016734209
375316653866487564,4286260576971457024,0.6013135,2148.749342724309,2.1908983407576392,9.024682E-6,17.720163,0.02135198,0.25208083,0.0038738581,0.10331409,0.011200966,0.27973396,0.017627418,0.75179803,0.0041566044,0.09965874,0.009428094,0.28171653,0.02084925,null,null,null,null,"TWOGAUSSIANS",8,2.2713811,0.75179803,0.0041566044,0.4,0.0,0.2548045,0.0065373587,0.25208083,0.0038738581,0.4,0.0,0.2528193,0.017089617
375316653866487564,4286261500371254400,0.55388755,2168.1866891393897,3.285070005733125,3.7255086E-5,19.350637,0.011407957,0.23695351,0.011802954,0.05572522,0.011722249,0.23424126,0.017354347,0.7392896,0.013805664,0.06598172,0.016082749,0.22589174,0.022487571,null,null,null,null,"TWOGAUSSIANS",8,0.95549154,0.23695351,0.011802954,0.31206122,0.06564459,0.23414981,0.017256334,0.7392896,0.013805664,0.36949766,0.09006339,0.22580028,0.022493597
375316653866487564,4286263119592229248,0.5588278,2182.3860246770055,2.815026040104323,1.645115E-5,14.767081,0.037341107,0.258914,0.004619394,0.082068555,0.008710609,0.44341063,0.0416694,0.74010044,0.021102047,0.09382636,0.017731586,0.42941844,0.060967624,null,null,null,null,"TWOGAUSSIANS",8,580.62744,0.258914,0.004619394,0.4,0.0,0.43218938,0.03572079,0.74010044,0.021102047,0.4,0.0,0.41819626,0.057780687
375316653866487564,4286263630676803712,0.49186176,2163.8401927058044,2.765943044355757,2.4602286E-5,18.614542,0.5326634,0.26713872,0.010009705,0.20971262,0.11247257,0.734349,0.5233892,0.7685056,0.0064239246,0.14710273,0.04738597,0.6367663,0.44593212,null,null,null,null,"TWOGAUSSIANS",8,4.892857,0.2669587,0.010035721,0.4,0.0,0.2311915,0.018933067,0.76911557,0.0062029366,0.4,0.0,0.2152726,0.036289357
375316653866487564,4286264012945386752,0.58421856,2165.03891011486,1.0445743720439182,1.0300977E-5,14.447578,0.024775347,0.3010786,0.0021553538,0.102348365,0.009062222,0.2941314,0.02238168,0.77907336,0.005330716,0.096675634,0.010754326,0.34920645,0.024733948,null,null,null,null,"TWOGAUSSIANS",8,84.26585,0.77907336,0.005330716,0.4,0.0,0.32873237,0.022216061,0.3010786,0.0021539629,0.4,0.0,0.27365312,0.0113317035
375316653866487564,4286265078086715136,0.5558064,2118.194447035326,3.2585785335201636,4.7230027E-5,19.680328,0.008861305,0.25702143,0.007938192,0.067804694,0.0050251586,0.7341337,0.018344413,0.7472549,0.008757222,0.06367997,0.012551671,0.5351578,0.1075896,null,null,null,null,"TWOGAUSSIANS",8,1.5541315,0.25702143,0.007938192,0.37970626,0.028140888,0.7334484,0.017995585,0.7472549,0.008757222,0.35660782,0.058254592,0.53447247,0.10884717
375316653866487564,4286265657901953024,0.5155967,2180.9829322070036,2.26447942550925,1.4709884E-5,18.534187,0.03503883,0.28517503,0.005027729,0.10751754,0.012947865,0.3000606,0.034599654,0.79461646,0.004593603,0.09369808,0.0133847045,0.34851232,0.022595825,null,null,null,null,"TWOGAUSSIANS",8,4.348702,0.7946265,0.004587425,0.4,0.0,0.32253993,0.021921761,0.28517503,0.005027729,0.4,0.0,0.27407566,0.015087761
375316653866487564,4286265692261707008,0.61074424,2161.4175637711046,1.9934172616658685,1.0423044E-4,14.969456,0.0019714218,0.23594567,0.008119012,0.010942947,0.0059865816,0.22896625,41.64515,0.72646296,0.0143824285,0.043122422,0.006690914,0.47443637,0.054463066,null,null,null,null,"TWOGAUSSIANS",8,33.431416,0.72646296,0.0143824285,0.24148555,0.03746912,0.47443637,0.054463066,0.23594567,0.008119012,0.061280508,0.033524856,0.22896625,41.64515
375316653866487564,4286266929211240448,0.5671842,2147.3280482530286,1.8652900495443467,1.3189973E-5,18.145555,0.007799811,0.23222901,0.0029078198,0.08075837,0.005922759,0.31499717,0.021819662,0.7347331,0.006688677,0.10074641,0.009158064,0.17451404,0.008769025,null,null,null,null,"TWOGAUSSIANS",8,1.3355321,0.23222901,0.0029078198,0.4,0.0,0.30534416,0.025041759,0.7347331,0.006688677,0.4,0.0,0.16485947,0.007512703
375316653866487564,4286267998675749760,0.4884132,2147.418843915565,1.6179869563113296,1.0073539E-5,16.129263,0.008847101,0.3114236,0.0045652017,0.042527065,0.006248996,0.32084382,0.02870552,0.82257205,0.005015889,0.049474493,0.008555085,0.30994773,0.11796293,0.0738882,0.017117342,0.82257205,0.005015889,"TWOGAUSSIANS_WITH_ELLIPSOIDAL_ON_ECLIPSE2",9,23.237957,0.31211358,0.004111386,0.23815157,0.03499438,0.4679399,0.026095284,0.82257205,0.005015889,0.27705714,0.047908477,0.45772323,0.11726442
375316653866487564,4286268647198531840,0.5476218,2123.8459316861004,1.243579171774021,2.4477931E-5,19.158564,0.0056315474,0.33729798,0.0035875223,0.06903038,0.0034398064,0.65441966,0.040061858,0.03946159,0.108155675,0.09703657,0.07287519,0.019926166,0.016035633,null,null,null,null,"TWOGAUSSIANS",8,3.2346227,0.33725798,0.0035693455,0.38657016,0.019262915,0.6545792,0.04028295,0.04143159,0.11552077,0.4,0.23676538,0.019969296,0.019334989
375316653866487564,4286268922081674368,0.5688961,2141.40773736888,2.1844622863921663,9.715731E-6,18.514305,0.007901665,0.26016992,0.0093598375,0.052353702,0.005836249,0.31158826,0.021185357,0.75032353,0.0017225071,0.07928668,0.0025895012,0.6578657,0.011978433,null,null,null,null,"TWOGAUSSIANS",8,6.381456,0.75032353,0.0017225071,0.4,0.0,0.6573369,0.011971512,0.26016992,0.0093598375,0.29318073,0.032682993,0.31105947,0.020681916
375316653866487564,4286269888461409152,0.56327134,2137.0262014758487,2.1194777603865718,8.432451E-5,16.748625,0.0063508465,0.23558505,0.042024985,0.029084468,0.07043688,0.8675988,1.1487627,0.727254,0.03156149,0.01983281,0.011255895,0.7567807,1.7819662,null,null,null,null,"TWOGAUSSIANS",8,11.359555,0.23558505,0.042024985,0.16287303,0.2703388,0.8675988,1.1487648,0.727254,0.03156149,0.11106374,0.06303301,0.7567807,1.7819663
375316653866487564,4286270300768664576,0.55657554,2042.5988418849486,3.2462947890107063,1.03938684E-4,19.66473,0.017278302,0.18354994,0.0063601416,0.067054056,0.008048765,0.5957761,0.0957428,0.6996129,0.005728627,0.05726611,0.009182458,1.0147457,0.2758786,null,null,null,null,"TWOGAUSSIANS",8,2.0588453,0.6996129,0.005728627,0.3206902,0.051421765,1.0144715,0.27650976,0.18354994,0.0063601416,0.3755027,0.04507309,0.59550196,0.09592674
375316653866487564,4286271675158320000,0.46405202,2098.467022152132,4.014485525551302,3.0458684E-4,19.116394,0.011677763,0.38639882,0.027213601,0.06902835,0.01683026,0.2947713,0.069400705,null,null,null,null,null,null,null,null,null,null,"ONEGAUSSIAN",5,4.320525,0.38639882,0.027213601,0.38655874,0.08358612,0.2947713,0.0,null,null,null,null,null,null
375316653866487564,4286272018765270144,0.5687992,2153.8950621188333,1.7163303603379811,9.679242E-6,15.829129,0.0024025121,0.36929902,0.0060871406,0.06726267,0.004364305,0.13578032,0.0064888783,0.8742912,0.003078777,0.061190818,0.0041466895,0.04537818,0.0026915208,null,null,null,null,"TWOGAUSSIANS",8,6.8707786,0.36929902,0.0060871406,0.376671,0.024440108,0.13571005,0.0064667496,0.8742912,0.003078777,0.3426686,0.023221461,0.0453079,0.0026585835
375316653866487564,4286273766804851328,0.4821479,2127.1502027631805,2.581384398685124,2.2321927E-5,18.580599,0.0040983856,0.3002753,0.006473795,0.023176875,0.03636715,0.076703005,0.03993377,0.7215777,0.0024660225,0.017738553,0.003277874,0.09837984,0.043340914,0.051606644,0.0055238274,0.3002753,0.006473795,"TWOGAUSSIANS_WITH_ELLIPSOIDAL_ON_ECLIPSE1",9,2.112436,0.3002753,0.006473795,0.1297905,0.20365603,0.17991608,0.04391509,0.7232977,0.0017230815,0.0993359,0.018356096,0.17881168,0.041693673
375316653866487564,4286273771111943936,0.5615126,2100.004735178748,0.7232403036579446,1.4458707E-5,15.481051,0.004908258,0.18851879,0.004493684,0.041182846,0.009460875,0.03298723,0.011651799,0.6825248,0.0016429152,0.046030946,0.0039344346,0.15270938,0.009341188,0.014527271,0.005984914,0.18851879,0.004493684,"TWOGAUSSIANS_WITH_ELLIPSOIDAL_ON_ECLIPSE1",9,11.608276,0.6827048,0.0015680649,0.25777328,0.022032835,0.18172386,0.0078051053,0.18851879,0.004493684,0.23062395,0.0529809,0.062041644,0.0031221486
375316653866487564,4286273835519467136,0.5391304,2089.3554730305223,0.5614529839409923,1.227933E-4,17.711172,0.003293414,0.4777723,0.0012469194,0.019860044,0.0029439072,2.665727,5.324416,0.789222,0.032669075,0.09244603,0.02246251,0.017548049,0.0049017267,null,null,null,null,"TWOGAUSSIANS",8,2.887391,0.4777723,0.0012469194,0.11121625,0.01648588,2.665787,5.324395,0.789222,0.032669075,0.4,0.0,0.017548032,0.004901775
375316653866487564,4286274488354735360,0.543525,2119.0679536682064,2.5175397581045957,1.7931841E-5,18.344713,0.010101812,0.27415034,0.0042313463,0.09417864,0.012795567,0.20110664,0.01631266,0.76811045,0.0049820445,0.082452625,0.007933841,0.17715728,0.010818178,null,null,null,null,"TWOGAUSSIANS",8,2.2251596,0.27415034,0.0042313463,0.4,0.0,0.19486213,0.019550841,0.76811045,0.0049820445,0.4,0.0,0.17091309,0.00859876
375316653866487564,4286276107574516352,0.6121542,2155.2110248902563,2.1369764119478885,7.097473E-6,17.125345,0.0023456619,0.27194038,0.0024940975,0.07192138,0.002674504,0.20128709,0.004060547,0.7722484,0.0014822305,0.06450492,0.0019461714,0.25570592,0.00884718,null,null,null,null,"TWOGAUSSIANS",8,3.0628316,0.7722484,0.0014822305,0.36122757,0.01089856,0.25516576,0.008901974,0.27194038,0.0024940975,0.4,0.0018677043,0.20074691,0.0040436992
