Gaia/vari_eclipsing_binary/VariEclipsingBinary_669550-669572.csv
# %ECSV 1.0
# ---
# delimiter: ','
# meta: !!omap
# - RELEASE: Gaia DR3
# - TABLE: vari_eclipsing_binary
# - DESCRIPTION: >
#     This table describes the properties of the eclipsing binaries resulting from the variability analysis. 
# - CITATION: >
#     How to cite and acknowledge Gaia: 
#     https://gea.esac.esa.int/archive/documentation/credits.html 
# - KNOWN_ISSUES: >
#     Known issues: 
#     https://www.cosmos.esa.int/web/gaia-users/known-issues 
# - DOCUMENTATION: >
#     Tutorials and documentation: 
#     https://www.cosmos.esa.int/web/gaia-users/archive 
# datatype:
# - 
#   name: solution_id
#   datatype: int64
#   description: Solution Identifier
#   meta:
#     ucd: meta.version
# - 
#   name: source_id
#   datatype: int64
#   description: Unique source identifier
#   meta:
#     ucd: meta.id;meta.main
# - 
#   name: global_ranking
#   datatype: float32
#   description: Number between 0 (worst) and 1 (best)
#   meta:
#     ucd: stat.param
# - 
#   name: reference_time
#   datatype: float64
#   unit: d
#   description: Reference time used for the geometric model fit
#   meta:
#     ucd: time.epoch
# - 
#   name: frequency
#   datatype: float64
#   unit: d**-1
#   description: Frequency of geometric model of the eclipsing binary light curve
#   meta:
#     ucd: src.orbital
# - 
#   name: frequency_error
#   datatype: float32
#   unit: d**-1
#   description: "Uncertainty of \\texttt{frequency}"
#   meta:
#     ucd: stat.error
# - 
#   name: geom_model_reference_level
#   datatype: float32
#   unit: mag
#   description: Magnitude reference level of geometric model
#   meta:
#     ucd: phot.mag;em.opt
# - 
#   name: geom_model_reference_level_error
#   datatype: float32
#   unit: mag
#   description: "Uncertainty of \\texttt{geomModelReferenceLevel}"
#   meta:
#     ucd: stat.error;phot.mag;em.opt
# - 
#   name: geom_model_gaussian1_phase
#   datatype: float32
#   description: Phase of the Gaussian 1 component
#   meta:
#     ucd: time.phase
# - 
#   name: geom_model_gaussian1_phase_error
#   datatype: float32
#   description: "Uncertainty of \\texttt{geomModelGaussian1Phase}"
#   meta:
#     ucd: stat.error;time.phase
# - 
#   name: geom_model_gaussian1_sigma
#   datatype: float32
#   description: "Standard deviation [phase] of Gaussian 1 component"
#   meta:
#     ucd: stat.stdev
# - 
#   name: geom_model_gaussian1_sigma_error
#   datatype: float32
#   description: "Uncertainty of \\texttt{geomModelGaussian1Sigma}"
#   meta:
#     ucd: stat.error
# - 
#   name: geom_model_gaussian1_depth
#   datatype: float32
#   unit: mag
#   description: Magnitude depth of Gaussian 1 component
#   meta:
#     ucd: src.var.amplitude
# - 
#   name: geom_model_gaussian1_depth_error
#   datatype: float32
#   unit: mag
#   description: "Uncertainty of \\texttt{geomModelGaussian1Depth}"
#   meta:
#     ucd: stat.error;src.var.amplitude
# - 
#   name: geom_model_gaussian2_phase
#   datatype: float32
#   description: Phase of Gaussian 2 component
#   meta:
#     ucd: time.phase
# - 
#   name: geom_model_gaussian2_phase_error
#   datatype: float32
#   description: "Uncertainty of \\texttt{geomModelGaussian2Phase}"
#   meta:
#     ucd: stat.error;time.phase
# - 
#   name: geom_model_gaussian2_sigma
#   datatype: float32
[...]
#   datatype: float32
#   description: "Secondary eclipse: uncertainty of \\texttt{derivedSecondaryEclDuration}"
#   meta:
#     ucd: stat.error;time.duration
# - 
#   name: derived_secondary_ecl_depth
#   datatype: float32
#   unit: mag
#   description: "Secondary eclipse: depth"
#   meta:
#     ucd: src.var.amplitude
# - 
#   name: derived_secondary_ecl_depth_error
#   datatype: float32
#   unit: mag
#   description: "Secondary eclipse: uncertainty of \\texttt{derivedSecondaryEclDepth}"
#   meta:
#     ucd: stat.error;src.var.amplitude
solution_id,source_id,global_ranking,reference_time,frequency,frequency_error,geom_model_reference_level,geom_model_reference_level_error,geom_model_gaussian1_phase,geom_model_gaussian1_phase_error,geom_model_gaussian1_sigma,geom_model_gaussian1_sigma_error,geom_model_gaussian1_depth,geom_model_gaussian1_depth_error,geom_model_gaussian2_phase,geom_model_gaussian2_phase_error,geom_model_gaussian2_sigma,geom_model_gaussian2_sigma_error,geom_model_gaussian2_depth,geom_model_gaussian2_depth_error,geom_model_cosine_half_period_amplitude,geom_model_cosine_half_period_amplitude_error,geom_model_cosine_half_period_phase,geom_model_cosine_half_period_phase_error,model_type,num_model_parameters,reduced_chi2,derived_primary_ecl_phase,derived_primary_ecl_phase_error,derived_primary_ecl_duration,derived_primary_ecl_duration_error,derived_primary_ecl_depth,derived_primary_ecl_depth_error,derived_secondary_ecl_phase,derived_secondary_ecl_phase_error,derived_secondary_ecl_duration,derived_secondary_ecl_duration_error,derived_secondary_ecl_depth,derived_secondary_ecl_depth_error
[from data line 333]
375316653866487564,5889524413459641728,0.5363856,2212.9463487072853,0.2719671486089358,3.6186616E-6,17.375463,0.0015111094,0.11335197,0.006281509,0.012682157,0.0017850605,0.41045842,0.1645227,0.6991108,0.007969339,0.022042667,0.015240404,0.027136054,0.013945146,null,null,null,null,"TWOGAUSSIANS",8,3.169884,0.11335197,0.006281509,0.071020074,0.009996339,0.41045842,0.1645227,0.6991108,0.007969339,0.12343894,0.08534627,0.027136054,0.013945146
375316653866487564,5889524555258767488,0.44041047,2203.629164552447,2.5312738590087656,6.0282466E-5,18.077452,0.03714384,0.24838594,0.014032135,0.094115175,0.04976581,0.07770995,0.033644155,0.7184004,0.009554018,0.10502331,0.023338895,0.113880895,0.037617743,null,null,null,null,"TWOGAUSSIANS",8,6.5034156,0.7184004,0.009554018,0.4,0.0,0.10838992,0.015519845,0.24840593,0.014066055,0.4,0.0,0.0722241,0.018157952
375316653866487564,5889524864496404992,0.51409405,2191.2696858217914,3.5206716508502796,1.0187693E-5,18.877222,0.020314712,0.3118073,0.0032286446,0.08406263,0.0074138707,0.32027408,0.019662471,0.7807583,0.004099674,0.10552606,0.010789525,0.28459674,0.019048518,null,null,null,null,"TWOGAUSSIANS",8,2.5629234,0.31181732,0.0032385362,0.4,0.0,0.30852497,0.013904311,0.7807583,0.004099674,0.4,0.0,0.27283213,0.016643774
375316653866487564,5889525238091607168,0.48218876,2149.305447942998,2.238666576320906,1.332378E-5,18.835264,0.012662498,0.32071742,0.0057591125,0.0896689,0.010168367,0.21626069,0.013532356,0.8144633,0.0065303794,0.09694312,0.010805111,0.15081196,0.01450293,null,null,null,null,"TWOGAUSSIANS",8,2.3749652,0.32071742,0.0057591125,0.4,0.0,0.20725366,0.011611799,0.8144633,0.0065303794,0.4,0.0,0.14180449,0.012343669
375316653866487564,5889525375534916736,0.5112014,2174.7819490011525,2.443118328844062,1.7661141E-5,18.145947,0.0032487225,0.47666976,0.01717591,0.06296444,0.013637223,0.27764642,0.047356777,null,null,null,null,null,null,null,null,null,null,"ONEGAUSSIAN",5,7.949636,0.47666976,0.01717591,0.35260087,0.07636845,0.27764642,0.0,null,null,null,null,null,null
375316653866487564,5889525787846337152,0.5385312,2183.4213489362105,3.326451491878412,1.7690032E-5,18.678806,0.05352877,0.24861263,0.005743261,0.11021974,0.02192616,0.22733153,0.051240124,0.75356895,0.009542677,0.111315064,0.026294902,0.25085476,0.045730315,null,null,null,null,"TWOGAUSSIANS",8,1.999242,0.7535789,0.009540643,0.4,0.0,0.2153157,0.016446168,0.24860263,0.0057384414,0.4,0.0,0.19179796,0.008556795
375316653866487564,5889526067087266944,0.49915433,2180.197288715318,0.2213770486910282,1.5431975E-5,18.541107,0.0060477396,0.2598639,6.9810194E-4,0.00851606,9.447638E-4,0.0885153,0.009180803,0.93692243,6.677618E-4,0.012946221,9.243047E-4,0.81720424,0.13991663,0.014311404,0.0053588455,0.2598639,6.9810194E-4,"TWOGAUSSIANS_WITH_ELLIPSOIDAL_ON_ECLIPSE1",9,6.6313467,0.93692243,6.677618E-4,0.072498836,0.0051761065,0.82280684,0.13952085,0.2598639,6.9810194E-4,0.047689937,0.005290677,0.11713798,0.009833472
375316653866487564,5889526238855384320,0.54761183,2113.7795883995955,2.9983910713975117,1.0297887E-5,19.216848,0.009501489,0.20437483,0.0040606926,0.07242396,0.0035185849,0.42564636,0.022682019,0.70261675,0.0023566543,0.0712278,0.004154299,0.39664656,0.0113640865,null,null,null,null,"TWOGAUSSIANS",8,2.6774414,0.20437483,0.0040606926,0.4,0.003886368,0.42380294,0.022576086,0.70261675,0.0023566543,0.39887565,0.015218386,0.39480314,0.011141518
375316653866487564,5889526616812442368,0.5362505,2128.2090634001133,0.20217621317542964,1.6976506E-5,19.881111,0.0077362764,0.3771083,0.011355663,0.046189606,0.0065483376,0.6307808,0.06613259,0.8317854,0.014384766,0.05080147,0.013288694,0.1742785,0.41486898,null,null,null,null,"TWOGAUSSIANS",8,1.1077508,0.3771083,0.011355663,0.25866178,0.03667069,0.63078076,0.06613226,0.8317854,0.014384766,0.28448823,0.07441669,0.17427841,0.41486907
375316653866487564,5889527162237215360,0.5079265,2142.551162317324,3.2721670474367106,2.9557496E-5,18.98341,0.013505311,0.273537,0.0072207223,0.082642525,0.0066562365,0.34223586,0.030162834,0.7589873,0.006832789,0.08271607,0.0068485667,0.30278045,0.018501692,null,null,null,null,"TWOGAUSSIANS",8,4.8601727,0.273537,0.0072207223,0.4,0.0,0.33715293,0.029901648,0.7589873,0.006832789,0.4,0.0,0.2976975,0.017119942
375316653866487564,5889527853763880448,0.53531545,2155.7488292589615,2.47440533069828,1.4108378E-5,19.176807,0.030974837,0.2730513,0.0020839593,0.08870755,0.008496915,0.50858444,0.04759668,0.7826209,0.0033161952,0.08959402,0.008403053,0.45503756,0.02633624,null,null,null,null,"TWOGAUSSIANS",8,4.459731,0.2730513,0.0020839593,0.4,0.0,0.49238798,0.049389247,0.7826209,0.0033161952,0.4,0.0,0.43884107,0.017048012
375316653866487564,5889527922483369472,0.4476821,2131.227166998695,2.7276358087297714,2.6006039E-5,19.273731,0.36811358,0.21202356,0.021773355,0.09872772,0.08859323,0.2551423,0.37196997,0.690437,0.0052820826,0.09814677,0.04132923,0.3165234,0.32404277,null,null,null,null,"TWOGAUSSIANS",8,5.76184,0.690437,0.0052820826,0.4,0.0,0.29954705,0.031292453,0.21202356,0.021732576,0.4,0.0,0.23816611,0.043832187
375316653866487564,5889527922513256064,0.5987331,2186.5706830270597,4.726918144119997,1.6866927E-5,17.629063,0.0020743404,0.27588406,0.069586836,0.08061266,0.06848615,0.008473472,0.00420866,0.736571,0.0076417415,0.017611388,0.0025770147,0.48248672,0.13993329,null,null,null,null,"TWOGAUSSIANS",8,2.6277413,0.736571,0.0076417415,0.09862377,0.014431283,0.48248672,0.13993311,0.27588406,0.069586836,0.4,0.18799995,0.008473464,0.0042083985
375316653866487564,5889528025592415488,0.5691305,2190.4781485216013,0.0981087985489223,2.0919592E-4,14.053525,0.012698789,0.38569683,0.08178106,0.010496256,0.0073397513,1.1150506,1.017385E25,0.7383569,0.026865816,0.017837126,0.038167603,0.0554436,0.038465485,0.0016883899,0.04537955,0.38569683,0.08178106,"TWOGAUSSIANS_WITH_ELLIPSOIDAL_ON_ECLIPSE1",9,915.7539,0.38569683,0.08178106,0.05877903,0.041102607,1.1184274,1.017385E25,0.7384769,0.021150542,0.09988791,0.21373858,0.056665394,0.07964945
375316653866487564,5889528025592427520,0.46651974,2184.2589556774124,1.205193892398829,1.4093538E-6,16.79106,0.06959698,0.396649,0.030318098,0.32233548,0.16905135,0.0748934,0.066490896,0.9352661,0.0016616212,0.008185637,0.0061949287,0.41725236,0.32990554,null,null,null,null,"TWOGAUSSIANS",8,11.768464,0.9352661,0.0017295245,0.045839567,0.034691602,0.41770136,0.3300117,0.396649,0.030318098,0.4,0.0,0.03112867,0.0051524746
375316653866487564,5889528300439954432,0.49410823,2183.9279148797777,2.1279688713780884,1.6161439E-5,18.508472,0.1743751,0.17735274,0.01663586,0.13853356,0.12485673,0.09459984,0.17302002,0.70077133,0.0054415753,0.09458777,0.022915915,0.17215845,0.099155635,null,null,null,null,"TWOGAUSSIANS",8,2.2286184,0.70099133,0.0035295605,0.4,0.0,0.15394692,0.017911669,0.17734274,0.016626524,0.4,0.0,0.07605857,0.018730907
375316653866487564,5889528540958087936,0.48224354,2174.081594304519,0.6960418196645569,3.3687543E-6,18.609114,0.0035383385,0.15401193,0.02906308,0.08495228,0.017508434,0.017560767,0.005603711,0.70146644,2.462926E-5,0.003540126,8.279884E-5,0.6374739,0.018467234,null,null,null,null,"TWOGAUSSIANS",8,2.0573595,0.70146644,2.462926E-5,0.019824706,4.636735E-4,0.6374739,0.018467199,0.15401193,0.02906308,0.4,0.0,0.017560765,0.0056037083
375316653866487564,5889529640473316608,0.54656947,2150.229660441146,2.57467328658887,2.950834E-5,19.43514,0.030257575,0.23397557,0.005063354,0.09933457,0.010122177,0.43203864,0.032066785,0.7267106,0.0074091502,0.08806158,0.011139738,0.41082972,0.029372012,null,null,null,null,"TWOGAUSSIANS",8,1.9307048,0.23397557,0.005063354,0.4,0.0,0.41044295,0.028530082,0.7267106,0.0074091502,0.4,0.0,0.38923687,0.019484892
375316653866487564,5889529670501913088,0.47093818,2203.498024021791,3.704084118543116,4.065642E-5,18.075867,0.044219136,0.22009121,0.007979932,0.11626275,0.040165033,0.15778866,0.028902376,0.7048429,0.009987166,0.092172414,0.020008715,0.1428346,0.04406382,null,null,null,null,"TWOGAUSSIANS",8,5.844518,0.22009121,0.00797737,0.4,0.0,0.1436644,0.015891591,0.7048429,0.009987166,0.4,0.0,0.12874526,0.016347416
375316653866487564,5889529846631828224,0.54370236,2159.185359839872,2.907787953412654,2.2081556E-5,19.152431,0.010935051,0.2688562,0.03790308,0.07681144,0.021296987,0.33245113,0.015962776,0.7558715,0.003952078,0.07672081,0.005442707,0.65520513,0.031138435,null,null,null,null,"TWOGAUSSIANS",8,4.316495,0.7558715,0.003952078,0.4,0.0,0.65171075,0.03197141,0.2688562,0.03790308,0.4,0.06422616,0.32895672,0.017208362
375316653866487564,5889529880990049536,0.51580435,2128.3127780860377,3.4846385392396906,1.4946014E-5,19.220474,0.008590217,0.31465125,0.0047636474,0.08425752,0.008327747,0.3073035,0.024885172,0.8098624,0.005296508,0.07684902,0.008019355,0.2536702,0.02820882,null,null,null,null,"TWOGAUSSIANS",8,1.6238579,0.31465125,0.0047636474,0.4,0.0,0.30316782,0.026583638,0.8098624,0.005296508,0.4,0.0,0.24953452,0.029491173
375316653866487564,5889529915384834048,0.51357734,2112.1994341211794,0.2944990191041083,3.3812168E-5,19.598879,0.0092054475,0.24126692,0.008452878,0.06024987,0.0117490785,0.09969226,0.026798502,0.5008985,3.153309E-4,0.01809125,4.3057502E-4,0.69741946,0.008555475,null,null,null,null,"TWOGAUSSIANS",8,0.93140984,0.5008985,3.153309E-4,0.101311,0.0024112202,0.69742876,0.008591895,0.24126692,0.008452878,0.33739927,0.06579484,0.09969226,0.026798502
375316653866487564,5889530254613333504,0.5093725,2131.083609755892,2.492806727716843,2.364228E-5,19.427021,0.036627177,0.2634622,0.0027000213,0.10325149,0.0114052845,0.4283936,0.0472714,0.7474109,0.0037835676,0.09261684,0.010302203,0.450871,0.036605753,null,null,null,null,"TWOGAUSSIANS",8,2.973276,0.7474109,0.0037835676,0.4,0.0,0.42364267,0.031242432,0.2634622,0.0027000213,0.4,0.0,0.40115705,0.04619158
375316653866487564,5889530396386194944,0.45563495,2238.84883711358,1.0667039843738682,1.0225716E-4,17.172419,0.0022038086,0.22459862,0.009304493,0.021763593,0.004291532,0.586601,1.355229,null,null,null,null,null,null,0.015240628,0.003880269,0.22459862,0.009304493,"ONEGAUSSIAN_WITH_ELLIPSOIDAL",6,4.8844376,0.22459862,0.009304493,0.12187612,0.02403258,0.6170823,1.3563764,null,null,null,null,null,null
375316653866487564,5889530426412124288,0.45662016,2153.1137048064434,2.6048196976434035,1.638635E-5,19.130877,0.013530703,0.2629891,0.009539981,0.08592036,0.016542546,0.15643127,0.019693669,0.75311136,0.004082953,0.063985586,0.008238663,0.2135971,0.015183851,null,null,null,null,"TWOGAUSSIANS",8,4.0124154,0.75311136,0.004082953,0.35831928,0.046136513,0.21251461,0.014753962,0.2629891,0.009539981,0.4,0.0,0.15534876,0.019673929
375316653866487564,5889530877424141696,0.4643854,2133.1370668965696,0.20238525204433694,3.244301E-5,19.733519,0.012224267,0.35734263,0.012614718,0.013324893,0.02038831,0.7608422,0.694321,0.89248276,0.047707044,0.030606613,0.026086159,0.17651892,11.660921,null,null,null,null,"TWOGAUSSIANS",8,2.1335218,0.35734263,0.012614718,0.0746194,0.114174545,0.7608422,0.694321,0.89248276,0.047707044,0.17139703,0.14608249,0.17651892,11.660921
375316653866487564,5889531186662002688,0.5049376,2140.1463495909425,3.3581188945777107,3.285184E-5,19.549236,0.020191062,0.25858116,0.006110073,0.06606163,0.005573218,0.46894383,0.022076791,0.7463709,0.011267892,0.060934737,0.010722177,0.6401163,0.05439016,null,null,null,null,"TWOGAUSSIANS",8,4.8376865,0.7463709,0.011267892,0.3412345,0.060044196,0.6397972,0.054857,0.25858116,0.006110073,0.3699451,0.031210022,0.4686248,0.021397017
375316653866487564,5889531461538383872,0.48867396,2227.8916470471318,0.4627990403608168,2.8330795E-5,17.76929,0.0028909112,0.12766294,0.010718803,0.034607626,0.020362211,0.90366715,0.7700953,0.28824508,0.02000445,0.042291336,0.013457783,0.043309387,0.008478559,null,null,null,null,"TWOGAUSSIANS",8,6.033175,0.12766294,0.010717024,0.19380271,0.11402839,0.90369916,0.77014434,0.28824508,0.02000445,0.23683147,0.075363584,0.043328475,0.008297322
375316653866487564,5889531908214750720,0.47844255,2149.423473183382,1.6088992814151761,2.3547385E-5,19.011797,0.049713045,0.26219264,0.017272929,0.11259389,0.035845887,0.2001994,0.058035817,0.777103,0.0045655086,0.10259456,0.015012394,0.30277818,0.048162676,null,null,null,null,"TWOGAUSSIANS",8,5.276706,0.77712303,0.0045445,0.4,0.0,0.27516788,0.023900144,0.26218265,0.017270576,0.4,0.0,0.17256993,0.05571399
375316653866487564,5889532006960140672,0.49709594,2218.3424452591435,2.4119678642401645,2.8806375E-5,17.721245,0.07190787,0.26861423,0.006444009,0.13058724,0.039215438,0.18213019,0.0669902,0.76586056,0.006355919,0.105645224,0.030149762,0.17932017,0.06310127,null,null,null,null,"TWOGAUSSIANS",8,7.4909115,0.26861423,0.006442649,0.4,0.0,0.14482142,0.011225847,0.76586056,0.006355919,0.4,0.0,0.14224598,0.013501108
375316653866487564,5889532144400605568,0.46963546,2200.7011996444608,0.16945263556917886,3.3754135E-5,17.860666,0.0038040793,0.15664212,0.003970912,0.030067975,0.004507909,0.073132455,0.041341726,0.74767435,0.012739506,0.015400704,0.014860498,0.18647923,0.11735115,0.0143519,0.0048396843,0.74767435,0.012739506,"TWOGAUSSIANS_WITH_ELLIPSOIDAL_ON_ECLIPSE2",9,4.331004,0.74767435,0.012739506,0.08624394,0.08321879,0.21518299,0.118539944,0.15865211,0.0034473394,0.16838066,0.025244292,0.09359093,0.040323965
375316653866487564,5889532178766225408,0.618892,2168.3146071547794,3.8197415068926186,5.340442E-6,18.759981,0.0136532225,0.23090032,8.0875336E-4,0.0503626,0.0036480608,0.51418096,0.042216145,0.73110765,0.0020324506,0.043671973,0.0025808443,0.34422675,0.03256865,0.13011448,0.016710734,0.23090032,8.0875336E-4,"TWOGAUSSIANS_WITH_ELLIPSOIDAL_ON_ECLIPSE1",9,1.6540263,0.23090032,8.0875336E-4,0.28203055,0.020429142,0.77440757,0.044351682,0.73110765,0.0019513643,0.24456304,0.0144527275,0.60445285,0.0077685765
375316653866487564,5889532286200368128,0.47690222,2184.7246816508214,0.9661600140659186,3.325628E-5,16.577648,0.0022172914,0.27779505,0.012924341,0.0796399,0.014848545,0.037720863,0.007217843,0.78437006,0.004762337,0.05936273,0.009442936,0.060168196,0.0030955744,null,null,null,null,"TWOGAUSSIANS",8,4.1585965,0.78437006,0.004762337,0.3324313,0.05288044,0.06004986,0.0031848028,0.27779505,0.012924341,0.4,0.0,0.03760253,0.0072899605
375316653866487564,5889532389251168256,0.5829055,2149.7760921270506,3.711312253611986,1.728172E-5,19.076107,0.012038089,0.23693153,0.0036667585,0.04302901,0.0047656316,0.63907874,0.038867667,0.7235521,0.006153061,0.024232619,0.015613849,4.1308146,12.716472,0.12501986,0.021896563,0.23693153,0.0036667585,"TWOGAUSSIANS_WITH_ELLIPSOIDAL_ON_ECLIPSE1",9,5.3531165,0.7235921,0.0064480873,0.13570267,0.087437555,4.3790965,12.727295,0.23693153,0.0036667585,0.24096246,0.026687536,0.88911843,0.036085676
375316653866487564,5889532423645635712,0.5449239,2100.374878829645,3.730139738421004,1.8199325E-5,19.841242,0.014883297,0.28860927,0.005787633,0.04536244,0.00981466,0.34333146,0.05309779,0.771711,0.0036497551,0.032559328,0.008722852,0.5298355,0.04248165,0.14356506,0.019642046,0.28860927,0.005787633,"TWOGAUSSIANS_WITH_ELLIPSOIDAL_ON_ECLIPSE1",9,2.3993413,0.77244097,0.003316097,0.18233223,0.04884797,0.81387925,0.04895829,0.28860927,0.005787633,0.25402966,0.054962095,0.6304614,0.04690629
375316653866487564,5889532664163808256,0.45849282,2209.783139539042,1.1967615008104016,2.3905935E-5,17.288435,0.0023934536,0.25357136,0.0063374382,0.077605374,0.013266209,0.058236487,0.007211361,0.7378732,0.020554468,0.06219263,0.024725538,0.034823243,0.004449872,null,null,null,null,"TWOGAUSSIANS",8,3.8975976,0.25357136,0.0063374382,0.4,0.0026979693,0.058134384,0.007331142,0.7378732,0.020554468,0.34827873,0.10226366,0.03472114,0.004581843
