Gaia/vari_eclipsing_binary/VariEclipsingBinary_241247-241760.csv
# %ECSV 1.0
# ---
# delimiter: ','
# meta: !!omap
# - RELEASE: Gaia DR3
# - TABLE: vari_eclipsing_binary
# - DESCRIPTION: >
#     This table describes the properties of the eclipsing binaries resulting from the variability analysis. 
# - CITATION: >
#     How to cite and acknowledge Gaia: 
#     https://gea.esac.esa.int/archive/documentation/credits.html 
# - KNOWN_ISSUES: >
#     Known issues: 
#     https://www.cosmos.esa.int/web/gaia-users/known-issues 
# - DOCUMENTATION: >
#     Tutorials and documentation: 
#     https://www.cosmos.esa.int/web/gaia-users/archive 
# datatype:
# - 
#   name: solution_id
#   datatype: int64
#   description: Solution Identifier
#   meta:
#     ucd: meta.version
# - 
#   name: source_id
#   datatype: int64
#   description: Unique source identifier
#   meta:
#     ucd: meta.id;meta.main
# - 
#   name: global_ranking
#   datatype: float32
#   description: Number between 0 (worst) and 1 (best)
#   meta:
#     ucd: stat.param
# - 
#   name: reference_time
#   datatype: float64
#   unit: d
#   description: Reference time used for the geometric model fit
#   meta:
#     ucd: time.epoch
# - 
#   name: frequency
#   datatype: float64
#   unit: d**-1
#   description: Frequency of geometric model of the eclipsing binary light curve
#   meta:
#     ucd: src.orbital
# - 
#   name: frequency_error
#   datatype: float32
#   unit: d**-1
#   description: "Uncertainty of \\texttt{frequency}"
#   meta:
#     ucd: stat.error
# - 
#   name: geom_model_reference_level
#   datatype: float32
#   unit: mag
#   description: Magnitude reference level of geometric model
#   meta:
#     ucd: phot.mag;em.opt
# - 
#   name: geom_model_reference_level_error
#   datatype: float32
#   unit: mag
#   description: "Uncertainty of \\texttt{geomModelReferenceLevel}"
#   meta:
#     ucd: stat.error;phot.mag;em.opt
# - 
#   name: geom_model_gaussian1_phase
#   datatype: float32
#   description: Phase of the Gaussian 1 component
#   meta:
#     ucd: time.phase
# - 
#   name: geom_model_gaussian1_phase_error
#   datatype: float32
#   description: "Uncertainty of \\texttt{geomModelGaussian1Phase}"
#   meta:
#     ucd: stat.error;time.phase
# - 
#   name: geom_model_gaussian1_sigma
#   datatype: float32
#   description: "Standard deviation [phase] of Gaussian 1 component"
#   meta:
#     ucd: stat.stdev
# - 
#   name: geom_model_gaussian1_sigma_error
#   datatype: float32
#   description: "Uncertainty of \\texttt{geomModelGaussian1Sigma}"
#   meta:
#     ucd: stat.error
# - 
#   name: geom_model_gaussian1_depth
#   datatype: float32
#   unit: mag
#   description: Magnitude depth of Gaussian 1 component
#   meta:
#     ucd: src.var.amplitude
# - 
#   name: geom_model_gaussian1_depth_error
#   datatype: float32
#   unit: mag
#   description: "Uncertainty of \\texttt{geomModelGaussian1Depth}"
#   meta:
#     ucd: stat.error;src.var.amplitude
# - 
#   name: geom_model_gaussian2_phase
#   datatype: float32
#   description: Phase of Gaussian 2 component
#   meta:
#     ucd: time.phase
# - 
#   name: geom_model_gaussian2_phase_error
#   datatype: float32
#   description: "Uncertainty of \\texttt{geomModelGaussian2Phase}"
#   meta:
#     ucd: stat.error;time.phase
# - 
#   name: geom_model_gaussian2_sigma
#   datatype: float32
[...]
#   datatype: float32
#   description: "Secondary eclipse: uncertainty of \\texttt{derivedSecondaryEclDuration}"
#   meta:
#     ucd: stat.error;time.duration
# - 
#   name: derived_secondary_ecl_depth
#   datatype: float32
#   unit: mag
#   description: "Secondary eclipse: depth"
#   meta:
#     ucd: src.var.amplitude
# - 
#   name: derived_secondary_ecl_depth_error
#   datatype: float32
#   unit: mag
#   description: "Secondary eclipse: uncertainty of \\texttt{derivedSecondaryEclDepth}"
#   meta:
#     ucd: stat.error;src.var.amplitude
solution_id,source_id,global_ranking,reference_time,frequency,frequency_error,geom_model_reference_level,geom_model_reference_level_error,geom_model_gaussian1_phase,geom_model_gaussian1_phase_error,geom_model_gaussian1_sigma,geom_model_gaussian1_sigma_error,geom_model_gaussian1_depth,geom_model_gaussian1_depth_error,geom_model_gaussian2_phase,geom_model_gaussian2_phase_error,geom_model_gaussian2_sigma,geom_model_gaussian2_sigma_error,geom_model_gaussian2_depth,geom_model_gaussian2_depth_error,geom_model_cosine_half_period_amplitude,geom_model_cosine_half_period_amplitude_error,geom_model_cosine_half_period_phase,geom_model_cosine_half_period_phase_error,model_type,num_model_parameters,reduced_chi2,derived_primary_ecl_phase,derived_primary_ecl_phase_error,derived_primary_ecl_duration,derived_primary_ecl_duration_error,derived_primary_ecl_depth,derived_primary_ecl_depth_error,derived_secondary_ecl_phase,derived_secondary_ecl_phase_error,derived_secondary_ecl_duration,derived_secondary_ecl_duration_error,derived_secondary_ecl_depth,derived_secondary_ecl_depth_error
[from data line 286]
375316653866487564,2125956790878873088,0.5016828,2221.9182612868576,3.4651619519241317,1.5650654E-5,18.180782,0.04477469,0.262819,0.009312847,0.118339024,0.029185323,0.15465923,0.043205477,0.75243664,0.0037409833,0.11259518,0.023115601,0.17332093,0.04168464,null,null,null,null,"TWOGAUSSIANS",8,2.7428594,0.75243664,0.0037409833,0.4,0.0,0.14496033,0.008910838,0.26284897,0.009360214,0.4,0.0,0.12627439,0.010635518
375316653866487564,2125966587704674944,0.60068804,2178.0840448066588,3.1892004336173168,8.62066E-6,16.630772,0.007153786,0.22261177,0.0027515148,0.041061353,0.0027457783,0.26890647,0.024730328,0.71108335,0.0029238507,0.060020477,0.005315966,0.36337572,0.03621202,0.08544574,0.008603829,0.22261177,0.0027515148,"TWOGAUSSIANS_WITH_ELLIPSOIDAL_ON_ECLIPSE1",9,24.932528,0.71244335,0.0023473892,0.33611467,0.02976941,0.5334497,0.037351284,0.22261177,0.0027515148,0.22994357,0.015376358,0.43977037,0.021391189
375316653866487564,2125967064440823168,0.4459232,2240.403846465611,1.1932348909153832,3.5209305E-5,17.193844,0.035620056,0.26832262,0.018563794,0.100138776,0.0531078,0.095053226,0.03238119,0.7142889,0.010848059,0.07694097,0.036795396,0.16248548,0.02782115,null,null,null,null,"TWOGAUSSIANS",8,33.658333,0.7142889,0.010848059,0.4,0.06714097,0.16072418,0.02816882,0.26832262,0.018572032,0.4,0.0,0.09328723,0.02574658
375316653866487564,2125967721575956480,0.46785858,2202.4204430280224,0.6082253578182767,8.858847E-6,16.768862,0.003500364,0.30084953,0.003632696,0.028014584,0.0046130507,0.1751546,0.015830869,0.81425846,0.009384539,0.03636728,0.023131967,0.12015329,0.06347702,null,null,null,null,"TWOGAUSSIANS",8,17.914316,0.30084953,0.003632696,0.15688168,0.025833083,0.1751546,0.015830869,0.81425846,0.009384539,0.20365676,0.12953901,0.12015329,0.06347702
375316653866487564,2125977578521025536,0.49106023,2212.760982330808,0.8485895928221099,2.7573122E-5,17.91256,0.008749583,0.12140854,0.0053389277,0.023351032,0.0030988494,0.30713472,0.034739558,0.6337693,0.021548133,0.018681746,0.009157385,0.50240093,0.7128677,null,null,null,null,"TWOGAUSSIANS",8,16.46152,0.6337693,0.021548133,0.104617774,0.05128135,0.50240093,0.7128677,0.12140854,0.0053389277,0.13076578,0.017353557,0.30713472,0.034739558
375316653866487564,2125977715960008960,0.5017231,2212.721994260972,3.419403212487919,2.1805621E-5,17.441729,0.019056791,0.30113015,0.0054381094,0.09059902,0.008225148,0.22956099,0.021921089,0.7740414,0.005631753,0.1149973,0.013152641,0.21819061,0.016492397,null,null,null,null,"TWOGAUSSIANS",8,11.601917,0.30118012,0.0054451386,0.4,0.0,0.21307456,0.014638777,0.7740414,0.005631753,0.4,0.0,0.20165206,0.011646151
375316653866487564,2125982251442407296,0.5933701,2202.3612602061003,3.235456663540393,1.1025323E-5,16.348362,0.007230792,0.21553725,0.0025168522,0.050219882,0.007169723,0.06947194,0.017968573,0.73020047,0.017275693,0.045733437,0.012265902,0.1143128,0.07335173,0.08523747,0.008719668,0.21553725,0.0025168522,"TWOGAUSSIANS_WITH_ELLIPSOIDAL_ON_ECLIPSE1",9,10.490396,0.73020047,0.017275693,0.25610724,0.06868905,0.28334448,0.07280394,0.21553725,0.0025168522,0.28123134,0.04015045,0.23994656,0.0075876983
375316653866487564,2125983183456797312,0.5382432,2213.1077013084655,3.0855471071113736,8.5625825E-6,14.346461,0.14559838,0.22672027,0.0021568947,0.16376989,0.0120410975,0.77414066,0.15504165,0.7180204,0.0027083012,0.29025823,0.02593486,1.3890214,0.14237638,null,null,null,null,"TWOGAUSSIANS",8,31.237724,0.7180204,0.0027083012,0.4,0.0,0.18350013,0.0047423723,0.23576027,0.0029275422,0.4,0.0,0.1776506,0.0063338326
375316653866487564,2125984454767448960,0.5428886,2234.402483882849,0.3376143766392592,3.506814E-5,17.339186,0.0039700335,0.3751085,0.06556903,0.050119705,0.033257283,0.017426638,0.019291425,0.88072926,4.472298E-4,0.015926909,2.8091433E-4,0.53672767,0.010508195,null,null,null,null,"TWOGAUSSIANS",8,15.024921,0.88072926,4.472298E-4,0.089190684,0.0015731202,0.53672767,0.010508195,0.3751085,0.06556903,0.28067034,0.18624079,0.017426638,0.019291425
375316653866487564,2125984626566121600,0.6309751,2169.7162637272636,1.4358834004909908,3.3459496E-6,11.410973,0.01986131,0.27285817,0.0026318787,0.061248045,0.009573341,0.22640152,0.0392273,0.7748589,0.009469174,0.06250182,0.011396531,0.19450425,0.04402344,0.0972228,0.02116146,0.27285817,0.0026318787,"TWOGAUSSIANS_WITH_ELLIPSOIDAL_ON_ECLIPSE1",9,138.71672,0.27285817,0.0026318787,0.34298906,0.053610712,0.42073426,0.0054419735,0.7748589,0.009221458,0.35001016,0.06382057,0.38880625,0.019054169
375316653866487564,2125989402569460736,0.4873186,2222.5278960992455,1.1898654010493495,1.3683231E-5,14.518045,0.0013557639,0.3002582,0.0028801565,0.041407254,0.006700771,0.052882954,0.0028503942,null,null,null,null,null,null,0.019344857,0.0019165921,0.3002582,0.0028801565,"ONEGAUSSIAN_WITH_ELLIPSOIDAL",6,18.994276,0.3002582,0.0028801565,0.23188062,0.037524316,0.091572605,0.002481961,null,null,null,null,null,null
375316653866487564,2125990227203616896,0.6017521,2207.196649947257,2.4920373894711756,6.3659495E-6,15.450208,0.0020205143,0.2959436,9.91724E-4,0.03803885,0.007227469,0.089618415,0.052351024,0.8211922,0.0033016463,0.028969359,0.003835592,0.019713175,0.0054635964,0.10011812,0.0036941094,0.2959436,9.91724E-4,"TWOGAUSSIANS_WITH_ELLIPSOIDAL_ON_ECLIPSE1",9,17.305004,0.2959436,9.91724E-4,0.21301757,0.040473826,0.2898546,0.05306126,0.8211922,0.0033016463,0.1622284,0.021479314,0.21495208,0.0031189634
375316653866487564,2125990910100705280,0.48883373,2205.1735839853923,3.92731527386219,2.7040365E-5,19.744537,0.0862934,0.20256144,0.011316723,0.089596,0.054371882,0.25517794,0.044454943,0.70859873,0.014235953,0.07362475,0.030625511,0.2655008,0.08707971,null,null,null,null,"TWOGAUSSIANS",8,1.4233657,0.70859873,0.0144748315,0.4,0.039515924,0.26127377,0.035103388,0.20256144,0.011321134,0.4,0.0,0.2509508,0.051599935
375316653866487564,2125991876465513216,0.61043096,2190.5358385355985,3.39866735701014,7.5394596E-6,17.833214,0.007958276,0.28860408,0.004166663,0.07821931,0.003904724,0.4187692,0.011973199,0.7843591,0.0020006374,0.08022768,0.0034412413,0.35666212,0.011990746,null,null,null,null,"TWOGAUSSIANS",8,4.0443273,0.28860408,0.004166663,0.4,0.0,0.4138912,0.011189372,0.7843591,0.0020006374,0.4,0.0,0.35178414,0.011797831
375316653866487564,2125992769824341888,0.4965856,2244.0386238960064,2.28248127838206,2.8288989E-5,13.123372,0.07828795,0.30748084,0.008117217,0.11027072,0.034504205,0.16194788,0.075703055,0.81203485,0.007198608,0.10437006,0.041536413,0.122852154,0.07695986,null,null,null,null,"TWOGAUSSIANS",8,41.216686,0.30748084,0.00813766,0.4,0.0,0.14410974,0.012020951,0.81204486,0.007184203,0.4,0.0,0.105022706,0.011931214
375316653866487564,2125994625250096256,0.49816784,2196.927876056738,0.983707046284079,1.09693465E-4,17.265882,0.0056831026,0.38559312,0.0045187087,0.025553197,0.0064184438,0.14072669,0.02623739,0.8957593,0.0064528645,0.021314064,0.0085431775,0.39596784,0.5542412,null,null,null,null,"TWOGAUSSIANS",8,36.59338,0.8957593,0.0064528645,0.119358756,0.047841795,0.39596784,0.5542412,0.38559312,0.0045187087,0.1430979,0.035943285,0.14072669,0.02623739
375316653866487564,2125995759121472000,0.6906805,2207.988716861912,0.12289829203192873,2.0977803E-5,15.61562,6.913809E-4,0.23576242,0.03975164,0.05808766,0.044626955,0.008142914,0.8350541,0.570479,1.4318435E-7,0.0019139701,2.3588748E-6,6.4425344,0.032706853,null,null,null,null,"TWOGAUSSIANS",8,3.5094464,0.570479,1.4318435E-7,0.010718233,1.3209698E-5,6.4425344,0.03270685,0.23576242,0.03975164,0.3252909,0.24991094,0.008142914,0.8350541
375316653866487564,2126004108537521536,0.5721002,2231.782018016652,1.7576146061213067,1.559384E-5,16.50998,0.0016231909,0.23564547,0.0032308523,0.035034418,0.0057156375,0.04640994,0.0046270997,0.7264729,0.0026583748,0.034002293,0.0025853084,0.098073065,0.007475007,0.019767191,0.0035772158,0.23564547,0.0032308523,"TWOGAUSSIANS_WITH_ELLIPSOIDAL_ON_ECLIPSE1",9,3.5569656,0.72679293,0.0025450888,0.19041283,0.014477726,0.13748088,0.007046005,0.23564547,0.0032308523,0.19619274,0.032007568,0.08594428,0.0043452573
375316653866487564,2126004142897292032,0.5363487,2232.0876163701532,0.6712099825974626,2.1097387E-5,13.282793,0.0017958783,0.29676124,0.0022956685,0.019031916,0.0022879764,0.094178244,0.024396235,0.7876082,0.008145934,0.025080014,0.004714617,0.16264115,0.019564686,null,null,null,null,"TWOGAUSSIANS",8,71.68865,0.7876082,0.008145934,0.14044808,0.026401857,0.16264115,0.019564686,0.29676124,0.0022956685,0.10657873,0.012812668,0.094178244,0.024396235
375316653866487564,2126007024818107904,0.5378596,2199.7934362404703,1.6510570290857984,6.3339157E-6,18.65758,0.0072070183,0.19377482,0.007075817,0.018151807,0.003640233,0.45031002,0.104792535,0.69713914,0.0011022512,0.025631387,0.001353328,0.35894552,0.016861666,null,null,null,null,"TWOGAUSSIANS",8,5.7913284,0.19377482,0.007075817,0.10165012,0.020385306,0.45031002,0.104792535,0.69713914,0.0011022512,0.14353576,0.0075786365,0.35894552,0.016861666
375316653866487564,2126007097835059456,0.6239079,2221.0511624884484,2.956566573041609,3.4159684E-6,17.08891,0.009580517,0.3400123,0.0030450774,0.047177393,0.004442948,0.25925106,0.018286435,0.8359869,0.0026242682,0.048376225,0.004560378,0.326158,0.018659456,0.12083255,0.01458911,0.3400123,0.0030450774,"TWOGAUSSIANS_WITH_ELLIPSOIDAL_ON_ECLIPSE1",9,7.95518,0.8364669,0.0021458413,0.27090687,0.025538115,0.5676865,0.021511408,0.3400123,0.0030450774,0.2641934,0.024880508,0.5009156,0.014494873
375316653866487564,2126007853749358464,0.5180948,2231.6870236731816,2.722895166402581,2.4575504E-5,15.734546,0.03241192,0.21597762,0.009318569,0.0944227,0.01704194,0.2581885,0.031999685,0.7200346,0.008157057,0.0959009,0.016418474,0.2926692,0.03142478,null,null,null,null,"TWOGAUSSIANS",8,84.51618,0.7200346,0.008157057,0.4,0.0,0.27618086,0.02572518,0.21597762,0.009317735,0.4,0.0,0.24170046,0.012517499
375316653866487564,2126009228138954752,0.48910567,2226.9665399117953,3.303022002143304,1.4768396E-5,15.8680525,0.0031638504,null,null,null,null,null,null,null,null,null,null,null,null,0.0649498,0.0048165205,0.21497922,0.004997692,"ELLIPSOIDAL",4,51.29775,null,null,null,null,null,null,null,null,null,null,null,null
375316653866487564,2126020807370961792,0.57472163,2239.6493317631266,3.4130976241144144,5.0128588E-6,16.18634,0.008081857,0.28244948,0.002203091,0.091420814,0.0042175883,0.28548762,0.010154515,0.7711305,0.0026303956,0.09052395,0.004239074,0.2565889,0.009694516,null,null,null,null,"TWOGAUSSIANS",8,15.50964,0.28244948,0.002203091,0.4,0.0,0.2750523,0.009635,0.7711305,0.0026303956,0.4,0.0,0.24615365,0.008407123
375316653866487564,2126021460205898624,0.57733965,2244.816940631872,0.042493614394089926,2.0281299E-5,17.473467,0.004539996,0.105646044,1.5930193E-4,0.0014224295,8.276464E-5,0.82286096,0.041872,0.44637698,0.03817371,0.04404736,0.07591228,0.32419604,3.1732757E32,0.0014844538,0.008395776,0.44637698,0.03817371,"TWOGAUSSIANS_WITH_ELLIPSOIDAL_ON_ECLIPSE2",9,11.713472,0.105646044,1.5930193E-4,0.007965605,4.6348202E-4,0.8237257,0.04350716,0.44637698,0.03817371,0.24666522,0.4251088,0.32716492,3.1732757E32
375316653866487564,2126025549010104832,0.5198332,2234.792091080714,3.2884015500428294,3.231277E-5,18.984377,0.028245524,0.24827392,0.013049086,0.08097725,0.014876087,0.3987364,0.029648086,0.73848146,0.004013021,0.08718994,0.00818481,0.4233673,0.025467496,null,null,null,null,"TWOGAUSSIANS",8,8.763161,0.73848146,0.004013021,0.4,0.0,0.4150606,0.018510813,0.24827392,0.013049086,0.4,0.0,0.39042974,0.021916084
375316653866487564,2126028740169728896,0.53093827,2212.7137160391217,2.82773092955699,1.6701371E-5,19.607033,0.015855458,0.24046397,0.0049929754,0.08607127,0.0072942413,0.3804167,0.02178367,0.7375658,0.0040846383,0.07774383,0.009550607,0.44472766,0.034747016,null,null,null,null,"TWOGAUSSIANS",8,2.1392488,0.7375658,0.0040846383,0.4,0.0,0.4373822,0.038825467,0.24046397,0.0049929754,0.4,0.0,0.3730712,0.020419009
375316653866487564,2126029255565595648,0.6588255,2229.557114081969,2.7714882426069956,5.2473597E-6,17.922115,0.01028573,0.2727861,0.0014735445,0.048068583,0.0031519923,0.3653386,0.021597018,0.7691616,0.008638959,0.044200156,0.015161552,0.4082159,0.02102091,0.10684602,0.012614019,0.2727861,0.0014735445,"TWOGAUSSIANS_WITH_ELLIPSOIDAL_ON_ECLIPSE1",9,2.5622218,0.7694316,0.007534283,0.24752088,0.084904686,0.6218044,0.028093742,0.2727861,0.0014735445,0.26918408,0.017651157,0.5790296,0.009454904
375316653866487564,2126032249163955456,0.6749934,2243.5277327200606,0.8344813964131634,2.4717338E-6,17.040688,0.0020825288,0.8503013,0.01887629,0.021567604,0.028944623,0.017390646,4182.584,0.70157117,4.5178545E-4,0.030879522,5.75139E-4,0.6529469,0.008975741,null,null,null,null,"TWOGAUSSIANS",8,3.6544256,0.70157117,4.5178545E-4,0.17292532,0.0032207784,0.6529469,0.008975741,0.85027134,0.018879043,0.12077858,0.16208988,0.017396647,4182.584
375316653866487564,2126033486114343808,0.5426946,2253.89210189581,2.3964867614095584,2.1246822E-5,12.016979,0.004957656,0.2307244,0.03887181,0.03609486,0.027763957,0.057049025,0.030179784,0.7105789,0.0046714265,0.022480838,0.02151466,0.04832728,8.316343,0.09003244,0.0066001494,0.7105789,0.0046714265,"TWOGAUSSIANS_WITH_ELLIPSOIDAL_ON_ECLIPSE2",9,487.59998,0.22577439,0.03309143,0.2021312,0.15547816,0.23494343,0.027109874,0.7105789,0.0046714265,0.12589268,0.120482095,0.22839206,8.317884
375316653866487564,2126034203367792256,0.54584116,2231.083960785895,3.538725403510653,1.5606858E-5,17.81504,0.0077799656,0.26067844,0.003596172,0.08351047,0.00597122,0.21189728,0.007927775,0.76324034,0.002393072,0.07652836,0.0045463843,0.23509435,0.008408592,null,null,null,null,"TWOGAUSSIANS",8,5.835918,0.76324034,0.002393072,0.4,0.0,0.23188221,0.007372108,0.26067844,0.003596172,0.4,0.0,0.20868514,0.0075550624
375316653866487564,2126034379467502976,0.46050277,2213.590425037113,0.7279413374399254,2.1079015E-5,14.948479,0.03601053,0.2347493,0.015167806,0.10344274,0.06466443,0.030560328,0.035004847,0.7155023,0.012329549,0.09642881,0.04668751,0.06293727,0.02355384,null,null,null,null,"TWOGAUSSIANS",8,28.847744,0.7155023,0.012329549,0.4,0.0,0.060014855,0.01369098,0.2347493,0.01509514,0.4,0.0,0.02763747,0.0045457566
375316653866487564,2126036784649297792,0.57637495,2233.895308842283,0.10327066890985948,6.140378E-5,15.181844,4.7260203E-4,0.21438666,0.013535712,0.009639925,0.003907563,0.32069135,0.73948336,0.68889207,0.0067027826,0.015048303,0.0038718258,0.065046266,0.011128657,null,null,null,null,"TWOGAUSSIANS",8,2.2916124,0.21438666,0.013535712,0.05398358,0.021882353,0.32069135,0.73948336,0.68889207,0.0067027826,0.08427049,0.021682225,0.065046266,0.011128657
375316653866487564,2126042415345559680,0.45979396,2219.546194855144,1.7038029209012349,3.181688E-5,18.976812,0.014093792,0.20457001,0.004443904,0.037132446,0.0042560087,0.57396233,0.042992663,0.73138595,0.031980433,0.05727018,0.0644658,0.12455295,49.30306,null,null,null,null,"TWOGAUSSIANS",8,18.933949,0.20457001,0.004443904,0.2079417,0.023833647,0.5739622,0.042992443,0.73138595,0.031980433,0.320713,0.35424423,0.124552876,49.30306
375316653866487564,2126044446871093120,0.572568,2237.3345902311125,3.1770310673952307,7.699524E-6,14.692773,0.006446656,0.2904932,0.0047618914,0.08006197,0.0048682964,0.344914,0.02550728,0.79602575,0.0020092353,0.07691799,0.0045652925,0.28985566,0.007949015,null,null,null,null,"TWOGAUSSIANS",8,123.25435,0.2904932,0.0047618914,0.4,0.0,0.34136894,0.02638486,0.79602575,0.0020092353,0.4,0.0,0.28631058,0.0083076665
