Gaia/vari_eclipsing_binary/VariEclipsingBinary_677668-677686.csv
# %ECSV 1.0
# ---
# delimiter: ','
# meta: !!omap
# - RELEASE: Gaia DR3
# - TABLE: vari_eclipsing_binary
# - DESCRIPTION: >
#     This table describes the properties of the eclipsing binaries resulting from the variability analysis. 
# - CITATION: >
#     How to cite and acknowledge Gaia: 
#     https://gea.esac.esa.int/archive/documentation/credits.html 
# - KNOWN_ISSUES: >
#     Known issues: 
#     https://www.cosmos.esa.int/web/gaia-users/known-issues 
# - DOCUMENTATION: >
#     Tutorials and documentation: 
#     https://www.cosmos.esa.int/web/gaia-users/archive 
# datatype:
# - 
#   name: solution_id
#   datatype: int64
#   description: Solution Identifier
#   meta:
#     ucd: meta.version
# - 
#   name: source_id
#   datatype: int64
#   description: Unique source identifier
#   meta:
#     ucd: meta.id;meta.main
# - 
#   name: global_ranking
#   datatype: float32
#   description: Number between 0 (worst) and 1 (best)
#   meta:
#     ucd: stat.param
# - 
#   name: reference_time
#   datatype: float64
#   unit: d
#   description: Reference time used for the geometric model fit
#   meta:
#     ucd: time.epoch
# - 
#   name: frequency
#   datatype: float64
#   unit: d**-1
#   description: Frequency of geometric model of the eclipsing binary light curve
#   meta:
#     ucd: src.orbital
# - 
#   name: frequency_error
#   datatype: float32
#   unit: d**-1
#   description: "Uncertainty of \\texttt{frequency}"
#   meta:
#     ucd: stat.error
# - 
#   name: geom_model_reference_level
#   datatype: float32
#   unit: mag
#   description: Magnitude reference level of geometric model
#   meta:
#     ucd: phot.mag;em.opt
# - 
#   name: geom_model_reference_level_error
#   datatype: float32
#   unit: mag
#   description: "Uncertainty of \\texttt{geomModelReferenceLevel}"
#   meta:
#     ucd: stat.error;phot.mag;em.opt
# - 
#   name: geom_model_gaussian1_phase
#   datatype: float32
#   description: Phase of the Gaussian 1 component
#   meta:
#     ucd: time.phase
# - 
#   name: geom_model_gaussian1_phase_error
#   datatype: float32
#   description: "Uncertainty of \\texttt{geomModelGaussian1Phase}"
#   meta:
#     ucd: stat.error;time.phase
# - 
#   name: geom_model_gaussian1_sigma
#   datatype: float32
#   description: "Standard deviation [phase] of Gaussian 1 component"
#   meta:
#     ucd: stat.stdev
# - 
#   name: geom_model_gaussian1_sigma_error
#   datatype: float32
#   description: "Uncertainty of \\texttt{geomModelGaussian1Sigma}"
#   meta:
#     ucd: stat.error
# - 
#   name: geom_model_gaussian1_depth
#   datatype: float32
#   unit: mag
#   description: Magnitude depth of Gaussian 1 component
#   meta:
#     ucd: src.var.amplitude
# - 
#   name: geom_model_gaussian1_depth_error
#   datatype: float32
#   unit: mag
#   description: "Uncertainty of \\texttt{geomModelGaussian1Depth}"
#   meta:
#     ucd: stat.error;src.var.amplitude
# - 
#   name: geom_model_gaussian2_phase
#   datatype: float32
#   description: Phase of Gaussian 2 component
#   meta:
#     ucd: time.phase
# - 
#   name: geom_model_gaussian2_phase_error
#   datatype: float32
#   description: "Uncertainty of \\texttt{geomModelGaussian2Phase}"
#   meta:
#     ucd: stat.error;time.phase
# - 
#   name: geom_model_gaussian2_sigma
#   datatype: float32
[...]
#   datatype: float32
#   description: "Secondary eclipse: uncertainty of \\texttt{derivedSecondaryEclDuration}"
#   meta:
#     ucd: stat.error;time.duration
# - 
#   name: derived_secondary_ecl_depth
#   datatype: float32
#   unit: mag
#   description: "Secondary eclipse: depth"
#   meta:
#     ucd: src.var.amplitude
# - 
#   name: derived_secondary_ecl_depth_error
#   datatype: float32
#   unit: mag
#   description: "Secondary eclipse: uncertainty of \\texttt{derivedSecondaryEclDepth}"
#   meta:
#     ucd: stat.error;src.var.amplitude
solution_id,source_id,global_ranking,reference_time,frequency,frequency_error,geom_model_reference_level,geom_model_reference_level_error,geom_model_gaussian1_phase,geom_model_gaussian1_phase_error,geom_model_gaussian1_sigma,geom_model_gaussian1_sigma_error,geom_model_gaussian1_depth,geom_model_gaussian1_depth_error,geom_model_gaussian2_phase,geom_model_gaussian2_phase_error,geom_model_gaussian2_sigma,geom_model_gaussian2_sigma_error,geom_model_gaussian2_depth,geom_model_gaussian2_depth_error,geom_model_cosine_half_period_amplitude,geom_model_cosine_half_period_amplitude_error,geom_model_cosine_half_period_phase,geom_model_cosine_half_period_phase_error,model_type,num_model_parameters,reduced_chi2,derived_primary_ecl_phase,derived_primary_ecl_phase_error,derived_primary_ecl_duration,derived_primary_ecl_duration_error,derived_primary_ecl_depth,derived_primary_ecl_depth_error,derived_secondary_ecl_phase,derived_secondary_ecl_phase_error,derived_secondary_ecl_duration,derived_secondary_ecl_duration_error,derived_secondary_ecl_depth,derived_secondary_ecl_depth_error
[from data line 414]
375316653866487564,5960968858022191744,0.50918335,2304.4552295913127,3.8911644245089545,1.7653183E-5,18.617046,0.82699215,0.1858494,0.012911261,0.17980307,0.052539315,1.4816006,0.79976636,0.66623443,0.011428884,0.17034549,0.050302185,1.3277762,0.7692367,null,null,null,null,"TWOGAUSSIANS",8,2.7111843,0.1909794,0.008705676,0.4,0.0,0.5856829,0.07761723,0.66623443,0.011428884,0.4,0.0,0.4583332,0.07613817
375316653866487564,5960968999750812928,0.46919182,2242.153334136448,0.286145255286736,4.1992782E-5,19.014606,0.17597377,0.26419592,0.009137243,0.104286775,0.019280694,0.63242024,0.17479435,0.7463395,0.018868294,0.14473797,0.022686634,0.701614,0.19584784,null,null,null,null,"TWOGAUSSIANS",8,7.5795045,0.7463395,0.018868294,0.4,0.0,0.5493427,0.06712309,0.26480594,0.009058648,0.4,0.0,0.48403922,0.08106261
375316653866487564,5960969068426045440,0.5177122,2250.7707640439344,2.377717822501897,2.699501E-5,19.045946,0.0039784815,null,null,null,null,null,null,null,null,null,null,null,null,0.088203244,0.0057871304,0.17491378,0.004843893,"ELLIPSOIDAL",4,1.1871767,null,null,null,null,null,null,null,null,null,null,null,null
375316653866487564,5960969205865009664,0.45585704,2244.894340658889,4.886119390725787,4.5499128E-5,19.368528,0.108462244,0.22075899,0.010232017,0.06978141,0.030972628,0.3405695,0.081680275,0.68801785,0.031024078,0.185431,0.11143365,0.19657679,0.09026897,null,null,null,null,"TWOGAUSSIANS",8,3.7234757,0.22167899,0.011171599,0.3907759,0.17338268,0.30765384,0.103306405,0.68801785,0.031024078,0.4,0.0,0.15224448,0.043500863
375316653866487564,5960969412067536768,0.56745225,2283.7979459547764,1.309027584326125,1.9196135E-5,17.535122,0.018080505,0.27981558,0.011966731,0.09282937,0.017125193,0.2348767,0.025453864,0.7853747,0.003058958,0.088631526,0.007856577,0.28085402,0.015726645,null,null,null,null,"TWOGAUSSIANS",8,9.013084,0.7853747,0.003058958,0.4,0.0,0.27029163,0.010548831,0.27981558,0.011966731,0.4,0.0,0.22431415,0.026047157
375316653866487564,5960969476446074112,0.52967346,2270.8460913065005,1.787625263312092,1.585762E-5,18.543291,0.030792769,0.2739718,0.0040726084,0.089127265,0.015503101,0.18855177,0.030421598,0.7772118,0.011994719,0.08780396,0.03925377,0.15823404,0.01603947,null,null,null,null,"TWOGAUSSIANS",8,1.2255675,0.2739718,0.004072892,0.4,0.0,0.18250135,0.019418089,0.7772118,0.011994719,0.4,0.0,0.15218365,0.024851238
375316653866487564,5960969510803056896,0.51486474,2302.955742001879,3.717494248636075,3.202612E-5,17.925615,0.046470072,0.25127608,0.004544944,0.106234394,0.013985724,0.311026,0.0440111,0.72559214,0.00835173,0.114246614,0.023184596,0.30329087,0.04965462,null,null,null,null,"TWOGAUSSIANS",8,7.868922,0.25133607,0.004452118,0.4,0.0,0.27533236,0.020334365,0.72559214,0.00835173,0.4,0.0,0.2675508,0.044213053
375316653866487564,5960969579575532672,0.55625576,2270.1999771668047,3.4878532459073215,1.3358822E-5,19.357988,0.014979422,0.31807154,0.005667151,0.036758073,0.007417793,0.22789419,0.038222797,0.7757767,0.017041065,0.021620931,0.015803808,0.2528611,18.188963,0.14196998,0.02397075,0.31807154,0.005667151,"TWOGAUSSIANS_WITH_ELLIPSOIDAL_ON_ECLIPSE1",9,3.4699872,0.7773967,0.019190248,0.12107721,0.08850133,0.517947,18.173409,0.31807154,0.005667151,0.20584522,0.041539643,0.51183414,0.028752392
375316653866487564,5960969717015962112,0.61258656,2286.684510123962,3.5043620378429745,1.7581815E-5,18.890171,0.025733538,0.21366055,0.0042054155,0.0442837,0.014320947,0.37638494,0.13284262,0.7088033,0.014992472,0.04797309,0.009672635,0.5120284,0.107010946,0.144643,0.033289514,0.21366055,0.0042054155,"TWOGAUSSIANS_WITH_ELLIPSOIDAL_ON_ECLIPSE1",9,4.129507,0.70925325,0.0132884,0.26864928,0.054166757,0.8010686,0.097593665,0.21366055,0.0042054155,0.24798873,0.080197304,0.66566944,0.1618917
375316653866487564,5960970099214254208,0.5661406,2233.8551034709553,0.6685000598907926,6.7179285E-6,18.977327,0.0059617045,0.20791715,0.13128956,0.053294353,0.024558358,0.04109565,0.03711647,0.7528248,2.6208929E-5,0.008086599,7.115064E-5,4.3731546,0.08945823,null,null,null,null,"TWOGAUSSIANS",8,5.318791,0.7528248,2.6208929E-5,0.04528496,3.984436E-4,4.3731546,0.08945823,0.20791715,0.13128956,0.29844838,0.13752681,0.04109565,0.03711647
375316653866487564,5960970202341635200,0.5399193,2250.2526720226642,0.4677887602441141,1.1275146E-4,19.178982,0.01441034,0.30115846,0.012308122,0.08103119,0.015995981,0.12232123,0.013170869,0.80732924,0.031635582,0.022979587,0.03901868,0.6054745,0.5562769,null,null,null,null,"TWOGAUSSIANS",8,1.4323282,0.80732924,0.031635582,0.1286857,0.21850461,0.6054724,0.55687684,0.30115846,0.012308122,0.4,0.0,0.12231917,0.012957248
375316653866487564,5960971366277502592,0.5548385,2229.3511281652436,3.4719538347443817,1.5543621E-5,19.638725,0.018350089,0.26651448,0.0019078708,0.056734353,0.0052727046,0.8908902,0.13114277,0.75537765,0.016564883,0.05001266,0.0115038855,0.7398799,0.3168609,null,null,null,null,"TWOGAUSSIANS",8,5.5428343,0.26651448,0.0019078708,0.31771237,0.029527145,0.8908731,0.13115449,0.75537765,0.016564883,0.2800709,0.06442176,0.7398628,0.31687865
375316653866487564,5960971434950146944,0.48337194,2215.9056358619605,1.1107876217599995,8.842197E-6,18.45039,0.008483475,0.180103,0.0035057776,0.046927538,0.0080756005,0.29271117,0.06855671,0.711224,0.04337675,0.039740406,0.044665657,0.034880236,0.54321116,null,null,null,null,"TWOGAUSSIANS",8,9.194008,0.180103,0.0035057776,0.2627942,0.045223363,0.29271117,0.06855672,0.711224,0.04337675,0.22254628,0.25012767,0.034880236,0.54321116
375316653866487564,5960971508021682816,0.45800447,2434.3233691933196,2.030531690377453,1.2651287E-4,18.114302,0.050554514,0.19387932,0.018136274,0.09744609,0.020283587,0.2668005,0.052817076,0.5746148,0.04363352,0.0857142,0.046216164,0.11227134,0.053712416,null,null,null,null,"TWOGAUSSIANS",8,3.7384086,0.19388932,0.017981121,0.4,0.0,0.26564386,0.046793696,0.5746148,0.04363352,0.4,0.0,0.1112381,0.04870345
375316653866487564,5960971572414061824,0.52958506,2277.702520831342,3.574818480989396,2.6560565E-5,19.546284,0.0065732407,0.34261942,0.030704575,0.119707204,0.031229887,0.24378452,0.030515904,0.7165072,0.008109945,0.07254495,0.009069911,0.16974527,0.025614962,null,null,null,null,"TWOGAUSSIANS",8,0.8480103,0.34261942,0.030713411,0.4,0.0,0.24173175,0.0317598,0.7165072,0.008109945,0.4,0.034343358,0.16954885,0.026132645
375316653866487564,5960971714178904192,0.4346461,2289.8923421268873,0.10783109180941469,5.880255E-5,19.225758,0.43831152,0.2136476,0.010561138,0.080933146,0.017106783,0.6205698,0.084694,0.6497851,0.014967102,0.23095353,0.09793281,0.6256904,0.42811468,null,null,null,null,"TWOGAUSSIANS",8,7.886306,0.2197076,0.00807435,0.4,0.031159973,0.53534687,0.04878656,0.6497851,0.014967102,0.4,0.0,0.40202558,0.04335566
375316653866487564,5960972087802038784,0.5983768,2379.28915692812,1.856275837520582,5.838139E-6,19.14511,0.013699471,0.25966176,0.0014007087,0.08411306,0.0053287637,0.4840425,0.009527168,0.7527057,0.002702917,0.0839903,0.0036394799,0.4959622,0.016389597,null,null,null,null,"TWOGAUSSIANS",8,1.0553491,0.7527057,0.002702917,0.4,0.0,0.4855788,0.013841427,0.25966176,0.0014007087,0.4,0.0,0.4736591,0.010499326
375316653866487564,5960972259610094592,0.5032862,2438.614774314477,3.9762288107588066,9.800778E-5,19.622477,0.014443887,0.26811498,0.02210669,0.06989193,0.022087364,0.40897992,0.14907706,0.780854,0.016520362,0.054653477,0.013112173,1.3676836,2.7320495,null,null,null,null,"TWOGAUSSIANS",8,1.1087241,0.780854,0.016520362,0.30605945,0.07342817,1.3674004,2.7325475,0.26811498,0.02210669,0.39139482,0.030086275,0.40869665,0.15092951
375316653866487564,5960972431399322112,0.50565845,2328.9368159731584,2.5048050114119134,2.5781332E-5,16.91407,0.029709937,0.31108192,0.009895535,0.09454802,0.013888561,0.19616367,0.03058396,0.79304284,0.009625968,0.117440104,0.021577153,0.18668671,0.030454144,null,null,null,null,"TWOGAUSSIANS",8,17.469234,0.3111319,0.009882496,0.4,0.0,0.17708707,0.011177632,0.79304284,0.009625968,0.4,0.0,0.16755837,0.016322728
375316653866487564,5960972534488641536,0.46958768,2389.6100794216513,0.4327122998627776,6.6548E-5,19.26117,0.06638216,0.32317865,0.017712943,0.14261363,0.047021627,0.20538862,0.06589981,0.8585291,0.06300547,0.101125725,0.042268775,0.09200923,0.07049045,null,null,null,null,"TWOGAUSSIANS",8,3.177684,0.32316867,0.017592687,0.4,0.0,0.1795617,0.03144459,0.8607391,0.0671014,0.4,0.0,0.06739667,0.029185802
375316653866487564,5960972848001593472,0.48719016,2260.84069586656,2.369862108537316,1.7568203E-5,19.328257,0.021734133,0.21948421,0.007230269,0.06385979,0.008058555,0.38222915,0.034742594,0.74096525,0.018310418,0.06707115,0.016311705,0.19709529,0.028620766,null,null,null,null,"TWOGAUSSIANS",8,4.7458415,0.21948421,0.007230269,0.35761482,0.04512791,0.3820344,0.03447272,0.74096525,0.018310418,0.37559843,0.061850548,0.19690053,0.028200248
375316653866487564,5960973324762446976,0.46534696,2402.648532708087,3.7263574238736092,8.0740465E-5,18.018423,0.009234038,0.30342978,0.011660292,0.070039235,0.01173968,0.13882796,0.019551244,0.75068635,0.025328638,0.06747328,0.018856712,0.31471142,0.261376,null,null,null,null,"TWOGAUSSIANS",8,2.2074172,0.75068635,0.025328638,0.37785035,0.093167216,0.31458354,0.26153865,0.30342978,0.011660292,0.39221972,0.049112894,0.13870008,0.019510316
375316653866487564,5960973908852179328,0.5268744,2345.328787712317,1.6960088451753133,1.4457296E-5,18.9766,0.029468026,0.33067507,0.0085140765,0.09621972,0.011836487,0.35542557,0.033424653,0.8151464,0.011110644,0.10211301,0.017972423,0.28354815,0.04162824,null,null,null,null,"TWOGAUSSIANS",8,2.3863237,0.33067507,0.0085294135,0.4,0.0,0.33389407,0.022192353,0.8151464,0.011110644,0.4,0.0,0.2620135,0.039309528
375316653866487564,5960973913153215616,0.54896784,2396.416421784862,3.0891392875023023,7.9602636E-5,19.67224,0.014250215,0.2666233,0.016118713,0.06100685,0.015239877,0.4615883,0.047834385,0.77063715,0.015488623,0.06619092,0.02156843,0.5025931,0.0568308,null,null,null,null,"TWOGAUSSIANS",8,1.9994177,0.77063715,0.015488623,0.37066913,0.0743653,0.5022175,0.058558576,0.2666233,0.016118713,0.3416384,0.08534331,0.46121266,0.047845323
375316653866487564,5960973947512929920,0.44335628,2333.321913401545,2.41154226286559,4.3729393E-5,18.485197,0.012644334,0.24521759,0.034496874,0.06477513,0.01967079,0.15192583,0.03338207,0.781573,0.0061916653,0.06428241,0.011757499,0.17902476,0.06742964,null,null,null,null,"TWOGAUSSIANS",8,9.813241,0.781573,0.0061916653,0.3599815,0.065841995,0.17896618,0.067459,0.24521759,0.034496874,0.36274076,0.110156424,0.15186726,0.033364892
375316653866487564,5960974046307165056,0.5457643,2340.3324724374584,1.40647255809227,7.0735464E-6,17.92976,0.0037458886,0.23495081,0.0033735868,0.05071099,0.008518426,0.14570844,0.03581926,0.7290554,0.0027085957,0.052722964,0.00341025,0.25773725,0.031122955,null,null,null,null,"TWOGAUSSIANS",8,1.5314516,0.7290554,0.0027085957,0.2952486,0.019097399,0.25773475,0.031124607,0.23495081,0.0033735868,0.28398156,0.04770318,0.14570595,0.035828326
375316653866487564,5960974218116782464,0.5009941,2351.302549900786,3.375830123064897,4.275242E-5,19.78724,0.026722588,0.3403253,0.0063536516,0.09637631,0.013639795,0.2916628,0.04477357,0.8303531,0.0070625558,0.06631878,0.013914607,0.22985366,0.040006835,null,null,null,null,"TWOGAUSSIANS",8,1.6747905,0.3403253,0.0063536516,0.4,0.0,0.28783756,0.044244587,0.8303531,0.0070625558,0.3713852,0.072811164,0.22602935,0.039669376
375316653866487564,5960974256799616896,0.5396419,2343.2611690910826,1.5856104434342575,3.0982934E-5,17.854376,0.023013322,0.20322987,0.01519666,0.08160192,0.03130249,0.11604987,0.018356597,0.69740015,0.0045878766,0.095884405,0.011947845,0.17867099,0.02230873,null,null,null,null,"TWOGAUSSIANS",8,3.0307753,0.69740015,0.0045878766,0.4,0.0,0.17364448,0.011811672,0.20322987,0.0152138965,0.4,0.0,0.111023836,0.009112708
375316653866487564,5960974389915657088,0.52393645,2365.3266052617796,2.628757665833086,3.9627394E-5,19.739456,0.015405507,0.28819528,0.005681311,0.06641272,0.012537157,0.7017119,0.13848196,0.7912436,0.012225987,0.06345056,0.008977102,0.6459354,0.089430846,null,null,null,null,"TWOGAUSSIANS",8,4.424723,0.28819528,0.005681311,0.3719112,0.07020808,0.70096856,0.13924733,0.7912436,0.012225987,0.35532314,0.05027177,0.64519215,0.08975293
375316653866487564,5960974462958135808,0.54258233,2310.6074911478604,0.041735550268108206,1.033244E-6,18.603075,0.010150799,0.3491166,1.7406514E-6,0.0024602413,3.5265464E-5,0.88836884,0.0073968465,0.54287493,5.252775E-4,0.019362457,0.004034752,0.037616596,0.009882896,null,null,null,null,"TWOGAUSSIANS",8,16.819153,0.3491166,1.7406514E-6,0.013777351,1.9748659E-4,0.88836884,0.0073968465,0.54287493,5.252775E-4,0.10842976,0.02259461,0.037616596,0.009882896
375316653866487564,5960974497268830208,0.4818225,2357.4847909740984,2.466545960673419,2.1733316E-5,19.536602,0.1014591,0.16668235,0.009861863,0.108631685,0.039239947,0.37614828,0.0844298,0.66425186,0.008655809,0.09578669,0.021118121,0.3601361,0.09702403,null,null,null,null,"TWOGAUSSIANS",8,2.9630349,0.16668235,0.009867949,0.4,0.0,0.34027246,0.063564055,0.66425186,0.008650179,0.4,0.0,0.32427835,0.03432668
375316653866487564,5960974527354455168,0.4774065,2328.0018052978576,2.744113743281713,3.0326775E-5,19.733961,0.116139494,0.31617704,0.010675635,0.11002636,0.028805492,0.40615818,0.12271456,0.8215441,0.0035526056,0.10168806,0.028140523,0.45453128,0.07322035,null,null,null,null,"TWOGAUSSIANS",8,2.7306285,0.8215541,0.0035552762,0.4,0.0,0.4049951,0.04489311,0.31617704,0.010673166,0.4,0.0,0.3566,0.08512182
375316653866487564,5960974561680785536,0.44088596,2428.271023448576,2.0577910398417263,8.309403E-5,17.766165,0.07338285,0.2677604,0.02142586,0.109891914,0.037142564,0.37850538,0.095380045,0.7469251,0.011766509,0.07444175,0.036039256,0.27101392,0.0480131,null,null,null,null,"TWOGAUSSIANS",8,6.4339743,0.2677604,0.021426043,0.4,0.0,0.3665149,0.099971846,0.7469251,0.011766509,0.4,0.049706586,0.2590566,0.058812335
375316653866487564,5960974596045848064,0.5498452,2341.9941766151624,1.3618344800117148,1.6479436E-5,17.867392,0.015782125,0.21178614,0.004075024,0.10005997,0.014585068,0.20632964,0.0104572335,0.71488255,0.003577183,0.09321303,0.008761228,0.199399,0.014221038,null,null,null,null,"TWOGAUSSIANS",8,2.543974,0.21178614,0.004075024,0.4,0.0,0.19262719,0.018174142,0.71488255,0.003577183,0.4,0.0,0.1856979,0.0065878755
375316653866487564,5960974772195911296,0.65964407,2351.152430250437,1.7268992124964717,4.0181753E-6,14.910272,0.0033071274,0.2595177,0.0014869355,0.091408454,0.0024882155,0.36113816,0.009933838,0.7625247,0.0011836106,0.08607667,0.0014806468,0.40272307,0.0044125183,null,null,null,null,"TWOGAUSSIANS",8,15.5727625,0.7625247,0.0011836106,0.4,0.0,0.38901088,0.0038617204,0.2595177,0.0014869355,0.4,0.0,0.3474258,0.010989161
375316653866487564,5960974943994636416,0.48306185,2425.828635924154,4.1153651289735675,1.8585364E-4,19.340416,0.015034316,0.24521644,0.02842691,0.11838197,0.033119682,0.122627854,0.031172711,0.5467661,0.027386757,0.04274877,0.0063921874,2.7060218,2.4774892,null,null,null,null,"TWOGAUSSIANS",8,1.448496,0.5467661,0.027386757,0.23939312,0.03579625,2.7107573,2.4758024,0.24521644,0.02842691,0.4,0.0,0.12258122,0.03114842
375316653866487564,5960975008362003200,0.56887245,2312.1646108089926,1.607093126603298,9.84996E-6,18.109339,0.027032163,0.19084607,0.0031000287,0.095655665,0.010789121,0.2555155,0.026734041,0.70676965,0.003666256,0.09228877,0.014745088,0.1708544,0.024481466,null,null,null,null,"TWOGAUSSIANS",8,1.8342078,0.19084607,0.0031000287,0.4,0.0,0.24585241,0.020606631,0.70676965,0.003666256,0.4,0.0,0.16119194,0.017247453
