Gaia/vari_eclipsing_binary/VariEclipsingBinary_477729-477749.csv
# %ECSV 1.0
# ---
# delimiter: ','
# meta: !!omap
# - RELEASE: Gaia DR3
# - TABLE: vari_eclipsing_binary
# - DESCRIPTION: >
#     This table describes the properties of the eclipsing binaries resulting from the variability analysis. 
# - CITATION: >
#     How to cite and acknowledge Gaia: 
#     https://gea.esac.esa.int/archive/documentation/credits.html 
# - KNOWN_ISSUES: >
#     Known issues: 
#     https://www.cosmos.esa.int/web/gaia-users/known-issues 
# - DOCUMENTATION: >
#     Tutorials and documentation: 
#     https://www.cosmos.esa.int/web/gaia-users/archive 
# datatype:
# - 
#   name: solution_id
#   datatype: int64
#   description: Solution Identifier
#   meta:
#     ucd: meta.version
# - 
#   name: source_id
#   datatype: int64
#   description: Unique source identifier
#   meta:
#     ucd: meta.id;meta.main
# - 
#   name: global_ranking
#   datatype: float32
#   description: Number between 0 (worst) and 1 (best)
#   meta:
#     ucd: stat.param
# - 
#   name: reference_time
#   datatype: float64
#   unit: d
#   description: Reference time used for the geometric model fit
#   meta:
#     ucd: time.epoch
# - 
#   name: frequency
#   datatype: float64
#   unit: d**-1
#   description: Frequency of geometric model of the eclipsing binary light curve
#   meta:
#     ucd: src.orbital
# - 
#   name: frequency_error
#   datatype: float32
#   unit: d**-1
#   description: "Uncertainty of \\texttt{frequency}"
#   meta:
#     ucd: stat.error
# - 
#   name: geom_model_reference_level
#   datatype: float32
#   unit: mag
#   description: Magnitude reference level of geometric model
#   meta:
#     ucd: phot.mag;em.opt
# - 
#   name: geom_model_reference_level_error
#   datatype: float32
#   unit: mag
#   description: "Uncertainty of \\texttt{geomModelReferenceLevel}"
#   meta:
#     ucd: stat.error;phot.mag;em.opt
# - 
#   name: geom_model_gaussian1_phase
#   datatype: float32
#   description: Phase of the Gaussian 1 component
#   meta:
#     ucd: time.phase
# - 
#   name: geom_model_gaussian1_phase_error
#   datatype: float32
#   description: "Uncertainty of \\texttt{geomModelGaussian1Phase}"
#   meta:
#     ucd: stat.error;time.phase
# - 
#   name: geom_model_gaussian1_sigma
#   datatype: float32
#   description: "Standard deviation [phase] of Gaussian 1 component"
#   meta:
#     ucd: stat.stdev
# - 
#   name: geom_model_gaussian1_sigma_error
#   datatype: float32
#   description: "Uncertainty of \\texttt{geomModelGaussian1Sigma}"
#   meta:
#     ucd: stat.error
# - 
#   name: geom_model_gaussian1_depth
#   datatype: float32
#   unit: mag
#   description: Magnitude depth of Gaussian 1 component
#   meta:
#     ucd: src.var.amplitude
# - 
#   name: geom_model_gaussian1_depth_error
#   datatype: float32
#   unit: mag
#   description: "Uncertainty of \\texttt{geomModelGaussian1Depth}"
#   meta:
#     ucd: stat.error;src.var.amplitude
# - 
#   name: geom_model_gaussian2_phase
#   datatype: float32
#   description: Phase of Gaussian 2 component
#   meta:
#     ucd: time.phase
# - 
#   name: geom_model_gaussian2_phase_error
#   datatype: float32
#   description: "Uncertainty of \\texttt{geomModelGaussian2Phase}"
#   meta:
#     ucd: stat.error;time.phase
# - 
#   name: geom_model_gaussian2_sigma
#   datatype: float32
[...]
#   datatype: float32
#   description: "Secondary eclipse: uncertainty of \\texttt{derivedSecondaryEclDuration}"
#   meta:
#     ucd: stat.error;time.duration
# - 
#   name: derived_secondary_ecl_depth
#   datatype: float32
#   unit: mag
#   description: "Secondary eclipse: depth"
#   meta:
#     ucd: src.var.amplitude
# - 
#   name: derived_secondary_ecl_depth_error
#   datatype: float32
#   unit: mag
#   description: "Secondary eclipse: uncertainty of \\texttt{derivedSecondaryEclDepth}"
#   meta:
#     ucd: stat.error;src.var.amplitude
solution_id,source_id,global_ranking,reference_time,frequency,frequency_error,geom_model_reference_level,geom_model_reference_level_error,geom_model_gaussian1_phase,geom_model_gaussian1_phase_error,geom_model_gaussian1_sigma,geom_model_gaussian1_sigma_error,geom_model_gaussian1_depth,geom_model_gaussian1_depth_error,geom_model_gaussian2_phase,geom_model_gaussian2_phase_error,geom_model_gaussian2_sigma,geom_model_gaussian2_sigma_error,geom_model_gaussian2_depth,geom_model_gaussian2_depth_error,geom_model_cosine_half_period_amplitude,geom_model_cosine_half_period_amplitude_error,geom_model_cosine_half_period_phase,geom_model_cosine_half_period_phase_error,model_type,num_model_parameters,reduced_chi2,derived_primary_ecl_phase,derived_primary_ecl_phase_error,derived_primary_ecl_duration,derived_primary_ecl_duration_error,derived_primary_ecl_depth,derived_primary_ecl_depth_error,derived_secondary_ecl_phase,derived_secondary_ecl_phase_error,derived_secondary_ecl_duration,derived_secondary_ecl_duration_error,derived_secondary_ecl_depth,derived_secondary_ecl_depth_error
[from data line 263]
375316653866487564,4202233969918732032,0.57261574,2215.029835936871,2.1957971517614,1.0893506E-5,17.573498,0.031747296,0.24642004,0.0059407377,0.13108133,0.01700638,0.22684582,0.031882178,0.7251597,0.002523165,0.09418317,0.006900925,0.35888934,0.029813934,null,null,null,null,"TWOGAUSSIANS",8,5.5011053,0.7251597,0.002523165,0.4,0.0,0.32260224,0.012044974,0.24642004,0.005939271,0.4,0.0,0.19018824,0.008959689
375316653866487564,4202234249159943808,0.53352195,2157.0363889544506,0.8082359836368894,2.2225868E-5,17.631716,0.27642256,0.2811194,0.0839128,0.10543431,0.13464034,0.14258777,0.28176084,0.7241525,0.03895905,0.0839968,0.03484118,0.4528417,0.27913892,null,null,null,null,"TWOGAUSSIANS",8,14.68424,0.7241525,0.03895905,0.4,0.0,0.4467735,0.106205136,0.2811194,0.083860405,0.4,0.1438392,0.13649897,0.076236084
375316653866487564,4202234283519716096,0.47259042,2180.4530006790415,1.8930984391309245,1.9122419E-5,15.8693,0.0026655295,0.29793015,0.0052719126,0.0129495505,0.0071810503,0.1197603,0.2674386,0.70065874,0.011304552,0.060542293,0.0063783717,0.13460755,0.01814729,null,null,null,null,"TWOGAUSSIANS",8,8.916838,0.70065874,0.011304552,0.33903685,0.03571888,0.13460755,0.01814729,0.29793015,0.0052719126,0.072517484,0.04021388,0.1197603,0.2674386
375316653866487564,4202234558362725888,0.49790844,2149.1027992986837,0.2391885913231151,4.662915E-5,19.568037,0.26959586,0.16130288,0.027849857,0.20639874,0.10748116,0.37835163,0.26448214,0.6283932,0.019046092,0.12877423,0.030007241,0.6343121,0.15881714,null,null,null,null,"TWOGAUSSIANS",8,1.389051,0.6283932,0.019046092,0.4,0.0,0.43830922,0.06865874,0.16389288,0.026575083,0.4,0.0,0.1406579,0.02723461
375316653866487564,4202234730161429120,0.5194928,2175.9699791860676,0.10651439433560009,4.3706004E-5,19.65413,0.03321112,0.2091371,0.008264498,0.1000161,0.019099174,0.22801475,0.038011152,0.7177505,0.01021023,0.07959953,0.025736075,0.2170543,0.026104692,null,null,null,null,"TWOGAUSSIANS",8,1.0171062,0.2091371,0.008264498,0.4,0.0,0.21997383,0.024978228,0.7177505,0.01021023,0.4,0.015812043,0.20901524,0.011632327
375316653866487564,4202235619203787136,0.51072544,2165.1933923887514,2.6603902096737277,2.5709956E-5,18.25921,0.10581688,0.30236268,0.008982458,0.10261994,0.06563421,0.23065446,0.068606555,0.80520105,0.008798604,0.09201202,0.024028033,0.27172536,0.09715981,null,null,null,null,"TWOGAUSSIANS",8,6.2825384,0.80520105,0.008795931,0.4,0.0,0.25407222,0.019439472,0.30236268,0.00898535,0.4,0.0,0.21299829,0.0339109
375316653866487564,4202235932787153280,0.5230699,2161.02811542504,3.906667387369745,2.1839121E-5,17.611439,0.026533056,0.3112147,0.010678639,0.061437856,0.015864573,0.52380145,0.04147543,0.78365713,0.0042262212,0.073305726,0.0074856607,0.62805164,0.05416248,null,null,null,null,"TWOGAUSSIANS",8,30.867733,0.78365713,0.0042262212,0.4,0.011762708,0.6275112,0.054390617,0.3112147,0.010678639,0.344052,0.08790043,0.523261,0.041630242
375316653866487564,4202236065863106304,0.6080503,2207.4763964710223,1.113566593464014,1.2928978E-5,17.500189,0.004843787,0.22506376,0.0079623,0.0697623,0.0063847224,0.26779857,0.012161994,0.72768706,0.0043019042,0.07948484,0.006957355,0.13425852,0.0082669435,null,null,null,null,"TWOGAUSSIANS",8,1.9755931,0.22506376,0.0079623,0.39066887,0.031096876,0.26653385,0.01176725,0.72768706,0.0043019042,0.4,0.0,0.13299379,0.008394117
375316653866487564,4202236345103916800,0.68812114,2237.5109533453533,1.0037567532300964,4.1485996E-6,14.094078,0.004883087,0.31263253,0.001794703,0.041321326,0.010997872,0.040944505,0.011977461,0.8138874,0.0032308497,0.05857561,0.0073354933,0.08795602,0.01247822,0.07761836,0.0077889273,0.31263253,0.001794703,"TWOGAUSSIANS_WITH_ELLIPSOIDAL_ON_ECLIPSE1",9,11.813796,0.8138874,0.0029018137,0.3280234,0.04107876,0.24317421,0.009608517,0.31263253,0.001794703,0.23139942,0.061588082,0.19617236,0.004378028
375316653866487564,4202237135347519232,0.507784,2255.7825436748244,0.3701938974929484,5.8208603E-5,18.995716,0.004846708,0.39608574,0.02019479,0.059860636,0.011015727,0.21927255,0.023454027,0.7945705,0.023412475,0.09336737,0.020122336,0.052848764,0.015062322,null,null,null,null,"TWOGAUSSIANS",8,0.7220725,0.39608574,0.020201571,0.33521956,0.061688073,0.21919961,0.023184935,0.7945705,0.023412475,0.4,0.0,0.05276996,0.015024284
375316653866487564,4202237307181753600,0.57935935,2257.951011922976,4.8633756951485685,3.1707543E-5,18.364082,0.065254785,0.28069094,0.0048191994,0.058152463,0.015066532,1.3411316,0.8289746,0.76879174,0.00546234,0.17519325,0.09361458,0.1160304,0.047172945,null,null,null,null,"TWOGAUSSIANS",8,0.9494482,0.28072095,0.0048522,0.3256538,0.07983996,1.3177131,0.8455938,0.76879174,0.00546234,0.4,0.0,0.08859405,0.015565668
375316653866487564,4202237582024269568,0.60101676,2236.951610231783,2.0538655319593775,1.6215528E-5,18.641111,0.016553018,0.2646892,0.004792554,0.081982054,0.0066638365,0.4187222,0.02003286,0.77382255,0.0050358507,0.10063105,0.009281503,0.3101725,0.02037495,null,null,null,null,"TWOGAUSSIANS",8,1.3822635,0.2646892,0.004792554,0.4,0.0,0.404306,0.01887445,0.77382255,0.0050358507,0.4,0.0,0.29575333,0.019949833
375316653866487564,4202237921288829696,0.6385952,2235.4943475322702,1.5182117470994507,7.811373E-6,17.070704,0.0019874691,0.24616455,0.003282459,0.05789129,0.0036296446,0.24726686,0.009381512,0.7485028,0.005386679,0.0653405,0.007750473,0.14339294,0.019665115,null,null,null,null,"TWOGAUSSIANS",8,1.4753524,0.24616455,0.003282459,0.3241912,0.020326009,0.24717607,0.009417588,0.7485028,0.005386679,0.36590677,0.043402646,0.14330213,0.01974195
375316653866487564,4202238303579416832,0.60974234,2285.029459097131,0.06380804628168119,5.5947385E-5,17.614902,0.03202854,0.35145038,0.012143916,0.16381271,0.05233781,0.09878132,0.03021205,0.7046354,0.01217754,0.06737186,0.009556378,0.3589153,0.043746505,null,null,null,null,"TWOGAUSSIANS",8,1.1203799,0.7046354,0.01217754,0.3772824,0.041392174,0.3635119,0.049000263,0.3514604,0.012140738,0.4,0.0,0.09367101,0.022393761
375316653866487564,4202239536196849792,0.58891296,2239.604399422732,2.9347136025508607,1.164262E-5,17.7401,0.008696565,0.3424707,0.0031845008,0.07943596,0.0036287585,0.46569997,0.011487857,0.83545405,0.008748111,0.081816375,0.014954468,0.47924107,0.30009222,null,null,null,null,"TWOGAUSSIANS",8,7.5868254,0.83545405,0.008748111,0.4,0.0042292485,0.47250083,0.3036053,0.3424707,0.0031845008,0.4,0.0,0.45895973,0.011027146
375316653866487564,4202239639276119808,0.5396892,2318.105252095414,2.4596399790133248,2.8186583E-5,16.179062,0.023377815,0.3121279,0.005771462,0.09818049,0.017799895,0.20163873,0.01933801,0.8000821,0.004123696,0.08809241,0.015872054,0.20363264,0.0212222,null,null,null,null,"TWOGAUSSIANS",8,24.711777,0.8000821,0.004123696,0.4,0.0,0.19438574,0.021404801,0.3121279,0.005771462,0.4,0.0,0.19239075,0.02230452
375316653866487564,4202239707995539840,0.5494512,2293.4412987807414,3.117295296819258,4.69748E-5,18.90252,0.018561944,0.30337703,0.005263293,0.07622604,0.006926938,0.50356203,0.050084405,0.797141,0.009802891,0.10442069,0.009653998,0.46982574,0.021099787,null,null,null,null,"TWOGAUSSIANS",8,7.0215545,0.30337703,0.0052622817,0.4,0.0,0.48478156,0.051705223,0.797141,0.009802891,0.4,0.0,0.451035,0.016373247
375316653866487564,4202239982874104832,0.52863085,2225.2116060189965,2.906286230163791,3.2681684E-5,18.44024,0.022753205,0.20066507,0.010100133,0.07135473,0.028196972,0.3486054,0.13879158,0.6999949,0.0035830913,0.08192605,0.012985797,0.21006726,0.019443905,null,null,null,null,"TWOGAUSSIANS",8,2.6430516,0.20066507,0.010100133,0.3995865,0.022825679,0.3460602,0.14770585,0.6999949,0.0035830913,0.4,0.0,0.20752205,0.015843097
375316653866487564,4202240777483684736,0.54511154,2372.3386593895693,2.358248130639396,1.0709009E-5,18.857014,0.01940866,0.22293572,0.0014283144,0.05999211,0.0047216616,0.32588434,0.014482692,0.7496153,0.08844031,0.09150275,0.05575015,0.1327858,3.721673,null,null,null,null,"TWOGAUSSIANS",8,1.8165487,0.22293572,0.0014283144,0.3359558,0.026441306,0.32502028,0.012730351,0.7496153,0.08844031,0.4,0.14437954,0.13192153,3.7227595
375316653866487564,4202241151104359552,0.48488924,2222.001143675609,0.8398778421173102,5.208328E-5,18.070065,0.015962124,0.2407166,0.010218878,0.0951272,0.01733721,0.12782305,0.019993693,0.7033486,0.008523564,0.0711256,0.023151852,0.10492423,0.014018247,null,null,null,null,"TWOGAUSSIANS",8,3.3283324,0.2407166,0.010218878,0.4,0.0,0.12657048,0.018553482,0.7033486,0.008523564,0.39830336,0.06753035,0.1036726,0.015240129
375316653866487564,4202241395956468224,0.5474911,2235.189575852305,3.0785468039927433,5.6920024E-5,19.469978,0.012911393,0.25499678,0.0069191563,0.07031023,0.0064871563,0.7291396,0.0905423,0.7162375,0.06279464,0.061905388,0.04593707,0.44154313,1.928546,null,null,null,null,"TWOGAUSSIANS",8,2.591153,0.25499678,0.0069191563,0.3937373,0.018826263,0.72885454,0.09068652,0.7162375,0.06279464,0.34667018,0.25724757,0.44125804,1.9289224
375316653866487564,4202241666500601984,0.5771197,2292.0795671522283,2.3489977629504946,4.475411E-5,17.218979,0.0037291278,0.27214757,0.0025373448,0.010618957,0.0024144994,0.1777633,0.060944345,0.6344007,0.016465453,0.022663476,0.012648031,0.8973125,0.2908737,null,null,null,null,"TWOGAUSSIANS",8,10.8792095,0.6344007,0.016465453,0.12691547,0.070828974,0.8973125,0.2908737,0.27214757,0.0025373448,0.059466157,0.013521197,0.1777633,0.060944345
375316653866487564,4202242181896637184,0.5095117,2201.3657063333344,2.952225041231609,3.3082764E-5,17.607433,0.038088888,0.22719234,0.007625873,0.110569336,0.017818432,0.27038628,0.036732323,0.7254368,0.02877025,0.096872814,0.02981588,0.2858426,0.041110355,null,null,null,null,"TWOGAUSSIANS",8,14.29689,0.7254368,0.02877025,0.4,0.002531274,0.25617623,0.036562487,0.22719234,0.007625473,0.4,0.0,0.2407012,0.01737677
375316653866487564,4202242289338630528,0.6782122,2224.5473840849613,2.1262343089937006,6.129582E-6,15.21889,0.03744982,0.28488648,0.0013069204,0.06788564,0.011759295,0.228074,0.068198875,0.7817006,0.0040880865,0.06822464,0.0117802145,0.2555111,0.068389714,0.07224493,0.036300357,0.28488648,0.0013069204,"TWOGAUSSIANS_WITH_ELLIPSOIDAL_ON_ECLIPSE1",9,13.535994,0.78225064,0.0034359861,0.38205796,0.055530306,0.3994329,0.012505436,0.28488648,0.0013069204,0.38015956,0.056474306,0.3720437,0.011471555
375316653866487564,4202243079584392832,0.5367997,2224.2333851058447,2.599753504708863,1.1428812E-5,19.349901,0.014473527,0.25185832,0.006615749,0.08468005,0.012786387,0.26633367,0.040353913,0.75025904,0.0016290223,0.08344965,0.0057059946,0.3275726,0.029057264,null,null,null,null,"TWOGAUSSIANS",8,0.7426686,0.75025904,0.0016290223,0.4,0.0,0.32068658,0.029058127,0.25185832,0.006615749,0.4,0.0,0.25944763,0.0433553
375316653866487564,4202243320136062976,0.4387337,2209.156115029546,0.6457466575131225,2.6170163E-5,19.032587,0.025139488,null,null,null,null,null,null,null,null,null,null,null,null,0.21755639,0.05853154,0.19361383,0.007640072,"ELLIPSOIDAL",4,5.488211,null,null,null,null,null,null,null,null,null,null,null,null
375316653866487564,4202243423210783744,0.59078753,2282.8390969733573,1.2768123268884684,1.1658331E-5,15.99988,0.0037602487,0.23873349,0.0069991117,0.024872199,0.0122007085,0.06630355,0.013910335,0.6557887,0.041177887,0.05932257,0.02094733,0.0068717147,0.0110808,0.04381638,0.0048771063,0.23873349,0.0069991117,"TWOGAUSSIANS_WITH_ELLIPSOIDAL_ON_ECLIPSE1",9,5.2415457,0.23873349,0.0069991117,0.13928431,0.06832396,0.15393609,0.009285988,0.7290687,0.016330175,0.3322064,0.11730504,0.09051395,0.0033014126
375316653866487564,4202243457540250880,0.4331834,2180.4371333530617,0.45712172254605155,3.80894E-5,18.665564,0.0129243145,0.1554278,0.015189563,0.055885065,0.019030267,0.5150425,0.18963172,0.80159885,0.0077106375,0.06532191,0.006255746,0.48838887,0.037552085,null,null,null,null,"TWOGAUSSIANS",8,9.027852,0.1554278,0.015189563,0.31295636,0.1065695,0.515042,0.18963285,0.80159885,0.0077106375,0.3658027,0.035032175,0.4883882,0.037552074
375316653866487564,4202244110406030080,0.49984828,2308.3737516125166,4.124539408269751,1.25256E-4,17.878416,0.0062539247,0.45827392,0.008656186,0.057049613,0.00561949,0.25944814,0.01880604,null,null,null,null,null,null,null,null,null,null,"ONEGAUSSIAN",5,8.012544,0.45827392,0.008656186,0.31947783,0.031469144,0.25944814,0.0,null,null,null,null,null,null
375316653866487564,4202244312219714176,0.57049745,2238.147209115789,2.210853999558446,2.3588815E-5,17.916285,0.022613594,0.30401188,0.0041852156,0.08770103,0.00839625,0.34241542,0.02183257,0.82067925,0.00658538,0.07937516,0.008552781,0.3856921,0.028515568,null,null,null,null,"TWOGAUSSIANS",8,7.230398,0.82067925,0.00658538,0.4,0.0,0.3796282,0.026061919,0.30401188,0.0041852156,0.4,0.0,0.33635145,0.018360438
375316653866487564,4202244557052711552,0.47878298,2270.7559605065326,2.903620112036372,2.283677E-5,18.698532,0.07881058,0.24676925,0.022609118,0.07110723,0.10333042,0.1431592,0.02364108,0.77036685,0.0034985945,0.033785775,0.016925056,0.150088,0.061641958,null,null,null,null,"TWOGAUSSIANS",8,3.3100414,0.77036685,0.0034723836,0.18920034,0.0947803,0.15008694,0.052263096,0.24676925,0.022609118,0.39820048,0.06660175,0.14315814,0.023991643
375316653866487564,4202244866290771584,0.5647148,2238.567427325324,1.3261760358079306,1.1197907E-5,18.700335,0.014515042,0.34769627,0.0052036922,0.07644358,0.0072650993,0.312689,0.014587951,0.8557777,0.005971585,0.087166145,0.010425073,0.23828857,0.021974145,null,null,null,null,"TWOGAUSSIANS",8,1.0265774,0.34769627,0.0052036922,0.4,0.0,0.30835152,0.012557848,0.8557777,0.005971585,0.4,0.0,0.23395105,0.023151927
375316653866487564,4202245038118996096,0.6164578,2294.959357955158,0.21002087332824515,4.1147323E-5,15.034327,0.0018264587,0.4223529,0.017906167,0.01733969,0.011210332,0.12420992,33.4412,0.7824664,0.006026756,0.043539733,0.014861679,0.71107596,2.2354972,0.007096867,0.0029557939,0.7824664,0.006026756,"TWOGAUSSIANS_WITH_ELLIPSOIDAL_ON_ECLIPSE2",9,21.73618,0.7824664,0.006026756,0.2438225,0.0832254,0.7252696,2.2353575,0.4221429,0.01759124,0.09710226,0.062777855,0.12999615,33.440994
375316653866487564,4202245102474804864,0.57802576,2311.6094108071266,1.8654895670555296,3.9809413E-5,18.734426,0.011425957,0.24553867,0.008202002,0.08857488,0.012367858,0.17338704,0.02619374,0.7140218,0.0028323897,0.08754087,0.00459389,0.35316747,0.014241655,null,null,null,null,"TWOGAUSSIANS",8,1.4702574,0.7140218,0.0028323897,0.4,0.0,0.34801212,0.01275865,0.24553867,0.008202002,0.4,0.0,0.16823174,0.027075294
375316653866487564,4202245519143686528,0.48136514,2319.419777652928,2.291256052945059,3.6352467E-5,18.532255,0.19431476,0.30860627,0.013307367,0.1250178,0.056175675,0.44007918,0.16742663,0.8803842,0.0979225,0.075618885,0.05579734,0.28081998,0.27534723,null,null,null,null,"TWOGAUSSIANS",8,19.599571,0.30860627,0.013307367,0.4,0.0,0.4276573,0.160239,0.8810842,0.09839393,0.4,0.2862235,0.26966935,0.26464692
375316653866487564,4202245720953813120,0.53336066,2312.902177790176,0.21646429029063005,1.251647E-4,17.889465,0.006163172,0.26977113,0.007879212,0.056296147,0.0074373377,0.072208524,0.009336062,0.8044557,0.0058178995,0.06082614,0.0059443144,0.28058836,0.054071713,null,null,null,null,"TWOGAUSSIANS",8,3.0303824,0.8044557,0.0058178995,0.3406264,0.03328816,0.28057972,0.05408069,0.26977113,0.007879212,0.3152584,0.04164909,0.0721999,0.009329017
375316653866487564,4202245824032951680,0.7430191,2361.9380372137166,1.2183275090788221,3.900796E-6,16.707329,0.006429223,0.35303614,9.5374644E-4,0.04596843,0.003698871,0.28436235,0.01838886,0.85580933,0.009100944,0.044397846,0.00827193,0.26367733,0.055503987,0.1554812,0.010052784,0.35303614,9.5374644E-4,"TWOGAUSSIANS_WITH_ELLIPSOIDAL_ON_ECLIPSE1",9,1.5902015,0.35303614,9.5374644E-4,0.2574232,0.020713678,0.5953245,0.020164596,0.85580933,0.009100944,0.24862795,0.046322804,0.5745451,0.06347285
