Gaia/vari_eclipsing_binary/VariEclipsingBinary_530012-530057.csv
# %ECSV 1.0
# ---
# delimiter: ','
# meta: !!omap
# - RELEASE: Gaia DR3
# - TABLE: vari_eclipsing_binary
# - DESCRIPTION: >
#     This table describes the properties of the eclipsing binaries resulting from the variability analysis. 
# - CITATION: >
#     How to cite and acknowledge Gaia: 
#     https://gea.esac.esa.int/archive/documentation/credits.html 
# - KNOWN_ISSUES: >
#     Known issues: 
#     https://www.cosmos.esa.int/web/gaia-users/known-issues 
# - DOCUMENTATION: >
#     Tutorials and documentation: 
#     https://www.cosmos.esa.int/web/gaia-users/archive 
# datatype:
# - 
#   name: solution_id
#   datatype: int64
#   description: Solution Identifier
#   meta:
#     ucd: meta.version
# - 
#   name: source_id
#   datatype: int64
#   description: Unique source identifier
#   meta:
#     ucd: meta.id;meta.main
# - 
#   name: global_ranking
#   datatype: float32
#   description: Number between 0 (worst) and 1 (best)
#   meta:
#     ucd: stat.param
# - 
#   name: reference_time
#   datatype: float64
#   unit: d
#   description: Reference time used for the geometric model fit
#   meta:
#     ucd: time.epoch
# - 
#   name: frequency
#   datatype: float64
#   unit: d**-1
#   description: Frequency of geometric model of the eclipsing binary light curve
#   meta:
#     ucd: src.orbital
# - 
#   name: frequency_error
#   datatype: float32
#   unit: d**-1
#   description: "Uncertainty of \\texttt{frequency}"
#   meta:
#     ucd: stat.error
# - 
#   name: geom_model_reference_level
#   datatype: float32
#   unit: mag
#   description: Magnitude reference level of geometric model
#   meta:
#     ucd: phot.mag;em.opt
# - 
#   name: geom_model_reference_level_error
#   datatype: float32
#   unit: mag
#   description: "Uncertainty of \\texttt{geomModelReferenceLevel}"
#   meta:
#     ucd: stat.error;phot.mag;em.opt
# - 
#   name: geom_model_gaussian1_phase
#   datatype: float32
#   description: Phase of the Gaussian 1 component
#   meta:
#     ucd: time.phase
# - 
#   name: geom_model_gaussian1_phase_error
#   datatype: float32
#   description: "Uncertainty of \\texttt{geomModelGaussian1Phase}"
#   meta:
#     ucd: stat.error;time.phase
# - 
#   name: geom_model_gaussian1_sigma
#   datatype: float32
#   description: "Standard deviation [phase] of Gaussian 1 component"
#   meta:
#     ucd: stat.stdev
# - 
#   name: geom_model_gaussian1_sigma_error
#   datatype: float32
#   description: "Uncertainty of \\texttt{geomModelGaussian1Sigma}"
#   meta:
#     ucd: stat.error
# - 
#   name: geom_model_gaussian1_depth
#   datatype: float32
#   unit: mag
#   description: Magnitude depth of Gaussian 1 component
#   meta:
#     ucd: src.var.amplitude
# - 
#   name: geom_model_gaussian1_depth_error
#   datatype: float32
#   unit: mag
#   description: "Uncertainty of \\texttt{geomModelGaussian1Depth}"
#   meta:
#     ucd: stat.error;src.var.amplitude
# - 
#   name: geom_model_gaussian2_phase
#   datatype: float32
#   description: Phase of Gaussian 2 component
#   meta:
#     ucd: time.phase
# - 
#   name: geom_model_gaussian2_phase_error
#   datatype: float32
#   description: "Uncertainty of \\texttt{geomModelGaussian2Phase}"
#   meta:
#     ucd: stat.error;time.phase
# - 
#   name: geom_model_gaussian2_sigma
#   datatype: float32
[...]
#   datatype: float32
#   description: "Secondary eclipse: uncertainty of \\texttt{derivedSecondaryEclDuration}"
#   meta:
#     ucd: stat.error;time.duration
# - 
#   name: derived_secondary_ecl_depth
#   datatype: float32
#   unit: mag
#   description: "Secondary eclipse: depth"
#   meta:
#     ucd: src.var.amplitude
# - 
#   name: derived_secondary_ecl_depth_error
#   datatype: float32
#   unit: mag
#   description: "Secondary eclipse: uncertainty of \\texttt{derivedSecondaryEclDepth}"
#   meta:
#     ucd: stat.error;src.var.amplitude
solution_id,source_id,global_ranking,reference_time,frequency,frequency_error,geom_model_reference_level,geom_model_reference_level_error,geom_model_gaussian1_phase,geom_model_gaussian1_phase_error,geom_model_gaussian1_sigma,geom_model_gaussian1_sigma_error,geom_model_gaussian1_depth,geom_model_gaussian1_depth_error,geom_model_gaussian2_phase,geom_model_gaussian2_phase_error,geom_model_gaussian2_sigma,geom_model_gaussian2_sigma_error,geom_model_gaussian2_depth,geom_model_gaussian2_depth_error,geom_model_cosine_half_period_amplitude,geom_model_cosine_half_period_amplitude_error,geom_model_cosine_half_period_phase,geom_model_cosine_half_period_phase_error,model_type,num_model_parameters,reduced_chi2,derived_primary_ecl_phase,derived_primary_ecl_phase_error,derived_primary_ecl_duration,derived_primary_ecl_duration_error,derived_primary_ecl_depth,derived_primary_ecl_depth_error,derived_secondary_ecl_phase,derived_secondary_ecl_phase_error,derived_secondary_ecl_duration,derived_secondary_ecl_duration_error,derived_secondary_ecl_depth,derived_secondary_ecl_depth_error
[from data line 72]
375316653866487564,4662065954796654464,0.4741039,1871.1569331353014,0.7333259512858389,2.708634E-5,18.212305,0.0061612874,0.19581366,0.017805675,0.03537467,0.026472617,0.03913646,0.03835749,0.6717494,0.003434783,0.041974753,0.003193565,0.296694,0.021414578,0.027620496,0.016293334,0.19581366,0.017805675,"TWOGAUSSIANS_WITH_ELLIPSOIDAL_ON_ECLIPSE1",9,11.942076,0.6723494,0.0028673678,0.2350586,0.017883964,0.35071263,0.018337104,0.19581366,0.017805675,0.19809815,0.14824666,0.09437741,0.029126814
375316653866487564,4662065984809873664,0.47209293,1855.7024245274065,0.5940299786350577,1.1576273E-5,18.392414,0.0020737248,0.36071628,0.0022393272,0.034834865,0.0028313515,0.14471275,0.015856085,0.837599,0.0057394938,0.035481606,0.0052154427,0.094593376,0.009469721,null,null,null,null,"TWOGAUSSIANS",8,2.3540857,0.36071628,0.0022393272,0.19507524,0.015855568,0.14471275,0.015856085,0.837599,0.0057394938,0.198697,0.029206479,0.094593376,0.009469721
375316653866487564,4662066397126788864,0.5505638,1877.4040193468927,1.3367505530698482,1.3497185E-5,18.159716,0.0038048453,0.11417915,0.0032246027,0.039360892,0.0042307707,0.11581267,0.005106602,0.61741006,0.010042393,0.060205024,0.005296161,0.4110864,0.046540827,null,null,null,null,"TWOGAUSSIANS",8,2.9084382,0.61741006,0.010042393,0.33714813,0.029658502,0.41108504,0.046538103,0.11417915,0.0032246027,0.220421,0.023692315,0.11581129,0.0051049516
375316653866487564,4662066470177649920,0.4160905,1910.9508099717614,2.107650656791378,9.54421E-6,17.857203,0.0024336467,0.1861612,0.00906749,0.0255625,0.0071406295,0.08567733,0.026498126,0.76606774,0.0011444677,0.022191413,0.0018909052,0.1729524,0.016659448,null,null,null,null,"TWOGAUSSIANS",8,5.992851,0.76606774,0.0011444677,0.12427191,0.010589069,0.1729524,0.016659448,0.1861612,0.00906749,0.14315,0.039987523,0.08567733,0.026498126
375316653866487564,4662068222539472128,0.5167322,1895.9588675176276,0.6873043069275927,5.345342E-6,18.324991,0.003837015,0.2434728,0.0010772398,0.027226355,0.0012385723,0.2538257,0.014147893,0.7419693,0.0028035622,0.027938083,0.001966943,0.23292793,0.01913759,0.024882829,0.0056972518,0.2434728,0.0010772398,"TWOGAUSSIANS_WITH_ELLIPSOIDAL_ON_ECLIPSE1",9,4.818266,0.2434728,0.0010772398,0.1524676,0.006936005,0.30359137,0.014479377,0.7419893,0.0027809883,0.15645327,0.011014881,0.2826892,0.018397603
375316653866487564,4662068600496628352,0.4097602,1894.7626663284227,0.492885623626467,2.2214112E-5,17.784094,0.09801728,0.2571347,0.011203482,0.1036615,0.040139962,0.085197434,0.07062166,0.7411141,0.015471389,0.17182826,0.1611666,0.07580816,0.09352372,null,null,null,null,"TWOGAUSSIANS",8,6.046776,0.25835472,0.010731626,0.4,0.0,0.06132206,0.008907138,0.7411141,0.015471389,0.4,0.0,0.049659565,0.0073346053
375316653866487564,4662068634856377472,0.46276367,1900.9841279193902,0.073876481810945,4.2861143E-6,18.917458,0.007854369,0.4928448,0.061414424,0.17555654,0.0656287,0.029564342,0.010289351,0.8619013,0.0011911931,0.009939705,9.0595114E-4,0.38728243,0.066893816,null,null,null,null,"TWOGAUSSIANS",8,3.3030477,0.8619013,0.0011911931,0.05566235,0.005073326,0.38954896,0.066948146,0.4928448,0.061414424,0.4,0.0,0.028540134,0.006321154
375316653866487564,4662068772291609856,0.5078627,1900.1025176735127,0.46463222763481726,6.1231385E-6,18.618443,0.002044229,0.24838753,0.0028132903,0.025484195,0.0051035127,0.17701487,0.017912159,0.74568504,0.0015571892,0.021380905,0.0013999915,0.29006198,0.027539918,null,null,null,null,"TWOGAUSSIANS",8,2.2849717,0.74568504,0.0015571892,0.11973307,0.007839952,0.29006198,0.027539918,0.24838753,0.0028132903,0.14271149,0.028579671,0.17701487,0.017912159
375316653866487564,4662069596914807296,0.4073195,1881.3309682643808,0.059738205911900204,4.0491967E-5,19.1687,0.007284352,0.117872,0.009605368,0.0119845085,0.0044398103,0.1510731,0.071800604,0.5227224,0.016389068,0.08866614,0.015393894,0.17770258,0.027610043,null,null,null,null,"TWOGAUSSIANS",8,6.1847177,0.5227224,0.016389068,0.4,0.0,0.17770253,0.02761021,0.117872,0.009605368,0.06711325,0.024862938,0.15107833,0.07179692
375316653866487564,4662069665644845056,0.5094314,1903.2294569404753,0.15876423760829622,8.132553E-5,15.544717,7.408632E-4,0.20251867,0.0012452521,0.030614223,0.0016799335,0.18016581,0.005159677,0.53745514,0.018231863,0.036518138,0.011841395,0.008996325,0.0035661054,0.0026923418,0.0010052688,0.20251867,0.0012452521,"TWOGAUSSIANS_WITH_ELLIPSOIDAL_ON_ECLIPSE1",9,5.4133205,0.20251867,0.0012452521,0.17143966,0.009407627,0.18555045,0.0051668114,0.54201514,0.017268095,0.20450157,0.066311814,0.010457028,0.0036735665
375316653866487564,4662069833100720896,0.5269452,1867.9867333663683,0.7224475971746822,3.7866262E-6,17.742258,0.0018047566,0.27068752,0.0019850933,0.029277885,0.0021756806,0.18250906,0.01777815,0.73475176,0.0012975065,0.026608648,0.0019703477,0.22156678,0.0102271605,null,null,null,null,"TWOGAUSSIANS",8,3.826041,0.73475176,0.0012975065,0.14900842,0.011033947,0.22156678,0.0102271605,0.27068752,0.0019850933,0.16395617,0.0121838115,0.18250906,0.01777815
375316653866487564,4662069940512275712,0.5239898,1895.2960208931,0.3703102984909685,3.7328032E-6,19.57916,0.0063347,0.24978156,0.0023291253,0.02494153,0.0019677358,0.43008688,0.009476623,0.7433006,0.0036807912,0.026321251,0.0024436365,0.47829756,0.03667625,null,null,null,null,"TWOGAUSSIANS",8,2.0798273,0.7433006,0.0036807912,0.14739901,0.013684365,0.47829756,0.03667625,0.24978156,0.0023291253,0.13967258,0.011019321,0.43008688,0.009476623
375316653866487564,4662070181008042496,0.4522554,1952.9882341703621,0.42540470797380253,8.574572E-6,17.710512,0.0028164252,0.33254376,0.0029429062,0.019098097,0.0023985298,0.07956257,0.006369849,0.83593166,0.0015144752,0.0216942,0.0017305451,0.08899659,0.008331236,null,null,null,null,"TWOGAUSSIANS",8,4.9996853,0.83593166,0.0015144752,0.12148752,0.009691053,0.08899659,0.008331236,0.33254376,0.0029429062,0.106949344,0.013431767,0.07956257,0.006369849
375316653866487564,4662070245419090304,0.48887983,1957.6767968542667,0.92686183563273,2.0073228E-5,18.528257,0.01028498,0.28160298,0.0043517523,0.06555089,0.0054619475,0.29725838,0.01376371,0.78169733,0.015823957,0.1050972,0.016620256,0.10498843,0.0140246665,null,null,null,null,"TWOGAUSSIANS",8,5.6593156,0.28160298,0.0043517523,0.367085,0.030586906,0.2932396,0.012346231,0.78169733,0.015823957,0.4,0.0,0.100967124,0.012346523
375316653866487564,4662070730782463488,0.44278243,1953.915607443977,0.24102079057704737,4.326643E-5,17.100615,0.0020835374,0.23136942,0.01208496,0.03823376,0.013122494,0.07541403,0.012940861,0.83435297,0.016002798,0.023053164,0.036236476,0.0068049897,2.1192448,null,null,null,null,"TWOGAUSSIANS",8,4.845156,0.23136942,0.01208496,0.21410906,0.07348596,0.07541403,0.012940861,0.83435297,0.016002798,0.12909772,0.20292427,0.0068049897,2.1192448
375316653866487564,4662070795172859520,0.46590197,1934.638117348224,2.2462637869052218,1.2407241E-5,18.015263,0.002144606,0.45374402,7.54413E-4,0.0070868274,7.416354E-4,0.16593735,0.009063629,0.7274822,0.028380621,0.02290823,0.021017756,0.04440941,0.14581433,null,null,null,null,"TWOGAUSSIANS",8,3.1558049,0.45374402,7.54413E-4,0.039686233,0.004153158,0.16593735,0.009063629,0.7274822,0.028380621,0.12828608,0.11769944,0.04440941,0.14581433
375316653866487564,4662070829532611584,0.5968883,1952.7635653918894,0.280525345427338,1.7431428E-6,17.800606,0.006360953,0.22560427,0.0046461034,0.030425133,0.0036165237,0.14318593,0.020000558,0.71581453,3.7133085E-4,0.026428485,7.849014E-4,0.9318404,0.03451334,0.071190976,0.009579001,0.22560427,0.0046461034,"TWOGAUSSIANS_WITH_ELLIPSOIDAL_ON_ECLIPSE1",9,12.085395,0.7158945,3.53754E-4,0.14799953,0.0043954477,1.0736887,0.0379481,0.22560427,0.0046461034,0.17038076,0.020252533,0.2855678,0.011808231
375316653866487564,4662070898252074496,0.5537583,1941.9056834463534,0.25295962193729976,2.3792349E-5,18.586817,0.0028529083,0.24767886,0.0021936598,0.025486905,0.0029272642,0.5852623,0.33139044,0.7455504,0.0025501826,0.023309918,0.0022430874,0.33922595,0.026242122,0.03008941,0.004873768,0.24767886,0.0021936598,"TWOGAUSSIANS_WITH_ELLIPSOIDAL_ON_ECLIPSE1",9,2.2708256,0.24767886,0.0021936598,0.14272667,0.01639268,0.64544106,0.3333159,0.7455704,0.0025345415,0.13053554,0.01256129,0.399394,0.026095448
375316653866487564,4662071005660325632,0.4094518,1923.1199588079655,2.0008090044926874,3.922925E-5,18.877117,0.019132886,0.11364092,0.012533637,0.042029556,0.008607147,0.42182046,0.09906247,0.6678737,0.016037155,0.085534066,0.022951145,0.16224259,0.020056121,null,null,null,null,"TWOGAUSSIANS",8,17.94496,0.11364092,0.012533637,0.23536552,0.048200026,0.42178786,0.09910194,0.6678737,0.016037155,0.4,0.0,0.1622098,0.019986331
375316653866487564,4662071074379779200,0.52635837,1967.4580365907564,0.18863331675295672,3.4676411E-6,17.26433,0.0019760947,0.21080784,0.002189809,0.011835557,0.0017362502,0.047605738,0.00554933,0.7259661,5.1335327E-4,0.016429678,0.0011588644,0.17010579,0.0041960096,null,null,null,null,"TWOGAUSSIANS",8,5.532396,0.7259661,5.1335327E-4,0.09200619,0.00648964,0.17010579,0.0041960096,0.21080784,0.002189809,0.06627912,0.009723001,0.047605738,0.00554933
375316653866487564,4662071246187277696,0.49539125,1926.5972836806789,0.5434300483360882,9.902396E-7,18.74821,0.0028412803,0.63987184,2.847447E-7,2.824982E-4,3.1708405E-6,0.70106035,0.004635403,0.85177344,0.034842547,0.03332987,0.037947994,0.025846975,0.02766625,null,null,null,null,"TWOGAUSSIANS",8,2.7640042,0.63987184,2.847447E-7,0.0015819898,1.7756707E-5,0.70106035,0.004635403,0.85177344,0.034842547,0.18664727,0.21250875,0.025846975,0.02766625
375316653866487564,4662071830275316608,0.46469685,1947.1150183625027,0.054073190371346655,5.1099923E-6,18.366047,0.07432758,0.32603744,0.064019956,0.17328225,0.2048429,0.050131254,0.06475668,0.92798173,0.0014630494,0.004655444,8.533513E-4,0.28286433,0.045342796,null,null,null,null,"TWOGAUSSIANS",8,4.081214,0.92798173,0.0014628689,0.026070487,0.0047787675,0.2850072,0.04554539,0.32603744,0.064019956,0.4,0.0,0.04857102,0.010365141
375316653866487564,4662072203953788672,0.6036134,1916.5446230453135,0.42634960649497167,2.403741E-6,18.252697,0.0027400944,0.3275392,5.3327036E-4,0.030964272,5.383503E-4,0.9629543,0.01734868,0.82775086,0.0027830699,0.02798777,0.0025216246,0.09163981,0.0070976266,null,null,null,null,"TWOGAUSSIANS",8,3.9821444,0.3275392,5.3327036E-4,0.17339993,0.003014762,0.9629543,0.01734868,0.82775086,0.0027830699,0.15673152,0.0141210975,0.09163981,0.0070976266
375316653866487564,4662072581901284224,0.43074986,1937.332079136903,1.793109284828373,1.5411166E-5,18.447382,0.0052961437,0.19690523,0.010881823,0.0062848176,0.0056086658,0.5590671,458.9428,0.733826,0.009175906,0.01103131,0.029503116,0.08218306,0.15982878,0.052737504,0.008020757,0.733826,0.009175906,"TWOGAUSSIANS_WITH_ELLIPSOIDAL_ON_ECLIPSE2",9,11.631243,0.19692522,0.010873259,0.035194978,0.03140853,0.65897006,458.94308,0.733826,0.009175906,0.061775338,0.16521746,0.18765797,0.1630418
375316653866487564,4662073062927544576,0.51404184,1928.8630065647833,0.05237935256968266,8.218382E-6,19.50258,0.0030976965,0.14053416,0.036103792,0.021670397,0.01799817,0.7632314,226.62016,0.35334218,0.0015328462,0.0027621093,0.0018660063,0.38248545,0.23180947,null,null,null,null,"TWOGAUSSIANS",8,1.8079624,0.14053416,0.036103792,0.12135422,0.100789756,0.7632314,226.62016,0.35334218,0.0015328462,0.015467812,0.010449636,0.38248545,0.23180947
375316653866487564,4662073101604386432,0.5343974,1904.3886421707482,0.29926019333520293,3.8082874E-6,18.917248,0.003070473,0.33889326,0.01738504,0.027403807,0.029946353,0.03727684,0.7845358,0.87003726,0.0013631192,0.022336995,6.63313E-4,0.561613,0.029031884,null,null,null,null,"TWOGAUSSIANS",8,2.838919,0.87003726,0.0013631192,0.12508717,0.0037145528,0.561613,0.029031884,0.33889326,0.01738504,0.15346132,0.16769958,0.03727684,0.7845358
375316653866487564,4662073994957646848,0.4916032,1944.468102750843,0.6830300272326117,1.1128185E-5,16.392262,0.0056615593,0.26489934,0.0041361083,0.093997024,0.007281877,0.12141687,0.006100077,0.76215297,0.0036901166,0.088821545,0.009436356,0.07452257,0.0058383057,null,null,null,null,"TWOGAUSSIANS",8,7.9087467,0.26489934,0.0041361083,0.4,0.0,0.11706722,0.004941441,0.76215297,0.0036901166,0.4,0.0,0.07017308,0.0052146567
375316653866487564,4662074368585856128,0.5304696,1905.7909863167308,0.40582230556918186,8.698431E-6,17.7574,0.016672887,0.28409585,0.009867702,0.10064907,0.019820513,0.059255984,0.017080998,0.7782938,0.0028320902,0.107718766,0.01499304,0.18459958,0.0077879843,null,null,null,null,"TWOGAUSSIANS",8,2.8437421,0.7782938,0.0028320902,0.4,0.0,0.17372717,0.012278774,0.28410584,0.009885077,0.4,0.0,0.048391,0.006772063
375316653866487564,4662075609864969344,0.5081427,1885.2647715364972,0.5376105598667771,7.669209E-6,19.691574,0.0061700013,0.27259427,0.0029915967,0.03470429,0.0025379874,0.45864737,0.02173471,0.7635462,0.00451834,0.05023975,0.004622678,0.26629403,0.04330208,null,null,null,null,"TWOGAUSSIANS",8,1.6491421,0.27259427,0.0029915967,0.19434403,0.014212729,0.45864737,0.02173471,0.7635462,0.00451834,0.2813426,0.025886996,0.26629403,0.0433021
375316653866487564,4662077156053296128,0.5416821,2053.845109361315,0.005184876435994075,8.147958E-6,17.737736,0.0052585136,0.31718582,0.00791481,0.10915715,0.00890865,0.19487387,0.018502029,0.78140175,0.0046797125,0.085345946,0.0052853515,0.26481208,0.01139388,null,null,null,null,"TWOGAUSSIANS",8,2.2855458,0.78140175,0.0046797125,0.4,0.0,0.25493178,0.011953281,0.31718582,0.00791481,0.4,0.0,0.18496947,0.019695044
375316653866487564,4662078216896391680,0.5153343,1872.7676201475172,0.40106887057574986,5.589887E-6,18.622192,0.004091203,0.28248927,0.0018384303,0.03395858,0.0016399628,0.40274745,0.023384182,0.7840757,0.0020316043,0.032103043,0.0011369695,0.33318755,0.021810904,null,null,null,null,"TWOGAUSSIANS",8,4.0629168,0.28248927,0.0018384303,0.19016805,0.0091837915,0.40274745,0.023384182,0.7840757,0.0020316043,0.17977704,0.0063670296,0.33318755,0.021810904
375316653866487564,4662078770960902912,0.48637503,1894.4650837051206,0.7739655054000708,7.0071956E-6,17.435663,0.0012997409,0.3496322,0.005511159,0.02038134,0.0046217605,0.09955791,0.034129772,0.7981996,0.0019586545,0.020977706,0.0015437263,0.11464504,0.008198628,0.0059921313,0.0024946108,0.3496322,0.005511159,"TWOGAUSSIANS_WITH_ELLIPSOIDAL_ON_ECLIPSE1",9,3.064322,0.7983696,0.0019313832,0.11747516,0.008644868,0.12542465,0.008318615,0.3496322,0.005511159,0.11413551,0.025881859,0.11154217,0.034198076
375316653866487564,4662079488186900736,0.43903238,1930.4111529527945,0.08374870291267397,3.0383153E-5,17.116661,0.0070965956,0.2062713,0.009580971,0.09129318,0.0154469,0.063270904,0.0074206735,0.7294889,0.010063689,0.09486189,0.025603343,0.058088645,0.00666427,null,null,null,null,"TWOGAUSSIANS",8,5.574636,0.2062713,0.009579117,0.4,0.0,0.060939167,0.0069024432,0.7294889,0.010063689,0.4,0.0,0.055756785,0.0066546216
375316653866487564,4662079561243763456,0.4639461,1885.8220989046408,0.5104380124764121,1.2270546E-5,18.769356,0.0030070723,0.2192389,0.0013738035,0.018247237,0.0018679738,0.35035574,0.07625498,0.7169311,0.003280548,0.021661215,0.0027337617,0.15376677,0.008323607,null,null,null,null,"TWOGAUSSIANS",8,2.997258,0.2192389,0.0013738035,0.10218453,0.010460653,0.35035574,0.07625498,0.7169311,0.003280548,0.121302806,0.015309065,0.15376677,0.008323607
