Gaia/vari_eclipsing_binary/VariEclipsingBinary_769258-769482.csv
# %ECSV 1.0
# ---
# delimiter: ','
# meta: !!omap
# - RELEASE: Gaia DR3
# - TABLE: vari_eclipsing_binary
# - DESCRIPTION: >
#     This table describes the properties of the eclipsing binaries resulting from the variability analysis. 
# - CITATION: >
#     How to cite and acknowledge Gaia: 
#     https://gea.esac.esa.int/archive/documentation/credits.html 
# - KNOWN_ISSUES: >
#     Known issues: 
#     https://www.cosmos.esa.int/web/gaia-users/known-issues 
# - DOCUMENTATION: >
#     Tutorials and documentation: 
#     https://www.cosmos.esa.int/web/gaia-users/archive 
# datatype:
# - 
#   name: solution_id
#   datatype: int64
#   description: Solution Identifier
#   meta:
#     ucd: meta.version
# - 
#   name: source_id
#   datatype: int64
#   description: Unique source identifier
#   meta:
#     ucd: meta.id;meta.main
# - 
#   name: global_ranking
#   datatype: float32
#   description: Number between 0 (worst) and 1 (best)
#   meta:
#     ucd: stat.param
# - 
#   name: reference_time
#   datatype: float64
#   unit: d
#   description: Reference time used for the geometric model fit
#   meta:
#     ucd: time.epoch
# - 
#   name: frequency
#   datatype: float64
#   unit: d**-1
#   description: Frequency of geometric model of the eclipsing binary light curve
#   meta:
#     ucd: src.orbital
# - 
#   name: frequency_error
#   datatype: float32
#   unit: d**-1
#   description: "Uncertainty of \\texttt{frequency}"
#   meta:
#     ucd: stat.error
# - 
#   name: geom_model_reference_level
#   datatype: float32
#   unit: mag
#   description: Magnitude reference level of geometric model
#   meta:
#     ucd: phot.mag;em.opt
# - 
#   name: geom_model_reference_level_error
#   datatype: float32
#   unit: mag
#   description: "Uncertainty of \\texttt{geomModelReferenceLevel}"
#   meta:
#     ucd: stat.error;phot.mag;em.opt
# - 
#   name: geom_model_gaussian1_phase
#   datatype: float32
#   description: Phase of the Gaussian 1 component
#   meta:
#     ucd: time.phase
# - 
#   name: geom_model_gaussian1_phase_error
#   datatype: float32
#   description: "Uncertainty of \\texttt{geomModelGaussian1Phase}"
#   meta:
#     ucd: stat.error;time.phase
# - 
#   name: geom_model_gaussian1_sigma
#   datatype: float32
#   description: "Standard deviation [phase] of Gaussian 1 component"
#   meta:
#     ucd: stat.stdev
# - 
#   name: geom_model_gaussian1_sigma_error
#   datatype: float32
#   description: "Uncertainty of \\texttt{geomModelGaussian1Sigma}"
#   meta:
#     ucd: stat.error
# - 
#   name: geom_model_gaussian1_depth
#   datatype: float32
#   unit: mag
#   description: Magnitude depth of Gaussian 1 component
#   meta:
#     ucd: src.var.amplitude
# - 
#   name: geom_model_gaussian1_depth_error
#   datatype: float32
#   unit: mag
#   description: "Uncertainty of \\texttt{geomModelGaussian1Depth}"
#   meta:
#     ucd: stat.error;src.var.amplitude
# - 
#   name: geom_model_gaussian2_phase
#   datatype: float32
#   description: Phase of Gaussian 2 component
#   meta:
#     ucd: time.phase
# - 
#   name: geom_model_gaussian2_phase_error
#   datatype: float32
#   description: "Uncertainty of \\texttt{geomModelGaussian2Phase}"
#   meta:
#     ucd: stat.error;time.phase
# - 
#   name: geom_model_gaussian2_sigma
#   datatype: float32
[...]
#   datatype: float32
#   description: "Secondary eclipse: uncertainty of \\texttt{derivedSecondaryEclDuration}"
#   meta:
#     ucd: stat.error;time.duration
# - 
#   name: derived_secondary_ecl_depth
#   datatype: float32
#   unit: mag
#   description: "Secondary eclipse: depth"
#   meta:
#     ucd: src.var.amplitude
# - 
#   name: derived_secondary_ecl_depth_error
#   datatype: float32
#   unit: mag
#   description: "Secondary eclipse: uncertainty of \\texttt{derivedSecondaryEclDepth}"
#   meta:
#     ucd: stat.error;src.var.amplitude
solution_id,source_id,global_ranking,reference_time,frequency,frequency_error,geom_model_reference_level,geom_model_reference_level_error,geom_model_gaussian1_phase,geom_model_gaussian1_phase_error,geom_model_gaussian1_sigma,geom_model_gaussian1_sigma_error,geom_model_gaussian1_depth,geom_model_gaussian1_depth_error,geom_model_gaussian2_phase,geom_model_gaussian2_phase_error,geom_model_gaussian2_sigma,geom_model_gaussian2_sigma_error,geom_model_gaussian2_depth,geom_model_gaussian2_depth_error,geom_model_cosine_half_period_amplitude,geom_model_cosine_half_period_amplitude_error,geom_model_cosine_half_period_phase,geom_model_cosine_half_period_phase_error,model_type,num_model_parameters,reduced_chi2,derived_primary_ecl_phase,derived_primary_ecl_phase_error,derived_primary_ecl_duration,derived_primary_ecl_duration_error,derived_primary_ecl_depth,derived_primary_ecl_depth_error,derived_secondary_ecl_phase,derived_secondary_ecl_phase_error,derived_secondary_ecl_duration,derived_secondary_ecl_duration_error,derived_secondary_ecl_depth,derived_secondary_ecl_depth_error
[from data line 334]
375316653866487564,6768149446614215040,0.56714314,2261.9972909167673,4.042805135313014,1.9233072E-5,18.963686,0.012774094,0.14655279,0.0061710086,0.070867404,0.008074431,0.39726084,0.019065745,0.6279154,0.0052585118,0.07876522,0.00555525,0.3408065,0.013840178,null,null,null,null,"TWOGAUSSIANS",8,1.7682871,0.14655279,0.0061710086,0.39685747,0.022691963,0.39546034,0.019296905,0.6279154,0.0052585118,0.4,0.0,0.33900598,0.012641417
375316653866487564,6768152470271508608,0.5466154,2344.2053662372823,0.00930400114237779,3.4584787E-5,19.024921,0.018149786,0.22811785,0.0031858056,0.023256555,0.0040248367,0.15760261,0.023903215,0.7262709,0.012448887,0.11637361,0.027136862,0.12926787,0.017575713,null,null,null,null,"TWOGAUSSIANS",8,0.48763105,0.22811785,0.003186748,0.13023672,0.022539085,0.15730482,0.02302746,0.7262709,0.012448887,0.4,0.0,0.12894467,0.01566637
375316653866487564,6768153501063715968,0.58206844,2264.8557498287873,2.5033029033886947,2.6512816E-5,18.850714,0.0065123783,0.24306446,0.0038571146,0.05485086,0.0028896793,0.5012359,0.03409587,0.74046886,0.008086414,0.06677211,0.008580691,0.15219077,0.024101488,null,null,null,null,"TWOGAUSSIANS",8,2.0848927,0.24306446,0.0038571146,0.30716482,0.016182205,0.5011358,0.034105934,0.74046886,0.008086414,0.3739238,0.042265255,0.15209071,0.02418945
375316653866487564,6768157624230542720,0.5706851,2262.64972321274,2.628342037774411,2.208347E-5,17.432098,0.0060369535,0.3426378,0.0063144797,0.0801486,0.0070844265,0.18352075,0.0074338056,0.8396366,0.003666446,0.07801248,0.00631795,0.13722032,0.005992911,null,null,null,null,"TWOGAUSSIANS",8,2.7843606,0.3426378,0.0063144797,0.4,0.0,0.18149926,0.006662961,0.8396366,0.003666446,0.4,0.0,0.13519883,0.0055170716
375316653866487564,6768165320813746048,0.53628916,2263.9506880742847,3.814067930591287,9.692414E-6,18.68045,0.02499496,0.119115844,0.018211689,0.072636224,0.018191634,0.48572809,0.113540746,0.6158028,0.009514263,0.06979482,0.011709257,0.44259378,0.0704699,null,null,null,null,"TWOGAUSSIANS",8,5.518761,0.119115844,0.018211689,0.4,0.00968408,0.48392525,0.11534475,0.6158028,0.009514263,0.390851,0.052496176,0.44079092,0.071205586
375316653866487564,6768172162698560896,0.58992827,2188.986485260798,3.551861219675553,1.754101E-5,17.167612,0.008294378,0.26022124,0.0062812213,0.0771727,0.006258637,0.34708428,0.018009717,0.7466375,0.004737046,0.07730667,0.0044631073,0.40147483,0.01994723,null,null,null,null,"TWOGAUSSIANS",8,14.211511,0.7466375,0.004737046,0.4,0.0,0.39850354,0.020124706,0.26022124,0.0062812213,0.4,0.0,0.34411302,0.017926749
375316653866487564,6768172987331970560,0.61811656,2218.823528141947,4.004627673844685,1.3377869E-5,17.197435,0.0076679764,0.2661785,0.015048506,0.0670166,0.008955324,0.6082282,0.046387587,0.7731241,0.003250619,0.06493326,0.0027498615,0.6129369,0.020932399,null,null,null,null,"TWOGAUSSIANS",8,30.58344,0.7731241,0.003250619,0.36362627,0.015399225,0.6121757,0.020809479,0.2661785,0.015048506,0.375293,0.044574935,0.607467,0.04586202
375316653866487564,6768188170037186560,0.5293852,2210.500954891576,2.122761999814579,3.936757E-5,18.090214,0.0019422687,0.7271111,2.1193322E-5,0.0037648499,1.07949854E-4,0.22162399,0.0035306737,0.4343285,0.09523809,0.09127267,0.042050555,0.108805716,0.09525678,null,null,null,null,"TWOGAUSSIANS",8,1.7000217,0.7271111,2.1193322E-5,0.02108316,6.0451915E-4,0.22225814,0.001814386,0.4343285,0.09523809,0.4,0.0,0.10880565,0.09527683
375316653866487564,6768195523021674112,0.54119086,2223.9779307718927,3.4222948276989764,2.1535356E-5,17.886288,0.055841222,0.2409812,0.0050029177,0.115126394,0.029347232,0.15440103,0.054367844,0.74335545,0.0047158124,0.11766916,0.028627696,0.15082762,0.052817788,null,null,null,null,"TWOGAUSSIANS",8,2.2260501,0.24097121,0.0050424105,0.4,0.0,0.12470394,0.005229679,0.7433654,0.004742352,0.4,0.0,0.12111904,0.00669327
375316653866487564,6768203357044896000,0.5360676,2238.822610676284,2.1083825813707078,1.0614093E-5,18.027332,0.0036116722,0.2520059,0.0015534483,0.051426813,0.0045610806,0.30940062,0.026692767,0.74218625,0.0064719124,0.09065823,0.006396041,0.114126705,0.005345804,null,null,null,null,"TWOGAUSSIANS",8,2.5081112,0.2520059,0.0015534483,0.28799015,0.02554205,0.30890775,0.026863217,0.74218625,0.0064719124,0.4,0.0,0.11363377,0.0053727645
375316653866487564,6768209713592140288,0.52588564,2178.35893594554,2.498239185190126,1.8282954E-5,17.320847,0.019587435,0.4262895,0.0015771601,0.032780282,0.0031868457,4.129477,1.8200985,0.5681179,0.05690615,0.16670409,0.06378106,0.07056151,0.03111705,null,null,null,null,"TWOGAUSSIANS",8,37.82524,0.4263595,0.0015632607,0.18356958,0.017846337,4.177049,1.837677,0.5681179,0.05690615,0.4,0.0,0.0693462,0.039818652
375316653866487564,6768210473806101376,0.47839925,2180.0673850891667,3.336261949954465,2.5297046E-5,18.100801,0.0112418905,0.23003599,0.038089104,0.08461159,0.035373524,0.03526707,0.021189345,0.49069765,0.0057201977,0.031020414,0.0044353064,0.46306005,0.027553298,null,null,null,null,"TWOGAUSSIANS",8,1.2575942,0.49069765,0.0057201977,0.17371432,0.024837716,0.4633666,0.028774433,0.23003599,0.038089104,0.4,0.04073742,0.035267066,0.021189366
375316653866487564,6768221086665880064,0.5940143,2214.96120467977,3.68758575552806,3.4939167E-5,18.909462,0.011890604,0.21898943,0.0055401446,0.04277367,0.0043890085,0.51188487,0.036821187,0.71919763,0.012818264,0.049624644,0.012314744,0.5995491,0.08688804,null,null,null,null,"TWOGAUSSIANS",8,3.2995207,0.71919763,0.012818264,0.277898,0.06896257,0.59954864,0.08688837,0.21898943,0.0055401446,0.23953256,0.024578448,0.5118844,0.036819447
375316653866487564,6768225660810584960,0.58166546,2191.4484861091587,0.6672634460571663,2.3115238E-6,11.477594,0.004858154,0.2665607,4.4285227E-4,0.027676208,0.0013891984,1.5069406,0.3150208,0.7641236,0.0014710175,0.025432995,0.0030621125,0.078516565,0.011527366,0.021363853,0.013242759,0.2665607,4.4285227E-4,"TWOGAUSSIANS_WITH_ELLIPSOIDAL_ON_ECLIPSE1",9,479.16125,0.2665607,4.4285227E-4,0.15498677,0.0077795107,1.5496683,0.3200481,0.76419365,0.0014197852,0.14242478,0.01714783,0.12123452,0.016585013
375316653866487564,6768231188429127040,0.52092326,2168.4626575963343,3.5931493470908533,1.8674702E-5,17.673578,0.03163408,0.22671317,0.004558892,0.10610568,0.019157069,0.17829058,0.030729476,0.73075,0.0069015655,0.12352169,0.023208791,0.18207824,0.02721497,null,null,null,null,"TWOGAUSSIANS",8,3.9229097,0.73075,0.006900567,0.4,0.0,0.14977278,0.013759836,0.22668317,0.004582226,0.4,0.0,0.14608125,0.030080358
375316653866487564,6768237029585452928,0.53492075,2218.5253093796614,3.7955701289907338,2.1828988E-5,16.99707,0.08565557,0.2362358,0.011957454,0.104247555,0.043279864,0.2330215,0.055084813,0.7496014,0.0048124325,0.10445943,0.023850067,0.2450323,0.078849,null,null,null,null,"TWOGAUSSIANS",8,15.654766,0.7496114,0.0047395746,0.4,0.0,0.2218366,0.015641639,0.2362258,0.011933015,0.4,0.0,0.20982637,0.030958597
375316653866487564,6768237205682670080,0.5222465,2212.8193165627586,2.017884010088952,2.9598035E-5,15.683431,0.010752266,0.17368853,0.009131977,0.042505745,0.0050946567,0.25996748,0.040718004,0.6546518,0.009007618,0.060355548,0.016727524,0.03237373,0.04933469,0.037193224,0.017317906,0.6546518,0.009007618,"TWOGAUSSIANS_WITH_ELLIPSOIDAL_ON_ECLIPSE2",9,92.01996,0.17294852,0.008630089,0.23803218,0.028530078,0.3333296,0.038308382,0.6546518,0.009007618,0.33799106,0.09367414,0.106754005,0.033088487
375316653866487564,6768250468542247296,0.6153669,2224.4711547421953,1.5232796416580199,1.5998301E-5,14.445073,0.008975161,0.35440728,0.010622726,0.06672684,0.011388537,0.24615927,0.013780504,0.86079866,0.0096682785,0.08067387,0.011329913,0.112740956,0.013493605,null,null,null,null,"TWOGAUSSIANS",8,39.465973,0.35440728,0.010622726,0.37367028,0.029905116,0.24529392,0.0121301785,0.86079866,0.0096682785,0.4,0.0,0.11187561,0.013370644
375316653866487564,6768256309697766400,0.5520671,2263.872759682374,0.9486507561684294,1.0313145E-6,16.379269,0.0014575501,0.3238638,1.7684786E-5,0.003804323,5.7461475E-5,0.30663487,0.0041866642,0.7678106,4.81769E-6,0.016971268,5.1531795E-4,0.21658912,0.01548547,null,null,null,null,"TWOGAUSSIANS",8,4.88677,0.3238638,1.7684786E-5,0.021304209,3.2178426E-4,0.30663487,0.0041866642,0.7678106,4.81769E-6,0.0950391,0.0028857805,0.21658912,0.01548547
375316653866487564,6768256477197967744,0.50938267,2180.5573235435077,0.1342324464430051,5.8987065E-5,18.796028,0.008774501,0.3202489,0.0335766,0.1046255,0.02104557,0.20221128,0.057874564,0.7938,0.0069128335,0.07978645,0.008279189,0.23326172,0.023263425,null,null,null,null,"TWOGAUSSIANS",8,1.6879027,0.7938,0.0069128335,0.4,0.0,0.22604515,0.023693033,0.3202489,0.0335766,0.4,0.0,0.19498685,0.059127882
375316653866487564,6768259608232052992,0.5693299,2195.955183673794,2.867188563893321,2.70103E-5,16.653347,0.0023641088,0.47047478,0.018928504,0.04839936,0.027114894,0.19399561,0.1508135,0.7987594,0.038889013,0.028669657,0.023704441,0.2466138,23.268309,null,null,null,null,"TWOGAUSSIANS",8,5.9021816,0.7987594,0.038889013,0.16055009,0.13274488,0.2466138,23.268309,0.47047478,0.018928504,0.27103642,0.12308602,0.19399561,0.1508135
375316653866487564,6768260742100247936,0.55351454,2264.5209799468616,3.5691296844749765,8.513381E-5,19.775843,0.008141127,0.4192532,0.12261342,0.06670544,0.07877439,0.04021775,1.1587435E7,0.8433997,0.0078576375,0.057802998,0.01141473,0.50415504,0.27078095,null,null,null,null,"TWOGAUSSIANS",8,1.0098318,0.8433997,0.0078576375,0.3236968,0.06392249,0.50414944,0.27075103,0.4192532,0.12261342,0.37355047,0.37567222,0.040212117,1.1587435E7
375316653866487564,6768261940396134016,0.5693003,2249.8053675118963,4.5787490681436545,2.3701143E-5,18.362514,0.012314682,0.18784969,0.0069599194,0.064305246,0.006419455,0.55252767,0.12681991,0.6912583,0.0057970076,0.07514391,0.009319583,0.4534471,0.04403472,null,null,null,null,"TWOGAUSSIANS",8,8.202358,0.18784969,0.0069599194,0.3601094,0.035948947,0.551064,0.12742011,0.6912583,0.0057970076,0.4,0.009390431,0.45198342,0.044964507
375316653866487564,6768262558871678720,0.4322313,2255.4676874179913,0.2558226168377229,6.598159E-5,18.982979,0.05831222,0.38190073,0.026891265,0.14714096,0.03270329,0.68072164,0.078215964,0.78338146,0.0049209944,0.06437798,0.01944438,0.6049304,0.07711505,null,null,null,null,"TWOGAUSSIANS",8,6.8852897,0.38190073,0.026892386,0.4,0.0,0.65853494,0.07320003,0.78338146,0.0049209944,0.3605167,0.057644505,0.5993732,0.09684459
375316653866487564,6768263628322073728,0.59218943,2212.130857103587,2.9477539761988933,3.5807152E-5,17.575405,0.024844881,0.27003518,0.0069322754,0.09787156,0.016639236,0.25283763,0.025405884,0.77223396,0.0054489058,0.10195792,0.012102614,0.258902,0.024691354,null,null,null,null,"TWOGAUSSIANS",8,4.640412,0.77223396,0.005446374,0.4,0.0,0.23714803,0.014206556,0.27003518,0.006937088,0.4,0.0,0.23108567,0.034891255
375316653866487564,6768269125877545344,0.51612705,2250.3642169850023,1.3030372318174521,1.3399348E-4,19.905016,0.045747094,0.30199653,0.20702967,0.17152071,0.1518385,0.07241301,0.040777296,0.82758445,0.009909406,0.061031967,0.01083334,0.4568783,0.055602834,null,null,null,null,"TWOGAUSSIANS",8,1.0405288,0.8276944,0.009901027,0.34177902,0.060666703,0.4450322,0.037398066,0.30199653,0.20702967,0.4,0.2206777,0.05832446,0.035957754
375316653866487564,6768269362100075136,0.4943274,2280.9808369237603,0.6767625819189501,3.5686706E-5,19.485857,0.4899556,0.45443144,0.03227207,0.23402645,0.16345127,0.65537894,0.40664884,0.8621418,0.06277748,0.11629368,0.02337416,0.45920795,0.1648488,null,null,null,null,"TWOGAUSSIANS",8,1.8083315,0.45711145,0.029820034,0.4,0.0,0.37785456,0.08777139,0.8621418,0.06277748,0.4,0.0,0.35085136,0.0539795
375316653866487564,6768272596213803904,0.59828186,2288.497518278715,2.023575651587851,1.054833E-5,14.875705,0.0039536916,0.23678932,0.0021066621,0.036003478,0.0110374,0.03342443,0.013595142,null,null,null,null,null,null,0.06604703,0.005543177,0.23678932,0.0021066621,"ONEGAUSSIAN_WITH_ELLIPSOIDAL",6,12.270727,0.23678932,0.0021066621,0.20161948,0.06180944,0.16551828,0.010546528,null,null,null,null,null,null
375316653866487564,6768282590598374400,0.50461966,2202.0294471145744,0.0241063575057157,5.515757E-5,16.937927,0.0037041113,0.19158162,0.02279343,0.013991299,0.012441551,0.28796485,0.50906336,0.5937675,0.016633842,0.10966322,0.016793443,0.18125914,0.020982927,null,null,null,null,"TWOGAUSSIANS",8,2.3191,0.19158162,0.022796756,0.078351274,0.06967269,0.28817138,0.50911367,0.5937675,0.016633842,0.4,0.0,0.18124805,0.021017468
375316653866487564,6768285206237354240,0.56614095,2170.3871356610903,4.425176586746534,1.0774958E-4,16.837786,0.0036175554,0.21557978,0.012705884,0.031786818,0.0037722485,0.6728595,0.21106948,0.89487547,0.014338811,0.04351661,0.02597719,0.01807296,0.015783673,null,null,null,null,"TWOGAUSSIANS",8,8.858682,0.21557978,0.012705884,0.17800619,0.02112459,0.6728595,0.21106948,0.89487547,0.014338811,0.24369302,0.14547226,0.01807296,0.015783673
375316653866487564,6768287061663172224,0.43415874,2235.4799461527,3.1007398803223,7.4345604E-5,19.659994,0.042007133,0.25873604,0.015394642,0.09240804,0.05233976,0.16954188,0.15952483,0.75274163,0.04367644,0.05522646,0.03019585,0.36544383,0.16916558,null,null,null,null,"TWOGAUSSIANS",8,3.141909,0.75274163,0.04367644,0.30926818,0.16909677,0.36423382,0.16900763,0.25873604,0.015394642,0.4,0.14886679,0.16833171,0.1612978
375316653866487564,6768290497637058816,0.7113708,2204.6808311633426,4.062591782160514,7.20476E-6,16.152445,0.0063341907,0.19207333,0.0021359054,0.039877217,0.004904845,0.41864723,0.052961513,0.73166794,1.5562962E-4,0.013118423,4.8317132E-4,0.57962024,0.018469503,0.13848019,0.0068776724,0.19207333,0.0021359054,"TWOGAUSSIANS_WITH_ELLIPSOIDAL_ON_ECLIPSE1",9,12.8830185,0.73166794,1.5562962E-4,0.073463164,0.0027057594,0.8397896,0.019419879,0.19207333,0.0021359054,0.22331242,0.027467132,0.6956074,0.054050453
375316653866487564,6768297988060093056,0.5724082,2190.74607757262,0.7753733973319725,8.83402E-6,16.538439,0.006846295,0.25392032,0.009706905,0.055913918,0.012590883,0.049592234,0.010119933,0.7688005,6.5712706E-4,0.020135522,6.0486863E-4,0.5509966,0.01425135,null,null,null,null,"TWOGAUSSIANS",8,22.198446,0.7688005,6.5712706E-4,0.11275892,0.0033872644,0.5509966,0.014251351,0.25392032,0.009706905,0.31311795,0.07050894,0.049592234,0.010119933
375316653866487564,6768302656688362112,0.52244216,2238.9106504878546,0.5505713607107429,1.2935991E-5,19.071198,0.0053042932,null,null,null,null,null,null,null,null,null,null,null,null,0.14289796,0.00781188,0.2698736,0.002249737,"ELLIPSOIDAL",4,1.2330025,null,null,null,null,null,null,null,null,null,null,null,null
375316653866487564,6768315305368643712,0.4937615,2260.3896636840386,1.1200316466939302,2.992436E-5,19.87184,0.01185175,0.77205855,0.02292783,0.06962522,0.0131862275,0.18274932,0.028449208,0.5134437,0.020267002,0.10572147,0.023959212,0.295871,0.078852646,null,null,null,null,"TWOGAUSSIANS",8,0.9773678,0.5138237,0.020075936,0.4,0.0,0.2959942,0.079258494,0.7606185,0.02280606,0.38990122,0.05857318,0.19947308,0.022830755
375316653866487564,6768317912409323136,0.6881545,2225.161738172876,2.280789387255332,9.026346E-6,13.246543,0.0048197587,0.33162767,0.0023207734,0.038628414,0.011588351,0.106091395,0.0110936295,0.8323548,0.0030099177,0.053029746,0.0038563504,0.09002051,0.010457856,0.10027707,0.006088952,0.33162767,0.0023207734,"TWOGAUSSIANS_WITH_ELLIPSOIDAL_ON_ECLIPSE1",9,62.621506,0.33162767,0.0023207734,0.21631913,0.064894766,0.30664426,0.004208424,0.8323548,0.0026705344,0.29696658,0.021595562,0.2905692,0.0030712485
375316653866487564,6768324612560218112,0.54906875,2155.663451584358,3.759033127719533,1.6788528E-5,18.261324,0.0026326964,null,null,null,null,null,null,null,null,null,null,null,null,0.08552956,0.0032529486,0.24434438,0.0042450572,"ELLIPSOIDAL",4,1.7388438,null,null,null,null,null,null,null,null,null,null,null,null
