Gaia/vari_eclipsing_binary/VariEclipsingBinary_607215-607251.csv
# %ECSV 1.0
# ---
# delimiter: ','
# meta: !!omap
# - RELEASE: Gaia DR3
# - TABLE: vari_eclipsing_binary
# - DESCRIPTION: >
#     This table describes the properties of the eclipsing binaries resulting from the variability analysis. 
# - CITATION: >
#     How to cite and acknowledge Gaia: 
#     https://gea.esac.esa.int/archive/documentation/credits.html 
# - KNOWN_ISSUES: >
#     Known issues: 
#     https://www.cosmos.esa.int/web/gaia-users/known-issues 
# - DOCUMENTATION: >
#     Tutorials and documentation: 
#     https://www.cosmos.esa.int/web/gaia-users/archive 
# datatype:
# - 
#   name: solution_id
#   datatype: int64
#   description: Solution Identifier
#   meta:
#     ucd: meta.version
# - 
#   name: source_id
#   datatype: int64
#   description: Unique source identifier
#   meta:
#     ucd: meta.id;meta.main
# - 
#   name: global_ranking
#   datatype: float32
#   description: Number between 0 (worst) and 1 (best)
#   meta:
#     ucd: stat.param
# - 
#   name: reference_time
#   datatype: float64
#   unit: d
#   description: Reference time used for the geometric model fit
#   meta:
#     ucd: time.epoch
# - 
#   name: frequency
#   datatype: float64
#   unit: d**-1
#   description: Frequency of geometric model of the eclipsing binary light curve
#   meta:
#     ucd: src.orbital
# - 
#   name: frequency_error
#   datatype: float32
#   unit: d**-1
#   description: "Uncertainty of \\texttt{frequency}"
#   meta:
#     ucd: stat.error
# - 
#   name: geom_model_reference_level
#   datatype: float32
#   unit: mag
#   description: Magnitude reference level of geometric model
#   meta:
#     ucd: phot.mag;em.opt
# - 
#   name: geom_model_reference_level_error
#   datatype: float32
#   unit: mag
#   description: "Uncertainty of \\texttt{geomModelReferenceLevel}"
#   meta:
#     ucd: stat.error;phot.mag;em.opt
# - 
#   name: geom_model_gaussian1_phase
#   datatype: float32
#   description: Phase of the Gaussian 1 component
#   meta:
#     ucd: time.phase
# - 
#   name: geom_model_gaussian1_phase_error
#   datatype: float32
#   description: "Uncertainty of \\texttt{geomModelGaussian1Phase}"
#   meta:
#     ucd: stat.error;time.phase
# - 
#   name: geom_model_gaussian1_sigma
#   datatype: float32
#   description: "Standard deviation [phase] of Gaussian 1 component"
#   meta:
#     ucd: stat.stdev
# - 
#   name: geom_model_gaussian1_sigma_error
#   datatype: float32
#   description: "Uncertainty of \\texttt{geomModelGaussian1Sigma}"
#   meta:
#     ucd: stat.error
# - 
#   name: geom_model_gaussian1_depth
#   datatype: float32
#   unit: mag
#   description: Magnitude depth of Gaussian 1 component
#   meta:
#     ucd: src.var.amplitude
# - 
#   name: geom_model_gaussian1_depth_error
#   datatype: float32
#   unit: mag
#   description: "Uncertainty of \\texttt{geomModelGaussian1Depth}"
#   meta:
#     ucd: stat.error;src.var.amplitude
# - 
#   name: geom_model_gaussian2_phase
#   datatype: float32
#   description: Phase of Gaussian 2 component
#   meta:
#     ucd: time.phase
# - 
#   name: geom_model_gaussian2_phase_error
#   datatype: float32
#   description: "Uncertainty of \\texttt{geomModelGaussian2Phase}"
#   meta:
#     ucd: stat.error;time.phase
# - 
#   name: geom_model_gaussian2_sigma
#   datatype: float32
[...]
#   datatype: float32
#   description: "Secondary eclipse: uncertainty of \\texttt{derivedSecondaryEclDuration}"
#   meta:
#     ucd: stat.error;time.duration
# - 
#   name: derived_secondary_ecl_depth
#   datatype: float32
#   unit: mag
#   description: "Secondary eclipse: depth"
#   meta:
#     ucd: src.var.amplitude
# - 
#   name: derived_secondary_ecl_depth_error
#   datatype: float32
#   unit: mag
#   description: "Secondary eclipse: uncertainty of \\texttt{derivedSecondaryEclDepth}"
#   meta:
#     ucd: stat.error;src.var.amplitude
solution_id,source_id,global_ranking,reference_time,frequency,frequency_error,geom_model_reference_level,geom_model_reference_level_error,geom_model_gaussian1_phase,geom_model_gaussian1_phase_error,geom_model_gaussian1_sigma,geom_model_gaussian1_sigma_error,geom_model_gaussian1_depth,geom_model_gaussian1_depth_error,geom_model_gaussian2_phase,geom_model_gaussian2_phase_error,geom_model_gaussian2_sigma,geom_model_gaussian2_sigma_error,geom_model_gaussian2_depth,geom_model_gaussian2_depth_error,geom_model_cosine_half_period_amplitude,geom_model_cosine_half_period_amplitude_error,geom_model_cosine_half_period_phase,geom_model_cosine_half_period_phase_error,model_type,num_model_parameters,reduced_chi2,derived_primary_ecl_phase,derived_primary_ecl_phase_error,derived_primary_ecl_duration,derived_primary_ecl_duration_error,derived_primary_ecl_depth,derived_primary_ecl_depth_error,derived_secondary_ecl_phase,derived_secondary_ecl_phase_error,derived_secondary_ecl_duration,derived_secondary_ecl_duration_error,derived_secondary_ecl_depth,derived_secondary_ecl_depth_error
[from data line 579]
375316653866487564,5341362616555238400,0.5898704,2209.183439926583,0.32767462965320104,4.3532833E-5,17.561226,0.0035547588,0.27366325,0.0022078976,0.038416225,0.003336622,0.08305508,0.0051959814,0.7582442,0.0080495365,0.044103365,0.01089172,0.56376237,0.284191,null,null,null,null,"TWOGAUSSIANS",8,3.8621385,0.7582442,0.0080495365,0.24697883,0.060993627,0.56376237,0.28419122,0.27366325,0.0022078976,0.21513085,0.018685082,0.08305508,0.0051959325
375316653866487564,5341362685276030592,0.52120286,2205.8305145495074,3.720353694574337,1.2043872E-5,18.49921,0.01073659,0.27760115,0.0029712764,0.079730056,0.0041665942,0.34425828,0.011338845,0.7720293,0.007588905,0.08370364,0.008974459,0.36749968,0.016451713,null,null,null,null,"TWOGAUSSIANS",8,7.7685537,0.7720293,0.007588905,0.4,0.0,0.36155176,0.016256236,0.27760115,0.0029712764,0.4,0.0,0.33831036,0.009130013
375316653866487564,5341362960152628736,0.47958297,2211.7771001242386,2.0626530084974335,1.9110741E-5,17.918026,0.39471343,0.29100716,0.0071426886,0.16761436,0.06405823,0.43465126,0.34152588,0.7961071,0.0076823225,0.18816602,0.08482043,0.43911564,0.3769296,null,null,null,null,"TWOGAUSSIANS",8,5.3978925,0.28897715,0.005546408,0.4,0.0,0.1421851,0.0137778325,0.7976371,0.0065255435,0.4,0.0,0.13105266,0.00964102
375316653866487564,5341363239345598976,0.50501055,2163.4235249031763,3.611869722606379,1.5909465E-5,19.616886,0.010106101,0.2669484,0.0069054547,0.05873588,0.006435465,0.6696467,0.052215952,0.7621591,0.002454749,0.068012506,0.0041269492,0.45215914,0.018938912,null,null,null,null,"TWOGAUSSIANS",8,4.5722923,0.2669484,0.0069054547,0.32892093,0.036038604,0.6692585,0.052525833,0.7621591,0.002454749,0.38087004,0.023110917,0.45177093,0.019028226
375316653866487564,5341363239345607168,0.46220753,2187.7791534006897,1.9237211822145004,2.3708522E-5,19.393627,0.006114609,0.2515879,0.018567717,0.039233003,0.016855672,0.043540742,0.014594119,0.8564394,0.0023100073,0.01831863,0.0032962451,0.7954445,0.73832345,null,null,null,null,"TWOGAUSSIANS",8,2.511419,0.8564394,0.0023100073,0.10258433,0.018458972,0.7954445,0.73832345,0.2515879,0.018567717,0.2197048,0.09439177,0.043540742,0.014594119
375316653866487564,5341363509909913472,0.54132617,2197.0861370036855,3.3763228440120936,1.35769E-5,17.580853,0.016909765,0.17097367,0.0034147473,0.09642008,0.007053821,0.22581099,0.016976567,0.68366086,0.0038846536,0.09734905,0.008555559,0.25679234,0.015288814,null,null,null,null,"TWOGAUSSIANS",8,7.649601,0.68366086,0.0038846536,0.4,0.0,0.24225417,0.010171757,0.17097367,0.0034147473,0.4,0.0,0.2112732,0.009472615
375316653866487564,5341363789102640768,0.5853069,2160.3461444161326,2.434488899105308,4.5300008E-6,18.88538,0.014034642,0.23045154,0.0015391787,0.04344296,0.0034643617,0.3285139,0.027744832,0.72645783,0.0048704008,0.041716073,0.0069178315,0.38836884,0.028155992,0.1441974,0.015116635,0.23045154,0.0015391787,"TWOGAUSSIANS_WITH_ELLIPSOIDAL_ON_ECLIPSE1",9,3.3287704,0.72682786,0.0043926565,0.23361,0.038739856,0.67659885,0.026141608,0.23045154,0.0015391787,0.24328059,0.019400425,0.61690867,0.018334191
375316653866487564,5341363823481266048,0.57922196,2206.7969753774482,1.1827464685251332,4.3723726E-6,17.296892,0.0069142105,0.25104105,0.0027610369,0.07629564,0.0036301196,0.22871257,0.0081072785,0.7439885,0.0022118315,0.09523924,0.0035429026,0.30924833,0.007380909,null,null,null,null,"TWOGAUSSIANS",8,6.1687694,0.7439885,0.0022118315,0.4,0.0,0.30244076,0.0062148343,0.25104105,0.0027610369,0.4,0.0,0.2219057,0.0066924375
375316653866487564,5341364059664646144,0.5979767,2221.286364187091,1.3218219674708591,6.708223E-6,18.132305,0.004181189,0.25585157,0.002066372,0.08084567,0.0024073562,0.32714584,0.009718864,0.75570303,0.002130766,0.076838106,0.0022871168,0.46854538,0.011355304,null,null,null,null,"TWOGAUSSIANS",8,3.1152034,0.75570303,0.002130766,0.4,0.0,0.46346357,0.011470059,0.25585157,0.002066372,0.4,0.0,0.32206404,0.009789574
375316653866487564,5341364648095106304,0.6088838,2172.819293826172,0.1656658539422183,1.6654778E-5,19.292429,0.0068790424,0.2492618,6.9405907E-4,0.016651886,5.1010965E-4,1.0052756,0.020517549,0.740822,0.0097645,0.052470807,0.009914224,0.041521486,0.021720005,0.03729273,0.009253646,0.740822,0.0097645,"TWOGAUSSIANS_WITH_ELLIPSOIDAL_ON_ECLIPSE2",9,1.8028512,0.2492518,6.935679E-4,0.09325056,0.002856614,1.0796512,0.015688015,0.740822,0.0097645,0.29383653,0.05551965,0.11610638,0.01062972
375316653866487564,5341365026082402176,0.5109207,2188.207928085434,2.174922211753018,7.941136E-6,19.679934,0.020896336,0.22487438,0.0047977706,0.090046935,0.008148285,0.33868372,0.019787008,0.71756923,0.0038513325,0.08530801,0.0074972385,0.38011813,0.02756661,null,null,null,null,"TWOGAUSSIANS",8,1.6392473,0.71756923,0.0038513325,0.4,0.0,0.3692181,0.026210016,0.22487438,0.0047977706,0.4,0.0,0.32778358,0.015105277
375316653866487564,5341365129151174400,0.4607153,2191.4898919608277,1.8105527932223162,2.1730828E-5,17.151304,0.09996268,0.22405747,0.009566217,0.13835467,0.05152791,0.18294024,0.093727894,0.70110124,0.00713028,0.12277589,0.026101252,0.20304714,0.09558227,null,null,null,null,"TWOGAUSSIANS",8,20.031755,0.70110124,0.00713028,0.4,0.0,0.15214027,0.011209016,0.22432747,0.009161022,0.4,0.0,0.13154009,0.011405954
375316653866487564,5341365988126079616,0.58378017,2142.314488731671,0.9610244030648326,8.830566E-6,19.33814,0.006930245,0.23582073,0.0015089285,0.036616243,8.562109E-4,1.1293347,0.03164727,0.72842234,0.007052195,0.030264642,0.017977213,0.28465077,0.106522314,null,null,null,null,"TWOGAUSSIANS",8,3.357294,0.23582073,0.0015089285,0.20505096,0.004794781,1.1293347,0.03164727,0.72842234,0.007052195,0.169482,0.1006724,0.28465077,0.10652232
375316653866487564,5341366778403618560,0.4321848,2154.5392185695073,2.945353536802862,5.9797567E-5,19.84991,0.34684622,0.2810949,0.010264803,0.06850695,0.039483313,0.34971863,0.25020385,0.740776,0.015627159,0.08599997,0.11534184,0.38457108,0.23646592,null,null,null,null,"TWOGAUSSIANS",8,9.824429,0.740776,0.015627159,0.4,0.0,0.382952,0.042711407,0.2810949,0.010336183,0.38363892,0.061502263,0.3480998,0.073268645
375316653866487564,5341366847138697344,0.53286535,2189.4613444084175,0.9625289388049477,1.780461E-5,17.276033,0.008069943,0.122618474,0.00963014,0.029014241,0.0064988066,0.65256006,0.20432305,0.61850464,0.0045160693,0.029427327,0.004355347,0.57592094,0.06925016,null,null,null,null,"TWOGAUSSIANS",8,59.830223,0.122618474,0.00963014,0.16247976,0.03639332,0.65256006,0.20432305,0.61850464,0.0045160693,0.16479304,0.024389943,0.57592094,0.06925016
375316653866487564,5341367087637759232,0.47912303,2156.151340775544,2.7084207531044138,1.2580917E-5,19.70477,0.01707251,0.29935578,0.0060628587,0.08312877,0.009966748,0.30319798,0.046681497,0.7997095,0.0051100682,0.08891786,0.009849776,0.3189822,0.023228483,null,null,null,null,"TWOGAUSSIANS",8,2.4864428,0.7997095,0.0051100682,0.4,0.0,0.30991867,0.02406407,0.29935578,0.0060628587,0.4,0.0,0.29413453,0.0489805
375316653866487564,5341367362534741632,0.6425517,2173.137026494601,2.460563993726953,2.2272338E-6,16.745922,0.008140897,0.18516135,9.112092E-4,0.045696802,0.0024052574,0.43692273,0.018865328,0.68320304,8.5258496E-4,0.04673519,0.0024758128,0.3860495,0.019629423,0.1210991,0.013839966,0.18516135,9.112092E-4,"TWOGAUSSIANS_WITH_ELLIPSOIDAL_ON_ECLIPSE1",9,14.257463,0.18516135,9.112092E-4,0.25590208,0.013469442,0.6791201,0.0130613055,0.68339306,7.626008E-4,0.26171708,0.013864553,0.6282138,0.014770042
375316653866487564,5341367362534744704,0.57621694,2196.296305064994,0.1630317088680085,1.0089447E-6,14.918948,0.0010328875,0.5520849,2.592568E-5,0.003977863,1.05994855E-4,0.49603656,0.031249166,0.8914999,1.3156777E-4,0.004551445,2.4363304E-4,0.08054226,0.0044238972,null,null,null,null,"TWOGAUSSIANS",8,13.930123,0.5520849,2.592568E-5,0.022276033,5.9357117E-4,0.49603656,0.031249166,0.8914999,1.3156777E-4,0.025488092,0.001364345,0.08054226,0.0044238972
375316653866487564,5341367770516470272,0.5562512,2192.8502863054273,1.791809730045418,6.691991E-6,18.236328,0.014437212,0.27771947,0.0029195957,0.09562278,0.0060996623,0.26751554,0.013189244,0.7784503,0.004858937,0.10455491,0.0103718825,0.15748456,0.013703281,null,null,null,null,"TWOGAUSSIANS",8,1.5790408,0.27771947,0.0029195957,0.4,0.0,0.24993551,0.0058546406,0.7784503,0.004858937,0.4,0.0,0.13990173,0.0067920247
375316653866487564,5341367804876219776,0.6350896,2199.9032522853854,1.7078767424304648,2.984959E-6,17.940311,0.0062906523,0.19500059,0.0016097996,0.04305295,0.003561223,0.26677045,0.025259065,0.69492227,7.5570494E-4,0.042294383,0.0014731908,0.7138821,0.020276021,0.038908493,0.01549937,0.19500059,0.0016097996,"TWOGAUSSIANS_WITH_ELLIPSOIDAL_ON_ECLIPSE1",9,5.991631,0.69492227,7.484705E-4,0.23684855,0.008249869,0.79169905,0.01572849,0.19500059,0.0016097996,0.24109651,0.019942848,0.34458742,0.022822224
375316653866487564,5341368462027681536,0.5067392,2198.594174870443,1.690765398268512,2.081533E-5,18.981445,0.004343965,0.73223,0.025353808,0.047421444,0.03557907,0.035276353,0.04013337,0.85778654,4.8641286E-5,0.0074280677,1.5056304E-4,0.4742421,0.006099575,null,null,null,null,"TWOGAUSSIANS",8,1.6806977,0.85778654,4.8641286E-5,0.04159718,8.43153E-4,0.47530192,0.0051374487,0.73223,0.025353808,0.2655601,0.1992428,0.035276353,0.04013337
375316653866487564,5341368462046426752,0.6507162,2171.1545655305686,2.1557992218245325,5.1893635E-6,17.644197,0.0082939,0.23553772,0.0021373346,0.04790923,0.0037261145,0.18526012,0.02241274,0.7314822,0.0012073743,0.050197385,0.0015481014,0.5622375,0.021498552,0.071809575,0.011253258,0.23553772,0.0021373346,"TWOGAUSSIANS_WITH_ELLIPSOIDAL_ON_ECLIPSE1",9,4.89812,0.7316822,0.0011264125,0.28110534,0.008669368,0.70576507,0.012617667,0.23553772,0.0021373346,0.26829168,0.020866241,0.3288764,0.009734156
375316653866487564,5341368904387893632,0.51250345,2200.218511943152,0.3509003691426729,3.3166234E-5,18.392082,0.009477736,0.25192666,0.021786554,0.047711838,0.02883715,0.6035761,31546.861,0.73990095,0.0035937012,0.055260263,0.0040326566,0.574744,0.034112044,null,null,null,null,"TWOGAUSSIANS",8,18.714006,0.25192666,0.021786554,0.26718628,0.16148804,0.6035711,31546.861,0.73990095,0.0035937012,0.30945745,0.022582877,0.574739,0.034113772
375316653866487564,5341368908704562560,0.5976901,2196.3746220441353,2.5843940116018134,6.768161E-6,18.08796,0.013385092,0.2722756,0.0022325,0.05549532,0.005932,0.27682766,0.0395869,0.76891416,0.0031260978,0.054394804,0.005224653,0.24048863,0.030950632,0.12034657,0.016996099,0.2722756,0.0022325,"TWOGAUSSIANS_WITH_ELLIPSOIDAL_ON_ECLIPSE1",9,4.3206863,0.2722756,0.0022325,0.3107738,0.0332192,0.51750475,0.028364057,0.7695542,0.0023675389,0.3046109,0.029258057,0.48107874,0.017119512
375316653866487564,5341368943064164352,0.5053124,2181.2334786736633,2.7934033819609727,1.4590703E-5,19.200674,0.019802654,0.21419547,0.0048077987,0.09141005,0.009684218,0.25546017,0.020269291,0.71972793,0.007287471,0.07671513,0.008141118,0.23926038,0.020320939,null,null,null,null,"TWOGAUSSIANS",8,2.8180878,0.21419547,0.0048077987,0.4,0.0,0.25008574,0.017574772,0.71972793,0.007287471,0.4,0.0,0.23388611,0.016660621
375316653866487564,5341370141338513408,0.5884384,2202.993463414724,0.5992009365980678,6.1670353E-6,18.424839,0.004770244,0.29030636,0.016503468,0.026888112,0.010579137,0.114721574,0.023512667,0.79016304,6.715154E-4,0.025784438,7.557406E-4,0.6703208,0.0130686695,0.020655772,0.0072858273,0.29030636,0.016503468,"TWOGAUSSIANS_WITH_ELLIPSOIDAL_ON_ECLIPSE1",9,4.23527,0.79016304,6.711079E-4,0.14439285,0.0042321472,0.71163225,0.012559251,0.29030636,0.016503468,0.15057343,0.059243165,0.15603302,0.024581391
375316653866487564,5341370278776252288,0.6462655,2201.995197647615,1.3077036667601254,3.7884106E-6,17.112139,0.0022733274,0.29737687,6.146541E-4,0.059465215,5.8699533E-4,0.37003002,0.0025267377,0.8006063,0.0023205013,0.07456196,0.0029821605,0.12698513,0.004514936,null,null,null,null,"TWOGAUSSIANS",8,1.96001,0.29737687,6.146541E-4,0.3330052,0.0032871738,0.36968318,0.0024484713,0.8006063,0.0023205013,0.4,0.0,0.12663831,0.0045366143
375316653866487564,5341371034692955520,0.48176995,2180.6987177351666,0.1532537240865003,5.2528463E-5,19.406914,0.041413378,0.48178133,0.09337344,0.045345265,0.16836233,0.25699738,0.15273625,0.8801662,9.296053E-5,0.007420148,3.3790094E-4,0.76357174,0.026816292,null,null,null,null,"TWOGAUSSIANS",8,8.881915,0.8801662,9.296053E-5,0.041552827,0.0018922453,0.76357174,0.02638146,0.48178133,0.09337344,0.2539335,0.14969608,0.25699738,0.16728869
375316653866487564,5341371588782450944,0.48789102,2188.5679814157406,0.6810343339119422,1.7154563E-5,14.0272665,0.07390967,0.26192036,0.0062814276,0.12009282,0.048183054,0.046200477,0.06056146,0.7568265,0.0076766806,0.14911772,0.10289785,0.04733489,0.07274221,null,null,null,null,"TWOGAUSSIANS",8,14.918584,0.7568265,0.0076766806,0.4,0.0,0.03136194,0.0020342544,0.26218036,0.0062178504,0.4,0.0,0.030556172,0.0026956226
375316653866487564,5341372168564310144,0.47757423,2173.3087911949397,2.9918948996320474,1.4171266E-5,19.307451,0.0060658944,0.2214126,0.00884028,0.024288705,0.023673637,0.06986382,0.12868668,null,null,null,null,null,null,0.088443525,0.007585324,0.2214126,0.00884028,"ONEGAUSSIAN_WITH_ELLIPSOIDAL",6,2.976055,0.2214126,0.00884028,0.13601674,0.13257237,0.24675085,0.1321581,null,null,null,null,null,null
375316653866487564,5341372688274237696,0.4734591,2205.6743346442922,2.402945871309641,8.435888E-6,19.910013,0.008807527,0.3471057,5.4678804E-4,0.006753504,7.5814844E-4,0.68326694,0.4817397,0.59515405,0.015506354,0.05768623,0.03195851,0.1781694,11.023275,null,null,null,null,"TWOGAUSSIANS",8,2.413955,0.3471057,5.4678804E-4,0.03781962,0.0042456314,0.68328416,0.48172984,0.59515405,0.015506354,0.32304287,0.17896765,0.1781694,11.023275
375316653866487564,5341374711180835200,0.54329926,2202.5065438661222,3.0901271371976002,8.455157E-6,17.672714,0.09932245,0.27020833,0.002298166,0.12532622,0.020804515,0.25780633,0.09435555,0.7744814,0.0031121245,0.14164834,0.030154351,0.27704465,0.09643711,null,null,null,null,"TWOGAUSSIANS",8,3.122665,0.7745314,0.0031149746,0.4,0.0,0.18741727,0.0066756555,0.2700383,0.0022481033,0.4,0.0,0.16909422,0.0060332357
375316653866487564,5341374882978550656,0.6227995,2185.959721221676,0.2223096857858127,7.1724676E-6,17.41403,0.002650089,0.24678065,0.012129626,0.018111348,0.009653266,0.008091449,0.009686536,0.7454121,8.109435E-5,0.009144366,1.9237128E-4,1.1405438,0.021490688,0.026433889,0.0027337146,0.24678065,0.012129626,"TWOGAUSSIANS_WITH_ELLIPSOIDAL_ON_ECLIPSE1",9,7.952971,0.7454121,8.109435E-5,0.051208448,0.0010772792,1.1934077,0.020582905,0.24678065,0.012129626,0.101423554,0.054058284,0.06095913,0.008887269
375316653866487564,5341374990388928896,0.52932626,2174.6241468415274,3.193094404258443,1.1158708E-5,19.083475,0.013520406,0.26052457,0.0035618793,0.07591381,0.0047755255,0.4479124,0.027641589,0.76069695,0.0038123429,0.08323897,0.0061479616,0.34340274,0.01725722,null,null,null,null,"TWOGAUSSIANS",8,4.0408115,0.26052457,0.0035618793,0.4,0.0,0.44234076,0.027841337,0.76069695,0.0038123429,0.4,0.0,0.33783108,0.016790513
375316653866487564,5341375127836032384,0.5092524,2186.4445598271914,0.23448318961356387,1.6174656E-5,13.693357,0.0011640993,0.43321523,0.015921539,0.009253665,0.010582354,0.075604476,604.2678,0.9278357,7.434663E-4,0.016982716,8.459082E-4,0.08299846,0.0052522505,0.0040401747,0.0017739306,0.43321523,0.015921539,"TWOGAUSSIANS_WITH_ELLIPSOIDAL_ON_ECLIPSE1",9,26.145031,0.9278457,7.4181485E-4,0.095103204,0.004737086,0.0910696,0.004627038,0.43321523,0.015921539,0.05182052,0.059261184,0.083684824,604.2677
