Gaia/vari_eclipsing_binary/VariEclipsingBinary_529934-529952.csv
# %ECSV 1.0
# ---
# delimiter: ','
# meta: !!omap
# - RELEASE: Gaia DR3
# - TABLE: vari_eclipsing_binary
# - DESCRIPTION: >
#     This table describes the properties of the eclipsing binaries resulting from the variability analysis. 
# - CITATION: >
#     How to cite and acknowledge Gaia: 
#     https://gea.esac.esa.int/archive/documentation/credits.html 
# - KNOWN_ISSUES: >
#     Known issues: 
#     https://www.cosmos.esa.int/web/gaia-users/known-issues 
# - DOCUMENTATION: >
#     Tutorials and documentation: 
#     https://www.cosmos.esa.int/web/gaia-users/archive 
# datatype:
# - 
#   name: solution_id
#   datatype: int64
#   description: Solution Identifier
#   meta:
#     ucd: meta.version
# - 
#   name: source_id
#   datatype: int64
#   description: Unique source identifier
#   meta:
#     ucd: meta.id;meta.main
# - 
#   name: global_ranking
#   datatype: float32
#   description: Number between 0 (worst) and 1 (best)
#   meta:
#     ucd: stat.param
# - 
#   name: reference_time
#   datatype: float64
#   unit: d
#   description: Reference time used for the geometric model fit
#   meta:
#     ucd: time.epoch
# - 
#   name: frequency
#   datatype: float64
#   unit: d**-1
#   description: Frequency of geometric model of the eclipsing binary light curve
#   meta:
#     ucd: src.orbital
# - 
#   name: frequency_error
#   datatype: float32
#   unit: d**-1
#   description: "Uncertainty of \\texttt{frequency}"
#   meta:
#     ucd: stat.error
# - 
#   name: geom_model_reference_level
#   datatype: float32
#   unit: mag
#   description: Magnitude reference level of geometric model
#   meta:
#     ucd: phot.mag;em.opt
# - 
#   name: geom_model_reference_level_error
#   datatype: float32
#   unit: mag
#   description: "Uncertainty of \\texttt{geomModelReferenceLevel}"
#   meta:
#     ucd: stat.error;phot.mag;em.opt
# - 
#   name: geom_model_gaussian1_phase
#   datatype: float32
#   description: Phase of the Gaussian 1 component
#   meta:
#     ucd: time.phase
# - 
#   name: geom_model_gaussian1_phase_error
#   datatype: float32
#   description: "Uncertainty of \\texttt{geomModelGaussian1Phase}"
#   meta:
#     ucd: stat.error;time.phase
# - 
#   name: geom_model_gaussian1_sigma
#   datatype: float32
#   description: "Standard deviation [phase] of Gaussian 1 component"
#   meta:
#     ucd: stat.stdev
# - 
#   name: geom_model_gaussian1_sigma_error
#   datatype: float32
#   description: "Uncertainty of \\texttt{geomModelGaussian1Sigma}"
#   meta:
#     ucd: stat.error
# - 
#   name: geom_model_gaussian1_depth
#   datatype: float32
#   unit: mag
#   description: Magnitude depth of Gaussian 1 component
#   meta:
#     ucd: src.var.amplitude
# - 
#   name: geom_model_gaussian1_depth_error
#   datatype: float32
#   unit: mag
#   description: "Uncertainty of \\texttt{geomModelGaussian1Depth}"
#   meta:
#     ucd: stat.error;src.var.amplitude
# - 
#   name: geom_model_gaussian2_phase
#   datatype: float32
#   description: Phase of Gaussian 2 component
#   meta:
#     ucd: time.phase
# - 
#   name: geom_model_gaussian2_phase_error
#   datatype: float32
#   description: "Uncertainty of \\texttt{geomModelGaussian2Phase}"
#   meta:
#     ucd: stat.error;time.phase
# - 
#   name: geom_model_gaussian2_sigma
#   datatype: float32
[...]
#   datatype: float32
#   description: "Secondary eclipse: uncertainty of \\texttt{derivedSecondaryEclDuration}"
#   meta:
#     ucd: stat.error;time.duration
# - 
#   name: derived_secondary_ecl_depth
#   datatype: float32
#   unit: mag
#   description: "Secondary eclipse: depth"
#   meta:
#     ucd: src.var.amplitude
# - 
#   name: derived_secondary_ecl_depth_error
#   datatype: float32
#   unit: mag
#   description: "Secondary eclipse: uncertainty of \\texttt{derivedSecondaryEclDepth}"
#   meta:
#     ucd: stat.error;src.var.amplitude
solution_id,source_id,global_ranking,reference_time,frequency,frequency_error,geom_model_reference_level,geom_model_reference_level_error,geom_model_gaussian1_phase,geom_model_gaussian1_phase_error,geom_model_gaussian1_sigma,geom_model_gaussian1_sigma_error,geom_model_gaussian1_depth,geom_model_gaussian1_depth_error,geom_model_gaussian2_phase,geom_model_gaussian2_phase_error,geom_model_gaussian2_sigma,geom_model_gaussian2_sigma_error,geom_model_gaussian2_depth,geom_model_gaussian2_depth_error,geom_model_cosine_half_period_amplitude,geom_model_cosine_half_period_amplitude_error,geom_model_cosine_half_period_phase,geom_model_cosine_half_period_phase_error,model_type,num_model_parameters,reduced_chi2,derived_primary_ecl_phase,derived_primary_ecl_phase_error,derived_primary_ecl_duration,derived_primary_ecl_duration_error,derived_primary_ecl_depth,derived_primary_ecl_depth_error,derived_secondary_ecl_phase,derived_secondary_ecl_phase_error,derived_secondary_ecl_duration,derived_secondary_ecl_duration_error,derived_secondary_ecl_depth,derived_secondary_ecl_depth_error
[from data line 112]
375316653866487564,4661373670479767040,0.5378877,2195.0272235936636,0.31280313689055256,1.342207E-5,18.708574,0.0042853584,0.12125778,0.004496505,0.022218624,0.0017514379,0.42029762,0.0546432,0.65783805,0.03722945,0.041086853,0.01788434,0.6069863,0.16300213,null,null,null,null,"TWOGAUSSIANS",8,3.7069597,0.65783805,0.03722945,0.23008637,0.100152306,0.6069863,0.16300213,0.12125778,0.004496505,0.1244243,0.009808052,0.42029762,0.0546432
375316653866487564,4661373670545708544,0.4416648,2179.23337106652,0.02143276566563957,4.106469E-5,19.207699,0.041950636,0.26325235,0.035681307,0.15812802,0.07085786,0.10234034,0.03841431,0.7380243,0.018782258,0.04682774,0.016136808,0.24022868,0.093694955,null,null,null,null,"TWOGAUSSIANS",8,3.731996,0.7380243,0.018782258,0.26223534,0.090366125,0.23418085,0.09224003,0.26325235,0.035681307,0.4,0.0,0.09475246,0.016729966
375316653866487564,4661373674791128832,0.51368946,2191.1538933347756,1.1185529711453237,8.145191E-5,18.570448,0.003510479,0.55616003,7.4427214E-7,0.011807804,2.4449517E-4,0.5123829,0.001552086,0.79633963,0.018650549,0.020256503,0.018734382,0.07656988,0.033573397,null,null,null,null,"TWOGAUSSIANS",8,2.5568316,0.55616003,7.4427214E-7,0.0661237,0.0013691729,0.5123829,0.0015520863,0.79633963,0.018650549,0.113436416,0.104912534,0.07656988,0.033573397
375316653866487564,4661373983974057216,0.54047287,2174.1918010587997,0.7206555159058029,1.2305414E-5,19.253004,0.0068833986,0.36474067,0.0028134373,0.04155392,0.002964136,0.3263457,0.010452831,0.82287914,0.013376297,0.040661506,0.024550488,0.56566656,1.163833,null,null,null,null,"TWOGAUSSIANS",8,1.7245649,0.82287914,0.013376297,0.22770444,0.13748273,0.56566656,1.1638331,0.36474067,0.0028134373,0.23270194,0.016599162,0.3263457,0.010452783
375316653866487564,4661374258853570560,0.4390703,2219.3604432825123,0.14343714444260164,6.115424E-5,19.104313,0.03311111,0.37586024,0.015204852,0.045024976,0.012400888,0.3312104,0.20116906,0.83535427,0.017656703,0.1293719,0.025199192,0.1680838,0.039580695,null,null,null,null,"TWOGAUSSIANS",8,8.668972,0.37591025,0.015193202,0.25213987,0.06944497,0.32871976,0.20235063,0.83535427,0.017656703,0.4,0.0,0.16525936,0.038239155
375316653866487564,4661374361983971840,0.43266982,2189.2595932204085,0.1599248155518018,2.180302E-5,18.087322,0.24766554,0.2792165,0.015472398,0.11716796,0.10976649,0.117318705,0.24113633,0.7735932,0.008232745,0.10847114,0.06905661,0.15074877,0.20511068,null,null,null,null,"TWOGAUSSIANS",8,7.6739345,0.7735932,0.008232745,0.4,0.0,0.12936658,0.025583653,0.27922648,0.015663162,0.4,0.0,0.09591747,0.014475244
375316653866487564,4661374563898227968,0.47547653,2189.2536074332215,0.7033511363735091,5.484791E-5,19.272614,0.00488783,0.21895956,0.0037256808,0.014700266,0.030581426,0.47821468,0.96256506,0.7085344,0.0022928528,0.01971922,0.0022624934,0.17642017,0.009358546,null,null,null,null,"TWOGAUSSIANS",8,1.7304962,0.21895956,0.0037256808,0.08232149,0.17125598,0.47821468,0.96256506,0.7085344,0.0022928528,0.11042763,0.012669963,0.17642017,0.009358546
375316653866487564,4661374842967311616,0.45704946,2171.9918764298263,1.237636563832945,4.2081967E-5,18.665258,0.10544681,0.25773105,0.00813196,0.099095754,0.02794254,0.20270276,0.111385114,0.77286524,0.013745987,0.09692415,0.05197481,0.15881395,0.10685162,null,null,null,null,"TWOGAUSSIANS",8,5.103733,0.25773105,0.008375622,0.4,0.0,0.19134356,0.0358464,0.77286524,0.013672804,0.4,0.0,0.1474556,0.05235203
375316653866487564,4661374911686709888,0.43628532,2182.8547486696684,0.6654525797318543,1.0721516E-4,17.96211,0.007971044,0.3435584,0.013741955,0.031308673,0.013518695,0.13814187,0.113581054,0.7924974,0.0229116,0.09598232,0.038630486,0.034747023,0.011059983,null,null,null,null,"TWOGAUSSIANS",8,5.2567825,0.3435584,0.013741955,0.17532857,0.075704694,0.13813545,0.11359238,0.7924974,0.0229116,0.4,0.0,0.03473998,0.01103299
375316653866487564,4661374980459221632,0.47494173,2159.914068769274,0.5171365378626971,1.4108673E-5,16.057636,0.005311943,0.15757777,0.009082707,0.07849593,0.011684641,0.08173819,0.012409665,0.6617335,0.0040409616,0.084156424,0.008216411,0.08398811,0.0050484883,null,null,null,null,"TWOGAUSSIANS",8,10.133309,0.6617335,0.0040409616,0.4,0.0,0.082629636,0.0043005496,0.15757777,0.009082707,0.4,0.0,0.08037972,0.012539368
375316653866487564,4661375319739055232,0.46157402,2210.1127293871996,1.5304619447647616,4.554209E-5,19.747545,0.012387613,0.009021505,0.9587725,0.040940158,0.014288042,0.059038743,0.022765648,0.577109,0.007588197,0.07580781,0.010306794,0.31761327,0.039165284,null,null,null,null,"TWOGAUSSIANS",8,2.5153518,0.577109,0.007588197,0.4,0.0,0.31761086,0.03917226,0.009021505,0.9587725,0.22926489,0.08001304,0.059036355,0.022762872
375316653866487564,4661375594591646976,0.48346776,2225.9083864733248,0.6805794343426773,2.2891663E-5,16.664282,0.0020712183,0.23413949,0.0069629354,0.024367543,0.0065014604,0.07669284,0.0067132628,0.7371011,0.01251659,0.01813747,0.012305931,0.04226879,0.014513594,0.011483664,0.0027610883,0.23413949,0.0069629354,"TWOGAUSSIANS_WITH_ELLIPSOIDAL_ON_ECLIPSE1",9,6.846609,0.23413949,0.0069629354,0.13645825,0.03640818,0.09966014,0.0054890285,0.7371011,0.01250773,0.10156983,0.068913214,0.06522814,0.014087591
375316653866487564,4661376286080529408,0.42072198,2238.7597476289066,0.46086181286767514,6.433989E-5,18.902128,0.070969395,0.3918945,0.020528657,0.1974721,0.05683646,0.2149703,0.06639714,0.75586736,0.028249243,0.06725632,0.02058604,0.36480275,0.063105054,null,null,null,null,"TWOGAUSSIANS",8,6.416469,0.75586736,0.028249243,0.37663537,0.07679955,0.3785929,0.064217456,0.3918945,0.020256897,0.4,0.0,0.18823455,0.020174505
375316653866487564,4661376591066795520,0.4352554,2194.212507354623,4.7513429921857115,2.5740537E-5,19.516182,0.015568803,0.24664468,0.003120212,0.009537318,0.0018179653,0.22203647,0.05960873,0.5407226,0.0051347567,0.04814825,0.007919487,0.27302626,0.06150476,null,null,null,null,"TWOGAUSSIANS",8,8.09725,0.5407226,0.0051347567,0.2696302,0.044349127,0.27302626,0.06150476,0.24664468,0.003120212,0.053408977,0.010180606,0.22203647,0.059608735
375316653866487564,4661376797225443328,0.47081372,2203.5697875625588,2.69761738328018,3.5730856E-5,19.587698,0.025116265,0.19555366,0.0037838414,0.044652037,0.0054731932,0.41710854,0.03643281,0.6704333,0.08374974,0.14210716,0.107282475,0.110523164,0.048292816,null,null,null,null,"TWOGAUSSIANS",8,2.5106215,0.19558366,0.0037311462,0.2500514,0.030649882,0.41291875,0.03500188,0.6704333,0.08374974,0.4,0.104234554,0.10579798,0.052168198
375316653866487564,4661377316905036416,0.45017377,2231.134025268197,0.22868280457377102,2.8163258E-5,19.319183,0.010923306,0.2696467,0.005514691,0.022422235,0.0046012797,0.10773547,0.061693422,0.62407273,0.011970897,0.14110857,0.020031817,0.19050202,0.015800603,null,null,null,null,"TWOGAUSSIANS",8,3.0379784,0.62407273,0.011970897,0.4,0.0,0.18978663,0.0163675,0.2703267,0.005630857,0.12556452,0.025767168,0.11520246,0.062487822
375316653866487564,4661378588215491200,0.5297825,2235.492715734189,0.5520578627017014,1.0083509E-5,18.850346,0.00396822,0.34601593,5.0655234E-4,0.026005628,0.0015157105,0.523246,0.049391035,0.8042164,0.0066422974,0.024671147,0.01846127,0.036642805,0.11165816,null,null,null,null,"TWOGAUSSIANS",8,2.0844545,0.34601593,5.0655234E-4,0.1456315,0.008487979,0.523246,0.049391035,0.8042164,0.0066422974,0.13815843,0.10338311,0.036642805,0.11165816
375316653866487564,4661378927526813056,0.50258595,2209.6271491378566,3.6131704603212476,8.248799E-6,19.626677,0.0075164908,0.16607793,0.009876168,0.0061440435,0.011687388,0.23902582,26941.166,0.67996925,0.011445235,0.10432087,0.008506427,0.42625746,0.064662054,null,null,null,null,"TWOGAUSSIANS",8,1.9235725,0.67996925,0.011445235,0.4,0.0,0.42624533,0.064674824,0.16607793,0.009876168,0.034406643,0.06544937,0.23902422,26941.166
375316653866487564,4661378961886487552,0.52211255,2260.9684186068644,0.11921104413598758,1.7044615E-5,19.091719,0.014764317,0.13603774,0.0054376917,0.027548598,0.003959523,0.6870032,0.1212139,0.63391405,0.019897575,0.058892228,0.017157832,0.14840467,0.044358164,null,null,null,null,"TWOGAUSSIANS",8,9.879499,0.13603774,0.0054376917,0.15427214,0.022173328,0.68700314,0.121213906,0.63391405,0.019897575,0.32979646,0.09608386,0.14840464,0.044358287
375316653866487564,4661379133677975936,0.5604572,2256.507813499754,0.5683606304530359,6.818281E-6,18.355173,0.0035160703,0.2519848,0.0017868581,0.049581323,0.0030795576,0.32594413,0.028573731,0.7542816,0.0047994754,0.062693164,0.004614447,0.2748045,0.01580404,null,null,null,null,"TWOGAUSSIANS",8,3.8109574,0.2519848,0.0017868581,0.2776554,0.017245522,0.32591763,0.028583111,0.7542816,0.0047994754,0.35108173,0.025840903,0.274778,0.015812406
375316653866487564,4661379786532723840,0.42444226,2214.4224528106965,0.09443909046817016,4.6169604E-5,19.140652,0.060254466,0.27122077,0.023401564,0.100221545,0.01811196,0.19846927,0.061830338,0.6609218,0.028362934,0.06999778,0.08680344,0.115214325,0.03638236,null,null,null,null,"TWOGAUSSIANS",8,5.632223,0.27122077,0.021153292,0.4,0.0,0.19796439,0.031726703,0.6609218,0.028362934,0.39198756,0.07118956,0.11481283,0.01618442
375316653866487564,4661380855957912064,0.51835316,2230.079236926628,0.07244853699761651,6.431168E-5,19.297363,0.009410335,0.1693828,0.023638995,0.021814603,0.012593931,0.75066096,0.3040907,0.32801035,0.014772978,0.01844192,0.012320537,0.17516911,4.060735,0.025414078,0.012565128,0.1693828,0.023638995,"TWOGAUSSIANS_WITH_ELLIPSOIDAL_ON_ECLIPSE1",9,7.0810256,0.1693828,0.023638995,0.122161776,0.07052601,0.80148864,0.31030896,0.32801035,0.014772978,0.10327475,0.06899501,0.19016016,4.0606403
375316653866487564,4661381062116320896,0.47511005,2175.6282815573436,0.43588739732731907,1.1075881E-4,19.14271,0.0048845108,0.13401169,0.039233737,0.026534144,0.020857075,0.29804593,0.26429817,0.5312177,0.062071048,0.013978034,0.04168146,0.02580499,0.35591978,null,null,null,null,"TWOGAUSSIANS",8,2.8781435,0.13401169,0.039233737,0.1485912,0.11679962,0.29804593,0.26429817,0.5312177,0.062071048,0.07827699,0.23341618,0.02580499,0.35591978
375316653866487564,4661381264003831296,0.5240432,2179.915378315771,0.937307482498129,9.979668E-5,19.62533,0.009004257,0.26570705,0.009765588,0.046161007,0.0112486975,0.78513473,0.32473814,0.7827871,0.023448197,0.0616267,0.020215312,0.11703426,0.027924158,null,null,null,null,"TWOGAUSSIANS",8,4.0693483,0.26570705,0.009765588,0.25850162,0.06299271,0.7851296,0.32474402,0.7827871,0.023448197,0.34510952,0.113205746,0.11702912,0.027926628
375316653866487564,4661381916823980160,0.48516324,2198.89486908612,0.31672062822595587,7.55859E-5,18.445408,0.026445366,0.20255302,8.7877014E-4,0.012833097,0.001209573,0.23070613,0.019196788,0.5886797,0.061668683,0.08189541,0.3149328,0.02013186,0.01776604,null,null,null,null,"TWOGAUSSIANS",8,3.4825187,0.20255302,8.8371086E-4,0.07186534,0.006773609,0.23070642,0.021947382,0.5886797,0.061668683,0.4,0.103587784,0.02013186,0.011775141
375316653866487564,4661382127268244736,0.5666005,2182.362546669214,0.21535539436266646,8.435238E-6,16.680094,0.007709805,0.24862033,0.0035397063,0.02727431,0.0050524883,0.7540968,0.22968973,null,null,null,null,null,null,0.065100394,0.008808179,0.24862033,0.0035397063,"ONEGAUSSIAN_WITH_ELLIPSOIDAL",6,42.687057,0.24862033,0.0035397063,0.15273614,0.028293936,0.8842975,0.23719108,null,null,null,null,null,null
375316653866487564,4661382191695222272,0.56435066,2161.1769711243905,0.4815606225202929,3.166985E-5,18.183977,0.005515426,0.34184527,0.00364201,0.031150097,0.005343577,0.3412051,0.021814426,0.57241416,0.008788248,0.050186045,0.015264838,0.03631344,0.0072454936,null,null,null,null,"TWOGAUSSIANS",8,4.443317,0.34184527,0.00364201,0.17444055,0.029924031,0.34120604,0.021814482,0.57241416,0.008788248,0.28104186,0.08548309,0.03631344,0.0072454936
375316653866487564,4661382363484647168,0.49468225,2208.463472101738,0.21965708878862752,5.5654487E-5,18.916626,0.0066111977,0.2904167,0.007956071,0.051178813,0.00663124,0.3154447,0.017792195,0.7622134,0.026204597,0.07173989,0.060789924,0.05679186,0.024104822,null,null,null,null,"TWOGAUSSIANS",8,2.6751275,0.2904167,0.007956156,0.28660133,0.03713494,0.31542298,0.017615601,0.7622134,0.026204597,0.4,0.04461668,0.05677012,0.025197253
375316653866487564,4661382402146809984,0.54363346,2186.762144494813,0.281605823748346,4.886938E-5,17.417612,0.002215155,0.24380693,0.0018015787,0.027308183,0.0025298411,0.32663852,0.062260807,0.73799723,4.4653867E-4,0.02645726,6.660811E-4,0.28165695,0.010013035,null,null,null,null,"TWOGAUSSIANS",8,4.190489,0.24380693,0.0018015787,0.15292582,0.01416711,0.32663852,0.062260807,0.73799723,4.4653867E-4,0.14816065,0.0037300542,0.28165695,0.010013035
375316653866487564,4661382436506555264,0.4327495,2279.9173465445515,0.4622263815977886,3.829489E-5,18.97425,0.18583994,0.33364487,0.012173352,0.23131582,0.12509097,0.16992527,0.17730746,0.6933276,0.0064699636,0.044759467,0.006418106,0.22901139,0.034472845,null,null,null,null,"TWOGAUSSIANS",8,3.8153405,0.6933276,0.0064699636,0.25065303,0.035941392,0.24975601,0.036798142,0.33364487,0.012173352,0.4,0.0,0.13628963,0.033826806
375316653866487564,4661382913271266304,0.4413122,2147.5046190746516,0.1576287700276064,5.5621967E-5,19.72248,0.055551764,0.21237807,0.03269035,0.0962232,0.03686633,0.2529928,0.07910387,0.6783607,0.009007175,0.06726595,0.01148596,0.44714814,0.07713343,null,null,null,null,"TWOGAUSSIANS",8,3.8804846,0.6783607,0.009007175,0.3766893,0.04952134,0.444146,0.07257655,0.21237807,0.03269035,0.4,0.0,0.24998857,0.07243325
375316653866487564,4661383119429650816,0.45570192,2173.4661255807005,1.8046400172187635,6.256436E-5,19.838438,0.15154319,0.27902377,0.01818942,0.09271608,0.10329115,0.13273242,0.13557038,0.69396156,0.017866572,0.046896953,0.081399,1.3916482,0.9560543,null,null,null,null,"TWOGAUSSIANS",8,13.321429,0.69396156,0.017866572,0.26262292,0.13681585,1.3915738,1.0493047,0.27902377,0.016947031,0.4,0.2126539,0.13265218,0.05951288
375316653866487564,4661384115806701824,0.46075895,2193.9400206958644,4.176989632983386,6.3516956E-5,17.455439,0.0036021583,0.1855411,0.0063709035,0.049054086,0.0053184014,0.12252255,0.030240202,0.7576487,0.020322729,0.022873882,0.04003694,0.028992964,0.011094284,null,null,null,null,"TWOGAUSSIANS",8,6.259927,0.1855411,0.0063709035,0.27470288,0.02978305,0.12252255,0.030240202,0.7576487,0.020322729,0.12809373,0.22420686,0.028992964,0.011094314
375316653866487564,4661384120104278784,0.4840231,2183.7004304788684,3.9542931043176996,4.3758482E-5,18.229939,0.003854057,0.1453504,0.0060477206,0.011996738,0.012502867,0.6283099,0.68728656,0.85055727,0.03878369,0.056970503,0.052552074,0.030501088,1.4236159,null,null,null,null,"TWOGAUSSIANS",8,2.4412324,0.1453504,0.0060477206,0.06718173,0.07001606,0.62830997,0.6872865,0.85055727,0.03878369,0.3190348,0.29429162,0.030501088,1.4236159
375316653866487564,4661384459404154240,0.49320358,2207.871403202781,0.29383971242596785,5.8007838E-5,17.329042,0.0021205947,0.5316317,0.025782246,0.061225206,0.016046613,0.13412341,0.0553069,0.9136154,0.0016703078,0.010458043,0.0031259942,0.016603014,0.0049943305,null,null,null,null,"TWOGAUSSIANS",8,3.5362182,0.5316317,0.025782246,0.34286115,0.08470209,0.13412341,0.0553069,0.9136154,0.0016703078,0.05856504,0.017505568,0.016603014,0.004994327
