Gaia/vari_eclipsing_binary/VariEclipsingBinary_711445-712016.csv
# %ECSV 1.0
# ---
# delimiter: ','
# meta: !!omap
# - RELEASE: Gaia DR3
# - TABLE: vari_eclipsing_binary
# - DESCRIPTION: >
#     This table describes the properties of the eclipsing binaries resulting from the variability analysis. 
# - CITATION: >
#     How to cite and acknowledge Gaia: 
#     https://gea.esac.esa.int/archive/documentation/credits.html 
# - KNOWN_ISSUES: >
#     Known issues: 
#     https://www.cosmos.esa.int/web/gaia-users/known-issues 
# - DOCUMENTATION: >
#     Tutorials and documentation: 
#     https://www.cosmos.esa.int/web/gaia-users/archive 
# datatype:
# - 
#   name: solution_id
#   datatype: int64
#   description: Solution Identifier
#   meta:
#     ucd: meta.version
# - 
#   name: source_id
#   datatype: int64
#   description: Unique source identifier
#   meta:
#     ucd: meta.id;meta.main
# - 
#   name: global_ranking
#   datatype: float32
#   description: Number between 0 (worst) and 1 (best)
#   meta:
#     ucd: stat.param
# - 
#   name: reference_time
#   datatype: float64
#   unit: d
#   description: Reference time used for the geometric model fit
#   meta:
#     ucd: time.epoch
# - 
#   name: frequency
#   datatype: float64
#   unit: d**-1
#   description: Frequency of geometric model of the eclipsing binary light curve
#   meta:
#     ucd: src.orbital
# - 
#   name: frequency_error
#   datatype: float32
#   unit: d**-1
#   description: "Uncertainty of \\texttt{frequency}"
#   meta:
#     ucd: stat.error
# - 
#   name: geom_model_reference_level
#   datatype: float32
#   unit: mag
#   description: Magnitude reference level of geometric model
#   meta:
#     ucd: phot.mag;em.opt
# - 
#   name: geom_model_reference_level_error
#   datatype: float32
#   unit: mag
#   description: "Uncertainty of \\texttt{geomModelReferenceLevel}"
#   meta:
#     ucd: stat.error;phot.mag;em.opt
# - 
#   name: geom_model_gaussian1_phase
#   datatype: float32
#   description: Phase of the Gaussian 1 component
#   meta:
#     ucd: time.phase
# - 
#   name: geom_model_gaussian1_phase_error
#   datatype: float32
#   description: "Uncertainty of \\texttt{geomModelGaussian1Phase}"
#   meta:
#     ucd: stat.error;time.phase
# - 
#   name: geom_model_gaussian1_sigma
#   datatype: float32
#   description: "Standard deviation [phase] of Gaussian 1 component"
#   meta:
#     ucd: stat.stdev
# - 
#   name: geom_model_gaussian1_sigma_error
#   datatype: float32
#   description: "Uncertainty of \\texttt{geomModelGaussian1Sigma}"
#   meta:
#     ucd: stat.error
# - 
#   name: geom_model_gaussian1_depth
#   datatype: float32
#   unit: mag
#   description: Magnitude depth of Gaussian 1 component
#   meta:
#     ucd: src.var.amplitude
# - 
#   name: geom_model_gaussian1_depth_error
#   datatype: float32
#   unit: mag
#   description: "Uncertainty of \\texttt{geomModelGaussian1Depth}"
#   meta:
#     ucd: stat.error;src.var.amplitude
# - 
#   name: geom_model_gaussian2_phase
#   datatype: float32
#   description: Phase of Gaussian 2 component
#   meta:
#     ucd: time.phase
# - 
#   name: geom_model_gaussian2_phase_error
#   datatype: float32
#   description: "Uncertainty of \\texttt{geomModelGaussian2Phase}"
#   meta:
#     ucd: stat.error;time.phase
# - 
#   name: geom_model_gaussian2_sigma
#   datatype: float32
[...]
#   datatype: float32
#   description: "Secondary eclipse: uncertainty of \\texttt{derivedSecondaryEclDuration}"
#   meta:
#     ucd: stat.error;time.duration
# - 
#   name: derived_secondary_ecl_depth
#   datatype: float32
#   unit: mag
#   description: "Secondary eclipse: depth"
#   meta:
#     ucd: src.var.amplitude
# - 
#   name: derived_secondary_ecl_depth_error
#   datatype: float32
#   unit: mag
#   description: "Secondary eclipse: uncertainty of \\texttt{derivedSecondaryEclDepth}"
#   meta:
#     ucd: stat.error;src.var.amplitude
solution_id,source_id,global_ranking,reference_time,frequency,frequency_error,geom_model_reference_level,geom_model_reference_level_error,geom_model_gaussian1_phase,geom_model_gaussian1_phase_error,geom_model_gaussian1_sigma,geom_model_gaussian1_sigma_error,geom_model_gaussian1_depth,geom_model_gaussian1_depth_error,geom_model_gaussian2_phase,geom_model_gaussian2_phase_error,geom_model_gaussian2_sigma,geom_model_gaussian2_sigma_error,geom_model_gaussian2_depth,geom_model_gaussian2_depth_error,geom_model_cosine_half_period_amplitude,geom_model_cosine_half_period_amplitude_error,geom_model_cosine_half_period_phase,geom_model_cosine_half_period_phase_error,model_type,num_model_parameters,reduced_chi2,derived_primary_ecl_phase,derived_primary_ecl_phase_error,derived_primary_ecl_duration,derived_primary_ecl_duration_error,derived_primary_ecl_depth,derived_primary_ecl_depth_error,derived_secondary_ecl_phase,derived_secondary_ecl_phase_error,derived_secondary_ecl_duration,derived_secondary_ecl_duration_error,derived_secondary_ecl_depth,derived_secondary_ecl_depth_error
[from data line 109]
375316653866487564,6260050902784506624,0.5982861,2056.5307911049595,1.510881072015924,6.2810013E-6,13.558816,0.07329892,0.31106117,0.0027451038,0.14206623,0.02315351,0.20248878,0.07098998,0.81423897,0.0014254597,0.13662487,0.021373514,0.17758395,0.070518896,null,null,null,null,"TWOGAUSSIANS",8,14.675273,0.31096116,0.0027890978,0.4,0.0,0.12856928,0.0040684976,0.814399,0.0012984918,0.4,0.0,0.10405403,0.001722505
375316653866487564,6260067601617420672,0.46335524,2119.9068239883795,0.7607045465617667,1.12193175E-5,18.088537,0.0066997153,0.31814685,0.0031933307,0.019048503,0.0040885713,0.1688005,0.08680193,0.5676964,0.003429595,0.05719525,0.005882501,0.10167814,0.010059056,null,null,null,null,"TWOGAUSSIANS",8,1.74155,0.31814685,0.0031933307,0.10667162,0.022895997,0.16880797,0.08680049,0.5676964,0.003429595,0.3202934,0.03294201,0.10167814,0.010059056
375316653866487564,6260071789205358720,0.53623563,2137.172487987245,3.657990916179117,1.3801278E-5,18.227161,0.011768588,0.21329306,0.004673578,0.08413972,0.0060132314,0.24665685,0.01572189,0.6951488,0.0036002472,0.09055785,0.0064650197,0.26398802,0.011400422,null,null,null,null,"TWOGAUSSIANS",8,3.7772987,0.6951488,0.0036002472,0.4,0.0,0.25770852,0.009023604,0.21329306,0.004673578,0.4,0.0,0.24037755,0.013807398
375316653866487564,6260081208073544064,0.45358256,2112.1435539418344,1.0023797387469089,1.365096E-4,18.904053,0.02646774,0.18133041,0.0028243845,0.024207229,0.0036276714,0.09050422,0.025440399,0.621825,0.020680128,0.15074778,0.039103996,0.14740267,0.025112493,null,null,null,null,"TWOGAUSSIANS",8,3.740611,0.621825,0.020680128,0.4,0.0,0.1458586,0.020294573,0.18157041,0.0026452283,0.13556048,0.02031496,0.09117736,0.025660925
375316653866487564,6260109279980308736,0.6347244,2121.4482252598777,2.3070196223214867,7.5325784E-6,12.783849,0.018780064,0.2818327,0.009014888,0.10406429,0.024629086,0.12491662,0.017097713,0.7848603,0.0017887851,0.109394014,0.011603728,0.18291578,0.014501082,null,null,null,null,"TWOGAUSSIANS",8,25.8197,0.7848603,0.0017887851,0.4,0.0,0.16407315,0.006334374,0.2818327,0.0090145925,0.4,0.0,0.10608226,0.022741918
375316653866487564,6260131884388087936,0.5813472,2094.5288228135505,4.074894176587956,1.1046639E-5,18.374384,0.012349657,0.3211446,0.0033073972,0.0693662,0.0042700823,0.43645513,0.03119493,0.82386595,0.0044695092,0.06567515,0.0049438304,0.43099657,0.019753246,null,null,null,null,"TWOGAUSSIANS",8,4.8494534,0.3211446,0.0033073972,0.38845074,0.023912461,0.4356062,0.03118516,0.82386595,0.0044695092,0.36778083,0.027685452,0.43014765,0.019526295
375316653866487564,6260142230964850176,0.4614136,2181.749449559493,0.2969169596787223,5.3126612E-5,15.927254,0.0033775887,0.16502927,0.011765414,0.03983504,0.021339988,0.07376561,0.06163982,0.75800073,0.044334624,0.06132334,0.03209603,0.063062735,0.044760533,0.004515297,0.0041792956,0.16502927,0.011765414,"TWOGAUSSIANS_WITH_ELLIPSOIDAL_ON_ECLIPSE1",9,9.546018,0.16502927,0.011765414,0.22307622,0.11950393,0.08279614,0.06317541,0.75800073,0.044334624,0.3434107,0.17973776,0.06934662,0.045818985
375316653866487564,6260156662058750336,0.48074022,2146.152522931331,3.0794056507260934,2.1751628E-5,16.697624,0.0050890455,null,null,null,null,null,null,null,null,null,null,null,null,0.08660023,0.00840856,0.24432564,0.0046628173,"ELLIPSOIDAL",4,33.064682,null,null,null,null,null,null,null,null,null,null,null,null
375316653866487564,6260176315829130752,0.6617137,2113.5325504798834,3.92202139944554,4.608224E-6,15.799058,0.007477815,0.18767607,0.001507194,0.047506303,0.0038859213,0.3885648,0.013199768,0.6849801,0.0037703004,0.05166548,0.0056877085,0.2762264,0.057982,0.12635006,0.009531886,0.18767607,0.001507194,"TWOGAUSSIANS_WITH_ELLIPSOIDAL_ON_ECLIPSE1",9,30.63036,0.18767607,0.001507194,0.2660353,0.02176116,0.6412621,0.01154998,0.6854201,0.0032156082,0.2893267,0.03185117,0.52886295,0.061460145
375316653866487564,6260181744663419904,0.57847124,2028.2126269254034,3.47246221740075,6.408609E-6,18.619503,0.023612266,0.2384059,0.0044126664,0.051629465,0.0067924624,0.45030233,0.0584981,0.7368771,0.006943249,0.051490266,0.0099428715,0.50022995,0.03888323,0.10888997,0.029652372,0.2384059,0.0044126664,"TWOGAUSSIANS_WITH_ELLIPSOIDAL_ON_ECLIPSE1",9,6.54494,0.7370071,0.0062709106,0.2883455,0.05568008,0.7179834,0.029773869,0.2384059,0.0044126664,0.289125,0.038037788,0.6680742,0.03277494
375316653866487564,6260187139146839936,0.53775305,2061.0028419697514,3.344337348953819,2.11027E-5,14.602772,0.021080554,0.19803387,0.0033536018,0.10431894,0.0090279905,0.2837786,0.019677222,0.71328926,0.006634722,0.08810006,0.01226699,0.31850764,0.018483825,null,null,null,null,"TWOGAUSSIANS",8,138.81085,0.71328926,0.0066367183,0.4,0.0,0.302008,0.018043097,0.19803387,0.0033536018,0.4,0.0,0.26727185,0.011278557
375316653866487564,6260235174060850816,0.4898118,2087.6162018229547,2.372138165525539,1.0927499E-5,18.500593,0.0049754377,0.22361207,0.0036014377,0.05052009,0.0032176448,0.2318673,0.0073571377,0.51127344,0.0595877,0.03763217,0.05302928,0.08268539,0.08130633,null,null,null,null,"TWOGAUSSIANS",8,3.1400092,0.22361207,0.0035268904,0.2829125,0.01801881,0.2318673,0.007581509,0.51127344,0.0595877,0.21074015,0.19485348,0.08268541,0.08130303
375316653866487564,6260256683257635584,0.5258212,2086.596421657692,3.8063930635543843,5.0102673E-5,15.427031,0.08572695,0.26357955,0.0080504855,0.16389176,0.05606559,0.17372969,0.083665796,0.74698335,0.007512607,0.10292121,0.012918614,0.25710323,0.06668607,null,null,null,null,"TWOGAUSSIANS",8,51.33814,0.74698335,0.007512607,0.4,0.0,0.20187238,0.007986733,0.26359954,0.008007289,0.4,0.0,0.11505231,0.0075848787
375316653866487564,6260265788584039808,0.5255959,2074.9855323145935,4.723228736867247,7.646999E-6,19.71709,0.03534024,0.21014334,0.0021494064,0.06413633,0.0071893763,0.68531823,0.11952951,0.7085701,0.0015533128,0.06684412,0.008531963,0.5199942,0.044392273,null,null,null,null,"TWOGAUSSIANS",8,1.5758533,0.21014334,0.0021494064,0.35916343,0.04026051,0.68454015,0.119782135,0.7085701,0.0015533128,0.37432706,0.035346974,0.51921606,0.044660833
375316653866487564,6260290630678652416,0.646745,2104.5878282297845,3.9180481153042996,2.609602E-6,16.03069,0.027543487,0.28108993,0.0012115807,0.059402894,0.0073551307,0.25663772,0.054965343,0.77451295,0.00892788,0.0617262,0.012271197,0.25442293,0.07159712,0.0572463,0.030281786,0.28108993,0.0012115807,"TWOGAUSSIANS_WITH_ELLIPSOIDAL_ON_ECLIPSE1",9,12.245698,0.28108993,0.0012115807,0.3326562,0.04118873,0.37104866,0.00819385,0.77529293,0.008291266,0.34566674,0.0687187,0.36866173,0.039428912
375316653866487564,6260291764550013824,0.41287285,2066.2424979106754,0.101781255742852,5.437205E-5,17.36595,0.012651842,0.6065196,0.007162061,0.039228708,0.016210318,0.44717637,0.6706496,0.8809286,0.013713668,0.10068083,0.012743042,0.26053283,0.01911364,null,null,null,null,"TWOGAUSSIANS",8,18.006403,0.6071196,0.006820509,0.21968076,0.09077778,0.45357567,0.6726883,0.8809286,0.013713668,0.4,0.0,0.2605305,0.019114718
375316653866487564,6260307703170472704,0.55646604,2111.6578450680504,3.3598023147977494,1.4913354E-5,18.15528,0.011325474,0.23991247,0.010488344,0.073958755,0.0071212174,0.4452313,0.032000042,0.73618275,0.0039377757,0.08181892,0.0074290135,0.3117807,0.027504392,null,null,null,null,"TWOGAUSSIANS",8,4.8102612,0.23991247,0.010488344,0.4,0.0198724,0.44128639,0.030574815,0.73618275,0.0039377757,0.4,0.0,0.3078358,0.028635962
375316653866487564,6260315232251377664,0.6146034,2097.108569247333,2.961357209125067,7.7774885E-6,18.303759,0.009977891,0.22111607,0.0027636695,0.0768821,0.0030845108,0.42855534,0.015423976,0.7012602,0.003025311,0.07432695,0.0044253906,0.5125389,0.04844579,null,null,null,null,"TWOGAUSSIANS",8,2.3669744,0.7012602,0.003025311,0.4,0.0029046608,0.5100016,0.049063243,0.22111607,0.0027636695,0.4,0.0,0.426018,0.014992307
375316653866487564,6260320661090248704,0.5601038,2085.313610760572,2.3153699102675613,2.15033E-5,17.391825,0.0039788615,0.29793823,0.01367214,0.03423011,0.008857277,0.18870746,0.028980652,0.80042785,0.005071228,0.034992743,0.008944767,0.42661506,0.09163974,null,null,null,null,"TWOGAUSSIANS",8,7.106616,0.80042785,0.005071228,0.19595936,0.050090693,0.42661506,0.09163974,0.29793823,0.01367214,0.19168861,0.04960075,0.18870746,0.028980652
375316653866487564,6260337046386753408,0.46288988,2095.3165758967966,1.0050662929313479,1.6325372E-5,17.492495,0.003033647,0.2989405,0.012824202,0.07341728,0.026757022,0.025300618,0.0045496677,0.78524834,0.0017535518,0.01894972,0.0010982478,0.14397752,0.011901936,null,null,null,null,"TWOGAUSSIANS",8,2.4280114,0.78524834,0.0017535518,0.106118426,0.0061501875,0.14397751,0.011901926,0.2989405,0.012824202,0.4,0.104498304,0.025300607,0.0045497096
375316653866487564,6260339009190771456,0.5457187,2110.2589089122635,0.6973995826230798,1.5546699E-5,17.207836,0.0056220605,0.1048103,0.0037393267,0.008623122,0.0054511605,0.9022779,0.739945,null,null,null,null,null,null,null,null,null,null,"ONEGAUSSIAN",5,25.010553,0.1048103,0.0037393267,0.048289485,0.030526498,0.9022779,0.0,null,null,null,null,null,null
375316653866487564,6260377281639292672,0.56177753,2089.99406442326,3.8426420292049945,8.101679E-6,18.598131,0.024809675,0.18370974,0.003056727,0.08663217,0.009299341,0.28995824,0.025707407,0.6923529,0.0035558178,0.08407411,0.007516478,0.34432617,0.025266614,null,null,null,null,"TWOGAUSSIANS",8,2.6060905,0.6923529,0.0035558178,0.4,0.0,0.33688042,0.020357046,0.18370974,0.003056727,0.4,0.0,0.28251246,0.022175077
375316653866487564,6260381134225088512,0.4667068,2146.8435201045445,3.68070250180114,5.1632618E-5,16.948687,0.01639312,0.20401268,0.012958123,0.09057161,0.02246868,0.076789476,0.016086746,0.66688657,0.027401166,0.09959647,0.03816587,0.07439875,0.018595602,null,null,null,null,"TWOGAUSSIANS",8,11.052866,0.20402268,0.012940348,0.4,0.0,0.07399723,0.010746226,0.66688657,0.027401166,0.4,0.012656604,0.07160511,0.016949216
375316653866487564,6260394873825599104,0.4980265,2112.316589708115,2.6340424588843905,3.505504E-5,18.404568,0.009925696,0.1485443,0.037475027,0.023567325,0.008058048,0.1594094,0.114102155,0.68585074,0.017007845,0.013622393,0.010476399,0.28311202,0.14000939,0.06477108,0.016148945,0.68585074,0.017007845,"TWOGAUSSIANS_WITH_ELLIPSOIDAL_ON_ECLIPSE2",9,10.675056,0.68585074,0.017007845,0.0762854,0.05866784,0.41265413,0.13490789,0.1497843,0.03246,0.13197702,0.04512507,0.28219172,0.13216224
375316653866487564,6260396630471684864,0.54511803,2071.457854579004,3.530626924663695,1.4597891E-5,11.777284,0.13012838,0.31604365,0.0039153188,0.15147875,0.017312227,1.155479,0.3347904,0.81378883,0.005494779,0.29061145,0.0360259,2.025778,0.12688868,null,null,null,null,"TWOGAUSSIANS",8,610.8918,0.31771365,0.003544971,0.4,0.0,0.31934452,0.014333462,0.81378883,0.005494779,0.4,0.0,0.2881664,0.017486146
375316653866487564,6260406629155834624,0.51765305,2103.025348741536,1.0573767087545538,1.9923998E-5,14.39513,0.0012860176,0.183202,0.0053021875,0.018840604,0.015918737,0.007846772,0.0019764071,0.67488426,0.0045861406,0.052049354,0.008005716,0.028250087,0.0033110413,0.012322114,0.0015791807,0.67488426,0.0045861406,"TWOGAUSSIANS_WITH_ELLIPSOIDAL_ON_ECLIPSE2",9,10.646188,0.67488426,0.0045861406,0.29147637,0.04483201,0.052894037,0.0028165984,0.182532,0.00445263,0.10550738,0.08914493,0.0324289,0.0022826062
375316653866487564,6260408514641705600,0.44295284,2051.939735503549,3.7129375386274166,9.080779E-5,19.010193,0.041033804,0.52217305,0.024766605,0.062014624,0.07162753,0.30735776,0.30075848,0.8563243,0.035672795,0.09659245,0.029525328,0.07395081,0.042323995,null,null,null,null,"TWOGAUSSIANS",8,3.871973,0.5222531,0.024610821,0.3472819,0.1572323,0.30750772,0.30266687,0.8563243,0.035672795,0.4,0.0,0.073914334,0.041889247
375316653866487564,6260416215522638336,0.5902969,2062.2106483733933,2.878522362237767,1.1542592E-5,17.201643,0.007294496,0.25728348,0.0022689996,0.10756663,0.005576681,0.18796416,0.006658396,0.7564848,0.004295661,0.08864044,0.0056834333,0.1843276,0.008373148,null,null,null,null,"TWOGAUSSIANS",8,1.9216938,0.25728348,0.0022689996,0.4,0.0,0.17369787,0.0033613867,0.7564848,0.004295661,0.4,0.0,0.17006892,0.0058177947
375316653866487564,6260459611871956736,0.47880498,2111.6554765926626,0.789914732504091,2.4575991E-5,18.506344,0.006340097,0.17372069,0.012856495,0.044561587,0.014691725,0.054682,0.06606771,0.6800096,0.0011023843,0.022355366,0.0018452491,1.1952356,0.46729818,null,null,null,null,"TWOGAUSSIANS",8,6.6192102,0.6800096,0.0011023843,0.12519005,0.010333396,1.1952356,0.46729818,0.17372069,0.012856495,0.24954489,0.08227366,0.054682,0.06606771
375316653866487564,6260464143057332096,0.5359488,2070.1355535207267,1.0493098362234807,1.0877935E-4,18.491453,0.010475937,0.3745861,0.013621418,0.07217083,0.011721523,0.2645679,0.07236358,0.82896435,0.007578569,0.041445356,0.013456862,0.779793,7.2842283,null,null,null,null,"TWOGAUSSIANS",8,11.642464,0.82896435,0.007578569,0.23209399,0.07535843,0.7797857,7.284235,0.3745861,0.013621418,0.4,0.049221367,0.26456058,0.07236657
375316653866487564,6260482426738541824,0.5620653,2103.312522759152,2.36564748895564,2.0266749E-5,17.345655,0.011036932,0.24874534,0.023485824,0.110997275,0.036669433,0.08151912,0.008131617,0.72582966,0.0047624987,0.0776172,0.0077505074,0.17050138,0.012571109,null,null,null,null,"TWOGAUSSIANS",8,2.748268,0.72582966,0.0047624987,0.4,0.0,0.16594844,0.009593121,0.24874534,0.023485824,0.4,0.0,0.07695701,0.0054932577
375316653866487564,6260488233534543488,0.4897746,2121.6626632068155,2.1923055827365423,2.8443295E-5,19.705881,0.0120529905,0.25245857,0.0072319494,0.08243282,0.008296005,0.23915581,0.013586808,0.727398,0.01352679,0.08952864,0.015617989,0.11530681,0.04477791,null,null,null,null,"TWOGAUSSIANS",8,0.97079,0.25245857,0.0072319494,0.4,0.0,0.23609643,0.011750402,0.727398,0.01352679,0.4,0.0,0.11224734,0.045141608
375316653866487564,6260517714189713024,0.5451202,2099.3383187421987,3.978119937014903,2.7123366E-5,18.558397,0.042039126,0.28915897,0.005055496,0.082802184,0.010935605,0.4368827,0.03940945,0.7922811,0.01593469,0.093089536,0.03718495,0.34247112,0.055382557,null,null,null,null,"TWOGAUSSIANS",8,5.3983917,0.28915897,0.005058869,0.4,0.0,0.4240881,0.019590773,0.7922811,0.01593469,0.4,0.0,0.32967612,0.07997533
375316653866487564,6260533687168898816,0.46540976,2085.7739805867295,0.4039226767936243,5.1400366E-5,19.426884,0.019352712,0.26943585,0.10142251,0.055152733,0.13495517,0.2857721,0.31569475,0.87238395,0.012126562,0.022883793,0.004798244,0.6525823,0.3017847,null,null,null,null,"TWOGAUSSIANS",8,2.3851752,0.87238395,0.012126562,0.12814924,0.026870169,0.6525823,0.3018593,0.26943585,0.10142251,0.3088553,0.12314355,0.2857721,0.31981865
375316653866487564,6260561140600280704,0.49004066,2132.8651245640285,0.09342763821289865,1.4469649E-5,18.349174,0.005105728,0.20524058,0.0034891597,0.005185189,0.0037461577,0.59669316,0.6477664,0.6681101,0.0038568072,0.008482981,0.0071273125,0.07073268,15.713821,null,null,null,null,"TWOGAUSSIANS",8,5.41464,0.20524058,0.0034891597,0.029037058,0.020978484,0.59669316,0.6477664,0.6681101,0.0038568072,0.04750469,0.03991295,0.07073268,15.713821
375316653866487564,6260562553648491904,0.5797309,2090.8611549919633,2.781695433972432,5.6009644E-6,17.270088,0.0071138116,0.11939175,0.002888834,0.07339879,0.004207923,0.16170083,0.010766295,0.60872865,0.0019249647,0.07665645,0.0041619106,0.3433407,0.019017894,null,null,null,null,"TWOGAUSSIANS",8,4.6646075,0.60872865,0.0019249647,0.4,0.0,0.3418978,0.01934235,0.11939175,0.002888834,0.4,3.510753E-4,0.1602579,0.0105350735
