Gaia/vari_eclipsing_binary/VariEclipsingBinary_716838-717825.csv
# %ECSV 1.0
# ---
# delimiter: ','
# meta: !!omap
# - RELEASE: Gaia DR3
# - TABLE: vari_eclipsing_binary
# - DESCRIPTION: >
#     This table describes the properties of the eclipsing binaries resulting from the variability analysis. 
# - CITATION: >
#     How to cite and acknowledge Gaia: 
#     https://gea.esac.esa.int/archive/documentation/credits.html 
# - KNOWN_ISSUES: >
#     Known issues: 
#     https://www.cosmos.esa.int/web/gaia-users/known-issues 
# - DOCUMENTATION: >
#     Tutorials and documentation: 
#     https://www.cosmos.esa.int/web/gaia-users/archive 
# datatype:
# - 
#   name: solution_id
#   datatype: int64
#   description: Solution Identifier
#   meta:
#     ucd: meta.version
# - 
#   name: source_id
#   datatype: int64
#   description: Unique source identifier
#   meta:
#     ucd: meta.id;meta.main
# - 
#   name: global_ranking
#   datatype: float32
#   description: Number between 0 (worst) and 1 (best)
#   meta:
#     ucd: stat.param
# - 
#   name: reference_time
#   datatype: float64
#   unit: d
#   description: Reference time used for the geometric model fit
#   meta:
#     ucd: time.epoch
# - 
#   name: frequency
#   datatype: float64
#   unit: d**-1
#   description: Frequency of geometric model of the eclipsing binary light curve
#   meta:
#     ucd: src.orbital
# - 
#   name: frequency_error
#   datatype: float32
#   unit: d**-1
#   description: "Uncertainty of \\texttt{frequency}"
#   meta:
#     ucd: stat.error
# - 
#   name: geom_model_reference_level
#   datatype: float32
#   unit: mag
#   description: Magnitude reference level of geometric model
#   meta:
#     ucd: phot.mag;em.opt
# - 
#   name: geom_model_reference_level_error
#   datatype: float32
#   unit: mag
#   description: "Uncertainty of \\texttt{geomModelReferenceLevel}"
#   meta:
#     ucd: stat.error;phot.mag;em.opt
# - 
#   name: geom_model_gaussian1_phase
#   datatype: float32
#   description: Phase of the Gaussian 1 component
#   meta:
#     ucd: time.phase
# - 
#   name: geom_model_gaussian1_phase_error
#   datatype: float32
#   description: "Uncertainty of \\texttt{geomModelGaussian1Phase}"
#   meta:
#     ucd: stat.error;time.phase
# - 
#   name: geom_model_gaussian1_sigma
#   datatype: float32
#   description: "Standard deviation [phase] of Gaussian 1 component"
#   meta:
#     ucd: stat.stdev
# - 
#   name: geom_model_gaussian1_sigma_error
#   datatype: float32
#   description: "Uncertainty of \\texttt{geomModelGaussian1Sigma}"
#   meta:
#     ucd: stat.error
# - 
#   name: geom_model_gaussian1_depth
#   datatype: float32
#   unit: mag
#   description: Magnitude depth of Gaussian 1 component
#   meta:
#     ucd: src.var.amplitude
# - 
#   name: geom_model_gaussian1_depth_error
#   datatype: float32
#   unit: mag
#   description: "Uncertainty of \\texttt{geomModelGaussian1Depth}"
#   meta:
#     ucd: stat.error;src.var.amplitude
# - 
#   name: geom_model_gaussian2_phase
#   datatype: float32
#   description: Phase of Gaussian 2 component
#   meta:
#     ucd: time.phase
# - 
#   name: geom_model_gaussian2_phase_error
#   datatype: float32
#   description: "Uncertainty of \\texttt{geomModelGaussian2Phase}"
#   meta:
#     ucd: stat.error;time.phase
# - 
#   name: geom_model_gaussian2_sigma
#   datatype: float32
[...]
#   datatype: float32
#   description: "Secondary eclipse: uncertainty of \\texttt{derivedSecondaryEclDuration}"
#   meta:
#     ucd: stat.error;time.duration
# - 
#   name: derived_secondary_ecl_depth
#   datatype: float32
#   unit: mag
#   description: "Secondary eclipse: depth"
#   meta:
#     ucd: src.var.amplitude
# - 
#   name: derived_secondary_ecl_depth_error
#   datatype: float32
#   unit: mag
#   description: "Secondary eclipse: uncertainty of \\texttt{derivedSecondaryEclDepth}"
#   meta:
#     ucd: stat.error;src.var.amplitude
solution_id,source_id,global_ranking,reference_time,frequency,frequency_error,geom_model_reference_level,geom_model_reference_level_error,geom_model_gaussian1_phase,geom_model_gaussian1_phase_error,geom_model_gaussian1_sigma,geom_model_gaussian1_sigma_error,geom_model_gaussian1_depth,geom_model_gaussian1_depth_error,geom_model_gaussian2_phase,geom_model_gaussian2_phase_error,geom_model_gaussian2_sigma,geom_model_gaussian2_sigma_error,geom_model_gaussian2_depth,geom_model_gaussian2_depth_error,geom_model_cosine_half_period_amplitude,geom_model_cosine_half_period_amplitude_error,geom_model_cosine_half_period_phase,geom_model_cosine_half_period_phase_error,model_type,num_model_parameters,reduced_chi2,derived_primary_ecl_phase,derived_primary_ecl_phase_error,derived_primary_ecl_duration,derived_primary_ecl_duration_error,derived_primary_ecl_depth,derived_primary_ecl_depth_error,derived_secondary_ecl_phase,derived_secondary_ecl_phase_error,derived_secondary_ecl_duration,derived_secondary_ecl_duration_error,derived_secondary_ecl_depth,derived_secondary_ecl_depth_error
[from data line 111]
375316653866487564,6308226863744808320,0.62244374,2114.018628485156,2.3752077429734157,1.35716045E-5,14.994265,0.0026411663,0.24330588,0.0032762452,0.08053475,0.0029824297,0.19526869,0.0034860137,0.7455919,0.0019177928,0.1018261,0.0053397217,0.104707524,0.004864769,null,null,null,null,"TWOGAUSSIANS",8,6.4020844,0.24330588,0.0032762452,0.4,0.0,0.18918392,0.002642932,0.7455919,0.0019177928,0.4,0.0,0.09862154,0.0057026064
375316653866487564,6308275310976068608,0.6123218,2209.325772434034,1.9157371306796507,1.0011636E-5,15.665787,0.018178327,0.27299237,0.0017330657,0.11184034,0.008355039,0.29231983,0.016591107,0.7741574,0.0018271933,0.095285706,0.007955622,0.33461002,0.016039306,null,null,null,null,"TWOGAUSSIANS",8,12.432434,0.7741574,0.0018271933,0.4,0.0,0.3015039,0.019884521,0.27299237,0.0017330657,0.4,0.0,0.25918767,0.011202585
375316653866487564,6308301802334107008,0.7230703,2208.4199735035763,3.5430191890032345,7.815651E-6,16.16056,0.0086855525,0.23689783,0.0014635129,0.04072476,0.0033312317,0.55864835,0.019889481,0.75420964,0.0052329456,0.040689733,0.0057352697,0.52994674,0.030587928,0.14029884,0.010022608,0.23689783,0.0014635129,"TWOGAUSSIANS_WITH_ELLIPSOIDAL_ON_ECLIPSE1",9,10.722225,0.23689783,0.0014635129,0.22805867,0.018654898,0.8392459,0.011897376,0.75420964,0.0052329456,0.2278625,0.03211751,0.8072375,0.016714664
375316653866487564,6308306093006317824,0.5338013,2133.5276266393016,3.2116750572003308,1.5030422E-5,18.465832,0.008618088,0.12001842,0.00482241,0.03823526,0.008386673,0.8219717,1.147447,0.76001316,0.002367303,0.030650431,0.0018053711,0.59202117,0.03985776,null,null,null,null,"TWOGAUSSIANS",8,13.05332,0.12001842,0.00482241,0.21411745,0.04696537,0.8219717,1.147447,0.76001316,0.002367303,0.17164242,0.010110078,0.59202117,0.03985776
375316653866487564,6308356292584117120,0.6284403,2179.871712867734,3.5899742067301115,8.566582E-6,16.87428,0.015714275,0.1928848,0.0020170182,0.046819612,0.004646786,0.4211869,0.04649825,0.6868831,0.004275251,0.040647913,0.0062405937,0.2957552,0.045685872,0.13669935,0.0320988,0.1928848,0.0020170182,"TWOGAUSSIANS_WITH_ELLIPSOIDAL_ON_ECLIPSE1",9,45.59948,0.1928848,0.0020170182,0.26218984,0.026022002,0.69458526,0.03248554,0.6875331,0.0038726071,0.2276283,0.034947325,0.56880677,0.0420881
375316653866487564,6308388418938710656,0.6225247,2136.0711655913265,3.3725699020323816,1.9648047E-5,17.279516,0.037235312,0.27131876,0.00415415,0.063295454,0.0154722305,0.25737485,0.14389807,0.76965076,0.018521335,0.058570206,0.019415267,0.20003155,0.09639621,0.11400126,0.0400859,0.27131876,0.00415415,"TWOGAUSSIANS_WITH_ELLIPSOIDAL_ON_ECLIPSE1",9,9.619943,0.27131876,0.00415415,0.35445452,0.08664449,0.48525307,0.13804655,0.7700408,0.012165735,0.32799315,0.10184215,0.42789063,0.10266789
375316653866487564,6308445563479720064,0.5678759,2202.0908084346925,1.8030163962878731,1.5153782E-5,12.847984,0.2796698,0.33778116,0.005634988,0.17931704,0.09211518,0.19983497,0.26298782,0.83963597,0.0046197246,0.17038742,0.05860752,0.21783608,0.23339154,null,null,null,null,"TWOGAUSSIANS",8,17.030792,0.840186,0.003938877,0.4,0.0,0.07751672,0.0022884202,0.33717117,0.0058220914,0.4,0.0,0.0572016,0.004259819
375316653866487564,6308482908218787584,0.49242884,2174.874620251826,2.182895311342193,2.8687544E-5,17.208927,0.006104936,0.23943068,0.0015221875,0.04341167,0.0024498382,0.18633553,0.010762967,0.7098225,0.015712334,0.07995574,0.021594224,0.06777388,0.01850665,null,null,null,null,"TWOGAUSSIANS",8,11.393683,0.23943068,0.0015221875,0.24310534,0.013719094,0.18631741,0.0107572265,0.7098225,0.015712334,0.4,0.05789853,0.06775576,0.018521465
375316653866487564,6308572041676722304,0.5844965,2160.1615286376195,0.2301041230452785,2.6207526E-5,15.638972,0.0019265655,0.54321,0.037130944,0.00561493,0.008381615,0.12972118,9.098169,0.769259,0.0068114754,0.02894977,0.006476868,0.067530975,0.049854044,null,null,null,null,"TWOGAUSSIANS",8,7.438549,0.54321,0.037130944,0.031443607,0.046937045,0.12972118,9.098169,0.769259,0.0068114754,0.1621187,0.036270462,0.067530975,0.049854044
375316653866487564,6308619148878100992,0.609834,2192.8364529633204,2.814682332539262,1.5117526E-5,14.686399,0.036487315,0.24373825,0.05318574,0.045011602,0.05693682,0.14109659,0.093933165,0.75120425,0.006203916,0.035583846,0.033222124,0.14558674,0.16531007,0.17286518,0.040936217,0.75120425,0.006203916,"TWOGAUSSIANS_WITH_ELLIPSOIDAL_ON_ECLIPSE2",9,214.83684,0.75120425,0.006203916,0.19926953,0.18604389,0.49131647,0.17997755,0.24583824,0.01814081,0.25206497,0.22762929,0.48627996,0.099956684
375316653866487564,6308650897276252416,0.66331184,2194.483023312758,1.5672067207767926,8.688976E-6,15.80619,0.012644303,0.25261676,0.0044772257,0.043990538,0.0049446053,0.5381504,0.031383183,0.75436515,0.00834898,0.052387696,0.016907426,0.08187309,0.04372493,0.021015866,0.015928507,0.25261676,0.0044772257,"TWOGAUSSIANS_WITH_ELLIPSOIDAL_ON_ECLIPSE1",9,11.931292,0.25261676,0.0044772257,0.24634701,0.027689788,0.5801813,0.024573829,0.75436515,0.007977496,0.29337108,0.09468158,0.123898886,0.035744097
375316653866487564,6308656734135492864,0.5449654,2172.425598392748,3.199853854164943,1.7149754E-5,16.814272,0.015429144,0.28736907,0.00863882,0.09095837,0.013794066,0.30814886,0.04157862,0.79243016,0.0025071942,0.08889373,0.007097976,0.28886095,0.017150743,null,null,null,null,"TWOGAUSSIANS",8,22.394226,0.28736907,0.00863882,0.4,0.0,0.2965758,0.045738094,0.79243016,0.0025071942,0.4,0.0,0.277288,0.015405149
375316653866487564,6308727343397775872,0.45654014,2183.8455252359436,0.10278367410764165,5.4733668E-5,17.26745,0.010028715,0.17859578,0.007948178,0.08546553,0.038686715,0.047525413,0.013693972,0.67214483,0.01813828,0.09650335,0.033831414,0.058459297,0.013718589,null,null,null,null,"TWOGAUSSIANS",8,3.1507328,0.67214483,0.01813828,0.4,0.006366739,0.056257483,0.014439073,0.17859578,0.007948837,0.4,0.03146445,0.045323778,0.015743062
375316653866487564,6308763597217878912,0.6204566,2178.2673542894813,3.5709791180348835,1.6451208E-5,14.349631,0.012486469,0.26373813,0.0019707584,0.039334312,0.016628461,0.35070565,6.2683325,0.7596666,0.009462164,0.057341903,0.01389883,0.36185092,0.056499306,0.13223293,0.014912709,0.26373813,0.0019707584,"TWOGAUSSIANS_WITH_ELLIPSOIDAL_ON_ECLIPSE1",9,226.1098,0.7603166,0.008577277,0.32111466,0.077833444,0.6261512,0.053812597,0.26373813,0.0019707584,0.22027215,0.093119375,0.6151514,6.2834897
375316653866487564,6308767342429364352,0.62227064,2204.105853571838,2.916184966669407,7.935829E-6,14.643358,0.020950818,0.33427152,0.01514143,0.057218935,0.013432278,0.35314763,0.13132566,0.82822603,0.0021097807,0.04467677,0.0094348,0.33542156,0.19190508,0.11870517,0.033861596,0.82822603,0.0021097807,"TWOGAUSSIANS_WITH_ELLIPSOIDAL_ON_ECLIPSE2",9,200.1992,0.33338153,0.011865622,0.32042602,0.075220756,0.5902503,0.13240257,0.82822603,0.0021097807,0.25018993,0.05283488,0.57281595,0.20584637
375316653866487564,6308809119576003584,0.50043464,2158.8120771852687,3.6715611774456995,1.7904238E-5,17.226177,0.003308083,null,null,null,null,null,null,null,null,null,null,null,null,0.08470538,0.0058206874,0.33667958,0.0037738576,"ELLIPSOIDAL",4,10.734279,null,null,null,null,null,null,null,null,null,null,null,null
375316653866487564,6308898630989586432,0.5751177,2194.9735161966328,0.938486827958157,4.0941464E-5,17.106209,0.004463866,0.32636833,0.001410928,0.07754913,0.004261965,0.519751,0.076427944,0.74736416,0.059398077,0.1415477,0.07106641,0.020537362,0.0059084794,null,null,null,null,"TWOGAUSSIANS",8,4.072039,0.32642832,0.0012858039,0.4,0.0,0.5170311,0.07778765,0.74736416,0.059398077,0.4,0.0,0.017566338,0.006956684
375316653866487564,6308939342983293184,0.50885963,2161.7566107895505,1.2009620219027115,7.3407346E-6,15.955842,0.010134514,0.16015935,0.039032385,0.037135087,0.020970866,0.21308629,0.37394142,0.66170543,7.5500854E-4,0.03368696,0.0016679332,0.25895676,0.016205752,null,null,null,null,"TWOGAUSSIANS",8,86.27685,0.66170543,7.5500854E-4,0.18864697,0.009340426,0.25895676,0.016205752,0.16015935,0.039032385,0.2079565,0.11743685,0.21308629,0.37394142
375316653866487564,6309011330930123136,0.47838745,2191.8536877999272,0.08003290458036003,2.295013E-5,15.367677,0.009402458,0.57771707,0.006813674,0.022663325,0.006034397,0.61133105,0.10797936,0.8588224,0.007291184,0.035967395,0.01703885,0.23644015,0.1380565,0.03838193,0.022894718,0.57771707,0.006813674,"TWOGAUSSIANS_WITH_ELLIPSOIDAL_ON_ECLIPSE1",9,76.69527,0.57771707,0.006813674,0.12691462,0.033792622,0.68809444,0.109752454,0.85986245,0.0065871617,0.2014174,0.09541757,0.23943003,0.13821283
375316653866487564,6309092900950616832,0.5605044,2178.8096333179665,3.823746389649748,2.4543695E-5,17.900095,0.020258326,0.3681981,0.0027349556,0.06063414,0.0030812237,0.6560117,0.03388465,0.87970644,0.010704415,0.06943678,0.011450762,0.49878398,0.076033644,null,null,null,null,"TWOGAUSSIANS",8,15.116576,0.3681981,0.0027349556,0.33955118,0.017254854,0.6555165,0.033512197,0.87970644,0.010704415,0.38884598,0.05196357,0.4982888,0.075738095
375316653866487564,6309096440003662208,0.59933877,2203.649380805998,2.674439351823237,2.3930026E-5,15.8925085,0.01756239,0.28147063,0.0037233282,0.07916855,0.00408093,0.46727282,0.01924038,0.77784336,0.0050858622,0.07626527,0.006373605,0.48125026,0.025960084,null,null,null,null,"TWOGAUSSIANS",8,91.984856,0.77784336,0.0050858622,0.4,0.0,0.47627208,0.025262209,0.28147063,0.0037233282,0.4,0.0,0.46229464,0.017490175
375316653866487564,6309127634350617984,0.58677214,2197.009216503987,0.24166552909950836,4.257956E-5,17.34249,0.0024254906,0.40306622,0.0034399177,0.009831025,0.0036827032,0.014575408,0.0036143647,0.78324145,0.073701136,0.011437203,0.024636908,0.22048432,3.4972744,null,null,null,null,"TWOGAUSSIANS",8,2.5045211,0.78324145,0.073701136,0.064048335,0.13796669,0.22048432,3.4972744,0.40306622,0.0034399177,0.05505374,0.020623138,0.014575408,0.0036143647
375316653866487564,6309151759182032384,0.5146405,2211.774305602686,2.8530037839779667,2.9826726E-5,15.942952,0.033642504,0.22718537,0.014387298,0.08417392,0.012479094,0.47038987,0.10453519,0.71394557,0.004741084,0.08484762,0.0077634314,0.5924024,0.059071116,null,null,null,null,"TWOGAUSSIANS",8,288.29816,0.71394557,0.004741084,0.4,0.0,0.5819016,0.058011614,0.22718537,0.014387298,0.4,0.0,0.4598891,0.105474055
375316653866487564,6309196014525073792,0.572463,2160.2373495372804,2.170602172254135,1.962073E-5,14.301857,0.08262001,0.20689331,0.012888017,0.019620685,0.074876614,0.042062957,0.14862052,0.69785476,0.021233583,0.06114077,0.017910361,0.3364809,0.19475389,0.08065683,0.07628989,0.20689331,0.012888017,"TWOGAUSSIANS_WITH_ELLIPSOIDAL_ON_ECLIPSE1",9,278.744,0.6989747,0.018175801,0.3423883,0.08198099,0.4972967,0.1362705,0.20689331,0.012888017,0.109875835,0.2861078,0.2033342,0.012098678
375316653866487564,6309344826552130944,0.49196064,2123.2080519723836,0.25728305080538033,7.480393E-5,16.439888,0.011914,0.2871475,0.015005508,0.09477441,0.017818276,0.05851297,0.011977168,0.66953355,0.0137190735,0.09014856,0.022911068,0.14576137,0.029183064,null,null,null,null,"TWOGAUSSIANS",8,13.994787,0.66953355,0.0137190735,0.4,0.0,0.14509568,0.03064234,0.2872775,0.014602449,0.4,0.0,0.057848312,0.010684999
375316653866487564,6309438383824188672,0.5308877,2165.988031046071,0.04008913887189442,1.5394158E-5,18.349861,0.0038486144,0.32604474,0.007453615,0.040308204,0.0060307165,0.107306115,0.010255917,0.7790988,0.0225708,0.08652471,0.027654307,0.059380148,0.015149527,null,null,null,null,"TWOGAUSSIANS",8,0.5060592,0.32604474,0.00745305,0.22572593,0.033772014,0.10729405,0.010237453,0.7790988,0.0225708,0.4,0.0,0.059368014,0.015235148
375316653866487564,6309456152104393088,0.53128666,2189.036455924729,3.83087269392114,2.2988941E-5,18.247858,0.16307372,0.22328992,0.008923128,0.13306683,0.042347714,0.24877743,0.15471074,0.7392307,0.014108866,0.12951949,0.039222248,0.2533926,0.15791342,null,null,null,null,"TWOGAUSSIANS",8,2.308096,0.7395807,0.013738959,0.4,0.0,0.18101968,0.015019502,0.22299993,0.008298308,0.4,0.0,0.1762616,0.010543271
375316653866487564,6309562014456881664,0.5343457,2131.8588790030085,4.229816493712319,2.1259797E-5,18.75651,0.015718762,0.2312192,0.008076664,0.06519635,0.008227788,0.5766568,0.032550942,0.72728246,0.018027306,0.07538853,0.009534387,0.5074926,0.048674278,null,null,null,null,"TWOGAUSSIANS",8,3.3744597,0.2312192,0.008076664,0.36509958,0.039597273,0.57491654,0.032845274,0.72728246,0.018027306,0.4,0.0074726865,0.5057523,0.047354884
375316653866487564,6309574383963929856,0.65400386,2151.0117303775073,1.7439526220758974,9.595406E-6,15.490055,0.012174513,0.23715921,0.0055225124,0.067501344,0.010669599,0.15736575,0.05101345,0.73077863,0.0038164726,0.06168325,0.0047641983,0.22801633,0.02655775,0.068384044,0.014688356,0.23715921,0.0055225124,"TWOGAUSSIANS_WITH_ELLIPSOIDAL_ON_ECLIPSE1",9,17.27054,0.73174864,0.0026670834,0.34542617,0.02667951,0.36439338,0.0091960775,0.23715921,0.0055225124,0.37800753,0.05777755,0.293929,0.041312054
375316653866487564,6309595446483614464,0.6360509,2194.4292508574486,4.2045791184305275,7.93129E-6,18.606926,0.0116618,0.3375561,0.0017924254,0.06157769,0.003496763,0.585755,0.013204031,0.8384452,0.0039795376,0.086838305,0.005721854,0.39562988,0.037312254,null,null,null,null,"TWOGAUSSIANS",8,1.8988469,0.3375561,0.0017924254,0.34483507,0.019581873,0.58268774,0.012422297,0.8384452,0.0039795376,0.4,0.0,0.39256257,0.038125012
375316653866487564,6309629801925896064,0.6022983,2165.429207269884,3.0870773938835603,1.4623932E-5,18.56693,0.011744559,0.22664988,0.004037027,0.0823111,0.005318491,0.44260964,0.015622994,0.7439909,0.019106856,0.08550182,0.015049257,0.42448032,0.060272377,null,null,null,null,"TWOGAUSSIANS",8,1.7163423,0.22664988,0.004037027,0.4,0.0,0.4351292,0.015128275,0.7439909,0.019106856,0.4,0.0015363345,0.41699985,0.06115084
375316653866487564,6309676874767634432,0.6644706,2200.735202823004,3.7657032534678865,1.1820219E-5,17.873304,0.022378294,0.32112375,0.0041466984,0.037502017,0.005949463,0.42921707,0.053241044,0.8147532,0.003432556,0.047471583,0.0038030907,0.49337783,0.055400927,0.1593591,0.026232045,0.32112375,0.0041466984,"TWOGAUSSIANS_WITH_ELLIPSOIDAL_ON_ECLIPSE1",9,2.417263,0.8154132,0.002953093,0.26584086,0.021297308,0.81163794,0.012551204,0.32112375,0.0041466984,0.21001129,0.033316992,0.747935,0.040024355
375316653866487564,6309685499062363008,0.6244242,2184.059544627704,2.4138086219081503,1.1684839E-5,15.057552,0.016750287,0.2510983,0.0035763215,0.057443213,0.018539743,0.28292885,0.09537247,0.7487095,0.010131679,0.0414388,0.035550047,0.18792629,0.21393469,0.12913032,0.023229767,0.2510983,0.0035763215,"TWOGAUSSIANS_WITH_ELLIPSOIDAL_ON_ECLIPSE1",9,154.56001,0.2510983,0.0035763215,0.32168198,0.09485791,0.54116774,0.09053472,0.7490895,0.0100630615,0.23205727,0.19908026,0.44611612,0.24768509
375316653866487564,6309725841690904832,0.63163126,2247.1335673703406,4.019022777133655,7.3387655E-6,16.308096,0.0038136444,0.21886542,0.0012062772,0.0738946,0.003639042,0.42349476,0.03276649,0.71946746,0.001832535,0.07443605,0.0018381557,0.43295538,0.009253729,null,null,null,null,"TWOGAUSSIANS",8,12.025685,0.71946746,0.001832535,0.4,0.0,0.43007502,0.009303346,0.21886542,0.0012062772,0.4,0.0,0.4206144,0.03351629
375316653866487564,6309805075247675904,0.55463195,2221.5684729743857,3.725863067375036,1.4774929E-5,15.949022,0.02977448,0.19936998,0.005603033,0.053271174,0.018245948,0.096463986,0.067341186,0.7153154,0.011901103,0.030278362,0.011660956,0.15286528,0.067653954,0.0832088,0.032873545,0.19936998,0.005603033,"TWOGAUSSIANS_WITH_ELLIPSOIDAL_ON_ECLIPSE1",9,62.637943,0.7153154,0.011901103,0.16955882,0.06530135,0.3176164,0.029603995,0.19936998,0.005603033,0.29831856,0.102177314,0.26287997,0.022487164
