Gaia/vari_eclipsing_binary/VariEclipsingBinary_649373-649501.csv
# %ECSV 1.0
# ---
# delimiter: ','
# meta: !!omap
# - RELEASE: Gaia DR3
# - TABLE: vari_eclipsing_binary
# - DESCRIPTION: >
#     This table describes the properties of the eclipsing binaries resulting from the variability analysis. 
# - CITATION: >
#     How to cite and acknowledge Gaia: 
#     https://gea.esac.esa.int/archive/documentation/credits.html 
# - KNOWN_ISSUES: >
#     Known issues: 
#     https://www.cosmos.esa.int/web/gaia-users/known-issues 
# - DOCUMENTATION: >
#     Tutorials and documentation: 
#     https://www.cosmos.esa.int/web/gaia-users/archive 
# datatype:
# - 
#   name: solution_id
#   datatype: int64
#   description: Solution Identifier
#   meta:
#     ucd: meta.version
# - 
#   name: source_id
#   datatype: int64
#   description: Unique source identifier
#   meta:
#     ucd: meta.id;meta.main
# - 
#   name: global_ranking
#   datatype: float32
#   description: Number between 0 (worst) and 1 (best)
#   meta:
#     ucd: stat.param
# - 
#   name: reference_time
#   datatype: float64
#   unit: d
#   description: Reference time used for the geometric model fit
#   meta:
#     ucd: time.epoch
# - 
#   name: frequency
#   datatype: float64
#   unit: d**-1
#   description: Frequency of geometric model of the eclipsing binary light curve
#   meta:
#     ucd: src.orbital
# - 
#   name: frequency_error
#   datatype: float32
#   unit: d**-1
#   description: "Uncertainty of \\texttt{frequency}"
#   meta:
#     ucd: stat.error
# - 
#   name: geom_model_reference_level
#   datatype: float32
#   unit: mag
#   description: Magnitude reference level of geometric model
#   meta:
#     ucd: phot.mag;em.opt
# - 
#   name: geom_model_reference_level_error
#   datatype: float32
#   unit: mag
#   description: "Uncertainty of \\texttt{geomModelReferenceLevel}"
#   meta:
#     ucd: stat.error;phot.mag;em.opt
# - 
#   name: geom_model_gaussian1_phase
#   datatype: float32
#   description: Phase of the Gaussian 1 component
#   meta:
#     ucd: time.phase
# - 
#   name: geom_model_gaussian1_phase_error
#   datatype: float32
#   description: "Uncertainty of \\texttt{geomModelGaussian1Phase}"
#   meta:
#     ucd: stat.error;time.phase
# - 
#   name: geom_model_gaussian1_sigma
#   datatype: float32
#   description: "Standard deviation [phase] of Gaussian 1 component"
#   meta:
#     ucd: stat.stdev
# - 
#   name: geom_model_gaussian1_sigma_error
#   datatype: float32
#   description: "Uncertainty of \\texttt{geomModelGaussian1Sigma}"
#   meta:
#     ucd: stat.error
# - 
#   name: geom_model_gaussian1_depth
#   datatype: float32
#   unit: mag
#   description: Magnitude depth of Gaussian 1 component
#   meta:
#     ucd: src.var.amplitude
# - 
#   name: geom_model_gaussian1_depth_error
#   datatype: float32
#   unit: mag
#   description: "Uncertainty of \\texttt{geomModelGaussian1Depth}"
#   meta:
#     ucd: stat.error;src.var.amplitude
# - 
#   name: geom_model_gaussian2_phase
#   datatype: float32
#   description: Phase of Gaussian 2 component
#   meta:
#     ucd: time.phase
# - 
#   name: geom_model_gaussian2_phase_error
#   datatype: float32
#   description: "Uncertainty of \\texttt{geomModelGaussian2Phase}"
#   meta:
#     ucd: stat.error;time.phase
# - 
#   name: geom_model_gaussian2_sigma
#   datatype: float32
[...]
#   datatype: float32
#   description: "Secondary eclipse: uncertainty of \\texttt{derivedSecondaryEclDuration}"
#   meta:
#     ucd: stat.error;time.duration
# - 
#   name: derived_secondary_ecl_depth
#   datatype: float32
#   unit: mag
#   description: "Secondary eclipse: depth"
#   meta:
#     ucd: src.var.amplitude
# - 
#   name: derived_secondary_ecl_depth_error
#   datatype: float32
#   unit: mag
#   description: "Secondary eclipse: uncertainty of \\texttt{derivedSecondaryEclDepth}"
#   meta:
#     ucd: stat.error;src.var.amplitude
solution_id,source_id,global_ranking,reference_time,frequency,frequency_error,geom_model_reference_level,geom_model_reference_level_error,geom_model_gaussian1_phase,geom_model_gaussian1_phase_error,geom_model_gaussian1_sigma,geom_model_gaussian1_sigma_error,geom_model_gaussian1_depth,geom_model_gaussian1_depth_error,geom_model_gaussian2_phase,geom_model_gaussian2_phase_error,geom_model_gaussian2_sigma,geom_model_gaussian2_sigma_error,geom_model_gaussian2_depth,geom_model_gaussian2_depth_error,geom_model_cosine_half_period_amplitude,geom_model_cosine_half_period_amplitude_error,geom_model_cosine_half_period_phase,geom_model_cosine_half_period_phase_error,model_type,num_model_parameters,reduced_chi2,derived_primary_ecl_phase,derived_primary_ecl_phase_error,derived_primary_ecl_duration,derived_primary_ecl_duration_error,derived_primary_ecl_depth,derived_primary_ecl_depth_error,derived_secondary_ecl_phase,derived_secondary_ecl_phase_error,derived_secondary_ecl_duration,derived_secondary_ecl_duration_error,derived_secondary_ecl_depth,derived_secondary_ecl_depth_error
[from data line 363]
375316653866487564,5712342821928137088,0.57854694,2144.4376276296857,4.726723521972925,8.398222E-6,18.050638,0.0077563887,0.26984292,0.0015838302,0.08436523,0.00351793,0.36589637,0.00790164,0.77072185,0.0025012612,0.08222124,0.004320547,0.4162634,0.020618143,null,null,null,null,"TWOGAUSSIANS",8,3.191943,0.77072185,0.0025012612,0.4,0.0,0.40777573,0.022071991,0.26984292,0.0015838302,0.4,0.0,0.35740867,0.0070451256
375316653866487564,5712343646559461120,0.5177294,2162.5150055576955,3.331819867291503,1.4362539E-5,19.420732,0.007809265,0.20475133,0.002913956,0.083094895,0.00481737,0.3505529,0.011229107,0.70255244,0.0055064396,0.0686088,0.0057286588,0.3218339,0.02916646,null,null,null,null,"TWOGAUSSIANS",8,2.038703,0.20475133,0.002913956,0.4,0.0,0.34775198,0.011214666,0.70255244,0.0055064396,0.38420925,0.032022547,0.319033,0.029876972
375316653866487564,5712344990893886208,0.56866854,2126.977795593047,3.4559289573582004,1.4651641E-5,18.397095,0.012041285,0.24520412,0.004529451,0.08194656,0.006204613,0.29359335,0.013023769,0.7341584,0.004141413,0.090164065,0.008938087,0.30575633,0.015003176,null,null,null,null,"TWOGAUSSIANS",8,3.0569701,0.7341584,0.004141413,0.4,0.0,0.29846206,0.015845798,0.24520412,0.004529451,0.4,0.0,0.28629923,0.010671522
375316653866487564,5712345471930196480,0.5463654,2165.4992389566,3.334462350759405,1.5687969E-5,18.551155,0.022597559,0.26897418,0.0037943092,0.06309982,0.021363394,0.10542486,0.0531836,0.7878808,0.028421013,0.01950128,0.039409533,0.16641796,0.06754314,0.17002353,0.030223992,0.26897418,0.0037943092,"TWOGAUSSIANS_WITH_ELLIPSOIDAL_ON_ECLIPSE1",9,9.17947,0.7878808,0.024791352,0.10920717,0.2206934,0.5016476,0.11922156,0.26897418,0.0037943092,0.35335898,0.09331991,0.44543064,0.014346455
375316653866487564,5712346567139559680,0.4981835,2172.2323588191566,4.183150486297686,2.3793467E-5,18.857197,0.017392058,0.2512149,0.00531425,0.07472681,0.008594543,0.2835855,0.018065343,0.74481696,0.005511178,0.09219001,0.013399751,0.20961441,0.034679167,null,null,null,null,"TWOGAUSSIANS",8,4.4670563,0.2512149,0.00531425,0.4,0.0,0.2788159,0.013753269,0.74481696,0.005511178,0.4,0.0,0.20484465,0.035544254
375316653866487564,5712346880679675392,0.56044495,2187.986262197445,2.9182166111149255,1.3594653E-5,15.85405,0.016020678,0.2515403,0.004881731,0.095703386,0.008678278,0.24044846,0.014058968,0.74995476,0.002570909,0.10050844,0.0077372757,0.26014772,0.01332237,null,null,null,null,"TWOGAUSSIANS",8,28.229607,0.74995476,0.002570909,0.4,0.0,0.24107535,0.007862956,0.2515403,0.004881731,0.4,0.0,0.22137772,0.008102055
375316653866487564,5712347018118645632,0.50692624,2159.987324002205,0.3903482401994712,1.9379595E-4,17.684244,0.0034801997,0.18310992,0.03655255,0.036537908,0.077345304,0.020568362,0.014713843,0.69696426,0.0015299609,0.031325087,0.0022862286,0.14498407,0.0045337,null,null,null,null,"TWOGAUSSIANS",8,1.8167641,0.69696426,0.0015299609,0.1754205,0.01280288,0.14498407,0.004526777,0.18310992,0.03655255,0.20461228,0.28013209,0.020568362,0.014722177
375316653866487564,5712347464789547520,0.41531596,2179.106101239437,0.4962165126425382,2.454379E-5,17.915276,0.011404291,0.23185065,0.0031370523,0.012529339,0.006368882,0.07318268,0.14075716,0.5340635,0.009055924,0.04653695,0.017941115,0.09163622,0.022220407,null,null,null,null,"TWOGAUSSIANS",8,12.501871,0.5340635,0.009055924,0.2606069,0.10047025,0.09163622,0.022220407,0.23185065,0.0031370523,0.0701643,0.03566574,0.07318268,0.14075716
375316653866487564,5712349006679453952,0.57382935,2176.5135500389456,3.4208750686937743,8.161677E-6,17.655794,0.010429716,0.23804282,0.0021523035,0.094870314,0.005945171,0.22068717,0.01034791,0.736981,0.003928908,0.09360287,0.0071027847,0.26635814,0.010407493,null,null,null,null,"TWOGAUSSIANS",8,3.272521,0.736981,0.003928908,0.4,0.0,0.25222495,0.009199254,0.23804282,0.0021523035,0.4,0.0,0.20655389,0.008462936
375316653866487564,5712349045337147904,0.49468315,2181.797558016481,2.695393627971871,2.7114478E-5,18.609617,0.018966418,0.26438734,0.006970618,0.10018955,0.011951085,0.19266038,0.020154536,0.77112985,0.006676699,0.102670975,0.015222133,0.17834593,0.016819209,null,null,null,null,"TWOGAUSSIANS",8,3.0028224,0.26438734,0.0069769043,0.4,0.0,0.17630436,0.012211514,0.77112985,0.006675947,0.4,0.0,0.16198887,0.009929029
375316653866487564,5712351587963517440,0.6680985,2187.5380687225083,0.2373829883792913,3.000433E-6,12.830742,0.0010722553,0.27641442,2.408682E-4,0.0152342515,2.0781584E-4,0.46200642,0.0050442545,0.7757734,5.727754E-4,0.012967038,0.0015053994,0.85615945,0.31154972,null,null,null,null,"TWOGAUSSIANS",8,40.078903,0.7757734,5.727754E-4,0.072615415,0.008430236,0.85615945,0.31154972,0.27641442,2.408682E-4,0.08531181,0.0011637687,0.46200642,0.0050442545
375316653866487564,5712352172078972544,0.5265412,2202.0891939851813,1.2911033966075738,1.8728844E-5,14.830853,0.0016360075,0.26012406,0.0033998042,0.03920614,0.003920357,0.07585351,0.013071831,0.7317088,0.015819931,0.029062763,0.010518325,0.033579893,0.06407867,0.012557357,0.0025537414,0.26012406,0.0033998042,"TWOGAUSSIANS_WITH_ELLIPSOIDAL_ON_ECLIPSE1",9,17.497992,0.26012406,0.0033998042,0.2195544,0.021954,0.10096821,0.012846058,0.73303884,0.016135402,0.16275147,0.058902614,0.05793908,0.06347866
375316653866487564,5712354435518298752,0.5217836,2157.380531098306,2.880413458449952,1.2311882E-5,18.274109,0.55216557,0.19911022,0.0047260346,0.124635644,0.055558424,0.26786098,0.44195813,0.71333706,0.009276279,0.13211805,0.097537935,0.25469992,0.53603417,null,null,null,null,"TWOGAUSSIANS",8,2.6003788,0.19885023,0.0032058374,0.4,0.0,0.19810028,0.0108685875,0.71350706,0.008269504,0.4,0.0,0.18470122,0.012425709
375316653866487564,5712355328871925760,0.52699155,2193.0466826168076,1.7990668583053433,5.8867645E-5,18.141562,0.0049766,0.16157351,0.0016369373,0.040476922,0.0017114975,0.29220188,0.013276387,0.64506215,0.022026422,0.06485724,0.013113846,0.029927097,0.014365471,null,null,null,null,"TWOGAUSSIANS",8,6.420298,0.16157351,0.0016369373,0.22667076,0.009584386,0.29220107,0.013276267,0.64506215,0.022026422,0.36320052,0.07343754,0.029926289,0.014365792
375316653866487564,5712356604485273472,0.6117612,2199.6577287073137,0.18826306240231008,1.6780523E-6,16.348848,0.0012919668,0.2920364,2.2965368E-4,0.0066608274,1.8484796E-4,0.33060235,0.013418636,0.7905486,0.0037368983,0.006208238,0.0022905008,0.3100298,0.07152995,null,null,null,null,"TWOGAUSSIANS",8,6.0593343,0.2920364,2.2965368E-4,0.037300635,0.0010351486,0.33060235,0.013418636,0.7905486,0.0037368983,0.034766134,0.012826804,0.3100298,0.07152995
375316653866487564,5712358356831736832,0.5645129,2172.378839039273,2.68175430832981,1.4688499E-5,16.097088,0.014018182,0.271762,0.005180447,0.089306846,0.007878709,0.20490348,0.013928196,0.7644711,0.003793942,0.09454572,0.0077039152,0.1999612,0.013816604,null,null,null,null,"TWOGAUSSIANS",8,23.3529,0.271762,0.005180447,0.4,0.0,0.19591525,0.00902877,0.7644711,0.003793942,0.4,0.0,0.19097267,0.009340981
375316653866487564,5712360036162494080,0.54451525,2175.6134122561934,4.00452580892214,2.2331567E-5,19.341757,0.013621718,0.26433742,0.0038260848,0.08489306,0.005196685,0.4412639,0.017344445,0.7585356,0.02652595,0.0702597,0.020700125,0.4823464,0.0427867,null,null,null,null,"TWOGAUSSIANS",8,3.1915653,0.7585356,0.02652595,0.3934543,0.11470342,0.4778476,0.039788187,0.26433742,0.0038260848,0.4,0.0,0.43676513,0.01574205
375316653866487564,5712360177899462144,0.6861044,2190.1036933438127,1.1586942170820245,1.8371542E-6,12.965681,0.0024136966,0.25871104,6.6105573E-4,0.044436753,7.0997124E-4,0.507755,0.0070489356,0.7622799,0.0032949022,0.04358011,0.0032999283,0.08815907,0.011558485,0.033131953,0.0032596958,0.25871104,6.6105573E-4,"TWOGAUSSIANS_WITH_ELLIPSOIDAL_ON_ECLIPSE1",9,26.468664,0.25871104,6.6105573E-4,0.24884582,0.003975839,0.5740187,0.005126461,0.7622799,0.0032949022,0.24404863,0.018479599,0.15438949,0.009857052
375316653866487564,5712360555856403328,0.59436935,2160.7041094836695,2.9342750762338516,1.1109219E-5,19.301712,0.018952655,0.26857343,0.0036691125,0.04114378,0.0067383084,0.46353665,0.06707574,0.7756531,0.0029431297,0.05151097,0.005617007,0.6181933,0.037644893,0.11340435,0.022995247,0.26857343,0.0036691125,"TWOGAUSSIANS_WITH_ELLIPSOIDAL_ON_ECLIPSE1",9,3.0514266,0.7756531,0.0029431297,0.28846145,0.031455237,0.8445511,0.033767942,0.26857343,0.0036691125,0.23040517,0.037734527,0.6903429,0.055341456
375316653866487564,5712362548721200000,0.5286814,2169.6280687816397,0.8453121896439189,3.430266E-5,17.435778,0.003442723,0.22363026,0.013137049,0.0055156094,0.01855013,1.2626349,16.01836,0.7288346,0.0020882583,0.02753084,0.0023535916,0.46211573,0.06879686,null,null,null,null,"TWOGAUSSIANS",8,12.647616,0.22363026,0.013137049,0.030887414,0.103880726,1.2626349,16.01836,0.7288346,0.0020882583,0.1541727,0.0131801125,0.46211573,0.06879686
375316653866487564,5712363128531958528,0.66749406,2178.3869009529803,0.6043718076150646,1.915951E-5,16.918055,7.2162243E-4,0.65814644,0.0027746654,0.032551806,0.0020268967,0.348461,0.008400132,null,null,null,null,null,null,null,null,null,null,"ONEGAUSSIAN",5,1.1268502,0.65814644,0.0027746654,0.1822901,0.011350622,0.348461,0.0,null,null,null,null,null,null
375316653866487564,5712363785671870464,0.45571738,2174.400753616993,0.2762094966609289,3.9608658E-5,16.42361,0.005741875,0.14407648,0.032521192,0.009227477,0.049590748,0.26368535,0.2318635,0.8914598,0.017660124,0.012519545,0.018931955,0.10480914,0.079978,null,null,null,null,"TWOGAUSSIANS",8,59.24257,0.14407648,0.032521192,0.05167387,0.2777082,0.26368535,0.2318635,0.8914598,0.017660124,0.07010945,0.10601895,0.10480914,0.07997802
375316653866487564,5712365297500347648,0.57362,2186.517748728617,2.1044120860799596,7.7277255E-6,15.948365,0.012896121,0.24258143,0.014990459,0.046485946,0.010196863,0.12719463,0.07943079,0.7271877,0.0019829208,0.043406427,0.0020360262,0.8484771,0.050128438,0.02918651,0.023575276,0.24258143,0.014990459,"TWOGAUSSIANS_WITH_ELLIPSOIDAL_ON_ECLIPSE1",9,152.19542,0.7273477,0.001852952,0.243076,0.011401747,0.90631074,0.045352448,0.24258143,0.014990459,0.2603213,0.057102434,0.18556719,0.058319487
375316653866487564,5712366534451046144,0.50788903,2167.0768051648697,2.1707843639999997,1.1249069E-6,17.654966,0.0029740736,0.1591233,5.667294E-6,5.539817E-4,1.3447929E-5,0.8186742,0.044868484,0.4196061,0.050455485,0.034859817,0.01814816,0.017032972,0.009982712,null,null,null,null,"TWOGAUSSIANS",8,6.454903,0.1591233,5.667294E-6,0.0031022974,7.53084E-5,0.8186742,0.04486844,0.4196061,0.050455485,0.19521497,0.10162969,0.017032972,0.009982712
375316653866487564,5712368114998647424,0.5123703,2177.0899175735194,2.9386641027059746,1.30614635E-5,16.385683,0.007314896,0.20158273,0.014056189,0.07199381,0.0082653975,0.30054915,0.058205876,0.6979872,0.0045711305,0.07353507,0.0064974125,0.21554275,0.01639935,null,null,null,null,"TWOGAUSSIANS",8,48.54759,0.20158273,0.014056189,0.4,0.034696147,0.2992752,0.058404982,0.6979872,0.0045711305,0.4,0.0023579802,0.21426877,0.016606838
375316653866487564,5712369867345247616,0.6134669,2174.2074387877706,0.4311071297783767,9.904092E-6,16.7008,0.0015092422,0.29337662,0.0028166114,0.026347727,0.002199534,0.18044993,0.018596366,0.78512996,0.0052002845,0.028810365,0.006792847,0.122864485,0.012553156,0.015291128,0.0019979852,0.29337662,0.0028166114,"TWOGAUSSIANS_WITH_ELLIPSOIDAL_ON_ECLIPSE1",9,2.0818865,0.29337662,0.0028166114,0.14754726,0.012317391,0.21103215,0.018105347,0.78525996,0.0051566795,0.16133805,0.03803994,0.15336598,0.012624899
375316653866487564,5712371993346169984,0.44334924,2155.3018504195948,1.4478486031212559,3.4127424E-5,18.87007,0.0031763362,0.24938813,0.008442372,0.025212597,0.0027406027,0.49411368,0.159753,0.81846344,0.01566631,0.02189718,0.01156844,0.04602971,0.08993461,null,null,null,null,"TWOGAUSSIANS",8,2.3765697,0.24938813,0.008442372,0.14119054,0.015347375,0.49411368,0.159753,0.81846344,0.01566631,0.1226242,0.06478327,0.04602971,0.08993461
375316653866487564,5712377392124025344,0.5241846,2178.1113009873548,0.7131003157557347,4.3277854E-5,16.927479,0.0010270353,0.30860248,0.07534289,0.09119365,0.11626452,0.0038366227,0.0034271486,0.76335555,1.4513494E-4,0.017092625,3.2618368E-4,0.6826024,0.068826765,null,null,null,null,"TWOGAUSSIANS",8,0.740679,0.76335555,1.4513494E-4,0.0957187,0.0018266286,0.68260235,0.0687571,0.30860248,0.07534289,0.4,0.20382877,0.003836585,0.0034262289
375316653866487564,5712377667006236288,0.6120941,2183.8274647364524,0.9018662396078024,4.275084E-6,12.647004,0.0020128873,0.29987198,7.9162035E-4,0.05127064,0.0017018415,0.11762519,0.004782813,0.79553336,0.0049489606,0.037185047,0.009229139,0.027707992,0.013375976,0.02622034,0.002936236,0.29987198,7.9162035E-4,"TWOGAUSSIANS_WITH_ELLIPSOIDAL_ON_ECLIPSE1",9,33.27288,0.29987198,7.9162035E-4,0.28711557,0.009530312,0.17006499,0.0029350105,0.79627335,0.004085861,0.20823626,0.05168318,0.08011549,0.012657798
375316653866487564,5712378113678566144,0.5710848,2174.632517183652,3.113154258672077,7.5649195E-6,15.486463,0.016984314,0.2598038,0.0024885924,0.05017408,0.009942604,0.17107275,0.032215822,0.7672099,0.011413533,0.061297692,0.009402124,0.2175305,0.04000608,0.0738952,0.019042,0.2598038,0.0024885924,"TWOGAUSSIANS_WITH_ELLIPSOIDAL_ON_ECLIPSE1",9,53.06388,0.7672099,0.011134198,0.34326708,0.052651897,0.3649683,0.009270742,0.2598038,0.0024885924,0.28097486,0.055678584,0.31883034,0.020358117
375316653866487564,5712378113682792704,0.529932,2163.4334562621802,1.5344628462848104,1.3520944E-5,17.296679,0.024743864,0.25577,0.003818344,0.0522546,0.010400967,0.4298243,0.09105355,0.72441167,0.035870712,0.054319527,0.030408269,0.09944389,0.043872222,0.106487766,0.02865833,0.25577,0.003818344,"TWOGAUSSIANS_WITH_ELLIPSOIDAL_ON_ECLIPSE1",9,46.528996,0.25577,0.003818344,0.29262576,0.058245413,0.6427945,0.09925652,0.73490167,0.032031972,0.30418935,0.1702863,0.30693635,0.022805689
375316653866487564,5712378800877521280,0.5975598,2189.4343482382537,2.298926817044893,5.4423717E-6,16.341295,0.011255558,0.2940758,0.009453659,0.037971582,0.008571465,0.5067571,0.16050872,0.7941476,0.0018477913,0.036722768,0.0055406373,0.62565637,0.062002335,0.037393346,0.020893196,0.2940758,0.009453659,"TWOGAUSSIANS_WITH_ELLIPSOIDAL_ON_ECLIPSE1",9,47.74579,0.7941476,0.0018293398,0.20564751,0.031027569,0.7004431,0.073270254,0.2940758,0.009453659,0.21264087,0.048000205,0.58154374,0.16735704
375316653866487564,5712379930446000896,0.46113583,2161.8379490215607,0.2318511974095297,4.2988988E-5,19.342798,0.010731746,0.24404337,0.010831559,0.11300777,0.016292667,0.18030529,0.016234832,0.6960014,0.004273518,0.05540501,0.0069885706,0.18089738,0.009549721,null,null,null,null,"TWOGAUSSIANS",8,2.5635397,0.6960014,0.004273518,0.31026804,0.039135993,0.17926262,0.008067044,0.24404337,0.010831559,0.4,0.0,0.17860848,0.016186506
375316653866487564,5712380828102194688,0.5534038,2191.007954827556,3.3753889165490163,1.0379681E-5,15.732376,0.006572443,0.22773227,0.0037938976,0.07961817,0.005384455,0.28334504,0.010886563,0.7183142,0.0022506383,0.08363,0.003660286,0.47249636,0.026084568,null,null,null,null,"TWOGAUSSIANS",8,75.605225,0.7183142,0.0022506383,0.4,0.0,0.46685788,0.027058205,0.22773227,0.0037938976,0.4,0.0,0.2777066,0.011153514
375316653866487564,5712382305565576064,0.5085078,2155.9452183010953,3.2009449799874456,2.1237465E-5,18.713612,0.014086008,0.21840471,0.007360554,0.08883994,0.0104549425,0.24952012,0.016895179,0.7313715,0.0055878027,0.096781164,0.009086077,0.22384858,0.017545115,null,null,null,null,"TWOGAUSSIANS",8,3.8854508,0.21840471,0.007360554,0.4,0.0,0.23918161,0.015763769,0.7313715,0.0055878027,0.4,0.0,0.21350926,0.016574908
