Gaia/vari_eclipsing_binary/VariEclipsingBinary_603449-603503.csv
# %ECSV 1.0
# ---
# delimiter: ','
# meta: !!omap
# - RELEASE: Gaia DR3
# - TABLE: vari_eclipsing_binary
# - DESCRIPTION: >
#     This table describes the properties of the eclipsing binaries resulting from the variability analysis. 
# - CITATION: >
#     How to cite and acknowledge Gaia: 
#     https://gea.esac.esa.int/archive/documentation/credits.html 
# - KNOWN_ISSUES: >
#     Known issues: 
#     https://www.cosmos.esa.int/web/gaia-users/known-issues 
# - DOCUMENTATION: >
#     Tutorials and documentation: 
#     https://www.cosmos.esa.int/web/gaia-users/archive 
# datatype:
# - 
#   name: solution_id
#   datatype: int64
#   description: Solution Identifier
#   meta:
#     ucd: meta.version
# - 
#   name: source_id
#   datatype: int64
#   description: Unique source identifier
#   meta:
#     ucd: meta.id;meta.main
# - 
#   name: global_ranking
#   datatype: float32
#   description: Number between 0 (worst) and 1 (best)
#   meta:
#     ucd: stat.param
# - 
#   name: reference_time
#   datatype: float64
#   unit: d
#   description: Reference time used for the geometric model fit
#   meta:
#     ucd: time.epoch
# - 
#   name: frequency
#   datatype: float64
#   unit: d**-1
#   description: Frequency of geometric model of the eclipsing binary light curve
#   meta:
#     ucd: src.orbital
# - 
#   name: frequency_error
#   datatype: float32
#   unit: d**-1
#   description: "Uncertainty of \\texttt{frequency}"
#   meta:
#     ucd: stat.error
# - 
#   name: geom_model_reference_level
#   datatype: float32
#   unit: mag
#   description: Magnitude reference level of geometric model
#   meta:
#     ucd: phot.mag;em.opt
# - 
#   name: geom_model_reference_level_error
#   datatype: float32
#   unit: mag
#   description: "Uncertainty of \\texttt{geomModelReferenceLevel}"
#   meta:
#     ucd: stat.error;phot.mag;em.opt
# - 
#   name: geom_model_gaussian1_phase
#   datatype: float32
#   description: Phase of the Gaussian 1 component
#   meta:
#     ucd: time.phase
# - 
#   name: geom_model_gaussian1_phase_error
#   datatype: float32
#   description: "Uncertainty of \\texttt{geomModelGaussian1Phase}"
#   meta:
#     ucd: stat.error;time.phase
# - 
#   name: geom_model_gaussian1_sigma
#   datatype: float32
#   description: "Standard deviation [phase] of Gaussian 1 component"
#   meta:
#     ucd: stat.stdev
# - 
#   name: geom_model_gaussian1_sigma_error
#   datatype: float32
#   description: "Uncertainty of \\texttt{geomModelGaussian1Sigma}"
#   meta:
#     ucd: stat.error
# - 
#   name: geom_model_gaussian1_depth
#   datatype: float32
#   unit: mag
#   description: Magnitude depth of Gaussian 1 component
#   meta:
#     ucd: src.var.amplitude
# - 
#   name: geom_model_gaussian1_depth_error
#   datatype: float32
#   unit: mag
#   description: "Uncertainty of \\texttt{geomModelGaussian1Depth}"
#   meta:
#     ucd: stat.error;src.var.amplitude
# - 
#   name: geom_model_gaussian2_phase
#   datatype: float32
#   description: Phase of Gaussian 2 component
#   meta:
#     ucd: time.phase
# - 
#   name: geom_model_gaussian2_phase_error
#   datatype: float32
#   description: "Uncertainty of \\texttt{geomModelGaussian2Phase}"
#   meta:
#     ucd: stat.error;time.phase
# - 
#   name: geom_model_gaussian2_sigma
#   datatype: float32
[...]
#   datatype: float32
#   description: "Secondary eclipse: uncertainty of \\texttt{derivedSecondaryEclDuration}"
#   meta:
#     ucd: stat.error;time.duration
# - 
#   name: derived_secondary_ecl_depth
#   datatype: float32
#   unit: mag
#   description: "Secondary eclipse: depth"
#   meta:
#     ucd: src.var.amplitude
# - 
#   name: derived_secondary_ecl_depth_error
#   datatype: float32
#   unit: mag
#   description: "Secondary eclipse: uncertainty of \\texttt{derivedSecondaryEclDepth}"
#   meta:
#     ucd: stat.error;src.var.amplitude
solution_id,source_id,global_ranking,reference_time,frequency,frequency_error,geom_model_reference_level,geom_model_reference_level_error,geom_model_gaussian1_phase,geom_model_gaussian1_phase_error,geom_model_gaussian1_sigma,geom_model_gaussian1_sigma_error,geom_model_gaussian1_depth,geom_model_gaussian1_depth_error,geom_model_gaussian2_phase,geom_model_gaussian2_phase_error,geom_model_gaussian2_sigma,geom_model_gaussian2_sigma_error,geom_model_gaussian2_depth,geom_model_gaussian2_depth_error,geom_model_cosine_half_period_amplitude,geom_model_cosine_half_period_amplitude_error,geom_model_cosine_half_period_phase,geom_model_cosine_half_period_phase_error,model_type,num_model_parameters,reduced_chi2,derived_primary_ecl_phase,derived_primary_ecl_phase_error,derived_primary_ecl_duration,derived_primary_ecl_duration_error,derived_primary_ecl_depth,derived_primary_ecl_depth_error,derived_secondary_ecl_phase,derived_secondary_ecl_phase_error,derived_secondary_ecl_duration,derived_secondary_ecl_duration_error,derived_secondary_ecl_depth,derived_secondary_ecl_depth_error
[from data line 646]
375316653866487564,5308372255516042368,0.5351727,2134.342287005679,2.886811289612619,9.353189E-6,18.995777,0.014819462,0.2754028,0.003669501,0.07329686,0.0068025375,0.37370735,0.032758653,0.7750645,0.003127339,0.073869705,0.005313104,0.41747952,0.02211837,null,null,null,null,"TWOGAUSSIANS",8,3.2583385,0.7750645,0.003127339,0.4,0.0028686621,0.41503733,0.022035552,0.2754028,0.003669501,0.4,0.009095545,0.3712652,0.03335237
375316653866487564,5308372633454657280,0.62076014,2109.471137264606,2.9726562905694323,1.0314986E-5,17.30965,0.016644334,0.26869863,0.0012530702,0.04290671,0.005338709,0.1884121,0.035024635,0.75968635,0.004314215,0.04581034,0.008928433,0.25280464,0.033670712,0.13156416,0.019401997,0.26869863,0.0012530702,"TWOGAUSSIANS_WITH_ELLIPSOIDAL_ON_ECLIPSE1",9,8.402466,0.76100636,0.0035751497,0.2565379,0.049999226,0.51521325,0.017875195,0.26869863,0.0012530702,0.24027756,0.02989677,0.4515398,0.0060417857
375316653866487564,5308374518940651136,0.4608776,2120.208738912819,0.07612894625264346,2.4722602E-5,17.594933,0.00795378,0.10113973,0.005844711,0.029656071,0.0041869623,0.26443636,0.039403245,0.6790003,0.0074072485,0.035003223,0.005747678,0.2974757,0.072170116,null,null,null,null,"TWOGAUSSIANS",8,41.59378,0.6790003,0.0074072485,0.19601804,0.032186996,0.2974757,0.072170116,0.10113973,0.005844711,0.166074,0.02344699,0.26443636,0.039403245
375316653866487564,5308374656379652736,0.5111775,2119.7083430597754,2.5199172850309495,1.337476E-5,18.167397,0.025863975,0.2593491,0.005664625,0.09365042,0.013509155,0.28467008,0.029362159,0.7416929,0.0053360737,0.092216186,0.011453484,0.27355495,0.024295423,null,null,null,null,"TWOGAUSSIANS",8,8.123368,0.2593491,0.005664625,0.4,0.0,0.27312487,0.029643139,0.7416929,0.0053360737,0.4,0.0,0.26200998,0.015316352
375316653866487564,5308374931260466304,0.50606894,2105.855224317495,0.8289140441471515,2.091709E-5,19.244595,0.0070228274,0.30019233,0.009472826,0.0479633,0.010493861,0.31762415,0.016149087,0.8196378,0.016091783,0.07050801,0.0144325895,0.13195363,0.01724657,null,null,null,null,"TWOGAUSSIANS",8,2.7353544,0.30019233,0.009472826,0.26859447,0.058765616,0.31759965,0.016155276,0.8196378,0.016091783,0.39484483,0.07375645,0.13192913,0.017244862
375316653866487564,5308375588406657536,0.6404443,2101.03348207744,1.3594274037169942,5.3719714E-6,15.855288,0.0031063873,0.230444,0.0016299892,0.037688125,0.0017701987,0.42564067,0.01392245,0.7311887,0.0018640235,0.04271236,0.0038948944,0.231608,0.016091915,0.017346991,0.0039450815,0.230444,0.0016299892,"TWOGAUSSIANS_WITH_ELLIPSOIDAL_ON_ECLIPSE1",9,9.8485155,0.230444,0.0016299892,0.21105349,0.009913113,0.46033466,0.012832216,0.7311887,0.0018572491,0.23918922,0.021811409,0.2663012,0.01635467
375316653866487564,5308375691470886400,0.5031185,2140.227306996208,3.910582336925045,1.5722584E-5,19.921814,0.0102656465,0.26840502,0.0058321576,0.04857675,0.0054777265,0.38389468,0.039295945,0.78448904,0.016820323,0.055045243,0.015903637,0.28186384,0.012092786,null,null,null,null,"TWOGAUSSIANS",8,1.9470744,0.26840502,0.0058321576,0.27202982,0.030675268,0.38389203,0.03929695,0.78448904,0.016820323,0.30825338,0.089060366,0.28186116,0.012104888
375316653866487564,5308375725845622528,0.65180355,2105.74741560844,0.5990824802740783,8.732807E-6,15.618568,0.0010323756,0.66787267,5.5818976E-4,0.01907378,5.194643E-4,0.63761723,0.011402874,null,null,null,null,null,null,null,null,null,null,"ONEGAUSSIAN",5,11.451961,0.66787267,5.5818976E-4,0.10681317,0.002909,0.63761723,0.0,null,null,null,null,null,null
375316653866487564,5308376305654356736,0.44117793,2112.5251999786656,2.3702318792957984,2.1065005E-5,19.191593,0.079020195,0.24315798,0.012256173,0.098341376,0.020587232,0.30603346,0.08206757,0.78346574,0.012334538,0.12951969,0.03951182,0.2894227,0.07090687,null,null,null,null,"TWOGAUSSIANS",8,6.952321,0.242738,0.011986418,0.4,0.0,0.27139932,0.044050574,0.78347576,0.012296588,0.4,0.0,0.25421095,0.030514663
375316653866487564,5308377340753048960,0.50459564,2110.1885396829825,0.35230918901111735,1.4599049E-5,12.929407,4.7218674E-4,0.27003163,0.0040319273,0.014123082,0.0041540745,0.04791338,0.020232832,0.7757397,0.0063384566,0.018591542,0.01300936,0.030147364,1535622.6,0.008820197,6.535781E-4,0.27003163,0.0040319273,"TWOGAUSSIANS_WITH_ELLIPSOIDAL_ON_ECLIPSE1",9,15.8254795,0.27003163,0.0040319273,0.07908926,0.023262816,0.06555378,0.020308109,0.7757397,0.0063384566,0.10411264,0.07285242,0.047765076,1535622.6
375316653866487564,5308377718710187008,0.4601048,2101.827683672003,0.5273703480201553,4.7929487E-5,17.09691,0.010651703,0.17591174,0.109985806,0.09612234,0.10293433,0.020578763,0.011135209,0.62181777,0.015355673,0.11583492,0.030841295,0.07865694,0.008222258,null,null,null,null,"TWOGAUSSIANS",8,8.670771,0.62181777,0.015355673,0.4,0.0,0.075939134,0.010075044,0.17662174,0.44395572,0.4,0.0,0.017909544,0.057449367
375316653866487564,5308377821789407616,0.47116897,2084.0907907520436,1.7971905164156856,1.1391213E-5,15.941075,0.003363991,0.29869115,0.0043639024,0.038401835,0.0033003418,0.390686,0.028746184,0.8065223,0.004184402,0.04531674,0.0058008237,0.13626131,0.020155907,null,null,null,null,"TWOGAUSSIANS",8,38.25625,0.29869115,0.0043639024,0.21505027,0.018481914,0.390686,0.028746188,0.8065223,0.004184402,0.25377375,0.032484613,0.13626131,0.020155914
375316653866487564,5308379020066583808,0.5100173,2089.553757608752,1.5180557421045833,1.90815E-5,16.614595,0.0037111978,0.263823,0.0028276541,0.06116287,0.010308608,0.050918587,0.013360369,0.7540131,0.008633131,0.029048191,0.02059592,0.051096305,0.015074539,0.0373388,0.006161023,0.263823,0.0028276541,"TWOGAUSSIANS_WITH_ELLIPSOIDAL_ON_ECLIPSE1",9,8.167638,0.263823,0.0028276541,0.34251207,0.05772821,0.12558393,0.009876546,0.7548831,0.008220212,0.16266987,0.11533715,0.12550336,0.019482898
375316653866487564,5308379058725278208,0.47940844,2079.8614094329814,3.3739544230828096,1.4360407E-5,19.06758,0.023664149,0.24025708,0.0055283774,0.09865051,0.0089844,0.28840876,0.024889389,0.73649174,0.0031237444,0.088305496,0.00842961,0.32208526,0.022396525,null,null,null,null,"TWOGAUSSIANS",8,3.5234952,0.73649174,0.0031237444,0.4,0.0,0.30601856,0.018278908,0.24025708,0.0055283774,0.4,0.0,0.27234057,0.017473046
375316653866487564,5308379539776352640,0.46691674,2090.8283583316997,3.092469510214707,2.8408469E-5,18.503092,0.018861277,0.26399347,0.01134732,0.08936696,0.013831355,0.18376857,0.02213436,0.7698408,0.009489993,0.08338067,0.016105514,0.18464237,0.02138088,null,null,null,null,"TWOGAUSSIANS",8,8.731305,0.7698408,0.009489993,0.4,0.0,0.1795837,0.019223852,0.26399347,0.01134732,0.4,0.0,0.17870983,0.016593505
375316653866487564,5308379775980857344,0.66945976,2111.977576275839,0.7377622122491037,1.5902333E-6,17.173271,0.0011278345,0.3453656,5.7072536E-4,0.034168042,5.2663044E-4,0.50518787,0.0044560367,0.6152504,0.013449995,0.00792633,0.003206497,0.025842046,0.18935706,null,null,null,null,"TWOGAUSSIANS",8,2.4667633,0.3453656,5.7072536E-4,0.19134103,0.0029491303,0.50518787,0.0044560367,0.6152504,0.013449995,0.04438745,0.017956384,0.025842046,0.18935706
375316653866487564,5308380055156898560,0.5505434,2080.885019843836,1.1217366943455367,6.992956E-6,19.923878,0.008721896,0.30140626,0.003646141,0.037015054,0.0023624578,0.72000015,0.11124615,0.810282,0.0019975945,0.030882986,0.0025017746,0.6461938,0.041615684,null,null,null,null,"TWOGAUSSIANS",8,1.5021366,0.30140626,0.003646141,0.2072843,0.013229764,0.72000015,0.11124615,0.810282,0.0019975945,0.17294472,0.014009939,0.6461938,0.041615684
375316653866487564,5308380497535512320,0.5263539,2105.5360571193833,2.18535454288167,1.5177843E-5,19.431715,0.008377407,0.33184597,0.0032531864,0.008513098,0.005266736,0.05854928,0.17869723,0.6781838,0.002464646,0.054270405,0.0029222944,0.39899507,0.018924259,null,null,null,null,"TWOGAUSSIANS",8,2.3840086,0.6781838,0.002464646,0.30391428,0.016364848,0.39899507,0.018924259,0.33184597,0.0032531864,0.04767335,0.02949372,0.05854928,0.17869723
375316653866487564,5308380604913550592,0.4704474,2103.5297309403268,0.973695815733787,2.1722726E-5,19.811132,0.008299131,0.25380382,0.0046001375,0.047544487,0.0036245428,0.33403808,0.020891046,0.71910274,0.010309547,0.057222378,0.0077537284,0.2470765,0.03336502,null,null,null,null,"TWOGAUSSIANS",8,1.732592,0.25380382,0.0046001375,0.26624912,0.02029744,0.33403683,0.02089095,0.71910274,0.010309547,0.3204453,0.043420877,0.24707526,0.03336553
375316653866487564,5308381360842761856,0.516911,2121.5092072532925,0.3426346792686747,4.8987764E-5,13.657873,4.4782006E-4,0.24454053,0.0012030948,0.016100211,9.1572606E-4,0.05565404,0.0014659701,0.7653292,0.004350169,0.01998273,0.0029305832,0.10308453,0.035594877,null,null,null,null,"TWOGAUSSIANS",8,9.620017,0.7653292,0.004350169,0.11190328,0.016411267,0.10308453,0.035594877,0.24454053,0.0012030948,0.09016118,0.005128066,0.05565404,0.0014659701
375316653866487564,5308381360842762752,0.4944118,2115.415078654294,0.7537923391566308,4.7675708E-6,18.041216,0.0033240328,0.14245264,0.0038333798,0.047230024,0.0032413492,0.1683622,0.008532018,0.6540768,0.0049391123,0.04756646,0.0052963886,0.09399508,0.017420236,null,null,null,null,"TWOGAUSSIANS",8,3.3923213,0.14245264,0.0038333798,0.26448813,0.018151555,0.16836208,0.008532021,0.6540768,0.0049391123,0.26637217,0.029659776,0.09399496,0.017420309
375316653866487564,5308382907031003008,0.4924856,2089.691115029486,1.972099069399233,1.1007188E-4,18.302172,0.0027221206,0.6876536,0.0049532293,0.02194501,0.003573108,0.18040763,0.03732037,0.5651889,6.9475186E-4,0.019528205,0.0026745822,0.88007116,0.5669822,null,null,null,null,"TWOGAUSSIANS",8,2.9520283,0.5651889,6.9475186E-4,0.109357946,0.01497766,0.88007116,0.5669822,0.6876536,0.0049532293,0.12289206,0.020009406,0.18040763,0.03732037
375316653866487564,5308383181912876288,0.5957037,2105.3279016147594,3.683346186316254,5.1483557E-6,19.088545,0.014336937,0.24772865,0.0043509356,0.043264337,0.004543103,0.6732449,0.086894594,0.7520176,0.0010007507,0.045422275,0.0020788775,0.51858073,0.030387951,0.091640115,0.016784329,0.24772865,0.0043509356,"TWOGAUSSIANS_WITH_ELLIPSOIDAL_ON_ECLIPSE1",9,2.5849848,0.24772865,0.0043509356,0.24228027,0.025441376,0.85652465,0.08014643,0.7520176,0.0010007507,0.25436473,0.011641715,0.7017274,0.012727788
375316653866487564,5308383418116204928,0.4364853,2125.230572944526,3.462440539212528,5.460164E-5,19.245125,0.035111245,0.2541015,0.062264916,0.0627279,0.06959513,0.14469163,0.031322327,0.71557415,0.015440875,0.046024945,0.014033904,0.36237547,0.08467451,null,null,null,null,"TWOGAUSSIANS",8,6.6353993,0.71557415,0.015440875,0.2577397,0.078589864,0.36237347,0.08470639,0.2541015,0.062264916,0.35127622,0.08229778,0.14468965,0.029907819
375316653866487564,5308383555552321920,0.51481724,2132.6908365353115,3.428811459827925,1.6273885E-5,18.075104,0.04229818,0.14884044,0.0038709708,0.10579045,0.01730214,0.22906429,0.038198583,0.655343,0.0053537847,0.11338834,0.019504964,0.22212915,0.04169789,null,null,null,null,"TWOGAUSSIANS",8,3.9352229,0.14883044,0.003879559,0.4,0.0,0.19789828,0.010447711,0.655343,0.005381426,0.4,0.0,0.19094244,0.009795907
375316653866487564,5308383731664738816,0.4831124,2135.5283887753876,0.43086286374898375,1.2950887E-5,14.899329,5.2439095E-4,0.84366775,0.008606956,0.0114190765,0.009114059,0.034469966,0.0079923775,null,null,null,null,null,null,0.0046598553,8.951058E-4,0.84366775,0.008606956,"ONEGAUSSIAN_WITH_ELLIPSOIDAL",6,6.0806036,0.84366775,0.008606956,0.06394683,0.051038727,0.043789674,0.008249466,null,null,null,null,null,null
375316653866487564,5308384693737226752,0.6321336,2143.247576522199,1.4679970111553482,2.3324314E-6,16.12502,0.007682044,0.24550335,0.0015038231,0.045540445,0.002701988,0.77506,0.06169563,0.74623084,0.0011495001,0.045305658,0.002981998,0.18569684,0.01685308,0.037223063,0.009405278,0.24550335,0.0015038231,"TWOGAUSSIANS_WITH_ELLIPSOIDAL_ON_ECLIPSE1",9,17.2736,0.24550335,0.0015038231,0.2550265,0.015131132,0.8495059,0.072637916,0.74623084,0.0011495001,0.2537117,0.01669919,0.26014113,0.0055728257
375316653866487564,5308385758889085440,0.5385495,2098.261613463565,0.09441252247766799,2.6786105E-5,12.883852,0.0013619249,0.21755992,0.001866272,0.054292828,0.0050680186,0.060892947,0.0022318014,0.69748884,0.0109643275,0.07077726,0.007910724,0.056830376,0.0048024035,null,null,null,null,"TWOGAUSSIANS",8,21.701946,0.21755992,0.001866272,0.30403984,0.028380904,0.06087254,0.002232614,0.69748884,0.0109643275,0.39635265,0.04195838,0.056809966,0.004803925
375316653866487564,5308386136846168192,0.53929776,2117.8350036300876,1.410733663113301,1.1398377E-5,17.135864,0.0063123526,0.25292662,0.002645271,0.03397313,0.015162407,0.088143855,0.019161597,0.7826178,0.019538026,0.046173368,0.0141362,0.07161655,0.019738285,0.10937188,0.010418648,0.25292662,0.002645271,"TWOGAUSSIANS_WITH_ELLIPSOIDAL_ON_ECLIPSE1",9,13.581425,0.25292662,0.002645271,0.19024953,0.084909484,0.30688676,0.027389487,0.7826178,0.019538026,0.25857088,0.07916272,0.28283444,0.015272823
375316653866487564,5308386304331366016,0.5680342,2112.3514549607935,1.064124929988399,2.9165108E-6,18.508163,0.00419516,0.24472076,9.936084E-4,0.028400062,0.0010203767,0.30932537,0.0048830095,0.74280494,0.0010472963,0.029515445,0.0017497668,0.32967526,0.025740914,null,null,null,null,"TWOGAUSSIANS",8,2.4516304,0.74280494,0.0010472963,0.1652865,0.009798694,0.32967526,0.025740914,0.24472076,9.936084E-4,0.15904035,0.005714109,0.30932537,0.0048830095
375316653866487564,5308388198415255296,0.5327097,2138.6827832373056,3.2172771270177494,9.043484E-6,18.497778,0.012893658,0.30648553,0.005175832,0.071995966,0.0055281227,0.39081192,0.014859948,0.8081475,0.0031735846,0.07058107,0.004787412,0.33887425,0.012043465,null,null,null,null,"TWOGAUSSIANS",8,5.9855146,0.30648553,0.005175832,0.4,0.015671313,0.38931903,0.014591427,0.8081475,0.0031735846,0.395254,0.022275409,0.33738136,0.011481538
375316653866487564,5308389534149405440,0.57327425,2105.0609533538814,0.501855124043681,5.7710704E-6,18.902863,0.005529805,0.3233899,0.003145775,0.020733899,0.0021666375,0.5965789,0.012698383,0.8213851,0.0015925667,0.022569707,0.0010937556,0.56830615,0.023364846,null,null,null,null,"TWOGAUSSIANS",8,2.8767986,0.3233899,0.003145775,0.11610983,0.01213317,0.5965789,0.012698383,0.8213851,0.0015925667,0.12639035,0.006125031,0.56830615,0.023364846
375316653866487564,5308392390302064000,0.49310568,2113.540175107394,3.6009921432149836,9.979801E-6,17.760986,0.01870475,0.29349357,0.0032840983,0.09648663,0.012429928,0.16830306,0.0155740455,0.7740632,0.006888507,0.08920877,0.01301255,0.17642547,0.019962095,null,null,null,null,"TWOGAUSSIANS",8,7.957695,0.7740632,0.006888507,0.4,0.0,0.16954851,0.016493604,0.29349357,0.0032840983,0.4,0.0,0.16142543,0.009440864
375316653866487564,5308392695245517824,0.53913206,2158.763981372548,1.0945570915351908,6.898654E-6,19.134218,0.006325766,0.27659488,0.00601786,0.06065853,0.006480973,0.25521138,0.019669808,0.7722458,0.0013292383,0.05346062,0.002533172,0.36714485,0.009524188,null,null,null,null,"TWOGAUSSIANS",8,1.8225986,0.7722458,0.0013292383,0.2993795,0.014185764,0.36711025,0.009518611,0.27659488,0.00601786,0.33968776,0.03629345,0.25517678,0.01968819
375316653866487564,5308393107557236864,0.597689,2173.002568559483,0.4284941419616842,1.0742067E-6,16.822754,0.0012155608,0.14885357,0.0049828836,0.024353784,0.0054668877,0.08673243,0.015609398,0.65016264,5.566929E-9,6.6916336E-4,1.1797777E-6,0.4227299,0.0011896596,null,null,null,null,"TWOGAUSSIANS",8,4.4688916,0.65016264,5.566929E-9,0.003747315,6.6067546E-6,0.4227299,0.0011896596,0.14885357,0.0049828836,0.1363812,0.030614572,0.08673243,0.015609398
