Gaia/vari_eclipsing_binary/VariEclipsingBinary_459699-459709.csv
# %ECSV 1.0
# ---
# delimiter: ','
# meta: !!omap
# - RELEASE: Gaia DR3
# - TABLE: vari_eclipsing_binary
# - DESCRIPTION: >
#     This table describes the properties of the eclipsing binaries resulting from the variability analysis. 
# - CITATION: >
#     How to cite and acknowledge Gaia: 
#     https://gea.esac.esa.int/archive/documentation/credits.html 
# - KNOWN_ISSUES: >
#     Known issues: 
#     https://www.cosmos.esa.int/web/gaia-users/known-issues 
# - DOCUMENTATION: >
#     Tutorials and documentation: 
#     https://www.cosmos.esa.int/web/gaia-users/archive 
# datatype:
# - 
#   name: solution_id
#   datatype: int64
#   description: Solution Identifier
#   meta:
#     ucd: meta.version
# - 
#   name: source_id
#   datatype: int64
#   description: Unique source identifier
#   meta:
#     ucd: meta.id;meta.main
# - 
#   name: global_ranking
#   datatype: float32
#   description: Number between 0 (worst) and 1 (best)
#   meta:
#     ucd: stat.param
# - 
#   name: reference_time
#   datatype: float64
#   unit: d
#   description: Reference time used for the geometric model fit
#   meta:
#     ucd: time.epoch
# - 
#   name: frequency
#   datatype: float64
#   unit: d**-1
#   description: Frequency of geometric model of the eclipsing binary light curve
#   meta:
#     ucd: src.orbital
# - 
#   name: frequency_error
#   datatype: float32
#   unit: d**-1
#   description: "Uncertainty of \\texttt{frequency}"
#   meta:
#     ucd: stat.error
# - 
#   name: geom_model_reference_level
#   datatype: float32
#   unit: mag
#   description: Magnitude reference level of geometric model
#   meta:
#     ucd: phot.mag;em.opt
# - 
#   name: geom_model_reference_level_error
#   datatype: float32
#   unit: mag
#   description: "Uncertainty of \\texttt{geomModelReferenceLevel}"
#   meta:
#     ucd: stat.error;phot.mag;em.opt
# - 
#   name: geom_model_gaussian1_phase
#   datatype: float32
#   description: Phase of the Gaussian 1 component
#   meta:
#     ucd: time.phase
# - 
#   name: geom_model_gaussian1_phase_error
#   datatype: float32
#   description: "Uncertainty of \\texttt{geomModelGaussian1Phase}"
#   meta:
#     ucd: stat.error;time.phase
# - 
#   name: geom_model_gaussian1_sigma
#   datatype: float32
#   description: "Standard deviation [phase] of Gaussian 1 component"
#   meta:
#     ucd: stat.stdev
# - 
#   name: geom_model_gaussian1_sigma_error
#   datatype: float32
#   description: "Uncertainty of \\texttt{geomModelGaussian1Sigma}"
#   meta:
#     ucd: stat.error
# - 
#   name: geom_model_gaussian1_depth
#   datatype: float32
#   unit: mag
#   description: Magnitude depth of Gaussian 1 component
#   meta:
#     ucd: src.var.amplitude
# - 
#   name: geom_model_gaussian1_depth_error
#   datatype: float32
#   unit: mag
#   description: "Uncertainty of \\texttt{geomModelGaussian1Depth}"
#   meta:
#     ucd: stat.error;src.var.amplitude
# - 
#   name: geom_model_gaussian2_phase
#   datatype: float32
#   description: Phase of Gaussian 2 component
#   meta:
#     ucd: time.phase
# - 
#   name: geom_model_gaussian2_phase_error
#   datatype: float32
#   description: "Uncertainty of \\texttt{geomModelGaussian2Phase}"
#   meta:
#     ucd: stat.error;time.phase
# - 
#   name: geom_model_gaussian2_sigma
#   datatype: float32
[...]
#   datatype: float32
#   description: "Secondary eclipse: uncertainty of \\texttt{derivedSecondaryEclDuration}"
#   meta:
#     ucd: stat.error;time.duration
# - 
#   name: derived_secondary_ecl_depth
#   datatype: float32
#   unit: mag
#   description: "Secondary eclipse: depth"
#   meta:
#     ucd: src.var.amplitude
# - 
#   name: derived_secondary_ecl_depth_error
#   datatype: float32
#   unit: mag
#   description: "Secondary eclipse: uncertainty of \\texttt{derivedSecondaryEclDepth}"
#   meta:
#     ucd: stat.error;src.var.amplitude
solution_id,source_id,global_ranking,reference_time,frequency,frequency_error,geom_model_reference_level,geom_model_reference_level_error,geom_model_gaussian1_phase,geom_model_gaussian1_phase_error,geom_model_gaussian1_sigma,geom_model_gaussian1_sigma_error,geom_model_gaussian1_depth,geom_model_gaussian1_depth_error,geom_model_gaussian2_phase,geom_model_gaussian2_phase_error,geom_model_gaussian2_sigma,geom_model_gaussian2_sigma_error,geom_model_gaussian2_depth,geom_model_gaussian2_depth_error,geom_model_cosine_half_period_amplitude,geom_model_cosine_half_period_amplitude_error,geom_model_cosine_half_period_phase,geom_model_cosine_half_period_phase_error,model_type,num_model_parameters,reduced_chi2,derived_primary_ecl_phase,derived_primary_ecl_phase_error,derived_primary_ecl_duration,derived_primary_ecl_duration_error,derived_primary_ecl_depth,derived_primary_ecl_depth_error,derived_secondary_ecl_phase,derived_secondary_ecl_phase_error,derived_secondary_ecl_duration,derived_secondary_ecl_duration_error,derived_secondary_ecl_depth,derived_secondary_ecl_depth_error
[from data line 937]
375316653866487564,4043634021976321024,0.42199534,2402.9491327592805,0.11440719987490024,3.552006E-5,19.550722,0.053453468,0.32573578,0.019057946,0.101753876,0.019300545,0.63000405,0.13088955,0.7915665,0.015746338,0.08739482,0.018831797,0.44062728,0.0628615,null,null,null,null,"TWOGAUSSIANS",8,14.001719,0.32573578,0.019057946,0.4,0.0,0.6102687,0.1345713,0.7915665,0.015746338,0.4,0.0,0.42091,0.08459721
375316653866487564,4043634026196800384,0.45756862,2355.2443961339604,1.0613039944374014,2.5914655E-5,18.812923,0.023395281,0.18063289,0.0101997275,0.08665164,0.017559592,0.20557538,0.022708548,0.7046658,0.015473251,0.07727008,0.020649947,0.16673857,0.048285782,null,null,null,null,"TWOGAUSSIANS",8,6.198904,0.18063289,0.0101997275,0.4,0.0,0.20333032,0.020941583,0.7046658,0.015473251,0.4,0.04854812,0.16449356,0.04899742
375316653866487564,4043634026196816256,0.42018235,2361.012854940334,0.1729659381786513,2.4932362E-5,19.257961,0.08479431,0.36368275,0.017838234,0.0609683,0.04818799,0.17597009,0.046063285,0.85013205,0.015433549,0.084297895,0.041956577,0.12355151,0.08757257,null,null,null,null,"TWOGAUSSIANS",8,5.747987,0.36368275,0.017832655,0.34142247,0.14452851,0.17542586,0.035106763,0.85013205,0.015433549,0.4,0.0,0.123007275,0.06611274
375316653866487564,4043634159415036416,0.4370317,2414.337630482432,3.9899928978764043,2.6462947E-5,19.708462,0.019939087,0.17861941,6.163659E-4,0.0062975115,0.0017236959,0.4228369,0.24576794,0.6796939,0.010343286,0.12523079,0.010032269,0.4936644,0.039140545,null,null,null,null,"TWOGAUSSIANS",8,3.0827878,0.6796939,0.010343286,0.4,0.0,0.49318072,0.03902627,0.17861941,6.163659E-4,0.035266064,0.009652697,0.42269453,0.24593371
375316653866487564,4043634331293436416,0.48654702,2357.348600916092,0.9527508241664716,1.7758973E-4,18.84344,0.007946959,0.44451523,0.0078817345,0.029703276,0.0049473774,0.2037243,0.040478222,0.31183207,0.017913425,0.11500018,0.018476501,0.11752774,0.014718583,null,null,null,null,"TWOGAUSSIANS",8,3.0044005,0.44186524,0.0079396665,0.16633834,0.027705314,0.2649137,0.03609685,0.31199208,0.017798984,0.4,0.0,0.11751886,0.014705926
375316653866487564,4043634434375433344,0.4316206,2448.356689819257,0.3855987747135343,9.232653E-6,17.992466,0.006100288,0.4339044,0.0035098447,0.026552396,0.002535382,0.23960234,0.03805709,0.58537275,0.016400522,0.009039082,0.007666033,0.072656326,13.148914,null,null,null,null,"TWOGAUSSIANS",8,7.4821053,0.4339044,0.0035098447,0.14869341,0.014198139,0.23960234,0.03805709,0.58537275,0.016400522,0.050618853,0.042929787,0.07265635,13.148914
375316653866487564,4043634507234500864,0.46463436,2397.4033732756798,0.03273579366856458,6.570768E-6,19.175173,0.009579602,0.2605276,0.0024242739,0.021058505,0.0022231939,0.29631197,0.045342777,0.76152635,0.011526679,0.045469213,0.009333647,0.2287325,0.055825565,null,null,null,null,"TWOGAUSSIANS",8,6.005847,0.2605276,0.0024242739,0.11792763,0.012449886,0.29631197,0.045342777,0.76152635,0.011526679,0.25462762,0.052268423,0.2287325,0.055825565
375316653866487564,4043634537455292416,0.5186842,2399.9446458609405,1.6820062173470285,1.9921828E-5,19.435694,0.013443713,0.20187397,0.010035278,0.0916859,0.017274417,0.20809512,0.05249509,0.6963108,0.007029742,0.08122401,0.008000858,0.4166563,0.0151991295,null,null,null,null,"TWOGAUSSIANS",8,2.047385,0.6963108,0.007029742,0.4,0.0,0.40873027,0.012267951,0.20187397,0.010035278,0.4,0.0,0.20016895,0.05623047
375316653866487564,4043634640533916032,0.4627934,2316.395561398423,0.11446498815693845,2.6245314E-5,19.482918,0.07514648,0.30387577,0.014345364,0.06884359,0.015446333,0.36907062,0.08694928,0.7357983,0.012379732,0.09988742,0.01868477,0.4957808,0.081631504,null,null,null,null,"TWOGAUSSIANS",8,6.273392,0.7357983,0.012379732,0.4,0.0,0.49279395,0.07256753,0.30389577,0.014349458,0.38552412,0.039185684,0.36612698,0.0790875
375316653866487564,4043634674893630720,0.43436947,2316.122762650665,0.09527476372651827,7.442575E-5,19.71996,0.04238457,0.29111284,3.5066946E-4,0.014507278,0.0011223488,0.25490168,0.029006395,0.69345474,0.02861868,0.1754601,0.039574035,0.2727579,0.054722875,null,null,null,null,"TWOGAUSSIANS",8,6.74494,0.29131284,2.1185057E-4,0.08124076,0.006285154,0.2660213,0.03327675,0.69345474,0.02861868,0.4,0.0,0.26335064,0.05803658
375316653866487564,4043634709253382400,0.4752999,2341.2568562434953,0.07832106452055913,4.403105E-5,19.548164,0.015339671,0.29754922,0.005285372,0.07428981,0.007463588,0.37030637,0.02602951,0.7252539,0.010627602,0.051905278,0.024389299,1.7231297,2.183452,null,null,null,null,"TWOGAUSSIANS",8,4.0534067,0.7252539,0.010627602,0.29066956,0.11765438,1.7230839,2.18406,0.29754922,0.005285372,0.4,1.590215E-4,0.37026045,0.02604568
375316653866487564,4043634747752805632,0.45020512,2361.475925276914,0.05613855999765878,7.110065E-5,19.497147,0.023690011,0.32266867,0.08796471,0.075900204,0.060275067,0.46626464,3.8014076,0.74249613,0.004768752,0.031392954,0.0060440633,0.7408519,0.3051399,null,null,null,null,"TWOGAUSSIANS",8,14.5157585,0.74249613,0.004768752,0.17580053,0.033846755,0.7408516,0.30514044,0.32266867,0.08796471,0.4,0.2916294,0.46626422,3.8014085
375316653866487564,4043634777976091264,0.5006503,2399.6851144401435,0.9345947205128734,2.6033922E-5,18.597435,0.013880103,0.23594514,0.004993039,0.08369093,0.007459239,0.28626794,0.021838062,0.74317294,0.0051370612,0.091342516,0.010607625,0.22206455,0.01555327,null,null,null,null,"TWOGAUSSIANS",8,5.4065847,0.23594514,0.004993039,0.4,0.0,0.27876168,0.022032348,0.74317294,0.0051370612,0.4,0.0,0.21455817,0.015478676
375316653866487564,4043634812332723456,0.44310412,2314.7498500229112,0.045188817933007504,1.00921E-4,19.494703,0.033239514,0.11080984,0.049668573,0.071451955,0.049505267,0.49923128,0.39932293,0.4158674,0.023931919,0.1005374,0.018795274,0.4580223,0.06142048,null,null,null,null,"TWOGAUSSIANS",8,11.369483,0.11227984,0.05419891,0.4,0.09473548,0.5036553,0.39858383,0.4158674,0.023931919,0.4,0.0,0.45781094,0.058269534
375316653866487564,4043634919551386112,0.5432111,2389.076498539541,0.6779274742911385,2.4323208E-5,16.207079,0.0039668954,0.3112591,0.008999503,0.044978693,0.008250253,0.25009456,0.0113108875,0.78376687,0.026885834,0.015317862,0.022446815,0.15871596,4.2349663,null,null,null,null,"TWOGAUSSIANS",8,28.997068,0.3112591,0.008999503,0.25188068,0.046201415,0.25009456,0.0113108875,0.78376687,0.026885834,0.085780025,0.12570216,0.15871596,4.2349663
375316653866487564,4043635258992010368,0.4594435,2419.96613172092,0.2118449639747559,9.005733E-5,19.224682,0.14771362,0.2679879,0.015593987,0.12574047,0.044331305,0.4251211,0.12720685,0.78129965,0.009751037,0.10925303,0.043582987,0.33557707,0.13961332,null,null,null,null,"TWOGAUSSIANS",8,4.01248,0.2679679,0.01545803,0.4,0.0,0.3552419,0.059032697,0.78143966,0.009981807,0.4,0.0,0.2660159,0.023713026
375316653866487564,4043635465167560704,0.46063492,2362.678470409351,1.8291736089117028,7.4155876E-5,19.474993,0.082174204,0.20630369,0.014063691,0.09035135,0.027339058,0.3599522,0.088106126,0.7146072,0.013446036,0.09693267,0.04476926,0.27715123,0.053822033,null,null,null,null,"TWOGAUSSIANS",8,6.1691732,0.20630369,0.01406146,0.4,0.0,0.34418526,0.06803923,0.7146072,0.013446036,0.4,0.0,0.26138347,0.053242035
375316653866487564,4043635465167618304,0.5265761,2375.3315057632035,1.280469011113008,3.7802383E-5,18.803371,0.01836989,0.25942343,0.007067381,0.07722651,0.008418419,0.33195585,0.026638772,0.7643623,0.0036708915,0.07340276,0.0059965546,0.40311867,0.019034427,null,null,null,null,"TWOGAUSSIANS",8,6.394174,0.7643623,0.0036708915,0.4,0.0,0.4004723,0.017853219,0.25942343,0.007067381,0.4,0.0,0.3293095,0.025799282
375316653866487564,4043635533889874432,0.5250937,2403.371279482481,0.03131998272208685,2.3099796E-5,18.829762,0.006755119,0.34887785,5.3247536E-6,0.018042825,0.0011664478,0.91606385,0.32817826,0.78267694,0.019810881,0.052779768,0.016165238,0.1368815,0.09628171,null,null,null,null,"TWOGAUSSIANS",8,6.334267,0.34887785,5.3247536E-6,0.10103982,0.0065321075,0.91606385,0.32817826,0.78267694,0.019810881,0.2955667,0.09052533,0.1368815,0.09628171
375316653866487564,4043635602401454464,0.48097062,2383.0781698903797,0.6318106440243,3.879409E-5,17.64951,0.016221683,0.21824072,0.010044117,0.08793329,0.016272098,0.22096445,0.025830297,0.7393574,0.024088258,0.08466423,0.021307128,0.20655027,0.028558575,null,null,null,null,"TWOGAUSSIANS",8,9.518439,0.21824072,0.010044117,0.4,0.0,0.21648303,0.026407346,0.7393574,0.024088258,0.4,0.032168806,0.20206892,0.026220767
375316653866487564,4043635602609533312,0.44406763,2408.633372970754,0.3207999818512469,8.4170955E-5,19.498785,0.60408264,0.17765082,0.022438917,0.1778145,0.13917683,0.5045627,0.5949193,0.6805103,0.020139998,0.1004746,0.046788752,0.5398937,0.26968768,null,null,null,null,"TWOGAUSSIANS",8,7.139648,0.6807603,0.020074511,0.4,0.06246691,0.36840943,0.10759971,0.17765082,0.022450464,0.4,0.0,0.31370077,0.032306515
375316653866487564,4043635774309416576,0.42928898,2289.43352539001,0.6452587316334739,4.0339277E-5,19.710194,0.022155724,0.36788368,0.008344428,0.1163215,0.011729312,0.2982927,0.025176903,0.8419484,0.0065685227,0.024676224,0.014335004,0.18335754,873.5585,null,null,null,null,"TWOGAUSSIANS",8,3.84398,0.36788368,0.008344428,0.4,0.0,0.29787877,0.024785187,0.8419484,0.0065685227,0.13818686,0.08027602,0.18302825,873.5588
375316653866487564,4043635778545222912,0.43543944,2474.3760843669884,0.8284047227409034,3.6594844E-5,19.323414,0.21965094,0.12920915,0.024818128,0.1160565,0.08285392,0.19728734,0.1954277,0.66928583,0.030707343,0.13890345,0.083855264,0.34693402,0.20488596,null,null,null,null,"TWOGAUSSIANS",8,3.5121756,0.66942585,0.030039858,0.4,0.0,0.2906152,0.05655718,0.12707914,0.024136834,0.4,0.15762743,0.14254399,0.048257604
375316653866487564,4043635812851329280,0.47541425,2350.7534465101753,0.19708913611674833,2.589534E-5,18.781849,0.0071413107,0.9276734,0.010832047,0.017806748,0.008738002,0.07922761,0.079084575,0.7661648,0.009474755,0.054170996,0.0072178855,0.2242624,0.02129472,null,null,null,null,"TWOGAUSSIANS",8,5.3957257,0.7661648,0.009474755,0.30335757,0.04042016,0.2242624,0.02129472,0.9270734,0.011175972,0.09971779,0.048932813,0.08190427,0.078716874
375316653866487564,4043635984703533696,0.47334173,2375.82448663616,0.21562988298836624,1.8232404E-5,17.636452,0.004588173,0.2934999,0.008219191,0.04651686,0.006746228,0.080890015,0.011348857,0.65783924,0.0051210066,0.05588797,0.0050463895,0.15107696,0.012029531,null,null,null,null,"TWOGAUSSIANS",8,6.892154,0.65783924,0.0051210066,0.31297264,0.028259782,0.15107696,0.012029531,0.2934999,0.008219191,0.26049444,0.037778877,0.080890015,0.011348858
375316653866487564,4043636324143450880,0.49877006,2360.5538630642263,3.4667708520401774,9.217234E-5,19.388144,0.28903508,0.4562941,0.016458038,0.20879638,0.08356546,0.5574267,0.27387148,0.90410274,0.012110856,0.013638089,0.009904488,0.582151,17.079752,null,null,null,null,"TWOGAUSSIANS",8,8.154243,0.90410274,0.012110856,0.0763733,0.055465132,0.5913673,17.078049,0.4562941,0.016458038,0.4,0.0,0.4938798,0.0566024
375316653866487564,4043636358506340608,0.45727405,2353.511473517473,0.32340449715481856,3.9645147E-5,19.224785,0.030092001,0.17908852,0.007223398,0.074644335,0.009995366,0.279264,0.033535942,0.5967051,0.055511925,0.0384981,0.046484467,0.25683072,0.09054845,null,null,null,null,"TWOGAUSSIANS",8,6.5272794,0.17908852,0.007223398,0.4,0.0073658805,0.2792631,0.032737345,0.5967051,0.055511925,0.21558934,0.23011075,0.25682986,0.09096181
375316653866487564,4043636568819792384,0.58754885,2405.2570937521946,1.13443085406039,1.1057233E-5,15.132997,0.020841492,0.24959752,0.006177724,0.105584815,0.016125372,0.15494283,0.020868544,0.7522061,0.002523622,0.10143625,0.011582704,0.18099697,0.018863559,null,null,null,null,"TWOGAUSSIANS",8,19.52013,0.7522061,0.0025192462,0.4,0.0,0.16346821,0.005559899,0.24959752,0.0061849197,0.4,0.0,0.13741177,0.004775726
375316653866487564,4043636671845352064,0.4410203,2476.299851724765,0.2701275881692456,5.4059463E-5,19.264877,0.040906705,0.2049178,0.012966599,0.17374638,0.044785667,0.22459766,0.03589817,0.5166694,0.007893006,0.01572032,0.011779862,0.14653605,1.8976609,null,null,null,null,"TWOGAUSSIANS",8,3.1960075,0.2049178,0.012966599,0.4,0.0,0.21745051,0.038892366,0.5166694,0.007893006,0.088033795,0.06596723,0.18438275,1.8934394
375316653866487564,4043636736461105536,0.43384916,2411.1714608340353,0.37534222101421677,3.1235183E-4,16.529299,0.027982898,0.32634845,0.06930193,0.13937916,0.06475435,0.1373394,0.028502248,0.7259384,0.11660225,0.11842121,0.12480145,0.055242162,0.023195576,null,null,null,null,"TWOGAUSSIANS",8,13.86602,0.32710844,0.06714394,0.4,0.0,0.12575042,0.02525143,0.7259384,0.11660225,0.4,0.15607601,0.045731954,0.010609876
375316653866487564,4043636770824445184,0.51162,2420.8409183875556,3.4607424323644733,2.6881598E-5,18.854513,0.024593014,0.22596152,0.008327927,0.06953432,0.010257436,0.5371164,0.06515358,0.7287551,0.003443574,0.07205066,0.004303283,0.59642965,0.03445713,null,null,null,null,"TWOGAUSSIANS",8,11.791313,0.7287551,0.003443574,0.4,0.009771399,0.5943605,0.03353992,0.22596152,0.008327927,0.38939217,0.04096973,0.5350473,0.065511584
375316653866487564,4043636873900110208,0.46599334,2522.8962705435433,1.8311083953200176,2.1973794E-4,19.403343,0.023606714,0.21794203,0.006751785,0.03695908,0.0065489006,0.25690827,0.03311834,0.72313225,0.06377241,0.057896357,0.10200583,0.09569134,0.063789755,null,null,null,null,"TWOGAUSSIANS",8,1.5586406,0.21794203,0.0067501934,0.20697084,0.036673844,0.2569081,0.03159833,0.72313225,0.06377241,0.3242196,0.16307564,0.09569115,0.063732415
375316653866487564,4043636912417340288,0.44799694,2409.859293249963,0.10288631961039651,1.0307948E-4,19.185575,0.01835968,0.28399402,0.019152176,0.14670011,0.0353633,0.17895417,0.025926555,0.74390906,0.0020029,0.018499987,0.0044648307,2.4298794,3.6044102,null,null,null,null,"TWOGAUSSIANS",8,3.0303597,0.74390906,0.0020029,0.103599936,0.025003053,2.4297082,3.6049168,0.28399402,0.019152176,0.4,0.0,0.17726545,0.027869618
375316653866487564,4043636942406766592,0.49713433,2390.107491790673,2.2001166983728444,1.1383747E-5,17.906176,0.036967408,0.320874,0.007821013,0.10692066,0.017919883,0.3481421,0.03461106,0.7995893,0.0027170572,0.08944092,0.011337607,0.38777456,0.032008275,null,null,null,null,"TWOGAUSSIANS",8,21.172913,0.7995893,0.0027170572,0.4,0.0,0.366348,0.02570481,0.320874,0.007821013,0.4,0.0,0.32669795,0.03308703
375316653866487564,4043636981137927040,0.5101728,2470.0095832420425,0.25692266978297595,1.0660081E-4,19.57297,0.006802027,0.17566676,0.008260078,0.055403996,0.008450476,0.2500459,0.033923913,0.77621967,0.0043119933,0.042724922,0.0148128215,0.067473665,0.008312313,null,null,null,null,"TWOGAUSSIANS",8,0.92692554,0.17566676,0.008260078,0.31026238,0.047322668,0.2500459,0.033923943,0.77621967,0.0043119933,0.23925956,0.0829518,0.067473665,0.008312384
375316653866487564,4043637114422259584,0.43662545,2439.9206551071775,0.41326305275259384,8.688937E-5,19.345383,0.07089518,0.24864632,0.039991338,0.16164874,0.09545292,0.10097559,0.07265331,0.6954745,0.017384334,0.085504204,0.026608257,0.19997603,0.059875462,null,null,null,null,"TWOGAUSSIANS",8,2.9675314,0.6954745,0.017384334,0.4,0.032151278,0.18340802,0.04958458,0.24864632,0.03998261,0.4,0.0,0.08190521,0.03589918
375316653866487564,4043637148781577088,0.4401148,2422.497212932467,0.061455057373796876,1.7858865E-5,19.37029,0.023999369,0.44703993,0.0033465826,0.052423973,0.0058343215,0.5033007,0.07769773,0.8765484,0.012523326,0.02082192,0.016628794,0.12314563,0.024116296,null,null,null,null,"TWOGAUSSIANS",8,9.895226,0.44703993,0.0033465826,0.29357424,0.0326722,0.5033007,0.07769773,0.8765484,0.012523326,0.116602756,0.093121246,0.12314563,0.024116296
