Gaia/vari_eclipsing_binary/VariEclipsingBinary_667429-667451.csv
# %ECSV 1.0
# ---
# delimiter: ','
# meta: !!omap
# - RELEASE: Gaia DR3
# - TABLE: vari_eclipsing_binary
# - DESCRIPTION: >
#     This table describes the properties of the eclipsing binaries resulting from the variability analysis. 
# - CITATION: >
#     How to cite and acknowledge Gaia: 
#     https://gea.esac.esa.int/archive/documentation/credits.html 
# - KNOWN_ISSUES: >
#     Known issues: 
#     https://www.cosmos.esa.int/web/gaia-users/known-issues 
# - DOCUMENTATION: >
#     Tutorials and documentation: 
#     https://www.cosmos.esa.int/web/gaia-users/archive 
# datatype:
# - 
#   name: solution_id
#   datatype: int64
#   description: Solution Identifier
#   meta:
#     ucd: meta.version
# - 
#   name: source_id
#   datatype: int64
#   description: Unique source identifier
#   meta:
#     ucd: meta.id;meta.main
# - 
#   name: global_ranking
#   datatype: float32
#   description: Number between 0 (worst) and 1 (best)
#   meta:
#     ucd: stat.param
# - 
#   name: reference_time
#   datatype: float64
#   unit: d
#   description: Reference time used for the geometric model fit
#   meta:
#     ucd: time.epoch
# - 
#   name: frequency
#   datatype: float64
#   unit: d**-1
#   description: Frequency of geometric model of the eclipsing binary light curve
#   meta:
#     ucd: src.orbital
# - 
#   name: frequency_error
#   datatype: float32
#   unit: d**-1
#   description: "Uncertainty of \\texttt{frequency}"
#   meta:
#     ucd: stat.error
# - 
#   name: geom_model_reference_level
#   datatype: float32
#   unit: mag
#   description: Magnitude reference level of geometric model
#   meta:
#     ucd: phot.mag;em.opt
# - 
#   name: geom_model_reference_level_error
#   datatype: float32
#   unit: mag
#   description: "Uncertainty of \\texttt{geomModelReferenceLevel}"
#   meta:
#     ucd: stat.error;phot.mag;em.opt
# - 
#   name: geom_model_gaussian1_phase
#   datatype: float32
#   description: Phase of the Gaussian 1 component
#   meta:
#     ucd: time.phase
# - 
#   name: geom_model_gaussian1_phase_error
#   datatype: float32
#   description: "Uncertainty of \\texttt{geomModelGaussian1Phase}"
#   meta:
#     ucd: stat.error;time.phase
# - 
#   name: geom_model_gaussian1_sigma
#   datatype: float32
#   description: "Standard deviation [phase] of Gaussian 1 component"
#   meta:
#     ucd: stat.stdev
# - 
#   name: geom_model_gaussian1_sigma_error
#   datatype: float32
#   description: "Uncertainty of \\texttt{geomModelGaussian1Sigma}"
#   meta:
#     ucd: stat.error
# - 
#   name: geom_model_gaussian1_depth
#   datatype: float32
#   unit: mag
#   description: Magnitude depth of Gaussian 1 component
#   meta:
#     ucd: src.var.amplitude
# - 
#   name: geom_model_gaussian1_depth_error
#   datatype: float32
#   unit: mag
#   description: "Uncertainty of \\texttt{geomModelGaussian1Depth}"
#   meta:
#     ucd: stat.error;src.var.amplitude
# - 
#   name: geom_model_gaussian2_phase
#   datatype: float32
#   description: Phase of Gaussian 2 component
#   meta:
#     ucd: time.phase
# - 
#   name: geom_model_gaussian2_phase_error
#   datatype: float32
#   description: "Uncertainty of \\texttt{geomModelGaussian2Phase}"
#   meta:
#     ucd: stat.error;time.phase
# - 
#   name: geom_model_gaussian2_sigma
#   datatype: float32
[...]
#   datatype: float32
#   description: "Secondary eclipse: uncertainty of \\texttt{derivedSecondaryEclDuration}"
#   meta:
#     ucd: stat.error;time.duration
# - 
#   name: derived_secondary_ecl_depth
#   datatype: float32
#   unit: mag
#   description: "Secondary eclipse: depth"
#   meta:
#     ucd: src.var.amplitude
# - 
#   name: derived_secondary_ecl_depth_error
#   datatype: float32
#   unit: mag
#   description: "Secondary eclipse: uncertainty of \\texttt{derivedSecondaryEclDepth}"
#   meta:
#     ucd: stat.error;src.var.amplitude
solution_id,source_id,global_ranking,reference_time,frequency,frequency_error,geom_model_reference_level,geom_model_reference_level_error,geom_model_gaussian1_phase,geom_model_gaussian1_phase_error,geom_model_gaussian1_sigma,geom_model_gaussian1_sigma_error,geom_model_gaussian1_depth,geom_model_gaussian1_depth_error,geom_model_gaussian2_phase,geom_model_gaussian2_phase_error,geom_model_gaussian2_sigma,geom_model_gaussian2_sigma_error,geom_model_gaussian2_depth,geom_model_gaussian2_depth_error,geom_model_cosine_half_period_amplitude,geom_model_cosine_half_period_amplitude_error,geom_model_cosine_half_period_phase,geom_model_cosine_half_period_phase_error,model_type,num_model_parameters,reduced_chi2,derived_primary_ecl_phase,derived_primary_ecl_phase_error,derived_primary_ecl_duration,derived_primary_ecl_duration_error,derived_primary_ecl_depth,derived_primary_ecl_depth_error,derived_secondary_ecl_phase,derived_secondary_ecl_phase_error,derived_secondary_ecl_duration,derived_secondary_ecl_duration_error,derived_secondary_ecl_depth,derived_secondary_ecl_depth_error
[from data line 548]
375316653866487564,5870926281723134592,0.5426448,2174.9854678874726,2.297700953958504,1.51512895E-5,19.490332,0.01066312,0.22431947,0.0026574947,0.06481505,0.003388843,0.5386223,0.021653393,0.72575456,0.0046930625,0.0700019,0.006690429,0.52768177,0.051443048,null,null,null,null,"TWOGAUSSIANS",8,2.4072793,0.22431947,0.0026574947,0.3629643,0.018977521,0.537567,0.021548681,0.72575456,0.0046930625,0.39201066,0.021759069,0.52662647,0.052196532
375316653866487564,5870926350394738048,0.48297107,2212.654678314693,2.721146347811213,2.027033E-5,18.448818,0.048923858,0.2536745,0.0059111193,0.120738775,0.02285013,0.25081566,0.045858726,0.75339305,0.005348465,0.10221351,0.01650013,0.28976506,0.043701272,null,null,null,null,"TWOGAUSSIANS",8,7.3850245,0.75339305,0.0053540957,0.4,0.0,0.24690633,0.016688284,0.2536745,0.005910574,0.4,0.0,0.20786586,0.010265602
375316653866487564,5870926350394783104,0.5215947,2182.48925463633,3.127959209629981,4.4311655E-5,18.431652,0.0027038832,0.3854843,0.018063443,0.013759783,0.009267036,0.2773793,38.03737,0.8509514,0.003018066,0.012573373,0.001848785,0.3907122,0.11729828,null,null,null,null,"TWOGAUSSIANS",8,1.7313128,0.8509514,0.003018066,0.070410885,0.0103531955,0.3907122,0.11729828,0.3854843,0.018063443,0.07705478,0.0518954,0.2773793,38.03737
375316653866487564,5870926689675166848,0.54291475,2196.1762052900335,3.497855610987008,1.9986182E-5,19.079576,0.017575303,0.24171148,0.009479501,0.07325684,0.008022813,0.50908387,0.025910536,0.74138504,0.0027673256,0.07445827,0.004940459,0.38028228,0.016289787,null,null,null,null,"TWOGAUSSIANS",8,3.866829,0.24171148,0.009479501,0.4,0.0064123753,0.5062509,0.024738831,0.74138504,0.0027673256,0.4,0.0,0.3774493,0.014476888
375316653866487564,5870926831431415936,0.51554847,2186.2447778175315,1.3484838877775354,3.299917E-5,19.503712,0.006370347,0.22472796,0.027101627,0.042610735,0.026566984,0.1421744,0.33246922,0.7049928,0.0042984243,0.039798908,0.0019292927,0.765924,0.0685341,null,null,null,null,"TWOGAUSSIANS",8,3.4250586,0.7049928,0.0042984243,0.22287388,0.010804039,0.765924,0.0685341,0.22472796,0.027101627,0.23862012,0.14877512,0.14217438,0.33246922
375316653866487564,5870927067629288960,0.5794302,2214.9934222839597,2.6049956129153866,5.9662466E-6,17.929005,0.00799092,0.30005106,0.0016112203,0.0902329,0.003114529,0.3427604,0.009158317,0.80668604,0.005725451,0.09515244,0.011184022,0.19239439,0.018608948,null,null,null,null,"TWOGAUSSIANS",8,2.6158216,0.30005106,0.0016112203,0.4,0.0,0.33068115,0.008275578,0.80668604,0.005725451,0.4,0.0,0.18031487,0.02336605
375316653866487564,5870927381186940032,0.5240494,2182.358948541718,3.2713097569078022,2.0488184E-5,19.648708,0.024646303,0.2644335,0.0052108886,0.0876909,0.00836361,0.38914397,0.024295479,0.75903267,0.0036849785,0.10137315,0.00941797,0.4787202,0.028453803,null,null,null,null,"TWOGAUSSIANS",8,2.1543329,0.75903267,0.0036849785,0.4,0.0,0.45436922,0.029962864,0.2644335,0.0052108886,0.4,0.0,0.3647981,0.014045973
375316653866487564,5870928373302429824,0.5398314,2187.946269091158,1.917032817835539,1.8936566E-5,18.830263,0.010493078,0.2435329,0.011193314,0.023722138,0.005963047,0.048760295,0.036946982,0.746521,0.0020708228,0.03423369,0.0022518502,0.5405999,0.04670393,0.050662495,0.02024617,0.2435329,0.011193314,"TWOGAUSSIANS_WITH_ELLIPSOIDAL_ON_ECLIPSE1",9,6.4034147,0.746521,0.0020560063,0.19170867,0.012610361,0.64188915,0.043375134,0.2435329,0.011193314,0.13284399,0.033393063,0.15008527,0.026362265
375316653866487564,5870928411979967232,0.53844213,2181.2446801471333,2.0512950855490137,3.812847E-5,19.7207,0.0051850667,0.2669746,0.0035179679,0.04282418,0.002964829,0.6254179,0.058957104,0.7619512,0.00914818,0.043298796,0.0048632473,0.60335636,0.06479892,null,null,null,null,"TWOGAUSSIANS",8,1.8835388,0.2669746,0.0035179679,0.2398154,0.016603043,0.6254179,0.05895714,0.7619512,0.00914818,0.24247326,0.027234185,0.6033563,0.06479886
375316653866487564,5870928824295337856,0.49913013,2198.7650708594283,2.481689749728803,1.9480443E-5,18.039278,0.0120157525,0.25592956,0.0069220257,0.081312984,0.009600282,0.28429163,0.012744285,0.7482907,0.0034462798,0.08917124,0.008241392,0.27345836,0.025135238,null,null,null,null,"TWOGAUSSIANS",8,8.536533,0.25592956,0.0069220257,0.4,0.0,0.2776829,0.01184234,0.7482907,0.0034462798,0.4,0.0,0.26684955,0.026279705
375316653866487564,5870928961772739328,0.6931778,2187.287728597748,1.665954478447903,4.865625E-6,15.106527,0.0015780199,0.14624648,0.0014636313,0.04153028,0.00792835,0.01033977,0.005878954,0.6483985,0.002581092,0.057067666,0.002069734,0.34010053,0.008681066,0.062417105,0.0022146353,0.14624648,0.0014636313,"TWOGAUSSIANS_WITH_ELLIPSOIDAL_ON_ECLIPSE1",9,11.452225,0.6483985,0.0024962134,0.31957892,0.011590511,0.46489197,0.00839203,0.14624648,0.0014636313,0.23256958,0.04439876,0.13515404,0.0043480243
375316653866487564,5870929163593994880,0.5075474,2200.916646798935,3.3040909005082124,1.5561056E-5,18.327232,0.5395128,0.15362173,0.004429627,0.14459234,0.091238774,0.27178892,0.517275,0.65774626,0.003109453,0.13872133,0.06550988,0.28784764,0.4833949,null,null,null,null,"TWOGAUSSIANS",8,2.4883707,0.65795624,0.0028354288,0.4,0.0,0.17452072,0.0073641823,0.15344173,0.0041248156,0.4,0.0,0.15795349,0.008868598
375316653866487564,5870929271010698240,0.5343584,2195.3165988118103,0.1805932090996719,1.2527505E-4,12.443008,0.0014368963,0.19889332,0.023062095,0.014167427,0.017510032,0.34158966,1.56469,null,null,null,null,null,null,0.0028749197,0.0018840352,0.19889332,0.023062095,"ONEGAUSSIAN_WITH_ELLIPSOIDAL",6,76.92096,0.19889332,0.023062095,0.07933759,0.09805618,0.34733948,1.5647745,null,null,null,null,null,null
375316653866487564,5870930026888337920,0.50505155,2164.869266660735,3.264751874049119,1.7163638E-5,19.139309,0.0149352765,0.178993,0.005066288,0.085205555,0.006918768,0.30003467,0.015435389,0.66441613,0.0032282767,0.07929426,0.007654985,0.25019065,0.018887872,null,null,null,null,"TWOGAUSSIANS",8,3.137545,0.178993,0.005066288,0.4,0.0,0.29591385,0.013632728,0.66441613,0.0032282767,0.4,0.0,0.24606982,0.018467827
375316653866487564,5870930503606244736,0.5248735,2187.365098093259,3.5827339857951426,1.1467173E-5,18.63744,0.00837957,0.20842858,0.0019500001,0.06855884,0.004910045,0.25470152,0.011389337,0.70091057,0.0035915428,0.067710176,0.0053958283,0.2653786,0.023710245,null,null,null,null,"TWOGAUSSIANS",8,3.4110792,0.70091057,0.0035915428,0.37917697,0.030216638,0.26487285,0.023829542,0.20842858,0.0019500001,0.38392952,0.02749625,0.2541958,0.01141287
375316653866487564,5870931156441498624,0.5518789,2182.404427984732,0.34773862908345216,5.6305485E-6,18.055912,0.0021398028,0.74041206,4.7702176E-4,0.012012559,7.592766E-4,0.46297345,0.017384566,null,null,null,null,null,null,null,null,null,null,"ONEGAUSSIAN",5,3.5534284,0.74041206,4.7702176E-4,0.06727033,0.004251949,0.46297345,0.0,null,null,null,null,null,null
375316653866487564,5870931710551771008,0.42274547,2188.578709540412,2.9358857738874597,6.788892E-5,18.6952,0.03274555,0.10609148,0.010540316,0.0057126028,0.005685304,0.47897807,508.65973,0.52068925,0.031086674,0.18819895,0.06342713,0.13777843,0.027745586,null,null,null,null,"TWOGAUSSIANS",8,10.8598795,0.106101476,0.010549646,0.031990577,0.0318377,0.48415965,508.65973,0.52068925,0.031086674,0.4,0.0,0.12969689,0.017539106
375316653866487564,5870931912376593024,0.48267293,2199.9088484228505,2.9209253584335855,3.2668002E-5,19.366814,0.024547804,0.298794,0.009908754,0.10166128,0.012965016,0.32293692,0.033285648,0.80703336,0.0062335907,0.0886797,0.009479534,0.341992,0.029583558,null,null,null,null,"TWOGAUSSIANS",8,3.1992638,0.80703336,0.0062335907,0.4,0.0,0.3232794,0.024304003,0.298794,0.009908754,0.4,0.0,0.30422053,0.032995146
375316653866487564,5870931951070240256,0.49279237,2201.7860371126835,2.16540269930032,1.7643964E-5,17.507889,0.04401064,0.14896525,0.0075720884,0.11560178,0.03121676,0.14993584,0.041467898,0.64041024,0.0042773266,0.09673719,0.016927933,0.17057888,0.041447744,null,null,null,null,"TWOGAUSSIANS",8,8.885118,0.64041024,0.0042773266,0.4,0.0,0.15265426,0.010496384,0.14896525,0.0075825076,0.4,0.0,0.13198456,0.009243172
375316653866487564,5870932187231006464,0.63076395,2195.86404599849,0.52418838935281,6.8100985E-6,17.696934,0.0029459207,0.26226234,0.0041719456,0.034133915,0.0039856695,0.05752192,0.0119737005,0.7667447,9.139872E-4,0.034714982,8.808683E-4,0.92246544,0.025826197,0.018010773,0.004250555,0.26226234,0.0041719456,"TWOGAUSSIANS_WITH_ELLIPSOIDAL_ON_ECLIPSE1",9,3.6945188,0.7667447,9.139872E-4,0.1944039,0.0049328622,0.95845836,0.027106464,0.26226234,0.0041719456,0.19114992,0.022319749,0.09354338,0.008957534
375316653866487564,5870932294630441984,0.51374644,2198.4609076528122,2.2856166186255167,1.6334594E-5,18.363937,0.55507505,0.23380469,0.008723707,0.114689,0.10454417,0.2523235,0.5480526,0.7336737,0.0059283674,0.10765589,0.041567508,0.30133474,0.43319488,null,null,null,null,"TWOGAUSSIANS",8,4.0635657,0.7336737,0.0059283674,0.4,0.0,0.25765467,0.015163777,0.23380469,0.009182583,0.4,0.0,0.20861827,0.013703074
375316653866487564,5870932466430479360,0.5098659,2184.134398567644,1.799061667950298,1.06623775E-5,19.853804,0.009708181,0.26395693,0.0021587992,0.057122674,0.0052515403,0.67544603,0.10164229,0.7689826,0.0036904013,0.060966793,0.005484099,0.24784088,0.020526726,null,null,null,null,"TWOGAUSSIANS",8,2.1492834,0.26395693,0.0021587992,0.31988698,0.029408626,0.6753608,0.10174094,0.7689826,0.0036904013,0.34141403,0.030710954,0.24775562,0.020549117
375316653866487564,5870932947466198016,0.43349525,2192.912731002834,0.5099659069293005,5.2098334E-5,18.368639,0.009915732,0.21774562,0.014482032,0.047802363,0.021917658,0.1357428,0.020963224,0.68643016,0.054367602,0.03841705,0.07616425,0.06373502,0.24274805,null,null,null,null,"TWOGAUSSIANS",8,9.457914,0.21774562,0.014482032,0.26769325,0.12273888,0.1357428,0.020963686,0.68643016,0.054367602,0.21513547,0.4265198,0.06373502,0.24274808
375316653866487564,5870933080590569856,0.57275295,2206.5772571718844,2.49044652640969,6.949776E-6,17.943884,0.01580752,0.22695158,0.0019561453,0.053238172,0.006031797,0.19149731,0.03155327,0.7326603,0.0033896496,0.060962345,0.0101043265,0.13449517,0.028088689,0.093947835,0.016657034,0.22695158,0.0019561453,"TWOGAUSSIANS_WITH_ELLIPSOIDAL_ON_ECLIPSE1",9,5.437718,0.22695158,0.0019561453,0.29813376,0.03377806,0.3793684,0.008720143,0.7326603,0.0033896496,0.34138912,0.056584228,0.3221246,0.0109063
375316653866487564,5870933286745749888,0.48179683,2200.311901895091,2.6107668253951766,2.1307911E-5,19.053972,0.023940861,0.23370875,0.008129794,0.1024387,0.01762584,0.2444007,0.021461455,0.72337943,0.0044716694,0.08542051,0.008367786,0.28205928,0.025221346,null,null,null,null,"TWOGAUSSIANS",8,3.1436658,0.72337943,0.0044716694,0.4,0.0,0.26911232,0.017090729,0.23370875,0.008129794,0.4,0.0,0.23145008,0.014279066
375316653866487564,5870933325423395840,0.54214424,2207.895323207779,3.189300947367983,1.14906825E-5,18.801716,0.013454254,0.2951231,0.0035060982,0.07962538,0.0047774212,0.32680097,0.017379846,0.78309625,0.0033875324,0.07730093,0.0057660574,0.35612386,0.01335237,null,null,null,null,"TWOGAUSSIANS",8,3.1238756,0.78309625,0.0033875324,0.4,0.0,0.35279885,0.01220643,0.2951231,0.0035060982,0.4,0.0,0.32347596,0.016346255
375316653866487564,5870933325460140032,0.5691126,2219.4812286479114,0.23900221673801014,1.0980207E-5,17.712622,0.0035108512,0.23469827,0.0049593607,0.026064347,0.010915661,0.09488255,0.24004129,0.7350107,0.0015025773,0.029715462,0.0015034679,0.36405116,0.014629826,0.062630944,0.0055145547,0.23469827,0.0049593607,"TWOGAUSSIANS_WITH_ELLIPSOIDAL_ON_ECLIPSE1",9,7.9551716,0.7350107,0.0014626868,0.16640659,0.008419421,0.48931232,0.012447987,0.23469827,0.0049593607,0.14596035,0.0611277,0.22014421,0.241739
375316653866487564,5870934077019784448,0.5167945,2198.6145942225185,2.3341791280073925,1.5417076E-5,18.56535,0.01427387,0.2545245,0.0045584682,0.08918156,0.007640539,0.2637592,0.016905036,0.7440239,0.004055352,0.08522124,0.011334781,0.29988018,0.027004998,null,null,null,null,"TWOGAUSSIANS",8,4.5260634,0.7440239,0.004055352,0.4,0.0,0.2921421,0.032611173,0.2545245,0.0045584682,0.4,0.0,0.25602105,0.0144149205
375316653866487564,5870934287532253824,0.6366908,2193.1462189935287,2.3628399002969562,4.5580664E-6,17.028372,0.013673535,0.28469673,0.0013729376,0.058434322,0.0054166205,0.21438047,0.028640034,0.78599495,0.0023635426,0.060952943,0.0053646546,0.21744803,0.029523987,0.08799984,0.01676264,0.28469673,0.0013729376,"TWOGAUSSIANS_WITH_ELLIPSOIDAL_ON_ECLIPSE1",9,5.710574,0.78599495,0.0023423207,0.3413365,0.030042065,0.39336902,0.0072618416,0.28469673,0.0013729376,0.3272322,0.030333076,0.39031318,0.008143278
375316653866487564,5870934454997026944,0.47108352,2184.840179383505,3.345046553611395,2.0069667E-5,19.316723,0.023230867,0.28157175,0.013216643,0.10269131,0.016781857,0.24383307,0.025017101,0.7772982,0.0053488743,0.08483001,0.012880768,0.23486035,0.018001957,null,null,null,null,"TWOGAUSSIANS",8,2.605679,0.28157175,0.013216643,0.4,0.0,0.23100069,0.017914297,0.7772982,0.0053488743,0.4,0.0,0.2220315,0.012512689
375316653866487564,5870934528014542464,0.49315494,2171.502897528614,2.693028530862175,4.5396428E-5,19.142874,0.01842386,0.23743086,0.005680849,0.08767381,0.009781649,0.32112035,0.028250512,0.74169147,0.008137196,0.09742416,0.011997293,0.27494374,0.025895694,null,null,null,null,"TWOGAUSSIANS",8,4.4933934,0.23743086,0.005680849,0.4,0.0,0.30668622,0.029737603,0.74169147,0.008137196,0.4,0.0,0.2605086,0.025172202
375316653866487564,5870934558056278912,0.5078852,2199.740669762174,2.4371172968882626,2.5248662E-5,18.007792,0.0071378504,0.25028974,0.0037426758,0.059567977,0.013360426,0.08784228,0.02140239,0.7293232,0.010755199,0.036836576,0.01536799,0.14918324,0.08982672,0.092223205,0.008329324,0.25028974,0.0037426758,"TWOGAUSSIANS_WITH_ELLIPSOIDAL_ON_ECLIPSE1",9,11.910984,0.7317632,0.011710668,0.20628482,0.08606075,0.33080143,0.091695085,0.25028974,0.0037426758,0.33358067,0.07481839,0.27227542,0.017733837
375316653866487564,5870934562410685440,0.5511151,2175.3916347351396,3.460138702149249,2.3602957E-5,19.67949,0.029964538,0.21331143,0.0035670921,0.051944833,0.0074000717,0.5495158,0.061166354,0.7084182,0.00621312,0.03390562,0.016873877,0.40973255,0.12838963,0.14003398,0.035885803,0.21331143,0.0035670921,"TWOGAUSSIANS_WITH_ELLIPSOIDAL_ON_ECLIPSE1",9,3.631396,0.21331143,0.0035670921,0.29089108,0.0414404,0.82957846,0.024357848,0.70870817,0.005924871,0.18987148,0.09449371,0.689546,0.1147746
375316653866487564,5870934905986575488,0.5058207,2210.4885190777777,2.902148700447429,1.7864488E-5,19.412447,0.027027883,0.21269283,0.005958464,0.081780024,0.009416253,0.49667254,0.06114287,0.71392673,0.0067536985,0.078947395,0.0076046116,0.43185893,0.033398468,null,null,null,null,"TWOGAUSSIANS",8,4.236331,0.21269283,0.005958464,0.4,0.0,0.4895055,0.062044177,0.71392673,0.0067536985,0.4,0.0,0.4246919,0.029221747
375316653866487564,5870934940368143744,0.53142667,2215.6877546916,2.4563850041043875,1.3786711E-5,17.853134,0.01605241,0.24098743,0.003524257,0.088443145,0.0067365696,0.3775972,0.016750405,0.7329774,0.00771576,0.096287586,0.0056941845,0.3737845,0.026341071,null,null,null,null,"TWOGAUSSIANS",8,13.2300625,0.24098743,0.003524257,0.4,0.0,0.3604936,0.01404261,0.7329774,0.00771576,0.4,0.0,0.3566799,0.022836354
375316653866487564,5870935107814557312,0.42377147,2171.9921230694363,0.27781290033872086,1.04594474E-4,18.742723,0.011073048,0.43574655,0.017864184,0.036429588,0.014524354,0.1884989,0.18273342,0.86010617,0.04421052,0.1286956,0.07558314,0.041614708,0.012165418,null,null,null,null,"TWOGAUSSIANS",8,3.3036942,0.43577656,0.0178243,0.2040057,0.08133638,0.18846543,0.18289691,0.86010617,0.04421052,0.4,0.0,0.041398052,0.0130437575
