Gaia/vari_eclipsing_binary/VariEclipsingBinary_489357-489397.csv
# %ECSV 1.0
# ---
# delimiter: ','
# meta: !!omap
# - RELEASE: Gaia DR3
# - TABLE: vari_eclipsing_binary
# - DESCRIPTION: >
#     This table describes the properties of the eclipsing binaries resulting from the variability analysis. 
# - CITATION: >
#     How to cite and acknowledge Gaia: 
#     https://gea.esac.esa.int/archive/documentation/credits.html 
# - KNOWN_ISSUES: >
#     Known issues: 
#     https://www.cosmos.esa.int/web/gaia-users/known-issues 
# - DOCUMENTATION: >
#     Tutorials and documentation: 
#     https://www.cosmos.esa.int/web/gaia-users/archive 
# datatype:
# - 
#   name: solution_id
#   datatype: int64
#   description: Solution Identifier
#   meta:
#     ucd: meta.version
# - 
#   name: source_id
#   datatype: int64
#   description: Unique source identifier
#   meta:
#     ucd: meta.id;meta.main
# - 
#   name: global_ranking
#   datatype: float32
#   description: Number between 0 (worst) and 1 (best)
#   meta:
#     ucd: stat.param
# - 
#   name: reference_time
#   datatype: float64
#   unit: d
#   description: Reference time used for the geometric model fit
#   meta:
#     ucd: time.epoch
# - 
#   name: frequency
#   datatype: float64
#   unit: d**-1
#   description: Frequency of geometric model of the eclipsing binary light curve
#   meta:
#     ucd: src.orbital
# - 
#   name: frequency_error
#   datatype: float32
#   unit: d**-1
#   description: "Uncertainty of \\texttt{frequency}"
#   meta:
#     ucd: stat.error
# - 
#   name: geom_model_reference_level
#   datatype: float32
#   unit: mag
#   description: Magnitude reference level of geometric model
#   meta:
#     ucd: phot.mag;em.opt
# - 
#   name: geom_model_reference_level_error
#   datatype: float32
#   unit: mag
#   description: "Uncertainty of \\texttt{geomModelReferenceLevel}"
#   meta:
#     ucd: stat.error;phot.mag;em.opt
# - 
#   name: geom_model_gaussian1_phase
#   datatype: float32
#   description: Phase of the Gaussian 1 component
#   meta:
#     ucd: time.phase
# - 
#   name: geom_model_gaussian1_phase_error
#   datatype: float32
#   description: "Uncertainty of \\texttt{geomModelGaussian1Phase}"
#   meta:
#     ucd: stat.error;time.phase
# - 
#   name: geom_model_gaussian1_sigma
#   datatype: float32
#   description: "Standard deviation [phase] of Gaussian 1 component"
#   meta:
#     ucd: stat.stdev
# - 
#   name: geom_model_gaussian1_sigma_error
#   datatype: float32
#   description: "Uncertainty of \\texttt{geomModelGaussian1Sigma}"
#   meta:
#     ucd: stat.error
# - 
#   name: geom_model_gaussian1_depth
#   datatype: float32
#   unit: mag
#   description: Magnitude depth of Gaussian 1 component
#   meta:
#     ucd: src.var.amplitude
# - 
#   name: geom_model_gaussian1_depth_error
#   datatype: float32
#   unit: mag
#   description: "Uncertainty of \\texttt{geomModelGaussian1Depth}"
#   meta:
#     ucd: stat.error;src.var.amplitude
# - 
#   name: geom_model_gaussian2_phase
#   datatype: float32
#   description: Phase of Gaussian 2 component
#   meta:
#     ucd: time.phase
# - 
#   name: geom_model_gaussian2_phase_error
#   datatype: float32
#   description: "Uncertainty of \\texttt{geomModelGaussian2Phase}"
#   meta:
#     ucd: stat.error;time.phase
# - 
#   name: geom_model_gaussian2_sigma
#   datatype: float32
[...]
#   datatype: float32
#   description: "Secondary eclipse: uncertainty of \\texttt{derivedSecondaryEclDuration}"
#   meta:
#     ucd: stat.error;time.duration
# - 
#   name: derived_secondary_ecl_depth
#   datatype: float32
#   unit: mag
#   description: "Secondary eclipse: depth"
#   meta:
#     ucd: src.var.amplitude
# - 
#   name: derived_secondary_ecl_depth_error
#   datatype: float32
#   unit: mag
#   description: "Secondary eclipse: uncertainty of \\texttt{derivedSecondaryEclDepth}"
#   meta:
#     ucd: stat.error;src.var.amplitude
solution_id,source_id,global_ranking,reference_time,frequency,frequency_error,geom_model_reference_level,geom_model_reference_level_error,geom_model_gaussian1_phase,geom_model_gaussian1_phase_error,geom_model_gaussian1_sigma,geom_model_gaussian1_sigma_error,geom_model_gaussian1_depth,geom_model_gaussian1_depth_error,geom_model_gaussian2_phase,geom_model_gaussian2_phase_error,geom_model_gaussian2_sigma,geom_model_gaussian2_sigma_error,geom_model_gaussian2_depth,geom_model_gaussian2_depth_error,geom_model_cosine_half_period_amplitude,geom_model_cosine_half_period_amplitude_error,geom_model_cosine_half_period_phase,geom_model_cosine_half_period_phase_error,model_type,num_model_parameters,reduced_chi2,derived_primary_ecl_phase,derived_primary_ecl_phase_error,derived_primary_ecl_duration,derived_primary_ecl_duration_error,derived_primary_ecl_depth,derived_primary_ecl_depth_error,derived_secondary_ecl_phase,derived_secondary_ecl_phase_error,derived_secondary_ecl_duration,derived_secondary_ecl_duration_error,derived_secondary_ecl_depth,derived_secondary_ecl_depth_error
[from data line 182]
375316653866487564,4304553014477715328,0.4774431,2179.190362971096,3.132144263762965,2.0567037E-5,19.495062,0.8300315,0.23982544,0.0057406276,0.10812241,0.04502673,0.55406547,0.5783094,0.7392136,0.012740858,0.1454193,0.18649955,0.32787466,0.81142044,null,null,null,null,"TWOGAUSSIANS",8,6.851006,0.23983544,0.0057888273,0.4,0.0,0.443417,0.049658112,0.7392136,0.012780205,0.4,0.0,0.21547464,0.0512771
375316653866487564,4304553147613498240,0.52855945,2156.8287449318877,3.5371929267041855,9.968658E-6,19.050774,0.012212116,0.16601142,0.0033382867,0.08218867,0.0059147594,0.25890127,0.016324325,0.66434455,0.0027073426,0.07059788,0.005116245,0.29968628,0.021537656,null,null,null,null,"TWOGAUSSIANS",8,1.7772809,0.66434455,0.0027073426,0.3953481,0.022606833,0.29717028,0.021452475,0.16601142,0.0033382867,0.4,0.0,0.25638527,0.015907714
375316653866487564,4304553250692769792,0.57882106,2164.850888380878,2.960131247497396,5.9158792E-6,15.5244055,0.01476573,0.22945186,0.002068749,0.09768359,0.005211539,0.32104555,0.0140043795,0.7323637,0.002457228,0.09563803,0.006271119,0.2849999,0.013423571,null,null,null,null,"TWOGAUSSIANS",8,33.56476,0.22945186,0.002068749,0.4,0.0,0.30051687,0.0075849346,0.7323637,0.002457228,0.4,0.0,0.2644719,0.008055647
375316653866487564,4304553976565398912,0.5251578,2187.5580764635215,2.120923782525854,1.5704685E-5,14.334452,0.019609641,0.2942515,0.0043434445,0.11708623,0.025540847,0.07685497,0.017748605,0.7925467,0.005934994,0.11650045,0.040952984,0.031997446,0.018915335,null,null,null,null,"TWOGAUSSIANS",8,16.129984,0.2942515,0.004355555,0.4,0.0,0.06722861,0.002762146,0.7925467,0.005943158,0.4,0.0,0.02238156,0.0021524052
375316653866487564,4304554285788949632,0.47903106,2200.48875506389,0.0853843609705971,4.1204614E-5,19.907148,0.012073619,0.38275367,8.688084E-4,0.016264016,0.0020491355,1.1517577,0.5352487,0.7349648,0.0064447057,0.06955613,0.0058191256,0.35168067,0.04050525,null,null,null,null,"TWOGAUSSIANS",8,3.182306,0.38275367,8.688084E-4,0.09107849,0.011475159,1.1517587,0.53524846,0.7349648,0.0064447057,0.38951433,0.032587104,0.35168067,0.04050525
375316653866487564,4304554693796850176,0.45846057,2188.812113431234,2.9174410655791707,1.9846582E-5,18.289618,0.0072093965,0.20178278,0.010192481,0.0389682,0.011562375,0.08292992,0.00801177,0.72698134,0.012559463,0.0805437,0.018892374,0.0847243,0.009915901,null,null,null,null,"TWOGAUSSIANS",8,5.1819243,0.72698134,0.012559463,0.4,0.0,0.084714204,0.009903787,0.20178278,0.010192481,0.21822192,0.0647493,0.08291982,0.007970266
375316653866487564,4304554766839433344,0.5162701,2176.3916425076955,1.322018237253262,2.3606919E-5,16.131348,0.010041439,0.24885553,0.014996266,0.03360046,0.017079893,0.2638415,0.3958594,0.74176276,0.0059627453,0.046246186,0.005075309,0.33297652,0.033664685,0.053726044,0.019340884,0.24885553,0.014996266,"TWOGAUSSIANS_WITH_ELLIPSOIDAL_ON_ECLIPSE1",9,162.36829,0.7421327,0.0052687037,0.25897864,0.02842173,0.4402262,0.025545401,0.24885553,0.014996266,0.18816258,0.09564741,0.37129346,0.39881763
375316653866487564,4304554968674854784,0.5441803,2148.247486033252,3.2317889974700864,2.4960658E-5,17.597895,0.025397796,0.23355754,0.0051867864,0.086718835,0.009050649,0.4566219,0.023443123,0.72877884,0.0105317235,0.097212166,0.015861869,0.46619865,0.041980196,null,null,null,null,"TWOGAUSSIANS",8,28.747217,0.72877884,0.0105317235,0.4,0.0,0.44486356,0.044955667,0.23355754,0.0051867864,0.4,0.0,0.4352885,0.011852729
375316653866487564,4304555316580320512,0.43661723,2158.98647884759,0.7888598058577794,4.7338086E-5,18.938805,0.36864004,0.2079147,0.0147029245,0.15854765,0.10567498,0.26673618,0.36225116,0.7256428,0.022981875,0.13642882,0.043050714,0.29136813,0.28216967,null,null,null,null,"TWOGAUSSIANS",8,6.762979,0.7272928,0.021273052,0.4,0.0,0.17691469,0.0339412,0.20706469,0.014360906,0.4,0.0,0.14914636,0.025714638
375316653866487564,4304556038149530496,0.61268234,2088.313767340176,3.103821688003485,7.5434255E-6,17.00807,0.03048423,0.297296,0.0024073746,0.05970714,0.0062748007,0.48595363,0.064147204,0.8009855,0.00432845,0.052020248,0.008507951,0.3115124,0.0672215,0.087279424,0.03611239,0.297296,0.0024073746,"TWOGAUSSIANS_WITH_ELLIPSOIDAL_ON_ECLIPSE1",9,15.160869,0.297296,0.0024073746,0.33435997,0.035138883,0.6604354,0.018829545,0.8009855,0.00432845,0.29131338,0.047644526,0.4859004,0.01309729
375316653866487564,4304556313027532544,0.46468621,2164.3318761874816,2.3273728275179684,3.1523716E-5,16.79244,0.018059047,0.26550457,0.0037258277,0.07777914,0.009269326,0.23725082,0.019048432,0.7411592,0.024273686,0.09549879,0.03395391,0.095628604,0.020252436,null,null,null,null,"TWOGAUSSIANS",8,57.942986,0.26550457,0.0037269774,0.4,0.0,0.2343667,0.015921371,0.7411592,0.024273686,0.4,0.0,0.092744075,0.017359555
375316653866487564,4304557103286926208,0.5282336,2133.4911001145156,2.8248385424517424,1.4076184E-5,17.613726,0.02654829,0.22873157,0.0043505365,0.08963838,0.008630574,0.45732853,0.028226715,0.7213298,0.0040335534,0.09213913,0.009572591,0.430812,0.02857715,null,null,null,null,"TWOGAUSSIANS",8,16.43999,0.22873157,0.0043505365,0.4,0.0,0.43929476,0.025943091,0.7213298,0.0040335534,0.4,0.0,0.412778,0.027231269
375316653866487564,4304557103301526144,0.48503134,2145.2114388259492,2.653651861939943,1.561099E-5,14.822662,0.018500654,0.30624285,0.018751727,0.07987353,0.044791173,0.12005919,0.012060721,0.81321883,0.004692645,0.095186345,0.0130829485,0.1406166,0.017497491,null,null,null,null,"TWOGAUSSIANS",8,129.49457,0.81321883,0.004692645,0.4,0.0,0.13668191,0.0077009858,0.30624285,0.018751727,0.4,0.086029924,0.11612481,0.014457524
375316653866487564,4304557481258871552,0.5172242,2145.2038522763823,3.5921415172055733,1.9123252E-5,19.897478,0.017033245,0.23279019,0.009650249,0.08791029,0.012575583,0.35771677,0.0531987,0.75251025,0.005828202,0.07014811,0.006773809,0.5064485,0.059484318,null,null,null,null,"TWOGAUSSIANS",8,2.0331516,0.75251025,0.005828202,0.39282942,0.034245003,0.5027395,0.05999312,0.23279019,0.009650249,0.4,0.0,0.35400763,0.055126004
375316653866487564,4304557584338158464,0.552464,2161.924373149916,1.2420339903467748,7.4558457E-6,16.520134,0.009002865,0.2620711,0.0025442445,0.11018276,0.009337421,0.09833706,0.0083773015,0.7638998,0.0028145984,0.10029536,0.009058874,0.10347862,0.008239553,null,null,null,null,"TWOGAUSSIANS",8,2.1250517,0.7638998,0.0028143662,0.4,0.0,0.09175797,0.0027540796,0.2620711,0.0025442445,0.4,0.0,0.086610585,0.0029512534
375316653866487564,4304558198490429696,0.48865712,2152.865572120005,3.502888856027841,4.186157E-5,19.089708,0.068637215,0.2437029,0.008794611,0.13402714,0.040364806,0.16851692,0.06799985,0.72612613,0.0116403485,0.099883884,0.022429643,0.26566747,0.06434478,null,null,null,null,"TWOGAUSSIANS",8,2.5715792,0.72612613,0.0116403485,0.4,0.0,0.23159958,0.017690955,0.2437129,0.008770921,0.4,0.0,0.13409539,0.015416512
375316653866487564,4304559130526416000,0.6533294,2136.5086521243397,2.8292441062288938,3.6688275E-6,15.764636,0.016103957,0.2704556,0.0011498763,0.049289707,0.0037371914,0.40997973,0.035428848,0.7692955,0.0012990492,0.044852722,0.0030059756,0.28480333,0.035404976,0.11423778,0.019284334,0.2704556,0.0011498763,"TWOGAUSSIANS_WITH_ELLIPSOIDAL_ON_ECLIPSE1",9,36.40828,0.2704556,0.0011498763,0.27602234,0.020928273,0.63845414,0.018430559,0.7694255,0.0011390351,0.25117522,0.016833464,0.513267,0.006384491
375316653866487564,4304560088297608320,0.47958648,2150.316355611312,3.0423478910940682,2.0348733E-5,18.090427,0.016176095,0.29411706,0.0052488963,0.061882276,0.005287437,0.4132489,0.03774617,0.7797432,0.010374564,0.0490925,0.0071892077,0.57690394,0.05392606,null,null,null,null,"TWOGAUSSIANS",8,45.409206,0.7797432,0.010374564,0.274918,0.040259562,0.57688344,0.05392549,0.29411706,0.0052488963,0.34654075,0.029609645,0.41322836,0.03775304
375316653866487564,4304560745420822144,0.42042312,2140.544172630525,3.236811680798445,1.0627882E-4,18.405668,0.013043085,0.20347877,0.04608664,0.023863418,0.016000802,0.106307656,0.7228724,0.71134853,0.01777871,0.10206863,0.05784165,0.10630629,0.057704445,null,null,null,null,"TWOGAUSSIANS",8,6.0367727,0.20347877,0.046096165,0.13363513,0.08960449,0.10625875,0.722933,0.71134853,0.01777871,0.4,0.10695549,0.106255986,0.057821922
375316653866487564,4304561020298743296,0.5395579,2169.4832915000584,3.2351727417322698,1.0379283E-5,18.166277,0.070286095,0.31114092,0.0044011553,0.12704517,0.026596919,0.25618613,0.06446892,0.812948,0.0026601462,0.11542042,0.020543164,0.2649796,0.06337714,null,null,null,null,"TWOGAUSSIANS",8,2.536473,0.812968,0.0026725067,0.4,0.0,0.20414986,0.011474985,0.31113094,0.0044136094,0.4,0.0,0.1951788,0.011337726
375316653866487564,4304561737552226048,0.530299,2126.874614391576,4.017155435199375,1.3317185E-5,17.822443,0.0057607586,0.34591618,0.0029800362,0.07707091,0.0027222247,0.52168965,0.02721988,0.8330513,0.003855731,0.08141337,0.0048593697,0.39493683,0.01574518,null,null,null,null,"TWOGAUSSIANS",8,13.3504095,0.34591618,0.0029800362,0.4,0.0,0.5168861,0.027591513,0.8330513,0.003855731,0.4,0.0,0.3901333,0.016409941
375316653866487564,4304562905781295232,0.47361803,2147.1056928172484,2.296432346548996,1.691522E-5,15.580646,0.37004796,0.15596136,0.011278873,0.21959856,0.15269966,0.22833109,0.36519983,0.6438704,0.0117836865,0.14574118,0.03419789,0.24523963,0.18802735,null,null,null,null,"TWOGAUSSIANS",8,33.366188,0.6438704,0.0117836865,0.4,0.0,0.11086512,0.005757184,0.15806136,0.010229883,0.4,0.0,0.060990557,0.010437636
375316653866487564,4304562910098347392,0.5952308,2094.79384623214,1.6089910208702722,1.07862825E-5,15.574189,0.003190067,0.2713742,0.0037138448,0.06837836,0.005086603,0.1455545,0.0075894915,0.7685895,0.0023517928,0.06260461,0.0028026127,0.22111529,0.0077539505,null,null,null,null,"TWOGAUSSIANS",8,18.692114,0.7685895,0.0023517928,0.35058582,0.015694631,0.2208914,0.0077559142,0.2713742,0.0037138448,0.3829188,0.028484978,0.14533061,0.0076322164
375316653866487564,4304564112689117824,0.65200585,2140.222417775886,2.8825028028012816,4.458758E-6,17.19758,0.009760297,0.24665056,0.0023277993,0.044724297,0.002615637,0.3509151,0.020985322,0.7476743,0.0013867725,0.04279356,0.0027727997,0.3746766,0.020156186,0.1303165,0.010935117,0.24665056,0.0023277993,"TWOGAUSSIANS_WITH_ELLIPSOIDAL_ON_ECLIPSE1",9,7.6918626,0.7476743,0.0013763377,0.23964395,0.015527679,0.6352985,0.008435551,0.24665056,0.0023277993,0.25045606,0.014647566,0.61154777,0.0074263266
375316653866487564,4304564696804649984,0.5385199,2141.696131570639,2.318709058747504,1.2909014E-5,16.38815,0.02952554,0.30274662,0.004094492,0.10738615,0.015390636,0.23350355,0.024379382,0.8168751,0.0032388014,0.10086631,0.011595558,0.2395653,0.027807241,null,null,null,null,"TWOGAUSSIANS",8,24.301767,0.8168851,0.0032458077,0.4,0.0,0.21714045,0.010606009,0.30274662,0.004092445,0.4,0.0,0.21107061,0.01220588
375316653866487564,4304564902963092736,0.55331504,2129.2404268338064,2.580252493374224,2.0378862E-5,17.568264,0.021211313,0.2986738,0.005881171,0.11226528,0.013920515,0.22243154,0.020210696,0.78204983,0.0023829767,0.104038104,0.009340917,0.24306695,0.018702714,null,null,null,null,"TWOGAUSSIANS",8,4.053964,0.78204983,0.0023829767,0.4,0.0,0.21633875,0.010573508,0.2986838,0.005881424,0.4,0.0,0.19568284,0.009721762
375316653866487564,4304565173518242176,0.4609905,2132.7446552466686,0.041442390700315364,1.6628228E-5,17.614708,0.007093013,0.31414807,0.023347566,0.10798381,0.02036506,0.070162416,0.012111713,0.6507933,0.0021083367,0.02941785,0.0025407898,0.14216052,0.0102851605,null,null,null,null,"TWOGAUSSIANS",8,7.2244782,0.6507933,0.0021083367,0.16473997,0.014228423,0.14270143,0.010583094,0.31414807,0.023347566,0.4,0.0,0.070159286,0.012108839
375316653866487564,4304566002474797568,0.44339213,2145.054058521548,2.7241460331171155,6.824768E-5,19.283928,0.03759658,0.3206296,0.012514576,0.11901761,0.04318539,0.18057996,0.030529121,0.7643879,0.016019689,0.07409811,0.023363074,0.207873,0.041324414,null,null,null,null,"TWOGAUSSIANS",8,3.098408,0.7643879,0.016019689,0.4,0.04199852,0.20222609,0.036389396,0.3206296,0.012512744,0.4,0.0,0.17475684,0.030461092
375316653866487564,4304566071194363008,0.6176379,2132.998300179143,1.766658886696288,6.113616E-6,16.343437,0.0069238115,0.2486495,0.0021094892,0.0911302,0.0040689358,0.22016376,0.0067860386,0.7520369,0.0015159271,0.10354555,0.0041978685,0.18466553,0.0064230002,null,null,null,null,"TWOGAUSSIANS",8,3.6520607,0.2486495,0.0021094892,0.4,0.0,0.20605662,0.004017072,0.7520369,0.0015159271,0.4,0.0,0.17055528,0.0029925902
375316653866487564,4304566994585515136,0.5829542,2103.5116088032864,0.9270672906962736,1.118208E-5,18.67796,0.006150752,0.32930177,0.001201269,0.011324044,7.989001E-4,0.6503444,0.04173734,0.57800984,0.0020705895,0.013518755,0.002615118,0.42627722,0.056949493,null,null,null,null,"TWOGAUSSIANS",8,4.325063,0.32930177,0.001201269,0.06341465,0.0044738404,0.6503444,0.04173734,0.57800984,0.0020705895,0.07570503,0.014644661,0.42627722,0.056949493
375316653866487564,4304567406900206592,0.53784484,2102.8169853000213,3.6908753469164366,1.0899206E-5,19.501982,0.010209007,0.23454702,0.0052212263,0.06689425,0.006009001,0.4724196,0.05560116,0.7387125,0.00406817,0.06864555,0.0061773043,0.5027502,0.035877988,null,null,null,null,"TWOGAUSSIANS",8,2.7498977,0.7387125,0.00406817,0.3844151,0.031225087,0.5017849,0.03625037,0.23454702,0.0052212263,0.37460777,0.033650406,0.4714543,0.05609669
375316653866487564,4304567548653376512,0.4486799,2106.022591225576,3.702778317806672,3.3179516E-5,19.185932,0.0062002502,null,null,null,null,null,null,null,null,null,null,null,null,0.08209475,0.0080697145,0.20378235,0.00787174,"ELLIPSOIDAL",4,3.8046045,null,null,null,null,null,null,null,null,null,null,null,null
375316653866487564,4304568025375684480,0.51804656,2144.97087346363,3.1421503185371367,2.1012169E-5,18.294628,0.020089546,0.24813923,0.0031773257,0.09095596,0.0062532765,0.3665226,0.02131168,0.7491374,0.008050665,0.10266079,0.011733175,0.3672092,0.02006645,null,null,null,null,"TWOGAUSSIANS",8,12.424033,0.7491374,0.008050665,0.4,0.0,0.3414621,0.020703973,0.24813923,0.0031773257,0.4,0.0,0.3407805,0.015713785
375316653866487564,4304568368973971712,0.6119595,2155.657696560412,2.5600888025552715,7.40976E-6,18.187943,0.012266139,0.27655968,0.003542496,0.04877944,0.0069670267,0.17728905,0.033616617,0.7774558,0.0029041155,0.048455767,0.0059804874,0.17736772,0.029211849,0.11791427,0.01818872,0.27655968,0.003542496,"TWOGAUSSIANS_WITH_ELLIPSOIDAL_ON_ECLIPSE1",9,2.447265,0.7774558,0.0026090918,0.2713523,0.03349073,0.41318816,0.0124908835,0.27655968,0.003542496,0.27316487,0.03901535,0.41311696,0.019710941
375316653866487564,4304568643865878400,0.5213874,2111.80299075117,3.461847840695915,1.00457555E-5,19.70436,0.010960265,0.2828785,0.0056859194,0.0723563,0.005574059,0.4264837,0.026369888,0.7778309,0.0044085924,0.068141565,0.0047716335,0.60860056,0.049934164,null,null,null,null,"TWOGAUSSIANS",8,1.1990727,0.7778309,0.0044085924,0.38159278,0.026721148,0.6070196,0.050506208,0.2828785,0.0056859194,0.4,0.013735588,0.42490274,0.02638096
375316653866487564,4304569232290246912,0.65926015,2147.0914942161194,1.894968034006774,2.8542386E-6,16.683224,0.0021176906,0.26515338,9.536674E-4,0.04886477,0.003931691,0.05660225,0.005937546,0.77512145,0.003425466,0.03528305,0.0053341524,0.03889728,0.0049858633,0.08149236,0.0027182933,0.26515338,9.536674E-4,"TWOGAUSSIANS_WITH_ELLIPSOIDAL_ON_ECLIPSE1",9,1.3861487,0.26515338,9.536674E-4,0.27364272,0.02201747,0.21958673,0.004634803,0.77512145,0.003425466,0.19758508,0.029871253,0.20124325,0.003962803
375316653866487564,4304569885125335808,0.5305696,2144.5990655349938,2.8579738625464026,2.2991666E-5,17.451036,0.0028596232,0.24394892,0.0060607027,0.05388626,0.008472674,0.15119575,0.008716574,0.74011123,0.0043947767,0.047537245,0.0051864814,0.13543187,0.007981023,null,null,null,null,"TWOGAUSSIANS",8,3.8380525,0.24394892,0.0060607027,0.30176306,0.04744697,0.1511945,0.008717438,0.74011123,0.0043947767,0.2662086,0.029044297,0.1354306,0.00798177
