Gaia/vari_eclipsing_binary/VariEclipsingBinary_470760-470873.csv
# %ECSV 1.0
# ---
# delimiter: ','
# meta: !!omap
# - RELEASE: Gaia DR3
# - TABLE: vari_eclipsing_binary
# - DESCRIPTION: >
#     This table describes the properties of the eclipsing binaries resulting from the variability analysis. 
# - CITATION: >
#     How to cite and acknowledge Gaia: 
#     https://gea.esac.esa.int/archive/documentation/credits.html 
# - KNOWN_ISSUES: >
#     Known issues: 
#     https://www.cosmos.esa.int/web/gaia-users/known-issues 
# - DOCUMENTATION: >
#     Tutorials and documentation: 
#     https://www.cosmos.esa.int/web/gaia-users/archive 
# datatype:
# - 
#   name: solution_id
#   datatype: int64
#   description: Solution Identifier
#   meta:
#     ucd: meta.version
# - 
#   name: source_id
#   datatype: int64
#   description: Unique source identifier
#   meta:
#     ucd: meta.id;meta.main
# - 
#   name: global_ranking
#   datatype: float32
#   description: Number between 0 (worst) and 1 (best)
#   meta:
#     ucd: stat.param
# - 
#   name: reference_time
#   datatype: float64
#   unit: d
#   description: Reference time used for the geometric model fit
#   meta:
#     ucd: time.epoch
# - 
#   name: frequency
#   datatype: float64
#   unit: d**-1
#   description: Frequency of geometric model of the eclipsing binary light curve
#   meta:
#     ucd: src.orbital
# - 
#   name: frequency_error
#   datatype: float32
#   unit: d**-1
#   description: "Uncertainty of \\texttt{frequency}"
#   meta:
#     ucd: stat.error
# - 
#   name: geom_model_reference_level
#   datatype: float32
#   unit: mag
#   description: Magnitude reference level of geometric model
#   meta:
#     ucd: phot.mag;em.opt
# - 
#   name: geom_model_reference_level_error
#   datatype: float32
#   unit: mag
#   description: "Uncertainty of \\texttt{geomModelReferenceLevel}"
#   meta:
#     ucd: stat.error;phot.mag;em.opt
# - 
#   name: geom_model_gaussian1_phase
#   datatype: float32
#   description: Phase of the Gaussian 1 component
#   meta:
#     ucd: time.phase
# - 
#   name: geom_model_gaussian1_phase_error
#   datatype: float32
#   description: "Uncertainty of \\texttt{geomModelGaussian1Phase}"
#   meta:
#     ucd: stat.error;time.phase
# - 
#   name: geom_model_gaussian1_sigma
#   datatype: float32
#   description: "Standard deviation [phase] of Gaussian 1 component"
#   meta:
#     ucd: stat.stdev
# - 
#   name: geom_model_gaussian1_sigma_error
#   datatype: float32
#   description: "Uncertainty of \\texttt{geomModelGaussian1Sigma}"
#   meta:
#     ucd: stat.error
# - 
#   name: geom_model_gaussian1_depth
#   datatype: float32
#   unit: mag
#   description: Magnitude depth of Gaussian 1 component
#   meta:
#     ucd: src.var.amplitude
# - 
#   name: geom_model_gaussian1_depth_error
#   datatype: float32
#   unit: mag
#   description: "Uncertainty of \\texttt{geomModelGaussian1Depth}"
#   meta:
#     ucd: stat.error;src.var.amplitude
# - 
#   name: geom_model_gaussian2_phase
#   datatype: float32
#   description: Phase of Gaussian 2 component
#   meta:
#     ucd: time.phase
# - 
#   name: geom_model_gaussian2_phase_error
#   datatype: float32
#   description: "Uncertainty of \\texttt{geomModelGaussian2Phase}"
#   meta:
#     ucd: stat.error;time.phase
# - 
#   name: geom_model_gaussian2_sigma
#   datatype: float32
[...]
#   datatype: float32
#   description: "Secondary eclipse: uncertainty of \\texttt{derivedSecondaryEclDuration}"
#   meta:
#     ucd: stat.error;time.duration
# - 
#   name: derived_secondary_ecl_depth
#   datatype: float32
#   unit: mag
#   description: "Secondary eclipse: depth"
#   meta:
#     ucd: src.var.amplitude
# - 
#   name: derived_secondary_ecl_depth_error
#   datatype: float32
#   unit: mag
#   description: "Secondary eclipse: uncertainty of \\texttt{derivedSecondaryEclDepth}"
#   meta:
#     ucd: stat.error;src.var.amplitude
solution_id,source_id,global_ranking,reference_time,frequency,frequency_error,geom_model_reference_level,geom_model_reference_level_error,geom_model_gaussian1_phase,geom_model_gaussian1_phase_error,geom_model_gaussian1_sigma,geom_model_gaussian1_sigma_error,geom_model_gaussian1_depth,geom_model_gaussian1_depth_error,geom_model_gaussian2_phase,geom_model_gaussian2_phase_error,geom_model_gaussian2_sigma,geom_model_gaussian2_sigma_error,geom_model_gaussian2_depth,geom_model_gaussian2_depth_error,geom_model_cosine_half_period_amplitude,geom_model_cosine_half_period_amplitude_error,geom_model_cosine_half_period_phase,geom_model_cosine_half_period_phase_error,model_type,num_model_parameters,reduced_chi2,derived_primary_ecl_phase,derived_primary_ecl_phase_error,derived_primary_ecl_duration,derived_primary_ecl_duration_error,derived_primary_ecl_depth,derived_primary_ecl_depth_error,derived_secondary_ecl_phase,derived_secondary_ecl_phase_error,derived_secondary_ecl_duration,derived_secondary_ecl_duration_error,derived_secondary_ecl_depth,derived_secondary_ecl_depth_error
[from data line 150]
375316653866487564,4141263919854309632,0.5197749,2328.997242781404,2.9705840497746845,1.3824684E-5,18.842299,0.02594483,0.23007964,0.006485153,0.037790652,0.012929463,0.49921572,0.05759195,0.711296,0.008544652,0.048376452,0.00668332,0.42943034,0.06091969,0.12354534,0.04316937,0.23007964,0.006485153,"TWOGAUSSIANS_WITH_ELLIPSOIDAL_ON_ECLIPSE1",9,13.101885,0.23007964,0.006485153,0.21162766,0.07240499,0.74630624,0.09208483,0.713086,0.007281241,0.27090815,0.03742659,0.67342067,0.07259345
375316653866487564,4141267428846684160,0.4802438,2331.2558337372366,0.5092202696163971,2.6511048E-5,17.370007,0.010967166,0.19938985,0.012603492,0.008038658,0.015404863,0.06213123,958931.56,0.6823308,0.02862116,0.034201812,0.0614276,0.22180262,0.16023418,0.012564357,0.008045562,0.6823308,0.02862116,"TWOGAUSSIANS_WITH_ELLIPSOIDAL_ON_ECLIPSE2",9,7.8745804,0.6823308,0.02862116,0.19153014,0.22257155,0.24693133,0.17119475,0.19935985,0.012612501,0.045016482,0.08626723,0.086972915,958931.56
375316653866487564,4141267561986670976,0.5426798,2342.6457429469874,4.0324145347507345,1.9251604E-5,19.217096,0.011919164,0.23527667,0.0027735718,0.07775213,0.0044212863,0.49712652,0.020440519,0.72544783,0.003697239,0.08757694,0.005121491,0.52324826,0.036530863,null,null,null,null,"TWOGAUSSIANS",8,3.1382163,0.72544783,0.003697239,0.4,0.0,0.5144657,0.037497856,0.23527667,0.0027735718,0.4,0.0,0.48834407,0.020519175
375316653866487564,4141270929240119296,0.61348385,2328.8258815945774,2.9517597774476942,8.983102E-6,17.608404,0.017424796,0.2705084,0.0017526809,0.054104898,0.0035290967,0.46727797,0.041290924,0.76844877,0.0012547228,0.047641125,0.004668418,0.34494916,0.0343756,0.11730895,0.021395018,0.2705084,0.0017526809,"TWOGAUSSIANS_WITH_ELLIPSOIDAL_ON_ECLIPSE1",9,11.331277,0.2705084,0.0017526809,0.30298743,0.019762943,0.7018846,0.026395475,0.7686688,0.0011110909,0.2667903,0.02614314,0.5795208,0.010613081
375316653866487564,4141272750311134080,0.49337432,2221.7096989620886,2.9678322380144806,3.718681E-5,19.327288,0.018554393,0.28813225,0.008189498,0.069212414,0.008957556,0.24546587,0.024308942,0.77425826,0.0065614814,0.08003296,0.010530481,0.22620943,0.019054448,null,null,null,null,"TWOGAUSSIANS",8,2.6419246,0.28813225,0.008189498,0.3875895,0.03450449,0.24421774,0.023574103,0.77425826,0.0065614814,0.4,0.0,0.2249613,0.0183314
375316653866487564,4141273952907156864,0.5652275,2253.5156150577654,1.5541580231496934,1.7611317E-5,18.576977,0.0055999123,0.26792642,0.011110827,0.042629845,0.02493982,0.105876066,0.038528837,0.76272225,0.010092415,0.040407658,0.0049560335,0.6357308,0.107734084,null,null,null,null,"TWOGAUSSIANS",8,4.401627,0.76272225,0.010092415,0.22628288,0.027753787,0.6357308,0.107734054,0.26792642,0.011110827,0.23872714,0.139663,0.10587606,0.03852885
375316653866487564,4141274296499434624,0.5148331,2244.4817950400534,4.33737866618436,4.3045955E-5,18.434107,0.005707042,0.08888774,0.02915236,0.06592874,0.01681456,0.027639862,0.010290548,0.5057882,0.018405769,0.029914586,0.013890756,0.4947669,0.2192886,null,null,null,null,"TWOGAUSSIANS",8,2.1529427,0.5057882,0.018405769,0.16752169,0.077788234,0.4947669,0.21928872,0.08888774,0.02915236,0.36920094,0.0922237,0.02763986,0.010290523
375316653866487564,4141280309453998080,0.58200717,2270.538636447219,4.366112539910183,8.743585E-6,15.250239,0.008122434,0.25834635,0.0022132709,0.058650408,0.0036738568,0.25619382,0.017586613,0.7485456,0.010004934,0.0507246,0.0058498206,0.2552447,0.03157615,0.06388987,0.00958728,0.25834635,0.0022132709,"TWOGAUSSIANS_WITH_ELLIPSOIDAL_ON_ECLIPSE1",9,44.490086,0.25834635,0.0022132709,0.32844228,0.020573597,0.3839441,0.0035612572,0.7494456,0.009157536,0.28405774,0.032758996,0.38255557,0.023444965
375316653866487564,4141281202807352064,0.49072272,2255.175059691937,0.5965964042787693,1.425024E-4,18.283293,0.022295747,0.2739999,0.101485655,0.19662651,0.14135507,0.042408224,0.029467303,0.66154337,0.0072624846,0.054805283,0.00541019,0.2434884,0.024927938,null,null,null,null,"TWOGAUSSIANS",8,3.3412938,0.66154337,0.0072624846,0.3069096,0.030297065,0.24451688,0.016764028,0.2739999,0.101485655,0.4,0.0,0.03702531,0.009425942
375316653866487564,4141281550699740160,0.5738248,2272.3410998305035,2.518988841965003,1.4687577E-5,17.456892,0.016197909,0.25905842,0.0036513875,0.09457817,0.008464727,0.23133656,0.016284669,0.7664307,0.01561603,0.096113004,0.017274424,0.22203724,0.014951277,null,null,null,null,"TWOGAUSSIANS",8,4.20158,0.25905842,0.0036510697,0.4,0.0,0.21818453,0.0132713355,0.7664307,0.01561603,0.4,0.0,0.208885,0.010123791
375316653866487564,4141282512771881088,0.6109099,2278.526469161711,2.1553515642570407,5.144543E-6,15.005171,0.0074303993,0.2764649,0.0015120616,0.0937721,0.004524532,0.20390673,0.00788025,0.7849888,0.0055690934,0.085098244,0.0107217785,0.13418724,0.0089053605,null,null,null,null,"TWOGAUSSIANS",8,13.220618,0.2764649,0.0015120616,0.4,0.0,0.19805042,0.006711998,0.7849888,0.0055690934,0.4,0.0,0.12833121,0.011068074
375316653866487564,4141285463415309056,0.6028281,2248.1273600710297,1.6159152341241,1.430803E-5,18.992853,0.0034655903,0.36131376,0.0011271108,0.0407613,0.0010488034,0.61559236,0.018326832,0.8722866,0.006596029,0.022594843,0.0093427375,0.77996,1.2890289,null,null,null,null,"TWOGAUSSIANS",8,1.1608154,0.8722866,0.006596029,0.12653112,0.05231933,0.77996,1.2890289,0.36131376,0.0011271108,0.22826327,0.005873299,0.61559236,0.018326832
375316653866487564,4141286219329757184,0.56213975,2283.8778523743804,3.2437381597718926,1.4178717E-5,19.77154,0.0148819955,0.23537888,0.005778123,0.09439995,0.006722682,0.40415025,0.023703381,0.7506319,0.006589563,0.08118418,0.007012367,0.49926308,0.019821232,null,null,null,null,"TWOGAUSSIANS",8,0.905706,0.7506319,0.006589563,0.4,0.0,0.4872984,0.016449023,0.23537888,0.005778123,0.4,0.0,0.39218467,0.023676744
375316653866487564,4141286322409105792,0.4863785,2256.763650061754,0.4848716992280017,1.1564086E-4,17.684479,0.0035503365,0.28698388,0.019197218,0.020609738,0.010905181,0.31846657,1.5799925,0.87229073,0.012769342,0.04149742,0.010457741,0.07028094,0.012284065,null,null,null,null,"TWOGAUSSIANS",8,9.2654,0.28698388,0.019197218,0.11541454,0.06106901,0.31846657,1.5799925,0.87229073,0.012769342,0.23238555,0.05856335,0.07028094,0.012284065
375316653866487564,4141291442009742976,0.458241,2257.272984994305,2.436725073521483,4.1883337E-5,14.112991,0.06972055,0.2550571,0.013033666,0.13096513,0.05177764,0.25121233,0.044403862,0.7169539,0.011910189,0.08331796,0.018215882,0.26960948,0.06954763,null,null,null,null,"TWOGAUSSIANS",8,877.27405,0.7169539,0.011910189,0.4,0.0,0.248771,0.042071942,0.2550571,0.013033666,0.4,0.0,0.22981964,0.03196041
375316653866487564,4141297832921395072,0.5745606,2252.065129429791,0.35836382761496777,1.6809416E-4,18.364468,0.0031726253,0.26300278,0.0435672,0.04553852,0.035054445,0.44218513,3147.4429,0.57501554,0.03110374,0.0861423,0.08650282,0.021012753,0.0048321974,null,null,null,null,"TWOGAUSSIANS",8,1.1446989,0.2630128,0.04358285,0.2550157,0.19630489,0.44221476,3147.4426,0.57501554,0.03110374,0.4,0.034665126,0.021012625,0.004872617
375316653866487564,4141298898069805824,0.58559644,2246.231981035658,2.2901929575190927,2.3133613E-5,18.369204,0.008061161,0.12833571,0.0019997328,0.057642523,0.0035312448,0.21587004,0.007891176,0.6340039,0.0054884143,0.045352593,0.0062037567,0.4772738,0.019502727,null,null,null,null,"TWOGAUSSIANS",8,4.4009,0.6340039,0.0054884143,0.25397453,0.034741037,0.47727028,0.01950406,0.12833571,0.0019997328,0.32279813,0.019774972,0.2158665,0.007887091
375316653866487564,4141299276026981120,0.5592223,2228.4832591688196,3.440479945960783,1.8730472E-5,19.19011,0.016799344,0.24207076,0.004039696,0.07690034,0.004751455,0.5723549,0.03628384,0.75154877,0.0072941044,0.07238296,0.0044703027,0.5176624,0.027485795,null,null,null,null,"TWOGAUSSIANS",8,3.7445552,0.24207076,0.004039696,0.4,0.0,0.56913203,0.036338765,0.75154877,0.0072941044,0.4,0.00996695,0.5144396,0.02645197
375316653866487564,4141299344746502272,0.48833194,2233.3269178402807,0.44143448610238406,3.753654E-5,16.898851,0.0061913365,0.25702816,0.023075331,0.09170705,0.028055733,0.044806514,0.010976029,0.66878843,5.639313E-4,0.022858376,9.2431705E-4,0.33858067,0.004547588,null,null,null,null,"TWOGAUSSIANS",8,11.179489,0.66878843,5.639313E-4,0.1280069,0.0051761754,0.33858234,0.004558066,0.25702816,0.023075331,0.4,0.0,0.044806313,0.01097568
375316653866487564,4141303193037351040,0.5090525,2234.827121258766,3.320826067426316,2.7124617E-5,17.44386,0.026285574,0.31053284,0.029646857,0.07593443,0.028754078,0.14893544,0.047517132,0.7672215,0.0041598924,0.1088865,0.0155382175,0.18406335,0.024078488,null,null,null,null,"TWOGAUSSIANS",8,7.2534976,0.7672215,0.0041598924,0.4,0.0,0.17965132,0.0088730985,0.31057283,0.02962227,0.4,0.0,0.14455202,0.024124997
375316653866487564,4141303914592139648,0.47596607,2265.752987196009,2.9085819080216697,3.275097E-5,19.112658,0.015305899,0.25189853,0.013100359,0.08060395,0.01338984,0.1963281,0.024750073,0.7418242,0.007424393,0.09106312,0.018698502,0.10840751,0.014649987,null,null,null,null,"TWOGAUSSIANS",8,1.8773799,0.25189853,0.013100359,0.4,0.0,0.19289446,0.023003552,0.7418242,0.007424393,0.4,0.0,0.1049738,0.012907896
375316653866487564,4141304429993247872,0.55014163,2258.3554769253615,3.102480038651165,3.451402E-5,18.79289,0.020826558,0.22794697,0.005709968,0.09232807,0.011903174,0.28313214,0.020960031,0.73552835,0.011171179,0.08837939,0.014395036,0.28861994,0.02078662,null,null,null,null,"TWOGAUSSIANS",8,3.167678,0.73552835,0.011171179,0.4,0.0,0.27755997,0.013925227,0.22794697,0.005709968,0.4,0.0,0.27207196,0.017610006
375316653866487564,4141306255351108864,0.5510629,2301.1509786248184,3.1601087468314946,1.9585636E-5,16.356749,0.0024505763,0.22584577,0.015463152,0.004014203,0.017014313,0.027829748,0.0119174635,0.82261896,0.0028628611,0.05060488,0.047941938,0.036369972,0.012688759,0.057038512,0.0029272994,0.82261896,0.0028628611,"TWOGAUSSIANS_WITH_ELLIPSOIDAL_ON_ECLIPSE2",9,5.950932,0.82261896,0.0028628611,0.28338733,0.1878543,0.1504468,0.011810443,0.22623576,0.092688,0.022479536,0.095280156,0.10480938,0.011031084
375316653866487564,4141309480869412096,0.5286182,2258.665779400808,2.767246459188407,1.8726227E-5,18.570007,0.011090144,0.2785368,0.005324028,0.069763444,0.005178924,0.22976032,0.013479668,0.7836472,0.006920812,0.08396978,0.010845019,0.24984962,0.013550691,null,null,null,null,"TWOGAUSSIANS",8,2.502137,0.7836472,0.006920812,0.4,0.0,0.24768107,0.013199589,0.2785368,0.005324028,0.39067528,0.026803123,0.22759178,0.012305372
375316653866487564,4141310064985145984,0.4618632,2265.0233350954854,3.8538064425169263,3.9391132E-5,19.123081,0.016049163,0.25229135,0.032864302,0.09510105,0.04707973,0.085601054,0.02697784,0.7601175,0.008695682,0.06627251,0.012315264,0.15182401,0.015905613,null,null,null,null,"TWOGAUSSIANS",8,1.9559357,0.7601175,0.008695682,0.37112606,0.06437726,0.15033376,0.013936051,0.25229135,0.032864302,0.4,0.0,0.08411062,0.027518561
375316653866487564,4141312989859918592,0.57515174,2240.282199789419,4.007542640648085,2.7341872E-5,17.868769,0.003665487,0.40562242,0.0023611016,0.06767345,0.001928818,0.5671136,0.025501506,0.76980215,0.097349085,0.07712326,0.06558365,0.014640229,0.018134134,null,null,null,null,"TWOGAUSSIANS",8,3.8595195,0.40562242,0.0023620669,0.37897134,0.0108013805,0.5671043,0.025500692,0.76980215,0.097349085,0.4,0.30854842,0.014630991,0.01814607
375316653866487564,4141313058575326720,0.51651484,2223.722078585357,4.476463889033851,2.5383886E-5,18.49564,0.0047691646,0.4303547,0.07406732,0.047019027,0.029932616,0.93426514,0.8465565,0.8835351,0.0062084375,0.008472942,0.011394931,0.23474468,1.1500419,null,null,null,null,"TWOGAUSSIANS",8,2.5178304,0.4303547,0.07406732,0.26330656,0.16762266,0.93426514,0.8465565,0.8835351,0.0062084375,0.047448475,0.063811615,0.23474468,1.1500419
375316653866487564,4141314089367534848,0.49829197,2229.6816931719313,4.007948495187494,3.1529802E-5,19.524998,0.051092885,0.18726666,0.028801234,0.08076224,0.022747269,0.60586715,0.16262303,0.72811645,0.008828286,0.07297859,0.00919552,0.78264546,0.11231185,null,null,null,null,"TWOGAUSSIANS",8,7.7459598,0.72811645,0.008828286,0.4,0.015780272,0.77984214,0.110365614,0.18726666,0.028801234,0.4,0.06298337,0.60306376,0.16341458
375316653866487564,4141316112299245952,0.52450025,2311.424083369809,1.6805132407264138,5.4257405E-5,18.065943,0.0033823452,0.16102242,0.006649931,0.040659443,0.0042820326,0.08835996,0.019441824,0.6588315,0.009971846,0.052174825,0.0069166482,0.18489169,0.005930567,null,null,null,null,"TWOGAUSSIANS",8,2.2145789,0.6588315,0.009971846,0.29217902,0.038733233,0.18489157,0.005930316,0.16102242,0.006649931,0.22769287,0.023979383,0.08835984,0.019441962
375316653866487564,4141319135969593984,0.44478813,2324.8321789319366,4.262049215556674,5.5649958E-5,18.875471,0.0075784,0.22659107,0.0073430296,0.035138357,0.013129122,0.070499815,0.013602818,0.6919827,0.018955693,0.06837364,0.025022892,0.16679701,0.03290135,null,null,null,null,"TWOGAUSSIANS",8,4.404275,0.6919827,0.018955693,0.38289237,0.13096043,0.16679662,0.032901,0.22659107,0.0073430296,0.1967748,0.07352308,0.070499435,0.013603631
375316653866487564,4141319655652121856,0.5079208,2264.7439877450374,0.9912672440903646,5.380892E-5,19.192799,0.00502594,0.18562828,0.010429236,0.024360927,0.012969478,0.61232495,2139.6824,0.751635,0.06736808,0.01922006,0.033673435,0.30082542,1.7696663,null,null,null,null,"TWOGAUSSIANS",8,1.3706272,0.18562828,0.010429236,0.13642119,0.07262908,0.61232495,2139.6824,0.751635,0.06736808,0.10763233,0.18857124,0.30082542,1.7696663
375316653866487564,4141319891870770816,0.4979849,2302.4114391601343,2.691786438807162,5.1734707E-5,18.505068,0.0052354382,0.1814585,0.005148019,0.035698004,0.007099483,0.13052684,0.030445563,0.68335485,0.003113908,0.045435697,0.004818781,0.24272785,0.018769005,null,null,null,null,"TWOGAUSSIANS",8,4.748072,0.68335485,0.003113908,0.2544399,0.026985172,0.24272785,0.018769009,0.1814585,0.005148019,0.19990882,0.039757103,0.13052684,0.030445566
375316653866487564,4141321167477695488,0.52035236,2297.4804224786094,2.314316769930001,2.644876E-5,16.071823,0.0015495401,0.31185153,0.00710875,0.04611288,0.006315111,0.06956037,0.003013264,0.7948455,0.012817095,0.05817004,0.011079604,0.03733181,0.008262219,null,null,null,null,"TWOGAUSSIANS",8,4.5690827,0.31185153,0.00710875,0.25823212,0.03536462,0.069559924,0.0030124427,0.7948455,0.012817095,0.3257522,0.062045783,0.03733136,0.008262514
375316653866487564,4141321884735803392,0.5875483,2332.7860251600273,1.8057415376795816,1.7686454E-5,18.481531,0.0047549927,0.2263136,0.005825923,0.06672814,0.005180232,0.12673998,0.007614447,0.72882724,0.0053144544,0.049785335,0.0034946487,0.4795103,0.025424246,null,null,null,null,"TWOGAUSSIANS",8,2.330199,0.72882724,0.0053144544,0.27879786,0.019570032,0.47947055,0.025417762,0.2263136,0.005825923,0.37367755,0.0290093,0.12670024,0.0076023145
375316653866487564,4141330204089057408,0.59054744,2259.852549325708,2.77154658127352,1.4362785E-5,17.322588,0.042138916,0.24582139,0.003039489,0.08349391,0.018109467,0.31334424,0.03391618,0.77005666,0.012970109,0.09736452,0.025733186,0.23559378,0.035022613,null,null,null,null,"TWOGAUSSIANS",8,7.048656,0.24582139,0.0030939118,0.4,0.0,0.3053428,0.011204322,0.77005666,0.012968983,0.4,0.0,0.2275907,0.020640329
