Gaia/vari_eclipsing_binary/VariEclipsingBinary_666727-666757.csv
# %ECSV 1.0
# ---
# delimiter: ','
# meta: !!omap
# - RELEASE: Gaia DR3
# - TABLE: vari_eclipsing_binary
# - DESCRIPTION: >
#     This table describes the properties of the eclipsing binaries resulting from the variability analysis. 
# - CITATION: >
#     How to cite and acknowledge Gaia: 
#     https://gea.esac.esa.int/archive/documentation/credits.html 
# - KNOWN_ISSUES: >
#     Known issues: 
#     https://www.cosmos.esa.int/web/gaia-users/known-issues 
# - DOCUMENTATION: >
#     Tutorials and documentation: 
#     https://www.cosmos.esa.int/web/gaia-users/archive 
# datatype:
# - 
#   name: solution_id
#   datatype: int64
#   description: Solution Identifier
#   meta:
#     ucd: meta.version
# - 
#   name: source_id
#   datatype: int64
#   description: Unique source identifier
#   meta:
#     ucd: meta.id;meta.main
# - 
#   name: global_ranking
#   datatype: float32
#   description: Number between 0 (worst) and 1 (best)
#   meta:
#     ucd: stat.param
# - 
#   name: reference_time
#   datatype: float64
#   unit: d
#   description: Reference time used for the geometric model fit
#   meta:
#     ucd: time.epoch
# - 
#   name: frequency
#   datatype: float64
#   unit: d**-1
#   description: Frequency of geometric model of the eclipsing binary light curve
#   meta:
#     ucd: src.orbital
# - 
#   name: frequency_error
#   datatype: float32
#   unit: d**-1
#   description: "Uncertainty of \\texttt{frequency}"
#   meta:
#     ucd: stat.error
# - 
#   name: geom_model_reference_level
#   datatype: float32
#   unit: mag
#   description: Magnitude reference level of geometric model
#   meta:
#     ucd: phot.mag;em.opt
# - 
#   name: geom_model_reference_level_error
#   datatype: float32
#   unit: mag
#   description: "Uncertainty of \\texttt{geomModelReferenceLevel}"
#   meta:
#     ucd: stat.error;phot.mag;em.opt
# - 
#   name: geom_model_gaussian1_phase
#   datatype: float32
#   description: Phase of the Gaussian 1 component
#   meta:
#     ucd: time.phase
# - 
#   name: geom_model_gaussian1_phase_error
#   datatype: float32
#   description: "Uncertainty of \\texttt{geomModelGaussian1Phase}"
#   meta:
#     ucd: stat.error;time.phase
# - 
#   name: geom_model_gaussian1_sigma
#   datatype: float32
#   description: "Standard deviation [phase] of Gaussian 1 component"
#   meta:
#     ucd: stat.stdev
# - 
#   name: geom_model_gaussian1_sigma_error
#   datatype: float32
#   description: "Uncertainty of \\texttt{geomModelGaussian1Sigma}"
#   meta:
#     ucd: stat.error
# - 
#   name: geom_model_gaussian1_depth
#   datatype: float32
#   unit: mag
#   description: Magnitude depth of Gaussian 1 component
#   meta:
#     ucd: src.var.amplitude
# - 
#   name: geom_model_gaussian1_depth_error
#   datatype: float32
#   unit: mag
#   description: "Uncertainty of \\texttt{geomModelGaussian1Depth}"
#   meta:
#     ucd: stat.error;src.var.amplitude
# - 
#   name: geom_model_gaussian2_phase
#   datatype: float32
#   description: Phase of Gaussian 2 component
#   meta:
#     ucd: time.phase
# - 
#   name: geom_model_gaussian2_phase_error
#   datatype: float32
#   description: "Uncertainty of \\texttt{geomModelGaussian2Phase}"
#   meta:
#     ucd: stat.error;time.phase
# - 
#   name: geom_model_gaussian2_sigma
#   datatype: float32
[...]
#   datatype: float32
#   description: "Secondary eclipse: uncertainty of \\texttt{derivedSecondaryEclDuration}"
#   meta:
#     ucd: stat.error;time.duration
# - 
#   name: derived_secondary_ecl_depth
#   datatype: float32
#   unit: mag
#   description: "Secondary eclipse: depth"
#   meta:
#     ucd: src.var.amplitude
# - 
#   name: derived_secondary_ecl_depth_error
#   datatype: float32
#   unit: mag
#   description: "Secondary eclipse: uncertainty of \\texttt{derivedSecondaryEclDepth}"
#   meta:
#     ucd: stat.error;src.var.amplitude
solution_id,source_id,global_ranking,reference_time,frequency,frequency_error,geom_model_reference_level,geom_model_reference_level_error,geom_model_gaussian1_phase,geom_model_gaussian1_phase_error,geom_model_gaussian1_sigma,geom_model_gaussian1_sigma_error,geom_model_gaussian1_depth,geom_model_gaussian1_depth_error,geom_model_gaussian2_phase,geom_model_gaussian2_phase_error,geom_model_gaussian2_sigma,geom_model_gaussian2_sigma_error,geom_model_gaussian2_depth,geom_model_gaussian2_depth_error,geom_model_cosine_half_period_amplitude,geom_model_cosine_half_period_amplitude_error,geom_model_cosine_half_period_phase,geom_model_cosine_half_period_phase_error,model_type,num_model_parameters,reduced_chi2,derived_primary_ecl_phase,derived_primary_ecl_phase_error,derived_primary_ecl_duration,derived_primary_ecl_duration_error,derived_primary_ecl_depth,derived_primary_ecl_depth_error,derived_secondary_ecl_phase,derived_secondary_ecl_phase_error,derived_secondary_ecl_duration,derived_secondary_ecl_duration_error,derived_secondary_ecl_depth,derived_secondary_ecl_depth_error
[from data line 645]
375316653866487564,5864845359574536832,0.44200808,2182.73109414105,0.30220026570690944,5.342717E-5,16.605171,0.010957467,0.2531568,0.010468852,0.039191183,0.009875793,0.073060356,0.01833601,0.7642929,0.011149781,0.078200154,0.029635448,0.17448248,0.046597525,null,null,null,null,"TWOGAUSSIANS",8,52.28128,0.7642929,0.011149781,0.4,0.07501422,0.17446363,0.046695855,0.2531568,0.010468852,0.21947064,0.055304438,0.073041506,0.018283596
375316653866487564,5864845363888836864,0.5580337,2178.619929611604,2.6754704930391426,1.0087525E-5,18.699062,0.013494614,0.25115088,0.0034330157,0.038416255,0.010906244,0.11818463,0.044917293,0.7430964,0.00849916,0.040446114,0.017629975,0.18011956,0.037432127,0.13359219,0.025316074,0.25115088,0.0034330157,"TWOGAUSSIANS_WITH_ELLIPSOIDAL_ON_ECLIPSE1",9,5.417196,0.74438643,0.007953073,0.22649825,0.09872787,0.44672975,0.038769078,0.25115088,0.0034330157,0.21513103,0.061074965,0.3853688,0.034887124
375316653866487564,5864845535783714176,0.6165781,2182.036723031697,0.6898556253338405,3.0881768E-6,17.13932,0.018091613,0.20973903,0.0018134337,0.05551361,0.012374348,0.14633906,0.032369364,0.7085908,0.0014693527,0.05110689,0.0057954905,0.24323896,0.036380917,0.11088922,0.02143726,0.20973903,0.0018134337,"TWOGAUSSIANS_WITH_ELLIPSOIDAL_ON_ECLIPSE1",9,8.854399,0.7087708,0.0011317357,0.2861986,0.032454748,0.465,0.0084866155,0.20973903,0.0018134337,0.3108762,0.069296345,0.36810982,0.011932078
375316653866487564,5864845604502986240,0.55928457,2223.196573267336,0.5495202010053243,6.638726E-6,14.112835,0.122881636,0.24540536,0.0022638373,0.15338199,0.021031678,0.1538688,0.09352229,0.74904543,0.0021241345,0.18829763,0.06343126,0.14093,0.11996192,null,null,null,null,"TWOGAUSSIANS",8,7.323739,0.24439536,0.0020289924,0.4,0.0,0.06456269,0.0020505956,0.74971545,0.0020482517,0.4,0.0,0.0448357,0.0015631565
375316653866487564,5864845638766495232,0.5821282,2237.8710903673878,3.0197802388932846,7.299824E-6,18.278608,0.0116106495,0.28095347,0.0024752473,0.07483718,0.004980625,0.46887675,0.025169853,0.78394645,0.0011254561,0.07246048,0.0032451628,0.41823018,0.009211692,null,null,null,null,"TWOGAUSSIANS",8,5.353603,0.28095347,0.0024752473,0.4,0.0,0.4662739,0.025586601,0.78394645,0.0011254561,0.4,0.0,0.41562733,0.008094707
375316653866487564,5864846532120710272,0.50151694,2211.941984822976,0.2890730051734598,1.6281225E-5,18.60487,0.003579615,0.22803846,0.009876955,0.013512553,0.011577026,0.065990575,3642.0159,0.7216795,0.0020604841,0.020284139,0.0020305414,0.30826023,0.028990133,0.028037,0.005525979,0.22803846,0.009876955,"TWOGAUSSIANS_WITH_ELLIPSOIDAL_ON_ECLIPSE1",9,2.9603102,0.7217195,0.0020453352,0.11359117,0.011371032,0.3642453,0.029706744,0.22803846,0.009876955,0.075670294,0.064831346,0.12206457,3642.017
375316653866487564,5864846600935681024,0.53061366,2201.5140006499246,1.0624181618921154,1.1809317E-5,18.309713,0.004582795,0.23225664,0.005794065,0.04894396,0.0054438678,0.10629841,0.0104954,0.7323225,0.006674693,0.041145097,0.002550662,0.8017905,0.100451834,null,null,null,null,"TWOGAUSSIANS",8,5.132857,0.7323225,0.006674693,0.23041256,0.014283707,0.80179036,0.100451805,0.23225664,0.005794065,0.27408618,0.030485658,0.1062983,0.010495423
375316653866487564,5864846738374544512,0.57585853,2196.6306663855057,0.5526022252425279,1.4895068E-6,16.172184,0.00255201,0.18253127,0.019284472,0.015840612,0.016153673,0.062503494,0.33428267,0.69415766,5.012246E-4,0.032622065,6.9318037E-4,0.8201395,0.042705774,0.0097141545,0.0035982996,0.18253127,0.019284472,"TWOGAUSSIANS_WITH_ELLIPSOIDAL_ON_ECLIPSE1",9,18.714012,0.69415766,5.012246E-4,0.18268357,0.0038818102,0.8394643,0.044493716,0.18253127,0.019284472,0.088707425,0.09046057,0.0819318,0.33381513
375316653866487564,5864846944437459072,0.4706605,2189.1727451853094,0.7613610035926278,2.5561245E-5,17.930338,0.006963728,0.27005038,0.018182766,0.0291298,0.01198996,0.29623878,0.10831293,0.76679754,0.0057913545,0.03816551,0.01061303,0.26020968,0.065229475,0.017716903,0.012495915,0.27005038,0.018182766,"TWOGAUSSIANS_WITH_ELLIPSOIDAL_ON_ECLIPSE1",9,20.005995,0.27005038,0.018182766,0.16312687,0.06714378,0.33167258,0.110963255,0.76684755,0.0056739375,0.21372686,0.059432965,0.2956289,0.0756067
375316653866487564,5864847047518943488,0.50491154,2165.152534927719,3.3374889742668277,1.186945E-5,19.717703,0.009633656,0.14887872,0.0057133795,0.022373099,0.009965647,0.29731625,0.08068752,0.59821016,0.0014089161,0.020589758,0.004591984,0.29668906,0.023362396,0.17099106,0.015401424,0.14887872,0.0057133795,"TWOGAUSSIANS_WITH_ELLIPSOIDAL_ON_ECLIPSE1",9,5.3077374,0.14887872,0.0057133795,0.12528935,0.055807624,0.6392984,0.07946949,0.5999902,0.0019014537,0.115302645,0.02571511,0.6062984,0.03649377
375316653866487564,5864847047612235904,0.5888174,2184.461758537684,2.5201589134988214,4.4771837E-6,15.843782,0.004099366,0.20207395,0.0022317995,0.043629322,0.0038846077,0.17865458,0.018473778,0.7089335,0.001673477,0.036625545,0.0039841305,0.15457141,0.013272621,0.106514044,0.0072106845,0.7089335,0.001673477,"TWOGAUSSIANS_WITH_ELLIPSOIDAL_ON_ECLIPSE2",9,34.770447,0.20311394,0.0019451843,0.2443242,0.021753803,0.3913472,0.016218979,0.7089335,0.001673477,0.20510305,0.022311129,0.36759946,0.012452474
375316653866487564,5864847150715465600,0.46183065,2192.0076442326463,2.2762988817403698,2.793909E-5,19.747356,0.015787179,0.20381695,0.022994949,0.06012912,0.0339531,0.18717827,0.041746695,0.71046484,0.0100929625,0.048805855,0.008771639,0.46354643,0.050735865,null,null,null,null,"TWOGAUSSIANS",8,4.8963423,0.71046484,0.0100929625,0.27331278,0.049121182,0.46353528,0.050662756,0.20381695,0.022994949,0.33672306,0.09657405,0.18716712,0.042165674
375316653866487564,5864847288034982016,0.5459571,2198.3967849408646,4.0751226890308185,7.5073863E-6,19.345377,0.019583523,0.21268442,0.00358945,0.07364431,0.006920376,0.4851414,0.015705314,0.71108377,0.0038815371,0.07552095,0.0037970569,0.6766773,0.034219928,null,null,null,null,"TWOGAUSSIANS",8,2.9704437,0.71108377,0.0038815371,0.4,0.0,0.6726587,0.033495415,0.21268442,0.00358945,0.4,0.018774152,0.48112282,0.016837599
375316653866487564,5864847288130460288,0.5785295,2202.5145307318408,0.43545797143479575,1.398005E-5,17.906908,0.0032128172,0.27550188,0.056896362,0.09367594,0.029244028,0.016424103,0.008276158,0.48516595,0.0011159296,0.018637232,6.9560384E-4,0.37481478,0.012544546,null,null,null,null,"TWOGAUSSIANS",8,3.584158,0.48516595,0.0011159296,0.10436851,0.0038953815,0.37615654,0.012640576,0.27550188,0.056896362,0.4,0.0,0.016424082,0.008276088
375316653866487564,5864847597392073856,0.42794222,2193.050544410974,1.4994552100215306,5.413398E-5,19.323494,0.010839641,0.19404796,0.014928328,0.029074652,0.015208669,0.045191977,0.05401662,0.51793355,0.0075818175,0.0938349,0.012761357,0.17721692,0.017801408,null,null,null,null,"TWOGAUSSIANS",8,4.3096232,0.51793355,0.0075818175,0.4,0.0,0.17721666,0.017801456,0.19436796,0.014857008,0.16281804,0.08516855,0.045653023,0.054137707
375316653866487564,5864847631632570112,0.42086715,2210.677418547836,3.0127588438148063,4.088741E-5,19.152622,0.017320845,0.21092829,0.009583128,0.07761312,0.018668996,0.23065415,0.052649073,0.73285055,0.010175279,0.08804177,0.011126116,0.20194598,0.023286412,null,null,null,null,"TWOGAUSSIANS",8,9.849729,0.21092829,0.009583128,0.4,1.7078614E-4,0.22765844,0.05536419,0.73285055,0.010175279,0.4,0.0,0.19895017,0.020345725
375316653866487564,5864847700447358976,0.6150962,2180.1156578063606,0.720268622882672,4.9971272E-6,15.820883,0.0011657286,0.16850272,0.0013480613,0.031047245,0.0016108413,0.14236088,0.0057863845,0.66778046,0.001682647,0.031761378,0.0017461374,0.139784,0.0040391604,0.023907637,0.0020348812,0.16850272,0.0013480613,"TWOGAUSSIANS_WITH_ELLIPSOIDAL_ON_ECLIPSE1",9,6.430476,0.16850272,0.0013480613,0.17386457,0.009020711,0.19017614,0.0054934826,0.6678005,0.0016516382,0.1778637,0.009778369,0.1875983,0.0031171762
375316653866487564,5864847769071929984,0.56914884,2186.234099816498,1.7920461271106163,4.3046302E-6,18.91478,0.007313344,0.3002039,0.001207118,0.062338147,0.0024485656,0.3318305,0.009993129,0.79353297,0.0018130152,0.072236575,0.0025246849,0.5814064,0.01779161,null,null,null,null,"TWOGAUSSIANS",8,2.7923138,0.79353297,0.0018130152,0.4,0.0,0.5806603,0.017918596,0.3002039,0.001207118,0.34909365,0.013711967,0.33108434,0.009918989
375316653866487564,5864847906513025408,0.44338003,2224.2939743904067,2.076905947331479,3.0439E-5,18.645742,0.048093088,0.25995257,0.007755625,0.095720805,0.019698923,0.27616096,0.045231454,0.7536793,0.015129794,0.113133796,0.03935935,0.16708267,0.04453394,null,null,null,null,"TWOGAUSSIANS",8,14.862187,0.2599626,0.0077602225,0.4,0.0,0.2542213,0.03159981,0.7536793,0.015129794,0.4,0.0,0.14512397,0.02929309
375316653866487564,5864848284563397248,0.49432006,2226.4354667922616,0.9534973465162062,7.904288E-6,15.426268,0.6079631,0.27918616,0.0068236385,0.26040083,0.18749921,0.4896881,0.59816337,0.7706357,0.0065696496,0.12401078,0.028103614,0.43708417,0.24485905,null,null,null,null,"TWOGAUSSIANS",8,88.35873,0.7706357,0.0065696496,0.4,0.0,0.22794305,0.01534358,0.27950615,0.0067956466,0.4,0.0,0.12619445,0.015242072
375316653866487564,5864848387549476480,0.50335693,2223.187082030006,1.7875812981828736,1.3817722E-5,18.612057,0.027924148,0.30984294,0.010723022,0.089230515,0.017024381,0.2172003,0.025416497,0.77898073,0.0038955035,0.0871149,0.009742722,0.41900307,0.020286685,null,null,null,null,"TWOGAUSSIANS",8,8.590771,0.77898073,0.0038955035,0.4,0.0,0.4125779,0.015675468,0.30984294,0.010723022,0.4,0.0,0.21077512,0.019341355
375316653866487564,5864848524988632576,0.5433575,2243.9096670579265,0.6226324682184389,1.900442E-6,18.819427,0.003168167,0.5445679,3.8466067E-5,0.013223424,1.1126804E-4,1.3514739,0.017478034,null,null,null,null,null,null,null,null,null,null,"ONEGAUSSIAN",5,3.011653,0.5445679,3.8466067E-5,0.07405117,6.23101E-4,1.3514739,0.0,null,null,null,null,null,null
375316653866487564,5864848593708250240,0.5990057,2231.3800300061976,1.4869147321978584,6.403397E-6,18.087065,0.008365861,0.31807798,0.0012651817,0.04832838,0.0023855942,0.37318683,0.021793477,0.8193311,0.0024241207,0.04219441,0.0061698463,0.2655861,0.018732725,0.07968833,0.013018433,0.31807798,0.0012651817,"TWOGAUSSIANS_WITH_ELLIPSOIDAL_ON_ECLIPSE1",9,4.856497,0.31807798,0.0012651817,0.2706389,0.013359328,0.5325629,0.012045516,0.8193311,0.0024241207,0.23628871,0.03455114,0.4249523,0.026866263
375316653866487564,5864848903038677376,0.43996352,2218.122390157905,0.08601854767751677,9.525881E-6,15.666845,0.0036349942,0.1002626,0.0026476097,0.013670239,0.00170998,0.14767647,0.016074326,0.66603494,0.0148680955,0.028482445,0.007674357,0.02505545,0.0067525115,null,null,null,null,"TWOGAUSSIANS",8,93.4036,0.1002626,0.0026476097,0.07655334,0.009575888,0.14767647,0.016074326,0.66603494,0.0148680955,0.15950169,0.042976398,0.02505545,0.0067525115
375316653866487564,5864849276590941696,0.45093253,2228.551121624528,0.3273188013536188,6.2778267E-6,17.068659,0.0011643372,0.315866,7.643115E-4,0.023193352,0.0011435379,0.065570965,0.0027826384,0.81507766,0.0055172998,0.015067932,0.0029893348,0.032733057,0.0072011384,null,null,null,null,"TWOGAUSSIANS",8,3.118642,0.315866,7.643115E-4,0.12988278,0.006403812,0.065570965,0.0027826384,0.81507766,0.0055172998,0.08438042,0.016740274,0.032733057,0.0072011384
375316653866487564,5864849383982360320,0.41993865,2213.0003008899653,2.562191933071069,4.367432E-5,19.003546,0.014395095,0.19727762,0.03135176,0.06378473,0.030589147,0.11826116,0.015635327,0.6847227,0.017294426,0.09558112,0.021623671,0.1247245,0.019916968,null,null,null,null,"TWOGAUSSIANS",8,6.5517135,0.6847227,0.017294426,0.4,0.0,0.12336857,0.019172585,0.19727762,0.03135176,0.35719448,0.16414425,0.11690558,0.014210003
375316653866487564,5864849826346940928,0.56914407,2231.545132169445,0.8843431939092979,4.8744864E-6,17.90855,0.0034535283,0.10728535,0.0029474115,0.046382155,0.0036553212,0.0942801,0.004667049,0.609043,0.0016589955,0.04471326,0.0018787993,0.5542469,0.039805714,null,null,null,null,"TWOGAUSSIANS",8,4.1507654,0.609043,0.0016589955,0.25039425,0.010521276,0.5542468,0.03980579,0.10728535,0.0029474115,0.25974008,0.0204698,0.09427999,0.0046670297
375316653866487564,5864849899378860416,0.5486802,2231.123897325631,0.8607042432079518,8.542688E-6,18.034874,0.0042201634,0.3033927,0.0017596335,0.036391906,0.0018717728,0.51810414,0.027087381,0.8070594,0.0068014995,0.044328615,0.007272025,0.1258031,0.015177235,null,null,null,null,"TWOGAUSSIANS",8,9.477537,0.3033927,0.0017596335,0.20379469,0.010481928,0.51810414,0.027087383,0.8070594,0.0068014995,0.24824023,0.040723342,0.1258031,0.015177241
375316653866487564,5864850002457528576,0.50828844,2212.9982225216254,2.403802001292964,1.2595711E-5,19.822268,0.010197809,0.2971552,0.003565278,0.076030016,0.005538927,0.4263996,0.02081419,0.7984507,0.005622576,0.07593447,0.005269067,0.42679882,0.04099673,null,null,null,null,"TWOGAUSSIANS",8,1.7171063,0.7984507,0.005622576,0.4,0.0,0.42309937,0.04142675,0.2971552,0.003565278,0.4,0.0,0.42270014,0.021389127
375316653866487564,5864850002459698816,0.46784914,2208.5075952224083,2.443302603917082,8.3908686E-5,19.867785,0.00782928,0.27747557,0.024042858,0.03724468,0.019544262,0.61752415,0.2541487,0.7811708,0.0050105955,0.061296325,0.0055484353,0.4364103,0.040041007,null,null,null,null,"TWOGAUSSIANS",8,9.037778,0.27747557,0.024042858,0.20857021,0.10944787,0.61752206,0.25415933,0.7811708,0.0050105955,0.34325942,0.031071238,0.43640825,0.040043697
375316653866487564,5864850032505240576,0.42917687,2240.0496653267405,0.42480678344539785,1.4220155E-4,17.47983,0.003709044,0.34970826,0.013760403,0.015483193,0.011534466,0.10429267,0.036295123,0.8434345,0.009549166,0.050830103,0.023539184,0.047341943,0.018721366,null,null,null,null,"TWOGAUSSIANS",8,4.799407,0.34970826,0.013760403,0.08670588,0.06459301,0.10429267,0.036295123,0.8434345,0.009549166,0.28464857,0.12992942,0.047341943,0.018721368
375316653866487564,5864850586666454784,0.5410818,2227.168130425527,2.703413117826933,1.2299961E-5,19.581177,0.009762238,0.20362501,0.0029294428,0.063099034,0.0036233887,0.59575313,0.030962495,0.7060941,0.0030165024,0.06570064,0.0030877937,0.5000113,0.028710634,null,null,null,null,"TWOGAUSSIANS",8,2.250236,0.20362501,0.0029294428,0.3533546,0.020290976,0.59521323,0.031114332,0.7060941,0.0030165024,0.3679236,0.017291645,0.49947146,0.02872183
375316653866487564,5864851819242649344,0.5275302,2238.0807985279607,3.4281672841015287,1.0813148E-5,18.366974,0.021155309,0.27451602,0.004850048,0.08955792,0.009946913,0.26223058,0.020231409,0.75778174,0.0043427763,0.09454294,0.011440398,0.28378642,0.016242981,null,null,null,null,"TWOGAUSSIANS",8,5.4532933,0.75778174,0.0043427763,0.4,0.0,0.27315772,0.012111105,0.27451602,0.004850048,0.4,0.0,0.25160244,0.013697783
375316653866487564,5864851961055779456,0.44462922,2206.0657696945104,0.44443046026377964,4.1820833E-5,15.858315,0.0040644784,0.29504368,0.011999695,0.059366956,0.010687268,0.13101934,0.015313083,0.77697533,0.032199,0.049069572,0.022548497,0.054944158,0.013896383,null,null,null,null,"TWOGAUSSIANS",8,66.72059,0.29504368,0.011999695,0.33245495,0.059848703,0.13101739,0.015317199,0.77697533,0.032199,0.2747896,0.12627158,0.054942217,0.013893297
375316653866487564,5864852029775268864,0.48164365,2230.562370304669,1.690472225648208,1.7312414E-5,17.345179,0.0039515025,0.43730938,0.0038607894,0.0762133,0.0029394275,0.36072564,0.022574903,0.75966537,0.006661795,0.022625955,0.007973592,0.037771285,0.016685328,null,null,null,null,"TWOGAUSSIANS",8,17.521069,0.43730938,0.0038607894,0.4,0.0,0.36072564,0.022574903,0.75966537,0.006661795,0.12670535,0.044652116,0.03781832,0.016681973
