Gaia/vari_eclipsing_binary/VariEclipsingBinary_747584-748817.csv
# %ECSV 1.0
# ---
# delimiter: ','
# meta: !!omap
# - RELEASE: Gaia DR3
# - TABLE: vari_eclipsing_binary
# - DESCRIPTION: >
#     This table describes the properties of the eclipsing binaries resulting from the variability analysis. 
# - CITATION: >
#     How to cite and acknowledge Gaia: 
#     https://gea.esac.esa.int/archive/documentation/credits.html 
# - KNOWN_ISSUES: >
#     Known issues: 
#     https://www.cosmos.esa.int/web/gaia-users/known-issues 
# - DOCUMENTATION: >
#     Tutorials and documentation: 
#     https://www.cosmos.esa.int/web/gaia-users/archive 
# datatype:
# - 
#   name: solution_id
#   datatype: int64
#   description: Solution Identifier
#   meta:
#     ucd: meta.version
# - 
#   name: source_id
#   datatype: int64
#   description: Unique source identifier
#   meta:
#     ucd: meta.id;meta.main
# - 
#   name: global_ranking
#   datatype: float32
#   description: Number between 0 (worst) and 1 (best)
#   meta:
#     ucd: stat.param
# - 
#   name: reference_time
#   datatype: float64
#   unit: d
#   description: Reference time used for the geometric model fit
#   meta:
#     ucd: time.epoch
# - 
#   name: frequency
#   datatype: float64
#   unit: d**-1
#   description: Frequency of geometric model of the eclipsing binary light curve
#   meta:
#     ucd: src.orbital
# - 
#   name: frequency_error
#   datatype: float32
#   unit: d**-1
#   description: "Uncertainty of \\texttt{frequency}"
#   meta:
#     ucd: stat.error
# - 
#   name: geom_model_reference_level
#   datatype: float32
#   unit: mag
#   description: Magnitude reference level of geometric model
#   meta:
#     ucd: phot.mag;em.opt
# - 
#   name: geom_model_reference_level_error
#   datatype: float32
#   unit: mag
#   description: "Uncertainty of \\texttt{geomModelReferenceLevel}"
#   meta:
#     ucd: stat.error;phot.mag;em.opt
# - 
#   name: geom_model_gaussian1_phase
#   datatype: float32
#   description: Phase of the Gaussian 1 component
#   meta:
#     ucd: time.phase
# - 
#   name: geom_model_gaussian1_phase_error
#   datatype: float32
#   description: "Uncertainty of \\texttt{geomModelGaussian1Phase}"
#   meta:
#     ucd: stat.error;time.phase
# - 
#   name: geom_model_gaussian1_sigma
#   datatype: float32
#   description: "Standard deviation [phase] of Gaussian 1 component"
#   meta:
#     ucd: stat.stdev
# - 
#   name: geom_model_gaussian1_sigma_error
#   datatype: float32
#   description: "Uncertainty of \\texttt{geomModelGaussian1Sigma}"
#   meta:
#     ucd: stat.error
# - 
#   name: geom_model_gaussian1_depth
#   datatype: float32
#   unit: mag
#   description: Magnitude depth of Gaussian 1 component
#   meta:
#     ucd: src.var.amplitude
# - 
#   name: geom_model_gaussian1_depth_error
#   datatype: float32
#   unit: mag
#   description: "Uncertainty of \\texttt{geomModelGaussian1Depth}"
#   meta:
#     ucd: stat.error;src.var.amplitude
# - 
#   name: geom_model_gaussian2_phase
#   datatype: float32
#   description: Phase of Gaussian 2 component
#   meta:
#     ucd: time.phase
# - 
#   name: geom_model_gaussian2_phase_error
#   datatype: float32
#   description: "Uncertainty of \\texttt{geomModelGaussian2Phase}"
#   meta:
#     ucd: stat.error;time.phase
# - 
#   name: geom_model_gaussian2_sigma
#   datatype: float32
[...]
#   datatype: float32
#   description: "Secondary eclipse: uncertainty of \\texttt{derivedSecondaryEclDuration}"
#   meta:
#     ucd: stat.error;time.duration
# - 
#   name: derived_secondary_ecl_depth
#   datatype: float32
#   unit: mag
#   description: "Secondary eclipse: depth"
#   meta:
#     ucd: src.var.amplitude
# - 
#   name: derived_secondary_ecl_depth_error
#   datatype: float32
#   unit: mag
#   description: "Secondary eclipse: uncertainty of \\texttt{derivedSecondaryEclDepth}"
#   meta:
#     ucd: stat.error;src.var.amplitude
solution_id,source_id,global_ranking,reference_time,frequency,frequency_error,geom_model_reference_level,geom_model_reference_level_error,geom_model_gaussian1_phase,geom_model_gaussian1_phase_error,geom_model_gaussian1_sigma,geom_model_gaussian1_sigma_error,geom_model_gaussian1_depth,geom_model_gaussian1_depth_error,geom_model_gaussian2_phase,geom_model_gaussian2_phase_error,geom_model_gaussian2_sigma,geom_model_gaussian2_sigma_error,geom_model_gaussian2_depth,geom_model_gaussian2_depth_error,geom_model_cosine_half_period_amplitude,geom_model_cosine_half_period_amplitude_error,geom_model_cosine_half_period_phase,geom_model_cosine_half_period_phase_error,model_type,num_model_parameters,reduced_chi2,derived_primary_ecl_phase,derived_primary_ecl_phase_error,derived_primary_ecl_duration,derived_primary_ecl_duration_error,derived_primary_ecl_depth,derived_primary_ecl_depth_error,derived_secondary_ecl_phase,derived_secondary_ecl_phase_error,derived_secondary_ecl_duration,derived_secondary_ecl_duration_error,derived_secondary_ecl_depth,derived_secondary_ecl_depth_error
[from data line 286]
375316653866487564,6584643090535315200,0.62086093,2237.5113598451685,4.036838593372421,8.371844E-6,14.776284,0.0044413274,0.17984621,0.0025418291,0.05021386,0.00645307,0.13456,0.007867518,0.69029737,0.0027290501,0.06464036,0.01054327,0.032985475,0.009999736,0.02423677,0.005316931,0.69029737,0.0027290501,"TWOGAUSSIANS_WITH_ELLIPSOIDAL_ON_ECLIPSE2",9,7.153922,0.18054621,0.00228677,0.2811976,0.036137193,0.18281972,0.014305252,0.69029737,0.0027290501,0.361986,0.059042312,0.081439994,0.0028051941
375316653866487564,6584692843436624896,0.41499576,2234.2750096275586,0.903313022562379,3.5981793E-5,18.723742,0.0049299165,null,null,null,null,null,null,null,null,null,null,null,null,0.045656145,0.008889359,0.24271338,0.008879341,"ELLIPSOIDAL",4,6.6812534,null,null,null,null,null,null,null,null,null,null,null,null
375316653866487564,6584728749363358464,0.5332996,2255.4107900495264,0.39020533670731067,9.01816E-5,12.926078,0.0012528137,0.400396,3.859435E-5,0.01259508,1.2589472E-4,0.273469,0.001283222,0.68282497,0.018483035,0.03218449,0.014283035,0.012716397,0.002823773,null,null,null,null,"TWOGAUSSIANS",8,71.05367,0.400396,3.859435E-5,0.07053244,7.0501043E-4,0.273469,0.001283222,0.68282497,0.018483035,0.18023315,0.07998499,0.012716397,0.002823773
375316653866487564,6584767124894777984,0.5605721,2233.147572440317,3.767091386244879,7.1766526E-6,18.806896,0.008749595,0.2894262,0.001685675,0.0767364,0.0032199002,0.34389618,0.011400066,0.7865356,0.0020271968,0.07527799,0.003913085,0.3390716,0.009838455,null,null,null,null,"TWOGAUSSIANS",8,2.2634056,0.2894262,0.001685675,0.4,0.0,0.34102544,0.0111498805,0.7865356,0.0020271968,0.4,0.0,0.33620086,0.009605214
375316653866487564,6584826743337579648,0.6022431,2228.466025276788,1.6079718945913035,4.12826E-6,14.938287,0.0049122153,0.25053197,0.002034477,0.1084825,0.0046182727,0.13897973,0.0047930516,0.7448103,0.0017783884,0.08101502,0.0022735593,0.31412175,0.0086737815,null,null,null,null,"TWOGAUSSIANS",8,17.528706,0.7448103,0.0017783884,0.4,0.0,0.30331716,0.008402249,0.25053197,0.002034477,0.4,0.0,0.1281682,0.0032035785
375316653866487564,6584913570396498176,0.51579285,2255.096472425138,1.714202217354745,8.835514E-6,14.299091,0.023799289,0.24296303,0.0022909746,0.18362246,0.011411938,0.3465768,0.027395433,0.7434098,0.0020850964,0.20718984,0.013612834,0.36969805,0.021510907,null,null,null,null,"TWOGAUSSIANS",8,10.814976,0.24261303,0.0026017416,0.4,0.0,0.07094863,0.0013381814,0.7436798,0.0020740083,0.4,0.0,0.07088466,0.0012673237
375316653866487564,6584980773747642368,0.5508264,2160.946701045267,4.772604995583647,5.9773865E-6,18.100077,0.008429134,0.21398492,0.0028374917,0.041891005,0.008092132,0.1567595,0.021135446,0.71560335,0.004044128,0.0472504,0.004167425,0.17618023,0.023527615,0.08056396,0.010738327,0.21398492,0.0028374917,"TWOGAUSSIANS_WITH_ELLIPSOIDAL_ON_ECLIPSE1",9,5.3825884,0.71560335,0.004017346,0.26460224,0.02333758,0.3372913,0.0135796275,0.21398492,0.0028374917,0.23458962,0.045315944,0.31788725,0.024137512
375316653866487564,6585000736756159488,0.57362795,2210.0140229335293,3.3245297369132754,5.579238E-6,19.013256,0.007675798,0.27344936,0.0041972403,0.07014417,0.005879908,0.23351374,0.013284158,0.7818101,0.0012843967,0.06674797,0.0027021738,0.44856256,0.01003647,null,null,null,null,"TWOGAUSSIANS",8,2.0462263,0.7818101,0.0012843967,0.37378863,0.015132173,0.44791564,0.010012313,0.27344936,0.0041972403,0.39280733,0.027753968,0.23286682,0.0133411195
375316653866487564,6585073274460816896,0.46095833,2244.167898995719,2.1012014245172064,1.8608762E-5,19.411516,0.01159731,0.33644834,0.01906172,0.10135147,0.018829029,0.08472922,0.015252425,0.8325444,0.0051335874,0.067588456,0.0069875116,0.25031167,0.018176172,null,null,null,null,"TWOGAUSSIANS",8,2.1509123,0.8325444,0.0051335874,0.37849534,0.039130066,0.24741107,0.017561479,0.33644834,0.01906172,0.4,0.0,0.081827715,0.013340303
375316653866487564,6585085953203947136,0.6078139,2280.7735838640315,3.91629942838021,5.7623374E-6,18.601757,0.01070919,0.24357268,0.0033674852,0.047826976,0.0059901946,0.32966012,0.026851699,0.7465091,0.0030004594,0.04695683,0.0044118054,0.34632337,0.033227134,0.113462165,0.015275047,0.24357268,0.0033674852,"TWOGAUSSIANS_WITH_ELLIPSOIDAL_ON_ECLIPSE1",9,2.5751557,0.7465091,0.0030004594,0.26295823,0.024706108,0.5731698,0.033303965,0.24357268,0.0033674852,0.26783106,0.03354509,0.5565838,0.014114436
375316653866487564,6585104262648199424,0.43919927,2293.869036264276,0.04250963255911998,4.945655E-5,19.37126,0.005768854,0.23173094,0.012855651,0.053572144,0.016998062,0.1829012,0.076058716,0.48545787,0.002645619,0.037563596,0.0062715667,0.7531185,0.47248012,null,null,null,null,"TWOGAUSSIANS",8,3.8279183,0.48545787,0.002645619,0.21035615,0.035120774,0.753121,0.4724848,0.23173094,0.012855651,0.300004,0.09518915,0.1829012,0.076058716
375316653866487564,6585114776727238912,0.63116115,2235.189954201393,3.6527007276475416,3.9551924E-6,18.084444,0.016253876,0.22983617,0.0019113537,0.050031535,0.005344072,0.38143086,0.032806646,0.7239118,0.0010801904,0.047785312,0.0041823736,0.37892509,0.03423583,0.09482958,0.02065568,0.22983617,0.0019113537,"TWOGAUSSIANS_WITH_ELLIPSOIDAL_ON_ECLIPSE1",9,4.5322695,0.22983617,0.0019113537,0.2801766,0.029926803,0.5710882,0.015912523,0.72440183,9.3809224E-4,0.26759776,0.023421293,0.56834143,0.010241768
375316653866487564,6585137321011018112,0.53633827,2211.3348496163644,2.1233597369484554,4.0157042E-6,17.608912,0.0049545947,0.2711152,6.925714E-4,0.028192421,9.4405457E-4,0.4145063,0.013020812,0.76971,0.0019992806,0.028677307,0.0024294583,0.22036949,0.00943058,0.017342005,0.006576005,0.2711152,6.925714E-4,"TWOGAUSSIANS_WITH_ELLIPSOIDAL_ON_ECLIPSE1",9,15.458832,0.2711152,6.925714E-4,0.15787756,0.0052867057,0.4491903,0.009544441,0.76972,0.001983026,0.16059291,0.013604967,0.2550508,0.006971016
375316653866487564,6585160543898896384,0.44652516,2191.7550503975217,0.9530478044530142,2.1649754E-5,19.015688,0.005032123,0.22737388,0.009108971,0.06424976,0.010444395,0.13743208,0.01921283,0.7410267,0.0055137295,0.067484505,0.009204948,0.14213865,0.02253931,null,null,null,null,"TWOGAUSSIANS",8,1.4778041,0.7410267,0.0055137295,0.3779132,0.05026137,0.14199895,0.02266993,0.22737388,0.009108971,0.35979867,0.058488615,0.13729237,0.019293506
375316653866487564,6585179029438528256,0.58514845,2243.0609981991206,4.139683747328931,6.665552E-6,17.874098,0.016925618,0.27201185,0.0023563262,0.055537064,0.0060770093,0.25023407,0.036717873,0.7622768,0.0030571013,0.05263804,0.0055587697,0.31050903,0.03526702,0.1009945,0.021014605,0.27201185,0.0023563262,"TWOGAUSSIANS_WITH_ELLIPSOIDAL_ON_ECLIPSE1",9,7.255534,0.7634868,0.0025585126,0.294773,0.031129109,0.51182544,0.018828385,0.27201185,0.0023563262,0.31100756,0.034031253,0.4522115,0.012677688
375316653866487564,6585226033560799360,0.5093225,2227.1594167256726,2.3631676564305155,1.5497104E-5,19.551737,0.004804611,0.2712644,0.010487501,0.03087492,0.005338266,0.21804887,0.047013465,0.7771228,0.001910691,0.027629621,0.0017395434,0.38070822,0.011208697,null,null,null,null,"TWOGAUSSIANS",8,1.7973226,0.7771228,0.001910691,0.15472588,0.009741443,0.38070822,0.011208697,0.2712644,0.010487501,0.17289954,0.02989429,0.21804887,0.047013465
375316653866487564,6585259813479311104,0.5553548,2322.5584000504246,4.178154696970766,1.04298915E-5,13.6010275,0.009729982,0.27469096,0.0027336602,0.12747502,0.014766793,0.06528417,0.009030083,0.7599545,0.00213158,0.115348846,0.011606778,0.058943264,0.00946307,null,null,null,null,"TWOGAUSSIANS",8,9.011515,0.27474096,0.0027173168,0.4,0.0,0.05215926,0.0015808808,0.7599545,0.00213158,0.4,0.0,0.045872465,0.0012307263
375316653866487564,6585295169650564224,0.43124318,2271.3686992093217,1.638697511329163,3.483311E-5,16.315836,0.008112385,0.3535518,0.0044831233,0.04347902,0.013113906,0.09950753,0.049503617,0.81880486,0.027389422,0.035744462,0.027557047,0.07996364,0.022474844,0.015762988,0.009646449,0.3535518,0.0044831233,"TWOGAUSSIANS_WITH_ELLIPSOIDAL_ON_ECLIPSE1",9,59.151024,0.3535518,0.0044831233,0.24348253,0.07343787,0.1310335,0.049801923,0.8200948,0.025467448,0.20016898,0.15431947,0.11006478,0.025317349
375316653866487564,6585304545562735104,0.57533205,2286.880278058347,2.1210254876380965,1.0209147E-5,15.827391,0.09976094,0.2774121,0.0034446672,0.13678527,0.045804158,0.12841041,0.09748206,0.76790816,0.0034147613,0.12115902,0.03065596,0.17987964,0.087756924,null,null,null,null,"TWOGAUSSIANS",8,5.331438,0.76790816,0.0034147613,0.4,0.0,0.1378964,0.0062039965,0.2775221,0.002887963,0.4,0.0,0.086171,0.002091184
375316653866487564,6585349694259399808,0.45300388,2270.5820811783256,2.946332278989661,4.7062476E-5,19.193188,0.025420247,0.26022765,0.018964551,0.11029231,0.030616106,0.13165773,0.025398286,0.7137466,0.00957391,0.11124739,0.016622696,0.19364762,0.025217202,null,null,null,null,"TWOGAUSSIANS",8,4.4851756,0.7137466,0.00957391,0.4,0.0,0.17847763,0.01189699,0.26038766,0.01895389,0.4,0.0,0.11650799,0.02014548
375316653866487564,6585373505557339136,0.590151,2263.578216759808,1.4556944513457557,6.451859E-6,12.048566,0.010033833,0.2469505,0.0017768091,0.04375103,0.002558354,0.54007167,0.025996765,0.7396664,0.020254645,0.04432068,0.015656553,0.077742115,0.041307952,0.016317155,0.012235858,0.2469505,0.0017768091,"TWOGAUSSIANS_WITH_ELLIPSOIDAL_ON_ECLIPSE1",9,312.6386,0.2469505,0.0017768091,0.24500577,0.014326783,0.5727059,0.021916099,0.7401064,0.019707689,0.24819581,0.087676704,0.11031223,0.030649457
375316653866487564,6585385982438740480,0.4750499,2310.5747684928733,4.050777680986186,1.3960381E-5,17.432014,0.0027432498,null,null,null,null,null,null,null,null,null,null,null,null,0.058107782,0.0039353706,0.29460785,0.0056576817,"ELLIPSOIDAL",4,13.130692,null,null,null,null,null,null,null,null,null,null,null,null
375316653866487564,6585490710921523584,0.55350024,2184.096046745494,1.647007136258213,6.4680767E-6,12.633759,0.014070452,0.2983856,0.0024040004,0.13237385,0.016852017,0.07816798,0.013746207,0.8073651,0.004067421,0.096124485,0.012889434,0.09881381,0.01139281,null,null,null,null,"TWOGAUSSIANS",8,21.898954,0.8074451,0.0040238965,0.4,0.0,0.08481797,0.0036501973,0.2983856,0.0024016376,0.4,0.0,0.064043835,0.002292802
375316653866487564,6585502530671491456,0.5406363,2186.5342548438016,1.8508561032332342,8.784979E-6,14.874909,0.012505839,0.27523023,0.0039761183,0.039498463,0.0042505558,0.3453301,0.033628542,0.7678265,0.019607658,0.05591178,0.03884483,0.1365315,0.14625454,0.021862222,0.017497486,0.27523023,0.0039761183,"TWOGAUSSIANS_WITH_ELLIPSOIDAL_ON_ECLIPSE1",9,224.12756,0.27523023,0.0039761183,0.22119139,0.023803113,0.389051,0.015799522,0.7683665,0.019026041,0.31310597,0.21753106,0.18016475,0.16679841
375316653866487564,6585586334073720320,0.5866141,2251.5951625336716,3.2180304784772957,7.663439E-6,16.68388,0.0063420516,0.25597677,0.0022960308,0.045436457,0.0053328625,0.12904854,0.015209188,0.7437038,0.0050985203,0.049893025,0.005816243,0.20449768,0.01716731,0.09221976,0.009420922,0.25597677,0.0022960308,"TWOGAUSSIANS_WITH_ELLIPSOIDAL_ON_ECLIPSE1",9,13.114835,0.7455438,0.004264244,0.27940094,0.032570962,0.38800654,0.012472438,0.25597677,0.0022960308,0.25444415,0.02986403,0.31348783,0.005334234
375316653866487564,6585685049601432448,0.51462024,2184.350336524854,0.20891789440657949,1.954351E-5,16.993813,0.0015854487,0.16979939,0.0011687215,0.0043056435,0.001939926,0.5153382,23.301773,0.49575832,0.010684926,0.06018912,0.019281453,0.021668129,0.004615129,null,null,null,null,"TWOGAUSSIANS",8,4.2009583,0.16979939,0.0011687215,0.024111602,0.010863585,0.5153382,23.301773,0.49575832,0.010684926,0.33705908,0.10797614,0.021668129,0.004615129
375316653866487564,6585688554295237376,0.5524548,2122.0012633353876,2.370913478509297,1.0194203E-4,15.483991,0.035598837,0.3094458,0.012176836,0.066422954,0.031109955,0.62987274,0.1984577,0.76756525,0.018111156,0.06901731,0.04924227,1.1922989,82.74863,null,null,null,null,"TWOGAUSSIANS",8,30.237219,0.76756525,0.018111156,0.38649696,0.27479747,1.1917179,82.749695,0.3094458,0.012176836,0.37196857,0.062117662,0.62929165,0.20499252
375316653866487564,6585858497561983616,0.47814846,2176.1643327509864,3.019799654722246,2.9942299E-5,13.984476,0.3165584,0.23342553,0.0079061,0.12178086,0.08724345,0.11800239,0.27955148,0.72839814,0.010528142,0.12189249,0.11533325,0.10368483,0.30002668,null,null,null,null,"TWOGAUSSIANS",8,162.93947,0.23345552,0.007665752,0.4,0.0,0.09223924,0.004795419,0.72839814,0.010528142,0.4,0.0,0.0779273,0.0077027665
375316653866487564,6585996413254281344,0.51807344,2285.8806535099507,2.9753763118174836,1.5861453E-5,19.862196,0.0045964136,0.29472414,0.004196661,0.031014308,0.0029638575,0.7423727,0.11263761,0.7916893,0.031831782,0.028931007,0.020364443,0.48599643,0.98656183,null,null,null,null,"TWOGAUSSIANS",8,1.4925575,0.29472414,0.004196661,0.17368013,0.016597603,0.7423727,0.11263761,0.7916893,0.031831782,0.16201364,0.114040874,0.48599643,0.98656183
375316653866487564,6586010986081095424,0.56621236,2199.128800920823,2.80540666809968,6.7116675E-6,14.555252,0.008775534,0.26613268,0.0017175182,0.09582944,0.0041286885,0.26954335,0.008188854,0.77330494,0.0016562812,0.10161563,0.004027811,0.26159877,0.008687179,null,null,null,null,"TWOGAUSSIANS",8,87.04095,0.26613268,0.0017175182,0.4,0.0,0.24995986,0.00553617,0.77330494,0.0016562812,0.4,0.0,0.2420129,0.0062795584
375316653866487564,6586086062109547008,0.64731956,2271.921404134243,3.1632468752507026,7.3734795E-6,16.557219,0.0051560625,0.25017533,8.6213235E-4,0.049805462,0.0025011138,0.29559252,0.011907138,0.7505097,0.0014806163,0.049988426,0.003285241,0.23348403,0.012004573,0.093483515,0.0075104344,0.25017533,8.6213235E-4,"TWOGAUSSIANS_WITH_ELLIPSOIDAL_ON_ECLIPSE1",9,8.938248,0.25017533,8.6213235E-4,0.27891058,0.0140062375,0.48255745,0.006124675,0.7505097,0.0014099022,0.27993518,0.01839735,0.42044812,0.006170133
375316653866487564,6586087333419901056,0.534063,2293.5194144197853,1.3634777155976223,9.72369E-6,14.831141,0.006760579,0.3125764,0.0151284905,0.021953957,0.0073512564,0.5038718,0.15690108,0.809756,6.5890397E-4,0.024760934,0.0013909058,0.6445941,0.05310885,0.00710718,0.010194951,0.3125764,0.0151284905,"TWOGAUSSIANS_WITH_ELLIPSOIDAL_ON_ECLIPSE1",9,710.863,0.809756,6.57356E-4,0.13866122,0.0077890726,0.658804,0.057559583,0.3125764,0.0151284905,0.122942165,0.041167036,0.51808614,0.15413819
375316653866487564,6586124854251341952,0.5355956,2275.547048209384,4.702819190138004,1.4165554E-5,18.16126,0.02799316,0.24709748,0.0053692427,0.10096887,0.011429239,0.32872397,0.026471019,0.7366529,0.0038028935,0.10092698,0.012337224,0.28585953,0.023652555,null,null,null,null,"TWOGAUSSIANS",8,6.028108,0.24709748,0.0053692427,0.4,0.0,0.3036466,0.0136741055,0.7366529,0.0038028935,0.4,0.0,0.26078263,0.016946066
375316653866487564,6586126675318561024,0.6448195,2261.7030134190054,2.3733365155220945,4.2912516E-6,11.881628,0.009980343,0.2796,0.0051252884,0.05249153,0.0055485587,0.33860987,0.032639265,0.78207076,9.902488E-4,0.048196036,0.0022468823,0.38773856,0.022944093,0.14114095,0.0127793215,0.78207076,9.902488E-4,"TWOGAUSSIANS_WITH_ELLIPSOIDAL_ON_ECLIPSE2",9,291.6008,0.78207076,9.902488E-4,0.26989782,0.012582541,0.6700149,0.00752116,0.27997997,0.0043108575,0.29395258,0.03107193,0.6208286,0.029424964
375316653866487564,6586163268439848064,0.42874637,2295.012621169901,4.201100036047061,6.2430416E-5,16.592012,0.0036187756,null,null,null,null,null,null,null,null,null,null,null,null,0.047800656,0.0042075594,0.24012572,0.0100168865,"ELLIPSOIDAL",4,53.865177,null,null,null,null,null,null,null,null,null,null,null,null
