Gaia/vari_eclipsing_binary/VariEclipsingBinary_608617-608672.csv
# %ECSV 1.0
# ---
# delimiter: ','
# meta: !!omap
# - RELEASE: Gaia DR3
# - TABLE: vari_eclipsing_binary
# - DESCRIPTION: >
#     This table describes the properties of the eclipsing binaries resulting from the variability analysis. 
# - CITATION: >
#     How to cite and acknowledge Gaia: 
#     https://gea.esac.esa.int/archive/documentation/credits.html 
# - KNOWN_ISSUES: >
#     Known issues: 
#     https://www.cosmos.esa.int/web/gaia-users/known-issues 
# - DOCUMENTATION: >
#     Tutorials and documentation: 
#     https://www.cosmos.esa.int/web/gaia-users/archive 
# datatype:
# - 
#   name: solution_id
#   datatype: int64
#   description: Solution Identifier
#   meta:
#     ucd: meta.version
# - 
#   name: source_id
#   datatype: int64
#   description: Unique source identifier
#   meta:
#     ucd: meta.id;meta.main
# - 
#   name: global_ranking
#   datatype: float32
#   description: Number between 0 (worst) and 1 (best)
#   meta:
#     ucd: stat.param
# - 
#   name: reference_time
#   datatype: float64
#   unit: d
#   description: Reference time used for the geometric model fit
#   meta:
#     ucd: time.epoch
# - 
#   name: frequency
#   datatype: float64
#   unit: d**-1
#   description: Frequency of geometric model of the eclipsing binary light curve
#   meta:
#     ucd: src.orbital
# - 
#   name: frequency_error
#   datatype: float32
#   unit: d**-1
#   description: "Uncertainty of \\texttt{frequency}"
#   meta:
#     ucd: stat.error
# - 
#   name: geom_model_reference_level
#   datatype: float32
#   unit: mag
#   description: Magnitude reference level of geometric model
#   meta:
#     ucd: phot.mag;em.opt
# - 
#   name: geom_model_reference_level_error
#   datatype: float32
#   unit: mag
#   description: "Uncertainty of \\texttt{geomModelReferenceLevel}"
#   meta:
#     ucd: stat.error;phot.mag;em.opt
# - 
#   name: geom_model_gaussian1_phase
#   datatype: float32
#   description: Phase of the Gaussian 1 component
#   meta:
#     ucd: time.phase
# - 
#   name: geom_model_gaussian1_phase_error
#   datatype: float32
#   description: "Uncertainty of \\texttt{geomModelGaussian1Phase}"
#   meta:
#     ucd: stat.error;time.phase
# - 
#   name: geom_model_gaussian1_sigma
#   datatype: float32
#   description: "Standard deviation [phase] of Gaussian 1 component"
#   meta:
#     ucd: stat.stdev
# - 
#   name: geom_model_gaussian1_sigma_error
#   datatype: float32
#   description: "Uncertainty of \\texttt{geomModelGaussian1Sigma}"
#   meta:
#     ucd: stat.error
# - 
#   name: geom_model_gaussian1_depth
#   datatype: float32
#   unit: mag
#   description: Magnitude depth of Gaussian 1 component
#   meta:
#     ucd: src.var.amplitude
# - 
#   name: geom_model_gaussian1_depth_error
#   datatype: float32
#   unit: mag
#   description: "Uncertainty of \\texttt{geomModelGaussian1Depth}"
#   meta:
#     ucd: stat.error;src.var.amplitude
# - 
#   name: geom_model_gaussian2_phase
#   datatype: float32
#   description: Phase of Gaussian 2 component
#   meta:
#     ucd: time.phase
# - 
#   name: geom_model_gaussian2_phase_error
#   datatype: float32
#   description: "Uncertainty of \\texttt{geomModelGaussian2Phase}"
#   meta:
#     ucd: stat.error;time.phase
# - 
#   name: geom_model_gaussian2_sigma
#   datatype: float32
[...]
#   datatype: float32
#   description: "Secondary eclipse: uncertainty of \\texttt{derivedSecondaryEclDuration}"
#   meta:
#     ucd: stat.error;time.duration
# - 
#   name: derived_secondary_ecl_depth
#   datatype: float32
#   unit: mag
#   description: "Secondary eclipse: depth"
#   meta:
#     ucd: src.var.amplitude
# - 
#   name: derived_secondary_ecl_depth_error
#   datatype: float32
#   unit: mag
#   description: "Secondary eclipse: uncertainty of \\texttt{derivedSecondaryEclDepth}"
#   meta:
#     ucd: stat.error;src.var.amplitude
solution_id,source_id,global_ranking,reference_time,frequency,frequency_error,geom_model_reference_level,geom_model_reference_level_error,geom_model_gaussian1_phase,geom_model_gaussian1_phase_error,geom_model_gaussian1_sigma,geom_model_gaussian1_sigma_error,geom_model_gaussian1_depth,geom_model_gaussian1_depth_error,geom_model_gaussian2_phase,geom_model_gaussian2_phase_error,geom_model_gaussian2_sigma,geom_model_gaussian2_sigma_error,geom_model_gaussian2_depth,geom_model_gaussian2_depth_error,geom_model_cosine_half_period_amplitude,geom_model_cosine_half_period_amplitude_error,geom_model_cosine_half_period_phase,geom_model_cosine_half_period_phase_error,model_type,num_model_parameters,reduced_chi2,derived_primary_ecl_phase,derived_primary_ecl_phase_error,derived_primary_ecl_duration,derived_primary_ecl_duration_error,derived_primary_ecl_depth,derived_primary_ecl_depth_error,derived_secondary_ecl_phase,derived_secondary_ecl_phase_error,derived_secondary_ecl_duration,derived_secondary_ecl_duration_error,derived_secondary_ecl_depth,derived_secondary_ecl_depth_error
[from data line 109]
375316653866487564,5353507448346882304,0.5591594,2292.177903642019,3.165053019870881,1.9313495E-5,19.696596,0.007849896,0.28389186,0.0036828606,0.071636185,0.0069625704,0.53259236,0.051026687,0.78018713,0.003519966,0.078462586,0.0047638086,0.5648926,0.019764567,null,null,null,null,"TWOGAUSSIANS",8,1.8903562,0.78018713,0.003519966,0.4,0.0,0.56095773,0.020383682,0.28389186,0.0036828606,0.4,0.028368626,0.5286575,0.052668743
375316653866487564,5353508135550322944,0.53035057,2228.6637886542485,1.293587146897437,6.216537E-6,16.00684,0.0033624624,0.028139763,0.03319205,0.047111474,0.02449261,0.022334455,0.008445212,0.62920696,0.002852991,0.061378665,0.0070304247,0.11160625,0.0100474795,0.03399271,0.0042699096,0.62920696,0.002852991,"TWOGAUSSIANS_WITH_ELLIPSOIDAL_ON_ECLIPSE2",9,27.470053,0.62920696,0.002852991,0.34372053,0.039370377,0.17956345,0.008409981,0.071039766,0.05394544,0.26382425,0.13715862,0.074027635,0.014186548
375316653866487564,5353508479147742720,0.60390633,2265.8064175515447,2.9671154463981706,4.459381E-6,17.281923,0.032557245,0.21538833,0.0012577588,0.058712304,0.006653676,0.36089766,0.06399228,0.7134857,0.0042044045,0.06755608,0.008182352,0.3512325,0.06495019,0.06242042,0.03528364,0.21538833,0.0012577588,"TWOGAUSSIANS_WITH_ELLIPSOIDAL_ON_ECLIPSE1",9,10.6347885,0.21538833,0.0012577588,0.3287889,0.037260585,0.48537153,0.010383507,0.7137057,0.003684854,0.37831408,0.043518864,0.47569057,0.014336154
375316653866487564,5353508715344182528,0.526571,2221.5358196482093,2.99287073155313,1.9999157E-5,18.541035,0.02500037,0.264836,0.0073494515,0.1066745,0.01832472,0.19563347,0.024154728,0.76756245,0.006114622,0.087526076,0.012893292,0.23801573,0.022045951,null,null,null,null,"TWOGAUSSIANS",8,3.5087602,0.76756245,0.0061155027,0.4,0.0,0.22315927,0.010483853,0.264836,0.0073494515,0.4,0.0,0.18077038,0.018460277
375316653866487564,5353509166333315712,0.581824,2225.4242047974003,0.3393235473595282,2.05753E-6,18.764566,0.0032286507,0.21001036,0.0022281704,0.012425325,0.0048640226,0.65510076,0.5610936,0.7096361,1.9712799E-4,0.013099481,2.0611587E-4,0.43745154,0.00555094,null,null,null,null,"TWOGAUSSIANS",8,2.001773,0.21001036,0.0022281704,0.06958182,0.027238527,0.65510076,0.5610936,0.7096361,1.9712799E-4,0.0733571,0.001154249,0.43745154,0.00555094
375316653866487564,5353509235061882624,0.5848088,2226.4523275284405,2.0234764951439432,8.0593245E-6,13.890687,0.011582026,0.280037,0.0041019213,0.048264608,0.0073857997,0.18833669,0.024271721,0.78796786,0.0033381465,0.052412257,0.01199798,0.13408169,0.020343823,0.13350508,0.014976909,0.78796786,0.0033381465,"TWOGAUSSIANS_WITH_ELLIPSOIDAL_ON_ECLIPSE2",9,109.95672,0.28167698,0.002909187,0.2702818,0.04136048,0.45481896,0.013048889,0.78796786,0.0033381465,0.29350862,0.06718869,0.4010896,0.020870022
375316653866487564,5353509338141107200,0.4249742,2255.6332045218505,0.10352089484486808,2.0825593E-5,18.428549,0.004333532,0.54616326,0.01146896,0.0962411,0.0102496,0.13835905,0.01242304,0.80331045,0.019647755,0.028034456,0.010840905,0.12525612,0.035011474,null,null,null,null,"TWOGAUSSIANS",8,4.459842,0.54616326,0.01146896,0.4,0.0,0.13835867,0.012423501,0.80331045,0.019647755,0.15699296,0.060709067,0.12915315,0.034023404
375316653866487564,5353509372500850432,0.6254328,2255.418196292002,3.5507581488731805,5.4401276E-6,17.668379,0.014837277,0.25515407,0.001554669,0.04818585,0.009741684,0.30020183,0.034290846,0.75236994,0.0018083702,0.04401504,0.0033018065,0.3692906,0.034897223,0.13457929,0.018916348,0.25515407,0.001554669,"TWOGAUSSIANS_WITH_ELLIPSOIDAL_ON_ECLIPSE1",9,5.585006,0.7526499,0.0015794112,0.2464842,0.018490117,0.6383744,0.016517023,0.25515407,0.001554669,0.26984078,0.054553434,0.5693597,0.052462693
375316653866487564,5353509471258211712,0.5555523,2256.157925620943,3.264657078643825,1.3580378E-5,18.46445,0.016188456,0.23121983,0.001676354,0.07450383,0.003367165,0.48483407,0.018386368,0.7289459,0.00337905,0.07652651,0.0052614124,0.60442775,0.021413052,null,null,null,null,"TWOGAUSSIANS",8,9.057391,0.7289459,0.00337905,0.4,0.0,0.6001297,0.021508744,0.23121983,0.001676354,0.4,0.0,0.48053604,0.017374577
375316653866487564,5353509475580074240,0.5816324,2254.2275158460216,0.6251683482364447,2.1957516E-5,16.511124,8.700689E-4,0.48717555,0.0032041953,0.033794787,0.0020751345,0.24282907,0.03607679,0.714379,0.0044012927,0.015996689,0.010409339,0.009832397,0.098347604,null,null,null,null,"TWOGAUSSIANS",8,2.5478425,0.48717555,0.0032041953,0.1892508,0.011620753,0.24282907,0.03607679,0.714379,0.0044012927,0.08958146,0.0582923,0.009832397,0.098347604
375316653866487564,5353509647380762240,0.50878906,2236.2629841573757,1.0188078358314496,3.0985357E-5,19.084541,0.0056230654,0.45116556,0.020843389,0.046954,0.02691694,0.023495382,0.009083885,0.6571377,0.038866945,0.033309855,0.028652744,0.54439914,1.5860544,null,null,null,null,"TWOGAUSSIANS",8,2.6978092,0.6571377,0.038866945,0.1865352,0.16045536,0.5444007,1.5861382,0.45116556,0.020843389,0.26294237,0.15073487,0.023495384,0.0090838885
375316653866487564,5353509990975918080,0.49713883,2224.009225402673,3.722533174727569,1.5504362E-5,18.911226,0.016233964,0.23741496,0.0032196161,0.08807829,0.00962583,0.2109849,0.018387605,0.73558146,0.0047456273,0.08966246,0.007524525,0.24556962,0.019230623,null,null,null,null,"TWOGAUSSIANS",8,3.0049102,0.73558146,0.0047456273,0.4,0.0,0.23710959,0.016127434,0.23741496,0.0032196161,0.4,0.0,0.2025249,0.017252075
375316653866487564,5353510158453823872,0.57781637,2244.410620299,0.6727990297216172,7.173463E-5,18.118542,0.0018369375,0.4856038,3.0208105E-4,0.0080842525,1.7315822E-4,0.42879438,0.009813249,0.8448203,0.02537241,0.01430726,0.01701673,0.47301918,3.29929274E12,null,null,null,null,"TWOGAUSSIANS",8,1.8756325,0.8448203,0.02537241,0.08012065,0.095293686,0.47301918,3.29929274E12,0.4856038,3.0208105E-4,0.045271818,9.6968596E-4,0.42879438,0.009813249
375316653866487564,5353510678161110272,0.55102533,2216.0122991083535,3.187488962264649,9.860125E-6,18.273815,0.007241297,0.32801852,0.0024579607,0.0898709,0.004207187,0.24804473,0.008529981,0.8299289,0.002723314,0.0971948,0.006073584,0.24955645,0.010908651,null,null,null,null,"TWOGAUSSIANS",8,1.9261369,0.8299289,0.002723314,0.4,0.0,0.2359628,0.013078864,0.32801852,0.0024579607,0.4,0.0,0.23445189,0.007409416
375316653866487564,5353510987398771328,0.51594687,2190.9838463001192,3.8786024947199786,1.00121746E-4,18.69046,0.0053212014,0.48882312,0.025419354,0.023810532,0.036529403,0.62702155,0.59506875,0.8540687,0.0064937957,0.019431889,0.019053621,0.31370273,0.2961324,null,null,null,null,"TWOGAUSSIANS",8,1.7184019,0.48882312,0.025419354,0.13333897,0.20456465,0.62702155,0.59506875,0.8540687,0.0064937957,0.108818576,0.106700286,0.31370273,0.2961324
375316653866487564,5353511395404412288,0.5642232,2225.7461834975966,1.91736008951273,9.417814E-6,18.392235,0.0106116235,0.2680736,0.00508672,0.090296514,0.009102586,0.4045645,0.019971743,0.7510712,0.002654877,0.07900986,0.0029485126,0.46220353,0.014840289,null,null,null,null,"TWOGAUSSIANS",8,4.0324426,0.7510712,0.002654877,0.4,0.0,0.4540981,0.012946914,0.2680736,0.00508672,0.4,0.0,0.3964588,0.022353897
375316653866487564,5353511674603468032,0.6257946,2234.4703745602537,0.7875737610910281,4.920951E-6,16.537249,0.002542988,0.2451999,0.0014819166,0.038020883,0.0022018873,0.46304953,0.019782012,0.74567676,0.0074049733,0.0371914,0.0049169688,0.05952074,0.006825718,0.014556661,0.0038661943,0.2451999,0.0014819166,"TWOGAUSSIANS_WITH_ELLIPSOIDAL_ON_ECLIPSE1",9,5.924878,0.2451999,0.0014819166,0.21291694,0.012330569,0.4921628,0.021842523,0.74567676,0.0072113364,0.20827183,0.027535025,0.08863375,0.005154725
375316653866487564,5353512739755012480,0.6238561,2241.2389264129374,2.131896066959462,3.6078118E-6,17.775427,0.0030801862,0.21369572,0.0015601412,0.089155,0.0026038766,0.27387044,0.0045200335,0.7133606,0.0010883476,0.07395113,0.0013796807,0.32085675,0.0054393667,null,null,null,null,"TWOGAUSSIANS",8,1.1807325,0.7133606,0.0010883476,0.4,0.0,0.3155624,0.0053334124,0.21369572,0.0015601412,0.4,0.0,0.26857603,0.004708981
375316653866487564,5353513839257726336,0.5115155,2209.0561841509134,2.225773156528596,2.2919073E-6,16.052328,0.012081225,0.2812612,0.0013311354,0.030745922,0.0024143266,0.6871714,0.027323408,null,null,null,null,null,null,0.04947776,0.01888176,0.2812612,0.0013311354,"ONEGAUSSIAN_WITH_ELLIPSOIDAL",6,326.24173,0.2812612,0.0013311354,0.17217717,0.013520229,0.78612673,0.034802683,null,null,null,null,null,null
375316653866487564,5353514041108875136,0.46228966,2204.470009085556,2.8261744175913464,2.7384043E-5,19.232029,0.020398716,0.25115356,0.01001967,0.09274541,0.013158496,0.20881532,0.026487539,0.74380285,0.005781937,0.09938426,0.014506825,0.21468304,0.019295702,null,null,null,null,"TWOGAUSSIANS",8,2.0306473,0.74380285,0.005781937,0.4,0.0,0.20172444,0.01888493,0.25115356,0.01001967,0.4,0.0,0.19585796,0.021291032
375316653866487564,5353514453425017344,0.5714361,2222.0284296867094,2.0150982160234525,2.1161397E-5,17.23587,0.011241646,0.24455366,0.002185665,0.054519035,0.0030700774,0.45025116,0.029128347,0.8084288,0.018824646,0.016580885,0.015605983,0.06369986,0.02701246,0.08481813,0.018145943,0.24455366,0.002185665,"TWOGAUSSIANS_WITH_ELLIPSOIDAL_ON_ECLIPSE1",9,18.217089,0.24455366,0.002185665,0.3053066,0.017192435,0.61987513,0.013598481,0.8084288,0.018824646,0.09285296,0.08739351,0.2074358,0.016582625
375316653866487564,5353515041848011008,0.512333,2207.395097181539,3.0082785163692174,1.5237643E-5,19.624025,0.018666545,0.2381794,0.0055765463,0.08937236,0.009094135,0.34160063,0.021694548,0.72817796,0.008557997,0.071795605,0.012311427,0.40061948,0.052242886,null,null,null,null,"TWOGAUSSIANS",8,2.9774423,0.72817796,0.008557997,0.4,0.038814466,0.39574906,0.052857466,0.2381794,0.0055765463,0.4,0.0,0.3367301,0.020425934
375316653866487564,5353515729027405312,0.5023631,2206.1824204464383,3.6505483587729906,2.2668777E-5,19.878305,0.016844317,0.21065804,0.010213819,0.07640275,0.010760718,0.3696576,0.025184741,0.7194556,0.0064086705,0.077374734,0.006327623,0.35793614,0.041288164,null,null,null,null,"TWOGAUSSIANS",8,2.8519757,0.21065804,0.010213819,0.4,0.007161963,0.36660495,0.023783838,0.7194556,0.0064086705,0.4,0.0,0.3548835,0.041030135
375316653866487564,5353516931633706112,0.517437,2219.4031235811126,0.39551703989799547,6.702374E-5,12.239264,8.3806977E-4,0.28746608,0.01085176,0.039198406,0.006408809,0.09070259,0.01842022,0.7686216,0.007327123,0.06720224,0.00799718,0.017127294,9.5025555E-4,null,null,null,null,"TWOGAUSSIANS",8,37.195885,0.28746608,0.01085176,0.21951106,0.03588933,0.09070218,0.01842046,0.7686216,0.007327123,0.37633255,0.04478421,0.017126884,9.495722E-4
375316653866487564,5353517859351208064,0.46012524,2212.7628810389438,1.9741792184536209,2.5396146E-5,19.009697,0.104428306,0.21730952,0.014149633,0.13505346,0.088664755,0.137781,0.09064938,0.70593506,0.0046718544,0.09361752,0.014408891,0.3495913,0.08471676,null,null,null,null,"TWOGAUSSIANS",8,6.7202935,0.70593506,0.0046718544,0.4,0.0,0.31885523,0.012233782,0.21730952,0.014158788,0.4,0.0,0.106741294,0.022138262
375316653866487564,5353518473514483584,0.47883537,2219.603698684305,0.28889552386796474,2.254305E-5,18.145395,0.0054120696,0.28499967,0.015926497,0.049680144,0.011971703,0.07850672,0.01209832,0.84554493,0.014363923,0.046501536,0.017936269,0.3745457,0.23238386,null,null,null,null,"TWOGAUSSIANS",8,4.0422144,0.84554493,0.014363923,0.2604086,0.10044311,0.37454566,0.2323857,0.28499967,0.015926497,0.2782088,0.06704154,0.07850671,0.012097916
375316653866487564,5353521673260513152,0.5111807,2227.1180629682235,1.0035932367352578,2.0856978E-5,19.507793,0.010605413,0.15851498,0.006364542,0.022796975,0.0039292974,0.24467511,0.026387034,0.654663,0.0056373584,0.02121145,0.0023583665,0.750842,0.15417156,null,null,null,null,"TWOGAUSSIANS",8,5.387933,0.654663,0.0056373584,0.11878412,0.013206853,0.750842,0.15417156,0.15851498,0.006364542,0.12766306,0.022004064,0.24467511,0.026387034
375316653866487564,5353522046927491072,0.5763742,2224.059207311865,2.743159419658886,5.579878E-6,17.618341,0.010298234,0.2938106,0.0016883197,0.09367872,0.003678356,0.43741176,0.011598333,0.7962834,0.0032137833,0.08913163,0.005014125,0.42840824,0.01755018,null,null,null,null,"TWOGAUSSIANS",8,9.065788,0.2938106,0.0016883197,0.4,0.0,0.41760233,0.010945954,0.7962834,0.0032137833,0.4,0.0,0.40859923,0.019266315
375316653866487564,5353522394832233856,0.47065076,2200.9345468152874,0.1799719820819572,4.3597825E-5,16.960445,0.0011191923,0.21440323,2.4862416E-5,0.007693002,1.14438466E-4,0.09213359,6.9354754E-4,0.71367085,0.007838395,0.02969905,0.014444675,0.020514442,0.006733199,null,null,null,null,"TWOGAUSSIANS",8,2.4882405,0.21440323,2.4862416E-5,0.04308081,6.408554E-4,0.09213359,6.9354754E-4,0.71367085,0.007838395,0.16631468,0.08089018,0.020514442,0.006733199
375316653866487564,5353523528686643584,0.5300223,2211.9161976740397,4.350100499322471,2.4374805E-5,19.536188,0.014395894,0.25751674,0.0043535484,0.06888889,0.0041285036,0.5174007,0.018726597,0.7470731,0.008891983,0.070654415,0.011855333,0.62813,0.2063318,null,null,null,null,"TWOGAUSSIANS",8,3.2809384,0.7470731,0.008891983,0.39566472,0.065758,0.6267116,0.20739448,0.25751674,0.0043535484,0.38577774,0.023119621,0.5159823,0.018236667
375316653866487564,5353524937436750336,0.49677333,2190.9817776476116,0.663529130073175,3.972254E-5,17.129244,0.0035197523,0.9109222,0.0064537274,0.021054452,0.0030730355,0.34225976,0.18547733,null,null,null,null,null,null,0.019550743,0.0064860326,0.9109222,0.0064537274,"ONEGAUSSIAN_WITH_ELLIPSOIDAL",6,18.70308,0.9109222,0.0064537274,0.11790493,0.017208999,0.38136116,0.18485196,null,null,null,null,null,null
375316653866487564,5353525830789821440,0.4397368,2201.981451308803,3.028106969725174,1.7094888E-5,18.714472,0.005369286,0.28207132,0.006883011,0.040828787,0.013274195,0.08853567,0.07675127,null,null,null,null,null,null,0.06940837,0.009213467,0.28207132,0.006883011,"ONEGAUSSIAN_WITH_ELLIPSOIDAL",6,7.6183915,0.28207132,0.006883011,0.22864121,0.07433549,0.22735241,0.073574126,null,null,null,null,null,null
375316653866487564,5353525929578275200,0.47383887,2198.520246937028,0.9818614780887501,1.7396249E-5,18.921206,0.010218606,0.26987585,0.002319399,0.020503504,0.010896936,1.1853875,37.16117,0.778283,0.0025694498,0.029953802,0.004999141,0.44517338,0.08139574,null,null,null,null,"TWOGAUSSIANS",8,11.540369,0.26987585,0.002319399,0.11481962,0.06102284,1.1853875,37.16117,0.778283,0.0025694498,0.1677413,0.02799519,0.44517338,0.08139574
375316653866487564,5353526307535830144,0.49398473,2208.8426422216376,2.5696070384039733,2.1333333E-5,17.644289,0.02576715,0.2130949,0.014349345,0.09028844,0.021338137,0.21149142,0.02830115,0.6919988,0.0041528656,0.0983289,0.012713304,0.22507109,0.021861188,null,null,null,null,"TWOGAUSSIANS",8,12.771142,0.6919988,0.0041528656,0.4,0.0,0.21546344,0.011551304,0.2130949,0.014367139,0.4,0.0,0.20188537,0.021457644
375316653866487564,5353527888083027584,0.5756159,2212.2954335109594,1.9500226030899674,8.193551E-6,18.07524,0.011848859,0.2790951,0.0019836659,0.09015466,0.0039894353,0.35021296,0.012282252,0.7738573,0.00539303,0.10402265,0.00700602,0.2653185,0.015881352,null,null,null,null,"TWOGAUSSIANS",8,3.2713172,0.2790951,0.0019836659,0.4,0.0,0.329898,0.0091691455,0.7738573,0.00539303,0.4,0.0,0.24499847,0.013442657
375316653866487564,5353528854463457152,0.53424144,2235.3623592559507,2.9219307653056625,9.454881E-6,17.462141,0.15461679,0.29724064,0.002489277,0.14182769,0.0348079,0.26438087,0.14797136,0.79068327,0.002844511,0.1396409,0.032739297,0.2720834,0.14697914,null,null,null,null,"TWOGAUSSIANS",8,2.264395,0.79068327,0.002844511,0.4,0.0,0.16696616,0.0072610886,0.29752064,0.0020520773,0.4,0.0,0.15909977,0.0055199545
