Gaia/vari_eclipsing_binary/VariEclipsingBinary_224154-224222.csv
# %ECSV 1.0
# ---
# delimiter: ','
# meta: !!omap
# - RELEASE: Gaia DR3
# - TABLE: vari_eclipsing_binary
# - DESCRIPTION: >
#     This table describes the properties of the eclipsing binaries resulting from the variability analysis. 
# - CITATION: >
#     How to cite and acknowledge Gaia: 
#     https://gea.esac.esa.int/archive/documentation/credits.html 
# - KNOWN_ISSUES: >
#     Known issues: 
#     https://www.cosmos.esa.int/web/gaia-users/known-issues 
# - DOCUMENTATION: >
#     Tutorials and documentation: 
#     https://www.cosmos.esa.int/web/gaia-users/archive 
# datatype:
# - 
#   name: solution_id
#   datatype: int64
#   description: Solution Identifier
#   meta:
#     ucd: meta.version
# - 
#   name: source_id
#   datatype: int64
#   description: Unique source identifier
#   meta:
#     ucd: meta.id;meta.main
# - 
#   name: global_ranking
#   datatype: float32
#   description: Number between 0 (worst) and 1 (best)
#   meta:
#     ucd: stat.param
# - 
#   name: reference_time
#   datatype: float64
#   unit: d
#   description: Reference time used for the geometric model fit
#   meta:
#     ucd: time.epoch
# - 
#   name: frequency
#   datatype: float64
#   unit: d**-1
#   description: Frequency of geometric model of the eclipsing binary light curve
#   meta:
#     ucd: src.orbital
# - 
#   name: frequency_error
#   datatype: float32
#   unit: d**-1
#   description: "Uncertainty of \\texttt{frequency}"
#   meta:
#     ucd: stat.error
# - 
#   name: geom_model_reference_level
#   datatype: float32
#   unit: mag
#   description: Magnitude reference level of geometric model
#   meta:
#     ucd: phot.mag;em.opt
# - 
#   name: geom_model_reference_level_error
#   datatype: float32
#   unit: mag
#   description: "Uncertainty of \\texttt{geomModelReferenceLevel}"
#   meta:
#     ucd: stat.error;phot.mag;em.opt
# - 
#   name: geom_model_gaussian1_phase
#   datatype: float32
#   description: Phase of the Gaussian 1 component
#   meta:
#     ucd: time.phase
# - 
#   name: geom_model_gaussian1_phase_error
#   datatype: float32
#   description: "Uncertainty of \\texttt{geomModelGaussian1Phase}"
#   meta:
#     ucd: stat.error;time.phase
# - 
#   name: geom_model_gaussian1_sigma
#   datatype: float32
#   description: "Standard deviation [phase] of Gaussian 1 component"
#   meta:
#     ucd: stat.stdev
# - 
#   name: geom_model_gaussian1_sigma_error
#   datatype: float32
#   description: "Uncertainty of \\texttt{geomModelGaussian1Sigma}"
#   meta:
#     ucd: stat.error
# - 
#   name: geom_model_gaussian1_depth
#   datatype: float32
#   unit: mag
#   description: Magnitude depth of Gaussian 1 component
#   meta:
#     ucd: src.var.amplitude
# - 
#   name: geom_model_gaussian1_depth_error
#   datatype: float32
#   unit: mag
#   description: "Uncertainty of \\texttt{geomModelGaussian1Depth}"
#   meta:
#     ucd: stat.error;src.var.amplitude
# - 
#   name: geom_model_gaussian2_phase
#   datatype: float32
#   description: Phase of Gaussian 2 component
#   meta:
#     ucd: time.phase
# - 
#   name: geom_model_gaussian2_phase_error
#   datatype: float32
#   description: "Uncertainty of \\texttt{geomModelGaussian2Phase}"
#   meta:
#     ucd: stat.error;time.phase
# - 
#   name: geom_model_gaussian2_sigma
#   datatype: float32
[...]
#   datatype: float32
#   description: "Secondary eclipse: uncertainty of \\texttt{derivedSecondaryEclDuration}"
#   meta:
#     ucd: stat.error;time.duration
# - 
#   name: derived_secondary_ecl_depth
#   datatype: float32
#   unit: mag
#   description: "Secondary eclipse: depth"
#   meta:
#     ucd: src.var.amplitude
# - 
#   name: derived_secondary_ecl_depth_error
#   datatype: float32
#   unit: mag
#   description: "Secondary eclipse: uncertainty of \\texttt{derivedSecondaryEclDepth}"
#   meta:
#     ucd: stat.error;src.var.amplitude
solution_id,source_id,global_ranking,reference_time,frequency,frequency_error,geom_model_reference_level,geom_model_reference_level_error,geom_model_gaussian1_phase,geom_model_gaussian1_phase_error,geom_model_gaussian1_sigma,geom_model_gaussian1_sigma_error,geom_model_gaussian1_depth,geom_model_gaussian1_depth_error,geom_model_gaussian2_phase,geom_model_gaussian2_phase_error,geom_model_gaussian2_sigma,geom_model_gaussian2_sigma_error,geom_model_gaussian2_depth,geom_model_gaussian2_depth_error,geom_model_cosine_half_period_amplitude,geom_model_cosine_half_period_amplitude_error,geom_model_cosine_half_period_phase,geom_model_cosine_half_period_phase_error,model_type,num_model_parameters,reduced_chi2,derived_primary_ecl_phase,derived_primary_ecl_phase_error,derived_primary_ecl_duration,derived_primary_ecl_duration_error,derived_primary_ecl_depth,derived_primary_ecl_depth_error,derived_secondary_ecl_phase,derived_secondary_ecl_phase_error,derived_secondary_ecl_duration,derived_secondary_ecl_duration_error,derived_secondary_ecl_depth,derived_secondary_ecl_depth_error
[from data line 37]
375316653866487564,1971703899438451328,0.4890332,2279.4204453788925,1.6415618359826751,2.3793551E-5,18.306078,0.0018098191,0.27715343,0.0018379275,0.004298417,0.0037192919,0.21959126,0.052373093,0.72169054,0.013739779,0.005236351,0.010977471,0.08103689,0.0647308,null,null,null,null,"TWOGAUSSIANS",8,1.1721454,0.27715343,0.0018379275,0.024071135,0.020828035,0.21959126,0.052373093,0.72169054,0.013739779,0.029323567,0.06147384,0.08103689,0.0647308
375316653866487564,1971705583066139264,0.5821165,2241.9716015005665,1.191671415043259,5.1555467E-6,17.809277,0.0024145737,0.29114208,0.0021279582,0.038664702,0.0020622232,0.25078708,0.028620034,0.79161805,0.0011710476,0.03571208,0.0010081268,0.30548567,0.0044469675,null,null,null,null,"TWOGAUSSIANS",8,2.6522777,0.79161805,0.0011710476,0.19998764,0.0056455103,0.30548567,0.0044469675,0.29114208,0.0021279582,0.21652234,0.01154845,0.25078708,0.028620034
375316653866487564,1971706476419011328,0.51186204,2210.687848423238,3.2079198591116618,7.4912773E-6,19.227335,0.011400996,0.2036731,0.003155782,0.06880962,0.0050981385,0.5179375,0.019063666,0.7009543,0.0016445102,0.06615654,0.002709695,0.6006859,0.029873515,null,null,null,null,"TWOGAUSSIANS",8,3.6529899,0.7009543,0.0016445102,0.3704766,0.015174292,0.5996045,0.029945875,0.2036731,0.003155782,0.38533387,0.028549576,0.5168561,0.019272042
375316653866487564,1971706515080281984,0.54070795,2224.7182637024507,2.67890676037789,1.0567172E-5,19.37477,0.017747913,0.26843327,0.004038933,0.086048685,0.0065009915,0.40055183,0.026754549,0.76812017,0.0049168975,0.08289161,0.0057635587,0.43382326,0.021168038,null,null,null,null,"TWOGAUSSIANS",8,2.7753623,0.76812017,0.0049168975,0.4,0.0,0.42344528,0.016994985,0.26843327,0.004038933,0.4,0.0,0.39017382,0.02635874
375316653866487564,1971707202274919168,0.5228716,2224.91457984867,0.532547092772204,4.4607846E-6,18.323133,0.0029033455,0.28337535,0.0071978928,0.035968475,0.012573207,0.15822773,0.0723855,0.79664814,0.001476658,0.023438081,0.0013195334,0.18706365,0.0030787482,null,null,null,null,"TWOGAUSSIANS",8,1.812148,0.79664814,0.001476658,0.13125326,0.0073893876,0.18706365,0.0030787482,0.28337535,0.0071978928,0.20142347,0.07040995,0.15822773,0.0723855
375316653866487564,1971707339719883392,0.4426874,2219.378048653573,3.431515023382167,1.5268792E-5,17.400085,0.0049631903,null,null,null,null,null,null,null,null,null,null,null,null,0.061073802,0.0073361984,0.28007236,0.00750418,"ELLIPSOIDAL",4,32.187634,null,null,null,null,null,null,null,null,null,null,null,null
375316653866487564,1971707648957539584,0.65114385,2229.3773388653576,0.8496425488772665,5.996369E-6,15.667231,8.8412E-4,0.19406956,0.0015817246,0.03084199,0.0016480669,0.18806641,0.009954372,0.693925,0.001408536,0.031289645,0.0015225674,0.20427471,0.0046920516,0.008926209,0.0014935216,0.19406956,0.0015817246,"TWOGAUSSIANS_WITH_ELLIPSOIDAL_ON_ECLIPSE1",9,3.863911,0.693925,0.0014004793,0.175222,0.008526377,0.22212711,0.0052090604,0.19406956,0.0015817246,0.17271514,0.009229175,0.2059188,0.008893216
375316653866487564,1971707747729602048,0.57615805,2234.951817058567,0.06588834700026841,8.030806E-6,16.65316,9.710009E-4,0.5210684,6.249917E-5,0.0039661527,1.2421359E-4,0.25226864,3.2114465E-4,null,null,null,null,null,null,null,null,null,null,"ONEGAUSSIAN",5,2.9896686,0.5210684,6.249917E-5,0.022210456,6.955961E-4,0.25226864,0.0,null,null,null,null,null,null
375316653866487564,1971708469284249856,0.52969617,2197.6839264567557,3.4493578091700945,1.0207948E-5,18.684774,0.022226064,0.10829547,0.0035436475,0.07831606,0.008729908,0.2729114,0.020044744,0.5988008,0.0042840517,0.08200259,0.007853539,0.3692065,0.027959248,null,null,null,null,"TWOGAUSSIANS",8,4.1352987,0.5988008,0.0042840517,0.4,0.0,0.36512756,0.026850712,0.10829547,0.0035436475,0.4,0.0,0.26883247,0.018858401
375316653866487564,1971709641816171264,0.5254125,2219.5716925692723,2.7793881496275947,1.375654E-5,19.90158,0.01986397,0.26570395,0.0028693515,0.07870938,0.0064058867,0.40325966,0.023964114,0.7526046,0.0061488226,0.07023318,0.006259093,0.45977652,0.02886758,null,null,null,null,"TWOGAUSSIANS",8,2.1458814,0.7526046,0.0061488226,0.39330584,0.026581269,0.45750916,0.027985014,0.26570395,0.0028693515,0.4,0.0,0.4009923,0.023301365
375316653866487564,1971710668307472128,0.5357748,2210.0273190143857,3.0925988241051607,7.535215E-6,19.768932,0.016034963,0.31088886,0.008797382,0.066335484,0.0075298413,0.4457223,0.027411217,0.8056929,0.0023172984,0.07010151,0.0036221712,0.5747,0.020487333,null,null,null,null,"TWOGAUSSIANS",8,1.9999627,0.8056929,0.0023172984,0.39256844,0.020130016,0.5736302,0.020274775,0.31088886,0.008797382,0.37147874,0.042167112,0.4446526,0.027069606
375316653866487564,1971712871637666688,0.54882705,2212.3854613450408,2.571424084364674,8.184167E-6,18.38323,0.009546855,0.26246777,0.0038277472,0.07855301,0.004175102,0.49621025,0.015429001,0.75492895,0.0019467238,0.0772278,0.003346423,0.49492946,0.017806873,null,null,null,null,"TWOGAUSSIANS",8,6.6840763,0.26246777,0.0038277472,0.4,0.0,0.49129912,0.0149370385,0.75492895,0.0019467238,0.4,0.0,0.49001834,0.018124238
375316653866487564,1971713730624849152,0.58820474,2194.9483067908786,0.2094435853384138,1.0948063E-6,11.419709,0.0011702309,0.38197908,5.215306E-4,0.011910426,3.1106212E-4,0.17063771,0.0036743435,0.4983951,0.024240758,0.025716947,0.015254956,0.009166009,0.011038515,0.0011709342,0.0012430744,0.38197908,5.215306E-4,"TWOGAUSSIANS_WITH_ELLIPSOIDAL_ON_ECLIPSE1",9,37.462082,0.38197908,5.215306E-4,0.06669839,0.0017419478,0.1729799,0.003758006,0.4983951,0.024240758,0.14401491,0.08542775,0.010463004,0.011053123
375316653866487564,1971714452185559552,0.50724393,2209.7806350752207,2.602299369351472,2.4373852E-5,16.650171,0.038284235,0.26745206,0.0042926744,0.1025685,0.014467789,0.40539983,0.027687574,0.7709528,0.007492745,0.09455401,0.009945567,0.44739124,0.04528157,null,null,null,null,"TWOGAUSSIANS",8,127.34645,0.7709528,0.007492745,0.4,0.0,0.41488376,0.030539254,0.26745206,0.0042926744,0.4,0.0,0.37288743,0.018009922
375316653866487564,1971715482978115072,0.6422708,2257.629016370377,2.8038953920627923,6.5739246E-6,16.09896,0.0055837766,0.23847397,0.0011633784,0.04381333,0.0022253399,0.26817858,0.013547275,0.7401028,0.0026594372,0.045571066,0.0029045905,0.29818922,0.029563455,0.12574035,0.0074593266,0.23847397,0.0011633784,"TWOGAUSSIANS_WITH_ELLIPSOIDAL_ON_ECLIPSE1",9,23.154316,0.7401028,0.0026471207,0.25519797,0.016265705,0.54964346,0.028356817,0.23847397,0.0011633784,0.24535464,0.012461903,0.51965916,0.008052491
375316653866487564,1971717780773524736,0.45796132,2219.1697353118507,4.222291072122374,2.3378716E-5,18.856817,0.28700915,0.2789158,0.007343534,0.13719058,0.05907765,0.2434524,0.27720016,0.767894,0.0059138495,0.1117121,0.062332593,0.22576277,0.2414789,null,null,null,null,"TWOGAUSSIANS",8,4.2385764,0.2789458,0.0065987925,0.4,0.0,0.1866069,0.012061566,0.767894,0.0059138495,0.4,0.0,0.16955599,0.028770179
375316653866487564,1971718403550782976,0.56495214,2248.5924687015945,0.8476077967241717,4.0433213E-5,19.39437,0.004070055,0.2812413,0.10637959,0.07084249,0.077500746,0.057012413,null,0.74888474,0.016512202,0.022090098,0.009404912,0.6040119,0.10788288,null,null,null,null,"TWOGAUSSIANS",8,1.4348321,0.74888474,0.016512202,0.123704545,0.052667506,0.60401183,0.10788299,0.2812413,0.10637959,0.39671794,0.43058756,0.0570124,null
375316653866487564,1971719846664938496,0.5969173,2208.1441779778725,3.0041482144304292,8.98591E-6,16.948776,0.010360413,0.2987184,0.00498855,0.031039929,0.0032374999,0.3346947,0.051932108,0.7946977,0.0036245629,0.043369032,0.0043387082,0.40873614,0.023960153,0.12270492,0.01279265,0.2987184,0.00498855,"TWOGAUSSIANS_WITH_ELLIPSOIDAL_ON_ECLIPSE1",9,32.120205,0.79502773,0.0031257733,0.24286659,0.024296766,0.6540019,0.019177515,0.2987184,0.00498855,0.1738236,0.018129999,0.58010423,0.059201162
375316653866487564,1971720151595331328,0.5148116,2274.5936601142007,1.8785397544440265,1.755361E-5,18.124414,0.013658815,0.32426977,0.004106733,0.10795616,0.014716779,0.11342221,0.012598601,0.82364964,0.005059591,0.09659703,0.010637696,0.13710533,0.013332579,null,null,null,null,"TWOGAUSSIANS",8,1.6706127,0.82364964,0.005059591,0.4,0.0,0.12474077,0.006371996,0.32426977,0.004106733,0.4,0.0,0.101053074,0.008680208
375316653866487564,1971720254674616960,0.54905415,2259.6920527640277,2.3603047678603084,2.3196917E-5,18.591457,0.018115062,0.2575903,0.011450687,0.098789655,0.01732009,0.17751028,0.017907504,0.7616527,0.0031341114,0.09434337,0.008906447,0.22430955,0.017058257,null,null,null,null,"TWOGAUSSIANS",8,2.1789985,0.7616527,0.0031341114,0.4,0.0,0.2111307,0.0077904337,0.2575903,0.011450687,0.4,0.0,0.16433078,0.0072626695
375316653866487564,1971720533854483712,0.51148975,2266.9502417373706,0.8791360259056519,3.5254827E-5,19.6124,0.0067268764,0.74729013,0.036940966,0.07088902,0.029609699,0.04976563,0.015691726,0.5605005,0.0019268681,0.034381777,0.0019653551,0.40450206,0.018136516,null,null,null,null,"TWOGAUSSIANS",8,1.3806242,0.5606705,0.0018178533,0.19253795,0.011005989,0.40605316,0.017844481,0.74729013,0.037071016,0.39697853,0.08417634,0.04976579,0.015687615
375316653866487564,1971720735711122176,0.59809405,2260.6666723954218,2.6104290015678617,7.2205266E-6,18.757532,0.016894737,0.24463116,0.0024209016,0.098855086,0.0050972025,0.402526,0.017016567,0.74200183,0.0019029172,0.09299429,0.0043115206,0.44749156,0.016768884,null,null,null,null,"TWOGAUSSIANS",8,1.8603485,0.74200183,0.0019029172,0.4,0.0,0.42013022,0.01170667,0.24463116,0.0024209016,0.4,0.0,0.37516287,0.011388494
375316653866487564,1971721014896067584,0.58586913,2221.789367080605,2.626597865111514,1.1417809E-5,14.084762,3.231796E-4,0.5516984,0.0375561,0.027948909,0.04930241,0.022543533,0.020926885,0.76281524,9.888122E-8,0.0012104857,3.112196E-6,0.23921767,3.9436086E-4,null,null,null,null,"TWOGAUSSIANS",8,4.022342,0.76281524,9.888122E-8,0.00677872,1.7428298E-5,0.23921767,3.9151334E-4,0.5516984,0.0375561,0.15651388,0.24099043,0.022543533,0.020926885
375316653866487564,1971721113668428800,0.49532002,2253.27423119908,2.766754192049039,1.8015568E-5,18.097467,0.0024291645,0.77325034,0.0048298254,0.03043787,0.03768075,0.005306493,0.016933523,null,null,null,null,null,null,0.055193923,0.0030460805,0.77325034,0.0048298254,"ONEGAUSSIAN_WITH_ELLIPSOIDAL",6,3.2411182,0.77325034,0.0048298254,0.17045207,0.2110122,0.11569412,0.016550314,null,null,null,null,null,null
375316653866487564,1971721117975298176,0.544635,2238.567958308,1.1219846952764425,1.5680902E-5,16.4309,0.009711405,0.23936522,0.0066765146,0.09164758,0.009252386,0.10741147,0.009826296,0.73928404,0.0040941713,0.09650379,0.008335549,0.16531765,0.008636084,null,null,null,null,"TWOGAUSSIANS",8,8.969091,0.73928404,0.0040941713,0.4,0.0,0.1575062,0.005652973,0.23936522,0.0066765146,0.4,0.0,0.09960043,0.0073784464
375316653866487564,1971721186694779008,0.52758086,2242.6074559861854,0.7074839766558796,2.6125093E-5,15.921592,5.213169E-4,0.75590724,0.0034574035,0.026834572,0.0030796996,0.03139719,0.0041372697,null,null,null,null,null,null,0.011865562,9.328131E-4,0.75590724,0.0034574035,"ONEGAUSSIAN_WITH_ELLIPSOIDAL",6,1.9989667,0.75590724,0.0034574035,0.1502736,0.017246317,0.055128306,0.004012538,null,null,null,null,null,null
375316653866487564,1971721358489089408,0.549155,2263.2780034667016,2.0540909977517368,8.699889E-6,19.901823,0.011128117,0.3109377,0.002792085,0.07236595,0.004075287,0.46078843,0.030171396,0.8135402,0.001623343,0.06814021,0.0035538208,0.4708253,0.026694126,null,null,null,null,"TWOGAUSSIANS",8,1.174729,0.8135402,0.001623343,0.38158518,0.019901395,0.4692751,0.026919842,0.3109377,0.002792085,0.4,0.005024098,0.4592382,0.030449152
375316653866487564,1971721594704698112,0.6160405,2244.033903571211,1.3467072684556436,3.5748E-5,17.905743,0.0012298007,0.61383605,9.739654E-4,0.014732808,7.25313E-4,0.5005308,0.00995086,null,null,null,null,null,null,null,null,null,null,"ONEGAUSSIAN",5,1.2997332,0.61383605,9.739654E-4,0.08250372,0.0040617525,0.5005308,0.0,null,null,null,null,null,null
375316653866487564,1971722350619011968,0.4779372,2267.8211758081197,4.013247436718986,8.8870045E-5,19.434246,0.005635509,0.22046019,5.156232E-4,0.019621752,9.769163E-4,0.34008017,0.009591343,0.78012645,0.03770561,0.074569434,0.061755244,0.031773727,0.11277008,null,null,null,null,"TWOGAUSSIANS",8,1.7343811,0.22046019,5.156232E-4,0.10988181,0.0054707313,0.34008017,0.009591343,0.78012645,0.03770561,0.4,0.31403664,0.031773727,0.11277009
375316653866487564,1971724240404618624,0.5764345,2265.523396909791,2.4402848557475427,1.1011692E-5,18.386862,0.017656509,0.2081614,0.0022976713,0.0532428,0.006053367,0.20888127,0.04174205,0.71789175,0.003662074,0.0574347,0.0104777785,0.23645543,0.04770281,0.10029134,0.024187744,0.2081614,0.0022976713,"TWOGAUSSIANS_WITH_ELLIPSOIDAL_ON_ECLIPSE1",9,4.778158,0.71789175,0.003662074,0.32163432,0.05867556,0.43627653,0.0391161,0.2081614,0.0022976713,0.29815966,0.033898856,0.40945116,0.01271382
375316653866487564,1971724244710995200,0.55642843,2236.3922524085397,0.1934257050948751,1.7842849E-5,16.574678,9.0395776E-4,0.35424903,0.0018034278,0.0030431617,0.0030821294,0.098424196,1.53411717E10,0.7358374,8.213147E-4,0.01577906,0.0017172103,0.3349232,0.082232386,null,null,null,null,"TWOGAUSSIANS",8,3.100569,0.7358374,8.213147E-4,0.08836274,0.009616378,0.3349232,0.082232386,0.35424903,0.0018034278,0.017041706,0.017259926,0.098424196,1.53411717E10
375316653866487564,1971724760107038592,0.56874084,2247.9532181745076,0.5218458110993106,9.160511E-6,15.882981,0.0033706091,0.23152068,0.011136376,0.011605338,0.014105804,0.05899189,3.90783424E15,0.7118542,0.006556273,0.035265245,0.0084416475,0.212508,0.0058251675,0.008595107,0.00445497,0.23152068,0.011136376,"TWOGAUSSIANS_WITH_ELLIPSOIDAL_ON_ECLIPSE1",9,14.653749,0.71200424,0.006518472,0.19748537,0.047273226,0.22943908,0.01005621,0.23152068,0.011136376,0.064989895,0.0789925,0.076182105,3.90783424E15
375316653866487564,1971725412942032896,0.50630856,2241.0130062148605,2.1451569914854955,1.741631E-5,18.750515,0.012577951,0.23657112,0.007403047,0.08880195,0.012797925,0.13944979,0.014385159,0.7359093,0.004845789,0.09657946,0.01093492,0.16119802,0.011584054,null,null,null,null,"TWOGAUSSIANS",8,1.9481831,0.7359093,0.004845789,0.4,0.0,0.153364,0.008149847,0.23657112,0.007403047,0.4,0.0,0.13161622,0.013440807
375316653866487564,1971725619094257280,0.6088186,2221.2037710934014,4.238464235083563,3.5586984E-6,18.781137,0.0085097505,0.2374263,0.0013524217,0.054190643,0.0029078845,0.4876446,0.033354923,0.73943156,0.0020045843,0.04442774,0.0033455768,0.4525022,0.026077235,0.12735516,0.01008287,0.2374263,0.0013524217,"TWOGAUSSIANS_WITH_ELLIPSOIDAL_ON_ECLIPSE1",9,2.8214834,0.2374263,0.0013524217,0.3034676,0.016284153,0.74234325,0.033019643,0.73943156,0.0020045843,0.24879536,0.01873523,0.7071604,0.029439561
375316653866487564,1971725722179733632,0.71424985,2228.526816989529,0.1607562371087557,9.804753E-7,15.167731,6.551258E-4,0.13927767,0.0010648542,0.010794025,0.0020519309,0.6353818,0.03283965,0.8998174,2.1146455E-4,0.010218224,1.5669658E-4,0.621031,0.008391736,null,null,null,null,"TWOGAUSSIANS",8,10.023586,0.13927767,0.0010648542,0.060446538,0.0114908125,0.6353818,0.03283965,0.8998174,2.1146455E-4,0.05722205,8.7750086E-4,0.621031,0.008391736
