Gaia/vari_eclipsing_binary/VariEclipsingBinary_672904-672986.csv
# %ECSV 1.0
# ---
# delimiter: ','
# meta: !!omap
# - RELEASE: Gaia DR3
# - TABLE: vari_eclipsing_binary
# - DESCRIPTION: >
#     This table describes the properties of the eclipsing binaries resulting from the variability analysis. 
# - CITATION: >
#     How to cite and acknowledge Gaia: 
#     https://gea.esac.esa.int/archive/documentation/credits.html 
# - KNOWN_ISSUES: >
#     Known issues: 
#     https://www.cosmos.esa.int/web/gaia-users/known-issues 
# - DOCUMENTATION: >
#     Tutorials and documentation: 
#     https://www.cosmos.esa.int/web/gaia-users/archive 
# datatype:
# - 
#   name: solution_id
#   datatype: int64
#   description: Solution Identifier
#   meta:
#     ucd: meta.version
# - 
#   name: source_id
#   datatype: int64
#   description: Unique source identifier
#   meta:
#     ucd: meta.id;meta.main
# - 
#   name: global_ranking
#   datatype: float32
#   description: Number between 0 (worst) and 1 (best)
#   meta:
#     ucd: stat.param
# - 
#   name: reference_time
#   datatype: float64
#   unit: d
#   description: Reference time used for the geometric model fit
#   meta:
#     ucd: time.epoch
# - 
#   name: frequency
#   datatype: float64
#   unit: d**-1
#   description: Frequency of geometric model of the eclipsing binary light curve
#   meta:
#     ucd: src.orbital
# - 
#   name: frequency_error
#   datatype: float32
#   unit: d**-1
#   description: "Uncertainty of \\texttt{frequency}"
#   meta:
#     ucd: stat.error
# - 
#   name: geom_model_reference_level
#   datatype: float32
#   unit: mag
#   description: Magnitude reference level of geometric model
#   meta:
#     ucd: phot.mag;em.opt
# - 
#   name: geom_model_reference_level_error
#   datatype: float32
#   unit: mag
#   description: "Uncertainty of \\texttt{geomModelReferenceLevel}"
#   meta:
#     ucd: stat.error;phot.mag;em.opt
# - 
#   name: geom_model_gaussian1_phase
#   datatype: float32
#   description: Phase of the Gaussian 1 component
#   meta:
#     ucd: time.phase
# - 
#   name: geom_model_gaussian1_phase_error
#   datatype: float32
#   description: "Uncertainty of \\texttt{geomModelGaussian1Phase}"
#   meta:
#     ucd: stat.error;time.phase
# - 
#   name: geom_model_gaussian1_sigma
#   datatype: float32
#   description: "Standard deviation [phase] of Gaussian 1 component"
#   meta:
#     ucd: stat.stdev
# - 
#   name: geom_model_gaussian1_sigma_error
#   datatype: float32
#   description: "Uncertainty of \\texttt{geomModelGaussian1Sigma}"
#   meta:
#     ucd: stat.error
# - 
#   name: geom_model_gaussian1_depth
#   datatype: float32
#   unit: mag
#   description: Magnitude depth of Gaussian 1 component
#   meta:
#     ucd: src.var.amplitude
# - 
#   name: geom_model_gaussian1_depth_error
#   datatype: float32
#   unit: mag
#   description: "Uncertainty of \\texttt{geomModelGaussian1Depth}"
#   meta:
#     ucd: stat.error;src.var.amplitude
# - 
#   name: geom_model_gaussian2_phase
#   datatype: float32
#   description: Phase of Gaussian 2 component
#   meta:
#     ucd: time.phase
# - 
#   name: geom_model_gaussian2_phase_error
#   datatype: float32
#   description: "Uncertainty of \\texttt{geomModelGaussian2Phase}"
#   meta:
#     ucd: stat.error;time.phase
# - 
#   name: geom_model_gaussian2_sigma
#   datatype: float32
[...]
#   datatype: float32
#   description: "Secondary eclipse: uncertainty of \\texttt{derivedSecondaryEclDuration}"
#   meta:
#     ucd: stat.error;time.duration
# - 
#   name: derived_secondary_ecl_depth
#   datatype: float32
#   unit: mag
#   description: "Secondary eclipse: depth"
#   meta:
#     ucd: src.var.amplitude
# - 
#   name: derived_secondary_ecl_depth_error
#   datatype: float32
#   unit: mag
#   description: "Secondary eclipse: uncertainty of \\texttt{derivedSecondaryEclDepth}"
#   meta:
#     ucd: stat.error;src.var.amplitude
solution_id,source_id,global_ranking,reference_time,frequency,frequency_error,geom_model_reference_level,geom_model_reference_level_error,geom_model_gaussian1_phase,geom_model_gaussian1_phase_error,geom_model_gaussian1_sigma,geom_model_gaussian1_sigma_error,geom_model_gaussian1_depth,geom_model_gaussian1_depth_error,geom_model_gaussian2_phase,geom_model_gaussian2_phase_error,geom_model_gaussian2_sigma,geom_model_gaussian2_sigma_error,geom_model_gaussian2_depth,geom_model_gaussian2_depth_error,geom_model_cosine_half_period_amplitude,geom_model_cosine_half_period_amplitude_error,geom_model_cosine_half_period_phase,geom_model_cosine_half_period_phase_error,model_type,num_model_parameters,reduced_chi2,derived_primary_ecl_phase,derived_primary_ecl_phase_error,derived_primary_ecl_duration,derived_primary_ecl_duration_error,derived_primary_ecl_depth,derived_primary_ecl_depth_error,derived_secondary_ecl_phase,derived_secondary_ecl_phase_error,derived_secondary_ecl_duration,derived_secondary_ecl_duration_error,derived_secondary_ecl_depth,derived_secondary_ecl_depth_error
[from data line 72]
375316653866487564,5919042486735132672,0.5266039,2295.8005073796917,2.6353671110150927,1.666664E-5,19.265953,0.0053907866,0.31886578,0.0023372832,0.02957757,0.0015852968,0.60463274,0.016591618,0.82161677,0.006982498,0.04348448,0.012537379,0.5381518,0.27475604,null,null,null,null,"TWOGAUSSIANS",8,4.277423,0.31886578,0.0023372832,0.1656344,0.008877662,0.60463274,0.016591618,0.82161677,0.006982498,0.24351308,0.07020932,0.5381518,0.27475604
375316653866487564,5919045068008156544,0.45408595,2299.0538954816197,3.0229367474127526,4.838556E-5,18.367582,0.014975855,0.26281065,0.009749468,0.08325844,0.014453798,0.19637652,0.02136851,0.7390169,0.013263901,0.07212834,0.019894123,0.121086344,0.062706165,null,null,null,null,"TWOGAUSSIANS",8,10.164415,0.26281065,0.009749468,0.4,0.0,0.19531117,0.021476924,0.7390169,0.013263901,0.4,0.08428104,0.12002102,0.06339729
375316653866487564,5919045720850359552,0.5682778,2333.1216099552294,2.9272992616278004,9.020032E-6,17.842617,0.025412554,0.32548824,0.004652772,0.055903036,0.009054992,0.241065,0.063935265,0.8195396,0.007935376,0.059735924,0.0071986434,0.30295846,0.06493995,0.09336817,0.036217302,0.32548824,0.004652772,"TWOGAUSSIANS_WITH_ELLIPSOIDAL_ON_ECLIPSE1",9,10.954055,0.8204196,0.00646189,0.33452117,0.040312406,0.4894286,0.019379474,0.32548824,0.004652772,0.313057,0.05070796,0.42775735,0.026416767
375316653866487564,5919046167519848192,0.46733955,2351.107832645232,4.161899660530598,1.4268697E-5,19.593195,0.006494063,0.26848403,0.0020280634,0.004213571,0.0013508268,0.36944282,0.1779415,0.95336324,0.021843987,0.020564651,0.026879132,0.014646731,7.9479785,null,null,null,null,"TWOGAUSSIANS",8,2.6598184,0.26848403,0.0020280634,0.023595998,0.0075646304,0.36944282,0.1779415,0.95336324,0.021843987,0.11516205,0.15052314,0.014646731,7.9479785
375316653866487564,5919046231944576512,0.6069735,2322.3766611294723,3.573817386325795,5.2898054E-6,18.278917,0.007940539,0.31133634,0.0031343387,0.069616966,0.0028808934,0.5208809,0.011458879,0.8002881,0.0013089672,0.07045814,0.0021470278,0.60979503,0.020422315,null,null,null,null,"TWOGAUSSIANS",8,3.4246478,0.8002881,0.0013089672,0.39456555,0.012023356,0.60834384,0.020530427,0.31133634,0.0031343387,0.38985503,0.016133003,0.5194297,0.01130547
375316653866487564,5919046408038056064,0.4351462,2297.9014495857364,0.09841592810377033,6.89737E-5,19.579128,0.13271958,0.35663596,0.017665887,0.20158514,0.090711296,0.30166084,0.11742559,0.7104709,0.0053402265,0.024946282,0.008862103,0.29908848,0.044631314,null,null,null,null,"TWOGAUSSIANS",8,2.7737062,0.7104709,0.0053402265,0.13969918,0.04962778,0.33766177,0.05303391,0.35663596,0.017665887,0.4,0.0,0.27382544,0.03005023
375316653866487564,5919047812492985600,0.5352853,2318.195773357349,3.3193075855548924,1.14048025E-5,17.45893,0.007836822,0.29210928,0.0033029702,0.03992932,0.015192384,0.10513694,0.27342373,0.81459117,0.026132222,0.0243754,0.007766548,0.16264533,0.07242271,0.116390415,0.010005965,0.29210928,0.0033029702,"TWOGAUSSIANS_WITH_ELLIPSOIDAL_ON_ECLIPSE1",9,18.583712,0.81459117,0.02593752,0.13650224,0.04349267,0.39081207,0.06563039,0.29210928,0.0033029702,0.22360419,0.085077345,0.33791772,0.276783
375316653866487564,5919051076667303936,0.58522195,2374.0818786680024,1.8097515401172928,1.408767E-6,16.956884,0.0015015688,0.16925165,0.026901463,0.01905679,0.016108006,0.019094402,3.8730574,0.4774094,7.618297E-4,0.040237393,0.0021727832,0.3972461,0.04966622,null,null,null,null,"TWOGAUSSIANS",8,1.6066854,0.4774094,7.618297E-4,0.2253294,0.012167586,0.3972461,0.04966622,0.16925165,0.026901463,0.106718026,0.090204835,0.019094402,3.8730574
375316653866487564,5919051115329585408,0.4313483,2316.4035987754455,0.05015535661324123,4.673268E-5,18.77522,0.01660137,0.33116427,0.029036546,0.03902523,0.022557458,0.3898503,0.03983504,0.8203875,0.0070097414,0.026901541,0.0077669416,0.18343763,0.057545092,null,null,null,null,"TWOGAUSSIANS",8,14.417696,0.33116427,0.029036546,0.21854128,0.12632176,0.3898503,0.039835043,0.8203875,0.0070097414,0.15064864,0.043494873,0.18343763,0.057545092
375316653866487564,5919055307217273472,0.6106917,2322.3899786819557,2.0764347592423187,3.624246E-6,14.292282,0.011908266,0.20413296,0.0012992948,0.11579461,0.0068803006,0.20803949,0.009612814,0.70243806,0.001264826,0.10475135,0.0057354025,0.22763838,0.008799719,null,null,null,null,"TWOGAUSSIANS",8,12.912839,0.70243806,0.001264826,0.4,0.0,0.19508529,0.0057171676,0.20413296,0.0012992948,0.4,0.0,0.17545429,0.0024649994
375316653866487564,5919055474714363264,0.5094566,2324.6063427574018,3.923905309896032,1.7424654E-5,18.626413,0.024605008,0.2773851,0.0071281074,0.103686504,0.021027632,0.14178582,0.022270277,0.7803442,0.0061553847,0.09686095,0.01601064,0.16408372,0.023002546,null,null,null,null,"TWOGAUSSIANS",8,1.425445,0.7803442,0.006155025,0.4,0.0,0.15100083,0.013756168,0.2773851,0.0071281074,0.4,0.0,0.12870091,0.009845537
375316653866487564,5919059533458220928,0.50964755,2334.708497160551,2.755132745217075,1.5676205E-5,18.351854,0.0123559125,0.26484454,0.0063791987,0.097884744,0.010007515,0.17480634,0.018370353,0.7730346,0.008252284,0.08276791,0.011009137,0.16869085,0.013023087,null,null,null,null,"TWOGAUSSIANS",8,3.9838808,0.26484454,0.0063791987,0.4,0.0,0.16825274,0.017481333,0.7730346,0.008252284,0.4,0.0,0.16213806,0.009993465
375316653866487564,5919061350230427648,0.49968556,2343.6205093021786,1.3509493054884096,1.3310986E-5,19.059336,0.0059862607,0.104037315,6.33491E-4,0.007696177,0.0013081512,0.14426757,0.030929726,0.5339997,0.003244487,0.022468193,0.0017360208,0.4655543,0.06196364,null,null,null,null,"TWOGAUSSIANS",8,5.29483,0.5339997,0.003244487,0.12582189,0.009721717,0.4655543,0.06196364,0.104037315,6.33491E-4,0.04309859,0.0073256465,0.14426757,0.030929726
375316653866487564,5919063553554709120,0.6389655,2340.052942468723,3.6230031762979364,4.8176157E-6,15.211321,0.012714789,0.2509061,0.0017531115,0.046166528,0.0052300286,0.31669825,0.025526183,0.7533435,0.002248272,0.051146008,0.007503811,0.19832699,0.025691628,0.11774578,0.016588682,0.2509061,0.0017531115,"TWOGAUSSIANS_WITH_ELLIPSOIDAL_ON_ECLIPSE1",9,74.831856,0.2509061,0.0017531115,0.25853255,0.029288162,0.552188,0.01143547,0.7533435,0.002248272,0.28641766,0.04202134,0.4337615,0.015743498
375316653866487564,5919064756138512256,0.46062645,2368.21824652447,0.05016205612709311,2.2247272E-5,18.992157,0.011700736,0.3926678,0.006320814,0.012934,0.0043304856,0.15193406,0.052625895,0.7511667,0.018032812,0.05886131,0.018064681,0.27550933,0.03289652,0.039778333,0.013838977,0.7511667,0.018032812,"TWOGAUSSIANS_WITH_ELLIPSOIDAL_ON_ECLIPSE2",9,6.821618,0.7511667,0.018032812,0.32962334,0.10116222,0.35503283,0.034913935,0.3921278,0.0059513724,0.0724304,0.02425072,0.1836218,0.055166584
375316653866487564,5919064893584496896,0.49236485,2348.710358481596,0.06116390468953415,6.222457E-5,18.823523,0.003574905,0.29465583,0.026514398,0.07501527,0.013241787,0.2003253,0.03352495,0.70526016,0.01646085,0.02348062,0.0099245105,0.024584042,0.0072571407,null,null,null,null,"TWOGAUSSIANS",8,1.61117,0.29465583,0.026514398,0.4,0.01733453,0.2003253,0.033524957,0.70526016,0.01646085,0.13149147,0.05557726,0.024584102,0.0072573465
375316653866487564,5919066749010412032,0.45613343,2298.8000795564594,1.6569452698738045,8.088216E-6,18.610014,0.013861831,0.44421503,0.0022882025,0.015345064,0.0023947307,1.2029828,0.6432283,0.76368815,0.024818024,0.10694645,0.029456627,0.056425836,0.0162655,null,null,null,null,"TWOGAUSSIANS",8,10.8592005,0.44421503,0.0022946934,0.08593236,0.013410492,1.2036321,0.64282393,0.76368815,0.024818024,0.4,0.0,0.05642381,0.01624074
375316653866487564,5919066985224616704,0.5488249,2321.022480808105,2.5570580894856287,1.3200771E-5,16.62201,0.0110081965,0.1981959,0.0031636567,0.085814506,0.005029731,0.23187771,0.010965324,0.69757366,0.004888608,0.09308489,0.0085959025,0.22521591,0.012717205,null,null,null,null,"TWOGAUSSIANS",8,20.403767,0.1981959,0.0031636567,0.4,0.0,0.2227825,0.0075395294,0.69757366,0.004888608,0.4,0.0,0.21612047,0.012569934
375316653866487564,5919067642364279296,0.5511691,2342.608888510602,0.10114910560940911,6.135376E-5,17.891485,0.0020268713,0.2606135,0.06829526,0.051724307,0.059265997,0.0066774366,0.006450958,0.61970395,0.028477877,0.05699775,0.009048346,0.39205915,0.12719257,null,null,null,null,"TWOGAUSSIANS",8,1.4922016,0.61970395,0.028477877,0.3191874,0.050670743,0.39205915,0.1271927,0.2606135,0.06832685,0.28965613,0.27413505,0.006677435,0.006451088
375316653866487564,5919068428337240960,0.51316303,2307.547027553716,2.851410983115543,8.343109E-6,19.14051,0.029864436,0.15896352,0.0025732447,0.09369452,0.00815772,0.37726316,0.027568042,0.6546017,0.010208525,0.08820136,0.012232712,0.39312303,0.03625449,null,null,null,null,"TWOGAUSSIANS",8,2.1694984,0.6546017,0.010208525,0.4,0.0,0.37665915,0.02769808,0.15896352,0.0025732447,0.4,0.0,0.36079887,0.019509407
375316653866487564,5919068909370521728,0.65076023,2279.5670729398007,3.3595149602664454,3.8533E-6,16.67533,0.0047667907,0.24952139,0.0019346431,0.085169494,0.0022995274,0.4521587,0.0113058435,0.7515164,7.592142E-4,0.0814316,0.0012247337,0.45972866,0.007130862,null,null,null,null,"TWOGAUSSIANS",8,4.45032,0.7515164,7.592142E-4,0.4,0.0,0.44999602,0.006741227,0.24952139,0.0019346431,0.4,0.0,0.44242603,0.011572176
375316653866487564,5919069394710959744,0.6301661,2350.231239391458,3.934400431624716,9.615531E-6,18.410341,0.007972114,0.25945383,0.0019106162,0.042505726,0.005004268,0.34273142,0.019397307,0.76119244,0.009495229,0.03855625,0.009348458,0.2528987,0.032236777,0.1288793,0.010830084,0.25945383,0.0019106162,"TWOGAUSSIANS_WITH_ELLIPSOIDAL_ON_ECLIPSE1",9,2.50609,0.25945383,0.0019106162,0.23803206,0.0280239,0.60049,0.013229447,0.76119244,0.009474271,0.21591501,0.052351363,0.5106265,0.027624888
375316653866487564,5919070184984998784,0.5322632,2351.6771022664457,4.4086711062639115,2.83094E-5,19.302502,0.006069949,0.2610454,0.017261172,0.055455107,0.018182127,0.43409252,0.15587075,0.76372254,0.008025121,0.05687185,0.004570875,0.37293953,0.030583236,null,null,null,null,"TWOGAUSSIANS",8,1.9899837,0.2610454,0.017261172,0.3105486,0.10181992,0.43405652,0.15605229,0.76372254,0.008025121,0.31848237,0.025596898,0.3729035,0.030557362
375316653866487564,5919070666021358848,0.49168953,2338.3850277220386,3.9518034049489827,4.064772E-5,13.950831,0.0032128128,0.4324664,0.012027312,0.024960538,0.008706758,0.6067671,0.40922034,null,null,null,null,null,null,0.0021050752,0.0040079327,0.4324664,0.012027312,"ONEGAUSSIAN_WITH_ELLIPSOIDAL",6,613.77484,0.4324664,0.012027312,0.13977902,0.048757844,0.6109773,0.40994474,null,null,null,null,null,null
375316653866487564,5919072654582244736,0.58842945,2337.880348028688,0.0719683906388835,3.7576927E-5,17.657412,0.054519366,0.23516679,7.7868484E-5,0.0023067964,9.057829E-5,0.8286667,0.009006724,0.65885663,0.08214481,0.24832177,0.20479448,0.05269659,0.046700403,null,null,null,null,"TWOGAUSSIANS",8,6.3900056,0.23516679,7.7868484E-5,0.012918061,5.0723844E-4,0.83064324,0.01125587,0.65885663,0.08214481,0.4,0.0,0.03884655,0.023617823
375316653866487564,5919073208632073216,0.5372937,2317.0888833357694,3.080534183642394,4.2438725E-5,16.68423,0.112747155,0.30922467,0.016357848,0.18095046,0.042047612,0.3067946,0.11025563,0.71883166,0.011913376,0.108484544,0.016062299,0.39417085,0.07093251,null,null,null,null,"TWOGAUSSIANS",8,31.702475,0.71883166,0.011913376,0.4,0.0,0.33904108,0.019280663,0.31044465,0.014879093,0.4,0.0,0.22682266,0.02217039
375316653866487564,5919076163579484672,0.5512631,2313.982647101928,3.2291947254419613,1.2702571E-5,14.530312,0.03431668,0.2716103,0.009657885,0.0914792,0.016502168,0.4631163,0.03559388,0.77759707,0.0027002299,0.090893425,0.0076123714,0.45464686,0.031179873,null,null,null,null,"TWOGAUSSIANS",8,353.58075,0.2716103,0.009657885,0.4,0.0,0.4435643,0.028956503,0.77759707,0.0027020483,0.4,0.0,0.43509492,0.014590836
375316653866487564,5919077194374326528,0.55076575,2313.2646333782855,3.329178948918107,1.2839299E-5,18.372486,0.032410532,0.18901631,0.009347563,0.014168221,0.046948567,0.06054905,0.22273321,0.68523544,0.0050776927,0.041079108,0.009320836,0.5413322,0.120767295,0.102873966,0.038316242,0.18901631,0.009347563,"TWOGAUSSIANS_WITH_ELLIPSOIDAL_ON_ECLIPSE1",9,12.128061,0.68541545,0.0048082783,0.230043,0.052196678,0.7469695,0.12874542,0.18901631,0.009347563,0.07934204,0.26291198,0.26629692,0.22062191
375316653866487564,5919077263081138176,0.54494715,2324.3297873493025,3.884327328666114,8.523266E-6,19.485512,0.009944223,0.19245005,0.0068082376,0.07431216,0.005586635,0.4804642,0.039564464,0.7211623,0.003794669,0.07160842,0.0035912376,0.43359414,0.016163727,null,null,null,null,"TWOGAUSSIANS",8,1.6476012,0.19245005,0.0068082376,0.4,0.0,0.47917604,0.039558735,0.7211623,0.003794669,0.4,0.010906557,0.432306,0.015826773
375316653866487564,5919079457811680128,0.5588874,2340.2674973819917,1.8788723872961284,4.443071E-6,16.044004,0.01777873,0.2400028,0.0018905723,0.048733912,0.0041970513,0.35096663,0.04240692,0.7365801,0.0032494757,0.05932505,0.0048085246,0.5693727,0.046568282,0.028682355,0.025733102,0.2400028,0.0018905723,"TWOGAUSSIANS_WITH_ELLIPSOIDAL_ON_ECLIPSE1",9,72.88802,0.7366701,0.003168805,0.3322203,0.02692774,0.62665087,0.042502187,0.2400028,0.0018905723,0.2729099,0.023503486,0.40827057,0.0130746495
375316653866487564,5919085848725667968,0.51017046,2296.8164650738217,4.014924723480622,1.2686171E-5,19.240057,0.027761132,0.15886419,0.004177504,0.09485472,0.010095579,0.27553755,0.0258998,0.66953635,0.0035981345,0.10370424,0.010462555,0.32366636,0.024047304,null,null,null,null,"TWOGAUSSIANS",8,1.459815,0.66953635,0.0035981345,0.4,0.0,0.3017438,0.015089636,0.15886419,0.0041808994,0.4,0.0,0.25362086,0.011427478
375316653866487564,5919086157963318528,0.577403,2306.572218964383,3.7309435284711157,9.7413085E-6,19.171717,0.0053914404,0.28375563,0.0036733076,0.06848842,0.0039526625,0.6054041,0.018792417,0.78917456,0.0021296458,0.068725936,0.0029055055,0.5216548,0.03233592,null,null,null,null,"TWOGAUSSIANS",8,2.3832564,0.28375563,0.0036733076,0.38353512,0.02213491,0.6041323,0.01893142,0.78917456,0.0021296458,0.38486525,0.016270831,0.52038294,0.0325567
375316653866487564,5919087536650082944,0.59120554,2289.9968459859024,2.9234925701390493,6.4837554E-6,16.164394,0.012165988,0.18580422,0.0023834272,0.05188781,0.010836694,0.12538655,0.028431086,0.69818544,0.016021043,0.065130085,0.015115488,0.105414204,0.030315604,0.13625225,0.01630787,0.18580422,0.0023834272,"TWOGAUSSIANS_WITH_ELLIPSOIDAL_ON_ECLIPSE1",9,39.101997,0.18580422,0.0023834272,0.29057175,0.06068549,0.39785758,0.01652802,0.69818544,0.016021043,0.36472848,0.08464673,0.37623942,0.011458664
375316653866487564,5919087880250478336,0.5621377,2316.1039872733822,2.4954649357630045,9.188262E-6,17.177168,0.019998083,0.34175166,0.0040761125,0.04412556,0.009357441,0.27524665,0.055938944,0.8430014,0.004404228,0.042435504,0.0077637504,0.17455046,0.048474904,0.12606479,0.027356809,0.34175166,0.0040761125,"TWOGAUSSIANS_WITH_ELLIPSOIDAL_ON_ECLIPSE1",9,27.955631,0.34175166,0.0040761125,0.24710312,0.05240167,0.52737594,0.04868972,0.8430014,0.004403825,0.23763883,0.043477003,0.4266642,0.016981669
375316653866487564,5919088013389305472,0.5718652,2300.6596883618654,3.578102651231047,9.944157E-6,18.291574,0.015065418,0.23734011,0.0027514403,0.04600667,0.008045874,0.30188718,0.09430949,0.7394141,0.0042633736,0.051005162,0.008257664,0.22551796,0.037041064,0.098656654,0.021196328,0.23734011,0.0027514403,"TWOGAUSSIANS_WITH_ELLIPSOIDAL_ON_ECLIPSE1",9,5.7151017,0.23734011,0.0027514403,0.25763735,0.045056894,0.49919906,0.11091805,0.7394141,0.0042490913,0.2856289,0.04624292,0.42279634,0.035205774
