Gaia/vari_eclipsing_binary/VariEclipsingBinary_459522-459531.csv
# %ECSV 1.0
# ---
# delimiter: ','
# meta: !!omap
# - RELEASE: Gaia DR3
# - TABLE: vari_eclipsing_binary
# - DESCRIPTION: >
#     This table describes the properties of the eclipsing binaries resulting from the variability analysis. 
# - CITATION: >
#     How to cite and acknowledge Gaia: 
#     https://gea.esac.esa.int/archive/documentation/credits.html 
# - KNOWN_ISSUES: >
#     Known issues: 
#     https://www.cosmos.esa.int/web/gaia-users/known-issues 
# - DOCUMENTATION: >
#     Tutorials and documentation: 
#     https://www.cosmos.esa.int/web/gaia-users/archive 
# datatype:
# - 
#   name: solution_id
#   datatype: int64
#   description: Solution Identifier
#   meta:
#     ucd: meta.version
# - 
#   name: source_id
#   datatype: int64
#   description: Unique source identifier
#   meta:
#     ucd: meta.id;meta.main
# - 
#   name: global_ranking
#   datatype: float32
#   description: Number between 0 (worst) and 1 (best)
#   meta:
#     ucd: stat.param
# - 
#   name: reference_time
#   datatype: float64
#   unit: d
#   description: Reference time used for the geometric model fit
#   meta:
#     ucd: time.epoch
# - 
#   name: frequency
#   datatype: float64
#   unit: d**-1
#   description: Frequency of geometric model of the eclipsing binary light curve
#   meta:
#     ucd: src.orbital
# - 
#   name: frequency_error
#   datatype: float32
#   unit: d**-1
#   description: "Uncertainty of \\texttt{frequency}"
#   meta:
#     ucd: stat.error
# - 
#   name: geom_model_reference_level
#   datatype: float32
#   unit: mag
#   description: Magnitude reference level of geometric model
#   meta:
#     ucd: phot.mag;em.opt
# - 
#   name: geom_model_reference_level_error
#   datatype: float32
#   unit: mag
#   description: "Uncertainty of \\texttt{geomModelReferenceLevel}"
#   meta:
#     ucd: stat.error;phot.mag;em.opt
# - 
#   name: geom_model_gaussian1_phase
#   datatype: float32
#   description: Phase of the Gaussian 1 component
#   meta:
#     ucd: time.phase
# - 
#   name: geom_model_gaussian1_phase_error
#   datatype: float32
#   description: "Uncertainty of \\texttt{geomModelGaussian1Phase}"
#   meta:
#     ucd: stat.error;time.phase
# - 
#   name: geom_model_gaussian1_sigma
#   datatype: float32
#   description: "Standard deviation [phase] of Gaussian 1 component"
#   meta:
#     ucd: stat.stdev
# - 
#   name: geom_model_gaussian1_sigma_error
#   datatype: float32
#   description: "Uncertainty of \\texttt{geomModelGaussian1Sigma}"
#   meta:
#     ucd: stat.error
# - 
#   name: geom_model_gaussian1_depth
#   datatype: float32
#   unit: mag
#   description: Magnitude depth of Gaussian 1 component
#   meta:
#     ucd: src.var.amplitude
# - 
#   name: geom_model_gaussian1_depth_error
#   datatype: float32
#   unit: mag
#   description: "Uncertainty of \\texttt{geomModelGaussian1Depth}"
#   meta:
#     ucd: stat.error;src.var.amplitude
# - 
#   name: geom_model_gaussian2_phase
#   datatype: float32
#   description: Phase of Gaussian 2 component
#   meta:
#     ucd: time.phase
# - 
#   name: geom_model_gaussian2_phase_error
#   datatype: float32
#   description: "Uncertainty of \\texttt{geomModelGaussian2Phase}"
#   meta:
#     ucd: stat.error;time.phase
# - 
#   name: geom_model_gaussian2_sigma
#   datatype: float32
[...]
#   datatype: float32
#   description: "Secondary eclipse: uncertainty of \\texttt{derivedSecondaryEclDuration}"
#   meta:
#     ucd: stat.error;time.duration
# - 
#   name: derived_secondary_ecl_depth
#   datatype: float32
#   unit: mag
#   description: "Secondary eclipse: depth"
#   meta:
#     ucd: src.var.amplitude
# - 
#   name: derived_secondary_ecl_depth_error
#   datatype: float32
#   unit: mag
#   description: "Secondary eclipse: uncertainty of \\texttt{derivedSecondaryEclDepth}"
#   meta:
#     ucd: stat.error;src.var.amplitude
solution_id,source_id,global_ranking,reference_time,frequency,frequency_error,geom_model_reference_level,geom_model_reference_level_error,geom_model_gaussian1_phase,geom_model_gaussian1_phase_error,geom_model_gaussian1_sigma,geom_model_gaussian1_sigma_error,geom_model_gaussian1_depth,geom_model_gaussian1_depth_error,geom_model_gaussian2_phase,geom_model_gaussian2_phase_error,geom_model_gaussian2_sigma,geom_model_gaussian2_sigma_error,geom_model_gaussian2_depth,geom_model_gaussian2_depth_error,geom_model_cosine_half_period_amplitude,geom_model_cosine_half_period_amplitude_error,geom_model_cosine_half_period_phase,geom_model_cosine_half_period_phase_error,model_type,num_model_parameters,reduced_chi2,derived_primary_ecl_phase,derived_primary_ecl_phase_error,derived_primary_ecl_duration,derived_primary_ecl_duration_error,derived_primary_ecl_depth,derived_primary_ecl_depth_error,derived_secondary_ecl_phase,derived_secondary_ecl_phase_error,derived_secondary_ecl_duration,derived_secondary_ecl_duration_error,derived_secondary_ecl_depth,derived_secondary_ecl_depth_error
[from data line 900]
375316653866487564,4042059456788876544,0.48574418,2345.131462222407,1.9649789799239552,4.1908264E-5,19.118305,0.010317788,0.3618713,0.018741446,0.0808534,0.018695507,0.15511242,0.026868494,0.88227385,0.008045206,0.06730218,0.017734068,0.110342115,0.030373204,null,null,null,null,"TWOGAUSSIANS",8,1.4359392,0.3618713,0.018741446,0.4,0.013775821,0.15455855,0.027011156,0.88227385,0.008045206,0.3768922,0.08165044,0.109788254,0.031093003
375316653866487564,4042059491234626816,0.5268863,2374.9244445316267,1.9729564771081354,5.1296603E-5,18.692078,0.0046469104,0.33767477,0.00751,0.034443635,0.010534164,0.071022406,0.026473336,0.5755094,0.01048416,0.06842517,0.0055193948,0.46905756,0.040675864,null,null,null,null,"TWOGAUSSIANS",8,2.1652756,0.5755094,0.01048416,0.38318098,0.030908609,0.46905756,0.040675864,0.33866477,0.008777982,0.19288436,0.058991317,0.072166815,0.026338965
375316653866487564,4042059521222618240,0.45033386,2341.3775736514,0.6607064386515715,1.1968546E-4,19.142159,0.052720927,0.64721394,0.020105995,0.09102088,0.016917182,0.23812856,0.04659511,0.31152207,0.061368316,0.15853983,0.11031238,0.12949541,0.04774813,null,null,null,null,"TWOGAUSSIANS",8,5.5523973,0.6403539,0.010276657,0.4,0.0,0.24365442,0.03759698,0.31379208,0.072438486,0.4,0.0,0.12088809,0.020992968
375316653866487564,4042059589941613056,0.5372345,2371.7984970605557,0.9400896750929716,2.850201E-6,17.509197,0.0028701413,0.33098555,0.006623793,0.058912475,0.00808485,0.11930447,0.0075327894,0.8367736,4.855321E-4,0.035398517,0.0011638936,0.24691007,0.014704426,null,null,null,null,"TWOGAUSSIANS",8,4.290666,0.8367736,4.855321E-4,0.1982317,0.0065178038,0.2469099,0.014704453,0.33098555,0.006623793,0.32990986,0.045275163,0.1193043,0.0075329184
375316653866487564,4042059589941645184,0.4418972,2437.9294536504235,3.141584526780499,2.24213E-5,18.39974,0.022871166,0.18651168,0.008522173,0.031070538,0.012100962,0.34290236,0.15181261,0.7129274,0.009304064,0.038744338,0.00924372,0.3292429,0.04006736,null,null,null,null,"TWOGAUSSIANS",8,9.2133875,0.18651168,0.008522173,0.173995,0.067765385,0.34290236,0.15181261,0.7129274,0.009304064,0.2169683,0.05176483,0.3292429,0.04006736
375316653866487564,4042059589941863680,0.4157245,2300.9655787705465,0.6090533537356512,4.9140388E-5,19.08725,0.045411807,0.6608956,0.027110416,0.01515775,0.0117794,2.0323114,6.5362315,null,null,null,null,null,null,0.12632582,0.091882065,0.6608956,0.027110416,"ONEGAUSSIAN_WITH_ELLIPSOIDAL",6,27.484388,0.6608956,0.027110416,0.0848834,0.06596464,2.2849631,6.552208,null,null,null,null,null,null
375316653866487564,4042059658664138112,0.4436888,2425.6349848304276,2.3322736328236435,4.67123E-5,18.663982,0.03055484,0.24911049,0.011114478,0.053852417,0.01281509,0.1940526,0.034087367,0.67716193,0.033387728,0.10788654,0.038916327,0.06320841,0.03465425,null,null,null,null,"TWOGAUSSIANS",8,5.9918156,0.24912049,0.011148,0.30157354,0.07176451,0.19375263,0.032837324,0.67716193,0.033387728,0.4,0.0,0.06288424,0.032376193
375316653866487564,4042059796103444864,0.4357357,2417.161326009045,3.35260374661547,4.2912732E-5,18.868097,0.011573321,0.30546945,0.008956342,0.03346896,0.016899623,0.35068634,0.3103485,0.8242418,0.018074052,0.0401756,0.013514633,0.23286396,0.018348735,null,null,null,null,"TWOGAUSSIANS",8,4.8003855,0.30546945,0.008956342,0.1874262,0.09463789,0.35068634,0.31034854,0.8242418,0.018074052,0.22498336,0.07568195,0.23286396,0.018348731
375316653866487564,4042059903465901696,0.4462088,2273.144676105717,2.393450678158102,3.2478954E-5,19.279713,0.11899688,0.25700057,0.00823742,0.10462019,0.02169778,0.82388794,0.1208925,0.7189157,0.009664336,0.09540944,0.012344097,1.2564816,0.15280181,null,null,null,null,"TWOGAUSSIANS",8,7.222878,0.7189157,0.009664336,0.4,0.0,1.2027955,0.101448394,0.25701058,0.008234987,0.4,0.0,0.77016246,0.12171361
375316653866487564,4042059937922943232,0.46354765,2290.4261034047977,0.14938363057400322,3.018067E-5,19.60194,0.026222646,0.2073557,0.022461612,0.07841972,0.052854747,0.18791878,0.55180365,0.71641487,0.026261793,0.066492945,0.03185128,0.21879682,0.03544326,null,null,null,null,"TWOGAUSSIANS",8,2.5072894,0.71641487,0.026261793,0.3723605,0.17568326,0.21795788,0.033689994,0.2073557,0.022461612,0.4,0.23172075,0.18707983,0.55290586
375316653866487564,4042060139795372160,0.46397024,2340.1169195462912,1.738529828180405,3.888438E-5,19.88114,0.037556943,0.038390245,0.027866011,0.022227954,0.021600258,0.23197007,0.098377764,0.7101613,0.013915328,0.06871183,0.051827587,0.1938917,0.10001514,0.17426848,0.06481454,0.7101613,0.013915328,"TWOGAUSSIANS_WITH_ELLIPSOIDAL_ON_ECLIPSE2",9,3.977313,0.7101613,0.013915328,0.38478625,0.20248488,0.54217255,0.100937024,0.042470247,0.03383424,0.12447654,0.120961435,0.31303918,0.12768331
375316653866487564,4042060212747742080,0.43409926,2333.805201332234,0.11798042247424048,9.05158E-6,19.028492,0.27001876,0.3955195,0.07979254,0.20917639,0.23895676,0.19570021,0.216183,0.91046065,0.015708195,0.0140873045,0.012129718,0.1859942,2.4225397,null,null,null,null,"TWOGAUSSIANS",8,3.866034,0.91050065,0.015741697,0.0788889,0.06792642,0.18443137,2.4242945,0.3955195,0.07979254,0.4,0.0,0.1713844,0.061990153
375316653866487564,4042060247107295872,0.49941972,2349.5465576244683,0.7742506363744563,1.4624946E-5,17.589607,0.0026516307,0.2415423,0.0043772603,0.056784894,0.0067979554,0.09133196,0.008981259,0.7757002,0.01615416,0.043386213,0.020759398,0.022746965,0.004604654,null,null,null,null,"TWOGAUSSIANS",8,2.346073,0.2415423,0.0043772603,0.3179954,0.038068548,0.09133189,0.008981161,0.7757002,0.01615416,0.24296279,0.11625263,0.0227469,0.0046035517
375316653866487564,4042060418959237632,0.41154835,2387.4783999147185,0.09722891492125997,9.504808E-5,18.88792,0.17875881,0.25315586,0.03273232,0.110278726,0.04711842,0.4536331,0.16076621,0.6742061,0.009580806,0.10595661,0.019074384,0.46710446,0.17110685,null,null,null,null,"TWOGAUSSIANS",8,17.659485,0.6742061,0.009580806,0.4,0.0,0.441874,0.0548459,0.25333586,0.03235888,0.4,0.0,0.42826694,0.074759826
375316653866487564,4042060449033312256,0.4731692,2357.2159597504747,1.9007618853207693,1.5851596E-5,18.503355,0.011712843,null,null,null,null,null,null,null,null,null,null,null,null,0.1116841,0.020726368,0.3142204,0.0053550103,"ELLIPSOIDAL",4,16.59348,null,null,null,null,null,null,null,null,null,null,null,null
375316653866487564,4042060552114684032,0.43032265,2391.29125678993,0.11631444301981511,9.259398E-6,19.656616,0.021615952,0.25420055,2.8524487E-4,0.010520842,0.0018324468,0.5141453,0.12792571,0.72103626,0.0011657998,0.013502182,0.0020918811,0.29033768,0.02009275,null,null,null,null,"TWOGAUSSIANS",8,5.995157,0.25420055,2.8524487E-4,0.058916714,0.010261702,0.5141453,0.12792571,0.72103626,0.0011657998,0.075612225,0.011714534,0.29033768,0.02009275
375316653866487564,4042060586316546688,0.50468373,2379.6511879011846,2.5738285631918396,2.0165293E-5,14.246832,0.016128028,0.24758406,0.00699599,0.08943951,0.011821523,0.17576672,0.015877621,0.7457668,0.0066187656,0.09989591,0.014151144,0.15325959,0.02061924,null,null,null,null,"TWOGAUSSIANS",8,174.96327,0.24758406,0.00699599,0.4,0.0,0.16604066,0.009571058,0.7457668,0.0066187656,0.4,0.0,0.14353247,0.018958783
375316653866487564,4042060586474063616,0.43523714,2348.495819196516,0.49324940472063694,3.334017E-5,18.675495,0.20305479,0.3565234,0.021344958,0.26593435,0.27300447,0.15671083,0.18251657,0.90493804,0.005313455,0.05265247,0.008744055,0.18916108,0.033784162,null,null,null,null,"TWOGAUSSIANS",8,8.506878,0.90631807,0.004539252,0.29485384,0.04896671,0.17856446,0.024185434,0.3565234,0.021344958,0.4,0.23798156,0.090563595,0.019018585
375316653866487564,4042060590704622464,0.43082556,2377.5374528632674,0.09736738568213861,6.4155516E-5,19.44289,0.017153924,0.19086206,0.0057988525,0.040859327,0.0075837728,0.16950974,0.027293457,0.66347504,0.011217702,0.074762136,0.012973416,0.15441968,0.03772238,null,null,null,null,"TWOGAUSSIANS",8,3.550658,0.19086206,0.0057988525,0.22881222,0.042469125,0.16950049,0.027289191,0.66347504,0.011217702,0.4,0.022506315,0.15441042,0.03772828
375316653866487564,4042060625064341376,0.4736436,2386.9752869134422,0.07887495522963582,1.645791E-5,19.421541,0.03312365,0.33505502,0.0024419462,0.023742603,0.0021986873,1.2443824,0.12275712,0.63796175,0.12868044,0.13237025,0.09128381,0.16714744,0.044036303,null,null,null,null,"TWOGAUSSIANS",8,7.1219263,0.335155,0.002419393,0.13295858,0.012312649,1.2563163,0.13347206,0.63796175,0.12868044,0.4,0.16875196,0.16688082,0.043984964
375316653866487564,4042060659424180352,0.5410224,2364.372715314289,2.2256284763279277,1.793962E-5,18.662514,0.007652381,0.23036799,0.00389022,0.085445575,0.005676603,0.2519975,0.008831438,0.731345,0.003973112,0.07603617,0.005178393,0.28729567,0.013078514,null,null,null,null,"TWOGAUSSIANS",8,1.8480036,0.731345,0.003973112,0.4,0.0,0.2829489,0.013162354,0.23036799,0.00389022,0.4,0.0,0.24765071,0.008203621
375316653866487564,4042060723912688640,0.46751106,2387.2828102780404,1.6233584916512973,2.1337828E-5,17.430534,0.18914986,0.1661903,0.0093775885,0.13689886,0.07815658,0.14198379,0.18674466,0.66161996,0.0047853133,0.11475819,0.040495466,0.20395657,0.15937005,null,null,null,null,"TWOGAUSSIANS",8,8.166392,0.66161996,0.0047853133,0.4,0.0,0.16013105,0.011809278,0.1662203,0.009356326,0.4,0.0,0.09782676,0.008055263
375316653866487564,4042060826994762880,0.5325954,2447.4705773063006,0.02819388672976722,6.5924246E-6,19.147825,0.3428491,0.23659028,0.002456476,0.06662997,0.005662107,0.45312765,0.05079313,0.7004622,0.009279222,0.23718429,0.10377595,0.41109735,0.33402708,null,null,null,null,"TWOGAUSSIANS",8,0.84058553,0.23862028,0.0019370329,0.37312782,0.0317078,0.39207047,0.02379982,0.7004622,0.009279222,0.4,0.0,0.2572796,0.016774552
375316653866487564,4042060831222946432,0.46335208,2369.0732353790727,2.6714892853153667,5.089399E-5,18.107466,0.010246473,0.27970365,0.005449636,0.024272446,0.0047580404,0.18834418,0.052801244,null,null,null,null,null,null,0.10311421,0.0146734,0.27970365,0.005449636,"ONEGAUSSIAN_WITH_ELLIPSOIDAL",6,26.407246,0.27970365,0.005449636,0.1359257,0.026645027,0.39457235,0.056074012,null,null,null,null,null,null
375316653866487564,4042060929966531968,0.55568343,2332.433272494743,2.3826303314513,1.8943461E-5,19.133247,0.014570262,0.25070915,0.0023487578,0.07505638,0.0049582147,0.4013013,0.01949235,0.74879175,0.012471588,0.071674876,0.015419542,0.47516403,0.055414516,null,null,null,null,"TWOGAUSSIANS",8,2.5242803,0.74879175,0.012471588,0.4,0.01843033,0.4726563,0.058818214,0.25070915,0.0023487578,0.4,0.0,0.39879358,0.018955402
375316653866487564,4042060929966542720,0.45074403,2325.9302877524683,3.5344248057123986,2.3616925E-5,18.88329,0.591119,0.30499583,0.018759986,0.13550864,0.06358331,0.5704338,0.48689005,0.8002234,0.00985964,0.18758759,0.14805232,0.48975927,0.57007915,null,null,null,null,"TWOGAUSSIANS",8,7.3768253,0.30588582,0.017672729,0.4,0.0,0.29964048,0.046717312,0.8002234,0.00987508,0.4,0.0,0.19209863,0.033257116
375316653866487564,4042061101869790848,0.47380218,2358.5629377383952,1.095077583201206,7.946944E-5,18.15688,0.011415759,0.25707167,0.011132015,0.033873104,0.02973495,0.12689719,0.03745171,null,null,null,null,null,null,0.094018,0.01721134,0.25707167,0.011132015,"ONEGAUSSIAN_WITH_ELLIPSOIDAL",6,31.245373,0.25707167,0.011132015,0.18968938,0.16651572,0.31493315,0.041063167,null,null,null,null,null,null
375316653866487564,4042061106101091968,0.52200156,2353.367307801824,1.4009824305782212,2.4521096E-5,17.865566,0.24844539,0.1551708,0.006261956,0.13053748,0.074736305,0.24247865,0.24465607,0.64688593,0.0040699528,0.105056666,0.028197156,0.30660158,0.2060883,null,null,null,null,"TWOGAUSSIANS",8,6.3992553,0.64688593,0.0040699528,0.4,0.0,0.2550575,0.010541306,0.1551808,0.0063082417,0.4,0.0,0.19061762,0.011379881
375316653866487564,4042061243540166912,0.4500864,2346.286320531038,0.0962298474436883,8.072676E-5,18.952509,0.07919274,0.30449894,0.013115789,0.12881416,0.040247563,0.22228849,0.07089187,0.7929921,0.008908302,0.10949282,0.03367383,0.28948775,0.24504931,null,null,null,null,"TWOGAUSSIANS",8,6.025819,0.7929921,0.008908302,0.4,0.0,0.24006714,0.25978786,0.30452895,0.013122818,0.4,0.0,0.17263567,0.020557892
375316653866487564,4042061449700311680,0.5107825,2484.217793866976,1.3837693779451339,3.8672642E-5,19.416544,0.02113829,0.28114647,0.0066511338,0.11216999,0.009320003,0.4659934,0.01984379,0.7608956,0.025922688,0.08535003,0.028869692,0.11536343,0.035147686,null,null,null,null,"TWOGAUSSIANS",8,1.9489672,0.28114647,0.0066511338,0.4,0.0,0.4506723,0.012974029,0.7608956,0.025922688,0.4,0.022316206,0.100101925,0.036027968
375316653866487564,4042061514189144704,0.45744985,2367.2887039614484,2.196716832477213,3.7186852E-5,18.489124,0.36293593,0.32244006,0.010948753,0.11214718,0.06596555,0.33512738,0.35686293,0.8062766,0.010378174,0.09024642,0.051309176,0.26984882,0.33622077,null,null,null,null,"TWOGAUSSIANS",8,20.494469,0.32244006,0.010920363,0.4,0.0,0.31171596,0.051450696,0.8062766,0.010378174,0.4,0.0,0.2464761,0.051912736
375316653866487564,4042061514189149440,0.49718794,2368.461156143724,2.5109966480050594,2.1227386E-5,18.210112,0.005581788,0.23165172,0.0030082718,0.07962365,0.005594769,0.20321521,0.018509118,0.7158234,0.0056254384,0.06867494,0.008483673,0.22386365,0.019874692,null,null,null,null,"TWOGAUSSIANS",8,6.721519,0.7158234,0.0056254384,0.38457966,0.031173313,0.22286394,0.020420637,0.23165172,0.0030082718,0.4,0.0,0.20221551,0.018684845
375316653866487564,4042061651628432512,0.4700025,2527.7786266727458,1.1517689496844081,9.6103424E-5,19.707264,0.079666965,0.20973082,0.008609888,0.099049546,0.024435898,0.29981497,0.06714071,0.7069375,0.013363581,0.12922372,0.029614063,0.4562171,0.0830304,null,null,null,null,"TWOGAUSSIANS",8,1.9174038,0.7069375,0.013363581,0.4,0.0,0.38961494,0.07459679,0.20977081,0.0086739175,0.4,0.0,0.2337247,0.025915233
375316653866487564,4042061720349976832,0.4655394,2310.5228549790536,0.46592198990958417,1.05451E-4,19.796555,0.04288814,0.69298714,0.07478363,0.10640836,0.09109727,0.18420346,0.03844072,0.32416388,0.048172984,0.118776314,0.032758895,0.40093547,0.04867098,null,null,null,null,"TWOGAUSSIANS",8,2.440872,0.3246939,0.04547087,0.4,0.0,0.3905709,0.047918547,0.68701714,0.07367858,0.4,0.08568095,0.17686373,0.05259324
375316653866487564,4042061926508315520,0.58514655,2375.579546099528,0.6233930132672122,8.380668E-6,18.638075,0.006301217,0.28790954,0.0013957188,0.039550018,0.002628951,0.8926442,0.0912569,0.71756566,0.013955221,0.07907305,0.015772041,0.17697811,0.14118198,null,null,null,null,"TWOGAUSSIANS",8,3.635141,0.28790954,0.0013957188,0.2214801,0.014722126,0.8926389,0.09126392,0.71756566,0.013955221,0.4,0.020166587,0.17697278,0.14118849
375316653866487564,4042061999454711040,0.46770966,2345.983244953151,0.2885862735518115,2.510363E-5,17.75037,0.008166503,0.49365345,0.023080256,0.024211433,0.010119549,1.9182823,1.5897924,null,null,null,null,null,null,0.023483645,0.010240905,0.49365345,0.023080256,"ONEGAUSSIAN_WITH_ELLIPSOIDAL",6,17.071478,0.49365345,0.023080256,0.13558403,0.056669474,1.9652497,1.5868775,null,null,null,null,null,null
375316653866487564,4042062132665109888,0.4439296,2495.3565404801693,0.10036652776675235,1.5475943E-4,19.601458,0.08694553,0.4656859,0.016016277,0.026912492,0.01549531,0.39455354,0.114300914,0.86315197,0.017434986,0.07912261,0.07623612,0.17669198,0.18247831,null,null,null,null,"TWOGAUSSIANS",8,5.654845,0.4656859,0.016009415,0.15070996,0.08677373,0.3945541,0.11495744,0.86315197,0.017434986,0.4,0.076561056,0.17669195,0.18260916
