Gaia/vari_eclipsing_binary/VariEclipsingBinary_465528-465573.csv
# %ECSV 1.0
# ---
# delimiter: ','
# meta: !!omap
# - RELEASE: Gaia DR3
# - TABLE: vari_eclipsing_binary
# - DESCRIPTION: >
#     This table describes the properties of the eclipsing binaries resulting from the variability analysis. 
# - CITATION: >
#     How to cite and acknowledge Gaia: 
#     https://gea.esac.esa.int/archive/documentation/credits.html 
# - KNOWN_ISSUES: >
#     Known issues: 
#     https://www.cosmos.esa.int/web/gaia-users/known-issues 
# - DOCUMENTATION: >
#     Tutorials and documentation: 
#     https://www.cosmos.esa.int/web/gaia-users/archive 
# datatype:
# - 
#   name: solution_id
#   datatype: int64
#   description: Solution Identifier
#   meta:
#     ucd: meta.version
# - 
#   name: source_id
#   datatype: int64
#   description: Unique source identifier
#   meta:
#     ucd: meta.id;meta.main
# - 
#   name: global_ranking
#   datatype: float32
#   description: Number between 0 (worst) and 1 (best)
#   meta:
#     ucd: stat.param
# - 
#   name: reference_time
#   datatype: float64
#   unit: d
#   description: Reference time used for the geometric model fit
#   meta:
#     ucd: time.epoch
# - 
#   name: frequency
#   datatype: float64
#   unit: d**-1
#   description: Frequency of geometric model of the eclipsing binary light curve
#   meta:
#     ucd: src.orbital
# - 
#   name: frequency_error
#   datatype: float32
#   unit: d**-1
#   description: "Uncertainty of \\texttt{frequency}"
#   meta:
#     ucd: stat.error
# - 
#   name: geom_model_reference_level
#   datatype: float32
#   unit: mag
#   description: Magnitude reference level of geometric model
#   meta:
#     ucd: phot.mag;em.opt
# - 
#   name: geom_model_reference_level_error
#   datatype: float32
#   unit: mag
#   description: "Uncertainty of \\texttt{geomModelReferenceLevel}"
#   meta:
#     ucd: stat.error;phot.mag;em.opt
# - 
#   name: geom_model_gaussian1_phase
#   datatype: float32
#   description: Phase of the Gaussian 1 component
#   meta:
#     ucd: time.phase
# - 
#   name: geom_model_gaussian1_phase_error
#   datatype: float32
#   description: "Uncertainty of \\texttt{geomModelGaussian1Phase}"
#   meta:
#     ucd: stat.error;time.phase
# - 
#   name: geom_model_gaussian1_sigma
#   datatype: float32
#   description: "Standard deviation [phase] of Gaussian 1 component"
#   meta:
#     ucd: stat.stdev
# - 
#   name: geom_model_gaussian1_sigma_error
#   datatype: float32
#   description: "Uncertainty of \\texttt{geomModelGaussian1Sigma}"
#   meta:
#     ucd: stat.error
# - 
#   name: geom_model_gaussian1_depth
#   datatype: float32
#   unit: mag
#   description: Magnitude depth of Gaussian 1 component
#   meta:
#     ucd: src.var.amplitude
# - 
#   name: geom_model_gaussian1_depth_error
#   datatype: float32
#   unit: mag
#   description: "Uncertainty of \\texttt{geomModelGaussian1Depth}"
#   meta:
#     ucd: stat.error;src.var.amplitude
# - 
#   name: geom_model_gaussian2_phase
#   datatype: float32
#   description: Phase of Gaussian 2 component
#   meta:
#     ucd: time.phase
# - 
#   name: geom_model_gaussian2_phase_error
#   datatype: float32
#   description: "Uncertainty of \\texttt{geomModelGaussian2Phase}"
#   meta:
#     ucd: stat.error;time.phase
# - 
#   name: geom_model_gaussian2_sigma
#   datatype: float32
[...]
#   datatype: float32
#   description: "Secondary eclipse: uncertainty of \\texttt{derivedSecondaryEclDuration}"
#   meta:
#     ucd: stat.error;time.duration
# - 
#   name: derived_secondary_ecl_depth
#   datatype: float32
#   unit: mag
#   description: "Secondary eclipse: depth"
#   meta:
#     ucd: src.var.amplitude
# - 
#   name: derived_secondary_ecl_depth_error
#   datatype: float32
#   unit: mag
#   description: "Secondary eclipse: uncertainty of \\texttt{derivedSecondaryEclDepth}"
#   meta:
#     ucd: stat.error;src.var.amplitude
solution_id,source_id,global_ranking,reference_time,frequency,frequency_error,geom_model_reference_level,geom_model_reference_level_error,geom_model_gaussian1_phase,geom_model_gaussian1_phase_error,geom_model_gaussian1_sigma,geom_model_gaussian1_sigma_error,geom_model_gaussian1_depth,geom_model_gaussian1_depth_error,geom_model_gaussian2_phase,geom_model_gaussian2_phase_error,geom_model_gaussian2_sigma,geom_model_gaussian2_sigma_error,geom_model_gaussian2_depth,geom_model_gaussian2_depth_error,geom_model_cosine_half_period_amplitude,geom_model_cosine_half_period_amplitude_error,geom_model_cosine_half_period_phase,geom_model_cosine_half_period_phase_error,model_type,num_model_parameters,reduced_chi2,derived_primary_ecl_phase,derived_primary_ecl_phase_error,derived_primary_ecl_duration,derived_primary_ecl_duration_error,derived_primary_ecl_depth,derived_primary_ecl_depth_error,derived_secondary_ecl_phase,derived_secondary_ecl_phase_error,derived_secondary_ecl_duration,derived_secondary_ecl_duration_error,derived_secondary_ecl_depth,derived_secondary_ecl_depth_error
[from data line 112]
375316653866487564,4094864842733511936,0.662234,2347.7835953338995,2.1107120122208016,9.385581E-6,18.010672,0.009465548,0.19344138,0.0024991704,0.043807402,0.007553761,0.28018105,0.023167249,0.68589336,0.0017839186,0.031953115,0.0053293407,0.2797803,0.021976538,0.15249653,0.017245224,0.19344138,0.0024991704,"TWOGAUSSIANS_WITH_ELLIPSOIDAL_ON_ECLIPSE1",9,4.0318294,0.19344138,0.0024991704,0.24532145,0.04230106,0.5851741,0.026091691,0.68650335,0.001801792,0.17893745,0.029844306,0.58414316,0.0131621845
375316653866487564,4094864842733533440,0.41896614,2332.053209495416,1.2613686880673036,1.0093211E-4,18.20401,0.008975022,0.72209316,0.006653818,0.04966614,0.006952365,0.27089188,0.015393442,null,null,null,null,null,null,null,null,null,null,"ONEGAUSSIAN",5,8.135655,0.72209316,0.006653818,0.27813038,0.038933244,0.27089188,0.0,null,null,null,null,null,null
375316653866487564,4094864877093300992,0.5492219,2299.5732675140384,3.6413967766944544,4.1013864E-5,19.127626,0.019763406,0.2760328,0.00580338,0.077769585,0.007851132,0.60114664,0.07269418,0.7634528,0.0019234291,0.08217263,0.006803213,0.57788837,0.06520292,null,null,null,null,"TWOGAUSSIANS",8,2.9871628,0.2760328,0.00580338,0.4,0.0,0.5942153,0.07558799,0.7634528,0.0019234291,0.4,0.0,0.570957,0.06809869
375316653866487564,4094864980185819520,0.46773562,2365.931185835439,0.19388538796455929,5.509396E-5,18.554028,0.31395483,0.21511,0.027126715,0.08304305,0.030611735,0.5335933,0.4728848,0.71878886,0.019646578,0.1588217,0.095859006,0.48501545,0.2750992,null,null,null,null,"TWOGAUSSIANS",8,18.230375,0.21499,0.027313156,0.4,0.06655329,0.43322554,0.47221553,0.71878886,0.019646578,0.4,0.0,0.3777976,0.06435144
375316653866487564,4094865044563352192,0.56861407,2344.945547869967,2.3765666761546904,5.816214E-6,17.56049,0.0026899613,0.5146008,6.6878005E-5,0.009766859,7.183786E-4,0.24227576,0.053225122,0.7403419,0.010697777,0.029152537,0.005934304,0.33102196,0.062127452,null,null,null,null,"TWOGAUSSIANS",8,4.0074754,0.7403419,0.010697777,0.16325422,0.0332321,0.33102196,0.062127452,0.5146008,6.6878005E-5,0.05469441,0.00402292,0.24227576,0.053225122
375316653866487564,4094865804805586944,0.57849973,2337.8323171889538,0.2698820548839725,2.3532975E-5,18.112833,0.005177726,0.43686682,0.009034832,0.05312738,0.002874202,1.9311799,0.4982891,0.69665056,0.0063499887,0.057827607,0.010267668,0.0818272,0.019859206,0.019401824,0.005514974,0.43686682,0.009034832,"TWOGAUSSIANS_WITH_ELLIPSOIDAL_ON_ECLIPSE1",9,2.4302337,0.43686682,0.009034832,0.29751334,0.016095532,1.969958,0.49889928,0.6980006,0.006092911,0.3238346,0.057498943,0.08197647,0.019999616
375316653866487564,4094866285842417536,0.48111755,2323.2899273189523,2.0583099459512444,1.3472887E-5,19.846998,0.010470733,0.41241562,0.033541612,0.06058533,0.04954946,0.51409477,0.3560881,0.796323,0.0132228285,0.030954368,0.006800018,0.07146499,0.022420883,null,null,null,null,"TWOGAUSSIANS",8,0.824275,0.41241562,0.033541612,0.33927786,0.078803636,0.51409477,0.35609996,0.796323,0.0132228285,0.17334446,0.0380801,0.07146499,0.022563806
375316653866487564,4094866354562001408,0.5137441,2295.2292882176007,4.586464658953359,1.0190618E-5,18.85161,0.021203903,0.21561608,0.0040447745,0.022683622,0.005306598,0.6420375,0.089761175,0.45977148,0.021025287,0.033887543,0.014009581,0.6308491,0.24820048,null,null,null,null,"TWOGAUSSIANS",8,34.5197,0.21561608,0.0040447745,0.12702829,0.029716948,0.6420375,0.089761175,0.45977148,0.021025287,0.18977025,0.07845365,0.6308491,0.24820048
375316653866487564,4094866384588742016,0.55838513,2307.4348383991946,0.947868690528834,1.2446397E-5,13.71221,0.027305897,0.20727542,0.0077342708,0.04450413,0.012915718,0.1534536,0.05584797,0.9251877,0.07511319,0.06264138,0.07782509,0.10044158,0.06625653,0.1549775,0.034433983,0.20727542,0.0077342708,"TWOGAUSSIANS_WITH_ELLIPSOIDAL_ON_ECLIPSE1",9,103.75884,0.20727542,0.007588575,0.24922311,0.07232802,0.46341214,0.02597093,0.9251877,0.07511319,0.35079172,0.099151455,0.112870365,0.08619393
375316653866487564,4094867140503338368,0.46802738,2257.8184618492537,0.7923927949776093,5.6319852E-5,18.38039,0.117185935,0.48808685,0.0134215355,0.16615836,0.060064666,0.31438994,0.1044943,0.0059596766,0.8470602,0.07487616,0.04323385,0.09692192,0.08589546,null,null,null,null,"TWOGAUSSIANS",8,17.275394,0.48808685,0.013307074,0.4,0.0,0.27402934,0.04311264,0.008299677,0.8445113,0.4,0.0131759625,0.063716024,0.03315802
375316653866487564,4094867385348451584,0.5481582,2341.4691158885457,1.9733528041472608,2.265255E-5,17.209785,0.024140948,0.24273203,0.047174707,0.06889888,0.06715624,0.12215875,0.07688817,0.7230114,0.005282662,0.033842683,0.0094797695,0.13257587,0.06262235,0.1058022,0.031256482,0.7230114,0.005282662,"TWOGAUSSIANS_WITH_ELLIPSOIDAL_ON_ECLIPSE2",9,13.058363,0.7230114,0.005282662,0.18951902,0.05308671,0.34412295,0.021833712,0.23495203,0.020600813,0.38583374,0.2699829,0.33174065,0.069381274
375316653866487564,4094867552819621248,0.4650096,2314.6543942898393,2.4428958912745955,1.7592609E-5,16.512613,0.006841981,0.80063474,0.013980542,0.06393528,0.08038575,0.013826872,4.5810765E21,null,null,null,null,null,null,0.06252656,0.009889451,0.80063474,0.013980542,"ONEGAUSSIAN_WITH_ELLIPSOIDAL",6,75.54533,0.80063474,0.013980542,0.35803756,0.4501602,0.13887338,4.5810765E21,null,null,null,null,null,null
375316653866487564,4094867591524885504,0.49507877,2437.7292014206273,1.2460591441346454,2.1933144E-4,18.916698,0.12315211,0.24173586,0.015043514,0.065064825,0.04187278,0.5912861,0.1745039,0.6947498,0.021964358,0.07183859,0.029111607,0.5437082,0.14405952,null,null,null,null,"TWOGAUSSIANS",8,4.6378193,0.24173586,0.015043514,0.36436304,0.11792036,0.59090006,0.18819146,0.6947498,0.021964358,0.4,0.08704513,0.54332215,0.13509291
375316653866487564,4094867621539179136,0.48174846,2327.231679087128,0.11586717105785803,1.1928815E-5,16.870718,0.0032865584,0.2697649,0.0018101812,0.024308613,0.0041340566,0.060786705,0.020789282,null,null,null,null,null,null,0.013498419,0.005667317,0.2697649,0.0018101812,"ONEGAUSSIAN_WITH_ELLIPSOIDAL",6,2.3357663,0.2697649,0.0018101812,0.13612823,0.023150718,0.08778348,0.020360837,null,null,null,null,null,null
375316653866487564,4094868038183529600,0.5705845,2334.758637645016,4.241825185861876,3.118027E-5,18.725256,0.01627077,0.27855223,0.0061967233,0.07753893,0.009696792,0.2833139,0.016267238,0.786133,0.012944442,0.079805374,0.0087682055,0.43255466,0.05338483,null,null,null,null,"TWOGAUSSIANS",8,2.9505363,0.786133,0.012944442,0.4,0.0,0.42870155,0.05243645,0.27855223,0.0061967233,0.4,0.0,0.2794608,0.012760082
375316653866487564,4094868897177099776,0.58904356,2321.2764349147924,3.343179879902806,1.9110412E-5,17.407728,0.0108670695,0.23373246,0.005158845,0.07033611,0.006262712,0.37582174,0.018528668,0.7240058,0.002292154,0.07982991,0.004346431,0.44621894,0.03128221,null,null,null,null,"TWOGAUSSIANS",8,15.277251,0.7240058,0.002292154,0.4,0.0,0.44363147,0.03169734,0.23373246,0.005158845,0.39388224,0.033153635,0.3732343,0.018149614
375316653866487564,4094869064648622080,0.5516464,2336.993980994352,2.5820953360456262,1.7989714E-5,16.950146,0.2450006,0.3308677,0.003265965,0.12443489,0.052280538,0.35646504,0.22975023,0.83270204,0.005228462,0.111319706,0.031541184,0.4002328,0.22819899,null,null,null,null,"TWOGAUSSIANS",8,23.702644,0.83271205,0.005323089,0.4,0.0,0.32257512,0.018826436,0.3308677,0.003284816,0.4,0.0,0.27861804,0.012138311
375316653866487564,4094869172055110272,0.5512105,2264.3633303919028,2.7252993181099927,1.5694983E-5,17.277086,0.005380721,0.78102964,0.0037195187,0.029230198,0.008267472,0.06763552,0.05298853,null,null,null,null,null,null,0.11814369,0.007005669,0.78102964,0.0037195187,"ONEGAUSSIAN_WITH_ELLIPSOIDAL",6,13.093091,0.78102964,0.0037195187,0.1636891,0.04629784,0.3039229,0.051487252,null,null,null,null,null,null
375316653866487564,4094869687470184704,0.62099427,2295.2476895670748,2.4486112485674787,7.2460757E-6,16.30156,0.011748836,0.23964587,0.0026944967,0.045057252,0.007447742,0.16330065,0.033014424,0.7579554,0.05519424,0.04536477,0.02908586,0.118919104,0.19169052,0.09845456,0.012568027,0.23964587,0.0026944967,"TWOGAUSSIANS_WITH_ELLIPSOIDAL_ON_ECLIPSE1",9,10.107202,0.23964587,0.0026944967,0.25232062,0.041707356,0.36020952,0.026381293,0.7579554,0.054028854,0.2540427,0.16288081,0.31323344,0.20067972
375316653866487564,4094870061081159680,0.64967555,2251.2406327220683,3.9155533337206023,1.2985604E-5,16.33022,0.013574632,0.31570885,0.0012269545,0.04831276,0.0049987743,0.4022454,0.047092542,0.8113074,0.05697459,0.041764062,0.028496366,0.40743417,3.8438103,0.13672009,0.017490843,0.31570885,0.0012269545,"TWOGAUSSIANS_WITH_ELLIPSOIDAL_ON_ECLIPSE1",9,22.683289,0.8116774,0.056748096,0.23387876,0.15957965,0.6806821,3.8067367,0.31570885,0.0012269545,0.27055147,0.027993135,0.67568475,0.056897227
375316653866487564,4094870645207339904,0.523358,2267.525791467616,3.1719091360319656,2.7176855E-5,19.070507,0.0058463598,0.22390991,0.0121029075,0.019747902,0.011755276,0.1851164,30.614145,0.7442672,0.004958391,0.010250501,0.003746367,0.29791823,0.09265994,null,null,null,null,"TWOGAUSSIANS",8,1.4590253,0.7442672,0.004958391,0.05740281,0.020979656,0.29791823,0.09265994,0.22390991,0.0121029075,0.110588245,0.065829545,0.1851164,30.614145
375316653866487564,4094870718249731584,0.52369666,2334.1146184744307,3.7310047309483365,4.781049E-5,18.143053,0.042156562,0.27543557,0.020094588,0.07475245,0.020415463,0.571316,0.035352457,0.7724299,0.011955726,0.07034568,0.014553446,0.70872056,0.23351309,null,null,null,null,"TWOGAUSSIANS",8,42.446323,0.7724299,0.011955726,0.39393577,0.06374366,0.7056076,0.23657764,0.27543557,0.020094588,0.4,0.0014417514,0.56820303,0.035305545
375316653866487564,4094870821329300992,0.5162402,2309.5458741017897,0.08940790053160902,3.061894E-5,19.534077,0.008786692,0.3565619,0.03516699,0.048031926,0.023425225,0.3028874,0.10319719,0.83969355,0.12149584,0.051034622,0.048349954,0.67216825,7.72235,null,null,null,null,"TWOGAUSSIANS",8,2.1577005,0.83969355,0.12149584,0.28579387,0.27075973,0.6721671,7.722353,0.3565619,0.03516699,0.26897877,0.13118125,0.3028863,0.10319532
375316653866487564,4094871268018189312,0.61766595,2261.178125266665,3.007242616540013,1.0839441E-5,17.941685,0.023427805,0.21784407,0.0056907823,0.052764174,0.012322433,0.39415398,0.062773615,0.71498966,0.006383492,0.052984558,0.0067360383,0.44647613,0.058775865,0.12516895,0.028764825,0.21784407,0.0056907823,"TWOGAUSSIANS_WITH_ELLIPSOIDAL_ON_ECLIPSE1",9,7.4460015,0.7153097,0.00591026,0.2967135,0.037721816,0.6967319,0.020156763,0.21784407,0.0056907823,0.29547936,0.06900563,0.64448136,0.037136294
375316653866487564,4094871577254746624,0.523186,2259.794475820398,3.5945948180858216,2.2278316E-5,17.770414,0.017897068,0.26381457,0.0031319563,0.089955345,0.010630722,0.16691796,0.017206911,0.77265114,0.004711343,0.0933284,0.014920292,0.17693698,0.014856124,null,null,null,null,"TWOGAUSSIANS",8,5.25207,0.77265114,0.004711343,0.4,0.0,0.16964707,0.013897528,0.26381457,0.0031319563,0.4,0.0,0.15962821,0.009887021
375316653866487564,4094871645974266752,0.617047,2234.9101052613596,0.6337534426447707,3.141336E-5,14.157337,0.0013494444,0.27788305,0.011567597,0.0073825214,0.0046580653,0.01605027,0.013449206,0.6729272,0.012741042,0.062126815,0.00819053,0.4306682,0.09652143,null,null,null,null,"TWOGAUSSIANS",8,38.420937,0.6729272,0.012741042,0.34791017,0.04586697,0.4306682,0.09652143,0.27788305,0.011567597,0.04134212,0.026085164,0.01605027,0.013449206
375316653866487564,4094871714676464768,0.4462383,2250.273494887542,2.3866809721372246,1.772588E-4,19.169376,0.032711502,0.31598854,0.03208148,0.1154565,0.035655055,0.17740531,0.060071815,0.67689973,0.020198299,0.08755471,0.041906457,0.10148052,0.025715675,null,null,null,null,"TWOGAUSSIANS",8,6.8722024,0.31605855,0.031363245,0.4,0.0,0.17548138,0.055015683,0.67689973,0.020198299,0.4,0.03339242,0.10087585,0.021899307
375316653866487564,4094871955211963008,0.65331763,2260.6343094159906,1.2832635035088396,2.061587E-5,15.649858,0.0054812655,0.28628185,0.0023275483,0.04709304,0.0029068936,0.56284434,0.051953427,0.783467,0.012139116,0.046089113,0.013758939,0.04627712,0.01806609,0.033807587,0.007126307,0.28628185,0.0023275483,"TWOGAUSSIANS_WITH_ELLIPSOIDAL_ON_ECLIPSE1",9,10.737171,0.28628185,0.0023275483,0.26372105,0.016278604,0.63045895,0.0554963,0.784017,0.011538673,0.25809902,0.07705005,0.11387472,0.013234498
375316653866487564,4094872122669697792,0.64233845,2238.4355998649153,1.6106205221303214,7.2964694E-6,16.105793,0.0018771896,0.5838623,7.481429E-5,0.0060301567,1.1727956E-4,0.50170034,0.0060870633,0.6991639,0.0018550319,0.0049325977,0.0010957404,0.32140815,0.5803784,null,null,null,null,"TWOGAUSSIANS",8,9.728545,0.5838623,7.481429E-5,0.033768877,6.5676554E-4,0.50170034,0.0060870633,0.6991639,0.0018550319,0.027622547,0.006136146,0.32140815,0.5803784
375316653866487564,4094872333151939328,0.5471719,2263.411695588554,2.150099636444773,1.0182575E-5,18.864946,0.021388762,0.23917472,0.009670998,0.08422371,0.009960806,0.53034246,0.019567115,0.7289674,0.0024888495,0.08030338,0.009345396,0.4900185,0.050921533,null,null,null,null,"TWOGAUSSIANS",8,5.0492177,0.23917472,0.009670998,0.4,0.0,0.5220143,0.017543077,0.7289674,0.0024888495,0.4,0.0,0.4816904,0.054269366
375316653866487564,4094872367528757376,0.49981806,2247.266379088501,2.7749552287006547,3.598753E-5,16.00856,0.29965758,0.23906708,0.016049797,0.1151034,0.0759314,0.27776232,0.28777516,0.76542234,0.010708252,0.104463845,0.042653292,0.2512722,0.27325562,null,null,null,null,"TWOGAUSSIANS",8,116.64213,0.23904708,0.015452471,0.4,0.0,0.24787617,0.036203887,0.76550233,0.01002724,0.4,0.0,0.22144315,0.024164248
375316653866487564,4094872741140628352,0.4908045,2231.2861599386138,0.0871937046091059,6.41572E-5,18.207485,0.0057549146,0.23705478,0.021450654,0.07914848,0.023777124,0.08099059,0.012449195,0.74677587,0.0050587985,0.061184645,0.012255504,0.07318377,0.024251223,null,null,null,null,"TWOGAUSSIANS",8,1.6787614,0.23705478,0.021450654,0.4,0.008304413,0.08078076,0.0131538175,0.74677587,0.0050587985,0.34263402,0.06863082,0.072973944,0.024307031
375316653866487564,4094872814188623872,0.4369305,2254.9113658914453,2.39262700860303,2.314076E-5,16.242958,0.007521241,0.23364688,0.0036756885,0.038141,0.016234837,0.81837535,1.643591,0.67567885,0.03074483,0.14338706,0.068567365,0.05252013,0.40830955,null,null,null,null,"TWOGAUSSIANS",8,9.732174,0.23366688,0.003612964,0.21358961,0.09091509,0.8176242,1.6446384,0.67567885,0.03074483,0.4,0.0,0.051288333,0.4096191
375316653866487564,4094873157786343808,0.46607885,2206.947002685883,0.3903585022801838,5.6491397E-5,19.419737,0.05076442,0.24353659,0.012914203,0.09600896,0.035902496,0.18833494,0.04324709,0.7424917,0.029475024,0.08393661,0.03513965,0.18144655,0.13553911,null,null,null,null,"TWOGAUSSIANS",8,3.3637881,0.24353659,0.012914203,0.4,0.0,0.1806823,0.037800692,0.7424917,0.029474877,0.4,0.041349035,0.17379439,0.13647212
375316653866487564,4094873226522326912,0.48024514,2199.0747999780497,0.7795514031380658,1.465853E-4,16.59079,0.009936506,0.34912694,0.062066317,0.13986303,0.09581553,0.035239894,0.05567665,0.77157485,0.036159836,0.107955374,0.04039305,0.021024484,0.009056256,null,null,null,null,"TWOGAUSSIANS",8,1.3526206,0.34932694,0.061960917,0.4,0.07342996,0.031563822,0.057727247,0.77157485,0.036159836,0.4,0.0,0.017713528,0.0021543147
