Gaia/vari_eclipsing_binary/VariEclipsingBinary_347544-347757.csv
# %ECSV 1.0
# ---
# delimiter: ','
# meta: !!omap
# - RELEASE: Gaia DR3
# - TABLE: vari_eclipsing_binary
# - DESCRIPTION: >
#     This table describes the properties of the eclipsing binaries resulting from the variability analysis. 
# - CITATION: >
#     How to cite and acknowledge Gaia: 
#     https://gea.esac.esa.int/archive/documentation/credits.html 
# - KNOWN_ISSUES: >
#     Known issues: 
#     https://www.cosmos.esa.int/web/gaia-users/known-issues 
# - DOCUMENTATION: >
#     Tutorials and documentation: 
#     https://www.cosmos.esa.int/web/gaia-users/archive 
# datatype:
# - 
#   name: solution_id
#   datatype: int64
#   description: Solution Identifier
#   meta:
#     ucd: meta.version
# - 
#   name: source_id
#   datatype: int64
#   description: Unique source identifier
#   meta:
#     ucd: meta.id;meta.main
# - 
#   name: global_ranking
#   datatype: float32
#   description: Number between 0 (worst) and 1 (best)
#   meta:
#     ucd: stat.param
# - 
#   name: reference_time
#   datatype: float64
#   unit: d
#   description: Reference time used for the geometric model fit
#   meta:
#     ucd: time.epoch
# - 
#   name: frequency
#   datatype: float64
#   unit: d**-1
#   description: Frequency of geometric model of the eclipsing binary light curve
#   meta:
#     ucd: src.orbital
# - 
#   name: frequency_error
#   datatype: float32
#   unit: d**-1
#   description: "Uncertainty of \\texttt{frequency}"
#   meta:
#     ucd: stat.error
# - 
#   name: geom_model_reference_level
#   datatype: float32
#   unit: mag
#   description: Magnitude reference level of geometric model
#   meta:
#     ucd: phot.mag;em.opt
# - 
#   name: geom_model_reference_level_error
#   datatype: float32
#   unit: mag
#   description: "Uncertainty of \\texttt{geomModelReferenceLevel}"
#   meta:
#     ucd: stat.error;phot.mag;em.opt
# - 
#   name: geom_model_gaussian1_phase
#   datatype: float32
#   description: Phase of the Gaussian 1 component
#   meta:
#     ucd: time.phase
# - 
#   name: geom_model_gaussian1_phase_error
#   datatype: float32
#   description: "Uncertainty of \\texttt{geomModelGaussian1Phase}"
#   meta:
#     ucd: stat.error;time.phase
# - 
#   name: geom_model_gaussian1_sigma
#   datatype: float32
#   description: "Standard deviation [phase] of Gaussian 1 component"
#   meta:
#     ucd: stat.stdev
# - 
#   name: geom_model_gaussian1_sigma_error
#   datatype: float32
#   description: "Uncertainty of \\texttt{geomModelGaussian1Sigma}"
#   meta:
#     ucd: stat.error
# - 
#   name: geom_model_gaussian1_depth
#   datatype: float32
#   unit: mag
#   description: Magnitude depth of Gaussian 1 component
#   meta:
#     ucd: src.var.amplitude
# - 
#   name: geom_model_gaussian1_depth_error
#   datatype: float32
#   unit: mag
#   description: "Uncertainty of \\texttt{geomModelGaussian1Depth}"
#   meta:
#     ucd: stat.error;src.var.amplitude
# - 
#   name: geom_model_gaussian2_phase
#   datatype: float32
#   description: Phase of Gaussian 2 component
#   meta:
#     ucd: time.phase
# - 
#   name: geom_model_gaussian2_phase_error
#   datatype: float32
#   description: "Uncertainty of \\texttt{geomModelGaussian2Phase}"
#   meta:
#     ucd: stat.error;time.phase
# - 
#   name: geom_model_gaussian2_sigma
#   datatype: float32
[...]
#   datatype: float32
#   description: "Secondary eclipse: uncertainty of \\texttt{derivedSecondaryEclDuration}"
#   meta:
#     ucd: stat.error;time.duration
# - 
#   name: derived_secondary_ecl_depth
#   datatype: float32
#   unit: mag
#   description: "Secondary eclipse: depth"
#   meta:
#     ucd: src.var.amplitude
# - 
#   name: derived_secondary_ecl_depth_error
#   datatype: float32
#   unit: mag
#   description: "Secondary eclipse: uncertainty of \\texttt{derivedSecondaryEclDepth}"
#   meta:
#     ucd: stat.error;src.var.amplitude
solution_id,source_id,global_ranking,reference_time,frequency,frequency_error,geom_model_reference_level,geom_model_reference_level_error,geom_model_gaussian1_phase,geom_model_gaussian1_phase_error,geom_model_gaussian1_sigma,geom_model_gaussian1_sigma_error,geom_model_gaussian1_depth,geom_model_gaussian1_depth_error,geom_model_gaussian2_phase,geom_model_gaussian2_phase_error,geom_model_gaussian2_sigma,geom_model_gaussian2_sigma_error,geom_model_gaussian2_depth,geom_model_gaussian2_depth_error,geom_model_cosine_half_period_amplitude,geom_model_cosine_half_period_amplitude_error,geom_model_cosine_half_period_phase,geom_model_cosine_half_period_phase_error,model_type,num_model_parameters,reduced_chi2,derived_primary_ecl_phase,derived_primary_ecl_phase_error,derived_primary_ecl_duration,derived_primary_ecl_duration_error,derived_primary_ecl_depth,derived_primary_ecl_depth_error,derived_secondary_ecl_phase,derived_secondary_ecl_phase_error,derived_secondary_ecl_duration,derived_secondary_ecl_duration_error,derived_secondary_ecl_depth,derived_secondary_ecl_depth_error
[from data line 72]
375316653866487564,3057209814959092352,0.4884378,1974.1481612405423,1.5337581146969064,2.4225621E-6,17.28812,0.017802384,0.10158916,0.09860879,0.0430878,0.10860823,0.08573494,0.021451728,0.5769368,0.0013438615,0.025692368,0.0019415561,0.55710006,0.06738267,null,null,null,null,"TWOGAUSSIANS",8,53.893486,0.5769368,0.0013438615,0.14387725,0.010872714,0.55710006,0.06696374,0.10158916,0.09860879,0.24129167,0.15874109,0.08573494,0.022014549
375316653866487564,3057209948098011264,0.54762805,1973.41989609326,0.5969228677196639,1.06928E-6,18.72652,0.0020898653,0.14228745,8.083608E-5,0.0065798396,6.953693E-5,0.41046908,0.004158188,0.6447831,4.5441488E-5,0.0072051943,1.4670234E-4,0.55499834,0.016318796,null,null,null,null,"TWOGAUSSIANS",8,1.305754,0.6447831,4.5441488E-5,0.04034909,8.2153315E-4,0.55499834,0.016318796,0.14228745,8.083608E-5,0.036847103,3.8940684E-4,0.41046908,0.004158188
375316653866487564,3057212082701770880,0.5067497,1992.7407345923227,1.9030707709994727,9.0171825E-6,18.106861,0.0022378801,0.34569007,0.0010886368,0.029249772,0.0015159873,0.100656606,0.0042924746,0.85167044,0.0032698326,0.031326067,0.004422428,0.079093516,0.01017918,null,null,null,null,"TWOGAUSSIANS",8,1.7855633,0.34569007,0.0010886368,0.16379872,0.008489529,0.100656606,0.0042924746,0.85167044,0.0032698326,0.17542598,0.024765598,0.079093516,0.01017918
375316653866487564,3057215415596339712,0.63664484,2029.2164339842332,0.12549676381824745,4.187762E-6,14.275746,3.4478708E-4,0.19237931,2.7478815E-4,0.010152905,2.6353597E-4,0.22119588,0.003468064,0.6996706,0.0016530183,0.009808274,0.0011706362,0.20229843,0.04037226,null,null,null,null,"TWOGAUSSIANS",8,5.7505474,0.19237931,2.7478815E-4,0.056856267,0.0014758015,0.22119588,0.003468064,0.6996706,0.0016530183,0.054926332,0.0065555624,0.20229843,0.04037226
375316653866487564,3057217575958714496,0.47813195,2012.1432623322635,0.023960902306703995,6.6094067E-6,18.755396,0.0040348256,0.13143803,0.03457734,0.03652833,0.023458777,0.1519,0.108097054,0.8710981,0.015142718,0.033517543,0.0101698,0.14537074,0.015637515,null,null,null,null,"TWOGAUSSIANS",8,2.4974248,0.13143803,0.03457734,0.20455864,0.13136916,0.1519,0.108097054,0.8710981,0.015142718,0.18769825,0.056950882,0.14537074,0.015637515
375316653866487564,3057219435685706368,0.47461,1991.6662344418112,0.5967972476844731,1.92062E-5,16.74476,0.0044179587,0.10397732,5.56961E-4,0.010601754,0.0011648542,0.83541715,0.22999604,0.80536723,0.023543037,0.03394517,0.03785599,0.051836424,140238.72,0.0066433507,0.0069184424,0.80536723,0.023543037,"TWOGAUSSIANS_WITH_ELLIPSOIDAL_ON_ECLIPSE2",9,41.557697,0.10398733,5.5687304E-4,0.059369825,0.0065231835,0.83661854,0.23003161,0.80536723,0.023543037,0.19009295,0.21199356,0.0651231,140238.72
375316653866487564,3057220633975211520,0.45379704,1963.7411093805838,0.3766378680085646,8.622654E-5,19.69613,0.007908089,0.17016101,0.011515238,0.061230723,0.016803779,0.07321661,0.02893872,0.65420216,0.008517893,0.008344095,0.00857589,0.30977845,0.15601906,null,null,null,null,"TWOGAUSSIANS",8,2.4501595,0.65420216,0.008517893,0.04672693,0.048024986,0.30977845,0.15601906,0.17016101,0.011515238,0.34289205,0.09410116,0.07321661,0.02893872
375316653866487564,3057222081385541504,0.6640562,1987.762344150784,0.6791836177337519,1.941084E-6,15.680303,7.021562E-4,0.589159,6.1185827E-4,0.036112484,5.6446827E-4,0.46935683,0.008737447,0.8774242,0.018994745,0.037749186,0.07477147,0.0011292107,0.0023438507,0.0032850748,8.9494645E-4,0.8774242,0.018994745,"TWOGAUSSIANS_WITH_ELLIPSOIDAL_ON_ECLIPSE2",9,6.970148,0.589109,6.134419E-4,0.2022299,0.0031610224,0.46972984,0.008717912,0.8774242,0.018994745,0.21139544,0.39019683,0.0076993373,0.0024231
375316653866487564,3057223215256859904,0.58787125,1982.6362725368137,1.058394124403436,4.756857E-6,15.247782,0.0016737453,0.2719834,0.005703724,0.030592829,0.0056309183,0.1960018,0.0128377285,0.7676597,0.0028988158,0.0296434,0.0032288404,0.28596613,0.02111797,0.023882654,0.0032701825,0.2719834,0.005703724,"TWOGAUSSIANS_WITH_ELLIPSOIDAL_ON_ECLIPSE1",9,15.753543,0.76770973,0.0028818063,0.16600303,0.018081507,0.33369657,0.01957106,0.2719834,0.005703724,0.17131984,0.03153314,0.2437671,0.011699337
375316653866487564,3057223352695799936,0.5175703,1981.7786997092362,0.3280036421153422,2.250227E-5,15.864215,0.0071689705,0.2429226,0.0031996176,0.030010777,0.003609223,0.16208413,0.018195383,0.7353237,0.015551062,0.029285008,0.010017955,0.7382885,0.14668277,null,null,null,null,"TWOGAUSSIANS",8,259.26083,0.7353237,0.015551062,0.16399604,0.056100547,0.7382885,0.14668277,0.2429226,0.0031996176,0.16806035,0.020211648,0.16208413,0.018195383
375316653866487564,3057223387055524864,0.44409412,1960.6967038622968,4.539760946640464,4.9182334E-5,18.049253,0.34687462,0.2869304,0.017961467,0.11963064,0.07574699,0.1879369,0.29238367,0.784883,0.006823407,0.13889554,0.13970076,0.13839819,0.33808866,null,null,null,null,"TWOGAUSSIANS",8,11.859984,0.28697044,0.018093374,0.4,0.0,0.14054778,0.020892844,0.784883,0.0068013747,0.4,0.0,0.09064433,0.009196815
375316653866487564,3057224860225766400,0.54905736,2000.6180558075123,3.490238241815351,8.866342E-6,17.03659,0.01617005,0.24451236,0.0019261863,0.092446126,0.009115633,0.3034503,0.010694123,0.7591183,0.0034521203,0.09240539,0.006386022,0.3092211,0.0224555,null,null,null,null,"TWOGAUSSIANS",8,13.360961,0.7591183,0.0034521203,0.4,0.0,0.29650676,0.021347197,0.24451236,0.0019261863,0.4,0.0,0.29073596,0.0128601035
375316653866487564,3057225826597091968,0.5286285,1993.8549090909871,2.4880735736905764,1.9824049E-5,14.584123,0.107253395,0.15922716,0.0041544894,0.12935026,0.033965435,0.14606814,0.09946925,0.65331143,0.003491892,0.14765026,0.047776572,0.14368455,0.10529447,null,null,null,null,"TWOGAUSSIANS",8,23.101624,0.15954715,0.0039314576,0.4,0.0,0.09255928,0.0041753305,0.65331143,0.003491892,0.4,0.0,0.08940663,0.0040303892
375316653866487564,3057230293362862592,0.51520705,1967.4559694652387,3.94784166392135,5.2672534E-5,16.9813,0.0021005564,0.2149206,0.0066701802,0.07112277,0.0132869575,0.08431802,0.019800011,0.70870966,0.0047092247,0.07493715,0.006795669,0.062690325,0.0033646354,null,null,null,null,"TWOGAUSSIANS",8,1.7697592,0.2149206,0.0066701802,0.39828753,0.035617225,0.08396159,0.020236537,0.70870966,0.0047092247,0.4,0.0,0.062333893,0.0032588257
375316653866487564,3057233935495286528,0.6659168,1997.557824344929,1.21104096806488,8.498566E-6,12.531543,0.0010294302,0.23984791,8.974637E-4,0.036230635,0.0011914062,0.16637442,0.0031177348,0.7418321,0.0017216231,0.03308004,0.0015923418,0.19990173,0.00572287,0.005989387,0.0014874957,0.23984791,8.974637E-4,"TWOGAUSSIANS_WITH_ELLIPSOIDAL_ON_ECLIPSE1",9,22.170135,0.7418321,0.0017216231,0.18524823,0.008917114,0.21187864,0.0051602907,0.23984791,8.974637E-4,0.20289154,0.0066718743,0.17835319,0.0025627585
375316653866487564,3057239295614232448,0.6262871,2010.388481885125,0.48589150828212146,2.8508513E-5,14.427924,8.6440414E-4,0.54034156,0.0013969465,0.026395911,0.0013335493,0.3561984,0.012950888,null,null,null,null,null,null,null,null,null,null,"ONEGAUSSIAN",5,16.134893,0.54034156,0.0013969465,0.1478171,0.0074678757,0.3561984,0.0,null,null,null,null,null,null
375316653866487564,3057243453140656384,0.5289126,2046.411755059783,3.452258018541756,1.4147932E-5,17.128473,0.6473437,0.17118448,0.0033357504,0.18337783,0.09730389,0.56511366,0.60500705,0.67144865,0.0030226707,0.17781843,0.071728945,0.6543731,0.5997776,null,null,null,null,"TWOGAUSSIANS",8,4.868594,0.67153865,0.0031543057,0.4,0.0,0.21809518,0.008391171,0.17105448,0.003609622,0.4,0.0,0.12648663,0.0064405412
375316653866487564,3057248053045226880,0.5496219,1973.7605338726853,3.957748984152726,9.3160525E-6,19.416183,0.011063396,0.31000125,0.0025424014,0.07804477,0.0031687235,0.44801778,0.015733931,0.7842227,0.0041970145,0.07190804,0.005086579,0.46020475,0.03273401,null,null,null,null,"TWOGAUSSIANS",8,1.0875636,0.7842227,0.0041970145,0.4,0.0131020285,0.45826414,0.033140257,0.31000125,0.0025424014,0.4,0.0,0.44607714,0.015124405
375316653866487564,3057251592098308736,0.49089918,2010.352984992946,3.349661412614694,5.3318916E-5,19.776093,0.01326273,0.18187177,0.0066295783,0.049171895,0.008543121,0.4503166,0.04046708,0.6853761,0.007404194,0.07609335,0.007387679,0.26874927,0.04638441,null,null,null,null,"TWOGAUSSIANS",8,3.609631,0.18187177,0.0066295783,0.2753626,0.047841474,0.45011845,0.040547673,0.6853761,0.007404194,0.4,0.0,0.2685511,0.046422426
375316653866487564,3057256819078749696,0.45781064,2024.2127648864484,0.08452629208829192,1.3187296E-5,15.121317,0.0027628376,0.2751678,0.0326017,0.121535294,0.030762237,0.038730673,0.007604732,0.5613221,0.011334551,0.09133592,0.011534092,0.09701244,0.0137496535,null,null,null,null,"TWOGAUSSIANS",8,6.8169646,0.5613221,0.011334551,0.4,0.0,0.099030726,0.013758478,0.2897678,0.05131806,0.4,0.0,0.039215725,0.0073125064
375316653866487564,3057260628712819072,0.50953627,2037.8309927613502,4.230146752621767,2.4309258E-5,17.204084,0.19288808,0.28777897,0.017079677,0.109953396,0.06806161,0.20604222,0.18822813,0.78342,0.005504652,0.107835986,0.03951737,0.2701766,0.18128332,null,null,null,null,"TWOGAUSSIANS",8,29.050798,0.78342,0.005504652,0.4,0.0,0.23800509,0.023368843,0.287789,0.017251255,0.4,0.0,0.17386895,0.01980045
375316653866487564,3057261315905633024,0.45751095,1995.0708032830355,0.1732371150406192,1.9459501E-5,18.86477,0.006039766,0.16121106,0.0010023111,0.006064636,6.5197377E-4,0.046534203,0.0041024433,0.475762,0.0071712546,0.100945614,0.0155725805,0.22800794,0.02804177,null,null,null,null,"TWOGAUSSIANS",8,4.4887075,0.475762,0.0071712546,0.4,0.0,0.2280058,0.028057411,0.16125105,9.985878E-4,0.033961963,0.0036510532,0.048309512,0.0043493
375316653866487564,3057264584375469184,0.5530269,2035.4071891061908,2.6539727674639435,1.2191879E-5,15.720017,0.0054285713,0.2396482,0.002323155,0.0385212,0.007837813,0.23899433,0.093054,0.75521016,0.009198519,0.043631393,0.013520901,0.07708084,0.015347024,0.099870056,0.007013064,0.2396482,0.002323155,"TWOGAUSSIANS_WITH_ELLIPSOIDAL_ON_ECLIPSE1",9,38.486504,0.2396482,0.002323155,0.21571872,0.043891758,0.43873426,0.09774785,0.75521016,0.009198519,0.24433582,0.07571705,0.2749172,0.013042322
375316653866487564,3057269459163825536,0.58202744,2001.9046757665133,2.843493810420702,8.821364E-6,16.472837,0.011626196,0.20533884,0.0013727917,0.09934112,0.006271024,0.21118292,0.009152032,0.69597644,0.003942727,0.096722834,0.0079327775,0.24513608,0.010741893,null,null,null,null,"TWOGAUSSIANS",8,8.164193,0.69597644,0.003942727,0.4,0.0,0.2295881,0.009590543,0.20533884,0.0013727917,0.4,0.0,0.19563434,0.0050369785
375316653866487564,3057275098456548608,0.56179893,2017.8078477925183,3.2904052735821487,1.20589275E-5,17.865036,0.015039134,0.21618257,0.0029834907,0.08377126,0.0059635853,0.31642506,0.015430975,0.7145787,0.0033105991,0.08715758,0.0073664533,0.30619317,0.0150475325,null,null,null,null,"TWOGAUSSIANS",8,6.990504,0.21618257,0.0029834907,0.4,0.0,0.3080326,0.012303109,0.7145787,0.0033105991,0.4,0.0,0.2978007,0.013757515
375316653866487564,3057276404129555456,0.4790416,2093.554349727002,0.08662776071633718,1.980522E-4,17.477282,0.0039900728,0.21444753,0.0044467244,0.051562175,0.008892131,0.17790692,0.05990723,0.7365955,0.029118035,0.082426235,0.020999905,0.10886001,0.010509339,null,null,null,null,"TWOGAUSSIANS",8,5.2799563,0.21444753,0.0044467244,0.2887482,0.049795933,0.17777884,0.060002472,0.7365955,0.029118035,0.4,0.0,0.10873194,0.010432656
375316653866487564,3057277538000903552,0.5555495,2060.0399192179602,3.6161639629687574,1.2046995E-5,18.609426,0.012129891,0.26422217,0.0036472352,0.08488444,0.0072635016,0.36617097,0.023929175,0.7607192,0.0036104347,0.08421471,0.006001841,0.3357382,0.014946842,null,null,null,null,"TWOGAUSSIANS",8,2.2580307,0.26422217,0.0036472352,0.4,0.0,0.3578397,0.026465321,0.7607192,0.0036104347,0.4,0.0,0.32740694,0.014009125
375316653866487564,3057278396994761088,0.60340875,2124.6962067977643,0.8848267736595251,3.05892E-5,11.898691,0.0040385313,0.24109314,8.130592E-4,0.02043025,8.102399E-4,0.7681404,0.035906024,0.7411604,0.022933377,0.023384709,0.014652252,0.43841398,2.1684537,0.008481561,0.005984355,0.24109314,8.130592E-4,"TWOGAUSSIANS_WITH_ELLIPSOIDAL_ON_ECLIPSE1",9,678.0415,0.24109314,8.130592E-4,0.1144094,0.004537343,0.7851035,0.03860789,0.7411604,0.022933377,0.13095437,0.08205261,0.4553771,2.1684484
375316653866487564,3057282687663315456,0.5637929,2039.1179148405363,1.1046216480469426,1.0509371E-5,19.275211,0.0051082093,0.3226857,0.0021775684,0.024012225,0.0014945294,0.69925004,0.04870644,0.82088083,0.010227017,0.017939974,0.008508065,0.22934474,0.041213207,null,null,null,null,"TWOGAUSSIANS",8,2.6565135,0.3226857,0.0021775684,0.13446845,0.008369365,0.69925004,0.04870644,0.82088083,0.010227017,0.10046385,0.047645167,0.22934474,0.041213207
375316653866487564,3057285612539336704,0.5047411,2071.3462151441067,2.662881153720506,2.0759251E-5,13.814668,0.0067529744,0.13625526,0.016270008,0.056520473,0.021932967,0.066758566,0.025683936,0.74934894,0.002659185,0.062512055,0.008390359,0.10692763,0.019357273,0.105978005,0.008488154,0.74934894,0.002659185,"TWOGAUSSIANS_WITH_ELLIPSOIDAL_ON_ECLIPSE2",9,151.17813,0.74934894,0.002659185,0.3500675,0.04698601,0.31884712,0.012725105,0.20703527,0.038244,0.31651464,0.12282462,0.22776416,0.014803866
375316653866487564,3057286059212503424,0.50414115,2049.42148899059,0.16775038210960422,1.17344636E-4,19.589882,0.0066564623,0.17284651,0.0044405716,0.052051667,0.005726335,0.32038152,0.051349327,0.7882389,0.008466639,0.061477292,0.006830444,0.30090058,0.036324684,null,null,null,null,"TWOGAUSSIANS",8,2.515256,0.17284651,0.0044405716,0.29148933,0.032067478,0.32038125,0.05134963,0.7882389,0.008466639,0.34427282,0.038250487,0.3009003,0.036324885
375316653866487564,3057288357020462848,0.60979605,2047.7967087672482,2.8115842922574936,4.935221E-6,18.04039,0.00733472,0.2835748,0.001453085,0.047960073,0.0050524278,0.18536875,0.016726946,0.7758692,0.0036486336,0.04832532,0.005075808,0.17867102,0.018265441,0.11822818,0.010578451,0.2835748,0.001453085,"TWOGAUSSIANS_WITH_ELLIPSOIDAL_ON_ECLIPSE1",9,3.054474,0.2835748,0.001453085,0.2685764,0.028293597,0.42182425,0.011608915,0.7773792,0.002785194,0.27062178,0.028424524,0.41468117,0.009880415
375316653866487564,3057305781705642240,0.47103685,2081.7801002542888,0.08674714527370932,3.173309E-5,14.244566,0.0011332066,0.2697746,0.0082526505,0.07629903,0.0045849876,0.08431514,0.01345259,0.7292081,0.009223745,0.057090968,0.009752035,0.09243894,0.010045897,null,null,null,null,"TWOGAUSSIANS",8,17.660799,0.7292081,0.009223745,0.31970942,0.054611396,0.09239186,0.010082397,0.2697746,0.0082526505,0.4,0.0,0.08426806,0.013459166
375316653866487564,3057306911279467264,0.61387193,2051.2185623857386,1.4952952003696125,2.572462E-6,17.193815,0.0042272345,0.25843608,0.046052944,0.025565531,0.02576939,0.6734134,1.1736877,0.75884783,3.315589E-4,0.02466893,4.874819E-4,0.6708697,0.012829025,0.0071870224,0.0067824926,0.25843608,0.046052944,"TWOGAUSSIANS_WITH_ELLIPSOIDAL_ON_ECLIPSE1",9,14.593131,0.25843608,0.046052944,0.14316697,0.14430858,0.6877875,1.1764067,0.75884783,3.1656228E-4,0.13814601,0.0027298988,0.68524367,0.011104435
375316653866487564,3057315505513335040,0.4278247,2064.7101168746667,0.06518348133121579,1.8299559E-5,16.476389,0.004277789,0.09833698,0.005755924,0.031292647,0.006103648,0.06453294,0.046368428,0.8593636,0.005814421,0.037001003,0.005561483,0.16462655,0.04663482,null,null,null,null,"TWOGAUSSIANS",8,11.225395,0.8593636,0.005814421,0.20720561,0.031144304,0.16462655,0.04663482,0.09833698,0.005755924,0.17523882,0.03418043,0.06453294,0.046368428
