Gaia/vari_eclipsing_binary/VariEclipsingBinary_459120-459135.csv
# %ECSV 1.0
# ---
# delimiter: ','
# meta: !!omap
# - RELEASE: Gaia DR3
# - TABLE: vari_eclipsing_binary
# - DESCRIPTION: >
#     This table describes the properties of the eclipsing binaries resulting from the variability analysis. 
# - CITATION: >
#     How to cite and acknowledge Gaia: 
#     https://gea.esac.esa.int/archive/documentation/credits.html 
# - KNOWN_ISSUES: >
#     Known issues: 
#     https://www.cosmos.esa.int/web/gaia-users/known-issues 
# - DOCUMENTATION: >
#     Tutorials and documentation: 
#     https://www.cosmos.esa.int/web/gaia-users/archive 
# datatype:
# - 
#   name: solution_id
#   datatype: int64
#   description: Solution Identifier
#   meta:
#     ucd: meta.version
# - 
#   name: source_id
#   datatype: int64
#   description: Unique source identifier
#   meta:
#     ucd: meta.id;meta.main
# - 
#   name: global_ranking
#   datatype: float32
#   description: Number between 0 (worst) and 1 (best)
#   meta:
#     ucd: stat.param
# - 
#   name: reference_time
#   datatype: float64
#   unit: d
#   description: Reference time used for the geometric model fit
#   meta:
#     ucd: time.epoch
# - 
#   name: frequency
#   datatype: float64
#   unit: d**-1
#   description: Frequency of geometric model of the eclipsing binary light curve
#   meta:
#     ucd: src.orbital
# - 
#   name: frequency_error
#   datatype: float32
#   unit: d**-1
#   description: "Uncertainty of \\texttt{frequency}"
#   meta:
#     ucd: stat.error
# - 
#   name: geom_model_reference_level
#   datatype: float32
#   unit: mag
#   description: Magnitude reference level of geometric model
#   meta:
#     ucd: phot.mag;em.opt
# - 
#   name: geom_model_reference_level_error
#   datatype: float32
#   unit: mag
#   description: "Uncertainty of \\texttt{geomModelReferenceLevel}"
#   meta:
#     ucd: stat.error;phot.mag;em.opt
# - 
#   name: geom_model_gaussian1_phase
#   datatype: float32
#   description: Phase of the Gaussian 1 component
#   meta:
#     ucd: time.phase
# - 
#   name: geom_model_gaussian1_phase_error
#   datatype: float32
#   description: "Uncertainty of \\texttt{geomModelGaussian1Phase}"
#   meta:
#     ucd: stat.error;time.phase
# - 
#   name: geom_model_gaussian1_sigma
#   datatype: float32
#   description: "Standard deviation [phase] of Gaussian 1 component"
#   meta:
#     ucd: stat.stdev
# - 
#   name: geom_model_gaussian1_sigma_error
#   datatype: float32
#   description: "Uncertainty of \\texttt{geomModelGaussian1Sigma}"
#   meta:
#     ucd: stat.error
# - 
#   name: geom_model_gaussian1_depth
#   datatype: float32
#   unit: mag
#   description: Magnitude depth of Gaussian 1 component
#   meta:
#     ucd: src.var.amplitude
# - 
#   name: geom_model_gaussian1_depth_error
#   datatype: float32
#   unit: mag
#   description: "Uncertainty of \\texttt{geomModelGaussian1Depth}"
#   meta:
#     ucd: stat.error;src.var.amplitude
# - 
#   name: geom_model_gaussian2_phase
#   datatype: float32
#   description: Phase of Gaussian 2 component
#   meta:
#     ucd: time.phase
# - 
#   name: geom_model_gaussian2_phase_error
#   datatype: float32
#   description: "Uncertainty of \\texttt{geomModelGaussian2Phase}"
#   meta:
#     ucd: stat.error;time.phase
# - 
#   name: geom_model_gaussian2_sigma
#   datatype: float32
[...]
#   datatype: float32
#   description: "Secondary eclipse: uncertainty of \\texttt{derivedSecondaryEclDuration}"
#   meta:
#     ucd: stat.error;time.duration
# - 
#   name: derived_secondary_ecl_depth
#   datatype: float32
#   unit: mag
#   description: "Secondary eclipse: depth"
#   meta:
#     ucd: src.var.amplitude
# - 
#   name: derived_secondary_ecl_depth_error
#   datatype: float32
#   unit: mag
#   description: "Secondary eclipse: uncertainty of \\texttt{derivedSecondaryEclDepth}"
#   meta:
#     ucd: stat.error;src.var.amplitude
solution_id,source_id,global_ranking,reference_time,frequency,frequency_error,geom_model_reference_level,geom_model_reference_level_error,geom_model_gaussian1_phase,geom_model_gaussian1_phase_error,geom_model_gaussian1_sigma,geom_model_gaussian1_sigma_error,geom_model_gaussian1_depth,geom_model_gaussian1_depth_error,geom_model_gaussian2_phase,geom_model_gaussian2_phase_error,geom_model_gaussian2_sigma,geom_model_gaussian2_sigma_error,geom_model_gaussian2_depth,geom_model_gaussian2_depth_error,geom_model_cosine_half_period_amplitude,geom_model_cosine_half_period_amplitude_error,geom_model_cosine_half_period_phase,geom_model_cosine_half_period_phase_error,model_type,num_model_parameters,reduced_chi2,derived_primary_ecl_phase,derived_primary_ecl_phase_error,derived_primary_ecl_duration,derived_primary_ecl_duration_error,derived_primary_ecl_depth,derived_primary_ecl_depth_error,derived_secondary_ecl_phase,derived_secondary_ecl_phase_error,derived_secondary_ecl_duration,derived_secondary_ecl_duration_error,derived_secondary_ecl_depth,derived_secondary_ecl_depth_error
[from data line 492]
375316653866487564,4038572218232127104,0.47410175,2349.3874583133947,0.20121847843687546,3.194822E-5,19.133747,0.027404817,0.33649325,0.009353413,0.08116102,0.012405397,0.57641566,0.10428287,0.8497682,0.0033329944,0.067233115,0.0069648707,0.66959924,0.0500641,null,null,null,null,"TWOGAUSSIANS",8,10.261867,0.8497682,0.0033329944,0.37650543,0.039003275,0.66650236,0.051381808,0.33649325,0.009353413,0.4,0.0,0.5733187,0.10552803
375316653866487564,4038572424391166080,0.4422911,2341.684963802134,0.24252612755584124,1.4349552E-4,19.46562,0.022067036,0.19425738,0.029311335,0.12252267,0.047400307,0.1620978,0.01998632,0.4925145,0.035130102,0.07867796,0.03834505,0.11757014,0.15618542,null,null,null,null,"TWOGAUSSIANS",8,2.2914255,0.19465737,0.028408185,0.4,0.0,0.1615478,0.019326331,0.4925145,0.035130102,0.4,0.13326305,0.12530552,0.1599437
375316653866487564,4038572527471294720,0.5208112,2291.842646111851,2.3455939780603847,2.290376E-5,18.845182,0.0031089503,null,null,null,null,null,null,null,null,null,null,null,null,0.08555732,0.0036333175,0.2558003,0.004947833,"ELLIPSOIDAL",4,1.4345996,null,null,null,null,null,null,null,null,null,null,null,null
375316653866487564,4038572596213875456,0.56291986,2328.218267362414,2.0442038094860386,1.4305611E-5,18.049267,0.0123571055,0.2789601,0.003189092,0.08025298,0.005073115,0.37455115,0.014180852,0.7812416,0.0053685396,0.07740102,0.005277344,0.29405245,0.01704635,null,null,null,null,"TWOGAUSSIANS",8,5.8017015,0.2789601,0.003189092,0.4,0.0,0.3703969,0.01368673,0.7812416,0.0053685396,0.4,0.0,0.28989822,0.01589756
375316653866487564,4038572630549962112,0.46829033,2347.8119934019537,2.4851450402434487,4.9479826E-5,19.620539,0.31938285,0.3514552,0.023240708,0.09400308,0.06233845,0.27402055,0.3151051,0.72098804,0.020383824,0.07977448,0.0574209,0.27709028,0.30232087,null,null,null,null,"TWOGAUSSIANS",8,3.4222407,0.72098804,0.020383824,0.4,0.058485854,0.27645028,0.22860609,0.35146523,0.021949127,0.4,0.0,0.27326578,0.21775326
375316653866487564,4038572664910075008,0.51428586,2368.1566004304723,0.060002099243020454,3.0995376E-5,19.84873,0.005134479,0.74655986,0.0025863878,0.0073999073,0.008918686,0.1531671,null,null,null,null,null,null,null,0.090208665,0.007973463,0.74655986,0.0025863878,"ONEGAUSSIAN_WITH_ELLIPSOIDAL",6,0.9551977,0.74655986,0.0025863878,0.04143948,0.04994464,0.3335844,null,null,null,null,null,null,null
375316653866487564,4038572699269794048,0.5182352,2343.183481127664,2.7948100799826543,4.4817618E-5,19.120987,0.048675437,0.25710577,0.0056879073,0.10474089,0.021838013,0.29569152,0.040219016,0.75248486,0.016374083,0.10193504,0.027754204,0.22009346,0.046556495,null,null,null,null,"TWOGAUSSIANS",8,2.3646688,0.25710577,0.0056897844,0.4,0.0,0.26979375,0.017598035,0.75248486,0.016374083,0.4,0.0,0.1941998,0.028924964
375316653866487564,4038572763642611968,0.5296337,2351.3656741712675,2.5285192581373797,1.6350177E-5,17.774837,0.02212119,0.26221117,0.025711048,0.050576437,0.022339609,0.4925029,0.06924877,0.75908077,0.00641448,0.074729785,0.010695891,0.8678933,0.15118274,null,null,null,null,"TWOGAUSSIANS",8,54.902126,0.75908077,0.00641448,0.4,0.013024744,0.8674654,0.15250547,0.26221117,0.025711048,0.28322804,0.1251018,0.492075,0.06849381
375316653866487564,4038573141629974016,0.5896759,2366.5481060221377,1.493041796411848,4.2389107E-5,17.740036,0.015051902,0.28077805,0.00281261,0.10066754,0.011370605,0.16803539,0.011182362,0.773195,0.006993561,0.09256834,0.012426341,0.28862685,0.048734244,null,null,null,null,"TWOGAUSSIANS",8,1.5588639,0.773195,0.006993561,0.4,0.0,0.27492726,0.05468887,0.28077805,0.00281261,0.4,0.0,0.15433452,0.008799323
375316653866487564,4038573145946221952,0.49846432,2316.420412987139,1.0618353210887352,7.370168E-5,19.02678,0.026944872,0.25705907,0.012236822,0.09675482,0.025849843,0.25383955,0.028224612,0.7569343,0.009143949,0.08747841,0.017685246,0.37486044,0.15680233,null,null,null,null,"TWOGAUSSIANS",8,2.0908759,0.7569343,0.009143949,0.4,0.0,0.35961404,0.16470145,0.25705907,0.012236822,0.4,0.0,0.23859242,0.025279317
375316653866487564,4038573592624394880,0.4573431,2370.8943775313633,1.0006037054128083,5.8991824E-5,18.942045,0.063541144,0.27143365,0.0079310285,0.06122234,0.042780157,0.5811872,14.787674,0.7069566,0.010938674,0.05320546,0.016727155,0.2395511,0.07607024,null,null,null,null,"TWOGAUSSIANS",8,2.5358353,0.27143365,0.0079310285,0.3428451,0.17350756,0.5811832,14.78774,0.7069566,0.010938674,0.29795057,0.09367207,0.23954712,0.07525569
375316653866487564,4038573798814718592,0.47181535,2385.0162513606692,0.622671224783889,6.4025415E-5,19.488762,0.022204557,0.26672152,0.08976993,0.04378804,0.0660335,0.59110713,0.8703435,0.778966,0.034241375,0.06341948,0.023305887,0.22846878,0.0597726,null,null,null,null,"TWOGAUSSIANS",8,2.085962,0.26672152,0.08976993,0.245213,0.21630785,0.5910999,0.87133306,0.778966,0.034241375,0.35514912,0.13021463,0.22846153,0.05952228
375316653866487564,4038574584708750976,0.48749036,2276.5669595213762,1.8661867356567585,1.3831902E-5,17.130594,0.022175841,0.26768243,0.026287451,0.07462448,0.053072315,0.110948764,0.020572994,0.7646398,0.0027900417,0.08530276,0.012420069,0.17165597,0.019358525,null,null,null,null,"TWOGAUSSIANS",8,8.301473,0.7646398,0.0027900417,0.4,0.0,0.16967303,0.010401718,0.26768243,0.026287451,0.4,0.11105064,0.10896582,0.026844531
375316653866487564,4038574589055065600,0.5093778,2219.208863295835,0.31186591344326176,5.432552E-5,18.757566,0.113482416,0.15878628,0.021873375,0.09238502,0.04197116,0.20210451,0.08468657,0.65954965,0.015584577,0.16017874,0.0651335,0.21278492,0.11095028,null,null,null,null,"TWOGAUSSIANS",8,2.3340821,0.65954965,0.015584577,0.4,0.0,0.15689078,0.014966882,0.15874629,0.021972328,0.4,0.091678396,0.14946982,0.029143482
375316653866487564,4038575065745273984,0.6134141,2209.0477421843543,0.6581317979437892,5.3029496E-5,18.839685,0.0057883826,0.29734623,0.013357824,0.035539296,0.013678512,0.17235792,0.059904642,0.87868744,0.004021514,0.021395788,0.002174005,0.6531081,0.053862702,null,null,null,null,"TWOGAUSSIANS",8,1.5305079,0.87868744,0.004021514,0.119816415,0.0121744275,0.6531081,0.053862702,0.29734623,0.013357824,0.19902004,0.076599665,0.17235792,0.059904642
375316653866487564,4038575237575383552,0.5578748,2223.43599999037,2.844152615107796,2.9162404E-5,18.851988,0.01608678,0.27852634,0.009429492,0.07622839,0.010966943,0.28154418,0.024250934,0.78861326,0.0069275736,0.09322972,0.01718089,0.23925714,0.024313563,null,null,null,null,"TWOGAUSSIANS",8,2.0833778,0.27852634,0.009429492,0.4,0.010265139,0.276035,0.023803078,0.78861326,0.0069275736,0.4,0.0,0.23374765,0.028469387
375316653866487564,4038575344969660928,0.49235255,2272.189383324188,0.5367704222576039,7.2493225E-5,19.326633,0.029185634,0.28196424,0.065252855,0.11543089,0.09115458,0.11972145,0.028209468,0.6745505,0.021193372,0.11701049,0.021934597,0.4154847,0.13521262,null,null,null,null,"TWOGAUSSIANS",8,2.0864303,0.6745505,0.021193372,0.4,0.0,0.4015888,0.15219511,0.28746423,0.07450443,0.4,0.06719707,0.10706802,0.024227405
375316653866487564,4038575654207941888,0.47747743,2285.664205180358,0.11436919792768113,1.845213E-5,19.069881,0.010812315,0.060094014,0.031580094,0.039886158,0.027084928,0.062041733,0.044720706,0.5016522,0.012323574,0.060954403,0.0153283095,0.20827891,0.045267064,null,null,null,null,"TWOGAUSSIANS",8,1.9968218,0.5016522,0.012323574,0.34134465,0.06904248,0.20827886,0.04526776,0.060094014,0.031580094,0.22336248,0.1516756,0.062041678,0.044720795
375316653866487564,4038575856039421440,0.4375719,2375.781217222272,3.721379269903607,1.1057064E-4,19.730846,0.02870723,0.20210925,0.019653844,0.099119246,0.02632586,0.153562,0.068655096,0.8481359,0.025943799,0.046241015,0.014585016,0.8701747,1.8582518,null,null,null,null,"TWOGAUSSIANS",8,3.281227,0.84815586,0.0259084,0.2589497,0.08167609,0.8704112,1.8587307,0.20210925,0.019653844,0.4,0.0,0.15353724,0.0686376
375316653866487564,4038575890375812096,0.51380736,2320.3401941636034,2.6566911421003336,3.2575077E-5,16.735855,0.005635227,0.55229574,0.003215451,0.006425713,0.003820918,0.50450015,180519.3,null,null,null,null,null,null,null,null,null,null,"ONEGAUSSIAN",5,59.454937,0.55229574,0.003215451,0.03598399,0.021397142,0.50450015,0.0,null,null,null,null,null,null
375316653866487564,4038575959095332352,0.6454945,2299.897866954946,2.378370752246405,1.2374276E-5,14.891493,0.027326616,0.20190269,0.011245161,0.062747136,0.009914086,0.1871371,0.054159835,0.7210727,0.0038155774,0.047103602,0.02172559,0.1808972,0.030637689,0.12461609,0.029937016,0.7210727,0.0038155774,"TWOGAUSSIANS_WITH_ELLIPSOIDAL_ON_ECLIPSE2",9,79.64371,0.20751269,0.006662105,0.35138398,0.055518884,0.43379793,0.016288098,0.7210727,0.0038155774,0.26378018,0.1216633,0.4301093,0.044550765
375316653866487564,4038576307044038912,0.5291541,2227.7930849840436,1.7904435172224185,1.5691763E-5,19.003029,0.004875174,0.3055049,0.0016779947,0.038517598,0.0023399938,0.233741,0.011218178,0.6800539,0.0074005225,0.046793155,0.003204383,0.1705497,0.010991342,null,null,null,null,"TWOGAUSSIANS",8,2.3999941,0.3055049,0.0016779947,0.21569854,0.013103965,0.233741,0.011218178,0.6800539,0.0074005225,0.26204166,0.017944545,0.1705497,0.010991342
375316653866487564,4038576684995927168,0.44283536,2250.253659195735,2.0094849197066527,4.8304377E-5,19.660097,0.07484088,0.2174006,0.018777408,0.1375538,0.037248887,0.21842465,0.07329674,0.6793746,0.013245856,0.09005794,0.028470838,0.25634483,0.061978325,null,null,null,null,"TWOGAUSSIANS",8,2.1496766,0.6793746,0.013245856,0.4,0.0,0.22960104,0.039753016,0.2174006,0.01875343,0.4,0.0,0.19080108,0.03293437
375316653866487564,4038576753743109760,0.4914567,2250.0341882023085,3.941130478381908,8.230019E-5,13.766695,0.0106540155,0.24181667,0.011505359,0.015601702,0.00985186,0.32969275,487.6497,0.6537987,0.06965566,0.13694786,0.0763093,0.071356274,0.03148156,null,null,null,null,"TWOGAUSSIANS",8,613.2073,0.24182667,0.011483964,0.08736953,0.055170413,0.3302911,487.64938,0.6537987,0.06965566,0.4,0.0,0.071174294,0.030581977
375316653866487564,4038577058641575936,0.5757648,2191.5231978619,2.8895396889106095,2.3202496E-5,19.389206,0.01363421,0.1806764,0.020949865,0.07333779,0.025444487,0.2405515,0.500842,0.6654292,0.0026730746,0.07139442,0.0031991,0.580033,0.018259186,null,null,null,null,"TWOGAUSSIANS",8,2.3426232,0.6654292,0.0026730746,0.39980876,0.008196837,0.57873,0.017719513,0.1806764,0.020949865,0.4,0.121731445,0.2392485,0.5020576
375316653866487564,4038577196045709312,0.54066515,2209.9916012373887,2.75686185699954,1.6404972E-5,17.480452,0.0052633854,0.32526806,0.026939124,0.038191367,0.019207763,0.1348664,0.05901721,0.44176698,0.028000673,0.0718777,0.0117994,0.20923132,0.07041196,null,null,null,null,"TWOGAUSSIANS",8,10.519019,0.44176698,0.028000673,0.4,0.049777117,0.21051767,0.06926153,0.34471807,0.039525792,0.21387166,0.10756347,0.20255663,0.03470659
375316653866487564,4038577269139177728,0.476489,2205.1072868729766,3.5437569292568485,4.9065136E-5,19.368235,0.026283018,0.23518732,0.012349051,0.06843465,0.021183392,0.32326832,0.02729161,0.74429524,0.016743688,0.08474532,0.012289762,0.47895846,0.048840772,null,null,null,null,"TWOGAUSSIANS",8,3.8446968,0.74429524,0.016743688,0.4,0.0,0.4757688,0.045336664,0.23518732,0.012349051,0.38323402,0.095058315,0.3200787,0.027729923
375316653866487564,4038577372190922880,0.5180362,2241.7119727938334,2.8715504553281335,2.6052694E-5,17.81991,0.011105945,0.26513153,0.009887243,0.028266398,0.021209493,0.11831038,17.74014,0.76601356,0.017195448,0.023378633,0.016728094,0.06984882,0.37649655,0.09561079,0.013422378,0.26513153,0.009887243,"TWOGAUSSIANS_WITH_ELLIPSOIDAL_ON_ECLIPSE1",9,16.429197,0.26513153,0.009887243,0.15829183,0.11877316,0.30953184,17.744251,0.76601356,0.016840558,0.13092035,0.09367733,0.2610644,0.37974632
375316653866487564,4038577574029291520,0.5072895,2133.5048754987306,2.5705923075487105,2.3844928E-5,18.309631,0.6239033,0.22842611,0.005964468,0.09641925,0.039173324,0.334294,0.3512554,0.7233649,0.010021947,0.121367365,0.22004065,0.22070685,0.574395,null,null,null,null,"TWOGAUSSIANS",8,8.970044,0.22843611,0.00473399,0.4,0.0,0.29898694,0.024323102,0.7233649,0.010021947,0.4,0.0,0.18530844,0.034428135
375316653866487564,4038577784509255680,0.488915,2201.7862903153928,2.8593589186743924,8.986117E-5,18.370314,0.22508872,0.23033403,0.026093923,0.112681516,0.03839543,0.20737246,0.14362125,0.66220814,0.06745716,0.15440764,0.13126095,0.14855301,0.21808617,null,null,null,null,"TWOGAUSSIANS",8,4.4396534,0.23357403,0.01769451,0.4,0.0,0.17590894,0.019870978,0.66220814,0.06745716,0.4,0.0,0.11400031,0.022986658
375316653866487564,4038578192513070976,0.5966915,2215.2376117597923,3.4936548385253254,3.609216E-5,18.92605,0.012048996,0.27191144,0.009071074,0.096233584,0.008800937,0.27485868,0.018200122,0.7610163,0.007076929,0.084531486,0.009290393,0.28369305,0.013061792,null,null,null,null,"TWOGAUSSIANS",8,0.8959561,0.7610163,0.007076929,0.4,0.0,0.2734398,0.009277541,0.27191144,0.009071074,0.4,0.0,0.2646046,0.017350866
375316653866487564,4038578437378669184,0.5634759,2231.6289866321886,0.39453574491984955,7.1526183E-6,19.275948,0.00513197,0.6576727,0.0054035718,0.014394301,0.002537286,0.4789957,0.061283484,0.4392769,0.13776599,0.09655184,0.06272984,0.08684625,0.062434886,null,null,null,null,"TWOGAUSSIANS",8,0.5045662,0.6576027,0.005314613,0.080608085,0.0142088,0.48572642,0.049624506,0.4392769,0.13776599,0.4,0.19105239,0.08684599,0.062434625
375316653866487564,4038578815299688704,0.45839483,2192.773641711826,0.7475277847501198,2.356856E-5,19.46557,0.018202072,0.31703034,0.00259442,0.050774924,0.009510856,0.20466307,0.031960014,0.8272811,0.025815701,0.09094644,0.0297223,0.16055685,0.06942698,null,null,null,null,"TWOGAUSSIANS",8,1.8015726,0.31703034,0.00259442,0.28433958,0.053260792,0.20415126,0.032382283,0.8272811,0.025815701,0.4,0.0,0.16004494,0.06978185
375316653866487564,4038578982790568320,0.53860366,2150.4920712039866,0.6365846345775715,3.4558048E-4,17.514454,0.010749729,0.24046819,0.032184955,0.049676504,0.017179476,0.92081517,0.5004551,0.7828589,0.028807644,0.05471837,0.040132985,0.5945781,94.572334,null,null,null,null,"TWOGAUSSIANS",8,49.87626,0.24046819,0.032184955,0.27818844,0.09620507,0.92081314,0.50045544,0.7828589,0.028807644,0.3064229,0.22474472,0.59457606,94.572334
375316653866487564,4038579536866914176,0.5326955,2252.1484929243006,0.4561788886067616,2.6276643E-5,19.79547,0.019404145,0.2799985,0.044685066,0.083807066,0.039820656,0.28832087,0.055083472,0.7784654,0.019258693,0.04923565,0.0070536784,0.6951297,0.18073136,null,null,null,null,"TWOGAUSSIANS",8,1.7750465,0.7784654,0.019258693,0.27571964,0.0395006,0.6945068,0.1803032,0.2799985,0.044685066,0.4,0.0,0.28769803,0.052244857
375316653866487564,4038579571214534784,0.46298477,2234.0663970120568,0.061501610283469066,6.979849E-5,19.706367,0.013897097,0.19915925,2.8989895E-4,0.016227227,0.0010142362,0.23742825,0.016485702,0.63334745,0.016250545,0.15292798,0.019499335,0.25988632,0.019407079,null,null,null,null,"TWOGAUSSIANS",8,1.2696689,0.63334745,0.016250545,0.4,0.0,0.2573752,0.019164283,0.19924924,2.7232742E-4,0.09087247,0.005679723,0.23981477,0.016929885
375316653866487564,4038579777373221120,0.55082494,2230.7594578851267,3.713401030832193,1.0375332E-5,19.014292,0.0057559474,0.24202937,0.0012664846,0.0780123,0.0021673571,0.40488577,0.009165257,0.74879265,0.00672232,0.06396713,0.0052224975,0.27943182,0.022559809,null,null,null,null,"TWOGAUSSIANS",8,1.0558667,0.24202937,0.0012664846,0.4,0.0,0.4037185,0.009063297,0.74879265,0.00672232,0.35821596,0.029245988,0.27826458,0.023051726
375316653866487564,4038580528978905088,0.613849,2141.3895329516586,2.85946240839108,1.3869181E-5,18.34564,0.006810775,0.33137608,0.01043231,0.06348087,0.010801286,0.5253224,0.06810821,0.82084024,0.0017808853,0.062457148,0.002223799,0.7515411,0.011658869,null,null,null,null,"TWOGAUSSIANS",8,4.437101,0.82084024,0.0017808853,0.34976003,0.012453275,0.75120264,0.011684839,0.33137608,0.01043231,0.3554929,0.060487207,0.5249839,0.068358354
