Gaia/vari_eclipsing_binary/VariEclipsingBinary_673534-673579.csv
# %ECSV 1.0
# ---
# delimiter: ','
# meta: !!omap
# - RELEASE: Gaia DR3
# - TABLE: vari_eclipsing_binary
# - DESCRIPTION: >
#     This table describes the properties of the eclipsing binaries resulting from the variability analysis. 
# - CITATION: >
#     How to cite and acknowledge Gaia: 
#     https://gea.esac.esa.int/archive/documentation/credits.html 
# - KNOWN_ISSUES: >
#     Known issues: 
#     https://www.cosmos.esa.int/web/gaia-users/known-issues 
# - DOCUMENTATION: >
#     Tutorials and documentation: 
#     https://www.cosmos.esa.int/web/gaia-users/archive 
# datatype:
# - 
#   name: solution_id
#   datatype: int64
#   description: Solution Identifier
#   meta:
#     ucd: meta.version
# - 
#   name: source_id
#   datatype: int64
#   description: Unique source identifier
#   meta:
#     ucd: meta.id;meta.main
# - 
#   name: global_ranking
#   datatype: float32
#   description: Number between 0 (worst) and 1 (best)
#   meta:
#     ucd: stat.param
# - 
#   name: reference_time
#   datatype: float64
#   unit: d
#   description: Reference time used for the geometric model fit
#   meta:
#     ucd: time.epoch
# - 
#   name: frequency
#   datatype: float64
#   unit: d**-1
#   description: Frequency of geometric model of the eclipsing binary light curve
#   meta:
#     ucd: src.orbital
# - 
#   name: frequency_error
#   datatype: float32
#   unit: d**-1
#   description: "Uncertainty of \\texttt{frequency}"
#   meta:
#     ucd: stat.error
# - 
#   name: geom_model_reference_level
#   datatype: float32
#   unit: mag
#   description: Magnitude reference level of geometric model
#   meta:
#     ucd: phot.mag;em.opt
# - 
#   name: geom_model_reference_level_error
#   datatype: float32
#   unit: mag
#   description: "Uncertainty of \\texttt{geomModelReferenceLevel}"
#   meta:
#     ucd: stat.error;phot.mag;em.opt
# - 
#   name: geom_model_gaussian1_phase
#   datatype: float32
#   description: Phase of the Gaussian 1 component
#   meta:
#     ucd: time.phase
# - 
#   name: geom_model_gaussian1_phase_error
#   datatype: float32
#   description: "Uncertainty of \\texttt{geomModelGaussian1Phase}"
#   meta:
#     ucd: stat.error;time.phase
# - 
#   name: geom_model_gaussian1_sigma
#   datatype: float32
#   description: "Standard deviation [phase] of Gaussian 1 component"
#   meta:
#     ucd: stat.stdev
# - 
#   name: geom_model_gaussian1_sigma_error
#   datatype: float32
#   description: "Uncertainty of \\texttt{geomModelGaussian1Sigma}"
#   meta:
#     ucd: stat.error
# - 
#   name: geom_model_gaussian1_depth
#   datatype: float32
#   unit: mag
#   description: Magnitude depth of Gaussian 1 component
#   meta:
#     ucd: src.var.amplitude
# - 
#   name: geom_model_gaussian1_depth_error
#   datatype: float32
#   unit: mag
#   description: "Uncertainty of \\texttt{geomModelGaussian1Depth}"
#   meta:
#     ucd: stat.error;src.var.amplitude
# - 
#   name: geom_model_gaussian2_phase
#   datatype: float32
#   description: Phase of Gaussian 2 component
#   meta:
#     ucd: time.phase
# - 
#   name: geom_model_gaussian2_phase_error
#   datatype: float32
#   description: "Uncertainty of \\texttt{geomModelGaussian2Phase}"
#   meta:
#     ucd: stat.error;time.phase
# - 
#   name: geom_model_gaussian2_sigma
#   datatype: float32
[...]
#   datatype: float32
#   description: "Secondary eclipse: uncertainty of \\texttt{derivedSecondaryEclDuration}"
#   meta:
#     ucd: stat.error;time.duration
# - 
#   name: derived_secondary_ecl_depth
#   datatype: float32
#   unit: mag
#   description: "Secondary eclipse: depth"
#   meta:
#     ucd: src.var.amplitude
# - 
#   name: derived_secondary_ecl_depth_error
#   datatype: float32
#   unit: mag
#   description: "Secondary eclipse: uncertainty of \\texttt{derivedSecondaryEclDepth}"
#   meta:
#     ucd: stat.error;src.var.amplitude
solution_id,source_id,global_ranking,reference_time,frequency,frequency_error,geom_model_reference_level,geom_model_reference_level_error,geom_model_gaussian1_phase,geom_model_gaussian1_phase_error,geom_model_gaussian1_sigma,geom_model_gaussian1_sigma_error,geom_model_gaussian1_depth,geom_model_gaussian1_depth_error,geom_model_gaussian2_phase,geom_model_gaussian2_phase_error,geom_model_gaussian2_sigma,geom_model_gaussian2_sigma_error,geom_model_gaussian2_depth,geom_model_gaussian2_depth_error,geom_model_cosine_half_period_amplitude,geom_model_cosine_half_period_amplitude_error,geom_model_cosine_half_period_phase,geom_model_cosine_half_period_phase_error,model_type,num_model_parameters,reduced_chi2,derived_primary_ecl_phase,derived_primary_ecl_phase_error,derived_primary_ecl_duration,derived_primary_ecl_duration_error,derived_primary_ecl_depth,derived_primary_ecl_depth_error,derived_secondary_ecl_phase,derived_secondary_ecl_phase_error,derived_secondary_ecl_duration,derived_secondary_ecl_duration_error,derived_secondary_ecl_depth,derived_secondary_ecl_depth_error
[from data line 507]
375316653866487564,5924825441158586112,0.563955,2396.4969575272025,1.7893523131856723,7.6144693E-6,18.138592,0.015512962,0.2531858,0.0013372164,0.05615772,0.0042589717,0.6155045,0.046021104,0.75545526,0.002719783,0.04709443,0.0038724737,0.3552997,0.03537237,0.08667496,0.01867128,0.2531858,0.0013372164,"TWOGAUSSIANS_WITH_ELLIPSOIDAL_ON_ECLIPSE1",9,11.65156,0.2531858,0.0013372164,0.31448323,0.023850242,0.78882366,0.05157884,0.75545526,0.002702476,0.26372883,0.021685852,0.52858365,0.018483585
375316653866487564,5924826059651175808,0.63845015,2383.278070184513,3.0805998981418377,4.699286E-6,15.7263775,0.006103446,0.122441635,0.002306604,0.0565176,0.003681357,0.28162,0.014130683,0.62613845,0.0012730412,0.04722611,0.003208837,0.19268572,0.012906477,0.111995876,0.0071138,0.62613845,0.0012730412,"TWOGAUSSIANS_WITH_ELLIPSOIDAL_ON_ECLIPSE2",9,29.096045,0.123061635,0.0018930401,0.31649858,0.0206156,0.50549877,0.011305604,0.62613845,0.0012730412,0.2644662,0.017969487,0.41666517,0.0034467566
375316653866487564,5924826433315272064,0.53950197,2419.647871116989,3.382112449805156,6.2773292E-6,19.39117,0.0058100414,0.25956616,0.0028510776,0.072239794,0.0032486566,0.3742589,0.014339645,0.7569298,0.0015223797,0.066987075,0.0018355915,0.4648237,0.0107267685,null,null,null,null,"TWOGAUSSIANS",8,1.6120547,0.7569298,0.0015223797,0.3751276,0.010279312,0.46359733,0.010686997,0.25956616,0.0028510776,0.4,0.0021312141,0.37303254,0.014429093
375316653866487564,5924826708175331712,0.52099526,2422.104499912041,3.706883051034323,2.1681157E-5,18.116642,0.03328418,0.17454487,0.0041056285,0.114034094,0.016017398,0.17981763,0.031816106,0.6823089,0.0028618583,0.115410626,0.013787635,0.21317147,0.031648956,null,null,null,null,"TWOGAUSSIANS",8,3.06769,0.6823289,0.0028600397,0.4,0.0,0.17937286,0.0056252354,0.17451487,0.0041203224,0.4,0.0,0.14603122,0.0076534287
375316653866487564,5924827674558907136,0.43965855,2412.066777068101,1.178537188758044,2.1101054E-5,18.776903,0.0073298365,0.24441294,0.019135075,0.007676657,0.0068309773,0.18040419,0.4482858,0.75649786,0.015426956,0.06981032,0.012913036,0.122177474,0.01454545,0.018730337,0.008082105,0.24441294,0.019135075,"TWOGAUSSIANS_WITH_ELLIPSOIDAL_ON_ECLIPSE1",9,6.864166,0.24441294,0.019135075,0.042989276,0.03825347,0.21776359,0.4557872,0.75649786,0.015420841,0.39093783,0.064684376,0.15932131,0.010225118
375316653866487564,5924828499192319616,0.50691956,2446.139579385194,2.28044958251939,9.442243E-6,17.790947,0.012144599,0.26693588,0.0037068976,0.10070822,0.00684076,0.1874038,0.012199354,0.77522737,0.0021352172,0.09717347,0.008079515,0.1870551,0.010309627,null,null,null,null,"TWOGAUSSIANS",8,3.9253135,0.26693588,0.0037068976,0.4,0.0,0.17358162,0.0062486897,0.77522737,0.0021352172,0.4,0.0,0.17323399,0.005189461
375316653866487564,5924828911509173760,0.5820243,2473.1553910814832,1.6133001998689358,4.2383476E-6,17.073936,0.00224478,0.18562095,0.0059399633,0.037638903,0.0066842805,0.03294659,0.007780173,0.6761311,7.065999E-4,0.03986897,0.0011570065,0.2566172,0.0063530686,0.012933192,0.0052535776,0.18562095,0.0059399633,"TWOGAUSSIANS_WITH_ELLIPSOIDAL_ON_ECLIPSE1",9,3.727509,0.6762511,6.75281E-4,0.22326623,0.0064792368,0.28239283,0.00673575,0.18562095,0.0059399633,0.21077786,0.03743197,0.058812935,0.0058437795
375316653866487564,5924829044632396032,0.46515873,2453.560884424481,0.65645984569258,1.2224564E-5,16.811085,0.001367311,0.3743892,0.009137399,0.027507462,0.010028244,0.052104075,0.008296153,0.8665583,0.002396625,0.014895741,0.0029049232,0.06390671,0.003812249,null,null,null,null,"TWOGAUSSIANS",8,5.490618,0.8665583,0.002396625,0.08341615,0.01626757,0.06390671,0.003812249,0.3743892,0.009137399,0.15404178,0.05615817,0.052104075,0.008296153
375316653866487564,5924831415455895040,0.5779155,2429.3594444769797,3.2801927446453862,1.011724E-5,18.164423,0.005588655,0.19725233,0.0021845503,0.07629636,0.0027224715,0.46647796,0.009513602,0.70196134,0.001320633,0.071674414,0.0022485342,0.33091813,0.011286819,null,null,null,null,"TWOGAUSSIANS",8,4.386084,0.19725233,0.0021845503,0.4,0.0,0.46412954,0.009493841,0.70196134,0.001320633,0.4,0.006558954,0.3285697,0.011366367
375316653866487564,5924832003868629248,0.65244097,2416.1962649000566,0.6824773227871638,3.986991E-6,17.507702,0.0029839438,0.2593743,0.0068420903,0.031575732,0.0050615384,0.08610214,0.011228862,0.7523349,7.34271E-4,0.0345023,6.688956E-4,0.87909096,0.020922968,0.012089697,0.0038666471,0.2593743,0.0068420903,"TWOGAUSSIANS_WITH_ELLIPSOIDAL_ON_ECLIPSE1",9,4.9476743,0.7523549,7.3221215E-4,0.19321288,0.0037458155,0.9032232,0.021453574,0.2593743,0.0068420903,0.1768241,0.028344616,0.11028152,0.007908751
375316653866487564,5924832583702798720,0.5523037,2425.6674390737435,2.7651482046499867,6.9064376E-6,18.067316,0.0051904605,0.25749052,0.0024414824,0.09270114,0.0036832471,0.20647974,0.005914992,0.7528071,0.0016768405,0.090278104,0.003374198,0.21858928,0.005395299,null,null,null,null,"TWOGAUSSIANS",8,1.5389336,0.7528071,0.0016768405,0.4,0.0,0.20912424,0.0045135547,0.25749052,0.0024414824,0.4,0.0,0.1970146,0.005160857
375316653866487564,5924833275196263296,0.4655017,2426.155537731119,3.155206962483552,2.938939E-5,17.600014,0.021082291,0.2623343,0.00748864,0.101204336,0.019917132,0.14389448,0.017891765,0.7687644,0.0047357953,0.088634476,0.013996012,0.15181553,0.019315684,null,null,null,null,"TWOGAUSSIANS",8,11.892834,0.7687644,0.004741017,0.4,0.0,0.1434351,0.010204835,0.2623343,0.00748864,0.4,0.0,0.13551259,0.011003098
375316653866487564,5924833618776494848,0.631662,2417.9574384720977,2.9997971583231067,1.0439782E-5,15.672079,0.006958562,0.21563801,0.0013184902,0.048949182,0.003606188,0.24150458,0.014875579,0.71760416,0.0022032598,0.048212107,0.0026693365,0.19615954,0.017431524,0.113707535,0.009609011,0.21563801,0.0013184902,"TWOGAUSSIANS_WITH_ELLIPSOIDAL_ON_ECLIPSE1",9,42.666344,0.21563801,0.0013184902,0.2741154,0.020194653,0.46891862,0.008419132,0.71760416,0.0022032598,0.26998782,0.014948285,0.4235389,0.005670704
375316653866487564,5924833962373970688,0.5905847,2417.1352138102993,2.5916798295915293,7.940829E-6,17.51074,0.004583196,0.25103197,0.002612956,0.09050619,0.0031062078,0.29967877,0.006674826,0.75110245,0.0019988234,0.0831638,0.0027781748,0.28250113,0.0051295,null,null,null,null,"TWOGAUSSIANS",8,4.407212,0.25103197,0.002612956,0.4,0.0,0.29046062,0.006277709,0.75110245,0.0019988234,0.4,0.0,0.27328312,0.004275935
375316653866487564,5924833996733662464,0.52571905,2429.1968884348307,3.3208033981595317,9.55369E-6,19.631117,0.0092909895,0.14742514,0.002381221,0.072555885,0.004343408,0.4544327,0.03192351,0.65807027,0.0026523578,0.072770745,0.0029034524,0.54000103,0.02172781,null,null,null,null,"TWOGAUSSIANS",8,1.806199,0.65807027,0.0026523578,0.4,0.0,0.5379364,0.021804001,0.14742514,0.002381221,0.4,0.0029641986,0.45236802,0.03240213
375316653866487564,5924835439859821824,0.52894807,2437.6810409951977,0.07193821263661508,1.4442634E-5,11.939115,0.002613069,0.2773262,8.9413597E-4,0.017532036,8.393558E-4,0.56725144,0.11003207,0.7299034,0.008667337,0.11385964,0.008366031,0.13249367,0.006776668,null,null,null,null,"TWOGAUSSIANS",8,428.36063,0.2773262,8.9413597E-4,0.0981794,0.0047003925,0.5672608,0.11003566,0.7299034,0.008667337,0.4,0.0,0.13245259,0.0067675747
375316653866487564,5924835955256108800,0.5855477,2451.075413425146,1.9920044785928137,9.619752E-6,14.977872,0.0032968556,0.26398334,0.0021322866,0.0414528,0.0030980117,0.10472292,0.009748605,0.76574636,0.0013237887,0.046477746,0.004167253,0.21312414,0.009790014,0.027367866,0.005390487,0.26398334,0.0021322866,"TWOGAUSSIANS_WITH_ELLIPSOIDAL_ON_ECLIPSE1",9,26.344475,0.76574636,0.0013237887,0.2602754,0.023336617,0.26785302,0.012785167,0.26398334,0.0021322866,0.23213568,0.017348865,0.15945852,0.0063891383
375316653866487564,5924836260179160320,0.48815897,2426.989514239486,0.33396646931222757,7.006461E-5,18.574291,0.002783822,0.15016371,0.0028991797,0.012650102,0.0030853078,0.6232077,0.32216775,0.48213974,0.01722855,0.01755374,0.016463308,0.04151233,0.019039126,null,null,null,null,"TWOGAUSSIANS",8,3.9847143,0.15016371,0.0028991797,0.070840575,0.017277723,0.6232077,0.32216775,0.48213974,0.01722855,0.098300934,0.09219453,0.04151233,0.019039126
375316653866487564,5924837089110340224,0.42451212,2429.399957715056,3.946002835678463,2.499078E-5,17.8973,0.0025873685,0.09305023,0.0074070226,0.02018948,0.004617384,0.111999385,0.0142626045,0.65688235,0.027259007,0.016456284,0.008495538,0.36464664,1.4940516,null,null,null,null,"TWOGAUSSIANS",8,4.635011,0.65688235,0.027259007,0.09215519,0.04757501,0.36464664,1.4940516,0.09305023,0.0074070226,0.11306109,0.02585735,0.111999385,0.0142626045
375316653866487564,5924837879402496256,0.52805394,2389.7908702024524,1.524439669150751,4.2097554E-6,18.828812,0.003878729,0.22220507,0.0011715165,0.027064681,0.001374481,0.39988235,0.014504746,0.71973795,7.982585E-4,0.020601386,6.982184E-4,0.4846003,0.009940174,null,null,null,null,"TWOGAUSSIANS",8,4.9405193,0.71973795,7.982585E-4,0.11536776,0.003910023,0.4846003,0.009940174,0.22220507,0.0011715165,0.15156221,0.0076970938,0.39988235,0.014504746
375316653866487564,5924838051185839360,0.489659,2416.0937068669714,0.6935194060077627,2.5210946E-5,19.507532,0.002413863,0.5905673,0.022322869,0.038909175,0.014394336,0.045883305,0.015691388,0.873894,0.0030962727,0.021707123,0.0020829283,0.48155043,0.058674213,null,null,null,null,"TWOGAUSSIANS",8,1.3440466,0.873894,0.0030962727,0.12155989,0.011664398,0.48155043,0.058674213,0.5905673,0.022322869,0.21789138,0.08060828,0.045883305,0.015691388
375316653866487564,5924838669661307264,0.5450133,2412.4133151462775,3.650406252511735,1.3666166E-5,18.956097,0.011685328,0.14883529,0.0037832619,0.037207533,0.00843054,0.1446123,0.049868785,0.64916456,0.0033310854,0.040300522,0.004721884,0.2534085,0.026367936,0.13265362,0.013999916,0.14883529,0.0037832619,"TWOGAUSSIANS_WITH_ELLIPSOIDAL_ON_ECLIPSE1",9,4.9758215,0.64916456,0.003096537,0.22568293,0.026442552,0.51871455,0.013975599,0.14883529,0.0037832619,0.20836218,0.04721102,0.40991953,0.0477672
375316653866487564,5924838802797625216,0.6250136,2393.719485911123,2.3792344496036644,4.9312316E-6,16.625278,0.010633835,0.28285146,0.0021198038,0.11032765,0.007511373,0.18936764,0.008430974,0.76699907,0.0021274216,0.10344371,0.0034581383,0.3222021,0.012139819,null,null,null,null,"TWOGAUSSIANS",8,4.5561085,0.76699907,0.0021274216,0.4,0.0,0.29583114,0.005243069,0.28286147,0.0021266185,0.4,0.0,0.16298777,0.0049541793
375316653866487564,5924839081978162176,0.5126189,2396.9924000642823,3.667566070918567,1.5785046E-5,19.490435,0.015021947,0.23444994,0.0024356663,0.080330804,0.006995555,0.34580737,0.017749794,0.7444697,0.00418131,0.087793626,0.0066746394,0.36953336,0.017806757,null,null,null,null,"TWOGAUSSIANS",8,2.192022,0.7444697,0.00418131,0.4,0.0,0.36235285,0.016628837,0.23444994,0.0024356663,0.4,0.0,0.33862695,0.01830666
375316653866487564,5924839593072831360,0.56905013,2394.709677870084,0.23720203852082702,2.8531209E-5,18.18314,0.0017413215,0.5841088,8.1211026E-4,0.0065316176,5.850569E-4,0.7940445,0.04654161,null,null,null,null,null,null,null,null,null,null,"ONEGAUSSIAN",5,2.8781867,0.5841088,8.1211026E-4,0.03657706,0.0032763188,0.7940445,0.0,null,null,null,null,null,null
375316653866487564,5924839906611751808,0.5629182,2400.8209143842328,3.605048828816832,6.7884675E-6,19.47937,0.00836762,0.2647608,0.0022462774,0.07326078,0.0026371118,0.48841473,0.013760015,0.767872,0.0016726591,0.075991824,0.0029954042,0.55180436,0.020660583,null,null,null,null,"TWOGAUSSIANS",8,1.5872587,0.767872,0.0016726591,0.4,0.0,0.5482619,0.021040862,0.2647608,0.0022462774,0.4,0.0,0.48487225,0.013572416
375316653866487564,5924840009691011712,0.4559867,2427.3401006181516,0.03206245202476228,4.1193205E-5,19.538126,0.006461582,0.31652898,0.012458785,0.08381444,0.01147158,0.508638,0.08618027,0.64877063,0.028878994,0.055184938,0.01627057,0.48086807,0.21020539,null,null,null,null,"TWOGAUSSIANS",8,6.9315343,0.31652898,0.012458785,0.4,0.0,0.50862855,0.08619637,0.64877063,0.028878994,0.30903566,0.09111519,0.48105553,0.21004091
375316653866487564,5924840662541396992,0.65618646,2405.468246438919,2.1612469813703092,2.0499838E-6,13.602669,0.0044920743,0.23728156,7.3926116E-4,0.10098275,0.0025394207,0.22340944,0.003636001,0.73836064,6.000826E-4,0.11069796,0.0025949164,0.20860034,0.0037488507,null,null,null,null,"TWOGAUSSIANS",8,15.254398,0.23728156,7.3926116E-4,0.4,0.0,0.19730094,0.00301225,0.73836064,6.000826E-4,0.4,0.0,0.18247844,0.0018175513
375316653866487564,5924840868699870976,0.4967631,2379.493618417601,2.2979094375640297,1.897549E-5,16.275177,0.020675145,0.25671896,0.0040947595,0.11832126,0.014442174,0.15868603,0.01878124,0.7441494,0.0050390996,0.10310508,0.012385766,0.16786237,0.019400857,null,null,null,null,"TWOGAUSSIANS",8,30.291529,0.7441494,0.0050390996,0.4,0.0,0.1456307,0.0072263405,0.25672898,0.0040933895,0.4,0.0,0.13641132,0.007706493
375316653866487564,5924841517217140352,0.57829815,2380.8649106050566,3.033750992908213,1.1866033E-5,16.560047,0.018671172,0.27905464,0.0027034364,0.11113057,0.009803048,0.19826308,0.01784316,0.78340995,0.0019287156,0.11559798,0.0078014364,0.22023603,0.017589606,null,null,null,null,"TWOGAUSSIANS",8,5.6011686,0.7834199,0.0019363705,0.4,0.0,0.18502419,0.003982493,0.27904463,0.0027035552,0.4,0.0,0.16307369,0.0029560826
375316653866487564,5924842552327115904,0.5896797,2368.925616658997,0.6107289406263104,3.1013271E-6,14.591231,0.001375407,0.2335165,0.006362881,0.012433101,0.0033926172,0.024548007,0.009084566,0.7827586,5.7330186E-4,0.029670712,5.8109785E-4,0.43431127,0.008124087,null,null,null,null,"TWOGAUSSIANS",8,75.00811,0.7827586,5.7330186E-4,0.16615598,0.0032541477,0.43431127,0.008124087,0.2335165,0.006362881,0.06962537,0.018998656,0.024548007,0.009084566
375316653866487564,5924842827190140544,0.41751954,2358.4754983547546,3.609589587022381,1.17752825E-4,19.118706,0.036268737,0.21566223,0.024696516,0.018903887,0.066274725,0.20078517,0.34798196,0.6734021,0.0077713924,0.0186462,0.013486826,0.23618725,0.5908537,0.084894426,0.052946534,0.21566223,0.024696516,"TWOGAUSSIANS_WITH_ELLIPSOIDAL_ON_ECLIPSE1",9,37.397747,0.67418206,0.00805672,0.10441871,0.07552622,0.39449486,0.5914457,0.21566223,0.024696516,0.10586177,0.3198279,0.37057376,0.3426975
375316653866487564,5924845468583483136,0.55379915,2352.9045470357114,1.727028915697808,8.786085E-6,11.820812,0.0057394053,0.26393983,0.004720903,0.063518785,0.00568437,0.2043015,0.01573321,0.77512467,0.0030931677,0.0391149,0.0064492454,0.12123437,0.013692026,0.05997133,0.009651199,0.77512467,0.0030931677,"TWOGAUSSIANS_WITH_ELLIPSOIDAL_ON_ECLIPSE2",9,430.06396,0.26569983,0.0034556207,0.3557052,0.031832475,0.32370245,0.00974391,0.77512467,0.0030931677,0.21904343,0.036115773,0.24113385,0.009523079
375316653866487564,5924846331898260352,0.5618331,2384.216047278535,0.1744475587978372,1.950603E-5,17.138582,8.8940497E-4,0.3904948,0.0030916468,0.021347307,8.9493697E-4,0.9184839,0.1403872,0.088223726,0.09147806,0.06410115,0.065627575,0.0020806496,4.413071,null,null,null,null,"TWOGAUSSIANS",8,1.5300128,0.3904948,0.0030916468,0.119544916,0.005011647,0.9184839,0.1403872,0.088223726,0.09147806,0.35896644,0.36751443,0.0020806496,4.413071
375316653866487564,5924846946057106688,0.5161489,2388.2802036417092,2.2098285651869025,9.091508E-6,17.2292,0.43042755,0.26728258,0.002702151,0.15211555,0.058928102,0.2631212,0.36512536,0.76773494,0.0021645008,0.17121956,0.08928939,0.28339833,0.41518772,null,null,null,null,"TWOGAUSSIANS",8,3.2800095,0.76778495,0.0022345362,0.4,0.0,0.12084339,0.003952736,0.2671826,0.0030334226,0.4,0.0,0.10616815,0.0038891698
