Gaia/vari_eclipsing_binary/VariEclipsingBinary_212188-212305.csv
# %ECSV 1.0
# ---
# delimiter: ','
# meta: !!omap
# - RELEASE: Gaia DR3
# - TABLE: vari_eclipsing_binary
# - DESCRIPTION: >
#     This table describes the properties of the eclipsing binaries resulting from the variability analysis. 
# - CITATION: >
#     How to cite and acknowledge Gaia: 
#     https://gea.esac.esa.int/archive/documentation/credits.html 
# - KNOWN_ISSUES: >
#     Known issues: 
#     https://www.cosmos.esa.int/web/gaia-users/known-issues 
# - DOCUMENTATION: >
#     Tutorials and documentation: 
#     https://www.cosmos.esa.int/web/gaia-users/archive 
# datatype:
# - 
#   name: solution_id
#   datatype: int64
#   description: Solution Identifier
#   meta:
#     ucd: meta.version
# - 
#   name: source_id
#   datatype: int64
#   description: Unique source identifier
#   meta:
#     ucd: meta.id;meta.main
# - 
#   name: global_ranking
#   datatype: float32
#   description: Number between 0 (worst) and 1 (best)
#   meta:
#     ucd: stat.param
# - 
#   name: reference_time
#   datatype: float64
#   unit: d
#   description: Reference time used for the geometric model fit
#   meta:
#     ucd: time.epoch
# - 
#   name: frequency
#   datatype: float64
#   unit: d**-1
#   description: Frequency of geometric model of the eclipsing binary light curve
#   meta:
#     ucd: src.orbital
# - 
#   name: frequency_error
#   datatype: float32
#   unit: d**-1
#   description: "Uncertainty of \\texttt{frequency}"
#   meta:
#     ucd: stat.error
# - 
#   name: geom_model_reference_level
#   datatype: float32
#   unit: mag
#   description: Magnitude reference level of geometric model
#   meta:
#     ucd: phot.mag;em.opt
# - 
#   name: geom_model_reference_level_error
#   datatype: float32
#   unit: mag
#   description: "Uncertainty of \\texttt{geomModelReferenceLevel}"
#   meta:
#     ucd: stat.error;phot.mag;em.opt
# - 
#   name: geom_model_gaussian1_phase
#   datatype: float32
#   description: Phase of the Gaussian 1 component
#   meta:
#     ucd: time.phase
# - 
#   name: geom_model_gaussian1_phase_error
#   datatype: float32
#   description: "Uncertainty of \\texttt{geomModelGaussian1Phase}"
#   meta:
#     ucd: stat.error;time.phase
# - 
#   name: geom_model_gaussian1_sigma
#   datatype: float32
#   description: "Standard deviation [phase] of Gaussian 1 component"
#   meta:
#     ucd: stat.stdev
# - 
#   name: geom_model_gaussian1_sigma_error
#   datatype: float32
#   description: "Uncertainty of \\texttt{geomModelGaussian1Sigma}"
#   meta:
#     ucd: stat.error
# - 
#   name: geom_model_gaussian1_depth
#   datatype: float32
#   unit: mag
#   description: Magnitude depth of Gaussian 1 component
#   meta:
#     ucd: src.var.amplitude
# - 
#   name: geom_model_gaussian1_depth_error
#   datatype: float32
#   unit: mag
#   description: "Uncertainty of \\texttt{geomModelGaussian1Depth}"
#   meta:
#     ucd: stat.error;src.var.amplitude
# - 
#   name: geom_model_gaussian2_phase
#   datatype: float32
#   description: Phase of Gaussian 2 component
#   meta:
#     ucd: time.phase
# - 
#   name: geom_model_gaussian2_phase_error
#   datatype: float32
#   description: "Uncertainty of \\texttt{geomModelGaussian2Phase}"
#   meta:
#     ucd: stat.error;time.phase
# - 
#   name: geom_model_gaussian2_sigma
#   datatype: float32
[...]
#   datatype: float32
#   description: "Secondary eclipse: uncertainty of \\texttt{derivedSecondaryEclDuration}"
#   meta:
#     ucd: stat.error;time.duration
# - 
#   name: derived_secondary_ecl_depth
#   datatype: float32
#   unit: mag
#   description: "Secondary eclipse: depth"
#   meta:
#     ucd: src.var.amplitude
# - 
#   name: derived_secondary_ecl_depth_error
#   datatype: float32
#   unit: mag
#   description: "Secondary eclipse: uncertainty of \\texttt{derivedSecondaryEclDepth}"
#   meta:
#     ucd: stat.error;src.var.amplitude
solution_id,source_id,global_ranking,reference_time,frequency,frequency_error,geom_model_reference_level,geom_model_reference_level_error,geom_model_gaussian1_phase,geom_model_gaussian1_phase_error,geom_model_gaussian1_sigma,geom_model_gaussian1_sigma_error,geom_model_gaussian1_depth,geom_model_gaussian1_depth_error,geom_model_gaussian2_phase,geom_model_gaussian2_phase_error,geom_model_gaussian2_sigma,geom_model_gaussian2_sigma_error,geom_model_gaussian2_depth,geom_model_gaussian2_depth_error,geom_model_cosine_half_period_amplitude,geom_model_cosine_half_period_amplitude_error,geom_model_cosine_half_period_phase,geom_model_cosine_half_period_phase_error,model_type,num_model_parameters,reduced_chi2,derived_primary_ecl_phase,derived_primary_ecl_phase_error,derived_primary_ecl_duration,derived_primary_ecl_duration_error,derived_primary_ecl_depth,derived_primary_ecl_depth_error,derived_secondary_ecl_phase,derived_secondary_ecl_phase_error,derived_secondary_ecl_duration,derived_secondary_ecl_duration_error,derived_secondary_ecl_depth,derived_secondary_ecl_depth_error
[from data line 603]
375316653866487564,1867277095391896704,0.4794975,2247.6257595730094,2.8149464381019706,2.0257392E-5,18.523031,0.014901761,0.21941964,0.007610643,0.08382832,0.010272941,0.17180115,0.019169467,0.71948785,0.00747984,0.08605729,0.011116192,0.1873843,0.020546164,null,null,null,null,"TWOGAUSSIANS",8,5.1764693,0.71948785,0.00747984,0.4,0.0,0.18266769,0.01939622,0.21941964,0.007610643,0.4,0.0,0.16708454,0.016600192
375316653866487564,1867277164111487488,0.5817468,2235.839974834718,1.3258531829426718,1.8047975E-5,16.491804,0.006084521,0.20256022,0.002902736,0.028022533,0.004595669,0.10605786,0.02025033,0.7012734,0.0043678167,0.030230207,0.0038208065,1.3752044,0.124817975,0.021755297,0.008457253,0.20256022,0.002902736,"TWOGAUSSIANS_WITH_ELLIPSOIDAL_ON_ECLIPSE1",9,46.532654,0.7012734,0.0043648276,0.16928917,0.021396516,1.4187123,0.12550844,0.20256022,0.002902736,0.15692618,0.025735747,0.14956844,0.016618278
375316653866487564,1867277305856633344,0.42703885,2226.554512461396,2.2426223672179644,3.8495487E-5,17.443876,0.00795504,0.3585131,0.014996085,0.07674898,0.013483956,0.09483226,0.016914275,0.84459835,0.011450893,0.0708498,0.009296223,0.12512133,0.019185603,null,null,null,null,"TWOGAUSSIANS",8,30.516129,0.84459835,0.011450893,0.39675885,0.041572563,0.12461745,0.019136894,0.3585131,0.014996085,0.4,0.0017033386,0.09432838,0.016867526
375316653866487564,1867277408935845632,0.50515723,2223.8385702227492,0.22495087012746626,1.3215E-5,16.445627,0.0013168504,0.17060275,0.012673407,0.056958057,0.015962694,0.009744754,0.0020751131,0.9232399,9.816245E-4,0.019215718,8.363619E-4,0.10546442,0.0027069203,null,null,null,null,"TWOGAUSSIANS",8,2.471102,0.9232399,9.816245E-4,0.10760803,0.004683627,0.1054652,0.002707444,0.17060275,0.012673407,0.31896514,0.08939109,0.009744754,0.0020751131
375316653866487564,1867278027411185024,0.6250297,2223.184155221376,2.822934580022208,5.5217115E-6,15.264308,0.015218899,0.26376787,8.4492617E-4,0.05181956,0.0053798626,0.22034493,0.0291409,0.76457447,0.010637971,0.049268126,0.01118566,0.24359483,0.043156154,0.10251655,0.017504727,0.26376787,8.4492617E-4,"TWOGAUSSIANS_WITH_ELLIPSOIDAL_ON_ECLIPSE1",9,63.161453,0.76457447,0.010615356,0.27590153,0.0626397,0.44861957,0.019024475,0.26376787,8.4492617E-4,0.29018953,0.030127231,0.42537495,0.0071361493
375316653866487564,1867278572861070848,0.4517429,2238.4187007314936,1.6104904664922592,2.9944264E-5,18.713533,0.00787366,0.38382718,0.0076592593,0.015680917,0.008533855,0.1307528,0.08452457,0.7987513,0.0031953952,0.029490938,0.003044149,0.31489894,0.037458852,null,null,null,null,"TWOGAUSSIANS",8,15.64649,0.7987513,0.0031953952,0.16514926,0.017047234,0.31489894,0.037458852,0.38382718,0.0076592593,0.08781314,0.04778959,0.1307528,0.08452457
375316653866487564,1867278916457884416,0.5725504,2206.918676782151,2.8857766360283716,9.646021E-6,17.401318,0.011308088,0.24616438,0.00407325,0.10087457,0.008011055,0.27095345,0.0096375905,0.7349128,0.0035849703,0.103835255,0.004939517,0.27022356,0.012618488,null,null,null,null,"TWOGAUSSIANS",8,5.520321,0.24616438,0.004076385,0.4,0.0,0.24703139,0.0065044286,0.7349128,0.0035849703,0.4,0.0,0.24629875,0.00827579
375316653866487564,1867279573599601536,0.5876478,2188.1816347627996,2.569378964166657,7.916353E-6,17.119328,0.013191295,0.13165449,0.0017480067,0.09804301,0.0037757012,0.3623897,0.013166154,0.63589287,0.0020093722,0.10326295,0.005165079,0.3360528,0.012159691,null,null,null,null,"TWOGAUSSIANS",8,8.589385,0.13165449,0.0017480067,0.4,0.0,0.33214983,0.0066136853,0.63589287,0.0020093722,0.4,0.0,0.30580905,0.00792898
375316653866487564,1867282013141217152,0.59859365,2229.7195611560815,3.2924811243128542,4.6632317E-6,16.71828,0.0051394133,0.27367258,0.0011809815,0.049821895,0.0038738418,0.10610073,0.013991381,0.77256036,0.0026860388,0.050868995,0.004231982,0.12917069,0.012076087,0.08794948,0.0068453257,0.27367258,0.0011809815,"TWOGAUSSIANS_WITH_ELLIPSOIDAL_ON_ECLIPSE1",9,7.1517324,0.7728003,0.0020180899,0.2848664,0.0236991,0.3050616,0.0071250023,0.27367258,0.0011809815,0.2790026,0.021693515,0.28199837,0.008810055
375316653866487564,1867284246523798400,0.6249762,2209.415672500546,0.7879138585196109,1.0868257E-6,12.559288,0.0010708651,0.2236958,0.003779553,0.024540536,0.0037032291,0.31484395,0.1934935,0.7242509,0.0017138624,0.024394684,0.003183047,0.084619,0.030803401,0.018538196,0.0013693367,0.2236958,0.003779553,"TWOGAUSSIANS_WITH_ELLIPSOIDAL_ON_ECLIPSE1",9,36.326336,0.2236958,0.003779553,0.137427,0.020738084,0.35192028,0.19363753,0.7242509,0.0017043318,0.13661022,0.017825063,0.12169487,0.031104479
375316653866487564,1867286235083108224,0.5013037,2204.3317792299626,2.9142295803950065,1.6783488E-5,15.829416,0.53872675,0.29837307,0.0057463977,0.17286281,0.116041824,0.28974658,0.5131389,0.8008525,0.0053119753,0.15653192,0.08660232,0.2763717,0.46105632,null,null,null,null,"TWOGAUSSIANS",8,21.452549,0.29800308,0.0062190453,0.4,0.0,0.11634036,0.0072163134,0.80144244,0.0045659197,0.4,0.0,0.10844186,0.00821019
375316653866487564,1867288915142044672,0.5777564,2200.5587247230296,0.04815467290770841,8.927368E-6,17.998196,0.0030389852,0.5709459,1.850133E-5,0.0017608743,3.3364584E-5,2.8706818,0.11572598,0.7243397,0.06672473,0.11523237,0.046017464,0.023688091,0.0065723765,null,null,null,null,"TWOGAUSSIANS",8,5.0035877,0.5709459,1.850133E-5,0.009860896,1.8684166E-4,2.8804443,0.12548345,0.7243397,0.06672473,0.4,0.0,0.023684224,0.0065749628
375316653866487564,1867289263045695744,0.5681117,2219.5277176060245,3.5166826366043624,6.816178E-6,16.73348,0.026684474,0.29074836,0.0037803333,0.06204558,0.009500827,0.21956386,0.054552585,0.77714103,0.002119407,0.06467908,0.012415576,0.16042182,0.055026475,0.06281577,0.030653445,0.77714103,0.002119407,"TWOGAUSSIANS_WITH_ELLIPSOIDAL_ON_ECLIPSE2",9,21.629045,0.28873837,0.00296798,0.34745526,0.05320463,0.34429598,0.01803822,0.77714103,0.002119407,0.36220285,0.06952722,0.28593504,0.008825686
375316653866487564,1867292699019601152,0.5292327,2199.396668701609,0.9797154204372296,1.1703175E-5,12.998127,7.3745166E-4,0.2873493,0.0028504157,0.04365968,0.0066048345,0.086085655,0.03911977,null,null,null,null,null,null,0.029867623,9.123422E-4,0.2873493,0.0028504157,"ONEGAUSSIAN_WITH_ELLIPSOIDAL",6,25.2971,0.2873493,0.0028504157,0.2444942,0.036987074,0.14582081,0.03942783,null,null,null,null,null,null
375316653866487564,1867293862944882816,0.48714152,2192.9994947786586,2.8193605561065413,1.3408004E-5,19.762283,0.016272834,0.285373,0.0037459768,0.07277209,0.007424865,0.26061568,0.024492467,0.79217744,0.005908747,0.08338828,0.010553355,0.2588304,0.016807547,null,null,null,null,"TWOGAUSSIANS",8,1.5501937,0.285373,0.0037459768,0.4,0.013108738,0.2579416,0.02415295,0.79217744,0.005908747,0.4,0.0,0.25615633,0.01592491
375316653866487564,1867294107768848256,0.6056773,2195.898360071951,3.208844504817429,4.679985E-6,18.50872,0.009117505,0.28182065,0.001578504,0.05088464,0.002545237,0.40322405,0.02062229,0.77728146,0.0018688781,0.05567142,0.0026366503,0.3910076,0.02261859,0.092780545,0.011231396,0.28182065,0.001578504,"TWOGAUSSIANS_WITH_ELLIPSOIDAL_ON_ECLIPSE1",9,1.8703249,0.28182065,0.001578504,0.28495398,0.014253328,0.58877134,0.005449592,0.77775145,0.001635303,0.31175995,0.014765241,0.5764197,0.015808407
375316653866487564,1867294760603885184,0.48607942,2200.7936452117847,1.3185852461026315,1.5105408E-5,15.64739,0.003336484,0.1810942,0.0026039982,0.01979999,0.002173933,0.23450474,0.011436977,0.40961933,0.003875246,0.0045615365,0.0047266157,0.03983402,0.02658114,null,null,null,null,"TWOGAUSSIANS",8,102.1988,0.1810942,0.0026039982,0.11087995,0.012174024,0.23450474,0.011436977,0.40961933,0.003875246,0.025544604,0.02646905,0.03983402,0.02658114
375316653866487564,1867297539437815424,0.42211962,2208.121031371892,1.273684249925284,2.0178155E-5,11.821193,0.036633473,0.24451332,0.0015712165,0.085769705,0.009707949,0.4350387,0.027100636,0.75417185,0.019265862,0.068872586,0.027081888,0.62070304,0.5584723,null,null,null,null,"TWOGAUSSIANS",8,4086.7283,0.75417185,0.019265862,0.3856865,0.13480496,0.6162838,0.5657717,0.24451332,0.0015712165,0.4,0.0,0.43061936,0.019653281
375316653866487564,1867298295351382144,0.5912715,2227.3432460894924,4.255381268805417,4.8405577E-6,17.828733,0.018391497,0.25863937,0.0021717104,0.057067543,0.0053248606,0.3048295,0.03891558,0.7652403,0.0033865569,0.056074657,0.00579257,0.27821133,0.04055016,0.083375536,0.023332909,0.25863937,0.0021717104,"TWOGAUSSIANS_WITH_ELLIPSOIDAL_ON_ECLIPSE1",9,7.232575,0.25863937,0.0021717104,0.31957823,0.02981922,0.47155172,0.0111825485,0.7652403,0.0033865569,0.31401807,0.03243839,0.44464687,0.017230459
375316653866487564,1867300116420670848,0.4927878,2221.8797984853754,0.16866614451081444,8.452401E-5,18.967062,0.0026145554,0.21537477,4.1246304E-4,0.015117415,0.0016032001,0.22076304,0.0031776226,0.7686796,2.9370998E-4,0.0046113497,6.22017E-4,0.23918356,0.01986692,null,null,null,null,"TWOGAUSSIANS",8,1.5776793,0.7686796,2.9370998E-4,0.025823558,0.0034832952,0.23918356,0.01986692,0.21537477,4.1246304E-4,0.08465753,0.008977921,0.22076304,0.0031776226
375316653866487564,1867301392033612544,0.5885504,2254.0777423344207,0.09718842858213021,1.0202834E-5,13.756785,0.005914759,0.23665461,0.003954907,0.028698357,0.0048896465,0.2942791,0.017836025,0.73231816,0.0033858293,0.020051364,0.009713521,0.79695445,56.01881,0.100518264,0.008078115,0.73231816,0.0033858293,"TWOGAUSSIANS_WITH_ELLIPSOIDAL_ON_ECLIPSE2",9,405.02002,0.73231816,0.0033858293,0.11228763,0.05439572,0.9979908,56.02073,0.23647462,0.003720665,0.1607108,0.02738202,0.49517253,0.020253962
375316653866487564,1867303934654275200,0.554411,2247.7114920281456,0.5686420738974661,6.7440037E-6,11.304985,6.236698E-4,0.28534025,0.0035068386,0.020194653,0.0024649447,0.15650952,0.009884606,0.7915105,0.0032647238,0.021646315,0.0019976436,0.18083839,0.02206324,0.008925976,8.9607114E-4,0.28534025,0.0035068386,"TWOGAUSSIANS_WITH_ELLIPSOIDAL_ON_ECLIPSE1",9,13.564739,0.7915105,0.0032647238,0.12121937,0.011186805,0.19866349,0.022165455,0.28534025,0.0035068386,0.11309005,0.01380369,0.17436144,0.01002901
375316653866487564,1867304140812711040,0.54289705,2240.1627618841644,1.7369765720201478,7.0440683E-6,14.400882,0.11808124,0.2599468,0.002453317,0.15659444,0.052262202,0.14940763,0.11636424,0.76664615,0.0028614646,0.13069506,0.032506313,0.13254166,0.10038629,null,null,null,null,"TWOGAUSSIANS",8,12.033138,0.2597868,0.0021941226,0.4,0.0,0.09010092,0.0032477824,0.76729614,0.002377262,0.4,0.0,0.07489907,0.0030142362
375316653866487564,1867304205226540672,0.58034927,2245.8574686432967,3.311501341164817,7.289981E-6,18.148417,0.006448903,0.27651072,0.0014828596,0.06883384,0.0017864023,0.5101046,0.009738366,0.77936924,0.0024304397,0.07516444,0.0030789908,0.5174339,0.021253329,null,null,null,null,"TWOGAUSSIANS",8,6.324842,0.77936924,0.0024304397,0.4,0.0,0.5151249,0.021575227,0.27651072,0.0014828596,0.38546953,0.010003853,0.5077957,0.009590933
375316653866487564,1867304209532192896,0.63141006,2234.3712773702637,2.7203515533443565,4.265349E-6,16.92107,0.011047045,0.122577295,0.0011115646,0.048451364,0.0025691073,0.40699512,0.02411701,0.62072146,0.0018114337,0.053589318,0.0024529297,0.50514615,0.024132222,0.09828384,0.012950907,0.122577295,0.0011115646,"TWOGAUSSIANS_WITH_ELLIPSOIDAL_ON_ECLIPSE1",9,13.672776,0.6208715,0.0016641513,0.30010018,0.013736407,0.70168,0.009450684,0.122577295,0.0011115646,0.27132764,0.014387,0.6035536,0.011017816
375316653866487564,1867308775069715456,0.60254616,2241.5338952114867,2.2703011481571163,4.141729E-6,12.236827,0.0043541794,0.14930502,0.0012582199,0.09854737,0.0032088452,0.14206849,0.004044516,0.6438366,0.0013782259,0.111437924,0.0038521034,0.15133901,0.0039004867,null,null,null,null,"TWOGAUSSIANS",8,45.718296,0.6438366,0.0013782259,0.4,0.0,0.13515863,0.0022247003,0.14931501,0.0012582199,0.4,0.0,0.1259005,0.0022925
375316653866487564,1867310153763134848,0.63224626,2209.12514042989,1.2533787865574737,3.4229095E-6,14.636536,0.0034751683,0.22731441,0.0010012065,0.09285114,0.002019933,0.22864048,0.0035864862,0.73416394,0.0015243216,0.09995997,0.0034021274,0.15939672,0.0031290762,null,null,null,null,"TWOGAUSSIANS",8,13.838527,0.22731441,0.0010012065,0.4,0.0,0.21671836,0.0027914266,0.73416394,0.0015243216,0.4,0.0,0.1474736,0.002106829
375316653866487564,1867310321258065024,0.5272603,2228.554707042719,2.2484456048518235,1.0220137E-5,19.35045,0.012215868,0.22223575,0.0020282723,0.03511851,0.0026643507,0.8617948,0.06614085,0.7315023,0.008377678,0.06442887,0.0127273165,0.23127823,0.020721773,null,null,null,null,"TWOGAUSSIANS",8,6.804519,0.22223575,0.0020282723,0.19666365,0.014920364,0.8617934,0.06614176,0.7315023,0.008377678,0.3608017,0.07127297,0.2312768,0.020723887
375316653866487564,1867311867446572032,0.4643542,2203.6083382866555,1.459843123703542,3.101405E-5,19.929533,0.00767518,0.62979686,0.007948721,0.014328506,0.009253002,0.046745554,0.022370258,0.7750561,0.0026165321,0.029161893,0.0028261824,0.49265945,0.10203696,null,null,null,null,"TWOGAUSSIANS",8,2.047492,0.7750561,0.0026165321,0.16330661,0.015826622,0.49265945,0.10203696,0.62979686,0.007948721,0.08023963,0.051816814,0.046747573,0.022373151
375316653866487564,1867314036413639808,0.48738176,2198.557869750334,0.30125282664181374,5.0471353E-6,17.813257,0.005663132,0.3704376,1.9081246E-5,0.0050983094,1.741534E-4,0.5541174,0.024935104,0.8816643,0.00797479,0.009322683,0.008256301,0.5212719,1.8365089,null,null,null,null,"TWOGAUSSIANS",8,21.208832,0.3704376,1.9081246E-5,0.028550532,9.7525906E-4,0.5541174,0.024935104,0.8816643,0.00797479,0.052207027,0.046235286,0.5212719,1.8365089
375316653866487564,1867316059334532864,0.5136503,2234.0376135530655,2.899768775752717,1.3266953E-5,18.386068,0.008082723,0.21251854,0.003898888,0.08309081,0.006003559,0.23959555,0.0099156005,0.7049945,0.003018038,0.083665796,0.004485512,0.28595158,0.016081512,null,null,null,null,"TWOGAUSSIANS",8,4.1541085,0.7049945,0.003018038,0.4,0.0,0.28085285,0.016468162,0.21251854,0.003898888,0.4,0.0,0.23449683,0.009392525
375316653866487564,1867317227568336640,0.49359125,2195.653864336707,1.1842902152020707,1.23451855E-5,18.181787,0.0039106566,0.21841224,0.018844955,0.011342522,0.009586708,0.025937803,0.078275815,0.72398245,0.0039301375,0.030996181,0.007241572,0.1695789,0.009011393,0.015729811,0.005140123,0.72398245,0.0039301375,"TWOGAUSSIANS_WITH_ELLIPSOIDAL_ON_ECLIPSE2",9,3.3319468,0.72398245,0.0039301375,0.17357862,0.040552802,0.20103851,0.008505048,0.21848224,0.018833254,0.06351812,0.053685565,0.05735937,0.07728153
375316653866487564,1867319087295572480,0.51503855,2231.782222807697,0.7789876602822032,1.2046396E-5,16.140608,0.0026942526,0.2111035,0.0046813893,0.027789002,0.00818775,0.111162506,0.019197257,null,null,null,null,null,null,0.07671542,0.0035407883,0.2111035,0.0046813893,"ONEGAUSSIAN_WITH_ELLIPSOIDAL",6,50.006924,0.2111035,0.0046813893,0.15561841,0.045851402,0.2645932,0.016069131,null,null,null,null,null,null
375316653866487564,1867319499612108160,0.50520307,2194.979903673208,0.20701394293573003,5.54859E-5,16.859554,0.01169908,0.2695436,0.037578057,0.036096588,0.07531116,1.2631929,1.4118468,0.78917384,0.009968899,0.04994556,0.015196899,0.13696088,0.036917157,null,null,null,null,"TWOGAUSSIANS",8,19.2467,0.2695436,0.037578057,0.20214088,0.21505032,1.2631929,1.4134654,0.78917384,0.009968899,0.27969512,0.08510263,0.13696086,0.037006468
375316653866487564,1867321080160307584,0.622628,2212.9152813557403,3.868915882344407,3.3848814E-6,17.007318,0.015369761,0.25403383,0.0010175334,0.0458219,0.0036525421,0.5049296,0.032895498,0.7594337,0.0019543748,0.038853213,0.003614138,0.5197144,0.036325514,0.13433108,0.024181196,0.25403383,0.0010175334,"TWOGAUSSIANS_WITH_ELLIPSOIDAL_ON_ECLIPSE1",9,42.589485,0.7594337,0.0019543748,0.217578,0.020239174,0.7880672,0.01787562,0.25403383,0.0010175334,0.25660264,0.020454235,0.7735916,0.019304218
