Gaia/vari_eclipsing_binary/VariEclipsingBinary_512068-512101.csv
# %ECSV 1.0
# ---
# delimiter: ','
# meta: !!omap
# - RELEASE: Gaia DR3
# - TABLE: vari_eclipsing_binary
# - DESCRIPTION: >
#     This table describes the properties of the eclipsing binaries resulting from the variability analysis. 
# - CITATION: >
#     How to cite and acknowledge Gaia: 
#     https://gea.esac.esa.int/archive/documentation/credits.html 
# - KNOWN_ISSUES: >
#     Known issues: 
#     https://www.cosmos.esa.int/web/gaia-users/known-issues 
# - DOCUMENTATION: >
#     Tutorials and documentation: 
#     https://www.cosmos.esa.int/web/gaia-users/archive 
# datatype:
# - 
#   name: solution_id
#   datatype: int64
#   description: Solution Identifier
#   meta:
#     ucd: meta.version
# - 
#   name: source_id
#   datatype: int64
#   description: Unique source identifier
#   meta:
#     ucd: meta.id;meta.main
# - 
#   name: global_ranking
#   datatype: float32
#   description: Number between 0 (worst) and 1 (best)
#   meta:
#     ucd: stat.param
# - 
#   name: reference_time
#   datatype: float64
#   unit: d
#   description: Reference time used for the geometric model fit
#   meta:
#     ucd: time.epoch
# - 
#   name: frequency
#   datatype: float64
#   unit: d**-1
#   description: Frequency of geometric model of the eclipsing binary light curve
#   meta:
#     ucd: src.orbital
# - 
#   name: frequency_error
#   datatype: float32
#   unit: d**-1
#   description: "Uncertainty of \\texttt{frequency}"
#   meta:
#     ucd: stat.error
# - 
#   name: geom_model_reference_level
#   datatype: float32
#   unit: mag
#   description: Magnitude reference level of geometric model
#   meta:
#     ucd: phot.mag;em.opt
# - 
#   name: geom_model_reference_level_error
#   datatype: float32
#   unit: mag
#   description: "Uncertainty of \\texttt{geomModelReferenceLevel}"
#   meta:
#     ucd: stat.error;phot.mag;em.opt
# - 
#   name: geom_model_gaussian1_phase
#   datatype: float32
#   description: Phase of the Gaussian 1 component
#   meta:
#     ucd: time.phase
# - 
#   name: geom_model_gaussian1_phase_error
#   datatype: float32
#   description: "Uncertainty of \\texttt{geomModelGaussian1Phase}"
#   meta:
#     ucd: stat.error;time.phase
# - 
#   name: geom_model_gaussian1_sigma
#   datatype: float32
#   description: "Standard deviation [phase] of Gaussian 1 component"
#   meta:
#     ucd: stat.stdev
# - 
#   name: geom_model_gaussian1_sigma_error
#   datatype: float32
#   description: "Uncertainty of \\texttt{geomModelGaussian1Sigma}"
#   meta:
#     ucd: stat.error
# - 
#   name: geom_model_gaussian1_depth
#   datatype: float32
#   unit: mag
#   description: Magnitude depth of Gaussian 1 component
#   meta:
#     ucd: src.var.amplitude
# - 
#   name: geom_model_gaussian1_depth_error
#   datatype: float32
#   unit: mag
#   description: "Uncertainty of \\texttt{geomModelGaussian1Depth}"
#   meta:
#     ucd: stat.error;src.var.amplitude
# - 
#   name: geom_model_gaussian2_phase
#   datatype: float32
#   description: Phase of Gaussian 2 component
#   meta:
#     ucd: time.phase
# - 
#   name: geom_model_gaussian2_phase_error
#   datatype: float32
#   description: "Uncertainty of \\texttt{geomModelGaussian2Phase}"
#   meta:
#     ucd: stat.error;time.phase
# - 
#   name: geom_model_gaussian2_sigma
#   datatype: float32
[...]
#   datatype: float32
#   description: "Secondary eclipse: uncertainty of \\texttt{derivedSecondaryEclDuration}"
#   meta:
#     ucd: stat.error;time.duration
# - 
#   name: derived_secondary_ecl_depth
#   datatype: float32
#   unit: mag
#   description: "Secondary eclipse: depth"
#   meta:
#     ucd: src.var.amplitude
# - 
#   name: derived_secondary_ecl_depth_error
#   datatype: float32
#   unit: mag
#   description: "Secondary eclipse: uncertainty of \\texttt{derivedSecondaryEclDepth}"
#   meta:
#     ucd: stat.error;src.var.amplitude
solution_id,source_id,global_ranking,reference_time,frequency,frequency_error,geom_model_reference_level,geom_model_reference_level_error,geom_model_gaussian1_phase,geom_model_gaussian1_phase_error,geom_model_gaussian1_sigma,geom_model_gaussian1_sigma_error,geom_model_gaussian1_depth,geom_model_gaussian1_depth_error,geom_model_gaussian2_phase,geom_model_gaussian2_phase_error,geom_model_gaussian2_sigma,geom_model_gaussian2_sigma_error,geom_model_gaussian2_depth,geom_model_gaussian2_depth_error,geom_model_cosine_half_period_amplitude,geom_model_cosine_half_period_amplitude_error,geom_model_cosine_half_period_phase,geom_model_cosine_half_period_phase_error,model_type,num_model_parameters,reduced_chi2,derived_primary_ecl_phase,derived_primary_ecl_phase_error,derived_primary_ecl_duration,derived_primary_ecl_duration_error,derived_primary_ecl_depth,derived_primary_ecl_depth_error,derived_secondary_ecl_phase,derived_secondary_ecl_phase_error,derived_secondary_ecl_duration,derived_secondary_ecl_duration_error,derived_secondary_ecl_depth,derived_secondary_ecl_depth_error
[from data line 301]
375316653866487564,4504343039004851456,0.5051058,2160.009535091036,0.46837183514258696,7.820917E-5,18.760021,0.042843983,0.086783744,0.014210798,0.030434646,0.016650908,0.076661825,0.023786822,0.47868365,0.021526571,0.1976901,0.04626582,0.19596924,0.041586395,null,null,null,null,"TWOGAUSSIANS",8,2.217772,0.47868365,0.021526571,0.4,0.0,0.17986518,0.01696808,0.08989374,0.011432634,0.17043401,0.09324508,0.090138026,0.027835356
375316653866487564,4504343142084077568,0.6348111,2210.203263825134,0.7911097612978164,9.043818E-6,14.058937,0.015238812,0.2552452,0.0051228465,0.08030767,0.005646368,0.5983955,0.019941034,0.77276444,0.004907266,0.078966945,0.010063183,0.27293003,0.013484302,null,null,null,null,"TWOGAUSSIANS",8,198.65878,0.2552452,0.0051228465,0.4,0.0,0.59429264,0.017095879,0.77276444,0.004907266,0.4,0.0,0.26882714,0.010767786
375316653866487564,4504343240832599168,0.51004165,2189.553182528499,0.02795747208871375,3.692693E-5,18.691423,0.0069250898,0.2741757,0.012263285,0.02542249,0.023251196,0.17860381,0.031197986,0.7093247,0.0114456015,0.07400599,0.03332045,0.18143788,0.1245812,null,null,null,null,"TWOGAUSSIANS",8,2.9815674,0.7093247,0.0114456015,0.4,0.14026247,0.18143785,0.12458139,0.2741757,0.012263285,0.14236593,0.1302067,0.17860378,0.031198055
375316653866487564,4504344512146591104,0.61605084,2182.18482910988,3.597365205707203,4.990237E-6,18.13243,0.011013962,0.22551408,0.002696475,0.07379211,0.0047539105,0.36460134,0.013388988,0.7219489,0.004018354,0.0800753,0.0046955585,0.42679858,0.027423153,null,null,null,null,"TWOGAUSSIANS",8,2.7962694,0.7219489,0.004018354,0.4,0.0,0.4230639,0.027486376,0.22551408,0.002696475,0.4,0.0017424952,0.36086667,0.0135686435
375316653866487564,4504345375444114176,0.5896666,2218.6890823535005,2.6760268152835347,9.137483E-6,18.312061,0.0147930365,0.2740505,0.0039710575,0.07590924,0.0040762047,0.49678,0.021553885,0.7780093,0.003904302,0.073972136,0.014921491,0.48959693,0.102238886,null,null,null,null,"TWOGAUSSIANS",8,3.3258376,0.2740505,0.0039710575,0.4,0.0,0.49331975,0.019140383,0.7780093,0.003904302,0.4,0.0,0.4861367,0.10873608
375316653866487564,4504345890862315648,0.46353936,2186.679841891641,0.19699481394992274,1.4051136E-4,19.375889,0.25662035,0.34482893,0.029678648,0.15249205,0.09042619,0.37201416,0.2341839,0.7579271,0.043431237,0.10824096,0.032074243,0.31359228,0.13899836,null,null,null,null,"TWOGAUSSIANS",8,4.393974,0.34530893,0.029407302,0.4,0.0,0.31801754,0.047340795,0.7579271,0.043431237,0.4,0.0,0.26908842,0.031756047
375316653866487564,4504346543698265728,0.60926104,2182.814956541317,2.948949708571856,5.651429E-6,17.900248,0.009881413,0.15554854,0.0016064644,0.08871184,0.0044013746,0.25305265,0.0093384655,0.6543827,0.008441379,0.0823834,0.01284701,0.30194503,0.048793994,null,null,null,null,"TWOGAUSSIANS",8,1.0208468,0.6543827,0.008441379,0.4,0.0,0.29440612,0.052240923,0.15554854,0.0016064644,0.4,0.0,0.24551365,0.0070912456
375316653866487564,4504347024711799552,0.55985004,2142.7413821033847,1.7471423142264766,3.206466E-5,18.829102,0.011891196,0.34617826,0.022421453,0.096025564,0.014457117,0.059212845,0.014341791,0.7383845,0.005597783,0.0836523,0.046901133,0.2045258,0.102254085,null,null,null,null,"TWOGAUSSIANS",8,0.3436001,0.7383845,0.005597783,0.4,0.0,0.20386599,0.10803471,0.34620824,0.020652654,0.4,0.0,0.05854238,0.0105962455
375316653866487564,4504347505742064256,0.46551475,2124.7217086713663,0.8832606080580426,8.9889865E-5,19.90676,0.05187958,0.06079414,0.020576267,0.05182992,0.026953941,0.103991196,0.04999479,0.7381067,0.011724712,0.105219804,0.019779619,0.25017625,0.061552558,null,null,null,null,"TWOGAUSSIANS",8,2.012222,0.7381067,0.011723728,0.4,0.0,0.2501436,0.060781877,0.059004143,0.019472122,0.29024756,0.1331615,0.10628723,0.051699977
375316653866487564,4504347535800144000,0.54763275,2158.528323763541,2.5974150512205703,7.550341E-5,19.217388,0.027021723,0.27458674,0.005410168,0.07398333,0.00719845,0.39108348,0.02929013,0.770632,0.009197576,0.084315166,0.014342993,0.3894413,0.025119253,null,null,null,null,"TWOGAUSSIANS",8,3.2218475,0.27458674,0.005410168,0.4,0.012095922,0.38618022,0.024480239,0.770632,0.009197576,0.4,0.0,0.38453805,0.019060746
375316653866487564,4504347879398665728,0.5181297,2150.229041243308,2.4217447002229697,1.8192569E-4,17.143934,0.008343111,0.59866005,6.797499E-4,0.024014724,0.011185711,0.21851584,3.64228,0.45035142,0.007403946,0.09380342,0.015355341,0.26375675,0.010307362,null,null,null,null,"TWOGAUSSIANS",8,33.042282,0.5951401,0.0030988099,0.13448246,0.06263999,0.29632112,3.6480021,0.45035142,0.007403946,0.4,0.0,0.2637564,0.010305916
375316653866487564,4504348326074354944,0.5405116,2150.682516628239,2.7962139234717482,3.52731E-5,17.058926,0.006037449,0.30862665,0.007613939,0.06501783,0.00948397,0.10196877,0.007410546,0.81721616,0.0046785455,0.07005967,0.01114228,0.11585176,0.023656398,null,null,null,null,"TWOGAUSSIANS",8,3.6580768,0.81721616,0.0046785455,0.39233413,0.027212473,0.11566994,0.023880353,0.30862665,0.007613939,0.3640998,0.052388545,0.101786956,0.0072527938
375316653866487564,4504348360434138112,0.6026514,2157.497977462946,1.9816928622192476,2.9613599E-5,16.62421,0.004725429,0.09192211,0.007609009,0.031161355,0.012476499,0.03255934,0.033530984,0.6023799,0.010551432,0.04983068,0.008546004,0.2056902,0.016424863,0.024523973,0.0053766323,0.09192211,0.007609009,"TWOGAUSSIANS_WITH_ELLIPSOIDAL_ON_ECLIPSE1",9,5.120614,0.6023799,0.010551432,0.2790518,0.047857624,0.2545261,0.013895683,0.09192211,0.007609009,0.1745036,0.06986839,0.08160669,0.0336411
375316653866487564,4504348983238611968,0.56218135,2151.881719612903,0.7802642003154726,5.0452305E-5,16.001842,0.010247592,0.7903429,0.004705237,0.045213524,0.0043607615,1.5905024,0.114587076,null,null,null,null,null,null,null,null,null,null,"ONEGAUSSIAN",5,404.6966,0.7903429,0.004705237,0.25319573,0.024420265,1.5905024,0.0,null,null,null,null,null,null
375316653866487564,4504349945283778944,0.5599356,2167.913761810268,2.654924728150206,1.6460259E-5,19.092314,0.017796276,0.28285018,0.009229754,0.068971425,0.016080266,0.5478349,0.08986503,0.78411883,0.0029259662,0.07490535,0.0060369573,0.40465125,0.037068065,null,null,null,null,"TWOGAUSSIANS",8,1.5421327,0.28285018,0.009229754,0.38624,0.029737987,0.5456757,0.094652504,0.78411883,0.0029259662,0.4,0.0,0.4024921,0.03730044
375316653866487564,4504350288880986752,0.5166255,2149.759547874481,3.589025997941395,2.2581517E-5,19.785545,0.013202203,0.25973976,0.0039295517,0.06697481,0.0042535583,0.6510493,0.062667295,0.77577186,0.0288615,0.07175053,0.015534087,0.41851157,0.088227436,null,null,null,null,"TWOGAUSSIANS",8,1.9270978,0.25973976,0.0039295517,0.37505895,0.023819927,0.65002716,0.063056916,0.77577186,0.0288615,0.4,0.030882984,0.41748944,0.086638406
375316653866487564,4504350323240881536,0.44932604,2073.64892036728,2.334628293418643,2.5064473E-5,19.890009,0.021871682,0.6097186,0.013596347,0.059980385,0.010613546,0.31989524,0.041436266,0.92908233,0.029560981,0.05285344,0.037156463,0.17585407,0.08349528,null,null,null,null,"TWOGAUSSIANS",8,3.0682955,0.6097186,0.013596236,0.33589014,0.059435856,0.31989524,0.041438118,0.92908233,0.029560981,0.29597926,0.14354345,0.17585428,0.08350934
375316653866487564,4504350391987874048,0.4723768,2152.5043015579095,0.8291153819971316,2.6475482E-5,17.981274,0.011904069,0.24207215,0.0045021744,0.07744749,0.015430685,0.0757637,0.010098189,0.7301434,0.015181831,0.1270279,0.037161056,0.0501754,0.016422957,null,null,null,null,"TWOGAUSSIANS",8,2.217167,0.24211214,0.0044995463,0.4,0.016534764,0.070938125,0.0042816037,0.7301434,0.015181831,0.4,0.0,0.04530365,0.016324673
375316653866487564,4504350868693279104,0.5714413,2136.919367606853,3.7498234824113323,1.0752399E-5,19.020142,0.008403246,0.26068088,0.0141416155,0.06547092,0.015151183,0.42364356,0.06860667,0.7484163,0.0020459704,0.06265027,0.0039589293,0.5389539,0.04058488,null,null,null,null,"TWOGAUSSIANS",8,2.681345,0.7484163,0.0020459704,0.35084152,0.022170005,0.53863215,0.040745307,0.26068088,0.0141416155,0.36663714,0.08484662,0.42332184,0.06884977
375316653866487564,4504351113542500864,0.5706277,2137.862806389972,1.908507046152391,1.7183685E-5,17.379698,0.010833781,0.15787543,0.0026202293,0.07633087,0.0032150252,0.4551494,0.016135884,0.6554619,0.0031979154,0.08154231,0.006983568,0.43120828,0.037922535,null,null,null,null,"TWOGAUSSIANS",8,15.334966,0.15787543,0.0026202293,0.4,0.0,0.4495568,0.0153857125,0.6554619,0.0031979154,0.4,0.0,0.4256157,0.03961866
375316653866487564,4504351658967543808,0.55530554,2078.663846235711,0.6522928270315881,1.766238E-4,17.052618,0.0033420848,0.36130306,0.0036838115,0.039132018,0.003693689,0.31003618,0.025335824,null,null,null,null,null,null,null,null,null,null,"ONEGAUSSIAN",5,14.930768,0.36130306,0.0036838115,0.21913931,0.020684658,0.31003618,0.0,null,null,null,null,null,null
375316653866487564,4504352071284018944,0.63438076,2160.8099581880133,2.7622939042946366,6.189237E-6,16.64145,0.031080887,0.21270627,0.008584849,0.05762479,0.01749247,0.35440454,0.08006944,0.7209623,0.002021391,0.05256148,0.009818972,0.31266868,0.058933277,0.102508664,0.03229513,0.7209623,0.002021391,"TWOGAUSSIANS_WITH_ELLIPSOIDAL_ON_ECLIPSE2",9,13.155929,0.21379627,0.0074703875,0.32269883,0.08623591,0.5589222,0.09224843,0.7209623,0.002021391,0.2943443,0.054986242,0.5176651,0.03525929
375316653866487564,4504352586680232320,0.63982546,2197.6253152843074,2.637173290496962,1.3927936E-5,18.327726,0.0045604263,0.30713657,0.0024383029,0.04876864,0.0022134297,0.78288686,0.058805916,0.7997997,0.004436398,0.04416184,0.0052191536,0.71183246,0.0790515,null,null,null,null,"TWOGAUSSIANS",8,3.173558,0.30713657,0.0024383029,0.27310437,0.012395206,0.7828864,0.058806196,0.7997997,0.004436398,0.24730632,0.02922726,0.7118319,0.07905255
375316653866487564,4504353617472520192,0.6597538,2168.6947488275487,2.979377131307935,6.765381E-6,17.855976,0.024301907,0.29943746,0.004990629,0.052339602,0.006973278,0.4816983,0.055454798,0.7971844,0.007515536,0.047992833,0.010463926,0.31817627,0.051409796,0.11793472,0.02801623,0.29943746,0.004990629,"TWOGAUSSIANS_WITH_ELLIPSOIDAL_ON_ECLIPSE1",9,2.8249009,0.29943746,0.004990629,0.2931018,0.039050356,0.7175618,0.02375302,0.7974544,0.0066607753,0.26875988,0.058597986,0.5539981,0.051689748
375316653866487564,4504353724857213184,0.50959027,2166.113973241787,4.502247641967673,3.001078E-5,19.228292,0.008714293,0.2584081,0.0018598906,0.048991002,0.005163868,0.49364415,0.11887733,0.7663183,0.019832082,0.09568797,0.018032707,0.13386144,0.019440493,null,null,null,null,"TWOGAUSSIANS",8,1.2989781,0.2584081,0.0018598906,0.2743496,0.02891766,0.49284175,0.119654454,0.7663183,0.019832082,0.4,0.0,0.1330587,0.019677205
375316653866487564,4504353965400872192,0.6316203,2140.867898358809,2.2560479545729075,1.0098865E-5,16.3099,0.011152838,0.3385593,0.015466532,0.041205604,0.022975804,0.16815686,0.038717635,0.82503885,0.0018010332,0.04448245,0.00929893,0.19880575,0.02476612,0.117411114,0.013462167,0.82503885,0.0018010332,"TWOGAUSSIANS_WITH_ELLIPSOIDAL_ON_ECLIPSE2",9,19.274715,0.82503885,0.0018010332,0.24910173,0.052074008,0.43362793,0.030851247,0.3364293,0.013010663,0.23075138,0.1286645,0.40155384,0.029136937
375316653866487564,4504354618209395840,0.5272795,2130.8502018175896,2.65175174641694,2.0120948E-5,18.166254,0.033554,0.2408783,0.0044310973,0.09350644,0.014002495,0.25512558,0.029100971,0.74672455,0.014483635,0.10241534,0.021273226,0.26191035,0.04036185,null,null,null,null,"TWOGAUSSIANS",8,5.845093,0.74672455,0.014483635,0.4,0.0,0.24347168,0.03407869,0.2408783,0.0044297813,0.4,0.0,0.23669021,0.018770024
375316653866487564,4504354854423292928,0.49811694,2190.5848789082393,0.2561479415402163,1.13048714E-4,18.809534,0.007850539,0.13381086,0.02941192,0.036988582,0.023055064,0.02363484,0.010097795,0.82121396,0.009427387,0.031708263,0.014153814,1.600572,1.3904666,null,null,null,null,"TWOGAUSSIANS",8,4.601674,0.82121396,0.009427387,0.17756626,0.079261355,1.600572,1.3904666,0.13381086,0.02941192,0.20713606,0.12910835,0.02363484,0.010097795
375316653866487564,4504354888804035584,0.48271343,2138.2622913606974,2.929819293165341,2.0978623E-5,18.46425,0.0038401526,0.73020625,0.0064433366,0.06850845,0.037864693,0.026253203,0.0359733,null,null,null,null,null,null,0.0748396,0.007720966,0.73020625,0.0064433366,"ONEGAUSSIAN_WITH_ELLIPSOIDAL",6,6.858279,0.73020625,0.0064433366,0.38364732,0.17207529,0.175898,0.035745207,null,null,null,null,null,null
375316653866487564,4504355782136332416,0.6328259,2136.3261211307977,2.5479364942580567,7.126901E-6,17.873838,0.022530695,0.28425798,0.0029574046,0.04995143,0.006414381,0.4857749,0.047000725,0.78046495,0.0015324226,0.04647072,0.006443137,0.3636703,0.03880998,0.101117246,0.029880155,0.28425798,0.0029574046,"TWOGAUSSIANS_WITH_ELLIPSOIDAL_ON_ECLIPSE1",9,8.608654,0.28425798,0.0029574046,0.279728,0.035920534,0.6880071,0.03062324,0.7807949,0.0014098849,0.26023602,0.036081567,0.5657976,0.027440317
375316653866487564,4504355820801065856,0.54124045,2151.6582230453587,1.2871119577396954,1.4566523E-5,18.031464,0.010065684,0.269416,0.0038057852,0.10201301,0.0072866897,0.19183882,0.010158057,0.79673785,0.024583738,0.07213242,0.014207232,0.24130684,0.036618054,null,null,null,null,"TWOGAUSSIANS",8,3.2052283,0.79673785,0.024592128,0.4,0.07295418,0.23708794,0.033630606,0.269416,0.0038057852,0.4,0.0,0.18761542,0.008316819
375316653866487564,4504356267481733632,0.4995296,2179.512271129978,2.2661287577909333,2.7854834E-5,17.346655,0.016272588,0.16257969,0.00704488,0.068486616,0.014445135,0.23712929,0.021531878,0.6653817,0.013261733,0.06850824,0.015155412,0.20859426,0.0459739,null,null,null,null,"TWOGAUSSIANS",8,31.892212,0.16257969,0.00704488,0.38352507,0.071821034,0.23660082,0.021513818,0.6653817,0.013261733,0.38364616,0.06878236,0.2080658,0.046298962
375316653866487564,4504356572414894592,0.5699644,2172.005002950177,2.3174260253586043,8.035536E-6,19.137085,0.011328058,0.22011067,0.004437791,0.07157011,0.006840629,0.44629818,0.046994574,0.7154161,0.0014985787,0.073738664,0.005221342,0.47860485,0.04079577,null,null,null,null,"TWOGAUSSIANS",8,2.2959216,0.7154161,0.0014985787,0.4,9.089517E-4,0.47638437,0.04149177,0.22011067,0.004437791,0.4,0.017218802,0.44407773,0.048045464
375316653866487564,4504356679800371328,0.53770447,2117.3825733657345,1.8957588056561732,3.417852E-5,18.14973,0.047732435,0.23133639,0.009038905,0.1031735,0.03142342,0.34744874,0.05730556,0.74037457,0.033043113,0.09100617,0.026806705,0.3178965,0.06834639,null,null,null,null,"TWOGAUSSIANS",8,14.179075,0.23133639,0.009015098,0.4,0.0,0.32603362,0.07136532,0.74037457,0.033045772,0.4,0.0,0.29648718,0.04333138
375316653866487564,4504356709851777920,0.60557014,2163.3193522807833,2.5190254731960438,1.4146336E-5,18.794683,0.008656248,0.2717937,0.021194812,0.08030376,0.014562362,0.3746444,0.10030597,0.7773288,0.008239634,0.07719421,0.009119019,0.41564265,0.03198478,null,null,null,null,"TWOGAUSSIANS",8,1.672476,0.7773288,0.008239634,0.4,0.006427815,0.41107872,0.03272076,0.2717937,0.021194812,0.4,0.026783368,0.37008044,0.101063326
375316653866487564,4504357603207183232,0.5460413,2155.6444851003644,0.23916783479983586,1.3108966E-4,18.034885,0.003972284,0.055969603,0.029538877,0.056495,0.01950213,0.015747573,0.008907915,0.3327005,0.006796296,0.050583042,0.0042608418,0.19584426,0.009902203,null,null,null,null,"TWOGAUSSIANS",8,1.5210446,0.3327005,0.006796296,0.28326502,0.023860713,0.19584435,0.00990234,0.055969603,0.029538877,0.31637198,0.10921192,0.015747637,0.0089080315
