Gaia/vari_eclipsing_binary/VariEclipsingBinary_670918-670969.csv
# %ECSV 1.0
# ---
# delimiter: ','
# meta: !!omap
# - RELEASE: Gaia DR3
# - TABLE: vari_eclipsing_binary
# - DESCRIPTION: >
#     This table describes the properties of the eclipsing binaries resulting from the variability analysis. 
# - CITATION: >
#     How to cite and acknowledge Gaia: 
#     https://gea.esac.esa.int/archive/documentation/credits.html 
# - KNOWN_ISSUES: >
#     Known issues: 
#     https://www.cosmos.esa.int/web/gaia-users/known-issues 
# - DOCUMENTATION: >
#     Tutorials and documentation: 
#     https://www.cosmos.esa.int/web/gaia-users/archive 
# datatype:
# - 
#   name: solution_id
#   datatype: int64
#   description: Solution Identifier
#   meta:
#     ucd: meta.version
# - 
#   name: source_id
#   datatype: int64
#   description: Unique source identifier
#   meta:
#     ucd: meta.id;meta.main
# - 
#   name: global_ranking
#   datatype: float32
#   description: Number between 0 (worst) and 1 (best)
#   meta:
#     ucd: stat.param
# - 
#   name: reference_time
#   datatype: float64
#   unit: d
#   description: Reference time used for the geometric model fit
#   meta:
#     ucd: time.epoch
# - 
#   name: frequency
#   datatype: float64
#   unit: d**-1
#   description: Frequency of geometric model of the eclipsing binary light curve
#   meta:
#     ucd: src.orbital
# - 
#   name: frequency_error
#   datatype: float32
#   unit: d**-1
#   description: "Uncertainty of \\texttt{frequency}"
#   meta:
#     ucd: stat.error
# - 
#   name: geom_model_reference_level
#   datatype: float32
#   unit: mag
#   description: Magnitude reference level of geometric model
#   meta:
#     ucd: phot.mag;em.opt
# - 
#   name: geom_model_reference_level_error
#   datatype: float32
#   unit: mag
#   description: "Uncertainty of \\texttt{geomModelReferenceLevel}"
#   meta:
#     ucd: stat.error;phot.mag;em.opt
# - 
#   name: geom_model_gaussian1_phase
#   datatype: float32
#   description: Phase of the Gaussian 1 component
#   meta:
#     ucd: time.phase
# - 
#   name: geom_model_gaussian1_phase_error
#   datatype: float32
#   description: "Uncertainty of \\texttt{geomModelGaussian1Phase}"
#   meta:
#     ucd: stat.error;time.phase
# - 
#   name: geom_model_gaussian1_sigma
#   datatype: float32
#   description: "Standard deviation [phase] of Gaussian 1 component"
#   meta:
#     ucd: stat.stdev
# - 
#   name: geom_model_gaussian1_sigma_error
#   datatype: float32
#   description: "Uncertainty of \\texttt{geomModelGaussian1Sigma}"
#   meta:
#     ucd: stat.error
# - 
#   name: geom_model_gaussian1_depth
#   datatype: float32
#   unit: mag
#   description: Magnitude depth of Gaussian 1 component
#   meta:
#     ucd: src.var.amplitude
# - 
#   name: geom_model_gaussian1_depth_error
#   datatype: float32
#   unit: mag
#   description: "Uncertainty of \\texttt{geomModelGaussian1Depth}"
#   meta:
#     ucd: stat.error;src.var.amplitude
# - 
#   name: geom_model_gaussian2_phase
#   datatype: float32
#   description: Phase of Gaussian 2 component
#   meta:
#     ucd: time.phase
# - 
#   name: geom_model_gaussian2_phase_error
#   datatype: float32
#   description: "Uncertainty of \\texttt{geomModelGaussian2Phase}"
#   meta:
#     ucd: stat.error;time.phase
# - 
#   name: geom_model_gaussian2_sigma
#   datatype: float32
[...]
#   datatype: float32
#   description: "Secondary eclipse: uncertainty of \\texttt{derivedSecondaryEclDuration}"
#   meta:
#     ucd: stat.error;time.duration
# - 
#   name: derived_secondary_ecl_depth
#   datatype: float32
#   unit: mag
#   description: "Secondary eclipse: depth"
#   meta:
#     ucd: src.var.amplitude
# - 
#   name: derived_secondary_ecl_depth_error
#   datatype: float32
#   unit: mag
#   description: "Secondary eclipse: uncertainty of \\texttt{derivedSecondaryEclDepth}"
#   meta:
#     ucd: stat.error;src.var.amplitude
solution_id,source_id,global_ranking,reference_time,frequency,frequency_error,geom_model_reference_level,geom_model_reference_level_error,geom_model_gaussian1_phase,geom_model_gaussian1_phase_error,geom_model_gaussian1_sigma,geom_model_gaussian1_sigma_error,geom_model_gaussian1_depth,geom_model_gaussian1_depth_error,geom_model_gaussian2_phase,geom_model_gaussian2_phase_error,geom_model_gaussian2_sigma,geom_model_gaussian2_sigma_error,geom_model_gaussian2_depth,geom_model_gaussian2_depth_error,geom_model_cosine_half_period_amplitude,geom_model_cosine_half_period_amplitude_error,geom_model_cosine_half_period_phase,geom_model_cosine_half_period_phase_error,model_type,num_model_parameters,reduced_chi2,derived_primary_ecl_phase,derived_primary_ecl_phase_error,derived_primary_ecl_duration,derived_primary_ecl_duration_error,derived_primary_ecl_depth,derived_primary_ecl_depth_error,derived_secondary_ecl_phase,derived_secondary_ecl_phase_error,derived_secondary_ecl_duration,derived_secondary_ecl_duration_error,derived_secondary_ecl_depth,derived_secondary_ecl_depth_error
[from data line 478]
375316653866487564,5901848461335583744,0.47645637,2159.7604634186073,0.15691828496190532,3.2626416E-5,18.457727,0.011987721,0.28130046,0.020885935,0.11797063,0.025083793,0.2732537,0.06610771,0.84258956,0.006678143,0.07198388,0.0037371905,0.3407629,0.015790593,null,null,null,null,"TWOGAUSSIANS",8,7.0653186,0.84271955,0.0065383264,0.4,0.0074110376,0.33376306,0.012080091,0.28130046,0.020885935,0.4,0.0,0.26597863,0.0717643
375316653866487564,5901848568708218624,0.51592314,2109.8611285807847,3.3308136510758586,1.5588059E-5,18.898382,0.0034295814,0.25825354,0.005344556,0.071067,0.0073913913,0.2361226,0.019076213,0.742225,6.4721593E-4,0.054352436,0.0013176932,0.24162877,0.004532323,null,null,null,null,"TWOGAUSSIANS",8,1.8194112,0.742225,6.4721593E-4,0.30437365,0.0073790816,0.24152914,0.0045179627,0.25825354,0.005344556,0.3979752,0.025245903,0.23602296,0.019172944
375316653866487564,5901848568708219392,0.5118538,2124.3289015910864,3.6278720265838436,2.7927777E-5,19.216736,0.008425244,0.23445404,0.009623141,0.07154538,0.0090879435,0.31627116,0.0138562815,0.74335766,0.009325523,0.06592651,0.00724457,0.26953864,0.032624092,null,null,null,null,"TWOGAUSSIANS",8,2.8934002,0.23445404,0.009623141,0.4,0.02386048,0.31565207,0.013711597,0.74335766,0.009325523,0.36918843,0.040569592,0.26891956,0.032735087
375316653866487564,5901848839296091520,0.5448254,2129.437867742945,2.525751377056012,1.1828868E-5,17.26859,0.02938415,0.32786596,0.0059060687,0.099150285,0.012412043,0.40155795,0.025652021,0.83185244,0.002539915,0.10348183,0.010731964,0.37271395,0.025292609,null,null,null,null,"TWOGAUSSIANS",8,18.40622,0.32786596,0.0059060687,0.4,0.0,0.36651325,0.0182122,0.83185244,0.002539915,0.4,0.0,0.33766526,0.022214394
375316653866487564,5901849324623543680,0.52034557,2160.80325770384,0.7123325438744951,5.6567496E-6,19.238691,0.0064246585,0.23375571,9.023892E-6,0.012911622,2.2964591E-4,0.43334088,0.004111189,0.7398523,0.0061061834,0.030388787,0.004050561,0.54774606,0.10827387,null,null,null,null,"TWOGAUSSIANS",8,3.142065,0.7398523,0.0061061834,0.1701772,0.022683144,0.54774606,0.10827387,0.23375571,9.023892E-6,0.07230508,0.0012860171,0.43334088,0.004111189
375316653866487564,5901851072676093440,0.6258455,2167.7803100769775,3.088066745525003,6.473728E-6,18.084988,0.008242434,0.2986656,0.0011860972,0.0754613,0.0023289358,0.43339258,0.010991227,0.8007363,0.0031640802,0.076293714,0.0030656885,0.44359714,0.018235344,null,null,null,null,"TWOGAUSSIANS",8,2.0714273,0.8007363,0.0031640802,0.4,0.0,0.43991408,0.017905692,0.2986656,0.0011860972,0.4,0.0,0.42970952,0.010683017
375316653866487564,5901852107762630016,0.5509848,2086.5838424000644,3.593452247843976,2.1079662E-5,19.44699,0.015941907,0.18753017,0.0041336487,0.07505007,0.007776954,0.5598915,0.036580496,0.6914051,0.014090973,0.061156914,0.035737447,0.7612663,0.40321624,null,null,null,null,"TWOGAUSSIANS",8,2.4050474,0.6914051,0.014090973,0.34247872,0.2001297,0.7599047,0.40476552,0.18753017,0.0041336487,0.4,0.0,0.55852985,0.03772263
375316653866487564,5901853172916511616,0.5749287,2154.3572792791188,2.5227714205435983,2.3860535E-5,19.045174,0.020982444,0.27745208,0.008370886,0.08182976,0.01097687,0.38481805,0.030192118,0.7697619,0.005497775,0.0737589,0.0069289524,0.421816,0.031776913,null,null,null,null,"TWOGAUSSIANS",8,2.257329,0.7697619,0.005497775,0.4,0.0058769165,0.4179045,0.030686196,0.27745208,0.008370886,0.4,0.0,0.38090655,0.029240103
375316653866487564,5901853516513972608,0.4722643,2165.200469729388,1.4236520864466156,7.326473E-5,19.378553,0.0042163073,0.195843,0.036527086,0.049747553,0.029963667,0.0758548,0.11633351,0.5960921,0.006109144,0.039753374,0.0042069075,0.18254852,0.015634164,null,null,null,null,"TWOGAUSSIANS",8,1.2144213,0.5960921,0.006109144,0.22261888,0.02355868,0.18254852,0.015634164,0.195843,0.036527086,0.2785863,0.16779654,0.0758548,0.11633351
375316653866487564,5901853791411014144,0.63205904,2143.5370826342773,1.9199546896779967,1.2007011E-5,16.17265,0.0028985061,0.24570237,0.002417386,0.07637969,0.0024986435,0.26500547,0.008038595,0.74798745,0.0025695974,0.091564484,0.0030554521,0.17215803,0.0041546337,null,null,null,null,"TWOGAUSSIANS",8,4.3678184,0.24570237,0.002417386,0.4,0.0,0.26026836,0.0081442585,0.74798745,0.0025695974,0.4,0.0,0.16742082,0.0037235164
375316653866487564,5901856260995125120,0.5170057,2159.7857887733003,3.304898163998868,2.735103E-5,18.86331,0.028742414,0.31506792,0.006619577,0.08877041,0.012026858,0.37591305,0.047792908,0.7897708,0.008439914,0.08859633,0.015450939,0.35987678,0.02557855,null,null,null,null,"TWOGAUSSIANS",8,4.1667037,0.31506792,0.006619577,0.4,0.0,0.3667508,0.047689665,0.7897708,0.008439914,0.4,0.0,0.35071456,0.022202136
375316653866487564,5901856467156705920,0.59662265,2160.8343870283034,3.4194837969909373,1.11387435E-5,17.476324,0.009360211,0.15186739,0.0033557373,0.09276304,0.008284819,0.23351914,0.011082658,0.6497129,0.00312498,0.087659806,0.004806377,0.28869584,0.0093057575,null,null,null,null,"TWOGAUSSIANS",8,3.5980496,0.6497129,0.00312498,0.4,0.0,0.2779491,0.006365765,0.15186739,0.0033557373,0.4,0.0,0.2227722,0.013142659
375316653866487564,5901858047704667264,0.5672004,2154.9530310222353,2.843612374719422,9.673362E-6,17.206259,0.059300642,0.25825414,0.0041199406,0.11219568,0.015744435,0.23442045,0.05606664,0.7523121,0.0033341728,0.13004851,0.021812357,0.2407817,0.05807041,null,null,null,null,"TWOGAUSSIANS",8,3.7255468,0.7523121,0.0033341728,0.4,0.0,0.1872692,0.008135772,0.25833413,0.004138301,0.4,0.0,0.1811859,0.008959446
375316653866487564,5901858189438696960,0.5492681,2163.865688692072,0.9960016776085723,1.417672E-4,18.906725,0.15137802,0.21007735,0.0045200316,0.013186045,0.0016788287,0.94695437,0.2783605,0.5225929,0.048441734,0.22409686,0.16494027,0.10176984,0.14578812,null,null,null,null,"TWOGAUSSIANS",8,4.357671,0.21011735,0.0045172325,0.073841855,0.009401441,0.9694753,0.2785299,0.5225929,0.048441734,0.4,0.0,0.08488833,0.016565071
375316653866487564,5901860216661671424,0.55772656,2117.0729948118546,2.558598034745637,2.324088E-5,17.916403,0.0291813,0.23420039,0.0034767436,0.0333239,0.0054574925,0.73927236,0.11343665,0.74254197,0.0030232468,0.037927035,0.00575717,0.31621784,0.066637106,0.054330558,0.037200905,0.23420039,0.0034767436,"TWOGAUSSIANS_WITH_ELLIPSOIDAL_ON_ECLIPSE1",9,16.654575,0.23420039,0.0034767436,0.18661384,0.03056196,0.84793323,0.120305136,0.74254197,0.0030232468,0.2123914,0.032240152,0.4245805,0.02658774
375316653866487564,5901861041315919232,0.5371179,2163.5486326959754,3.293525185226893,5.303244E-5,17.614876,0.0056504523,0.16170624,0.0084105,0.05564762,0.053321425,0.013320606,0.016980898,0.6363616,0.006449884,0.0372112,0.006790243,0.059127852,0.011310585,0.052087795,0.007301029,0.16170624,0.0084105,"TWOGAUSSIANS_WITH_ELLIPSOIDAL_ON_ECLIPSE1",9,4.75927,0.6404316,0.0049408497,0.20838273,0.03802536,0.1610997,0.005905259,0.16170624,0.0084105,0.31162667,0.20945324,0.117495455,0.012273458
375316653866487564,5901861346239840768,0.5147992,2165.6674235349637,3.9435309081933174,2.8957284E-5,18.412588,0.0026408564,0.2529897,0.037775993,0.03829151,0.029876467,0.008683119,0.04270644,0.4774747,6.7787047E-4,0.026766842,5.094276E-4,0.41580868,0.020888736,null,null,null,null,"TWOGAUSSIANS",8,1.5156575,0.4774747,6.7787047E-4,0.14989431,0.0028527945,0.41580868,0.020888736,0.2529897,0.037775993,0.21443245,0.16730821,0.008683119,0.04270644
375316653866487564,5901863240343405184,0.46799704,2063.971802531588,3.307775538257869,5.5877797E-5,19.024431,0.037734605,0.24942945,0.013266501,0.08803125,0.026832173,0.41226092,0.23860398,0.75842434,0.018864447,0.044039026,0.032702196,0.53842545,0.06223009,null,null,null,null,"TWOGAUSSIANS",8,25.50582,0.75842434,0.018864447,0.24661855,0.15236554,0.5379221,0.06669806,0.24942945,0.013266501,0.4,0.03871218,0.41175744,0.23842257
375316653866487564,5901863618280327552,0.4765394,2046.5157237887781,3.3969711964900893,4.2110576E-5,19.880724,0.022362022,0.24846694,0.003825087,0.06668184,0.009829971,0.54289466,0.062377125,0.73388857,0.010803202,0.063265026,0.024114633,0.41308913,0.03426497,null,null,null,null,"TWOGAUSSIANS",8,2.5991485,0.24846694,0.003825087,0.3734183,0.05288338,0.54252076,0.06281137,0.73388857,0.010803202,0.35428414,0.13504195,0.41271523,0.03447562
375316653866487564,5901863618296654080,0.44293547,2054.903954065885,0.07712291916195513,4.4376367E-5,16.308348,0.0041024103,0.19336832,0.010657764,0.12515022,0.012250424,0.06385938,0.0074326703,0.60928535,0.005596941,0.033257216,0.0065348595,0.14983812,0.03724871,null,null,null,null,"TWOGAUSSIANS",8,5.3701243,0.60928535,0.005596941,0.1862404,0.036595214,0.14995249,0.037345026,0.19336832,0.010657764,0.4,0.0,0.06371733,0.00749574
375316653866487564,5901863687016150400,0.51830035,2100.370515248336,3.058986718899826,1.6109592E-5,18.262602,0.009075298,0.26744932,0.0035430868,0.09160606,0.008517792,0.20438221,0.009825589,0.7717174,0.0037112765,0.089076616,0.006176303,0.20946416,0.012078848,null,null,null,null,"TWOGAUSSIANS",8,3.3279572,0.7717174,0.0037112765,0.4,0.0,0.2010445,0.011567215,0.26744932,0.0035430868,0.4,0.0,0.19596247,0.009446654
375316653866487564,5901864752168054784,0.59444827,2059.602750425263,2.015323212691581,1.4884179E-5,18.189018,0.00288067,0.20318952,0.003131565,0.06442202,0.0038378013,0.14891636,0.0061975154,0.70549643,0.0017251845,0.057145156,0.0021606302,0.41614807,0.007594969,null,null,null,null,"TWOGAUSSIANS",8,1.3012366,0.70549643,0.0017251845,0.32001287,0.012099529,0.41605446,0.0075985566,0.20318952,0.003131565,0.3607633,0.021491686,0.14882275,0.0062050275
375316653866487564,5901865336267418880,0.4528195,2068.760446565877,3.689018532626124,4.28315E-5,19.803913,0.026453828,0.22962384,0.01801903,0.09292023,0.0220546,0.29076004,0.04209498,0.71976566,0.0069292383,0.086650126,0.014173191,0.24339485,0.027339678,null,null,null,null,"TWOGAUSSIANS",8,2.2785199,0.22962384,0.01801903,0.4,0.0,0.28128982,0.044965398,0.71976566,0.0069292383,0.4,0.0,0.23392493,0.022930754
375316653866487564,5901865679867305472,0.50205415,2056.4365107216377,0.5664266490782847,9.579973E-6,19.860598,0.008295698,0.11309928,0.00243569,0.015294722,0.00316612,0.42244822,0.07664287,0.61644393,0.004503776,0.02591741,0.0037526917,0.3606437,0.047247797,null,null,null,null,"TWOGAUSSIANS",8,1.5472243,0.11309928,0.00243569,0.085650444,0.017730271,0.42244822,0.07664287,0.61644393,0.004503776,0.14513749,0.021015074,0.3606437,0.047247797
375316653866487564,5901867226069336704,0.48488116,2076.811572552767,2.2686326477034453,1.7732178E-5,16.850792,0.0038228803,0.23290874,0.036914438,0.035302952,0.01621942,0.030823879,0.016850742,0.59420455,0.0010213648,0.04410867,0.0024002565,0.1438979,0.0038784295,null,null,null,null,"TWOGAUSSIANS",8,15.341495,0.59420455,0.0010213648,0.24700856,0.013441436,0.1438979,0.0038784295,0.23290874,0.036914438,0.19769654,0.090828754,0.030823879,0.016850742
375316653866487564,5901867226073107456,0.6202464,2062.0747696138224,3.604187957042836,1.0190155E-5,18.480597,0.010315932,0.18140677,0.0024810317,0.049067114,0.013658029,0.3494887,0.46046492,0.67962873,0.0033816204,0.045632593,0.004721171,0.3060593,0.039637767,0.14611773,0.014587971,0.18140677,0.0024810317,"TWOGAUSSIANS_WITH_ELLIPSOIDAL_ON_ECLIPSE1",9,2.2834015,0.18140677,0.0024810317,0.27477583,0.07648496,0.6417232,0.46799448,0.6798687,0.00279149,0.25554252,0.026438558,0.5982623,0.04099308
375316653866487564,5901867329132330624,0.47457695,2125.7757211576313,3.0920561198117946,8.01646E-5,18.638369,0.02945539,0.3379438,0.021595415,0.037125174,0.019534247,0.13956723,0.07062791,0.79324424,0.0033988343,0.05285722,0.014110888,0.16385049,0.06709119,0.083515674,0.039194137,0.79324424,0.0033988343,"TWOGAUSSIANS_WITH_ELLIPSOIDAL_ON_ECLIPSE2",9,12.016334,0.79324424,0.0033988343,0.29600042,0.07902098,0.33087927,0.029851675,0.3329438,0.022926278,0.20790097,0.10939178,0.295157,0.05214118
375316653866487564,5901868497379612160,0.47366434,2058.721477139819,0.09035048416953016,6.35997E-5,16.444944,0.004912596,0.24267435,0.016460156,0.11129014,0.02400824,0.022613358,0.0058910297,0.87645936,0.0023142442,0.020138545,0.0034710146,0.07457253,0.012866694,null,null,null,null,"TWOGAUSSIANS",8,2.5673764,0.8764793,0.0023034217,0.112775855,0.019437682,0.07467139,0.013044967,0.24267435,0.016460156,0.4,0.0,0.022611486,0.005863774
375316653866487564,5901868836664332032,0.5209715,2090.1933370357237,2.543725662719732,2.1529742E-5,17.859829,0.0036556772,0.23510914,0.0052172616,0.06317361,0.0037855133,0.16881244,0.022110404,0.7358164,0.008160679,0.08900586,0.010451006,0.07108523,0.0057983235,null,null,null,null,"TWOGAUSSIANS",8,1.2264526,0.23510914,0.0052172616,0.3537722,0.021198874,0.16793333,0.022173248,0.7358164,0.008160679,0.4,0.0,0.07020609,0.0056766835
375316653866487564,5901869322013474304,0.48322636,2118.6019895442487,3.0671747370351032,3.700712E-5,18.562675,0.007584498,0.76434,0.013559192,0.022485197,0.037609074,0.09576419,44185.33,null,null,null,null,null,null,0.06375715,0.011759337,0.76434,0.013559192,"ONEGAUSSIAN_WITH_ELLIPSOIDAL",6,8.2873335,0.76434,0.013559192,0.12591709,0.21061082,0.22327834,44185.336,null,null,null,null,null,null
375316653866487564,5901869459456113792,0.62578374,2075.187259918462,2.60300387241357,8.323945E-6,17.72663,0.032705624,0.29270443,0.002079236,0.06416671,0.0073625552,0.40000522,0.06798306,0.79039377,0.0037226574,0.048202246,0.00718514,0.35322654,0.073787875,0.08845449,0.042535894,0.29270443,0.002079236,"TWOGAUSSIANS_WITH_ELLIPSOIDAL_ON_ECLIPSE1",9,6.071793,0.29270443,0.002079236,0.35933357,0.04123031,0.5767164,0.023435544,0.7905838,0.0034602706,0.26993257,0.040236782,0.52990365,0.014401225
375316653866487564,5901871654161203840,0.57678735,2051.788049429898,2.1186244231222915,7.981331E-6,18.048477,0.006892896,0.19751139,0.0016853126,0.07587137,0.002669035,0.36763135,0.007512411,0.70826244,0.004940994,0.080103554,0.005416555,0.1592231,0.009684897,null,null,null,null,"TWOGAUSSIANS",8,2.9221132,0.19751139,0.0016853126,0.4,0.0,0.36540902,0.0069723926,0.70826244,0.004940994,0.4,0.0,0.15700075,0.009403562
375316653866487564,5901871722889073152,0.43646213,2076.4361219648035,3.2612323706744615,1.340556E-4,19.400694,0.023358569,0.21915306,0.008934592,0.07621637,0.033602938,0.15128694,0.03314384,0.7248757,0.01662086,0.08087853,0.022834377,0.17585975,0.06794713,null,null,null,null,"TWOGAUSSIANS",8,3.3200452,0.7248757,0.01662086,0.4,0.015522527,0.1740237,0.06813752,0.21915306,0.008934592,0.4,0.0,0.14945091,0.040932253
375316653866487564,5901874132361312512,0.5197128,2071.032243950584,4.115370180665642,1.5447959E-5,19.46862,0.018148424,0.27557835,0.0034216207,0.089572035,0.007057367,0.30485427,0.017908983,0.7771322,0.005322661,0.06517242,0.00988663,0.432892,0.057796605,null,null,null,null,"TWOGAUSSIANS",8,2.6154914,0.7771322,0.005322661,0.36496556,0.055365127,0.42925954,0.05922931,0.27557835,0.0034216207,0.4,0.0,0.3012217,0.016170973
375316653866487564,5901874265501631488,0.44109285,2070.695250782952,3.005150164024676,2.9747463E-5,18.424501,0.05327822,0.26600328,0.01836514,0.10064935,0.027430743,0.14947914,0.059781626,0.74415314,0.00854286,0.1055702,0.02624175,0.29872495,0.047132116,null,null,null,null,"TWOGAUSSIANS",8,13.775948,0.74415314,0.00854286,0.4,0.0,0.28156033,0.03892244,0.26603326,0.018344369,0.4,0.0,0.13232441,0.038492087
