Gaia/vari_eclipsing_binary/VariEclipsingBinary_673225-673281.csv
# %ECSV 1.0
# ---
# delimiter: ','
# meta: !!omap
# - RELEASE: Gaia DR3
# - TABLE: vari_eclipsing_binary
# - DESCRIPTION: >
#     This table describes the properties of the eclipsing binaries resulting from the variability analysis. 
# - CITATION: >
#     How to cite and acknowledge Gaia: 
#     https://gea.esac.esa.int/archive/documentation/credits.html 
# - KNOWN_ISSUES: >
#     Known issues: 
#     https://www.cosmos.esa.int/web/gaia-users/known-issues 
# - DOCUMENTATION: >
#     Tutorials and documentation: 
#     https://www.cosmos.esa.int/web/gaia-users/archive 
# datatype:
# - 
#   name: solution_id
#   datatype: int64
#   description: Solution Identifier
#   meta:
#     ucd: meta.version
# - 
#   name: source_id
#   datatype: int64
#   description: Unique source identifier
#   meta:
#     ucd: meta.id;meta.main
# - 
#   name: global_ranking
#   datatype: float32
#   description: Number between 0 (worst) and 1 (best)
#   meta:
#     ucd: stat.param
# - 
#   name: reference_time
#   datatype: float64
#   unit: d
#   description: Reference time used for the geometric model fit
#   meta:
#     ucd: time.epoch
# - 
#   name: frequency
#   datatype: float64
#   unit: d**-1
#   description: Frequency of geometric model of the eclipsing binary light curve
#   meta:
#     ucd: src.orbital
# - 
#   name: frequency_error
#   datatype: float32
#   unit: d**-1
#   description: "Uncertainty of \\texttt{frequency}"
#   meta:
#     ucd: stat.error
# - 
#   name: geom_model_reference_level
#   datatype: float32
#   unit: mag
#   description: Magnitude reference level of geometric model
#   meta:
#     ucd: phot.mag;em.opt
# - 
#   name: geom_model_reference_level_error
#   datatype: float32
#   unit: mag
#   description: "Uncertainty of \\texttt{geomModelReferenceLevel}"
#   meta:
#     ucd: stat.error;phot.mag;em.opt
# - 
#   name: geom_model_gaussian1_phase
#   datatype: float32
#   description: Phase of the Gaussian 1 component
#   meta:
#     ucd: time.phase
# - 
#   name: geom_model_gaussian1_phase_error
#   datatype: float32
#   description: "Uncertainty of \\texttt{geomModelGaussian1Phase}"
#   meta:
#     ucd: stat.error;time.phase
# - 
#   name: geom_model_gaussian1_sigma
#   datatype: float32
#   description: "Standard deviation [phase] of Gaussian 1 component"
#   meta:
#     ucd: stat.stdev
# - 
#   name: geom_model_gaussian1_sigma_error
#   datatype: float32
#   description: "Uncertainty of \\texttt{geomModelGaussian1Sigma}"
#   meta:
#     ucd: stat.error
# - 
#   name: geom_model_gaussian1_depth
#   datatype: float32
#   unit: mag
#   description: Magnitude depth of Gaussian 1 component
#   meta:
#     ucd: src.var.amplitude
# - 
#   name: geom_model_gaussian1_depth_error
#   datatype: float32
#   unit: mag
#   description: "Uncertainty of \\texttt{geomModelGaussian1Depth}"
#   meta:
#     ucd: stat.error;src.var.amplitude
# - 
#   name: geom_model_gaussian2_phase
#   datatype: float32
#   description: Phase of Gaussian 2 component
#   meta:
#     ucd: time.phase
# - 
#   name: geom_model_gaussian2_phase_error
#   datatype: float32
#   description: "Uncertainty of \\texttt{geomModelGaussian2Phase}"
#   meta:
#     ucd: stat.error;time.phase
# - 
#   name: geom_model_gaussian2_sigma
#   datatype: float32
[...]
#   datatype: float32
#   description: "Secondary eclipse: uncertainty of \\texttt{derivedSecondaryEclDuration}"
#   meta:
#     ucd: stat.error;time.duration
# - 
#   name: derived_secondary_ecl_depth
#   datatype: float32
#   unit: mag
#   description: "Secondary eclipse: depth"
#   meta:
#     ucd: src.var.amplitude
# - 
#   name: derived_secondary_ecl_depth_error
#   datatype: float32
#   unit: mag
#   description: "Secondary eclipse: uncertainty of \\texttt{derivedSecondaryEclDepth}"
#   meta:
#     ucd: stat.error;src.var.amplitude
solution_id,source_id,global_ranking,reference_time,frequency,frequency_error,geom_model_reference_level,geom_model_reference_level_error,geom_model_gaussian1_phase,geom_model_gaussian1_phase_error,geom_model_gaussian1_sigma,geom_model_gaussian1_sigma_error,geom_model_gaussian1_depth,geom_model_gaussian1_depth_error,geom_model_gaussian2_phase,geom_model_gaussian2_phase_error,geom_model_gaussian2_sigma,geom_model_gaussian2_sigma_error,geom_model_gaussian2_depth,geom_model_gaussian2_depth_error,geom_model_cosine_half_period_amplitude,geom_model_cosine_half_period_amplitude_error,geom_model_cosine_half_period_phase,geom_model_cosine_half_period_phase_error,model_type,num_model_parameters,reduced_chi2,derived_primary_ecl_phase,derived_primary_ecl_phase_error,derived_primary_ecl_duration,derived_primary_ecl_duration_error,derived_primary_ecl_depth,derived_primary_ecl_depth_error,derived_secondary_ecl_phase,derived_secondary_ecl_phase_error,derived_secondary_ecl_duration,derived_secondary_ecl_duration_error,derived_secondary_ecl_depth,derived_secondary_ecl_depth_error
[from data line 330]
375316653866487564,5922056248106176000,0.6340826,2354.585081457969,2.5525798349664375,3.2617286E-6,18.7652,0.006984773,0.24615413,8.17713E-4,0.050298985,0.0023625747,0.41641986,0.018032748,0.7493137,0.0019627237,0.04711085,0.00264634,0.3783906,0.018144147,0.11797983,0.010234877,0.24615413,8.17713E-4,"TWOGAUSSIANS_WITH_ELLIPSOIDAL_ON_ECLIPSE1",9,1.1571053,0.24615413,8.17713E-4,0.28167433,0.013230419,0.65237707,0.016518438,0.7493137,0.0019627237,0.26382077,0.014819504,0.61425483,0.014853299
375316653866487564,5922056664734682496,0.52712643,2363.0914860817343,2.3579540712844764,1.1784218E-5,17.480734,0.015270705,0.30026206,0.0052201427,0.10426686,0.0130566005,0.19264188,0.01601124,0.7923177,0.0071786186,0.09025724,0.008247353,0.21962146,0.016179867,null,null,null,null,"TWOGAUSSIANS",8,8.237809,0.7923177,0.0071786186,0.4,0.0,0.2061435,0.010012792,0.30026206,0.0052201427,0.4,0.0,0.17915986,0.01653177
375316653866487564,5922056802156599424,0.46520263,2384.7426931214954,3.6526689491428015,2.49378E-5,19.522709,0.027704928,0.22264725,0.010775102,0.10302982,0.021802448,0.29383355,0.026392542,0.74327904,0.009280957,0.08882268,0.016302807,0.26491228,0.03623456,null,null,null,null,"TWOGAUSSIANS",8,3.696216,0.22264725,0.010775102,0.4,0.0,0.27977404,0.024646705,0.74328905,0.0092936875,0.4,0.0,0.2508593,0.03582895
375316653866487564,5922057523711151488,0.5078287,2335.471421317556,2.8857724102413043,1.4292013E-5,18.477892,0.014805467,0.291458,0.008116187,0.079841964,0.010855622,0.34815645,0.038755972,0.7866111,0.0043159667,0.082605384,0.0054963888,0.35305613,0.022473278,null,null,null,null,"TWOGAUSSIANS",8,7.7402477,0.7866111,0.0043159667,0.4,0.0,0.34745103,0.020852849,0.291458,0.008116187,0.4,0.0,0.34255135,0.04073519
375316653866487564,5922057867314630656,0.5696879,2322.155377269684,3.391428390398293,7.0109313E-6,19.749619,0.0075787497,0.28428888,0.0019891239,0.0688271,0.0043974193,0.59767365,0.050243493,0.7887494,0.0023353042,0.06734964,0.0021005773,0.5758584,0.024364036,null,null,null,null,"TWOGAUSSIANS",8,1.0182728,0.28428888,0.0019891239,0.38543177,0.01767874,0.5964446,0.05080813,0.7887494,0.0023353042,0.377158,0.011763234,0.5746293,0.02437188
375316653866487564,5922059031244726528,0.54807496,2336.9357244695193,2.887984039761993,9.450194E-6,18.035355,0.003828768,0.29978272,0.0024595077,0.057233334,0.0034687126,0.23220274,0.010792424,0.8005164,0.0048210914,0.06149188,0.0062306263,0.12981682,0.0057230885,null,null,null,null,"TWOGAUSSIANS",8,2.3850007,0.29978272,0.0024595077,0.32050666,0.01942479,0.23215574,0.010802554,0.8005164,0.0048210914,0.3443545,0.03489151,0.12976982,0.00572171
375316653866487564,5922059379156055552,0.55733883,2359.0993852697884,0.26023929560214004,1.060565E-6,16.884476,0.006816551,0.74986225,8.1833237E-4,0.011404427,0.0012265351,11.889803,9.785176,null,null,null,null,null,null,null,null,null,null,"ONEGAUSSIAN",5,111.21987,0.74986225,8.1833237E-4,0.06386479,0.006868596,11.889803,0.0,null,null,null,null,null,null
375316653866487564,5922061818696468096,0.5620986,2363.0677604740827,2.8416858068106694,1.0709622E-5,16.508636,0.009794473,0.19887044,0.0028615587,0.08466525,0.0035875123,0.44772878,0.017190918,0.70252293,0.0030314997,0.08022731,0.0041607837,0.45037508,0.017603697,null,null,null,null,"TWOGAUSSIANS",8,51.245758,0.70252293,0.0030314997,0.4,0.0,0.4419178,0.017813785,0.19887044,0.0028615587,0.4,0.0,0.43927148,0.017047158
375316653866487564,5922062810819949568,0.49738804,2341.01208443493,1.1338250367186118,4.282999E-5,17.47567,0.004144114,0.1351244,0.004178139,0.040683404,0.005713526,0.06381268,0.006078836,0.62536055,0.012306993,0.056123387,0.02274953,0.19349977,0.09900632,null,null,null,null,"TWOGAUSSIANS",8,3.5667117,0.62536055,0.012306993,0.31429097,0.09234885,0.19349955,0.0990366,0.1351244,0.004178139,0.22782706,0.031995744,0.06381246,0.0060674944
375316653866487564,5922063536672940032,0.5304671,2353.3642622141992,3.4468377515319832,2.1003263E-5,19.371489,0.011404053,0.2381578,0.010337499,0.072531834,0.009716968,0.40789074,0.028957902,0.75039977,0.0029747703,0.0683564,0.0047181887,0.60245997,0.042254888,null,null,null,null,"TWOGAUSSIANS",8,3.9000998,0.75039977,0.0029747703,0.38279584,0.024295941,0.6011349,0.04283524,0.2381578,0.010337499,0.4,0.033694763,0.40656564,0.028800039
375316653866487564,5922063880281315072,0.56745315,2333.2911183132715,2.1564065308779514,8.868943E-6,16.351528,0.0067782034,0.27653363,0.0015217125,0.0906822,0.003914557,0.19461562,0.006196395,0.7808905,0.001984656,0.07963715,0.0038234056,0.21812457,0.0066322107,null,null,null,null,"TWOGAUSSIANS",8,10.922627,0.7808905,0.001984656,0.4,0.0,0.21302052,0.005554389,0.27653363,0.0015217125,0.4,0.0,0.18951146,0.0048672613
375316653866487564,5922065838785921152,0.5024294,2372.7444313212427,1.3763903171762584,1.022406E-5,16.850485,0.0010628623,null,null,null,null,null,null,null,null,null,null,null,null,0.03786766,0.0015677041,0.18733174,0.00315142,"ELLIPSOIDAL",4,2.6708763,null,null,null,null,null,null,null,null,null,null,null,null
375316653866487564,5922066899624018176,0.4637155,2378.7155343593413,0.44242178886729305,7.121037E-6,18.335138,0.0033205764,0.16868772,0.0011544172,0.007966516,0.0022261804,0.53261054,2.1680424,0.48068702,0.005527152,0.03136183,0.0036199738,0.18770947,0.016733563,null,null,null,null,"TWOGAUSSIANS",8,2.866756,0.16868772,0.0011544172,0.04461249,0.01246661,0.53261054,2.1680424,0.48068702,0.005527152,0.17562625,0.020271854,0.18770947,0.016733563
375316653866487564,5922067762915366400,0.4848033,2330.074984658746,0.3976449046495069,2.1224443E-5,16.568193,0.005273502,0.05297862,0.009548201,0.086267345,0.015463448,0.034657944,0.005344059,0.4984207,0.013274871,0.10084103,0.017262729,0.07098173,0.0066767493,null,null,null,null,"TWOGAUSSIANS",8,6.0427513,0.4984207,0.013274871,0.4,0.0,0.069729604,0.0062709684,0.053018622,0.0095255645,0.4,0.0,0.03340989,0.0041592456
375316653866487564,5922069102961017472,0.5329042,2334.429281428831,0.6572764469873055,1.4628225E-5,17.041735,0.004274867,0.2854817,0.020177996,0.025726974,0.023901302,1.0342329,524067.84,0.7844624,0.003683995,0.027281983,0.0041602827,0.104265235,0.020871377,0.021858796,0.006090337,0.2854817,0.020177996,"TWOGAUSSIANS_WITH_ELLIPSOIDAL_ON_ECLIPSE1",9,14.376481,0.2854817,0.020177996,0.14407106,0.1338473,1.0779505,524067.84,0.78448236,0.003621667,0.1527791,0.023297582,0.14798108,0.020564063
375316653866487564,5922069270450818048,0.4862767,2337.765932672158,0.9832227714355389,1.3307941E-5,18.485214,0.005187995,0.35370904,0.01130891,0.022806304,0.021531971,0.12044366,0.094919935,0.7718201,0.0019680967,0.01689257,0.0017449014,0.434557,0.17650455,null,null,null,null,"TWOGAUSSIANS",8,5.3201733,0.7718201,0.0019680967,0.09459838,0.009771448,0.434557,0.17650455,0.35370904,0.01130891,0.12771529,0.120579034,0.12044366,0.094919935
375316653866487564,5922069274759675520,0.72726065,2373.8924781488263,0.3645278942082707,6.525386E-6,14.693065,0.0013997699,0.31190795,5.058551E-4,0.02873254,7.17373E-4,0.89683837,0.022170272,0.8131856,0.0012064151,0.028659364,0.0015733979,0.07341428,0.0028813102,0.014122042,0.0018625807,0.31190795,5.058551E-4,"TWOGAUSSIANS_WITH_ELLIPSOIDAL_ON_ECLIPSE1",9,20.18199,0.31190795,5.058551E-4,0.16090223,0.0040172883,0.92508245,0.02252998,0.8131856,0.0012064151,0.16049244,0.008811029,0.10165652,0.0023535362
375316653866487564,5922069373528749056,0.5659553,2340.809615680007,0.8410650618082158,3.8942026E-6,17.535906,0.0033164595,0.31697616,0.008292062,0.027507987,0.008300211,0.060262453,0.010980829,0.807617,2.0409824E-4,0.027302392,8.8014395E-4,0.34148884,0.010762614,0.016995702,0.0045174775,0.31697616,0.008292062,"TWOGAUSSIANS_WITH_ELLIPSOIDAL_ON_ECLIPSE1",9,2.2180448,0.807667,1.7794529E-4,0.1528934,0.0049288063,0.3753635,0.013020249,0.31697616,0.008292062,0.15404473,0.04648118,0.094253846,0.008521893
375316653866487564,5922069446542538240,0.45821694,2346.6134130713817,0.19443952644156837,1.2087103E-5,18.13689,0.0046668905,0.045764793,6.105991E-4,0.014678413,7.328678E-4,0.18335994,0.0063189412,0.63358533,0.0064499527,0.0134255,0.0073210006,0.06058639,0.033982586,null,null,null,null,"TWOGAUSSIANS",8,5.8934994,0.045764793,6.105991E-4,0.08219911,0.0041040597,0.18335994,0.0063189412,0.63358533,0.0064499527,0.0751828,0.040997602,0.06058639,0.033982586
375316653866487564,5922069820205318656,0.5516742,2344.2628718302894,2.8258818249644593,8.572797E-6,17.311974,0.009226405,0.28094384,0.0027999408,0.037644442,0.004781454,0.1921933,0.028167063,0.7664942,0.007961172,0.05542107,0.009487299,0.09876652,0.022851015,0.09720009,0.015332896,0.28094384,0.0027999408,"TWOGAUSSIANS_WITH_ELLIPSOIDAL_ON_ECLIPSE1",9,15.442014,0.28094384,0.0027999408,0.21080887,0.02677614,0.38659233,0.020731842,0.77116424,0.0045735114,0.310358,0.053128876,0.29208243,0.010292536
375316653866487564,5922072672063678848,0.545618,2333.5372336387445,3.0290088043037184,1.6218146E-5,17.726362,0.007335783,0.24019484,0.003773936,0.07809452,0.003353835,0.30520892,0.009150882,0.7353116,0.006228446,0.07776024,0.0059591527,0.3180341,0.02480684,null,null,null,null,"TWOGAUSSIANS",8,9.789511,0.7353116,0.006228446,0.4,0.0,0.3147547,0.02526384,0.24019484,0.003773936,0.4,0.0,0.3019295,0.008089555
375316653866487564,5922073363570729344,0.53414047,2352.995313370244,2.0341781916514807,1.4051157E-5,18.997948,0.008055014,0.25582135,0.004786504,0.0634974,0.002831813,0.6487837,0.040364083,0.7497629,0.012701272,0.053075224,0.013728245,0.26297358,0.062486205,null,null,null,null,"TWOGAUSSIANS",8,4.9585896,0.25582135,0.004786504,0.35558543,0.015858153,0.64871466,0.04034976,0.7497629,0.012701272,0.29722127,0.07687817,0.26290455,0.0627292
375316653866487564,5922073432272625792,0.4790793,2337.911897386085,3.9228187502208667,3.2531894E-5,19.631485,0.57346064,0.31866145,0.009701839,0.114281654,0.13007267,0.21582973,0.566001,0.7987012,0.01700987,0.09033732,0.050098583,0.28064367,0.37650275,null,null,null,null,"TWOGAUSSIANS",8,2.3770318,0.7987012,0.01700987,0.4,0.0,0.26171815,0.021148326,0.31866145,0.009782507,0.4,0.0,0.19686572,0.020225784
375316653866487564,5922073909015509504,0.52847826,2323.1974386281922,2.9602457949326513,1.1034448E-5,16.381134,0.012399082,0.258466,0.0036194292,0.081415735,0.004997752,0.38434082,0.019340625,0.75058347,0.0036807503,0.088300675,0.008464999,0.3469332,0.03524417,null,null,null,null,"TWOGAUSSIANS",8,53.21292,0.258466,0.0036194292,0.4,0.0,0.3760727,0.018888894,0.75058347,0.0036807503,0.4,0.0,0.33866498,0.038031824
375316653866487564,5922074699288926208,0.5717992,2337.366996015088,2.213903125049059,1.154781E-5,18.730215,0.013650409,0.23804988,0.0030658466,0.038578685,0.0043636225,0.72281307,0.05192096,0.73543376,0.0058321054,0.02376213,0.012162236,0.4317867,0.112587266,0.12384358,0.01844569,0.23804988,0.0030658466,"TWOGAUSSIANS_WITH_ELLIPSOIDAL_ON_ECLIPSE1",9,8.193546,0.23804988,0.0030658466,0.21604064,0.024436288,0.9705002,0.049558945,0.73550373,0.005365138,0.13306792,0.06810852,0.67940855,0.1368873
375316653866487564,5922075218984078720,0.49157065,2345.315403690022,2.937480945392689,1.2749576E-5,19.645853,0.019453248,0.2685217,0.0029925602,0.08082421,0.0074918787,0.38834685,0.019794457,0.7785549,0.007021345,0.0780424,0.0096473275,0.42390865,0.022706049,null,null,null,null,"TWOGAUSSIANS",8,2.6037114,0.7785549,0.007021345,0.4,0.0,0.41922408,0.02249035,0.2685217,0.0029925602,0.4,0.0,0.38366228,0.0197184
375316653866487564,5922075665671606784,0.6161338,2347.509153194557,2.1679197435264093,5.671895E-6,17.396845,0.008528623,0.21676806,0.0015122613,0.08924397,0.0030900475,0.31573233,0.008280793,0.71916616,0.0021763917,0.11669762,0.0054859915,0.20866628,0.007895246,null,null,null,null,"TWOGAUSSIANS",8,1.8998559,0.21676806,0.001512316,0.4,0.0,0.29080954,0.0046501383,0.71916616,0.0021763917,0.4,0.0,0.18370035,0.0035650837
375316653866487564,5922076318506638208,0.5791303,2367.1798980449007,1.6252402080528898,6.8638738E-6,16.222279,0.017099284,0.21794161,0.0035050365,0.056781862,0.010227746,0.12448732,0.034094974,0.72059,0.0022100431,0.047466103,0.005985343,0.24215126,0.033298314,0.02483958,0.019081246,0.21794161,0.0035050365,"TWOGAUSSIANS_WITH_ELLIPSOIDAL_ON_ECLIPSE1",9,16.064688,0.72059,0.0022100431,0.26581016,0.03351792,0.29180866,0.010001356,0.21794161,0.0035050365,0.31797844,0.05727538,0.17415847,0.008232027
375316653866487564,5922076760868969344,0.41577408,2307.4275794708537,0.29197888069783273,3.32416E-5,19.119429,0.008220237,0.34113917,0.005238271,0.03040279,0.013356675,0.11662333,0.08265814,0.5545325,0.059697706,0.07710488,0.04737934,0.055448297,0.025850927,null,null,null,null,"TWOGAUSSIANS",8,3.382693,0.34148917,0.0047861096,0.17025563,0.074797384,0.117834896,0.083163604,0.5545325,0.059697706,0.4,0.03620317,0.055448297,0.02585549
375316653866487564,5922076829589461632,0.4278602,2371.2206288976813,2.3036012757417965,2.2336504E-5,18.697758,0.0055662156,0.11743078,9.756691E-6,0.00296532,1.9876688E-4,0.06684278,0.004936631,0.5885033,0.0055026123,0.04977137,0.008809351,0.30412906,0.096419886,null,null,null,null,"TWOGAUSSIANS",8,7.948589,0.5885033,0.0055026123,0.27871966,0.049332365,0.30412906,0.096419886,0.11743078,9.756691E-6,0.01660579,0.0011130945,0.06684278,0.004936631
375316653866487564,5922077070106678784,0.58412665,2354.5887015918097,2.125209137373045,8.387758E-6,16.518948,0.0088778585,0.23330382,0.0058342437,0.09066996,0.008472114,0.21137145,0.015611329,0.7175515,0.0018026708,0.088781096,0.002917707,0.3810115,0.0094911195,null,null,null,null,"TWOGAUSSIANS",8,16.75053,0.7175515,0.0018026708,0.4,0.0,0.3719704,0.0075165443,0.23330382,0.0058342437,0.4,0.0,0.20233034,0.016404128
375316653866487564,5922078242636155648,0.4950184,2344.2693833969606,2.567769076701114,2.6188929E-5,17.897842,0.0030587192,0.6661791,0.0034866307,0.009310327,0.004475193,0.062124312,1.4528204,null,null,null,null,null,null,0.060377534,0.004514359,0.6661791,0.0034866307,"ONEGAUSSIAN_WITH_ELLIPSOIDAL",6,5.323672,0.6661791,0.0034866307,0.05213783,0.025061082,0.1828791,1.4521923,null,null,null,null,null,null
375316653866487564,5922078826757616896,0.46227208,2390.2883999674823,0.10832178841170538,2.809638E-5,19.390858,0.0268936,0.22156666,0.015908103,0.06645568,0.007725554,0.15326698,0.029582467,0.6526469,0.056719348,0.05225002,0.036876265,0.3119472,0.06978424,null,null,null,null,"TWOGAUSSIANS",8,9.79369,0.6526469,0.056719348,0.29260013,0.11592113,0.31194293,0.06964813,0.22156666,0.015905637,0.37215176,0.043263104,0.15326272,0.029550847
375316653866487564,5922082228381765760,0.4232554,2359.3618940161673,1.2305766362256163,7.784228E-5,16.484081,0.0035646653,0.21845257,0.023728333,0.016010122,0.019071944,0.15861309,205.27235,0.85900205,0.010093246,0.047852878,0.010720854,0.07329259,0.011458189,0.0060192533,0.00491039,0.21845257,0.023728333,"TWOGAUSSIANS_WITH_ELLIPSOIDAL_ON_ECLIPSE1",9,33.582348,0.21845257,0.023728333,0.08965669,0.10680289,0.17065158,205.27502,0.85900205,0.010093246,0.2679761,0.06003678,0.07814315,0.01228741
375316653866487564,5922082503244121984,0.41753045,2365.427468696741,2.4565257735916317,5.04149E-5,18.685778,0.010478173,0.24714372,0.016870858,0.07731898,0.030706061,0.08698077,0.018733889,0.7098607,0.020495139,0.07737367,0.019787041,0.10662041,0.07669207,null,null,null,null,"TWOGAUSSIANS",8,5.0365677,0.7098607,0.020495139,0.4,0.058000322,0.10615807,0.07693309,0.24714372,0.016870858,0.4,0.0,0.08651843,0.019917017
