Gaia/vari_eclipsing_binary/VariEclipsingBinary_034570-036209.csv
# %ECSV 1.0
# ---
# delimiter: ','
# meta: !!omap
# - RELEASE: Gaia DR3
# - TABLE: vari_eclipsing_binary
# - DESCRIPTION: >
#     This table describes the properties of the eclipsing binaries resulting from the variability analysis. 
# - CITATION: >
#     How to cite and acknowledge Gaia: 
#     https://gea.esac.esa.int/archive/documentation/credits.html 
# - KNOWN_ISSUES: >
#     Known issues: 
#     https://www.cosmos.esa.int/web/gaia-users/known-issues 
# - DOCUMENTATION: >
#     Tutorials and documentation: 
#     https://www.cosmos.esa.int/web/gaia-users/archive 
# datatype:
# - 
#   name: solution_id
#   datatype: int64
#   description: Solution Identifier
#   meta:
#     ucd: meta.version
# - 
#   name: source_id
#   datatype: int64
#   description: Unique source identifier
#   meta:
#     ucd: meta.id;meta.main
# - 
#   name: global_ranking
#   datatype: float32
#   description: Number between 0 (worst) and 1 (best)
#   meta:
#     ucd: stat.param
# - 
#   name: reference_time
#   datatype: float64
#   unit: d
#   description: Reference time used for the geometric model fit
#   meta:
#     ucd: time.epoch
# - 
#   name: frequency
#   datatype: float64
#   unit: d**-1
#   description: Frequency of geometric model of the eclipsing binary light curve
#   meta:
#     ucd: src.orbital
# - 
#   name: frequency_error
#   datatype: float32
#   unit: d**-1
#   description: "Uncertainty of \\texttt{frequency}"
#   meta:
#     ucd: stat.error
# - 
#   name: geom_model_reference_level
#   datatype: float32
#   unit: mag
#   description: Magnitude reference level of geometric model
#   meta:
#     ucd: phot.mag;em.opt
# - 
#   name: geom_model_reference_level_error
#   datatype: float32
#   unit: mag
#   description: "Uncertainty of \\texttt{geomModelReferenceLevel}"
#   meta:
#     ucd: stat.error;phot.mag;em.opt
# - 
#   name: geom_model_gaussian1_phase
#   datatype: float32
#   description: Phase of the Gaussian 1 component
#   meta:
#     ucd: time.phase
# - 
#   name: geom_model_gaussian1_phase_error
#   datatype: float32
#   description: "Uncertainty of \\texttt{geomModelGaussian1Phase}"
#   meta:
#     ucd: stat.error;time.phase
# - 
#   name: geom_model_gaussian1_sigma
#   datatype: float32
#   description: "Standard deviation [phase] of Gaussian 1 component"
#   meta:
#     ucd: stat.stdev
# - 
#   name: geom_model_gaussian1_sigma_error
#   datatype: float32
#   description: "Uncertainty of \\texttt{geomModelGaussian1Sigma}"
#   meta:
#     ucd: stat.error
# - 
#   name: geom_model_gaussian1_depth
#   datatype: float32
#   unit: mag
#   description: Magnitude depth of Gaussian 1 component
#   meta:
#     ucd: src.var.amplitude
# - 
#   name: geom_model_gaussian1_depth_error
#   datatype: float32
#   unit: mag
#   description: "Uncertainty of \\texttt{geomModelGaussian1Depth}"
#   meta:
#     ucd: stat.error;src.var.amplitude
# - 
#   name: geom_model_gaussian2_phase
#   datatype: float32
#   description: Phase of Gaussian 2 component
#   meta:
#     ucd: time.phase
# - 
#   name: geom_model_gaussian2_phase_error
#   datatype: float32
#   description: "Uncertainty of \\texttt{geomModelGaussian2Phase}"
#   meta:
#     ucd: stat.error;time.phase
# - 
#   name: geom_model_gaussian2_sigma
#   datatype: float32
[...]
#   datatype: float32
#   description: "Secondary eclipse: uncertainty of \\texttt{derivedSecondaryEclDuration}"
#   meta:
#     ucd: stat.error;time.duration
# - 
#   name: derived_secondary_ecl_depth
#   datatype: float32
#   unit: mag
#   description: "Secondary eclipse: depth"
#   meta:
#     ucd: src.var.amplitude
# - 
#   name: derived_secondary_ecl_depth_error
#   datatype: float32
#   unit: mag
#   description: "Secondary eclipse: uncertainty of \\texttt{derivedSecondaryEclDepth}"
#   meta:
#     ucd: stat.error;src.var.amplitude
solution_id,source_id,global_ranking,reference_time,frequency,frequency_error,geom_model_reference_level,geom_model_reference_level_error,geom_model_gaussian1_phase,geom_model_gaussian1_phase_error,geom_model_gaussian1_sigma,geom_model_gaussian1_sigma_error,geom_model_gaussian1_depth,geom_model_gaussian1_depth_error,geom_model_gaussian2_phase,geom_model_gaussian2_phase_error,geom_model_gaussian2_sigma,geom_model_gaussian2_sigma_error,geom_model_gaussian2_depth,geom_model_gaussian2_depth_error,geom_model_cosine_half_period_amplitude,geom_model_cosine_half_period_amplitude_error,geom_model_cosine_half_period_phase,geom_model_cosine_half_period_phase_error,model_type,num_model_parameters,reduced_chi2,derived_primary_ecl_phase,derived_primary_ecl_phase_error,derived_primary_ecl_duration,derived_primary_ecl_duration_error,derived_primary_ecl_depth,derived_primary_ecl_depth_error,derived_secondary_ecl_phase,derived_secondary_ecl_phase_error,derived_secondary_ecl_duration,derived_secondary_ecl_duration_error,derived_secondary_ecl_depth,derived_secondary_ecl_depth_error
[from data line 254]
375316653866487564,313593571079657216,0.484181,2282.33925556786,1.457111196371799,2.3127564E-5,11.06449,0.0012617504,null,null,null,null,null,null,null,null,null,null,null,null,0.022280874,0.001219245,0.23188359,0.006423291,"ELLIPSOIDAL",4,27.042646,null,null,null,null,null,null,null,null,null,null,null,null
375316653866487564,313681493356117248,0.47121692,2278.963862598682,0.05611143392029521,8.605046E-6,16.323257,0.008894266,0.38290206,0.0024818361,0.010290701,0.003093919,0.53826976,0.465175,0.5907463,0.0051053017,0.03261443,0.0083722295,0.05822763,0.017637633,null,null,null,null,"TWOGAUSSIANS",8,58.784885,0.38290206,0.0024818361,0.057627924,0.017325947,0.53826976,0.465175,0.5907463,0.0051053017,0.1826408,0.046884485,0.05822763,0.017637633
375316653866487564,313736297137289856,0.5816865,2310.5754861967303,3.918695966154681,1.2315192E-5,17.84851,0.0043916637,0.2794627,0.0046940832,0.09153646,0.0044859704,0.24746469,0.009899562,0.77443933,0.0025651194,0.080870554,0.0038644588,0.2430662,0.0089347605,null,null,null,null,"TWOGAUSSIANS",8,3.1990519,0.2794627,0.0046940832,0.4,0.0,0.24075432,0.009935723,0.77443933,0.0025651194,0.4,0.0,0.23635602,0.009107148
375316653866487564,313747154814692736,0.50405735,2289.7280669721267,3.4859289679717738,2.3184259E-5,18.759464,0.06265735,0.2867321,0.017067142,0.09479277,0.07223815,0.12514678,0.049105503,0.78765213,0.0054792096,0.078788266,0.02369989,0.13875727,0.05461109,null,null,null,null,"TWOGAUSSIANS",8,1.4056207,0.78765213,0.005263159,0.4,0.0,0.1347026,0.013476925,0.2867321,0.01707632,0.4,0.0,0.12109186,0.010646346
375316653866487564,313798350825375104,0.55554557,2289.313995986605,4.0391946616156655,1.1274491E-5,19.333063,0.008812883,0.17837,0.0044969725,0.0755119,0.0035547623,0.5600186,0.020827668,0.6827498,0.0039520073,0.06255754,0.0061148913,0.318285,0.012165848,null,null,null,null,"TWOGAUSSIANS",8,1.8053645,0.17837,0.0044969725,0.4,0.0,0.5589277,0.020750936,0.6827498,0.0039520073,0.35032225,0.03424339,0.31719413,0.012454411
375316653866487564,313806979414577280,0.5700888,2300.0898503730714,2.4449377536704513,1.1363786E-5,17.481443,0.016871769,0.26361474,0.013116582,0.08402529,0.01202926,0.32746825,0.039831094,0.7461797,0.0034401221,0.08908978,0.0056636557,0.5747503,0.03866432,null,null,null,null,"TWOGAUSSIANS",8,17.331213,0.7461797,0.0034401221,0.4,0.0,0.5647491,0.040928606,0.26361474,0.013116582,0.4,0.0,0.31746733,0.039144896
375316653866487564,313833947514576384,0.60152525,2266.203407509427,2.6995462792146308,5.1909497E-6,16.876738,0.009150591,0.24333736,0.0025835317,0.085817,0.003202059,0.34835932,0.011579462,0.74054706,0.0031725538,0.09391447,0.004751369,0.3026611,0.010866863,null,null,null,null,"TWOGAUSSIANS",8,8.135306,0.24333736,0.0025835317,0.4,0.0,0.3354492,0.008735498,0.74054706,0.0031725538,0.4,0.0,0.28975058,0.010374453
375316653866487564,313866387402305408,0.642409,2248.5170700703256,4.727822075748301,4.5802776E-6,17.789137,0.00842949,0.2791719,0.003776565,0.0428446,0.0049466644,0.48704052,0.06617715,0.77380806,0.0021191349,0.047251962,0.0027570925,0.355636,0.019809796,0.09799595,0.011772873,0.2791719,0.003776565,"TWOGAUSSIANS_WITH_ELLIPSOIDAL_ON_ECLIPSE1",9,4.650421,0.2791719,0.003776565,0.23992975,0.027701322,0.6830321,0.07220598,0.77427804,0.0017346882,0.26461098,0.015439718,0.55142474,0.01119453
375316653866487564,313890645377666048,0.65564054,2293.9606975425872,4.003376241867211,8.787129E-6,13.821424,0.010561247,0.23371074,0.006666222,0.04843125,0.008292099,0.352445,0.040074695,0.7430309,0.001194521,0.057073675,0.0020013181,0.51815087,0.027684385,0.08317624,0.013509359,0.7430309,0.001194521,"TWOGAUSSIANS_WITH_ELLIPSOIDAL_ON_ECLIPSE2",9,147.19836,0.7430309,0.001194521,0.3196126,0.011207382,0.6844674,0.01553248,0.23446073,0.0059871078,0.271215,0.046435755,0.5182373,0.051842347
375316653866487564,313965132995606528,0.6030886,2378.2641500891077,1.144771798846541,8.390794E-6,11.9720745,0.01172918,0.27593258,0.004343157,0.09557447,0.0067453147,0.33128682,0.014435652,0.77546465,0.0026634303,0.08988974,0.006292333,0.23057929,0.01443193,null,null,null,null,"TWOGAUSSIANS",8,93.7007,0.27593258,0.004343157,0.4,0.0,0.31674013,0.013282688,0.77546465,0.0026634303,0.4,0.0,0.21603324,0.012412361
375316653866487564,313966816622989568,0.6482794,2356.6403891495056,3.735529734480126,9.297002E-6,15.801106,0.007326773,0.23047157,0.001943348,0.039239522,0.0062682275,0.1794875,0.013756787,0.73440033,0.0039003936,0.04685463,0.0077500055,0.28677213,0.022299696,0.13039035,0.008973922,0.23047157,0.001943348,"TWOGAUSSIANS_WITH_ELLIPSOIDAL_ON_ECLIPSE1",9,35.71221,0.73440033,0.0039003936,0.2623859,0.04340003,0.5473938,0.017195016,0.23047157,0.001943348,0.21974131,0.035102073,0.44026804,0.016468704
375316653866487564,313997843467076608,0.55754656,2246.7670974251387,3.342533611239861,1.5158618E-5,18.708609,0.015374026,0.26186717,0.00865704,0.044534296,0.014594981,0.19688673,0.06932241,0.75590885,0.0034977805,0.03753331,0.0033532009,0.90362495,0.038029492,0.053628694,0.020728922,0.26186717,0.00865704,"TWOGAUSSIANS_WITH_ELLIPSOIDAL_ON_ECLIPSE1",9,8.1139765,0.75598884,0.0034405186,0.21018653,0.018777924,1.0107338,0.03345294,0.26186717,0.00865704,0.24939205,0.08173189,0.30414402,0.063552104
375316653866487564,314019116439555456,0.5118068,2241.4499834737285,3.071149246157405,2.066567E-5,15.665903,0.03255318,0.22072545,0.0087146275,0.1133429,0.022631092,0.22194827,0.029999902,0.7218898,0.006662688,0.09656359,0.013411788,0.21233648,0.031804476,null,null,null,null,"TWOGAUSSIANS",8,95.38552,0.22072545,0.0087146275,0.4,0.0,0.19688419,0.01838161,0.7218898,0.0066716634,0.4,0.0,0.1872982,0.015164308
375316653866487564,314060618707698432,0.6301151,2237.2796064576364,1.187353517095186,6.7327765E-6,16.222116,0.00454213,0.23693013,0.0018624755,0.030702358,0.004424929,0.14223984,0.03217538,0.7354039,0.0010417606,0.032113027,0.003889819,0.62384844,0.35837948,0.02060054,0.0068671918,0.23693013,0.0018624755,"TWOGAUSSIANS_WITH_ELLIPSOIDAL_ON_ECLIPSE1",9,7.2622647,0.7354139,0.0010348466,0.17983295,0.021782987,0.66504574,0.36145017,0.23693013,0.0018624755,0.1719332,0.024779605,0.18344092,0.03382638
375316653866487564,314082162263814912,0.5914601,2303.4658182318826,2.8371842471069355,1.0069303E-5,15.866947,0.006848841,0.22179757,0.002383441,0.05300595,0.008550535,0.076405436,0.0159079,0.7152327,0.0316929,0.03911295,0.02983515,0.08681718,0.026358366,0.091801226,0.0073979534,0.22179757,0.002383441,"TWOGAUSSIANS_WITH_ELLIPSOIDAL_ON_ECLIPSE1",9,21.1378,0.71657264,0.030172808,0.21903254,0.16707684,0.27016953,0.02158744,0.22179757,0.002383441,0.29683334,0.047882993,0.26000652,0.007726986
375316653866487564,314100720818135552,0.5989746,2277.329606425135,2.86766780300858,9.951991E-6,15.821205,0.014651858,0.25301966,0.007225641,0.09577953,0.009550571,0.28440857,0.02092814,0.7554828,0.0021377795,0.08689439,0.0046688835,0.33308923,0.014851785,null,null,null,null,"TWOGAUSSIANS",8,31.592688,0.7554828,0.0021377795,0.4,0.0,0.31916896,0.010113826,0.25301966,0.007225641,0.4,0.0,0.27048764,0.018498665
375316653866487564,314104427374445312,0.5419314,2301.555589152971,3.098538633429053,1.368044E-5,18.133215,0.018653488,0.22860162,0.008451312,0.08676304,0.00851119,0.29652053,0.02169959,0.7401501,0.0030416695,0.09809223,0.009054771,0.22443292,0.017270757,null,null,null,null,"TWOGAUSSIANS",8,3.7505574,0.22860162,0.008451312,0.4,0.0,0.28545842,0.01626943,0.7401501,0.0030416695,0.4,0.0,0.21336967,0.0125423465
375316653866487564,314242347364324992,0.5552297,2262.0640331050786,1.6745767819750657,1.4987712E-5,18.9121,0.003991246,0.39865616,2.5203549E-6,0.007774646,1.4709147E-4,0.41968462,0.0042500035,0.88275284,3.1553063E-4,0.010099661,1.950362E-4,0.61972153,0.009550136,4.1303624E-4,0.0046939435,0.88275284,3.1553063E-4,"TWOGAUSSIANS_WITH_ELLIPSOIDAL_ON_ECLIPSE2",9,6.032416,0.88275284,3.1553063E-4,0.056558102,0.0010922027,0.62054765,0.008163035,0.39865616,2.5203549E-6,0.043538015,8.237122E-4,0.42050248,0.0058751786
375316653866487564,314248910073759360,0.4782212,2322.335356062772,3.944284805897237,1.8365212E-5,12.215213,0.009723184,0.30145946,0.009103857,0.08378421,0.009791579,0.09486788,0.009612815,0.7963493,0.0040412433,0.119904555,0.023340877,0.07263368,0.0058087506,null,null,null,null,"TWOGAUSSIANS",8,41.631073,0.30146945,0.009120981,0.4,0.0,0.0875851,0.00394693,0.7963493,0.0040412433,0.4,0.0,0.065326214,0.007302185
375316653866487564,314296159009903360,0.5630485,2325.1443531715563,1.881372545380685,1.1286088E-5,16.056313,0.010601226,0.27688226,0.0023129222,0.028492203,0.002059012,0.55160165,0.037851594,0.7756149,0.0027260897,0.024442399,0.0031592352,0.7571203,0.10439261,null,null,null,null,"TWOGAUSSIANS",8,152.69675,0.7756149,0.0027260897,0.13687743,0.017691718,0.7571203,0.10439261,0.27688226,0.0023129222,0.15955634,0.011530467,0.55160165,0.037851594
375316653866487564,314327014054933760,0.54566187,2293.2819305036683,3.774316172853765,3.0252873E-5,15.268802,0.012652197,0.33843368,0.005332637,0.09072915,0.006480974,0.43864247,0.019283315,0.8562548,0.0060943672,0.061135706,0.00838437,0.30356082,0.04142791,null,null,null,null,"TWOGAUSSIANS",8,314.29913,0.33843368,0.005332637,0.4,0.0,0.436425,0.01892912,0.8562548,0.0060943672,0.34235996,0.046952475,0.30134374,0.042305194
375316653866487564,314427344490890624,0.49065512,2263.879232823152,3.7211684394359295,2.9594148E-5,17.293568,0.0056557236,0.807488,0.005603573,0.036360707,0.025700374,0.07272831,4.2648325,null,null,null,null,null,null,0.089694284,0.007500375,0.807488,0.005603573,"ONEGAUSSIAN_WITH_ELLIPSOIDAL",6,28.421583,0.807488,0.005603573,0.20361996,0.14392209,0.25211683,4.26515,null,null,null,null,null,null
375316653866487564,314467098708243072,0.63688964,2320.140461037064,3.9390978556028395,7.2441503E-6,17.145538,0.011757304,0.2726208,0.0030196002,0.04484605,0.005500762,0.30983856,0.03050991,0.7728557,0.0038441317,0.043935675,0.0035903999,0.39923343,0.0265843,0.13864364,0.015464875,0.2726208,0.0030196002,"TWOGAUSSIANS_WITH_ELLIPSOIDAL_ON_ECLIPSE1",9,8.786456,0.7728557,0.00366492,0.24603978,0.02010624,0.6765199,0.010885566,0.2726208,0.0030196002,0.25113788,0.030804267,0.58712566,0.012697541
375316653866487564,314486473306073216,0.5232943,2316.352274376867,0.06578932650732025,3.951871E-5,18.314259,0.0019923293,0.28296402,0.014907939,0.036176004,0.007083599,0.21429148,0.041060157,0.6329346,0.003460416,0.007796074,0.0015657907,0.041049734,0.011229925,null,null,null,null,"TWOGAUSSIANS",8,1.1667792,0.28296402,0.014907939,0.20258562,0.039668154,0.21429148,0.041060157,0.6329346,0.003460416,0.043658014,0.008768428,0.041049734,0.011229925
375316653866487564,314502798476535808,0.6036395,2367.9418922604236,0.6704016781896799,6.4772175E-5,15.691107,0.0019422545,0.23225744,0.018401187,0.012043738,0.00785347,1.0353987,1.4320087,0.4839775,0.02163149,0.069894455,0.02460532,0.02368552,0.0083998935,0.007086603,0.0026735659,0.23225744,0.018401187,"TWOGAUSSIANS_WITH_ELLIPSOIDAL_ON_ECLIPSE1",9,28.553127,0.23225744,0.018401187,0.067444935,0.04397943,1.049608,1.4321952,0.48449752,0.025205972,0.39140895,0.12606709,0.02368763,0.008379435
375316653866487564,314503520030780544,0.6234465,2307.96553619684,2.191811691733184,4.4070357E-6,13.5711355,0.005563657,0.27177247,9.213065E-4,0.07942194,0.0017367434,0.26087767,0.0061378474,0.77487797,0.0032515863,0.11018934,0.009489277,0.12029666,0.011021233,null,null,null,null,"TWOGAUSSIANS",8,23.57046,0.27177247,9.213065E-4,0.4,0.0,0.25139523,0.003904532,0.77487797,0.0032515863,0.4,0.0,0.11080602,0.0127154505
375316653866487564,314504928780080768,0.45927507,2306.6248123690284,0.40994465675848507,5.0414244E-5,16.07713,0.026583595,0.26754555,0.074117854,0.07274839,0.062123954,0.049967054,0.027625468,0.7791119,0.029860046,0.022478806,0.06475191,0.18839082,0.11540218,null,null,null,null,"TWOGAUSSIANS",8,40.036938,0.7791119,0.029860046,0.12588131,0.27248526,0.18839075,0.12300587,0.26754555,0.074117854,0.4,0.12706122,0.04996699,0.022576299
375316653866487564,314505409816417536,0.6170885,2355.65044418286,4.2557753391575375,6.454193E-6,15.006074,0.017260896,0.21300004,0.00279315,0.049932443,0.0048442245,0.3268853,0.049273234,0.7099337,0.0017561588,0.051925663,0.004457206,0.38726893,0.048041362,0.110752724,0.032245245,0.7099337,0.0017561588,"TWOGAUSSIANS_WITH_ELLIPSOIDAL_ON_ECLIPSE2",9,177.94008,0.7099337,0.0017561588,0.2907837,0.024960354,0.60876995,0.023231076,0.21264005,0.0024313417,0.2796217,0.027127659,0.5483138,0.02339281
375316653866487564,314515236701683200,0.4348838,2313.798450078815,3.593013007295355,1.06416286E-4,17.776821,0.011365236,0.3114081,0.02142488,0.11685403,0.03376534,0.04892207,0.013654726,0.73222876,0.034408536,0.11256756,0.040884532,0.066313,0.012103446,null,null,null,null,"TWOGAUSSIANS",8,4.4032316,0.73222876,0.034408536,0.4,0.0,0.06170854,0.0092262495,0.3119881,0.018053828,0.4,0.0,0.0443046,0.011924766
375316653866487564,314595569770069632,0.6666922,2292.4635059238185,2.820360187936995,3.158893E-6,13.711776,0.0129637625,0.20823653,0.001648503,0.042630788,0.0041627563,0.32370526,0.037888683,0.7110639,0.001638809,0.0473737,0.003060951,0.46260238,0.034308337,0.12896827,0.01518317,0.7110639,0.001638809,"TWOGAUSSIANS_WITH_ELLIPSOIDAL_ON_ECLIPSE2",9,208.03279,0.7110639,0.001638809,0.26529273,0.017141325,0.7205384,0.025935035,0.20852652,0.0014330854,0.23873243,0.023311434,0.5815682,0.034026954
375316653866487564,314600513277471360,0.53634155,2326.69805276574,3.3816889361467006,2.819536E-5,18.096315,0.0343034,0.17972381,0.002465252,0.09379946,0.007165866,0.30826357,0.034116436,0.6827234,0.006548855,0.119816616,0.023438197,0.22460608,0.02692416,null,null,null,null,"TWOGAUSSIANS",8,3.5399082,0.17971382,0.0024755183,0.4,0.0,0.27657136,0.0122559685,0.6827234,0.006548855,0.4,0.0,0.19283961,0.02261302
375316653866487564,314630715487394688,0.5248047,2301.7053478421626,1.8427896834180517,2.9325964E-5,19.449673,0.0066184374,0.25733492,0.006541216,0.03631989,0.0038631656,0.40777266,0.046352357,0.76027405,0.006249754,0.054781567,0.017083276,0.16022116,0.063776575,null,null,null,null,"TWOGAUSSIANS",8,1.3260515,0.25733492,0.006541216,0.20339137,0.021633727,0.40777254,0.0463523,0.76027405,0.006249754,0.3067768,0.09566635,0.16022106,0.06377691
375316653866487564,314729881987348096,0.69966507,2362.659713139948,3.6458841585767927,4.203873E-6,15.144745,0.008344591,0.29454,0.0014343293,0.04903388,0.0029680307,0.28895292,0.025354374,0.7909559,0.0020655016,0.047358837,0.0031301763,0.34768662,0.01713364,0.117402814,0.009552632,0.29454,0.0014343293,"TWOGAUSSIANS_WITH_ELLIPSOIDAL_ON_ECLIPSE1",9,18.917551,0.7913359,0.0017966203,0.2652095,0.017528987,0.58238477,0.005238636,0.29454,0.0014343293,0.27458972,0.016620973,0.5237574,0.018195348
375316653866487564,314744480581208960,0.46645454,2317.5392224128773,4.40816910570493,2.6701657E-5,19.214993,0.13690029,0.27936414,0.013478618,0.107464574,0.048998382,0.20874096,0.12927903,0.770536,0.008408006,0.10985803,0.06258011,0.11516726,0.13389836,null,null,null,null,"TWOGAUSSIANS",8,2.4799879,0.27937412,0.013459678,0.4,0.0,0.18902124,0.024102056,0.770536,0.008408006,0.4,0.0,0.095448636,0.015140346
375316653866487564,314769494470068096,0.59194857,2356.1523246767383,3.959824579457142,4.542435E-6,18.6452,0.017201427,0.27647534,0.0024263156,0.07894604,0.0045868657,0.42479822,0.016321072,0.7627738,0.00466633,0.07531538,0.005924905,0.35764802,0.022628158,null,null,null,null,"TWOGAUSSIANS",8,1.6869292,0.27647534,0.0024263156,0.4,0.0,0.42174682,0.0152184265,0.7627738,0.00466633,0.4,0.0,0.3545966,0.022095831
