Gaia/vari_eclipsing_binary/VariEclipsingBinary_634943-635126.csv
# %ECSV 1.0
# ---
# delimiter: ','
# meta: !!omap
# - RELEASE: Gaia DR3
# - TABLE: vari_eclipsing_binary
# - DESCRIPTION: >
#     This table describes the properties of the eclipsing binaries resulting from the variability analysis. 
# - CITATION: >
#     How to cite and acknowledge Gaia: 
#     https://gea.esac.esa.int/archive/documentation/credits.html 
# - KNOWN_ISSUES: >
#     Known issues: 
#     https://www.cosmos.esa.int/web/gaia-users/known-issues 
# - DOCUMENTATION: >
#     Tutorials and documentation: 
#     https://www.cosmos.esa.int/web/gaia-users/archive 
# datatype:
# - 
#   name: solution_id
#   datatype: int64
#   description: Solution Identifier
#   meta:
#     ucd: meta.version
# - 
#   name: source_id
#   datatype: int64
#   description: Unique source identifier
#   meta:
#     ucd: meta.id;meta.main
# - 
#   name: global_ranking
#   datatype: float32
#   description: Number between 0 (worst) and 1 (best)
#   meta:
#     ucd: stat.param
# - 
#   name: reference_time
#   datatype: float64
#   unit: d
#   description: Reference time used for the geometric model fit
#   meta:
#     ucd: time.epoch
# - 
#   name: frequency
#   datatype: float64
#   unit: d**-1
#   description: Frequency of geometric model of the eclipsing binary light curve
#   meta:
#     ucd: src.orbital
# - 
#   name: frequency_error
#   datatype: float32
#   unit: d**-1
#   description: "Uncertainty of \\texttt{frequency}"
#   meta:
#     ucd: stat.error
# - 
#   name: geom_model_reference_level
#   datatype: float32
#   unit: mag
#   description: Magnitude reference level of geometric model
#   meta:
#     ucd: phot.mag;em.opt
# - 
#   name: geom_model_reference_level_error
#   datatype: float32
#   unit: mag
#   description: "Uncertainty of \\texttt{geomModelReferenceLevel}"
#   meta:
#     ucd: stat.error;phot.mag;em.opt
# - 
#   name: geom_model_gaussian1_phase
#   datatype: float32
#   description: Phase of the Gaussian 1 component
#   meta:
#     ucd: time.phase
# - 
#   name: geom_model_gaussian1_phase_error
#   datatype: float32
#   description: "Uncertainty of \\texttt{geomModelGaussian1Phase}"
#   meta:
#     ucd: stat.error;time.phase
# - 
#   name: geom_model_gaussian1_sigma
#   datatype: float32
#   description: "Standard deviation [phase] of Gaussian 1 component"
#   meta:
#     ucd: stat.stdev
# - 
#   name: geom_model_gaussian1_sigma_error
#   datatype: float32
#   description: "Uncertainty of \\texttt{geomModelGaussian1Sigma}"
#   meta:
#     ucd: stat.error
# - 
#   name: geom_model_gaussian1_depth
#   datatype: float32
#   unit: mag
#   description: Magnitude depth of Gaussian 1 component
#   meta:
#     ucd: src.var.amplitude
# - 
#   name: geom_model_gaussian1_depth_error
#   datatype: float32
#   unit: mag
#   description: "Uncertainty of \\texttt{geomModelGaussian1Depth}"
#   meta:
#     ucd: stat.error;src.var.amplitude
# - 
#   name: geom_model_gaussian2_phase
#   datatype: float32
#   description: Phase of Gaussian 2 component
#   meta:
#     ucd: time.phase
# - 
#   name: geom_model_gaussian2_phase_error
#   datatype: float32
#   description: "Uncertainty of \\texttt{geomModelGaussian2Phase}"
#   meta:
#     ucd: stat.error;time.phase
# - 
#   name: geom_model_gaussian2_sigma
#   datatype: float32
[...]
#   datatype: float32
#   description: "Secondary eclipse: uncertainty of \\texttt{derivedSecondaryEclDuration}"
#   meta:
#     ucd: stat.error;time.duration
# - 
#   name: derived_secondary_ecl_depth
#   datatype: float32
#   unit: mag
#   description: "Secondary eclipse: depth"
#   meta:
#     ucd: src.var.amplitude
# - 
#   name: derived_secondary_ecl_depth_error
#   datatype: float32
#   unit: mag
#   description: "Secondary eclipse: uncertainty of \\texttt{derivedSecondaryEclDepth}"
#   meta:
#     ucd: stat.error;src.var.amplitude
solution_id,source_id,global_ranking,reference_time,frequency,frequency_error,geom_model_reference_level,geom_model_reference_level_error,geom_model_gaussian1_phase,geom_model_gaussian1_phase_error,geom_model_gaussian1_sigma,geom_model_gaussian1_sigma_error,geom_model_gaussian1_depth,geom_model_gaussian1_depth_error,geom_model_gaussian2_phase,geom_model_gaussian2_phase_error,geom_model_gaussian2_sigma,geom_model_gaussian2_sigma_error,geom_model_gaussian2_depth,geom_model_gaussian2_depth_error,geom_model_cosine_half_period_amplitude,geom_model_cosine_half_period_amplitude_error,geom_model_cosine_half_period_phase,geom_model_cosine_half_period_phase_error,model_type,num_model_parameters,reduced_chi2,derived_primary_ecl_phase,derived_primary_ecl_phase_error,derived_primary_ecl_duration,derived_primary_ecl_duration_error,derived_primary_ecl_depth,derived_primary_ecl_depth_error,derived_secondary_ecl_phase,derived_secondary_ecl_phase_error,derived_secondary_ecl_duration,derived_secondary_ecl_duration_error,derived_secondary_ecl_depth,derived_secondary_ecl_depth_error
[from data line 328]
375316653866487564,5585580886575823744,0.5848477,2196.687020840319,3.695938175702952,9.158219E-6,18.496452,0.009210565,0.2163144,0.002780574,0.076625705,0.0039771628,0.43543747,0.016850492,0.7187399,0.0046188924,0.08408772,0.0042449366,0.4232965,0.014334607,null,null,null,null,"TWOGAUSSIANS",8,2.7626646,0.2163144,0.002780574,0.4,0.0,0.42896992,0.016994452,0.7187399,0.0046188924,0.4,0.0,0.41682893,0.01304078
375316653866487564,5585582123526321152,0.6316635,2222.9142073354933,4.671914629231578,4.6504974E-6,16.33157,0.010234839,0.26859543,0.0013726535,0.048258506,0.0019433018,0.6722919,0.027358158,0.7723141,0.0020486284,0.044359542,0.003288808,0.39439458,0.0629461,0.1365087,0.014428196,0.7723141,0.0020486284,"TWOGAUSSIANS_WITH_ELLIPSOIDAL_ON_ECLIPSE2",9,41.63877,0.26885542,0.001222968,0.27024764,0.01088249,0.9451694,0.021562094,0.7723141,0.0020486284,0.24841344,0.018417325,0.6674108,0.05885929
375316653866487564,5585582634620214144,0.46362782,2199.5386639041826,3.4261897571264845,1.5198184E-5,19.695705,0.026462138,0.18599947,0.006480175,0.080509014,0.02163727,0.3335947,0.051623028,0.7174842,0.0111961905,0.09022437,0.015935801,0.22865202,0.052860405,null,null,null,null,"TWOGAUSSIANS",8,1.8353314,0.18599947,0.006480175,0.4,0.0,0.3293181,0.064052075,0.7174842,0.011194891,0.4,0.0,0.22437513,0.050334588
375316653866487564,5585584180818898688,0.52936363,2164.831349450914,0.9080053058824068,9.985935E-6,18.184013,0.0014775275,0.26448512,7.456919E-4,0.010550314,0.0025775419,0.08894158,0.0402433,0.53877497,0.0048430646,0.042259693,0.005510925,0.3203291,0.13193443,null,null,null,null,"TWOGAUSSIANS",8,1.1935629,0.53877497,0.0048430646,0.23665428,0.03086118,0.3203291,0.13193443,0.26448512,7.456919E-4,0.059081756,0.014434235,0.08894158,0.0402433
375316653866487564,5585585452117406592,0.43254048,2232.31152363601,0.06354657030220431,5.760241E-5,18.705286,0.017444937,0.47213295,0.019786734,0.16195375,0.027579015,0.22579187,0.027335102,0.9689662,0.93449587,0.026036397,0.019528624,0.07184079,0.0375589,null,null,null,null,"TWOGAUSSIANS",8,7.410171,0.47213295,0.019786734,0.4,0.0,0.21738005,0.02580368,0.9689662,0.9344524,0.14580382,0.1093603,0.06728129,0.032191217
375316653866487564,5585591881685678592,0.646203,2245.4947433396733,2.5415441404648242,5.5424957E-6,18.214844,0.006874841,0.20822233,0.002060488,0.04398611,0.0037172842,0.32595974,0.016829504,0.7083468,0.0021887543,0.047523197,0.0025665804,0.3891888,0.019368298,0.12451906,0.010854552,0.20822233,0.002060488,"TWOGAUSSIANS_WITH_ELLIPSOIDAL_ON_ECLIPSE1",9,2.6203153,0.7083468,0.0019836186,0.2661299,0.014372851,0.6382258,0.015460739,0.20822233,0.002060488,0.24632221,0.020816792,0.5749969,0.015063201
375316653866487564,5585592156566026752,0.5642815,2262.8130232444546,2.7520336174255875,1.8504043E-5,17.897879,0.0076259314,0.23088418,0.0067718066,0.08158743,0.008293568,0.25166005,0.013653684,0.7342142,0.006258437,0.07951804,0.006966159,0.25084955,0.008185336,null,null,null,null,"TWOGAUSSIANS",8,3.7786205,0.23088418,0.0067718066,0.4,0.0,0.24784426,0.0145886615,0.7342142,0.006258437,0.4,0.0,0.24703376,0.0063768565
375316653866487564,5585595725678592256,0.51330423,2241.136452824854,4.249823369419509,1.7023629E-5,18.867664,0.13626523,0.2646437,0.01733801,0.11374003,0.03580977,0.25317937,0.13760684,0.737608,0.005640022,0.12224279,0.034121495,0.23240839,0.1320968,null,null,null,null,"TWOGAUSSIANS",8,2.028809,0.26481372,0.016757255,0.4,0.0,0.21338503,0.015655614,0.737608,0.005640022,0.4,0.0,0.1925119,0.009237727
375316653866487564,5585597585401881728,0.44704738,2282.55975106282,3.869823590606405,1.9503495E-5,17.565157,0.002530011,0.29452077,0.005819512,0.023844678,0.005617607,0.05033518,0.01932347,0.6158324,0.0036791172,0.03883612,0.004908951,0.05605941,0.010507376,null,null,null,null,"TWOGAUSSIANS",8,2.6093955,0.6158324,0.0036791172,0.21748228,0.027490126,0.05605941,0.010507376,0.29452077,0.005819512,0.1335302,0.031458598,0.05033518,0.01932347
375316653866487564,5585603456619914368,0.5461323,2212.590242364049,4.5352468106049795,1.6175998E-5,19.71226,0.009759969,0.29086357,0.004149618,0.075056,0.0045246957,0.5833904,0.02655554,0.7717872,0.0051170993,0.07855868,0.009398764,0.48609743,0.0856911,null,null,null,null,"TWOGAUSSIANS",8,1.4201298,0.29086357,0.004149618,0.4,0.0018289953,0.5798691,0.026721228,0.7717872,0.0051170993,0.4,0.0,0.48257607,0.08825694
375316653866487564,5585605758722669568,0.5098075,2244.542509061068,3.0874995508796212,1.1963858E-5,19.412945,0.019765286,0.24684322,0.00575435,0.08025361,0.006409877,0.41498098,0.023295684,0.75147694,0.005593047,0.091146275,0.011374183,0.40072617,0.03367467,null,null,null,null,"TWOGAUSSIANS",8,3.431756,0.24684322,0.00575435,0.4,0.0,0.4043237,0.017449658,0.75147694,0.005593047,0.4,0.0,0.39006865,0.037276287
375316653866487564,5585608163903897728,0.5742497,2223.0003583926778,2.729373723516687,9.849731E-6,18.40331,0.006109295,0.15624423,0.0032013746,0.09137806,0.0050535323,0.25330108,0.007904614,0.6458112,0.003434515,0.08708876,0.0038065698,0.25201985,0.0073223556,null,null,null,null,"TWOGAUSSIANS",8,1.6157647,0.15624423,0.0032013746,0.4,0.0,0.24484518,0.007871804,0.6458112,0.003434515,0.4,0.0,0.2435641,0.006188921
375316653866487564,5585612909848882816,0.57234025,2247.72877784237,2.4741574135479887,8.34257E-6,19.387194,0.008916075,0.23020518,0.003899035,0.06846351,0.0041749654,0.55619717,0.044994533,0.7262189,0.0017402847,0.06744462,0.0027932804,0.62403286,0.021864027,null,null,null,null,"TWOGAUSSIANS",8,2.0514643,0.7262189,0.0017402847,0.37768987,0.015642371,0.62281674,0.021953665,0.23020518,0.003899035,0.38339567,0.023379806,0.55498105,0.04524648
375316653866487564,5585616685119435648,0.49386016,2235.489755138723,2.180409308122064,3.9385774E-5,17.979828,0.010903109,0.2936299,0.006831997,0.04831853,0.0071248994,0.21008451,0.0124318,0.777132,0.0034387645,0.05033617,0.0048818444,0.25519964,0.018613836,null,null,null,null,"TWOGAUSSIANS",8,18.124731,0.777132,0.0034387645,0.28188255,0.027338328,0.25519913,0.018613875,0.2936299,0.006831997,0.27058378,0.03989944,0.21008399,0.012431449
375316653866487564,5585618574905224064,0.4695823,2171.0165768271218,4.061462947717938,3.8126025E-5,19.507957,0.01358302,0.26949987,0.009822091,0.07113753,0.019178946,0.19977957,0.013993625,0.804233,0.010958058,0.08832576,0.01750964,0.18565902,0.039762698,null,null,null,null,"TWOGAUSSIANS",8,2.359597,0.26949987,0.009822091,0.3983702,0.03577714,0.19840182,0.01439187,0.804233,0.010958058,0.4,0.0,0.1842811,0.040441837
375316653866487564,5585619781795528064,0.51285607,2201.554928371832,2.234967979551396,1.671596E-5,14.68469,0.07893598,0.13655375,0.004889366,0.12771508,0.047387946,0.13902932,0.07525029,0.64119047,0.0043528914,0.11299581,0.02846804,0.14402136,0.07409588,null,null,null,null,"TWOGAUSSIANS",8,54.35296,0.6412405,0.004373353,0.4,0.0,0.112838894,0.008040998,0.13654375,0.004864429,0.4,0.0,0.107731394,0.007939939
375316653866487564,5585626138344668032,0.56161255,2276.034676105361,2.98770351193428,8.741429E-6,15.29498,0.0072632567,0.25321102,0.0020365498,0.082253434,0.0034540317,0.24901795,0.007886827,0.74860287,0.0034791841,0.08873761,0.0047106287,0.25506604,0.0078894645,null,null,null,null,"TWOGAUSSIANS",8,41.69223,0.74860287,0.0034791841,0.4,0.0,0.24859068,0.0063958075,0.25321102,0.0020365498,0.4,0.0,0.24254265,0.0068179774
375316653866487564,5585626275786429440,0.65379494,2253.9303818228764,2.3364176750314787,3.0330118E-6,15.542586,0.0055915643,0.31952363,0.0011762031,0.052322183,0.001157178,0.48932388,0.014440035,0.8193002,0.005569662,0.03667114,0.03382049,0.19756265,1.97106048E15,0.05806058,0.008215979,0.8193002,0.005569662,"TWOGAUSSIANS_WITH_ELLIPSOIDAL_ON_ECLIPSE2",9,31.180576,0.31951365,9.978669E-4,0.29300424,0.0064801965,0.6054394,0.007125409,0.8193002,0.005569662,0.20535839,0.18939476,0.31367838,1.97106048E15
375316653866487564,5585626993041063552,0.58264637,2246.400105695002,2.901457266027125,6.776239E-6,17.641537,0.0069956235,0.3060569,0.0026477936,0.07853141,0.006233534,0.39599243,0.03043283,0.8113557,0.001611795,0.07524556,0.0020542669,0.34925088,0.0077970284,null,null,null,null,"TWOGAUSSIANS",8,6.238055,0.3060569,0.0026477936,0.4,0.0,0.39262462,0.031830117,0.8113557,0.001611795,0.4,0.0,0.3458831,0.0067749727
375316653866487564,5585627714595729024,0.57656235,2211.0213632698415,3.496583327423454,1.2293635E-5,18.36553,0.01864695,0.21815601,0.0033289066,0.098822,0.0062423334,0.39175797,0.020462587,0.7217996,0.002959036,0.09141942,0.005499137,0.40917566,0.01848519,null,null,null,null,"TWOGAUSSIANS",8,4.207336,0.7217996,0.002959036,0.4,0.0,0.38514772,0.0098497365,0.21815601,0.0033289066,0.4,0.0,0.36772808,0.011170066
375316653866487564,5585629711760195328,0.5184034,2243.90185651853,0.2384178618271416,4.2486703E-5,15.39555,0.0024057433,0.45390096,0.0019480863,0.010579307,0.0020353135,0.1703084,0.023790812,0.76203734,0.07100645,0.07847087,0.04351671,0.028086217,0.011620197,null,null,null,null,"TWOGAUSSIANS",8,31.182993,0.45390096,0.0019480863,0.059244115,0.011397757,0.17032099,0.023793396,0.76203734,0.07100645,0.4,0.1756691,0.028086217,0.011620197
375316653866487564,5585631459807414912,0.4900393,2196.8853806327343,2.9816817479507405,2.1905817E-5,18.482798,0.24247229,0.26197523,0.00648428,0.14018871,0.04862931,0.29839385,0.22417858,0.77121955,0.0144495675,0.14709088,0.060110044,0.2593484,0.23198034,null,null,null,null,"TWOGAUSSIANS",8,3.5837488,0.26146522,0.0058886134,0.4,0.0,0.18488021,0.01767548,0.7717195,0.014021498,0.4,0.0,0.14525272,0.01818259
375316653866487564,5585636613768776960,0.5433131,2225.6502680815506,2.9418047095387925,1.3798728E-5,17.902359,0.00933407,0.22606984,0.004456211,0.08496369,0.005413412,0.38244107,0.026255056,0.7234793,0.0023030902,0.07973405,0.0043110372,0.38991824,0.01760547,null,null,null,null,"TWOGAUSSIANS",8,9.792316,0.7234793,0.0023030902,0.4,0.0,0.3825853,0.0185327,0.22606984,0.004456211,0.4,0.0,0.3751081,0.027163738
375316653866487564,5585640668218144640,0.6230404,2192.4536732408633,2.338580290135364,3.9857823E-6,17.472624,0.00481231,0.27296743,0.0012333693,0.092469245,0.0020986826,0.29724926,0.004943793,0.7746194,0.0018951518,0.08749806,0.0030156807,0.32030013,0.005000085,null,null,null,null,"TWOGAUSSIANS",8,1.7426791,0.7746194,0.0018951518,0.4,0.0,0.3076412,0.0040878523,0.27296743,0.0012333693,0.4,0.0,0.2845901,0.003336908
375316653866487564,5585644108490578688,0.56991005,2217.875358053938,1.5710407739516574,3.9993583E-6,17.465527,0.011330868,0.17345795,0.0014711504,0.08978703,0.0042375284,0.33180827,0.009761504,0.6589778,0.0022013134,0.08109839,0.0055430373,0.3729754,0.014085833,null,null,null,null,"TWOGAUSSIANS",8,6.9454994,0.6589778,0.0022013134,0.4,0.0,0.36544368,0.015441399,0.17345795,0.0014711504,0.4,0.0,0.32427636,0.007726006
375316653866487564,5585646440654069504,0.61730945,2216.37883740682,2.970600339038448,4.166976E-6,18.7525,0.005091414,0.22084938,0.0014186024,0.08736712,0.0027097405,0.44749197,0.0076537626,0.72177494,6.661479E-4,0.08344164,0.0013663241,0.44727027,0.0059875227,null,null,null,null,"TWOGAUSSIANS",8,0.85776925,0.22084938,0.0014186024,0.4,0.0,0.43535808,0.0083756475,0.72177494,6.661479E-4,0.4,0.0,0.4351364,0.005450969
375316653866487564,5585648639677349632,0.53614503,2216.3455054914434,3.0014684956222766,1.1600406E-5,19.1319,0.018896542,0.2581306,0.004497272,0.08936627,0.01023558,0.44412506,0.035358254,0.7584185,0.00426473,0.08637885,0.0061454014,0.4235827,0.021997074,null,null,null,null,"TWOGAUSSIANS",8,2.926054,0.2581306,0.004497272,0.4,0.0,0.42903405,0.040442634,0.7584185,0.00426473,0.4,0.0,0.40849182,0.01808077
375316653866487564,5585649365529961216,0.537943,2259.0653207979244,1.3448025356293831,1.3168625E-5,16.03241,0.0045213704,0.22821881,0.0045792595,0.033808816,0.006339309,0.2033796,0.059837785,0.72392386,0.0014755485,0.02293544,0.0054642344,0.15789346,0.061455354,0.030811245,0.0070112604,0.22821881,0.0045792595,"TWOGAUSSIANS_WITH_ELLIPSOIDAL_ON_ECLIPSE1",9,19.836067,0.22821881,0.0045792595,0.18932937,0.035500128,0.26500195,0.061316174,0.72399384,0.0014534561,0.12843847,0.030599713,0.21947166,0.069065094
375316653866487564,5585650671200007296,0.6514764,2225.5047228555904,2.3324884194020186,3.9985543E-6,17.568483,0.010311302,0.23678736,0.0010440332,0.07267611,0.0025151,0.54709476,0.010126949,0.738419,0.002885865,0.09583793,0.005003379,0.22046046,0.0108580375,null,null,null,null,"TWOGAUSSIANS",8,2.1570446,0.23678736,0.0010440332,0.4,0.0054324535,0.5395624,0.008702593,0.738419,0.002885865,0.4,0.0,0.2129276,0.008633478
375316653866487564,5585652075651449088,0.6191817,2242.567026610338,3.1276005672674922,5.338142E-6,17.081482,0.0069783772,0.21279395,0.0012774887,0.04857715,0.003518498,0.19942929,0.018318934,0.7044326,0.004485634,0.056474432,0.005982241,0.27849546,0.016656265,0.09768169,0.010603335,0.21279395,0.0012774887,"TWOGAUSSIANS_WITH_ELLIPSOIDAL_ON_ECLIPSE1",9,7.354626,0.7056826,0.0035284588,0.31625682,0.03350055,0.47339243,0.01175808,0.21279395,0.0012774887,0.27203202,0.01970359,0.39478424,0.009719286
375316653866487564,5585655305467258880,0.59561694,2223.724526325308,3.0097633910994666,1.0581714E-5,17.5321,0.013820053,0.24745719,0.003621181,0.09015648,0.0060721245,0.39264625,0.013004551,0.74718094,0.0033543832,0.099378295,0.0049978276,0.38110238,0.015838502,null,null,null,null,"TWOGAUSSIANS",8,6.0643034,0.24745719,0.003621181,0.4,0.0,0.36894977,0.00946488,0.74718094,0.0033543832,0.4,0.0,0.35740364,0.0101593565
375316653866487564,5585656920374782464,0.56572866,2223.054917209834,1.8257457253591227,3.2197808E-5,19.267815,0.008874145,0.4739792,0.0035029242,0.05400699,0.004429203,0.6915527,0.06735533,0.76051146,0.10220669,0.1020216,0.063409336,0.021470388,0.01208511,null,null,null,null,"TWOGAUSSIANS",8,1.8157568,0.4740292,0.0035126922,0.30243912,0.024803536,0.6919653,0.06787498,0.76051146,0.10220669,0.4,0.09874051,0.021467332,0.012091873
375316653866487564,5585659566075420800,0.55664665,2194.900753625716,0.6017836786095258,4.6644823E-6,18.00927,0.0014637288,0.14197724,0.0059456164,0.029172678,0.018629115,0.034551892,0.020730665,0.660864,0.002255824,0.036525764,0.0014137881,0.21427633,0.009911712,null,null,null,null,"TWOGAUSSIANS",8,1.0666697,0.660864,0.002255824,0.20454428,0.007917213,0.21427633,0.009911712,0.14197724,0.0059456164,0.16336699,0.104323044,0.034551892,0.020730665
375316653866487564,5585664758692938496,0.5638277,2229.753968075267,2.4477669509525537,1.210488E-5,17.681627,0.054619476,0.26797485,0.0026895318,0.107728556,0.016514942,0.20653023,0.052515812,0.76852626,0.003919206,0.12797154,0.02706531,0.1860517,0.053459167,null,null,null,null,"TWOGAUSSIANS",8,1.2827535,0.26797485,0.0026866284,0.4,0.0,0.16603942,0.005371349,0.76852626,0.003931409,0.4,0.0,0.14538933,0.0057476102
375316653866487564,5585666579759068032,0.5795184,2219.387259250206,3.2193402452748705,1.0579715E-5,16.143547,0.006025976,0.21474048,0.008321136,0.07609659,0.0068463986,0.33381766,0.024842363,0.7008398,0.00269611,0.07984635,0.0043122126,0.37454677,0.016262636,null,null,null,null,"TWOGAUSSIANS",8,31.052162,0.7008398,0.00269611,0.4,0.0,0.37144372,0.01683884,0.21474048,0.008321136,0.4,0.010432459,0.33071458,0.025486967
375316653866487564,5585667816709946368,0.55291855,2183.2838541270244,0.24658115984490933,8.649938E-5,15.34874,0.0022985148,0.30281007,0.060383454,0.022343213,0.030772174,0.20049189,0.5277637,0.78841203,0.018554443,0.030189246,0.013436121,0.015288995,0.008100695,null,null,null,null,"TWOGAUSSIANS",8,20.405724,0.30281007,0.060383454,0.12512198,0.17232417,0.20049189,0.5277637,0.78841203,0.018554443,0.16905977,0.07524228,0.015288995,0.008100695
