Gaia/vari_eclipsing_binary/VariEclipsingBinary_460665-460675.csv
# %ECSV 1.0
# ---
# delimiter: ','
# meta: !!omap
# - RELEASE: Gaia DR3
# - TABLE: vari_eclipsing_binary
# - DESCRIPTION: >
#     This table describes the properties of the eclipsing binaries resulting from the variability analysis. 
# - CITATION: >
#     How to cite and acknowledge Gaia: 
#     https://gea.esac.esa.int/archive/documentation/credits.html 
# - KNOWN_ISSUES: >
#     Known issues: 
#     https://www.cosmos.esa.int/web/gaia-users/known-issues 
# - DOCUMENTATION: >
#     Tutorials and documentation: 
#     https://www.cosmos.esa.int/web/gaia-users/archive 
# datatype:
# - 
#   name: solution_id
#   datatype: int64
#   description: Solution Identifier
#   meta:
#     ucd: meta.version
# - 
#   name: source_id
#   datatype: int64
#   description: Unique source identifier
#   meta:
#     ucd: meta.id;meta.main
# - 
#   name: global_ranking
#   datatype: float32
#   description: Number between 0 (worst) and 1 (best)
#   meta:
#     ucd: stat.param
# - 
#   name: reference_time
#   datatype: float64
#   unit: d
#   description: Reference time used for the geometric model fit
#   meta:
#     ucd: time.epoch
# - 
#   name: frequency
#   datatype: float64
#   unit: d**-1
#   description: Frequency of geometric model of the eclipsing binary light curve
#   meta:
#     ucd: src.orbital
# - 
#   name: frequency_error
#   datatype: float32
#   unit: d**-1
#   description: "Uncertainty of \\texttt{frequency}"
#   meta:
#     ucd: stat.error
# - 
#   name: geom_model_reference_level
#   datatype: float32
#   unit: mag
#   description: Magnitude reference level of geometric model
#   meta:
#     ucd: phot.mag;em.opt
# - 
#   name: geom_model_reference_level_error
#   datatype: float32
#   unit: mag
#   description: "Uncertainty of \\texttt{geomModelReferenceLevel}"
#   meta:
#     ucd: stat.error;phot.mag;em.opt
# - 
#   name: geom_model_gaussian1_phase
#   datatype: float32
#   description: Phase of the Gaussian 1 component
#   meta:
#     ucd: time.phase
# - 
#   name: geom_model_gaussian1_phase_error
#   datatype: float32
#   description: "Uncertainty of \\texttt{geomModelGaussian1Phase}"
#   meta:
#     ucd: stat.error;time.phase
# - 
#   name: geom_model_gaussian1_sigma
#   datatype: float32
#   description: "Standard deviation [phase] of Gaussian 1 component"
#   meta:
#     ucd: stat.stdev
# - 
#   name: geom_model_gaussian1_sigma_error
#   datatype: float32
#   description: "Uncertainty of \\texttt{geomModelGaussian1Sigma}"
#   meta:
#     ucd: stat.error
# - 
#   name: geom_model_gaussian1_depth
#   datatype: float32
#   unit: mag
#   description: Magnitude depth of Gaussian 1 component
#   meta:
#     ucd: src.var.amplitude
# - 
#   name: geom_model_gaussian1_depth_error
#   datatype: float32
#   unit: mag
#   description: "Uncertainty of \\texttt{geomModelGaussian1Depth}"
#   meta:
#     ucd: stat.error;src.var.amplitude
# - 
#   name: geom_model_gaussian2_phase
#   datatype: float32
#   description: Phase of Gaussian 2 component
#   meta:
#     ucd: time.phase
# - 
#   name: geom_model_gaussian2_phase_error
#   datatype: float32
#   description: "Uncertainty of \\texttt{geomModelGaussian2Phase}"
#   meta:
#     ucd: stat.error;time.phase
# - 
#   name: geom_model_gaussian2_sigma
#   datatype: float32
[...]
#   datatype: float32
#   description: "Secondary eclipse: uncertainty of \\texttt{derivedSecondaryEclDuration}"
#   meta:
#     ucd: stat.error;time.duration
# - 
#   name: derived_secondary_ecl_depth
#   datatype: float32
#   unit: mag
#   description: "Secondary eclipse: depth"
#   meta:
#     ucd: src.var.amplitude
# - 
#   name: derived_secondary_ecl_depth_error
#   datatype: float32
#   unit: mag
#   description: "Secondary eclipse: uncertainty of \\texttt{derivedSecondaryEclDepth}"
#   meta:
#     ucd: stat.error;src.var.amplitude
solution_id,source_id,global_ranking,reference_time,frequency,frequency_error,geom_model_reference_level,geom_model_reference_level_error,geom_model_gaussian1_phase,geom_model_gaussian1_phase_error,geom_model_gaussian1_sigma,geom_model_gaussian1_sigma_error,geom_model_gaussian1_depth,geom_model_gaussian1_depth_error,geom_model_gaussian2_phase,geom_model_gaussian2_phase_error,geom_model_gaussian2_sigma,geom_model_gaussian2_sigma_error,geom_model_gaussian2_depth,geom_model_gaussian2_depth_error,geom_model_cosine_half_period_amplitude,geom_model_cosine_half_period_amplitude_error,geom_model_cosine_half_period_phase,geom_model_cosine_half_period_phase_error,model_type,num_model_parameters,reduced_chi2,derived_primary_ecl_phase,derived_primary_ecl_phase_error,derived_primary_ecl_duration,derived_primary_ecl_duration_error,derived_primary_ecl_depth,derived_primary_ecl_depth_error,derived_secondary_ecl_phase,derived_secondary_ecl_phase_error,derived_secondary_ecl_duration,derived_secondary_ecl_duration_error,derived_secondary_ecl_depth,derived_secondary_ecl_depth_error
[from data line 981]
375316653866487564,4052135896748039040,0.581309,2150.3402270258603,1.0539174682729853,7.721636E-5,18.85792,0.017646221,0.06351629,0.026664408,0.11408602,0.05779771,0.024253083,0.017583676,0.70165884,0.003038054,0.048850756,0.0053233653,0.29750395,0.024234146,null,null,null,null,"TWOGAUSSIANS",8,0.8550608,0.70169884,0.0029952137,0.27356425,0.029810846,0.29762152,0.024782272,0.06351629,0.026664408,0.4,0.0,0.024212018,0.016372023
375316653866487564,4052135931107735680,0.5105724,2250.231808008422,0.8840522545916943,2.6886693E-5,17.568481,0.005547987,0.7002291,0.0029490693,0.034855966,0.003387639,0.3497721,0.0339449,null,null,null,null,null,null,null,null,null,null,"ONEGAUSSIAN",5,15.470635,0.7002291,0.0029490693,0.1951934,0.01897078,0.3497721,0.0,null,null,null,null,null,null
375316653866487564,4052135961187678592,0.5692539,2242.8821382911715,4.149670173328351,6.145428E-5,18.820412,0.008522571,0.48303607,0.009591871,0.039215304,0.0053826263,0.640873,0.09434757,0.80848134,0.00753843,0.04920764,0.007068532,0.45811287,0.061110012,null,null,null,null,"TWOGAUSSIANS",8,2.7344558,0.48303607,0.009591871,0.2196057,0.030142708,0.640873,0.09434757,0.80848134,0.00753843,0.27556276,0.03958378,0.45811287,0.061110012
375316653866487564,4052135995551692800,0.50769,2237.5751434326785,0.2894599182456672,2.8916018E-5,18.770998,0.018398756,0.10564857,0.0055764383,0.08677455,0.026077237,0.08887709,0.014336679,0.67498714,0.007284974,0.04696395,0.008659035,0.13832854,0.017609736,null,null,null,null,"TWOGAUSSIANS",8,1.6412208,0.67498714,0.0072832,0.26299813,0.0484906,0.13830607,0.01723326,0.10564857,0.0055764383,0.4,0.0,0.088854216,0.013956291
375316653866487564,4052136029958755840,0.4360416,2388.030807348875,1.788658759151583,4.1204723E-5,18.946785,0.015595767,0.44291097,0.0010776005,0.048599157,0.004479702,0.3323324,0.001556311,null,null,null,null,null,null,null,null,null,null,"ONEGAUSSIAN",5,6.847413,0.44291097,0.0010776005,0.27215528,0.025086332,0.3323324,0.0,null,null,null,null,null,null
375316653866487564,4052136068546839936,0.4141868,2267.6870755407235,0.5446283540040644,3.0783776E-5,19.024319,0.013870252,null,null,null,null,null,null,null,null,null,null,null,null,0.15302636,0.018203927,0.2728361,0.008552389,"ELLIPSOIDAL",4,6.933496,null,null,null,null,null,null,null,null,null,null,null,null
375316653866487564,4052136201709733632,0.484438,2293.927169200505,0.023943536911070915,2.5599536E-5,18.427736,0.07850288,0.22582954,0.014002668,0.08260033,0.017626638,0.2145217,0.06279326,0.6553417,0.018044207,0.1745864,0.05384397,0.26577568,0.06729217,null,null,null,null,"TWOGAUSSIANS",8,5.5600204,0.6553417,0.018044207,0.4,0.0,0.22596952,0.02498806,0.23130955,0.010141758,0.4,0.0,0.18931258,0.054408114
375316653866487564,4052136205985821312,0.4802033,2249.8273026931793,0.4696207369152688,2.1216237E-4,18.524717,0.014146006,0.1678426,0.016009428,0.04672665,0.017337408,0.12379679,0.025176179,0.7203379,0.027060326,0.107559614,0.041484855,0.12236606,0.015256951,null,null,null,null,"TWOGAUSSIANS",8,3.7662084,0.1678326,0.01599796,0.26166925,0.09708949,0.12344828,0.025345879,0.7203379,0.027060326,0.4,0.0089875655,0.12199599,0.014767138
375316653866487564,4052136236025147008,0.47305152,2345.3241126600196,1.3472189366236849,2.8033237E-5,17.857445,0.020619007,0.08787266,0.030712472,0.027269006,0.017813278,0.117539786,0.10580325,0.56168383,0.0070911823,0.08522264,0.017015398,0.4360898,0.11634633,null,null,null,null,"TWOGAUSSIANS",8,3.0593505,0.56168383,0.0070911823,0.4,0.0,0.43608,0.11645329,0.08787266,0.030712472,0.15270644,0.099754356,0.117530085,0.10580436
375316653866487564,4052136240347063296,0.52555317,2362.4058959340755,1.809376802870226,6.794682E-5,18.71656,0.015587564,0.21064547,0.0077555715,0.06393101,0.01501314,0.18779387,0.047655493,0.63425684,0.015092305,0.10625355,0.029520402,0.07729814,0.01700266,null,null,null,null,"TWOGAUSSIANS",8,1.0827379,0.21066546,0.007758302,0.35801366,0.07807638,0.18715975,0.047804147,0.63425684,0.015092305,0.4,0.0,0.076636635,0.015654407
375316653866487564,4052136373508776576,0.48420882,2217.806998887674,1.5658080453633132,1.8401867E-4,18.684032,0.0057448247,0.45976713,0.009462159,0.049183283,0.016093263,0.06118201,0.028162679,0.79512995,0.010696927,0.023221297,0.005931606,1.3322127,1.1125094,null,null,null,null,"TWOGAUSSIANS",8,0.79548454,0.79512995,0.010696927,0.13003926,0.033216994,1.3322127,1.1125094,0.45976713,0.009462159,0.2754264,0.090122275,0.06118201,0.028162679
375316653866487564,4052136373508776960,0.4758539,2381.564483939636,0.10346697506773281,3.510778E-5,18.772917,0.0279182,0.18082553,0.012323599,0.08575828,0.026122876,0.12686133,0.025839023,0.66214895,0.0064326613,0.06518041,0.020960264,0.33653343,0.40453666,null,null,null,null,"TWOGAUSSIANS",8,2.7729347,0.66214895,0.0064326613,0.3650103,0.10314826,0.3355065,0.4063499,0.18082553,0.012323599,0.4,0.0022613374,0.12583438,0.02181662
375316653866487564,4052136549584596864,0.46414623,2326.680726971633,0.5761609227874076,2.8720719E-5,17.838123,0.008254757,0.14393209,0.008818926,0.051304005,0.01598575,0.075036824,0.013825518,0.75861454,0.014731511,0.13221084,0.017310508,0.09002232,0.016906086,null,null,null,null,"TWOGAUSSIANS",8,2.942413,0.75861454,0.014731511,0.4,0.0,0.08944942,0.016873084,0.14292209,0.009082831,0.28730243,0.08952019,0.07576817,0.014460549
375316653866487564,4052136583894658048,0.48736858,2250.3126862031663,0.2651075965405808,6.448097E-5,18.765535,0.043070637,0.24166033,0.008216514,0.046471555,0.018017175,1.3042136,6.2641997,0.7071492,0.046558484,0.07255614,0.037109684,0.38580984,0.07990925,null,null,null,null,"TWOGAUSSIANS",8,10.969402,0.24166033,0.008216514,0.2602407,0.10089618,1.3041638,6.264276,0.7071492,0.046558484,0.4,0.18792064,0.38576004,0.079863004
375316653866487564,4052136614030049152,0.4906481,2315.8102557774832,0.17594011191709064,3.2393586E-5,17.836363,0.0032940675,0.25371313,0.008804456,0.083642095,0.020784238,0.07472637,0.008336539,0.9657689,0.0038866806,0.022966785,0.0053007873,0.04782642,0.029718902,null,null,null,null,"TWOGAUSSIANS",8,2.3732393,0.25371313,0.008804456,0.4,0.0,0.07472637,0.0083370665,0.9658589,0.0038708067,0.128614,0.029684408,0.048026312,0.029717628
375316653866487564,4052136648312413184,0.45171484,2379.5598459855782,4.507469262279355,2.0760126E-4,18.623049,0.011685265,0.18145725,0.028817864,0.045866374,0.03776601,0.031458523,0.013690693,0.45771018,0.0107297925,0.065225415,0.013883965,0.15933864,0.0362368,null,null,null,null,"TWOGAUSSIANS",8,4.3036575,0.45771018,0.0107297925,0.36526233,0.077750206,0.15933864,0.0362368,0.18154725,0.0287592,0.2568517,0.21148965,0.03147886,0.013755042
375316653866487564,4052136717109282432,0.46374756,2288.4222667122613,0.163466310769053,4.1053365E-5,18.67406,0.13489783,0.07416681,0.0040181805,0.06598247,0.018023137,0.20358643,0.08139465,0.5551972,0.009119685,0.18264735,0.08038953,0.27656066,0.11142506,null,null,null,null,"TWOGAUSSIANS",8,2.4162111,0.5551972,0.009119685,0.4,0.0,0.22514394,0.038928464,0.07525682,0.0031340541,0.36950183,0.09549173,0.16570118,0.03263498
375316653866487564,4052136751469388672,0.47129875,2337.8611603822164,1.5577263916021342,8.6791704E-5,18.715624,0.10648201,0.3986289,0.029366313,0.20030732,0.08393036,0.26366967,0.09745405,0.8184617,0.010893613,0.044540983,0.011067339,0.12838641,0.024215225,null,null,null,null,"TWOGAUSSIANS",8,3.1286745,0.3986289,0.029366313,0.4,0.0,0.23471837,0.037012152,0.8184617,0.010893613,0.2494295,0.0619771,0.13272682,0.017494928
375316653866487564,4052136790102971648,0.468244,2342.239093735478,2.438495361289189,2.6473555E-5,17.668741,0.013492665,null,null,null,null,null,null,null,null,null,null,null,null,0.15735279,0.021128282,0.22229815,0.008513785,"ELLIPSOIDAL",4,23.770596,null,null,null,null,null,null,null,null,null,null,null,null
375316653866487564,4052136893180722688,0.4548095,2307.5092738226076,0.06588476680664611,9.164774E-5,18.473412,0.087392926,0.40164712,0.01379935,0.1166575,0.029896438,0.31303114,0.08771086,0.80585235,0.017340895,0.09280129,0.055583764,0.15459107,0.066917606,null,null,null,null,"TWOGAUSSIANS",8,9.402696,0.40166712,0.013728166,0.4,0.0,0.30511054,0.07304252,0.80585235,0.017340895,0.4,0.13873443,0.1474332,0.053955235
375316653866487564,4052136927540473344,0.47321644,2300.8051708931644,2.3780435039337195,3.9040904E-5,18.457594,0.007193922,null,null,null,null,null,null,null,null,null,null,null,null,0.08797153,0.0083712945,0.19614433,0.008042727,"ELLIPSOIDAL",4,8.564374,null,null,null,null,null,null,null,null,null,null,null,null
375316653866487564,4052136957671797376,0.4733147,2332.8504085863633,4.02576877062647,3.5034645E-5,18.494856,0.0047493544,0.38681427,1.9813227E-4,0.033675462,0.0012395959,0.12461004,0.004236234,0.88238215,0.0037974108,0.03871927,0.0055218595,0.09035354,0.014586255,null,null,null,null,"TWOGAUSSIANS",8,2.0883543,0.38681427,1.9813227E-4,0.18858258,0.006941737,0.12461004,0.004236234,0.88238215,0.0037974108,0.21682791,0.030922413,0.09035354,0.014586255
375316653866487564,4052137064979452032,0.45468584,2298.073424955507,1.961438758583111,5.0280192E-5,18.567425,0.04765941,0.096077725,9.088907E-4,0.012128631,0.0040409085,0.53064764,3.7798846,0.4346204,0.017215012,0.20575015,0.06444268,0.13807967,0.04183759,null,null,null,null,"TWOGAUSSIANS",8,2.785375,0.09615772,9.348528E-4,0.067920335,0.022629088,0.55269474,3.779534,0.4346204,0.017215012,0.4,0.0,0.12366754,0.01690131
375316653866487564,4052137305497703552,0.4827125,2319.639497747938,0.06488127099713789,2.9847346E-5,18.620787,0.0050110146,0.34205145,0.011544349,0.024193985,0.012715744,0.06453941,0.038144775,0.63510555,0.009533522,0.044618197,0.011496128,0.30279276,0.07760738,null,null,null,null,"TWOGAUSSIANS",8,3.7810435,0.63510555,0.009533522,0.24986191,0.06437831,0.30279276,0.07760738,0.34205145,0.011544349,0.13548632,0.071208164,0.06453941,0.03814476
375316653866487564,4052137374217202944,0.47412768,2298.6981421468013,1.5767733695674682,4.912935E-5,17.061134,0.02499391,0.34118888,0.048102688,0.031195907,0.04020606,0.65069765,2.4944155,0.80229765,0.00894112,0.06971378,0.008721897,0.29043794,0.042084493,null,null,null,null,"TWOGAUSSIANS",8,68.90467,0.34118888,0.048102688,0.17469707,0.22515394,0.65069723,2.4944637,0.80229765,0.00894112,0.39039713,0.0317926,0.29043752,0.042088732
375316653866487564,4052137408576752768,0.5239796,2319.193877571866,2.464437560729929,2.072994E-5,18.212923,0.152951,0.30979452,0.006222601,0.12165715,0.028132316,0.4564672,0.14265145,0.804503,0.0072236485,0.120010026,0.028985279,0.4874835,0.14103295,null,null,null,null,"TWOGAUSSIANS",8,9.69384,0.804503,0.0072236485,0.4,0.0,0.38170525,0.040273212,0.30982453,0.00620182,0.4,0.0,0.3506584,0.028149523
375316653866487564,4052137438663303296,0.45681092,2370.3085460824577,2.0566289630911885,1.8964929E-4,17.464197,0.01322198,0.45125526,0.004008499,0.035347007,0.0088576265,0.28258744,0.17878057,0.7537131,0.041109674,0.062635764,0.050773606,0.20470847,0.08835445,null,null,null,null,"TWOGAUSSIANS",8,32.335606,0.45125526,0.0036803745,0.19794324,0.049602706,0.2825892,0.1783875,0.7537131,0.041109674,0.35076028,0.14989522,0.20470847,0.08835828
375316653866487564,4052137580376992256,0.54609007,2344.3764955030483,1.9062884369711277,1.5860125E-5,17.691387,0.0046447976,0.28389525,0.005879486,0.05541956,0.0035820052,0.15364572,0.012030319,0.7810197,0.0031317435,0.046578337,0.00220711,0.36571065,0.033356264,null,null,null,null,"TWOGAUSSIANS",8,2.8582869,0.7810197,0.0031317435,0.2608387,0.012359816,0.3657083,0.033356853,0.28389525,0.005879486,0.31034955,0.02005923,0.15364334,0.012029842
375316653866487564,4052137610462033024,0.4885541,2297.4457171722465,4.354933332109999,2.7962185E-5,17.985575,0.14406303,0.09938495,0.0059674047,0.04928246,0.006217374,0.18501343,0.056527153,0.54299384,0.010005006,0.24407335,0.05589771,0.40601483,0.13940609,null,null,null,null,"TWOGAUSSIANS",8,11.997355,0.54299384,0.010005006,0.4,0.0,0.28672466,0.019552013,0.10358495,0.0069646873,0.27598178,0.034817297,0.17421415,0.056994166
375316653866487564,4052137747827688192,0.46981546,2343.7415230213437,3.6895279976324873,6.0582675E-5,18.376024,0.035605744,0.4546696,0.021329584,0.099170044,0.014627023,0.43315607,0.061822414,0.16108951,0.038503435,0.08935995,0.027969336,0.15281686,0.05660699,null,null,null,null,"TWOGAUSSIANS",8,3.0561328,0.4540796,0.02032176,0.4,0.0,0.43338802,0.063076824,0.17252952,0.04179177,0.4,0.0,0.1586706,0.056323044
375316653866487564,4052137747942100992,0.46059293,2262.100101005832,0.21850070810746514,6.140186E-5,18.525356,0.17104195,0.15421695,0.045868885,0.13140938,0.07259035,0.26313272,0.1648631,0.60434514,0.026457548,0.15011811,0.04734936,0.41010022,0.14192197,null,null,null,null,"TWOGAUSSIANS",8,7.128998,0.60434514,0.026457548,0.4,0.0,0.31253344,0.04372695,0.16018695,0.04389474,0.4,0.0,0.17009202,0.07147942
375316653866487564,4052137820895351424,0.6032201,2306.295293848542,2.179398213035221,8.4410485E-6,18.089327,0.028245414,0.3101088,0.002069646,0.09309843,0.0053446027,0.4677128,0.030382296,0.81885725,0.0032436368,0.09332099,0.008055929,0.49914324,0.027111059,null,null,null,null,"TWOGAUSSIANS",8,5.2273498,0.81885725,0.0032436368,0.4,0.0,0.47581542,0.015752258,0.3101088,0.002069646,0.4,0.0,0.44438502,0.02026746
375316653866487564,4052137820895391616,0.4862145,2340.835134472091,0.47579356783676546,6.279742E-5,18.665365,0.0047358614,0.090845585,6.981119E-5,0.00695789,5.298107E-4,0.03369245,0.0048299166,0.6299802,0.009154315,0.0772193,0.010222546,0.24461983,0.05116712,null,null,null,null,"TWOGAUSSIANS",8,1.6607442,0.6299802,0.009154315,0.4,0.0,0.24461983,0.051167123,0.090845585,6.981119E-5,0.038964186,0.00296694,0.033692453,0.004829944
375316653866487564,4052137820895422848,0.45773134,2326.985246927129,1.5682944517163253,1.17393756E-4,18.420181,0.03430884,0.13379899,0.030353714,0.1176269,0.042070698,0.092785425,0.036160544,0.6184197,0.020281784,0.06801656,0.03540805,0.12791017,0.03508915,null,null,null,null,"TWOGAUSSIANS",8,3.5288875,0.6184197,0.020296717,0.38089275,0.110466205,0.12371988,0.026614591,0.13379899,0.030353714,0.4,0.0,0.08856972,0.02602527
375316653866487564,4052137850983886080,0.5647547,2356.966440797526,4.409212384851824,2.848481E-5,18.396072,0.009128506,0.47083193,0.019952318,0.13100804,0.0146508105,0.3948764,0.022362195,0.733471,0.030647142,0.057673648,0.05066283,0.07851402,0.029623333,null,null,null,null,"TWOGAUSSIANS",8,4.4652095,0.4708419,0.019902106,0.4,0.0,0.39432114,0.02186608,0.733471,0.030647142,0.32297242,0.28371185,0.13089062,0.025766527
375316653866487564,4052137885343601536,0.531058,2281.1416927716505,2.600993596266054,2.8790477E-5,18.467604,0.4195168,0.2834164,0.01075211,0.14733006,0.13292126,0.30867228,0.37718552,0.7646162,0.008272631,0.10924626,0.03146803,0.39312017,0.2279927,null,null,null,null,"TWOGAUSSIANS",8,3.7047386,0.7646162,0.008272631,0.4,0.0,0.30858672,0.031746086,0.2834664,0.010548867,0.4,0.0,0.2220519,0.04782723
375316653866487564,4052137992693529472,0.47818604,2224.837820626329,0.9340712812949825,8.142709E-5,18.401031,0.009379699,0.16114742,0.011866506,0.07073223,0.023863913,0.06139803,0.014941103,0.6021536,5.2200246E-4,0.017473029,0.0010507087,0.37567326,0.004291564,null,null,null,null,"TWOGAUSSIANS",8,3.568884,0.6021536,5.2200246E-4,0.09784896,0.0058839684,0.37567326,0.004291382,0.16114742,0.011866506,0.3961005,0.052684925,0.06139803,0.014941086
