Gaia/vari_eclipsing_binary/VariEclipsingBinary_690771-690846.csv
# %ECSV 1.0
# ---
# delimiter: ','
# meta: !!omap
# - RELEASE: Gaia DR3
# - TABLE: vari_eclipsing_binary
# - DESCRIPTION: >
#     This table describes the properties of the eclipsing binaries resulting from the variability analysis. 
# - CITATION: >
#     How to cite and acknowledge Gaia: 
#     https://gea.esac.esa.int/archive/documentation/credits.html 
# - KNOWN_ISSUES: >
#     Known issues: 
#     https://www.cosmos.esa.int/web/gaia-users/known-issues 
# - DOCUMENTATION: >
#     Tutorials and documentation: 
#     https://www.cosmos.esa.int/web/gaia-users/archive 
# datatype:
# - 
#   name: solution_id
#   datatype: int64
#   description: Solution Identifier
#   meta:
#     ucd: meta.version
# - 
#   name: source_id
#   datatype: int64
#   description: Unique source identifier
#   meta:
#     ucd: meta.id;meta.main
# - 
#   name: global_ranking
#   datatype: float32
#   description: Number between 0 (worst) and 1 (best)
#   meta:
#     ucd: stat.param
# - 
#   name: reference_time
#   datatype: float64
#   unit: d
#   description: Reference time used for the geometric model fit
#   meta:
#     ucd: time.epoch
# - 
#   name: frequency
#   datatype: float64
#   unit: d**-1
#   description: Frequency of geometric model of the eclipsing binary light curve
#   meta:
#     ucd: src.orbital
# - 
#   name: frequency_error
#   datatype: float32
#   unit: d**-1
#   description: "Uncertainty of \\texttt{frequency}"
#   meta:
#     ucd: stat.error
# - 
#   name: geom_model_reference_level
#   datatype: float32
#   unit: mag
#   description: Magnitude reference level of geometric model
#   meta:
#     ucd: phot.mag;em.opt
# - 
#   name: geom_model_reference_level_error
#   datatype: float32
#   unit: mag
#   description: "Uncertainty of \\texttt{geomModelReferenceLevel}"
#   meta:
#     ucd: stat.error;phot.mag;em.opt
# - 
#   name: geom_model_gaussian1_phase
#   datatype: float32
#   description: Phase of the Gaussian 1 component
#   meta:
#     ucd: time.phase
# - 
#   name: geom_model_gaussian1_phase_error
#   datatype: float32
#   description: "Uncertainty of \\texttt{geomModelGaussian1Phase}"
#   meta:
#     ucd: stat.error;time.phase
# - 
#   name: geom_model_gaussian1_sigma
#   datatype: float32
#   description: "Standard deviation [phase] of Gaussian 1 component"
#   meta:
#     ucd: stat.stdev
# - 
#   name: geom_model_gaussian1_sigma_error
#   datatype: float32
#   description: "Uncertainty of \\texttt{geomModelGaussian1Sigma}"
#   meta:
#     ucd: stat.error
# - 
#   name: geom_model_gaussian1_depth
#   datatype: float32
#   unit: mag
#   description: Magnitude depth of Gaussian 1 component
#   meta:
#     ucd: src.var.amplitude
# - 
#   name: geom_model_gaussian1_depth_error
#   datatype: float32
#   unit: mag
#   description: "Uncertainty of \\texttt{geomModelGaussian1Depth}"
#   meta:
#     ucd: stat.error;src.var.amplitude
# - 
#   name: geom_model_gaussian2_phase
#   datatype: float32
#   description: Phase of Gaussian 2 component
#   meta:
#     ucd: time.phase
# - 
#   name: geom_model_gaussian2_phase_error
#   datatype: float32
#   description: "Uncertainty of \\texttt{geomModelGaussian2Phase}"
#   meta:
#     ucd: stat.error;time.phase
# - 
#   name: geom_model_gaussian2_sigma
#   datatype: float32
[...]
#   datatype: float32
#   description: "Secondary eclipse: uncertainty of \\texttt{derivedSecondaryEclDuration}"
#   meta:
#     ucd: stat.error;time.duration
# - 
#   name: derived_secondary_ecl_depth
#   datatype: float32
#   unit: mag
#   description: "Secondary eclipse: depth"
#   meta:
#     ucd: src.var.amplitude
# - 
#   name: derived_secondary_ecl_depth_error
#   datatype: float32
#   unit: mag
#   description: "Secondary eclipse: uncertainty of \\texttt{derivedSecondaryEclDepth}"
#   meta:
#     ucd: stat.error;src.var.amplitude
solution_id,source_id,global_ranking,reference_time,frequency,frequency_error,geom_model_reference_level,geom_model_reference_level_error,geom_model_gaussian1_phase,geom_model_gaussian1_phase_error,geom_model_gaussian1_sigma,geom_model_gaussian1_sigma_error,geom_model_gaussian1_depth,geom_model_gaussian1_depth_error,geom_model_gaussian2_phase,geom_model_gaussian2_phase_error,geom_model_gaussian2_sigma,geom_model_gaussian2_sigma_error,geom_model_gaussian2_depth,geom_model_gaussian2_depth_error,geom_model_cosine_half_period_amplitude,geom_model_cosine_half_period_amplitude_error,geom_model_cosine_half_period_phase,geom_model_cosine_half_period_phase_error,model_type,num_model_parameters,reduced_chi2,derived_primary_ecl_phase,derived_primary_ecl_phase_error,derived_primary_ecl_duration,derived_primary_ecl_duration_error,derived_primary_ecl_depth,derived_primary_ecl_depth_error,derived_secondary_ecl_phase,derived_secondary_ecl_phase_error,derived_secondary_ecl_duration,derived_secondary_ecl_duration_error,derived_secondary_ecl_depth,derived_secondary_ecl_depth_error
[from data line 539]
375316653866487564,6076696206302680832,0.45964932,2245.954282493816,3.2195166846291707,1.2213894E-5,19.67828,0.016348254,0.2924765,0.0029902726,0.061077494,0.00790593,0.5626851,0.13906248,0.79401445,0.0068528494,0.057186004,0.011546455,0.4034683,0.09223886,null,null,null,null,"TWOGAUSSIANS",8,3.459406,0.2924765,0.0029902726,0.34203395,0.044273213,0.56256604,0.13921756,0.79401445,0.0068528494,0.32024163,0.06466015,0.40334928,0.092472345
375316653866487564,6076696786113056256,0.6443461,2235.115310084147,0.31908013200234553,4.9986324E-6,18.364489,0.0015855948,0.0828806,0.005751283,0.015545876,0.0046332055,0.7124864,0.13379486,0.58549124,5.299147E-4,0.014187223,7.8347255E-4,0.8114222,0.06767673,null,null,null,null,"TWOGAUSSIANS",8,1.19016,0.58549124,5.299147E-4,0.079448454,0.004387446,0.8114222,0.06767673,0.0828806,0.005751283,0.087056905,0.02594595,0.7124864,0.13379486
375316653866487564,6076696820472807040,0.56701416,2254.2944082088106,1.1084858292064785,2.7791677E-6,18.001036,0.0015173794,0.2745407,0.004205673,0.03819053,0.0057343175,0.068955645,0.003465554,0.77481174,6.092999E-4,0.038694255,0.0023800568,0.3471522,0.031585857,null,null,null,null,"TWOGAUSSIANS",8,1.6260581,0.77481174,6.092999E-4,0.21668783,0.0133283185,0.3471522,0.031585857,0.2745407,0.004205673,0.21386696,0.032112177,0.068955645,0.0034655544
375316653866487564,6076697335868736512,0.6076011,2177.028099069765,3.0616592196611934,4.156917E-6,17.610235,0.0064793183,0.28406125,0.0016200125,0.05176121,0.0049899854,0.18050396,0.02127091,0.78623325,0.004054151,0.040514294,0.0057084677,0.1534701,0.016834304,0.10724263,0.012806491,0.28406125,0.0016200125,"TWOGAUSSIANS_WITH_ELLIPSOIDAL_ON_ECLIPSE1",9,6.9693685,0.28406125,0.0016200125,0.28986278,0.027943918,0.39498767,0.0170792,0.78623325,0.004054151,0.22688004,0.031967416,0.36791387,0.014544145
375316653866487564,6076697958647661568,0.569981,2203.431058674194,2.3283835488560403,8.222508E-6,18.209478,0.0060490607,0.30349648,0.0020713785,0.07928893,0.0039853756,0.17888953,0.006911869,0.79976445,0.0026293271,0.09139167,0.004060967,0.2793665,0.006511616,null,null,null,null,"TWOGAUSSIANS",8,1.8692807,0.79976445,0.0026293271,0.4,0.0,0.27355677,0.0052951737,0.30349648,0.0020713785,0.4,0.0,0.17308,0.006165274
375316653866487564,6076699436126711808,0.64607185,2218.884006624777,1.623745728082302,3.7180812E-6,15.335138,0.005050322,0.18932198,9.603527E-4,0.08025924,0.0018331816,0.34174603,0.0053247786,0.6907214,0.0019056301,0.08934342,0.00229257,0.30895948,0.0065726433,null,null,null,null,"TWOGAUSSIANS",8,18.509054,0.18932198,9.603527E-4,0.4,0.0,0.33356223,0.004714222,0.6907214,0.0019056301,0.4,0.0,0.3007756,0.006087907
375316653866487564,6076700909281889280,0.51698416,2231.6387869004934,3.859576228997608,1.6291146E-5,18.951477,0.008952268,0.22956182,0.0035233062,0.0834657,0.0086357165,0.2197163,0.015039149,0.7307768,0.004308797,0.08658531,0.0065026064,0.23785484,0.014852647,null,null,null,null,"TWOGAUSSIANS",8,2.3119333,0.7307768,0.004308797,0.4,0.0,0.23191273,0.014974317,0.22956182,0.0035233062,0.4,0.0,0.21377422,0.017121146
375316653866487564,6076700947955223680,0.6253498,2207.8520013809925,2.2000962638446047,3.263296E-6,16.33843,0.006531734,0.28344864,0.0011665352,0.049590115,0.004542898,0.18438092,0.014396511,0.7794665,0.00320826,0.05288202,0.0036670938,0.20699196,0.016227625,0.12796776,0.008242874,0.28344864,0.0011665352,"TWOGAUSSIANS_WITH_ELLIPSOIDAL_ON_ECLIPSE1",9,12.847028,0.78031653,0.002420853,0.2961393,0.020535724,0.46279722,0.008857765,0.28344864,0.0011665352,0.27770463,0.02544023,0.44031206,0.008670133
375316653866487564,6076701566430980096,0.54615223,2202.887897824358,2.194182152535985,1.0006297E-5,16.519943,0.014611324,0.2941803,0.002530348,0.0558225,0.007297189,0.24450737,0.026986081,0.7940782,0.0036586076,0.04593352,0.0072076665,0.106942765,0.033455063,0.049702395,0.017284,0.2941803,0.002530348,"TWOGAUSSIANS_WITH_ELLIPSOIDAL_ON_ECLIPSE1",9,19.001226,0.2941803,0.002530348,0.312606,0.04086426,0.34390137,0.0145146325,0.7940882,0.0034072404,0.2572277,0.04036293,0.20633674,0.008807506
375316653866487564,6076701974433617664,0.5326862,2195.2632457881477,3.146889775152187,1.5962012E-5,19.341923,0.011171422,0.28609315,0.005609671,0.076645635,0.0057642534,0.55697864,0.039361585,0.7965707,0.0028375105,0.07634947,0.003780862,0.48076275,0.012426105,null,null,null,null,"TWOGAUSSIANS",8,2.8834093,0.28609315,0.005609671,0.4,0.0,0.5530209,0.039710656,0.7965707,0.0028375105,0.4,0.0,0.476805,0.011448208
375316653866487564,6076702837731050368,0.5198187,2223.6444581350684,2.5498484835469113,9.088918E-6,18.70739,0.013750134,0.24970408,0.0035917063,0.09033672,0.0061043724,0.27884886,0.014029133,0.74711394,0.0040104548,0.10010039,0.0087258145,0.28633225,0.0124825025,null,null,null,null,"TWOGAUSSIANS",8,3.0394654,0.74711394,0.0040104548,0.4,0.0,0.2689787,0.01042206,0.24970408,0.0035917063,0.4,0.0,0.26149738,0.010160803
375316653866487564,6076706681720204416,0.4918575,2214.120627030349,3.019315417807806,2.4392128E-5,18.251188,0.099317916,0.24810216,0.006459232,0.07303629,0.014248241,0.4490114,0.07496172,0.77825546,0.011901153,0.15539625,0.068103716,0.19691044,0.09462843,null,null,null,null,"TWOGAUSSIANS",8,19.347334,0.24778216,0.006186835,0.4,0.042753622,0.42087808,0.027571706,0.77825546,0.011901153,0.4,0.0,0.1661505,0.03061159
375316653866487564,6076706995269317120,0.5819685,2203.2593228484247,3.4743250684252858,7.877298E-6,19.134884,0.005436215,0.25596118,0.0022959847,0.034450144,0.0061791786,0.15132813,0.01724655,0.7548958,0.0031059887,0.04805763,0.0037618936,0.22891814,0.016487053,0.109709196,0.007686359,0.25596118,0.0022959847,"TWOGAUSSIANS_WITH_ELLIPSOIDAL_ON_ECLIPSE1",9,1.520788,0.75505584,0.002687589,0.26912275,0.021066604,0.44832787,0.01339446,0.25596118,0.0022959847,0.1929208,0.034603402,0.37074623,0.0113843065
375316653866487564,6076707437634955776,0.5501762,2222.534960426855,2.779696865250698,1.3155097E-5,18.959978,0.006375889,0.24563502,0.0025499961,0.08532759,0.0029932358,0.35811606,0.009317101,0.74405324,0.0024332418,0.08606515,0.0028584588,0.37019363,0.009594706,null,null,null,null,"TWOGAUSSIANS",8,1.887664,0.74405324,0.0024332418,0.4,0.0,0.3601345,0.009025128,0.24563502,0.0025499961,0.4,0.0,0.34805697,0.008421882
375316653866487564,6076708129140715648,0.5373927,2202.055735163013,3.5244157292136205,1.0183471E-5,17.069515,0.0122436965,0.22383054,0.004918565,0.086491264,0.005397888,0.3538111,0.016986359,0.736251,0.0032429185,0.09050156,0.0069641424,0.318468,0.014946365,null,null,null,null,"TWOGAUSSIANS",8,27.983585,0.22383054,0.004918565,0.4,0.0,0.34367034,0.014890832,0.736251,0.0032429185,0.4,0.0,0.30832714,0.015390733
375316653866487564,6076717848635401216,0.41505066,2173.7989625739046,0.2360516872181716,5.728396E-5,16.351809,0.0031484372,0.32006928,0.018902894,0.056435328,0.024273459,0.015861446,0.008198214,0.62126905,0.010001074,0.062596045,0.0095093725,0.069897674,0.021659799,0.0032133944,0.004348048,0.32006928,0.018902894,"TWOGAUSSIANS_WITH_ELLIPSOIDAL_ON_ECLIPSE1",9,6.5170712,0.622659,0.009092739,0.35053784,0.05325249,0.07055612,0.021695307,0.3200793,0.018913738,0.31603783,0.13593137,0.02228802,0.003495747
375316653866487564,6076719227326208768,0.520004,2217.3315340297836,3.5696958883317813,8.850926E-6,18.567205,0.008688434,0.24826717,0.002076516,0.08695699,0.0042088614,0.27859226,0.010811465,0.75504535,0.005610712,0.08561334,0.006677372,0.22594205,0.011125362,null,null,null,null,"TWOGAUSSIANS",8,3.645058,0.24826717,0.002076516,0.4,0.0,0.2718632,0.01042256,0.75504535,0.005610712,0.4,0.0,0.21921298,0.009995116
375316653866487564,6076719261685954304,0.6019499,2181.797520647779,2.9863904041001943,3.862432E-6,18.935259,0.0137061635,0.20469424,0.0010933785,0.04566115,0.0026704546,0.48159122,0.028021462,0.7015815,0.0023673098,0.054092754,0.0029012447,0.508305,0.030180266,0.108109176,0.016361276,0.20469424,0.0010933785,"TWOGAUSSIANS_WITH_ELLIPSOIDAL_ON_ECLIPSE1",9,2.2799287,0.7018615,0.002153814,0.30291942,0.01624697,0.7244386,0.010433924,0.20469424,0.0010933785,0.25570244,0.0149545465,0.6978001,0.010962444
375316653866487564,6076720563054721664,0.58895487,2189.6101456346078,3.5765303440929617,5.916931E-6,18.950338,0.011696064,0.22332136,0.0011921482,0.049064275,0.0035610716,0.35454047,0.028476808,0.72477865,0.004244898,0.053522523,0.0057036844,0.29142708,0.025005545,0.10850784,0.014201572,0.22332136,0.0011921482,"TWOGAUSSIANS_WITH_ELLIPSOIDAL_ON_ECLIPSE1",9,1.9331633,0.22332136,0.0011921482,0.27475992,0.019942,0.57155037,0.020999568,0.72477865,0.004071034,0.29972613,0.031940635,0.5084188,0.010617815
375316653866487564,6076722938188034944,0.55577135,2202.296347028202,2.811082680261628,4.0157524E-6,19.724583,0.006337643,0.27725258,0.003013893,0.03790948,0.002509321,0.65054375,0.04062849,0.78050345,0.0019735496,0.037781596,0.0022017297,0.6670908,0.042979185,null,null,null,null,"TWOGAUSSIANS",8,2.5906603,0.78050345,0.0019735496,0.21157694,0.012329686,0.6670908,0.042979185,0.27725258,0.003013893,0.2122931,0.014052198,0.65054375,0.040628493
375316653866487564,6076723556653966592,0.4809074,2213.9648504997913,3.0915610186980373,1.838755E-5,18.72765,0.002250972,null,null,null,null,null,null,null,null,null,null,null,null,0.0772257,0.0034256112,0.18612315,0.0032028523,"ELLIPSOIDAL",4,2.6485298,null,null,null,null,null,null,null,null,null,null,null,null
375316653866487564,6076726855198264960,0.57965976,2185.3801731888198,2.600796923202163,6.54093E-6,17.899187,0.01607053,0.16999893,0.0018747606,0.057283577,0.008708037,0.1706671,0.035836663,0.66937727,0.005100637,0.04877713,0.009182952,0.18901436,0.033872426,0.12190103,0.020108255,0.16999893,0.0018747606,"TWOGAUSSIANS_WITH_ELLIPSOIDAL_ON_ECLIPSE1",9,6.2728167,0.66949725,0.0043650987,0.27315193,0.051424533,0.4328006,0.014272064,0.16999893,0.0018747606,0.32078803,0.04876501,0.41445634,0.009408968
375316653866487564,6076728298307930240,0.6584612,2207.9514786626632,0.5966090639075556,1.3236531E-6,15.423946,0.0018437462,0.31433007,0.0010083177,0.03088311,0.0019287021,0.15630668,0.008682031,0.8135903,2.755297E-4,0.02819449,3.1825813E-4,0.6014288,0.004958603,0.015491514,0.0027135983,0.31433007,0.0010083177,"TWOGAUSSIANS_WITH_ELLIPSOIDAL_ON_ECLIPSE1",9,17.455627,0.8135903,2.755297E-4,0.15788916,0.0017822455,0.6324111,0.0034783653,0.31433007,0.0010083177,0.17294541,0.010800732,0.18728964,0.008310335
375316653866487564,6076728607538327936,0.52205706,2186.0559069974233,3.857402324383892,1.0866507E-5,18.766142,0.020628836,0.26959372,0.004714939,0.09910145,0.0101476265,0.22387905,0.01910302,0.79448086,0.0032018253,0.10390683,0.0098656295,0.22996452,0.018729448,null,null,null,null,"TWOGAUSSIANS",8,1.7415842,0.79448086,0.0032039979,0.4,0.0,0.21392545,0.010117671,0.26958373,0.0047156094,0.4,0.0,0.20784481,0.010970245
375316653866487564,6076728676265062144,0.44112876,2175.732623302744,0.9625554345005471,3.977754E-5,16.591097,0.003489044,0.32741028,0.014447171,0.016610712,0.0062210066,0.21073309,0.33354723,0.8112754,0.003095142,0.013533872,0.0023452984,0.43031853,0.18478073,null,null,null,null,"TWOGAUSSIANS",8,60.539574,0.8112754,0.003095142,0.07578968,0.013133671,0.43031853,0.18478073,0.32741028,0.014447171,0.093019985,0.034837637,0.21073309,0.33354723
375316653866487564,6076728912476154496,0.59769875,2170.7411351082687,3.8954286357386083,6.612987E-6,18.752739,0.012131934,0.27818143,0.0019768164,0.044501435,0.0038678006,0.95722175,0.04236953,0.77846825,0.004976271,0.037888963,0.0062207934,0.21975875,0.028949764,0.12262448,0.015948497,0.27818143,0.0019768164,"TWOGAUSSIANS_WITH_ELLIPSOIDAL_ON_ECLIPSE1",9,5.2428913,0.27818143,0.0019768164,0.24920803,0.021659683,1.2024703,0.048579924,0.77846825,0.004799977,0.21217819,0.03483644,0.46500656,0.011059203
375316653866487564,6076729878855933824,0.46532047,2164.772743157051,0.6574352509007848,8.812178E-6,15.23394,0.0014362357,0.31975824,5.874698E-4,0.016642878,0.0010859529,0.19760418,0.026083838,null,null,null,null,null,null,0.0113794515,0.0020200922,0.31975824,5.874698E-4,"ONEGAUSSIAN_WITH_ELLIPSOIDAL",6,27.271355,0.31975824,5.874698E-4,0.09320012,0.0060813357,0.22036305,0.026751453,null,null,null,null,null,null
375316653866487564,6076730394252023296,0.59598917,2191.3668228496067,2.4361450483530316,2.9314238E-6,15.309014,0.008299859,0.25603026,0.0013407822,0.051939297,0.0034444898,0.3385653,0.018218815,0.76185495,0.0010946143,0.051854204,0.0032906532,0.35787317,0.021250555,0.09214467,0.011666973,0.76185495,0.0010946143,"TWOGAUSSIANS_WITH_ELLIPSOIDAL_ON_ECLIPSE2",9,57.372593,0.76185495,0.0010946143,0.29038355,0.018427659,0.54215664,0.020411348,0.25663027,0.0011539987,0.29086006,0.019289143,0.52262765,0.012234271
375316653866487564,6076730905338157184,0.5350185,2186.5453341129423,2.975919791755668,7.878241E-6,19.21663,0.0083452575,0.30561805,0.0020984977,0.073094115,0.0026094506,0.4496466,0.015009043,0.80389535,0.0023459345,0.07228263,0.0032593831,0.5072822,0.03532363,null,null,null,null,"TWOGAUSSIANS",8,2.8673596,0.80389535,0.0023459345,0.4,0.0,0.5048077,0.03566546,0.30561805,0.0020984977,0.4,0.0,0.44717208,0.015023847
375316653866487564,6076731455093994752,0.51207274,2189.7795464689725,3.762560945039248,1.231809E-5,18.334335,0.01574686,0.29925618,0.0039688013,0.08837762,0.008382819,0.32756513,0.022569308,0.7759956,0.0034838703,0.08011313,0.007266132,0.31532195,0.014390875,null,null,null,null,"TWOGAUSSIANS",8,11.145338,0.29925618,0.0039688013,0.4,0.0,0.32239327,0.022688746,0.7759956,0.0034838703,0.4,0.0,0.31015027,0.012648801
375316653866487564,6076731867411099392,0.49711064,2184.3521219467493,0.23803615588505367,8.284291E-5,16.998682,0.0010758032,0.26395482,0.0040401267,0.013333984,0.0027504188,0.118418865,0.005613284,0.70382136,0.016628232,0.062139567,0.01261536,0.011598572,0.003389962,null,null,null,null,"TWOGAUSSIANS",8,1.6372124,0.26395482,0.0040401267,0.07467031,0.015402345,0.118418865,0.005613284,0.70382136,0.016628232,0.34798157,0.07064602,0.011598572,0.003389962
375316653866487564,6076732863843252992,0.5139079,2179.9413358037177,0.13166160406596142,1.1764501E-5,19.161596,0.0023482551,0.13452782,4.397981E-4,0.0055009527,6.044427E-4,2.7885566,2.1774442,0.73311704,0.031555854,0.047997225,0.025330795,0.021034377,0.007508914,null,null,null,null,"TWOGAUSSIANS",8,1.3576208,0.13452782,4.397981E-4,0.030805336,0.0033848793,2.7885566,2.1774442,0.73311704,0.031555854,0.26878446,0.14185245,0.021034377,0.007508914
375316653866487564,6076733379239435520,0.5973599,2176.566157505871,3.0840544693677434,8.628826E-6,19.035786,0.013690241,0.23375696,0.0024593193,0.043303944,0.0047167926,0.5962313,0.03033719,0.73846537,0.0030170532,0.04532429,0.00612034,0.43562672,0.029966751,0.124589585,0.016767278,0.23375696,0.0024593193,"TWOGAUSSIANS_WITH_ELLIPSOIDAL_ON_ECLIPSE1",9,3.9553952,0.23375696,0.0024593193,0.2425021,0.026414039,0.84540975,0.017116752,0.73846537,0.0030170532,0.253816,0.034273904,0.6845871,0.032079335
375316653866487564,6076737914725408768,0.5475427,2215.789044754646,0.9744712696222843,7.684915E-6,18.435965,0.0055549336,0.31073207,0.0059728,0.019273689,0.0035514878,0.86018175,0.04965007,0.8098046,9.844404E-4,0.018636765,0.0012455431,0.6001089,0.054385632,null,null,null,null,"TWOGAUSSIANS",8,11.418621,0.31073207,0.0059728,0.10793266,0.019888332,0.86018175,0.04965007,0.8098046,9.844404E-4,0.10436588,0.0069750412,0.6001089,0.054385632
375316653866487564,6076738159553079680,0.4310337,2171.761123410337,4.827555268678116,1.23156815E-5,16.832083,0.0030737515,0.21690625,4.2063507E-4,0.011627116,7.6295837E-4,0.23214689,0.057685174,0.8023553,0.02644845,0.05713631,0.037635043,0.041593112,0.037798952,null,null,null,null,"TWOGAUSSIANS",8,7.74031,0.21690625,4.2063507E-4,0.06511185,0.004272567,0.23214689,0.057685174,0.8023553,0.02644845,0.3199633,0.21075624,0.041593112,0.037798952
