Gaia/vari_eclipsing_binary/VariEclipsingBinary_213478-214410.csv
# %ECSV 1.0
# ---
# delimiter: ','
# meta: !!omap
# - RELEASE: Gaia DR3
# - TABLE: vari_eclipsing_binary
# - DESCRIPTION: >
#     This table describes the properties of the eclipsing binaries resulting from the variability analysis. 
# - CITATION: >
#     How to cite and acknowledge Gaia: 
#     https://gea.esac.esa.int/archive/documentation/credits.html 
# - KNOWN_ISSUES: >
#     Known issues: 
#     https://www.cosmos.esa.int/web/gaia-users/known-issues 
# - DOCUMENTATION: >
#     Tutorials and documentation: 
#     https://www.cosmos.esa.int/web/gaia-users/archive 
# datatype:
# - 
#   name: solution_id
#   datatype: int64
#   description: Solution Identifier
#   meta:
#     ucd: meta.version
# - 
#   name: source_id
#   datatype: int64
#   description: Unique source identifier
#   meta:
#     ucd: meta.id;meta.main
# - 
#   name: global_ranking
#   datatype: float32
#   description: Number between 0 (worst) and 1 (best)
#   meta:
#     ucd: stat.param
# - 
#   name: reference_time
#   datatype: float64
#   unit: d
#   description: Reference time used for the geometric model fit
#   meta:
#     ucd: time.epoch
# - 
#   name: frequency
#   datatype: float64
#   unit: d**-1
#   description: Frequency of geometric model of the eclipsing binary light curve
#   meta:
#     ucd: src.orbital
# - 
#   name: frequency_error
#   datatype: float32
#   unit: d**-1
#   description: "Uncertainty of \\texttt{frequency}"
#   meta:
#     ucd: stat.error
# - 
#   name: geom_model_reference_level
#   datatype: float32
#   unit: mag
#   description: Magnitude reference level of geometric model
#   meta:
#     ucd: phot.mag;em.opt
# - 
#   name: geom_model_reference_level_error
#   datatype: float32
#   unit: mag
#   description: "Uncertainty of \\texttt{geomModelReferenceLevel}"
#   meta:
#     ucd: stat.error;phot.mag;em.opt
# - 
#   name: geom_model_gaussian1_phase
#   datatype: float32
#   description: Phase of the Gaussian 1 component
#   meta:
#     ucd: time.phase
# - 
#   name: geom_model_gaussian1_phase_error
#   datatype: float32
#   description: "Uncertainty of \\texttt{geomModelGaussian1Phase}"
#   meta:
#     ucd: stat.error;time.phase
# - 
#   name: geom_model_gaussian1_sigma
#   datatype: float32
#   description: "Standard deviation [phase] of Gaussian 1 component"
#   meta:
#     ucd: stat.stdev
# - 
#   name: geom_model_gaussian1_sigma_error
#   datatype: float32
#   description: "Uncertainty of \\texttt{geomModelGaussian1Sigma}"
#   meta:
#     ucd: stat.error
# - 
#   name: geom_model_gaussian1_depth
#   datatype: float32
#   unit: mag
#   description: Magnitude depth of Gaussian 1 component
#   meta:
#     ucd: src.var.amplitude
# - 
#   name: geom_model_gaussian1_depth_error
#   datatype: float32
#   unit: mag
#   description: "Uncertainty of \\texttt{geomModelGaussian1Depth}"
#   meta:
#     ucd: stat.error;src.var.amplitude
# - 
#   name: geom_model_gaussian2_phase
#   datatype: float32
#   description: Phase of Gaussian 2 component
#   meta:
#     ucd: time.phase
# - 
#   name: geom_model_gaussian2_phase_error
#   datatype: float32
#   description: "Uncertainty of \\texttt{geomModelGaussian2Phase}"
#   meta:
#     ucd: stat.error;time.phase
# - 
#   name: geom_model_gaussian2_sigma
#   datatype: float32
[...]
#   datatype: float32
#   description: "Secondary eclipse: uncertainty of \\texttt{derivedSecondaryEclDuration}"
#   meta:
#     ucd: stat.error;time.duration
# - 
#   name: derived_secondary_ecl_depth
#   datatype: float32
#   unit: mag
#   description: "Secondary eclipse: depth"
#   meta:
#     ucd: src.var.amplitude
# - 
#   name: derived_secondary_ecl_depth_error
#   datatype: float32
#   unit: mag
#   description: "Secondary eclipse: uncertainty of \\texttt{derivedSecondaryEclDepth}"
#   meta:
#     ucd: stat.error;src.var.amplitude
solution_id,source_id,global_ranking,reference_time,frequency,frequency_error,geom_model_reference_level,geom_model_reference_level_error,geom_model_gaussian1_phase,geom_model_gaussian1_phase_error,geom_model_gaussian1_sigma,geom_model_gaussian1_sigma_error,geom_model_gaussian1_depth,geom_model_gaussian1_depth_error,geom_model_gaussian2_phase,geom_model_gaussian2_phase_error,geom_model_gaussian2_sigma,geom_model_gaussian2_sigma_error,geom_model_gaussian2_depth,geom_model_gaussian2_depth_error,geom_model_cosine_half_period_amplitude,geom_model_cosine_half_period_amplitude_error,geom_model_cosine_half_period_phase,geom_model_cosine_half_period_phase_error,model_type,num_model_parameters,reduced_chi2,derived_primary_ecl_phase,derived_primary_ecl_phase_error,derived_primary_ecl_duration,derived_primary_ecl_duration_error,derived_primary_ecl_depth,derived_primary_ecl_depth_error,derived_secondary_ecl_phase,derived_secondary_ecl_phase_error,derived_secondary_ecl_duration,derived_secondary_ecl_duration_error,derived_secondary_ecl_depth,derived_secondary_ecl_depth_error
[from data line 324]
375316653866487564,1883801281986050304,0.4174945,1942.0495327826159,2.3098676504628095,1.504885E-4,17.763187,0.006373421,0.11279865,0.020673243,0.011850686,0.0098104635,0.09131438,0.10148182,0.7800777,0.026932346,0.053918894,0.019969607,0.1975586,0.12024661,null,null,null,null,"TWOGAUSSIANS",8,12.154315,0.7800777,0.026932346,0.3019458,0.111829795,0.1975586,0.12024661,0.11279865,0.020673243,0.06636384,0.054938596,0.09131438,0.10148182
375316653866487564,1883817495484182016,0.45352292,1959.8833006280927,3.2575819054954516,4.2491436E-5,19.096182,0.005949888,null,null,null,null,null,null,null,null,null,null,null,null,0.09241952,0.007622063,0.26004383,0.008047797,"ELLIPSOIDAL",4,5.5884857,null,null,null,null,null,null,null,null,null,null,null,null
375316653866487564,1883822378865581440,0.56986004,1966.7707292431746,1.2699061222498367,8.67046E-6,14.614353,0.012151493,0.2700641,0.0017305044,0.122353144,0.009003513,0.1291253,0.0115264235,0.7737543,0.0018788403,0.11184076,0.0069997534,0.14909083,0.011886707,null,null,null,null,"TWOGAUSSIANS",8,10.259876,0.7737743,0.0018802325,0.4,0.0,0.12185224,0.0020286588,0.27005407,0.0017305044,0.4,0.0,0.10183899,0.002267239
375316653866487564,1883867355762722816,0.5069986,2001.6664159441382,0.02094531330827803,4.6640175E-6,16.133995,0.0013004409,0.13983311,9.827435E-6,6.5151893E-4,1.3751057E-5,0.24253266,0.015023369,0.733525,0.0023734441,0.006866011,0.0023203883,0.017617572,0.0026250202,null,null,null,null,"TWOGAUSSIANS",8,9.162803,0.13983311,9.827435E-6,0.003648506,7.700592E-5,0.24253266,0.015023369,0.733525,0.0023734441,0.03844966,0.012994175,0.017617572,0.0026250202
375316653866487564,1883871337194765440,0.44248268,1962.3507254373828,0.06222431652501882,8.595062E-5,18.317837,0.0052865515,null,null,null,null,null,null,null,null,null,null,null,null,0.08105155,0.0043697325,0.12789866,0.010293407,"ELLIPSOIDAL",4,11.4818735,null,null,null,null,null,null,null,null,null,null,null,null
375316653866487564,1883871921310381952,0.50316596,1971.3540544669556,3.070269473637124,1.4487222E-5,18.760742,0.003619765,0.21565218,0.0025897233,0.05111806,0.0025409511,0.2792002,0.015964346,0.70074433,0.008973838,0.093084276,0.009682475,0.10861401,0.011992893,null,null,null,null,"TWOGAUSSIANS",8,2.2526827,0.21565218,0.0025897233,0.28626114,0.0142293265,0.2787159,0.016000144,0.70074433,0.008973838,0.4,0.0,0.108129546,0.012176632
375316653866487564,1883872853320918144,0.45135912,1967.7442958483532,1.831944102587079,5.2278905E-5,17.380737,0.019195465,0.22798677,0.028657466,0.09389642,0.03526612,0.10102575,0.021860443,0.745062,0.004322523,0.08520341,0.009996258,0.18331538,0.016995568,null,null,null,null,"TWOGAUSSIANS",8,29.632736,0.745062,0.004322523,0.4,0.0,0.17919847,0.011082208,0.22798677,0.028657466,0.4,0.04040392,0.09690866,0.020430436
375316653866487564,1883900787788298496,0.48496702,1950.9179915295417,0.5257867686031521,2.9005683E-5,12.869513,6.2550796E-4,0.246989,0.004149354,0.035937976,0.01046515,0.021606788,0.0018773115,null,null,null,null,null,null,0.009957322,8.04501E-4,0.246989,0.004149354,"ONEGAUSSIAN_WITH_ELLIPSOIDAL",6,17.93118,0.246989,0.004149354,0.20125265,0.058604836,0.04152143,0.002082896,null,null,null,null,null,null
375316653866487564,1883932978564934912,0.53262377,2083.5035225094243,2.8301212854416855,3.1170945E-5,17.770517,0.01416099,0.1741875,0.00593739,0.03383071,0.011744772,0.10670215,0.034173235,0.66906095,0.009905584,0.041847497,0.009913896,0.4047168,0.038858403,0.024016466,0.019937072,0.1741875,0.00593739,"TWOGAUSSIANS_WITH_ELLIPSOIDAL_ON_ECLIPSE1",9,19.636559,0.66914093,0.009817287,0.23434597,0.055517823,0.4527006,0.015680965,0.1741875,0.00593739,0.18945198,0.06577072,0.15473495,0.013161784
375316653866487564,1883942947186130816,0.4818387,2078.212072499794,2.816123657374813,5.563102E-6,10.130713,0.031948555,0.2252375,0.0031101974,0.17807052,0.013366174,0.5482842,0.10822978,0.72751313,0.003533321,0.27103746,0.02579003,0.83591306,0.032633696,null,null,null,null,"TWOGAUSSIANS",8,151.59224,0.72914314,0.0033906165,0.4,0.0,0.09394209,0.0030709596,0.2221375,0.002878868,0.4,0.0,0.08815608,0.0027981012
375316653866487564,1883960397637312000,0.44998854,2046.3905070095961,1.5455326000213676,4.6620484E-5,19.062439,0.007927707,0.20215449,0.010081005,0.065296166,0.02654845,0.02959533,0.02482164,0.6047021,0.047710795,0.03933048,0.027183566,0.103637286,0.56547606,0.063607365,0.009391374,0.20215449,0.010081005,"TWOGAUSSIANS_WITH_ELLIPSOIDAL_ON_ECLIPSE1",9,5.133014,0.6156821,0.058228347,0.22025068,0.15222797,0.19287091,0.5570224,0.20215449,0.010081005,0.36565852,0.12691696,0.15679067,0.01928611
375316653866487564,1883966105649877888,0.5214219,2063.1114232222803,2.4251231506815873,1.9624204E-5,13.8977,0.04103059,0.2683155,0.008756555,0.108142026,0.01811829,0.4327055,0.055470932,0.7788199,0.0071302466,0.092389144,0.0138823595,0.44787338,0.036089964,null,null,null,null,"TWOGAUSSIANS",8,1172.1416,0.77882993,0.0071371286,0.4,0.0,0.41360888,0.024220234,0.2683155,0.008756555,0.4,0.0,0.3984198,0.06412655
375316653866487564,1883975687721008640,0.431783,2002.2024360862135,1.1516123297697398,9.863253E-5,18.740572,0.07400798,0.40261012,0.020591045,0.2280404,0.10259774,0.12013173,0.06954941,0.8809043,0.024101902,0.040452655,0.015521222,0.025032135,0.015179387,null,null,null,null,"TWOGAUSSIANS",8,3.9222844,0.40261012,0.020591045,0.4,0.0,0.09264409,0.010469948,0.8809043,0.024101902,0.22653487,0.08691884,0.019617762,0.0115138525
375316653866487564,1883989916949041664,0.41019344,2097.9072877838616,0.13760663461357023,5.765379E-5,11.599963,0.0021494,0.31185156,0.054954484,0.058218002,0.041966423,0.013150626,0.00483925,0.67689145,0.020375272,0.11861886,0.023701068,0.016866516,0.0029509536,null,null,null,null,"TWOGAUSSIANS",8,22.257622,0.67689145,0.020375272,0.4,0.0,0.016820045,0.0028767406,0.31286156,0.055756055,0.3260208,0.2309781,0.013254203,0.004917446
375316653866487564,1884011799805066368,0.50348806,2091.7670223072178,0.03586868730324003,1.9655035E-5,18.188509,0.007153954,0.14349295,0.009694575,0.077024266,0.007321546,0.19225857,0.02270088,0.63882494,0.009702031,0.09081614,0.011552846,0.1732227,0.012594968,null,null,null,null,"TWOGAUSSIANS",8,2.6614854,0.14349295,0.009694575,0.4,0.0,0.18832102,0.02236517,0.63882494,0.009702031,0.4,0.0,0.16928506,0.012548704
375316653866487564,1884016472729535232,0.5359675,2056.2849300581306,4.333166487720541,2.4237515E-5,19.240578,0.032519843,0.2693291,0.022435693,0.078351445,0.019315943,0.40029418,0.052064113,0.7643685,0.004153163,0.08150305,0.008049615,0.36454144,0.032524098,null,null,null,null,"TWOGAUSSIANS",8,2.4253953,0.2693291,0.022435693,0.4,0.0021180096,0.39509785,0.04590802,0.7643685,0.004153163,0.4,0.0,0.3593451,0.027982615
375316653866487564,1884030805037290368,0.62599516,2030.0715216152505,2.494735013452427,2.6907826E-5,16.90816,0.013862656,0.22526553,0.004495,0.050628632,0.00985397,0.06806233,0.031963993,0.7164338,0.0031963475,0.060653012,0.005480568,0.58781743,0.035016157,0.07800162,0.015006277,0.22526553,0.004495,"TWOGAUSSIANS_WITH_ELLIPSOIDAL_ON_ECLIPSE1",9,26.043322,0.7170638,0.0029188988,0.33965686,0.03069118,0.7433095,0.027832434,0.22526553,0.004495,0.28352034,0.055182237,0.22399999,0.0109470235
375316653866487564,1884052142434787072,0.6527626,1990.129588190546,4.103643215700354,4.7248473E-6,16.03462,0.0029417688,0.22469215,0.0014039685,0.046742365,0.0032647182,0.115208685,0.008697342,0.72201693,9.742392E-4,0.047820788,0.0017791254,0.15380993,0.0058100377,0.06071362,0.0033467202,0.22469215,0.0014039685,"TWOGAUSSIANS_WITH_ELLIPSOIDAL_ON_ECLIPSE1",9,4.2974157,0.72234696,7.833013E-4,0.26779643,0.009963103,0.2752066,0.0023815648,0.22469215,0.0014039685,0.26175725,0.018282423,0.23663539,0.0074944077
375316653866487564,1884069253583217408,0.46136767,1967.3237473983545,1.009195947357346,1.004945E-5,14.15585,0.0033002251,0.20313123,0.005548343,0.019166725,0.0049272836,0.082779124,0.075874336,0.70376027,9.7655697E-4,0.03517439,0.0013421807,0.76830757,0.061699968,0.010436896,0.0045761853,0.70376027,9.7655697E-4,"TWOGAUSSIANS_WITH_ELLIPSOIDAL_ON_ECLIPSE2",9,32.33356,0.70376027,9.7655697E-4,0.19697659,0.007516212,0.78918135,0.06292409,0.20313123,0.0055161803,0.10733366,0.027592788,0.10365256,0.07538139
375316653866487564,1884086708332413312,0.45972556,1946.9399979577026,0.025060702109141235,4.2298732E-5,13.097169,0.024561025,0.19945246,0.0069308975,0.10552285,0.036580294,0.031819362,0.02119195,0.7066994,0.0050330996,0.14818396,0.071275085,0.032579027,0.023568949,null,null,null,null,"TWOGAUSSIANS",8,4.9176235,0.7067094,0.0050143944,0.4,0.0,0.02399346,0.0032202376,0.19918245,0.006869014,0.4,0.0,0.023455383,0.0019533772
375316653866487564,1884087429886916480,0.6326735,1984.5060150284946,2.756300706216932,5.6905346E-6,15.353443,0.006518136,0.26966637,0.0012417807,0.047768835,0.002696641,0.21315095,0.015661092,0.7657073,0.0022028282,0.051291056,0.0033343993,0.3240424,0.020788932,0.1039403,0.007867323,0.26966637,0.0012417807,"TWOGAUSSIANS_WITH_ELLIPSOIDAL_ON_ECLIPSE1",9,49.396553,0.7661773,0.0019077277,0.28722993,0.018672636,0.53180677,0.020457122,0.26966637,0.0012417807,0.26750547,0.01510119,0.4210288,0.007833537
375316653866487564,1884092377689264384,0.5627345,1963.7012598426168,3.0365334795363106,8.88319E-6,13.841965,0.015903765,0.19115707,0.0026528935,0.05718761,0.0068365675,0.2392936,0.032004744,0.7023732,0.0014805166,0.05994979,0.007852728,0.14967814,0.03525619,0.04951454,0.020761156,0.7023732,0.0014805166,"TWOGAUSSIANS_WITH_ELLIPSOIDAL_ON_ECLIPSE2",9,263.39343,0.19223706,0.0023149624,0.3202506,0.03828478,0.33784664,0.0169096,0.7023732,0.0014805166,0.33571884,0.04397527,0.24867499,0.008594207
375316653866487564,1884110210393456384,0.5345075,1991.8568266543289,1.164826714767007,9.034475E-6,14.499757,0.0018535975,0.22937003,0.002400956,0.03101064,0.0037228737,0.04700966,0.0042290636,0.72963816,0.0013042546,0.034434065,0.001541792,0.20343527,0.006960201,0.012347325,0.0027728144,0.22937003,0.002400956,"TWOGAUSSIANS_WITH_ELLIPSOIDAL_ON_ECLIPSE1",9,23.953957,0.72963816,0.0012990646,0.19283076,0.0086340355,0.22812983,0.0070023076,0.22937003,0.002400956,0.1736596,0.020848094,0.0717043,0.002996718
375316653866487564,1884116360786727296,0.5462362,2017.5233724737936,2.6358122342673513,1.4796984E-5,13.338127,0.0070886356,0.25143123,0.0119871665,0.026570892,0.03000018,0.056815725,0.589731,0.7553859,0.0033514798,0.017469928,0.01814729,0.021321528,0.019435111,0.116480246,0.0102429,0.7553859,0.0033514798,"TWOGAUSSIANS_WITH_ELLIPSOIDAL_ON_ECLIPSE2",9,392.1528,0.25217122,0.009626259,0.148797,0.16800101,0.28965902,0.5912863,0.7553859,0.0033514798,0.0978316,0.101624824,0.25428188,0.011025898
375316653866487564,1884120479657372032,0.45319825,1996.3178593138755,1.3412910672881586,7.920885E-5,18.07671,0.056204673,0.46897832,0.046114553,0.2098776,0.23380221,0.036633056,0.051374175,0.90976995,0.0015918463,0.011688797,0.0026602857,0.35353002,0.0651673,null,null,null,null,"TWOGAUSSIANS",8,14.665298,0.90976995,0.0015918463,0.06545726,0.0148976,0.3543285,0.06507949,0.46897832,0.046114553,0.4,0.0,0.03234292,0.010323252
375316653866487564,1884124091727556224,0.5795093,1990.9018151198702,0.22330878185898367,8.754509E-6,14.537789,8.5347635E-4,0.25763655,4.5974524E-4,0.009237069,7.033768E-4,0.26547396,0.005777126,null,null,null,null,null,null,null,null,null,null,"ONEGAUSSIAN",5,37.066216,0.25763655,4.5974524E-4,0.051727585,0.00393891,0.26547396,0.0,null,null,null,null,null,null
375316653866487564,1884134434008885248,0.6787219,1972.4548817012828,2.700839248737371,1.3906945E-6,15.216098,0.003951079,0.29937083,0.0011102069,0.054405533,0.0026899655,0.19223233,0.010061299,0.7961536,4.6623722E-4,0.053728804,0.001793237,0.21833262,0.0095285475,0.117065646,0.005810194,0.7961536,4.6623722E-4,"TWOGAUSSIANS_WITH_ELLIPSOIDAL_ON_ECLIPSE2",9,16.626137,0.7961536,4.6623722E-4,0.3008813,0.010042127,0.45245564,0.005140351,0.2986608,8.432664E-4,0.304671,0.015063807,0.4262809,0.0074124387
375316653866487564,1884135705319196928,0.58251804,1966.4200273335678,3.915355370025856,1.03472985E-5,14.834582,0.0058464776,0.21224368,0.0017525549,0.04536566,0.0047664857,0.14746253,0.013151979,0.72383535,0.0052429987,0.049645443,0.0064167734,0.11831198,0.021790436,0.09632258,0.008343772,0.21224368,0.0017525549,"TWOGAUSSIANS_WITH_ELLIPSOIDAL_ON_ECLIPSE1",9,95.891365,0.21224368,0.0017525549,0.2540477,0.026692318,0.34010717,0.007807257,0.72383535,0.0052429987,0.27801448,0.035933934,0.30993652,0.019787217
375316653866487564,1884161127229035904,0.57825595,2021.7949823318056,4.610762191987323,1.0357371E-5,17.924576,0.04516121,0.30647194,0.003378277,0.057520445,0.009769829,0.48534274,0.089943275,0.8027997,0.004729728,0.050150618,0.022094749,0.19166464,0.0828312,0.08508492,0.055085484,0.30647194,0.003378277,"TWOGAUSSIANS_WITH_ELLIPSOIDAL_ON_ECLIPSE1",9,15.364953,0.30647194,0.003378277,0.3221145,0.054711044,0.65547365,0.03781872,0.80334973,0.00397214,0.28084347,0.1237306,0.36171857,0.039254103
375316653866487564,1884172985635526016,0.6552745,1999.9973367756877,0.5079294574446368,1.4226332E-5,14.5715,0.0015015835,0.18735532,0.0040585576,0.013101555,0.0018537461,0.4993715,0.058535434,0.86007833,0.019969584,0.012915908,0.030778918,0.5924746,1.2746464,0.0017695108,0.0021743267,0.18735532,0.0040585576,"TWOGAUSSIANS_WITH_ELLIPSOIDAL_ON_ECLIPSE1",9,21.970818,0.86007833,0.019969584,0.07232908,0.17236194,0.5932454,1.2747859,0.18735532,0.0040585576,0.07336871,0.010380978,0.5029105,0.059099592
375316653866487564,1884189856267051392,0.54070914,2003.9549072727789,3.419310397588838,1.6873417E-5,14.226585,0.004155722,0.24945632,0.003876484,0.035838135,0.0043468727,0.059987895,0.008383333,0.7400146,0.0037829923,0.038121216,0.0044972654,0.11906108,0.016059633,0.081160955,0.0060534617,0.24945632,0.003876484,"TWOGAUSSIANS_WITH_ELLIPSOIDAL_ON_ECLIPSE1",9,290.96896,0.7412946,0.0028937089,0.21347882,0.025184687,0.2808894,0.016364284,0.24945632,0.003876484,0.20069356,0.024342488,0.22230978,0.0073026237
375316653866487564,1884197209250327808,0.5050729,1986.4209513747592,2.348941436563338,2.7962877E-5,19.337147,0.007511029,0.22415556,0.0026530146,0.049316876,0.0034638953,0.19273883,0.017632725,0.73693764,0.0067830365,0.052800518,0.00875091,0.40391105,0.097240776,null,null,null,null,"TWOGAUSSIANS",8,1.5448071,0.73693764,0.0067830365,0.29568288,0.0490051,0.40390915,0.0972479,0.22415556,0.0026530146,0.27617452,0.019397814,0.19273694,0.017631838
375316653866487564,1884311489740387840,0.5394111,2074.9910490821903,3.214656219112498,1.3562006E-5,14.291394,0.009538333,0.2305258,0.0039103297,0.09243647,0.008771753,0.14044626,0.0096717095,0.73585236,0.0042495066,0.10564789,0.006337898,0.13364115,0.009652025,null,null,null,null,"TWOGAUSSIANS",8,70.09203,0.2305258,0.0039109644,0.4,0.0,0.12991686,0.008000261,0.73585236,0.0042495066,0.4,0.0,0.123108126,0.004767031
375316653866487564,1884312108215677056,0.44692072,2063.7875634822485,0.9491806822315042,9.82901E-7,18.044882,0.002745993,0.7808869,5.7585476E-7,0.004103003,4.8526967E-5,0.37523714,0.0012824112,null,null,null,null,null,null,null,null,null,null,"ONEGAUSSIAN",5,6.1548934,0.7808869,5.7585476E-7,0.022976816,2.7175102E-4,0.37523714,0.0,null,null,null,null,null,null
