Gaia/vari_eclipsing_binary/VariEclipsingBinary_460151-460168.csv
# %ECSV 1.0
# ---
# delimiter: ','
# meta: !!omap
# - RELEASE: Gaia DR3
# - TABLE: vari_eclipsing_binary
# - DESCRIPTION: >
#     This table describes the properties of the eclipsing binaries resulting from the variability analysis. 
# - CITATION: >
#     How to cite and acknowledge Gaia: 
#     https://gea.esac.esa.int/archive/documentation/credits.html 
# - KNOWN_ISSUES: >
#     Known issues: 
#     https://www.cosmos.esa.int/web/gaia-users/known-issues 
# - DOCUMENTATION: >
#     Tutorials and documentation: 
#     https://www.cosmos.esa.int/web/gaia-users/archive 
# datatype:
# - 
#   name: solution_id
#   datatype: int64
#   description: Solution Identifier
#   meta:
#     ucd: meta.version
# - 
#   name: source_id
#   datatype: int64
#   description: Unique source identifier
#   meta:
#     ucd: meta.id;meta.main
# - 
#   name: global_ranking
#   datatype: float32
#   description: Number between 0 (worst) and 1 (best)
#   meta:
#     ucd: stat.param
# - 
#   name: reference_time
#   datatype: float64
#   unit: d
#   description: Reference time used for the geometric model fit
#   meta:
#     ucd: time.epoch
# - 
#   name: frequency
#   datatype: float64
#   unit: d**-1
#   description: Frequency of geometric model of the eclipsing binary light curve
#   meta:
#     ucd: src.orbital
# - 
#   name: frequency_error
#   datatype: float32
#   unit: d**-1
#   description: "Uncertainty of \\texttt{frequency}"
#   meta:
#     ucd: stat.error
# - 
#   name: geom_model_reference_level
#   datatype: float32
#   unit: mag
#   description: Magnitude reference level of geometric model
#   meta:
#     ucd: phot.mag;em.opt
# - 
#   name: geom_model_reference_level_error
#   datatype: float32
#   unit: mag
#   description: "Uncertainty of \\texttt{geomModelReferenceLevel}"
#   meta:
#     ucd: stat.error;phot.mag;em.opt
# - 
#   name: geom_model_gaussian1_phase
#   datatype: float32
#   description: Phase of the Gaussian 1 component
#   meta:
#     ucd: time.phase
# - 
#   name: geom_model_gaussian1_phase_error
#   datatype: float32
#   description: "Uncertainty of \\texttt{geomModelGaussian1Phase}"
#   meta:
#     ucd: stat.error;time.phase
# - 
#   name: geom_model_gaussian1_sigma
#   datatype: float32
#   description: "Standard deviation [phase] of Gaussian 1 component"
#   meta:
#     ucd: stat.stdev
# - 
#   name: geom_model_gaussian1_sigma_error
#   datatype: float32
#   description: "Uncertainty of \\texttt{geomModelGaussian1Sigma}"
#   meta:
#     ucd: stat.error
# - 
#   name: geom_model_gaussian1_depth
#   datatype: float32
#   unit: mag
#   description: Magnitude depth of Gaussian 1 component
#   meta:
#     ucd: src.var.amplitude
# - 
#   name: geom_model_gaussian1_depth_error
#   datatype: float32
#   unit: mag
#   description: "Uncertainty of \\texttt{geomModelGaussian1Depth}"
#   meta:
#     ucd: stat.error;src.var.amplitude
# - 
#   name: geom_model_gaussian2_phase
#   datatype: float32
#   description: Phase of Gaussian 2 component
#   meta:
#     ucd: time.phase
# - 
#   name: geom_model_gaussian2_phase_error
#   datatype: float32
#   description: "Uncertainty of \\texttt{geomModelGaussian2Phase}"
#   meta:
#     ucd: stat.error;time.phase
# - 
#   name: geom_model_gaussian2_sigma
#   datatype: float32
[...]
#   datatype: float32
#   description: "Secondary eclipse: uncertainty of \\texttt{derivedSecondaryEclDuration}"
#   meta:
#     ucd: stat.error;time.duration
# - 
#   name: derived_secondary_ecl_depth
#   datatype: float32
#   unit: mag
#   description: "Secondary eclipse: depth"
#   meta:
#     ucd: src.var.amplitude
# - 
#   name: derived_secondary_ecl_depth_error
#   datatype: float32
#   unit: mag
#   description: "Secondary eclipse: uncertainty of \\texttt{derivedSecondaryEclDepth}"
#   meta:
#     ucd: stat.error;src.var.amplitude
solution_id,source_id,global_ranking,reference_time,frequency,frequency_error,geom_model_reference_level,geom_model_reference_level_error,geom_model_gaussian1_phase,geom_model_gaussian1_phase_error,geom_model_gaussian1_sigma,geom_model_gaussian1_sigma_error,geom_model_gaussian1_depth,geom_model_gaussian1_depth_error,geom_model_gaussian2_phase,geom_model_gaussian2_phase_error,geom_model_gaussian2_sigma,geom_model_gaussian2_sigma_error,geom_model_gaussian2_depth,geom_model_gaussian2_depth_error,geom_model_cosine_half_period_amplitude,geom_model_cosine_half_period_amplitude_error,geom_model_cosine_half_period_phase,geom_model_cosine_half_period_phase_error,model_type,num_model_parameters,reduced_chi2,derived_primary_ecl_phase,derived_primary_ecl_phase_error,derived_primary_ecl_duration,derived_primary_ecl_duration_error,derived_primary_ecl_depth,derived_primary_ecl_depth_error,derived_secondary_ecl_phase,derived_secondary_ecl_phase_error,derived_secondary_ecl_duration,derived_secondary_ecl_duration_error,derived_secondary_ecl_depth,derived_secondary_ecl_depth_error
[from data line 491]
375316653866487564,4047653011697156608,0.44716606,2250.762075327926,1.7815765388599385,3.4002333E-5,16.371536,0.007929224,0.4149676,0.019335708,0.16987604,0.04485143,0.054145534,0.0080456305,0.82453924,0.0052401316,0.03836061,0.0059709297,0.091324076,0.012990336,null,null,null,null,"TWOGAUSSIANS",8,16.76263,0.82453924,0.0052401316,0.21481942,0.033437204,0.092419766,0.013307239,0.4149676,0.019335708,0.4,0.0,0.052152224,0.009941661
375316653866487564,4047653119089117952,0.44420722,2250.1169268936123,3.9747423051704875,3.8768638E-5,19.172499,0.10726651,0.1117356,0.02382131,0.27474377,0.1468022,0.20549434,0.079549566,0.4412787,0.0044316486,0.055954464,0.014563572,0.77592134,0.3827725,null,null,null,null,"TWOGAUSSIANS",8,4.838679,0.4412787,0.0044316486,0.31334502,0.08126413,0.80567616,0.3898962,0.1117356,0.02377549,0.4,0.0,0.12523977,0.0298829
375316653866487564,4047653462686682240,0.46225607,2211.3889208803803,0.07255103119235327,4.3606484E-5,18.463867,0.035358444,0.32940167,0.011692866,0.074365385,0.015113608,0.37868974,0.11622653,0.80821145,0.006555503,0.060291216,0.009312615,0.51408714,0.095458016,null,null,null,null,"TWOGAUSSIANS",8,17.910482,0.80821145,0.006555503,0.3376308,0.05215064,0.5136059,0.09572221,0.32940167,0.011692866,0.4,0.03850802,0.3782085,0.11648868
375316653866487564,4047653497114336768,0.59445035,2174.7711984853545,2.2899958562731153,3.3503355E-5,18.529545,0.027926685,0.27442995,0.004294659,0.04503933,0.010191369,0.35081536,0.047097694,0.7522462,0.047578607,0.052668754,0.03097722,0.46231675,0.14205672,0.13937736,0.024945557,0.27442995,0.004294659,"TWOGAUSSIANS_WITH_ELLIPSOIDAL_ON_ECLIPSE1",9,6.194614,0.75481623,0.045027364,0.294945,0.10494369,0.7363066,0.14270522,0.27442995,0.004294659,0.25222024,0.057071667,0.6295674,0.034602866
375316653866487564,4047653527121151104,0.557436,2158.0955196526597,1.5192236844686868,8.973518E-6,18.645824,0.007862793,0.2511166,9.900159E-4,0.03833686,0.0018610877,0.5205325,0.039515503,0.7619339,0.007839386,0.04763838,0.047546882,0.09153077,0.34151378,null,null,null,null,"TWOGAUSSIANS",8,2.1822271,0.2511166,9.900159E-4,0.21468641,0.010422091,0.5205325,0.03951551,0.7619339,0.007839386,0.26677492,0.26626253,0.09153076,0.34151378
375316653866487564,4047654665281356672,0.49026892,2243.9148769265685,3.8671173713695337,2.9027608E-5,19.74476,0.026879463,0.21033692,0.0063698255,0.08017074,0.007964976,0.42936113,0.03492225,0.6698646,0.015685935,0.09769631,0.02190435,0.35360608,0.10658977,null,null,null,null,"TWOGAUSSIANS",8,1.8102157,0.21033692,0.0063699493,0.4,0.0,0.42178977,0.032214627,0.6698646,0.015685935,0.4,0.0,0.34602907,0.11243288
375316653866487564,4047655176381010304,0.45811248,2260.2558613348383,0.341073206940548,8.433981E-5,18.879498,0.082438774,0.29947206,0.014824778,0.09978233,0.032772105,0.20813371,0.082422405,0.8486618,0.015211545,0.08161936,0.026268475,0.2621796,0.07970912,null,null,null,null,"TWOGAUSSIANS",8,5.475329,0.84867173,0.015178447,0.4,0.02170646,0.2575014,0.05367613,0.29947206,0.01483616,0.4,0.0,0.2034478,0.053275414
375316653866487564,4047655489917470464,0.45768553,2278.208157058214,0.427796244298888,3.885891E-5,19.404247,0.024274947,0.31124046,0.010878477,0.11666539,0.02592776,0.2002106,0.021248994,0.7050723,0.018446999,0.06201799,0.012886105,0.11549405,0.053181846,null,null,null,null,"TWOGAUSSIANS",8,2.181498,0.31124046,0.010878477,0.4,0.0,0.19921048,0.020625897,0.7050723,0.018446999,0.34730074,0.07216219,0.11516558,0.053002965
375316653866487564,4047655558635050496,0.58165705,2168.1417224423158,2.5557593601396413,1.3592472E-5,18.563124,0.013400209,0.31901386,0.0016692879,0.06959287,0.0031657165,0.512438,0.019374283,0.8230294,0.01074787,0.076891676,0.012802803,0.37975264,0.05202262,null,null,null,null,"TWOGAUSSIANS",8,3.4473825,0.31901386,0.0016692879,0.38972005,0.017728012,0.5100917,0.018449293,0.8230294,0.01074787,0.4,0.006184207,0.37740633,0.05476887
375316653866487564,4047655867872443776,0.47242713,2215.6800371763093,0.3594938087442396,3.7278707E-5,18.88277,0.1181124,0.2752602,0.0062726648,0.06824683,0.022627769,0.16136077,0.08950859,0.7827039,0.010056334,0.12894876,0.08047898,0.1341462,0.115299456,null,null,null,null,"TWOGAUSSIANS",8,1.6072428,0.27523023,0.0063350513,0.3821822,0.070659176,0.15169397,0.031022208,0.7827039,0.010056334,0.4,0.0,0.124330156,0.028895183
375316653866487564,4047656795584867328,0.5581112,2209.732455384078,2.331856961186427,4.553192E-5,18.597744,0.051252894,0.28122553,0.0038300322,0.08260364,0.008796993,0.49033487,0.050636787,0.7236889,0.032660432,0.08459477,0.0242428,0.6591792,1.1769733,null,null,null,null,"TWOGAUSSIANS",8,16.014736,0.7236889,0.032660432,0.4,0.0,0.65479785,1.1774397,0.28122553,0.0038290333,0.4,0.0,0.485954,0.037801713
375316653866487564,4047657139182152192,0.46835798,2257.39198184348,0.3016378920290636,1.1346233E-4,19.12421,0.037919153,0.30985627,0.008282721,0.08467276,0.02002903,0.24642582,0.08633058,0.78512925,0.016711691,0.07025843,0.029683074,0.18987454,0.07178086,null,null,null,null,"TWOGAUSSIANS",8,1.9536375,0.30985627,0.008282721,0.4,0.0,0.24501769,0.08504919,0.78512925,0.016711691,0.39344722,0.06194157,0.18846646,0.0720655
375316653866487564,4047657173542034560,0.52210635,2251.0389184067058,2.504355115789978,1.365217E-5,17.989435,0.08280471,0.3066907,0.004339007,0.13323312,0.036398835,0.22624154,0.07809812,0.8094601,0.0054851873,0.10291028,0.021687506,0.28211865,0.074045114,null,null,null,null,"TWOGAUSSIANS",8,5.815703,0.80949014,0.0056224037,0.4,0.0,0.23169208,0.016798586,0.3066907,0.004351761,0.4,0.0,0.1754224,0.013349159
375316653866487564,4047658238694557312,0.5093529,2224.1811426110357,0.32028258029053513,1.0690584E-5,18.863638,0.13378005,0.23405254,0.020860238,0.12987539,0.06494681,0.18831235,0.1149114,0.7095924,0.0064089037,0.114421144,0.037032362,0.24178228,0.114338554,null,null,null,null,"TWOGAUSSIANS",8,0.9464562,0.7095924,0.0064089037,0.4,0.0,0.20009375,0.02619725,0.23417254,0.020445572,0.4,0.0,0.14638823,0.03398578
375316653866487564,4047658513572767360,0.57783806,2171.848871764992,2.4426388168965034,2.613508E-5,18.525688,0.019181851,0.24891084,0.0036388892,0.06874532,0.009534964,0.53495157,0.06660689,0.74597985,0.00974269,0.07050591,0.006054662,0.5193495,0.051682208,null,null,null,null,"TWOGAUSSIANS",8,4.2577844,0.24891084,0.0036388892,0.3849738,0.03319374,0.5334018,0.06857922,0.74597985,0.00974269,0.39483312,0.023019793,0.51779974,0.050700173
375316653866487564,4047658578003000192,0.53424823,2149.5019252144,0.2692977796183253,1.1218834E-4,18.658072,0.042109873,0.15306772,0.028476609,0.13517685,0.09899942,0.07325647,0.03614513,0.58054,0.005581796,0.0954114,0.02054913,0.17567126,0.03868781,null,null,null,null,"TWOGAUSSIANS",8,0.94795734,0.58054,0.005581796,0.4,0.0,0.16698417,0.028562503,0.15315771,0.028549187,0.4,0.17297916,0.064074226,0.025709951
375316653866487564,4047658685371598336,0.55600715,2194.3894645365367,2.194454545765791,1.5653895E-5,18.157932,0.015007073,0.25775978,0.003204066,0.09347363,0.008055534,0.2806028,0.027154293,0.7786664,0.0052862545,0.065560624,0.009142239,0.3344031,0.030626679,null,null,null,null,"TWOGAUSSIANS",8,3.483859,0.7786664,0.0052862545,0.3671395,0.049241837,0.33163223,0.032446105,0.25775978,0.003204066,0.4,0.0,0.27783132,0.027322894
375316653866487564,4047658754091195648,0.540516,2230.9765929166933,0.34102563439841355,2.2234273E-5,18.019827,0.012392024,0.26326376,0.0030011905,0.06617619,0.005452706,0.334957,0.015667634,0.81456083,0.020176979,0.0724487,0.019796394,0.29468292,0.02059033,null,null,null,null,"TWOGAUSSIANS",8,3.5328157,0.26326376,0.0030011905,0.3705867,0.030535154,0.33472687,0.015517862,0.81456083,0.020176979,0.4,0.08734549,0.2944528,0.020455776
375316653866487564,4047658990291711488,0.62180763,2243.323994227199,1.2424532047527932,5.3632625E-6,16.108622,0.009548211,0.27782303,0.0067672124,0.09494178,0.008820756,0.2248913,0.012460805,0.78287214,0.0023403002,0.101280816,0.005055946,0.15183541,0.009774133,null,null,null,null,"TWOGAUSSIANS",8,4.3792305,0.27782303,0.0067672124,0.4,0.0,0.2115833,0.011520893,0.78287214,0.0023403002,0.4,0.0,0.13852625,0.004244192
375316653866487564,4047659613085068800,0.52382934,2165.060887384578,2.3603832184109406,2.067441E-5,19.365145,0.01462641,0.24062021,0.0039969934,0.07410351,0.013111739,0.20236559,0.024706827,0.73876846,0.006022265,0.08055013,0.0102895545,0.19494453,0.011859588,null,null,null,null,"TWOGAUSSIANS",8,0.50947744,0.24062021,0.0039969934,0.4,0.027736109,0.20031561,0.025758212,0.73876846,0.006022265,0.4,0.0,0.19289456,0.010216692
375316653866487564,4047659643154948352,0.4919271,2171.0574287166305,2.4637613942345573,2.4812945E-5,18.313334,0.39358148,0.127671,0.011184285,0.13651362,0.03069537,0.32787767,0.2469147,0.613971,0.022305496,0.1923123,0.13968839,0.30624822,0.37671646,null,null,null,null,"TWOGAUSSIANS",8,3.5150268,0.13078101,0.008456463,0.4,0.0,0.16802453,0.014979165,0.613971,0.022305496,0.4,0.0,0.1260159,0.021804422
375316653866487564,4047659918005731200,0.46742296,2220.9646511602505,0.13452952379256877,4.442425E-5,17.620035,0.041054975,0.16856547,0.0177729,0.07234877,0.016227907,0.36039588,0.060266074,0.72985107,0.0071735294,0.14495355,0.020552205,0.38440907,0.056185283,null,null,null,null,"TWOGAUSSIANS",8,6.755888,0.72985107,0.0071735294,0.4,0.0,0.3592786,0.057938285,0.16742545,0.017533554,0.4,0.08165406,0.33946398,0.06362207
375316653866487564,4047660575158566144,0.5190808,2188.224169099964,0.4318628015093966,3.858066E-5,18.778048,0.01618491,0.20082387,0.046889625,0.10205343,0.04403176,0.29832485,0.049260646,0.55031705,0.011739406,0.09750264,0.018196423,0.34241146,0.08669177,null,null,null,null,"TWOGAUSSIANS",8,5.18585,0.55031705,0.011739406,0.4,0.0,0.34011626,0.08870856,0.20155388,0.04746421,0.4,0.03828216,0.29574525,0.050216865
375316653866487564,4047660850035400320,0.5340954,2201.907331059083,0.425869657339866,1.7361832E-5,18.80738,0.0510035,0.37309012,0.0040938975,0.11463138,0.023180213,0.16919191,0.047429804,0.9349026,0.06766596,0.06336088,0.092670694,0.03904616,0.056270506,null,null,null,null,"TWOGAUSSIANS",8,0.8112383,0.37309012,0.0040314216,0.4,0.0,0.1678836,0.010276344,0.9352926,0.06804881,0.35482094,0.11644116,0.03785322,0.012040722
375316653866487564,4047661124913622272,0.5968742,2236.8755678628386,2.5889469544096153,1.23446125E-5,18.657825,0.006089469,0.3285246,0.018888667,0.060071614,0.015259723,0.6025261,0.06402711,0.82737947,0.002409158,0.07138302,0.0031108276,0.5878795,0.01685667,null,null,null,null,"TWOGAUSSIANS",8,2.2639086,0.3285246,0.018888667,0.33640102,0.0789658,0.60169894,0.064207144,0.82737947,0.002409158,0.39974493,0.009438261,0.5870523,0.016815728
375316653866487564,4047661227992786176,0.5194958,2197.2020215211337,3.0054015878326026,4.3385135E-5,19.039837,0.061662003,0.29380333,0.017543908,0.10420756,0.02162672,0.40186214,0.061615605,0.8059429,0.012653849,0.10095469,0.023663547,0.4012924,0.055697385,null,null,null,null,"TWOGAUSSIANS",8,6.098047,0.29380333,0.017545229,0.4,0.0,0.36625144,0.03368202,0.80595285,0.012648626,0.4,0.0,0.36568654,0.02206466
375316653866487564,4047661365431363840,0.462936,2220.5832824994063,0.341061831106178,3.5477162E-5,19.424356,0.020497266,0.38835666,0.04026283,0.05201453,0.021306438,0.25879735,0.074817054,0.8386298,0.018649595,0.07867845,0.015996283,0.20995621,0.03654873,null,null,null,null,"TWOGAUSSIANS",8,5.070677,0.38835666,0.04026283,0.29128137,0.11931606,0.2587332,0.07593478,0.8386298,0.018649595,0.4,0.025085323,0.20989203,0.036262613
375316653866487564,4047661468510529408,0.45769206,2230.551139685405,0.3411954623485553,1.559278E-5,19.52195,0.016919876,0.11405504,0.010183855,0.039738618,0.012995441,0.2376875,0.031039244,0.6839353,0.02286974,0.10995941,0.022393217,0.25383794,0.039561667,null,null,null,null,"TWOGAUSSIANS",8,3.9933586,0.6839353,0.02286974,0.4,0.0,0.25352255,0.0400175,0.114025034,0.010169469,0.22253625,0.07277447,0.23749334,0.031033048
375316653866487564,4047661605949820288,0.5750232,2226.781474458722,2.894687246582621,2.7279646E-5,19.127142,0.053453643,0.23723538,0.013029295,0.1005155,0.038635742,0.25012448,0.05058251,0.7425271,0.009294987,0.086501084,0.014299254,0.42380968,0.05364122,null,null,null,null,"TWOGAUSSIANS",8,1.9153003,0.7425271,0.00929501,0.4,0.0,0.4074129,0.027867444,0.23723538,0.013029295,0.4,0.0,0.23372558,0.06829852
375316653866487564,4047661605949845376,0.51202655,2153.3486002520626,0.68219283195526,2.2571484E-4,19.337534,0.019046023,0.68228436,0.032339185,0.0938525,0.031778928,0.5981203,0.14104886,0.4521693,0.03279516,0.078735754,0.019902395,0.43942678,0.07791437,null,null,null,null,"TWOGAUSSIANS",8,6.3657417,0.6784844,0.030407261,0.4,0.0,0.60464114,0.13934763,0.4674293,0.036126968,0.4,0.013755344,0.47472814,0.041254148
375316653866487564,4047661807819659264,0.5373291,2192.1672726440947,3.5893794495274114,3.402599E-5,18.63983,0.019474553,0.26764902,0.0037474462,0.07686031,0.0074261227,0.26484972,0.018867826,0.7605084,0.013541299,0.08342787,0.027492007,0.28365397,0.07609635,null,null,null,null,"TWOGAUSSIANS",8,2.393171,0.7605084,0.013541299,0.4,0.0,0.27997738,0.08520966,0.26764902,0.0037474462,0.4,0.0,0.26117313,0.011790188
375316653866487564,4047661812108467584,0.5329527,2220.313815823771,0.3383430695196049,8.035788E-5,19.614517,0.028694548,0.24329296,0.027351137,0.042754754,0.028247492,0.30730373,0.06379059,0.6641702,0.011582377,0.0764762,0.01727024,0.29486454,0.03639287,null,null,null,null,"TWOGAUSSIANS",8,1.426018,0.24329296,0.027351137,0.23942661,0.15818596,0.3072995,0.062395677,0.6641702,0.011582377,0.4,0.0037139168,0.2948602,0.035508946
375316653866487564,4047662293208161152,0.51733345,2240.743720167513,0.47068522578123906,2.3437224E-5,15.339342,0.007928692,0.20305872,0.031654377,0.033920612,0.031515088,0.17231856,0.15509869,0.71937835,0.02269546,0.041248467,0.045805816,0.31474155,0.25259513,null,null,null,null,"TWOGAUSSIANS",8,32.613266,0.71937835,0.02269546,0.23099141,0.16363329,0.31474155,0.2526124,0.20305872,0.031654377,0.18995543,0.1764845,0.17231856,0.15509981
375316653866487564,4047662361864966016,0.6535807,2138.2516835205047,2.0463895059151658,1.1768311E-5,18.123951,0.010062406,0.2860835,0.011133,0.0722856,0.01300445,0.27203542,0.061441213,0.77365154,0.0027467199,0.0808036,0.00247497,0.62473583,0.012477776,null,null,null,null,"TWOGAUSSIANS",8,2.91146,0.77365154,0.0027467199,0.4,0.0,0.62164676,0.011133256,0.2860835,0.011133,0.4,0.015941279,0.26894635,0.0633234
375316653866487564,4047662877323743744,0.46780097,2191.026309994267,0.43516480531427604,7.336241E-5,18.676678,0.19383642,0.18246348,0.0073185284,0.15273535,0.049215358,0.4284103,0.19024082,0.6547876,0.03217002,0.11559591,0.027476937,0.41449106,0.17475404,null,null,null,null,"TWOGAUSSIANS",8,2.9878862,0.18262348,0.0070727197,0.4,0.0,0.30781692,0.06523952,0.6547876,0.03217002,0.4,0.0,0.29847464,0.052511577
375316653866487564,4047663255223144192,0.4285704,2235.932127855542,0.22257021966088336,2.8395854E-5,19.17643,0.14534551,0.25464574,2.5987803E-4,0.0064414265,7.197685E-4,0.28786528,0.037678197,0.55232656,0.09894196,0.14487244,0.18093386,0.16556919,0.08896849,null,null,null,null,"TWOGAUSSIANS",8,4.300618,0.25468576,2.53481E-4,0.036071986,0.0040307036,0.30706653,0.051151693,0.55232656,0.09894196,0.4,0.0,0.16471125,0.047609054
375316653866487564,4047663495743045120,0.54802823,2197.90943267683,3.2787944170811216,2.0842717E-5,18.640491,0.008265907,0.3263916,0.03851623,0.090448186,0.03626661,0.2404011,0.88668513,0.8068386,0.006014301,0.076988935,0.006568374,0.231629,0.011973723,null,null,null,null,"TWOGAUSSIANS",8,2.8636484,0.3263916,0.03851623,0.4,0.09689061,0.23657894,0.8904065,0.8068386,0.006014301,0.4,0.0,0.22780702,0.01154233
