Gaia/vari_eclipsing_binary/VariEclipsingBinary_477444-477512.csv
# %ECSV 1.0
# ---
# delimiter: ','
# meta: !!omap
# - RELEASE: Gaia DR3
# - TABLE: vari_eclipsing_binary
# - DESCRIPTION: >
#     This table describes the properties of the eclipsing binaries resulting from the variability analysis. 
# - CITATION: >
#     How to cite and acknowledge Gaia: 
#     https://gea.esac.esa.int/archive/documentation/credits.html 
# - KNOWN_ISSUES: >
#     Known issues: 
#     https://www.cosmos.esa.int/web/gaia-users/known-issues 
# - DOCUMENTATION: >
#     Tutorials and documentation: 
#     https://www.cosmos.esa.int/web/gaia-users/archive 
# datatype:
# - 
#   name: solution_id
#   datatype: int64
#   description: Solution Identifier
#   meta:
#     ucd: meta.version
# - 
#   name: source_id
#   datatype: int64
#   description: Unique source identifier
#   meta:
#     ucd: meta.id;meta.main
# - 
#   name: global_ranking
#   datatype: float32
#   description: Number between 0 (worst) and 1 (best)
#   meta:
#     ucd: stat.param
# - 
#   name: reference_time
#   datatype: float64
#   unit: d
#   description: Reference time used for the geometric model fit
#   meta:
#     ucd: time.epoch
# - 
#   name: frequency
#   datatype: float64
#   unit: d**-1
#   description: Frequency of geometric model of the eclipsing binary light curve
#   meta:
#     ucd: src.orbital
# - 
#   name: frequency_error
#   datatype: float32
#   unit: d**-1
#   description: "Uncertainty of \\texttt{frequency}"
#   meta:
#     ucd: stat.error
# - 
#   name: geom_model_reference_level
#   datatype: float32
#   unit: mag
#   description: Magnitude reference level of geometric model
#   meta:
#     ucd: phot.mag;em.opt
# - 
#   name: geom_model_reference_level_error
#   datatype: float32
#   unit: mag
#   description: "Uncertainty of \\texttt{geomModelReferenceLevel}"
#   meta:
#     ucd: stat.error;phot.mag;em.opt
# - 
#   name: geom_model_gaussian1_phase
#   datatype: float32
#   description: Phase of the Gaussian 1 component
#   meta:
#     ucd: time.phase
# - 
#   name: geom_model_gaussian1_phase_error
#   datatype: float32
#   description: "Uncertainty of \\texttt{geomModelGaussian1Phase}"
#   meta:
#     ucd: stat.error;time.phase
# - 
#   name: geom_model_gaussian1_sigma
#   datatype: float32
#   description: "Standard deviation [phase] of Gaussian 1 component"
#   meta:
#     ucd: stat.stdev
# - 
#   name: geom_model_gaussian1_sigma_error
#   datatype: float32
#   description: "Uncertainty of \\texttt{geomModelGaussian1Sigma}"
#   meta:
#     ucd: stat.error
# - 
#   name: geom_model_gaussian1_depth
#   datatype: float32
#   unit: mag
#   description: Magnitude depth of Gaussian 1 component
#   meta:
#     ucd: src.var.amplitude
# - 
#   name: geom_model_gaussian1_depth_error
#   datatype: float32
#   unit: mag
#   description: "Uncertainty of \\texttt{geomModelGaussian1Depth}"
#   meta:
#     ucd: stat.error;src.var.amplitude
# - 
#   name: geom_model_gaussian2_phase
#   datatype: float32
#   description: Phase of Gaussian 2 component
#   meta:
#     ucd: time.phase
# - 
#   name: geom_model_gaussian2_phase_error
#   datatype: float32
#   description: "Uncertainty of \\texttt{geomModelGaussian2Phase}"
#   meta:
#     ucd: stat.error;time.phase
# - 
#   name: geom_model_gaussian2_sigma
#   datatype: float32
[...]
#   datatype: float32
#   description: "Secondary eclipse: uncertainty of \\texttt{derivedSecondaryEclDuration}"
#   meta:
#     ucd: stat.error;time.duration
# - 
#   name: derived_secondary_ecl_depth
#   datatype: float32
#   unit: mag
#   description: "Secondary eclipse: depth"
#   meta:
#     ucd: src.var.amplitude
# - 
#   name: derived_secondary_ecl_depth_error
#   datatype: float32
#   unit: mag
#   description: "Secondary eclipse: uncertainty of \\texttt{derivedSecondaryEclDepth}"
#   meta:
#     ucd: stat.error;src.var.amplitude
solution_id,source_id,global_ranking,reference_time,frequency,frequency_error,geom_model_reference_level,geom_model_reference_level_error,geom_model_gaussian1_phase,geom_model_gaussian1_phase_error,geom_model_gaussian1_sigma,geom_model_gaussian1_sigma_error,geom_model_gaussian1_depth,geom_model_gaussian1_depth_error,geom_model_gaussian2_phase,geom_model_gaussian2_phase_error,geom_model_gaussian2_sigma,geom_model_gaussian2_sigma_error,geom_model_gaussian2_depth,geom_model_gaussian2_depth_error,geom_model_cosine_half_period_amplitude,geom_model_cosine_half_period_amplitude_error,geom_model_cosine_half_period_phase,geom_model_cosine_half_period_phase_error,model_type,num_model_parameters,reduced_chi2,derived_primary_ecl_phase,derived_primary_ecl_phase_error,derived_primary_ecl_duration,derived_primary_ecl_duration_error,derived_primary_ecl_depth,derived_primary_ecl_depth_error,derived_secondary_ecl_phase,derived_secondary_ecl_phase_error,derived_secondary_ecl_duration,derived_secondary_ecl_duration_error,derived_secondary_ecl_depth,derived_secondary_ecl_depth_error
[from data line 260]
375316653866487564,4199952521961813376,0.5284722,2266.0802689241455,3.173762650977775,3.0125138E-5,16.725323,0.009906065,0.35948253,0.0040662005,0.07078984,0.012111012,0.11997674,0.046229362,0.84758365,0.007242974,0.028718,0.016165502,2.4825697,133.35489,0.10044542,0.016465606,0.35948253,0.0040662005,"TWOGAUSSIANS_WITH_ELLIPSOIDAL_ON_ECLIPSE1",9,65.30024,0.8476437,0.0075823553,0.16082081,0.09052681,2.6821141,133.35387,0.35948253,0.0040662005,0.39642307,0.050070878,0.32063594,0.038424723
375316653866487564,4199952826888238848,0.6095215,2313.4143973203322,2.3171131547891752,1.2278163E-5,17.159668,0.010815285,0.31213403,0.0045474255,0.05666501,0.006906958,0.14353774,0.030116158,0.85908633,0.011862389,0.051363166,0.012952017,0.10738295,0.021399945,0.11905388,0.014721295,0.31213403,0.0045474255,"TWOGAUSSIANS_WITH_ELLIPSOIDAL_ON_ECLIPSE1",9,6.113742,0.31213403,0.0045474255,0.31732407,0.038678963,0.38163555,0.017241964,0.85908633,0.011862389,0.28763375,0.0725313,0.32535222,0.010518418
375316653866487564,4199953312238393856,0.52335167,2172.418536289276,0.20986061913113999,6.521245E-5,19.683495,0.044312812,0.31129518,0.016027853,0.08750192,0.017708955,0.811723,0.2678273,0.87219536,0.06251178,0.043335006,0.022008454,1.3060664,1.7499001,null,null,null,null,"TWOGAUSSIANS",8,7.073152,0.87219536,0.06251178,0.24267603,0.12324735,1.3058875,1.7342504,0.31129518,0.016027853,0.4,0.0,0.8115414,0.26894954
375316653866487564,4199956022343933952,0.53747,2201.5049327012393,0.30904299909728433,1.4407086E-4,14.211851,0.047764484,0.38657498,0.029494919,0.18550186,0.085002705,0.09212967,0.046433955,0.8223298,0.0070263585,0.03575116,0.0034111552,0.68673116,0.121618435,null,null,null,null,"TWOGAUSSIANS",8,225.25223,0.8223298,0.0070263585,0.2002065,0.01910247,0.6857789,0.12374558,0.38657498,0.029494919,0.4,0.0,0.084438585,0.011913391
375316653866487564,4199958019509311104,0.46743464,2260.894744986593,2.0517060230147117,6.8186586E-5,17.980997,0.017515566,0.31796876,0.043645572,0.08488741,0.038046196,0.09868906,0.0376012,0.80978554,0.007200076,0.08957077,0.031315118,0.09759863,0.012469575,null,null,null,null,"TWOGAUSSIANS",8,3.307913,0.31796876,0.043646112,0.4,0.07038394,0.09586966,0.036633004,0.80978554,0.007200076,0.4,0.0,0.0947792,0.016631126
375316653866487564,4199960321623238912,0.5152491,2262.632417728907,2.7792256298237423,1.3411729E-5,14.844318,0.004755483,null,null,null,null,null,null,null,null,null,null,null,null,0.10224359,0.0099339755,0.31281865,0.005065285,"ELLIPSOIDAL",4,164.70348,null,null,null,null,null,null,null,null,null,null,null,null
375316653866487564,4199963001682299648,0.5420384,2265.602659201271,2.0745861854958516,2.1870583E-5,16.70161,0.011620014,0.26023734,0.0048923334,0.094055034,0.011811453,0.11738256,0.010448881,0.7631867,0.009732709,0.09201624,0.012237544,0.1405166,0.014509124,null,null,null,null,"TWOGAUSSIANS",8,8.939576,0.7631867,0.009732709,0.4,0.0,0.13387358,0.010847253,0.26023734,0.0048923334,0.4,0.0,0.11073948,0.006502711
375316653866487564,4199963139121252224,0.53108776,2267.2099351597035,0.8229852181885888,2.3408538E-5,14.11044,0.014162227,0.32643563,0.013577397,0.0884088,0.023697807,0.07527425,0.01013458,0.80772626,0.011488715,0.105464555,0.02384417,0.059461623,0.013543314,null,null,null,null,"TWOGAUSSIANS",8,20.3324,0.3264456,0.013539218,0.4,0.0,0.07160859,0.010507312,0.80772626,0.011488715,0.4,0.0,0.055793874,0.004434808
375316653866487564,4199963929395792640,0.44070747,2320.8614978275723,2.0857453808968156,7.662221E-5,16.601925,0.028712679,0.5809335,0.019880414,0.16247597,0.07640748,0.07926801,0.03452103,0.9666907,0.02163492,0.06808141,0.025918398,0.04413465,0.012771855,null,null,null,null,"TWOGAUSSIANS",8,4.937543,0.5809335,0.01987184,0.4,0.0,0.07559974,0.03542934,0.9666907,0.02163492,0.3812559,0.071576856,0.045260716,0.0082805585
375316653866487564,4199964101184052992,0.4988187,2233.925896899582,0.42338747256194054,8.078429E-5,19.089605,0.0134010175,0.19517228,0.018179817,0.08845165,0.020835841,0.07301586,0.020516982,0.66530454,0.0015563293,0.01377446,0.002324517,0.27678424,0.057946492,null,null,null,null,"TWOGAUSSIANS",8,2.039626,0.66530454,0.0015563293,0.07713697,0.013017295,0.2767841,0.057946462,0.19517228,0.018179817,0.4,0.0,0.073015675,0.020515759
375316653866487564,4199964444791882112,0.5966148,2294.0114029161045,2.9773393291486485,8.530052E-6,15.157347,0.020727115,0.22715504,0.0057063,0.0836459,0.019332508,0.38980561,0.098101124,0.73624766,0.0017190037,0.07727389,0.004062407,0.41209885,0.022009462,null,null,null,null,"TWOGAUSSIANS",8,62.355114,0.73624766,0.0017190037,0.4,0.0,0.40673193,0.016918702,0.22715504,0.0057063,0.4,0.0,0.3844387,0.1063703
375316653866487564,4199964513500951936,0.5224566,2153.1955538317397,3.0470187686042616,6.40517E-5,19.353374,0.08924808,0.30194643,0.016667405,0.073700756,0.03177824,0.2168638,0.07337116,0.7747301,0.029533124,0.09263249,0.07746935,0.16233002,0.07442834,null,null,null,null,"TWOGAUSSIANS",8,1.0999565,0.30194643,0.01621681,0.4,0.01587171,0.21445882,0.03875089,0.7747301,0.029533124,0.4,0.0,0.15992467,0.03870572
375316653866487564,4199966364628580096,0.53781956,2252.9057054138307,3.7062817705566826,5.157597E-5,17.896814,0.004817798,0.1721097,0.0015931904,0.05243994,0.0025278637,0.18365711,0.005672869,0.51101434,0.03691335,0.04476316,0.02083812,0.105725884,0.089505665,null,null,null,null,"TWOGAUSSIANS",8,2.5789266,0.1721097,0.0015931904,0.29366365,0.014156036,0.18365711,0.005672869,0.51101434,0.03691335,0.25067368,0.11669346,0.105725884,0.08950568
375316653866487564,4199968563651852672,0.48952398,2213.7113208672768,0.641850915266284,1.989818E-5,18.091919,0.004125522,0.30373636,0.0071081733,0.0469312,0.00749189,0.05623819,0.0064623905,0.5829059,0.013679677,0.06651896,0.023573957,0.12940103,0.24216564,null,null,null,null,"TWOGAUSSIANS",8,1.8694599,0.5829059,0.013679677,0.3725062,0.13201417,0.12940103,0.24216564,0.30378637,0.007116178,0.26281473,0.041954584,0.05625759,0.0064710947
375316653866487564,4199969186435369728,0.5830873,2233.382983133785,1.9779708624409247,3.0933195E-5,16.492609,0.02078319,0.28687203,0.003152187,0.09483747,0.009490414,0.25804162,0.020696295,0.7994713,0.007879718,0.097647876,0.013664661,0.16549866,0.020936979,null,null,null,null,"TWOGAUSSIANS",8,9.086472,0.28687203,0.003152187,0.4,0.0,0.24621616,0.013391071,0.7994713,0.007879718,0.4,0.0,0.15367298,0.011756282
375316653866487564,4199970835693534464,0.48201674,2179.8284054269693,3.914082983619226,8.2409686E-5,19.60757,0.041200265,0.24869241,0.016239569,0.10293172,0.023269717,0.41128975,0.057226166,0.7552798,0.009481983,0.07549885,0.015780881,0.3798596,0.058069527,null,null,null,null,"TWOGAUSSIANS",8,5.2366185,0.24869241,0.016239569,0.4,0.0,0.39733577,0.04700545,0.7552798,0.009481983,0.4,0.00907267,0.36591208,0.052653123
375316653866487564,4199971862188757888,0.5530713,2166.7354960374655,3.2154392725671674,1.3868753E-5,17.986216,0.2428791,0.26804096,0.007931231,0.17151842,0.071596466,0.32080427,0.23842724,0.759501,0.009158474,0.13073601,0.032363452,0.31141594,0.20829451,null,null,null,null,"TWOGAUSSIANS",8,3.362076,0.26831093,0.0077591026,0.4,0.0,0.16935815,0.010941432,0.759501,0.009158474,0.4,0.0,0.16878842,0.01860852
375316653866487564,4199973721920957952,0.522245,2193.3614282424614,0.03059858376071034,1.0552614E-4,14.379131,0.019025512,0.4402803,0.0034013004,0.04840475,0.00466925,0.7054247,0.109265305,0.773321,0.016056204,0.0129849445,0.010866007,3.2759223,68258.9,0.0834555,0.020480774,0.773321,0.016056204,"TWOGAUSSIANS_WITH_ELLIPSOIDAL_ON_ECLIPSE2",9,1811.2356,0.773321,0.016056204,0.072715685,0.06084964,3.4428327,68258.89,0.43720028,0.0020652423,0.2710666,0.0261478,0.7482819,0.10574233
375316653866487564,4199975298163298560,0.4433917,2181.3326825116997,0.333158822197726,3.7921975E-5,18.378363,0.08844399,0.29023534,0.009970957,0.183791,0.044983756,0.37623286,0.073801465,0.83310395,0.008392138,0.08293182,0.005377582,0.25796425,0.06262003,null,null,null,null,"TWOGAUSSIANS",8,9.076791,0.29023534,0.009970957,0.4,0.0,0.29744968,0.05407466,0.83766395,0.0065841908,0.4,0.0,0.20139341,0.026200196
375316653866487564,4199975847916857856,0.46772173,2170.6662578093697,3.362653568418877,4.0856507E-5,18.390152,0.006110426,0.20078386,0.048793055,0.047834314,0.029885659,0.09771024,0.031962164,0.7425531,0.010267504,0.09040245,0.013221997,0.11327479,0.01444969,null,null,null,null,"TWOGAUSSIANS",8,3.2849104,0.7425531,0.010267504,0.4,0.0,0.11318018,0.014572327,0.20078386,0.048793055,0.26787215,0.1673597,0.097615935,0.032019645
375316653866487564,4199977359744873984,0.5639597,2197.6965055103637,0.045613810315724035,5.950831E-5,17.17842,0.0030809846,0.19917998,0.022870993,0.05967642,0.03881343,0.04822827,0.27164066,0.8039122,0.0055629117,0.04078525,0.0031953116,0.31739852,0.06802969,null,null,null,null,"TWOGAUSSIANS",8,3.6145923,0.8039122,0.0055629117,0.2283974,0.017893745,0.31739852,0.06802969,0.19917998,0.022870993,0.33418795,0.2173552,0.048228268,0.27164066
375316653866487564,4199980009745785216,0.56955177,2188.372618210325,3.6118555545402873,1.0403189E-5,19.613037,0.016115008,0.18704635,0.004787588,0.07065584,0.0061551435,0.5338932,0.07021124,0.6930824,0.0039457907,0.06301618,0.004455609,0.55002147,0.029353244,null,null,null,null,"TWOGAUSSIANS",8,1.6532328,0.6930824,0.0039457907,0.35289064,0.024951408,0.54918617,0.029319664,0.18704635,0.004787588,0.39567268,0.023369968,0.53305787,0.07067986
375316653866487564,4199980280330082688,0.5262915,2176.8971826435977,2.450785454986883,3.5053785E-5,19.127323,0.043541316,0.19161735,0.006932406,0.109509386,0.02874417,0.1677891,0.040380172,0.67434275,0.010618458,0.08627121,0.018511035,0.21260561,0.042194203,null,null,null,null,"TWOGAUSSIANS",8,0.6362624,0.67434275,0.010618458,0.4,0.0,0.20139268,0.017956363,0.19161735,0.006932406,0.4,0.0,0.1565637,0.015827829
375316653866487564,4199980318992949248,0.5812947,2199.357562361355,3.980130509000476,1.1386608E-5,18.74122,0.01482897,0.17356446,0.0011768835,0.06722071,0.0036277436,0.49916938,0.03292154,0.67434967,0.0020528252,0.068010814,0.0030870254,0.6177135,0.03517783,null,null,null,null,"TWOGAUSSIANS",8,3.5110152,0.67434967,0.0020528252,0.38086057,0.017287342,0.61654454,0.035147943,0.17356446,0.0011768835,0.37643597,0.020315364,0.4980004,0.033090223
375316653866487564,4199980349044638464,0.5759414,2152.2705179730538,3.3641217000226113,9.043755E-6,18.292719,0.05351714,0.19619887,0.0043593505,0.10615933,0.015072935,0.33910626,0.052214198,0.69408697,0.005537993,0.11138764,0.020206852,0.32302758,0.047693856,null,null,null,null,"TWOGAUSSIANS",8,3.0244138,0.19619887,0.004361904,0.4,0.0,0.2930485,0.011738271,0.69408697,0.005537993,0.4,0.0,0.27695292,0.015905764
375316653866487564,4199980658281783680,0.56023026,2205.6529791473495,2.7150756581428657,7.55496E-6,18.030996,0.024182169,0.33082762,0.001674582,0.09039377,0.007119384,0.26839292,0.02269022,0.8353249,0.014092736,0.09539733,0.01370534,0.23862466,0.039823562,null,null,null,null,"TWOGAUSSIANS",8,2.3296657,0.33082762,0.0016733974,0.4,0.0,0.25574416,0.014584463,0.8353249,0.014092736,0.4,0.0,0.22597551,0.040498734
375316653866487564,4199980868746324480,0.5152517,2237.4595198104425,2.733322018039156,1.4831354E-5,17.425514,0.04566923,0.32167593,0.005093272,0.09362683,0.017286917,0.27318922,0.041745234,0.82446873,0.0123958625,0.09186084,0.026605759,0.22799379,0.037638523,null,null,null,null,"TWOGAUSSIANS",8,16.445705,0.32167593,0.005092271,0.4,0.0,0.2605177,0.030824918,0.82446873,0.0123958625,0.4,0.0,0.21532245,0.021392068
375316653866487564,4199982277485939328,0.60274255,2176.0391027908927,3.6790564193189446,1.505616E-5,18.230366,0.008912712,0.2713734,0.005078067,0.07601389,0.0069856914,0.53310406,0.03160643,0.76499975,0.0155822085,0.074234195,0.016637392,0.68153286,1.2039493,null,null,null,null,"TWOGAUSSIANS",8,4.5097404,0.76499975,0.0155822085,0.4,0.0722432,0.67742383,1.2067636,0.2713734,0.005078067,0.4,0.0021729644,0.52899504,0.032644887
375316653866487564,4199983407061493120,0.51877344,2257.421045780559,0.2982673379279717,2.6852887E-5,19.01229,0.06326601,0.37626696,0.046717323,0.09947618,0.06468418,0.24361503,0.04068905,0.8135667,0.008728431,0.094466195,0.02124082,0.17281753,0.055185862,null,null,null,null,"TWOGAUSSIANS",8,1.4242474,0.37627694,0.046673685,0.4,0.0,0.23750398,0.09758126,0.8135667,0.008728431,0.4,0.0,0.16671816,0.020753803
375316653866487564,4199984270360975488,0.5699766,2278.4755812655185,2.347236412766172,1.3994278E-5,16.835663,0.0082736835,0.24915229,0.0055763,0.096110016,0.018282812,0.101921886,0.009567015,0.7307978,0.0038926885,0.088678434,0.0074726716,0.18331702,0.016804077,null,null,null,null,"TWOGAUSSIANS",8,2.4769778,0.7307978,0.0038926885,0.4,0.0,0.17808,0.017775137,0.24915229,0.0055763,0.4,0.0,0.09668454,0.01273536
375316653866487564,4199984339072921600,0.55605686,2213.4776935691807,3.6301215408363405,3.766616E-5,18.766317,0.02880247,0.31792608,0.009643376,0.0714174,0.017818864,0.45547777,0.06504522,0.8120002,0.008799545,0.08078282,0.013792182,0.34122378,0.033083074,null,null,null,null,"TWOGAUSSIANS",8,4.5176497,0.31792608,0.009643376,0.39993745,0.03819379,0.45237428,0.06916898,0.8120002,0.008799545,0.4,0.009360886,0.33812028,0.030692428
375316653866487564,4199984854476401280,0.6272165,2206.070672457802,2.985710137463955,9.424985E-6,15.567082,0.0077887485,0.21393403,0.003206368,0.09793992,0.004484032,0.21097456,0.009643628,0.72186834,0.004585054,0.08929627,0.008393525,0.13171366,0.0070015485,null,null,null,null,"TWOGAUSSIANS",8,9.4386835,0.21393403,0.003206368,0.4,0.0,0.20250309,0.0068660197,0.72186834,0.004585054,0.4,0.0,0.12324314,0.0037154637
375316653866487564,4199985679109941248,0.48523813,2224.512964278985,1.197897042392899,2.7386182E-5,17.888771,0.008323253,0.39373544,0.005604544,0.0567158,0.005773335,0.20854257,0.027303403,0.88299644,0.056310274,0.039111555,0.05478592,0.04693145,0.029233437,null,null,null,null,"TWOGAUSSIANS",8,5.0407906,0.39373544,0.005604544,0.3176085,0.032330677,0.20854242,0.0272964,0.88299644,0.056310274,0.21902472,0.30680114,0.046931297,0.029240448
375316653866487564,4199985984041707904,0.5893727,2167.63188182368,2.8278055566812674,1.3395047E-5,18.825932,0.055138584,0.208104,0.0032127101,0.10426962,0.013602287,0.36874515,0.054001052,0.7050419,0.0066084834,0.113756165,0.02449058,0.33781573,0.04221792,null,null,null,null,"TWOGAUSSIANS",8,0.9194276,0.208114,0.0032107872,0.4,0.0,0.3196901,0.012343703,0.7050419,0.0066084834,0.4,0.0,0.28872487,0.03988947
375316653866487564,4199986057067123456,0.64440435,2204.2065364780265,2.147149458289629,8.555821E-6,14.85293,0.012426519,0.31526992,0.004743139,0.0407506,0.009906427,0.10989817,0.0384799,0.8077047,0.0072231162,0.0443453,0.006757562,0.47146985,0.036307722,0.072435774,0.021235876,0.31526992,0.004743139,"TWOGAUSSIANS_WITH_ELLIPSOIDAL_ON_ECLIPSE1",9,99.78559,0.8080447,0.006807872,0.2483337,0.03784235,0.6160289,0.019043963,0.31526992,0.004743139,0.22820337,0.05547599,0.25476944,0.021474544
375316653866487564,4199986293279563136,0.50213766,2121.212496812701,1.1241080013261109,7.724238E-6,18.812529,0.016158538,0.21412958,0.0020129909,0.0363952,0.00529462,0.1788664,0.019774878,0.56135815,0.013717146,0.16595878,0.019065162,0.15332173,0.017663682,null,null,null,null,"TWOGAUSSIANS",8,1.6238946,0.21574958,0.0012718479,0.2038131,0.029649872,0.19298688,0.017781194,0.56135815,0.013717146,0.4,0.0,0.15002082,0.015087037
375316653866487564,4199986641174166912,0.5363346,2189.656654692711,2.3471982882897655,1.6020655E-5,19.304129,0.00755187,0.37724692,0.006080701,0.050216086,0.007808214,0.34286553,0.042210873,0.52918154,0.10527623,0.067786425,0.065929145,0.019530265,0.013640851,null,null,null,null,"TWOGAUSSIANS",8,1.1166959,0.3776369,0.0050440696,0.2812101,0.043725997,0.34445995,0.0428739,0.52918154,0.10527623,0.37960398,0.34262896,0.023056254,0.057316657
