Gaia/vari_eclipsing_binary/VariEclipsingBinary_509775-509878.csv
# %ECSV 1.0
# ---
# delimiter: ','
# meta: !!omap
# - RELEASE: Gaia DR3
# - TABLE: vari_eclipsing_binary
# - DESCRIPTION: >
#     This table describes the properties of the eclipsing binaries resulting from the variability analysis. 
# - CITATION: >
#     How to cite and acknowledge Gaia: 
#     https://gea.esac.esa.int/archive/documentation/credits.html 
# - KNOWN_ISSUES: >
#     Known issues: 
#     https://www.cosmos.esa.int/web/gaia-users/known-issues 
# - DOCUMENTATION: >
#     Tutorials and documentation: 
#     https://www.cosmos.esa.int/web/gaia-users/archive 
# datatype:
# - 
#   name: solution_id
#   datatype: int64
#   description: Solution Identifier
#   meta:
#     ucd: meta.version
# - 
#   name: source_id
#   datatype: int64
#   description: Unique source identifier
#   meta:
#     ucd: meta.id;meta.main
# - 
#   name: global_ranking
#   datatype: float32
#   description: Number between 0 (worst) and 1 (best)
#   meta:
#     ucd: stat.param
# - 
#   name: reference_time
#   datatype: float64
#   unit: d
#   description: Reference time used for the geometric model fit
#   meta:
#     ucd: time.epoch
# - 
#   name: frequency
#   datatype: float64
#   unit: d**-1
#   description: Frequency of geometric model of the eclipsing binary light curve
#   meta:
#     ucd: src.orbital
# - 
#   name: frequency_error
#   datatype: float32
#   unit: d**-1
#   description: "Uncertainty of \\texttt{frequency}"
#   meta:
#     ucd: stat.error
# - 
#   name: geom_model_reference_level
#   datatype: float32
#   unit: mag
#   description: Magnitude reference level of geometric model
#   meta:
#     ucd: phot.mag;em.opt
# - 
#   name: geom_model_reference_level_error
#   datatype: float32
#   unit: mag
#   description: "Uncertainty of \\texttt{geomModelReferenceLevel}"
#   meta:
#     ucd: stat.error;phot.mag;em.opt
# - 
#   name: geom_model_gaussian1_phase
#   datatype: float32
#   description: Phase of the Gaussian 1 component
#   meta:
#     ucd: time.phase
# - 
#   name: geom_model_gaussian1_phase_error
#   datatype: float32
#   description: "Uncertainty of \\texttt{geomModelGaussian1Phase}"
#   meta:
#     ucd: stat.error;time.phase
# - 
#   name: geom_model_gaussian1_sigma
#   datatype: float32
#   description: "Standard deviation [phase] of Gaussian 1 component"
#   meta:
#     ucd: stat.stdev
# - 
#   name: geom_model_gaussian1_sigma_error
#   datatype: float32
#   description: "Uncertainty of \\texttt{geomModelGaussian1Sigma}"
#   meta:
#     ucd: stat.error
# - 
#   name: geom_model_gaussian1_depth
#   datatype: float32
#   unit: mag
#   description: Magnitude depth of Gaussian 1 component
#   meta:
#     ucd: src.var.amplitude
# - 
#   name: geom_model_gaussian1_depth_error
#   datatype: float32
#   unit: mag
#   description: "Uncertainty of \\texttt{geomModelGaussian1Depth}"
#   meta:
#     ucd: stat.error;src.var.amplitude
# - 
#   name: geom_model_gaussian2_phase
#   datatype: float32
#   description: Phase of Gaussian 2 component
#   meta:
#     ucd: time.phase
# - 
#   name: geom_model_gaussian2_phase_error
#   datatype: float32
#   description: "Uncertainty of \\texttt{geomModelGaussian2Phase}"
#   meta:
#     ucd: stat.error;time.phase
# - 
#   name: geom_model_gaussian2_sigma
#   datatype: float32
[...]
#   datatype: float32
#   description: "Secondary eclipse: uncertainty of \\texttt{derivedSecondaryEclDuration}"
#   meta:
#     ucd: stat.error;time.duration
# - 
#   name: derived_secondary_ecl_depth
#   datatype: float32
#   unit: mag
#   description: "Secondary eclipse: depth"
#   meta:
#     ucd: src.var.amplitude
# - 
#   name: derived_secondary_ecl_depth_error
#   datatype: float32
#   unit: mag
#   description: "Secondary eclipse: uncertainty of \\texttt{derivedSecondaryEclDepth}"
#   meta:
#     ucd: stat.error;src.var.amplitude
solution_id,source_id,global_ranking,reference_time,frequency,frequency_error,geom_model_reference_level,geom_model_reference_level_error,geom_model_gaussian1_phase,geom_model_gaussian1_phase_error,geom_model_gaussian1_sigma,geom_model_gaussian1_sigma_error,geom_model_gaussian1_depth,geom_model_gaussian1_depth_error,geom_model_gaussian2_phase,geom_model_gaussian2_phase_error,geom_model_gaussian2_sigma,geom_model_gaussian2_sigma_error,geom_model_gaussian2_depth,geom_model_gaussian2_depth_error,geom_model_cosine_half_period_amplitude,geom_model_cosine_half_period_amplitude_error,geom_model_cosine_half_period_phase,geom_model_cosine_half_period_phase_error,model_type,num_model_parameters,reduced_chi2,derived_primary_ecl_phase,derived_primary_ecl_phase_error,derived_primary_ecl_duration,derived_primary_ecl_duration_error,derived_primary_ecl_depth,derived_primary_ecl_depth_error,derived_secondary_ecl_phase,derived_secondary_ecl_phase_error,derived_secondary_ecl_duration,derived_secondary_ecl_duration_error,derived_secondary_ecl_depth,derived_secondary_ecl_depth_error
[from data line 439]
375316653866487564,4484658379220978944,0.545522,2213.2566191675082,2.8514721013982824,1.8981234E-5,17.915567,0.03866959,0.1899257,0.01152957,0.09491712,0.02118902,0.31211448,0.03458816,0.6955738,0.0043165917,0.0917586,0.010009669,0.3637199,0.03626803,null,null,null,null,"TWOGAUSSIANS",8,8.455496,0.6955738,0.0043165917,0.4,0.0,0.3465639,0.018173296,0.1899257,0.01152957,0.4,0.0,0.2949581,0.014466901
375316653866487564,4484659921107655168,0.50524294,2330.186720253135,2.6703512664403943,6.9933536E-5,17.559889,0.009700894,0.3045373,0.05414162,0.024905622,0.028983206,0.7863539,0.27417886,0.7801818,0.03480515,0.03204711,0.030662008,0.23985866,0.08612071,null,null,null,null,"TWOGAUSSIANS",8,55.272743,0.3045373,0.05414162,0.13947149,0.16230595,0.7863539,0.27417886,0.7801818,0.03480515,0.17946383,0.17170724,0.23985866,0.08612071
375316653866487564,4484662708548984064,0.59553427,2314.8104863661542,3.5788421934376244,1.5734893E-5,13.952485,0.016707819,0.21659908,0.007854021,0.02288192,0.03802843,0.12909953,0.12404104,0.729505,0.006992433,0.05539553,0.008468543,0.17117566,0.035931356,0.089085214,0.019469412,0.21659908,0.007854021,"TWOGAUSSIANS_WITH_ELLIPSOIDAL_ON_ECLIPSE1",9,209.71194,0.729505,0.006992433,0.31021497,0.04742384,0.34817478,0.014570008,0.21659908,0.007854021,0.12813875,0.2129592,0.30726767,0.1264322
375316653866487564,4484663047847682944,0.47902215,2347.483604831854,0.6288789155541571,3.6540718E-5,18.762897,0.006557192,0.29002976,0.07522723,0.07452986,0.059706707,0.09930636,3.474535,0.81758666,0.0057558967,0.05082007,0.008455895,0.21312758,0.011425371,null,null,null,null,"TWOGAUSSIANS",8,6.8365035,0.81758666,0.0057558967,0.2845924,0.04735301,0.21309005,0.011445623,0.29002976,0.07522723,0.4,0.3019585,0.099268824,3.4745817
375316653866487564,4484663631963313536,0.58727324,2420.403885540777,3.7515803010981648,2.7415434E-5,18.055267,0.013993254,0.27185827,0.0053507867,0.07157484,0.015487833,0.5588314,0.1663268,0.76843697,0.008467552,0.07402134,0.009304574,0.62656933,0.07895881,null,null,null,null,"TWOGAUSSIANS",8,7.0133553,0.76843697,0.008467552,0.4,0.02063836,0.62356716,0.08051359,0.27185827,0.0053507867,0.4,0.007042845,0.5558292,0.17200658
375316653866487564,4484665659188055808,0.5818701,2283.754236945274,3.0715362666383315,1.4202751E-5,18.782072,0.012810966,0.27769876,0.0058418307,0.07219037,0.0072453017,0.65497416,0.082553476,0.77421397,0.002478401,0.07535421,0.0058326167,0.42884734,0.026202362,null,null,null,null,"TWOGAUSSIANS",8,2.7001503,0.27769876,0.0058418307,0.4,0.0053765317,0.6518587,0.08507326,0.77421397,0.002478401,0.4,0.0,0.42573187,0.027050233
375316653866487564,4484665762268460544,0.5944231,2346.6036025229428,2.386022022636474,9.020193E-6,17.437695,0.0046349466,0.27741492,0.0019347804,0.07986655,0.0030196935,0.3462524,0.017461916,0.7874273,0.0061855977,0.082740515,0.0068065785,0.14526458,0.018237086,null,null,null,null,"TWOGAUSSIANS",8,3.0565014,0.27741492,0.0019347804,0.4,0.0,0.34303677,0.018002411,0.7874273,0.0061855977,0.4,0.0,0.14204895,0.018554144
375316653866487564,4484666178882295296,0.62428,2365.31122801183,2.0134810191952996,7.0913693E-6,15.253039,0.009465232,0.277891,0.0021402966,0.09185442,0.0043474487,0.3271826,0.011785631,0.78871065,0.007254864,0.094164,0.009239547,0.19515815,0.011407247,null,null,null,null,"TWOGAUSSIANS",8,15.3326645,0.277891,0.0021402966,0.4,0.0,0.315641,0.011779262,0.78871065,0.007254864,0.4,0.0,0.1836165,0.011882761
375316653866487564,4484669473119051392,0.4916868,2350.8227240943093,2.7792923053356215,1.2292965E-5,18.42261,0.03051003,0.22105703,0.0043526124,0.08260519,0.010261042,0.28917006,0.02889792,0.7203599,0.0110648945,0.10834673,0.024282334,0.19471419,0.04565917,null,null,null,null,"TWOGAUSSIANS",8,6.9055057,0.22105703,0.0043529384,0.4,0.0,0.27459675,0.020978373,0.7203599,0.0110648945,0.4,0.0,0.18013166,0.046567384
375316653866487564,4484669816716499840,0.57598597,2362.9739899652704,2.495205762915414,2.6671165E-5,14.086026,0.021990852,0.19941057,0.009687162,0.048891485,0.0100445,0.13978419,0.062047157,0.6913422,0.0031470726,0.04244279,0.005558605,0.77248394,0.06955594,0.07221084,0.031092893,0.19941057,0.009687162,"TWOGAUSSIANS_WITH_ELLIPSOIDAL_ON_ECLIPSE1",9,878.61346,0.69155216,0.0030646625,0.23767963,0.031128187,0.916544,0.063646786,0.19941057,0.009687162,0.27379233,0.056249198,0.2842055,0.030282786
375316653866487564,4484672226195661440,0.5225045,2239.7735101892213,2.5694396339221317,1.8823957E-5,17.675388,0.018552426,0.21641472,0.0044170674,0.092310816,0.009843849,0.18779594,0.018132087,0.7089479,0.0041048652,0.10626005,0.013411992,0.16627951,0.016406933,null,null,null,null,"TWOGAUSSIANS",8,4.2965407,0.21641472,0.004422609,0.4,0.0,0.1744196,0.013087342,0.7089479,0.0041048652,0.4,0.0,0.1528979,0.009582275
375316653866487564,4484680571312928768,0.5233082,2219.485660926932,3.3113782068791164,9.723891E-6,19.147413,0.020228527,0.20418155,0.0056166905,0.06625398,0.014086146,0.33699143,0.052094586,0.7010783,0.0039353482,0.08794631,0.007827568,0.5565674,0.031922422,null,null,null,null,"TWOGAUSSIANS",8,5.4372673,0.7010783,0.0039353482,0.4,0.0,0.55223393,0.032334596,0.20418155,0.0056166905,0.3710223,0.056451026,0.33265805,0.055746373
375316653866487564,4484681155425527552,0.46727002,2214.545508598894,0.7808859009777622,6.689007E-5,18.862757,0.003376504,0.18891978,0.045225933,0.014122935,0.015090577,0.35739926,2.7455976,0.7600349,0.010401888,0.035097945,0.007489535,0.086495586,0.029496789,null,null,null,null,"TWOGAUSSIANS",8,2.1367447,0.18891978,0.045225933,0.079088435,0.084507234,0.35739926,2.7455976,0.7600349,0.010401888,0.1965485,0.041941397,0.086495586,0.029496789
375316653866487564,4484684247804957440,0.49557462,2216.7329896949773,0.8240289559903288,5.263993E-5,19.358288,0.007274066,0.1779242,0.010830221,0.022894494,0.012976988,0.059824158,0.041229367,0.6720774,0.0055630943,0.052854992,0.0065736836,0.35385084,0.03687933,null,null,null,null,"TWOGAUSSIANS",8,1.8143537,0.6720774,0.0055630943,0.29598796,0.036812626,0.35385084,0.03687933,0.1779242,0.010830221,0.12820917,0.07267114,0.059824158,0.041229367
375316653866487564,4484684870579507840,0.4932555,2191.345864841205,0.628274668392607,1.2870523E-5,17.806612,0.012228612,0.17332672,7.906361E-4,0.026866185,0.0018106179,0.89792013,0.12473723,0.6802271,0.01531502,0.05814401,0.00956037,0.08849162,0.035221733,null,null,null,null,"TWOGAUSSIANS",8,36.24411,0.17332672,7.906361E-4,0.15045063,0.01013946,0.89792013,0.12473724,0.6802271,0.01531502,0.32560647,0.053538073,0.08849162,0.035221733
375316653866487564,4484687550639120000,0.666275,2227.599270461932,2.41099965405989,5.1228917E-6,16.831211,0.0029247103,0.29445034,0.0011526475,0.06079011,0.0013809165,0.48790297,0.011423818,0.79439497,0.0020422412,0.068672836,0.0025941168,0.14113796,0.006951204,null,null,null,null,"TWOGAUSSIANS",8,2.9571643,0.29445034,0.0011526475,0.34042463,0.0077331318,0.48761714,0.011456739,0.79439497,0.0020422412,0.38456786,0.0145270545,0.14085211,0.0069687297
375316653866487564,4484687786855679360,0.4728797,2236.093194833721,0.030668300600622048,2.2414544E-5,18.929897,0.017850425,0.1255274,0.031208485,0.055195138,0.049125075,0.21250984,0.07980849,0.6441592,0.0076430803,0.053229403,0.008635354,0.24201389,0.06241792,null,null,null,null,"TWOGAUSSIANS",8,2.8149607,0.6441592,0.0076430803,0.29808465,0.048357986,0.24200901,0.062170997,0.1255274,0.031208485,0.3090928,0.09090734,0.21250498,0.0817764
375316653866487564,4484687821217827712,0.5515492,2201.550874861165,4.76706010039421,4.769083E-5,19.583904,0.011915124,0.12414459,0.00734247,0.03638861,0.004360082,0.48055872,0.05495955,0.46425653,0.0016019185,0.040099546,0.0019828165,0.75686044,0.01611238,null,null,null,null,"TWOGAUSSIANS",8,3.6101139,0.46425653,0.0016019185,0.22455744,0.011103773,0.75686044,0.01611238,0.12414459,0.00734247,0.20377621,0.02441646,0.48055872,0.05495955
375316653866487564,4484690157680716416,0.44810435,2322.2287368106417,1.1658908698535335,4.216165E-5,17.488852,0.012347985,null,null,null,null,null,null,null,null,null,null,null,null,0.08851402,0.017119758,0.288509,0.011954801,"ELLIPSOIDAL",4,36.431656,null,null,null,null,null,null,null,null,null,null,null,null
375316653866487564,4484691295850702592,0.5786237,2200.8858222713116,2.0370767861913492,7.1631507E-6,16.94639,0.0062081255,0.11869893,0.0026279825,0.04267933,0.0017658807,0.55727065,0.040021516,null,null,null,null,null,null,null,null,null,null,"ONEGAUSSIAN",5,26.506683,0.11869893,0.0026279825,0.23900425,0.009888932,0.55727065,0.0,null,null,null,null,null,null
375316653866487564,4484693838471527808,0.60674703,2267.363354903004,2.7336710761953324,1.1275102E-5,15.612655,0.022677096,0.18097359,0.002849918,0.11085101,0.010417451,0.21917701,0.0215181,0.6793369,0.004146743,0.10216984,0.010023906,0.23256487,0.021319779,null,null,null,null,"TWOGAUSSIANS",8,11.736397,0.6793369,0.004146743,0.4,0.0,0.20443629,0.0071027773,0.18097359,0.002849918,0.4,0.0,0.19103459,0.0051926062
375316653866487564,4484695242918693760,0.5208448,2233.1027874962324,2.5990502320946334,3.1439136E-5,19.497328,0.022209462,0.23231137,0.004534192,0.08926498,0.0083609,0.3083387,0.023380222,0.73108965,0.010898018,0.07809711,0.017212896,0.3454452,0.034336653,null,null,null,null,"TWOGAUSSIANS",8,1.6861147,0.73108965,0.010898018,0.4,0.018224794,0.33813205,0.035562687,0.23231137,0.004534192,0.4,0.0,0.30102548,0.017816985
375316653866487564,4484698300935531776,0.54890543,2225.5908302463895,0.7708859825141648,2.6789648E-6,18.988415,0.0044654133,0.10635555,0.0023965465,0.019354796,0.0018340796,0.4986629,0.048427664,0.60710526,3.044284E-4,0.01853095,0.0010837463,0.5524873,0.08093505,null,null,null,null,"TWOGAUSSIANS",8,2.0030415,0.60710526,3.044284E-4,0.10377332,0.0060689794,0.5524873,0.08093505,0.10635555,0.0023965465,0.10838686,0.010270846,0.4986629,0.048427664
375316653866487564,4484705207245503232,0.5478663,2256.4268214268104,4.035098103069669,1.6884649E-5,19.104954,0.0066620694,0.2466546,0.011502879,0.048522275,0.0063013914,0.30577427,0.043216344,0.7402781,0.004655298,0.053383373,0.003935254,0.41763467,0.028810034,null,null,null,null,"TWOGAUSSIANS",8,2.7716727,0.7402781,0.004655298,0.2989469,0.022037424,0.41763154,0.028810596,0.2466546,0.011502879,0.27172476,0.035287794,0.30577114,0.043214563
375316653866487564,4484705653919268864,0.62214506,2213.2199037200344,0.1983049468124489,1.0050508E-4,17.292543,0.0022160697,0.51340145,0.024469655,0.049752917,0.020519884,0.01755565,0.0044081407,0.87654656,0.031633426,0.01832804,0.010310719,0.4074006,0.53461164,null,null,null,null,"TWOGAUSSIANS",8,2.9234958,0.87654656,0.031633426,0.10263703,0.057740025,0.4074006,0.53461164,0.51340145,0.024469655,0.27861634,0.114911355,0.01755565,0.0044081407
375316653866487564,4484705933098980864,0.52691805,2262.0311431358978,2.3625975036796443,1.6547148E-5,15.78589,0.36366257,0.2513018,0.00535477,0.17696577,0.04345664,0.49389824,0.3122674,0.7531063,0.0026699072,0.20695835,0.065322086,0.52972406,0.3443348,null,null,null,null,"TWOGAUSSIANS",8,11.59467,0.2500518,0.004697125,0.4,0.0,0.11555895,0.0044023884,0.7539963,0.0029267673,0.4,0.0,0.112401344,0.004495964
375316653866487564,4484710258124625536,0.5261737,2222.1517798248674,3.245602228595744,1.3239434E-5,18.872467,0.08253839,0.28255123,0.0105531085,0.1292806,0.02484041,0.41182834,0.08107192,0.7663681,0.0062516164,0.104943946,0.017963579,0.39212045,0.07382239,null,null,null,null,"TWOGAUSSIANS",8,3.386662,0.2825612,0.010543779,0.4,0.0,0.34122756,0.01701718,0.7663681,0.0062516164,0.4,0.0,0.32202473,0.01965529
375316653866487564,4484713487940326784,0.56518805,2278.5958777078104,2.8659265969241305,1.10488845E-5,17.64662,0.009185851,0.26437393,0.0033286985,0.09240193,0.0058566188,0.24397792,0.011802729,0.76637626,0.0027129345,0.092782505,0.0047755376,0.24315526,0.009458603,null,null,null,null,"TWOGAUSSIANS",8,2.6144412,0.26437393,0.0033286985,0.4,0.0,0.23161975,0.011315483,0.76637626,0.0027129345,0.4,0.0,0.23079705,0.007015858
375316653866487564,4484713698400058240,0.4702918,2253.473880228769,1.967708525503041,1.8069535E-5,13.263534,0.18596487,0.2691022,0.007859616,0.12488536,0.09403778,0.06092719,0.1731331,0.7669365,0.0068946285,0.12482478,0.08448286,0.08122977,0.17041945,null,null,null,null,"TWOGAUSSIANS",8,57.403988,0.7669365,0.0068923743,0.4,0.0,0.06270772,0.0041814824,0.26913217,0.007934154,0.4,0.0,0.042418182,0.0051867347
375316653866487564,4484714106419321728,0.47193047,2288.6778264909217,1.2367421722546932,1.7970975E-5,18.673058,0.0103753805,0.32676607,0.01250907,0.0653486,0.013432618,0.17160855,0.025171792,0.84245956,0.0030983416,0.044275068,0.006495016,1.6050564,1.9782948,null,null,null,null,"TWOGAUSSIANS",8,6.139656,0.84245956,0.0030983416,0.24794038,0.03637209,1.6050439,1.9783086,0.32676607,0.01250907,0.36595216,0.07522266,0.17159604,0.025180701
375316653866487564,4484718538825680000,0.5231619,2265.9660298737326,3.767935231344469,5.027224E-5,19.323305,0.18380089,0.22501859,0.012762656,0.101192184,0.03443753,0.44668418,0.1733684,0.7232489,0.0073789856,0.117756404,0.03506182,0.52622133,0.18088873,null,null,null,null,"TWOGAUSSIANS",8,4.470399,0.7232489,0.0073789856,0.4,0.0,0.45581788,0.045391083,0.22502859,0.012809043,0.4,0.0,0.3764045,0.04977909
375316653866487564,4484720359891791616,0.49655098,2291.8907969472984,3.1789147997591893,2.82113E-5,18.867016,0.058790687,0.21573466,0.010050396,0.10521043,0.018526878,0.25595745,0.05873676,0.7094193,0.007009524,0.10843749,0.024359995,0.26585886,0.05125233,null,null,null,null,"TWOGAUSSIANS",8,4.139573,0.7094193,0.007009524,0.4,0.0,0.23438975,0.027656952,0.21574466,0.010045808,0.4,0.0,0.22449502,0.01760194
375316653866487564,4484722249677483520,0.5928008,2298.954596067959,3.934388101648405,7.3900724E-6,18.053885,0.02936409,0.31371987,0.0022841117,0.107490525,0.0108163,0.33562195,0.022592558,0.8254383,0.0015358122,0.09635026,0.005672434,0.49039996,0.030175054,null,null,null,null,"TWOGAUSSIANS",8,1.9967927,0.8254483,0.0015414178,0.4,0.0,0.45628017,0.018806823,0.31371987,0.0022841117,0.4,0.0,0.30148873,0.015742933
375316653866487564,4484725170251463168,0.56883484,2261.2083489976653,2.402819911194109,4.053046E-5,18.821066,0.007825613,0.323201,0.011960181,0.039228387,0.008909873,0.6679214,0.08484683,0.8229785,0.0064422223,0.04351195,0.005096959,0.38739297,0.036446705,null,null,null,null,"TWOGAUSSIANS",8,3.392439,0.323201,0.011960181,0.21967897,0.04989529,0.6679214,0.08484687,0.8229785,0.0064422223,0.24366692,0.028542971,0.38739294,0.036446694
375316653866487564,4484725479489053952,0.6204448,2310.5668081137082,3.2504641482565666,1.08064105E-5,18.305012,0.0027634688,0.27698934,0.0010046475,0.051133376,0.0020053016,0.30145797,0.0052360008,0.7722106,0.0040343325,0.05280852,0.0036444433,0.35788593,0.010828833,null,null,null,null,"TWOGAUSSIANS",8,0.6781028,0.7722106,0.0040343325,0.2957277,0.020408884,0.35788095,0.010830214,0.27698934,0.0010046475,0.28634688,0.011229688,0.301453,0.005236883
375316653866487564,4484727712872070912,0.5414113,2227.8471094347747,3.4503280356791226,6.8147856E-5,18.785173,0.011992143,0.2672613,0.008828813,0.08067721,0.011599594,0.38191226,0.03930951,0.77385485,0.009041558,0.07037213,0.011214292,0.41698655,0.021982975,null,null,null,null,"TWOGAUSSIANS",8,5.5370955,0.77385485,0.009041558,0.39408392,0.037393536,0.41412193,0.022070915,0.2672613,0.008828813,0.4,0.0,0.37904763,0.040286884
