Gaia/vari_eclipsing_binary/VariEclipsingBinary_610034-610240.csv
# %ECSV 1.0
# ---
# delimiter: ','
# meta: !!omap
# - RELEASE: Gaia DR3
# - TABLE: vari_eclipsing_binary
# - DESCRIPTION: >
#     This table describes the properties of the eclipsing binaries resulting from the variability analysis. 
# - CITATION: >
#     How to cite and acknowledge Gaia: 
#     https://gea.esac.esa.int/archive/documentation/credits.html 
# - KNOWN_ISSUES: >
#     Known issues: 
#     https://www.cosmos.esa.int/web/gaia-users/known-issues 
# - DOCUMENTATION: >
#     Tutorials and documentation: 
#     https://www.cosmos.esa.int/web/gaia-users/archive 
# datatype:
# - 
#   name: solution_id
#   datatype: int64
#   description: Solution Identifier
#   meta:
#     ucd: meta.version
# - 
#   name: source_id
#   datatype: int64
#   description: Unique source identifier
#   meta:
#     ucd: meta.id;meta.main
# - 
#   name: global_ranking
#   datatype: float32
#   description: Number between 0 (worst) and 1 (best)
#   meta:
#     ucd: stat.param
# - 
#   name: reference_time
#   datatype: float64
#   unit: d
#   description: Reference time used for the geometric model fit
#   meta:
#     ucd: time.epoch
# - 
#   name: frequency
#   datatype: float64
#   unit: d**-1
#   description: Frequency of geometric model of the eclipsing binary light curve
#   meta:
#     ucd: src.orbital
# - 
#   name: frequency_error
#   datatype: float32
#   unit: d**-1
#   description: "Uncertainty of \\texttt{frequency}"
#   meta:
#     ucd: stat.error
# - 
#   name: geom_model_reference_level
#   datatype: float32
#   unit: mag
#   description: Magnitude reference level of geometric model
#   meta:
#     ucd: phot.mag;em.opt
# - 
#   name: geom_model_reference_level_error
#   datatype: float32
#   unit: mag
#   description: "Uncertainty of \\texttt{geomModelReferenceLevel}"
#   meta:
#     ucd: stat.error;phot.mag;em.opt
# - 
#   name: geom_model_gaussian1_phase
#   datatype: float32
#   description: Phase of the Gaussian 1 component
#   meta:
#     ucd: time.phase
# - 
#   name: geom_model_gaussian1_phase_error
#   datatype: float32
#   description: "Uncertainty of \\texttt{geomModelGaussian1Phase}"
#   meta:
#     ucd: stat.error;time.phase
# - 
#   name: geom_model_gaussian1_sigma
#   datatype: float32
#   description: "Standard deviation [phase] of Gaussian 1 component"
#   meta:
#     ucd: stat.stdev
# - 
#   name: geom_model_gaussian1_sigma_error
#   datatype: float32
#   description: "Uncertainty of \\texttt{geomModelGaussian1Sigma}"
#   meta:
#     ucd: stat.error
# - 
#   name: geom_model_gaussian1_depth
#   datatype: float32
#   unit: mag
#   description: Magnitude depth of Gaussian 1 component
#   meta:
#     ucd: src.var.amplitude
# - 
#   name: geom_model_gaussian1_depth_error
#   datatype: float32
#   unit: mag
#   description: "Uncertainty of \\texttt{geomModelGaussian1Depth}"
#   meta:
#     ucd: stat.error;src.var.amplitude
# - 
#   name: geom_model_gaussian2_phase
#   datatype: float32
#   description: Phase of Gaussian 2 component
#   meta:
#     ucd: time.phase
# - 
#   name: geom_model_gaussian2_phase_error
#   datatype: float32
#   description: "Uncertainty of \\texttt{geomModelGaussian2Phase}"
#   meta:
#     ucd: stat.error;time.phase
# - 
#   name: geom_model_gaussian2_sigma
#   datatype: float32
[...]
#   datatype: float32
#   description: "Secondary eclipse: uncertainty of \\texttt{derivedSecondaryEclDuration}"
#   meta:
#     ucd: stat.error;time.duration
# - 
#   name: derived_secondary_ecl_depth
#   datatype: float32
#   unit: mag
#   description: "Secondary eclipse: depth"
#   meta:
#     ucd: src.var.amplitude
# - 
#   name: derived_secondary_ecl_depth_error
#   datatype: float32
#   unit: mag
#   description: "Secondary eclipse: uncertainty of \\texttt{derivedSecondaryEclDepth}"
#   meta:
#     ucd: stat.error;src.var.amplitude
solution_id,source_id,global_ranking,reference_time,frequency,frequency_error,geom_model_reference_level,geom_model_reference_level_error,geom_model_gaussian1_phase,geom_model_gaussian1_phase_error,geom_model_gaussian1_sigma,geom_model_gaussian1_sigma_error,geom_model_gaussian1_depth,geom_model_gaussian1_depth_error,geom_model_gaussian2_phase,geom_model_gaussian2_phase_error,geom_model_gaussian2_sigma,geom_model_gaussian2_sigma_error,geom_model_gaussian2_depth,geom_model_gaussian2_depth_error,geom_model_cosine_half_period_amplitude,geom_model_cosine_half_period_amplitude_error,geom_model_cosine_half_period_phase,geom_model_cosine_half_period_phase_error,model_type,num_model_parameters,reduced_chi2,derived_primary_ecl_phase,derived_primary_ecl_phase_error,derived_primary_ecl_duration,derived_primary_ecl_duration_error,derived_primary_ecl_depth,derived_primary_ecl_depth_error,derived_secondary_ecl_phase,derived_secondary_ecl_phase_error,derived_secondary_ecl_duration,derived_secondary_ecl_duration_error,derived_secondary_ecl_depth,derived_secondary_ecl_depth_error
[from data line 250]
375316653866487564,5366568512602349824,0.46189263,2190.6543999405394,0.5889639200996836,2.2105194E-5,13.594951,5.655608E-4,0.28277856,0.007881236,0.014268917,0.0130155245,0.008415775,843666.44,0.7866511,0.0015986986,0.015174573,0.0018455717,0.0485585,0.005302023,0.0039812713,7.4960955E-4,0.28277856,0.007881236,"TWOGAUSSIANS_WITH_ELLIPSOIDAL_ON_ECLIPSE1",9,16.359615,0.7866511,0.0015986986,0.08497761,0.010335201,0.056516312,0.0055335085,0.28277856,0.007881236,0.079905935,0.07288694,0.016378298,843666.44
375316653866487564,5366572012994777600,0.47543594,2181.238815231266,4.1232109792461475,1.6417862E-5,19.258497,0.09865925,0.2868874,0.0067882566,0.10541484,0.039079063,0.23929204,0.08666837,0.76150835,0.004717222,0.10271714,0.026459565,0.28637964,0.08858527,null,null,null,null,"TWOGAUSSIANS",8,3.553021,0.76150835,0.004717222,0.4,0.0,0.26479456,0.023698052,0.2868974,0.0067679035,0.4,0.0,0.21770371,0.022163011
375316653866487564,5366582187778186112,0.45816013,2167.4576471505393,0.6273851321221687,5.5416585E-6,12.516159,5.743603E-4,0.30635697,0.002289097,0.014240085,0.0020899863,0.031711232,0.0033076166,0.8810607,0.0061042393,0.012563228,0.007505074,0.008082544,0.040981624,0.0031675012,8.023847E-4,0.30635697,0.002289097,"TWOGAUSSIANS_WITH_ELLIPSOIDAL_ON_ECLIPSE1",9,26.002466,0.30635697,0.002289097,0.07974448,0.011703924,0.038046226,0.0034918466,0.8810607,0.0061042393,0.070354074,0.042028416,0.013121372,0.041230638
375316653866487564,5366596825026572288,0.48927167,2180.269055585773,2.4381537867900116,1.9575065E-5,16.48997,0.0045249285,0.29999644,0.009406742,0.019510103,0.014890007,0.07487759,281.39282,0.76788586,0.0057264217,0.037587132,0.017280573,0.09306457,0.027652642,0.081125475,0.0065245214,0.76788586,0.0057264217,"TWOGAUSSIANS_WITH_ELLIPSOIDAL_ON_ECLIPSE2",9,64.859856,0.76788586,0.0057264217,0.21048795,0.09677121,0.2553154,0.025810873,0.29806644,0.008939801,0.10925658,0.08338404,0.23099808,281.39456
375316653866487564,5366597443501875072,0.4237293,2168.4277051006165,1.1377506727508073,9.118331E-6,17.55559,0.0068013775,0.26025808,0.011972402,0.01276076,0.013364047,0.26080024,0.15909079,0.89225626,0.0021655378,0.010812182,0.0018540468,0.19992872,0.033238694,null,null,null,null,"TWOGAUSSIANS",8,48.99313,0.26025808,0.011972402,0.071460254,0.07483866,0.26080024,0.15909079,0.89225626,0.0021655378,0.06054822,0.0103826625,0.19992872,0.033238694
375316653866487564,5366602356943063040,0.5449766,2176.2934641015067,3.0463967665427427,2.3581106E-5,16.790083,0.01960154,0.22795428,0.008469855,0.03760944,0.012889885,0.23921359,0.070391476,0.75189495,0.0031695857,0.049462292,0.008262619,0.22414249,0.04136001,0.13237622,0.021863522,0.75189495,0.0031695857,"TWOGAUSSIANS_WITH_ELLIPSOIDAL_ON_ECLIPSE2",9,77.49711,0.2305643,0.008841384,0.21061286,0.072183356,0.49866274,0.056493085,0.75189495,0.0031695857,0.27698883,0.04627067,0.4888942,0.017209757
375316653866487564,5366602661879644672,0.5620588,2178.432886726631,1.508651896515133,6.924695E-6,18.644953,0.0038988364,0.23755698,9.187373E-4,0.023980586,0.0012000088,0.72016895,0.03870577,0.73929185,0.0021058363,0.030443298,0.0024922374,0.37704453,0.019194374,null,null,null,null,"TWOGAUSSIANS",8,4.966374,0.23755698,9.187373E-4,0.13429128,0.0067200493,0.72016895,0.03870577,0.73929185,0.0021058363,0.17048247,0.013956529,0.37704453,0.019194374
375316653866487564,5366611290471957632,0.5035544,2196.619796462216,4.26561396038782,4.293984E-5,19.642984,0.06774907,0.30618748,0.03322133,0.0337495,0.045440853,0.35998973,0.13877028,0.7870409,0.039366398,0.054702487,0.06671827,0.19414686,3.3672159,0.13115093,0.080123946,0.30618748,0.03322133,"TWOGAUSSIANS_WITH_ELLIPSOIDAL_ON_ECLIPSE1",9,8.55315,0.30618748,0.03322133,0.1889972,0.25446877,0.6222903,0.10718823,0.7916709,0.02678824,0.30633393,0.37249509,0.45357716,3.473785
375316653866487564,5366611874590507776,0.42212686,2316.287648401756,0.1703338216096758,8.157455E-5,13.433796,0.0011117602,0.3349386,0.014765876,0.015451793,0.019206822,0.052336764,0.1142683,0.68637055,0.005672816,0.06881509,0.008531187,0.046143185,0.0065270113,0.005445595,0.0013375573,0.68637055,0.005672816,"TWOGAUSSIANS_WITH_ELLIPSOIDAL_ON_ECLIPSE2",9,20.86966,0.68637055,0.005672816,0.38536447,0.04530942,0.05697693,0.0060815634,0.33463857,0.0127001675,0.08653004,0.107558206,0.056145474,0.11421837
375316653866487564,5366612493065815040,0.54695404,2228.7922702182345,0.02037930290530228,9.968599E-7,14.860003,8.285543E-4,0.37626076,0.00508676,0.01897775,0.0031649685,0.0154409185,0.0052768886,0.91748565,8.800739E-5,0.0012203538,1.2008863E-4,0.15642318,0.0051490697,null,null,null,null,"TWOGAUSSIANS",8,13.829052,0.91748565,8.800739E-5,0.006833981,6.7249633E-4,0.15642318,0.0051490697,0.37626076,0.00508676,0.1062754,0.017723823,0.0154409185,0.0052768886
375316653866487564,5366618055043034112,0.59087545,2195.266911119552,2.981835483069954,9.9424105E-6,16.690332,0.013121644,0.27951515,0.0022868253,0.05686161,0.008155913,0.14722478,0.027466075,0.76932555,0.0024542497,0.048756093,0.0043458687,0.16440831,0.02954907,0.08636263,0.01627244,0.27951515,0.0022868253,"TWOGAUSSIANS_WITH_ELLIPSOIDAL_ON_ECLIPSE1",9,17.293634,0.7710056,0.002042956,0.27303413,0.024336865,0.33653244,0.007294753,0.27951515,0.0022868253,0.318425,0.045673113,0.3199398,0.0094841
375316653866487564,5366622487449117440,0.45784757,2209.8922890510207,0.02383164489157498,1.7010098E-5,19.761116,0.03722639,0.4918284,0.0029378126,0.037039697,0.013354937,0.36442694,0.07390964,0.7599431,0.008697908,0.052590303,0.009475545,0.41032347,0.07001004,0.041961692,0.051074743,0.7599431,0.008697908,"TWOGAUSSIANS_WITH_ELLIPSOIDAL_ON_ECLIPSE2",9,8.683191,0.7599431,0.008697908,0.2945057,0.05306305,0.49424177,0.09134936,0.4913684,0.0030455494,0.2074223,0.07478765,0.36553258,0.07401091
375316653866487564,5366625304947622912,0.53413635,2183.2075393932937,1.1276912641675505,2.1573556E-5,19.614048,0.008623077,0.073691115,0.0026718574,0.018070364,0.0019517291,0.33522466,0.028220758,0.5683181,0.0036410308,0.014856171,0.0022284698,0.87229776,0.16342461,null,null,null,null,"TWOGAUSSIANS",8,3.222871,0.5683181,0.0036410308,0.083194554,0.012479431,0.87229776,0.16342461,0.073691115,0.0026718574,0.10119404,0.010929682,0.33522466,0.028220758
375316653866487564,5366636338723772928,0.5914425,2161.286799206637,1.9374610079844048,2.6347707E-6,11.770664,0.016645461,0.23816492,0.0013239691,0.118399106,0.010153712,0.20351426,0.011533623,0.73509437,0.0015057959,0.10868404,0.007302592,0.18985662,0.015060208,null,null,null,null,"TWOGAUSSIANS",8,65.44508,0.23816492,0.0013159453,0.4,0.0,0.16971143,0.00545051,0.73509437,0.0015057959,0.4,0.0,0.15609898,0.0038936937
375316653866487564,5366637094638507648,0.55249125,2197.451933623246,3.978389883135028,5.6848858E-6,17.937742,0.008962811,0.29631457,0.0023153094,0.09856306,0.004563532,0.23796575,0.00946251,0.7904828,0.0018005831,0.09601111,0.005171648,0.2397148,0.007668568,null,null,null,null,"TWOGAUSSIANS",8,2.5955038,0.7904828,0.0018005831,0.4,0.0,0.22344144,0.0064260964,0.29631457,0.0023153094,0.4,0.0,0.22169176,0.007398364
375316653866487564,5366640079634694272,0.63934267,2189.5668317510576,0.3084416045612257,7.672045E-6,11.924114,0.0027686614,0.2169324,0.0025469798,0.031077579,0.0015502576,1.0943694,0.05488228,0.71158373,0.065758884,0.02753046,0.023684945,0.102761656,0.020997824,null,null,null,null,"TWOGAUSSIANS",8,491.21313,0.2169324,0.0025469798,0.17403445,0.008681442,1.0943694,0.05488228,0.71158373,0.065758884,0.15417057,0.1326357,0.102761656,0.020997824
375316653866487564,5366640766830655872,0.5145957,2200.7913681077134,3.2036634512353106,9.536982E-6,19.186987,0.010100863,0.27164772,0.0032446855,0.08044575,0.005400377,0.2805607,0.014949793,0.7726727,0.003904845,0.08536592,0.0055646603,0.33212775,0.015152959,null,null,null,null,"TWOGAUSSIANS",8,2.3602781,0.7726727,0.003904845,0.4,0.0,0.32576075,0.014821918,0.27164772,0.0032446855,0.4,0.0,0.27419373,0.014684027
375316653866487564,5366642523477086848,0.56178105,2198.2961528736582,4.250248665701447,3.8487487E-6,18.965374,0.005599599,0.30565825,0.0018088929,0.03553833,0.004273453,0.3036266,0.030547032,0.7952925,0.0018580109,0.038481526,0.0026304284,0.2716738,0.020117892,0.11773842,0.0080120005,0.30565825,0.0018088929,"TWOGAUSSIANS_WITH_ELLIPSOIDAL_ON_ECLIPSE1",9,2.5850086,0.30565825,0.0018088929,0.19901465,0.023931338,0.5391033,0.033579405,0.7962425,0.0017144815,0.21549654,0.014730399,0.50624454,0.018731901
375316653866487564,5366643309451422336,0.45341015,2202.728360006195,1.5817447167387566,6.9766684E-5,17.892813,0.0019338421,0.27657187,0.00942709,0.042343758,0.0070944363,0.085019596,0.010320254,0.7808291,0.013899403,0.036478445,0.011831559,0.048195,0.0106486585,null,null,null,null,"TWOGAUSSIANS",8,3.7587674,0.27657187,0.00942709,0.23712505,0.039728843,0.08501959,0.010320254,0.7808291,0.013899403,0.20427929,0.06625673,0.048195,0.01064866
375316653866487564,5366649979540303360,0.54835784,2185.0914500059907,2.8905325569363685,1.0477911E-5,14.906945,0.01516955,0.23450579,0.0029305536,0.06327906,0.015370467,0.12396346,0.03511286,0.72374946,0.018131806,0.054597408,0.019685294,0.12728895,0.0368906,0.115222335,0.018111823,0.23450579,0.0029305536,"TWOGAUSSIANS_WITH_ELLIPSOIDAL_ON_ECLIPSE1",9,247.31476,0.72695947,0.01480755,0.30574548,0.11023764,0.35694322,0.02981694,0.23450579,0.0029305536,0.35436273,0.08607461,0.35435522,0.018203896
375316653866487564,5366654308867176448,0.5648623,2184.929266002742,2.4684379478211342,1.0055174E-5,17.382257,0.0073140557,0.13871668,0.002728771,0.06302299,0.002586948,0.36432788,0.01129889,0.630522,0.0037152008,0.068445325,0.0038165164,0.76387244,0.038711194,null,null,null,null,"TWOGAUSSIANS",8,28.080343,0.630522,0.0037152008,0.3832938,0.021372491,0.7632654,0.03882097,0.13871668,0.002728771,0.35292876,0.014486909,0.36372086,0.011123731
375316653866487564,5366654583745083776,0.6186789,2177.15790284289,0.4057474855176323,5.197016E-6,17.577843,0.0040354547,0.1750632,0.003874026,0.03156466,0.004638874,0.09833446,0.011298341,0.67221075,0.0015551957,0.02808968,0.0010106559,1.4257437,0.083939314,null,null,null,null,"TWOGAUSSIANS",8,9.231858,0.67221075,0.0015551957,0.15730222,0.005659673,1.4257437,0.083939314,0.1750632,0.003874026,0.1767621,0.025977693,0.09833446,0.011298341
375316653866487564,5366655064781356416,0.51966095,2223.0019176342894,2.6056195010941146,1.0349529E-5,15.87597,0.7684345,0.23409167,0.005118693,0.14306052,0.10208292,0.32741866,0.7572933,0.7446983,0.006593703,0.1194863,0.04272572,0.36141604,0.53666836,null,null,null,null,"TWOGAUSSIANS",8,80.76558,0.7450483,0.0050034304,0.4,0.0,0.2603315,0.013831768,0.23400168,0.0049164738,0.4,0.0,0.22495145,0.012823458
375316653866487564,5366656164293396224,0.4471984,2293.692512607057,1.2324551514199715,5.629231E-5,19.508257,0.017726675,0.21081772,0.018456493,0.04230398,0.013801397,0.4252089,0.30630887,0.80190665,0.008400411,0.051379126,0.006941135,0.51508015,0.064450026,null,null,null,null,"TWOGAUSSIANS",8,6.5537343,0.80190665,0.008400411,0.2877231,0.038870357,0.51508015,0.06445003,0.21081772,0.018456493,0.23690228,0.07728782,0.4252089,0.30630887
375316653866487564,5366657538682546048,0.62129563,2171.2525883978683,3.6592900132223325,3.5854825E-6,17.397161,0.008944829,0.25533575,0.0014619742,0.044500902,0.0038149615,0.3247544,0.019508071,0.75296885,0.0016197801,0.0541577,0.0022525927,0.41645628,0.021287797,0.11914142,0.011526281,0.25533575,0.0014619742,"TWOGAUSSIANS_WITH_ELLIPSOIDAL_ON_ECLIPSE1",9,11.344964,0.7532489,0.0013919991,0.30328313,0.012614518,0.65468323,0.014289733,0.25533575,0.0014619742,0.24920505,0.021363784,0.5630279,0.013502564
375316653866487564,5366661661850981248,0.50224626,2219.985070624048,2.4569556582258603,9.46213E-6,18.204395,0.008923145,0.27120844,0.006788459,0.048884742,0.010155405,0.10768096,0.020290403,0.74236333,0.0054548928,0.045078788,0.008043273,0.057671525,0.027527822,0.07520895,0.011966918,0.74236333,0.0054548928,"TWOGAUSSIANS_WITH_ELLIPSOIDAL_ON_ECLIPSE2",9,5.998474,0.26521844,0.005739651,0.27375457,0.056870267,0.25421205,0.019743415,0.74236333,0.0054548928,0.2524412,0.04504233,0.20808858,0.013021384
375316653866487564,5366664548069196416,0.60719,2191.513755793301,2.540672725263738,4.137901E-6,15.802144,0.015319083,0.3005247,0.0014096564,0.046728007,0.010171888,0.34416568,0.054540515,0.8027905,0.0038777392,0.051825777,0.0041468865,0.32514378,0.03793587,0.13331106,0.020511305,0.3005247,0.0014096564,"TWOGAUSSIANS_WITH_ELLIPSOIDAL_ON_ECLIPSE1",9,52.227707,0.3005247,0.0014096564,0.26167685,0.056962576,0.61078525,0.08283311,0.8027905,0.0037248398,0.29022434,0.023222566,0.5917093,0.017754756
375316653866487564,5366673653399588992,0.4476488,2166.8023827881766,0.03809722889341941,3.0085583E-5,14.159367,9.807539E-4,0.2752844,0.0021831344,0.023053894,0.0023146083,0.04271708,0.002570833,0.92294514,0.012282846,0.013822397,0.011862254,0.007591975,0.0026448874,null,null,null,null,"TWOGAUSSIANS",8,22.036446,0.2752844,0.0021831344,0.1291018,0.012961807,0.04271708,0.002570833,0.92294514,0.012282846,0.07740542,0.066428624,0.007591975,0.0026448874
375316653866487564,5366684373637863424,0.57492566,2162.8387288058993,2.2367948983024735,1.2640505E-5,13.481165,0.012989763,0.26861,0.0028543095,0.051658228,0.0029852365,0.5579167,0.031421613,0.77263486,0.005788738,0.04259249,0.011872374,0.10517931,0.028463759,0.061132237,0.015761048,0.77263486,0.005788738,"TWOGAUSSIANS_WITH_ELLIPSOIDAL_ON_ECLIPSE2",9,838.1622,0.26879,0.002637838,0.28928608,0.016717324,0.6801032,0.020272061,0.77263486,0.005788738,0.23851793,0.06648529,0.22744055,0.009996024
375316653866487564,5366696846222562048,0.51790655,2205.4944829947085,2.779189107022327,1.3052326E-5,16.10942,0.01849935,0.28233808,0.0044730487,0.11044432,0.015244323,0.17259635,0.015369961,0.7854292,0.0037658291,0.10315788,0.009922065,0.17592908,0.01772896,null,null,null,null,"TWOGAUSSIANS",8,26.300104,0.7854292,0.003765111,0.4,0.0,0.15420596,0.0055383327,0.28233808,0.0044730487,0.4,0.0,0.1508637,0.007917167
375316653866487564,5366698598569227904,0.5853134,2169.8629757039917,2.8505564647023562,5.7745315E-6,15.646998,0.010769024,0.2199975,0.001492019,0.103296645,0.0046565193,0.25762787,0.009809769,0.7175381,0.0020641864,0.10077137,0.0065282676,0.23458798,0.008812216,null,null,null,null,"TWOGAUSSIANS",8,20.944794,0.2199975,0.001492019,0.4,0.0,0.23389491,0.004854164,0.7175381,0.0020641864,0.4,0.0,0.21085714,0.0068700635
375316653866487564,5366699217044675968,0.682542,2165.1522867596677,1.0949733100285546,2.0101052E-6,14.322893,0.0031948383,0.28226763,0.0013235204,0.04857047,0.002431632,0.1093708,0.0067580356,0.77862614,6.923898E-4,0.060639784,0.003279566,0.1300269,0.007965946,0.09048606,0.0037082902,0.77862614,6.923898E-4,"TWOGAUSSIANS_WITH_ELLIPSOIDAL_ON_ECLIPSE2",9,14.055151,0.77862614,6.923898E-4,0.3395828,0.01836557,0.31097233,0.0072677247,0.28140765,9.81346E-4,0.27199462,0.013617139,0.29024383,0.0018174072
375316653866487564,5366701450427693056,0.48381212,2183.5849869046983,1.9033240873202826,9.092555E-6,17.75164,0.0070564467,0.28549373,0.0019981074,0.038096257,0.0027353046,0.6655908,0.090086184,0.78098744,0.008045057,0.052781116,0.009425935,0.24256153,0.04919682,null,null,null,null,"TWOGAUSSIANS",8,47.439606,0.28549373,0.0019981074,0.21333903,0.015317705,0.66559064,0.09008633,0.78098744,0.008045057,0.29557425,0.05278524,0.24256139,0.049197078
375316653866487564,5366702824817077632,0.5526754,2193.0796273454985,0.7469535923643917,5.9582662E-6,13.805402,4.2357165E-4,0.26536468,0.001314565,0.018751603,0.002854491,0.07981266,0.025861753,0.76686984,0.0019212343,0.020148449,0.0015816981,0.06395879,0.0012872595,0.010456443,8.1453414E-4,0.26536468,0.001314565,"TWOGAUSSIANS_WITH_ELLIPSOIDAL_ON_ECLIPSE1",9,11.488514,0.26536468,0.001314565,0.105008975,0.01598515,0.10072553,0.026012672,0.76686984,0.0019212343,0.11283131,0.008857509,0.08486978,0.0015143754
