Gaia/vari_eclipsing_binary/VariEclipsingBinary_461554-461567.csv
# %ECSV 1.0
# ---
# delimiter: ','
# meta: !!omap
# - RELEASE: Gaia DR3
# - TABLE: vari_eclipsing_binary
# - DESCRIPTION: >
#     This table describes the properties of the eclipsing binaries resulting from the variability analysis. 
# - CITATION: >
#     How to cite and acknowledge Gaia: 
#     https://gea.esac.esa.int/archive/documentation/credits.html 
# - KNOWN_ISSUES: >
#     Known issues: 
#     https://www.cosmos.esa.int/web/gaia-users/known-issues 
# - DOCUMENTATION: >
#     Tutorials and documentation: 
#     https://www.cosmos.esa.int/web/gaia-users/archive 
# datatype:
# - 
#   name: solution_id
#   datatype: int64
#   description: Solution Identifier
#   meta:
#     ucd: meta.version
# - 
#   name: source_id
#   datatype: int64
#   description: Unique source identifier
#   meta:
#     ucd: meta.id;meta.main
# - 
#   name: global_ranking
#   datatype: float32
#   description: Number between 0 (worst) and 1 (best)
#   meta:
#     ucd: stat.param
# - 
#   name: reference_time
#   datatype: float64
#   unit: d
#   description: Reference time used for the geometric model fit
#   meta:
#     ucd: time.epoch
# - 
#   name: frequency
#   datatype: float64
#   unit: d**-1
#   description: Frequency of geometric model of the eclipsing binary light curve
#   meta:
#     ucd: src.orbital
# - 
#   name: frequency_error
#   datatype: float32
#   unit: d**-1
#   description: "Uncertainty of \\texttt{frequency}"
#   meta:
#     ucd: stat.error
# - 
#   name: geom_model_reference_level
#   datatype: float32
#   unit: mag
#   description: Magnitude reference level of geometric model
#   meta:
#     ucd: phot.mag;em.opt
# - 
#   name: geom_model_reference_level_error
#   datatype: float32
#   unit: mag
#   description: "Uncertainty of \\texttt{geomModelReferenceLevel}"
#   meta:
#     ucd: stat.error;phot.mag;em.opt
# - 
#   name: geom_model_gaussian1_phase
#   datatype: float32
#   description: Phase of the Gaussian 1 component
#   meta:
#     ucd: time.phase
# - 
#   name: geom_model_gaussian1_phase_error
#   datatype: float32
#   description: "Uncertainty of \\texttt{geomModelGaussian1Phase}"
#   meta:
#     ucd: stat.error;time.phase
# - 
#   name: geom_model_gaussian1_sigma
#   datatype: float32
#   description: "Standard deviation [phase] of Gaussian 1 component"
#   meta:
#     ucd: stat.stdev
# - 
#   name: geom_model_gaussian1_sigma_error
#   datatype: float32
#   description: "Uncertainty of \\texttt{geomModelGaussian1Sigma}"
#   meta:
#     ucd: stat.error
# - 
#   name: geom_model_gaussian1_depth
#   datatype: float32
#   unit: mag
#   description: Magnitude depth of Gaussian 1 component
#   meta:
#     ucd: src.var.amplitude
# - 
#   name: geom_model_gaussian1_depth_error
#   datatype: float32
#   unit: mag
#   description: "Uncertainty of \\texttt{geomModelGaussian1Depth}"
#   meta:
#     ucd: stat.error;src.var.amplitude
# - 
#   name: geom_model_gaussian2_phase
#   datatype: float32
#   description: Phase of Gaussian 2 component
#   meta:
#     ucd: time.phase
# - 
#   name: geom_model_gaussian2_phase_error
#   datatype: float32
#   description: "Uncertainty of \\texttt{geomModelGaussian2Phase}"
#   meta:
#     ucd: stat.error;time.phase
# - 
#   name: geom_model_gaussian2_sigma
#   datatype: float32
[...]
#   datatype: float32
#   description: "Secondary eclipse: uncertainty of \\texttt{derivedSecondaryEclDuration}"
#   meta:
#     ucd: stat.error;time.duration
# - 
#   name: derived_secondary_ecl_depth
#   datatype: float32
#   unit: mag
#   description: "Secondary eclipse: depth"
#   meta:
#     ucd: src.var.amplitude
# - 
#   name: derived_secondary_ecl_depth_error
#   datatype: float32
#   unit: mag
#   description: "Secondary eclipse: uncertainty of \\texttt{derivedSecondaryEclDepth}"
#   meta:
#     ucd: stat.error;src.var.amplitude
solution_id,source_id,global_ranking,reference_time,frequency,frequency_error,geom_model_reference_level,geom_model_reference_level_error,geom_model_gaussian1_phase,geom_model_gaussian1_phase_error,geom_model_gaussian1_sigma,geom_model_gaussian1_sigma_error,geom_model_gaussian1_depth,geom_model_gaussian1_depth_error,geom_model_gaussian2_phase,geom_model_gaussian2_phase_error,geom_model_gaussian2_sigma,geom_model_gaussian2_sigma_error,geom_model_gaussian2_depth,geom_model_gaussian2_depth_error,geom_model_cosine_half_period_amplitude,geom_model_cosine_half_period_amplitude_error,geom_model_cosine_half_period_phase,geom_model_cosine_half_period_phase_error,model_type,num_model_parameters,reduced_chi2,derived_primary_ecl_phase,derived_primary_ecl_phase_error,derived_primary_ecl_duration,derived_primary_ecl_duration_error,derived_primary_ecl_depth,derived_primary_ecl_depth_error,derived_secondary_ecl_phase,derived_secondary_ecl_phase_error,derived_secondary_ecl_duration,derived_secondary_ecl_duration_error,derived_secondary_ecl_depth,derived_secondary_ecl_depth_error
[from data line 265]
375316653866487564,4059961121062355328,0.4938712,2275.0397125921813,1.2323972135165326,3.2363307E-5,19.040495,0.0111443885,0.21671475,0.0118539585,0.071197584,0.01682975,0.21554951,0.059509017,0.69824344,0.005315532,0.07447514,0.0059490018,0.30405638,0.02660511,null,null,null,null,"TWOGAUSSIANS",8,3.1217742,0.69824344,0.005315532,0.4,0.0,0.30314487,0.02641576,0.21671475,0.0118539585,0.3987065,0.04752139,0.21463801,0.060886897
375316653866487564,4059961155380342144,0.4582532,2246.5268956506734,0.2896201349533158,1.189294E-4,19.058743,0.19578531,0.25083345,0.013073698,0.06965148,0.014832942,0.5261157,0.10437684,0.72192043,0.03719333,0.1899502,0.12027269,0.29028094,0.1800706,null,null,null,null,"TWOGAUSSIANS",8,6.972782,0.25165346,0.012442661,0.39004827,0.081154875,0.47309843,0.08512844,0.72192043,0.03719333,0.4,0.0,0.21781047,0.026563613
375316653866487564,4059961185422561280,0.43822628,2304.263495272856,4.096409068625207,6.523976E-5,18.338078,0.012737816,0.20352276,0.0068645882,0.04192601,0.01013822,0.22347055,0.1451198,0.7961661,0.009968563,0.06461408,0.008856032,0.3879389,0.036344025,null,null,null,null,"TWOGAUSSIANS",8,5.5655713,0.7961661,0.009968563,0.36183888,0.04959378,0.38793877,0.03634406,0.20352276,0.0068645882,0.23478566,0.05677403,0.22347043,0.14511994
375316653866487564,4059961838245189504,0.44779462,2261.634357836832,0.13677560334030994,6.142783E-5,18.894669,0.016300473,0.28302565,0.00524823,0.04491392,0.009099701,0.11595161,0.016062673,0.69355446,0.053989306,0.115284,0.03228516,0.10359904,0.027573392,null,null,null,null,"TWOGAUSSIANS",8,3.8022342,0.28312567,0.0052622766,0.25151795,0.050958328,0.115914315,0.016002797,0.69355446,0.053989306,0.4,0.0,0.10337855,0.027258852
375316653866487564,4059961975679970688,0.64319056,2256.5961423801346,2.5466853345771865,8.32599E-6,17.744722,0.013852164,0.28845006,7.110278E-4,0.04026317,0.0024607778,0.4576223,0.0356826,0.79444957,0.00414892,0.039799735,0.0047042966,0.31414554,0.0321903,0.13900694,0.0198479,0.28845006,7.110278E-4,"TWOGAUSSIANS_WITH_ELLIPSOIDAL_ON_ECLIPSE1",9,7.104663,0.28845006,7.110278E-4,0.22547375,0.013780355,0.73563606,0.02254049,0.79444957,0.00414892,0.22287852,0.026344059,0.59176445,0.012369972
375316653866487564,4059962426690408576,0.45768204,2255.817842455823,2.179066743556399,1.0921566E-4,19.144913,0.13574742,0.19201908,0.038019363,0.10277353,0.076723136,0.1564161,0.121736065,0.59597903,0.013699104,0.1291593,0.098435104,0.33599207,0.14111263,null,null,null,null,"TWOGAUSSIANS",8,6.7302704,0.59597903,0.013699104,0.4,0.0,0.31866133,0.14119196,0.19655909,0.023096664,0.4,0.0,0.14168684,0.06356581
375316653866487564,4059963079566527872,0.5092866,2241.670488597655,1.420644003257105,1.1135468E-5,18.811764,0.0077137696,0.791808,0.0018399807,0.008496591,0.0026705847,0.4312694,0.4545802,null,null,null,null,null,null,0.118291736,0.012353782,0.791808,0.0018399807,"ONEGAUSSIAN_WITH_ELLIPSOIDAL",6,4.0422163,0.791808,0.0018399807,0.04758091,0.014955275,0.6678524,0.46470547,null,null,null,null,null,null
375316653866487564,4059964007239438336,0.46892762,2339.914352420452,3.158760109234193,2.7952246E-5,19.62105,0.052493438,0.34406862,0.011296884,0.07833068,0.052639008,0.29328224,0.11474872,0.84390104,0.0020658236,0.062377684,0.013118844,0.49206752,0.12438377,null,null,null,null,"TWOGAUSSIANS",8,1.502666,0.84390104,0.0020684372,0.34931502,0.07341699,0.49075243,0.12958013,0.34406862,0.011296884,0.4,0.02332287,0.29196715,0.13136734
375316653866487564,4059964518320648064,0.4479785,2260.952803038545,2.9364828469396262,3.5240664E-5,19.03504,0.01192924,null,null,null,null,null,null,null,null,null,null,null,null,0.1888793,0.015609137,0.29431498,0.007128931,"ELLIPSOIDAL",4,17.545767,null,null,null,null,null,null,null,null,null,null,null,null
375316653866487564,4059965720867948416,0.5053019,2264.7735538764905,0.20308870565495143,2.4315053E-5,17.327446,0.004804008,0.5313854,0.0029227042,0.009070506,0.0023583376,0.3604609,0.084440954,0.7939655,0.07134273,0.047028314,0.04269306,0.03478681,0.053848196,null,null,null,null,"TWOGAUSSIANS",8,19.365913,0.5313854,0.0029227042,0.050794836,0.0132066915,0.3604609,0.084443145,0.7939655,0.07134273,0.26335856,0.23908113,0.03478681,0.053848196
375316653866487564,4059966201949027200,0.5101543,2264.1493129068062,1.6058373620772368,1.5940655E-5,19.611572,0.106812194,0.329763,0.019390928,0.09688588,0.03756107,0.26801434,0.12654714,0.7952661,0.0054686614,0.09657171,0.026460726,0.48981592,0.058940385,null,null,null,null,"TWOGAUSSIANS",8,1.2238704,0.7952661,0.0054686614,0.4,0.0,0.47399384,0.07223481,0.329773,0.019270128,0.4,0.0,0.25219408,0.054458667
375316653866487564,4059966408109049216,0.48544666,2222.267799128968,4.910242461291187,4.177313E-5,17.521055,0.005784437,0.25960115,0.014803932,0.092971206,0.01862289,0.05243101,0.010560864,0.68988496,0.013263648,0.04848825,0.012849656,0.12523676,0.06827859,null,null,null,null,"TWOGAUSSIANS",8,3.3158672,0.68988496,0.013263648,0.2715342,0.07195807,0.12519822,0.068315744,0.25960115,0.014803932,0.4,0.0,0.052391283,0.010536718
375316653866487564,4059967924252388096,0.5321124,2269.420043017409,1.4034983531160974,1.756301E-5,18.687504,0.0040192003,0.17399207,0.00417748,0.05595968,0.0046894825,0.17771862,0.010462466,0.6830081,0.016096652,0.05888837,0.013922311,0.27283937,0.039676405,null,null,null,null,"TWOGAUSSIANS",8,2.2790184,0.6830081,0.016096652,0.3297749,0.07796495,0.27281538,0.03975182,0.17399207,0.00417748,0.3133742,0.026261102,0.17769463,0.010467193
375316653866487564,4059968504031812736,0.58274454,2265.2520389680094,1.1323313543911817,1.2509936E-5,18.353703,0.0073292195,0.21801798,0.0021835244,0.08117713,0.0044497894,0.37979242,0.02256222,0.7212358,0.0050689955,0.08052238,0.004205496,0.47067386,0.023150211,null,null,null,null,"TWOGAUSSIANS",8,2.5661845,0.7212358,0.0050689955,0.4,0.0,0.4640117,0.02273651,0.21801798,0.0021835244,0.4,0.0,0.37313026,0.02357751
375316653866487564,4059968886320773376,0.4585987,2266.552457388974,0.6976923585959642,6.874022E-5,19.350798,0.01449479,0.28601798,0.042703986,0.051127385,0.012529199,0.2711947,0.37712428,0.6575794,0.021807425,0.038818464,0.020031212,0.41271904,0.2437528,null,null,null,null,"TWOGAUSSIANS",8,4.540624,0.6575794,0.021807425,0.2173834,0.112174794,0.41271904,0.2437528,0.28601798,0.042703986,0.28631335,0.07016351,0.2711947,0.37712428
375316653866487564,4059969092479414144,0.48947257,2232.6316768245533,1.0335509289954656,9.7613185E-5,18.52449,0.00950618,0.1125778,0.010594854,0.05238774,0.012976942,0.06915411,0.019357873,0.6326044,0.01539173,0.08786691,0.018804384,0.20894445,0.024555104,null,null,null,null,"TWOGAUSSIANS",8,2.838101,0.6326044,0.01539173,0.4,0.0,0.20866835,0.025049008,0.1125778,0.010594461,0.29337135,0.07267087,0.06887808,0.019407142
375316653866487564,4059969985833723264,0.46249917,2203.935365042915,0.4023697604656708,3.6919864E-5,19.809334,0.01757408,0.21439032,0.013070408,0.067223765,0.013361943,0.25197813,0.07685558,0.6015996,0.0124323405,0.12955344,0.020001002,0.28724205,0.043749887,null,null,null,null,"TWOGAUSSIANS",8,1.5808302,0.6015996,0.0124323405,0.4,0.0,0.28316,0.04490361,0.21579033,0.012635384,0.37645307,0.065205455,0.25125316,0.07769109
375316653866487564,4059970020201737984,0.52554137,2299.680394631966,1.5402907692588912,7.156272E-5,19.87535,0.0067101787,0.23641366,0.009171858,0.07774758,0.0125804255,0.3509315,0.06718322,0.60679215,6.5908685E-6,0.010589765,3.5312306E-4,0.24190234,0.0021624763,null,null,null,null,"TWOGAUSSIANS",8,0.6675188,0.23641366,0.009171858,0.4,0.0,0.3509315,0.06718331,0.60679215,6.5908685E-6,0.059302684,0.001977489,0.24190648,0.002199443
375316653866487564,4059970673029235584,0.5217112,2258.1305413940768,3.29495357177054,3.549838E-5,18.716541,0.09086122,0.25975698,0.007165097,0.12209029,0.021415172,0.3854709,0.09050663,0.7711604,0.007221395,0.10025733,0.02791668,0.36741263,0.07735629,null,null,null,null,"TWOGAUSSIANS",8,7.95211,0.25975698,0.007173093,0.4,0.0,0.33219787,0.019405063,0.77122045,0.007307714,0.4,0.0,0.31432432,0.058879465
375316653866487564,4059971050984066560,0.50297844,2239.8485129821593,0.1262121785116973,1.0879597E-6,18.527687,0.014273169,0.7023422,0.08802713,0.10851519,0.07877945,0.095412984,0.02630144,0.5059041,1.3362999E-5,0.001800685,4.7564692E-5,4.933307,0.34751546,null,null,null,null,"TWOGAUSSIANS",8,21.423271,0.5059041,1.3362999E-5,0.010083836,2.6636227E-4,4.951839,0.36238083,0.7023422,0.08802713,0.4,0.23450644,0.0954083,0.02630225
375316653866487564,4059971875618765184,0.45801342,2270.3483704333353,1.1666785397203836,1.420182E-5,19.532013,0.0497018,0.17790246,0.0066396566,0.09848771,0.018567676,0.2134039,0.04855791,0.7059268,0.037014943,0.107281856,0.024150904,0.14182076,0.056973156,null,null,null,null,"TWOGAUSSIANS",8,2.68499,0.17789246,0.0066198143,0.4,0.0,0.20067632,0.027282123,0.7059368,0.037012737,0.4,0.0,0.12908584,0.033906475
375316653866487564,4059972734613078656,0.43837255,2279.6919903481926,0.2291239295478511,2.2264569E-4,19.748419,0.05415921,0.25661403,0.010369318,0.073562115,0.02048093,0.27772093,0.07947788,0.74664813,0.007611732,0.14001223,0.034739543,0.26088637,0.05936032,null,null,null,null,"TWOGAUSSIANS",8,4.174969,0.25672403,0.010404949,0.4,0.08834779,0.24962868,0.08045678,0.74664813,0.007611732,0.4,0.0,0.2318797,0.05775636
375316653866487564,4059973387449508608,0.47144112,2259.633769566967,0.41264577369370986,3.772472E-5,19.35857,0.23104429,0.23656799,0.025303794,0.09938773,0.028811507,0.51646227,0.19992921,0.7099764,0.039874874,0.16693951,0.088773936,0.47609317,0.21306935,null,null,null,null,"TWOGAUSSIANS",8,2.6319613,0.23825799,0.02524139,0.4,0.0,0.39555255,0.08653186,0.7099764,0.039874874,0.4,0.0,0.3432915,0.057218786
375316653866487564,4059974074651115264,0.47094432,2194.748644542418,2.1209788223327437,5.7698355E-5,19.537512,0.029823998,0.37582904,0.035622727,0.110230155,0.023879312,0.22196802,0.0558804,0.769825,0.029854681,0.12214723,0.035135828,0.12700723,0.033522733,null,null,null,null,"TWOGAUSSIANS",8,2.151889,0.37685904,0.03462216,0.4,0.0,0.21175113,0.049392857,0.769825,0.029854681,0.4,0.0,0.11645452,0.020175265
375316653866487564,4059974555681999232,0.5105457,2278.5119094393553,0.8823021614025336,2.8710856E-5,18.620352,0.11525683,0.2110827,0.030746013,0.09082079,0.03951151,0.40023932,0.11463284,0.7095321,0.016730264,0.09096503,0.06797703,0.34943932,0.12004286,null,null,null,null,"TWOGAUSSIANS",8,4.6904993,0.2110827,0.030764973,0.4,0.02523292,0.3836156,0.037332732,0.7095321,0.016730264,0.4,0.010920314,0.33281565,0.1839068
375316653866487564,4059974590041460480,0.48449284,2250.258845377599,0.38612442112130024,1.1226721E-4,19.100271,0.4628371,0.17632286,0.023796605,0.05770366,0.024939932,0.323477,0.098962985,0.7186689,0.018639127,0.22364883,0.10489721,0.6145464,0.4544796,null,null,null,null,"TWOGAUSSIANS",8,6.649903,0.7186689,0.018639127,0.4,0.0,0.45847476,0.053752918,0.17249286,0.020845072,0.32314047,0.13966362,0.27621236,0.08236014
375316653866487564,4059975105437921280,0.4478572,2245.013286322378,0.6221660794695475,9.095642E-5,19.681252,0.06719825,0.342265,0.019344447,0.19189434,0.04389478,0.37854794,0.063854784,0.65296954,0.0018934954,0.016097363,0.0105214,1.2957555,3224.057,null,null,null,null,"TWOGAUSSIANS",8,3.0321174,0.65296954,0.0018934954,0.09014524,0.05891984,1.3730052,3224.057,0.342265,0.019344447,0.4,0.0,0.35314438,0.0349376
375316653866487564,4059975277276257792,0.5004208,2225.380741220298,0.9487391454888889,3.0688923E-5,19.170313,0.01979919,0.322204,0.024207823,0.067641,0.014744078,0.23733391,0.110296234,0.8042602,0.0026920182,0.04996253,0.0038333125,0.5080385,0.02429299,null,null,null,null,"TWOGAUSSIANS",8,7.58581,0.8042602,0.0026920182,0.2797902,0.02146655,0.50799894,0.024256231,0.322204,0.024207823,0.3787896,0.07698796,0.23729438,0.110335015
375316653866487564,4059976651666082432,0.5114154,2202.8786858551193,4.142306581815579,3.271754E-5,19.122196,0.009405977,0.3793992,0.026783394,0.05608651,0.013087408,0.09439586,0.03316263,0.8516479,0.011483151,0.045168333,0.014481434,0.24018182,0.10644665,null,null,null,null,"TWOGAUSSIANS",8,1.232529,0.8516479,0.011483151,0.25294268,0.08109602,0.24018146,0.10645556,0.3793992,0.026783394,0.31408447,0.073289484,0.0943955,0.033148065
375316653866487564,4059976823424614912,0.5025469,2235.86051969505,1.395175926679046,1.7758523E-5,18.99978,0.098526746,0.24676548,0.021094754,0.082057536,0.072448745,0.31665814,0.081972755,0.7891296,0.01988606,0.07883969,0.027001858,0.22678372,0.09346927,null,null,null,null,"TWOGAUSSIANS",8,2.9351978,0.24676548,0.021121806,0.4,0.0,0.3148272,0.115455,0.7891296,0.019618493,0.4,0.014074141,0.22495282,0.059484225
375316653866487564,4059976857784776064,0.5253171,2235.4715986920246,1.7416785303818296,3.7558664E-5,19.616556,0.02158078,0.1963519,0.013315772,0.09339415,0.021683963,0.2218147,0.024546279,0.704858,0.005595864,0.090960726,0.013031363,0.23514265,0.027729189,null,null,null,null,"TWOGAUSSIANS",8,1.1874094,0.704858,0.005595864,0.4,0.0,0.22497284,0.028636448,0.1963519,0.013315772,0.4,0.0,0.21164475,0.022534352
375316653866487564,4059976926503309568,0.5830982,2256.183059487687,0.6382708805139583,5.6604176E-6,18.633831,0.0045050294,0.22038205,0.007317609,0.036658958,0.005096845,0.41090384,0.016730081,0.72681224,0.0129922535,0.0461592,0.007830147,0.055842716,0.010040178,null,null,null,null,"TWOGAUSSIANS",8,3.1492,0.22038205,0.007317609,0.20529017,0.028542332,0.41090384,0.016730059,0.72681224,0.0129922535,0.25849152,0.04384882,0.055842716,0.010040172
375316653866487564,4059977368845289216,0.47510058,2257.6357307532103,1.2962393808858164,4.1983636E-5,18.742838,0.007824058,0.21965198,0.008804367,0.059226364,0.008094919,0.1794351,0.018792385,0.7142795,0.0075560915,0.066647805,0.012863425,0.13043034,0.016330121,null,null,null,null,"TWOGAUSSIANS",8,2.7529457,0.21965198,0.008804367,0.33166763,0.045331545,0.17933963,0.01877886,0.7142795,0.0075560915,0.37322772,0.060113724,0.13033487,0.016426856
375316653866487564,4059977785538820224,0.43828577,2315.7980745219224,1.0907680426793607,1.1739013E-5,17.810339,0.00933633,0.16451107,0.0054373825,0.05930011,0.018849997,0.07778123,0.007263142,0.6560757,0.0032055874,0.03585557,0.00385885,0.18739377,0.014616155,null,null,null,null,"TWOGAUSSIANS",8,3.8483822,0.6560757,0.0032055874,0.20079118,0.021609562,0.18739365,0.014615677,0.16451107,0.0054373825,0.3320806,0.10555998,0.0777811,0.007264717
375316653866487564,4059977987315245696,0.53925836,2240.973946841932,1.987028928238052,3.1915748E-5,19.186901,0.059674922,0.22889374,0.01569352,0.08846838,0.019759232,0.3774758,0.057510395,0.74213856,0.0155872125,0.071588,0.021130526,0.2450413,0.058913946,null,null,null,null,"TWOGAUSSIANS",8,2.282696,0.22889374,0.01569352,0.4,0.0,0.37385795,0.04262905,0.74213856,0.0155872125,0.4,0.07475379,0.24142356,0.044483837
375316653866487564,4059978021700654336,0.482328,2361.0419078191944,1.7685939944518432,4.5440243E-5,19.824013,0.019110974,0.16818455,0.017274385,0.06654173,0.039359752,0.1297032,0.448202,0.5833684,0.010117804,0.08029914,0.04344481,1.4019805,82.79807,null,null,null,null,"TWOGAUSSIANS",8,1.6191951,0.5833684,0.010117804,0.4,0.15110344,1.4016528,82.79854,0.16818455,0.01724077,0.37263373,0.21601069,0.1293777,0.4486102
375316653866487564,4059978159139636864,0.50224346,2204.986669140967,0.10472234664594537,3.1525433E-5,19.55411,0.015611586,0.33436093,0.005214646,0.064981416,0.0067801736,0.6237748,0.12827066,0.76934135,0.011743692,0.046169557,0.032388303,0.5110472,0.06495947,null,null,null,null,"TWOGAUSSIANS",8,3.29485,0.33436093,0.005214646,0.36389592,0.03796897,0.623772,0.12829693,0.76934135,0.011743692,0.2585495,0.13226885,0.51104444,0.06574916
