Gaia/vari_eclipsing_binary/VariEclipsingBinary_483529-483541.csv
# %ECSV 1.0
# ---
# delimiter: ','
# meta: !!omap
# - RELEASE: Gaia DR3
# - TABLE: vari_eclipsing_binary
# - DESCRIPTION: >
#     This table describes the properties of the eclipsing binaries resulting from the variability analysis. 
# - CITATION: >
#     How to cite and acknowledge Gaia: 
#     https://gea.esac.esa.int/archive/documentation/credits.html 
# - KNOWN_ISSUES: >
#     Known issues: 
#     https://www.cosmos.esa.int/web/gaia-users/known-issues 
# - DOCUMENTATION: >
#     Tutorials and documentation: 
#     https://www.cosmos.esa.int/web/gaia-users/archive 
# datatype:
# - 
#   name: solution_id
#   datatype: int64
#   description: Solution Identifier
#   meta:
#     ucd: meta.version
# - 
#   name: source_id
#   datatype: int64
#   description: Unique source identifier
#   meta:
#     ucd: meta.id;meta.main
# - 
#   name: global_ranking
#   datatype: float32
#   description: Number between 0 (worst) and 1 (best)
#   meta:
#     ucd: stat.param
# - 
#   name: reference_time
#   datatype: float64
#   unit: d
#   description: Reference time used for the geometric model fit
#   meta:
#     ucd: time.epoch
# - 
#   name: frequency
#   datatype: float64
#   unit: d**-1
#   description: Frequency of geometric model of the eclipsing binary light curve
#   meta:
#     ucd: src.orbital
# - 
#   name: frequency_error
#   datatype: float32
#   unit: d**-1
#   description: "Uncertainty of \\texttt{frequency}"
#   meta:
#     ucd: stat.error
# - 
#   name: geom_model_reference_level
#   datatype: float32
#   unit: mag
#   description: Magnitude reference level of geometric model
#   meta:
#     ucd: phot.mag;em.opt
# - 
#   name: geom_model_reference_level_error
#   datatype: float32
#   unit: mag
#   description: "Uncertainty of \\texttt{geomModelReferenceLevel}"
#   meta:
#     ucd: stat.error;phot.mag;em.opt
# - 
#   name: geom_model_gaussian1_phase
#   datatype: float32
#   description: Phase of the Gaussian 1 component
#   meta:
#     ucd: time.phase
# - 
#   name: geom_model_gaussian1_phase_error
#   datatype: float32
#   description: "Uncertainty of \\texttt{geomModelGaussian1Phase}"
#   meta:
#     ucd: stat.error;time.phase
# - 
#   name: geom_model_gaussian1_sigma
#   datatype: float32
#   description: "Standard deviation [phase] of Gaussian 1 component"
#   meta:
#     ucd: stat.stdev
# - 
#   name: geom_model_gaussian1_sigma_error
#   datatype: float32
#   description: "Uncertainty of \\texttt{geomModelGaussian1Sigma}"
#   meta:
#     ucd: stat.error
# - 
#   name: geom_model_gaussian1_depth
#   datatype: float32
#   unit: mag
#   description: Magnitude depth of Gaussian 1 component
#   meta:
#     ucd: src.var.amplitude
# - 
#   name: geom_model_gaussian1_depth_error
#   datatype: float32
#   unit: mag
#   description: "Uncertainty of \\texttt{geomModelGaussian1Depth}"
#   meta:
#     ucd: stat.error;src.var.amplitude
# - 
#   name: geom_model_gaussian2_phase
#   datatype: float32
#   description: Phase of Gaussian 2 component
#   meta:
#     ucd: time.phase
# - 
#   name: geom_model_gaussian2_phase_error
#   datatype: float32
#   description: "Uncertainty of \\texttt{geomModelGaussian2Phase}"
#   meta:
#     ucd: stat.error;time.phase
# - 
#   name: geom_model_gaussian2_sigma
#   datatype: float32
[...]
#   datatype: float32
#   description: "Secondary eclipse: uncertainty of \\texttt{derivedSecondaryEclDuration}"
#   meta:
#     ucd: stat.error;time.duration
# - 
#   name: derived_secondary_ecl_depth
#   datatype: float32
#   unit: mag
#   description: "Secondary eclipse: depth"
#   meta:
#     ucd: src.var.amplitude
# - 
#   name: derived_secondary_ecl_depth_error
#   datatype: float32
#   unit: mag
#   description: "Secondary eclipse: uncertainty of \\texttt{derivedSecondaryEclDepth}"
#   meta:
#     ucd: stat.error;src.var.amplitude
solution_id,source_id,global_ranking,reference_time,frequency,frequency_error,geom_model_reference_level,geom_model_reference_level_error,geom_model_gaussian1_phase,geom_model_gaussian1_phase_error,geom_model_gaussian1_sigma,geom_model_gaussian1_sigma_error,geom_model_gaussian1_depth,geom_model_gaussian1_depth_error,geom_model_gaussian2_phase,geom_model_gaussian2_phase_error,geom_model_gaussian2_sigma,geom_model_gaussian2_sigma_error,geom_model_gaussian2_depth,geom_model_gaussian2_depth_error,geom_model_cosine_half_period_amplitude,geom_model_cosine_half_period_amplitude_error,geom_model_cosine_half_period_phase,geom_model_cosine_half_period_phase_error,model_type,num_model_parameters,reduced_chi2,derived_primary_ecl_phase,derived_primary_ecl_phase_error,derived_primary_ecl_duration,derived_primary_ecl_duration_error,derived_primary_ecl_depth,derived_primary_ecl_depth_error,derived_secondary_ecl_phase,derived_secondary_ecl_phase_error,derived_secondary_ecl_duration,derived_secondary_ecl_duration_error,derived_secondary_ecl_depth,derived_secondary_ecl_depth_error
[from data line 450]
375316653866487564,4253242002264107008,0.5046623,2311.402875493764,3.4906221323553157,5.5827513E-5,19.836063,0.061758373,0.23886032,0.024095392,0.07008435,0.030895464,0.45457625,0.09251737,0.72422206,0.015376768,0.08612797,0.01390309,0.52317715,0.13831608,null,null,null,null,"TWOGAUSSIANS",8,5.4977484,0.72422206,0.015376768,0.4,0.0,0.51888025,0.12320184,0.23886032,0.024095392,0.39247236,0.06642908,0.45027947,0.09586365
375316653866487564,4253242036623825792,0.49719313,2306.920146070225,0.7580831488917942,1.0068727E-5,19.109892,0.023510743,0.42885652,0.024863262,0.17908415,0.04165673,0.1720647,0.025910225,0.9136899,2.7505576E-4,0.012458095,8.202791E-4,0.6064412,0.15090881,null,null,null,null,"TWOGAUSSIANS",8,0.85769075,0.9136899,2.7505576E-4,0.06976534,0.004593563,0.6055162,0.15038309,0.42885652,0.024863262,0.4,0.0,0.16398667,0.012940619
375316653866487564,4253242174062686336,0.54526854,2290.1104528861338,2.5981734020314966,1.4600671E-5,18.420225,0.1052049,0.15043646,0.008998658,0.10994924,0.026456112,0.39450184,0.09897882,0.65132296,0.008172254,0.11608674,0.03159845,0.36912236,0.095069,null,null,null,null,"TWOGAUSSIANS",8,4.452788,0.15043646,0.009003174,0.4,0.0,0.32916722,0.018577036,0.65132296,0.008177775,0.4,0.0,0.30374405,0.019164816
375316653866487564,4253242204140818688,0.58428127,2275.2136811878772,4.0142704894796495,4.6074794E-5,18.758541,0.009026767,0.23452032,0.0059675397,0.06390898,0.003528461,0.5291463,0.022370374,0.73597234,0.0046782303,0.072937004,0.0048411037,0.4667888,0.014110308,null,null,null,null,"TWOGAUSSIANS",8,2.88084,0.23452032,0.0059675397,0.35789028,0.019759383,0.52794784,0.022015965,0.73597234,0.0046782303,0.4,0.0,0.46559033,0.014304993
375316653866487564,4253242208422882432,0.6077688,2337.800664136344,2.4170385908860457,1.039387E-5,18.100399,0.01756887,0.27722704,0.003963889,0.04284357,0.00858364,0.29127064,0.036789205,0.7864558,0.003233408,0.03953929,0.005584971,0.30086666,0.04419721,0.11859504,0.021596514,0.27722704,0.003963889,"TWOGAUSSIANS_WITH_ELLIPSOIDAL_ON_ECLIPSE1",9,4.8940735,0.7864558,0.003233408,0.22142,0.03127584,0.5372597,0.04268266,0.27722704,0.003963889,0.23992398,0.04806838,0.5284603,0.036696788
375316653866487564,4253242311502249472,0.5925501,2267.989439465398,1.7945791289535462,1.3467669E-5,17.995707,0.00921552,0.3392183,0.0023608874,0.05432177,0.0027369277,0.28887227,0.011301593,0.8234066,0.017103964,0.076554894,0.022155073,0.06254158,0.009603361,null,null,null,null,"TWOGAUSSIANS",8,2.8721068,0.3392183,0.0023608874,0.3042019,0.015326795,0.2887765,0.011103305,0.8234066,0.017103964,0.4,0.04543087,0.062445793,0.00959756
375316653866487564,4253242483300019456,0.47227085,2281.2633314352647,4.523255283195975,6.4992644E-5,18.267931,0.019374553,0.5758794,0.053128462,0.16509461,0.07276995,0.12524173,0.014518245,0.46766445,0.002588657,0.01323696,0.012574475,0.10870725,1923.8888,null,null,null,null,"TWOGAUSSIANS",8,7.2919273,0.46831444,0.001940851,0.074126974,0.07041706,0.20731416,1923.8967,0.5758794,0.053128462,0.4,0.0,0.122688666,0.01385661
375316653866487564,4253242552019688704,0.467235,2295.9681082835687,1.1620932403571504,5.026486E-5,19.31507,0.0214417,0.12999544,0.005719631,0.07153456,0.017223492,0.14707384,0.029920038,0.6473808,0.048471536,0.054820243,0.046879347,0.1242823,0.057827275,null,null,null,null,"TWOGAUSSIANS",8,2.1102746,0.12999544,0.005719631,0.4,0.04201836,0.14701185,0.02964506,0.6473808,0.048471536,0.30699337,0.16905837,0.12422032,0.05818774
375316653866487564,4253242655098666368,0.5087156,2276.726612859065,4.449069531777048,1.0660057E-4,18.24757,0.017814917,0.28511775,0.056383546,0.076921664,0.03370697,0.42793438,0.13969389,0.7933645,0.006599474,0.090304144,0.010179778,0.37030077,0.0454492,null,null,null,null,"TWOGAUSSIANS",8,13.972206,0.28511775,0.056383546,0.4,0.15301725,0.42016065,0.13640027,0.7933645,0.006599474,0.4,0.0,0.36252686,0.04657264
375316653866487564,4253242792538430208,0.54680586,2355.157083238519,4.689193464902381,2.6380802E-5,19.178148,0.015564731,0.15838528,0.08641655,0.049105387,0.017613364,0.050070636,0.018284634,0.5518822,0.005651946,0.14214626,0.008478629,0.3101155,0.015295145,null,null,null,null,"TWOGAUSSIANS",8,1.5565193,0.5518822,0.005651946,0.4,0.0,0.3076558,0.00841385,0.16552529,0.091879204,0.27499017,0.09863485,0.05482692,0.033089537
375316653866487564,4253242994398263936,0.5379226,2313.898526016686,0.21183610868457767,1.129774E-4,19.441496,0.0030955307,0.34053966,0.0066961907,0.04059191,0.0049800603,0.3094573,0.022289667,0.84570545,0.034862004,0.057465184,0.025348784,0.29097912,0.3221002,null,null,null,null,"TWOGAUSSIANS",8,0.5865851,0.34053966,0.0066961907,0.22731471,0.027888339,0.3094563,0.022290826,0.84570545,0.034862004,0.32180503,0.1419532,0.2909781,0.32210127
375316653866487564,4253243136227340288,0.4731731,2213.835002522803,0.05890950568946788,1.6150561E-5,17.673357,0.2799126,0.08347525,0.05556375,0.18559447,0.12876655,0.3190554,0.26937908,0.5671371,0.0048451032,0.09523854,0.018528735,0.58017033,0.208516,null,null,null,null,"TWOGAUSSIANS",8,5.4316707,0.5671371,0.0048451032,0.4,0.0,0.46886104,0.04777815,0.083485246,0.05556735,0.4,0.0,0.1903987,0.057502102
375316653866487564,4253243170493358976,0.5052946,2232.6002782184105,1.9918980219324196,2.8128978E-5,18.442303,0.0051127505,0.30414358,0.004837081,0.022702448,0.044604998,0.034201644,108.12058,null,null,null,null,null,null,0.09377794,0.009205491,0.30414358,0.004837081,"ONEGAUSSIAN_WITH_ELLIPSOIDAL",6,7.0941634,0.30414358,0.004837081,0.12713371,0.24978799,0.22175747,108.12073,null,null,null,null,null,null
375316653866487564,4253243308026124672,0.46955815,2236.3960540870094,1.8061890114283663,1.0743877E-4,17.986313,0.009955484,0.23659001,0.032104682,0.0649856,0.057934925,0.08544452,0.020680178,0.7895516,0.01590555,0.038145646,0.026181305,0.084255405,0.028387453,null,null,null,null,"TWOGAUSSIANS",8,5.019587,0.23659001,0.032104682,0.36391938,0.27303,0.08544442,0.020688368,0.7895516,0.01590555,0.21361561,0.14661531,0.084255315,0.02843056
375316653866487564,4253243342292644096,0.5312211,2253.3845792148804,2.8847624792365116,3.3625736E-5,19.432308,0.019671993,0.24625362,0.007914889,0.034219746,0.03812658,0.68202853,0.40769547,0.75553066,0.0036339723,0.010614005,0.008082653,0.43997422,27.053345,0.10607517,0.023781974,0.24625362,0.007914889,"TWOGAUSSIANS_WITH_ELLIPSOIDAL_ON_ECLIPSE1",9,8.866132,0.24625362,0.007914889,0.19163057,0.19993606,0.89417833,0.43012825,0.75553066,0.0036339723,0.059438426,0.04526286,0.6514041,27.06043
375316653866487564,4253243445372056448,0.47727942,2203.971011973984,1.366585944056585,3.4920264E-5,17.137545,0.017573563,0.24118036,0.009070228,0.10329926,0.020743381,0.1488996,0.01675234,0.7380931,0.015318208,0.08096949,0.01642363,0.15541694,0.023211205,null,null,null,null,"TWOGAUSSIANS",8,17.292519,0.7380931,0.015318208,0.4,0.0014281183,0.14818084,0.021190565,0.24118036,0.009070228,0.4,0.0,0.14166105,0.015974103
375316653866487564,4253243479731497344,0.53764266,2244.4427275193975,1.7013515684958693,2.956233E-5,18.078243,0.04441697,0.3623296,0.006221403,0.124238774,0.024209835,0.1541867,0.04227648,0.8321785,0.0055643143,0.12540817,0.02191008,0.15928264,0.042684186,null,null,null,null,"TWOGAUSSIANS",8,1.4604901,0.8321785,0.0055643143,0.4,0.0,0.1265435,0.008563955,0.3626896,0.0059016924,0.4,0.0,0.12147376,0.0075836214
375316653866487564,4253243548451299456,0.48524442,2246.837245335967,0.46904520822283824,6.793316E-5,18.569654,0.077415705,0.038549654,0.8920832,0.058808744,0.029235605,0.10273994,0.11336548,0.49983072,0.013471486,0.15358564,0.047586676,0.2389761,0.07296141,null,null,null,null,"TWOGAUSSIANS",8,8.8520565,0.49983072,0.013471486,0.4,0.0,0.22521618,0.027834957,0.039939653,0.8897776,0.32932898,0.14547998,0.092144415,0.10121046
375316653866487564,4253243617169876352,0.50809693,2226.9686971592214,3.5462197780155558,4.560308E-5,19.920649,0.029721588,0.4348628,0.027379412,0.07307214,0.026681446,0.25644058,0.075847,0.782315,0.013880419,0.077128716,0.017176742,0.22507921,0.040683907,null,null,null,null,"TWOGAUSSIANS",8,1.1701931,0.4348728,0.027370494,0.4,0.12717052,0.2564112,0.075859174,0.782315,0.013880419,0.4,0.016277237,0.22504415,0.040553655
375316653866487564,4253243651529955968,0.55149585,2265.0097427479964,3.0263602115129213,1.478434E-5,19.221558,0.017358951,0.25576842,0.004929204,0.06894744,0.007866581,0.5899869,0.08055962,0.7608724,0.01379783,0.08147651,0.0171395,0.48236758,0.061487455,null,null,null,null,"TWOGAUSSIANS",8,5.5925226,0.25576842,0.004929204,0.3861057,0.025641918,0.5862379,0.08272966,0.7608724,0.01379783,0.4,0.033663444,0.4786186,0.062393356
375316653866487564,4253243685889530368,0.47239396,2249.6660856998337,0.04908577705533244,6.685456E-5,18.413452,0.02231563,0.35181516,0.009006159,0.047421843,0.009991913,0.32755652,0.10037935,0.80987227,0.024269868,0.07828933,0.017342571,0.27856565,0.108114876,null,null,null,null,"TWOGAUSSIANS",8,16.637106,0.35181516,0.009006159,0.26556233,0.05595471,0.32750374,0.10046129,0.80987227,0.024269868,0.4,0.035976477,0.27851287,0.10813664
375316653866487564,4253243720249116928,0.50119114,2249.5980078397406,3.1862793367215216,3.5573587E-5,19.40744,0.028522408,0.20535377,0.011865344,0.08686848,0.021261586,0.23312676,0.03212641,0.68999666,0.009791937,0.089710966,0.01617479,0.1834891,0.030389111,null,null,null,null,"TWOGAUSSIANS",8,1.8073316,0.20535377,0.011865344,0.4,0.0,0.22729829,0.025644077,0.68999666,0.009791937,0.4,0.0,0.17766058,0.020649912
375316653866487564,4253243960861178112,0.50986016,2233.6197298826105,0.9474765276366268,4.128758E-5,15.308102,0.008925458,0.25246,0.0064331032,0.08641043,0.0066116992,0.24602343,0.010628914,0.7723677,0.059514724,0.061663993,0.02309742,0.34210896,0.21850248,null,null,null,null,"TWOGAUSSIANS",8,56.143627,0.7723677,0.059514724,0.34531835,0.12934555,0.34094355,0.2178379,0.25246,0.0064331032,0.4,0.0,0.24485795,0.010000108
375316653866487564,4253244029594870400,0.50280845,2287.636782274044,2.7263304790085576,4.6803845E-5,17.782734,0.12361904,0.28300172,0.013402597,0.11382048,0.029404983,0.40508816,0.12444927,0.7756635,0.006808366,0.111625336,0.031651683,0.40299305,0.118842125,null,null,null,null,"TWOGAUSSIANS",8,10.87095,0.28301173,0.013403795,0.4,0.0,0.34089038,0.05323497,0.7756635,0.006808366,0.4,0.0,0.33881265,0.046832953
375316653866487564,4253244128269537792,0.5109583,2253.9034005818885,0.7823011803000032,1.5666867E-4,16.883917,0.028747171,0.35647088,0.07553137,0.25372937,0.17550105,0.042772826,0.022805747,0.8106554,0.030719532,0.039299563,0.012479662,0.25036222,0.11642816,null,null,null,null,"TWOGAUSSIANS",8,8.730435,0.8106554,0.030719532,0.22007754,0.06988611,0.24812154,0.114369474,0.35647088,0.07553137,0.4,0.0,0.02772122,0.014823164
375316653866487564,4253244270006204544,0.5846355,2256.670184691484,1.786502172716672,2.194736E-5,19.153524,0.018836325,0.25932416,0.005585342,0.033817448,0.026410023,0.15628923,0.06793766,0.75489897,0.024535805,0.032644704,0.020444047,0.37337443,0.8096245,0.16716659,0.022757873,0.25932416,0.005585342,"TWOGAUSSIANS_WITH_ELLIPSOIDAL_ON_ECLIPSE1",9,2.5600135,0.7552089,0.024188068,0.18281034,0.11448666,0.70746684,0.812174,0.25932416,0.005585342,0.18937771,0.14789613,0.49062195,0.05554212
375316653866487564,4253244544884896640,0.47634014,2239.9872209657365,0.8614381611097317,4.5483368E-5,19.436228,0.22605301,0.33339608,0.018597793,0.09384229,0.020184772,0.21155354,0.08121696,0.7645254,0.04376341,0.15978602,0.11859633,0.16760533,0.22116345,null,null,null,null,"TWOGAUSSIANS",8,1.88783,0.3363661,0.014157062,0.4,0.0,0.18823363,0.030754216,0.7645254,0.04376341,0.4,0.0,0.13949418,0.013491968
375316653866487564,4253244609306352384,0.42116275,2262.3706033482895,0.8036174286918019,5.3538995E-5,18.785576,0.01334793,0.20500483,0.010040201,0.07953113,0.022040393,0.1588459,0.07151173,0.8262377,1.4833975E-4,0.015620951,0.0037236463,0.07324457,0.011314572,null,null,null,null,"TWOGAUSSIANS",8,1.2797738,0.20500483,0.010040201,0.4,0.0572944,0.1588459,0.07151174,0.8262377,1.4833975E-4,0.08747732,0.02085242,0.073246464,0.011322812
375316653866487564,4253244819762110848,0.4543639,2230.5152838613717,2.432300587482697,1.4767355E-4,18.596867,0.011757811,0.19713764,0.020349707,0.08082319,0.015606854,0.066883,0.013943367,0.5558025,0.021316681,0.10938378,0.051055543,0.10371785,0.03138488,null,null,null,null,"TWOGAUSSIANS",8,2.3177767,0.5558025,0.021316681,0.4,0.0,0.10314301,0.032939736,0.19859764,0.015933074,0.4,0.0,0.066795066,0.013633938
375316653866487564,4253245094732689024,0.49240813,2219.2771372840116,0.47193553267567234,5.3156156E-5,15.617155,0.011017219,0.2836423,0.019473331,0.08959063,0.04314433,0.12263334,0.060137592,0.7821118,0.014161981,0.060244042,0.044204276,0.061760448,133.90915,null,null,null,null,"TWOGAUSSIANS",8,43.786514,0.2836423,0.019473331,0.4,0.021187738,0.12196005,0.063685045,0.7821118,0.014161981,0.33736664,0.24754395,0.061087202,133.90997
375316653866487564,4253245197720460800,0.50285184,2231.927746624742,2.4073149521139086,2.5938778E-5,19.546032,0.13067493,0.26160493,0.012407216,0.10378842,0.037220694,0.38202435,0.11423366,0.7572886,0.010256873,0.107049,0.0337351,0.3320738,0.13432434,null,null,null,null,"TWOGAUSSIANS",8,2.765097,0.26160493,0.012422654,0.4,0.0,0.34135222,0.031192064,0.7572886,0.010255676,0.4,0.0,0.29139644,0.028093088
375316653866487564,4253245300801356544,0.58774805,2226.4718509360714,2.9355718159148094,2.2464186E-5,17.1538,0.022465996,0.23047072,0.005653117,0.077905975,0.010893429,0.32140762,0.071386896,0.7167709,0.013629597,0.06891059,0.019840052,0.37559703,0.033858683,null,null,null,null,"TWOGAUSSIANS",8,15.396813,0.7167709,0.013629597,0.3858993,0.021566233,0.37408262,0.031477176,0.23047072,0.005653117,0.4,9.588198E-4,0.3198932,0.07192098
375316653866487564,4253245369520578048,0.579241,2201.2016902972864,2.016129605255913,2.399904E-5,18.98467,0.16390768,0.24691544,0.0101744635,0.08683204,0.021885045,0.65722513,0.15525903,0.7573817,0.03292893,0.09698893,0.048318975,0.4667107,0.17627953,null,null,null,null,"TWOGAUSSIANS",8,8.706086,0.24691544,0.010142565,0.4,0.0,0.63413584,0.0627596,0.7573817,0.03293865,0.4,0.06530345,0.4436197,0.08580934
375316653866487564,4253245399578627840,0.6001343,2246.200637886655,1.832177149786404,1.4333975E-5,16.416592,0.010878855,0.28182286,0.0060092974,0.10732578,0.011521625,0.13083948,0.010266994,0.76952434,0.003563007,0.090604946,0.0071297316,0.22757915,0.009798736,null,null,null,null,"TWOGAUSSIANS",8,4.2819724,0.76952434,0.003563007,0.4,0.0,0.21592559,0.0093067745,0.28182286,0.0060092974,0.4,0.0,0.1191803,0.0048420927
375316653866487564,4253245433935463936,0.43591666,2227.9235930452746,2.369339682766115,2.6315276E-5,18.56259,0.022573646,0.33135676,0.043749057,0.041958854,0.03220551,0.13889998,0.46474963,0.6860143,0.046732467,0.1537275,0.0740709,0.11635149,0.030342316,null,null,null,null,"TWOGAUSSIANS",8,2.8460078,0.33292675,0.042537056,0.23496959,0.18035085,0.14582053,0.46467876,0.6860143,0.046732467,0.4,0.0,0.115030825,0.030300617
375316653866487564,4253245506959926016,0.5186295,2298.6868097304664,0.4292862286641625,1.6502236E-4,18.819891,0.028050026,0.5674038,0.026348928,0.021371137,0.025988815,0.12535769,0.050002333,0.3754496,0.008620275,0.16730806,0.05003731,0.17294107,0.025027888,null,null,null,null,"TWOGAUSSIANS",8,1.9540639,0.5651438,0.02598708,0.11967837,0.14553736,0.21162273,0.041572694,0.3754496,0.008618798,0.4,0.0,0.16896395,0.0051505826
375316653866487564,4253245919279457536,0.51604754,2297.3458225404784,0.21186148589399695,6.363008E-5,18.761179,0.012136066,0.2830375,0.012630357,0.033149946,0.01953456,0.40968657,0.0601523,0.82738644,0.007780921,0.067600526,0.0068112235,0.43278342,0.044873152,null,null,null,null,"TWOGAUSSIANS",8,4.008452,0.82738644,0.007780921,0.37856293,0.03814285,0.43278304,0.04487334,0.2830375,0.012630357,0.1856397,0.10939354,0.4096862,0.060151227
