Gaia/vari_eclipsing_binary/VariEclipsingBinary_688884-688915.csv
# %ECSV 1.0
# ---
# delimiter: ','
# meta: !!omap
# - RELEASE: Gaia DR3
# - TABLE: vari_eclipsing_binary
# - DESCRIPTION: >
#     This table describes the properties of the eclipsing binaries resulting from the variability analysis. 
# - CITATION: >
#     How to cite and acknowledge Gaia: 
#     https://gea.esac.esa.int/archive/documentation/credits.html 
# - KNOWN_ISSUES: >
#     Known issues: 
#     https://www.cosmos.esa.int/web/gaia-users/known-issues 
# - DOCUMENTATION: >
#     Tutorials and documentation: 
#     https://www.cosmos.esa.int/web/gaia-users/archive 
# datatype:
# - 
#   name: solution_id
#   datatype: int64
#   description: Solution Identifier
#   meta:
#     ucd: meta.version
# - 
#   name: source_id
#   datatype: int64
#   description: Unique source identifier
#   meta:
#     ucd: meta.id;meta.main
# - 
#   name: global_ranking
#   datatype: float32
#   description: Number between 0 (worst) and 1 (best)
#   meta:
#     ucd: stat.param
# - 
#   name: reference_time
#   datatype: float64
#   unit: d
#   description: Reference time used for the geometric model fit
#   meta:
#     ucd: time.epoch
# - 
#   name: frequency
#   datatype: float64
#   unit: d**-1
#   description: Frequency of geometric model of the eclipsing binary light curve
#   meta:
#     ucd: src.orbital
# - 
#   name: frequency_error
#   datatype: float32
#   unit: d**-1
#   description: "Uncertainty of \\texttt{frequency}"
#   meta:
#     ucd: stat.error
# - 
#   name: geom_model_reference_level
#   datatype: float32
#   unit: mag
#   description: Magnitude reference level of geometric model
#   meta:
#     ucd: phot.mag;em.opt
# - 
#   name: geom_model_reference_level_error
#   datatype: float32
#   unit: mag
#   description: "Uncertainty of \\texttt{geomModelReferenceLevel}"
#   meta:
#     ucd: stat.error;phot.mag;em.opt
# - 
#   name: geom_model_gaussian1_phase
#   datatype: float32
#   description: Phase of the Gaussian 1 component
#   meta:
#     ucd: time.phase
# - 
#   name: geom_model_gaussian1_phase_error
#   datatype: float32
#   description: "Uncertainty of \\texttt{geomModelGaussian1Phase}"
#   meta:
#     ucd: stat.error;time.phase
# - 
#   name: geom_model_gaussian1_sigma
#   datatype: float32
#   description: "Standard deviation [phase] of Gaussian 1 component"
#   meta:
#     ucd: stat.stdev
# - 
#   name: geom_model_gaussian1_sigma_error
#   datatype: float32
#   description: "Uncertainty of \\texttt{geomModelGaussian1Sigma}"
#   meta:
#     ucd: stat.error
# - 
#   name: geom_model_gaussian1_depth
#   datatype: float32
#   unit: mag
#   description: Magnitude depth of Gaussian 1 component
#   meta:
#     ucd: src.var.amplitude
# - 
#   name: geom_model_gaussian1_depth_error
#   datatype: float32
#   unit: mag
#   description: "Uncertainty of \\texttt{geomModelGaussian1Depth}"
#   meta:
#     ucd: stat.error;src.var.amplitude
# - 
#   name: geom_model_gaussian2_phase
#   datatype: float32
#   description: Phase of Gaussian 2 component
#   meta:
#     ucd: time.phase
# - 
#   name: geom_model_gaussian2_phase_error
#   datatype: float32
#   description: "Uncertainty of \\texttt{geomModelGaussian2Phase}"
#   meta:
#     ucd: stat.error;time.phase
# - 
#   name: geom_model_gaussian2_sigma
#   datatype: float32
[...]
#   datatype: float32
#   description: "Secondary eclipse: uncertainty of \\texttt{derivedSecondaryEclDuration}"
#   meta:
#     ucd: stat.error;time.duration
# - 
#   name: derived_secondary_ecl_depth
#   datatype: float32
#   unit: mag
#   description: "Secondary eclipse: depth"
#   meta:
#     ucd: src.var.amplitude
# - 
#   name: derived_secondary_ecl_depth_error
#   datatype: float32
#   unit: mag
#   description: "Secondary eclipse: uncertainty of \\texttt{derivedSecondaryEclDepth}"
#   meta:
#     ucd: stat.error;src.var.amplitude
solution_id,source_id,global_ranking,reference_time,frequency,frequency_error,geom_model_reference_level,geom_model_reference_level_error,geom_model_gaussian1_phase,geom_model_gaussian1_phase_error,geom_model_gaussian1_sigma,geom_model_gaussian1_sigma_error,geom_model_gaussian1_depth,geom_model_gaussian1_depth_error,geom_model_gaussian2_phase,geom_model_gaussian2_phase_error,geom_model_gaussian2_sigma,geom_model_gaussian2_sigma_error,geom_model_gaussian2_depth,geom_model_gaussian2_depth_error,geom_model_cosine_half_period_amplitude,geom_model_cosine_half_period_amplitude_error,geom_model_cosine_half_period_phase,geom_model_cosine_half_period_phase_error,model_type,num_model_parameters,reduced_chi2,derived_primary_ecl_phase,derived_primary_ecl_phase_error,derived_primary_ecl_duration,derived_primary_ecl_duration_error,derived_primary_ecl_depth,derived_primary_ecl_depth_error,derived_secondary_ecl_phase,derived_secondary_ecl_phase_error,derived_secondary_ecl_duration,derived_secondary_ecl_duration_error,derived_secondary_ecl_depth,derived_secondary_ecl_depth_error
375316653866487564,6059489021142944768,0.60868376,2205.956653175198,1.0573713737772734,7.494342E-6,15.31644,0.015102271,0.22944514,0.0019263587,0.12879227,0.012359432,0.11107722,0.014656396,0.7316386,0.0019840898,0.112241745,0.009943675,0.12375244,0.014246648,null,null,null,null,"TWOGAUSSIANS",8,3.4419599,0.73165864,0.0020002355,0.4,0.0,0.09733201,0.0014442872,0.22943515,0.0019418106,0.4,0.0,0.08455019,0.0021914938
375316653866487564,6059489051202066944,0.5656918,2220.7284995122936,0.38212951825798136,1.444915E-6,17.28573,0.0037483717,0.2659393,0.009948669,0.028067207,0.004950479,0.41329294,0.061086662,0.76527935,0.0031392907,0.028531145,0.0048913304,0.032259483,0.0095571615,0.014373633,0.005176074,0.2659393,0.009948669,"TWOGAUSSIANS_WITH_ELLIPSOIDAL_ON_ECLIPSE1",9,6.880924,0.2659393,0.009948669,0.15717636,0.027722683,0.4420402,0.0590165,0.76531935,0.0030526333,0.15977441,0.02739145,0.061006274,0.004146623
375316653866487564,6059489639618216320,0.56378454,2206.1649927840895,0.5993610248200535,3.743507E-6,14.590633,5.621237E-4,0.45633712,0.0018951962,0.02682203,0.0013648784,0.16089274,0.011266712,0.25034574,0.07864949,0.071485035,0.084915906,0.0017546918,3.8107626,null,null,null,null,"TWOGAUSSIANS",8,15.136851,0.45633712,0.0018911837,0.15020338,0.0076433187,0.16092035,0.011410503,0.25034574,0.07864949,0.4,0.44876182,0.0017546918,3.8107626
375316653866487564,6059490425571336576,0.5254241,2212.883346539378,1.9720447754764834,1.7873846E-5,16.869131,0.0053136414,0.28107646,0.0058825435,0.08880905,0.008897179,0.11816185,0.007387706,0.7730531,0.0030446409,0.08734943,0.0033291918,0.1987602,0.007657581,null,null,null,null,"TWOGAUSSIANS",8,11.34413,0.7730531,0.0030446409,0.4,0.0,0.19400279,0.006809336,0.28107646,0.0058825435,0.4,0.0,0.11340445,0.0078559965
375316653866487564,6059490464251717120,0.65101933,2210.051008987026,1.3711511445619142,1.2594119E-6,16.0095,0.002335273,0.21150467,0.0012228447,0.036401253,0.0024969117,0.098547444,0.006567406,0.70827335,3.508239E-4,0.039536227,0.0010225596,0.7404443,0.026640512,0.018079784,0.0049056164,0.21150467,0.0012228447,"TWOGAUSSIANS_WITH_ELLIPSOIDAL_ON_ECLIPSE1",9,14.441196,0.7082934,3.505036E-4,0.22140287,0.0057263337,0.77658904,0.028996529,0.21150467,0.0012228447,0.203847,0.013982706,0.134707,0.0051848358
375316653866487564,6059491048367492480,0.49186525,2216.1810308895338,0.43455036702676747,1.3089592E-5,14.011488,0.0014778586,0.29891026,0.003971846,0.017897328,0.0029795629,0.061363604,0.010982178,0.8050533,0.0020095475,0.0099779265,0.002781487,0.049911767,0.0058915913,0.0045728907,0.0014509152,0.29891026,0.003971846,"TWOGAUSSIANS_WITH_ELLIPSOIDAL_ON_ECLIPSE1",9,35.909775,0.29891026,0.003971846,0.10022505,0.016685553,0.07050938,0.010937204,0.8050533,0.0020095475,0.05587639,0.015576328,0.05904392,0.005880277
375316653866487564,6059491872983622528,0.49264333,2224.667565908794,1.701813495632525,1.3250353E-5,18.684591,0.009394122,0.28905174,0.0015933238,0.040808972,0.0029206285,0.5526702,0.105773315,0.7822302,0.004720712,0.06038157,0.007150891,0.1360938,0.016139915,null,null,null,null,"TWOGAUSSIANS",8,5.3079185,0.28905174,0.0015933238,0.22853023,0.01635552,0.5526685,0.105774224,0.7822302,0.004720712,0.3381368,0.04004499,0.13609214,0.016140278
375316653866487564,6059493625329901440,0.48880732,2210.082061480391,2.4320922640675566,1.3843885E-5,17.449083,0.017252935,0.2993788,0.0035004674,0.069228835,0.0069256285,0.30353963,0.03500966,0.83904463,0.02751942,0.023380615,0.022268422,0.2098887,0.16591552,0.060539484,0.01927071,0.2993788,0.0035004674,"TWOGAUSSIANS_WITH_ELLIPSOIDAL_ON_ECLIPSE1",9,62.75498,0.2993788,0.0035004674,0.38768148,0.03448983,0.42419702,0.019928368,0.83904463,0.02751942,0.13093144,0.12470317,0.32317975,0.18531269
375316653866487564,6059493827185873152,0.56248647,2215.1077818649496,2.157183602220323,8.809846E-6,17.750935,0.011188384,0.2661483,0.0024074959,0.09482136,0.0058573815,0.24812964,0.01071371,0.7668164,0.002061749,0.09977894,0.005175642,0.25574386,0.0108148,null,null,null,null,"TWOGAUSSIANS",8,3.3704162,0.7668164,0.002061749,0.4,0.0,0.23733957,0.006180404,0.2661483,0.0024074959,0.4,0.0,0.22972672,0.009715315
375316653866487564,6059494003289964672,0.50648904,2239.2664394425733,1.6407484504835823,1.9021816E-5,19.967178,0.008869523,0.28669646,0.007032244,0.03522331,0.0039580083,0.44687533,0.11616491,0.7937219,0.0030508325,0.029424379,0.014681965,0.75289655,0.49341962,null,null,null,null,"TWOGAUSSIANS",8,1.8993767,0.7937219,0.0030508325,0.16477652,0.082219005,0.75289655,0.49341962,0.28669646,0.007032244,0.19725053,0.022164848,0.44687533,0.11616491
375316653866487564,6059494484341289600,0.49063268,2224.4658566630956,1.929919630257329,1.5771066E-5,17.013552,0.016613137,0.28739703,0.0048995125,0.10370099,0.016405346,0.096759446,0.015536997,0.75665396,0.0069460887,0.104433395,0.014982916,0.13229732,0.016559782,null,null,null,null,"TWOGAUSSIANS",8,8.6003475,0.75665396,0.0069460887,0.4,0.0,0.12355167,0.008770229,0.28741705,0.004889898,0.4,0.0,0.08801592,0.0060822344
375316653866487564,6059495137176188800,0.5690682,2230.802180921979,0.21139257940923148,3.3660865E-5,17.091797,0.0016083252,0.13073209,0.00364392,0.010520128,0.0018031035,0.4489996,0.15628445,0.63208485,0.0195713,0.011255209,0.009859151,0.26399702,0.1630823,null,null,null,null,"TWOGAUSSIANS",8,5.516531,0.13073209,0.00364392,0.058912717,0.01009738,0.4489996,0.15628445,0.63208485,0.0195713,0.06302917,0.05521125,0.26399702,0.1630823
375316653866487564,6059495613892726144,0.54238284,2191.1819208310953,0.8261424693452298,6.6477846E-6,17.658466,0.001940239,0.31750447,0.0010959287,0.03267459,0.0016099267,0.30960205,0.006311744,0.82104975,0.0057518086,0.034680996,0.0056873886,0.04464141,0.0051178345,null,null,null,null,"TWOGAUSSIANS",8,3.098872,0.31750447,0.0010959287,0.18297769,0.009015589,0.30960205,0.006311744,0.82104975,0.0057518086,0.19421358,0.031849373,0.04464141,0.0051178345
375316653866487564,6059495824370996608,0.51832193,2195.1645111927573,2.845199610941529,1.9268384E-5,17.601324,0.026309911,0.24910443,0.020002278,0.0551057,0.038553953,0.10828556,0.048055947,0.7742922,0.0055077095,0.03998074,0.021289365,0.091674775,0.054783504,0.09407955,0.03156155,0.7742922,0.0055077095,"TWOGAUSSIANS_WITH_ELLIPSOIDAL_ON_ECLIPSE2",9,16.934744,0.25651443,0.021508368,0.30859193,0.21590213,0.29313132,0.042433567,0.7742922,0.0055077095,0.22389214,0.11922044,0.27983305,0.013410361
375316653866487564,6059498366974645248,0.52012867,2235.8333264311855,2.583993913963853,2.3346633E-5,19.510212,0.0061712675,0.20967475,0.006901698,0.061269574,0.0070755095,0.42117125,0.039477468,0.70309114,0.0033507282,0.06673628,0.0026292827,0.4375258,0.025485348,null,null,null,null,"TWOGAUSSIANS",8,3.7036948,0.70309114,0.0033507282,0.37372315,0.014723983,0.43718478,0.025538739,0.20967475,0.006901698,0.3431096,0.039622854,0.42083022,0.039634276
375316653866487564,6059498470053719424,0.54257464,2205.318796367428,2.99101737646469,1.2727187E-5,19.458635,0.013205956,0.254438,0.005813155,0.06937218,0.0062043625,0.45641837,0.032014675,0.7461098,0.005144707,0.075641334,0.00596551,0.47254995,0.018086724,null,null,null,null,"TWOGAUSSIANS",8,2.5567207,0.7461098,0.005144707,0.4,0.0,0.47055632,0.017989164,0.254438,0.005813155,0.38848418,0.024110261,0.45442474,0.03219559
375316653866487564,6059498504413507712,0.48358074,2185.8725553771587,0.9356499161874915,6.246478E-6,19.824272,0.0070670964,0.20873216,1.1310673E-5,0.0043854006,7.464701E-5,3.5797088,0.23551297,0.4038911,0.040814046,0.07633215,0.037213385,0.07537498,0.014673523,null,null,null,null,"TWOGAUSSIANS",8,2.066987,0.20873216,1.1310673E-5,0.024558242,4.1802326E-4,3.5825782,0.23596363,0.4038911,0.040814046,0.4,0.06638776,0.07537498,0.01467355
375316653866487564,6059498882370698368,0.50115615,2218.5705428648507,1.695954900759927,1.825347E-5,18.444744,0.010731225,0.18941356,0.004365159,0.029556954,0.0039043608,0.49500585,0.02951037,0.6913483,0.0070720115,0.028951753,0.010380301,0.10297985,0.031174999,0.056345962,0.013588494,0.18941356,0.004365159,"TWOGAUSSIANS_WITH_ELLIPSOIDAL_ON_ECLIPSE1",9,16.67055,0.18941356,0.004365159,0.16551894,0.02186442,0.6076978,0.030731255,0.6913483,0.007033388,0.16212982,0.058129683,0.21565512,0.027895499
375316653866487564,6059499290390854656,0.51568043,2225.0110990502253,2.7373695037921455,1.3120368E-5,18.407843,0.04356838,0.25753978,0.005038003,0.11448131,0.021205017,0.20354328,0.039267536,0.763696,0.006910582,0.10570253,0.020786664,0.18500978,0.041564092,null,null,null,null,"TWOGAUSSIANS",8,3.3054504,0.25753978,0.005030633,0.4,0.0,0.17588277,0.01408552,0.76371604,0.0069012595,0.4,0.0,0.15737408,0.010372458
375316653866487564,6059501390631628416,0.44883308,2192.8340289572516,3.046685189056343,3.2462453E-5,19.863785,0.03110947,0.13849816,0.006842892,0.0785207,0.024849318,0.2701948,0.04069246,0.644684,0.01066329,0.08680913,0.020537669,0.23715976,0.03313718,null,null,null,null,"TWOGAUSSIANS",8,2.4860651,0.13849816,0.006842892,0.4,0.0,0.26555422,0.053333092,0.644684,0.01066329,0.4,0.0,0.23251913,0.027933719
375316653866487564,6059501729940018560,0.51598734,2256.841432849871,0.04404438618777435,3.2133696E-5,18.722282,0.005967519,0.16042717,0.015020583,0.0069285627,0.005329703,0.42187256,0.6264057,0.38165596,0.037903383,0.16366158,0.05908252,0.025547741,0.007335636,null,null,null,null,"TWOGAUSSIANS",8,1.7388124,0.16043717,0.015024936,0.038799953,0.029846337,0.4316394,0.62706554,0.38165596,0.037903383,0.4,0.0,0.025067309,0.0072301496
375316653866487564,6059502210961819264,0.46814764,2210.30142000484,0.6604745650863386,3.3811917E-5,17.225529,0.003505974,0.36729458,0.004673444,0.030750588,0.0033983784,0.2133606,0.018180504,0.87138087,0.024091246,0.05231364,0.016668862,0.06248529,0.011584083,null,null,null,null,"TWOGAUSSIANS",8,21.899357,0.36729458,0.004673444,0.17220329,0.01903092,0.2133606,0.018180506,0.87138087,0.024091246,0.2929564,0.09334562,0.06248529,0.011584087
375316653866487564,6059502284002324992,0.5939178,2211.0522901277836,0.34816652924145564,2.2428262E-6,16.453032,0.0029753856,0.16358484,0.0056775208,0.028225591,0.007147367,0.041957382,0.009755065,0.67570275,3.5086603E-4,0.026737595,9.2984486E-4,0.47440758,0.027635958,0.016684353,0.004288949,0.16358484,0.0056775208,"TWOGAUSSIANS_WITH_ELLIPSOIDAL_ON_ECLIPSE1",9,14.895106,0.67570275,3.5086603E-4,0.14973053,0.005207131,0.5075832,0.028655123,0.16358484,0.0056775208,0.1580633,0.040025257,0.075326055,0.008884784
375316653866487564,6059503005564435328,0.4727172,2193.0297175032247,3.62622543126573,1.9829466E-5,19.294088,0.10707755,0.12215973,0.014217634,0.10286305,0.04945518,0.24139576,0.08644751,0.6139527,0.0051988903,0.10384466,0.02631169,0.29203835,0.102328606,null,null,null,null,"TWOGAUSSIANS",8,3.74308,0.6139527,0.0051988903,0.4,0.0,0.2661967,0.021018025,0.12215973,0.0142063135,0.4,0.0,0.21555606,0.032093417
375316653866487564,6059503138674769536,0.6210035,2217.8523876572563,2.1550382693166004,5.43171E-6,16.6073,0.0040917583,0.2970169,0.0013742666,0.088019095,0.001782183,0.4083144,0.006894467,0.79537266,0.0020122314,0.095512055,0.0022553331,0.3549131,0.006150288,null,null,null,null,"TWOGAUSSIANS",8,7.080585,0.2970169,0.0013742666,0.4,0.0,0.39023134,0.00671256,0.79537266,0.0020122314,0.4,0.0,0.33682927,0.0055731484
375316653866487564,6059503894590632448,0.44754812,2217.205755096838,2.3919876613927467,5.9328882E-5,17.76551,0.62106436,0.2260876,0.012586483,0.15296553,0.07044534,0.45184928,0.44259048,0.7203406,0.011120368,0.23100275,0.16361105,0.54979855,0.6073621,null,null,null,null,"TWOGAUSSIANS",8,12.083754,0.22957759,0.009140776,0.4,0.0,0.13855085,0.016797092,0.7203406,0.011120368,0.4,0.0,0.13509485,0.015016377
375316653866487564,6059504379929383296,0.5215239,2222.9646939733243,2.4350197503694906,1.3286427E-5,18.466602,0.008332105,0.20373313,0.0036938146,0.06132976,0.0033971036,0.34506032,0.017630225,0.69256943,0.0027906036,0.08769709,0.0046349834,0.3508664,0.0151135465,null,null,null,null,"TWOGAUSSIANS",8,6.6028986,0.69256943,0.0027906036,0.4,0.0,0.34895587,0.015279828,0.20373313,0.0036938146,0.34344664,0.01902378,0.34314984,0.01745025
375316653866487564,6059504616144928256,0.4652043,2230.385692279219,0.6502126056126886,4.6744E-5,17.61318,0.012546233,0.20149764,0.013797062,0.083565846,0.025744826,0.04777438,0.010694573,0.6939124,0.015048827,0.08296165,0.03381743,0.12196516,0.022659728,null,null,null,null,"TWOGAUSSIANS",8,4.776833,0.6939124,0.015048827,0.4,0.020916222,0.12052057,0.026944984,0.20149764,0.013797062,0.4,0.0,0.046329785,0.0065833633
375316653866487564,6059504719224144640,0.57952213,2232.8989012863844,2.117267231129928,7.2638177E-6,17.975779,0.005227545,0.28862548,0.003613696,0.088626385,0.0051029297,0.1674653,0.008231211,0.77333707,0.0014340265,0.08591875,0.0023258245,0.262693,0.00601345,null,null,null,null,"TWOGAUSSIANS",8,1.8784162,0.77333707,0.0014340265,0.4,0.0,0.25735965,0.0050393003,0.28862548,0.003613696,0.4,0.0,0.16213194,0.0080015315
375316653866487564,6059506441531084416,0.46093148,2184.822294751027,0.39555637363685786,2.8031467E-5,17.33108,0.001669532,0.21615827,0.0011986111,0.011669528,0.001098249,0.08873681,0.009374414,0.74166495,0.019447893,0.0877784,0.010549787,0.013306801,0.0025039713,null,null,null,null,"TWOGAUSSIANS",8,2.0109391,0.21615827,0.0011986111,0.065349355,0.0061501944,0.088736795,0.0093744155,0.74166495,0.019447893,0.4,0.0,0.013306781,0.0025039532
375316653866487564,6059507678481869312,0.5701641,2227.7740753148173,2.2447143540330163,7.913506E-6,17.269396,0.0067538302,0.2382103,0.0030529436,0.082226284,0.002679413,0.44735083,0.015926072,0.7373644,0.0021388745,0.086588226,0.0033415817,0.4004083,0.01321116,null,null,null,null,"TWOGAUSSIANS",8,13.343572,0.2382103,0.0030529436,0.4,0.0,0.4369918,0.015073921,0.7373644,0.0021388745,0.4,0.0,0.39004925,0.013612747
375316653866487564,6059508468755871744,0.53208214,2214.363744251587,3.4607940294205646,8.649588E-6,17.720755,0.00912355,0.2241861,0.0030100825,0.088315465,0.0044991667,0.31236622,0.016543556,0.71932155,0.0026638785,0.0866937,0.0047302684,0.25351307,0.009739745,null,null,null,null,"TWOGAUSSIANS",8,8.287154,0.2241861,0.0030100825,0.4,0.0,0.30358815,0.016369382,0.71932155,0.0026638785,0.4,0.0,0.24473505,0.008152304
375316653866487564,6059508846697252224,0.5484347,2252.1650921325167,1.5204583103706744,6.578264E-6,18.652254,0.008356783,0.24887906,0.0015391981,0.08469686,0.0025988466,0.3905024,0.007970726,0.7487343,0.0023488007,0.08729151,0.0048589515,0.28708845,0.012386713,null,null,null,null,"TWOGAUSSIANS",8,1.7190475,0.24887906,0.0015391981,0.4,0.0,0.38078287,0.0062540174,0.7487343,0.0023488007,0.4,0.0,0.2773689,0.012951637
375316653866487564,6059508876750105856,0.54445267,2219.930617470628,0.4535484935269022,6.5952704E-6,13.681995,5.3158996E-4,0.23635654,0.023512734,0.053025294,0.050331138,0.0027846547,5.3210654,0.773147,0.0023997466,0.012509239,0.0014444395,0.09299237,0.015318138,0.0012144224,9.2514954E-4,0.23635654,0.023512734,"TWOGAUSSIANS_WITH_ELLIPSOIDAL_ON_ECLIPSE1",9,11.617208,0.773147,0.0023997466,0.07005174,0.008088862,0.095293686,0.015119456,0.23635654,0.023512734,0.29694164,0.2818544,0.0052134567,5.3213005
375316653866487564,6059510118004487808,0.44886088,2197.2679148669727,1.996435625378315,4.172198E-5,14.597109,0.0010795733,0.07812296,0.020963257,0.01903193,0.018881865,0.049204417,1.43383003E12,0.8320008,3.731711E-4,0.007918781,2.3986826E-4,0.17299779,0.0041442057,null,null,null,null,"TWOGAUSSIANS",8,38.129124,0.8320008,3.731711E-4,0.044345174,0.0013432623,0.17299779,0.0041442057,0.07812296,0.020963257,0.10657881,0.105738446,0.049204417,1.43383003E12
375316653866487564,6059510152364235904,0.55308414,2185.466252258404,0.8077205215181175,1.2521905E-5,18.965767,0.002320493,0.5088874,0.007277401,0.04009136,0.006191885,0.47948784,0.039820187,null,null,null,null,null,null,null,null,null,null,"ONEGAUSSIAN",5,1.2908515,0.5088874,0.007277401,0.22451162,0.034674555,0.47948784,0.0,null,null,null,null,null,null
