Gaia/vari_eclipsing_binary/VariEclipsingBinary_020748-020984.csv
# %ECSV 1.0
# ---
# delimiter: ','
# meta: !!omap
# - RELEASE: Gaia DR3
# - TABLE: vari_eclipsing_binary
# - DESCRIPTION: >
#     This table describes the properties of the eclipsing binaries resulting from the variability analysis. 
# - CITATION: >
#     How to cite and acknowledge Gaia: 
#     https://gea.esac.esa.int/archive/documentation/credits.html 
# - KNOWN_ISSUES: >
#     Known issues: 
#     https://www.cosmos.esa.int/web/gaia-users/known-issues 
# - DOCUMENTATION: >
#     Tutorials and documentation: 
#     https://www.cosmos.esa.int/web/gaia-users/archive 
# datatype:
# - 
#   name: solution_id
#   datatype: int64
#   description: Solution Identifier
#   meta:
#     ucd: meta.version
# - 
#   name: source_id
#   datatype: int64
#   description: Unique source identifier
#   meta:
#     ucd: meta.id;meta.main
# - 
#   name: global_ranking
#   datatype: float32
#   description: Number between 0 (worst) and 1 (best)
#   meta:
#     ucd: stat.param
# - 
#   name: reference_time
#   datatype: float64
#   unit: d
#   description: Reference time used for the geometric model fit
#   meta:
#     ucd: time.epoch
# - 
#   name: frequency
#   datatype: float64
#   unit: d**-1
#   description: Frequency of geometric model of the eclipsing binary light curve
#   meta:
#     ucd: src.orbital
# - 
#   name: frequency_error
#   datatype: float32
#   unit: d**-1
#   description: "Uncertainty of \\texttt{frequency}"
#   meta:
#     ucd: stat.error
# - 
#   name: geom_model_reference_level
#   datatype: float32
#   unit: mag
#   description: Magnitude reference level of geometric model
#   meta:
#     ucd: phot.mag;em.opt
# - 
#   name: geom_model_reference_level_error
#   datatype: float32
#   unit: mag
#   description: "Uncertainty of \\texttt{geomModelReferenceLevel}"
#   meta:
#     ucd: stat.error;phot.mag;em.opt
# - 
#   name: geom_model_gaussian1_phase
#   datatype: float32
#   description: Phase of the Gaussian 1 component
#   meta:
#     ucd: time.phase
# - 
#   name: geom_model_gaussian1_phase_error
#   datatype: float32
#   description: "Uncertainty of \\texttt{geomModelGaussian1Phase}"
#   meta:
#     ucd: stat.error;time.phase
# - 
#   name: geom_model_gaussian1_sigma
#   datatype: float32
#   description: "Standard deviation [phase] of Gaussian 1 component"
#   meta:
#     ucd: stat.stdev
# - 
#   name: geom_model_gaussian1_sigma_error
#   datatype: float32
#   description: "Uncertainty of \\texttt{geomModelGaussian1Sigma}"
#   meta:
#     ucd: stat.error
# - 
#   name: geom_model_gaussian1_depth
#   datatype: float32
#   unit: mag
#   description: Magnitude depth of Gaussian 1 component
#   meta:
#     ucd: src.var.amplitude
# - 
#   name: geom_model_gaussian1_depth_error
#   datatype: float32
#   unit: mag
#   description: "Uncertainty of \\texttt{geomModelGaussian1Depth}"
#   meta:
#     ucd: stat.error;src.var.amplitude
# - 
#   name: geom_model_gaussian2_phase
#   datatype: float32
#   description: Phase of Gaussian 2 component
#   meta:
#     ucd: time.phase
# - 
#   name: geom_model_gaussian2_phase_error
#   datatype: float32
#   description: "Uncertainty of \\texttt{geomModelGaussian2Phase}"
#   meta:
#     ucd: stat.error;time.phase
# - 
#   name: geom_model_gaussian2_sigma
#   datatype: float32
[...]
#   datatype: float32
#   description: "Secondary eclipse: uncertainty of \\texttt{derivedSecondaryEclDuration}"
#   meta:
#     ucd: stat.error;time.duration
# - 
#   name: derived_secondary_ecl_depth
#   datatype: float32
#   unit: mag
#   description: "Secondary eclipse: depth"
#   meta:
#     ucd: src.var.amplitude
# - 
#   name: derived_secondary_ecl_depth_error
#   datatype: float32
#   unit: mag
#   description: "Secondary eclipse: uncertainty of \\texttt{derivedSecondaryEclDepth}"
#   meta:
#     ucd: stat.error;src.var.amplitude
solution_id,source_id,global_ranking,reference_time,frequency,frequency_error,geom_model_reference_level,geom_model_reference_level_error,geom_model_gaussian1_phase,geom_model_gaussian1_phase_error,geom_model_gaussian1_sigma,geom_model_gaussian1_sigma_error,geom_model_gaussian1_depth,geom_model_gaussian1_depth_error,geom_model_gaussian2_phase,geom_model_gaussian2_phase_error,geom_model_gaussian2_sigma,geom_model_gaussian2_sigma_error,geom_model_gaussian2_depth,geom_model_gaussian2_depth_error,geom_model_cosine_half_period_amplitude,geom_model_cosine_half_period_amplitude_error,geom_model_cosine_half_period_phase,geom_model_cosine_half_period_phase_error,model_type,num_model_parameters,reduced_chi2,derived_primary_ecl_phase,derived_primary_ecl_phase_error,derived_primary_ecl_duration,derived_primary_ecl_duration_error,derived_primary_ecl_depth,derived_primary_ecl_depth_error,derived_secondary_ecl_phase,derived_secondary_ecl_phase_error,derived_secondary_ecl_duration,derived_secondary_ecl_duration_error,derived_secondary_ecl_depth,derived_secondary_ecl_depth_error
[from data line 518]
375316653866487564,183769933927198848,0.4995278,2285.2334639757837,2.525359123627097,5.4411666E-5,18.848715,0.079777256,0.28978914,0.01389064,0.09993936,0.04756585,0.1654477,0.07482704,0.79628754,0.006082224,0.111612946,0.041717175,0.1587231,0.07557129,null,null,null,null,"TWOGAUSSIANS",8,1.4137809,0.28977913,0.0138613265,0.4,0.0,0.14707363,0.017856982,0.79628754,0.0060974048,0.4,0.0,0.14033595,0.019066976
375316653866487564,183770174445312000,0.5087377,2238.2796944174656,0.16035019879281248,1.1895614E-4,17.805428,0.008370605,0.033865284,0.004901228,0.011971169,0.0019436347,0.2782618,0.094722584,0.26946414,0.09679975,0.094846174,0.11351358,0.09375952,0.14221378,null,null,null,null,"TWOGAUSSIANS",8,3.6848912,0.033925284,0.004911463,0.06703854,0.010884354,0.28255185,0.096654244,0.26946414,0.09679975,0.4,0.028411465,0.09375935,0.14279093
375316653866487564,183774061388861056,0.5051022,2235.5881341709405,0.35305082754617,2.9678215E-5,19.740234,0.022003947,0.4380655,0.0092369905,0.113856055,0.01327267,0.29314548,0.030884182,0.95568657,0.0075344974,0.043155532,0.0119466735,0.08993583,0.026766255,null,null,null,null,"TWOGAUSSIANS",8,0.82118434,0.4380655,0.0092369905,0.4,0.0,0.29148114,0.02957521,0.9557066,0.0075271996,0.24167098,0.06690137,0.08831812,0.0248766
375316653866487564,183777080752986240,0.54454756,2244.8960873482433,1.676345760560618,1.800142E-5,18.257175,0.033802323,0.2511861,0.010499462,0.1213078,0.029986596,0.18912373,0.029153762,0.73625016,0.0047374917,0.100838676,0.013762968,0.18384871,0.03199443,null,null,null,null,"TWOGAUSSIANS",8,1.5961709,0.2511861,0.010503503,0.4,0.0,0.16381507,0.010638591,0.73625016,0.0047374917,0.4,0.0,0.15862483,0.0077237873
375316653866487564,183783609107063168,0.51984525,2198.9340523846254,1.4093399732730785,1.47549745E-5,17.79791,0.0033256218,0.18804438,0.005365795,0.0386315,0.005582332,0.09245727,0.011192063,null,null,null,null,null,null,0.04292273,0.0041203937,0.18804438,0.005365795,"ONEGAUSSIAN_WITH_ELLIPSOIDAL",6,3.049568,0.18804438,0.005365795,0.2163364,0.03126106,0.17830269,0.01065725,null,null,null,null,null,null
375316653866487564,183786323522692608,0.62381613,2257.8934118387583,0.021488526947035038,1.1782204E-4,17.269459,0.0015931211,0.05493905,0.008592681,0.009261576,0.007599346,0.0076871645,0.105269805,0.7962164,0.05649524,0.016356755,0.01926303,0.32414386,0.1626998,null,null,null,null,"TWOGAUSSIANS",8,1.1826893,0.7962164,0.05649524,0.091597825,0.107872956,0.32414386,0.1626998,0.05493905,0.008592681,0.05186483,0.042556338,0.0076871645,0.105269805
375316653866487564,183794741658894080,0.5523795,2234.3122669049076,3.039215644989306,2.6012329E-5,19.442745,0.0377842,0.28159958,0.06325818,0.06288667,0.047789827,0.6054106,0.25788143,0.7857134,0.0050716847,0.06479083,0.0067832996,0.5665064,0.045823403,null,null,null,null,"TWOGAUSSIANS",8,3.2481184,0.28159958,0.06325818,0.35216537,0.073311724,0.60492843,0.2590678,0.7857134,0.0050716847,0.36282864,0.03798648,0.56602424,0.042129405
375316653866487564,183810753294452736,0.5620854,2308.359053597694,0.8681546893956856,5.3180433E-5,19.609787,0.0039030074,0.39838874,0.023111219,0.035039406,0.020958945,0.12043911,0.06735979,0.8005544,0.012093598,0.016916389,0.004708636,0.4450478,0.2159487,null,null,null,null,"TWOGAUSSIANS",8,0.61159104,0.8005544,0.012093598,0.09473177,0.026368363,0.4450478,0.2159487,0.39838874,0.023111219,0.19622068,0.11737009,0.12043911,0.06735979
375316653866487564,183811165611270144,0.5232895,2186.7603930565333,1.538785552996452,4.224536E-5,19.057268,0.006280345,0.09769296,0.011755838,0.040785886,0.019278144,0.025300508,0.0073595466,0.6490983,0.005128851,0.0107792765,0.0042680167,0.40009525,0.2330089,null,null,null,null,"TWOGAUSSIANS",8,1.4893259,0.6490983,0.005128851,0.06036395,0.023900893,0.40009525,0.2330089,0.09769296,0.011755838,0.22840096,0.10795762,0.025300508,0.0073595466
375316653866487564,183822985361320192,0.63038194,2201.0252967367046,3.336351184642378,4.945796E-6,18.454147,0.010868313,0.19091278,0.0017413418,0.07160612,0.003047088,0.58347994,0.012606415,0.6946079,0.0033096047,0.066353045,0.004696733,0.53351057,0.022213144,null,null,null,null,"TWOGAUSSIANS",8,2.947532,0.19091278,0.0017413418,0.4,0.011944599,0.58205616,0.012483591,0.6946079,0.0033096047,0.37157708,0.026301702,0.53208685,0.022760944
375316653866487564,183823054080801408,0.5707252,2227.34912094853,0.9127174842060362,9.767397E-6,15.878566,0.9016719,0.23503017,0.014925968,0.27582285,0.19790085,0.8445648,0.8957793,0.7257538,0.007165611,0.13513228,0.03787849,0.6789706,0.43193036,null,null,null,null,"TWOGAUSSIANS",8,8.572476,0.7257538,0.007165611,0.4,0.0,0.31757957,0.010595625,0.23600017,0.013951425,0.4,0.0,0.15994573,0.019497097
375316653866487564,183823638196433920,0.57961273,2206.708285638923,2.947788736687948,1.2705571E-5,16.615509,0.01960968,0.29276773,0.0029301615,0.08801265,0.007405189,0.31875232,0.02100351,0.79693943,0.0032207821,0.08690363,0.0077045383,0.2843874,0.020322785,null,null,null,null,"TWOGAUSSIANS",8,15.488848,0.29276773,0.0029301615,0.4,0.0,0.30929545,0.018098993,0.79693943,0.0032207821,0.4,0.0,0.27493057,0.017079335
375316653866487564,183834873831830784,0.6095371,2237.9132022152276,0.7177797172072767,6.6614584E-6,16.331553,0.0039346055,0.28653365,7.324629E-4,0.032307144,0.0019336481,0.23189358,0.016397042,0.7882162,0.001715409,0.02917324,0.0029574675,0.27850685,0.018622756,0.016583929,0.006573224,0.28653365,7.324629E-4,"TWOGAUSSIANS_WITH_ELLIPSOIDAL_ON_ECLIPSE1",9,10.049038,0.7882162,0.001715409,0.16337015,0.016561817,0.311671,0.030779617,0.28653365,7.324629E-4,0.18092,0.01082843,0.26506144,0.017244538
375316653866487564,183836797977297792,0.56145513,2199.0013109099687,1.1581289658296856,8.978001E-6,17.759623,0.0053106905,0.34176892,0.003651985,0.07007261,0.004037747,0.20035453,0.009047821,0.84518856,0.00837965,0.08633776,0.010319538,0.0822349,0.0070039984,null,null,null,null,"TWOGAUSSIANS",8,2.2068722,0.34176892,0.003651985,0.39240664,0.022611383,0.19900344,0.008823321,0.84518856,0.00837965,0.4,0.0,0.08088381,0.006678138
375316653866487564,183836836633864192,0.5718657,2208.161312271311,3.8839010706884936,1.4433378E-5,16.31907,0.011033983,0.22041474,0.005601985,0.088072225,0.0054992414,0.30188328,0.013961959,0.7285177,0.0024045103,0.08372976,0.005282132,0.33067292,0.013232176,null,null,null,null,"TWOGAUSSIANS",8,33.324303,0.7285177,0.0024045103,0.4,0.0,0.32271987,0.013210545,0.22041474,0.005601985,0.4,0.0,0.29393017,0.012538809
375316653866487564,183837248948235008,0.5476486,2212.235778509404,1.136926745559177,1.3676561E-4,19.747334,0.03416762,0.44396383,0.081913434,0.03376576,0.032152005,0.5493478,0.6671948,0.9044722,0.057209793,0.08859258,0.1013136,0.0626201,0.024482504,null,null,null,null,"TWOGAUSSIANS",8,1.4015726,0.44396383,0.08192115,0.18908826,0.18005124,0.54933614,0.6634646,0.9044722,0.057209793,0.4,0.0,0.062608354,0.019957872
375316653866487564,183837863129237120,0.47732836,2234.34726746665,1.208945809244391,2.3125782E-5,13.291871,0.18940163,0.20795198,0.011699389,0.122856036,0.08931684,0.037283797,0.16210535,0.68133086,0.013751056,0.11740704,0.098977216,0.037040845,0.16777004,null,null,null,null,"TWOGAUSSIANS",8,8.876681,0.20808198,0.008765639,0.4,0.0,0.030569544,0.002701018,0.68133086,0.013751056,0.4,0.0,0.030340139,0.0024165404
375316653866487564,183841848858092288,0.5987281,2309.5565264096335,0.3252772811898607,7.050068E-5,15.892516,0.0011574109,0.6354974,0.0016433442,0.0047961166,0.0010083133,0.375463,0.08267676,null,null,null,null,null,null,0.0055080107,0.0033374103,0.6354974,0.0016433442,"ONEGAUSSIAN_WITH_ELLIPSOIDAL",6,17.361715,0.6354974,0.0016433442,0.026858253,0.0056465543,0.38647902,0.08275755,null,null,null,null,null,null
375316653866487564,183845044313803264,0.6003028,2296.84979332673,0.4445619214927676,9.374328E-5,17.447136,0.001505518,0.43462634,7.34675E-4,0.017511489,0.0010623233,0.31424227,0.025702393,0.69898874,0.12340827,0.051756848,0.053045597,0.017154803,0.019126857,null,null,null,null,"TWOGAUSSIANS",8,1.1969603,0.43462634,7.340031E-4,0.09806434,0.0059490106,0.3142423,0.025631825,0.69898874,0.12340827,0.28983834,0.15482052,0.017154803,0.019126913
375316653866487564,183849030043623552,0.5341772,2230.3526455631345,3.480361995687893,1.41387745E-5,19.46342,0.020959122,0.31344947,0.015160453,0.09709673,0.017443055,0.27300975,0.11157126,0.78976804,0.004033042,0.069846846,0.0064593074,0.47387943,0.028183674,null,null,null,null,"TWOGAUSSIANS",8,2.289012,0.78976804,0.004033042,0.39114234,0.023551261,0.46897933,0.028406378,0.31344947,0.015160453,0.4,0.0,0.2681079,0.11273922
375316653866487564,183849858974894080,0.51495767,2230.8994004683423,1.913086210002877,2.2198186E-5,12.489107,0.004461783,null,null,null,null,null,null,null,null,null,null,null,null,0.07115025,0.004752525,0.6866673,0.0070406967,"ELLIPSOIDAL",4,285.42136,null,null,null,null,null,null,null,null,null,null,null,null
375316653866487564,183858483268990848,0.7069181,2222.89957005742,0.3089300759251468,1.7881577E-5,15.41165,5.583097E-4,0.6913662,0.0074593294,0.046680603,0.0018581557,0.56711626,0.088591665,null,null,null,null,null,null,null,null,null,null,"ONEGAUSSIAN",5,2.107609,0.6913662,0.0074593294,0.26141137,0.010405672,0.56711626,0.0,null,null,null,null,null,null
375316653866487564,183864698085501952,0.50895095,2215.3450563172296,0.3710166909394606,1.6172802E-4,18.58197,0.007640129,0.34844455,0.03281266,0.11150313,0.04449127,0.048031695,0.004590438,0.841512,0.010258784,0.013021041,0.0055551506,0.6457865,0.54645073,null,null,null,null,"TWOGAUSSIANS",8,3.8452067,0.841512,0.010258784,0.07291783,0.031108843,0.6457696,0.5464523,0.34844455,0.03281266,0.4,0.0,0.048010483,0.004486271
375316653866487564,183865557077909632,0.6085377,2246.2827157063516,2.95832974261365,1.1827608E-5,15.772039,0.014035352,0.26084554,0.002160601,0.054231714,0.012560883,0.102115355,0.030352924,0.752477,0.011846626,0.05026947,0.012593513,0.13173652,0.03830091,0.07500216,0.017576953,0.26084554,0.002160601,"TWOGAUSSIANS_WITH_ELLIPSOIDAL_ON_ECLIPSE1",9,18.873758,0.754027,0.010951293,0.281509,0.07052367,0.28140014,0.022308785,0.26084554,0.002160601,0.30369762,0.07034094,0.25211677,0.008724195
375316653866487564,183870268659192448,0.5791625,2184.951764960103,2.411961263706535,1.2911501E-5,14.714838,0.020303953,0.33102882,0.0053635207,0.04407452,0.1208397,0.11071515,0.06376116,0.83371145,0.010731099,0.049675774,0.012999123,0.11351558,0.026741616,0.11369353,0.01342361,0.33102882,0.0053635207,"TWOGAUSSIANS_WITH_ELLIPSOIDAL_ON_ECLIPSE1",9,122.68594,0.83371145,0.008357248,0.27818432,0.07279509,0.34083754,0.016357679,0.33102882,0.0053635207,0.24681732,0.16205607,0.33810169,0.07806395
375316653866487564,183875555762016512,0.5775912,2238.3403566295124,3.114629760587375,1.0455147E-5,14.796748,0.0067875027,0.22078893,0.0047228765,0.031354494,0.007482227,0.10689918,0.016939113,0.7318101,0.010313727,0.059648763,0.010713724,0.12855697,0.021604905,0.092936076,0.008648573,0.22078893,0.0047228765,"TWOGAUSSIANS_WITH_ELLIPSOIDAL_ON_ECLIPSE1",9,65.26414,0.7318101,0.010313727,0.33403307,0.05999686,0.31352976,0.019136775,0.22078893,0.0047228765,0.17558517,0.04190047,0.29276186,0.01425398
375316653866487564,183875658841238784,0.5554921,2207.901658764484,1.1150602765444895,4.0424162E-5,17.765503,0.005999681,0.1987103,0.017690264,0.05769749,0.015411941,0.18206103,0.027221229,0.698407,0.010786624,0.051595006,0.017593622,0.1795794,0.008770688,null,null,null,null,"TWOGAUSSIANS",8,5.046598,0.1987103,0.017690264,0.32310593,0.08630687,0.18205085,0.027227132,0.698407,0.010786624,0.28893206,0.09852429,0.17956923,0.008763564
375316653866487564,183877617346427392,0.5119758,2298.0579061159533,0.5263299810142796,2.6822569E-5,19.487131,0.009641034,0.27037767,0.0066974903,0.08791442,0.0077270013,0.22116685,0.020236634,0.8224015,0.008151293,0.082268864,0.011509362,0.097195804,0.010133559,null,null,null,null,"TWOGAUSSIANS",8,0.8331391,0.27037767,0.0066974903,0.4,0.0,0.21963616,0.020079976,0.8224015,0.008152208,0.4,0.0,0.09566559,0.009105149
375316653866487564,183883016123176320,0.49764112,2212.65273590893,0.08907048821765204,1.4182681E-4,17.016153,0.05278116,0.27547145,0.008452433,0.11399631,0.023583997,0.64251333,0.09702617,0.8144754,0.0038772225,0.08049312,0.007262353,1.7888001,0.4274694,null,null,null,null,"TWOGAUSSIANS",8,22.225222,0.81449544,0.0038554955,0.4,0.0,1.7487733,0.4336082,0.27547145,0.008452433,0.4,0.0,0.602297,0.110309914
375316653866487564,183891223802781056,0.53342634,2282.9353459928957,2.5896638744020284,1.9176869E-5,18.386312,0.12546207,0.29972893,0.006029434,0.1134947,0.04361742,0.20115194,0.108396,0.7924947,0.006187267,0.12648724,0.038907766,0.20483698,0.12265554,null,null,null,null,"TWOGAUSSIANS",8,1.6622862,0.7924947,0.006187267,0.4,0.0,0.161425,0.010041589,0.29979894,0.0061125453,0.4,0.0,0.1578842,0.018329639
375316653866487564,183899676299069184,0.5478882,2191.532341811058,3.396637264768827,1.8490246E-5,18.344156,0.022131633,0.2388678,0.011102463,0.08329239,0.022244753,0.2578993,0.068212725,0.7254093,0.0044202856,0.08620535,0.010987152,0.40560737,0.02392596,null,null,null,null,"TWOGAUSSIANS",8,6.74267,0.7254093,0.0044202856,0.4,0.0,0.39902177,0.024777068,0.2388678,0.011102463,0.4,0.0,0.25131375,0.07488941
375316653866487564,183905139497547392,0.50350714,2193.5720459264394,0.6722941577522178,1.7644821E-5,18.56389,0.0046249633,0.175738,0.041896034,0.040923882,0.012405439,0.36784756,0.41504508,0.86575073,0.035815034,0.038682234,0.03374593,0.13179667,4.063299,null,null,null,null,"TWOGAUSSIANS",8,1.6777965,0.175738,0.041896034,0.22917373,0.069470465,0.36784756,0.41504508,0.86575073,0.035815034,0.2166205,0.18897721,0.13179667,4.063299
375316653866487564,183909782355733888,0.5120098,2219.7287703664265,0.4905661860795346,2.2416496E-5,19.763908,0.0071241343,0.30180123,0.040172275,0.02354797,0.017537313,0.38130164,0.43815932,0.85688704,0.02791211,0.04324794,0.029621836,0.0751296,0.043408513,null,null,null,null,"TWOGAUSSIANS",8,0.8395896,0.30180123,0.040172275,0.13186863,0.09820895,0.38130164,0.43815932,0.85688704,0.02791211,0.24218844,0.16588227,0.0751296,0.043408513
375316653866487564,183914828943848576,0.5021829,2195.3675181906833,2.7527093514631478,2.475434E-5,19.187439,0.01281953,0.30777225,0.006434412,0.08847589,0.007892895,0.2178975,0.016618658,0.8147399,0.009641348,0.09759621,0.01010532,0.17679822,0.020895682,null,null,null,null,"TWOGAUSSIANS",8,1.0426829,0.30777225,0.006434412,0.4,0.0,0.20838304,0.010423221,0.8147399,0.009641348,0.4,0.0,0.16728306,0.020516343
375316653866487564,183917027967321600,0.4646149,2272.2130571697403,0.42483934570440146,2.8282235E-5,18.825478,0.013328515,0.16581792,0.002157072,0.052763756,0.0036943636,0.3979632,0.06858307,0.6342831,0.015365488,0.052255385,0.011952376,0.37302864,0.12616953,null,null,null,null,"TWOGAUSSIANS",8,5.195779,0.16581792,0.002157072,0.29547703,0.020688437,0.39796108,0.0685844,0.6342831,0.015365488,0.29263014,0.066933304,0.37302652,0.12617493
375316653866487564,183922456806049792,0.4984381,2238.305244668825,0.862141058741478,1.2782698E-4,19.503475,0.013110015,0.30612648,0.030703736,0.051090367,0.026295032,0.5438521,0.35600516,0.7498787,0.011361239,0.09178565,0.023144547,0.068474874,0.013192195,null,null,null,null,"TWOGAUSSIANS",8,0.8386522,0.30612648,0.030703736,0.28610605,0.13283198,0.5437191,0.3574386,0.7498787,0.011361239,0.4,0.0,0.06834134,0.01259339
375316653866487564,183922766043767552,0.6592087,2219.0771368333435,0.9263879100580379,3.6562874E-6,14.465405,0.030077627,0.24941772,0.0021995336,0.1172678,0.011945157,0.17023547,0.02720568,0.7565853,0.0019010656,0.13818872,0.018764,0.13253787,0.029346373,null,null,null,null,"TWOGAUSSIANS",8,4.2092905,0.24927773,0.002112897,0.4,0.0,0.12961966,0.003482827,0.7566353,0.001905786,0.4,0.0,0.09157472,0.002174019
