Gaia/vari_eclipsing_binary/VariEclipsingBinary_212940-213477.csv
# %ECSV 1.0
# ---
# delimiter: ','
# meta: !!omap
# - RELEASE: Gaia DR3
# - TABLE: vari_eclipsing_binary
# - DESCRIPTION: >
#     This table describes the properties of the eclipsing binaries resulting from the variability analysis. 
# - CITATION: >
#     How to cite and acknowledge Gaia: 
#     https://gea.esac.esa.int/archive/documentation/credits.html 
# - KNOWN_ISSUES: >
#     Known issues: 
#     https://www.cosmos.esa.int/web/gaia-users/known-issues 
# - DOCUMENTATION: >
#     Tutorials and documentation: 
#     https://www.cosmos.esa.int/web/gaia-users/archive 
# datatype:
# - 
#   name: solution_id
#   datatype: int64
#   description: Solution Identifier
#   meta:
#     ucd: meta.version
# - 
#   name: source_id
#   datatype: int64
#   description: Unique source identifier
#   meta:
#     ucd: meta.id;meta.main
# - 
#   name: global_ranking
#   datatype: float32
#   description: Number between 0 (worst) and 1 (best)
#   meta:
#     ucd: stat.param
# - 
#   name: reference_time
#   datatype: float64
#   unit: d
#   description: Reference time used for the geometric model fit
#   meta:
#     ucd: time.epoch
# - 
#   name: frequency
#   datatype: float64
#   unit: d**-1
#   description: Frequency of geometric model of the eclipsing binary light curve
#   meta:
#     ucd: src.orbital
# - 
#   name: frequency_error
#   datatype: float32
#   unit: d**-1
#   description: "Uncertainty of \\texttt{frequency}"
#   meta:
#     ucd: stat.error
# - 
#   name: geom_model_reference_level
#   datatype: float32
#   unit: mag
#   description: Magnitude reference level of geometric model
#   meta:
#     ucd: phot.mag;em.opt
# - 
#   name: geom_model_reference_level_error
#   datatype: float32
#   unit: mag
#   description: "Uncertainty of \\texttt{geomModelReferenceLevel}"
#   meta:
#     ucd: stat.error;phot.mag;em.opt
# - 
#   name: geom_model_gaussian1_phase
#   datatype: float32
#   description: Phase of the Gaussian 1 component
#   meta:
#     ucd: time.phase
# - 
#   name: geom_model_gaussian1_phase_error
#   datatype: float32
#   description: "Uncertainty of \\texttt{geomModelGaussian1Phase}"
#   meta:
#     ucd: stat.error;time.phase
# - 
#   name: geom_model_gaussian1_sigma
#   datatype: float32
#   description: "Standard deviation [phase] of Gaussian 1 component"
#   meta:
#     ucd: stat.stdev
# - 
#   name: geom_model_gaussian1_sigma_error
#   datatype: float32
#   description: "Uncertainty of \\texttt{geomModelGaussian1Sigma}"
#   meta:
#     ucd: stat.error
# - 
#   name: geom_model_gaussian1_depth
#   datatype: float32
#   unit: mag
#   description: Magnitude depth of Gaussian 1 component
#   meta:
#     ucd: src.var.amplitude
# - 
#   name: geom_model_gaussian1_depth_error
#   datatype: float32
#   unit: mag
#   description: "Uncertainty of \\texttt{geomModelGaussian1Depth}"
#   meta:
#     ucd: stat.error;src.var.amplitude
# - 
#   name: geom_model_gaussian2_phase
#   datatype: float32
#   description: Phase of Gaussian 2 component
#   meta:
#     ucd: time.phase
# - 
#   name: geom_model_gaussian2_phase_error
#   datatype: float32
#   description: "Uncertainty of \\texttt{geomModelGaussian2Phase}"
#   meta:
#     ucd: stat.error;time.phase
# - 
#   name: geom_model_gaussian2_sigma
#   datatype: float32
[...]
#   datatype: float32
#   description: "Secondary eclipse: uncertainty of \\texttt{derivedSecondaryEclDuration}"
#   meta:
#     ucd: stat.error;time.duration
# - 
#   name: derived_secondary_ecl_depth
#   datatype: float32
#   unit: mag
#   description: "Secondary eclipse: depth"
#   meta:
#     ucd: src.var.amplitude
# - 
#   name: derived_secondary_ecl_depth_error
#   datatype: float32
#   unit: mag
#   description: "Secondary eclipse: uncertainty of \\texttt{derivedSecondaryEclDepth}"
#   meta:
#     ucd: stat.error;src.var.amplitude
solution_id,source_id,global_ranking,reference_time,frequency,frequency_error,geom_model_reference_level,geom_model_reference_level_error,geom_model_gaussian1_phase,geom_model_gaussian1_phase_error,geom_model_gaussian1_sigma,geom_model_gaussian1_sigma_error,geom_model_gaussian1_depth,geom_model_gaussian1_depth_error,geom_model_gaussian2_phase,geom_model_gaussian2_phase_error,geom_model_gaussian2_sigma,geom_model_gaussian2_sigma_error,geom_model_gaussian2_depth,geom_model_gaussian2_depth_error,geom_model_cosine_half_period_amplitude,geom_model_cosine_half_period_amplitude_error,geom_model_cosine_half_period_phase,geom_model_cosine_half_period_phase_error,model_type,num_model_parameters,reduced_chi2,derived_primary_ecl_phase,derived_primary_ecl_phase_error,derived_primary_ecl_duration,derived_primary_ecl_duration_error,derived_primary_ecl_depth,derived_primary_ecl_depth_error,derived_secondary_ecl_phase,derived_secondary_ecl_phase_error,derived_secondary_ecl_duration,derived_secondary_ecl_duration_error,derived_secondary_ecl_depth,derived_secondary_ecl_depth_error
[from data line 399]
375316653866487564,1873437762121506560,0.64336115,2214.3058351919153,0.25620597676591034,1.1693264E-4,13.325648,3.3731502E-4,0.77939266,0.08703076,0.049578317,0.05500455,0.0075996714,12506.79,0.28662243,0.0060405754,0.01678818,0.0027396036,0.20180695,0.02502348,null,null,null,null,"TWOGAUSSIANS",8,6.7611194,0.28662243,0.0060405754,0.09401381,0.01534178,0.20180695,0.02502348,0.77939266,0.08703076,0.27763855,0.30802548,0.0075996714,12506.79
375316653866487564,1873439793649109376,0.5725238,2214.056768288826,1.284504409724241,4.1235953E-6,18.080332,0.0017296739,0.45338538,8.299515E-4,0.019199323,0.0011142497,0.414667,0.010133002,0.7845514,0.0011539792,0.013659477,0.0013594871,0.029376898,0.0018704325,null,null,null,null,"TWOGAUSSIANS",8,2.0768862,0.45338538,8.299515E-4,0.10751621,0.0062397984,0.414667,0.010133002,0.7845514,0.0011539792,0.07649308,0.0076131276,0.029376898,0.0018704325
375316653866487564,1873450032851256064,0.5290991,2219.2121036207272,0.15632342654197634,1.4289217E-5,16.806877,0.0025443165,0.18500683,0.0049931207,0.023554895,0.0056777536,0.04223638,0.03861559,0.67919856,0.0018027339,0.017317345,0.0019703002,0.19932148,0.025860026,0.038984403,0.0040559387,0.18500683,0.0049931207,"TWOGAUSSIANS_WITH_ELLIPSOIDAL_ON_ECLIPSE1",9,7.946118,0.6792486,0.0017913732,0.09697714,0.01103368,0.27718744,0.026579566,0.18500683,0.0049931207,0.1319074,0.03179542,0.12020517,0.03692188
375316653866487564,1873451888278148608,0.48653686,2224.405114400753,0.17922446298384045,7.4579104E-5,19.637596,0.0041219746,0.7213989,0.00903583,0.021253847,0.009491368,0.02792748,0.019309048,0.4031301,0.0010157422,0.018306797,0.001496163,0.34403586,0.0053581614,null,null,null,null,"TWOGAUSSIANS",8,1.3284523,0.4031301,0.0010157422,0.10251807,0.008378512,0.34403586,0.0053581614,0.7213989,0.00903583,0.119021535,0.05315166,0.02792748,0.019309048
375316653866487564,1873452815990092416,0.6538258,2217.8163529164867,0.21360420040692807,4.515947E-6,16.101454,0.0017559075,0.27790335,0.0031711785,0.028169258,0.0029517983,0.10385274,0.004461638,0.76760435,0.0031340981,0.019071776,9.673822E-4,1.9720198,0.31380966,0.060753383,0.002812567,0.76760435,0.0031340981,"TWOGAUSSIANS_WITH_ELLIPSOIDAL_ON_ECLIPSE2",9,11.727809,0.76760435,0.0031340981,0.10680195,0.0054173404,2.0935266,0.3141666,0.27720335,0.0030049107,0.15774783,0.01653007,0.22488594,0.004163024
375316653866487564,1873457729426141568,0.45974398,2254.3179359656224,0.48346980336120104,1.874203E-5,19.190262,0.0052332734,0.23572564,0.020818051,0.03253518,0.01583663,0.17713271,0.11258073,0.73079777,0.0019530593,0.023232888,0.0024580383,0.188365,0.025347315,null,null,null,null,"TWOGAUSSIANS",8,2.7888954,0.73079777,0.0019530593,0.13010418,0.013765014,0.188365,0.025347315,0.23572564,0.020818051,0.18219702,0.088685125,0.17713271,0.11258073
375316653866487564,1873460233391803520,0.4823087,2230.3108566881137,1.101154104319007,6.977922E-6,19.642273,0.005102889,0.16683131,0.001996664,0.03468444,0.002280248,0.3191917,0.02197225,0.66415197,0.018049786,0.0351252,0.020749051,0.082725726,0.27845803,null,null,null,null,"TWOGAUSSIANS",8,1.427189,0.16683131,0.001996664,0.19423285,0.012769389,0.3191917,0.02197225,0.66415197,0.018049786,0.19670111,0.11619469,0.082725726,0.27845803
375316653866487564,1873460340772775808,0.61541915,2230.621984175179,0.27244649107592006,2.0658908E-5,14.980961,0.0011942236,0.25192267,9.766704E-4,0.020425798,8.0788345E-4,0.41264844,0.021119561,0.7647313,0.0062130056,0.012443974,0.0048075793,0.30908817,0.10323035,null,null,null,null,"TWOGAUSSIANS",8,27.246397,0.25192267,9.766704E-4,0.114384465,0.0045241476,0.41264844,0.021119561,0.7647313,0.0062130056,0.06968625,0.026922444,0.30908817,0.10323035
375316653866487564,1873464837597346560,0.548229,2217.8571357332107,0.3280500884655967,8.689017E-6,17.84745,0.0049795317,0.27923736,0.0017551078,0.025328243,0.0042720274,0.12701209,0.012990186,0.77902,0.0091827195,0.030733112,0.003521754,1.2777027,0.48973677,0.035862055,0.010742723,0.27923736,0.0017551078,"TWOGAUSSIANS_WITH_ELLIPSOIDAL_ON_ECLIPSE1",9,4.7062674,0.77902,0.0091827195,0.17210542,0.019721823,1.3494265,0.49185613,0.27923736,0.0017551078,0.14183816,0.023923354,0.19873607,0.011495124
375316653866487564,1873466628606254592,0.5352269,2205.324127872505,3.243025286018087,1.2327717E-5,19.780588,0.016815348,0.14953728,0.002630603,0.064189486,0.004273456,0.6842021,0.04258617,0.64636475,0.005398952,0.07451355,0.0075916424,0.49286303,0.050957814,null,null,null,null,"TWOGAUSSIANS",8,1.9525359,0.14953728,0.002630603,0.35946113,0.023931354,0.68261796,0.04301456,0.64636475,0.005398952,0.4,0.0015594865,0.49127892,0.051634196
375316653866487564,1873466933542696192,0.51953954,2192.4310416818985,1.1172854949885276,9.120039E-6,19.690279,0.009992318,0.25846684,0.011988269,0.09169148,0.0117935585,0.17043905,0.029027972,0.7496959,0.004054466,0.064484216,0.003910265,0.5501483,0.016713936,null,null,null,null,"TWOGAUSSIANS",8,1.9969573,0.7496959,0.004054466,0.36111158,0.021897485,0.54752254,0.016459765,0.25846684,0.011988269,0.4,0.0,0.1678132,0.030113095
375316653866487564,1873469033786941312,0.48775202,2212.787407681367,0.9943110032611822,1.04788174E-4,17.14188,0.0019143203,0.28247988,0.014264561,0.050655194,0.014538914,0.010755481,0.0027812317,0.78680104,0.030002179,0.02091398,0.011178069,0.9715039,2.402207,null,null,null,null,"TWOGAUSSIANS",8,5.5014586,0.78680104,0.030002179,0.1171183,0.062597185,0.9715039,2.402207,0.28247988,0.014264561,0.28366908,0.08141792,0.010755481,0.0027812317
375316653866487564,1873469239945375104,0.50325197,2187.668336366869,3.559746918465714,2.0476877E-5,16.763245,0.0094846105,0.31092724,0.0060994565,0.07823032,0.007812487,0.2787448,0.010476148,0.79676324,0.008250295,0.07641971,0.0091681685,0.23557064,0.011459221,null,null,null,null,"TWOGAUSSIANS",8,24.178888,0.31092724,0.0060994565,0.4,0.0,0.27670434,0.009946973,0.79676324,0.008250295,0.4,0.0076378738,0.2335302,0.010761653
375316653866487564,1873469682319347584,0.54729706,2211.578942718873,4.234005029757248,1.0365227E-5,18.523794,0.009044076,0.24295805,0.0020496615,0.041203026,0.0055935285,0.19578518,0.024891037,0.7423694,0.006160921,0.04027369,0.011286851,0.1974012,0.056835596,0.072598405,0.011790726,0.24295805,0.0020496615,"TWOGAUSSIANS_WITH_ELLIPSOIDAL_ON_ECLIPSE1",9,3.4861124,0.7424194,0.005927043,0.22553267,0.06320637,0.34259617,0.06856875,0.24295805,0.0020496615,0.23073694,0.03132376,0.340982,0.024335373
375316653866487564,1873471434667207552,0.5495242,2227.969859143468,1.1235543052866301,1.5773532E-5,19.44869,0.0042837453,0.22432092,0.004044606,0.03586655,0.0031740358,0.6228877,0.05044869,0.7311608,0.0048512737,0.042616412,0.00523968,0.23554434,0.023003949,null,null,null,null,"TWOGAUSSIANS",8,1.7294108,0.22432092,0.004044606,0.20085269,0.0177746,0.6228877,0.05044869,0.7311608,0.0048512737,0.23865192,0.029342206,0.23554434,0.023003949
375316653866487564,1873471713839335552,0.52915716,2222.540276114319,3.25447145147332,1.8199928E-5,19.473866,0.019704198,0.27861512,0.009534476,0.08982681,0.012883772,0.5097354,0.061227232,0.7816488,0.0024922707,0.0835931,0.0045564277,0.496493,0.019800866,null,null,null,null,"TWOGAUSSIANS",8,3.8249633,0.27861512,0.009534476,0.4,0.0,0.4947551,0.06482773,0.7816488,0.0024922707,0.4,0.0,0.48151287,0.01570964
375316653866487564,1873473015216754432,0.473202,2209.67953311364,1.1058258118916597,3.5805406E-5,19.73791,0.011526798,0.15447049,2.951579E-5,0.0022458786,1.0093057E-4,0.41133952,0.0023145578,0.6710754,0.009690431,0.009073719,0.00359889,0.70377463,0.5381541,null,null,null,null,"TWOGAUSSIANS",8,6.2460713,0.6710754,0.009690431,0.05081283,0.020153783,0.70377463,0.5381541,0.15447049,2.951579E-5,0.012576919,5.652112E-4,0.41133952,0.0023145578
375316653866487564,1873475012381652608,0.5727083,2234.710552271893,0.751494423970683,1.1797284E-5,18.959675,0.00464122,0.25772876,0.005048524,0.02702637,0.005867323,0.16718894,0.014015827,0.77616495,9.3947083E-4,0.028779471,0.0011230914,0.33785594,0.010205576,0.029871974,0.005874035,0.25772876,0.005048524,"TWOGAUSSIANS_WITH_ELLIPSOIDAL_ON_ECLIPSE1",9,1.9780419,0.77616495,9.3947083E-4,0.16116504,0.006289312,0.39680165,0.005278893,0.25772876,0.005048524,0.15134767,0.03285701,0.22693278,0.01125611
375316653866487564,1873475214237407232,0.5115042,2239.362182007022,3.0313287577443027,1.0572722E-5,19.0199,0.02128386,0.24078052,0.0029301643,0.09105139,0.007518578,0.4080425,0.025002621,0.7409404,0.0063509764,0.08879363,0.008532167,0.3937329,0.02685441,null,null,null,null,"TWOGAUSSIANS",8,3.8408647,0.24078052,0.0029301643,0.4,0.0,0.39127076,0.0257588,0.7409404,0.0063509764,0.4,0.0,0.37696132,0.021265287
375316653866487564,1873477791217762048,0.55206466,2258.995410426552,2.646148712471541,9.054718E-6,17.371578,0.0070515084,0.16508383,0.0032385804,0.09444719,0.0058992365,0.15820263,0.007987656,0.6573943,0.0027154777,0.095001936,0.0059641893,0.16290364,0.00655707,null,null,null,null,"TWOGAUSSIANS",8,3.5074043,0.6573943,0.0027154777,0.4,0.0,0.15404837,0.0043058856,0.16508383,0.0032385804,0.4,0.0,0.14934742,0.0071370252
375316653866487564,1873478173477597056,0.46184367,2252.5090810482147,3.69007476898159,2.3671426E-5,18.51491,0.0036880844,null,null,null,null,null,null,null,null,null,null,null,null,0.07249239,0.005207107,0.27439737,0.005766841,"ELLIPSOIDAL",4,6.8381205,null,null,null,null,null,null,null,null,null,null,null,null
375316653866487564,1873482193566748032,0.56795347,2195.768792548959,1.683338360151677,8.013578E-6,19.129606,0.0074072727,0.268815,0.0020991613,0.034020472,0.00296575,0.5483187,0.033231687,0.7646138,0.0045299106,0.03133007,0.004137086,0.6354522,0.06783932,null,null,null,null,"TWOGAUSSIANS",8,3.5610516,0.7646138,0.0045299106,0.1754484,0.023167685,0.6354522,0.06783932,0.268815,0.0020991613,0.19051464,0.0166082,0.5483187,0.033231687
375316653866487564,1873485801339299968,0.465565,2239.156589861652,0.24545124179510097,1.0894117E-6,17.207006,0.0018953622,0.51347107,9.759529E-5,0.0019722464,6.104889E-5,0.36353323,0.02799719,0.7648955,0.0028058395,0.026309783,0.0026579024,0.039972406,0.0030057796,null,null,null,null,"TWOGAUSSIANS",8,4.316162,0.51347107,9.759529E-5,0.01104458,3.418738E-4,0.36353323,0.02799719,0.7648955,0.0028058395,0.14733478,0.014884253,0.039972406,0.0030057796
375316653866487564,1873486278076624768,0.55985236,2212.5754546334088,3.768721249267407,4.540064E-6,19.45894,0.014280365,0.28485897,0.0024971797,0.04726426,0.0072103534,0.4692057,0.06703182,0.7584831,0.0042758672,0.028680632,0.0037201378,0.29261136,0.03308607,0.13900958,0.02010068,0.28485897,0.0024971797,"TWOGAUSSIANS_WITH_ELLIPSOIDAL_ON_ECLIPSE1",9,2.245837,0.28485897,0.0024971797,0.26467985,0.040377982,0.74722415,0.07615336,0.7599931,0.004252469,0.16061154,0.020832771,0.56349313,0.01319041
375316653866487564,1873487381882769024,0.56279373,2263.9758098429697,0.6729487394517905,1.2553434E-5,19.512447,0.004304301,0.15440537,0.010477949,0.0138595635,0.0055054296,0.24163269,0.14549808,0.652956,3.1522676E-4,0.01340775,2.0196542E-4,0.6990613,0.015907174,null,null,null,null,"TWOGAUSSIANS",8,1.393985,0.652956,3.1522676E-4,0.0750834,0.0011310063,0.6990613,0.015907174,0.15440537,0.010477949,0.077613555,0.030830406,0.24163269,0.14549808
375316653866487564,1873487961701590272,0.53958774,2231.8861848234815,0.9477821586665709,1.773867E-4,19.130127,0.005553827,0.22995587,0.013416217,0.052738745,0.0073117665,0.073603414,0.014666993,0.725667,0.0016041251,0.03960458,0.0016642825,0.7652456,0.035179917,null,null,null,null,"TWOGAUSSIANS",8,2.062719,0.725667,0.0016041251,0.22178563,0.0093199825,0.7652455,0.035179973,0.22995587,0.013416217,0.295337,0.04094589,0.07360329,0.014666979
375316653866487564,1873489924508023808,0.52146715,2225.2355256365745,0.5247507343492347,1.5493215E-4,16.080513,0.0014071729,0.22268549,0.003847128,0.027132371,0.0021422417,0.1008715,0.00770612,0.6856686,0.031417366,0.081060246,0.027543522,0.011513673,0.005644459,null,null,null,null,"TWOGAUSSIANS",8,6.3740754,0.22268549,0.003847128,0.15194128,0.011996553,0.100871354,0.0077060633,0.6856686,0.031417366,0.4,0.07714115,0.011513523,0.0056445966
375316653866487564,1873490096306732416,0.6241675,2179.3841601867953,1.347057255489119,2.9973535E-6,16.680983,0.00690779,0.16878085,0.0012325725,0.0900683,0.002340519,0.42073616,0.008050786,0.65904343,8.349576E-4,0.082482524,0.002013538,0.4814046,0.0090316385,null,null,null,null,"TWOGAUSSIANS",8,10.220093,0.65904343,8.349576E-4,0.4,0.0,0.46999526,0.009251503,0.16878085,0.0012325725,0.4,0.0,0.4093266,0.0074089216
375316653866487564,1873490813564863488,0.5452511,2240.1408442431084,2.967990422721051,1.4713421E-5,19.399328,0.00838548,0.24465975,0.0027868187,0.070591725,0.0033587534,0.38032487,0.010170948,0.7494943,0.0034704583,0.07983674,0.0029555073,0.37964404,0.016336625,null,null,null,null,"TWOGAUSSIANS",8,1.1118375,0.24465975,0.0027868187,0.39531365,0.017642785,0.3776066,0.009845249,0.7494943,0.0034704583,0.4,0.0,0.3769258,0.016128289
375316653866487564,1873492600265230208,0.47497225,2240.134856034675,2.8728885567933515,3.5375237E-5,18.850433,0.004461992,null,null,null,null,null,null,null,null,null,null,null,null,0.06347858,0.005931123,0.2890411,0.006625672,"ELLIPSOIDAL",4,3.268709,null,null,null,null,null,null,null,null,null,null,null,null
375316653866487564,1873492600265231872,0.5311934,2241.7789297790255,2.510377647728666,8.352182E-6,18.674538,0.01945121,0.21105361,0.0018781896,0.080416225,0.0049974336,0.3633176,0.017814979,0.7163477,0.002863811,0.08653306,0.0071488325,0.31897116,0.02409058,null,null,null,null,"TWOGAUSSIANS",8,4.04358,0.21105361,0.0018781896,0.4,0.0,0.35636303,0.014796297,0.7163477,0.002863811,0.4,0.0,0.31201655,0.023144798
375316653866487564,1873493150020955520,0.46266827,2259.5201624376323,2.1946141244443726,2.549445E-5,18.786112,0.15960467,0.2812862,0.006800464,0.12434206,0.041016735,0.19737591,0.15309784,0.75578815,0.01101577,0.11913996,0.04933548,0.19943075,0.15345885,null,null,null,null,"TWOGAUSSIANS",8,2.6661172,0.75578815,0.01101577,0.4,0.0,0.1609655,0.014954191,0.2814362,0.0060117436,0.4,0.0,0.15883243,0.016363274
375316653866487564,1873493150020959488,0.47687316,2280.0677949816986,0.6945257406139167,5.169555E-5,18.53378,0.008575038,0.16003755,0.048134442,0.015013958,0.034347285,1.0776042,0.87154776,0.6533685,0.011853463,0.026360115,0.010523989,0.15646501,0.026746936,null,null,null,null,"TWOGAUSSIANS",8,13.5622225,0.16003755,0.048134442,0.08407817,0.19234478,1.0776042,0.87154776,0.6533685,0.011853463,0.14761665,0.058934335,0.15646501,0.026746936
375316653866487564,1873493287462626816,0.49843705,2273.1288915894856,3.5390871749305126,2.439946E-5,19.700525,0.027623985,0.20641118,0.005728335,0.07568214,0.007619939,0.42589107,0.0456398,0.70471054,0.010492176,0.07085965,0.01875675,0.2603774,0.02458429,null,null,null,null,"TWOGAUSSIANS",8,2.5276134,0.20641118,0.005728335,0.4,0.0,0.42398247,0.04345378,0.70471054,0.010492176,0.39681405,0.056740057,0.25846884,0.023812033
375316653866487564,1873495215907932800,0.5534086,2230.9198009397605,3.5840966953736872,2.4442168E-5,19.722654,0.008516994,0.22997883,0.0062319324,0.06816923,0.0055402946,0.5934014,0.02814572,0.73606825,0.006200146,0.06411904,0.0041448367,0.6626868,0.036503814,null,null,null,null,"TWOGAUSSIANS",8,2.3394527,0.73606825,0.006200146,0.35906664,0.023211086,0.6618564,0.036344375,0.22997883,0.0062319324,0.38174766,0.02803836,0.59257096,0.028105147
