Gaia/vari_eclipsing_binary/VariEclipsingBinary_049528-049851.csv
# %ECSV 1.0
# ---
# delimiter: ','
# meta: !!omap
# - RELEASE: Gaia DR3
# - TABLE: vari_eclipsing_binary
# - DESCRIPTION: >
#     This table describes the properties of the eclipsing binaries resulting from the variability analysis. 
# - CITATION: >
#     How to cite and acknowledge Gaia: 
#     https://gea.esac.esa.int/archive/documentation/credits.html 
# - KNOWN_ISSUES: >
#     Known issues: 
#     https://www.cosmos.esa.int/web/gaia-users/known-issues 
# - DOCUMENTATION: >
#     Tutorials and documentation: 
#     https://www.cosmos.esa.int/web/gaia-users/archive 
# datatype:
# - 
#   name: solution_id
#   datatype: int64
#   description: Solution Identifier
#   meta:
#     ucd: meta.version
# - 
#   name: source_id
#   datatype: int64
#   description: Unique source identifier
#   meta:
#     ucd: meta.id;meta.main
# - 
#   name: global_ranking
#   datatype: float32
#   description: Number between 0 (worst) and 1 (best)
#   meta:
#     ucd: stat.param
# - 
#   name: reference_time
#   datatype: float64
#   unit: d
#   description: Reference time used for the geometric model fit
#   meta:
#     ucd: time.epoch
# - 
#   name: frequency
#   datatype: float64
#   unit: d**-1
#   description: Frequency of geometric model of the eclipsing binary light curve
#   meta:
#     ucd: src.orbital
# - 
#   name: frequency_error
#   datatype: float32
#   unit: d**-1
#   description: "Uncertainty of \\texttt{frequency}"
#   meta:
#     ucd: stat.error
# - 
#   name: geom_model_reference_level
#   datatype: float32
#   unit: mag
#   description: Magnitude reference level of geometric model
#   meta:
#     ucd: phot.mag;em.opt
# - 
#   name: geom_model_reference_level_error
#   datatype: float32
#   unit: mag
#   description: "Uncertainty of \\texttt{geomModelReferenceLevel}"
#   meta:
#     ucd: stat.error;phot.mag;em.opt
# - 
#   name: geom_model_gaussian1_phase
#   datatype: float32
#   description: Phase of the Gaussian 1 component
#   meta:
#     ucd: time.phase
# - 
#   name: geom_model_gaussian1_phase_error
#   datatype: float32
#   description: "Uncertainty of \\texttt{geomModelGaussian1Phase}"
#   meta:
#     ucd: stat.error;time.phase
# - 
#   name: geom_model_gaussian1_sigma
#   datatype: float32
#   description: "Standard deviation [phase] of Gaussian 1 component"
#   meta:
#     ucd: stat.stdev
# - 
#   name: geom_model_gaussian1_sigma_error
#   datatype: float32
#   description: "Uncertainty of \\texttt{geomModelGaussian1Sigma}"
#   meta:
#     ucd: stat.error
# - 
#   name: geom_model_gaussian1_depth
#   datatype: float32
#   unit: mag
#   description: Magnitude depth of Gaussian 1 component
#   meta:
#     ucd: src.var.amplitude
# - 
#   name: geom_model_gaussian1_depth_error
#   datatype: float32
#   unit: mag
#   description: "Uncertainty of \\texttt{geomModelGaussian1Depth}"
#   meta:
#     ucd: stat.error;src.var.amplitude
# - 
#   name: geom_model_gaussian2_phase
#   datatype: float32
#   description: Phase of Gaussian 2 component
#   meta:
#     ucd: time.phase
# - 
#   name: geom_model_gaussian2_phase_error
#   datatype: float32
#   description: "Uncertainty of \\texttt{geomModelGaussian2Phase}"
#   meta:
#     ucd: stat.error;time.phase
# - 
#   name: geom_model_gaussian2_sigma
#   datatype: float32
[...]
#   datatype: float32
#   description: "Secondary eclipse: uncertainty of \\texttt{derivedSecondaryEclDuration}"
#   meta:
#     ucd: stat.error;time.duration
# - 
#   name: derived_secondary_ecl_depth
#   datatype: float32
#   unit: mag
#   description: "Secondary eclipse: depth"
#   meta:
#     ucd: src.var.amplitude
# - 
#   name: derived_secondary_ecl_depth_error
#   datatype: float32
#   unit: mag
#   description: "Secondary eclipse: uncertainty of \\texttt{derivedSecondaryEclDepth}"
#   meta:
#     ucd: stat.error;src.var.amplitude
solution_id,source_id,global_ranking,reference_time,frequency,frequency_error,geom_model_reference_level,geom_model_reference_level_error,geom_model_gaussian1_phase,geom_model_gaussian1_phase_error,geom_model_gaussian1_sigma,geom_model_gaussian1_sigma_error,geom_model_gaussian1_depth,geom_model_gaussian1_depth_error,geom_model_gaussian2_phase,geom_model_gaussian2_phase_error,geom_model_gaussian2_sigma,geom_model_gaussian2_sigma_error,geom_model_gaussian2_depth,geom_model_gaussian2_depth_error,geom_model_cosine_half_period_amplitude,geom_model_cosine_half_period_amplitude_error,geom_model_cosine_half_period_phase,geom_model_cosine_half_period_phase_error,model_type,num_model_parameters,reduced_chi2,derived_primary_ecl_phase,derived_primary_ecl_phase_error,derived_primary_ecl_duration,derived_primary_ecl_duration_error,derived_primary_ecl_depth,derived_primary_ecl_depth_error,derived_secondary_ecl_phase,derived_secondary_ecl_phase_error,derived_secondary_ecl_duration,derived_secondary_ecl_duration_error,derived_secondary_ecl_depth,derived_secondary_ecl_depth_error
[from data line 73]
375316653866487564,435908879557107712,0.53638095,2027.981916600833,3.6995356709606573,1.9812109E-5,16.474483,0.024241732,0.26628584,0.0050895624,0.102386534,0.011210939,0.2438888,0.024148595,0.7545603,0.0048087654,0.10883996,0.011119532,0.29402915,0.022671798,null,null,null,null,"TWOGAUSSIANS",8,33.04777,0.7545603,0.0048087654,0.4,0.0,0.26550773,0.015483598,0.26629582,0.0050882725,0.4,0.0,0.21538086,0.0096050985
375316653866487564,435911589676342528,0.6288259,2023.2030450370546,3.793970940104984,5.7885854E-6,18.137781,0.017477352,0.17779122,0.0017844649,0.049204458,0.003466269,0.4120319,0.04059194,0.6834873,0.0023606515,0.05168405,0.0044834963,0.44692978,0.037264362,0.10056407,0.021990871,0.17779122,0.0017844649,"TWOGAUSSIANS_WITH_ELLIPSOIDAL_ON_ECLIPSE1",9,4.1525,0.6834873,0.0023606515,0.2894307,0.02510758,0.6477962,0.012898063,0.17779122,0.0017844649,0.27554497,0.019411108,0.61315584,0.015346876
375316653866487564,435913926138578304,0.54375595,2017.8535117700526,3.0834366306203234,1.1363028E-5,18.048111,0.011408085,0.27679712,0.0038207776,0.087201536,0.0066572116,0.3312614,0.013627867,0.76724327,0.004873185,0.08576014,0.006682513,0.28530613,0.012490081,null,null,null,null,"TWOGAUSSIANS",8,5.2014327,0.27679712,0.0038207776,0.4,0.0,0.3232399,0.013342655,0.76724327,0.004873185,0.4,0.0,0.27728465,0.010159189
375316653866487564,435916713577405056,0.6231984,2046.01980470071,0.31503196283052054,3.0959854E-5,15.4290905,0.0077273166,0.5660256,0.0019704078,0.02824153,0.002125059,0.41556475,0.019822389,0.8281487,0.15633109,0.12384905,0.24190822,0.005890996,0.006361104,null,null,null,null,"TWOGAUSSIANS",8,16.452269,0.5660456,0.0019635824,0.15815257,0.011900331,0.41618878,0.020257317,0.8281487,0.15633109,0.4,0.12050985,0.005887592,0.0026848272
375316653866487564,435917675650855808,0.6203728,2055.622775221618,2.5928884357234514,3.442557E-6,17.384605,0.016308744,0.27538636,0.0010214051,0.05688172,0.006282578,0.19651772,0.03571514,0.77614206,0.0023651791,0.06313545,0.0067563057,0.24261084,0.032089848,0.095019326,0.020383956,0.27538636,0.0010214051,"TWOGAUSSIANS_WITH_ELLIPSOIDAL_ON_ECLIPSE1",9,4.8830667,0.77614206,0.0022852153,0.3535585,0.03783531,0.43254074,0.01298283,0.27538636,0.0010214051,0.31853762,0.03518244,0.3864519,0.010155726
375316653866487564,435917984887276800,0.5915581,2053.977194126167,3.223022183706209,7.973344E-6,17.929537,0.007947856,0.20240314,0.0022569022,0.04898605,0.0058273226,0.19964918,0.021272006,0.7062964,0.005370598,0.05606644,0.0045600804,0.16272768,0.024691632,0.09658921,0.014129872,0.20240314,0.0022569022,"TWOGAUSSIANS_WITH_ELLIPSOIDAL_ON_ECLIPSE1",9,4.6369424,0.20240314,0.0022569022,0.27432188,0.032633007,0.3928214,0.01119278,0.7062964,0.005370598,0.31397206,0.02553645,0.35578433,0.013144252
375316653866487564,435919153118291840,0.46314052,2007.170490876874,0.02516260999684118,1.6446212E-4,17.601143,0.112946995,0.26688975,0.03737742,0.10345643,0.08103266,0.114250235,2.692547,0.7586349,0.014197936,0.122688875,0.13636594,0.07479163,0.096537255,null,null,null,null,"TWOGAUSSIANS",8,2.4189868,0.26691976,0.037109327,0.4,0.23561656,0.099966034,2.7076633,0.7586349,0.014197936,0.4,0.0,0.060471166,0.01980926
375316653866487564,435920974184357632,0.58782136,2043.268158769626,0.25724932004727985,2.4917506E-5,17.895021,0.005626989,0.54015684,0.06716321,0.045444354,0.17631476,0.0112121375,0.005099628,0.73580843,0.0075255716,0.035412885,0.006563835,0.37278917,0.034279477,null,null,null,null,"TWOGAUSSIANS",8,1.8043096,0.73580843,0.0075255716,0.19831216,0.036757477,0.37279022,0.033286568,0.54015684,0.1990878,0.2544884,0.2582479,0.011212225,0.3563042
375316653866487564,435921416560051968,0.4338149,2037.2308469055363,0.6383755681099791,6.621198E-5,19.713976,0.007390422,0.25272906,0.0057356195,0.014179141,0.0039392603,0.37854823,0.0943603,0.7681738,0.01498391,0.022122249,0.03914637,0.13382086,0.095803834,null,null,null,null,"TWOGAUSSIANS",8,3.3368175,0.25272906,0.0057356195,0.07940319,0.022059858,0.37854823,0.0943603,0.7681738,0.01498391,0.12388459,0.21921968,0.13382086,0.095803834
375316653866487564,435928086650058752,0.4916714,2045.6803505109854,2.9381515688456914,1.639936E-5,15.71441,1.7584349,0.13785094,0.004656655,0.11479614,0.086138725,0.22303356,0.9199418,0.63343984,0.003578589,0.13801953,0.28829125,0.25352553,1.7251005,null,null,null,null,"TWOGAUSSIANS",8,25.354376,0.63343984,0.003578589,0.4,0.0,0.18847224,0.011734548,0.13797095,0.0030524312,0.4,0.0,0.15866707,0.013623143
375316653866487564,435931488264168320,0.53610384,2021.0092762889026,0.8601369831407922,1.418768E-5,17.108583,0.0038665908,0.20429584,0.00919149,0.04300253,0.0052074366,0.2641543,0.022676948,0.7014905,0.0032050353,0.08546253,0.0035994085,0.18524085,0.0083352085,null,null,null,null,"TWOGAUSSIANS",8,9.124309,0.20429584,0.00919149,0.24081418,0.029161643,0.26396972,0.022525204,0.7014905,0.0032050353,0.4,0.0,0.1850563,0.008327873
375316653866487564,435931831862962560,0.48933828,2059.890819917555,3.1400941165477394,3.186288E-5,15.60612,0.003923942,null,null,null,null,null,null,null,null,null,null,null,null,0.08606455,0.0060670585,0.25151637,0.0050162165,"ELLIPSOIDAL",4,142.07909,null,null,null,null,null,null,null,null,null,null,null,null
375316653866487564,435938050974664192,0.48491272,2066.785533495552,0.8046127506980748,3.246606E-5,14.995043,0.0022365768,0.7975548,0.0067684134,0.035651483,0.005737023,0.083499774,0.009944261,null,null,null,null,null,null,0.014062007,0.00404049,0.7975548,0.0067684134,"ONEGAUSSIAN_WITH_ELLIPSOIDAL",6,40.938873,0.7975548,0.0067684134,0.19964829,0.03212733,0.11162379,0.008920728,null,null,null,null,null,null
375316653866487564,435942272922213504,0.5553825,2085.367479364929,3.4032449158821847,1.5081038E-5,18.913073,0.013107894,0.25770587,0.008971799,0.08986159,0.010902182,0.29417467,0.03590804,0.7485483,0.0022582223,0.078370444,0.004238596,0.3587057,0.013440529,null,null,null,null,"TWOGAUSSIANS",8,2.4677498,0.7485483,0.0022582223,0.4,0.0,0.35211447,0.01092112,0.25770587,0.008971799,0.4,0.0,0.2875833,0.03605119
375316653866487564,435942861337907712,0.47632504,2047.619004228965,0.09196078966761084,1.11458496E-4,17.764135,0.03384913,0.40566182,0.008223918,0.061523512,0.010212578,0.62670547,0.527547,0.7842816,0.054026812,0.15205035,0.084391765,0.04731851,0.033617996,null,null,null,null,"TWOGAUSSIANS",8,8.699141,0.40587184,0.007897591,0.34453166,0.057190433,0.62654275,0.5287187,0.7842816,0.054026812,0.4,0.0,0.04500994,0.019279221
375316653866487564,435945468377955840,0.56756854,2074.315342953299,0.25681117925617375,3.6219787E-6,17.649591,0.0039301007,0.21500386,0.06502806,0.04080529,0.03863495,0.30817786,1.0678183,0.67335254,3.7724138E-4,0.00776157,4.241421E-4,0.5588943,0.013980366,null,null,null,null,"TWOGAUSSIANS",8,9.315422,0.67335254,3.7724138E-4,0.04346479,0.0023751957,0.5588943,0.013980376,0.21500386,0.06502806,0.22850963,0.17847149,0.30817786,1.0678183
375316653866487564,435952825661438592,0.55738753,2072.2289641033844,3.232931881854415,1.5759962E-5,19.343023,0.014266199,0.26387522,0.004817361,0.07656055,0.006121749,0.4603442,0.017705824,0.7791693,0.0048643653,0.07809913,0.006432841,0.40257993,0.04521825,null,null,null,null,"TWOGAUSSIANS",8,2.2468581,0.26387522,0.004817361,0.4,0.0,0.45700148,0.016925372,0.7791693,0.0048643653,0.4,0.0,0.39923722,0.046120938
375316653866487564,435953753371632640,0.47403288,2080.687634842857,4.089673099429017,6.584477E-5,19.491196,0.086415276,0.28410408,0.007840038,0.11324369,0.02102071,0.30170217,0.07867437,0.75874805,0.016364153,0.12270727,0.051591337,0.23646933,0.069038965,null,null,null,null,"TWOGAUSSIANS",8,1.9919454,0.28424406,0.00723459,0.4,0.0,0.2574692,0.023303475,0.75874805,0.016364153,0.4,0.0,0.19213071,0.023959968
375316653866487564,435954062612005888,0.6267603,2101.0050052315773,3.0924161811510285,5.593362E-6,15.699137,0.0051224097,0.31256062,0.0021234667,0.04957605,0.004308065,0.13010444,0.012913134,0.82543766,0.0033760888,0.04619261,0.005845919,0.12322272,0.016812386,0.11635335,0.0074369493,0.31256062,0.0021234667,"TWOGAUSSIANS_WITH_ELLIPSOIDAL_ON_ECLIPSE1",9,25.7783,0.31256062,0.0021234667,0.2776259,0.024125163,0.36281073,0.004374098,0.82543766,0.0033760888,0.25867862,0.032737147,0.35440898,0.018755602
375316653866487564,435954436269662208,0.48111537,2094.5437519838274,1.6382811420917072,2.12441E-5,19.296232,0.0053273235,0.26997283,0.0021211605,0.024226109,0.002537295,0.2482723,0.01269777,0.7679455,0.017748358,0.021722084,0.009946704,0.2250042,0.20710601,null,null,null,null,"TWOGAUSSIANS",8,2.2284505,0.26997283,0.0021211605,0.1356662,0.014208852,0.2482723,0.01269777,0.7679455,0.017748358,0.12164367,0.05570154,0.2250042,0.20710601
375316653866487564,435954784167132800,0.6091712,2084.136528506893,3.97175357892859,5.9338E-6,18.958214,0.0060655456,0.2894952,0.0016501654,0.06525729,0.0019793278,0.6646814,0.014329153,0.79155445,0.005468791,0.072016135,0.0033373649,0.5709434,0.053468753,null,null,null,null,"TWOGAUSSIANS",8,1.8670079,0.2894952,0.0016501654,0.36544082,0.011084236,0.66315526,0.014376209,0.79155445,0.005468791,0.4,0.008191053,0.5694173,0.053700034
375316653866487564,435956326054382592,0.49404195,2086.758717447565,0.6810863597460224,3.5630128E-6,12.766924,4.5957993E-4,0.57984734,1.2977504E-4,0.010641433,2.381721E-4,0.08065038,0.0015061961,0.7811192,0.0051506627,0.026938092,0.004840659,0.010616825,0.0037747507,null,null,null,null,"TWOGAUSSIANS",8,15.84833,0.57984734,1.2977504E-4,0.059592027,0.0013337637,0.08065038,0.0015061961,0.7811192,0.0051506627,0.15085332,0.02710769,0.010616825,0.0037747507
375316653866487564,435957498585852928,0.5823405,2110.0089586749477,0.47110414609358253,2.36587E-6,17.036953,0.0011317626,0.33031112,0.02710277,0.058225427,0.019026648,0.007878607,0.0028369655,0.45725363,7.147757E-5,0.006670829,5.9557584E-4,4.150207,4.0505753,null,null,null,null,"TWOGAUSSIANS",8,1.7489587,0.45725363,7.147757E-5,0.03735664,0.0033352245,4.150939,4.0507455,0.33031112,0.02710277,0.32606238,0.10654923,0.007878607,0.0028369655
375316653866487564,435961170777131008,0.50837207,2020.2322411660098,3.438501061569519,7.2926996E-5,19.97571,0.009688725,0.40340576,0.0043351324,0.037699454,0.005611811,1.5187614,0.90741503,0.70131385,0.033951897,0.0671927,0.027974486,0.10597065,0.065623604,null,null,null,null,"TWOGAUSSIANS",8,1.6377829,0.40340576,0.0043351324,0.21111694,0.031426143,1.5187671,0.9074118,0.70131385,0.033951897,0.37627915,0.15600614,0.10597065,0.065623604
375316653866487564,435965676203521152,0.46096376,2054.816764301074,0.6810757145799445,3.872808E-5,14.608027,7.9574133E-4,0.20064996,0.011390418,0.041885708,0.022790937,0.035742637,49.207783,0.69777673,0.006535461,0.038407147,0.0055583343,0.045911737,0.002376684,null,null,null,null,"TWOGAUSSIANS",8,9.327407,0.69777673,0.006535461,0.21508002,0.03112667,0.045911737,0.0023766854,0.20064996,0.011390418,0.23455995,0.12762924,0.035742637,49.207783
375316653866487564,435969210955793024,0.57215524,2038.9671194047473,3.6323313508731996,9.972382E-6,18.359413,0.008338048,0.2871701,0.0049946955,0.0754318,0.005592425,0.46925327,0.027306492,0.7750383,0.0014485847,0.07398498,0.0021584686,0.5621105,0.008162947,null,null,null,null,"TWOGAUSSIANS",8,5.188431,0.7750383,0.0014485847,0.4,0.0,0.5592265,0.0076687383,0.2871701,0.0049946955,0.4,0.0021123695,0.4663693,0.027761092
375316653866487564,435979591897824256,0.62037337,2012.6440659183804,2.779845408622867,4.8390298E-6,17.887112,0.008749762,0.23238578,0.0015440999,0.054855496,0.004180166,0.19064996,0.022682944,0.734585,0.0035366733,0.058742747,0.0057991743,0.15278816,0.019588916,0.103241675,0.009759843,0.23238578,0.0015440999,"TWOGAUSSIANS_WITH_ELLIPSOIDAL_ON_ECLIPSE1",9,1.7072018,0.23238578,0.0015440999,0.30719078,0.023408929,0.39711207,0.011764078,0.734585,0.0035366733,0.32895938,0.032475375,0.35921088,0.013493588
375316653866487564,435985394394757504,0.49320582,2030.5919343279968,2.8585640159340135,4.516371E-5,18.295269,0.0036953946,null,null,null,null,null,null,null,null,null,null,null,null,0.08873695,0.0049110437,0.20437126,0.004354761,"ELLIPSOIDAL",4,6.27162,null,null,null,null,null,null,null,null,null,null,null,null
375316653866487564,435986979241419392,0.4348309,2054.406029487079,3.3829866251693135,3.8218932E-5,18.37483,0.029161267,0.2212481,0.0134816365,0.097961664,0.055205725,0.08717639,0.018202456,0.7040849,0.011810534,0.09434514,0.025171097,0.1302364,0.02860702,null,null,null,null,"TWOGAUSSIANS",8,4.0141144,0.7040849,0.011810534,0.4,0.0,0.12455146,0.018000528,0.2212481,0.013480072,0.4,0.013592207,0.0814912,0.013902605
375316653866487564,435988387990940288,0.60319465,2029.182938768468,1.751663189282175,2.109342E-5,17.467297,0.0045565246,0.19568793,0.0092865825,0.04337538,0.009431943,0.3269788,0.062879235,0.69834256,0.008806268,0.029636055,0.004422106,0.09278491,0.022375926,0.017041584,0.0053296615,0.19568793,0.0092865825,"TWOGAUSSIANS_WITH_ELLIPSOIDAL_ON_ECLIPSE1",9,2.3540263,0.19568793,0.0092865825,0.24290213,0.052818883,0.36106187,0.0693655,0.69834256,0.008645357,0.1659619,0.024763793,0.1268585,0.021672636
375316653866487564,435989865459571200,0.47156405,2043.7746861317999,0.03461809729984271,4.7015503E-5,18.549314,0.0075477064,0.2933151,0.023836175,0.03224729,0.012753726,0.24864712,0.16403477,0.7575368,0.0026018876,0.07383276,0.004319256,0.20908786,0.009428816,null,null,null,null,"TWOGAUSSIANS",8,4.1294785,0.2933151,0.023836175,0.18058482,0.07142086,0.24864595,0.16403528,0.7575368,0.0026018876,0.4,0.0016354036,0.2090867,0.00942865
375316653866487564,435995633596846976,0.61212987,2037.8392622576625,3.225932750011985,5.5538567E-6,17.436375,0.00785291,0.23697513,0.0015683386,0.047704402,0.003841147,0.2503845,0.026943639,0.7306548,0.0022161661,0.043186657,0.0046771555,0.22068687,0.027187617,0.12989205,0.019950181,0.23697513,0.0015683386,"TWOGAUSSIANS_WITH_ELLIPSOIDAL_ON_ECLIPSE1",9,7.510556,0.23697513,0.0015683386,0.26714465,0.021510422,0.5101683,0.014332173,0.7315848,0.0018246679,0.24184528,0.02619207,0.48012164,0.01939731
375316653866487564,435997832620109056,0.4600777,2051.8156521027627,3.095474773679638,2.7566171E-5,18.814342,0.00397676,null,null,null,null,null,null,null,null,null,null,null,null,0.059773803,0.0054960954,0.21160056,0.006690215,"ELLIPSOIDAL",4,3.2318351,null,null,null,null,null,null,null,null,null,null,null,null
375316653866487564,435998077436925696,0.6260902,2039.3886546439626,0.5376273292512928,1.7104667E-5,16.106256,7.633136E-4,0.30321515,0.003067939,0.028586287,0.0015296158,0.17945178,0.020843294,0.7966693,0.007829642,0.01776828,0.0042273314,0.27799916,0.05304481,null,null,null,null,"TWOGAUSSIANS",8,2.537406,0.7966693,0.007829642,0.09950237,0.023673054,0.27799916,0.05304481,0.30321515,0.003067939,0.1600832,0.008565849,0.17945178,0.020843294
375316653866487564,435999413168092288,0.6157457,2062.588792748256,1.2482339751473803,3.9747515E-6,17.622768,0.0025968691,0.26486686,0.003301389,0.04110018,0.0031745515,0.15145856,0.0060314867,0.75800586,5.3346413E-4,0.034479883,5.807426E-4,0.74862784,0.008484038,null,null,null,null,"TWOGAUSSIANS",8,7.5515738,0.75800586,5.3346413E-4,0.19308734,0.0032521586,0.74862784,0.008484038,0.26486686,0.003301389,0.23016101,0.017777488,0.15145856,0.0060314867
375316653866487564,436006044597772032,0.47518688,2138.208929451475,3.2332332848851366,6.3353116E-5,17.760841,0.025000844,0.28406116,0.044195015,0.07418594,0.05354918,0.11880915,0.044982992,0.80687064,0.0100152325,0.10402227,0.025934216,0.110571764,0.022089394,null,null,null,null,"TWOGAUSSIANS",8,4.10591,0.28405115,0.044184685,0.4,0.077256314,0.11578212,0.040647548,0.80687064,0.010014297,0.4,0.0,0.1075414,0.0077651534
