Gaia/vari_eclipsing_binary/VariEclipsingBinary_489113-489145.csv
# %ECSV 1.0
# ---
# delimiter: ','
# meta: !!omap
# - RELEASE: Gaia DR3
# - TABLE: vari_eclipsing_binary
# - DESCRIPTION: >
#     This table describes the properties of the eclipsing binaries resulting from the variability analysis. 
# - CITATION: >
#     How to cite and acknowledge Gaia: 
#     https://gea.esac.esa.int/archive/documentation/credits.html 
# - KNOWN_ISSUES: >
#     Known issues: 
#     https://www.cosmos.esa.int/web/gaia-users/known-issues 
# - DOCUMENTATION: >
#     Tutorials and documentation: 
#     https://www.cosmos.esa.int/web/gaia-users/archive 
# datatype:
# - 
#   name: solution_id
#   datatype: int64
#   description: Solution Identifier
#   meta:
#     ucd: meta.version
# - 
#   name: source_id
#   datatype: int64
#   description: Unique source identifier
#   meta:
#     ucd: meta.id;meta.main
# - 
#   name: global_ranking
#   datatype: float32
#   description: Number between 0 (worst) and 1 (best)
#   meta:
#     ucd: stat.param
# - 
#   name: reference_time
#   datatype: float64
#   unit: d
#   description: Reference time used for the geometric model fit
#   meta:
#     ucd: time.epoch
# - 
#   name: frequency
#   datatype: float64
#   unit: d**-1
#   description: Frequency of geometric model of the eclipsing binary light curve
#   meta:
#     ucd: src.orbital
# - 
#   name: frequency_error
#   datatype: float32
#   unit: d**-1
#   description: "Uncertainty of \\texttt{frequency}"
#   meta:
#     ucd: stat.error
# - 
#   name: geom_model_reference_level
#   datatype: float32
#   unit: mag
#   description: Magnitude reference level of geometric model
#   meta:
#     ucd: phot.mag;em.opt
# - 
#   name: geom_model_reference_level_error
#   datatype: float32
#   unit: mag
#   description: "Uncertainty of \\texttt{geomModelReferenceLevel}"
#   meta:
#     ucd: stat.error;phot.mag;em.opt
# - 
#   name: geom_model_gaussian1_phase
#   datatype: float32
#   description: Phase of the Gaussian 1 component
#   meta:
#     ucd: time.phase
# - 
#   name: geom_model_gaussian1_phase_error
#   datatype: float32
#   description: "Uncertainty of \\texttt{geomModelGaussian1Phase}"
#   meta:
#     ucd: stat.error;time.phase
# - 
#   name: geom_model_gaussian1_sigma
#   datatype: float32
#   description: "Standard deviation [phase] of Gaussian 1 component"
#   meta:
#     ucd: stat.stdev
# - 
#   name: geom_model_gaussian1_sigma_error
#   datatype: float32
#   description: "Uncertainty of \\texttt{geomModelGaussian1Sigma}"
#   meta:
#     ucd: stat.error
# - 
#   name: geom_model_gaussian1_depth
#   datatype: float32
#   unit: mag
#   description: Magnitude depth of Gaussian 1 component
#   meta:
#     ucd: src.var.amplitude
# - 
#   name: geom_model_gaussian1_depth_error
#   datatype: float32
#   unit: mag
#   description: "Uncertainty of \\texttt{geomModelGaussian1Depth}"
#   meta:
#     ucd: stat.error;src.var.amplitude
# - 
#   name: geom_model_gaussian2_phase
#   datatype: float32
#   description: Phase of Gaussian 2 component
#   meta:
#     ucd: time.phase
# - 
#   name: geom_model_gaussian2_phase_error
#   datatype: float32
#   description: "Uncertainty of \\texttt{geomModelGaussian2Phase}"
#   meta:
#     ucd: stat.error;time.phase
# - 
#   name: geom_model_gaussian2_sigma
#   datatype: float32
[...]
#   datatype: float32
#   description: "Secondary eclipse: uncertainty of \\texttt{derivedSecondaryEclDuration}"
#   meta:
#     ucd: stat.error;time.duration
# - 
#   name: derived_secondary_ecl_depth
#   datatype: float32
#   unit: mag
#   description: "Secondary eclipse: depth"
#   meta:
#     ucd: src.var.amplitude
# - 
#   name: derived_secondary_ecl_depth_error
#   datatype: float32
#   unit: mag
#   description: "Secondary eclipse: uncertainty of \\texttt{derivedSecondaryEclDepth}"
#   meta:
#     ucd: stat.error;src.var.amplitude
solution_id,source_id,global_ranking,reference_time,frequency,frequency_error,geom_model_reference_level,geom_model_reference_level_error,geom_model_gaussian1_phase,geom_model_gaussian1_phase_error,geom_model_gaussian1_sigma,geom_model_gaussian1_sigma_error,geom_model_gaussian1_depth,geom_model_gaussian1_depth_error,geom_model_gaussian2_phase,geom_model_gaussian2_phase_error,geom_model_gaussian2_sigma,geom_model_gaussian2_sigma_error,geom_model_gaussian2_depth,geom_model_gaussian2_depth_error,geom_model_cosine_half_period_amplitude,geom_model_cosine_half_period_amplitude_error,geom_model_cosine_half_period_phase,geom_model_cosine_half_period_phase_error,model_type,num_model_parameters,reduced_chi2,derived_primary_ecl_phase,derived_primary_ecl_phase_error,derived_primary_ecl_duration,derived_primary_ecl_duration_error,derived_primary_ecl_depth,derived_primary_ecl_depth_error,derived_secondary_ecl_phase,derived_secondary_ecl_phase_error,derived_secondary_ecl_duration,derived_secondary_ecl_duration_error,derived_secondary_ecl_depth,derived_secondary_ecl_depth_error
[from data line 74]
375316653866487564,4302323131869820800,0.43571573,2174.1818188297016,0.08780757379398436,5.2355026E-5,19.104511,0.008575297,0.1589886,0.005733763,0.030713763,0.006348975,0.17166108,0.026027841,0.8082424,0.0076122815,0.07130951,0.009158778,0.20382854,0.050821066,null,null,null,null,"TWOGAUSSIANS",8,4.419063,0.8082424,0.0076122815,0.39933324,0.04655218,0.20382854,0.050821066,0.1589886,0.005733763,0.17199707,0.03555426,0.17166221,0.026028316
375316653866487564,4302323166229602304,0.4958739,2136.6220969911324,3.9078117556751204,2.2696791E-5,17.984482,0.0022691304,0.1302411,0.010861651,0.030559147,0.0133238705,0.044255204,0.037466183,0.69689095,0.0048620175,0.03205995,0.013799688,0.042709783,0.304994,0.057020757,0.0035068435,0.69689095,0.0048620175,"TWOGAUSSIANS_WITH_ELLIPSOIDAL_ON_ECLIPSE2",9,3.4915833,0.69689095,0.0048620175,0.17953572,0.07727825,0.15675128,0.3052102,0.14065109,0.019055316,0.17113122,0.074613675,0.14214492,0.029704696
375316653866487564,4302324682390778880,0.4248035,2169.4565394655096,0.3009075416440019,1.9658002E-4,19.182325,0.010889514,0.40165716,0.018358976,0.059235997,0.032069832,0.07545956,0.016650492,0.78906435,0.010996222,0.052883346,0.013376773,0.30585775,0.32656726,null,null,null,null,"TWOGAUSSIANS",8,8.58509,0.78906435,0.010996222,0.29614672,0.07490993,0.30585766,0.32656774,0.40165716,0.018358976,0.33172157,0.117053755,0.075459465,0.01666037
375316653866487564,4302326567851768192,0.5710013,2165.577263231205,3.042385824510782,6.422712E-6,18.251076,0.006937686,0.26623964,0.0020188808,0.080703974,0.00276785,0.44042727,0.016020453,0.75383615,0.005072592,0.07899695,0.004217967,0.51815856,0.023294823,null,null,null,null,"TWOGAUSSIANS",8,4.746074,0.75383615,0.005072592,0.4,0.0,0.5126102,0.023964249,0.26623964,0.0020188808,0.4,0.0,0.43487892,0.016213555
375316653866487564,4302326606526484992,0.6206477,2140.2446780752202,2.9043830667565476,8.555788E-6,18.197857,0.008707154,0.27360573,0.002519068,0.042909183,0.0057038586,0.28126281,0.025765896,0.77672225,0.0030944212,0.04374057,0.0034348927,0.38640162,0.029226447,0.1263475,0.013077533,0.27360573,0.002519068,"TWOGAUSSIANS_WITH_ELLIPSOIDAL_ON_ECLIPSE1",9,4.8960915,0.77672225,0.0030944212,0.24494721,0.019235399,0.63899964,0.024766387,0.27360573,0.002519068,0.24029142,0.031941608,0.5339577,0.022638824
375316653866487564,4302327053204304640,0.51441747,2174.878705022824,0.48930992038478627,2.9153613E-5,17.509184,0.005854469,0.18737409,0.0076372637,0.028139438,0.004545736,0.44420144,0.121133074,0.68577164,0.005931695,0.022480505,0.0031520606,0.51429826,0.082967505,null,null,null,null,"TWOGAUSSIANS",8,28.447016,0.68577164,0.005931695,0.12589082,0.01765154,0.51429826,0.082967505,0.18737409,0.0076372637,0.15758085,0.025456123,0.44420144,0.121133074
375316653866487564,4302327568608809856,0.55145025,2187.0491139657784,2.458327670213807,1.3205376E-5,15.712635,0.007608972,0.21879545,0.0033639367,0.0960086,0.0067615197,0.1175205,0.0076178284,0.7121424,0.00324828,0.09582737,0.0086006,0.11720223,0.0071445713,null,null,null,null,"TWOGAUSSIANS",8,12.4319935,0.21879545,0.0033639367,0.4,0.0,0.11034448,0.0044546714,0.7121424,0.00324828,0.4,0.0,0.11002622,0.005267095
375316653866487564,4302328942989048576,0.5231979,2188.4031619101547,3.3815716262223816,1.3832754E-5,19.663939,0.01609446,0.27962676,0.0033552742,0.07257451,0.004586693,0.58314174,0.03637958,0.7785971,0.00395228,0.070215896,0.0041378024,0.75556135,0.074881464,null,null,null,null,"TWOGAUSSIANS",8,3.7797735,0.7785971,0.00395228,0.393209,0.02048576,0.7527549,0.07530839,0.27962676,0.0033552742,0.4,4.3332326E-4,0.5803353,0.036799926
375316653866487564,4302329527113470336,0.57593423,2165.1077791860353,0.7871835905164218,1.6953196E-5,17.422174,0.0036133328,0.33754534,0.0013236844,0.027009659,0.001182186,0.6032125,0.036128502,0.8405506,0.0119700655,0.028515635,0.0108083105,0.088522375,0.08503512,0.02272306,0.005073176,0.33754534,0.0013236844,"TWOGAUSSIANS_WITH_ELLIPSOIDAL_ON_ECLIPSE1",9,9.683324,0.33754534,0.0013236844,0.15125409,0.0066202413,0.6486586,0.036018476,0.8405506,0.01192452,0.15968756,0.06052654,0.13395229,0.0841742
375316653866487564,4302329595833976576,0.6112419,2167.576731892872,3.4394953631672127,1.1202207E-5,18.146997,0.012482177,0.27059615,0.0026238826,0.046226718,0.004608796,0.25243095,0.024666077,0.77871805,0.0036042165,0.04657265,0.010687137,0.19478285,0.024480456,0.10945375,0.014635786,0.27059615,0.0026238826,"TWOGAUSSIANS_WITH_ELLIPSOIDAL_ON_ECLIPSE1",9,3.5382833,0.27059615,0.0026238826,0.25886962,0.025809258,0.47133824,0.007754004,0.77871805,0.0036042165,0.26080683,0.059847966,0.41312057,0.013912585
375316653866487564,4302329832018857344,0.44726154,2164.26495816625,0.06761940784486216,1.878095E-5,17.778685,0.0029726943,0.18438806,0.010290763,0.05358204,0.0047683013,0.19254953,0.02599212,0.84419197,0.0071582193,0.023661593,0.0031530992,0.25928092,0.04087067,null,null,null,null,"TWOGAUSSIANS",8,7.3858695,0.84419197,0.0071582193,0.13250493,0.017657356,0.25928092,0.04087067,0.18438806,0.010290763,0.3000594,0.026702486,0.19254953,0.02599212
375316653866487564,4302330209976080000,0.4601107,2147.4114150668915,3.0275955488296393,2.4423005E-5,17.570093,0.0071474956,0.25942847,0.007493475,0.05159508,0.019692484,0.02674265,0.026711175,0.7464434,0.05444598,0.037681196,0.03991728,0.042864393,10.394519,0.07849995,0.012531022,0.25942847,0.007493475,"TWOGAUSSIANS_WITH_ELLIPSOIDAL_ON_ECLIPSE1",9,31.969912,0.75023335,0.04847162,0.21101469,0.22353677,0.1991243,10.389994,0.25942847,0.007493475,0.28893244,0.11027791,0.1837423,0.018960213
375316653866487564,4302330484854068224,0.5843552,2141.2197345883947,1.5122369647058644,7.4666987E-6,17.885742,0.003139834,0.20291941,0.0016619893,0.06612807,0.0024354265,0.31560996,0.0068024998,0.70127696,0.0039368565,0.0710237,0.0036110943,0.14418544,0.0050564185,null,null,null,null,"TWOGAUSSIANS",8,2.6700292,0.20291941,0.0016619893,0.3703172,0.013638388,0.31509033,0.0068461797,0.70127696,0.0039368565,0.39773273,0.018486684,0.1436658,0.0050115422
375316653866487564,4302330901502965376,0.4717433,2201.9892419870534,0.6316161999140052,2.5255744E-5,16.047241,0.0060287523,0.27731663,0.029033756,0.09757699,0.027636386,0.051347543,0.0127312895,0.8967094,0.004435856,0.0150139155,0.0027718397,0.2912074,0.03093803,null,null,null,null,"TWOGAUSSIANS",8,90.24456,0.8967094,0.004435856,0.084077924,0.015522302,0.2912327,0.030951468,0.27731663,0.029033756,0.4,0.0,0.051347338,0.012731405
375316653866487564,4302330931530668800,0.49522337,2208.0194118859536,2.769263976214178,1.3106168E-5,19.453077,0.014505055,0.25911474,0.0068943463,0.07434322,0.008141562,0.44567883,0.03443503,0.7440036,0.0033357893,0.07220981,0.0052958084,0.49176532,0.021022772,null,null,null,null,"TWOGAUSSIANS",8,3.547847,0.7440036,0.0033357893,0.4,0.013596307,0.48982286,0.021034312,0.25911474,0.0068943463,0.4,0.0,0.4437364,0.03463288
375316653866487564,4302332550770510080,0.5840657,2166.0505995298904,3.5692605189262285,4.743139E-6,14.868597,0.01742182,0.2780647,0.0029446236,0.05022343,0.00878585,0.3069652,0.0328019,0.77418,0.00810733,0.0566332,0.005656433,0.35023075,0.05094095,0.12257224,0.020699821,0.2780647,0.0029446236,"TWOGAUSSIANS_WITH_ELLIPSOIDAL_ON_ECLIPSE1",9,231.56781,0.77476,0.007439206,0.3171459,0.031676024,0.59523475,0.03625958,0.2780647,0.0029446236,0.2812512,0.049200762,0.5520932,0.023464948
375316653866487564,4302332928716733184,0.52517,2143.4578339417126,3.8506204921819314,1.4539882E-5,18.401062,0.007327994,0.2781259,0.004869906,0.09698235,0.010297926,0.113630906,0.007048619,0.78947985,0.008921996,0.094487526,0.010645742,0.09986664,0.008933691,null,null,null,null,"TWOGAUSSIANS",8,0.82918304,0.2781259,0.004869906,0.4,0.0,0.10760651,0.005433828,0.78947985,0.008921996,0.4,0.0,0.09384251,0.006713026
375316653866487564,4302333611590390528,0.48307598,2148.674749605259,1.4283389750192002,1.5715546E-5,18.603432,0.005471003,0.24496923,0.0067251762,0.04720991,0.007951237,0.05779131,0.014786068,0.7251268,0.0044933786,0.05557138,0.006895981,0.15044338,0.008916058,null,null,null,null,"TWOGAUSSIANS",8,2.212406,0.7251268,0.0044933786,0.31119972,0.03861749,0.15044284,0.008916061,0.24496923,0.0067251762,0.2643755,0.04452693,0.05779077,0.014786148
375316653866487564,4302333749029359872,0.5183356,2191.7483081330215,3.2042848797186116,1.0944497E-5,19.226963,0.011324511,0.19175114,0.0043060756,0.06910304,0.0044336384,0.50255376,0.044385727,0.701373,0.004897011,0.057794265,0.0065039834,0.44980994,0.033945728,null,null,null,null,"TWOGAUSSIANS",8,5.2063394,0.19175114,0.0043060756,0.38697702,0.024828376,0.5022543,0.04444145,0.701373,0.004897011,0.3236479,0.036422305,0.44951046,0.03405668
375316653866487564,4302334200037953152,0.59108615,2159.065852648632,2.6077054530208543,3.6025174E-6,17.54801,0.007870212,0.2721138,0.0014656232,0.05367612,0.004514432,0.22474001,0.022321789,0.7726237,0.012524909,0.03407614,0.011914555,0.12651539,0.040189877,0.115304396,0.0103436755,0.2721138,0.0014656232,"TWOGAUSSIANS_WITH_ELLIPSOIDAL_ON_ECLIPSE1",9,6.4158,0.2721138,0.0014656232,0.30058628,0.025280818,0.45534438,0.01885799,0.7726237,0.011021076,0.19082637,0.06672151,0.35711738,0.035251684
375316653866487564,4302334470583981184,0.4824098,2151.6641939384094,0.058575512723248326,2.2609715E-5,17.80251,0.0038243104,0.1777897,0.007801475,0.05338253,0.0071248524,0.14661202,0.017550256,0.7402233,0.030314552,0.045953695,0.035716616,0.037220046,0.031019483,null,null,null,null,"TWOGAUSSIANS",8,4.6060977,0.1777897,0.007801475,0.29894218,0.039899174,0.146612,0.01755026,0.7402233,0.030314552,0.2573407,0.16404128,0.03722003,0.031022022
375316653866487564,4302334573663132800,0.5114349,2166.966978129401,2.368250391597811,1.9827223E-5,19.190474,0.021232102,0.2535599,0.009608248,0.08741208,0.015894474,0.23370717,0.02111493,0.76565605,0.006004309,0.08886551,0.012810717,0.23023237,0.019901723,null,null,null,null,"TWOGAUSSIANS",8,2.37084,0.2535599,0.009608248,0.4,0.0,0.22688597,0.017352644,0.76565605,0.006004309,0.4,0.0,0.22341114,0.016642995
375316653866487564,4302334814181445632,0.4711385,2162.5542375149307,2.5361474211272843,3.6590918E-5,19.145021,0.017047968,0.24197207,0.007933645,0.083123975,0.011588565,0.2604732,0.027980296,0.7345192,0.009557198,0.08941185,0.012168552,0.2543556,0.02863442,null,null,null,null,"TWOGAUSSIANS",8,7.4317126,0.24197207,0.007933645,0.4,0.0,0.25367036,0.030388644,0.7345192,0.009557198,0.4,0.0,0.24755268,0.027605098
375316653866487564,4302335467016448128,0.5096863,2196.7828341566556,3.125791714306184,2.2171978E-5,19.037558,0.015140732,0.2580028,0.0073150243,0.0883168,0.010004222,0.319017,0.02339039,0.74598813,0.006208711,0.094646916,0.009303089,0.3133164,0.024597272,null,null,null,null,"TWOGAUSSIANS",8,3.5487983,0.2580028,0.0073150243,0.4,0.0,0.3064304,0.024687951,0.74598813,0.006208711,0.4,0.0,0.30072922,0.02487519
375316653866487564,4302335707534685184,0.4386298,2110.0316124927112,2.711262620770238,3.0239047E-5,18.837843,0.010703753,0.24267459,0.010616144,0.010793642,0.013604859,0.029960794,10.355209,null,null,null,null,null,null,0.11480029,0.016063334,0.24267459,0.010616144,"ONEGAUSSIAN_WITH_ELLIPSOIDAL",6,19.951,0.24267459,0.010616144,0.060444396,0.07618721,0.2595611,10.341922,null,null,null,null,null,null
375316653866487564,4302335776254162688,0.5408676,2110.3805290178434,2.709118231740809,1.6265592E-5,18.436626,0.01907508,0.26807514,0.0032627387,0.093959466,0.006749084,0.38229683,0.021674732,0.7575848,0.005238879,0.09885988,0.007380471,0.35821033,0.022447053,null,null,null,null,"TWOGAUSSIANS",8,5.6623693,0.26807514,0.0032627387,0.4,0.0,0.3600847,0.017400857,0.7575848,0.005238879,0.4,0.0,0.33599654,0.015989918
375316653866487564,4302336570859803008,0.47665447,2165.372644631385,3.3527314595678477,1.8791596E-5,17.829794,0.07254034,0.25401497,0.0060986895,0.12649022,0.02526856,0.23332775,0.06801978,0.7365493,0.0051874854,0.12594885,0.01955502,0.31786984,0.06945228,null,null,null,null,"TWOGAUSSIANS",8,10.553557,0.7365493,0.0051874854,0.4,0.0,0.25172734,0.016844612,0.25429496,0.0058544013,0.4,0.0,0.16724543,0.011988697
375316653866487564,4302336811366191232,0.47141954,2136.5637100805648,2.521297051792332,2.1286367E-5,18.165577,0.01654959,0.264503,0.0066835317,0.07910526,0.00919357,0.37056366,0.049736626,0.76234823,0.00916117,0.084092006,0.009037011,0.4237914,0.028770851,null,null,null,null,"TWOGAUSSIANS",8,26.41512,0.76234823,0.00916117,0.4,0.0,0.41681245,0.026281502,0.264503,0.0066835317,0.4,0.0,0.36358473,0.051248237
375316653866487564,4302337051896136448,0.54913116,2137.9573798435454,3.745845286245517,7.812531E-6,18.258087,0.015619567,0.20989424,0.0024835598,0.06557714,0.004303391,0.52416784,0.028065518,0.6992861,0.028050616,0.07296694,0.012142873,0.64675456,0.19457623,null,null,null,null,"TWOGAUSSIANS",8,15.02488,0.6992861,0.028050616,0.4,0.0034607598,0.6454411,0.19373189,0.20989424,0.0024835598,0.367232,0.02409899,0.5228544,0.02802453
375316653866487564,4302337292414843136,0.6116692,2155.7304628624183,2.044034336058322,4.2673555E-6,17.638334,0.0043637278,0.21240419,0.0012112646,0.07650446,0.0020365685,0.26302445,0.005386258,0.7029666,0.0027357372,0.10429804,0.0071700187,0.12280185,0.004048369,null,null,null,null,"TWOGAUSSIANS",8,1.5246413,0.21240419,0.0012112646,0.4,0.0,0.25682506,0.004699122,0.7029666,0.0027357372,0.4,0.0,0.1165997,0.004620478
375316653866487564,4302337700399469056,0.4261865,2169.7230713945687,1.8542414185707834,5.2405434E-5,17.754454,0.00790823,0.1622131,0.01659473,0.051741924,0.012022718,0.04689682,0.013909541,0.59456545,0.010070742,0.06539764,0.016491504,0.117729366,0.01341061,null,null,null,null,"TWOGAUSSIANS",8,18.209745,0.59456545,0.010070742,0.3662268,0.09112864,0.11772813,0.013412421,0.1622131,0.01659473,0.28975478,0.06732722,0.046895582,0.013907646
375316653866487564,4302338666794919296,0.48491496,2145.1979226598614,2.8202503064085516,2.5749721E-5,18.051758,0.08049391,0.25383386,0.0123947235,0.1260959,0.04425292,0.119807586,0.07267393,0.7425468,0.0074761715,0.13107683,0.035293613,0.13254607,0.077656195,null,null,null,null,"TWOGAUSSIANS",8,2.0330565,0.7425468,0.0074761715,0.4,0.0,0.09769452,0.0061579454,0.25405386,0.012186997,0.4,0.0,0.08505123,0.0110147605
375316653866487564,4302339010392263168,0.4113067,2155.406645507785,0.05065168350263605,5.0966704E-5,19.466568,0.025726039,0.13088709,0.0063967244,0.05580173,0.0055204183,0.57556856,0.11291835,0.8255169,0.009869497,0.048927568,0.013093014,0.09559181,0.20031598,0.25173023,0.022772256,0.8255169,0.009869497,"TWOGAUSSIANS_WITH_ELLIPSOIDAL_ON_ECLIPSE2",9,20.02417,0.1442871,0.0061066784,0.3124897,0.030914344,0.64750326,0.105361946,0.8255169,0.009869497,0.2739944,0.07332088,0.5990522,0.1911093
375316653866487564,4302339113480951168,0.6202895,2140.7742997112377,1.505923193496752,4.543932E-6,14.077899,0.036787555,0.24291001,0.0010587142,0.14281629,0.016333329,0.16754104,0.035658635,0.73468256,0.0022019176,0.12990968,0.01597749,0.1483643,0.03479836,null,null,null,null,"TWOGAUSSIANS",8,6.447081,0.24306002,9.994009E-4,0.4,0.0,0.11208086,0.001396076,0.73468256,0.0022019176,0.4,0.0,0.09346296,0.001685205
375316653866487564,4302339319639416832,0.47135127,2150.3159623456877,0.38279549428416215,2.5023128E-6,16.698788,0.0013424604,0.13338701,4.3356404E-4,0.015030345,4.1720152E-4,0.11295436,0.0020518317,0.49485418,0.00692184,0.012390024,0.0048847166,0.020984426,0.023801668,null,null,null,null,"TWOGAUSSIANS",8,5.9609528,0.13338701,4.3356404E-4,0.08416993,0.0023363286,0.11295436,0.0020518317,0.49485418,0.00692184,0.069384135,0.027354412,0.020984426,0.023801668
