Gaia/vari_eclipsing_binary/VariEclipsingBinary_031483-031740.csv
# %ECSV 1.0
# ---
# delimiter: ','
# meta: !!omap
# - RELEASE: Gaia DR3
# - TABLE: vari_eclipsing_binary
# - DESCRIPTION: >
#     This table describes the properties of the eclipsing binaries resulting from the variability analysis. 
# - CITATION: >
#     How to cite and acknowledge Gaia: 
#     https://gea.esac.esa.int/archive/documentation/credits.html 
# - KNOWN_ISSUES: >
#     Known issues: 
#     https://www.cosmos.esa.int/web/gaia-users/known-issues 
# - DOCUMENTATION: >
#     Tutorials and documentation: 
#     https://www.cosmos.esa.int/web/gaia-users/archive 
# datatype:
# - 
#   name: solution_id
#   datatype: int64
#   description: Solution Identifier
#   meta:
#     ucd: meta.version
# - 
#   name: source_id
#   datatype: int64
#   description: Unique source identifier
#   meta:
#     ucd: meta.id;meta.main
# - 
#   name: global_ranking
#   datatype: float32
#   description: Number between 0 (worst) and 1 (best)
#   meta:
#     ucd: stat.param
# - 
#   name: reference_time
#   datatype: float64
#   unit: d
#   description: Reference time used for the geometric model fit
#   meta:
#     ucd: time.epoch
# - 
#   name: frequency
#   datatype: float64
#   unit: d**-1
#   description: Frequency of geometric model of the eclipsing binary light curve
#   meta:
#     ucd: src.orbital
# - 
#   name: frequency_error
#   datatype: float32
#   unit: d**-1
#   description: "Uncertainty of \\texttt{frequency}"
#   meta:
#     ucd: stat.error
# - 
#   name: geom_model_reference_level
#   datatype: float32
#   unit: mag
#   description: Magnitude reference level of geometric model
#   meta:
#     ucd: phot.mag;em.opt
# - 
#   name: geom_model_reference_level_error
#   datatype: float32
#   unit: mag
#   description: "Uncertainty of \\texttt{geomModelReferenceLevel}"
#   meta:
#     ucd: stat.error;phot.mag;em.opt
# - 
#   name: geom_model_gaussian1_phase
#   datatype: float32
#   description: Phase of the Gaussian 1 component
#   meta:
#     ucd: time.phase
# - 
#   name: geom_model_gaussian1_phase_error
#   datatype: float32
#   description: "Uncertainty of \\texttt{geomModelGaussian1Phase}"
#   meta:
#     ucd: stat.error;time.phase
# - 
#   name: geom_model_gaussian1_sigma
#   datatype: float32
#   description: "Standard deviation [phase] of Gaussian 1 component"
#   meta:
#     ucd: stat.stdev
# - 
#   name: geom_model_gaussian1_sigma_error
#   datatype: float32
#   description: "Uncertainty of \\texttt{geomModelGaussian1Sigma}"
#   meta:
#     ucd: stat.error
# - 
#   name: geom_model_gaussian1_depth
#   datatype: float32
#   unit: mag
#   description: Magnitude depth of Gaussian 1 component
#   meta:
#     ucd: src.var.amplitude
# - 
#   name: geom_model_gaussian1_depth_error
#   datatype: float32
#   unit: mag
#   description: "Uncertainty of \\texttt{geomModelGaussian1Depth}"
#   meta:
#     ucd: stat.error;src.var.amplitude
# - 
#   name: geom_model_gaussian2_phase
#   datatype: float32
#   description: Phase of Gaussian 2 component
#   meta:
#     ucd: time.phase
# - 
#   name: geom_model_gaussian2_phase_error
#   datatype: float32
#   description: "Uncertainty of \\texttt{geomModelGaussian2Phase}"
#   meta:
#     ucd: stat.error;time.phase
# - 
#   name: geom_model_gaussian2_sigma
#   datatype: float32
[...]
#   datatype: float32
#   description: "Secondary eclipse: uncertainty of \\texttt{derivedSecondaryEclDuration}"
#   meta:
#     ucd: stat.error;time.duration
# - 
#   name: derived_secondary_ecl_depth
#   datatype: float32
#   unit: mag
#   description: "Secondary eclipse: depth"
#   meta:
#     ucd: src.var.amplitude
# - 
#   name: derived_secondary_ecl_depth_error
#   datatype: float32
#   unit: mag
#   description: "Secondary eclipse: uncertainty of \\texttt{derivedSecondaryEclDepth}"
#   meta:
#     ucd: stat.error;src.var.amplitude
solution_id,source_id,global_ranking,reference_time,frequency,frequency_error,geom_model_reference_level,geom_model_reference_level_error,geom_model_gaussian1_phase,geom_model_gaussian1_phase_error,geom_model_gaussian1_sigma,geom_model_gaussian1_sigma_error,geom_model_gaussian1_depth,geom_model_gaussian1_depth_error,geom_model_gaussian2_phase,geom_model_gaussian2_phase_error,geom_model_gaussian2_sigma,geom_model_gaussian2_sigma_error,geom_model_gaussian2_depth,geom_model_gaussian2_depth_error,geom_model_cosine_half_period_amplitude,geom_model_cosine_half_period_amplitude_error,geom_model_cosine_half_period_phase,geom_model_cosine_half_period_phase_error,model_type,num_model_parameters,reduced_chi2,derived_primary_ecl_phase,derived_primary_ecl_phase_error,derived_primary_ecl_duration,derived_primary_ecl_duration_error,derived_primary_ecl_depth,derived_primary_ecl_depth_error,derived_secondary_ecl_phase,derived_secondary_ecl_phase_error,derived_secondary_ecl_duration,derived_secondary_ecl_duration_error,derived_secondary_ecl_depth,derived_secondary_ecl_depth_error
[from data line 146]
375316653866487564,277288006368317696,0.46629432,2212.73351912792,0.8752131198897286,1.7013414E-5,14.620124,0.004441425,0.19340497,0.0010307439,0.020521779,0.0058942595,0.20136689,0.53883153,0.6953714,0.003932827,0.025562707,0.0045891055,0.21346593,0.009319841,null,null,null,null,"TWOGAUSSIANS",8,218.65102,0.6953714,0.003932827,0.14315116,0.025698991,0.21346593,0.009319841,0.19340497,0.0010307439,0.11492196,0.033007853,0.20136689,0.53883153
375316653866487564,277288246888969856,0.56196827,2185.2165796483027,2.995102566712642,1.5757885E-5,16.664713,0.02741701,0.2828965,0.031906307,0.041578837,0.029414479,0.36005044,0.08464793,0.77599704,0.0029202998,0.05548886,0.009498652,0.30009487,0.062110808,0.11919676,0.03439095,0.77599704,0.0029202998,"TWOGAUSSIANS_WITH_ELLIPSOIDAL_ON_ECLIPSE2",9,65.538376,0.2823265,0.03090639,0.23284149,0.16472107,0.59802157,0.08115168,0.77599704,0.0029202998,0.3107376,0.053192448,0.53847665,0.029672489
375316653866487564,277290750852148864,0.5409119,2182.2688739933365,0.05372440455444474,1.8235456E-5,17.515053,0.0015551848,0.5636517,0.0020635263,0.019623758,0.0023627686,0.66709405,0.36154452,0.8566178,0.016292412,0.057017297,0.0851765,0.005383992,0.01680797,0.011261596,0.0035885198,0.8566178,0.016292412,"TWOGAUSSIANS_WITH_ELLIPSOIDAL_ON_ECLIPSE2",9,2.9605885,0.5636117,0.002086953,0.10989305,0.013231505,0.66869706,0.36138082,0.8566178,0.016292412,0.31929687,0.32188672,0.027906625,0.015980048
375316653866487564,277292365762027392,0.5556253,2180.514807210701,2.610435891843908,6.810052E-6,18.72738,0.010956672,0.27082956,0.0026999405,0.09700348,0.006594466,0.29755375,0.011503867,0.7677139,0.0029158676,0.092542805,0.0050299866,0.32002425,0.01234942,null,null,null,null,"TWOGAUSSIANS",8,1.4994495,0.7677139,0.0029158676,0.4,0.0,0.30183244,0.011300139,0.27082956,0.0026999405,0.4,0.0,0.27936122,0.0129479095
375316653866487564,277297038686430208,0.54818594,2212.243718328171,0.5660466229790806,5.684006E-6,18.062864,0.00407463,0.2648596,0.009225366,0.027772767,0.007554577,0.05035349,0.017294936,0.7690944,7.064072E-4,0.024892887,8.442057E-4,0.3281126,0.012250222,null,null,null,null,"TWOGAUSSIANS",8,4.481111,0.7690944,7.064072E-4,0.13940017,0.0047275517,0.3281126,0.012250222,0.2648596,0.009225366,0.1555275,0.042305633,0.05035349,0.017294936
375316653866487564,277297077341995136,0.55690616,2192.7066156444525,3.3473779445725187,1.27006015E-5,18.789766,0.048252024,0.23450153,0.0043329024,0.039905492,0.007672319,0.39659414,0.10538918,0.7336539,0.0069183726,0.04797535,0.012088696,0.6192147,0.091913484,0.1406744,0.062736675,0.23450153,0.0043329024,"TWOGAUSSIANS_WITH_ELLIPSOIDAL_ON_ECLIPSE1",9,19.63317,0.7337139,0.006681746,0.26866198,0.06769669,0.9005553,0.06810487,0.23450153,0.0043329024,0.22347075,0.042964987,0.6779421,0.025251115
375316653866487564,277297828960470784,0.47710922,2201.44483292148,2.782608404742861,2.1900043E-5,19.814877,0.00916146,0.27462906,0.00419286,0.0815157,0.0051506697,0.26696187,0.015292545,0.772526,0.0055785063,0.0804799,0.005581098,0.23357412,0.020894798,null,null,null,null,"TWOGAUSSIANS",8,1.2330123,0.27462906,0.00419286,0.4,0.0,0.26286483,0.015216341,0.772526,0.0055785063,0.4,0.0,0.2294771,0.020793986
375316653866487564,277301681543960064,0.4385371,2181.7183530137127,2.975091570513838,3.4160446E-5,18.925169,0.34415025,0.2339701,0.008747319,0.1050984,0.03156763,0.40395275,0.26976806,0.7256522,0.011806584,0.14274544,0.086050525,0.39164442,0.3147941,null,null,null,null,"TWOGAUSSIANS",8,18.006126,0.2341901,0.008405144,0.4,0.0,0.31032768,0.042498175,0.7256522,0.011806584,0.4,0.0,0.29629937,0.04593233
375316653866487564,277302948561592704,0.53422356,2162.4434673093106,3.1040253340906943,1.2167169E-5,19.00902,0.0045500337,0.3052958,0.0035967813,0.08043452,0.002849643,0.3733841,0.016628988,0.8106641,0.0026606556,0.06464706,0.0038811183,0.23100038,0.012385831,null,null,null,null,"TWOGAUSSIANS",8,1.7152579,0.3052958,0.0035967813,0.4,0.0,0.3719955,0.016561497,0.8106641,0.0026606556,0.36202356,0.021734262,0.22961177,0.0125921825
375316653866487564,277303807555108864,0.5210663,2202.387511582313,2.865540681623071,1.6991138E-5,18.57999,0.008556485,0.21532997,0.003244355,0.080905885,0.007136513,0.20491257,0.014788477,0.7132553,0.002918821,0.082104824,0.006134031,0.19891337,0.008573228,null,null,null,null,"TWOGAUSSIANS",8,1.9294181,0.21532997,0.003244355,0.4,0.0,0.20139551,0.015190432,0.7132553,0.002918821,0.4,0.0,0.1953963,0.0077159577
375316653866487564,277305869137236224,0.4979353,2201.3031684685566,1.1840239354195474,2.9587613E-5,19.738804,0.004341335,0.26406965,0.015813585,0.012921526,0.01087623,0.31313783,0.068524994,0.6271701,0.0039040588,0.023291642,0.0059515,0.09438111,0.013853081,0.043422557,0.0084439255,0.26406965,0.015813585,"TWOGAUSSIANS_WITH_ELLIPSOIDAL_ON_ECLIPSE1",9,1.3537574,0.26406965,0.015813585,0.072360545,0.06090689,0.39998296,0.069684476,0.6303201,0.006094149,0.1304332,0.0333284,0.13217975,0.011381886
375316653866487564,277306934289202560,0.64211434,2214.5167123337787,1.8309590105187945,6.8314516E-6,14.209459,0.013253115,0.21694799,0.01175781,0.054942034,0.010181634,0.23158713,0.034937207,0.7211897,0.0015491799,0.053564392,0.0046237693,0.24724762,0.027803715,0.11167485,0.014518284,0.7211897,0.0015491799,"TWOGAUSSIANS_WITH_ELLIPSOIDAL_ON_ECLIPSE2",9,106.638084,0.7211897,0.0015491799,0.29996058,0.025893109,0.47058684,0.0052558873,0.21773799,0.009940945,0.3076754,0.057017148,0.4547974,0.012486852
375316653866487564,277312500567203456,0.53107446,2221.621480409378,0.6163655492030823,7.1915914E-5,18.474766,0.0016203289,0.22523326,3.9910787E-4,0.0061792065,4.4310436E-4,0.34359896,0.12135534,0.6478568,0.0218372,0.036282387,0.012648825,0.019162348,0.0056523355,null,null,null,null,"TWOGAUSSIANS",8,0.74631417,0.22523326,3.9910787E-4,0.03460356,0.0024813844,0.34359896,0.12135534,0.6478568,0.0218372,0.20318136,0.070833415,0.019162348,0.0056523355
375316653866487564,277314046761434880,0.51825356,2182.4924658730997,3.6750999921689744,1.0118625E-5,18.15026,0.0041348054,0.16714557,0.0028194014,0.029703515,0.004906356,0.07232505,0.033370122,null,null,null,null,null,null,0.12340596,0.00746344,0.16714557,0.0028194014,"ONEGAUSSIAN_WITH_ELLIPSOIDAL",6,8.380494,0.16714557,0.0028194014,0.16633968,0.027475594,0.31913647,0.031492874,null,null,null,null,null,null
375316653866487564,277315494161179904,0.5626889,2190.1849870079254,2.7990365282874436,7.832508E-6,16.690598,0.02133536,0.2643803,0.0026506027,0.11242143,0.009171289,0.2666013,0.019405449,0.7727647,0.0030787347,0.10153507,0.00948887,0.25388178,0.02027763,null,null,null,null,"TWOGAUSSIANS",8,12.14923,0.2643803,0.002650053,0.4,0.0,0.23568359,0.0066150785,0.7727747,0.003084677,0.4,0.0,0.22298954,0.011473024
375316653866487564,277315975197554304,0.51473266,2226.9997672671425,1.1215447119269368,9.731728E-6,15.399238,4.2262374E-4,null,null,null,null,null,null,null,null,null,null,null,null,0.017440401,7.196663E-4,0.2446105,0.0021125483,"ELLIPSOIDAL",4,2.6910846,null,null,null,null,null,null,null,null,null,null,null,null
375316653866487564,277316245780534912,0.6148544,2194.290152470733,1.9085313808693807,5.3313124E-6,18.252783,0.0039831786,0.24242909,0.0020080886,0.056314662,0.001841081,0.471843,0.015930567,0.7389083,0.0020503055,0.069112316,0.0031526538,0.14826068,0.0047388906,null,null,null,null,"TWOGAUSSIANS",8,1.841937,0.24242909,0.0020080886,0.3153621,0.010310054,0.4716883,0.015948799,0.7389083,0.0020503055,0.387029,0.01765486,0.14810598,0.0047153463
375316653866487564,277317212148040704,0.54412943,2178.600853324193,0.24532049746879714,8.672182E-6,16.372154,0.0054520695,0.24746093,0.0052881753,0.04002985,0.004570887,0.10064832,0.006050976,0.7478005,0.0017157648,0.053299867,0.0026217494,0.33155128,0.01710503,null,null,null,null,"TWOGAUSSIANS",8,29.35722,0.7478005,0.0017157648,0.29847926,0.014681797,0.33155107,0.017105151,0.24746093,0.0052881753,0.22416715,0.025596967,0.10064809,0.0060507236
375316653866487564,277335384152804736,0.51717377,2228.321634419677,3.642636834734533,1.4470904E-5,18.777102,0.015023161,0.214555,0.0028829952,0.093900256,0.007309648,0.24065319,0.014135379,0.71870667,0.0052992455,0.09903328,0.008739908,0.29396933,0.014543723,null,null,null,null,"TWOGAUSSIANS",8,2.6927495,0.71870667,0.0052992455,0.4,0.0,0.2764324,0.010686814,0.214555,0.0028829952,0.4,0.0,0.22311765,0.009759723
375316653866487564,277336140067209344,0.59653795,2212.0150721351256,1.779851219239375,5.5005116E-6,17.441797,0.008054118,0.2643683,0.0016947831,0.09571048,0.0067534386,0.28831905,0.014223689,0.76083964,0.0017888991,0.08707208,0.0032928,0.296877,0.008729539,null,null,null,null,"TWOGAUSSIANS",8,3.1706195,0.76083964,0.0017888991,0.4,0.0,0.28374252,0.005774794,0.2643683,0.0016947831,0.4,0.0,0.27518392,0.01789274
375316653866487564,277340542410640768,0.6077554,2191.534453374099,0.988454008279039,7.308424E-6,15.362705,7.4735103E-4,0.3533022,0.0017547111,0.033857036,0.0010128662,0.16771655,0.0029516935,null,null,null,null,null,null,null,null,null,null,"ONEGAUSSIAN",5,5.694054,0.3533022,0.0017547111,0.1895994,0.00567205,0.16771655,0.0,null,null,null,null,null,null
375316653866487564,277345795153522176,0.5815186,2160.8796375090024,0.5217158130475545,1.702052E-5,17.957533,0.006251329,0.24026409,0.0011512253,0.021137869,0.0023060958,1.1021566,0.18825199,0.74050033,0.0019447132,0.021461362,0.0029052973,0.2210249,0.016400963,0.02367203,0.00860228,0.24026409,0.0011512253,"TWOGAUSSIANS_WITH_ELLIPSOIDAL_ON_ECLIPSE1",9,9.093834,0.24026409,0.0011512253,0.11837207,0.012914137,1.1495006,0.19043286,0.74050033,0.0019402218,0.12018363,0.016269665,0.26836875,0.015956264
375316653866487564,277346207472924160,0.5805588,2199.0459347092856,3.361311264931347,8.9931E-6,18.514704,0.013532837,0.23240024,0.002148338,0.050651148,0.0056612315,0.28751498,0.047037754,0.73014706,0.0072074523,0.046570484,0.009014767,0.2021818,0.038620394,0.10978294,0.026188226,0.23240024,0.002148338,"TWOGAUSSIANS_WITH_ELLIPSOIDAL_ON_ECLIPSE1",9,6.4854536,0.23240024,0.002148338,0.28364643,0.031702895,0.50707924,0.039119005,0.73049706,0.006262113,0.2607947,0.050482694,0.4217089,0.02148287
375316653866487564,277346482349142400,0.48204687,2212.2288581149373,2.953522659343323,2.6711172E-5,18.537823,0.36512282,0.25743693,0.007024102,0.13766192,0.08322005,0.18473992,0.3503449,0.75097775,0.0055382196,0.12825112,0.060232192,0.19704714,0.3268182,null,null,null,null,"TWOGAUSSIANS",8,2.7240005,0.75097775,0.0055382196,0.4,0.0,0.13550767,0.0067944475,0.25755692,0.0068126223,0.4,0.0,0.122889966,0.011744391
375316653866487564,277346997745233664,0.46888378,2178.116101725011,1.4544221714931145,1.2098992E-5,17.714745,0.0025049327,0.5445172,2.7548354E-6,0.00673536,4.530111E-5,0.24362907,0.0025083732,0.86556643,0.0018144654,0.019449621,0.0033751118,0.02049423,0.0052242535,null,null,null,null,"TWOGAUSSIANS",8,8.567626,0.5445172,2.7548354E-6,0.037718017,2.5368622E-4,0.24362907,0.0025083732,0.86556643,0.0018144654,0.108917885,0.018900627,0.02049423,0.0052242535
375316653866487564,277347311278681472,0.6196091,2187.8893896734953,1.0862123386170954,6.6288644E-6,15.404212,8.869783E-4,0.18944402,0.0010566189,0.03535861,0.0012269105,0.3132318,0.014935426,null,null,null,null,null,null,null,null,null,null,"ONEGAUSSIAN",5,13.972623,0.18944402,0.0010566189,0.19800822,0.0068706986,0.3132318,0.0,null,null,null,null,null,null
375316653866487564,277350433718450176,0.42990068,2226.4466770721197,3.297239598979614,3.300528E-5,19.376095,0.021722628,0.23090695,0.010586686,0.07797135,0.019548204,0.27898043,0.0409269,0.7472164,0.011649746,0.07016277,0.013288273,0.23773867,0.027686799,null,null,null,null,"TWOGAUSSIANS",8,7.80317,0.23090695,0.010586686,0.4,0.020202003,0.2777915,0.04188962,0.7472164,0.011649746,0.39291152,0.053620312,0.23654974,0.026820004
375316653866487564,277353358592592768,0.52658,2203.855211646761,3.087072249248743,1.3927035E-5,17.496786,0.021522712,0.23821007,0.003170635,0.11088799,0.009898473,0.24021634,0.019760648,0.7033007,0.0035092218,0.104977034,0.008123696,0.29815906,0.021288665,null,null,null,null,"TWOGAUSSIANS",8,7.1565475,0.7033007,0.0035092218,0.4,0.0,0.2734809,0.013554583,0.23824006,0.0031652495,0.4,0.0,0.21551666,0.010253227
375316653866487564,277356588408000128,0.5197202,2177.9416698709665,1.4550754156758288,1.8609027E-5,19.574564,0.009881406,0.33203673,0.0036710158,0.040185966,0.0030218859,0.5505563,0.034871984,0.84702367,0.007893256,0.032137062,0.017530534,0.1985334,0.084165424,null,null,null,null,"TWOGAUSSIANS",8,2.1517682,0.33203673,0.0036710158,0.2250414,0.016922561,0.5505563,0.034871984,0.84702367,0.007893256,0.17996755,0.09817099,0.1985334,0.08416544
375316653866487564,277357030791876096,0.46487683,2180.732830256765,4.5286892004140595,3.2913395E-5,19.216822,0.009732355,0.7370894,0.010436618,0.038014457,0.01712596,0.049342323,0.091194645,null,null,null,null,null,null,0.099290594,0.011850483,0.7370894,0.010436618,"ONEGAUSSIAN_WITH_ELLIPSOIDAL",6,7.311409,0.7370894,0.010436618,0.21288095,0.09590538,0.24792343,0.08757732,null,null,null,null,null,null
375316653866487564,277357447401456256,0.6002699,2190.692235923127,2.651558466362924,8.273528E-6,16.478971,0.02771283,0.18330745,0.0011825535,0.056374684,0.007925921,0.2484351,0.06421497,0.69089967,0.004630321,0.065491095,0.008160297,0.24045253,0.06587582,0.06782153,0.03894859,0.18330745,0.0011825535,"TWOGAUSSIANS_WITH_ELLIPSOIDAL_ON_ECLIPSE1",9,14.8321705,0.18330745,0.0011825535,0.31569824,0.044385158,0.38396007,0.020588929,0.69089967,0.004630321,0.36675012,0.045697663,0.37566903,0.014704998
375316653866487564,277359332890745088,0.47108456,2244.555129376783,1.2283735374941982,2.1158252E-5,16.409996,0.0020533248,null,null,null,null,null,null,null,null,null,null,null,null,0.034411002,0.003122401,0.32187006,0.005692561,"ELLIPSOIDAL",4,9.937103,null,null,null,null,null,null,null,null,null,null,null,null
375316653866487564,277360745934221056,0.5347843,2211.69924520026,3.1631353892113045,1.0539943E-5,19.621431,0.019270374,0.24308164,0.0055789687,0.068395734,0.006673086,0.41403556,0.027297996,0.7316495,0.005746432,0.077750415,0.009260743,0.3579224,0.016553316,null,null,null,null,"TWOGAUSSIANS",8,2.0271583,0.24308164,0.0055789687,0.3830161,0.03736928,0.4123606,0.026827011,0.7316495,0.005746432,0.4,0.0,0.35624745,0.016020427
375316653866487564,277362635722245504,0.47495776,2217.028364583695,0.4041851667759079,1.4608917E-5,17.467314,0.01624717,0.1870279,0.0029148995,0.020020457,0.009233762,0.22084138,0.12233542,0.5731288,0.043256417,0.19623941,0.080039226,0.06193878,0.014188418,null,null,null,null,"TWOGAUSSIANS",8,7.366481,0.1871779,0.0023544058,0.11211456,0.051709063,0.22542974,0.123001516,0.5731288,0.043256417,0.4,0.0,0.057116143,0.008174655
375316653866487564,277363284260848384,0.51278913,2182.249391533571,1.423853837266613,1.8894178E-5,18.250164,0.011751984,0.24979569,0.003563862,0.0927136,0.010945902,0.13988131,0.010103067,0.7582499,0.007743462,0.10640902,0.01436272,0.103353016,0.011888068,null,null,null,null,"TWOGAUSSIANS",8,1.526152,0.24979569,0.0035674023,0.4,0.0,0.13081105,0.007884927,0.7582499,0.007743462,0.4,0.0,0.09427937,0.0070163184
375316653866487564,277364074534750720,0.45222226,2204.342512318765,0.23085014433007658,5.358508E-5,19.621464,0.013347115,0.21159428,0.0045483666,0.011357718,0.0014827603,1.0615109,0.4005326,0.6920624,0.04043562,0.03386879,0.0468402,0.25118253,0.23362692,null,null,null,null,"TWOGAUSSIANS",8,5.7364,0.21159428,0.0045483666,0.06360322,0.008303458,1.0615109,0.4005326,0.6920624,0.04043562,0.18966521,0.21937816,0.25118253,0.23362693
