Gaia/vari_eclipsing_binary/VariEclipsingBinary_604087-604234.csv
# %ECSV 1.0
# ---
# delimiter: ','
# meta: !!omap
# - RELEASE: Gaia DR3
# - TABLE: vari_eclipsing_binary
# - DESCRIPTION: >
#     This table describes the properties of the eclipsing binaries resulting from the variability analysis. 
# - CITATION: >
#     How to cite and acknowledge Gaia: 
#     https://gea.esac.esa.int/archive/documentation/credits.html 
# - KNOWN_ISSUES: >
#     Known issues: 
#     https://www.cosmos.esa.int/web/gaia-users/known-issues 
# - DOCUMENTATION: >
#     Tutorials and documentation: 
#     https://www.cosmos.esa.int/web/gaia-users/archive 
# datatype:
# - 
#   name: solution_id
#   datatype: int64
#   description: Solution Identifier
#   meta:
#     ucd: meta.version
# - 
#   name: source_id
#   datatype: int64
#   description: Unique source identifier
#   meta:
#     ucd: meta.id;meta.main
# - 
#   name: global_ranking
#   datatype: float32
#   description: Number between 0 (worst) and 1 (best)
#   meta:
#     ucd: stat.param
# - 
#   name: reference_time
#   datatype: float64
#   unit: d
#   description: Reference time used for the geometric model fit
#   meta:
#     ucd: time.epoch
# - 
#   name: frequency
#   datatype: float64
#   unit: d**-1
#   description: Frequency of geometric model of the eclipsing binary light curve
#   meta:
#     ucd: src.orbital
# - 
#   name: frequency_error
#   datatype: float32
#   unit: d**-1
#   description: "Uncertainty of \\texttt{frequency}"
#   meta:
#     ucd: stat.error
# - 
#   name: geom_model_reference_level
#   datatype: float32
#   unit: mag
#   description: Magnitude reference level of geometric model
#   meta:
#     ucd: phot.mag;em.opt
# - 
#   name: geom_model_reference_level_error
#   datatype: float32
#   unit: mag
#   description: "Uncertainty of \\texttt{geomModelReferenceLevel}"
#   meta:
#     ucd: stat.error;phot.mag;em.opt
# - 
#   name: geom_model_gaussian1_phase
#   datatype: float32
#   description: Phase of the Gaussian 1 component
#   meta:
#     ucd: time.phase
# - 
#   name: geom_model_gaussian1_phase_error
#   datatype: float32
#   description: "Uncertainty of \\texttt{geomModelGaussian1Phase}"
#   meta:
#     ucd: stat.error;time.phase
# - 
#   name: geom_model_gaussian1_sigma
#   datatype: float32
#   description: "Standard deviation [phase] of Gaussian 1 component"
#   meta:
#     ucd: stat.stdev
# - 
#   name: geom_model_gaussian1_sigma_error
#   datatype: float32
#   description: "Uncertainty of \\texttt{geomModelGaussian1Sigma}"
#   meta:
#     ucd: stat.error
# - 
#   name: geom_model_gaussian1_depth
#   datatype: float32
#   unit: mag
#   description: Magnitude depth of Gaussian 1 component
#   meta:
#     ucd: src.var.amplitude
# - 
#   name: geom_model_gaussian1_depth_error
#   datatype: float32
#   unit: mag
#   description: "Uncertainty of \\texttt{geomModelGaussian1Depth}"
#   meta:
#     ucd: stat.error;src.var.amplitude
# - 
#   name: geom_model_gaussian2_phase
#   datatype: float32
#   description: Phase of Gaussian 2 component
#   meta:
#     ucd: time.phase
# - 
#   name: geom_model_gaussian2_phase_error
#   datatype: float32
#   description: "Uncertainty of \\texttt{geomModelGaussian2Phase}"
#   meta:
#     ucd: stat.error;time.phase
# - 
#   name: geom_model_gaussian2_sigma
#   datatype: float32
[...]
#   datatype: float32
#   description: "Secondary eclipse: uncertainty of \\texttt{derivedSecondaryEclDuration}"
#   meta:
#     ucd: stat.error;time.duration
# - 
#   name: derived_secondary_ecl_depth
#   datatype: float32
#   unit: mag
#   description: "Secondary eclipse: depth"
#   meta:
#     ucd: src.var.amplitude
# - 
#   name: derived_secondary_ecl_depth_error
#   datatype: float32
#   unit: mag
#   description: "Secondary eclipse: uncertainty of \\texttt{derivedSecondaryEclDepth}"
#   meta:
#     ucd: stat.error;src.var.amplitude
solution_id,source_id,global_ranking,reference_time,frequency,frequency_error,geom_model_reference_level,geom_model_reference_level_error,geom_model_gaussian1_phase,geom_model_gaussian1_phase_error,geom_model_gaussian1_sigma,geom_model_gaussian1_sigma_error,geom_model_gaussian1_depth,geom_model_gaussian1_depth_error,geom_model_gaussian2_phase,geom_model_gaussian2_phase_error,geom_model_gaussian2_sigma,geom_model_gaussian2_sigma_error,geom_model_gaussian2_depth,geom_model_gaussian2_depth_error,geom_model_cosine_half_period_amplitude,geom_model_cosine_half_period_amplitude_error,geom_model_cosine_half_period_phase,geom_model_cosine_half_period_phase_error,model_type,num_model_parameters,reduced_chi2,derived_primary_ecl_phase,derived_primary_ecl_phase_error,derived_primary_ecl_duration,derived_primary_ecl_duration_error,derived_primary_ecl_depth,derived_primary_ecl_depth_error,derived_secondary_ecl_phase,derived_secondary_ecl_phase_error,derived_secondary_ecl_duration,derived_secondary_ecl_duration_error,derived_secondary_ecl_depth,derived_secondary_ecl_depth_error
[from data line 396]
375316653866487564,5314065213169696128,0.49789822,2101.759203537013,3.5235245185640474,1.2148059E-5,19.823978,0.021688813,0.26500604,0.0038043712,0.078773804,0.008394223,0.41056344,0.058464233,0.77258515,0.012564763,0.07406197,0.011395502,0.50745165,0.029697051,null,null,null,null,"TWOGAUSSIANS",8,2.1780329,0.77258515,0.012564763,0.4,0.008477453,0.50379235,0.028809488,0.26500604,0.0038043712,0.4,0.0,0.4069041,0.059263546
375316653866487564,5314067210337154688,0.5642541,2121.6955709159433,0.7561224091046823,2.9339039E-5,14.78151,4.284809E-4,0.6561728,0.010907794,0.0034337468,0.002446178,0.4002716,5.945846,null,null,null,null,null,null,0.004562753,6.6932157E-4,0.6561728,0.010907794,"ONEGAUSSIAN_WITH_ELLIPSOIDAL",6,5.9610825,0.6561728,0.010907794,0.019228982,0.013698597,0.40939707,5.9460254,null,null,null,null,null,null
375316653866487564,5314067274757883008,0.54336756,2096.4769589094103,0.34625131574620355,1.6890073E-5,18.322039,0.00406131,0.3980639,0.044880327,0.042014074,0.04054898,0.033391662,0.011366806,0.6391924,0.0013337515,0.019074764,7.921376E-4,0.49895343,0.024741204,null,null,null,null,"TWOGAUSSIANS",8,2.6902626,0.6391924,0.0013337515,0.106818676,0.0044359704,0.49895343,0.024741206,0.3980639,0.044880327,0.23527882,0.2270743,0.033391662,0.011366806
375316653866487564,5314069134484095872,0.6031699,2062.45952340586,1.0370663801690563,7.720113E-6,17.897299,0.004442041,0.25741115,0.0015150873,0.040800896,0.002612186,0.20593718,0.01117405,0.7513253,0.0023746928,0.04005132,0.0035905708,0.2956741,0.026464688,0.03452515,0.005677966,0.25741115,0.0015150873,"TWOGAUSSIANS_WITH_ELLIPSOIDAL_ON_ECLIPSE1",9,2.1517925,0.75149536,0.0023146016,0.22428739,0.020107197,0.36462632,0.028494718,0.25741115,0.0015150873,0.22848502,0.014628241,0.27498743,0.007568463
375316653866487564,5314070543231675136,0.58879155,2094.747587900075,0.6919635557637587,1.5021239E-5,16.304394,0.0020406418,0.2133497,0.0059045986,0.037595622,0.0063080764,0.06644553,0.007442406,0.71777403,0.003478754,0.024316164,0.0026781785,0.24882647,0.008123497,0.009759528,0.0034810451,0.2133497,0.0059045986,"TWOGAUSSIANS_WITH_ELLIPSOIDAL_ON_ECLIPSE1",9,6.0118103,0.71777403,0.003478754,0.13617052,0.014997799,0.26833045,0.0070245634,0.2133497,0.0059045986,0.2105355,0.03532523,0.085964575,0.0068327575
375316653866487564,5314070715030371456,0.50070983,2109.062936589406,3.9317655923803607,1.4156447E-5,17.649075,0.003138972,0.22668044,0.0068668295,0.061271034,0.008569925,0.09770104,0.009619492,0.733294,0.0036579834,0.0657326,0.0074774567,0.09449258,0.007323229,null,null,null,null,"TWOGAUSSIANS",8,2.7303832,0.22668044,0.0068668295,0.3431178,0.04799158,0.09763373,0.009680266,0.733294,0.0036579834,0.36810255,0.041873757,0.09442526,0.007349559
375316653866487564,5314071019966177280,0.51978934,2110.164565993977,2.0572331074720904,2.2252252E-5,19.325947,0.17465834,0.30620718,0.0062626684,0.091031544,0.026476668,0.460096,0.14555657,0.8285892,0.0059731314,0.11421745,0.0757952,0.20936395,0.16023299,null,null,null,null,"TWOGAUSSIANS",8,2.9420094,0.30618718,0.0063544866,0.4,0.0,0.4375211,0.031780813,0.8285892,0.00596099,0.4,0.0,0.18675014,0.025014399
375316653866487564,5314075009998564352,0.5777874,2123.6209628988317,2.80887973735244,4.646632E-6,15.950144,0.012597271,0.2946183,0.0020039396,0.055004366,0.010126977,0.16365525,0.03949846,0.801367,0.0044411374,0.060188226,0.00903225,0.1203156,0.026701665,0.09737592,0.015111488,0.2946183,0.0020039396,"TWOGAUSSIANS_WITH_ELLIPSOIDAL_ON_ECLIPSE1",9,25.662539,0.2946183,0.0020039396,0.30802447,0.056711074,0.35838827,0.043507643,0.801367,0.0044411374,0.33705407,0.050580602,0.31469867,0.006890149
375316653866487564,5314075211853713280,0.51763606,2104.431248594413,2.999518700448212,6.310353E-6,18.6942,0.004992893,0.28880963,0.0026472607,0.028861329,0.0047556516,0.18055215,0.029403174,0.7964818,7.6695964E-5,0.010297934,0.0019741042,0.69915235,0.502491,0.11989115,0.010238205,0.28880963,0.0026472607,"TWOGAUSSIANS_WITH_ELLIPSOIDAL_ON_ECLIPSE1",9,4.9126124,0.7964818,7.6695964E-5,0.05766843,0.011054983,0.9383774,0.52043957,0.28880963,0.0026472607,0.16162345,0.02663165,0.42033395,0.030525535
375316653866487564,5314075761609763968,0.47734568,2115.307338034287,0.902148328647008,2.985546E-5,19.654604,0.0058581415,0.6067029,0.0021415802,0.009805413,0.0013835614,0.5593402,0.042420737,null,null,null,null,null,null,null,null,null,null,"ONEGAUSSIAN",5,3.070268,0.6067029,0.0021415802,0.054910313,0.0077479435,0.5593402,0.0,null,null,null,null,null,null
375316653866487564,5314076590542511232,0.5178579,2096.4571600643467,2.4579758691581493,1.1223274E-5,19.549196,0.019667104,0.20798151,0.003777384,0.072296545,0.009561677,0.28315517,0.029501349,0.69943166,0.0035632977,0.067134894,0.0072531053,0.5274067,0.020779368,null,null,null,null,"TWOGAUSSIANS",8,2.186269,0.69943166,0.0035632977,0.3759554,0.035243947,0.52642465,0.021083226,0.20798151,0.003777384,0.4,0.023751445,0.28217313,0.02975844
375316653866487564,5314076758042027392,0.43076456,2103.919179029484,0.3447816335282396,1.5381549E-5,19.124826,0.005134364,0.5731554,0.0026483338,0.03320225,0.0050366116,0.04855437,0.0100821555,0.7737169,0.0040808492,0.028023437,0.0024059517,0.23506264,0.04370254,null,null,null,null,"TWOGAUSSIANS",8,3.1331534,0.7737169,0.0040808492,0.15693125,0.01347333,0.23506266,0.04370254,0.5731554,0.0026483338,0.18593259,0.028205024,0.04855437,0.0100821555
375316653866487564,5314077105942495488,0.4942387,2086.1229521300365,3.74299085179891,1.4076423E-5,19.74023,0.013442612,0.24272996,0.008565958,0.0720816,0.009710091,0.30468753,0.025540182,0.7460074,0.0050619114,0.088825025,0.010411988,0.3371621,0.019005427,null,null,null,null,"TWOGAUSSIANS",8,2.0015962,0.7460074,0.0050619114,0.4,0.0,0.33234894,0.020192444,0.24272996,0.008565958,0.4,0.021281388,0.29987448,0.026020335
375316653866487564,5314077105942497664,0.4625715,2094.585018777148,0.6848363654344223,1.8869887E-5,17.377628,0.0043312563,0.23995215,0.011277998,0.05969959,0.022225067,0.09528467,0.022556273,0.7466014,0.009708375,0.048279062,0.010209724,0.035691947,0.0053042225,null,null,null,null,"TWOGAUSSIANS",8,4.7999964,0.23995215,0.011277998,0.3343177,0.09231812,0.09528265,0.022632614,0.7466014,0.009708375,0.27036276,0.057174455,0.03568993,0.005262468
375316653866487564,5314077552619076224,0.46852106,2132.342013726878,1.8817596966927406,1.5016459E-5,16.609444,0.0025098603,null,null,null,null,null,null,null,null,null,null,null,null,0.046155777,0.0035877174,0.2529771,0.0052803564,"ELLIPSOIDAL",4,22.021215,null,null,null,null,null,null,null,null,null,null,null,null
375316653866487564,5314079339326675584,0.48824218,2092.461479049395,2.80615737913419,1.7188704E-5,19.22773,0.021283517,0.2274856,0.0062300675,0.108430825,0.01544038,0.18356301,0.019997912,0.74362105,0.00949114,0.085811965,0.01583158,0.20222664,0.019938894,null,null,null,null,"TWOGAUSSIANS",8,1.8725079,0.74363106,0.009481794,0.4,0.0,0.19111226,0.014085987,0.2274856,0.0062300675,0.4,0.0,0.17243776,0.011909311
375316653866487564,5314080400174927232,0.54669935,2105.221621580429,2.586456054722112,1.0208179E-5,17.569426,0.013732503,0.28054804,0.010404074,0.033957336,0.009616124,0.5753425,0.070877284,0.7775344,0.0015686632,0.032845777,0.0031515148,0.51750654,0.038306683,0.04892819,0.020961288,0.28054804,0.010404074,"TWOGAUSSIANS_WITH_ELLIPSOIDAL_ON_ECLIPSE1",9,40.458733,0.28054804,0.010404074,0.1901611,0.053850297,0.6731989,0.06520565,0.77758443,0.0015235901,0.18393636,0.017648483,0.61532843,0.03275336
375316653866487564,5314080988593073152,0.5540909,2123.8805672763287,0.2232264376254959,4.2383986E-6,12.747509,9.185671E-4,0.23092411,0.0018093848,0.06043161,0.0093716355,0.010804931,0.002292667,0.78157884,0.026999796,0.045317374,0.012488118,0.00982799,0.0037740858,0.019117737,0.0012664631,0.23092411,0.0018093848,"TWOGAUSSIANS_WITH_ELLIPSOIDAL_ON_ECLIPSE1",9,11.217076,0.23092411,0.0018093848,0.33841702,0.05248116,0.049037967,0.0010492848,0.78157884,0.026999796,0.2537773,0.06993346,0.044316884,0.00643692
375316653866487564,5314082809659219200,0.5758293,2109.4007772955943,0.49732296108553076,1.0236238E-5,17.107685,0.0024081734,0.31947088,0.002926326,0.0129969455,0.0020672933,0.53101057,0.041120414,0.8207429,0.018718274,0.010643258,0.011331279,0.3616324,2380722.2,null,null,null,null,"TWOGAUSSIANS",8,10.520328,0.31947088,0.002926326,0.0727829,0.0115768425,0.53101057,0.041120414,0.8207429,0.018718274,0.059602246,0.063455164,0.3616324,2380722.2
375316653866487564,5314087924958098048,0.49930975,2131.472859367945,2.2525486048561185,1.5356532E-5,19.652353,0.036106482,0.28982624,0.0056134844,0.10228394,0.016298395,0.27913758,0.032389484,0.7811691,0.0059771487,0.09378426,0.017502476,0.32309443,0.028520914,null,null,null,null,"TWOGAUSSIANS",8,1.5440947,0.7811691,0.0059771487,0.4,0.0,0.30245134,0.025055936,0.28982624,0.00561371,0.4,0.0,0.2584911,0.017152749
375316653866487564,5314087929260145792,0.49402815,2125.696630357442,0.7011875099343653,8.182552E-6,19.157436,0.003819519,0.24080753,0.001787875,0.029361866,0.0020042202,0.3143613,0.030646525,0.73523206,0.01271538,0.037198965,0.021175198,0.08646038,0.031851944,null,null,null,null,"TWOGAUSSIANS",8,2.040168,0.24080753,0.001787875,0.16442646,0.011223632,0.3143613,0.030646525,0.73523206,0.01271538,0.20831421,0.11858111,0.08646038,0.031851947
375316653866487564,5314089230627044992,0.59898466,2088.975172329062,0.7185434372331791,4.215509E-6,18.189407,0.0017589423,0.24337526,8.9486875E-4,0.025511842,8.610031E-4,0.40976876,0.0053173057,0.743305,0.0027160991,0.028312722,0.0024705557,0.364525,0.14516768,null,null,null,null,"TWOGAUSSIANS",8,1.5930705,0.24337526,8.9486875E-4,0.14286633,0.0048216176,0.40976876,0.0053173057,0.743305,0.0027160991,0.15855125,0.013835113,0.364525,0.14516768
375316653866487564,5314090025204024064,0.4771492,2091.0737676928707,0.1235644581590045,2.1473315E-4,17.811153,0.0019028151,0.44886848,0.005749845,0.019990124,0.004858089,0.18786268,0.05671342,0.73921645,0.029513411,0.04657288,0.022582151,0.0149785895,0.0039160545,null,null,null,null,"TWOGAUSSIANS",8,2.8545675,0.44886848,0.005749845,0.11194469,0.0272053,0.18786268,0.056713417,0.73921645,0.029513411,0.26080814,0.12646005,0.0149785895,0.0039160545
375316653866487564,5314090678034892672,0.49087793,2123.1688330658712,0.5186096313007432,4.608489E-6,19.859488,0.007049133,0.1315334,0.00910344,0.02479773,0.018633513,0.42204908,0.32194063,0.63342774,8.959126E-4,0.024548603,0.0011626278,0.47972268,0.045614123,null,null,null,null,"TWOGAUSSIANS",8,1.1980256,0.63342774,8.959126E-4,0.13747218,0.006510716,0.47972268,0.045614123,0.1315334,0.00910344,0.13886729,0.10434767,0.42204908,0.32194063
375316653866487564,5314090815479236480,0.51528525,2137.7372848644227,2.431369724231101,1.4306092E-5,19.067871,0.017340878,0.3179502,0.0030487182,0.07856878,0.0053210044,0.456204,0.015056794,0.81070924,0.016113097,0.061072636,0.019512635,0.24273814,0.025225682,null,null,null,null,"TWOGAUSSIANS",8,5.0750766,0.3179502,0.0030487182,0.4,0.0,0.4552682,0.013998986,0.81070924,0.016113097,0.34200674,0.10317393,0.24180238,0.025464403
375316653866487564,5314091571392361984,0.47840753,2087.8087904055915,3.224475875869243,2.0948757E-5,19.415268,0.014612695,0.29841653,0.009530845,0.081628986,0.011415397,0.17648323,0.018846652,0.80598545,0.006771758,0.07820205,0.01434524,0.22641343,0.020396555,null,null,null,null,"TWOGAUSSIANS",8,1.8580778,0.80598545,0.006771758,0.4,0.0,0.223842,0.02110717,0.29841653,0.009530845,0.4,0.0,0.1739118,0.017333416
375316653866487564,5314091910687277696,0.56753165,2087.9014830830306,1.0233306159511437,1.1471972E-5,18.269693,0.003797106,0.26576573,0.0044473,0.074826404,0.0045752977,0.2709523,0.01302342,0.768758,0.0026437184,0.08173259,0.0033847718,0.1372234,0.0046824594,null,null,null,null,"TWOGAUSSIANS",8,1.6586542,0.26576573,0.0044473,0.4,0.0,0.26879248,0.013353304,0.768758,0.0026437184,0.4,0.0,0.13506354,0.0043130675
375316653866487564,5314093628673947648,0.45856315,2094.5423779012103,3.0269308710558116,1.4721404E-5,19.765703,0.01462137,0.2650131,0.006373887,0.028224787,0.005070443,0.18752284,0.10978702,0.7491824,0.0027932036,0.0070850714,0.0027804498,0.4174087,0.07498655,0.19006135,0.024916336,0.2650131,0.006373887,"TWOGAUSSIANS_WITH_ELLIPSOIDAL_ON_ECLIPSE1",9,16.492867,0.7492424,0.0027655796,0.039676398,0.015570519,0.79379624,0.076627366,0.2650131,0.006373887,0.1580588,0.028394481,0.56764555,0.10880229
375316653866487564,5314093770416736384,0.5049684,2104.9893903883585,2.6049121286413097,2.3782966E-5,19.51408,0.0172368,0.24219641,0.010726297,0.09033439,0.017961143,0.35088065,0.043189712,0.730553,0.004827495,0.08396903,0.008023193,0.37216866,0.022380097,null,null,null,null,"TWOGAUSSIANS",8,2.7533479,0.730553,0.004827495,0.4,0.0,0.36246154,0.020770254,0.24219641,0.010726297,0.4,0.0,0.34117338,0.04800896
375316653866487564,5314095484100310784,0.5114069,2092.654621472208,1.525713706850654,1.510326E-5,18.606121,0.023371575,0.24540055,0.007928842,0.117437564,0.020737683,0.14020804,0.022530032,0.73161125,0.004629057,0.10380833,0.011426674,0.20761187,0.023288226,null,null,null,null,"TWOGAUSSIANS",8,1.5157496,0.73161125,0.004629057,0.4,0.0,0.18512242,0.011102594,0.24541056,0.007938245,0.4,0.0,0.11768678,0.0065236995
375316653866487564,5314095552819663872,0.57509524,2129.1948404468,2.0569638927336764,6.6519156E-6,16.381466,0.005983356,0.28156233,0.003120032,0.08826026,0.006153175,0.14539331,0.006245317,0.7754889,0.0027435168,0.09270374,0.0045327046,0.21782653,0.0061585996,null,null,null,null,"TWOGAUSSIANS",8,7.9469986,0.7754889,0.0027435168,0.4,0.0,0.21067896,0.0049629435,0.28156233,0.003120032,0.4,0.0,0.13824594,0.0059068217
375316653866487564,5314098267239112576,0.45165426,2099.0851992217845,4.755319317717412,4.808168E-5,17.9553,0.033181433,0.43049836,0.020257676,0.2117628,0.049413335,0.13728528,0.030547798,0.7301643,0.010027587,0.042470258,0.009231474,0.13734221,0.057918396,null,null,null,null,"TWOGAUSSIANS",8,14.038847,0.7301643,0.010027587,0.23783344,0.051696252,0.17145292,0.058157105,0.43049836,0.020257676,0.4,0.0,0.120380014,0.012025221
375316653866487564,5314106002482321408,0.5810784,2154.5544231506005,0.2933965011421348,6.2358517E-6,11.646408,0.002633338,0.27873057,0.003855553,0.048128262,0.0073847384,0.03829233,0.0070625837,0.78132886,0.010645635,0.049735766,0.008145351,0.07669256,0.010520902,0.030946886,0.0030736986,0.27873057,0.003855553,"TWOGAUSSIANS_WITH_ELLIPSOIDAL_ON_ECLIPSE1",9,55.157413,0.78132886,0.010364661,0.2785203,0.045613963,0.13856949,0.008195035,0.27873057,0.003855553,0.26951826,0.041354533,0.10018576,0.003255159
375316653866487564,5314107308148975744,0.4295815,2211.4556804763142,2.4025459208830044,6.0107977E-5,19.707903,0.17598389,0.23226446,0.03786445,0.087540366,0.07437479,0.555026,0.2178056,0.6881834,0.00965419,0.086160146,0.027502874,0.64669794,0.19543275,null,null,null,null,"TWOGAUSSIANS",8,22.99832,0.6881834,0.00965419,0.4,0.0,0.6378349,0.16391094,0.23226446,0.037878033,0.4,0.20473877,0.5461628,0.21515062
375316653866487564,5314109335372310656,0.51326483,2114.7116308163804,3.570552811753723,1.30861345E-5,14.701644,0.004745498,0.16931683,0.0039256504,0.08956072,0.009343478,0.0575731,0.004245065,0.6631244,0.0082664145,0.11219396,0.01549395,0.059758555,0.0044582966,null,null,null,null,"TWOGAUSSIANS",8,14.421016,0.6631244,0.0082664145,0.4,0.0,0.05474377,0.003552294,0.16932683,0.003922518,0.4,0.0,0.05256428,0.0021840387
