Gaia/vari_eclipsing_binary/VariEclipsingBinary_377965-378154.csv
# %ECSV 1.0
# ---
# delimiter: ','
# meta: !!omap
# - RELEASE: Gaia DR3
# - TABLE: vari_eclipsing_binary
# - DESCRIPTION: >
#     This table describes the properties of the eclipsing binaries resulting from the variability analysis. 
# - CITATION: >
#     How to cite and acknowledge Gaia: 
#     https://gea.esac.esa.int/archive/documentation/credits.html 
# - KNOWN_ISSUES: >
#     Known issues: 
#     https://www.cosmos.esa.int/web/gaia-users/known-issues 
# - DOCUMENTATION: >
#     Tutorials and documentation: 
#     https://www.cosmos.esa.int/web/gaia-users/archive 
# datatype:
# - 
#   name: solution_id
#   datatype: int64
#   description: Solution Identifier
#   meta:
#     ucd: meta.version
# - 
#   name: source_id
#   datatype: int64
#   description: Unique source identifier
#   meta:
#     ucd: meta.id;meta.main
# - 
#   name: global_ranking
#   datatype: float32
#   description: Number between 0 (worst) and 1 (best)
#   meta:
#     ucd: stat.param
# - 
#   name: reference_time
#   datatype: float64
#   unit: d
#   description: Reference time used for the geometric model fit
#   meta:
#     ucd: time.epoch
# - 
#   name: frequency
#   datatype: float64
#   unit: d**-1
#   description: Frequency of geometric model of the eclipsing binary light curve
#   meta:
#     ucd: src.orbital
# - 
#   name: frequency_error
#   datatype: float32
#   unit: d**-1
#   description: "Uncertainty of \\texttt{frequency}"
#   meta:
#     ucd: stat.error
# - 
#   name: geom_model_reference_level
#   datatype: float32
#   unit: mag
#   description: Magnitude reference level of geometric model
#   meta:
#     ucd: phot.mag;em.opt
# - 
#   name: geom_model_reference_level_error
#   datatype: float32
#   unit: mag
#   description: "Uncertainty of \\texttt{geomModelReferenceLevel}"
#   meta:
#     ucd: stat.error;phot.mag;em.opt
# - 
#   name: geom_model_gaussian1_phase
#   datatype: float32
#   description: Phase of the Gaussian 1 component
#   meta:
#     ucd: time.phase
# - 
#   name: geom_model_gaussian1_phase_error
#   datatype: float32
#   description: "Uncertainty of \\texttt{geomModelGaussian1Phase}"
#   meta:
#     ucd: stat.error;time.phase
# - 
#   name: geom_model_gaussian1_sigma
#   datatype: float32
#   description: "Standard deviation [phase] of Gaussian 1 component"
#   meta:
#     ucd: stat.stdev
# - 
#   name: geom_model_gaussian1_sigma_error
#   datatype: float32
#   description: "Uncertainty of \\texttt{geomModelGaussian1Sigma}"
#   meta:
#     ucd: stat.error
# - 
#   name: geom_model_gaussian1_depth
#   datatype: float32
#   unit: mag
#   description: Magnitude depth of Gaussian 1 component
#   meta:
#     ucd: src.var.amplitude
# - 
#   name: geom_model_gaussian1_depth_error
#   datatype: float32
#   unit: mag
#   description: "Uncertainty of \\texttt{geomModelGaussian1Depth}"
#   meta:
#     ucd: stat.error;src.var.amplitude
# - 
#   name: geom_model_gaussian2_phase
#   datatype: float32
#   description: Phase of Gaussian 2 component
#   meta:
#     ucd: time.phase
# - 
#   name: geom_model_gaussian2_phase_error
#   datatype: float32
#   description: "Uncertainty of \\texttt{geomModelGaussian2Phase}"
#   meta:
#     ucd: stat.error;time.phase
# - 
#   name: geom_model_gaussian2_sigma
#   datatype: float32
[...]
#   datatype: float32
#   description: "Secondary eclipse: uncertainty of \\texttt{derivedSecondaryEclDuration}"
#   meta:
#     ucd: stat.error;time.duration
# - 
#   name: derived_secondary_ecl_depth
#   datatype: float32
#   unit: mag
#   description: "Secondary eclipse: depth"
#   meta:
#     ucd: src.var.amplitude
# - 
#   name: derived_secondary_ecl_depth_error
#   datatype: float32
#   unit: mag
#   description: "Secondary eclipse: uncertainty of \\texttt{derivedSecondaryEclDepth}"
#   meta:
#     ucd: stat.error;src.var.amplitude
solution_id,source_id,global_ranking,reference_time,frequency,frequency_error,geom_model_reference_level,geom_model_reference_level_error,geom_model_gaussian1_phase,geom_model_gaussian1_phase_error,geom_model_gaussian1_sigma,geom_model_gaussian1_sigma_error,geom_model_gaussian1_depth,geom_model_gaussian1_depth_error,geom_model_gaussian2_phase,geom_model_gaussian2_phase_error,geom_model_gaussian2_sigma,geom_model_gaussian2_sigma_error,geom_model_gaussian2_depth,geom_model_gaussian2_depth_error,geom_model_cosine_half_period_amplitude,geom_model_cosine_half_period_amplitude_error,geom_model_cosine_half_period_phase,geom_model_cosine_half_period_phase_error,model_type,num_model_parameters,reduced_chi2,derived_primary_ecl_phase,derived_primary_ecl_phase_error,derived_primary_ecl_duration,derived_primary_ecl_duration_error,derived_primary_ecl_depth,derived_primary_ecl_depth_error,derived_secondary_ecl_phase,derived_secondary_ecl_phase_error,derived_secondary_ecl_duration,derived_secondary_ecl_duration_error,derived_secondary_ecl_depth,derived_secondary_ecl_depth_error
[from data line 483]
375316653866487564,3325623791821482368,0.55612665,2188.7988010028635,3.345942894210181,4.6765632E-5,18.609215,0.022753939,0.26178816,0.03701101,0.05793191,0.033622738,0.76575184,0.5509425,0.7975419,0.007384518,0.07855893,0.008276455,0.45517838,0.021285262,null,null,null,null,"TWOGAUSSIANS",8,6.318076,0.26178816,0.03701101,0.3244187,0.107310824,0.7652483,0.55934644,0.7975419,0.007384518,0.4,0.0,0.45467484,0.015616047
375316653866487564,3325624582095530496,0.49688503,2235.323648078365,0.4373289175767631,8.604712E-5,18.138765,0.0029576644,0.11831251,7.523693E-4,0.010759344,3.8054524E-4,0.25106415,0.014009087,0.64522725,0.047519244,0.043562356,0.025220651,0.09605495,0.30670798,null,null,null,null,"TWOGAUSSIANS",8,2.2204292,0.11831251,7.523693E-4,0.06025233,0.0021310532,0.25106415,0.014009087,0.64522725,0.047519244,0.24394919,0.14123565,0.09605495,0.30670798
375316653866487564,3325626918558396416,0.54419714,2213.4875122394965,0.38015256100690936,2.439877E-5,19.700312,0.005646279,0.27529198,6.9708003E-6,0.04587348,8.606739E-4,0.21626292,0.005431607,0.80188316,0.004121933,0.028028743,0.0038392472,0.23079959,0.019622624,null,null,null,null,"TWOGAUSSIANS",8,0.7109016,0.80188316,0.004121933,0.15696096,0.021499785,0.23079959,0.019622624,0.27529198,6.9708003E-6,0.2568915,0.004819774,0.21626292,0.005431607
375316653866487564,3325628567825833344,0.60090446,2245.8702081337146,0.12176116256896337,5.9795943E-6,12.092943,0.061717484,0.17382495,0.0048187994,0.11739588,0.019908067,0.17162327,0.060897056,0.7042298,0.019295147,0.12780453,0.04624005,0.1374238,0.06136687,null,null,null,null,"TWOGAUSSIANS",8,42.78699,0.17351495,0.0037599225,0.4,0.0,0.14247012,0.009310183,0.70443976,0.018932616,0.4,0.0,0.10814825,0.0047931015
375316653866487564,3325629121880498560,0.5836712,2234.990148520696,0.6343458669043522,1.938542E-4,16.223227,0.0037301283,0.2642082,0.05186603,0.022802198,0.02564271,0.07988686,0.24248818,0.7936124,1.1130777E-4,0.0095265405,2.4524747E-4,0.40385365,0.006768466,null,null,null,null,"TWOGAUSSIANS",8,21.956532,0.7936124,1.1130777E-4,0.053348627,0.0013733859,0.40385365,0.006768466,0.2642082,0.05186603,0.12769231,0.14359918,0.07988686,0.24248818
375316653866487564,3325629431118135040,0.5400128,2200.3493212333333,3.6158075112364947,1.4809089E-5,18.988401,0.05175329,0.26984292,0.018233202,0.0622826,0.06649872,0.8287734,591.0271,0.7597096,0.0016299512,0.06851568,0.009064158,0.5698818,0.04514616,null,null,null,null,"TWOGAUSSIANS",8,4.6354175,0.26984292,0.018233202,0.34878254,0.2702879,0.8280974,591.0287,0.7597096,0.0016299512,0.38368782,0.047851812,0.5692058,0.044486
375316653866487564,3325629495536350976,0.5435466,2207.9051712128385,1.3143790955307144,2.0476438E-5,13.735687,0.013435129,0.21444094,0.0076236622,0.048652127,0.034445867,0.09590708,0.13875765,0.73194766,0.0075181723,0.03834697,0.015044868,0.044753134,0.027903808,0.021111753,0.014956438,0.21444094,0.0076236622,"TWOGAUSSIANS_WITH_ELLIPSOIDAL_ON_ECLIPSE1",9,35.56815,0.21444094,0.0076236622,0.2724519,0.19289686,0.13813041,0.16029537,0.73194766,0.0075181723,0.21474303,0.084251255,0.08646764,0.00521327
375316653866487564,3325630388895169408,0.5257577,2232.9922438258886,0.6075610777973114,6.621975E-5,19.50819,0.009578441,0.42864254,0.030856114,0.05495866,0.031702198,0.085781954,0.021162387,0.6518172,0.012812525,0.03872706,0.0041373842,2.8068626,1.7334288,null,null,null,null,"TWOGAUSSIANS",8,2.3838441,0.6518172,0.012812525,0.21687153,0.023169352,2.8068852,1.7346443,0.42864254,0.03086211,0.3077685,0.17753232,0.085782126,0.021164905
375316653866487564,3325632313034946688,0.5372501,2186.7696853682282,0.7150665611575685,2.231846E-5,19.511562,0.019139364,0.44917983,0.025243916,0.025888745,0.009874351,0.4047548,0.16726393,0.76873016,0.008466569,0.039209936,0.025605485,0.40241334,0.19473377,null,null,null,null,"TWOGAUSSIANS",8,3.24326,0.44917983,0.025243916,0.14497696,0.05529637,0.4047548,0.16726395,0.76873016,0.008466569,0.21957564,0.14339072,0.40241334,0.19473377
375316653866487564,3325635955167215232,0.55631757,2238.835414630187,2.866885462865125,8.247411E-6,17.528093,0.012194659,0.12220079,0.0025097742,0.07653413,0.0033232488,0.4061803,0.025330503,0.6437609,0.004110705,0.083895795,0.0070871236,0.30963194,0.03171855,null,null,null,null,"TWOGAUSSIANS",8,9.312343,0.12220079,0.0025097742,0.4,0.0,0.4026165,0.024614584,0.6437609,0.004110705,0.4,0.0,0.30606812,0.032273848
375316653866487564,3325637162059193728,0.4793591,2242.3296808137648,0.4493523601780299,4.876113E-5,16.732615,0.006173999,0.2521406,0.033792466,0.06597293,0.021872692,0.027394753,0.010065067,0.6071018,0.03332312,0.12898052,0.023544168,0.076711275,0.0098085115,null,null,null,null,"TWOGAUSSIANS",8,6.4971604,0.6071018,0.03332312,0.4,0.0,0.076276414,0.009369364,0.25884062,0.026649997,0.36944842,0.09088133,0.028822418,0.008745299
375316653866487564,3325638394708779392,0.48249227,2164.0503590996514,3.0499904506340454,3.630758E-5,19.795753,0.0370726,0.26271626,0.011491959,0.10868205,0.02462993,0.293797,0.031882707,0.7479309,0.010613678,0.07936806,0.012791045,0.37926364,0.048498932,null,null,null,null,"TWOGAUSSIANS",8,2.8919535,0.7479309,0.010613678,0.4,0.0,0.36412108,0.04175359,0.26271626,0.011491959,0.4,0.0,0.27863666,0.028462104
375316653866487564,3325646026871246592,0.56611925,2263.755610314882,0.3890651307273058,3.21802E-5,18.05927,0.0025090384,0.5232247,0.04098414,0.07405245,0.03330738,0.31049123,0.2568725,0.7363565,0.022003025,0.052966055,0.01503361,0.0959623,0.029624429,null,null,null,null,"TWOGAUSSIANS",8,0.81997955,0.52326477,0.040968496,0.4,1.9584605E-4,0.31052053,0.25687864,0.7363565,0.022003025,0.2966099,0.084188215,0.10089739,0.009032128
375316653866487564,3325646194371750016,0.632241,2228.234939099201,1.0205304680763445,9.2981045E-6,17.527609,0.0042894683,0.33311355,0.0033832525,0.0440054,0.004656079,0.20845261,0.014205258,0.8164238,1.8645795E-4,0.04022885,0.001028287,0.62041783,0.020474942,0.0402898,0.0050401343,0.33311355,0.0033832525,"TWOGAUSSIANS_WITH_ELLIPSOIDAL_ON_ECLIPSE1",9,1.6317979,0.8166938,1.5356165E-4,0.22528157,0.0057584075,0.7001288,0.022397364,0.33311355,0.0033832525,0.24643026,0.026074043,0.2890322,0.014199518
375316653866487564,3325646714066544640,0.55405486,2160.1759823834986,3.8355433081256805,2.686671E-5,19.646772,0.050023384,0.35937452,0.010623027,0.07799967,0.013691871,0.6394482,0.03982732,0.81807786,0.016142694,0.13643058,0.040012173,0.19469772,0.064521715,null,null,null,null,"TWOGAUSSIANS",8,2.2058961,0.3595145,0.010732073,0.4,0.0,0.6177104,0.0200171,0.81807786,0.016142694,0.4,0.0,0.17220114,0.057714142
375316653866487564,3325655437139319040,0.48701328,2244.3936384299527,4.254977659870855,2.9180652E-5,19.059526,0.026595391,0.30590516,0.028918158,0.078735545,0.05042301,0.16362765,0.051495355,0.7770069,0.010436639,0.10816014,0.018596984,0.17463253,0.0286309,null,null,null,null,"TWOGAUSSIANS",8,1.7408903,0.7770069,0.010436639,0.4,0.0,0.16851765,0.020024959,0.30592516,0.029173328,0.4,0.011456015,0.15752715,0.063309975
375316653866487564,3325657361284985856,0.5675827,2278.3666316569347,3.2500667399484473,8.265324E-6,18.389841,0.017181689,0.18378133,0.0053818272,0.08195877,0.007213055,0.43450668,0.028605787,0.6888257,0.0016665353,0.08608664,0.0068575493,0.39402926,0.039665814,null,null,null,null,"TWOGAUSSIANS",8,2.353768,0.18378133,0.0053818272,0.4,0.0,0.42547807,0.029798957,0.6888257,0.0016665353,0.4,0.0,0.38500065,0.041706897
375316653866487564,3325657498724048000,0.5455216,2283.672755930173,3.7630192248060292,1.32426985E-5,17.610683,0.02738569,0.17966095,0.007992146,0.09146989,0.015210478,0.41949707,0.0308803,0.67190224,0.0046784305,0.080581486,0.009282615,0.37420496,0.024191823,null,null,null,null,"TWOGAUSSIANS",8,17.33503,0.17966095,0.007992146,0.4,0.0,0.40930223,0.03627223,0.67190224,0.0046784305,0.4,0.0,0.3640104,0.017000433
375316653866487564,3325658804393125888,0.6200647,2234.016594224002,2.301054851296298,9.260649E-6,15.053239,0.006922473,0.21053667,0.0019182066,0.09450858,0.0046888874,0.18494189,0.0067468663,0.7172324,0.0061248355,0.09285078,0.021460177,0.18273221,0.19107135,null,null,null,null,"TWOGAUSSIANS",8,8.606206,0.21053667,0.0019182066,0.4,0.0,0.17545092,0.0053557614,0.7172324,0.0061248355,0.4,0.0025048722,0.17324136,0.19623362
375316653866487564,3325659117931429888,0.4109978,2305.263800653425,0.32721063865866745,5.235455E-5,17.926527,0.0561161,null,null,null,null,null,null,null,null,null,null,null,null,0.0972446,0.06612801,0.28456652,0.017440598,"ELLIPSOIDAL",4,61.224445,null,null,null,null,null,null,null,null,null,null,null,null
375316653866487564,3325659976925682304,0.45700225,2231.38173307852,2.1042535092935335,9.756401E-5,15.32636,0.501223,0.23037365,0.011335986,0.12762514,0.046372958,0.3517263,0.2674028,0.7332733,0.008901205,0.2586218,0.19833997,0.42852044,0.4928678,null,null,null,null,"TWOGAUSSIANS",8,83.06503,0.22940366,0.0112894485,0.4,0.0,0.16105342,0.009317962,0.73341334,0.00866634,0.4,0.0,0.10639174,0.013724424
375316653866487564,3325661862411175808,0.5116773,2224.7686409198172,0.8677282190735394,4.3570885E-4,19.059973,0.0076321387,0.6606731,0.073739074,0.047433197,0.043700326,0.5753238,0.48182178,null,null,null,null,null,null,null,null,null,null,"ONEGAUSSIAN",5,3.1814091,0.6606731,0.073739074,0.26562592,0.12852296,0.5753238,0.0,null,null,null,null,null,null
375316653866487564,3325665199605452544,0.5632006,2209.948110962168,2.560797325889258,1.2333872E-5,17.037518,0.063371085,0.2991284,0.0033124357,0.13517167,0.027612057,0.20605618,0.05864782,0.7991718,0.0019534824,0.11775985,0.019763349,0.20817423,0.05994808,null,null,null,null,"TWOGAUSSIANS",8,2.5134735,0.7991718,0.0019694176,0.4,0.0,0.15014388,0.0035213733,0.2991284,0.0033214942,0.4,0.0,0.14763607,0.007890573
375316653866487564,3325665745061118464,0.5472962,2230.760982853795,1.7146020235188182,2.0258753E-5,17.868732,0.006113626,0.19545475,0.015687848,0.039691217,0.009555034,0.2097645,0.021469124,0.6870559,0.006727113,0.04091644,0.009571302,0.23034228,0.17364019,null,null,null,null,"TWOGAUSSIANS",8,3.1491795,0.6870559,0.006727113,0.22913206,0.053599287,0.23034228,0.1736402,0.19545475,0.015687848,0.22227082,0.053508192,0.2097645,0.021469062
375316653866487564,3325666608354835584,0.48794433,2260.869110188841,0.6657578036638779,2.9268085E-5,15.399671,0.015799783,0.4539496,0.02059427,0.14488295,0.02854518,0.13389467,0.0181204,0.8814811,0.014836864,0.074555025,0.022382444,0.038128123,0.012133815,null,null,null,null,"TWOGAUSSIANS",8,6.5142584,0.4539496,0.02059427,0.4,0.0,0.12839422,0.0125197815,0.8814811,0.014836864,0.4,0.02374462,0.034403734,0.0070635984
375316653866487564,3325670074389590144,0.49398476,2231.08011023209,0.10651535846527332,7.843911E-5,19.308664,0.14811982,0.16102538,0.015483713,0.16110758,0.06315416,0.3076584,0.13775146,0.6186476,0.02412272,0.057553172,0.018330093,0.6201664,0.13681391,null,null,null,null,"TWOGAUSSIANS",8,2.0128477,0.6186476,0.02412272,0.32229775,0.10264853,0.59759307,0.09467202,0.16102538,0.015483713,0.4,0.0,0.27857518,0.06489148
375316653866487564,3325674373651870720,0.5012049,2198.6840681196654,0.2559570496954361,2.309036E-5,19.351389,0.025681302,0.5934669,0.0043765577,0.06432606,0.007036818,0.29627937,0.038566988,0.9061302,0.021420231,0.101577155,0.023793764,0.06560265,0.030943718,null,null,null,null,"TWOGAUSSIANS",8,1.3827564,0.5937069,0.004139721,0.36022595,0.03940618,0.29681447,0.039431654,0.9061302,0.021420231,0.4,0.0,0.06556301,0.030784769
375316653866487564,3325676641399335040,0.50120354,2203.7645914359337,1.0338963413270679,1.0181886E-4,19.219011,0.04804838,0.2985875,0.01367044,0.08835225,0.026489396,0.19986506,0.05666714,0.7927975,0.011225705,0.09327539,0.024560029,0.24351923,0.043945115,null,null,null,null,"TWOGAUSSIANS",8,1.7550725,0.7927975,0.011225705,0.4,0.0,0.23436652,0.022809489,0.2985875,0.013671596,0.4,0.0,0.1907126,0.04577927
375316653866487564,3325676813196984960,0.7302326,2235.6862991904263,0.8328173559202033,3.52783E-5,16.026686,0.0015534064,0.2268613,3.6228035E-4,0.029144857,4.911408E-4,0.41309243,0.0044390894,0.72776014,0.008303902,0.02638139,0.0036093243,0.45047733,0.123482645,0.011631711,0.003612872,0.2268613,3.6228035E-4,"TWOGAUSSIANS_WITH_ELLIPSOIDAL_ON_ECLIPSE1",9,3.8397367,0.72776014,0.008290651,0.14773577,0.020212216,0.47374,0.12356011,0.2268613,3.6228035E-4,0.1632112,0.0027503886,0.43635586,0.004759057
375316653866487564,3325677259870043136,0.67363876,2250.8360010121046,1.7470462742952202,3.4966654E-6,13.646081,0.007323334,0.22027469,0.0013021319,0.07943185,0.002911647,0.31473044,0.0065356554,0.7246248,0.013504208,0.089842245,0.008064754,0.27262062,0.024577094,null,null,null,null,"TWOGAUSSIANS",8,36.20939,0.22027469,0.0013021319,0.4,0.0,0.3078618,0.0039909813,0.7246248,0.013504208,0.4,0.0,0.2657519,0.021519959
375316653866487564,3325680764567061120,0.59848404,2252.7282877802295,1.281486407676464,2.0877034E-5,16.696245,0.0027428742,0.21857698,0.0028299813,0.0526524,0.0037476555,0.2496599,0.020937584,0.74173224,0.014370901,0.062737525,0.010671808,0.11418053,0.018793514,null,null,null,null,"TWOGAUSSIANS",8,5.3318458,0.21857698,0.0028299813,0.29485345,0.020986872,0.24964878,0.020945817,0.74173224,0.014370901,0.35133016,0.059762128,0.11416941,0.0188034
375316653866487564,3325690037397301760,0.6242046,2272.6321383893232,2.367475912203257,7.226808E-6,16.927057,0.0042889714,0.24195762,0.025883475,0.02580849,0.013163421,0.18078604,0.08239343,0.75131416,0.0034599015,0.043887433,0.005150985,0.5720224,0.09670275,0.120484084,0.0063159824,0.75131416,0.0034599015,"TWOGAUSSIANS_WITH_ELLIPSOIDAL_ON_ECLIPSE2",9,12.2578745,0.75131416,0.0034599015,0.24576962,0.028845515,0.8129901,0.09809178,0.24256763,0.025452008,0.14452754,0.07371516,0.4209763,0.090674214
375316653866487564,3325690965110263424,0.48215374,2273.9758591840155,0.10929417387926992,3.9410843E-5,16.172367,0.0011962865,0.29311663,0.039775435,0.061347127,0.033866506,0.0672014,0.36062956,0.6031789,0.018212087,0.04445288,0.012687572,0.0130990585,0.002557653,null,null,null,null,"TWOGAUSSIANS",8,3.3102014,0.29311663,0.039775435,0.34354392,0.18965243,0.0672014,0.36062956,0.6031789,0.018212087,0.24893612,0.071050406,0.013099249,0.0025578258
375316653866487564,3325691171268788736,0.60336405,2255.390616305937,1.3357242569085044,1.2055158E-5,16.95222,0.0077594724,0.2518049,0.0062053003,0.08960737,0.0074306275,0.18621387,0.008843394,0.7603961,0.0046410155,0.09290869,0.0063222866,0.16167535,0.01003275,null,null,null,null,"TWOGAUSSIANS",8,3.2592025,0.2518049,0.0062053003,0.4,0.0,0.1790794,0.0060409387,0.7603961,0.0046410155,0.4,0.0,0.15454076,0.008164094
375316653866487564,3325692236421773184,0.5842897,2209.2822503863754,0.9684373125102852,9.353656E-5,19.737507,0.014821978,0.32668272,0.04861999,0.060258172,0.036118884,0.32931167,0.1801217,0.6063586,0.017308883,0.07999587,0.033047,0.3213474,0.02237055,null,null,null,null,"TWOGAUSSIANS",8,0.7391579,0.32703272,0.050534807,0.33744577,0.09052505,0.3300284,0.18316239,0.6063586,0.017308883,0.4,0.10779995,0.3213531,0.020698547
375316653866487564,3325698730411801856,0.59148115,2245.138694229057,3.037687599839174,1.9359997E-5,18.507816,0.013167068,0.32882303,0.00422486,0.07791556,0.004152536,0.50394934,0.029824562,0.8277473,0.005011078,0.07390725,0.007887462,0.5642019,0.05084095,null,null,null,null,"TWOGAUSSIANS",8,4.1696944,0.8277473,0.005011078,0.4,0.0,0.5596128,0.054055724,0.32882303,0.00422486,0.4,0.0,0.49936032,0.029285956
375316653866487564,3325700487052587648,0.56207013,2219.6636761668046,3.6989747204554,3.5555004E-5,19.783455,0.045800008,0.26751825,0.0057013957,0.07848236,0.015642315,0.2898687,0.041006017,0.7802199,0.009509532,0.09272134,0.01754642,0.3026824,0.04806387,null,null,null,null,"TWOGAUSSIANS",8,0.8235921,0.7802199,0.009509532,0.4,0.0,0.29600838,0.034270626,0.26751825,0.00570188,0.4,0.0,0.28319505,0.03149108
