Gaia/vari_eclipsing_binary/VariEclipsingBinary_481994-482089.csv
# %ECSV 1.0
# ---
# delimiter: ','
# meta: !!omap
# - RELEASE: Gaia DR3
# - TABLE: vari_eclipsing_binary
# - DESCRIPTION: >
#     This table describes the properties of the eclipsing binaries resulting from the variability analysis. 
# - CITATION: >
#     How to cite and acknowledge Gaia: 
#     https://gea.esac.esa.int/archive/documentation/credits.html 
# - KNOWN_ISSUES: >
#     Known issues: 
#     https://www.cosmos.esa.int/web/gaia-users/known-issues 
# - DOCUMENTATION: >
#     Tutorials and documentation: 
#     https://www.cosmos.esa.int/web/gaia-users/archive 
# datatype:
# - 
#   name: solution_id
#   datatype: int64
#   description: Solution Identifier
#   meta:
#     ucd: meta.version
# - 
#   name: source_id
#   datatype: int64
#   description: Unique source identifier
#   meta:
#     ucd: meta.id;meta.main
# - 
#   name: global_ranking
#   datatype: float32
#   description: Number between 0 (worst) and 1 (best)
#   meta:
#     ucd: stat.param
# - 
#   name: reference_time
#   datatype: float64
#   unit: d
#   description: Reference time used for the geometric model fit
#   meta:
#     ucd: time.epoch
# - 
#   name: frequency
#   datatype: float64
#   unit: d**-1
#   description: Frequency of geometric model of the eclipsing binary light curve
#   meta:
#     ucd: src.orbital
# - 
#   name: frequency_error
#   datatype: float32
#   unit: d**-1
#   description: "Uncertainty of \\texttt{frequency}"
#   meta:
#     ucd: stat.error
# - 
#   name: geom_model_reference_level
#   datatype: float32
#   unit: mag
#   description: Magnitude reference level of geometric model
#   meta:
#     ucd: phot.mag;em.opt
# - 
#   name: geom_model_reference_level_error
#   datatype: float32
#   unit: mag
#   description: "Uncertainty of \\texttt{geomModelReferenceLevel}"
#   meta:
#     ucd: stat.error;phot.mag;em.opt
# - 
#   name: geom_model_gaussian1_phase
#   datatype: float32
#   description: Phase of the Gaussian 1 component
#   meta:
#     ucd: time.phase
# - 
#   name: geom_model_gaussian1_phase_error
#   datatype: float32
#   description: "Uncertainty of \\texttt{geomModelGaussian1Phase}"
#   meta:
#     ucd: stat.error;time.phase
# - 
#   name: geom_model_gaussian1_sigma
#   datatype: float32
#   description: "Standard deviation [phase] of Gaussian 1 component"
#   meta:
#     ucd: stat.stdev
# - 
#   name: geom_model_gaussian1_sigma_error
#   datatype: float32
#   description: "Uncertainty of \\texttt{geomModelGaussian1Sigma}"
#   meta:
#     ucd: stat.error
# - 
#   name: geom_model_gaussian1_depth
#   datatype: float32
#   unit: mag
#   description: Magnitude depth of Gaussian 1 component
#   meta:
#     ucd: src.var.amplitude
# - 
#   name: geom_model_gaussian1_depth_error
#   datatype: float32
#   unit: mag
#   description: "Uncertainty of \\texttt{geomModelGaussian1Depth}"
#   meta:
#     ucd: stat.error;src.var.amplitude
# - 
#   name: geom_model_gaussian2_phase
#   datatype: float32
#   description: Phase of Gaussian 2 component
#   meta:
#     ucd: time.phase
# - 
#   name: geom_model_gaussian2_phase_error
#   datatype: float32
#   description: "Uncertainty of \\texttt{geomModelGaussian2Phase}"
#   meta:
#     ucd: stat.error;time.phase
# - 
#   name: geom_model_gaussian2_sigma
#   datatype: float32
[...]
#   datatype: float32
#   description: "Secondary eclipse: uncertainty of \\texttt{derivedSecondaryEclDuration}"
#   meta:
#     ucd: stat.error;time.duration
# - 
#   name: derived_secondary_ecl_depth
#   datatype: float32
#   unit: mag
#   description: "Secondary eclipse: depth"
#   meta:
#     ucd: src.var.amplitude
# - 
#   name: derived_secondary_ecl_depth_error
#   datatype: float32
#   unit: mag
#   description: "Secondary eclipse: uncertainty of \\texttt{derivedSecondaryEclDepth}"
#   meta:
#     ucd: stat.error;src.var.amplitude
solution_id,source_id,global_ranking,reference_time,frequency,frequency_error,geom_model_reference_level,geom_model_reference_level_error,geom_model_gaussian1_phase,geom_model_gaussian1_phase_error,geom_model_gaussian1_sigma,geom_model_gaussian1_sigma_error,geom_model_gaussian1_depth,geom_model_gaussian1_depth_error,geom_model_gaussian2_phase,geom_model_gaussian2_phase_error,geom_model_gaussian2_sigma,geom_model_gaussian2_sigma_error,geom_model_gaussian2_depth,geom_model_gaussian2_depth_error,geom_model_cosine_half_period_amplitude,geom_model_cosine_half_period_amplitude_error,geom_model_cosine_half_period_phase,geom_model_cosine_half_period_phase_error,model_type,num_model_parameters,reduced_chi2,derived_primary_ecl_phase,derived_primary_ecl_phase_error,derived_primary_ecl_duration,derived_primary_ecl_duration_error,derived_primary_ecl_depth,derived_primary_ecl_depth_error,derived_secondary_ecl_phase,derived_secondary_ecl_phase_error,derived_secondary_ecl_duration,derived_secondary_ecl_duration_error,derived_secondary_ecl_depth,derived_secondary_ecl_depth_error
[from data line 110]
375316653866487564,4239816823547809280,0.49610174,2049.2406333099543,2.467539176905553,2.7018108E-5,19.072273,0.008630846,0.1537844,0.0070522265,0.049562264,0.007609232,0.26808834,0.07214662,0.64738363,0.0073889885,0.056211077,0.01145822,0.3164299,0.022187483,null,null,null,null,"TWOGAUSSIANS",8,3.6812453,0.64738363,0.0073889885,0.31478202,0.06416603,0.31642377,0.022192935,0.1537844,0.0070522265,0.27754867,0.0426117,0.26808217,0.07215202
375316653866487564,4239818339679845248,0.5247811,2050.8983226678515,3.1108416290084713,6.8568775E-6,16.105505,0.009617676,0.12974977,0.0058594304,0.0978963,0.00883511,0.17802007,0.013580382,0.6313342,0.0021668558,0.10240502,0.0059113833,0.1905926,0.0090441685,null,null,null,null,"TWOGAUSSIANS",8,21.92682,0.6313342,0.0021668558,0.4,0.0,0.17456622,0.006370097,0.12974977,0.0058594304,0.4,0.0,0.16199546,0.013527586
375316653866487564,4239819473551316992,0.5441238,2051.792802454826,1.184052785401097,1.1738816E-5,16.032394,0.001918812,0.24923334,0.0030937227,0.06043396,0.0034723463,0.13136055,0.004340937,0.74737847,9.04417E-4,0.048436668,0.0028965864,0.038705423,0.0018509604,null,null,null,null,"TWOGAUSSIANS",8,6.516393,0.24923334,0.0030937227,0.3384302,0.01944514,0.13135688,0.0043408116,0.74737847,9.04417E-4,0.27124533,0.016220884,0.038701758,0.0018488195
375316653866487564,4239820195105681408,0.56130344,2074.6285450816936,1.7810845756649287,7.121229E-6,18.064583,0.012479817,0.25487813,0.0030893188,0.112777084,0.008662508,0.2284427,0.010623671,0.74769104,0.0039190412,0.09184747,0.0056132283,0.29253724,0.014896798,null,null,null,null,"TWOGAUSSIANS",8,2.3490067,0.74769104,0.0039190412,0.4,0.0,0.26914343,0.012718676,0.25487813,0.0030893188,0.4,0.0,0.20502356,0.007845032
375316653866487564,4239820744861501824,0.43734086,2103.790440682247,0.7256218275651406,3.5383146E-5,15.203052,0.0058943215,0.16160372,0.032700896,0.022459645,0.024139619,0.0950152,0.1678558,0.7551397,0.0067059207,0.06503755,0.010853132,0.06262115,0.020447472,0.015068002,0.008043697,0.7551397,0.0067059207,"TWOGAUSSIANS_WITH_ELLIPSOIDAL_ON_ECLIPSE2",9,144.87794,0.16252372,0.031479146,0.12577401,0.13518187,0.11592989,0.17165968,0.7551397,0.0067059207,0.36421028,0.060151383,0.09271945,0.017159732
375316653866487564,4239822905220983936,0.42950776,2081.7018152984947,0.6055448652853894,3.4827055E-5,18.771187,0.008633851,0.33141178,0.009580728,0.12908697,0.011971984,0.23760507,0.03893341,0.6861636,0.01979726,0.05156397,0.024201792,0.07050128,0.011701151,null,null,null,null,"TWOGAUSSIANS",8,5.197209,0.33141178,0.009580728,0.4,0.0,0.23704463,0.03924378,0.6861636,0.01979726,0.28875825,0.13553002,0.07538519,0.012401246
375316653866487564,4239824730591615872,0.5507424,2057.394731139293,0.2761066580627951,1.0893415E-5,14.024835,0.004323287,0.24788587,0.0029609692,0.08041016,0.0050335815,0.09695739,0.0045667225,0.75657535,0.04447702,0.10196053,0.023131372,0.09918332,0.028604915,null,null,null,null,"TWOGAUSSIANS",8,28.109552,0.75657535,0.04447702,0.4,0.0,0.095199734,0.026494648,0.24788587,0.0029609692,0.4,0.0,0.0929751,0.0035173758
375316653866487564,4239824936750333952,0.56502104,2116.661401232461,2.3914826057617242,7.933104E-6,15.892276,0.009141738,0.27303463,0.0020798591,0.04770588,0.005972694,0.13899131,0.01986053,0.7561974,0.0045262347,0.062425077,0.005242177,0.1926607,0.02407554,0.09226214,0.012015505,0.27303463,0.0020798591,"TWOGAUSSIANS_WITH_ELLIPSOIDAL_ON_ECLIPSE1",9,50.91446,0.7600174,0.0030157042,0.34958044,0.02935619,0.37557203,0.01580571,0.27303463,0.0020798591,0.26715294,0.033447087,0.32349467,0.01098678
375316653866487564,4239827926047366144,0.6163515,2055.519210282207,0.4347523520015661,2.309814E-5,16.306917,0.0016448617,0.21205063,0.003891482,0.055249102,0.0020848704,0.2859167,0.0031504822,0.6907766,0.006920805,0.068937734,0.015208817,0.04868595,0.012146514,null,null,null,null,"TWOGAUSSIANS",8,3.763118,0.21205063,0.003891482,0.309395,0.011675274,0.2858858,0.003127116,0.6907766,0.006920805,0.3860513,0.04391466,0.048655096,0.01222833
375316653866487564,4239829605370731520,0.46911106,2077.611673403566,1.3323487549744026,1.3634886E-5,17.935637,0.00933601,0.28092378,0.007353397,0.09067618,0.013426345,0.08601244,0.009074945,0.7951252,0.0050265207,0.08081009,0.009947018,0.10412286,0.009882893,null,null,null,null,"TWOGAUSSIANS",8,2.9054084,0.7951252,0.0050265207,0.4,0.0,0.10202878,0.008400336,0.28092378,0.007353397,0.4,0.0,0.083918296,0.007138236
375316653866487564,4239830773602038400,0.5336715,2079.336016474234,0.7820257908447631,2.3866854E-5,18.638668,0.005463077,0.24407442,0.02741566,0.025372453,0.018501803,0.14825316,0.0852401,0.7486009,0.0025471395,0.024207711,0.0042392607,0.30801532,0.03260475,null,null,null,null,"TWOGAUSSIANS",8,4.389291,0.7486009,0.0025471395,0.13556318,0.02373986,0.30801532,0.03260475,0.24407442,0.02741566,0.14208573,0.1036101,0.14825316,0.0852401
375316653866487564,4239831087143563008,0.4971207,2113.6632662245124,3.3775819566406637,3.550419E-5,16.009388,0.02189333,0.23445737,0.0045903325,0.09589372,0.017359205,0.108630866,0.020940898,0.72316265,0.012234379,0.102268286,0.022220112,0.10299035,0.022011576,null,null,null,null,"TWOGAUSSIANS",8,15.403697,0.23445737,0.004582819,0.4,0.0,0.10106287,0.008222572,0.72316265,0.012234379,0.4,0.0,0.09542116,0.016588876
375316653866487564,4239831426436773248,0.5268248,2106.6838842993816,4.084368343350797,1.9654544E-5,17.817408,0.00470062,0.13762555,0.021518592,0.045320086,0.018646555,0.07599119,0.012834648,0.67522573,0.0039914777,0.013485412,0.01649645,0.07779757,614.98145,0.06651743,0.0063501243,0.67522573,0.0039914777,"TWOGAUSSIANS_WITH_ELLIPSOIDAL_ON_ECLIPSE2",9,5.6373444,0.67522573,0.0039914777,0.0755183,0.092380114,0.21083222,614.98016,0.14590555,0.020353587,0.2537925,0.10442071,0.20330393,0.00852015
375316653866487564,4239835175952548864,0.48683098,2086.7592255316968,2.4958344715226954,3.345658E-5,16.43902,0.014185425,0.2375468,0.012081741,0.10098357,0.022218501,0.1419302,0.022300621,0.7043467,0.0065844455,0.0509069,0.008881148,0.38076136,0.07356056,null,null,null,null,"TWOGAUSSIANS",8,91.38104,0.7043467,0.0065844455,0.28507864,0.049734425,0.3799966,0.07401201,0.2375468,0.012081741,0.4,0.0,0.14116207,0.022789255
375316653866487564,4239836030642149120,0.59490037,2124.2861972805995,2.6081865275024807,6.917685E-6,18.025797,0.011794791,0.26502421,0.0026230519,0.051140647,0.0040505007,0.43886894,0.036173623,0.7637641,0.0027714297,0.04603291,0.0037153019,0.31018737,0.033770405,0.10944407,0.015759869,0.26502421,0.0026230519,"TWOGAUSSIANS_WITH_ELLIPSOIDAL_ON_ECLIPSE1",9,9.14199,0.26502421,0.0026230519,0.28638762,0.022682805,0.6577541,0.026911551,0.7638941,0.0025522143,0.25778428,0.02080569,0.5290603,0.014079359
375316653866487564,4239837409330586240,0.57172203,2121.2567922096655,2.500233036472116,4.645492E-6,17.893179,0.001895842,0.26208204,0.001935091,0.05811464,0.0031896997,0.1782904,0.0062462348,0.7612433,0.0017419046,0.05171203,0.0029334263,0.25265428,0.0055050706,null,null,null,null,"TWOGAUSSIANS",8,2.2228758,0.7612433,0.0017419046,0.28958738,0.016427187,0.2526415,0.005508844,0.26208204,0.001935091,0.325442,0.017862318,0.17827761,0.006250986
375316653866487564,4239838332739237888,0.45513454,2041.167374411952,3.006163899206007,4.2665306E-5,18.216629,0.014443519,0.21892256,0.0051173437,0.080951594,0.01298582,0.123893686,0.027826862,0.76414996,0.012832697,0.106907845,0.015905114,0.10505021,0.016566822,null,null,null,null,"TWOGAUSSIANS",8,5.757565,0.21889254,0.0051305043,0.4,0.00765085,0.12060529,0.02734897,0.76414996,0.012832697,0.4,0.0,0.101749234,0.013461882
375316653866487564,4239841223266185344,0.48862144,2071.5402749608534,4.506021345704142,1.5144102E-5,17.815166,0.01347381,0.29748514,0.005147652,0.036685754,0.0044987584,0.20333073,0.037023164,0.7944305,0.028259022,0.040587563,0.025206331,0.12033766,0.04142248,0.0712623,0.019744538,0.29748514,0.005147652,"TWOGAUSSIANS_WITH_ELLIPSOIDAL_ON_ECLIPSE1",9,9.944675,0.29748514,0.005147652,0.20544022,0.025193047,0.3458553,0.014661197,0.7948405,0.027526243,0.22729035,0.14115545,0.26281676,0.034153987
375316653866487564,4239841532503848704,0.48521158,2019.0479911491082,2.480619193017663,3.554186E-5,19.926966,0.015552896,0.2936537,0.010654194,0.06134355,0.0067182765,0.29047692,0.03635132,0.7723156,0.00828839,0.03932012,0.0064066695,0.55613905,0.13565224,null,null,null,null,"TWOGAUSSIANS",8,2.9118161,0.7723156,0.00828839,0.22019267,0.035877347,0.5561379,0.13565336,0.2936537,0.010654194,0.3435239,0.037622347,0.29047582,0.03635052
375316653866487564,4239842528930938240,0.4832765,2067.1179706181288,3.156047572851304,1.2695106E-5,19.668102,0.035452396,0.170185,0.0072437427,0.07494967,0.009939881,0.29727206,0.03975619,0.6687606,0.00862657,0.10437474,0.016520347,0.38819957,0.033705574,null,null,null,null,"TWOGAUSSIANS",8,1.8391364,0.6687606,0.00862657,0.4,0.0,0.3744596,0.028507024,0.170185,0.0072434526,0.4,0.0031660006,0.28354016,0.027936641
375316653866487564,4239842868230114688,0.49914932,2091.0188997674386,1.6606533025565546,2.0037965E-5,17.512894,0.004870263,0.10221885,0.0125649925,0.019805515,0.015856883,0.20953667,3919.4216,0.43964237,0.0032134221,0.015905159,0.0025956952,0.3733813,0.04933511,0.013493587,0.008822192,0.10221885,0.0125649925,"TWOGAUSSIANS_WITH_ELLIPSOIDAL_ON_ECLIPSE1",9,20.235329,0.43974236,0.0032035953,0.08906889,0.014535893,0.38074496,0.049828656,0.10221885,0.0125649925,0.110910885,0.08879854,0.23652372,3919.422
375316653866487564,4239843697167381248,0.6277808,2046.0246868226043,3.5795197494487208,4.521418E-6,15.597359,0.010506822,0.24550326,0.0014188266,0.042892825,0.0023413363,0.43999207,0.021531187,0.74077815,0.0014342295,0.03903965,0.002522273,0.30738077,0.025458405,0.16002353,0.013213534,0.74077815,0.0014342295,"TWOGAUSSIANS_WITH_ELLIPSOIDAL_ON_ECLIPSE2",9,66.626205,0.24505326,0.0012751509,0.24019982,0.013111483,0.75978345,0.0103338845,0.74077815,0.0014342295,0.21862204,0.014124729,0.6274272,0.011995916
375316653866487564,4239847030056881152,0.48760915,2055.8524933089684,0.0696181425299744,1.4991732E-5,19.191584,0.012403393,0.14810383,0.021923559,0.057329614,0.019610602,0.28662327,0.06384731,0.66623515,0.08201546,0.040748447,0.029120088,0.5260105,1.2198709,null,null,null,null,"TWOGAUSSIANS",8,2.0594695,0.66623515,0.08201546,0.2281913,0.16307248,0.5260099,1.2198905,0.14810383,0.021923559,0.32104585,0.08615465,0.28662264,0.063961335
375316653866487564,4239853524052603136,0.55209225,2063.7977180338644,1.639216738724306,9.38576E-6,16.485737,0.0026360536,0.1893779,0.0025353474,0.036036383,0.00473411,0.07372252,0.012933612,0.6994774,0.010612895,0.044693094,0.00703324,0.052971218,0.0065502357,0.022559263,0.003248489,0.1893779,0.0025353474,"TWOGAUSSIANS_WITH_ELLIPSOIDAL_ON_ECLIPSE1",9,3.2908187,0.1893779,0.0025353474,0.20180374,0.026511015,0.11884104,0.013325532,0.6994774,0.01057471,0.2502813,0.039386146,0.097908296,0.0034518666
375316653866487564,4239855890565996160,0.54948497,2097.012030612582,3.251414575289715,1.4269715E-5,18.01256,0.01103719,0.26883173,0.0046717967,0.08058035,0.0057119722,0.4236209,0.0195578,0.7560035,0.0030955735,0.074252546,0.0049315644,0.4494193,0.02167997,null,null,null,null,"TWOGAUSSIANS",8,12.442601,0.7560035,0.0030955735,0.4,0.0,0.44580764,0.022117456,0.26883173,0.0046717967,0.4,0.0,0.42000923,0.019448012
375316653866487564,4239856719508484224,0.5157814,2093.514343644255,0.6190266349687558,3.3277024E-6,13.393677,0.0012598557,0.33358014,0.0010925379,0.019220369,0.0012626289,0.07164999,0.0054132533,null,null,null,null,null,null,0.01074792,0.0022141056,0.33358014,0.0010925379,"ONEGAUSSIAN_WITH_ELLIPSOIDAL",6,60.108006,0.33358014,0.0010925379,0.10763406,0.0070707225,0.09314583,0.0054794606,null,null,null,null,null,null
375316653866487564,4239859708793534720,0.45091125,1990.2062593857165,3.3541928158718366,3.6446676E-5,19.638872,0.021640701,0.27894595,0.01070142,0.08293068,0.0276448,0.24580754,0.034529407,0.7835796,0.01185628,0.0672605,0.014802119,0.28935412,0.046389144,null,null,null,null,"TWOGAUSSIANS",8,4.758191,0.7835796,0.01185628,0.37665877,0.05502925,0.28749663,0.04570401,0.27894595,0.01070142,0.4,0.0,0.24395005,0.03829769
375316653866487564,4239861044526395264,0.5067805,1974.1366050686302,2.903510481960061,1.0942208E-5,18.691574,0.017720146,0.25516787,0.0041197715,0.0983723,0.011940792,0.17458001,0.015473782,0.74501663,0.00394282,0.108671166,0.0100938985,0.20840599,0.01695292,null,null,null,null,"TWOGAUSSIANS",8,1.9039493,0.74501663,0.00394282,0.4,0.0,0.19002223,0.0074206577,0.25517786,0.0041240137,0.4,0.0,0.15620676,0.009555294
375316653866487564,4239861151915523712,0.5974552,1967.9953335139314,4.286888845144318,8.695457E-6,16.246874,0.0024528073,0.46074885,0.031915665,0.030484064,0.025792768,0.015949659,0.20744772,0.86921376,0.00146328,0.013595007,8.268438E-4,1.4089627,0.265742,null,null,null,null,"TWOGAUSSIANS",8,17.072903,0.86921376,0.00146328,0.076132044,0.004630325,1.4089627,0.265742,0.46074885,0.031915665,0.17071076,0.1444395,0.015949659,0.20744772
375316653866487564,4239864003760960128,0.4426635,1962.987204641034,4.0210358122604495,3.7304355E-5,19.016354,0.05611732,0.28188232,0.018715594,0.0756371,0.018743165,0.18921034,0.047800455,0.7236407,0.023260094,0.1412332,0.03819207,0.2499317,0.068166,null,null,null,null,"TWOGAUSSIANS",8,3.898792,0.7236407,0.023260094,0.4,0.0,0.23419492,0.050373707,0.28308234,0.017936567,0.4,0.041297153,0.17547461,0.03355781
375316653866487564,4239869050347779328,0.5034139,1988.3585827088261,0.6289081249128516,9.0611475E-6,19.355007,0.0061627585,0.15046008,0.020864397,0.034844864,0.020758888,0.13509096,0.020250652,0.64420384,0.0012521885,0.026085598,8.501065E-4,0.83786255,0.029175142,null,null,null,null,"TWOGAUSSIANS",8,3.1421182,0.64420384,0.0012521885,0.14607936,0.0047605964,0.83786255,0.029175142,0.15046008,0.020864397,0.19513124,0.11624978,0.13509096,0.020250652
375316653866487564,4239869157734487552,0.6086274,1983.1567769241528,2.9218454636925757,2.7297413E-6,17.211561,0.010244519,0.16301112,0.0015568391,0.047393747,0.005110321,0.22237211,0.022785263,0.6562756,0.0014156392,0.05454661,0.003918201,0.2626825,0.019572828,0.09841173,0.012118674,0.16301112,0.0015568391,"TWOGAUSSIANS_WITH_ELLIPSOIDAL_ON_ECLIPSE1",9,7.1251993,0.6572856,0.0011085175,0.30546102,0.021941928,0.45920196,0.009979031,0.16301112,0.0015568391,0.26540497,0.0286178,0.4191912,0.015263489
375316653866487564,4239872043940045440,0.59801006,2005.4828478790823,2.4904849791636923,8.83299E-6,17.658022,0.011774975,0.24027006,0.0026414036,0.08522896,0.0035723879,0.41534457,0.013778423,0.7445675,0.0033422313,0.08149711,0.005835196,0.28138068,0.009591473,null,null,null,null,"TWOGAUSSIANS",8,5.770422,0.24027006,0.0026414036,0.4,0.0,0.40827766,0.012019672,0.7445675,0.0033422313,0.4,0.0,0.2743138,0.0086078225
375316653866487564,4239872795559419648,0.5798448,2005.644502506011,1.512376799716964,3.9601705E-6,17.384264,0.0041836738,0.16150384,0.0021146364,0.067861825,0.0033193398,0.27541035,0.005769323,0.6697788,0.0029759794,0.09023056,0.0058270106,0.12726344,0.0053761867,null,null,null,null,"TWOGAUSSIANS",8,2.6657133,0.16150384,0.0021146364,0.38002622,0.018588303,0.27344027,0.0059938994,0.6697788,0.0029759794,0.4,0.0,0.12529328,0.005234431
