Gaia/vari_eclipsing_binary/VariEclipsingBinary_676476-676499.csv
# %ECSV 1.0
# ---
# delimiter: ','
# meta: !!omap
# - RELEASE: Gaia DR3
# - TABLE: vari_eclipsing_binary
# - DESCRIPTION: >
#     This table describes the properties of the eclipsing binaries resulting from the variability analysis. 
# - CITATION: >
#     How to cite and acknowledge Gaia: 
#     https://gea.esac.esa.int/archive/documentation/credits.html 
# - KNOWN_ISSUES: >
#     Known issues: 
#     https://www.cosmos.esa.int/web/gaia-users/known-issues 
# - DOCUMENTATION: >
#     Tutorials and documentation: 
#     https://www.cosmos.esa.int/web/gaia-users/archive 
# datatype:
# - 
#   name: solution_id
#   datatype: int64
#   description: Solution Identifier
#   meta:
#     ucd: meta.version
# - 
#   name: source_id
#   datatype: int64
#   description: Unique source identifier
#   meta:
#     ucd: meta.id;meta.main
# - 
#   name: global_ranking
#   datatype: float32
#   description: Number between 0 (worst) and 1 (best)
#   meta:
#     ucd: stat.param
# - 
#   name: reference_time
#   datatype: float64
#   unit: d
#   description: Reference time used for the geometric model fit
#   meta:
#     ucd: time.epoch
# - 
#   name: frequency
#   datatype: float64
#   unit: d**-1
#   description: Frequency of geometric model of the eclipsing binary light curve
#   meta:
#     ucd: src.orbital
# - 
#   name: frequency_error
#   datatype: float32
#   unit: d**-1
#   description: "Uncertainty of \\texttt{frequency}"
#   meta:
#     ucd: stat.error
# - 
#   name: geom_model_reference_level
#   datatype: float32
#   unit: mag
#   description: Magnitude reference level of geometric model
#   meta:
#     ucd: phot.mag;em.opt
# - 
#   name: geom_model_reference_level_error
#   datatype: float32
#   unit: mag
#   description: "Uncertainty of \\texttt{geomModelReferenceLevel}"
#   meta:
#     ucd: stat.error;phot.mag;em.opt
# - 
#   name: geom_model_gaussian1_phase
#   datatype: float32
#   description: Phase of the Gaussian 1 component
#   meta:
#     ucd: time.phase
# - 
#   name: geom_model_gaussian1_phase_error
#   datatype: float32
#   description: "Uncertainty of \\texttt{geomModelGaussian1Phase}"
#   meta:
#     ucd: stat.error;time.phase
# - 
#   name: geom_model_gaussian1_sigma
#   datatype: float32
#   description: "Standard deviation [phase] of Gaussian 1 component"
#   meta:
#     ucd: stat.stdev
# - 
#   name: geom_model_gaussian1_sigma_error
#   datatype: float32
#   description: "Uncertainty of \\texttt{geomModelGaussian1Sigma}"
#   meta:
#     ucd: stat.error
# - 
#   name: geom_model_gaussian1_depth
#   datatype: float32
#   unit: mag
#   description: Magnitude depth of Gaussian 1 component
#   meta:
#     ucd: src.var.amplitude
# - 
#   name: geom_model_gaussian1_depth_error
#   datatype: float32
#   unit: mag
#   description: "Uncertainty of \\texttt{geomModelGaussian1Depth}"
#   meta:
#     ucd: stat.error;src.var.amplitude
# - 
#   name: geom_model_gaussian2_phase
#   datatype: float32
#   description: Phase of Gaussian 2 component
#   meta:
#     ucd: time.phase
# - 
#   name: geom_model_gaussian2_phase_error
#   datatype: float32
#   description: "Uncertainty of \\texttt{geomModelGaussian2Phase}"
#   meta:
#     ucd: stat.error;time.phase
# - 
#   name: geom_model_gaussian2_sigma
#   datatype: float32
[...]
#   datatype: float32
#   description: "Secondary eclipse: uncertainty of \\texttt{derivedSecondaryEclDuration}"
#   meta:
#     ucd: stat.error;time.duration
# - 
#   name: derived_secondary_ecl_depth
#   datatype: float32
#   unit: mag
#   description: "Secondary eclipse: depth"
#   meta:
#     ucd: src.var.amplitude
# - 
#   name: derived_secondary_ecl_depth_error
#   datatype: float32
#   unit: mag
#   description: "Secondary eclipse: uncertainty of \\texttt{derivedSecondaryEclDepth}"
#   meta:
#     ucd: stat.error;src.var.amplitude
solution_id,source_id,global_ranking,reference_time,frequency,frequency_error,geom_model_reference_level,geom_model_reference_level_error,geom_model_gaussian1_phase,geom_model_gaussian1_phase_error,geom_model_gaussian1_sigma,geom_model_gaussian1_sigma_error,geom_model_gaussian1_depth,geom_model_gaussian1_depth_error,geom_model_gaussian2_phase,geom_model_gaussian2_phase_error,geom_model_gaussian2_sigma,geom_model_gaussian2_sigma_error,geom_model_gaussian2_depth,geom_model_gaussian2_depth_error,geom_model_cosine_half_period_amplitude,geom_model_cosine_half_period_amplitude_error,geom_model_cosine_half_period_phase,geom_model_cosine_half_period_phase_error,model_type,num_model_parameters,reduced_chi2,derived_primary_ecl_phase,derived_primary_ecl_phase_error,derived_primary_ecl_duration,derived_primary_ecl_duration_error,derived_primary_ecl_depth,derived_primary_ecl_depth_error,derived_secondary_ecl_phase,derived_secondary_ecl_phase_error,derived_secondary_ecl_duration,derived_secondary_ecl_duration_error,derived_secondary_ecl_depth,derived_secondary_ecl_depth_error
[from data line 222]
375316653866487564,5950422174934002816,0.4680378,2239.1766439113694,2.1817282835805973,3.99858E-5,19.248922,0.15726784,0.23795463,0.010005962,0.10221792,0.028429896,0.32919717,0.14652576,0.7579287,0.017890926,0.10881424,0.08198843,0.15279359,0.14894575,null,null,null,null,"TWOGAUSSIANS",8,5.74055,0.23794463,0.009717212,0.4,0.0,0.3082781,0.04804775,0.75794876,0.017884305,0.4,0.0,0.13186993,0.028046729
375316653866487564,5950422999572169216,0.56483215,2227.5858090512716,2.625630199655652,2.2732711E-5,18.787914,0.012989965,0.30955026,0.013304824,0.06683718,0.012984565,0.5262539,0.027776906,0.81412625,0.0062873666,0.0517811,0.022334639,0.5706833,0.08519222,null,null,null,null,"TWOGAUSSIANS",8,8.349699,0.81412625,0.0062873666,0.28997415,0.12507398,0.5705561,0.085729904,0.30955026,0.013304824,0.3742882,0.07171872,0.5261267,0.027599463
375316653866487564,5950423377529508608,0.52466464,2177.802303992667,2.856803652862877,2.7175169E-5,19.273832,0.016049428,0.31537607,0.010719942,0.108114615,0.015570346,0.24154314,0.02982916,0.8010715,0.0029303487,0.08778731,0.00675505,0.25125983,0.016328115,null,null,null,null,"TWOGAUSSIANS",8,1.0373046,0.8010715,0.0029303487,0.4,0.0,0.23570725,0.01170999,0.31537607,0.010719942,0.4,0.0,0.22597767,0.03404293
375316653866487564,5950423789846720768,0.5569691,2249.347121548278,2.2557231797160715,9.620905E-6,19.153667,0.014909058,0.27195364,0.011021455,0.05114241,0.009103038,0.5348633,0.23662516,0.78010267,0.011751266,0.048388544,0.009844448,0.62764806,0.050606005,null,null,null,null,"TWOGAUSSIANS",8,4.634124,0.78010267,0.011751266,0.27097586,0.055128913,0.6276455,0.050612003,0.27195364,0.011021455,0.2863975,0.050977014,0.5348608,0.23663144
375316653866487564,5950424094785852416,0.47792748,2239.4096224476475,0.27346534125681304,6.495057E-5,18.751451,0.012121913,0.32750833,0.013170655,0.08906217,0.02073468,0.11288894,0.020465804,0.84123987,0.030857366,0.081627026,0.0385404,0.04799642,0.014509899,null,null,null,null,"TWOGAUSSIANS",8,1.3234206,0.32750833,0.013170655,0.4,0.0,0.11128712,0.02018598,0.84123987,0.030857366,0.4,0.11113795,0.046394635,0.013183244
375316653866487564,5950425095512365696,0.5069708,2199.522685391764,3.1233049642201443,1.8947001E-5,18.584763,0.30756497,0.32008907,0.0044887066,0.1446949,0.08269911,0.25923985,0.30356416,0.8223601,0.0063275853,0.10585755,0.03428331,0.23080108,0.23001285,null,null,null,null,"TWOGAUSSIANS",8,3.0305007,0.32008907,0.004420875,0.4,0.0,0.19395131,0.011394708,0.8224401,0.0070822295,0.4,0.0,0.16683152,0.01582936
375316653866487564,5950425366087998592,0.5402173,2190.550636693561,1.5103342893992895,1.9261468E-5,15.9460535,0.023231667,0.2929145,0.0038547716,0.09845341,0.008925956,0.49073032,0.028873116,0.76102203,0.0037208842,0.10123618,0.007121925,0.5142909,0.023903465,null,null,null,null,"TWOGAUSSIANS",8,160.56902,0.76102203,0.0037208842,0.4,0.0,0.48535392,0.018765628,0.2929245,0.0038498917,0.4,0.0,0.46179923,0.03590471
375316653866487564,5950425885790321664,0.5397362,2263.2610992300392,3.658832693679965,2.397332E-5,19.789333,0.043938797,0.33036673,0.0050737965,0.08791152,0.021354217,0.52169704,0.10656667,0.8253968,0.0038634744,0.0916326,0.011441286,0.44190812,0.045890223,null,null,null,null,"TWOGAUSSIANS",8,1.1026819,0.33036673,0.0050737965,0.4,0.0,0.5033508,0.1324116,0.8253968,0.0038634744,0.4,0.0,0.42356163,0.043071177
375316653866487564,5950426469935374464,0.5511011,2219.9619219162164,1.4861521421179957,2.130855E-5,18.248528,0.016813584,0.26690167,0.005876662,0.0995871,0.011552389,0.24993086,0.02326902,0.7578452,0.0056733117,0.10382658,0.008198921,0.2712673,0.017116478,null,null,null,null,"TWOGAUSSIANS",8,2.7253094,0.7578452,0.0056733117,0.4,0.0,0.24852057,0.009554119,0.26690167,0.005883461,0.4,0.0,0.22718771,0.025074894
375316653866487564,5950427466334555392,0.4965979,2175.276190003923,1.0256026969201104,8.258092E-5,18.617943,0.005914201,0.21754466,0.019330828,0.06828215,0.014595897,0.043283213,0.0089680385,0.91675663,3.3147637E-5,0.002668598,1.6939567E-4,0.55223453,0.022354852,null,null,null,null,"TWOGAUSSIANS",8,2.5806565,0.91675663,3.3147637E-5,0.014944148,9.486158E-4,0.55223715,0.022343794,0.21754466,0.019330828,0.38238007,0.060846455,0.043283213,0.0089680385
375316653866487564,5950427981763835136,0.4529188,2199.5033720480715,1.3107539058726778,4.445779E-5,17.797358,0.00802548,0.11324663,0.011871613,0.023264514,0.0134239495,0.05582304,0.111498185,0.5886441,0.025050033,0.12576863,0.028875396,0.12864676,0.010373221,null,null,null,null,"TWOGAUSSIANS",8,5.4266343,0.5886441,0.025050033,0.4,0.0,0.12828724,0.010508419,0.113266625,0.011890208,0.13028127,0.075174116,0.055586565,0.11166439
375316653866487564,5950428016090520960,0.4819398,2239.891189619251,3.0295565120682397,3.0054467E-5,19.683884,0.042189132,0.2825628,0.005627817,0.08859643,0.011797052,0.33036786,0.04176074,0.79955435,0.009296153,0.102185436,0.026179107,0.42163298,0.092483245,null,null,null,null,"TWOGAUSSIANS",8,2.7828224,0.79955435,0.009296153,0.4,0.0,0.4025347,0.114965536,0.2825528,0.005627411,0.4,0.0,0.31127656,0.02076332
375316653866487564,5950428252311016960,0.52522767,2220.0010239804474,2.4414017006448328,1.42779545E-5,18.012669,0.010795597,0.24906711,0.0020906385,0.084768556,0.0062314384,0.2737656,0.017454961,0.7532635,0.0025393164,0.07884494,0.008680103,0.35182577,0.064581126,null,null,null,null,"TWOGAUSSIANS",8,5.5170436,0.7532635,0.0025393164,0.4,0.0013098896,0.34648222,0.06683701,0.24906711,0.0020906385,0.4,0.0,0.268422,0.01830946
375316653866487564,5950428290968424960,0.57994086,2206.3766735549857,1.9648788309319607,6.667319E-6,18.262266,0.0075752023,0.21957944,0.0028314872,0.094654635,0.0068554548,0.15173115,0.006937719,0.7323954,0.012384107,0.079261675,0.0059720757,0.43503132,0.050497342,null,null,null,null,"TWOGAUSSIANS",8,1.1244357,0.7323954,0.012384107,0.4,0.0,0.4288592,0.050118096,0.21957944,0.0028314872,0.4,0.0,0.1455587,0.005581563
375316653866487564,5950428325332163200,0.44266152,2257.7406806360327,0.04517016931522089,1.330894E-4,18.822739,0.044460364,0.3087808,0.07495726,0.123552494,0.075419314,0.09254213,0.050974827,0.7560999,0.011684171,0.04565392,0.017199805,0.19616498,0.07387494,null,null,null,null,"TWOGAUSSIANS",8,6.3622518,0.7560999,0.011684171,0.25566193,0.096318915,0.19534895,0.07174049,0.3087808,0.07495726,0.4,0.042408425,0.09159009,0.039790243
375316653866487564,5950428531486812672,0.5122324,2207.708932766473,3.4715917485824073,2.553633E-5,17.407255,0.01585803,0.2322131,0.012445249,0.08391958,0.015847314,0.16157912,0.019521005,0.73235124,0.0034094707,0.1009164,0.010024866,0.19783807,0.014561489,null,null,null,null,"TWOGAUSSIANS",8,10.948656,0.73235124,0.0034094707,0.4,0.0,0.1885965,0.009601028,0.2322131,0.012445249,0.4,0.0,0.15233937,0.01646482
375316653866487564,5950428772038102400,0.5983373,2232.779047872168,0.4068501103344602,9.802536E-5,16.420675,0.0034363423,0.27673268,4.908515E-4,0.0062844246,0.0012508117,0.45506138,0.2995188,0.86095,0.036787074,0.032424804,0.024799243,0.73346233,258.9143,null,null,null,null,"TWOGAUSSIANS",8,26.394047,0.86095,0.036787074,0.1815789,0.13887575,0.73346233,258.9143,0.27673268,4.908515E-4,0.035192776,0.0070045455,0.45506138,0.2995188
375316653866487564,5950429145664284544,0.5168028,2219.3154471490543,3.187034242716952,9.2944305E-5,18.54706,0.0026621872,0.23945169,5.677797E-4,0.017492928,0.0014150831,0.034840662,0.0027491788,0.790157,0.0074862363,0.021031627,0.0044566453,0.2597619,0.099866636,null,null,null,null,"TWOGAUSSIANS",8,1.6901716,0.790157,0.0074862363,0.11777711,0.024957214,0.2597619,0.099866636,0.23945169,5.677797E-4,0.09796039,0.007924465,0.034840662,0.0027491788
375316653866487564,5950429562282772736,0.45811567,2235.988470981872,0.6458714270299153,1.2999428E-4,19.75131,0.36848572,0.26289093,0.015231493,0.19474308,0.14517838,0.32328346,0.35441744,0.8199853,0.07579952,0.07640884,0.050506264,0.3265798,0.20797546,null,null,null,null,"TWOGAUSSIANS",8,1.7477453,0.8239153,0.07277457,0.4,0.23812433,0.2855565,0.17785512,0.26289093,0.015231493,0.4,0.0,0.25211245,0.058595862
375316653866487564,5950429631031354112,0.45385444,2225.9783152835776,1.4220392679752032,7.739993E-5,18.62179,0.005272375,0.16715817,0.0047770194,0.020233002,0.005988603,0.022575025,0.006083524,0.5615245,0.0023072027,0.06854477,0.0041674813,0.43888226,0.02754105,null,null,null,null,"TWOGAUSSIANS",8,2.068777,0.5615245,0.0023072027,0.3838507,0.019311208,0.43888226,0.02754105,0.16715817,0.0047770194,0.11330481,0.033536177,0.022575052,0.0060836114
375316653866487564,5950430004657224832,0.57766765,2237.4324890423027,3.0114752748029052,1.3704876E-5,17.393349,0.009772782,0.23946545,0.0033890754,0.0818261,0.004786197,0.5673112,0.038748905,0.7288519,0.0038061794,0.072876774,0.0043029627,0.5083899,0.04013498,null,null,null,null,"TWOGAUSSIANS",8,19.152178,0.23946545,0.0033890754,0.4,0.0,0.5626749,0.03993454,0.7288519,0.0038061794,0.4,0.0,0.5037536,0.040663823
375316653866487564,5950430210815706624,0.50651187,2255.153062449822,0.7624332407730846,1.7885703E-5,17.928326,0.009171178,0.21148615,0.006017557,0.03015247,0.0063888244,0.3023009,0.024486998,null,null,null,null,null,null,0.055377837,0.014153263,0.21148615,0.006017557,"ONEGAUSSIAN_WITH_ELLIPSOIDAL",6,17.14598,0.21148615,0.006017557,0.16885383,0.035777416,0.41305655,0.024626613,null,null,null,null,null,null
375316653866487564,5950430210815740544,0.582493,2233.7919655630594,0.8462442289720363,8.873562E-6,18.59826,0.0045713666,0.30727455,5.6100864E-4,0.030619418,0.0011707493,0.507461,0.010874032,0.8028249,0.0032211724,0.034081057,0.0030224244,0.27363554,0.008953215,null,null,null,null,"TWOGAUSSIANS",8,2.2169201,0.30727455,5.6100864E-4,0.17146875,0.006556196,0.507461,0.010874032,0.8028249,0.0032211724,0.19085392,0.016925577,0.27363554,0.008953215
375316653866487564,5950430661823563008,0.58329827,2239.3199548689095,3.984578985168316,5.2719993E-6,19.394266,0.012901827,0.2880265,0.0044661025,0.08526948,0.0048757466,0.47862408,0.019509966,0.80260026,0.0040011886,0.07255133,0.003589681,0.66768914,0.022441644,null,null,null,null,"TWOGAUSSIANS",8,1.6190257,0.80260026,0.0040011886,0.4,0.003242313,0.66224086,0.021085557,0.2880265,0.0044661025,0.4,0.0,0.47317576,0.019066555
375316653866487564,5950430691848039808,0.5843135,2254.871755494113,2.3656082482051537,1.8757273E-5,15.712266,0.012651674,0.30420306,0.0036419844,0.06298168,0.02918221,0.04619315,0.030828841,0.79626447,0.007533357,0.03623798,0.03173247,0.056295246,0.028418371,0.09569209,0.017916102,0.30420306,0.0036419844,"TWOGAUSSIANS_WITH_ELLIPSOIDAL_ON_ECLIPSE1",9,26.910093,0.7983345,0.0065669226,0.2029327,0.17770183,0.24731006,0.024592098,0.30420306,0.0036419844,0.35269743,0.15992625,0.23755983,0.015033619
375316653866487564,5950431069809491584,0.55663514,2227.8337211321777,2.3587258186965117,2.4369743E-5,17.890757,0.015755922,0.24277917,0.003825488,0.086843476,0.0074598948,0.29135275,0.016588662,0.7616981,0.013300531,0.10488705,0.021130059,0.19844677,0.016623996,null,null,null,null,"TWOGAUSSIANS",8,6.210979,0.24277917,0.0038261504,0.4,0.0,0.27936718,0.0122496,0.7616981,0.013300531,0.4,0.0,0.18645494,0.017359838
375316653866487564,5950432031882457088,0.5752061,2227.916328317614,3.6789342098206905,7.487338E-6,18.257935,0.019183498,0.26073262,0.0019538286,0.07146659,0.003369284,0.46875876,0.024429625,0.7504915,0.0027503585,0.07125717,0.0045833862,0.53181136,0.019399619,null,null,null,null,"TWOGAUSSIANS",8,10.638413,0.7504915,0.0027503585,0.39904013,0.013401127,0.53013635,0.0186885,0.26073262,0.0019538286,0.4,0.010912453,0.46708375,0.02363735
375316653866487564,5950432478554838784,0.62182075,2247.3637114900166,2.2730647769344174,7.0344336E-6,15.908073,0.024371432,0.29570183,0.0018524935,0.0663324,0.011217121,0.12335343,0.054124624,0.79941523,0.0033410776,0.06158643,0.013321704,0.15193431,0.05130959,0.0772574,0.029482648,0.29570183,0.0018524935,"TWOGAUSSIANS_WITH_ELLIPSOIDAL_ON_ECLIPSE1",9,14.206156,0.79941523,0.0033410776,0.344884,0.074601546,0.30623138,0.009572358,0.29570183,0.0018524935,0.37146145,0.06281588,0.2777346,0.007941381
375316653866487564,5950432654688446080,0.50661176,2242.6254138928953,2.7103804490193686,1.25321285E-5,15.820803,0.21805955,0.21954754,0.009864491,0.23471124,0.11604204,0.30487442,0.21272554,0.7190668,0.0022908514,0.15204602,0.03972482,0.24749643,0.15517561,null,null,null,null,"TWOGAUSSIANS",8,7.9476967,0.7190668,0.0024205819,0.4,0.0,0.072529785,0.0036286875,0.21964754,0.010010097,0.4,0.0,0.0691422,0.004714792
375316653866487564,5950433273176143104,0.42878172,2225.4597299045317,2.1050515539594445,1.613073E-4,19.589,0.03058012,0.32885742,0.011445733,0.058123622,0.017794814,0.9126527,0.19129157,0.7286261,0.04235062,0.0440247,0.031891976,0.37680623,841.81146,null,null,null,null,"TWOGAUSSIANS",8,27.85041,0.32885742,0.011445733,0.32549226,0.099650964,0.9126526,0.19129224,0.7286261,0.04235062,0.24653831,0.17859505,0.3768062,841.81146
375316653866487564,5950433513681937280,0.50665873,2230.259549691791,3.0344961446094842,2.0491605E-5,18.301596,0.002822094,0.2621396,0.004075257,0.063576125,0.05604727,0.022185735,0.01632992,null,null,null,null,null,null,0.06813173,0.003678352,0.2621396,0.004075257,"ONEGAUSSIAN_WITH_ELLIPSOIDAL",6,4.0026026,0.2621396,0.004075257,0.35602632,0.30442536,0.15843944,0.017257346,null,null,null,null,null,null
375316653866487564,5950433925964553088,0.49680254,2248.3348179017066,2.993758361721219,6.491047E-5,19.386045,0.030708453,0.31283447,0.0070681763,0.088151544,0.012846013,0.40455315,0.030212665,0.80165756,0.00905163,0.08565282,0.011732951,0.36238465,0.03591815,null,null,null,null,"TWOGAUSSIANS",8,3.405716,0.31283447,0.0070681763,0.4,0.0,0.3944137,0.024779746,0.80165756,0.00905163,0.4,0.0,0.3522453,0.03207796
375316653866487564,5950435021178468608,0.5739531,2253.0518937575666,1.2273194707574815,1.2138615E-5,19.191841,0.0051937276,0.294712,0.0033173338,0.040372662,0.003282455,0.5252017,0.032176875,0.7959173,0.00518189,0.03502033,0.008983509,0.1796475,0.15436934,null,null,null,null,"TWOGAUSSIANS",8,1.4424136,0.294712,0.0033173338,0.2260869,0.018381748,0.5252017,0.032176875,0.7959173,0.00518189,0.19611384,0.050307646,0.1796475,0.15436934
375316653866487564,5950435227359700864,0.4797404,2272.576414748429,0.2390246022026161,2.9688357E-5,19.582136,0.009646167,0.2624264,0.009745063,0.016652055,0.007942746,0.40528342,0.27548057,0.80261177,0.012913579,0.032081418,0.075863235,0.05134178,0.016929422,null,null,null,null,"TWOGAUSSIANS",8,1.8566015,0.2624264,0.009745063,0.09325151,0.044479378,0.40528342,0.27548033,0.80261177,0.012913579,0.17965595,0.21695694,0.05134178,0.016936263
375316653866487564,5950435265994518144,0.47585127,2255.094590539178,3.2884258509825073,2.562734E-5,18.96852,0.06764084,0.2540479,0.009489484,0.11654831,0.047103845,0.1821512,0.057800647,0.73175246,0.007848788,0.1161598,0.046681076,0.14872499,0.06027722,null,null,null,null,"TWOGAUSSIANS",8,1.4452912,0.2541179,0.009529185,0.4,0.0,0.1556971,0.012843851,0.73175246,0.007848788,0.4,0.0,0.122282095,0.013975005
375316653866487564,5950435540906926976,0.65653247,2265.705844453216,2.3281727506433256,7.838161E-6,15.153299,0.0058974475,0.19949833,0.0033489142,0.083204605,0.0042093964,0.18185376,0.006560228,0.693373,0.004369848,0.08869676,0.005356619,0.35979086,0.006297099,null,null,null,null,"TWOGAUSSIANS",8,16.48637,0.693373,0.004369848,0.4,0.0,0.353056,0.0077197454,0.19949833,0.0033489142,0.4,0.0,0.17511898,0.0049019326
