Gaia/vari_eclipsing_binary/VariEclipsingBinary_465181-465194.csv
# %ECSV 1.0
# ---
# delimiter: ','
# meta: !!omap
# - RELEASE: Gaia DR3
# - TABLE: vari_eclipsing_binary
# - DESCRIPTION: >
#     This table describes the properties of the eclipsing binaries resulting from the variability analysis. 
# - CITATION: >
#     How to cite and acknowledge Gaia: 
#     https://gea.esac.esa.int/archive/documentation/credits.html 
# - KNOWN_ISSUES: >
#     Known issues: 
#     https://www.cosmos.esa.int/web/gaia-users/known-issues 
# - DOCUMENTATION: >
#     Tutorials and documentation: 
#     https://www.cosmos.esa.int/web/gaia-users/archive 
# datatype:
# - 
#   name: solution_id
#   datatype: int64
#   description: Solution Identifier
#   meta:
#     ucd: meta.version
# - 
#   name: source_id
#   datatype: int64
#   description: Unique source identifier
#   meta:
#     ucd: meta.id;meta.main
# - 
#   name: global_ranking
#   datatype: float32
#   description: Number between 0 (worst) and 1 (best)
#   meta:
#     ucd: stat.param
# - 
#   name: reference_time
#   datatype: float64
#   unit: d
#   description: Reference time used for the geometric model fit
#   meta:
#     ucd: time.epoch
# - 
#   name: frequency
#   datatype: float64
#   unit: d**-1
#   description: Frequency of geometric model of the eclipsing binary light curve
#   meta:
#     ucd: src.orbital
# - 
#   name: frequency_error
#   datatype: float32
#   unit: d**-1
#   description: "Uncertainty of \\texttt{frequency}"
#   meta:
#     ucd: stat.error
# - 
#   name: geom_model_reference_level
#   datatype: float32
#   unit: mag
#   description: Magnitude reference level of geometric model
#   meta:
#     ucd: phot.mag;em.opt
# - 
#   name: geom_model_reference_level_error
#   datatype: float32
#   unit: mag
#   description: "Uncertainty of \\texttt{geomModelReferenceLevel}"
#   meta:
#     ucd: stat.error;phot.mag;em.opt
# - 
#   name: geom_model_gaussian1_phase
#   datatype: float32
#   description: Phase of the Gaussian 1 component
#   meta:
#     ucd: time.phase
# - 
#   name: geom_model_gaussian1_phase_error
#   datatype: float32
#   description: "Uncertainty of \\texttt{geomModelGaussian1Phase}"
#   meta:
#     ucd: stat.error;time.phase
# - 
#   name: geom_model_gaussian1_sigma
#   datatype: float32
#   description: "Standard deviation [phase] of Gaussian 1 component"
#   meta:
#     ucd: stat.stdev
# - 
#   name: geom_model_gaussian1_sigma_error
#   datatype: float32
#   description: "Uncertainty of \\texttt{geomModelGaussian1Sigma}"
#   meta:
#     ucd: stat.error
# - 
#   name: geom_model_gaussian1_depth
#   datatype: float32
#   unit: mag
#   description: Magnitude depth of Gaussian 1 component
#   meta:
#     ucd: src.var.amplitude
# - 
#   name: geom_model_gaussian1_depth_error
#   datatype: float32
#   unit: mag
#   description: "Uncertainty of \\texttt{geomModelGaussian1Depth}"
#   meta:
#     ucd: stat.error;src.var.amplitude
# - 
#   name: geom_model_gaussian2_phase
#   datatype: float32
#   description: Phase of Gaussian 2 component
#   meta:
#     ucd: time.phase
# - 
#   name: geom_model_gaussian2_phase_error
#   datatype: float32
#   description: "Uncertainty of \\texttt{geomModelGaussian2Phase}"
#   meta:
#     ucd: stat.error;time.phase
# - 
#   name: geom_model_gaussian2_sigma
#   datatype: float32
[...]
#   datatype: float32
#   description: "Secondary eclipse: uncertainty of \\texttt{derivedSecondaryEclDuration}"
#   meta:
#     ucd: stat.error;time.duration
# - 
#   name: derived_secondary_ecl_depth
#   datatype: float32
#   unit: mag
#   description: "Secondary eclipse: depth"
#   meta:
#     ucd: src.var.amplitude
# - 
#   name: derived_secondary_ecl_depth_error
#   datatype: float32
#   unit: mag
#   description: "Secondary eclipse: uncertainty of \\texttt{derivedSecondaryEclDepth}"
#   meta:
#     ucd: stat.error;src.var.amplitude
solution_id,source_id,global_ranking,reference_time,frequency,frequency_error,geom_model_reference_level,geom_model_reference_level_error,geom_model_gaussian1_phase,geom_model_gaussian1_phase_error,geom_model_gaussian1_sigma,geom_model_gaussian1_sigma_error,geom_model_gaussian1_depth,geom_model_gaussian1_depth_error,geom_model_gaussian2_phase,geom_model_gaussian2_phase_error,geom_model_gaussian2_sigma,geom_model_gaussian2_sigma_error,geom_model_gaussian2_depth,geom_model_gaussian2_depth_error,geom_model_cosine_half_period_amplitude,geom_model_cosine_half_period_amplitude_error,geom_model_cosine_half_period_phase,geom_model_cosine_half_period_phase_error,model_type,num_model_parameters,reduced_chi2,derived_primary_ecl_phase,derived_primary_ecl_phase_error,derived_primary_ecl_duration,derived_primary_ecl_duration_error,derived_primary_ecl_depth,derived_primary_ecl_depth_error,derived_secondary_ecl_phase,derived_secondary_ecl_phase_error,derived_secondary_ecl_duration,derived_secondary_ecl_duration_error,derived_secondary_ecl_depth,derived_secondary_ecl_depth_error
[from data line 38]
375316653866487564,4091781945239531520,0.48339233,2192.089845398616,2.2216625255113236,2.908179E-5,17.942543,0.070545964,0.3015789,0.022147328,0.074878655,0.016372064,0.68247724,0.27993584,0.7857649,0.026881378,0.08860352,0.04022951,0.34864825,0.07992779,null,null,null,null,"TWOGAUSSIANS",8,45.53189,0.3015789,0.022131529,0.4,0.018500557,0.676027,0.2830382,0.7857649,0.026881378,0.4,0.0,0.34219787,0.058987007
375316653866487564,4091782220150366848,0.48754987,2189.2099515967675,2.787841498098383,2.9173845E-5,18.447695,0.059169006,0.17482746,0.006657474,0.08134483,0.009214522,0.27625075,0.034410503,0.6433077,0.031432886,0.19865264,0.11450875,0.0899987,0.054379676,null,null,null,null,"TWOGAUSSIANS",8,3.347598,0.17562746,0.0056606177,0.4,0.0,0.2507569,0.004933788,0.6433077,0.031432886,0.4,0.0,0.056403305,0.027826628
375316653866487564,4091782293212134144,0.52862936,2181.5652627364148,0.5650842816082297,3.84582E-5,19.744698,0.06544023,0.34033266,0.012943685,0.12884758,0.023012666,0.61075336,0.096589334,0.88027614,0.07481794,0.043394107,0.039185774,0.3229914,0.33792388,null,null,null,null,"TWOGAUSSIANS",8,4.3731,0.34033266,0.012943685,0.4,0.0,0.604035,0.09741713,0.8804261,0.07477875,0.24300699,0.21944033,0.31741005,0.3219003
375316653866487564,4091782357557165312,0.5754504,2256.9767296850173,3.2290020325221356,1.5182685E-5,17.391632,0.011793027,0.23669544,0.0020011673,0.042130917,0.0038611707,0.3194239,0.04014554,0.743231,0.006591038,0.056456637,0.0106073255,0.38598603,0.10675959,0.08229804,0.020575812,0.23669544,0.0020011673,"TWOGAUSSIANS_WITH_ELLIPSOIDAL_ON_ECLIPSE1",9,17.824179,0.743231,0.006591038,0.31615716,0.05940102,0.55029196,0.10298066,0.23669544,0.0020011673,0.23593314,0.021622555,0.48400724,0.031264517
375316653866487564,4091782602429196544,0.4803828,2197.4003011789173,0.24072416288394907,2.3417118E-5,19.353449,0.015570675,0.37711746,5.996744E-4,0.01599858,0.0020156475,0.16621004,0.014687164,0.7619123,0.0097930785,0.13028608,0.018218407,0.2495268,0.03056236,null,null,null,null,"TWOGAUSSIANS",8,2.392149,0.7619123,0.0097930785,0.4,0.0,0.24921055,0.031185795,0.37722746,5.9242686E-4,0.08959204,0.011287626,0.16908526,0.016422125
375316653866487564,4091782808587885056,0.5497002,2212.9575934061277,2.777824387866512,1.6005532E-5,19.198439,0.033848803,0.2567716,0.018543499,0.08479811,0.01778231,0.31765112,0.047896683,0.75825375,0.005678458,0.09041283,0.012248239,0.38369638,0.031035574,null,null,null,null,"TWOGAUSSIANS",8,2.6261508,0.75825375,0.005678458,0.4,0.0,0.372052,0.02151598,0.2567716,0.018543499,0.4,0.0,0.3060069,0.032211337
375316653866487564,4091782808608189952,0.5900888,2179.1655292493847,1.365862307198443,6.923731E-6,18.358805,0.0067385244,0.7011222,0.0012780142,0.03691071,0.0012873927,0.5289549,0.021505276,null,null,null,null,null,null,0.0504342,0.009765086,0.7011222,0.0012780142,"ONEGAUSSIAN_WITH_ELLIPSOIDAL",6,6.2626014,0.7011222,0.0012780142,0.20669998,0.0072093992,0.62982315,0.019503444,null,null,null,null,null,null
375316653866487564,4091782946047139584,0.49110195,2207.6090108038156,0.44462802296203935,6.743238E-5,19.22903,0.00978588,0.77822715,0.0111749135,0.073052235,0.021195551,0.117430605,0.017301455,0.49302045,0.037794475,0.10084244,0.04779166,0.10782221,0.019893255,null,null,null,null,"TWOGAUSSIANS",8,1.7295662,0.77553713,0.0136717465,0.4,0.0613636,0.11943373,0.011435863,0.49331042,0.03877014,0.4,0.056037124,0.10783296,0.020188127
375316653866487564,4091783289625073152,0.6298743,2286.942320537034,0.009334607810684832,1.0343344E-6,19.159966,0.0036484213,0.26006898,3.773252E-5,0.03464232,2.7157622E-4,0.34019825,0.0035976141,0.71751773,1.8889287E-4,0.014274957,5.4521713E-4,0.48005208,0.009823137,null,null,null,null,"TWOGAUSSIANS",8,1.1835144,0.71751773,1.8889287E-4,0.07993976,0.003053216,0.48005208,0.009823137,0.26006898,3.773252E-5,0.193997,0.001520827,0.34019825,0.0035976141
375316653866487564,4091783353989040256,0.5729991,2210.783129390411,2.1142579963160824,1.46479315E-5,15.484054,0.0059309946,0.258545,0.0040877587,0.044745874,0.01136337,0.034242183,0.012572876,0.77810156,0.006053435,0.03342489,0.0065840823,0.06969375,0.009196231,0.101848446,0.00534644,0.258545,0.0040877587,"TWOGAUSSIANS_WITH_ELLIPSOIDAL_ON_ECLIPSE1",9,57.66253,0.77810156,0.006053435,0.18717939,0.03687086,0.2703305,0.008946786,0.258545,0.0040877587,0.2505769,0.06363487,0.23793906,0.010130028
375316653866487564,4091783392723931520,0.47612932,2224.055430078558,0.27510286542111634,9.731391E-5,18.188362,0.026274847,0.3095206,0.028115544,0.07353452,0.020819884,0.057239622,0.019519264,0.65116787,0.05714367,0.08964095,0.08940953,0.118462056,0.037354827,null,null,null,null,"TWOGAUSSIANS",8,4.2552032,0.65116787,0.05714367,0.4,0.0,0.11841375,0.035666402,0.3098606,0.01927519,0.4,0.029158296,0.05727378,0.015629528
375316653866487564,4091783495803075328,0.49453446,2187.4202176259905,0.2382554661780354,4.8160746E-5,19.20871,0.05363765,0.33536416,0.008614713,0.107531376,0.02141668,0.31778646,0.05244264,0.8061245,0.019317824,0.05901731,0.01964431,0.4624517,0.12694928,null,null,null,null,"TWOGAUSSIANS",8,3.8435826,0.8061245,0.019317824,0.33049694,0.095461205,0.45806426,0.10903385,0.33536416,0.008614713,0.4,0.0,0.31337538,0.03381622
375316653866487564,4091783564503341568,0.6162658,2224.2858945271714,2.3961299007326975,3.6112094E-6,17.712576,0.009364881,0.24718043,0.003411813,0.08205637,0.004304711,0.4588546,0.017946873,0.73631126,0.00397828,0.08054236,0.0050221747,0.44568092,0.016089467,null,null,null,null,"TWOGAUSSIANS",8,4.555103,0.24718043,0.003411813,0.4,0.0,0.45235544,0.018181369,0.73631126,0.00397828,0.4,0.0,0.4391818,0.016120162
375316653866487564,4091783770660966656,0.5391105,2137.8689237158023,3.415497330341275,5.5101136E-6,18.597294,0.010802014,0.20996884,0.0071357363,0.048412465,0.012596165,0.20725965,0.020719945,0.71800596,0.0024360043,0.055284925,0.010163154,0.23444167,0.036700197,null,null,null,null,"TWOGAUSSIANS",8,3.0780566,0.71800596,0.0024360043,0.30959558,0.056913666,0.23443896,0.036716226,0.20996884,0.0071357363,0.2711098,0.07053853,0.20725694,0.020721886
375316653866487564,4091784178620967936,0.53082305,2301.686707773911,2.4885595592922054,1.4353861E-5,17.14447,0.0031614099,null,null,null,null,null,null,null,null,null,null,null,null,0.07031645,0.0046219043,0.24833557,0.003972057,"ELLIPSOIDAL",4,5.6125255,null,null,null,null,null,null,null,null,null,null,null,null
375316653866487564,4091784247369549312,0.46676937,2263.982749084371,0.4682924850930789,4.188515E-5,19.069824,0.06924446,0.121293426,0.061022904,0.105883606,0.056659024,0.11723291,0.07087656,0.49771583,0.014451287,0.13953106,0.062281407,0.16729535,0.059417814,null,null,null,null,"TWOGAUSSIANS",8,2.1306098,0.49771583,0.014451287,0.4,0.0,0.1562361,0.05072139,0.13081343,0.049276497,0.4,0.09221403,0.110767856,0.0789808
375316653866487564,4091784419168236928,0.6422058,2244.4049657739934,2.0531149390557712,7.5704993E-6,18.089952,0.0075173695,0.23879257,0.0047176657,0.1081236,0.008039872,0.15166399,0.00708507,0.73377776,0.0024073953,0.078422,0.003308725,0.32678422,0.009511422,null,null,null,null,"TWOGAUSSIANS",8,0.4242884,0.73377776,0.0024073953,0.4,0.0,0.31642884,0.008770745,0.23879257,0.0047176657,0.4,0.0,0.14130156,0.0040752036
375316653866487564,4091784423492436224,0.52809095,2261.3674419352205,3.1918597841739427,2.7527423E-5,19.19889,0.02248438,0.21010283,0.005815492,0.07098767,0.01511094,0.2619674,0.019270843,0.71271616,0.0075528966,0.08322395,0.00838762,0.43907595,0.024158534,null,null,null,null,"TWOGAUSSIANS",8,3.6149833,0.71271616,0.0075528966,0.4,0.0,0.435675,0.019912086,0.21010283,0.005815492,0.39753094,0.055990633,0.25856644,0.019012917
375316653866487564,4091784423492437760,0.5161404,2233.213571907059,2.514177127982607,3.0384808E-5,18.25916,0.020277139,0.17641036,0.0042245095,0.09940544,0.007614663,0.36649328,0.020987673,0.69180256,0.004680544,0.077209815,0.019016435,0.41169235,0.07038826,null,null,null,null,"TWOGAUSSIANS",8,6.304141,0.69180256,0.004680544,0.4,0.006258525,0.4008904,0.08211828,0.17641036,0.0042245095,0.4,0.0,0.35568824,0.01598436
375316653866487564,4091784423516587776,0.5865313,2264.581880679719,1.7533454291394495,1.7047982E-5,14.519929,0.023254517,0.20869733,0.009590159,0.10024102,0.023991922,0.18406671,0.018299734,0.7044492,0.003954587,0.09415373,0.010277436,0.2275702,0.021091156,null,null,null,null,"TWOGAUSSIANS",8,64.45173,0.7044492,0.003954587,0.4,0.0,0.21349068,0.009422037,0.20869733,0.009590159,0.4,0.0,0.16998605,0.025651775
375316653866487564,4091784629675022208,0.48561203,2313.1849466215904,0.22200600214339714,3.993657E-5,17.471682,0.006735696,0.25918913,0.013191036,0.012688013,0.012302665,0.1578755,1.5702647,null,null,null,null,null,null,0.05085738,0.010204684,0.25918913,0.013191036,"ONEGAUSSIAN_WITH_ELLIPSOIDAL",6,17.773598,0.25918913,0.013191036,0.07105287,0.06889492,0.25959012,1.5703593,null,null,null,null,null,null
375316653866487564,4091784767089743872,0.5529328,2256.40964279467,0.20407200228744107,4.8589918E-5,19.504297,0.014481362,0.2938979,0.006947283,0.07654987,0.011964129,0.2997864,0.049923398,0.8291483,0.026518242,0.06593174,0.018819137,0.24660224,0.058302682,null,null,null,null,"TWOGAUSSIANS",8,1.3244085,0.2938979,0.006947283,0.4,0.027280066,0.2993154,0.049654875,0.8291483,0.026518242,0.36921772,0.050800648,0.24613124,0.05560208
375316653866487564,4091785282485974784,0.58263505,2257.8165908956425,2.471269068705885,1.4293311E-5,19.161102,0.021130037,0.20968005,0.0029959127,0.08528214,0.006547476,0.55533993,0.019287681,0.7276297,0.008804143,0.07820002,0.012136741,0.4480163,0.06353045,null,null,null,null,"TWOGAUSSIANS",8,2.111935,0.20968005,0.0029959127,0.4,0.0,0.5487204,0.016133836,0.7276297,0.008804143,0.4,0.0,0.44139686,0.06755776
375316653866487564,4091785385565195520,0.55443823,2233.3977091081815,1.5534886594876995,5.5444776E-5,19.047287,0.012668454,0.51036584,0.07975751,0.09378759,0.06907785,0.084836766,0.016706236,0.7247128,0.018764907,0.051530585,0.0115562705,0.45135453,0.07304462,null,null,null,null,"TWOGAUSSIANS",8,2.8344333,0.7247128,0.018764907,0.28857127,0.06471512,0.45758256,0.06702813,0.51106584,0.082375504,0.4,0.003766376,0.08491778,0.016347624
375316653866487564,4091785385565198464,0.47952285,2239.0581892913638,0.7641879685681545,6.957126E-5,18.798592,0.014040078,0.19398396,0.08641534,0.10431383,0.07459111,0.11060172,0.06540609,0.64211214,0.009576434,0.03395181,0.012285419,0.122343615,0.026471583,null,null,null,null,"TWOGAUSSIANS",8,1.8593619,0.64211214,0.009576434,0.19013014,0.06879835,0.12228644,0.026891187,0.19398396,0.08641534,0.4,0.115273364,0.11053358,0.065452665
375316653866487564,4091785385565218176,0.5346861,2234.5838793208427,3.864461152153989,1.9012354E-5,19.017897,0.030516712,0.2852214,0.0038523993,0.09666508,0.010905549,0.31621715,0.027942538,0.79604053,0.0045984024,0.08672004,0.009742395,0.4523988,0.031078659,null,null,null,null,"TWOGAUSSIANS",8,2.3246558,0.79604053,0.0045984024,0.4,0.0,0.4370061,0.027499836,0.2852214,0.0038523993,0.4,0.0,0.30082336,0.019332794
375316653866487564,4091785690449774592,0.5950006,2271.167401384933,1.333202985477043,1.0646253E-5,16.57575,0.0033210644,0.20132549,0.0057992,0.049613856,0.003329407,0.40829238,0.01234389,0.6974113,0.013249557,0.047313724,0.013323743,0.17363138,0.04632628,null,null,null,null,"TWOGAUSSIANS",8,13.88311,0.20132549,0.0057992,0.2778376,0.01864468,0.40829167,0.012343401,0.6974113,0.013249557,0.26495686,0.07461296,0.17363065,0.04632884
375316653866487564,4091786107132021888,0.48677456,2292.3075540423256,2.812686297490459,1.968637E-5,19.20658,0.067791335,0.13317493,0.007899376,0.091000795,0.024001127,0.45252717,0.067745194,0.63931084,0.0030655127,0.07865838,0.024832884,0.55503595,0.23713446,null,null,null,null,"TWOGAUSSIANS",8,5.026883,0.63931084,0.0030655127,0.4,0.04475911,0.5434681,0.25500003,0.13317493,0.007899376,0.4,0.0,0.44095907,0.07909057
375316653866487564,4091786210223412608,0.5217194,2269.810914249264,4.355507002076934,2.3169603E-5,18.825497,0.012872723,0.24615677,0.0025366165,0.03729131,0.002416753,0.5015185,0.018766716,0.6006868,0.013912359,0.058977686,0.012151923,0.082468435,0.028766485,null,null,null,null,"TWOGAUSSIANS",8,9.4035,0.24615677,0.0025366165,0.20883134,0.013533818,0.5015185,0.018766725,0.6006868,0.013912359,0.33027506,0.06805077,0.082468435,0.028766485
375316653866487564,4091786382007573376,0.57787466,2297.352039092924,3.21342364120232,4.2700278E-5,18.906017,0.01481065,0.21635446,0.00785486,0.059645336,0.0072441148,0.6763816,0.07905935,0.7713395,0.13265224,0.08462375,0.06701757,0.6703504,670.2833,null,null,null,null,"TWOGAUSSIANS",8,5.2615147,0.21635446,0.00785486,0.33401388,0.040567044,0.6755722,0.07913867,0.7713395,0.13265224,0.4,0.28146574,0.6695404,670.28406
375316653866487564,4091786858682053248,0.48014456,2258.0950593528974,0.8307131020333786,8.9986046E-5,18.406422,0.20740423,0.3058364,0.00820687,0.1531115,0.098881036,0.23792453,0.19400108,0.78959334,0.004366183,0.062917545,0.011669588,0.41834635,0.10435702,null,null,null,null,"TWOGAUSSIANS",8,9.0948105,0.78959334,0.004366183,0.35233825,0.06534969,0.39242932,0.04361935,0.3058364,0.00820687,0.4,0.0,0.20958143,0.032261577
375316653866487564,4091787133560065024,0.53758985,2288.084225437523,3.3351489761936457,5.7712183E-5,17.62854,0.017108267,0.23324184,0.016078858,0.06613994,0.012957819,0.33591452,0.05627725,0.7199481,0.0049251406,0.08301338,0.011047413,0.39282337,0.07098683,null,null,null,null,"TWOGAUSSIANS",8,12.024546,0.7199481,0.0049251406,0.4,0.0,0.39087084,0.073027715,0.23324184,0.016078858,0.37038365,0.06045992,0.33396202,0.05375258
375316653866487564,4091787137916617728,0.5035054,2304.041861403137,2.9610888524296737,3.3955275E-5,18.851036,0.19269432,0.19833219,0.009851336,0.10437475,0.06984618,0.24362884,0.17608221,0.673973,0.00867164,0.08882303,0.03137664,0.2683752,0.17832227,null,null,null,null,"TWOGAUSSIANS",8,3.2368035,0.673973,0.00867164,0.4,0.0,0.25563264,0.05342997,0.19833219,0.009774066,0.4,0.0,0.23087813,0.02787138
375316653866487564,4091787442831070080,0.47904396,2215.944444719698,2.276185117814468,6.520345E-5,18.75852,0.011000291,0.23172781,0.02332997,0.07983051,0.0160761,0.15861969,0.05501586,0.76543844,0.009351956,0.054399643,0.012553502,0.20061779,0.067255646,null,null,null,null,"TWOGAUSSIANS",8,3.612606,0.76543844,0.009351956,0.304638,0.07029961,0.20049171,0.06738694,0.23172781,0.02332997,0.4,0.020554306,0.15849361,0.055180844
375316653866487564,4091787550239094784,0.5231258,2220.525616259551,0.4506770438917996,4.45701E-5,19.794174,0.035851702,0.36854392,0.07140072,0.1098257,0.052320782,0.36888537,0.087937295,0.61996603,0.045900755,0.09556448,0.06104223,0.31112525,0.11211615,null,null,null,null,"TWOGAUSSIANS",8,3.491635,0.38004392,0.18944828,0.4,0.0,0.3792937,0.04423648,0.61996603,0.045900755,0.4,0.18244247,0.33708295,0.077390894
375316653866487564,4091787580236535936,0.5520839,2297.0651597079814,0.5538324716422997,2.2215811E-4,16.42334,0.0024031752,0.20968789,0.026470974,0.04153081,0.012589415,0.17269215,0.050784107,0.7141262,0.055119667,0.065142974,0.04826343,0.0179971,0.009358818,null,null,null,null,"TWOGAUSSIANS",8,6.8458805,0.20968789,0.026470974,0.23257254,0.07050072,0.17269102,0.050733924,0.7141262,0.055119667,0.36480066,0.1229845,0.017995965,0.009394197
375316653866487564,4091787928196416640,0.54473656,2330.788110600961,2.7544593975328113,2.7284934E-5,19.77085,0.020297041,0.32127228,0.009400844,0.0743182,0.010344348,0.455202,0.06520737,0.8437532,0.08809123,0.07360429,0.032022405,0.26917282,0.17134684,null,null,null,null,"TWOGAUSSIANS",8,1.5344645,0.32127228,0.009399084,0.4,0.028500982,0.4538364,0.06610785,0.8437532,0.0881002,0.4,0.013643735,0.26780722,0.17107224
