Gaia/vari_eclipsing_binary/VariEclipsingBinary_409898-411611.csv
# %ECSV 1.0
# ---
# delimiter: ','
# meta: !!omap
# - RELEASE: Gaia DR3
# - TABLE: vari_eclipsing_binary
# - DESCRIPTION: >
#     This table describes the properties of the eclipsing binaries resulting from the variability analysis. 
# - CITATION: >
#     How to cite and acknowledge Gaia: 
#     https://gea.esac.esa.int/archive/documentation/credits.html 
# - KNOWN_ISSUES: >
#     Known issues: 
#     https://www.cosmos.esa.int/web/gaia-users/known-issues 
# - DOCUMENTATION: >
#     Tutorials and documentation: 
#     https://www.cosmos.esa.int/web/gaia-users/archive 
# datatype:
# - 
#   name: solution_id
#   datatype: int64
#   description: Solution Identifier
#   meta:
#     ucd: meta.version
# - 
#   name: source_id
#   datatype: int64
#   description: Unique source identifier
#   meta:
#     ucd: meta.id;meta.main
# - 
#   name: global_ranking
#   datatype: float32
#   description: Number between 0 (worst) and 1 (best)
#   meta:
#     ucd: stat.param
# - 
#   name: reference_time
#   datatype: float64
#   unit: d
#   description: Reference time used for the geometric model fit
#   meta:
#     ucd: time.epoch
# - 
#   name: frequency
#   datatype: float64
#   unit: d**-1
#   description: Frequency of geometric model of the eclipsing binary light curve
#   meta:
#     ucd: src.orbital
# - 
#   name: frequency_error
#   datatype: float32
#   unit: d**-1
#   description: "Uncertainty of \\texttt{frequency}"
#   meta:
#     ucd: stat.error
# - 
#   name: geom_model_reference_level
#   datatype: float32
#   unit: mag
#   description: Magnitude reference level of geometric model
#   meta:
#     ucd: phot.mag;em.opt
# - 
#   name: geom_model_reference_level_error
#   datatype: float32
#   unit: mag
#   description: "Uncertainty of \\texttt{geomModelReferenceLevel}"
#   meta:
#     ucd: stat.error;phot.mag;em.opt
# - 
#   name: geom_model_gaussian1_phase
#   datatype: float32
#   description: Phase of the Gaussian 1 component
#   meta:
#     ucd: time.phase
# - 
#   name: geom_model_gaussian1_phase_error
#   datatype: float32
#   description: "Uncertainty of \\texttt{geomModelGaussian1Phase}"
#   meta:
#     ucd: stat.error;time.phase
# - 
#   name: geom_model_gaussian1_sigma
#   datatype: float32
#   description: "Standard deviation [phase] of Gaussian 1 component"
#   meta:
#     ucd: stat.stdev
# - 
#   name: geom_model_gaussian1_sigma_error
#   datatype: float32
#   description: "Uncertainty of \\texttt{geomModelGaussian1Sigma}"
#   meta:
#     ucd: stat.error
# - 
#   name: geom_model_gaussian1_depth
#   datatype: float32
#   unit: mag
#   description: Magnitude depth of Gaussian 1 component
#   meta:
#     ucd: src.var.amplitude
# - 
#   name: geom_model_gaussian1_depth_error
#   datatype: float32
#   unit: mag
#   description: "Uncertainty of \\texttt{geomModelGaussian1Depth}"
#   meta:
#     ucd: stat.error;src.var.amplitude
# - 
#   name: geom_model_gaussian2_phase
#   datatype: float32
#   description: Phase of Gaussian 2 component
#   meta:
#     ucd: time.phase
# - 
#   name: geom_model_gaussian2_phase_error
#   datatype: float32
#   description: "Uncertainty of \\texttt{geomModelGaussian2Phase}"
#   meta:
#     ucd: stat.error;time.phase
# - 
#   name: geom_model_gaussian2_sigma
#   datatype: float32
[...]
#   datatype: float32
#   description: "Secondary eclipse: uncertainty of \\texttt{derivedSecondaryEclDuration}"
#   meta:
#     ucd: stat.error;time.duration
# - 
#   name: derived_secondary_ecl_depth
#   datatype: float32
#   unit: mag
#   description: "Secondary eclipse: depth"
#   meta:
#     ucd: src.var.amplitude
# - 
#   name: derived_secondary_ecl_depth_error
#   datatype: float32
#   unit: mag
#   description: "Secondary eclipse: uncertainty of \\texttt{derivedSecondaryEclDepth}"
#   meta:
#     ucd: stat.error;src.var.amplitude
solution_id,source_id,global_ranking,reference_time,frequency,frequency_error,geom_model_reference_level,geom_model_reference_level_error,geom_model_gaussian1_phase,geom_model_gaussian1_phase_error,geom_model_gaussian1_sigma,geom_model_gaussian1_sigma_error,geom_model_gaussian1_depth,geom_model_gaussian1_depth_error,geom_model_gaussian2_phase,geom_model_gaussian2_phase_error,geom_model_gaussian2_sigma,geom_model_gaussian2_sigma_error,geom_model_gaussian2_depth,geom_model_gaussian2_depth_error,geom_model_cosine_half_period_amplitude,geom_model_cosine_half_period_amplitude_error,geom_model_cosine_half_period_phase,geom_model_cosine_half_period_phase_error,model_type,num_model_parameters,reduced_chi2,derived_primary_ecl_phase,derived_primary_ecl_phase_error,derived_primary_ecl_duration,derived_primary_ecl_duration_error,derived_primary_ecl_depth,derived_primary_ecl_depth_error,derived_secondary_ecl_phase,derived_secondary_ecl_phase_error,derived_secondary_ecl_duration,derived_secondary_ecl_duration_error,derived_secondary_ecl_depth,derived_secondary_ecl_depth_error
[from data line 220]
375316653866487564,3616401603269824256,0.5993454,2223.7610080609893,0.5692371974625988,2.9364059E-5,16.066917,0.003035372,0.25043684,0.011473406,0.0251577,0.006943285,0.94904184,2.6542685,null,null,null,null,null,null,0.017543197,0.004255521,0.25043684,0.011473406,"ONEGAUSSIAN_WITH_ELLIPSOIDAL",6,16.922098,0.25043684,0.011473406,0.14088312,0.038882397,0.98412824,2.6556542,null,null,null,null,null,null
375316653866487564,3616427510512844416,0.47978815,2215.1822635114977,3.5061503733048336,1.2951216E-5,15.249851,0.09768176,0.23092283,0.010773218,0.06293814,0.037551444,0.17827931,0.39885435,0.7163098,0.02030273,0.03860868,0.04510189,0.21732897,0.14187525,0.09793679,0.101084396,0.23092283,0.010773218,"TWOGAUSSIANS_WITH_ELLIPSOIDAL_ON_ECLIPSE1",9,115.45713,0.7177098,0.01892257,0.21620862,0.1932275,0.41164586,0.09118837,0.23092283,0.010773218,0.3524536,0.187701,0.37408596,0.3422924
375316653866487564,3616433248589152896,0.50912136,2220.472040747866,2.391694610378612,1.9204486E-5,17.933458,0.0072767343,0.78966284,0.004568841,0.05717043,0.013551267,0.07661685,0.056428954,null,null,null,null,null,null,0.12674087,0.011237105,0.78966284,0.004568841,"ONEGAUSSIAN_WITH_ELLIPSOIDAL",6,17.268347,0.78966284,0.004568841,0.3201544,0.0758871,0.33009312,0.05434407,null,null,null,null,null,null
375316653866487564,3616486300024879488,0.6312478,2270.5046385263413,3.9472110164238616,1.9656623E-5,14.105739,0.007769507,0.25764552,0.0023689903,0.08124672,0.0032368628,0.43258545,0.007794216,0.7540136,0.015308882,0.07121204,0.00929376,0.47270027,0.086265475,null,null,null,null,"TWOGAUSSIANS",8,161.17789,0.7540136,0.015308882,0.3987874,0.01836751,0.46886072,0.087248996,0.25764552,0.0023689903,0.4,0.0,0.4287459,0.0067727575
375316653866487564,3616596663504689536,0.5180581,2222.066542702326,2.053243136991091,1.8082756E-5,16.597912,0.0026501762,0.23476598,0.0035664865,0.078243926,0.010288958,0.05947273,0.00496968,0.7523758,0.0042902366,0.0823214,0.0076664397,0.07532937,0.00471397,null,null,null,null,"TWOGAUSSIANS",8,3.2244523,0.7523758,0.0042902366,0.4,0.0,0.0745863,0.0047296016,0.23476598,0.0035664865,0.4,0.0,0.05872966,0.0053280527
375316653866487564,3616872606563491456,0.59411573,2236.407015962254,3.7349907140130227,1.1778328E-4,17.507774,0.002370004,0.17129631,0.14329737,0.041637275,0.05028837,0.26971862,0.24831297,0.7916714,1.9789557E-4,0.009654907,5.895623E-4,0.2522665,0.023883263,null,null,null,null,"TWOGAUSSIANS",8,1.7424625,0.17129631,0.14329737,0.23316874,0.15775184,0.26971862,0.248313,0.7916714,1.9789557E-4,0.054067478,0.0033015488,0.2522665,0.023883265
375316653866487564,3617050620072338304,0.5338519,2242.5301769946873,0.7430950245574831,1.433843E-4,17.427504,0.0064346218,0.11335159,3.3336924E-4,0.016708365,7.058207E-4,0.30051214,0.0044102273,0.6811018,0.047697306,0.05268196,0.05934139,0.023608228,0.3798966,null,null,null,null,"TWOGAUSSIANS",8,10.004055,0.11335159,3.3336924E-4,0.09356684,0.003952596,0.30051214,0.0044102273,0.6811018,0.047697306,0.29501897,0.33231178,0.023608228,0.3798966
375316653866487564,3617104947113554304,0.4888428,2140.466417221854,3.378299845893256,5.8794416E-5,19.853868,0.08044513,0.28122303,0.008890698,0.08909085,0.018834142,0.31972286,0.078325376,0.7573437,0.02089113,0.12772977,0.055973325,0.22944926,0.07439492,null,null,null,null,"TWOGAUSSIANS",8,1.7677004,0.28134304,0.0088920435,0.4,0.0,0.29237407,0.03690168,0.7573437,0.02089113,0.4,0.0,0.20182885,0.06033605
375316653866487564,3617144250359251712,0.5958664,2289.6547569787945,0.3283932567383475,1.633919E-5,18.311918,0.009523561,0.36112985,0.015779696,0.063207,0.016096944,0.14648351,0.021223964,0.8589706,7.3697185E-4,0.030795686,8.2975E-4,0.8431699,0.01924031,null,null,null,null,"TWOGAUSSIANS",8,10.180946,0.8589706,7.3697185E-4,0.17245585,0.0046465998,0.8431696,0.019240202,0.36112985,0.015779696,0.3539592,0.09014288,0.1464832,0.021224055
375316653866487564,3617187474909973632,0.47832522,2221.1279981266725,0.3808864446163033,5.616084E-5,19.221848,0.014351224,0.35169837,0.016314918,0.06828588,0.015750831,0.20810391,0.03646839,0.087469175,0.86812156,0.17545307,0.055054896,0.100273624,0.017302878,null,null,null,null,"TWOGAUSSIANS",8,3.280996,0.34528837,0.012315471,0.38240096,0.029331416,0.23747455,0.016642865,0.08975917,0.866699,0.4,0.0,0.09660555,0.014659642
375316653866487564,3617422461161335552,0.4681053,2223.4215354620965,2.43882568517679,2.603258E-5,18.902388,0.009101993,0.21189773,0.009297272,0.06264753,0.015542735,0.12094872,0.021010455,0.7306268,0.025774937,0.04911096,0.01738741,0.07176989,0.014509905,null,null,null,null,"TWOGAUSSIANS",8,1.9212221,0.21189773,0.009297272,0.35082617,0.07833916,0.12094471,0.021025619,0.7306268,0.025774937,0.27502137,0.0973695,0.07176589,0.014502981
375316653866487564,3617440087707172224,0.57969385,2216.1539511331066,3.5335736627902326,6.202311E-6,17.616587,0.0098707955,0.17219034,0.004550773,0.07667439,0.0037764267,0.4071964,0.026674686,0.6622235,0.001643675,0.07050438,0.0024770852,0.34463772,0.012326354,null,null,null,null,"TWOGAUSSIANS",8,7.33691,0.17219034,0.004550773,0.4,0.0,0.40533975,0.026644913,0.6622235,0.001643675,0.39482453,0.013395278,0.34278107,0.01192908
375316653866487564,3617463937660649472,0.40167922,2242.9057578697025,0.35151298262691294,4.0591887E-5,13.714621,0.038492586,null,null,null,null,null,null,null,null,null,null,null,null,0.11105522,0.0476056,0.2640914,0.013853496,"ELLIPSOIDAL",4,8923.259,null,null,null,null,null,null,null,null,null,null,null,null
375316653866487564,3617465037172255872,0.5912799,2206.862609152467,1.1437695769157654,7.789606E-5,16.922813,0.0033728902,0.3182392,0.009890523,0.029899873,0.011952837,0.31511799,1.4994881,0.81778854,0.0012155725,0.029344521,0.0014719713,0.18932648,0.00873903,0.018627902,0.006096663,0.3182392,0.009890523,"TWOGAUSSIANS_WITH_ELLIPSOIDAL_ON_ECLIPSE1",9,4.747107,0.3182392,0.009890523,0.1674393,0.06693589,0.35237375,1.501196,0.81779855,0.0011990429,0.16432932,0.008243039,0.22658195,0.00668594
375316653866487564,3617465071531994368,0.59990877,2190.6495166902073,1.4913156447559952,7.559301E-6,14.221099,0.0069389725,0.26448023,0.04284602,0.040529106,0.02097591,0.042609435,0.1834153,0.7628182,0.004613701,0.047683775,0.00716243,0.2060906,0.017251186,0.022767806,0.0074662603,0.7628182,0.004613701,"TWOGAUSSIANS_WITH_ELLIPSOIDAL_ON_ECLIPSE2",9,33.576286,0.7628182,0.004613701,0.26702914,0.04010961,0.25162593,0.026223518,0.26428023,0.04062141,0.22696298,0.117465094,0.0881404,0.17853557
375316653866487564,3617511590322194304,0.5429882,2263.6349734235114,3.4328749560565175,1.1579243E-5,18.487827,0.008565004,0.22972764,0.00305148,0.06471309,0.009237436,0.24809515,0.03206722,0.7347711,0.012053011,0.068874046,0.009553182,0.25228158,0.13731796,null,null,null,null,"TWOGAUSSIANS",8,3.0651705,0.7347711,0.012053011,0.38569465,0.053107023,0.25188756,0.13752124,0.22972764,0.00305148,0.36239332,0.04478427,0.24770112,0.03264807
375316653866487564,3617565775629388544,0.49425325,2273.6702467456435,1.3942091575685023,7.9894335E-6,12.254232,0.0064740465,0.04188471,0.0012193368,0.011797709,0.00504411,0.037459873,0.01210759,0.6488228,0.0035664006,0.06820592,0.022889894,0.29644907,0.17502923,null,null,null,null,"TWOGAUSSIANS",8,709.07794,0.6488228,0.0035664006,0.38195318,0.03257955,0.29644907,0.17502931,0.04188471,0.0012193368,0.066067174,0.028247016,0.03745989,0.012106092
375316653866487564,3617629173642602752,0.5667486,2370.577478475876,3.7477504822568237,7.5208554E-6,16.479712,0.037795555,0.31111184,0.0037246314,0.1100925,0.01586577,0.29429004,0.031481892,0.8029488,0.0022838425,0.10118636,0.013984797,0.2514156,0.032636285,null,null,null,null,"TWOGAUSSIANS",8,16.086782,0.31111184,0.0037246314,0.4,0.0,0.26406196,0.012238595,0.8029488,0.0022838425,0.4,0.0,0.22120541,0.013209107
375316653866487564,3617666660117075072,0.54812014,2201.3269559565406,3.170986818485991,1.4542263E-5,17.603405,0.011375516,0.31436664,0.0060826214,0.087372325,0.009102804,0.23327418,0.021764068,0.8166797,0.003395604,0.08284496,0.0104848,0.2096246,0.017034788,null,null,null,null,"TWOGAUSSIANS",8,4.2933044,0.31436664,0.0060826214,0.4,0.0,0.2275835,0.02241714,0.8166797,0.003395604,0.4,0.0,0.20393395,0.020211479
375316653866487564,3617683874346005760,0.53477234,2253.9174144803196,2.1518808547206256,1.9905705E-5,17.997293,0.0059138145,0.33406892,0.0015397508,0.049414992,0.0039234604,0.24276397,0.007014209,0.84088826,0.010017498,0.05955696,0.013455386,0.10563103,0.015239237,null,null,null,null,"TWOGAUSSIANS",8,3.7791946,0.33406892,0.0015397508,0.27672395,0.021971378,0.24275784,0.007010309,0.84088826,0.010017498,0.33351898,0.075350165,0.1056249,0.015253681
375316653866487564,3617741255109095168,0.5931207,2335.0061614427095,1.5888050275650998,6.641176E-6,14.140945,0.0052210083,0.18234842,0.0043655317,0.060495835,0.004611558,0.09225111,0.012536596,0.6708917,0.0038021533,0.05083308,0.010431186,0.069995254,0.011423219,0.06034317,0.0071500735,0.6708917,0.0038021533,"TWOGAUSSIANS_WITH_ELLIPSOIDAL_ON_ECLIPSE2",9,37.032078,0.17920841,0.002603296,0.33877668,0.025824724,0.2124755,0.0049513285,0.6708917,0.0038021533,0.28466526,0.05841464,0.19067307,0.009289623
375316653866487564,3617836706462257536,0.569708,2307.6298102645014,0.10665287986094651,1.3000655E-5,12.720223,0.012375649,0.2900975,0.011730462,0.045345332,0.018045796,0.12146757,0.02094916,0.79435706,0.014522504,0.025965564,0.008833641,1.2172105,0.17363554,0.043604825,0.018020336,0.79435706,0.014522504,"TWOGAUSSIANS_WITH_ELLIPSOIDAL_ON_ECLIPSE2",9,1693.0924,0.79435706,0.014522504,0.14540716,0.049468387,1.30442,0.17646089,0.2905375,0.010286757,0.25393385,0.10105646,0.20862114,0.02933243
375316653866487564,3617854229928133120,0.5399864,2336.486654678434,3.6017622838644394,2.3422215E-5,16.75556,0.01774394,0.2572089,0.0043608784,0.06765463,0.010405118,0.2119784,0.06030042,0.7613216,0.002817346,0.048783615,0.009647738,0.1561751,0.03498069,0.1066504,0.021451859,0.2572089,0.0043608784,"TWOGAUSSIANS_WITH_ELLIPSOIDAL_ON_ECLIPSE1",9,56.291275,0.2572089,0.0043608784,0.37886596,0.058268655,0.42505226,0.028302783,0.7613216,0.0027476163,0.27318826,0.05402733,0.36910656,0.010283785
375316653866487564,3617892712835717760,0.48730347,2339.785790765787,0.9526774969823155,2.198517E-5,9.324706,8.6490146E-4,0.2951031,0.0036740177,0.0167567,0.009470952,0.052234206,0.60330385,0.6621343,0.021477615,0.027334237,0.009245458,0.007556944,0.00370968,0.012658047,0.0014339576,0.2951031,0.0036740177,"TWOGAUSSIANS_WITH_ELLIPSOIDAL_ON_ECLIPSE1",9,57.721584,0.2951031,0.0036740177,0.09383753,0.053037327,0.0775503,0.60328686,0.6827943,0.11086028,0.15307173,0.05177457,0.02034753,0.005054317
375316653866487564,3617897660638089728,0.653589,2378.8654170889586,3.9412034847725756,5.786452E-6,15.3164,0.0109043075,0.24385583,0.0010582256,0.044066202,0.0026973889,0.35660443,0.020461604,0.73784494,0.005564957,0.044473127,0.009111462,0.2665448,0.025838165,0.13335635,0.011013752,0.24385583,0.0010582256,"TWOGAUSSIANS_WITH_ELLIPSOIDAL_ON_ECLIPSE1",9,63.803417,0.24385583,0.0010582256,0.24677074,0.015105378,0.6233169,0.006296746,0.7386549,0.00486846,0.24904951,0.051024187,0.5329283,0.015000661
375316653866487564,3617991595867048832,0.52915376,2385.527778598103,0.5192438075476522,1.8555029E-4,17.93549,0.0054490496,0.70298946,0.013291192,0.023511695,0.021227704,0.49320263,6.5249453,null,null,null,null,null,null,null,null,null,null,"ONEGAUSSIAN",5,7.497334,0.70298946,0.013291192,0.13166548,0.118875146,0.49320263,0.0,null,null,null,null,null,null
375316653866487564,3618041215624957312,0.55053407,2309.021737622829,0.44077604234622375,5.4667784E-5,16.785269,0.0029412513,0.9556147,0.0026324622,0.011355392,0.0016658776,0.9636377,0.34696573,null,null,null,null,null,null,null,null,null,null,"ONEGAUSSIAN",5,22.461807,0.9556147,0.0026324622,0.06359019,0.009328915,0.9636377,0.0,null,null,null,null,null,null
375316653866487564,3618064782110377088,0.5795798,2351.5988385834166,3.5353127811975247,1.1767695E-5,17.803278,0.007784919,0.23054063,0.0025887755,0.08460833,0.0056507653,0.29618537,0.016705833,0.73388815,0.0028662367,0.101166144,0.00495329,0.2524782,0.008329372,null,null,null,null,"TWOGAUSSIANS",8,2.8659513,0.23054063,0.0025887755,0.4,0.0,0.28244656,0.019155376,0.73388815,0.0028662367,0.4,0.0,0.23873687,0.0065764603
375316653866487564,3618138758627149184,0.6561215,2166.3231536313565,2.3940678001924516,2.4211663E-6,17.813059,0.0073252628,0.24823846,0.0020365417,0.037377734,0.0018983552,0.72225684,0.02961471,null,null,null,null,null,null,0.049308322,0.010467307,0.24823846,0.0020365417,"ONEGAUSSIAN_WITH_ELLIPSOIDAL",6,4.123767,0.24823846,0.0020365417,0.20931531,0.010630789,0.82087326,0.030386047,null,null,null,null,null,null
375316653866487564,3618292243578275840,0.516655,2286.5542620893684,4.590826114043465,2.6693117E-5,18.347027,0.01592891,0.24400139,0.004055158,0.07287438,0.0066316323,0.31811586,0.02738923,0.81656706,0.1222237,0.08626951,0.06686288,0.039696664,0.060137194,null,null,null,null,"TWOGAUSSIANS",8,8.348703,0.24400139,0.004056316,0.4,0.01237019,0.31781483,0.027227849,0.81656706,0.12228769,0.4,0.21823986,0.039395448,0.059890807
375316653866487564,3618408104616076800,0.63984406,2302.8391488319435,1.4890961802716625,4.3674896E-5,18.21301,0.0049383994,0.23645045,0.03374256,0.050337527,0.038861286,0.09923467,7.6090688E8,0.8684056,1.2700325E-4,0.010392593,1.6433664E-4,1.2442834,0.023558266,null,null,null,null,"TWOGAUSSIANS",8,4.163132,0.8684056,1.2700325E-4,0.05819852,9.202852E-4,1.2442834,0.023558266,0.23645045,0.03374256,0.28189015,0.2176232,0.09923467,7.6090688E8
375316653866487564,3618443804383726464,0.5447581,2364.1346029721976,2.0454184128006583,1.2260576E-5,19.697432,0.008531728,0.28783634,0.0054589654,0.06221827,0.006496892,0.19791552,0.012556097,0.7909381,0.0026772842,0.03993316,0.0038264333,0.67833924,0.068130895,null,null,null,null,"TWOGAUSSIANS",8,1.1023006,0.7909381,0.0026772842,0.2236257,0.021428026,0.6783359,0.06813608,0.28783634,0.0054589654,0.34842232,0.036382593,0.1979122,0.012555412
375316653866487564,3618506717065043072,0.5060867,2259.9743821134916,0.3701854661026355,4.9686278E-5,12.64219,0.02428074,0.17529687,0.05789602,0.10984286,0.05882852,0.10236563,0.028596157,0.6136866,4.5696407E-4,0.0049578096,3.0554208E-4,7.1993775,2.0901818,null,null,null,null,"TWOGAUSSIANS",8,5795.603,0.6136866,4.5696407E-4,0.027763734,0.0017110356,7.199407,2.0900574,0.17529687,0.05789602,0.4,0.0,0.102359146,0.02859277
375316653866487564,3618527062325529600,0.634352,2270.476235920049,3.6578962706261042,6.8716117E-6,15.856534,0.012382225,0.24686332,0.002535022,0.045165673,0.0041614794,0.24534848,0.027088132,0.74088097,0.0038316792,0.0573746,0.010422992,0.28337574,0.049710814,0.12692542,0.01674532,0.74088097,0.0038316792,"TWOGAUSSIANS_WITH_ELLIPSOIDAL_ON_ECLIPSE2",9,36.77141,0.74088097,0.0038316792,0.32129776,0.058368754,0.5372053,0.0454406,0.24601333,0.0017396526,0.25292775,0.023304285,0.49887067,0.008263911
375316653866487564,3618619554445580544,0.52414924,2279.582819013021,1.265663522706138,2.199916E-5,17.024052,0.0011965698,0.19548064,0.0017457452,0.017638145,0.0037885515,0.011444621,0.002130838,0.6061845,0.032411944,0.0642022,0.05204674,0.097669356,2.687171E20,null,null,null,null,"TWOGAUSSIANS",8,0.9862859,0.6061845,0.032411944,0.3595323,0.29146174,0.097669356,2.687171E20,0.19548064,0.0017457452,0.098773606,0.02121589,0.011444622,0.002130838
