Gaia/vari_eclipsing_binary/VariEclipsingBinary_208473-208536.csv
# %ECSV 1.0
# ---
# delimiter: ','
# meta: !!omap
# - RELEASE: Gaia DR3
# - TABLE: vari_eclipsing_binary
# - DESCRIPTION: >
#     This table describes the properties of the eclipsing binaries resulting from the variability analysis. 
# - CITATION: >
#     How to cite and acknowledge Gaia: 
#     https://gea.esac.esa.int/archive/documentation/credits.html 
# - KNOWN_ISSUES: >
#     Known issues: 
#     https://www.cosmos.esa.int/web/gaia-users/known-issues 
# - DOCUMENTATION: >
#     Tutorials and documentation: 
#     https://www.cosmos.esa.int/web/gaia-users/archive 
# datatype:
# - 
#   name: solution_id
#   datatype: int64
#   description: Solution Identifier
#   meta:
#     ucd: meta.version
# - 
#   name: source_id
#   datatype: int64
#   description: Unique source identifier
#   meta:
#     ucd: meta.id;meta.main
# - 
#   name: global_ranking
#   datatype: float32
#   description: Number between 0 (worst) and 1 (best)
#   meta:
#     ucd: stat.param
# - 
#   name: reference_time
#   datatype: float64
#   unit: d
#   description: Reference time used for the geometric model fit
#   meta:
#     ucd: time.epoch
# - 
#   name: frequency
#   datatype: float64
#   unit: d**-1
#   description: Frequency of geometric model of the eclipsing binary light curve
#   meta:
#     ucd: src.orbital
# - 
#   name: frequency_error
#   datatype: float32
#   unit: d**-1
#   description: "Uncertainty of \\texttt{frequency}"
#   meta:
#     ucd: stat.error
# - 
#   name: geom_model_reference_level
#   datatype: float32
#   unit: mag
#   description: Magnitude reference level of geometric model
#   meta:
#     ucd: phot.mag;em.opt
# - 
#   name: geom_model_reference_level_error
#   datatype: float32
#   unit: mag
#   description: "Uncertainty of \\texttt{geomModelReferenceLevel}"
#   meta:
#     ucd: stat.error;phot.mag;em.opt
# - 
#   name: geom_model_gaussian1_phase
#   datatype: float32
#   description: Phase of the Gaussian 1 component
#   meta:
#     ucd: time.phase
# - 
#   name: geom_model_gaussian1_phase_error
#   datatype: float32
#   description: "Uncertainty of \\texttt{geomModelGaussian1Phase}"
#   meta:
#     ucd: stat.error;time.phase
# - 
#   name: geom_model_gaussian1_sigma
#   datatype: float32
#   description: "Standard deviation [phase] of Gaussian 1 component"
#   meta:
#     ucd: stat.stdev
# - 
#   name: geom_model_gaussian1_sigma_error
#   datatype: float32
#   description: "Uncertainty of \\texttt{geomModelGaussian1Sigma}"
#   meta:
#     ucd: stat.error
# - 
#   name: geom_model_gaussian1_depth
#   datatype: float32
#   unit: mag
#   description: Magnitude depth of Gaussian 1 component
#   meta:
#     ucd: src.var.amplitude
# - 
#   name: geom_model_gaussian1_depth_error
#   datatype: float32
#   unit: mag
#   description: "Uncertainty of \\texttt{geomModelGaussian1Depth}"
#   meta:
#     ucd: stat.error;src.var.amplitude
# - 
#   name: geom_model_gaussian2_phase
#   datatype: float32
#   description: Phase of Gaussian 2 component
#   meta:
#     ucd: time.phase
# - 
#   name: geom_model_gaussian2_phase_error
#   datatype: float32
#   description: "Uncertainty of \\texttt{geomModelGaussian2Phase}"
#   meta:
#     ucd: stat.error;time.phase
# - 
#   name: geom_model_gaussian2_sigma
#   datatype: float32
[...]
#   datatype: float32
#   description: "Secondary eclipse: uncertainty of \\texttt{derivedSecondaryEclDuration}"
#   meta:
#     ucd: stat.error;time.duration
# - 
#   name: derived_secondary_ecl_depth
#   datatype: float32
#   unit: mag
#   description: "Secondary eclipse: depth"
#   meta:
#     ucd: src.var.amplitude
# - 
#   name: derived_secondary_ecl_depth_error
#   datatype: float32
#   unit: mag
#   description: "Secondary eclipse: uncertainty of \\texttt{derivedSecondaryEclDepth}"
#   meta:
#     ucd: stat.error;src.var.amplitude
solution_id,source_id,global_ranking,reference_time,frequency,frequency_error,geom_model_reference_level,geom_model_reference_level_error,geom_model_gaussian1_phase,geom_model_gaussian1_phase_error,geom_model_gaussian1_sigma,geom_model_gaussian1_sigma_error,geom_model_gaussian1_depth,geom_model_gaussian1_depth_error,geom_model_gaussian2_phase,geom_model_gaussian2_phase_error,geom_model_gaussian2_sigma,geom_model_gaussian2_sigma_error,geom_model_gaussian2_depth,geom_model_gaussian2_depth_error,geom_model_cosine_half_period_amplitude,geom_model_cosine_half_period_amplitude_error,geom_model_cosine_half_period_phase,geom_model_cosine_half_period_phase_error,model_type,num_model_parameters,reduced_chi2,derived_primary_ecl_phase,derived_primary_ecl_phase_error,derived_primary_ecl_duration,derived_primary_ecl_duration_error,derived_primary_ecl_depth,derived_primary_ecl_depth_error,derived_secondary_ecl_phase,derived_secondary_ecl_phase_error,derived_secondary_ecl_duration,derived_secondary_ecl_duration_error,derived_secondary_ecl_depth,derived_secondary_ecl_depth_error
[from data line 37]
375316653866487564,1833785803721348608,0.5526862,2226.82158644327,1.466855525743638,4.1838134E-6,18.178804,0.00486993,0.26415175,0.004894792,0.06551896,0.007908063,0.08401416,0.0071085417,0.7569326,0.0016028569,0.057405632,0.0023313167,0.2931219,0.0112198945,null,null,null,null,"TWOGAUSSIANS",8,3.0833204,0.7569326,0.0016028569,0.32147154,0.013055373,0.29306242,0.011213805,0.26415175,0.004894792,0.3669062,0.044285152,0.08395468,0.0071144355
375316653866487564,1833785838087689600,0.46154186,2211.6433506039716,3.6517454637385973,2.9251787E-5,17.256575,0.0054215225,0.22839984,0.005870831,0.045431476,0.01912194,0.042136554,0.016757289,0.7019577,0.01210738,0.028026612,0.02187063,0.054171104,0.22663987,0.036850028,0.007116092,0.22839984,0.005870831,"TWOGAUSSIANS_WITH_ELLIPSOIDAL_ON_ECLIPSE1",9,9.841147,0.70398766,0.01088159,0.15694903,0.12247553,0.12600881,0.2324882,0.22839984,0.005870831,0.25441626,0.10708286,0.115836576,0.015484458
375316653866487564,1833786314813960064,0.59083647,2194.9770409849207,2.5582296128997433,6.8401023E-6,18.517729,0.009583583,0.2558751,0.001908201,0.043337896,0.0046943915,0.26314005,0.027561042,0.7521442,0.0039828112,0.052823845,0.006652661,0.28433928,0.026178995,0.123117946,0.01645384,0.2558751,0.001908201,"TWOGAUSSIANS_WITH_ELLIPSOIDAL_ON_ECLIPSE1",9,4.3890095,0.7527442,0.0034061265,0.29581353,0.0372549,0.5304586,0.0140418615,0.2558751,0.001908201,0.24269222,0.026288593,0.509373,0.023471994
375316653866487564,1833786868873316864,0.53844965,2220.7865224967886,2.108836100098807,1.3083323E-5,18.193546,0.007427382,0.24689373,0.0021363602,0.052104987,0.0032297657,0.39067888,0.020960702,0.74074274,0.015081294,0.0405526,0.017414223,0.1249167,0.04089758,0.058103587,0.010561161,0.24689373,0.0021363602,"TWOGAUSSIANS_WITH_ELLIPSOIDAL_ON_ECLIPSE1",9,8.128612,0.24689373,0.0021363602,0.29178792,0.018086687,0.5068821,0.011151422,0.74140275,0.014269754,0.22709458,0.09751965,0.24096507,0.04427524
375316653866487564,1833787483043015296,0.5022829,2244.1856751942946,2.8037869700397273,1.9052099E-5,19.246206,0.007066745,0.21723367,0.007369568,0.03453201,0.014678589,0.108856745,0.153555,0.71141344,0.0054123183,0.03988588,0.0038858913,0.39539394,0.030970734,0.07134254,0.013469506,0.21723367,0.007369568,"TWOGAUSSIANS_WITH_ELLIPSOIDAL_ON_ECLIPSE1",9,3.7697096,0.7116635,0.005089598,0.22336093,0.02176099,0.5378962,0.028542174,0.21723367,0.007369568,0.19337925,0.0822001,0.25154153,0.15146235
375316653866487564,1833788616914593664,0.44052097,2230.7012464877034,0.08569986534734603,5.667527E-5,15.9439,0.02003426,0.5838311,0.0022629949,0.007162418,0.0033839275,0.30883008,0.33913487,0.7906693,0.0063558286,0.040441208,0.0057012336,0.6828631,0.09122963,0.09886752,0.028851328,0.7906693,0.0063558286,"TWOGAUSSIANS_WITH_ELLIPSOIDAL_ON_ECLIPSE2",9,1855.7675,0.7906693,0.0063558286,0.22647077,0.031926908,0.880598,0.092535496,0.58394104,0.0021402969,0.040109545,0.018949993,0.32305515,0.33924076
375316653866487564,1833789377140909056,0.6593612,2251.985160659673,0.4203815133680775,1.9052056E-6,17.024921,0.0032977173,0.27029943,0.01714386,0.014197147,0.016844723,0.05023638,19.1439,0.7612008,2.055276E-4,0.025302451,3.0861047E-4,1.190879,0.019451741,0.011505652,0.00480823,0.27029943,0.01714386,"TWOGAUSSIANS_WITH_ELLIPSOIDAL_ON_ECLIPSE1",9,11.411744,0.7612108,2.027131E-4,0.14169373,0.0017282186,1.2138152,0.019322459,0.27029943,0.01714386,0.07950403,0.094330445,0.07324764,19.14542
375316653866487564,1833789823810853632,0.5353795,2199.1402054327536,0.7466951439507354,5.263931E-6,16.945665,0.004543621,0.2653166,0.0011660712,0.06276522,0.0020084842,0.28241545,0.009967558,0.7630168,0.005248945,0.077641636,0.0040994156,0.1417276,0.01050985,null,null,null,null,"TWOGAUSSIANS",8,9.640187,0.2653166,0.0011660712,0.35148522,0.011247512,0.28178278,0.009994259,0.7630168,0.005248945,0.4,0.0,0.14109492,0.010453919
375316653866487564,1833790437982593536,0.5006845,2189.3589006229154,2.598865936076745,1.9688498E-5,19.321468,0.024882479,0.22918773,0.005765219,0.032447767,0.009300686,0.2788822,0.07510366,0.7210695,0.006407839,0.049763586,0.013175701,0.3568554,0.080065005,0.1334586,0.044276588,0.22918773,0.005765219,"TWOGAUSSIANS_WITH_ELLIPSOIDAL_ON_ECLIPSE1",9,14.632408,0.7220995,0.0053386786,0.2786761,0.07378392,0.6231661,0.0738234,0.22918773,0.005765219,0.18170749,0.052083846,0.5457984,0.045620143
375316653866487564,1833791434415017856,0.50644577,2221.025314713984,0.7377630372745744,1.9802283E-5,18.367395,0.0051745805,0.26794404,0.008376121,0.062064476,0.009903532,0.09500578,0.02353748,0.7532965,0.006419682,0.05244621,0.0044006472,0.3394919,0.03185083,null,null,null,null,"TWOGAUSSIANS",8,4.1574364,0.7532965,0.006419682,0.29369876,0.024643624,0.33947814,0.031849038,0.26794404,0.008376121,0.34756106,0.05545978,0.09499201,0.023544999
375316653866487564,1833791503134494464,0.49149275,2188.64443147706,3.1253927057677537,1.6692446E-5,18.854343,0.015054539,0.21642715,0.007877402,0.09616386,0.011059751,0.19343795,0.016533352,0.6956386,0.006012734,0.102483265,0.010857019,0.20231353,0.014583185,null,null,null,null,"TWOGAUSSIANS",8,2.443354,0.6956386,0.006012734,0.4,0.0,0.1895821,0.009376588,0.21643715,0.00787521,0.4,0.0,0.18070976,0.010239873
375316653866487564,1833791571853978496,0.5915011,2239.9839051495583,1.2135080882321274,4.9822384E-6,17.81884,0.006404293,0.24745671,0.001685569,0.09237654,0.0038421594,0.29184404,0.009720641,0.74966943,0.002217498,0.09881165,0.0046399455,0.24912205,0.010101359,null,null,null,null,"TWOGAUSSIANS",8,2.2388966,0.24745671,0.001685569,0.4,0.0,0.27479896,0.011057534,0.74966943,0.002217498,0.4,0.0,0.23207584,0.010837087
375316653866487564,1833792847474606208,0.563533,2223.091029671584,2.1026084965170226,9.815666E-6,17.477718,0.020153387,0.27028617,0.012148655,0.04817816,0.02646223,0.07958389,0.037114654,0.75233907,0.0025085271,0.054584634,0.014386134,0.11646035,0.040030293,0.11516249,0.023571704,0.75233907,0.0025085271,"TWOGAUSSIANS_WITH_ELLIPSOIDAL_ON_ECLIPSE2",9,11.75651,0.75233907,0.0025085271,0.30567396,0.08056235,0.34678108,0.010771669,0.2640462,0.006124576,0.26979768,0.1481885,0.30799592,0.024066444
375316653866487564,1833793014962725248,0.53900933,2212.4253963340134,3.214280072651345,1.3149417E-5,18.211195,0.0071836286,0.25806132,0.004094086,0.0371201,0.011486769,0.06451812,0.043069467,0.78559077,0.02394707,0.052322503,0.027680827,0.039688446,0.0232681,0.09233138,0.010036101,0.25806132,0.004094086,"TWOGAUSSIANS_WITH_ELLIPSOIDAL_ON_ECLIPSE1",9,4.9446115,0.25806132,0.004094086,0.20787257,0.06432591,0.2491794,0.041174576,0.78559077,0.02394707,0.29300603,0.15501262,0.21887958,0.015088303
375316653866487564,1833796111649802752,0.61978805,2207.1882778627523,0.05437634641347062,4.9013042E-6,16.292532,0.0012175471,0.2615951,0.0027177953,0.003924589,0.0025106997,0.42818654,1.9923896,0.7617934,3.7446897E-4,0.0038686392,4.1440115E-4,0.42924705,0.06061081,null,null,null,null,"TWOGAUSSIANS",8,6.2750983,0.7617934,3.7446897E-4,0.02166438,0.0023206465,0.42924705,0.06061081,0.2615951,0.0027177953,0.021977698,0.014059919,0.42818654,1.9923896
375316653866487564,1833798237641554048,0.44209146,2226.124978317803,0.5518798245059869,8.317396E-6,18.510344,0.009672866,0.39615375,0.0020026865,0.037298314,0.0025301129,0.16644323,0.010932478,0.89044607,0.003944237,0.037125,0.0041390313,0.1619968,0.010108265,null,null,null,null,"TWOGAUSSIANS",8,10.736423,0.39615375,0.0020026865,0.20887056,0.014168632,0.16644323,0.010932478,0.89044607,0.003944237,0.2079,0.023178576,0.1619968,0.010108264
375316653866487564,1833798890476598912,0.47436142,2201.946404390273,1.312922894201446,1.7869856E-5,18.337017,0.00712269,0.248428,0.0074027246,0.09523007,0.013690257,0.11682557,0.0075683272,0.7410286,0.008365282,0.09097479,0.017051008,0.05922679,0.00680738,null,null,null,null,"TWOGAUSSIANS",8,1.7854908,0.248428,0.0074027246,0.4,0.0,0.11276539,0.008237319,0.7410286,0.008365282,0.4,0.0,0.05516683,0.005261448
375316653866487564,1833799169659190528,0.49049133,2225.9033569198823,2.2025187543945695,1.3354707E-5,19.880075,0.0095358975,0.22260629,0.0064044893,0.04524243,0.0061103455,0.48512498,0.029193984,0.7576829,0.022348894,0.054816447,0.009316242,0.10253338,0.028166477,null,null,null,null,"TWOGAUSSIANS",8,2.3344326,0.22260629,0.0064044893,0.2533576,0.034217935,0.48512474,0.029194249,0.7576829,0.022348894,0.30697212,0.05217096,0.102533124,0.02816628
375316653866487564,1833800574104026240,0.55503017,2213.940458876395,4.014093878716346,7.742987E-6,18.69632,0.016120408,0.21726602,0.0029708433,0.047013514,0.010931611,0.29761618,0.03874871,0.7246424,0.006652239,0.044464137,0.007902641,0.22811012,0.04029113,0.13088784,0.021358682,0.21726602,0.0029708433,"TWOGAUSSIANS_WITH_ELLIPSOIDAL_ON_ECLIPSE1",9,5.186308,0.21726602,0.0029708433,0.26327568,0.061217025,0.55939126,0.052802566,0.7246424,0.006652239,0.24899916,0.04425479,0.48932326,0.023038188
375316653866487564,1833802085933025792,0.5703142,2235.1393315558817,2.619910909811611,4.615068E-6,19.244234,0.0058205584,0.23696569,0.0016488644,0.07021376,0.0016472708,0.5299763,0.013436766,0.73087823,0.001298009,0.07254038,0.0018263536,0.5438731,0.012472752,null,null,null,null,"TWOGAUSSIANS",8,1.4729297,0.73087823,0.001298009,0.4,0.0,0.5418696,0.012529128,0.23696569,0.0016488644,0.39319706,0.009224717,0.5279728,0.013408488
375316653866487564,1833802468201336064,0.4531923,2239.0433219632373,0.9741329802722278,1.0625371E-4,16.59444,0.0024674921,0.3277874,0.015070441,0.032214217,0.015931899,0.0780613,0.014946138,0.77997005,0.032458976,0.06540703,0.019684752,0.014933722,0.0069607794,null,null,null,null,"TWOGAUSSIANS",8,11.537388,0.3277874,0.015070441,0.18039961,0.08921864,0.07806129,0.014946137,0.77997005,0.032458976,0.3662794,0.096056275,0.014933716,0.0069607617
375316653866487564,1833802498249330560,0.5444966,2244.6369754833654,3.239216578636047,7.6181327E-6,17.949717,0.0041597914,0.26090223,0.0024457332,0.07123114,0.004278586,0.16941239,0.0070694997,0.77137154,0.003263771,0.07283971,0.0038564191,0.12849091,0.008763626,null,null,null,null,"TWOGAUSSIANS",8,1.8982246,0.26090223,0.0024457332,0.39889437,0.016318077,0.16885938,0.0071189557,0.77137154,0.003263771,0.4,0.0046620555,0.12793791,0.008710324
375316653866487564,1833803911310590976,0.49207005,2246.960568843993,0.5012654891543831,2.7721651E-5,17.134148,0.008032576,0.22471143,0.0024879274,0.026889186,0.004634952,0.12577248,0.011838297,0.71383065,0.0071469555,0.028125077,0.063338056,2.067921,2.570727,null,null,null,null,"TWOGAUSSIANS",8,7.8311815,0.71383065,0.0071469555,0.15750043,0.24078144,2.067921,2.5707457,0.22471143,0.0024879274,0.15057944,0.025955733,0.12577248,0.011839295
375316653866487564,1833804357981746688,0.56925637,2250.751334412544,4.0515016377162185,1.1045226E-5,19.497414,0.007643523,0.2296606,0.0045929956,0.0712726,0.0038499949,0.5326444,0.01769891,0.73746306,0.003414705,0.068278596,0.0046573784,0.64114475,0.024105465,null,null,null,null,"TWOGAUSSIANS",8,2.630062,0.73746306,0.003414705,0.38236013,0.026081318,0.63959134,0.02440385,0.2296606,0.0045929956,0.39912653,0.014507191,0.531091,0.017675143
375316653866487564,1833804903431639424,0.64106345,2233.5932287806713,0.38369927899589995,1.3725228E-5,18.807636,0.0032583568,0.21961609,0.00338805,0.035500888,0.0039028667,0.11732207,0.024137441,0.71803033,0.0011448092,0.029841213,8.196574E-4,1.0113008,0.0093356585,null,null,null,null,"TWOGAUSSIANS",8,1.9353495,0.71803033,0.0011448092,0.16711079,0.0045900815,1.0113008,0.0093356585,0.21961609,0.00338805,0.19880497,0.021856055,0.11732207,0.024137441
375316653866487564,1833805178308901632,0.5482892,2234.4017809015504,0.48909123905128143,1.8034732E-5,18.033268,0.0018487507,0.38672617,4.3194756E-5,0.0061189397,7.7757715E-5,0.35866913,0.0045553097,0.55447614,0.04814028,0.0524404,0.05025413,0.010146184,0.004503373,null,null,null,null,"TWOGAUSSIANS",8,2.0515454,0.38672617,4.3194756E-5,0.034266062,4.3544322E-4,0.35873,0.0046201814,0.55447614,0.04814028,0.29366624,0.27962786,0.010146184,0.004503373
375316653866487564,1833805247028386304,0.5836909,2233.4513646364994,2.8610817854099952,5.848086E-6,19.061813,0.007347383,0.25886488,0.0031119322,0.070377365,0.0027350988,0.5539133,0.013865499,0.7525499,0.002423844,0.0729279,0.002640425,0.5443972,0.024914363,null,null,null,null,"TWOGAUSSIANS",8,2.30081,0.25886488,0.0031119322,0.39411324,0.011733824,0.5517754,0.013622976,0.7525499,0.002423844,0.4,0.0,0.5422593,0.02506522
375316653866487564,1833807106766355584,0.44483027,2230.6107117643605,2.880926693882068,6.803437E-5,16.086208,0.01313662,0.19074851,0.007825251,0.09426913,0.020587878,0.0986116,0.013686318,0.69244784,0.0065519195,0.07376771,0.0110026365,0.12176872,0.020684404,null,null,null,null,"TWOGAUSSIANS",8,61.25428,0.69244784,0.0065519195,0.4,0.011498326,0.11928635,0.020002365,0.19074851,0.007825251,0.4,0.0,0.096129075,0.013391084
375316653866487564,1833808309357156864,0.66927207,2246.972266459029,1.5781804050518187,2.0551345E-6,16.864105,0.0045855325,0.25479278,7.836176E-4,0.053444784,0.002064693,0.29506698,0.0092365835,0.7536741,0.0022688725,0.044899162,0.0024606946,0.2029859,0.016185777,0.10861864,0.00514222,0.25479278,7.836176E-4,"TWOGAUSSIANS_WITH_ELLIPSOIDAL_ON_ECLIPSE1",9,3.9513886,0.25479278,7.836176E-4,0.29929078,0.01156228,0.5122985,0.007013464,0.7538341,0.0019943423,0.2514353,0.01377989,0.42020828,0.013384964
375316653866487564,1833809168350627456,0.6076895,2232.556156427247,0.2952305795315499,1.597782E-5,13.413933,5.9225515E-4,0.45302376,0.013524204,0.044852752,0.005452549,0.19644457,0.027860653,0.75718224,0.0031743837,0.00631078,0.003746319,0.07840351,1.1694874,null,null,null,null,"TWOGAUSSIANS",8,22.974285,0.45302376,0.013524204,0.2511754,0.030534277,0.19644457,0.027860653,0.75718224,0.0031743837,0.03534037,0.020979388,0.07840351,1.1694874
375316653866487564,1833809679431334144,0.56050444,2255.0860932666474,2.2956808856955857,1.3220724E-5,18.939882,0.015153351,0.30395487,0.0040299,0.09359972,0.006445371,0.4273123,0.021356406,0.8107477,0.003879828,0.09189042,0.0054156515,0.44306517,0.016734948,null,null,null,null,"TWOGAUSSIANS",8,2.6147923,0.8107477,0.003879828,0.4,0.0,0.42224213,0.012855995,0.30395487,0.0040299,0.4,0.0,0.40648904,0.021983244
375316653866487564,1833810508357517184,0.5170055,2241.3985461471234,2.962721322916755,1.36103445E-5,18.93142,0.014907982,0.22858262,0.009339299,0.08730908,0.010000391,0.20245382,0.025389003,0.7337162,0.0036818366,0.0892613,0.009158024,0.23730426,0.013576632,null,null,null,null,"TWOGAUSSIANS",8,2.3622925,0.7337162,0.0036818366,0.4,0.0,0.22997728,0.01085295,0.22858262,0.009339299,0.4,0.0,0.19512689,0.024600329
375316653866487564,1833811363058603264,0.50857025,2254.1630336439853,2.483307445816683,1.3557673E-5,17.488462,0.02378143,0.26923704,0.005042022,0.102111466,0.018394869,0.16694994,0.019122105,0.7752578,0.008829934,0.10276529,0.018396063,0.17233412,0.025743764,null,null,null,null,"TWOGAUSSIANS",8,10.025059,0.7752578,0.008828611,0.4,0.0,0.1562718,0.016573472,0.26923704,0.005042022,0.4,0.0,0.15088804,0.013602538
375316653866487564,1833813532030215680,0.5340011,2232.922674693513,0.8245721291619,7.5862413E-6,17.309317,0.0024758577,0.24916291,0.0076839896,0.019746847,0.0045794332,0.23699646,0.038555354,0.75638735,0.0017297855,0.020128965,0.0030568743,0.23710106,0.009274036,0.01698017,0.0062528495,0.24916291,0.0076839896,"TWOGAUSSIANS_WITH_ELLIPSOIDAL_ON_ECLIPSE1",9,7.6996527,0.75638735,0.0017297855,0.1127222,0.017118497,0.27099144,0.011843581,0.24916291,0.0076839896,0.110582344,0.025644828,0.27095675,0.03980563
