Gaia/vari_eclipsing_binary/VariEclipsingBinary_232786-232828.csv
# %ECSV 1.0
# ---
# delimiter: ','
# meta: !!omap
# - RELEASE: Gaia DR3
# - TABLE: vari_eclipsing_binary
# - DESCRIPTION: >
#     This table describes the properties of the eclipsing binaries resulting from the variability analysis. 
# - CITATION: >
#     How to cite and acknowledge Gaia: 
#     https://gea.esac.esa.int/archive/documentation/credits.html 
# - KNOWN_ISSUES: >
#     Known issues: 
#     https://www.cosmos.esa.int/web/gaia-users/known-issues 
# - DOCUMENTATION: >
#     Tutorials and documentation: 
#     https://www.cosmos.esa.int/web/gaia-users/archive 
# datatype:
# - 
#   name: solution_id
#   datatype: int64
#   description: Solution Identifier
#   meta:
#     ucd: meta.version
# - 
#   name: source_id
#   datatype: int64
#   description: Unique source identifier
#   meta:
#     ucd: meta.id;meta.main
# - 
#   name: global_ranking
#   datatype: float32
#   description: Number between 0 (worst) and 1 (best)
#   meta:
#     ucd: stat.param
# - 
#   name: reference_time
#   datatype: float64
#   unit: d
#   description: Reference time used for the geometric model fit
#   meta:
#     ucd: time.epoch
# - 
#   name: frequency
#   datatype: float64
#   unit: d**-1
#   description: Frequency of geometric model of the eclipsing binary light curve
#   meta:
#     ucd: src.orbital
# - 
#   name: frequency_error
#   datatype: float32
#   unit: d**-1
#   description: "Uncertainty of \\texttt{frequency}"
#   meta:
#     ucd: stat.error
# - 
#   name: geom_model_reference_level
#   datatype: float32
#   unit: mag
#   description: Magnitude reference level of geometric model
#   meta:
#     ucd: phot.mag;em.opt
# - 
#   name: geom_model_reference_level_error
#   datatype: float32
#   unit: mag
#   description: "Uncertainty of \\texttt{geomModelReferenceLevel}"
#   meta:
#     ucd: stat.error;phot.mag;em.opt
# - 
#   name: geom_model_gaussian1_phase
#   datatype: float32
#   description: Phase of the Gaussian 1 component
#   meta:
#     ucd: time.phase
# - 
#   name: geom_model_gaussian1_phase_error
#   datatype: float32
#   description: "Uncertainty of \\texttt{geomModelGaussian1Phase}"
#   meta:
#     ucd: stat.error;time.phase
# - 
#   name: geom_model_gaussian1_sigma
#   datatype: float32
#   description: "Standard deviation [phase] of Gaussian 1 component"
#   meta:
#     ucd: stat.stdev
# - 
#   name: geom_model_gaussian1_sigma_error
#   datatype: float32
#   description: "Uncertainty of \\texttt{geomModelGaussian1Sigma}"
#   meta:
#     ucd: stat.error
# - 
#   name: geom_model_gaussian1_depth
#   datatype: float32
#   unit: mag
#   description: Magnitude depth of Gaussian 1 component
#   meta:
#     ucd: src.var.amplitude
# - 
#   name: geom_model_gaussian1_depth_error
#   datatype: float32
#   unit: mag
#   description: "Uncertainty of \\texttt{geomModelGaussian1Depth}"
#   meta:
#     ucd: stat.error;src.var.amplitude
# - 
#   name: geom_model_gaussian2_phase
#   datatype: float32
#   description: Phase of Gaussian 2 component
#   meta:
#     ucd: time.phase
# - 
#   name: geom_model_gaussian2_phase_error
#   datatype: float32
#   description: "Uncertainty of \\texttt{geomModelGaussian2Phase}"
#   meta:
#     ucd: stat.error;time.phase
# - 
#   name: geom_model_gaussian2_sigma
#   datatype: float32
[...]
#   datatype: float32
#   description: "Secondary eclipse: uncertainty of \\texttt{derivedSecondaryEclDuration}"
#   meta:
#     ucd: stat.error;time.duration
# - 
#   name: derived_secondary_ecl_depth
#   datatype: float32
#   unit: mag
#   description: "Secondary eclipse: depth"
#   meta:
#     ucd: src.var.amplitude
# - 
#   name: derived_secondary_ecl_depth_error
#   datatype: float32
#   unit: mag
#   description: "Secondary eclipse: uncertainty of \\texttt{derivedSecondaryEclDepth}"
#   meta:
#     ucd: stat.error;src.var.amplitude
solution_id,source_id,global_ranking,reference_time,frequency,frequency_error,geom_model_reference_level,geom_model_reference_level_error,geom_model_gaussian1_phase,geom_model_gaussian1_phase_error,geom_model_gaussian1_sigma,geom_model_gaussian1_sigma_error,geom_model_gaussian1_depth,geom_model_gaussian1_depth_error,geom_model_gaussian2_phase,geom_model_gaussian2_phase_error,geom_model_gaussian2_sigma,geom_model_gaussian2_sigma_error,geom_model_gaussian2_depth,geom_model_gaussian2_depth_error,geom_model_cosine_half_period_amplitude,geom_model_cosine_half_period_amplitude_error,geom_model_cosine_half_period_phase,geom_model_cosine_half_period_phase_error,model_type,num_model_parameters,reduced_chi2,derived_primary_ecl_phase,derived_primary_ecl_phase_error,derived_primary_ecl_duration,derived_primary_ecl_duration_error,derived_primary_ecl_depth,derived_primary_ecl_depth_error,derived_secondary_ecl_phase,derived_secondary_ecl_phase_error,derived_secondary_ecl_duration,derived_secondary_ecl_duration_error,derived_secondary_ecl_depth,derived_secondary_ecl_depth_error
[from data line 436]
375316653866487564,2047784091127917056,0.585804,2222.9631553077147,1.4726579416681906,3.8354965E-6,18.952543,0.004568902,0.2932651,0.0026302352,0.048169103,0.0023125387,0.26313534,0.009378519,0.78961414,6.09761E-4,0.04273222,9.900652E-4,0.48894897,0.007928877,null,null,null,null,"TWOGAUSSIANS",8,1.674008,0.78961414,6.09761E-4,0.23930043,0.005544365,0.48894882,0.007928858,0.2932651,0.0026302352,0.26974696,0.012950216,0.2631352,0.009378532
375316653866487564,2047784434725230080,0.5757501,2237.9278800652814,2.933736599431486,8.768886E-6,17.50417,0.027446697,0.27519315,0.0024342577,0.09904435,0.01081448,0.257832,0.025935842,0.7679427,0.0099356575,0.09950722,0.016602343,0.2759242,0.024583569,null,null,null,null,"TWOGAUSSIANS",8,6.949009,0.7679427,0.0099356575,0.4,0.0,0.25551602,0.018276667,0.27519315,0.0024311042,0.4,0.0,0.23742414,0.010273178
375316653866487564,2047785160576874752,0.508352,2229.129437000624,1.8962118887027302,2.555142E-5,17.389954,0.129232,0.27698356,0.00907519,0.14387718,0.07342736,0.08395807,0.1248664,0.78443855,0.0075812577,0.13230899,0.05328296,0.08674885,0.11656866,null,null,null,null,"TWOGAUSSIANS",8,1.2400628,0.78477854,0.0075180354,0.4,0.0,0.05566783,0.0043020914,0.27678356,0.008701621,0.4,0.0,0.05261074,0.0031444114
375316653866487564,2047785263673904000,0.626712,2244.694093546165,2.564952194279454,3.483758E-6,17.172237,0.01877122,0.13714811,0.0013560673,0.063000634,0.0032293063,0.52383363,0.038034413,0.6424292,0.0014173393,0.058282267,0.003505916,0.45518684,0.03870097,0.05609219,0.02095648,0.13714811,0.0013560673,"TWOGAUSSIANS_WITH_ELLIPSOIDAL_ON_ECLIPSE1",9,10.3312025,0.13714811,0.0013560673,0.35280356,0.018084114,0.6357927,0.015762344,0.6424292,0.0014173393,0.3263807,0.01963313,0.56702244,0.008298079
375316653866487564,2047785328079216896,0.55510104,2238.034435894591,1.9341721347581764,2.3773124E-5,17.571575,0.0015288828,0.17079492,0.010122421,0.02525024,0.009187086,0.04159146,0.051954266,0.2699304,3.264397E-5,0.0041749356,2.8684939E-5,0.9568066,0.0032552418,0.0014850199,0.0022103046,0.17079492,0.010122421,"TWOGAUSSIANS_WITH_ELLIPSOIDAL_ON_ECLIPSE1",9,2.297208,0.2699304,3.264397E-5,0.02337964,1.6063565E-4,0.9587845,0.0036054808,0.17079492,0.010122421,0.14140134,0.05144768,0.044561498,0.052380696
375316653866487564,2047785572911416192,0.5465589,2247.269926373242,2.793915705988782,8.575502E-6,18.232347,0.0074617844,0.27140927,0.0017680521,0.087233216,0.003372281,0.25641286,0.008596049,0.76048994,0.0044131894,0.09350431,0.0062149162,0.28118953,0.015989708,null,null,null,null,"TWOGAUSSIANS",8,2.2422183,0.76048994,0.0044131894,0.4,0.0,0.2712998,0.017911546,0.27140927,0.0017680521,0.4,0.0,0.24652353,0.0070257005
375316653866487564,2047786706782850304,0.51847166,2229.579195084507,2.3172279330147685,1.1900706E-5,16.299961,0.011225533,0.24237171,0.004326528,0.097864226,0.0073496685,0.15647392,0.0123279095,0.74155974,0.0037856945,0.103466615,0.009404267,0.17240211,0.0104634175,null,null,null,null,"TWOGAUSSIANS",8,18.907145,0.74155974,0.0037856945,0.4,0.0,0.1574995,0.007651393,0.24237171,0.004326528,0.4,0.0,0.14157355,0.007625208
375316653866487564,2047787875014043008,0.59320164,2221.340597484215,0.24686626402461398,3.3775127E-6,15.697788,0.008523112,0.19810735,0.001397527,0.040997107,0.0016433472,0.7686434,0.031186583,0.70091486,0.0015632575,0.043108717,0.002805034,0.3326999,0.020070648,0.019548561,0.014012312,0.70091486,0.0015632575,"TWOGAUSSIANS_WITH_ELLIPSOIDAL_ON_ECLIPSE2",9,117.86346,0.19812734,0.0013859153,0.22958378,0.009202745,0.80772835,0.02751899,0.70091486,0.0015632575,0.24140881,0.01570819,0.371797,0.016327161
375316653866487564,2047788008138661760,0.5560836,2214.576713597516,1.5475655309177399,6.539916E-6,16.962145,0.008398762,0.21412113,0.004910414,0.051090807,0.0051732953,0.15916574,0.029877327,0.7141053,9.0133474E-4,0.04212678,0.0014746464,0.65388924,0.02228756,0.03924235,0.011756749,0.21412113,0.004910414,"TWOGAUSSIANS_WITH_ELLIPSOIDAL_ON_ECLIPSE1",9,38.516052,0.7141053,8.767352E-4,0.23590995,0.00825802,0.7323728,0.016526757,0.21412113,0.004910414,0.28610852,0.028970454,0.23764937,0.019892724
375316653866487564,2047788145577745408,0.4856585,2217.5269956953907,2.1404848930327525,1.1172734E-5,18.583334,0.0077085416,0.30111128,0.0029666943,0.047515284,0.0021139279,0.48581535,0.024106897,0.8158508,0.042576868,0.063412726,0.03087976,0.07291702,0.017640006,null,null,null,null,"TWOGAUSSIANS",8,10.483407,0.30111128,0.0029666943,0.2660856,0.011837996,0.48580867,0.024103079,0.8158508,0.042576868,0.35511127,0.17292665,0.072910346,0.017641366
375316653866487564,2047788940148411648,0.56559336,2209.853160359566,2.5698849176424563,6.378982E-6,19.002491,0.0067484607,0.23973314,0.0023854761,0.07889854,0.0028229447,0.3855305,0.009450941,0.74618596,0.0036079295,0.08452923,0.0041925744,0.41665,0.012287083,null,null,null,null,"TWOGAUSSIANS",8,1.9191031,0.74618596,0.0036079295,0.4,0.0,0.41005903,0.012135753,0.23973314,0.0023854761,0.4,0.0,0.37893954,0.008930274
375316653866487564,2047789558641284480,0.50608814,2202.09814824849,2.9695579435682866,1.4038918E-5,16.470997,0.19553612,0.25548252,0.004929455,0.1531521,0.017046131,0.650338,0.15465112,0.7499958,0.0060521774,0.26452395,0.03675048,0.910045,0.19255447,null,null,null,null,"TWOGAUSSIANS",8,13.310255,0.25921252,0.0053732772,0.4,0.0,0.1960123,0.009832095,0.7499958,0.0060521774,0.4,0.0,0.15823828,0.009835333
375316653866487564,2047789932284641920,0.5825558,2204.4525541637777,2.328523383036304,1.0363868E-5,16.784176,0.0081200395,0.21489972,0.002053201,0.046629954,0.007975437,0.09345621,0.017967677,0.71453744,0.0057574087,0.059370004,0.006848431,0.097765446,0.02095235,0.102326535,0.009795138,0.21489972,0.002053201,"TWOGAUSSIANS_WITH_ELLIPSOIDAL_ON_ECLIPSE1",9,11.784528,0.71466744,0.0045442875,0.33247203,0.038351215,0.30240437,0.01031305,0.21489972,0.002053201,0.26112774,0.044662446,0.2980958,0.008572213
375316653866487564,2047790005300017152,0.51064926,2212.754940949493,3.871527805833784,2.3592547E-5,19.73036,0.022500716,0.22307098,0.0058834963,0.07395754,0.004611635,0.40267953,0.03434164,0.717044,0.00916617,0.07931421,0.010894955,0.36672068,0.037492663,null,null,null,null,"TWOGAUSSIANS",8,2.5048523,0.22307098,0.0058834963,0.4,0.0,0.39938587,0.03290043,0.717044,0.00916617,0.4,0.0,0.363427,0.03740207
375316653866487564,2047790482040709760,0.47542438,2209.3258287897124,2.972865325410024,3.8595477E-5,18.736279,0.005183271,0.2137204,0.008865062,0.017366266,0.007985618,0.023921797,0.009570811,0.8152636,0.023212355,0.018695971,0.009769141,0.28065032,0.49011278,0.05981888,0.007299048,0.2137204,0.008865062,"TWOGAUSSIANS_WITH_ELLIPSOIDAL_ON_ECLIPSE1",9,2.6572874,0.8152636,0.023212355,0.104697436,0.05470719,0.35784727,0.5013182,0.2137204,0.008865062,0.09725109,0.044719458,0.14355928,0.00807753
375316653866487564,2047790520714338944,0.48053887,2225.8614541666334,3.384443712164027,1.5770935E-5,16.838903,0.0021981841,null,null,null,null,null,null,null,null,null,null,null,null,0.04339198,0.0039085727,0.25525936,0.00390096,"ELLIPSOIDAL",4,10.337391,null,null,null,null,null,null,null,null,null,null,null,null
375316653866487564,2047790619489819264,0.5270101,2221.2176221361715,2.668270011700596,8.276548E-6,18.667542,0.010713689,0.17666368,0.0031032944,0.07983011,0.005331462,0.22755389,0.0111537175,0.67454165,0.0058236714,0.09726355,0.010077773,0.24243736,0.017063474,null,null,null,null,"TWOGAUSSIANS",8,2.4629571,0.67454165,0.0058236714,0.4,0.0,0.23401774,0.019259004,0.17666368,0.0031032944,0.4,0.0,0.21913515,0.008627853
375316653866487564,2047790795592269696,0.49072158,2249.160303931297,1.830995344982094,1.6048512E-5,16.110088,0.010919022,0.34166762,0.008262469,0.063422896,0.010015333,0.33770663,0.0124832075,0.82987154,0.0046265847,0.076497205,0.006016916,0.23115101,0.013477315,null,null,null,null,"TWOGAUSSIANS",8,35.04212,0.34166762,0.008262469,0.35516822,0.04667291,0.33702898,0.013018494,0.82987154,0.0046265847,0.4,0.0,0.23047335,0.0126904575
375316653866487564,2047791512833141248,0.5391709,2206.53582903641,1.9160067636434828,1.1190706E-5,17.370394,0.009090991,0.28378016,0.0036420024,0.09612866,0.0069146156,0.13241462,0.008907503,0.7832811,0.0051115863,0.10981421,0.015040348,0.09160514,0.0076396633,null,null,null,null,"TWOGAUSSIANS",8,2.330287,0.28378016,0.0036420024,0.4,0.0,0.12116341,0.004051355,0.7832811,0.0051115863,0.4,0.0,0.08034851,0.0038960618
375316653866487564,2047791856438149120,0.5622475,2212.1041927319293,3.0399334587409053,9.33064E-6,18.17106,0.011194171,0.24982378,0.0050872965,0.08889425,0.0056383437,0.36419725,0.014656784,0.74422336,0.0023081237,0.08928564,0.004367981,0.37969074,0.011867681,null,null,null,null,"TWOGAUSSIANS",8,5.0948057,0.74422336,0.0023081237,0.4,0.0,0.36641723,0.010364235,0.24982378,0.0050872965,0.4,0.0,0.35092378,0.011928552
375316653866487564,2047792784136133504,0.5110825,2190.1531703574096,0.5609734907088506,1.208026E-5,18.319271,0.0036709479,0.36264083,0.00202352,0.037313405,0.0030138057,0.15600315,0.0054952814,0.86835164,0.011735011,0.039803736,0.007239046,0.043527547,0.009633161,null,null,null,null,"TWOGAUSSIANS",8,1.7626979,0.36264083,0.00202352,0.20895506,0.016877312,0.15600315,0.0054952814,0.86835164,0.011735011,0.22290093,0.040538657,0.043527547,0.009633161
375316653866487564,2047792822816695936,0.59205085,2228.961841749186,0.6182190346725591,2.5247587E-6,16.065659,0.002281394,0.27866638,0.001131153,0.02633938,0.0013723423,0.50638634,0.029452512,0.79453206,0.08043636,0.030344695,0.030270336,0.22321853,7.474222,null,null,null,null,"TWOGAUSSIANS",8,25.532934,0.27866638,0.001131153,0.14750053,0.007685117,0.50638634,0.029452512,0.79453206,0.08043636,0.1699303,0.16951388,0.22321853,7.474222
375316653866487564,2047793372556034944,0.5098615,2240.212803221361,3.4735047358282483,1.806502E-5,19.524033,0.025038889,0.20680706,0.00940479,0.06319478,0.008487796,0.56980324,0.14924775,0.708106,0.0050652465,0.06173929,0.008579316,0.6520346,0.07748071,null,null,null,null,"TWOGAUSSIANS",8,4.949614,0.708106,0.0050652465,0.34574002,0.048044167,0.65164596,0.07789246,0.20680706,0.00940479,0.35389078,0.04753166,0.56941456,0.14942189
375316653866487564,2047793441292063744,0.57141775,2233.449321978847,0.09097323585606738,1.7946635E-5,14.155225,4.7055446E-4,0.35913533,1.1162917E-6,0.004153996,2.7098127E-5,0.14687994,2.5802563E-5,0.66151005,0.025453823,0.014930218,0.016199065,0.009034784,0.008432936,null,null,null,null,"TWOGAUSSIANS",8,6.379,0.35913533,1.1162917E-6,0.023262376,1.5174951E-4,0.14687994,2.5802563E-5,0.66151005,0.025453823,0.08360922,0.09071477,0.009034784,0.008432936
375316653866487564,2047793883647897472,0.59959865,2245.6700544650744,4.118247235633071,8.1765575E-6,18.3827,0.014219282,0.2765563,0.0017720379,0.043311846,0.0045965733,0.5788862,0.027638784,0.770264,0.0033558137,0.04742757,0.008089286,0.35030496,0.052598204,0.07960512,0.018192304,0.2765563,0.0017720379,"TWOGAUSSIANS_WITH_ELLIPSOIDAL_ON_ECLIPSE1",9,5.3877416,0.2765563,0.0017720379,0.24254635,0.025740812,0.73809576,0.021459617,0.770734,0.003099799,0.2655944,0.045300007,0.5092843,0.06635373
375316653866487564,2047794914440266880,0.42504102,2216.940635068718,2.405308376692044,5.0479113E-5,17.395714,0.017668763,0.3356285,0.035422027,0.08848876,0.044694994,0.054362856,0.0251759,0.7738093,0.0087488685,0.08662338,0.026874742,0.09465732,0.016365474,null,null,null,null,"TWOGAUSSIANS",8,19.328798,0.7738093,0.0087488685,0.4,0.0,0.09382895,0.014749451,0.3356285,0.035426553,0.4,0.0662035,0.053534497,0.023340635
375316653866487564,2047795743377969024,0.5353291,2202.92240172576,0.6448262298582415,3.400903E-5,18.475195,0.023531903,0.281483,0.014687332,0.022871822,0.08099556,0.2576742,0.20269547,0.7640249,0.004118756,0.034790263,0.010585623,0.28650266,0.040841945,0.05425877,0.020576296,0.281483,0.014687332,"TWOGAUSSIANS_WITH_ELLIPSOIDAL_ON_ECLIPSE1",9,6.5061135,0.7646349,0.0038421375,0.19482547,0.05927949,0.39376462,0.03757897,0.281483,0.014687332,0.1280822,0.27223423,0.36619172,0.24305369
375316653866487564,2047796980345128576,0.5831172,2210.757470550001,4.058458794882207,1.5528802E-5,18.79063,0.029402008,0.30908796,0.0028654512,0.039559856,0.015952703,0.38216206,0.054741442,0.808853,0.006911961,0.03210337,0.02368047,0.23465632,0.08508589,0.14488749,0.038218856,0.30908796,0.0028654512,"TWOGAUSSIANS_WITH_ELLIPSOIDAL_ON_ECLIPSE1",9,3.9843612,0.30908796,0.0028654512,0.22153519,0.089335136,0.67193705,0.05517468,0.80887294,0.0068116738,0.17977887,0.13261063,0.52443075,0.10155544
375316653866487564,2047797010384176384,0.5460319,2225.1464088383723,4.069156179230693,6.760366E-6,18.054281,0.010926243,0.22388029,0.0016793354,0.07592512,0.003734722,0.4341085,0.023618301,0.72075576,0.0027611775,0.074767396,0.002958361,0.5403198,0.025280884,null,null,null,null,"TWOGAUSSIANS",8,9.302721,0.72075576,0.0027611775,0.4,0.0,0.53664756,0.025187897,0.22388029,0.0016793354,0.4,0.0,0.43043628,0.023953147
375316653866487564,2047797079103718528,0.6259732,2219.6890772002153,2.9243462152831885,3.974658E-6,16.552942,0.013088194,0.23304096,0.0014868741,0.04485925,0.002776474,0.56296873,0.029797526,0.73855543,0.0019921972,0.04020799,0.003140321,0.55166173,0.04193045,0.14935859,0.016585415,0.73855543,0.0019921972,"TWOGAUSSIANS_WITH_ELLIPSOIDAL_ON_ECLIPSE2",9,36.682453,0.23347096,0.0013728562,0.2512118,0.015548253,0.8613552,0.019228343,0.73855543,0.0019921972,0.22516474,0.017585797,0.8503788,0.041081324
375316653866487564,2047797938097270144,0.5396096,2212.4247637099866,2.463785296893156,1.3885901E-5,18.600288,0.0050501637,0.26839918,0.0031600844,0.029180702,0.0040267413,0.12879987,0.032951783,0.76347303,0.0560211,0.04750933,0.03483105,0.06620588,0.08904518,0.100647114,0.007185056,0.26839918,0.0031600844,"TWOGAUSSIANS_WITH_ELLIPSOIDAL_ON_ECLIPSE1",9,3.0539348,0.26839918,0.0031600844,0.16341193,0.02254975,0.33009386,0.03093072,0.76520306,0.055502854,0.26605225,0.19505388,0.26737484,0.06596334
375316653866487564,2047798041176589440,0.5179427,2214.2128411080325,0.9003840955003192,3.3946842E-5,19.324371,0.005567539,0.19950177,0.0043361117,0.038292956,0.0042214664,0.25831845,0.037396993,0.6990611,0.004399768,0.042760648,0.005472298,0.2621859,0.018572414,null,null,null,null,"TWOGAUSSIANS",8,1.6483045,0.6990611,0.004399768,0.23945962,0.030644868,0.2621859,0.018572418,0.19950177,0.0043361117,0.21444055,0.02364021,0.25831842,0.037397
375316653866487564,2047798797090856320,0.6176304,2216.4872270849696,2.9462245280368067,5.3835943E-6,18.221975,0.005702386,0.24178497,0.0016728827,0.0840191,0.002248574,0.42592424,0.0068263765,0.7434882,0.002016488,0.0816771,0.0025603133,0.41168457,0.011117399,null,null,null,null,"TWOGAUSSIANS",8,1.9638222,0.24178497,0.0016728827,0.4,0.0,0.4173682,0.0063159075,0.7434882,0.002016488,0.4,0.0,0.40312853,0.0110597
375316653866487564,2047799522965941632,0.5426122,2225.8548812068057,0.08683821922744193,1.1298266E-5,14.861408,0.0018315637,0.20651317,0.005592963,0.014701001,0.002325181,0.09297057,0.15726751,0.6908563,5.5509224E-4,0.002952483,4.1679744E-4,0.31775594,0.048548903,0.004597561,0.0032480906,0.6908563,5.5509224E-4,"TWOGAUSSIANS_WITH_ELLIPSOIDAL_ON_ECLIPSE2",9,87.46851,0.6908563,5.5509224E-4,0.016533906,0.0023340657,0.32695106,0.048804905,0.20648316,0.0056106765,0.08232561,0.013021014,0.10207714,0.15718324
375316653866487564,2047800485023499904,0.5332125,2210.094157719442,4.026335064338264,1.9720184E-5,19.37797,0.018722203,0.34109145,0.0071341405,0.070378385,0.0078657055,0.4720511,0.046293393,0.8229456,0.009940582,0.07023838,0.0129732825,0.5783093,0.032217685,null,null,null,null,"TWOGAUSSIANS",8,4.567071,0.8229456,0.009940582,0.39333493,0.059016705,0.577133,0.03213455,0.34109145,0.0071341405,0.39411893,0.03319928,0.47087482,0.0463231
