Gaia/vari_eclipsing_binary/VariEclipsingBinary_692578-692694.csv
# %ECSV 1.0
# ---
# delimiter: ','
# meta: !!omap
# - RELEASE: Gaia DR3
# - TABLE: vari_eclipsing_binary
# - DESCRIPTION: >
#     This table describes the properties of the eclipsing binaries resulting from the variability analysis. 
# - CITATION: >
#     How to cite and acknowledge Gaia: 
#     https://gea.esac.esa.int/archive/documentation/credits.html 
# - KNOWN_ISSUES: >
#     Known issues: 
#     https://www.cosmos.esa.int/web/gaia-users/known-issues 
# - DOCUMENTATION: >
#     Tutorials and documentation: 
#     https://www.cosmos.esa.int/web/gaia-users/archive 
# datatype:
# - 
#   name: solution_id
#   datatype: int64
#   description: Solution Identifier
#   meta:
#     ucd: meta.version
# - 
#   name: source_id
#   datatype: int64
#   description: Unique source identifier
#   meta:
#     ucd: meta.id;meta.main
# - 
#   name: global_ranking
#   datatype: float32
#   description: Number between 0 (worst) and 1 (best)
#   meta:
#     ucd: stat.param
# - 
#   name: reference_time
#   datatype: float64
#   unit: d
#   description: Reference time used for the geometric model fit
#   meta:
#     ucd: time.epoch
# - 
#   name: frequency
#   datatype: float64
#   unit: d**-1
#   description: Frequency of geometric model of the eclipsing binary light curve
#   meta:
#     ucd: src.orbital
# - 
#   name: frequency_error
#   datatype: float32
#   unit: d**-1
#   description: "Uncertainty of \\texttt{frequency}"
#   meta:
#     ucd: stat.error
# - 
#   name: geom_model_reference_level
#   datatype: float32
#   unit: mag
#   description: Magnitude reference level of geometric model
#   meta:
#     ucd: phot.mag;em.opt
# - 
#   name: geom_model_reference_level_error
#   datatype: float32
#   unit: mag
#   description: "Uncertainty of \\texttt{geomModelReferenceLevel}"
#   meta:
#     ucd: stat.error;phot.mag;em.opt
# - 
#   name: geom_model_gaussian1_phase
#   datatype: float32
#   description: Phase of the Gaussian 1 component
#   meta:
#     ucd: time.phase
# - 
#   name: geom_model_gaussian1_phase_error
#   datatype: float32
#   description: "Uncertainty of \\texttt{geomModelGaussian1Phase}"
#   meta:
#     ucd: stat.error;time.phase
# - 
#   name: geom_model_gaussian1_sigma
#   datatype: float32
#   description: "Standard deviation [phase] of Gaussian 1 component"
#   meta:
#     ucd: stat.stdev
# - 
#   name: geom_model_gaussian1_sigma_error
#   datatype: float32
#   description: "Uncertainty of \\texttt{geomModelGaussian1Sigma}"
#   meta:
#     ucd: stat.error
# - 
#   name: geom_model_gaussian1_depth
#   datatype: float32
#   unit: mag
#   description: Magnitude depth of Gaussian 1 component
#   meta:
#     ucd: src.var.amplitude
# - 
#   name: geom_model_gaussian1_depth_error
#   datatype: float32
#   unit: mag
#   description: "Uncertainty of \\texttt{geomModelGaussian1Depth}"
#   meta:
#     ucd: stat.error;src.var.amplitude
# - 
#   name: geom_model_gaussian2_phase
#   datatype: float32
#   description: Phase of Gaussian 2 component
#   meta:
#     ucd: time.phase
# - 
#   name: geom_model_gaussian2_phase_error
#   datatype: float32
#   description: "Uncertainty of \\texttt{geomModelGaussian2Phase}"
#   meta:
#     ucd: stat.error;time.phase
# - 
#   name: geom_model_gaussian2_sigma
#   datatype: float32
[...]
#   datatype: float32
#   description: "Secondary eclipse: uncertainty of \\texttt{derivedSecondaryEclDuration}"
#   meta:
#     ucd: stat.error;time.duration
# - 
#   name: derived_secondary_ecl_depth
#   datatype: float32
#   unit: mag
#   description: "Secondary eclipse: depth"
#   meta:
#     ucd: src.var.amplitude
# - 
#   name: derived_secondary_ecl_depth_error
#   datatype: float32
#   unit: mag
#   description: "Secondary eclipse: uncertainty of \\texttt{derivedSecondaryEclDepth}"
#   meta:
#     ucd: stat.error;src.var.amplitude
solution_id,source_id,global_ranking,reference_time,frequency,frequency_error,geom_model_reference_level,geom_model_reference_level_error,geom_model_gaussian1_phase,geom_model_gaussian1_phase_error,geom_model_gaussian1_sigma,geom_model_gaussian1_sigma_error,geom_model_gaussian1_depth,geom_model_gaussian1_depth_error,geom_model_gaussian2_phase,geom_model_gaussian2_phase_error,geom_model_gaussian2_sigma,geom_model_gaussian2_sigma_error,geom_model_gaussian2_depth,geom_model_gaussian2_depth_error,geom_model_cosine_half_period_amplitude,geom_model_cosine_half_period_amplitude_error,geom_model_cosine_half_period_phase,geom_model_cosine_half_period_phase_error,model_type,num_model_parameters,reduced_chi2,derived_primary_ecl_phase,derived_primary_ecl_phase_error,derived_primary_ecl_duration,derived_primary_ecl_duration_error,derived_primary_ecl_depth,derived_primary_ecl_depth_error,derived_secondary_ecl_phase,derived_secondary_ecl_phase_error,derived_secondary_ecl_duration,derived_secondary_ecl_duration_error,derived_secondary_ecl_depth,derived_secondary_ecl_depth_error
[from data line 148]
375316653866487564,6092205878659897728,0.54301196,2126.7263977602024,3.677852114645302,4.134192E-5,18.803509,0.0023458079,0.3219839,3.5187975E-4,0.018726295,4.980359E-4,0.6698627,0.031539995,0.84275895,0.013562698,0.021661816,0.005304302,0.029536474,0.008337835,null,null,null,null,"TWOGAUSSIANS",8,0.994021,0.3219839,3.5187975E-4,0.10486725,0.0027890012,0.6698627,0.031539995,0.84275895,0.013562698,0.121306166,0.029704092,0.029536474,0.008337835
375316653866487564,6092209250218415360,0.5072638,2161.9611682457403,0.30726311720332916,2.3090075E-5,17.006052,0.0022862472,0.32012594,0.015686793,0.036769707,0.012395674,0.17944524,0.05438431,null,null,null,null,null,null,0.009918147,0.006190176,0.32012594,0.015686793,"ONEGAUSSIAN_WITH_ELLIPSOIDAL",6,4.5388026,0.32012594,0.015686793,0.20591035,0.06941578,0.19928153,0.05312862,null,null,null,null,null,null
375316653866487564,6092209933108244224,0.6295068,2157.99407211605,3.454875647734947,1.2428732E-5,18.758928,0.020978954,0.23121561,0.0021719688,0.047060557,0.0070536546,0.34080517,0.04342596,0.72808903,0.0015067906,0.047994737,0.0035927447,0.49730626,0.046528142,0.109531224,0.02756286,0.23121561,0.0021719688,"TWOGAUSSIANS_WITH_ELLIPSOIDAL_ON_ECLIPSE1",9,2.1874456,0.72831905,0.001355818,0.26877052,0.02011937,0.7162893,0.017518654,0.23121561,0.0021719688,0.2635391,0.039500467,0.5598664,0.028609855
375316653866487564,6092211105643399808,0.5570918,2155.806022632739,2.244798423118685,1.950551E-5,17.285501,0.0070274384,0.26061893,0.0077899983,0.083316095,0.009126912,0.15666595,0.006804616,0.7607058,0.004006574,0.09213866,0.0066740396,0.15073456,0.0062580765,null,null,null,null,"TWOGAUSSIANS",8,3.0845551,0.26061893,0.0077899983,0.4,0.0,0.15138844,0.004946756,0.7607058,0.004006574,0.4,0.0,0.14545693,0.003884215
375316653866487564,6092211341857308416,0.53285986,2157.198195477498,2.49128048721457,1.0085268E-5,16.80858,0.008831617,0.2540944,0.0033494234,0.07788468,0.0074359775,0.17790477,0.009916458,0.7502393,0.0038662888,0.08599864,0.0060431035,0.16738835,0.0137198875,null,null,null,null,"TWOGAUSSIANS",8,14.671611,0.2540944,0.0033494234,0.4,0.0,0.17485625,0.009550995,0.7502393,0.0038662888,0.4,0.0,0.16433981,0.01313077
375316653866487564,6092212205155035904,0.52465093,2163.7566617703437,0.7158110995439155,1.208903E-5,19.034815,0.0025747207,0.2409192,7.1298453E-4,0.014085198,4.7829363E-4,0.42968154,0.009462442,0.16072714,1.3390488E-4,0.004703459,4.1377993E-4,0.08835069,0.004981574,null,null,null,null,"TWOGAUSSIANS",8,1.0537444,0.2409192,7.1298453E-4,0.07887711,0.0026784444,0.42968154,0.009462442,0.16072714,1.3390488E-4,0.026339369,0.0023171676,0.088350736,0.004981555
375316653866487564,6092215499386766720,0.46189466,2150.097057946218,3.469127021096916,1.8529182E-4,18.107613,0.04289644,0.1235524,0.05382612,0.10773422,0.075947866,0.042684466,0.04429227,0.6676004,0.022749994,0.0623438,0.039773494,0.14497526,0.028213868,null,null,null,null,"TWOGAUSSIANS",8,11.682995,0.6676104,0.022208557,0.3491253,0.070455395,0.14423592,0.017550785,0.1235524,0.05382303,0.4,0.0,0.04193949,0.01655092
375316653866487564,6092216255301072768,0.5319602,2163.3940829936228,2.8984667379121727,2.4623903E-5,17.099396,0.037217624,0.23078659,0.0066267517,0.10867942,0.022775106,0.21874835,0.034734465,0.7461182,0.00805502,0.103753306,0.019064754,0.20904982,0.03553377,null,null,null,null,"TWOGAUSSIANS",8,12.185014,0.2307766,0.0066430178,0.4,0.0,0.19619124,0.009873909,0.74613816,0.0080432,0.4,0.0,0.18650134,0.009509427
375316653866487564,6092217560971445376,0.56583524,2156.849394732681,4.769205505754015,1.0377401E-5,18.442646,0.016665407,0.20113462,0.003455103,0.044046417,0.009334874,0.22764958,0.040492583,0.6902498,0.008954247,0.040391862,0.008066859,0.2203481,0.041321497,0.14086783,0.022050338,0.20113462,0.003455103,"TWOGAUSSIANS_WITH_ELLIPSOIDAL_ON_ECLIPSE1",9,7.144381,0.20113462,0.003455103,0.24665995,0.052275296,0.5093849,0.026985813,0.6917898,0.008084994,0.22619443,0.04517441,0.50095314,0.018339645
375316653866487564,6092219313317941248,0.5547059,2136.2777865422668,3.5936419858433557,1.7166303E-5,18.721941,0.028981902,0.3342425,0.0036000789,0.039451495,0.021959588,0.24231984,0.13891752,0.82722384,0.0108063985,0.042372614,0.020034304,0.18191266,0.10269984,0.13689186,0.037430115,0.3342425,0.0036000789,"TWOGAUSSIANS_WITH_ELLIPSOIDAL_ON_ECLIPSE1",9,3.8258893,0.3342425,0.0036000789,0.22092837,0.12297369,0.51610327,0.16201313,0.82845384,0.008502371,0.23728664,0.112192094,0.45525745,0.11191198
375316653866487564,6092224059265027456,0.44424093,2069.881742936182,0.5550516827937318,9.037565E-5,18.253658,0.01146723,0.37536213,0.018856172,0.020787861,0.023059417,0.3687477,0.2577001,0.9054043,0.006140476,0.016754093,0.011159399,0.09724307,0.09598935,null,null,null,null,"TWOGAUSSIANS",8,4.100267,0.37536213,0.018856172,0.11641202,0.12913273,0.3687477,0.2577001,0.9054043,0.006140476,0.09382291,0.06249263,0.09724307,0.09598935
375316653866487564,6092226253985923200,0.4913345,2135.9266162091167,1.4717617801115102,2.5485571E-5,17.051037,0.001510598,0.7251678,0.0048941276,0.06919578,0.021365529,0.018275723,0.0046561174,null,null,null,null,null,null,0.017076472,0.0019126785,0.7251678,0.0048941276,"ONEGAUSSIAN_WITH_ELLIPSOIDAL",6,1.5804718,0.7251678,0.0048941276,0.38749635,0.09961034,0.052402217,0.0038401277,null,null,null,null,null,null
375316653866487564,6092227250417385856,0.51143163,2197.5140880400318,0.3005722956188228,1.2087622E-4,19.019396,0.0035346812,0.34382418,0.031627804,0.012055863,0.01784144,0.2713185,0.63766986,0.78708076,0.02219404,0.06168339,0.01905163,0.02453446,0.0072929594,null,null,null,null,"TWOGAUSSIANS",8,0.69600004,0.34382418,0.031627804,0.06751283,0.09991206,0.2713185,0.63766986,0.78708076,0.02219404,0.34542698,0.09107631,0.02453446,0.0072929594
375316653866487564,6092228349929265792,0.5040133,2134.6730426817285,3.323529214200019,4.8263846E-5,17.673561,0.03363744,0.2565637,0.009809788,0.10526662,0.018217104,0.18445171,0.032417364,0.7299422,0.0050309603,0.12198298,0.019206686,0.15870854,0.032920018,null,null,null,null,"TWOGAUSSIANS",8,7.328525,0.2566937,0.009707441,0.4,0.0,0.161458,0.012188015,0.7299422,0.0050309603,0.4,0.0,0.13562343,0.009468984
375316653866487564,6092231618400017024,0.5312758,2144.6435432273643,3.2640506131903213,1.852092E-5,18.302681,0.0081235925,0.2447514,0.004557112,0.040074285,0.0071001966,0.11190894,0.028258936,0.6668055,0.009072242,0.042894218,0.013222766,0.08367719,0.021672694,0.09844769,0.008897824,0.2447514,0.004557112,"TWOGAUSSIANS_WITH_ELLIPSOIDAL_ON_ECLIPSE1",9,4.273307,0.2447514,0.004557112,0.224416,0.0397611,0.30880386,0.023867544,0.6869755,0.013578887,0.24020761,0.07404749,0.24698693,0.015287897
375316653866487564,6092234916943044864,0.5447488,2160.446974223146,0.3813919588522616,5.22372E-6,19.606255,0.006205504,0.5627851,0.0024430011,0.022988474,0.0021874427,0.77186984,0.022556301,0.84169966,0.01862019,0.008991564,0.0045728902,0.20226151,0.8264967,null,null,null,null,"TWOGAUSSIANS",8,1.8757648,0.5627851,0.0024430011,0.12873545,0.01224968,0.77186984,0.022556301,0.84169966,0.01862019,0.050352756,0.025608186,0.20226151,0.8264967
375316653866487564,6092235153166976000,0.4410198,2133.4014266859385,4.247741631780448,3.1954034E-5,18.956472,0.052342243,0.2647886,0.022890212,0.093776375,0.027412204,0.41061532,0.06308079,0.7881458,0.0077124494,0.06075847,0.011847815,0.6337864,0.074738756,null,null,null,null,"TWOGAUSSIANS",8,30.103119,0.7881458,0.0077124494,0.34024745,0.06634776,0.6307365,0.074455574,0.2647886,0.022890212,0.4,0.0,0.4075643,0.06571003
375316653866487564,6092235737273449600,0.5082087,2155.0324513281244,3.4408762099273646,1.6319962E-5,17.834309,0.48472822,0.27870348,0.012134475,0.10254387,0.047372855,0.18424234,0.32821408,0.7590439,0.007189511,0.13152076,0.11003698,0.19512111,0.47972924,null,null,null,null,"TWOGAUSSIANS",8,4.970633,0.7590439,0.007189511,0.4,0.0,0.16304335,0.018205076,0.2789635,0.008502691,0.4,0.0,0.15248866,0.0155294845
375316653866487564,6092238382973710976,0.6430091,2140.5770570084514,2.3503831568768834,3.5719147E-6,14.878695,0.018706942,0.30619577,0.0011395803,0.06524316,0.005739528,0.25164944,0.038721614,0.8096236,0.002729028,0.068013765,0.0063856854,0.21074854,0.04030747,0.101436995,0.021819856,0.30619577,0.0011395803,"TWOGAUSSIANS_WITH_ELLIPSOIDAL_ON_ECLIPSE1",9,30.855936,0.30619577,0.0011395803,0.36536172,0.032141358,0.454155,0.010122587,0.8096236,0.002729028,0.38087708,0.03575984,0.41316,0.016647747
375316653866487564,6092239796025240960,0.58588797,2121.3909584087633,3.4113645214618398,7.915485E-6,15.262346,0.032740753,0.22329013,0.0021364556,0.05767748,0.0063710245,0.45031267,0.06828161,0.71204704,0.012680624,0.044105057,0.02428423,0.36187282,0.19659702,0.08296711,0.040363424,0.22329013,0.0021364556,"TWOGAUSSIANS_WITH_ELLIPSOIDAL_ON_ECLIPSE1",9,234.42978,0.22329013,0.0021364556,0.32299387,0.03567774,0.6162096,0.031520627,0.71278703,0.010089084,0.24698831,0.13599169,0.5269972,0.2195962
375316653866487564,6092245117482572288,0.51178485,2168.6779232353133,0.32910406839452494,1.0923441E-4,19.765724,0.008768143,0.4736663,0.0151978,0.042207193,0.010904675,0.3903799,0.050058216,0.74209803,0.12552643,0.13198748,0.052146494,0.02726212,0.0188272,null,null,null,null,"TWOGAUSSIANS",8,1.5691332,0.4739063,0.014884178,0.23636028,0.06106618,0.39379117,0.041127447,0.74209803,0.12552643,0.4,0.0,0.027220285,0.018591747
375316653866487564,6092248282880809984,0.5610321,2160.3369859267677,1.8861973403056709,1.0098417E-5,17.449118,0.0046052667,0.1783266,0.002248563,0.064727366,0.0035848708,0.1743243,0.006602129,0.6810404,0.0060211597,0.07554329,0.008663549,0.14611894,0.005367678,null,null,null,null,"TWOGAUSSIANS",8,2.874286,0.1783266,0.002248563,0.36247325,0.020075276,0.17381108,0.006537073,0.6810404,0.0060211597,0.4,0.0,0.14560571,0.0055128415
375316653866487564,6092249073144881664,0.44898918,2180.226589208944,1.1288499025830774,2.2768514E-5,18.523148,0.0097255325,0.20253292,0.005812035,0.04864467,0.0051075188,0.18152648,0.033009026,0.5324054,0.016196538,0.07054137,0.02544439,0.01473339,0.008993199,0.039065633,0.011591775,0.5324054,0.016196538,"TWOGAUSSIANS_WITH_ELLIPSOIDAL_ON_ECLIPSE2",9,3.609163,0.19686292,0.0051693292,0.27241015,0.028602105,0.20074962,0.033592496,0.5324054,0.016196538,0.39503166,0.093475744,0.09283713,0.025707982
375316653866487564,6092249691629604096,0.6203121,2171.099812083534,2.365198309155223,5.2257733E-6,14.685458,0.025793,0.24380046,0.0015117212,0.06309646,0.009161374,0.23244867,0.048813883,0.74483454,0.0025035364,0.06717535,0.0075177327,0.31072667,0.048045315,0.036458492,0.028329689,0.24380046,0.0015117212,"TWOGAUSSIANS_WITH_ELLIPSOIDAL_ON_ECLIPSE1",9,52.965366,0.74483454,0.0025035364,0.37618196,0.042099304,0.38326925,0.016372615,0.24380046,0.0015117212,0.3533402,0.051303692,0.30499431,0.010407687
375316653866487564,6092251817631829632,0.45042682,2184.238275246949,0.4445325599399371,6.330492E-5,19.047985,0.046244334,0.33094156,0.01841736,0.09185179,0.026650677,0.25132364,0.048934687,0.8672786,0.01596374,0.12873664,0.026139103,0.19330807,0.048787627,null,null,null,null,"TWOGAUSSIANS",8,8.620209,0.33070156,0.018259546,0.4,0.0,0.2297153,0.031361785,0.8672786,0.015958406,0.4,0.0,0.17137195,0.025596246
375316653866487564,6092253673057699328,0.63736707,2193.7733984518995,3.5296225207269387,7.4638156E-6,19.23497,0.008559181,0.25718197,0.0022148155,0.024717012,0.0185537,0.79309964,2.0518004E7,0.7559093,0.0018782614,0.034362476,0.0026912019,0.38636914,0.026883315,0.19004767,0.010830963,0.25718197,0.0022148155,"TWOGAUSSIANS_WITH_ELLIPSOIDAL_ON_ECLIPSE1",9,1.8564751,0.25718197,0.0022148155,0.13841526,0.103900716,1.1731945,2.0518004E7,0.7560193,0.0016871729,0.19242987,0.015070731,0.76644176,0.024049873
375316653866487564,6092256902873440896,0.4982581,2219.0913772785766,0.02657650559477692,1.8431158E-5,17.756245,0.016946105,0.24292941,0.040538993,0.096854955,0.0300624,0.21878044,0.031912766,0.7375511,0.0063734967,0.07243255,0.009826516,0.2519481,0.01690316,null,null,null,null,"TWOGAUSSIANS",8,3.3577027,0.7375511,0.0063734967,0.4,0.016584959,0.2466242,0.01566761,0.24292941,0.040538993,0.4,0.0,0.2134558,0.03446234
375316653866487564,6092259892173038976,0.5950535,2166.2645303914533,2.968114102658292,9.2847895E-6,17.559286,0.01628069,0.1108843,0.0031876613,0.044653066,0.011143926,0.089671396,0.036730144,0.6228877,0.0069104745,0.03873548,0.013143593,0.09128189,0.032998636,0.09887902,0.0196774,0.1108843,0.0031876613,"TWOGAUSSIANS_WITH_ELLIPSOIDAL_ON_ECLIPSE1",9,5.428945,0.6228877,0.0069104745,0.21691869,0.07360412,0.28791717,0.009837956,0.1108843,0.0031876613,0.25005716,0.062405985,0.2874294,0.011598328
375316653866487564,6092260098329166976,0.5293024,2150.265385777537,3.124238427337139,1.2581256E-5,18.143518,0.08787614,0.2501294,0.009796121,0.107970685,0.043494437,0.25308487,0.06377994,0.74308443,0.004374176,0.11125864,0.025458636,0.3447696,0.07713153,null,null,null,null,"TWOGAUSSIANS",8,6.353169,0.74308443,0.004374176,0.4,0.0,0.30405766,0.018792078,0.2501394,0.009926959,0.4,0.0,0.21239075,0.025544468
375316653866487564,6092260922963012864,0.5928578,2165.341296019316,3.0493760348514014,2.1431371E-5,18.246672,0.027288906,0.3052385,0.00244971,0.05263381,0.008131781,0.35605392,0.063155405,0.8016073,0.030528199,0.054847207,0.019542392,0.49053138,0.14766088,0.10161818,0.040361326,0.3052385,0.00244971,"TWOGAUSSIANS_WITH_ELLIPSOIDAL_ON_ECLIPSE1",9,3.6980438,0.80193734,0.028843014,0.30714437,0.1094374,0.69365543,0.12909268,0.3052385,0.00244971,0.29474932,0.045537975,0.55927426,0.033319894
375316653866487564,6092262129854911616,0.56169105,2195.5785239492784,1.745314540983715,1.3768808E-5,16.58403,0.025446143,0.26295537,0.0036573603,0.100970946,0.015663562,0.14061183,0.021757234,0.7729315,0.0038205879,0.12263621,0.022344908,0.13772336,0.021337364,null,null,null,null,"TWOGAUSSIANS",8,4.6355333,0.26290536,0.003630965,0.4,0.0,0.12017194,0.008862283,0.7729315,0.0038279719,0.4,0.0,0.11721374,0.0047763265
375316653866487564,6092263332448011392,0.5795546,2199.59093562783,4.470798289337524,1.2954588E-5,19.489136,0.006089825,0.23380964,0.0024797912,0.073442355,0.0025864579,0.44015235,0.015779642,0.729974,0.0032168345,0.07416126,0.0038593265,0.4480506,0.010780724,null,null,null,null,"TWOGAUSSIANS",8,0.6669854,0.729974,0.0032168345,0.4,0.0,0.4454298,0.010847828,0.23380964,0.0024797912,0.4,0.0,0.4375316,0.015784563
375316653866487564,6092265187871693184,0.50482386,2146.997716105614,1.7258030058167653,4.3367786E-6,18.01674,0.009873064,0.80538654,8.1448007E-4,0.007655413,0.0010509982,0.38300288,0.037237577,null,null,null,null,null,null,0.023947475,0.013982156,0.80538654,8.1448007E-4,"ONEGAUSSIAN_WITH_ELLIPSOIDAL",6,24.521458,0.80538654,8.1448007E-4,0.042870313,0.0058855903,0.43089777,0.03543138,null,null,null,null,null,null
375316653866487564,6092266424822245760,0.5176448,2160.2251520688073,2.4987181847628834,2.528685E-5,15.525016,0.066728115,0.20825861,0.0048736376,0.10038085,0.022362668,0.19700079,0.061869353,0.70244807,0.012636684,0.12524448,0.049092207,0.17267144,0.05301219,null,null,null,null,"TWOGAUSSIANS",8,67.0861,0.20828862,0.004870104,0.4,0.0,0.1677377,0.010286791,0.70244807,0.012636684,0.4,0.0,0.14328855,0.024674015
375316653866487564,6092268310306683904,0.55663216,2149.839376700382,2.553533683745575,1.0026987E-5,18.003187,0.014626651,0.2562659,0.0021738822,0.11132368,0.0064546852,0.23435672,0.013697194,0.7532527,0.003146593,0.10259119,0.0072233244,0.3133614,0.017039562,null,null,null,null,"TWOGAUSSIANS",8,1.8759387,0.7532527,0.003146593,0.4,0.0,0.27959666,0.018752566,0.2562659,0.0021738822,0.4,0.0,0.20057671,0.006298813
