Gaia/vari_eclipsing_binary/VariEclipsingBinary_207657-207681.csv
# %ECSV 1.0
# ---
# delimiter: ','
# meta: !!omap
# - RELEASE: Gaia DR3
# - TABLE: vari_eclipsing_binary
# - DESCRIPTION: >
#     This table describes the properties of the eclipsing binaries resulting from the variability analysis. 
# - CITATION: >
#     How to cite and acknowledge Gaia: 
#     https://gea.esac.esa.int/archive/documentation/credits.html 
# - KNOWN_ISSUES: >
#     Known issues: 
#     https://www.cosmos.esa.int/web/gaia-users/known-issues 
# - DOCUMENTATION: >
#     Tutorials and documentation: 
#     https://www.cosmos.esa.int/web/gaia-users/archive 
# datatype:
# - 
#   name: solution_id
#   datatype: int64
#   description: Solution Identifier
#   meta:
#     ucd: meta.version
# - 
#   name: source_id
#   datatype: int64
#   description: Unique source identifier
#   meta:
#     ucd: meta.id;meta.main
# - 
#   name: global_ranking
#   datatype: float32
#   description: Number between 0 (worst) and 1 (best)
#   meta:
#     ucd: stat.param
# - 
#   name: reference_time
#   datatype: float64
#   unit: d
#   description: Reference time used for the geometric model fit
#   meta:
#     ucd: time.epoch
# - 
#   name: frequency
#   datatype: float64
#   unit: d**-1
#   description: Frequency of geometric model of the eclipsing binary light curve
#   meta:
#     ucd: src.orbital
# - 
#   name: frequency_error
#   datatype: float32
#   unit: d**-1
#   description: "Uncertainty of \\texttt{frequency}"
#   meta:
#     ucd: stat.error
# - 
#   name: geom_model_reference_level
#   datatype: float32
#   unit: mag
#   description: Magnitude reference level of geometric model
#   meta:
#     ucd: phot.mag;em.opt
# - 
#   name: geom_model_reference_level_error
#   datatype: float32
#   unit: mag
#   description: "Uncertainty of \\texttt{geomModelReferenceLevel}"
#   meta:
#     ucd: stat.error;phot.mag;em.opt
# - 
#   name: geom_model_gaussian1_phase
#   datatype: float32
#   description: Phase of the Gaussian 1 component
#   meta:
#     ucd: time.phase
# - 
#   name: geom_model_gaussian1_phase_error
#   datatype: float32
#   description: "Uncertainty of \\texttt{geomModelGaussian1Phase}"
#   meta:
#     ucd: stat.error;time.phase
# - 
#   name: geom_model_gaussian1_sigma
#   datatype: float32
#   description: "Standard deviation [phase] of Gaussian 1 component"
#   meta:
#     ucd: stat.stdev
# - 
#   name: geom_model_gaussian1_sigma_error
#   datatype: float32
#   description: "Uncertainty of \\texttt{geomModelGaussian1Sigma}"
#   meta:
#     ucd: stat.error
# - 
#   name: geom_model_gaussian1_depth
#   datatype: float32
#   unit: mag
#   description: Magnitude depth of Gaussian 1 component
#   meta:
#     ucd: src.var.amplitude
# - 
#   name: geom_model_gaussian1_depth_error
#   datatype: float32
#   unit: mag
#   description: "Uncertainty of \\texttt{geomModelGaussian1Depth}"
#   meta:
#     ucd: stat.error;src.var.amplitude
# - 
#   name: geom_model_gaussian2_phase
#   datatype: float32
#   description: Phase of Gaussian 2 component
#   meta:
#     ucd: time.phase
# - 
#   name: geom_model_gaussian2_phase_error
#   datatype: float32
#   description: "Uncertainty of \\texttt{geomModelGaussian2Phase}"
#   meta:
#     ucd: stat.error;time.phase
# - 
#   name: geom_model_gaussian2_sigma
#   datatype: float32
[...]
#   datatype: float32
#   description: "Secondary eclipse: uncertainty of \\texttt{derivedSecondaryEclDuration}"
#   meta:
#     ucd: stat.error;time.duration
# - 
#   name: derived_secondary_ecl_depth
#   datatype: float32
#   unit: mag
#   description: "Secondary eclipse: depth"
#   meta:
#     ucd: src.var.amplitude
# - 
#   name: derived_secondary_ecl_depth_error
#   datatype: float32
#   unit: mag
#   description: "Secondary eclipse: uncertainty of \\texttt{derivedSecondaryEclDepth}"
#   meta:
#     ucd: stat.error;src.var.amplitude
solution_id,source_id,global_ranking,reference_time,frequency,frequency_error,geom_model_reference_level,geom_model_reference_level_error,geom_model_gaussian1_phase,geom_model_gaussian1_phase_error,geom_model_gaussian1_sigma,geom_model_gaussian1_sigma_error,geom_model_gaussian1_depth,geom_model_gaussian1_depth_error,geom_model_gaussian2_phase,geom_model_gaussian2_phase_error,geom_model_gaussian2_sigma,geom_model_gaussian2_sigma_error,geom_model_gaussian2_depth,geom_model_gaussian2_depth_error,geom_model_cosine_half_period_amplitude,geom_model_cosine_half_period_amplitude_error,geom_model_cosine_half_period_phase,geom_model_cosine_half_period_phase_error,model_type,num_model_parameters,reduced_chi2,derived_primary_ecl_phase,derived_primary_ecl_phase_error,derived_primary_ecl_duration,derived_primary_ecl_duration_error,derived_primary_ecl_depth,derived_primary_ecl_depth_error,derived_secondary_ecl_phase,derived_secondary_ecl_phase_error,derived_secondary_ecl_duration,derived_secondary_ecl_duration_error,derived_secondary_ecl_depth,derived_secondary_ecl_depth_error
[from data line 518]
375316653866487564,1826708208720803584,0.52550757,2127.3444794412394,2.152878145728603,1.1054297E-5,19.17418,0.010589276,0.29333273,0.006901273,0.097335435,0.01406908,0.1577552,0.010950229,0.77764815,0.0027855788,0.07105282,0.0039308206,0.41013828,0.014877119,null,null,null,null,"TWOGAUSSIANS",8,1.8655417,0.77764815,0.0027855788,0.3978958,0.014895025,0.4059485,0.014318059,0.29333273,0.006901273,0.4,0.0,0.15356459,0.010633338
375316653866487564,1826709346920901248,0.570958,2165.7197555351772,1.138197081847335,8.27279E-6,15.486623,0.05794373,0.28182426,0.0016726436,0.14243445,0.021398103,0.18751246,0.056431822,0.7752686,0.0024041324,0.13025254,0.018768117,0.17977089,0.05480009,null,null,null,null,"TWOGAUSSIANS",8,8.553512,0.28195426,0.0016325539,0.4,0.0,0.122355945,0.0031386784,0.7752686,0.0024041324,0.4,0.0,0.1151839,0.003623955
375316653866487564,1826709724878005632,0.4370499,2120.139027285492,2.61573130727331,4.702638E-5,19.006897,0.008694038,null,null,null,null,null,null,null,null,null,null,null,null,0.12156919,0.009657584,0.3050632,0.009112415,"ELLIPSOIDAL",4,12.618977,null,null,null,null,null,null,null,null,null,null,null,null
375316653866487564,1826709931042412672,0.525595,2124.694342654788,3.433313777009304,1.3701182E-5,18.150936,0.012529777,0.27031183,0.0022691619,0.07379807,0.0045044,0.3865939,0.016036728,0.7629224,0.0045750006,0.080364704,0.007615812,0.3173141,0.020018911,null,null,null,null,"TWOGAUSSIANS",8,11.355693,0.27031183,0.0022691619,0.4,0.0,0.38349974,0.01593557,0.7629224,0.0045750006,0.4,0.0,0.31421995,0.020310178
375316653866487564,1826709961073059968,0.50654256,2110.490253271078,0.06191111106266326,9.21066E-6,19.103813,0.007159038,0.34851503,0.042965006,0.067696355,0.036172915,0.25213262,14.587613,0.7769382,0.007893865,0.0130219655,0.0020133548,6.4671774,5.972951,null,null,null,null,"TWOGAUSSIANS",8,7.018028,0.7769382,0.007893865,0.072923005,0.011274787,6.4671774,5.972951,0.34851503,0.042965006,0.3790996,0.19731936,0.25213262,14.587613
375316653866487564,1826710064152316800,0.55763286,2156.338239942585,2.5414076172274966,9.47383E-6,19.20834,0.016629433,0.28552848,0.0037819862,0.069816954,0.0054866024,0.567336,0.040323906,0.7879931,0.0024249782,0.071129754,0.004098426,0.4755225,0.019029858,null,null,null,null,"TWOGAUSSIANS",8,2.7880135,0.28552848,0.0037819862,0.39097494,0.02706726,0.5655317,0.040536318,0.7879931,0.0024249782,0.39832664,0.014165145,0.4737181,0.01821592
375316653866487564,1826710308966928128,0.51389575,2138.1230358468943,2.4060248585178745,9.674488E-6,19.665375,0.011726989,0.2918348,0.003073551,0.06899896,0.003962015,0.34772846,0.01828107,0.7865843,0.005598982,0.0744956,0.007312157,0.37729672,0.03335005,null,null,null,null,"TWOGAUSSIANS",8,1.640643,0.7865843,0.005598982,0.4,0.0,0.37582365,0.03398703,0.2918348,0.003073551,0.38639417,0.022187283,0.3462554,0.017990207
375316653866487564,1826710583871692544,0.53957343,2130.7980069689247,0.8045946263731603,7.1714535E-6,15.899403,0.0013700867,0.20993875,0.027835706,0.033522554,0.019861838,0.019672794,0.014546388,0.70297253,7.832214E-4,0.04160764,0.0013730987,0.17110991,0.0042527313,null,null,null,null,"TWOGAUSSIANS",8,9.282276,0.70297253,7.832214E-4,0.2330028,0.007689353,0.17110991,0.0042527313,0.20993875,0.027835706,0.1877263,0.1112263,0.019672794,0.014546388
375316653866487564,1826710790030001024,0.73286235,2157.784764952881,0.25816007183493617,9.271071E-6,14.226705,0.0012305652,0.22691132,6.562073E-4,0.021817246,5.230412E-4,0.5098621,0.009073934,0.7279941,0.004810644,0.021850877,0.0038340313,0.45546865,0.016384011,0.0072424025,0.001585276,0.22691132,6.562073E-4,"TWOGAUSSIANS_WITH_ELLIPSOIDAL_ON_ECLIPSE1",9,11.653773,0.22691132,6.562073E-4,0.12217659,0.0029290305,0.52434695,0.009151251,0.7279941,0.004810644,0.12236491,0.021470575,0.46995276,0.014621967
375316653866487564,1826711133627871104,0.5388138,2170.087230461203,2.5460730624971357,2.31265E-5,17.456856,0.01801699,0.2983314,0.0036995125,0.08602729,0.008557357,0.4270175,0.053600326,0.7836069,0.005001409,0.09094754,0.0080084335,0.42167732,0.016993523,null,null,null,null,"TWOGAUSSIANS",8,24.223583,0.2983314,0.0036995125,0.4,0.0,0.4146701,0.0570014,0.7836069,0.005001409,0.4,0.0,0.40932968,0.012729716
375316653866487564,1826711163640978048,0.43642807,2153.780687806888,2.5878443473496153,3.3249282E-5,17.76915,0.0040906915,null,null,null,null,null,null,null,null,null,null,null,null,0.056151755,0.0054050735,0.24269448,0.008908036,"ELLIPSOIDAL",4,18.93092,null,null,null,null,null,null,null,null,null,null,null,null
375316653866487564,1826711683357209472,0.5233089,2140.8445785437816,2.914904781444628,2.2334541E-5,19.574646,0.0128506,0.17710969,0.006906771,0.072839126,0.008760033,0.40896925,0.031441163,0.6815732,0.005313323,0.07035323,0.006585973,0.43598685,0.020247612,null,null,null,null,"TWOGAUSSIANS",8,2.7804952,0.6815732,0.005313323,0.3939781,0.023990558,0.43428397,0.019961664,0.17710969,0.006906771,0.4,0.017048191,0.40726638,0.031613536
375316653866487564,1826711889515730816,0.44992098,2145.5407761613324,0.42077188781143826,1.1573086E-4,19.622578,0.006815749,0.18589804,8.7835087E-4,0.015981346,9.531227E-4,0.4470329,0.045258753,0.8538835,0.009941048,0.040486805,0.014521736,0.14570057,0.21814552,null,null,null,null,"TWOGAUSSIANS",8,2.3233533,0.18589804,8.7835087E-4,0.08949554,0.005337487,0.4470329,0.045258753,0.8538835,0.009941048,0.2267261,0.081321724,0.14570057,0.21814552
375316653866487564,1826711958235352960,0.4506319,2165.3036914006484,2.589937493441501,2.8873694E-5,18.861408,0.023607442,0.2760734,0.0067214016,0.06467819,0.012176911,0.2581069,0.03893307,0.79971737,0.014152938,0.085730486,0.029828828,0.1493867,0.022914238,null,null,null,null,"TWOGAUSSIANS",8,6.91277,0.2760734,0.006723929,0.36219785,0.063057855,0.25723994,0.038726993,0.79971737,0.014152938,0.4,0.0,0.14851972,0.02094174
375316653866487564,1826712130034311296,0.4774655,2152.153571540776,1.743904062479948,7.2249386E-5,18.434458,0.020818757,0.21450363,0.014228872,0.08613076,0.029670496,0.10584524,0.021321744,0.6917486,0.010853708,0.08075661,0.014328227,0.2273631,0.020010917,null,null,null,null,"TWOGAUSSIANS",8,6.8612547,0.6917486,0.010853708,0.4,0.0,0.22511753,0.015036398,0.21450363,0.014228872,0.4,0.0,0.10359967,0.018406712
375316653866487564,1826712301859049472,0.62060964,2155.8020162568278,1.3482621046049785,6.437378E-6,16.932167,0.0030620086,0.08541501,0.003819699,0.09258222,0.006292119,0.08665936,0.004956045,0.5683086,0.0010300081,0.05525185,0.001158017,0.36536875,0.011011874,null,null,null,null,"TWOGAUSSIANS",8,4.490259,0.5683086,0.0010300081,0.30941036,0.006484895,0.3647592,0.010995323,0.08541501,0.003819699,0.4,0.0,0.08604969,0.004975059
375316653866487564,1826712679790093696,0.5126583,2157.4279726524715,4.02527922702586,1.6770875E-5,19.50318,0.026361892,0.19451809,0.0043459698,0.0651899,0.0071082907,0.67004997,0.036793213,0.68972117,0.0067404862,0.069248326,0.011488083,0.5478082,0.089095965,null,null,null,null,"TWOGAUSSIANS",8,9.743775,0.19451809,0.0043459698,0.36506343,0.03980643,0.66900265,0.036544785,0.68972117,0.0067404862,0.38779062,0.04892825,0.54676086,0.09023128
375316653866487564,1826712778549387136,0.52029884,2140.338463982063,2.7157138677273567,9.859511E-6,19.508574,0.017479688,0.17705803,0.004313313,0.084980465,0.0060563865,0.44178456,0.022120766,0.6713027,0.0037117146,0.08476,0.0055898046,0.40073168,0.022710474,null,null,null,null,"TWOGAUSSIANS",8,2.580759,0.17705803,0.004313313,0.4,0.0,0.4318476,0.020019589,0.6713027,0.0037117146,0.4,0.0,0.39079472,0.021302894
375316653866487564,1826712989027904384,0.53415453,2143.484757253749,3.736364359277414,9.92621E-6,19.107368,0.008479095,0.21309093,0.0042786477,0.063964926,0.0073400424,0.6636128,0.07577129,0.7194817,0.003310168,0.07064958,0.0034219816,0.41784158,0.018421218,null,null,null,null,"TWOGAUSSIANS",8,3.9624565,0.21309093,0.0042786477,0.3582036,0.041104235,0.662736,0.07670115,0.7194817,0.003310168,0.39563766,0.016532192,0.4169648,0.01835796
375316653866487564,1826713023413657472,0.5758347,2169.5131189688987,0.5725189937933115,8.6231885E-6,13.225729,6.1178545E-4,0.79252833,0.0013273206,0.020764083,7.1228296E-4,0.135006,0.0015709425,null,null,null,null,null,null,0.008222626,9.899838E-4,0.79252833,0.0013273206,"ONEGAUSSIAN_WITH_ELLIPSOIDAL",6,15.103554,0.79252833,0.0013273206,0.11627886,0.0039887847,0.15145124,0.0015088568,null,null,null,null,null,null
375316653866487564,1826713744941538176,0.51395106,2134.1476231134934,2.3018744170293925,1.4555836E-5,18.821257,0.016743498,0.22606546,0.0043978314,0.0866821,0.0077265967,0.25749847,0.016397066,0.71866506,0.0036654223,0.09573294,0.008616704,0.24113995,0.016592307,null,null,null,null,"TWOGAUSSIANS",8,2.5499823,0.22606546,0.0043978314,0.4,0.0,0.24712391,0.010875106,0.71866506,0.0036654223,0.4,0.0,0.23076478,0.012691751
375316653866487564,1826713916766593664,0.46442538,2145.212105256326,0.5266675811629751,3.054899E-5,17.127844,0.006848483,0.27917394,0.0073488215,0.08390327,0.009766894,0.078732334,0.009690886,0.7929217,0.041957308,0.027808685,0.04250114,0.02601049,2.6306543,null,null,null,null,"TWOGAUSSIANS",8,9.2042055,0.27917394,0.0073488215,0.4,0.0,0.07872966,0.009677733,0.7929217,0.041957308,0.15572864,0.23800638,0.026007814,2.630659
375316653866487564,1826714054205582720,0.5361206,2158.115963881688,2.413106536973422,2.4495392E-5,18.105755,0.012050416,0.20686708,0.007864852,0.046752557,0.040150892,0.07247199,0.027495267,0.70559746,0.020909542,0.037613153,0.025585607,0.062923424,0.024889868,0.083391786,0.01768687,0.20686708,0.007864852,"TWOGAUSSIANS_WITH_ELLIPSOIDAL_ON_ECLIPSE1",9,6.747457,0.20686708,0.007864852,0.26181433,0.22484499,0.23925547,0.0197582,0.7058875,0.017490413,0.21063365,0.14327939,0.22969872,0.01651894
375316653866487564,1826714329057394944,0.6008641,2160.0825244500816,3.498365329031976,4.9858795E-6,18.741423,0.0091525,0.2332396,0.001064133,0.041250776,0.0020267332,0.43647054,0.025334278,0.7169644,0.02740223,0.02665963,0.013642612,0.27181312,0.18906757,0.17146054,0.013115662,0.2332396,0.001064133,"TWOGAUSSIANS_WITH_ELLIPSOIDAL_ON_ECLIPSE1",9,2.9589965,0.2332396,0.001064133,0.23100436,0.011349706,0.7793908,0.018966576,0.71803445,0.026249984,0.14929393,0.076398626,0.6113941,0.18370888
375316653866487564,1826714427840487808,0.46558985,2175.348247820108,2.9832181804428934,2.262898E-5,19.11514,0.0037773272,null,null,null,null,null,null,null,null,null,null,null,null,0.057577394,0.0050759567,0.32096437,0.00895404,"ELLIPSOIDAL",4,2.4276798,null,null,null,null,null,null,null,null,null,null,null,null
375316653866487564,1826714668335456896,0.5688003,2153.641880306819,2.159354885179037,1.286442E-5,18.340271,0.025365476,0.29099393,0.004004329,0.09155143,0.008603712,0.3672831,0.023472406,0.795584,0.0013796866,0.083776675,0.0060856068,0.39966965,0.02150838,null,null,null,null,"TWOGAUSSIANS",8,3.9164193,0.795584,0.0013796866,0.4,0.0,0.38752642,0.014974204,0.29099393,0.004004329,0.4,0.0,0.35513964,0.017186807
375316653866487564,1826714874499797376,0.56578165,2140.8544177187514,0.606539879576657,3.575308E-5,18.426956,0.0056609437,0.2868933,0.016181326,0.0340963,0.018278979,0.67889684,0.44698128,0.78989035,0.0024665827,0.039792836,0.0026102208,0.1110154,0.006790079,null,null,null,null,"TWOGAUSSIANS",8,2.2747993,0.2868933,0.016181326,0.19093928,0.10236228,0.67889684,0.4469814,0.78989035,0.0024665827,0.22283988,0.014617237,0.1110154,0.006790024
375316653866487564,1826714981918612224,0.5573676,2152.964817747264,2.5500099304103108,2.057265E-5,16.75383,0.01152912,0.23805162,0.0042992537,0.043537535,0.008917303,0.14679524,0.027559696,0.743179,0.0038581784,0.06227451,0.007118978,0.19287382,0.027765961,0.06403602,0.016991185,0.23805162,0.0042992537,"TWOGAUSSIANS_WITH_ELLIPSOIDAL_ON_ECLIPSE1",9,22.8668,0.743179,0.0038581784,0.34873724,0.03986628,0.32076925,0.014102828,0.23805162,0.0042992537,0.24381019,0.049936894,0.27482355,0.009404774
375316653866487564,1826715050638024064,0.44978118,2152.6754653349913,3.449088218600882,7.2582E-5,19.60049,0.018429158,0.19432554,0.01108633,0.07118277,0.018455872,0.17499049,0.029096227,0.69355124,0.029822322,0.10129151,0.036618747,0.16580005,0.031731676,null,null,null,null,"TWOGAUSSIANS",8,2.8990052,0.19432554,0.011085942,0.39862353,0.059843335,0.17007303,0.030075178,0.69355124,0.029822322,0.4,0.011640639,0.1608809,0.033314653
375316653866487564,1826715492975054464,0.56738573,2162.2787626330023,1.2489576297516947,6.886031E-6,17.400917,0.009112786,0.25902414,0.001611729,0.0972705,0.004097439,0.21639858,0.00867398,0.7581782,0.0022506125,0.107438594,0.006298462,0.18284988,0.008256906,null,null,null,null,"TWOGAUSSIANS",8,2.28258,0.25902414,0.001611729,0.4,0.0,0.19660196,0.0053880704,0.7581782,0.0022506125,0.4,0.0,0.1630468,0.0042779543
375316653866487564,1826715634753859456,0.61730605,2170.537379554438,0.3154582209542119,7.5540997E-6,17.814726,0.0019424455,0.32510933,8.658878E-4,0.019105593,0.0011781927,0.42091203,0.021900017,0.8251038,0.027901901,0.019084096,0.01905044,0.45254454,46.49834,null,null,null,null,"TWOGAUSSIANS",8,2.764148,0.8251038,0.027901901,0.10687094,0.106682464,0.45254454,46.49834,0.32510933,8.658878E-4,0.10699131,0.006597879,0.42091203,0.021900017
375316653866487564,1826716008387848960,0.4752859,2157.862235233614,0.4663935291623968,2.7712635E-5,18.880621,0.006402921,0.21990195,0.011157345,0.038794942,0.022652121,0.18568438,0.07264551,0.7116206,0.010753522,0.061403073,0.010902207,0.34176034,0.13979328,null,null,null,null,"TWOGAUSSIANS",8,2.152585,0.7116206,0.010753522,0.3438572,0.061052363,0.34175897,0.13980098,0.21990195,0.011157345,0.21725169,0.12685187,0.18568303,0.072710946
375316653866487564,1826716184483904000,0.42569622,2170.3892496753338,0.050314380913627464,5.495836E-5,18.937521,0.007519946,0.1491557,8.246593E-4,0.0069095003,0.0028934276,0.0704794,0.11925515,0.50679207,0.006094624,0.076546565,0.0070814304,0.19010639,0.011018098,null,null,null,null,"TWOGAUSSIANS",8,5.3114123,0.50679207,0.006094624,0.4,0.0,0.19010639,0.011018099,0.1491557,8.246593E-4,0.0386932,0.016203195,0.07048286,0.11925522
375316653866487564,1826716871704602624,0.54211134,2127.3228429599353,3.1515359891910837,1.1413162E-5,18.671791,0.01213973,0.23917298,0.0039532445,0.066985436,0.006116084,0.4631388,0.058403537,0.7396407,0.0031164822,0.072674,0.0033961704,0.57130486,0.026717544,null,null,null,null,"TWOGAUSSIANS",8,7.762571,0.7396407,0.0031164822,0.4,0.0017317495,0.5696247,0.026579658,0.23917298,0.0039532445,0.37511843,0.03425007,0.46145862,0.058971245
375316653866487564,1826717210978764160,0.50652856,2117.6914820084075,1.7257628125889848,1.9415162E-5,19.01627,0.007207224,0.2428927,0.0061847656,0.0694229,0.00778558,0.110020496,0.011090348,0.7234414,0.0255459,0.051347937,0.009122488,0.45377317,0.19421555,null,null,null,null,"TWOGAUSSIANS",8,1.6651576,0.7234414,0.0255459,0.28754845,0.051085934,0.45373574,0.19417775,0.2428927,0.0061847656,0.38876823,0.041829906,0.10998306,0.011083783
375316653866487564,1826717726352443008,0.5611721,2186.141763929786,0.6406490048444997,1.9161434E-5,18.254625,0.0086775785,0.6998193,0.0012202745,0.025990717,0.0010306101,1.4460648,0.07029969,null,null,null,null,null,null,0.050974738,0.009877105,0.6998193,0.0012202745,"ONEGAUSSIAN_WITH_ELLIPSOIDAL",6,15.554598,0.6998193,0.0012202745,0.14554802,0.0057714167,1.5480142,0.07095578,null,null,null,null,null,null
