Gaia/vari_eclipsing_binary/VariEclipsingBinary_109811-110424.csv
# %ECSV 1.0
# ---
# delimiter: ','
# meta: !!omap
# - RELEASE: Gaia DR3
# - TABLE: vari_eclipsing_binary
# - DESCRIPTION: >
#     This table describes the properties of the eclipsing binaries resulting from the variability analysis. 
# - CITATION: >
#     How to cite and acknowledge Gaia: 
#     https://gea.esac.esa.int/archive/documentation/credits.html 
# - KNOWN_ISSUES: >
#     Known issues: 
#     https://www.cosmos.esa.int/web/gaia-users/known-issues 
# - DOCUMENTATION: >
#     Tutorials and documentation: 
#     https://www.cosmos.esa.int/web/gaia-users/archive 
# datatype:
# - 
#   name: solution_id
#   datatype: int64
#   description: Solution Identifier
#   meta:
#     ucd: meta.version
# - 
#   name: source_id
#   datatype: int64
#   description: Unique source identifier
#   meta:
#     ucd: meta.id;meta.main
# - 
#   name: global_ranking
#   datatype: float32
#   description: Number between 0 (worst) and 1 (best)
#   meta:
#     ucd: stat.param
# - 
#   name: reference_time
#   datatype: float64
#   unit: d
#   description: Reference time used for the geometric model fit
#   meta:
#     ucd: time.epoch
# - 
#   name: frequency
#   datatype: float64
#   unit: d**-1
#   description: Frequency of geometric model of the eclipsing binary light curve
#   meta:
#     ucd: src.orbital
# - 
#   name: frequency_error
#   datatype: float32
#   unit: d**-1
#   description: "Uncertainty of \\texttt{frequency}"
#   meta:
#     ucd: stat.error
# - 
#   name: geom_model_reference_level
#   datatype: float32
#   unit: mag
#   description: Magnitude reference level of geometric model
#   meta:
#     ucd: phot.mag;em.opt
# - 
#   name: geom_model_reference_level_error
#   datatype: float32
#   unit: mag
#   description: "Uncertainty of \\texttt{geomModelReferenceLevel}"
#   meta:
#     ucd: stat.error;phot.mag;em.opt
# - 
#   name: geom_model_gaussian1_phase
#   datatype: float32
#   description: Phase of the Gaussian 1 component
#   meta:
#     ucd: time.phase
# - 
#   name: geom_model_gaussian1_phase_error
#   datatype: float32
#   description: "Uncertainty of \\texttt{geomModelGaussian1Phase}"
#   meta:
#     ucd: stat.error;time.phase
# - 
#   name: geom_model_gaussian1_sigma
#   datatype: float32
#   description: "Standard deviation [phase] of Gaussian 1 component"
#   meta:
#     ucd: stat.stdev
# - 
#   name: geom_model_gaussian1_sigma_error
#   datatype: float32
#   description: "Uncertainty of \\texttt{geomModelGaussian1Sigma}"
#   meta:
#     ucd: stat.error
# - 
#   name: geom_model_gaussian1_depth
#   datatype: float32
#   unit: mag
#   description: Magnitude depth of Gaussian 1 component
#   meta:
#     ucd: src.var.amplitude
# - 
#   name: geom_model_gaussian1_depth_error
#   datatype: float32
#   unit: mag
#   description: "Uncertainty of \\texttt{geomModelGaussian1Depth}"
#   meta:
#     ucd: stat.error;src.var.amplitude
# - 
#   name: geom_model_gaussian2_phase
#   datatype: float32
#   description: Phase of Gaussian 2 component
#   meta:
#     ucd: time.phase
# - 
#   name: geom_model_gaussian2_phase_error
#   datatype: float32
#   description: "Uncertainty of \\texttt{geomModelGaussian2Phase}"
#   meta:
#     ucd: stat.error;time.phase
# - 
#   name: geom_model_gaussian2_sigma
#   datatype: float32
[...]
#   datatype: float32
#   description: "Secondary eclipse: uncertainty of \\texttt{derivedSecondaryEclDuration}"
#   meta:
#     ucd: stat.error;time.duration
# - 
#   name: derived_secondary_ecl_depth
#   datatype: float32
#   unit: mag
#   description: "Secondary eclipse: depth"
#   meta:
#     ucd: src.var.amplitude
# - 
#   name: derived_secondary_ecl_depth_error
#   datatype: float32
#   unit: mag
#   description: "Secondary eclipse: uncertainty of \\texttt{derivedSecondaryEclDepth}"
#   meta:
#     ucd: stat.error;src.var.amplitude
solution_id,source_id,global_ranking,reference_time,frequency,frequency_error,geom_model_reference_level,geom_model_reference_level_error,geom_model_gaussian1_phase,geom_model_gaussian1_phase_error,geom_model_gaussian1_sigma,geom_model_gaussian1_sigma_error,geom_model_gaussian1_depth,geom_model_gaussian1_depth_error,geom_model_gaussian2_phase,geom_model_gaussian2_phase_error,geom_model_gaussian2_sigma,geom_model_gaussian2_sigma_error,geom_model_gaussian2_depth,geom_model_gaussian2_depth_error,geom_model_cosine_half_period_amplitude,geom_model_cosine_half_period_amplitude_error,geom_model_cosine_half_period_phase,geom_model_cosine_half_period_phase_error,model_type,num_model_parameters,reduced_chi2,derived_primary_ecl_phase,derived_primary_ecl_phase_error,derived_primary_ecl_duration,derived_primary_ecl_duration_error,derived_primary_ecl_depth,derived_primary_ecl_depth_error,derived_secondary_ecl_phase,derived_secondary_ecl_phase_error,derived_secondary_ecl_duration,derived_secondary_ecl_duration_error,derived_secondary_ecl_depth,derived_secondary_ecl_depth_error
[from data line 72]
375316653866487564,966608198425586560,0.46886787,2387.7353296600345,0.7448977479991271,2.0375655E-5,19.277891,0.0056415233,0.42992538,0.02425676,0.03225076,0.028628167,0.10196783,0.058008768,0.7810793,7.4401487E-6,0.0067048436,7.550232E-5,6.9824047,0.375136,null,null,null,null,"TWOGAUSSIANS",8,3.2590282,0.7810793,7.4401487E-6,0.037547126,4.22813E-4,6.9824047,0.375136,0.42992538,0.02425676,0.18060425,0.16031773,0.10196783,0.058008768
375316653866487564,966615448330322176,0.51145834,2434.1441888518116,0.055911308222945405,4.2875927E-5,14.73097,0.18492348,0.39590132,0.012949139,0.10416325,0.020761972,0.22475146,0.068649836,0.9065949,0.00810031,0.1959979,0.20888978,0.076212406,0.18221354,null,null,null,null,"TWOGAUSSIANS",8,19.12727,0.3954513,0.01369798,0.4,0.0,0.18707179,0.0094685415,0.9066449,0.008000259,0.4,0.0,0.032600716,0.009443484
375316653866487564,966617505618246528,0.65758586,2409.7706316289223,0.9556734897990425,3.3724548E-6,12.6490965,0.004193245,0.25066343,0.0033452054,0.040645044,0.0074024196,0.045164336,0.009143274,0.74918467,9.2690875E-4,0.04121286,0.0015005585,0.44937164,0.010130876,0.02544856,0.0055961167,0.25066343,0.0033452054,"TWOGAUSSIANS_WITH_ELLIPSOIDAL_ON_ECLIPSE1",9,81.570755,0.7492047,9.0507546E-4,0.23079202,0.008403127,0.50026435,0.009074338,0.25066343,0.0033452054,0.22761226,0.041453548,0.09606139,0.0036002789
375316653866487564,966628741252103168,0.541569,2396.172463659379,2.247905966852165,4.97495E-5,18.165268,0.0072807,0.27672288,0.024522608,0.032333847,0.07178106,0.17596294,0.13514812,0.7903027,0.004412526,0.025139652,0.0035847542,0.33330923,0.022077216,null,null,null,null,"TWOGAUSSIANS",8,5.1632166,0.7903027,0.004412526,0.14078206,0.020074625,0.33330923,0.022072382,0.27672288,0.024522608,0.18106954,0.22662058,0.17596294,0.1351753
375316653866487564,966635097803604608,0.46759105,2368.1622622642017,2.6877895908391456,2.0280524E-5,13.974575,0.08728756,0.29813147,0.0063339984,0.17729631,0.03907193,0.6007129,0.28939375,0.8024057,0.0066098007,0.2629607,0.072477825,0.8171809,0.093531564,null,null,null,null,"TWOGAUSSIANS",8,138.56996,0.29330146,0.0070284368,0.4,0.0,0.12005801,0.0078034042,0.8056357,0.005410622,0.4,0.0,0.09203385,0.007563519
375316653866487564,966648983434779264,0.6482744,2396.2265772794813,2.3466546578172287,3.1108818E-6,15.87658,0.0072324183,0.31073284,0.0011543881,0.047204092,0.0033405346,0.20097917,0.014105077,0.80861795,0.0012252344,0.05007364,0.003090521,0.20936152,0.014943869,0.12454742,0.008463343,0.31073284,0.0011543881,"TWOGAUSSIANS_WITH_ELLIPSOIDAL_ON_ECLIPSE1",9,13.967144,0.80901796,9.163933E-4,0.28041238,0.017306918,0.45841932,0.008263507,0.31073284,0.0011543881,0.26434293,0.018706994,0.45007256,0.008023102
375316653866487564,966668048793881600,0.5064443,2438.95641593873,1.156805139709245,1.0819371E-4,16.733625,0.18922272,0.25160372,0.120054096,0.07750598,0.2576919,0.095361516,0.15894711,0.7002331,0.0039943573,0.019387722,0.005815703,0.73919845,0.30577633,null,null,null,null,"TWOGAUSSIANS",8,87.178795,0.7002331,0.0039943573,0.10857124,0.032567937,0.73919845,0.31075576,0.25160372,0.120054096,0.4,0.026859438,0.09536149,0.022810439
375316653866487564,966680418300111360,0.6448307,2406.910365588327,3.379680141701766,5.3926196E-6,17.61114,0.010378556,0.2302135,0.0012202512,0.047191937,0.0029633844,0.5515653,0.02778188,0.7312705,0.0021307915,0.04243962,0.0032999546,0.41886222,0.024198595,0.14352794,0.014523917,0.2302135,0.0012202512,"TWOGAUSSIANS_WITH_ELLIPSOIDAL_ON_ECLIPSE1",9,6.4804463,0.2302135,0.0012202512,0.26427487,0.016594952,0.8386201,0.028509993,0.7312705,0.0021307915,0.23766188,0.018479746,0.70590436,0.01441276
375316653866487564,966694888045139328,0.54385304,2369.8290400197693,2.636719327835972,9.2048185E-6,19.511044,0.009435029,0.24042967,0.007073774,0.068049386,0.009190743,0.33017373,0.01746658,0.74292487,0.0020502263,0.08819919,0.00468998,0.27733544,0.011795133,null,null,null,null,"TWOGAUSSIANS",8,0.8249693,0.24042967,0.007073774,0.38107654,0.04856457,0.3268123,0.01772558,0.74292487,0.0020502263,0.4,0.0,0.27397397,0.011008637
375316653866487564,966712269775849344,0.58218646,2380.9747790753004,2.5190038688113443,2.5770145E-5,19.028574,0.007872911,0.18077187,0.009920975,0.03549929,0.009189567,0.6191126,0.15947941,0.68021774,0.0048551294,0.03002574,0.004457688,0.58885604,0.008097006,null,null,null,null,"TWOGAUSSIANS",8,3.6737397,0.18077187,0.009920975,0.19879602,0.051461574,0.6191126,0.15947941,0.68021774,0.0048551294,0.16814414,0.024963053,0.58885604,0.008097006
375316653866487564,966729213422353920,0.48234114,2364.364518463419,3.790996855150323,1.9961644E-5,19.067854,0.014297532,0.27528602,0.0044996706,0.08041325,0.0037803834,0.52587545,0.026571495,0.781413,0.005835362,0.07162826,0.010847825,0.5516451,0.10406824,null,null,null,null,"TWOGAUSSIANS",8,8.6586485,0.781413,0.005835362,0.4,0.021525688,0.5474321,0.107430145,0.27528602,0.0044996706,0.4,0.0,0.5216624,0.02552753
375316653866487564,966738318754601856,0.5041383,2392.8673648033773,3.0315492789967053,1.4367138E-5,17.541466,0.026113935,0.29161698,0.007879043,0.08334758,0.019652298,0.25828594,0.03291927,0.7773133,0.0035394453,0.08809651,0.009091535,0.500128,0.025312418,null,null,null,null,"TWOGAUSSIANS",8,27.694883,0.7773133,0.0035394453,0.4,0.0,0.49211404,0.026624607,0.29161698,0.007879043,0.4,0.0,0.25027213,0.037063062
375316653866487564,966775972731984896,0.6269603,2400.594556257381,2.3264017488809867,6.5406493E-6,18.567202,0.0082931975,0.20681268,0.0021595303,0.049363457,0.0038568745,0.49357077,0.029044608,0.6964816,0.002929835,0.041361872,0.008929939,0.076344274,0.01683067,0.0818156,0.011519455,0.20681268,0.0021595303,"TWOGAUSSIANS_WITH_ELLIPSOIDAL_ON_ECLIPSE1",9,1.698856,0.20681268,0.0021595303,0.27643538,0.021598497,0.6572005,0.029732633,0.6988016,0.001932019,0.23162648,0.050007656,0.23943977,0.009326648
375316653866487564,966784498242860544,0.5724053,2359.3060784162603,2.6887034229719715,8.583031E-6,15.156739,0.0075649195,0.23018868,0.0031453276,0.06385524,0.0047840513,0.32021585,0.028598793,0.7307907,0.0038606753,0.07846794,0.0052897013,0.47839075,0.032491777,null,null,null,null,"TWOGAUSSIANS",8,101.10709,0.7307907,0.0038606753,0.4,0.0,0.47675532,0.033061396,0.23018868,0.0031453276,0.35758933,0.026790688,0.31858042,0.029016312
375316653866487564,966802708904278656,0.6563946,2367.5298668099585,3.1822176841886276,6.112208E-6,17.426962,0.007372057,0.25990498,0.0016499137,0.042723212,0.0028830946,0.42893258,0.02193984,0.7597174,0.0017904845,0.043854088,0.003110121,0.35113457,0.0193438,0.1311187,0.010198275,0.25990498,0.0016499137,"TWOGAUSSIANS_WITH_ELLIPSOIDAL_ON_ECLIPSE1",9,7.7669625,0.25990498,0.0016499137,0.23924999,0.01614533,0.69116986,0.018286351,0.7597374,0.0016809822,0.2455829,0.017416678,0.6133715,0.0151664065
375316653866487564,966808923721033600,0.44563994,2351.1145784515925,0.045196105362480504,9.070621E-6,19.60092,0.02052977,0.18571183,0.0034486942,0.04907173,0.005564553,0.6309434,0.20576425,0.67454916,0.16213576,0.019638,0.06536805,0.10616483,0.7101443,null,null,null,null,"TWOGAUSSIANS",8,5.1977096,0.18571183,0.0034486942,0.2748017,0.031161498,0.6309434,0.20576434,0.67454916,0.16213576,0.1099728,0.36606106,0.10616483,0.71014255
375316653866487564,966849124615161088,0.5842429,2339.129094092912,4.160625163655647,7.450271E-6,19.069975,0.016186293,0.22812997,0.0021988887,0.06298109,0.004221864,0.6976677,0.021191908,0.7255338,0.0025387208,0.070083275,0.0033894703,0.58515555,0.022075053,null,null,null,null,"TWOGAUSSIANS",8,5.629712,0.22812997,0.0021988887,0.35269412,0.02364244,0.6966545,0.021097656,0.7255338,0.0025387208,0.39246634,0.018981034,0.5841423,0.021857243
375316653866487564,966853698755742464,0.5244176,2319.501328977121,2.839143784116901,4.1507333E-6,16.564604,0.009722005,0.14189231,0.0013128655,0.052651145,0.005392006,0.20772114,0.024048759,0.6380405,0.003802446,0.048923906,0.00615533,0.22437954,0.034287963,0.09772202,0.015606864,0.14189231,0.0013128655,"TWOGAUSSIANS_WITH_ELLIPSOIDAL_ON_ECLIPSE1",9,11.573301,0.6385805,0.0033308668,0.27397388,0.03446985,0.41972232,0.03562281,0.14189231,0.0013128655,0.29484642,0.030195236,0.4031622,0.017658487
375316653866487564,966861704574748544,0.55577445,2321.5978312031907,1.8546201333715304,7.118606E-6,19.297861,0.011032518,0.1345294,0.026466833,0.020578293,0.027814703,0.28513128,0.23766617,0.704428,0.01112678,0.012910513,0.004090553,0.8757333,0.3428437,null,null,null,null,"TWOGAUSSIANS",8,3.9754527,0.704428,0.01112678,0.07229888,0.022907097,0.8757333,0.3428437,0.1345294,0.026466833,0.115238436,0.15576233,0.28513128,0.23766617
375316653866487564,966870741185821696,0.487579,2333.3318318346746,3.200304989709544,2.3703045E-5,18.225492,0.032642785,0.3641063,0.026502106,0.14025265,0.0329354,0.14863,0.03615308,0.7842344,0.011692617,0.10501182,0.015260962,0.2399943,0.03103237,null,null,null,null,"TWOGAUSSIANS",8,7.7125893,0.7842344,0.011692617,0.4,0.0,0.21995538,0.017910637,0.3645163,0.026575599,0.4,0.0,0.12696967,0.021006381
375316653866487564,966879979659342592,0.6135698,2343.6774543576,1.5860998682873058,5.7326934E-6,11.620969,0.01112532,0.32846686,0.0017064874,0.058829878,0.005740428,0.14584813,0.0213079,0.8247238,0.011648008,0.04945485,0.022436999,0.047083277,0.023805603,0.07930992,0.012684945,0.32846686,0.0017064874,"TWOGAUSSIANS_WITH_ELLIPSOIDAL_ON_ECLIPSE1",9,43.42698,0.32846686,0.0017064874,0.32944733,0.032146394,0.30445033,0.009086073,0.8262038,0.008579928,0.27694717,0.1256472,0.20563236,0.0035725613
375316653866487564,966884794318834048,0.5202753,2333.472254352638,0.2132158760606891,4.2487132E-5,17.782957,0.0017457025,0.88119346,0.0037196875,0.014770526,0.0047976244,0.16821198,0.5143027,0.62262315,0.026773786,0.073261924,0.013905698,0.33843488,0.20535038,null,null,null,null,"TWOGAUSSIANS",8,3.6398163,0.62262315,0.026773786,0.4,0.007414952,0.33843488,0.2053504,0.88115346,0.0036528988,0.08271495,0.026866695,0.1688803,0.51436526
375316653866487564,966888848768308480,0.48743758,2309.725491445179,1.6262829432596886,9.079242E-6,10.294776,0.002509638,null,null,null,null,null,null,null,null,null,null,null,null,0.06276284,0.0043191095,0.258694,0.0029565159,"ELLIPSOIDAL",4,121.66209,null,null,null,null,null,null,null,null,null,null,null,null
375316653866487564,966888947551173120,0.5515891,2360.7446584581066,2.1834484895658117,7.397399E-5,17.777327,0.0074311835,0.39197093,0.02816103,0.1086679,0.05186798,0.018422317,0.010064452,0.76184565,0.0325699,0.04024314,0.027409483,0.68421924,2.4158413,null,null,null,null,"TWOGAUSSIANS",8,12.0770035,0.76184565,0.0325699,0.2253616,0.1534931,0.68426526,2.4157913,0.39197093,0.02816103,0.4,0.0,0.018412137,0.010090219
375316653866487564,966902382209024128,0.61558205,2381.678113174371,3.0765492270196977,5.3504396E-6,17.191498,0.010478418,0.2186871,9.785873E-4,0.07671291,0.0022789761,0.4551392,0.009133842,0.72072023,0.0019526292,0.07802286,0.0030523574,0.45500234,0.017651362,null,null,null,null,"TWOGAUSSIANS",8,6.036901,0.2186871,9.785873E-4,0.4,0.0,0.4504258,0.007845107,0.72072023,0.0019526292,0.4,0.0,0.45028892,0.017456718
375316653866487564,966904993548379136,0.50941956,2382.7117436430435,3.8662902633069227,1.7704257E-5,17.874716,0.020777315,0.27031732,0.00786705,0.090315446,0.01307017,0.21152031,0.019918988,0.7783066,0.0062088035,0.091904856,0.009734586,0.24983032,0.02612376,null,null,null,null,"TWOGAUSSIANS",8,6.709702,0.7783066,0.0062088035,0.4,0.0,0.2403886,0.023669982,0.27031732,0.00786705,0.4,0.0,0.20207869,0.017166121
375316653866487564,966917122536095104,0.5344232,2345.2787773665755,2.292070826903132,2.5085319E-5,17.816788,0.064180754,0.24906595,0.006433407,0.104891516,0.02678711,0.17917813,0.060478635,0.752758,0.007544066,0.1358171,0.034800854,0.1767808,0.06344423,null,null,null,null,"TWOGAUSSIANS",8,2.7946146,0.24900594,0.0066624465,0.4,0.0,0.14018823,0.008961784,0.752758,0.0075444425,0.4,0.0,0.13739005,0.0070094476
375316653866487564,966923174146327680,0.53586584,2364.7052606205384,0.9354319868207446,2.8658713E-5,17.316376,0.0067158784,0.15921848,0.0029458771,0.033627566,0.0030548417,0.44706556,0.041163705,0.6304282,0.035797156,0.038660415,0.05671128,0.1019259,571034.25,null,null,null,null,"TWOGAUSSIANS",8,16.474874,0.15921848,0.0029458771,0.18831436,0.017107112,0.44706556,0.041163705,0.6304282,0.035797156,0.21649833,0.31758317,0.1019259,571034.25
375316653866487564,966925781191273472,0.52695453,2330.7251514981717,3.0653519552059043,1.2186196E-5,18.139189,0.04516017,0.17971952,0.007061642,0.109943666,0.020556465,0.20156103,0.042210232,0.67796063,0.0065027406,0.11079852,0.025200443,0.1917313,0.04154628,null,null,null,null,"TWOGAUSSIANS",8,2.4463122,0.17971952,0.007059455,0.4,0.0,0.17189024,0.0083852215,0.67796063,0.0065157013,0.4,0.0,0.16205901,0.0108656
375316653866487564,966928946582358784,0.5209812,2345.242447279847,2.16519644978729,1.3636469E-4,17.22173,0.015012447,0.20544946,0.028885188,0.18416509,0.073121294,0.034173336,0.014248155,0.8089347,0.017229691,0.07339038,0.020284256,0.20103316,0.051454283,null,null,null,null,"TWOGAUSSIANS",8,4.167002,0.8099247,0.017324977,0.4,0.093668245,0.1986728,0.05341952,0.20543946,0.028875818,0.4,0.0,0.028270045,0.0074429982
375316653866487564,966944026212126592,0.6052123,2329.978638915553,1.7163989323535052,1.0555347E-5,16.136356,0.004703914,0.28993076,0.0011829546,0.035703152,0.0020941277,0.46726447,0.036855917,0.78191364,0.010164058,0.023780424,0.009828012,0.6837457,7.943921,0.016146127,0.0059897294,0.28993076,0.0011829546,"TWOGAUSSIANS_WITH_ELLIPSOIDAL_ON_ECLIPSE1",9,30.856443,0.78193367,0.010190511,0.13317037,0.055036873,0.7159562,7.9438715,0.28993076,0.0011829546,0.19993766,0.011727115,0.49955672,0.03734822
375316653866487564,966945675479709952,0.48679298,2299.0001302459805,3.147583646486092,6.1118706E-5,18.148588,0.012046123,0.21895093,0.010654539,0.047603972,0.009455499,0.2742761,0.032459285,0.7048578,0.010476496,0.035869844,0.016189959,0.192848,0.041039236,null,null,null,null,"TWOGAUSSIANS",8,24.006634,0.21895093,0.010654539,0.26658225,0.052950796,0.2742761,0.032459274,0.7048578,0.010476496,0.20087114,0.09066377,0.192848,0.041039366
375316653866487564,966948802215911040,0.5649311,2319.5741715205545,3.9726545063117786,6.5108584E-6,18.539417,0.014826636,0.28880164,0.0025290437,0.04475057,0.007278946,0.22932553,0.026248902,0.7877976,0.014564171,0.04764156,0.019160647,0.25145644,0.09686184,0.12040996,0.018406581,0.28880164,0.0025290437,"TWOGAUSSIANS_WITH_ELLIPSOIDAL_ON_ECLIPSE1",9,4.3224506,0.7879476,0.011495299,0.26679274,0.107299626,0.49226737,0.09448858,0.28880164,0.0025290437,0.2506032,0.040762097,0.47014466,0.01937377
375316653866487564,966949592489234048,0.64787173,2354.5533244330895,3.4806204702958263,3.2665116E-6,15.462896,0.012674589,0.25279278,0.0012268353,0.053351697,0.0041878563,0.35926053,0.028012803,0.7534338,0.0126550235,0.046630643,0.035993353,0.27971616,1.53184355E17,0.09899192,0.0154444175,0.25279278,0.0012268353,"TWOGAUSSIANS_WITH_ELLIPSOIDAL_ON_ECLIPSE1",9,29.694778,0.25279278,0.0012268353,0.2987695,0.023451995,0.5572376,0.01082102,0.7534338,0.012252925,0.2611316,0.20156276,0.47769004,1.53184355E17
375316653866487564,966960935497696768,0.6086132,2365.966441789935,4.19347906466977,9.166651E-6,17.544844,0.010760956,0.32505554,0.001837206,0.040149245,0.008506041,0.21264167,0.12903304,0.8282247,0.0030072732,0.04880218,0.0035107287,0.22141124,0.025737919,0.11931759,0.012848781,0.32505554,0.001837206,"TWOGAUSSIANS_WITH_ELLIPSOIDAL_ON_ECLIPSE1",9,9.435516,0.8282247,0.0030072732,0.27329218,0.01966008,0.4599512,0.009131501,0.32505554,0.001837206,0.22483577,0.04763383,0.45127624,0.13295254
