Gaia/vari_eclipsing_binary/VariEclipsingBinary_459475-459486.csv
# %ECSV 1.0
# ---
# delimiter: ','
# meta: !!omap
# - RELEASE: Gaia DR3
# - TABLE: vari_eclipsing_binary
# - DESCRIPTION: >
#     This table describes the properties of the eclipsing binaries resulting from the variability analysis. 
# - CITATION: >
#     How to cite and acknowledge Gaia: 
#     https://gea.esac.esa.int/archive/documentation/credits.html 
# - KNOWN_ISSUES: >
#     Known issues: 
#     https://www.cosmos.esa.int/web/gaia-users/known-issues 
# - DOCUMENTATION: >
#     Tutorials and documentation: 
#     https://www.cosmos.esa.int/web/gaia-users/archive 
# datatype:
# - 
#   name: solution_id
#   datatype: int64
#   description: Solution Identifier
#   meta:
#     ucd: meta.version
# - 
#   name: source_id
#   datatype: int64
#   description: Unique source identifier
#   meta:
#     ucd: meta.id;meta.main
# - 
#   name: global_ranking
#   datatype: float32
#   description: Number between 0 (worst) and 1 (best)
#   meta:
#     ucd: stat.param
# - 
#   name: reference_time
#   datatype: float64
#   unit: d
#   description: Reference time used for the geometric model fit
#   meta:
#     ucd: time.epoch
# - 
#   name: frequency
#   datatype: float64
#   unit: d**-1
#   description: Frequency of geometric model of the eclipsing binary light curve
#   meta:
#     ucd: src.orbital
# - 
#   name: frequency_error
#   datatype: float32
#   unit: d**-1
#   description: "Uncertainty of \\texttt{frequency}"
#   meta:
#     ucd: stat.error
# - 
#   name: geom_model_reference_level
#   datatype: float32
#   unit: mag
#   description: Magnitude reference level of geometric model
#   meta:
#     ucd: phot.mag;em.opt
# - 
#   name: geom_model_reference_level_error
#   datatype: float32
#   unit: mag
#   description: "Uncertainty of \\texttt{geomModelReferenceLevel}"
#   meta:
#     ucd: stat.error;phot.mag;em.opt
# - 
#   name: geom_model_gaussian1_phase
#   datatype: float32
#   description: Phase of the Gaussian 1 component
#   meta:
#     ucd: time.phase
# - 
#   name: geom_model_gaussian1_phase_error
#   datatype: float32
#   description: "Uncertainty of \\texttt{geomModelGaussian1Phase}"
#   meta:
#     ucd: stat.error;time.phase
# - 
#   name: geom_model_gaussian1_sigma
#   datatype: float32
#   description: "Standard deviation [phase] of Gaussian 1 component"
#   meta:
#     ucd: stat.stdev
# - 
#   name: geom_model_gaussian1_sigma_error
#   datatype: float32
#   description: "Uncertainty of \\texttt{geomModelGaussian1Sigma}"
#   meta:
#     ucd: stat.error
# - 
#   name: geom_model_gaussian1_depth
#   datatype: float32
#   unit: mag
#   description: Magnitude depth of Gaussian 1 component
#   meta:
#     ucd: src.var.amplitude
# - 
#   name: geom_model_gaussian1_depth_error
#   datatype: float32
#   unit: mag
#   description: "Uncertainty of \\texttt{geomModelGaussian1Depth}"
#   meta:
#     ucd: stat.error;src.var.amplitude
# - 
#   name: geom_model_gaussian2_phase
#   datatype: float32
#   description: Phase of Gaussian 2 component
#   meta:
#     ucd: time.phase
# - 
#   name: geom_model_gaussian2_phase_error
#   datatype: float32
#   description: "Uncertainty of \\texttt{geomModelGaussian2Phase}"
#   meta:
#     ucd: stat.error;time.phase
# - 
#   name: geom_model_gaussian2_sigma
#   datatype: float32
[...]
#   datatype: float32
#   description: "Secondary eclipse: uncertainty of \\texttt{derivedSecondaryEclDuration}"
#   meta:
#     ucd: stat.error;time.duration
# - 
#   name: derived_secondary_ecl_depth
#   datatype: float32
#   unit: mag
#   description: "Secondary eclipse: depth"
#   meta:
#     ucd: src.var.amplitude
# - 
#   name: derived_secondary_ecl_depth_error
#   datatype: float32
#   unit: mag
#   description: "Secondary eclipse: uncertainty of \\texttt{derivedSecondaryEclDepth}"
#   meta:
#     ucd: stat.error;src.var.amplitude
solution_id,source_id,global_ranking,reference_time,frequency,frequency_error,geom_model_reference_level,geom_model_reference_level_error,geom_model_gaussian1_phase,geom_model_gaussian1_phase_error,geom_model_gaussian1_sigma,geom_model_gaussian1_sigma_error,geom_model_gaussian1_depth,geom_model_gaussian1_depth_error,geom_model_gaussian2_phase,geom_model_gaussian2_phase_error,geom_model_gaussian2_sigma,geom_model_gaussian2_sigma_error,geom_model_gaussian2_depth,geom_model_gaussian2_depth_error,geom_model_cosine_half_period_amplitude,geom_model_cosine_half_period_amplitude_error,geom_model_cosine_half_period_phase,geom_model_cosine_half_period_phase_error,model_type,num_model_parameters,reduced_chi2,derived_primary_ecl_phase,derived_primary_ecl_phase_error,derived_primary_ecl_duration,derived_primary_ecl_duration_error,derived_primary_ecl_depth,derived_primary_ecl_depth_error,derived_secondary_ecl_phase,derived_secondary_ecl_phase_error,derived_secondary_ecl_duration,derived_secondary_ecl_duration_error,derived_secondary_ecl_depth,derived_secondary_ecl_depth_error
[from data line 863]
375316653866487564,4041638270967444352,0.46453777,2395.588416269153,1.5466783535777997,3.5597837E-5,18.491482,0.68130404,0.21808407,0.014759663,0.1111583,0.12415267,0.18984053,0.6570233,0.7098264,0.011833098,0.10833264,0.07883463,0.22749974,0.5517118,null,null,null,null,"TWOGAUSSIANS",8,7.4416647,0.7098264,0.011833098,0.4,0.0,0.19911824,0.023162074,0.21809407,0.014612243,0.4,0.0,0.16145428,0.029389478
375316653866487564,4041638275150384896,0.48211396,2449.44145381169,2.000401375067139,2.52103E-5,19.008884,0.00726455,0.30405158,0.00766309,0.07593904,0.008160313,0.1637148,0.023628637,0.82403094,0.008041544,0.05076779,0.008547638,0.23248805,0.024791682,null,null,null,null,"TWOGAUSSIANS",8,2.2813272,0.82403094,0.008041544,0.2842996,0.047866773,0.23240702,0.024841253,0.30405158,0.00766309,0.4,0.00164138,0.16363375,0.023648383
375316653866487564,4041638305327259136,0.4874224,2370.5085561403175,0.17729543007743692,3.2006235E-5,19.731123,0.0075434013,0.9834331,6.83306E-4,0.013725419,0.0019537823,0.21199505,0.08031574,0.6541187,0.0112480745,0.024011645,0.013864982,0.15152314,0.53101087,0.10110034,0.01140448,0.6541187,0.0112480745,"TWOGAUSSIANS_WITH_ELLIPSOIDAL_ON_ECLIPSE2",9,3.6065555,0.6541187,0.0112480745,0.13446522,0.0776439,0.35372344,0.5395666,0.9843931,0.0013213527,0.07686234,0.01094118,0.2586995,0.084141605
375316653866487564,4041638584388057344,0.47279304,2407.5225520566855,0.03450811266478233,2.4843264E-5,19.46945,0.014311435,0.11179913,0.006664657,0.050580993,0.005089907,0.26910847,0.049583897,0.44092485,0.0036990042,0.045488954,0.0050233747,0.2937897,0.04128929,null,null,null,null,"TWOGAUSSIANS",8,3.350082,0.44092485,0.0036990042,0.25473815,0.028130898,0.2937897,0.04128929,0.11179913,0.006664657,0.28325355,0.02850348,0.26910847,0.049583897
375316653866487564,4041638648927017856,0.5111919,2390.3107530034763,2.226019987797099,1.4966914E-5,19.533476,0.13440196,0.24801244,0.011447939,0.2580869,0.0828516,0.2247287,0.1283205,0.6190568,6.5851357E-4,0.014715062,0.0014999977,1.0848234,0.36443496,null,null,null,null,"TWOGAUSSIANS",8,0.8902124,0.6190568,6.5851357E-4,0.082404345,0.008399988,1.1074978,0.36493012,0.24801244,0.011447939,0.4,0.0,0.15616113,0.012755845
375316653866487564,4041638962290779904,0.43747953,2337.6117847733153,0.7548544444527803,3.737394E-5,19.541534,0.06277011,0.41885477,0.009508212,0.22611815,0.048151452,0.23063366,0.056389987,0.8133362,8.462728E-5,0.0059944117,3.6817646E-4,0.13971482,0.012556471,null,null,null,null,"TWOGAUSSIANS",8,1.9856043,0.41885477,0.009508212,0.4,0.0,0.1906469,0.019643774,0.8133362,8.462728E-5,0.033568706,0.0020617882,0.15644805,0.016670393
375316653866487564,4041638992435844224,0.5762126,2350.6075991186767,1.2679020903773284,5.248732E-6,18.344486,0.004062689,0.22130142,0.0036103637,0.07442308,0.0027331193,0.35924163,0.014332287,0.72194517,0.004569776,0.07773125,0.0031120484,0.32087126,0.0067655914,null,null,null,null,"TWOGAUSSIANS",8,1.573743,0.22130142,0.0036103637,0.4,0.0,0.35622028,0.014341775,0.72194517,0.004569776,0.4,0.0,0.31784993,0.0059569613
375316653866487564,4041639095518380928,0.48512903,2364.484451539821,1.4984220613987949,2.0430913E-5,19.048792,0.017488642,0.21228297,0.0074588163,0.07401142,0.009020239,0.32212055,0.054105986,0.70158446,0.005946173,0.10552186,0.01639935,0.23057517,0.019785466,null,null,null,null,"TWOGAUSSIANS",8,2.975836,0.21228297,0.007458602,0.4,0.02113947,0.31308183,0.055626884,0.70158446,0.005946173,0.4,0.0,0.22152962,0.023019332
375316653866487564,4041639409022799360,0.42915604,2425.328576796232,0.7353820205169322,6.967529E-5,19.858492,0.022858696,0.43671066,0.016934535,0.03451952,0.012641409,0.15904617,0.046506498,0.8401439,0.010749463,0.048850577,0.014209345,0.2615256,0.040503193,null,null,null,null,"TWOGAUSSIANS",8,4.2478437,0.8401439,0.010749463,0.27356324,0.079572335,0.2615256,0.040503193,0.43671066,0.016934535,0.1933093,0.07079189,0.15904617,0.046506498
375316653866487564,4041639477741454976,0.42677835,2305.3757915380593,0.41683945210498174,6.1903396E-5,18.398983,0.017482173,0.21912721,0.009456917,0.07176857,0.013251593,0.59263545,0.35522288,0.7835071,0.053618856,0.104003385,0.056701835,0.12090914,0.16109008,null,null,null,null,"TWOGAUSSIANS",8,5.8859253,0.21911721,0.00944668,0.4,0.04391914,0.5901511,0.35780442,0.7835071,0.053618856,0.4,0.036236588,0.11840596,0.16547684
375316653866487564,4041639817158514432,0.42388648,2411.8681976298435,0.3324667671899628,6.0235594E-5,19.556425,0.076505125,0.38169205,0.01420448,0.16578421,0.041905824,0.32449484,0.07041745,0.8144422,0.012534561,0.07391605,0.020370025,0.21790628,0.12305554,null,null,null,null,"TWOGAUSSIANS",8,3.2069113,0.38169205,0.01420448,0.4,0.0,0.2919401,0.03234167,0.8144422,0.012534561,0.4,0.0758185,0.19703762,0.12305209
375316653866487564,4041639821338532224,0.47515664,2412.7013526674154,0.1957291524302701,1.0236793E-4,19.042562,0.012937095,0.0470001,0.010309956,0.03595902,0.01161702,0.0753928,0.012835075,0.4269042,0.015611873,0.09538872,0.019289361,0.25954357,0.032077346,null,null,null,null,"TWOGAUSSIANS",8,5.2309976,0.4269042,0.015611873,0.4,0.0,0.25953874,0.0320891,0.0470701,0.010288402,0.20137052,0.06505531,0.07548139,0.013101649
375316653866487564,4041640023319851264,0.46967256,2365.924570734853,0.05596190179727766,1.3139189E-5,19.704819,0.029646546,0.2454683,0.026510997,0.02276778,0.060605645,0.05227226,1.5327907,0.4786816,0.0021380335,0.026603023,0.003800329,0.3534183,0.038106095,0.07442592,0.03447699,0.2454683,0.026510997,"TWOGAUSSIANS_WITH_ELLIPSOIDAL_ON_ECLIPSE1",9,4.2666545,0.4786816,0.0021380335,0.14897692,0.021281842,0.35506678,0.039373644,0.2454683,0.026510997,0.12749957,0.33939162,0.20112278,1.5438379
375316653866487564,4041640057505733760,0.5234047,2437.7198713464613,3.0563681504248774,1.5431287E-5,19.146336,0.030091796,0.28894413,0.0032215733,0.06997994,0.009817529,0.6490133,0.066328555,0.7994202,0.009660585,0.057938207,0.014100184,0.702231,0.24630079,null,null,null,null,"TWOGAUSSIANS",8,8.697901,0.7994202,0.009660585,0.32445395,0.07896103,0.70176476,0.24748357,0.28894413,0.0032215733,0.39188766,0.046930637,0.6485471,0.066805035
375316653866487564,4041640126398967680,0.52270705,2389.4976109825425,2.485463175956344,3.4946966E-5,18.690811,0.00687721,0.27270168,0.03479291,0.048405897,0.07131112,0.16144897,1.34119293E12,0.73491824,0.006991506,0.034414142,0.0067768693,0.9972526,0.5398666,null,null,null,null,"TWOGAUSSIANS",8,4.0070786,0.73491824,0.006991506,0.19271919,0.037950467,0.9972526,0.5398666,0.27270168,0.03479291,0.27107304,0.39934227,0.16144897,1.34119293E12
375316653866487564,4041640233601905536,0.4326802,2386.620669105058,0.10409682498700353,4.4336255E-5,19.293402,0.14957853,0.18491134,0.014922723,0.18617836,0.09228557,0.23352486,0.14598203,0.66365224,0.012815665,0.08432565,0.024242243,0.34790546,0.10098381,null,null,null,null,"TWOGAUSSIANS",8,10.738237,0.66365224,0.012815665,0.4,0.0,0.28755185,0.07883909,0.18491134,0.014917302,0.4,0.0,0.15997438,0.020940987
375316653866487564,4041640233656372864,0.46182624,2378.8765078433407,0.23687159710593977,6.1078565E-5,19.515675,0.06596968,0.15145265,0.093044356,0.06849176,0.048038,0.20946422,0.1265686,0.64691395,0.020765647,0.1707031,0.04576787,0.33318633,0.05970562,null,null,null,null,"TWOGAUSSIANS",8,2.1672378,0.64691395,0.020765647,0.4,0.0,0.27588683,0.02873785,0.15171266,0.095869854,0.38355383,0.07151931,0.16132584,0.12195838
375316653866487564,4041640233698349696,0.47115788,2432.599381184705,3.980397512213858,5.430472E-5,19.505627,0.03604064,0.34019446,0.0115981,0.060930755,0.013043087,0.35580575,0.042345487,0.8122315,0.015036366,0.06915288,0.01606128,0.44282553,0.17598933,null,null,null,null,"TWOGAUSSIANS",8,8.458481,0.8122315,0.015036366,0.3872561,0.07238877,0.44261417,0.17616364,0.34019446,0.0115981,0.3412122,0.07303057,0.3555944,0.041615076
375316653866487564,4041640263837944576,0.41856402,2454.499105755646,1.7870532588223955,4.1239884E-5,18.8686,0.011942411,0.40244275,0.020144736,0.06900582,0.02069235,0.25222352,0.07977477,0.70779955,0.008878255,0.022560472,0.018881507,0.21982782,0.10361188,null,null,null,null,"TWOGAUSSIANS",8,7.956743,0.40244275,0.020144736,0.38643256,0.100721225,0.25222352,0.07977477,0.70779955,0.008878255,0.12633863,0.10573644,0.21984193,0.10360923
375316653866487564,4041640298200226944,0.49776554,2404.000445686565,2.12828869704948,1.7872559E-5,18.872923,0.08359667,0.30431983,0.008400699,0.094985195,0.019659597,0.25367638,0.07860568,0.81958115,0.012209432,0.11883391,0.06146717,0.14263938,0.08166886,null,null,null,null,"TWOGAUSSIANS",8,2.1216714,0.30428985,0.0079715,0.4,0.0,0.23396851,0.023829672,0.81958115,0.012262072,0.4,0.0,0.12288562,0.018638875
375316653866487564,4041640302377091328,0.43226963,2458.1607583786354,1.1900536124999999,1.1721617E-4,19.72692,0.098153636,0.29501864,0.0067551704,0.06694202,0.017548637,0.24590051,0.08534211,0.78840417,0.011403211,0.14537615,0.0755841,0.17014396,0.088811904,null,null,null,null,"TWOGAUSSIANS",8,3.026513,0.29507864,0.006902229,0.3748753,0.090782695,0.22670272,0.04203242,0.78840417,0.011403211,0.4,0.0,0.15001707,0.04054716
375316653866487564,4041640405454986880,0.5779101,2397.49010616676,2.172513423145584,9.351562E-6,18.705755,0.012571605,0.25308627,0.0024063904,0.082102135,0.003925443,0.5312985,0.025019687,0.75554085,0.002666984,0.08881375,0.004874551,0.4623115,0.011366411,null,null,null,null,"TWOGAUSSIANS",8,3.3304636,0.25308627,0.0024063904,0.4,0.0,0.5181853,0.02565426,0.75554085,0.002666984,0.4,0.0,0.44919816,0.010847253
375316653866487564,4041640435637050240,0.45636788,2420.7299864662255,0.09718567936751876,3.3693854E-5,19.27245,0.02002453,0.4032312,0.014035744,0.10051239,0.027610846,0.073918544,0.023020972,0.82563347,0.010866984,0.091324136,0.014747726,0.21227929,0.03404621,null,null,null,null,"TWOGAUSSIANS",8,2.142394,0.82563347,0.010866984,0.4,0.0,0.20971952,0.03254126,0.4032612,0.0140127065,0.4,0.0,0.07135279,0.0203725
375316653866487564,4041640435637053312,0.45431367,2417.816267232416,2.5999880513883222,2.731136E-5,19.104195,1.2927231,0.29407296,0.01780897,0.13485071,0.23226927,0.4469789,1.1976806,0.7732263,0.01548986,0.102985606,0.06697696,0.48512268,0.7924823,null,null,null,null,"TWOGAUSSIANS",8,14.831252,0.7732263,0.01548986,0.4,0.0,0.4030694,0.04942764,0.29409295,0.017740466,0.4,0.0,0.36386862,0.107453585
375316653866487564,4041640573078472192,0.54602665,2428.047662386248,0.648198439318522,2.2465048E-5,18.492641,0.0065888385,0.30477202,0.025803199,0.056030348,0.048910663,0.5939787,0.5124497,0.8080795,0.005040921,0.06972304,0.0061078016,0.12605436,0.00870635,null,null,null,null,"TWOGAUSSIANS",8,2.5410857,0.30477202,0.025803199,0.31376994,0.09449978,0.5938167,0.51531833,0.8080795,0.005040921,0.39044905,0.025771517,0.12589236,0.0074709374
375316653866487564,4041640611655418496,0.41775218,2424.8734030332676,0.1094680811116666,3.2203916E-5,19.31521,0.018534463,null,null,null,null,null,null,null,null,null,null,null,null,0.21433097,0.022748932,0.25255457,0.007908187,"ELLIPSOIDAL",4,19.432524,null,null,null,null,null,null,null,null,null,null,null,null
375316653866487564,4041640641797713408,0.45758873,2455.151982803071,3.8632910276087653,6.917568E-5,19.460876,0.02008226,0.4891557,0.010776011,0.0720231,0.018010367,0.22923943,0.110940784,0.8076447,0.012670283,0.10117889,0.01958667,0.19900846,0.042314366,null,null,null,null,"TWOGAUSSIANS",8,2.7020655,0.49017572,0.010435414,0.4,0.08246692,0.2304848,0.11251897,0.8076447,0.012670283,0.4,0.0,0.19884098,0.042309873
375316653866487564,4041640852078914560,0.4715614,2471.4501095271185,0.07738689868865334,1.4084266E-4,19.796286,0.023778737,0.40215808,0.0034704444,0.19452621,0.0126871,0.36462837,0.021889536,0.91613525,0.0028660726,0.026803164,0.008530602,0.18200499,0.036337648,null,null,null,null,"TWOGAUSSIANS",8,1.9832278,0.40215808,0.0034704444,0.4,0.0,0.3269655,0.014766134,0.91635525,0.0030382066,0.15009771,0.04777137,0.17154267,0.039813314
375316653866487564,4041640886533592064,0.45125863,2491.950458747612,0.10663648351370782,5.956006E-5,19.818844,0.02060756,0.14447996,0.019907212,0.009298212,0.009051121,0.31964096,0.36889505,null,null,null,null,null,null,0.143886,0.030123653,0.14447996,0.019907212,"ONEGAUSSIAN_WITH_ELLIPSOIDAL",6,5.7892437,0.14447996,0.019907212,0.052069984,0.050686274,0.6074129,0.3643292,null,null,null,null,null,null
375316653866487564,4041641088474237824,0.45474356,2376.793742223881,0.34995235424118654,6.521747E-5,19.46245,0.024513997,0.25734738,0.0015256926,0.0150487395,0.0019742234,0.69574565,0.093915686,0.80577254,0.019083109,0.015191947,0.02800462,0.05409166,9187.692,0.066434786,0.03491857,0.80577254,0.019083109,"TWOGAUSSIANS_WITH_ELLIPSOIDAL_ON_ECLIPSE2",9,12.808083,0.25749737,0.0014891346,0.08427294,0.01105565,0.81672615,0.09562908,0.80577254,0.019083109,0.0850749,0.15682587,0.18696098,9187.709
375316653866487564,4041641191550337920,0.47197375,2421.4432015214766,0.2697715282802097,3.8735485E-5,19.616146,0.009445542,0.49659094,0.008845338,0.1366072,0.011023573,0.42044133,0.052480146,0.15056878,0.01749912,0.030360436,0.020954397,0.08877842,0.035505105,null,null,null,null,"TWOGAUSSIANS",8,1.9692267,0.49659094,0.008845338,0.4,0.0,0.4194042,0.053195525,0.15404879,0.01951446,0.17001845,0.11734462,0.10529329,0.036571946
375316653866487564,4041641333113994880,0.4565701,2429.913889542186,3.1402242007528662,3.8046157E-5,19.298515,0.017643882,null,null,null,null,null,null,null,null,null,null,null,null,0.2210152,0.03616705,0.2985184,0.012879483,"ELLIPSOIDAL",4,31.509102,null,null,null,null,null,null,null,null,null,null,null,null
375316653866487564,4041641397711607680,0.46550646,2449.447985345889,0.08125433408766151,1.4868428E-4,19.482973,0.04274021,0.21623541,0.05069757,0.060135588,0.045680698,0.1430657,0.052717596,0.7851769,0.009680457,0.059101652,0.027164299,0.20457448,0.04442585,null,null,null,null,"TWOGAUSSIANS",8,3.9218354,0.7851769,0.009702523,0.33096924,0.15212007,0.2045706,0.044230975,0.21623541,0.05069757,0.3367593,0.098210156,0.14306183,0.05226708
375316653866487564,4041641539326687104,0.4651035,2456.676443876344,0.47215436118955545,8.790676E-5,19.728775,0.03946954,0.026565626,0.9232793,0.16057779,0.0682589,0.21944416,0.035726007,0.7136113,0.01442905,0.086815916,0.012549751,0.41135192,0.053427074,null,null,null,null,"TWOGAUSSIANS",8,3.4161878,0.7214613,0.012728985,0.4,0.0,0.43468934,0.031606007,0.023115626,0.9195516,0.4,0.0,0.20901516,0.023134133
375316653866487564,4041641676711302528,0.45792463,2425.668355610173,0.4448626585349204,9.3852956E-5,19.445747,0.042015877,0.3634021,0.02365478,0.14398971,0.041273918,0.2413325,0.047026794,0.74748546,0.004171234,0.02746301,0.005812587,0.5188045,0.081463605,null,null,null,null,"TWOGAUSSIANS",8,8.120204,0.74748546,0.004171234,0.15379286,0.032550488,0.52450943,0.081508934,0.3634021,0.02365478,0.4,0.0,0.24013206,0.045256138
375316653866487564,4041641706932928512,0.4535864,2480.7097216256757,1.0406921790695127,1.1492403E-4,19.028618,0.007045492,0.18146615,0.016262958,0.049387015,0.013373353,0.18534456,0.02580951,0.6990752,0.010490339,0.016690768,0.013300727,1.7825446,6.2611628,null,null,null,null,"TWOGAUSSIANS",8,3.6391184,0.6990752,0.010490339,0.0934683,0.07448407,1.7825446,6.2611628,0.18146615,0.016262958,0.27656728,0.07489077,0.18534456,0.025809512
375316653866487564,4041641706932990976,0.42274484,2528.0949837483026,0.9638470701032291,2.8896457E-5,19.807835,0.040642243,0.15006776,0.009059673,0.07803836,0.021460602,0.20722175,0.04021781,0.57747567,0.07268786,0.11826879,0.06831521,0.14659795,0.09415055,null,null,null,null,"TWOGAUSSIANS",8,3.3039758,0.15025777,0.008596309,0.4,0.052107703,0.20279923,0.0375758,0.57747567,0.07268786,0.4,0.0,0.14195979,0.09349353
