Gaia/vari_eclipsing_binary/VariEclipsingBinary_054358-054882.csv
# %ECSV 1.0
# ---
# delimiter: ','
# meta: !!omap
# - RELEASE: Gaia DR3
# - TABLE: vari_eclipsing_binary
# - DESCRIPTION: >
#     This table describes the properties of the eclipsing binaries resulting from the variability analysis. 
# - CITATION: >
#     How to cite and acknowledge Gaia: 
#     https://gea.esac.esa.int/archive/documentation/credits.html 
# - KNOWN_ISSUES: >
#     Known issues: 
#     https://www.cosmos.esa.int/web/gaia-users/known-issues 
# - DOCUMENTATION: >
#     Tutorials and documentation: 
#     https://www.cosmos.esa.int/web/gaia-users/archive 
# datatype:
# - 
#   name: solution_id
#   datatype: int64
#   description: Solution Identifier
#   meta:
#     ucd: meta.version
# - 
#   name: source_id
#   datatype: int64
#   description: Unique source identifier
#   meta:
#     ucd: meta.id;meta.main
# - 
#   name: global_ranking
#   datatype: float32
#   description: Number between 0 (worst) and 1 (best)
#   meta:
#     ucd: stat.param
# - 
#   name: reference_time
#   datatype: float64
#   unit: d
#   description: Reference time used for the geometric model fit
#   meta:
#     ucd: time.epoch
# - 
#   name: frequency
#   datatype: float64
#   unit: d**-1
#   description: Frequency of geometric model of the eclipsing binary light curve
#   meta:
#     ucd: src.orbital
# - 
#   name: frequency_error
#   datatype: float32
#   unit: d**-1
#   description: "Uncertainty of \\texttt{frequency}"
#   meta:
#     ucd: stat.error
# - 
#   name: geom_model_reference_level
#   datatype: float32
#   unit: mag
#   description: Magnitude reference level of geometric model
#   meta:
#     ucd: phot.mag;em.opt
# - 
#   name: geom_model_reference_level_error
#   datatype: float32
#   unit: mag
#   description: "Uncertainty of \\texttt{geomModelReferenceLevel}"
#   meta:
#     ucd: stat.error;phot.mag;em.opt
# - 
#   name: geom_model_gaussian1_phase
#   datatype: float32
#   description: Phase of the Gaussian 1 component
#   meta:
#     ucd: time.phase
# - 
#   name: geom_model_gaussian1_phase_error
#   datatype: float32
#   description: "Uncertainty of \\texttt{geomModelGaussian1Phase}"
#   meta:
#     ucd: stat.error;time.phase
# - 
#   name: geom_model_gaussian1_sigma
#   datatype: float32
#   description: "Standard deviation [phase] of Gaussian 1 component"
#   meta:
#     ucd: stat.stdev
# - 
#   name: geom_model_gaussian1_sigma_error
#   datatype: float32
#   description: "Uncertainty of \\texttt{geomModelGaussian1Sigma}"
#   meta:
#     ucd: stat.error
# - 
#   name: geom_model_gaussian1_depth
#   datatype: float32
#   unit: mag
#   description: Magnitude depth of Gaussian 1 component
#   meta:
#     ucd: src.var.amplitude
# - 
#   name: geom_model_gaussian1_depth_error
#   datatype: float32
#   unit: mag
#   description: "Uncertainty of \\texttt{geomModelGaussian1Depth}"
#   meta:
#     ucd: stat.error;src.var.amplitude
# - 
#   name: geom_model_gaussian2_phase
#   datatype: float32
#   description: Phase of Gaussian 2 component
#   meta:
#     ucd: time.phase
# - 
#   name: geom_model_gaussian2_phase_error
#   datatype: float32
#   description: "Uncertainty of \\texttt{geomModelGaussian2Phase}"
#   meta:
#     ucd: stat.error;time.phase
# - 
#   name: geom_model_gaussian2_sigma
#   datatype: float32
[...]
#   datatype: float32
#   description: "Secondary eclipse: uncertainty of \\texttt{derivedSecondaryEclDuration}"
#   meta:
#     ucd: stat.error;time.duration
# - 
#   name: derived_secondary_ecl_depth
#   datatype: float32
#   unit: mag
#   description: "Secondary eclipse: depth"
#   meta:
#     ucd: src.var.amplitude
# - 
#   name: derived_secondary_ecl_depth_error
#   datatype: float32
#   unit: mag
#   description: "Secondary eclipse: uncertainty of \\texttt{derivedSecondaryEclDepth}"
#   meta:
#     ucd: stat.error;src.var.amplitude
solution_id,source_id,global_ranking,reference_time,frequency,frequency_error,geom_model_reference_level,geom_model_reference_level_error,geom_model_gaussian1_phase,geom_model_gaussian1_phase_error,geom_model_gaussian1_sigma,geom_model_gaussian1_sigma_error,geom_model_gaussian1_depth,geom_model_gaussian1_depth_error,geom_model_gaussian2_phase,geom_model_gaussian2_phase_error,geom_model_gaussian2_sigma,geom_model_gaussian2_sigma_error,geom_model_gaussian2_depth,geom_model_gaussian2_depth_error,geom_model_cosine_half_period_amplitude,geom_model_cosine_half_period_amplitude_error,geom_model_cosine_half_period_phase,geom_model_cosine_half_period_phase_error,model_type,num_model_parameters,reduced_chi2,derived_primary_ecl_phase,derived_primary_ecl_phase_error,derived_primary_ecl_duration,derived_primary_ecl_duration_error,derived_primary_ecl_depth,derived_primary_ecl_depth_error,derived_secondary_ecl_phase,derived_secondary_ecl_phase_error,derived_secondary_ecl_duration,derived_secondary_ecl_duration_error,derived_secondary_ecl_depth,derived_secondary_ecl_depth_error
[from data line 353]
375316653866487564,480151333371209600,0.47158906,2231.2800778473475,1.2448499282895105,1.5511174E-5,18.639605,0.007954655,0.22515935,0.004420942,0.028285831,0.0043820287,0.95448875,0.19353272,0.9434497,0.009624501,0.017217359,0.005055,0.14760286,0.099063195,null,null,null,null,"TWOGAUSSIANS",8,19.15733,0.22515935,0.004420942,0.15840065,0.02453936,0.95448875,0.19353272,0.9434497,0.009624501,0.0964172,0.028308,0.14760286,0.099063195
375316653866487564,480181295064388864,0.5413913,2229.748885849303,1.449441899709728,1.2187585E-5,17.256374,0.002917536,0.2439987,0.0014729254,0.030006375,0.0011185526,0.32628682,0.007927987,0.74181473,0.0043333373,0.029749077,0.003605181,0.19530709,0.022267817,null,null,null,null,"TWOGAUSSIANS",8,11.104075,0.2439987,0.0014729254,0.1680357,0.0062638945,0.32628682,0.007927987,0.74181473,0.0043333373,0.16659483,0.020189013,0.19530709,0.022267817
375316653866487564,480200197216099328,0.62356913,2246.7986095679603,0.10687378264868491,3.5366418E-6,15.06334,9.857567E-4,0.40929785,1.7130628E-4,0.0037918212,1.0541192E-4,0.2074883,0.0051178336,0.742663,1.3941347E-4,0.004470472,1.0011843E-4,0.20965451,0.0042549307,0.002040879,0.002088125,0.742663,1.3941347E-4,"TWOGAUSSIANS_WITH_ELLIPSOIDAL_ON_ECLIPSE2",9,9.421047,0.742663,1.3941347E-4,0.025034644,5.606632E-4,0.21373627,0.004317638,0.40929785,1.7130628E-4,0.0212342,5.9030676E-4,0.20850945,0.005299252
375316653866487564,480210298979076992,0.535053,2244.122933458122,3.205382072239782,7.664666E-6,19.796074,0.014308655,0.25393674,0.0020615815,0.027477246,0.0078428695,0.28470176,0.056576468,0.7525302,0.0049147927,0.038569823,0.006005944,0.2452437,0.04962863,0.1987503,0.019748596,0.25393674,0.0020615815,"TWOGAUSSIANS_WITH_ELLIPSOIDAL_ON_ECLIPSE1",9,2.0947316,0.25393674,0.0020615815,0.15387258,0.04392007,0.6822023,0.07657478,0.7527502,0.004505966,0.215991,0.033633288,0.64271814,0.04681918
375316653866487564,480220675620092672,0.52708644,2211.24559482514,1.9821853440072144,2.89522E-5,16.964203,0.0036972961,0.2427698,1.6556316E-4,0.0055328975,1.3028173E-4,2.0852578,0.20279445,0.59303105,0.056647908,0.016416641,0.0072747623,0.056516994,0.03936553,null,null,null,null,"TWOGAUSSIANS",8,23.071661,0.2427698,1.6556316E-4,0.030984227,7.295777E-4,2.0852578,0.20279445,0.59303105,0.056647908,0.09193318,0.04073867,0.056516994,0.03936553
375316653866487564,480223596197824640,0.51781315,2204.7690702528066,1.1883177161302638,8.358099E-6,12.29741,0.010651713,0.35026616,0.0022922691,0.1244996,0.011622471,0.08100291,0.010158053,0.83697367,0.0036410103,0.10833201,0.015199252,0.057346366,0.010010382,null,null,null,null,"TWOGAUSSIANS",8,41.69906,0.35027614,0.0023208624,0.4,0.0,0.0689074,0.0027075862,0.83697367,0.0036410103,0.4,0.0,0.04530311,0.0024498506
375316653866487564,480235136774160384,0.42030534,2200.724351724701,2.008140207828123,6.642573E-5,18.920559,0.03283782,0.30914864,0.014924295,0.08123385,0.020948214,0.2057881,0.037350927,0.7658308,0.01936943,0.118978836,0.035623852,0.097318985,0.034736395,null,null,null,null,"TWOGAUSSIANS",8,10.954876,0.30920863,0.014819327,0.4,0.0,0.19948219,0.030009562,0.7658308,0.01936943,0.4,0.0,0.090948634,0.022868145
375316653866487564,480239191223314176,0.5170793,2250.174103167468,4.249425520262295,2.3800241E-5,19.620981,0.028355788,0.25089267,0.0053588483,0.09746574,0.011276727,0.33344722,0.024902415,0.74385643,0.009089347,0.088228315,0.013822534,0.3495422,0.030652206,null,null,null,null,"TWOGAUSSIANS",8,1.5378258,0.74385643,0.009089347,0.4,0.0,0.33317065,0.01949342,0.25089267,0.0053588483,0.4,0.0,0.3170744,0.013946885
375316653866487564,480244486918827136,0.5613787,2192.5646839684596,3.3214843331689172,7.82907E-6,16.449635,0.009372443,0.22884823,0.0023647177,0.09857302,0.0054613664,0.24255338,0.008891284,0.7296378,0.0022685032,0.0958529,0.005389036,0.21757615,0.008531413,null,null,null,null,"TWOGAUSSIANS",8,13.003907,0.22884823,0.0023647177,0.4,0.0,0.22588831,0.007536503,0.7296378,0.0022685032,0.4,0.0,0.2009118,0.0053474847
375316653866487564,480251732526980608,0.515451,2214.784524349257,1.633447420400885,9.128763E-6,17.265766,0.09486309,0.22603376,0.0044180974,0.12635899,0.03434094,0.14451095,0.08916087,0.72673434,0.0034986427,0.14105156,0.042155076,0.15188466,0.09223656,null,null,null,null,"TWOGAUSSIANS",8,3.032586,0.72674435,0.003520663,0.4,0.0,0.10067777,0.005591842,0.22600375,0.004578566,0.4,0.0,0.09375654,0.006095235
375316653866487564,480259433404817792,0.5771389,2219.3728813900934,2.7801259566403393,3.237812E-6,16.243841,0.006089003,0.15911232,0.001653212,0.085915186,0.0031967692,0.26473096,0.007084875,0.6644373,0.0017139019,0.08636093,0.003181145,0.26561585,0.007513818,null,null,null,null,"TWOGAUSSIANS",8,12.655787,0.6644373,0.0017139019,0.4,0.0,0.25843334,0.0071998355,0.15911232,0.001653212,0.4,0.0,0.25754842,0.00657563
375316653866487564,480277747145459968,0.65691197,2249.44679319125,2.2506263510026243,3.884855E-6,15.201294,0.015236572,0.2834305,0.0014859381,0.06537142,0.00617261,0.18438895,0.03213692,0.7832284,0.0023402912,0.059025675,0.00674048,0.22787729,0.030359527,0.086810485,0.017259838,0.2834305,0.0014859381,"TWOGAUSSIANS_WITH_ELLIPSOIDAL_ON_ECLIPSE1",9,27.62367,0.7832684,0.0020723147,0.3305438,0.037746686,0.40134737,0.022959504,0.2834305,0.0014859381,0.36607993,0.03456662,0.35785925,0.0046932627
375316653866487564,480285615525386624,0.4933437,2218.162073144804,0.1596356528674586,1.1169881E-5,15.951858,0.009528801,0.29688776,0.0028040332,0.0028268956,0.0021793568,0.21921977,543.2982,0.55186665,0.045265052,0.007813261,0.0328797,0.76528245,0.92553455,0.007152647,0.012196451,0.29688776,0.0028040332,"TWOGAUSSIANS_WITH_ELLIPSOIDAL_ON_ECLIPSE1",9,114.184006,0.55186665,0.045364086,0.04375426,0.18412632,0.76529646,0.9253539,0.29688776,0.0028040332,0.015830616,0.0122043975,0.23352505,543.29803
375316653866487564,480287367872027136,0.57708126,2245.9121914977827,2.642258196784125,2.639927E-5,17.087282,0.004956766,0.24781342,0.0123989675,0.055250354,0.0123479,0.41408393,0.028588602,0.74834675,0.003336585,0.05360451,0.0033843096,0.46216804,0.01928707,null,null,null,null,"TWOGAUSSIANS",8,21.511536,0.74834675,0.003336585,0.30018526,0.018952133,0.46214563,0.019290196,0.24781342,0.0123989675,0.309402,0.06914824,0.4140615,0.028597234
375316653866487564,480292758054700800,0.47835088,2232.685916051264,2.291267064477455,2.1327929E-5,16.930752,0.0010297735,null,null,null,null,null,null,null,null,null,null,null,null,0.024007242,0.0017159577,0.22980338,0.004712539,"ELLIPSOIDAL",4,2.7720747,null,null,null,null,null,null,null,null,null,null,null,null
375316653866487564,480306398870919936,0.62326026,2209.883916235817,2.7027644837680795,6.302294E-6,17.260519,0.01123777,0.25880453,0.002174476,0.058927972,0.0032007971,0.4268199,0.036717303,0.757223,0.0025948032,0.050882455,0.0038013963,0.35952964,0.025685677,0.089710005,0.014508936,0.25880453,0.002174476,"TWOGAUSSIANS_WITH_ELLIPSOIDAL_ON_ECLIPSE1",9,11.018136,0.25880453,0.002174476,0.32999665,0.017924463,0.60618436,0.027282143,0.757373,0.0023622962,0.28494176,0.02128782,0.538878,0.0138326
375316653866487564,480314885725884416,0.45963544,2235.3020574055863,1.1594889174890157,3.7744467E-5,19.856815,0.005959636,0.11219431,0.0030237099,0.017042758,0.0020091399,0.37677166,0.06833183,0.60461783,0.0018766157,0.025999246,0.0015645365,0.43403634,0.03190362,null,null,null,null,"TWOGAUSSIANS",8,3.2481253,0.60461783,0.0018766157,0.14559579,0.008761404,0.43403634,0.03190362,0.11219431,0.0030237099,0.09543944,0.011251182,0.37677166,0.06833183
375316653866487564,480320559379260416,0.57978475,2209.80444105188,0.5021184762422897,3.3966517E-5,14.947985,8.145718E-4,0.5733485,0.009488541,0.022651026,0.0067058257,0.31680673,0.05030928,0.21296033,0.032942276,0.03896972,0.02784219,0.0027514135,0.0030552996,null,null,null,null,"TWOGAUSSIANS",8,26.53324,0.5733485,0.009488541,0.12684575,0.037552625,0.31680673,0.05030928,0.21296033,0.032942276,0.21823044,0.15591627,0.0027514135,0.0030552996
375316653866487564,480338014126864640,0.5555081,2194.091231169359,2.871862163814049,8.869931E-6,16.458742,0.006294834,0.2934597,0.0018717077,0.10160558,0.0039371396,0.1740867,0.006508723,0.79154575,0.0025581394,0.09413821,0.004851368,0.18828987,0.0066247554,null,null,null,null,"TWOGAUSSIANS",8,6.877398,0.79154575,0.0025581394,0.4,0.0,0.17480387,0.005522285,0.2934597,0.0018717077,0.4,0.0,0.16059905,0.003998113
375316653866487564,480349558998939008,0.5510068,2210.4341967297796,2.58885769977469,1.04102655E-5,16.329544,0.0179503,0.25224933,0.0032536138,0.09903221,0.010088601,0.23241974,0.015012911,0.7641841,0.00300186,0.107857116,0.008931404,0.23902959,0.01642028,null,null,null,null,"TWOGAUSSIANS",8,20.977043,0.7641841,0.00300186,0.4,0.0,0.21696796,0.0077091954,0.25223932,0.0032588441,0.4,0.0,0.21036813,0.0079984255
375316653866487564,480354438081645952,0.5751127,2187.6818320646967,1.4088887947697293,4.260319E-6,15.504688,0.0115391705,0.26458976,0.0013702305,0.10776496,0.0051252157,0.19573696,0.010924765,0.7581161,0.0018896033,0.113927536,0.006732122,0.17620301,0.010840979,null,null,null,null,"TWOGAUSSIANS",8,16.861609,0.26459974,0.0013708455,0.4,0.0,0.16850881,0.004003801,0.7581161,0.0018896033,0.4,0.0,0.1489596,0.0036043455
375316653866487564,480374813405028608,0.6289776,2187.781412812219,3.533777922275338,4.6121518E-6,16.594482,0.017836357,0.27237087,8.117605E-4,0.05543125,0.0038676185,0.41562945,0.03310086,0.7705814,0.0023849988,0.051587146,0.0039940015,0.40521652,0.03674118,0.097822554,0.020369094,0.27237087,8.117605E-4,"TWOGAUSSIANS_WITH_ELLIPSOIDAL_ON_ECLIPSE1",9,17.599985,0.27237087,8.117605E-4,0.310415,0.021658663,0.61125535,0.014430009,0.7707414,0.0021667005,0.28888804,0.022366408,0.60081995,0.010135075
375316653866487564,480377356027264384,0.5106506,2211.8064706193227,1.913877776520861,2.0044978E-5,16.00681,0.001262779,0.28400967,0.003081976,0.03136893,0.011483648,0.007426925,0.0034581432,0.79181904,0.005226309,0.025882011,0.0053202603,0.036535192,0.005050067,0.02633842,0.0016761716,0.28400967,0.003081976,"TWOGAUSSIANS_WITH_ELLIPSOIDAL_ON_ECLIPSE1",9,5.113655,0.79181904,0.005226309,0.14493926,0.029793458,0.0890853,0.0039806506,0.28400967,0.003081976,0.175666,0.06430843,0.060103767,0.0016081862
375316653866487564,480377420450459648,0.5709563,2217.0864928801743,2.4239162755329606,1.1463102E-5,18.462902,0.010363229,0.2739563,0.0022376832,0.04954117,0.0037161345,0.44335642,0.031129142,0.7665507,0.0018958631,0.0405422,0.0036839477,0.23817879,0.024097955,0.086414136,0.014828672,0.2739563,0.0022376832,"TWOGAUSSIANS_WITH_ELLIPSOIDAL_ON_ECLIPSE1",9,7.703606,0.2739563,0.0022376832,0.27743056,0.020810353,0.61618334,0.026128681,0.76719075,0.0016685306,0.22703633,0.020630106,0.41066393,0.009657362
375316653866487564,480381925872454784,0.5234885,2234.0742703054425,0.14690219043829175,4.648271E-5,16.249949,0.0013285069,0.095011264,0.020104233,0.017148681,0.016175186,0.018519612,0.031381324,0.3925447,0.0038129087,0.043306977,0.002244233,0.26219612,0.012780916,null,null,null,null,"TWOGAUSSIANS",8,9.746797,0.3925447,0.0038129087,0.24251907,0.012567705,0.26219612,0.012780916,0.095011264,0.020104233,0.09603261,0.090581045,0.018519612,0.031381324
375316653866487564,480402743576885504,0.6185102,2222.5586741917496,3.149880943340602,5.419497E-6,17.04571,0.007060692,0.28001526,0.0013134024,0.044534583,0.0026680126,0.31380367,0.015629467,0.7769482,0.0034348718,0.047893714,0.003669902,0.39681458,0.02884835,0.11402448,0.009195238,0.28001526,0.0013134024,"TWOGAUSSIANS_WITH_ELLIPSOIDAL_ON_ECLIPSE1",9,13.23803,0.7772382,0.0031004143,0.2682048,0.02055145,0.6247865,0.03093521,0.28001526,0.0013134024,0.24939367,0.014940871,0.54185224,0.007904815
375316653866487564,480430338743740544,0.53507847,2220.7302355567112,0.6511981738944361,8.1186345E-6,14.218912,0.0030994115,0.24946988,0.006903792,0.05104682,0.0069481796,0.047719706,0.0111185005,0.73499143,0.0016197693,0.04224578,0.0019534864,0.21841364,0.008090579,0.008868319,0.004771722,0.24946988,0.006903792,"TWOGAUSSIANS_WITH_ELLIPSOIDAL_ON_ECLIPSE1",9,77.71366,0.7351514,0.0015926457,0.23657636,0.010939524,0.2360052,0.0053503155,0.24946988,0.006903792,0.28586218,0.038909808,0.06545601,0.007944456
375316653866487564,480431506974633344,0.5932312,2202.1608767554394,4.201477896274273,6.7122055E-6,17.758337,0.0069050835,0.23815528,0.0020561074,0.04991051,0.0061842413,0.12286351,0.015753439,0.7372215,0.002014218,0.048195165,0.004216472,0.13666548,0.014405711,0.09361397,0.008673471,0.23815528,0.0020561074,"TWOGAUSSIANS_WITH_ELLIPSOIDAL_ON_ECLIPSE1",9,3.688577,0.7374115,0.001442703,0.26989293,0.023612244,0.32388744,0.0052281097,0.23815528,0.0020561074,0.27949888,0.03463175,0.31009063,0.0067328676
375316653866487564,480432877068511360,0.49219996,2230.2541484894964,0.1374250139616496,7.704251E-6,15.639466,0.010873643,0.7728628,0.001115626,0.018497622,0.0013542927,0.7526795,0.05280893,null,null,null,null,null,null,0.05042864,0.012468694,0.7728628,0.001115626,"ONEGAUSSIAN_WITH_ELLIPSOIDAL",6,808.22034,0.7728628,0.001115626,0.10358668,0.007584039,0.8535367,0.049028363,null,null,null,null,null,null
375316653866487564,480469749363464448,0.54695565,2207.5119645370555,1.9063078290611781,8.49663E-6,15.627902,0.0050743115,0.2906026,0.02145068,0.02122699,0.00758132,0.036065366,0.018252166,0.7755917,0.002923141,0.03850417,0.0023527863,0.68168324,0.04358513,null,null,null,null,"TWOGAUSSIANS",8,200.67424,0.7755917,0.002923141,0.21562333,0.013175603,0.68168324,0.04358513,0.2906026,0.02145068,0.118871145,0.042455394,0.036065366,0.018252166
375316653866487564,480501463402129152,0.51106924,2222.190449206488,2.4983159432556468,9.20937E-6,15.13103,0.0071461205,0.26324996,0.0030372844,0.06737589,0.005840253,0.19437431,0.019390779,0.75941086,0.0027137115,0.037914388,0.0070907837,0.16358207,0.022572648,0.021179514,0.011286056,0.26324996,0.0030372844,"TWOGAUSSIANS_WITH_ELLIPSOIDAL_ON_ECLIPSE1",9,215.84317,0.26324996,0.0030372844,0.377305,0.03270542,0.23654945,0.010790052,0.7595208,0.002600572,0.21232058,0.03970839,0.20573327,0.020974077
375316653866487564,480504104804730880,0.52412397,2210.1276237161323,1.012196605257116,1.183359E-5,12.9562435,0.006041411,0.18545304,0.0030429463,0.03911511,0.0034610103,0.38574252,0.03382727,0.68937945,0.010390168,0.042133935,0.010381672,0.15144618,0.02953924,0.012071323,0.011076163,0.18545304,0.0030429463,"TWOGAUSSIANS_WITH_ELLIPSOIDAL_ON_ECLIPSE1",9,675.484,0.18545304,0.0030429463,0.21904461,0.019381657,0.40988514,0.034878287,0.68937945,0.010390168,0.23595004,0.05813736,0.17557412,0.025365183
375316653866487564,480505857151455104,0.55421805,2240.066747015347,0.7366689547329811,6.300359E-6,17.343275,0.0019656275,0.533616,0.013317909,0.015620628,0.009258602,0.013999859,0.007732816,0.760907,9.0409984E-4,0.017620407,6.8055413E-4,0.55611473,0.04625856,null,null,null,null,"TWOGAUSSIANS",8,6.0318108,0.760907,9.0409984E-4,0.09867428,0.003811103,0.55611473,0.04625856,0.533616,0.013317909,0.08747552,0.051848173,0.013999859,0.007732816
375316653866487564,480525583938294528,0.6188317,2185.7194762635168,1.5357560141962452,2.8033548E-6,14.367064,0.0026226593,0.24828273,0.0011340918,0.044537794,0.0019648687,0.15121064,0.0065875333,0.74817044,7.8515685E-4,0.03920297,0.001058989,0.24349786,0.0073927925,0.021947933,0.003652094,0.24828273,0.0011340918,"TWOGAUSSIANS_WITH_ELLIPSOIDAL_ON_ECLIPSE1",9,27.940418,0.74817044,7.7098503E-4,0.21953663,0.0059303385,0.2873936,0.0051819044,0.24828273,0.0011340918,0.24941164,0.011003265,0.1951064,0.0045280843
