Gaia/vari_eclipsing_binary/VariEclipsingBinary_206375-206497.csv
# %ECSV 1.0
# ---
# delimiter: ','
# meta: !!omap
# - RELEASE: Gaia DR3
# - TABLE: vari_eclipsing_binary
# - DESCRIPTION: >
#     This table describes the properties of the eclipsing binaries resulting from the variability analysis. 
# - CITATION: >
#     How to cite and acknowledge Gaia: 
#     https://gea.esac.esa.int/archive/documentation/credits.html 
# - KNOWN_ISSUES: >
#     Known issues: 
#     https://www.cosmos.esa.int/web/gaia-users/known-issues 
# - DOCUMENTATION: >
#     Tutorials and documentation: 
#     https://www.cosmos.esa.int/web/gaia-users/archive 
# datatype:
# - 
#   name: solution_id
#   datatype: int64
#   description: Solution Identifier
#   meta:
#     ucd: meta.version
# - 
#   name: source_id
#   datatype: int64
#   description: Unique source identifier
#   meta:
#     ucd: meta.id;meta.main
# - 
#   name: global_ranking
#   datatype: float32
#   description: Number between 0 (worst) and 1 (best)
#   meta:
#     ucd: stat.param
# - 
#   name: reference_time
#   datatype: float64
#   unit: d
#   description: Reference time used for the geometric model fit
#   meta:
#     ucd: time.epoch
# - 
#   name: frequency
#   datatype: float64
#   unit: d**-1
#   description: Frequency of geometric model of the eclipsing binary light curve
#   meta:
#     ucd: src.orbital
# - 
#   name: frequency_error
#   datatype: float32
#   unit: d**-1
#   description: "Uncertainty of \\texttt{frequency}"
#   meta:
#     ucd: stat.error
# - 
#   name: geom_model_reference_level
#   datatype: float32
#   unit: mag
#   description: Magnitude reference level of geometric model
#   meta:
#     ucd: phot.mag;em.opt
# - 
#   name: geom_model_reference_level_error
#   datatype: float32
#   unit: mag
#   description: "Uncertainty of \\texttt{geomModelReferenceLevel}"
#   meta:
#     ucd: stat.error;phot.mag;em.opt
# - 
#   name: geom_model_gaussian1_phase
#   datatype: float32
#   description: Phase of the Gaussian 1 component
#   meta:
#     ucd: time.phase
# - 
#   name: geom_model_gaussian1_phase_error
#   datatype: float32
#   description: "Uncertainty of \\texttt{geomModelGaussian1Phase}"
#   meta:
#     ucd: stat.error;time.phase
# - 
#   name: geom_model_gaussian1_sigma
#   datatype: float32
#   description: "Standard deviation [phase] of Gaussian 1 component"
#   meta:
#     ucd: stat.stdev
# - 
#   name: geom_model_gaussian1_sigma_error
#   datatype: float32
#   description: "Uncertainty of \\texttt{geomModelGaussian1Sigma}"
#   meta:
#     ucd: stat.error
# - 
#   name: geom_model_gaussian1_depth
#   datatype: float32
#   unit: mag
#   description: Magnitude depth of Gaussian 1 component
#   meta:
#     ucd: src.var.amplitude
# - 
#   name: geom_model_gaussian1_depth_error
#   datatype: float32
#   unit: mag
#   description: "Uncertainty of \\texttt{geomModelGaussian1Depth}"
#   meta:
#     ucd: stat.error;src.var.amplitude
# - 
#   name: geom_model_gaussian2_phase
#   datatype: float32
#   description: Phase of Gaussian 2 component
#   meta:
#     ucd: time.phase
# - 
#   name: geom_model_gaussian2_phase_error
#   datatype: float32
#   description: "Uncertainty of \\texttt{geomModelGaussian2Phase}"
#   meta:
#     ucd: stat.error;time.phase
# - 
#   name: geom_model_gaussian2_sigma
#   datatype: float32
[...]
#   datatype: float32
#   description: "Secondary eclipse: uncertainty of \\texttt{derivedSecondaryEclDuration}"
#   meta:
#     ucd: stat.error;time.duration
# - 
#   name: derived_secondary_ecl_depth
#   datatype: float32
#   unit: mag
#   description: "Secondary eclipse: depth"
#   meta:
#     ucd: src.var.amplitude
# - 
#   name: derived_secondary_ecl_depth_error
#   datatype: float32
#   unit: mag
#   description: "Secondary eclipse: uncertainty of \\texttt{derivedSecondaryEclDepth}"
#   meta:
#     ucd: stat.error;src.var.amplitude
solution_id,source_id,global_ranking,reference_time,frequency,frequency_error,geom_model_reference_level,geom_model_reference_level_error,geom_model_gaussian1_phase,geom_model_gaussian1_phase_error,geom_model_gaussian1_sigma,geom_model_gaussian1_sigma_error,geom_model_gaussian1_depth,geom_model_gaussian1_depth_error,geom_model_gaussian2_phase,geom_model_gaussian2_phase_error,geom_model_gaussian2_sigma,geom_model_gaussian2_sigma_error,geom_model_gaussian2_depth,geom_model_gaussian2_depth_error,geom_model_cosine_half_period_amplitude,geom_model_cosine_half_period_amplitude_error,geom_model_cosine_half_period_phase,geom_model_cosine_half_period_phase_error,model_type,num_model_parameters,reduced_chi2,derived_primary_ecl_phase,derived_primary_ecl_phase_error,derived_primary_ecl_duration,derived_primary_ecl_duration_error,derived_primary_ecl_depth,derived_primary_ecl_depth_error,derived_secondary_ecl_phase,derived_secondary_ecl_phase_error,derived_secondary_ecl_duration,derived_secondary_ecl_duration_error,derived_secondary_ecl_depth,derived_secondary_ecl_depth_error
[from data line 574]
375316653866487564,1816357303164605184,0.5778095,2357.64652715098,1.172691793737797,3.5562227E-6,18.365025,0.0025124003,0.19160722,0.006862892,0.03267158,0.005179287,0.120417684,0.011528105,0.7026069,0.0017917261,0.03489202,0.0014412594,0.4661877,0.02384579,0.018445047,0.0034611423,0.19160722,0.006862892,"TWOGAUSSIANS_WITH_ELLIPSOIDAL_ON_ECLIPSE1",9,1.93981,0.7026069,0.0017917261,0.19539532,0.008071052,0.5029018,0.022954322,0.19160722,0.006862892,0.18296084,0.029004006,0.15730774,0.011957886
375316653866487564,1816359089865885568,0.6316817,2135.5191734932228,3.7570106564194607,5.730089E-6,18.453531,0.011176659,0.23241419,0.0012580673,0.04433477,0.0034963863,0.48672247,0.024446394,0.7313826,0.0026599057,0.044813745,0.002353591,0.5662931,0.0379845,0.14235829,0.0132533545,0.23241419,0.0012580673,"TWOGAUSSIANS_WITH_ELLIPSOIDAL_ON_ECLIPSE1",9,3.2328355,0.7314626,0.0024688782,0.25095695,0.01318011,0.8509984,0.032924976,0.23241419,0.0012580673,0.2482747,0.019579763,0.77143884,0.024284031
375316653866487564,1816360468564136576,0.6010287,2159.2814647861405,1.238840873696186,7.262148E-6,15.622031,0.008460168,0.29682106,0.0037396557,0.10029109,0.008631851,0.14147551,0.008487152,0.7912357,0.0013621085,0.098396055,0.0048590866,0.20749882,0.0075175944,null,null,null,null,"TWOGAUSSIANS",8,10.950364,0.7912357,0.0013621085,0.4,0.0,0.19412151,0.003421999,0.29682106,0.0037396557,0.4,0.0,0.12809809,0.008100245
375316653866487564,1816362152180099584,0.5673633,2129.4644807577397,4.072770882648156,9.3784965E-6,18.910368,0.01620098,0.25652844,0.0024123075,0.079319395,0.0065842248,0.3538023,0.014906936,0.7638258,0.0035330267,0.075899325,0.004628677,0.5111532,0.0182538,null,null,null,null,"TWOGAUSSIANS",8,3.2952304,0.7638258,0.0035330267,0.4,0.0,0.5071038,0.016812656,0.25652844,0.0024123075,0.4,0.0,0.34975287,0.013619345
375316653866487564,1816364900970506112,0.51495,2111.166496431336,0.5488708531976159,4.9830465E-5,14.611762,0.0038855497,0.65312827,0.003027449,0.039464448,0.005317457,0.19925861,0.014284394,null,null,null,null,null,null,0.020816617,0.004497267,0.65312827,0.003027449,"ONEGAUSSIAN_WITH_ELLIPSOIDAL",6,153.53531,0.65312827,0.003027449,0.2210009,0.02977776,0.24089175,0.015085317,null,null,null,null,null,null
375316653866487564,1816366649008832128,0.5804631,2103.8433613614025,2.614065941594533,5.3856916E-6,17.955215,0.007331386,0.25438184,0.001983568,0.08994093,0.0039517297,0.24692069,0.007353813,0.7484344,0.0016033076,0.09301268,0.0035195323,0.2568834,0.007349088,null,null,null,null,"TWOGAUSSIANS",8,1.7440747,0.7484344,0.0016033076,0.4,0.0,0.24587826,0.005734465,0.25438184,0.001983568,0.4,0.0,0.23591572,0.006297097
375316653866487564,1816371596811152000,0.5185994,2147.517572342611,0.9079042772924423,3.492379E-5,18.969645,0.003620575,0.06762979,0.0060501187,0.018683732,0.0051569715,0.42470154,0.021802798,0.5799915,0.029781219,0.017774293,0.013680341,0.28687227,0.26793373,null,null,null,null,"TWOGAUSSIANS",8,3.1380444,0.06762979,0.0060501187,0.10462889,0.02887904,0.42470154,0.021802798,0.5799915,0.029781219,0.09953604,0.07660991,0.28687227,0.26793373
375316653866487564,1816374693496272384,0.55407125,2153.628086412954,1.8515366898882486,6.1903074E-6,13.021758,0.12985292,0.20994705,0.00174509,0.17283665,0.015077514,0.5295059,0.12345631,0.71227807,0.0018425874,0.26700976,0.030143058,0.79951257,0.12441494,null,null,null,null,"TWOGAUSSIANS",8,35.26426,0.713608,0.0018302057,0.4,0.0,0.10412556,0.0030499361,0.20710704,0.0020014318,0.4,0.0,0.09354654,0.0043972777
375316653866487564,1816375586837435776,0.5525589,2131.4665363851877,3.8402222869782108,1.5652495E-5,19.487635,0.013124513,0.24790032,0.0029713276,0.06619495,0.0049491148,0.49336472,0.022773854,0.74714655,0.0029124846,0.07009987,0.003612848,0.50904644,0.015220625,null,null,null,null,"TWOGAUSSIANS",8,2.2237892,0.74714655,0.0029124846,0.3925593,0.019498652,0.50787175,0.014953871,0.24790032,0.0029713276,0.37069175,0.027715042,0.49219,0.022902586
