Gaia/vari_eclipsing_binary/VariEclipsingBinary_688774-688809.csv
# %ECSV 1.0
# ---
# delimiter: ','
# meta: !!omap
# - RELEASE: Gaia DR3
# - TABLE: vari_eclipsing_binary
# - DESCRIPTION: >
#     This table describes the properties of the eclipsing binaries resulting from the variability analysis. 
# - CITATION: >
#     How to cite and acknowledge Gaia: 
#     https://gea.esac.esa.int/archive/documentation/credits.html 
# - KNOWN_ISSUES: >
#     Known issues: 
#     https://www.cosmos.esa.int/web/gaia-users/known-issues 
# - DOCUMENTATION: >
#     Tutorials and documentation: 
#     https://www.cosmos.esa.int/web/gaia-users/archive 
# datatype:
# - 
#   name: solution_id
#   datatype: int64
#   description: Solution Identifier
#   meta:
#     ucd: meta.version
# - 
#   name: source_id
#   datatype: int64
#   description: Unique source identifier
#   meta:
#     ucd: meta.id;meta.main
# - 
#   name: global_ranking
#   datatype: float32
#   description: Number between 0 (worst) and 1 (best)
#   meta:
#     ucd: stat.param
# - 
#   name: reference_time
#   datatype: float64
#   unit: d
#   description: Reference time used for the geometric model fit
#   meta:
#     ucd: time.epoch
# - 
#   name: frequency
#   datatype: float64
#   unit: d**-1
#   description: Frequency of geometric model of the eclipsing binary light curve
#   meta:
#     ucd: src.orbital
# - 
#   name: frequency_error
#   datatype: float32
#   unit: d**-1
#   description: "Uncertainty of \\texttt{frequency}"
#   meta:
#     ucd: stat.error
# - 
#   name: geom_model_reference_level
#   datatype: float32
#   unit: mag
#   description: Magnitude reference level of geometric model
#   meta:
#     ucd: phot.mag;em.opt
# - 
#   name: geom_model_reference_level_error
#   datatype: float32
#   unit: mag
#   description: "Uncertainty of \\texttt{geomModelReferenceLevel}"
#   meta:
#     ucd: stat.error;phot.mag;em.opt
# - 
#   name: geom_model_gaussian1_phase
#   datatype: float32
#   description: Phase of the Gaussian 1 component
#   meta:
#     ucd: time.phase
# - 
#   name: geom_model_gaussian1_phase_error
#   datatype: float32
#   description: "Uncertainty of \\texttt{geomModelGaussian1Phase}"
#   meta:
#     ucd: stat.error;time.phase
# - 
#   name: geom_model_gaussian1_sigma
#   datatype: float32
#   description: "Standard deviation [phase] of Gaussian 1 component"
#   meta:
#     ucd: stat.stdev
# - 
#   name: geom_model_gaussian1_sigma_error
#   datatype: float32
#   description: "Uncertainty of \\texttt{geomModelGaussian1Sigma}"
#   meta:
#     ucd: stat.error
# - 
#   name: geom_model_gaussian1_depth
#   datatype: float32
#   unit: mag
#   description: Magnitude depth of Gaussian 1 component
#   meta:
#     ucd: src.var.amplitude
# - 
#   name: geom_model_gaussian1_depth_error
#   datatype: float32
#   unit: mag
#   description: "Uncertainty of \\texttt{geomModelGaussian1Depth}"
#   meta:
#     ucd: stat.error;src.var.amplitude
# - 
#   name: geom_model_gaussian2_phase
#   datatype: float32
#   description: Phase of Gaussian 2 component
#   meta:
#     ucd: time.phase
# - 
#   name: geom_model_gaussian2_phase_error
#   datatype: float32
#   description: "Uncertainty of \\texttt{geomModelGaussian2Phase}"
#   meta:
#     ucd: stat.error;time.phase
# - 
#   name: geom_model_gaussian2_sigma
#   datatype: float32
[...]
#   datatype: float32
#   description: "Secondary eclipse: uncertainty of \\texttt{derivedSecondaryEclDuration}"
#   meta:
#     ucd: stat.error;time.duration
# - 
#   name: derived_secondary_ecl_depth
#   datatype: float32
#   unit: mag
#   description: "Secondary eclipse: depth"
#   meta:
#     ucd: src.var.amplitude
# - 
#   name: derived_secondary_ecl_depth_error
#   datatype: float32
#   unit: mag
#   description: "Secondary eclipse: uncertainty of \\texttt{derivedSecondaryEclDepth}"
#   meta:
#     ucd: stat.error;src.var.amplitude
solution_id,source_id,global_ranking,reference_time,frequency,frequency_error,geom_model_reference_level,geom_model_reference_level_error,geom_model_gaussian1_phase,geom_model_gaussian1_phase_error,geom_model_gaussian1_sigma,geom_model_gaussian1_sigma_error,geom_model_gaussian1_depth,geom_model_gaussian1_depth_error,geom_model_gaussian2_phase,geom_model_gaussian2_phase_error,geom_model_gaussian2_sigma,geom_model_gaussian2_sigma_error,geom_model_gaussian2_depth,geom_model_gaussian2_depth_error,geom_model_cosine_half_period_amplitude,geom_model_cosine_half_period_amplitude_error,geom_model_cosine_half_period_phase,geom_model_cosine_half_period_phase_error,model_type,num_model_parameters,reduced_chi2,derived_primary_ecl_phase,derived_primary_ecl_phase_error,derived_primary_ecl_duration,derived_primary_ecl_duration_error,derived_primary_ecl_depth,derived_primary_ecl_depth_error,derived_secondary_ecl_phase,derived_secondary_ecl_phase_error,derived_secondary_ecl_duration,derived_secondary_ecl_duration_error,derived_secondary_ecl_depth,derived_secondary_ecl_depth_error
[from data line 108]
375316653866487564,6058567011922315648,0.4416751,2191.70371020267,0.8279505316546514,3.126135E-5,19.018473,0.008603749,0.26467803,0.006667003,0.028923647,0.006315243,0.2305658,0.04358784,0.7612172,0.007984686,0.045841075,0.010041852,0.10921059,0.021265415,null,null,null,null,"TWOGAUSSIANS",8,6.6679974,0.26467803,0.006667003,0.16197243,0.03536536,0.2305658,0.04358784,0.7612172,0.007984686,0.25671002,0.05623437,0.10921059,0.021265415
375316653866487564,6058567870938955776,0.6029684,2179.4282276460767,2.2055335773217846,7.1217187E-6,16.006437,0.012092104,0.26773438,0.0015846171,0.08651157,0.0032191821,0.46540117,0.011939527,0.76360893,0.0038685163,0.08552043,0.0056319274,0.44957024,0.0119678,null,null,null,null,"TWOGAUSSIANS",8,41.366497,0.26773438,0.0015846171,0.4,0.0,0.45290828,0.009038452,0.76360893,0.0038685163,0.4,0.0,0.43707737,0.011461907
375316653866487564,6058568833011476864,0.573643,2198.2700944677777,0.23662595617395094,1.25125935E-5,9.923395,0.0020470687,0.27503407,0.0013934947,0.022842728,0.0010985255,0.26953363,0.016707277,null,null,null,null,null,null,0.03144909,0.0029539973,0.27503407,0.0013934947,"ONEGAUSSIAN_WITH_ELLIPSOIDAL",6,116.66794,0.27503407,0.0013934947,0.12791927,0.006151743,0.33243182,0.01767112,null,null,null,null,null,null
375316653866487564,6058569073529711360,0.49183097,2223.9797031451976,0.11576826502876006,2.3225843E-5,15.023382,0.0033803713,0.23828682,0.0044501196,0.0023981843,0.002077011,1.4894139,1.2066647,0.46206394,3.0956042E-4,0.026193898,0.001570093,0.061013162,0.0060237003,0.017045427,0.0044059325,0.23828682,0.0044501196,"TWOGAUSSIANS_WITH_ELLIPSOIDAL_ON_ECLIPSE1",9,171.64401,0.23828682,0.0044501196,0.013429832,0.011631262,1.5235046,1.2060951,0.46206394,3.0956042E-4,0.14668582,0.0087925205,0.061930157,0.006193804
375316653866487564,6058570069940172416,0.52040356,2167.584031207817,1.8053080788317715,1.0097101E-6,19.930162,0.0058663264,0.23450993,4.1702024E-6,0.0026193694,1.2248865E-5,1.898337,0.002388022,0.42134035,0.021618217,0.014501945,0.027345944,0.73700273,0.5784035,null,null,null,null,"TWOGAUSSIANS",8,1.4437324,0.23450993,4.1702024E-6,0.014668468,6.859364E-5,1.898337,0.0023969142,0.42134035,0.021618217,0.0812109,0.15313728,0.73700273,0.5784035
375316653866487564,6058570310482695552,0.55564845,2202.018163659138,0.5612693593833703,2.8780547E-5,16.573393,0.0017831965,0.19438544,3.3230285E-4,0.01860758,0.0010874036,0.1452237,0.008679472,0.7000923,0.01862713,0.042575363,0.025386093,0.104479626,31995.93,0.009106692,0.0022633576,0.7000923,0.01862713,"TWOGAUSSIANS_WITH_ELLIPSOIDAL_ON_ECLIPSE2",9,2.5159662,0.19440544,3.0791265E-4,0.10420244,0.0060894606,0.16341375,0.010749021,0.7000923,0.01862713,0.23842204,0.14216211,0.12269299,31995.93
375316653866487564,6058570344816935552,0.42272875,2172.4017864052707,2.1210662623172585,1.7486067E-4,18.46953,0.009934322,0.22995165,0.011081823,0.062740654,0.021349393,0.1150171,0.02288702,0.7356717,0.014983293,0.09446275,0.02198834,0.096330866,0.02662484,null,null,null,null,"TWOGAUSSIANS",8,12.04785,0.22995165,0.011081823,0.35134766,0.09312986,0.11387574,0.023937406,0.7356717,0.014983293,0.4,0.0,0.09518933,0.027042847
375316653866487564,6058571062059225472,0.5058678,2180.9589223323555,0.5318182092128096,1.5722897E-5,19.70658,0.0075780237,0.2768141,0.018149355,0.027243234,0.01086494,0.48249596,0.105034426,0.78601015,0.016887365,0.02666954,0.008347921,0.59063095,0.43122092,null,null,null,null,"TWOGAUSSIANS",8,3.0060813,0.78601015,0.016887365,0.14934942,0.04674836,0.59063095,0.43122092,0.2768141,0.018149355,0.15256211,0.06084366,0.48249596,0.105034426
375316653866487564,6058571474371235968,0.5284347,2187.682298535725,0.49033904458323485,2.4321878E-5,17.685188,0.0021101837,0.1639024,0.017866805,0.039464377,0.0087549975,0.27660584,0.119750164,0.6754073,0.054399807,0.030206025,0.01524175,0.054768294,0.036131162,null,null,null,null,"TWOGAUSSIANS",8,2.2441967,0.1639024,0.017866805,0.22100051,0.049027983,0.27660584,0.119750164,0.6754073,0.054399807,0.16915374,0.0853538,0.054768294,0.036131162
375316653866487564,6058572440761517696,0.43394765,2168.851646482638,3.1026828136036495,3.533387E-5,19.104763,0.017927112,0.264703,0.006877164,0.08397378,0.014859353,0.19268292,0.030840715,0.7754414,0.016347831,0.09099861,0.018003931,0.17292917,0.03325937,null,null,null,null,"TWOGAUSSIANS",8,5.431644,0.264703,0.006877164,0.4,0.0,0.18754594,0.03215143,0.7754414,0.016347831,0.4,0.0,0.16779208,0.032720592
375316653866487564,6058572646942723328,0.64338624,2200.767922699588,1.8818420369498552,4.671419E-6,16.14926,0.01628362,0.21418916,0.0017365693,0.05772558,0.005021143,0.27464414,0.03419186,0.7196751,0.0026429268,0.049519565,0.004444934,0.3218693,0.030663522,0.11862883,0.018124612,0.21418916,0.0017365693,"TWOGAUSSIANS_WITH_ELLIPSOIDAL_ON_ECLIPSE1",9,23.045727,0.7196751,0.0026429268,0.27730957,0.02489163,0.5588212,0.016542029,0.21418916,0.0017365693,0.32326326,0.0281184,0.5118778,0.01082657
375316653866487564,6058572853101157376,0.53599685,2209.0494549117,0.7661463115173742,6.729742E-5,15.011734,0.0016458798,0.49545446,0.015000417,0.052999526,0.026054366,0.24052061,1.9869823,null,null,null,null,null,null,null,null,null,null,"ONEGAUSSIAN",5,32.575386,0.49545446,0.015000417,0.29679734,0.14590445,0.24052061,0.0,null,null,null,null,null,null
375316653866487564,6058572883122380288,0.5223422,2148.998516135255,2.6086792656123214,2.3146318E-5,17.112804,0.013092003,0.31840184,0.027611068,0.044755723,0.028009307,0.075306825,0.059562787,0.74105453,0.004930769,0.06665214,0.006539362,0.24669617,0.032851372,0.010301463,0.013214309,0.74105453,0.004930769,"TWOGAUSSIANS_WITH_ELLIPSOIDAL_ON_ECLIPSE2",9,27.261278,0.74105453,0.004930769,0.373252,0.036620427,0.2671154,0.022245146,0.31562185,0.025234206,0.25063205,0.15685213,0.09137975,0.057913564
375316653866487564,6058573746444976896,0.4119394,2166.500439271687,1.5802172919571886,1.4102008E-4,19.407988,0.15128097,0.33747375,0.023282345,0.19145776,0.10458965,0.1551179,0.14910689,0.71218014,0.018166447,0.058870055,0.015296158,0.15435843,0.033054043,null,null,null,null,"TWOGAUSSIANS",8,4.1802278,0.71218014,0.018166447,0.3296723,0.08565848,0.16383334,0.03591101,0.33747375,0.023282345,0.4,0.0,0.14099263,0.033781208
375316653866487564,6058574085715800960,0.4386882,2211.4530619388197,0.11949277551109463,2.0474487E-5,19.76968,0.018121516,0.10045987,0.0044211224,0.03650297,0.0049477024,0.6384213,0.20721692,0.7807745,0.02351185,0.06196535,0.01607835,0.16776012,0.07981999,null,null,null,null,"TWOGAUSSIANS",8,8.132682,0.10045987,0.0044211224,0.20441662,0.027707133,0.63842154,0.20721719,0.7807745,0.02351185,0.34700596,0.08339759,0.16776012,0.07981999
375316653866487564,6058575498791665920,0.47425783,2224.4057554679257,2.0141214125619724,1.6981927E-5,16.132006,0.0062235943,0.40180397,0.012080317,0.03067164,0.0048679546,0.5367087,0.1859341,0.8883421,0.0031386463,0.024266431,0.00411223,0.24188043,0.021669695,0.0048490274,0.012732571,0.40180397,0.012080317,"TWOGAUSSIANS_WITH_ELLIPSOIDAL_ON_ECLIPSE1",9,142.8686,0.40180397,0.012080317,0.17176118,0.027260546,0.54640675,0.17736652,0.8883621,0.003126823,0.13589202,0.02302849,0.25150937,0.025638245
375316653866487564,6058576873173966720,0.4860257,2200.363031559556,2.5475470762303414,1.8683199E-5,19.009846,0.040630862,0.30277607,0.005608019,0.11418883,0.027448498,0.18018933,0.03157237,0.7969254,0.005647415,0.095006645,0.018182803,0.22078702,0.03702546,null,null,null,null,"TWOGAUSSIANS",8,2.117123,0.7969254,0.005647415,0.4,0.0,0.19974096,0.014579031,0.30277607,0.005608019,0.4,0.0,0.15911838,0.01629288
375316653866487564,6058578591168013952,0.44295114,2215.0955672136606,1.979620302435896,1.0516112E-5,17.116928,0.00505299,0.27724907,0.003663635,0.032880045,0.0071471795,0.14120185,0.058281586,0.7234107,0.009696504,0.034393504,0.032717608,0.024368692,0.14009206,0.031025281,0.009718074,0.7234107,0.009696504,"TWOGAUSSIANS_WITH_ELLIPSOIDAL_ON_ECLIPSE2",9,18.686539,0.27542907,0.004287714,0.18412825,0.040024206,0.1966404,0.05819167,0.7234107,0.009696504,0.19260363,0.18321861,0.08641924,0.14152764
375316653866487564,6058578694247237248,0.48388383,2182.582529211733,0.53931222655025,3.1685366E-5,17.983324,0.003524715,0.31171373,0.0060458328,0.012914124,0.003915865,0.105719924,0.019925183,0.8090758,0.0047210557,0.013637372,0.0063107503,0.17667674,0.019420013,null,null,null,null,"TWOGAUSSIANS",8,4.936056,0.8090758,0.0047210557,0.076369286,0.0353402,0.17667674,0.019420013,0.31171373,0.0060458328,0.07231909,0.021928843,0.105719924,0.019925183
375316653866487564,6058578866037368704,0.55431753,2215.1511544341947,0.22422806658988972,6.3666244E-5,18.351166,0.0018613859,0.20516036,0.014106389,0.029107308,0.012475832,0.018502878,0.0050817635,0.63122946,0.021180969,0.019010985,0.010541682,0.7435059,6.594148,null,null,null,null,"TWOGAUSSIANS",8,1.6062875,0.63122946,0.021180969,0.10646152,0.05903342,0.7435059,6.594148,0.20516036,0.014106389,0.16300093,0.06986466,0.018502878,0.0050817635
375316653866487564,6058578900405669248,0.6722969,2213.129244052438,2.016322727931203,4.8183447E-6,15.650216,0.004973496,0.2877109,0.0011113281,0.053024065,0.0021889075,0.5026723,0.01651006,0.7870475,0.007184638,0.05588046,0.0094821565,0.057485614,0.011065832,0.07724602,0.00615898,0.2877109,0.0011113281,"TWOGAUSSIANS_WITH_ELLIPSOIDAL_ON_ECLIPSE1",9,14.663808,0.2877109,0.0011113281,0.29693475,0.012257881,0.6571539,0.020112008,0.7873075,0.006434404,0.31293058,0.053100076,0.21196556,0.003074947
375316653866487564,6058578934756845696,0.5425526,2205.8038569072482,2.3403535693450905,5.1666E-6,18.303337,0.012869874,0.27110747,0.004811954,0.093370765,0.0076486054,0.2709382,0.012454051,0.77124673,0.001814702,0.08676372,0.0054808236,0.31577116,0.011396993,null,null,null,null,"TWOGAUSSIANS",8,4.191241,0.77124673,0.001814702,0.4,0.0,0.30343184,0.009410289,0.27110747,0.004811954,0.4,0.0,0.25859857,0.010230133
375316653866487564,6058579209636070656,0.51312226,2165.2195432619033,2.7504634513031476,2.4969027E-5,19.70418,0.0205036,0.21572627,0.033416327,0.06328047,0.025781458,0.6057935,0.5171659,0.72254145,0.0050085955,0.062358093,0.004676752,0.6671591,0.061171766,null,null,null,null,"TWOGAUSSIANS",8,3.8422496,0.72254145,0.0050085955,0.34920532,0.026189812,0.66678697,0.06116232,0.21572627,0.033416327,0.35437062,0.14437617,0.6054213,0.51744956
375316653866487564,6058580790191499264,0.57200885,2203.7072769714746,2.8803944990950567,3.930368E-6,17.409811,0.007319256,0.22870384,0.0016146244,0.074267276,0.002436526,0.37717748,0.009067406,0.73383015,0.0020867721,0.070543125,0.0030246093,0.34137148,0.01138951,null,null,null,null,"TWOGAUSSIANS",8,10.453381,0.22870384,0.0016146244,0.4,0.0,0.3755399,0.008807468,0.73383015,0.0020867721,0.3950415,0.012869348,0.3397339,0.011344898
375316653866487564,6058581202508379264,0.47891277,2212.3299390082198,0.9627328990399515,2.7854394E-5,14.049597,0.026451375,0.2163289,0.0077937376,0.13135526,0.05635073,0.04969837,0.023695143,0.72627956,0.0054013687,0.10544311,0.028909523,0.059251815,0.023578675,null,null,null,null,"TWOGAUSSIANS",8,23.997929,0.7263896,0.0051644375,0.4,0.0,0.048867792,0.0028205628,0.2163189,0.007824028,0.4,0.0,0.03924229,0.0037503515
375316653866487564,6058581546098797056,0.5514602,2196.518348575615,2.0513086555250277,1.7176537E-5,19.397142,0.009000236,0.27761212,0.0034340026,0.06742598,0.004098738,0.5416697,0.016887553,0.7805712,0.0045106886,0.064615145,0.0036830464,0.55516183,0.027765766,null,null,null,null,"TWOGAUSSIANS",8,3.4072707,0.7805712,0.0045106886,0.3618448,0.02062506,0.55438685,0.02776433,0.27761212,0.0034340026,0.3775855,0.022952933,0.5408948,0.016853826
375316653866487564,6058583465922773632,0.51372784,2235.900781717122,0.36913687338136697,3.016217E-5,18.416536,0.0027110816,0.11597154,0.00370651,0.020596936,0.0058088377,0.050545048,0.010373681,0.6040299,0.0070464746,0.024065282,0.0064682066,0.15958843,0.014837191,0.043877974,0.0049346737,0.11597154,0.00370651,"TWOGAUSSIANS_WITH_ELLIPSOIDAL_ON_ECLIPSE1",9,3.3698866,0.6043199,0.006875553,0.13476558,0.036221955,0.24686325,0.015380774,0.11597154,0.00370651,0.11534285,0.032529492,0.13830096,0.011412208
375316653866487564,6058583470247630208,0.46882576,2251.0153171981406,0.38848806285244586,3.6543457E-5,17.817532,0.005089143,0.5953576,3.0639145E-4,0.010768682,0.0010324029,0.8304154,0.33301303,0.9054481,0.0125581,0.022714412,0.010027877,0.30884916,0.5018414,null,null,null,null,"TWOGAUSSIANS",8,17.65436,0.5953576,3.0639145E-4,0.06030462,0.0057814564,0.8304154,0.33301303,0.9054481,0.0125581,0.12720071,0.05615611,0.30884916,0.5018414
375316653866487564,6058583642050253056,0.43590823,2235.6997554921404,1.2307041334579463,1.9153547E-5,19.470522,0.0074912445,0.13519031,8.113162E-4,0.026002118,0.0015016196,0.27549577,0.020535374,0.63832676,0.01922048,0.06466737,0.047152534,0.14000677,0.23603259,null,null,null,null,"TWOGAUSSIANS",8,3.1306794,0.13519031,8.113162E-4,0.14561187,0.00840907,0.2754957,0.020535365,0.63832676,0.01922048,0.36213726,0.26405418,0.1400067,0.23603266
375316653866487564,6058584157440101120,0.50464827,2251.5778958636365,2.759900941152084,1.0530027E-5,19.540287,0.023046512,0.17291692,0.011785374,0.06733032,0.019411108,0.45488054,0.14562821,0.6714694,0.0025389525,0.08320883,0.007681774,0.6093103,0.07194807,null,null,null,null,"TWOGAUSSIANS",8,2.3003879,0.6714694,0.0025389525,0.4,0.0,0.60516757,0.07453475,0.17291692,0.011785374,0.37704983,0.057810985,0.45073777,0.15157604
375316653866487564,6058584775921441536,0.5681298,2184.588618469618,0.6019194806364971,1.2591064E-5,17.066042,0.0017942365,0.047093865,0.0087191295,0.008537767,0.008358173,0.018037947,11.088954,0.25395042,6.7100127E-4,0.017353825,4.7806103E-4,0.8861674,0.035986148,null,null,null,null,"TWOGAUSSIANS",8,8.492575,0.25395042,6.7100127E-4,0.097181424,0.002677142,0.8861674,0.035986148,0.047093865,0.0087191295,0.0478115,0.04680577,0.018037947,11.088954
375316653866487564,6058584909031869824,0.5254618,2173.0462540151516,2.79179031597713,1.2164247E-5,18.908867,0.0073973197,0.22337116,0.0053731725,0.076662846,0.0067801382,0.28167698,0.021699253,0.72452676,0.0026541676,0.076780766,0.004306016,0.25647244,0.010515512,null,null,null,null,"TWOGAUSSIANS",8,2.0577664,0.22337116,0.0053731725,0.4,0.0,0.27908215,0.022307046,0.72452676,0.0026541676,0.4,0.0,0.25387764,0.010219886
375316653866487564,6058584943393981824,0.48297498,2214.9869144508743,0.8263039803936716,1.500712E-5,18.732544,0.0038995482,0.5058444,0.0037821901,0.08590691,0.0054767467,0.19204147,0.016341746,0.74926823,8.6354055E-5,0.0065054134,5.4933375E-4,0.061272,0.0037300629,null,null,null,null,"TWOGAUSSIANS",8,1.4793327,0.5058444,0.0037821901,0.4,0.0,0.19204146,0.016341766,0.74926823,8.6354055E-5,0.036430314,0.003076269,0.06473844,0.004154347
375316653866487564,6058585802384654080,0.6000903,2219.702140804579,0.8478065363269632,4.3741943E-6,18.21561,0.0022387018,0.27517956,7.168327E-4,0.042044148,9.1494696E-4,0.5666537,0.019773856,0.7712692,0.004384858,0.04749764,0.00453768,0.11102179,0.0074488986,null,null,null,null,"TWOGAUSSIANS",8,2.004449,0.27517956,7.168327E-4,0.23544721,0.005123703,0.56665367,0.019773873,0.7712692,0.004384858,0.2659868,0.02541101,0.11102173,0.0074489373
375316653866487564,6058585978506396160,0.5004055,2199.3679695207056,2.7293159129766145,1.7298285E-5,19.340136,0.0060623228,0.21116573,0.0063531497,0.012235852,0.013188453,1.4392526,6.992487E26,0.71365106,0.010956534,0.030676099,0.010710683,0.11991481,0.091857485,0.13305266,0.010005932,0.21116573,0.0063531497,"TWOGAUSSIANS_WITH_ELLIPSOIDAL_ON_ECLIPSE1",9,3.8797288,0.21116573,0.0063531497,0.06852077,0.07385534,1.7053574,6.992487E26,0.71365106,0.010041034,0.17178616,0.059979826,0.3859548,0.092695735
