Gaia/vari_eclipsing_binary/VariEclipsingBinary_662875-662916.csv
# %ECSV 1.0
# ---
# delimiter: ','
# meta: !!omap
# - RELEASE: Gaia DR3
# - TABLE: vari_eclipsing_binary
# - DESCRIPTION: >
#     This table describes the properties of the eclipsing binaries resulting from the variability analysis. 
# - CITATION: >
#     How to cite and acknowledge Gaia: 
#     https://gea.esac.esa.int/archive/documentation/credits.html 
# - KNOWN_ISSUES: >
#     Known issues: 
#     https://www.cosmos.esa.int/web/gaia-users/known-issues 
# - DOCUMENTATION: >
#     Tutorials and documentation: 
#     https://www.cosmos.esa.int/web/gaia-users/archive 
# datatype:
# - 
#   name: solution_id
#   datatype: int64
#   description: Solution Identifier
#   meta:
#     ucd: meta.version
# - 
#   name: source_id
#   datatype: int64
#   description: Unique source identifier
#   meta:
#     ucd: meta.id;meta.main
# - 
#   name: global_ranking
#   datatype: float32
#   description: Number between 0 (worst) and 1 (best)
#   meta:
#     ucd: stat.param
# - 
#   name: reference_time
#   datatype: float64
#   unit: d
#   description: Reference time used for the geometric model fit
#   meta:
#     ucd: time.epoch
# - 
#   name: frequency
#   datatype: float64
#   unit: d**-1
#   description: Frequency of geometric model of the eclipsing binary light curve
#   meta:
#     ucd: src.orbital
# - 
#   name: frequency_error
#   datatype: float32
#   unit: d**-1
#   description: "Uncertainty of \\texttt{frequency}"
#   meta:
#     ucd: stat.error
# - 
#   name: geom_model_reference_level
#   datatype: float32
#   unit: mag
#   description: Magnitude reference level of geometric model
#   meta:
#     ucd: phot.mag;em.opt
# - 
#   name: geom_model_reference_level_error
#   datatype: float32
#   unit: mag
#   description: "Uncertainty of \\texttt{geomModelReferenceLevel}"
#   meta:
#     ucd: stat.error;phot.mag;em.opt
# - 
#   name: geom_model_gaussian1_phase
#   datatype: float32
#   description: Phase of the Gaussian 1 component
#   meta:
#     ucd: time.phase
# - 
#   name: geom_model_gaussian1_phase_error
#   datatype: float32
#   description: "Uncertainty of \\texttt{geomModelGaussian1Phase}"
#   meta:
#     ucd: stat.error;time.phase
# - 
#   name: geom_model_gaussian1_sigma
#   datatype: float32
#   description: "Standard deviation [phase] of Gaussian 1 component"
#   meta:
#     ucd: stat.stdev
# - 
#   name: geom_model_gaussian1_sigma_error
#   datatype: float32
#   description: "Uncertainty of \\texttt{geomModelGaussian1Sigma}"
#   meta:
#     ucd: stat.error
# - 
#   name: geom_model_gaussian1_depth
#   datatype: float32
#   unit: mag
#   description: Magnitude depth of Gaussian 1 component
#   meta:
#     ucd: src.var.amplitude
# - 
#   name: geom_model_gaussian1_depth_error
#   datatype: float32
#   unit: mag
#   description: "Uncertainty of \\texttt{geomModelGaussian1Depth}"
#   meta:
#     ucd: stat.error;src.var.amplitude
# - 
#   name: geom_model_gaussian2_phase
#   datatype: float32
#   description: Phase of Gaussian 2 component
#   meta:
#     ucd: time.phase
# - 
#   name: geom_model_gaussian2_phase_error
#   datatype: float32
#   description: "Uncertainty of \\texttt{geomModelGaussian2Phase}"
#   meta:
#     ucd: stat.error;time.phase
# - 
#   name: geom_model_gaussian2_sigma
#   datatype: float32
[...]
#   datatype: float32
#   description: "Secondary eclipse: uncertainty of \\texttt{derivedSecondaryEclDuration}"
#   meta:
#     ucd: stat.error;time.duration
# - 
#   name: derived_secondary_ecl_depth
#   datatype: float32
#   unit: mag
#   description: "Secondary eclipse: depth"
#   meta:
#     ucd: src.var.amplitude
# - 
#   name: derived_secondary_ecl_depth_error
#   datatype: float32
#   unit: mag
#   description: "Secondary eclipse: uncertainty of \\texttt{derivedSecondaryEclDepth}"
#   meta:
#     ucd: stat.error;src.var.amplitude
solution_id,source_id,global_ranking,reference_time,frequency,frequency_error,geom_model_reference_level,geom_model_reference_level_error,geom_model_gaussian1_phase,geom_model_gaussian1_phase_error,geom_model_gaussian1_sigma,geom_model_gaussian1_sigma_error,geom_model_gaussian1_depth,geom_model_gaussian1_depth_error,geom_model_gaussian2_phase,geom_model_gaussian2_phase_error,geom_model_gaussian2_sigma,geom_model_gaussian2_sigma_error,geom_model_gaussian2_depth,geom_model_gaussian2_depth_error,geom_model_cosine_half_period_amplitude,geom_model_cosine_half_period_amplitude_error,geom_model_cosine_half_period_phase,geom_model_cosine_half_period_phase_error,model_type,num_model_parameters,reduced_chi2,derived_primary_ecl_phase,derived_primary_ecl_phase_error,derived_primary_ecl_duration,derived_primary_ecl_duration_error,derived_primary_ecl_depth,derived_primary_ecl_depth_error,derived_secondary_ecl_phase,derived_secondary_ecl_phase_error,derived_secondary_ecl_duration,derived_secondary_ecl_duration_error,derived_secondary_ecl_depth,derived_secondary_ecl_depth_error
[from data line 360]
375316653866487564,5830944907830954240,0.5560248,2228.8275976947257,3.52761352307835,1.1211213E-5,17.175282,0.015529114,0.29435688,0.0014942089,0.07391767,0.004795845,0.38093042,0.020534417,0.7890043,0.004931309,0.08657465,0.009078147,0.36831817,0.015531932,null,null,null,null,"TWOGAUSSIANS",8,22.000772,0.29435688,0.0014942089,0.4,0.0,0.37568882,0.02032594,0.7890043,0.004931309,0.4,0.0,0.36307654,0.015110319
375316653866487564,5830945049570621312,0.43527612,2239.6935896150467,0.2513959690847545,7.204385E-5,18.69911,0.011746985,0.28712997,0.015417134,0.102702595,0.026254566,0.08186644,0.015500411,0.7721626,0.013066306,0.087222636,0.021986049,0.13237606,0.01680973,null,null,null,null,"TWOGAUSSIANS",8,4.038189,0.7721626,0.013066306,0.4,0.0,0.12726472,0.017368525,0.28712997,0.015416726,0.4,0.0,0.076753676,0.014278502
375316653866487564,5830946149082093952,0.5263496,2215.83427656842,3.172838718779323,9.098151E-6,19.061518,0.014674531,0.23312056,0.010002836,0.08470716,0.011957969,0.3343974,0.02061638,0.737511,0.0024071422,0.06751196,0.0059306165,0.44507697,0.040926363,null,null,null,null,"TWOGAUSSIANS",8,5.5276833,0.737511,0.0024071422,0.378067,0.033211455,0.4419728,0.042104483,0.23312056,0.010002836,0.4,0.0,0.3312932,0.0202235
375316653866487564,5830946561399163776,0.51160204,2250.8628855132533,2.843425521376762,2.108381E-5,18.493856,0.020411633,0.23618728,0.0046915435,0.0826233,0.0074249255,0.29722714,0.024341643,0.7396272,0.0064046984,0.09609862,0.012818294,0.29809353,0.032115992,null,null,null,null,"TWOGAUSSIANS",8,5.8619885,0.7396272,0.0064046984,0.4,0.0,0.286864,0.035182603,0.23618728,0.0046915435,0.4,0.0,0.28599843,0.021253703
375316653866487564,5830946870658033536,0.5075646,2241.838717061507,2.5058770517404936,2.393572E-5,17.700289,0.039560955,0.23614538,0.011328727,0.12398568,0.0299433,0.1605134,0.03712277,0.7326647,0.0052789543,0.09879562,0.022615578,0.1612226,0.03592382,null,null,null,null,"TWOGAUSSIANS",8,4.2839127,0.7326647,0.0052848957,0.4,0.0,0.13649568,0.009400059,0.23614538,0.011328727,0.4,0.0,0.13569237,0.007069875
375316653866487564,5830947003775216256,0.56677186,2237.677678066598,1.4846322433084589,1.3636679E-5,15.823931,0.06565424,0.24871415,0.0038129212,0.10952396,0.028997969,0.12594564,0.062089086,0.76826847,0.0032467847,0.11971939,0.032417584,0.14135943,0.061039418,null,null,null,null,"TWOGAUSSIANS",8,4.307784,0.76829845,0.002959425,0.4,0.0,0.120877124,0.008826411,0.24861415,0.0031028078,0.4,0.0,0.10550989,0.0059965607
375316653866487564,5830948137646694016,0.58515364,2212.8360782912423,0.8102385184592872,7.114472E-5,17.99288,9.705032E-4,0.6150586,0.08798251,0.027916854,0.018828643,0.039443437,0.11578754,0.7901832,1.6779007E-4,0.011681847,2.715596E-4,0.9252851,0.049146347,6.8937487E-4,0.0015326912,0.6150586,0.08798251,"TWOGAUSSIANS_WITH_ELLIPSOIDAL_ON_ECLIPSE1",9,1.3714622,0.7901832,1.6779007E-4,0.06541834,0.0015207337,0.9255684,0.049144257,0.6150586,0.08798251,0.15633439,0.1054404,0.040822186,0.11627144
375316653866487564,5830948554285125376,0.5813909,2232.642891561354,1.9935745782264858,8.555769E-6,16.837948,0.0020501632,0.2566283,0.0045268843,0.056203417,0.003172008,0.19596203,0.012125821,0.75660306,0.0013398844,0.059960086,0.0018969764,0.12169034,0.0031566198,null,null,null,null,"TWOGAUSSIANS",8,2.8573377,0.2566283,0.0045268843,0.31473914,0.017763246,0.19593306,0.012129133,0.75660306,0.0013398844,0.33577648,0.010623068,0.12166137,0.0031539164
375316653866487564,5830950439758230656,0.5467114,2205.6645632127165,3.3776403823469767,1.6775748E-5,18.778429,0.012838855,0.2805897,0.0031918653,0.09112872,0.008257393,0.28323546,0.017124578,0.7906791,0.00488232,0.08446593,0.007146711,0.2930597,0.014198178,null,null,null,null,"TWOGAUSSIANS",8,2.055141,0.7906791,0.00488232,0.4,0.0,0.28459767,0.011706176,0.2805897,0.0031918653,0.4,0.0,0.27477324,0.018493967
375316653866487564,5830950856387670016,0.5791221,2209.270263936172,3.0627156623321112,9.954057E-6,16.128378,0.006795749,0.25199902,0.005572704,0.06869242,0.005237083,0.4042255,0.0301982,0.7437256,0.0033907825,0.076304905,0.0034964427,0.44352815,0.014009067,null,null,null,null,"TWOGAUSSIANS",8,53.91097,0.7437256,0.0033907825,0.4,0.0,0.44170845,0.014109484,0.25199902,0.005572704,0.38467756,0.029327665,0.40240583,0.030736618
375316653866487564,5830952539995887488,0.5453147,2199.0530251677683,2.9452103165329997,4.9742852E-5,19.62229,0.009460201,0.2414464,0.010463413,0.05898424,0.0102402475,0.5485477,0.02645141,0.7491646,0.004723075,0.054976385,0.005877084,0.5050144,0.014789632,null,null,null,null,"TWOGAUSSIANS",8,1.9101951,0.2414464,0.010463413,0.33031175,0.057345387,0.5484961,0.026469084,0.7491646,0.004723075,0.30786777,0.03291167,0.50496286,0.014794556
375316653866487564,5830952883591680768,0.5741887,2216.174002611822,2.9027488567138096,1.1748534E-5,18.198765,0.009489343,0.20053576,0.0052891998,0.068491004,0.006450457,0.41084665,0.016123587,0.69587487,0.003945027,0.078240685,0.0045419657,0.45690185,0.018223608,null,null,null,null,"TWOGAUSSIANS",8,6.0027885,0.69587487,0.003945027,0.4,0.0,0.45455903,0.018094914,0.20053576,0.0052891998,0.38354963,0.024952002,0.40850383,0.016192785
375316653866487564,5830953227189305984,0.46941537,2177.065556415409,0.8696078527950365,1.4311817E-4,19.203129,0.016489867,0.2886457,0.0032218965,0.036104366,0.0071658734,0.92842644,0.3932125,0.77385026,0.05541822,0.053118963,0.03096976,0.25986797,2.0901368,null,null,null,null,"TWOGAUSSIANS",8,8.239768,0.2886457,0.0032218965,0.20218445,0.04012889,0.9284264,0.39321622,0.77385026,0.05541822,0.2974662,0.17343065,0.25986794,2.090137
375316653866487564,5830953467707671936,0.53662294,2176.7213665869967,2.7505003743942353,1.2437219E-5,18.797184,0.01648598,0.23744178,0.0042822175,0.0892227,0.007611579,0.26320142,0.018576821,0.7421611,0.003463938,0.08698479,0.008201762,0.28696194,0.015519138,null,null,null,null,"TWOGAUSSIANS",8,2.0768511,0.7421611,0.003463938,0.4,0.0,0.2778801,0.013371523,0.23744178,0.0042822175,0.4,0.0,0.25411955,0.015891232
375316653866487564,5830953845664757632,0.57968336,2216.986498573771,3.7942383794763885,6.1613396E-6,18.858875,0.0086604655,0.2740537,0.0023316084,0.070249856,0.0032859298,0.49447858,0.019666517,0.7767202,0.00295883,0.06944871,0.003829867,0.5906047,0.026418045,null,null,null,null,"TWOGAUSSIANS",8,3.3306818,0.7767202,0.00295883,0.38891277,0.020869507,0.5889376,0.026648533,0.2740537,0.0023316084,0.3933992,0.01809318,0.49281147,0.01978793
375316653866487564,5830953910082491520,0.5608533,2177.661416213701,0.3751719455833457,5.6809924E-5,17.0212,0.0026018256,0.22951098,0.03980647,0.06545406,0.05512806,0.02374307,0.04084783,0.50619817,0.0037957798,0.03945799,0.0027282091,0.23317483,0.010013484,null,null,null,null,"TWOGAUSSIANS",8,2.779759,0.50619817,0.0037957798,0.22096476,0.0152779715,0.23317796,0.010014588,0.22951098,0.03980647,0.36654273,0.30753148,0.02374307,0.04084783
375316653866487564,5830954292361626112,0.5360764,2218.4029137651464,1.7918886712097863,1.3170394E-5,13.623801,0.014694237,0.22478294,0.0047449204,0.12984431,0.021233195,0.07058224,0.01429526,0.7192837,0.0022316247,0.109210774,0.011719402,0.08080068,0.013910401,null,null,null,null,"TWOGAUSSIANS",8,15.166019,0.7192837,0.0022316247,0.4,0.0,0.064945646,0.0018939879,0.22479294,0.004757238,0.4,0.0,0.05464573,0.0018950751
375316653866487564,5830954872157295872,0.4782308,2194.5432443303353,4.0941397884007475,3.590696E-5,18.867786,0.017082404,0.21898586,0.01460704,0.08790568,0.014206272,0.2784807,0.037491735,0.7373341,0.0077403435,0.08494343,0.011707479,0.33334225,0.028109264,null,null,null,null,"TWOGAUSSIANS",8,11.100769,0.7373341,0.0077403435,0.4,0.0,0.32656544,0.02750683,0.21898586,0.01460704,0.4,0.0,0.27170384,0.036912736
375316653866487564,5830955872909791872,0.5296246,2179.3071487312313,3.43103105511195,1.4654174E-5,18.2847,0.020241361,0.17068106,0.0038235497,0.09634372,0.009890446,0.4527864,0.0344853,0.6906272,0.0035502699,0.090834014,0.0063013355,0.47698453,0.021645186,null,null,null,null,"TWOGAUSSIANS",8,10.844699,0.6906272,0.0035502699,0.4,0.0,0.45739588,0.016714986,0.17068106,0.0038235497,0.4,0.0,0.43319613,0.04019086
375316653866487564,5830957350378328192,0.4891688,2203.1853741085433,2.0540943642411635,4.1191208E-5,15.732068,0.9819226,0.28349012,0.009919201,0.17276463,0.26002935,0.23951314,0.9685936,0.7923258,0.010507461,0.132173,0.064660735,0.32230324,0.5765739,null,null,null,null,"TWOGAUSSIANS",8,71.30881,0.7932858,0.00819581,0.4,0.0,0.1981936,0.015104097,0.28304014,0.008994752,0.4,0.0,0.10857438,0.011405847
375316653866487564,5830957865753962368,0.48072106,2190.7116452223613,3.1781173383831174,4.3824606E-5,19.50855,0.053635776,0.24577358,0.0067082862,0.09853995,0.015351272,0.29876843,0.05269937,0.7434825,0.0075050555,0.1143827,0.027487805,0.28499457,0.04377296,null,null,null,null,"TWOGAUSSIANS",8,2.912568,0.24577358,0.0067186276,0.4,0.0,0.26289484,0.022524707,0.7434825,0.0075050555,0.4,0.0,0.24908194,0.03411081
375316653866487564,5830958376848630784,0.50807977,2188.520395849593,0.07636226978987289,1.3794531E-6,16.630857,0.0021489963,0.13636243,2.3071325E-5,0.0013088881,4.087683E-5,0.31658724,0.0033630696,0.8906658,0.022063043,0.04162169,0.02623652,0.009013397,0.013714552,0.0073247915,0.0030947647,0.8906658,0.022063043,"TWOGAUSSIANS_WITH_ELLIPSOIDAL_ON_ECLIPSE2",9,6.588386,0.13636243,2.3071325E-5,0.007329773,2.2891024E-4,0.31659794,0.003319084,0.8906658,0.022063043,0.23308146,0.14692451,0.023662979,0.0142648285
375316653866487564,5830958892246887296,0.4425899,2207.030602902332,3.3398098492737005,7.789745E-5,18.03298,0.23076993,0.2938733,0.03074807,0.10495334,0.11916321,0.13777484,0.22806413,0.7612318,0.021785922,0.09098159,0.051735777,0.11364544,0.16823445,null,null,null,null,"TWOGAUSSIANS",8,15.225187,0.2938733,0.030670062,0.4,0.0,0.13152973,0.015932525,0.7612318,0.021785922,0.4,0.0,0.1074073,0.017924715
375316653866487564,5830959205783517184,0.45997313,2250.1161401814834,0.037205744032797784,2.9909439E-5,18.609594,0.0035501826,0.35984555,0.06335937,0.08476161,0.028775044,0.11831129,0.040021032,0.6746241,0.054947417,0.024034804,0.019596858,0.14178087,0.33722714,null,null,null,null,"TWOGAUSSIANS",8,2.6202328,0.6746241,0.054947417,0.1345949,0.1097424,0.1419006,0.33695194,0.35984555,0.06335937,0.4,0.081734076,0.118311286,0.04002103
375316653866487564,5830959442014082304,0.44218668,2195.517458448489,3.0747691012999767,7.178988E-5,18.159777,0.0028499519,null,null,null,null,null,null,null,null,null,null,null,null,0.030785086,0.0032259275,0.22122285,0.016532026,"ELLIPSOIDAL",4,4.4733877,null,null,null,null,null,null,null,null,null,null,null,null
375316653866487564,5830959716880760192,0.45625558,2201.1224880175287,1.212748542711048,1.4112398E-5,18.460983,0.005167778,0.115500405,0.0047435407,0.011284104,0.0020195914,0.18217713,0.049687188,0.69438225,0.0022445584,0.019180434,0.0023163608,0.69874644,0.37345195,null,null,null,null,"TWOGAUSSIANS",8,7.313578,0.69438225,0.0022445584,0.10741043,0.012971621,0.69874644,0.37345195,0.115500405,0.0047435407,0.06319098,0.011309712,0.18217713,0.049687188
375316653866487564,5830960477094462720,0.51882374,2198.797052183307,3.069439307901474,1.8585195E-5,18.39762,0.026743922,0.22052419,0.0025320332,0.088848114,0.00883703,0.37727767,0.026600854,0.74038965,0.0063650077,0.094343595,0.012970218,0.31312764,0.022199797,null,null,null,null,"TWOGAUSSIANS",8,6.0304604,0.22052419,0.0025319455,0.4,0.0,0.3650711,0.024375696,0.74038965,0.0063650077,0.4,0.0,0.30092043,0.013952119
375316653866487564,5830960958150975104,0.59600765,2183.6551691544096,2.3223873339901684,3.2803248E-6,15.321177,0.0037095821,0.25616112,0.027246865,0.039003287,0.045171317,0.1414433,0.13882016,0.5089861,2.017164E-6,0.0015430972,1.7839347E-5,2.137915,0.04977393,null,null,null,null,"TWOGAUSSIANS",8,46.431393,0.5089861,2.017164E-6,0.0086413445,9.9900346E-5,2.137915,0.04975505,0.25616112,0.027246865,0.2184184,0.20297478,0.1414433,0.13882016
375316653866487564,5830961198669200128,0.53484243,2211.295186853997,0.4916347178630321,1.2530656E-5,16.856848,0.004044304,0.26565856,0.010141308,0.028734867,0.007075386,0.37288514,0.05013153,0.75819856,0.0053491644,0.024155548,0.0065646134,0.036529247,0.007507767,0.010071275,0.004611126,0.26565856,0.010141308,"TWOGAUSSIANS_WITH_ELLIPSOIDAL_ON_ECLIPSE1",9,16.803097,0.26565856,0.010141308,0.16091526,0.03962216,0.3930277,0.049949307,0.7583785,0.00520902,0.13527106,0.036761835,0.056628652,0.0049315877
375316653866487564,5830962465655338624,0.57040465,2212.348238784814,3.078112188620045,8.330107E-6,16.606318,0.018248934,0.19301207,0.0019169034,0.058681633,0.0131169,0.15296568,0.034857195,0.7045643,0.0041929465,0.05553975,0.0078851655,0.18836336,0.04253762,0.07114684,0.022531832,0.19301207,0.0019169034,"TWOGAUSSIANS_WITH_ELLIPSOIDAL_ON_ECLIPSE1",9,15.100227,0.7045643,0.0041929465,0.3110226,0.044156928,0.32988766,0.022620756,0.19301207,0.0019169034,0.32861716,0.07345464,0.29523835,0.017722687
375316653866487564,5830962744857508224,0.504172,2233.7585681710316,0.09778283777104875,5.585172E-5,16.991758,0.0077676573,0.23437238,0.0015548674,0.006895364,7.124196E-4,0.5300656,0.08368542,0.71628106,0.007374318,0.024342472,0.056925148,0.19683897,0.036221746,null,null,null,null,"TWOGAUSSIANS",8,58.61915,0.23437238,0.0015548674,0.038614035,0.00398955,0.5300656,0.08368542,0.71628106,0.007374318,0.13631785,0.259994,0.19683897,0.036221758
375316653866487564,5830962813557177216,0.45768774,2223.241653325094,1.4204887000892021,5.5138866E-5,18.637262,0.0077640987,0.27325416,0.012376291,0.04565878,0.007906131,0.19801721,0.021658685,0.7726715,0.009877039,0.04431589,0.0057567423,0.19962214,0.022917902,null,null,null,null,"TWOGAUSSIANS",8,9.968627,0.7726715,0.009877039,0.24816899,0.032237757,0.19962206,0.022917911,0.27325416,0.012376291,0.25568917,0.044274334,0.19801714,0.02165871
375316653866487564,5830963668261069952,0.598685,2201.3030865601513,3.0729617086925174,6.569967E-6,18.454811,0.013408485,0.25553787,0.0015893056,0.040498774,0.0035168773,0.3326457,0.036921874,0.75367934,0.005180147,0.043123584,0.0045702015,0.4761327,0.035678513,0.1759381,0.01674615,0.25553787,0.0015893056,"TWOGAUSSIANS_WITH_ELLIPSOIDAL_ON_ECLIPSE1",9,7.083688,0.7538593,0.004824076,0.24149206,0.025593128,0.82796556,0.026316533,0.25553787,0.0015893056,0.22679314,0.019694513,0.68452185,0.0296196
375316653866487564,5830964875141531904,0.4949451,2203.288480802027,1.2351453375446255,2.6742186E-5,19.070974,0.005386804,0.2516455,0.004967388,0.027792623,0.0031448794,0.49177358,0.043366525,null,null,null,null,null,null,null,null,null,null,"ONEGAUSSIAN",5,4.6041923,0.2516455,0.004967388,0.1556387,0.017611325,0.49177358,0.0,null,null,null,null,null,null
375316653866487564,5830966490069672448,0.51666397,2189.4811450335947,1.1292898733380465,3.7967573E-5,16.302704,0.0018056796,0.30795386,0.005868108,0.049986377,0.007655355,0.13439156,0.008599444,0.7968887,0.0012807919,0.04473586,0.003058793,0.059000943,0.0017696609,null,null,null,null,"TWOGAUSSIANS",8,7.516724,0.30795386,0.005868108,0.2799237,0.04286999,0.13439147,0.008599654,0.7968887,0.0012807919,0.25052083,0.01712924,0.059000857,0.0017695922
375316653866487564,5830966661868381696,0.56565285,2175.041609803117,3.237818678121395,9.885567E-6,16.549839,0.008485724,0.24747445,0.0019837967,0.08645017,0.0036332405,0.30184692,0.010117821,0.7472434,0.0024477434,0.09307285,0.005306667,0.28545102,0.011128992,null,null,null,null,"TWOGAUSSIANS",8,16.174702,0.24747445,0.0019837967,0.4,0.0,0.2897739,0.009153257,0.7472434,0.0024477434,0.4,0.0,0.27337772,0.011861331
