Gaia/vari_eclipsing_binary/VariEclipsingBinary_241761-241998.csv
# %ECSV 1.0
# ---
# delimiter: ','
# meta: !!omap
# - RELEASE: Gaia DR3
# - TABLE: vari_eclipsing_binary
# - DESCRIPTION: >
#     This table describes the properties of the eclipsing binaries resulting from the variability analysis. 
# - CITATION: >
#     How to cite and acknowledge Gaia: 
#     https://gea.esac.esa.int/archive/documentation/credits.html 
# - KNOWN_ISSUES: >
#     Known issues: 
#     https://www.cosmos.esa.int/web/gaia-users/known-issues 
# - DOCUMENTATION: >
#     Tutorials and documentation: 
#     https://www.cosmos.esa.int/web/gaia-users/archive 
# datatype:
# - 
#   name: solution_id
#   datatype: int64
#   description: Solution Identifier
#   meta:
#     ucd: meta.version
# - 
#   name: source_id
#   datatype: int64
#   description: Unique source identifier
#   meta:
#     ucd: meta.id;meta.main
# - 
#   name: global_ranking
#   datatype: float32
#   description: Number between 0 (worst) and 1 (best)
#   meta:
#     ucd: stat.param
# - 
#   name: reference_time
#   datatype: float64
#   unit: d
#   description: Reference time used for the geometric model fit
#   meta:
#     ucd: time.epoch
# - 
#   name: frequency
#   datatype: float64
#   unit: d**-1
#   description: Frequency of geometric model of the eclipsing binary light curve
#   meta:
#     ucd: src.orbital
# - 
#   name: frequency_error
#   datatype: float32
#   unit: d**-1
#   description: "Uncertainty of \\texttt{frequency}"
#   meta:
#     ucd: stat.error
# - 
#   name: geom_model_reference_level
#   datatype: float32
#   unit: mag
#   description: Magnitude reference level of geometric model
#   meta:
#     ucd: phot.mag;em.opt
# - 
#   name: geom_model_reference_level_error
#   datatype: float32
#   unit: mag
#   description: "Uncertainty of \\texttt{geomModelReferenceLevel}"
#   meta:
#     ucd: stat.error;phot.mag;em.opt
# - 
#   name: geom_model_gaussian1_phase
#   datatype: float32
#   description: Phase of the Gaussian 1 component
#   meta:
#     ucd: time.phase
# - 
#   name: geom_model_gaussian1_phase_error
#   datatype: float32
#   description: "Uncertainty of \\texttt{geomModelGaussian1Phase}"
#   meta:
#     ucd: stat.error;time.phase
# - 
#   name: geom_model_gaussian1_sigma
#   datatype: float32
#   description: "Standard deviation [phase] of Gaussian 1 component"
#   meta:
#     ucd: stat.stdev
# - 
#   name: geom_model_gaussian1_sigma_error
#   datatype: float32
#   description: "Uncertainty of \\texttt{geomModelGaussian1Sigma}"
#   meta:
#     ucd: stat.error
# - 
#   name: geom_model_gaussian1_depth
#   datatype: float32
#   unit: mag
#   description: Magnitude depth of Gaussian 1 component
#   meta:
#     ucd: src.var.amplitude
# - 
#   name: geom_model_gaussian1_depth_error
#   datatype: float32
#   unit: mag
#   description: "Uncertainty of \\texttt{geomModelGaussian1Depth}"
#   meta:
#     ucd: stat.error;src.var.amplitude
# - 
#   name: geom_model_gaussian2_phase
#   datatype: float32
#   description: Phase of Gaussian 2 component
#   meta:
#     ucd: time.phase
# - 
#   name: geom_model_gaussian2_phase_error
#   datatype: float32
#   description: "Uncertainty of \\texttt{geomModelGaussian2Phase}"
#   meta:
#     ucd: stat.error;time.phase
# - 
#   name: geom_model_gaussian2_sigma
#   datatype: float32
[...]
#   datatype: float32
#   description: "Secondary eclipse: uncertainty of \\texttt{derivedSecondaryEclDuration}"
#   meta:
#     ucd: stat.error;time.duration
# - 
#   name: derived_secondary_ecl_depth
#   datatype: float32
#   unit: mag
#   description: "Secondary eclipse: depth"
#   meta:
#     ucd: src.var.amplitude
# - 
#   name: derived_secondary_ecl_depth_error
#   datatype: float32
#   unit: mag
#   description: "Secondary eclipse: uncertainty of \\texttt{derivedSecondaryEclDepth}"
#   meta:
#     ucd: stat.error;src.var.amplitude
solution_id,source_id,global_ranking,reference_time,frequency,frequency_error,geom_model_reference_level,geom_model_reference_level_error,geom_model_gaussian1_phase,geom_model_gaussian1_phase_error,geom_model_gaussian1_sigma,geom_model_gaussian1_sigma_error,geom_model_gaussian1_depth,geom_model_gaussian1_depth_error,geom_model_gaussian2_phase,geom_model_gaussian2_phase_error,geom_model_gaussian2_sigma,geom_model_gaussian2_sigma_error,geom_model_gaussian2_depth,geom_model_gaussian2_depth_error,geom_model_cosine_half_period_amplitude,geom_model_cosine_half_period_amplitude_error,geom_model_cosine_half_period_phase,geom_model_cosine_half_period_phase_error,model_type,num_model_parameters,reduced_chi2,derived_primary_ecl_phase,derived_primary_ecl_phase_error,derived_primary_ecl_duration,derived_primary_ecl_duration_error,derived_primary_ecl_depth,derived_primary_ecl_depth_error,derived_secondary_ecl_phase,derived_secondary_ecl_phase_error,derived_secondary_ecl_duration,derived_secondary_ecl_duration_error,derived_secondary_ecl_depth,derived_secondary_ecl_depth_error
[from data line 364]
375316653866487564,2128038479928148096,0.6122228,2202.6966933607287,1.8897757758512588,8.214311E-6,17.683018,0.0059067486,0.21940511,0.0059969192,0.040381495,0.014732734,0.03629863,0.015028637,0.72766834,0.0024882422,0.049659353,0.0021408517,0.40397388,0.023138553,0.047002897,0.007003801,0.21940511,0.0059969192,"TWOGAUSSIANS_WITH_ELLIPSOIDAL_ON_ECLIPSE1",9,4.532557,0.72766834,0.0024882422,0.27809235,0.011988769,0.49772593,0.019813797,0.21940511,0.0059969192,0.22613637,0.08250331,0.13030386,0.0057984283
375316653866487564,2128043359010825856,0.5277813,2267.016936052499,2.8048949018117244,1.6341042E-5,12.916987,0.020025736,0.19830385,0.0029704696,0.07853783,0.005618285,0.40226528,0.02294732,0.70764166,0.0056367544,0.09166403,0.0075282366,0.43048933,0.021602234,null,null,null,null,"TWOGAUSSIANS",8,1556.7742,0.70764166,0.0056367544,0.4,0.0,0.42103902,0.018352302,0.19830385,0.0029704696,0.4,0.0,0.39281532,0.020317916
375316653866487564,2128044561601652992,0.6422171,2204.1429016658917,3.0811329762627064,3.3471035E-6,15.264848,0.009861174,0.20156187,0.0017432154,0.050816797,0.002776265,0.34303698,0.021183329,0.70527107,0.0028429488,0.053916857,0.0042740596,0.4291801,0.022123383,0.09706479,0.012684053,0.70527107,0.0028429488,"TWOGAUSSIANS_WITH_ELLIPSOIDAL_ON_ECLIPSE2",9,50.88699,0.70527107,0.0028429488,0.3019344,0.023934735,0.62329876,0.011606793,0.20194186,0.0013851251,0.28457406,0.015547084,0.53706115,0.009136932
375316653866487564,2128045145717218304,0.60870767,2217.4410520656174,4.079590612982236,6.554331E-6,15.413948,0.03137069,0.24057768,0.0031402726,0.05780869,0.015915634,0.391254,0.1194745,0.7279307,0.002567765,0.058251698,0.00748539,0.35843998,0.06168774,0.10191317,0.035270106,0.24057768,0.0031402726,"TWOGAUSSIANS_WITH_ELLIPSOIDAL_ON_ECLIPSE1",9,69.34234,0.24057768,0.0031402726,0.32372865,0.086413555,0.5950306,0.15526468,0.7296007,0.002104926,0.3262095,0.041918185,0.56110126,0.014476985
375316653866487564,2128046962483136384,0.5237909,2219.8100063925526,0.45183009306897093,8.247604E-6,17.028873,0.004680475,0.26201004,0.023077475,0.02134777,0.010946062,0.33372474,0.12110744,0.76017004,0.0112887835,0.026684621,0.005890264,0.20701341,0.03341203,null,null,null,null,"TWOGAUSSIANS",8,27.139246,0.26201004,0.023077475,0.119547516,0.061297953,0.33372474,0.12110744,0.76017004,0.0112887835,0.14943388,0.032985482,0.20701341,0.03341203
375316653866487564,2128047787116551168,0.61432785,2209.9130508068097,3.9839012991500447,3.707936E-6,18.184711,0.012976723,0.23096149,8.882289E-4,0.04532365,0.0030643516,0.3645165,0.022085745,0.7297882,0.04009358,0.048766173,0.032472298,0.45314413,0.33420682,0.13813886,0.013254786,0.23096149,8.882289E-4,"TWOGAUSSIANS_WITH_ELLIPSOIDAL_ON_ECLIPSE1",9,4.927832,0.72990817,0.039929796,0.27309057,0.13651784,0.7294075,0.3290603,0.23096149,8.882289E-4,0.25381243,0.01716037,0.6407933,0.0146176005
375316653866487564,2128047958913440640,0.6147725,2209.3653458098224,0.9561518984875728,5.7730967E-6,12.066076,0.0058674174,0.23005888,0.0025649029,0.088400766,0.003194683,0.26753435,0.0070819873,0.7356779,0.0054018954,0.07890257,0.007529359,0.14677529,0.0060056685,null,null,null,null,"TWOGAUSSIANS",8,114.452896,0.23005888,0.0025649029,0.4,0.0,0.2633669,0.006045881,0.7356779,0.0054018954,0.4,0.0,0.14260793,0.0044200053
375316653866487564,2128052017664954880,0.5048242,2257.2030290476346,1.453530761809118,1.7033048E-5,17.683186,0.0141643975,0.29962584,0.010389761,0.03258795,0.029744836,0.073804915,477.76587,0.79308987,0.008091915,0.04864551,0.0073272283,0.28603545,0.03693374,0.06784128,0.0210184,0.29962584,0.010389761,"TWOGAUSSIANS_WITH_ELLIPSOIDAL_ON_ECLIPSE1",9,31.313162,0.7936199,0.0070025846,0.27241486,0.04103248,0.42150682,0.021332953,0.29962584,0.010389761,0.18249252,0.16657108,0.20948641,477.76624
375316653866487564,2128053460773956736,0.6320347,2243.7422518842877,1.8382790960233206,4.7570815E-5,16.304382,0.0023977435,0.52713966,0.09672324,0.12175074,0.10748495,0.009689207,0.015093821,0.79287684,7.727385E-4,0.01346659,0.0018183711,1.9705396,0.90614617,null,null,null,null,"TWOGAUSSIANS",8,12.690362,0.79287684,7.727385E-4,0.07541291,0.010182878,1.9714304,0.9062159,0.52713966,0.09672324,0.4,0.17972153,0.00968499,0.015101062
375316653866487564,2128058236777783168,0.61688894,2223.64969872573,2.2543015009967493,6.5444374E-6,16.268755,0.00247205,0.2763182,0.007913237,0.06184246,0.005250967,0.15414257,0.0047205994,0.77435726,0.001378926,0.057090156,9.910499E-4,0.3515774,0.0055000894,null,null,null,null,"TWOGAUSSIANS",8,7.359419,0.77435726,0.001378926,0.31970486,0.0055498793,0.35151577,0.0054924814,0.2763182,0.007913237,0.3463178,0.029405415,0.15408094,0.004685997
375316653866487564,2128062183847536000,0.5811557,2214.7728644830972,4.10382488522356,4.081601E-5,17.7497,0.0032841756,0.3804876,0.0080777565,0.018923286,0.006543477,0.03687638,0.016766174,0.7503179,6.756683E-4,0.002442663,4.661462E-4,0.7070003,0.26238576,null,null,null,null,"TWOGAUSSIANS",8,7.884239,0.7503179,6.756683E-4,0.013678914,0.0026104187,0.7070003,0.26238576,0.3804876,0.0080777565,0.105970405,0.03664347,0.03687638,0.016766174
375316653866487564,2128063390738553216,0.543482,2210.9717587340265,2.6724582475969174,2.3527678E-5,16.810474,0.010858784,0.26538667,0.004411034,0.072943196,0.0070526856,0.30074194,0.015401062,0.76055545,0.0057816207,0.08464811,0.008205665,0.3011932,0.019780004,null,null,null,null,"TWOGAUSSIANS",8,23.588196,0.76055545,0.0057816207,0.4,0.0,0.2976456,0.02044368,0.26538667,0.004411034,0.4,0.012278534,0.29719433,0.015500775
375316653866487564,2128064490251259648,0.46336308,2136.4735199067263,1.637588443851325,1.0397956E-4,18.40886,0.0106369,0.3341447,0.046525847,0.13671042,0.036954872,0.04476364,0.014853536,0.8842037,0.025935136,0.024490224,0.009496377,0.32663754,0.16801739,null,null,null,null,"TWOGAUSSIANS",8,2.5872233,0.8842137,0.025934255,0.13714525,0.05317971,0.3265817,0.16676371,0.3341447,0.046525847,0.4,0.0,0.044495136,0.014387671
375316653866487564,2128065207504596480,0.6239283,2253.3992784190355,3.150827948916805,7.015771E-6,16.850676,0.0069962777,0.312974,0.0015270457,0.05372008,0.004829673,0.11205279,0.016214997,0.8130536,0.0038007577,0.0553184,0.0071063344,0.12780648,0.015167627,0.08555272,0.009129208,0.312974,0.0015270457,"TWOGAUSSIANS_WITH_ELLIPSOIDAL_ON_ECLIPSE1",9,5.0004196,0.8130536,0.003382926,0.30978304,0.039795473,0.2989049,0.0056948555,0.312974,0.0015270457,0.30083245,0.027046168,0.28315124,0.005613524
375316653866487564,2128066822412554624,0.48703128,2216.03612445277,2.6929403741792566,2.237301E-5,18.255922,0.015676035,0.23615108,0.009192052,0.09438278,0.014873788,0.17206836,0.015189151,0.73207,0.00836744,0.09082252,0.014489918,0.17486137,0.021375092,null,null,null,null,"TWOGAUSSIANS",8,6.4197826,0.73207,0.00836744,0.4,0.0,0.1663213,0.022965308,0.23615108,0.009192052,0.4,0.0,0.16352811,0.012782818
375316653866487564,2128071499636865152,0.6872433,2230.549611173426,2.0455456378458887,2.0295402E-6,13.983306,9.7593694E-4,0.25760972,0.0014689598,0.037768614,0.008086982,0.031413566,0.004112797,0.75539786,0.0014010894,0.054436095,0.0012515996,0.23210686,0.0037716865,0.041884836,0.0015445381,0.25760972,0.0014689598,"TWOGAUSSIANS_WITH_ELLIPSOIDAL_ON_ECLIPSE1",9,6.0510845,0.75556785,0.0012849921,0.3048421,0.0070089577,0.31585622,0.0029409712,0.25760972,0.0014689598,0.21150424,0.045287102,0.115177825,0.0052696215
375316653866487564,2128072015032998912,0.57249856,2219.3394834999312,3.2892086212492355,8.782294E-6,17.314713,0.00977606,0.24579324,0.0065384055,0.058572996,0.005339825,0.21611671,0.020945402,0.7615573,0.00381002,0.04398051,0.007590862,0.10695341,0.021783337,0.09212569,0.01323737,0.7615573,0.00381002,"TWOGAUSSIANS_WITH_ELLIPSOIDAL_ON_ECLIPSE2",9,14.231533,0.24874324,0.0046918155,0.32800877,0.02990302,0.398895,0.016514648,0.7615573,0.00381002,0.24629086,0.042508826,0.29119742,0.016201211
375316653866487564,2128072564788836224,0.5597374,2209.294323320974,0.11591265154169815,3.628904E-5,15.835935,0.00160102,0.21120735,0.009591585,0.021981932,0.012261814,0.020648843,0.0054942574,0.4110638,0.005118011,0.021469243,0.0024637452,0.15892778,0.011165042,0.00588414,0.0028052726,0.4110638,0.005118011,"TWOGAUSSIANS_WITH_ELLIPSOIDAL_ON_ECLIPSE2",9,12.433466,0.4110638,0.005118011,0.12022776,0.013796973,0.17069599,0.010278169,0.21224734,0.009515151,0.12309883,0.06866616,0.021801407,0.005547953
375316653866487564,2128073698660177920,0.5369474,2228.8585054691207,1.9325650623207917,9.301881E-6,17.993908,0.0053442386,0.31222653,0.0033664485,0.03423912,0.0031551272,0.31343967,0.038172238,0.8107517,0.0020272513,0.031430967,0.0047150464,0.4201782,0.21324442,null,null,null,null,"TWOGAUSSIANS",8,7.9327087,0.8107517,0.0020272513,0.17601341,0.02640426,0.4201782,0.21324442,0.31222653,0.0033664485,0.19173908,0.017668713,0.31343967,0.038172238
375316653866487564,2128075073045780864,0.49877578,2187.0241660896622,3.9518260155442833,1.7498352E-5,19.200024,0.007832056,0.2997452,0.0174815,0.08024764,0.015350613,0.34032643,0.06333942,0.81713724,0.002946072,0.057224095,0.004379745,0.34884414,0.042580605,null,null,null,null,"TWOGAUSSIANS",8,2.6974394,0.81713724,0.002946072,0.32045493,0.024526574,0.34827536,0.042825483,0.2997452,0.0174815,0.4,0.0,0.33975765,0.06372603
375316653866487564,2128075485366372608,0.58137584,2227.577254274274,3.71393985743511,6.7680103E-6,17.444447,0.010722922,0.19531175,0.0038719282,0.07506843,0.0042152926,0.53841823,0.034360703,0.6964536,0.001005637,0.07302628,0.0022571373,0.4780646,0.014007599,null,null,null,null,"TWOGAUSSIANS",8,14.489556,0.19531175,0.0038719282,0.4,0.0,0.5351065,0.034750104,0.6964536,0.001005637,0.4,0.0,0.47475284,0.013676795
375316653866487564,2128078268505279872,0.4443385,2221.4416659033463,0.4404873527907451,1.1598213E-4,14.942184,0.0074635525,0.233774,2.7918122E-5,0.0071741543,3.6638757E-4,0.47288528,0.026186062,0.7676389,0.01542455,0.091326326,0.011015331,0.047534484,0.009806491,null,null,null,null,"TWOGAUSSIANS",8,110.00231,0.233774,2.7918122E-5,0.040175263,0.0020517705,0.47288534,0.026185902,0.7676389,0.01542455,0.4,0.0,0.047534447,0.0098063955
375316653866487564,2128079230577863680,0.549968,2271.972427755274,1.164006151341474,2.1215275E-5,14.246183,0.0010742086,0.64080656,0.0040778066,0.03644571,0.0043085106,0.20249426,0.020747997,0.9308687,0.03531905,0.02661679,0.013830054,0.004352023,0.0041432623,null,null,null,null,"TWOGAUSSIANS",8,17.756447,0.64080656,0.0040778066,0.20409597,0.02412766,0.20249426,0.020747997,0.9308687,0.03531905,0.14905402,0.0774483,0.004352023,0.0041432623
375316653866487564,2128081017284311168,0.5563783,2205.081674694396,2.7990661527604637,9.866677E-6,18.817127,0.0077250837,0.23849629,0.00398926,0.07421608,0.004681033,0.4301422,0.017784609,0.7392602,0.0030394157,0.07077838,0.0065858704,0.397436,0.03756375,null,null,null,null,"TWOGAUSSIANS",8,2.237656,0.23849629,0.00398926,0.4,0.0039630686,0.4280156,0.017861398,0.7392602,0.0030394157,0.3963589,0.012922225,0.3953094,0.03859998
375316653866487564,2128081635759799552,0.6279812,2223.0509675943727,0.20093716938222364,1.1301256E-6,11.634319,4.2503327E-4,0.20928158,1.9036732E-9,0.004347231,7.919796E-6,0.50784254,8.4303034E-4,0.7421197,0.051517848,0.036337234,0.03402621,0.0104109,1.8063706,null,null,null,null,"TWOGAUSSIANS",8,7.716463,0.20928158,1.9036732E-9,0.024344493,4.4350858E-5,0.50784254,8.4303034E-4,0.7421197,0.051517848,0.2034885,0.19054677,0.0104109,1.8063706
375316653866487564,2128082288594822400,0.6377067,2195.42038018805,2.1896280566198705,5.0138137E-6,13.875805,0.010179053,0.3127447,0.0021207044,0.09190923,0.0040783905,0.3997547,0.012767746,0.8132117,0.0013862534,0.08654117,0.0029356782,0.4455011,0.009449191,null,null,null,null,"TWOGAUSSIANS",8,93.55616,0.8132117,0.0013862534,0.4,0.0,0.4290085,0.0071145445,0.3127447,0.0021207044,0.4,0.0,0.38326192,0.012250377
375316653866487564,2128086549202420864,0.62654227,2227.5186457997775,3.26563596649927,6.6131024E-6,17.027506,0.013120373,0.2800457,0.0019372347,0.051851023,0.004613202,0.4576104,0.03051038,0.7784663,0.0038750418,0.04743883,0.0077212905,0.4061227,0.1122167,0.11685417,0.01644243,0.2800457,0.0019372347,"TWOGAUSSIANS_WITH_ELLIPSOIDAL_ON_ECLIPSE1",9,8.672988,0.2800457,0.0019372347,0.29036573,0.02583393,0.69131434,0.027181476,0.7786163,0.0035566431,0.26565745,0.043239225,0.63980573,0.12148391
375316653866487564,2128089229261993984,0.47508284,2216.1983996164026,3.112984821683205,1.9966103E-5,14.576587,0.016949307,0.2437261,0.009297979,0.0978355,0.016504534,0.18031742,0.0219297,0.7450477,0.0061655506,0.0772755,0.0105700875,0.1808027,0.019336259,null,null,null,null,"TWOGAUSSIANS",8,321.58737,0.7450477,0.0061655506,0.4,0.0,0.17485487,0.016613616,0.2437261,0.009297979,0.4,0.0,0.17436881,0.021676978
375316653866487564,2128091325206128768,0.59268045,2239.420702979319,3.1210160571740726,1.1573209E-5,18.153189,0.012528598,0.25238892,0.0028611277,0.05711614,0.009144374,0.15632814,0.02444018,0.7538655,0.0025952705,0.046811454,0.003860185,0.22607961,0.029133769,0.08912692,0.015726063,0.25238892,0.0028611277,"TWOGAUSSIANS_WITH_ELLIPSOIDAL_ON_ECLIPSE1",9,3.7528572,0.7538655,0.0025883883,0.26214415,0.021617036,0.4043072,0.007932485,0.25238892,0.0028611277,0.3198504,0.051208496,0.33457106,0.010856035
375316653866487564,2128092940113783296,0.6687918,2200.0835328003955,3.4087817549983974,4.9132104E-6,14.966409,0.008849058,0.2037434,7.965906E-4,0.03738652,0.0015129112,0.43275824,0.019359795,0.69904053,0.002278135,0.041551482,0.003027814,0.61762404,0.03326595,0.15571655,0.010570213,0.2037434,7.965906E-4,"TWOGAUSSIANS_WITH_ELLIPSOIDAL_ON_ECLIPSE1",9,56.102604,0.6993405,0.0021260988,0.2326883,0.01695576,0.9288022,0.041643165,0.2037434,7.965906E-4,0.20936453,0.008472303,0.7441908,0.0068978765
375316653866487564,2128093485566602496,0.55108786,2198.2035269596663,1.0047651305591687,2.69409E-6,18.307388,0.0058520534,0.14430352,6.089635E-4,0.01962241,6.565028E-4,0.49855646,0.009778403,0.6339212,0.012632402,0.034919504,0.0104588475,0.30520037,0.08564682,null,null,null,null,"TWOGAUSSIANS",8,8.95171,0.14430352,6.089635E-4,0.1098855,0.0036764157,0.49855646,0.009778403,0.6339212,0.012632402,0.19554922,0.058569547,0.30520037,0.08564682
375316653866487564,2128094241480896384,0.5931406,2259.499911387632,2.8044757728498957,5.562587E-6,17.364195,0.019288506,0.20459977,0.0014655791,0.052047476,0.0061290446,0.32446998,0.040368866,0.7113608,0.012326773,0.051580083,0.012362833,0.23376127,0.08813893,0.101771384,0.027581235,0.20459977,0.0014655791,"TWOGAUSSIANS_WITH_ELLIPSOIDAL_ON_ECLIPSE1",9,9.944613,0.20459977,0.0014655791,0.29146588,0.03432265,0.5280084,0.026826581,0.7113608,0.012326773,0.28884846,0.06923187,0.4369326,0.08872902
375316653866487564,2128096273000104192,0.48865873,2177.9073028982625,1.3135221816264844,7.664027E-6,19.692156,0.008544126,0.45854515,0.0019304564,0.013810553,0.0011835486,0.3516117,0.05904386,0.6929501,0.030420706,0.03518808,0.082428694,0.16747516,0.17891538,null,null,null,null,"TWOGAUSSIANS",8,1.7284482,0.45854515,0.0019276259,0.07733909,0.006627872,0.3516117,0.059073314,0.6929501,0.030420706,0.19705324,0.24715456,0.16747516,0.17891935
375316653866487564,2128098880045716352,0.48698303,2272.411010946139,3.0173692917760344,3.821656E-5,18.915102,0.019147936,0.2721962,0.011729674,0.09591148,0.018026149,0.1542386,0.019932268,0.75932443,0.026442217,0.09601231,0.030083997,0.14699076,0.022168493,null,null,null,null,"TWOGAUSSIANS",8,2.5323238,0.2721962,0.01173356,0.4,0.0,0.14576493,0.012659124,0.75932443,0.026442217,0.4,0.009082909,0.1385171,0.0195143
