Gaia/vari_eclipsing_binary/VariEclipsingBinary_673942-673967.csv
# %ECSV 1.0
# ---
# delimiter: ','
# meta: !!omap
# - RELEASE: Gaia DR3
# - TABLE: vari_eclipsing_binary
# - DESCRIPTION: >
#     This table describes the properties of the eclipsing binaries resulting from the variability analysis. 
# - CITATION: >
#     How to cite and acknowledge Gaia: 
#     https://gea.esac.esa.int/archive/documentation/credits.html 
# - KNOWN_ISSUES: >
#     Known issues: 
#     https://www.cosmos.esa.int/web/gaia-users/known-issues 
# - DOCUMENTATION: >
#     Tutorials and documentation: 
#     https://www.cosmos.esa.int/web/gaia-users/archive 
# datatype:
# - 
#   name: solution_id
#   datatype: int64
#   description: Solution Identifier
#   meta:
#     ucd: meta.version
# - 
#   name: source_id
#   datatype: int64
#   description: Unique source identifier
#   meta:
#     ucd: meta.id;meta.main
# - 
#   name: global_ranking
#   datatype: float32
#   description: Number between 0 (worst) and 1 (best)
#   meta:
#     ucd: stat.param
# - 
#   name: reference_time
#   datatype: float64
#   unit: d
#   description: Reference time used for the geometric model fit
#   meta:
#     ucd: time.epoch
# - 
#   name: frequency
#   datatype: float64
#   unit: d**-1
#   description: Frequency of geometric model of the eclipsing binary light curve
#   meta:
#     ucd: src.orbital
# - 
#   name: frequency_error
#   datatype: float32
#   unit: d**-1
#   description: "Uncertainty of \\texttt{frequency}"
#   meta:
#     ucd: stat.error
# - 
#   name: geom_model_reference_level
#   datatype: float32
#   unit: mag
#   description: Magnitude reference level of geometric model
#   meta:
#     ucd: phot.mag;em.opt
# - 
#   name: geom_model_reference_level_error
#   datatype: float32
#   unit: mag
#   description: "Uncertainty of \\texttt{geomModelReferenceLevel}"
#   meta:
#     ucd: stat.error;phot.mag;em.opt
# - 
#   name: geom_model_gaussian1_phase
#   datatype: float32
#   description: Phase of the Gaussian 1 component
#   meta:
#     ucd: time.phase
# - 
#   name: geom_model_gaussian1_phase_error
#   datatype: float32
#   description: "Uncertainty of \\texttt{geomModelGaussian1Phase}"
#   meta:
#     ucd: stat.error;time.phase
# - 
#   name: geom_model_gaussian1_sigma
#   datatype: float32
#   description: "Standard deviation [phase] of Gaussian 1 component"
#   meta:
#     ucd: stat.stdev
# - 
#   name: geom_model_gaussian1_sigma_error
#   datatype: float32
#   description: "Uncertainty of \\texttt{geomModelGaussian1Sigma}"
#   meta:
#     ucd: stat.error
# - 
#   name: geom_model_gaussian1_depth
#   datatype: float32
#   unit: mag
#   description: Magnitude depth of Gaussian 1 component
#   meta:
#     ucd: src.var.amplitude
# - 
#   name: geom_model_gaussian1_depth_error
#   datatype: float32
#   unit: mag
#   description: "Uncertainty of \\texttt{geomModelGaussian1Depth}"
#   meta:
#     ucd: stat.error;src.var.amplitude
# - 
#   name: geom_model_gaussian2_phase
#   datatype: float32
#   description: Phase of Gaussian 2 component
#   meta:
#     ucd: time.phase
# - 
#   name: geom_model_gaussian2_phase_error
#   datatype: float32
#   description: "Uncertainty of \\texttt{geomModelGaussian2Phase}"
#   meta:
#     ucd: stat.error;time.phase
# - 
#   name: geom_model_gaussian2_sigma
#   datatype: float32
[...]
#   datatype: float32
#   description: "Secondary eclipse: uncertainty of \\texttt{derivedSecondaryEclDuration}"
#   meta:
#     ucd: stat.error;time.duration
# - 
#   name: derived_secondary_ecl_depth
#   datatype: float32
#   unit: mag
#   description: "Secondary eclipse: depth"
#   meta:
#     ucd: src.var.amplitude
# - 
#   name: derived_secondary_ecl_depth_error
#   datatype: float32
#   unit: mag
#   description: "Secondary eclipse: uncertainty of \\texttt{derivedSecondaryEclDepth}"
#   meta:
#     ucd: stat.error;src.var.amplitude
solution_id,source_id,global_ranking,reference_time,frequency,frequency_error,geom_model_reference_level,geom_model_reference_level_error,geom_model_gaussian1_phase,geom_model_gaussian1_phase_error,geom_model_gaussian1_sigma,geom_model_gaussian1_sigma_error,geom_model_gaussian1_depth,geom_model_gaussian1_depth_error,geom_model_gaussian2_phase,geom_model_gaussian2_phase_error,geom_model_gaussian2_sigma,geom_model_gaussian2_sigma_error,geom_model_gaussian2_depth,geom_model_gaussian2_depth_error,geom_model_cosine_half_period_amplitude,geom_model_cosine_half_period_amplitude_error,geom_model_cosine_half_period_phase,geom_model_cosine_half_period_phase_error,model_type,num_model_parameters,reduced_chi2,derived_primary_ecl_phase,derived_primary_ecl_phase_error,derived_primary_ecl_duration,derived_primary_ecl_duration_error,derived_primary_ecl_depth,derived_primary_ecl_depth_error,derived_secondary_ecl_phase,derived_secondary_ecl_phase_error,derived_secondary_ecl_duration,derived_secondary_ecl_duration_error,derived_secondary_ecl_depth,derived_secondary_ecl_depth_error
[from data line 146]
375316653866487564,5928117688245445376,0.6390115,2218.2393520995834,1.4942813504158738,5.449253E-6,16.354406,0.002819781,0.28460893,0.0015590917,0.100466244,0.002891637,0.17303507,0.0026063644,0.78706133,0.0013335937,0.092676386,0.0018562793,0.19139944,0.0033297571,null,null,null,null,"TWOGAUSSIANS",8,1.764344,0.78706133,0.0013335937,0.4,0.0,0.17909847,0.0022805764,0.28460893,0.0015590917,0.4,0.0,0.16073284,0.0018361917
375316653866487564,5928118130590625792,0.5751368,2210.76780755182,0.22024464559308024,6.955041E-5,18.186256,0.001754919,0.16329409,4.210037E-5,0.00832219,4.6092147E-5,0.48905134,0.001754367,null,null,null,null,null,null,null,null,null,null,"ONEGAUSSIAN",5,1.8047699,0.16329409,4.210037E-5,0.04660426,2.5811602E-4,0.48905134,0.0,null,null,null,null,null,null
375316653866487564,5928118925180088448,0.5078923,2208.200141345364,3.6094773554521815,1.5619726E-5,19.229664,0.02712708,0.2468239,0.0026180844,0.094101585,0.009231278,0.3039124,0.02488055,0.74663746,0.008815658,0.10432701,0.018741935,0.32139993,0.02387516,null,null,null,null,"TWOGAUSSIANS",8,2.9587114,0.74663746,0.008815658,0.4,0.0,0.29532668,0.02702782,0.2468239,0.0026180844,0.4,0.0,0.2778453,0.011397597
375316653866487564,5928119543655878144,0.5221589,2205.6913586616606,3.357952209343946,1.2612816E-5,19.547485,0.02395792,0.23419154,0.0044496367,0.08315674,0.006186474,0.44699284,0.033073314,0.7302313,0.003979019,0.08596843,0.0069050384,0.45027813,0.026781613,null,null,null,null,"TWOGAUSSIANS",8,2.8167245,0.7302313,0.003979019,0.4,0.0,0.439691,0.023681376,0.23419154,0.0044496367,0.4,0.0,0.43640572,0.031213036
375316653866487564,5928119951651635072,0.515188,2210.9321447731936,3.0511454047757933,6.5524284E-5,18.073498,0.0061989035,0.5111527,0.0051205824,0.027185565,0.0032044086,0.4820788,0.030957317,0.3822487,0.01518094,0.019595979,0.016861193,0.2763687,0.0692323,null,null,null,null,"TWOGAUSSIANS",8,18.940247,0.5111527,0.0051162355,0.15223917,0.017944688,0.4820788,0.03098394,0.3822487,0.015186331,0.10973748,0.09442268,0.27637506,0.0692372
375316653866487564,5928120196491135488,0.47155562,2205.789807484136,4.189290734218285,2.7773229E-5,19.685524,0.033226598,0.15954162,0.010424269,0.09494517,0.017892426,0.26114497,0.031115614,0.6614209,0.0059988983,0.10252723,0.01422782,0.2443842,0.030464668,null,null,null,null,"TWOGAUSSIANS",8,1.3947339,0.15954162,0.010424269,0.4,0.0,0.24120396,0.017496169,0.6614209,0.0059988983,0.4,0.0,0.22444034,0.01737761
375316653866487564,5928120471368472704,0.51806027,2194.995935758683,2.909173361435942,1.4449928E-5,18.945475,0.011961929,0.2979411,0.0025733206,0.070947476,0.0044940747,0.35197666,0.014181792,0.7857317,0.008559954,0.080881216,0.008619045,0.32620227,0.018876439,null,null,null,null,"TWOGAUSSIANS",8,2.7940743,0.2979411,0.0025733206,0.39730585,0.01787505,0.34969947,0.013822463,0.7857317,0.008559954,0.4,0.0,0.32392505,0.019897098
375316653866487564,5928120643183273088,0.57011026,2242.2142970029104,2.048011477136175,5.116333E-6,16.412539,0.024385741,0.26807076,0.0019518537,0.1166223,0.012976725,0.14241135,0.022940839,0.77136093,0.0038566731,0.12759015,0.017588764,0.14615767,0.022142611,null,null,null,null,"TWOGAUSSIANS",8,3.001393,0.77137095,0.0038535632,0.4,0.0,0.11169621,0.004191052,0.26803076,0.0019713915,0.4,0.0,0.10805655,0.0029411502
375316653866487564,5928120643183540736,0.5969604,2231.390169974706,1.8957531234478655,1.2915103E-5,17.177786,0.005074653,0.22276884,0.031104801,0.043501638,0.041598443,0.060749687,0.0068607153,0.7171255,0.002205201,0.051354285,0.0029294165,0.320456,0.0084432,null,null,null,null,"TWOGAUSSIANS",8,7.312969,0.7171255,0.002205201,0.287584,0.016404731,0.3204558,0.008437508,0.22276884,0.031104801,0.24360918,0.21619971,0.06074949,0.0068935244
375316653866487564,5928120741947748608,0.50735307,2215.573056230444,1.1758033411286795,4.240598E-6,18.888866,0.0029544835,0.45696542,4.1727728E-4,0.0012284425,1.5463178E-4,0.6020866,0.43969876,0.7322252,0.055559725,0.0662954,0.037674256,0.02203368,0.010722216,null,null,null,null,"TWOGAUSSIANS",8,1.3630505,0.45696542,4.1727728E-4,0.006879278,8.6593797E-4,0.6020906,0.43969756,0.7322252,0.055559725,0.37125424,0.2022302,0.02203368,0.010722216
375316653866487564,5928121914478448768,0.5250304,2214.8371056252895,3.445071246480094,1.9819869E-5,18.488298,0.016244028,0.28800917,0.0058227666,0.08092428,0.0079611745,0.2536461,0.02039192,0.7944753,0.0040863915,0.0882728,0.007850669,0.26213306,0.018858105,null,null,null,null,"TWOGAUSSIANS",8,5.311729,0.7944753,0.0040863915,0.4,0.0,0.25628975,0.016396644,0.28800917,0.0058227666,0.4,0.0,0.24780284,0.01778032
375316653866487564,5928122116320498688,0.5607209,2207.3447429641546,3.3456571112369526,1.1188772E-5,18.159817,0.0151469065,0.22525835,0.0045814924,0.068023816,0.0046047275,0.46643656,0.023666926,0.72374564,0.002689589,0.07050237,0.0036327534,0.5938748,0.016596567,null,null,null,null,"TWOGAUSSIANS",8,18.025064,0.72374564,0.002689589,0.39481327,0.0126046445,0.59237224,0.016201792,0.22525835,0.0045814924,0.38093334,0.025786474,0.464934,0.023342725
375316653866487564,5928122704767630464,0.6331446,2220.363175732834,1.9886994723028055,4.720868E-6,17.90024,0.009284446,0.22866945,0.0013823286,0.053351384,0.0035852517,0.2416364,0.021099906,0.7289688,0.001452443,0.0547484,0.003421598,0.2926274,0.017402895,0.10496937,0.010940113,0.22866945,0.0013823286,"TWOGAUSSIANS_WITH_ELLIPSOIDAL_ON_ECLIPSE1",9,2.253626,0.7289688,0.001417532,0.30659103,0.01916095,0.50255257,0.013940696,0.22866945,0.0013823286,0.29876775,0.02007741,0.45156232,0.010775792
375316653866487564,5928124113502364800,0.44011775,2215.7848283032963,3.3968276406473614,2.0054915E-5,19.192366,0.565675,0.1906822,0.009046356,0.15832797,0.06280966,0.53751993,0.50561714,0.6966132,0.0050048805,0.18132721,0.08728569,0.56473583,0.53897095,null,null,null,null,"TWOGAUSSIANS",8,2.5193908,0.69768316,0.004101965,0.4,0.0,0.2091094,0.03226231,0.1888422,0.0072835796,0.4,0.0,0.19983608,0.016097562
375316653866487564,5928124113517063936,0.46914214,2221.6193943599965,2.496260812372154,3.6977384E-5,18.142065,0.017123321,0.24617732,0.017350994,0.09733328,0.038773216,0.07634265,0.018616542,0.73534244,0.0038028182,0.07680226,0.013696342,0.10019779,0.015846817,null,null,null,null,"TWOGAUSSIANS",8,3.431356,0.73534244,0.0038028182,0.4,0.0047210404,0.09789485,0.009997919,0.24617732,0.017350994,0.4,0.0,0.07403938,0.016065568
375316653866487564,5928124487158775680,0.49207672,2215.306729364873,2.7825865004764005,2.1560802E-5,18.693312,0.009778142,0.23878741,0.0074397577,0.07190781,0.014160663,0.15398924,0.013109747,0.72498196,0.004941518,0.084304936,0.0072817276,0.1819738,0.014393825,null,null,null,null,"TWOGAUSSIANS",8,2.9498515,0.72498196,0.004941518,0.4,0.0,0.18047017,0.013934637,0.23878741,0.0074397577,0.4,0.031130105,0.15248562,0.013546784
375316653866487564,5928126724843143680,0.5641271,2250.3609659255753,3.8267235000482596,1.3985631E-5,19.112043,0.01727416,0.29574117,0.0051620062,0.04229144,0.007621002,0.5467104,0.082744025,0.7867337,0.006960022,0.038129922,0.0060425936,0.44847542,0.068085,0.13200669,0.038633473,0.29574117,0.0051620062,"TWOGAUSSIANS_WITH_ELLIPSOIDAL_ON_ECLIPSE1",9,11.231637,0.29574117,0.0051620062,0.23683205,0.04267761,0.8107233,0.0833878,0.7873037,0.0063736797,0.21352756,0.033838525,0.711697,0.05774989
375316653866487564,5928126793562497280,0.42980233,2220.241029311407,3.606605993501174,8.954607E-5,19.933363,0.012941972,0.2385736,0.008150434,0.07288578,0.010501471,0.2533753,0.036038104,0.69350207,0.031439614,0.064807706,0.018504886,0.22851476,0.096521065,null,null,null,null,"TWOGAUSSIANS",8,3.0492756,0.2385736,0.008150434,0.4,0.018984338,0.25318468,0.036088943,0.69350207,0.031439614,0.36292315,0.092466675,0.22832413,0.096107155
375316653866487564,5928126823604706944,0.5868778,2235.665147234528,2.2620018733368643,7.6775095E-6,16.713772,0.008112624,0.25347933,0.005351558,0.08462224,0.0065032984,0.373674,0.026135605,0.7533556,0.002943702,0.09237832,0.00481973,0.31517893,0.010639165,null,null,null,null,"TWOGAUSSIANS",8,14.971204,0.25347933,0.005351558,0.4,0.0,0.3610743,0.028156905,0.7533556,0.002943702,0.4,0.0,0.30257896,0.010736421
375316653866487564,5928127545176112128,0.4186748,2187.575378201766,2.819063372192781,2.0782216E-4,19.529806,0.33800727,0.17355625,0.014379989,0.09565485,0.04709972,0.21761462,0.20800129,0.6585175,0.056769084,0.13422534,0.15085858,0.2062839,0.31055415,null,null,null,null,"TWOGAUSSIANS",8,6.807206,0.17374626,0.014092597,0.4,0.0,0.18439452,0.016477946,0.6585175,0.056769084,0.4,0.0,0.1726312,0.04819617
375316653866487564,5928127893073379712,0.494673,2172.528820455265,3.4902643286527444,2.8506447E-5,19.669231,0.025705734,0.24042629,0.0050759856,0.07673579,0.008335549,0.27298316,0.027076777,0.7451847,0.013647377,0.087978646,0.011303044,0.33409297,0.04814993,null,null,null,null,"TWOGAUSSIANS",8,2.782684,0.7451847,0.013647377,0.4,0.0,0.3285493,0.045456357,0.24042629,0.0050759856,0.4,0.0,0.26743954,0.022880232
375316653866487564,5928130465731618560,0.55048144,2204.11524529888,3.3279559816690925,9.209718E-6,18.200903,0.020764844,0.23816817,0.0056192805,0.10537352,0.011741426,0.2698502,0.019377336,0.7330319,0.0026812667,0.09417674,0.008657777,0.2616554,0.018091453,null,null,null,null,"TWOGAUSSIANS",8,3.3268614,0.23816817,0.0056192805,0.4,0.0,0.24829061,0.01112284,0.7330319,0.0026812667,0.4,0.0,0.24010254,0.0068889023
375316653866487564,5928130882385949568,0.63093626,2192.0492589099085,0.1548120085908432,1.1399622E-5,13.926004,0.0030881793,0.3326922,0.0022375877,0.022544796,0.0019782654,2.1145399,0.36190048,0.82669294,0.0030407608,0.018731033,0.003394619,0.06689307,0.006781788,0.018567568,0.0041952897,0.82669294,0.0030407608,"TWOGAUSSIANS_WITH_ELLIPSOIDAL_ON_ECLIPSE2",9,267.62024,0.3326922,0.0022377672,0.12625085,0.011078286,2.1516223,0.36477664,0.82669294,0.0030407608,0.10489379,0.019009868,0.10402819,0.0050839973
375316653866487564,5928130912429858176,0.48112592,2181.5437525918505,1.2140743572556587,1.9023018E-5,18.34268,0.0027547067,0.34165642,0.003874042,0.031369165,0.0041825315,0.14308181,0.0086314585,null,null,null,null,null,null,0.02291661,0.0041320412,0.34165642,0.003874042,"ONEGAUSSIAN_WITH_ELLIPSOIDAL",6,2.8540869,0.34165642,0.003874042,0.17566732,0.023422176,0.18891503,0.010029954,null,null,null,null,null,null
375316653866487564,5928131359084755200,0.5033924,2204.9360908357585,2.9839566389399157,1.9331228E-5,17.694601,0.20660275,0.22567756,0.01201888,0.13606748,0.059598748,0.26559886,0.19251597,0.69874555,0.007591898,0.12854274,0.035314437,0.33011928,0.19456962,null,null,null,null,"TWOGAUSSIANS",8,11.739956,0.69874555,0.007591898,0.4,0.0,0.24989471,0.026386881,0.22628757,0.010591999,0.4,0.0,0.18505174,0.01861109
375316653866487564,5928131672659991296,0.6061059,2249.5010575153296,2.309500818020734,7.591977E-6,15.324138,0.011784049,0.27579722,0.0027780028,0.08835736,0.0044902638,0.34026912,0.011989249,0.7773202,0.0023921956,0.084022425,0.004064393,0.38775092,0.011740371,null,null,null,null,"TWOGAUSSIANS",8,56.807167,0.7773202,0.0023921956,0.4,0.0,0.3772296,0.009022004,0.27579722,0.0027780028,0.4,0.0,0.32974774,0.009425689
375316653866487564,5928132428574252672,0.46731135,2236.4761158842875,0.585639090517168,3.0204292E-5,16.166937,0.0013766396,0.32543585,0.007550095,0.07515131,0.009789505,0.037910003,0.0023702034,0.82507086,0.010448527,0.07156039,0.008239546,0.043413658,0.0036126203,null,null,null,null,"TWOGAUSSIANS",8,4.2631574,0.82507086,0.010448527,0.4,0.037920073,0.043172434,0.0036115649,0.32543585,0.007550095,0.4,0.0,0.03766878,0.0023752537
375316653866487564,5928132428574255232,0.607749,2221.344183729886,1.7286182499100156,8.277228E-6,17.346813,0.006492419,0.23606431,0.0017015899,0.09286395,0.0032705937,0.22334167,0.0069303634,0.740924,0.0038578117,0.08298006,0.0050091855,0.31253985,0.0067947228,null,null,null,null,"TWOGAUSSIANS",8,3.0648885,0.740924,0.0038578117,0.4,0.0,0.30409178,0.004530603,0.23606431,0.0017015899,0.4,0.0,0.2148934,0.0049299207
375316653866487564,5928132978330098560,0.60164666,2224.6073064971906,2.3489858078077566,7.688755E-6,15.058153,0.005672216,0.25755712,0.012668337,0.05195125,0.015595607,0.13001297,0.023055034,0.77182406,0.0018975983,0.04894555,0.0061215693,0.1354699,0.021472225,0.13301049,0.013610274,0.77182406,0.0018975983,"TWOGAUSSIANS_WITH_ELLIPSOIDAL_ON_ECLIPSE2",9,106.24659,0.77182406,0.0018975983,0.2740951,0.03428079,0.40148932,0.018236037,0.2618871,0.008415731,0.290927,0.0873354,0.3945459,0.020650404
375316653866487564,5928134245302936320,0.46355155,2194.2289596457795,1.9821542741406115,1.3200724E-5,18.322678,0.007160808,0.2576268,0.0018401409,0.03583887,0.0045936587,0.15248118,0.040534124,0.74852955,0.04815956,0.05501496,0.072565556,0.053539973,0.016280377,null,null,null,null,"TWOGAUSSIANS",8,2.6689014,0.2576268,0.0018401409,0.20069766,0.02572449,0.15248115,0.040523563,0.74852955,0.04815956,0.30808377,0.17073508,0.05353995,0.016376063
375316653866487564,5928134966856715392,0.68387705,2202.493264532282,0.2591088807737448,2.6258672E-6,15.675712,0.004974478,0.08667458,0.0095796315,0.031859465,0.008005663,0.11943446,0.020026011,0.5786721,3.865527E-4,0.027493168,3.9025288E-4,1.1906223,0.013107163,0.034347847,0.006752819,0.08667458,0.0095796315,"TWOGAUSSIANS_WITH_ELLIPSOIDAL_ON_ECLIPSE1",9,51.60423,0.5787021,3.796138E-4,0.15396173,0.0021854162,1.259145,0.010563051,0.08667458,0.0095796315,0.178413,0.044831716,0.18813008,0.014358137
375316653866487564,5928135142980170880,0.5065166,2214.442422445421,3.015097750586187,2.4825122E-5,18.928648,0.007993941,0.27475518,0.0074411696,0.08090759,0.010489795,0.2651857,0.020936344,0.7587736,0.00810467,0.08307435,0.007246541,0.24569714,0.014939355,null,null,null,null,"TWOGAUSSIANS",8,3.065619,0.27475518,0.0074411696,0.4,0.0,0.26157364,0.021612681,0.7587736,0.00810467,0.4,0.0,0.24208508,0.014245698
375316653866487564,5928135177353499776,0.5721404,2196.355603583785,3.3694006447935747,1.0206456E-5,17.783785,0.01281476,0.24414203,0.0033865075,0.096702814,0.0064887,0.3911518,0.0155512355,0.7405645,0.0027462943,0.09742464,0.004221984,0.3896047,0.013412382,null,null,null,null,"TWOGAUSSIANS",8,5.5920067,0.24414203,0.0033865075,0.4,0.0,0.3641575,0.016682813,0.7405645,0.0027462943,0.4,0.0,0.36261013,0.008867629
375316653866487564,5928135280419116928,0.55142206,2226.531136523094,2.9556803700239493,7.684988E-6,18.961592,0.015881123,0.26736453,0.0019139602,0.08210516,0.0035021105,0.3694981,0.016058985,0.7654018,0.0037284628,0.08603517,0.006520468,0.31269428,0.015896216,null,null,null,null,"TWOGAUSSIANS",8,2.2276084,0.26736453,0.0019139602,0.4,0.0,0.3616313,0.012184743,0.7654018,0.0037284628,0.4,0.0,0.30482745,0.012690938
375316653866487564,5928135589657117184,0.51327044,2191.527467749436,2.8746670050147487,2.2703583E-5,18.216972,0.034106124,0.24421412,0.006154273,0.0990544,0.014326195,0.37523955,0.03311652,0.7340831,0.006796927,0.090016395,0.010514418,0.36302564,0.039869282,null,null,null,null,"TWOGAUSSIANS",8,15.639336,0.24421412,0.006154273,0.4,0.0,0.35586637,0.0328917,0.7340831,0.006796927,0.4,0.0,0.34365478,0.035202656
375316653866487564,5928136066368702976,0.552455,2216.590971013877,0.6831581805239682,8.752628E-5,17.75306,0.0018717587,0.20551938,1.5892656E-4,0.0133139165,2.8861436E-4,0.4436154,0.010088987,0.5806656,0.026086988,0.062876485,0.022791894,0.01196063,0.00449024,null,null,null,null,"TWOGAUSSIANS",8,2.2244623,0.20551938,1.5892656E-4,0.07455794,0.0016162405,0.4436154,0.010088987,0.5806656,0.026086988,0.3521083,0.1276346,0.01196063,0.00449024
