Gaia/vari_eclipsing_binary/VariEclipsingBinary_493805-494390.csv
# %ECSV 1.0
# ---
# delimiter: ','
# meta: !!omap
# - RELEASE: Gaia DR3
# - TABLE: vari_eclipsing_binary
# - DESCRIPTION: >
#     This table describes the properties of the eclipsing binaries resulting from the variability analysis. 
# - CITATION: >
#     How to cite and acknowledge Gaia: 
#     https://gea.esac.esa.int/archive/documentation/credits.html 
# - KNOWN_ISSUES: >
#     Known issues: 
#     https://www.cosmos.esa.int/web/gaia-users/known-issues 
# - DOCUMENTATION: >
#     Tutorials and documentation: 
#     https://www.cosmos.esa.int/web/gaia-users/archive 
# datatype:
# - 
#   name: solution_id
#   datatype: int64
#   description: Solution Identifier
#   meta:
#     ucd: meta.version
# - 
#   name: source_id
#   datatype: int64
#   description: Unique source identifier
#   meta:
#     ucd: meta.id;meta.main
# - 
#   name: global_ranking
#   datatype: float32
#   description: Number between 0 (worst) and 1 (best)
#   meta:
#     ucd: stat.param
# - 
#   name: reference_time
#   datatype: float64
#   unit: d
#   description: Reference time used for the geometric model fit
#   meta:
#     ucd: time.epoch
# - 
#   name: frequency
#   datatype: float64
#   unit: d**-1
#   description: Frequency of geometric model of the eclipsing binary light curve
#   meta:
#     ucd: src.orbital
# - 
#   name: frequency_error
#   datatype: float32
#   unit: d**-1
#   description: "Uncertainty of \\texttt{frequency}"
#   meta:
#     ucd: stat.error
# - 
#   name: geom_model_reference_level
#   datatype: float32
#   unit: mag
#   description: Magnitude reference level of geometric model
#   meta:
#     ucd: phot.mag;em.opt
# - 
#   name: geom_model_reference_level_error
#   datatype: float32
#   unit: mag
#   description: "Uncertainty of \\texttt{geomModelReferenceLevel}"
#   meta:
#     ucd: stat.error;phot.mag;em.opt
# - 
#   name: geom_model_gaussian1_phase
#   datatype: float32
#   description: Phase of the Gaussian 1 component
#   meta:
#     ucd: time.phase
# - 
#   name: geom_model_gaussian1_phase_error
#   datatype: float32
#   description: "Uncertainty of \\texttt{geomModelGaussian1Phase}"
#   meta:
#     ucd: stat.error;time.phase
# - 
#   name: geom_model_gaussian1_sigma
#   datatype: float32
#   description: "Standard deviation [phase] of Gaussian 1 component"
#   meta:
#     ucd: stat.stdev
# - 
#   name: geom_model_gaussian1_sigma_error
#   datatype: float32
#   description: "Uncertainty of \\texttt{geomModelGaussian1Sigma}"
#   meta:
#     ucd: stat.error
# - 
#   name: geom_model_gaussian1_depth
#   datatype: float32
#   unit: mag
#   description: Magnitude depth of Gaussian 1 component
#   meta:
#     ucd: src.var.amplitude
# - 
#   name: geom_model_gaussian1_depth_error
#   datatype: float32
#   unit: mag
#   description: "Uncertainty of \\texttt{geomModelGaussian1Depth}"
#   meta:
#     ucd: stat.error;src.var.amplitude
# - 
#   name: geom_model_gaussian2_phase
#   datatype: float32
#   description: Phase of Gaussian 2 component
#   meta:
#     ucd: time.phase
# - 
#   name: geom_model_gaussian2_phase_error
#   datatype: float32
#   description: "Uncertainty of \\texttt{geomModelGaussian2Phase}"
#   meta:
#     ucd: stat.error;time.phase
# - 
#   name: geom_model_gaussian2_sigma
#   datatype: float32
[...]
#   datatype: float32
#   description: "Secondary eclipse: uncertainty of \\texttt{derivedSecondaryEclDuration}"
#   meta:
#     ucd: stat.error;time.duration
# - 
#   name: derived_secondary_ecl_depth
#   datatype: float32
#   unit: mag
#   description: "Secondary eclipse: depth"
#   meta:
#     ucd: src.var.amplitude
# - 
#   name: derived_secondary_ecl_depth_error
#   datatype: float32
#   unit: mag
#   description: "Secondary eclipse: uncertainty of \\texttt{derivedSecondaryEclDepth}"
#   meta:
#     ucd: stat.error;src.var.amplitude
solution_id,source_id,global_ranking,reference_time,frequency,frequency_error,geom_model_reference_level,geom_model_reference_level_error,geom_model_gaussian1_phase,geom_model_gaussian1_phase_error,geom_model_gaussian1_sigma,geom_model_gaussian1_sigma_error,geom_model_gaussian1_depth,geom_model_gaussian1_depth_error,geom_model_gaussian2_phase,geom_model_gaussian2_phase_error,geom_model_gaussian2_sigma,geom_model_gaussian2_sigma_error,geom_model_gaussian2_depth,geom_model_gaussian2_depth_error,geom_model_cosine_half_period_amplitude,geom_model_cosine_half_period_amplitude_error,geom_model_cosine_half_period_phase,geom_model_cosine_half_period_phase_error,model_type,num_model_parameters,reduced_chi2,derived_primary_ecl_phase,derived_primary_ecl_phase_error,derived_primary_ecl_duration,derived_primary_ecl_duration_error,derived_primary_ecl_depth,derived_primary_ecl_depth_error,derived_secondary_ecl_phase,derived_secondary_ecl_phase_error,derived_secondary_ecl_duration,derived_secondary_ecl_duration_error,derived_secondary_ecl_depth,derived_secondary_ecl_depth_error
[from data line 291]
375316653866487564,4348236920682103296,0.57376313,2040.2184156848364,3.7479788719189053,6.38098E-6,17.41485,0.004919204,0.14630158,0.0027522186,0.08241553,0.003943741,0.23357548,0.009951186,0.64621526,0.0017015997,0.08283115,0.003115735,0.30896637,0.0062900097,null,null,null,null,"TWOGAUSSIANS",8,4.515447,0.64621526,0.0017015997,0.4,0.0,0.30345684,0.006303525,0.14630158,0.0027522186,0.4,0.0,0.22806595,0.010396725
375316653866487564,4348243071075200512,0.6070377,1990.926734598923,1.6916393262233937,7.984063E-6,16.558344,0.0134281,0.19359486,0.001679406,0.11838464,0.005192448,0.3090375,0.01232127,0.66874456,0.0021042058,0.10309304,0.0040908363,0.36752585,0.014329552,null,null,null,null,"TWOGAUSSIANS",8,5.98684,0.66874456,0.0021042058,0.4,0.0,0.32741892,0.010358853,0.19361486,0.0016781283,0.4,0.0,0.2688256,0.0046017966
375316653866487564,4348251592290745088,0.59332174,1988.3254733777142,2.3953580427467718,9.223095E-6,14.532346,0.007119156,0.18804364,0.0016457406,0.048343983,0.0054340228,0.1678953,0.027945004,0.68764544,0.009526167,0.044199724,0.012700866,0.1485613,0.018745102,0.09503199,0.009123618,0.18804364,0.0016457406,"TWOGAUSSIANS_WITH_ELLIPSOIDAL_ON_ECLIPSE1",9,114.38133,0.18804364,0.0016457406,0.2707263,0.030430527,0.35795894,0.029717961,0.6877154,0.008584873,0.24751846,0.071124844,0.33862394,0.012253755
375316653866487564,4348251592290746112,0.5498417,1979.6197059485692,2.3704834327064304,3.209156E-5,17.054707,0.023471514,0.24892372,0.0036697213,0.046202116,0.009304242,0.17950645,0.042217255,0.7476664,0.00469461,0.06807057,0.005883761,0.38530445,0.043786783,0.047618303,0.021604246,0.24892372,0.0036697213,"TWOGAUSSIANS_WITH_ELLIPSOIDAL_ON_ECLIPSE1",9,43.41423,0.7477664,0.0042335964,0.3811952,0.0286539,0.48014146,0.020192934,0.24892372,0.0036697213,0.25873184,0.052103754,0.27434894,0.009772463
375316653866487564,4348266641855849344,0.66230255,2006.4221639483653,0.3988020078669812,2.301161E-6,15.298202,0.0024370558,0.27227953,0.001958553,0.026961181,0.0018815816,0.09464218,0.0076249395,0.77100056,0.0010310984,0.029023163,6.982343E-4,0.7996531,0.026177837,0.018318854,0.003386855,0.27227953,0.001958553,"TWOGAUSSIANS_WITH_ELLIPSOIDAL_ON_ECLIPSE1",9,24.25114,0.77100056,0.0010305343,0.16252972,0.003910112,0.83628833,0.025650587,0.27227953,0.001958553,0.15098262,0.010536857,0.1312798,0.0053922636
375316653866487564,4348268974015001216,0.47225198,2051.735354263388,2.4816632325311647,4.667506E-5,18.281303,0.0054893224,0.6337924,0.028642798,0.043606684,0.020596206,0.5577453,0.19932662,0.8470845,0.03495076,0.028424101,0.028103063,0.056522995,0.9427254,null,null,null,null,"TWOGAUSSIANS",8,13.777739,0.6337924,0.028642798,0.24419741,0.11533876,0.5577453,0.19932662,0.8470845,0.03495076,0.15917496,0.15737715,0.056526557,0.94273984
375316653866487564,4348277568252656896,0.5622882,2075.980013269354,3.211015345019476,1.3644582E-5,17.66318,0.011774758,0.26867688,0.0057840985,0.09920914,0.009010039,0.24881886,0.011226777,0.77872586,0.0036714065,0.0880864,0.0062420373,0.27620313,0.015022239,null,null,null,null,"TWOGAUSSIANS",8,4.8287826,0.77872586,0.0036714065,0.4,0.0,0.26342002,0.014573899,0.26867688,0.0057840985,0.4,0.0,0.23603411,0.009433891
375316653866487564,4348306391770662144,0.54385644,1980.6322854070004,4.403385555092779,1.1210875E-5,19.470037,0.016646039,0.15939975,0.0018278072,0.07146415,0.0045380425,0.41585946,0.01583565,0.6515383,0.004682004,0.07519423,0.006666144,0.6167687,0.043152157,null,null,null,null,"TWOGAUSSIANS",8,2.2928462,0.6515383,0.004682004,0.4,0.0,0.6142389,0.043744113,0.15939975,0.0018278072,0.4,0.014812909,0.41332972,0.014981856
375316653866487564,4348317150671171712,0.5492951,1999.976492597662,2.9759293661557797,1.4099302E-5,17.382696,0.081626326,0.22800606,0.005917742,0.0654354,0.009650916,0.88256043,0.11982005,0.7547382,0.0058755977,0.054935023,0.019093918,0.3123037,0.16354878,0.057231028,0.08599853,0.7547382,0.0058755977,"TWOGAUSSIANS_WITH_ELLIPSOIDAL_ON_ECLIPSE2",9,63.225372,0.22910607,0.004500313,0.36643827,0.044726647,0.99383146,0.10768814,0.7547382,0.0058755977,0.3076361,0.10692594,0.42664275,0.024057008
375316653866487564,4348329378435698560,0.4489281,2022.038919001603,2.725361394049343,7.9183585E-5,18.322197,0.041505363,0.32667974,0.015340263,0.16172996,0.04088315,0.12881915,0.039883513,0.7455095,0.01845367,0.09737831,0.021837648,0.12843888,0.029595245,null,null,null,null,"TWOGAUSSIANS",8,7.428784,0.7455095,0.01845367,0.4,0.0,0.11309058,0.01611181,0.32678974,0.015190075,0.4,0.0,0.108776025,0.011355923
375316653866487564,4348331714897417344,0.5132757,2005.2067627092097,0.8928360099040401,1.99072E-5,17.979322,0.003148966,0.7254278,0.001173904,0.021159794,9.853065E-4,0.26516527,0.004534649,0.8517948,0.0218849,0.025487889,0.010279618,0.035700582,0.020626822,null,null,null,null,"TWOGAUSSIANS",8,4.366891,0.7254278,0.001173904,0.11849485,0.0055177165,0.26516542,0.004535225,0.8517948,0.0218849,0.14273217,0.057565864,0.035700586,0.020626817
375316653866487564,4348331822279608960,0.50401396,2006.287033880352,2.505296480439677,3.0180201E-5,14.017167,0.010485982,0.21967071,0.0047854893,0.093204536,0.009572565,0.14217211,0.010456124,0.71752805,0.0034363577,0.106934056,0.008999283,0.1472405,0.009705138,null,null,null,null,"TWOGAUSSIANS",8,140.0739,0.71752805,0.0034363577,0.4,0.0,0.13482608,0.0061307526,0.21967071,0.0047854893,0.4,0.0,0.12976281,0.008077529
375316653866487564,4348337044959879552,0.6269456,2001.1502843917199,3.3854590998226612,4.6629534E-6,17.378748,0.014517475,0.25179338,0.0020692507,0.051500916,0.0033613243,0.35886306,0.033220876,0.7470555,0.002181687,0.05716235,0.0039744037,0.46240684,0.029906176,0.10393327,0.018530324,0.25179338,0.0020692507,"TWOGAUSSIANS_WITH_ELLIPSOIDAL_ON_ECLIPSE1",9,12.733227,0.7475455,0.001884072,0.32010916,0.022256661,0.67008305,0.016632363,0.25179338,0.0020692507,0.28840512,0.018823417,0.5667043,0.0090670725
375316653866487564,4348350612754047744,0.5816906,1979.9221020696964,3.37888417913051,1.3561322E-5,18.199492,0.009430861,0.29891017,0.0030015262,0.07471278,0.0037586899,0.5266188,0.011561006,0.787159,0.003294231,0.072545774,0.004401139,0.59946376,0.016597487,null,null,null,null,"TWOGAUSSIANS",8,9.599873,0.787159,0.003294231,0.4,0.01335456,0.59678704,0.016832452,0.29891017,0.0030015262,0.4,0.0,0.52394205,0.011148103
375316653866487564,4348364017354557696,0.53846866,1982.3703399598146,2.6692007698566456,1.1876475E-5,16.867447,0.07726041,0.2341964,0.0029318267,0.12382837,0.025004579,0.23563163,0.07610063,0.7389676,0.003477629,0.1217071,0.025758674,0.24037717,0.07471353,null,null,null,null,"TWOGAUSSIANS",8,11.339177,0.7390076,0.0035534864,0.4,0.0,0.18299861,0.010354654,0.2341664,0.00296775,0.4,0.0,0.178221,0.010563669
375316653866487564,4348400296936056960,0.5003437,2161.5857808485744,1.1692694676642008,4.7084766E-5,17.622763,0.0054428717,0.19797333,0.01524839,0.055315368,0.081723,0.016167851,0.010573392,0.69598466,0.0016774382,0.0043674805,0.001126596,0.3565734,0.005789693,0.040813375,0.0062944107,0.19797333,0.01524839,"TWOGAUSSIANS_WITH_ELLIPSOIDAL_ON_ECLIPSE1",9,20.720507,0.69598466,0.0016774382,0.02445789,0.0063089374,0.43818682,0.0099740205,0.19797333,0.01524839,0.30976605,0.19371799,0.09779401,0.0121096615
375316653866487564,4348432771186912128,0.51444024,2142.559392158179,1.0076249703831093,7.5771815E-5,16.48065,0.006364981,0.117766276,0.009126851,0.013470992,0.004573077,0.4447863,0.113668345,0.81479937,0.04096504,0.020687386,0.05135213,0.08039202,508.7,null,null,null,null,"TWOGAUSSIANS",8,48.58142,0.117766276,0.009126851,0.07543756,0.02560923,0.4447863,0.113668345,0.81479937,0.04096504,0.11584936,0.2875719,0.08039202,508.7
375316653866487564,4348436413319854720,0.45932946,2184.62757291586,0.3697172731253768,5.219899E-5,19.179077,0.057519946,0.16946131,0.011873906,0.077607274,0.033096626,0.07347924,0.057139337,0.6702441,0.009565131,0.1271384,0.030158183,0.39805207,0.052355155,null,null,null,null,"TWOGAUSSIANS",8,1.6171429,0.6702441,0.009565131,0.4,0.0,0.37831688,0.04050055,0.16944131,0.012340394,0.4,0.06506588,0.05409289,0.022172775
375316653866487564,4348448679742081152,0.4082628,2134.6022808231983,0.13475796042728982,3.760971E-5,19.108139,0.017701933,0.24259536,0.0038608415,0.038161248,0.011278694,0.2977387,0.098313294,0.65544236,0.008392365,0.17028883,0.024425669,0.4428206,0.07661211,null,null,null,null,"TWOGAUSSIANS",8,6.4226127,0.65544236,0.008392365,0.4,0.0,0.42726782,0.08780037,0.24414536,0.0038556787,0.21370298,0.06316069,0.30702415,0.10272665
375316653866487564,4348454898858195584,0.4627261,1998.9292796327345,0.04256590967317765,1.9886422E-5,19.09932,0.020774776,0.58239025,0.0151335485,0.11449801,0.016540341,0.3339154,0.03348574,0.9218054,0.009459936,0.0639016,0.008226618,0.13680357,0.019879524,null,null,null,null,"TWOGAUSSIANS",8,4.0243278,0.58239025,0.0151335485,0.4,0.0,0.3334239,0.033160817,0.9218054,0.009459936,0.35784897,0.046069063,0.14043723,0.021355411
375316653866487564,4348463488793312640,0.47977585,2047.433918158325,0.40750413703318444,1.3563418E-4,14.117398,0.004480781,0.20992477,0.028478486,0.023818908,0.026153708,0.33200887,4.09738849E17,0.48255712,0.009285139,0.059774704,0.0074328687,0.07525928,0.019295497,0.012598643,0.0076051876,0.20992477,0.028478486,"TWOGAUSSIANS_WITH_ELLIPSOIDAL_ON_ECLIPSE1",9,399.78912,0.20992477,0.028478486,0.13338588,0.14646076,0.35720846,4.09738849E17,0.48487714,0.0088188015,0.33473834,0.04162406,0.07581691,0.019205546
375316653866487564,4348466267633964160,0.59277487,2036.867393274835,2.8604937103977472,2.0093128E-5,19.012337,0.0035148794,0.26667044,0.0044124178,0.031282753,0.002821742,0.7276194,0.03457607,0.7698695,0.0077534225,0.029389601,0.0035209996,0.45195338,0.04230152,null,null,null,null,"TWOGAUSSIANS",8,2.2570755,0.26667044,0.0044124178,0.17518343,0.015801756,0.7276194,0.03457607,0.7698695,0.0077534225,0.16458176,0.019717598,0.45195338,0.04230152
375316653866487564,4348470051503389568,0.49508005,2024.4172054288424,0.7981820095883867,1.19651395E-5,15.185448,0.003061569,0.5302995,0.0010895784,0.009870447,4.9919204E-4,0.29712656,0.041170493,0.78781444,0.034225293,0.070223734,0.03814068,0.01989564,0.0073174397,0.0045129145,0.0044305786,0.78781444,0.034225293,"TWOGAUSSIANS_WITH_ELLIPSOIDAL_ON_ECLIPSE2",9,57.72774,0.5302995,0.0010895784,0.055274505,0.0027954755,0.29713738,0.041167926,0.78781444,0.034225293,0.3932529,0.09338602,0.028888268,0.0065151313
375316653866487564,4348470322083165312,0.53937364,2026.9192649009299,4.1412622836671416,9.600098E-6,18.143229,0.010865932,0.31152162,0.013530086,0.08883014,0.011435875,0.16543144,0.016998265,0.7917869,0.0050097588,0.09568659,0.009623354,0.17970183,0.011087308,null,null,null,null,"TWOGAUSSIANS",8,2.2648258,0.7917869,0.0050097588,0.4,0.0,0.1731681,0.009343903,0.31152162,0.013530086,0.4,0.0,0.15889831,0.009428885
375316653866487564,4348489700975585408,0.5253841,2076.311160333263,0.7332141377603407,1.3289409E-5,17.560286,0.0013805677,null,null,null,null,null,null,null,null,null,null,null,null,0.05043303,0.0015454489,0.18271741,0.0036262863,"ELLIPSOIDAL",4,1.9060969,null,null,null,null,null,null,null,null,null,null,null,null
375316653866487564,4348528634858752000,0.565357,1994.3336640561217,3.819024825656697,1.1684478E-5,15.212461,0.008988101,0.28848368,0.0025107656,0.048414946,0.015282559,0.082104586,0.02294425,0.7803675,0.006174273,0.051617164,0.0124371145,0.18354976,0.13978042,0.1011352,0.011654762,0.28848368,0.0025107656,"TWOGAUSSIANS_WITH_ELLIPSOIDAL_ON_ECLIPSE1",9,108.53632,0.7818975,0.0050848955,0.28905612,0.06964784,0.38539094,0.14249381,0.28848368,0.0025107656,0.27112368,0.08558233,0.28437257,0.023972284
375316653866487564,4348569797825771264,0.48966113,2041.4663358565454,1.0815805157436413,8.817518E-6,14.510513,0.013821335,0.26248083,0.0029838802,0.23431407,0.034156993,0.37793908,0.023025824,0.76607597,0.0032413716,0.19145826,0.02905605,0.3063168,0.061137423,null,null,null,null,"TWOGAUSSIANS",8,12.371479,0.25931084,0.002370353,0.4,0.0,0.055160493,0.0024444067,0.771486,0.0037012552,0.4,0.0,0.040823247,0.002205777
375316653866487564,4348589314157125888,0.6395345,2042.2153611604251,4.524050800002896,4.1485337E-6,16.062374,0.0106179705,0.309368,0.001465279,0.04939132,0.002882473,0.67861474,0.03505075,0.80281645,0.0019579036,0.04429702,0.003518739,0.2945069,0.023820657,0.10946927,0.014649015,0.309368,0.001465279,"TWOGAUSSIANS_WITH_ELLIPSOIDAL_ON_ECLIPSE1",9,27.311687,0.309368,0.001465279,0.27659142,0.016141849,0.89755106,0.03234926,0.8034964,0.0017571516,0.24806331,0.01970494,0.5131107,0.011644532
375316653866487564,4348621852829214592,0.56717664,2012.414412737718,2.26637275357414,9.421918E-6,17.6646,0.004590234,0.20652063,0.0018060113,0.06150089,0.002946266,0.11672531,0.004625309,0.7075102,0.003848304,0.060919795,0.0043044584,0.23482862,0.005518664,null,null,null,null,"TWOGAUSSIANS",8,3.0221822,0.7075102,0.003848304,0.34115085,0.024104968,0.23475261,0.005495711,0.20652063,0.0018060113,0.34440497,0.01649909,0.1166493,0.0045827283
375316653866487564,4348707923976542336,0.5936309,1999.8229840735992,2.154849299925085,1.0995604E-5,17.088705,0.003913977,0.1961848,0.001011794,0.03939876,0.0020212329,0.48273754,0.017215032,0.6968266,0.0026629402,0.04792589,0.002892009,0.5293724,0.01147832,null,null,null,null,"TWOGAUSSIANS",8,16.04268,0.6968266,0.0026629402,0.268385,0.01619525,0.52937233,0.011478361,0.1961848,0.001011794,0.22063306,0.011318904,0.48273748,0.017215068
