Gaia/vari_eclipsing_binary/VariEclipsingBinary_460709-460719.csv
# %ECSV 1.0
# ---
# delimiter: ','
# meta: !!omap
# - RELEASE: Gaia DR3
# - TABLE: vari_eclipsing_binary
# - DESCRIPTION: >
#     This table describes the properties of the eclipsing binaries resulting from the variability analysis. 
# - CITATION: >
#     How to cite and acknowledge Gaia: 
#     https://gea.esac.esa.int/archive/documentation/credits.html 
# - KNOWN_ISSUES: >
#     Known issues: 
#     https://www.cosmos.esa.int/web/gaia-users/known-issues 
# - DOCUMENTATION: >
#     Tutorials and documentation: 
#     https://www.cosmos.esa.int/web/gaia-users/archive 
# datatype:
# - 
#   name: solution_id
#   datatype: int64
#   description: Solution Identifier
#   meta:
#     ucd: meta.version
# - 
#   name: source_id
#   datatype: int64
#   description: Unique source identifier
#   meta:
#     ucd: meta.id;meta.main
# - 
#   name: global_ranking
#   datatype: float32
#   description: Number between 0 (worst) and 1 (best)
#   meta:
#     ucd: stat.param
# - 
#   name: reference_time
#   datatype: float64
#   unit: d
#   description: Reference time used for the geometric model fit
#   meta:
#     ucd: time.epoch
# - 
#   name: frequency
#   datatype: float64
#   unit: d**-1
#   description: Frequency of geometric model of the eclipsing binary light curve
#   meta:
#     ucd: src.orbital
# - 
#   name: frequency_error
#   datatype: float32
#   unit: d**-1
#   description: "Uncertainty of \\texttt{frequency}"
#   meta:
#     ucd: stat.error
# - 
#   name: geom_model_reference_level
#   datatype: float32
#   unit: mag
#   description: Magnitude reference level of geometric model
#   meta:
#     ucd: phot.mag;em.opt
# - 
#   name: geom_model_reference_level_error
#   datatype: float32
#   unit: mag
#   description: "Uncertainty of \\texttt{geomModelReferenceLevel}"
#   meta:
#     ucd: stat.error;phot.mag;em.opt
# - 
#   name: geom_model_gaussian1_phase
#   datatype: float32
#   description: Phase of the Gaussian 1 component
#   meta:
#     ucd: time.phase
# - 
#   name: geom_model_gaussian1_phase_error
#   datatype: float32
#   description: "Uncertainty of \\texttt{geomModelGaussian1Phase}"
#   meta:
#     ucd: stat.error;time.phase
# - 
#   name: geom_model_gaussian1_sigma
#   datatype: float32
#   description: "Standard deviation [phase] of Gaussian 1 component"
#   meta:
#     ucd: stat.stdev
# - 
#   name: geom_model_gaussian1_sigma_error
#   datatype: float32
#   description: "Uncertainty of \\texttt{geomModelGaussian1Sigma}"
#   meta:
#     ucd: stat.error
# - 
#   name: geom_model_gaussian1_depth
#   datatype: float32
#   unit: mag
#   description: Magnitude depth of Gaussian 1 component
#   meta:
#     ucd: src.var.amplitude
# - 
#   name: geom_model_gaussian1_depth_error
#   datatype: float32
#   unit: mag
#   description: "Uncertainty of \\texttt{geomModelGaussian1Depth}"
#   meta:
#     ucd: stat.error;src.var.amplitude
# - 
#   name: geom_model_gaussian2_phase
#   datatype: float32
#   description: Phase of Gaussian 2 component
#   meta:
#     ucd: time.phase
# - 
#   name: geom_model_gaussian2_phase_error
#   datatype: float32
#   description: "Uncertainty of \\texttt{geomModelGaussian2Phase}"
#   meta:
#     ucd: stat.error;time.phase
# - 
#   name: geom_model_gaussian2_sigma
#   datatype: float32
[...]
#   datatype: float32
#   description: "Secondary eclipse: uncertainty of \\texttt{derivedSecondaryEclDuration}"
#   meta:
#     ucd: stat.error;time.duration
# - 
#   name: derived_secondary_ecl_depth
#   datatype: float32
#   unit: mag
#   description: "Secondary eclipse: depth"
#   meta:
#     ucd: src.var.amplitude
# - 
#   name: derived_secondary_ecl_depth_error
#   datatype: float32
#   unit: mag
#   description: "Secondary eclipse: uncertainty of \\texttt{derivedSecondaryEclDepth}"
#   meta:
#     ucd: stat.error;src.var.amplitude
solution_id,source_id,global_ranking,reference_time,frequency,frequency_error,geom_model_reference_level,geom_model_reference_level_error,geom_model_gaussian1_phase,geom_model_gaussian1_phase_error,geom_model_gaussian1_sigma,geom_model_gaussian1_sigma_error,geom_model_gaussian1_depth,geom_model_gaussian1_depth_error,geom_model_gaussian2_phase,geom_model_gaussian2_phase_error,geom_model_gaussian2_sigma,geom_model_gaussian2_sigma_error,geom_model_gaussian2_depth,geom_model_gaussian2_depth_error,geom_model_cosine_half_period_amplitude,geom_model_cosine_half_period_amplitude_error,geom_model_cosine_half_period_phase,geom_model_cosine_half_period_phase_error,model_type,num_model_parameters,reduced_chi2,derived_primary_ecl_phase,derived_primary_ecl_phase_error,derived_primary_ecl_duration,derived_primary_ecl_duration_error,derived_primary_ecl_depth,derived_primary_ecl_depth_error,derived_secondary_ecl_phase,derived_secondary_ecl_phase_error,derived_secondary_ecl_duration,derived_secondary_ecl_duration_error,derived_secondary_ecl_depth,derived_secondary_ecl_depth_error
[from data line 1358]
375316653866487564,4052522439642437120,0.5022922,2145.749400941265,0.4466727915438902,1.899183E-5,18.199013,0.02870686,0.3701808,0.033555634,0.09824751,0.03717936,0.16262253,0.03854577,0.88163596,0.005863142,0.07678387,0.013038395,0.19140565,0.027065415,null,null,null,null,"TWOGAUSSIANS",8,1.7672998,0.88163596,0.005862757,0.4,0.0,0.18656826,0.017349219,0.3701808,0.033555634,0.4,0.0071696476,0.15778422,0.03361105
375316653866487564,4052522478209356672,0.44087514,2246.9884981992222,1.6128073572528123,1.2870367E-4,18.591877,0.06172437,0.35223866,0.024995612,0.19934626,0.06412435,0.20430464,0.0600857,0.83568144,0.026376486,0.031126486,0.025803285,0.08152796,0.0817788,null,null,null,null,"TWOGAUSSIANS",8,7.631246,0.35223866,0.024995612,0.4,0.0,0.1792296,0.023345632,0.83568144,0.026376486,0.17430831,0.1444984,0.0743609,0.08584853
375316653866487564,4052522542721250304,0.45766655,2259.012843993934,0.037580562728733634,1.6359209E-5,18.779663,0.008335555,0.89979666,0.003860197,0.014283767,0.004639837,0.10739625,0.08581514,null,null,null,null,null,null,0.06101986,0.016539076,0.89979666,0.003860197,"ONEGAUSSIAN_WITH_ELLIPSOIDAL",6,3.3548214,0.89979666,0.003860197,0.0799891,0.025983088,0.22943586,0.09250075,null,null,null,null,null,null
375316653866487564,4052522546870718464,0.45073122,2215.5825774044256,0.11738336404281374,3.7273174E-5,18.844254,0.008300758,0.29679045,0.008828336,0.07668115,0.015257908,0.30125338,0.016547311,0.81007665,0.029688198,0.08586057,0.01610449,0.24037181,0.021618042,null,null,null,null,"TWOGAUSSIANS",8,4.489503,0.29679045,0.008828336,0.4,7.769895E-4,0.29761115,0.019016998,0.81007665,0.029688198,0.4,0.0,0.23672955,0.016638948
375316653866487564,4052522787389237248,0.43924424,2230.1404285995104,0.6144595033293274,2.9331124E-5,19.152393,0.1776084,0.382737,0.008676395,0.07224886,0.059426006,0.40949172,0.16186388,0.9254683,0.007004164,0.05757198,0.027046455,0.39453644,0.15823713,null,null,null,null,"TWOGAUSSIANS",8,7.381134,0.382737,0.008676395,0.4,0.04882508,0.40936345,0.15546975,0.9254683,0.0069743004,0.32240307,0.10085329,0.39440817,0.1286921
375316653866487564,4052522920669426432,0.53770584,2168.491913630382,0.24507225820086903,4.6487137E-5,19.139624,0.03280512,0.24958552,0.014847941,0.14250292,0.015906662,0.40037894,0.038475394,0.7977438,0.0037985165,0.079644896,0.023817906,0.37841383,0.05327424,null,null,null,null,"TWOGAUSSIANS",8,2.1812496,0.24958552,0.014847941,0.4,0.0,0.3646995,0.0192095,0.7986338,0.0035555342,0.4,0.048714466,0.3456288,0.07312236
375316653866487564,4052522959246097408,0.45084697,2174.0738405735015,0.5177836944865015,1.1384212E-4,18.834146,0.015083116,0.31137183,0.027657969,0.084339045,0.031654045,0.10746102,0.01998457,0.718514,0.018635359,0.10015597,0.016865952,0.191836,0.056067195,null,null,null,null,"TWOGAUSSIANS",8,2.3292944,0.718514,0.018635359,0.4,0.0,0.1901616,0.057217263,0.31150183,0.027597649,0.4,0.0,0.105835326,0.018665442
375316653866487564,4052523023751352832,0.49652287,2206.389573022334,4.000892034799853,1.3104737E-5,19.28081,0.037973825,0.3465322,0.08700075,0.06530226,0.03233803,1.0658004,1.0974255,0.83481854,0.0076044523,0.088428885,0.017260775,0.46808013,0.14103402,null,null,null,null,"TWOGAUSSIANS",8,0.96004015,0.3465322,0.08700075,0.36569265,0.18006168,1.060722,1.0978577,0.83481854,0.0076044523,0.4,0.0,0.4630016,0.14255911
375316653866487564,4052523023751444864,0.47908217,2271.1727289420046,0.24113182988368873,2.479661E-5,19.066708,0.0773424,0.2682337,0.012762218,0.08582484,0.03091872,0.25833946,0.09803284,0.8134403,0.042376135,0.07007218,0.06028466,0.18347749,0.08689753,null,null,null,null,"TWOGAUSSIANS",8,2.5000226,0.2682337,0.012760299,0.4,0.0,0.25736588,0.0901369,0.8134403,0.042367354,0.3924042,0.10554359,0.18250412,0.02754841
375316653866487564,4052523058108002944,0.4542444,2252.261454604047,3.2905795549594226,1.9277713E-5,18.923138,0.070523076,0.14577214,0.0064301183,0.07231004,0.022042893,0.2795666,0.1697379,0.6947763,0.038853914,0.0978649,0.045348756,0.17464264,0.09182407,null,null,null,null,"TWOGAUSSIANS",8,5.873537,0.14577214,0.0063356967,0.4,0.066973954,0.27727062,0.16569194,0.6947763,0.038853914,0.4,0.015964441,0.17234237,0.07650928
375316653866487564,4052523234066270848,0.437967,2236.9623379758323,0.5612828996565108,6.9300935E-5,18.986095,0.04101563,0.17678568,0.020104246,0.024427658,0.01791819,0.4934914,1.1256127,0.7317943,0.012535604,0.07857786,0.034444034,0.26002166,0.075205155,null,null,null,null,"TWOGAUSSIANS",8,12.7668915,0.17678568,0.020104246,0.13679488,0.100341864,0.4934912,1.125618,0.7317943,0.012535604,0.4,0.057739478,0.26002142,0.075210266
375316653866487564,4052523264090405632,0.4621859,2275.8902615650054,0.1222127363582793,1.6354734E-5,17.452534,0.008086167,0.14620152,0.0064171297,0.018439174,0.009679265,0.11749107,0.4313653,0.64505845,0.0017076322,0.012511409,0.0028842546,0.27863288,0.16676874,0.032626458,0.01290239,0.14620152,0.0064171297,"TWOGAUSSIANS_WITH_ELLIPSOIDAL_ON_ECLIPSE1",9,6.1088004,0.64505845,0.0016920039,0.07006389,0.016151827,0.34388235,0.17564939,0.14620152,0.0064171297,0.10325938,0.054203887,0.18274388,0.44565085
375316653866487564,4052523268484226432,0.4697871,2235.6244201557297,1.2198803116619044,4.597649E-5,18.88442,0.16567396,0.16783404,0.010899704,0.11553703,0.038844384,0.30333665,0.17502916,0.6592369,0.023822214,0.11305149,0.05788711,0.24095654,0.15669763,null,null,null,null,"TWOGAUSSIANS",8,2.9831595,0.16785404,0.010834124,0.4,0.0,0.25787482,0.040864218,0.6592369,0.023827793,0.4,0.0,0.19552058,0.043721236
375316653866487564,4052523337203298048,0.46410754,2241.4056142183563,0.21036293783537122,9.616413E-6,18.275017,0.008207094,0.23764221,6.495165E-6,0.0074939886,2.22504E-4,2.9459653,0.44344625,0.5215216,0.028532932,0.06815677,0.022591842,0.181196,0.037380565,null,null,null,null,"TWOGAUSSIANS",8,4.8435493,0.23764221,6.495165E-6,0.041966338,0.0012460223,2.9459963,0.44340426,0.5215216,0.028532932,0.38167793,0.063350074,0.181196,0.037380558
375316653866487564,4052523367349132032,0.57831514,2126.285732461922,4.0148820438767725,1.6599857E-4,19.436754,0.011935445,0.31274575,0.03362058,0.04116038,0.043312695,0.67947197,0.699642,0.8138362,0.0057450063,0.042205572,0.006621348,0.4004527,0.045048792,null,null,null,null,"TWOGAUSSIANS",8,0.76468146,0.31274575,0.03362058,0.23049812,0.20857269,0.67947197,0.6997021,0.8138362,0.0057450063,0.2363512,0.03707955,0.40045267,0.045044385
375316653866487564,4052523367349329408,0.6495603,2249.6679818522584,1.801248742604725,4.720344E-6,15.698739,0.006631182,0.20803693,0.002688658,0.05012814,0.0035060178,0.21661577,0.015483215,0.71743387,0.004328501,0.0459458,0.0064640837,0.16480921,0.024863094,0.092008576,0.0074609746,0.71743387,0.004328501,"TWOGAUSSIANS_WITH_ELLIPSOIDAL_ON_ECLIPSE2",9,15.87658,0.20938693,0.002069854,0.28071758,0.0196337,0.40008396,0.010387516,0.71743387,0.004328501,0.25729647,0.03619887,0.34882596,0.02630781
375316653866487564,4052523474642213504,0.5523438,2239.2164449455036,1.1881032433775653,1.4143348E-5,17.176208,0.019218266,0.3148343,0.0072649117,0.090282686,0.008934721,0.5174242,0.031121025,0.8105247,0.0053737075,0.080703795,0.008011729,0.24867259,0.02191172,null,null,null,null,"TWOGAUSSIANS",8,15.224893,0.3148343,0.0072649117,0.4,0.0,0.5080413,0.032735575,0.8105247,0.0053737075,0.4,0.0,0.23928994,0.017635753
375316653866487564,4052523543362946432,0.47829074,2209.773193839089,0.10513007629996139,2.7732463E-5,18.41648,0.5650302,0.12606649,0.018037667,0.13402073,0.059332997,0.6698244,0.53383833,0.58265007,0.014378116,0.13525674,0.07590353,0.6745604,0.5413649,null,null,null,null,"TWOGAUSSIANS",8,3.5949063,0.58265007,0.014378116,0.4,0.0,0.5012981,0.14195384,0.12746648,0.013812086,0.4,0.0,0.49686882,0.14755565
375316653866487564,4052523642229699200,0.4466189,2266.821697102884,0.21727515856453694,1.036902E-4,18.204042,0.008716237,0.3740277,0.03261947,0.04688312,0.024804018,0.15144521,0.19045351,0.658245,0.017660517,0.040465802,0.014681182,0.13069142,0.0854299,null,null,null,null,"TWOGAUSSIANS",8,6.8415546,0.3740277,0.03261947,0.2625455,0.1389025,0.15144521,0.1904535,0.658245,0.017660517,0.2266085,0.082214616,0.13069142,0.08542989
375316653866487564,4052523646384222720,0.44010094,2287.2028992335972,0.27822534290599066,4.8257567E-5,17.880655,0.0061547533,null,null,null,null,null,null,null,null,null,null,null,null,0.06462666,0.008231305,0.29800132,0.009934944,"ELLIPSOIDAL",4,13.7768,null,null,null,null,null,null,null,null,null,null,null,null
375316653866487564,4052523646442361856,0.6549664,2276.909837366926,1.302625070263359,5.7705006E-6,14.692425,0.009091272,0.21642388,0.010062661,0.07655472,0.005760034,0.4710043,0.0786659,0.7305146,0.0019006762,0.0915937,0.0030541942,0.43358278,0.0112273805,null,null,null,null,"TWOGAUSSIANS",8,60.186848,0.21642388,0.010062661,0.4,0.0,0.4626388,0.07755097,0.7305146,0.0019006762,0.4,0.0,0.42521688,0.009111099
375316653866487564,4052523745308742784,0.485832,2219.2089356102974,0.408511855633191,2.0185764E-5,18.599602,0.05983702,0.079090774,0.0016570141,0.019720983,0.001990555,0.097754,0.002828814,0.5720591,0.019942444,0.18873782,0.06587421,0.20395541,0.051398784,null,null,null,null,"TWOGAUSSIANS",8,3.3978853,0.5720591,0.019942444,0.4,0.0,0.18789896,0.022053903,0.07915077,0.0015170422,0.110437505,0.011147109,0.093955256,0.0015298264
375316653866487564,4052523779668794624,0.53079283,2221.1358754660705,3.641367921085341,4.7461668E-5,17.819183,0.08098065,0.42906284,0.008302664,0.18614428,0.03504855,0.43499434,0.07374042,0.8827644,0.013896334,0.04223212,0.025256816,0.08956171,0.049524907,null,null,null,null,"TWOGAUSSIANS",8,15.755764,0.42906284,0.008302664,0.4,0.0,0.3999348,0.028012432,0.8827644,0.013896334,0.23649986,0.14143817,0.082673654,0.044069454
375316653866487564,4052523917122656384,0.4894097,2245.0435216737224,0.35593848301708675,1.5798371E-4,18.855577,0.06589552,0.22725199,0.03625938,0.06949627,0.038469005,0.32600328,0.8299941,0.70447993,0.027512627,0.16929698,0.07732273,0.16218045,0.062250532,null,null,null,null,"TWOGAUSSIANS",8,3.307407,0.227642,0.036006715,0.3891791,0.2133337,0.29915273,0.8529075,0.70447993,0.027512627,0.4,0.0,0.13089462,0.009472665
375316653866487564,4052523921261417216,0.460806,2334.7142118788383,0.7449986234845732,6.543843E-5,17.532671,0.009162602,0.16576543,0.022857517,0.068858825,0.040265042,0.03724988,0.00890247,0.7677553,0.035977885,0.037266165,0.017637381,0.09549441,0.029662073,null,null,null,null,"TWOGAUSSIANS",8,3.9781973,0.7677553,0.035977885,0.20869051,0.09876934,0.095494404,0.02965797,0.16576543,0.022857517,0.3856094,0.12841825,0.03724987,0.008901146
375316653866487564,4052523951482360064,0.46838412,2242.959525651911,0.05047435001110738,9.4742965E-5,18.894667,0.027260708,0.18343064,0.026275698,0.050393075,0.01494227,0.47868228,0.13531986,0.7842864,0.025836188,0.03911462,0.054011174,0.12410538,0.9442098,0.07148689,0.026795115,0.7842864,0.025836188,"TWOGAUSSIANS_WITH_ELLIPSOIDAL_ON_ECLIPSE2",9,20.14795,0.18791065,0.024890793,0.2822012,0.08367671,0.57344407,0.1327395,0.7842864,0.025836188,0.21904187,0.2368517,0.26707882,0.9343316
375316653866487564,4052523951482526336,0.5203762,2256.6438911362043,0.13649559727304778,2.3145369E-5,19.034288,0.26205903,0.3705048,0.10144136,0.13766898,0.05999795,0.45954964,0.23747583,0.8652183,0.06636669,0.14187112,0.09787291,0.35222918,0.25356144,null,null,null,null,"TWOGAUSSIANS",8,1.1817605,0.3706848,0.10127164,0.4,0.0,0.30497852,0.13566293,0.8652183,0.06636669,0.4,0.09428399,0.19749905,0.043900184
375316653866487564,4052524020005002112,0.46643075,2272.8109934577483,3.4975488704458186,2.835974E-5,17.361315,0.037234504,0.2915083,0.013433156,0.10483066,0.022565933,0.25193802,0.043980587,0.821059,0.011533132,0.09147015,0.024407601,0.22546996,0.03720046,null,null,null,null,"TWOGAUSSIANS",8,32.571217,0.2915083,0.013433508,0.4,0.0,0.2393895,0.033087283,0.821079,0.011535977,0.4,0.0,0.21293241,0.03179021
375316653866487564,4052524058758306048,0.49012098,2258.339766463841,0.050608381435594645,5.2316005E-5,18.67418,0.00483223,0.18914317,0.0011484083,0.029644625,0.0028861319,0.17814797,0.023060411,0.7723068,0.043060586,0.041284632,0.039658774,0.16838486,0.051719222,null,null,null,null,"TWOGAUSSIANS",8,2.4641614,0.18914317,0.0011484083,0.1660099,0.016162338,0.17814797,0.023060411,0.7723068,0.043060586,0.23119394,0.22208913,0.16838486,0.051719222
375316653866487564,4052524058758386304,0.46246502,2300.055830311915,0.040606921553249936,3.0893338E-5,18.751938,0.023669112,0.32313803,0.032185335,0.04585529,0.038674843,0.16184008,0.044733968,0.71833056,0.010417861,0.13040127,0.019641317,0.3238586,0.043286186,null,null,null,null,"TWOGAUSSIANS",8,5.5941343,0.71833056,0.010417861,0.4,0.0,0.32249317,0.044774685,0.32414803,0.031530224,0.25678962,0.15871844,0.16380064,0.04775638
375316653866487564,4052524088735080448,0.54308426,2266.5314619813566,0.7725093250856291,9.072203E-5,15.995357,0.007305107,0.20237073,0.0073829535,0.032964546,0.0071825287,0.081158385,0.020721115,0.7061556,0.03082018,0.047567736,0.017803472,0.3770293,0.04634793,0.026301738,0.010254331,0.20237073,0.0073829535,"TWOGAUSSIANS_WITH_ELLIPSOIDAL_ON_ECLIPSE1",9,71.308914,0.7061556,0.029744217,0.26637933,0.09969944,0.42960274,0.04450007,0.20237073,0.0073829535,0.18460146,0.04022216,0.1337616,0.015506826
375316653866487564,4052524127419915008,0.5151242,2288.4213289346926,0.05776854167272488,8.0993224E-5,18.869015,0.016323,0.22035202,0.030213695,0.048260346,0.045172505,0.3896647,0.1455635,0.68801576,0.012488208,0.07706952,0.013570835,0.57897025,0.251048,null,null,null,null,"TWOGAUSSIANS",8,6.627738,0.68801576,0.012488208,0.4,0.033567395,0.57885325,0.25176662,0.22035202,0.030213695,0.27025795,0.16035813,0.38954768,0.14845717
375316653866487564,4052524127477949568,0.5995888,2275.949050925237,1.6035807528807347,1.4529422E-5,17.701073,0.010597387,0.2742231,0.00258405,0.09022984,0.0036502408,0.3701196,0.01719381,0.7698125,0.0035547835,0.08648551,0.009172698,0.30374682,0.012409964,null,null,null,null,"TWOGAUSSIANS",8,3.7180312,0.2742231,0.00258405,0.4,0.0,0.3586935,0.014938578,0.7698125,0.0035547835,0.4,0.0,0.29232088,0.01485418
375316653866487564,4052524191995006976,0.50449824,2278.035722780599,1.8739466076857576,5.233774E-5,17.68635,0.016664516,0.24167001,0.003940931,0.056213092,0.0063288924,0.31051305,0.04209106,0.77197915,0.014202492,0.07257361,0.030478315,0.11064478,0.013978194,null,null,null,null,"TWOGAUSSIANS",8,14.4164295,0.24167001,0.003940931,0.31479332,0.035441797,0.3104423,0.04196766,0.77197915,0.014202492,0.4,0.053769242,0.11057404,0.013305571
375316653866487564,4052524226198046464,0.56584907,2237.9877907362843,0.6596427673758644,2.7558348E-5,17.10604,0.0061347545,0.2624891,0.013815143,0.060067195,0.013082297,0.27871716,0.0225561,0.75775385,0.005688075,0.075177506,0.012315106,0.10062989,0.0072654816,null,null,null,null,"TWOGAUSSIANS",8,6.9370728,0.2624891,0.013815143,0.33637628,0.07326086,0.27842414,0.022432351,0.75775385,0.005688075,0.4,0.020209674,0.10033687,0.0075091696
375316653866487564,4052524295074240128,0.48345372,2278.7256258246653,0.3369298782816578,3.8034636E-5,18.787045,0.015165742,0.1279693,0.016685855,0.10087425,0.016947001,0.0735223,0.018993123,0.57105863,0.014764854,0.019136837,0.010658504,0.18420924,0.049260847,null,null,null,null,"TWOGAUSSIANS",8,1.8094778,0.57105863,0.014764854,0.10716628,0.059687622,0.18421124,0.049263403,0.1279693,0.016685855,0.4,0.0,0.07351953,0.018981472
