Gaia/vari_eclipsing_binary/VariEclipsingBinary_688196-688229.csv
# %ECSV 1.0
# ---
# delimiter: ','
# meta: !!omap
# - RELEASE: Gaia DR3
# - TABLE: vari_eclipsing_binary
# - DESCRIPTION: >
#     This table describes the properties of the eclipsing binaries resulting from the variability analysis. 
# - CITATION: >
#     How to cite and acknowledge Gaia: 
#     https://gea.esac.esa.int/archive/documentation/credits.html 
# - KNOWN_ISSUES: >
#     Known issues: 
#     https://www.cosmos.esa.int/web/gaia-users/known-issues 
# - DOCUMENTATION: >
#     Tutorials and documentation: 
#     https://www.cosmos.esa.int/web/gaia-users/archive 
# datatype:
# - 
#   name: solution_id
#   datatype: int64
#   description: Solution Identifier
#   meta:
#     ucd: meta.version
# - 
#   name: source_id
#   datatype: int64
#   description: Unique source identifier
#   meta:
#     ucd: meta.id;meta.main
# - 
#   name: global_ranking
#   datatype: float32
#   description: Number between 0 (worst) and 1 (best)
#   meta:
#     ucd: stat.param
# - 
#   name: reference_time
#   datatype: float64
#   unit: d
#   description: Reference time used for the geometric model fit
#   meta:
#     ucd: time.epoch
# - 
#   name: frequency
#   datatype: float64
#   unit: d**-1
#   description: Frequency of geometric model of the eclipsing binary light curve
#   meta:
#     ucd: src.orbital
# - 
#   name: frequency_error
#   datatype: float32
#   unit: d**-1
#   description: "Uncertainty of \\texttt{frequency}"
#   meta:
#     ucd: stat.error
# - 
#   name: geom_model_reference_level
#   datatype: float32
#   unit: mag
#   description: Magnitude reference level of geometric model
#   meta:
#     ucd: phot.mag;em.opt
# - 
#   name: geom_model_reference_level_error
#   datatype: float32
#   unit: mag
#   description: "Uncertainty of \\texttt{geomModelReferenceLevel}"
#   meta:
#     ucd: stat.error;phot.mag;em.opt
# - 
#   name: geom_model_gaussian1_phase
#   datatype: float32
#   description: Phase of the Gaussian 1 component
#   meta:
#     ucd: time.phase
# - 
#   name: geom_model_gaussian1_phase_error
#   datatype: float32
#   description: "Uncertainty of \\texttt{geomModelGaussian1Phase}"
#   meta:
#     ucd: stat.error;time.phase
# - 
#   name: geom_model_gaussian1_sigma
#   datatype: float32
#   description: "Standard deviation [phase] of Gaussian 1 component"
#   meta:
#     ucd: stat.stdev
# - 
#   name: geom_model_gaussian1_sigma_error
#   datatype: float32
#   description: "Uncertainty of \\texttt{geomModelGaussian1Sigma}"
#   meta:
#     ucd: stat.error
# - 
#   name: geom_model_gaussian1_depth
#   datatype: float32
#   unit: mag
#   description: Magnitude depth of Gaussian 1 component
#   meta:
#     ucd: src.var.amplitude
# - 
#   name: geom_model_gaussian1_depth_error
#   datatype: float32
#   unit: mag
#   description: "Uncertainty of \\texttt{geomModelGaussian1Depth}"
#   meta:
#     ucd: stat.error;src.var.amplitude
# - 
#   name: geom_model_gaussian2_phase
#   datatype: float32
#   description: Phase of Gaussian 2 component
#   meta:
#     ucd: time.phase
# - 
#   name: geom_model_gaussian2_phase_error
#   datatype: float32
#   description: "Uncertainty of \\texttt{geomModelGaussian2Phase}"
#   meta:
#     ucd: stat.error;time.phase
# - 
#   name: geom_model_gaussian2_sigma
#   datatype: float32
[...]
#   datatype: float32
#   description: "Secondary eclipse: uncertainty of \\texttt{derivedSecondaryEclDuration}"
#   meta:
#     ucd: stat.error;time.duration
# - 
#   name: derived_secondary_ecl_depth
#   datatype: float32
#   unit: mag
#   description: "Secondary eclipse: depth"
#   meta:
#     ucd: src.var.amplitude
# - 
#   name: derived_secondary_ecl_depth_error
#   datatype: float32
#   unit: mag
#   description: "Secondary eclipse: uncertainty of \\texttt{derivedSecondaryEclDepth}"
#   meta:
#     ucd: stat.error;src.var.amplitude
solution_id,source_id,global_ranking,reference_time,frequency,frequency_error,geom_model_reference_level,geom_model_reference_level_error,geom_model_gaussian1_phase,geom_model_gaussian1_phase_error,geom_model_gaussian1_sigma,geom_model_gaussian1_sigma_error,geom_model_gaussian1_depth,geom_model_gaussian1_depth_error,geom_model_gaussian2_phase,geom_model_gaussian2_phase_error,geom_model_gaussian2_sigma,geom_model_gaussian2_sigma_error,geom_model_gaussian2_depth,geom_model_gaussian2_depth_error,geom_model_cosine_half_period_amplitude,geom_model_cosine_half_period_amplitude_error,geom_model_cosine_half_period_phase,geom_model_cosine_half_period_phase_error,model_type,num_model_parameters,reduced_chi2,derived_primary_ecl_phase,derived_primary_ecl_phase_error,derived_primary_ecl_duration,derived_primary_ecl_duration_error,derived_primary_ecl_depth,derived_primary_ecl_depth_error,derived_secondary_ecl_phase,derived_secondary_ecl_phase_error,derived_secondary_ecl_duration,derived_secondary_ecl_duration_error,derived_secondary_ecl_depth,derived_secondary_ecl_depth_error
[from data line 218]
375316653866487564,6053507884074883968,0.49407744,2207.549720264558,2.8265411313916453,1.5266409E-5,18.585344,0.007387289,0.25829244,0.006996615,0.10665747,0.008590852,0.17032894,0.014572562,0.6924663,0.0022359714,0.031084849,0.0029589161,0.32211468,0.025299026,null,null,null,null,"TWOGAUSSIANS",8,4.7268114,0.6924663,0.0022359714,0.17407516,0.016569931,0.32208624,0.025315126,0.25829244,0.006996615,0.4,0.0,0.17025745,0.014588258
375316653866487564,6053507884092391680,0.58075047,2200.1536192862604,0.8512383165625579,3.7095182E-5,18.480186,0.0034162474,0.2039351,0.04414089,0.048941623,0.02749733,0.055952597,0.13675211,0.7311609,0.00164546,0.03912246,0.001966297,0.56793237,0.019487303,null,null,null,null,"TWOGAUSSIANS",8,3.9919486,0.7311609,0.00164546,0.21908578,0.011011262,0.56793237,0.019487306,0.2039351,0.04414089,0.2740731,0.15398505,0.055952594,0.13675211
375316653866487564,6053508085902373248,0.5383893,2230.7652062743755,2.669581925215962,6.1294822E-6,18.501675,0.0067896093,0.26456746,0.0019872817,0.051175166,0.0071714697,0.1363731,0.02072955,0.7387041,0.013068103,0.030389823,0.011251423,0.08606311,0.044293843,0.13692346,0.010091755,0.26456746,0.0019872817,"TWOGAUSSIANS_WITH_ELLIPSOIDAL_ON_ECLIPSE1",9,4.73163,0.26456746,0.0019872817,0.28658092,0.04016023,0.41021907,0.016305674,0.7435841,0.013803731,0.170183,0.063007966,0.354074,0.040071383
375316653866487564,6053509052307184256,0.4905886,2203.320876042565,2.3335583232805486,2.1460479E-5,19.635004,0.01915459,0.21940967,0.0051563405,0.07402105,0.006012507,0.50507015,0.0409922,0.7197959,0.012722003,0.074236326,0.010763063,0.45191747,0.041797705,null,null,null,null,"TWOGAUSSIANS",8,7.27042,0.21940967,0.0051563405,0.4,0.0,0.50186,0.041348953,0.7197959,0.012722003,0.4,0.0018742582,0.4487073,0.04204101
375316653866487564,6053510014396401024,0.507373,2221.8585299384267,2.475867908711097,1.4722439E-5,16.121496,0.0011546185,0.25651973,0.0070835557,0.079858206,0.009234528,0.05509674,0.0034592717,0.7550001,0.0029108564,0.07294503,0.003707357,0.058854036,0.0014004067,null,null,null,null,"TWOGAUSSIANS",8,4.762928,0.7550001,0.0029108564,0.4,0.0,0.058333885,0.0013354125,0.25651973,0.0070835557,0.4,0.0,0.05457659,0.0036260462
375316653866487564,6053510594152423296,0.45060882,2235.4416940993783,0.1503579123976501,2.855551E-4,18.670208,0.0066464385,0.11832411,0.0085685225,0.02985946,0.020783093,0.46825802,0.3937001,0.72515047,0.008523182,0.03284631,0.010036478,0.051926583,0.0089060925,null,null,null,null,"TWOGAUSSIANS",8,7.186921,0.11832411,0.0085685225,0.16721298,0.116385326,0.46825802,0.3937001,0.72515047,0.008523182,0.18393932,0.056204274,0.051926583,0.0089060925
375316653866487564,6053511045188388864,0.5661996,2212.706265254271,3.1373688737134615,6.5780605E-6,14.783384,0.011565202,0.21861824,0.0018924471,0.05231718,0.0072168545,0.12385868,0.02712941,0.7284596,0.006057799,0.066801004,0.008694145,0.106929526,0.028084753,0.07331175,0.014700419,0.21861824,0.0018924471,"TWOGAUSSIANS_WITH_ELLIPSOIDAL_ON_ECLIPSE1",9,86.98788,0.21861824,0.0018924471,0.2929762,0.040414385,0.27042574,0.010749,0.7284596,0.006057799,0.37408563,0.048687212,0.2529367,0.013693795
375316653866487564,6053511354426042496,0.5988444,2223.075746955935,0.5393691146638923,1.0774607E-5,18.536991,0.0034007835,0.3453356,0.002994316,0.039985266,0.0021276723,0.7489022,0.04376864,0.8493451,0.008070205,0.044699322,0.005777477,0.11210191,0.01696846,null,null,null,null,"TWOGAUSSIANS",8,2.8260887,0.3453356,0.002994316,0.22391748,0.011914965,0.7489022,0.043768644,0.8493451,0.008070205,0.2503162,0.03235387,0.1121019,0.016968468
375316653866487564,6053511491865057920,0.501578,2189.624105051969,0.17068935075815184,4.7812002E-5,19.685104,0.007109502,0.183909,0.022732368,0.0129368715,0.03560125,0.8062053,1.3759779,0.5456366,0.0072399145,0.027864587,0.005209338,0.1684363,0.046339728,null,null,null,null,"TWOGAUSSIANS",8,2.5158353,0.183909,0.022732368,0.07244648,0.199367,0.8062053,1.3759779,0.5456366,0.0072399145,0.15604168,0.029172292,0.1684363,0.046339728
375316653866487564,6053511732383230592,0.68524605,2256.8876542511366,0.37856529354224333,3.3930028E-6,12.152456,0.0011679193,0.19083835,0.0010926573,0.022910582,7.594738E-4,0.36556727,0.0059246887,0.73536485,0.004733836,0.027401151,0.0037576917,0.3122457,0.050450757,0.010238986,0.0018985592,0.73536485,0.004733836,"TWOGAUSSIANS_WITH_ELLIPSOIDAL_ON_ECLIPSE2",9,59.860783,0.19093834,0.0010889197,0.12829925,0.0042530536,0.38448712,0.004334793,0.73536485,0.004733836,0.15344645,0.021043073,0.33272365,0.05064263
375316653866487564,6053512758808317824,0.49679217,2248.5139162667424,1.1402436552791142,2.2326618E-5,18.531404,0.012837897,0.22326054,0.010786158,0.11398052,0.022958003,0.09365399,0.011410742,0.71242136,0.005066444,0.07957188,0.008536004,0.15446386,0.015024905,null,null,null,null,"TWOGAUSSIANS",8,1.5758582,0.71242136,0.005066444,0.4,0.0,0.14762162,0.012469689,0.22326054,0.010786158,0.4,0.0,0.08679829,0.006274031
375316653866487564,6053512827527803904,0.6325342,2245.816143612631,0.1997532754099543,3.8447655E-5,17.752314,0.0014797327,0.88606787,0.0033411796,0.024182504,0.001813919,0.5651174,0.028212504,null,null,null,null,null,null,null,null,null,null,"ONEGAUSSIAN",5,2.1340468,0.88606787,0.0033411796,0.13542202,0.0101579465,0.5651174,0.0,null,null,null,null,null,null
375316653866487564,6053513239848158720,0.5161059,2238.482933405417,0.8226650693015259,9.2267765E-6,18.31984,0.005454131,0.19981652,0.010465377,0.027115664,0.010589448,0.06392197,0.1336168,0.71122295,0.0022288635,0.03460988,0.0019874878,0.2811979,0.0059534926,null,null,null,null,"TWOGAUSSIANS",8,5.02898,0.71122295,0.0022288635,0.19381534,0.011129932,0.2811979,0.0059534926,0.19981652,0.010465377,0.1518477,0.05930091,0.06392197,0.1336168
375316653866487564,6053513823967821440,0.49827412,2231.7072966470632,3.228905550235781,2.2394972E-5,18.616014,0.014224197,0.2687117,0.0048098243,0.040774815,0.007293821,0.26113555,0.07427421,0.76387525,0.0092980135,0.029465845,0.010491025,0.25690714,0.18581595,0.14172812,0.022733899,0.2687117,0.0048098243,"TWOGAUSSIANS_WITH_ELLIPSOIDAL_ON_ECLIPSE1",9,16.175596,0.2687117,0.0048098243,0.22833897,0.040845398,0.54459137,0.06963445,0.76421523,0.008875559,0.16500872,0.05874974,0.54011965,0.1917661
375316653866487564,6053514034485516288,0.603349,2201.2699232736986,0.41468651948804985,2.6721993E-6,8.868352,8.857372E-4,0.26485756,0.059909947,0.011271466,0.027567519,0.060983732,0.08951101,0.7751769,2.852165E-4,0.011655202,2.3099064E-4,0.26946795,0.005417696,null,null,null,null,"TWOGAUSSIANS",8,18.290258,0.7751769,2.852165E-4,0.065269135,0.0012935476,0.26946795,0.005417696,0.26485756,0.059909947,0.06312021,0.1543781,0.060983732,0.08951101
375316653866487564,6053515610683564416,0.5476522,2159.3052781219694,1.6355060381400113,1.6251395E-5,19.12305,0.008622212,0.3202315,0.003713588,0.07740883,0.0054653166,0.279065,0.011039734,0.81489545,0.004321779,0.07501209,0.005335185,0.46100578,0.025057904,null,null,null,null,"TWOGAUSSIANS",8,2.3457544,0.81489545,0.004321779,0.4,0.0,0.45808434,0.025473753,0.3202315,0.003713588,0.4,0.0,0.27614358,0.010607948
375316653866487564,6053515679393757440,0.570881,2162.0844673536944,0.7268846293160177,1.1075148E-5,17.482935,0.006741032,0.3108875,0.0024117716,0.0929875,0.0043840804,0.22191603,0.006470926,0.8048193,0.002824783,0.08977775,0.00410672,0.28105953,0.008018508,null,null,null,null,"TWOGAUSSIANS",8,4.176066,0.8048193,0.002824783,0.4,0.0,0.2702924,0.006860673,0.3108875,0.0024117716,0.4,0.0,0.21114874,0.0052112946
375316653866487564,6053515885565344640,0.47038937,2193.9336004349257,0.6203350935122155,5.699758E-5,18.973654,0.0052884254,0.38824978,0.0182968,0.037861746,0.017464796,0.23558937,0.04888557,0.73225176,0.023814531,0.02815449,0.03135786,0.113869,3.15631278E18,null,null,null,null,"TWOGAUSSIANS",8,4.0803523,0.38824978,0.0182968,0.21202578,0.097802855,0.23558937,0.04888557,0.73225176,0.023814531,0.15766515,0.175604,0.113869,3.15631278E18
375316653866487564,6053515924250740480,0.5012167,2178.8758503839936,1.7501892483009043,1.7394672E-5,19.101648,0.013078711,0.2483535,0.004024563,0.09068853,0.009288732,0.19680704,0.012140231,0.7555786,0.004042873,0.085323974,0.008938038,0.15242794,0.015100502,null,null,null,null,"TWOGAUSSIANS",8,1.504754,0.2483535,0.004024563,0.4,0.0,0.19134285,0.010399029,0.7555786,0.004042873,0.4,0.0,0.14696383,0.013672692
375316653866487564,6053516061689581440,0.4613429,2184.2154303201264,0.9891687596927415,1.6379196E-5,16.653238,0.0015997415,0.24333686,0.0046948283,0.007658048,0.003803393,0.024656394,0.20354185,0.7308448,0.006444465,0.017056094,0.0071684197,0.474024,15.645604,0.010075545,0.001971949,0.7308448,0.006444465,"TWOGAUSSIANS_WITH_ELLIPSOIDAL_ON_ECLIPSE2",9,8.749402,0.7308448,0.006444465,0.09551413,0.04014315,0.49417508,15.644418,0.24328686,0.0047052815,0.04288507,0.021299,0.04468404,0.2035164
375316653866487564,6053516439646434432,0.43142316,2177.3190106225884,1.9326224658852162,5.472656E-5,19.82252,0.06042966,0.30662864,0.04996221,0.093635924,0.079224065,0.21630836,0.59509677,0.76104987,0.014829624,0.0988367,0.022650016,0.301625,0.06174518,null,null,null,null,"TWOGAUSSIANS",8,9.083424,0.76104987,0.014829624,0.4,0.0,0.29240558,0.040481195,0.30663866,0.049956836,0.4,0.22970872,0.20709507,0.6046986
375316653866487564,6053516542747180288,0.43137583,2143.4685824513635,1.167226050517392,7.4449716E-5,17.83214,0.0032938719,0.29584488,0.005903219,0.04586207,0.0041374345,0.24072948,0.04017827,0.59552616,0.042462457,0.028247977,0.012294057,0.060324617,0.08086738,null,null,null,null,"TWOGAUSSIANS",8,2.673038,0.29584488,0.005903219,0.2568276,0.023169633,0.24072948,0.04017827,0.59552616,0.042462457,0.15818867,0.06884672,0.060324617,0.080867395
375316653866487564,6053516645804863488,0.51592314,2166.6507482991115,4.674417025201409,1.9240202E-5,19.504442,0.014209294,0.17909597,0.03156605,0.028017739,0.019917844,0.10783289,0.045383792,0.5547037,0.003761263,0.15172645,0.0064960164,0.49081713,0.015489433,null,null,null,null,"TWOGAUSSIANS",8,2.635572,0.5547037,0.003761263,0.4,0.0,0.48650837,0.014908135,0.18191597,0.029573776,0.15689933,0.11153993,0.12706669,0.035646148
375316653866487564,6053516955064083968,0.45389923,2202.933950497987,0.443086023194354,2.8601578E-5,18.430885,0.008781798,0.31360093,0.023303367,0.088617355,0.04460409,0.08836379,0.08819912,0.8011831,0.0071910974,0.07734076,0.012415566,0.10341923,0.012918701,null,null,null,null,"TWOGAUSSIANS",8,3.0640938,0.8011831,0.0071910974,0.4,0.0,0.10180691,0.01247497,0.31360093,0.023303367,0.4,0.060094684,0.086751446,0.09099624
375316653866487564,6053517710957494912,0.5224746,2209.8138661801113,0.08133561866507032,1.8383689E-6,18.326422,0.0034013595,0.37002653,1.43538855E-5,0.0049442337,4.90277E-5,0.2902318,0.0032169786,0.87157583,0.020939864,0.01282477,0.017942095,0.03788535,0.025588555,null,null,null,null,"TWOGAUSSIANS",8,2.937143,0.37002653,1.43538855E-5,0.02768771,2.7455512E-4,0.2902318,0.0032169786,0.87157583,0.020939864,0.07181871,0.10047573,0.03788535,0.025588555
375316653866487564,6053518810490103680,0.59902537,2220.016897600961,2.7982530420668406,7.824367E-6,17.214222,0.005053599,0.24773827,0.0023619463,0.08966156,0.0027518382,0.29961494,0.0071061747,0.7439932,0.002476939,0.08884161,0.0036312358,0.29594773,0.007512296,null,null,null,null,"TWOGAUSSIANS",8,5.474448,0.24773827,0.0023619463,0.4,0.0,0.2885081,0.006301845,0.7439932,0.002476939,0.4,0.0,0.28484088,0.007354758
375316653866487564,6053518913569327360,0.42979807,2243.5718685614265,4.591630591811705,2.1074056E-5,19.597649,0.02301603,0.25096253,0.0049645966,0.0381091,0.004414527,0.65833163,0.0625787,0.6820895,0.015510065,0.054735936,0.014117488,0.4329492,0.20772919,null,null,null,null,"TWOGAUSSIANS",8,7.836993,0.25096253,0.0049645966,0.21341097,0.024721354,0.65833163,0.0625787,0.6820895,0.015510065,0.30652124,0.07905793,0.43294916,0.20772922
375316653866487564,6053518977929030144,0.44498238,2229.3827154902237,2.6020357317637397,7.250874E-5,18.933651,0.019706031,0.23733878,0.018631725,0.07111305,0.04655149,0.11154923,0.029695615,0.7225158,0.018732166,0.09152159,0.026270503,0.10579533,0.020193608,null,null,null,null,"TWOGAUSSIANS",8,3.491145,0.23733878,0.018643059,0.3982331,0.08369399,0.110118285,0.03327632,0.7225158,0.018732166,0.4,0.0,0.1043643,0.015099705
375316653866487564,6053520116160096512,0.4964904,2177.0979948333134,1.9894525226005668,2.9148E-5,19.036396,1.1712003,0.22086419,0.012924972,0.097404055,0.14900422,0.26874736,1.1352162,0.69505125,0.01145197,0.097159915,0.070959084,0.39605862,0.82367265,null,null,null,null,"TWOGAUSSIANS",8,8.662942,0.69505125,0.01145197,0.4,0.0,0.37918693,0.039821897,0.22086419,0.011738154,0.4,0.0,0.25187647,0.043755732
375316653866487564,6053520219243257216,0.47142854,2257.988190869784,0.018354563949811307,4.3778004E-5,17.29252,0.003890525,0.38736883,0.033436056,0.03725325,0.03720245,0.04886402,0.011931624,0.71457607,0.021574046,0.014981409,0.009208733,0.18368636,0.114298366,0.012994604,0.0044146236,0.71457607,0.021574046,"TWOGAUSSIANS_WITH_ELLIPSOIDAL_ON_ECLIPSE2",9,9.653889,0.71457607,0.021574046,0.08389589,0.051568903,0.20967542,0.113804795,0.38339883,0.038214773,0.2086182,0.20833373,0.054782003,0.012850299
375316653866487564,6053520421050771712,0.43700537,2177.2820149235213,2.732471479504975,8.384878E-5,19.104715,0.015658913,0.26171964,0.009398061,0.032379575,0.009841911,0.2116535,0.04565195,0.7977149,0.098739676,0.052824095,0.058895838,0.036103953,0.20934184,0.04944539,0.033163495,0.26171964,0.009398061,"TWOGAUSSIANS_WITH_ELLIPSOIDAL_ON_ECLIPSE1",9,16.644567,0.26171964,0.009398061,0.18132563,0.0551147,0.3105441,0.059393015,0.7977149,0.09871132,0.29581493,0.3298167,0.13002189,0.19422075
375316653866487564,6053520459757525504,0.49930203,2215.736996420715,0.8239502713376995,7.987558E-6,14.3691635,0.0011621033,0.34396338,0.015563089,0.026876252,0.013444257,0.08410282,0.025120527,0.83939993,0.0046893936,0.022119354,0.01159124,0.04836845,0.06877373,0.02742885,0.0020813197,0.83939993,0.0046893936,"TWOGAUSSIANS_WITH_ELLIPSOIDAL_ON_ECLIPSE2",9,55.59956,0.34380338,0.014552459,0.150507,0.07528784,0.13891697,0.025686592,0.83939993,0.0046893936,0.12386838,0.06491094,0.10322607,0.068911046
375316653866487564,6053520524129980288,0.5367932,2238.4695298735905,3.3890573586988726,1.6158732E-5,19.237469,0.009146891,0.2231146,0.0045050476,0.07075392,0.0049539576,0.48985472,0.02859201,0.7228771,0.0034767268,0.07164825,0.0043446817,0.4513335,0.014566583,null,null,null,null,"TWOGAUSSIANS",8,3.7681696,0.2231146,0.0045050476,0.39622194,0.01649187,0.48788851,0.028906332,0.7228771,0.0034767268,0.4,0.008052948,0.4493673,0.014365839
375316653866487564,6053521215671776896,0.6236101,2203.8525014541506,0.2310693274042177,4.8288425E-6,16.438856,0.0018457427,0.29287565,0.001600075,0.011458305,0.0010761195,0.6331946,0.06461905,0.7927315,6.183637E-4,0.012074752,4.946055E-4,0.6457015,0.021278828,0.0049245846,0.003074301,0.29287565,0.001600075,"TWOGAUSSIANS_WITH_ELLIPSOIDAL_ON_ECLIPSE1",9,13.220631,0.7927315,6.183637E-4,0.06761861,0.002769791,0.6555507,0.021362381,0.29287565,0.001600075,0.06416651,0.006026269,0.6430438,0.0653356
375316653866487564,6053521971565838976,0.49914292,2182.4061974949673,0.9112999195084982,1.2446859E-5,19.702465,0.0051497566,0.2668698,6.685924E-5,0.009755483,3.0787734E-4,0.46727642,0.0036284048,0.6866629,0.0017154877,0.012717671,0.0060060034,1.4257177,205.7093,null,null,null,null,"TWOGAUSSIANS",8,1.8504674,0.6866629,0.0017154877,0.07121896,0.03363362,1.4257177,205.7093,0.2668698,6.685924E-5,0.054630704,0.001724113,0.46727642,0.0036284048
