Gaia/vari_eclipsing_binary/VariEclipsingBinary_262134-265343.csv
# %ECSV 1.0
# ---
# delimiter: ','
# meta: !!omap
# - RELEASE: Gaia DR3
# - TABLE: vari_eclipsing_binary
# - DESCRIPTION: >
#     This table describes the properties of the eclipsing binaries resulting from the variability analysis. 
# - CITATION: >
#     How to cite and acknowledge Gaia: 
#     https://gea.esac.esa.int/archive/documentation/credits.html 
# - KNOWN_ISSUES: >
#     Known issues: 
#     https://www.cosmos.esa.int/web/gaia-users/known-issues 
# - DOCUMENTATION: >
#     Tutorials and documentation: 
#     https://www.cosmos.esa.int/web/gaia-users/archive 
# datatype:
# - 
#   name: solution_id
#   datatype: int64
#   description: Solution Identifier
#   meta:
#     ucd: meta.version
# - 
#   name: source_id
#   datatype: int64
#   description: Unique source identifier
#   meta:
#     ucd: meta.id;meta.main
# - 
#   name: global_ranking
#   datatype: float32
#   description: Number between 0 (worst) and 1 (best)
#   meta:
#     ucd: stat.param
# - 
#   name: reference_time
#   datatype: float64
#   unit: d
#   description: Reference time used for the geometric model fit
#   meta:
#     ucd: time.epoch
# - 
#   name: frequency
#   datatype: float64
#   unit: d**-1
#   description: Frequency of geometric model of the eclipsing binary light curve
#   meta:
#     ucd: src.orbital
# - 
#   name: frequency_error
#   datatype: float32
#   unit: d**-1
#   description: "Uncertainty of \\texttt{frequency}"
#   meta:
#     ucd: stat.error
# - 
#   name: geom_model_reference_level
#   datatype: float32
#   unit: mag
#   description: Magnitude reference level of geometric model
#   meta:
#     ucd: phot.mag;em.opt
# - 
#   name: geom_model_reference_level_error
#   datatype: float32
#   unit: mag
#   description: "Uncertainty of \\texttt{geomModelReferenceLevel}"
#   meta:
#     ucd: stat.error;phot.mag;em.opt
# - 
#   name: geom_model_gaussian1_phase
#   datatype: float32
#   description: Phase of the Gaussian 1 component
#   meta:
#     ucd: time.phase
# - 
#   name: geom_model_gaussian1_phase_error
#   datatype: float32
#   description: "Uncertainty of \\texttt{geomModelGaussian1Phase}"
#   meta:
#     ucd: stat.error;time.phase
# - 
#   name: geom_model_gaussian1_sigma
#   datatype: float32
#   description: "Standard deviation [phase] of Gaussian 1 component"
#   meta:
#     ucd: stat.stdev
# - 
#   name: geom_model_gaussian1_sigma_error
#   datatype: float32
#   description: "Uncertainty of \\texttt{geomModelGaussian1Sigma}"
#   meta:
#     ucd: stat.error
# - 
#   name: geom_model_gaussian1_depth
#   datatype: float32
#   unit: mag
#   description: Magnitude depth of Gaussian 1 component
#   meta:
#     ucd: src.var.amplitude
# - 
#   name: geom_model_gaussian1_depth_error
#   datatype: float32
#   unit: mag
#   description: "Uncertainty of \\texttt{geomModelGaussian1Depth}"
#   meta:
#     ucd: stat.error;src.var.amplitude
# - 
#   name: geom_model_gaussian2_phase
#   datatype: float32
#   description: Phase of Gaussian 2 component
#   meta:
#     ucd: time.phase
# - 
#   name: geom_model_gaussian2_phase_error
#   datatype: float32
#   description: "Uncertainty of \\texttt{geomModelGaussian2Phase}"
#   meta:
#     ucd: stat.error;time.phase
# - 
#   name: geom_model_gaussian2_sigma
#   datatype: float32
[...]
#   datatype: float32
#   description: "Secondary eclipse: uncertainty of \\texttt{derivedSecondaryEclDuration}"
#   meta:
#     ucd: stat.error;time.duration
# - 
#   name: derived_secondary_ecl_depth
#   datatype: float32
#   unit: mag
#   description: "Secondary eclipse: depth"
#   meta:
#     ucd: src.var.amplitude
# - 
#   name: derived_secondary_ecl_depth_error
#   datatype: float32
#   unit: mag
#   description: "Secondary eclipse: uncertainty of \\texttt{derivedSecondaryEclDepth}"
#   meta:
#     ucd: stat.error;src.var.amplitude
solution_id,source_id,global_ranking,reference_time,frequency,frequency_error,geom_model_reference_level,geom_model_reference_level_error,geom_model_gaussian1_phase,geom_model_gaussian1_phase_error,geom_model_gaussian1_sigma,geom_model_gaussian1_sigma_error,geom_model_gaussian1_depth,geom_model_gaussian1_depth_error,geom_model_gaussian2_phase,geom_model_gaussian2_phase_error,geom_model_gaussian2_sigma,geom_model_gaussian2_sigma_error,geom_model_gaussian2_depth,geom_model_gaussian2_depth_error,geom_model_cosine_half_period_amplitude,geom_model_cosine_half_period_amplitude_error,geom_model_cosine_half_period_phase,geom_model_cosine_half_period_phase_error,model_type,num_model_parameters,reduced_chi2,derived_primary_ecl_phase,derived_primary_ecl_phase_error,derived_primary_ecl_duration,derived_primary_ecl_duration_error,derived_primary_ecl_depth,derived_primary_ecl_depth_error,derived_secondary_ecl_phase,derived_secondary_ecl_phase_error,derived_secondary_ecl_duration,derived_secondary_ecl_duration_error,derived_secondary_ecl_depth,derived_secondary_ecl_depth_error
[from data line 181]
375316653866487564,2325932804640491392,0.4370144,2404.49879442043,0.027932822034053634,1.3281658E-4,19.873356,0.025368882,0.33549562,0.010001893,0.04404238,0.011802909,0.20490061,0.042897895,0.7738755,0.11760121,0.07595934,0.098644584,0.2339226,0.038219262,null,null,null,null,"TWOGAUSSIANS",8,1.1722665,0.7738755,0.11760121,0.4,0.012328163,0.23391508,0.041525718,0.33549562,0.008086225,0.24663731,0.06609629,0.2048931,0.038413666
375316653866487564,2325968573127926656,0.57301253,2301.10136157044,2.866504985196611,1.3684031E-5,12.901105,0.04720182,0.28480262,0.0034541842,0.09856041,0.011289278,0.32091308,0.04634403,0.77278364,0.0065404293,0.1069148,0.020444574,0.34610185,0.045472685,null,null,null,null,"TWOGAUSSIANS",8,311.1986,0.77278364,0.0065404293,0.4,0.0,0.31619713,0.011919307,0.28481263,0.0034038476,0.4,0.0,0.2910204,0.011750262
375316653866487564,2326076363922396672,0.66972286,2414.835560000079,3.4545703996726016,2.5971374E-6,15.415879,0.0066454704,0.15878506,0.0014399526,0.03910542,0.0029095807,0.36836427,0.024803119,0.659469,9.241483E-4,0.047026716,0.0016887144,0.6125909,0.013502725,0.13198872,0.009182579,0.15878506,0.0014399526,"TWOGAUSSIANS_WITH_ELLIPSOIDAL_ON_ECLIPSE1",9,44.105015,0.659469,9.186268E-4,0.26334962,0.0094568,0.8765629,0.009784807,0.15878506,0.0014399526,0.21899034,0.01629365,0.6323411,0.02407428
375316653866487564,2326332614555994624,0.5120137,2160.3713479528387,0.7622124228637588,6.644298E-6,17.498835,0.22850788,0.284216,0.002831478,0.18608552,0.06699871,0.30165946,0.21599372,0.78490806,0.002280154,0.16388483,0.04199457,0.29181677,0.20240341,null,null,null,null,"TWOGAUSSIANS",8,1.8769624,0.78516805,0.0024887742,0.4,0.0,0.095212795,0.003413548,0.28404596,0.002867787,0.4,0.0,0.09428928,0.0064448956
375316653866487564,2326520562324748160,0.47470215,2339.5298278046976,2.7317768239044398,4.939367E-5,11.714454,0.030653667,0.26697078,0.009974554,0.052139387,0.018628996,0.1798216,0.0657983,0.7542107,0.00865876,0.04553404,0.039527826,0.08801363,0.09779536,0.08169222,0.045743927,0.7542107,0.00865876,"TWOGAUSSIANS_WITH_ELLIPSOIDAL_ON_ECLIPSE2",9,252.67192,0.2648908,0.007701276,0.29198056,0.104322374,0.34232754,0.042218562,0.7542107,0.00865876,0.25499064,0.22135583,0.25139722,0.09990069
375316653866487564,2326520566619875328,0.5543164,2374.410341128703,1.1319398120454458,1.6044674E-5,11.422133,0.015842114,0.17781045,0.002284194,0.03963633,0.004253455,0.39423826,0.035114475,0.6858303,0.006539809,0.045392063,0.0053968723,0.1907704,0.04113674,0.01428569,0.021325164,0.17781045,0.002284194,"TWOGAUSSIANS_WITH_ELLIPSOIDAL_ON_ECLIPSE1",9,68.0601,0.17781045,0.002284194,0.22196344,0.023819348,0.4228095,0.019675937,0.6858303,0.006539809,0.25419554,0.030222483,0.21926916,0.017850837
375316653866487564,2326641753417473664,0.714697,2169.433599379555,0.009392509091114666,6.44913E-5,15.221241,0.0062011974,0.15398821,0.028442306,0.041976098,0.012251344,0.42580816,0.20332025,0.69994444,0.023022711,0.060888678,0.026848188,0.44068247,0.0857393,null,null,null,null,"TWOGAUSSIANS",8,4.5155053,0.69994444,0.023022711,0.3409766,0.08261212,0.44068182,0.08588111,0.15398821,0.028442306,0.23506616,0.068607524,0.4258075,0.20332049
375316653866487564,2326723014198915584,0.47847763,2087.2905246877817,0.8244826884193395,2.013737E-4,16.926834,0.014961946,0.22529842,0.005433242,0.03557998,0.0042807404,0.23290738,0.02838435,0.7948228,0.02318844,0.11416408,0.03734265,0.059467703,0.015025984,null,null,null,null,"TWOGAUSSIANS",8,43.374725,0.22528842,0.005428988,0.1992479,0.023972146,0.23285721,0.028314246,0.7948228,0.02318844,0.4,0.0,0.05936866,0.014802983
375316653866487564,2327046820373620608,0.52589417,2071.1992489123813,4.3543279361602805,4.170872E-5,16.007452,0.004513505,0.38869107,0.0062236446,0.011937386,0.0030576987,0.069824785,0.029955264,0.6649671,0.0047543775,0.026161198,0.0056914142,0.3111807,0.0391077,null,null,null,null,"TWOGAUSSIANS",8,44.328648,0.6649671,0.0047543775,0.1465027,0.03187192,0.3111807,0.0391077,0.38869107,0.0062236446,0.06684936,0.017123112,0.069824785,0.029955264
375316653866487564,2327121926465829376,0.66549087,2089.2840098326005,3.7716772367906035,2.77147E-6,17.534237,0.011659294,0.20979546,0.0031040576,0.052452352,0.00372639,0.3961473,0.02788337,0.70885384,0.0014060495,0.048179455,0.002796342,0.40836212,0.025850236,0.096523575,0.0153986225,0.20979546,0.0031040576,"TWOGAUSSIANS_WITH_ELLIPSOIDAL_ON_ECLIPSE1",9,3.6581202,0.70893383,0.0012867036,0.26980495,0.015659515,0.60139763,0.00869606,0.20979546,0.0031040576,0.29373318,0.020867784,0.58918905,0.018971255
375316653866487564,2327292488206939136,0.45215607,2388.3376419400493,3.3714396589755338,7.7707715E-5,17.067913,0.40694836,0.37275958,0.012912364,0.11476253,0.049289186,0.21803242,0.29777578,0.8361562,0.018165113,0.12322803,0.12214682,0.14017394,0.3977714,null,null,null,null,"TWOGAUSSIANS",8,65.56275,0.37295958,0.0075171655,0.4,0.0,0.1910898,0.028234148,0.8361562,0.018165113,0.4,0.0,0.11316791,0.030917194
375316653866487564,2327433569293470336,0.5153443,2220.150292188298,4.446815526443208,4.1105857E-4,18.23939,0.0027751734,0.5188977,0.0018891046,0.0488534,0.016682293,0.03587899,0.011462563,0.84888464,0.008589576,0.034438435,0.0045862957,0.1962558,0.0053192745,null,null,null,null,"TWOGAUSSIANS",8,1.5621506,0.84888464,0.008589576,0.19285524,0.025683256,0.1962558,0.0053192517,0.5188977,0.0018891046,0.27357903,0.09342084,0.03587899,0.011462564
375316653866487564,2327504938764603776,0.4654159,2200.5322264960087,3.7060648805801253,1.712286E-4,16.878685,0.14994997,0.24546106,0.012681174,0.12061761,0.054853663,0.25657916,0.14309159,0.7195193,0.011753369,0.10482393,0.04832095,0.20988409,0.14222506,null,null,null,null,"TWOGAUSSIANS",8,76.99639,0.24548106,0.012396102,0.4,0.0,0.225916,0.04437192,0.7195193,0.011753369,0.4,0.0,0.17934516,0.043755975
375316653866487564,2327539435941736448,0.5953016,2415.934852027868,1.1849210630371119,6.763795E-6,18.1682,0.0037384774,0.22244862,0.0069488827,0.07022694,0.011602418,0.094486766,0.013976048,0.72704154,0.0012792294,0.039606374,0.0010149159,0.41552725,0.0102633145,null,null,null,null,"TWOGAUSSIANS",8,1.9430913,0.72704154,0.0012792294,0.2217957,0.0056835287,0.41551936,0.010258587,0.22244862,0.0069488827,0.39327085,0.040314704,0.09447886,0.013998757
375316653866487564,2327940688966986880,0.65680665,2061.183164050706,0.8645663602589223,2.3932082E-6,13.539226,0.0037507452,0.26144028,2.5899953E-4,0.040545292,7.8458287E-4,0.56389517,0.0063396003,0.76130927,0.002190421,0.04258943,0.0039876564,0.075752996,0.009497418,0.01713717,0.004888747,0.26144028,2.5899953E-4,"TWOGAUSSIANS_WITH_ELLIPSOIDAL_ON_ECLIPSE1",9,31.19608,0.26144028,2.5899953E-4,0.22705363,0.0043936637,0.59816945,0.006993963,0.7613193,0.002132797,0.2385008,0.022330876,0.110027306,0.004971198
375316653866487564,2328039743797721728,0.5498519,2093.43869043874,1.0836627891528832,3.0718023E-5,19.484875,0.00827032,0.70027584,0.006748791,0.053911988,0.008268289,0.7076024,0.39043134,null,null,null,null,null,null,null,null,null,null,"ONEGAUSSIAN",5,1.9728928,0.70027584,0.006748791,0.30190715,0.04630242,0.7076024,0.0,null,null,null,null,null,null
375316653866487564,2328133923840215808,0.55637527,2172.0084116185158,1.9915939584871059,1.00812795E-5,17.72769,0.012181203,0.16171433,0.0025574653,0.0513685,0.003076786,0.66957206,0.050430205,0.6634769,0.0050695413,0.04937352,0.0052929274,0.48994893,0.08842859,null,null,null,null,"TWOGAUSSIANS",8,26.646437,0.16171433,0.0025574653,0.2876636,0.01723,0.66956735,0.050432686,0.6634769,0.0050695413,0.2764917,0.029640393,0.4899442,0.088431545
375316653866487564,2328277650626708864,0.56420165,2174.7212049037485,3.039235427084208,2.0175674E-5,12.219156,0.008868566,0.3770694,0.0037559236,0.05753374,0.020171097,0.14436477,0.039687756,null,null,null,null,null,null,0.10539557,0.010682048,0.3770694,0.0037559236,"ONEGAUSSIAN_WITH_ELLIPSOIDAL",6,449.15353,0.3770694,0.0037559236,0.32218894,0.11295814,0.35514435,0.040588837,null,null,null,null,null,null
375316653866487564,2328391935410554112,0.5576001,2289.566674347626,3.3778799617198163,2.0000803E-5,16.382847,0.013634009,0.30572578,0.0029353432,0.093836494,0.0070106084,0.30830452,0.014709741,0.81395006,0.0040913755,0.07844849,0.0065890737,0.3433238,0.016458571,null,null,null,null,"TWOGAUSSIANS",8,33.881523,0.81395006,0.0040913755,0.4,0.0,0.33501825,0.015612161,0.30572578,0.0029353432,0.4,0.0,0.2999985,0.014527193
375316653866487564,2328491131975250688,0.4135516,2272.0047447384763,0.15400519024073372,5.5628425E-5,13.86783,0.0013981723,0.5682488,0.1338745,0.0599983,0.047583323,0.0073787295,0.0022239757,0.7959648,0.0109754335,0.017372875,0.010646713,0.2088583,0.30129686,null,null,null,null,"TWOGAUSSIANS",8,3902.7937,0.7959648,0.0109754335,0.097288094,0.05962159,0.2088638,0.30497083,0.5682488,0.1338745,0.3359905,0.09737429,0.0073787295,0.0022241697
375316653866487564,2328599502590177152,0.45738134,2297.070432104782,0.1516709685244001,3.3317163E-5,16.569221,0.0022967567,0.43424925,0.011687254,0.16482136,0.018054243,0.031643186,0.0028332314,0.82496,0.0068758773,0.017049631,0.008472454,0.029645287,0.13198204,null,null,null,null,"TWOGAUSSIANS",8,1.9349358,0.43424925,0.011687254,0.4,0.0,0.031007877,0.0027116258,0.82496,0.0068758773,0.09547793,0.04744574,0.030949812,0.13190475
375316653866487564,2328602899909324544,0.6459892,2337.7013851974666,4.010941092213674,7.5590383E-6,16.487318,0.0135714635,0.16654369,0.002227426,0.044820286,0.0058183405,0.3438791,0.025696674,0.6604648,0.0032377716,0.04823489,0.004507938,0.29966876,0.03131895,0.12495612,0.014995849,0.16654369,0.002227426,"TWOGAUSSIANS_WITH_ELLIPSOIDAL_ON_ECLIPSE1",9,21.517227,0.16654369,0.002227426,0.2509936,0.032582704,0.5937903,0.026820904,0.66127485,0.0027836561,0.27011538,0.025244452,0.5492639,0.015645327
375316653866487564,2328698389917058432,0.564761,2340.655050802403,3.6745297763511826,1.5241057E-5,16.647247,0.034037035,0.22545256,0.006835813,0.09204377,0.011734298,0.47807655,0.041881297,0.74745554,0.0037693938,0.09485701,0.0112654,0.43754473,0.03733013,null,null,null,null,"TWOGAUSSIANS",8,30.927666,0.22545256,0.006835813,0.4,0.0,0.45958558,0.034295756,0.74745554,0.0037689211,0.4,0.0,0.41905302,0.0332053
375316653866487564,2328730653711423872,0.50555646,2296.675120387944,4.203923750462179,1.2205077E-5,16.009756,0.09534557,0.2791831,0.006259967,0.11252557,0.022207033,0.45526728,0.09289189,0.7524074,0.0055317516,0.11716556,0.021309061,0.48064303,0.08611373,null,null,null,null,"TWOGAUSSIANS",8,33.906387,0.7524074,0.0055317516,0.4,0.0,0.4132479,0.02400415,0.2792931,0.006188652,0.4,0.0,0.38795623,0.075755574
375316653866487564,2328778306373271936,0.56946564,2282.481603800399,2.0821987064845313,7.2892753E-6,11.391901,0.5728596,0.23842901,0.002322373,0.13199487,0.028561804,0.2358624,0.24796832,0.7412106,0.0016887857,0.17629586,0.16069686,0.21736039,0.564276,null,null,null,null,"TWOGAUSSIANS",8,12.009561,0.238009,0.00234813,0.4,0.0,0.1269145,0.0050674113,0.7413206,0.0016219578,0.4,0.0,0.10097694,0.003496499
375316653866487564,2328782257743617920,0.43977204,2298.5124323306654,1.0811283075055598,3.8398008E-5,19.050718,0.0153441345,0.30810368,0.005181301,0.070653796,0.009485648,0.28155136,0.051117133,0.53390217,0.008400458,0.027382307,0.006711435,0.17059985,0.10183798,null,null,null,null,"TWOGAUSSIANS",8,4.730155,0.30810368,0.005181301,0.39566126,0.03917346,0.28155136,0.051117133,0.53390217,0.008400458,0.1533409,0.037584037,0.17230493,0.101799145
375316653866487564,2329001644672997376,0.41421378,2327.639891197089,0.1175386293815476,3.6975664E-5,17.981434,0.10926418,0.22055733,0.036498673,0.09112549,0.02780121,0.16737786,0.04644517,0.75153315,0.013513657,0.2885776,0.041585427,0.40939805,0.11011027,null,null,null,null,"TWOGAUSSIANS",8,18.99613,0.75153315,0.013524571,0.4,0.0,0.15969981,0.042431373,0.21198733,0.041529246,0.4,0.0,0.100848496,0.041815814
375316653866487564,2329161383096411136,0.6247474,2443.9192395335003,1.9461581777509716,4.9528553E-6,15.875766,0.0047065746,0.23328619,4.1241263E-4,0.04550138,8.94442E-4,0.55669045,0.010129257,0.73326814,0.0038548447,0.042443506,0.005246847,0.07561627,0.011104704,0.023548763,0.0055833897,0.23328619,4.1241263E-4,"TWOGAUSSIANS_WITH_ELLIPSOIDAL_ON_ECLIPSE1",9,10.765544,0.23328619,4.1241263E-4,0.25480774,0.0050088754,0.6037878,0.0067929444,0.73326814,0.0036900374,0.23768364,0.029382342,0.12271357,0.005014582
375316653866487564,2329203336337095424,0.49391708,2249.1130427433045,1.443305968432779,4.7982035E-6,19.960258,0.015468076,0.51428294,1.5747298E-4,0.011331306,0.0010205796,1.1596428,0.3266371,0.7552037,0.009300802,0.04735656,0.007838669,0.4523408,0.13542861,null,null,null,null,"TWOGAUSSIANS",8,2.7079206,0.51428294,1.5747298E-4,0.06345531,0.0057152454,1.1596439,0.32663497,0.7552037,0.009300802,0.26519674,0.04389655,0.4523408,0.13542861
375316653866487564,2329244950274990080,0.4315619,2383.4836905572984,1.3793052453534769,3.7008213E-5,18.734173,0.022300152,0.4639185,0.0040996186,0.03481774,0.030702561,0.22136083,6.9898567,0.76977485,0.013006206,0.047459844,0.009877702,0.31317627,0.15957218,null,null,null,null,"TWOGAUSSIANS",8,6.1297607,0.76977485,0.013006206,0.2657751,0.05531513,0.31317627,0.15957218,0.4639185,0.0040996186,0.19497935,0.17193434,0.22136083,6.9898567
375316653866487564,2329250928869731712,0.54090273,2397.23908285962,4.327128717678759,4.8660204E-5,10.198309,0.0011180139,0.1615812,0.0022462178,0.017472794,0.0013770447,0.095582455,0.003795779,0.8234586,6.605896E-5,0.007901616,2.1675004E-4,0.17179888,0.007426064,null,null,null,null,"TWOGAUSSIANS",8,27.378115,0.8234586,6.605896E-5,0.04424905,0.0012138002,0.17179888,0.007426064,0.1615812,0.0022462178,0.097847655,0.00771145,0.095582455,0.003795779
375316653866487564,2329391902581051136,0.48940894,2211.075814648489,4.860269096386907,1.9402241E-5,16.816029,0.0038415173,0.1964176,0.0028640735,0.02802668,0.0056506637,0.11192027,0.018352587,0.83443075,0.0016807617,0.024629293,0.006141055,0.055851433,0.013259901,null,null,null,null,"TWOGAUSSIANS",8,5.745346,0.1964176,0.0028640735,0.1569494,0.03164372,0.11192027,0.018352587,0.83443075,0.0016807617,0.13792403,0.03438991,0.055851433,0.013259901
375316653866487564,2329616787068660224,0.66247773,2329.898433624432,1.845538385913922,1.3479359E-4,15.6617,0.0018830203,0.22922677,0.013554746,0.04193024,0.003538139,0.59351826,0.07205608,null,null,null,null,null,null,null,null,null,null,"ONEGAUSSIAN",5,15.86999,0.22922677,0.013554746,0.23480934,0.019813579,0.59351826,0.0,null,null,null,null,null,null
375316653866487564,2329663481953379072,0.568985,2367.6335421414474,3.314632392531022,1.4387085E-5,18.279268,0.012589286,0.31050828,0.0041372553,0.09717035,0.006642948,0.28083268,0.015427542,0.811188,0.0036714051,0.09287959,0.0056552812,0.26444522,0.01670957,null,null,null,null,"TWOGAUSSIANS",8,1.9831189,0.31050828,0.0041372553,0.4,0.0,0.26386914,0.0141255865,0.811188,0.0036714051,0.4,0.0,0.24748237,0.013887663
375316653866487564,2329892322106012288,0.5564739,2301.6593195543423,4.534821095321162,8.458771E-6,14.053742,0.010967769,0.29005328,0.0028045806,0.05479768,0.009682699,0.08767237,0.020797223,0.77530056,0.004454411,0.058576386,0.020245146,0.0646969,0.016169826,0.028164512,0.011645639,0.77530056,0.004454411,"TWOGAUSSIANS_WITH_ELLIPSOIDAL_ON_ECLIPSE2",9,54.53219,0.28811327,0.0024101653,0.306867,0.054223116,0.14357397,0.006625911,0.77530056,0.004454411,0.32802776,0.11337282,0.12101771,0.012441109
