Gaia/vari_eclipsing_binary/VariEclipsingBinary_058418-058547.csv
# %ECSV 1.0
# ---
# delimiter: ','
# meta: !!omap
# - RELEASE: Gaia DR3
# - TABLE: vari_eclipsing_binary
# - DESCRIPTION: >
#     This table describes the properties of the eclipsing binaries resulting from the variability analysis. 
# - CITATION: >
#     How to cite and acknowledge Gaia: 
#     https://gea.esac.esa.int/archive/documentation/credits.html 
# - KNOWN_ISSUES: >
#     Known issues: 
#     https://www.cosmos.esa.int/web/gaia-users/known-issues 
# - DOCUMENTATION: >
#     Tutorials and documentation: 
#     https://www.cosmos.esa.int/web/gaia-users/archive 
# datatype:
# - 
#   name: solution_id
#   datatype: int64
#   description: Solution Identifier
#   meta:
#     ucd: meta.version
# - 
#   name: source_id
#   datatype: int64
#   description: Unique source identifier
#   meta:
#     ucd: meta.id;meta.main
# - 
#   name: global_ranking
#   datatype: float32
#   description: Number between 0 (worst) and 1 (best)
#   meta:
#     ucd: stat.param
# - 
#   name: reference_time
#   datatype: float64
#   unit: d
#   description: Reference time used for the geometric model fit
#   meta:
#     ucd: time.epoch
# - 
#   name: frequency
#   datatype: float64
#   unit: d**-1
#   description: Frequency of geometric model of the eclipsing binary light curve
#   meta:
#     ucd: src.orbital
# - 
#   name: frequency_error
#   datatype: float32
#   unit: d**-1
#   description: "Uncertainty of \\texttt{frequency}"
#   meta:
#     ucd: stat.error
# - 
#   name: geom_model_reference_level
#   datatype: float32
#   unit: mag
#   description: Magnitude reference level of geometric model
#   meta:
#     ucd: phot.mag;em.opt
# - 
#   name: geom_model_reference_level_error
#   datatype: float32
#   unit: mag
#   description: "Uncertainty of \\texttt{geomModelReferenceLevel}"
#   meta:
#     ucd: stat.error;phot.mag;em.opt
# - 
#   name: geom_model_gaussian1_phase
#   datatype: float32
#   description: Phase of the Gaussian 1 component
#   meta:
#     ucd: time.phase
# - 
#   name: geom_model_gaussian1_phase_error
#   datatype: float32
#   description: "Uncertainty of \\texttt{geomModelGaussian1Phase}"
#   meta:
#     ucd: stat.error;time.phase
# - 
#   name: geom_model_gaussian1_sigma
#   datatype: float32
#   description: "Standard deviation [phase] of Gaussian 1 component"
#   meta:
#     ucd: stat.stdev
# - 
#   name: geom_model_gaussian1_sigma_error
#   datatype: float32
#   description: "Uncertainty of \\texttt{geomModelGaussian1Sigma}"
#   meta:
#     ucd: stat.error
# - 
#   name: geom_model_gaussian1_depth
#   datatype: float32
#   unit: mag
#   description: Magnitude depth of Gaussian 1 component
#   meta:
#     ucd: src.var.amplitude
# - 
#   name: geom_model_gaussian1_depth_error
#   datatype: float32
#   unit: mag
#   description: "Uncertainty of \\texttt{geomModelGaussian1Depth}"
#   meta:
#     ucd: stat.error;src.var.amplitude
# - 
#   name: geom_model_gaussian2_phase
#   datatype: float32
#   description: Phase of Gaussian 2 component
#   meta:
#     ucd: time.phase
# - 
#   name: geom_model_gaussian2_phase_error
#   datatype: float32
#   description: "Uncertainty of \\texttt{geomModelGaussian2Phase}"
#   meta:
#     ucd: stat.error;time.phase
# - 
#   name: geom_model_gaussian2_sigma
#   datatype: float32
[...]
#   datatype: float32
#   description: "Secondary eclipse: uncertainty of \\texttt{derivedSecondaryEclDuration}"
#   meta:
#     ucd: stat.error;time.duration
# - 
#   name: derived_secondary_ecl_depth
#   datatype: float32
#   unit: mag
#   description: "Secondary eclipse: depth"
#   meta:
#     ucd: src.var.amplitude
# - 
#   name: derived_secondary_ecl_depth_error
#   datatype: float32
#   unit: mag
#   description: "Secondary eclipse: uncertainty of \\texttt{derivedSecondaryEclDepth}"
#   meta:
#     ucd: stat.error;src.var.amplitude
solution_id,source_id,global_ranking,reference_time,frequency,frequency_error,geom_model_reference_level,geom_model_reference_level_error,geom_model_gaussian1_phase,geom_model_gaussian1_phase_error,geom_model_gaussian1_sigma,geom_model_gaussian1_sigma_error,geom_model_gaussian1_depth,geom_model_gaussian1_depth_error,geom_model_gaussian2_phase,geom_model_gaussian2_phase_error,geom_model_gaussian2_sigma,geom_model_gaussian2_sigma_error,geom_model_gaussian2_depth,geom_model_gaussian2_depth_error,geom_model_cosine_half_period_amplitude,geom_model_cosine_half_period_amplitude_error,geom_model_cosine_half_period_phase,geom_model_cosine_half_period_phase_error,model_type,num_model_parameters,reduced_chi2,derived_primary_ecl_phase,derived_primary_ecl_phase_error,derived_primary_ecl_duration,derived_primary_ecl_duration_error,derived_primary_ecl_depth,derived_primary_ecl_depth_error,derived_secondary_ecl_phase,derived_secondary_ecl_phase_error,derived_secondary_ecl_duration,derived_secondary_ecl_duration_error,derived_secondary_ecl_depth,derived_secondary_ecl_depth_error
[from data line 70]
375316653866487564,513929331315799680,0.61739486,2314.7368128948838,2.47374990350548,2.318937E-6,17.800783,0.009036703,0.25481313,0.001151828,0.055728246,0.0037219436,0.25342768,0.019148769,0.75346977,0.0015146221,0.05600115,0.0026875406,0.25310546,0.020008959,0.11473903,0.011009642,0.25481313,0.001151828,"TWOGAUSSIANS_WITH_ELLIPSOIDAL_ON_ECLIPSE1",9,4.8515315,0.25481313,0.001151828,0.31207818,0.020842886,0.4828839,0.0068076034,0.75371975,0.0011935128,0.31360644,0.015050227,0.4825483,0.00467585
375316653866487564,513931770856906752,0.58496344,2307.025026124558,0.2906972018809584,1.587041E-5,16.098618,5.305462E-4,0.2675559,6.614927E-4,0.0042880164,1.8395441E-4,5.477061,1.6304013,0.3788544,0.0021866772,0.0049195965,0.0026463096,0.013166096,0.012377925,null,null,null,null,"TWOGAUSSIANS",8,3.429315,0.2675559,6.614927E-4,0.024012892,0.0010301446,5.477061,1.6304013,0.3788544,0.0021866772,0.02754974,0.014819333,0.013166096,0.012377925
375316653866487564,513933110886488320,0.58689207,2288.2063893499126,0.5445865261614199,4.9098153E-6,18.12346,0.00254364,0.25666896,0.0035932926,0.035970405,0.003718055,0.10871634,0.007150485,0.7603909,8.0680463E-4,0.030128103,5.631553E-4,1.086337,0.015052091,null,null,null,null,"TWOGAUSSIANS",8,5.4331446,0.7603909,8.0680463E-4,0.16871738,0.0031536696,1.086337,0.015052091,0.25666896,0.0035932926,0.20143427,0.020821108,0.10871634,0.007150485
375316653866487564,513934828873442560,0.516019,2289.886361904014,2.1717430044966486,7.1746517E-6,16.687048,0.016730303,0.264327,0.006255789,0.11369988,0.012930889,0.19550966,0.015873123,0.72331464,0.0038385212,0.077493116,0.0057075876,0.40486497,0.017221864,null,null,null,null,"TWOGAUSSIANS",8,55.495342,0.72331464,0.0038385212,0.4,0.0,0.39570102,0.01413272,0.264327,0.006255789,0.4,0.0,0.1862868,0.010761336
375316653866487564,513936473834143744,0.6192975,2260.872782166338,0.7372424710360916,2.1717083E-6,12.455407,2.9099543E-4,0.20464006,0.0019520916,0.025207032,0.0021405814,0.014066711,0.0011406355,0.7033055,7.677241E-4,0.021475453,0.0038686506,0.016174302,0.0025447474,0.03625518,4.711273E-4,0.7033055,7.677241E-4,"TWOGAUSSIANS_WITH_ELLIPSOIDAL_ON_ECLIPSE2",9,16.366182,0.7033055,7.677241E-4,0.12026253,0.021664444,0.088684596,0.0023639111,0.20437007,0.0014930572,0.14115937,0.011987256,0.08657295,0.0011341581
375316653866487564,513939600574065792,0.5521569,2321.1729791240027,0.6465455478970648,2.7615251E-6,17.80727,0.0011476923,0.25296488,0.0019369924,0.023282535,0.0015968345,0.07321951,0.006024791,0.7550943,7.226527E-4,0.022304501,8.611582E-4,0.3088262,0.0076209563,0.011147115,0.0018289733,0.25296488,0.0019369924,"TWOGAUSSIANS_WITH_ELLIPSOIDAL_ON_ECLIPSE1",9,2.0257604,0.7550943,7.226527E-4,0.12490521,0.004822486,0.33111647,0.0070459377,0.25296488,0.0019369924,0.1303822,0.008942273,0.09551374,0.005618888
375316653866487564,513940876188687744,0.54373777,2315.830688666238,4.341045996216591,3.6809397E-6,15.779455,0.0018560494,0.25578943,0.0017456805,0.033063143,0.0018713521,0.15549898,0.0065513654,0.7605155,0.001419448,0.03424509,0.0019059655,0.18519239,0.011792645,0.03945403,0.0029032202,0.7605155,0.001419448,"TWOGAUSSIANS_WITH_ELLIPSOIDAL_ON_ECLIPSE2",9,28.5242,0.7605155,0.001419448,0.19177249,0.010673407,0.26410046,0.012028177,0.25598943,0.0016701941,0.1851536,0.010479571,0.2343404,0.0058957054
375316653866487564,513941112400096512,0.52219427,2320.776662268447,0.2929414093652257,9.505938E-6,18.722252,0.001567031,0.13429351,0.0015773603,0.01601169,0.001288418,0.6045198,0.04675093,0.5166101,0.026094344,0.01649969,0.019863395,0.010190313,0.013996548,null,null,null,null,"TWOGAUSSIANS",8,2.092533,0.13429351,0.0015773603,0.089665465,0.007215141,0.6045198,0.04675093,0.5166101,0.026094344,0.09239826,0.111235015,0.010190313,0.013996548
375316653866487564,513941597743164672,0.63208264,2311.419548925793,1.9662223238833714,1.1636251E-6,11.756191,0.002079567,0.23650382,4.1852897E-4,0.049250826,0.0017445858,0.10928301,0.0057884175,0.7386687,7.0789165E-4,0.048292648,0.0015223493,0.1586719,0.0056347945,0.10290599,0.003946527,0.23650382,4.1852897E-4,"TWOGAUSSIANS_WITH_ELLIPSOIDAL_ON_ECLIPSE1",9,52.123795,0.7386687,7.0789165E-4,0.27043882,0.008525156,0.36444533,0.0035793406,0.23650382,4.1852897E-4,0.27580464,0.00976968,0.31509453,0.0030526072
375316653866487564,513943109571777408,0.63926524,2335.884573035321,1.7411693949098908,2.2716472E-6,17.96808,0.005139431,0.21981806,9.5760386E-4,0.057018623,0.004532103,0.09155828,0.01115939,0.7194619,0.0015391697,0.05052607,0.0018745151,0.53108627,0.015984803,0.079182364,0.0063053626,0.21981806,9.5760386E-4,"TWOGAUSSIANS_WITH_ELLIPSOIDAL_ON_ECLIPSE1",9,2.1508803,0.7194819,0.0014845793,0.28294602,0.010497284,0.68944144,0.01539354,0.21981806,9.5760386E-4,0.3193043,0.025379777,0.24991423,0.0036023227
375316653866487564,513943521888507008,0.54188377,2305.512594119192,0.44420297331549496,1.4513737E-5,14.658373,0.0018556784,0.22497256,0.0034353656,0.021284482,0.0027686516,0.038896807,0.0053697093,0.7218382,0.0010922954,0.023820188,0.0021179009,0.27558222,0.06938235,0.016554441,0.002821334,0.22497256,0.0034353656,"TWOGAUSSIANS_WITH_ELLIPSOIDAL_ON_ECLIPSE1",9,44.011024,0.7218582,0.0010778867,0.13339306,0.011860245,0.30867833,0.06976891,0.22497256,0.0034353656,0.11919309,0.015504449,0.07200569,0.0051865103
375316653866487564,513944995050673152,0.5358568,2312.1738542162225,1.6553300124920716,6.175512E-6,18.210604,0.50702596,0.2885552,0.0081438655,0.15453762,0.040225014,0.41547668,0.41649252,0.80223423,0.008273402,0.18026286,0.08667754,0.3594618,0.49064878,null,null,null,null,"TWOGAUSSIANS",8,1.7016861,0.2855052,0.0032072908,0.4,0.0,0.19681478,0.005979292,0.80484426,0.004925496,0.4,0.0,0.12971684,0.005599198
375316653866487564,513945136796367104,0.47564733,2296.521003804855,0.3495398346432293,2.9330129E-6,17.876156,0.0036301657,0.15336668,0.0032028637,0.019066399,0.0024579384,0.20869328,0.015687361,0.64583135,7.2243396E-4,0.011220486,7.509568E-4,0.49106717,0.042629533,null,null,null,null,"TWOGAUSSIANS",8,20.413189,0.64583135,7.2243396E-4,0.062834725,0.004205358,0.49106717,0.042629533,0.15336668,0.0032028637,0.106771834,0.013764454,0.20869328,0.015687361
375316653866487564,513947782495952640,0.6214778,2301.5339632074574,0.11652969304026935,1.0028908E-6,17.361889,6.1188464E-4,0.91863567,0.094216615,0.061508942,0.06542912,0.0021699292,0.008527512,0.16866909,4.5688685E-6,0.009181818,1.8008417E-5,0.5069137,4.6701496E-4,null,null,null,null,"TWOGAUSSIANS",8,2.232699,0.16866909,4.5688685E-6,0.05141818,1.0084714E-4,0.5069143,4.666874E-4,0.91863567,0.094216615,0.3444501,0.35572565,0.0021699292,0.008527512
375316653866487564,513948091733633408,0.54693145,2319.7697097789246,0.847531090405202,2.9203409E-6,17.014517,8.485787E-4,0.6022456,8.016072E-4,0.03358636,8.551088E-4,0.17200007,0.0047041085,0.77919626,0.015424768,0.034430303,0.029447742,0.0067548174,0.007009402,null,null,null,null,"TWOGAUSSIANS",8,2.6143134,0.6022456,8.016072E-4,0.18808363,0.004788609,0.17200008,0.0047041355,0.77919626,0.015424768,0.1928097,0.16490735,0.006754979,0.0070093838
375316653866487564,513949637921740288,0.55411106,2286.5494927696,3.224750934428029,3.6384654E-6,18.47143,0.004456705,0.23179936,0.0013610437,0.08388819,0.0017666981,0.42187068,0.0069265445,0.7304355,0.0019978161,0.08475889,0.002312791,0.4194582,0.008249185,null,null,null,null,"TWOGAUSSIANS",8,3.6656973,0.23179936,0.0013610437,0.4,0.0,0.41173545,0.0066934675,0.7304355,0.0019978161,0.4,0.0,0.40932298,0.008213043
375316653866487564,513950011572754560,0.50334203,2298.380472206619,0.785441458658896,2.1127755E-6,18.452072,0.0035524745,0.3585938,0.0029399283,0.02556429,0.0033044931,0.0984712,0.006193645,0.856451,5.7265547E-4,0.017620677,6.20911E-4,0.42267156,0.023218976,null,null,null,null,"TWOGAUSSIANS",8,4.649083,0.856451,5.7265547E-4,0.098675795,0.0034771017,0.42267156,0.023218976,0.3585938,0.0029399283,0.14316003,0.018505162,0.0984712,0.006193645
375316653866487564,513954276482387072,0.4527136,2293.11737469718,0.7431807494359066,1.26855175E-5,18.079931,0.0044416822,0.2820939,8.8751636E-4,0.014978251,0.0015775036,0.35291725,0.0257518,0.78709924,0.0038645777,0.01091792,0.0032373487,0.09435571,0.047012955,null,null,null,null,"TWOGAUSSIANS",8,20.21633,0.2820939,8.8751636E-4,0.08387821,0.00883402,0.35291725,0.0257518,0.78709924,0.0038645777,0.061140347,0.018129153,0.09435571,0.047012955
375316653866487564,513954340899916544,0.47244206,2285.0085802113604,2.775002525726781,1.2174065E-5,19.309925,0.02437068,0.21226606,0.0042305887,0.10526358,0.0142348185,0.20223288,0.019933162,0.70516837,0.0053008394,0.10217101,0.013514621,0.2014299,0.023058392,null,null,null,null,"TWOGAUSSIANS",8,2.171894,0.21226606,0.0042305444,0.4,0.0,0.18189862,0.011902245,0.70516837,0.0053008394,0.4,0.0,0.18109831,0.008968204
375316653866487564,513956333764420224,0.5470708,2319.4794387486336,3.8760512037371355,3.7502616E-6,19.757946,0.011257817,0.21329676,0.0027798086,0.044565447,0.0075712064,0.6151108,0.4772211,0.70810133,0.0012908635,0.04014589,0.0023931207,0.66374856,0.02951235,0.13091457,0.017488712,0.21329676,0.0027798086,"TWOGAUSSIANS_WITH_ELLIPSOIDAL_ON_ECLIPSE1",9,2.596821,0.7083513,0.0011849127,0.22481698,0.013401476,0.92531174,0.028481862,0.21329676,0.0027798086,0.2495665,0.04239876,0.8769396,0.48725384
375316653866487564,513957128345020032,0.6504591,2274.3809979745383,1.1151261552145195,1.4241332E-6,16.374512,0.0017257552,0.29564747,0.001035698,0.03790464,9.189938E-4,0.36246172,0.008865677,0.79514354,5.215541E-4,0.038324103,7.38847E-4,0.3186469,0.005174678,0.029346492,0.0021243268,0.29564747,0.001035698,"TWOGAUSSIANS_WITH_ELLIPSOIDAL_ON_ECLIPSE1",9,5.613734,0.29564747,0.001035698,0.21226597,0.005146365,0.42115468,0.008783679,0.79515356,5.096602E-4,0.21461499,0.004137543,0.3773393,0.0042995866
375316653866487564,513959430447208960,0.54378253,2301.243967452887,0.30129007942121355,6.184447E-6,16.816483,9.3936786E-4,0.22719286,0.0046438063,0.028628968,0.008279443,0.120445125,0.008861572,0.7238326,0.004421555,0.026446933,0.0033774239,0.09330512,0.011265163,0.009012827,0.0017527464,0.22719286,0.0046438063,"TWOGAUSSIANS_WITH_ELLIPSOIDAL_ON_ECLIPSE1",9,2.7407181,0.22719286,0.0046438063,0.16032222,0.046364877,0.13847074,0.009758387,0.7238726,0.004378818,0.14810282,0.018913575,0.11132279,0.011009572
375316653866487564,513959735378153600,0.5567732,2315.2052189510464,0.4560063791603827,4.156587E-6,18.760733,0.0014252077,0.19157255,5.083183E-5,0.01232393,1.7216301E-4,0.8367149,0.045063797,0.69088656,0.0010879685,0.014433737,0.0015330488,0.539526,0.035762157,null,null,null,null,"TWOGAUSSIANS",8,1.1404413,0.19157255,5.083183E-5,0.069014005,9.6411287E-4,0.8367149,0.045063797,0.69088656,0.0010879685,0.08082893,0.008585074,0.539526,0.035762157
375316653866487564,513960736117318144,0.5602128,2265.301632409584,0.7234654289168286,3.629078E-6,14.125454,0.0028990263,0.24107113,0.0010989017,0.03557459,0.0023718737,0.24323888,0.007634756,0.74143016,0.0013942468,0.023109645,0.0047978866,0.022499785,0.0072976253,0.0146984095,0.004264187,0.24107113,0.0010989017,"TWOGAUSSIANS_WITH_ELLIPSOIDAL_ON_ECLIPSE1",9,93.840546,0.24107113,0.0010989017,0.1992177,0.013282493,0.2726357,0.008676262,0.74143016,0.0013803387,0.129414,0.026868165,0.05189645,0.0023657635
375316653866487564,513962625902857984,0.48394167,2300.2105305293658,3.8973837747516114,9.144831E-6,19.752193,0.008344542,0.2891197,0.008753158,0.07289825,0.010717822,0.3347084,0.034326036,0.79902524,0.0023562028,0.06326054,0.003933499,0.30178463,0.00950866,null,null,null,null,"TWOGAUSSIANS",8,2.6534834,0.2891197,0.008753158,0.4,0.020682534,0.33413514,0.03458961,0.79902524,0.0023562028,0.35425904,0.022027595,0.3012114,0.009363527
375316653866487564,513962660262593152,0.5983563,2298.784444490453,0.48327949146192656,1.0021364E-6,17.487448,0.0017187686,0.19012018,0.0022590472,0.03148396,0.0022733817,0.09048045,0.005173179,0.6901164,1.8867844E-4,0.029337276,3.1699668E-4,0.5491385,0.0036094554,null,null,null,null,"TWOGAUSSIANS",8,3.7088013,0.6901164,1.8867844E-4,0.16428874,0.0017751814,0.5491385,0.0036094554,0.19012018,0.0022590472,0.17631017,0.0127309365,0.09048045,0.005173179
375316653866487564,513962827754133888,0.52938837,2289.97252829208,3.406705365206032,5.5545765E-6,19.519712,0.013236661,0.21032129,0.0027972655,0.091926076,0.0054706545,0.3830961,0.019438967,0.7128906,0.0023006445,0.09052771,0.0045238016,0.3816344,0.01267686,null,null,null,null,"TWOGAUSSIANS",8,1.8954341,0.21032129,0.0027972655,0.4,0.0,0.3658797,0.020112362,0.7128906,0.0023006445,0.4,0.0,0.36441815,0.009799063
375316653866487564,513963450536551680,0.5570984,2277.8006301506134,0.9023223494825938,4.182236E-6,14.48898,6.3774566E-4,0.29338905,7.423058E-4,0.027368402,9.189099E-4,0.06935089,0.0014539764,0.79276955,0.0023691799,0.022880927,0.0021088747,0.039780315,0.0043201703,0.0035314355,9.5781224E-4,0.29338905,7.423058E-4,"TWOGAUSSIANS_WITH_ELLIPSOIDAL_ON_ECLIPSE1",9,6.4025,0.29338905,7.423058E-4,0.15326305,0.0051458953,0.07641376,8.238116E-4,0.79276955,0.0023491562,0.1281332,0.011809699,0.04684307,0.0036454482
375316653866487564,513965065444224256,0.4932706,2310.833911444876,0.028471719273724223,8.407434E-6,15.935144,5.651791E-4,0.8529109,0.0013571349,0.003766107,0.0014968826,0.20479736,0.10584017,null,null,null,null,null,null,null,null,null,null,"ONEGAUSSIAN",5,15.820203,0.8529109,0.0013571349,0.021090198,0.008382543,0.20479736,0.0,null,null,null,null,null,null
375316653866487564,513965198577248896,0.5584915,2294.806413958304,0.33829628033129033,5.105874E-5,17.977415,0.0010821554,0.63304394,0.0047362684,0.020878881,0.0026170192,0.5493022,0.04693038,null,null,null,null,null,null,null,null,null,null,"ONEGAUSSIAN",5,3.7489767,0.63304394,0.0047362684,0.11692173,0.014655308,0.5493022,0.0,null,null,null,null,null,null
375316653866487564,513965374681839488,0.479476,2306.4623996311707,2.0439710673729627,1.3529939E-5,18.312546,0.007773959,0.2580219,0.0037462532,0.11124941,0.010218222,0.09971475,0.0072651715,0.7459237,0.006883653,0.08942428,0.012603451,0.07983862,0.008148813,null,null,null,null,"TWOGAUSSIANS",8,1.9120717,0.2580219,0.0037462532,0.4,0.0,0.092794985,0.003753295,0.7459237,0.006883653,0.4,0.0,0.07292795,0.006217072
375316653866487564,513965546475423872,0.46889716,2307.8721123711402,4.780738989058332,1.7146127E-5,18.319456,0.0023063887,0.24372895,0.0043940544,0.011470251,0.0033588745,0.2833539,0.24727453,0.5030174,9.965758E-5,0.004553428,2.1821627E-4,0.53430504,0.03641079,null,null,null,null,"TWOGAUSSIANS",8,5.719239,0.5030174,9.965758E-5,0.025499195,0.0012220112,0.53430504,0.03641079,0.24372895,0.0043940544,0.06423341,0.018809697,0.2833539,0.24727453
375316653866487564,513968192180797568,0.49702916,2297.2252725776243,3.4767804205913744,9.691539E-6,18.104036,0.016350744,0.29386827,0.0032359222,0.10536522,0.009236601,0.19026661,0.015737412,0.7918043,0.0036340905,0.10414046,0.0089791855,0.21282034,0.015753737,null,null,null,null,"TWOGAUSSIANS",8,5.7950435,0.7918043,0.0036340905,0.4,0.0,0.19005504,0.007884674,0.29386827,0.0032359222,0.4,0.0,0.16750062,0.008817052
375316653866487564,513968192180819712,0.5875181,2280.376529554545,1.0401333159574886,3.9711335E-6,16.625418,0.0032579259,0.18174167,0.0034724916,0.036566377,0.0033214476,0.08946312,0.009653634,0.6842883,6.2490767E-4,0.03415513,0.0017876169,0.6585931,0.066668265,0.00810103,0.004225348,0.18174167,0.0034724916,"TWOGAUSSIANS_WITH_ELLIPSOIDAL_ON_ECLIPSE1",9,11.004007,0.6842883,6.2490767E-4,0.19126874,0.010010655,0.67479104,0.069789395,0.18174167,0.0034724916,0.20477171,0.018600106,0.105665155,0.0067242286
