Gaia/vari_eclipsing_binary/VariEclipsingBinary_465977-466001.csv
# %ECSV 1.0
# ---
# delimiter: ','
# meta: !!omap
# - RELEASE: Gaia DR3
# - TABLE: vari_eclipsing_binary
# - DESCRIPTION: >
#     This table describes the properties of the eclipsing binaries resulting from the variability analysis. 
# - CITATION: >
#     How to cite and acknowledge Gaia: 
#     https://gea.esac.esa.int/archive/documentation/credits.html 
# - KNOWN_ISSUES: >
#     Known issues: 
#     https://www.cosmos.esa.int/web/gaia-users/known-issues 
# - DOCUMENTATION: >
#     Tutorials and documentation: 
#     https://www.cosmos.esa.int/web/gaia-users/archive 
# datatype:
# - 
#   name: solution_id
#   datatype: int64
#   description: Solution Identifier
#   meta:
#     ucd: meta.version
# - 
#   name: source_id
#   datatype: int64
#   description: Unique source identifier
#   meta:
#     ucd: meta.id;meta.main
# - 
#   name: global_ranking
#   datatype: float32
#   description: Number between 0 (worst) and 1 (best)
#   meta:
#     ucd: stat.param
# - 
#   name: reference_time
#   datatype: float64
#   unit: d
#   description: Reference time used for the geometric model fit
#   meta:
#     ucd: time.epoch
# - 
#   name: frequency
#   datatype: float64
#   unit: d**-1
#   description: Frequency of geometric model of the eclipsing binary light curve
#   meta:
#     ucd: src.orbital
# - 
#   name: frequency_error
#   datatype: float32
#   unit: d**-1
#   description: "Uncertainty of \\texttt{frequency}"
#   meta:
#     ucd: stat.error
# - 
#   name: geom_model_reference_level
#   datatype: float32
#   unit: mag
#   description: Magnitude reference level of geometric model
#   meta:
#     ucd: phot.mag;em.opt
# - 
#   name: geom_model_reference_level_error
#   datatype: float32
#   unit: mag
#   description: "Uncertainty of \\texttt{geomModelReferenceLevel}"
#   meta:
#     ucd: stat.error;phot.mag;em.opt
# - 
#   name: geom_model_gaussian1_phase
#   datatype: float32
#   description: Phase of the Gaussian 1 component
#   meta:
#     ucd: time.phase
# - 
#   name: geom_model_gaussian1_phase_error
#   datatype: float32
#   description: "Uncertainty of \\texttt{geomModelGaussian1Phase}"
#   meta:
#     ucd: stat.error;time.phase
# - 
#   name: geom_model_gaussian1_sigma
#   datatype: float32
#   description: "Standard deviation [phase] of Gaussian 1 component"
#   meta:
#     ucd: stat.stdev
# - 
#   name: geom_model_gaussian1_sigma_error
#   datatype: float32
#   description: "Uncertainty of \\texttt{geomModelGaussian1Sigma}"
#   meta:
#     ucd: stat.error
# - 
#   name: geom_model_gaussian1_depth
#   datatype: float32
#   unit: mag
#   description: Magnitude depth of Gaussian 1 component
#   meta:
#     ucd: src.var.amplitude
# - 
#   name: geom_model_gaussian1_depth_error
#   datatype: float32
#   unit: mag
#   description: "Uncertainty of \\texttt{geomModelGaussian1Depth}"
#   meta:
#     ucd: stat.error;src.var.amplitude
# - 
#   name: geom_model_gaussian2_phase
#   datatype: float32
#   description: Phase of Gaussian 2 component
#   meta:
#     ucd: time.phase
# - 
#   name: geom_model_gaussian2_phase_error
#   datatype: float32
#   description: "Uncertainty of \\texttt{geomModelGaussian2Phase}"
#   meta:
#     ucd: stat.error;time.phase
# - 
#   name: geom_model_gaussian2_sigma
#   datatype: float32
[...]
#   datatype: float32
#   description: "Secondary eclipse: uncertainty of \\texttt{derivedSecondaryEclDuration}"
#   meta:
#     ucd: stat.error;time.duration
# - 
#   name: derived_secondary_ecl_depth
#   datatype: float32
#   unit: mag
#   description: "Secondary eclipse: depth"
#   meta:
#     ucd: src.var.amplitude
# - 
#   name: derived_secondary_ecl_depth_error
#   datatype: float32
#   unit: mag
#   description: "Secondary eclipse: uncertainty of \\texttt{derivedSecondaryEclDepth}"
#   meta:
#     ucd: stat.error;src.var.amplitude
solution_id,source_id,global_ranking,reference_time,frequency,frequency_error,geom_model_reference_level,geom_model_reference_level_error,geom_model_gaussian1_phase,geom_model_gaussian1_phase_error,geom_model_gaussian1_sigma,geom_model_gaussian1_sigma_error,geom_model_gaussian1_depth,geom_model_gaussian1_depth_error,geom_model_gaussian2_phase,geom_model_gaussian2_phase_error,geom_model_gaussian2_sigma,geom_model_gaussian2_sigma_error,geom_model_gaussian2_depth,geom_model_gaussian2_depth_error,geom_model_cosine_half_period_amplitude,geom_model_cosine_half_period_amplitude_error,geom_model_cosine_half_period_phase,geom_model_cosine_half_period_phase_error,model_type,num_model_parameters,reduced_chi2,derived_primary_ecl_phase,derived_primary_ecl_phase_error,derived_primary_ecl_duration,derived_primary_ecl_duration_error,derived_primary_ecl_depth,derived_primary_ecl_depth_error,derived_secondary_ecl_phase,derived_secondary_ecl_phase_error,derived_secondary_ecl_duration,derived_secondary_ecl_duration_error,derived_secondary_ecl_depth,derived_secondary_ecl_depth_error
[from data line 340]
375316653866487564,4098884137525238272,0.5728867,2240.731168534975,2.677954122666513,1.6161606E-5,18.736063,0.024017468,0.3604181,0.0121877855,0.0643714,0.013386475,0.3302822,0.030235175,0.84529066,0.006508998,0.060843688,0.012410388,0.29211292,0.024284167,null,null,null,null,"TWOGAUSSIANS",8,3.1593366,0.3604181,0.0121877855,0.36047983,0.04285871,0.33015078,0.03047994,0.84529066,0.006508998,0.34072465,0.069498174,0.2919815,0.02414494
375316653866487564,4098885408835709568,0.5547554,2251.4754993606234,2.6398009510576457,4.0135656E-5,17.375622,0.019983128,0.2417643,0.0043745227,0.09054206,0.008537242,0.3933572,0.033429407,0.7349693,0.0071939463,0.083789214,0.008303754,0.5219973,0.037831943,null,null,null,null,"TWOGAUSSIANS",8,21.506588,0.7349693,0.0071939463,0.4,0.0,0.5088606,0.036618132,0.2417643,0.0043745227,0.4,0.0,0.38022026,0.03483984
375316653866487564,4098886340847946240,0.5393602,2187.424475267291,2.5945936839988697,6.0695438E-5,18.902658,0.019735144,0.29261944,0.01108749,0.074936286,0.0127363885,0.4888316,0.058777515,0.79988515,0.006431817,0.07767078,0.011398199,0.36866418,0.059137035,null,null,null,null,"TWOGAUSSIANS",8,9.512656,0.29261944,0.01108749,0.4,0.013395558,0.48545897,0.05968097,0.79988515,0.006431817,0.4,0.0,0.36529154,0.061661523
375316653866487564,4098886478286804992,0.5226591,2253.352657373547,3.8934681920127057,2.5711786E-5,19.17901,0.046466507,0.22176005,0.0043046107,0.08423008,0.012546393,0.32711223,0.044382375,0.72698057,0.010537733,0.11285358,0.028869513,0.2703922,0.042681564,null,null,null,null,"TWOGAUSSIANS",8,3.1782258,0.22176005,0.0043286784,0.4,0.0,0.30553454,0.029189017,0.72698057,0.010537733,0.4,0.0,0.24878441,0.039764803
375316653866487564,4098887161182291840,0.5842555,2227.0102228324045,0.19594883446697964,3.752149E-5,18.87582,0.008241114,0.22610155,0.022742731,0.0829487,0.052021157,0.27643892,0.46825716,0.7310512,0.009434915,0.052802287,0.020089088,0.24217713,0.028540187,null,null,null,null,"TWOGAUSSIANS",8,1.8757379,0.22610155,0.022742731,0.4,0.22783773,0.27593234,0.46871898,0.7310512,0.009434915,0.2956928,0.112498894,0.24167056,0.028860526
375316653866487564,4098888295073857920,0.48784712,2254.8779912130462,1.137936242640701,8.549268E-5,19.868559,0.009845874,0.16586956,0.0032565752,0.04835289,0.0032026744,0.27991718,0.019818502,0.663874,0.017296338,0.047833737,0.030665372,0.17090952,0.08253663,null,null,null,null,"TWOGAUSSIANS",8,0.9550715,0.16586956,0.0032565752,0.27077618,0.017934976,0.27991664,0.019807551,0.663874,0.017296338,0.26786894,0.13795589,0.17090899,0.082559876
375316653866487564,4098890356638308352,0.47051984,2272.783948597971,1.9394379995929376,1.3170564E-4,17.92825,0.0044676503,0.3239759,0.05725699,0.06511397,0.070579946,0.06995536,0.3019257,0.60911953,0.05121113,0.11733617,0.02805812,0.13959998,0.032825623,null,null,null,null,"TWOGAUSSIANS",8,1.8644723,0.60911953,0.05121113,0.4,0.0,0.13950408,0.03240392,0.3351659,0.07348291,0.3646382,0.38275483,0.07797411,0.31837794
375316653866487564,4098890803313374080,0.6169973,2160.1765425481826,1.906119738803086,1.0809285E-5,17.970125,0.009825271,0.23834138,0.0050216084,0.08458521,0.0049227937,0.5438658,0.050882723,0.7443899,0.0034688325,0.075112194,0.0042846734,0.3996092,0.026049407,null,null,null,null,"TWOGAUSSIANS",8,2.2946918,0.23834138,0.0050216084,0.4,0.0,0.5376682,0.052174173,0.7443899,0.0034688325,0.4,0.0,0.3934116,0.026486274
375316653866487564,4098890841974000128,0.53300345,2137.195318772923,0.3226383718678145,3.629642E-5,18.511084,0.0015005277,null,null,null,null,null,null,null,null,null,null,null,null,0.032447767,0.0016771455,0.22992362,0.005922282,"ELLIPSOIDAL",4,0.3941798,null,null,null,null,null,null,null,null,null,null,null,null
375316653866487564,4098890979412918656,0.5604318,2206.067968486383,3.3701260088847724,1.559067E-5,19.413376,0.37891483,0.29499975,0.013765291,0.20642218,0.15264687,0.4332916,0.269358,0.77720195,0.0043559326,0.08815861,0.015734358,0.6164596,0.18290661,null,null,null,null,"TWOGAUSSIANS",8,1.1342843,0.77720195,0.0043559326,0.4,0.0,0.48317704,0.03898077,0.29499975,0.013765291,0.4,0.0,0.25307405,0.11857633
375316653866487564,4098891116851989504,0.5497683,2228.6832230798636,3.186917535342002,2.443385E-5,19.001581,0.030834056,0.19439326,0.0055844155,0.0618359,0.0134068495,0.43606,0.12376613,0.6863903,0.006099171,0.07909848,0.007818147,0.503466,0.051709887,null,null,null,null,"TWOGAUSSIANS",8,5.526061,0.6863903,0.006099171,0.4,0.0,0.5020499,0.051090784,0.19439326,0.0055844155,0.34628102,0.07507836,0.43464392,0.12455701
375316653866487564,4098892113282261504,0.4781149,2253.3886873221522,0.29213392813187894,4.4529374E-5,19.363415,0.026789006,0.2888438,0.014821985,0.08916162,0.018205771,0.17264406,0.033237923,0.7471663,0.039535623,0.075990565,0.022041934,0.30603305,0.15862124,null,null,null,null,"TWOGAUSSIANS",8,2.5837932,0.7471663,0.039535623,0.4,0.030984228,0.30398056,0.16000682,0.2888438,0.014821985,0.4,0.0,0.17059128,0.03134033
375316653866487564,4098893380295745536,0.5314117,2239.949003430313,4.563586744801487,1.3018212E-4,17.274706,0.0069192946,0.17050788,0.026710045,0.05096164,0.031407293,0.33392042,2028808.6,0.65113133,0.0026601637,0.059279703,0.0062288647,0.15644841,0.00844301,null,null,null,null,"TWOGAUSSIANS",8,7.392579,0.17050788,0.026710045,0.28538516,0.17588085,0.33391374,2028808.6,0.65113133,0.0026601637,0.33196634,0.03488164,0.15644173,0.008444966
375316653866487564,4098893895688891904,0.4763784,2228.467258612241,0.9590755969722502,3.6873185E-5,18.215044,0.0135741355,0.31116828,0.057242937,0.11398785,0.055415317,0.12127135,0.06421872,0.798149,0.008393473,0.07205391,0.01061944,0.17782684,0.014965683,null,null,null,null,"TWOGAUSSIANS",8,2.0585825,0.798149,0.008393473,0.4,0.016087225,0.17179866,0.011628249,0.31116828,0.057242937,0.4,0.0052173273,0.11522513,0.0699072
375316653866487564,4098895102616975744,0.51764584,2178.095374600983,0.10779598207028217,3.488497E-5,18.503477,0.20742454,0.1986217,0.017033715,0.08092333,0.020217063,0.7274262,0.15309756,0.69809365,0.007848774,0.15901484,0.04298846,0.5412648,0.20151818,null,null,null,null,"TWOGAUSSIANS",8,3.3091576,0.1986317,0.017197462,0.4,0.033942085,0.6100717,0.05751983,0.69809365,0.007848774,0.4,0.0,0.41619197,0.036253992
375316653866487564,4098895136976707712,0.5583179,2155.17637457228,0.10786393654374649,1.8802556E-4,18.535378,0.019895917,0.19149426,0.03774042,0.053399563,0.03571604,0.46035984,0.0642309,0.6682085,0.008447318,0.06376989,0.008972258,0.38337892,0.038761858,null,null,null,null,"TWOGAUSSIANS",8,5.160981,0.19149426,0.03774042,0.29903755,0.15177776,0.46032113,0.06517823,0.6682085,0.008447318,0.35711136,0.050244644,0.3833402,0.03865547
375316653866487564,4098895338798314112,0.48835003,2155.329826085622,0.10782468265565809,4.1836924E-5,18.808823,0.02725414,0.1860627,0.012562955,0.09276858,0.026061308,0.23606008,0.024933055,0.64865583,0.04387829,0.055118185,0.021337224,0.31073382,0.22521882,null,null,null,null,"TWOGAUSSIANS",8,6.897248,0.64865583,0.04387829,0.30866182,0.119488455,0.31005204,0.22518492,0.1860627,0.012562955,0.4,0.0,0.23537734,0.023202108
375316653866487564,4098896850626860928,0.62393665,2196.1780894830435,3.891115282862142,5.5720775E-6,18.080484,0.009488037,0.20023678,0.0038433427,0.07644051,0.0040487307,0.34759682,0.012549397,0.69068843,0.0024056067,0.07433526,0.002912924,0.45540088,0.019036185,null,null,null,null,"TWOGAUSSIANS",8,1.7050458,0.69068843,0.0024056067,0.4,0.0,0.452774,0.018926347,0.20023678,0.0038433427,0.4,0.0,0.3449699,0.011416633
375316653866487564,4098897370320764800,0.47568515,2260.049160477055,0.09586095647388647,3.4833873E-5,19.064257,0.007074013,0.8379135,0.0015013618,0.0044767153,0.005492836,0.20649953,1.06284288E8,null,null,null,null,null,null,0.088836245,0.009652797,0.8379135,0.0015013618,"ONEGAUSSIAN_WITH_ELLIPSOIDAL",6,2.7883863,0.8379135,0.0015013618,0.025069606,0.03075988,0.3841718,1.06284288E8,null,null,null,null,null,null
375316653866487564,4098897542119337088,0.5879194,2238.0994130512404,2.6148415714597912,1.6176622E-5,17.35297,0.008172821,0.285747,0.0033261986,0.023400854,0.01158771,0.15653425,0.087243766,0.77801573,0.03417122,0.0393751,0.030653736,0.1302492,0.4926877,0.117780894,0.011835464,0.285747,0.0033261986,"TWOGAUSSIANS_WITH_ELLIPSOIDAL_ON_ECLIPSE1",9,6.009525,0.285747,0.0033261986,0.13104478,0.064891174,0.39209563,0.090182,0.7794157,0.030165771,0.22050056,0.17166093,0.3653557,0.5040725
375316653866487564,4098898057547253504,0.56534326,2199.837123530831,2.385555814567549,2.3522223E-5,17.893654,0.019472923,0.2640043,0.0047059027,0.099517584,0.007854463,0.33561677,0.021096589,0.748956,0.004628956,0.09359048,0.008653369,0.35165772,0.018516257,null,null,null,null,"TWOGAUSSIANS",8,5.324933,0.748956,0.004628956,0.4,0.0,0.33208668,0.015446448,0.2640043,0.0047059027,0.4,0.0,0.3160435,0.016226888
375316653866487564,4098898332425196544,0.42822146,2245.6103623927447,0.36573224322649633,2.0013915E-5,16.144161,0.055211235,null,null,null,null,null,null,null,null,null,null,null,null,0.11889668,0.0731745,0.30601433,0.009678055,"ELLIPSOIDAL",4,358.0236,null,null,null,null,null,null,null,null,null,null,null,null
375316653866487564,4098898779109003136,0.5018854,2162.8866446842267,0.7750683043050333,4.4965996E-5,18.512955,0.13606203,0.34973466,0.020588737,0.0895313,0.107139915,0.19356956,0.10832667,0.84417194,0.017456485,0.0857841,0.03471652,0.20878741,0.12837493,null,null,null,null,"TWOGAUSSIANS",8,5.476368,0.84417194,0.017447138,0.4,0.0,0.2025066,0.027134372,0.34973466,0.020592514,0.4,0.03674548,0.1872887,0.042668093
375316653866487564,4098899431936894848,0.49727526,2270.9158233767553,2.72137284432279,3.0328234E-5,17.849342,0.06068863,0.1542775,0.011800108,0.088015616,0.024117624,0.34258008,0.05582054,0.6625952,0.009310717,0.08529791,0.019011168,0.32205963,0.0725173,null,null,null,null,"TWOGAUSSIANS",8,21.613968,0.1542775,0.011800108,0.4,0.0,0.33357155,0.037094526,0.6625952,0.009310717,0.4,0.0,0.31305116,0.057927616
375316653866487564,4098899599425454080,0.5675675,2216.3826815129864,3.051987901044972,1.3544126E-5,18.690823,0.029864565,0.317339,0.023567766,0.08189339,0.01747291,0.39112228,0.059909962,0.81203765,0.004571554,0.09484641,0.010236226,0.29792875,0.02868641,null,null,null,null,"TWOGAUSSIANS",8,3.0003178,0.317339,0.023567766,0.4,0.029322427,0.37983832,0.054180413,0.81203765,0.004571554,0.4,0.0,0.28664422,0.021320723
375316653866487564,4098900875046344448,0.5808527,2250.625674132361,1.5483413065358012,2.168088E-5,17.12909,0.0066629676,0.25771302,0.0055106985,0.078257725,0.012720749,0.14390092,0.0064706006,0.75441825,0.0074977614,0.07860251,0.0064532505,0.33537516,0.038073026,null,null,null,null,"TWOGAUSSIANS",8,5.278174,0.75441825,0.0074977614,0.4,0.0,0.33284238,0.03853206,0.25771302,0.0055106985,0.4,0.0,0.14136814,0.007797926
375316653866487564,4098900943739207936,0.6761778,2265.597668916898,3.5654819796731303,5.361812E-6,16.414936,0.011460872,0.261177,0.0018160127,0.047849357,0.0028754168,0.5175284,0.035836898,0.7572452,0.0015262045,0.042116776,0.0026608557,0.46044093,0.032600943,0.13773517,0.012987896,0.261177,0.0018160127,"TWOGAUSSIANS_WITH_ELLIPSOIDAL_ON_ECLIPSE1",9,18.504414,0.261177,0.0018160127,0.2679564,0.016102334,0.79299784,0.03141099,0.7575452,0.0013854366,0.23585394,0.014900791,0.73575526,0.028906535
375316653866487564,4098901562240511360,0.43483654,2269.778980916378,0.14941289514045117,1.6765463E-5,17.070507,0.005251714,0.16170044,0.0028725928,0.06404757,0.005212696,0.2054847,0.020660628,null,null,null,null,null,null,null,null,null,null,"ONEGAUSSIAN",5,5.8338203,0.16170044,0.0028725928,0.35866636,0.029191095,0.2054847,0.0,null,null,null,null,null,null
375316653866487564,4098901626630766720,0.5536042,2234.5444997511554,0.5182555364362498,3.6764923E-5,18.921848,0.01638032,0.26574975,0.008908199,0.13353686,0.012838781,0.21198821,0.018573357,0.9593795,3.5945102E-4,0.012490112,0.0011279797,0.07771078,0.009669982,null,null,null,null,"TWOGAUSSIANS",8,1.493875,0.26574975,0.008908199,0.4,0.0,0.21160537,0.018120524,0.9599095,1.4862043E-4,0.06994463,0.0063166865,0.09264925,0.015448993
375316653866487564,4098902627364491136,0.6100448,2256.3036531158627,2.929870742246514,1.4128492E-5,18.951542,0.026824828,0.24363208,0.004594159,0.090436935,0.010121133,0.40383455,0.038968008,0.7436692,0.011123375,0.08890795,0.013867631,0.3784721,0.02831222,null,null,null,null,"TWOGAUSSIANS",8,1.4262235,0.24363208,0.004594159,0.4,0.0,0.38779455,0.039814148,0.7436692,0.011123375,0.4,0.0,0.36243218,0.018835146
375316653866487564,4098903520717820544,0.4968478,2151.0637263854137,2.9356129776380997,7.816643E-5,18.04654,0.036309294,0.33015776,0.014516278,0.08522526,0.020843787,0.30750933,0.042030063,0.8420679,0.019490896,0.08529144,0.031135706,0.27506238,0.03939763,null,null,null,null,"TWOGAUSSIANS",8,7.8569584,0.33015776,0.0145136565,0.4,0.0,0.30108964,0.040370636,0.8420679,0.019493219,0.4,0.0,0.26864272,0.026426028
375316653866487564,4098903726904394496,0.48495495,2258.9155501758155,0.6736711721201494,6.4134865E-6,15.792521,0.043260753,0.56656814,0.015318776,0.19154353,0.04320946,0.19394809,0.041935977,0.92434025,4.1689118E-4,0.01135536,5.8891956E-4,0.07143826,0.0069731376,null,null,null,null,"TWOGAUSSIANS",8,5.673031,0.56656814,0.015318776,0.4,0.0,0.18109354,0.017881585,0.92434025,4.1689118E-4,0.06359002,0.0032979494,0.09317766,0.013935632
375316653866487564,4098903756934885504,0.62496674,2271.67814277696,2.559008407300901,1.2790526E-5,17.584965,0.012595561,0.18451548,0.002506092,0.07840464,0.0049484554,0.39015478,0.016809182,0.6903442,6.5120467E-4,0.074337594,0.0024256317,0.34839353,0.0122469235,null,null,null,null,"TWOGAUSSIANS",8,4.4086356,0.18451548,0.002506092,0.4,0.0,0.38708726,0.016828708,0.6903442,6.5120467E-4,0.4,0.0,0.34532598,0.010849157
375316653866487564,4098904723310655360,0.57735646,2269.5180864952167,2.556078875833557,4.934407E-5,19.42578,0.0068908716,0.18226059,0.0058303177,0.05106904,0.0055838353,0.27281833,0.019016718,0.6665647,0.0064742407,0.07108378,0.006149321,0.34257168,0.033463933,null,null,null,null,"TWOGAUSSIANS",8,0.6718855,0.6665647,0.0064742407,0.39806914,0.022335524,0.3424888,0.033483133,0.18226059,0.0058303177,0.28598663,0.03126948,0.27273548,0.019015005
375316653866487564,4098905273065701504,0.56688374,2236.0839668979797,0.8031056710764213,3.460438E-5,18.87793,0.005470206,0.2026099,0.006039431,0.09696207,0.011815684,0.18216759,0.005426173,0.61885977,0.0013994717,0.06339115,0.008285965,0.25609994,0.03162522,null,null,null,null,"TWOGAUSSIANS",8,0.95400304,0.61885977,0.0013994717,0.35499045,0.0464014,0.25558072,0.031666964,0.2026099,0.006039431,0.4,0.0,0.18163022,0.0052596307
375316653866487564,4098906613095680896,0.4381244,2201.1128540459113,0.4315648684830425,4.5744153E-5,18.86293,0.011079837,0.36678085,0.009391745,0.036785927,0.016903639,0.0944816,0.09449398,null,null,null,null,null,null,0.096581675,0.030318946,0.36678085,0.009391745,"ONEGAUSSIAN_WITH_ELLIPSOIDAL",6,6.914717,0.36678085,0.009391745,0.20600118,0.09466038,0.28764474,0.09432943,null,null,null,null,null,null
375316653866487564,4098907369036695552,0.47916394,2253.049946217779,0.5126780771009075,4.7853242E-5,16.800453,0.012916364,0.4643673,0.025834057,0.14822404,0.04249133,0.15446176,0.036695726,0.83828884,0.014194011,0.03628159,0.008301242,0.07324556,0.022262976,null,null,null,null,"TWOGAUSSIANS",8,22.742037,0.4643673,0.025834057,0.4,0.0,0.1533292,0.039761215,0.83828884,0.014194011,0.20317692,0.046486955,0.0785445,0.023054058
375316653866487564,4098908571599711232,0.5323532,2276.566496064001,3.912880427319607,1.3754872E-5,19.072138,0.07026452,0.18244413,0.0140273,0.067624144,0.027882947,0.39978373,0.09389319,0.68169695,0.0024737786,0.07357487,0.013356686,0.45539755,0.059027363,null,null,null,null,"TWOGAUSSIANS",8,2.2754357,0.68169695,0.0024737786,0.4,0.011666115,0.45380935,0.050211195,0.18244413,0.0140273,0.37869522,0.043696314,0.3981955,0.09472145
