Gaia/vari_eclipsing_binary/VariEclipsingBinary_468447-468459.csv
# %ECSV 1.0
# ---
# delimiter: ','
# meta: !!omap
# - RELEASE: Gaia DR3
# - TABLE: vari_eclipsing_binary
# - DESCRIPTION: >
#     This table describes the properties of the eclipsing binaries resulting from the variability analysis. 
# - CITATION: >
#     How to cite and acknowledge Gaia: 
#     https://gea.esac.esa.int/archive/documentation/credits.html 
# - KNOWN_ISSUES: >
#     Known issues: 
#     https://www.cosmos.esa.int/web/gaia-users/known-issues 
# - DOCUMENTATION: >
#     Tutorials and documentation: 
#     https://www.cosmos.esa.int/web/gaia-users/archive 
# datatype:
# - 
#   name: solution_id
#   datatype: int64
#   description: Solution Identifier
#   meta:
#     ucd: meta.version
# - 
#   name: source_id
#   datatype: int64
#   description: Unique source identifier
#   meta:
#     ucd: meta.id;meta.main
# - 
#   name: global_ranking
#   datatype: float32
#   description: Number between 0 (worst) and 1 (best)
#   meta:
#     ucd: stat.param
# - 
#   name: reference_time
#   datatype: float64
#   unit: d
#   description: Reference time used for the geometric model fit
#   meta:
#     ucd: time.epoch
# - 
#   name: frequency
#   datatype: float64
#   unit: d**-1
#   description: Frequency of geometric model of the eclipsing binary light curve
#   meta:
#     ucd: src.orbital
# - 
#   name: frequency_error
#   datatype: float32
#   unit: d**-1
#   description: "Uncertainty of \\texttt{frequency}"
#   meta:
#     ucd: stat.error
# - 
#   name: geom_model_reference_level
#   datatype: float32
#   unit: mag
#   description: Magnitude reference level of geometric model
#   meta:
#     ucd: phot.mag;em.opt
# - 
#   name: geom_model_reference_level_error
#   datatype: float32
#   unit: mag
#   description: "Uncertainty of \\texttt{geomModelReferenceLevel}"
#   meta:
#     ucd: stat.error;phot.mag;em.opt
# - 
#   name: geom_model_gaussian1_phase
#   datatype: float32
#   description: Phase of the Gaussian 1 component
#   meta:
#     ucd: time.phase
# - 
#   name: geom_model_gaussian1_phase_error
#   datatype: float32
#   description: "Uncertainty of \\texttt{geomModelGaussian1Phase}"
#   meta:
#     ucd: stat.error;time.phase
# - 
#   name: geom_model_gaussian1_sigma
#   datatype: float32
#   description: "Standard deviation [phase] of Gaussian 1 component"
#   meta:
#     ucd: stat.stdev
# - 
#   name: geom_model_gaussian1_sigma_error
#   datatype: float32
#   description: "Uncertainty of \\texttt{geomModelGaussian1Sigma}"
#   meta:
#     ucd: stat.error
# - 
#   name: geom_model_gaussian1_depth
#   datatype: float32
#   unit: mag
#   description: Magnitude depth of Gaussian 1 component
#   meta:
#     ucd: src.var.amplitude
# - 
#   name: geom_model_gaussian1_depth_error
#   datatype: float32
#   unit: mag
#   description: "Uncertainty of \\texttt{geomModelGaussian1Depth}"
#   meta:
#     ucd: stat.error;src.var.amplitude
# - 
#   name: geom_model_gaussian2_phase
#   datatype: float32
#   description: Phase of Gaussian 2 component
#   meta:
#     ucd: time.phase
# - 
#   name: geom_model_gaussian2_phase_error
#   datatype: float32
#   description: "Uncertainty of \\texttt{geomModelGaussian2Phase}"
#   meta:
#     ucd: stat.error;time.phase
# - 
#   name: geom_model_gaussian2_sigma
#   datatype: float32
[...]
#   datatype: float32
#   description: "Secondary eclipse: uncertainty of \\texttt{derivedSecondaryEclDuration}"
#   meta:
#     ucd: stat.error;time.duration
# - 
#   name: derived_secondary_ecl_depth
#   datatype: float32
#   unit: mag
#   description: "Secondary eclipse: depth"
#   meta:
#     ucd: src.var.amplitude
# - 
#   name: derived_secondary_ecl_depth_error
#   datatype: float32
#   unit: mag
#   description: "Secondary eclipse: uncertainty of \\texttt{derivedSecondaryEclDepth}"
#   meta:
#     ucd: stat.error;src.var.amplitude
solution_id,source_id,global_ranking,reference_time,frequency,frequency_error,geom_model_reference_level,geom_model_reference_level_error,geom_model_gaussian1_phase,geom_model_gaussian1_phase_error,geom_model_gaussian1_sigma,geom_model_gaussian1_sigma_error,geom_model_gaussian1_depth,geom_model_gaussian1_depth_error,geom_model_gaussian2_phase,geom_model_gaussian2_phase_error,geom_model_gaussian2_sigma,geom_model_gaussian2_sigma_error,geom_model_gaussian2_depth,geom_model_gaussian2_depth_error,geom_model_cosine_half_period_amplitude,geom_model_cosine_half_period_amplitude_error,geom_model_cosine_half_period_phase,geom_model_cosine_half_period_phase_error,model_type,num_model_parameters,reduced_chi2,derived_primary_ecl_phase,derived_primary_ecl_phase_error,derived_primary_ecl_duration,derived_primary_ecl_duration_error,derived_primary_ecl_depth,derived_primary_ecl_depth_error,derived_secondary_ecl_phase,derived_secondary_ecl_phase_error,derived_secondary_ecl_duration,derived_secondary_ecl_duration_error,derived_secondary_ecl_depth,derived_secondary_ecl_depth_error
[from data line 407]
375316653866487564,4120576677305005696,0.44249427,2420.7929626559826,2.6554627487332025,3.4916764E-5,18.626705,0.022745797,0.31846616,0.01692572,0.014080666,0.020718442,0.20212822,5.4368544,0.78313047,0.38114405,0.04056919,0.037898354,0.024302889,0.30952176,0.12981965,0.057167534,0.31846616,0.01692572,"TWOGAUSSIANS_WITH_ELLIPSOIDAL_ON_ECLIPSE1",9,24.54479,0.31846616,0.01692572,0.07885173,0.11602328,0.46176738,5.425882,0.80485046,0.39885682,0.22718745,0.21223079,0.2788015,0.28080198
375316653866487564,4120577055255782784,0.6962686,2455.5502780433944,2.3451192037746194,3.707156E-6,14.298681,0.002057643,0.25573835,4.425032E-4,0.049058605,0.0019185408,0.105437785,0.0048427857,0.7548819,0.0030427482,0.049141843,0.003940205,0.077226795,0.0050760712,0.114014536,0.0032277396,0.25573835,4.425032E-4,"TWOGAUSSIANS_WITH_ELLIPSOIDAL_ON_ECLIPSE1",9,14.146335,0.25573835,4.425032E-4,0.27472818,0.0107438285,0.33346593,0.0028607275,0.7551919,0.0023726025,0.27519432,0.022065148,0.3052507,0.00294675
375316653866487564,4120577089639664640,0.4805178,2453.14278292559,1.573539409060391,7.948895E-5,19.503204,0.06800823,0.23037983,0.009771248,0.115343645,0.041602552,0.19780199,0.05990849,0.7346585,0.0072715133,0.09818487,0.01752691,0.39340565,0.06650277,null,null,null,null,"TWOGAUSSIANS",8,3.072289,0.7346585,0.0072728395,0.4,0.0,0.36080155,0.030406129,0.23037983,0.009786117,0.4,0.0,0.16516651,0.025528308
375316653866487564,4120577128299671808,0.45363146,2422.8653032406023,2.529675292617496,2.6181555E-5,19.66382,0.032293353,0.23519164,0.014436178,0.0671094,0.01630158,0.4684124,0.12571855,0.7421051,0.0072276043,0.05989326,0.009858953,0.46883768,0.08996275,null,null,null,null,"TWOGAUSSIANS",8,12.869588,0.7421051,0.0072276043,0.33540228,0.055210136,0.46851268,0.08996296,0.23519164,0.014436178,0.37581262,0.07446614,0.4680874,0.12605947
375316653866487564,4120577162659300608,0.41201955,2494.506951672664,3.925536892527475,4.7867055E-5,19.424349,0.017864512,0.34076747,0.043230433,0.099661514,0.08238538,0.086734176,0.04522523,0.9174862,0.007103189,0.029879667,0.006622286,0.22315274,0.026458649,null,null,null,null,"TWOGAUSSIANS",8,4.519763,0.9174862,0.0071009076,0.16732614,0.037084803,0.22315423,0.026472759,0.34076747,0.043230433,0.4,0.1424832,0.08672515,0.045224674
375316653866487564,4120577162750776960,0.49466497,2465.5786581127263,0.7896067836251527,1.6472846E-5,19.035755,0.0041288864,0.4875743,0.055572502,0.03250146,0.045327634,0.052519705,0.03272024,0.7165672,1.4871158E-4,0.0024776286,8.545401E-5,0.6153946,0.06978225,null,null,null,null,"TWOGAUSSIANS",8,1.5898361,0.7165672,1.4871158E-4,0.01387472,4.7854247E-4,0.6153946,0.069780685,0.4875743,0.055572502,0.18200816,0.21974662,0.052519705,0.03272024
375316653866487564,4120577261446866688,0.4626339,2470.128033593355,2.3755977182971604,2.8714883E-5,19.201927,0.10678257,0.26610518,0.0075991573,0.104672186,0.02813527,0.42789733,0.09022737,0.7743395,0.0057420293,0.117646046,0.030873118,0.41763353,0.09631049,null,null,null,null,"TWOGAUSSIANS",8,3.0218575,0.2660752,0.0076117283,0.4,0.0,0.36620507,0.06977406,0.7743495,0.0057343123,0.4,0.0,0.3558473,0.065953255
375316653866487564,4120577330157753728,0.5589832,2445.740681815862,2.1269918489923447,1.3506786E-5,18.906199,0.011403535,0.29045323,0.002077627,0.039347757,0.0055466103,0.2889473,0.033450186,0.79706395,0.007532629,0.03834661,0.009279766,0.2688231,0.04386417,0.17157412,0.02492938,0.29045323,0.002077627,"TWOGAUSSIANS_WITH_ELLIPSOIDAL_ON_ECLIPSE1",9,4.9375215,0.29045323,0.002077627,0.22034743,0.031061018,0.63209546,0.027275119,0.79706395,0.0074318526,0.21474102,0.05196669,0.6113795,0.04624283
375316653866487564,4120577433212982912,0.6153504,2468.97689624231,1.3369557882898584,5.8955593E-6,16.682034,0.006637558,0.24647725,0.0063651386,0.038360145,0.0044274535,0.19454011,0.017836122,0.7371319,6.5949745E-4,0.043826133,0.0012506832,0.83233255,0.027575057,0.034880485,0.009231973,0.24647725,0.0063651386,"TWOGAUSSIANS_WITH_ELLIPSOIDAL_ON_ECLIPSE1",9,20.852839,0.7372519,6.3234026E-4,0.24542634,0.007003826,0.901856,0.03031277,0.24647725,0.0063651386,0.21481681,0.024793738,0.26430085,0.012301027
375316653866487564,4120577471897192448,0.45390412,2473.3538001039774,0.03466440803671264,6.21619E-5,18.526241,0.0063737147,0.30680683,0.009915908,0.11227244,0.012285183,0.2562528,0.026948426,0.96647763,0.01299456,0.044284012,0.01042835,0.037168857,0.009657689,null,null,null,null,"TWOGAUSSIANS",8,2.0414817,0.30680683,0.009915908,0.4,0.0,0.2562098,0.026987676,0.97056764,0.014573222,0.24799047,0.058398765,0.039858647,0.009944487
375316653866487564,4120577471897329152,0.5254436,2442.4847351494604,1.853810565877481,1.6152902E-5,19.394676,0.010068671,0.21863769,0.007108433,0.075476125,0.008748279,0.4471761,0.035579707,0.7288092,0.004305725,0.07387807,0.0058997427,0.35490817,0.030029392,null,null,null,null,"TWOGAUSSIANS",8,2.2851765,0.21863769,0.007108433,0.4,0.0010177173,0.44484246,0.036868796,0.7288092,0.004305725,0.4,0.00713151,0.35257456,0.030533895
375316653866487564,4120577781134287744,0.5233401,2465.3062794690986,2.7692539429666936,2.3032955E-5,19.437927,0.018853273,0.30338985,0.0075096083,0.074515365,0.009912543,0.45361078,0.046204407,0.8015242,0.0030335428,0.08337375,0.005641796,0.38379842,0.022199078,null,null,null,null,"TWOGAUSSIANS",8,2.6894324,0.30338985,0.0075096083,0.4,0.0,0.44831,0.046742875,0.8015242,0.0030335428,0.4,0.0,0.37849763,0.020604737
375316653866487564,4120577982976235008,0.5101127,2450.8865717142926,0.41616871786758247,4.679155E-5,16.863665,0.0040911133,0.41887763,0.029960556,0.15518548,0.044470105,0.023034304,0.0047859377,0.77922803,5.742922E-5,0.006698085,8.047118E-5,0.96496356,0.014397159,null,null,null,null,"TWOGAUSSIANS",8,5.8258796,0.77922803,5.742922E-5,0.037509277,4.5063862E-4,0.966266,0.0130635165,0.41887763,0.029960556,0.4,0.0,0.022777734,0.0045437757
375316653866487564,4120578605769936640,0.5723093,2450.932801345175,2.3508132693578667,7.0585857E-6,19.150547,0.007953889,0.3150149,0.0022860907,0.08023268,0.0037186986,0.45742095,0.014804757,0.8228981,0.0040876833,0.08982842,0.003034672,0.40957403,0.017161911,null,null,null,null,"TWOGAUSSIANS",8,1.3917344,0.3150149,0.0022860907,0.4,0.0,0.44746116,0.015900109,0.8228981,0.0040876833,0.4,0.0,0.39961413,0.015698306
375316653866487564,4120578811928028928,0.51440465,2437.5592930485345,3.2834835642773426,2.3268916E-5,19.846949,0.012512077,0.2971288,0.006402995,0.07664369,0.0066731344,0.5387736,0.048210926,0.7927331,0.008959213,0.08405109,0.009101646,0.41155946,0.01631069,null,null,null,null,"TWOGAUSSIANS",8,1.6228265,0.2971288,0.006402995,0.4,0.0,0.53200305,0.04960005,0.7927331,0.008959213,0.4,0.0,0.40478888,0.015262086
375316653866487564,4120578915007125888,0.50835747,2478.413111989706,0.4290952765491944,2.175934E-5,18.24443,0.0040806024,0.16696037,0.021199485,0.0344964,0.039590023,0.052435923,0.020717766,0.6871067,0.0042783273,0.039648302,0.005969382,0.28218928,0.020690337,null,null,null,null,"TWOGAUSSIANS",8,3.6975138,0.6871067,0.0042783273,0.22203049,0.03342854,0.28218928,0.02069027,0.16696037,0.021199485,0.19317985,0.22170413,0.052435923,0.020718154
375316653866487564,4120579185560459136,0.49857974,2435.218693670005,0.162150785245183,1.1935727E-5,18.637552,0.006872394,0.25830036,0.0033581704,0.01882576,0.003503226,0.21734051,0.06944805,null,null,null,null,null,null,0.074640594,0.009528335,0.25830036,0.0033581704,"ONEGAUSSIAN_WITH_ELLIPSOIDAL",6,6.5698285,0.25830036,0.0033581704,0.105424255,0.019618066,0.36662143,0.071082436,null,null,null,null,null,null
375316653866487564,4120579327395623552,0.6072158,2469.8206134202433,1.1923699402209669,3.7397447E-6,17.972475,0.00655333,0.31271535,0.0010631148,0.0807327,0.0020402928,0.3819713,0.00690248,0.81738365,0.0018811245,0.09909271,0.0046850266,0.17994139,0.006879127,null,null,null,null,"TWOGAUSSIANS",8,1.4042449,0.31271535,0.0010631148,0.4,0.0,0.37234893,0.0056024934,0.81738365,0.0018811245,0.4,0.0,0.17031793,0.006138441
375316653866487564,4120579396044581504,0.5901113,2449.2965308057787,0.8132228349420327,8.255003E-6,18.446327,0.0030466998,0.17330328,0.007705463,0.04844313,0.00600424,0.079780914,0.012759138,0.66485804,0.0029392904,0.040014047,0.0022237122,0.47454265,0.016217116,null,null,null,null,"TWOGAUSSIANS",8,1.8038237,0.66485804,0.0029392904,0.22407867,0.012452788,0.47454262,0.01621711,0.17330328,0.007705463,0.27128154,0.033623744,0.07978089,0.0127591435
375316653866487564,4120579533483991424,0.5363189,2442.968154722683,2.452676638517386,2.2124632E-5,18.571125,0.008225831,0.2344509,0.0031892979,0.08523878,0.0051189903,0.2845465,0.014333065,0.73794156,0.0026790758,0.08359857,0.0029984768,0.2984127,0.011345092,null,null,null,null,"TWOGAUSSIANS",8,2.8781404,0.73794156,0.0026790758,0.4,0.0,0.29158485,0.010445664,0.2344509,0.0031892979,0.4,0.0,0.27771863,0.014571584
375316653866487564,4120579877170827008,0.6036811,2445.724174174855,0.368363907124726,4.7573783E-5,18.331638,0.0059944605,0.28234375,0.0016237118,0.028986065,0.001913368,1.6333236,0.2202919,0.78643525,0.0073702415,0.038804244,0.0057470645,0.13493115,0.01596091,null,null,null,null,"TWOGAUSSIANS",8,6.6360197,0.28234375,0.0016237118,0.16232197,0.010714862,1.6333236,0.2202919,0.78643525,0.0073702415,0.21730377,0.03218356,0.13493115,0.01596091
375316653866487564,4120579941474723072,0.40713784,2492.811040545005,3.3363907893808924,1.387596E-4,18.914143,0.0066393875,0.24250914,0.010265973,0.05628534,0.010101487,0.24863426,0.060784794,0.8626587,0.026535437,0.015650779,0.01410836,0.13968126,0.0747171,null,null,null,null,"TWOGAUSSIANS",8,8.096722,0.24250914,0.010265973,0.31519789,0.056568325,0.24863426,0.060784794,0.8626587,0.026535437,0.08764436,0.07900681,0.13968126,0.0747171
375316653866487564,4120579945800238848,0.5174331,2445.9758990603086,2.8472576234078253,1.3298694E-5,19.745007,0.013755616,0.22940335,0.0066303527,0.0866317,0.007897269,0.4347524,0.018108439,0.7255849,0.004307041,0.08022208,0.0061124363,0.37742174,0.019277897,null,null,null,null,"TWOGAUSSIANS",8,1.6627785,0.22940335,0.0066303527,0.4,0.0,0.42624962,0.017232968,0.7255849,0.004307041,0.4,0.0,0.36891901,0.018743977
375316653866487564,4120580048879842176,0.4834974,2439.6453136891632,2.0221146824471887,2.5101066E-5,18.8476,0.29507595,0.19403216,0.005847512,0.15269102,0.07177438,0.22364336,0.28347954,0.690804,0.003565814,0.14531977,0.045030642,0.28964788,0.27162805,null,null,null,null,"TWOGAUSSIANS",8,1.5113842,0.690804,0.003565814,0.4,0.0,0.17061552,0.008571804,0.19432217,0.005637848,0.4,0.0,0.10406823,0.00886365
375316653866487564,4120580220748878592,0.5112005,2449.6595458110037,1.9879164367795044,8.38006E-6,18.05427,0.02601414,0.2831314,0.0052543953,0.08254283,0.0099116955,0.37809464,0.021735834,0.7942388,0.0052256593,0.08092696,0.025929272,0.4178211,0.15954171,null,null,null,null,"TWOGAUSSIANS",8,4.484484,0.7942388,0.0052256593,0.4,0.0,0.41183385,0.17520165,0.2831314,0.0052543953,0.4,0.0,0.3721074,0.021283727
375316653866487564,4120580461195305344,0.54525566,2458.8722457591757,0.784182620786479,2.5437785E-5,18.926975,0.004147297,0.10787039,0.011049231,0.04383565,0.012297576,0.11638612,0.014371547,0.6028734,0.001969857,0.035060495,0.001184902,0.8022085,0.038206495,null,null,null,null,"TWOGAUSSIANS",8,2.7057643,0.6028734,0.001969857,0.19633877,0.006635451,0.8022085,0.038206495,0.10787039,0.011049231,0.24547964,0.068866424,0.11638612,0.014371546
375316653866487564,4120580731771732096,0.56708914,2485.216550023604,1.6408359289594705,1.3888832E-5,17.90012,0.023568792,0.26363713,0.0033341402,0.11111604,0.0111649465,0.2062792,0.022312628,0.74736065,0.003104187,0.107681125,0.009283056,0.3209472,0.02114476,null,null,null,null,"TWOGAUSSIANS",8,3.1219144,0.74736065,0.003104187,0.4,0.0,0.28947288,0.008369869,0.26365712,0.0033240155,0.4,0.0,0.17480142,0.008085922
375316653866487564,4120580937907879040,0.5955103,2483.925629211946,2.696466879005185,1.2029534E-5,17.261961,0.029216392,0.21600875,0.0030313751,0.058066867,0.0081324475,0.2807243,0.06111666,0.70634073,0.0034765876,0.06531187,0.007821123,0.31598747,0.05909516,0.09233984,0.034928583,0.21600875,0.0030313751,"TWOGAUSSIANS_WITH_ELLIPSOIDAL_ON_ECLIPSE1",9,10.932668,0.7079307,0.0028148761,0.3657465,0.04379829,0.49995473,0.016211495,0.21600875,0.0030313751,0.32517445,0.045541707,0.46526054,0.014706264
375316653866487564,4120581006649807744,0.50530404,2451.3571081957207,1.525046921007685,2.3165969E-5,18.900305,0.012556583,0.22804561,0.005811068,0.0839657,0.010865779,0.23169206,0.016303122,0.7358079,0.0043166173,0.08624293,0.00838496,0.21235254,0.011711747,null,null,null,null,"TWOGAUSSIANS",8,1.9768108,0.22804561,0.005811068,0.4,0.0,0.226514,0.016676463,0.7358079,0.0043166173,0.4,0.0,0.20717447,0.009217056
375316653866487564,4120581114030580992,0.4229899,2505.2743425063018,3.954285168472972,1.9854766E-5,17.879131,0.005014656,0.05877807,0.0011616098,0.014649866,0.0014507404,0.12788723,0.016008018,0.39074233,0.0027616187,0.008978448,0.0044491347,0.06286942,0.017156255,null,null,null,null,"TWOGAUSSIANS",8,8.466695,0.05877807,0.0011616098,0.08203925,0.008124147,0.12788723,0.016008018,0.39074233,0.0027616187,0.050279304,0.024915155,0.06286942,0.017156255
375316653866487564,4120581350224100224,0.4835529,2465.021898140778,2.097373849728492,1.0469062E-4,18.852173,0.030010913,0.26037714,0.0054598874,0.07344389,0.006542348,0.41024876,0.045822345,0.76191354,0.0080339005,0.079554714,0.011799494,0.39243668,0.03649315,null,null,null,null,"TWOGAUSSIANS",8,13.686074,0.26037714,0.0054598874,0.4,0.0049107703,0.40653113,0.044508316,0.76191354,0.0080339005,0.4,0.0,0.38871908,0.03666666
375316653866487564,4120581354549003136,0.5448113,2465.5136503010167,1.9118774865227781,3.5968278E-5,18.142736,0.03221691,0.25590008,0.0064206645,0.051888585,0.022432566,0.20586932,0.67402035,0.74771154,0.0037786525,0.06064969,0.016180484,0.2558768,0.05729233,0.09783197,0.03507343,0.74771154,0.0037786525,"TWOGAUSSIANS_WITH_ELLIPSOIDAL_ON_ECLIPSE2",9,10.425787,0.74771154,0.0037786525,0.33963826,0.090610705,0.45148793,0.043230146,0.2545201,0.0047807517,0.29057607,0.12562236,0.4010498,0.68577963
375316653866487564,4120581835586961792,0.4190265,2523.471201868885,2.346614920095537,1.9700476E-5,18.110409,0.008669655,0.1021614,0.023074495,0.025616562,0.029737923,0.13200217,15.427421,0.586247,0.014020618,0.029925484,0.009010166,0.15904057,0.031421468,null,null,null,null,"TWOGAUSSIANS",8,9.809768,0.586247,0.014020618,0.16758272,0.05045693,0.15904057,0.031421468,0.1021614,0.023074495,0.14345275,0.16653237,0.13200217,15.427421
375316653866487564,4120581973025713920,0.5204447,2470.1160145854774,1.5630753935405781,1.3999701E-5,19.378159,0.008763224,0.2795949,0.0016391977,0.042383853,0.001949422,0.38862872,0.021544477,0.78390014,0.0035843106,0.0392763,0.0029104608,0.36999944,0.017162466,null,null,null,null,"TWOGAUSSIANS",8,2.8913293,0.2795949,0.0016391977,0.23734958,0.010916763,0.38862872,0.021544477,0.78390014,0.0035843106,0.21994728,0.01629858,0.36999944,0.017162465
375316653866487564,4120581973025801472,0.43902513,2456.3991946013116,2.6185979669354595,1.5535665E-4,19.32253,0.015804932,0.24969986,0.025353365,0.048492976,0.06994718,0.08907542,8.949046,0.77122706,0.029224964,0.017701285,0.011874901,0.12023335,0.13430208,0.053479392,0.019532364,0.24969986,0.025353365,"TWOGAUSSIANS_WITH_ELLIPSOIDAL_ON_ECLIPSE1",9,5.180573,0.77122706,0.029224964,0.099127196,0.06649944,0.22524689,0.13444357,0.24969986,0.025353365,0.27156064,0.39170423,0.19603388,8.96472
375316653866487564,4120582866391220096,0.53524315,2407.3856962275113,2.2751034997622765,1.5422063E-5,19.340647,0.029485857,0.25402173,0.004884746,0.080899075,0.0117016705,0.36010692,0.024517493,0.74237853,0.0047618197,0.08644745,0.010758295,0.34101087,0.033976417,null,null,null,null,"TWOGAUSSIANS",8,3.1406984,0.25402173,0.004884746,0.4,0.0,0.35357413,0.014345044,0.74237853,0.0047618197,0.4,0.0,0.33447805,0.026387533
