Gaia/vari_eclipsing_binary/VariEclipsingBinary_459217-459229.csv
# %ECSV 1.0
# ---
# delimiter: ','
# meta: !!omap
# - RELEASE: Gaia DR3
# - TABLE: vari_eclipsing_binary
# - DESCRIPTION: >
#     This table describes the properties of the eclipsing binaries resulting from the variability analysis. 
# - CITATION: >
#     How to cite and acknowledge Gaia: 
#     https://gea.esac.esa.int/archive/documentation/credits.html 
# - KNOWN_ISSUES: >
#     Known issues: 
#     https://www.cosmos.esa.int/web/gaia-users/known-issues 
# - DOCUMENTATION: >
#     Tutorials and documentation: 
#     https://www.cosmos.esa.int/web/gaia-users/archive 
# datatype:
# - 
#   name: solution_id
#   datatype: int64
#   description: Solution Identifier
#   meta:
#     ucd: meta.version
# - 
#   name: source_id
#   datatype: int64
#   description: Unique source identifier
#   meta:
#     ucd: meta.id;meta.main
# - 
#   name: global_ranking
#   datatype: float32
#   description: Number between 0 (worst) and 1 (best)
#   meta:
#     ucd: stat.param
# - 
#   name: reference_time
#   datatype: float64
#   unit: d
#   description: Reference time used for the geometric model fit
#   meta:
#     ucd: time.epoch
# - 
#   name: frequency
#   datatype: float64
#   unit: d**-1
#   description: Frequency of geometric model of the eclipsing binary light curve
#   meta:
#     ucd: src.orbital
# - 
#   name: frequency_error
#   datatype: float32
#   unit: d**-1
#   description: "Uncertainty of \\texttt{frequency}"
#   meta:
#     ucd: stat.error
# - 
#   name: geom_model_reference_level
#   datatype: float32
#   unit: mag
#   description: Magnitude reference level of geometric model
#   meta:
#     ucd: phot.mag;em.opt
# - 
#   name: geom_model_reference_level_error
#   datatype: float32
#   unit: mag
#   description: "Uncertainty of \\texttt{geomModelReferenceLevel}"
#   meta:
#     ucd: stat.error;phot.mag;em.opt
# - 
#   name: geom_model_gaussian1_phase
#   datatype: float32
#   description: Phase of the Gaussian 1 component
#   meta:
#     ucd: time.phase
# - 
#   name: geom_model_gaussian1_phase_error
#   datatype: float32
#   description: "Uncertainty of \\texttt{geomModelGaussian1Phase}"
#   meta:
#     ucd: stat.error;time.phase
# - 
#   name: geom_model_gaussian1_sigma
#   datatype: float32
#   description: "Standard deviation [phase] of Gaussian 1 component"
#   meta:
#     ucd: stat.stdev
# - 
#   name: geom_model_gaussian1_sigma_error
#   datatype: float32
#   description: "Uncertainty of \\texttt{geomModelGaussian1Sigma}"
#   meta:
#     ucd: stat.error
# - 
#   name: geom_model_gaussian1_depth
#   datatype: float32
#   unit: mag
#   description: Magnitude depth of Gaussian 1 component
#   meta:
#     ucd: src.var.amplitude
# - 
#   name: geom_model_gaussian1_depth_error
#   datatype: float32
#   unit: mag
#   description: "Uncertainty of \\texttt{geomModelGaussian1Depth}"
#   meta:
#     ucd: stat.error;src.var.amplitude
# - 
#   name: geom_model_gaussian2_phase
#   datatype: float32
#   description: Phase of Gaussian 2 component
#   meta:
#     ucd: time.phase
# - 
#   name: geom_model_gaussian2_phase_error
#   datatype: float32
#   description: "Uncertainty of \\texttt{geomModelGaussian2Phase}"
#   meta:
#     ucd: stat.error;time.phase
# - 
#   name: geom_model_gaussian2_sigma
#   datatype: float32
[...]
#   datatype: float32
#   description: "Secondary eclipse: uncertainty of \\texttt{derivedSecondaryEclDuration}"
#   meta:
#     ucd: stat.error;time.duration
# - 
#   name: derived_secondary_ecl_depth
#   datatype: float32
#   unit: mag
#   description: "Secondary eclipse: depth"
#   meta:
#     ucd: src.var.amplitude
# - 
#   name: derived_secondary_ecl_depth_error
#   datatype: float32
#   unit: mag
#   description: "Secondary eclipse: uncertainty of \\texttt{derivedSecondaryEclDepth}"
#   meta:
#     ucd: stat.error;src.var.amplitude
solution_id,source_id,global_ranking,reference_time,frequency,frequency_error,geom_model_reference_level,geom_model_reference_level_error,geom_model_gaussian1_phase,geom_model_gaussian1_phase_error,geom_model_gaussian1_sigma,geom_model_gaussian1_sigma_error,geom_model_gaussian1_depth,geom_model_gaussian1_depth_error,geom_model_gaussian2_phase,geom_model_gaussian2_phase_error,geom_model_gaussian2_sigma,geom_model_gaussian2_sigma_error,geom_model_gaussian2_depth,geom_model_gaussian2_depth_error,geom_model_cosine_half_period_amplitude,geom_model_cosine_half_period_amplitude_error,geom_model_cosine_half_period_phase,geom_model_cosine_half_period_phase_error,model_type,num_model_parameters,reduced_chi2,derived_primary_ecl_phase,derived_primary_ecl_phase_error,derived_primary_ecl_duration,derived_primary_ecl_duration_error,derived_primary_ecl_depth,derived_primary_ecl_depth_error,derived_secondary_ecl_phase,derived_secondary_ecl_phase_error,derived_secondary_ecl_duration,derived_secondary_ecl_duration_error,derived_secondary_ecl_depth,derived_secondary_ecl_depth_error
[from data line 604]
375316653866487564,4039399360218445440,0.49411836,2312.483255542286,2.106994225526765,7.0507663E-6,19.905792,0.018369729,0.6832423,0.022220949,0.09315693,0.03102744,0.086308345,0.018643674,0.38890067,0.0042564385,0.02816192,0.0031561642,3.3241048,2.2551494,null,null,null,null,"TWOGAUSSIANS",8,1.4625958,0.38890067,0.0042456095,0.15770675,0.017674519,3.3246913,2.2533896,0.6832423,0.022220949,0.4,0.0,0.08630825,0.018624486
375316653866487564,4039399463297584896,0.48138344,2260.1185838369215,2.6677238755115287,2.7242202E-5,18.432417,0.04476502,0.2766162,0.009886891,0.08159132,0.021853678,0.2854613,0.041785546,0.7669859,0.009810636,0.08323307,0.019790146,0.25716624,0.03839913,null,null,null,null,"TWOGAUSSIANS",8,7.6886168,0.2766162,0.009886891,0.4,0.0,0.28091508,0.04054042,0.7669859,0.009810636,0.4,0.0,0.25262,0.024501957
375316653866487564,4039399463348763392,0.5257112,2292.181375425914,2.478031738734814,3.3881362E-5,18.662312,0.02074127,0.15490313,0.0091642365,0.08451174,0.009468373,0.37872112,0.04647942,0.6347595,0.008278593,0.06577099,0.009229106,0.56206775,0.06567054,null,null,null,null,"TWOGAUSSIANS",8,10.619912,0.6347595,0.008278593,0.36831754,0.051450666,0.5598407,0.06595318,0.15490313,0.0091642365,0.4,0.0,0.37649402,0.04630417
375316653866487564,4039399497657531264,0.53337413,2273.4499762585097,2.515014477008858,2.1299833E-5,18.846525,0.013239551,0.294922,0.003920546,0.08288599,0.0077251587,0.30749708,0.017059341,0.7864158,0.0033876945,0.089093454,0.010178078,0.2762024,0.02004672,null,null,null,null,"TWOGAUSSIANS",8,2.7452962,0.294922,0.003920546,0.4,0.0,0.30015555,0.017434292,0.7864158,0.0033876945,0.4,0.0,0.2688608,0.022377243
375316653866487564,4039399772535095040,0.4494892,2318.588228327414,1.1395617847048716,5.416307E-5,19.47413,0.040050954,0.17501038,0.011172351,0.052935652,0.014107586,0.3761095,0.10250649,0.67742956,0.02352958,0.08116857,0.035315268,0.1285625,0.053429995,null,null,null,null,"TWOGAUSSIANS",8,2.776447,0.17501038,0.011172351,0.29643965,0.079002485,0.37577227,0.102407284,0.67742956,0.02352958,0.4,0.10915402,0.12822525,0.0516981
375316653866487564,4039400150492846848,0.45876828,2231.1435795106563,0.08647749130284346,4.70305E-5,19.806358,0.03490716,0.14810407,0.01046278,0.07481414,0.015413004,0.21586436,0.038348574,0.6590185,3.465286E-4,0.009460725,0.0013013217,0.22153363,0.03615731,null,null,null,null,"TWOGAUSSIANS",8,3.418582,0.6590185,3.465286E-4,0.05298006,0.0072874012,0.22153363,0.036157295,0.14810407,0.01046278,0.4,0.037092663,0.21586436,0.038348567
375316653866487564,4039400219212497792,0.5161772,2282.585216203192,3.1963912913328554,1.625597E-5,19.696033,0.015148221,0.28821737,0.0043855356,0.072251625,0.0144379735,0.4087946,0.11252963,0.78062546,0.006968694,0.077713676,0.0071922336,0.33953822,0.0350183,null,null,null,null,"TWOGAUSSIANS",8,1.091777,0.28821737,0.0043855356,0.4,0.013099206,0.40638193,0.116319895,0.78062546,0.006968694,0.4,0.0,0.33712554,0.03462061
375316653866487564,4039400287931671296,0.44554576,2356.814208511605,1.4612671658704324,8.787057E-5,18.265285,0.010244591,0.24822624,0.032420263,0.05335749,0.02545816,0.08670966,0.033801593,0.74198526,0.010164604,0.060633086,0.013207275,0.28326043,0.05746792,null,null,null,null,"TWOGAUSSIANS",8,4.0013533,0.74198526,0.010164604,0.33954528,0.073960744,0.2832436,0.057485096,0.24822624,0.032420263,0.29880193,0.1425657,0.08669285,0.033819366
375316653866487564,4039400494090865024,0.46689948,2251.930284134862,0.07574765357188738,9.538391E-6,19.296772,0.22132067,0.25889483,0.10783008,0.18803136,0.12248073,0.26095003,0.19881952,0.6793698,0.09439001,0.10610035,0.07358654,0.39652246,0.25232694,null,null,null,null,"TWOGAUSSIANS",8,3.7814693,0.6793698,0.09439001,0.4,0.0,0.33889785,0.1445934,0.2596948,0.06374786,0.4,0.0,0.17980976,0.041140344
375316653866487564,4039400528450420864,0.4977018,2239.573365565434,2.415070002185082,9.082581E-6,18.512869,0.025215684,0.23898052,0.0102457665,0.06694177,0.018699266,0.40910214,0.044785373,0.73907787,0.0022407055,0.07987485,0.0076924786,0.3531492,0.026803132,null,null,null,null,"TWOGAUSSIANS",8,15.682864,0.23898052,0.0102457665,0.3748739,0.062283184,0.40682995,0.046399906,0.73907787,0.0022407055,0.4,0.0,0.35087702,0.024639983
375316653866487564,4039400562860522368,0.45195907,2257.0809130099524,0.5381224812648958,3.746294E-5,18.848238,0.096746795,0.24766651,0.010354835,0.11025904,0.018318553,0.21503387,0.07765973,0.76894236,0.010533086,0.17462796,0.055085417,0.24917552,0.08607122,null,null,null,null,"TWOGAUSSIANS",8,3.6186807,0.7690124,0.010439253,0.4,0.0,0.16350259,0.020737844,0.2449965,0.009995378,0.4,0.0,0.13810642,0.015428942
375316653866487564,4039400665888788352,0.55515784,2259.2958921160703,2.8315710949937336,1.0425647E-5,17.9696,0.03819133,0.22046727,0.0047368566,0.10415736,0.011368113,0.34291393,0.03611312,0.71186906,0.0042192843,0.113000534,0.018564671,0.27730015,0.02725943,null,null,null,null,"TWOGAUSSIANS",8,4.790462,0.22047727,0.004740829,0.4,0.0,0.3035271,0.010043302,0.71186906,0.0042192843,0.4,0.0,0.23788787,0.018395435
375316653866487564,4039400872047560704,0.45698982,2239.66391703512,4.365515718355645,6.585218E-5,18.939894,0.020728365,0.29849666,0.010634198,0.038665593,0.009077266,0.6308086,0.288372,0.8359592,0.013090985,0.068558946,0.019703848,0.39608914,0.13918264,null,null,null,null,"TWOGAUSSIANS",8,23.641401,0.29849666,0.010634198,0.21652733,0.05083269,0.6308055,0.28837448,0.8359592,0.013090985,0.3839301,0.080040716,0.396086,0.13920727
375316653866487564,4039400936444647680,0.50530374,2322.362783037647,2.5028750348102347,2.284543E-5,18.61207,0.0115331495,0.26183805,0.0036367846,0.07420913,0.005965851,0.22917818,0.011865335,0.75866175,0.01601208,0.06992482,0.021803241,0.21903211,0.036740128,null,null,null,null,"TWOGAUSSIANS",8,3.963827,0.26183805,0.0036367846,0.4,0.0011445159,0.22816652,0.011133146,0.75866175,0.01601208,0.39157897,0.11944433,0.21802045,0.03748511
375316653866487564,4039400970771643264,0.48606744,2290.7386739227923,2.8526195005022825,2.3108149E-5,17.591352,0.047783848,0.23044579,0.007438087,0.07573287,0.014885351,0.468662,0.039732903,0.7164074,0.011156762,0.08163178,0.014055939,0.4800398,0.06734806,null,null,null,null,"TWOGAUSSIANS",8,70.46748,0.7164074,0.011156762,0.4,0.0,0.4754689,0.06285404,0.23044579,0.007438087,0.4,0.009009335,0.4640911,0.03500184
375316653866487564,4039401146925886976,0.4604462,2271.493980547458,0.04560820763602392,7.511262E-5,19.253195,0.00659942,0.24058188,0.014972934,0.07492791,0.014932102,0.3147367,0.03007852,0.7308022,0.0066982554,0.06313337,0.013282809,0.35901982,0.12782969,null,null,null,null,"TWOGAUSSIANS",8,3.6868484,0.7308022,0.0066982554,0.35354686,0.07438373,0.3582911,0.1283904,0.24058188,0.014972934,0.4,0.05612199,0.31400794,0.030448161
375316653866487564,4039401250066564864,0.5111259,2281.9758310803095,0.05619888848645831,3.5090226E-5,18.019611,0.016860569,0.1122129,0.010965617,0.018974261,0.0093079405,0.1808917,0.043849286,0.6708967,0.02071695,0.093657434,0.021542586,0.45801333,0.19126393,null,null,null,null,"TWOGAUSSIANS",8,12.161125,0.6708967,0.02071695,0.4,0.0,0.4580105,0.19126703,0.1122129,0.010965617,0.10625587,0.052124467,0.18089579,0.04385201
375316653866487564,4039401387445015168,0.45620736,2271.0087720597385,0.20991768616801418,6.731538E-5,18.492832,0.017976861,0.3128152,0.019483145,0.058368176,0.012988381,0.12889259,0.018143438,0.67152196,0.013739505,0.15974237,0.038189907,0.14193144,0.01520254,null,null,null,null,"TWOGAUSSIANS",8,3.338191,0.67152196,0.013739505,0.4,0.0,0.13827448,0.0155216325,0.3172552,0.019647527,0.3268618,0.07273493,0.13703923,0.017478649
375316653866487564,4039401490522305152,0.47766656,2257.0644913850538,0.4876190370182977,3.979189E-5,18.626476,0.008366642,0.38886023,0.09146032,0.05368106,0.06032716,0.13573802,5575.7676,0.7150325,0.010385184,0.08679518,0.009144827,0.16334486,0.019838942,null,null,null,null,"TWOGAUSSIANS",8,4.038146,0.7150325,0.010385184,0.4,0.0,0.16334188,0.019836308,0.38899022,0.0916564,0.30061394,0.33783212,0.13587555,5575.767
375316653866487564,4039401524881968896,0.4754181,2248.7018300708546,0.2224139843867023,4.541774E-5,19.099182,0.011329378,0.368175,0.013839305,0.06579978,0.014070286,0.15807506,0.019128032,0.8078335,0.009983363,0.08884153,0.017173441,0.22562616,0.04717371,null,null,null,null,"TWOGAUSSIANS",8,3.2692368,0.8078335,0.009983363,0.4,0.0,0.22508569,0.04776977,0.368175,0.01383936,0.36847878,0.07879361,0.15753567,0.018999606
375316653866487564,4039401559242017152,0.4645531,2303.0299839186455,0.2816848866489105,1.0731297E-5,19.731113,0.023095643,0.2488746,1.4240158E-4,0.0052016177,2.5271508E-4,0.842487,0.027071461,0.6368646,0.060909502,0.09765913,0.033180512,0.067947924,0.043499537,null,null,null,null,"TWOGAUSSIANS",8,6.396149,0.2488746,1.4240158E-4,0.029129058,0.0014152045,0.84251213,0.027101208,0.6368646,0.060909502,0.4,0.006657331,0.06794765,0.043498866
375316653866487564,4039401627961133568,0.6299934,2257.5606988958434,0.9945994170617353,8.906868E-6,17.06963,0.016244391,0.2562134,0.0027455422,0.10179531,0.00652556,0.28902188,0.015816908,0.7581802,0.0017947488,0.10552767,0.0066101416,0.28354475,0.013066952,null,null,null,null,"TWOGAUSSIANS",8,1.650276,0.2562134,0.0027543006,0.4,0.0,0.25850147,0.0057686972,0.7581802,0.0017947488,0.4,0.0,0.25302008,0.0053785853
375316653866487564,4039401696680890496,0.63265073,2283.0706605649534,1.017826503347645,4.9767327E-6,17.741728,0.0037402182,0.2831671,0.0022972594,0.035147626,0.0016847866,0.5171301,0.032285374,0.78271234,0.0012333811,0.037865244,0.0020336509,0.19516595,0.0042901286,null,null,null,null,"TWOGAUSSIANS",8,2.3607788,0.2831671,0.0022972594,0.19682671,0.009434805,0.5171301,0.032285374,0.78271234,0.0012333811,0.21204537,0.011388444,0.19516595,0.0042901286
375316653866487564,4039401795405494272,0.58102506,2305.5175240096637,0.8215342967569346,1.6748687E-5,15.719661,0.017841022,0.26564667,0.008946765,0.09634906,0.0154553745,0.12775742,0.017933687,0.76506895,0.005412,0.11230112,0.017288495,0.113623925,0.01712529,null,null,null,null,"TWOGAUSSIANS",8,7.5354204,0.26564667,0.008974028,0.4,0.0,0.114338696,0.0057064174,0.76506895,0.005412,0.4,0.0,0.10019429,0.004721726
375316653866487564,4039401971560741248,0.47124562,2313.4529649679785,2.7124910229164385,1.2683019E-4,19.497946,0.02192129,0.37370732,0.008064477,0.06321715,0.008782712,0.38822114,0.14822875,0.80780333,0.02705295,0.10921171,0.03365935,0.066530325,0.025184447,null,null,null,null,"TWOGAUSSIANS",8,1.9909782,0.3737173,0.008050871,0.35401604,0.04918319,0.38718793,0.14880979,0.80780333,0.02705295,0.4,0.0,0.065472335,0.02184834
375316653866487564,4039402108999817984,0.57409865,2290.6093102173586,3.7638634191823934,2.0403046E-5,18.764946,0.054520007,0.24611358,0.006103374,0.05178425,0.022275068,0.39657462,0.22270899,0.7336759,0.013641192,0.042666048,0.01711129,0.54135823,0.11237349,0.11049804,0.06355524,0.24611358,0.006103374,"TWOGAUSSIANS_WITH_ELLIPSOIDAL_ON_ECLIPSE1",9,6.411338,0.7343659,0.012758983,0.23892987,0.09582322,0.7610781,0.15853614,0.24611358,0.006103374,0.2899918,0.124740385,0.6175672,0.23423667
375316653866487564,4039402108999918976,0.49609172,2274.2515434813204,2.334054435595969,2.8758674E-5,18.865152,0.023267405,0.2131022,0.0110655,0.08693697,0.012274131,0.45818174,0.0526489,0.7316618,0.011610482,0.07818217,0.009206022,0.55815876,0.06888739,null,null,null,null,"TWOGAUSSIANS",8,14.101167,0.7316618,0.011610482,0.4,0.0,0.5509177,0.0714156,0.2131022,0.0110655,0.4,0.0,0.4509406,0.054716047
375316653866487564,4039402349566872832,0.56617254,2275.992214197702,3.2752775569908605,6.4490882E-6,19.22722,0.012842719,0.17964607,0.0046472815,0.07375249,0.006794495,0.28878045,0.012592904,0.68421555,0.0023601204,0.06960113,0.0036325434,0.41335598,0.015589727,null,null,null,null,"TWOGAUSSIANS",8,1.562611,0.68421555,0.0023601204,0.38976634,0.020342244,0.41195616,0.015139871,0.17964607,0.0046472815,0.4,0.0071565146,0.28738064,0.012068162
375316653866487564,4039402658754400640,0.46652,2257.67257760573,0.07162056548684502,2.6151904E-5,19.351099,0.18390922,0.060916092,0.016443443,0.051581163,0.047615085,0.1990825,0.52946174,0.46785265,0.025701359,0.19434871,0.084803626,0.45180196,0.162018,null,null,null,null,"TWOGAUSSIANS",8,6.987397,0.46785265,0.025701359,0.4,0.0,0.40836647,0.11022777,0.067856096,0.023778906,0.2888545,0.26664448,0.21204095,0.5182319
375316653866487564,4039402727475524608,0.47543955,2298.640731773,1.122804474684426,4.965176E-5,18.604635,0.026160888,0.13861412,0.015295778,0.039831396,0.007456115,0.61143076,0.26197705,0.6309456,0.024334239,0.024644036,0.041731533,0.1888619,0.09390205,null,null,null,null,"TWOGAUSSIANS",8,23.498049,0.13861412,0.015295778,0.22305581,0.041754246,0.61143076,0.26197723,0.6309456,0.024334239,0.13800661,0.2336966,0.1888619,0.09390303
375316653866487564,4039402761835249024,0.47739363,2312.7352307953984,0.4577522163297916,6.237695E-5,19.06768,0.2410604,0.016071899,0.9223068,0.03400703,0.021712372,0.16173364,0.028089458,0.32915154,0.027482657,0.1654181,0.11042547,0.48714373,0.16785438,null,null,null,null,"TWOGAUSSIANS",8,11.075263,0.32915154,0.027482657,0.4,0.0,0.47703362,0.10741468,0.0232619,0.9192017,0.19043937,0.12158928,0.23625126,0.029492043
375316653866487564,4039402796195124096,0.48731628,2285.070012078869,0.05598870184577482,1.8317798E-5,19.010118,0.0052875387,0.46072027,0.010398108,0.10106866,0.010110897,0.15766783,0.015929239,0.78273505,0.012914305,0.0939805,0.017658452,0.1716371,0.04451555,null,null,null,null,"TWOGAUSSIANS",8,0.8388476,0.78273505,0.012914305,0.4,0.0,0.17184137,0.045513324,0.46191025,0.009630087,0.4,0.0,0.15738209,0.016293084
375316653866487564,4039402864914295168,0.4653162,2279.470649478431,3.4048707036045465,5.8670907E-5,19.200203,0.58877105,0.19944756,0.01456762,0.104550354,0.05704398,0.38812548,0.42894635,0.67266285,0.03526874,0.15153475,0.16562499,0.32674217,0.5784831,null,null,null,null,"TWOGAUSSIANS",8,9.722652,0.20042756,0.013041138,0.4,0.0070706885,0.30919352,0.073014766,0.67266285,0.03526874,0.4,0.0733698,0.24454027,0.06246797
375316653866487564,4039402933633783424,0.53914535,2405.584129708187,1.6272427028169798,2.1222291E-5,18.040794,0.026800022,0.18514413,0.028137619,0.11384234,0.053856656,0.1489878,0.017459461,0.7511583,0.0010912676,0.024272459,0.0033505186,4.564525,2.9530053,null,null,null,null,"TWOGAUSSIANS",8,1.865517,0.7511583,0.0010892982,0.13592577,0.018762905,4.56454,2.952676,0.18514413,0.028137619,0.4,0.0,0.148898,0.018375624
375316653866487564,4039403174152751616,0.52233976,2300.6949372951512,1.7428637717528934,4.2301366E-5,19.147686,0.016140359,0.2349158,0.03107472,0.060658313,0.040338773,0.63558125,3.15231296E8,0.7220019,0.010849565,0.08246264,0.017861912,0.17442533,0.020805158,null,null,null,null,"TWOGAUSSIANS",8,4.181842,0.2349158,0.03107472,0.33968657,0.22589713,0.63463616,3.15231296E8,0.7220019,0.010849565,0.4,0.0,0.17348027,0.021107249
375316653866487564,4039403174200907648,0.44268438,2353.38091582732,2.137125473039823,1.7081926E-5,18.651525,0.014989691,0.10638356,0.036356773,0.057563517,0.025478,0.29776716,0.08420079,0.5198289,0.002460864,0.0325909,0.006513464,0.22765532,0.06554237,null,null,null,null,"TWOGAUSSIANS",8,4.040505,0.10638356,0.036356773,0.3223557,0.1150974,0.29776716,0.08420082,0.5198289,0.002460864,0.18250905,0.036475398,0.22765532,0.0655425
375316653866487564,4039403380310692352,0.5003066,2282.860068073876,3.1931321960372236,3.7058722E-5,18.772213,0.026169103,0.21974087,0.01693454,0.08005,0.042420316,0.266526,0.07703652,0.7330639,0.010376406,0.09085153,0.0153316865,0.3023715,0.035365243,null,null,null,null,"TWOGAUSSIANS",8,6.0570307,0.7330639,0.010376406,0.4,0.0,0.29611963,0.030684596,0.21974087,0.016934143,0.4,0.14657344,0.26027435,0.08211843
