Gaia/vari_eclipsing_binary/VariEclipsingBinary_636778-636878.csv
# %ECSV 1.0
# ---
# delimiter: ','
# meta: !!omap
# - RELEASE: Gaia DR3
# - TABLE: vari_eclipsing_binary
# - DESCRIPTION: >
#     This table describes the properties of the eclipsing binaries resulting from the variability analysis. 
# - CITATION: >
#     How to cite and acknowledge Gaia: 
#     https://gea.esac.esa.int/archive/documentation/credits.html 
# - KNOWN_ISSUES: >
#     Known issues: 
#     https://www.cosmos.esa.int/web/gaia-users/known-issues 
# - DOCUMENTATION: >
#     Tutorials and documentation: 
#     https://www.cosmos.esa.int/web/gaia-users/archive 
# datatype:
# - 
#   name: solution_id
#   datatype: int64
#   description: Solution Identifier
#   meta:
#     ucd: meta.version
# - 
#   name: source_id
#   datatype: int64
#   description: Unique source identifier
#   meta:
#     ucd: meta.id;meta.main
# - 
#   name: global_ranking
#   datatype: float32
#   description: Number between 0 (worst) and 1 (best)
#   meta:
#     ucd: stat.param
# - 
#   name: reference_time
#   datatype: float64
#   unit: d
#   description: Reference time used for the geometric model fit
#   meta:
#     ucd: time.epoch
# - 
#   name: frequency
#   datatype: float64
#   unit: d**-1
#   description: Frequency of geometric model of the eclipsing binary light curve
#   meta:
#     ucd: src.orbital
# - 
#   name: frequency_error
#   datatype: float32
#   unit: d**-1
#   description: "Uncertainty of \\texttt{frequency}"
#   meta:
#     ucd: stat.error
# - 
#   name: geom_model_reference_level
#   datatype: float32
#   unit: mag
#   description: Magnitude reference level of geometric model
#   meta:
#     ucd: phot.mag;em.opt
# - 
#   name: geom_model_reference_level_error
#   datatype: float32
#   unit: mag
#   description: "Uncertainty of \\texttt{geomModelReferenceLevel}"
#   meta:
#     ucd: stat.error;phot.mag;em.opt
# - 
#   name: geom_model_gaussian1_phase
#   datatype: float32
#   description: Phase of the Gaussian 1 component
#   meta:
#     ucd: time.phase
# - 
#   name: geom_model_gaussian1_phase_error
#   datatype: float32
#   description: "Uncertainty of \\texttt{geomModelGaussian1Phase}"
#   meta:
#     ucd: stat.error;time.phase
# - 
#   name: geom_model_gaussian1_sigma
#   datatype: float32
#   description: "Standard deviation [phase] of Gaussian 1 component"
#   meta:
#     ucd: stat.stdev
# - 
#   name: geom_model_gaussian1_sigma_error
#   datatype: float32
#   description: "Uncertainty of \\texttt{geomModelGaussian1Sigma}"
#   meta:
#     ucd: stat.error
# - 
#   name: geom_model_gaussian1_depth
#   datatype: float32
#   unit: mag
#   description: Magnitude depth of Gaussian 1 component
#   meta:
#     ucd: src.var.amplitude
# - 
#   name: geom_model_gaussian1_depth_error
#   datatype: float32
#   unit: mag
#   description: "Uncertainty of \\texttt{geomModelGaussian1Depth}"
#   meta:
#     ucd: stat.error;src.var.amplitude
# - 
#   name: geom_model_gaussian2_phase
#   datatype: float32
#   description: Phase of Gaussian 2 component
#   meta:
#     ucd: time.phase
# - 
#   name: geom_model_gaussian2_phase_error
#   datatype: float32
#   description: "Uncertainty of \\texttt{geomModelGaussian2Phase}"
#   meta:
#     ucd: stat.error;time.phase
# - 
#   name: geom_model_gaussian2_sigma
#   datatype: float32
[...]
#   datatype: float32
#   description: "Secondary eclipse: uncertainty of \\texttt{derivedSecondaryEclDuration}"
#   meta:
#     ucd: stat.error;time.duration
# - 
#   name: derived_secondary_ecl_depth
#   datatype: float32
#   unit: mag
#   description: "Secondary eclipse: depth"
#   meta:
#     ucd: src.var.amplitude
# - 
#   name: derived_secondary_ecl_depth_error
#   datatype: float32
#   unit: mag
#   description: "Secondary eclipse: uncertainty of \\texttt{derivedSecondaryEclDepth}"
#   meta:
#     ucd: stat.error;src.var.amplitude
solution_id,source_id,global_ranking,reference_time,frequency,frequency_error,geom_model_reference_level,geom_model_reference_level_error,geom_model_gaussian1_phase,geom_model_gaussian1_phase_error,geom_model_gaussian1_sigma,geom_model_gaussian1_sigma_error,geom_model_gaussian1_depth,geom_model_gaussian1_depth_error,geom_model_gaussian2_phase,geom_model_gaussian2_phase_error,geom_model_gaussian2_sigma,geom_model_gaussian2_sigma_error,geom_model_gaussian2_depth,geom_model_gaussian2_depth_error,geom_model_cosine_half_period_amplitude,geom_model_cosine_half_period_amplitude_error,geom_model_cosine_half_period_phase,geom_model_cosine_half_period_phase_error,model_type,num_model_parameters,reduced_chi2,derived_primary_ecl_phase,derived_primary_ecl_phase_error,derived_primary_ecl_duration,derived_primary_ecl_duration_error,derived_primary_ecl_depth,derived_primary_ecl_depth_error,derived_secondary_ecl_phase,derived_secondary_ecl_phase_error,derived_secondary_ecl_duration,derived_secondary_ecl_duration_error,derived_secondary_ecl_depth,derived_secondary_ecl_depth_error
[from data line 73]
375316653866487564,5601220958448436480,0.59166074,2240.3269767002657,0.3392107891381659,8.634396E-6,16.301311,9.13292E-4,0.2787263,0.013073906,0.01538671,0.009535492,0.16274993,23.963364,0.7753355,9.1500196E-4,0.016462192,8.4505224E-4,0.13821845,0.0067838677,0.0043842695,0.0013705372,0.2787263,0.013073906,"TWOGAUSSIANS_WITH_ELLIPSOIDAL_ON_ECLIPSE1",9,3.699309,0.2787263,0.013073906,0.08616558,0.05339876,0.17151846,23.96351,0.7753355,9.069386E-4,0.09218828,0.0047322926,0.146983,0.006990008
375316653866487564,5601224733717517440,0.5599133,2253.4546232709554,2.9457124942763016,1.4180459E-5,18.636253,0.008987786,0.17211309,0.0034957293,0.08358007,0.004972983,0.416129,0.020747557,0.67396724,0.0029416196,0.08399144,0.0033955714,0.42725518,0.01258751,null,null,null,null,"TWOGAUSSIANS",8,4.2763743,0.67396724,0.0029416196,0.4,0.0,0.41774076,0.011775073,0.17211309,0.0034957293,0.4,0.0,0.40661457,0.021093598
375316653866487564,5601229441001656576,0.61092633,2235.0234999459676,2.9725000568933817,3.926108E-6,18.680376,0.00914064,0.21447723,0.0011240181,0.047045294,0.0031661007,0.34052873,0.01895123,0.7134267,0.0023870668,0.04366814,0.004255678,0.3657895,0.02506663,0.15450467,0.011143276,0.21447723,0.0011240181,"TWOGAUSSIANS_WITH_ELLIPSOIDAL_ON_ECLIPSE1",9,1.9883425,0.7135467,0.002125925,0.24454159,0.023831798,0.6747866,0.02980241,0.21447723,0.0011240181,0.26345366,0.017730163,0.6495378,0.016435789
375316653866487564,5601230063779464448,0.5788726,2219.6751423863393,0.6600199262023876,1.2615214E-5,18.235273,0.0021908693,0.75453645,0.02665658,0.009618644,0.011732719,0.7611842,2.0895936,null,null,null,null,null,null,null,null,null,null,"ONEGAUSSIAN",5,2.764928,0.75453645,0.02665658,0.053864405,0.06570323,0.7611842,0.0,null,null,null,null,null,null
375316653866487564,5601230785338045824,0.5352031,2215.4711253729743,1.136126759015565,1.2828383E-5,16.918152,0.008637069,0.2379103,0.0045579113,0.12703876,0.016896958,0.058259342,0.008154782,0.73813665,0.0029861538,0.09223896,0.007962931,0.10374143,0.007982807,null,null,null,null,"TWOGAUSSIANS",8,1.6593056,0.73813665,0.0029937078,0.4,0.0,0.0931625,0.0027893176,0.2379103,0.0045579113,0.4,0.0,0.047630068,0.0026310124
375316653866487564,5601231399503946880,0.4714771,2231.050087169559,0.6079955949533304,2.9091656E-5,16.322954,0.0025787044,0.36700472,0.0074276966,0.0074239746,0.008361148,0.02467569,1.72622256E8,0.74201244,3.0176408E-5,0.0014253081,8.481287E-5,0.23865625,0.008548257,0.016326014,0.0034528647,0.74201244,3.0176408E-5,"TWOGAUSSIANS_WITH_ELLIPSOIDAL_ON_ECLIPSE2",9,21.039564,0.74201244,3.0176408E-5,0.007981725,4.7495207E-4,0.27130827,0.013698389,0.36654472,0.0068352777,0.04157426,0.04682243,0.04105033,1.72622256E8
375316653866487564,5601231674381960064,0.60694903,2252.12158835839,2.002119781074639,7.097692E-6,17.37749,0.0063353623,0.18188842,0.0018598147,0.094862506,0.0032303869,0.22785927,0.006074649,0.67142826,0.0015278558,0.072262384,0.0016351033,0.6135752,0.011200627,null,null,null,null,"TWOGAUSSIANS",8,7.8620033,0.67142826,0.0015278558,0.4,0.0,0.6071938,0.01086706,0.18188842,0.0018598147,0.4,0.0,0.2214774,0.00484752
375316653866487564,5601233053076509568,0.5560767,2228.6903600427318,2.2335243917471117,1.1481643E-5,16.794369,0.025218353,0.25634485,0.0048545655,0.10294003,0.014987788,0.20073332,0.022252651,0.7585079,0.0025762063,0.10722841,0.012241988,0.20695554,0.022504635,null,null,null,null,"TWOGAUSSIANS",8,8.677268,0.7585079,0.0025752552,0.4,0.0,0.18348147,0.004913189,0.25634485,0.0048689432,0.4,0.0,0.17726411,0.008566477
375316653866487564,5601233431033816576,0.52573586,2214.1022588846135,0.17121193741340715,1.0610755E-5,12.854532,3.3183183E-4,0.28533298,0.0016220042,0.011700037,0.0027858675,0.070207536,0.005601612,0.80828124,0.0055764904,0.0065741846,0.0064921607,0.011572802,11.938256,0.0044178674,5.80536E-4,0.80828124,0.0055764904,"TWOGAUSSIANS_WITH_ELLIPSOIDAL_ON_ECLIPSE2",9,15.131063,0.285363,0.0016166655,0.065520205,0.015600858,0.078861065,0.005609902,0.80828124,0.0055764904,0.03681543,0.0363561,0.02040852,11.938246
375316653866487564,5601233701606448512,0.5028138,2204.166015478755,4.520048710812739,1.3912063E-5,19.480839,0.018558884,0.24832785,0.0033704438,0.09490088,0.007535703,0.2981068,0.01669484,0.7460992,0.006006727,0.08937125,0.011904423,0.30176735,0.01945413,null,null,null,null,"TWOGAUSSIANS",8,1.4518244,0.7460992,0.006006727,0.4,0.0,0.28715554,0.022497687,0.24832785,0.0033704438,0.4,0.0,0.2834945,0.009838457
375316653866487564,5601233912070121344,0.59620494,2202.396800289076,3.1477841286763657,6.8420395E-6,16.31553,0.010032845,0.16504848,0.004516936,0.053864006,0.005908077,0.24090052,0.022469815,0.67412555,0.0021753653,0.043229103,0.0066272924,0.15114647,0.021560524,0.10885206,0.011952011,0.67412555,0.0021753653,"TWOGAUSSIANS_WITH_ELLIPSOIDAL_ON_ECLIPSE2",9,25.055737,0.16660848,0.003625826,0.30163842,0.03308523,0.45801535,0.010161057,0.67412555,0.0021753653,0.24208297,0.037112836,0.36884758,0.0070642806
375316653866487564,5601234564905179008,0.6104934,2209.393421814662,2.6322438312880063,4.9536266E-6,18.142445,0.007884919,0.2569237,0.0014633819,0.039734747,0.0031245132,0.2647184,0.018614015,0.76024127,0.0056626964,0.041398205,0.0049637686,0.23388974,0.024595885,0.14329948,0.010029815,0.2569237,0.0014633819,"TWOGAUSSIANS_WITH_ELLIPSOIDAL_ON_ECLIPSE1",9,3.8374066,0.2569237,0.0014633819,0.2225146,0.017497273,0.5513173,0.018413333,0.76024127,0.0056626964,0.23182996,0.027797105,0.5203641,0.016502393
375316653866487564,5601235664416666496,0.46469724,2219.738243958924,1.8197759908005406,1.800349E-5,15.7772045,0.0016892892,null,null,null,null,null,null,null,null,null,null,null,null,0.029981103,0.002495142,0.2659144,0.0052484972,"ELLIPSOIDAL",4,27.743057,null,null,null,null,null,null,null,null,null,null,null,null
375316653866487564,5601235763190014464,0.5223082,2243.0377598724735,0.7206035771181688,6.8015645E-5,12.213099,5.041803E-4,0.2663664,0.0032750722,0.028889714,0.0037035258,0.066965535,0.007242214,0.7942862,0.015044422,0.0047536916,0.013867139,0.06099217,0.10617023,0.0059090643,7.4126705E-4,0.2663664,0.0032750722,"TWOGAUSSIANS_WITH_ELLIPSOIDAL_ON_ECLIPSE1",9,16.998993,0.2663664,0.0032750722,0.1617824,0.020739743,0.07878365,0.007511021,0.7942862,0.015044422,0.026620675,0.07765598,0.07245031,0.10618944
375316653866487564,5601236278593784704,0.519061,2271.2210027598653,2.9068545271492603,1.2779817E-5,19.44132,0.008622431,0.26037255,0.0036348158,0.07580948,0.006351402,0.3479798,0.012240526,0.7494043,0.0046497476,0.083059214,0.005628803,0.38056692,0.009678539,null,null,null,null,"TWOGAUSSIANS",8,2.0719912,0.7494043,0.0046497476,0.4,0.0,0.3764341,0.008806429,0.26037255,0.0036348158,0.4,0.0,0.343847,0.01228473
375316653866487564,5601237206300336384,0.47195533,2241.8929594635915,0.9267642636864041,1.5331065E-5,19.297365,0.007799378,0.28461474,0.009293081,0.03808406,0.00974928,0.2935389,0.08037665,0.79379886,0.02361248,0.044676326,0.031112583,0.060928512,0.034166414,null,null,null,null,"TWOGAUSSIANS",8,2.1341934,0.28461474,0.009293081,0.21327072,0.05459597,0.2935389,0.08037667,0.79379886,0.02361248,0.25018743,0.17423047,0.06092851,0.034166433
375316653866487564,5601238894231976832,0.49767894,2230.7295838506716,0.5148495353796957,4.898202E-5,15.155791,0.0010863079,0.23344667,0.011884151,0.027953124,0.01396814,0.006128746,0.025942558,0.73773974,0.006622537,0.026364274,0.010970782,0.066167496,0.061616596,0.0052802507,0.0015199138,0.23344667,0.011884151,"TWOGAUSSIANS_WITH_ELLIPSOIDAL_ON_ECLIPSE1",9,6.339148,0.73773974,0.006622537,0.14763993,0.061436377,0.07672032,0.062850386,0.23344667,0.011884151,0.1565375,0.07822158,0.016689247,0.0258855
375316653866487564,5601239821944836224,0.5477523,2210.6834708071456,1.7568785897133314,9.888109E-6,17.04353,0.6598661,0.27521577,0.0074074822,0.20254454,0.13016462,0.36052293,0.6455792,0.7601514,0.012167795,0.15304857,0.037337914,0.32087368,0.4088352,null,null,null,null,"TWOGAUSSIANS",8,2.502739,0.27780578,0.0038253942,0.4,0.0,0.12599194,0.004160521,0.7601514,0.012167795,0.4,0.0,0.11781394,0.0043191398
375316653866487564,5601240543499244288,0.68265617,2235.1839103113357,0.3457605936693872,5.414134E-5,14.751359,6.304223E-4,0.10337369,0.008217503,0.015762255,0.005576345,0.46708685,0.59068775,0.5961321,0.004296208,0.012449101,0.0028723318,0.47025678,0.0798879,null,null,null,null,"TWOGAUSSIANS",8,7.61974,0.5961321,0.004296208,0.06971496,0.016085058,0.47025678,0.0798879,0.10337369,0.008217503,0.08826862,0.031227533,0.46708685,0.59068775
375316653866487564,5601242089675324032,0.51674366,2247.282420418382,3.9356103325218887,1.8531757E-5,18.790964,0.008237176,0.23101023,0.0044222865,0.07704198,0.0058676247,0.2730269,0.010465591,0.73574185,0.004311825,0.07904837,0.005036937,0.27545747,0.010138261,null,null,null,null,"TWOGAUSSIANS",8,3.4872844,0.73574185,0.004311825,0.4,0.0,0.27251548,0.009282214,0.23101023,0.0044222865,0.4,0.0,0.27008492,0.01000647
375316653866487564,5601243116175679744,0.54343146,2216.2970784982786,3.5457544930349676,9.91329E-6,18.563057,0.01094349,0.26261777,0.0023782833,0.07682079,0.0043432517,0.4240946,0.0132747935,0.76242876,0.0032746738,0.072305255,0.0037768076,0.36530456,0.016083071,null,null,null,null,"TWOGAUSSIANS",8,6.351452,0.26261777,0.0023782833,0.4,0.0,0.4212509,0.013040977,0.76242876,0.0032746738,0.4,0.004872251,0.36246088,0.015707595
375316653866487564,5601243429704267776,0.5772839,2224.3045949678685,0.7902155203668512,4.9266337E-6,18.372168,0.0021913731,0.23504919,9.098901E-4,0.029042844,0.0010778505,0.39976612,0.010163917,0.7352168,0.0022916698,0.024593173,0.0024599747,0.4602204,0.037367277,null,null,null,null,"TWOGAUSSIANS",8,2.6113524,0.7352168,0.0022916698,0.13772176,0.013775858,0.4602204,0.037367277,0.23504919,9.098901E-4,0.16263993,0.006035962,0.39976612,0.010163917
375316653866487564,5601243532796402688,0.55907774,2213.641265366298,0.5264132731173182,1.1918598E-5,12.5362835,8.9313433E-4,0.32927772,0.0031433713,0.018765735,0.0018709055,0.17217551,0.0060218326,0.8281501,0.024169806,0.019282356,0.013039997,0.16892214,0.20831452,0.0033823184,0.0015043338,0.32927772,0.0031433713,"TWOGAUSSIANS_WITH_ELLIPSOIDAL_ON_ECLIPSE1",9,47.049522,0.32927772,0.0031433713,0.105088115,0.010477071,0.17894013,0.005945399,0.8281501,0.024169806,0.1079812,0.07302398,0.17568643,0.20956199
375316653866487564,5601243906451560960,0.49942076,2204.9395511682806,3.1136693040413252,2.1968854E-5,18.025766,0.18280923,0.27028728,0.0064211725,0.122229725,0.0474229,0.25104117,0.17039323,0.7736311,0.006331061,0.12480646,0.047698896,0.24365255,0.17438774,null,null,null,null,"TWOGAUSSIANS",8,6.8162365,0.2702573,0.00639892,0.4,0.0,0.18916318,0.01182661,0.7736611,0.006338399,0.4,0.0,0.18173164,0.012698763
375316653866487564,5601244112608183168,0.5466425,2202.2709048389634,0.47836838369072154,2.9922892E-5,17.605043,0.001793636,0.35379437,0.0040333713,0.009697284,0.009039645,0.23102598,0.0089923395,0.85561925,0.0013657479,0.011933531,0.005238946,0.29224443,0.8140179,null,null,null,null,"TWOGAUSSIANS",8,3.4508932,0.85561925,0.0013657479,0.066827774,0.029338099,0.29224443,0.8140179,0.35379437,0.0040333713,0.05430479,0.050622012,0.23102598,0.0089923395
375316653866487564,5601245383918517376,0.5136273,2218.2267024691137,0.2174216696462853,4.527761E-5,19.664892,0.004011549,0.18868235,0.0042862142,0.023249289,0.0054286695,0.061493386,0.015804088,0.42024514,2.0705357E-4,0.008820123,2.5972203E-4,0.6497511,0.0055599287,null,null,null,null,"TWOGAUSSIANS",8,1.3955837,0.42024514,2.0705357E-4,0.049392693,0.0014544434,0.6497511,0.0055599287,0.18868235,0.0042862142,0.13019602,0.03040055,0.061493386,0.015804088
375316653866487564,5601245560020921984,0.53624374,2206.1985569852845,0.33219686728930936,4.1248546E-5,15.98612,0.0013505322,0.28805944,0.006220254,0.018117618,0.0055361222,0.12518828,0.025913548,0.78864,0.006938912,0.014804821,0.0047486527,0.12495245,0.21356137,0.007877983,0.002264605,0.28805944,0.006220254,"TWOGAUSSIANS_WITH_ELLIPSOIDAL_ON_ECLIPSE1",9,9.258306,0.28805944,0.006220254,0.10145866,0.031002285,0.14094424,0.026377046,0.78864,0.006938912,0.082907,0.026592454,0.14070821,0.21360727
375316653866487564,5601245624436772352,0.54025686,2221.6259023837874,3.362691523514928,9.928435E-6,19.390858,0.01109781,0.25070462,0.0043572155,0.08042424,0.005190941,0.4357225,0.019714411,0.75051945,0.002956357,0.07322188,0.0034934704,0.47079998,0.01741487,null,null,null,null,"TWOGAUSSIANS",8,2.6121075,0.75051945,0.002956357,0.4,0.0,0.4662884,0.016856615,0.25070462,0.0043572155,0.4,0.0,0.4312109,0.019509949
375316653866487564,5601247243649535488,0.63888216,2229.7357750364645,2.7152569430070272,2.307191E-6,16.932688,0.007888849,0.3031323,9.400317E-4,0.04712345,0.0033093076,0.48120767,0.04039573,0.8013205,0.0011379889,0.04201518,0.0019051837,0.39838737,0.0180611,0.13350388,0.009770539,0.3031323,9.400317E-4,"TWOGAUSSIANS_WITH_ELLIPSOIDAL_ON_ECLIPSE1",9,9.937671,0.3031323,9.400317E-4,0.2638913,0.018532123,0.748215,0.049593974,0.80147046,0.0010111006,0.23528501,0.010669028,0.6653631,0.010300125
375316653866487564,5601247243649536640,0.57651496,2219.514876460356,0.48100366836173547,1.3877812E-5,9.934522,0.0010084171,0.20285104,0.0012717348,0.024237033,0.0012655128,0.21197931,0.013112721,0.7000104,0.010889561,0.032851487,0.00617815,0.043177776,0.006007807,0.0126212295,0.0022690461,0.20285104,0.0012717348,"TWOGAUSSIANS_WITH_ELLIPSOIDAL_ON_ECLIPSE1",9,26.807606,0.20285104,0.0012717348,0.13572739,0.007086871,0.23722176,0.013666904,0.7001404,0.0106707355,0.18396834,0.03459764,0.068412565,0.005411668
375316653866487564,5601248201416655488,0.6741764,2268.6532102775,2.152844965820118,2.0961215E-6,16.9459,0.0057006655,0.19450875,9.3190186E-4,0.050204758,0.002667475,0.24457942,0.011294055,0.69626415,0.0015739319,0.057295155,0.00323515,0.1834961,0.0126854805,0.10123905,0.0066496674,0.19450875,9.3190186E-4,"TWOGAUSSIANS_WITH_ELLIPSOIDAL_ON_ECLIPSE1",9,2.7254286,0.19450875,9.3190186E-4,0.28114665,0.01493786,0.44704476,0.0075107003,0.69626415,0.0015739319,0.32085288,0.01811684,0.3859368,0.009088952
375316653866487564,5601248343161176576,0.59259033,2256.648459973459,1.1977098436351554,5.9872455E-6,14.238613,0.003413542,0.20438911,0.002055966,0.09180826,0.0043092836,0.09271856,0.0033814989,0.7046495,0.002671235,0.09388201,0.0048488,0.15492554,0.0032840725,null,null,null,null,"TWOGAUSSIANS",8,13.56572,0.7046495,0.002671235,0.4,0.0,0.14857538,0.0027219714,0.20438911,0.002055966,0.4,0.0,0.086368546,0.0023957116
375316653866487564,5601248789837728128,0.49490985,2217.512568717544,1.4837449781594871,2.483803E-5,18.447626,0.004739609,0.31093433,0.040465187,0.052359354,0.06330921,0.020435354,0.008390821,0.771999,0.00300299,0.038153566,0.0029847526,0.19487187,0.02411693,null,null,null,null,"TWOGAUSSIANS",8,2.091211,0.771999,0.00300299,0.21365997,0.016714614,0.19487187,0.02411662,0.31093433,0.040465187,0.29321238,0.32792905,0.020435352,0.008391928
375316653866487564,5601249026052568320,0.47308552,2243.083397411093,3.239665696990718,1.4074967E-5,18.579882,0.00906526,0.21487921,0.005259703,0.061548725,0.0080419835,0.18536434,0.011957173,0.65095824,0.0711424,0.058221467,0.079367824,0.019438462,0.011868872,null,null,null,null,"TWOGAUSSIANS",8,4.8308387,0.21487921,0.0052608335,0.34467286,0.04503511,0.18536249,0.011849066,0.65095824,0.0711424,0.3260402,0.20758352,0.019436613,0.011786579
