Gaia/vari_eclipsing_binary/VariEclipsingBinary_467152-467167.csv
# %ECSV 1.0
# ---
# delimiter: ','
# meta: !!omap
# - RELEASE: Gaia DR3
# - TABLE: vari_eclipsing_binary
# - DESCRIPTION: >
#     This table describes the properties of the eclipsing binaries resulting from the variability analysis. 
# - CITATION: >
#     How to cite and acknowledge Gaia: 
#     https://gea.esac.esa.int/archive/documentation/credits.html 
# - KNOWN_ISSUES: >
#     Known issues: 
#     https://www.cosmos.esa.int/web/gaia-users/known-issues 
# - DOCUMENTATION: >
#     Tutorials and documentation: 
#     https://www.cosmos.esa.int/web/gaia-users/archive 
# datatype:
# - 
#   name: solution_id
#   datatype: int64
#   description: Solution Identifier
#   meta:
#     ucd: meta.version
# - 
#   name: source_id
#   datatype: int64
#   description: Unique source identifier
#   meta:
#     ucd: meta.id;meta.main
# - 
#   name: global_ranking
#   datatype: float32
#   description: Number between 0 (worst) and 1 (best)
#   meta:
#     ucd: stat.param
# - 
#   name: reference_time
#   datatype: float64
#   unit: d
#   description: Reference time used for the geometric model fit
#   meta:
#     ucd: time.epoch
# - 
#   name: frequency
#   datatype: float64
#   unit: d**-1
#   description: Frequency of geometric model of the eclipsing binary light curve
#   meta:
#     ucd: src.orbital
# - 
#   name: frequency_error
#   datatype: float32
#   unit: d**-1
#   description: "Uncertainty of \\texttt{frequency}"
#   meta:
#     ucd: stat.error
# - 
#   name: geom_model_reference_level
#   datatype: float32
#   unit: mag
#   description: Magnitude reference level of geometric model
#   meta:
#     ucd: phot.mag;em.opt
# - 
#   name: geom_model_reference_level_error
#   datatype: float32
#   unit: mag
#   description: "Uncertainty of \\texttt{geomModelReferenceLevel}"
#   meta:
#     ucd: stat.error;phot.mag;em.opt
# - 
#   name: geom_model_gaussian1_phase
#   datatype: float32
#   description: Phase of the Gaussian 1 component
#   meta:
#     ucd: time.phase
# - 
#   name: geom_model_gaussian1_phase_error
#   datatype: float32
#   description: "Uncertainty of \\texttt{geomModelGaussian1Phase}"
#   meta:
#     ucd: stat.error;time.phase
# - 
#   name: geom_model_gaussian1_sigma
#   datatype: float32
#   description: "Standard deviation [phase] of Gaussian 1 component"
#   meta:
#     ucd: stat.stdev
# - 
#   name: geom_model_gaussian1_sigma_error
#   datatype: float32
#   description: "Uncertainty of \\texttt{geomModelGaussian1Sigma}"
#   meta:
#     ucd: stat.error
# - 
#   name: geom_model_gaussian1_depth
#   datatype: float32
#   unit: mag
#   description: Magnitude depth of Gaussian 1 component
#   meta:
#     ucd: src.var.amplitude
# - 
#   name: geom_model_gaussian1_depth_error
#   datatype: float32
#   unit: mag
#   description: "Uncertainty of \\texttt{geomModelGaussian1Depth}"
#   meta:
#     ucd: stat.error;src.var.amplitude
# - 
#   name: geom_model_gaussian2_phase
#   datatype: float32
#   description: Phase of Gaussian 2 component
#   meta:
#     ucd: time.phase
# - 
#   name: geom_model_gaussian2_phase_error
#   datatype: float32
#   description: "Uncertainty of \\texttt{geomModelGaussian2Phase}"
#   meta:
#     ucd: stat.error;time.phase
# - 
#   name: geom_model_gaussian2_sigma
#   datatype: float32
[...]
#   datatype: float32
#   description: "Secondary eclipse: uncertainty of \\texttt{derivedSecondaryEclDuration}"
#   meta:
#     ucd: stat.error;time.duration
# - 
#   name: derived_secondary_ecl_depth
#   datatype: float32
#   unit: mag
#   description: "Secondary eclipse: depth"
#   meta:
#     ucd: src.var.amplitude
# - 
#   name: derived_secondary_ecl_depth_error
#   datatype: float32
#   unit: mag
#   description: "Secondary eclipse: uncertainty of \\texttt{derivedSecondaryEclDepth}"
#   meta:
#     ucd: stat.error;src.var.amplitude
solution_id,source_id,global_ranking,reference_time,frequency,frequency_error,geom_model_reference_level,geom_model_reference_level_error,geom_model_gaussian1_phase,geom_model_gaussian1_phase_error,geom_model_gaussian1_sigma,geom_model_gaussian1_sigma_error,geom_model_gaussian1_depth,geom_model_gaussian1_depth_error,geom_model_gaussian2_phase,geom_model_gaussian2_phase_error,geom_model_gaussian2_sigma,geom_model_gaussian2_sigma_error,geom_model_gaussian2_depth,geom_model_gaussian2_depth_error,geom_model_cosine_half_period_amplitude,geom_model_cosine_half_period_amplitude_error,geom_model_cosine_half_period_phase,geom_model_cosine_half_period_phase_error,model_type,num_model_parameters,reduced_chi2,derived_primary_ecl_phase,derived_primary_ecl_phase_error,derived_primary_ecl_duration,derived_primary_ecl_duration_error,derived_primary_ecl_depth,derived_primary_ecl_depth_error,derived_secondary_ecl_phase,derived_secondary_ecl_phase_error,derived_secondary_ecl_duration,derived_secondary_ecl_duration_error,derived_secondary_ecl_depth,derived_secondary_ecl_depth_error
[from data line 223]
375316653866487564,4109171550652750592,0.52791536,2284.6784662680725,2.084977245247337,1.7578255E-5,19.626678,0.08350903,0.24018282,0.0054874434,0.11972136,0.019058958,0.4744168,0.07416111,0.7218788,0.0037639325,0.11043354,0.01679051,0.44391838,0.07720707,null,null,null,null,"TWOGAUSSIANS",8,2.0653636,0.24021281,0.005464885,0.4,0.0,0.40172163,0.033505287,0.7218788,0.0037639325,0.4,0.0,0.37136835,0.026927944
375316653866487564,4109172272140217344,0.4821681,2282.8871248113473,2.6737444959461545,4.053522E-5,19.805729,0.028780993,0.19316651,0.0064035836,0.0827714,0.01052987,0.39537507,0.027756438,0.6816238,0.009572675,0.073368594,0.009957343,0.35258356,0.07963573,null,null,null,null,"TWOGAUSSIANS",8,3.7062933,0.19316651,0.0064035836,0.4,0.0,0.39188233,0.027122302,0.6816238,0.009572675,0.4,0.0340511,0.34909084,0.07983699
375316653866487564,4109172306500109696,0.5420138,2297.7903918348647,2.257108043955827,1.6331878E-5,19.12735,0.014088394,0.25007585,0.0043148906,0.07479541,0.0050173346,0.42449465,0.027242733,0.76179457,0.0043421853,0.07520239,0.006039164,0.5372092,0.03706337,null,null,null,null,"TWOGAUSSIANS",8,5.451336,0.76179457,0.0043421853,0.4,0.0,0.5343735,0.037608586,0.25007585,0.0043148906,0.4,0.0,0.42165893,0.02708902
375316653866487564,4109173096840941440,0.4522465,2291.464146214257,0.183780109063369,6.914373E-5,19.15237,0.038440816,0.4899754,0.009592707,0.06814471,0.0076104356,0.55796814,0.05881519,0.8408947,0.023511395,0.08074591,0.031376157,0.17704077,0.038938414,null,null,null,null,"TWOGAUSSIANS",8,21.657871,0.4899854,0.009587726,0.38161036,0.04261844,0.5579381,0.058774404,0.8408947,0.023511395,0.4,0.058899082,0.17699772,0.0388878
375316653866487564,4109173268573822080,0.44039398,2281.0881866332197,2.040565230518469,1.915115E-5,19.681156,0.008961643,null,null,null,null,null,null,null,null,null,null,null,null,0.17706507,0.016222408,0.24232304,0.00549585,"ELLIPSOIDAL",4,9.929305,null,null,null,null,null,null,null,null,null,null,null,null
375316653866487564,4109174917838263040,0.5530651,2320.5641462776744,2.1235372422077536,1.0796071E-5,19.533903,0.007828572,0.22191954,0.0034261243,0.0727293,0.0055403663,0.3016547,0.019579716,0.70467395,0.002775761,0.0830434,0.0030308636,0.5254976,0.009047158,null,null,null,null,"TWOGAUSSIANS",8,1.3831674,0.70467395,0.002775761,0.4,0.0,0.5222399,0.0083006695,0.22191954,0.0034261243,0.4,0.0013489157,0.298397,0.020278778
375316653866487564,4109174952267646208,0.5885736,2344.1250411043834,0.7750668072476833,1.4373424E-5,18.487415,0.00583455,0.26770142,0.0039333487,0.040263195,0.0028290567,0.7531012,0.015818434,0.77870184,0.0023818088,0.04594168,0.00476931,0.105870575,0.0057383627,null,null,null,null,"TWOGAUSSIANS",8,3.4410424,0.26770142,0.0039333487,0.2254739,0.015842717,0.7531012,0.01581843,0.77870184,0.0023818088,0.2572734,0.026708135,0.10587056,0.005738349
375316653866487564,4109175124066345088,0.4508926,2305.048970848681,2.1558205521635023,6.272081E-5,17.25444,0.08145207,0.2636527,0.0077027236,0.09870972,0.029551355,0.15815493,0.07679105,0.75088674,0.013627734,0.11244275,0.051629744,0.14543355,0.075727865,null,null,null,null,"TWOGAUSSIANS",8,25.81115,0.2636727,0.0075069573,0.4,0.0,0.14236829,0.01379567,0.75088674,0.013627734,0.4,0.0,0.12963133,0.016076991
375316653866487564,4109175703790614528,0.474645,2328.944968865865,0.19487184190375673,3.0998595E-5,19.014673,0.0077181105,0.16343702,0.015331058,0.014283825,0.008452993,0.49526945,31.241442,0.66417074,0.0035830988,0.01938365,0.004148457,0.38996023,0.09631097,null,null,null,null,"TWOGAUSSIANS",8,7.0023293,0.16343702,0.015331058,0.07998942,0.04733676,0.49526945,31.241442,0.66417074,0.0035830988,0.10854844,0.023231361,0.38996023,0.09631097
375316653866487564,4109176081773585920,0.4772522,2334.2377724259104,1.6694713801792744,3.0871288E-5,18.86711,0.021427037,0.28558218,0.005657877,0.095836006,0.0127909845,0.22221065,0.020624112,0.7765811,0.008442349,0.09338227,0.018106546,0.19774288,0.01719272,null,null,null,null,"TWOGAUSSIANS",8,2.278787,0.28558218,0.0056551695,0.4,0.0,0.2109555,0.017585438,0.7765811,0.008442349,0.4,0.0,0.18648809,0.0075214263
375316653866487564,4109176807623328896,0.4608691,2335.879505927741,2.1127826754039187,2.7770175E-5,19.076054,0.03875113,0.25453907,0.01876222,0.09002886,0.032432415,0.24763589,0.04394463,0.7332913,0.006335738,0.073515445,0.011457514,0.31423134,0.034679282,null,null,null,null,"TWOGAUSSIANS",8,12.802601,0.7332913,0.006335738,0.4,0.023955021,0.31082612,0.0288201,0.25453907,0.01876222,0.4,0.0016073083,0.24423048,0.04120036
375316653866487564,4109177082501646592,0.54136634,2345.675115324438,3.884396775707257,1.2876181E-5,19.173113,0.009775278,0.25714985,0.0035718696,0.033170383,0.0056403964,0.2647081,0.08725452,0.740432,0.013244342,0.05762776,0.009015303,0.29525644,0.040082943,0.16868465,0.018725904,0.25714985,0.0035718696,"TWOGAUSSIANS_WITH_ELLIPSOIDAL_ON_ECLIPSE1",9,6.7294087,0.74428207,0.009553015,0.32271546,0.050485697,0.6297601,0.037106752,0.25714985,0.0035718696,0.18575415,0.031586222,0.60207045,0.08661981
375316653866487564,4109177151221551488,0.49390122,2367.7199850217135,0.44323102914038703,3.4079316E-5,19.00558,0.0044778753,0.295302,0.0077560395,0.062537916,0.011994983,0.23374777,0.087505475,0.79388016,0.011747846,0.040299647,0.011496743,0.19280899,0.042127736,null,null,null,null,"TWOGAUSSIANS",8,1.2285602,0.295302,0.0077560395,0.35021234,0.06538302,0.23374486,0.08751889,0.79388016,0.011747846,0.22567803,0.06438176,0.19280608,0.04214247
375316653866487564,4109177387444357120,0.4583409,2324.3178598332925,0.6390934422182539,3.862975E-5,19.347532,0.010275372,0.21888444,0.018283619,0.042736113,0.023168718,0.348376,0.37578064,0.7045438,0.0042629326,0.040440828,0.0064468975,0.2861812,0.047583763,null,null,null,null,"TWOGAUSSIANS",8,2.9146228,0.21888444,0.018283619,0.23932225,0.12974483,0.348376,0.3757809,0.7045438,0.0042629326,0.22646862,0.036102626,0.2861812,0.047583804
375316653866487564,4109177804057703552,0.44618762,2329.001347287348,2.4774336940997017,9.0738555E-5,19.935694,0.021128515,0.33249566,0.05048829,0.058165815,0.061941147,0.12649062,0.23658073,0.77781343,0.034307785,0.045834422,0.027924713,0.21017961,0.056249805,null,null,null,null,"TWOGAUSSIANS",8,3.1040661,0.77781343,0.034307785,0.25667274,0.14245607,0.2101794,0.055831343,0.33249566,0.05048829,0.32572857,0.34687042,0.12649041,0.23658144
375316653866487564,4109177907139658496,0.4281534,2352.096492761308,1.3412959701199512,3.6235924E-5,18.289997,0.01149718,0.29940292,0.009052812,0.09023255,0.020946614,0.18923521,0.020031473,0.7984335,0.004058988,0.07961023,0.006867591,0.2629339,0.022095187,null,null,null,null,"TWOGAUSSIANS",8,14.333633,0.7984335,0.004058988,0.4,0.0,0.2572648,0.02323101,0.29940292,0.009052812,0.4,0.0,0.18356602,0.023031263
375316653866487564,4109178010284393344,0.55131304,2344.682653956797,0.3018284056967981,2.1512245E-5,18.726763,0.0071317554,0.2815949,0.0028869493,0.023270292,0.0042315614,0.2994819,0.10290064,0.77762455,0.014053534,0.02588227,0.01117145,0.9870692,1.5323358,0.022580348,0.012367886,0.2815949,0.0028869493,"TWOGAUSSIANS_WITH_ELLIPSOIDAL_ON_ECLIPSE1",9,7.6573186,0.7776345,0.014041693,0.1449407,0.06256012,1.0322019,1.5443728,0.2815949,0.0028869493,0.13031363,0.023696745,0.34464258,0.10426968
375316653866487564,4109178182014675200,0.47421622,2303.50056272547,0.25662676520653543,2.529368E-5,19.37156,0.019956518,0.1172257,0.009141098,0.028735546,0.010656721,0.24633273,0.104841664,0.74689645,0.068153106,0.022555996,0.004362117,0.8254494,0.5961302,null,null,null,null,"TWOGAUSSIANS",8,4.227091,0.74689645,0.068153106,0.12631358,0.024427855,0.8254494,0.5961302,0.1172257,0.009141098,0.16091906,0.059677634,0.24633273,0.104841664
375316653866487564,4109179212807452032,0.45127785,2310.5147299544415,2.230446039353959,3.844691E-5,19.248466,0.020915816,0.22178341,0.0068761534,0.0874871,0.0133088725,0.21675347,0.022373863,0.7292467,0.01136332,0.093822904,0.014541724,0.18117158,0.032803927,null,null,null,null,"TWOGAUSSIANS",8,3.4316556,0.22178341,0.0068761534,0.4,0.0,0.20890343,0.017696843,0.7292467,0.01136332,0.4,0.0,0.17332132,0.031123128
375316653866487564,4109179758265547008,0.56718904,2297.052022451182,1.5569401027055043,1.257119E-5,18.979391,0.0069530406,0.27255982,0.0029842767,0.07753801,0.0033215203,0.4918051,0.016903367,0.7811586,0.004190743,0.07186039,0.005786072,0.21099134,0.013810834,null,null,null,null,"TWOGAUSSIANS",8,2.3610044,0.27255982,0.0029842767,0.4,0.0,0.48982763,0.016833259,0.7811586,0.004190743,0.4,0.018935306,0.20901386,0.014060185
375316653866487564,4109179964418223360,0.5864599,2287.1840998580183,0.853741411676229,6.566907E-6,19.157526,0.0065671713,0.25257006,0.015549675,0.055109628,0.008644914,0.19331314,0.04661886,0.7447033,0.0025024216,0.03905167,9.1986475E-4,1.1458054,0.08869684,null,null,null,null,"TWOGAUSSIANS",8,3.0123453,0.7447033,0.0025024216,0.21868935,0.0051512425,1.1458049,0.088696904,0.25257006,0.015549675,0.3086139,0.04841152,0.19331275,0.04661901
375316653866487564,4109180239282605696,0.55144066,2308.7753541264797,0.894707088712549,2.5368567E-5,18.438992,0.0040221293,0.27463454,0.0044694683,0.053185422,0.0059300074,0.32637244,0.014943605,0.76827294,0.0070521203,0.06326611,0.008144111,0.10349974,0.009425976,null,null,null,null,"TWOGAUSSIANS",8,3.3602986,0.27463454,0.0044694683,0.29783836,0.033208042,0.32634547,0.014972401,0.76827294,0.0070521203,0.35429025,0.045607023,0.10347275,0.009434437
375316653866487564,4109181033941525888,0.422298,2327.4160108726214,0.04433758651986636,6.333426E-5,18.008396,0.03116951,0.31918424,0.009890974,0.079287216,0.015238097,0.23743092,0.0463765,0.7638673,0.016325435,0.10382836,0.015162622,0.6336192,0.043392032,null,null,null,null,"TWOGAUSSIANS",8,51.7814,0.7638673,0.016325435,0.4,0.0,0.62541515,0.043168224,0.31925425,0.009910881,0.4,0.0,0.22929315,0.044774935
375316653866487564,4109181858507954304,0.51099443,2307.3949617739077,2.374934352827335,1.713035E-5,18.88019,0.026907725,0.2171311,0.0042672004,0.08748465,0.011657191,0.20371374,0.02668312,0.70663947,0.0030638475,0.077385835,0.01108324,0.25340608,0.030694414,null,null,null,null,"TWOGAUSSIANS",8,3.3766606,0.70663947,0.0030638475,0.4,0.0,0.2496805,0.028057467,0.2171311,0.0042672004,0.4,0.0,0.19998813,0.020898813
375316653866487564,4109181995947449088,0.44259843,2292.4730739330666,1.043005913380404,1.4167643E-4,18.57854,0.0075508403,0.221065,0.018924952,0.04792112,0.0099866595,0.26266083,0.063276805,0.7009535,0.016921142,0.043510117,0.032349512,0.10366401,0.20444803,null,null,null,null,"TWOGAUSSIANS",8,7.9976687,0.221065,0.018924952,0.2683583,0.055925295,0.2626608,0.06327681,0.7009535,0.016921142,0.24365665,0.18115728,0.10366398,0.20444831
375316653866487564,4109182060368259200,0.50176674,2303.5250586906905,1.1243792287566208,2.38836E-5,18.573042,0.013561046,0.21140978,0.0064837895,0.10175679,0.014533084,0.18352833,0.015080596,0.7112289,0.0074400827,0.0868833,0.008348832,0.23896983,0.016879937,null,null,null,null,"TWOGAUSSIANS",8,3.490647,0.7112289,0.0074400827,0.4,0.0,0.22672689,0.012142977,0.21140978,0.0064837895,0.4,0.0,0.17128333,0.016544187
375316653866487564,4109182438300468736,0.506645,2323.00088864733,0.22911935229190866,9.465166E-5,18.32017,0.0027104637,0.28987372,0.07300428,0.018504042,0.026004037,0.20798126,0.6036945,0.80538607,1.669391E-5,0.005043843,1.4808089E-4,0.26527965,0.0034443168,null,null,null,null,"TWOGAUSSIANS",8,2.7404835,0.80538607,1.669391E-5,0.02824552,8.29253E-4,0.26527965,0.0034443168,0.28987372,0.07300428,0.10362264,0.14562261,0.20798126,0.6036945
375316653866487564,4109182751861856128,0.50048447,2285.6366123719677,2.305542421548259,2.6041333E-5,19.335966,0.011997294,0.21623799,0.006450147,0.066640384,0.013944264,0.11785142,0.0144079,0.717484,0.004781841,0.061000742,0.009254518,0.2844067,0.018117398,null,null,null,null,"TWOGAUSSIANS",8,2.1053011,0.717484,0.004781841,0.34160414,0.0518253,0.28424725,0.018082835,0.21623799,0.006450147,0.37318617,0.06644691,0.11769198,0.0143094165
375316653866487564,4109182820592653312,0.5155086,2287.0885879626167,2.453137543885928,3.4669305E-5,18.972727,0.12624359,0.2985579,0.010739873,0.112080604,0.05800609,0.38509613,0.064779535,0.79757416,0.0059898933,0.093390435,0.019903407,0.47066644,0.12298194,null,null,null,null,"TWOGAUSSIANS",8,8.054972,0.79757416,0.0059898933,0.4,0.0,0.42785788,0.042140808,0.2985579,0.010739873,0.4,0.0,0.34225136,0.073649414
375316653866487564,4109182923671896832,0.56139135,2284.69714411088,1.6709376887081624,1.0896007E-5,19.658379,0.0065757073,0.22199497,0.0027599062,0.036282346,0.0029374596,0.182867,0.013465992,0.71902996,0.005366659,0.034620233,0.002639443,0.7944423,0.05620537,null,null,null,null,"TWOGAUSSIANS",8,1.3649724,0.71902996,0.005366659,0.1938733,0.014780881,0.7944423,0.05620537,0.22199497,0.0027599062,0.20318113,0.016449774,0.182867,0.013465992
375316653866487564,4109183198549850112,0.45856875,2286.1483453790906,2.550903375747648,3.3591885E-5,19.141819,0.24498002,0.24947943,0.020639578,0.15956722,0.07064284,0.2237762,0.23229104,0.710734,0.020375375,0.14104098,0.047325052,0.2198509,0.20521516,null,null,null,null,"TWOGAUSSIANS",8,2.1180494,0.25195944,0.016438924,0.4,0.0,0.13613369,0.012337221,0.710734,0.020375375,0.4,0.0,0.13516721,0.02110129
375316653866487564,4109183473428739456,0.57317334,2310.3558053929855,3.433875557455724,8.753208E-6,19.69752,0.016138416,0.24750769,0.0024820822,0.041494485,0.0042403005,0.37019405,0.035684694,0.7476835,0.010417582,0.04563618,0.0075372998,0.4976681,0.056407023,0.15040874,0.01939095,0.24750769,0.0024820822,"TWOGAUSSIANS_WITH_ELLIPSOIDAL_ON_ECLIPSE1",9,1.5716025,0.7476835,0.010387047,0.2555626,0.04220888,0.79848504,0.031130923,0.24750769,0.0024820822,0.23236911,0.023745682,0.6710114,0.0128614865
375316653866487564,4109183950131457920,0.59269327,2300.0820342193992,0.2854812295375172,5.1629846E-5,17.730509,0.0031227465,0.6089126,0.012197908,0.023641914,0.010934927,0.60072136,4.589915,null,null,null,null,null,null,0.02886526,0.0042166486,0.6089126,0.012197908,"ONEGAUSSIAN_WITH_ELLIPSOIDAL",6,5.1783624,0.6089126,0.012197908,0.13239472,0.06123559,0.65845186,4.59272,null,null,null,null,null,null
375316653866487564,4109184809152164864,0.50106204,2268.237120611531,1.885393669370623,3.1563024E-5,19.4041,0.007939737,0.28748816,0.025522394,0.067817636,0.02011782,0.087582074,0.076878995,0.78325963,0.0029624237,0.05410786,0.004040386,0.35869557,0.035932146,null,null,null,null,"TWOGAUSSIANS",8,2.4470644,0.78325963,0.0029624237,0.30300403,0.022626162,0.3586339,0.035952087,0.28748816,0.025522394,0.37977874,0.112577066,0.08752041,0.07692825
375316653866487564,4109184843484893824,0.48911455,2313.2493267511586,0.1919666074752175,2.9196646E-5,18.36619,0.011120572,0.2250542,0.0040715355,0.017079264,0.011086115,1.8150121,72150.78,null,null,null,null,null,null,0.09602989,0.016635997,0.2250542,0.0040715355,"ONEGAUSSIAN_WITH_ELLIPSOIDAL",6,19.475096,0.2250542,0.0040715355,0.095643885,0.062082242,2.007072,72150.78,null,null,null,null,null,null
375316653866487564,4109184882178518912,0.5081988,2299.996676260004,0.22861653927369174,5.2935808E-5,19.75868,0.0076584616,0.28363705,0.13522124,0.06751864,0.07173819,1.1285243,468358.25,0.92042357,0.011222241,0.027864857,0.013979636,0.051696673,0.01325462,null,null,null,null,"TWOGAUSSIANS",8,0.6794978,0.28363705,0.13522124,0.37810436,0.40173388,1.1285243,468358.25,0.92042357,0.011222241,0.1560432,0.07828596,0.05169726,0.013254695
