Gaia/vari_eclipsing_binary/VariEclipsingBinary_666107-666137.csv
# %ECSV 1.0
# ---
# delimiter: ','
# meta: !!omap
# - RELEASE: Gaia DR3
# - TABLE: vari_eclipsing_binary
# - DESCRIPTION: >
#     This table describes the properties of the eclipsing binaries resulting from the variability analysis. 
# - CITATION: >
#     How to cite and acknowledge Gaia: 
#     https://gea.esac.esa.int/archive/documentation/credits.html 
# - KNOWN_ISSUES: >
#     Known issues: 
#     https://www.cosmos.esa.int/web/gaia-users/known-issues 
# - DOCUMENTATION: >
#     Tutorials and documentation: 
#     https://www.cosmos.esa.int/web/gaia-users/archive 
# datatype:
# - 
#   name: solution_id
#   datatype: int64
#   description: Solution Identifier
#   meta:
#     ucd: meta.version
# - 
#   name: source_id
#   datatype: int64
#   description: Unique source identifier
#   meta:
#     ucd: meta.id;meta.main
# - 
#   name: global_ranking
#   datatype: float32
#   description: Number between 0 (worst) and 1 (best)
#   meta:
#     ucd: stat.param
# - 
#   name: reference_time
#   datatype: float64
#   unit: d
#   description: Reference time used for the geometric model fit
#   meta:
#     ucd: time.epoch
# - 
#   name: frequency
#   datatype: float64
#   unit: d**-1
#   description: Frequency of geometric model of the eclipsing binary light curve
#   meta:
#     ucd: src.orbital
# - 
#   name: frequency_error
#   datatype: float32
#   unit: d**-1
#   description: "Uncertainty of \\texttt{frequency}"
#   meta:
#     ucd: stat.error
# - 
#   name: geom_model_reference_level
#   datatype: float32
#   unit: mag
#   description: Magnitude reference level of geometric model
#   meta:
#     ucd: phot.mag;em.opt
# - 
#   name: geom_model_reference_level_error
#   datatype: float32
#   unit: mag
#   description: "Uncertainty of \\texttt{geomModelReferenceLevel}"
#   meta:
#     ucd: stat.error;phot.mag;em.opt
# - 
#   name: geom_model_gaussian1_phase
#   datatype: float32
#   description: Phase of the Gaussian 1 component
#   meta:
#     ucd: time.phase
# - 
#   name: geom_model_gaussian1_phase_error
#   datatype: float32
#   description: "Uncertainty of \\texttt{geomModelGaussian1Phase}"
#   meta:
#     ucd: stat.error;time.phase
# - 
#   name: geom_model_gaussian1_sigma
#   datatype: float32
#   description: "Standard deviation [phase] of Gaussian 1 component"
#   meta:
#     ucd: stat.stdev
# - 
#   name: geom_model_gaussian1_sigma_error
#   datatype: float32
#   description: "Uncertainty of \\texttt{geomModelGaussian1Sigma}"
#   meta:
#     ucd: stat.error
# - 
#   name: geom_model_gaussian1_depth
#   datatype: float32
#   unit: mag
#   description: Magnitude depth of Gaussian 1 component
#   meta:
#     ucd: src.var.amplitude
# - 
#   name: geom_model_gaussian1_depth_error
#   datatype: float32
#   unit: mag
#   description: "Uncertainty of \\texttt{geomModelGaussian1Depth}"
#   meta:
#     ucd: stat.error;src.var.amplitude
# - 
#   name: geom_model_gaussian2_phase
#   datatype: float32
#   description: Phase of Gaussian 2 component
#   meta:
#     ucd: time.phase
# - 
#   name: geom_model_gaussian2_phase_error
#   datatype: float32
#   description: "Uncertainty of \\texttt{geomModelGaussian2Phase}"
#   meta:
#     ucd: stat.error;time.phase
# - 
#   name: geom_model_gaussian2_sigma
#   datatype: float32
[...]
#   datatype: float32
#   description: "Secondary eclipse: uncertainty of \\texttt{derivedSecondaryEclDuration}"
#   meta:
#     ucd: stat.error;time.duration
# - 
#   name: derived_secondary_ecl_depth
#   datatype: float32
#   unit: mag
#   description: "Secondary eclipse: depth"
#   meta:
#     ucd: src.var.amplitude
# - 
#   name: derived_secondary_ecl_depth_error
#   datatype: float32
#   unit: mag
#   description: "Secondary eclipse: uncertainty of \\texttt{derivedSecondaryEclDepth}"
#   meta:
#     ucd: stat.error;src.var.amplitude
solution_id,source_id,global_ranking,reference_time,frequency,frequency_error,geom_model_reference_level,geom_model_reference_level_error,geom_model_gaussian1_phase,geom_model_gaussian1_phase_error,geom_model_gaussian1_sigma,geom_model_gaussian1_sigma_error,geom_model_gaussian1_depth,geom_model_gaussian1_depth_error,geom_model_gaussian2_phase,geom_model_gaussian2_phase_error,geom_model_gaussian2_sigma,geom_model_gaussian2_sigma_error,geom_model_gaussian2_depth,geom_model_gaussian2_depth_error,geom_model_cosine_half_period_amplitude,geom_model_cosine_half_period_amplitude_error,geom_model_cosine_half_period_phase,geom_model_cosine_half_period_phase_error,model_type,num_model_parameters,reduced_chi2,derived_primary_ecl_phase,derived_primary_ecl_phase_error,derived_primary_ecl_duration,derived_primary_ecl_duration_error,derived_primary_ecl_depth,derived_primary_ecl_depth_error,derived_secondary_ecl_phase,derived_secondary_ecl_phase_error,derived_secondary_ecl_duration,derived_secondary_ecl_duration_error,derived_secondary_ecl_depth,derived_secondary_ecl_depth_error
[from data line 72]
375316653866487564,5859152397612619904,0.5226781,2198.6778752325017,0.7665316807206607,1.08338445E-5,18.277071,0.0027766763,0.1422198,0.008652208,0.033634216,0.007889763,0.04692466,0.010455911,0.62585574,0.0010978167,0.03204384,8.5908594E-4,0.28144845,0.0038692134,null,null,null,null,"TWOGAUSSIANS",8,3.3237863,0.62585574,0.0010978167,0.1794455,0.0048108813,0.28144845,0.0038692134,0.1422198,0.008652208,0.1883516,0.044182677,0.04692466,0.010455911
375316653866487564,5859152883001972352,0.44873616,2216.6322183125203,0.8072378905973345,5.328056E-5,18.809116,0.0046183434,0.40385142,0.0077451644,0.025926493,0.008849916,0.044910908,0.021144828,0.80064476,0.0013788375,0.012011903,0.0010666678,0.5882367,0.20884152,null,null,null,null,"TWOGAUSSIANS",8,4.117903,0.80064476,0.0013788375,0.06726666,0.00597334,0.5882367,0.20884152,0.40385142,0.0077451644,0.14518836,0.04955953,0.044910908,0.021144828
375316653866487564,5859153948154775680,0.5475616,2144.595490972242,2.9018631661447882,8.4324965E-6,20.011303,0.017974753,0.26687092,0.0013725051,0.038520496,0.0044433237,0.40860602,0.038504012,0.76648074,0.008797324,0.04584565,0.0049851853,0.35496894,0.052338168,0.1513221,0.021243092,0.26687092,0.0013725051,"TWOGAUSSIANS_WITH_ELLIPSOIDAL_ON_ECLIPSE1",9,1.7075849,0.26687092,0.0013725051,0.21571477,0.024882615,0.7112498,0.033696983,0.76653075,0.007964754,0.25673565,0.027917037,0.6576112,0.028311715
375316653866487564,5859154119997653376,0.61916924,2233.9594048836875,0.2925261275049554,1.2266293E-5,16.644173,8.6761144E-4,0.67565095,0.05151765,0.07856127,0.08113834,0.0033269331,0.004818746,0.83174795,5.1741156E-4,0.0073207407,9.99618E-4,0.64489216,0.27760562,null,null,null,null,"TWOGAUSSIANS",8,1.9523919,0.83174795,5.1741156E-4,0.04099615,0.0055978606,0.64535433,0.27761275,0.67565095,0.05151765,0.4,0.35766026,0.0033269331,0.004818746
375316653866487564,5859154974589062912,0.64080703,2230.890437278804,0.946252082764155,2.3130356E-6,16.665064,0.0021848867,0.22835001,9.848129E-4,0.036641307,0.0010960938,0.34271786,0.012608702,0.72800267,5.6692987E-4,0.037583534,8.039883E-4,0.34290788,0.005960827,0.02742059,0.0037905658,0.22835001,9.848129E-4,"TWOGAUSSIANS_WITH_ELLIPSOIDAL_ON_ECLIPSE1",9,5.5447893,0.7280127,5.534539E-4,0.2104678,0.0045023346,0.39774874,0.005954467,0.22835001,9.848129E-4,0.20519133,0.006138125,0.39755902,0.014217835
375316653866487564,5859155253825625984,0.42474976,2197.6849191545593,0.6920659324455077,1.4269818E-5,19.148779,0.00951763,0.6549185,0.014162427,0.02701476,0.0195733,0.073300265,1.09619699E9,0.91202796,0.0015709033,0.009185316,0.0028225083,0.22758889,0.03915599,0.017914565,0.013409837,0.91202796,0.0015709033,"TWOGAUSSIANS_WITH_ELLIPSOIDAL_ON_ECLIPSE2",9,9.322909,0.91202796,0.0015709033,0.05143777,0.015806047,0.263418,0.044217687,0.65470845,0.014508508,0.15128265,0.109610476,0.07337375,1.09619699E9
375316653866487564,5859155386910395904,0.48324975,2205.832239325764,2.7038016068936215,2.1927888E-5,18.881285,0.03995103,0.27837455,0.0067378324,0.11028359,0.018579213,0.28437465,0.03726928,0.77991146,0.009077508,0.09668967,0.017483082,0.30514386,0.04004567,null,null,null,null,"TWOGAUSSIANS",8,6.9963083,0.77991146,0.00908228,0.4,0.0,0.2740627,0.021904547,0.27837455,0.0067378324,0.4,0.0,0.2532748,0.02657444
375316653866487564,5859155563100396288,0.5698373,2201.1193781612506,1.9133819855482728,5.557642E-6,13.378857,7.12622E-4,null,null,null,null,null,null,null,null,null,null,null,null,0.05230397,9.5008186E-4,0.2702713,0.0016474813,"ELLIPSOIDAL",4,42.83158,null,null,null,null,null,null,null,null,null,null,null,null
375316653866487564,5859155906697721600,0.5811323,2215.4389277857117,0.23779587846805458,3.2220476E-5,16.029053,9.710278E-4,0.18545938,0.009023026,0.025027104,0.0037202463,0.101551965,0.014646244,0.8428078,0.0016980562,0.01399272,9.700011E-4,0.32563722,0.12444346,null,null,null,null,"TWOGAUSSIANS",8,6.326713,0.8428078,0.0016980562,0.07835923,0.0054320064,0.32563722,0.12444346,0.18545938,0.009023026,0.14015178,0.020833379,0.101551965,0.014646244
375316653866487564,5859156383358867200,0.60424954,2221.019027951179,2.784888187568104,2.3389675E-6,18.515055,0.00986224,0.22449283,0.0014304023,0.043528575,0.003259588,0.31450582,0.023826811,0.72003394,0.0017361967,0.05144766,0.0031604974,0.405018,0.026035761,0.12541744,0.013546493,0.22449283,0.0014304023,"TWOGAUSSIANS_WITH_ELLIPSOIDAL_ON_ECLIPSE1",9,3.241616,0.7205439,0.0014689916,0.2881069,0.017698785,0.6556744,0.02480272,0.22449283,0.0014304023,0.24376002,0.018253693,0.56533647,0.014724972
375316653866487564,5859157074930053760,0.60706365,2237.5206575841635,2.293501790752868,4.481994E-6,16.053467,0.009727452,0.27971652,0.0012976245,0.053644117,0.006359748,0.15306634,0.020209981,0.7769655,0.009107044,0.051368345,0.010732584,0.13857861,0.026202599,0.10265232,0.012310685,0.27971652,0.0012976245,"TWOGAUSSIANS_WITH_ELLIPSOIDAL_ON_ECLIPSE1",9,18.251053,0.27971652,0.0012976245,0.30040705,0.035614587,0.35836643,0.0073056687,0.77761555,0.0074747903,0.28766274,0.060102466,0.34383184,0.02522899
375316653866487564,5859157139274011520,0.4373828,2233.3600457168673,2.3644058567893236,2.3285005E-5,18.105995,0.004478956,null,null,null,null,null,null,null,null,null,null,null,null,0.054179493,0.0067952005,0.28004193,0.00644204,"ELLIPSOIDAL",4,11.019349,null,null,null,null,null,null,null,null,null,null,null,null
375316653866487564,5859157178008568832,0.5634906,2198.054346618477,1.3183962781158012,1.5335323E-5,17.728142,0.015021629,0.2464447,0.01055816,0.044706237,0.005487256,0.6351482,0.15339291,0.7430578,0.003212825,0.050676014,0.0064219995,0.3173631,0.04162422,0.05205983,0.02147117,0.2464447,0.01055816,"TWOGAUSSIANS_WITH_ELLIPSOIDAL_ON_ECLIPSE1",9,15.122162,0.2464447,0.01055816,0.25035492,0.030728634,0.73926574,0.16239075,0.7432678,0.0028218578,0.28378567,0.0359632,0.4214364,0.03594102
375316653866487564,5859157281056857088,0.4949116,2226.2489458337395,0.8993836579545644,1.91413E-5,19.378654,0.0036818096,0.11898509,0.0023527823,0.03616531,0.002035626,0.4063169,0.018788928,null,null,null,null,null,null,null,null,null,null,"ONEGAUSSIAN",5,1.8611332,0.11898509,0.0023527823,0.20252572,0.011399506,0.4063169,0.0,null,null,null,null,null,null
375316653866487564,5859157487211473408,0.50636595,2210.936754732,0.3709460869685602,7.385057E-6,19.240154,0.003500231,0.110345215,0.0021228672,0.021233674,0.0019514967,0.49500802,0.07763926,0.67404807,0.013656245,0.0051879603,0.013001094,0.40445924,2.7076368,null,null,null,null,"TWOGAUSSIANS",8,1.9364794,0.110345215,0.0021228672,0.11890858,0.010928381,0.49500802,0.07763926,0.67404807,0.013656245,0.029052578,0.07280612,0.40445924,2.7076368
375316653866487564,5859157590325451008,0.50267714,2237.0313648718434,0.04813498524534989,2.666772E-5,15.148316,9.6605235E-4,0.15711601,0.0012474847,0.0042097974,4.0428413E-4,0.18560855,0.023898954,0.829708,0.010674519,0.040080935,0.0103755435,0.008503026,0.0061459388,null,null,null,null,"TWOGAUSSIANS",8,9.585317,0.15711601,0.0012474847,0.023574864,0.0022639912,0.18560855,0.023898954,0.829708,0.010674519,0.22445324,0.05810304,0.008503026,0.0061459388
375316653866487564,5859157624685187072,0.63425183,2241.5823266286925,1.7816631828534204,2.8809263E-6,17.0046,0.0038093107,0.2471473,9.799523E-4,0.05132913,0.0029585292,0.12497648,0.009591668,0.746619,0.0011763746,0.054354377,0.0020668907,0.1700781,0.009737097,0.0924651,0.0057814256,0.2471473,9.799523E-4,"TWOGAUSSIANS_WITH_ELLIPSOIDAL_ON_ECLIPSE1",9,3.3620296,0.746729,8.789581E-4,0.3043845,0.011574589,0.35500145,0.0056671626,0.2471473,9.799523E-4,0.28744313,0.016567763,0.30990145,0.0042400816
375316653866487564,5859158105686631296,0.45476437,2235.909350087603,1.8034738742285077,2.3584364E-5,19.375504,0.0058124783,0.24262252,0.004725078,0.038894806,0.0027283903,0.31386697,0.028315058,0.6998744,0.015940143,0.04007207,0.012520504,0.12822866,0.054928064,null,null,null,null,"TWOGAUSSIANS",8,4.4964595,0.24262252,0.004725078,0.21781091,0.015278985,0.31386697,0.028315058,0.6998744,0.015940143,0.22440358,0.07011483,0.12822866,0.054928064
375316653866487564,5859158204404669824,0.5783172,2243.8252595823196,0.22637700451959702,4.1203225E-6,17.692709,0.0022416003,0.39860636,0.0034938536,0.022571288,0.00349269,0.2615088,0.007799671,0.8244937,0.0026278638,0.022129837,0.0034849038,0.38558742,0.11632398,0.009216588,0.004103844,0.39860636,0.0034938536,"TWOGAUSSIANS_WITH_ELLIPSOIDAL_ON_ECLIPSE1",9,3.4199686,0.8246137,0.0025941946,0.12392709,0.019515462,0.40030965,0.11823693,0.39860636,0.0034938536,0.12639922,0.019559063,0.27994198,0.010636611
375316653866487564,5859158204408986624,0.5797537,2276.049782675535,0.3496234420294093,4.1071933E-5,18.220203,0.006214967,0.31337798,0.019299503,0.039337225,0.015867904,0.79003173,0.117145486,0.81913894,0.011284895,0.032558784,0.009462461,0.09266172,0.0146820955,null,null,null,null,"TWOGAUSSIANS",8,6.055182,0.31337798,0.019299503,0.22028847,0.08886026,0.79003173,0.11714548,0.81913894,0.011284895,0.1823292,0.05298978,0.09266172,0.014682096
375316653866487564,5859158380564705536,0.52842486,2237.951853091561,0.16015411783314187,1.2219145E-6,18.370218,0.004716656,0.122242406,0.020464174,0.12475649,0.054118767,0.017965626,0.004792876,0.91795903,2.2202314E-6,5.918094E-4,7.8040575E-6,0.43454096,4.4164702E-4,null,null,null,null,"TWOGAUSSIANS",8,1.8737454,0.91795903,2.2202314E-6,0.0033141328,4.370272E-5,0.43923053,0.005959199,0.122242406,0.020464174,0.4,0.0,0.017953943,0.0047440547
375316653866487564,5859158518038463872,0.49556395,2244.2418004555275,3.046433931762966,7.1458458E-6,16.572317,0.14621672,0.16769056,0.0030694832,0.15767552,0.00863399,0.42526582,0.0704636,0.66660726,0.0030147235,0.22167523,0.029510051,0.514872,0.14446005,null,null,null,null,"TWOGAUSSIANS",8,9.844484,0.66660726,0.0030147235,0.4,0.0,0.12776196,0.0057841595,0.16839056,0.003686319,0.4,0.0,0.11345602,0.0043447786
375316653866487564,5859158548022333184,0.5928584,2242.571512668384,3.4605905699521937,8.930951E-6,18.15434,0.0099148145,0.17853495,0.0027724379,0.0508596,0.0053782742,0.31089395,0.025630156,0.6808762,0.0027657414,0.048297588,0.004483973,0.2099348,0.02748303,0.10818312,0.011541062,0.17853495,0.0027724379,"TWOGAUSSIANS_WITH_ELLIPSOIDAL_ON_ECLIPSE1",9,4.425943,0.17853495,0.0027724379,0.28481376,0.030118337,0.5272581,0.017911794,0.6808762,0.0027657414,0.27046648,0.025110248,0.4262521,0.021009061
375316653866487564,5859158616726243072,0.45562273,2218.521811035642,0.5676074387471042,2.8663799E-5,18.18618,0.0044798297,0.28823334,0.002738417,0.022947416,0.0021295403,0.16317624,0.020100612,0.7993525,0.024836177,0.050208226,0.038791172,0.06920335,9.9989389E10,null,null,null,null,"TWOGAUSSIANS",8,6.6351843,0.28823334,0.002738417,0.12850553,0.011925426,0.16317624,0.020100612,0.7993525,0.024836177,0.28116608,0.21723056,0.06920335,9.9989389E10
375316653866487564,5859158792882171904,0.52378917,2240.6193098361177,0.25838128055234416,4.263629E-6,19.10088,0.00391314,0.44095784,0.0010578083,0.022219127,9.89405E-4,0.34728846,0.010558665,0.718294,0.0065880353,0.006883067,0.005757529,0.046481606,0.019053245,null,null,null,null,"TWOGAUSSIANS",8,1.3497508,0.44095784,0.0010578083,0.12442711,0.005540668,0.34728846,0.010558665,0.718294,0.0065880353,0.038545176,0.032242164,0.046481606,0.019053245
375316653866487564,5859159235201553152,0.60705733,2224.077672599472,0.9090617128182931,3.8747635E-6,17.63574,0.002634649,0.28530213,0.0010475098,0.034868125,0.001748968,0.2517401,0.007959566,0.7854595,0.0013415223,0.033445545,0.0012216492,0.28992257,0.0076250094,0.017961528,0.0048606014,0.28530213,0.0010475098,"TWOGAUSSIANS_WITH_ELLIPSOIDAL_ON_ECLIPSE1",9,3.1042247,0.7854595,0.0013411449,0.18729505,0.006841236,0.3258455,0.0064694225,0.28530213,0.0010475098,0.19526151,0.00979422,0.28766307,0.0077323914
375316653866487564,5859159273918416256,0.47659793,2230.4834179595273,0.4462464980531306,1.011173E-6,18.112234,0.004882028,0.4911605,0.06348765,0.08275383,0.116003074,0.019067941,0.003962734,0.895535,8.0193713E-4,0.010150241,0.0019706332,0.33956513,0.107556656,null,null,null,null,"TWOGAUSSIANS",8,1.8191246,0.895535,8.0193713E-4,0.056841347,0.011035546,0.33956525,0.10754027,0.4911605,0.06348765,0.4,0.0,0.019067941,0.00453981
375316653866487564,5859159342638038144,0.5045688,2193.012874173616,3.8276888791205623,1.1605869E-5,19.712029,0.01262505,0.18680722,0.002851009,0.07467038,0.0047083013,0.48546967,0.044063084,0.69268495,0.005315403,0.07437213,0.0046699117,0.46292245,0.022402951,null,null,null,null,"TWOGAUSSIANS",8,2.9390926,0.18680722,0.002851009,0.4,0.0,0.48248237,0.044753548,0.69268495,0.005315403,0.4,0.0,0.45993513,0.02168985
375316653866487564,5859159342672248960,0.6080544,2199.6819081338685,2.0879285188045484,3.199849E-6,17.7421,0.005724701,0.30418155,0.001539211,0.095913455,0.00327717,0.27984044,0.0056687337,0.8022609,0.00170158,0.090229474,0.002796018,0.3058896,0.0058250353,null,null,null,null,"TWOGAUSSIANS",8,1.8662444,0.8022609,0.00170158,0.4,0.0,0.29049096,0.004081963,0.30418155,0.001539211,0.4,0.0,0.2644412,0.0049291123
375316653866487564,5859159686235856384,0.52051795,2189.3163466306996,1.654020639896872,1.6210493E-5,19.20132,0.00562485,0.22503012,0.015405045,0.05717474,0.01978339,0.12933408,0.014900521,0.7236852,0.002373312,0.062302053,0.0024640202,0.48116592,0.020262389,null,null,null,null,"TWOGAUSSIANS",8,2.727251,0.7236852,0.002373312,0.3488915,0.0137985125,0.48108977,0.020256575,0.22503012,0.015405045,0.32017854,0.1043139,0.12925793,0.015025803
375316653866487564,5859159784952992896,0.45683005,2209.1618442514514,0.29530488488924234,1.7374314E-5,18.437143,0.0034470097,0.21099976,0.003541098,0.040513672,0.004283436,0.1354101,0.013635988,0.7093543,0.07896807,0.03562454,0.02995482,0.11326071,0.09715151,null,null,null,null,"TWOGAUSSIANS",8,3.3839376,0.21099976,0.003541098,0.22687657,0.023987243,0.1354101,0.013635986,0.7093543,0.07896807,0.19949743,0.167747,0.11326071,0.09715152
375316653866487564,5859159892394430208,0.5511723,2200.3324670487505,2.9986151033905735,9.9152185E-6,18.832132,0.015580949,0.28339085,0.0028634567,0.08355611,0.003858546,0.31930664,0.017913993,0.7983295,0.0031290108,0.07108877,0.0061783693,0.28177613,0.014323292,null,null,null,null,"TWOGAUSSIANS",8,3.4369776,0.28339085,0.0028634567,0.4,0.0,0.3169556,0.01677005,0.7983295,0.0031290108,0.3980971,0.029117336,0.27942508,0.013705648
375316653866487564,5859160201665838080,0.5498105,2219.5562834746133,0.16175960652796106,2.5712472E-5,16.941427,9.025261E-4,0.099630736,0.015554159,0.030678138,0.009630071,0.011497734,0.01610129,0.5085402,0.0027041233,0.013486768,0.0024742363,0.14693925,0.0053049503,null,null,null,null,"TWOGAUSSIANS",8,1.7522432,0.5085402,0.0027041233,0.0755259,0.013855723,0.14693925,0.0053049503,0.099630736,0.015554159,0.17179757,0.053928398,0.011497734,0.01610129
375316653866487564,5859160339070909952,0.48433915,2222.155035298425,3.917215771082502,3.006615E-5,19.376347,0.0101103205,0.49192733,0.006201989,0.16423286,0.010236005,0.27797568,0.013166438,0.90226436,0.038218852,0.006019136,0.01646806,0.07471795,0.2727059,null,null,null,null,"TWOGAUSSIANS",8,2.906966,0.49192733,0.006201989,0.4,0.0,0.2725761,0.0133751035,0.90226436,0.038218852,0.033707164,0.09222113,0.08201875,0.27683353
