Gaia/vari_eclipsing_binary/VariEclipsingBinary_641557-641677.csv
# %ECSV 1.0
# ---
# delimiter: ','
# meta: !!omap
# - RELEASE: Gaia DR3
# - TABLE: vari_eclipsing_binary
# - DESCRIPTION: >
#     This table describes the properties of the eclipsing binaries resulting from the variability analysis. 
# - CITATION: >
#     How to cite and acknowledge Gaia: 
#     https://gea.esac.esa.int/archive/documentation/credits.html 
# - KNOWN_ISSUES: >
#     Known issues: 
#     https://www.cosmos.esa.int/web/gaia-users/known-issues 
# - DOCUMENTATION: >
#     Tutorials and documentation: 
#     https://www.cosmos.esa.int/web/gaia-users/archive 
# datatype:
# - 
#   name: solution_id
#   datatype: int64
#   description: Solution Identifier
#   meta:
#     ucd: meta.version
# - 
#   name: source_id
#   datatype: int64
#   description: Unique source identifier
#   meta:
#     ucd: meta.id;meta.main
# - 
#   name: global_ranking
#   datatype: float32
#   description: Number between 0 (worst) and 1 (best)
#   meta:
#     ucd: stat.param
# - 
#   name: reference_time
#   datatype: float64
#   unit: d
#   description: Reference time used for the geometric model fit
#   meta:
#     ucd: time.epoch
# - 
#   name: frequency
#   datatype: float64
#   unit: d**-1
#   description: Frequency of geometric model of the eclipsing binary light curve
#   meta:
#     ucd: src.orbital
# - 
#   name: frequency_error
#   datatype: float32
#   unit: d**-1
#   description: "Uncertainty of \\texttt{frequency}"
#   meta:
#     ucd: stat.error
# - 
#   name: geom_model_reference_level
#   datatype: float32
#   unit: mag
#   description: Magnitude reference level of geometric model
#   meta:
#     ucd: phot.mag;em.opt
# - 
#   name: geom_model_reference_level_error
#   datatype: float32
#   unit: mag
#   description: "Uncertainty of \\texttt{geomModelReferenceLevel}"
#   meta:
#     ucd: stat.error;phot.mag;em.opt
# - 
#   name: geom_model_gaussian1_phase
#   datatype: float32
#   description: Phase of the Gaussian 1 component
#   meta:
#     ucd: time.phase
# - 
#   name: geom_model_gaussian1_phase_error
#   datatype: float32
#   description: "Uncertainty of \\texttt{geomModelGaussian1Phase}"
#   meta:
#     ucd: stat.error;time.phase
# - 
#   name: geom_model_gaussian1_sigma
#   datatype: float32
#   description: "Standard deviation [phase] of Gaussian 1 component"
#   meta:
#     ucd: stat.stdev
# - 
#   name: geom_model_gaussian1_sigma_error
#   datatype: float32
#   description: "Uncertainty of \\texttt{geomModelGaussian1Sigma}"
#   meta:
#     ucd: stat.error
# - 
#   name: geom_model_gaussian1_depth
#   datatype: float32
#   unit: mag
#   description: Magnitude depth of Gaussian 1 component
#   meta:
#     ucd: src.var.amplitude
# - 
#   name: geom_model_gaussian1_depth_error
#   datatype: float32
#   unit: mag
#   description: "Uncertainty of \\texttt{geomModelGaussian1Depth}"
#   meta:
#     ucd: stat.error;src.var.amplitude
# - 
#   name: geom_model_gaussian2_phase
#   datatype: float32
#   description: Phase of Gaussian 2 component
#   meta:
#     ucd: time.phase
# - 
#   name: geom_model_gaussian2_phase_error
#   datatype: float32
#   description: "Uncertainty of \\texttt{geomModelGaussian2Phase}"
#   meta:
#     ucd: stat.error;time.phase
# - 
#   name: geom_model_gaussian2_sigma
#   datatype: float32
[...]
#   datatype: float32
#   description: "Secondary eclipse: uncertainty of \\texttt{derivedSecondaryEclDuration}"
#   meta:
#     ucd: stat.error;time.duration
# - 
#   name: derived_secondary_ecl_depth
#   datatype: float32
#   unit: mag
#   description: "Secondary eclipse: depth"
#   meta:
#     ucd: src.var.amplitude
# - 
#   name: derived_secondary_ecl_depth_error
#   datatype: float32
#   unit: mag
#   description: "Secondary eclipse: uncertainty of \\texttt{derivedSecondaryEclDepth}"
#   meta:
#     ucd: stat.error;src.var.amplitude
solution_id,source_id,global_ranking,reference_time,frequency,frequency_error,geom_model_reference_level,geom_model_reference_level_error,geom_model_gaussian1_phase,geom_model_gaussian1_phase_error,geom_model_gaussian1_sigma,geom_model_gaussian1_sigma_error,geom_model_gaussian1_depth,geom_model_gaussian1_depth_error,geom_model_gaussian2_phase,geom_model_gaussian2_phase_error,geom_model_gaussian2_sigma,geom_model_gaussian2_sigma_error,geom_model_gaussian2_depth,geom_model_gaussian2_depth_error,geom_model_cosine_half_period_amplitude,geom_model_cosine_half_period_amplitude_error,geom_model_cosine_half_period_phase,geom_model_cosine_half_period_phase_error,model_type,num_model_parameters,reduced_chi2,derived_primary_ecl_phase,derived_primary_ecl_phase_error,derived_primary_ecl_duration,derived_primary_ecl_duration_error,derived_primary_ecl_depth,derived_primary_ecl_depth_error,derived_secondary_ecl_phase,derived_secondary_ecl_phase_error,derived_secondary_ecl_duration,derived_secondary_ecl_duration_error,derived_secondary_ecl_depth,derived_secondary_ecl_depth_error
[from data line 214]
375316653866487564,5643433576354171776,0.47978207,2241.883958348137,0.8720343109424302,3.5049175E-5,18.286694,0.0030405675,0.25629646,0.012020423,0.03360653,0.01237496,0.14335041,0.09447689,0.7413378,0.0068492074,0.036614865,0.016177468,0.29309723,0.17547797,null,null,null,null,"TWOGAUSSIANS",8,3.2441323,0.7413378,0.0068492074,0.20504326,0.09059382,0.29309723,0.17547798,0.25629646,0.012020423,0.18819657,0.06929977,0.14335041,0.09447689
375316653866487564,5643433645073599872,0.49627736,2230.6617153586626,1.8129934896186664,5.691272E-6,18.339079,0.0043856287,0.300227,0.0015294563,0.02817588,0.002468409,0.17458129,0.016311703,0.7976082,0.0021542893,0.034712292,0.0025909038,0.18269044,0.007686413,null,null,null,null,"TWOGAUSSIANS",8,4.3905787,0.7976082,0.0021542893,0.19438884,0.014509061,0.18269044,0.007686413,0.300227,0.0015294563,0.15778492,0.013823091,0.17458129,0.016311703
375316653866487564,5643434027336024960,0.47725782,2234.876634786569,0.5356681358346437,9.043061E-5,16.262468,0.0012669009,0.22376509,0.015088116,0.070418775,0.011772106,0.012362971,0.0021462145,0.7101422,0.005657994,0.03113577,0.0033876782,0.052874308,0.005405395,null,null,null,null,"TWOGAUSSIANS",8,2.6795225,0.7101422,0.005657994,0.17436032,0.018970998,0.05287421,0.0054053217,0.22376509,0.015088116,0.39434516,0.047982994,0.012362873,0.0021460832
375316653866487564,5643436020200759424,0.6038614,2202.708296237427,0.8718431753476302,7.55673E-6,14.17356,6.101137E-4,0.2548238,5.1202223E-4,0.017916067,7.787028E-4,0.44636124,0.024457334,0.09170477,0.01713379,0.031456806,0.02604469,0.0023131303,0.08909481,null,null,null,null,"TWOGAUSSIANS",8,31.869728,0.2548238,5.1202223E-4,0.10032997,0.004360736,0.44636124,0.024457334,0.09170477,0.01713379,0.17615812,0.14585026,0.0023131303,0.08909481
375316653866487564,5643436531292800896,0.5198176,2196.732828638757,3.2703051218987604,1.5672109E-5,18.812044,0.013579956,0.2591429,0.0039642015,0.07393277,0.0058290283,0.37987924,0.029294983,0.7677464,0.004095314,0.077461995,0.006789932,0.2931214,0.018447086,null,null,null,null,"TWOGAUSSIANS",8,5.8330355,0.2591429,0.0039642015,0.4,0.0,0.37752548,0.029484829,0.7677464,0.004095314,0.4,0.0,0.2907676,0.018185211
375316653866487564,5643438558516360832,0.4586887,2203.629222638147,4.980370798545126,1.1475281E-5,18.094172,0.0022663046,0.42953098,0.002818854,0.007963325,0.0023458246,0.15157013,0.033516027,0.65560246,0.0046896967,0.014516695,0.0065975296,0.10612873,0.60849047,null,null,null,null,"TWOGAUSSIANS",8,3.5913632,0.42953098,0.002818854,0.044594623,0.013136618,0.15157013,0.033516027,0.65560246,0.0046896967,0.08129349,0.036946166,0.10612873,0.60849047
375316653866487564,5643440139065452800,0.45909226,2180.720566033245,3.378986060833677,1.5748898E-5,19.177149,0.004396017,null,null,null,null,null,null,null,null,null,null,null,null,0.06954994,0.007409838,0.23664306,0.005896646,"ELLIPSOIDAL",4,3.1502821,null,null,null,null,null,null,null,null,null,null,null,null
375316653866487564,5643440796204393600,0.6109232,2216.852223931731,0.41864402498207837,4.2404463E-6,13.717636,0.001394119,0.27615252,8.2935224E-4,0.023890112,6.924214E-4,0.27185252,0.003916593,0.77374333,0.0039487574,0.022619272,0.003816603,0.19941871,0.023874836,0.004668735,0.0024577559,0.27615252,8.2935224E-4,"TWOGAUSSIANS_WITH_ELLIPSOIDAL_ON_ECLIPSE1",9,43.45559,0.27615252,8.2935224E-4,0.13378462,0.0038775597,0.28118998,0.0020091787,0.77374333,0.003939206,0.12666793,0.021372978,0.20875403,0.024603738
375316653866487564,5643445842782050560,0.62165594,2197.3572209019358,3.548983902997316,5.5998894E-6,17.7657,0.020121006,0.24309252,0.0011447421,0.054333683,0.0054319277,0.33022425,0.04035471,0.7482247,0.0025620626,0.05567988,0.006007994,0.24428546,0.042388577,0.08339089,0.022721006,0.24309252,0.0011447421,"TWOGAUSSIANS_WITH_ELLIPSOIDAL_ON_ECLIPSE1",9,5.56623,0.24309252,0.0011447421,0.30426863,0.030418795,0.49698994,0.0073542064,0.7482247,0.0025620626,0.31180733,0.03364477,0.4108778,0.006019128
375316653866487564,5643447977389615232,0.5465752,2202.670727864001,3.1830106324219196,1.1981966E-5,16.302938,0.0036612244,0.26311573,0.0024859803,0.08701676,0.0049506417,0.10693641,0.0039454587,0.7560153,0.003956847,0.09233391,0.0058768783,0.11277195,0.0044135223,null,null,null,null,"TWOGAUSSIANS",8,4.7148933,0.7560153,0.003956847,0.4,0.0,0.108736455,0.0039031422,0.26311573,0.0024859803,0.4,0.0,0.102901004,0.003524452
375316653866487564,5643448252267195648,0.52557695,2221.5488485988926,0.6680060077697524,9.297086E-6,16.861235,0.0011781048,0.24160774,0.004198285,0.022125531,0.0038611854,0.081918165,0.007939841,0.7354944,0.0022906503,0.030756092,0.0019174304,0.13257557,0.010551049,null,null,null,null,"TWOGAUSSIANS",8,3.5990026,0.7354944,0.0022906503,0.17223412,0.01073761,0.13257557,0.010551049,0.24160774,0.004198285,0.12390297,0.02162264,0.081918165,0.007939841
375316653866487564,5643451787015723776,0.52466327,2189.5863389646993,2.777396983911574,1.6988333E-5,18.22007,0.015059359,0.18736698,0.004276921,0.103271574,0.011130945,0.17072475,0.01422789,0.67939794,0.0045221555,0.09746963,0.00783656,0.19557858,0.016780248,null,null,null,null,"TWOGAUSSIANS",8,2.2433832,0.67939794,0.0045221555,0.4,0.0,0.18075667,0.011817169,0.18736698,0.004276921,0.4,0.0,0.1559007,0.007357695
375316653866487564,5643452306716537728,0.6150301,2233.7651268629866,2.602459606051488,6.4599603E-6,16.244064,0.009781513,0.27024853,0.0021847172,0.041631833,0.026640715,0.057234526,0.018950097,0.7740947,0.0038398246,0.049894426,0.009179164,0.088302664,0.019041874,0.09931604,0.01138012,0.27024853,0.0021847172,"TWOGAUSSIANS_WITH_ELLIPSOIDAL_ON_ECLIPSE1",9,9.604329,0.7740947,0.0038398246,0.27940878,0.051403318,0.28681797,0.0066656414,0.27024853,0.0021847172,0.23313828,0.149188,0.2558658,0.0090681575
375316653866487564,5643453612386556672,0.5543369,2227.732963220637,2.8304866998453564,9.798404E-6,18.215702,0.0075550387,0.23931268,0.0035781383,0.03574258,0.00926681,0.16441515,0.025532197,0.74589753,0.013118377,0.037462715,0.014310477,0.15473434,0.022255829,0.12303446,0.012285787,0.23931268,0.0035781383,"TWOGAUSSIANS_WITH_ELLIPSOIDAL_ON_ECLIPSE1",9,8.31329,0.23931268,0.0035781383,0.20015845,0.051894132,0.41048378,0.020611122,0.74589753,0.013118377,0.2097912,0.08013867,0.40038198,0.016683219
375316653866487564,5643453612386557056,0.5697952,2225.7269832104007,0.4834705424068944,9.494794E-6,14.368361,0.0014319576,0.22509623,0.0010962683,0.026779443,0.0016578314,0.42969322,0.02961887,0.4650672,0.0061388235,0.028045636,0.018657964,0.058985773,485.53354,0.0019214177,0.0024749034,0.4650672,0.0061388235,"TWOGAUSSIANS_WITH_ELLIPSOIDAL_ON_ECLIPSE2",9,68.90722,0.22510622,0.0010935006,0.14996488,0.009283856,0.42970842,0.029614927,0.4650672,0.0061388235,0.15705556,0.104484595,0.062828586,485.53366
375316653866487564,5643455021125155456,0.51109475,2219.1078992641205,0.11048242952077486,3.391956E-5,18.272314,0.0031025938,0.099094674,0.016973427,0.033862643,0.011240004,0.03994782,0.0136560565,0.671176,0.0058862227,0.0041151056,0.0034820351,0.6014882,58342.645,0.025851134,0.0041492763,0.671176,0.0058862227,"TWOGAUSSIANS_WITH_ELLIPSOIDAL_ON_ECLIPSE2",9,4.4430423,0.671176,0.0058862227,0.02304459,0.019499397,0.6531903,58342.645,0.10604467,0.018762456,0.1896308,0.06294402,0.08263144,0.014098643
375316653866487564,5643455364736851840,0.542308,2201.0086867168243,0.37036474213367293,1.07136155E-4,19.572702,0.003701193,0.49071997,0.014318171,0.019395437,0.010676709,0.05547302,0.014440539,0.8621826,0.0037260924,0.009559285,0.0013207966,1.1938741,0.38596976,null,null,null,null,"TWOGAUSSIANS",8,1.476185,0.8621826,0.0037260924,0.053531993,0.0073964605,1.1938741,0.38596976,0.49071997,0.014318171,0.10861445,0.05978957,0.05547302,0.014440539
375316653866487564,5643455600946877056,0.51367605,2217.9675984021055,2.384048293771567,1.9832114E-5,17.95126,0.008192763,0.27912045,0.02495356,0.036540262,0.020424651,0.095205896,0.02203022,0.7413401,0.0047838516,0.03015516,0.020563778,0.101750664,0.03310487,0.121260956,0.011789959,0.7413401,0.0047838516,"TWOGAUSSIANS_WITH_ELLIPSOIDAL_ON_ECLIPSE2",9,12.95261,0.7413401,0.0047838516,0.1688689,0.11515715,0.34427235,0.022334717,0.27112046,0.020302242,0.20462546,0.11437804,0.32708037,0.019063381
375316653866487564,5643455880129377536,0.4887986,2207.770419108043,0.7211584705073419,6.2325003E-6,13.329677,7.2672585E-4,0.21601722,0.0039294567,0.031178713,0.010027862,0.02092002,0.009967576,0.71531516,0.0023231276,0.027899297,0.002845567,0.07359999,0.0074425535,0.0156077,0.0013684875,0.21601722,0.0039294567,"TWOGAUSSIANS_WITH_ELLIPSOIDAL_ON_ECLIPSE1",9,26.871893,0.71533513,0.0022759829,0.15623607,0.015935175,0.10481479,0.007552687,0.21601722,0.0039294567,0.1746008,0.056156028,0.052135415,0.009926199
375316653866487564,5643459453541980672,0.65275925,2217.371060479863,2.504275262253956,2.8748861E-6,14.839657,0.0061392435,0.2679676,9.0576085E-4,0.05084346,0.002519824,0.2493001,0.013203483,0.7722772,0.0013144916,0.04942504,0.0022845233,0.27144492,0.012476848,0.13071747,0.007314765,0.2679676,9.0576085E-4,"TWOGAUSSIANS_WITH_ELLIPSOIDAL_ON_ECLIPSE1",9,43.32326,0.7722772,0.0013144916,0.27678022,0.0127933305,0.5326856,0.005154683,0.2679676,9.0576085E-4,0.28472337,0.014111015,0.5107325,0.005067406
375316653866487564,5643462541615582208,0.5844734,2220.456220917956,2.730954762765315,9.3060435E-6,18.48176,0.006486783,0.2308622,0.00255441,0.07602439,0.0036191791,0.19610427,0.0086974185,0.7292456,0.0020300301,0.07168455,0.002793677,0.4371507,0.011425808,null,null,null,null,"TWOGAUSSIANS",8,3.009157,0.7292456,0.0020300301,0.4,0.0066555007,0.43535516,0.0113861,0.2308622,0.00255441,0.4,0.0,0.19430873,0.008401937
375316653866487564,5643463645430107392,0.57928693,2218.5564283054446,1.0756360005877235,6.2151908E-6,15.57745,0.05442695,0.30472627,0.002373332,0.14627573,0.025098287,0.19793926,0.05141162,0.7928899,0.0017298723,0.12108022,0.015181143,0.19518514,0.05042723,null,null,null,null,"TWOGAUSSIANS",8,6.360318,0.30483627,0.0022689784,0.4,0.0,0.13544688,0.0044343774,0.7928899,0.0017298723,0.4,0.0,0.13379888,0.0021913233
375316653866487564,5643464126470087296,0.4785828,2194.7224073525613,3.497616502021044,1.4363167E-5,19.301226,0.016411593,0.25881442,0.004955521,0.10385146,0.0106114345,0.23469427,0.020128775,0.77299976,0.0044803154,0.08838892,0.008658051,0.2677905,0.01768578,null,null,null,null,"TWOGAUSSIANS",8,2.411936,0.77299976,0.004479033,0.4,0.0,0.25392047,0.0154509265,0.25881442,0.004955521,0.4,0.0,0.22081906,0.019041227
375316653866487564,5643464263905350656,0.61366034,2213.6206035062896,3.6917004871780956,6.142955E-6,15.245466,0.008402073,0.23818709,0.0022750916,0.048681203,0.0029664023,0.37574825,0.022893237,0.74210185,0.0014641269,0.047390323,0.0050897417,0.23032367,0.021414675,0.123244874,0.012026945,0.74210185,0.0014641269,"TWOGAUSSIANS_WITH_ELLIPSOIDAL_ON_ECLIPSE2",9,78.53286,0.23861709,0.0019904084,0.27261475,0.016611852,0.6221038,0.017603394,0.74210185,0.0014641269,0.2653858,0.028502554,0.47681203,0.018328303
375316653866487564,5643465260337780480,0.6224076,2222.098632841113,0.5863677707761044,5.138741E-6,16.645622,0.001094556,0.15885216,0.0010851951,0.028923243,0.0015707471,0.3024947,0.023300672,0.6607848,0.0027918862,0.028346173,0.0025163577,0.21311611,0.0075592655,0.011342576,0.0017227089,0.15885216,0.0010851951,"TWOGAUSSIANS_WITH_ELLIPSOIDAL_ON_ECLIPSE1",9,4.5567126,0.15885216,0.0010851951,0.16197017,0.008796184,0.32517985,0.024156032,0.6607848,0.0027918862,0.15873857,0.014091603,0.23579793,0.0070505305
375316653866487564,5643468661953138176,0.6331768,2237.3187311906277,1.380983455033576,4.9622954E-6,16.546213,0.004695372,0.25781772,0.0010771481,0.10206965,0.0034775063,0.16605031,0.0044301706,0.75186896,0.001167704,0.08080547,0.001777306,0.3654809,0.0053128977,null,null,null,null,"TWOGAUSSIANS",8,5.0434804,0.75186896,0.001167704,0.4,0.0,0.35549706,0.004443044,0.25781772,0.0010771481,0.4,0.0,0.15606436,0.0033998475
375316653866487564,5643471131550197248,0.57260245,2205.7824995040737,2.4167558868174037,7.3500973E-6,17.590315,0.009194607,0.259954,0.0020524124,0.052722972,0.007465658,0.1904818,0.019360704,0.7576517,0.0076285405,0.05344779,0.008088501,0.14436695,0.030524239,0.0760972,0.012154297,0.259954,0.0020524124,"TWOGAUSSIANS_WITH_ELLIPSOIDAL_ON_ECLIPSE1",9,6.026952,0.259954,0.0020524124,0.29524863,0.041807685,0.34267157,0.008941916,0.7580917,0.0062480536,0.2993076,0.045295607,0.296531,0.02763628
375316653866487564,5643472407164545920,0.49464202,2202.635453919476,1.211380134604377,5.6077173E-5,17.230778,0.0010152548,0.5921914,0.011846628,0.0044379146,0.009055203,0.014861502,0.093495056,0.6952309,0.01065587,0.037474003,0.0109585645,0.077533506,0.02855859,0.014469228,0.0015944967,0.6952309,0.01065587,"TWOGAUSSIANS_WITH_ELLIPSOIDAL_ON_ECLIPSE2",9,1.9325613,0.6952309,0.01065587,0.20985441,0.06136796,0.1064719,0.028751798,0.5926014,0.010788107,0.02485232,0.050709136,0.035104606,0.09477321
375316653866487564,5643472613322956160,0.51211596,2210.7531552242303,1.3832867438357743,1.8652658E-5,15.339018,0.00523334,0.27429596,0.004885307,0.10419394,0.009080952,0.07442704,0.005316166,0.77334166,0.005149394,0.103875145,0.0141584175,0.04594384,0.004695211,null,null,null,null,"TWOGAUSSIANS",8,7.9189544,0.27429596,0.004885307,0.4,0.0,0.068018295,0.0023114819,0.77334166,0.005149394,0.4,0.0,0.039535735,0.0021485745
375316653866487564,5643472849537094144,0.5454897,2177.9361286837834,4.286315068944601,1.1467668E-5,19.40965,0.023169426,0.15178,0.0023243094,0.04195445,0.004033424,0.41670945,0.07008982,0.6433888,0.005690146,0.043407872,0.008990912,0.38947713,0.08813916,0.14885639,0.042585615,0.15178,0.0023243094,"TWOGAUSSIANS_WITH_ELLIPSOIDAL_ON_ECLIPSE1",9,6.7060003,0.15178,0.0023243094,0.23494491,0.022587175,0.71442205,0.043848664,0.64424884,0.005163797,0.24308407,0.050349105,0.68644714,0.08911993
375316653866487564,5643473678474830720,0.6377616,2195.4868494659645,3.274441439157187,4.1597823E-6,16.307077,0.0070412853,0.24085663,8.6659193E-4,0.049868584,0.002357047,0.41019273,0.020681929,0.73868066,0.0024988253,0.042338286,0.0030649933,0.38533348,0.019205425,0.13088353,0.008524842,0.24085663,8.6659193E-4,"TWOGAUSSIANS_WITH_ELLIPSOIDAL_ON_ECLIPSE1",9,22.854216,0.24085663,8.6659193E-4,0.2792641,0.0131994635,0.67195815,0.018590577,0.7388707,0.0022698864,0.2370944,0.017163962,0.64705426,0.013514383
375316653866487564,5643474704963217536,0.5059522,2190.2596397930247,2.8836817862157673,1.0941052E-5,17.979507,0.0019489656,0.28975502,0.002985187,0.06343878,0.0036294677,0.08488754,0.00452461,0.78592294,0.005726107,0.06581437,0.0064693806,0.088604935,0.006258434,null,null,null,null,"TWOGAUSSIANS",8,1.2832345,0.78592294,0.005726107,0.36856046,0.036228534,0.08851784,0.0062849596,0.28975502,0.002985187,0.35525715,0.020325018,0.084800445,0.0045317383
375316653866487564,5643474846706024576,0.46592808,2193.947358474792,4.643765599435518,3.7296704E-5,12.951557,7.4249366E-4,0.5772104,0.00949449,0.012530258,0.0050581787,0.1329888,0.058822606,0.7955647,0.023250783,0.053359617,0.014677546,0.011294871,0.004073264,null,null,null,null,"TWOGAUSSIANS",8,24.159998,0.5772104,0.00949449,0.07016944,0.0283258,0.1329914,0.058823902,0.7955647,0.023250783,0.29881385,0.082194254,0.011294871,0.004073264
375316653866487564,5643475018507436416,0.482028,2198.325004611772,0.844202538506394,6.67156E-5,16.871553,0.008710302,0.3025338,0.017078416,0.013323261,0.05556822,0.7553251,0.788511,0.6154662,0.030168777,0.08719218,0.024942841,0.02928207,0.012311521,null,null,null,null,"TWOGAUSSIANS",8,31.523935,0.3025338,0.01703776,0.07461026,0.31118202,0.7553718,0.7884668,0.6154662,0.030168777,0.4,0.0,0.029282067,0.012302399
