Gaia/vari_eclipsing_binary/VariEclipsingBinary_603565-603632.csv
# %ECSV 1.0
# ---
# delimiter: ','
# meta: !!omap
# - RELEASE: Gaia DR3
# - TABLE: vari_eclipsing_binary
# - DESCRIPTION: >
#     This table describes the properties of the eclipsing binaries resulting from the variability analysis. 
# - CITATION: >
#     How to cite and acknowledge Gaia: 
#     https://gea.esac.esa.int/archive/documentation/credits.html 
# - KNOWN_ISSUES: >
#     Known issues: 
#     https://www.cosmos.esa.int/web/gaia-users/known-issues 
# - DOCUMENTATION: >
#     Tutorials and documentation: 
#     https://www.cosmos.esa.int/web/gaia-users/archive 
# datatype:
# - 
#   name: solution_id
#   datatype: int64
#   description: Solution Identifier
#   meta:
#     ucd: meta.version
# - 
#   name: source_id
#   datatype: int64
#   description: Unique source identifier
#   meta:
#     ucd: meta.id;meta.main
# - 
#   name: global_ranking
#   datatype: float32
#   description: Number between 0 (worst) and 1 (best)
#   meta:
#     ucd: stat.param
# - 
#   name: reference_time
#   datatype: float64
#   unit: d
#   description: Reference time used for the geometric model fit
#   meta:
#     ucd: time.epoch
# - 
#   name: frequency
#   datatype: float64
#   unit: d**-1
#   description: Frequency of geometric model of the eclipsing binary light curve
#   meta:
#     ucd: src.orbital
# - 
#   name: frequency_error
#   datatype: float32
#   unit: d**-1
#   description: "Uncertainty of \\texttt{frequency}"
#   meta:
#     ucd: stat.error
# - 
#   name: geom_model_reference_level
#   datatype: float32
#   unit: mag
#   description: Magnitude reference level of geometric model
#   meta:
#     ucd: phot.mag;em.opt
# - 
#   name: geom_model_reference_level_error
#   datatype: float32
#   unit: mag
#   description: "Uncertainty of \\texttt{geomModelReferenceLevel}"
#   meta:
#     ucd: stat.error;phot.mag;em.opt
# - 
#   name: geom_model_gaussian1_phase
#   datatype: float32
#   description: Phase of the Gaussian 1 component
#   meta:
#     ucd: time.phase
# - 
#   name: geom_model_gaussian1_phase_error
#   datatype: float32
#   description: "Uncertainty of \\texttt{geomModelGaussian1Phase}"
#   meta:
#     ucd: stat.error;time.phase
# - 
#   name: geom_model_gaussian1_sigma
#   datatype: float32
#   description: "Standard deviation [phase] of Gaussian 1 component"
#   meta:
#     ucd: stat.stdev
# - 
#   name: geom_model_gaussian1_sigma_error
#   datatype: float32
#   description: "Uncertainty of \\texttt{geomModelGaussian1Sigma}"
#   meta:
#     ucd: stat.error
# - 
#   name: geom_model_gaussian1_depth
#   datatype: float32
#   unit: mag
#   description: Magnitude depth of Gaussian 1 component
#   meta:
#     ucd: src.var.amplitude
# - 
#   name: geom_model_gaussian1_depth_error
#   datatype: float32
#   unit: mag
#   description: "Uncertainty of \\texttt{geomModelGaussian1Depth}"
#   meta:
#     ucd: stat.error;src.var.amplitude
# - 
#   name: geom_model_gaussian2_phase
#   datatype: float32
#   description: Phase of Gaussian 2 component
#   meta:
#     ucd: time.phase
# - 
#   name: geom_model_gaussian2_phase_error
#   datatype: float32
#   description: "Uncertainty of \\texttt{geomModelGaussian2Phase}"
#   meta:
#     ucd: stat.error;time.phase
# - 
#   name: geom_model_gaussian2_sigma
#   datatype: float32
[...]
#   datatype: float32
#   description: "Secondary eclipse: uncertainty of \\texttt{derivedSecondaryEclDuration}"
#   meta:
#     ucd: stat.error;time.duration
# - 
#   name: derived_secondary_ecl_depth
#   datatype: float32
#   unit: mag
#   description: "Secondary eclipse: depth"
#   meta:
#     ucd: src.var.amplitude
# - 
#   name: derived_secondary_ecl_depth_error
#   datatype: float32
#   unit: mag
#   description: "Secondary eclipse: uncertainty of \\texttt{derivedSecondaryEclDepth}"
#   meta:
#     ucd: stat.error;src.var.amplitude
solution_id,source_id,global_ranking,reference_time,frequency,frequency_error,geom_model_reference_level,geom_model_reference_level_error,geom_model_gaussian1_phase,geom_model_gaussian1_phase_error,geom_model_gaussian1_sigma,geom_model_gaussian1_sigma_error,geom_model_gaussian1_depth,geom_model_gaussian1_depth_error,geom_model_gaussian2_phase,geom_model_gaussian2_phase_error,geom_model_gaussian2_sigma,geom_model_gaussian2_sigma_error,geom_model_gaussian2_depth,geom_model_gaussian2_depth_error,geom_model_cosine_half_period_amplitude,geom_model_cosine_half_period_amplitude_error,geom_model_cosine_half_period_phase,geom_model_cosine_half_period_phase_error,model_type,num_model_parameters,reduced_chi2,derived_primary_ecl_phase,derived_primary_ecl_phase_error,derived_primary_ecl_duration,derived_primary_ecl_duration_error,derived_primary_ecl_depth,derived_primary_ecl_depth_error,derived_secondary_ecl_phase,derived_secondary_ecl_phase_error,derived_secondary_ecl_duration,derived_secondary_ecl_duration_error,derived_secondary_ecl_depth,derived_secondary_ecl_depth_error
[from data line 179]
375316653866487564,5309171566106421888,0.66877097,2114.4957401509014,0.7770729726669412,1.8190924E-6,15.16143,0.0028018164,0.27927032,0.0018744519,0.04483709,0.0040242244,0.04390761,0.008730535,0.7780033,5.965668E-4,0.052628472,0.0013493354,0.20710847,0.0058500944,0.036508083,0.0034911386,0.27927032,0.0018744519,"TWOGAUSSIANS_WITH_ELLIPSOIDAL_ON_ECLIPSE1",9,9.064953,0.7780933,5.141831E-4,0.29471946,0.0075562783,0.28011778,0.0021344915,0.27927032,0.0018744519,0.25108773,0.022535656,0.11692122,0.0057414672
375316653866487564,5309171802313437696,0.45884344,2105.7712830942487,0.880946966354497,1.2328146E-5,19.400917,0.019372009,0.3329211,0.003044848,0.03338192,0.005405219,0.8095718,0.12778768,0.8442368,0.0039890194,0.011092581,0.006056897,0.392034,2.0402784,0.053847853,0.02575734,0.3329211,0.003044848,"TWOGAUSSIANS_WITH_ELLIPSOIDAL_ON_ECLIPSE1",9,16.759562,0.3329211,0.003044848,0.18693876,0.030269224,0.9172674,0.13019979,0.8442368,0.0039890194,0.062118452,0.033918623,0.4991861,2.0446382
375316653866487564,5309171840984175360,0.6699459,2128.289237218204,0.2068439448113826,2.309007E-6,15.57592,8.014111E-4,0.2902575,0.007188326,0.014577413,0.022265054,0.2820151,0.004557118,0.7901169,2.2769951E-4,0.014268606,6.380961E-4,0.27765825,0.004326655,null,null,null,null,"TWOGAUSSIANS",8,4.8759966,0.2902575,0.007188326,0.08163351,0.124684304,0.2820151,0.004557118,0.7901169,2.2769951E-4,0.07990419,0.0035733383,0.27765825,0.004326655
375316653866487564,5309171978414279808,0.57461137,2113.288009913763,2.9842138915292753,9.834164E-6,18.864815,0.0073465523,0.25596586,0.0048221215,0.07596482,0.0044860574,0.43850625,0.013795656,0.75039387,0.0037075626,0.07763635,0.003525131,0.5094777,0.013927761,null,null,null,null,"TWOGAUSSIANS",8,3.1592686,0.75039387,0.0037075626,0.4,0.0,0.50527644,0.013674418,0.25596586,0.0048221215,0.4,0.0,0.434305,0.013645248
375316653866487564,5309172012782699008,0.6128374,2119.905498487847,3.549373072305578,5.451379E-6,16.468098,0.014258915,0.21522929,0.0011635602,0.03728052,0.0029668817,0.39863366,0.038321625,0.7153847,0.0051144627,0.045625687,0.0061138133,0.4796467,0.033001583,0.14508836,0.018181102,0.21522929,0.0011635602,"TWOGAUSSIANS_WITH_ELLIPSOIDAL_ON_ECLIPSE1",9,51.39259,0.7153847,0.004964754,0.25550383,0.03423735,0.76982236,0.022119988,0.21522929,0.0011635602,0.2087709,0.016614538,0.6888096,0.026092097
375316653866487564,5309172459451555584,0.5278864,2100.0055258625443,3.097015921670147,8.368061E-6,19.500301,0.0113812825,0.12983154,0.0022568258,0.06971481,0.0035670514,0.47341296,0.020126542,0.6289181,0.007571287,0.07444416,0.011009491,0.54853487,0.10367175,null,null,null,null,"TWOGAUSSIANS",8,2.1175547,0.6289181,0.007571287,0.4,0.026350481,0.54609525,0.10597974,0.12983154,0.0022568258,0.3904029,0.019975487,0.47097334,0.02003773
375316653866487564,5309173077935091584,0.6826021,2094.9300076611853,1.135826798843793,3.1003062E-6,15.238063,0.0013710007,0.231969,9.083835E-4,0.035057288,0.0010940725,0.24968661,0.0068839034,0.7321215,0.001086827,0.035097834,9.5831335E-4,0.34260783,0.0059510106,0.026183594,0.002084345,0.231969,9.083835E-4,"TWOGAUSSIANS_WITH_ELLIPSOIDAL_ON_ECLIPSE1",9,9.722341,0.7321215,0.001078215,0.19654788,0.0053665545,0.39497498,0.0051766057,0.231969,9.083835E-4,0.19632082,0.006126806,0.3020538,0.005834776
375316653866487564,5309173421533685248,0.65435094,2103.6462526344826,2.36616469335218,2.1166172E-6,17.426607,0.008397585,0.23398447,9.6515607E-4,0.050408162,0.002754182,0.27946374,0.020969408,0.73225296,0.0012884255,0.050889865,0.003219097,0.27789024,0.017905926,0.13410404,0.011705071,0.23398447,9.6515607E-4,"TWOGAUSSIANS_WITH_ELLIPSOIDAL_ON_ECLIPSE1",9,3.9085324,0.23398447,9.6515607E-4,0.28228572,0.01542342,0.5476692,0.009396335,0.73254293,0.001011661,0.28498325,0.018026942,0.54606915,0.013086469
375316653866487564,5309173485945256192,0.4466279,2065.7558466805517,1.5995133140415745,2.8341747E-5,19.790579,0.014412134,0.2298911,0.007398371,0.05754335,0.01300566,0.37963524,0.060582817,0.72425777,0.0047496133,0.026079461,0.007418677,0.54405445,0.20210539,null,null,null,null,"TWOGAUSSIANS",8,6.7752957,0.72425777,0.0047496133,0.14604498,0.041544594,0.54405445,0.20210545,0.2298911,0.007398371,0.32224274,0.0728317,0.37963524,0.060582943
375316653866487564,5309174143086968064,0.5582415,2089.6393202274016,0.4410494325645966,4.755018E-5,15.32803,7.444905E-4,0.24022749,0.0065394724,0.020634007,0.0026910037,0.10235818,0.020822601,0.72691387,0.022904377,0.023534534,0.038672026,0.15134062,0.1381582,null,null,null,null,"TWOGAUSSIANS",8,4.1149926,0.72691387,0.022904377,0.1317934,0.21656334,0.15134062,0.1381582,0.24022749,0.0065394724,0.11555044,0.015069621,0.10235818,0.020822601
375316653866487564,5309174349236427648,0.538056,2272.7759942498383,0.8421757807884559,1.23315685E-5,19.635763,0.008106782,0.27653423,0.012223939,0.031588785,0.011220753,0.55528516,0.1667441,0.778454,0.0016560549,0.04068868,0.0021955797,0.48343182,0.0200034,null,null,null,null,"TWOGAUSSIANS",8,3.1484287,0.27653423,0.012223939,0.17689718,0.062836215,0.55528516,0.1667441,0.778454,0.0016560549,0.2278566,0.012295246,0.48343182,0.0200034
375316653866487564,5309174589763630848,0.43688402,2101.5927839458373,2.5832225141501515,1.8252671E-5,18.384956,0.0060847537,null,null,null,null,null,null,null,null,null,null,null,null,0.057567943,0.011155549,0.23451112,0.006134495,"ELLIPSOIDAL",4,6.467173,null,null,null,null,null,null,null,null,null,null,null,null
375316653866487564,5309174761562299904,0.5590363,2060.683268970565,0.8537281693979608,2.1938306E-6,18.670803,0.0037347204,0.26772532,5.1030866E-4,0.02079701,9.388136E-4,0.30289075,0.0076200366,0.7639737,2.0825406E-4,0.015062693,9.044076E-4,0.4268135,0.0656476,null,null,null,null,"TWOGAUSSIANS",8,2.0560865,0.7639737,2.0825406E-4,0.08435108,0.0050646826,0.4268135,0.0656476,0.26772532,5.1030866E-4,0.11646326,0.0052573564,0.30289075,0.0076200366
375316653866487564,5309175959841979264,0.5077402,2100.386519986227,3.888442495272815,1.2088836E-5,19.224266,0.009822475,0.18752071,0.0038784412,0.078478865,0.007098702,0.30144444,0.016296675,0.68897766,0.002417197,0.07479138,0.004155741,0.40396518,0.017417343,null,null,null,null,"TWOGAUSSIANS",8,2.3469715,0.68897766,0.002417197,0.4,0.0,0.40067515,0.017616106,0.18752071,0.0038784412,0.4,0.0,0.2981544,0.016613513
375316653866487564,5309176032863721344,0.52840877,2112.743027020899,2.5796011920660966,1.1344059E-5,19.763111,0.023068624,0.24681011,0.0039392593,0.039090075,0.006731931,0.43039933,0.051422786,0.74906415,0.0030007605,0.042626474,0.0044246954,0.47005028,0.05095107,0.103689864,0.029399434,0.24681011,0.0039392593,"TWOGAUSSIANS_WITH_ELLIPSOIDAL_ON_ECLIPSE1",9,3.738193,0.74906415,0.002991764,0.23870826,0.024778293,0.67738813,0.03025577,0.24681011,0.0039392593,0.2189044,0.037698813,0.63777876,0.029899057
375316653866487564,5309177166743668480,0.6203703,2103.5355712658984,3.264009889706185,3.7435798E-6,18.32019,0.011144253,0.23515058,0.0023583837,0.043430995,0.0027647193,0.4417961,0.026694108,0.7307684,0.0019321608,0.047433782,0.0026883685,0.49603355,0.027412403,0.12520485,0.015824765,0.23515058,0.0023583837,"TWOGAUSSIANS_WITH_ELLIPSOIDAL_ON_ECLIPSE1",9,4.6166143,0.7311284,0.0017287504,0.2656292,0.015054864,0.74626845,0.017523143,0.23515058,0.0023583837,0.24321358,0.0154824285,0.6922052,0.010227696
375316653866487564,5309177231156324352,0.5556661,2125.9535632133943,0.6262150723700802,3.8740595E-6,18.456257,0.005225629,0.17320894,0.0022793098,0.03542725,0.009929358,0.18585627,0.056869842,0.6739482,8.528965E-4,0.03199394,0.0017186092,0.27899438,0.0145488065,0.035519168,0.009403869,0.17320894,0.0022793098,"TWOGAUSSIANS_WITH_ELLIPSOIDAL_ON_ECLIPSE1",9,2.3113244,0.6739482,8.508956E-4,0.17916606,0.009624212,0.35003105,0.011879518,0.17320894,0.0022793098,0.1983926,0.055604406,0.25689447,0.06476735
375316653866487564,5309177299872982400,0.52117145,2088.4921869318896,2.343590923891712,8.34308E-6,18.711308,0.011147774,0.19380774,0.002103232,0.07097597,0.0034246654,0.40020844,0.009978236,0.6903704,0.0038622003,0.075449266,0.005221683,0.4093232,0.020800635,null,null,null,null,"TWOGAUSSIANS",8,6.51763,0.6903704,0.0038622003,0.4,0.0,0.40712896,0.020563256,0.19380774,0.002103232,0.3974654,0.012919865,0.39801422,0.009364127
375316653866487564,5309177849627514624,0.62402683,2109.3715302735104,0.6819084853924631,4.1359267E-6,15.644457,8.0072513E-4,0.6176272,0.0013605771,0.036391247,0.0012719322,0.34448257,0.005294835,0.4433197,0.0049692863,0.028965415,0.0073814834,0.007892213,0.003063094,null,null,null,null,"TWOGAUSSIANS",8,5.904076,0.6176272,0.0013605771,0.20379099,0.0071228202,0.34448257,0.0052948357,0.44336972,0.004979903,0.16220632,0.041336305,0.007895816,0.0030653013
375316653866487564,5309179120937973120,0.4937462,2138.42434467719,1.1716466651315043,1.8495286E-5,18.945614,0.0038071994,0.081698194,0.0072068786,0.01874711,0.009855954,0.1066707,0.11061275,0.23996873,0.0017757647,0.008192595,8.533464E-4,0.38555008,0.048844613,null,null,null,null,"TWOGAUSSIANS",8,2.5087514,0.23996873,0.0017757647,0.045878533,0.00477874,0.38555008,0.048844613,0.081698194,0.0072068786,0.104983814,0.055193342,0.1066707,0.11061275
375316653866487564,5309179159599863040,0.530541,2111.365884354766,3.526677856158876,8.9679315E-6,19.441538,0.020736612,0.2834617,0.0031251707,0.07475875,0.005091113,0.5143991,0.017432718,0.78973734,0.005477505,0.07734603,0.00585039,0.41912737,0.023971597,null,null,null,null,"TWOGAUSSIANS",8,2.6494763,0.2834617,0.0031251707,0.4,0.0012925456,0.5107596,0.01607706,0.78973734,0.005477505,0.4,0.0,0.41548786,0.02254489
375316653866487564,5309179400126747520,0.47185013,2125.5686176856857,0.8854449238977201,1.8003482E-5,18.19773,0.011504065,0.6432509,0.0018352018,0.009551516,0.0030874352,0.3351723,0.14400706,null,null,null,null,null,null,null,null,null,null,"ONEGAUSSIAN",5,10.581696,0.6432509,0.0018352018,0.05348849,0.017289637,0.3351723,0.0,null,null,null,null,null,null
375316653866487564,5309180224760441600,0.6489051,2111.181916442169,2.761899088876651,2.4224994E-6,16.376059,0.0052867774,0.17224371,6.719502E-4,0.047595583,0.0015492573,0.40919122,0.013248245,0.6693453,0.0016292804,0.04380677,0.0021957818,0.30736586,0.012142161,0.13454239,0.0076323655,0.17224371,6.719502E-4,"TWOGAUSSIANS_WITH_ELLIPSOIDAL_ON_ECLIPSE1",9,16.975952,0.17224371,6.719502E-4,0.26653525,0.008675841,0.6782752,0.0093735065,0.6696853,0.0014162516,0.2453179,0.012296379,0.5763711,0.0076126056
375316653866487564,5309180602708288896,0.4216998,2056.942979324014,0.10554760250953524,3.143745E-5,19.361614,0.08546846,0.31029764,0.033283018,0.15105139,0.10195417,0.2561783,0.050327934,0.7345596,0.068783976,0.078567356,0.028129708,0.38978684,0.2309644,null,null,null,null,"TWOGAUSSIANS",8,4.8032866,0.7345596,0.068783976,0.4,0.08606914,0.37119645,0.2069843,0.31029764,0.0332843,0.4,0.0,0.2324487,0.036929026
375316653866487564,5309180637068052864,0.4627166,2117.709351266299,1.3129345813253632,2.7375067E-5,19.799753,0.014565207,0.13395494,0.0057064006,0.022841528,0.00519888,0.13459365,0.02592915,0.6476675,0.0070195133,0.053052414,0.009804467,0.38554174,0.064845085,null,null,null,null,"TWOGAUSSIANS",8,5.662785,0.6476675,0.0070195133,0.2970935,0.054905016,0.38554174,0.064845085,0.13395494,0.0057064006,0.12791255,0.02911373,0.13459365,0.02592915
375316653866487564,5309180873284768640,0.64294004,2137.5658819371033,1.6278145404229043,2.7691672E-6,18.296766,0.003991091,0.28907138,0.0015951432,0.038936593,0.0051345117,0.10736118,0.036231082,0.7857162,0.001434491,0.045031585,0.0012447565,0.59609795,0.018063942,0.07924926,0.00625587,0.28907138,0.0015951432,"TWOGAUSSIANS_WITH_ELLIPSOIDAL_ON_ECLIPSE1",9,1.3595728,0.7858562,0.0013541136,0.25217685,0.006970636,0.7545288,0.016209014,0.28907138,0.0015951432,0.21804492,0.028753266,0.26585963,0.03611254
375316653866487564,5309180946314724992,0.5911525,2103.5034953566465,0.45543195161963806,4.6891723E-6,17.586174,0.0030019295,0.26529488,0.003930376,0.019407202,0.012656816,0.07430162,0.13322015,0.7613184,5.8260787E-4,0.02750999,9.072788E-4,0.5631751,0.014691356,0.010662386,0.004654669,0.26529488,0.003930376,"TWOGAUSSIANS_WITH_ELLIPSOIDAL_ON_ECLIPSE1",9,4.784237,0.76132834,5.821637E-4,0.15405594,0.0050807614,0.5844865,0.016950686,0.26529488,0.003930376,0.10868033,0.07087817,0.095626354,0.13746086
375316653866487564,5309181702211101184,0.5974914,2149.3934859091746,4.114549258881198,4.5147626E-6,18.870697,0.01529693,0.2491826,0.0028925212,0.044361193,0.0071961014,0.49288628,0.060454093,0.747088,0.0014789574,0.04260076,0.0038996916,0.39498785,0.031227255,0.14213747,0.02011419,0.2491826,0.0028925212,"TWOGAUSSIANS_WITH_ELLIPSOIDAL_ON_ECLIPSE1",9,4.4500837,0.2491826,0.0028925212,0.24842268,0.040298168,0.77716076,0.06744028,0.74728805,0.0012458693,0.23856424,0.021838274,0.6792177,0.020420784
375316653866487564,5309181942729261824,0.41771233,2140.956325731316,0.1899325695389851,4.435557E-5,18.891785,0.03981719,0.40669572,0.014533814,0.06991884,0.014563872,0.18637536,0.046587285,0.7049353,0.028397443,0.09054595,0.040662322,0.18190743,0.039036136,null,null,null,null,"TWOGAUSSIANS",8,8.088485,0.40748572,0.013539518,0.3915455,0.06608967,0.18716288,0.048760306,0.7049353,0.028397443,0.4,0.0,0.18190268,0.03908028
375316653866487564,5309183420198113664,0.44863632,2152.5611459587462,3.162065513534758,4.782446E-5,19.413048,0.01620555,0.30216217,0.012380798,0.08292115,0.009603447,0.22035089,0.023274243,0.78357184,0.01520682,0.052680377,0.030465487,0.17280883,0.024108024,null,null,null,null,"TWOGAUSSIANS",8,6.334024,0.30216217,0.012380798,0.4,0.0,0.2200902,0.02217315,0.78357184,0.01520682,0.2950101,0.15647113,0.17254815,0.024748515
375316653866487564,5309183622062811008,0.6934511,2227.5596636378077,0.3558722099611091,1.6293105E-5,11.572616,0.0016353249,0.35458294,0.002057911,0.025784964,0.0019969938,0.50599164,0.003238592,0.176561,0.011099239,0.040246617,0.012535186,0.00790721,0.0020817597,null,null,null,null,"TWOGAUSSIANS",8,50.42624,0.35458294,0.002057911,0.1443958,0.011183165,0.50599205,0.003241801,0.176561,0.011099239,0.22538105,0.07019704,0.00790721,0.0020817597
375316653866487564,5309183729454079616,0.58315253,2157.568222788115,1.2895373814537867,6.3651282E-6,15.736579,0.011265454,0.26146093,0.0030309816,0.10437725,0.0067868237,0.2931476,0.012992071,0.76358217,0.0025449435,0.09097351,0.0044188974,0.35109892,0.012650839,null,null,null,null,"TWOGAUSSIANS",8,35.020145,0.76358217,0.0025449435,0.4,0.0,0.32777175,0.009510733,0.26146093,0.0030309816,0.4,0.0,0.26981446,0.0143439695
375316653866487564,5309184519727955072,0.5866114,2138.1901943257394,0.4392810480902876,1.6602177E-4,16.904886,0.0010095643,0.11874716,0.07762533,0.05483585,0.061132286,0.0052727764,2139.7107,0.8346,2.6235127E-4,0.026819201,3.7526086E-4,0.42359665,0.0070255985,null,null,null,null,"TWOGAUSSIANS",8,2.0661094,0.8346,2.6235127E-4,0.15018754,0.002101461,0.42359665,0.007025594,0.11874716,0.07762533,0.30708075,0.3423408,0.0052727764,2139.7107
375316653866487564,5309184554087697792,0.6145796,2127.4825027251086,4.232587730678931,2.881387E-6,15.379543,0.0044886204,0.3133749,0.0024948406,0.031463508,0.0020167036,0.68012536,0.045346078,0.8097263,0.0012873551,0.03487416,0.001555621,0.4552272,0.0130524505,0.014427906,0.008105691,0.3133749,0.0024948406,"TWOGAUSSIANS_WITH_ELLIPSOIDAL_ON_ECLIPSE1",9,51.204834,0.3133749,0.0024948406,0.17619564,0.011293541,0.7089811,0.047981583,0.8097463,0.0012781698,0.19529529,0.008711478,0.48406792,0.010243809
375316653866487564,5309184588447413248,0.6215705,2138.5219360773203,0.6424155819595805,1.12377365E-5,16.371464,8.5316866E-4,0.55319506,0.0074762986,0.022768294,0.010085051,0.0088553615,0.00671521,0.6972167,0.0026062739,0.014372886,0.0023465294,0.31387934,0.023663891,null,null,null,null,"TWOGAUSSIANS",8,3.851305,0.6972167,0.0026062739,0.08048816,0.013140564,0.31387934,0.02366389,0.55319506,0.0074762986,0.12750246,0.056476288,0.0088553615,0.00671521
