Gaia/vari_eclipsing_binary/VariEclipsingBinary_640056-640426.csv
# %ECSV 1.0
# ---
# delimiter: ','
# meta: !!omap
# - RELEASE: Gaia DR3
# - TABLE: vari_eclipsing_binary
# - DESCRIPTION: >
#     This table describes the properties of the eclipsing binaries resulting from the variability analysis. 
# - CITATION: >
#     How to cite and acknowledge Gaia: 
#     https://gea.esac.esa.int/archive/documentation/credits.html 
# - KNOWN_ISSUES: >
#     Known issues: 
#     https://www.cosmos.esa.int/web/gaia-users/known-issues 
# - DOCUMENTATION: >
#     Tutorials and documentation: 
#     https://www.cosmos.esa.int/web/gaia-users/archive 
# datatype:
# - 
#   name: solution_id
#   datatype: int64
#   description: Solution Identifier
#   meta:
#     ucd: meta.version
# - 
#   name: source_id
#   datatype: int64
#   description: Unique source identifier
#   meta:
#     ucd: meta.id;meta.main
# - 
#   name: global_ranking
#   datatype: float32
#   description: Number between 0 (worst) and 1 (best)
#   meta:
#     ucd: stat.param
# - 
#   name: reference_time
#   datatype: float64
#   unit: d
#   description: Reference time used for the geometric model fit
#   meta:
#     ucd: time.epoch
# - 
#   name: frequency
#   datatype: float64
#   unit: d**-1
#   description: Frequency of geometric model of the eclipsing binary light curve
#   meta:
#     ucd: src.orbital
# - 
#   name: frequency_error
#   datatype: float32
#   unit: d**-1
#   description: "Uncertainty of \\texttt{frequency}"
#   meta:
#     ucd: stat.error
# - 
#   name: geom_model_reference_level
#   datatype: float32
#   unit: mag
#   description: Magnitude reference level of geometric model
#   meta:
#     ucd: phot.mag;em.opt
# - 
#   name: geom_model_reference_level_error
#   datatype: float32
#   unit: mag
#   description: "Uncertainty of \\texttt{geomModelReferenceLevel}"
#   meta:
#     ucd: stat.error;phot.mag;em.opt
# - 
#   name: geom_model_gaussian1_phase
#   datatype: float32
#   description: Phase of the Gaussian 1 component
#   meta:
#     ucd: time.phase
# - 
#   name: geom_model_gaussian1_phase_error
#   datatype: float32
#   description: "Uncertainty of \\texttt{geomModelGaussian1Phase}"
#   meta:
#     ucd: stat.error;time.phase
# - 
#   name: geom_model_gaussian1_sigma
#   datatype: float32
#   description: "Standard deviation [phase] of Gaussian 1 component"
#   meta:
#     ucd: stat.stdev
# - 
#   name: geom_model_gaussian1_sigma_error
#   datatype: float32
#   description: "Uncertainty of \\texttt{geomModelGaussian1Sigma}"
#   meta:
#     ucd: stat.error
# - 
#   name: geom_model_gaussian1_depth
#   datatype: float32
#   unit: mag
#   description: Magnitude depth of Gaussian 1 component
#   meta:
#     ucd: src.var.amplitude
# - 
#   name: geom_model_gaussian1_depth_error
#   datatype: float32
#   unit: mag
#   description: "Uncertainty of \\texttt{geomModelGaussian1Depth}"
#   meta:
#     ucd: stat.error;src.var.amplitude
# - 
#   name: geom_model_gaussian2_phase
#   datatype: float32
#   description: Phase of Gaussian 2 component
#   meta:
#     ucd: time.phase
# - 
#   name: geom_model_gaussian2_phase_error
#   datatype: float32
#   description: "Uncertainty of \\texttt{geomModelGaussian2Phase}"
#   meta:
#     ucd: stat.error;time.phase
# - 
#   name: geom_model_gaussian2_sigma
#   datatype: float32
[...]
#   datatype: float32
#   description: "Secondary eclipse: uncertainty of \\texttt{derivedSecondaryEclDuration}"
#   meta:
#     ucd: stat.error;time.duration
# - 
#   name: derived_secondary_ecl_depth
#   datatype: float32
#   unit: mag
#   description: "Secondary eclipse: depth"
#   meta:
#     ucd: src.var.amplitude
# - 
#   name: derived_secondary_ecl_depth_error
#   datatype: float32
#   unit: mag
#   description: "Secondary eclipse: uncertainty of \\texttt{derivedSecondaryEclDepth}"
#   meta:
#     ucd: stat.error;src.var.amplitude
solution_id,source_id,global_ranking,reference_time,frequency,frequency_error,geom_model_reference_level,geom_model_reference_level_error,geom_model_gaussian1_phase,geom_model_gaussian1_phase_error,geom_model_gaussian1_sigma,geom_model_gaussian1_sigma_error,geom_model_gaussian1_depth,geom_model_gaussian1_depth_error,geom_model_gaussian2_phase,geom_model_gaussian2_phase_error,geom_model_gaussian2_sigma,geom_model_gaussian2_sigma_error,geom_model_gaussian2_depth,geom_model_gaussian2_depth_error,geom_model_cosine_half_period_amplitude,geom_model_cosine_half_period_amplitude_error,geom_model_cosine_half_period_phase,geom_model_cosine_half_period_phase_error,model_type,num_model_parameters,reduced_chi2,derived_primary_ecl_phase,derived_primary_ecl_phase_error,derived_primary_ecl_duration,derived_primary_ecl_duration_error,derived_primary_ecl_depth,derived_primary_ecl_depth_error,derived_secondary_ecl_phase,derived_secondary_ecl_phase_error,derived_secondary_ecl_duration,derived_secondary_ecl_duration_error,derived_secondary_ecl_depth,derived_secondary_ecl_depth_error
[from data line 633]
375316653866487564,5633169467806842112,0.40997744,2326.9732660803957,1.9565577037859718,8.14605E-5,17.58278,0.22720563,0.23881133,0.014387106,0.080413096,0.031604342,0.46605167,0.23083757,0.723785,0.026087996,0.1073218,0.0938992,0.27271917,0.22202337,null,null,null,null,"TWOGAUSSIANS",8,20.039612,0.23881133,0.014325164,0.4,0.056126535,0.45049456,0.17947686,0.723785,0.026087996,0.4,0.0,0.2571493,0.056908857
375316653866487564,5633171834332525696,0.5608623,2303.9189107216484,2.2572236742848277,6.925239E-6,18.819576,0.0099444445,0.28793943,0.0023031514,0.045331422,0.004279147,0.57134336,0.05931858,0.78758603,0.0045039626,0.045135107,0.003810027,0.4124418,0.058215573,0.0900635,0.014582327,0.28793943,0.0023031514,"TWOGAUSSIANS_WITH_ELLIPSOIDAL_ON_ECLIPSE1",9,4.7610326,0.28793943,0.0023031514,0.25385597,0.023963224,0.75147,0.06829732,0.78760606,0.0043936125,0.2527566,0.021336151,0.5925676,0.057623178
375316653866487564,5633176820791615232,0.6436104,2285.24398840068,0.45244229879947606,1.1502237E-5,16.509548,0.004173688,0.29595277,0.0017768347,0.025153367,0.0017689111,1.4870316,0.09367791,0.79436105,0.0041740155,0.023916347,0.00518327,0.10910299,0.033733156,0.009322474,0.0054069064,0.29595277,0.0017768347,"TWOGAUSSIANS_WITH_ELLIPSOIDAL_ON_ECLIPSE1",9,15.402677,0.29595277,0.0017768347,0.14085886,0.009905903,1.5056765,0.09537023,0.79437107,0.0041537406,0.13393155,0.029026313,0.12774608,0.037498858
375316653866487564,5633179805789766912,0.5649096,2288.1069045151435,0.6403057110991521,2.3596245E-5,12.046193,0.0021890264,0.23282528,0.007795776,0.024012102,0.006006473,0.16817525,0.015019951,0.7402141,0.0068198326,0.033316594,0.005133966,0.11332934,0.011033211,0.012145844,0.0032016146,0.23282528,0.007795776,"TWOGAUSSIANS_WITH_ELLIPSOIDAL_ON_ECLIPSE1",9,119.00606,0.23282528,0.007795776,0.13446778,0.03363625,0.19246691,0.015006558,0.7402141,0.0068198326,0.18657291,0.02875021,0.13756868,0.010551758
375316653866487564,5633180115027597184,0.46428648,2300.281752969581,0.02513449520531873,5.0771345E-5,18.686872,0.53124577,0.17132165,0.009467576,0.13859318,0.112334155,0.2306003,0.5042403,0.6777893,0.0076483744,0.11474368,0.07873435,0.23846425,0.46787393,null,null,null,null,"TWOGAUSSIANS",8,3.9722161,0.6779493,0.0087377,0.4,0.0,0.17609476,0.021648005,0.17129163,0.008186619,0.4,0.0,0.16757043,0.019560218
375316653866487564,5633198364346727040,0.5577534,2287.7294948886215,1.680680801262602,1.9076144E-5,15.702198,0.0011015737,0.2773007,0.019001968,0.008994731,0.00637867,0.027998699,0.04965388,0.8128497,0.0021740044,0.018193766,0.0024190706,0.36809617,0.06837394,null,null,null,null,"TWOGAUSSIANS",8,29.536736,0.8128497,0.0021740044,0.10188509,0.013546795,0.36809617,0.06837394,0.2773007,0.019001968,0.050370496,0.035720553,0.027998699,0.04965388
375316653866487564,5633209496901792256,0.5285676,2301.7832693959735,3.1256295204859876,1.1993693E-5,17.36348,0.008977041,0.26429078,0.003676798,0.064051524,0.0032712638,0.4495521,0.039327025,0.75783646,0.0029237624,0.08085812,0.0041288594,0.3739002,0.012821853,null,null,null,null,"TWOGAUSSIANS",8,24.926823,0.26429078,0.003676798,0.35868853,0.018319078,0.4477614,0.039355483,0.75783646,0.0029237624,0.4,0.0,0.3721095,0.01277293
375316653866487564,5633253232550633600,0.5416265,2254.2639074565927,1.1484382724754383,2.2004724E-6,11.326173,0.0020977417,0.6718144,6.444263E-4,0.043994624,0.0014952852,0.116141595,0.004898388,null,null,null,null,null,null,0.010360984,0.0036096547,0.6718144,6.444263E-4,"ONEGAUSSIAN_WITH_ELLIPSOIDAL",6,79.53299,0.6718144,6.444263E-4,0.2463699,0.008373597,0.13686354,0.0044466993,null,null,null,null,null,null
375316653866487564,5633253919746162432,0.5372413,2272.9337221742776,2.7770854386038857,1.5477219E-5,19.057098,0.0066058435,0.23013042,0.0033218667,0.058018923,0.005175203,0.16386108,0.009952969,0.72809714,0.0047239247,0.061977644,0.0064469427,0.37321225,0.028844899,null,null,null,null,"TWOGAUSSIANS",8,2.1420043,0.72809714,0.0047239247,0.3470748,0.03610288,0.37313333,0.028911341,0.23013042,0.0033218667,0.32490596,0.028981138,0.16378216,0.009979976
