Gaia/vari_eclipsing_binary/VariEclipsingBinary_679642-679653.csv
# %ECSV 1.0
# ---
# delimiter: ','
# meta: !!omap
# - RELEASE: Gaia DR3
# - TABLE: vari_eclipsing_binary
# - DESCRIPTION: >
#     This table describes the properties of the eclipsing binaries resulting from the variability analysis. 
# - CITATION: >
#     How to cite and acknowledge Gaia: 
#     https://gea.esac.esa.int/archive/documentation/credits.html 
# - KNOWN_ISSUES: >
#     Known issues: 
#     https://www.cosmos.esa.int/web/gaia-users/known-issues 
# - DOCUMENTATION: >
#     Tutorials and documentation: 
#     https://www.cosmos.esa.int/web/gaia-users/archive 
# datatype:
# - 
#   name: solution_id
#   datatype: int64
#   description: Solution Identifier
#   meta:
#     ucd: meta.version
# - 
#   name: source_id
#   datatype: int64
#   description: Unique source identifier
#   meta:
#     ucd: meta.id;meta.main
# - 
#   name: global_ranking
#   datatype: float32
#   description: Number between 0 (worst) and 1 (best)
#   meta:
#     ucd: stat.param
# - 
#   name: reference_time
#   datatype: float64
#   unit: d
#   description: Reference time used for the geometric model fit
#   meta:
#     ucd: time.epoch
# - 
#   name: frequency
#   datatype: float64
#   unit: d**-1
#   description: Frequency of geometric model of the eclipsing binary light curve
#   meta:
#     ucd: src.orbital
# - 
#   name: frequency_error
#   datatype: float32
#   unit: d**-1
#   description: "Uncertainty of \\texttt{frequency}"
#   meta:
#     ucd: stat.error
# - 
#   name: geom_model_reference_level
#   datatype: float32
#   unit: mag
#   description: Magnitude reference level of geometric model
#   meta:
#     ucd: phot.mag;em.opt
# - 
#   name: geom_model_reference_level_error
#   datatype: float32
#   unit: mag
#   description: "Uncertainty of \\texttt{geomModelReferenceLevel}"
#   meta:
#     ucd: stat.error;phot.mag;em.opt
# - 
#   name: geom_model_gaussian1_phase
#   datatype: float32
#   description: Phase of the Gaussian 1 component
#   meta:
#     ucd: time.phase
# - 
#   name: geom_model_gaussian1_phase_error
#   datatype: float32
#   description: "Uncertainty of \\texttt{geomModelGaussian1Phase}"
#   meta:
#     ucd: stat.error;time.phase
# - 
#   name: geom_model_gaussian1_sigma
#   datatype: float32
#   description: "Standard deviation [phase] of Gaussian 1 component"
#   meta:
#     ucd: stat.stdev
# - 
#   name: geom_model_gaussian1_sigma_error
#   datatype: float32
#   description: "Uncertainty of \\texttt{geomModelGaussian1Sigma}"
#   meta:
#     ucd: stat.error
# - 
#   name: geom_model_gaussian1_depth
#   datatype: float32
#   unit: mag
#   description: Magnitude depth of Gaussian 1 component
#   meta:
#     ucd: src.var.amplitude
# - 
#   name: geom_model_gaussian1_depth_error
#   datatype: float32
#   unit: mag
#   description: "Uncertainty of \\texttt{geomModelGaussian1Depth}"
#   meta:
#     ucd: stat.error;src.var.amplitude
# - 
#   name: geom_model_gaussian2_phase
#   datatype: float32
#   description: Phase of Gaussian 2 component
#   meta:
#     ucd: time.phase
# - 
#   name: geom_model_gaussian2_phase_error
#   datatype: float32
#   description: "Uncertainty of \\texttt{geomModelGaussian2Phase}"
#   meta:
#     ucd: stat.error;time.phase
# - 
#   name: geom_model_gaussian2_sigma
#   datatype: float32
[...]
#   datatype: float32
#   description: "Secondary eclipse: uncertainty of \\texttt{derivedSecondaryEclDuration}"
#   meta:
#     ucd: stat.error;time.duration
# - 
#   name: derived_secondary_ecl_depth
#   datatype: float32
#   unit: mag
#   description: "Secondary eclipse: depth"
#   meta:
#     ucd: src.var.amplitude
# - 
#   name: derived_secondary_ecl_depth_error
#   datatype: float32
#   unit: mag
#   description: "Secondary eclipse: uncertainty of \\texttt{derivedSecondaryEclDepth}"
#   meta:
#     ucd: stat.error;src.var.amplitude
solution_id,source_id,global_ranking,reference_time,frequency,frequency_error,geom_model_reference_level,geom_model_reference_level_error,geom_model_gaussian1_phase,geom_model_gaussian1_phase_error,geom_model_gaussian1_sigma,geom_model_gaussian1_sigma_error,geom_model_gaussian1_depth,geom_model_gaussian1_depth_error,geom_model_gaussian2_phase,geom_model_gaussian2_phase_error,geom_model_gaussian2_sigma,geom_model_gaussian2_sigma_error,geom_model_gaussian2_depth,geom_model_gaussian2_depth_error,geom_model_cosine_half_period_amplitude,geom_model_cosine_half_period_amplitude_error,geom_model_cosine_half_period_phase,geom_model_cosine_half_period_phase_error,model_type,num_model_parameters,reduced_chi2,derived_primary_ecl_phase,derived_primary_ecl_phase_error,derived_primary_ecl_duration,derived_primary_ecl_duration_error,derived_primary_ecl_depth,derived_primary_ecl_depth_error,derived_secondary_ecl_phase,derived_secondary_ecl_phase_error,derived_secondary_ecl_duration,derived_secondary_ecl_duration_error,derived_secondary_ecl_depth,derived_secondary_ecl_depth_error
[from data line 371]
375316653866487564,5978272563941783424,0.46132013,2258.5452631209405,3.0388841481327438,4.600447E-5,19.455494,0.031776767,0.29651588,0.019611161,0.09638912,0.031589493,0.22306238,0.060474038,0.79714245,0.0050745425,0.07281325,0.006801721,0.43958104,0.04259081,null,null,null,null,"TWOGAUSSIANS",8,6.9451275,0.79714245,0.0050745425,0.4,0.009974273,0.4322556,0.036961798,0.29651588,0.019611161,0.4,0.0,0.2157363,0.063077524
375316653866487564,5978272838819843200,0.477671,2258.549822598234,1.0061998377896146,4.0632713E-5,18.70868,0.0057173492,0.27755326,0.004064336,0.03240492,0.004192437,0.21045227,0.025613753,0.7601022,0.03833558,0.04642059,0.02527826,0.040389992,0.026975207,0.024769591,0.013773654,0.27755326,0.004064336,"TWOGAUSSIANS_WITH_ELLIPSOIDAL_ON_ECLIPSE1",9,5.5315704,0.27755326,0.004064336,0.18146755,0.023477647,0.25999132,0.02364511,0.76310223,0.032475308,0.2599553,0.14155826,0.08943748,0.02530657
375316653866487564,5978272976264162944,0.52613735,2308.561107523258,1.3917045466129054,1.7444903E-5,18.778479,0.007842947,0.23501031,0.009036647,0.05897124,0.013933129,0.114597835,0.01544103,0.7237271,0.0020049396,0.05673765,0.0044225845,0.36112326,0.023278909,null,null,null,null,"TWOGAUSSIANS",8,4.427205,0.7237271,0.0020049396,0.31773084,0.024766473,0.36110032,0.02329044,0.23501031,0.009036647,0.33023894,0.07802552,0.11457489,0.0154555105
375316653866487564,5978273044983620992,0.46840858,2281.89101459122,2.8205504513263477,7.086957E-5,19.94151,0.0053669577,0.21252626,0.011311598,0.066567294,0.010698129,0.23981401,0.025528396,0.7347527,0.007403049,0.045138396,0.020183677,0.20828311,0.08322693,null,null,null,null,"TWOGAUSSIANS",8,1.2847137,0.21252626,0.011311598,0.37277684,0.059909523,0.23980603,0.02553306,0.7347527,0.007403049,0.252775,0.11302859,0.20827514,0.083260804
375316653866487564,5978273491665746560,0.47032502,2321.3390919189656,1.653328579024291,4.713557E-5,19.91801,0.016341453,0.50464034,0.006108416,0.053568564,0.0047003203,0.41220385,0.030171037,0.8399378,0.004705024,0.049185447,0.0047887797,0.4038245,0.034445144,null,null,null,null,"TWOGAUSSIANS",8,4.00726,0.50464034,0.006108416,0.29998395,0.026321795,0.41220385,0.030171037,0.8399378,0.004705024,0.27543852,0.026817167,0.4038245,0.034445148
375316653866487564,5978273693522476928,0.60582954,2293.4062094628257,2.076370728915386,5.048731E-6,16.752443,0.0033879627,0.23871233,0.0012335422,0.093443245,0.002047183,0.23679048,0.005359221,0.7373434,0.0018045612,0.086854115,0.003062382,0.28697753,0.009978415,null,null,null,null,"TWOGAUSSIANS",8,3.6803954,0.7373434,0.0018045612,0.4,0.0,0.27612337,0.011010823,0.23871233,0.0012335422,0.4,0.0,0.22593607,0.00528779
375316653866487564,5978273903976202368,0.48412615,2293.027204645283,3.9209585505560947,7.480443E-5,19.807087,0.23915479,0.30479527,0.013273778,0.09501016,0.036291096,0.44491327,0.22318998,0.81536674,0.017396122,0.09345544,0.057330534,0.3943625,0.22300826,null,null,null,null,"TWOGAUSSIANS",8,4.600315,0.30479527,0.013251982,0.4,0.0,0.42355642,0.056033514,0.81536674,0.017396122,0.4,0.0,0.3730061,0.062307235
375316653866487564,5978274075856196992,0.6088347,2305.7567460734626,1.9179330670808226,7.697259E-6,16.204683,0.029283602,0.21583185,0.0015232709,0.06699535,0.012095864,0.19073123,0.05349254,0.7131481,0.0015369336,0.06567887,0.006489702,0.32078388,0.05581828,0.07356964,0.030444745,0.21583185,0.0015232709,"TWOGAUSSIANS_WITH_ELLIPSOIDAL_ON_ECLIPSE1",9,21.366829,0.71350807,0.0012664949,0.36780167,0.03634233,0.46751055,0.016279675,0.21583185,0.0015232709,0.375174,0.065510675,0.33749405,0.02700985
375316653866487564,5978274311996523392,0.50323313,2296.489089395432,0.7171184483213005,1.9153425E-5,19.173119,0.0066970363,0.3679174,0.0077454075,0.030887023,0.008081183,0.11915807,0.027190378,0.61754596,0.0045584235,0.028031597,0.0036031934,0.2910086,0.043833636,null,null,null,null,"TWOGAUSSIANS",8,1.8449454,0.61754596,0.0045584235,0.15697695,0.020177882,0.2910086,0.043833636,0.3679174,0.0077454075,0.17296733,0.04525462,0.11915807,0.027190378
375316653866487564,5978274522451497856,0.4248666,2289.674996730495,2.2634784408600273,6.6652734E-5,19.68226,0.0076819346,null,null,null,null,null,null,null,null,null,null,null,null,0.07803426,0.010288296,0.2737441,0.012049299,"ELLIPSOIDAL",4,3.8119938,null,null,null,null,null,null,null,null,null,null,null,null
375316653866487564,5978274831689460736,0.49935135,2311.7257068442245,1.4726097714815924,2.596626E-5,18.406372,0.0034061663,0.29506963,0.004283095,0.046885986,0.0049243416,0.20613742,0.015437776,0.79704994,1.2326243E-4,0.0154773835,0.0010784882,0.48698655,0.12991813,null,null,null,null,"TWOGAUSSIANS",8,3.319498,0.79704994,1.2326243E-4,0.08667335,0.0060395338,0.48698655,0.12991813,0.29506963,0.004283095,0.2625615,0.027576314,0.20613742,0.015437776
375316653866487564,5978274999192782080,0.669108,2284.2307057011844,1.0890349366706802,2.5267896E-6,16.207321,0.0034137222,0.24206623,4.999324E-4,0.03936247,9.202229E-4,0.73033214,0.019084258,0.74533844,0.0056477934,0.038297422,0.00456998,0.05725631,0.0106209265,0.017220946,0.003821668,0.24206623,4.999324E-4,"TWOGAUSSIANS_WITH_ELLIPSOIDAL_ON_ECLIPSE1",9,9.110839,0.24206623,4.999324E-4,0.22042984,0.0051532486,0.764774,0.019815475,0.74533844,0.0056477934,0.21446556,0.025591888,0.09168364,0.00816249
375316653866487564,5978275037848079104,0.46348727,2284.604881589782,2.596641146864089,8.415015E-5,19.581236,0.017130045,0.3612063,0.019735353,0.013175131,0.02635054,1.7360905,3.9984922,0.7255603,0.020301264,0.09491164,0.02301618,0.067185834,0.022357041,null,null,null,null,"TWOGAUSSIANS",8,3.0755389,0.3612063,0.019752434,0.07378073,0.14756303,1.7361327,3.9985292,0.7255603,0.020301264,0.4,0.0,0.06718571,0.022356149
375316653866487564,5978275450170211328,0.5179105,2317.8095836927832,1.3444025237574548,1.832686E-5,18.72255,0.01672417,0.21119979,0.0054803067,0.022181792,0.014465962,0.110713996,0.043991193,0.7374433,0.031456992,0.030699933,0.024217933,0.1449929,0.07093523,0.10826248,0.024140561,0.21119979,0.0054803067,"TWOGAUSSIANS_WITH_ELLIPSOIDAL_ON_ECLIPSE1",9,6.964229,0.7374433,0.030474786,0.17191963,0.13562042,0.35568327,0.039220784,0.21119979,0.0054803067,0.12421804,0.08100938,0.32723847,0.034838185
375316653866487564,5978275828118337920,0.50487304,2294.4007410935196,0.4274133451401421,3.5992955E-5,19.638054,0.008125017,0.11952185,0.008536004,0.014681893,0.0046443827,0.37993917,0.13663758,0.6054894,0.00358242,0.048256274,0.0066590384,0.09866218,0.012979699,null,null,null,null,"TWOGAUSSIANS",8,1.5122132,0.11952185,0.008536004,0.0822186,0.026008543,0.37993917,0.13663758,0.6054894,0.00358242,0.27023512,0.037290614,0.09866218,0.012979699
375316653866487564,5978275892546011264,0.5190603,2294.889903986208,3.1121994504230197,2.9568842E-5,16.308273,0.020498483,0.25731727,0.0047466974,0.096555665,0.009166636,0.27950874,0.02050456,0.75102395,0.0065635876,0.09744583,0.012271953,0.29804292,0.02006111,null,null,null,null,"TWOGAUSSIANS",8,54.776695,0.75102395,0.0065635876,0.4,0.0,0.27887937,0.014772553,0.25731727,0.0047466974,0.4,0.0,0.26034555,0.012134393
375316653866487564,5978276339220115712,0.60422575,2313.076769804418,1.0289715050630641,3.8138467E-6,17.884378,0.008426203,0.20668285,0.0013591814,0.072957225,0.0032984333,0.37015092,0.0152138565,0.7059001,9.0539583E-4,0.07186065,0.0023447543,0.44455737,0.013225474,null,null,null,null,"TWOGAUSSIANS",8,3.4330246,0.7059001,9.0539583E-4,0.4,0.0050422614,0.44250575,0.013181157,0.20668285,0.0013591814,0.4,0.0026760083,0.3680993,0.015360549
375316653866487564,5978276515313313152,0.48130026,2283.690779864169,2.7143112411570804,1.9949512E-5,19.38846,0.016192062,0.2443051,0.010573132,0.09293359,0.01353162,0.21008208,0.021107085,0.7597242,0.0080052,0.083062306,0.011779871,0.2362928,0.027042452,null,null,null,null,"TWOGAUSSIANS",8,2.3208148,0.7597242,0.0080052,0.4,0.0,0.23021077,0.028129319,0.2443051,0.010573132,0.4,0.0,0.20399977,0.018857105
375316653866487564,5978277408666617984,0.45683286,2284.024475358878,1.901725553564725,3.4357457E-5,19.465982,0.008767964,0.20214416,0.006593654,0.052690376,0.01679695,0.068673015,0.01947965,null,null,null,null,null,null,0.0683221,0.010653674,0.20214416,0.006593654,"ONEGAUSSIAN_WITH_ELLIPSOIDAL",6,2.8494804,0.20214416,0.006593654,0.2950661,0.094062924,0.20531614,0.010810063,null,null,null,null,null,null
375316653866487564,5978278061505321216,0.5395996,2273.380872817161,0.47393447358838997,3.786953E-5,19.582584,0.006596885,0.24336077,0.021141775,0.028506592,0.011832231,0.7490727,0.05806174,0.8279684,0.028676825,0.048529055,0.011811841,0.136422,0.11980042,null,null,null,null,"TWOGAUSSIANS",8,2.9118428,0.24336077,0.021141775,0.15963691,0.066260494,0.7490727,0.05806174,0.8279684,0.028676825,0.2717627,0.066146314,0.136422,0.11980042
375316653866487564,5978278267663824128,0.5058496,2249.253902897647,0.9469142170354244,2.3271909E-5,19.496141,0.003689118,0.2060015,0.008503533,0.035297953,0.010006367,0.16932848,0.1434888,0.71607995,0.011093517,0.056746043,0.0065301326,0.37274182,0.07543256,null,null,null,null,"TWOGAUSSIANS",8,0.94919884,0.71607995,0.011093517,0.31777784,0.036568742,0.3727417,0.075432636,0.2060015,0.008503533,0.19766852,0.05603566,0.16932838,0.14348893
375316653866487564,5978278439462520192,0.57725126,2288.9896901151537,2.396088261207082,1.1017269E-5,17.883461,0.010325941,0.19020608,0.0022977695,0.08255505,0.003022893,0.46109688,0.014898181,0.68451446,0.0041367076,0.08730303,0.005561971,0.43873757,0.012116696,null,null,null,null,"TWOGAUSSIANS",8,7.2663465,0.19020608,0.0022977695,0.4,0.0,0.4504105,0.013776221,0.68451446,0.0041367076,0.4,0.0,0.4280511,0.013309771
375316653866487564,5978278508184438656,0.48896644,2315.94178210907,3.0613954258087324,8.536854E-5,19.401884,0.019469187,0.2306403,0.004915932,0.084342636,0.008634464,0.32218912,0.022665545,0.7120432,0.010334215,0.086060174,0.016069215,0.2593808,0.02219276,null,null,null,null,"TWOGAUSSIANS",8,2.6874726,0.2306403,0.004915932,0.4,0.0,0.31656602,0.019587088,0.7120432,0.010334215,0.4,0.0,0.25375766,0.020628441
375316653866487564,5978278611341579136,0.48977765,2323.3147169253166,3.7271667360559073,2.3948527E-5,18.761354,0.004265246,0.26328376,0.0064379456,0.09136056,0.00855379,0.10085939,0.0071378066,0.78223836,0.005483163,0.066401325,0.008107138,0.10471432,0.010306645,null,null,null,null,"TWOGAUSSIANS",8,0.8325227,0.78223836,0.005483163,0.37184745,0.04539997,0.10381115,0.010601458,0.26328376,0.0064379456,0.4,0.0,0.09995612,0.0072722896
375316653866487564,5978278714340571904,0.4661951,2267.7787333348024,3.328161823552225,5.1916075E-5,18.874092,0.038311623,0.26357374,0.012567249,0.09519239,0.020766966,0.30103427,0.044062383,0.76657665,0.006353433,0.10255234,0.016665887,0.3033062,0.035004407,null,null,null,null,"TWOGAUSSIANS",8,7.1760154,0.76657665,0.006353433,0.4,0.0,0.2795399,0.02500793,0.26357374,0.012566714,0.4,0.0,0.2772716,0.038075298
375316653866487564,5978278984926210176,0.5867719,2281.7884422851994,0.6466347152902429,2.8030585E-5,17.91382,0.0069342908,0.27204382,0.0061827768,0.032560445,0.0036635238,1.3574419,0.23302291,0.7732056,0.011432735,0.031833187,0.007366281,0.13787116,0.019613253,0.02975132,0.008601425,0.27204382,0.0061827768,"TWOGAUSSIANS_WITH_ELLIPSOIDAL_ON_ECLIPSE1",9,8.012655,0.27204382,0.0061827768,0.18233849,0.020515734,1.4169445,0.23237512,0.7732056,0.011432396,0.17826584,0.041251175,0.19737062,0.014616576
375316653866487564,5978279161097173120,0.47215536,2262.9255159982936,3.052619185241459,3.226202E-5,19.413477,0.037527435,0.30255184,0.0052409773,0.09207692,0.018786008,0.24294391,0.029391332,0.7836877,0.010604266,0.091044605,0.02428926,0.21491702,0.030940194,null,null,null,null,"TWOGAUSSIANS",8,2.5084753,0.30255184,0.0052411365,0.4,0.0,0.23469023,0.023309693,0.7836877,0.010604266,0.4,0.0,0.20666346,0.02183768
375316653866487564,5978279534702333824,0.44439748,2274.9912127068346,0.537198301784112,1.081968E-4,19.202723,0.0055595916,0.37616456,0.016127056,0.026943538,0.019629592,0.05144844,0.027977286,0.6176605,0.00625575,0.027764617,0.008419917,0.7986234,0.72966695,null,null,null,null,"TWOGAUSSIANS",8,3.1305454,0.6176605,0.00625575,0.15548185,0.047151536,0.7986234,0.72966695,0.37616456,0.016127056,0.15088381,0.10992572,0.05144844,0.027977286
375316653866487564,5978279740860765568,0.5122801,2266.5082845194315,0.14130592344107798,6.470927E-5,19.439236,0.21240216,0.59423757,0.030399488,0.24500105,0.13089982,0.20535561,0.20568374,0.75344384,0.03094913,0.032390155,0.020069616,0.35266542,0.14423,null,null,null,null,"TWOGAUSSIANS",8,1.54366,0.75344384,0.03094913,0.18138486,0.11238985,0.4683221,0.13352159,0.59432757,0.030517893,0.4,0.0,0.15427187,0.016901232
375316653866487564,5978279848212318080,0.46659312,2262.0621665580757,0.24404201277170207,1.937581E-5,19.725132,0.00882021,0.36537316,0.0070095435,0.051282592,0.011243226,0.809113,0.9865233,0.7341317,0.0034316233,0.0092610335,0.002105694,0.1688096,0.031283386,null,null,null,null,"TWOGAUSSIANS",8,2.7468693,0.36537316,0.0070095435,0.2871825,0.06296206,0.809113,0.9865233,0.7341317,0.0034316233,0.05186179,0.011791887,0.1688096,0.031283386
375316653866487564,5978279951371202560,0.5331631,2294.4482724981294,3.1149620774202536,2.061184E-5,19.413506,0.013488608,0.25914395,0.0026382902,0.08713449,0.0056543774,0.38803637,0.014398115,0.760869,0.0061892117,0.07868859,0.008704093,0.3531878,0.01985723,null,null,null,null,"TWOGAUSSIANS",8,2.0489154,0.25914395,0.0026382902,0.4,0.0,0.3804148,0.012516049,0.760869,0.0061892117,0.4,0.0,0.3455663,0.019881008
375316653866487564,5978279985653135744,0.463104,2306.3263002636577,0.0905529121121821,1.879053E-5,18.781384,0.005928857,0.077099286,0.0026246225,0.016697269,0.0027653326,0.11719332,0.033312574,0.53378195,0.0041021705,0.013965877,0.004075758,0.18588227,0.011360118,null,null,null,null,"TWOGAUSSIANS",8,4.540468,0.53378195,0.0041021705,0.078208916,0.022824246,0.18588227,0.011360118,0.077099286,0.0026246225,0.09350471,0.015485863,0.11719332,0.033312574
375316653866487564,5978279985655206784,0.55722904,2319.0712727714194,2.8188833851983195,1.5019153E-5,18.868752,0.007479837,0.26721802,0.005607715,0.10878342,0.009635143,0.15950507,0.007480316,0.7601725,0.002425354,0.08047391,0.004638188,0.23404664,0.006627675,null,null,null,null,"TWOGAUSSIANS",8,0.68525755,0.7601725,0.002425354,0.4,0.0,0.22388873,0.0059814313,0.26721802,0.005607715,0.4,0.0,0.14933856,0.0052930075
375316653866487564,5978280187530188928,0.5890715,2299.0538283959845,0.41602142545047865,4.922736E-5,17.391432,0.002520548,0.24566492,0.00924798,0.026514158,0.0063338424,0.51031834,0.03367928,0.66292006,0.09850337,0.0503133,0.051210247,0.044099636,0.2942609,null,null,null,null,"TWOGAUSSIANS",8,11.6682625,0.24566492,0.00924798,0.14847928,0.035469517,0.51031834,0.033679247,0.66292006,0.09850337,0.2817545,0.22036444,0.044099636,0.29426116
375316653866487564,5978280260525180800,0.49375555,2283.3133848778853,2.1495402316142647,3.1043965E-5,18.606186,0.018883858,0.2775708,0.007878977,0.09366736,0.01509332,0.26097637,0.030441847,0.7876978,0.0043495335,0.09415033,0.014607773,0.17969824,0.015444642,null,null,null,null,"TWOGAUSSIANS",8,6.100356,0.2775708,0.007878977,0.4,0.0,0.25018063,0.033268064,0.7876978,0.0043495335,0.4,0.0,0.16890258,0.0133307
375316653866487564,5978280702907008640,0.5977644,2307.264447636082,1.4791088187699801,7.0033934E-6,17.908384,0.0052579567,0.16909647,0.0017717379,0.07943451,0.0023933465,0.31036025,0.0051126303,0.6711224,0.0018968123,0.08768069,0.0029995018,0.25360566,0.007602954,null,null,null,null,"TWOGAUSSIANS",8,2.1045542,0.16909647,0.0017717379,0.4,0.0,0.30424935,0.0040769586,0.6711224,0.0018968123,0.4,0.0,0.24749473,0.007385626
