Gaia/vari_eclipsing_binary/VariEclipsingBinary_460842-460864.csv
# %ECSV 1.0
# ---
# delimiter: ','
# meta: !!omap
# - RELEASE: Gaia DR3
# - TABLE: vari_eclipsing_binary
# - DESCRIPTION: >
#     This table describes the properties of the eclipsing binaries resulting from the variability analysis. 
# - CITATION: >
#     How to cite and acknowledge Gaia: 
#     https://gea.esac.esa.int/archive/documentation/credits.html 
# - KNOWN_ISSUES: >
#     Known issues: 
#     https://www.cosmos.esa.int/web/gaia-users/known-issues 
# - DOCUMENTATION: >
#     Tutorials and documentation: 
#     https://www.cosmos.esa.int/web/gaia-users/archive 
# datatype:
# - 
#   name: solution_id
#   datatype: int64
#   description: Solution Identifier
#   meta:
#     ucd: meta.version
# - 
#   name: source_id
#   datatype: int64
#   description: Unique source identifier
#   meta:
#     ucd: meta.id;meta.main
# - 
#   name: global_ranking
#   datatype: float32
#   description: Number between 0 (worst) and 1 (best)
#   meta:
#     ucd: stat.param
# - 
#   name: reference_time
#   datatype: float64
#   unit: d
#   description: Reference time used for the geometric model fit
#   meta:
#     ucd: time.epoch
# - 
#   name: frequency
#   datatype: float64
#   unit: d**-1
#   description: Frequency of geometric model of the eclipsing binary light curve
#   meta:
#     ucd: src.orbital
# - 
#   name: frequency_error
#   datatype: float32
#   unit: d**-1
#   description: "Uncertainty of \\texttt{frequency}"
#   meta:
#     ucd: stat.error
# - 
#   name: geom_model_reference_level
#   datatype: float32
#   unit: mag
#   description: Magnitude reference level of geometric model
#   meta:
#     ucd: phot.mag;em.opt
# - 
#   name: geom_model_reference_level_error
#   datatype: float32
#   unit: mag
#   description: "Uncertainty of \\texttt{geomModelReferenceLevel}"
#   meta:
#     ucd: stat.error;phot.mag;em.opt
# - 
#   name: geom_model_gaussian1_phase
#   datatype: float32
#   description: Phase of the Gaussian 1 component
#   meta:
#     ucd: time.phase
# - 
#   name: geom_model_gaussian1_phase_error
#   datatype: float32
#   description: "Uncertainty of \\texttt{geomModelGaussian1Phase}"
#   meta:
#     ucd: stat.error;time.phase
# - 
#   name: geom_model_gaussian1_sigma
#   datatype: float32
#   description: "Standard deviation [phase] of Gaussian 1 component"
#   meta:
#     ucd: stat.stdev
# - 
#   name: geom_model_gaussian1_sigma_error
#   datatype: float32
#   description: "Uncertainty of \\texttt{geomModelGaussian1Sigma}"
#   meta:
#     ucd: stat.error
# - 
#   name: geom_model_gaussian1_depth
#   datatype: float32
#   unit: mag
#   description: Magnitude depth of Gaussian 1 component
#   meta:
#     ucd: src.var.amplitude
# - 
#   name: geom_model_gaussian1_depth_error
#   datatype: float32
#   unit: mag
#   description: "Uncertainty of \\texttt{geomModelGaussian1Depth}"
#   meta:
#     ucd: stat.error;src.var.amplitude
# - 
#   name: geom_model_gaussian2_phase
#   datatype: float32
#   description: Phase of Gaussian 2 component
#   meta:
#     ucd: time.phase
# - 
#   name: geom_model_gaussian2_phase_error
#   datatype: float32
#   description: "Uncertainty of \\texttt{geomModelGaussian2Phase}"
#   meta:
#     ucd: stat.error;time.phase
# - 
#   name: geom_model_gaussian2_sigma
#   datatype: float32
[...]
#   datatype: float32
#   description: "Secondary eclipse: uncertainty of \\texttt{derivedSecondaryEclDuration}"
#   meta:
#     ucd: stat.error;time.duration
# - 
#   name: derived_secondary_ecl_depth
#   datatype: float32
#   unit: mag
#   description: "Secondary eclipse: depth"
#   meta:
#     ucd: src.var.amplitude
# - 
#   name: derived_secondary_ecl_depth_error
#   datatype: float32
#   unit: mag
#   description: "Secondary eclipse: uncertainty of \\texttt{derivedSecondaryEclDepth}"
#   meta:
#     ucd: stat.error;src.var.amplitude
solution_id,source_id,global_ranking,reference_time,frequency,frequency_error,geom_model_reference_level,geom_model_reference_level_error,geom_model_gaussian1_phase,geom_model_gaussian1_phase_error,geom_model_gaussian1_sigma,geom_model_gaussian1_sigma_error,geom_model_gaussian1_depth,geom_model_gaussian1_depth_error,geom_model_gaussian2_phase,geom_model_gaussian2_phase_error,geom_model_gaussian2_sigma,geom_model_gaussian2_sigma_error,geom_model_gaussian2_depth,geom_model_gaussian2_depth_error,geom_model_cosine_half_period_amplitude,geom_model_cosine_half_period_amplitude_error,geom_model_cosine_half_period_phase,geom_model_cosine_half_period_phase_error,model_type,num_model_parameters,reduced_chi2,derived_primary_ecl_phase,derived_primary_ecl_phase_error,derived_primary_ecl_duration,derived_primary_ecl_duration_error,derived_primary_ecl_depth,derived_primary_ecl_depth_error,derived_secondary_ecl_phase,derived_secondary_ecl_phase_error,derived_secondary_ecl_duration,derived_secondary_ecl_duration_error,derived_secondary_ecl_depth,derived_secondary_ecl_depth_error
[from data line 259]
375316653866487564,4053760081567206528,0.50187695,2228.9568676598237,2.948945855406768,2.1695685E-5,18.64548,0.04484615,0.2431921,0.0066231564,0.10859096,0.029014219,0.16588019,0.03683319,0.7522216,0.0040210234,0.11212099,0.021095736,0.1724542,0.044533562,null,null,null,null,"TWOGAUSSIANS",8,2.1224642,0.75223154,0.0039990917,0.4,0.0,0.14878607,0.015217389,0.24317211,0.006650965,0.4,0.0,0.14222081,0.01379127
375316653866487564,4053760115926968832,0.5670429,2194.2951506000654,3.266901116483191,7.951605E-6,19.152004,0.016262373,0.21504767,0.003338909,0.06280869,0.0038824799,0.5665852,0.033651073,0.714695,0.0048368555,0.067525305,0.006340793,0.65563357,0.09814657,null,null,null,null,"TWOGAUSSIANS",8,2.9612641,0.714695,0.0048368555,0.3781417,0.028379282,0.65486336,0.09865533,0.21504767,0.003338909,0.35172868,0.021741888,0.5658149,0.033575963
375316653866487564,4053760214674828160,0.6288327,2257.6985010689405,0.44707679826410884,3.4885653E-4,17.264128,0.0044350615,0.21169573,0.083188355,0.101760834,0.085804604,0.008631306,0.0055313227,0.4185119,4.5365177E-5,0.014835239,1.5226404E-4,6.706859,0.32464042,null,null,null,null,"TWOGAUSSIANS",8,3.0865233,0.4185119,4.5365177E-5,0.08307734,8.5267867E-4,6.7079535,0.3291983,0.21169573,0.083188355,0.4,0.028004333,0.008631207,0.0054789064
375316653866487564,4053760459524213376,0.6412494,2284.5458053203065,0.790590761508104,9.119526E-6,17.386652,0.0027737182,0.29004195,0.01956707,0.039635085,0.008528925,0.51941586,0.12588242,0.79071206,0.0034843425,0.05555512,0.0034836812,0.07769827,0.0036621292,null,null,null,null,"TWOGAUSSIANS",8,1.8344722,0.29004195,0.01956707,0.22195648,0.047761977,0.5194155,0.12588064,0.79071206,0.0034843425,0.31110868,0.019508615,0.07769795,0.003661362
375316653866487564,4053760528269211648,0.67667854,2250.012182153563,0.6037005418986667,3.9918646E-6,11.391792,0.005751335,0.22742686,5.9851666E-4,0.04093797,0.001401856,0.46775874,0.0123959,0.7292387,0.01313697,0.036729164,0.006710767,0.405305,0.0600527,0.03350611,0.0077429106,0.22742686,5.9851666E-4,"TWOGAUSSIANS_WITH_ELLIPSOIDAL_ON_ECLIPSE1",9,40.811172,0.22742686,5.9851666E-4,0.22925264,0.007850394,0.53477097,0.012232482,0.7292387,0.01313697,0.20568332,0.037580296,0.47230852,0.05387949
375316653866487564,4053760871840818432,0.53414726,2246.071749321813,2.421250508417178,7.836447E-5,19.243176,0.06537926,0.23587087,0.010844353,0.0945206,0.039198272,0.62802213,0.103330806,0.7112571,0.018191626,0.07846465,0.018944768,0.6777444,0.13321584,null,null,null,null,"TWOGAUSSIANS",8,6.2578726,0.7112571,0.018191626,0.4,0.0,0.66472805,0.12379224,0.23587087,0.010844353,0.4,0.07069783,0.61500365,0.112872146
375316653866487564,4053762108817168128,0.63790184,2231.8592560223256,0.7622008456043444,2.49603E-5,16.159824,0.0020710202,0.46614403,0.01049201,0.040364087,0.0071721496,0.5157423,0.08333142,null,null,null,null,null,null,null,null,null,null,"ONEGAUSSIAN",5,8.601497,0.46614403,0.01049201,0.22603889,0.040164035,0.5157423,0.0,null,null,null,null,null,null
375316653866487564,4053762177511241216,0.5603912,2267.2011161466867,1.955187138237418,1.0072775E-4,17.866728,0.0020299326,0.3688868,0.017286547,0.032841418,0.01216823,0.013415282,0.006156859,0.63123554,0.01660488,0.052313484,0.021346193,0.1674973,0.12543075,null,null,null,null,"TWOGAUSSIANS",8,0.5761874,0.63123554,0.01660488,0.29295552,0.11321734,0.1674973,0.12543075,0.3688868,0.01729132,0.18391193,0.068142086,0.013415861,0.006165451
375316653866487564,4053762486748826880,0.5269927,2260.4292118361204,2.411009269849436,6.313731E-5,18.15096,0.021982891,0.23597744,0.008214892,0.08963902,0.009556159,0.45765182,0.020269819,0.7426331,0.010284678,0.07014215,0.0115562305,0.4310031,0.033438426,null,null,null,null,"TWOGAUSSIANS",8,9.493889,0.23597744,0.008214892,0.4,0.0,0.45185336,0.017154649,0.7426331,0.010284678,0.39279604,0.04532742,0.4252048,0.032432843
375316653866487564,4053763483206792704,0.5736464,2232.9898141758686,0.5386282736974903,8.993701E-6,14.754824,0.030799083,0.31619027,0.002249735,0.102716744,0.015394699,0.2089024,0.021669108,0.82331467,0.0074194362,0.10708981,0.018131489,0.13381395,0.03035793,null,null,null,null,"TWOGAUSSIANS",8,18.572554,0.31619027,0.002277974,0.4,0.0,0.19109023,0.010255637,0.82331467,0.0074306657,0.4,0.0,0.11599976,0.012098748
375316653866487564,4053763856809115648,0.47479278,2265.7598115819865,0.6438677621147739,2.1812348E-5,13.123869,0.018814916,0.34216973,0.004637581,0.12988652,0.03085369,0.058561727,0.017392753,0.8194871,0.00762565,0.10812133,0.021998322,0.061418615,0.017514465,null,null,null,null,"TWOGAUSSIANS",8,24.041483,0.8194871,0.00762565,0.4,0.0,0.050833024,0.0033156371,0.34220976,0.0046040723,0.4,0.0,0.04789402,0.004057627
375316653866487564,4053765643515923968,0.6761764,2277.877377936104,1.6677431270182608,4.620233E-6,17.432709,0.0051147984,0.23549935,0.0010421346,0.04714031,0.0036192578,0.20326373,0.019720646,0.73130304,0.0032953839,0.04509684,0.0034728912,0.2570277,0.014522837,0.12806739,0.008201934,0.23549935,0.0010421346,"TWOGAUSSIANS_WITH_ELLIPSOIDAL_ON_ECLIPSE1",9,2.062879,0.731883,0.00283371,0.2525423,0.01944819,0.5130088,0.011070548,0.23549935,0.0010421346,0.26398572,0.020267844,0.45939827,0.019561222
375316653866487564,4053766472504078592,0.62569153,2248.2601436883465,2.1547491669538448,6.3551483E-6,16.973715,0.022231473,0.2810995,0.0025877538,0.050991688,0.018392915,0.18499039,0.03311599,0.78346694,0.0066777044,0.05253428,0.008660046,0.23475456,0.053326845,0.11939918,0.028837888,0.2810995,0.0025877538,"TWOGAUSSIANS_WITH_ELLIPSOIDAL_ON_ECLIPSE1",9,8.167256,0.78346694,0.0066777044,0.29419196,0.04849626,0.4734954,0.01386843,0.2810995,0.0025877538,0.28555346,0.10300033,0.42378408,0.059998546
375316653866487564,4053766674312051200,0.51058894,2280.0102292892802,0.5340913464149515,5.9879534E-5,17.340584,0.0030904494,0.20193468,0.030180823,0.021138217,0.017334512,0.09648843,1122.9246,0.7062197,0.0027112972,0.01780936,0.0027502934,0.1166872,0.017222796,null,null,null,null,"TWOGAUSSIANS",8,5.9754763,0.7062197,0.0027112972,0.099732414,0.015401643,0.1166872,0.017222796,0.20193468,0.030180823,0.11837401,0.097073264,0.09648843,1122.9246
375316653866487564,4053767846875070976,0.47054312,2398.294387472804,1.7174673598359727,1.1451416E-4,18.741543,0.031743843,0.2494933,0.07421855,0.076321244,0.05120623,0.245566,1.3509622,0.73892164,1.9447158E-4,0.024856254,0.0024063808,4.9839664,2.6158333,null,null,null,null,"TWOGAUSSIANS",8,2.8372047,0.73892164,1.9447158E-4,0.13919502,0.013475732,4.983964,2.616007,0.2494933,0.07421855,0.4,0.15816036,0.24556349,1.3510257
375316653866487564,4053768808948468096,0.5429072,2196.5181745933332,3.4093624289893287,5.9923175E-5,19.713343,0.025124412,0.23704682,0.0061956756,0.0985461,0.013690445,0.42704263,0.031659547,0.77046686,0.022583682,0.07190144,0.021594465,0.25237817,0.082067765,null,null,null,null,"TWOGAUSSIANS",8,0.9096461,0.23704682,0.0061956756,0.4,0.0,0.42199808,0.03095672,0.7704769,0.02259348,0.4,0.05604598,0.24733959,0.08385237
375316653866487564,4053769255624837120,0.53578097,2252.0280741881465,2.4123763399383167,1.0856774E-6,19.051718,0.007541582,0.27301338,0.005811843,0.042466722,0.0050866567,0.50148857,0.054460574,0.7144115,0.026804522,0.021043729,0.0058505004,1.2765201,3.619211,null,null,null,null,"TWOGAUSSIANS",8,2.3714273,0.7144115,0.026804522,0.11784489,0.032762803,1.2765201,3.619211,0.27301338,0.005811843,0.23781365,0.028485278,0.50148857,0.054460574
375316653866487564,4053769285647729792,0.6837545,2236.306162825309,0.8708129259037218,6.2031E-6,16.560291,0.0024477695,0.2056639,1.9186005E-4,0.033477478,3.009054E-4,0.634411,0.003968643,0.7401936,0.027699877,0.03238741,0.008956988,0.64649457,0.525048,null,null,null,null,"TWOGAUSSIANS",8,5.050756,0.7401936,0.027699877,0.1813695,0.050159134,0.64649457,0.525048,0.2056639,1.9186005E-4,0.18747388,0.0016850702,0.634411,0.003968643
375316653866487564,4053770973631539200,0.53764904,2269.4098874379893,2.537118983749292,2.4818504E-5,19.74611,0.054484446,0.22416314,0.012275766,0.07904048,0.019460993,0.68207264,0.15758376,0.7233895,0.011531829,0.07846695,0.016168248,0.6608575,0.057844143,null,null,null,null,"TWOGAUSSIANS",8,3.7529922,0.22416314,0.012275766,0.4,0.0074046785,0.6735008,0.1647957,0.7233895,0.011531829,0.4,0.00998744,0.6522856,0.058534075
375316653866487564,4053772141844504704,0.5675244,2269.895148194184,3.7798465505297356,6.2397594E-5,18.923597,0.018335717,0.23696873,0.008545252,0.070902,0.008112598,0.61938405,0.07389771,0.72091585,0.009258279,0.06878472,0.010360199,0.4983102,0.035951618,null,null,null,null,"TWOGAUSSIANS",8,8.178878,0.23696873,0.008545252,0.3970512,0.032990456,0.61817455,0.07392116,0.72091585,0.009258279,0.38519442,0.05586087,0.49710074,0.035757218
375316653866487564,4053772451100453632,0.5931334,2234.4562764121038,1.2397634702965261,1.4913602E-5,16.630693,0.035589233,0.27891237,0.014960087,0.13577656,0.02353243,0.25407222,0.036064487,0.7401598,0.0051939525,0.09049411,0.007967734,0.26532158,0.03281523,null,null,null,null,"TWOGAUSSIANS",8,10.562663,0.7401598,0.0051939525,0.4,0.0,0.23659596,0.011987522,0.27891237,0.014960395,0.4,0.0,0.22445786,0.019729475
375316653866487564,4053773859832953088,0.5863191,2271.121930050018,2.6829513320364686,4.1054307E-5,19.056526,0.009585142,0.3830654,0.02032626,0.040685948,0.021249793,0.37856823,0.12800747,0.81005037,0.0071169245,0.06810218,0.010433249,0.60036206,0.018882306,null,null,null,null,"TWOGAUSSIANS",8,1.9146116,0.81005037,0.0071169245,0.3813722,0.034551658,0.6003611,0.018883461,0.3830654,0.02032626,0.2278413,0.11899884,0.3785673,0.1280084
375316653866487564,4053774233463017344,0.48486358,2255.881612261957,1.2640040759773696,1.00320285E-5,18.95781,0.012101895,0.24658702,0.0054496448,0.027073868,0.009759103,0.191571,0.04705296,0.73153824,0.004866517,0.018275304,0.0048414,0.44039276,0.3301941,null,null,null,null,"TWOGAUSSIANS",8,3.4361494,0.73153824,0.004866517,0.102341704,0.02711184,0.44039276,0.3301941,0.24658702,0.0054496448,0.15161365,0.054650977,0.191571,0.04705296
375316653866487564,4053775371663804672,0.57713866,2248.9805300974876,3.5781223460015203,1.1047413E-5,18.864374,0.0148517415,0.16890971,0.0035757397,0.069548704,0.0044360235,0.5717582,0.024731874,0.682174,0.0025934135,0.07058613,0.004468062,0.5900691,0.047443565,null,null,null,null,"TWOGAUSSIANS",8,2.408682,0.682174,0.0025934135,0.39528233,0.019057475,0.58864975,0.047992203,0.16890971,0.0035757397,0.38947275,0.024841733,0.57033885,0.024592586
375316653866487564,4053775474740596096,0.5400689,2190.9656642924756,2.5835846429906537,3.1808075E-5,19.037313,0.018649371,0.2632446,0.0028297962,0.082172275,0.0056877425,0.44572175,0.033371545,0.7779998,0.010446667,0.07827981,0.012078162,0.39416248,0.022033913,null,null,null,null,"TWOGAUSSIANS",8,3.5530884,0.2632446,0.0028297962,0.4,0.0,0.4408353,0.032470386,0.7779998,0.010446667,0.4,0.0,0.38927603,0.02042863
375316653866487564,4053776844783979904,0.61489064,2283.3210522725904,0.6521940123471194,1.0812401E-4,17.333248,0.0021782524,0.07907721,0.006176145,0.0073529114,0.0032407655,0.039562464,0.02905874,0.4747874,1.7265594E-4,0.033155028,5.0078257E-4,0.3183819,0.0015135817,null,null,null,null,"TWOGAUSSIANS",8,2.3077881,0.4747874,1.7265594E-4,0.18566816,0.0028043825,0.3183819,0.0015135817,0.07907721,0.006176145,0.041176304,0.018148286,0.039562464,0.02905874
375316653866487564,4053776883486553728,0.59737015,2262.694940999717,1.6778490179788776,6.313442E-6,17.635298,0.012968913,0.23649482,0.0046876823,0.07594562,0.007661705,0.26347908,0.01511393,0.74183875,0.0019231403,0.08131551,0.003935477,0.3686723,0.012637219,null,null,null,null,"TWOGAUSSIANS",8,6.0309434,0.74183875,0.0019231403,0.4,0.0,0.36508846,0.011129447,0.23649482,0.0046876823,0.4,0.0,0.25989527,0.014941135
375316653866487564,4053777433243337472,0.6309195,2263.7579204342455,2.7361378655857473,6.734483E-6,17.277521,0.014975357,0.302001,0.004216632,0.037500653,0.010599719,0.17487948,0.03083033,0.8055838,0.0068655116,0.04107557,0.009386052,0.11686488,0.02922296,0.13918965,0.016101845,0.302001,0.004216632,"TWOGAUSSIANS_WITH_ELLIPSOIDAL_ON_ECLIPSE1",9,6.6283593,0.302001,0.004216632,0.21000366,0.05935843,0.45325872,0.006189275,0.8055838,0.006243146,0.23002319,0.052561894,0.3951031,0.010497452
375316653866487564,4053778017377927936,0.5541649,2251.1988984910968,0.888267531801907,1.6478833E-4,16.61595,0.0032780592,0.21110408,0.048222233,0.07378963,0.037716445,0.055328585,0.060379054,0.8738214,0.019584432,0.0425662,0.010427009,0.40195596,0.35322958,null,null,null,null,"TWOGAUSSIANS",8,8.36307,0.8738214,0.019578744,0.2383707,0.05839125,0.40195754,0.35327944,0.21110408,0.048222233,0.4,0.03641616,0.055328563,0.060380362
375316653866487564,4053778390971335424,0.6250791,2263.3787358099694,2.957948748316015,9.0609465E-6,17.899197,0.005831838,0.2883161,0.0036243952,0.0765108,0.003594228,0.47751147,0.009166842,0.79753065,0.0029278637,0.075940564,0.002563649,0.42761815,0.01012878,null,null,null,null,"TWOGAUSSIANS",8,4.024702,0.2883161,0.0036243952,0.4,0.0,0.47409585,0.008912486,0.79753065,0.0029278637,0.4,0.0,0.42420253,0.009675569
375316653866487564,4053778842012648576,0.5045662,2291.8474094974727,0.8546378285973483,4.342179E-5,14.19874,0.0012312412,0.3105661,0.011448504,0.097039744,0.011590497,0.030659445,0.003480089,0.76916313,0.005113116,0.0767084,0.006390252,0.032322746,0.0022033195,null,null,null,null,"TWOGAUSSIANS",8,5.661115,0.76916313,0.005113116,0.4,0.0,0.03183804,0.0021276474,0.3105661,0.011448504,0.4,0.0,0.030174302,0.0034278994
375316653866487564,4053779219948914048,0.55029863,2297.5335413905273,1.0023930295192964,9.727708E-5,18.584166,0.0037973917,0.3297249,0.0034216011,0.04065229,0.003232944,0.2943319,0.007600391,0.83565885,0.0034805443,0.03488211,0.003409922,0.28381506,0.011497428,null,null,null,null,"TWOGAUSSIANS",8,2.7820225,0.3297249,0.0034216011,0.22765282,0.018104486,0.2943319,0.007600391,0.83565885,0.0034805443,0.19533981,0.019095562,0.28381506,0.011497428
375316653866487564,4053779323047984768,0.45739874,2234.4614912772527,2.0955943820945238,2.6245829E-5,19.691877,0.011897975,0.1539205,0.018410219,0.0738952,0.024481688,0.24318306,0.18861495,0.6342961,0.032699272,0.053862978,0.0244593,0.27913097,0.42712373,null,null,null,null,"TWOGAUSSIANS",8,1.6147969,0.6342961,0.032699272,0.30163267,0.13697208,0.27900097,0.42727172,0.1539205,0.018410219,0.4,0.11178121,0.24305303,0.18878382
375316653866487564,4053779769705768960,0.4704479,2259.1268724888737,0.4610063014405891,4.4816345E-5,19.03305,0.036248248,0.13281515,0.041198034,0.05389645,0.0574088,0.12503572,0.018166801,0.6473581,0.020538151,0.09369515,0.030916244,0.15434404,0.036542095,null,null,null,null,"TWOGAUSSIANS",8,2.3934014,0.6473581,0.020538151,0.4,0.0,0.15371251,0.021634316,0.13281515,0.041254193,0.30182013,0.11303354,0.12440445,0.009063378
375316653866487564,4053780899244056192,0.65382916,2314.8485506243806,2.691261322255998,8.507291E-6,16.852448,0.0119318245,0.31008798,0.0017377107,0.04831023,0.003215285,0.30013946,0.031065375,0.8081024,0.0022142443,0.052872855,0.00550219,0.26042354,0.028771149,0.0914215,0.018796606,0.31008798,0.0017377107,"TWOGAUSSIANS_WITH_ELLIPSOIDAL_ON_ECLIPSE1",9,8.30883,0.31008798,0.0017377107,0.2705373,0.018005595,0.48297894,0.012010247,0.80837244,0.0018511212,0.296088,0.030812263,0.44323838,0.014961499
375316653866487564,4053780933599351424,0.56109846,2255.092872368726,0.9466112116054117,8.3269544E-5,14.338601,0.002770337,0.13862206,0.005819459,0.039639704,0.008846518,0.209952,0.12591699,0.71118337,0.010608571,0.02985715,0.027129272,0.20725136,3764801.0,null,null,null,null,"TWOGAUSSIANS",8,41.182198,0.13862206,0.005819459,0.22198234,0.0495405,0.209952,0.12591699,0.71118337,0.010608571,0.16720004,0.15192392,0.20725136,3764801.0
