Gaia/vari_eclipsing_binary/VariEclipsingBinary_471262-471276.csv
# %ECSV 1.0
# ---
# delimiter: ','
# meta: !!omap
# - RELEASE: Gaia DR3
# - TABLE: vari_eclipsing_binary
# - DESCRIPTION: >
#     This table describes the properties of the eclipsing binaries resulting from the variability analysis. 
# - CITATION: >
#     How to cite and acknowledge Gaia: 
#     https://gea.esac.esa.int/archive/documentation/credits.html 
# - KNOWN_ISSUES: >
#     Known issues: 
#     https://www.cosmos.esa.int/web/gaia-users/known-issues 
# - DOCUMENTATION: >
#     Tutorials and documentation: 
#     https://www.cosmos.esa.int/web/gaia-users/archive 
# datatype:
# - 
#   name: solution_id
#   datatype: int64
#   description: Solution Identifier
#   meta:
#     ucd: meta.version
# - 
#   name: source_id
#   datatype: int64
#   description: Unique source identifier
#   meta:
#     ucd: meta.id;meta.main
# - 
#   name: global_ranking
#   datatype: float32
#   description: Number between 0 (worst) and 1 (best)
#   meta:
#     ucd: stat.param
# - 
#   name: reference_time
#   datatype: float64
#   unit: d
#   description: Reference time used for the geometric model fit
#   meta:
#     ucd: time.epoch
# - 
#   name: frequency
#   datatype: float64
#   unit: d**-1
#   description: Frequency of geometric model of the eclipsing binary light curve
#   meta:
#     ucd: src.orbital
# - 
#   name: frequency_error
#   datatype: float32
#   unit: d**-1
#   description: "Uncertainty of \\texttt{frequency}"
#   meta:
#     ucd: stat.error
# - 
#   name: geom_model_reference_level
#   datatype: float32
#   unit: mag
#   description: Magnitude reference level of geometric model
#   meta:
#     ucd: phot.mag;em.opt
# - 
#   name: geom_model_reference_level_error
#   datatype: float32
#   unit: mag
#   description: "Uncertainty of \\texttt{geomModelReferenceLevel}"
#   meta:
#     ucd: stat.error;phot.mag;em.opt
# - 
#   name: geom_model_gaussian1_phase
#   datatype: float32
#   description: Phase of the Gaussian 1 component
#   meta:
#     ucd: time.phase
# - 
#   name: geom_model_gaussian1_phase_error
#   datatype: float32
#   description: "Uncertainty of \\texttt{geomModelGaussian1Phase}"
#   meta:
#     ucd: stat.error;time.phase
# - 
#   name: geom_model_gaussian1_sigma
#   datatype: float32
#   description: "Standard deviation [phase] of Gaussian 1 component"
#   meta:
#     ucd: stat.stdev
# - 
#   name: geom_model_gaussian1_sigma_error
#   datatype: float32
#   description: "Uncertainty of \\texttt{geomModelGaussian1Sigma}"
#   meta:
#     ucd: stat.error
# - 
#   name: geom_model_gaussian1_depth
#   datatype: float32
#   unit: mag
#   description: Magnitude depth of Gaussian 1 component
#   meta:
#     ucd: src.var.amplitude
# - 
#   name: geom_model_gaussian1_depth_error
#   datatype: float32
#   unit: mag
#   description: "Uncertainty of \\texttt{geomModelGaussian1Depth}"
#   meta:
#     ucd: stat.error;src.var.amplitude
# - 
#   name: geom_model_gaussian2_phase
#   datatype: float32
#   description: Phase of Gaussian 2 component
#   meta:
#     ucd: time.phase
# - 
#   name: geom_model_gaussian2_phase_error
#   datatype: float32
#   description: "Uncertainty of \\texttt{geomModelGaussian2Phase}"
#   meta:
#     ucd: stat.error;time.phase
# - 
#   name: geom_model_gaussian2_sigma
#   datatype: float32
[...]
#   datatype: float32
#   description: "Secondary eclipse: uncertainty of \\texttt{derivedSecondaryEclDuration}"
#   meta:
#     ucd: stat.error;time.duration
# - 
#   name: derived_secondary_ecl_depth
#   datatype: float32
#   unit: mag
#   description: "Secondary eclipse: depth"
#   meta:
#     ucd: src.var.amplitude
# - 
#   name: derived_secondary_ecl_depth_error
#   datatype: float32
#   unit: mag
#   description: "Secondary eclipse: uncertainty of \\texttt{derivedSecondaryEclDepth}"
#   meta:
#     ucd: stat.error;src.var.amplitude
solution_id,source_id,global_ranking,reference_time,frequency,frequency_error,geom_model_reference_level,geom_model_reference_level_error,geom_model_gaussian1_phase,geom_model_gaussian1_phase_error,geom_model_gaussian1_sigma,geom_model_gaussian1_sigma_error,geom_model_gaussian1_depth,geom_model_gaussian1_depth_error,geom_model_gaussian2_phase,geom_model_gaussian2_phase_error,geom_model_gaussian2_sigma,geom_model_gaussian2_sigma_error,geom_model_gaussian2_depth,geom_model_gaussian2_depth_error,geom_model_cosine_half_period_amplitude,geom_model_cosine_half_period_amplitude_error,geom_model_cosine_half_period_phase,geom_model_cosine_half_period_phase_error,model_type,num_model_parameters,reduced_chi2,derived_primary_ecl_phase,derived_primary_ecl_phase_error,derived_primary_ecl_duration,derived_primary_ecl_duration_error,derived_primary_ecl_depth,derived_primary_ecl_depth_error,derived_secondary_ecl_phase,derived_secondary_ecl_phase_error,derived_secondary_ecl_duration,derived_secondary_ecl_duration_error,derived_secondary_ecl_depth,derived_secondary_ecl_depth_error
[from data line 150]
375316653866487564,4145301880607189504,0.6407184,2291.7593296299574,1.86462576944134,1.3198656E-5,18.225239,0.005126909,0.31660247,0.0073934724,0.0702642,0.0049272045,0.39421386,0.007085884,0.8264497,0.0024386712,0.06926505,0.0027287586,0.30061764,0.012592648,null,null,null,null,"TWOGAUSSIANS",8,1.3539909,0.31660247,0.0073934724,0.3934795,0.019494204,0.3933454,0.0072128526,0.8264497,0.0024386712,0.3878843,0.015281049,0.29974917,0.012624952
375316653866487564,4145302082465573120,0.57347536,2224.463909643634,3.957505155781752,1.16427545E-5,17.156761,0.07885051,0.30166245,0.005080035,0.13039163,0.029238855,0.20866874,0.076951794,0.7846178,0.005480565,0.12791653,0.028073115,0.18560591,0.074708626,null,null,null,null,"TWOGAUSSIANS",8,3.5648584,0.30189243,0.004694961,0.4,0.0,0.15577215,0.006107544,0.7846178,0.005480565,0.4,0.0,0.13280681,0.011227938
375316653866487564,4145302254264472064,0.5719334,2302.7921941238997,1.1363693575381595,4.0800445E-5,18.171947,0.012384344,0.2538033,0.006445643,0.08162669,0.007074967,0.27761278,0.01843187,0.7661195,0.012596149,0.09910594,0.0209719,0.13189405,0.023360146,null,null,null,null,"TWOGAUSSIANS",8,2.0740895,0.2538033,0.0064452365,0.4,0.0,0.27110106,0.016750105,0.7661195,0.012596149,0.4,0.0,0.1253814,0.026311308
375316653866487564,4145302357343649536,0.60639954,2267.750528758637,1.1436324249180052,9.937517E-6,15.914038,0.011564062,0.29535353,0.0013865542,0.0463219,0.0026135063,0.7264774,0.04376337,0.7976823,0.0027945691,0.024371065,0.010326932,0.6630384,3.9031656,0.12623872,0.014873536,0.29535353,0.0013865542,"TWOGAUSSIANS_WITH_ELLIPSOIDAL_ON_ECLIPSE1",9,123.39822,0.29535353,0.0013865542,0.25940263,0.014635636,0.97895414,0.047244005,0.7976823,0.0027945691,0.13647798,0.057830818,0.9154611,3.901845
375316653866487564,4145302464722614272,0.49975005,2219.5987017209495,3.133319254280585,2.3424418E-5,19.096525,0.07126001,0.16483639,0.008454787,0.10744172,0.024382712,0.1973753,0.07222408,0.6971323,0.028521111,0.11572479,0.055025056,0.16017203,0.06420821,null,null,null,null,"TWOGAUSSIANS",8,1.190465,0.1647564,0.008028908,0.4,0.0,0.1768809,0.023541838,0.6971823,0.028580606,0.4,0.0,0.13964412,0.02197153
375316653866487564,4145302670966564992,0.5316593,2240.6250305066114,2.2587111873998276,2.1925163E-5,18.94959,0.010956154,0.23287886,0.0030900564,0.080989204,0.0040174746,0.44510388,0.009612084,0.7454378,0.0076953745,0.07529389,0.010642764,0.44705862,0.019433426,null,null,null,null,"TWOGAUSSIANS",8,5.0398226,0.7454378,0.0076953745,0.4,2.2917551E-4,0.4429435,0.018116666,0.23287886,0.0030900564,0.4,0.0,0.44098878,0.008140907
375316653866487564,4145302670966578176,0.4530845,2223.7787098744607,1.0403223712013714,1.9048368E-5,19.577036,0.09046635,0.4960604,0.05563531,0.27549234,0.11453723,0.21445929,0.09019913,0.8145911,0.004488179,0.037505936,0.002106664,0.45484886,0.046393488,null,null,null,null,"TWOGAUSSIANS",8,5.2916775,0.8145911,0.004488179,0.21003324,0.011797319,0.4921996,0.042017654,0.4960604,0.05563531,0.4,0.0,0.13242379,0.00942539
375316653866487564,4145303083283506560,0.4891723,2240.997711930966,2.54172957800682,1.39117965E-5,18.248972,0.0044390066,null,null,null,null,null,null,null,null,null,null,null,null,0.08350037,0.008754333,0.28547144,0.0051867953,"ELLIPSOIDAL",4,4.66578,null,null,null,null,null,null,null,null,null,null,null,null
375316653866487564,4145303113258146560,0.60137045,2245.7205032669026,1.7425728549685866,7.272966E-6,17.174742,0.008551699,0.291652,0.0035865905,0.08088112,0.007067804,0.1804462,0.007879445,0.78231084,0.0029888807,0.08226828,0.006726854,0.3773157,0.03351576,null,null,null,null,"TWOGAUSSIANS",8,5.410332,0.78231084,0.0029888807,0.4,0.0,0.37334096,0.036149025,0.291652,0.0035865905,0.4,0.0,0.17647146,0.0057206647
375316653866487564,4145303319440495488,0.53034216,2245.8892825804774,0.3149871701020247,2.1203046E-4,18.80476,0.020048203,0.73877,0.023332095,0.056934617,0.01503214,0.32802176,0.17412256,0.38720185,0.05366719,0.07654934,0.026370905,0.81806463,0.40255547,null,null,null,null,"TWOGAUSSIANS",8,10.711059,0.38720185,0.05366719,0.4,0.0,0.8180564,0.4028066,0.73876,0.023170399,0.31883386,0.08417998,0.32803506,0.17524238
375316653866487564,4145303461156241408,0.46534678,2207.3105666698616,0.28213402871504534,7.472119E-5,19.157871,0.069780715,0.21093245,0.014398661,0.089382686,0.017209295,0.35972887,0.081571855,0.6744819,0.014564276,0.11267263,0.026307566,0.36593038,0.06596357,null,null,null,null,"TWOGAUSSIANS",8,9.292834,0.6744819,0.014564276,0.4,0.0,0.34468833,0.03586257,0.21099244,0.014401278,0.4,0.0,0.33856797,0.056965046
375316653866487564,4145303976553917184,0.5177568,2270.4898205574564,2.284683327282893,8.662973E-5,19.340033,0.042493533,0.26459146,0.006934669,0.07797637,0.020940598,0.4767953,0.14555566,0.76035476,0.011974439,0.07263533,0.017301064,0.47489357,0.13329507,null,null,null,null,"TWOGAUSSIANS",8,5.240665,0.26459146,0.006934669,0.4,0.0,0.47329292,0.15280713,0.76035476,0.011974439,0.4,0.043464582,0.47139123,0.13585226
375316653866487564,4145304732468516352,0.5395863,2223.2382172058415,0.19443444980952726,6.24327E-5,19.58605,0.0047733453,0.30853373,0.004105923,0.06737893,0.00828859,0.27604634,0.012498733,0.7490562,0.020309027,0.08323949,0.012333773,0.21167743,0.028110975,null,null,null,null,"TWOGAUSSIANS",8,1.1351224,0.30853373,0.004105923,0.37732202,0.046416104,0.2755692,0.012622213,0.7490562,0.020309027,0.4,0.0,0.21120015,0.027967483
375316653866487564,4145305007347110016,0.50866604,2242.3547323163552,0.2624797658746881,6.302197E-5,19.172361,0.09861934,0.24447753,0.038356014,0.06370514,0.05976793,0.16391681,0.11202081,0.70914644,0.013927559,0.10376328,0.039781228,0.18868712,0.09801345,null,null,null,null,"TWOGAUSSIANS",8,1.1842282,0.70914644,0.013926592,0.4,0.0,0.18659088,0.0136186415,0.24448752,0.03840125,0.35674876,0.08366405,0.16182923,0.026642062
375316653866487564,4145305076066754432,0.51993275,2223.0350188816506,1.7065415033620142,1.9343226E-5,19.047049,0.03797338,0.2944907,0.009268282,0.10278511,0.025278933,0.26377803,0.034315772,0.8109652,0.009959147,0.08501221,0.024745146,0.26991567,0.30026993,null,null,null,null,"TWOGAUSSIANS",8,1.7788619,0.8109652,0.009957818,0.4,0.03925312,0.25783896,0.30801514,0.2944907,0.009268282,0.4,0.0,0.25169638,0.03112837
375316653866487564,4145305179146259968,0.48795205,2287.1195336645746,0.1052532628297199,6.6929664E-5,19.791048,0.0070375362,0.23987083,0.0044813603,0.056231715,0.008413111,0.32765624,0.016700855,0.70548576,9.257396E-4,0.05323692,0.01923783,0.27408072,0.023906723,null,null,null,null,"TWOGAUSSIANS",8,2.6045873,0.23987083,0.0044813603,0.3148976,0.047113422,0.32765222,0.016722102,0.70548576,9.257396E-4,0.29812676,0.09567395,0.2740767,0.02398726
375316653866487564,4145305209213862016,0.5822645,2288.3228150851946,2.462542702800055,6.7978262E-6,18.022676,0.017386861,0.24090338,0.0034431175,0.08761085,0.0068894383,0.31594095,0.017823737,0.7478917,0.008586599,0.10153172,0.0139132,0.23372029,0.015471671,null,null,null,null,"TWOGAUSSIANS",8,2.0157535,0.24090338,0.0034428101,0.4,0.0,0.30124456,0.0147529105,0.7478917,0.008586599,0.4,0.0,0.21902129,0.01480354
375316653866487564,4145305312293105920,0.43135142,2270.5036290723,0.030669859907797064,3.7177808E-5,17.811926,0.14123355,null,null,null,null,null,null,null,null,null,null,null,null,0.3590098,0.25572592,0.203981,0.009454453,"ELLIPSOIDAL",4,313.80072,null,null,null,null,null,null,null,null,null,null,null,null
375316653866487564,4145305484091799680,0.48527324,2266.332583919852,2.5340826455515466,6.397996E-5,18.563879,0.007965539,0.2483567,0.009093244,0.007844371,0.016048513,0.18467084,10843.746,0.8775289,0.04826137,0.040329635,0.025917433,0.057061657,0.06672537,0.080620684,0.010890539,0.2483567,0.009093244,"TWOGAUSSIANS_WITH_ELLIPSOIDAL_ON_ECLIPSE1",9,11.301207,0.2483567,0.009093244,0.043928474,0.089871675,0.3459121,10843.746,0.8775289,0.04826137,0.22584596,0.14513762,0.13345723,0.09681599
375316653866487564,4145305484091803136,0.46984407,2269.823699523644,0.3461312691010712,2.3953287E-5,15.519631,0.030552858,0.27952987,0.01202987,0.084258474,0.035497535,0.20814489,0.1068747,0.79179066,0.005593674,0.060448658,0.013590621,0.20828737,0.028633902,null,null,null,null,"TWOGAUSSIANS",8,126.21237,0.79179066,0.005593674,0.33851248,0.07610748,0.20750757,0.027970323,0.27952987,0.01202987,0.4,0.09125849,0.20736507,0.108256966
375316653866487564,4145305518451551360,0.45803824,2247.7785686736684,0.19714416784702296,3.656925E-5,18.995922,0.010327859,0.57847196,0.0058153723,0.047423445,0.0065985685,0.16016252,0.02149345,0.8374105,0.029520681,0.09354847,0.019988768,0.06245611,0.013766541,null,null,null,null,"TWOGAUSSIANS",8,2.7097828,0.57904196,0.0056508286,0.2655713,0.036951985,0.1615286,0.021061096,0.8374105,0.029520681,0.4,0.0,0.06245599,0.0137672275
375316653866487564,4145305625904347520,0.49389118,2261.7556394142703,1.974437540918047,2.8491522E-5,17.79957,0.12713861,0.2579811,0.01042358,0.13142571,0.04756109,0.26990956,0.12247207,0.76942545,0.0063087097,0.106679276,0.031784017,0.2560547,0.12132733,null,null,null,null,"TWOGAUSSIANS",8,6.665366,0.2579711,0.010370873,0.4,0.0,0.21774998,0.021229945,0.76958543,0.0065293177,0.4,0.0,0.20429406,0.022268103
375316653866487564,4145305728902251264,0.452426,2257.5131669453554,0.9413637308747161,2.7145756E-5,18.618776,0.21590786,0.089162566,0.009718776,0.072145805,0.013432389,0.11372717,0.048127197,0.59221184,0.011211424,0.18771113,0.12295311,0.20302479,0.19755307,null,null,null,null,"TWOGAUSSIANS",8,4.709247,0.59221184,0.011211424,0.4,0.0,0.15484074,0.022716206,0.08885256,0.010508202,0.4,0.050091803,0.0772453,0.014062044
375316653866487564,4145305827677651328,0.5773882,2261.3075823183954,0.5784090004769823,2.5730016E-5,18.903822,0.00875358,0.22674337,6.226858E-5,0.012070684,1.9814643E-4,0.9508311,0.023809653,0.73118514,1.0012538E-5,0.014910329,1.7892022E-4,0.7673459,0.005972411,null,null,null,null,"TWOGAUSSIANS",8,5.109664,0.22674337,6.226858E-5,0.067595825,0.00110962,0.9508311,0.023809653,0.73118514,1.0012538E-5,0.08349784,0.0010019533,0.7673459,0.005972411
375316653866487564,4145306141219649152,0.50242466,2237.3221638268737,3.0990387185670136,1.3827623E-5,19.345575,0.08927924,0.29133216,0.020362208,0.06154388,0.0808591,0.24097231,0.027628757,0.7821654,0.004658807,0.09195129,0.03161201,0.22273442,0.0758666,null,null,null,null,"TWOGAUSSIANS",8,1.8551068,0.29133216,0.020367062,0.34464574,0.07796183,0.23913848,0.09763815,0.7821654,0.004658807,0.4,0.0,0.22090042,0.021348558
375316653866487564,4145306205634693120,0.50837094,2224.6231979811446,1.244933563938042,2.0894904E-5,18.665432,0.120102935,0.2627626,0.008763465,0.09497103,0.026187766,0.17789957,0.10626914,0.77410746,0.009066784,0.11815004,0.07002196,0.13196105,0.11600772,null,null,null,null,"TWOGAUSSIANS",8,1.4318074,0.2627426,0.008084628,0.4,0.0,0.161199,0.014581475,0.77410746,0.00909881,0.4,0.0,0.11522411,0.01121883
375316653866487564,4145306892830001920,0.5980924,2211.794125581399,0.8077282904021862,1.0462579E-5,17.009415,0.032867555,0.19100411,0.005701726,0.11305992,0.025043814,0.19299093,0.024276083,0.6798063,0.0021650952,0.092459984,0.009607979,0.25254974,0.031480428,null,null,null,null,"TWOGAUSSIANS",8,3.568237,0.6798063,0.0021650952,0.4,0.0,0.2330206,0.012494574,0.19100411,0.005701726,0.4,0.0,0.17343819,0.021910721
375316653866487564,4145306931574321024,0.6573929,2228.846853726405,2.115577037015889,7.3308543E-6,16.60338,0.011629987,0.22486314,0.0020109068,0.094138846,0.004236295,0.36640579,0.01181748,0.7267241,0.0037210223,0.088017456,0.005796997,0.41858014,0.012116788,null,null,null,null,"TWOGAUSSIANS",8,5.7510557,0.7267241,0.0037210223,0.4,0.0,0.40103915,0.01168582,0.22486314,0.0020109068,0.4,0.0,0.34886432,0.0068190955
375316653866487564,4145306995909081472,0.5974651,2225.0425352287816,3.3656331449071533,1.001999E-5,16.435102,0.006773986,0.23820655,0.003681619,0.021799518,0.021228926,0.1677617,0.16017812,0.7591641,0.01253467,0.042518105,0.0125888735,0.17015924,0.023077482,0.09629585,0.011020006,0.23820655,0.003681619,"TWOGAUSSIANS_WITH_ELLIPSOIDAL_ON_ECLIPSE1",9,19.721773,0.23820655,0.003681619,0.12207729,0.11888199,0.36035296,0.1590828,0.7591641,0.01253467,0.23810138,0.07049769,0.35943025,0.017896319
375316653866487564,4145307103373086336,0.6328318,2255.02782696675,3.651391232896412,1.5497379E-5,15.284705,0.035514582,0.17257644,0.022088896,0.038168877,0.022282813,1.5930939,9.468117,0.7384587,0.0041318852,0.05160665,0.012238527,0.4401669,0.059967246,0.08746303,0.039758768,0.7384587,0.0041318852,"TWOGAUSSIANS_WITH_ELLIPSOIDAL_ON_ECLIPSE2",9,76.02419,0.17330644,0.02468609,0.21374571,0.12478375,1.7400124,9.4680805,0.7384587,0.0041318852,0.28899723,0.068535745,0.6150894,0.030760715
375316653866487564,4145307206370089472,0.5423756,2279.8755298549863,2.3458030908994867,5.9331174E-5,18.542969,0.010572234,0.24532165,0.0027280203,0.06412988,0.005880721,0.27506644,0.010683133,0.7613296,0.0023634534,0.075441934,0.015075481,0.2659445,0.05173079,null,null,null,null,"TWOGAUSSIANS",8,4.0170774,0.24532165,0.0027280203,0.35912734,0.032932036,0.2744871,0.010353204,0.7613296,0.0023634534,0.4,0.0,0.2653652,0.05320424
375316653866487564,4145307240730135168,0.50532055,2301.534888153875,1.5904339872965374,3.2577467E-5,18.325764,0.24518798,0.28837702,0.014517443,0.13039696,0.0882314,0.22138655,0.22651616,0.77170724,0.010175377,0.11773242,0.045982447,0.33191577,0.21800381,null,null,null,null,"TWOGAUSSIANS",8,6.2532105,0.77170724,0.010175377,0.4,0.0,0.2714992,0.019867579,0.288507,0.013971042,0.4,0.0,0.16074824,0.031275693
375316653866487564,4145307549968835456,0.50527656,2248.8070794762293,2.3682174660531543,2.7649447E-5,18.766556,0.08520927,0.3088826,0.01165165,0.09886017,0.030478565,0.31920168,0.07178889,0.79675823,0.0071802456,0.11172178,0.02820431,0.28203022,0.08316033,null,null,null,null,"TWOGAUSSIANS",8,3.9491863,0.30889258,0.011610203,0.4,0.0,0.28826955,0.03569812,0.79675823,0.0071802456,0.4,0.0,0.2510721,0.020542625
375316653866487564,4145307648744317696,0.44118327,2274.144436131334,0.6015934402469514,3.9343766E-5,18.011671,0.012030068,0.31216088,0.007894389,0.060472935,0.017277274,0.1262054,0.032291353,0.80406964,0.0283877,0.09621539,0.033363827,0.10076012,0.02454488,null,null,null,null,"TWOGAUSSIANS",8,9.042845,0.31216088,0.007894159,0.33864844,0.09675274,0.12509687,0.032823235,0.80406964,0.0283877,0.4,0.0,0.0996513,0.025082929
375316653866487564,4145307824845789696,0.52189165,2221.6030075990275,2.447014130660414,4.5614175E-5,19.45813,0.017594969,0.2195723,0.0060115675,0.05448522,0.0064808447,0.5807809,0.0995415,0.67848635,0.007974642,0.08604472,0.016461913,0.5070509,0.19760261,null,null,null,null,"TWOGAUSSIANS",8,2.8503094,0.2195723,0.0060115675,0.30511725,0.03629273,0.580154,0.09989675,0.67848635,0.007974642,0.4,0.0,0.50642365,0.19863826
375316653866487564,4145307854914535424,0.5856278,2244.3745875294317,1.525383897968199,1.4717655E-5,16.532095,0.0084905755,0.24845104,0.0040378617,0.09234921,0.00706459,0.14993136,0.007936376,0.7564767,0.0024179562,0.09332783,0.0066258344,0.16997801,0.0072087892,null,null,null,null,"TWOGAUSSIANS",8,4.6539335,0.7564767,0.0024179562,0.4,0.0,0.1624161,0.004211036,0.24845104,0.0040378617,0.4,0.0,0.14236952,0.00505364
375316653866487564,4145308026725077376,0.5216489,2224.9374206406924,0.28227206338085126,1.5886399E-5,19.308062,0.42649996,0.21736728,0.0083399685,0.10277494,0.03703306,0.6155131,0.37920174,0.70827496,0.022936873,0.13033946,0.06871195,0.48461932,0.42481783,null,null,null,null,"TWOGAUSSIANS",8,2.7684684,0.21744728,0.007535299,0.4,0.0,0.5183476,0.05175624,0.70827496,0.022936873,0.4,0.0,0.38682482,0.048791617
