Gaia/vari_eclipsing_binary/VariEclipsingBinary_315969-318482.csv
# %ECSV 1.0
# ---
# delimiter: ','
# meta: !!omap
# - RELEASE: Gaia DR3
# - TABLE: vari_eclipsing_binary
# - DESCRIPTION: >
#     This table describes the properties of the eclipsing binaries resulting from the variability analysis. 
# - CITATION: >
#     How to cite and acknowledge Gaia: 
#     https://gea.esac.esa.int/archive/documentation/credits.html 
# - KNOWN_ISSUES: >
#     Known issues: 
#     https://www.cosmos.esa.int/web/gaia-users/known-issues 
# - DOCUMENTATION: >
#     Tutorials and documentation: 
#     https://www.cosmos.esa.int/web/gaia-users/archive 
# datatype:
# - 
#   name: solution_id
#   datatype: int64
#   description: Solution Identifier
#   meta:
#     ucd: meta.version
# - 
#   name: source_id
#   datatype: int64
#   description: Unique source identifier
#   meta:
#     ucd: meta.id;meta.main
# - 
#   name: global_ranking
#   datatype: float32
#   description: Number between 0 (worst) and 1 (best)
#   meta:
#     ucd: stat.param
# - 
#   name: reference_time
#   datatype: float64
#   unit: d
#   description: Reference time used for the geometric model fit
#   meta:
#     ucd: time.epoch
# - 
#   name: frequency
#   datatype: float64
#   unit: d**-1
#   description: Frequency of geometric model of the eclipsing binary light curve
#   meta:
#     ucd: src.orbital
# - 
#   name: frequency_error
#   datatype: float32
#   unit: d**-1
#   description: "Uncertainty of \\texttt{frequency}"
#   meta:
#     ucd: stat.error
# - 
#   name: geom_model_reference_level
#   datatype: float32
#   unit: mag
#   description: Magnitude reference level of geometric model
#   meta:
#     ucd: phot.mag;em.opt
# - 
#   name: geom_model_reference_level_error
#   datatype: float32
#   unit: mag
#   description: "Uncertainty of \\texttt{geomModelReferenceLevel}"
#   meta:
#     ucd: stat.error;phot.mag;em.opt
# - 
#   name: geom_model_gaussian1_phase
#   datatype: float32
#   description: Phase of the Gaussian 1 component
#   meta:
#     ucd: time.phase
# - 
#   name: geom_model_gaussian1_phase_error
#   datatype: float32
#   description: "Uncertainty of \\texttt{geomModelGaussian1Phase}"
#   meta:
#     ucd: stat.error;time.phase
# - 
#   name: geom_model_gaussian1_sigma
#   datatype: float32
#   description: "Standard deviation [phase] of Gaussian 1 component"
#   meta:
#     ucd: stat.stdev
# - 
#   name: geom_model_gaussian1_sigma_error
#   datatype: float32
#   description: "Uncertainty of \\texttt{geomModelGaussian1Sigma}"
#   meta:
#     ucd: stat.error
# - 
#   name: geom_model_gaussian1_depth
#   datatype: float32
#   unit: mag
#   description: Magnitude depth of Gaussian 1 component
#   meta:
#     ucd: src.var.amplitude
# - 
#   name: geom_model_gaussian1_depth_error
#   datatype: float32
#   unit: mag
#   description: "Uncertainty of \\texttt{geomModelGaussian1Depth}"
#   meta:
#     ucd: stat.error;src.var.amplitude
# - 
#   name: geom_model_gaussian2_phase
#   datatype: float32
#   description: Phase of Gaussian 2 component
#   meta:
#     ucd: time.phase
# - 
#   name: geom_model_gaussian2_phase_error
#   datatype: float32
#   description: "Uncertainty of \\texttt{geomModelGaussian2Phase}"
#   meta:
#     ucd: stat.error;time.phase
# - 
#   name: geom_model_gaussian2_sigma
#   datatype: float32
[...]
#   datatype: float32
#   description: "Secondary eclipse: uncertainty of \\texttt{derivedSecondaryEclDuration}"
#   meta:
#     ucd: stat.error;time.duration
# - 
#   name: derived_secondary_ecl_depth
#   datatype: float32
#   unit: mag
#   description: "Secondary eclipse: depth"
#   meta:
#     ucd: src.var.amplitude
# - 
#   name: derived_secondary_ecl_depth_error
#   datatype: float32
#   unit: mag
#   description: "Secondary eclipse: uncertainty of \\texttt{derivedSecondaryEclDepth}"
#   meta:
#     ucd: stat.error;src.var.amplitude
solution_id,source_id,global_ranking,reference_time,frequency,frequency_error,geom_model_reference_level,geom_model_reference_level_error,geom_model_gaussian1_phase,geom_model_gaussian1_phase_error,geom_model_gaussian1_sigma,geom_model_gaussian1_sigma_error,geom_model_gaussian1_depth,geom_model_gaussian1_depth_error,geom_model_gaussian2_phase,geom_model_gaussian2_phase_error,geom_model_gaussian2_sigma,geom_model_gaussian2_sigma_error,geom_model_gaussian2_depth,geom_model_gaussian2_depth_error,geom_model_cosine_half_period_amplitude,geom_model_cosine_half_period_amplitude_error,geom_model_cosine_half_period_phase,geom_model_cosine_half_period_phase_error,model_type,num_model_parameters,reduced_chi2,derived_primary_ecl_phase,derived_primary_ecl_phase_error,derived_primary_ecl_duration,derived_primary_ecl_duration_error,derived_primary_ecl_depth,derived_primary_ecl_depth_error,derived_secondary_ecl_phase,derived_secondary_ecl_phase_error,derived_secondary_ecl_duration,derived_secondary_ecl_duration_error,derived_secondary_ecl_depth,derived_secondary_ecl_depth_error
[from data line 251]
375316653866487564,2799025445159479424,0.43311295,2191.2695926703527,0.9174124950029585,4.7960143E-6,19.131739,0.0048709526,0.27713138,0.0046391916,0.010438917,0.0016476614,1.3890256,2.0372505,0.80162215,0.0124946125,0.027420605,0.024598738,0.06021494,0.02514411,0.038878147,0.009498197,0.27713138,0.0046391916,"TWOGAUSSIANS_WITH_ELLIPSOIDAL_ON_ECLIPSE1",9,5.6795835,0.27713138,0.0046391916,0.058457937,0.009226904,1.4667819,2.0413535,0.80162215,0.0124946125,0.15355538,0.13775294,0.13614449,0.02603595
375316653866487564,2799132647543323520,0.6000289,2148.00597808438,2.1832360620265736,6.3002717E-6,12.567099,0.0031866194,0.22138605,0.0013568861,0.03736658,0.007167281,0.09968041,0.0542346,0.7265453,0.039857514,0.037760764,0.06374418,0.04260997,0.8367784,0.08757835,0.004225976,0.22138605,0.0013568861,"TWOGAUSSIANS_WITH_ELLIPSOIDAL_ON_ECLIPSE1",9,77.90973,0.22138605,0.0013568861,0.20925286,0.040136773,0.27483705,0.055700086,0.7265453,0.03898669,0.21146028,0.3569674,0.21758263,0.8348438
375316653866487564,2799211022106364160,0.49577385,2191.7830174367505,1.1632548503622873,2.3851726E-5,17.059126,0.0045380746,0.084431306,0.0026819834,0.015751978,0.002430413,0.5438465,0.15955085,0.57082987,0.011724692,0.05228484,0.009437738,0.10337781,0.015514054,null,null,null,null,"TWOGAUSSIANS",8,35.004444,0.084431306,0.0026819834,0.088211074,0.013610312,0.5438465,0.15955085,0.57082987,0.011724692,0.29279512,0.05285133,0.10337781,0.015514054
375316653866487564,2799273698564666752,0.5673555,2216.376990636814,1.7919735074449503,1.4377076E-5,16.927946,0.12134941,0.28407153,0.0029818846,0.12865442,0.030013597,0.23385446,0.11541221,0.786501,0.0021339436,0.13762385,0.032077607,0.23173463,0.11766014,null,null,null,null,"TWOGAUSSIANS",8,3.285841,0.28400156,0.0029389148,0.4,0.0,0.15605919,0.0047387877,0.78654104,0.002155403,0.4,0.0,0.15355363,0.005260008
375316653866487564,2799365061108959744,0.5781138,2195.6418625292413,2.236414670524324,3.2358457E-6,14.555073,0.0036068165,0.25666052,0.0011676821,0.044714175,0.006040234,0.05348067,0.0079798605,0.76015276,0.006289457,0.053306725,0.013663917,0.03764774,0.011523121,0.07044175,0.0049967174,0.25666052,0.0011676821,"TWOGAUSSIANS_WITH_ELLIPSOIDAL_ON_ECLIPSE1",9,20.64115,0.25666052,0.0011676821,0.25039938,0.033825308,0.19436358,0.0033490788,0.76015276,0.006289457,0.29851767,0.07651793,0.17846282,0.01079024
375316653866487564,2799413302181622912,0.43816796,2208.1177256602273,4.963383730280854,2.2146338E-5,16.499617,0.0031638073,0.4383521,0.0040646675,0.031162541,0.008456107,0.119994216,0.15064372,0.7493956,0.0063129244,0.008937777,0.0048966007,0.086118825,0.08139261,0.0088603245,0.0050384044,0.7493956,0.0063129244,"TWOGAUSSIANS_WITH_ELLIPSOIDAL_ON_ECLIPSE2",9,26.95626,0.43772212,0.004062444,0.17451024,0.047354203,0.12249998,0.15068208,0.7493956,0.0063129244,0.05005155,0.027420964,0.10383937,0.084557526
375316653866487564,2799446081372094976,0.59338367,2193.2035074956175,4.081633926851244,6.8837126E-6,14.680069,0.017123526,0.28754333,0.012628054,0.09679277,0.01752679,0.34868976,0.014490028,0.77614415,0.0024693627,0.09742689,0.0059654503,0.3251153,0.015090102,null,null,null,null,"TWOGAUSSIANS",8,107.45064,0.28754333,0.012628054,0.4,0.0,0.327671,0.016436746,0.77614415,0.0024693627,0.4,0.0,0.30409637,0.0074687726
375316653866487564,2799477619316611840,0.4796118,2200.324967807195,0.7872933366417653,9.928511E-7,17.323832,0.003090347,0.15794449,0.015153351,0.018082613,0.0042206245,0.2765944,0.22508842,0.6231385,2.3209343E-4,0.0054722363,8.935107E-4,1.2889326,1.5736876,null,null,null,null,"TWOGAUSSIANS",8,14.202127,0.6231385,2.3209343E-4,0.030644525,0.00500366,1.2889326,1.5736876,0.15794449,0.015153351,0.10126264,0.023635497,0.2765944,0.22508842
375316653866487564,2799538818305892224,0.5611915,2181.5045045416027,1.5445469833033618,1.5998787E-5,10.534893,0.0023442516,0.92819554,0.023290517,0.0175331,0.013156518,0.020641414,0.014325726,0.62210304,0.0030936464,0.047711637,0.0024747292,0.2944007,0.031134587,0.0038244785,0.0039439434,0.92819554,0.023290517,"TWOGAUSSIANS_WITH_ELLIPSOIDAL_ON_ECLIPSE1",9,44.81565,0.62210304,0.0030936464,0.26718518,0.013858484,0.2953121,0.031199798,0.92819554,0.023290517,0.09818536,0.073676504,0.028290372,0.01388482
375316653866487564,2799690791428713472,0.5752306,2208.3237946475006,3.4158031701928535,1.1040581E-5,15.931072,0.014678888,0.23404405,0.0024586448,0.09339,0.0072407904,0.23818767,0.011792415,0.73010236,0.0030198148,0.09724733,0.005900849,0.28073165,0.015230894,null,null,null,null,"TWOGAUSSIANS",8,25.440172,0.73010236,0.0030198148,0.4,0.0,0.26500154,0.0110416105,0.23404405,0.0024586448,0.4,0.0,0.22245832,0.0071188686
375316653866487564,2799710234745607296,0.6001214,2249.538027278109,1.4018801773416825,5.0142075E-6,11.863619,0.0017058022,0.21407191,0.0011829665,0.04078947,0.0019169922,0.19906867,0.012776162,0.7201506,0.0020676926,0.033005096,0.0023181357,0.066880375,0.0045227534,0.036521986,0.0027247313,0.21407191,0.0011829665,"TWOGAUSSIANS_WITH_ELLIPSOIDAL_ON_ECLIPSE1",9,44.362465,0.21407191,0.0011829665,0.22842105,0.010735156,0.2721126,0.01325145,0.7201506,0.0020676926,0.18482853,0.01298156,0.1398178,0.003039881
375316653866487564,2799740406891056000,0.57893836,2262.879417105687,0.23706834841171384,3.6636993E-6,12.673026,0.0029723097,0.15110338,7.1838184E-4,0.020721601,6.974329E-4,0.6584008,0.02135718,0.46028355,0.012501412,0.006061221,0.0067134327,0.2179546,47831.848,0.0074447487,0.0042431587,0.46028355,0.012501412,"TWOGAUSSIANS_WITH_ELLIPSOIDAL_ON_ECLIPSE2",9,422.85263,0.15106337,7.1719853E-4,0.11604096,0.0039056242,0.6603675,0.02154872,0.46028355,0.012501412,0.033942837,0.037595224,0.232844,47831.848
375316653866487564,2799791843419277440,0.5227819,2234.824666968823,2.8229187423895006,2.7198435E-5,16.280622,0.00829985,0.27376816,0.007961862,0.03379312,0.011527338,0.12655208,0.020452289,0.76818854,0.0038106653,0.03393519,0.002734878,0.49962577,0.03013216,0.043768067,0.012419393,0.27376816,0.007961862,"TWOGAUSSIANS_WITH_ELLIPSOIDAL_ON_ECLIPSE1",9,121.839966,0.76827854,0.0037385384,0.19003707,0.015315318,0.5870558,0.028944105,0.27376816,0.007961862,0.18924148,0.06455309,0.214088,0.019138044
375316653866487564,2800091181164428544,0.47433808,2229.9425360115433,0.8348920009141809,2.4967505E-5,17.888302,0.0013108746,null,null,null,null,null,null,null,null,null,null,null,null,0.03320154,0.001657917,0.2709137,0.0044157687,"ELLIPSOIDAL",4,1.481074,null,null,null,null,null,null,null,null,null,null,null,null
375316653866487564,2800116126334691712,0.5397269,2165.6443530547776,4.21092228060616,1.5768679E-5,18.030256,0.018591955,0.25332305,0.0056970012,0.08654811,0.01040118,0.31133908,0.019125028,0.7292457,0.0026618491,0.09553744,0.006942639,0.34924105,0.0175153,null,null,null,null,"TWOGAUSSIANS",8,6.6170335,0.7292457,0.0026618491,0.4,0.0,0.33874306,0.013455002,0.25332305,0.0056970012,0.4,0.0,0.30084252,0.019292923
375316653866487564,2800167047466855936,0.6450376,2184.1098060016,3.0055096082245307,5.621219E-6,13.7738085,0.009121278,0.27375978,0.0014471131,0.09507436,0.0032122121,0.38447413,0.008538854,0.77356243,0.0023156903,0.102285825,0.0051211664,0.3330027,0.009341594,null,null,null,null,"TWOGAUSSIANS",8,54.508327,0.27375978,0.0014471131,0.4,0.0,0.35577235,0.0039111455,0.77356243,0.0023156903,0.4,0.0,0.30429736,0.011134915
375316653866487564,2800235079748751488,0.6628172,2181.8393046743927,3.577213175690061,3.0462274E-6,17.44463,0.007977791,0.19413663,9.7120885E-4,0.063186914,0.0042640087,0.18139058,0.019343233,0.6937002,0.0010670021,0.057480797,0.0032284493,0.24211456,0.015693892,0.09492284,0.010052625,0.19413663,9.7120885E-4,"TWOGAUSSIANS_WITH_ELLIPSOIDAL_ON_ECLIPSE1",9,1.9356574,0.6937702,8.359079E-4,0.32189247,0.018079316,0.43186873,0.0068457536,0.19413663,9.7120885E-4,0.35384673,0.02387845,0.37114596,0.013311026
375316653866487564,2800287856307078400,0.57654375,2188.45066757716,0.4115219903912307,3.4040408E-5,17.876396,0.0021557335,0.38961166,1.7969537E-4,0.017183557,1.1002677E-4,0.8638365,0.0034262862,0.6953841,0.0363422,0.018273594,0.010600268,0.014249075,2.753688,null,null,null,null,"TWOGAUSSIANS",8,6.200263,0.38961166,1.7969537E-4,0.09622792,6.161499E-4,0.8638365,0.0034262862,0.6953841,0.0363422,0.10233213,0.059361503,0.014249075,2.753688
375316653866487564,2800289711732879488,0.5444531,2186.513599959813,4.4109998079522,8.551615E-6,17.863636,0.016750816,0.28671733,0.003046331,0.088123776,0.00466236,0.35303843,0.021131387,0.7721845,0.0054982915,0.085607246,0.011594311,0.16473101,0.016169365,null,null,null,null,"TWOGAUSSIANS",8,8.626246,0.28671733,0.003046331,0.4,0.0,0.34705067,0.017752824,0.7721845,0.0054982915,0.4,0.0,0.15874334,0.012583359
375316653866487564,2800317856654612352,0.52494985,2192.950358481874,0.8063721078451023,1.2282266E-5,17.364798,0.006134474,0.12862246,0.015484132,0.017208349,0.009248047,0.3701704,0.14168648,0.63864195,0.001220835,0.014032678,0.0013939752,0.52542746,0.023278983,null,null,null,null,"TWOGAUSSIANS",8,41.15547,0.63864195,0.001220835,0.078582995,0.007806261,0.52542746,0.023278983,0.12862246,0.015484132,0.096366756,0.051789064,0.3701704,0.14168648
375316653866487564,2800365410531902336,0.60149807,2210.6670505662046,3.2006508083861123,1.016008E-5,15.193698,0.018184556,0.28369454,0.0031973096,0.04036896,0.025995487,0.057135403,0.037632223,0.7815793,0.012966509,0.060563684,0.021518344,0.10453627,0.03276133,0.09508889,0.019862138,0.28369454,0.0031973096,"TWOGAUSSIANS_WITH_ELLIPSOIDAL_ON_ECLIPSE1",9,45.550648,0.78230935,0.008107077,0.33915663,0.11727645,0.29467356,0.010026506,0.28369454,0.0031973096,0.22606617,0.14557473,0.2472947,0.009636962
375316653866487564,2800441001956457856,0.55013615,2207.3361605732853,3.7874661197471173,1.3875711E-5,15.559043,0.03702859,0.31859195,0.0039209262,0.09867996,0.013856246,0.28111535,0.033876732,0.8060621,0.00539829,0.114952564,0.0227435,0.22884533,0.027288161,null,null,null,null,"TWOGAUSSIANS",8,52.18598,0.31861195,0.0038977454,0.4,0.0,0.25301737,0.0075083706,0.8060621,0.00539829,0.4,0.0,0.20070963,0.015514831
375316653866487564,2800447221069107968,0.6332485,2201.006560931882,2.375889892830515,2.398585E-6,11.343985,0.006931966,0.2862649,6.9977884E-4,0.050789144,0.006212003,0.14214256,0.01478817,0.7891306,0.0014386663,0.04944295,0.003928803,0.16698295,0.01910881,0.09871263,0.0122970715,0.2862649,6.9977884E-4,"TWOGAUSSIANS_WITH_ELLIPSOIDAL_ON_ECLIPSE1",9,40.906216,0.7891306,0.0014386663,0.27688053,0.022001298,0.3643425,0.011232232,0.2862649,6.9977884E-4,0.2844192,0.03478722,0.33956614,0.012700791
375316653866487564,2800487215804389504,0.50060105,2220.83760729559,0.5129783803257612,7.3436076E-6,15.250756,0.0020142503,0.24046864,0.0058063897,0.030161113,0.0053310134,0.12060263,0.007874372,0.74684006,0.017408468,0.035170533,0.015210902,0.02761773,0.008004625,0.009427463,0.0033801019,0.24046864,0.0058063897,"TWOGAUSSIANS_WITH_ELLIPSOIDAL_ON_ECLIPSE1",9,36.052383,0.24046864,0.0058063897,0.16890223,0.029853674,0.13945755,0.005708486,0.74684006,0.016743928,0.196955,0.08518105,0.046442453,0.007352044
375316653866487564,2800599980170555520,0.5751595,2173.302347173671,2.5828375670638706,2.3418032E-5,18.114258,0.0037865418,0.45928302,0.003579235,0.021462807,0.004979373,0.04827286,0.011893479,0.6630289,0.0037742073,0.04351206,0.0020318574,0.6106305,0.038496003,null,null,null,null,"TWOGAUSSIANS",8,5.209761,0.6630289,0.0037742073,0.24366754,0.011378402,0.6106305,0.038496003,0.45929304,0.0035794,0.12019172,0.027884489,0.04828345,0.011895737
375316653866487564,2800636852464997248,0.5935019,2189.7062382126933,1.789553375721325,9.855438E-6,14.243466,0.0076627545,0.24169633,0.0020069343,0.104764745,0.0060587497,0.18598382,0.006091158,0.7447374,0.003513332,0.09274544,0.0054227,0.18269564,0.007940378,null,null,null,null,"TWOGAUSSIANS",8,30.846844,0.24169633,0.0020069343,0.4,0.0,0.17161623,0.004736088,0.7447374,0.003513332,0.4,0.0,0.16833211,0.006248294
375316653866487564,2800651519778185472,0.46979323,2180.725433384488,0.036718451318426756,3.0864674E-5,18.16055,0.00461618,0.2686367,0.0068117715,0.018860033,0.0056806076,0.15666144,0.022157228,0.6781606,0.00789562,0.073627084,0.00629075,0.39015526,0.04432375,null,null,null,null,"TWOGAUSSIANS",8,9.904531,0.6781606,0.00789562,0.4,0.0052281334,0.39015526,0.044323754,0.2686367,0.0068117715,0.10561619,0.0318114,0.15666151,0.022157231
375316653866487564,2800730512816204928,0.4745936,2162.389658922028,3.4154205821088737,4.014456E-5,17.600763,0.004269824,0.52489054,0.022262158,0.03691785,0.009478174,0.47247475,0.16580231,null,null,null,null,null,null,null,null,null,null,"ONEGAUSSIAN",5,21.714146,0.52489054,0.022262158,0.20673995,0.053077776,0.47247475,0.0,null,null,null,null,null,null
375316653866487564,2800737354699825536,0.5916347,2216.4739685747,0.05775568883280539,8.229345E-6,16.399958,7.213581E-4,0.7014351,8.006508E-6,0.0024260904,3.1585365E-5,0.2643483,0.0015256014,0.5832068,0.045138888,0.028735064,0.027132459,0.007688725,0.007970041,null,null,null,null,"TWOGAUSSIANS",8,1.7380438,0.7014351,8.006508E-6,0.013586107,1.7687803E-4,0.2643499,0.0015384239,0.5832068,0.045138888,0.16091636,0.15194176,0.007688725,0.007970041
375316653866487564,2800764567612489216,0.52880555,2197.6160965285953,0.4451788888977627,1.5664833E-5,14.80508,0.0026862642,0.19210722,0.0021009585,0.026124382,0.0054420866,0.079979114,0.006843096,0.6768232,0.0026141966,0.03449741,0.0023314392,0.18255553,0.013970569,0.028938837,0.005358397,0.6768232,0.0026141966,"TWOGAUSSIANS_WITH_ELLIPSOIDAL_ON_ECLIPSE2",9,58.01784,0.6768232,0.0026141966,0.1931855,0.013056059,0.24043317,0.009712596,0.19153722,0.0018854111,0.14629655,0.030475684,0.13734445,0.006279332
375316653866487564,2800799923783328896,0.6192129,2197.4130505606477,3.838117909243792,4.8181996E-6,15.709198,0.016216073,0.2694339,0.0019346076,0.049324244,0.0034852081,0.42643782,0.034215026,0.7791459,0.0020909742,0.064177886,0.0048676403,0.47755957,0.033049785,0.09508541,0.01833913,0.7791459,0.0020909742,"TWOGAUSSIANS_WITH_ELLIPSOIDAL_ON_ECLIPSE2",9,43.66682,0.7791459,0.0020909742,0.35939613,0.027258787,0.66749394,0.022727812,0.2701939,0.0017144068,0.27621576,0.019517167,0.61572057,0.012585215
375316653866487564,2800808960394572800,0.59351826,2209.2509705707557,4.4982242002959945,6.1629753E-6,13.47203,0.002305378,0.5158773,0.0010159704,0.051662125,0.002596561,0.67327994,0.060429186,null,null,null,null,null,null,null,null,null,null,"ONEGAUSSIAN",5,128.32918,0.5158773,0.0010159704,0.2893079,0.014540742,0.67327994,0.0,null,null,null,null,null,null
375316653866487564,2800833695110972160,0.5613335,2233.0506974595896,2.5889108451635523,1.002294E-5,16.762453,0.026721703,0.27309698,0.0034486395,0.060340505,0.011116762,0.20421062,0.054101218,0.7669643,0.006738073,0.060499996,0.010337572,0.18496346,0.05622841,0.11233006,0.027514145,0.27309698,0.0034486395,"TWOGAUSSIANS_WITH_ELLIPSOIDAL_ON_ECLIPSE1",9,35.6748,0.27309698,0.0034486395,0.33790684,0.062253863,0.42880878,0.0127815595,0.76855433,0.004271519,0.33879998,0.057890404,0.4093148,0.019126931
375316653866487564,2800949800961995008,0.52472067,2210.351101074561,4.378931934435726,1.3642356E-5,14.380397,0.014339239,0.3306344,0.0017622549,0.1006288,0.0066589457,0.21686366,0.013271343,0.8304791,0.0057891146,0.0902927,0.010728419,0.1989309,0.014147006,null,null,null,null,"TWOGAUSSIANS",8,151.02357,0.3306344,0.0017622549,0.4,0.0,0.20341632,0.0059875706,0.8304791,0.0057891146,0.4,0.0,0.18548536,0.011831063
