Gaia/vari_eclipsing_binary/VariEclipsingBinary_490224-490251.csv
# %ECSV 1.0
# ---
# delimiter: ','
# meta: !!omap
# - RELEASE: Gaia DR3
# - TABLE: vari_eclipsing_binary
# - DESCRIPTION: >
#     This table describes the properties of the eclipsing binaries resulting from the variability analysis. 
# - CITATION: >
#     How to cite and acknowledge Gaia: 
#     https://gea.esac.esa.int/archive/documentation/credits.html 
# - KNOWN_ISSUES: >
#     Known issues: 
#     https://www.cosmos.esa.int/web/gaia-users/known-issues 
# - DOCUMENTATION: >
#     Tutorials and documentation: 
#     https://www.cosmos.esa.int/web/gaia-users/archive 
# datatype:
# - 
#   name: solution_id
#   datatype: int64
#   description: Solution Identifier
#   meta:
#     ucd: meta.version
# - 
#   name: source_id
#   datatype: int64
#   description: Unique source identifier
#   meta:
#     ucd: meta.id;meta.main
# - 
#   name: global_ranking
#   datatype: float32
#   description: Number between 0 (worst) and 1 (best)
#   meta:
#     ucd: stat.param
# - 
#   name: reference_time
#   datatype: float64
#   unit: d
#   description: Reference time used for the geometric model fit
#   meta:
#     ucd: time.epoch
# - 
#   name: frequency
#   datatype: float64
#   unit: d**-1
#   description: Frequency of geometric model of the eclipsing binary light curve
#   meta:
#     ucd: src.orbital
# - 
#   name: frequency_error
#   datatype: float32
#   unit: d**-1
#   description: "Uncertainty of \\texttt{frequency}"
#   meta:
#     ucd: stat.error
# - 
#   name: geom_model_reference_level
#   datatype: float32
#   unit: mag
#   description: Magnitude reference level of geometric model
#   meta:
#     ucd: phot.mag;em.opt
# - 
#   name: geom_model_reference_level_error
#   datatype: float32
#   unit: mag
#   description: "Uncertainty of \\texttt{geomModelReferenceLevel}"
#   meta:
#     ucd: stat.error;phot.mag;em.opt
# - 
#   name: geom_model_gaussian1_phase
#   datatype: float32
#   description: Phase of the Gaussian 1 component
#   meta:
#     ucd: time.phase
# - 
#   name: geom_model_gaussian1_phase_error
#   datatype: float32
#   description: "Uncertainty of \\texttt{geomModelGaussian1Phase}"
#   meta:
#     ucd: stat.error;time.phase
# - 
#   name: geom_model_gaussian1_sigma
#   datatype: float32
#   description: "Standard deviation [phase] of Gaussian 1 component"
#   meta:
#     ucd: stat.stdev
# - 
#   name: geom_model_gaussian1_sigma_error
#   datatype: float32
#   description: "Uncertainty of \\texttt{geomModelGaussian1Sigma}"
#   meta:
#     ucd: stat.error
# - 
#   name: geom_model_gaussian1_depth
#   datatype: float32
#   unit: mag
#   description: Magnitude depth of Gaussian 1 component
#   meta:
#     ucd: src.var.amplitude
# - 
#   name: geom_model_gaussian1_depth_error
#   datatype: float32
#   unit: mag
#   description: "Uncertainty of \\texttt{geomModelGaussian1Depth}"
#   meta:
#     ucd: stat.error;src.var.amplitude
# - 
#   name: geom_model_gaussian2_phase
#   datatype: float32
#   description: Phase of Gaussian 2 component
#   meta:
#     ucd: time.phase
# - 
#   name: geom_model_gaussian2_phase_error
#   datatype: float32
#   description: "Uncertainty of \\texttt{geomModelGaussian2Phase}"
#   meta:
#     ucd: stat.error;time.phase
# - 
#   name: geom_model_gaussian2_sigma
#   datatype: float32
[...]
#   datatype: float32
#   description: "Secondary eclipse: uncertainty of \\texttt{derivedSecondaryEclDuration}"
#   meta:
#     ucd: stat.error;time.duration
# - 
#   name: derived_secondary_ecl_depth
#   datatype: float32
#   unit: mag
#   description: "Secondary eclipse: depth"
#   meta:
#     ucd: src.var.amplitude
# - 
#   name: derived_secondary_ecl_depth_error
#   datatype: float32
#   unit: mag
#   description: "Secondary eclipse: uncertainty of \\texttt{derivedSecondaryEclDepth}"
#   meta:
#     ucd: stat.error;src.var.amplitude
solution_id,source_id,global_ranking,reference_time,frequency,frequency_error,geom_model_reference_level,geom_model_reference_level_error,geom_model_gaussian1_phase,geom_model_gaussian1_phase_error,geom_model_gaussian1_sigma,geom_model_gaussian1_sigma_error,geom_model_gaussian1_depth,geom_model_gaussian1_depth_error,geom_model_gaussian2_phase,geom_model_gaussian2_phase_error,geom_model_gaussian2_sigma,geom_model_gaussian2_sigma_error,geom_model_gaussian2_depth,geom_model_gaussian2_depth_error,geom_model_cosine_half_period_amplitude,geom_model_cosine_half_period_amplitude_error,geom_model_cosine_half_period_phase,geom_model_cosine_half_period_phase_error,model_type,num_model_parameters,reduced_chi2,derived_primary_ecl_phase,derived_primary_ecl_phase_error,derived_primary_ecl_duration,derived_primary_ecl_duration_error,derived_primary_ecl_depth,derived_primary_ecl_depth_error,derived_secondary_ecl_phase,derived_secondary_ecl_phase_error,derived_secondary_ecl_duration,derived_secondary_ecl_duration_error,derived_secondary_ecl_depth,derived_secondary_ecl_depth_error
[from data line 378]
375316653866487564,4312178849215587072,0.49267545,2179.648292247172,2.7933964810560195,1.457436E-5,17.664265,0.0043959804,null,null,null,null,null,null,null,null,null,null,null,null,0.08878421,0.004430474,0.2772029,0.006247103,"ELLIPSOIDAL",4,10.933204,null,null,null,null,null,null,null,null,null,null,null,null
375316653866487564,4312179738227040640,0.5671251,2180.6176108006102,2.1494883171221577,1.41718565E-5,19.148241,0.03536581,0.3353213,0.0074389596,0.10215239,0.025933105,0.260644,0.0323653,0.8316269,0.0027194896,0.082343906,0.010681091,0.3263925,0.029475594,null,null,null,null,"TWOGAUSSIANS",8,0.8850437,0.8316269,0.0027194896,0.4,0.0,0.31265306,0.008477044,0.3353213,0.0074389596,0.4,0.0,0.24690123,0.029587148
375316653866487564,4312179742557614080,0.5447852,2158.8309002216433,2.68352130366561,2.8091636E-5,19.024088,0.020014722,0.2528678,0.006384902,0.07369727,0.009546814,0.4310932,0.057714578,0.7666319,0.007163229,0.07706287,0.022029161,0.38022795,0.1337487,null,null,null,null,"TWOGAUSSIANS",8,3.090733,0.2528678,0.006384902,0.4,0.0017236237,0.42866233,0.05874508,0.7666319,0.007163229,0.4,0.0,0.3777971,0.13943052
375316653866487564,4312180532846103296,0.46848848,2168.5685180836012,1.4902301767003983,9.021195E-5,19.762167,0.05793267,0.3841528,0.039736435,0.07435195,0.020488614,0.1937315,0.06153467,0.73168814,0.02708254,0.10383688,0.08470854,0.26999035,0.08028494,null,null,null,null,"TWOGAUSSIANS",8,1.7670977,0.73168814,0.02708254,0.4,0.0,0.2694252,0.08926578,0.3850928,0.035109676,0.4,0.054918073,0.19417542,0.063228995
375316653866487564,4312180975178124288,0.5703238,2192.0979751560885,2.5988431250082096,2.0282563E-5,18.040546,0.01647354,0.2449655,0.008881036,0.07759744,0.01042511,0.45456263,0.062348403,0.7474045,0.0039819647,0.075379916,0.0042312643,0.47872126,0.026492864,null,null,null,null,"TWOGAUSSIANS",8,7.1693306,0.7474045,0.0039819647,0.4,0.0,0.47448266,0.025435565,0.2449655,0.008881036,0.4,0.013609129,0.45032403,0.065073185
375316653866487564,4312181043897633920,0.6004353,2195.6138997761736,2.401850044835921,8.711269E-6,19.148073,0.03234361,0.27053267,0.003610705,0.07376312,0.009938703,0.48878732,0.058520246,0.75570357,0.0029058433,0.082076855,0.00559341,0.6743486,0.030808011,null,null,null,null,"TWOGAUSSIANS",8,2.5916917,0.75570357,0.0029058433,0.4,0.0,0.6694159,0.02826218,0.27053267,0.003610705,0.4,0.016636796,0.48385465,0.060272075
375316653866487564,4312181597979528320,0.51577014,2173.372746853259,3.9087904548033587,5.3202195E-5,15.787452,0.009481771,0.19099724,0.014795439,0.04496634,0.011098616,0.1189501,0.0322315,0.6814777,0.011518584,0.03810345,0.028303597,0.10738843,5.772544,0.07653668,0.010950189,0.6814777,0.011518584,"TWOGAUSSIANS_WITH_ELLIPSOIDAL_ON_ECLIPSE2",9,124.836136,0.18937723,0.011000195,0.2518115,0.062152248,0.2715694,0.033565897,0.6814777,0.011518584,0.21337932,0.15850015,0.2604617,5.7651067
375316653866487564,4312182624447638912,0.5632198,2182.0500217008444,0.98073653368331,7.714519E-6,17.905476,0.0043300344,0.21028125,0.027449913,0.053282924,0.01552078,0.09240555,0.070562765,0.71086293,0.0019462843,0.05079711,0.0026184851,0.26246527,0.017166955,null,null,null,null,"TWOGAUSSIANS",8,2.774502,0.71086293,0.0019462843,0.2844638,0.014663517,0.26246238,0.017168308,0.21028125,0.027449913,0.29838437,0.08691637,0.09240265,0.07056535
375316653866487564,4312183586518180480,0.49879906,2179.5853373101877,1.6562358494745342,4.862389E-5,17.867128,0.05610983,0.23194268,0.02478068,0.12194756,0.052163348,0.09612052,0.05700059,0.75580466,0.010014793,0.109031826,0.038729925,0.09254889,0.05201754,null,null,null,null,"TWOGAUSSIANS",8,2.3893342,0.23190267,0.02462272,0.4,0.0,0.081727885,0.013428595,0.7559546,0.009369856,0.4,0.0,0.07820525,0.008722464
375316653866487564,4312183590860338944,0.50893986,2206.398877931915,4.572716726307693,1.8170198E-5,18.501028,0.09819644,0.5302645,0.009504375,0.19865288,0.03899915,0.50543135,0.08896034,0.90868753,0.0318944,0.035489447,0.035302106,0.09916066,11757.265,null,null,null,null,"TWOGAUSSIANS",8,13.169005,0.5302645,0.009504375,0.4,0.0,0.4626348,0.047507633,0.90868753,0.0318944,0.19874091,0.1976918,0.14249471,11757.266
375316653866487564,4312183797021266176,0.47342482,2198.2011285811304,0.12918369988493925,9.184624E-5,18.573524,0.007910073,0.30389032,0.0042222375,0.0514722,0.004121272,0.2684257,0.024726668,0.8203259,0.009001009,0.024513146,0.007217712,0.18150225,0.11834461,null,null,null,null,"TWOGAUSSIANS",8,5.7390776,0.30389032,0.0042222375,0.2882443,0.023079123,0.2684257,0.024726668,0.8203259,0.009001009,0.13727361,0.040419184,0.18150225,0.11834461
375316653866487564,4312183964484371840,0.5288768,2189.786677443376,1.1080937415158088,1.8737031E-5,17.913374,0.010005744,0.5957118,0.004072805,0.06523266,0.013093495,0.2408971,0.054392148,0.83446926,0.0032748221,0.033209242,0.0035409671,0.9625082,0.3585826,null,null,null,null,"TWOGAUSSIANS",8,16.274107,0.83446926,0.0032748221,0.18597175,0.019829417,0.9628053,0.35894334,0.5957118,0.004072805,0.36530286,0.072856545,0.2408971,0.054392148
375316653866487564,4312184071885208576,0.5340893,2154.1766226337068,0.3475906801022578,1.1356992E-4,19.131298,0.016646937,0.36302295,0.010841255,0.06793368,0.0074064666,0.3201341,0.009516918,0.7436728,0.035450283,0.186032,0.06684032,0.084132515,0.015901137,null,null,null,null,"TWOGAUSSIANS",8,0.79006594,0.36460295,0.010531188,0.38042858,0.041476212,0.32037884,0.0076068575,0.7436728,0.035450283,0.4,0.0,0.073590934,0.01511576
375316653866487564,4312184204995601792,0.5491433,2195.736484191448,2.0927280340810133,1.38085825E-5,19.10435,0.024748731,0.25423086,0.0030280242,0.074553,0.009783334,0.26056093,0.01788752,0.7572038,0.0026277776,0.07731346,0.0069546504,0.65153176,0.072724566,null,null,null,null,"TWOGAUSSIANS",8,2.100524,0.7572038,0.0026277776,0.4,0.0,0.6481161,0.07411603,0.25423086,0.0030280242,0.4,0.026104914,0.25714532,0.016825633
375316653866487564,4312184342432883968,0.64035344,2203.385909675465,3.258977549857344,1.7210421E-5,16.872622,0.040515427,0.26911527,0.0040065763,0.04827669,0.010111358,0.39128992,0.08062823,0.7727422,0.0063959816,0.05281097,0.016322685,0.43030804,0.06668059,0.099548206,0.042921454,0.26911527,0.0040065763,"TWOGAUSSIANS_WITH_ELLIPSOIDAL_ON_ECLIPSE1",9,14.693675,0.7727422,0.0063959816,0.29574144,0.09140704,0.6292949,0.029002884,0.26911527,0.0040065763,0.27034944,0.056623604,0.59038013,0.011011014
375316653866487564,4312184484202207360,0.48973644,2217.352319275635,1.9968256013431989,1.7360183E-4,18.597298,0.01048035,0.40107888,0.0042787185,0.065578714,0.006271785,0.26891187,0.026189888,0.61643994,0.003551132,0.03038877,0.0070512523,0.049078837,0.007834546,null,null,null,null,"TWOGAUSSIANS",8,7.126451,0.40107888,0.0042787185,0.36724082,0.035121996,0.26891187,0.026189888,0.61643994,0.003551132,0.17017712,0.03948701,0.05030272,0.0075503695
375316653866487564,4312184484202234240,0.5159726,2223.0914839651837,3.0294958218303996,4.8890975E-5,19.23269,0.017086715,0.25326675,0.009568294,0.07812532,0.011149312,0.4186015,0.030313438,0.8041229,0.0073987683,0.04121213,0.007940727,0.42139742,0.057552073,null,null,null,null,"TWOGAUSSIANS",8,6.064796,0.8041229,0.0073987683,0.23078793,0.044468075,0.4213786,0.05755936,0.25326675,0.009568294,0.4,0.019278115,0.41858268,0.030313857
375316653866487564,4312184484216026368,0.49599153,2222.7844436036785,3.535051903279522,5.226398E-5,19.389294,0.01994837,0.21963936,0.0068552424,0.055802453,0.005829192,0.40131804,0.030715628,0.793774,0.029655036,0.036101315,0.02501276,0.51508486,0.12897637,null,null,null,null,"TWOGAUSSIANS",8,5.7639046,0.793774,0.029655036,0.20216738,0.14007145,0.51508486,0.12897685,0.21963936,0.0068552424,0.31249374,0.03264348,0.40131804,0.03071542
375316653866487564,4312185441946680960,0.6581757,2205.302319169701,1.4556579433697303,6.5363215E-6,16.106346,0.0051687616,0.26452178,0.0014926284,0.05121284,0.0026240884,0.37613192,0.011448479,0.7763723,0.0027368506,0.03193642,0.008749221,0.06608083,0.010693557,0.08285401,0.0066654016,0.26452178,0.0014926284,"TWOGAUSSIANS_WITH_ELLIPSOIDAL_ON_ECLIPSE1",9,8.730198,0.26452178,0.0014926284,0.2867919,0.014694895,0.54183745,0.007813377,0.7763723,0.0027368506,0.17884395,0.04899564,0.23086932,0.004164334
375316653866487564,4312185618084989440,0.5528278,2208.838596715392,1.572813421991264,9.107694E-6,17.482172,0.020590186,0.37669456,0.0038376302,0.086823784,0.009678286,0.17072225,0.02040261,0.8617565,0.00864346,0.09553018,0.013283026,0.18694478,0.021400316,null,null,null,null,"TWOGAUSSIANS",8,2.7649693,0.8617565,0.00864346,0.4,0.0,0.18030816,0.016580055,0.37669456,0.003836336,0.4,0.0,0.16408616,0.014922278
375316653866487564,4312185991700743936,0.6185154,2194.624085096404,1.9976943834375847,1.0485703E-5,16.412876,0.011723297,0.23489287,0.0012357923,0.04762872,0.006579746,0.24054855,0.036769796,0.73516214,0.0054613426,0.052579813,0.0066247713,0.23542045,0.027884118,0.1280932,0.015618781,0.23489287,0.0012357923,"TWOGAUSSIANS_WITH_ELLIPSOIDAL_ON_ECLIPSE1",9,7.6929736,0.23489287,0.0012357923,0.26672083,0.036846578,0.49673167,0.04327964,0.73516214,0.0046991236,0.29444695,0.03709872,0.49160284,0.017853566
375316653866487564,4312187198619190144,0.49780464,2171.1586644755844,0.06129504164659105,6.030964E-5,19.518167,0.017804705,0.38000605,0.016494883,0.1611517,0.037092656,0.24642347,0.029146418,0.93897825,0.016648833,0.011266074,0.008970866,0.22492029,2.9329543,null,null,null,null,"TWOGAUSSIANS",8,1.6058333,0.38000605,0.016494883,0.4,0.0,0.24242067,0.034374345,0.93902826,0.016626034,0.06309001,0.050236847,0.22734632,2.9327235
375316653866487564,4312187198632504320,0.65928185,2173.242509734228,1.4452943792092736,6.5240592E-6,14.638721,0.013477175,0.20278727,0.00814515,0.10135579,0.014179782,0.1352746,0.015481771,0.6750236,0.0028656472,0.09128747,0.005888844,0.27024654,0.012342057,null,null,null,null,"TWOGAUSSIANS",8,14.021753,0.6750236,0.0028656472,0.4,0.0,0.2615584,0.007903805,0.20278727,0.00814515,0.4,0.0,0.12658411,0.010251779
375316653866487564,4312187503529766784,0.61123157,2155.237340250573,2.1925982774107107,7.80162E-6,17.41153,0.0060087796,0.17497224,0.0017233451,0.04376003,0.0036113365,0.25248852,0.02476154,null,null,null,null,null,null,0.13760316,0.009910459,0.17497224,0.0017233451,"ONEGAUSSIAN_WITH_ELLIPSOIDAL",6,5.3814273,0.17497224,0.0017233451,0.24505617,0.020223483,0.5276948,0.022580225,null,null,null,null,null,null
375316653866487564,4312188195049527808,0.59851956,2131.8653295737595,2.374893168911327,1.6266566E-5,18.739965,0.01944315,0.25460652,0.0460059,0.07530926,0.033925213,0.5236764,0.11805465,0.755318,0.0053086714,0.07371891,0.007117428,0.53316396,0.030186055,null,null,null,null,"TWOGAUSSIANS",8,1.9884229,0.755318,0.0053086714,0.4,0.0064872415,0.52942556,0.031214627,0.25460652,0.0460059,0.4,0.0,0.51993793,0.119700655
375316653866487564,4312188298143729152,0.63069725,2129.5659745754615,2.607907504072832,1.2277738E-5,17.667704,0.0050920397,0.3158075,0.002178481,0.045666266,0.02537465,0.1140746,15.938437,0.81552756,0.0066734375,0.023944566,0.010640863,0.09098181,0.021248294,0.11149922,0.0068404027,0.3158075,0.002178481,"TWOGAUSSIANS_WITH_ELLIPSOIDAL_ON_ECLIPSE1",9,2.7517176,0.3158075,0.002178481,0.25573108,0.14209804,0.3370725,15.940723,0.8155576,0.0061760126,0.13408957,0.059588835,0.3139791,0.02614379
375316653866487564,4312188401210687232,0.5203762,2166.2618866429834,1.895831094017808,2.775907E-5,19.566168,0.029911693,0.33713555,0.0046340725,0.08945993,0.01056166,0.35337064,0.050573874,0.8237804,0.009038411,0.06546268,0.009987161,0.4306932,0.03905647,null,null,null,null,"TWOGAUSSIANS",8,2.2576168,0.8237804,0.009038411,0.366591,0.0483724,0.42756963,0.03702509,0.33713555,0.0046340725,0.4,0.0,0.3502469,0.050116807
375316653866487564,4312188469926962688,0.42915496,2137.2444394127647,0.7232971496066334,4.071102E-5,17.867147,0.19500466,0.3452791,0.012553329,0.24756253,0.13567784,0.27528727,0.15254048,0.85512877,0.006488591,0.026971411,0.0049912985,0.1905698,0.058691528,null,null,null,null,"TWOGAUSSIANS",8,17.268488,0.3452791,0.012553329,0.4,0.0,0.1927237,0.036625423,0.8552688,0.0065807323,0.1510399,0.027951272,0.17964627,0.052704666
375316653866487564,4312188538661820160,0.5540896,2150.6908771443864,0.5749376300265346,4.9095408E-5,17.054466,0.0016182528,0.23850355,0.013679539,0.06857681,0.027184928,0.09145782,0.2310286,0.69101065,0.0053629414,0.021436606,0.00348623,0.16726168,0.03448675,null,null,null,null,"TWOGAUSSIANS",8,1.6785237,0.69101065,0.0053629414,0.120044984,0.019522889,0.16726168,0.034486767,0.23850355,0.013679539,0.38403016,0.10125565,0.09145782,0.23102866
375316653866487564,4312189019683704064,0.5309922,2108.134000654824,0.4932169447809137,5.2549633E-5,19.630661,0.0135045545,0.17976496,0.004828477,0.04565186,0.0054691853,1.3091499,0.47958702,0.6482853,0.016304575,0.090465866,0.016743774,0.13215895,0.02707671,null,null,null,null,"TWOGAUSSIANS",8,1.7906202,0.17976496,0.004828477,0.25565043,0.030627437,1.3089025,0.47986364,0.6482853,0.016304575,0.4,0.0,0.13191144,0.027066488
375316653866487564,4312189118437191552,0.5169673,2137.3556246730855,3.2776068158406226,3.440696E-5,18.376673,0.14049138,0.20775458,0.010988913,0.08409061,0.04432764,0.42494237,0.11528345,0.6885492,0.009699055,0.099250495,0.029234651,0.5641813,0.11920483,null,null,null,null,"TWOGAUSSIANS",8,14.009534,0.6885492,0.009699055,0.4,0.0,0.5462774,0.03448103,0.20775458,0.01117907,0.4,0.0,0.40704358,0.031405956
375316653866487564,4312189397641030784,0.53988415,2104.208272318228,3.32102456896499,3.9927356E-5,19.855036,0.009241787,0.23892857,0.007946021,0.07830918,0.00628875,0.33929184,0.024011014,0.68675846,0.006068214,0.07201826,0.005976577,0.31917998,0.021171492,null,null,null,null,"TWOGAUSSIANS",8,1.029965,0.23892857,0.007946021,0.4,0.0,0.3385176,0.024174556,0.68675846,0.006068214,0.4,0.02066917,0.31840575,0.021152647
375316653866487564,4312189672533359232,0.6046622,2089.1476565610933,2.501552532507477,6.3517236E-6,17.622086,0.025443789,0.2844131,0.0062737907,0.060128447,0.010186427,0.47320852,0.06235715,0.7798807,0.0024896297,0.058706008,0.00625849,0.4254681,0.04970911,0.07083665,0.03326046,0.2844131,0.0062737907,"TWOGAUSSIANS_WITH_ELLIPSOIDAL_ON_ECLIPSE1",9,8.746033,0.2844131,0.0062737907,0.3367193,0.057043996,0.61476356,0.023859257,0.7802607,0.002153167,0.32875365,0.035047542,0.5669178,0.032040954
375316653866487564,4312190424107533824,0.5518454,2130.0678672949775,2.2961304443133645,2.1166114E-5,17.793613,0.017523898,0.20288731,0.0041509056,0.09679334,0.009292755,0.18382224,0.017934173,0.71301043,0.0045485403,0.103956655,0.013063423,0.18191457,0.015257484,null,null,null,null,"TWOGAUSSIANS",8,3.4095922,0.20288731,0.004152146,0.4,0.0,0.16935155,0.011276722,0.71301043,0.0045485403,0.4,0.0,0.16744073,0.009906059
375316653866487564,4312190428432706432,0.50309795,2112.608859488433,1.4269139851623105,7.043573E-5,18.865833,0.023228245,0.1453309,0.013092362,0.03582008,0.013170287,0.14778253,0.03752271,0.79428387,0.00581987,0.06482667,0.0063202744,0.567709,0.030043706,null,null,null,null,"TWOGAUSSIANS",8,16.246174,0.79428387,0.00581987,0.36302933,0.035393536,0.567709,0.030043706,0.1453309,0.013092362,0.20059247,0.07375361,0.14778277,0.037523147
375316653866487564,4312191145662059392,0.6106639,2128.7372414474207,3.0530539896147673,8.177684E-6,17.461393,0.008389224,0.2208794,0.004116808,0.08130023,0.0040144296,0.27757043,0.010827289,0.7222488,8.2161574E-4,0.082535796,0.0026798814,0.3024854,0.0074499357,null,null,null,null,"TWOGAUSSIANS",8,4.193288,0.7222488,8.2161574E-4,0.4,0.0,0.29711956,0.006056233,0.2208794,0.004116808,0.4,0.0,0.2722046,0.009889178
