Gaia/vari_eclipsing_binary/VariEclipsingBinary_663284-663297.csv
# %ECSV 1.0
# ---
# delimiter: ','
# meta: !!omap
# - RELEASE: Gaia DR3
# - TABLE: vari_eclipsing_binary
# - DESCRIPTION: >
#     This table describes the properties of the eclipsing binaries resulting from the variability analysis. 
# - CITATION: >
#     How to cite and acknowledge Gaia: 
#     https://gea.esac.esa.int/archive/documentation/credits.html 
# - KNOWN_ISSUES: >
#     Known issues: 
#     https://www.cosmos.esa.int/web/gaia-users/known-issues 
# - DOCUMENTATION: >
#     Tutorials and documentation: 
#     https://www.cosmos.esa.int/web/gaia-users/archive 
# datatype:
# - 
#   name: solution_id
#   datatype: int64
#   description: Solution Identifier
#   meta:
#     ucd: meta.version
# - 
#   name: source_id
#   datatype: int64
#   description: Unique source identifier
#   meta:
#     ucd: meta.id;meta.main
# - 
#   name: global_ranking
#   datatype: float32
#   description: Number between 0 (worst) and 1 (best)
#   meta:
#     ucd: stat.param
# - 
#   name: reference_time
#   datatype: float64
#   unit: d
#   description: Reference time used for the geometric model fit
#   meta:
#     ucd: time.epoch
# - 
#   name: frequency
#   datatype: float64
#   unit: d**-1
#   description: Frequency of geometric model of the eclipsing binary light curve
#   meta:
#     ucd: src.orbital
# - 
#   name: frequency_error
#   datatype: float32
#   unit: d**-1
#   description: "Uncertainty of \\texttt{frequency}"
#   meta:
#     ucd: stat.error
# - 
#   name: geom_model_reference_level
#   datatype: float32
#   unit: mag
#   description: Magnitude reference level of geometric model
#   meta:
#     ucd: phot.mag;em.opt
# - 
#   name: geom_model_reference_level_error
#   datatype: float32
#   unit: mag
#   description: "Uncertainty of \\texttt{geomModelReferenceLevel}"
#   meta:
#     ucd: stat.error;phot.mag;em.opt
# - 
#   name: geom_model_gaussian1_phase
#   datatype: float32
#   description: Phase of the Gaussian 1 component
#   meta:
#     ucd: time.phase
# - 
#   name: geom_model_gaussian1_phase_error
#   datatype: float32
#   description: "Uncertainty of \\texttt{geomModelGaussian1Phase}"
#   meta:
#     ucd: stat.error;time.phase
# - 
#   name: geom_model_gaussian1_sigma
#   datatype: float32
#   description: "Standard deviation [phase] of Gaussian 1 component"
#   meta:
#     ucd: stat.stdev
# - 
#   name: geom_model_gaussian1_sigma_error
#   datatype: float32
#   description: "Uncertainty of \\texttt{geomModelGaussian1Sigma}"
#   meta:
#     ucd: stat.error
# - 
#   name: geom_model_gaussian1_depth
#   datatype: float32
#   unit: mag
#   description: Magnitude depth of Gaussian 1 component
#   meta:
#     ucd: src.var.amplitude
# - 
#   name: geom_model_gaussian1_depth_error
#   datatype: float32
#   unit: mag
#   description: "Uncertainty of \\texttt{geomModelGaussian1Depth}"
#   meta:
#     ucd: stat.error;src.var.amplitude
# - 
#   name: geom_model_gaussian2_phase
#   datatype: float32
#   description: Phase of Gaussian 2 component
#   meta:
#     ucd: time.phase
# - 
#   name: geom_model_gaussian2_phase_error
#   datatype: float32
#   description: "Uncertainty of \\texttt{geomModelGaussian2Phase}"
#   meta:
#     ucd: stat.error;time.phase
# - 
#   name: geom_model_gaussian2_sigma
#   datatype: float32
[...]
#   datatype: float32
#   description: "Secondary eclipse: uncertainty of \\texttt{derivedSecondaryEclDuration}"
#   meta:
#     ucd: stat.error;time.duration
# - 
#   name: derived_secondary_ecl_depth
#   datatype: float32
#   unit: mag
#   description: "Secondary eclipse: depth"
#   meta:
#     ucd: src.var.amplitude
# - 
#   name: derived_secondary_ecl_depth_error
#   datatype: float32
#   unit: mag
#   description: "Secondary eclipse: uncertainty of \\texttt{derivedSecondaryEclDepth}"
#   meta:
#     ucd: stat.error;src.var.amplitude
solution_id,source_id,global_ranking,reference_time,frequency,frequency_error,geom_model_reference_level,geom_model_reference_level_error,geom_model_gaussian1_phase,geom_model_gaussian1_phase_error,geom_model_gaussian1_sigma,geom_model_gaussian1_sigma_error,geom_model_gaussian1_depth,geom_model_gaussian1_depth_error,geom_model_gaussian2_phase,geom_model_gaussian2_phase_error,geom_model_gaussian2_sigma,geom_model_gaussian2_sigma_error,geom_model_gaussian2_depth,geom_model_gaussian2_depth_error,geom_model_cosine_half_period_amplitude,geom_model_cosine_half_period_amplitude_error,geom_model_cosine_half_period_phase,geom_model_cosine_half_period_phase_error,model_type,num_model_parameters,reduced_chi2,derived_primary_ecl_phase,derived_primary_ecl_phase_error,derived_primary_ecl_duration,derived_primary_ecl_duration_error,derived_primary_ecl_depth,derived_primary_ecl_depth_error,derived_secondary_ecl_phase,derived_secondary_ecl_phase_error,derived_secondary_ecl_duration,derived_secondary_ecl_duration_error,derived_secondary_ecl_depth,derived_secondary_ecl_depth_error
[from data line 294]
375316653866487564,5834360064072181760,0.5699497,2178.0416983828286,3.574256137356722,1.0736627E-5,17.573782,0.015953748,0.18927446,0.0020997,0.05445476,0.005830617,0.28574324,0.035207912,0.6863709,0.0030453645,0.05182061,0.006690642,0.20414819,0.035888843,0.101915725,0.020944918,0.18927446,0.0020997,"TWOGAUSSIANS_WITH_ELLIPSOIDAL_ON_ECLIPSE1",9,10.707515,0.18927446,0.0020997,0.30494666,0.032651454,0.48956499,0.015227447,0.6868809,0.0024427078,0.29019544,0.037467595,0.40791398,0.009952621
375316653866487564,5834360235814796672,0.45767704,2171.0140028191972,2.730786507936434,3.97276E-5,18.502106,0.3500542,0.27287018,0.009561846,0.16185638,0.08503678,0.25123245,0.34495583,0.75782794,0.011112401,0.13138027,0.0380109,0.27008465,0.27077216,null,null,null,null,"TWOGAUSSIANS",8,7.3151026,0.75782794,0.011112401,0.4,0.0,0.1645996,0.016325328,0.27337018,0.009126739,0.4,0.0,0.14175744,0.013732573
375316653866487564,5834360304534154112,0.5888343,2205.0953489359863,0.11229114756119926,2.517664E-5,16.814407,0.003952994,0.3632734,0.00403507,0.0017744086,0.0016667718,6.9926147,6.844912,0.79552156,0.0036625515,0.011584095,0.0037887658,0.015886813,0.0057440666,0.008121857,0.0048440597,0.3632734,0.00403507,"TWOGAUSSIANS_WITH_ELLIPSOIDAL_ON_ECLIPSE1",9,10.378464,0.3632734,0.00403507,0.0099366885,0.009333922,7.008858,6.8460674,0.79616153,0.0036837375,0.06487093,0.021217087,0.029385157,0.009620828
375316653866487564,5834360304590381184,0.46619654,2158.753921070549,1.7489364049591127,9.973599E-6,18.919836,0.0055042175,0.29233718,0.0026367176,0.08120297,0.0040255804,0.40318602,0.028119683,0.7989874,0.008817829,0.07866717,0.004848959,0.24023452,0.03200964,null,null,null,null,"TWOGAUSSIANS",8,1.7411109,0.29233718,0.0026367176,0.4,0.0,0.39907917,0.02901878,0.7989874,0.008817829,0.4,0.0,0.23612767,0.03186794
375316653866487564,5834360819986802304,0.5968369,2197.54609997748,1.145111953551627,7.725076E-6,14.011768,0.028323272,0.24316266,0.0020751283,0.12725672,0.0109028835,0.2561252,0.025591396,0.7257777,0.0026887546,0.118890494,0.0085605,0.2653335,0.02645113,null,null,null,null,"TWOGAUSSIANS",8,55.06691,0.7257777,0.0026887546,0.4,0.0,0.20843177,0.004870778,0.24326266,0.0020703247,0.4,0.0,0.19905533,0.005405566
375316653866487564,5834361060505663232,0.5815295,2190.5154382362525,2.258878875595517,1.1986068E-5,17.80792,0.014564696,0.21213168,0.003913603,0.09354814,0.0065798564,0.4165853,0.012970431,0.71485233,0.0024367503,0.091432124,0.0045482228,0.42027876,0.017727096,null,null,null,null,"TWOGAUSSIANS",8,7.117497,0.71485233,0.0024367503,0.4,0.0,0.39944494,0.01580659,0.21213168,0.003913603,0.4,0.0,0.39575127,0.008774933
375316653866487564,5834361197943946624,0.49124265,2191.449593172874,2.5839375926394177,2.3274672E-5,17.829475,0.003915703,0.26311255,0.004035165,0.027482793,0.024003556,0.044480823,0.15565318,0.80111283,0.029968431,0.029554361,0.022804879,0.046059947,0.030056829,0.071233705,0.00722492,0.26311255,0.004035165,"TWOGAUSSIANS_WITH_ELLIPSOIDAL_ON_ECLIPSE1",9,9.757976,0.26311255,0.004035165,0.15390363,0.13441992,0.18694818,0.15839088,0.80111283,0.029968431,0.16550443,0.12770732,0.18055871,0.025881547
375316653866487564,5834361266612557568,0.5000728,2160.7719200309957,2.7711266969052653,1.6867178E-5,19.48193,0.0149990665,0.115825534,0.004251579,0.06680027,0.004500185,0.6866149,0.04086121,0.6114544,0.0037427954,0.07409274,0.008332077,0.49328187,0.082349874,null,null,null,null,"TWOGAUSSIANS",8,5.321628,0.115825534,0.004251579,0.3740815,0.025201036,0.684718,0.040957805,0.6114544,0.0037427954,0.4,0.02106008,0.491385,0.08318832
375316653866487564,5834361335329118336,0.44610053,2175.446031043901,2.5805233645947547,6.613686E-5,18.666054,0.592272,0.17139213,0.010536089,0.12324646,0.04644883,0.36661574,0.4521979,0.66005373,0.0108557055,0.1537862,0.11059946,0.32803217,0.57761097,null,null,null,null,"TWOGAUSSIANS",8,16.172289,0.17206213,0.009994322,0.4,0.0,0.24598175,0.02372153,0.66005373,0.0108557055,0.4,0.0,0.20419177,0.026804088
375316653866487564,5834361369688819072,0.5752753,2169.3725141930586,0.3898381234853021,1.5133572E-5,17.74024,0.003977224,0.2296329,0.0050238594,0.03164875,0.008358378,0.13626161,0.030112538,0.7190748,2.2834603E-4,0.029556079,4.2361135E-4,1.253801,0.013718278,0.024116457,0.006687545,0.2296329,0.0050238594,"TWOGAUSSIANS_WITH_ELLIPSOIDAL_ON_ECLIPSE1",9,11.578854,0.7191048,2.2430008E-4,0.16551404,0.0023722237,1.3018225,0.016153311,0.2296329,0.0050238594,0.17723301,0.046806917,0.18449448,0.03127625
375316653866487564,5834361369742650752,0.4309484,2177.402962783904,2.5103251786221032,3.671214E-5,19.782646,0.026769578,0.2541863,0.02582499,0.039758973,0.027916396,0.38788316,0.14345588,0.7078973,0.0181574,0.059346702,0.025428994,0.36213166,0.056828424,null,null,null,null,"TWOGAUSSIANS",8,18.658585,0.2541863,0.02582499,0.22265024,0.15633182,0.38788298,0.14354667,0.7078973,0.0181574,0.33234155,0.10058956,0.36213148,0.056857865
375316653866487564,5834361575901152256,0.46307468,2172.0384989935164,1.4116714001508874,3.2388645E-5,18.841946,0.024903508,0.21406923,0.06163546,0.055580657,0.06696465,0.10652907,0.018959226,0.6933664,0.0074725356,0.05445164,0.009100542,0.3101576,0.04078259,null,null,null,null,"TWOGAUSSIANS",8,8.466535,0.6933664,0.0074725356,0.3049292,0.05096304,0.31015268,0.040261272,0.21406923,0.06163546,0.31125167,0.117980205,0.10652415,0.018113226
375316653866487564,5834361812021819264,0.60741204,2193.3258578866657,0.3437403987726335,1.7810609E-6,18.403969,0.0037527333,0.24390948,0.008389842,0.02976825,0.005606633,0.11372798,0.06496338,0.7425989,2.0284721E-4,0.030673316,4.565472E-4,0.95388216,0.0100498665,0.029560816,0.005502231,0.24390948,0.008389842,"TWOGAUSSIANS_WITH_ELLIPSOIDAL_ON_ECLIPSE1",9,2.0599766,0.74260885,1.7188855E-4,0.17177057,0.0025566644,1.0129998,0.014266384,0.24390948,0.008389842,0.16670221,0.031397145,0.1728496,0.061911736
375316653866487564,5834361850779048704,0.5065666,2200.7434972566316,3.7198079169550944,2.8468827E-5,18.920048,0.0033621213,null,null,null,null,null,null,null,null,null,null,null,null,0.09278564,0.003971254,0.2621002,0.0042970604,"ELLIPSOIDAL",4,2.1088014,null,null,null,null,null,null,null,null,null,null,null,null
375316653866487564,5834361885139400320,0.42393047,2194.183757862486,0.4014519711976913,1.2088561E-4,19.04352,0.1401877,0.38722464,0.036169603,0.12204024,0.08148665,0.30112448,0.089241125,0.72172123,0.09454089,0.13820942,0.06556383,0.21827015,0.10646423,null,null,null,null,"TWOGAUSSIANS",8,18.084846,0.39926463,0.022529045,0.4,0.0,0.2948363,0.052830167,0.72172123,0.09454089,0.4,0.0,0.20612638,0.057131633
375316653866487564,5834362297402237056,0.4971546,2164.977834559063,2.9868614946165675,3.678646E-5,19.514174,0.024926031,0.28700328,0.005235741,0.08000717,0.010799142,0.35814133,0.032970607,0.789054,0.005675773,0.087792866,0.012633414,0.26149306,0.02340495,null,null,null,null,"TWOGAUSSIANS",8,3.0007188,0.28700328,0.005235741,0.4,0.0,0.35125202,0.03311289,0.789054,0.005675773,0.4,0.0,0.2546037,0.020296395
375316653866487564,5834362503614174464,0.58608687,2188.219111494613,0.26623968154253874,7.4960785E-6,16.033043,0.0024358542,0.27641237,0.004594668,0.016148109,0.0014738323,0.7161162,0.17023101,0.7618021,0.0057618385,0.012119758,0.0019690334,0.19288844,0.05461989,null,null,null,null,"TWOGAUSSIANS",8,26.58363,0.27641237,0.004594668,0.09042941,0.008253461,0.7161162,0.17023101,0.7618021,0.0057618385,0.06787065,0.011026587,0.19288844,0.05461989
375316653866487564,5834362572280447872,0.56140006,2197.505360718524,2.501933097396626,1.1289484E-5,17.486517,0.013396262,0.29486403,0.0025544327,0.051137045,0.005455727,0.18698211,0.029703628,0.79602295,0.007844026,0.045204557,0.009405651,0.22479591,0.038687047,0.11842289,0.016955221,0.29486403,0.0025544327,"TWOGAUSSIANS_WITH_ELLIPSOIDAL_ON_ECLIPSE1",9,15.241685,0.79602295,0.0069662295,0.25314552,0.052671645,0.46162754,0.031071143,0.29486403,0.0025544327,0.28636745,0.030552072,0.4238263,0.010670051
375316653866487564,5834362812797887488,0.48936823,2175.0446017881477,2.178355980842247,3.95094E-5,19.037111,0.045692347,0.31602442,0.012586721,0.07944212,0.019313522,0.46104583,0.045831826,0.790634,0.006678745,0.082241595,0.014202672,0.49049124,0.04641245,null,null,null,null,"TWOGAUSSIANS",8,11.7010765,0.790634,0.006678745,0.4,0.0,0.48564407,0.04151369,0.31602442,0.012586721,0.4,0.0,0.4561987,0.04253513
375316653866487564,5834363014610658688,0.49219707,2174.719235576756,3.2288728527008566,1.830588E-5,18.613379,0.026237197,0.22712953,0.0051993155,0.09204951,0.012512542,0.24943233,0.025450861,0.7079855,0.0108095985,0.08876122,0.019361382,0.20398365,0.028862322,null,null,null,null,"TWOGAUSSIANS",8,7.610451,0.22712953,0.0051993155,0.4,0.0,0.24210913,0.01825969,0.7079855,0.0108095985,0.4,0.0,0.1966607,0.024917847
375316653866487564,5834363293888662144,0.57219446,2188.678412275242,0.16148893150758456,2.907794E-5,17.127941,0.0010645059,0.3137062,0.020991392,0.038545027,0.023463449,0.009503048,0.0026776877,0.80929387,8.2795166E-5,0.00591554,8.563517E-5,0.29811302,0.0066134953,null,null,null,null,"TWOGAUSSIANS",8,1.3613471,0.80929387,8.2795166E-5,0.03312702,4.7955694E-4,0.29811302,0.0066134953,0.3137062,0.020991392,0.21585216,0.13139531,0.009503048,0.0026776877
375316653866487564,5834363396916483712,0.5001672,2155.8034144498565,3.1808029479762543,3.2560838E-5,18.373657,0.012964379,0.2677346,0.008406591,0.07180268,0.009353886,0.44212553,0.022748696,0.77448535,0.0083961515,0.063382424,0.009460469,0.36887702,0.020508112,null,null,null,null,"TWOGAUSSIANS",8,17.672855,0.2677346,0.008406591,0.4,0.012207745,0.4414052,0.022973593,0.77448535,0.0083961515,0.35494158,0.052978624,0.36815667,0.020395432
375316653866487564,5834363431276182912,0.43654245,2173.906929315916,2.524610591799737,8.2600825E-5,19.151802,0.14182067,0.20153187,0.020767245,0.11525192,0.07451809,0.14520308,0.13948467,0.7263793,0.022583053,0.07598371,0.06139672,0.18546318,0.10425904,null,null,null,null,"TWOGAUSSIANS",8,3.6217837,0.7264093,0.022054523,0.4,0.026257927,0.17830291,0.031553727,0.20153187,0.020740984,0.4,0.0,0.13800865,0.018242214
375316653866487564,5834363500047121152,0.56123376,2202.1269326273464,0.43718728481536073,1.70092E-5,16.960972,0.009013193,0.28740695,0.0045707216,0.03796966,0.004669695,0.3198305,0.02547015,0.78069717,0.004245154,0.055728957,0.0066256295,0.18207602,0.024280973,0.0561967,0.012400212,0.78069717,0.004245154,"TWOGAUSSIANS_WITH_ELLIPSOIDAL_ON_ECLIPSE2",9,23.043344,0.28714696,0.004422479,0.21263011,0.026150292,0.43202415,0.020938108,0.78069717,0.004245154,0.31208217,0.037103523,0.29446164,0.015917052
375316653866487564,5834364118521905152,0.5614604,2166.1393650153136,0.9318176735485209,7.688833E-6,17.998125,0.0041135587,0.25821728,0.0014765617,0.046202783,0.002095777,0.46957943,0.016038861,0.75921005,0.0026695055,0.043355506,0.002115381,0.50181234,0.02973031,null,null,null,null,"TWOGAUSSIANS",8,10.131585,0.75921005,0.0026695055,0.24279085,0.0118461335,0.5018122,0.029730381,0.25821728,0.0014765617,0.2587356,0.011736352,0.46957928,0.016038941
375316653866487564,5834364148482391168,0.5407487,2157.579237048,0.23995023534652035,2.6117594E-5,15.448701,8.0459774E-4,0.2818527,0.011026853,0.020206714,0.008716085,0.08218709,0.023534743,0.7663596,0.005428301,0.020352475,0.004974625,0.14931603,0.014501612,null,null,null,null,"TWOGAUSSIANS",8,18.078018,0.7663596,0.005428301,0.113973856,0.027857902,0.14931603,0.014501612,0.2818527,0.011026853,0.1131576,0.048810076,0.08218709,0.023534743
375316653866487564,5834364221548165376,0.5155633,2158.876180403387,0.6407176272121219,2.5089168E-5,18.330786,0.0030598845,0.23405574,0.0074355747,0.06722064,0.006667169,0.18002766,0.010957542,0.73618764,0.0040955343,0.05980167,0.006418163,0.19449082,0.025649374,null,null,null,null,"TWOGAUSSIANS",8,3.9625244,0.73618764,0.0040955343,0.33488935,0.035941713,0.19434015,0.025738893,0.23405574,0.0074355747,0.3764356,0.037336145,0.17987698,0.010988961
375316653866487564,5834364221548252288,0.45297316,2153.0514920552937,1.0978910621501952,1.5970679E-4,18.681894,0.016167248,0.45115492,0.0851929,0.052923556,0.062187526,0.62630874,0.5284325,0.8461516,0.0014622547,0.010932614,0.008177647,0.06299099,0.111121505,null,null,null,null,"TWOGAUSSIANS",8,11.658063,0.45115492,0.0851929,0.2963719,0.10307944,0.62630874,0.5284503,0.8461516,0.0014622547,0.06122264,0.045794826,0.06299099,0.11093423
375316653866487564,5834364290320678400,0.56298786,2152.217275208444,2.036980932006938,1.3462182E-5,17.931587,0.0073585273,0.18681887,0.0029076724,0.09339271,0.0061780643,0.16101792,0.00762474,0.67303157,0.005290478,0.094587065,0.0070414413,0.24048455,0.011990642,null,null,null,null,"TWOGAUSSIANS",8,2.9824166,0.67303157,0.005290478,0.4,0.0,0.23110643,0.012871672,0.18681887,0.0029076724,0.4,0.0,0.1516401,0.0069376254
375316653866487564,5834364358987423360,0.5565707,2170.7160307146532,3.259240173124138,1.9861593E-5,18.999506,0.021879267,0.28279454,0.0018648059,0.047976956,0.005782278,0.36355016,0.04695935,0.7767567,0.011544606,0.045875248,0.016102383,0.27980563,0.048459526,0.10829091,0.028453888,0.28279454,0.0018648059,"TWOGAUSSIANS_WITH_ELLIPSOIDAL_ON_ECLIPSE1",9,3.8699281,0.28279454,0.0018648059,0.26867095,0.032380756,0.58013093,0.026090287,0.7774467,0.009720665,0.25690138,0.09017334,0.49611035,0.034370597
375316653866487564,5834364393349174528,0.48705387,2170.6016051553065,2.7805713883910372,2.272146E-5,19.659813,0.5915735,0.23855801,0.004782029,0.13522574,0.057899907,0.5648387,0.5689236,0.74286246,0.006937553,0.13251387,0.060477007,0.55697995,0.5563369,null,null,null,null,"TWOGAUSSIANS",8,2.4599707,0.23845802,0.004626509,0.4,0.0,0.3754077,0.023321688,0.7429825,0.0069649084,0.4,0.0,0.36786214,0.04424692
375316653866487564,5834364599507721344,0.45845288,2174.961256129359,1.979531484367133,4.3741413E-5,18.657133,0.013423144,0.2848369,0.01202696,0.09294828,0.02025902,0.12855884,0.019510504,0.77530843,0.004356308,0.07342574,0.011217372,0.14832877,0.016097685,null,null,null,null,"TWOGAUSSIANS",8,4.2027793,0.77530843,0.004356308,0.4,0.02079188,0.14583443,0.015104393,0.2848369,0.01202696,0.4,0.0,0.12606438,0.01961662
375316653866487564,5834364633867512192,0.5107892,2157.2450155072884,3.1071936283438264,1.8946144E-5,19.392178,0.022428786,0.31442875,0.0029936845,0.07292675,0.008282132,0.4316041,0.051459216,0.8124453,0.0035611459,0.082991086,0.008559204,0.4238322,0.03721233,null,null,null,null,"TWOGAUSSIANS",8,2.3944454,0.31442875,0.0029936845,0.4,0.008399046,0.42681652,0.052820265,0.8124453,0.0035611459,0.4,0.0,0.41904464,0.03806167
375316653866487564,5834364702587018368,0.5169836,2189.4215062064623,3.114762108042512,1.4395884E-5,19.28799,0.0105324965,0.25684413,0.004107086,0.0712317,0.004957973,0.5398886,0.049304172,0.75610375,0.0030749105,0.060008425,0.0049825683,0.59580386,0.047748942,null,null,null,null,"TWOGAUSSIANS",8,6.4678283,0.75610375,0.0030749105,0.33604717,0.027902381,0.5950276,0.048041523,0.25684413,0.004107086,0.39889753,0.022935271,0.5391123,0.049491175
375316653866487564,5834364771357532672,0.47094917,2192.1680939729786,1.6895137537240006,3.464602E-5,15.611587,0.0022684142,null,null,null,null,null,null,null,null,null,null,null,null,0.043605983,0.0033337013,0.27678227,0.005189686,"ELLIPSOIDAL",4,46.16868,null,null,null,null,null,null,null,null,null,null,null,null
