Gaia/vari_eclipsing_binary/VariEclipsingBinary_461568-461582.csv
# %ECSV 1.0
# ---
# delimiter: ','
# meta: !!omap
# - RELEASE: Gaia DR3
# - TABLE: vari_eclipsing_binary
# - DESCRIPTION: >
#     This table describes the properties of the eclipsing binaries resulting from the variability analysis. 
# - CITATION: >
#     How to cite and acknowledge Gaia: 
#     https://gea.esac.esa.int/archive/documentation/credits.html 
# - KNOWN_ISSUES: >
#     Known issues: 
#     https://www.cosmos.esa.int/web/gaia-users/known-issues 
# - DOCUMENTATION: >
#     Tutorials and documentation: 
#     https://www.cosmos.esa.int/web/gaia-users/archive 
# datatype:
# - 
#   name: solution_id
#   datatype: int64
#   description: Solution Identifier
#   meta:
#     ucd: meta.version
# - 
#   name: source_id
#   datatype: int64
#   description: Unique source identifier
#   meta:
#     ucd: meta.id;meta.main
# - 
#   name: global_ranking
#   datatype: float32
#   description: Number between 0 (worst) and 1 (best)
#   meta:
#     ucd: stat.param
# - 
#   name: reference_time
#   datatype: float64
#   unit: d
#   description: Reference time used for the geometric model fit
#   meta:
#     ucd: time.epoch
# - 
#   name: frequency
#   datatype: float64
#   unit: d**-1
#   description: Frequency of geometric model of the eclipsing binary light curve
#   meta:
#     ucd: src.orbital
# - 
#   name: frequency_error
#   datatype: float32
#   unit: d**-1
#   description: "Uncertainty of \\texttt{frequency}"
#   meta:
#     ucd: stat.error
# - 
#   name: geom_model_reference_level
#   datatype: float32
#   unit: mag
#   description: Magnitude reference level of geometric model
#   meta:
#     ucd: phot.mag;em.opt
# - 
#   name: geom_model_reference_level_error
#   datatype: float32
#   unit: mag
#   description: "Uncertainty of \\texttt{geomModelReferenceLevel}"
#   meta:
#     ucd: stat.error;phot.mag;em.opt
# - 
#   name: geom_model_gaussian1_phase
#   datatype: float32
#   description: Phase of the Gaussian 1 component
#   meta:
#     ucd: time.phase
# - 
#   name: geom_model_gaussian1_phase_error
#   datatype: float32
#   description: "Uncertainty of \\texttt{geomModelGaussian1Phase}"
#   meta:
#     ucd: stat.error;time.phase
# - 
#   name: geom_model_gaussian1_sigma
#   datatype: float32
#   description: "Standard deviation [phase] of Gaussian 1 component"
#   meta:
#     ucd: stat.stdev
# - 
#   name: geom_model_gaussian1_sigma_error
#   datatype: float32
#   description: "Uncertainty of \\texttt{geomModelGaussian1Sigma}"
#   meta:
#     ucd: stat.error
# - 
#   name: geom_model_gaussian1_depth
#   datatype: float32
#   unit: mag
#   description: Magnitude depth of Gaussian 1 component
#   meta:
#     ucd: src.var.amplitude
# - 
#   name: geom_model_gaussian1_depth_error
#   datatype: float32
#   unit: mag
#   description: "Uncertainty of \\texttt{geomModelGaussian1Depth}"
#   meta:
#     ucd: stat.error;src.var.amplitude
# - 
#   name: geom_model_gaussian2_phase
#   datatype: float32
#   description: Phase of Gaussian 2 component
#   meta:
#     ucd: time.phase
# - 
#   name: geom_model_gaussian2_phase_error
#   datatype: float32
#   description: "Uncertainty of \\texttt{geomModelGaussian2Phase}"
#   meta:
#     ucd: stat.error;time.phase
# - 
#   name: geom_model_gaussian2_sigma
#   datatype: float32
[...]
#   datatype: float32
#   description: "Secondary eclipse: uncertainty of \\texttt{derivedSecondaryEclDuration}"
#   meta:
#     ucd: stat.error;time.duration
# - 
#   name: derived_secondary_ecl_depth
#   datatype: float32
#   unit: mag
#   description: "Secondary eclipse: depth"
#   meta:
#     ucd: src.var.amplitude
# - 
#   name: derived_secondary_ecl_depth_error
#   datatype: float32
#   unit: mag
#   description: "Secondary eclipse: uncertainty of \\texttt{derivedSecondaryEclDepth}"
#   meta:
#     ucd: stat.error;src.var.amplitude
solution_id,source_id,global_ranking,reference_time,frequency,frequency_error,geom_model_reference_level,geom_model_reference_level_error,geom_model_gaussian1_phase,geom_model_gaussian1_phase_error,geom_model_gaussian1_sigma,geom_model_gaussian1_sigma_error,geom_model_gaussian1_depth,geom_model_gaussian1_depth_error,geom_model_gaussian2_phase,geom_model_gaussian2_phase_error,geom_model_gaussian2_sigma,geom_model_gaussian2_sigma_error,geom_model_gaussian2_depth,geom_model_gaussian2_depth_error,geom_model_cosine_half_period_amplitude,geom_model_cosine_half_period_amplitude_error,geom_model_cosine_half_period_phase,geom_model_cosine_half_period_phase_error,model_type,num_model_parameters,reduced_chi2,derived_primary_ecl_phase,derived_primary_ecl_phase_error,derived_primary_ecl_duration,derived_primary_ecl_duration_error,derived_primary_ecl_depth,derived_primary_ecl_depth_error,derived_secondary_ecl_phase,derived_secondary_ecl_phase_error,derived_secondary_ecl_duration,derived_secondary_ecl_duration_error,derived_secondary_ecl_depth,derived_secondary_ecl_depth_error
[from data line 36]
375316653866487564,4060019669957061504,0.47488484,2366.042805863775,1.064732830048045,7.209269E-5,19.376686,0.024071477,0.25492617,0.15045631,0.04240279,0.09286959,0.33969384,0.5996981,0.7640276,0.005679869,0.022992758,0.008766772,0.31690282,0.078417376,null,null,null,null,"TWOGAUSSIANS",8,3.6971285,0.25492617,0.15045631,0.23745562,0.23119806,0.33969384,0.59977716,0.7640276,0.005679869,0.12875944,0.049093924,0.31690282,0.078597665
375316653866487564,4060019704307150592,0.46180713,2269.146629594867,2.69070162401036,4.0308525E-5,19.609331,0.050917447,0.25519636,0.0074658203,0.066433676,0.018022684,0.5935307,0.12263015,0.7758917,0.0069054505,0.08374882,0.013320403,0.45569822,0.10126773,null,null,null,null,"TWOGAUSSIANS",8,11.6636305,0.25519636,0.0074658203,0.3720286,0.088146545,0.59104097,0.12631294,0.7758917,0.0069054505,0.4,0.0,0.45320848,0.10144309
375316653866487564,4060019738667110272,0.4563901,2257.732316767436,4.6345977037389146,2.1952905E-5,19.227549,0.01826095,0.4388673,0.0081178835,0.07186417,0.0070529524,0.56715804,0.059937857,0.71443695,0.0042640427,0.018235566,0.004018486,0.36613595,0.20476373,null,null,null,null,"TWOGAUSSIANS",8,4.452048,0.4388673,0.0081178835,0.4,0.020350432,0.56715804,0.059937857,0.71443695,0.0042640427,0.10211917,0.022503521,0.36649966,0.20483105
375316653866487564,4060019803087041536,0.45735648,2286.593586667433,2.4432339642900813,1.08340864E-4,17.911041,0.009141424,0.18544608,0.003961926,0.010289726,0.009954909,0.20410295,31.407602,0.4903505,0.014198156,0.069262095,0.07200736,0.084975585,0.045892213,null,null,null,null,"TWOGAUSSIANS",8,4.031695,0.18544608,0.0038173597,0.057622463,0.05574749,0.20410821,31.407352,0.4903505,0.014198156,0.38786775,0.109735474,0.084975585,0.046024617
375316653866487564,4060019871817650304,0.48442736,2278.327039432793,0.6984728444699706,5.95522E-5,17.294147,0.0072991396,0.2628842,0.0012150907,0.030168846,0.009243335,0.034556426,0.005589331,0.73875856,0.0156503,0.070322946,0.026082473,0.10287682,0.03169565,null,null,null,null,"TWOGAUSSIANS",8,6.6675706,0.73875856,0.0156503,0.39380848,0.06388436,0.102876656,0.03170714,0.2628842,0.0012150907,0.16894554,0.051762674,0.03455626,0.0055780616
375316653866487564,4060020043605404672,0.5567697,2273.2389246351854,0.8181523247653018,1.05015606E-4,18.285856,0.0051335525,0.33820617,0.014108435,0.036592424,0.009987603,0.5501664,0.07985224,0.8287596,0.031185254,0.06188098,0.024563408,0.06344599,0.03151217,null,null,null,null,"TWOGAUSSIANS",8,8.507985,0.33820617,0.014108435,0.20491758,0.055930573,0.550166,0.079852425,0.8287596,0.031185254,0.34653348,0.13755508,0.06344558,0.031513713
375316653866487564,4060021422294996224,0.57491446,2281.841524676097,2.4835338508640494,1.7201759E-5,17.049019,0.029855078,0.18537965,0.005420555,0.052404635,0.016612828,0.15914978,0.05499246,0.6686349,0.008641701,0.057344984,0.015304338,0.14462644,0.05838923,0.10285946,0.030028885,0.18537965,0.005420555,"TWOGAUSSIANS_WITH_ELLIPSOIDAL_ON_ECLIPSE1",9,16.365011,0.18537965,0.005420555,0.29346594,0.09303184,0.36486235,0.021934163,0.6731449,0.0065383986,0.3211319,0.08570429,0.34867913,0.019742478
375316653866487564,4060022586225927552,0.6971564,2286.0639158665012,0.47504372858879523,4.72587E-6,15.964167,0.014883397,0.3155523,0.012221595,0.049831096,0.009262597,0.8516864,0.057556786,0.8038398,0.0022903248,0.03906391,0.008816449,0.27618298,0.03977254,0.115422465,0.021104328,0.8038398,0.0022903248,"TWOGAUSSIANS_WITH_ELLIPSOIDAL_ON_ECLIPSE2",9,22.159115,0.3149623,0.011552591,0.27905414,0.051870544,1.0813447,0.030081244,0.8038398,0.0022903248,0.21875788,0.049372114,0.5070266,0.060520362
375316653866487564,4060022624884276992,0.53234065,2277.485493534038,0.9673733829392481,3.223037E-5,19.638601,0.025629528,0.5107782,0.055026777,0.051023114,0.050666414,0.33462572,0.21647489,0.8602801,0.0021281715,0.023426129,0.0029377535,2.904625,1.2666978,null,null,null,null,"TWOGAUSSIANS",8,4.949649,0.8602801,0.0021281715,0.13118632,0.01645142,2.904625,1.2664647,0.5107782,0.055026777,0.28572944,0.16159049,0.33462572,0.21647543
375316653866487564,4060024926996695552,0.45613444,2296.7140353325185,2.178224995173419,1.8653413E-5,19.593138,0.01947491,0.33014798,0.012818272,0.06739982,0.024677576,0.2767531,0.17634733,0.8639509,0.0034511825,0.047426462,0.00691531,0.59463125,0.17114401,null,null,null,null,"TWOGAUSSIANS",8,2.9672997,0.8639509,0.0034511825,0.2655882,0.038725737,0.5946162,0.171161,0.33014798,0.012818272,0.377439,0.078534886,0.27673805,0.17651054
375316653866487564,4060025545542257536,0.558719,2294.1135151662893,4.073256509162849,1.2326723E-5,16.020508,0.0352794,0.30449465,0.015359099,0.08759518,0.018091237,0.53652424,0.039507367,0.772362,0.016869484,0.09055285,0.017200625,0.47073287,0.05668072,null,null,null,null,"TWOGAUSSIANS",8,71.71828,0.30449465,0.015359099,0.4,0.0,0.5249362,0.037478812,0.772362,0.016869484,0.4,0.0,0.45914438,0.04966021
375316653866487564,4060025992148895488,0.48182702,2251.901345712174,0.07729769593305479,3.700832E-5,19.098436,0.06818541,0.3718172,0.025904914,0.12911698,0.045168456,0.21309167,0.07131072,0.81848097,0.016089948,0.09628915,0.021562818,0.26769125,0.06939312,null,null,null,null,"TWOGAUSSIANS",8,2.2859595,0.81848097,0.016089948,0.4,0.0,0.24555694,0.03266412,0.37183723,0.025924569,0.4,0.0,0.19040424,0.030213816
375316653866487564,4060026335747320320,0.51104385,2269.5035183097802,2.1600919153105114,2.3112168E-5,18.136988,0.039518308,0.28795758,0.043824837,0.0751112,0.060609404,0.4083496,0.45888597,0.7997958,0.004690369,0.07699392,0.017157666,0.2839442,0.042162437,null,null,null,null,"TWOGAUSSIANS",8,14.12376,0.28795758,0.043824837,0.4,0.1881295,0.40599176,0.4661996,0.7997958,0.004690369,0.4,0.005838336,0.28158635,0.03978265
375316653866487564,4060026468876788480,0.53395176,2258.975743927948,0.20764089094422605,1.2248036E-5,13.568204,0.025843082,0.3346121,0.0072812377,0.07950276,0.0070179338,0.16217022,0.023099706,0.77865386,0.0043158927,0.1549902,0.023692781,0.15285188,0.022397477,null,null,null,null,"TWOGAUSSIANS",8,53.74008,0.33626208,0.007222373,0.4,0.0,0.14736204,0.013683158,0.77865386,0.0043158927,0.4,0.0,0.13524127,0.009912243
375316653866487564,4060027263461033216,0.5010844,2284.768123034086,2.6056761814277163,3.0650644E-5,19.653065,0.07535161,0.1757555,0.007056831,0.08765347,0.019394372,0.34516647,0.068913676,0.69643843,0.023929948,0.07628688,0.0644008,0.29416254,0.16291963,null,null,null,null,"TWOGAUSSIANS",8,2.4750648,0.1757555,0.006958653,0.4,0.0,0.34104294,0.033590388,0.69643843,0.02394564,0.4,0.042743053,0.29003915,0.17729926
375316653866487564,4060027366540121344,0.55203277,2261.046613870724,2.7271186484947836,1.50995365E-5,19.072573,0.018239502,0.23481672,0.008842424,0.08593331,0.008268096,0.4758715,0.036535718,0.7275249,0.009360536,0.078603595,0.012457071,0.55922955,0.07106672,null,null,null,null,"TWOGAUSSIANS",8,3.4196324,0.7275249,0.009360536,0.4,0.0,0.5503773,0.07774408,0.23481672,0.008842424,0.4,0.0,0.4670192,0.035883605
375316653866487564,4060027641417904896,0.47002852,2272.8778785807176,3.0662862507961997,5.385266E-5,18.93414,0.21595965,0.31965896,0.009318844,0.124494396,0.08196325,0.26398513,0.18281837,0.8186509,0.017771795,0.102189586,0.038520496,0.28320643,0.1865538,null,null,null,null,"TWOGAUSSIANS",8,4.8377295,0.8186509,0.017883437,0.4,0.0,0.23632278,0.029438246,0.31965896,0.009302694,0.4,0.0,0.21693905,0.03984969
375316653866487564,4060027740191631360,0.71121067,2314.1193996179986,1.5633200995000887,3.0732986E-6,17.73764,0.0018396596,0.20292851,8.148987E-4,0.0072867447,0.0032934975,0.01668238,0.025738213,0.4885202,5.4714957E-4,0.0552797,7.3812326E-4,0.5434679,0.00481459,null,null,null,null,"TWOGAUSSIANS",8,0.67657346,0.4885202,5.4714957E-4,0.30956632,0.00413349,0.5434679,0.00481459,0.20292851,8.148987E-4,0.040805772,0.018443586,0.01668325,0.02573807
375316653866487564,4060028324303021312,0.62776977,2261.1031293994693,0.949421905819241,1.105835E-5,17.055603,0.0051570227,0.24695325,0.0035500757,0.07067988,0.004926343,0.4781477,0.019282976,0.7563741,0.002265653,0.07368852,0.0037602424,0.28682068,0.018085398,null,null,null,null,"TWOGAUSSIANS",8,7.958912,0.24695325,0.0035500757,0.39580733,0.011140881,0.47669548,0.019686239,0.7563741,0.002265653,0.4,0.0,0.28536847,0.01826581
375316653866487564,4060028564821467264,0.5186362,2272.783235649076,1.5474834434235172,1.5479161E-5,14.184698,0.0872781,0.26270202,0.008546777,0.14816575,0.043370076,0.1466302,0.08539919,0.74375075,0.0047380207,0.12159417,0.022088183,0.18150066,0.076964445,null,null,null,null,"TWOGAUSSIANS",8,60.153408,0.74375075,0.0047380207,0.4,0.0,0.13245516,0.007106702,0.262952,0.008271675,0.4,0.0,0.09660571,0.0059130513
375316653866487564,4060029084517891456,0.53167844,2275.4234988956146,0.1967910568202505,4.0529707E-5,19.314882,0.011207272,0.24218476,0.039413176,0.074867986,0.029998181,0.36721948,0.11559347,0.5042555,0.04852098,0.13061222,0.026806412,0.45551193,0.09040237,null,null,null,null,"TWOGAUSSIANS",8,3.2909143,0.5042555,0.04852098,0.4,0.0,0.45493296,0.0874889,0.26000476,0.04261053,0.4,0.13741904,0.43485463,0.0483087
375316653866487564,4060030562000042496,0.5215452,2289.0745711194927,1.4073250846694219,8.949153E-6,19.073372,0.0071205217,0.58338594,2.4107695E-4,0.0041935756,1.3130656E-4,0.88188595,0.049743187,0.4698947,0.030683296,0.07667063,0.025657278,0.08181161,0.28254828,null,null,null,null,"TWOGAUSSIANS",8,3.4930828,0.58337593,2.3406668E-4,0.023484021,7.353167E-4,0.90924263,0.047925547,0.4698947,0.030683296,0.4,0.084855795,0.08181161,0.28254828
375316653866487564,4060031970749615872,0.57577604,2302.8043937545517,1.4303521896324423,1.8856812E-5,19.336714,0.008540258,0.25973752,0.005823951,0.053491063,0.004760344,0.6775445,0.04609158,0.74789554,0.033381507,0.044864416,0.03754739,0.19903614,0.34689093,null,null,null,null,"TWOGAUSSIANS",8,2.564393,0.25973752,0.005823951,0.29954997,0.026657926,0.67754346,0.046092562,0.74789554,0.033381507,0.25124073,0.17838825,0.19903512,0.34693432
375316653866487564,4060034719529099392,0.5253066,2270.680859025278,0.9591725350096431,6.4817173E-6,18.763384,0.0033677362,0.3802961,0.025117503,0.036390457,0.015691746,0.3846871,0.111765824,0.89679545,0.0014120862,0.012399787,0.008136878,0.8876628,4991713.0,null,null,null,null,"TWOGAUSSIANS",8,1.5021727,0.89679545,0.0014120862,0.06943881,0.045566514,0.8876628,4991713.0,0.3802961,0.025117503,0.20378657,0.08787378,0.3846871,0.111765824
375316653866487564,4060035784745385344,0.59829247,2189.755042251932,0.7892855397889679,1.7332432E-5,17.307917,0.010267822,0.1441354,0.010241944,0.046215016,0.006764124,0.4086877,0.027611252,0.6532735,0.006618348,0.0389726,0.009227802,0.11034826,0.0082338,null,null,null,null,"TWOGAUSSIANS",8,6.250491,0.1441354,0.010241944,0.25880408,0.037879094,0.4086877,0.02761034,0.6532735,0.006618348,0.21824656,0.051675692,0.11034825,0.008232987
375316653866487564,4060035819105152640,0.5812211,2243.972326766076,1.2059274577415073,2.1548316E-5,17.812004,0.017693007,0.22688194,0.0039504915,0.037003715,0.003683238,0.96168417,0.09275839,0.7425344,0.008053177,0.03643632,0.04130519,0.16062257,141131.11,0.10651019,0.031406064,0.7425344,0.008053177,"TWOGAUSSIANS_WITH_ELLIPSOIDAL_ON_ECLIPSE2",9,18.343193,0.22724195,0.0038056283,0.20722081,0.020626133,1.1726984,0.09752281,0.7425344,0.008053177,0.2040434,0.23130909,0.37364292,141131.11
375316653866487564,4060036025199709312,0.50443643,2217.1437268535155,3.0073630505006457,4.309881E-5,19.226768,0.02810966,0.13611802,0.0032361276,0.07662097,0.005549362,0.36802036,0.034397516,0.6295077,0.02282175,0.057645295,0.031900417,0.3273046,0.08144431,null,null,null,null,"TWOGAUSSIANS",8,4.903531,0.13611802,0.0032361276,0.4,0.0,0.36745915,0.031961996,0.6295077,0.02282175,0.32281366,0.12613468,0.3267434,0.0829199
375316653866487564,4060039048855399680,0.46452326,2410.1875352154448,1.1707203497782575,6.047647E-5,19.915615,0.01094239,0.16495065,0.013982545,0.024048183,0.03070015,1.0505884,1.1179528,0.65094805,0.0012067653,0.02791046,0.0033493554,0.549245,0.3348456,null,null,null,null,"TWOGAUSSIANS",8,2.752707,0.16495065,0.013982545,0.13466983,0.17192085,1.0505884,1.1179528,0.65094805,0.0012067653,0.15629858,0.018756391,0.549245,0.3348456
375316653866487564,4060040320230671488,0.63534325,2360.932487311807,0.4603881308263783,2.5316483E-6,15.533226,0.0050086896,0.30137807,0.0035193015,0.035400726,0.0032922546,0.5642837,0.07477654,0.79790485,8.2176446E-4,0.034891296,0.0014099618,0.54548055,0.028254267,0.013732446,0.0078756185,0.30137807,0.0035193015,"TWOGAUSSIANS_WITH_ELLIPSOIDAL_ON_ECLIPSE1",9,23.643888,0.30137807,0.0035193015,0.19824407,0.018436626,0.5917486,0.0804762,0.7979249,8.146511E-4,0.19539125,0.007895786,0.57293236,0.027699612
375316653866487564,4060044890016541440,0.52010804,2301.818323621152,1.0109997433050122,3.0227879E-5,19.305822,0.010141102,0.24554403,0.003294758,0.037431285,0.0022918833,0.48466793,0.021004768,0.7171304,0.016675657,0.05898806,0.013709514,0.24130489,0.16519067,null,null,null,null,"TWOGAUSSIANS",8,4.0993814,0.24554403,0.003294758,0.2096152,0.012834546,0.48466775,0.021004582,0.7171304,0.016675657,0.33033314,0.076773286,0.2413047,0.16519088
375316653866487564,4060045027451566848,0.55479616,2267.598771198288,2.5844566253522445,1.1783929E-5,19.815355,0.02051033,0.29241997,0.0037457403,0.07434269,0.0051708585,0.63182205,0.060194362,0.78851223,0.005827881,0.07567522,0.0082935635,0.56365,0.042574797,null,null,null,null,"TWOGAUSSIANS",8,1.7164824,0.29241997,0.0037457403,0.4,0.0035091934,0.62759066,0.060680833,0.78851223,0.005827881,0.4,0.0,0.5594186,0.04371135
375316653866487564,4060045749005293824,0.59512055,2377.8978553445017,3.417509024089503,5.71758E-6,19.03555,0.010594358,0.24513055,0.002767264,0.038627986,0.0044807266,0.47600365,0.060360905,0.7412064,0.0013489387,0.040205475,0.0031687804,0.41568846,0.033253048,0.14641507,0.019202882,0.24513055,0.002767264,"TWOGAUSSIANS_WITH_ELLIPSOIDAL_ON_ECLIPSE1",9,3.1899488,0.24513055,0.002767264,0.21631673,0.025092069,0.7688336,0.057586875,0.74152637,0.001167445,0.22515067,0.017745169,0.70835507,0.026309952
375316653866487564,4060046122655309056,0.5931895,2406.9157584024083,0.2267691200749236,8.084899E-5,16.82546,0.0037429235,0.10450522,0.016001387,0.020435102,0.0076000593,0.047393385,0.01820564,0.33763725,0.008792075,0.030354084,0.003951547,0.9973815,0.21104547,null,null,null,null,"TWOGAUSSIANS",8,18.038694,0.33763725,0.008792075,0.16998288,0.022128666,0.9973815,0.21104547,0.10450522,0.016001387,0.114436574,0.04256033,0.047393385,0.01820564
375316653866487564,4060047570135778944,0.55111617,2386.768890168847,0.5242596990247445,2.448098E-6,16.011496,0.0012488193,0.13347556,0.0049264403,0.02345227,0.0030760614,0.13883692,0.024339642,0.64891386,3.8754212E-4,0.01845368,2.824338E-4,0.17123313,0.0013300343,null,null,null,null,"TWOGAUSSIANS",8,7.096705,0.64891386,3.8754212E-4,0.10334061,0.0015816293,0.17123313,0.0013300343,0.13347556,0.0049264403,0.13133271,0.017225944,0.13883692,0.024339642
375316653866487564,4060049318103523968,0.46456653,2258.108899437515,0.7632177536122183,3.4081444E-5,15.641397,0.0054213614,0.31016618,0.029589748,0.024521908,0.0224962,0.07017321,0.037050262,0.81358796,0.006037751,0.015788455,0.0046094507,0.14511754,0.043028176,null,null,null,null,"TWOGAUSSIANS",8,132.52116,0.81358796,0.006037751,0.08841535,0.025812924,0.14511754,0.043028176,0.31016618,0.029589748,0.1373227,0.12597871,0.07017321,0.037050262
375316653866487564,4060052998912291200,0.49122027,2303.2537459425553,3.767217886134137,3.182869E-5,19.484049,0.057855364,0.17057984,0.011847788,0.10128888,0.024900096,0.21452853,0.058696643,0.65793896,0.05687056,0.080279864,0.038181838,0.23207347,0.09471366,null,null,null,null,"TWOGAUSSIANS",8,1.5776862,0.65793896,0.05687056,0.4,0.10130468,0.22389196,0.07786221,0.17057984,0.011853933,0.4,0.0,0.20634441,0.029679023
