Gaia/vari_eclipsing_binary/VariEclipsingBinary_529247-529270.csv
# %ECSV 1.0
# ---
# delimiter: ','
# meta: !!omap
# - RELEASE: Gaia DR3
# - TABLE: vari_eclipsing_binary
# - DESCRIPTION: >
#     This table describes the properties of the eclipsing binaries resulting from the variability analysis. 
# - CITATION: >
#     How to cite and acknowledge Gaia: 
#     https://gea.esac.esa.int/archive/documentation/credits.html 
# - KNOWN_ISSUES: >
#     Known issues: 
#     https://www.cosmos.esa.int/web/gaia-users/known-issues 
# - DOCUMENTATION: >
#     Tutorials and documentation: 
#     https://www.cosmos.esa.int/web/gaia-users/archive 
# datatype:
# - 
#   name: solution_id
#   datatype: int64
#   description: Solution Identifier
#   meta:
#     ucd: meta.version
# - 
#   name: source_id
#   datatype: int64
#   description: Unique source identifier
#   meta:
#     ucd: meta.id;meta.main
# - 
#   name: global_ranking
#   datatype: float32
#   description: Number between 0 (worst) and 1 (best)
#   meta:
#     ucd: stat.param
# - 
#   name: reference_time
#   datatype: float64
#   unit: d
#   description: Reference time used for the geometric model fit
#   meta:
#     ucd: time.epoch
# - 
#   name: frequency
#   datatype: float64
#   unit: d**-1
#   description: Frequency of geometric model of the eclipsing binary light curve
#   meta:
#     ucd: src.orbital
# - 
#   name: frequency_error
#   datatype: float32
#   unit: d**-1
#   description: "Uncertainty of \\texttt{frequency}"
#   meta:
#     ucd: stat.error
# - 
#   name: geom_model_reference_level
#   datatype: float32
#   unit: mag
#   description: Magnitude reference level of geometric model
#   meta:
#     ucd: phot.mag;em.opt
# - 
#   name: geom_model_reference_level_error
#   datatype: float32
#   unit: mag
#   description: "Uncertainty of \\texttt{geomModelReferenceLevel}"
#   meta:
#     ucd: stat.error;phot.mag;em.opt
# - 
#   name: geom_model_gaussian1_phase
#   datatype: float32
#   description: Phase of the Gaussian 1 component
#   meta:
#     ucd: time.phase
# - 
#   name: geom_model_gaussian1_phase_error
#   datatype: float32
#   description: "Uncertainty of \\texttt{geomModelGaussian1Phase}"
#   meta:
#     ucd: stat.error;time.phase
# - 
#   name: geom_model_gaussian1_sigma
#   datatype: float32
#   description: "Standard deviation [phase] of Gaussian 1 component"
#   meta:
#     ucd: stat.stdev
# - 
#   name: geom_model_gaussian1_sigma_error
#   datatype: float32
#   description: "Uncertainty of \\texttt{geomModelGaussian1Sigma}"
#   meta:
#     ucd: stat.error
# - 
#   name: geom_model_gaussian1_depth
#   datatype: float32
#   unit: mag
#   description: Magnitude depth of Gaussian 1 component
#   meta:
#     ucd: src.var.amplitude
# - 
#   name: geom_model_gaussian1_depth_error
#   datatype: float32
#   unit: mag
#   description: "Uncertainty of \\texttt{geomModelGaussian1Depth}"
#   meta:
#     ucd: stat.error;src.var.amplitude
# - 
#   name: geom_model_gaussian2_phase
#   datatype: float32
#   description: Phase of Gaussian 2 component
#   meta:
#     ucd: time.phase
# - 
#   name: geom_model_gaussian2_phase_error
#   datatype: float32
#   description: "Uncertainty of \\texttt{geomModelGaussian2Phase}"
#   meta:
#     ucd: stat.error;time.phase
# - 
#   name: geom_model_gaussian2_sigma
#   datatype: float32
[...]
#   datatype: float32
#   description: "Secondary eclipse: uncertainty of \\texttt{derivedSecondaryEclDuration}"
#   meta:
#     ucd: stat.error;time.duration
# - 
#   name: derived_secondary_ecl_depth
#   datatype: float32
#   unit: mag
#   description: "Secondary eclipse: depth"
#   meta:
#     ucd: src.var.amplitude
# - 
#   name: derived_secondary_ecl_depth_error
#   datatype: float32
#   unit: mag
#   description: "Secondary eclipse: uncertainty of \\texttt{derivedSecondaryEclDepth}"
#   meta:
#     ucd: stat.error;src.var.amplitude
solution_id,source_id,global_ranking,reference_time,frequency,frequency_error,geom_model_reference_level,geom_model_reference_level_error,geom_model_gaussian1_phase,geom_model_gaussian1_phase_error,geom_model_gaussian1_sigma,geom_model_gaussian1_sigma_error,geom_model_gaussian1_depth,geom_model_gaussian1_depth_error,geom_model_gaussian2_phase,geom_model_gaussian2_phase_error,geom_model_gaussian2_sigma,geom_model_gaussian2_sigma_error,geom_model_gaussian2_depth,geom_model_gaussian2_depth_error,geom_model_cosine_half_period_amplitude,geom_model_cosine_half_period_amplitude_error,geom_model_cosine_half_period_phase,geom_model_cosine_half_period_phase_error,model_type,num_model_parameters,reduced_chi2,derived_primary_ecl_phase,derived_primary_ecl_phase_error,derived_primary_ecl_duration,derived_primary_ecl_duration_error,derived_primary_ecl_depth,derived_primary_ecl_depth_error,derived_secondary_ecl_phase,derived_secondary_ecl_phase_error,derived_secondary_ecl_duration,derived_secondary_ecl_duration_error,derived_secondary_ecl_depth,derived_secondary_ecl_depth_error
[from data line 366]
375316653866487564,4655406178485074048,0.45695722,2197.579639194909,0.44224016985574327,3.5907586E-5,16.463251,0.026649471,0.24549931,0.009607597,0.11431813,0.03383095,0.064715184,0.025968703,0.72591585,0.009905179,0.108139805,0.0355869,0.05650985,0.02536728,null,null,null,null,"TWOGAUSSIANS",8,5.5118117,0.24551931,0.009648939,0.4,0.0,0.056801364,0.0055603446,0.72591585,0.009905179,0.4,0.0,0.04860413,0.0065822015
375316653866487564,4655406556442114944,0.5428679,2172.9161998212007,0.5845773805511711,1.051719E-4,16.013306,0.005803074,0.2604752,0.00755542,0.03814287,0.007210129,0.17607917,0.016381258,0.7495102,0.020784298,0.027183888,0.014093433,0.049248073,0.036988657,0.01660727,0.007301316,0.2604752,0.00755542,"TWOGAUSSIANS_WITH_ELLIPSOIDAL_ON_ECLIPSE1",9,14.803964,0.2604752,0.00755542,0.21360008,0.040376723,0.20929371,0.013071587,0.7499202,0.019754615,0.15222977,0.078923225,0.08231114,0.03412826
375316653866487564,4655407239318883328,0.5081443,2180.186390384965,0.12048584114471837,7.978479E-5,18.219501,0.002559357,0.41901758,0.01804321,0.06923903,0.0152153615,0.048111916,0.014163423,0.6590045,0.005952016,0.022411823,0.004182592,0.43303734,0.07722273,0.0071799317,0.00635642,0.6590045,0.005952016,"TWOGAUSSIANS_WITH_ELLIPSOIDAL_ON_ECLIPSE2",9,9.503196,0.6590045,0.005952016,0.1255062,0.023422515,0.44751564,0.07658891,0.42028758,0.019529518,0.38773856,0.077775426,0.048175868,0.014439462
375316653866487564,4655408476284705536,0.52166444,2199.8177335961304,0.8282648837757901,1.8959101E-5,18.78734,0.005470599,0.25216556,7.5012696E-4,0.009952036,6.519745E-4,0.2892481,0.025007488,0.7858735,0.030083071,0.025634844,0.01632014,0.27677754,0.020697117,null,null,null,null,"TWOGAUSSIANS",8,2.1216702,0.25216556,7.5012696E-4,0.055731397,0.0036510574,0.2892481,0.025007488,0.7858735,0.030083071,0.14355512,0.091392785,0.27677754,0.020697117
375316653866487564,4655408961623730304,0.57911265,2183.736261644318,1.0693424176211324,1.3591224E-4,19.604708,0.0061599337,0.65274775,0.0077082478,0.0442567,0.0037569355,1.0724057,0.27662578,null,null,null,null,null,null,null,null,null,null,"ONEGAUSSIAN",5,1.3696859,0.65274775,0.0077082478,0.24783751,0.02103884,1.0724057,0.0,null,null,null,null,null,null
375316653866487564,4655409442660101888,0.52981293,2186.226494191297,0.2808091117908467,1.3606976E-5,17.337223,0.28143227,0.37782604,0.005315421,0.1889853,0.08867833,0.2539845,0.27855536,0.8682337,0.013861798,0.14174886,0.04475547,0.14805242,0.19355822,null,null,null,null,"TWOGAUSSIANS",8,3.6468072,0.37830603,0.004719552,0.4,0.0,0.13321826,0.006195949,0.8682337,0.013861798,0.4,0.0,0.042140864,0.01054144
375316653866487564,4655409747580435328,0.47428384,2172.9915747284044,3.2381407182152313,5.7704754E-5,17.6776,0.0026578677,0.30220494,0.0022572016,0.014200043,0.0022607844,0.17212482,0.009952826,0.5299134,0.020353692,0.04230724,0.019234076,0.01605571,0.008092264,null,null,null,null,"TWOGAUSSIANS",8,4.094879,0.30220494,0.0022572016,0.07952024,0.012660392,0.17212483,0.009952832,0.5299134,0.020353692,0.23692054,0.10771083,0.01605571,0.008092264
375316653866487564,4655410744016748800,0.4873242,2191.1098926750083,0.4919086485389461,2.386513E-5,19.59797,0.0053769676,0.1973919,0.008793927,0.015971826,0.0055034044,0.3064686,0.15119173,0.69264185,0.0027890836,0.02071314,0.0014277209,0.22258468,0.010662658,null,null,null,null,"TWOGAUSSIANS",8,1.8698182,0.1973919,0.008793927,0.08944223,0.030819064,0.3064686,0.15119173,0.69264185,0.0027890836,0.11599358,0.007995237,0.22258468,0.010662658
375316653866487564,4655411332429723392,0.5268959,2174.1366821518873,0.7495301840719583,4.970771E-5,18.131504,0.003330034,0.21814024,0.0011944714,0.040060308,0.0018928519,0.11471405,0.004188273,0.7055133,0.013080582,0.04619294,0.011863151,0.2655438,0.08130578,null,null,null,null,"TWOGAUSSIANS",8,2.573999,0.7055133,0.013080582,0.25868046,0.06643364,0.2655438,0.08130593,0.21814024,0.0011944714,0.22433773,0.010599971,0.11471404,0.0041882265
375316653866487564,4655412191439716224,0.51190436,2202.718883306706,0.38032473809333406,2.53066E-5,17.03723,0.0029467577,0.31730485,0.020315163,0.024968773,0.0104724625,0.20225146,0.23042299,0.8510401,1.780084E-4,0.010241958,9.7213953E-4,0.04920447,0.00874083,0.0094860075,0.0062735984,0.31730485,0.020315163,"TWOGAUSSIANS_WITH_ELLIPSOIDAL_ON_ECLIPSE1",9,4.871842,0.31730485,0.020315163,0.13982512,0.058645792,0.22122343,0.23271422,0.8510401,1.780084E-4,0.057354968,0.0054439814,0.06733674,0.005120521
375316653866487564,4655412294518924928,0.50552064,2218.532810336636,0.45612410959212824,1.7527412E-4,18.510458,0.0034613088,0.18293563,0.019821644,0.028692158,0.016937025,0.056341637,0.041040078,0.7552032,0.022686074,0.02051743,0.0073412415,0.28518978,0.22929613,null,null,null,null,"TWOGAUSSIANS",8,1.923113,0.7552032,0.022686074,0.1148976,0.04111095,0.28518978,0.22929613,0.18293563,0.019821644,0.16067608,0.09484734,0.056341637,0.041040078
375316653866487564,4655412462015072512,0.54773134,2183.851101833832,0.3603910698730408,4.62465E-6,19.460186,0.0042368732,0.29544368,0.0040989495,0.0153053235,0.009422366,0.8308199,169.06424,0.79720056,5.104986E-4,0.017893381,6.8643154E-4,0.3020774,0.010107156,null,null,null,null,"TWOGAUSSIANS",8,0.88432735,0.29544368,0.0040989495,0.08570981,0.052765246,0.8308199,169.06424,0.79720056,5.104986E-4,0.10020293,0.0038440167,0.3020774,0.010107156
375316653866487564,4655414562245432320,0.45881814,2196.5609206097333,1.7239414140131688,4.2451076E-5,18.409111,0.004975427,0.26487055,0.03604904,0.071891785,0.023988124,0.0645493,0.012570754,0.7798925,0.008674988,0.07259205,0.017894369,0.101425335,0.015327053,null,null,null,null,"TWOGAUSSIANS",8,1.7412286,0.7798925,0.008674988,0.4,0.02801478,0.10114379,0.016087271,0.26487055,0.03604904,0.4,0.12145145,0.064267755,0.012517784
375316653866487564,4655415726196704512,0.6083188,2210.42326829726,0.3066618855895109,2.5270815E-6,16.5974,0.00300138,0.19850938,0.009890095,0.016421108,0.0041011386,0.5515703,0.31646168,0.69828975,4.7158898E-4,0.029147284,4.4460892E-4,0.3959122,0.010181591,null,null,null,null,"TWOGAUSSIANS",8,7.036597,0.19850938,0.009890095,0.091958195,0.022966377,0.5515703,0.31646168,0.69828975,4.7158898E-4,0.1632248,0.0024898099,0.3959122,0.010181591
375316653866487564,4655415902275071872,0.43848735,2173.51923434355,0.6781727201258755,4.613822E-5,19.152279,0.018653397,0.31896347,0.013150417,0.06481871,0.009506893,0.10183725,0.018941171,0.66113853,0.014810999,0.1270056,0.030615633,0.16277122,0.023136206,null,null,null,null,"TWOGAUSSIANS",8,2.9824326,0.66113853,0.014810999,0.4,0.0,0.16202801,0.023492482,0.32304347,0.010459082,0.36298478,0.053238604,0.105599806,0.021928567
375316653866487564,4655417242304712192,0.50268877,2196.519733002195,0.4859503325905219,6.357179E-6,19.875137,0.017273435,0.13675681,0.004891068,0.04869342,0.016182369,0.23740166,0.06766519,0.6358311,0.0014653382,0.034677368,0.0023516119,0.4016011,0.025714934,null,null,null,null,"TWOGAUSSIANS",8,1.257995,0.6358311,0.0014653382,0.19419327,0.013169026,0.4016011,0.025714634,0.13675681,0.004891068,0.27268314,0.09062126,0.23740165,0.06766647
375316653866487564,4655418131360702592,0.47101018,2215.921052493873,4.110999998012584,4.3858065E-5,18.624126,0.00335003,0.4482006,0.0018730225,0.021094996,0.0019201973,0.15146856,0.017456235,0.752754,0.0068740794,0.02111531,0.0022018366,0.18957862,0.05995277,null,null,null,null,"TWOGAUSSIANS",8,1.965844,0.752754,0.0068740794,0.11824574,0.012330284,0.18957862,0.05995277,0.4482006,0.0018730225,0.11813198,0.010753104,0.15146856,0.017456235
375316653866487564,4655418818555643648,0.5184208,2131.5971928102986,0.12106178738297868,1.03319195E-4,18.51651,0.0034377673,0.15364586,2.834044E-4,0.010070901,4.9649156E-4,0.23582709,0.0026980704,0.5925038,0.07085317,0.035349946,0.07523525,0.8195135,0.77321136,null,null,null,null,"TWOGAUSSIANS",8,1.7183453,0.5925038,0.07085317,0.1979597,0.195078,0.8195135,0.7732192,0.15364586,2.834044E-4,0.056397047,0.002780353,0.23582709,0.0026952017
375316653866487564,4655420953161261696,0.49798214,2264.442791352883,0.15541680741246705,1.4220344E-5,17.895702,0.0034806358,0.30630204,0.0018550237,0.04456145,0.004608539,0.30525216,0.11004592,0.798499,0.0033870963,0.031074665,0.007013993,0.19414097,0.035218798,null,null,null,null,"TWOGAUSSIANS",8,4.932676,0.30630204,0.0018550237,0.24954413,0.025807818,0.30525216,0.11004592,0.798499,0.0033870963,0.17401813,0.03927836,0.19414097,0.0352188
375316653866487564,4655421228051544064,0.46071854,2240.106691958672,0.06596903763993485,4.652463E-5,19.096636,0.01219652,0.23549843,0.012570908,0.049130328,0.010186477,0.09672822,0.013564372,0.75426495,0.0076534385,0.027305303,0.008333853,0.19116764,0.016998501,null,null,null,null,"TWOGAUSSIANS",8,3.3407938,0.75426495,0.0076534385,0.1529097,0.046669576,0.19116764,0.016998503,0.23549843,0.012570908,0.27512985,0.057044268,0.09672822,0.0135643715
375316653866487564,4655421326812026240,0.4837794,2258.01131350668,0.40562678055473955,3.1725966E-5,16.359709,0.009391109,0.19777226,0.012817393,0.040725887,0.012461128,0.05255526,0.020356584,0.69884616,0.018049015,0.050574966,0.026980978,0.08363232,0.021286353,0.019203551,0.010357449,0.19777226,0.012817393,"TWOGAUSSIANS_WITH_ELLIPSOIDAL_ON_ECLIPSE1",9,13.628895,0.69884616,0.017913932,0.2832198,0.13111292,0.12203717,0.016705194,0.19777226,0.012817393,0.22806495,0.06978232,0.09096186,0.005440249
375316653866487564,4655421502929241216,0.4520614,2240.2285254119465,0.024982990209257525,7.095768E-5,19.57332,0.027488096,0.45863035,0.025451185,0.13978203,0.03805791,0.27308708,0.027917972,0.81793076,0.06293094,0.100690134,0.02952952,0.08254663,0.022260683,null,null,null,null,"TWOGAUSSIANS",8,3.1445677,0.45899037,0.0249164,0.4,0.0,0.26396313,0.026868982,0.81793076,0.06293094,0.4,0.0,0.08332393,0.021936832
375316653866487564,4655422254525714176,0.4631846,2256.481915635705,0.44229626697997326,9.326808E-6,17.118792,0.005001809,0.17540364,0.0042191385,0.015442844,0.006016362,0.12599686,0.01945317,0.58181167,0.023162559,0.04078778,0.027694067,0.046816166,0.16165186,0.017272605,0.013132594,0.17540364,0.0042191385,"TWOGAUSSIANS_WITH_ELLIPSOIDAL_ON_ECLIPSE1",9,32.643147,0.17540364,0.0042191385,0.086479925,0.033691626,0.16054174,0.017017726,0.58874166,0.028649012,0.22841156,0.15508677,0.07142081,0.15842156
375316653866487564,4655422357631258112,0.48208463,2271.197855210823,0.2514618287787648,4.7113263E-5,18.848902,0.004434136,0.096524864,0.0028620355,0.009149663,0.0022278102,0.2164114,0.07537384,0.76918006,0.05696785,0.13905945,0.09221686,0.021460904,0.008616671,null,null,null,null,"TWOGAUSSIANS",8,0.9502565,0.09651486,0.0028622055,0.051238112,0.012475737,0.21768872,0.07538927,0.76918006,0.05696785,0.4,0.0,0.021394014,0.008704159
375316653866487564,4655423083477143808,0.6586565,2213.7522733642454,0.5986210203824066,2.1251E-6,14.758604,0.004554622,0.2815882,0.0022578326,0.0458934,0.003562972,0.4453774,0.041697603,0.7818062,0.0012251107,0.041261222,0.0021302865,0.2705969,0.010604698,0.07631993,0.0077354666,0.2815882,0.0022578326,"TWOGAUSSIANS_WITH_ELLIPSOIDAL_ON_ECLIPSE1",9,13.411545,0.2815882,0.0022578326,0.25700307,0.019952642,0.5980171,0.044862717,0.7818062,0.0011671394,0.23106283,0.011929604,0.42323628,0.007975859
375316653866487564,4655423152196619136,0.5067151,2206.947132299374,0.8391594331116314,3.756245E-5,16.128834,0.0058312304,0.273592,0.0069900136,0.071149886,0.011413936,0.06974041,0.006945491,0.7651069,0.006657453,0.08327392,0.01250019,0.102835506,0.008083414,null,null,null,null,"TWOGAUSSIANS",8,11.136543,0.7651069,0.006657453,0.4,0.0,0.1020779,0.008405326,0.273592,0.0069900136,0.39843935,0.044913296,0.06898281,0.0067898966
375316653866487564,4655423255275831040,0.46970993,2225.370511841841,1.089161647462841,1.7568816E-5,16.081297,0.0014562332,0.22695737,0.016797096,0.06370449,0.017887926,0.051825237,0.015762025,0.7468252,0.005100283,0.065872036,0.0045763776,0.073966585,0.0044045183,null,null,null,null,"TWOGAUSSIANS",8,6.465694,0.7468252,0.005100283,0.3688834,0.025627716,0.07392692,0.0043969518,0.22695737,0.016797096,0.35674512,0.100172386,0.051785573,0.01580552
375316653866487564,4655423319731305344,0.45917273,2237.7884328658633,1.740260324145954,3.682E-5,17.52139,0.3016173,0.2465488,0.008535104,0.13771282,0.08763941,0.21710998,0.29291612,0.7594262,0.007455311,0.12590687,0.06580337,0.20280607,0.2770276,null,null,null,null,"TWOGAUSSIANS",8,13.315625,0.24637881,0.007905371,0.4,0.0,0.15400186,0.018847045,0.7598261,0.006680819,0.4,0.0,0.14016216,0.022005253
375316653866487564,4655423427074517760,0.4768922,2257.52393298837,0.12156368135402615,4.149243E-5,17.267572,0.002902285,0.2950197,0.017032515,0.055081125,0.013254668,0.07346156,0.012616948,0.79371274,0.0089695435,0.051114272,0.0129196625,0.090218134,0.019078566,null,null,null,null,"TWOGAUSSIANS",8,5.4264154,0.79371274,0.0089695435,0.28623992,0.07235011,0.09021579,0.019082502,0.2950197,0.017032515,0.3084543,0.07422614,0.073459215,0.012619912
375316653866487564,4655423560213247872,0.4559705,2246.546932325155,0.6739448617486842,2.6247137E-5,17.96316,0.005091343,0.28853714,0.0050885254,0.044603467,0.00429878,0.13029183,0.0074012307,0.8089139,0.008768036,0.05396441,0.015094147,0.08513016,0.02063208,null,null,null,null,"TWOGAUSSIANS",8,5.3221736,0.28853714,0.0050885254,0.24977942,0.024073169,0.13029164,0.007400472,0.8089139,0.008768036,0.3022007,0.084527224,0.08512998,0.020634804
375316653866487564,4655423908111058688,0.46454552,2173.1159938290307,0.7973209056711781,5.308272E-5,19.236032,0.39275342,0.14942135,0.013296618,0.09157632,0.034339588,0.23617719,0.19071318,0.6821054,0.019813348,0.15554713,0.13525754,0.28879178,0.3826441,null,null,null,null,"TWOGAUSSIANS",8,2.8035374,0.6821054,0.019775579,0.4,0.0,0.2381704,0.025800342,0.14781135,0.010507817,0.4,0.00677927,0.18957692,0.040833447
375316653866487564,4655424011177797632,0.5456725,2199.368272993285,0.06781939829318152,4.674103E-6,19.078802,0.0057332274,0.25724962,2.2243773E-6,0.012979977,1.4704133E-4,2.5030062,0.051795553,0.69766045,0.002332889,0.045419365,0.008825861,0.16528139,0.022175219,null,null,null,null,"TWOGAUSSIANS",8,4.7099476,0.25724962,2.2243773E-6,0.07268787,8.234314E-4,2.5030062,0.051795553,0.69766045,0.002332889,0.25434846,0.049424823,0.16528139,0.022175219
375316653866487564,4655424144311872640,0.5011632,2233.232310665318,0.9039616417181857,1.345258E-5,17.447409,0.00715832,0.26020464,0.0029660675,0.08247704,0.007960018,0.15150587,0.009911848,0.76344234,0.004472544,0.075327486,0.0070068515,0.13452834,0.007097286,null,null,null,null,"TWOGAUSSIANS",8,4.845364,0.26020464,0.0029660675,0.4,0.0,0.14973554,0.010331209,0.76344234,0.004472544,0.4,9.0641447E-4,0.132758,0.0061515057
375316653866487564,4655424492226393728,0.4326502,2239.07006358689,2.3496104213960756,1.710922E-5,18.268417,0.0047375597,0.47157487,0.021417687,0.05324503,0.01983463,0.055247538,0.02252441,0.7266234,0.01732297,0.04024344,0.018517772,0.15329377,0.1297978,null,null,null,null,"TWOGAUSSIANS",8,2.8575146,0.7266234,0.01732297,0.22536325,0.10369952,0.15329434,0.12979898,0.47157487,0.021417687,0.29817218,0.111073926,0.055247538,0.022524413
375316653866487564,4655424767104363008,0.5147203,2248.5922225637464,0.4199117438020878,2.8563038E-5,16.456623,0.003149196,0.33139095,0.002216626,0.038894203,0.0035349804,0.12143318,0.0058662756,0.8029113,0.0067623015,0.029476143,0.015661092,0.05028314,0.16760752,null,null,null,null,"TWOGAUSSIANS",8,8.599572,0.33139095,0.002216626,0.21780753,0.01979589,0.12143318,0.0058662756,0.8029113,0.0067623015,0.1650664,0.08770211,0.05028314,0.16760752
