Gaia/vari_eclipsing_binary/VariEclipsingBinary_663322-663340.csv
# %ECSV 1.0
# ---
# delimiter: ','
# meta: !!omap
# - RELEASE: Gaia DR3
# - TABLE: vari_eclipsing_binary
# - DESCRIPTION: >
#     This table describes the properties of the eclipsing binaries resulting from the variability analysis. 
# - CITATION: >
#     How to cite and acknowledge Gaia: 
#     https://gea.esac.esa.int/archive/documentation/credits.html 
# - KNOWN_ISSUES: >
#     Known issues: 
#     https://www.cosmos.esa.int/web/gaia-users/known-issues 
# - DOCUMENTATION: >
#     Tutorials and documentation: 
#     https://www.cosmos.esa.int/web/gaia-users/archive 
# datatype:
# - 
#   name: solution_id
#   datatype: int64
#   description: Solution Identifier
#   meta:
#     ucd: meta.version
# - 
#   name: source_id
#   datatype: int64
#   description: Unique source identifier
#   meta:
#     ucd: meta.id;meta.main
# - 
#   name: global_ranking
#   datatype: float32
#   description: Number between 0 (worst) and 1 (best)
#   meta:
#     ucd: stat.param
# - 
#   name: reference_time
#   datatype: float64
#   unit: d
#   description: Reference time used for the geometric model fit
#   meta:
#     ucd: time.epoch
# - 
#   name: frequency
#   datatype: float64
#   unit: d**-1
#   description: Frequency of geometric model of the eclipsing binary light curve
#   meta:
#     ucd: src.orbital
# - 
#   name: frequency_error
#   datatype: float32
#   unit: d**-1
#   description: "Uncertainty of \\texttt{frequency}"
#   meta:
#     ucd: stat.error
# - 
#   name: geom_model_reference_level
#   datatype: float32
#   unit: mag
#   description: Magnitude reference level of geometric model
#   meta:
#     ucd: phot.mag;em.opt
# - 
#   name: geom_model_reference_level_error
#   datatype: float32
#   unit: mag
#   description: "Uncertainty of \\texttt{geomModelReferenceLevel}"
#   meta:
#     ucd: stat.error;phot.mag;em.opt
# - 
#   name: geom_model_gaussian1_phase
#   datatype: float32
#   description: Phase of the Gaussian 1 component
#   meta:
#     ucd: time.phase
# - 
#   name: geom_model_gaussian1_phase_error
#   datatype: float32
#   description: "Uncertainty of \\texttt{geomModelGaussian1Phase}"
#   meta:
#     ucd: stat.error;time.phase
# - 
#   name: geom_model_gaussian1_sigma
#   datatype: float32
#   description: "Standard deviation [phase] of Gaussian 1 component"
#   meta:
#     ucd: stat.stdev
# - 
#   name: geom_model_gaussian1_sigma_error
#   datatype: float32
#   description: "Uncertainty of \\texttt{geomModelGaussian1Sigma}"
#   meta:
#     ucd: stat.error
# - 
#   name: geom_model_gaussian1_depth
#   datatype: float32
#   unit: mag
#   description: Magnitude depth of Gaussian 1 component
#   meta:
#     ucd: src.var.amplitude
# - 
#   name: geom_model_gaussian1_depth_error
#   datatype: float32
#   unit: mag
#   description: "Uncertainty of \\texttt{geomModelGaussian1Depth}"
#   meta:
#     ucd: stat.error;src.var.amplitude
# - 
#   name: geom_model_gaussian2_phase
#   datatype: float32
#   description: Phase of Gaussian 2 component
#   meta:
#     ucd: time.phase
# - 
#   name: geom_model_gaussian2_phase_error
#   datatype: float32
#   description: "Uncertainty of \\texttt{geomModelGaussian2Phase}"
#   meta:
#     ucd: stat.error;time.phase
# - 
#   name: geom_model_gaussian2_sigma
#   datatype: float32
[...]
#   datatype: float32
#   description: "Secondary eclipse: uncertainty of \\texttt{derivedSecondaryEclDuration}"
#   meta:
#     ucd: stat.error;time.duration
# - 
#   name: derived_secondary_ecl_depth
#   datatype: float32
#   unit: mag
#   description: "Secondary eclipse: depth"
#   meta:
#     ucd: src.var.amplitude
# - 
#   name: derived_secondary_ecl_depth_error
#   datatype: float32
#   unit: mag
#   description: "Secondary eclipse: uncertainty of \\texttt{derivedSecondaryEclDepth}"
#   meta:
#     ucd: stat.error;src.var.amplitude
solution_id,source_id,global_ranking,reference_time,frequency,frequency_error,geom_model_reference_level,geom_model_reference_level_error,geom_model_gaussian1_phase,geom_model_gaussian1_phase_error,geom_model_gaussian1_sigma,geom_model_gaussian1_sigma_error,geom_model_gaussian1_depth,geom_model_gaussian1_depth_error,geom_model_gaussian2_phase,geom_model_gaussian2_phase_error,geom_model_gaussian2_sigma,geom_model_gaussian2_sigma_error,geom_model_gaussian2_depth,geom_model_gaussian2_depth_error,geom_model_cosine_half_period_amplitude,geom_model_cosine_half_period_amplitude_error,geom_model_cosine_half_period_phase,geom_model_cosine_half_period_phase_error,model_type,num_model_parameters,reduced_chi2,derived_primary_ecl_phase,derived_primary_ecl_phase_error,derived_primary_ecl_duration,derived_primary_ecl_duration_error,derived_primary_ecl_depth,derived_primary_ecl_depth_error,derived_secondary_ecl_phase,derived_secondary_ecl_phase_error,derived_secondary_ecl_duration,derived_secondary_ecl_duration_error,derived_secondary_ecl_depth,derived_secondary_ecl_depth_error
[from data line 508]
375316653866487564,5834781142592278272,0.43124032,2159.4348828394045,3.4965278403434623,2.9572562E-5,19.362041,0.080665246,0.22961566,0.013253035,0.13579477,0.046645258,0.18676305,0.08279105,0.6948004,0.011746517,0.10813805,0.022459805,0.25136682,0.08179933,null,null,null,null,"TWOGAUSSIANS",8,7.144914,0.6948004,0.011746517,0.4,0.0,0.21403496,0.028745549,0.22970566,0.013259376,0.4,0.0,0.14884803,0.048339
375316653866487564,5834781314431605760,0.5702193,2170.082126186382,0.06905746295442028,6.4308544E-5,17.784584,0.0015076372,0.07701921,0.0049711745,0.022214454,0.006314701,0.021114511,0.013698972,0.32601202,0.031461276,0.018117342,0.017584829,0.24145487,7527.9185,null,null,null,null,"TWOGAUSSIANS",8,1.5200524,0.32601202,0.031461276,0.10145712,0.09847505,0.24145487,7527.9185,0.07701921,0.0049711745,0.12440094,0.035362326,0.021114511,0.013698972
375316653866487564,5834781451830284032,0.46494737,2169.2715580244653,0.7352577285283745,2.6188067E-5,19.090155,0.04899747,0.29749522,0.02248355,0.06894657,0.029554434,0.124763206,0.043884117,0.75347817,0.06238109,0.04956542,0.13002403,0.6325766,0.49245954,null,null,null,null,"TWOGAUSSIANS",8,5.8088727,0.75347817,0.06238109,0.27756634,0.123630956,0.63256395,0.5111539,0.29749522,0.019979455,0.38610077,0.13777892,0.1247506,0.03919518
375316653866487564,5834781623629138176,0.5240165,2194.1707759475044,3.874289653042623,1.5477024E-5,18.810503,0.028159559,0.27306852,0.003279361,0.0456476,0.007068463,0.47125593,0.06648484,0.7559355,0.009112515,0.039852623,0.0062428685,0.30056638,0.060084976,0.13278212,0.041916456,0.27306852,0.003279361,"TWOGAUSSIANS_WITH_ELLIPSOIDAL_ON_ECLIPSE1",9,12.383217,0.27306852,0.003279361,0.25562656,0.039583392,0.73682,0.034893937,0.7576355,0.008235116,0.22317469,0.03496006,0.56336784,0.06272968
375316653866487564,5834781829787452672,0.514803,2169.0384399742125,2.9895387110383917,1.4810355E-5,19.850344,0.011855981,0.24578758,0.0028620714,0.06986086,0.0041596275,0.581427,0.037822176,0.75152755,0.004500055,0.06089966,0.006826675,0.5079017,0.044173464,null,null,null,null,"TWOGAUSSIANS",8,2.4453852,0.24578758,0.0028620714,0.3912208,0.022026949,0.5808118,0.03796834,0.75152755,0.004500055,0.34103808,0.03822938,0.50728655,0.04438741
375316653866487564,5834781898507129984,0.49400216,2164.3671382327766,2.1497780750784834,1.6427923E-5,19.26747,0.02603503,0.23893455,0.0052320277,0.08526629,0.013510291,0.39835083,0.033826478,0.7345863,0.0047460883,0.082596615,0.01123654,0.38964584,0.035699002,null,null,null,null,"TWOGAUSSIANS",8,5.6580396,0.23893455,0.0052320277,0.4,0.0,0.3897152,0.0371714,0.7345863,0.0047460883,0.4,0.0,0.3810102,0.037549395
375316653866487564,5834782139025461504,0.51461655,2184.9015398741226,3.018183029158866,1.4756773E-5,19.696865,0.026821438,0.28307846,0.004141166,0.07535971,0.006844788,0.6979098,0.037716966,0.77939796,0.010492217,0.05986641,0.010188584,0.6250649,0.05335579,null,null,null,null,"TWOGAUSSIANS",8,8.300337,0.28307846,0.004141166,0.4,0.0036056936,0.6966268,0.037756406,0.77939796,0.010492217,0.3352519,0.057056073,0.62378186,0.05353922
375316653866487564,5834782173385225984,0.57414776,2187.4586507187987,0.4129622151872428,8.014267E-6,18.115437,0.0052060927,0.24969238,0.00800378,0.038492955,0.005790968,0.09647458,0.017782766,0.7260013,0.0014267953,0.03365665,0.0016082842,0.6642388,0.017593084,0.035729825,0.0072013587,0.24969238,0.00800378,"TWOGAUSSIANS_WITH_ELLIPSOIDAL_ON_ECLIPSE1",9,7.6601715,0.7262213,0.0013867842,0.18847723,0.009006391,0.7341413,0.0175926,0.24969238,0.00800378,0.21556054,0.032429423,0.16793413,0.015061254
375316653866487564,5834782757503276672,0.5352848,2174.1163261169468,2.349344151666271,9.525945E-6,18.627886,0.019942595,0.24440704,0.0016117931,0.08012581,0.0047757537,0.3342213,0.017629623,0.75098443,0.008300578,0.11805016,0.016288245,0.15730573,0.01705798,null,null,null,null,"TWOGAUSSIANS",8,1.8316314,0.24439704,0.0016113669,0.4,0.0,0.31872267,0.008399473,0.75098443,0.008300578,0.4,0.0,0.14176601,0.007447689
375316653866487564,5834782998021564672,0.4914596,2151.5405979285056,3.509118814966831,2.2822382E-5,18.350159,0.029029557,0.23976286,0.0089794155,0.10730416,0.02826499,0.10377869,0.026460113,0.7542861,0.005523508,0.11832481,0.015387109,0.19403386,0.028063282,null,null,null,null,"TWOGAUSSIANS",8,3.0741982,0.7542961,0.005504892,0.4,0.0,0.17283969,0.006748084,0.23966286,0.008964649,0.4,0.0,0.0826379,0.00921066
375316653866487564,5834783032381270912,0.42037338,2146.8619631279157,0.23936293861296504,6.1316234E-5,19.607088,0.0139287235,0.32730022,0.035427656,0.085807756,0.050771564,0.114042036,0.06693557,0.6802594,0.010542233,0.016726933,0.018781062,0.16498457,0.07789902,null,null,null,null,"TWOGAUSSIANS",8,4.1500688,0.6802594,0.010542233,0.09367083,0.105173945,0.16500872,0.07790204,0.32730022,0.035427656,0.4,0.19233261,0.11404202,0.06693559
375316653866487564,5834783307259184896,0.4965535,2157.1377404110217,0.6695180212463685,6.0803366E-5,18.607718,0.0023568496,0.33200637,0.0047254064,0.033027038,0.0036806643,0.20184685,0.008065654,0.92222244,0.027186386,0.021650422,0.033929504,0.008383005,0.050777048,null,null,null,null,"TWOGAUSSIANS",8,1.9976866,0.33200637,0.0047254064,0.18495142,0.02061172,0.20184685,0.008065654,0.92222244,0.027186386,0.12124236,0.19000523,0.008383005,0.050777048
375316653866487564,5834783822693167104,0.52974623,2167.455735232613,2.841089490506455,2.485399E-5,15.623815,0.0138233015,0.26663402,0.006590883,0.0883941,0.010480426,0.27971795,0.017042825,0.76226246,0.0050553256,0.080963835,0.0096269855,0.27234772,0.017389596,null,null,null,null,"TWOGAUSSIANS",8,89.0716,0.26663402,0.006590883,0.4,0.0,0.2731739,0.016628485,0.76226246,0.0050553256,0.4,0.0,0.26580375,0.017844815
375316653866487564,5834783891412601216,0.56590974,2145.800589314608,2.2924156470694013,1.1123475E-5,17.04456,0.011661626,0.21885216,0.0024071222,0.049591985,0.008517662,0.14360577,0.024545578,0.70113814,0.008111633,0.055347767,0.009375349,0.1549053,0.02390377,0.0951948,0.013372955,0.21885216,0.0024071222,"TWOGAUSSIANS_WITH_ELLIPSOIDAL_ON_ECLIPSE1",9,12.283126,0.70518816,0.005238038,0.3099475,0.052501954,0.34347907,0.0070263483,0.21885216,0.0024071222,0.27771512,0.047698908,0.33399355,0.013113647
375316653866487564,5834784200612903296,0.5066119,2161.578883960279,0.21914216365063854,4.5746438E-5,18.414011,0.004312615,0.39690432,0.016523689,0.037505444,0.019891985,0.03194064,0.011296798,0.72068644,0.051895905,0.012508715,0.015678514,0.6614965,3.6118286,0.009606449,0.004829686,0.72068644,0.051895905,"TWOGAUSSIANS_WITH_ELLIPSOIDAL_ON_ECLIPSE2",9,4.1961102,0.72068644,0.051895905,0.0700488,0.08779968,0.68070936,3.6108096,0.3924443,0.016848123,0.2100305,0.11139511,0.03599669,0.010299966
375316653866487564,5834784338089290880,0.63222456,2142.679510566197,1.6200386975552454,7.0929036E-6,16.358679,0.0046112947,0.13785897,0.0024448063,0.0852475,0.002671682,0.37492916,0.008539769,0.635255,0.0012918697,0.09536309,0.003157222,0.30775815,0.0071906573,null,null,null,null,"TWOGAUSSIANS",8,9.315268,0.13785897,0.0024448063,0.4,0.0,0.36091232,0.008378712,0.635255,0.0012918697,0.4,0.0,0.29374066,0.008403087
375316653866487564,5834784578570080896,0.55720425,2161.465835518189,2.5718377494577025,8.721761E-6,18.12998,0.0072677806,0.2537999,0.004065931,0.08987642,0.0048367046,0.3304542,0.008849774,0.7558487,0.0018086926,0.08417663,0.0029533661,0.38127738,0.009862989,null,null,null,null,"TWOGAUSSIANS",8,3.7957835,0.7558487,0.0018086926,0.4,0.0,0.37023807,0.009357663,0.2537999,0.004065931,0.4,0.0,0.31941476,0.008571834
375316653866487564,5834784681686648704,0.5536308,2161.619135846045,0.7686747721785807,3.179044E-5,15.715428,0.0038626036,0.31851035,0.002418396,0.04977576,0.0028011193,0.3344259,0.015749767,null,null,null,null,null,null,0.024425434,0.005193383,0.31851035,0.002418396,"ONEGAUSSIAN_WITH_ELLIPSOIDAL",6,72.18246,0.31851035,0.002418396,0.27874428,0.015686268,0.38327566,0.016390443,null,null,null,null,null,null
375316653866487564,5834785059643720320,0.56494755,2139.670842948669,1.5652945252548216,1.564156E-5,15.297741,0.0123873055,0.22446619,0.0046113012,0.101973,0.014970461,0.09829551,0.011164875,0.705779,0.0030598096,0.107993245,0.008972324,0.16035157,0.011876096,null,null,null,null,"TWOGAUSSIANS",8,14.790877,0.705779,0.0030598096,0.4,0.0,0.14845243,0.007361782,0.22449619,0.00464917,0.4,0.0,0.086404055,0.002968595
375316653866487564,5834785265766578816,0.4684531,2153.5974164362174,3.534285479645252,2.9873969E-5,19.682089,0.4515146,0.32380262,0.007250784,0.12532054,0.064910196,0.38976797,0.41979003,0.81601185,0.0075656637,0.1341885,0.06054389,0.43678907,0.4412342,null,null,null,null,"TWOGAUSSIANS",8,3.138391,0.81601185,0.0075656637,0.4,0.0,0.31525126,0.031085668,0.32400262,0.0072558797,0.4,0.0,0.26881295,0.037889164
375316653866487564,5834785471925137152,0.5316531,2166.469173122798,3.0342407142042913,9.0755475E-6,19.586485,0.013120018,0.2591792,0.002962523,0.081875145,0.0060769054,0.29893523,0.013289176,0.76384276,0.007628515,0.07880521,0.0072278013,0.32245296,0.015015284,null,null,null,null,"TWOGAUSSIANS",8,1.1517988,0.76384276,0.007628515,0.4,0.0,0.3179807,0.012891693,0.2591792,0.002962523,0.4,0.0,0.29446298,0.0122969635
375316653866487564,5834785746803217024,0.6313757,2180.987159096384,0.11048395303288928,7.8259E-6,17.22315,0.0014315676,0.2948389,0.0022479547,0.028629493,0.0036094564,0.10200032,0.0065109837,0.7866732,0.003217637,0.02013706,0.0026086534,0.99830395,0.032191895,0.058355104,0.0038975733,0.2948389,0.0022479547,"TWOGAUSSIANS_WITH_ELLIPSOIDAL_ON_ECLIPSE1",9,9.6150675,0.78670317,0.0032176243,0.11276754,0.014608459,1.1147082,0.03192162,0.2948389,0.0022479547,0.16032517,0.020212956,0.21871033,0.005832528
375316653866487564,5834785781198682240,0.6381694,2175.5030686325817,1.1815974866083345,1.2225034E-6,14.007203,7.220895E-4,0.79757696,1.2863086E-7,0.0010679486,1.3402512E-6,1.4292862,0.0011380592,0.4726413,0.00855429,0.029094812,0.0063260123,0.010814504,0.0017939357,null,null,null,null,"TWOGAUSSIANS",8,32.482258,0.79757696,1.2863086E-7,0.0059805126,7.5054068E-6,1.4292862,0.0011380592,0.4726413,0.00855429,0.16293095,0.03542567,0.010814504,0.0017939357
375316653866487564,5834786124758488704,0.48634785,2166.31819585982,3.7188521111501958,2.0548494E-5,19.598236,0.40758875,0.28451452,0.0057941508,0.16594423,0.102650225,0.35819483,0.3990603,0.7813408,0.004500759,0.117383875,0.027371513,0.40751782,0.28374135,null,null,null,null,"TWOGAUSSIANS",8,1.574444,0.7813408,0.004500759,0.4,0.0,0.26317307,0.015083244,0.2845445,0.005802697,0.4,0.0,0.20628108,0.016118318
375316653866487564,5834786159155461504,0.57836705,2179.3717471504406,2.8125593314429747,9.380612E-6,16.912699,0.046167754,0.22494762,0.002285594,0.061988372,0.010323703,0.3349978,0.09081785,0.7331756,0.008451332,0.06567073,0.016676709,0.31977135,0.1363785,0.09882055,0.05062104,0.22494762,0.002285594,"TWOGAUSSIANS_WITH_ELLIPSOIDAL_ON_ECLIPSE1",9,23.646938,0.22494762,0.002285594,0.3471349,0.05781274,0.5323992,0.017723408,0.7331756,0.008451332,0.3677561,0.09338957,0.516645,0.1445418
375316653866487564,5834786223504963456,0.57472926,2167.196472952058,2.1750823519202993,1.6001537E-5,18.076498,0.0066361404,0.20131275,0.0025642046,0.04603907,0.006227712,0.1938191,0.024205633,0.7047184,0.003783919,0.0440386,0.006023638,0.23448215,0.024173241,0.12167768,0.008707994,0.20131275,0.0025642046,"TWOGAUSSIANS_WITH_ELLIPSOIDAL_ON_ECLIPSE1",9,6.876184,0.7047184,0.003783919,0.24661617,0.03373237,0.47772583,0.024204645,0.20131275,0.0025642046,0.2578188,0.034875188,0.4371742,0.019890763
375316653866487564,5834786433996399104,0.44284233,2177.528019759051,0.5124801886889158,1.9556173E-5,19.051956,0.0038701245,0.4093941,0.0035460102,0.006473676,0.0015092412,0.87884694,1.927205,0.7128052,0.038600236,0.060963113,0.045692455,0.0546964,0.06412287,0.015515129,0.0049156616,0.7128052,0.038600236,"TWOGAUSSIANS_WITH_ELLIPSOIDAL_ON_ECLIPSE2",9,4.167006,0.40938407,0.0035432586,0.036252584,0.0084517505,0.8822007,1.9272392,0.7128052,0.038600236,0.34139344,0.12188263,0.08571459,0.06162964
375316653866487564,5834786640156473344,0.42973047,2194.0363116803464,0.7010414045257013,1.3769647E-5,15.267713,0.0029725381,0.31725094,0.003886193,0.022873025,0.0051419986,0.050922714,0.0099011585,null,null,null,null,null,null,0.020112082,0.0036867305,0.31725094,0.003886193,"ONEGAUSSIAN_WITH_ELLIPSOIDAL",6,32.901802,0.31725094,0.003886193,0.12808895,0.028795192,0.09114683,0.009362115,null,null,null,null,null,null
375316653866487564,5834786846350643840,0.5507295,2202.351657050283,2.631961563946314,1.0455982E-5,14.772551,0.02686744,0.25748163,0.0045491885,0.118193015,0.016974933,0.19871429,0.022211108,0.7633019,0.0022315125,0.104996555,0.01214522,0.1881697,0.024942245,null,null,null,null,"TWOGAUSSIANS",8,64.59419,0.25748163,0.0045639407,0.4,0.0,0.16907135,0.008228298,0.7633219,0.0022115142,0.4,0.0,0.15857488,0.0043134787
375316653866487564,5834786876342192896,0.5042148,2168.5038875287955,0.5492508607873742,1.230272E-5,18.202007,0.002300795,0.44147655,0.029895835,0.05243857,0.023510765,0.017912846,0.0045393095,0.73583066,3.2097116E-4,0.0150625575,4.5734763E-4,0.28319964,0.010960544,null,null,null,null,"TWOGAUSSIANS",8,3.11205,0.73583066,3.2097116E-4,0.084350325,0.0025611466,0.28319964,0.010960544,0.44147655,0.029895835,0.293656,0.13166028,0.017912846,0.0045393095
375316653866487564,5834786880674736640,0.52902573,2167.842361773691,2.856530957422616,1.1919837E-5,19.691273,0.018450286,0.1512089,0.0042753704,0.07676387,0.0059811436,0.4685053,0.027207525,0.63832957,0.0053907773,0.07723108,0.0058164624,0.58576155,0.0350624,null,null,null,null,"TWOGAUSSIANS",8,2.3795445,0.63832957,0.0053907773,0.4,0.0,0.5816731,0.034983415,0.1512089,0.0042753704,0.4,0.0,0.4644168,0.027036034
375316653866487564,5834787636587393920,0.5538205,2145.3188543511496,0.2350846048232259,1.705496E-5,19.09368,0.0030004012,0.44653758,0.011850659,0.017293772,0.016102524,0.0743763,1061.8177,0.7633465,2.6795953E-5,0.008405814,1.1504711E-4,0.751853,0.0054364726,null,null,null,null,"TWOGAUSSIANS",8,1.4176854,0.7633465,2.6795953E-5,0.04707256,6.442638E-4,0.751853,0.0054364726,0.44653758,0.011850659,0.09684512,0.09017413,0.0743763,1061.8177
375316653866487564,5834787670984044800,0.59287405,2176.741295565824,1.8901300412860857,1.8777353E-5,17.068392,0.021010935,0.22039919,0.0044291914,0.0553147,0.009134789,0.23758039,0.04571392,0.7136143,0.0025128338,0.06031164,0.0070073158,0.40806803,0.04114728,0.06252237,0.024448408,0.22039919,0.0044291914,"TWOGAUSSIANS_WITH_ELLIPSOIDAL_ON_ECLIPSE1",9,24.063736,0.71416426,0.0022250395,0.3377452,0.039240967,0.5328479,0.013550123,0.22039919,0.0044291914,0.30976233,0.05115482,0.362569,0.015949484
375316653866487564,5834788010210018560,0.59262556,2150.271757322946,0.8044987165459488,9.818427E-6,12.505808,0.26799947,0.27091128,0.0027326925,0.15483814,0.024369635,0.2662593,0.19501649,0.77435356,0.0029818763,0.1898885,0.068376936,0.25540778,0.2613097,null,null,null,null,"TWOGAUSSIANS",8,27.678514,0.26984128,0.001938732,0.4,0.0,0.105014384,0.00195902,0.77501357,0.0031060248,0.4,0.0,0.08110039,0.002440587
375316653866487564,5834788113290609024,0.5406756,2140.6402418087278,0.415197764700303,5.6797144E-6,17.585022,0.003286668,0.63743234,0.013300922,0.010386957,0.009205639,0.049645986,0.110836476,0.8063949,2.263146E-4,0.013553517,2.8870197E-4,0.55752885,0.00999481,0.005647627,0.004096719,0.8063949,2.263146E-4,"TWOGAUSSIANS_WITH_ELLIPSOIDAL_ON_ECLIPSE2",9,9.526104,0.8063949,2.263146E-4,0.07589969,0.001616731,0.5688241,0.009246139,0.63756233,0.013196244,0.05816696,0.05155158,0.052333847,0.11115175
