Gaia/vari_eclipsing_binary/VariEclipsingBinary_637507-637735.csv
# %ECSV 1.0
# ---
# delimiter: ','
# meta: !!omap
# - RELEASE: Gaia DR3
# - TABLE: vari_eclipsing_binary
# - DESCRIPTION: >
#     This table describes the properties of the eclipsing binaries resulting from the variability analysis. 
# - CITATION: >
#     How to cite and acknowledge Gaia: 
#     https://gea.esac.esa.int/archive/documentation/credits.html 
# - KNOWN_ISSUES: >
#     Known issues: 
#     https://www.cosmos.esa.int/web/gaia-users/known-issues 
# - DOCUMENTATION: >
#     Tutorials and documentation: 
#     https://www.cosmos.esa.int/web/gaia-users/archive 
# datatype:
# - 
#   name: solution_id
#   datatype: int64
#   description: Solution Identifier
#   meta:
#     ucd: meta.version
# - 
#   name: source_id
#   datatype: int64
#   description: Unique source identifier
#   meta:
#     ucd: meta.id;meta.main
# - 
#   name: global_ranking
#   datatype: float32
#   description: Number between 0 (worst) and 1 (best)
#   meta:
#     ucd: stat.param
# - 
#   name: reference_time
#   datatype: float64
#   unit: d
#   description: Reference time used for the geometric model fit
#   meta:
#     ucd: time.epoch
# - 
#   name: frequency
#   datatype: float64
#   unit: d**-1
#   description: Frequency of geometric model of the eclipsing binary light curve
#   meta:
#     ucd: src.orbital
# - 
#   name: frequency_error
#   datatype: float32
#   unit: d**-1
#   description: "Uncertainty of \\texttt{frequency}"
#   meta:
#     ucd: stat.error
# - 
#   name: geom_model_reference_level
#   datatype: float32
#   unit: mag
#   description: Magnitude reference level of geometric model
#   meta:
#     ucd: phot.mag;em.opt
# - 
#   name: geom_model_reference_level_error
#   datatype: float32
#   unit: mag
#   description: "Uncertainty of \\texttt{geomModelReferenceLevel}"
#   meta:
#     ucd: stat.error;phot.mag;em.opt
# - 
#   name: geom_model_gaussian1_phase
#   datatype: float32
#   description: Phase of the Gaussian 1 component
#   meta:
#     ucd: time.phase
# - 
#   name: geom_model_gaussian1_phase_error
#   datatype: float32
#   description: "Uncertainty of \\texttt{geomModelGaussian1Phase}"
#   meta:
#     ucd: stat.error;time.phase
# - 
#   name: geom_model_gaussian1_sigma
#   datatype: float32
#   description: "Standard deviation [phase] of Gaussian 1 component"
#   meta:
#     ucd: stat.stdev
# - 
#   name: geom_model_gaussian1_sigma_error
#   datatype: float32
#   description: "Uncertainty of \\texttt{geomModelGaussian1Sigma}"
#   meta:
#     ucd: stat.error
# - 
#   name: geom_model_gaussian1_depth
#   datatype: float32
#   unit: mag
#   description: Magnitude depth of Gaussian 1 component
#   meta:
#     ucd: src.var.amplitude
# - 
#   name: geom_model_gaussian1_depth_error
#   datatype: float32
#   unit: mag
#   description: "Uncertainty of \\texttt{geomModelGaussian1Depth}"
#   meta:
#     ucd: stat.error;src.var.amplitude
# - 
#   name: geom_model_gaussian2_phase
#   datatype: float32
#   description: Phase of Gaussian 2 component
#   meta:
#     ucd: time.phase
# - 
#   name: geom_model_gaussian2_phase_error
#   datatype: float32
#   description: "Uncertainty of \\texttt{geomModelGaussian2Phase}"
#   meta:
#     ucd: stat.error;time.phase
# - 
#   name: geom_model_gaussian2_sigma
#   datatype: float32
[...]
#   datatype: float32
#   description: "Secondary eclipse: uncertainty of \\texttt{derivedSecondaryEclDuration}"
#   meta:
#     ucd: stat.error;time.duration
# - 
#   name: derived_secondary_ecl_depth
#   datatype: float32
#   unit: mag
#   description: "Secondary eclipse: depth"
#   meta:
#     ucd: src.var.amplitude
# - 
#   name: derived_secondary_ecl_depth_error
#   datatype: float32
#   unit: mag
#   description: "Secondary eclipse: uncertainty of \\texttt{derivedSecondaryEclDepth}"
#   meta:
#     ucd: stat.error;src.var.amplitude
solution_id,source_id,global_ranking,reference_time,frequency,frequency_error,geom_model_reference_level,geom_model_reference_level_error,geom_model_gaussian1_phase,geom_model_gaussian1_phase_error,geom_model_gaussian1_sigma,geom_model_gaussian1_sigma_error,geom_model_gaussian1_depth,geom_model_gaussian1_depth_error,geom_model_gaussian2_phase,geom_model_gaussian2_phase_error,geom_model_gaussian2_sigma,geom_model_gaussian2_sigma_error,geom_model_gaussian2_depth,geom_model_gaussian2_depth_error,geom_model_cosine_half_period_amplitude,geom_model_cosine_half_period_amplitude_error,geom_model_cosine_half_period_phase,geom_model_cosine_half_period_phase_error,model_type,num_model_parameters,reduced_chi2,derived_primary_ecl_phase,derived_primary_ecl_phase_error,derived_primary_ecl_duration,derived_primary_ecl_duration_error,derived_primary_ecl_depth,derived_primary_ecl_depth_error,derived_secondary_ecl_phase,derived_secondary_ecl_phase_error,derived_secondary_ecl_duration,derived_secondary_ecl_duration_error,derived_secondary_ecl_depth,derived_secondary_ecl_depth_error
[from data line 604]
375316653866487564,5609318483620015744,0.5156959,2259.466548317895,3.5830728808516006,1.5393858E-5,19.464705,0.012634357,0.23470217,0.0035130107,0.06878779,0.006413588,0.31038254,0.01751344,0.73449147,0.00966375,0.079578616,0.012172358,0.37912333,0.015254935,null,null,null,null,"TWOGAUSSIANS",8,2.4126394,0.73449147,0.00966375,0.4,0.0,0.37677807,0.014326259,0.23470217,0.0035130107,0.38521162,0.03323727,0.30803728,0.017285556
375316653866487564,5609318685482609920,0.55114377,2222.549989122719,1.6007079457401143,1.0418261E-5,19.110985,0.005395092,0.2535284,0.0012053946,0.02744051,0.0013626791,0.6555693,0.026706502,null,null,null,null,null,null,null,null,null,null,"ONEGAUSSIAN",5,3.794318,0.2535284,0.0012053946,0.15366685,0.0076310025,0.6555693,0.0,null,null,null,null,null,null
375316653866487564,5609319819354230528,0.47732377,2214.0887553449757,3.3830452555968185,1.7507271E-5,18.533499,0.95076907,0.13359399,0.019002037,0.15205462,0.19377713,0.19803351,0.91507256,0.6158752,0.016604152,0.13989595,0.10493216,0.22883059,0.76857215,null,null,null,null,"TWOGAUSSIANS",8,2.844872,0.6158752,0.016604152,0.4,0.0,0.14296067,0.0092894025,0.13463399,0.012681691,0.4,0.0,0.11111522,0.015043802
375316653866487564,5609321232402488576,0.60717964,2229.374112658903,1.7900234236918615,5.7496486E-6,15.970995,0.00491745,0.21907502,0.0023497778,0.07731481,0.003155772,0.21015382,0.006066101,0.71367246,0.0012910528,0.08714615,0.0018951404,0.33843505,0.00835802,null,null,null,null,"TWOGAUSSIANS",8,14.678429,0.71367246,0.0012910528,0.4,0.0,0.33363852,0.007977784,0.21907502,0.0023497778,0.4,0.0,0.20535731,0.005462231
375316653866487564,5609326656941786880,0.48058486,2222.785978533489,2.252071973582293,2.6969845E-5,17.455585,0.40494862,0.27474064,0.0061020926,0.13202809,0.06449456,0.30220458,0.38596654,0.7703735,0.0072576986,0.13172604,0.06348505,0.29338187,0.37727815,null,null,null,null,"TWOGAUSSIANS",8,22.271364,0.27483064,0.0061345864,0.4,0.0,0.20696081,0.016851917,0.7703735,0.0072576986,0.4,0.0,0.19816639,0.016433144
375316653866487564,5609326760021222912,0.53161186,2238.2653810001,4.294662518711413,9.407037E-6,19.088303,0.017413022,0.2774537,0.0037306058,0.055493895,0.013407359,0.20755294,0.033682827,0.76305825,0.011585128,0.044557206,0.008326385,0.26397663,0.040570244,0.1263765,0.020113539,0.2774537,0.0037306058,"TWOGAUSSIANS_WITH_ELLIPSOIDAL_ON_ECLIPSE1",9,3.103956,0.7649283,0.0106646335,0.24952035,0.04662776,0.5149266,0.01554131,0.2774537,0.0037306058,0.3107658,0.075081214,0.46029755,0.025824914
375316653866487564,5609331982701959808,0.5195954,2246.2164000999232,3.3378634667179634,1.8734789E-5,19.012606,0.003963994,0.2595909,0.0035422326,0.061796814,0.01536122,0.04972359,0.01506733,null,null,null,null,null,null,0.12933202,0.005414285,0.2595909,0.0035422326,"ONEGAUSSIAN_WITH_ELLIPSOIDAL",6,3.6140323,0.2595909,0.0035422326,0.34606215,0.08602283,0.3083736,0.014591009,null,null,null,null,null,null
375316653866487564,5609332330598029952,0.5306948,2231.666856545152,2.785703352781151,9.126045E-6,17.189505,0.0019332059,0.10439042,0.030910904,0.025775349,0.021187477,0.011436989,0.0028236548,0.28825063,0.001320575,0.01220895,0.001347686,0.25615525,0.054241832,null,null,null,null,"TWOGAUSSIANS",8,3.2107902,0.28825063,0.001320575,0.06837012,0.0075470423,0.25615525,0.05424229,0.10439042,0.030910904,0.14434196,0.11864988,0.011436989,0.0028236548
375316653866487564,5609338579773308928,0.4811068,2248.212335003256,0.35050703060364746,1.0997809E-4,19.684536,0.0068624476,0.08605172,0.002070874,0.020232057,0.0027417352,1.2096571,0.41773817,0.5828973,0.01144296,0.021287713,0.007684751,0.58464164,0.17186292,null,null,null,null,"TWOGAUSSIANS",8,3.335565,0.08605172,0.002070874,0.113299526,0.015353717,1.2096571,0.41773817,0.5828973,0.01144296,0.11921119,0.043034606,0.58464164,0.17186292
375316653866487564,5609339546145258112,0.47388878,2177.707495696892,3.511237360009739,5.679091E-5,18.431759,0.009754982,0.31801498,0.008093686,0.054456603,0.058790635,0.09519735,0.034991425,0.84618866,0.012998048,0.0125158895,0.009464665,0.05819707,0.036518585,0.046424434,0.012619318,0.31801498,0.008093686,"TWOGAUSSIANS_WITH_ELLIPSOIDAL_ON_ECLIPSE1",9,6.4781466,0.31801498,0.008093686,0.30495697,0.14771621,0.18804367,0.027362553,0.84618866,0.012998048,0.07008898,0.053002127,0.14816412,0.03908095
375316653866487564,5609340061539070208,0.657526,2216.7380061058784,0.16720025201904107,8.386747E-6,13.395139,0.0010194591,0.21344657,3.0015022E-4,0.011101959,4.2628392E-4,0.42585915,0.049165174,0.7170794,0.0060036955,0.011410251,0.0035062633,0.36688635,0.04526018,0.0012678875,0.0013861483,0.21344657,3.0015022E-4,"TWOGAUSSIANS_WITH_ELLIPSOIDAL_ON_ECLIPSE1",9,17.592045,0.21344657,3.0015022E-4,0.06217097,0.00238719,0.4283949,0.049356528,0.7170794,0.0060036955,0.06389741,0.019635074,0.3694208,0.045156818
375316653866487564,5609340881874118400,0.5292457,2212.932054235979,3.5908069135351077,7.4213035E-6,18.425392,0.0067708367,0.27078584,0.0033964233,0.08423957,0.0048185373,0.21694328,0.007612931,0.76723033,0.0021344458,0.09684251,0.0037320207,0.21904509,0.007317241,null,null,null,null,"TWOGAUSSIANS",8,1.9391446,0.76723033,0.0021344458,0.4,0.0,0.2099408,0.0056919926,0.27078584,0.0033964233,0.4,0.0,0.20783973,0.0066586123
375316653866487564,5609342428062582400,0.50302523,2232.472335148462,3.2963733509265665,1.123943E-5,18.937593,0.007878501,0.2566788,0.0066607893,0.08352559,0.009021777,0.17430376,0.019728847,0.75310844,0.0022761936,0.08363664,0.0056797946,0.25032297,0.011082276,null,null,null,null,"TWOGAUSSIANS",8,2.1578646,0.75310844,0.0022761936,0.4,0.0,0.24586087,0.011728069,0.2566788,0.0066607893,0.4,0.0,0.16984166,0.020111967
375316653866487564,5609343875469993600,0.49486324,2218.9378002534454,2.8774732779006285,1.3908034E-5,18.292555,0.024557335,0.25567967,0.0045333295,0.11746176,0.016493242,0.16458012,0.022796748,0.7470588,0.0056342254,0.101540744,0.014584647,0.17473271,0.022564158,null,null,null,null,"TWOGAUSSIANS",8,2.9732974,0.7470588,0.0056342254,0.4,0.0,0.1520447,0.00858247,0.25567967,0.004524722,0.4,0.0,0.14185412,0.008073891
375316653866487564,5609344390866123776,0.5669095,2210.115335495512,3.45047261509813,3.5735154E-6,18.173157,0.007182457,0.281039,9.158436E-4,0.04877563,0.0038969633,0.3674972,0.022195054,0.7853648,0.002347555,0.045024008,0.003216244,0.30144727,0.01830288,0.1314792,0.0109534245,0.281039,9.158436E-4,"TWOGAUSSIANS_WITH_ELLIPSOIDAL_ON_ECLIPSE1",9,5.722001,0.281039,9.158436E-4,0.2731435,0.021822995,0.6304548,0.02659674,0.7853648,0.002347555,0.25213444,0.018010966,0.56421065,0.010254962
375316653866487564,5609345799615307776,0.5117609,2263.208116807778,1.8990674683965771,1.03642005E-5,14.542963,8.953934E-4,0.449723,0.03931267,0.035766475,0.061881095,0.004906022,0.002535402,0.70879817,0.0015778745,0.03225077,0.0016161157,0.050812565,0.0019917483,null,null,null,null,"TWOGAUSSIANS",8,6.979845,0.70879817,0.0015778745,0.18060431,0.009050248,0.050812565,0.0019950802,0.449723,0.03931267,0.20029226,0.26595095,0.004906022,0.0025354025
375316653866487564,5609347448882717440,0.5965877,2224.6072291100522,2.8239342599723387,5.593429E-6,16.80074,0.009003338,0.297509,0.0022268724,0.10240541,0.004775455,0.22901855,0.008263043,0.7947359,0.001882385,0.10830852,0.005090691,0.217156,0.008007708,null,null,null,null,"TWOGAUSSIANS",8,2.9208577,0.297509,0.0022268724,0.4,0.0,0.20317908,0.0039997227,0.7947359,0.001882385,0.4,0.0,0.19130929,0.0041642934
375316653866487564,5609349819704548480,0.48511374,2245.3015812112967,0.68224434952431,1.6313068E-5,13.563659,0.0056474353,0.2537825,0.007703515,0.055717327,0.00914391,0.058563843,0.024537975,0.7023882,0.0030784297,0.041967273,0.006629958,0.17506486,0.017391324,0.029874042,0.007920742,0.2537825,0.007703515,"TWOGAUSSIANS_WITH_ELLIPSOIDAL_ON_ECLIPSE1",9,761.5019,0.7045783,0.0023680513,0.23501672,0.037127763,0.22904104,0.015480515,0.2537825,0.007703515,0.31201702,0.0512059,0.11830928,0.01955657
375316653866487564,5609350128942124416,0.6023619,2225.9220527844486,2.913462950946451,7.1145914E-6,17.412895,0.01522793,0.3312533,0.0015996268,0.053623196,0.0053451634,0.30762914,0.03463811,0.82895315,0.0028488853,0.058182646,0.005066316,0.29030758,0.037062686,0.10502388,0.022242675,0.3312533,0.0015996268,"TWOGAUSSIANS_WITH_ELLIPSOIDAL_ON_ECLIPSE1",9,12.491268,0.3312533,0.0015996268,0.3002899,0.029932914,0.5176466,0.013969341,0.8293232,0.0023288927,0.32582283,0.02837137,0.50028825,0.01420658
375316653866487564,5609351778209544832,0.5192222,2241.485958575467,2.8466748952992176,1.63645E-5,16.48606,0.054893684,0.2920364,0.0040250495,0.12282924,0.024171595,0.15410556,0.05364955,0.8010792,0.0067832815,0.12160994,0.030862005,0.14820094,0.052610293,null,null,null,null,"TWOGAUSSIANS",8,8.431238,0.2919764,0.003989217,0.4,0.0,0.11960347,0.004601508,0.8011492,0.0067333635,0.4,0.0,0.113713846,0.007509227
375316653866487564,5609351846929044096,0.5561019,2233.728523674731,2.481962794771251,1.018609E-5,15.724071,0.015471088,0.27142945,0.0025727362,0.11286549,0.00912019,0.20822793,0.0135088675,0.7726925,0.0025014265,0.10079371,0.007300693,0.22576053,0.014308843,null,null,null,null,"TWOGAUSSIANS",8,24.047071,0.7726925,0.0025057702,0.4,0.0,0.19825432,0.005523773,0.27142945,0.0025727362,0.4,0.0,0.18070094,0.0063086306
375316653866487564,5609352156166830848,0.6495276,2198.0550232347746,2.313100272699716,2.2520157E-6,16.894346,0.003165349,0.2118858,0.0014556565,0.044087246,0.007409189,0.030793844,0.0098693445,0.70930654,0.0011401799,0.04927539,0.0016002669,0.32499748,0.01225863,0.0856179,0.0047185468,0.2118858,0.0014556565,"TWOGAUSSIANS_WITH_ELLIPSOIDAL_ON_ECLIPSE1",9,2.93234,0.7095465,9.829676E-4,0.2759422,0.008961494,0.49619177,0.0122514535,0.2118858,0.0014556565,0.2468886,0.041491456,0.20202896,0.0059831142
375316653866487564,5609352465404470656,0.67439616,2246.6762407627607,1.4359504850778744,1.7622939E-6,13.333708,0.0026017653,0.24379167,5.6943926E-4,0.043718826,7.14831E-4,0.6307677,0.007525224,0.7466543,0.0076540112,0.0416303,0.0054414514,0.07792999,0.011714803,0.04972046,0.004858845,0.24379167,5.6943926E-4,"TWOGAUSSIANS_WITH_ELLIPSOIDAL_ON_ECLIPSE1",9,45.90628,0.24379167,5.6943926E-4,0.24482544,0.0040030535,0.7302084,0.0073518553,0.7466543,0.0076540112,0.2331297,0.030472128,0.17733853,0.009556564
375316653866487564,5609353496196633600,0.4314072,2228.0239673176166,2.8103326828839217,7.713908E-5,18.402618,0.033925608,0.241784,0.015764188,0.08309619,0.025373116,0.17439097,0.058244355,0.7396986,0.015843611,0.11115966,0.031181442,0.14575545,0.033214755,null,null,null,null,"TWOGAUSSIANS",8,16.952866,0.241784,0.015775891,0.4,0.01843844,0.16341925,0.057476338,0.7396986,0.015843611,0.4,0.0,0.13477191,0.017059453
375316653866487564,5609355450404248576,0.5366036,2245.6762758426207,0.14150634022609979,8.45309E-5,17.795101,0.0012922796,0.42059863,0.01737569,0.020316608,0.012488924,0.013672589,0.014607121,0.5169428,0.011747542,0.015586439,0.014625467,0.33116367,12.697581,null,null,null,null,"TWOGAUSSIANS",8,2.1056457,0.5169428,0.011747542,0.08728406,0.081902616,0.33116385,12.69762,0.42059863,0.01737569,0.113773,0.069937974,0.013672591,0.014607131
375316653866487564,5609355587843278848,0.5223956,2255.9765935193464,2.9217542155511214,1.9825422E-5,18.734612,0.008031261,0.30361366,0.017898332,0.05782814,0.022581503,0.20923999,0.013900703,0.7854089,0.0057486906,0.07770861,0.0070828917,0.32739657,0.020685868,null,null,null,null,"TWOGAUSSIANS",8,4.2789187,0.7854089,0.0057486906,0.4,0.0,0.32703838,0.02086565,0.30361366,0.017898332,0.32383758,0.080100484,0.2088818,0.015132962
375316653866487564,5609358061740668544,0.5148174,2275.4508870790723,0.9177624144459073,1.3404223E-5,11.937976,0.035083596,0.25492132,0.0027196202,0.17750198,0.02235735,0.16504107,0.026959412,0.75537294,0.002950109,0.20323542,0.032474272,0.16889408,0.034992304,null,null,null,null,"TWOGAUSSIANS",8,18.32919,0.2546413,0.002825007,0.4,0.0,0.04097397,0.0026187217,0.75560296,0.0030887017,0.4,0.0,0.034693792,0.0016013123
375316653866487564,5609366136282948736,0.40385693,2215.1268676627446,0.14028619354803623,4.6989753E-5,19.277819,0.11601578,0.2770527,0.017742878,0.0992676,0.024895968,0.47798556,0.06755137,0.62659323,0.023295777,0.16184548,0.039928507,0.4811373,0.101054125,null,null,null,null,"TWOGAUSSIANS",8,18.97443,0.29214272,0.0101491,0.4,0.0,0.48742,0.035532124,0.62659323,0.023295777,0.4,0.0,0.44004866,0.047338173
375316653866487564,5609367927286662272,0.65077096,2223.951706889236,2.8982914498802965,3.5266694E-6,15.531283,0.005919512,0.26287127,9.662713E-4,0.04407653,0.001795402,0.59274095,0.021776445,0.76349264,0.0017303253,0.042595617,0.002398692,0.47419363,0.0319016,0.14521816,0.006945077,0.26287127,9.662713E-4,"TWOGAUSSIANS_WITH_ELLIPSOIDAL_ON_ECLIPSE1",9,63.710197,0.26287127,9.662713E-4,0.24682857,0.010054251,0.883177,0.023334092,0.76349264,0.0017303253,0.23853546,0.013432676,0.7646252,0.034868266
375316653866487564,5609371844296911360,0.56772983,2225.49519741501,0.3073362409726482,1.0880105E-6,13.048486,0.001241171,0.2612895,0.009754701,0.07079339,0.009264254,0.023029754,0.0036524974,0.7588254,3.3571882E-6,0.005740053,8.933272E-6,1.8287907,0.0011682125,null,null,null,null,"TWOGAUSSIANS",8,22.303293,0.7588254,3.3571882E-6,0.032144297,5.002632E-5,1.8287907,0.0011682125,0.2612895,0.009754701,0.396443,0.038305096,0.023029754,0.0036524974
375316653866487564,5609372909448575488,0.5509208,2197.850887709129,0.717945431005371,1.2290518E-5,16.715252,0.0017427041,0.24237655,0.010725379,0.0476351,0.010047053,0.07936053,0.013263307,0.7511679,0.0014627266,0.038706083,0.0013757274,0.20317693,0.004720792,null,null,null,null,"TWOGAUSSIANS",8,6.572859,0.7511679,0.0014627266,0.21675406,0.007704073,0.20317692,0.0047207833,0.24237655,0.010725379,0.26675656,0.056263495,0.07936053,0.013263343
375316653866487564,5609374524358377600,0.55034244,2249.613653638694,3.50650449639996,7.246868E-5,16.415102,6.926606E-4,0.11116527,0.011999341,0.017874984,0.014950273,0.022037946,0.62326646,0.56074387,0.009760837,0.010556266,0.005812154,0.1264134,0.16942547,null,null,null,null,"TWOGAUSSIANS",8,2.0277488,0.56074387,0.009760837,0.059115086,0.032548063,0.1264134,0.16942547,0.11116527,0.011999341,0.10009991,0.083721526,0.022037946,0.62326646
375316653866487564,5609375516488909696,0.4525495,2244.1473811035826,1.9341508089715693,2.4209307E-5,18.79686,0.009145721,0.12921436,0.010321371,0.05048282,0.009975922,0.14679517,0.023286887,0.5848372,0.0102595445,0.069992974,0.0101095,0.122061834,0.03305292,null,null,null,null,"TWOGAUSSIANS",8,4.675787,0.12921436,0.010321371,0.2827038,0.055865165,0.1467856,0.023297537,0.5848372,0.0102595445,0.39196065,0.03776443,0.12205226,0.033057284
375316653866487564,5609377818591458816,0.5806724,2218.88117325561,3.0834975024367135,1.7158738E-5,17.969568,0.0063855927,0.24639162,0.0050020795,0.041214835,0.01186148,0.13255043,0.02295562,0.7532021,0.005646102,0.05345465,0.005700627,0.0987743,0.015541729,0.09300613,0.0099122375,0.24639162,0.0050020795,"TWOGAUSSIANS_WITH_ELLIPSOIDAL_ON_ECLIPSE1",9,4.998314,0.24639162,0.0050020795,0.23080307,0.06642429,0.3185616,0.01199999,0.7532021,0.005646102,0.29934603,0.03192351,0.2844451,0.0074892784
375316653866487564,5609378815022235008,0.43568796,2223.2940330406386,0.3122180564715726,7.222962E-5,16.440435,0.01200506,0.23120774,0.015967563,0.02242052,0.054993298,0.6225658,1.7839248,0.8903132,0.032886203,0.032861333,0.03559543,0.11799742,42.78538,0.06611606,0.015633032,0.23120774,0.015967563,"TWOGAUSSIANS_WITH_ELLIPSOIDAL_ON_ECLIPSE1",9,149.47148,0.23120774,0.015967563,0.12555492,0.27717987,0.7547975,1.781976,0.8903132,0.032886203,0.18402347,0.19933441,0.15663648,42.782024
