Gaia/vari_eclipsing_binary/VariEclipsingBinary_643214-644005.csv
# %ECSV 1.0
# ---
# delimiter: ','
# meta: !!omap
# - RELEASE: Gaia DR3
# - TABLE: vari_eclipsing_binary
# - DESCRIPTION: >
#     This table describes the properties of the eclipsing binaries resulting from the variability analysis. 
# - CITATION: >
#     How to cite and acknowledge Gaia: 
#     https://gea.esac.esa.int/archive/documentation/credits.html 
# - KNOWN_ISSUES: >
#     Known issues: 
#     https://www.cosmos.esa.int/web/gaia-users/known-issues 
# - DOCUMENTATION: >
#     Tutorials and documentation: 
#     https://www.cosmos.esa.int/web/gaia-users/archive 
# datatype:
# - 
#   name: solution_id
#   datatype: int64
#   description: Solution Identifier
#   meta:
#     ucd: meta.version
# - 
#   name: source_id
#   datatype: int64
#   description: Unique source identifier
#   meta:
#     ucd: meta.id;meta.main
# - 
#   name: global_ranking
#   datatype: float32
#   description: Number between 0 (worst) and 1 (best)
#   meta:
#     ucd: stat.param
# - 
#   name: reference_time
#   datatype: float64
#   unit: d
#   description: Reference time used for the geometric model fit
#   meta:
#     ucd: time.epoch
# - 
#   name: frequency
#   datatype: float64
#   unit: d**-1
#   description: Frequency of geometric model of the eclipsing binary light curve
#   meta:
#     ucd: src.orbital
# - 
#   name: frequency_error
#   datatype: float32
#   unit: d**-1
#   description: "Uncertainty of \\texttt{frequency}"
#   meta:
#     ucd: stat.error
# - 
#   name: geom_model_reference_level
#   datatype: float32
#   unit: mag
#   description: Magnitude reference level of geometric model
#   meta:
#     ucd: phot.mag;em.opt
# - 
#   name: geom_model_reference_level_error
#   datatype: float32
#   unit: mag
#   description: "Uncertainty of \\texttt{geomModelReferenceLevel}"
#   meta:
#     ucd: stat.error;phot.mag;em.opt
# - 
#   name: geom_model_gaussian1_phase
#   datatype: float32
#   description: Phase of the Gaussian 1 component
#   meta:
#     ucd: time.phase
# - 
#   name: geom_model_gaussian1_phase_error
#   datatype: float32
#   description: "Uncertainty of \\texttt{geomModelGaussian1Phase}"
#   meta:
#     ucd: stat.error;time.phase
# - 
#   name: geom_model_gaussian1_sigma
#   datatype: float32
#   description: "Standard deviation [phase] of Gaussian 1 component"
#   meta:
#     ucd: stat.stdev
# - 
#   name: geom_model_gaussian1_sigma_error
#   datatype: float32
#   description: "Uncertainty of \\texttt{geomModelGaussian1Sigma}"
#   meta:
#     ucd: stat.error
# - 
#   name: geom_model_gaussian1_depth
#   datatype: float32
#   unit: mag
#   description: Magnitude depth of Gaussian 1 component
#   meta:
#     ucd: src.var.amplitude
# - 
#   name: geom_model_gaussian1_depth_error
#   datatype: float32
#   unit: mag
#   description: "Uncertainty of \\texttt{geomModelGaussian1Depth}"
#   meta:
#     ucd: stat.error;src.var.amplitude
# - 
#   name: geom_model_gaussian2_phase
#   datatype: float32
#   description: Phase of Gaussian 2 component
#   meta:
#     ucd: time.phase
# - 
#   name: geom_model_gaussian2_phase_error
#   datatype: float32
#   description: "Uncertainty of \\texttt{geomModelGaussian2Phase}"
#   meta:
#     ucd: stat.error;time.phase
# - 
#   name: geom_model_gaussian2_sigma
#   datatype: float32
[...]
#   datatype: float32
#   description: "Secondary eclipse: uncertainty of \\texttt{derivedSecondaryEclDuration}"
#   meta:
#     ucd: stat.error;time.duration
# - 
#   name: derived_secondary_ecl_depth
#   datatype: float32
#   unit: mag
#   description: "Secondary eclipse: depth"
#   meta:
#     ucd: src.var.amplitude
# - 
#   name: derived_secondary_ecl_depth_error
#   datatype: float32
#   unit: mag
#   description: "Secondary eclipse: uncertainty of \\texttt{derivedSecondaryEclDepth}"
#   meta:
#     ucd: stat.error;src.var.amplitude
solution_id,source_id,global_ranking,reference_time,frequency,frequency_error,geom_model_reference_level,geom_model_reference_level_error,geom_model_gaussian1_phase,geom_model_gaussian1_phase_error,geom_model_gaussian1_sigma,geom_model_gaussian1_sigma_error,geom_model_gaussian1_depth,geom_model_gaussian1_depth_error,geom_model_gaussian2_phase,geom_model_gaussian2_phase_error,geom_model_gaussian2_sigma,geom_model_gaussian2_sigma_error,geom_model_gaussian2_depth,geom_model_gaussian2_depth_error,geom_model_cosine_half_period_amplitude,geom_model_cosine_half_period_amplitude_error,geom_model_cosine_half_period_phase,geom_model_cosine_half_period_phase_error,model_type,num_model_parameters,reduced_chi2,derived_primary_ecl_phase,derived_primary_ecl_phase_error,derived_primary_ecl_duration,derived_primary_ecl_duration_error,derived_primary_ecl_depth,derived_primary_ecl_depth_error,derived_secondary_ecl_phase,derived_secondary_ecl_phase_error,derived_secondary_ecl_duration,derived_secondary_ecl_duration_error,derived_secondary_ecl_depth,derived_secondary_ecl_depth_error
[from data line 321]
375316653866487564,5662339683088851200,0.50736403,2406.611121118099,0.2367782158396498,7.282375E-6,15.186921,4.0333514E-4,0.07244311,0.0011972591,0.0051524183,0.0016736849,0.24213807,0.22035055,0.3906242,0.009484872,0.021936864,0.009756126,0.0063787876,0.007187525,null,null,null,null,"TWOGAUSSIANS",8,14.276668,0.07244311,0.0011972591,0.028853543,0.009372636,0.24213807,0.22035055,0.3906242,0.009484872,0.12284643,0.05463431,0.0063787876,0.007187525
375316653866487564,5662340091110903424,0.5613855,2362.721688274571,4.349920768093116,6.505137E-6,16.536995,0.005817366,0.20946437,0.00217043,0.043758906,0.007885671,0.077540204,0.022123257,0.706444,0.0027024136,0.052247904,0.0033894083,0.23220147,0.015510081,0.093074575,0.009124937,0.20946437,0.00217043,"TWOGAUSSIANS_WITH_ELLIPSOIDAL_ON_ECLIPSE1",9,32.74552,0.706884,0.002278375,0.29258826,0.018980687,0.4182902,0.009900576,0.20946437,0.00217043,0.24504988,0.04415976,0.2636861,0.019304806
375316653866487564,5662348204302673152,0.5214069,2415.803394263056,0.026566371179965857,4.1072816E-4,17.612314,0.0038353067,0.11747326,0.0028643098,0.0125459,0.0026057148,0.8929349,0.12402122,0.6289195,0.005840697,0.037097197,0.0080081895,0.41080716,0.13648869,null,null,null,null,"TWOGAUSSIANS",8,15.647174,0.11747326,0.0028643098,0.070257045,0.014592003,0.8929349,0.12402122,0.6289195,0.005840697,0.2077443,0.044845864,0.41080716,0.13648869
375316653866487564,5662349230799911808,0.6524307,2337.136390356686,2.048204653907626,2.8875904E-6,13.127518,0.005156356,0.27930894,0.0012643967,0.049278796,0.0047232574,0.12940507,0.007604717,0.78304255,0.0021429323,0.051572997,0.0026820374,0.1697006,0.011741792,0.08410311,0.0056215446,0.27930894,0.0012643967,"TWOGAUSSIANS_WITH_ELLIPSOIDAL_ON_ECLIPSE1",9,38.014706,0.78304255,0.0021429323,0.2888088,0.015019409,0.33781266,0.005166346,0.27930894,0.0012643967,0.27596125,0.026450243,0.2976097,0.005605692
375316653866487564,5662363661890333952,0.6260261,2339.5458773826695,2.7572744060660495,8.229829E-6,17.624228,0.018255228,0.28629795,0.001710545,0.04673149,0.0051951082,0.35081503,0.039223917,0.7812222,0.003279477,0.047062457,0.0040468033,0.63698274,0.051017467,0.12287129,0.02387028,0.28629795,0.001710545,"TWOGAUSSIANS_WITH_ELLIPSOIDAL_ON_ECLIPSE1",9,13.236313,0.78154224,0.00311212,0.26354977,0.0226621,0.8824901,0.03123348,0.28629795,0.001710545,0.26169637,0.029092606,0.5965565,0.019276787
375316653866487564,5662373351336957696,0.535811,2328.6523552146405,3.8970579649705033,1.0446547E-5,17.30534,0.024177792,0.20960061,0.004108776,0.045359008,0.021708032,0.25200972,0.067661345,0.70993775,0.0037104704,0.05567274,0.007144765,0.26825884,0.05753519,0.09199106,0.03381939,0.20960061,0.004108776,"TWOGAUSSIANS_WITH_ELLIPSOIDAL_ON_ECLIPSE1",9,28.918392,0.70993775,0.0033778027,0.31176734,0.040010683,0.45222914,0.021935627,0.20960061,0.004108776,0.25401044,0.12156498,0.43598086,0.092957534
375316653866487564,5662379364290904320,0.58897763,2359.093803478173,3.36837786363533,4.883635E-6,15.678433,0.0048233243,0.28209114,0.0011825886,0.078379676,0.0022519948,0.23797119,0.004826165,0.76880306,0.0035637654,0.08321824,0.004927028,0.260945,0.0060225558,null,null,null,null,"TWOGAUSSIANS",8,23.102129,0.76880306,0.0035637654,0.4,0.0,0.25772977,0.005663652,0.28209114,0.0011825886,0.4,0.0,0.23475596,0.004006176
375316653866487564,5662380704321363328,0.53963715,2381.162811662703,3.7316466414741982,1.6896485E-5,18.310923,0.010816176,0.23362157,0.0030594054,0.09219242,0.005080627,0.29043013,0.0112977885,0.7408211,0.004412703,0.080785386,0.0051734275,0.27480772,0.015342587,null,null,null,null,"TWOGAUSSIANS",8,4.3962216,0.23362157,0.0030594054,0.4,0.0,0.2827577,0.0091104265,0.7408211,0.004412703,0.4,0.0,0.26713556,0.014074596
375316653866487564,5662387443125144320,0.5868329,2338.7252626060604,2.858341562866011,4.8536635E-6,16.655071,0.0046160007,0.26994714,0.0016498925,0.0523048,0.0043882704,0.18402115,0.013939102,0.77262014,0.0020849,0.037559092,0.0056924806,0.1964244,0.044102978,0.10195052,0.0078174425,0.26994714,0.0016498925,"TWOGAUSSIANS_WITH_ELLIPSOIDAL_ON_ECLIPSE1",9,14.092926,0.77262014,0.0020849,0.21033092,0.03187789,0.40026584,0.05313446,0.26994714,0.0016498925,0.29290688,0.024574315,0.3879201,0.010320191
375316653866487564,5662409600859816832,0.5977967,2378.520429883426,3.0973008793457346,4.5611623E-6,17.587614,0.0053851805,0.2728441,0.0020658646,0.08392459,0.0026063418,0.4908905,0.008765828,0.77488977,0.0013335196,0.08117337,0.002151447,0.43875378,0.011876825,null,null,null,null,"TWOGAUSSIANS",8,7.0965037,0.2728441,0.0020658646,0.4,0.0,0.48177066,0.008678961,0.77488977,0.0013335196,0.4,0.0,0.42963398,0.012207343
375316653866487564,5662412555797347584,0.5667167,2364.4244344614035,4.475300693329683,9.55129E-6,16.976614,0.011452747,0.25037226,0.0019578706,0.05353898,0.008346469,0.19960073,0.035887398,0.74129,0.013891572,0.03407508,0.025478387,0.087940514,0.026039867,0.11682279,0.017499104,0.25037226,0.0019578706,"TWOGAUSSIANS_WITH_ELLIPSOIDAL_ON_ECLIPSE1",9,20.628653,0.25037226,0.0019578706,0.2998183,0.046740226,0.4332425,0.0299981,0.74306995,0.008977765,0.19082046,0.14267896,0.3209709,0.017427148
375316653866487564,5662415515031285248,0.52388567,2342.736471185674,0.0888772510328085,6.905938E-5,15.885618,9.5552515E-4,0.24873811,0.008234888,0.010780466,0.011951746,0.035759714,13.421682,0.587215,0.0074603534,0.041302145,0.0070011066,0.10435145,0.018726166,null,null,null,null,"TWOGAUSSIANS",8,3.6783755,0.587215,0.0074603534,0.23129201,0.0392062,0.10435145,0.018726166,0.24873811,0.008234888,0.06037061,0.06692978,0.035759714,13.421682
375316653866487564,5662425097101900032,0.5518383,2357.652555229844,4.566796569699595,1.21148005E-5,19.447958,0.010419205,0.27723625,0.002636047,0.07320896,0.003557254,0.54461217,0.03342514,0.7649894,0.0029927862,0.06985253,0.0043236,0.5764529,0.03926144,null,null,null,null,"TWOGAUSSIANS",8,2.6286838,0.7649894,0.0029927862,0.39117417,0.020999338,0.57461196,0.03975192,0.27723625,0.002636047,0.4,0.0,0.5427713,0.033625778
375316653866487564,5662426368412520576,0.6202648,2348.8042313581645,3.1259809186919596,5.0961153E-6,14.552601,8.0337824E-4,0.15409844,9.3142816E-4,0.012377293,0.0013001972,0.071027696,0.030190108,0.31124163,1.5283132E-4,0.004369971,1.189539E-4,1.175654,0.12855783,null,null,null,null,"TWOGAUSSIANS",8,14.263876,0.31124163,1.5283132E-4,0.024471836,6.6614186E-4,1.175654,0.12855783,0.15409844,9.3142816E-4,0.06931284,0.0072811046,0.071027696,0.030190108
375316653866487564,5662429048471857152,0.5405094,2368.03345205724,3.3219112473598598,1.1937627E-5,15.68969,0.014147268,0.2419447,0.004542272,0.041257296,0.0043239105,0.37544578,0.047613423,0.7445284,0.010131472,0.049300093,0.0125313485,0.4294875,0.082261555,0.10230864,0.017963717,0.2419447,0.004542272,"TWOGAUSSIANS_WITH_ELLIPSOIDAL_ON_ECLIPSE1",9,355.82468,0.7445284,0.009552219,0.27608052,0.07017555,0.63404936,0.089268036,0.2419447,0.004542272,0.23104087,0.024213899,0.58006155,0.02806041
375316653866487564,5662430216702974336,0.43927065,2322.169094133559,2.3659648917498584,3.716685E-5,18.920895,0.0059358026,0.21217932,0.00858219,0.027325088,0.0149756055,0.23404779,0.18927185,0.7388252,0.006678966,0.07284235,0.008013991,0.16354577,0.016271226,null,null,null,null,"TWOGAUSSIANS",8,4.2522306,0.21217932,0.00858219,0.15302049,0.08386339,0.23404746,0.18927512,0.7388252,0.006678966,0.4,0.010104377,0.16354546,0.01627186
375316653866487564,5662440803799034880,0.49599737,2325.634551518029,2.449775265800549,2.0921632E-5,13.972803,0.05309934,0.20128025,0.0077495077,0.102489986,0.014967017,0.41066128,0.05431419,0.7184673,0.0049225907,0.10818874,0.01723658,0.37604982,0.047356922,null,null,null,null,"TWOGAUSSIANS",8,1756.2976,0.20127025,0.007736521,0.4,0.0,0.37214446,0.022218872,0.7184773,0.0049218694,0.4,0.0,0.33751857,0.0289574
375316653866487564,5662460904245922304,0.491867,2316.8307158877838,1.925334143959108,2.160547E-5,13.658287,0.018645696,0.23264962,0.0037141647,0.083150096,0.010430268,0.28314444,0.0218587,0.72869873,0.007275877,0.10007471,0.01263783,0.2323072,0.01850448,null,null,null,null,"TWOGAUSSIANS",8,321.32874,0.23264962,0.0037141647,0.4,0.0,0.27165556,0.024481228,0.72869873,0.007275877,0.4,0.0,0.22081654,0.011999947
375316653866487564,5662471448390274432,0.48196352,2344.7082858495232,0.05585628846188169,7.82393E-6,16.75735,0.0014215539,0.2983133,0.0010309734,0.0045942925,6.8008923E-4,0.031113913,0.0060726707,0.62050205,0.008118434,0.048369173,0.0052838074,0.08834164,0.01655599,null,null,null,null,"TWOGAUSSIANS",8,3.6531503,0.62050205,0.008118434,0.27086738,0.029589323,0.08834164,0.01655599,0.2983133,0.0010309734,0.025728038,0.0038084998,0.031113913,0.0060726707
375316653866487564,5662480558016981248,0.57059836,2322.6699097774663,2.707383511660336,7.04701E-6,17.291372,0.011377502,0.24237189,0.0027924255,0.07552668,0.004404713,0.50358534,0.019064447,0.72596925,0.0038701766,0.080882244,0.0049981354,0.63234705,0.027952837,null,null,null,null,"TWOGAUSSIANS",8,30.529272,0.72596925,0.0038701766,0.4,0.0,0.62748533,0.028363142,0.24237189,0.0027924255,0.4,0.0,0.4987236,0.019254548
375316653866487564,5662481107771940864,0.5510809,2316.7311673776853,4.13971465352216,9.288912E-6,16.061188,0.014539769,0.17821173,0.0038253507,0.10548882,0.009683589,0.18680497,0.013585589,0.68034786,0.0017909794,0.105105355,0.0059131198,0.22476648,0.013722101,null,null,null,null,"TWOGAUSSIANS",8,15.357025,0.68034786,0.0017909794,0.4,0.0,0.20091687,0.004603393,0.17821173,0.0038253507,0.4,0.0,0.1629559,0.007789037
375316653866487564,5662485162221175040,0.4572842,2328.2063435068726,3.111614683703837,3.5049397E-5,15.436611,0.477102,0.3092896,0.016065385,0.14485613,0.06507877,0.22410007,0.34007025,0.8053274,0.009950877,0.16402498,0.09902489,0.24335511,0.46872512,null,null,null,null,"TWOGAUSSIANS",8,114.71832,0.8053274,0.009950877,0.4,0.0,0.12104578,0.009068854,0.3099096,0.01595218,0.4,0.0,0.10531127,0.023439586
375316653866487564,5662496943315966848,0.56250924,2332.5691443689943,2.5448931677388464,1.1061623E-5,11.467705,0.004690719,0.230947,0.0021379166,0.079798415,0.0027079599,0.41539887,0.016509706,0.7296478,0.0019177877,0.07751714,0.0021096843,0.42832598,0.0061175157,null,null,null,null,"TWOGAUSSIANS",8,69.81947,0.7296478,0.0019177877,0.4,0.0,0.4230648,0.005947575,0.230947,0.0021379166,0.4,0.0,0.41013768,0.016965996
375316653866487564,5662514436718282368,0.5235792,2302.601758350937,2.28122306664391,2.2538126E-5,14.769376,0.012081602,0.17969598,0.006637526,0.048251104,0.05491772,0.020799186,0.029999906,0.6529959,0.04118335,0.05445848,0.022775065,0.03142891,0.030579742,0.071870804,0.014098693,0.17969598,0.006637526,"TWOGAUSSIANS_WITH_ELLIPSOIDAL_ON_ECLIPSE1",9,58.774227,0.6669959,0.020976773,0.3049675,0.12754036,0.17323518,0.018438175,0.17969598,0.006637526,0.27020618,0.25766763,0.16454038,0.01720385
375316653866487564,5662519178361947136,0.60680974,2343.628247043134,3.0677836341543507,4.759956E-6,14.275693,0.014396026,0.21681571,0.0036071877,0.056594796,0.003464324,0.4911723,0.040717147,0.72051424,0.0022379442,0.050291315,0.0036996687,0.38639995,0.035883196,0.09143412,0.01897407,0.72051424,0.0022379442,"TWOGAUSSIANS_WITH_ELLIPSOIDAL_ON_ECLIPSE2",9,187.80367,0.21713571,0.0032321492,0.31693086,0.019400213,0.6739273,0.035033107,0.72051424,0.0022379442,0.28163135,0.020718144,0.5692452,0.01506071
375316653866487564,5662536903692281600,0.52940243,2345.0958132321016,3.6267548710206885,1.9377962E-5,18.4888,0.008060248,0.2398483,0.0049190614,0.09752759,0.009597445,0.1770524,0.009103182,0.7488097,0.0040817065,0.08621767,0.007120036,0.15820514,0.007871811,null,null,null,null,"TWOGAUSSIANS",8,1.8276232,0.2398483,0.0049190614,0.4,0.0,0.16981937,0.00941883,0.7488097,0.0040817065,0.4,0.0,0.15097287,0.005453027
375316653866487564,5662548070606655616,0.5062888,2302.3221440685593,1.6766465885646091,1.9774554E-5,13.66561,0.015545494,0.26176983,0.0034774581,0.08954185,0.009175112,0.15370083,0.014821869,0.7645163,0.007931534,0.10832544,0.018609548,0.12723476,0.014585464,null,null,null,null,"TWOGAUSSIANS",8,88.65556,0.26176983,0.0034749515,0.4,0.0,0.14280334,0.008855485,0.7645163,0.007931534,0.4,0.0,0.116331264,0.010602406
375316653866487564,5662567213276121728,0.6057477,2295.1440148365705,1.6428884885495658,1.0110949E-5,15.6305065,0.003224798,0.23083079,0.0032630241,0.048171595,0.0042089573,0.24150123,0.024838684,0.73390776,0.0029835165,0.052120484,0.003506121,0.09941316,0.009695738,0.008625125,0.0039778925,0.23083079,0.0032630241,"TWOGAUSSIANS_WITH_ELLIPSOIDAL_ON_ECLIPSE1",9,10.155925,0.23083079,0.0032630241,0.26976094,0.023570161,0.25875032,0.02817891,0.73390776,0.0029835165,0.2918747,0.019634277,0.11665579,0.0076201977
375316653866487564,5662576520468868224,0.47334775,2356.978265338946,2.3795093823201516,4.0013358E-5,18.042473,0.004583118,0.2753599,0.00505031,0.05095537,0.007637705,0.23978198,0.080920726,null,null,null,null,null,null,0.046088245,0.006808896,0.2753599,0.00505031,"ONEGAUSSIAN_WITH_ELLIPSOIDAL",6,14.452628,0.2753599,0.00505031,0.28535008,0.04277115,0.33195695,0.08132112,null,null,null,null,null,null
375316653866487564,5662578375894718080,0.5413347,2369.0174798797193,1.6438861641373232,1.0759585E-5,17.655235,0.08658605,0.19421397,0.0047313445,0.12738316,0.025061915,0.21989433,0.08413224,0.695419,0.0023638417,0.13397354,0.026607918,0.21794769,0.084194146,null,null,null,null,"TWOGAUSSIANS",8,2.393755,0.19418398,0.0048138895,0.4,0.0,0.15072769,0.0067925085,0.69543904,0.0023656595,0.4,0.0,0.14856744,0.0050528026
375316653866487564,5662578891290815744,0.52792025,2348.8413094721805,1.7655726604456754,1.1621672E-5,17.426302,0.018626282,0.2018638,0.0031800503,0.1011115,0.010176812,0.18512283,0.016320856,0.7090571,0.005165058,0.11965032,0.01646218,0.12737162,0.017944602,null,null,null,null,"TWOGAUSSIANS",8,3.8125515,0.2018438,0.0031920052,0.4,0.0,0.16382894,0.008797667,0.7090571,0.0051732035,0.4,0.0,0.10603729,0.0053169536
375316653866487564,5662589169148974848,0.63854337,2292.3202684267467,3.0286726234401455,3.7607238E-6,16.650633,0.016367417,0.26156026,0.0013915676,0.04701299,0.003268663,0.44241145,0.037317663,0.76138043,6.796822E-4,0.04868776,0.0018698385,0.4995325,0.037272595,0.09651593,0.019812943,0.26156026,0.0013915676,"TWOGAUSSIANS_WITH_ELLIPSOIDAL_ON_ECLIPSE1",9,26.646757,0.76139045,6.447625E-4,0.27265143,0.010471095,0.6925628,0.007521326,0.26156026,0.0013915676,0.26327273,0.018304514,0.635442,0.013651244
375316653866487564,5662594078295304320,0.47780985,2331.062952485315,4.113617551195284,3.658599E-5,19.671711,0.007912411,0.17125225,0.012050112,0.052089576,0.011291032,0.2669889,0.048063304,0.65402716,0.011489115,0.043755777,0.01162625,0.2579777,0.03498984,null,null,null,null,"TWOGAUSSIANS",8,2.0631106,0.17125225,0.012050112,0.2917016,0.06322978,0.26698866,0.04806398,0.65402716,0.011489115,0.24503236,0.065107,0.25797746,0.034989186
375316653866487564,5662607311090850176,0.51102465,2350.199460272714,1.2116027818654198,2.2208207E-5,17.67007,0.0022079952,0.34911463,0.004500516,0.032943062,0.011456066,0.23195052,0.16879591,0.84220093,0.026363116,0.019929096,0.009286968,0.085368484,0.012741366,null,null,null,null,"TWOGAUSSIANS",8,4.887087,0.34911463,0.004500516,0.18448116,0.06415397,0.23195052,0.16879591,0.84220093,0.026363116,0.11160294,0.052007023,0.085368484,0.012741366
375316653866487564,5662609647553022848,0.4595664,2319.1252045236424,1.42666695873344,2.4728713E-5,14.830337,0.041624952,0.22500278,0.010297988,0.097822115,0.033889517,0.066109434,0.03758783,0.71609384,0.0087130545,0.13636841,0.06099761,0.07628113,0.038013317,null,null,null,null,"TWOGAUSSIANS",8,63.178715,0.71609384,0.0087130545,0.4,0.0,0.06292557,0.0068513933,0.22516277,0.010319774,0.4,0.0,0.05294229,0.006336231
