Gaia/vari_eclipsing_binary/VariEclipsingBinary_459148-459159.csv
# %ECSV 1.0
# ---
# delimiter: ','
# meta: !!omap
# - RELEASE: Gaia DR3
# - TABLE: vari_eclipsing_binary
# - DESCRIPTION: >
#     This table describes the properties of the eclipsing binaries resulting from the variability analysis. 
# - CITATION: >
#     How to cite and acknowledge Gaia: 
#     https://gea.esac.esa.int/archive/documentation/credits.html 
# - KNOWN_ISSUES: >
#     Known issues: 
#     https://www.cosmos.esa.int/web/gaia-users/known-issues 
# - DOCUMENTATION: >
#     Tutorials and documentation: 
#     https://www.cosmos.esa.int/web/gaia-users/archive 
# datatype:
# - 
#   name: solution_id
#   datatype: int64
#   description: Solution Identifier
#   meta:
#     ucd: meta.version
# - 
#   name: source_id
#   datatype: int64
#   description: Unique source identifier
#   meta:
#     ucd: meta.id;meta.main
# - 
#   name: global_ranking
#   datatype: float32
#   description: Number between 0 (worst) and 1 (best)
#   meta:
#     ucd: stat.param
# - 
#   name: reference_time
#   datatype: float64
#   unit: d
#   description: Reference time used for the geometric model fit
#   meta:
#     ucd: time.epoch
# - 
#   name: frequency
#   datatype: float64
#   unit: d**-1
#   description: Frequency of geometric model of the eclipsing binary light curve
#   meta:
#     ucd: src.orbital
# - 
#   name: frequency_error
#   datatype: float32
#   unit: d**-1
#   description: "Uncertainty of \\texttt{frequency}"
#   meta:
#     ucd: stat.error
# - 
#   name: geom_model_reference_level
#   datatype: float32
#   unit: mag
#   description: Magnitude reference level of geometric model
#   meta:
#     ucd: phot.mag;em.opt
# - 
#   name: geom_model_reference_level_error
#   datatype: float32
#   unit: mag
#   description: "Uncertainty of \\texttt{geomModelReferenceLevel}"
#   meta:
#     ucd: stat.error;phot.mag;em.opt
# - 
#   name: geom_model_gaussian1_phase
#   datatype: float32
#   description: Phase of the Gaussian 1 component
#   meta:
#     ucd: time.phase
# - 
#   name: geom_model_gaussian1_phase_error
#   datatype: float32
#   description: "Uncertainty of \\texttt{geomModelGaussian1Phase}"
#   meta:
#     ucd: stat.error;time.phase
# - 
#   name: geom_model_gaussian1_sigma
#   datatype: float32
#   description: "Standard deviation [phase] of Gaussian 1 component"
#   meta:
#     ucd: stat.stdev
# - 
#   name: geom_model_gaussian1_sigma_error
#   datatype: float32
#   description: "Uncertainty of \\texttt{geomModelGaussian1Sigma}"
#   meta:
#     ucd: stat.error
# - 
#   name: geom_model_gaussian1_depth
#   datatype: float32
#   unit: mag
#   description: Magnitude depth of Gaussian 1 component
#   meta:
#     ucd: src.var.amplitude
# - 
#   name: geom_model_gaussian1_depth_error
#   datatype: float32
#   unit: mag
#   description: "Uncertainty of \\texttt{geomModelGaussian1Depth}"
#   meta:
#     ucd: stat.error;src.var.amplitude
# - 
#   name: geom_model_gaussian2_phase
#   datatype: float32
#   description: Phase of Gaussian 2 component
#   meta:
#     ucd: time.phase
# - 
#   name: geom_model_gaussian2_phase_error
#   datatype: float32
#   description: "Uncertainty of \\texttt{geomModelGaussian2Phase}"
#   meta:
#     ucd: stat.error;time.phase
# - 
#   name: geom_model_gaussian2_sigma
#   datatype: float32
[...]
#   datatype: float32
#   description: "Secondary eclipse: uncertainty of \\texttt{derivedSecondaryEclDuration}"
#   meta:
#     ucd: stat.error;time.duration
# - 
#   name: derived_secondary_ecl_depth
#   datatype: float32
#   unit: mag
#   description: "Secondary eclipse: depth"
#   meta:
#     ucd: src.var.amplitude
# - 
#   name: derived_secondary_ecl_depth_error
#   datatype: float32
#   unit: mag
#   description: "Secondary eclipse: uncertainty of \\texttt{derivedSecondaryEclDepth}"
#   meta:
#     ucd: stat.error;src.var.amplitude
solution_id,source_id,global_ranking,reference_time,frequency,frequency_error,geom_model_reference_level,geom_model_reference_level_error,geom_model_gaussian1_phase,geom_model_gaussian1_phase_error,geom_model_gaussian1_sigma,geom_model_gaussian1_sigma_error,geom_model_gaussian1_depth,geom_model_gaussian1_depth_error,geom_model_gaussian2_phase,geom_model_gaussian2_phase_error,geom_model_gaussian2_sigma,geom_model_gaussian2_sigma_error,geom_model_gaussian2_depth,geom_model_gaussian2_depth_error,geom_model_cosine_half_period_amplitude,geom_model_cosine_half_period_amplitude_error,geom_model_cosine_half_period_phase,geom_model_cosine_half_period_phase_error,model_type,num_model_parameters,reduced_chi2,derived_primary_ecl_phase,derived_primary_ecl_phase_error,derived_primary_ecl_duration,derived_primary_ecl_duration_error,derived_primary_ecl_depth,derived_primary_ecl_depth_error,derived_secondary_ecl_phase,derived_secondary_ecl_phase_error,derived_secondary_ecl_duration,derived_secondary_ecl_duration_error,derived_secondary_ecl_depth,derived_secondary_ecl_depth_error
[from data line 187]
375316653866487564,4038727661729538176,0.45232296,2324.107620208501,0.1439190279851592,3.4440007E-5,19.484015,0.061693247,0.07464534,0.0030671556,0.024204535,0.003559417,0.25591525,0.07356004,0.5915285,0.028539645,0.19359834,0.071588814,0.19499831,0.05766367,null,null,null,null,"TWOGAUSSIANS",8,3.5776799,0.07456534,0.0030453943,0.1355454,0.019932736,0.25090203,0.07351528,0.5915285,0.028539645,0.4,0.0,0.17579615,0.038186375
375316653866487564,4038727730449399040,0.55225146,2356.768188923873,4.059837222518415,1.0341656E-6,18.618658,0.0077338666,0.22826473,2.3857795E-4,0.0056531327,1.6210151E-4,0.9214605,0.031917017,0.49583405,0.016634,0.056671727,0.0151384305,0.06378086,0.014169115,null,null,null,null,"TWOGAUSSIANS",8,9.387782,0.22826473,2.3857795E-4,0.031657543,9.077685E-4,0.92146146,0.03191729,0.49583405,0.016634,0.31736168,0.08477522,0.06378086,0.014169115
375316653866487564,4038728039686761984,0.4988646,2380.1033094543636,3.135178766646146,2.3338664E-5,17.905382,0.016765697,0.22156346,0.009573217,0.10202329,0.016882306,0.1413316,0.01775324,0.7010333,0.0062489575,0.10433232,0.015511956,0.13039334,0.016674247,null,null,null,null,"TWOGAUSSIANS",8,3.4988408,0.22157346,0.009585251,0.4,0.0,0.13006988,0.011786159,0.7010333,0.0062489575,0.4,0.0,0.119130306,0.013581629
375316653866487564,4038728211489012992,0.52436376,2360.658828957037,3.289094518169135,2.2216576E-5,19.257677,0.011610529,0.19596437,0.0035056726,0.060050346,0.005966411,0.50026476,0.050570376,0.6938923,0.035102602,0.070517376,0.03694264,0.6016524,5.1076236,null,null,null,null,"TWOGAUSSIANS",8,6.7346616,0.6938923,0.035102602,0.3948973,0.2067867,0.60097414,5.1084085,0.19596437,0.0035056726,0.33628193,0.0334119,0.49958655,0.05091234
375316653866487564,4038728348922420992,0.5178048,2348.8134765903205,2.9264183961432573,1.6183698E-5,19.537369,0.035525393,0.26264864,0.013679741,0.09954328,0.01860761,0.41302624,0.048570808,0.7599023,0.007415272,0.0834919,0.012581779,0.4760687,0.03168873,null,null,null,null,"TWOGAUSSIANS",8,2.823333,0.7599023,0.007415272,0.4,0.0,0.4559156,0.033330865,0.26264864,0.013679741,0.4,0.0,0.3928704,0.048438784
375316653866487564,4038728898678446208,0.53022885,2342.9066181205644,2.916197869941446,1.2493569E-5,18.958853,0.03624959,0.13465314,0.005730107,0.095430814,0.013143443,0.4112397,0.03394688,0.6430655,0.0043954924,0.0895638,0.00924204,0.4384506,0.033576787,null,null,null,null,"TWOGAUSSIANS",8,4.3289175,0.6430655,0.0043954924,0.4,0.0,0.41903594,0.020630183,0.13465314,0.005730107,0.4,0.0,0.39182425,0.028632566
375316653866487564,4038728898678482048,0.44677958,2359.1951391692137,0.030752275695398155,1.6124088E-5,18.456554,0.007427594,0.17867859,0.012343573,0.046348467,0.021327158,0.17371717,0.07539175,0.6756748,0.011139208,0.04955907,0.029017271,0.13621776,0.8141989,null,null,null,null,"TWOGAUSSIANS",8,8.217411,0.17867859,0.012343573,0.2595514,0.119432084,0.17371684,0.075397216,0.6756748,0.011139208,0.27753082,0.16249672,0.13621743,0.8141997
375316653866487564,4038728933038489472,0.46538708,2360.2504638422824,0.030702894140983258,1.6837192E-5,19.100574,0.009780159,0.14932299,0.0051396955,0.024670508,0.012980352,0.18843439,0.9214629,0.8656133,0.013302388,0.014939319,0.007087735,0.21918446,1.2124019,0.07272285,0.013693222,0.14932299,0.0051396955,"TWOGAUSSIANS_WITH_ELLIPSOIDAL_ON_ECLIPSE1",9,5.998672,0.14932299,0.0051396955,0.13815483,0.07268997,0.33388007,0.93053734,0.8656133,0.013302388,0.083660185,0.039691318,0.22561228,1.2084905
375316653866487564,4038728967398345472,0.534216,2354.799131206627,0.10653430351848679,1.4342582E-5,19.864834,0.037716582,0.40896985,0.01593872,0.1357126,0.041961078,0.34834218,0.08454296,0.71875614,0.015024905,0.07289854,0.008307556,0.32915097,0.042927142,null,null,null,null,"TWOGAUSSIANS",8,0.61031246,0.71875614,0.015024905,0.4,0.011999148,0.35209078,0.041663896,0.40908986,0.015875317,0.4,0.0,0.3455843,0.089563094
375316653866487564,4038729070477494400,0.46041965,2370.913296206816,3.3437505924150748,4.198968E-5,19.572596,0.104068264,0.2824775,0.084045164,0.10287356,0.062658295,0.30655962,0.21870369,0.8129018,0.008981983,0.13675378,0.02980021,0.37442824,0.10480417,null,null,null,null,"TWOGAUSSIANS",8,2.4173212,0.81292176,0.008914611,0.4,0.0,0.31572795,0.021526877,0.2817675,0.08397826,0.4,0.13723476,0.24908999,0.19918118
375316653866487564,4038729104842032512,0.45326126,2364.285758409092,2.17446312598542,4.4637476E-5,17.888195,0.012302936,0.15841255,0.013011927,0.07387478,0.021262102,0.14962497,0.022127563,0.665177,0.010716486,0.07391951,0.015261862,0.10890062,0.01295644,null,null,null,null,"TWOGAUSSIANS",8,15.862821,0.15841255,0.013011927,0.4,0.06723813,0.14891128,0.022324549,0.665177,0.010716486,0.4,0.017139656,0.10818692,0.012293516
375316653866487564,4038729276636156544,0.64974684,2336.969310687365,0.8637835977942615,3.1596758E-6,18.22868,0.0029229147,0.2930558,1.07812026E-4,0.031227974,2.737703E-4,1.1669248,0.0074027856,0.7995266,0.011944096,0.034763984,0.012271856,0.13650143,0.311722,null,null,null,null,"TWOGAUSSIANS",8,2.7892632,0.2930558,1.07812026E-4,0.17487666,0.0015331137,1.1669248,0.0074027856,0.7995266,0.011944096,0.19467832,0.0687224,0.13650143,0.311722
375316653866487564,4038729310995922048,0.52893513,2385.0369875733427,2.921521010134029,2.8387218E-5,18.992012,0.008510752,0.22433895,0.004514105,0.06236963,0.0056543485,0.51023716,0.034152206,0.72859496,0.0050619375,0.066644214,0.007788966,0.43922105,0.040225394,null,null,null,null,"TWOGAUSSIANS",8,3.0544226,0.22433895,0.004514105,0.34926993,0.031664353,0.5097826,0.03431075,0.72859496,0.0050619375,0.37320763,0.04361821,0.43876648,0.04052953
375316653866487564,4038729310996115712,0.5137236,2349.089304824796,0.030871771481207923,5.980959E-5,18.2007,0.0032355539,0.27336344,0.0018241011,0.028808065,0.0031701382,0.3570421,0.066409685,0.7250218,2.9244527E-4,0.033522114,0.004256173,3.263558,1.7053072,null,null,null,null,"TWOGAUSSIANS",8,4.585516,0.7250218,2.9244527E-4,0.18772383,0.02383457,3.263558,1.7053072,0.27336344,0.0018241011,0.16132516,0.017752774,0.3570421,0.066409685
375316653866487564,4038729448480618368,0.55813116,2331.7294499577533,1.9595429848259776,1.98013E-6,16.926668,0.0051233354,0.2675841,0.0057719364,0.049513545,0.018442897,0.0053585977,0.014967689,0.77184814,0.0010212542,0.045950327,0.0011184955,0.34858367,0.012735536,0.05304201,0.00842053,0.2675841,0.0057719364,"TWOGAUSSIANS_WITH_ELLIPSOIDAL_ON_ECLIPSE1",9,19.69008,0.77184814,0.0010212542,0.25732183,0.0062635746,0.45459145,0.0056958986,0.2675841,0.0057719364,0.27727586,0.103280224,0.11144251,0.00534963
375316653866487564,4038729512792372352,0.4603802,2360.469736130353,0.05132737576638922,8.162248E-6,18.397305,0.008776385,0.14070258,0.0058569442,0.0455604,0.008696139,0.60043883,0.40594465,0.62290496,0.0061833314,0.04157708,0.0028999727,0.40222266,0.029681113,null,null,null,null,"TWOGAUSSIANS",8,10.56581,0.14070258,0.0058569442,0.25513825,0.048698377,0.60043883,0.40594468,0.62290496,0.0061833314,0.23283163,0.016239846,0.40222263,0.029681105
375316653866487564,4038729581511864832,0.51999646,2345.647808875072,2.157540166355278,1.0035648E-5,18.224339,0.03570208,0.23427191,0.0046096435,0.11833918,0.017434087,0.23921016,0.033347506,0.72885543,0.0020346923,0.10343458,0.010570878,0.28387424,0.03212705,null,null,null,null,"TWOGAUSSIANS",8,3.498871,0.72885543,0.0020346923,0.4,0.0,0.24552335,0.011603477,0.23427191,0.0046087466,0.4,0.0,0.2007995,0.009946602
375316653866487564,4038729654594215808,0.46959862,2361.904224081961,3.171843745000802,1.2495626E-5,18.83857,0.385888,0.24647532,0.0045585795,0.19535793,0.04506882,0.67825127,0.3783908,0.7398532,0.0031908636,0.16248818,0.025193376,0.66829705,0.31637594,null,null,null,null,"TWOGAUSSIANS",8,2.122266,0.7398532,0.0031908636,0.4,0.0,0.2284268,0.024628887,0.24826533,0.00393196,0.4,0.0,0.1987861,0.014382073
375316653866487564,4038729757704331648,0.42792422,2373.548673426528,0.07378858349958782,4.583892E-5,18.997515,0.012373049,null,null,null,null,null,null,null,null,null,null,null,null,0.09350609,0.015621563,0.32203937,0.017736575,"ELLIPSOIDAL",4,9.566518,null,null,null,null,null,null,null,null,null,null,null,null
375316653866487564,4038729856389768576,0.42252123,2363.8977346379766,4.315663605612806,4.4503966E-5,19.0535,0.03388766,0.13964698,0.026402473,0.06749029,0.028125843,0.10383858,0.029444538,0.5806074,0.01504469,0.1563682,0.033324275,0.19076556,0.035784986,null,null,null,null,"TWOGAUSSIANS",8,5.371006,0.5806074,0.01504469,0.4,0.0,0.17773895,0.022895092,0.14229697,0.026240993,0.3779456,0.14314711,0.09478562,0.029856272
375316653866487564,4038729895113018624,0.48168674,2340.6116783067246,1.2270991906812356,1.3761355E-5,18.247543,0.0041406876,0.22768685,0.0093380185,0.03700932,0.013798178,0.092720665,0.03208642,0.72245264,0.0020545013,0.03682318,0.0025527622,0.23602524,0.027584895,null,null,null,null,"TWOGAUSSIANS",8,4.345783,0.72245264,0.0020545013,0.2062098,0.014295467,0.23602524,0.027584895,0.22768685,0.0093380185,0.20725219,0.0772698,0.092720665,0.032086425
375316653866487564,4038729895113137920,0.5403262,2327.9839181279212,0.018707873386706347,3.106708E-5,19.280622,0.026826514,0.20522441,0.01605325,0.030126654,0.019706259,0.07744039,0.027909914,0.6993123,0.012804334,0.11752641,0.02668007,0.25226745,0.026978467,null,null,null,null,"TWOGAUSSIANS",8,1.3708817,0.6993123,0.012804334,0.4,0.0,0.25133854,0.01841309,0.20523442,0.016118098,0.16870926,0.11035504,0.076572,0.021661015
375316653866487564,4038729925082629376,0.62156844,2358.0639790630453,2.2958024559791914,5.748213E-6,17.101656,0.008766044,0.28467965,0.0021659248,0.109414786,0.006120582,0.15536785,0.0077817664,0.7735523,0.001688811,0.088088915,0.003803155,0.26998842,0.008382003,null,null,null,null,"TWOGAUSSIANS",8,2.0466785,0.7735523,0.001688811,0.4,0.0,0.25628656,0.0068179034,0.28467965,0.0021659248,0.4,0.0,0.14165603,0.003763778
375316653866487564,4038730101270715520,0.45840445,2350.7236255686366,2.6711592814328062,2.9224959E-5,19.424274,0.04535669,0.25031313,0.017336722,0.084334664,0.019891143,0.29923382,0.04152725,0.7530398,0.015400139,0.10320752,0.03154593,0.29361123,0.050988145,null,null,null,null,"TWOGAUSSIANS",8,7.670279,0.25031313,0.017343458,0.4,0.0,0.28303704,0.030824574,0.7530398,0.015400139,0.4,0.0,0.2774097,0.0546196
375316653866487564,4038730135630393216,0.44697753,2323.1780226265832,3.145003550634878,3.591587E-5,18.807163,0.026170325,0.2146211,0.006148549,0.059098616,0.010870224,0.35789916,0.081168815,0.70310867,0.027350582,0.06797638,0.050989117,0.18426004,0.122218825,null,null,null,null,"TWOGAUSSIANS",8,33.39553,0.2146211,0.006148549,0.33095226,0.060873255,0.3577482,0.08115335,0.70310867,0.027350582,0.38066775,0.24907866,0.1841091,0.12242287
375316653866487564,4038730341789634560,0.47080046,2431.1750755298112,3.4958964700699844,7.7418874E-5,18.72228,0.011717182,0.21817596,0.06436701,0.06621201,0.09904863,0.034991864,0.016106429,0.5314284,0.008728483,0.085537486,0.01099651,0.15108769,0.031208921,null,null,null,null,"TWOGAUSSIANS",8,1.9367398,0.5314284,0.008728483,0.4,0.0,0.15108258,0.031126566,0.21920598,0.308689,0.3707873,0.2412454,0.035175268,0.11250299
375316653866487564,4038730376152565504,0.4796033,2376.3000534358143,1.29037511851371,2.1743937E-5,16.793127,0.041037377,0.21583198,0.007874767,0.09624793,0.019956907,0.14618874,0.038555514,0.7135586,0.011726388,0.1345612,0.043602146,0.11684822,0.037817467,null,null,null,null,"TWOGAUSSIANS",8,13.329716,0.21585198,0.007913355,0.4,0.0,0.122948594,0.008360043,0.7135586,0.011726388,0.4,0.0,0.09337336,0.01138764
375316653866487564,4038730410539375104,0.5457652,2334.2449374691428,0.2575684068374426,3.4462864E-5,13.980678,0.0047027175,0.45485026,0.0034398818,0.072246164,0.0023018774,0.4125611,0.019837942,0.15971954,0.024289137,0.051658396,0.021521116,0.06289496,0.021381756,null,null,null,null,"TWOGAUSSIANS",8,353.94327,0.45485026,0.0034398818,0.4,6.5089355E-4,0.41256106,0.019837968,0.15995954,0.024741786,0.289287,0.12051825,0.06299371,0.021384852
375316653866487564,4038730749733381376,0.5625897,2389.334368815043,2.0202766576372193,1.1243008E-5,18.025686,0.0089783,0.1844471,0.0073108757,0.089251086,0.008761826,0.2005771,0.015422478,0.6930426,0.003870948,0.103191525,0.005782392,0.19624197,0.010712873,null,null,null,null,"TWOGAUSSIANS",8,1.8878492,0.1844471,0.0073108757,0.4,0.0,0.18855321,0.013655911,0.6930426,0.003870948,0.4,0.0,0.18421479,0.008361558
375316653866487564,4038730788510805760,0.44167826,2355.3685688795986,1.8451156017694792,2.4191293E-5,17.52167,0.045741443,0.21186715,0.009975032,0.117386974,0.027826775,0.109622784,0.046158746,0.6778653,0.016732566,0.11433563,0.027575556,0.15044771,0.034437176,null,null,null,null,"TWOGAUSSIANS",8,10.247374,0.6778653,0.016732566,0.4,0.0,0.13254307,0.012449568,0.21201716,0.009816737,0.4,0.0,0.091713175,0.01472446
375316653866487564,4038730822826866560,0.48351935,2319.841160948784,1.4690326175528539,6.351101E-5,18.67509,0.006750952,0.35239664,0.008985964,0.067747325,0.008347957,0.3076327,0.05758935,0.83900356,0.017352644,0.02573861,0.018926034,1.5360484,2.0545506,null,null,null,null,"TWOGAUSSIANS",8,4.725233,0.83900356,0.017352644,0.1441362,0.10598578,1.5360482,2.0545557,0.35239664,0.008985964,0.379385,0.044415306,0.30763248,0.057589665
375316653866487564,4038730891546623360,0.4632464,2360.975319665498,0.027964094109588552,2.3700577E-5,19.548431,0.007045695,null,null,null,null,null,null,null,null,null,null,null,null,0.14413063,0.013420929,0.19148311,0.0040888423,"ELLIPSOIDAL",4,2.5461404,null,null,null,null,null,null,null,null,null,null,null,null
375316653866487564,4038730960265885696,0.44706115,2372.2868481349237,1.3633802430385311,4.0957584E-5,18.567118,0.014486251,0.23940945,0.025117481,0.10487416,0.05223063,0.060004227,0.019197317,0.7828559,0.006754668,0.06802643,0.0081855105,0.21028954,0.013804437,null,null,null,null,"TWOGAUSSIANS",8,4.2428017,0.7828559,0.006755693,0.380948,0.04244608,0.20896854,0.011102423,0.23940945,0.025117481,0.4,0.007970113,0.058678523,0.02001728
375316653866487564,4038731028985541248,0.46922088,2399.9025487495333,2.6940281081425037,5.5793647E-5,19.227907,0.051868632,0.2852864,0.020552263,0.098313026,0.042604685,0.1995512,0.050060123,0.77736014,0.012102265,0.09331336,0.025278553,0.25507224,0.049683392,null,null,null,null,"TWOGAUSSIANS",8,4.6969895,0.77736014,0.012102265,0.4,0.0,0.2416938,0.02816347,0.2852864,0.020552263,0.4,0.0,0.18617204,0.035966218
375316653866487564,4038731058953740928,0.62216413,2352.7650514981156,0.5731653388110538,6.5779177E-6,17.129887,0.002353224,0.3112181,0.0022177019,0.048197895,0.001979828,0.29802516,0.005413269,0.8207142,0.0049427943,0.04961147,0.0125604775,0.115011446,0.15451051,null,null,null,null,"TWOGAUSSIANS",8,2.8586895,0.3112181,0.0022177019,0.2699082,0.011087038,0.29802468,0.0054130005,0.8207142,0.0049427943,0.27782425,0.070338674,0.11501098,0.154511
375316653866487564,4038731132064005632,0.44447654,2361.4134692094526,0.9240946305399658,9.8351775E-5,18.2503,0.021232096,0.24299859,0.064584725,0.06940386,0.08008529,0.11899345,0.030996582,0.7180197,0.0211158,0.041896306,0.01924421,0.2310468,0.19993326,null,null,null,null,"TWOGAUSSIANS",8,25.013496,0.7180197,0.0211158,0.23461932,0.10776758,0.23104244,0.19995518,0.24299859,0.064584725,0.38866162,0.061258703,0.11898912,0.03167081
