Gaia/vari_eclipsing_binary/VariEclipsingBinary_459854-459874.csv
# %ECSV 1.0
# ---
# delimiter: ','
# meta: !!omap
# - RELEASE: Gaia DR3
# - TABLE: vari_eclipsing_binary
# - DESCRIPTION: >
#     This table describes the properties of the eclipsing binaries resulting from the variability analysis. 
# - CITATION: >
#     How to cite and acknowledge Gaia: 
#     https://gea.esac.esa.int/archive/documentation/credits.html 
# - KNOWN_ISSUES: >
#     Known issues: 
#     https://www.cosmos.esa.int/web/gaia-users/known-issues 
# - DOCUMENTATION: >
#     Tutorials and documentation: 
#     https://www.cosmos.esa.int/web/gaia-users/archive 
# datatype:
# - 
#   name: solution_id
#   datatype: int64
#   description: Solution Identifier
#   meta:
#     ucd: meta.version
# - 
#   name: source_id
#   datatype: int64
#   description: Unique source identifier
#   meta:
#     ucd: meta.id;meta.main
# - 
#   name: global_ranking
#   datatype: float32
#   description: Number between 0 (worst) and 1 (best)
#   meta:
#     ucd: stat.param
# - 
#   name: reference_time
#   datatype: float64
#   unit: d
#   description: Reference time used for the geometric model fit
#   meta:
#     ucd: time.epoch
# - 
#   name: frequency
#   datatype: float64
#   unit: d**-1
#   description: Frequency of geometric model of the eclipsing binary light curve
#   meta:
#     ucd: src.orbital
# - 
#   name: frequency_error
#   datatype: float32
#   unit: d**-1
#   description: "Uncertainty of \\texttt{frequency}"
#   meta:
#     ucd: stat.error
# - 
#   name: geom_model_reference_level
#   datatype: float32
#   unit: mag
#   description: Magnitude reference level of geometric model
#   meta:
#     ucd: phot.mag;em.opt
# - 
#   name: geom_model_reference_level_error
#   datatype: float32
#   unit: mag
#   description: "Uncertainty of \\texttt{geomModelReferenceLevel}"
#   meta:
#     ucd: stat.error;phot.mag;em.opt
# - 
#   name: geom_model_gaussian1_phase
#   datatype: float32
#   description: Phase of the Gaussian 1 component
#   meta:
#     ucd: time.phase
# - 
#   name: geom_model_gaussian1_phase_error
#   datatype: float32
#   description: "Uncertainty of \\texttt{geomModelGaussian1Phase}"
#   meta:
#     ucd: stat.error;time.phase
# - 
#   name: geom_model_gaussian1_sigma
#   datatype: float32
#   description: "Standard deviation [phase] of Gaussian 1 component"
#   meta:
#     ucd: stat.stdev
# - 
#   name: geom_model_gaussian1_sigma_error
#   datatype: float32
#   description: "Uncertainty of \\texttt{geomModelGaussian1Sigma}"
#   meta:
#     ucd: stat.error
# - 
#   name: geom_model_gaussian1_depth
#   datatype: float32
#   unit: mag
#   description: Magnitude depth of Gaussian 1 component
#   meta:
#     ucd: src.var.amplitude
# - 
#   name: geom_model_gaussian1_depth_error
#   datatype: float32
#   unit: mag
#   description: "Uncertainty of \\texttt{geomModelGaussian1Depth}"
#   meta:
#     ucd: stat.error;src.var.amplitude
# - 
#   name: geom_model_gaussian2_phase
#   datatype: float32
#   description: Phase of Gaussian 2 component
#   meta:
#     ucd: time.phase
# - 
#   name: geom_model_gaussian2_phase_error
#   datatype: float32
#   description: "Uncertainty of \\texttt{geomModelGaussian2Phase}"
#   meta:
#     ucd: stat.error;time.phase
# - 
#   name: geom_model_gaussian2_sigma
#   datatype: float32
[...]
#   datatype: float32
#   description: "Secondary eclipse: uncertainty of \\texttt{derivedSecondaryEclDuration}"
#   meta:
#     ucd: stat.error;time.duration
# - 
#   name: derived_secondary_ecl_depth
#   datatype: float32
#   unit: mag
#   description: "Secondary eclipse: depth"
#   meta:
#     ucd: src.var.amplitude
# - 
#   name: derived_secondary_ecl_depth_error
#   datatype: float32
#   unit: mag
#   description: "Secondary eclipse: uncertainty of \\texttt{derivedSecondaryEclDepth}"
#   meta:
#     ucd: stat.error;src.var.amplitude
solution_id,source_id,global_ranking,reference_time,frequency,frequency_error,geom_model_reference_level,geom_model_reference_level_error,geom_model_gaussian1_phase,geom_model_gaussian1_phase_error,geom_model_gaussian1_sigma,geom_model_gaussian1_sigma_error,geom_model_gaussian1_depth,geom_model_gaussian1_depth_error,geom_model_gaussian2_phase,geom_model_gaussian2_phase_error,geom_model_gaussian2_sigma,geom_model_gaussian2_sigma_error,geom_model_gaussian2_depth,geom_model_gaussian2_depth_error,geom_model_cosine_half_period_amplitude,geom_model_cosine_half_period_amplitude_error,geom_model_cosine_half_period_phase,geom_model_cosine_half_period_phase_error,model_type,num_model_parameters,reduced_chi2,derived_primary_ecl_phase,derived_primary_ecl_phase_error,derived_primary_ecl_duration,derived_primary_ecl_duration_error,derived_primary_ecl_depth,derived_primary_ecl_depth_error,derived_secondary_ecl_phase,derived_secondary_ecl_phase_error,derived_secondary_ecl_duration,derived_secondary_ecl_duration_error,derived_secondary_ecl_depth,derived_secondary_ecl_depth_error
[from data line 113]
375316653866487564,4044962030051127808,0.52386725,2224.0667784885627,0.34242254688632967,2.8196337E-5,19.174244,0.012605195,0.33575937,0.009246081,0.0878585,0.013171201,0.1894647,0.0142504815,0.87789017,0.0055377726,0.06258791,0.0095126545,0.17894486,0.025446089,null,null,null,null,"TWOGAUSSIANS",8,1.2298404,0.33575937,0.009246081,0.4,0.0,0.18891247,0.014006909,0.87789017,0.0055377726,0.3504923,0.05327086,0.17839284,0.025585024
375316653866487564,4044962579757356928,0.52852196,2242.7490284841615,1.1136386785893175,2.0745394E-5,16.861391,0.007676378,0.15465021,0.0035862767,0.096667744,0.008807649,0.0782072,0.0076983846,0.64101684,0.011716673,0.091634564,0.0144477775,0.14398856,0.01050439,null,null,null,null,"TWOGAUSSIANS",8,3.1180344,0.64101684,0.011716673,0.4,0.0,0.13893327,0.009559084,0.15465021,0.0035862767,0.4,0.0,0.073151745,0.004046042
375316653866487564,4044962992123406720,0.45942062,2147.79188513411,3.4346310454024667,3.8634924E-5,18.585726,0.06481819,0.2883518,0.011924642,0.09324658,0.026121307,0.4067384,0.0838487,0.75098723,0.023264011,0.106882535,0.034471247,0.24525727,0.07395101,null,null,null,null,"TWOGAUSSIANS",8,23.894018,0.2883718,0.0118816355,0.4,0.0,0.3900539,0.094926976,0.75098723,0.023264011,0.4,0.0,0.22855288,0.058432836
375316653866487564,4044963434457342080,0.48807818,2202.7328634268833,2.0442371131074597,3.087806E-5,16.10957,0.045816727,0.29165268,0.006983784,0.080021,0.016228214,0.2098549,0.046371788,0.783234,0.017158736,0.10454587,0.04929645,0.17762075,0.041087274,null,null,null,null,"TWOGAUSSIANS",8,30.360527,0.29165268,0.0069848117,0.4,0.0,0.20137064,0.026992887,0.783234,0.017158736,0.4,0.0,0.16913238,0.045153305
375316653866487564,4044963438751387008,0.50742924,2237.880376217147,0.3396461519751121,2.4240442E-5,19.569462,0.49200547,0.24669456,0.016434923,0.15197319,0.060793344,0.41723454,0.44647673,0.73208576,0.009751105,0.16250686,0.0657273,0.42550886,0.4685427,null,null,null,null,"TWOGAUSSIANS",8,0.69462836,0.73208576,0.009751105,0.4,0.0,0.20856461,0.014896282,0.24895456,0.013429957,0.4,0.0,0.20418061,0.023030685
375316653866487564,4044963576190444288,0.5176726,2215.854722957889,3.275321663846488,2.4429704E-5,19.38142,0.02188041,0.18169837,0.014377603,0.08347725,0.011552567,0.4461303,0.045208745,0.6770625,0.003891947,0.054982644,0.009786809,0.685802,0.29944453,null,null,null,null,"TWOGAUSSIANS",8,4.130799,0.6770625,0.003891947,0.3079028,0.054806132,0.6844594,0.30067113,0.18169837,0.014377603,0.4,0.0,0.44478768,0.044593558
375316653866487564,4044963988555980544,0.5296826,2213.936627256878,0.7127456011677461,1.8545557E-5,17.75874,0.0040694713,null,null,null,null,null,null,null,null,null,null,null,null,0.0945748,0.0044588265,0.26267356,0.0050267475,"ELLIPSOIDAL",4,5.712162,null,null,null,null,null,null,null,null,null,null,null,null
375316653866487564,4044964469544064640,0.5016458,2251.9368542088005,3.534007543509064,3.38193E-5,19.294489,0.03051645,0.23114528,0.01605848,0.06923814,0.025727352,0.32404163,0.035469264,0.7200755,0.007748271,0.06681808,0.009084141,0.4151179,0.04373869,null,null,null,null,"TWOGAUSSIANS",8,6.3292713,0.7200755,0.007748271,0.37418124,0.05058313,0.4144867,0.04267433,0.23114528,0.01605848,0.38773358,0.077562556,0.32341048,0.035383835
375316653866487564,4044964572623527936,0.57358146,2190.397774320599,1.9701469211446392,9.64371E-6,18.201551,0.0037151983,0.21614009,0.0054801423,0.061325636,0.003303621,0.31910607,0.051436614,0.70607185,0.007087154,0.06050621,0.018121636,0.2768915,0.1350714,null,null,null,null,"TWOGAUSSIANS",8,2.0683491,0.21614009,0.0054801423,0.34342358,0.018500276,0.3190131,0.051455654,0.70607185,0.007087154,0.3388348,0.10148116,0.27679855,0.13517918
375316653866487564,4044964606983048064,0.63056296,2226.700958402637,1.8401445291800276,9.217786E-6,17.268637,0.006814034,0.28028676,0.0019224931,0.079911366,0.002102118,0.41163093,0.01109737,0.77232975,0.0026150914,0.07769435,0.003301825,0.43145123,0.010591308,null,null,null,null,"TWOGAUSSIANS",8,4.5658035,0.77232975,0.0026150914,0.4,0.0,0.4267745,0.010536901,0.28028676,0.0019224931,0.4,0.0,0.40695417,0.010609395
375316653866487564,4044964744420875904,0.4261985,2228.249920458326,2.1092987451712926,2.1801769E-5,18.11808,0.408837,0.51053786,0.028488982,0.23533958,0.17394379,0.3105216,0.39575118,0.88105595,0.027159803,0.092624344,0.028624946,0.28177443,0.058809295,null,null,null,null,"TWOGAUSSIANS",8,7.5383253,0.88105595,0.027159803,0.4,0.039459042,0.28209382,0.05091698,0.51128787,0.028232966,0.4,0.0,0.21241423,0.059540715
375316653866487564,4044964946286996736,0.602442,2248.576037864353,0.2701384621012269,1.6348607E-4,17.92705,0.00617023,0.41347867,0.059840918,0.078345284,0.05211552,0.0603523,0.038647592,0.6995718,4.0439723E-4,0.017532546,3.7386312E-4,0.8272054,0.012182246,null,null,null,null,"TWOGAUSSIANS",8,6.65427,0.6995718,4.0439723E-4,0.09818226,0.0020936334,0.8272822,0.0122051,0.41347867,0.059840918,0.4,0.21509904,0.0603523,0.03864761
375316653866487564,4044966015737216128,0.52575076,2222.8016267131316,2.8539389679236495,1.3295074E-5,19.82079,0.01908446,0.22407527,0.0058060745,0.05729786,0.0077628093,0.62224954,0.12794931,0.7298943,0.0054891156,0.06565506,0.0064806724,0.6595235,0.028651966,null,null,null,null,"TWOGAUSSIANS",8,3.1666777,0.7298943,0.0054891156,0.36766833,0.036291763,0.6592529,0.028784476,0.22407527,0.0058060745,0.32086802,0.04347173,0.6219789,0.12849422
375316653866487564,4044966973511034240,0.54840016,2216.2630492121557,2.706318062578655,2.2063341E-5,17.788939,0.07134218,0.28268495,0.005280324,0.1360444,0.031324748,0.25644463,0.06803662,0.7714543,0.01780232,0.11167321,0.025555216,0.270715,0.07641785,null,null,null,null,"TWOGAUSSIANS",8,3.5937936,0.7714543,0.01780232,0.4,0.0,0.20930377,0.02435505,0.28271496,0.0053259884,0.4,0.0,0.19443591,0.0074591804
375316653866487564,4044967557654887168,0.5814319,2187.347378347866,2.6738110861837763,1.0388307E-5,18.418957,0.026094858,0.35299283,0.008317979,0.07584618,0.010197832,0.32907858,0.035493053,0.8500227,0.008631026,0.071825884,0.014296057,0.4071424,0.028322205,null,null,null,null,"TWOGAUSSIANS",8,3.8761985,0.8500227,0.008631026,0.4,0.017200585,0.40493584,0.03006152,0.35299283,0.008317979,0.4,0.013168791,0.326872,0.03337038
375316653866487564,4044967660734129536,0.49456295,2203.1729944339863,0.15193264392160705,1.6735283E-5,18.522717,0.00908544,0.54655683,0.0034700835,0.06776019,0.009475247,0.385871,0.21271323,0.91727996,0.0024841025,0.032823443,0.0044447314,0.13385017,0.01218905,null,null,null,null,"TWOGAUSSIANS",8,1.834914,0.54655683,0.0034700835,0.3794571,0.053061385,0.385871,0.21271323,0.91727996,0.0024841025,0.18381129,0.024890497,0.13385029,0.012189069
375316653866487564,4044967665000297472,0.53981555,2230.4329920488876,0.19585669578914144,2.9479706E-5,19.566357,0.021169037,0.34232703,0.002006011,0.03714702,0.0047303843,0.4547278,0.024356257,0.7986686,0.019353917,0.09650327,0.01895638,0.33794013,0.052706104,null,null,null,null,"TWOGAUSSIANS",8,1.350028,0.34232703,0.002006011,0.20802331,0.026490154,0.454565,0.024369307,0.7986686,0.019353917,0.4,0.0,0.33777258,0.052667323
375316653866487564,4044967836799479552,0.49334034,2243.3987451502676,2.7604754851221274,8.670426E-5,18.891514,0.086818986,0.29504755,0.019188777,0.12047874,0.05814198,0.17922361,0.07131562,0.79442745,0.013139901,0.10414847,0.03781177,0.18081051,0.08099509,null,null,null,null,"TWOGAUSSIANS",8,2.6198297,0.79442745,0.013142012,0.4,0.0,0.15094128,0.027552132,0.29504755,0.019196006,0.4,0.0,0.14929272,0.022835271
375316653866487564,4044968038660287616,0.56795275,2239.3716796379895,2.59076881968295,9.24392E-6,17.43553,0.027151734,0.3175893,0.004158099,0.10116202,0.009220535,0.31601247,0.025571795,0.816104,0.010862905,0.10508804,0.018896168,0.2526593,0.027261231,null,null,null,null,"TWOGAUSSIANS",8,6.6254497,0.3175893,0.004153221,0.4,0.0,0.2867343,0.009984362,0.816104,0.010862905,0.4,0.0,0.22337814,0.017500639
375316653866487564,4044968352196185472,0.56997687,2263.1225728037834,2.5924273691825914,1.98249E-5,19.226608,0.016009783,0.22597411,0.0019979284,0.068632804,0.0038111033,0.46839046,0.021285363,0.72187096,0.010820911,0.07318991,0.008170192,0.47208253,0.069961525,null,null,null,null,"TWOGAUSSIANS",8,3.1996367,0.72187096,0.010820911,0.4,0.014050898,0.4703852,0.07038244,0.22597411,0.0019979284,0.3843437,0.021342179,0.4666931,0.021009026
375316653866487564,4044968970671664640,0.5583614,2281.17962384923,3.6696229959224316,1.8888311E-5,19.15671,0.014759709,0.27075887,0.005415276,0.07340682,0.0057150247,0.5838501,0.031245932,0.7708689,0.009747249,0.07474141,0.01109962,0.47501382,0.051236756,null,null,null,null,"TWOGAUSSIANS",8,3.9937046,0.27075887,0.005415276,0.4,0.0058016903,0.5803235,0.030619921,0.7708689,0.009747249,0.4,0.035153933,0.47148728,0.052529465
375316653866487564,4044969275642029824,0.56389827,2288.530792123512,3.3179282918717568,1.6395075E-5,19.100988,0.019868996,0.27500972,0.001559058,0.06422973,0.0033021127,0.6926288,0.033441696,0.76113236,0.016413743,0.0762989,0.017242435,0.49752232,0.043158304,null,null,null,null,"TWOGAUSSIANS",8,5.2129736,0.27500972,0.001559058,0.35968646,0.01849183,0.69119275,0.03333407,0.76113236,0.016413743,0.4,0.0637994,0.49608627,0.0436463
375316653866487564,4044969722288325632,0.6139592,2193.2668521237906,2.413680874675669,1.3603283E-5,17.908888,0.006304807,0.28624043,0.003487287,0.07510291,0.004213395,0.40829897,0.008346605,0.7855438,0.0027177108,0.07175139,0.0028448189,0.4508446,0.009809969,null,null,null,null,"TWOGAUSSIANS",8,3.5099294,0.7855438,0.0027177108,0.4,0.0045212978,0.4482825,0.009649363,0.28624043,0.003487287,0.4,0.0,0.4057369,0.008047629
375316653866487564,4044970035822820992,0.5278253,2233.511061111562,3.8072114593025246,7.4938725E-5,18.108578,0.0023531143,0.5067112,0.03754941,0.074288726,0.036858946,0.017812615,0.018811615,0.836148,1.758181E-4,0.013332073,2.745367E-4,0.28272623,0.0022407118,null,null,null,null,"TWOGAUSSIANS",8,1.6447384,0.836148,1.758181E-4,0.07465961,0.0015374055,0.28272718,0.0022000305,0.5067112,0.03754941,0.4,0.104624,0.017812615,0.018811643
375316653866487564,4044970272041485824,0.5706424,2198.1254622404854,2.804787246522227,8.370945E-6,17.446814,0.007302448,0.2138943,0.0035620811,0.090690225,0.007444358,0.14446634,0.008121828,0.7121241,0.0068586613,0.085451975,0.006515648,0.193373,0.012482922,null,null,null,null,"TWOGAUSSIANS",8,2.4030828,0.7121241,0.0068586613,0.4,0.0,0.18763214,0.010801585,0.2138943,0.0035620811,0.4,0.0,0.13872543,0.0076479334
375316653866487564,4044970787437618176,0.59393555,2223.9946376994626,2.522160457520536,8.897395E-6,16.58207,0.009265866,0.2198652,0.0015452678,0.068386905,0.0035850592,0.42075402,0.017724752,0.7317056,0.0025855324,0.0750452,0.0031123918,0.35994276,0.011039568,null,null,null,null,"TWOGAUSSIANS",8,13.812667,0.2198652,0.0015452678,0.38296667,0.02007633,0.41942474,0.017976347,0.7317056,0.0025855324,0.4,0.0,0.3586135,0.010688977
375316653866487564,4044971268476625152,0.57605404,2338.652125478625,0.00932550756192039,1.0297898E-6,18.018364,0.0022156662,0.27599287,0.0031361852,0.058022212,0.0055963714,0.13992542,0.0070312046,0.7561961,1.747797E-4,0.0059974506,7.35894E-4,0.49657732,0.17701256,null,null,null,null,"TWOGAUSSIANS",8,1.029751,0.7561961,1.747797E-4,0.033585723,0.0041210065,0.49657732,0.17701256,0.27599287,0.0031361852,0.32492438,0.03133968,0.13992542,0.0070312046
375316653866487564,4044971272820881408,0.576576,2251.9073205881987,0.968779854426632,2.5354926E-5,17.211779,0.0032199495,0.1863,0.010663684,0.025218552,0.013442606,0.22084971,0.3589337,0.6803382,0.012829436,0.030716991,0.023005757,0.10248408,0.021201607,0.023964996,0.0043367874,0.1863,0.010663684,"TWOGAUSSIANS_WITH_ELLIPSOIDAL_ON_ECLIPSE1",9,3.7726634,0.1863,0.010663684,0.1412239,0.075278595,0.26877967,0.36074656,0.6805382,0.012596761,0.17201515,0.12883225,0.15034907,0.02447811
375316653866487564,4044971856895552256,0.42765516,2296.6814337298933,1.0563252951649151,1.3993197E-4,19.791843,0.10322472,0.4940839,0.019891275,0.10219671,0.026293505,0.4739741,0.11003203,0.8406539,0.023390671,0.10285437,0.045038704,0.21116735,0.10813882,null,null,null,null,"TWOGAUSSIANS",8,5.6208286,0.49461392,0.0183179,0.4,0.0,0.4707984,0.113245584,0.8406539,0.023390671,0.4,0.0,0.2087706,0.104613215
375316653866487564,4044972406692994688,0.46966058,2237.2922161968504,3.0799136664984443,8.6596905E-5,16.608345,0.007525025,0.28272337,0.029083893,0.032732986,0.02584488,0.15076219,0.21922657,0.80740446,0.008461309,0.014965425,0.013420098,0.08801619,5.5481139E9,0.09660897,0.01137477,0.80740446,0.008461309,"TWOGAUSSIANS_WITH_ELLIPSOIDAL_ON_ECLIPSE2",9,163.47046,0.28511336,0.030715901,0.18330473,0.14473131,0.33981305,0.22204654,0.80740446,0.008461309,0.08380638,0.07515255,0.28123394,5.5481139E9
375316653866487564,4044972574149475584,0.56951725,2198.2781318463167,2.9146139402967193,1.940848E-5,18.641615,0.014791944,0.23027557,0.006454667,0.047666106,0.013471933,0.33801946,0.17299056,0.73930234,0.0040743584,0.03617035,0.0061155437,0.2923942,0.047178928,0.08031963,0.018324321,0.23027557,0.006454667,"TWOGAUSSIANS_WITH_ELLIPSOIDAL_ON_ECLIPSE1",9,2.7140422,0.23027557,0.006454667,0.2669302,0.07544283,0.4986581,0.17830612,0.73930234,0.0040743584,0.20255394,0.034247044,0.45251665,0.038900893
375316653866487564,4044972578450073984,0.51341385,2211.3204835225833,1.297251198022501,7.896572E-5,19.338312,0.0056756157,0.2336914,0.0069099176,0.047410592,0.010544601,0.98090446,5.704073,0.8851265,1.6565325E-4,0.011527028,9.4861875E-4,0.08785898,0.0029516276,null,null,null,null,"TWOGAUSSIANS",8,0.97763973,0.2336914,0.0069099176,0.26549932,0.059049767,0.98090446,5.704073,0.8851265,1.6565325E-4,0.06455135,0.005312265,0.08785898,0.0029516276
375316653866487564,4044972681529317248,0.5900987,2196.411538722903,3.8641287203714425,4.016467E-5,18.280712,0.0093988,0.24790408,0.00994495,0.06702331,0.007529299,0.5515398,0.029945642,0.75420815,0.050860554,0.076847605,0.053353917,0.44646057,0.11608044,null,null,null,null,"TWOGAUSSIANS",8,5.2691946,0.24790408,0.00994495,0.37533054,0.028053695,0.5495319,0.027945433,0.75420815,0.050860554,0.4,0.2554583,0.44445267,0.11809202
375316653866487564,4044973295703421696,0.45968908,2215.0859298888804,0.5718088957184069,2.1248654E-5,18.687794,0.016282076,0.2223105,0.004003406,0.07481128,0.009621645,0.17954479,0.015537403,0.7130049,0.014012464,0.083790004,0.019695962,0.106672876,0.016761705,null,null,null,null,"TWOGAUSSIANS",8,2.666697,0.2223105,0.004003406,0.4,0.010137691,0.1779832,0.0147039415,0.7130049,0.014012464,0.4,0.0,0.10511128,0.014944064
375316653866487564,4044973742380597632,0.45408255,2232.669031923155,0.38695438052511116,9.638201E-5,18.078854,0.008122844,0.35028154,0.050830208,0.08430005,0.06119437,0.06566248,0.009363281,0.70924217,0.012952619,0.098665655,0.011615724,0.1422754,0.013254749,null,null,null,null,"TWOGAUSSIANS",8,5.726823,0.70924217,0.012952619,0.4,0.0,0.14185561,0.012432199,0.35106152,0.051302295,0.4,0.019750778,0.06542794,0.01027558
375316653866487564,4044974360892276992,0.60233605,2232.995674620507,3.9151903182530354,5.82127E-6,18.533531,0.0066033136,0.21093519,0.0026766777,0.03771831,0.006716457,0.33088833,0.044904333,0.70039666,0.008226309,0.05172701,0.0077969665,0.33185375,0.043998808,0.13976428,0.02030995,0.21093519,0.0026766777,"TWOGAUSSIANS_WITH_ELLIPSOIDAL_ON_ECLIPSE1",9,5.7998357,0.21093519,0.0026766777,0.21122253,0.03761216,0.6104158,0.040273678,0.7019866,0.007062836,0.28967127,0.04366301,0.6103418,0.039990503
375316653866487564,4044974532653021440,0.5793408,2250.645679726278,1.8137742292135206,1.7895693E-5,16.1161,0.03800091,0.33643845,0.0070573175,0.13329214,0.028677767,0.13110703,0.03548826,0.8092526,0.0038042357,0.11449082,0.012831997,0.17586283,0.035387542,null,null,null,null,"TWOGAUSSIANS",8,4.0854745,0.8092526,0.0038042357,0.4,0.0,0.14522909,0.0031664968,0.33658844,0.006863927,0.4,0.0,0.10021712,0.0027501483
