Gaia/vari_eclipsing_binary/VariEclipsingBinary_532721-532732.csv
# %ECSV 1.0
# ---
# delimiter: ','
# meta: !!omap
# - RELEASE: Gaia DR3
# - TABLE: vari_eclipsing_binary
# - DESCRIPTION: >
#     This table describes the properties of the eclipsing binaries resulting from the variability analysis. 
# - CITATION: >
#     How to cite and acknowledge Gaia: 
#     https://gea.esac.esa.int/archive/documentation/credits.html 
# - KNOWN_ISSUES: >
#     Known issues: 
#     https://www.cosmos.esa.int/web/gaia-users/known-issues 
# - DOCUMENTATION: >
#     Tutorials and documentation: 
#     https://www.cosmos.esa.int/web/gaia-users/archive 
# datatype:
# - 
#   name: solution_id
#   datatype: int64
#   description: Solution Identifier
#   meta:
#     ucd: meta.version
# - 
#   name: source_id
#   datatype: int64
#   description: Unique source identifier
#   meta:
#     ucd: meta.id;meta.main
# - 
#   name: global_ranking
#   datatype: float32
#   description: Number between 0 (worst) and 1 (best)
#   meta:
#     ucd: stat.param
# - 
#   name: reference_time
#   datatype: float64
#   unit: d
#   description: Reference time used for the geometric model fit
#   meta:
#     ucd: time.epoch
# - 
#   name: frequency
#   datatype: float64
#   unit: d**-1
#   description: Frequency of geometric model of the eclipsing binary light curve
#   meta:
#     ucd: src.orbital
# - 
#   name: frequency_error
#   datatype: float32
#   unit: d**-1
#   description: "Uncertainty of \\texttt{frequency}"
#   meta:
#     ucd: stat.error
# - 
#   name: geom_model_reference_level
#   datatype: float32
#   unit: mag
#   description: Magnitude reference level of geometric model
#   meta:
#     ucd: phot.mag;em.opt
# - 
#   name: geom_model_reference_level_error
#   datatype: float32
#   unit: mag
#   description: "Uncertainty of \\texttt{geomModelReferenceLevel}"
#   meta:
#     ucd: stat.error;phot.mag;em.opt
# - 
#   name: geom_model_gaussian1_phase
#   datatype: float32
#   description: Phase of the Gaussian 1 component
#   meta:
#     ucd: time.phase
# - 
#   name: geom_model_gaussian1_phase_error
#   datatype: float32
#   description: "Uncertainty of \\texttt{geomModelGaussian1Phase}"
#   meta:
#     ucd: stat.error;time.phase
# - 
#   name: geom_model_gaussian1_sigma
#   datatype: float32
#   description: "Standard deviation [phase] of Gaussian 1 component"
#   meta:
#     ucd: stat.stdev
# - 
#   name: geom_model_gaussian1_sigma_error
#   datatype: float32
#   description: "Uncertainty of \\texttt{geomModelGaussian1Sigma}"
#   meta:
#     ucd: stat.error
# - 
#   name: geom_model_gaussian1_depth
#   datatype: float32
#   unit: mag
#   description: Magnitude depth of Gaussian 1 component
#   meta:
#     ucd: src.var.amplitude
# - 
#   name: geom_model_gaussian1_depth_error
#   datatype: float32
#   unit: mag
#   description: "Uncertainty of \\texttt{geomModelGaussian1Depth}"
#   meta:
#     ucd: stat.error;src.var.amplitude
# - 
#   name: geom_model_gaussian2_phase
#   datatype: float32
#   description: Phase of Gaussian 2 component
#   meta:
#     ucd: time.phase
# - 
#   name: geom_model_gaussian2_phase_error
#   datatype: float32
#   description: "Uncertainty of \\texttt{geomModelGaussian2Phase}"
#   meta:
#     ucd: stat.error;time.phase
# - 
#   name: geom_model_gaussian2_sigma
#   datatype: float32
[...]
#   datatype: float32
#   description: "Secondary eclipse: uncertainty of \\texttt{derivedSecondaryEclDuration}"
#   meta:
#     ucd: stat.error;time.duration
# - 
#   name: derived_secondary_ecl_depth
#   datatype: float32
#   unit: mag
#   description: "Secondary eclipse: depth"
#   meta:
#     ucd: src.var.amplitude
# - 
#   name: derived_secondary_ecl_depth_error
#   datatype: float32
#   unit: mag
#   description: "Secondary eclipse: uncertainty of \\texttt{derivedSecondaryEclDepth}"
#   meta:
#     ucd: stat.error;src.var.amplitude
solution_id,source_id,global_ranking,reference_time,frequency,frequency_error,geom_model_reference_level,geom_model_reference_level_error,geom_model_gaussian1_phase,geom_model_gaussian1_phase_error,geom_model_gaussian1_sigma,geom_model_gaussian1_sigma_error,geom_model_gaussian1_depth,geom_model_gaussian1_depth_error,geom_model_gaussian2_phase,geom_model_gaussian2_phase_error,geom_model_gaussian2_sigma,geom_model_gaussian2_sigma_error,geom_model_gaussian2_depth,geom_model_gaussian2_depth_error,geom_model_cosine_half_period_amplitude,geom_model_cosine_half_period_amplitude_error,geom_model_cosine_half_period_phase,geom_model_cosine_half_period_phase_error,model_type,num_model_parameters,reduced_chi2,derived_primary_ecl_phase,derived_primary_ecl_phase_error,derived_primary_ecl_duration,derived_primary_ecl_duration_error,derived_primary_ecl_depth,derived_primary_ecl_depth_error,derived_secondary_ecl_phase,derived_secondary_ecl_phase_error,derived_secondary_ecl_duration,derived_secondary_ecl_duration_error,derived_secondary_ecl_depth,derived_secondary_ecl_depth_error
[from data line 368]
375316653866487564,4685915530187809792,0.574261,2206.4908489448294,1.3945695289683755,8.920206E-6,17.538387,0.0075857053,0.22447877,0.0024577954,0.052356426,0.0031831611,0.3438827,0.023552647,0.71599865,0.0023901772,0.051987562,0.0036761689,0.5208988,0.05957058,null,null,null,null,"TWOGAUSSIANS",8,10.6880455,0.71599865,0.0023901772,0.29113033,0.020586545,0.5208929,0.059576362,0.22447877,0.0024577954,0.293196,0.017825702,0.34387684,0.023553729
375316653866487564,4685915594718363392,0.4877961,2216.16730325568,1.6761032826104725,3.8560513E-5,19.829079,0.027550489,0.14299369,0.026733693,0.059502136,0.035094835,0.2053703,0.056474935,0.6743836,0.009178543,0.07500635,0.016318915,0.4274103,0.08190409,null,null,null,null,"TWOGAUSSIANS",8,3.603531,0.6743836,0.009178543,0.4,0.05050144,0.42716017,0.08184604,0.14299369,0.026733693,0.33321196,0.12210534,0.20512016,0.05947202
375316653866487564,4685915702044566016,0.48593476,2214.0107479631115,0.37241381894332726,2.9841263E-5,18.002975,0.08997301,0.26535594,0.023851987,0.1807204,0.1722171,0.06171497,0.08326119,0.7047514,0.018274227,0.11311506,0.018930105,0.15765052,0.044442933,null,null,null,null,"TWOGAUSSIANS",8,2.8359542,0.7047514,0.018274227,0.4,0.0,0.1354906,0.008939828,0.26693594,0.023004062,0.4,0.0,0.03592762,0.009129976
375316653866487564,4685915766516951168,0.5181164,2231.3572907179932,1.3034385808249758,1.7354854E-5,19.707106,0.02761883,0.33100498,0.005836513,0.06731618,0.011838623,0.5194533,0.049611162,0.8309587,0.004623736,0.05396653,0.0057876413,0.5771956,0.03245898,null,null,null,null,"TWOGAUSSIANS",8,3.459979,0.8309587,0.004623736,0.30221257,0.03241079,0.57697546,0.03226387,0.33100498,0.005836513,0.3769706,0.06629629,0.51923317,0.04982914
375316653866487564,4685916286162537472,0.5145087,2203.9454609918057,1.0417752348406373,7.132017E-5,19.308296,0.0136090545,0.40510738,0.055743013,0.13179421,0.09553192,0.052288793,0.041884206,0.63068867,6.208862E-4,0.0150221,5.454104E-4,1.6293379,0.048764545,null,null,null,null,"TWOGAUSSIANS",8,3.0102527,0.63068867,6.208862E-4,0.08412376,0.0030542982,1.6413445,0.03766305,0.40510738,0.055743013,0.4,0.024783283,0.052210435,0.042011976
375316653866487564,4685917003449343744,0.45375842,2204.2523135051815,4.896308197490723,1.1815115E-5,19.11585,0.0032527316,0.4783875,0.01655635,0.0194956,0.014262709,0.73623514,0.53879046,0.7878873,0.007899554,0.028191518,0.0059530083,0.37674725,1.331134,null,null,null,null,"TWOGAUSSIANS",8,1.7141032,0.4783875,0.01655635,0.10917536,0.07987117,0.73623514,0.53879046,0.7878873,0.007899554,0.15787251,0.033336848,0.37674725,1.331134
375316653866487564,4685917145155858944,0.4408097,2261.2403296866473,0.22997442028377912,6.203271E-5,19.415224,0.015852803,0.1449493,0.014790194,0.058408912,0.019016797,0.1137618,0.15957695,0.5547848,0.016222365,0.10713167,0.017340193,0.21727762,0.023573356,null,null,null,null,"TWOGAUSSIANS",8,2.8253865,0.5547848,0.016222365,0.4,0.0,0.21670227,0.023287555,0.14510931,0.014835084,0.3270899,0.10649406,0.113331154,0.15985146
375316653866487564,4685917179541777152,0.42109403,2208.014605965958,0.3518149236315188,4.040579E-5,19.559057,0.013607764,0.3055143,0.01657476,0.13989204,0.01670075,0.1603248,0.016974015,0.6336608,0.0146906795,0.030028343,0.012299001,0.17941813,0.02102112,null,null,null,null,"TWOGAUSSIANS",8,4.5469427,0.6336608,0.0146906795,0.16815872,0.06887441,0.18911724,0.022218212,0.3055143,0.01657476,0.4,0.0,0.15978524,0.016513648
375316653866487564,4685917827995299584,0.5936462,2225.926606865681,0.702143808358035,1.219332E-5,19.072506,0.004199548,0.32869697,0.010019655,0.045861945,0.0062824422,0.18015969,0.025329215,0.8170992,7.37068E-4,0.036684416,6.149724E-4,1.1095928,0.017286729,null,null,null,null,"TWOGAUSSIANS",8,2.0009744,0.8170992,7.37068E-4,0.20543273,0.0034438455,1.1095928,0.017286729,0.32869697,0.010019655,0.25682688,0.035181675,0.18015969,0.02532922
375316653866487564,4685917999881283712,0.57929766,2220.344229090343,1.1696499974391346,9.764452E-6,17.544802,0.0070588584,0.19965345,0.0035604388,0.04386239,0.00435948,0.29064324,0.029897394,0.7003446,0.0014010271,0.039754838,0.0018367947,0.37320536,0.015419593,0.043650124,0.0084768925,0.19965345,0.0035604388,"TWOGAUSSIANS_WITH_ELLIPSOIDAL_ON_ECLIPSE1",9,6.621241,0.7003446,0.0013987452,0.22262709,0.01028605,0.46050382,0.0075792614,0.19965345,0.0035604388,0.2456294,0.024413088,0.37794334,0.03069599
375316653866487564,4685918038535192832,0.4701706,2228.794661786017,0.14805707902163392,1.727214E-5,18.379465,0.0050542494,0.78660065,0.0058778003,0.06776408,0.019506192,0.018028928,0.016425729,null,null,null,null,null,null,0.061482407,0.0059087654,0.78660065,0.0058778003,"ONEGAUSSIAN_WITH_ELLIPSOIDAL",6,4.4917326,0.78660065,0.0058778003,0.37947884,0.09253831,0.14097382,0.012510787,null,null,null,null,null,null
375316653866487564,4685918107254638592,0.44782457,2202.0724837198372,1.8359761191893909,9.624567E-6,19.946802,0.009127964,0.51906323,0.015259439,0.100834794,0.01438433,0.32665163,0.04155489,0.8670669,9.0538175E-5,0.0012702867,1.03797545E-4,0.44214523,0.086149424,null,null,null,null,"TWOGAUSSIANS",8,4.163461,0.8670669,9.0538175E-5,0.0071136053,5.8126624E-4,0.44298878,0.0857927,0.51906323,0.015259439,0.4,0.0,0.32664865,0.041556887
375316653866487564,4685918485185554816,0.5092564,2231.0506231118284,0.7455331211131776,2.960537E-5,18.845678,0.0027126563,0.15373485,0.014940093,0.031515025,0.008790286,0.14644483,0.15893656,0.6907124,0.0033843936,0.04428122,0.0028959163,0.24453565,0.023666559,null,null,null,null,"TWOGAUSSIANS",8,1.4196332,0.6907124,0.0033843936,0.24797483,0.016217131,0.24453565,0.023666559,0.15373485,0.014940093,0.17648414,0.049225602,0.14644483,0.15893656
375316653866487564,4685918760006967040,0.44311067,2240.3417958997247,0.20882946193616464,3.1227835E-5,18.524248,0.010026531,0.24364631,0.015648196,0.114997916,0.027174085,0.07782811,0.011652924,0.72988147,0.008283411,0.0777237,0.011868397,0.09683227,0.01244202,null,null,null,null,"TWOGAUSSIANS",8,2.5709903,0.72988147,0.008283411,0.4,0.0,0.09210416,0.010713182,0.24364631,0.015648196,0.4,0.0,0.07308619,0.010325498
375316653866487564,4685918927596478848,0.4930285,2220.1875408025358,0.9745863779263966,2.1412421E-5,19.799833,0.005827511,0.11030254,0.015754111,0.020179763,0.021007536,0.34098342,6.6995802E10,0.6121631,0.0034569455,0.01831777,0.003524204,1.2487024,2.4343674,null,null,null,null,"TWOGAUSSIANS",8,2.279953,0.6121631,0.0034569455,0.10257951,0.019735543,1.2487024,2.4343674,0.11030254,0.015754111,0.113006674,0.117642194,0.34098342,6.6995802E10
375316653866487564,4685919206739478144,0.5407492,2197.3080251510705,0.5765761683074474,1.5395019E-5,16.851927,0.0025694864,0.24291193,0.003223037,0.034938365,0.006683699,0.078958094,0.018455843,0.74279976,0.005380711,0.035795543,0.0057715024,0.11837712,0.0115943495,0.039866604,0.0038771974,0.24291193,0.003223037,"TWOGAUSSIANS_WITH_ELLIPSOIDAL_ON_ECLIPSE1",9,6.045361,0.7428098,0.00517702,0.20045504,0.032320414,0.19811027,0.0108760325,0.24291193,0.003223037,0.19565485,0.037428714,0.15869129,0.019049017
375316653866487564,4685919206739479296,0.60749286,2192.021830216938,0.1853175100625125,7.1700924E-6,13.4365,0.010006074,0.31119034,0.0013429108,0.040506545,0.0021540958,0.5959395,0.028126484,0.8254294,0.00358768,0.04428903,0.0036958074,0.27684104,0.024938883,0.08504949,0.013415466,0.31119034,0.0013429108,"TWOGAUSSIANS_WITH_ELLIPSOIDAL_ON_ECLIPSE1",9,75.76022,0.31119034,0.0013429108,0.22683665,0.012062937,0.7660382,0.022428991,0.8254294,0.00358768,0.24801856,0.02069652,0.44558182,0.013475623
375316653866487564,4685919550337332608,0.47693717,2204.5424596909784,0.36791291498126055,1.2815909E-6,18.311155,0.00459141,0.15118963,8.077173E-5,0.0073796185,1.737445E-4,0.33921564,0.010744576,0.67800295,0.017656464,0.058282603,0.017183093,0.20946823,0.11111606,null,null,null,null,"TWOGAUSSIANS",8,5.962999,0.15118963,8.077173E-5,0.041325863,9.7296917E-4,0.33921564,0.010744576,0.67800295,0.017656464,0.32638258,0.08821563,0.20946823,0.11111606
375316653866487564,4685919820949730816,0.41746005,2215.839126125182,0.23338662928749437,5.764753E-5,19.30692,0.26670286,0.23275438,0.009717954,0.055973116,0.031012658,0.37553516,0.12050636,0.685682,0.024121026,0.095421545,0.30166414,0.18946135,0.16956194,null,null,null,null,"TWOGAUSSIANS",8,12.193712,0.23275438,0.0066168504,0.31344944,0.12762898,0.3748584,0.1332367,0.685682,0.024121026,0.4,0.110273294,0.18878214,0.07973648
375316653866487564,4685919997013710976,0.43683118,2212.429657036687,0.9144554216020533,3.3988777E-5,19.913343,0.011356489,null,null,null,null,null,null,null,null,null,null,null,null,0.11942173,0.014744407,0.23616706,0.010046694,"ELLIPSOIDAL",4,4.942595,null,null,null,null,null,null,null,null,null,null,null,null
375316653866487564,4685920340610800000,0.45837632,2197.9809828446155,0.2056288300051477,1.1371938E-4,18.255585,0.004687652,0.29902405,0.012349771,0.036537874,0.008243679,0.16109566,0.005196284,0.7775349,0.008530639,0.040414434,0.017772034,0.11472095,0.46569684,null,null,null,null,"TWOGAUSSIANS",8,4.0737147,0.29902405,0.012349771,0.20461209,0.046164602,0.16109566,0.005196283,0.7775349,0.008530639,0.22632083,0.09952339,0.11472095,0.46569684
375316653866487564,4685920615488690560,0.47148725,2223.9654917529188,0.2028514313351961,1.2808984E-4,19.25574,0.009241471,0.29832253,0.01957314,0.11830326,0.02896052,0.061048,0.017246038,0.81546515,0.020368373,0.05053378,0.009605496,0.40226194,0.020743845,null,null,null,null,"TWOGAUSSIANS",8,2.65905,0.81546515,0.020368373,0.28298917,0.053790778,0.40061083,0.021377372,0.29832253,0.01957314,0.4,0.0,0.05937783,0.017867772
375316653866487564,4685920821673995776,0.50575924,2243.484434384468,1.1703482471963673,1.9397077E-5,18.601715,0.005466752,0.7594175,0.0040418156,0.03665549,0.005975253,0.24680355,0.04061424,null,null,null,null,null,null,0.03668586,0.008197461,0.7594175,0.0040418156,"ONEGAUSSIAN_WITH_ELLIPSOIDAL",6,4.266393,0.7594175,0.0040418156,0.20527075,0.033461414,0.32017526,0.043464854,null,null,null,null,null,null
375316653866487564,4685920920374376320,0.57053816,2222.429659101222,0.35120776607215176,1.1897573E-4,18.934155,0.005976209,0.22763339,0.0025712284,0.041525368,0.0038852831,0.1422227,0.013350005,0.73384726,0.022849314,0.030536784,0.011093082,0.92898077,0.22811402,null,null,null,null,"TWOGAUSSIANS",8,2.5525174,0.73384726,0.022849314,0.17100598,0.062121257,0.92898077,0.22811402,0.22763339,0.0025712284,0.23254207,0.021757586,0.1422227,0.013350004
375316653866487564,4685920989094040192,0.44652015,2219.754195681658,1.5863454194613433,2.5292231E-5,18.671797,0.0060592163,0.24982251,0.008855145,0.097321674,0.011254297,0.121178426,0.009526392,0.5270799,0.026886802,0.02130586,0.035602268,0.03029056,1.053893,null,null,null,null,"TWOGAUSSIANS",8,2.885653,0.24982251,0.008855145,0.4,0.0,0.12117798,0.0095273135,0.5270799,0.026886802,0.119312815,0.1993727,0.032384407,1.0538524
375316653866487564,4685921405763090048,0.48232302,2197.462281449449,1.8764571253679174,4.4747187E-5,17.203417,0.04826444,0.28905934,0.0027655393,0.057882544,0.004876838,0.1691551,0.014055611,0.76046264,0.016762339,0.20009926,0.13446738,0.041639157,0.046817925,null,null,null,null,"TWOGAUSSIANS",8,3.599283,0.28933933,0.002716118,0.32414225,0.027310293,0.16234422,0.006809403,0.76046264,0.016762339,0.4,0.0,0.030959502,0.0063613034
375316653866487564,4685921440122825472,0.55638397,2184.7874047301457,0.38447558605723636,9.058033E-5,17.695692,0.0065597417,0.2508115,0.061041392,0.038016055,0.06797277,0.035962325,0.013887088,0.83013827,0.013560767,0.023763813,0.004112058,1.0909741,0.4896714,null,null,null,null,"TWOGAUSSIANS",8,4.7023416,0.83013827,0.013560767,0.13307735,0.023027524,1.0909741,0.48967138,0.2508115,0.061041392,0.2128899,0.3383819,0.035962325,0.013887075
375316653866487564,4685921504576287744,0.46774402,2227.484226670936,3.2557614528688057,3.0286796E-5,19.235424,0.0030792574,0.31866732,0.07736301,0.058094446,0.05279237,0.018505245,533.2914,0.72392786,1.0750936E-5,0.0070642657,1.0283018E-4,0.55218154,0.004724546,null,null,null,null,"TWOGAUSSIANS",8,1.1783721,0.72392786,1.0750936E-5,0.039559886,5.75849E-4,0.55218154,0.004724546,0.31866732,0.07736301,0.3253289,0.29563728,0.018505245,533.2914
375316653866487564,4685921508868683648,0.46161455,2220.4814378626565,0.6743016736134614,2.4587585E-5,17.80041,0.01571873,0.17950621,0.0049555427,0.072886035,0.015465627,0.09980678,0.014739249,0.64669573,0.058953866,0.072212435,0.048069347,0.07907866,0.02020412,null,null,null,null,"TWOGAUSSIANS",8,5.7447386,0.17950621,0.0049555427,0.4,0.009377029,0.09959702,0.011205715,0.64669573,0.058953866,0.4,0.16437949,0.078868896,0.018520942
375316653866487564,4685921607572652160,0.44057614,2233.0214449912405,0.23881397853239406,2.5867465E-5,19.230043,0.00489407,0.0766348,0.029736761,0.026231369,0.03600482,0.053410277,174140.0,0.7412993,0.010993647,0.044054113,0.026478944,0.08884269,9.75055,0.058091905,0.0075287865,0.7412993,0.010993647,"TWOGAUSSIANS_WITH_ELLIPSOIDAL_ON_ECLIPSE2",9,2.197506,0.7412993,0.010993647,0.24670303,0.14828208,0.20502631,9.752037,0.085924804,0.152366,0.14689566,0.20162699,0.086616345,174140.02
375316653866487564,4685921848173528064,0.4812899,2213.5163573449145,2.5410584933961307,6.1523847E-6,19.86608,0.006856912,0.6277886,0.006664432,0.01669064,0.006727813,0.06381746,0.007795868,0.87170696,7.6360616E-4,0.015272471,8.271512E-4,0.4583704,0.054275855,null,null,null,null,"TWOGAUSSIANS",8,1.3051431,0.87170696,7.6360616E-4,0.08552584,0.004632047,0.4583704,0.054275855,0.6277886,0.006664432,0.09346758,0.03767575,0.06381746,0.007795868
375316653866487564,4685921985561322880,0.46693018,2203.195244326017,0.042041398896958744,4.0278275E-5,19.089277,0.010287565,0.030220024,0.019638563,0.065281436,0.019989511,0.10887896,0.02621756,0.7834786,0.0065831975,0.011767695,0.0059871655,0.43702826,0.8374564,0.094099805,0.018058209,0.7834786,0.0065831975,"TWOGAUSSIANS_WITH_ELLIPSOIDAL_ON_ECLIPSE2",9,5.5438666,0.7834786,0.0065786676,0.06589909,0.033528127,0.62531394,0.8503018,0.025680026,0.04210397,0.36557606,0.108363636,0.10906746,0.02706803
375316653866487564,4685922780178896128,0.49413177,2207.3790259209486,0.9113339757105497,1.3310522E-5,19.455153,0.010536087,0.20624541,0.008481909,0.06425567,0.007993216,0.3096334,0.046152305,0.71914417,0.0046310415,0.04573006,0.00593255,0.39031377,0.03432143,null,null,null,null,"TWOGAUSSIANS",8,3.5952947,0.71914417,0.0046310415,0.25608835,0.03322228,0.39030108,0.034332816,0.20624541,0.008481909,0.35983175,0.044762008,0.30962068,0.04616149
375316653866487564,4685922878883005184,0.43202722,2223.916219067884,0.5872432761957163,7.860002E-5,17.593718,0.0031494028,0.27266848,0.0133438315,0.046837244,0.011716206,0.053901695,0.012071213,0.7031125,0.015425478,0.096398994,0.011787433,0.05631989,0.008569636,null,null,null,null,"TWOGAUSSIANS",8,4.5828767,0.7031125,0.015425478,0.4,0.0,0.056281503,0.008578367,0.27266848,0.013345201,0.26228857,0.06561075,0.053865947,0.012093405
375316653866487564,4685923020670608128,0.4863101,2186.527579446224,0.4212033265680413,2.4308858E-5,18.246567,0.00517377,0.30219752,0.0062759537,0.039237477,0.007579909,0.15743847,0.013273726,0.8017577,0.011723598,0.031971265,0.013347394,0.18030106,0.0155152725,null,null,null,null,"TWOGAUSSIANS",8,4.399806,0.8017577,0.011723598,0.17903908,0.0747454,0.18030106,0.0155152725,0.30219752,0.0062759537,0.21972987,0.042447492,0.15743847,0.013273726
375316653866487564,4685923158053078784,0.45209527,2203.803102818753,0.23281281790626518,4.95819E-6,19.132719,0.00474127,0.25909066,3.8848992E-4,0.006574816,0.0019419472,0.07103249,0.09305504,0.6569576,0.013246159,0.024676563,0.02173322,0.33611596,29532.34,null,null,null,null,"TWOGAUSSIANS",8,2.221016,0.6569576,0.013246159,0.13818875,0.12170603,0.33611596,29532.34,0.25909066,3.8848992E-4,0.03681897,0.010874904,0.07103249,0.09305504
