Gaia/vari_eclipsing_binary/VariEclipsingBinary_617612-617932.csv
# %ECSV 1.0
# ---
# delimiter: ','
# meta: !!omap
# - RELEASE: Gaia DR3
# - TABLE: vari_eclipsing_binary
# - DESCRIPTION: >
#     This table describes the properties of the eclipsing binaries resulting from the variability analysis. 
# - CITATION: >
#     How to cite and acknowledge Gaia: 
#     https://gea.esac.esa.int/archive/documentation/credits.html 
# - KNOWN_ISSUES: >
#     Known issues: 
#     https://www.cosmos.esa.int/web/gaia-users/known-issues 
# - DOCUMENTATION: >
#     Tutorials and documentation: 
#     https://www.cosmos.esa.int/web/gaia-users/archive 
# datatype:
# - 
#   name: solution_id
#   datatype: int64
#   description: Solution Identifier
#   meta:
#     ucd: meta.version
# - 
#   name: source_id
#   datatype: int64
#   description: Unique source identifier
#   meta:
#     ucd: meta.id;meta.main
# - 
#   name: global_ranking
#   datatype: float32
#   description: Number between 0 (worst) and 1 (best)
#   meta:
#     ucd: stat.param
# - 
#   name: reference_time
#   datatype: float64
#   unit: d
#   description: Reference time used for the geometric model fit
#   meta:
#     ucd: time.epoch
# - 
#   name: frequency
#   datatype: float64
#   unit: d**-1
#   description: Frequency of geometric model of the eclipsing binary light curve
#   meta:
#     ucd: src.orbital
# - 
#   name: frequency_error
#   datatype: float32
#   unit: d**-1
#   description: "Uncertainty of \\texttt{frequency}"
#   meta:
#     ucd: stat.error
# - 
#   name: geom_model_reference_level
#   datatype: float32
#   unit: mag
#   description: Magnitude reference level of geometric model
#   meta:
#     ucd: phot.mag;em.opt
# - 
#   name: geom_model_reference_level_error
#   datatype: float32
#   unit: mag
#   description: "Uncertainty of \\texttt{geomModelReferenceLevel}"
#   meta:
#     ucd: stat.error;phot.mag;em.opt
# - 
#   name: geom_model_gaussian1_phase
#   datatype: float32
#   description: Phase of the Gaussian 1 component
#   meta:
#     ucd: time.phase
# - 
#   name: geom_model_gaussian1_phase_error
#   datatype: float32
#   description: "Uncertainty of \\texttt{geomModelGaussian1Phase}"
#   meta:
#     ucd: stat.error;time.phase
# - 
#   name: geom_model_gaussian1_sigma
#   datatype: float32
#   description: "Standard deviation [phase] of Gaussian 1 component"
#   meta:
#     ucd: stat.stdev
# - 
#   name: geom_model_gaussian1_sigma_error
#   datatype: float32
#   description: "Uncertainty of \\texttt{geomModelGaussian1Sigma}"
#   meta:
#     ucd: stat.error
# - 
#   name: geom_model_gaussian1_depth
#   datatype: float32
#   unit: mag
#   description: Magnitude depth of Gaussian 1 component
#   meta:
#     ucd: src.var.amplitude
# - 
#   name: geom_model_gaussian1_depth_error
#   datatype: float32
#   unit: mag
#   description: "Uncertainty of \\texttt{geomModelGaussian1Depth}"
#   meta:
#     ucd: stat.error;src.var.amplitude
# - 
#   name: geom_model_gaussian2_phase
#   datatype: float32
#   description: Phase of Gaussian 2 component
#   meta:
#     ucd: time.phase
# - 
#   name: geom_model_gaussian2_phase_error
#   datatype: float32
#   description: "Uncertainty of \\texttt{geomModelGaussian2Phase}"
#   meta:
#     ucd: stat.error;time.phase
# - 
#   name: geom_model_gaussian2_sigma
#   datatype: float32
[...]
#   datatype: float32
#   description: "Secondary eclipse: uncertainty of \\texttt{derivedSecondaryEclDuration}"
#   meta:
#     ucd: stat.error;time.duration
# - 
#   name: derived_secondary_ecl_depth
#   datatype: float32
#   unit: mag
#   description: "Secondary eclipse: depth"
#   meta:
#     ucd: src.var.amplitude
# - 
#   name: derived_secondary_ecl_depth_error
#   datatype: float32
#   unit: mag
#   description: "Secondary eclipse: uncertainty of \\texttt{derivedSecondaryEclDepth}"
#   meta:
#     ucd: stat.error;src.var.amplitude
solution_id,source_id,global_ranking,reference_time,frequency,frequency_error,geom_model_reference_level,geom_model_reference_level_error,geom_model_gaussian1_phase,geom_model_gaussian1_phase_error,geom_model_gaussian1_sigma,geom_model_gaussian1_sigma_error,geom_model_gaussian1_depth,geom_model_gaussian1_depth_error,geom_model_gaussian2_phase,geom_model_gaussian2_phase_error,geom_model_gaussian2_sigma,geom_model_gaussian2_sigma_error,geom_model_gaussian2_depth,geom_model_gaussian2_depth_error,geom_model_cosine_half_period_amplitude,geom_model_cosine_half_period_amplitude_error,geom_model_cosine_half_period_phase,geom_model_cosine_half_period_phase_error,model_type,num_model_parameters,reduced_chi2,derived_primary_ecl_phase,derived_primary_ecl_phase_error,derived_primary_ecl_duration,derived_primary_ecl_duration_error,derived_primary_ecl_depth,derived_primary_ecl_depth_error,derived_secondary_ecl_phase,derived_secondary_ecl_phase_error,derived_secondary_ecl_duration,derived_secondary_ecl_duration_error,derived_secondary_ecl_depth,derived_secondary_ecl_depth_error
[from data line 36]
375316653866487564,5432674480256594816,0.61880094,2220.136742086045,3.2314220715655924,6.106122E-6,18.316065,0.015240232,0.22401085,0.0017196481,0.04858305,0.0032208564,0.4224712,0.032331757,0.71959525,0.0036022419,0.054550678,0.0051143467,0.43147284,0.040126216,0.11231034,0.0176192,0.22401085,0.0017196481,"TWOGAUSSIANS_WITH_ELLIPSOIDAL_ON_ECLIPSE1",9,5.330262,0.72007525,0.0031720423,0.3054838,0.028640343,0.6559306,0.02818687,0.22401085,0.0017196481,0.27206507,0.018036796,0.6470829,0.009451287
375316653866487564,5432677405130731392,0.5533024,2270.262477089175,2.936028162073753,7.906698E-6,19.326994,0.005114049,0.23670126,0.0027923961,0.03270685,0.0045435345,0.7631303,0.1499501,0.7362125,0.0016699953,0.03742483,0.0025002498,0.52060497,0.03451326,null,null,null,null,"TWOGAUSSIANS",8,2.6212845,0.23670126,0.0027923961,0.18315837,0.025443792,0.7631303,0.1499501,0.7362125,0.0016699953,0.20957905,0.014001398,0.52060497,0.03451326
375316653866487564,5432677680012130432,0.5546042,2249.955511852791,4.402774120886598,5.3782082E-6,16.023275,0.030857068,0.21333387,0.005790464,0.0673314,0.011897647,0.3072761,0.05736802,0.7056055,0.002351012,0.06337758,0.007455074,0.2856395,0.06134614,0.047037933,0.03251937,0.21333387,0.005790464,"TWOGAUSSIANS_WITH_ELLIPSOIDAL_ON_ECLIPSE1",9,28.91629,0.21333387,0.005790464,0.37705585,0.04613619,0.40097594,0.021773234,0.7063355,0.0019215563,0.35491446,0.041748416,0.37913865,0.014976306
375316653866487564,5432682627811823360,0.6007895,2259.0330651484605,3.222313979276111,3.4435786E-6,18.572725,0.010941811,0.22251225,0.0010611746,0.044296376,0.0029285932,0.46625045,0.04373553,0.7248963,0.0058035334,0.03981766,0.0067993305,0.42313528,0.03625731,0.15733536,0.017915243,0.22251225,0.0010611746,"TWOGAUSSIANS_WITH_ELLIPSOIDAL_ON_ECLIPSE1",9,4.692207,0.22251225,0.0010611746,0.2480597,0.016400123,0.7809211,0.040247884,0.7248963,0.0057815183,0.2229789,0.03807625,0.73773533,0.046758365
375316653866487564,5432686162570067328,0.52835417,2252.3585888296243,0.4824194617009294,5.9323315E-6,19.256693,0.004541538,0.34131643,0.0029789454,0.017457338,0.0031873584,0.9196124,0.34010074,0.6448058,0.005313603,0.005413749,0.001314624,0.3179659,0.45779365,null,null,null,null,"TWOGAUSSIANS",8,2.0818415,0.34131643,0.0029789454,0.097761095,0.017849207,0.9196124,0.34010074,0.6448058,0.005313603,0.030316994,0.0073618945,0.3179659,0.45779365
375316653866487564,5432687403818301312,0.5761694,2267.3549696983646,2.575541330536271,9.772955E-6,15.921875,0.005227507,0.2022563,0.0029754564,0.046418943,0.012400293,0.050513774,0.013243666,0.7067113,0.008508524,0.04697124,0.014804519,0.047528885,0.015007938,0.08327118,0.006872998,0.2022563,0.0029754564,"TWOGAUSSIANS_WITH_ELLIPSOIDAL_ON_ECLIPSE1",9,21.435675,0.2022563,0.0029754564,0.25994608,0.06944164,0.21705584,0.0051467805,0.7067113,0.008360843,0.26303893,0.08290531,0.21394049,0.015708638
375316653866487564,5432688155434887168,0.5296172,2266.123494361541,3.636801032196452,1.26743835E-5,17.131697,0.002306108,0.2424326,0.004172046,0.085823976,0.0047158836,0.10563064,0.0057530343,0.7391746,0.0028585931,0.081953146,0.0037101377,0.12541497,0.0044947793,null,null,null,null,"TWOGAUSSIANS",8,2.8263721,0.7391746,0.0028585931,0.4,0.0,0.12286173,0.004603424,0.2424326,0.004172046,0.4,0.0,0.1030774,0.0059156
375316653866487564,5432688739549530368,0.55286247,2258.5473727919666,2.7078778843166553,6.183753E-6,15.284618,0.017606718,0.27458102,0.003591627,0.108022705,0.009201395,0.29024115,0.017120179,0.77654076,0.0030545462,0.09899811,0.0076266094,0.3112528,0.015472202,null,null,null,null,"TWOGAUSSIANS",8,83.6974,0.77654076,0.0030545462,0.4,0.0,0.27957076,0.011547704,0.27458102,0.003591627,0.4,0.0,0.25854793,0.015785612
375316653866487564,5432689598543086848,0.5612689,2289.654052047642,2.5319361959091253,8.936868E-6,19.336432,0.0062600444,0.29290655,0.0025469551,0.04216424,0.0031231695,0.69915456,0.06145624,0.7903386,0.0013992407,0.039054517,0.0013052957,0.6098106,0.016814984,null,null,null,null,"TWOGAUSSIANS",8,3.470875,0.29290655,0.0025469551,0.23611975,0.01748975,0.69915456,0.061456252,0.7903386,0.0013992407,0.2187053,0.007309656,0.6098106,0.016814984
375316653866487564,5432695272198016128,0.596652,2249.6097748524403,0.38001878031561126,1.0876208E-6,16.877005,9.6835714E-4,0.25724566,1.5499168E-4,0.016408939,1.834186E-4,0.35086283,0.0018379387,0.7845621,0.0029438,0.0064951573,8.382723E-4,0.21824352,0.16028225,null,null,null,null,"TWOGAUSSIANS",8,3.2684255,0.25724566,1.5499168E-4,0.09189006,0.0010271441,0.35086283,0.0018379387,0.7845621,0.0029438,0.03637288,0.004694325,0.21824352,0.16028225
375316653866487564,5432698772594135296,0.567396,2235.005841480784,1.778615611058658,1.460978E-5,16.190279,0.0034794412,0.43215546,0.016733494,0.026805403,0.017121403,0.03309269,0.016470019,0.70539635,0.002274048,0.042264685,0.0025569485,0.6108019,0.034404255,0.0045926436,0.0044538304,0.43215546,0.016733494,"TWOGAUSSIANS_WITH_ELLIPSOIDAL_ON_ECLIPSE1",9,38.275112,0.70544636,0.0022762232,0.23668224,0.01431891,0.6109967,0.034403674,0.43215546,0.016733494,0.15011026,0.09587985,0.042277977,0.018141713
375316653866487564,5432699017409563392,0.5240245,2255.105974193253,0.5078913583358938,3.1425505E-5,15.885623,0.0017537926,0.47039944,0.005422165,0.022159955,0.003991143,0.3652769,0.030521788,null,null,null,null,null,null,null,null,null,null,"ONEGAUSSIAN",5,40.563065,0.47039944,0.005422165,0.124095745,0.0223504,0.3652769,0.0,null,null,null,null,null,null
375316653866487564,5432703926555013632,0.59994674,2229.4143049912072,2.2457353103550854,4.6688533E-6,18.76885,0.0075393664,0.25540176,0.0031308068,0.051910333,0.0058249645,0.11956404,0.018716067,0.7611329,0.0010392193,0.04462492,0.0014352944,0.6004614,0.026635045,0.044896215,0.008935758,0.25540176,0.0031308068,"TWOGAUSSIANS_WITH_ELLIPSOIDAL_ON_ECLIPSE1",9,1.8026174,0.7611329,0.0010392193,0.24989955,0.008037648,0.6901363,0.023726825,0.25540176,0.0031308068,0.29069787,0.0326198,0.2093553,0.011114281
375316653866487564,5432708805635374208,0.47284174,2258.8632881044255,2.0935698869550805,2.4229146E-5,19.087276,0.00548686,0.43948033,0.009534059,0.011979163,0.0067457333,0.055521954,0.044590198,0.90673566,1.7248526E-4,0.00399646,1.9118017E-4,2.6388543,0.44275635,null,null,null,null,"TWOGAUSSIANS",8,6.9887404,0.90673566,1.7248526E-4,0.022380175,0.001070609,2.6388543,0.44275635,0.43948033,0.009534059,0.067083314,0.037776105,0.055521954,0.044590198
375316653866487564,5432712585206694912,0.6885671,2255.83522309894,2.4744604394144623,2.8741692E-6,14.559538,0.0017284688,0.25087357,5.445807E-4,0.04629804,0.0020304378,0.0671302,0.0036368903,0.7484398,0.0021242874,0.04852412,0.0022525778,0.09067789,0.0041487096,0.11404205,0.0023610564,0.25087357,5.445807E-4,"TWOGAUSSIANS_WITH_ELLIPSOIDAL_ON_ECLIPSE1",9,14.714561,0.7492198,0.001415646,0.27173507,0.0126144355,0.31872535,0.0020948912,0.25087357,5.445807E-4,0.25926903,0.011370452,0.295214,0.001715448
375316653866487564,5432713345420695424,0.43065655,2251.1933697012432,2.4012678761951376,4.3777607E-5,15.064496,0.0127461795,0.2699086,0.0051976033,0.06899407,0.0076791327,0.44223997,0.019300515,0.75725156,0.008908415,0.06269804,0.023549585,0.17887528,0.030382475,null,null,null,null,"TWOGAUSSIANS",8,49.55051,0.2699086,0.0051976033,0.38636678,0.029111724,0.44194767,0.019106327,0.75725156,0.008908415,0.35110903,0.07771785,0.17858298,0.031360514
375316653866487564,5432715471424412288,0.50179553,2255.499505094392,3.782329310447547,1.6570837E-5,19.110935,0.0055945325,0.24154045,0.0058627403,0.06188658,0.004447231,0.157472,0.01082384,0.75340325,0.0050741564,0.059953324,0.0050652735,0.19082387,0.007682581,null,null,null,null,"TWOGAUSSIANS",8,1.6527678,0.75340325,0.0050741564,0.33573863,0.028365532,0.19077297,0.007668464,0.24154045,0.0058627403,0.34656483,0.024904495,0.1574211,0.010800807
375316653866487564,5432717159351269248,0.49171472,2255.6480743554353,2.688617108068246,1.8393126E-5,17.105667,0.07483041,0.21177162,0.009526774,0.10795604,0.03311212,0.15231863,0.071497984,0.74152356,0.006167007,0.13739623,0.033276096,0.23493451,0.07228166,null,null,null,null,"TWOGAUSSIANS",8,24.141094,0.74155354,0.0060575143,0.4,0.0,0.19751972,0.018310938,0.21075162,0.008981662,0.4,0.0,0.11570875,0.025330832
375316653866487564,5432718636820373760,0.46070755,2259.456052764143,1.536507467508518,1.1963036E-5,17.303278,0.016060872,0.25065413,0.006852228,0.02488626,0.0058734496,0.3565057,0.111914776,0.7486875,0.004593078,0.03266262,0.006849069,0.3126022,0.043458637,0.039368466,0.020705836,0.25065413,0.006852228,"TWOGAUSSIANS_WITH_ELLIPSOIDAL_ON_ECLIPSE1",9,27.097603,0.25065413,0.006852228,0.13936307,0.03289132,0.43524253,0.11057005,0.7487275,0.0044639,0.18291065,0.038354788,0.3913273,0.045556795
375316653866487564,5432719319715224960,0.49770293,2248.6387703333157,3.73364579639557,1.8071481E-5,17.287489,0.011380502,0.22883594,0.0047972994,0.08687962,0.007365692,0.27218264,0.01701552,0.72852755,0.006619897,0.07755064,0.0103265885,0.27812308,0.024395827,null,null,null,null,"TWOGAUSSIANS",8,25.4611,0.72852755,0.006619897,0.4,0.0,0.27276245,0.026314212,0.22883594,0.0047972994,0.4,0.0,0.26682198,0.016638761
375316653866487564,5432721827976508672,0.51974124,2239.594294090069,1.965940212007624,2.627238E-6,19.738232,0.006243575,0.17368732,0.008181822,0.023858318,0.0058671734,0.06951685,0.028724918,0.5921075,1.471686E-4,0.0038205038,8.041339E-5,2.9122028,0.26274768,null,null,null,null,"TWOGAUSSIANS",8,2.5009563,0.5921075,1.471686E-4,0.02139482,4.5031498E-4,2.9122028,0.26274768,0.17368732,0.008181822,0.13360658,0.03285617,0.06951685,0.028724918
375316653866487564,5432726470840211712,0.5022667,2259.4907822417213,2.751745273920053,2.3259183E-5,14.018942,0.029154865,0.29197118,0.0051720105,0.09670133,0.01259894,0.24212869,0.028032197,0.7855908,0.011349432,0.10117545,0.019640123,0.21253943,0.028295664,null,null,null,null,"TWOGAUSSIANS",8,682.05414,0.29197118,0.0051708743,0.4,0.0,0.22500372,0.012347328,0.7855908,0.011349432,0.4,0.0,0.19541307,0.012283048
375316653866487564,5432727226754522752,0.51995033,2246.5509608039833,1.3761971986949504,9.9647405E-6,16.696415,0.00426639,0.26509595,0.0037002608,0.025985451,0.0053199106,0.2592432,0.059123725,0.76490563,0.0022410303,0.032546826,0.002679538,0.29556623,0.013234119,0.009195266,0.007182253,0.26509595,0.0037002608,"TWOGAUSSIANS_WITH_ELLIPSOIDAL_ON_ECLIPSE1",9,32.002434,0.76490563,0.0022336615,0.18226223,0.0150054125,0.31395674,0.011559891,0.26509595,0.0037002608,0.14551853,0.029791499,0.2776337,0.06031472
375316653866487564,5432731242544488960,0.4731192,2240.731648816834,2.27564588879534,5.9914805E-6,18.42155,0.004108615,0.2577925,0.0015980338,0.023987949,0.0023064797,0.100497484,0.009373882,0.7524126,0.0027069857,0.028395655,0.0018971264,0.20803155,0.014531145,null,null,null,null,"TWOGAUSSIANS",8,7.3693457,0.7524126,0.0027069857,0.15901567,0.010623909,0.20803155,0.014531145,0.2577925,0.0015980338,0.13433251,0.012916286,0.100497484,0.009373882
375316653866487564,5432732002758254848,0.49651515,2257.4575689244425,0.320929354,1.9278689E-6,19.6511,0.008944651,0.32251003,0.016902069,0.027182763,0.008960261,0.09899669,0.032536626,0.7119894,2.3581E-6,3.3854105E-4,8.649304E-6,1.1937968,0.012244396,null,null,null,null,"TWOGAUSSIANS",8,5.2005024,0.7119894,2.3581E-6,0.0018958299,4.84361E-5,1.1937968,0.012244396,0.32251003,0.016902069,0.15222348,0.05017746,0.09899669,0.032536626
375316653866487564,5432736980621327104,0.5332125,2265.287718975013,3.4242929575387264,7.316048E-6,19.300276,0.014016958,0.27668253,0.0034409796,0.072214395,0.0064977356,0.53123707,0.053940937,0.77082497,0.0020508121,0.07491354,0.003929684,0.37984705,0.018757142,null,null,null,null,"TWOGAUSSIANS",8,3.1477463,0.27668253,0.0034409796,0.4,0.00994403,0.5288138,0.05494498,0.77082497,0.0020508121,0.4,0.0,0.37742373,0.01824153
375316653866487564,5432744814641920768,0.60695636,2267.6142367653556,3.355350261791941,2.674891E-6,18.715633,0.0075189243,0.29958797,7.08219E-4,0.042055544,0.0017836125,0.5812182,0.025488483,0.79725045,9.577424E-4,0.044569615,0.0022991053,0.40742967,0.016805053,0.15343156,0.012883228,0.29958797,7.08219E-4,"TWOGAUSSIANS_WITH_ELLIPSOIDAL_ON_ECLIPSE1",9,3.8318594,0.29958797,7.08219E-4,0.23551105,0.00998823,0.8880812,0.02586768,0.79750043,8.5430447E-4,0.24958986,0.01287499,0.7142335,0.01215803
375316653866487564,5432748392353262848,0.57646626,2241.289370872196,1.347530149583414,5.7279226E-6,16.398062,0.00798269,0.2679989,0.0014899411,0.044354063,0.0019375779,0.5296186,0.025848418,0.7577334,0.012263476,0.044757366,0.015475497,0.19045417,0.02960118,0.049763046,0.011713557,0.2679989,0.0014899411,"TWOGAUSSIANS_WITH_ELLIPSOIDAL_ON_ECLIPSE1",9,34.966656,0.2679989,0.0014899411,0.24838275,0.010850436,0.62914467,0.021645367,0.7585134,0.012083232,0.25064126,0.086662784,0.28959817,0.036697213
375316653866487564,5432750106040413056,0.5333584,2231.0616769265666,0.5188767491735025,1.0882143E-6,18.089703,0.0034254754,0.15759818,2.7978974E-6,0.008281287,3.559658E-5,0.9740955,0.0017986678,null,null,null,null,null,null,null,null,null,null,"ONEGAUSSIAN",5,10.261552,0.15759818,2.7978974E-6,0.046375204,1.9934084E-4,0.9740955,0.0,null,null,null,null,null,null
375316653866487564,5432754714546307200,0.4492041,2234.1997897352,2.4218761283771686,2.0265496E-5,16.213858,0.0071613817,0.31239215,0.0108064,0.06693659,0.049178153,0.029360764,0.014278844,0.78175163,0.005745771,0.019125959,0.0083806,0.059892118,0.023326043,0.028201113,0.00813538,0.31239215,0.0108064,"TWOGAUSSIANS_WITH_ELLIPSOIDAL_ON_ECLIPSE1",9,39.379246,0.78254163,0.004602279,0.107105374,0.046931364,0.114255145,0.02454025,0.31239215,0.0108064,0.3748449,0.19536774,0.08573578,0.012967298
375316653866487564,5432764713230015872,0.5313089,2233.8737332631445,3.5138324447655505,1.036913E-5,17.813034,0.009906748,0.2584617,0.0038661445,0.072775744,0.00411138,0.42430592,0.01757145,0.75776005,0.00632854,0.075053774,0.0073209014,0.44111982,0.04810118,null,null,null,null,"TWOGAUSSIANS",8,18.39429,0.75776005,0.00632854,0.4,0.0049968227,0.43832642,0.04872273,0.2584617,0.0038661445,0.4,0.0027385429,0.4215125,0.01720465
375316653866487564,5432766465575832576,0.54439294,2213.499767090705,4.240462253602735,8.453045E-6,16.32068,0.012077087,0.19632208,0.0022906645,0.078329176,0.004423914,0.35740355,0.013716899,0.68478006,0.0029600046,0.0766243,0.0049691605,0.4997067,0.02677086,null,null,null,null,"TWOGAUSSIANS",8,80.691635,0.68478006,0.0029600046,0.4,0.0,0.4960846,0.027492525,0.19632208,0.0022906645,0.4,0.0,0.35378146,0.013253431
375316653866487564,5432771482098619520,0.5950323,2250.541382249874,3.711945549892207,4.606441E-6,15.007533,0.008059289,0.27139473,0.0012537709,0.056705676,0.0041269306,0.2524465,0.017364983,0.81867546,0.010472574,0.030242616,0.006799624,0.073107064,0.016686901,0.10866056,0.010811566,0.27139473,0.0012537709,"TWOGAUSSIANS_WITH_ELLIPSOIDAL_ON_ECLIPSE1",9,93.51857,0.27139473,0.0012537709,0.3175518,0.023110813,0.46975243,0.006970921,0.81867546,0.010472574,0.16935866,0.038077895,0.2717914,0.02392103
375316653866487564,5432773023987956736,0.6144849,2234.5424656767236,3.6344788521071316,4.35018E-6,17.700045,0.0073689455,0.2838206,0.0017987796,0.051265184,0.004136156,0.16265966,0.0173542,0.7860411,0.002536463,0.046253342,0.004564883,0.17463516,0.017118433,0.10305278,0.01122973,0.2838206,0.0017987796,"TWOGAUSSIANS_WITH_ELLIPSOIDAL_ON_ECLIPSE1",9,3.6162722,0.7860411,0.002536463,0.25901872,0.025563346,0.38069898,0.007992919,0.2838206,0.0017987796,0.28708503,0.023162473,0.3687636,0.0074424744
